1.0000000091935726,-0.4458231096126608,0.9558797937110655,0.790279007408472,0.5116436532780391,-0.7736158795605866,0.44143922496323884,-0.4405797235208779,0.6088673059126355,0.8018993598135321,0.99589456399018,0.1411724173370904,-0.9063638492094233,-0.4741251964640936,0.7348784357174094,-0.6169846592478837,0.7483461078072694,-0.9937435606748011,-0.9766898652637189,-0.9688746971346848,-0.5879081905941481,0.7263728897470682,0.9546625682692991,-0.5817194749294757,-0.5794671171054379,0.9516257300801698,0.9562067142898156,-0.08677300840394507,-0.4848144107418438,0.8498227300674521,-0.9647036139111945,0.9747336878049161,-0.5596387793298097,0.66979483337264,0.2909040274649186,-0.974540885695161,-0.2513501623916841,0.9268270061582724,0.10799403433501459,-0.30100218257220634,-0.9729528681965349,-0.6137278631049037,0.9955794659308801,-0.9983564493710643,-0.9973378646446402,0.4817208569184678,-0.992334390295722,-0.5478756834501863,0.5394129584308548,-0.7055192340589496,0.1191264459701027,0.8754072355644811,-0.6602174960739366,-0.3905867289072846,-0.9911047429056574,-0.3511045393841437,-0.9996077469193914,0.157359192905712,0.052738590295171923,0.3341897118629794,-0.07469116996740732,0.9860346573625972,-0.17294258600858434,-0.9999434149634673,-0.9150707530665655,0.013815737449259957,0.14271706643685902,-0.6116127490076958,-0.3440624301846189,-0.9869154115135073,-0.3264639948757392,-0.755644865501343,0.21574720050756388,-0.9820808992568778,0.7021378955658224,-0.08416211112690128,0.23317256351892884,0.2761077002080041,-0.9241673579453402,-0.9386724800011332,-0.9752468304164732,-0.9938248576702329,-0.8210627598640788,0.5638701467730598,0.42961582604290766,0.16679534579398375,-0.9907225536440952,-0.8173552989714463,-0.9774113624224514
-0.4458231096126608,0.9999999989972359,-0.3610610396941984,0.17082416325782057,0.1180955896997083,0.5475860705136603,0.4678889567507656,-0.36622622102672037,0.32383841734769264,-0.725749982012004,-0.4858603054558969,0.702315795849076,0.11974678412964558,-0.3834632376633748,0.14379411265229947,-0.27489531589108157,-0.11531434544800952,0.406898298815278,0.47948282402139875,0.6128083794980401,-0.3890002776702022,-0.9349568111493868,-0.16742357448856351,-0.42580829488316446,0.8029682317657323,-0.1894499302544861,-0.6870892584466022,-0.5004306582738951,-0.35169981572697756,-0.6771680219910433,0.22818248418981268,-0.2345625441477702,-0.230819317295519,0.06600558823019027,-0.3989108777112946,0.5271295566690541,0.7844600334148008,-0.7446437857553978,0.5972195613943382,-0.4231170143350506,0.3411464594970075,-0.4290212075456546,-0.3665590731748009,0.41183379226324673,0.47831443060960604,-0.8521131616429216,0.4779004499886665,0.5437502190355945,0.3452447899780363,-0.21560339289615416,0.2066032457526119,-0.16707600858773503,-0.226467531020561,0.2628743923835731,0.5067591886902052,-0.39752668454606604,0.44789756336199815,0.49001179225790387,0.35293815946023316,0.5605453071986964,-0.6628124138073703,-0.5229868836629246,0.9473650434875766,0.44607794189794486,0.7689698927611279,0.8749465940946692,0.5901257864492829,-0.041626875492889834,0.9935415736281221,0.5490562357419867,0.8173225857261047,-0.2008937835349326,0.6741771232001457,0.27261160295624015,-0.94381870160235,0.6804080795215152,0.4544046476172578,0.573781389044723,0.6189050254258148,0.5588409759091215,0.4887132387273223,0.41135513027234233,0.7938223174642385,0.277413346225206,0.41285491485777576,-0.9106557084549392,0.5054396257332565,0.7799489272471619,0.4969911174111579
0.9558797937110655,-0.3610610396941984,1.0000000091515318,0.7454932377351172,0.298787763961977,-0.5545418257498965,0.332568967094942,-0.649288106354227,0.5072520608031332,0.8599319258415252,0.9706548746699042,0.055009638663909885,-0.8101522114477199,-0.33710688037120906,0.6191016988589192,-0.4944393658546809,0.9086465562534128,-0.9231456665138075,-0.8705178745723334,-0.87069157271178,-0.7156055113762472,0.6672236283288834,0.9124994471474691,-0.5333697773549727,-0.6640039839943317,0.9742644237535044,0.9008858559404882,-0.35262943608405006,-0.33815152079397004,0.9043326022451513,-0.9772383747385713,0.9476600798528205,-0.3941763414700607,0.8465855120705694,0.5147380845502872,-0.9806358303906578,-0.3593807004201091,0.8412237487360182,-0.03919205057820887,-0.12737408200768818,-0.8787321835494423,-0.619593141796112,0.9685238425956408,-0.9695053608427534,-0.9327422016349827,0.5541041399231377,-0.9123115949295132,-0.7176270324806469,0.41233182827097903,-0.6066546662283011,-0.13532927898916758,0.9727904828443726,-0.5381843683791476,-0.6266642562137561,-0.973886209078925,-0.1806249404731332,-0.9472469817028452,-0.021545026423361806,-0.17683331731050425,0.23193411002353154,0.04974473455507827,0.9750630848379543,-0.1394957479387869,-0.9591102292074116,-0.8448502269091325,0.03476344494177682,-0.0006252482966577122,-0.8119691371195683,-0.2679922908186371,-0.9044106930349861,-0.4210566204832588,-0.6917165031796285,0.13749852405390814,-0.941223645078343,0.5908723632495063,-0.22484249675654136,0.05588179958968119,0.16009466013325968,-0.9531564967878661,-0.9732727637299713,-0.9884031663433305,-0.9825092573369174,-0.8389544337740118,0.41766166228140555,0.28906755464812345,0.1811976351089027,-0.9747961657001933,-0.844652628578311,-0.9862418016882467
0.790279007408472,0.17082416325782057,0.7454932377351172,0.9999999953427539,0.7716151838203896,-0.5879732980077459,0.8755712417743403,-0.5975429261110767,0.9494497164628504,0.31351585698451434,0.7453835448100697,0.7031064039913534,-0.953202133277965,-0.8693946615514287,0.9672127694619469,-0.9371948441804117,0.6203735432339386,-0.8281065466875521,-0.7815546540058351,-0.6739225742343986,-0.8245597836834049,0.16043108919445973,0.9365946155668283,-0.9577191485463867,-0.0025131889862059055,0.8758789874873643,0.5801673866880268,-0.2744814626103521,-0.8647285585593424,0.401642759088548,-0.8691643367838441,0.901073787381284,-0.8721396067846692,0.6530820152664889,-0.11309101871433812,-0.6730238726349174,0.3527531956507016,0.5275305625684921,0.6327237972574807,-0.7347247585641273,-0.8673930836935123,-0.959372006435122,0.8303799748229169,-0.80259072682682,-0.7777125095238033,-0.12949354363452042,-0.7825967265993428,-0.0962689551861926,0.9062714009919433,-0.9753360055130634,0.4385179991462003,0.7612951145494496,-0.9492286789614914,-0.08223935300220923,-0.7202980365448496,-0.7685574586322158,-0.7937004611683689,0.6307350730638549,0.4542086049887431,0.8212327943053871,-0.6284417818665492,0.6993535344082829,0.4605625514483474,-0.7878902248955346,-0.48776890442655957,0.618553141920761,0.6626035961666084,-0.5580262838369148,0.28140817859829265,-0.7281729087661108,0.28640576494768855,-0.9963117327529594,0.7583973155101911,-0.8910535350579198,0.16180183206055343,0.48039774214242853,0.6861651109390527,0.7769578867745452,-0.5392611435870107,-0.5936153812982368,-0.6963177005279952,-0.7867107960732598,-0.312078428263543,0.8971113255021941,0.8445096394016521,-0.47222687638704747,-0.7199819399266304,-0.3117924925651458,-0.6956052386333336
0.5116436532780391,0.1180955896997083,0.298787763961977,0.7716151838203896,0.9999999918996303,-0.7622880048911042,0.8994994898151009,0.023216682611606736,0.9005073249015819,-0.08124773121902085,0.4318442245591777,0.7858535184823813,-0.8003311446825819,-0.9427246239993264,0.9075205375704212,-0.9305994318786681,0.003945503297813356,-0.6040309179888702,-0.6410113847544832,-0.527345994806092,-0.31056628551381893,0.04680874954047372,0.6566044539383975,-0.8047884823246414,0.3548566162725018,0.465535707582141,0.3548135927343929,0.3314971669479235,-0.9553404503988641,-0.007397933876155785,-0.4764838788169775,0.5859335950264428,-0.9784140332582445,0.02389762619693327,-0.664313747074508,-0.30594069258515416,0.6302065590192198,0.378898757962362,0.8592478478156349,-0.9489817748627423,-0.6963064516195002,-0.6826178782733596,0.5141899190559294,-0.4914510989708193,-0.5438154550509012,-0.4208469395910807,-0.5822475391159228,0.43734924089975813,0.9356474562702639,-0.8886371005318864,0.901670321680115,0.22659681503552676,-0.9272166715562823,0.5406757940270172,-0.3933489150609621,-0.9580522120079897,-0.5321916021882056,0.9086543636159513,0.8845309192681927,0.8687487849008656,-0.8178894870397747,0.36248506384838125,0.40849269187670384,-0.502536011665826,-0.3135736425218223,0.5225767313984649,0.8679830578639067,0.09522193116479953,0.20681334057136572,-0.5389129362405424,0.5640853821054427,-0.8191319782078482,0.7971334092506255,-0.603330793086977,0.1649539538363941,0.7646425726459494,0.9328996949180158,0.8747795272963952,-0.1500875977182098,-0.18397265536377688,-0.3124002628785054,-0.4414059846371352,0.004287815618254229,0.959743266176897,0.9409765343219858,-0.5177566793807372,-0.39046435191326484,0.02313833049314539,-0.32014872405340017
-0.7736158795605866,0.5475860705136603,-0.5545418257498965,-0.5879732980077459,-0.7622880048911042,0.9999999992387596,-0.47144692552775147,-0.1808143017962255,-0.5763613723300894,-0.45709208210106106,-0.7350486841444243,-0.21104316708393436,0.7941245031313161,0.5581287404302093,-0.7021406418780648,0.6292218105642753,-0.1586340187929898,0.8213238382613373,0.8903984952557727,0.8799650864850534,0.08062831935840575,-0.6696427888178439,-0.7168870261875303,0.43955280459380586,0.2651549569737315,-0.5820573400462223,-0.7889365365837905,-0.5388924177080436,0.5877388772102216,-0.491210646316099,0.6147477079500004,-0.7040943015241621,0.685202793285739,-0.058487328698143194,0.24436554494939658,0.6596138262603517,0.0033278760947885195,-0.8378032625734702,-0.3253712831485675,0.5193530181871011,0.8515105250471625,0.3471929743743796,-0.7285889331292665,0.7379182849646249,0.8171664925421815,-0.23157116286785892,0.8459811456640848,0.04583703715050395,-0.5827518432562449,0.6420232301092289,-0.5884089570732117,-0.375667121112496,0.6600870544485902,-0.21702760823375555,0.7170434941667466,0.5472431996220389,0.7906346280968286,-0.4321386200913955,-0.48159138484831376,-0.38079558001490327,0.25109805065475704,-0.7021534527089537,0.2606397597918837,0.7667316957024632,0.8002923644180591,0.10822371393187405,-0.34035077661824026,-0.02594693086748657,0.46340136794250564,0.8536329317509497,0.08242978262640512,0.6029257870357413,-0.24500897840124677,0.7406848267711991,-0.7631232708338803,-0.18103192169138393,-0.4806298264192039,-0.37085878806456424,0.5872746471396032,0.5799046912582476,0.642157395291334,0.698501231168084,0.5586187800274727,-0.6439815691696561,-0.5343158220926427,-0.1541118950864487,0.7139998489407767,0.5355085384315615,0.6532419056270199
0.44143922496323884,0.4678889567507656,0.332568967094942,0.8755712417743403,0.8994994898151009,-0.47144692552775147,0.9999999907022091,-0.3384064918822387,0.9804272322113718,-0.1697443760642105,0.36575566855318603,0.9485859290169614,-0.7763015206980288,-0.9936807244713354,0.9307101033435936,-0.9762970330757043,0.20074405952849528,-0.5211553202262069,-0.4998589763543672,-0.34972488252073236,-0.6213786150087137,-0.22623256353947213,0.672766697581227,-0.963780065735309,0.4691369864387439,0.5342422102172673,0.19148324772669958,-0.08583113832620637,-0.9883528853669349,-0.0780182269809134,-0.5248484372317164,0.5967210513624984,-0.9636182771033384,0.2854200051580057,-0.5524055278397438,-0.2531176870849831,0.7542890974102544,0.165625241277849,0.9278215303703939,-0.9590318065658127,-0.6103765737840193,-0.8964945641447053,0.4848350090782305,-0.44615953064289093,-0.44388998176851224,-0.5733942498473984,-0.46760166978919215,0.39280804862616836,0.9909501127863566,-0.9472704366741912,0.7463158160653548,0.3629947840365045,-0.9627233356427347,0.3621908687925456,-0.32740262121946095,-0.9684979023388571,-0.4536555429706985,0.9189561558209987,0.7917857247760366,0.9929600602253784,-0.9248570170565854,0.2965120043169988,0.7250179522407375,-0.4352965221474515,-0.1053562667076071,0.8255442293568148,0.9417990150672673,-0.17360676382759382,0.5581142644680063,-0.3984162972977178,0.7026112464786812,-0.9110981015619398,0.9666500816650229,-0.5899348353499502,-0.16196144794990686,0.8440795792591068,0.9418874070757487,0.9838797046533373,-0.08312007626914533,-0.14321681105339137,-0.2785766623009551,-0.41198410003895103,0.14969366478361762,0.9782730156278339,0.9930485195639336,-0.7788568315772134,-0.32609585047273737,0.15578936300432167,-0.2798999326927796
-0.4405797235208779,-0.36622622102672037,-0.649288106354227,-0.5975429261110767,0.023216682611606736,-0.1808143017962255,-0.3384064918822387,0.9999999979218811,-0.4090982825675925,-0.3724052722127281,-0.45915051602973955,-0.2796310931925749,0.4204114771111522,0.2564018460928939,-0.3809257665351379,0.342818360811986,-0.878361992317629,0.39637041776368953,0.2654225654447409,0.20814294143038176,0.9430805706145898,0.05834700861898344,-0.5546064012662459,0.5610400973611895,0.22038305992400317,-0.6867304140585898,-0.25630202845664285,0.9254157965642192,0.2264375529703875,-0.42667405057560504,0.6539554951716133,-0.5691992182555643,0.17905822279067396,-0.9490537368019271,-0.5212373503506192,0.4917971965137233,0.029762695976327556,-0.13556502745977073,-0.06205936145647961,0.061007698489173444,0.3612888831065489,0.7094702920193214,-0.51677362176221,0.49136159767580573,0.3755702258270165,-0.09208930620303307,0.33719006959677456,0.5224931101385021,-0.3092955418376211,0.4336467795208866,0.3737297216385611,-0.8078420349397287,0.3521746693121123,0.6963514316513336,0.4626624314023395,0.09345934844967589,0.42066491572727593,0.026947337989850505,0.2929239830292541,-0.3186788511572891,0.121654369738009,-0.4643891630137826,-0.43387001643878187,0.4478239064175473,0.14849789463573937,-0.5121962296676111,-0.09381738911838317,0.9445680598322513,-0.42180693803986086,0.29046903530974666,0.04038776941722321,0.5433389350292739,-0.3403689131099616,0.5240731284004068,0.19898856579842517,0.028332564754473797,-0.016681200144033754,-0.24976881181820762,0.45682338118731736,0.5118394730333518,0.5281911552182865,0.5275964757823853,0.2614583648597399,-0.24987100294652972,-0.22938018855852366,0.3118133231573177,0.46596220477532696,0.28698029475825443,0.5158221388532958
0.6088673059126355,0.32383841734769264,0.5072520608031332,0.9494497164628504,0.9005073249015819,-0.5763613723300894,0.9804272322113718,-0.4090982825675925,0.9999999918710148,0.027285337742786863,0.5416564555497236,0.8703646465311649,-0.8835695566852675,-0.9803805420334423,0.9824648183585275,-0.996916065495677,0.35107629739836316,-0.6769759577555898,-0.6523084631549538,-0.5174121196458001,-0.6886262842701382,-0.04603518686452187,0.8049794466629581,-0.9822166650460952,0.2863056864885939,0.6846336418586504,0.37618705327266305,-0.11019901445136465,-0.9774340409959729,0.11920134436928136,-0.678564045501494,0.7425168645066921,-0.9707092126781794,0.41021251438100814,-0.415665990944472,-0.43848282853580833,0.6104708501809596,0.3450627430949187,0.8412276072467463,-0.9096843603537573,-0.7505325118241647,-0.9323439161558239,0.6474798162712494,-0.6135606343230176,-0.609321613753355,-0.40113264567022294,-0.6284732013801171,0.22050477958583325,0.9927638670724096,-0.9917378349602909,0.6761077998808575,0.5197332476396794,-0.9943046687241585,0.2238996329775876,-0.5069199524059594,-0.9292284416729024,-0.6191931217955838,0.8423462828902799,0.7034716637784246,0.9511186766308142,-0.8325861635426608,0.47866554214395873,0.6094424238960174,-0.6035687286167796,-0.28970836330279376,0.7390117493181944,0.8614672884372244,-0.29929574521896896,0.42588789929369203,-0.5655685503120874,0.5488175731647799,-0.9724392467208364,0.9031728943394652,-0.7373111793453676,0.0029693743696042763,0.7250845303869923,0.879405394087976,0.9295826667315661,-0.277443512186266,-0.3344174806305801,-0.4616926555366897,-0.5831304730895313,-0.04707599263487451,0.9857530356687941,0.9698997914015295,-0.6560349619117216,-0.5057454967021837,-0.04136577281176895,-0.46310164469848913
0.8018993598135321,-0.725749982012004,0.8599319258415252,0.31351585698451434,-0.08124773121902085,-0.45709208210106106,-0.1697443760642105,-0.3724052722127281,0.027285337742786863,1.0000000057046678,0.8514996971436795,-0.45478448153411744,-0.4754148879996692,0.14344032612562016,0.1874857052735379,-0.028917539086031938,0.7670213242931846,-0.7350971716537839,-0.7128983193204265,-0.798058910292336,-0.3255469271606051,0.8976669108169415,0.614903970391457,-0.032352555338241155,-0.9499153553617233,0.724534463539201,0.8989068318331529,-0.16563186625264964,0.13308423753197837,0.9954987714729367,-0.7397108265094869,0.6892536708375853,0.045625012205129274,0.6385266412407813,0.7505267510959436,-0.9102579540041266,-0.775042175906698,0.8684891760942864,-0.5065775336294673,0.32773046342921186,-0.6481299238229324,-0.13249258824289206,0.7789626121708256,-0.8043270857114772,-0.7880748256163512,0.900548148644843,-0.7613047435762461,-0.9091916918723844,-0.06626150580298071,-0.15346426962853468,-0.43524730596683053,0.7788317077410883,-0.08427278182313025,-0.7505315666482606,-0.8729803497696409,0.2774983423605756,-0.7903394226273052,-0.46226165560359855,-0.5231536390372246,-0.27903683839331644,0.530489251931008,0.8888654559000586,-0.6069615544246991,-0.8070284575423723,-0.8989307610811618,-0.470004865590006,-0.47544179797721986,-0.6531786480738191,-0.6732370760670721,-0.7957275120778396,-0.8195029984998613,-0.2457478317415222,-0.38090768809919634,-0.6949403542920861,0.8087503244776867,-0.6622257098678235,-0.3928646676933416,-0.34307104239341496,-0.967952095762485,-0.9502951987061112,-0.8990299907280659,-0.8279783379326007,-0.9902842904776213,-0.04091736755577928,-0.19306371400608563,0.6546374082765329,-0.8739447052085533,-0.9942509160712063,-0.898591911070216
0.99589456399018,-0.4858603054558969,0.9706548746699042,0.7453835448100697,0.4318442245591777,-0.7350486841444243,0.36575566855318603,-0.45915051602973955,0.5416564555497236,0.8514996971436795,1.0000000113594467,0.06182123039563718,-0.8661292980246902,-0.3962182667447369,0.6740208055485054,-0.5474998026751406,0.7817738336632729,-0.9796642426433472,-0.9587355699935288,-0.9632211120217902,-0.5789553803878406,0.7614731510908822,0.9315063387620689,-0.5221408018861986,-0.6476653949948473,0.9478697686286007,0.9680986409241429,-0.1198864979879034,-0.4063696414144201,0.8936355012972147,-0.9607428156255938,0.9601854547705237,-0.4831708519072416,0.6962112499071835,0.3743306925530353,-0.9908243779124049,-0.33286922372267336,0.9354806761902132,0.02064990264571077,-0.21452564383498496,-0.9480582779803414,-0.5678967219366754,0.9903339493616049,-0.995920521884474,-0.9901211397272013,0.5527289486643459,-0.9810032128850946,-0.6208334001634938,0.46541345670136075,-0.6446737271901279,0.03130057549036488,0.8923085283699126,-0.593384935721329,-0.46471201924266337,-0.9990915975958911,-0.2661264584138153,-0.9934086860504676,0.06809181700629315,-0.037511341623703426,0.25612372922348053,0.010485384756620171,0.9970621385059676,-0.22995800231380834,-0.9967462801888255,-0.9300297885416384,-0.04593745848723769,0.056072889754517456,-0.6477440624226889,-0.38856111379179065,-0.9803398054549197,-0.40486471483628184,-0.7041621542549893,0.13876658439729753,-0.9664175239428606,0.7242874717186265,-0.17106931537916986,0.1450809194894902,0.19476913687801814,-0.9548015220815248,-0.9660011000827984,-0.9905802722616692,-0.9962531364869786,-0.864291292921914,0.4890817575925165,0.34968214819360766,0.23429165868314905,-0.9989734700813423,-0.8622116784756261,-0.992125710083822
0.1411724173370904,0.702315795849076,0.055009638663909885,0.7031064039913534,0.7858535184823813,-0.21104316708393436,0.9485859290169614,-0.2796310931925749,0.8703646465311649,-0.45478448153411744,0.06182123039563718,0.999999989978085,-0.5385797316275323,-0.923364116740944,0.7672880221898088,-0.857840286868459,0.006232252981715811,-0.2268342214759659,-0.20012076967259704,-0.03546045027377087,-0.5281703267643274,-0.5206788241261281,0.4181872682999566,-0.8738590546700857,0.7090338075614989,0.27869747936152883,-0.12823414701631966,-0.1310277214075632,-0.9113273722702607,-0.368781609260712,-0.2611385562564047,0.3291403709812337,-0.8530077534441846,0.13287427182710415,-0.6694363144080813,0.050231266096910275,0.91139298798922,-0.15454840664619307,0.9732989950138289,-0.9353332132694813,-0.3289245776525984,-0.8000178232860767,0.19576804773738463,-0.1507620317262433,-0.13991537738552168,-0.7957207720471088,-0.16465522896831505,0.5914377330518736,0.9001017133469345,-0.8002059973711696,0.7388495378511337,0.130027744502924,-0.8277023678995465,0.48646986741309456,-0.022169133968813096,-0.9294363821285281,-0.15309929201555114,0.9385585302799585,0.8191029388280409,0.9793622966357559,-0.9869756428156131,-0.009399989399151258,0.8854588478264344,-0.13506742656490328,0.21472412750639894,0.9311876446038927,0.9779775478644425,-0.032614152251888934,0.7667527189418086,-0.08791478746997558,0.8823522599691183,-0.7505214997854144,0.9964704581548295,-0.31561477739826,-0.45241848808568674,0.9469152288869132,0.938579997973877,0.9858902731704565,0.21896504464049424,0.15486005541599382,0.02006050073325859,-0.11803109363038616,0.4485065256280682,0.8727228958164257,0.9371952764106755,-0.9324767299474607,-0.021140137821891232,0.45182420841890214,0.020362739939879436
-0.9063638492094233,0.11974678412964558,-0.8101522114477199,-0.953202133277965,-0.8003311446825819,0.7941245031313161,-0.7763015206980288,0.4204114771111522,-0.8835695566852675,-0.4754148879996692,-0.8661292980246902,-0.5385797316275323,1.0000000003369416,0.8017223309666571,-0.9523947110572193,0.891373925238386,-0.5838762058074393,0.9425474908700797,0.9278146666996877,0.8538252982143372,0.6652887633429506,-0.41941633316063776,-0.9774349643371215,0.8470388208983626,0.1808666478488605,-0.9012348199703888,-0.7662224437560295,0.048867924618153556,0.8086613821705679,-0.5506103253905111,0.9081207108272028,-0.9547151385507902,0.8536300043267482,-0.5634816650064346,0.0849155825471622,0.7949688336289857,-0.1808432712283319,-0.7398127488715264,-0.5175923175867525,0.67182041784209,0.9722561493704013,0.8291992051726275,-0.9193933675351031,0.9044198132187666,0.9094510632531068,-0.06811647457110638,0.9194421867390642,0.17667287332133486,-0.8443922401515921,0.9360065480590729,-0.46467674957220906,-0.7572505215291323,0.9155261811723054,0.0675353316493941,0.84413925418408,0.7105717808779182,0.9130871451870255,-0.5542382564175046,-0.43372541063677467,-0.6967321282841229,0.48862246966699957,-0.8256183689235793,-0.19599615714687524,0.9029498749126833,0.7017668875841493,-0.37414054524457824,-0.5474445155804553,0.46834102505373054,0.0065033106348398925,0.8852372756918964,-0.10258478813295104,0.9483971459427544,-0.5974225470235758,0.9594431619172882,-0.44096318566147574,-0.34428751532152385,-0.6173126406664025,-0.6545649013216733,0.6794630451183469,0.715389809485126,0.8054902334097982,0.8826762584616346,0.5053860010965996,-0.8594959078602672,-0.770906083532659,0.2333788315676559,0.843043860402769,0.49828840628140814,0.8084160018708212
-0.4741251964640936,-0.3834632376633748,-0.33710688037120906,-0.8693946615514287,-0.9427246239993264,0.5581287404302093,-0.9936807244713354,0.2564018460928939,-0.9803805420334423,0.14344032612562016,-0.3962182667447369,-0.923364116740944,0.8017223309666571,0.999999993904467,-0.9452016908290383,0.9848508459110417,-0.16059744690415967,0.5581888028175747,0.5510636884659464,0.40773311009517416,0.557681005268655,0.15506445732119595,-0.6869130969949784,0.9433922808737162,-0.442775817778555,-0.5330506817947506,-0.24338101723138372,-0.016962443208565596,0.9991782172483143,0.05440580241444707,0.528731781013652,-0.6112235352564473,0.9866966163677856,-0.22965552060085512,0.586528794528732,0.2783513391909501,-0.7325463357692532,-0.22942886699355433,-0.9256578684735527,0.9736491954762448,0.6493663424765506,0.8615596348974082,-0.5078858954728668,0.4726461798445348,0.48405654399260695,0.5398252275045412,0.511786085655379,-0.40543741009905665,-0.9966700566712183,0.9528679515552548,-0.7977206962274196,-0.3415527073467908,0.9739891337447775,-0.4093046457877031,0.3572042602426168,0.9835769253232691,0.48861739457343295,-0.9317043682400591,-0.8276064851207786,-0.9796960206365757,0.9127274601811886,-0.3258066329107362,-0.6551421526994818,0.4671434450564834,0.16687216983137595,-0.762160999057971,-0.9388206081147572,0.1138166015236542,-0.47553314518313394,0.4479927749306759,-0.6758273131535496,0.9081875840411965,-0.9406199134395246,0.6104692641021663,0.07648152576355353,-0.8363114869161862,-0.9559460063709663,-0.9737898388826947,0.10889281534839768,0.16344361106319186,0.2994325059730211,0.43392519638922933,-0.10862966330705714,-0.9932394534799556,-0.9986992230570643,0.7237757534617061,0.3554780350733852,-0.11805299325018623,0.302407859534858
0.7348784357174094,0.14379411265229947,0.6191016988589192,0.9672127694619469,0.9075205375704212,-0.7021406418780648,0.9307101033435936,-0.3809257665351379,0.9824648183585275,0.1874857052735379,0.6740208055485054,0.7672880221898088,-0.9523947110572193,-0.9452016908290383,0.9999999963722909,-0.987117334708495,0.41479299662560276,-0.7960763727470465,-0.7811185855700611,-0.6667255651115561,-0.6638703306606693,0.140377315906134,0.8849841322462603,-0.9481867880519919,0.1263069993835985,0.7690707987330101,0.5371407770943268,-0.04186449838378882,-0.9476499254726665,0.2744993220946016,-0.7696119597744594,0.8344200120207513,-0.9637327269563706,0.44143458065988855,-0.33272612859129713,-0.5766306757799659,0.4717155571961991,0.5127706134707903,0.7515524718298832,-0.8577486428970851,-0.8577558183092392,-0.9006224652938335,0.7611754475911144,-0.7344483221902591,-0.739881083204962,-0.23927793934077446,-0.7584034173173424,0.10123008455656511,0.9674651229348935,-0.996686266553255,0.6460936885396784,0.597664878675211,-0.9945470341606397,0.15626345219551124,-0.6424162969305716,-0.8842105770234133,-0.7453563708651081,0.7716549260135952,0.647270141950343,0.880922984622882,-0.731179107722405,0.6165168605425907,0.4523039009452309,-0.7296751706666378,-0.46081714399306595,0.6036378334024463,0.7749558050849439,-0.3314175094503021,0.2525184498558442,-0.706248277433305,0.40087730643945174,-0.9831821966045015,0.808898355277113,-0.8353240567942897,0.18843776501539042,0.6115469934709322,0.8186388894360872,0.8537490585449428,-0.4274436263424984,-0.47597549013851026,-0.5940131178883142,-0.7040003876224774,-0.21827229553136257,0.9720946515581469,0.9275230921577481,-0.5041139562143833,-0.6410373332629772,-0.21035449485646546,-0.5967597723521064
-0.6169846592478837,-0.27489531589108157,-0.4944393658546809,-0.9371948441804117,-0.9305994318786681,0.6292218105642753,-0.9762970330757043,0.342818360811986,-0.996916065495677,-0.028917539086031938,-0.5474998026751406,-0.857840286868459,0.891373925238386,0.9848508459110417,-0.987117334708495,0.9999999956742048,-0.3082012974061766,0.689184320116384,0.6751285386057829,0.5439979835990695,0.6355667476122532,0.010269593398141206,-0.8025020507092612,0.964509129134082,-0.28296633569163543,-0.6695790810454121,-0.3970204890209223,0.033322527819430174,0.9849731552033332,-0.11874358343821972,0.6669054996901591,-0.739178951131898,0.9855549296407368,-0.35818660715652423,0.45196537441490237,0.4398310356626554,-0.6066092336890083,-0.3750403157740057,-0.8462105048313925,0.9234601885170756,0.7654485234948142,0.9026083483230078,-0.6489790148709853,0.6171765251077505,0.6230421301691685,0.39147924499546277,0.6454867153113232,-0.24460917153254394,-0.9954533902355918,0.9905695976033545,-0.7187232806983798,-0.4896415562617197,0.9983845174701278,-0.27001210488783506,0.5120095861648399,0.9424227760249918,0.6291152463010689,-0.8572639980415809,-0.7363452397069686,-0.9439483868240558,0.830851775287352,-0.4831913007112377,-0.568164493171949,0.6110096692213655,0.31766423625159795,-0.6997073723305486,-0.8652790473077767,0.24441518004956841,-0.37710426605028013,0.586021293539653,-0.5422610019240827,0.963632050030172,-0.8887158140384149,0.7382166454990936,-0.0504036850782782,-0.729017469709349,-0.8939764585505907,-0.9258444703328874,0.2786018719355257,0.33175360278574023,0.46003312690246767,0.5831573004286666,0.05941382894193258,-0.9946593375772749,-0.9747755220017777,0.626070327091046,0.5105206499895679,0.05126275869845785,0.46263129154268023
0.7483461078072694,-0.11531434544800952,0.9086465562534128,0.6203735432339386,0.003945503297813356,-0.1586340187929898,0.20074405952849528,-0.878361992317629,0.35107629739836316,0.7670213242931846,0.7817738336632729,0.006232252981715811,-0.5838762058074393,-0.16059744690415967,0.41479299662560276,-0.3082012974061766,1.0000000016360513,-0.6891908982886185,-0.5899768583304401,-0.5874990863688209,-0.8356845599385491,0.4259267266292154,0.7392392362117503,-0.45225590257317666,-0.6197192381842292,0.8748453109959308,0.6619809625812949,-0.701328743220929,-0.14611568409503198,0.8065791955728701,-0.8608146973720309,0.7832654489252816,-0.1600866431421519,0.983550151376891,0.7045937480958432,-0.8267552759869008,-0.3813862496769255,0.5647506177716075,-0.16556688859822616,0.06846478736550314,-0.6259013056374746,-0.5984384408994197,0.7890643907365584,-0.7832706030106342,-0.6984983749135095,0.5019458375635708,-0.6606702143373037,-0.8013546657904169,0.23635326881852958,-0.4323257939322791,-0.4258134389108833,0.9713693376594505,-0.34298683818650083,-0.8326590835595724,-0.7928916298946812,0.019670930753586818,-0.7299577064611598,-0.20085298622342077,-0.41666233832374666,0.12888696431138646,0.1394806792619645,0.8003666670107094,0.010446328189526882,-0.7554108671592472,-0.5853112783614366,0.1420251436384945,-0.12712358118062933,-0.9806599692482536,-0.044514172819669476,-0.6436234005609701,-0.41572077141956715,-0.5510726922890405,0.086813445899431,-0.756244002090075,0.2906419722873654,-0.31388232563983454,-0.13354680108139114,0.04883474434578046,-0.8228362650848398,-0.8536533883251258,-0.8463880668545519,-0.8172963320136869,-0.6904695928953296,0.21005595471601834,0.1163043780675732,0.0913292305884363,-0.7954799428539778,-0.7089009302136653,-0.8381355147793074
-0.9937435606748011,0.406898298815278,-0.9231456665138075,-0.8281065466875521,-0.6040309179888702,0.8213238382613373,-0.5211553202262069,0.39637041776368953,-0.6769759577555898,-0.7350971716537839,-0.9796642426433472,-0.2268342214759659,0.9425474908700797,0.5581888028175747,-0.7960763727470465,0.689184320116384,-0.6891908982886185,1.000000007821336,0.9903668796777761,0.9695621377858173,0.5766830135735598,-0.6860031591744835,-0.9680117692497833,0.6376554289277129,0.49474706115474754,-0.9395607670368835,-0.9354987486554057,0.027809996047851067,0.5701498003117765,-0.7884706197951129,0.9535832099781528,-0.9777512687387782,0.6436303316380243,-0.6173118762513286,-0.18225428384920073,0.9435127065489656,0.15582359643152396,-0.9125807189344671,-0.20777611138473995,0.3995483344107142,0.9925654492707352,0.6503990104209828,-0.9889395148838803,0.9890159708029014,0.996101498563359,-0.39670497562253093,0.9967242046436685,0.45100237308426117,-0.6176907195430407,0.7655767735900106,-0.22908129327454743,-0.8368096045327853,0.7290778690508147,0.28872423518591767,0.9703203766486763,0.44713018074422206,0.9961918711056565,-0.2612735708550379,-0.1638063317339016,-0.4172452368397706,0.17068642852607727,-0.9616924785604601,0.11618008201077806,0.9924456289182663,0.8932416762788316,-0.07177783256967082,-0.24094020669832342,0.5480385765204671,0.3013249665260926,0.9868295110346906,0.2342206106470911,0.8023548268151749,-0.29722005356948533,0.9873791799344128,-0.6799265712214807,-0.017362402837680365,-0.3346600725999411,-0.3645572080878218,0.8773351603736905,0.8944392382047516,0.9445154336377666,0.9780486237909601,0.7640763233096318,-0.6443437329793007,-0.5166852752770561,-0.09518916482883563,0.9695595426419582,0.7579219895110675,0.9476683653884732
-0.9766898652637189,0.47948282402139875,-0.8705178745723334,-0.7815546540058351,-0.6410113847544832,0.8903984952557727,-0.4998589763543672,0.2654225654447409,-0.6523084631549538,-0.7128983193204265,-0.9587355699935288,-0.20012076967259704,0.9278146666996877,0.5510636884659464,-0.7811185855700611,0.6751285386057829,-0.5899768583304401,0.9903668796777761,1.0000000051899576,0.9861264391557847,0.46442706578326154,-0.7264799878805225,-0.9336207545857762,0.587986427291828,0.4825823251209465,-0.8830702088085587,-0.9423253173915258,-0.11073366970173744,0.5681122743956373,-0.7610627147915788,0.9026841478853906,-0.9412249003695283,0.6521619185634416,-0.5043766941838812,-0.10911442969675579,0.9153313158413937,0.1549069031540356,-0.9364860091605993,-0.21303392897468654,0.4142901140583811,0.9883400418158406,0.5784906077552581,-0.9603253313785624,0.9640609320984463,0.9890297350369849,-0.3987741334119586,0.9956224315014487,0.3913309641052486,-0.6053756438936987,0.7412523772707726,-0.3005046851247626,-0.7561711429367824,0.7154407719756518,0.19509327554212222,0.9482168496439731,0.4592740183394359,0.9823370432999103,-0.282538010522472,-0.22009054938109768,-0.3939380779129063,0.16512077997179067,-0.9387570668779852,0.18381391461224408,0.9742001950184617,0.9139541443373208,-0.0017643504028322715,-0.24303923048909484,0.4319019379400717,0.3768303915143755,0.9919854366997097,0.23570354463933424,0.7629719801707373,-0.264753686286485,0.9581202912122282,-0.7417651424005955,-0.026797594724109444,-0.35293393989141164,-0.34913371345173466,0.8504257665442083,0.8603126114826364,0.9109939216428813,0.9469010337404863,0.7601865179645336,-0.6422476444415688,-0.5116703926549497,-0.1430387502876215,0.9469126722632866,0.7498373142285645,0.9161796770635973
-0.9688746971346848,0.6128083794980401,-0.87069157271178,-0.6739225742343986,-0.527345994806092,0.8799650864850534,-0.34972488252073236,0.20814294143038176,-0.5174121196458001,-0.798058910292336,-0.9632211120217902,-0.03546045027377087,0.8538252982143372,0.40773311009517416,-0.6667255651115561,0.5439979835990695,-0.5874990863688209,0.9695621377858173,0.9861264391557847,1.0000000059783183,0.3719817528037766,-0.8303714410535199,-0.877214285231533,0.4483205762295897,0.6067775569515187,-0.846088609369355,-0.981249214235425,-0.15117414037304677,0.4276923284086752,-0.8322644200388307,0.8696317016364505,-0.899389674850478,0.5241598038508136,-0.4777961891679646,-0.2126573056088976,0.9366460887694504,0.3079719924304205,-0.9817217817289161,-0.056892952837132554,0.2691827657279202,0.9513107515190576,0.44813748913309315,-0.9418027655910444,0.9534766015453312,0.982856250415663,-0.5374968280624168,0.9862101969880673,0.48871062954613287,-0.4662292856394883,0.6195732535905469,-0.19266029299305015,-0.7385084026071882,0.5900586942992138,0.26750011544569086,0.9589138004825345,0.3156325489855935,0.973043820973435,-0.13532306707486486,-0.0957191449326676,-0.23657770491646649,0.004547173513754031,-0.9543923244052778,0.3414459057434624,0.9672029266199439,0.9683270054669871,0.1603676238126369,-0.0862817404831057,0.4201744397620761,0.5192990151361049,0.9959312073682399,0.385719963109033,0.6480526441540541,-0.10113612745422587,0.9197033882830906,-0.8372622134408969,0.12782905463706384,-0.20661726284962895,-0.19084862127032828,0.8985721007396436,0.8971817218829977,0.92660347899586,0.9406571756722281,0.8473849806962503,-0.5095231187573158,-0.3656059041140383,-0.3052933770286424,0.9576899866140067,0.8368877026371286,0.9321792294680619
-0.5879081905941481,-0.3890002776702022,-0.7156055113762472,-0.8245597836834049,-0.31056628551381893,0.08062831935840575,-0.6213786150087137,0.9430805706145898,-0.6886262842701382,-0.3255469271606051,-0.5789553803878406,-0.5281703267643274,0.6652887633429506,0.557681005268655,-0.6638703306606693,0.6355667476122532,-0.8356845599385491,0.5766830135735598,0.46442706578326154,0.3719817528037766,0.9999999984372311,0.041535432235147184,-0.7449321896609803,0.8013559357706824,0.09001275478425579,-0.8069159175716979,-0.3602552947619815,0.7699762443975194,0.533347845252241,-0.4017457926868622,0.7793455227430414,-0.7351861717111878,0.49578614935730575,-0.90980631997372,-0.27371641335372154,0.5680486691024126,-0.18260461636896477,-0.2534412009164836,-0.3456556091466314,0.3741771553890741,0.5741410115088893,0.9017809091307052,-0.6612908998629848,0.6295065402307057,0.5367762622940858,0.053909419143293454,0.5130856058529132,0.3501004412138856,-0.6055177322429135,0.7078133642149428,0.05500046998497455,-0.8426019360002611,0.64324634671579,0.4814422499870968,0.5694585728887543,0.40798100912075297,0.5758129770647664,-0.27731941631962326,-0.016339135924734592,-0.5925764380055837,0.3886478298687794,-0.5608106931139317,-0.5497127311012253,0.5917632591328628,0.2439708646128395,-0.6619300146628203,-0.37872173493311645,0.8659032745013444,-0.4712905339252589,0.45416212784756177,-0.15058742810124767,0.7889065805541517,-0.5895802770765597,0.698025263046501,0.13590813928252918,-0.22846828228301186,-0.32676969960631636,-0.5291296149269982,0.4828468569962288,0.5464910355906676,0.604843834581699,0.6473000063674899,0.24559288892537892,-0.556945101984432,-0.5314773249470116,0.4699968003855486,0.5716373062775896,0.263600898321048,0.5956524626798928
0.7263728897470682,-0.9349568111493868,0.6672236283288834,0.16043108919445973,0.04680874954047372,-0.6696427888178439,-0.22623256353947213,0.05834700861898344,-0.04603518686452187,0.8976669108169415,0.7614731510908822,-0.5206788241261281,-0.41941633316063776,0.15506445732119595,0.140377315906134,0.010269593398141206,0.4259267266292154,-0.6860031591744835,-0.7264799878805225,-0.8303714410535199,0.041535432235147184,1.0000000055526614,0.49066540993224483,0.12183948723900498,-0.8792628500820425,0.5248175359787567,0.8957129778189543,0.28530282597850093,0.12865061733069522,0.8771533842027989,-0.5575046659572591,0.5553893089789346,0.009879682294245273,0.25760015794961405,0.4885942369447915,-0.794306842465734,-0.7437822501652532,0.9210698915922103,-0.468016890239506,0.2636578285492348,-0.6197142689662379,0.09683864370250052,0.6671544707720676,-0.7032893489271863,-0.7451553079221033,0.8764981170048111,-0.7385928894970459,-0.6871315523906829,-0.09691850062393706,-0.07728287791630004,-0.18678132208155812,0.4984343838908727,-0.04470209854576646,-0.4238977734192543,-0.7782569203318868,0.2232184084597367,-0.7255548509669908,-0.373470452458103,-0.3205713271844349,-0.3388273951225754,0.5261369256021484,0.7907696656694679,-0.8018802084007551,-0.7274643365705857,-0.9398871917669133,-0.6759247700735378,-0.4478852421870973,-0.26069813361835387,-0.8927676270663681,-0.7916775514875007,-0.7950345799839725,-0.11803274977501636,-0.46740355761222024,-0.5842890853454032,0.983047574630919,-0.6061955700281403,-0.3156021806958368,-0.3756174353478782,-0.8531805769813592,-0.8132077070468074,-0.7663767745101874,-0.7060328226602448,-0.9474007322575894,-0.03946907120091209,-0.19642227753478092,0.7839790565832367,-0.7774317467512638,-0.9376826210290146,-0.7725147653461831
