0.9999999813712627,0.9999711147261985,-9.74631811696686e-06,-9.34596228048473e-06,0.9999732743979121,0.9999735082024576,0.9999738202817144,0.9999732477396831,0.9999736579428803,-1.3669964568834652e-05,0.9999726660207772,-8.106321517602876e-06,0.9999702635045199,-9.828396613048591e-06,0.999973436833023,-9.680663871914468e-06,0.9999730257499344
0.9999711147261985,0.9999644795488342,-3.0924582749568394e-06,-1.3695816097221025e-09,0.9999684631668863,0.999968696968981,0.9999690090461955,0.9999684365081098,0.9999688467082162,-3.569333967430791e-09,0.9999678547941,-7.389341645378103e-10,0.9999654523011628,-3.174536422036229e-06,0.9999686256003059,-3.0268051932836528e-06,0.999968214521134
-9.74631811696686e-06,-3.0924582749568394e-06,-1.82396114030075e-06,3.242182426776721e-15,-3.0924670504088287e-06,-3.0924678920852518e-06,-3.092469515508229e-06,-1.5732587659479372e-09,-3.0924685851194726e-06,5.614589366670468e-15,-3.0924640352851415e-06,8.774483644419767e-16,-1.5732526773936344e-09,7.02313409327386e-12,-1.573259286189967e-09,6.478941968945071e-12,-1.573258452081449e-09
-9.34596228048473e-06,-1.3695816097221025e-09,3.242182426776721e-15,-1.8239616665879572e-06,-2.6921170014083713e-06,-1.3695856285306125e-09,-2.6921189799755274e-06,-1.3695851164968183e-09,-1.3695859104379576e-09,1.2016860453170953e-11,-1.3695840580801258e-09,2.1237138340544105e-12,-2.6921068655457122e-06,6.754631874892606e-12,-2.692117496106694e-06,6.299175973166014e-12,-2.6921161474791558e-06
0.9999732743979121,0.9999684631668863,-3.0924670504088287e-06,-2.6921170014083713e-06,0.9999687988557611,0.999970856624417,0.9999711687018981,0.9999705961632724,0.9999710063638341,-7.0160623295888485e-06,0.9999700144484799,-7.389366995433494e-10,0.9999676119515017,-3.1745452194471564e-06,0.9999707852556042,-1.5398585714123684e-09,0.9999703741757614
0.9999735082024576,0.999968696968981,-3.0924678920852518e-06,-1.3695856285306125e-09,0.999970856624417,0.9999692664609351,0.9999714025045354,0.9999708299658135,0.9999712401664486,-7.01606437183111e-06,0.9999702482509099,-1.4524869724555413e-06,0.9999678457534288,-1.6150158038598288e-09,0.9999710190581748,-3.0268145418588716e-06,0.9999706079782471
0.9999738202817144,0.9999690090461955,-3.092469515508229e-06,-2.6921189799755274e-06,0.9999711687018981,0.9999714025045354,0.9999698906159941,0.9999711420433574,0.9999715522439812,-7.01606882996456e-06,0.9999705603284258,-1.4524880102408407e-06,0.9999681578305708,-3.174547671068489e-06,0.999971331135691,-3.0268161113227505e-06,0.9999709200557044
0.9999732477396831,0.9999684365081098,-1.5732587659479372e-09,-1.3695851164968183e-09,0.9999705961632724,0.9999708299658135,0.9999711420433574,0.9999687455385161,0.9999709797052522,-7.016060927822964e-06,0.9999699877897633,-1.4524861777768537e-06,0.9999675852926416,-1.6150151627966654e-09,0.9999707585969991,-3.026813307805357e-06,0.9999703475171283
0.9999736579428803,0.9999688467082162,-3.0924685851194726e-06,-1.3695859104379576e-09,0.9999710063638341,0.9999712401664486,0.9999715522439812,0.9999709797052522,0.9999695659398529,-7.016066213323409e-06,0.9999703979903137,-1.4524873935529045e-06,0.9999679954926017,-3.1745467599624587e-06,0.999971168797611,-3.026815213409447e-06,0.9999707577176457
-1.3669964568834652e-05,-3.569333967430791e-09,5.614589366670468e-15,1.2016860453170953e-11,-7.0160623295888485e-06,-7.01606437183111e-06,-7.01606882996456e-06,-7.016060927822964e-06,-7.016066213323409e-06,-1.8239556692644168e-06,-7.016054157126621e-06,2.7528029803172795e-16,-3.569329192523623e-09,6.341078452564913e-15,-7.016063762232195e-06,1.1130627302441948e-11,-7.01605962068695e-06
0.9999726660207772,0.9999678547941,-3.0924640352851415e-06,-1.3695840580801258e-09,0.9999700144484799,0.9999702482509099,0.9999705603284258,0.9999699877897633,0.9999703979903137,-7.016054157126621e-06,0.999967582108869,-7.389357381355195e-10,0.9999670035788998,-1.6150138544160356e-09,0.999970176882131,-1.5398570874371893e-09,0.9999697658024168
-8.106321517602876e-06,-7.389341645378103e-10,8.774483644419767e-16,2.1237138340544105e-12,-7.389366995433494e-10,-1.4524869724555413e-06,-1.4524880102408407e-06,-1.4524861777768537e-06,-1.4524873935529045e-06,2.7528029803172795e-16,-7.389357381355195e-10,-1.8239680539279344e-06,-7.389330880786607e-10,1.0498449495187467e-15,-1.452486840978619e-06,9.02362299903023e-16,-7.389363893306359e-10
0.9999702635045199,0.9999654523011628,-1.5732526773936344e-09,-2.6921068655457122e-06,0.9999676119515017,0.9999678457534288,0.9999681578305708,0.9999675852926416,0.9999679954926017,-3.569329192523623e-09,0.9999670035788998,-7.389330880786607e-10,0.9999627771208458,-3.1745327995610474e-06,0.9999677743848053,-1.5398524420421705e-09,0.9999673633058783
-9.828396613048591e-06,-3.174536422036229e-06,7.02313409327386e-12,6.754631874892606e-12,-3.1745452194471564e-06,-1.6150158038598288e-09,-3.174547671068489e-06,-1.6150151627966654e-09,-3.1745467599624587e-06,6.341078452564913e-15,-1.6150138544160356e-09,1.0498449495187467e-15,-3.1745327995610474e-06,-1.8239601480274935e-06,-1.6150156736189357e-09,3.541452911310134e-15,-3.1745441698751607e-06
0.999973436833023,0.9999686256003059,-1.573259286189967e-09,-2.692117496106694e-06,0.9999707852556042,0.9999710190581748,0.999971331135691,0.9999707585969991,0.999971168797611,-7.016063762232195e-06,0.999970176882131,-1.452486840978619e-06,0.9999677743848053,-1.6150156736189357e-09,0.9999691237232641,-3.026814295221135e-06,0.9999705366094495
-9.680663871914468e-06,-3.0268051932836528e-06,6.478941968945071e-12,6.299175973166014e-12,-1.5398585714123684e-09,-3.0268145418588716e-06,-3.0268161113227505e-06,-3.026813307805357e-06,-3.026815213409447e-06,1.1130627302441948e-11,-1.5398570874371893e-09,9.02362299903023e-16,-1.5398524420421705e-09,3.541452911310134e-15,-3.026814295221135e-06,-1.8239612320603987e-06,-1.5398580530015354e-09
0.9999730257499344,0.999968214521134,-1.573258452081449e-09,-2.6921161474791558e-06,0.9999703741757614,0.9999706079782471,0.9999709200557044,0.9999703475171283,0.9999707577176457,-7.01605962068695e-06,0.9999697658024168,-7.389363893306359e-10,0.9999673633058783,-3.1745441698751607e-06,0.9999705366094495,-1.5398580530015354e-09,0.9999683015635219
