0.9999999961049556,-3.693580941796365e-06,0.9999942616315174,-2.775272511030107e-06,0.999994218073567,0.999993739667412,-2.903653428199459e-06,-3.036980838199433e-06,-4.579709358578181e-06,-3.2312796375819333e-06,-3.1173338643263243e-06,0.999994185904318,-3.1597207315251595e-06,0.9999942500421314,0.9999936340773129,0.9999939782014722,0.9999942906515333
-3.693580941796365e-06,-9.330201199399899e-07,-1.4228316748831615e-06,4.918434603411688e-13,-1.4228315679481573e-06,-1.422830403084897e-06,3.193518320931611e-16,2.9478935932408787e-16,1.8372197763706185e-12,4.57966376914852e-16,4.3072966839723034e-16,-1.4228314029067057e-06,3.9598959151220043e-16,-7.238501023682673e-10,-7.238493029794331e-10,-7.238497064734216e-10,-1.422831689693531e-06
0.9999942616315174,-1.4228316748831615e-06,0.9999920721749255,-2.566727477747414e-10,0.9999929616376705,0.999992483232582,-3.219848721276475e-10,-3.8981332360411327e-10,-2.308955859572848e-06,-9.605323781627075e-07,-8.465871659927543e-07,0.9999929294683755,-8.889737056717255e-07,0.9999929936061001,0.9999923776425622,0.9999927217658949,0.9999930342153995
-2.775272511030107e-06,4.918434603411688e-13,-2.566727477747414e-10,-9.330212546502989e-07,-2.566727291645988e-10,-5.04526805704099e-07,1.187769512200372e-16,1.1392687192280034e-16,3.569119497450278e-16,1.7069204445187346e-16,1.5902309870292658e-16,-2.5667270114595605e-10,1.495058189800508e-16,-2.5667273535506256e-10,-2.566724641297021e-10,-2.5667260200496096e-10,-2.5667275085253887e-10
0.999994218073567,-1.4228315679481573e-06,0.9999929616376705,-2.566727291645988e-10,0.9999919850592145,0.9999924396747235,-3.2198484919551407e-10,-3.8981328981032e-10,-2.3089556677386496e-06,-9.605323066650456e-07,-8.465871061378176e-07,0.999992885910522,-4.5225566824948595e-10,0.9999929500482475,0.9999923340846958,0.9999926782080315,0.9999929906575472
0.999993739667412,-1.422830403084897e-06,0.999992483232582,-5.04526805704099e-07,0.9999924396747235,0.9999910282488453,-6.329070869909905e-07,-7.662334432829208e-07,-1.174655007012154e-09,-4.886599695892185e-10,-4.306916533424435e-10,0.9999924075053627,-8.889728798942431e-07,0.9999924716431272,0.9999918556794297,0.999992199802794,0.9999925122524262
-2.903653428199459e-06,3.193518320931611e-16,-3.219848721276475e-10,1.187769512200372e-16,-3.2198484919551407e-10,-6.329070869909905e-07,-9.330211406183865e-07,1.4704285154053658e-16,4.59204129519264e-16,4.280710831034934e-13,2.0229199240431392e-16,-6.329075110052312e-07,3.751518625068939e-13,-3.2198485716695515e-10,-3.2198452165692903e-10,-3.219846923750115e-10,-3.219848762997008e-10
-3.036980838199433e-06,2.9478935932408787e-16,-3.8981332360411327e-10,1.1392687192280034e-16,-3.8981328981032e-10,-7.662334432829208e-07,1.4704285154053658e-16,-9.330212156128225e-07,3.6878533127771207e-16,2.0302158982649288e-16,3.89393702403899e-13,-7.662340453082223e-07,1.6773207566947656e-16,-7.662341706762819e-07,-3.8981280576496873e-10,-3.8981305008983446e-10,-7.662342238105821e-07
-4.579709358578181e-06,1.8372197763706185e-12,-2.308955859572848e-06,3.569119497450278e-16,-2.3089556677386496e-06,-1.174655007012154e-09,4.59204129519264e-16,3.6878533127771207e-16,-9.330190663729858e-07,6.42824719221118e-16,6.208856301537987e-16,-2.3089553508609657e-06,1.058096399682163e-12,-2.3089557160129034e-06,-1.1746546504625442e-09,-2.3089542933893835e-06,-2.3089558724903053e-06
-3.2312796375819333e-06,4.57966376914852e-16,-9.605323781627075e-07,1.7069204445187346e-16,-9.605323066650456e-07,-4.886599695892185e-10,4.280710831034934e-13,2.0302158982649288e-16,6.42824719221118e-16,-9.330208152741616e-07,5.767824582991139e-13,-4.886603102078185e-10,2.7146146634982557e-16,-9.605323291916126e-07,-9.605312792859812e-07,-4.886601140904892e-10,-4.886604073223854e-10
-3.1173338643263243e-06,4.3072966839723034e-16,-8.465871659927543e-07,1.5902309870292658e-16,-8.465871061378176e-07,-4.306916533424435e-10,2.0229199240431392e-16,3.89393702403899e-13,6.208856301537987e-16,5.767824582991139e-13,-9.330208976633046e-07,-4.306919407304494e-10,2.5740802072374126e-16,-8.46587126939789e-07,-4.306915503662536e-10,-4.306917769539562e-10,-4.3069202142385726e-10
0.999994185904318,-1.4228314029067057e-06,0.9999929294683755,-2.5667270114595605e-10,0.999992885910522,0.9999924075053627,-6.329075110052312e-07,-7.662340453082223e-07,-2.3089553508609657e-06,-4.886603102078185e-10,-4.306919407304494e-10,0.9999919207205868,-4.522556131843044e-10,0.9999929178789446,0.9999923019153024,0.9999926460386754,0.9999929584882472
-3.1597207315251595e-06,3.9598959151220043e-16,-8.889737056717255e-07,1.495058189800508e-16,-4.5225566824948595e-10,-8.889728798942431e-07,3.751518625068939e-13,1.6773207566947656e-16,1.058096399682163e-12,2.7146146634982557e-16,2.5740802072374126e-16,-4.522556131843044e-10,-9.330209765695786e-07,-8.889736560905778e-07,-4.5225515854340173e-10,-4.522554193980369e-10,-8.8897371330347e-07
0.9999942500421314,-7.238501023682673e-10,0.9999929936061001,-2.5667273535506256e-10,0.9999929500482475,0.9999924716431272,-3.2198485716695515e-10,-7.662341706762819e-07,-2.3089557160129034e-06,-9.605323291916126e-07,-8.46587126939789e-07,0.9999929178789446,-8.889736560905778e-07,0.9999920489960806,0.9999923660530914,0.9999927101764434,0.9999930226259769
0.9999936340773129,-7.238493029794331e-10,0.9999923776425622,-2.566724641297021e-10,0.9999923340846958,0.9999918556794297,-3.2198452165692903e-10,-3.8981280576496873e-10,-1.1746546504625442e-09,-9.605312792859812e-07,-4.306915503662536e-10,0.9999923019153024,-4.5225515854340173e-10,0.9999923660530914,0.999990817068516,0.999992094212671,0.9999924066623966
0.9999939782014722,-7.238497064734216e-10,0.9999927217658949,-2.5667260200496096e-10,0.9999926782080315,0.999992199802794,-3.219846923750115e-10,-3.8981305008983446e-10,-2.3089542933893835e-06,-4.886601140904892e-10,-4.306917769539562e-10,0.9999926460386754,-4.522554193980369e-10,0.9999927101764434,0.999992094212671,0.9999915053154204,0.99999275078575
0.9999942906515333,-1.422831689693531e-06,0.9999930342153995,-2.5667275085253887e-10,0.9999929906575472,0.9999925122524262,-3.219848762997008e-10,-7.662342238105821e-07,-2.3089558724903053e-06,-4.886604073223854e-10,-4.3069202142385726e-10,0.9999929584882472,-8.8897371330347e-07,0.9999930226259769,0.9999924066623966,0.99999275078575,0.9999921302146852
