1.000000001139702,-0.9959425995191542,-0.9959324674351194,0.9959352497571589,0.8999406695797408,0.7381719603420395,0.9634448962532781,0.9999984551571324,-0.179238140986962,-0.4526998448615228,0.45276571653162384,-0.4521275678140883,0.8997831001868641,-0.17995706966174577,-0.9354101961990269,-0.995965652320341,0.7385936501465425,-0.935305573086231,0.9353158523347289,0.9353012555651632,-0.9353428336728905,-0.9353065365542066,-0.9353055730862299,0.9353158523347282,0.9353012555651624,-0.93534283367289,0.9352956182257827,-0.9352909687600516,-0.935442199041785,0.9353745538106615
-0.9959425995191542,1.0000000112490206,0.9837681778557911,-1.0000128513845268,-0.8570036449978786,-0.7959618785998016,-0.9353943896837547,-0.9959183637289062,0.2671540360585943,0.3705213631558928,-0.37058900303540043,0.36992359685069315,-0.8568138874000645,0.26785832577743085,0.899755044312364,1.0000021288508139,-0.7963370433062902,0.8996246457580285,-0.8996379725927229,-0.8996187424954663,0.8996715949469608,0.8996263511734591,0.8996246457580295,-0.8996379725927238,-0.8996187424954657,0.8996715949469605,-0.8996121915975543,0.899605857442212,0.8997951241514935,-0.899711080619358
-0.9959324674351194,0.9837681778557911,0.999999997636591,-0.98376062883851,-0.935564453100351,-0.6743772570407963,-0.983664774628067,-0.9959490486306853,0.08985879016399777,0.5312029807244635,-0.5312665484485781,0.5306608479865131,-0.935438956212841,0.09058651305609534,0.9634617984532026,0.9838305129787076,-0.674840647163782,0.9633838032669806,-0.9633909511366285,-0.9633811067033742,0.9634110716106661,0.9633840169021282,0.9633838032669814,-0.9633909511366283,-0.9633811067033743,0.9634110716106653,-0.9633764288236534,0.9633735019694097,0.9634854635210659,-0.9634347677564117
0.9959352497571589,-1.0000128513845268,-0.98376062883851,1.0000000051035667,0.8569890399748152,0.7959682345107844,0.9353838325935278,0.9959124091012299,-0.26717068427056645,-0.37050261382425614,0.3705702537193718,-0.36990484536735657,0.8568006760892232,-0.26787496738033584,-0.89974311156629,-0.9999978169898168,0.7963447870974985,-0.8996127084065013,0.8996260357960895,0.8996068048500678,-0.899659659336714,-0.8996144139646671,-0.8996127084065004,0.8996260357960895,0.8996068048500678,-0.8996596593367143,0.8996002537984731,-0.899593919331191,-0.8997831928534245,0.8996991463958031
0.8999406695797408,-0.8570036449978786,-0.935564453100351,0.8569890399748152,0.9999999886972915,0.37017452429960807,0.9838454892935419,0.9000332090408222,0.2676330411462337,-0.7961613837462087,0.7962094147840965,-0.7957795542967071,0.9999944470628512,0.2669293382204191,-0.9959647810876331,-0.8572080334526823,0.37076409451285075,-0.9959974068949135,0.9959917086623784,0.9960012794659363,-0.9959833248979036,-0.9959946648138596,-0.9959974068949148,0.9959917086623794,0.9960012794659374,-0.9959833248979042,0.9960007375770229,-0.9960047967394905,-0.9959552681303416,0.9959736712385548
0.7381719603420395,-0.7959618785998016,-0.6743772570407963,0.7959682345107844,0.37017452429960807,1.0000000152642328,0.5304531520573883,0.7380220785313426,-0.7960158964422461,0.2673664247477802,-0.2673025583678647,0.2679971087943573,0.36982289104759164,-0.7964574393211253,-0.4519678207926376,-0.7956941576612185,1.0000076047221647,-0.45169442039186114,0.45172513912809353,0.45167922903792324,-0.45179559994198865,-0.45170071612004264,-0.4516944203918611,0.45172513912809376,0.45167922903792207,-0.45179559994198876,0.45166805619191214,-0.4516518688541416,-0.45205289279144595,0.4518781225343996
0.9634448962532781,-0.9353943896837547,-0.983664774628067,0.9353838325935278,0.9838454892935419,0.5304531520573883,0.9999999967608266,0.9635004683776365,0.09087747928462764,-0.6750257395654433,0.6750831505364568,-0.6745570791193609,0.9837871276631078,0.09014998577951513,-0.9959362814082887,-0.9355308739600848,0.5309885083834844,-0.9959119849521619,0.9959127029522054,0.9959125922689841,-0.9959186265059013,-0.9959106955362078,-0.9959119849521637,0.9959127029522047,0.9959125922689834,-0.9959186265059007,0.9959099453461966,-0.9959105310622933,-0.9959427126634216,0.9959257148939362
0.9999984551571324,-0.9959183637289062,-0.9959490486306853,0.9959124091012299,0.9000332090408222,0.7380220785313426,0.9635004683776365,0.9999999966885709,-0.17902238724308245,-0.45289345653929347,0.4529593230614902,-0.45232124866700724,0.8998757162852523,-0.17974134206579692,-0.9354845936816433,-0.995944306568499,0.7384438721978983,-0.9353800344049084,0.9353903061387505,0.9353757207794033,-0.9354172710363088,-0.9353809960653359,-0.9353800344049091,0.9353903061387505,0.9353757207794027,-0.9354172710363091,0.9353700857293435,-0.9353654404034821,-0.9355165765490263,0.9354489719432648
-0.179238140986962,0.2671540360585943,0.08985879016399777,-0.26717068427056645,0.2676330411462337,-0.7960158964422461,0.09087747928462764,-0.17902238724308245,1.0000000045115875,-0.7960783653741297,0.7960429325009002,-0.7964832244154049,0.2680044501650675,1.0000072129321027,-0.18017865242920095,0.2667437206876543,-0.7956160537142225,-0.18048347983619015,0.1804479056990122,0.18050175950934483,-0.18036936150895266,-0.18047516325338359,-0.18048347983619134,0.18044790569901226,0.1805017595093455,-0.1803693615089522,0.18051299482009162,-0.1805324291010697,-0.18008330622776098,0.18027747948367942
-0.4526998448615228,0.3705213631558928,0.5312029807244635,-0.37050261382425614,-0.7961613837462087,0.2673664247477802,-0.6750257395654433,-0.45289345653929347,-0.7960783653741297,0.9999999892863252,-0.9999960673963687,1.0000011622073615,-0.7963996752196382,-0.7956355288807015,0.7387165173961725,0.37090828559944666,0.26674590196325026,0.7389284327900079,-0.738902514152088,-0.7389423442869929,0.7388479247401843,0.7389214878980558,0.7389284327900085,-0.738902514152088,-0.7389423442869931,0.7388479247401829,-0.7389490593822696,0.7389638131392042,0.7386497887838149,-0.7387841619195493
0.45276571653162384,-0.37058900303540043,-0.5312665484485781,0.3705702537193718,0.7962094147840965,-0.2673025583678647,0.6750831505364568,0.4529593230614902,0.7960429325009002,-0.9999960673963687,1.0000000031042637,-1.000010792561323,0.7964490870686136,0.7956014507285717,-0.7387701463012003,-0.370975917563492,-0.26668201874519737,-0.7389820482121604,0.7389561310284712,0.7389959590208637,-0.7389015450890893,-0.7389751035723797,-0.7389820482121615,0.7389561310284707,0.7389959590208637,-0.738901545089088,0.7390026735112671,-0.7390174265330364,-0.7387034218439825,0.7388377863397204
-0.4521275678140883,0.36992359685069315,0.5306608479865131,-0.36990484536735657,-0.7957795542967071,0.2679971087943573,-0.6745570791193609,-0.45232124866700724,-0.7964832244154049,1.0000011622073615,-1.000010792561323,1.0000000126743824,-0.7960208413021354,-0.7960435565629392,0.738290343172029,0.3703106351848443,0.2673766784193377,0.7385024082544942,-0.7384764731521108,-0.7385163277176948,0.7384218451946573,0.7384954602492898,0.7385024082544954,-0.7384764731521113,-0.7385163277176944,0.7384218451946571,-0.7385230492333197,0.7385378114886174,0.7382235682913372,-0.7383580372016266
0.8997831001868641,-0.8568138874000645,-0.935438956212841,0.8568006760892232,0.9999944470628512,0.36982289104759164,0.9837871276631078,0.8998757162852523,0.2680044501650675,-0.7963996752196382,0.7964490870686136,-0.7960208413021354,1.0000000034782603,0.2673008149842279,-0.9959421164262702,-0.8570212168483432,0.3704125626974602,-0.995973461002794,0.9959677492116654,0.9959773404498445,-0.9959593351061619,-0.9959707158876882,-0.995973461002794,0.9959677492116655,0.9959773404498439,-0.9959593351061616,0.9959768030683214,-0.9959808695467266,-0.9959297686619552,0.9959496459337617
-0.17995706966174577,0.26785832577743085,0.09058651305609534,-0.26787496738033584,0.2669293382204191,-0.7964574393211253,0.09014998577951513,-0.17974134206579692,1.0000072129321027,-0.7956355288807015,0.7956014507285717,-0.7960435565629392,0.2673008149842279,1.0000000061677936,-0.17946017140000148,0.26744808267997655,-0.7960607598077121,-0.17976503650076792,0.17972945939478152,0.1797833169908674,-0.17965090550526627,-0.17975672027896417,-0.17976503650076897,0.1797294593947813,0.17978331699086803,-0.17965090550526577,0.17979455498865768,-0.1798139901791032,-0.1793648141334642,0.17955901202630725
-0.9354101961990269,0.899755044312364,0.9634617984532026,-0.89974311156629,-0.9959647810876331,-0.4519678207926376,-0.9959362814082887,-0.9354845936816433,-0.18017865242920095,0.7387165173961725,-0.7387701463012003,0.738290343172029,-0.9959421164262702,-0.17946017140000148,0.9999999988870204,0.8999269520868207,-0.4525326301366938,1.0000033861469027,-1.0000008788497403,-1.0000056387882414,0.9999996280035656,1.0000013606063523,1.0000033861469029,-1.0000008788497405,-1.0000056387882406,0.9999996280035656,-1.0000040402169332,1.0000063759179947,0.9999961725157973,-0.999998321732711
-0.995965652320341,1.0000021288508139,0.9838305129787076,-0.9999978169898168,-0.8572080334526823,-0.7956941576612185,-0.9355308739600848,-0.995944306568499,0.2667437206876543,0.37090828559944666,-0.370975917563492,0.3703106351848443,-0.8570212168483432,0.26744808267997655,0.8999269520868207,0.9999999919177078,-0.7960723334571338,0.8997966733498609,-0.8998099860176948,-0.8997907774618703,0.8998435775131032,0.8997983753121883,0.8997966733498612,-0.8998099860176951,-0.8997907774618695,0.8998435775131033,-0.8997842308044952,0.8997779044844804,0.8999669944011116,-0.8998830270940452
0.7385936501465425,-0.7963370433062902,-0.674840647163782,0.7963447870974985,0.37076409451285075,1.0000076047221647,0.5309885083834844,0.7384438721978983,-0.7956160537142225,0.26674590196325026,-0.26668201874519737,0.2673766784193377,0.3704125626974602,-0.7960607598077121,-0.4525326301366938,-0.7960723334571338,0.999999995886358,-0.45225932536461044,0.45229003197049594,0.45224414072826735,-0.4523604681504984,-0.45226561753586547,-0.45225932536461083,0.45229003197049633,0.45224414072826685,-0.45236046815049863,0.45223297051804034,-0.4522167902946424,-0.45261767177553314,0.4524429619924227
-0.935305573086231,0.8996246457580285,0.9633838032669806,-0.8996127084065013,-0.9959974068949135,-0.45169442039186114,-0.9959119849521619,-0.9353800344049084,-0.18048347983619015,0.7389284327900079,-0.7389820482121604,0.7385024082544942,-0.995973461002794,-0.17976503650076792,1.0000033861469027,0.8997966733498609,-0.45225932536461044,1.0000000060159868,-1.0000073073129956,-1.0000120838826696,1.0000046328490477,1.0000063985446206,1.0000084265820997,-1.000005908264097,-1.0000106848337666,1.0000046328490475,-1.0000090898761829,1.0000114315461333,1.0000010877945857,-1.0000032978230238
0.9353158523347289,-0.8996379725927229,-0.9633909511366285,0.8996260357960895,0.9959917086623784,0.45172513912809353,0.9959127029522054,0.9353903061387505,0.1804479056990122,-0.738902514152088,0.7389561310284712,-0.7384764731521108,0.9959677492116654,0.17972945939478152,-1.0000008788497403,-0.8998099860176948,0.45229003197049594,-1.0000073073129956,1.0000000024210949,1.0000081658636994,-1.0000035176967959,-1.000005279567615,-1.0000059082640982,1.0000033912234225,1.0000081658637,-1.0000021186478942,1.0000065704917447,-1.000008911468044,-0.9999985839441808,1.000000786945187
0.9353012555651632,-0.8996187424954663,-0.9633811067033742,0.8996068048500678,0.9960012794659363,0.45167922903792324,0.9959125922689841,0.9353757207794033,0.18050175950934483,-0.7389423442869929,0.7389959590208637,-0.7385163277176948,0.9959773404498445,0.1797833169908674,-1.0000056387882414,-0.8997907774618703,0.45224414072826735,-1.0000120838826696,1.0000081658636994,1.0000000092406904,-1.0000068890030367,-1.0000086566458606,-1.0000106848337678,1.0000081658637006,1.0000129434192015,-1.000006889003036,1.000011348670993,-1.0000136906959631,-1.0000033386794827,1.000005552285138
-0.9353428336728905,0.8996715949469608,0.9634110716106661,-0.899659659336714,-0.9959833248979036,-0.45179559994198865,-0.9959186265059013,-0.9354172710363088,-0.18036936150895266,0.7388479247401843,-0.7389015450890893,0.7384218451946573,-0.9959593351061619,-0.17965090550526627,0.9999996280035656,0.8998435775131032,-0.4523604681504984,1.0000046328490477,-1.0000035176967959,-1.0000068890030367,1.000000000608554,1.0000026057472287,1.0000046328490497,-1.0000021186478942,-1.0000068890030365,1.0000008524019846,-1.00000529270045,1.000007632138807,0.9999973407732812,-1.0000009271563624
-0.9353065365542066,0.8996263511734591,0.9633840169021282,-0.8996144139646671,-0.9959946648138596,-0.45170071612004264,-0.9959106955362078,-0.9353809960653359,-0.18047516325338359,0.7389214878980558,-0.7389751035723797,0.7384954602492898,-0.9959707158876882,-0.17975672027896417,1.0000013606063523,0.8997983753121883,-0.45226561753586547,1.0000063985446206,-1.000005279567615,-1.0000086566458606,1.0000026057472287,1.0000000031202836,1.0000063985446217,-1.0000052795676173,-1.0000086566458612,1.0000026057472284,-1.0000084606455697,1.000009403106644,0.9999990630380896,-1.0000012714743836
-0.9353055730862299,0.8996246457580295,0.9633838032669814,-0.8996127084065004,-0.9959974068949148,-0.4516944203918611,-0.9959119849521637,-0.9353800344049091,-0.18048347983619134,0.7389284327900085,-0.7389820482121615,0.7385024082544954,-0.995973461002794,-0.17976503650076897,1.0000033861469029,0.8997966733498612,-0.45225932536461083,1.0000084265820997,-1.0000059082640982,-1.0000106848337678,1.0000046328490497,1.0000063985446217,1.0000000060159868,-1.0000073073129963,-1.000012083882667,1.0000046328490493,-1.0000090898761829,1.000011431546133,1.000001087794587,-1.0000032978230249
0.9353158523347282,-0.8996379725927238,-0.9633909511366283,0.8996260357960895,0.9959917086623794,0.45172513912809376,0.9959127029522047,0.9353903061387505,0.18044790569901226,-0.738902514152088,0.7389561310284707,-0.7384764731521113,0.9959677492116655,0.1797294593947813,-1.0000008788497405,-0.8998099860176951,0.45229003197049633,-1.000005908264097,1.0000033912234225,1.0000081658637006,-1.0000021186478942,-1.0000052795676173,-1.0000073073129963,1.0000000024210949,1.0000081658637003,-1.000003517696796,1.0000065704917442,-1.000008911468044,-0.9999985839441808,1.0000007869451861
0.9353012555651624,-0.8996187424954657,-0.9633811067033743,0.8996068048500678,0.9960012794659374,0.45167922903792207,0.9959125922689834,0.9353757207794027,0.1805017595093455,-0.7389423442869931,0.7389959590208637,-0.7385163277176944,0.9959773404498439,0.17978331699086803,-1.0000056387882406,-0.8997907774618695,0.45224414072826685,-1.0000106848337666,1.0000081658637,1.0000129434192015,-1.0000068890030365,-1.0000086566458612,-1.000012083882667,1.0000081658637003,1.0000000092406904,-1.0000068890030358,1.0000113486709918,-1.0000136906959631,-1.0000033386794833,1.0000055522851372
-0.93534283367289,0.8996715949469605,0.9634110716106653,-0.8996596593367143,-0.9959833248979042,-0.45179559994198876,-0.9959186265059007,-0.9354172710363091,-0.1803693615089522,0.7388479247401829,-0.738901545089088,0.7384218451946571,-0.9959593351061616,-0.17965090550526577,0.9999996280035656,0.8998435775131033,-0.45236046815049863,1.0000046328490475,-1.0000021186478942,-1.000006889003036,1.0000008524019846,1.0000026057472284,1.0000046328490493,-1.000003517696796,-1.0000068890030358,1.000000000608554,-1.00000529270045,1.0000076321388074,0.9999973407732815,-1.0000009271563628
0.9352956182257827,-0.8996121915975543,-0.9633764288236534,0.8996002537984731,0.9960007375770229,0.45166805619191214,0.9959099453461966,0.9353700857293435,0.18051299482009162,-0.7389490593822696,0.7390026735112671,-0.7385230492333197,0.9959768030683214,0.17979455498865768,-1.0000040402169332,-0.8997842308044952,0.45223297051804034,-1.0000090898761829,1.0000065704917447,1.000011348670993,-1.00000529270045,-1.0000084606455697,-1.0000090898761829,1.0000065704917442,1.0000113486709918,-1.00000529270045,1.000000006963714,-1.000013495359023,-1.000001738983657,1.000003954893336
-0.9352909687600516,0.899605857442212,0.9633735019694097,-0.899593919331191,-0.9960047967394905,-0.4516518688541416,-0.9959105310622933,-0.9353654404034821,-0.1805324291010697,0.7389638131392042,-0.7390174265330364,0.7385378114886174,-0.9959808695467266,-0.1798139901791032,1.0000063759179947,0.8997779044844804,-0.4522167902946424,1.0000114315461333,-1.000008911468044,-1.0000136906959631,1.000007632138807,1.000009403106644,1.000011431546133,-1.000008911468044,-1.0000136906959631,1.0000076321388074,-1.000013495359023,1.0000000103083841,1.0000040728165347,-1.0000062925317907
-0.935442199041785,0.8997951241514935,0.9634854635210659,-0.8997831928534245,-0.9959552681303416,-0.45205289279144595,-0.9959427126634216,-0.9355165765490263,-0.18008330622776098,0.7386497887838149,-0.7387034218439825,0.7382235682913372,-0.9959297686619552,-0.1793648141334642,0.9999961725157973,0.8999669944011116,-0.45261767177553314,1.0000010877945857,-0.9999985839441808,-1.0000033386794827,0.9999973407732812,0.9999990630380896,1.000001087794587,-0.9999985839441808,-1.0000033386794833,0.9999973407732815,-1.000001738983657,1.0000040728165347,0.9999999956544938,-0.9999974425336092
0.9353745538106615,-0.899711080619358,-0.9634347677564117,0.8996991463958031,0.9959736712385548,0.4518781225343996,0.9959257148939362,0.9354489719432648,0.18027747948367942,-0.7387841619195493,0.7388377863397204,-0.7383580372016266,0.9959496459337617,0.17955901202630725,-0.999998321732711,-0.8998830270940452,0.4524429619924227,-1.0000032978230238,1.000000786945187,1.000005552285138,-1.0000009271563624,-1.0000012714743836,-1.0000032978230249,1.0000007869451861,1.0000055522851372,-1.0000009271563628,1.000003954893336,-1.0000062925317907,-0.9999974425336092,0.9999999987238379
