0.9999999891669751,-0.9999856066752567,0.9999887215631815,0.9999842352910584,0.9999990830864469,-0.9999982518708107,0.9999976272033059,-0.9999848766514573,-0.9999848766514543,-0.9999848766514527,-0.9999988976367885,-0.9999929890230796,-1.0000025394749783,1.0000050565346703,1.0000050565346768
-0.9999856066752567,0.9999999895761832,-0.9999893546156469,-0.9999848683461747,-0.9999993668815587,0.9999985356664716,-0.9999979109999216,0.9999851604559683,0.9999851604559656,0.9999851604559656,0.9999991814334511,0.9999932728222996,1.000002823270517,-1.000005340329949,-1.0000053403299558
0.9999887215631815,-0.9999893546156469,0.9999999945710111,0.9999879832343089,1.0000028310158262,-1.0000019998011478,1.0000013751372956,-0.9999886245985349,-0.999988624598533,-0.9999886245985313,-1.0000026455740567,-0.9999970862113251,-1.000006287414656,1.000008804478892,1.0000088044788997
0.9999842352910584,-0.9999848683461747,0.9999879832343089,0.999999988102402,0.9999983447594931,-0.999997513543672,0.9999968888754511,-0.9999844875720831,-0.9999844875720771,-0.9999844875720773,-0.9999981593082842,-0.9999922506946018,-1.00000180114599,1.0000043182047775,1.0000043182047849
0.9999990830864469,-0.9999993668815587,1.0000028310158262,0.9999983447594931,1.0000000095109156,-1.000012710539177,1.000011736634646,-0.999998986134489,-0.9999989861344871,-0.999998986134486,-1.0000130070805464,-1.0000070984673248,-1.0000166489274898,1.0000191660042896,1.0000191660042965
-0.9999982518708107,0.9999985356664716,-1.0000019998011478,-0.999997513543672,-1.000012710539177,1.0000000083124194,-1.0000112546725992,0.9999981549177699,0.9999981549177684,0.9999981549177673,1.0000121758667364,1.0000062672533048,1.0000158177132512,-1.0000183347890566,-1.0000183347890628
0.9999976272033059,-0.9999979109999216,1.0000013751372956,0.9999968888754511,1.000011736634646,-1.0000112546725992,1.0000000074117508,-0.9999975302486542,-0.999997530248652,-0.9999975302486509,-1.0000119004613974,-1.0000059918440352,-1.0000155423095138,1.0000177101344125,1.0000177101344174
-0.9999848766514573,0.9999851604559683,-0.9999886245985349,-0.9999844875720831,-0.999998986134489,0.9999981549177699,-0.9999975302486542,0.9999999890271568,0.9999847796810512,0.9999847796810508,0.9999988006824871,0.9999928920630878,1.0000024425235166,-1.000004959584415,-1.0000049595844207
-0.9999848766514543,0.9999851604559656,-0.999988624598533,-0.9999844875720771,-0.9999989861344871,0.9999981549177684,-0.999997530248652,0.9999847796810512,0.9999999890271568,0.999984779681047,0.9999988006824853,0.9999928920630853,1.0000024425235154,-1.0000049595844118,-1.0000049595844187
-0.9999848766514527,0.9999851604559656,-0.9999886245985313,-0.9999844875720773,-0.999998986134486,0.9999981549177673,-0.9999975302486509,0.9999847796810508,0.999984779681047,0.9999999890271568,0.9999988006824837,0.9999928920630851,1.000002442523514,-1.000004959584411,-1.0000049595844165
-0.9999988976367885,0.9999991814334511,-1.0000026455740567,-0.9999981593082842,-1.0000130070805464,1.0000121758667364,-1.0000119004613974,0.9999988006824871,0.9999988006824853,0.9999988006824837,1.000000009243564,1.0000069130337073,1.0000164635086677,-1.0000189805874617,-1.0000189805874689
-0.9999929890230796,0.9999932728222996,-0.9999970862113251,-0.9999922506946018,-1.0000070984673248,1.0000062672533048,-1.0000059918440352,0.9999928920630878,0.9999928920630853,0.9999928920630851,1.0000069130337073,1.0000000007241192,1.0000105548782159,-1.0000130719481803,-1.0000130719481861
-1.0000025394749783,1.000002823270517,-1.000006287414656,-1.00000180114599,-1.0000166489274898,1.0000158177132512,-1.0000155423095138,1.0000024425235166,1.0000024425235154,1.000002442523514,1.0000164635086677,1.0000105548782159,1.0000000144946366,-1.0000229717025089,-1.0000229717025169
1.0000050565346703,-1.000005340329949,1.000008804478892,1.0000043182047775,1.0000191660042896,-1.0000183347890566,1.0000177101344125,-1.000004959584415,-1.0000049595844118,-1.000004959584411,-1.0000189805874617,-1.0000130719481803,-1.0000229717025089,1.0000000181239417,1.000025139541504
1.0000050565346768,-1.0000053403299558,1.0000088044788997,1.0000043182047849,1.0000191660042965,-1.0000183347890628,1.0000177101344174,-1.0000049595844207,-1.0000049595844187,-1.0000049595844165,-1.0000189805874689,-1.0000130719481861,-1.0000229717025169,1.000025139541504,1.0000000181239417
