1.000000000606966,-0.7281230471790557,-0.7281233347325013,0.7281237804070277,0.3290185613845616,0.5566000242595376,0.06033126879150707,-0.06571436458578939,0.041104378841087946,0.09028382309201619,-0.1175840360391288,-0.09028400616911479,-0.11479784429044934,-0.5566004154635669,-0.35694474614840765,-0.2432690677755444,0.24326946347562953,-0.2556511496168075,-0.23084875488324194,0.11478919200687639,-0.11478029614611066,0.1392503165307778,0.1147802151242025,0.11477143468622741,0.23084846419409183,0.21839086939219662,0.19337088629628696,0.2556505712609662,-0.20589753502030975,0.3569436860452436,0.2058973255845128,-0.114762663183733,0.11475410039309959,-0.11474587421535543,0.1147381236573541,-0.11473099569799339,0.11472464429013356,-0.1147192316484253,0.11471493002691786,-0.11471191617215505,0.11471034876342237
-0.7281230471790557,1.0000000013605368,0.06032683572872726,-1.0000014262907764,-0.8868500713191415,-0.9747303847561366,0.6402687683153975,0.7318107137921495,-0.7147947143289715,-0.7483824880536258,0.7663061163070095,0.7483821864885255,0.7645001430104423,0.9747306566216131,0.9001935301850618,0.8419856527298579,-0.8419858435140967,0.8488147056943143,0.8350195207076495,-0.7644943704584269,0.7644888183716503,-0.7801591755617607,-0.7644884527670859,-0.7644837610323528,-0.835019381278077,-0.8279167976544164,-0.813306986717359,-0.848814384217176,0.8206788554385442,-0.9001928921430792,-0.8206786663891824,0.764478985146671,-0.7644745356641163,0.7644704488470005,-0.7644667595983887,0.7644634992273404,-0.7644606990791195,0.7644583908628244,-0.7644566049149719,0.7644553647271138,-0.7644546827487709
-0.7281233347325013,0.06032683572872726,0.9999999979340801,-0.060327981689779035,0.40771484329525964,0.1641811153155225,-0.7281219308785122,-0.6361106603159018,0.654932836116674,0.6169032792297635,-0.5950711068909613,-0.6169027110617755,-0.5973225114708952,-0.16418065204609136,-0.38039079553509486,-0.48772247317923983,0.48772208772759146,-0.47652018770913157,-0.49884335399474106,0.5973293387647887,-0.5973367412297603,0.5773727540014988,0.5973364936147275,0.5973445883433256,0.49884363787946473,0.5098823593141149,0.5317077653696749,0.47652070845957395,-0.5208377683520846,0.3803917012628669,0.5208378842928253,-0.5973525859091646,0.5973606059413588,-0.5973684984472607,0.5973760959022255,-0.5973832155784061,0.5973896646283948,-0.597395238537444,0.5973997167984577,-0.5974028655172663,0.5974044660680249
0.7281237804070277,-1.0000014262907764,-0.060327981689779035,1.0000000009060899,0.8868494143617437,0.9747299783588718,-0.6402676672929442,-0.7318096847020065,0.7147936698577391,0.7483814749682529,-0.7663051217693652,-0.7483811734038457,-0.7644991465435679,-0.9747300847780815,-0.9001927345360988,-0.8419847542423665,0.8419849450269992,-0.8488138176464122,-0.8350186119292109,0.764493373985883,-0.7644878218925777,0.7801581963234552,0.7644874562884773,0.7644827645459277,0.835018472499319,0.8279158787340256,0.8133060479659664,0.8488134961688424,-0.8206779265266316,0.9001920964933684,0.8206777374771862,-0.764477988652532,0.7644735391620315,-0.7644694523369145,0.7644657630804482,-0.7644625027019106,0.7644597025468064,-0.7644573943244783,0.7644556083717213,-0.7644543681803808,0.764453686200271
0.3290185613845616,-0.8868500713191415,0.40771484329525964,0.8868494143617437,0.9999999994895871,0.9676577458991032,-0.9227498616996115,-0.9638979666299095,0.9570449901123963,0.970166265394114,-0.976456184805882,-0.9701657265245455,-0.9758463063927502,-0.9676576288003841,-0.9995570339612835,-0.9959939934981998,0.9959939895964135,-0.9970553114452326,-0.9947694314184351,0.9758441861780573,-0.9758425338870311,0.9809360056682573,0.9758420848200516,0.9758415400068843,0.9947694352826859,0.9933820191334101,0.9901203611138584,0.9970554238690827,-0.9918322150383191,0.9995568695598377,0.9918320957700827,-0.9758408732379276,0.9758405154539049,-0.9758404303947668,0.97584057244146,-0.9758408856496337,0.9758413094236956,-0.9758417781000421,0.9758422173565795,-0.9758425404127068,0.9758426574545874
0.5566000242595376,-0.9747303847561366,0.1641811153155225,0.9747299783588718,0.9676577458991032,1.0000000008483048,-0.7956852848823147,-0.8655577312399103,0.8529543902659027,0.8776358672882961,-0.8904625211864708,-0.8776354421175568,-0.8891816657527056,-1.0000010274848459,-0.9747287376602148,-0.941226821094363,0.941226923369497,-0.9454684390939398,-0.9368315192534201,0.8891774890835445,-0.8891736590071869,0.900191660568937,0.8891732422899671,0.8891704173667944,0.9368314449979724,0.9322829104799997,0.922729555054114,0.9454682379438412,-0.9275819653860002,0.9747284752753125,0.927581804509153,-0.8891674875382806,0.8891648852990229,-0.8891626129163714,0.8891606673907929,-0.8891590387685867,0.8891577148670987,-0.8891566812520801,0.8891559185537979,-0.8891553976421113,0.8891550818918457
0.06033126879150707,0.6402687683153975,-0.7281219308785122,-0.6402676672929442,-0.9227498616996115,-0.7956852848823147,0.9999999957284064,0.9920476945074682,-0.9948473892674182,-0.9886463535763257,0.9841534110983889,0.9886457092602533,0.9846458327361057,0.7956850014503247,0.9108855311369248,0.9535117709740989,-0.9535116053596606,0.949580504976036,0.9572862609061465,-0.9846471227166587,0.9846490067121373,-0.9800462579808735,-0.9846485651021141,-0.9846515726264216,-0.9572863836245955,-0.960903947560013,-0.9676672548490992,-0.9495806849638311,0.9643644487559827,-0.9108857900015429,-0.9643644081595178,0.9846544475933692,-0.9846575639878412,0.9846608312839731,-0.9846641445307535,0.9846673846095588,-0.9846704246391192,0.9846731290093953,-0.9846753488608914,0.9846769203316906,-0.9846776837271481
-0.06571436458578939,0.7318107137921495,-0.6361106603159018,-0.7318096847020065,-0.9638979666299095,-0.8655577312399103,0.9920476945074682,0.9999999921636766,-0.9996862588735713,-0.9996850161903599,0.9986342851974332,0.9996845606141891,0.9987754085636987,0.8655574972065467,0.9555569336106384,0.983842591826637,-0.9838424761370644,0.9814731242645883,0.986050519046287,-0.9987756076990358,0.998776369948747,-0.9972591957861318,-0.9987759182794077,-0.9987778182187592,-0.9860506050885595,-0.9880969617020228,-0.9917048096330596,-0.9814732313034303,0.9899818053864256,-0.9555570587870827,-0.9899817384097197,0.9987795867722913,-0.9987816229734109,0.9987838524460152,-0.998786187793407,0.9987885284608159,-0.9987907670123813,0.9987927883276486,-0.9987944653064754,0.9987956564176167,-0.9987962220187557
0.041104378841087946,-0.7147947143289715,0.654932836116674,0.7147936698577391,0.9570449901123963,0.8529543902659027,-0.9948473892674182,-0.9996862588735713,0.999999993763958,0.9987754255867581,-0.9970487500722021,-0.9987747992226184,-0.9972590350526847,-0.8529541462621276,-0.9480032582921594,-0.9791336819827223,0.9791335563678824,-0.9764552888742898,-0.981651265636923,0.9972594481341258,-0.9972604310890517,0.9951369241446322,0.9972599808243318,0.9972621001204879,0.9816513589719024,0.9840080794274242,0.988238602895393,0.9764554103379498,-0.9862039563468674,0.9480034098149699,0.9862038944541461,-0.9972640876367017,0.9972663379994169,-0.9972687735755837,0.9972713034200885,-0.9972738232154919,0.9972762215819326,-0.9972783792407868,0.9972801646699706,-0.9972814317862899,0.9972820368441644
0.09028382309201619,-0.7483824880536258,0.6169032792297635,0.7483814749682529,0.970166265394114,0.8776358672882961,-0.9886463535763257,-0.9996850161903599,0.9987754255867581,0.9999999919710487,-0.9996140591202917,-0.9999879425874046,-0.9996859372025801,-0.877635643367054,-0.9625309696698912,-0.9879547890791699,0.9879546833847261,-0.985895675333716,-0.9898517295690559,0.9996860877235881,-0.999686628812001,0.9987766906777702,0.9996861760119542,0.9996878554485613,0.9898518082666733,0.991586568735566,0.9945695705911702,0.9858957678832093,-0.9931592448391583,0.9625310684247654,0.9931591728192443,-0.9996894039731625,0.9996912247840514,-0.9996932468070678,0.9996953862468232,-0.9996975463720791,0.9996996237559943,-0.999701507505973,0.9997030750207464,-0.9997041894066953,0.999704715209303
-0.1175840360391288,0.7663061163070095,-0.5950711068909613,-0.7663051217693652,-0.976456184805882,-0.8904625211864708,0.9841534110983889,0.9986342851974332,-0.9970487500722021,-0.9996140591202917,0.9999999948911383,0.9996134506223148,0.9999878781934959,0.8904623086875277,0.9696123554399966,0.9918306429552617,-0.991830548468324,0.990118657540453,0.9933798657872643,-0.9999876248653442,0.999987919246936,-0.9997549468990762,-0.9999874655103189,-0.9999888981621995,-0.9933799362486686,-0.9947664159088195,-0.9970511955383375,-0.9901187338862322,0.995990290284,-0.9696124246971134,-0.9959902126985817,0.9999902005231884,-0.9999917801428652,0.9999935696753112,-0.9999954893958436,0.9999974469006672,-0.9999993433017388,1.0000010724943234,-1.0000025169751934,1.0000035451134766,-1.0000040262153593
-0.09028400616911479,0.7483821864885255,-0.6169027110617755,-0.7483811734038457,-0.9701657265245455,-0.8776354421175568,0.9886457092602533,0.9996845606141891,-0.9987747992226184,-0.9999879425874046,0.9996134506223148,0.9999999910948579,0.9996854934349447,0.8776352181964596,0.9625304423830285,0.9879542182472347,-0.98795411255297,0.9858951087925484,0.9898511545404911,-0.9996854785072327,0.9996860195930944,-0.998776087925895,-0.9996855667933107,-0.9996872462266432,-0.9898512332379528,-0.991585989604611,-0.9945689835403778,-0.985895201341874,0.9931586617005753,-0.9625305411376056,-0.9931585896806169,0.9996887947480116,-0.9996906155555026,0.9996926375750407,-0.9996947770113349,0.999696937133253,-0.9996990145140673,0.9997008982613025,-0.9997024657738263,0.9997035801581661,-0.9997041059599587
-0.11479784429044934,0.7645001430104423,-0.5973225114708952,-0.7644991465435679,-0.9758463063927502,-0.8891816657527056,0.9846458327361057,0.9987754085636987,-0.9972590350526847,-0.9996859372025801,0.9999878781934959,0.9996854934349447,0.9999999934497779,0.8891814520791415,0.9689213557599865,0.9914680082453783,-0.9914679126098231,0.9897204874908556,0.9930528211524511,-0.9999904057958335,0.9999908908480789,-0.9996885572958416,-0.9999904371918358,-0.9999918951141873,-0.993052892457971,-0.9944750142539195,-0.9968313799339191,-0.9897205654952882,0.9957345785140599,-0.9689214280341821,-0.9957345014947867,0.9999932226777383,-0.9999948270011341,0.9999966403551481,-0.9999985825963719,1.0000005608756126,-1.0000024758376118,1.0000042208847164,-1.0000056779887003,1.0000067149763918,-1.0000072006630194
-0.5566004154635669,0.9747306566216131,-0.16418065204609136,-0.9747300847780815,-0.9676576288003841,-1.0000010274848459,0.7956850014503247,0.8655574972065467,-0.8529541462621276,-0.877635643367054,0.8904623086875277,0.8776352181964596,0.8891814520791415,1.0000000008504226,0.974728799587625,0.941226663777272,-0.9412267660526161,0.9454682874511802,0.9368313562885585,-0.8891772754064036,0.8891734453261501,-0.9001914572760176,-0.8891730286090199,-0.8891702036816341,-0.936831282032923,-0.9322827418941648,-0.9227293753102686,-0.9454680863008597,0.9275817912068519,-0.9747283717556526,-0.9275816303298995,0.8891672738488944,-0.8891646716053678,0.8891623992184888,-0.8891604536888135,0.8891588250627467,-0.88915750115774,0.8891564675396543,-0.8891557048388814,0.8891551839254203,-0.8891548681742315
-0.35694474614840765,0.9001935301850618,-0.38039079553509486,-0.9001927345360988,-0.9995570339612835,-0.9747287376602148,0.9108855311369248,0.9555569336106384,-0.9480032582921594,-0.9625309696698912,0.9696123554399966,0.9625304423830285,0.9689213557599865,0.974728799587625,0.9999999990465681,0.9928956556980895,-0.9928956642948482,0.994335456241966,0.9912933341564947,-0.9689189860738038,0.9689170715902635,-0.9747256725914452,-0.9689166248224631,-0.9689158094900164,-0.9912933288282844,-0.9895287383582322,-0.9855146903672631,-0.9943353855854957,0.9876023886014197,-0.9999982994607733,-0.98760226402829,0.9689148738001242,-0.9689142503284065,0.9689139072326518,-0.968913803762326,0.9689138892040565,-0.9689141084629967,0.9689144016911012,-0.968914700791375,0.9689149254842794,-0.9689149919210631
-0.2432690677755444,0.8419856527298579,-0.48772247317923983,-0.8419847542423665,-0.9959939934981998,-0.941226821094363,0.9535117709740989,0.983842591826637,-0.9791336819827223,-0.9879547890791699,0.9918306429552617,0.9879542182472347,0.9914680082453783,0.941226663777272,0.9928956556980895,0.9999999991697966,-0.9999986270593351,0.9999167833629681,0.999916998639442,-0.991466649682072,0.9914657948072358,-0.9943806874536956,-0.9914653412208072,-0.9914656129599344,-0.9999170301314113,-0.999671449684516,-0.998690169382557,-0.999916783660148,0.999262456877313,-0.9928955872054229,-0.999262354200963,0.9914657585866021,-0.9914662018250927,0.9914668933211996,-0.9914677730561143,0.9914687696506338,-0.9914698062877463,0.991470800162604,-0.9914716586262871,0.9914722758077903,-0.9914725444311728
0.24326946347562953,-0.8419858435140967,0.48772208772759146,0.8419849450269992,0.9959939895964135,0.941226923369497,-0.9535116053596606,-0.9838424761370644,0.9791335563678824,0.9879546833847261,-0.991830548468324,-0.98795411255297,-0.9914679126098231,-0.9412267660526161,-0.9928956642948482,-0.9999986270593351,0.9999999991107392,-0.9999165817958384,-0.999916786374669,0.991466554042983,-0.9914656991644469,0.994380601938412,0.9914652455780482,0.9914655173133675,0.9999169833131496,0.9996713975290641,0.9986901065792992,0.999916747539402,-0.9992623993931885,0.9928955958017249,0.9992622967167705,-0.9914656629362539,0.9914661061710226,-0.9914667976635185,0.9914676773950082,-0.9914686739863542,0.9914697106206262,-0.9914707044930493,0.9914715629547924,-0.991472180134944,0.991472448757628
-0.2556511496168075,0.8488147056943143,-0.47652018770913157,-0.8488138176464122,-0.9970553114452326,-0.9454684390939398,0.949580504976036,0.9814731242645883,-0.9764552888742898,-0.985895675333716,0.990118657540453,0.9858951087925484,0.9897204874908556,0.9454682874511802,0.994335456241966,0.9999167833629681,-0.9999165817958384,0.9999999987362427,0.9996714907485511,-0.989719019340009,0.9897180500102056,-0.9929459234365611,-0.9897175968475312,-0.9897177519479,-0.9996715183050464,-0.9992625276629491,-0.997954492056395,-0.9999980522784438,0.9986901909771756,-0.9943353740001177,-0.9986900858777175,0.9897177814683761,-0.9897181103731452,0.9897186911563282,-0.9897194658289202,0.9897203651839698,-0.9897213146865351,0.9897222339424462,-0.9897230328781633,0.989723608300781,-0.9897238553788933
-0.23084875488324194,0.8350195207076495,-0.49884335399474106,-0.8350186119292109,-0.9947694314184351,-0.9368315192534201,0.9572862609061465,0.986050519046287,-0.981651265636923,-0.9898517295690559,0.9933798657872643,0.9898511545404911,0.9930528211524511,0.9368313562885585,0.9912933341564947,0.999916998639442,-0.999916786374669,0.9996714907485511,0.9999999990120363,-0.9930515723848504,0.9930508320899795,-0.9956523075988346,-0.9930503781541866,-0.993050766472161,-0.9999984823801558,-0.9999163307988024,-0.999261923491062,-0.999671498669623,0.9996708927751706,-0.9912932794224003,-0.999670792538443,0.9930510281658489,-0.9930515856503712,0.9930523877315113,-0.9930533723707635,0.993054466028655,-0.9930555896189853,0.9930566579401254,-0.9930575757832814,0.9930582346170616,-0.9930585247388678
0.11478919200687639,-0.7644943704584269,0.5973293387647887,0.764493373985883,0.9758441861780573,0.8891774890835445,-0.9846471227166587,-0.9987756076990358,0.9972594481341258,0.9996860877235881,-0.9999876248653442,-0.9996854785072327,-0.9999904057958335,-0.8891772754064036,-0.9689189860738038,-0.991466649682072,0.991466554042983,-0.989719019340009,-0.9930515723848504,0.9999999931237779,-0.9999904965834298,0.9996882797936264,0.9999902083741347,0.9999916663744378,0.9930516436929636,0.9944738754845094,0.9968304616939248,0.9897190973495443,-0.9957335499267568,0.9689190583572841,0.9957334729092228,-0.9999929940157509,0.9999945984153322,-0.9999964118427723,0.9999983541533832,-1.000000332496606,1.000002247515747,-1.0000039926116484,1.0000054497544668,-1.000006486769381,1.000006972470125
-0.11478029614611066,0.7644888183716503,-0.5973367412297603,-0.7644878218925777,-0.9758425338870311,-0.8891736590071869,0.9846490067121373,0.998776369948747,-0.9972604310890517,-0.999686628812001,0.999987919246936,0.9996860195930944,0.9999908908480789,0.8891734453261501,0.9689170715902635,0.9914657948072358,-0.9914656991644469,0.9897180500102056,0.9930508320899795,-0.9999904965834298,0.9999999935790629,-0.9996883776491414,-0.9999903626920419,-0.9999918207737758,-0.9930509034007945,-0.9944732498887559,-0.9968300657766437,-0.9897181280250983,0.9957330391300208,-0.968917143883434,-0.995732962114235,0.9999933139428623,-0.9999949184220543,0.9999967319263343,-0.9999986743096445,1.000000652719976,-1.000002567799108,1.00000431294627,-1.000005770129906,1.0000068071734236,-1.0000072928889627
0.1392503165307778,-0.7801591755617607,0.5773727540014988,0.7801581963234552,0.9809360056682573,0.900191660568937,-0.9800462579808735,-0.9972591957861318,0.9951369241446322,0.9987766906777702,-0.9997549468990762,-0.998776087925895,-0.9996885572958416,-0.9001914572760176,-0.9747256725914452,-0.9943806874536956,0.994380601938412,-0.9929459234365611,-0.9956523075988346,0.9996882797936264,-0.9996883776491414,0.999999995987371,0.9996879234117879,0.999689158861546,0.9956523714665086,0.9967608879753691,0.9984889798853056,0.9929459868438204,-0.9977064722742947,0.9747258837790398,0.9977063903007638,-0.9996902645849769,0.9996916513752577,-0.9996932548903112,0.9996949986885802,-0.999696793860572,0.9996985451842797,-0.9997001504231378,0.9997014961951306,-0.9997024551293381,0.9997029003918024
0.1147802151242025,-0.7644884527670859,0.5973364936147275,0.7644874562884773,0.9758420848200516,0.8891732422899671,-0.9846485651021141,-0.9987759182794077,0.9972599808243318,0.9996861760119542,-0.9999874655103189,-0.9996855667933107,-0.9999904371918358,-0.8891730286090199,-0.9689166248224631,-0.9914653412208072,0.9914652455780482,-0.9897175968475312,-0.9930503781541866,0.9999902083741347,-0.9999903626920419,0.9996879234117879,0.9999999929330596,0.999991532564388,0.9930504494649733,0.994472795677926,0.9968296112385914,0.9897176748623995,-0.995732584718432,0.9689166971156146,0.9957325077026725,-0.9999928602865278,0.9999944647652919,-0.9999962782690476,0.9999982206517712,-1.000000199061486,1.0000021141400057,-1.0000038592865983,1.0000053164697529,-1.000006353512927,1.0000068392283132
0.11477143468622741,-0.7644837610323528,0.5973445883433256,0.7644827645459277,0.9758415400068843,0.8891704173667944,-0.9846515726264216,-0.9987778182187592,0.9972621001204879,0.9996878554485613,-0.9999888981621995,-0.9996872462266432,-0.9999918951141873,-0.8891702036816341,-0.9689158094900164,-0.9914656129599344,0.9914655173133675,-0.9897177519479,-0.993050766472161,0.9999916663744378,-0.9999918207737758,0.999689158861546,0.999991532564388,0.9999999950094187,0.9930508377857181,0.9944733005090769,0.9968303488214276,0.9897178299682635,-0.9957332059777679,0.9689158817930327,0.9957331289636983,-0.9999941530869709,0.9999959230937229,-0.9999977366762365,0.9999996791336836,-1.0000016576125377,1.0000035727529968,-1.0000053179526132,1.0000067751780481,-1.0000078122508562,1.0000082979815048
0.23084846419409183,-0.835019381278077,0.49884363787946473,0.835018472499319,0.9947694352826859,0.9368314449979724,-0.9572863836245955,-0.9860506050885595,0.9816513589719024,0.9898518082666733,-0.9933799362486686,-0.9898512332379528,-0.993052892457971,-0.936831282032923,-0.9912933288282844,-0.9999170301314113,0.9999169833131496,-0.9996715183050464,-0.9999984823801558,0.9930516436929636,-0.9930509034007945,0.9956523714665086,0.9930504494649733,0.9930508377857181,0.9999999990624766,0.9999165355911387,0.9992619706644171,0.9996715262263193,-0.9996709360382815,0.9912932740945327,0.9996708358015937,-0.9930510994821437,0.9930516569693474,-0.993052459053074,0.9930534436947732,-0.993054537354917,0.9930556609472596,-0.9930567292701123,0.9930576471146237,-0.9930583059493451,0.9930585960716327
0.21839086939219662,-0.8279167976544164,0.5098823593141149,0.8279158787340256,0.9933820191334101,0.9322829104799997,-0.960903947560013,-0.9880969617020228,0.9840080794274242,0.991586568735566,-0.9947664159088195,-0.991585989604611,-0.9944750142539195,-0.9322827418941648,-0.9895287383582322,-0.999671449684516,0.9996713975290641,-0.9992625276629491,-0.9999163307988024,0.9944738754845094,-0.9944732498887559,0.9967608879753691,0.994472795677926,0.9944733005090769,0.9999165355911387,0.999999998450252,0.9996700594532909,0.9992625432064736,-0.9999154810650753,0.9895286973914189,0.9999155487309758,-0.994473678224871,0.9944743498621118,-0.9944752623949951,0.9944763517755153,-0.9944775423159987,0.9944787526740526,-0.9944798952652495,0.9944808723365639,-0.9944815727140222,0.9944818842863826
0.19337088629628696,-0.813306986717359,0.5317077653696749,0.8133060479659664,0.9901203611138584,0.922729555054114,-0.9676672548490992,-0.9917048096330596,0.988238602895393,0.9945695705911702,-0.9970511955383375,-0.9945689835403778,-0.9968313799339191,-0.9227293753102686,-0.9855146903672631,-0.998690169382557,0.9986901065792992,-0.997954492056395,-0.999261923491062,0.9968304616939248,-0.9968300657766437,0.9984889798853056,0.9968296112385914,0.9968303488214276,0.9992619706644171,0.9996700594532909,0.9999999971507221,0.9979546882820852,-0.9999145727742925,0.9855146769519473,0.9999146453995914,-0.9968309583692061,0.9968318579559098,-0.9968329909190068,0.9968342892233517,-0.9968356729225073,0.9968370562021245,-0.9968383467556982,0.9968394417902758,-0.9968402249018717,0.9968405792175015
0.2556505712609662,-0.848814384217176,0.47652070845957395,0.8488134961688424,0.9970554238690827,0.9454682379438412,-0.9495806849638311,-0.9814732313034303,0.9764554103379498,0.9858957678832093,-0.9901187338862322,-0.985895201341874,-0.9897205654952882,-0.9454680863008597,-0.9943353855854957,-0.999916783660148,0.999916747539402,-0.9999980522784438,-0.999671498669623,0.9897190973495443,-0.9897181280250983,0.9929459868438204,0.9897176748623995,0.9897178299682635,0.9996715262263193,0.9992625432064736,0.9979546882820852,0.9999999987258085,-0.9986902141404556,0.9943353033442767,0.9986901090411232,-0.9897178594942283,0.9897181884044268,-0.9897187691928871,0.9897195438705053,-0.9897204432302259,0.9897213927369908,-0.9897223119965095,0.9897231109351188,-0.9897236863597725,0.9897239334389435
-0.20589753502030975,0.8206788554385442,-0.5208377683520846,-0.8206779265266316,-0.9918322150383191,-0.9275819653860002,0.9643644487559827,0.9899818053864256,-0.9862039563468674,-0.9931592448391583,0.995990290284,0.9931586617005753,0.9957345785140599,0.9275817912068519,0.9876023886014197,0.999262456877313,-0.9992623993931885,0.9986901909771756,0.9996708927751706,-0.9957335499267568,0.9957330391300208,-0.9977064722742947,-0.995732584718432,-0.9957332059777679,-0.9996709360382815,-0.9999154810650753,-0.9999145727742925,-0.9986902141404556,0.9999999977972878,-0.9876023614083081,-0.9999966455356808,0.9957336996514617,-0.9957344853291822,0.9957355081622594,-0.995736702103686,0.9957379893300177,-0.9957392862560209,0.995740502928848,-0.9957415390672758,0.9957422808729909,-0.9957426138444865
0.3569436860452436,-0.9001928921430792,0.3803917012628669,0.9001920964933684,0.9995568695598377,0.9747284752753125,-0.9108857900015429,-0.9555570587870827,0.9480034098149699,0.9625310684247654,-0.9696124246971134,-0.9625305411376056,-0.9689214280341821,-0.9747283717556526,-0.9999982994607733,-0.9928955872054229,0.9928955958017249,-0.9943353740001177,-0.9912932794224003,0.9689190583572841,-0.968917143883434,0.9747258837790398,0.9689166971156146,0.9689158817930327,0.9912932740945327,0.9895286973914189,0.9855146769519473,0.9943353033442767,-0.9876023614083081,0.9999999987674699,0.9876022368353906,-0.968914946112984,0.9689143226509672,-0.9689139795646149,0.9689138761032193,-0.9689139615532203,0.968914180819581,-0.9689144740540451,0.9689147731593988,-0.968914997855875,0.9689150642945079
0.2058973255845128,-0.8206786663891824,0.5208378842928253,0.8206777374771862,0.9918320957700827,0.927581804509153,-0.9643644081595178,-0.9899817384097197,0.9862038944541461,0.9931591728192443,-0.9959902126985817,-0.9931585896806169,-0.9957345014947867,-0.9275816303298995,-0.98760226402829,-0.999262354200963,0.9992622967167705,-0.9986900858777175,-0.999670792538443,0.9957334729092228,-0.995732962114235,0.9977063903007638,0.9957325077026725,0.9957331289636983,0.9996708358015937,0.9999155487309758,0.9999146453995914,0.9986901090411232,-0.9999966455356808,0.9876022368353906,0.9999999976615687,-0.9957336226390662,0.9957344083183969,-0.9957354311529956,0.9957366250958355,-0.9957379123234507,0.9957392092505822,-0.9957404259243555,0.995741462063519,-0.9957422038697388,0.9957425368414988
-0.114762663183733,0.764478985146671,-0.5973525859091646,-0.764477988652532,-0.9758408732379276,-0.8891674875382806,0.9846544475933692,0.9987795867722913,-0.9972640876367017,-0.9996894039731625,0.9999902005231884,0.9996887947480116,0.9999932226777383,0.8891672738488944,0.9689148738001242,0.9914657585866021,-0.9914656629362539,0.9897177814683761,0.9930510281658489,-0.9999929940157509,0.9999933139428623,-0.9996902645849769,-0.9999928602865278,-0.9999941530869709,-0.9930510994821437,-0.994473678224871,-0.9968309583692061,-0.9897178594942283,0.9957336996514617,-0.968914946112984,-0.9957336226390662,0.9999999969002636,-0.9999970856148583,0.9999990647222167,-1.0000010072538128,1.0000029858012438,-1.0000049010031,1.0000066462552508,-1.0000081035225505,1.0000091406246903,-1.0000096263704468
0.11475410039309959,-0.7644745356641163,0.5973606059413588,0.7644735391620315,0.9758405154539049,0.8891648852990229,-0.9846575639878412,-0.9987816229734109,0.9972663379994169,0.9996912247840514,-0.9999917801428652,-0.9996906155555026,-0.9999948270011341,-0.8891646716053678,-0.9689142503284065,-0.9914662018250927,0.9914661061710226,-0.9897181103731452,-0.9930515856503712,0.9999945984153322,-0.9999949184220543,0.9996916513752577,0.9999944647652919,0.9999959230937229,0.9930516569693474,0.9944743498621118,0.9968318579559098,0.9897181884044268,-0.9957344853291822,0.9689143226509672,0.9957344083183969,-0.9999970856148583,0.9999999991853206,-1.0000005040731539,1.0000026121244645,-1.000004590739508,1.0000065060019265,-1.0000082513059048,1.00000970861451,-1.000010745745584,1.0000112315062202
-0.11474587421535543,0.7644704488470005,-0.5973684984472607,-0.7644694523369145,-0.9758404303947668,-0.8891626129163714,0.9846608312839731,0.9987838524460152,-0.9972687735755837,-0.9996932468070678,0.9999935696753112,0.9996926375750407,0.9999966403551481,0.8891623992184888,0.9689139072326518,0.9914668933211996,-0.9914667976635185,0.9897186911563282,0.9930523877315113,-0.9999964118427723,0.9999967319263343,-0.9996932548903112,-0.9999962782690476,-0.9999977366762365,-0.993052459053074,-0.9944752623949951,-0.9968329909190068,-0.9897187691928871,0.9957355081622594,-0.9689139795646149,-0.9957354311529956,0.9999990647222167,-1.0000005040731539,1.000000001768126,-1.0000042605610044,1.0000064046882242,-1.0000083200093617,1.0000100653636022,-1.00001152271227,1.0000125598713965,-1.0000130456464407
0.1147381236573541,-0.7644667595983887,0.5973760959022255,0.7644657630804482,0.97584057244146,0.8891606673907929,-0.9846641445307535,-0.998786187793407,0.9972713034200885,0.9996953862468232,-0.9999954893958436,-0.9996947770113349,-0.9999985825963719,-0.8891604536888135,-0.968913803762326,-0.9914677730561143,0.9914676773950082,-0.9897194658289202,-0.9930533723707635,0.9999983541533832,-0.9999986743096445,0.9996949986885802,0.9999982206517712,0.9999996791336836,0.9930534436947732,0.9944763517755153,0.9968342892233517,0.9897195438705053,-0.995736702103686,0.9689138761032193,0.9957366250958355,-1.0000010072538128,1.0000026121244645,-1.0000042605610044,1.0000000045345332,-1.0000081820465543,1.0000102628701089,-1.0000120082721078,1.000013465658842,-1.0000145028446197,1.0000149886333354
-0.11473099569799339,0.7644634992273404,-0.5973832155784061,-0.7644625027019106,-0.9758408856496337,-0.8891590387685867,0.9846673846095588,0.9987885284608159,-0.9972738232154919,-0.9996975463720791,0.9999974469006672,0.999696937133253,1.0000005608756126,0.8891588250627467,0.9689138892040565,0.9914687696506338,-0.9914686739863542,0.9897203651839698,0.993054466028655,-1.000000332496606,1.000000652719976,-0.999696793860572,-1.000000199061486,-1.0000016576125377,-0.993054537354917,-0.9944775423159987,-0.9968356729225073,-0.9897204432302259,0.9957379893300177,-0.9689139615532203,-0.9957379123234507,1.0000029858012438,-1.000004590739508,1.0000064046882242,-1.0000081820465543,1.000000007352293,-1.0000120762756195,1.0000139871684992,-1.0000154445905012,1.0000164818009623,-1.0000169676023247
0.11472464429013356,-0.7644606990791195,0.5973896646283948,0.7644597025468064,0.9758413094236956,0.8891577148670987,-0.9846704246391192,-0.9987907670123813,0.9972762215819326,0.9996996237559943,-0.9999993433017388,-0.9996990145140673,-1.0000024758376118,-0.88915750115774,-0.9689141084629967,-0.9914698062877463,0.9914697106206262,-0.9897213146865351,-0.9930555896189853,1.000002247515747,-1.000002567799108,0.9996985451842797,1.0000021141400057,1.0000035727529968,0.9930556609472596,0.9944787526740526,0.9968370562021245,0.9897213927369908,-0.9957392862560209,0.968914180819581,0.9957392092505822,-1.0000049010031,1.0000065060019265,-1.0000083200093617,1.0000102628701089,-1.0000120762756195,1.0000000100798854,-1.0000157372364542,1.0000173601367097,-1.0000183973692953,1.000018883181985
-0.1147192316484253,0.7644583908628244,-0.597395238537444,-0.7644573943244783,-0.9758417781000421,-0.8891566812520801,0.9846731290093953,0.9987927883276486,-0.9972783792407868,-0.999701507505973,1.0000010724943234,0.9997008982613025,1.0000042208847164,0.8891564675396543,0.9689144016911012,0.991470800162604,-0.9914707044930493,0.9897222339424462,0.9930566579401254,-1.0000039926116484,1.00000431294627,-0.9997001504231378,-1.0000038592865983,-1.0000053179526132,-0.9930567292701123,-0.9944798952652495,-0.9968383467556982,-0.9897223119965095,0.995740502928848,-0.9689144740540451,-0.9957404259243555,1.0000066462552508,-1.0000082513059048,1.0000100653636022,-1.0000120082721078,1.0000139871684992,-1.0000157372364542,1.0000000125654718,-1.0000189402370374,1.0000201429351967,-1.0000206287575713
0.11471493002691786,-0.7644566049149719,0.5973997167984577,0.7644556083717213,0.9758422173565795,0.8891559185537979,-0.9846753488608914,-0.9987944653064754,0.9972801646699706,0.9997030750207464,-1.0000025169751934,-0.9997024657738263,-1.0000056779887003,-0.8891557048388814,-0.968914700791375,-0.9914716586262871,0.9914715629547924,-0.9897230328781633,-0.9930575757832814,1.0000054497544668,-1.000005770129906,0.9997014961951306,1.0000053164697529,1.0000067751780481,0.9930576471146237,0.9944808723365639,0.9968394417902758,0.9897231109351188,-0.9957415390672758,0.9689147731593988,0.995741462063519,-1.0000081035225505,1.00000970861451,-1.00001152271227,1.000013465658842,-1.0000154445905012,1.0000173601367097,-1.0000189402370374,1.0000000146409318,-1.0000214350059178,1.0000220862826312
-0.11471191617215505,0.7644553647271138,-0.5974028655172663,-0.7644543681803808,-0.9758425404127068,-0.8891553976421113,0.9846769203316906,0.9987956564176167,-0.9972814317862899,-0.9997041894066953,1.0000035451134766,0.9997035801581661,1.0000067149763918,0.8891551839254203,0.9689149254842794,0.9914722758077903,-0.991472180134944,0.989723608300781,0.9930582346170616,-1.000006486769381,1.0000068071734236,-0.9997024551293381,-1.000006353512927,-1.0000078122508562,-0.9930583059493451,-0.9944815727140222,-0.9968402249018717,-0.9897236863597725,0.9957422808729909,-0.968914997855875,-0.9957422038697388,1.0000091406246903,-1.000010745745584,1.0000125598713965,-1.0000145028446197,1.0000164818009623,-1.0000183973692953,1.0000201429351967,-1.0000214350059178,1.0000000161180012,-1.0000229581185285
0.11471034876342237,-0.7644546827487709,0.5974044660680249,0.764453686200271,0.9758426574545874,0.8891550818918457,-0.9846776837271481,-0.9987962220187557,0.9972820368441644,0.999704715209303,-1.0000040262153593,-0.9997041059599587,-1.0000072006630194,-0.8891548681742315,-0.9689149919210631,-0.9914725444311728,0.991472448757628,-0.9897238553788933,-0.9930585247388678,1.000006972470125,-1.0000072928889627,0.9997029003918024,1.0000068392283132,1.0000082979815048,0.9930585960716327,0.9944818842863826,0.9968405792175015,0.9897239334389435,-0.9957426138444865,0.9689150642945079,0.9957425368414988,-1.0000096263704468,1.0000112315062202,-1.0000130456464407,1.0000149886333354,-1.0000169676023247,1.000018883181985,-1.0000206287575713,1.0000220862826312,-1.0000229581185285,1.00000001680983
