1.0000000005214542,-0.9999969082185481,0.04498163093399973,-0.0449899704585754,0.7937492426288933,-0.7937584869165895,-0.06350325001101137,0.06349672886440123,-0.08809733036011773,0.08810651146734781,-0.7939725140648642,0.7939755269194751,0.09117493245513467,-0.09118521490675474,0.7947515342071421,-0.7946184365503473,-0.7948549231174594,0.7948906849242725,-0.25896777514210617,-0.25912579790246515,0.15279536922506695,0.793401739086103,0.258991176264742,0.7935699359034131,0.15295169514992174,0.25911196624707483,-0.06348355119499474,-0.1343808801968806,0.08198480457646816,-0.0974023985552889,-0.08504398150235488,0.11591294119957435,0.7937492426288902,0.09428211551668284,-0.0942736455826708,-0.09427364558266886,-0.7941991088919985,0.7944163472230669,0.7946430473533522,0.79464304735335,0.7948906849242755
-0.9999969082185481,0.9999999947718493,-0.04491098689721575,0.044919326498686823,-0.7937031337096081,0.793712379106091,0.06357338456702101,-0.06356686349922716,0.08816723384447887,-0.08817641477553452,0.7939264246935889,-0.7939294379843447,-0.09124480397413669,0.0912550862252836,-0.7947055135599378,0.7945724042338994,0.7948089116441529,-0.79484467650488,0.2590348567966138,0.25905662661920686,-0.15286445744270555,-0.793441684042537,-0.2590582571601554,-0.79352402835338,-0.1528813734438888,-0.2590427945931648,0.06355368598970745,0.1344502311919329,-0.08205476945842831,0.09747220321566485,0.0851139159843831,-0.11598253107853519,-0.7937031337096052,-0.09435195395331893,0.09434348421619966,0.09434348421619758,0.7941530395150075,-0.7943702969794075,-0.7945970170630736,-0.7945970170630713,-0.7948446765048839
0.04498163093399973,-0.04491098689721575,0.9999999995755848,-0.9999984014861144,0.643336848519708,-0.6433210220531334,0.9941113807161265,-0.9941124047017375,0.9911396700720805,-0.9911372778352122,-0.6430571828713093,0.6430509556921514,-0.990724605892028,0.9907218837694515,0.6420739534756867,-0.642240917855844,-0.6419427074505097,0.6418990022778441,0.9532648028068631,-0.9765191327693942,-0.9803847379342425,-0.5724030904753032,-0.9532543597242837,0.6435461476835841,0.9941125101492818,0.976524555900967,0.9941144898758707,0.9838811347996852,-0.9919344282256386,0.9898538846880399,0.9915413135998051,-0.9870384583765799,0.6433368485197056,-0.9902940758523165,0.9902967694188691,0.9902967694188697,-0.6427711260404017,0.6424973871747054,0.6422119136550685,0.6422119136550686,0.641899002277842
-0.0449899704585754,0.044919326498686823,-0.9999984014861144,0.9999999978406258,-0.6433424977482842,0.6433266713843708,-0.9941092592054668,0.9941102832438029,-0.9911373464362421,0.9911349541256341,0.6430628344216655,-0.643056607277307,0.9907222570321293,-0.9907195348271112,-0.642079613135246,0.6422465761316789,0.6419483681873578,-0.6419046633847083,-0.9532611023981672,0.9765197530875226,0.9803818872743638,0.5723955029066812,0.9532506591363575,-0.643551795072019,-0.9941124252978023,-0.9765251760941138,-0.9941125845124499,-0.9838784334476222,0.9919321547349882,-0.9898514848369572,-0.9915390150050831,0.9870359073229753,-0.6433424977482826,0.9902917015440543,-0.9902943951778534,-0.9902943951778548,0.6427767799495742,-0.6425030433446746,-0.64221757218397,-0.64221757218397,-0.6419046633847055
0.7937492426288933,-0.7937031337096081,0.643336848519708,-0.6433424977482842,1.0000000026590665,-1.0000013989235768,0.5566132618322415,-0.5566188828494084,0.5359559486114049,-0.5359474560150445,-1.0000045625122456,1.0000030799287913,-0.5333446765115019,0.533335139032013,1.0000029190112483,-1.0000025769586647,-1.0000022411028189,1.0000030369996997,0.38194683130688745,-0.7931522568629403,-0.47982559653561224,0.25951586710327496,-0.38192253917523544,0.9999937559565435,0.7224965643943455,0.7931449587873678,0.5566302512845573,0.49606657547885524,-0.5411242500501687,0.5280420380242542,0.5385404626024095,-0.5121420665145138,1.000003734660054,-0.530701318084318,0.5307094491341713,0.5307094491341736,-1.0000040459016524,1.0000038588208124,1.0000037780725985,1.000003778072597,1.0000030369997008
-0.7937584869165895,0.793712379106091,-0.6433210220531334,0.6433266713843708,-1.0000013989235768,0.9999999990256734,-0.5565964489099822,0.5566020699753278,-0.5359389386932344,0.5359304460441695,1.0000020175656388,-1.0000007511011797,0.5333276426452054,-0.5333181051074181,-1.0000003978323548,1.0000000517356966,0.999999723090504,-1.0000005200551414,-0.3819287331467969,0.7931389489226882,0.47980811620673003,-0.25953309836041877,0.38190444095226733,-0.9999914150257089,-0.7224819108863996,-0.7931316506204525,-0.556613438507695,-0.4960492219547467,0.5411072881784631,-0.52802495620222,-0.538523476608942,0.5121248458467347,-1.0000013989235736,0.5306842602267332,-0.5306923913172765,-0.5306923913172789,1.0000015078694675,-1.0000013274093063,-1.0000012535670066,-1.0000012535670049,-1.0000005200551416
-0.06350325001101137,0.06357338456702101,0.9941113807161265,-0.9941092592054668,0.5566132618322415,-0.5565964489099822,0.9999999952558396,-0.9999938686165557,0.9996915946497942,-0.9996902004231955,-0.5563096673061,0.556303119706191,-0.9996106829849394,0.9996090786349342,0.5552429547807415,-0.5554241835083046,-0.5551006299208736,0.5550530909143588,0.9803840717771141,-0.9474331741803755,-0.9959633414888551,-0.6578607994391978,-0.9803761768461272,0.5568417934573662,0.9765222295985889,0.9474400917298123,0.9999943067190467,0.9974593507508445,-0.9998227115240598,0.9994161438539685,0.99976172922584,-0.9986108331912057,0.5566132618322394,-0.9995175288254153,0.9995193011964769,0.9995193011964776,-0.5559993276684616,0.5557023081641154,0.5553925398295366,0.5553925398295367,0.5550530909143563
0.06349672886440123,-0.06356686349922716,-0.9941124047017375,0.9941102832438029,-0.5566188828494084,0.5566020699753278,-0.9999938686165557,0.999999995705571,-0.9996917487033911,0.9996903544153914,0.5563152895653669,-0.5563087419802656,0.9996108167664133,-0.9996092123476489,-0.5552485813667648,0.5554298093544051,0.5551062570804776,-0.555058718273605,-0.9803830894601907,0.947435570385614,0.9959630678957289,0.6578560707608948,0.9803751943704637,-0.5568474134654414,-0.9765239498053477,-0.947442487848852,-0.9999948386387921,-0.9974591991943558,0.9998229058194004,-0.9994162365934193,-0.999761903384452,0.9986108037696806,-0.5566188828494065,0.9995176421317424,-0.9995194145597949,-0.9995194145597945,0.5560049511862496,-0.5557079328888538,-0.5553981658138554,-0.5553981658138559,-0.5550587182736024
-0.08809733036011773,0.08816723384447887,0.9911396700720805,-0.9911373464362421,0.5359559486114049,-0.5359389386932344,0.9996915946497942,-0.9996917487033911,0.9999999987238589,-0.9999972589245764,-0.5356474044431887,0.5356407946392087,-0.9999935038088424,0.9999921565723872,0.5345634359498304,-0.534747614817796,-0.5344188223468153,0.5343704885088819,0.9849495126002183,-0.9392566834588794,-0.9978758055871022,-0.676237118774123,-0.9849422107612108,0.5361884838185028,0.9709151784648182,0.9392639298710327,0.9996920759088107,0.99891394053158,-0.9999780210865865,0.9999532273445697,0.9999927539643659,-0.9996068723947747,0.5359559486114032,-0.9999773114100137,0.9999788711459672,0.9999788711459666,-0.535332045654548,0.535030213300763,0.5347154221399901,0.5347154221399908,0.5343704885088789
0.08810651146734781,-0.08817641477553452,-0.9911372778352122,0.9911349541256341,-0.5359474560150445,0.5359304460441695,-0.9996902004231955,0.9996903544153914,-0.9999972589245764,0.9999999970653605,0.535638910371549,-0.5356323005522784,0.999992367889385,-0.9999912367392507,-0.5345549367442144,0.534739116491385,0.5344103224613483,-0.5343619883850057,-0.9849499765230149,0.9392523908119816,0.997875250417361,0.6762431970629778,0.98494267491719,-0.5361799924380092,-0.9709118162501816,-0.9392596373399958,-0.9996906814967573,-0.9989132110057231,0.9999767992104999,-0.9999521497701048,-0.9999917766700016,0.9996059686992946,-0.5359474560150429,0.9999762045940612,-0.9999777642479197,-0.9999777642479186,0.5353235500896089,-0.5350217163033625,-0.5347069236474747,-0.534706923647475,-0.534361988385003
-0.7939725140648642,0.7939264246935889,-0.6430571828713093,0.6430628344216655,-1.0000045625122456,1.0000020175656388,-0.5563096673061,0.5563152895653669,-0.5356474044431887,0.535638910371549,1.0000000039332875,-1.000004260226376,0.5330355255062778,-0.5330259863872221,-1.000004350281812,1.0000039283147504,1.000003734899598,-1.0000045519325766,-0.3816089004117797,0.7929300159763591,0.4795048844639126,-0.2598695376347155,0.38158460578729514,-0.9999944806802694,-0.7222441241688939,-0.7929227130526588,-0.5563266605068394,-0.49574920029539615,0.5408169197423095,-0.5277316680606984,-0.5382325234373705,0.511828139281247,-1.0000045625122422,0.5303915577440855,-0.5303996900135525,-0.5303996900135546,1.0000051442697013,-1.0000050879793632,-1.0000051436628365,-1.0000051436628357,-1.0000045519325778
0.7939755269194751,-0.7939294379843447,0.6430509556921514,-0.643056607277307,1.0000030799287913,-1.0000007511011797,0.556303119706191,-0.5563087419802656,0.5356407946392087,-0.5356323005522784,-1.000004260226376,1.0000000018257185,-0.5330289081936923,0.5330193690578167,1.000002879052044,-1.0000024555821196,-1.0000022648471267,1.0000030822766233,0.38160196826981363,-0.7929246450933957,-0.479498129747324,0.2598758049907536,-0.381577673634779,0.9999929961718439,0.7222382907828662,0.7929173420899969,0.5563201129516666,0.495742484048742,-0.5408103250394433,0.5277250357502818,0.5382259211470652,-0.511821463842579,1.0000030799287871,-0.5303849329234388,0.5303930652039167,0.5303930652039192,-1.0000038827630444,1.0000036129459096,1.0000036711963387,1.0000036711963378,1.0000030822766253
0.09117493245513467,-0.09124480397413669,-0.990724605892028,0.9907222570321293,-0.5333446765115019,0.5333276426452054,-0.9996106829849394,0.9996108167664133,-0.9999935038088424,0.999992367889385,0.5330355255062778,-0.5330289081936923,0.9999999988239672,-0.9999972492860129,-0.5319494417508424,0.5321339823005217,0.5318045476266651,-0.5317561162884265,-0.985479047643892,0.9381917477587354,0.9980723908861194,0.6785103351018423,0.9854718204278207,-0.5335777033017894,-0.9701708036369031,-0.9381990350625405,-0.9996111030023848,-0.9990531138359638,0.9999543612424848,-0.999977401156989,-0.9999785798661301,0.9996885638608534,-0.5333446765114996,0.999991799127512,-0.9999933321552081,-0.9999933321552089,0.5327195514656496,-0.5324171291242727,-0.5321017222267873,-0.5321017222267884,-0.5317561162884236
-0.09118521490675474,0.0912550862252836,0.9907218837694515,-0.9907195348271112,0.533335139032013,-0.5333181051074181,0.9996090786349342,-0.9996092123476489,0.9999921565723872,-0.9999912367392507,-0.5330259863872221,0.5330193690578167,-0.9999972492860129,0.9999999969515431,0.5319398969267719,-0.5321244384535018,-0.5317950020471849,0.531746570443933,0.9854795257211253,-0.9381868986816861,-0.9980717266619158,-0.6785171163767769,-0.9854722987665284,0.5335681671745157,0.9701669956424953,0.9381941861150119,0.999609498444673,0.999052254225553,-0.9999529499757602,0.9999761515616267,0.9999772006344978,-0.9996875090878155,0.5333351390320114,-0.9999907327577602,0.999992049705691,0.999992049705691,-0.532710010687201,0.5324075867539979,0.5320921781950568,0.5320921781950567,0.5317465704439303
0.7947515342071421,-0.7947055135599378,0.6420739534756867,-0.642079613135246,1.0000029190112483,-1.0000003978323548,0.5552429547807415,-0.5552485813667648,0.5345634359498304,-0.5345549367442144,-1.000004350281812,1.000002879052044,-0.5319494417508424,0.5319398969267719,1.0000000034331649,-1.0000043357885136,-1.0000046416549706,1.0000053167827538,0.3804226233468106,-0.7921473952371011,-0.47837851923926633,0.26110807082658616,-0.38039832009724206,0.9999924757387298,0.7213559675759597,0.7921400753535416,0.5552599610396145,0.49463445796557043,-0.5397371826703327,0.5266413356202316,0.5371506638978293,-0.5107254099000615,1.0000029190112445,-0.5293033501149335,0.5293114866237397,0.5293114866237422,-1.0000044489787197,1.0000048511346873,1.0000053850374093,1.0000053850374078,1.000005316782756
-0.7946184365503473,0.7945724042338994,-0.642240917855844,0.6422465761316789,-1.0000025769586647,1.0000000517356966,-0.5554241835083046,0.5554298093544051,-0.534747614817796,0.534739116491385,1.0000039283147504,-1.0000024555821196,0.5321339823005217,-0.5321244384535018,-1.0000043357885136,1.0000000024673548,1.0000036862812114,-1.0000045647860483,-0.3806243128499523,0.7922801190389748,0.4785699497420079,-0.2608970874675804,0.38060001108346286,-0.9999921952161687,-0.7215066995286235,-0.7922728020469373,-0.555441187534039,-0.49482389993105774,0.5399206380558165,-0.5268266026742977,-0.537334482174495,0.5109127970366474,-1.0000025769586611,0.5294882538320979,-0.5294963896142122,-0.5294963896142142,1.000003945523502,-1.0000044856315131,-1.0000049381328144,-1.000004938132814,-1.000004564786049
-0.7948549231174594,0.7948089116441529,-0.6419427074505097,0.6419483681873578,-1.0000022411028189,0.999999723090504,-0.5551006299208736,0.5551062570804776,-0.5344188223468153,0.5344103224613483,1.000003734899598,-1.0000022648471267,0.5318045476266651,-0.5317950020471849,-1.0000046416549706,1.0000036862812114,1.0000000028897418,-1.0000051756126325,-0.3802644545425485,0.7920427983679642,0.47822828482321955,-0.2612729048838641,0.38024015015575735,-0.999991749696965,-0.7212373474198157,-0.7920354762286338,-0.5551176379108491,-0.4944857640815517,0.5395931302543668,-0.5264958780723749,-0.537006329988244,0.5105783085729929,-1.000002241102815,0.5291581743376053,-0.5291663114072697,-0.5291663114072721,1.0000038973552805,-1.0000043605683677,-1.0000049581615205,-1.0000049581615178,-1.0000051756126327
0.7948906849242725,-0.79484467650488,0.6418990022778441,-0.6419046633847083,1.0000030369996997,-1.0000005200551414,0.5550530909143588,-0.555058718273605,0.5343704885088819,-0.5343619883850057,-1.0000045519325766,1.0000030822766233,-0.5317561162884265,0.531746570443933,1.0000053167827538,-1.0000045647860483,-1.0000051756126325,1.00000000417511,0.3802113808252633,-0.792008254881319,-0.47817799346774503,0.26132888915882313,-0.3801870760293921,0.9999925293130955,0.7211979912664643,0.7920009319715652,0.5550700995068922,0.49443601011391686,-0.539544991410892,0.5264472508472858,0.536958093343672,-0.5105291094093377,1.0000030369996948,-0.5291096450838564,0.5291177823513378,0.5291177823513403,-1.000004735939759,1.0000052197913845,1.0000058389132431,1.0000058389132427,1.000005863942248
-0.25896777514210617,0.2590348567966138,0.9532648028068631,-0.9532611023981672,0.38194683130688745,-0.3819287331467969,0.9803840717771141,-0.9803830894601907,0.9849495126002183,-0.9849499765230149,-0.3816089004117797,0.38160196826981363,-0.985479047643892,0.9854795257211253,0.3804226233468106,-0.3806243128499523,-0.3802644545425485,0.3802113808252633,1.0000000076321707,-0.8657928148219827,-0.994119604028311,-0.7934113333795715,-1.0000079161306021,0.3822034294168786,0.9149164252011415,0.8658020258195048,0.9803811198506317,0.9919303236683888,-0.9838691525578886,0.9865207259501672,0.9844143371263375,-0.9893972529229199,0.3819468313068858,-0.9860025762247235,0.9860026187494845,0.9860026187494857,-0.3812637848795317,0.38093340918158664,0.38058882578923087,0.3805888257892315,0.38021138082525957
-0.25912579790246515,0.25905662661920686,-0.9765191327693942,0.9765197530875226,-0.7931522568629403,0.7931389489226882,-0.9474331741803755,0.947435570385614,-0.9392566834588794,0.9392523908119816,0.7929300159763591,-0.7929246450933957,0.9381917477587354,-0.9381868986816861,-0.7921473952371011,0.7922801190389748,0.7920427983679642,-0.792008254881319,-0.8657928148219827,0.9999999966070791,0.9149073411043862,0.3823243990056018,0.8657774561173457,-0.7933161624104204,-0.9941100685252422,-0.9999977112216026,-0.9474404279577032,-0.9222585635555799,0.9413431552047424,-0.936007048068193,-0.9403034139155021,0.929293488923657,-0.7931522568629367,0.9371054806148711,-0.93710991123833,-0.9371099112383315,0.7927023126049552,-0.7924845008891683,-0.792257384184314,-0.7922573841843131,-0.7920082548813184
0.15279536922506695,-0.15286445744270555,-0.9803847379342425,0.9803818872743638,-0.47982559653561224,0.47980811620673003,-0.9959633414888551,0.9959630678957289,-0.9978758055871022,0.997875250417361,0.4795048844639126,-0.479498129747324,0.9980723908861194,-0.9980717266619158,-0.47837851923926633,0.4785699497420079,0.47822828482321955,-0.47817799346774503,-0.994119604028311,0.9149073411043862,1.0000000006414465,0.7227886406905168,0.9941136740098294,-0.48006802390634434,-0.9532592510735894,-0.914915434894461,-0.9959627467914667,-0.9998268986082764,0.9974560648392874,-0.9984396614258283,-0.9976707287842823,0.9993064873709753,-0.47982559653561035,0.9982595125667666,-0.9982605061399501,-0.99826050613995,0.4791771941666473,-0.47886353551730004,-0.4785364014920585,-0.47853640149205884,-0.47817799346774204
0.793401739086103,-0.793441684042537,-0.5724030904753032,0.5723955029066812,0.25951586710327496,-0.25953309836041877,-0.6578607994391978,0.6578560707608948,-0.676237118774123,0.6762431970629778,-0.2598695376347155,0.2598758049907536,0.6785103351018423,-0.6785171163767769,0.26110807082658616,-0.2608970874675804,-0.2612729048838641,0.26132888915882313,-0.7934113333795715,0.3823243990056018,0.7227886406905168,1.000000007928683,0.7934239620182143,0.25924115925606134,-0.48019319900761454,-0.3823390566229233,-0.6578465249542705,-0.7098042933795055,0.6717041650026788,-0.6830913467713667,-0.673975632191067,0.6965694680585109,0.2595158671032737,0.6807984080278202,-0.6807930970844952,-0.680793097084493,-0.2602298303452487,0.26057493751120264,0.26093496122557197,0.2609349612255703,0.26132888915882685
0.258991176264742,-0.2590582571601554,-0.9532543597242837,0.9532506591363575,-0.38192253917523544,0.38190444095226733,-0.9803761768461272,0.9803751943704637,-0.9849422107612108,0.98494267491719,0.38158460578729514,-0.381577673634779,0.9854718204278207,-0.9854722987665284,-0.38039832009724206,0.38060001108346286,0.38024015015575735,-0.3801870760293921,-1.0000079161306021,0.8657774561173457,0.9941136740098294,0.7934239620182143,1.0000000033332441,-0.3821791394339545,-0.9149035565929794,-0.8657868833725836,-0.9803732244395834,-0.9919241536151359,0.9838617027831447,-0.9865136500163124,-0.984406961346408,0.9893906288102288,-0.3819225391752341,0.9859954244546413,-0.9859954667597768,-0.9859954667597761,0.38123948774652755,-0.3809091096391723,-0.3805645237311815,-0.38056452373118216,-0.3801870760293892
0.7935699359034131,-0.79352402835338,0.6435461476835841,-0.643551795072019,0.9999937559565435,-0.9999914150257089,0.5568417934573662,-0.5568474134654414,0.5361884838185028,-0.5361799924380092,-0.9999944806802694,0.9999929961718439,-0.5335777033017894,0.5335681671745157,0.9999924757387298,-0.9999921952161687,-0.999991749696965,0.9999925293130955,0.3822034294168786,-0.7933161624104204,-0.48006802390634434,0.25924115925606134,-0.3821791394339545,0.999999988506041,0.7226841638136399,0.7933086521438377,0.5568587798643424,0.49630628213315675,-0.5413558024587245,0.5282760528048732,0.5387725078904476,-0.5123789684935447,0.9999937559565392,-0.5309348386835706,0.5309429687177417,0.5309429687177444,-0.999993858923152,0.9999935711472975,0.999993385359322,0.9999933853593195,0.9999925293130975
0.15295169514992174,-0.1528813734438888,0.9941125101492818,-0.9941124252978023,0.7224965643943455,-0.7224819108863996,0.9765222295985889,-0.9765239498053477,0.9709151784648182,-0.9709118162501816,-0.7222441241688939,0.7222382907828662,-0.9701708036369031,0.9701669956424953,0.7213559675759597,-0.7215066995286235,-0.7212373474198157,0.7211979912664643,0.9149164252011415,-0.9941100685252422,-0.9532592510735894,-0.48019319900761454,-0.9149035565929794,0.7226841638136399,0.9999999991461541,0.994113717186964,0.9765274417040818,0.9587151371967176,-0.9723643100305325,0.9686340610211717,0.9716436467505675,-0.9638413971476008,0.7224965643943432,-0.9694079212624246,0.9694115044330084,0.9694115044330094,-0.7219857219968562,0.7217384904323652,0.7214806767134108,0.7214806767134117,0.7211979912664627
0.25911196624707483,-0.2590427945931648,0.976524555900967,-0.9765251760941138,0.7931449587873678,-0.7931316506204525,0.9474400917298123,-0.947442487848852,0.9392639298710327,-0.9392596373399958,-0.7929227130526588,0.7929173420899969,-0.9381990350625405,0.9381941861150119,0.7921400753535416,-0.7922728020469373,-0.7920354762286338,0.7920009319715652,0.8658020258195048,-0.9999977112216026,-0.914915434894461,-0.3823390566229233,-0.8657868833725836,0.7933086521438377,0.994113717186964,0.9999999998263047,0.9474473452470515,0.9222664188015693,-0.941350320226682,0.9360144179374373,0.9403106196995232,-0.9293011028171952,0.7931449587873642,-0.9371128091372548,0.9371172396566819,0.9371172396566825,-0.7926950047482262,0.7924771883055031,0.792250066668308,0.7922500666683074,0.792000931971564
-0.06348355119499474,0.06355368598970745,0.9941144898758707,-0.9941125845124499,0.5566302512845573,-0.556613438507695,0.9999943067190467,-0.9999948386387921,0.9996920759088107,-0.9996906814967573,-0.5563266605068394,0.5563201129516666,-0.9996111030023848,0.999609498444673,0.5552599610396145,-0.555441187534039,-0.5551176379108491,0.5550700995068922,0.9803811198506317,-0.9474404279577032,-0.9959627467914667,-0.6578465249542705,-0.9803732244395834,0.5568587798643424,0.9765274417040818,0.9474473452470515,0.9999999966372392,0.9974589087518325,-0.9998235303394886,0.9994164398836304,0.999762271221423,-0.9986107601699613,0.5566302512845557,-0.9995178869876769,0.9995196595308838,0.9995196595308843,-0.5560163246673933,0.5557193088055916,0.5554095442724333,0.5554095442724335,0.5550700995068899
-0.1343808801968806,0.1344502311919329,0.9838811347996852,-0.9838784334476222,0.49606657547885524,-0.4960492219547467,0.9974593507508445,-0.9974591991943558,0.99891394053158,-0.9989132110057231,-0.49574920029539615,0.495742484048742,-0.9990531138359638,0.999052254225553,0.49463445796557043,-0.49482389993105774,-0.4944857640815517,0.49443601011391686,0.9919303236683888,-0.9222585635555799,-0.9998268986082764,-0.7098042933795055,-0.9919241536151359,0.49630628213315675,0.9587151371967176,0.9222664188015693,0.9974589087518325,0.9999999990677063,-0.9986081484470022,0.999304129893154,0.998765796151448,-0.9998250089087384,0.4960665754788535,-0.9991822410160146,0.9991833967405406,0.9991833967405405,-0.49542489059907385,0.4951144743124999,0.49479072437308375,0.49479072437308413,0.4944360101139139
0.08198480457646816,-0.08205476945842831,-0.9919344282256386,0.9919321547349882,-0.5411242500501687,0.5411072881784631,-0.9998227115240598,0.9998229058194004,-0.9999780210865865,0.9999767992104999,0.5408169197423095,-0.5408103250394433,0.9999543612424848,-0.9999529499757602,-0.5397371826703327,0.5399206380558165,0.5395931302543668,-0.539544991410892,-0.9838691525578886,0.9413431552047424,0.9974560648392874,0.6717041650026788,0.9838617027831447,-0.5413558024587245,-0.9723643100305325,-0.941350320226682,-0.9998235303394886,-0.9986081484470022,0.9999999967733649,-0.9998759276153064,-0.99999158469496,0.9994151778258522,-0.5411242500501664,0.9999190246694346,-0.9999206373840447,-0.999920637384045,0.540502791720163,-0.5402021395771188,-0.5398885801300335,-0.5398885801300345,-0.5395449914108893
-0.0974023985552889,0.09747220321566485,0.9898538846880399,-0.9898514848369572,0.5280420380242542,-0.52802495620222,0.9994161438539685,-0.9994162365934193,0.9999532273445697,-0.9999521497701048,-0.5277316680606984,0.5277250357502818,-0.999977401156989,0.9999761515616267,0.5266413356202316,-0.5268266026742977,-0.5264958780723749,0.5264472508472858,0.9865207259501672,-0.936007048068193,-0.9984396614258283,-0.6830913467713667,-0.9865136500163124,0.5282760528048732,0.9686340610211717,0.9360144179374373,0.9994164398836304,0.999304129893154,-0.9998759276153064,0.9999999968564334,0.999919132372237,-0.9998234106519506,0.5280420380242524,-0.9999905899420273,0.9999918528686054,0.9999918528686054,-0.527414458235044,0.5271108508378197,0.526794207159173,0.5267942071591735,0.5264472508472837
-0.08504398150235488,0.0851139159843831,0.9915413135998051,-0.9915390150050831,0.5385404626024095,-0.538523476608942,0.99976172922584,-0.999761903384452,0.9999927539643659,-0.9999917766700016,-0.5382325234373705,0.5382259211470652,-0.9999785798661301,0.9999772006344978,0.5371506638978293,-0.537334482174495,-0.537006329988244,0.536958093343672,0.9844143371263375,-0.9403034139155021,-0.9976707287842823,-0.673975632191067,-0.984406961346408,0.5387725078904476,0.9716436467505675,0.9403106196995232,0.999762271221423,0.998765796151448,-0.99999158469496,0.999919132372237,0.9999999976455621,-0.9995157332037127,0.5385404626024076,-0.999952823153912,0.9999544093647513,0.9999544093647514,-0.5379177780663078,0.5376165339356541,0.5373023566683341,0.5373023566683345,0.5369580933436694
0.11591294119957435,-0.11598253107853519,-0.9870384583765799,0.9870359073229753,-0.5121420665145138,0.5121248458467347,-0.9986108331912057,0.9986108037696806,-0.9996068723947747,0.9996059686992946,0.511828139281247,-0.511821463842579,0.9996885638608534,-0.9996875090878155,-0.5107254099000615,0.5109127970366474,0.5105783085729929,-0.5105291094093377,-0.9893972529229199,0.929293488923657,0.9993064873709753,0.6965694680585109,0.9893906288102288,-0.5123789684935447,-0.9638413971476008,-0.9293011028171952,-0.9986107601699613,-0.9998250089087384,0.9994151778258522,-0.9998234106519506,-0.9995157332037127,0.9999999981373018,-0.5121420665145118,0.999759629952528,-0.999760947489823,-0.999760947489823,0.5115073236631634,-0.5112002583577713,-0.5108800057890323,-0.5108800057890328,-0.5105291094093349
0.7937492426288902,-0.7937031337096052,0.6433368485197056,-0.6433424977482826,1.000003734660054,-1.0000013989235736,0.5566132618322394,-0.5566188828494065,0.5359559486114032,-0.5359474560150429,-1.0000045625122422,1.0000030799287871,-0.5333446765114996,0.5333351390320114,1.0000029190112445,-1.0000025769586611,-1.000002241102815,1.0000030369996948,0.3819468313068858,-0.7931522568629367,-0.47982559653561035,0.2595158671032737,-0.3819225391752341,0.9999937559565392,0.7224965643943432,0.7931449587873642,0.5566302512845557,0.4960665754788535,-0.5411242500501664,0.5280420380242524,0.5385404626024076,-0.5121420665145118,1.0000000026590665,-0.5307013180843158,0.5307094491341691,0.5307094491341714,-1.0000040459016484,1.0000038588208089,1.0000037780725948,1.0000037780725928,1.0000030369996966
0.09428211551668284,-0.09435195395331893,-0.9902940758523165,0.9902917015440543,-0.530701318084318,0.5306842602267332,-0.9995175288254153,0.9995176421317424,-0.9999773114100137,0.9999762045940612,0.5303915577440855,-0.5303849329234388,0.999991799127512,-0.9999907327577602,-0.5293033501149335,0.5294882538320979,0.5291581743376053,-0.5291096450838564,-0.9860025762247235,0.9371054806148711,0.9982595125667666,0.6807984080278202,0.9859954244546413,-0.5309348386835706,-0.9694079212624246,-0.9371128091372548,-0.9995178869876769,-0.9991822410160146,0.9999190246694346,-0.9999905899420273,-0.999952823153912,0.999759629952528,-0.5307013180843158,0.999999996432384,-0.9999967113099302,-0.9999967113099344,0.5300749659471221,-0.5297719512105594,-0.5294559260617173,-0.5294559260617177,-0.5291096450838534
-0.0942736455826708,0.09434348421619966,0.9902967694188691,-0.9902943951778534,0.5307094491341713,-0.5306923913172765,0.9995193011964769,-0.9995194145597949,0.9999788711459672,-0.9999777642479197,-0.5303996900135525,0.5303930652039167,-0.9999933321552081,0.999992049705691,0.5293114866237397,-0.5294963896142122,-0.5291663114072697,0.5291177823513378,0.9860026187494845,-0.93710991123833,-0.9982605061399501,-0.6807930970844952,-0.9859954667597768,0.5309429687177417,0.9694115044330084,0.9371172396566819,0.9995196595308838,0.9991833967405406,-0.9999206373840447,0.9999918528686054,0.9999544093647513,-0.999760947489823,0.5307094491341691,-0.9999967113099302,0.9999999985770276,0.9999980014358983,-0.5300830994496454,0.5297800858962176,0.5294640619823615,0.5294640619823626,0.5291177823513346
-0.09427364558266886,0.09434348421619758,0.9902967694188697,-0.9902943951778548,0.5307094491341736,-0.5306923913172789,0.9995193011964776,-0.9995194145597945,0.9999788711459666,-0.9999777642479186,-0.5303996900135546,0.5303930652039192,-0.9999933321552089,0.999992049705691,0.5293114866237422,-0.5294963896142142,-0.5291663114072721,0.5291177823513403,0.9860026187494857,-0.9371099112383315,-0.99826050613995,-0.680793097084493,-0.9859954667597761,0.5309429687177444,0.9694115044330094,0.9371172396566825,0.9995196595308843,0.9991833967405405,-0.999920637384045,0.9999918528686054,0.9999544093647514,-0.999760947489823,0.5307094491341714,-0.9999967113099344,0.9999980014358983,0.9999999985770276,-0.5300830994496478,0.5297800858962195,0.5294640619823637,0.5294640619823645,0.5291177823513371
-0.7941991088919985,0.7941530395150075,-0.6427711260404017,0.6427767799495742,-1.0000040459016524,1.0000015078694675,-0.5559993276684616,0.5560049511862496,-0.535332045654548,0.5353235500896089,1.0000051442697013,-1.0000038827630444,0.5327195514656496,-0.532710010687201,-1.0000044489787197,1.000003945523502,1.0000038973552805,-1.000004735939759,-0.3812637848795317,0.7927023126049552,0.4791771941666473,-0.2602298303452487,0.38123948774652755,-0.999993858923152,-0.7219857219968562,-0.7926950047482262,-0.5560163246673933,-0.49542489059907385,0.540502791720163,-0.527414458235044,-0.5379177780663078,0.5115073236631634,-1.0000040459016484,0.5300749659471221,-0.5300830994496454,-0.5300830994496478,1.0000000034912806,-1.0000051965693217,-1.0000051753847699,-1.0000051753847676,-1.0000047359397606
0.7944163472230669,-0.7943702969794075,0.6424973871747054,-0.6425030433446746,1.0000038588208124,-1.0000013274093063,0.5557023081641154,-0.5557079328888538,0.535030213300763,-0.5350217163033625,-1.0000050879793632,1.0000036129459096,-0.5324171291242727,0.5324075867539979,1.0000048511346873,-1.0000044856315131,-1.0000043605683677,1.0000052197913845,0.38093340918158664,-0.7924845008891683,-0.47886353551730004,0.26057493751120264,-0.3809091096391723,0.9999935711472975,0.7217384904323652,0.7924771883055031,0.5557193088055916,0.4951144743124999,-0.5402021395771188,0.5271108508378197,0.5376165339356541,-0.5112002583577713,1.0000038588208089,-0.5297719512105594,0.5297800858962176,0.5297800858962195,-1.0000051965693217,1.000000003691972,1.0000055134035895,1.000005513403587,1.0000052197913856
0.7946430473533522,-0.7945970170630736,0.6422119136550685,-0.64221757218397,1.0000037780725985,-1.0000012535670066,0.5553925398295366,-0.5553981658138554,0.5347154221399901,-0.5347069236474747,-1.0000051436628365,1.0000036711963387,-0.5321017222267873,0.5320921781950568,1.0000053850374093,-1.0000049381328144,-1.0000049581615205,1.0000058389132431,0.38058882578923087,-0.792257384184314,-0.4785364014920585,0.26093496122557197,-0.3805645237311815,0.999993385359322,0.7214806767134108,0.792250066668308,0.5554095442724333,0.49479072437308375,-0.5398885801300335,0.526794207159173,0.5373023566683341,-0.5108800057890323,1.0000037780725948,-0.5294559260617173,0.5294640619823615,0.5294640619823637,-1.0000051753847699,1.0000055134035895,1.0000000042580295,1.0000059804029062,1.0000058389132447
0.79464304735335,-0.7945970170630713,0.6422119136550686,-0.64221757218397,1.000003778072597,-1.0000012535670049,0.5553925398295367,-0.5553981658138559,0.5347154221399908,-0.534706923647475,-1.0000051436628357,1.0000036711963378,-0.5321017222267884,0.5320921781950567,1.0000053850374078,-1.000004938132814,-1.0000049581615178,1.0000058389132427,0.3805888257892315,-0.7922573841843131,-0.47853640149205884,0.2609349612255703,-0.38056452373118216,0.9999933853593195,0.7214806767134117,0.7922500666683074,0.5554095442724335,0.49479072437308413,-0.5398885801300345,0.5267942071591735,0.5373023566683345,-0.5108800057890328,1.0000037780725928,-0.5294559260617177,0.5294640619823626,0.5294640619823645,-1.0000051753847676,1.000005513403587,1.0000059804029062,1.0000000042580295,1.0000058389132436
0.7948906849242755,-0.7948446765048839,0.641899002277842,-0.6419046633847055,1.0000030369997008,-1.0000005200551416,0.5550530909143563,-0.5550587182736024,0.5343704885088789,-0.534361988385003,-1.0000045519325778,1.0000030822766253,-0.5317561162884236,0.5317465704439303,1.000005316782756,-1.000004564786049,-1.0000051756126327,1.000005863942248,0.38021138082525957,-0.7920082548813184,-0.47817799346774204,0.26132888915882685,-0.3801870760293892,0.9999925293130975,0.7211979912664627,0.792000931971564,0.5550700995068899,0.4944360101139139,-0.5395449914108893,0.5264472508472837,0.5369580933436694,-0.5105291094093349,1.0000030369996966,-0.5291096450838534,0.5291177823513346,0.5291177823513371,-1.0000047359397606,1.0000052197913856,1.0000058389132447,1.0000058389132436,1.00000000417511
