0.9999999971928667,-0.9998350853849564,-0.9998337190433928,0.9998394761985498,0.9993456780205073,0.9973824029624289,0.9920283556804506,-0.586608328565082,0.9584063323966988,-0.027568744052794285,-0.9836841210476542,-0.9725876515142331,0.6302570038902786,-0.9985396792596333,0.99853871013312,0.9985402171858357,-0.9985367216167714,-0.9985394373864906,-0.9985396792596333,0.9985387101331206,0.9985402171858346,-0.9985367216167723,0.9985405447276642,-0.9985411558559135,0.999851833326962,-0.9998510484440193,0.9998518333269629,0.9998488678461773,-0.9998437362772616,0.9998458002492993,0.9998458002492987,-0.9985301486033128,-0.9993453694841858,0.9985345153673569,-0.9998475476461506,-0.9998475476461511
-0.9998350853849564,0.9999999982742164,0.9993499725519136,-1.0000000998237477,-0.999832726814286,-0.998520805691438,-0.9896040843501774,0.6010729226436053,-0.9633828946348103,0.009594372652225854,0.9867596880018549,0.9682514489904923,-0.6161988401641252,0.9993485044396937,-0.9993478109999488,-0.9993489038389941,0.9993464408605555,0.9993483297883783,0.9993485044396907,-0.9993478109999478,-0.9993489038389934,0.999346440860556,-0.9993491567716801,0.9993496270413039,-1.0000089315667964,1.0000083212334538,-1.0000089315667975,-1.0000066619311256,1.0000030364666495,-1.000004441856084,-1.0000044418560845,0.9993422229471263,0.9998324522295262,-0.9993449801091757,1.0000056850477197,1.0000056850477206
-0.9998337190433928,0.9993499725519136,0.9999999962009353,-0.999355812253252,-0.99853583764431,-0.9959220208200008,-0.9941314029207697,0.5719582166006345,-0.9531215688527457,0.04552929675453521,0.9802916684297001,0.9766085261589927,-0.6441077534015216,0.997408550409079,-0.9974073059841657,-0.9974092266505803,0.9974046999021569,0.9974082414105997,0.9974085504090779,-0.997407305984166,-0.9974092266505806,0.9974046999021574,-0.9974096286753548,0.997410380426346,-0.9993718294173407,0.999370870286016,-0.9993718294173413,-0.9993681692394598,0.9993615336352191,-0.9993642553432079,-0.9993642553432079,0.9973957745554299,0.9985356348705201,-0.9974017490710767,0.9993665062430669,0.9993665062430678
0.9998394761985498,-1.0000000998237477,-0.999355812253252,1.0000000020727182,0.9998339277274578,0.9985186568411555,0.9896194418402012,-0.6010038007363533,0.9633617309612865,-0.009682884301074224,-0.9867479628147314,-0.9682761440446966,0.6162701732477657,-0.9993479807751762,0.9993472859768102,0.9993483808573308,-0.9993459127905896,-0.9993478057925801,-0.9993479807751732,0.9993472859768099,0.9993483808573296,-0.9993459127905908,0.9993486341579702,-0.999349105122175,1.0000116182896956,-1.000011007095618,1.0000116182896965,1.0000093452232486,-1.0000055726941461,1.0000071209714472,1.000007120971447,-0.9993416832768209,-0.9998335140179035,0.999344448366725,-1.0000083666476467,-1.0000083666476487
0.9993456780205073,-0.999832726814286,-0.99853583764431,0.9998339277274578,0.9999999962580156,0.9993377550459505,0.9868425653350534,-0.6154164100227933,0.9680696915655904,0.008477582183930821,-0.9895278361271386,-0.9635749554474614,0.6018647512342027,-0.9998338732450953,0.9998334571670895,0.9998341332591523,-0.9998327091009469,-0.9998337662258311,-0.9998338732450941,0.9998334571670895,0.9998341332591509,-0.9998327091009485,0.9998343111079503,-0.9998346396251062,0.999838932704913,-0.9998384980377643,0.9998389327049138,0.9998373633121003,-0.9998352530487442,0.9998359959368083,0.9998359959368077,-0.9998307203935377,-0.9999940898192062,0.999831998241082,-0.9998367318682285,-0.9998367318682294
0.9973824029624289,-0.998520805691438,-0.9959220208200008,0.9985186568411555,0.9993377550459505,0.9999999968759544,0.98033347259504,-0.6435885097336604,0.9765220464511486,0.04472571337915766,-0.9941097381564288,-0.9532468315341853,0.5725164110155199,-0.9998260219003164,0.9998261626805451,0.9998260020210904,-0.9998266633670587,-0.9998260506711353,-0.9998260219003147,0.9998261626805451,0.9998260020210907,-0.9998266633670593,0.9998260290601542,-0.9998260728675791,0.9985162597136332,-0.9985161778988529,0.998516259713633,0.9985160967051789,-0.9985170283456379,0.9985164413785347,0.9985164413785347,-0.9998294289170462,-0.9993370223356065,0.9998274576553456,-0.998516158910109,-0.9985161589101097
0.9920283556804506,-0.9896040843501774,-0.9941314029207697,0.9896194418402012,0.9868425653350534,0.98033347259504,0.9999999965367864,-0.4799061306948624,0.9148142766615944,-0.15328140256441258,-0.9531842359550088,-0.9941298151254906,0.7230437234689234,-0.983789884629586,0.9837869923232202,0.983791388450432,-0.9837806883489585,-0.9837891738703346,-0.9837898846295839,0.9837869923232203,0.9837913884504317,-0.9837806883489594,0.9837922358691602,-0.9837938285669228,0.9896573708460416,-0.9896553698702165,0.9896573708460404,0.989649555902417,-0.9896339163302317,0.9896405768314852,0.9896405768314849,-0.9837576707375079,-0.9868430002854616,0.9837732777662047,-0.9896458417707383,-0.9896458417707388
-0.586608328565082,0.6010729226436053,0.5719582166006345,-0.6010038007363533,-0.6154164100227933,-0.6435885097336604,-0.4799061306948624,1.0000000063621224,-0.7933559755804861,-0.7933954922601142,0.7227253230373586,0.3822262921959989,0.2590552980810245,0.6294278931242477,-0.6294397375936905,-0.6294219717861356,0.6294664152605822,0.6294307779031604,0.6294278931242473,-0.6294397375936902,-0.629421971786135,0.6294664152605824,-0.6294188050742694,0.6294128221603514,-0.6008460255880946,0.6008534231280913,-0.6008460255880943,-0.6008756130911144,0.6009404173102697,-0.6009119731534409,-0.6009119731534402,0.6295686116691739,0.6154114652658758,-0.6294986905683171,0.6008902958660797,0.6008902958660793
0.9584063323966988,-0.9633828946348103,-0.9531215688527457,0.9633617309612865,0.9680696915655904,0.9765220464511486,0.9148142766615944,-0.7933559755804861,1.0000000027968712,0.2588771951093726,-0.994113705837254,-0.8657775890627428,0.38245989910208184,-0.9724016156690273,0.9724050612948342,0.9723999332841573,-0.9724129680202585,-0.9724024504800587,-0.9724016156690255,0.9724050612948345,0.9723999332841575,-0.9724129680202589,0.9723990635127419,-0.9723974144526917,0.9633154181688375,-0.9633174351477808,0.9633154181688393,0.9633236159795839,-0.9633425962785526,0.9633341237447047,0.9633341237447044,-0.9724440421681017,-0.9680677170655597,0.9724226837404091,-0.9633277979546906,-0.9633277979546917
-0.027568744052794285,0.009594372652225854,0.04552929675453521,-0.009682884301074224,0.008477582183930821,0.04472571337915766,-0.15328140256441258,-0.7933954922601142,0.2588771951093726,1.0000000002288754,-0.1526992273348834,0.25923457959359775,-0.793459934985305,-0.026377597986077594,0.026392945893836006,0.02636988503037481,-0.026427368441485966,-0.0263813404324385,-0.026377597986077358,0.02639294589383596,0.02636988503037432,-0.026427368441485844,0.026365730207797696,-0.026357886229991735,-0.009886912227471947,0.009877191595459127,-0.009886912227471461,-0.009848163798583082,0.009764319702251611,-0.009800979323124131,-0.009800979323124192,-0.026558448712086735,-0.008471710826168766,0.0264688637465851,0.009829048729279638,0.009829048729280707
-0.9836841210476542,0.9867596880018549,0.9802916684297001,-0.9867479628147314,-0.9895278361271386,-0.9941097381564288,-0.9531842359550088,0.7227253230373586,-0.994113705837254,-0.1526992273348834,0.9999999981861808,0.9148973979706987,-0.4803159540581557,0.9919521832269479,-0.9919539870317217,-0.991951327063277,0.9919582155923727,0.9919526175706412,0.9919521832269467,-0.9919539870317214,-0.9919513270632754,0.9919582155923725,-0.9919509032064154,0.9919500958357904,-0.9867234638589124,0.986724437160116,-0.9867234638589133,-0.9867275050074681,0.9867375198402579,-0.9867329633069092,-0.9867329633069082,0.9919753057233888,0.9895264745135827,-0.9919635016686548,0.9867296396427919,0.9867296396427923
-0.9725876515142331,0.9682514489904923,0.9766085261589927,-0.9682761440446966,-0.9635749554474614,-0.9532468315341853,-0.9941298151254906,0.3822262921959989,-0.8657775890627428,0.25923457959359775,0.9148973979706987,0.9999999937768665,-0.7934983088507501,0.9586327055923273,-0.9586281993449843,-0.9586350193458913,0.9586182714551905,0.9586316014128204,0.9586327055923263,-0.9586281993449849,-0.9586350193458918,0.9586182714551914,-0.9586363022146766,0.9586387171700149,-0.9683355398012512,0.9683325204608582,-0.9683355398012515,-0.9683236617952627,0.9682992017827962,-0.9683097229164138,-0.9683097229164133,0.9585814316954143,0.963576023014005,-0.958606488084651,0.9683179401120885,0.9683179401120902
0.6302570038902786,-0.6161988401641252,-0.6441077534015216,0.6162701732477657,0.6018647512342027,0.5725164110155199,0.7230437234689234,0.2590552980810245,0.38245989910208184,-0.793459934985305,-0.4803159540581557,-0.7934983088507501,0.9999999933801221,-0.587471532176466,0.587459021792904,0.5874778501498464,-0.5874310759640025,-0.5874684782488149,-0.5874715321764655,0.587459021792904,0.5874778501498467,-0.5874310759640023,0.5874812765188865,-0.5874877408226885,0.6164361602092011,-0.6164281325649741,0.6164361602092007,0.6164042597541535,-0.6163360158120682,0.6163657450609719,0.6163657450609709,-0.5873252672564043,-0.6018691235182005,0.5873975043362358,-0.6163886097604163,-0.6163886097604173
-0.9985396792596333,0.9993485044396937,0.997408550409079,-0.9993479807751762,-0.9998338732450953,-0.9998260219003164,-0.983789884629586,0.6294278931242477,-0.9724016156690273,-0.026377597986077594,0.9919521832269479,0.9586327055923273,-0.587471532176466,0.9999999953707199,-0.9999932240578921,-0.9999934870857033,0.9999932321272088,0.9999934648936526,0.999993504879364,-0.9999933637011987,-0.9999936267290173,0.9999932321272089,-0.9999937301395019,0.9999939181251977,-0.9993493315247624,0.9993490710196791,-0.9993493315247611,-0.9993484563265539,0.9993478477637595,-0.9993479341111847,-0.9993479341111856,0.9999937303387175,0.9998332479554181,-0.9999932643697077,0.9993481672926492,0.9993481672926505
0.99853871013312,-0.9993478109999488,-0.9974073059841657,0.9993472859768102,0.9998334571670895,0.9998261626805451,0.9837869923232202,-0.6294397375936905,0.9724050612948342,0.026392945893836006,-0.9919539870317217,-0.9586281993449843,0.587459021792904,-0.9999932240578921,0.9999999951696434,0.9999934854323689,-0.9999929520700295,-0.9999931841296487,-0.9999933637011975,0.9999932227587475,0.9999934854323687,-0.999993091713339,0.9999935887789931,-0.9999937766441558,0.9993486335932849,-0.9993483732375769,0.999348633593284,0.999347758990437,-0.9993471517152049,0.9993472374997594,0.9993472374997593,-0.999993591937116,-0.9998328317876123,0.9999931245929178,-0.999347470250155,-0.9993474702501582
0.9985402171858357,-0.9993489038389941,-0.9974092266505803,0.9993483808573308,0.9998341332591523,0.9998260020210904,0.983791388450432,-0.6294219717861356,0.9723999332841573,0.02636988503037481,-0.991951327063277,-0.9586350193458913,0.5874778501498464,-0.9999934870857033,0.9999934854323689,0.9999999955444546,-0.9999933535926938,-0.9999935867144167,-0.9999936267290164,0.9999934854323687,0.9999937486382273,-0.9999933535926945,0.9999938520808163,-0.9999940401270997,0.9993497331817757,-0.9993494726016009,0.9993497331817773,0.9993488576842797,-0.9993482484742879,0.9993483351046304,0.9993483351046303,-0.9999938507928043,-0.9998335080145743,0.9999933855149804,-0.9993485685027743,-0.9993485685027746
-0.9985367216167714,0.9993464408605555,0.9974046999021569,-0.9993459127905896,-0.9998327091009469,-0.9998266633670587,-0.9837806883489585,0.6294664152605822,-0.9724129680202585,-0.026427368441485966,0.9919582155923727,0.9586182714551905,-0.5874310759640025,0.9999932321272088,-0.9999929520700295,-0.9999933535926938,0.9999999949836879,0.9999931923278584,0.9999932321272067,-0.9999930917133387,-0.9999933535926927,0.9999929618532543,-0.9999934567961428,0.9999936443910367,-0.999347253381291,0.9993469933605136,-0.9993472533812905,-0.9993463801133804,0.9993457757254032,-0.999345860247726,-0.9993458602477251,0.9999934665896518,0.9998320835199638,-0.9999928565181867,0.9993460920314976,0.9993460920314982
-0.9985394373864906,0.9993483297883783,0.9974082414105997,-0.9993478057925801,-0.9998337662258311,-0.9998260506711353,-0.9837891738703346,0.6294307779031604,-0.9724024504800587,-0.0263813404324385,0.9919526175706412,0.9586316014128204,-0.5874684782488149,0.9999934648936526,-0.9999931841296487,-0.9999935867144167,0.9999931923278584,0.9999999953137317,0.9999934648936508,-0.9999931841296478,-0.9999935867144171,0.9999931923278588,-0.9999935504660159,0.9999938780656312,-0.999349155778181,0.9993488953095221,-0.9993491557781812,-0.9993482807251515,0.9993476724763206,-0.9993477586864955,-0.9993477586864955,0.999993691030038,0.999833140914265,-0.9999932247257023,0.999347991762848,0.9993479917628489
-0.9985396792596333,0.9993485044396907,0.9974085504090779,-0.9993479807751732,-0.9998338732450941,-0.9998260219003147,-0.9837898846295839,0.6294278931242473,-0.9724016156690255,-0.026377597986077358,0.9919521832269467,0.9586327055923263,-0.5874715321764655,0.999993504879364,-0.9999933637011975,-0.9999936267290164,0.9999932321272067,0.9999934648936508,0.9999999953707196,-0.9999932240578863,-0.9999934870857062,0.9999932321272089,-0.9999937301395009,0.9999939181251956,-0.9993493315247602,0.9993490710196774,-0.9993493315247615,-0.9993484563265536,0.9993478477637581,-0.9993479341111838,-0.9993479341111833,0.9999937303387173,0.9998332479554164,-0.9999932643697063,0.9993481672926484,0.9993481672926492
0.9985387101331206,-0.9993478109999478,-0.997407305984166,0.9993472859768099,0.9998334571670895,0.9998261626805451,0.9837869923232203,-0.6294397375936902,0.9724050612948345,0.02639294589383596,-0.9919539870317214,-0.9586281993449849,0.587459021792904,-0.9999933637011987,0.9999932227587475,0.9999934854323687,-0.9999930917133387,-0.9999931841296478,-0.9999932240578863,0.9999999951696434,0.999993485432368,-0.9999929520700274,0.9999935887789927,-0.9999937766441549,0.9993486335932835,-0.9993483732375775,0.999348633593284,0.9993477589904363,-0.9993471517152063,0.9993472374997597,0.9993472374997597,-0.9999935919371156,-0.9998328317876117,0.9999931245929168,-0.9993474702501562,-0.999347470250158
0.9985402171858346,-0.9993489038389934,-0.9974092266505806,0.9993483808573296,0.9998341332591509,0.9998260020210907,0.9837913884504317,-0.629421971786135,0.9723999332841575,0.02636988503037432,-0.9919513270632754,-0.9586350193458918,0.5874778501498467,-0.9999936267290173,0.9999934854323687,0.9999937486382273,-0.9999933535926927,-0.9999935867144171,-0.9999934870857062,0.999993485432368,0.9999999955444546,-0.9999933535926945,0.9999938520808158,-0.9999940401270994,0.9993497331817768,-0.9993494726016002,0.9993497331817768,0.9993488576842803,-0.9993482484742867,0.9993483351046294,0.9993483351046294,-0.9999938507928048,-0.9998335080145744,0.9999933855149798,-0.9993485685027745,-0.999348568502775
-0.9985367216167723,0.999346440860556,0.9974046999021574,-0.9993459127905908,-0.9998327091009485,-0.9998266633670593,-0.9837806883489594,0.6294664152605824,-0.9724129680202589,-0.026427368441485844,0.9919582155923725,0.9586182714551914,-0.5874310759640023,0.9999932321272089,-0.999993091713339,-0.9999933535926945,0.9999929618532543,0.9999931923278588,0.9999932321272089,-0.9999929520700274,-0.9999933535926945,0.9999999949836879,-0.9999934567961443,0.9999936443910376,-0.9993472533812914,0.9993469933605141,-0.999347253381291,-0.9993463801133813,0.9993457757254041,-0.9993458602477268,-0.9993458602477265,0.9999934665896529,0.9998320835199646,-0.9999928565181837,0.999346092031499,0.9993460920314997
0.9985405447276642,-0.9993491567716801,-0.9974096286753548,0.9993486341579702,0.9998343111079503,0.9998260290601542,0.9837922358691602,-0.6294188050742694,0.9723990635127419,0.026365730207797696,-0.9919509032064154,-0.9586363022146766,0.5874812765188865,-0.9999937301395019,0.9999935887789931,0.9999938520808163,-0.9999934567961428,-0.9999935504660159,-0.9999937301395009,0.9999935887789927,0.9999938520808158,-0.9999934567961443,0.9999999956919204,-0.9999940039763385,0.9993499873311071,-0.9993497267104534,0.9993499873311071,0.9993491116722978,-0.9993485021135322,0.9993485888963364,0.9993485888963364,-0.9999939534512734,-0.9998336858876635,0.9999934885458809,-0.9993488224112494,-0.9993488224112491
-0.9985411558559135,0.9993496270413039,0.997410380426346,-0.999349105122175,-0.9998346396251062,-0.9998260728675791,-0.9837938285669228,0.6294128221603514,-0.9723974144526917,-0.026357886229991735,0.9919500958357904,0.9586387171700149,-0.5874877408226885,0.9999939181251977,-0.9999937766441558,-0.9999940401270997,0.9999936443910367,0.9999938780656312,0.9999939181251956,-0.9999937766441549,-0.9999940401270994,0.9999936443910376,-0.9999940039763385,0.9999999959600643,-0.9993504598973852,0.9993501992003309,-0.9993504598973864,-0.9993495839340769,0.9993489737169254,-0.999349060787527,-0.9993490607875269,0.9999941400173812,0.9998340144506551,-0.9999936758150486,0.9993492945228671,0.9993492945228684
0.999851833326962,-1.0000089315667964,-0.9993718294173407,1.0000116182896956,0.999838932704913,0.9985162597136332,0.9896573708460416,-0.6008460255880946,0.9633154181688375,-0.009886912227471947,-0.9867234638589124,-0.9683355398012512,0.6164361602092011,-0.9993493315247624,0.9993486335932849,0.9993497331817757,-0.999347253381291,-0.999349155778181,-0.9993493315247602,0.9993486335932835,0.9993497331817768,-0.9993472533812914,0.9993499873311071,-0.9993504598973852,1.000000014518417,-1.000019617269818,1.00002037009258,1.0000180891131307,-1.0000144391135717,1.0000158552291412,1.0000158552291407,-0.9993429971205213,-0.9998385201893775,0.9993457804894207,-1.000017106634894,-1.0000171066348942
-0.9998510484440193,1.0000083212334538,0.999370870286016,-1.000011007095618,-0.9998384980377643,-0.9985161778988529,-0.9896553698702165,0.6008534231280913,-0.9633174351477808,0.009877191595459127,0.986724437160116,0.9683325204608582,-0.6164281325649741,0.9993490710196791,-0.9993483732375769,-0.9993494726016009,0.9993469933605136,0.9993488953095221,0.9993490710196774,-0.9993483732375775,-0.9993494726016002,0.9993469933605141,-0.9993497267104534,0.9993501992003309,-1.000019617269818,1.0000000136444194,-1.0000196172698208,-1.0000173366677452,1.0000138271273986,-1.0000152428863172,-1.0000152428863172,0.9993427383746283,0.9998380854654377,-0.9993455208722923,1.0000164940189082,1.0000164940189087
0.9998518333269629,-1.0000089315667975,-0.9993718294173413,1.0000116182896965,0.9998389327049138,0.998516259713633,0.9896573708460404,-0.6008460255880943,0.9633154181688393,-0.009886912227471461,-0.9867234638589133,-0.9683355398012515,0.6164361602092007,-0.9993493315247611,0.999348633593284,0.9993497331817773,-0.9993472533812905,-0.9993491557781812,-0.9993493315247615,0.999348633593284,0.9993497331817768,-0.999347253381291,0.9993499873311071,-0.9993504598973864,1.00002037009258,-1.0000196172698208,1.000000014518417,1.0000180891131316,-1.0000144391135724,1.0000158552291418,1.0000158552291405,-0.9993429971205215,-0.9998385201893769,0.9993457804894212,-1.0000171066348933,-1.000017106634894
0.9998488678461773,-1.0000066619311256,-0.9993681692394598,1.0000093452232486,0.9998373633121003,0.9985160967051789,0.989649555902417,-0.6008756130911144,0.9633236159795839,-0.009848163798583082,-0.9867275050074681,-0.9683236617952627,0.6164042597541535,-0.9993484563265539,0.999347758990437,0.9993488576842797,-0.9993463801133804,-0.9993482807251515,-0.9993484563265536,0.9993477589904363,0.9993488576842803,-0.9993463801133813,0.9993491116722978,-0.9993495839340769,1.0000180891131307,-1.0000173366677452,1.0000180891131316,1.0000000112680347,-1.0000121628899914,1.0000135775840477,1.000013577584048,-0.999342128934078,-0.999836950570097,0.9993449088303625,-1.0000146882577656,-1.000014688257763
-0.9998437362772616,1.0000030364666495,0.9993615336352191,-1.0000055726941461,-0.9998352530487442,-0.9985170283456379,-0.9896339163302317,0.6009404173102697,-0.9633425962785526,0.009764319702251611,0.9867375198402579,0.9682992017827962,-0.6163360158120682,0.9993478477637595,-0.9993471517152049,-0.9993482484742879,0.9993457757254032,0.9993476724763206,0.9993478477637581,-0.9993471517152063,-0.9993482484742867,0.9993457757254041,-0.9993485021135322,0.9993489737169254,-1.0000144391135717,1.0000138271273986,-1.0000144391135724,-1.0000121628899914,1.00000000607474,-1.0000097951514568,-1.000009795151458,0.9993415355377635,0.9998348398160896,-0.999344307922313,1.0000111827572176,1.0000111827572193
0.9998458002492993,-1.000004441856084,-0.9993642553432079,1.0000071209714472,0.9998359959368083,0.9985164413785347,0.9896405768314852,-0.6009119731534409,0.9633341237447047,-0.009800979323124131,-0.9867329633069092,-0.9683097229164138,0.6163657450609719,-0.9993479341111847,0.9993472374997594,0.9993483351046304,-0.999345860247726,-0.9993477586864955,-0.9993479341111838,0.9993472374997597,0.9993483351046294,-0.9993458602477268,0.9993485888963364,-0.999349060787527,1.0000158552291412,-1.0000152428863172,1.0000158552291418,1.0000135775840477,-1.0000097951514568,1.0000000080879108,1.0000113477583854,-0.9993416152546408,-0.9998355829187664,0.9993443909232692,-1.00001245710686,-1.000012596750173
0.9998458002492987,-1.0000044418560845,-0.9993642553432079,1.000007120971447,0.9998359959368077,0.9985164413785347,0.9896405768314849,-0.6009119731534402,0.9633341237447044,-0.009800979323124192,-0.9867329633069082,-0.9683097229164133,0.6163657450609709,-0.9993479341111856,0.9993472374997593,0.9993483351046303,-0.9993458602477251,-0.9993477586864955,-0.9993479341111833,0.9993472374997597,0.9993483351046294,-0.9993458602477265,0.9993485888963364,-0.9993490607875269,1.0000158552291407,-1.0000152428863172,1.0000158552291405,1.000013577584048,-1.000009795151458,1.0000113477583854,1.0000000080879108,-0.999341615254641,-0.9998355829187661,0.9993443909232692,-1.000012596750173,-1.00001245710686
-0.9985301486033128,0.9993422229471263,0.9973957745554299,-0.9993416832768209,-0.9998307203935377,-0.9998294289170462,-0.9837576707375079,0.6295686116691739,-0.9724440421681017,-0.026558448712086735,0.9919753057233888,0.9585814316954143,-0.5873252672564043,0.9999937303387175,-0.999993591937116,-0.9999938507928043,0.9999934665896518,0.999993691030038,0.9999937303387173,-0.9999935919371156,-0.9999938507928048,0.9999934665896529,-0.9999939534512734,0.9999941400173812,-0.9993429971205213,0.9993427383746283,-0.9993429971205215,-0.999342128934078,0.9993415355377635,-0.9993416152546408,-0.999341615254641,0.999999995715417,0.9998302336880526,-0.9999933666938166,0.999341843358531,0.9993418433585314
-0.9993453694841858,0.9998324522295262,0.9985356348705201,-0.9998335140179035,-0.9999940898192062,-0.9993370223356065,-0.9868430002854616,0.6154114652658758,-0.9680677170655597,-0.008471710826168766,0.9895264745135827,0.963576023014005,-0.6018691235182005,0.9998332479554181,-0.9998328317876123,-0.9998335080145743,0.9998320835199638,0.999833140914265,0.9998332479554164,-0.9998328317876117,-0.9998335080145744,0.9998320835199646,-0.9998336858876635,0.9998340144506551,-0.9998385201893775,0.9998380854654377,-0.9998385201893769,-0.999836950570097,0.9998348398160896,-0.9998355829187664,-0.9998355829187661,0.9998302336880526,0.9999999955163158,-0.9998313724170951,0.9998363190144347,0.9998363190144358
0.9985345153673569,-0.9993449801091757,-0.9974017490710767,0.999344448366725,0.999831998241082,0.9998274576553456,0.9837732777662047,-0.6294986905683171,0.9724226837404091,0.0264688637465851,-0.9919635016686548,-0.958606488084651,0.5873975043362358,-0.9999932643697077,0.9999931245929178,0.9999933855149804,-0.9999928565181867,-0.9999932247257023,-0.9999932643697063,0.9999931245929168,0.9999933855149798,-0.9999928565181837,0.9999934885458809,-0.9999936758150486,0.9993457804894207,-0.9993455208722923,0.9993457804894212,0.9993449088303625,-0.999344307922313,0.9993443909232692,0.9993443909232692,-0.9999933666938166,-0.9998313724170951,0.9999999950338204,-0.9993446215419968,-0.9993446215419977
-0.9998475476461506,1.0000056850477197,0.9993665062430669,-1.0000083666476467,-0.9998367318682285,-0.998516158910109,-0.9896458417707383,0.6008902958660797,-0.9633277979546906,0.009829048729279638,0.9867296396427919,0.9683179401120885,-0.6163886097604163,0.9993481672926492,-0.999347470250155,-0.9993485685027743,0.9993460920314976,0.999347991762848,0.9993481672926484,-0.9993474702501562,-0.9993485685027745,0.999346092031499,-0.9993488224112494,0.9993492945228671,-1.000017106634894,1.0000164940189082,-1.0000171066348933,-1.0000146882577656,1.0000111827572176,-1.00001245710686,-1.000012596750173,0.999341843358531,0.9998363190144347,-0.9993446215419968,1.0000000098688653,1.0000138465302535
-0.9998475476461511,1.0000056850477206,0.9993665062430678,-1.0000083666476487,-0.9998367318682294,-0.9985161589101097,-0.9896458417707388,0.6008902958660793,-0.9633277979546917,0.009829048729280707,0.9867296396427923,0.9683179401120902,-0.6163886097604173,0.9993481672926505,-0.9993474702501582,-0.9993485685027746,0.9993460920314982,0.9993479917628489,0.9993481672926492,-0.999347470250158,-0.999348568502775,0.9993460920314997,-0.9993488224112491,0.9993492945228684,-1.0000171066348942,1.0000164940189087,-1.000017106634894,-1.000014688257763,1.0000111827572193,-1.000012596750173,-1.00001245710686,0.9993418433585314,0.9998363190144358,-0.9993446215419977,1.0000138465302535,1.0000000098688653
