1.0000000007188867,-0.9999992673796093,-1.0000013028021202,0.9999992659495655,0.9999994650834287,1.000009877218799,-1.000008830544169,1.0000065956565936,1.0000098772187995,-1.00000401197286,1.0000012998564964,-1.0000003043324894,-1.000000069288212,-0.9999987869033501,0.999998991266372,0.9999994561903087,0.9999986678573621,0.9999990301646795,-0.9999987152370085,-0.999998685784191,-0.9999990504379536,0.9999986249146661
-0.9999992673796093,0.9999999990250914,1.0000006747902592,-0.9999975300175916,-0.9999977291512598,-1.0000086952334766,1.0000076485601366,-1.0000054136755387,-1.0000086952334772,1.0000028299952808,-1.000000117882582,0.999999122360007,0.9999988873160378,0.9999976049330103,-0.9999978092957046,-0.9999982742190343,-0.999997485887338,-0.999997848194233,0.9999975332668478,0.9999975038142046,0.9999978684676178,-0.9999974429447213
-1.0000013028021202,1.0000006747902592,1.0000000019419022,-1.0000001193983743,-1.0000003185323754,-1.0000107306784345,1.0000096840028752,-1.0000074491131248,-1.000010730678435,1.000004865426848,-1.0000021533078067,1.0000011577827492,1.0000009227382483,0.9999996403520378,-0.9999998447152999,-1.0000003096396803,-0.9999995213058093,-0.9999998836134247,0.9999995686855568,0.9999995392326038,0.9999999038866114,-0.999999478363053
0.9999992659495655,-0.9999975300175916,-1.0000001193983743,0.9999999982292028,0.9999977277219971,1.0000081398360048,-1.000007093163268,1.0000048582800598,1.0000081398360072,-1.000002274601426,0.9999995624904344,-0.9999985669685247,-0.9999983319247006,-0.9999970495425282,0.9999972539050711,0.999997718828118,0.9999969304969974,0.999997292803697,-0.9999969778764493,-0.9999963944624612,-0.9999973130771285,0.9999968875544175
0.9999994650834287,-0.9999977291512598,-1.0000003185323754,0.9999977277219971,0.999999998514566,1.0000083389722434,-1.0000072922992866,1.0000050574155503,1.0000083389722443,-1.0000024737362976,0.9999997616246532,-0.9999987661024817,-0.9999985310586027,-0.9999972486760946,0.999997453038702,0.999997917961855,0.9999971296304971,0.9999974919372658,-0.9999971770099786,-0.9999971475573703,-0.9999969582492484,0.999997086687902
1.000009877218799,-1.0000086952334766,-1.0000107306784345,1.0000081398360048,1.0000083389722434,1.0000000134354479,-1.0000171505253674,1.0000154695835999,1.0000187511702863,-1.000012885882319,1.0000101737477238,-1.0000091782182623,-1.0000089431722727,-1.000007660780272,1.000007865143943,1.0000083300713059,1.0000075417356866,1.00000790404647,-1.0000075891146691,-1.0000075596635485,-1.0000079243218305,1.0000074987930245
-1.000008830544169,1.0000076485601366,1.0000096840028752,-1.000007093163268,-1.0000072922992866,-1.0000171505253674,1.0000000119355248,-1.0000138689420826,-1.00001715052537,1.0000118392048654,-1.0000091270730458,1.000008131544581,1.0000078964988348,1.0000066141081225,-1.0000068184715964,-1.0000072833984783,-1.0000064950636236,-1.0000068573740213,1.0000065424425728,1.0000065129914553,1.0000068776493307,-1.000006452121002
1.0000065956565936,-1.0000054136755387,-1.0000074491131248,1.0000048582800598,1.0000050574155503,1.0000154695835999,-1.0000138689420826,1.000000008732859,1.0000154695836005,-1.000009050352102,1.0000068921870229,-1.0000058966603471,-1.0000056616150794,-1.0000043792266866,1.000004583589855,1.0000050485157856,1.00000426018213,1.0000046224916797,-1.0000043075611165,-1.0000042781098046,-1.0000046427666944,1.0000042172395505
1.0000098772187995,-1.0000086952334772,-1.000010730678435,1.0000081398360072,1.0000083389722443,1.0000187511702863,-1.00001715052537,1.0000154695836005,1.0000000134354479,-1.0000128858823194,1.0000101737477254,-1.0000091782182632,-1.0000089431722727,-1.0000076607802721,1.0000078651439428,1.0000083300713059,1.000007541735687,1.0000079040464709,-1.0000075891146685,-1.0000075596635487,-1.0000079243218303,1.0000074987930259
-1.00000401197286,1.0000028299952808,1.000004865426848,-1.000002274601426,-1.0000024737362976,-1.000012885882319,1.0000118392048654,-1.000009050352102,-1.0000128858823194,1.000000005030366,-1.0000037545439164,1.0000033129806771,1.0000030779359572,1.00000179555018,-1.0000019999130139,-1.0000024648378545,-1.0000016765055206,-1.0000020388140862,1.000001723884566,1.0000016944330012,1.000002059088728,-1.0000016335629807
1.0000012998564964,-1.000000117882582,-1.0000021533078067,0.9999995624904344,0.9999997616246532,1.0000101737477238,-1.0000091270730458,1.0000068921870229,1.0000101737477254,-1.0000037545439164,1.0000000011438341,-1.0000000469072337,-0.9999998118630865,-0.9999990834414528,0.9999992878039415,0.9999997527276447,0.9999989643966697,0.9999993267042014,-0.9999990117757837,-0.9999989823239429,-0.9999993469784425,0.9999989214541729
-1.0000003043324894,0.999999122360007,1.0000011577827492,-0.9999985669685247,-0.9999987661024817,-1.0000091782182623,1.000008131544581,-1.0000058966603471,-1.0000091782182632,1.0000033129806771,-1.0000000469072337,0.9999999997172262,0.999999370302784,0.9999980879205668,-0.9999982922829717,-0.9999982032448606,-0.9999979688756467,-0.9999983311827909,0.9999980162548249,0.99999798680281,0.9999983514568137,-0.99999792593315
-1.000000069288212,0.9999988873160378,1.0000009227382483,-0.9999983319247006,-0.9999985310586027,-1.0000089431722727,1.0000078964988348,-1.0000056616150794,-1.0000089431722727,1.0000030779359572,-0.9999998118630865,0.999999370302784,0.9999999993804021,0.9999978528769182,-0.999997503277868,-0.999998522162499,-0.999997733831997,-0.9999980961390529,0.999997781211177,0.9999977517591475,0.9999981164130476,-0.9999976908895037
-0.9999987869033501,0.9999976049330103,0.9999996403520378,-0.9999970495425282,-0.9999972486760946,-1.000007660780272,1.0000066141081225,-1.0000043792266866,-1.0000076607802721,1.00000179555018,-0.9999990834414528,0.9999980879205668,0.9999978528769182,0.9999999975427176,-0.9999962208968853,-0.9999966858195898,-0.9999958974895363,-0.9999962597960979,0.9999964988302189,0.999996469377972,0.9999968340312362,-0.9999964085084653
0.999998991266372,-0.9999978092957046,-0.9999998447152999,0.9999972539050711,0.999997453038702,1.000007865143943,-1.0000068184715964,1.000004583589855,1.0000078651439428,-1.0000019999130139,0.9999992878039415,-0.9999982922829717,-0.999997503277868,-0.9999962208968853,0.9999999978355739,0.9999974441433425,0.9999966558132817,0.9999970181199228,-0.9999961492310949,-0.9999966737403273,-0.9999970383937141,0.999996612870795
0.9999994561903087,-0.9999982742190343,-1.0000003096396803,0.999997718828118,0.999997917961855,1.0000083300713059,-1.0000072833984783,1.0000050485157856,1.0000083300713059,-1.0000024648378545,0.9999997527276447,-0.9999982032448606,-0.999998522162499,-0.9999966858195898,0.9999974441433425,0.9999999985018199,0.9999971207359859,0.9999974830427998,-0.9999971681152151,-0.9999971386630602,-0.9999975033166454,0.9999970777934886
0.9999986678573621,-0.999997485887338,-0.9999995213058093,0.9999969304969974,0.9999971296304971,1.0000075417356866,-1.0000064950636236,1.00000426018213,1.000007541735687,-1.0000016765055206,0.9999989643966697,-0.9999979688756467,-0.999997733831997,-0.9999958974895363,0.9999966558132817,0.9999971207359859,0.9999999973721231,0.9999966947122025,-0.9999963797850377,-0.9999957963712279,-0.9999961610243585,0.9999962894631845
0.9999990301646795,-0.999997848194233,-0.9999998836134247,0.999997292803697,0.9999974919372658,1.00000790404647,-1.0000068573740213,1.0000046224916797,1.0000079040464709,-1.0000020388140862,0.9999993267042014,-0.9999983311827909,-0.9999980961390529,-0.9999962597960979,0.9999970181199228,0.9999974830427998,0.9999966947122025,0.9999999978913169,-0.9999967420915593,-0.9999967126391484,-0.9999970772924037,0.9999966517696647
-0.9999987152370085,0.9999975332668478,0.9999995686855568,-0.9999969778764493,-0.9999971770099786,-1.0000075891146691,1.0000065424425728,-1.0000043075611165,-1.0000075891146685,1.000001723884566,-0.9999990117757837,0.9999980162548249,0.999997781211177,0.9999964988302189,-0.9999961492310949,-0.9999971681152151,-0.9999963797850377,-0.9999967420915593,0.9999999974400187,0.9999963977120117,0.9999967623652009,-0.9999957828811118
-0.999998685784191,0.9999975038142046,0.9999995392326038,-0.9999963944624612,-0.9999971475573703,-1.0000075596635485,1.0000065129914553,-1.0000042781098046,-1.0000075596635487,1.0000016944330012,-0.9999989823239429,0.99999798680281,0.9999977517591475,0.999996469377972,-0.9999966737403273,-0.9999971386630602,-0.9999957963712279,-0.9999967126391484,0.9999963977120117,0.9999999973978125,0.9999967329126754,-0.999995753428696
-0.9999990504379536,0.9999978684676178,0.9999999038866114,-0.9999973130771285,-0.9999969582492484,-1.0000079243218305,1.0000068776493307,-1.0000046427666944,-1.0000079243218303,1.000002059088728,-0.9999993469784425,0.9999983514568137,0.9999981164130476,0.9999968340312362,-0.9999970383937141,-0.9999975033166454,-0.9999961610243585,-0.9999970772924037,0.9999967623652009,0.9999967329126754,0.9999999979203694,-0.9999966720432165
0.9999986249146661,-0.9999974429447213,-0.999999478363053,0.9999968875544175,0.999997086687902,1.0000074987930245,-1.000006452121002,1.0000042172395505,1.0000074987930259,-1.0000016335629807,0.9999989214541729,-0.99999792593315,-0.9999976908895037,-0.9999964085084653,0.999996612870795,0.9999970777934886,0.9999962894631845,0.9999966517696647,-0.9999957828811118,-0.999995753428696,-0.9999966720432165,0.9999999973105849
