0.9999999965782258,-0.9999964234874533,0.9999969405698965,-0.9999952670453982,0.9999959474092581,-0.9999969407184426,1.172653783681445e-16,-1.1754871132559828e-16,1.1798429653233123e-16,1.1610332724408827e-16,-0.9999977021021869,0.9999977027316439,0.9999981829755865,-0.9999981832983544
-0.9999964234874533,0.9999999975617813,-0.9999980990103452,0.9999959474092526,-0.9999966283547924,0.9999976225246043,-1.2308425991977974e-16,1.2336759565253872e-16,-1.2380318012251767e-16,-1.2192221093601114e-16,0.9999983841637369,-0.9999983842665532,-0.99999886470056,0.9999988647922299
0.9999969405698965,-0.9999980990103452,0.9999999989980164,-0.9999969407184576,0.9999976225246231,-0.9999990940299737,1.38071278817611e-16,-1.3835461990994773e-16,1.3879020193139867e-16,1.369092330793186e-16,-0.9999998560500792,0.9999993791601236,0.9999998599376918,-0.9999998596067701
-0.9999952670453982,0.9999959474092526,-0.9999969407184576,0.9999999965782258,-0.9999964234874567,0.9999969405698838,3.6785654319141834e-17,-3.6502242235495664e-17,3.606673604249462e-17,3.79477052327577e-17,0.999997702731636,-0.9999977021021967,-0.9999981832983595,0.9999981829755827
0.9999959474092581,-0.9999966283547924,0.9999976225246231,-0.9999964234874567,0.9999999975617813,-0.9999980990103405,-5.366627783872198e-16,5.36379620531315e-16,-5.359438585380372e-16,-5.378248276600807e-16,-0.9999983842665497,0.9999983841637519,0.9999988647922394,-0.9999988647005617
-0.9999969407184426,0.9999976225246043,-0.9999990940299737,0.9999969405698838,-0.9999980990103405,0.9999999989980164,1.2051906798282883e-16,-1.2023582616408846e-16,1.1980014507288374e-16,1.2168111365822701e-16,0.9999993791601014,-0.9999998560500752,-0.9999998596067603,0.9999998599376736
1.172653783681445e-16,-1.2308425991977974e-16,1.38071278817611e-16,3.6785654319141834e-17,-5.366627783872198e-16,1.2051906798282883e-16,1.000000000494117,-1.0000013745454264,1.0000006901786558,1.0000006901786493,-4.296263406969395e-16,1.0210829755809017e-15,-2.2727160819025906e-16,-6.144416671229075e-16
-1.1754871132559828e-16,1.2336759565253872e-16,-1.3835461990994773e-16,-3.6502242235495664e-17,5.36379620531315e-16,-1.2023582616408846e-16,-1.0000013745454264,1.0000000007944012,-1.0000013745454257,-1.0000013745454208,4.2990978864323173e-16,-1.0213663960051014e-15,2.269882422169289e-16,6.147250515664775e-16
1.1798429653233123e-16,-1.2380318012251767e-16,1.3879020193139867e-16,3.606673604249462e-17,-5.359438585380372e-16,1.1980014507288374e-16,1.0000006901786558,-1.0000013745454257,1.000000000494117,1.0000006901786465,-4.3034526637320513e-16,1.0218019013255861e-15,-2.2655268114846834e-16,-6.151605942080242e-16
1.1610332724408827e-16,-1.2192221093601114e-16,1.369092330793186e-16,3.79477052327577e-17,-5.378248276600807e-16,1.2168111365822701e-16,1.0000006901786493,-1.0000013745454208,1.0000006901786465,1.0000000004941167,-4.284642977363774e-16,1.0199209329746916e-15,-2.284336493110915e-16,-6.132796259494444e-16
-0.9999977021021869,0.9999983841637369,-0.9999998560500792,0.999997702731636,-0.9999983842665497,0.9999993791601014,-4.296263406969395e-16,4.2990978864323173e-16,-4.3034526637320513e-16,-4.284642977363774e-16,1.000000000098227,-1.0000001409007633,-1.0000010990636703,1.0000006221123015
0.9999977027316439,-0.9999983842665532,0.9999993791601236,-0.9999977021021967,0.9999983841637519,-0.9999998560500752,1.0210829755809017e-15,-1.0213663960051014e-15,1.0218019013255861e-15,1.0199209329746916e-15,-1.0000001409007633,1.000000000098227,1.000000622112314,-1.0000010990636767
0.9999981829755865,-0.99999886470056,0.9999998599376918,-0.9999981832983595,0.9999988647922394,-0.9999998596067603,-2.2727160819025906e-16,2.269882422169289e-16,-2.2655268114846834e-16,-2.284336493110915e-16,-1.0000010990636703,1.000000622112314,1.0000000007925265,-1.0000015799097042
-0.9999981832983544,0.9999988647922299,-0.9999998596067701,0.9999981829755827,-0.9999988647005617,0.9999998599376736,-6.144416671229075e-16,6.147250515664775e-16,-6.151605942080242e-16,-6.132796259494444e-16,1.0000006221123015,-1.0000010990636767,-1.0000015799097042,1.0000000007925265
