0.999999999069978,-0.9999992624488308,0.8957578896897459,-0.8957609231995186,-0.8957571466611671,-0.8957571466611661,0.1878331512211742,0.26832756577432076,-0.6048428666078456,-0.668556906526599,0.8957783442271239,0.8957787319184456,0.7228026252937757,-0.8957747871411872,-0.8596566454049395,0.8957689607600325,-0.7729209359770173,0.8186258449252727,-0.8957657856905404,-0.8957657856905443,0.8957630038237735,0.8957630038237708
-0.9999992624488308,0.999999998981482,-0.8957587140304045,0.8957617149183784,0.8957579821906707,0.8957579821906687,-0.18783426099959408,-0.2683264332238586,0.6048437610228345,0.6685559584050533,-0.8957795290927002,-0.8957787676448165,-0.7228017082350201,0.8957754053342577,0.8596559192258362,-0.8957696645771318,0.7729200647480392,-0.8186250366363138,0.8957665273271493,0.8957665273271509,-0.8957637747016877,-0.8957637747016859
0.8957578896897459,-0.8957587140304045,1.000000001903381,-1.0000020754733239,-1.000004058270684,-1.0000040582706824,0.6048433685810299,-0.18784259948048648,-0.895773878535964,-0.2683074169262236,0.9999896236627246,0.604820270858724,0.3402813814922055,-0.9999956955937428,-0.5429598306945278,0.9999990877257634,-0.41031209108510125,0.4780001835024676,-1.000000167621756,-1.0000001676217587,1.0000008873912312,1.0000008873912294
-0.8957609231995186,0.8957617149183784,-1.0000020754733239,1.0000000004037333,1.000002082321621,1.0000020823216182,-0.6048429169973392,0.1878409064011564,0.8957745581946782,0.268310258868364,-0.9999912243466588,-0.6048236624150428,-0.34028440753328404,0.9999964719385793,0.542963237733418,-0.9999990700785619,0.4103152894671628,-0.47800351865646085,0.9999997824406663,0.9999997824406676,-1.0000008683583057,-1.0000008683583002
-0.8957571466611671,0.8957579821906707,-1.000004058270684,1.000002082321621,1.0000000030418599,1.0000042120407282,-0.6048438242491991,0.18784334662880925,0.8957740197956664,0.2683064460584387,-0.999989448812692,-0.6048192573737834,-0.34028037371515035,0.9999957991422538,0.5429587807753697,-0.9999994587776871,0.41031105228371134,-0.4779991274740237,1.0000006628848432,1.0000006628848457,-1.0000014825857564,-1.0000014825857548
-0.8957571466611661,0.8957579821906687,-1.0000040582706824,1.0000020823216182,1.0000042120407282,1.0000000030418599,-0.6048438242491975,0.18784334662880864,0.8957740197956633,0.26830644605843784,-0.9999894488126904,-0.604819257373782,-0.3402803737151497,0.9999957991422525,0.5429587807753693,-0.9999994587776849,0.4103110522837103,-0.47799912747402273,1.0000006628848412,1.0000006628848432,-1.000001482585754,-1.000001482585753
0.1878331512211742,-0.18783426099959408,0.6048433685810299,-0.6048429169973392,-0.6048438242491991,-0.6048438242491975,1.0000000009460377,-0.8957816320275672,-0.8957823122358387,0.6048458772969041,0.6048453808759277,-0.2683272151060424,-0.5429861482635462,-0.6048451623814886,0.340303908075915,0.604844005880246,0.47802620489180137,-0.4103367296341014,-0.6048433226952117,-0.6048433226952121,0.6048429502415842,0.6048429502415851
0.26832756577432076,-0.2683264332238586,-0.18784259948048648,0.1878409064011564,0.18784334662880925,0.18784334662880864,-0.8957816320275672,1.000000000114285,0.604845250872332,-0.8957810797978146,-0.18783629227248533,0.6685577567550964,0.859658585738592,0.18783745004822403,-0.7228044682917817,-0.18783867599202475,-0.8186281133138272,0.7729231397848169,0.18783930283280204,0.1878393028328018,-0.18784008023741694,-0.18784008023741788
-0.6048428666078456,0.6048437610228345,-0.895773878535964,0.8957745581946782,0.8957740197956664,0.8957740197956633,-0.8957823122358387,0.604845250872332,1.000000001569443,-0.1878371629615245,-0.8957825603289876,-0.18783379981169546,0.11313371856942822,0.8957809465323415,0.11312968799328693,-0.8957781865285038,-0.03778461354425661,-0.03778020826106682,0.8957765739809502,0.8957765739809522,-0.8957753139648872,-0.8957753139648867
-0.668556906526599,0.6685559584050533,-0.2683074169262236,0.268310258868364,0.2683064460584387,0.26830644605843784,0.6048458772969041,-0.8957810797978146,-0.1878371629615245,0.9999999993093489,-0.26832306372650766,-0.92943466609699,-0.9971448940436518,0.26832007157678345,0.9546437775580716,-0.26831605485329174,0.9885955508624756,-0.9744017203030751,0.2683139453214654,0.26831394532146646,-0.2683119407659996,-0.268311940765998
0.8957783442271239,-0.8957795290927002,0.9999896236627246,-0.9999912243466588,-0.999989448812692,-0.9999894488126904,0.6048453808759277,-0.18783629227248533,-0.8957825603289876,-0.26832306372650766,1.0000000009391365,0.6048414745795762,0.3402987871481937,-1.0000007024413,-0.5429810238723966,0.9999964550806543,-0.410331158851566,0.47802059975942096,-0.9999943298908756,-0.9999943298908782,0.9999925038399733,0.9999925038399708
0.8957787319184456,-0.8957787676448165,0.604820270858724,-0.6048236624150428,-0.6048192573737834,-0.604819257373782,-0.2683272151060424,0.6685577567550964,-0.18783379981169546,-0.92943466609699,0.6048414745795762,0.9999999984365936,0.9546430546383514,-0.6048374023182737,-0.9971439662349775,0.6048316267106236,-0.9744008267081589,0.9885945547715252,-0.6048285713054719,-0.6048285713054741,0.6048258208924745,0.6048258208924727
0.7228026252937757,-0.7228017082350201,0.3402813814922055,-0.34028440753328404,-0.34028037371515035,-0.3402803737151497,-0.5429861482635462,0.859658585738592,0.11313371856942822,-0.9971448940436518,0.3402987871481937,0.9546430546383514,0.9999999998266642,-0.3402953669297517,-0.9744018712130093,0.340290817920839,-0.9971455446350823,0.9885959906299332,-0.34028844302671934,-0.3402884430267207,0.34028622927891017,0.3402862292789084
-0.8957747871411872,0.8957754053342577,-0.9999956955937428,0.9999964719385793,0.9999957991422538,0.9999957991422525,-0.6048451623814886,0.18783745004822403,0.8957809465323415,0.26832007157678345,-1.0000007024413,-0.6048374023182737,-0.3402953669297517,1.0000000007324108,0.5429768249745965,-1.0000001296204368,0.41032735037018025,-0.47801650695568587,0.9999982931961324,0.9999982931961348,-0.9999972188743592,-0.9999972188743577
-0.8596566454049395,0.8596559192258362,-0.5429598306945278,0.542963237733418,0.5429587807753697,0.5429587807753693,0.340303908075915,-0.7228044682917817,0.11312968799328693,0.9546437775580716,-0.5429810238723966,-0.9971439662349775,-0.9744018712130093,0.5429768249745965,0.9999999994923028,-0.5429710912902445,0.9885957805217228,-0.997145143192485,0.542968088398283,0.5429680883982851,-0.5429653791095658,-0.5429653791095643
0.8957689607600325,-0.8957696645771318,0.9999990877257634,-0.9999990700785619,-0.9999994587776871,-0.9999994587776849,0.604844005880246,-0.18783867599202475,-0.8957781865285038,-0.26831605485329174,0.9999964550806543,0.6048316267106236,0.340290817920839,-1.0000001296204368,-0.5429710912902445,0.9999999999723008,-0.41032229456709013,0.478011031760397,-1.0000003173827647,-1.0000003173827654,0.9999993045775246,0.9999993045775242
-0.7729209359770173,0.7729200647480392,-0.41031209108510125,0.4103152894671628,0.41031105228371134,0.4103110522837103,0.47802620489180137,-0.8186281133138272,-0.03778461354425661,0.9885955508624756,-0.410331158851566,-0.9744008267081589,-0.9971455446350823,0.41032735037018025,0.9885957805217228,-0.41032229456709013,1.0000000001218674,-0.9971456452978168,0.4103196622472376,0.4103196622472388,-0.4103172454488871,-0.41031724544888537
0.8186258449252727,-0.8186250366363138,0.4780001835024676,-0.47800351865646085,-0.4779991274740237,-0.47799912747402273,-0.4103367296341014,0.7729231397848169,-0.03778020826106682,-0.9744017203030751,0.47802059975942096,0.9885945547715252,0.9885959906299332,-0.47801650695568587,-0.997145143192485,0.478011031760397,-0.9971456452978168,0.9999999999494364,-0.47800817863426015,-0.4780081786342617,0.4780055875603047,0.4780055875603029
-0.8957657856905404,0.8957665273271493,-1.000000167621756,0.9999997824406663,1.0000006628848432,1.0000006628848412,-0.6048433226952117,0.18783930283280204,0.8957765739809502,0.2683139453214654,-0.9999943298908756,-0.6048285713054719,-0.34028844302671934,0.9999982931961324,0.542968088398283,-1.0000003173827647,0.4103196622472376,-0.47800817863426015,0.9999999998835415,0.9999998064622039,-1.0000004397657365,-0.9999997839488141
-0.8957657856905443,0.8957665273271509,-1.0000001676217587,0.9999997824406676,1.0000006628848457,1.0000006628848432,-0.6048433226952121,0.1878393028328018,0.8957765739809522,0.26831394532146646,-0.9999943298908782,-0.6048285713054741,-0.3402884430267207,0.9999982931961348,0.5429680883982851,-1.0000003173827654,0.4103196622472388,-0.4780081786342617,0.9999998064622039,0.9999999998835415,-0.9999997839488167,-1.0000004397657398
0.8957630038237735,-0.8957637747016877,1.0000008873912312,-1.0000008683583057,-1.0000014825857564,-1.000001482585754,0.6048429502415842,-0.18784008023741694,-0.8957753139648872,-0.2683119407659996,0.9999925038399733,0.6048258208924745,0.34028622927891017,-0.9999972188743592,-0.5429653791095658,0.9999993045775246,-0.4103172454488871,0.4780055875603047,-1.0000004397657365,-0.9999997839488167,1.0000000000387466,1.000000023118865
0.8957630038237708,-0.8957637747016859,1.0000008873912294,-1.0000008683583002,-1.0000014825857548,-1.000001482585753,0.6048429502415851,-0.18784008023741788,-0.8957753139648867,-0.268311940765998,0.9999925038399708,0.6048258208924727,0.3402862292789084,-0.9999972188743577,-0.5429653791095643,0.9999993045775242,-0.41031724544888537,0.4780055875603029,-0.9999997839488141,-1.0000004397657398,1.000000023118865,1.0000000000387466
