1.0000000012490875,-0.7934293713188647,-0.7934287522389519,0.38234196614259863,0.7228892581185122,0.7934286638889553,0.2590557557444549,0.7934289739449429,0.48010580271510095,-0.4801063771741201,0.5722303680744363,0.2590523768146321,-0.2590536420508403,-0.6576340759456308,-0.7102933738353928,-0.5722270087797694,-0.5722295206510825,0.6711317703760526,0.5722242387225824,-0.7934282759367554,-0.7934282759367568,0.6974658194647918,-0.6844105341239477,-0.5722228026972098,-0.5722228026972092,0.7934278230044788,0.7934278230044784,0.5722219645421861,0.5722219645421851,-0.7934276707344217,-0.572221686634797
-0.7934293713188647,1.0000000002271985,0.25905850776735984,-0.8657774706131501,-0.9941246221988718,-0.9999984372808913,0.3823423207405039,-0.2590589825451522,-0.9148537116439223,0.9148547650069898,-0.9531834271707675,0.38234449043347,-0.3823438656425249,0.9803140324715448,0.9920080860786168,0.9531814850296199,0.9531821718249741,-0.983719628556658,-0.9531802282907466,0.2590589817536097,0.25905898175361,-0.989567727955779,0.9868046133975713,0.9531792832118601,0.9531792832118592,-0.2590589739104716,-0.2590589739104722,-0.953178783007533,-0.9531787830075321,0.259058972042241,0.953178623206134
-0.7934287522389519,0.25905850776735984,1.0000000009386485,0.25905705368567516,-0.15299609954586868,-0.25905790112224736,-0.7934277666482028,-1.0000003718870332,0.1529949480898893,-0.15299513420459654,0.045135796707194184,-0.7934252444859075,0.7934265827780719,0.0632568504783123,0.13512544518579458,-0.04513868668341359,-0.045135832385784634,-0.08127020155500615,0.045141388399629195,1.0000000536834226,1.000000053683426,-0.11721040606980099,0.0992567051427269,-0.045142537696853134,-0.045142537696852815,-0.9999994958702739,-0.9999994958702755,0.04514325560047446,0.04514325560047423,0.9999993078368047,-0.045143499258312125
0.38234196614259863,-0.8657774706131501,0.25905705368567516,0.999999999819011,0.9148554233579461,0.8657769855591939,-0.7934293067128924,-0.25905552447854535,0.9941230293387867,-0.9941236310265189,0.9765691209411602,-0.7934303381082053,0.793430434644427,-0.9475396635447302,-0.9219974072268009,-0.9765686785924986,-0.9765678869521109,0.9416122357071207,0.9765688227587386,0.25905471884134645,0.25905471884134723,0.928839116803243,-0.9353781102940518,-0.9765684740456381,-0.9765684740456361,-0.25905421496678416,-0.25905421496678466,0.9765683462724942,0.9765683462724921,0.2590540441960593,-0.9765683128859464
0.7228892581185122,-0.9941246221988718,-0.15299609954586868,0.9148554233579461,0.9999999998223745,0.99412388589435,-0.48010747962804884,0.15299672577202952,0.9531824624888288,-0.9531835316660832,0.9803131916579506,-0.48010929743417763,0.48010883001694116,-0.9959247482017327,-0.9998358233985049,-0.980311892390995,-0.980311949361363,0.9973911792472612,0.9803112289183987,-0.15299686246880895,-0.1529968624688092,0.9993471514896018,-0.9985320068839539,-0.9803105253338306,-0.9803105253338289,0.15299694267232808,0.15299694267232836,0.9803101757117091,0.9803101757117059,-0.1529969705481602,-0.9803100669165804
0.7934286638889553,-0.9999984372808913,-0.25905790112224736,0.8657769855591939,0.99412388589435,0.9999999983164449,-0.3823420331781358,0.25905837616776567,0.914852624538324,-0.914853675536931,0.9531822829803297,-0.3823441984312204,0.3823435753113094,-0.98031281335337,-0.9920068249442523,-0.953180368811292,-0.9531810306782954,0.9837184023533766,0.9531791366075733,-0.25905837547128835,-0.2590583754712888,0.9895664806605731,-0.9868033777777118,-0.9531782019087862,-0.9531782019087847,0.2590583676781975,0.25905836767819795,0.953177708007998,0.9531777080079967,-0.2590583658255349,-0.9531775503203043
0.2590557557444549,0.3823423207405039,-0.7934277666482028,-0.7934293067128924,-0.48010747962804884,-0.3823420331781358,1.0000000012896226,0.7934267849535241,-0.7228883764216052,0.7228892364648973,-0.6438557843927614,1.0000001952567887,-1.0000005521454185,0.5572557117686671,0.495869753922595,0.6438570067633363,0.6438549965452465,-0.5421687626597081,-0.6438585187324681,-0.7934256061418195,-0.7934256061418219,-0.5114708061204101,0.526905491865878,0.6438589049668308,0.6438589049668296,0.793424857266518,0.793424857266517,-0.6438592050042319,-0.6438592050042309,-0.793424604205472,0.6438593134236631
0.7934289739449429,-0.2590589825451522,-1.0000003718870332,-0.25905552447854535,0.15299672577202952,0.25905837616776567,0.7934267849535241,1.0000000011421457,-0.152993499155609,0.15299369609115107,-0.045134612940209075,0.7934238445023306,-0.793425145223967,-0.063257700190943,-0.13512609799703817,0.04513747853405332,0.04513464301630384,0.08127099451296849,-0.045140160122085875,-1.0000006657558143,-1.000000665755818,0.11721109698800138,-0.09925744382615098,0.04514130030753232,0.04514130030753188,1.0000009355690576,1.0000009355690573,-0.04514201277897792,-0.04514201277897774,-1.0000008444554183,0.045142254600895874
0.48010580271510095,-0.9148537116439223,0.1529949480898893,0.9941230293387867,0.9531824624888288,0.914852624538324,-0.7228883764216052,-0.152993499155609,0.9999999971652296,-0.9999966024310719,0.9941227328531984,-0.7228891755870825,0.7228891428485631,-0.9765674934159839,-0.9584873489855326,-0.9941223787553926,-0.9941215103120397,0.9725214422067416,0.9941225945231792,0.15299280049040753,0.1529928004904079,0.9634799946972799,-0.968158541123288,-0.9941222651835497,-0.9941222651835486,-0.15299236516382886,-0.1529923651638291,0.9941221488803118,0.9941221488803118,0.15299221745033523,-0.9941221192283441
-0.4801063771741201,0.9148547650069898,-0.15299513420459654,-0.9941236310265189,-0.9531835316660832,-0.914853675536931,0.7228892364648973,0.15299369609115107,-0.9999966024310719,0.999999998759059,-0.9941232774057769,0.7228900404533817,-0.7228900059247039,0.9765685716094925,0.9584884150432513,0.9941234324392845,0.9941225922415518,-0.9725225135015743,-0.9941236204565017,-0.15299300213197667,-0.15299300213197706,-0.963481060018431,0.9681596081594521,0.9941232793781896,0.9941232793781886,0.1529925697662837,0.15299256976628386,-0.9941231559485461,-0.994123155948545,-0.1529924230604347,0.9941231239070667
0.5722303680744363,-0.9531834271707675,0.045135796707194184,0.9765691209411602,0.9803131916579506,0.9531822829803297,-0.6438557843927614,-0.045134612940209075,0.9941227328531984,-0.9941232774057769,0.9999999992733367,-0.6438569143853105,0.643856741906363,-0.9941237049629912,-0.9837186340191709,-0.9999980634946436,-0.9999972317177827,0.9920070939352091,0.9999987874876005,0.045134101489314835,0.045134101489314835,0.9868035451589864,-0.9895666722148297,-0.9999984383955591,-0.9999984383955587,-0.045133784409562436,-0.04513378440956233,0.9999983088321283,0.9999983088321257,0.045133676569017095,-0.9999982745097851
0.2590523768146321,0.38234449043347,-0.7934252444859075,-0.7934303381082053,-0.48010929743417763,-0.3823441984312204,1.0000001952567887,0.7934238445023306,-0.7228891755870825,0.7228900404533817,-0.6438569143853105,0.999999999009305,-0.9999989590522301,0.5572572206863586,0.49587150191661833,0.6438580864352081,0.6438561206657964,-0.5421703244360052,-0.6438595544236303,-0.7934227181602308,-0.7934227181602322,-0.5114724877904433,0.5269071113073261,0.6438599222291539,0.6438599222291533,0.7934220016773342,0.7934220016773359,-0.6438602110925727,-0.6438602110925709,-0.7934217595506073,0.6438603157632329
-0.2590536420508403,-0.3823438656425249,0.7934265827780719,0.793430434644427,0.48010883001694116,0.3823435753113094,-1.0000005521454185,-0.793425145223967,0.7228891428485631,-0.7228900059247039,0.643856741906363,-0.9999989590522301,1.000000000280249,-0.5572568874160481,-0.49587106475176046,-0.6438579330548675,-0.6438559504090373,0.5421699680592212,0.6438594177384585,0.7934240027671328,0.7934240027671362,0.5114720793581354,-0.5269067298570553,-0.6438597925286047,-0.643859792528605,-0.7934232763366311,-0.793423276336632,0.6438600856278044,0.643860085627803,0.7934230308529524,-0.64386019171933
-0.6576340759456308,0.9803140324715448,0.0632568504783123,-0.9475396635447302,-0.9959247482017327,-0.98031281335337,0.5572557117686671,-0.063257700190943,-0.9765674934159839,0.9765685716094925,-0.9941237049629912,0.5572572206863586,-0.5572568874160481,0.9999999996808325,0.9973910822305787,0.994123412031859,0.9941230174328418,-0.9998356560653142,-0.9941231768879264,0.06325799413786486,0.06325799413786502,-0.9985318605863287,0.9993469935468191,0.9941226506084622,0.9941226506084634,-0.06325817397172695,-0.06325817397172717,-0.9941224112294792,-0.9941224112294781,0.06325823548632988,0.9941223397542911
-0.7102933738353928,0.9920080860786168,0.13512544518579458,-0.9219974072268009,-0.9998358233985049,-0.9920068249442523,0.495869753922595,-0.13512609799703817,-0.9584873489855326,0.9584884150432513,-0.9837186340191709,0.49587150191661833,-0.49587106475176046,0.9973910822305787,0.9999999993865456,0.9837175023581106,0.9837174013109179,-0.9985316763164594,-0.9837169903591902,0.1351262583754981,0.13512625837549855,-0.9998354922190424,0.9993468309116669,0.9837163496440852,0.9837163496440847,-0.1351263537825874,-0.13512635378258808,-0.9837160387661981,-0.9837160387661955,0.13512638679911437,0.9837159430389082
-0.5722270087797694,0.9531814850296199,-0.04513868668341359,-0.9765686785924986,-0.980311892390995,-0.953180368811292,0.6438570067633363,0.04513747853405332,-0.9941223787553926,0.9941234324392845,-0.9999980634946436,0.6438580864352081,-0.6438579330548675,0.994123412031859,0.9837175023581106,0.9999999990111292,0.9999974363978824,-0.9920062437299179,-0.9999985967733893,-0.04513695589212934,-0.0451369558921293,-0.9868025452634285,0.989565766501409,0.9999989315672598,0.9999989315672586,0.04513663159542116,0.045136631595421015,-0.9999988889151017,-0.9999988889150997,-0.045136521286088055,0.9999988837322852
-0.5722295206510825,0.9531821718249741,-0.045135832385784634,-0.9765678869521109,-0.980311949361363,-0.9531810306782954,0.6438549965452465,0.04513464301630384,-0.9941215103120397,0.9941225922415518,-0.9999972317177827,0.6438561206657964,-0.6438559504090373,0.9941230174328418,0.9837174013109179,0.9999974363978824,0.9999999975503411,-0.99200586985871,-0.9999976560286762,-0.045134129098317766,-0.04513412909831776,-0.9868023187548052,0.9895654487253973,0.9999973223199417,0.9999973223199409,0.04513381044263783,0.045133810442637805,-0.9999972020970515,-0.9999972020970495,-0.04513370206291252,0.9999971709066164
0.6711317703760526,-0.983719628556658,-0.08127020155500615,0.9416122357071207,0.9973911792472612,0.9837184023533766,-0.5421687626597081,0.08127099451296849,0.9725214422067416,-0.9725225135015743,0.9920070939352091,-0.5421703244360052,0.5421699680592212,-0.9998356560653142,-0.9985316763164594,-0.9920062437299179,-0.99200586985871,0.9999999993082985,0.9920059905723944,-0.08127125185270025,-0.0812712518527004,0.9993467766090421,-0.9998354132876142,-0.992005457023534,-0.9920054570235342,0.08127140864544365,0.08127140864544419,0.9920052127681533,0.9920052127681511,-0.08127146238741423,-0.9920051395929991
0.5722242387225824,-0.9531802282907466,0.045141388399629195,0.9765688227587386,0.9803112289183987,0.9531791366075733,-0.6438585187324681,-0.045140160122085875,0.9941225945231792,-0.9941236204565017,0.9999987874876005,-0.6438595544236303,0.6438594177384585,-0.9941231768879264,-0.9837169903591902,-0.9999985967733893,-0.9999976560286762,0.9920059905723944,0.9999999999712827,0.04513962819890317,0.04513962819890306,0.9868021530775014,-0.9895654609159594,-0.9999993380687903,-0.999999338068791,-0.04513929790982181,-0.045139297909821775,0.9999999124005486,0.9999999124005463,0.04513918555045296,-0.9999999327829721
-0.7934282759367554,0.2590589817536097,1.0000000536834226,0.25905471884134645,-0.15299686246880895,-0.25905837547128835,-0.7934256061418195,-1.0000006657558143,0.15299280049040753,-0.15299300213197667,0.045134101489314835,-0.7934227181602308,0.7934240027671328,0.06325799413786486,0.1351262583754981,-0.04513695589212934,-0.045134129098317766,-0.08127125185270025,0.04513962819890317,1.0000000007222234,1.0000010115773685,-0.11721128599477973,0.09925766560589522,-0.0451407641949647,-0.045140764194964295,-1.000000322413759,-1.0000008631465607,0.04514147416443444,0.045141474164434314,1.0000008134113083,-0.04514171514105989
-0.7934282759367568,0.25905898175361,1.000000053683426,0.25905471884134723,-0.1529968624688092,-0.2590583754712888,-0.7934256061418219,-1.000000665755818,0.1529928004904079,-0.15299300213197706,0.045134101489314835,-0.7934227181602322,0.7934240027671362,0.06325799413786502,0.13512625837549855,-0.0451369558921293,-0.04513412909831776,-0.0812712518527004,0.04513962819890306,1.0000010115773685,1.0000000007222234,-0.1172112859947803,0.09925766560589568,-0.04514076419496467,-0.045140764194964336,-1.0000008631465611,-1.0000003224137646,0.045141474164434404,0.04514147416443426,1.000000813411311,-0.045141715141059954
0.6974658194647918,-0.989567727955779,-0.11721040606980099,0.928839116803243,0.9993471514896018,0.9895664806605731,-0.5114708061204101,0.11721109698800138,0.9634799946972799,-0.963481060018431,0.9868035451589864,-0.5114724877904433,0.5114720793581354,-0.9985318605863287,-0.9998354922190424,-0.9868025452634285,-0.9868023187548052,0.9993467766090421,0.9868021530775014,-0.11721128599477973,-0.1172112859947803,0.9999999993458712,-0.9998354453063851,-0.9868015620485238,-0.9868015620485231,0.1172113996192389,0.11721139961923932,0.9868012818842117,0.9868012818842078,-0.11721143878974057,-0.9868011965294433
-0.6844105341239477,0.9868046133975713,0.0992567051427269,-0.9353781102940518,-0.9985320068839539,-0.9868033777777118,0.526905491865878,-0.09925744382615098,-0.968158541123288,0.9681596081594521,-0.9895666722148297,0.5269071113073261,-0.5269067298570553,0.9993469935468191,0.9993468309116669,0.989565766501409,0.9895654487253973,-0.9998354132876142,-0.9895654609159594,0.09925766560589522,0.09925766560589568,-0.9998354453063851,0.9999999993226678,0.9895649057450365,0.9895649057450351,-0.099257799970904,-0.0992577999709044,-0.9895646478709688,-0.9895646478709665,0.09925784614388901,0.9895645700613835
-0.5722228026972098,0.9531792832118601,-0.045142537696853134,-0.9765684740456381,-0.9803105253338306,-0.9531782019087862,0.6438589049668308,0.04514130030753232,-0.9941222651835497,0.9941232793781896,-0.9999984383955591,0.6438599222291539,-0.6438597925286047,0.9941226506084622,0.9837163496440852,0.9999989315672598,0.9999973223199417,-0.992005457023534,-0.9999993380687903,-0.0451407641949647,-0.04514076419496467,-0.9868015620485238,0.9895649057450365,0.9999999998944848,0.9999998513424904,0.045140431203893085,0.04514043120389298,-0.9999993763143514,-0.9999999170471502,-0.04514031792006866,0.9999999481936027
-0.5722228026972092,0.9531792832118592,-0.045142537696852815,-0.9765684740456361,-0.9803105253338289,-0.9531782019087847,0.6438589049668296,0.04514130030753188,-0.9941222651835486,0.9941232793781886,-0.9999984383955587,0.6438599222291533,-0.643859792528605,0.9941226506084634,0.9837163496440847,0.9999989315672586,0.9999973223199409,-0.9920054570235342,-0.999999338068791,-0.045140764194964295,-0.045140764194964336,-0.9868015620485231,0.9895649057450351,0.9999998513424904,0.9999999998944848,0.045140431203892765,0.0451404312038926,-0.9999999170471505,-0.9999993763143575,-0.04514031792006828,0.9999999481936007
0.7934278230044788,-0.2590589739104716,-0.9999994958702739,-0.25905421496678416,0.15299694267232808,0.2590583676781975,0.793424857266518,1.0000009355690576,-0.15299236516382886,0.1529925697662837,-0.045133784409562436,0.7934220016773342,-0.7934232763366311,-0.06325817397172695,-0.1351263537825874,0.04513663159542116,0.04513381044263783,0.08127140864544365,-0.04513929790982181,-1.000000322413759,-1.0000008631465611,0.1172113996192389,-0.099257799970904,0.045140431203893085,0.045140431203892765,1.0000000005644059,1.0000007902399688,-0.04514113956011289,-0.04514113956011268,-1.0000002252876055,0.04514137999220701
0.7934278230044784,-0.2590589739104722,-0.9999994958702755,-0.25905421496678466,0.15299694267232836,0.25905836767819795,0.793424857266517,1.0000009355690573,-0.1529923651638291,0.15299256976628386,-0.04513378440956233,0.7934220016773359,-0.793423276336632,-0.06325817397172717,-0.13512635378258808,0.045136631595421015,0.045133810442637805,0.08127140864544419,-0.045139297909821775,-1.0000008631465607,-1.0000003224137646,0.11721139961923932,-0.0992577999709044,0.04514043120389298,0.0451404312038926,1.0000007902399688,1.0000000005644059,-0.04514113956011271,-0.045141139560112536,-1.0000002252876021,0.0451413799922069
0.5722219645421861,-0.953178783007533,0.04514325560047446,0.9765683462724942,0.9803101757117091,0.953177708007998,-0.6438592050042319,-0.04514201277897792,0.9941221488803118,-0.9941231559485461,0.9999983088321283,-0.6438602110925727,0.6438600856278044,-0.9941224112294792,-0.9837160387661981,-0.9999988889151017,-0.9999972020970515,0.9920052127681533,0.9999999124005486,0.04514147416443444,0.045141474164434404,0.9868012818842117,-0.9895646478709688,-0.9999993763143514,-0.9999999170471505,-0.04514113956011289,-0.04514113956011271,1.000000000002294,1.000000002243056,0.045141025724486625,-0.999999499191518
0.5722219645421851,-0.9531787830075321,0.04514325560047423,0.9765683462724921,0.9803101757117059,0.9531777080079967,-0.6438592050042309,-0.04514201277897774,0.9941221488803118,-0.994123155948545,0.9999983088321257,-0.6438602110925709,0.643860085627803,-0.9941224112294781,-0.9837160387661955,-0.9999988889150997,-0.9999972020970495,0.9920052127681511,0.9999999124005463,0.045141474164434314,0.04514147416443426,0.9868012818842078,-0.9895646478709665,-0.9999999170471502,-0.9999993763143575,-0.04514113956011268,-0.045141139560112536,1.000000002243056,1.000000000002294,0.045141025724486424,-0.9999994991915061
-0.7934276707344217,0.259058972042241,0.9999993078368047,0.2590540441960593,-0.1529969705481602,-0.2590583658255349,-0.793424604205472,-1.0000008444554183,0.15299221745033523,-0.1529924230604347,0.045133676569017095,-0.7934217595506073,0.7934230308529524,0.06325823548632988,0.13512638679911437,-0.045136521286088055,-0.04513370206291252,-0.08127146238741423,0.04513918555045296,1.0000008134113083,1.000000813411311,-0.11721143878974057,0.09925784614388901,-0.04514031792006866,-0.04514031792006828,-1.0000002252876055,-1.0000002252876021,0.045141025724486625,0.045141025724486424,1.0000000005360503,-0.045141265970399136
-0.572221686634797,0.953178623206134,-0.045143499258312125,-0.9765683128859464,-0.9803100669165804,-0.9531775503203043,0.6438593134236631,0.045142254600895874,-0.9941221192283441,0.9941231239070667,-0.9999982745097851,0.6438603157632329,-0.64386019171933,0.9941223397542911,0.9837159430389082,0.9999988837322852,0.9999971709066164,-0.9920051395929991,-0.9999999327829721,-0.04514171514105989,-0.045141715141059954,-0.9868011965294433,0.9895645700613835,0.9999999481936027,0.9999999481936007,0.04514137999220701,0.0451413799922069,-0.999999499191518,-0.9999994991915061,-0.045141265970399136,1.000000000057684
