1.0000000057547578,-1.0000045574781748,1.0000026817100345,1.000002488160243,1.000008068059871,-1.0000043931839537,1.0000024881602405,1.0000077823494589,-1.000004386416383,1.000002914325128,1.000002724856253,1.0000072552446715,-1.0000048798682102,1.0000034385990482,1.0000034385990502,1.0000043850666784,-1.000005751347333,-1.0000057513473302,-1.0000015875611596,-1.0000020886323744,1.0000032246000827,-1.0000023232029887,-1.0000032532937821,-1.0000062956836206,1.0000048502670986,-1.000006295683622,-1.0000028314088134,-1.0000016098341182,-1.0000059050360475,1.0000023373314428,-1.0000027490788381,-1.0000027490788357,1.000003157441459
-1.0000045574781748,1.0000000005058478,-0.9999991607106236,-0.9999989670117491,-1.0000043931839555,1.0000007092110896,-0.9999988027175273,-1.000004121140348,1.0000007156693074,-0.999999238690901,-0.999999055550488,-1.0000036091850222,1.0000012248086858,-0.9999997818152182,-0.9999997818152199,-1.0000007020128667,1.0000020750358867,1.000002075035884,0.9999979068067933,0.9999984010448678,-0.9999995499994199,0.9999986437019316,0.9999995827290994,1.0000026422056578,-1.0000011890787772,1.0000026422056578,0.9999991627192242,0.9999979397890125,1.0000022381165514,-0.9999986725311845,0.999999089320199,0.9999990893201962,-0.9999994891361188
1.0000026817100345,-0.9999991607106236,0.9999999980614896,0.9999970909424762,1.0000026817100287,-0.9999991607106163,0.9999970909424718,1.0000024061482633,-0.9999989993393565,0.9999975223395174,0.9999973388696934,1.0000019261961572,-0.9999995397900668,0.999998095842044,0.9999980958420476,0.9999989956354361,-1.0000003695663808,-1.0000003695663784,-0.9999962041892729,-0.9999966905620424,0.9999978519956967,-0.9999970926896904,-0.999997866387486,-1.0000009274114035,0.999999473261327,-1.0000009274114035,-0.9999974459710074,-0.9999962458568804,-1.0000005414035549,0.9999969827451961,-0.999997401772271,-0.9999974017722678,0.9999977726492988
1.000002488160243,-0.9999989670117491,0.9999970909424762,0.9999999977852333,1.0000024881602376,-0.9999988027175212,0.9999968949546948,1.0000022235690225,-0.9999988165147403,0.9999973382835209,0.9999971573356049,1.0000016812444545,-0.9999992962277409,0.999997854022015,0.9999978540220164,0.9999987887767443,-1.0000001631721327,-1.0000001631721291,-0.9999959903851162,-0.9999966553458879,0.9999976302433528,-0.99999674137286,-0.9999976839467961,-1.0000007463738132,0.9999992918188538,-1.0000007463738134,-0.9999972644982682,-0.9999960170326914,-1.0000003194671607,0.999996746579391,-0.9999971624913208,-0.9999971624913178,0.9999975910835596
1.000008068059871,-1.0000043931839555,1.0000026817100287,1.0000024881602376,1.0000000057547578,-1.000004557478156,1.0000024881602345,1.000007782349452,-1.0000043864163792,1.0000029143251232,1.000002724856248,1.000007255244665,-1.000004879868205,1.0000034385990426,1.0000034385990453,1.0000043850666722,-1.0000057513473284,-1.0000057513473248,-1.0000015875611545,-1.0000020886323684,1.000003224600078,-1.000002323202983,-1.0000032532937781,-1.0000062956836158,1.0000048502670928,-1.0000062956836155,-1.0000028314088094,-1.0000016098341116,-1.0000059050360421,1.0000023373314384,-1.0000027490788332,-1.0000027490788297,1.0000031574414525
-1.0000043931839537,1.0000007092110896,-0.9999991607106163,-0.9999988027175212,-1.000004557478156,1.0000000005058478,-0.9999989670117361,-1.0000041211403392,1.0000007156692985,-0.999999238690894,-0.9999990555504793,-1.0000036091850133,1.000001224808679,-0.9999997818152105,-0.9999997818152123,-1.0000007020128583,1.00000207503588,1.0000020750358745,0.9999979068067847,0.9999984010448586,-0.9999995499994121,0.999998643701924,0.9999995827290904,1.00000264220565,-1.0000011890787697,1.0000026422056494,0.9999991627192176,0.9999979397890059,1.0000022381165432,-0.9999986725311764,0.9999990893201908,0.9999990893201881,-0.9999994891361101
1.0000024881602405,-0.9999988027175273,0.9999970909424718,0.9999968949546948,1.0000024881602345,-0.9999989670117361,0.9999999977852333,1.0000022235690191,-0.9999988165147371,0.9999973382835177,0.9999971573356013,1.0000016812444508,-0.9999992962277384,0.9999978540220125,0.9999978540220138,0.9999987887767422,-1.0000001631721291,-1.0000001631721263,-0.9999959903851149,-0.999996655345885,0.9999976302433501,-0.999996741372857,-0.9999976839467923,-1.0000007463738108,0.9999992918188508,-1.0000007463738103,-0.999997264498264,-0.9999960170326899,-1.000000319467157,0.9999967465793896,-0.9999971624913186,-0.9999971624913151,0.9999975910835567
1.0000077823494589,-1.000004121140348,1.0000024061482633,1.0000022235690225,1.000007782349452,-1.0000041211403392,1.0000022235690191,1.000000005319204,-1.0000042398490236,1.0000026115338416,1.000002409427406,1.0000070934693575,-1.0000047260687477,1.0000032809502744,1.0000032809502775,1.0000041496753864,-1.0000055041857376,-1.000005504185735,-1.0000013705115585,-1.0000018375123993,1.0000030246756333,-1.000002030079476,-1.00000294024003,-1.0000059618776242,1.000004527955398,-1.0000059618776242,-1.0000025167364797,-1.0000014267897965,-1.0000056943951237,1.0000021717325098,-1.000002586819269,-1.0000025868192663,1.0000028404892523
-1.000004386416383,1.0000007156693074,-0.9999989993393565,-0.9999988165147403,-1.0000043864163792,1.0000007156692985,-0.9999988165147371,-1.0000042398490236,1.0000000004875147,-0.9999993789308068,-0.9999991832758062,-1.0000037223468219,1.0000013457245485,-0.9999998990526553,-0.9999998990526588,-1.0000007442104448,1.0000021058752764,1.0000021058752733,0.9999979668013508,0.9999984279386551,-0.9999996265379835,0.9999986293406046,0.9999995486037729,1.0000025874746807,-1.0000011455304874,1.0000025874746807,0.9999991267684684,0.9999980326215114,1.0000023042955253,-0.9999987821583408,0.9999992021416557,0.9999992021416534,-0.9999994511035315
1.000002914325128,-0.999999238690901,0.9999975223395174,0.9999973382835209,1.0000029143251232,-0.999999238690894,0.9999973382835177,1.0000026115338416,-0.9999993789308068,0.9999999983903854,0.999997551043584,1.0000022353137337,-0.9999998549322477,0.9999984087643078,0.9999984087643102,0.9999992615234436,-1.0000006273023612,-1.0000006273023578,-0.9999964816882159,-0.9999969467795272,0.9999981398070918,-0.9999973207059863,-0.9999982446285263,-1.000001125896177,0.9999996799011436,-1.0000011258961772,-0.9999976584483108,-0.9999965440143682,-1.0000008216063188,0.9999972914520396,-0.9999977120913608,-0.9999977120913575,0.9999979837583116
1.000002724856253,-0.999999055550488,0.9999973388696934,0.9999971573356049,1.000002724856248,-0.9999990555504793,0.9999971573356013,1.000002409427406,-0.9999991832758062,0.999997551043584,0.9999999981124981,1.0000020717252747,-0.9999996960186539,0.9999982491818104,0.9999982491818123,0.9999990876355391,-1.0000004481989926,-1.0000004481989888,-0.9999963120807863,-0.9999967700218311,0.9999979732249062,-0.9999969670533028,-0.9999978839352439,-1.0000009199763833,0.9999994792159466,-1.0000009199763835,-0.9999976258768455,-0.9999963808614435,-1.0000006498803542,0.9999971317908581,-0.9999975519917846,-0.9999975519917816,0.9999977859122129
1.0000072552446715,-1.0000036091850222,1.0000019261961572,1.0000016812444545,1.000007255244665,-1.0000036091850133,1.0000016812444508,1.0000070934693575,-1.0000037223468219,1.0000022353137337,1.0000020717252747,1.0000000044163366,-1.000004009663769,1.0000024056244325,1.0000024056244348,1.0000035210324303,-1.000004860315923,-1.00000486031592,-1.0000006844472669,-1.0000012711945587,1.0000022819855896,-1.0000015989872126,-1.0000025803174215,-1.0000056484706343,1.0000042202558523,-1.0000056484706359,-1.0000021943303823,-1.0000006340222902,-1.0000049348018674,1.0000013354762884,-1.0000017257699343,-1.0000017257699312,1.000002498815994
-1.0000048798682102,1.0000012248086858,-0.9999995397900668,-0.9999992962277409,-1.000004879868205,1.000001224808679,-0.9999992962277384,-1.0000047260687477,1.0000013457245485,-0.9999998549322477,-0.9999996960186539,-1.000004009663769,1.0000000010626795,-1.00000021329552,-1.000000213295523,-1.000001139165092,1.0000024853596785,1.0000024853596758,0.99999830527238,0.9999988843740069,-0.9999999087737595,0.9999992167461303,1.0000002042076381,1.0000032862315091,-1.0000018506703992,1.0000032862315094,0.9999998185392199,0.9999982651989442,1.0000025692770333,-0.9999989713638046,0.9999993664793959,0.9999993664793931,-1.0000001241745116
1.0000034385990482,-0.9999997818152182,0.999998095842044,0.999997854022015,1.0000034385990426,-0.9999997818152105,0.9999978540220125,1.0000032809502744,-0.9999998990526553,0.9999984087643078,0.9999982491818104,1.0000024056244325,-1.00000021329552,0.9999999990071531,0.9999986083031879,0.9999996973143888,-1.000001045265557,-1.0000010452655546,-0.9999968640334871,-0.9999974417911882,0.9999984677908613,-0.9999977723435239,-0.9999987582391126,-1.0000018393056964,1.0000004025338443,-1.0000018393056955,-0.9999983707744785,-0.9999968244508038,-1.0000011298802252,0.9999975302591829,-0.9999980901749581,-0.9999979258807451,0.9999986776596331
1.0000034385990502,-0.9999997818152199,0.9999980958420476,0.9999978540220164,1.0000034385990453,-0.9999997818152123,0.9999978540220138,1.0000032809502775,-0.9999998990526588,0.9999984087643102,0.9999982491818123,1.0000024056244348,-1.000000213295523,0.9999986083031879,0.9999999990071531,0.9999996973143909,-1.0000010452655603,-1.0000010452655559,-0.9999968640334886,-0.9999974417911907,0.9999984677908629,-0.9999977723435262,-0.9999987582391145,-1.0000018393056982,1.0000004025338454,-1.0000018393056989,-0.9999983707744815,-0.9999968244508057,-1.0000011298802272,0.9999975302591856,-0.9999979258807501,-0.9999980901749618,0.999998677659636
1.0000043850666784,-1.0000007020128667,0.9999989956354361,0.9999987887767443,1.0000043850666722,-1.0000007020128583,0.9999987887767422,1.0000041496753864,-1.0000007442104448,0.9999992615234436,0.9999990876355391,1.0000035210324303,-1.000001139165092,0.9999996973143888,0.9999996973143909,1.0000000004772602,-1.000002205087975,-1.0000022050879713,-0.9999980257268644,-0.999998545410817,0.9999994928738909,-0.9999986545269676,-0.9999996101215541,-1.0000026822645618,1.0000012285347386,-1.0000026822645627,-0.9999991978432133,-0.9999978719987127,-1.0000021793443064,0.9999985954433801,-0.9999990076493562,-0.9999990076493531,0.9999995206751023
-1.000005751347333,1.0000020750358867,-1.0000003695663808,-1.0000001631721327,-1.0000057513473284,1.00000207503588,-1.0000001631721291,-1.0000055041857376,1.0000021058752764,-1.0000006273023612,-1.0000004481989926,-1.000004860315923,1.0000024853596785,-1.000001045265557,-1.0000010452655603,-1.000002205087975,1.000000002430631,1.0000034077014863,0.9999992309555246,0.9999997568063863,-1.0000008568327134,1.000000023948735,1.0000009719978116,1.0000040298566772,-1.0000025818889162,1.0000040298566775,1.0000005575115796,0.9999992318091045,1.0000035376439782,-0.9999999502361734,1.0000003582899615,1.0000003582899586,-1.0000008805570317
-1.0000057513473302,1.000002075035884,-1.0000003695663784,-1.0000001631721291,-1.0000057513473248,1.0000020750358745,-1.0000001631721263,-1.000005504185735,1.0000021058752733,-1.0000006273023578,-1.0000004481989888,-1.00000486031592,1.0000024853596758,-1.0000010452655546,-1.0000010452655559,-1.0000022050879713,1.0000034077014863,1.000000002430631,0.9999992309555219,0.9999997568063832,-1.00000085683271,1.0000000239487317,1.0000009719978078,1.000004029856674,-1.0000025818889118,1.0000040298566737,1.000000557511576,0.9999992318091021,1.0000035376439749,-0.9999999502361696,1.0000003582899588,1.0000003582899546,-1.0000008805570286
-1.0000015875611596,0.9999979068067933,-0.9999962041892729,-0.9999959903851162,-1.0000015875611545,0.9999979068067847,-0.9999959903851149,-1.0000013705115585,0.9999979668013508,-0.9999964816882159,-0.9999963120807863,-1.0000006844472669,0.99999830527238,-0.9999968640334871,-0.9999968640334886,-0.9999980257268644,0.9999992309555246,0.9999992309555219,0.9999999964677319,0.9999955802846023,-0.9999968376075793,0.9999958685200617,0.9999968320058313,0.9999999089404329,-0.9999984561715006,0.9999999089404328,0.9999964240660086,0.9999950473875662,0.9999993574205073,-0.999995766400974,0.999996175904829,0.9999961759048258,-0.9999967446244638
-1.0000020886323744,0.9999984010448678,-0.9999966905620424,-0.9999966553458879,-1.0000020886323684,0.9999984010448586,-0.999996655345885,-1.0000018375123993,0.9999984279386551,-0.9999969467795272,-0.9999967700218311,-1.0000012711945587,0.9999988843740069,-0.9999974417911882,-0.9999974417911907,-0.999998545410817,0.9999997568063863,0.9999997568063832,0.9999955802846023,0.9999999972076518,-0.9999972191853438,0.9999963454993728,0.9999972949627113,1.0000003657191547,-0.9999989089963525,1.000000365719156,0.9999968783032698,0.9999956047441741,0.9999999099768065,-0.9999963337722487,0.9999967499979024,0.9999967499978984,-0.9999972038663025
1.0000032246000827,-0.9999995499994199,0.9999978519956967,0.9999976302433528,1.000003224600078,-0.9999995499994121,0.9999976302433501,1.0000030246756333,-0.9999996265379835,0.9999981398070918,0.9999979732249062,1.0000022819855896,-0.9999999087737595,0.9999984677908613,0.9999984677908629,0.9999994928738909,-1.0000008568327134,-1.00000085683271,-0.9999968376075793,-0.9999972191853438,0.9999999987818525,-0.9999975200642498,-0.9999984901391757,-1.0000015687013053,1.0000001200067403,-1.0000015687013053,-0.9999980878040499,-0.9999968252865747,-1.0000011349648423,0.9999973758144589,-0.9999977813781248,-0.9999977813781216,0.9999984046982106
-1.0000023232029887,0.9999986437019316,-0.9999970926896904,-0.99999674137286,-1.000002323202983,0.999998643701924,-0.999996741372857,-1.000002030079476,0.9999986293406046,-0.9999973207059863,-0.9999969670533028,-1.0000015989872126,0.9999992167461303,-0.9999977723435239,-0.9999977723435262,-0.9999986545269676,1.000000023948735,1.0000000239487317,0.9999958685200617,0.9999963454993728,-0.9999975200642498,0.999999997551553,0.9999974960795043,1.0000005456108512,-0.9999990964234944,1.0000005456108518,0.9999970737242059,0.9999959180857096,1.000000204916955,-0.9999966587419947,0.9999970777205712,0.9999970777205669,-0.9999974002634363
-1.0000032532937821,0.9999995827290994,-0.999997866387486,-0.9999976839467961,-1.0000032532937781,0.9999995827290904,-0.9999976839467923,-1.00000294024003,0.9999995486037729,-0.9999982446285263,-0.9999978839352439,-1.0000025803174215,1.0000002042076381,-0.9999987582391126,-0.9999987582391145,-0.9999996101215541,1.0000009719978116,1.0000009719978078,0.9999968320058313,0.9999972949627113,-0.9999984901391757,0.9999974960795043,0.9999999988686828,1.000001450525042,-1.000000008775902,1.0000014505250432,0.9999979911376273,0.9999968949948079,1.0000011677898555,-0.9999976427874968,0.9999980620697545,0.9999980620697522,-0.9999984803984872
-1.0000062956836206,1.0000026422056578,-1.0000009274114035,-1.0000007463738132,-1.0000062956836158,1.00000264220565,-1.0000007463738108,-1.0000059618776242,1.0000025874746807,-1.000001125896177,-1.0000009199763833,-1.0000056484706343,1.0000032862315091,-1.0000018393056964,-1.0000018393056982,-1.0000026822645618,1.0000040298566772,1.000004029856674,0.9999999089404329,1.0000003657191547,-1.0000015687013053,1.0000005456108512,1.000001450525042,1.0000000031847704,-1.000003201633262,1.0000044651687365,1.000001028768401,0.9999999765562761,1.0000042320367983,-1.0000007281018155,1.0000011435340905,1.0000011435340872,-1.0000013500433513
1.0000048502670986,-1.0000011890787772,0.999999473261327,0.9999992918188538,1.0000048502670928,-1.0000011890787697,0.9999992918188508,1.000004527955398,-1.0000011455304874,0.9999996799011436,0.9999994792159466,1.0000042202558523,-1.0000018506703992,1.0000004025338443,1.0000004025338454,1.0000012285347386,-1.0000025818889162,-1.0000025818889118,-0.9999984561715006,-0.9999989089963525,1.0000001200067403,-0.9999990964234944,-1.000000008775902,-1.000003201633262,1.0000000011432961,-1.0000032016332654,-0.9999997527012917,-0.9999985306042252,-1.0000027898097423,0.9999992854570605,-0.9999997046413625,-0.9999997046413588,0.9999999101233032
-1.000006295683622,1.0000026422056578,-1.0000009274114035,-1.0000007463738134,-1.0000062956836155,1.0000026422056494,-1.0000007463738103,-1.0000059618776242,1.0000025874746807,-1.0000011258961772,-1.0000009199763835,-1.0000056484706359,1.0000032862315094,-1.0000018393056955,-1.0000018393056989,-1.0000026822645627,1.0000040298566775,1.0000040298566737,0.9999999089404328,1.000000365719156,-1.0000015687013053,1.0000005456108518,1.0000014505250432,1.0000044651687365,-1.0000032016332654,1.0000000031847704,1.000001028768401,0.9999999765562756,1.0000042320367983,-1.0000007281018135,1.0000011435340925,1.0000011435340883,-1.0000013500433518
-1.0000028314088134,0.9999991627192242,-0.9999974459710074,-0.9999972644982682,-1.0000028314088094,0.9999991627192176,-0.999997264498264,-1.0000025167364797,0.9999991267684684,-0.9999976584483108,-0.9999976258768455,-1.0000021943303823,0.9999998185392199,-0.9999983707744785,-0.9999983707744815,-0.9999991978432133,1.0000005575115796,1.000000557511576,0.9999964240660086,0.9999968783032698,-0.9999980878040499,0.9999970737242059,0.9999979911376273,1.000001028768401,-0.9999997527012917,1.000001028768401,0.9999999982665801,0.999996497700253,1.0000007639403559,-0.9999972514251307,0.9999976725552903,0.9999976725552867,-0.999998057732923
-1.0000016098341182,0.9999979397890125,-0.9999962458568804,-0.9999960170326914,-1.0000016098341116,0.9999979397890059,-0.9999960170326899,-1.0000014267897965,0.9999980326215114,-0.9999965440143682,-0.9999963808614435,-1.0000006340222902,0.9999982651989442,-0.9999968244508038,-0.9999968244508057,-0.9999978719987127,0.9999992318091045,0.9999992318091021,0.9999950473875662,0.9999956047441741,-0.9999968252865747,0.9999959180857096,0.9999968949948079,0.9999999765562761,-0.9999985306042252,0.9999999765562756,0.999996497700253,0.9999999964516376,0.9999993351145826,-0.9999959011174839,0.999996139375943,0.9999961393759385,-0.9999968115095391
-1.0000059050360475,1.0000022381165514,-1.0000005414035549,-1.0000003194671607,-1.0000059050360421,1.0000022381165432,-1.000000319467157,-1.0000056943951237,1.0000023042955253,-1.0000008216063188,-1.0000006498803542,-1.0000049348018674,1.0000025692770333,-1.0000011298802252,-1.0000011298802272,-1.0000021793443064,1.0000035376439782,1.0000035376439749,0.9999993574205073,0.9999999099768065,-1.0000011349648423,1.000000204916955,1.0000011677898555,1.0000042320367983,-1.0000027898097423,1.0000042320367983,1.0000007639403559,0.9999993351145826,1.0000000025981084,-1.0000000450363202,1.000000446149816,1.000000446149813,-1.000001080510348
1.0000023373314428,-0.9999986725311845,0.9999969827451961,0.999996746579391,1.0000023373314384,-0.9999986725311764,0.9999967465793896,1.0000021717325098,-0.9999987821583408,0.9999972914520396,0.9999971317908581,1.0000013354762884,-0.9999989713638046,0.9999975302591829,0.9999975302591856,0.9999985954433801,-0.9999999502361734,-0.9999999502361696,-0.999995766400974,-0.9999963337722487,0.9999973758144589,-0.9999966587419947,-0.9999976427874968,-1.0000007281018155,0.9999992854570605,-1.0000007281018135,-0.9999972514251307,-0.9999959011174839,-1.0000000450363202,0.9999999974650087,-0.999997010301511,-0.9999970103015102,0.99999756145765
-1.0000027490788381,0.999999089320199,-0.999997401772271,-0.9999971624913208,-1.0000027490788332,0.9999990893201908,-0.9999971624913186,-1.000002586819269,0.9999992021416557,-0.9999977120913608,-0.9999975519917846,-1.0000017257699343,0.9999993664793959,-0.9999980901749581,-0.9999979258807501,-0.9999990076493562,1.0000003582899615,1.0000003582899588,0.999996175904829,0.9999967499979024,-0.9999977813781248,0.9999970777205712,0.9999980620697545,1.0000011435340905,-0.9999997046413625,1.0000011435340925,0.9999976725552903,0.999996139375943,1.000000446149816,-0.999997010301511,0.9999999980333374,0.9999972430101574,-0.9999979809479789
-1.0000027490788357,0.9999990893201962,-0.9999974017722678,-0.9999971624913178,-1.0000027490788297,0.9999990893201881,-0.9999971624913151,-1.0000025868192663,0.9999992021416534,-0.9999977120913575,-0.9999975519917816,-1.0000017257699312,0.9999993664793931,-0.9999979258807451,-0.9999980901749618,-0.9999990076493531,1.0000003582899586,1.0000003582899546,0.9999961759048258,0.9999967499978984,-0.9999977813781216,0.9999970777205669,0.9999980620697522,1.0000011435340872,-0.9999997046413588,1.0000011435340883,0.9999976725552867,0.9999961393759385,1.000000446149813,-0.9999970103015102,0.9999972430101574,0.9999999980333374,-0.9999979809479764
1.000003157441459,-0.9999994891361188,0.9999977726492988,0.9999975910835596,1.0000031574414525,-0.9999994891361101,0.9999975910835567,1.0000028404892523,-0.9999994511035315,0.9999979837583116,0.9999977859122129,1.000002498815994,-1.0000001241745116,0.9999986776596331,0.999998677659636,0.9999995206751023,-1.0000008805570317,-1.0000008805570286,-0.9999967446244638,-0.9999972038663025,0.9999984046982106,-0.9999974002634363,-0.9999984803984872,-1.0000013500433513,0.9999999101233032,-1.0000013500433518,-0.999998057732923,-0.9999968115095391,-1.000001080510348,0.99999756145765,-0.9999979809479789,-0.9999979809479764,0.9999999987286937
