1.0000000001266056,-0.9999999966570879,1.000000008619777,1.0000000086197787,1.0000002503451944,-0.9999999862547716,-1.0000001721154033,0.9999998759247041,0.9999999987180689,-0.9999998015840249,0.9999998864561376,-0.9999996807389995,-1.0000000324583238,-1.0000000324583285,-1.000000010284279,0.999999832800725,0.9999999775879687,-0.9999999992777935,-1.0000002844307478,-0.9999998454415626,1.0000004465000778,0.9999999893409819,1.0000000740495831,1.0000002678676907,-0.9999999213536351,0.9999998526579472,-0.9999998534823611,0.9999997663264321,0.9999999338749068,-0.9999998732556078,-0.9999997459527812,-1.0000000782411966,-1.0000000782411993,1.0000003833070763,1.0000001559655132,-1.0000000818738395,-1.0000001861172456,1.0000000558412678,1.000000547852553,1.0000001075053842,-1.0000005467481707,-0.9999999683309365,1.0000004426215878,-1.000000093567363,1.0000000647533738,0.9999999778138536,1.0000000427118516,-1.0000003179635606,-1.0000002996394912,-1.0000002996394943,-1.0000005400124365,0.9999999447349057,0.9999999447349093,-1.0000000299885194,-1.0000000299885161,1.0000000402798879,-1.00000017299608,-1.000000172996082,1.00000022927521,1.0000002292752121,-1.0000002211750918,-1.000000049104986,-1.0000000491049872
-0.9999999966570879,0.9999999998509341,-0.9999998270515992,-0.9999998270516031,-1.000000056456197,0.999999792389508,0.9999999782313915,-0.9999996820724103,-0.9999998048367327,0.9999996077007135,-0.9999996925532291,0.9999994868960752,0.9999998385188665,0.9999998385188703,0.9999998164022388,-0.9999996389493333,-0.9999997837020765,0.99999980542634,1.0000000904963304,0.9999996515587231,-1.0000002525887497,-0.999999795483429,-0.9999998801812466,-1.000000073940809,0.9999997274800257,-0.9999996588039218,0.9999996596019748,-0.9999995724720819,-0.9999997399808537,0.9999996793920797,0.9999995521076454,0.9999998843120844,0.9999998843120874,-1.0000001893849035,-0.9999999620771051,0.99999988801005,0.9999999922174596,-0.9999998619781312,-1.000000353908904,-0.9999999135891032,1.000000352782968,0.9999997743968645,-1.000000248561967,0.9999998995569906,-0.9999998707719568,-0.9999997837817766,-0.9999998487700918,1.0000001240466883,1.000000105728002,1.0000001057280048,1.0000003460950775,-0.9999997508323629,-0.9999997508323686,0.9999998360768709,0.9999998360768672,-0.9999998463664808,0.9999999790328052,0.9999999790328064,-1.0000000353028367,-1.000000035302839,1.0000000272010474,0.9999998550429915,0.9999998550429924
1.000000008619777,-0.9999998270515992,0.999999999885686,0.9999998390141293,1.0000000809307537,-0.9999998168650652,-1.000000002706253,0.9999997065487,0.999999829311475,-0.9999996321777884,0.9999997170307321,-0.9999995113710954,-0.9999998629954594,-0.9999998629954626,-0.9999998408766442,0.999999663422163,0.9999998081790158,-0.9999998298942397,-1.0000001149714777,-0.9999996760383134,1.0000002770538328,0.9999998199506979,0.9999999046450636,1.0000000984132182,-0.9999997519543836,0.999999683277921,-0.999999684072461,0.9999995969426132,0.9999997644513907,-0.9999997038639568,-0.9999995765754013,-0.9999999087815951,-0.9999999087815986,1.0000002138541795,0.9999999865333556,-0.9999999124711639,-1.0000000166708356,0.9999998864415284,1.0000003783591451,0.9999999380423247,-1.0000003772329067,-0.9999997988523317,1.0000002730208315,-0.9999999240181012,0.9999998952296064,0.9999998082473198,0.9999998732247858,-1.0000001485180976,-1.0000001301931445,-1.0000001301931474,-1.0000003705555087,0.9999997753122145,0.9999997753122196,-0.9999998605568478,-0.9999998605568436,0.9999998708465598,-1.000000003486605,-1.0000000034866054,1.0000000597562992,1.0000000597563012,-1.0000000516544874,-0.9999998920156254,-0.9999998795098642
1.0000000086197787,-0.9999998270516031,0.9999998390141293,0.999999999885686,1.0000000809307554,-0.999999816865066,-1.0000000027062552,0.9999997065487021,0.9999998293114769,-0.9999996321777904,0.999999717030732,-0.9999995113710969,-0.9999998629954604,-0.9999998629954653,-0.9999998408766448,0.9999996634221645,0.9999998081790163,-0.9999998298942414,-1.0000001149714792,-0.9999996760383165,1.0000002770538337,0.9999998199506989,0.9999999046450672,1.0000000984132196,-0.9999997519543857,0.9999996832779234,-0.9999996840724622,0.9999995969426151,0.9999997644513915,-0.9999997038639583,-0.9999995765754024,-0.9999999087815975,-0.9999999087815998,1.0000002138541806,0.999999986533358,-0.9999999124711662,-1.0000000166708374,0.99999988644153,1.0000003783591462,0.9999999380423262,-1.0000003772329074,-0.9999997988523333,1.000000273020834,-0.9999999240181021,0.9999998952296091,0.9999998082473223,0.999999873224787,-1.0000001485180994,-1.0000001301931447,-1.0000001301931492,-1.0000003705555107,0.9999997753122166,0.999999775312221,-0.9999998605568491,-0.9999998605568459,0.9999998708465606,-1.0000000034866063,-1.000000003486608,1.0000000597563008,1.0000000597563037,-1.00000005165449,-0.9999998795098642,-0.9999998920156284
1.0000002503451944,-1.000000056456197,1.0000000809307537,1.0000000809307554,1.0000000002319678,-1.000000075164024,-1.0000002609434624,0.9999999523858004,1.0000000750274403,-0.9999998779636289,0.9999999628394981,-0.9999997571306312,-1.0000001086909585,-1.0000001086909645,-1.0000000865529086,0.9999999090681297,1.000000053995276,-1.0000000753400722,-1.0000003606435075,-0.9999999219550093,1.000000522297209,1.000000065374688,1.0000001497772022,1.0000003439883218,-0.9999999976891677,0.9999999290225798,-0.9999999295583051,0.9999998424682776,1.0000000099663198,-0.9999999494808327,-0.9999998219739569,-1.0000001541828516,-1.0000001541828543,1.0000004592924105,1.0000002309664358,-1.000000157409281,-1.0000002606889635,1.0000001315921967,1.0000006222177935,1.0000001816282316,-1.0000006206394987,-1.000000042022885,1.0000005152847418,-1.0000001664679867,1.0000001379787906,1.000000050436628,1.0000001163069838,-1.0000003940554536,-1.0000003754312725,-1.000000375431277,-1.0000006155357655,1.0000000211954931,1.000000021195496,-1.0000001064420483,-1.0000001064420436,1.0000001167374035,-1.0000002464678948,-1.000000246467894,1.0000003027027136,1.0000003027027178,-1.0000002945943631,-1.0000001215113374,-1.0000001215113392
-0.9999999862547716,0.999999792389508,-0.9999998168650652,-0.999999816865066,-1.000000075164024,0.999999999857036,0.9999999844479612,-0.9999997009177617,-0.9999998235450615,0.9999996139734642,-0.9999996988377126,0.9999994931631333,0.9999998446705487,0.9999998446705537,0.999999822564892,-0.9999996450972667,-0.9999997900030475,0.9999998113710737,1.0000000966263398,0.9999996579632734,-1.0000002582979581,-0.9999998014024715,-0.999999885802797,-1.000000079976486,0.9999997337047188,-0.9999996650487505,0.9999996655732447,-0.999999578497067,-0.9999997459728693,0.9999996855033892,0.9999995580091859,0.9999998901716183,0.99999989017162,-1.0000001952848678,-0.9999999669875299,0.9999998934390172,0.9999999967068669,-0.9999998676201224,-1.0000003582137789,-0.9999999176401815,1.0000003566269564,0.999999778027702,-1.0000002512264818,0.9999999024346524,-0.9999998739604908,-0.9999997863923566,-0.999999852308219,1.0000001300497627,1.0000001114318888,1.00000011143189,1.0000003515359763,-0.9999997571934337,-0.9999997571934388,0.9999998424348538,0.9999998424348508,-0.9999998527291284,0.9999999824583639,0.9999999824583652,-1.0000000386883368,-1.0000000386883383,1.0000000305790462,0.9999998574520085,0.9999998574520105
-1.0000001721154033,0.9999999782313915,-1.000000002706253,-1.0000000027062552,-1.0000002609434624,0.9999999844479612,1.0000000001208853,-0.9999998866826829,-0.9999999968155018,0.9999997997514819,-0.9999998846244315,0.9999996789232813,1.0000000304719516,1.0000000304719563,1.0000000083410785,-0.9999998308598708,-0.9999999757823655,0.9999999971315134,1.0000002824250738,0.9999998437424952,-1.000000444082019,-0.9999999871652577,-1.0000000715676927,-1.000000265770808,0.9999999194777212,-0.9999998508133842,0.9999998513467592,-0.9999997642597394,-0.9999999317524909,0.9999998712708226,0.9999997437666045,1.000000075965256,1.0000000759652576,-1.00000038107564,-1.000000152755838,1.0000000792004422,1.0000001824776061,-1.000000053382872,-1.0000005440014519,-1.0000001034161914,1.0000005424219167,0.9999999638103183,-1.0000004370599584,1.0000000882487148,-1.000000059762183,-0.9999999722160086,-1.0000000380935554,1.0000003158393236,1.0000002972160276,1.0000002972160313,1.000000537320117,-0.9999999429808959,-0.9999999429808997,1.0000000282262576,1.0000000282262553,-1.0000000385213486,1.000000168252136,1.0000001682521371,-1.0000002244857802,-1.000000224485783,1.0000002163771862,1.000000043287978,1.0000000432879803
0.9999998759247041,-0.9999996820724103,0.9999997065487,0.9999997065487021,0.9999999523858004,-0.9999997009177617,-0.9999998866826829,0.9999999997004309,0.9999997007691317,-0.9999995162078164,0.9999995885598595,-0.9999993954099718,-0.999999734382628,-0.9999997343826342,-0.9999997122948087,0.9999995348366071,0.9999996797304791,-0.9999997011116182,-0.9999999863403011,-0.999999547690827,1.0000001480222396,0.9999996911412842,0.9999997755406256,0.9999999696935108,-0.999999623436548,0.9999995547863664,-0.9999995553049461,0.9999994682363105,0.999999635699923,-0.9999995752391692,-0.999999447752081,-0.9999997798890788,-0.9999997798890813,1.0000000850044004,0.9999998567229076,-0.9999997831791055,-0.9999998864402262,0.9999997573592005,1.0000002479354422,0.9999998073697782,-1.000000246343448,-0.999999667752666,1.000000140915674,-0.9999997921373103,0.9999997636721811,0.999999676088249,0.9999997420311488,-1.0000000197702053,-1.0000000011560715,-1.0000000011560743,-1.0000002412601459,0.9999996469153616,0.9999996469153656,-0.9999997321539631,-0.9999997321539589,0.9999997424476371,-0.9999998721754383,-0.9999998721754405,0.9999999284027347,0.9999999284027368,-0.9999999202929162,-0.9999997471393809,-0.9999997471393824
0.9999999987180689,-0.9999998048367327,0.999999829311475,0.9999998293114769,1.0000000750274403,-0.9999998235450615,-0.9999999968155018,0.9999997007691317,0.9999999998745959,-0.999999626341377,0.999999711212594,-0.9999995055168461,-0.9999998570577178,-0.9999998570577213,-0.9999998349318289,0.9999996574535481,0.9999998023718438,-0.9999998237267518,-1.000000109011325,-0.9999996703315214,1.000000270673392,0.9999998137601531,0.9999998981637445,1.0000000923583783,-0.9999997585745791,0.9999996774061526,-0.9999996779391792,0.9999995908541168,0.9999997583436273,-0.9999996978636971,-0.9999995703627387,-0.99999990255412,-0.9999999025541224,1.0000002076646364,0.9999999793556951,-0.9999999057984843,-1.000000009079932,0.9999998799793123,1.0000003706010197,0.99999993002069,-1.0000003690233628,-0.9999997904168019,1.0000002636630752,-0.9999999148547977,0.9999998863680526,0.9999997988225517,0.9999998647000792,-1.0000001424280123,-1.0000001238074725,-1.0000001238074747,-1.0000003639129968,0.9999997695684192,0.9999997695684238,-0.9999998548129875,-0.9999998548129834,0.9999998651078887,-0.99999999485752,-0.9999999948575229,1.000000051090666,1.0000000510906686,-1.0000000429819915,-0.999999869893453,-0.9999998698934552
-0.9999998015840249,0.9999996077007135,-0.9999996321777884,-0.9999996321777904,-0.9999998779636289,0.9999996139734642,0.9999997997514819,-0.9999995162078164,-0.999999626341377,0.9999999995947113,-0.9999995266542642,0.9999993084491187,0.9999996599967206,0.9999996599967255,0.9999996378671444,-0.9999994603852553,-0.9999996053072295,0.9999996266544442,0.9999999119501952,0.9999994732677986,-1.0000000736059893,-0.9999996166876519,-0.9999997010910068,-0.999999895295538,0.9999995490022572,-0.9999994803375811,0.9999994808714991,-0.9999993937842954,-0.999999561275346,0.9999995007951954,0.999999373290295,0.999999705488849,0.9999997054888519,-1.0000000106001499,-0.9999997822726024,0.9999997087211241,0.9999998119878065,-0.9999996829048992,-1.0000001735126056,-0.9999997329198819,1.0000001719264662,0.9999995933069762,-1.0000000665422133,0.9999997177310418,-0.9999996892527655,-0.9999996016922222,-0.999999667588626,0.9999999453645082,0.9999999267396078,0.9999999267396111,1.0000001668423477,-0.9999995725068321,-0.9999995725068364,0.9999996577518949,0.9999996577518914,-0.9999996680468419,0.9999997977467794,0.9999997977467803,-0.9999998539794808,-0.9999998539794832,0.9999998458705373,0.9999996727619084,0.9999996727619097
0.9999998864561376,-0.9999996925532291,0.9999997170307321,0.999999717030732,0.9999999628394981,-0.9999996988377126,-0.9999998846244315,0.9999995885598595,0.999999711212594,-0.9999995266542642,0.9999999997152604,-0.9999993933004715,-0.9999997574028677,-0.9999997574028688,-0.9999997227377878,0.9999995452409961,0.9999996901820071,-0.9999997115127521,-0.9999999968490905,-0.9999995581398325,1.0000001584936398,0.9999997015499591,0.9999997859529092,0.9999999801913558,-0.9999996338716683,0.9999995651974486,-0.9999995657416103,0.9999994786415441,0.999999646155558,-0.9999995856589203,-0.9999994581429051,-0.9999997903852396,-0.9999997903852426,1.0000000954936898,0.9999998671339869,-0.9999997935789844,-0.9999998968467029,0.9999997677663409,1.000000258394657,0.9999998177725841,-1.0000002568045752,-0.9999996781501965,1.000000151416087,-0.9999998025811734,0.999999774102533,0.9999996865370859,0.9999997524342795,-1.000000030254744,-1.0000000116272312,-1.000000011627234,-1.000000251732201,0.9999996573874724,0.9999996573874778,-0.9999997426376371,-0.9999997426376331,0.9999997529337086,-0.9999998826017912,-0.9999998826017925,0.9999999388391337,0.9999999388391354,-0.9999999307310556,-0.9999997576135294,-0.9999997576135298
-0.9999996807389995,0.9999994868960752,-0.9999995113710954,-0.9999995113710969,-0.9999997571306312,0.9999994931631333,0.9999996789232813,-0.9999993954099718,-0.9999995055168461,0.9999993084491187,-0.9999993933004715,0.9999999994231324,0.9999995391142351,0.9999995391142394,0.9999995170434112,-0.9999993521005935,-0.9999994844756274,0.9999995058722815,0.9999997910727426,0.99999935243608,-0.9999999527673386,-0.999999495900159,-0.9999995803027037,-0.9999997744290584,0.9999994281859534,-0.9999993720473296,0.999999360057142,-0.9999992729956765,-0.999999440446973,0.999999379993615,0.9999992525162674,0.9999995846274912,0.9999995846274924,-0.9999998897432192,-0.9999996614966893,0.9999995879472799,0.9999996912232058,-0.9999995621220998,-1.0000000527063142,-0.9999996121636707,1.0000000511241394,0.9999994725589907,-0.9999999457189217,0.9999995969524226,-0.9999995684812368,-0.9999994809110866,-0.9999995468375187,0.9999998245092931,0.9999998059014491,0.9999998059014524,1.000000046008181,-0.9999994516555107,-0.9999994516555142,0.9999995368912278,0.9999995368912246,-0.9999995471842479,0.9999996769774576,0.999999676977459,-0.999999733202792,-0.9999997332027946,0.9999997250926822,0.9999995519608322,0.9999995519608349
-1.0000000324583238,0.9999998385188665,-0.9999998629954594,-0.9999998629954604,-1.0000001086909585,0.9999998446705487,1.0000000304719516,-0.999999734382628,-0.9999998570577178,0.9999996599967206,-0.9999997574028677,0.9999995391142351,0.9999999999224487,0.9999998907910718,0.999999868583022,-0.9999996910600312,-0.9999998360327521,0.9999998573285392,1.00000014273813,0.9999997039898149,-1.000000304356181,-0.999999847370445,-0.9999999317782347,-1.0000001260723086,0.9999997797105855,-0.9999997110201205,0.9999997115824862,-0.9999996244611966,-0.9999997920083002,0.9999997314875483,0.9999996039528455,0.9999999362655878,0.9999999362655894,-1.0000002413684284,-1.000000012966839,0.9999999393978951,1.000000042684103,-0.9999999135875239,-1.0000004042659292,-0.9999999636192256,1.0000004026890361,0.9999998240079299,-1.0000002973698536,0.9999999484966036,-0.999999919995869,-0.9999998324690974,-0.9999998982972362,1.0000001761266526,1.0000001574898898,1.000000157489894,1.0000003975958103,-0.9999998032535021,-0.9999998032535072,0.999999888511317,0.9999998885113154,-0.9999998988089528,1.0000000284812764,1.0000000284812782,-1.0000000847257493,-1.0000000847257515,1.0000000766189951,0.9999999035687755,0.9999999035687772
-1.0000000324583285,0.9999998385188703,-0.9999998629954626,-0.9999998629954653,-1.0000001086909645,0.9999998446705537,1.0000000304719563,-0.9999997343826342,-0.9999998570577213,0.9999996599967255,-0.9999997574028688,0.9999995391142394,0.9999998907910718,0.9999999999224487,0.9999998685830254,-0.9999996910600346,-0.9999998360327563,0.9999998573285427,1.0000001427381326,0.9999997039898197,-1.000000304356183,-0.9999998473704489,-0.9999999317782376,-1.000000126072313,0.9999997797105913,-0.9999997110201246,0.9999997115824882,-0.9999996244612017,-0.999999792008304,0.9999997314875532,0.9999996039528493,0.9999999362655907,0.999999936265594,-1.0000002413684328,-1.0000000129668436,0.9999999393978987,1.000000042684107,-0.9999999135875274,-1.0000004042659336,-0.9999999636192309,1.0000004026890408,0.9999998240079349,-1.0000002973698574,0.9999999484966069,-0.9999999199958726,-0.9999998324691008,-0.9999998982972402,1.0000001761266564,1.000000157489895,1.0000001574898973,1.0000003975958147,-0.9999998032535057,-0.9999998032535102,0.9999998885113225,0.9999998885113176,-0.9999998988089575,1.0000000284812816,1.0000000284812822,-1.0000000847257524,-1.0000000847257544,1.0000000766190011,0.9999999035687794,0.9999999035687797
-1.000000010284279,0.9999998164022388,-0.9999998408766442,-0.9999998408766448,-1.0000000865529086,0.999999822564892,1.0000000083410785,-0.9999997122948087,-0.9999998349318289,0.9999996378671444,-0.9999997227377878,0.9999995170434112,0.999999868583022,0.9999998685830254,0.9999999998909662,-0.999999681486412,-0.9999998264029207,0.9999998352549595,1.0000001205365063,0.9999996818564861,-1.000000282201494,-0.999999825288264,-0.9999999096941982,-1.0000001038840447,0.9999997575946188,-0.9999996889322981,0.9999996894668166,-0.9999996023819853,-0.99999976987064,0.9999997093905497,0.9999995818916896,0.9999999140812383,0.9999999140812418,-1.0000002191911987,-0.9999999908922206,0.9999999173307715,1.0000000206204809,-0.999999891509589,-1.0000003821413623,-0.9999999415659833,1.000000380568483,0.9999998019671776,-1.000000275221893,0.9999999264133945,-0.9999998979228397,-0.9999998103848845,-0.9999998762509112,1.0000001539540961,1.0000001353356491,1.0000001353356525,1.0000003754429045,-0.9999997810932931,-0.9999997810932953,0.999999866337623,0.999999866337619,-0.9999998766324445,1.0000000064086219,1.0000000064086225,-1.000000062641797,-1.0000000626417993,1.0000000545331411,0.9999998814575345,0.9999998814575353
0.999999832800725,-0.9999996389493333,0.999999663422163,0.9999996634221645,0.9999999090681297,-0.9999996450972667,-0.9999998308598708,0.9999995348366071,0.9999996574535481,-0.9999994603852553,0.9999995452409961,-0.9999993521005935,-0.9999996910600312,-0.9999996910600346,-0.999999681486412,0.9999999996389186,0.9999996364129513,-0.9999996703179216,-0.9999999430176976,-0.9999995043712242,1.0000001047161262,0.9999996478416692,0.9999997322481254,0.9999999263745813,-0.9999995801230207,0.9999995114764639,-0.9999995119982042,0.9999994249330895,0.9999995923915845,-0.9999995319312018,-0.9999994044551144,-0.9999997365771371,-0.99999973657714,1.0000000416902162,0.9999998134594328,-0.9999997398971973,-0.9999998431983881,0.9999997140680853,1.0000002046882368,0.9999997641512904,-1.000000203119412,-0.9999996245589172,1.0000000977566001,-0.9999997489815982,0.9999997204965771,0.9999996329503889,0.9999996988406413,-0.9999999764535487,-0.9999999578507134,-0.9999999578507165,-1.0000001979629407,0.999999603592801,0.9999996035928043,-0.9999996888299553,-0.999999688829952,0.9999996991232852,-0.9999998289846872,-0.9999998289846893,0.9999998852124312,0.9999998852124323,-0.9999998771029324,-0.9999997040075405,-0.9999997040075423
0.9999999775879687,-0.9999997837020765,0.9999998081790158,0.9999998081790163,1.000000053995276,-0.9999997900030475,-0.9999999757823655,0.9999996797304791,0.9999998023718438,-0.9999996053072295,0.9999996901820071,-0.9999994844756274,-0.9999998360327521,-0.9999998360327563,-0.9999998264029207,0.9999996364129513,0.9999999998447232,-0.9999998026845922,-1.00000010049215,-0.9999996618039213,1.0000002496413722,0.9999997927190621,0.9999998771203656,1.0000000713317336,-0.9999997250334912,0.9999996563672467,-0.999999656902159,0.9999995698126694,0.9999997373095252,-0.9999996768253918,-0.9999995493182677,-0.999999881525451,-0.9999998815254546,1.0000001866362778,0.9999999583005031,-0.9999998847500309,-0.9999999880143102,0.9999998589352929,1.0000003495438816,0.9999999089418222,-1.0000003479535442,-0.9999997693222715,1.0000002425553296,-0.9999998937398293,0.9999998652646224,0.9999997776955216,0.9999998436043417,-1.0000001213994325,-1.0000001027750187,-1.000000102775022,-1.0000003428787105,0.9999997485381702,0.9999997485381747,-0.9999998337844479,-0.9999998337844438,0.9999998440797193,-0.9999999737639235,-0.9999999737639232,1.0000000299977896,1.0000000299977931,-1.0000000218891079,-0.9999998487640395,-0.9999998487640406
-0.9999999992777935,0.99999980542634,-0.9999998298942397,-0.9999998298942414,-1.0000000753400722,0.9999998113710737,0.9999999971315134,-0.9999997011116182,-0.9999998237267518,0.9999996266544442,-0.9999997115127521,0.9999995058722815,0.9999998573285392,0.9999998573285427,0.9999998352549595,-0.9999996703179216,-0.9999998026845922,0.9999999998750971,1.0000001092873891,0.9999996706367996,-1.0000002835185864,-0.999999826649589,-0.9999999110621253,-1.0000000926511041,0.999999746401471,-0.9999996777587777,0.9999996782857573,-0.9999995912233863,-0.9999997586826226,0.9999996982171396,0.9999995707551482,0.9999999028650947,0.9999999028650975,-1.0000002079747194,-0.9999999798067523,0.9999999062208591,1.0000000095738382,-0.9999998803809678,-1.000000371062577,-0.9999999305499052,1.0000003695169934,0.9999997909778299,-1.0000002642092896,0.9999999154341069,-0.9999998869300365,-0.9999997994146066,-0.9999998652647709,1.0000001427319618,1.0000001241485756,1.000000124148579,1.0000003642751443,-0.9999997698542883,-0.9999997698542934,0.9999998550909537,0.9999998550909499,-0.9999998653842537,0.9999999954097886,0.9999999954097898,-1.0000000516398626,-1.0000000516398653,1.0000000435312235,0.9999998704751887,0.999999870475189
-1.0000002844307478,1.0000000904963304,-1.0000001149714777,-1.0000001149714792,-1.0000003606435075,1.0000000966263398,1.0000002824250738,-0.9999999863403011,-1.000000109011325,0.9999999119501952,-0.9999999968490905,0.9999997910727426,1.00000014273813,1.0000001427381326,1.0000001205365063,-0.9999999430176976,-1.00000010049215,1.0000001092873891,1.000000000280282,0.9999999559437445,-1.000000556306835,-1.0000000993287497,-1.0000001837350847,-1.00000037802069,1.000000031665801,-0.999999962977975,0.9999999635368522,-0.9999998764189351,-1.0000000439618424,0.9999999834441168,0.999999855912218,1.0000001882143557,1.0000001882143577,-1.0000004933174473,-1.0000002649262532,1.0000001913571213,1.000000294647078,-1.0000001655456248,-1.0000006562225787,-1.000000215585793,1.0000006546487363,1.0000000759787364,-1.0000005493376232,1.000000200470469,-1.0000001719664817,-1.0000000844459602,-1.0000001502682194,1.0000004280760342,1.000000409440766,1.0000004094407693,1.0000006495467777,-1.000000055204688,-1.0000000552046941,1.0000001404615078,1.000000140461504,-1.0000001507589953,1.0000002804499484,1.0000002804499484,-1.000000336693865,-1.0000003366938672,1.000000328587122,1.0000001555442377,1.0000001555442388
-0.9999998454415626,0.9999996515587231,-0.9999996760383134,-0.9999996760383165,-0.9999999219550093,0.9999996579632734,0.9999998437424952,-0.999999547690827,-0.9999996703315214,0.9999994732677986,-0.9999995581398325,0.99999935243608,0.9999997039898149,0.9999997039898197,0.9999996818564861,-0.9999995043712242,-0.9999996618039213,0.9999996706367996,0.9999999559437445,0.9999999996571911,-1.0000001175919204,-0.9999996606701388,-0.9999997450693786,-0.9999999392874958,0.9999995929914667,-0.9999995243250093,0.9999995248571113,-0.9999994377682014,-0.9999996052618537,0.9999995447816691,0.9999994172711084,0.9999997494770863,0.9999997494770899,-1.0000000545899552,-0.9999998262334308,0.9999997526934469,0.9999998559348385,-0.9999997268826825,-1.000000217462953,-0.9999997768508463,1.00000021586077,0.9999996372201021,-1.00000011042782,0.9999997616150714,-0.99999973315181,-0.9999996455623361,-0.9999997114994663,0.9999999893554451,0.9999999707249967,0.9999999707249997,1.0000002108236006,-0.9999996290055735,-0.9999996290055816,0.9999997017456007,0.9999997017455975,-0.9999997120407194,0.9999998416573754,0.9999998416573757,-0.9999998978896223,-0.9999998978896251,0.9999998897804282,0.9999997166267128,0.9999997166267143
1.0000004465000778,-1.0000002525887497,1.0000002770538328,1.0000002770538337,1.000000522297209,-1.0000002582979581,-1.000000444082019,1.0000001480222396,1.000000270673392,-1.0000000736059893,1.0000001584936398,-0.9999999527673386,-1.000000304356181,-1.000000304356183,-1.000000282201494,1.0000001047161262,1.0000002496413722,-1.0000002835185864,-1.000000556306835,-1.0000001175919204,1.0000000005098706,1.0000002610525311,1.000000345471393,1.0000005396575673,-1.0000001933390976,1.0000001246699703,-1.0000001252259554,1.0000000381288665,1.000000205644055,-1.0000001451378118,-1.0000000176451511,-1.0000003498711536,-1.000000349871156,1.0000006549710527,1.0000004267364688,-1.0000003531266914,-1.0000004565138727,1.000000327290362,1.0000008180577502,1.0000003775070003,-1.0000008165357204,-1.0000002379547996,1.0000007113482128,-1.0000003625102127,1.0000003339667023,1.0000002465194295,1.000000312251112,-1.0000005897231607,-1.0000005711254711,-1.000000571125474,-1.0000008112542247,1.0000002168351643,1.0000002168351692,-1.0000003020846824,-1.0000003020846775,1.0000003123806827,-1.0000004424233182,-1.0000004424233195,1.0000004986657194,1.0000004986657216,-1.0000004905594901,-1.0000003176183738,-1.0000003176183743
0.9999999893409819,-0.999999795483429,0.9999998199506979,0.9999998199506989,1.000000065374688,-0.9999998014024715,-0.9999999871652577,0.9999996911412842,0.9999998137601531,-0.9999996166876519,0.9999997015499591,-0.999999495900159,-0.999999847370445,-0.9999998473704489,-0.999999825288264,0.9999996478416692,0.9999997927190621,-0.999999826649589,-1.0000000993287497,-0.9999996606701388,1.0000002610525311,0.9999999998609402,0.9999998885895396,1.0000000826919815,-0.999999736434762,0.9999996677895454,-0.9999996683199107,0.9999995812539367,0.999999748720092,-0.9999996882492534,-0.9999995732907735,-0.9999998929070636,-0.9999998929070647,1.000000198015398,0.9999999698437546,-0.9999998962542903,-0.9999999996134057,0.999999870414397,1.0000003611085782,0.9999999205910888,-1.0000003595653069,-0.9999997810198816,1.000000254266908,-0.9999999054847258,0.9999998769770253,0.9999997894665418,0.9999998553082639,-1.0000001327712502,-1.0000001266942238,-1.0000001266942256,-1.0000003543167053,0.9999997598898775,0.9999997598898811,-0.9999998451280293,-0.9999998451280266,0.9999998554216675,-0.99999998545626,-0.9999999854562621,1.0000000416880104,1.0000000416880122,-1.0000000335797414,-0.9999998605302522,-0.9999998605302528
1.0000000740495831,-0.9999998801812466,0.9999999046450636,0.9999999046450672,1.0000001497772022,-0.999999885802797,-1.0000000715676927,0.9999997755406256,0.9999998981637445,-0.9999997010910068,0.9999997859529092,-0.9999995803027037,-0.9999999317782347,-0.9999999317782376,-0.9999999096941982,0.9999997322481254,0.9999998771203656,-0.9999999110621253,-1.0000001837350847,-0.9999997450693786,1.000000345471393,0.9999998885895396,0.9999999999808387,1.0000001671001404,-0.9999998208372209,0.9999997521914854,-0.9999997527328084,0.9999996656649898,0.9999998331314929,-0.9999997726559368,-0.9999996452006714,-0.9999999773231049,-0.999999977323106,1.000000282427611,1.0000000543100633,-0.9999999931974285,-1.0000000841077807,0.999999954839805,1.000000445606187,1.00000000512003,-1.0000004440984838,-0.9999998655871557,1.000000338911266,-0.999999990121727,0.9999999615815091,0.9999998741342707,0.9999999398807434,-1.0000002171802838,-1.0000001986080147,-1.0000001986080174,-1.0000004387464059,0.9999998442910571,0.9999998442910624,-0.9999999295291416,-0.9999999295291382,0.9999999398225817,-1.0000000700336424,-1.000000070033643,1.0000001262673432,1.0000001262673452,-1.0000001181596054,-0.999999945214644,-0.9999999452146447
1.0000002678676907,-1.000000073940809,1.0000000984132182,1.0000000984132196,1.0000003439883218,-1.000000079976486,-1.000000265770808,0.9999999696935108,1.0000000923583783,-0.999999895295538,0.9999999801913558,-0.9999997744290584,-1.0000001260723086,-1.000000126072313,-1.0000001038840447,0.9999999263745813,1.0000000713317336,-1.0000000926511041,-1.00000037802069,-0.9999999392874958,1.0000005396575673,1.0000000826919815,1.0000001671001404,1.0000000002566158,-1.0000000275219187,0.9999999463336618,-0.9999999468903319,0.9999998597785208,1.0000000273135872,-0.999999966799652,-0.9999998392776819,-1.0000001715583398,-1.0000001715583429,1.000000476660968,1.000000248308184,-1.0000001747304916,-1.0000002780425488,1.0000001489132548,1.0000006396085077,1.0000001989938745,-1.0000006380464554,-1.0000000593994907,1.0000005327621717,-1.0000001839041133,1.0000001553911542,1.000000067887088,1.000000133690637,-1.000000411418147,-1.0000003927921233,-1.000000392792126,-1.0000006329032698,1.0000000385432328,1.000000038543237,-1.0000001237980167,-1.0000001237980145,1.0000001340951141,-1.0000002638692618,-1.0000002638692633,1.0000003201126515,1.0000003201126544,-1.0000003120060368,-1.0000001389843023,-1.0000001389843047
-0.9999999213536351,0.9999997274800257,-0.9999997519543836,-0.9999997519543857,-0.9999999976891677,0.9999997337047188,0.9999999194777212,-0.999999623436548,-0.9999997585745791,0.9999995490022572,-0.9999996338716683,0.9999994281859534,0.9999997797105855,0.9999997797105913,0.9999997575946188,-0.9999995801230207,-0.9999997250334912,0.999999746401471,1.000000031665801,0.9999995929914667,-1.0000001933390976,-0.999999736434762,-0.9999998208372209,-1.0000000275219187,0.9999999997647585,-0.9999996125813614,0.9999996006058343,-0.9999995135251869,-0.9999996810097834,0.9999996205327232,0.9999994930377183,0.9999998252143685,0.9999998252143706,-1.0000001303254653,-0.9999999020327177,0.9999998284757928,0.999999931759156,-0.9999998026551323,-1.0000002932746412,-0.9999998526980285,1.0000002916943282,0.9999997130898491,-1.0000001863143704,0.9999998375130552,-0.9999998090316654,-0.9999997214743459,-0.9999997873728069,1.0000000650877456,1.0000000464733363,1.000000046473339,1.0000002865817281,-0.9999996922242581,-0.9999996922242621,0.9999997774674937,0.9999997774674899,-0.9999997877621667,0.9999999175270903,0.99999991752709,-0.9999999737594365,-0.9999999737594389,0.9999999656506872,0.9999997925389086,0.9999997925389099
0.9999998526579472,-0.9999996588039218,0.999999683277921,0.9999996832779234,0.9999999290225798,-0.9999996650487505,-0.9999998508133842,0.9999995547863664,0.9999996774061526,-0.9999994803375811,0.9999995651974486,-0.9999993720473296,-0.9999997110201205,-0.9999997110201246,-0.9999996889322981,0.9999995114764639,0.9999996563672467,-0.9999996777587777,-0.999999962977975,-0.9999995243250093,1.0000001246699703,0.9999996677895454,0.9999997521914854,0.9999999463336618,-0.9999996125813614,0.9999999996672508,-0.9999995319478947,0.9999994448794216,0.999999612345075,-0.9999995643866516,-0.9999994243988397,-0.9999997565341336,-0.999999756534137,1.0000000616476064,0.9999998333908463,-0.9999997598363043,-0.9999998631205934,0.9999997340119384,1.0000002246168103,0.999999784060678,-1.000000223035569,-0.9999996444530181,1.000000117635523,-0.9999997688553458,0.9999997403806377,0.9999996528123632,0.999999718734047,-1.0000000089164462,-0.9999999778043448,-0.9999999778043475,-1.0000002179145124,0.9999996235485213,0.9999996235485259,-0.9999997087873025,-0.9999997087872985,0.9999997190810472,-0.9999998488795211,-0.9999998488795219,0.9999999051081944,0.9999999051081968,-0.9999998969988224,-0.9999997238661417,-0.9999997238661421
-0.9999998534823611,0.9999996596019748,-0.999999684072461,-0.9999996840724622,-0.9999999295583051,0.9999996655732447,0.9999998513467592,-0.9999995553049461,-0.9999996779391792,0.9999994808714991,-0.9999995657416103,0.999999360057142,0.9999997115824862,0.9999997115824882,0.9999996894668166,-0.9999995119982042,-0.999999656902159,0.9999996782857573,0.9999999635368522,0.9999995248571113,-1.0000001252259554,-0.9999996683199107,-0.9999997527328084,-0.9999999468903319,0.9999996006058343,-0.9999995319478947,0.9999999996680036,-0.9999994579114097,-0.9999996253966027,0.9999995524090625,0.9999994249240483,0.9999997570972956,0.9999997570972983,-1.0000000622045255,-0.9999998339654202,0.9999997603828827,0.9999998637185353,-0.9999997345513695,-1.000000225235414,-0.999999784686761,1.0000002236850636,0.9999996451095314,-1.000000118393825,0.999999769588022,-0.9999997410796747,-0.9999996535728432,-0.9999997193973845,0.9999999969629544,0.9999999783611166,0.9999999783611202,1.0000002184801358,-0.9999996240898049,-0.9999996240898108,0.9999997093328342,0.9999997093328323,-0.9999997196273861,0.9999998495549931,0.9999998495549944,-0.9999999057893105,-0.9999999057893127,0.9999998976811918,0.9999997246491149,0.9999997246491145
0.9999997663264321,-0.9999995724720819,0.9999995969426132,0.9999995969426151,0.9999998424682776,-0.999999578497067,-0.9999997642597394,0.9999994682363105,0.9999995908541168,-0.9999993937842954,0.9999994786415441,-0.9999992729956765,-0.9999996244611966,-0.9999996244612017,-0.9999996023819853,0.9999994249330895,0.9999995698126694,-0.9999995912233863,-0.9999998764189351,-0.9999994377682014,1.0000000381288665,0.9999995812539367,0.9999996656649898,0.9999998597785208,-0.9999995135251869,0.9999994448794216,-0.9999994579114097,0.9999999995443362,0.9999995258005673,-0.9999994778423253,-0.9999993503723534,-0.9999996699867368,-0.9999996699867385,0.9999999750976785,0.9999997468971783,-0.9999996733212246,-0.9999997766509218,0.9999996474863747,1.0000001381422716,0.9999996976176897,-1.0000001365876274,-0.9999995580385626,1.0000000312629622,-0.9999996824852971,0.9999996539880327,0.9999995664631075,0.9999996323232497,-0.9999999098580361,-0.9999998912640441,-0.9999998912640461,-1.000000131383335,0.9999995369891059,0.9999995369891104,-0.9999996222263385,-0.9999996222263328,0.9999996325196779,-0.9999997624690432,-0.9999997624690451,0.9999998186982301,0.9999998186982318,-0.9999998105891851,-0.9999996375246681,-0.9999996375246676
0.9999999338749068,-0.9999997399808537,0.9999997644513907,0.9999997644513915,1.0000000099663198,-0.9999997459728693,-0.9999999317524909,0.999999635699923,0.9999997583436273,-0.999999561275346,0.999999646155558,-0.999999440446973,-0.9999997920083002,-0.999999792008304,-0.99999976987064,0.9999995923915845,0.9999997373095252,-0.9999997586826226,-1.0000000439618424,-0.9999996052618537,1.000000205644055,0.999999748720092,0.9999998331314929,1.0000000273135872,-0.9999996810097834,0.999999612345075,-0.9999996253966027,0.9999995258005673,0.9999999997822052,-0.9999996328090188,-0.9999995053160361,-0.9999998500272009,-0.9999998500271999,1.0000001426264986,0.9999999143636298,-0.9999998407791146,-0.999999944114927,0.9999998149505503,1.0000003056490048,0.9999998650769633,-1.0000003040940795,-0.9999997254901658,1.0000001987926381,-0.9999998499695281,0.9999998214624646,0.9999997339479263,0.9999997997799369,-1.0000000773820061,-1.0000000587792732,-1.0000000587792768,-1.0000002989005128,0.999999704500363,0.9999997045003681,-0.9999997897472841,-0.9999997897472811,0.9999998000427317,-0.9999999299442289,-0.9999999299442293,0.9999999861822011,0.9999999861822041,-0.9999999780748037,-0.9999998050276927,-0.9999998050276949
-0.9999998732556078,0.9999996793920797,-0.9999997038639568,-0.9999997038639583,-0.9999999494808327,0.9999996855033892,0.9999998712708226,-0.9999995752391692,-0.9999996978636971,0.9999995007951954,-0.9999995856589203,0.999999379993615,0.9999997314875483,0.9999997314875532,0.9999997093905497,-0.9999995319312018,-0.9999996768253918,0.9999996982171396,0.9999999834441168,0.9999995447816691,-1.0000001451378118,-0.9999996882492534,-0.9999997726559368,-0.999999966799652,0.9999996205327232,-0.9999995643866516,0.9999995524090625,-0.9999994778423253,-0.9999996328090188,0.9999999996963037,0.999999444856696,0.9999997770037541,0.999999777003756,-1.000000094620234,-0.9999998538725466,0.9999997803046518,0.9999998836148624,-0.9999997544761964,-1.0000002451177834,-0.9999998045692372,1.0000002435518245,0.9999996649768268,-1.0000001382028738,0.999999789413803,-0.9999997609230429,-0.9999996733839941,-0.999999739261051,1.0000000168753198,0.9999999982726421,0.9999999982726455,1.0000002383875157,-0.9999996440079564,-0.9999996440079598,0.9999997292481492,0.9999997292481451,-0.9999997395421684,0.9999998694109599,0.9999998694109606,-0.999999925641925,-0.9999999256419272,0.999999917533117,0.9999997444469553,0.9999997444469569
-0.9999997459527812,0.9999995521076454,-0.9999995765754013,-0.9999995765754024,-0.9999998219739569,0.9999995580091859,0.9999997437666045,-0.999999447752081,-0.9999995703627387,0.999999373290295,-0.9999994581429051,0.9999992525162674,0.9999996039528455,0.9999996039528493,0.9999995818916896,-0.9999994044551144,-0.9999995493182677,0.9999995707551482,0.999999855912218,0.9999994172711084,-1.0000000176451511,-0.9999995732907735,-0.9999996452006714,-0.9999998392776819,0.9999994930377183,-0.9999994243988397,0.9999994249240483,-0.9999993503723534,-0.9999995053160361,0.999999444856696,0.9999999995152633,0.9999996494929226,0.9999996494929245,-0.9999999546032052,-0.9999997264572522,0.9999996528682898,0.9999997562288987,-0.9999996395307286,-1.0000001177091864,-0.9999996772119263,1.0000001161697962,0.9999995376484588,-1.0000000108766973,0.9999996621098473,-0.9999996336026812,-0.9999995460959045,-0.999999611934997,0.9999998893612023,0.9999998707809704,0.9999998707809726,1.0000001109084826,-0.9999995164855154,-0.9999995164855197,0.9999996017199757,0.9999996017199725,-0.9999996120127287,0.9999997420769928,0.9999997420769955,-0.9999997983052935,-0.999999798305295,0.9999997901963069,0.999999617155895,0.9999996171558947
-1.0000000782411966,0.9999998843120844,-0.9999999087815951,-0.9999999087815975,-1.0000001541828516,0.9999998901716183,1.000000075965256,-0.9999997798890788,-0.99999990255412,0.999999705488849,-0.9999997903852396,0.9999995846274912,0.9999999362655878,0.9999999362655907,0.9999999140812383,-0.9999997365771371,-0.999999881525451,0.9999999028650947,1.0000001882143557,0.9999997494770863,-1.0000003498711536,-0.9999998929070636,-0.9999999773231049,-1.0000001715583398,0.9999998252143685,-0.9999997565341336,0.9999997570972956,-0.9999996699867368,-0.9999998500272009,0.9999997770037541,0.9999996494929226,0.9999999999870522,0.9999999817656657,-1.000000286865284,-1.0000000585629165,0.9999999849647374,1.0000000883190647,-0.999999959138227,-1.0000004498854196,-1.0000000092906012,1.0000004483437779,0.999999869715219,-1.000000343111049,0.9999999942512822,-0.9999999657222853,-0.9999998782462786,-0.9999999440101046,1.0000002216180888,1.0000002030065138,1.0000002030065163,1.0000004431286886,-0.9999998487309354,-0.9999998487309388,0.9999999339851803,0.9999999339851783,-0.9999999442821288,1.0000000741902515,1.0000000741902524,-1.0000001304350905,-1.0000001304350936,1.0000001223289803,0.9999999493485842,0.999999949348586
