1.000000002444659,-1.0000027270418104,1.000002345807045,-4.855950278463401e-16,6.89891357106543e-16,-6.368249095440979e-16,-2.2312555364927405e-16,3.205043509162603e-16,-4.896978276932802e-16,-6.37168050553535e-16,5.883018042149296e-16,7.284369802601504e-16,-6.059055481513802e-16,-6.676495303725049e-16,1.0000017764513638,-1.00000195623088,-1.000001626862517,1.000001776451363,1.000001570808891,-7.431847917873331e-16,6.625128811588612e-16,7.064126149919014e-16,-7.678741398341761e-16,-7.313340219318897e-16,-1.000001956230881,6.419809456864998e-16,5.00949629689318e-16,-1.0000016268625158,8.080092764367771e-16,1.0000017764513607,1.0000017764513598,-6.918949902020904e-16,-5.323975720750573e-16,5.428392690175273e-16,-4.725978001402004e-16,-5.587625234879314e-16,-1.0000016268625187,-1.000001626862516,5.948087334581975e-16,5.996279467998713e-16,6.186028645703066e-16,6.858265387906826e-16,1.0000015708088905,-5.885920297180521e-16,-4.1111061748807225e-16
-1.0000027270418104,1.0000000018745479,-1.0000016370460014,6.005129609563911e-16,-8.225982712965465e-16,7.487666556832648e-16,2.3558445977205934e-16,-3.3565450067897265e-16,5.00139313668453e-16,6.516165630269523e-16,-5.953308176581707e-16,-7.570349889004979e-16,6.094584586370697e-16,6.759295119848664e-16,-1.0000013758254962,1.0000015556049664,1.000001226236693,-1.000001375825495,-1.000001170183087,8.525787034056181e-16,-7.751706576071076e-16,-8.315989111880395e-16,8.889588778769177e-16,8.492738489244636e-16,1.0000015556049673,-7.5562861495412e-16,-5.264169931921465e-16,1.000001226236694,-9.203494824135503e-16,-1.0000013758254929,-1.0000013758254926,7.981020037308155e-16,6.409982984641315e-16,-5.536297404514042e-16,4.876283158654011e-16,5.644151507691645e-16,1.000001226236696,1.0000012262366924,-7.056740624744564e-16,-7.152307488139955e-16,-6.251312390665183e-16,-7.107442529441744e-16,-1.0000011701830847,7.042246196028238e-16,4.287097187815227e-16
1.000002345807045,-1.0000016370460014,1.0000000008935408,-8.050712236476877e-16,1.032920678450096e-15,-9.579804545374502e-16,-2.0291814923299704e-16,2.9538675569191295e-16,-4.692344075954749e-16,-6.20467581417947e-16,5.611488555467481e-16,7.138591096015797e-16,-5.904526054889828e-16,-6.453731632480891e-16,1.0000006864565647,-1.0000005581009646,-1.000000536867829,1.0000006864565643,1.000000480814249,-1.0635922304951128e-15,9.952733108300744e-16,1.0243927832493865e-15,-1.0889103298503495e-15,-1.059293605829809e-15,-1.0000005581009592,9.63824177804028e-16,4.911961748799221e-16,-1.000000536867829,1.1300243912506498e-15,1.0000006864565618,1.000000686456561,-1.0066045283466022e-15,-8.568655538866732e-16,5.290325320337509e-16,-4.526980247060895e-16,-5.287346771115383e-16,-1.0000005368678302,-1.000000536867829,9.212438564732124e-16,9.326956471002372e-16,5.947966143102105e-16,6.788251132953888e-16,1.0000004808142482,-9.070381849611391e-16,-3.933680891023406e-16
-4.855950278463401e-16,6.005129609563911e-16,-8.050712236476877e-16,1.000000002444659,-1.0000027270418193,1.0000023458070468,-2.8583763242409775e-14,3.1280898960714584e-14,-2.7699107695667662e-14,-3.1755618541973463e-14,3.041215516510495e-14,2.83882260974955e-14,-2.952842912555851e-14,-3.154217420319447e-14,4.212922286635258e-17,-1.1556844747290622e-15,-1.827694616838214e-15,1.3991736013041022e-15,2.2754282971824108e-15,1.0000017764513658,-1.0000019562308793,-1.0000016268625198,1.0000017764513685,1.000001570808892,1.1685123751775557e-15,-1.000001956230881,2.8219518660751198e-14,-1.9590384360145397e-15,-1.0000016268625191,-1.5451544894232798e-15,-8.272468798350793e-16,1.0000017764513676,1.0000017764513724,3.1243701266268517e-14,-2.970669660100902e-14,-2.844223138971116e-14,1.2871602473470162e-15,4.1610876644297396e-16,-1.0000016268625183,-1.000001626862515,2.849097077057507e-14,2.9480335702268174e-14,-6.676040960041729e-16,1.000001570808894,-2.5867888940537293e-14
6.89891357106543e-16,-8.225982712965465e-16,1.032920678450096e-15,-1.0000027270418193,1.0000000018745479,-1.0000016370459974,2.8902826449069443e-14,-3.1932295847952866e-14,2.8369511835668402e-14,3.229988948317923e-14,-3.1621119678592725e-14,-2.8666915882161074e-14,2.98380395406003e-14,3.211004786470112e-14,1.740026815274652e-16,9.290533269740737e-16,1.6143123807800057e-15,-1.1819091550017716e-15,-2.0626164360569314e-15,-1.0000013758254964,1.0000015556049637,1.0000012262366942,-1.000001375825497,-1.0000011701830833,-1.3761144879546947e-15,1.0000015556049653,-2.927423128967974e-14,1.7412900001961403e-15,1.000001226236694,1.738163942000355e-15,1.0552179568392126e-15,-1.0000013758254975,-1.0000013758255006,-3.1670320368033436e-14,3.0265910507826574e-14,2.919976664594895e-14,-1.4968978755845612e-15,-6.365343576852393e-16,1.0000012262366935,1.0000012262366904,-2.899208447290498e-14,-3.004847048546666e-14,8.867665932252978e-16,-1.0000011701830862,2.6105388368825027e-14
-6.368249095440979e-16,7.487666556832648e-16,-9.579804545374502e-16,1.0000023458070468,-1.0000016370459974,1.0000000008935408,-2.6669669616992822e-14,2.981231491232202e-14,-2.655180944041339e-14,-3.026445383653809e-14,2.925860461721763e-14,2.6786269116587364e-14,-2.7839059682245868e-14,-3.003181173247827e-14,-1.0596107259327711e-16,-9.95005686091408e-16,-1.683079737940322e-15,1.2547986069664e-15,2.1300866207487553e-15,1.0000006864565605,-1.0000005581009492,-1.0000005368678264,1.0000006864565643,1.0000004808142424,1.315153526317064e-15,-1.0000005581009521,2.6552754058448204e-14,-1.8134333701391497e-15,-1.0000005368678253,-1.6761606772550181e-15,-9.703361230794024e-16,1.0000006864565631,1.0000006864565671,2.9613725483495964e-14,-2.8091695394118e-14,-2.6824774405573408e-14,1.4227216192535554e-15,5.744170613989641e-16,-1.0000005368678249,-1.0000005368678224,2.7211482372284836e-14,2.8246113773087766e-14,-8.129207070562257e-16,1.0000004808142455,-2.438319476891392e-14
-2.2312555364927405e-16,2.3558445977205934e-16,-2.0291814923299704e-16,-2.8583763242409775e-14,2.8902826449069443e-14,-2.6669669616992822e-14,1.000000002444659,-1.0000027270418268,1.0000023458070564,1.0000017764513722,-1.0000019562308906,-1.0000016268625267,1.0000017764513722,1.000001570808904,1.0514239033599581e-15,-1.7418591261824495e-15,3.6377730422847955e-16,-1.334068246224668e-16,1.0625010106841444e-15,-2.6847936542095905e-14,2.8118714102629635e-14,2.7579255066504148e-14,-2.916208903878522e-14,-2.7790374791348325e-14,1.0991422075100702e-15,2.953340841705635e-14,-1.0000019562308868,9.455275170640513e-16,2.6452426452104593e-14,-7.280297943855458e-16,-7.944731211114888e-16,-2.7807359944608193e-14,-2.9309597405455346e-14,-1.0000016268625265,1.0000017764513738,1.0000017764513738,-6.004248693007941e-16,-3.0144125364969387e-16,3.159467236288064e-14,2.9428974504194896e-14,-1.0000016268625276,-1.0000016268625236,-3.7571630393729293e-16,-2.849519309382473e-14,1.0000015708089018
3.205043509162603e-16,-3.3565450067897265e-16,2.9538675569191295e-16,3.1280898960714584e-14,-3.1932295847952866e-14,2.981231491232202e-14,-1.0000027270418268,1.0000000018745479,-1.000001637046009,-1.0000013758255035,1.0000015556049777,1.0000012262367015,-1.0000013758255033,-1.000001170183099,-9.604914682324839e-16,1.654266004193653e-15,-4.4019868091048016e-16,2.181134400688952e-16,-9.644976297462607e-16,2.9720872801478407e-14,-3.101434714533968e-14,-2.996292901724245e-14,3.2006724229226675e-14,3.0624716657371685e-14,-1.1924811520531186e-15,-3.2521560836157566e-14,1.0000015556049733,-1.0409426641295991e-15,-2.9077860222812205e-14,8.155318731935681e-16,8.75114961803176e-16,3.134900758264942e-14,3.2753407898626847e-14,1.0000012262367035,-1.0000013758255042,-1.0000013758255042,5.07720958675308e-16,2.1145319408017012e-16,-3.4044867790189606e-14,-3.2379238309106274e-14,1.0000012262367035,1.0000012262366995,4.714964979633955e-16,3.143471775219246e-14,-1.0000011701830953
-4.896978276932802e-16,5.00139313668453e-16,-4.692344075954749e-16,-2.7699107695667662e-14,2.8369511835668402e-14,-2.655180944041339e-14,1.0000023458070564,-1.000001637046009,1.0000000008935408,1.0000006864565687,-1.0000005581009672,-1.0000005368678333,1.0000006864565678,1.0000004808142575,7.898649220199957e-16,-1.488715572051233e-15,6.175002903702263e-16,-3.8741526541878205e-16,8.053590765867023e-16,-2.6460738327757795e-14,2.776877916377064e-14,2.6746522500192347e-14,-2.874768450943885e-14,-2.7835766527551775e-14,1.3659112548226046e-15,2.8827335414462454e-14,-1.0000005581009597,1.2137926578948038e-15,2.5573095049305984e-14,-9.943677752804142e-16,-1.0597884935527265e-15,-2.7941845731150518e-14,-2.943073331780649e-14,-1.0000005368678337,1.0000006864565691,1.0000006864565696,-3.394324133971623e-16,-4.6804860651030824e-17,3.1002331237330164e-14,2.915885781750602e-14,-1.0000005368678353,-1.0000005368678302,-6.338198566590438e-16,-2.853720513165239e-14,1.0000004808142533
-6.37168050553535e-16,6.516165630269523e-16,-6.20467581417947e-16,-3.1755618541973463e-14,3.229988948317923e-14,-3.026445383653809e-14,1.0000017764513722,-1.0000013758255035,1.0000006864565687,1.0000000000833198,-0.9999999887458096,-0.9999996593777288,1.0000001171014332,0.9999999114591759,6.313418568062468e-16,-1.3337148917346876e-15,7.805427504247137e-16,-5.489174655884436e-16,6.525800689625216e-16,-3.044436281153461e-14,3.169584154545024e-14,3.1101147752239164e-14,-3.273595771042975e-14,-3.155238072093656e-14,1.5282452234693247e-15,3.3291746286506005e-14,-1.0000002968808155,1.3620317564477712e-15,2.9931804485308524e-14,-1.1474597796706087e-15,-1.2091700867014985e-15,-3.181109501565583e-14,-3.2887059608986885e-14,-0.9999999675127368,1.0000001171014352,1.0000001171014357,-1.9144768831651912e-16,1.0336044276065873e-16,3.5179210680278245e-14,3.3332128805408396e-14,-0.9999999675127375,-0.9999999675127328,-7.9038762960844765e-16,-3.248984681479101e-14,0.9999999114591706
5.883018042149296e-16,-5.953308176581707e-16,5.611488555467481e-16,3.041215516510495e-14,-3.1621119678592725e-14,2.925860461721763e-14,-1.0000019562308906,1.0000015556049777,-1.0000005581009672,-0.9999999887458096,1.0000000003391551,1.0000001472921143,-0.9999999887458046,-1.000000091238551,-6.871693261972267e-16,1.3919371570346206e-15,-7.15892440313792e-16,4.887091181255595e-16,-7.022970030144898e-16,2.923985587532795e-14,-3.0330251957794e-14,-2.944032493635662e-14,3.195857603530958e-14,3.080516128571859e-14,-1.4604648595916848e-15,-3.20720073603199e-14,1.0000004766602004,-1.3074490293184985e-15,-2.870586460401789e-14,1.0863604805250683e-15,1.1522991802827074e-15,3.05566693263862e-14,3.204066937650504e-14,1.0000001472921154,-1.0000002968808201,-1.0000002968808197,2.39457516506124e-16,-5.025531148307956e-17,-3.384586686737014e-14,-3.208289185141939e-14,1.000000147292117,1.0000001472921123,7.403597294746388e-16,3.154683641110239e-14,-1.000000091238546
7.284369802601504e-16,-7.570349889004979e-16,7.138591096015797e-16,2.83882260974955e-14,-2.8666915882161074e-14,2.6786269116587364e-14,-1.0000016268625267,1.0000012262367015,-1.0000005368678333,-0.9999996593777288,1.0000001472921143,0.9999999998704482,-0.9999999675127356,-0.9999994537354838,-5.364838598701562e-16,1.2398320895957615e-15,-8.683229183359276e-16,6.364913418424468e-16,-5.46984663941704e-16,2.6800458901953513e-14,-2.7865891658467767e-14,-2.7430879399047068e-14,2.923243640031681e-14,2.7549305361604766e-14,-1.6100257734876977e-15,-2.9083961368232465e-14,1.0000001472921112,-1.4584023515601777e-15,-2.6279609014414408e-14,1.241591857788328e-15,1.3088407935366944e-15,2.8240420324043308e-14,2.9428098181903767e-14,0.9999998179240484,-0.9999999675127369,-0.9999999675127362,9.497275871753041e-17,-2.08398597633372e-16,-3.129879651534366e-14,-3.001711220349071e-14,0.9999998179240494,0.9999998179240446,8.795535667520758e-16,2.8250512621973366e-14,-0.9999997618704873
-6.059055481513802e-16,6.094584586370697e-16,-5.904526054889828e-16,-2.952842912555851e-14,2.98380395406003e-14,-2.7839059682245868e-14,1.0000017764513722,-1.0000013758255033,1.0000006864565678,1.0000001171014332,-0.9999999887458046,-0.9999999675127356,1.0000000000833198,0.9999999114591741,6.696002409209891e-16,-1.377948143110061e-15,7.341499057907135e-16,-4.962606118631572e-16,6.902157843562683e-16,-2.787801893057489e-14,2.920041274876293e-14,2.814789197850609e-14,-3.016039358696351e-14,-2.910656058380898e-14,1.481240065361137e-15,3.065711585738674e-14,-1.0000002968808144,1.3186346971085093e-15,2.743228655447537e-14,-1.0954966219287542e-15,-1.172406828896871e-15,-2.919680837152006e-14,-3.0271823864219986e-14,-0.9999996593777285,1.000000117101435,1.0000001171014343,-2.309870009556009e-16,7.758479611349887e-17,3.240249915283003e-14,3.068519300891865e-14,-0.9999999675127366,-0.9999999675127325,-7.52853674553332e-16,-2.9999416653282035e-14,0.9999999114591699
-6.676495303725049e-16,6.759295119848664e-16,-6.453731632480891e-16,-3.154217420319447e-14,3.211004786470112e-14,-3.003181173247827e-14,1.000001570808904,-1.000001170183099,1.0000004808142575,0.9999999114591759,-1.000000091238551,-0.9999994537354838,0.9999999114591741,0.9999999997906809,6.073153262690422e-16,-1.307180201276718e-15,7.996178131287904e-16,-5.768753906049593e-16,6.217364879686103e-16,-3.014047913788746e-14,3.1667051238086753e-14,3.0570828913578544e-14,-3.214719551281214e-14,-3.1136128977449543e-14,1.5499482271009188e-15,3.2843460878518195e-14,-1.0000000912385467,1.3953899263100266e-15,2.9406466430681113e-14,-1.1647413345894354e-15,-1.2384966150367877e-15,-3.145992856195039e-14,-3.282121105132816e-14,-0.9999994537354802,0.9999999114591762,0.9999999114591759,-1.6201828883297368e-16,1.380393326802553e-16,3.4461731108537816e-14,3.311336120942468e-14,-0.9999997618704946,-0.9999997618704893,-8.133759335381446e-16,-3.187792197401519e-14,0.9999997058169344
1.0000017764513638,-1.0000013758254962,1.0000006864565647,4.212922286635258e-17,1.740026815274652e-16,-1.0596107259327711e-16,1.0514239033599581e-15,-9.604914682324839e-16,7.898649220199957e-16,6.313418568062468e-16,-6.871693261972267e-16,-5.364838598701562e-16,6.696002409209891e-16,6.073153262690422e-16,1.0000000000833198,-0.9999999887458054,-0.9999996593777238,1.0000001171014314,0.999999911459169,-2.0342388243754187e-16,1.3324679113679016e-16,1.7388525742752497e-16,-2.2941799469511685e-16,-2.0810884898157392e-16,-1.000000296880816,1.0167054409671959e-16,-7.639606931841784e-16,-0.9999999675127328,2.736625332216368e-16,1.000000117101429,1.000000117101429,-1.6274242902531572e-16,-5.3882732107465e-18,-7.399186946456749e-16,8.108017584943815e-16,7.23781003711917e-16,-0.9999999675127355,-0.9999999675127336,6.694695889849862e-17,7.75483304285595e-17,-6.638060459161983e-16,-5.860130826870238e-16,0.9999999114591673,-6.123099621445975e-17,8.563740865305966e-16
-1.00000195623088,1.0000015556049664,-1.0000005581009646,-1.1556844747290622e-15,9.290533269740737e-16,-9.95005686091408e-16,-1.7418591261824495e-15,1.654266004193653e-15,-1.488715572051233e-15,-1.3337148917346876e-15,1.3919371570346206e-15,1.2398320895957615e-15,-1.377948143110061e-15,-1.307180201276718e-15,-0.9999999887458054,1.0000000003391551,1.0000001472921098,-0.9999999887457997,-1.0000000912385418,-9.00237438265717e-16,9.64086997201937e-16,9.215890446629917e-16,-8.54943704532416e-16,-9.00366448246103e-16,1.0000004766601989,9.903100076232336e-16,1.4556249117166734e-15,1.0000001472921098,8.267151738847032e-16,-1.0000002968808122,-1.0000002968808115,-9.461135807545688e-16,-1.099758626229626e-15,1.438438866638583e-15,-1.510545854129265e-15,-1.4204503013102516e-15,1.0000001472921116,1.000000147292109,1.0361610998452796e-15,1.035754064834323e-15,1.357306482452482e-15,1.284267708450823e-15,-1.00000009123854,-1.051674056622867e-15,-1.5566164290247682e-15
-1.000001626862517,1.000001226236693,-1.000000536867829,-1.827694616838214e-15,1.6143123807800057e-15,-1.683079737940322e-15,3.6377730422847955e-16,-4.4019868091048016e-16,6.175002903702263e-16,7.805427504247137e-16,-7.15892440313792e-16,-8.683229183359276e-16,7.341499057907135e-16,7.996178131287904e-16,-0.9999996593777238,1.0000001472921098,0.9999999998704482,-0.9999999675127339,-0.9999994537354717,-1.5760554102364315e-15,1.6509110512969534e-15,1.612324813570798e-15,-1.547777032136823e-15,-1.577565562582166e-15,1.00000014729211,1.6786875680825029e-15,-6.405437461464581e-16,0.9999998179240452,1.5118853070752547e-15,-0.999999967512731,-0.9999999675127297,-1.6297524859908125e-15,-1.787742346549889e-15,-6.824967821179007e-16,5.8756562633858e-16,6.885064003986184e-16,0.9999998179240465,0.9999998179240452,1.7270872667804257e-15,1.7125715094664173e-15,-7.491628346207045e-16,-8.1916692854562e-16,-0.999999761870484,-1.7308382499688172e-15,5.446058441256682e-16
1.000001776451363,-1.000001375825495,1.0000006864565643,1.3991736013041022e-15,-1.1819091550017716e-15,1.2547986069664e-15,-1.334068246224668e-16,2.181134400688952e-16,-3.8741526541878205e-16,-5.489174655884436e-16,4.887091181255595e-16,6.364913418424468e-16,-4.962606118631572e-16,-5.768753906049593e-16,1.0000001171014314,-0.9999999887457997,-0.9999999675127339,1.0000000000833198,0.9999999114591681,1.1418644552104519e-15,-1.2152937471175484e-15,-1.1760034457176553e-15,1.110606745473203e-15,1.1522308525204205e-15,-1.000000296880815,-1.244636342739891e-15,4.2068711660346877e-16,-0.9999996593777238,-1.076755445857762e-15,1.0000001171014288,1.000000117101428,1.1960363080322883e-15,1.3329716990964487e-15,4.500246504101444e-16,-3.701251201991885e-16,-4.597400439735449e-16,-0.9999999675127345,-0.9999999675127325,-1.2798379446983742e-15,-1.2675602654194547e-15,5.16694174860847e-16,5.932586073595839e-16,0.9999999114591676,1.286508724503823e-15,-3.207655207297531e-16
1.000001570808891,-1.000001170183087,1.000000480814249,2.2754282971824108e-15,-2.0626164360569314e-15,2.1300866207487553e-15,1.0625010106841444e-15,-9.644976297462607e-16,8.053590765867023e-16,6.525800689625216e-16,-7.022970030144898e-16,-5.46984663941704e-16,6.902157843562683e-16,6.217364879686103e-16,0.999999911459169,-1.0000000912385418,-0.9999994537354717,0.9999999114591681,0.9999999997906809,2.0214838965375833e-15,-2.0972317910309955e-15,-2.0425789453389715e-15,1.9963785320322167e-15,2.0267714123305524e-15,-1.0000000912385418,-2.1313520722535506e-15,-7.784530629977358e-16,-0.9999994537354736,-1.9487902177966025e-15,0.9999999114591644,0.9999999114591651,2.083662501809534e-15,2.2283880212779084e-15,-7.462113801796543e-16,8.206186805919971e-16,7.350144350177834e-16,-0.9999997618704858,-0.9999997618704842,-2.1636315846167206e-15,-2.157157759351428e-15,-6.709192306138762e-16,-6.032642875524698e-16,0.9999997058169257,2.177969615426561e-15,8.676192172575918e-16
-7.431847917873331e-16,8.525787034056181e-16,-1.0635922304951128e-15,1.0000017764513658,-1.0000013758254964,1.0000006864565605,-2.6847936542095905e-14,2.9720872801478407e-14,-2.6460738327757795e-14,-3.044436281153461e-14,2.923985587532795e-14,2.6800458901953513e-14,-2.787801893057489e-14,-3.014047913788746e-14,-2.0342388243754187e-16,-9.00237438265717e-16,-1.5760554102364315e-15,1.1418644552104519e-15,2.0214838965375833e-15,1.0000000000833198,-0.9999999887457997,-0.9999996593777162,1.0000001171014299,0.9999999114591622,1.4277618128756731e-15,-1.000000296880809,2.6964451270555785e-14,-1.7129941669975898e-15,-0.9999999675127301,-1.78895873388307e-15,-1.0798887347513985e-15,1.0000001171014286,1.0000001171014328,2.9817841299205125e-14,-2.8222871157822008e-14,-2.698482778386098e-14,1.531038395392636e-15,6.785078424301214e-16,-0.9999999675127291,-0.9999999675127255,2.721802182530426e-14,2.822746301593559e-14,-9.385313852681059e-16,0.9999999114591633,-2.450025083510394e-14
6.625128811588612e-16,-7.751706576071076e-16,9.952733108300744e-16,-1.0000019562308793,1.0000015556049637,-1.0000005581009492,2.8118714102629635e-14,-3.101434714533968e-14,2.776877916377064e-14,3.169584154545024e-14,-3.0330251957794e-14,-2.7865891658467767e-14,2.920041274876293e-14,3.1667051238086753e-14,1.3324679113679016e-16,9.64086997201937e-16,1.6509110512969534e-15,-1.2152937471175484e-15,-2.0972317910309955e-15,-0.9999999887457997,1.0000000003391551,1.0000001472921043,-0.9999999887457985,-1.0000000912385327,-1.3467599598210481e-15,1.0000004766601898,-2.8023889041719594e-14,1.7841036238875543e-15,1.000000147292104,1.7230608704429968e-15,9.958841297071754e-16,-1.0000002968808102,-1.0000002968808148,-3.0940326566777574e-14,2.982725555987862e-14,2.8596333828520777e-14,-1.4582058986608909e-15,-6.065194251081614e-16,1.0000001472921036,1.0000001472921005,-2.820894412505974e-14,-2.9243761189155367e-14,8.536281674959715e-16,-1.0000000912385343,2.5667823446594458e-14
7.064126149919014e-16,-8.315989111880395e-16,1.0243927832493865e-15,-1.0000016268625198,1.0000012262366942,-1.0000005368678264,2.7579255066504148e-14,-2.996292901724245e-14,2.6746522500192347e-14,3.1101147752239164e-14,-2.944032493635662e-14,-2.7430879399047068e-14,2.814789197850609e-14,3.0570828913578544e-14,1.7388525742752497e-16,9.215890446629917e-16,1.612324813570798e-15,-1.1760034457176553e-15,-2.0425789453389715e-15,-0.9999996593777162,1.0000001472921043,0.9999999998704482,-0.9999999675127328,-0.9999994537354702,-1.3789983505697546e-15,1.000000147292106,-2.6829690634352478e-14,1.7403365323152514e-15,0.9999998179240419,1.7665365681657423e-15,1.0439702156515609e-15,-0.9999999675127325,-0.9999999675127355,-2.997164032595747e-14,2.870597373702833e-14,2.7298211373815666e-14,-1.5062999499052644e-15,-6.442892652373197e-16,0.9999998179240411,0.9999998179240394,-2.784855322829454e-14,-2.888892097697456e-14,9.025516490351434e-16,-0.9999997618704829,2.4900945225536027e-14
-7.678741398341761e-16,8.889588778769177e-16,-1.0889103298503495e-15,1.0000017764513685,-1.000001375825497,1.0000006864565643,-2.916208903878522e-14,3.2006724229226675e-14,-2.874768450943885e-14,-3.273595771042975e-14,3.195857603530958e-14,2.923243640031681e-14,-3.016039358696351e-14,-3.214719551281214e-14,-2.2941799469511685e-16,-8.54943704532416e-16,-1.547777032136823e-15,1.110606745473203e-15,1.9963785320322167e-15,1.0000001171014299,-0.9999999887457985,-0.9999999675127328,1.0000000000833198,0.9999999114591639,1.4610370610104848e-15,-1.0000002968808122,2.916709694795122e-14,-1.679885053754166e-15,-0.9999996593777201,-1.818358778578865e-15,-1.1062492840856324e-15,1.0000001171014314,1.000000117101435,3.2058026957078046e-14,-3.04110439264977e-14,-2.922244457448565e-14,1.5669334863824292e-15,6.942341328187257e-16,-0.9999999675127305,-0.9999999675127282,2.9652360827981353e-14,3.041977931341004e-14,-9.536723365681227e-16,0.9999999114591664,-2.6658653226265704e-14
-7.313340219318897e-16,8.492738489244636e-16,-1.059293605829809e-15,1.000001570808892,-1.0000011701830833,1.0000004808142424,-2.7790374791348325e-14,3.0624716657371685e-14,-2.7835766527551775e-14,-3.155238072093656e-14,3.080516128571859e-14,2.7549305361604766e-14,-2.910656058380898e-14,-3.1136128977449543e-14,-2.0810884898157392e-16,-9.00366448246103e-16,-1.577565562582166e-15,1.1522308525204205e-15,2.0267714123305524e-15,0.9999999114591622,-1.0000000912385327,-0.9999994537354702,0.9999999114591639,0.9999999997906812,1.4163989285900134e-15,-1.0000000912385336,2.8178358728965885e-14,-1.7186155054102729e-15,-0.9999994537354678,-1.7854753566768773e-15,-1.0796180737450985e-15,0.9999999114591637,0.9999999114591682,3.067118972138391e-14,-2.943210564189452e-14,-2.7911668680146716e-14,1.5185117248692498e-15,6.742317093644018e-16,-0.9999997618704805,-0.9999997618704759,2.8176178474412015e-14,2.9020740481151767e-14,-9.318568695957603e-16,0.9999997058169214,-2.5386169924401823e-14
-1.000001956230881,1.0000015556049673,-1.0000005581009592,1.1685123751775557e-15,-1.3761144879546947e-15,1.315153526317064e-15,1.0991422075100702e-15,-1.1924811520531186e-15,1.3659112548226046e-15,1.5282452234693247e-15,-1.4604648595916848e-15,-1.6100257734876977e-15,1.481240065361137e-15,1.5499482271009188e-15,-1.000000296880816,1.0000004766601989,1.00000014729211,-1.000000296880815,-1.0000000912385418,1.4277618128756731e-15,-1.3467599598210481e-15,-1.3789983505697546e-15,1.4610370610104848e-15,1.4163989285900134e-15,1.0000000003391551,-1.3311179766062435e-15,-1.3924770302148938e-15,1.0000001472921098,-1.496372175199044e-15,-0.9999999887458015,-0.9999999887458015,1.3661005017135664e-15,1.2126444557641807e-15,-1.4174372072773216e-15,1.3485100086897392e-15,1.4398523744265063e-15,1.0000001472921105,1.0000001472921103,-1.2850703626401805e-15,-1.2996231095001152e-15,-1.491099132535899e-15,-1.5703428476181284e-15,-1.00000009123854,1.287946648036775e-15,1.298790339468328e-15
6.419809456864998e-16,-7.5562861495412e-16,9.63824177804028e-16,-1.000001956230881,1.0000015556049653,-1.0000005581009521,2.953340841705635e-14,-3.2521560836157566e-14,2.8827335414462454e-14,3.3291746286506005e-14,-3.20720073603199e-14,-2.9083961368232465e-14,3.065711585738674e-14,3.2843460878518195e-14,1.0167054409671959e-16,9.903100076232336e-16,1.6786875680825029e-15,-1.244636342739891e-15,-2.1313520722535506e-15,-1.000000296880809,1.0000004766601898,1.000000147292106,-1.0000002968808122,-1.0000000912385336,-1.3311179766062435e-15,1.0000000003391551,-2.956966091429309e-14,1.8130703210250325e-15,1.0000001472921047,1.697896609803995e-15,9.760989632965703e-16,-0.999999988745805,-0.9999999887458046,-3.227553392958515e-14,3.080990318347946e-14,2.95024345223176e-14,-1.4219871326992181e-15,-5.693167361266055e-16,1.0000001472921052,1.0000001472921014,-2.947823914988862e-14,-3.025917110506753e-14,8.184876978012289e-16,-1.0000000912385365,2.7206154360318075e-14
5.00949629689318e-16,-5.264169931921465e-16,4.911961748799221e-16,2.8219518660751198e-14,-2.927423128967974e-14,2.6552754058448204e-14,-1.0000019562308868,1.0000015556049733,-1.0000005581009597,-1.0000002968808155,1.0000004766602004,1.0000001472921112,-1.0000002968808144,-1.0000000912385467,-7.639606931841784e-16,1.4556249117166734e-15,-6.405437461464581e-16,4.2068711660346877e-16,-7.784530629977358e-16,2.6964451270555785e-14,-2.8023889041719594e-14,-2.6829690634352478e-14,2.916709694795122e-14,2.8178358728965885e-14,-1.3924770302148938e-15,-2.956966091429309e-14,1.0000000003391551,-1.2383308881585344e-15,-2.5994030636131775e-14,1.0064183857269205e-15,1.0820579939613002e-15,2.8208161485794284e-14,2.98457501152935e-14,1.0000001472921112,-0.9999999887458058,-0.9999999887458065,3.1045717096084933e-16,2.6932424274826358e-17,-3.1219084210811035e-14,-2.9246923563225444e-14,1.0000001472921132,1.000000147292108,6.539180889511443e-16,2.9075258849704437e-14,-1.000000091238542
-1.0000016268625158,1.000001226236694,-1.000000536867829,-1.9590384360145397e-15,1.7412900001961403e-15,-1.8134333701391497e-15,9.455275170640513e-16,-1.0409426641295991e-15,1.2137926578948038e-15,1.3620317564477712e-15,-1.3074490293184985e-15,-1.4584023515601777e-15,1.3186346971085093e-15,1.3953899263100266e-15,-0.9999999675127328,1.0000001472921098,0.9999998179240452,-0.9999996593777238,-0.9999994537354736,-1.7129941669975898e-15,1.7841036238875543e-15,1.7403365323152514e-15,-1.679885053754166e-15,-1.7186155054102729e-15,1.0000001472921098,1.8130703210250325e-15,-1.2383308881585344e-15,0.9999999998704482,1.6398143798547369e-15,-0.999999967512731,-0.9999999675127308,-1.7672916603194197e-15,-1.9062275040593e-15,-1.26641456592568e-15,1.1980922669621023e-15,1.2768842302777147e-15,0.9999998179240465,0.9999998179240441,1.861020893992389e-15,1.8544735286703798e-15,-1.3440288861871847e-15,-1.413087384293272e-15,-0.999999761870485,-1.856614170002326e-15,1.1481978981985505e-15
8.080092764367771e-16,-9.203494824135503e-16,1.1300243912506498e-15,-1.0000016268625191,1.000001226236694,-1.0000005368678253,2.6452426452104593e-14,-2.9077860222812205e-14,2.5573095049305984e-14,2.9931804485308524e-14,-2.870586460401789e-14,-2.6279609014414408e-14,2.743228655447537e-14,2.9406466430681113e-14,2.736625332216368e-16,8.267151738847032e-16,1.5118853070752547e-15,-1.076755445857762e-15,-1.9487902177966025e-15,-0.9999999675127301,1.000000147292104,0.9999998179240419,-0.9999996593777201,-0.9999994537354678,-1.496372175199044e-15,1.0000001472921047,-2.5994030636131775e-14,1.6398143798547369e-15,0.9999999998704482,1.858717879774137e-15,1.144081581753384e-15,-0.9999999675127312,-0.999999967512735,-2.908286411593707e-14,2.7656739477130227e-14,2.6462248441509647e-14,-1.594566245682205e-15,-7.43171224462424e-16,0.9999998179240406,0.9999998179240377,-2.6679145280765096e-14,-2.77067378718426e-14,1.0015701283280176e-15,-0.9999997618704812,2.3687014596376076e-14
1.0000017764513607,-1.0000013758254929,1.0000006864565618,-1.5451544894232798e-15,1.738163942000355e-15,-1.6761606772550181e-15,-7.280297943855458e-16,8.155318731935681e-16,-9.943677752804142e-16,-1.1474597796706087e-15,1.0863604805250683e-15,1.241591857788328e-15,-1.0954966219287542e-15,-1.1647413345894354e-15,1.000000117101429,-1.0000002968808122,-0.999999967512731,1.0000001171014288,0.9999999114591644,-1.78895873388307e-15,1.7230608704429968e-15,1.7665365681657423e-15,-1.818358778578865e-15,-1.7854753566768773e-15,-0.9999999887458015,1.697896609803995e-15,1.0064183857269205e-15,-0.999999967512731,1.858717879774137e-15,1.0000000000833198,1.0000001171014261,-1.7357000016954102e-15,-1.5866050122254698e-15,1.035422872650041e-15,-9.631758229871273e-16,-1.047313954907445e-15,-0.9999996593777246,-0.9999999675127308,1.6445821587527005e-15,1.6553583339550692e-15,1.1104575938271462e-15,1.1847665433835068e-15,0.9999999114591642,-1.631379210400818e-15,-9.210980513757082e-16
1.0000017764513598,-1.0000013758254926,1.000000686456561,-8.272468798350793e-16,1.0552179568392126e-15,-9.703361230794024e-16,-7.944731211114888e-16,8.75114961803176e-16,-1.0597884935527265e-15,-1.2091700867014985e-15,1.1522991802827074e-15,1.3088407935366944e-15,-1.172406828896871e-15,-1.2384966150367877e-15,1.000000117101429,-1.0000002968808115,-0.9999999675127297,1.000000117101428,0.9999999114591651,-1.0798887347513985e-15,9.958841297071754e-16,1.0439702156515609e-15,-1.1062492840856324e-15,-1.0796180737450985e-15,-0.9999999887458015,9.760989632965703e-16,1.0820579939613002e-15,-0.9999999675127308,1.144081581753384e-15,1.0000001171014261,1.0000000000833198,-1.021801970060913e-15,-8.68603884326357e-16,1.11993403186248e-15,-1.04432168303911e-15,-1.1275070139595414e-15,-0.9999999675127308,-0.9999996593777185,9.317408693627985e-16,9.393421334020518e-16,1.1952781020044314e-15,1.2709316162637548e-15,0.9999999114591646,-9.255584396294017e-16,-9.850491509917832e-16
-6.918949902020904e-16,7.981020037308155e-16,-1.0066045283466022e-15,1.0000017764513676,-1.0000013758254975,1.0000006864565631,-2.7807359944608193e-14,3.134900758264942e-14,-2.7941845731150518e-14,-3.181109501565583e-14,3.05566693263862e-14,2.8240420324043308e-14,-2.919680837152006e-14,-3.145992856195039e-14,-1.6274242902531572e-16,-9.461135807545688e-16,-1.6297524859908125e-15,1.1960363080322883e-15,2.083662501809534e-15,1.0000001171014286,-1.0000002968808102,-0.9999999675127325,1.0000001171014314,0.9999999114591637,1.3661005017135664e-15,-0.999999988745805,2.8208161485794284e-14,-1.7672916603194197e-15,-0.9999999675127312,-1.7357000016954102e-15,-1.021801970060913e-15,1.0000000000833198,1.000000117101435,3.085240660912865e-14,-2.985107413329088e-14,-2.794662151519216e-14,1.4763809685380711e-15,6.312270892377846e-16,-0.999999659377719,-0.9999999675127279,2.8368831022743228e-14,2.890742870460894e-14,-8.840625361324173e-16,0.9999999114591666,-2.573998135662816e-14
-5.323975720750573e-16,6.409982984641315e-16,-8.568655538866732e-16,1.0000017764513724,-1.0000013758255006,1.0000006864565671,-2.9309597405455346e-14,3.2753407898626847e-14,-2.943073331780649e-14,-3.2887059608986885e-14,3.204066937650504e-14,2.9428098181903767e-14,-3.0271823864219986e-14,-3.282121105132816e-14,-5.3882732107465e-18,-1.099758626229626e-15,-1.787742346549889e-15,1.3329716990964487e-15,2.2283880212779084e-15,1.0000001171014328,-1.0000002968808148,-0.9999999675127355,1.000000117101435,0.9999999114591682,1.2126444557641807e-15,-0.9999999887458046,2.98457501152935e-14,-1.9062275040593e-15,-0.999999967512735,-1.5866050122254698e-15,-8.68603884326357e-16,1.000000117101435,1.0000000000833198,3.220948486010952e-14,-3.0561201457102065e-14,-2.965985000156057e-14,1.3281915274424612e-15,4.680421640430538e-16,-0.9999999675127347,-0.9999996593777171,2.953418070720484e-14,3.0543254216002784e-14,-7.23225329272338e-16,0.9999999114591706,-2.737709094727968e-14
5.428392690175273e-16,-5.536297404514042e-16,5.290325320337509e-16,3.1243701266268517e-14,-3.1670320368033436e-14,2.9613725483495964e-14,-1.0000016268625265,1.0000012262367035,-1.0000005368678337,-0.9999999675127368,1.0000001472921154,0.9999998179240484,-0.9999996593777285,-0.9999994537354802,-7.399186946456749e-16,1.438438866638583e-15,-6.824967821179007e-16,4.500246504101444e-16,-7.462113801796543e-16,2.9817841299205125e-14,-3.0940326566777574e-14,-2.997164032595747e-14,3.2058026957078046e-14,3.067118972138391e-14,-1.4174372072773216e-15,-3.227553392958515e-14,1.0000001472921112,-1.26641456592568e-15,-2.908286411593707e-14,1.035422872650041e-15,1.11993403186248e-15,3.085240660912865e-14,3.220948486010952e-14,0.9999999998704482,-0.9999999675127363,-0.9999999675127373,2.8987965997480447e-16,-1.0866682074156093e-17,-3.432149136985487e-14,-3.278016168939776e-14,0.9999998179240494,0.9999998179240452,6.906270496732441e-16,3.1605757408862313e-14,-0.9999997618704877
-4.725978001402004e-16,4.876283158654011e-16,-4.526980247060895e-16,-2.970669660100902e-14,3.0265910507826574e-14,-2.8091695394118e-14,1.0000017764513738,-1.0000013758255042,1.0000006864565691,1.0000001171014352,-1.0000002968808201,-0.9999999675127369,1.000000117101435,0.9999999114591762,8.108017584943815e-16,-1.510545854129265e-15,5.8756562633858e-16,-3.701251201991885e-16,8.206186805919971e-16,-2.8222871157822008e-14,2.982725555987862e-14,2.870597373702833e-14,-3.04110439264977e-14,-2.943210564189452e-14,1.3485100086897392e-15,3.080990318347946e-14,-0.9999999887458058,1.1980922669621023e-15,2.7656739477130227e-14,-9.631758229871273e-16,-1.04432168303911e-15,-2.985107413329088e-14,-3.0561201457102065e-14,-0.9999999675127363,1.0000000000833198,1.0000001171014352,-3.6185402148380503e-16,-5.937145305316736e-17,3.267415104305405e-14,3.0748872992867185e-14,-0.9999996593777303,-0.9999999675127332,-6.236792308222104e-16,-3.0369577256620127e-14,0.9999999114591718
-5.587625234879314e-16,5.644151507691645e-16,-5.287346771115383e-16,-2.844223138971116e-14,2.919976664594895e-14,-2.6824774405573408e-14,1.0000017764513738,-1.0000013758255042,1.0000006864565696,1.0000001171014357,-1.0000002968808197,-0.9999999675127362,1.0000001171014343,0.9999999114591759,7.23781003711917e-16,-1.4204503013102516e-15,6.885064003986184e-16,-4.597400439735449e-16,7.350144350177834e-16,-2.698482778386098e-14,2.8596333828520777e-14,2.7298211373815666e-14,-2.922244457448565e-14,-2.7911668680146716e-14,1.4398523744265063e-15,2.95024345223176e-14,-0.9999999887458065,1.2768842302777147e-15,2.6462248441509647e-14,-1.047313954907445e-15,-1.1275070139595414e-15,-2.794662151519216e-14,-2.965985000156057e-14,-0.9999999675127373,1.0000001171014352,1.0000000000833198,-2.7627768485976444e-16,1.6581958828464732e-17,3.148107463904431e-14,2.9794825548092764e-14,-0.9999999675127397,-0.9999996593777273,-7.048070328049637e-16,-2.87375382642431e-14,0.9999999114591718
-1.0000016268625187,1.000001226236696,-1.0000005368678302,1.2871602473470162e-15,-1.4968978755845612e-15,1.4227216192535554e-15,-6.004248693007941e-16,5.07720958675308e-16,-3.394324133971623e-16,-1.9144768831651912e-16,2.39457516506124e-16,9.497275871753041e-17,-2.309870009556009e-16,-1.6201828883297368e-16,-0.9999999675127355,1.0000001472921116,0.9999998179240465,-0.9999999675127345,-0.9999997618704858,1.531038395392636e-15,-1.4582058986608909e-15,-1.5062999499052644e-15,1.5669334863824292e-15,1.5185117248692498e-15,1.0000001472921105,-1.4219871326992181e-15,3.1045717096084933e-16,0.9999998179240465,-1.594566245682205e-15,-0.9999996593777246,-0.9999999675127308,1.4763809685380711e-15,1.3281915274424612e-15,2.8987965997480447e-16,-3.6185402148380503e-16,-2.7627768485976444e-16,0.9999999998704482,0.9999998179240461,-1.3873655004394497e-15,-1.3903011101861681e-15,2.1328554615962329e-16,1.407822003873947e-16,-0.9999994537354763,1.380014564612944e-15,-4.097394393691997e-16
-1.000001626862516,1.0000012262366924,-1.000000536867829,4.1610876644297396e-16,-6.365343576852393e-16,5.744170613989641e-16,-3.0144125364969387e-16,2.1145319408017012e-16,-4.6804860651030824e-17,1.0336044276065873e-16,-5.025531148307956e-17,-2.08398597633372e-16,7.758479611349887e-17,1.380393326802553e-16,-0.9999999675127336,1.000000147292109,0.9999998179240452,-0.9999999675127325,-0.9999997618704842,6.785078424301214e-16,-6.065194251081614e-16,-6.442892652373197e-16,6.942341328187257e-16,6.742317093644018e-16,1.0000001472921103,-5.693167361266055e-16,2.6932424274826358e-17,0.9999998179240441,-7.43171224462424e-16,-0.9999999675127308,-0.9999996593777185,6.312270892377846e-16,4.680421640430538e-16,-1.0866682074156093e-17,-5.937145305316736e-17,1.6581958828464732e-17,0.9999998179240461,0.9999999998704482,-5.278128906001349e-16,-5.379944764937918e-16,-7.927921119134794e-17,-1.5750771067084353e-16,-0.9999994537354732,5.223271776558068e-16,-1.2627147667275673e-16
5.948087334581975e-16,-7.056740624744564e-16,9.212438564732124e-16,-1.0000016268625183,1.0000012262366935,-1.0000005368678249,3.159467236288064e-14,-3.4044867790189606e-14,3.1002331237330164e-14,3.5179210680278245e-14,-3.384586686737014e-14,-3.129879651534366e-14,3.240249915283003e-14,3.4461731108537816e-14,6.694695889849862e-17,1.0361610998452796e-15,1.7270872667804257e-15,-1.2798379446983742e-15,-2.1636315846167206e-15,-0.9999999675127291,1.0000001472921036,0.9999998179240411,-0.9999999675127305,-0.9999997618704805,-1.2850703626401805e-15,1.0000001472921052,-3.1219084210811035e-14,1.861020893992389e-15,0.9999998179240406,1.6445821587527005e-15,9.317408693627985e-16,-0.999999659377719,-0.9999999675127347,-3.432149136985487e-14,3.267415104305405e-14,3.148107463904431e-14,-1.3873655004394497e-15,-5.278128906001349e-16,0.9999999998704482,0.9999998179240368,-3.1644834528256223e-14,-3.268080145410912e-14,7.82909143518237e-16,-0.9999994537354748,2.8626022364897504e-14
5.996279467998713e-16,-7.152307488139955e-16,9.326956471002372e-16,-1.000001626862515,1.0000012262366904,-1.0000005368678224,2.9428974504194896e-14,-3.2379238309106274e-14,2.915885781750602e-14,3.3332128805408396e-14,-3.208289185141939e-14,-3.001711220349071e-14,3.068519300891865e-14,3.311336120942468e-14,7.75483304285595e-17,1.035754064834323e-15,1.7125715094664173e-15,-1.2675602654194547e-15,-2.157157759351428e-15,-0.9999999675127255,1.0000001472921005,0.9999998179240394,-0.9999999675127282,-0.9999997618704759,-1.2996231095001152e-15,1.0000001472921014,-2.9246923563225444e-14,1.8544735286703798e-15,0.9999998179240377,1.6553583339550692e-15,9.393421334020518e-16,-0.9999999675127279,-0.9999996593777171,-3.278016168939776e-14,3.0748872992867185e-14,2.9794825548092764e-14,-1.3903011101861681e-15,-5.379944764937918e-16,0.9999998179240368,0.9999999998704482,-2.998046532493821e-14,-3.108332323319983e-14,7.860114274606291e-16,-0.9999994537354671,2.6827721846279315e-14
