0.9999999977229965,-0.9999963524061604,-0.9999963524061573,-0.9999983081156298,0.9999995113580136,0.9999995113580146,-9.558864836436815e-16,9.968311819983295e-16,9.79279077434655e-16,1.0125388840971573e-15,-9.808327699353644e-16,-9.807913242475908e-16,-1.0000002188179593,-1.0000002188179593,9.789929807456438e-16,9.56370378734928e-16,1.0000004596172507,-9.622568598905199e-16
-0.9999963524061604,0.9999999973085542,0.9999962547699496,0.9999982104789508,-0.9999992230029633,-0.999999223002965,-3.7423839326931604e-17,-2.132768733569185e-17,-4.2841850698845146e-18,-2.4926457855800448e-17,-2.246270851891172e-17,-4.8495826663910694e-17,0.9999999304626723,0.999999930462672,4.0279844243244535e-18,2.4937498832550715e-17,-1.000000171261883,-3.738538083867219e-17
-0.9999963524061573,0.9999962547699496,0.9999999973085542,0.999998210478951,-0.9999992230029626,-0.9999992230029638,-2.1785769330104217e-18,3.030554082909744e-17,2.4335675917706343e-17,-3.367526887433432e-18,-1.1722769300070122e-17,7.619910055470235e-19,0.9999999304626704,0.9999999304626709,-1.9107173191523323e-17,-1.1149678609907516e-17,-1.000000171261882,-1.5436321007698343e-18
-0.9999983081156298,0.9999982104789508,0.999998210478951,1.0000000001194294,-1.0000009880000529,-1.0000009880000555,-1.1134382358228949e-15,1.1263244251166018e-15,1.0927076895089727e-15,1.1048592460832369e-15,-1.1075254733671984e-15,-1.181613708335747e-15,1.0000018861793503,1.0000018861793496,1.1264119085190546e-15,1.1105101624959397e-15,-1.0000021269790897,-1.111909228633227e-15
0.9999995113580136,-0.9999992230029633,-0.9999992230029626,-1.0000009880000529,1.0000000015746975,1.000002191245456,-5.947484079087731e-16,5.873243532890573e-16,6.302648260117032e-16,6.316104577578505e-16,-5.86521766786397e-16,-5.898067765449027e-16,-1.000002707989455,-1.000002898707499,6.119778102127199e-16,5.943803517288488e-16,1.0000031395075073,-6.140079430304932e-16
0.9999995113580146,-0.999999223002965,-0.9999992230029638,-1.0000009880000555,1.000002191245456,1.0000000015746975,-4.0075193314798327e-16,3.864979804659879e-16,4.29533774877116e-16,4.264016502066686e-16,-3.704528919911233e-16,-3.857459247781622e-16,-1.000002898707501,-1.0000027079894525,3.9909215816431796e-16,3.792895674226597e-16,1.0000031395075089,-4.0747771651398952e-16
-9.558864836436815e-16,-3.7423839326931604e-17,-2.1785769330104217e-18,-1.1134382358228949e-15,-5.947484079087731e-16,-4.0075193314798327e-16,0.9999999977229965,-0.9999963524061645,-0.9999963524061617,-0.9999983081156343,0.9999995113580257,0.9999995113580226,7.384148921620642e-17,1.906232391079235e-16,-1.0000002188179722,-1.0000002188179702,-3.1868873130486497e-16,1.0000004596172627
9.968311819983295e-16,-2.132768733569185e-17,3.030554082909744e-17,1.1263244251166018e-15,5.873243532890573e-16,3.864979804659879e-16,-0.9999963524061645,0.999999997308554,0.9999962547699487,0.9999982104789538,-0.9999992230029706,-0.9999992230029681,-1.1170053977692226e-16,-2.141255542037948e-16,0.9999999304626787,0.9999999304626777,3.43761720964604e-16,-1.0000001712618891
9.79279077434655e-16,-4.2841850698845146e-18,2.4335675917706343e-17,1.0927076895089727e-15,6.302648260117032e-16,4.29533774877116e-16,-0.9999963524061617,0.9999962547699487,0.999999997308554,0.9999982104789533,-0.9999992230029696,-0.9999992230029666,-8.532809168090814e-17,-2.1131238543345184e-16,0.999999930462678,0.9999999304626769,3.362582883550633e-16,-1.0000001712618882
1.0125388840971573e-15,-2.4926457855800448e-17,-3.367526887433432e-18,1.1048592460832369e-15,6.316104577578505e-16,4.264016502066686e-16,-0.9999983081156343,0.9999982104789538,0.9999982104789533,1.0000000001194294,-1.000000988000063,-1.0000009880000587,-6.553769933748255e-17,-2.484855346247321e-16,1.0000018861793594,1.0000018861793583,3.709287592801836e-16,-1.000002126979099
-9.808327699353644e-16,-2.246270851891172e-17,-1.1722769300070122e-17,-1.1075254733671984e-15,-5.86521766786397e-16,-3.704528919911233e-16,0.9999995113580257,-0.9999992230029706,-0.9999992230029696,-1.000000988000063,1.0000000015746975,1.0000021912454669,4.0881308908005446e-17,2.039317147562252e-16,-1.000002707989468,-1.000002898707512,-3.434385087587664e-16,1.000003139507521
-9.807913242475908e-16,-4.8495826663910694e-17,7.619910055470235e-19,-1.181613708335747e-15,-5.898067765449027e-16,-3.857459247781622e-16,0.9999995113580226,-0.9999992230029681,-0.9999992230029666,-1.0000009880000587,1.0000021912454669,1.0000000015746975,3.2532259124281055e-17,2.167596511554986e-16,-1.0000028987075114,-1.000002707989465,-2.8362208557584206e-16,1.0000031395075186
-1.0000002188179593,0.9999999304626723,0.9999999304626704,1.0000018861793503,-1.000002707989455,-1.000002898707501,7.384148921620642e-17,-1.1170053977692226e-16,-8.532809168090814e-17,-6.553769933748255e-17,4.0881308908005446e-17,3.2532259124281055e-17,1.0000000025915075,1.0000036061700885,-9.88713177118549e-17,-7.156681363127671e-17,-1.0000036562522423,3.0031369834511254e-17
-1.0000002188179593,0.999999930462672,0.9999999304626709,1.0000018861793496,-1.000002898707499,-1.0000027079894525,1.906232391079235e-16,-2.141255542037948e-16,-2.1131238543345184e-16,-2.484855346247321e-16,2.039317147562252e-16,2.167596511554986e-16,1.0000036061700885,1.0000000025915075,-1.9251850738792904e-16,-1.859249381530903e-16,-1.0000036562522387,2.1600462967115583e-16
9.789929807456438e-16,4.0279844243244535e-18,-1.9107173191523323e-17,1.1264119085190546e-15,6.119778102127199e-16,3.9909215816431796e-16,-1.0000002188179722,0.9999999304626787,0.999999930462678,1.0000018861793594,-1.000002707989468,-1.0000028987075114,-9.88713177118549e-17,-1.9251850738792904e-16,1.0000000025915075,1.0000036061701014,3.5803031092473866e-16,-1.000003656252254
9.56370378734928e-16,2.4937498832550715e-17,-1.1149678609907516e-17,1.1105101624959397e-15,5.943803517288488e-16,3.792895674226597e-16,-1.0000002188179702,0.9999999304626777,0.9999999304626769,1.0000018861793583,-1.000002898707512,-1.000002707989465,-7.156681363127671e-17,-1.859249381530903e-16,1.0000036061701014,1.0000000025915075,3.391665270311209e-16,-1.000003656252249
1.0000004596172507,-1.000000171261883,-1.000000171261882,-1.0000021269790897,1.0000031395075073,1.0000031395075089,-3.1868873130486497e-16,3.43761720964604e-16,3.362582883550633e-16,3.709287592801836e-16,-3.434385087587664e-16,-2.8362208557584206e-16,-1.0000036562522423,-1.0000036562522387,3.5803031092473866e-16,3.391665270311209e-16,1.000000002937601,-3.363137579767361e-16
-9.622568598905199e-16,-3.738538083867219e-17,-1.5436321007698343e-18,-1.111909228633227e-15,-6.140079430304932e-16,-4.0747771651398952e-16,1.0000004596172627,-1.0000001712618891,-1.0000001712618882,-1.000002126979099,1.000003139507521,1.0000031395075186,3.0031369834511254e-17,2.1600462967115583e-16,-1.000003656252254,-1.000003656252249,-3.363137579767361e-16,1.000000002937601
