1.0000000157954463,-1.0000192736321252,1.0000221000870693,1.0000137221841503,-1.0000117359336005,1.0000121391263617,1.000010486355198,-1.0000120243199102,-1.0000110634644646,-1.000011219969417,-1.0000114739407922,1.0000117191043258,1.0000114789499213,-1.0000119033777368,-1.000012343659947,1.0000115885604113,1.0000117922087106,-1.0000137679820775,-1.0000141544596055,1.0000129967316176,-1.0000157600248276,-1.0000157600248305,-1.0000147472424425,1.0000138093777502,-1.000015150443671,1.0000148013057755,1.000015264675007
-1.0000192736321252,1.0000000102538147,-1.0000192736321263,-1.0000108957619942,1.0000078591992851,-1.0000082623905724,-1.0000066096257099,1.0000081475847202,1.000007186732708,1.0000073432370051,1.0000075972081752,-1.000007842370525,-1.000007602217524,1.000008026643906,1.000008466923119,-1.0000077118265633,-1.0000079154740384,1.0000098912396835,1.0000102777156583,-1.00000911999369,1.0000118832761362,1.0000118832761358,1.0000108704962436,-1.0000099326351648,1.0000112736958167,-1.0000109245593396,-1.0000113879267025
1.0000221000870693,-1.0000192736321263,1.0000000157954463,1.0000137221841485,-1.0000117359335972,1.000012139126359,1.0000104863551955,-1.0000120243199073,-1.0000110634644637,-1.0000112199694149,-1.0000114739407888,1.0000117191043234,1.0000114789499182,-1.0000119033777348,-1.0000123436599446,1.000011588560409,1.0000117922087068,-1.0000137679820753,-1.0000141544596028,1.0000129967316158,-1.0000157600248254,-1.0000157600248272,-1.0000147472424403,1.0000138093777464,-1.0000151504436685,1.0000148013057724,1.0000152646750045
1.0000137221841503,-1.0000108957619942,1.0000137221841485,1.0000000038197323,-1.0000033581185952,1.0000037613083552,1.000002108550478,-1.0000036465034423,-1.0000037359748042,-1.0000028421582936,-1.0000030961305162,1.0000033412911529,1.000003101140471,-1.0000035255655166,-1.0000039658392683,1.000003210746191,1.000003414392673,-1.0000053901493877,-1.0000057766235035,1.0000046189108114,-1.0000073821808626,-1.0000073821808633,-1.000007419721564,1.0000054315446083,-1.0000067725991182,1.0000064234643624,1.0000068868294754
-1.0000117359336005,1.0000078591992851,-1.0000117359335972,-1.0000033581185952,1.0000000009805154,-1.0000028253895241,-1.0000011726425797,1.00000166025908,1.0000006994266528,1.0000008559310587,1.0000011098720127,-1.000001355040271,-1.0000011148735246,1.0000015392898554,1.000001979610184,-1.000001224518053,-1.0000014281650618,1.0000034039171652,1.0000037903919905,-1.000002632626698,1.0000053958890311,1.0000053958890327,1.0000043831667038,-1.0000034453133333,1.0000047863659025,-1.0000044372299666,-1.000004900596176
1.0000121391263617,-1.0000082623905724,1.000012139126359,1.0000037613083552,-1.0000028253895241,1.0000000015568435,1.0000005255100894,-1.0000031137535663,-1.000001102615309,-1.0000012591210332,-1.0000015130307334,1.0000017582073621,1.0000015180236372,-1.0000019424321094,-1.0000023828010172,1.000001627708007,1.0000018313560508,-1.0000038071082809,-1.0000041935847677,1.0000030357629963,-1.0000057990242106,-1.000005799024211,-1.0000047863575183,1.000003848505515,-1.0000051895593782,1.0000048404213857,1.0000053037898449
1.000010486355198,-1.0000066096257099,1.0000104863551955,1.000002108550478,-1.0000011726425797,1.0000005255100894,0.9999999991943331,-1.0000004107043106,-1.0000005001819066,-1.0000006566851545,-0.9999998603299067,1.0000001054914847,0.9999998653380386,-1.0000002897600209,-1.000000730042543,0.9999999749518103,1.0000001785978296,-1.0000021543479551,-1.0000025408211282,1.0000013831004106,-1.0000041463609715,-1.0000041463609735,-1.0000031335967938,1.0000021957432617,-1.0000035367935571,1.0000031876595368,1.0000036510235737
-1.0000120243199102,1.0000081475847202,-1.0000120243199073,-1.0000036465034423,1.00000166025908,-1.0000031137535663,-1.0000004107043106,1.0000000013927142,1.0000009878106821,1.0000011443180603,1.0000013981858917,-1.0000026936935213,-1.0000014031673188,1.0000018275650324,1.0000022679984455,-1.0000015129047624,-1.0000017165540522,1.0000036923051379,1.0000040787835909,-1.000002920887256,1.0000056841451466,1.0000056841451488,1.000004671553332,-1.0000037337037686,1.000005074758475,-1.000004725617968,-1.0000051889891224
-1.0000110634644646,1.000007186732708,-1.0000110634644637,-1.0000037359748042,1.0000006994266528,-1.000001102615309,-1.0000005001819066,1.0000009878106821,1.0000000000192715,1.0000001834677708,1.0000004374391847,-1.0000006825991896,-1.0000004424491051,1.000000866872996,1.0000013071457314,-1.0000016023746778,-1.0000007557006187,1.000002731452031,1.0000031179251185,-1.0000019602153454,1.0000047234779763,1.0000047234779779,1.0000037107015831,-1.0000027728471446,1.0000041138980618,-1.0000037647642372,-1.0000042281281156
-1.000011219969417,1.0000073432370051,-1.0000112199694149,-1.0000028421582936,1.0000008559310587,-1.0000012591210332,-1.0000006566851545,1.0000011443180603,1.0000001834677708,1.000000000242984,1.0000005939508991,-1.0000008391085888,-1.0000005989632703,1.0000010233895145,1.0000014636485384,-1.0000007085575275,-1.0000019625232286,1.000002887955151,1.00000327442787,-1.0000021167338613,1.000004879997577,1.0000048799975785,1.0000038672050586,-1.0000039796699705,1.000004270400891,-1.0000039212675558,-1.000004384630921
-1.0000114739407922,1.0000075972081752,-1.0000114739407888,-1.0000030961305162,1.0000011098720127,-1.0000015130307334,-0.9999998603299067,1.0000013981858917,1.0000004374391847,1.0000005939508991,1.0000000006058747,-1.0000021432445312,-1.0000019029788776,1.0000012770280087,1.0000017176320573,-1.0000009625367836,-1.0000011661893227,1.0000031419368829,1.0000035284204396,-1.0000023703270278,1.000005133575422,1.0000051335754228,1.000004121182065,-1.0000031833392025,1.0000045243957925,-1.000004175248722,-1.000004638626892
1.0000117191043258,-1.000007842370525,1.0000117191043234,1.0000033412911529,-1.000001355040271,1.0000017582073621,1.0000001054914847,-1.0000026936935213,-1.0000006825991896,-1.0000008391085888,-1.0000021432445312,1.0000000009563879,1.0000010978917453,-1.0000015222760656,-1.0000019627892809,1.00000120769489,1.00000141134569,-1.0000033870950324,-1.0000037735758556,1.0000026155873827,-1.000005378840699,-1.0000053788407002,-1.0000043663417726,1.0000034284953867,-1.0000047695509116,1.0000044204073515,1.0000048837817639
1.0000114789499213,-1.000007602217524,1.0000114789499182,1.000003101140471,-1.0000011148735246,1.0000015180236372,0.9999998653380386,-1.0000014031673188,-1.0000004424491051,-1.0000005989632703,-1.0000019029788776,1.0000010978917453,1.0000000006129408,-1.0000023322665348,-1.0000017226452056,1.0000009675488206,1.0000011712032184,-1.0000031469494404,-1.0000035334359434,1.0000023752330414,-1.0000051384770372,-1.0000051384770379,-1.0000041261932604,1.000003188353814,-1.0000045294118665,1.0000041802610524,1.00000464364325
-1.0000119033777368,1.000008026643906,-1.0000119033777348,-1.0000035255655166,1.0000015392898554,-1.0000019424321094,-1.0000002897600209,1.0000018275650324,1.000000866872996,1.0000010233895145,1.0000012770280087,-1.0000015222760656,-1.0000023322665348,1.0000000012195218,1.0000021470726514,-1.0000013919749065,-1.0000015956311274,1.0000035713769362,1.0000039578663529,-1.0000038498807915,1.00000556280185,1.0000055628018514,1.0000045506198973,-1.000003612783245,1.0000049538432276,-1.0000046046887714,-1.000005068074924
-1.000012343659947,1.000008466923119,-1.0000123436599446,-1.0000039658392683,1.000001979610184,-1.0000023828010172,-1.000000730042543,1.0000022679984455,1.0000013071457314,1.0000014636485384,1.0000017176320573,-1.0000019627892809,-1.0000017226452056,1.0000021470726514,1.000000001849222,-1.0000028825559903,-1.0000030862018363,1.0000040116360678,1.000004398109088,-1.0000032404188117,1.000006003685869,1.00000600368587,1.0000049908871447,-1.000004053030839,1.0000053940832143,-1.0000050449496547,-1.0000055083133608
1.0000115885604113,-1.0000077118265633,1.000011588560409,1.000003210746191,-1.000001224518053,1.000001627708007,0.9999999749518103,-1.0000015129047624,-1.0000016023746778,-1.0000007085575275,-1.0000009625367836,1.00000120769489,1.0000009675488206,-1.0000013919749065,-1.0000028825559903,1.0000000007698593,1.0000012807904881,-1.0000043068631232,-1.0000036430160415,1.000002485319407,-1.0000052485840596,-1.0000052485840605,-1.0000042357933612,1.0000032979379971,-1.000004638989443,1.0000042898559052,1.0000047532195224
1.0000117922087106,-1.0000079154740384,1.0000117922087068,1.000003414392673,-1.0000014281650618,1.0000018313560508,1.0000001785978296,-1.0000017165540522,-1.0000007557006187,-1.0000019625232286,-1.0000011661893227,1.00000141134569,1.0000011712032184,-1.0000015956311274,-1.0000030862018363,1.0000012807904881,1.00000000106096,-1.0000034601893244,-1.0000048969820012,1.0000026889772375,-1.0000054522429465,-1.0000054522429473,-1.0000044394399183,1.0000035015839817,-1.0000048426355432,1.000004493502347,1.0000049568656146
-1.0000137679820775,1.0000098912396835,-1.0000137679820753,-1.0000053901493877,1.0000034039171652,-1.0000038071082809,-1.0000021543479551,1.0000036923051379,1.000002731452031,1.000002887955151,1.0000031419368829,-1.0000033870950324,-1.0000031469494404,1.0000035713769362,1.0000040116360678,-1.0000043068631232,-1.0000034601893244,1.000000003885196,1.0000058224200326,-1.0000046647242216,1.0000074279950988,1.0000074279950997,1.0000064151987857,-1.000005477341255,1.0000068183956088,-1.0000075195814129,-1.0000069326259295
-1.0000141544596055,1.0000102777156583,-1.0000141544596028,-1.0000057766235035,1.0000037903919905,-1.0000041935847677,-1.0000025408211282,1.0000040787835909,1.0000031179251185,1.00000327442787,1.0000035284204396,-1.0000037735758556,-1.0000035334359434,1.0000039578663529,1.000004398109088,-1.0000036430160415,-1.0000048969820012,1.0000058224200326,1.0000000044376394,-1.000005051216254,1.000007814488979,1.0000078144889806,1.0000068016730859,-1.0000058638145917,1.0000072048692121,-1.0000068557355384,-1.0000083694195268
1.0000129967316176,-1.00000911999369,1.0000129967316158,1.0000046189108114,-1.000002632626698,1.0000030357629963,1.0000013831004106,-1.000002920887256,-1.0000019602153454,-1.0000021167338613,-1.0000023703270278,1.0000026155873827,1.0000023752330414,-1.0000038498807915,-1.0000032404188117,1.000002485319407,1.0000026889772375,-1.0000046647242216,-1.000005051216254,1.000000002782295,-1.000007706388806,-1.0000077063888027,-1.000005643967241,1.000004706132103,-1.0000060471946453,1.0000056980370227,1.0000061614266786
-1.0000157600248276,1.0000118832761362,-1.0000157600248254,-1.0000073821808626,1.0000053958890311,-1.0000057990242106,-1.0000041463609715,1.0000056841451466,1.0000047234779763,1.000004879997577,1.000005133575422,-1.000005378840699,-1.0000051384770372,1.00000556280185,1.000006003685869,-1.0000052485840596,-1.0000054522429465,1.0000074279950988,1.000007814488979,-1.000007706388806,1.000000006732205,1.0000094193161917,1.0000084072404878,-1.0000074694036314,1.000008810470299,-1.000008461310722,-1.0000089247027268
-1.0000157600248305,1.0000118832761358,-1.0000157600248272,-1.0000073821808633,1.0000053958890327,-1.000005799024211,-1.0000041463609735,1.0000056841451488,1.0000047234779779,1.0000048799975785,1.0000051335754228,-1.0000053788407002,-1.0000051384770379,1.0000055628018514,1.00000600368587,-1.0000052485840605,-1.0000054522429473,1.0000074279950997,1.0000078144889806,-1.0000077063888027,1.0000094193161917,1.000000006732205,1.0000084072404882,-1.000007469403633,1.0000088104702993,-1.0000084613107227,-1.000008924702729
-1.0000147472424425,1.0000108704962436,-1.0000147472424403,-1.000007419721564,1.0000043831667038,-1.0000047863575183,-1.0000031335967938,1.000004671553332,1.0000037107015831,1.0000038672050586,1.000004121182065,-1.0000043663417726,-1.0000041261932604,1.0000045506198973,1.0000049908871447,-1.0000042357933612,-1.0000044394399183,1.0000064151987857,1.0000068016730859,-1.000005643967241,1.0000084072404878,1.0000084072404882,1.0000000052849862,-1.0000064565938973,1.0000077976496922,-1.0000084988348508,-1.0000079118801461
1.0000138093777502,-1.0000099326351648,1.0000138093777464,1.0000054315446083,-1.0000034453133333,1.000003848505515,1.0000021957432617,-1.0000037337037686,-1.0000027728471446,-1.0000039796699705,-1.0000031833392025,1.0000034284953867,1.000003188353814,-1.000003612783245,-1.000004053030839,1.0000032979379971,1.0000035015839817,-1.000005477341255,-1.0000058638145917,1.000004706132103,-1.0000074694036314,-1.000007469403633,-1.0000064565938973,1.000000003944368,-1.0000079101101411,1.000006510656391,1.000006974020431
-1.000015150443671,1.0000112736958167,-1.0000151504436685,-1.0000067725991182,1.0000047863659025,-1.0000051895593782,-1.0000035367935571,1.000005074758475,1.0000041138980618,1.000004270400891,1.0000045243957925,-1.0000047695509116,-1.0000045294118665,1.0000049538432276,1.0000053940832143,-1.000004638989443,-1.0000048426355432,1.0000068183956088,1.0000072048692121,-1.0000060471946453,1.000008810470299,1.0000088104702993,1.0000077976496922,-1.0000079101101411,1.0000000058613343,-1.0000078517121618,-1.0000093653964819
1.0000148013057755,-1.0000109245593396,1.0000148013057724,1.0000064234643624,-1.0000044372299666,1.0000048404213857,1.0000031876595368,-1.000004725617968,-1.0000037647642372,-1.0000039212675558,-1.000004175248722,1.0000044204073515,1.0000041802610524,-1.0000046046887714,-1.0000050449496547,1.0000042898559052,1.000004493502347,-1.0000075195814129,-1.0000068557355384,1.0000056980370227,-1.000008461310722,-1.0000084613107227,-1.0000084988348508,1.000006510656391,-1.0000078517121618,1.0000000053622657,1.0000079659426073
1.000015264675007,-1.0000113879267025,1.0000152646750045,1.0000068868294754,-1.000004900596176,1.0000053037898449,1.0000036510235737,-1.0000051889891224,-1.0000042281281156,-1.000004384630921,-1.000004638626892,1.0000048837817639,1.00000464364325,-1.000005068074924,-1.0000055083133608,1.0000047532195224,1.0000049568656146,-1.0000069326259295,-1.0000083694195268,1.0000061614266786,-1.0000089247027268,-1.000008924702729,-1.0000079118801461,1.000006974020431,-1.0000093653964819,1.0000079659426073,1.0000000060246206
