0.9999999997496926,-0.9999997570268269,0.9999998321909878,0.9999998321909929,0.9999998322103404,-0.9999998497073662,-0.9999998029755194,0.9999998725928066,0.9999998219974363,0.9999997330692793,0.9999998515580436,-0.9999997749682733,0.9999998205529255,-0.999999888797371,-0.9999997962993198,-0.9999997212085465,0.9999997737525697,-0.9999998135131806,0.9999998372276289,-0.9999998366608661,0.9999998074980451,0.9999999139113449,-0.9999998963888145,-0.999999896388819,-0.9999998866048562,-0.9999998448997451,0.9999998114910245,-0.9999998021240748
-0.9999997570268269,0.9999999999071774,-0.9999999395774196,-0.9999999395774285,-0.999999942421197,0.9999999599175793,0.9999999131857485,-0.9999999828034782,-0.9999999322049737,-0.9999998432744679,-0.9999999617716856,0.9999998851845032,-0.9999999307729777,0.9999999990188656,0.9999999065206594,0.9999998314244815,-0.999999883971791,0.9999999237322007,-0.999999947444924,0.9999999468750788,-0.9999999177080618,-1.0000000241321765,1.0000000066088,1.0000000066088037,0.9999999968176282,0.9999999551074334,-0.9999999216965487,0.9999999123295719
0.9999998321909878,-0.9999999395774196,1.0000000000105336,1.0000000147442978,1.0000000147614347,-1.0000000322572478,-0.9999999855255656,1.0000000551433121,1.0000000045435027,0.9999999156122292,1.0000000341130357,-0.9999999575226644,1.0000000031125629,-1.000000071357429,-0.9999999788626218,-0.999999903765499,0.9999999563138525,-0.9999999960751196,1.0000000197876175,-1.000000019216552,0.9999999900479619,1.0000000964684228,-1.0000000761114176,-1.000000078944013,-1.0000000691586761,-1.00000002744597,0.9999999940340739,-0.9999999846671115
0.9999998321909929,-0.9999999395774285,1.0000000147442978,1.0000000000105336,1.00000001476144,-1.0000000322572535,-0.9999999855255707,1.000000055143317,1.000000004543509,0.999999915612235,1.0000000341130397,-0.9999999575226702,1.0000000031125698,-1.0000000713574326,-0.9999999788626257,-0.9999999037655036,0.9999999563138582,-0.9999999960751247,1.0000000197876207,-1.0000000192165572,0.9999999900479657,1.0000000964684275,-1.0000000789440135,-1.0000000761114276,-1.0000000691586812,-1.0000000274459746,0.9999999940340785,-0.9999999846671148
0.9999998322103404,-0.999999942421197,1.0000000147614347,1.00000001476144,1.0000000000104734,-1.000000029318666,-0.9999999825704836,1.000000055036634,1.0000000044388115,0.9999999154805541,1.0000000339951411,-0.9999999574264407,1.0000000030270246,-1.0000000713190018,-0.9999999787669007,-0.9999999036227335,0.9999999561826198,-0.9999999959493112,1.0000000196600078,-1.0000000190784823,0.9999999898983195,1.00000009645532,-1.0000000789513526,-1.0000000789513575,-1.0000000690582767,-1.000000027339227,0.9999999939215456,-0.9999999845555664
-0.9999998497073662,0.9999999599175793,-1.0000000322572478,-1.0000000322572535,-1.000000029318666,1.0000000000354674,1.0000000028956453,-1.0000000696961544,-1.0000000190987346,-0.9999999329742372,-1.000000051487174,0.9999999749218841,-1.0000000205215545,1.0000000888134897,0.9999999962602747,0.9999999211171255,-0.9999999736762396,1.0000000134421527,-1.0000000371525795,1.0000000365712802,-1.000000007392125,-1.0000001139506223,1.0000000964468958,1.000000096446901,1.0000000865499952,1.0000000448318163,-1.0000000114145922,1.0000000020485769
-0.9999998029755194,0.9999999131857485,-0.9999999855255656,-0.9999999855255707,-0.9999999825704836,1.0000000028956453,0.9999999999686678,-1.0000000257807231,-0.9999999751834756,-0.999999883387152,-1.0000000019034248,0.9999999281684574,-0.999999973771639,1.0000000420713913,0.9999999495079681,0.9999998743556126,-0.9999999269185084,0.9999999666852117,-0.999999990396226,0.9999999898151368,-0.9999999606322039,-1.0000000672139109,1.0000000497132107,1.000000049713216,1.000000039801539,0.9999999980835131,-0.999999964665557,0.9999999552997377
0.9999998725928066,-0.9999999828034782,1.0000000551433121,1.000000055143317,1.000000055036634,-1.0000000696961544,-1.0000000257807231,1.000000000068168,1.0000000448163926,0.9999999558584701,1.0000000743725965,-0.9999999978064905,1.0000000434069067,-1.000000111699357,-1.0000000191457703,-0.9999999440014594,0.9999999965612737,-1.000000036327328,1.0000000600377401,-1.0000000594562783,1.0000000302763092,1.0000001368366416,-1.0000001193329426,-1.0000001193329466,-1.0000001066029198,-1.0000000648842577,1.0000000342993567,-1.0000000249333567
0.9999998219974363,-0.9999999322049737,1.0000000045435027,1.000000004543509,1.0000000044388115,-1.0000000190987346,-0.9999999751834756,1.0000000448163926,0.9999999999958715,0.9999999052655264,1.0000000237727125,-0.9999999472075508,0.9999999928046488,-1.0000000610965478,-0.999999968541902,-0.9999998934016808,0.9999999459586322,-0.9999999857244571,1.0000000094358341,-1.0000000088563807,0.9999999796800539,1.0000000862349196,-1.000000068732223,-1.0000000687322266,-1.0000000588362739,-1.0000000171215389,0.9999999837057654,-0.9999999715071847
0.9999997330692793,-0.9999998432744679,0.9999999156122292,0.999999915612235,0.9999999154805541,-0.9999999329742372,-0.999999883387152,0.9999999558584701,0.9999999052655264,0.9999999998687569,0.9999999348073283,-0.9999998582375493,0.9999999038386228,-0.999999972144181,-0.9999998795705112,-0.99999980441664,0.9999998569784008,-0.9999998967456528,0.9999999204590114,-0.9999999198816759,0.9999998907011407,0.9999999972930425,-0.99999997979657,-0.999999979796573,-0.9999999698763304,-0.9999999281649824,0.9999998947492137,-0.9999998853836047
0.9999998515580436,-0.9999999617716856,1.0000000341130357,1.0000000341130397,1.0000000339951411,-1.000000051487174,-1.0000000019034248,1.0000000743725965,1.0000000237727125,0.9999999348073283,1.0000000000381015,-0.9999999767598305,1.0000000223660637,-1.0000000906647035,-0.9999999981051638,-0.9999999229501944,0.9999999755155748,-1.0000000152828756,1.0000000389931138,-1.0000000355774785,1.000000009223773,1.000000115804568,-1.0000000983021147,-1.0000000983021202,-1.0000000855624938,-1.0000000466728542,1.0000000132531546,-1.0000000038873182
-0.9999997749682733,0.9999998851845032,-0.9999999575226644,-0.9999999575226702,-0.9999999574264407,0.9999999749218841,0.9999999281684574,-0.9999999978064905,-0.9999999472075508,-0.9999998582375493,-0.9999999767598305,0.9999999999286755,-0.9999999429441955,1.000000014072703,0.9999999215146901,0.9999998463596885,-0.9999998989287656,0.9999999386962743,-0.9999999624102389,0.9999999618346225,-0.9999999326449746,-1.000000039214555,1.0000000217105698,1.000000021710574,1.000000011823729,0.9999999701072465,-0.9999999366892709,0.99999992732357
0.9999998205529255,-0.9999999307729777,1.0000000031125629,1.0000000031125698,1.0000000030270246,-1.0000000205215545,-0.999999973771639,1.0000000434069067,0.9999999928046488,0.9999999038386228,1.0000000223660637,-0.9999999429441955,0.9999999999938465,-1.0000000568433411,-0.9999999642957674,-0.99999989197732,0.9999999445460702,-0.9999999843127191,1.000000008024637,-1.0000000074461277,0.9999999782558815,1.0000000848116186,-1.000000067303551,-1.0000000673035558,-1.0000000574264385,-1.0000000157049527,0.999999982285589,-0.9999999729196571
-0.999999888797371,0.9999999990188656,-1.000000071357429,-1.0000000713574326,-1.0000000713190018,1.0000000888134897,1.0000000420713913,-1.000000111699357,-1.0000000610965478,-0.999999972144181,-1.0000000906647035,1.000000014072703,-1.0000000568433411,1.0000000000914095,1.0000000354233507,0.9999999602934451,-1.0000000128549626,1.000000052620038,-1.000000076331742,1.0000000757548595,-1.000000046571791,-1.0000001502364242,1.0000001355530466,1.0000001355530512,1.0000001257184885,1.000000083997799,-1.0000000505803954,1.000000041214031
-0.9999997962993198,0.9999999065206594,-0.9999999788626218,-0.9999999788626257,-0.9999999787669007,0.9999999962602747,0.9999999495079681,-1.0000000191457703,-0.999999968541902,-0.9999998795705112,-0.9999999981051638,0.9999999215146901,-0.9999999642957674,1.0000000354233507,0.9999999999591853,0.9999998677118358,-0.9999999174514069,0.999999960052479,-0.9999999837638298,0.9999999831822848,-0.9999999539878976,-1.000000060559966,1.0000000430534604,1.0000000430534643,1.000000033167698,0.9999999914419501,-0.9999999580203318,0.999999948654545
-0.9999997212085465,0.9999998314244815,-0.999999903765499,-0.9999999037655036,-0.9999999036227335,0.9999999211171255,0.9999998743556126,-0.9999999440014594,-0.9999998934016808,-0.99999980441664,-0.9999999229501944,0.9999998463596885,-0.99999989197732,0.9999999602934451,0.9999998677118358,0.9999999998517773,-0.9999998422779101,0.9999998848807725,-0.9999999085943401,0.9999999080147085,-0.9999998788161815,-0.9999999854459265,0.9999999679496067,0.999999967949611,0.9999999580211552,0.9999999163004218,-0.9999998828790211,0.9999998735137812
0.9999997737525697,-0.999999883971791,0.9999999563138525,0.9999999563138582,0.9999999561826198,-0.9999999736762396,-0.9999999269185084,0.9999999965612737,0.9999999459586322,0.9999998569784008,0.9999999755155748,-0.9999998989287656,0.9999999445460702,-1.0000000128549626,-0.9999999174514069,-0.9999998422779101,0.9999999999269035,-0.9999999346234865,0.9999999611677287,-0.9999999605856831,0.9999999313874194,1.0000000380013419,-1.000000020500939,-1.0000000205009418,-1.000000010582882,-0.9999999688580002,0.9999999354356273,-0.99999992607014
-0.9999998135131806,0.9999999237322007,-0.9999999960751196,-0.9999999960751247,-0.9999999959493112,1.0000000134421527,0.9999999666852117,-1.000000036327328,-0.9999999857244571,-0.9999998967456528,-1.0000000152828756,0.9999999386962743,-0.9999999843127191,1.000000052620038,0.999999960052479,0.9999998848807725,-0.9999999346234865,0.9999999999837292,-0.9999999981046629,1.0000000003540934,-0.9999999711567317,-1.0000000777640343,1.0000000602630104,1.000000060263015,1.0000000503500461,1.0000000086239023,-0.9999999752012128,0.9999999658357034
0.9999998372276289,-0.999999947444924,1.0000000197876175,1.0000000197876207,1.0000000196600078,-1.0000000371525795,-0.999999990396226,1.0000000600377401,1.0000000094358341,0.9999999204590114,1.0000000389931138,-0.9999999624102389,1.000000008024637,-1.000000076331742,-0.9999999837638298,-0.9999999085943401,0.9999999611677287,-0.9999999981046629,1.0000000000176097,-1.0000000212326556,0.9999999948701151,1.000000101475821,-1.0000000839753196,-1.0000000839753225,-1.0000000740604749,-1.0000000323353329,0.9999999989132303,-0.9999999895476936
-0.9999998366608661,0.9999999468750788,-1.000000019216552,-1.0000000192165572,-1.0000000190784823,1.0000000365712802,0.9999999898151368,-1.0000000594562783,-1.0000000088563807,-0.9999999198816759,-1.0000000355774785,0.9999999618346225,-1.0000000074461277,1.0000000757548595,0.9999999831822848,0.9999999080147085,-0.9999999605856831,1.0000000003540934,-1.0000000212326556,1.000000000016777,-0.9999999914581911,-1.0000001009017387,1.0000000834030156,1.0000000834030183,1.000000073478033,1.0000000317558948,-0.9999999983351353,0.9999999889695751
0.9999998074980451,-0.9999999177080618,0.9999999900479619,0.9999999900479657,0.9999999898983195,-1.000000007392125,-0.9999999606322039,1.0000000302763092,0.9999999796800539,0.9999998907011407,1.000000009223773,-0.9999999326449746,0.9999999782558815,-1.000000046571791,-0.9999999539878976,-0.9999998788161815,0.9999999313874194,-0.9999999711567317,0.9999999948701151,-0.9999999914581911,0.9999999999750656,1.0000000717253754,-1.000000054231081,-1.000000054231085,-1.0000000442955472,-1.0000000025789142,0.999999969159701,-0.9999999597943883
0.9999999139113449,-1.0000000241321765,1.0000000964684228,1.0000000964684275,1.00000009645532,-1.0000001139506223,-1.0000000672139109,1.0000001368366416,1.0000000862349196,0.9999999972930425,1.000000115804568,-1.000000039214555,1.0000000848116186,-1.0000001502364242,-1.000000060559966,-0.9999999854459265,1.0000000380013419,-1.0000000777640343,1.000000101475821,-1.0000001009017387,1.0000000717253754,1.0000000001273037,-1.0000001578335032,-1.0000001578335087,-1.0000001508538257,-1.0000001091368274,1.0000000757220724,-1.0000000663553872
-0.9999998963888145,1.0000000066088,-1.0000000761114176,-1.0000000789440135,-1.0000000789513526,1.0000000964468958,1.0000000497132107,-1.0000001193329426,-1.000000068732223,-0.99999997979657,-1.0000000983021147,1.0000000217105698,-1.000000067303551,1.0000001355530466,1.0000000430534604,0.9999999679496067,-1.000000020500939,1.0000000602630104,-1.0000000839753196,1.0000000834030156,-1.000000054231081,-1.0000001578335032,1.0000000001022669,1.0000001431430638,1.000000133349155,1.000000091634449,-1.0000000582212945,1.0000000488544512
-0.999999896388819,1.0000000066088037,-1.000000078944013,-1.0000000761114276,-1.0000000789513575,1.000000096446901,1.000000049713216,-1.0000001193329466,-1.0000000687322266,-0.999999979796573,-1.0000000983021202,1.000000021710574,-1.0000000673035558,1.0000001355530512,1.0000000430534643,0.999999967949611,-1.0000000205009418,1.000000060263015,-1.0000000839753225,1.0000000834030183,-1.000000054231085,-1.0000001578335087,1.0000001431430638,1.0000000001022669,1.000000133349159,1.0000000916344527,-1.000000058221298,1.0000000488544565
-0.9999998866048562,0.9999999968176282,-1.0000000691586761,-1.0000000691586812,-1.0000000690582767,1.0000000865499952,1.000000039801539,-1.0000001066029198,-1.0000000588362739,-0.9999999698763304,-1.0000000855624938,1.000000011823729,-1.0000000574264385,1.0000001257184885,1.000000033167698,0.9999999580211552,-1.000000010582882,1.0000000503500461,-1.0000000740604749,1.000000073478033,-1.0000000442955472,-1.0000001508538257,1.000000133349155,1.000000133349159,1.0000000000882034,1.0000000817366796,-1.0000000483179863,1.0000000389520256
-0.9999998448997451,0.9999999551074334,-1.00000002744597,-1.0000000274459746,-1.000000027339227,1.0000000448318163,0.9999999980835131,-1.0000000648842577,-1.0000000171215389,-0.9999999281649824,-1.0000000466728542,0.9999999701072465,-1.0000000157049527,1.000000083997799,0.9999999914419501,0.9999999163004218,-0.9999999688580002,1.0000000086239023,-1.0000000323353329,1.0000000317558948,-1.0000000025789142,-1.0000001091368274,1.000000091634449,1.0000000916344527,1.0000000817366796,1.0000000000285933,-1.0000000037733605,0.9999999972399861
0.9999998114910245,-0.9999999216965487,0.9999999940340739,0.9999999940340785,0.9999999939215456,-1.0000000114145922,-0.999999964665557,1.0000000342993567,0.9999999837057654,0.9999998947492137,1.0000000132531546,-0.9999999366892709,0.999999982285589,-1.0000000505803954,-0.9999999580203318,-0.9999998828790211,0.9999999354356273,-0.9999999752012128,0.9999999989132303,-0.9999999983351353,0.999999969159701,1.0000000757220724,-1.0000000582212945,-1.000000058221298,-1.0000000483179863,-1.0000000037733605,0.9999999999808469,-0.9999999609925518
-0.9999998021240748,0.9999999123295719,-0.9999999846671115,-0.9999999846671148,-0.9999999845555664,1.0000000020485769,0.9999999552997377,-1.0000000249333567,-0.9999999715071847,-0.9999998853836047,-1.0000000038873182,0.99999992732357,-0.9999999729196571,1.000000041214031,0.999999948654545,0.9999998735137812,-0.99999992607014,0.9999999658357034,-0.9999999895476936,0.9999999889695751,-0.9999999597943883,-1.0000000663553872,1.0000000488544512,1.0000000488544565,1.0000000389520256,0.9999999972399861,-0.9999999609925518,0.999999999967464
