0.9999999999655159,-0.999999924988753,-0.9999999249887526,-0.9999999249887536,-0.9999999161121446,0.9999999515280523,-0.9999999371244027,-0.9999999371244012,-0.9999999371244022,-0.9999999282477924,1.0000000166867125,-0.9999999983403252,1.0000000166867122,-0.9999999983403238,-1.0000000108004163,1.0000000000695457,-0.9999999799987462,0.9999999803251407,-0.9999999799987485,0.9999999803251395,0.9999999729993482,-0.99999994872434,0.9999999729993477,-0.999999948724341,-1.0000000027334415,-0.9999999560255952,-1.000000002733441,-0.9999999560255957,0.999999923005189,-0.9999999161052483,-0.9999999161052473,0.9999999230051877,-0.9999999161052494,-0.9999999161052492,0.9999999727711484,1.000000024428859,0.999999972771144,1.0000000244288603,0.9999999709944125,-0.9999999581890396,0.9999999709944117,-0.9999999581890372,0.9999999263408333,0.9999999263408328,0.9999999263408345,0.9999999263408352
-0.999999924988753,0.9999999999450221,0.9999999227206279,0.9999999227206309,0.9999999138447961,-0.9999999371244009,0.9999999227206339,0.9999999227206323,0.9999999227206339,0.9999999138447991,-1.0000000022878692,0.999999983941274,-1.0000000022878675,0.9999999839412727,0.9999999964032842,-0.99999998567216,0.9999999656012106,-0.9999999659273935,0.999999965601212,-0.9999999659273913,-0.9999999585994442,0.9999999343235547,-0.999999958599442,0.9999999343235567,0.9999999883357981,0.9999999416275538,0.999999988335796,0.9999999416275552,-0.9999999086030333,0.9999999017035713,0.9999999017035712,-0.9999999086030322,0.9999999017035723,0.999999901703574,-0.999999958373345,-1.0000000100314514,-0.9999999583733412,-1.0000000100314508,-0.9999999565960279,0.9999999437909879,-0.9999999565960259,0.9999999437909858,-0.9999999119396235,-0.9999999119396246,-0.9999999119396238,-0.9999999119396257
-0.9999999249887526,0.9999999227206279,0.9999999999450221,0.9999999227206303,0.9999999138447969,-0.9999999371244012,0.999999922720635,0.9999999227206312,0.9999999227206331,0.9999999138447984,-1.0000000022878686,0.9999999839412741,-1.0000000022878657,0.9999999839412732,0.9999999964032839,-0.9999999856721594,0.9999999656012102,-0.999999965927393,0.9999999656012104,-0.9999999659273914,-0.9999999585994426,0.9999999343235545,-0.9999999585994412,0.999999934323556,0.9999999883357973,0.9999999416275539,0.9999999883357964,0.9999999416275538,-0.9999999086030337,0.9999999017035729,0.9999999017035721,-0.9999999086030322,0.9999999017035723,0.9999999017035742,-0.9999999583733447,-1.0000000100314506,-0.9999999583733423,-1.000000010031451,-0.9999999565960265,0.9999999437909863,-0.9999999565960248,0.9999999437909841,-0.9999999119396248,-0.9999999119396227,-0.999999911939624,-0.9999999119396259
-0.9999999249887536,0.9999999227206309,0.9999999227206303,0.9999999999450221,0.9999999138447978,-0.9999999371244033,0.9999999227206355,0.9999999227206331,0.9999999227206348,0.9999999138448006,-1.0000000022878701,0.999999983941276,-1.0000000022878688,0.9999999839412738,0.9999999964032849,-0.9999999856721619,0.9999999656012123,-0.9999999659273956,0.9999999656012126,-0.9999999659273938,-0.9999999585994461,0.9999999343235579,-0.9999999585994439,0.9999999343235575,0.9999999883357992,0.9999999416275558,0.9999999883357986,0.9999999416275562,-0.9999999086030352,0.9999999017035732,0.9999999017035734,-0.9999999086030341,0.9999999017035744,0.999999901703577,-0.9999999583733469,-1.000000010031454,-0.9999999583733437,-1.000000010031453,-0.9999999565960286,0.9999999437909879,-0.9999999565960268,0.9999999437909863,-0.9999999119396248,-0.9999999119396257,-0.9999999119396251,-0.9999999119396261
-0.9999999161121446,0.9999999138447961,0.9999999138447969,0.9999999138447978,0.9999999999323924,-0.9999999282477948,0.9999999138448018,0.9999999138448002,0.9999999138448006,0.9999999049682828,-0.9999999934099846,0.9999999750630277,-0.9999999934099825,0.9999999750630251,0.9999999875250266,-0.9999999767936086,0.999999956723018,-0.9999999570489978,0.9999999567230178,-0.9999999570489959,-0.9999999497216789,0.9999999254457369,-0.9999999497216767,0.9999999254457388,0.9999999794572604,0.9999999327495206,0.9999999794572594,0.9999999327495216,-0.9999998875901681,0.9999998928263296,0.99999989282633,-0.9999998997258077,0.9999998928263296,0.9999998928263307,-0.9999999494951517,-1.0000000011532761,-0.9999999494951483,-1.0000000011532761,-0.9999999477177322,0.9999999349128863,-0.9999999477177306,0.9999999349128836,-0.9999999030621748,-0.9999999030621712,-0.9999999030621732,-0.9999999030621746
0.9999999515280523,-0.9999999371244009,-0.9999999371244012,-0.9999999371244033,-0.9999999282477948,0.9999999999655159,-0.999999924988765,-0.9999999249887611,-0.9999999249887587,-0.9999999161121568,1.0000000166867185,-0.9999999983403296,1.000000016686716,-0.9999999983403276,-1.0000000108004214,1.0000000000695521,-0.9999999799987526,0.9999999803251451,-0.9999999799987513,0.9999999803251438,0.999999972999354,-0.9999999487243442,0.999999972999354,-0.9999999487243451,-1.0000000027334466,-0.9999999560256011,-1.0000000027334452,-0.9999999560256003,0.9999999230051945,-0.9999999161052533,-0.999999916105252,0.9999999230051912,-0.9999999161052526,-0.9999999161052548,0.9999999727711532,1.0000000244288647,0.9999999727711497,1.0000000244288643,0.9999999709944185,-0.9999999581890447,0.9999999709944175,-0.9999999581890431,0.999999926340838,0.9999999263408369,0.9999999263408386,0.9999999263408393
-0.9999999371244027,0.9999999227206339,0.999999922720635,0.9999999227206355,0.9999999138448018,-0.999999924988765,0.9999999999450221,0.9999999227206372,0.9999999227206369,0.9999999138448048,-1.0000000022878748,0.999999983941279,-1.0000000022878734,0.999999983941279,0.9999999964032901,-0.9999999856721645,0.9999999656012168,-0.9999999659273993,0.9999999656012177,-0.9999999659273995,-0.999999958599448,0.9999999343235615,-0.9999999585994472,0.9999999343235635,0.9999999883358026,0.99999994162756,0.9999999883358041,0.9999999416275595,-0.9999999086030399,0.9999999017035778,0.9999999017035781,-0.9999999086030382,0.9999999017035789,0.9999999017035799,-0.9999999583733512,-1.0000000100314577,-0.9999999583733469,-1.0000000100314577,-0.9999999565960321,0.9999999437909917,-0.9999999565960319,0.9999999437909893,-0.9999999119396308,-0.9999999119396291,-0.99999991193963,-0.9999999119396313
-0.9999999371244012,0.9999999227206323,0.9999999227206312,0.9999999227206331,0.9999999138448002,-0.9999999249887611,0.9999999227206372,0.9999999999450221,0.9999999227206366,0.9999999138448032,-1.0000000022878737,0.9999999839412792,-1.000000002287872,0.9999999839412775,0.9999999964032878,-0.9999999856721624,0.999999965601215,-0.9999999659273986,0.9999999656012147,-0.9999999659273962,-0.999999958599448,0.9999999343235598,-0.9999999585994467,0.9999999343235615,0.9999999883358026,0.999999941627559,0.9999999883358007,0.999999941627559,-0.9999999086030377,0.9999999017035772,0.999999901703578,-0.9999999086030352,0.9999999017035776,0.9999999017035786,-0.9999999583733491,-1.0000000100314554,-0.9999999583733467,-1.0000000100314557,-0.9999999565960305,0.9999999437909917,-0.9999999565960297,0.9999999437909893,-0.9999999119396298,-0.9999999119396268,-0.9999999119396278,-0.9999999119396283
-0.9999999371244022,0.9999999227206339,0.9999999227206331,0.9999999227206348,0.9999999138448006,-0.9999999249887587,0.9999999227206369,0.9999999227206366,0.9999999999450221,0.9999999138448042,-1.0000000022878754,0.9999999839412781,-1.0000000022878726,0.9999999839412779,0.9999999964032885,-0.9999999856721649,0.9999999656012168,-0.9999999659273974,0.999999965601215,-0.9999999659273974,-0.9999999585994479,0.9999999343235605,-0.9999999585994469,0.9999999343235618,0.9999999883358022,0.9999999416275581,0.9999999883358013,0.9999999416275595,-0.9999999086030382,0.9999999017035772,0.9999999017035769,-0.999999908603038,0.9999999017035776,0.9999999017035804,-0.9999999583733503,-1.0000000100314568,-0.9999999583733465,-1.0000000100314563,-0.9999999565960314,0.9999999437909917,-0.9999999565960308,0.9999999437909893,-0.9999999119396287,-0.9999999119396278,-0.9999999119396281,-0.9999999119396294
-0.9999999282477924,0.9999999138447991,0.9999999138447984,0.9999999138448006,0.9999999049682828,-0.9999999161121568,0.9999999138448048,0.9999999138448032,0.9999999138448042,0.9999999999323924,-0.9999999934099881,0.9999999750630293,-0.9999999934099867,0.9999999750630286,0.9999999875250303,-0.9999999767936117,0.9999999567230191,-0.9999999570490002,0.9999999567230204,-0.9999999570489981,-0.9999999497216806,0.9999999254457391,-0.999999949721681,0.9999999254457401,0.9999999794572625,0.9999999327495225,0.9999999794572632,0.9999999327495227,-0.9999998997258118,0.9999998928263313,0.9999998928263321,-0.9999998875901629,0.9999998928263321,0.9999998928263354,-0.9999999494951534,-1.0000000011532781,-0.9999999494951505,-1.0000000011532788,-0.9999999477177338,0.9999999349128874,-0.9999999477177333,0.9999999349128861,-0.9999999030621767,-0.9999999030621757,-0.9999999030621767,-0.9999999030621775
1.0000000166867125,-1.0000000022878692,-1.0000000022878686,-1.0000000022878701,-0.9999999934099846,1.0000000166867185,-1.0000000022878748,-1.0000000022878737,-1.0000000022878754,-0.9999999934099881,1.0000000000582363,-1.000000051373832,1.000000081859444,-1.0000000635094732,-1.0000000759788834,1.0000000652446743,-1.0000000451755533,1.0000000454995348,-1.0000000451755535,1.0000000454995324,1.000000038167596,-1.0000000138879719,1.0000000381675953,-1.0000000138879728,-1.0000000679074497,-1.000000021201026,-1.0000000679074486,-1.0000000212010256,0.9999999881663927,-0.9999999812685592,-0.9999999812685597,0.9999999881663912,-0.9999999812685596,-0.9999999812685616,1.0000000379467053,1.0000000896065946,1.0000000379467024,1.0000000896065944,1.0000000361664017,-1.0000000233639879,1.0000000361664012,-1.0000000233639856,0.9999999915049355,0.9999999915049347,0.9999999915049355,0.9999999915049357
-0.9999999983403252,0.999999983941274,0.9999999839412741,0.999999983941276,0.9999999750630277,-0.9999999983403296,0.999999983941279,0.9999999839412792,0.9999999839412781,0.9999999750630293,-1.000000051373832,1.0000000000321272,-1.000000063509474,1.0000000451598499,1.0000000576276378,-1.0000000468937902,1.0000000268246727,-1.000000027148906,1.0000000268246734,-1.000000027148905,-1.0000000076828677,0.9999999955396387,-1.0000000198185108,0.99999999553964,1.00000004955677,1.000000002850508,1.0000000495567685,1.000000002850508,-0.9999999698189916,0.9999999629207525,0.9999999629207518,-0.9999999698189896,0.9999999629207527,0.9999999629207551,-1.000000019596031,-1.0000000712555388,-1.0000000195960277,-1.0000000712555395,-1.0000000056806242,1.0000000050134905,-1.0000000178162631,1.000000005013488,-0.9999999731568151,-0.9999999731568141,-0.9999999731568145,-0.9999999731568159
1.0000000166867122,-1.0000000022878675,-1.0000000022878657,-1.0000000022878688,-0.9999999934099825,1.000000016686716,-1.0000000022878734,-1.000000002287872,-1.0000000022878726,-0.9999999934099867,1.000000081859444,-1.000000063509474,1.0000000000582363,-1.0000000513738314,-1.0000000759788816,1.0000000652446726,-1.0000000451755517,1.000000045499533,-1.0000000451755533,1.000000045499531,1.0000000381675958,-1.0000000138879694,1.0000000381675966,-1.0000000138879717,-1.0000000679074472,-1.000000021201025,-1.000000067907447,-1.0000000212010243,0.9999999881663916,-0.9999999812685577,-0.999999981268558,0.9999999881663891,-0.9999999812685596,-0.9999999812685605,1.0000000379467042,1.0000000896065941,1.0000000379467007,1.0000000896065937,1.000000036166399,-1.0000000233639865,1.0000000361663994,-1.000000023363983,0.9999999915049341,0.999999991504933,0.9999999915049343,0.9999999915049351
-0.9999999983403238,0.9999999839412727,0.9999999839412732,0.9999999839412738,0.9999999750630251,-0.9999999983403276,0.999999983941279,0.9999999839412775,0.9999999839412779,0.9999999750630286,-1.0000000635094732,1.0000000451598499,-1.0000000513738314,1.0000000000321272,1.000000057627635,-1.0000000468937882,1.000000026824671,-1.0000000271489051,1.0000000268246723,-1.000000027148903,-1.00000001981851,0.9999999955396358,-1.0000000076828686,0.9999999955396376,1.0000000495567671,1.0000000028505076,1.0000000495567667,1.0000000028505072,-0.9999999698189892,0.9999999629207507,0.999999962920751,-0.999999969818987,0.9999999629207521,0.9999999629207527,-1.0000000195960286,-1.000000071255538,-1.0000000195960268,-1.000000071255538,-1.0000000178162618,1.0000000050134896,-1.0000000056806173,1.0000000050134878,-0.9999999731568128,-0.9999999731568121,-0.999999973156813,-0.9999999731568127
-1.0000000108004163,0.9999999964032842,0.9999999964032839,0.9999999964032849,0.9999999875250266,-1.0000000108004214,0.9999999964032901,0.9999999964032878,0.9999999964032885,0.9999999875250303,-1.0000000759788834,1.0000000576276378,-1.0000000759788816,1.000000057627635,1.000000000049871,-1.0000000472297157,1.000000039296834,-1.0000000396199045,1.0000000392968333,-1.0000000396199038,-1.0000000322852536,1.0000000080037785,-1.0000000322852547,1.0000000080037799,1.000000062027675,1.000000015321704,1.000000062027675,1.000000015321706,-0.9999999822811353,0.9999999753840945,0.999999975384095,-0.9999999822811332,0.9999999753840966,0.9999999753840978,-1.0000000320674536,-1.000000083728156,-1.00000003206745,-1.000000083728156,-1.0000000302857583,1.0000000174844672,-1.0000000302857561,1.0000000174844657,-0.9999999856208216,-0.9999999856208192,-0.9999999856208207,-0.9999999856208218
1.0000000000695457,-0.99999998567216,-0.9999999856721594,-0.9999999856721619,-0.9999999767936086,1.0000000000695521,-0.9999999856721645,-0.9999999856721624,-0.9999999856721649,-0.9999999767936117,1.0000000652446743,-1.0000000468937902,1.0000000652446726,-1.0000000468937882,-1.0000000472297157,1.0000000000345968,-1.0000000164261307,1.0000000288851052,-1.000000016426128,1.0000000288851028,1.0000000215518876,-0.9999999972711379,1.000000021551889,-0.9999999972711388,-1.0000000512928322,-1.0000000045869826,-1.0000000512928293,-1.0000000045869817,0.9999999715493442,-0.9999999646519203,-0.9999999646519199,0.9999999715493436,-0.9999999646519198,-0.9999999646519214,1.0000000213325915,1.0000000729929257,1.0000000213325888,1.0000000729929257,1.0000000195514192,-1.0000000067497687,1.0000000195514192,-1.000000006749768,0.9999999748883575,0.9999999748883558,0.9999999748883575,0.9999999748883586
-0.9999999799987462,0.9999999656012106,0.9999999656012102,0.9999999656012123,0.999999956723018,-0.9999999799987526,0.9999999656012168,0.999999965601215,0.9999999656012168,0.9999999567230191,-1.0000000451755533,1.0000000268246727,-1.0000000451755517,1.000000026824671,1.000000039296834,-1.0000000164261307,1.0000000000060425,-0.999999996680787,1.0000000084931353,-1.0000000088164278,-1.0000000014824395,0.9999999772014183,-1.000000001482439,0.9999999772014186,1.0000000312241963,0.9999999845181671,1.0000000312241948,0.9999999845181671,-0.9999999514791147,0.9999999445818395,0.99999994458184,-0.9999999514791128,0.9999999445818405,0.9999999445818422,-1.0000000012638621,-1.0000000529242998,-1.0000000012638595,-1.0000000529242987,-0.9999999994825278,0.999999986680951,-0.9999999994825262,0.9999999866809491,-0.9999999548184522,-0.9999999548184519,-0.9999999548184516,-0.9999999548184525
0.9999999803251407,-0.9999999659273935,-0.999999965927393,-0.9999999659273956,-0.9999999570489978,0.9999999803251451,-0.9999999659273993,-0.9999999659273986,-0.9999999659273974,-0.9999999570490002,1.0000000454995348,-1.000000027148906,1.000000045499533,-1.0000000271489051,-1.0000000396199045,1.0000000288851052,-0.999999996680787,1.0000000000065021,-1.0000000088164303,1.000000009139923,1.0000000018070232,-0.9999999775265569,1.0000000018070234,-0.9999999775265584,-1.0000000194120315,-0.9999999727060643,-1.0000000315476762,-0.9999999848417099,0.9999999518048588,-0.9999999449073098,-0.9999999449073089,0.9999999518048563,-0.9999999449073087,-0.9999999449073115,1.0000000015873185,1.0000000532475057,1.000000001587315,1.0000000532475062,0.9999999998063743,-0.9999999870045266,0.9999999998063741,-0.9999999870045242,0.9999999551437159,0.9999999551437138,0.9999999551437154,0.9999999551437159
-0.9999999799987485,0.999999965601212,0.9999999656012104,0.9999999656012126,0.9999999567230178,-0.9999999799987513,0.9999999656012177,0.9999999656012147,0.999999965601215,0.9999999567230204,-1.0000000451755535,1.0000000268246734,-1.0000000451755533,1.0000000268246723,1.0000000392968333,-1.000000016426128,1.0000000084931353,-1.0000000088164303,1.0000000000060425,-0.9999999966807881,-1.0000000014824395,0.99999997720142,-1.0000000014824393,0.9999999772014208,1.0000000312241957,0.9999999845181676,1.0000000312241961,0.9999999845181685,-0.9999999514791155,0.9999999445818418,0.9999999445818412,-0.9999999514791132,0.9999999445818405,0.9999999445818422,-1.0000000012638637,-1.0000000529242998,-1.0000000012638608,-1.0000000529243,-0.9999999994825273,0.9999999866809524,-0.9999999994825277,0.9999999866809501,-0.9999999548184532,-0.9999999548184507,-0.9999999548184535,-0.9999999548184533
0.9999999803251395,-0.9999999659273913,-0.9999999659273914,-0.9999999659273938,-0.9999999570489959,0.9999999803251438,-0.9999999659273995,-0.9999999659273962,-0.9999999659273974,-0.9999999570489981,1.0000000454995324,-1.000000027148905,1.000000045499531,-1.000000027148903,-1.0000000396199038,1.0000000288851028,-1.0000000088164278,1.000000009139923,-0.9999999966807881,1.0000000000065021,1.0000000018070219,-0.9999999775265541,1.0000000018070205,-0.9999999775265571,-1.000000031547676,-0.9999999848417096,-1.0000000194120342,-0.9999999727060632,0.9999999518048568,-0.9999999449073059,-0.999999944907307,0.9999999518048543,-0.9999999449073078,-0.9999999449073093,1.0000000015873152,1.0000000532475048,1.000000001587314,1.0000000532475055,0.9999999998063726,-0.9999999870045259,0.9999999998063726,-0.9999999870045233,0.9999999551437145,0.9999999551437121,0.9999999551437152,0.9999999551437152
0.9999999729993482,-0.9999999585994442,-0.9999999585994426,-0.9999999585994461,-0.9999999497216789,0.999999972999354,-0.999999958599448,-0.999999958599448,-0.9999999585994479,-0.9999999497216806,1.000000038167596,-1.0000000076828677,1.0000000381675958,-1.00000001981851,-1.0000000322852536,1.0000000215518876,-1.0000000014824395,1.0000000018070232,-1.0000000014824395,1.0000000018070219,0.9999999999960705,-0.9999999580631135,0.9999999944770899,-0.9999999701987587,-1.000000024214985,-0.999999977508371,-1.0000000242149842,-0.999999977508371,0.9999999444780991,-0.999999937579663,-0.9999999375796632,0.9999999444780973,-0.9999999375796648,-0.9999999375796661,0.999999994253941,1.000000045913202,0.9999999942539394,1.000000045913202,0.999999992474618,-0.9999999796714385,0.999999992474617,-0.9999999796714361,0.9999999478157346,0.9999999478157333,0.9999999478157344,0.999999947815736
-0.99999994872434,0.9999999343235547,0.9999999343235545,0.9999999343235579,0.9999999254457369,-0.9999999487243442,0.9999999343235615,0.9999999343235598,0.9999999343235605,0.9999999254457391,-1.0000000138879719,0.9999999955396387,-1.0000000138879694,0.9999999955396358,1.0000000080037785,-0.9999999972711379,0.9999999772014183,-0.9999999775265569,0.99999997720142,-0.9999999775265541,-0.9999999580631135,0.9999999999615276,-0.9999999701987574,0.999999945921696,0.9999999999345613,0.9999999532278314,0.9999999999345619,0.9999999532278309,-0.9999999202020458,0.9999999133030301,0.9999999133030298,-0.9999999202020434,0.9999999133030298,0.9999999133030314,-0.9999999699732887,-1.000000021631985,-0.9999999699732854,-1.0000000216319842,-0.9999999681948952,0.9999999553910079,-0.9999999681948947,0.9999999553910055,-0.9999999114031206,-0.9999999114031239,-0.999999923538763,-0.9999999235387647
0.9999999729993477,-0.999999958599442,-0.9999999585994412,-0.9999999585994439,-0.9999999497216767,0.999999972999354,-0.9999999585994472,-0.9999999585994467,-0.9999999585994469,-0.999999949721681,1.0000000381675953,-1.0000000198185108,1.0000000381675966,-1.0000000076828686,-1.0000000322852547,1.000000021551889,-1.000000001482439,1.0000000018070234,-1.0000000014824393,1.0000000018070205,0.9999999944770899,-0.9999999701987574,0.9999999999960705,-0.9999999580631126,-1.0000000242149854,-0.99999997750837,-1.0000000242149822,-0.99999997750837,0.9999999444780981,-0.9999999375796621,-0.9999999375796621,0.9999999444780974,-0.9999999375796627,-0.9999999375796649,0.9999999942539394,1.000000045913201,0.9999999942539377,1.0000000459132008,0.9999999924746161,-0.9999999796714376,0.9999999924746159,-0.9999999796714355,0.9999999478157358,0.9999999478157333,0.9999999478157333,0.9999999478157349
-0.999999948724341,0.9999999343235567,0.999999934323556,0.9999999343235575,0.9999999254457388,-0.9999999487243451,0.9999999343235635,0.9999999343235615,0.9999999343235618,0.9999999254457401,-1.0000000138879728,0.99999999553964,-1.0000000138879717,0.9999999955396376,1.0000000080037799,-0.9999999972711388,0.9999999772014186,-0.9999999775265584,0.9999999772014208,-0.9999999775265571,-0.9999999701987587,0.999999945921696,-0.9999999580631126,0.9999999999615276,0.9999999999345633,0.9999999532278325,0.999999999934562,0.9999999532278324,-0.9999999202020474,0.9999999133030314,0.9999999133030317,-0.9999999202020455,0.999999913303032,0.9999999133030335,-0.9999999699732891,-1.0000000216319866,-0.9999999699732864,-1.0000000216319862,-0.9999999681948974,0.9999999553910092,-0.999999968194895,0.9999999553910074,-0.9999999235387644,-0.9999999235387644,-0.9999999114031238,-0.9999999114031198
-1.0000000027334415,0.9999999883357981,0.9999999883357973,0.9999999883357992,0.9999999794572604,-1.0000000027334466,0.9999999883358026,0.9999999883358026,0.9999999883358022,0.9999999794572625,-1.0000000679074497,1.00000004955677,-1.0000000679074472,1.0000000495567671,1.000000062027675,-1.0000000512928322,1.0000000312241963,-1.0000000194120315,1.0000000312241957,-1.000000031547676,-1.000000024214985,0.9999999999345613,-1.0000000242149854,0.9999999999345633,1.0000000000383846,1.0000000072495234,1.000000053955422,1.0000000072495219,-0.9999999742130017,0.999999967315429,0.9999999673154286,-0.9999999742129998,0.9999999673154297,0.9999999673154298,-1.0000000118594652,-1.0000000635196589,-1.0000000239951081,-1.0000000756553054,-1.0000000222141805,1.0000000094123416,-1.0000000222141796,1.00000000941234,-0.9999999775517912,-0.9999999775517894,-0.999999977551789,-0.9999999775517918
-0.9999999560255952,0.9999999416275538,0.9999999416275539,0.9999999416275558,0.9999999327495206,-0.9999999560256011,0.99999994162756,0.999999941627559,0.9999999416275581,0.9999999327495225,-1.000000021201026,1.000000002850508,-1.000000021201025,1.0000000028505076,1.000000015321704,-1.0000000045869826,0.9999999845181671,-0.9999999727060643,0.9999999845181676,-0.9999999848417096,-0.999999977508371,0.9999999532278314,-0.99999997750837,0.9999999532278325,1.0000000072495234,0.9999999999719295,1.000000007249522,0.9999999605433424,-0.9999999275057544,0.9999999206082769,0.9999999206082771,-0.9999999275057533,0.9999999206082771,0.9999999206082791,-0.9999999772890276,-1.0000000289492443,-0.9999999772890241,-1.0000000289492448,-0.9999999633724176,0.999999962706182,-0.9999999755080616,0.9999999627061805,-0.9999999308448153,-0.999999930844814,-0.9999999308448143,-0.999999930844816
-1.000000002733441,0.999999988335796,0.9999999883357964,0.9999999883357986,0.9999999794572594,-1.0000000027334452,0.9999999883358041,0.9999999883358007,0.9999999883358013,0.9999999794572632,-1.0000000679074486,1.0000000495567685,-1.000000067907447,1.0000000495567667,1.000000062027675,-1.0000000512928293,1.0000000312241948,-1.0000000315476762,1.0000000312241961,-1.0000000194120342,-1.0000000242149842,0.9999999999345619,-1.0000000242149822,0.999999999934562,1.000000053955422,1.000000007249522,1.0000000000383846,1.0000000072495219,-0.9999999742130012,0.9999999673154271,0.9999999673154284,-0.9999999742129994,0.999999967315429,0.9999999673154308,-1.00000002399511,-1.000000075655305,-1.000000011859465,-1.0000000635196613,-1.0000000222141792,1.0000000094123416,-1.0000000222141796,1.0000000094123391,-0.9999999775517899,-0.9999999775517879,-0.9999999775517898,-0.9999999775517899
-0.9999999560255957,0.9999999416275552,0.9999999416275538,0.9999999416275562,0.9999999327495216,-0.9999999560256003,0.9999999416275595,0.999999941627559,0.9999999416275595,0.9999999327495227,-1.0000000212010256,1.000000002850508,-1.0000000212010243,1.0000000028505072,1.000000015321706,-1.0000000045869817,0.9999999845181671,-0.9999999848417099,0.9999999845181685,-0.9999999727060632,-0.999999977508371,0.9999999532278309,-0.99999997750837,0.9999999532278324,1.0000000072495219,0.9999999605433424,1.0000000072495219,0.9999999999719295,-0.9999999275057541,0.9999999206082772,0.9999999206082772,-0.9999999275057522,0.9999999206082769,0.9999999206082789,-0.9999999772890271,-1.0000000289492448,-0.9999999772890253,-1.0000000289492434,-0.9999999755080612,0.9999999627061816,-0.9999999633724134,0.9999999627061795,-0.9999999308448149,-0.9999999308448121,-0.9999999308448149,-0.9999999308448156
0.999999923005189,-0.9999999086030333,-0.9999999086030337,-0.9999999086030352,-0.9999998875901681,0.9999999230051945,-0.9999999086030399,-0.9999999086030377,-0.9999999086030382,-0.9999998997258118,0.9999999881663927,-0.9999999698189916,0.9999999881663916,-0.9999999698189892,-0.9999999822811353,0.9999999715493442,-0.9999999514791147,0.9999999518048588,-0.9999999514791155,0.9999999518048568,0.9999999444780991,-0.9999999202020458,0.9999999444780981,-0.9999999202020474,-0.9999999742130017,-0.9999999275057544,-0.9999999742130012,-0.9999999275057541,0.9999999999249326,-0.999999875447546,-0.9999998754475509,0.9999998944826473,-0.9999998875831949,-0.9999998875831966,0.9999999442512506,0.9999999959094615,0.9999999442512479,0.9999999959094618,0.9999999424736682,-0.9999999296690614,0.999999942473666,-0.9999999296690592,0.9999998978188537,0.9999998978188522,0.9999998978188536,0.9999998978188547
-0.9999999161052483,0.9999999017035713,0.9999999017035729,0.9999999017035732,0.9999998928263296,-0.9999999161052533,0.9999999017035778,0.9999999017035772,0.9999999017035772,0.9999998928263313,-0.9999999812685592,0.9999999629207525,-0.9999999812685577,0.9999999629207507,0.9999999753840945,-0.9999999646519203,0.9999999445818395,-0.9999999449073098,0.9999999445818418,-0.9999999449073059,-0.999999937579663,0.9999999133030301,-0.9999999375796621,0.9999999133030314,0.999999967315429,0.9999999206082769,0.9999999673154271,0.9999999206082772,-0.999999875447546,0.9999999999151163,0.9999998806840296,-0.9999998875831928,0.9999998806840315,0.9999998806840323,-0.9999999373538174,-0.9999999890123126,-0.999999937353816,-0.9999999890123135,-0.9999999355757967,0.9999999227715362,-0.9999999355757947,0.999999922771533,-0.9999998787841854,-0.9999998909198319,-0.9999998909198338,-0.9999998909198338
-0.9999999161052473,0.9999999017035712,0.9999999017035721,0.9999999017035734,0.99999989282633,-0.999999916105252,0.9999999017035781,0.999999901703578,0.9999999017035769,0.9999998928263321,-0.9999999812685597,0.9999999629207518,-0.999999981268558,0.999999962920751,0.999999975384095,-0.9999999646519199,0.99999994458184,-0.9999999449073089,0.9999999445818412,-0.999999944907307,-0.9999999375796632,0.9999999133030298,-0.9999999375796621,0.9999999133030317,0.9999999673154286,0.9999999206082771,0.9999999673154284,0.9999999206082772,-0.9999998754475509,0.9999998806840296,0.9999999999151163,-0.9999998875831922,0.9999998806840307,0.9999998806840309,-0.9999999373538169,-0.999999989012312,-0.9999999373538133,-0.9999999890123121,-0.9999999355757956,0.9999999227715357,-0.999999935575795,0.999999922771533,-0.9999998909198341,-0.9999998787841842,-0.9999998909198328,-0.9999998909198343
0.9999999230051877,-0.9999999086030322,-0.9999999086030322,-0.9999999086030341,-0.9999998997258077,0.9999999230051912,-0.9999999086030382,-0.9999999086030352,-0.999999908603038,-0.9999998875901629,0.9999999881663912,-0.9999999698189896,0.9999999881663891,-0.999999969818987,-0.9999999822811332,0.9999999715493436,-0.9999999514791128,0.9999999518048563,-0.9999999514791132,0.9999999518048543,0.9999999444780973,-0.9999999202020434,0.9999999444780974,-0.9999999202020455,-0.9999999742129998,-0.9999999275057533,-0.9999999742129994,-0.9999999275057522,0.9999998944826473,-0.9999998875831928,-0.9999998875831922,0.9999999999249326,-0.9999998754475424,-0.9999998754475479,0.9999999442512474,0.9999999959094591,0.9999999442512447,0.9999999959094593,0.999999942473665,-0.9999999296690594,0.9999999424736644,-0.9999999296690567,0.9999998978188512,0.9999998978188496,0.9999998978188503,0.9999998978188533
-0.9999999161052494,0.9999999017035723,0.9999999017035723,0.9999999017035744,0.9999998928263296,-0.9999999161052526,0.9999999017035789,0.9999999017035776,0.9999999017035776,0.9999998928263321,-0.9999999812685596,0.9999999629207527,-0.9999999812685596,0.9999999629207521,0.9999999753840966,-0.9999999646519198,0.9999999445818405,-0.9999999449073087,0.9999999445818405,-0.9999999449073078,-0.9999999375796648,0.9999999133030298,-0.9999999375796627,0.999999913303032,0.9999999673154297,0.9999999206082771,0.999999967315429,0.9999999206082769,-0.9999998875831949,0.9999998806840315,0.9999998806840307,-0.9999998754475424,0.9999999999151163,0.9999998806840337,-0.9999999373538195,-0.9999999890123121,-0.9999999373538163,-0.9999999890123132,-0.9999999355757965,0.9999999227715359,-0.999999935575795,0.9999999227715335,-0.9999998909198344,-0.9999998909198319,-0.9999998787841909,-0.9999998909198343
-0.9999999161052492,0.999999901703574,0.9999999017035742,0.999999901703577,0.9999998928263307,-0.9999999161052548,0.9999999017035799,0.9999999017035786,0.9999999017035804,0.9999998928263354,-0.9999999812685616,0.9999999629207551,-0.9999999812685605,0.9999999629207527,0.9999999753840978,-0.9999999646519214,0.9999999445818422,-0.9999999449073115,0.9999999445818422,-0.9999999449073093,-0.9999999375796661,0.9999999133030314,-0.9999999375796649,0.9999999133030335,0.9999999673154298,0.9999999206082791,0.9999999673154308,0.9999999206082789,-0.9999998875831966,0.9999998806840323,0.9999998806840309,-0.9999998754475479,0.9999998806840337,0.9999999999151163,-0.9999999373538192,-0.9999999890123145,-0.9999999373538173,-0.9999999890123151,-0.9999999355757989,0.9999999227715384,-0.9999999355757971,0.9999999227715355,-0.9999998909198341,-0.9999998909198352,-0.9999998909198352,-0.9999998787841882
0.9999999727711484,-0.999999958373345,-0.9999999583733447,-0.9999999583733469,-0.9999999494951517,0.9999999727711532,-0.9999999583733512,-0.9999999583733491,-0.9999999583733503,-0.9999999494951534,1.0000000379467053,-1.000000019596031,1.0000000379467042,-1.0000000195960286,-1.0000000320674536,1.0000000213325915,-1.0000000012638621,1.0000000015873185,-1.0000000012638637,1.0000000015873152,0.999999994253941,-0.9999999699732887,0.9999999942539394,-0.9999999699732891,-1.0000000118594652,-0.9999999772890276,-1.00000002399511,-0.9999999772890271,0.9999999442512506,-0.9999999373538174,-0.9999999373538169,0.9999999442512474,-0.9999999373538195,-0.9999999373538192,0.9999999999957558,1.0000000456949933,0.9999999940346973,1.0000000456949931,0.9999999922536319,-0.9999999673162095,0.9999999922536315,-0.9999999794518506,0.9999999475903419,0.9999999475903426,0.9999999475903409,0.9999999475903444
1.000000024428859,-1.0000000100314514,-1.0000000100314506,-1.000000010031454,-1.0000000011532761,1.0000000244288647,-1.0000000100314577,-1.0000000100314554,-1.0000000100314568,-1.0000000011532781,1.0000000896065946,-1.0000000712555388,1.0000000896065941,-1.000000071255538,-1.000000083728156,1.0000000729929257,-1.0000000529242998,1.0000000532475057,-1.0000000529242998,1.0000000532475048,1.000000045913202,-1.000000021631985,1.000000045913201,-1.0000000216319866,-1.0000000635196589,-1.0000000289492443,-1.000000075655305,-1.0000000289492448,0.9999999959094615,-0.9999999890123126,-0.999999989012312,0.9999999959094591,-0.9999999890123121,-0.9999999890123145,1.0000000456949933,1.0000000000692602,1.0000000456949896,1.0000000973555876,1.0000000439134946,-1.0000000311120398,1.0000000439134935,-1.0000000311120376,0.9999999992489995,0.9999999992489982,0.9999999992489993,0.9999999992490006
0.999999972771144,-0.9999999583733412,-0.9999999583733423,-0.9999999583733437,-0.9999999494951483,0.9999999727711497,-0.9999999583733469,-0.9999999583733467,-0.9999999583733465,-0.9999999494951505,1.0000000379467024,-1.0000000195960277,1.0000000379467007,-1.0000000195960268,-1.00000003206745,1.0000000213325888,-1.0000000012638595,1.000000001587315,-1.0000000012638608,1.000000001587314,0.9999999942539394,-0.9999999699732854,0.9999999942539377,-0.9999999699732864,-1.0000000239951081,-0.9999999772890241,-1.000000011859465,-0.9999999772890253,0.9999999442512479,-0.999999937353816,-0.9999999373538133,0.9999999442512447,-0.9999999373538163,-0.9999999373538173,0.9999999940346973,1.0000000456949896,0.9999999999957558,1.0000000456949905,0.99999999225363,-0.9999999794518505,0.9999999922536285,-0.9999999673162032,0.9999999475903398,0.9999999475903377,0.9999999475903393,0.9999999475903415
1.0000000244288603,-1.0000000100314508,-1.000000010031451,-1.000000010031453,-1.0000000011532761,1.0000000244288643,-1.0000000100314577,-1.0000000100314557,-1.0000000100314563,-1.0000000011532788,1.0000000896065944,-1.0000000712555395,1.0000000896065937,-1.000000071255538,-1.000000083728156,1.0000000729929257,-1.0000000529242987,1.0000000532475062,-1.0000000529243,1.0000000532475055,1.000000045913202,-1.0000000216319842,1.0000000459132008,-1.0000000216319862,-1.0000000756553054,-1.0000000289492448,-1.0000000635196613,-1.0000000289492434,0.9999999959094618,-0.9999999890123135,-0.9999999890123121,0.9999999959094593,-0.9999999890123132,-0.9999999890123151,1.0000000456949931,1.0000000973555876,1.0000000456949905,1.0000000000692602,1.0000000439134953,-1.0000000311120392,1.0000000439134944,-1.0000000311120374,0.9999999992489998,0.9999999992489972,0.9999999992489993,0.9999999992490007
0.9999999709944125,-0.9999999565960279,-0.9999999565960265,-0.9999999565960286,-0.9999999477177322,0.9999999709944185,-0.9999999565960321,-0.9999999565960305,-0.9999999565960314,-0.9999999477177338,1.0000000361664017,-1.0000000056806242,1.000000036166399,-1.0000000178162618,-1.0000000302857583,1.0000000195514192,-0.9999999994825278,0.9999999998063743,-0.9999999994825273,0.9999999998063726,0.999999992474618,-0.9999999681948952,0.9999999924746161,-0.9999999681948974,-1.0000000222141805,-0.9999999633724176,-1.0000000222141792,-0.9999999755080612,0.9999999424736682,-0.9999999355757967,-0.9999999355757956,0.999999942473665,-0.9999999355757965,-0.9999999355757989,0.9999999922536319,1.0000000439134946,0.99999999225363,1.0000000439134953,0.9999999999932223,-0.999999965535313,0.9999999904732444,-0.9999999776709535,0.9999999458120498,0.9999999458120492,0.9999999458120484,0.99999994581205
-0.9999999581890396,0.9999999437909879,0.9999999437909863,0.9999999437909879,0.9999999349128863,-0.9999999581890447,0.9999999437909917,0.9999999437909917,0.9999999437909917,0.9999999349128874,-1.0000000233639879,1.0000000050134905,-1.0000000233639865,1.0000000050134896,1.0000000174844672,-1.0000000067497687,0.999999986680951,-0.9999999870045266,0.9999999866809524,-0.9999999870045259,-0.9999999796714385,0.9999999553910079,-0.9999999796714376,0.9999999553910092,1.0000000094123416,0.999999962706182,1.0000000094123416,0.9999999627061816,-0.9999999296690614,0.9999999227715362,0.9999999227715357,-0.9999999296690594,0.9999999227715359,0.9999999227715384,-0.9999999673162095,-1.0000000311120398,-0.9999999794518505,-1.0000000311120392,-0.999999965535313,0.9999999999750074,-0.9999999776709559,0.9999999648690284,-0.9999999330080314,-0.999999933008031,-0.9999999330080314,-0.9999999330080327
0.9999999709944117,-0.9999999565960259,-0.9999999565960248,-0.9999999565960268,-0.9999999477177306,0.9999999709944175,-0.9999999565960319,-0.9999999565960297,-0.9999999565960308,-0.9999999477177333,1.0000000361664012,-1.0000000178162631,1.0000000361663994,-1.0000000056806173,-1.0000000302857561,1.0000000195514192,-0.9999999994825262,0.9999999998063741,-0.9999999994825277,0.9999999998063726,0.999999992474617,-0.9999999681948947,0.9999999924746159,-0.999999968194895,-1.0000000222141796,-0.9999999755080616,-1.0000000222141796,-0.9999999633724134,0.999999942473666,-0.9999999355757947,-0.999999935575795,0.9999999424736644,-0.999999935575795,-0.9999999355757971,0.9999999922536315,1.0000000439134935,0.9999999922536285,1.0000000439134944,0.9999999904732444,-0.9999999776709559,0.9999999999932223,-0.9999999655353111,0.9999999458120497,0.9999999458120487,0.9999999458120491,0.9999999458120497
-0.9999999581890372,0.9999999437909858,0.9999999437909841,0.9999999437909863,0.9999999349128836,-0.9999999581890431,0.9999999437909893,0.9999999437909893,0.9999999437909893,0.9999999349128861,-1.0000000233639856,1.000000005013488,-1.000000023363983,1.0000000050134878,1.0000000174844657,-1.000000006749768,0.9999999866809491,-0.9999999870045242,0.9999999866809501,-0.9999999870045233,-0.9999999796714361,0.9999999553910055,-0.9999999796714355,0.9999999553910074,1.00000000941234,0.9999999627061805,1.0000000094123391,0.9999999627061795,-0.9999999296690592,0.999999922771533,0.999999922771533,-0.9999999296690567,0.9999999227715335,0.9999999227715355,-0.9999999794518506,-1.0000000311120376,-0.9999999673162032,-1.0000000311120374,-0.9999999776709535,0.9999999648690284,-0.9999999655353111,0.9999999999750074,-0.9999999330080289,-0.9999999330080277,-0.9999999330080286,-0.9999999330080297
0.9999999263408333,-0.9999999119396235,-0.9999999119396248,-0.9999999119396248,-0.9999999030621748,0.999999926340838,-0.9999999119396308,-0.9999999119396298,-0.9999999119396287,-0.9999999030621767,0.9999999915049355,-0.9999999731568151,0.9999999915049341,-0.9999999731568128,-0.9999999856208216,0.9999999748883575,-0.9999999548184522,0.9999999551437159,-0.9999999548184532,0.9999999551437145,0.9999999478157346,-0.9999999114031206,0.9999999478157358,-0.9999999235387644,-0.9999999775517912,-0.9999999308448153,-0.9999999775517899,-0.9999999308448149,0.9999998978188537,-0.9999998787841854,-0.9999998909198341,0.9999998978188512,-0.9999998909198344,-0.9999998909198341,0.9999999475903419,0.9999999992489995,0.9999999475903398,0.9999999992489998,0.9999999458120498,-0.9999999330080314,0.9999999458120497,-0.9999999330080289,0.99999999992968,0.9999999011556594,0.9999999011556597,0.9999999011556608
0.9999999263408328,-0.9999999119396246,-0.9999999119396227,-0.9999999119396257,-0.9999999030621712,0.9999999263408369,-0.9999999119396291,-0.9999999119396268,-0.9999999119396278,-0.9999999030621757,0.9999999915049347,-0.9999999731568141,0.999999991504933,-0.9999999731568121,-0.9999999856208192,0.9999999748883558,-0.9999999548184519,0.9999999551437138,-0.9999999548184507,0.9999999551437121,0.9999999478157333,-0.9999999114031239,0.9999999478157333,-0.9999999235387644,-0.9999999775517894,-0.999999930844814,-0.9999999775517879,-0.9999999308448121,0.9999998978188522,-0.9999998909198319,-0.9999998787841842,0.9999998978188496,-0.9999998909198319,-0.9999998909198352,0.9999999475903426,0.9999999992489982,0.9999999475903377,0.9999999992489972,0.9999999458120492,-0.999999933008031,0.9999999458120487,-0.9999999330080277,0.9999999011556594,0.99999999992968,0.9999999011556576,0.9999999011556594
