1.00000000040606,-1.000002668874859,-1.0000026688748538,-1.0000014842370333,-1.0000015358604775,0.8768523680029063,0.8768387439746304,1.000001036048879,1.0000010360488787,0.8978659503589517,-0.89786610115633,-0.897866080752141,0.8978665776255863,0.8978667522617859,-0.9997392227663494,0.9997395044219516,0.999739363541472,-0.9997401060165457,-0.9997401285515306,0.15683397573757477,-0.5941361501821917,-0.8978675739270585,-0.612339765480391,-0.8344857109706248,0.675070586584744,-0.7332607764747555,0.7865187285176116,-1.0000011295198579,-1.0000011295198576,1.0000011540084441
-1.000002668874859,1.0000000022206788,1.0000031107182443,1.0000019840283694,1.0000019364821744,-0.876854086489321,-0.8768394109196317,-1.00000224518195,-1.0000022451819504,-0.8978667576098248,0.897866898202742,0.8978668932790433,-0.8978673797827901,-0.8978675307330884,0.9997406323155374,-0.9997409143302995,-0.9997407732504121,0.9997415159442927,0.9997415421596769,-0.1568330970701664,0.5941360869218367,0.897868355514354,0.6123397364298476,0.8344862445850657,-0.6750706988845872,0.7332610313677744,-0.7865191246720389,1.0000023264550382,1.0000023264550368,-1.0000023467622143
-1.0000026688748538,1.0000031107182443,1.0000000022206788,1.0000019840283672,1.000001936482171,-0.8768540864893191,-0.8768394109196284,-1.0000022451819464,-1.0000022451819477,-0.8978667576098202,0.8978668982027375,0.897866893279039,-0.8978673797827856,-0.8978675307330842,0.9997406323155348,-0.9997409143302972,-0.9997407732504094,0.9997415159442906,0.9997415421596746,-0.1568330970701624,0.5941360869218326,0.8978683555143502,0.6123397364298425,0.8344862445850604,-0.6750706988845832,0.7332610313677705,-0.7865191246720347,1.000002326455035,1.0000023264550337,-1.0000023467622121
-1.0000014842370333,1.0000019840283694,1.0000019840283672,0.9999999999745418,1.000001405786098,-0.8768472616232983,-0.8768434479285575,-1.0000019975100107,-1.0000019975100103,-0.8978682341412761,0.8978685489093186,0.8978682819683187,-0.8978689460759111,-0.8978695124274464,0.9997375109027595,-0.9997377835880409,-0.999737652399975,0.9997383949053821,0.999738361800876,-0.15684378499891347,0.5941432771004627,0.8978702774783097,0.6123469292019406,0.8344902563769669,-0.6750771195393792,0.7332666546396113,-0.7865239395457531,1.0000022566527969,1.0000022566527957,-1.0000023377699139
-1.0000015358604775,1.0000019364821744,1.000001936482171,1.000001405786098,1.0000000002683285,-0.8768570356387774,-0.8768360516511434,-1.000001329490529,-1.0000013294905299,-0.8978645404892672,0.8978645567820479,0.8978647385619895,-0.897865098052826,-0.8978649516297189,0.9997407594051085,-0.9997410488235638,-0.9997408990816241,0.9997416418984684,0.9997417091116637,-0.1568266826459759,0.594131001054296,0.8978658198945781,0.6123345602733021,0.8344825166081393,-0.6750658740477737,0.7332565692120132,-0.786515030682212,1.0000004687213575,1.0000004687213562,-1.0000004500028827
0.8768523680029063,-0.876854086489321,-0.8768540864893191,-0.8768472616232983,-0.8768570356387774,0.9999999967193907,0.5377149695374833,0.8768593173107028,0.8768593173107034,0.5756254829694811,-0.5756269365509614,-0.575624819492994,0.5756265674595917,0.5756298106545367,-0.8875882447174691,0.8875878534671937,0.8875887123935599,-0.8875889199326099,-0.8875877903975077,-0.3372874675984261,-0.13426348342831973,-0.5756298400423095,-0.1568462433930423,-0.4668064981898972,0.23725494728580546,-0.3160691376547573,0.392758408130327,-0.8768606314718448,-0.8768606314718438,0.8768610707297456
0.8768387439746304,-0.8768394109196317,-0.8768394109196284,-0.8768434479285575,-0.8768360516511434,0.5377149695374833,0.9999999993986113,0.8768350939389086,0.8768350939389076,0.9989593795673704,-0.9989586495409661,-0.998960040121823,0.99895963184768,0.9989577899219829,-0.865639442792948,0.8656403040993405,0.8656392233467766,-0.8656403178959103,-0.8656421619094515,0.6123524685295266,-0.9076871695422036,-0.9989590436396263,-0.9170288208078211,-0.9966362676591709,0.9466279204824614,-0.9698594286828752,0.986566202973208,-0.876834414261492,-0.8768344142614904,0.8768341787943006
1.000001036048879,-1.00000224518195,-1.0000022451819464,-1.0000019975100107,-1.000001329490529,0.8768593173107028,0.8768350939389086,1.000000000384827,1.0000005401613155,0.8978641471361143,-0.897864104896598,-0.8978643746567042,0.8978646744327132,0.8978643882565173,-0.9997416928642808,0.9997419856494242,0.9997418320568866,-0.9997425749948771,-0.9997426617974382,0.15682351052992732,-0.5941288856499489,-0.897865276970012,-0.6123324254325212,-0.8344813261966257,0.6750639721927941,-0.7332549052042039,0.7865136053969364,-1.000001280268519,-1.000000452670954,1.0000004154341486
1.0000010360488787,-1.0000022451819504,-1.0000022451819477,-1.0000019975100103,-1.0000013294905299,0.8768593173107034,0.8768350939389076,1.0000005401613155,1.000000000384827,0.897864147136114,-0.8978641048965978,-0.8978643746567049,0.8978646744327136,0.8978643882565179,-0.9997416928642814,0.9997419856494242,0.9997418320568879,-0.9997425749948788,-0.9997426617974391,0.1568235105299265,-0.5941288856499488,-0.8978652769700123,-0.6123324254325205,-0.834481326196625,0.6750639721927936,-0.7332549052042037,0.7865136053969357,-1.0000004526709572,-1.0000012802685192,1.0000004154341495
0.8978659503589517,-0.8978667576098248,-0.8978667576098202,-0.8978682341412761,-0.8978645404892672,0.5756254829694811,0.9989593795673704,0.8978641471361143,0.897864147136114,1.0000000005788363,-1.0000012435510377,-1.0000021212258985,1.0000012458738037,1.0000001569152768,-0.8875829270767447,0.8875837214459156,0.8875827475972239,-0.8875837951431635,-0.8875854489303387,0.5756430338688394,-0.887595015988458,-1.000001327920073,-0.8978769094198094,-0.9918594881232922,0.9309361447334938,-0.9577327031366467,0.9780862732214581,-0.8978638174932506,-0.897863817493249,0.8978637013615153
-0.89786610115633,0.897866898202742,0.8978668982027375,0.8978685489093186,0.8978645567820479,-0.5756269365509614,-0.9989586495409661,-0.897864104896598,-0.8978641048965978,-1.0000012435510377,0.999999999991841,1.000000914356204,-1.0000016605392517,-1.0000005014059135,0.8875834497767208,-0.8875842466351053,-0.8875832693147986,0.8875843198785613,0.8875859774995909,-0.5756409180616762,0.887593559182944,1.0000008515378833,0.8978754299420846,0.9918586079862673,-0.9309348203385746,0.9577315302558317,-0.9780852477126445,0.897863738564098,0.8978637385640956,-0.8978636098746806
-0.897866080752141,0.8978668932790433,0.897866893279039,0.8978682819683187,0.8978647385619895,-0.575624819492994,-0.998960040121823,-0.8978643746567042,-0.8978643746567049,-1.0000021212258985,1.000000914356204,1.0000000012610908,-1.0000017370758203,-1.0000006849728167,0.8875828649452405,-0.8875836579634373,-0.8875826860141272,0.8875837320371477,0.887585383715866,-0.5756443579172058,0.887596054959779,1.0000018523876952,0.8978779627540896,0.9918602308773825,-0.9309371201516344,0.9577336009890046,-0.9780870939290284,0.8978640634408768,0.8978640634408751,-0.89786395361591
0.8978665776255863,-0.8978673797827901,-0.8978673797827856,-0.8978689460759111,-0.897865098052826,0.5756265674595917,0.99895963184768,0.8978646744327132,0.8978646744327136,1.0000012458738037,-1.0000016605392517,-1.0000017370758203,1.000000001192098,1.0000005427392507,-0.8875837392872563,0.8875845351137163,0.8875835591642618,-0.8875846086041822,-0.8875862638662063,0.5756423404460905,-0.8875948489771817,-1.0000017171500504,-0.8978767296515912,-0.9918596626176592,0.9309360637467112,-0.9577327138694235,0.9780863685710486,-0.8978643258570922,-0.897864325857091,0.8978642032467822
0.8978667522617859,-0.8978675307330884,-0.8978675307330842,-0.8978695124274464,-0.8978649516297189,0.5756298106545367,0.9989577899219829,0.8978643882565173,0.8978643882565179,1.0000001569152768,-1.0000005014059135,-1.0000006849728167,1.0000005427392507,0.9999999994697415,-0.8875847985568385,0.8875855998572438,0.8875846164274694,-0.8875856729427254,-0.887588165292465,0.5756373578015578,-0.8875921570428074,-1.000001274646834,-0.8978731703399282,-0.9918574721500828,0.9309328531250886,-0.9577298484863623,0.9780838420372703,-0.8978639518596148,-0.8978639518596138,0.8978637991892167
-0.9997392227663494,0.9997406323155374,0.9997406323155348,0.9997375109027595,0.9997407594051085,-0.8875882447174691,-0.865639442792948,-0.9997416928642808,-0.9997416928642814,-0.8875829270767447,0.8875834497767208,0.8875828649452405,-0.8875837392872563,-0.8875847985568385,0.9999999966231152,-0.9999963254499779,-0.999996260038809,0.9999961470612874,0.9999959551692452,-0.1342622724615828,0.5756289977805922,0.8875854823600365,0.5941423704044626,0.8216948966190776,-0.6580619968639819,0.7175555088830378,-0.7722225405572178,0.9997421650886029,0.9997421650886015,-0.9997423188319363
0.9997395044219516,-0.9997409143302995,-0.9997409143302972,-0.9997377835880409,-0.9997410488235638,0.8875878534671937,0.8656403040993405,0.9997419856494242,0.9997419856494242,0.8875837214459156,-0.8875842466351053,-0.8875836579634373,0.8875845351137163,0.8875855998572438,-0.9999963254499779,0.9999999969481227,0.9999956594364304,-0.9999972021316964,-0.9999970126186017,0.1342635965750498,-0.5756301965210865,-0.8875862830266161,-0.594143561395017,-0.8216958375912452,0.6580631364876256,-0.71755658944501,0.7722235547872387,-0.9997424599988753,-0.9997424599988738,0.9997426144692989
0.999739363541472,-0.9997407732504121,-0.9997407732504094,-0.999737652399975,-0.9997408990816241,0.8875887123935599,0.8656392233467766,0.9997418320568866,0.9997418320568879,0.8875827475972239,-0.8875832693147986,-0.8875826860141272,0.8875835591642618,0.8875846164274694,-0.999996260038809,0.9999956594364304,0.9999999968543791,-0.9999963089114164,-0.9999961157227486,0.13426159311104133,-0.5756285123730568,-0.8875853003192521,-0.594141894035504,-0.821694621000091,0.6580615666668009,-0.7175551276713772,0.7722222109246025,-0.9997423039682642,-0.9997423039682635,0.9997424576019031
-0.9997401060165457,0.9997415159442927,0.9997415159442906,0.9997383949053821,0.9997416418984684,-0.8875889199326099,-0.8656403178959103,-0.9997425749948771,-0.9997425749948788,-0.8875837951431635,0.8875843198785613,0.8875837320371477,-0.8875846086041822,-0.8875856729427254,0.9999961470612874,-0.9999972021316964,-0.9999963089114164,0.9999999978749352,0.9999968328770128,-0.1342626033801624,0.5756296755854934,0.8875863559292672,0.5941430693132453,0.8216957460986354,-0.6580627394703883,0.7175562917377375,-0.772223359265032,0.9997430468862012,0.9997430468862012,-0.9997432005123932
-0.9997401285515306,0.9997415421596769,0.9997415421596746,0.999738361800876,0.9997417091116637,-0.8875877903975077,-0.8656421619094515,-0.9997426617974382,-0.9997426617974391,-0.8875854489303387,0.8875859774995909,0.887585383715866,-0.8875862638662063,-0.887588165292465,0.9999959551692452,-0.9999970126186017,-0.9999961157227486,0.9999968328770128,0.9999999976048527,-0.13426653119015713,0.5756328404648048,0.8875880181055132,0.5941461655662482,0.8216978724882655,-0.6580656247166418,0.7175589424410925,-0.7722257557377269,0.9997431461888359,0.9997431461888354,-0.9997433040830954
0.15683397573757477,-0.1568330970701664,-0.1568330970701624,-0.15684378499891347,-0.1568266826459759,-0.3372874675984261,0.6123524685295266,0.15682351052992732,0.1568235105299265,0.5756430338688394,-0.5756409180616762,-0.5756443579172058,0.5756423404460905,0.5756373578015578,-0.1342622724615828,0.1342635965750498,0.13426159311104133,-0.1342626033801624,-0.13426653119015713,0.9999999960414685,-0.887589968315162,-0.5756387384679447,-0.876844398019853,-0.6750861909884989,0.8344958889839693,-0.7865326755096504,0.7332767386243596,-0.15682154227668516,-0.15682154227668432,0.15682087535637967
-0.5941361501821917,0.5941360869218367,0.5941360869218326,0.5941432771004627,0.594131001054296,-0.13426348342831973,-0.9076871695422036,-0.5941288856499489,-0.5941288856499488,-0.887595015988458,0.887593559182944,0.887596054959779,-0.8875948489771817,-0.8875921570428074,0.5756289977805922,-0.5756301965210865,-0.5756285123730568,0.5756296755854934,0.5756328404648048,-0.887589968315162,0.9999999993723689,0.8875927806039625,0.999737932294644,0.9390267673935848,-0.9945057484024543,0.9825823015245685,-0.9640478582373091,0.5941275242112137,0.5941275242112123,-0.59412706025733
-0.8978675739270585,0.897868355514354,0.8978683555143502,0.8978702774783097,0.8978658198945781,-0.5756298400423095,-0.9989590436396263,-0.897865276970012,-0.8978652769700123,-1.000001327920073,1.0000008515378833,1.0000018523876952,-1.0000017171500504,-1.000001274646834,0.8875854823600365,-0.8875862830266161,-0.8875853003192521,0.8875863559292672,0.8875880181055132,-0.5756387384679447,0.8875927806039625,1.0000000011670538,0.8978746191760607,0.9918587811956533,-0.9309342797212963,0.9577312435665475,-0.9780851977221181,0.897864853605561,0.8978648536055617,-0.8978647054061375
-0.612339765480391,0.6123397364298476,0.6123397364298425,0.6123469292019406,0.6123345602733021,-0.1568462433930423,-0.9170288208078211,-0.6123324254325212,-0.6123324254325205,-0.8978769094198094,0.8978754299420846,0.8978779627540896,-0.8978767296515912,-0.8978731703399282,0.5941423704044626,-0.594143561395017,-0.594141894035504,0.5941430693132453,0.5941461655662482,-0.876844398019853,0.999737932294644,0.8978746191760607,0.9999999982634346,0.9466292795494506,-0.9966358451811165,0.9865668818252383,-0.9698609496178477,0.6123310492690742,0.6123310492690729,-0.6123305799095684
-0.8344857109706248,0.8344862445850657,0.8344862445850604,0.8344902563769669,0.8344825166081393,-0.4668064981898972,-0.9966362676591709,-0.8344813261966257,-0.834481326196625,-0.9918594881232922,0.9918586079862673,0.9918602308773825,-0.9918596626176592,-0.9918574721500828,0.8216948966190776,-0.8216958375912452,-0.821694621000091,0.8216957460986354,0.8216978724882655,-0.6750861909884989,0.9390267673935848,0.9918587811956533,0.9466292795494506,0.9999999999677383,-0.9698605920752972,0.9865670313040615,-0.996637025630154,0.8344805086049919,0.834480508604991,-0.8344802268576346
0.675070586584744,-0.6750706988845872,-0.6750706988845832,-0.6750771195393792,-0.6750658740477737,0.23725494728580546,0.9466279204824614,0.6750639721927941,0.6750639721927936,0.9309361447334938,-0.9309348203385746,-0.9309371201516344,0.9309360637467112,0.9309328531250886,-0.6580619968639819,0.6580631364876256,0.6580615666668009,-0.6580627394703883,-0.6580656247166418,0.8344958889839693,-0.9945057484024543,-0.9309342797212963,-0.9966358451811165,-0.9698605920752972,0.9999999997728926,-0.9966370953397826,0.9865674425216197,-0.6750627334607496,-0.675062733460748,0.6750623102755172
-0.7332607764747555,0.7332610313677744,0.7332610313677705,0.7332666546396113,0.7332565692120132,-0.3160691376547573,-0.9698594286828752,-0.7332549052042039,-0.7332549052042037,-0.9577327031366467,0.9577315302558317,0.9577336009890046,-0.9577327138694235,-0.9577298484863623,0.7175555088830378,-0.71755658944501,-0.7175551276713772,0.7175562917377375,0.7175589424410925,-0.7865326755096504,0.9825823015245685,0.9577312435665475,0.9865668818252383,0.9865670313040615,-0.9966370953397826,1.000000000248367,-0.996637343417848,0.7332538070791396,0.7332538070791372,-0.7332534311330756
0.7865187285176116,-0.7865191246720389,-0.7865191246720347,-0.7865239395457531,-0.786515030682212,0.392758408130327,0.986566202973208,0.7865136053969364,0.7865136053969357,0.9780862732214581,-0.9780852477126445,-0.9780870939290284,0.9780863685710486,0.9780838420372703,-0.7722225405572178,0.7722235547872387,0.7722222109246025,-0.772223359265032,-0.7722257557377269,0.7332767386243596,-0.9640478582373091,-0.9780851977221181,-0.9698609496178477,-0.996637025630154,0.9865674425216197,-0.996637343417848,1.0000000003136897,-0.7865126486382771,-0.7865126486382756,0.7865123201733761
-1.0000011295198579,1.0000023264550382,1.000002326455035,1.0000022566527969,1.0000004687213575,-0.8768606314718448,-0.876834414261492,-1.000001280268519,-1.0000004526709572,-0.8978638174932506,0.897863738564098,0.8978640634408768,-0.8978643258570922,-0.8978639518596148,0.9997421650886029,-0.9997424599988753,-0.9997423039682642,0.9997430468862012,0.9997431461888359,-0.15682154227668516,0.5941275242112137,0.897864853605561,0.6123310492690742,0.8344805086049919,-0.6750627334607496,0.7332538070791396,-0.7865126486382771,1.0000000002355247,1.0000003312882255,-1.0000011101000583
-1.0000011295198576,1.0000023264550368,1.0000023264550337,1.0000022566527957,1.0000004687213562,-0.8768606314718438,-0.8768344142614904,-1.000000452670954,-1.0000012802685192,-0.897863817493249,0.8978637385640956,0.8978640634408751,-0.897864325857091,-0.8978639518596138,0.9997421650886015,-0.9997424599988738,-0.9997423039682635,0.9997430468862012,0.9997431461888354,-0.15682154227668432,0.5941275242112123,0.8978648536055617,0.6123310492690729,0.834480508604991,-0.675062733460748,0.7332538070791372,-0.7865126486382756,1.0000003312882255,1.0000000002355247,-1.000001110100053
1.0000011540084441,-1.0000023467622143,-1.0000023467622121,-1.0000023377699139,-1.0000004500028827,0.8768610707297456,0.8768341787943006,1.0000004154341486,1.0000004154341495,0.8978637013615153,-0.8978636098746806,-0.89786395361591,0.8978642032467822,0.8978637991892167,-0.9997423188319363,0.9997426144692989,0.9997424576019031,-0.9997432005123932,-0.9997433040830954,0.15682087535637967,-0.59412706025733,-0.8978647054061375,-0.6123305799095684,-0.8344802268576346,0.6750623102755172,-0.7332534311330756,0.7865123201733761,-1.0000011101000583,-1.000001110100053,1.0000000001629896
