0.9999999985999628,-0.9999988339228959,0.9999975244102991,0.9999974455148384,-0.999992764283385,0.9999905459172342,0.9999905459172357,0.9999936684099946,0.9999953428156357,-0.9999959947253,-0.9999962663365376,-0.9999963677587177,-0.30908642092124233,0.8090539634912894,-0.3089416708815828,-1.0000007327053584,0.8089783593665067,0.3089298190616235,-0.2499151952145509,0.3089147623111674,0.09545869513937276,-0.30892094142561183,-0.24991519521429356,0.09545869513894881,-0.9999969248024063,0.9999961426422109,0.9999972558293804,0.9999972558293767,1.000000445663422,-0.9999991690251131,-0.9999991690251159
-0.9999988339228959,0.999999998836909,-0.9999983199870698,-0.9999982410894713,0.9999929302517165,-0.9999907118874706,-0.999990711887472,-0.9999938343562341,-0.9999955088001916,0.9999961606473627,0.9999964323287468,0.9999965337498885,0.30908635310888777,-0.8090540240617572,0.3089418411523995,1.000000898548369,-0.808978567095701,-0.30892998930231963,0.24991533290547158,-0.3089149325119532,-0.09545874773231507,0.30892111164252767,0.24991533290521453,-0.09545874773189215,0.9999970908038355,-0.9999963086453282,-0.9999974217384017,-0.9999974217383989,-1.0000006115412963,0.9999993349194322,0.9999993349194343
0.9999975244102991,-0.9999983199870698,0.9999999978663725,0.9999969315756085,-0.9999922503113488,0.9999900319491134,0.9999900319491157,0.9999931544091031,0.9999948288629296,-0.9999954806921744,-0.9999963819720117,-0.9999958538139385,-0.3090858076741143,0.8090532667187315,-0.30894196633728577,-1.0000002185735368,0.8089782242112882,0.3089301144894696,-0.24991543418708412,0.30891505770219224,0.09545878641868767,-0.30892123683128464,-0.24991543418682644,0.09545878641826347,-0.9999970404499525,0.9999956287140209,0.9999967417790682,0.9999967417790645,0.999999931573154,-0.9999986549554587,-0.9999986549554607
0.9999974455148384,-0.9999982410894713,0.9999969315756085,0.9999999977537527,-0.9999921713756631,0.9999899530164205,0.9999899530164217,0.9999930754438554,0.9999947499477442,-0.9999954016943725,-0.9999956734877243,-0.9999964044857237,-0.3090860334615438,0.8090533573652738,-0.3089416916237864,-1.0000001394659623,0.8089780055164992,0.3089298397697084,-0.24991521192900004,0.30891478297558705,0.0954587015243698,-0.30892096210675235,-0.24991521192874258,0.09545870152394621,-0.999996331976974,0.9999955498217845,0.999996662763464,0.9999966627634611,0.9999998525140095,-0.9999985759193037,-0.9999985759193075
-0.999992764283385,0.9999929302517165,-0.9999922503113488,-0.9999921713756631,0.9999999910714181,-0.9999859009607862,-0.99998590096079,-0.9999890230299087,-0.9999906980739506,0.9999907193506075,0.9999909921429593,0.9999910935443775,0.3090803547071126,-0.80904695314552,0.30894447555734944,0.9999954560513148,-0.8089768313650761,-0.30893262364705465,0.2499174640918283,-0.3089175667973736,-0.09545956178110035,0.3089237459419075,0.24991746409157586,-0.09545956178068428,0.9999916507687138,-0.999990868644492,-0.9999919802324592,-0.9999919802324553,-0.9999951695505299,0.9999938931787212,0.9999938931787253
0.9999905459172342,-0.9999907118874706,0.9999900319491134,0.9999899530164205,-0.9999859009607862,0.999999987904999,0.9999830530646664,0.9999861751490356,0.9999878501524929,-0.9999885010650819,-0.9999887737899794,-0.9999888751926067,-0.3090806196742351,0.8090457459852359,-0.308942839686204,-0.9999932378126479,0.8089744493729744,0.30893098783168405,-0.24991614075703142,0.3089159310539313,0.09545905631365333,-0.30892211016928606,-0.2499161407567728,0.09545905631322749,-0.999989432403397,0.9999886502784938,0.9999897619552894,0.9999897619552855,0.9999929512893442,-0.9999916749087736,-0.9999916749087776
0.9999905459172357,-0.999990711887472,0.9999900319491157,0.9999899530164217,-0.99998590096079,0.9999830530646664,0.999999987904999,0.9999861751490376,0.9999878501524946,-0.9999885010650842,-0.9999887737899809,-0.9999888751926082,-0.30908061967423595,0.8090457459852384,-0.3089428396862039,-0.9999932378126499,0.8089744493729756,0.30893098783168405,-0.24991614075703025,0.3089159310539311,0.09545905631365109,-0.30892211016928617,-0.2499161407567744,0.0954590563132298,-0.9999894324033977,0.9999886502784957,0.9999897619552903,0.9999897619552874,0.9999929512893448,-0.9999916749087766,-0.9999916749087788
0.9999936684099946,-0.9999938343562341,0.9999931544091031,0.9999930754438554,-0.9999890230299087,0.9999861751490356,0.9999861751490376,0.9999999923612554,0.9999909724304118,-0.9999922521765904,-0.9999918961691737,-0.9999919975559186,-0.3090749880994448,0.8090441941063097,-0.30895039968492394,-0.9999963585410034,0.8089810503347915,0.30893854767447115,-0.24992225663058457,0.3089234907115315,0.09546139237085458,-0.3089296698949289,-0.24992225663032616,0.09546139237042893,-0.9999925549107198,0.9999917728091864,0.9999928833441065,0.9999928833441035,0.9999960723606658,-0.9999947961442065,-0.9999947961442097
0.9999953428156357,-0.9999955088001916,0.9999948288629296,0.9999947499477442,-0.9999906980739506,0.9999878501524929,0.9999878501524946,0.9999909724304118,0.9999999947522841,-0.9999932985342607,-0.999994200320896,-0.9999943017328886,-0.30908383854030486,0.8090507007038075,-0.308942586307177,-0.9999980358548232,0.8089772582737383,0.3089307344240023,-0.24991593569468168,0.30891567759842176,0.09545897798108934,-0.3089218567387433,-0.2499159356944217,0.0954589779806608,-0.9999942292872842,0.9999934471448642,0.9999945595249388,0.9999945595249358,0.9999977490932893,-0.999996472592604,-0.9999964725926069
-0.9999959947253,0.9999961606473627,-0.9999954806921744,-0.9999954016943725,0.9999907193506075,-0.9999885010650819,-0.9999885010650842,-0.9999922521765904,-0.9999932985342607,0.9999999956806732,0.9999942223728165,0.9999943237435682,0.3090687348022315,-0.8090417659541117,0.3089580893865504,0.9999986831276226,-0.8089872394034765,-0.30894623724817816,0.24992847749359448,-0.3089311801375701,-0.09546376853115239,0.3089373593733884,0.24992847749333902,-0.09546376853073181,0.9999948812417917,-0.9999940991644926,-0.9999958381513584,-0.9999958381513561,-0.999998397278667,0.9999971212221118,0.9999971212221154
-0.9999962663365376,0.9999964323287468,-0.9999963819720117,-0.9999956734877243,0.9999909921429593,-0.9999887737899794,-0.9999887737899809,-0.9999918961691737,-0.999994200320896,0.9999942223728165,0.9999999960705824,0.9999945957125597,0.30908501721584897,-0.8090520003389118,0.308941978883175,0.9999989600038823,-0.8089774540767021,-0.3089301270238813,0.24991544431933102,-0.30891507022481934,-0.09545879029058513,0.30892124935681475,0.2499154443190743,-0.0954587902901627,0.9999951528023666,-0.9999943706517038,-0.9999954834169402,-0.9999954834169369,-0.9999986731099698,0.9999973965446461,0.9999973965446501
-0.9999963677587177,0.9999965337498885,-0.9999958538139385,-0.9999964044857237,0.9999910935443775,-0.9999888751926067,-0.9999888751926082,-0.9999919975559186,-0.9999943017328886,0.9999943237435682,0.9999945957125597,0.9999999962153445,0.3090852066004205,-0.8090521799976352,0.3089418520968746,0.9999990613197794,-0.8089774383250742,-0.3089300002332235,0.2499153417394981,-0.30891494342917514,-0.09545875110889478,0.30892112256285265,0.24991534173924201,-0.09545875110847257,0.999995254224946,-0.999994472075175,-0.9999955847789277,-0.9999955847789238,-0.9999987744503968,0.9999974978965355,0.9999974978965396
-0.30908642092124233,0.30908635310888777,-0.3090858076741143,-0.3090860334615438,0.3090803547071126,-0.3090806196742351,-0.30908061967423595,-0.3090749880994448,-0.30908383854030486,0.3090687348022315,0.30908501721584897,0.3090852066004205,1.0000000027929838,-0.8090252969183102,-0.8090264196633561,0.3090351370236537,0.30901496857311916,0.8090323722893391,-0.6545295762247126,0.8090421438059479,0.25000804318031566,-0.8090378403313486,-0.6545295762248725,0.2500080431805658,0.3090853994408102,-0.30908493717217506,-0.30906484632307146,-0.3090648463230702,-0.3090522177667823,0.3090595033682102,0.3090595033682133
0.8090539634912894,-0.8090540240617572,0.8090532667187315,0.8090533573652738,-0.80904695314552,0.8090457459852359,0.8090457459852384,0.8090441941063097,0.8090507007038075,-0.8090417659541117,-0.8090520003389118,-0.8090521799976352,-0.8090252969183102,1.0000000009943837,0.30903425581418725,-0.8090245560198207,0.30901290526196723,-0.30904564919805133,0.2500373460031728,-0.30906099454839187,-0.09550601914472198,0.3090545157216306,0.2500373460034286,-0.09550601914513455,-0.8090526440598692,0.8090518750836879,0.8090401415560126,0.8090401415560083,0.809034306822683,-0.8090380212179452,-0.8090380212179497
-0.3089416708815828,0.3089418411523995,-0.30894196633728577,-0.3089416916237864,0.30894447555734944,-0.308942839686204,-0.3089428396862039,-0.30895039968492394,-0.308942586307177,0.3089580893865504,0.308941978883175,0.3089418520968746,-0.8090264196633561,0.30903425581418725,1.0000000050900397,0.3089946117490413,-0.8090165623937838,-1.0000070182104521,0.8090219756054315,-1.000006853751606,-0.309018632183553,1.0000063694774175,0.8090219756054323,-0.3090186321835411,0.30894200425831936,-0.3089419832733692,-0.30896275658315797,-0.30896275658315675,-0.3089773550915091,0.30896928123074274,0.30896928123074224
-1.0000007327053584,1.000000898548369,-1.0000002185735368,-1.0000001394659623,0.9999954560513148,-0.9999932378126479,-0.9999932378126499,-0.9999963585410034,-0.9999980358548232,0.9999986831276226,0.9999989600038823,0.9999990613197794,0.3090351370236537,-0.8090245560198207,0.3089946117490413,1.000000002438155,-0.8090133660352873,-0.30898275925784763,0.2499580240641366,-0.3089677017583736,-0.09547505432075085,0.30897388112598806,0.24995802406388082,-0.09547505432032971,0.9999996192861076,-0.9999988372945104,-0.9999999433333153,-0.9999999433333112,-1.0000037608056969,1.0000018555777692,1.000001855577773
0.8089783593665067,-0.808978567095701,0.8089782242112882,0.8089780055164992,-0.8089768313650761,0.8089744493729744,0.8089744493729756,0.8089810503347915,0.8089772582737383,-0.8089872394034765,-0.8089774540767021,-0.8089774383250742,0.30901496857311916,0.30901290526196723,-0.8090165623937838,-0.8090133660352873,1.000000004635039,0.8090081482937901,-0.6544923999914551,0.8089991298940998,0.24999343118328857,-0.8090026495673559,-0.6544923999912986,0.24999343118302206,-0.8089778772830262,0.8089773810166263,0.8089909026856602,0.8089909026856563,0.8090018951994429,-0.8089961169270503,-0.8089961169270519
0.3089298190616235,-0.30892998930231963,0.3089301144894696,0.3089298397697084,-0.30893262364705465,0.30893098783168405,0.30893098783168405,0.30893854767447115,0.3089307344240023,-0.30894623724817816,-0.3089301270238813,-0.3089300002332235,0.8090323722893391,-0.30904564919805133,-1.0000070182104521,-0.30898275925784763,0.8090081482937901,1.0000000040288293,-0.8090213735188979,1.000006109612918,0.3090184021976199,-1.0000062551374147,-0.809021373518898,0.30901840219760623,-0.30893015244867383,0.3089301314973366,0.30895090438380685,0.30895090438380574,0.30896550273144274,-0.30895742895258216,-0.308957428952581
-0.2499151952145509,0.24991533290547158,-0.24991543418708412,-0.24991521192900004,0.2499174640918283,-0.24991614075703142,-0.24991614075703025,-0.24992225663058457,-0.24991593569468168,0.24992847749359448,0.24991544431933102,0.2499153417394981,-0.6545295762247126,0.2500373460031728,0.8090219756054315,0.2499580240641366,-0.6544923999914551,-0.8090213735188979,1.0000000032017151,-0.8090223782549129,-0.8090201633825673,0.8090213573786788,0.3090192887245853,0.30901737248554656,0.24991546494111327,-0.24991544803174445,-0.24993225322424,-0.24993225322423918,-0.2499440633689774,0.24993753162940988,0.24993753162940763
0.3089147623111674,-0.3089149325119532,0.30891505770219224,0.30891478297558705,-0.3089175667973736,0.3089159310539313,0.3089159310539311,0.3089234907115315,0.30891567759842176,-0.3089311801375701,-0.30891507022481934,-0.30891494342917514,0.8090421438059479,-0.30906099454839187,-1.000006853751606,-0.3089677017583736,0.8089991298940998,1.000006109612918,-0.8090223782549129,1.00000000469146,0.3090185454800172,-1.0000067193113524,-0.8090223782549184,0.3090185454800142,-0.30891509571055353,0.3089150748034293,0.30893584720493855,0.30893584720493783,0.3089504453712194,-0.30894237168429756,-0.30894237168429706
0.09545869513937276,-0.09545874773231507,0.09545878641868767,0.0954587015243698,-0.09545956178110035,0.09545905631365333,0.09545905631365109,0.09546139237085458,0.09545897798108934,-0.09546376853115239,-0.09545879029058513,-0.09545875110889478,0.25000804318031566,-0.09550601914472198,-0.309018632183553,-0.09547505432075085,0.24999343118328857,0.3090184021976199,-0.8090201633825673,0.3090185454800172,1.0000000015576802,-0.30901839602427333,0.3090173724855414,-0.8090191446699295,-0.09545879816555072,0.09545879170711721,0.09546521073306159,0.09546521073306168,0.095469721807893,-0.09546722690497425,-0.09546722690497178
-0.30892094142561183,0.30892111164252767,-0.30892123683128464,-0.30892096210675235,0.3089237459419075,-0.30892211016928606,-0.30892211016928617,-0.3089296698949289,-0.3089218567387433,0.3089373593733884,0.30892124935681475,0.30892112256285265,-0.8090378403313486,0.3090545157216306,1.0000063694774175,0.30897388112598806,-0.8090026495673559,-1.0000062551374147,0.8090213573786788,-1.0000067193113524,-0.30901839602427333,1.0000000040008967,0.8090213573786802,-0.3090183960242601,0.30892127482027404,-0.30892125389523656,-0.30894202646422586,-0.30894202646422503,-0.3089566246940044,0.30894855097511426,0.30894855097511326
-0.24991519521429356,0.24991533290521453,-0.24991543418682644,-0.24991521192874258,0.24991746409157586,-0.2499161407567728,-0.2499161407567744,-0.24992225663032616,-0.2499159356944217,0.24992847749333902,0.2499154443190743,0.24991534173924201,-0.6545295762248725,0.2500373460034286,0.8090219756054323,0.24995802406388082,-0.6544923999912986,-0.809021373518898,0.3090192887245853,-0.8090223782549184,0.3090173724855414,0.8090213573786802,1.0000000032017151,-0.8090201633825622,0.24991546494085554,-0.2499154480314869,-0.2499322532239834,-0.24993225322398246,-0.24994406336872188,0.24993753162915167,0.2499375316291523
0.09545869513894881,-0.09545874773189215,0.09545878641826347,0.09545870152394621,-0.09545956178068428,0.09545905631322749,0.0954590563132298,0.09546139237042893,0.0954589779806608,-0.09546376853073181,-0.0954587902901627,-0.09545875110847257,0.2500080431805658,-0.09550601914513455,-0.3090186321835411,-0.09547505432032971,0.24999343118302206,0.30901840219760623,0.30901737248554656,0.3090185454800142,-0.8090191446699295,-0.3090183960242601,-0.8090201633825622,1.0000000015576802,-0.0954587981651269,0.09545879170669345,0.0954652107326396,0.09546521073263896,0.095469721807472,-0.09546722690454935,-0.09546722690455099
-0.9999969248024063,0.9999970908038355,-0.9999970404499525,-0.999996331976974,0.9999916507687138,-0.999989432403397,-0.9999894324033977,-0.9999925549107198,-0.9999942292872842,0.9999948812417917,0.9999951528023666,0.999995254224946,0.3090853994408102,-0.8090526440598692,0.30894200425831936,0.9999996192861076,-0.8089778772830262,-0.30893015244867383,0.24991546494111327,-0.30891509571055353,-0.09545879816555072,0.30892127482027404,0.24991546494085554,-0.0954587981651269,0.9999999970104972,-0.9999956586812103,-0.9999961423548649,-0.9999961423548616,-0.9999993322126585,0.9999980555610531,0.9999980555610561
0.9999961426422109,-0.9999963086453282,0.9999956287140209,0.9999955498217845,-0.999990868644492,0.9999886502784938,0.9999886502784957,0.9999917728091864,0.9999934471448642,-0.9999940991644926,-0.9999943706517038,-0.999994472075175,-0.30908493717217506,0.8090518750836879,-0.3089419832733692,-0.9999988372945104,0.8089773810166263,0.3089301314973366,-0.24991544803174445,0.3089150748034293,0.09545879170711721,-0.30892125389523656,-0.2499154480314869,0.09545879170669345,-0.9999956586812103,0.9999999958940442,0.9999953602908617,0.9999953602908573,0.9999985501814965,-0.9999972735121306,-0.9999972735121346
0.9999972558293804,-0.9999974217384017,0.9999967417790682,0.999996662763464,-0.9999919802324592,0.9999897619552894,0.9999897619552903,0.9999928833441065,0.9999945595249388,-0.9999958381513584,-0.9999954834169402,-0.9999955847789277,-0.30906484632307146,0.8090401415560126,-0.30896275658315797,-0.9999999433333153,0.8089909026856602,0.30895090438380685,-0.24993225322424,0.30893584720493855,0.09546521073306159,-0.30894202646422586,-0.2499322532239834,0.0954652107326396,-0.9999961423548649,0.9999953602908617,0.9999999974800031,0.9999964691037204,0.9999996576514225,-0.9999990112546395,-0.999998381675939
0.9999972558293767,-0.9999974217383989,0.9999967417790645,0.9999966627634611,-0.9999919802324553,0.9999897619552855,0.9999897619552874,0.9999928833441035,0.9999945595249358,-0.9999958381513561,-0.9999954834169369,-0.9999955847789238,-0.3090648463230702,0.8090401415560083,-0.30896275658315675,-0.9999999433333112,0.8089909026856563,0.30895090438380574,-0.24993225322423918,0.30893584720493783,0.09546521073306168,-0.30894202646422503,-0.24993225322398246,0.09546521073263896,-0.9999961423548616,0.9999953602908573,0.9999964691037204,0.9999999974800031,0.9999996576514191,-0.9999983816759329,-0.9999990112546375
1.000000445663422,-1.0000006115412963,0.999999931573154,0.9999998525140095,-0.9999951695505299,0.9999929512893442,0.9999929512893448,0.9999960723606658,0.9999977490932893,-0.999998397278667,-0.9999986731099698,-0.9999987744503968,-0.3090522177667823,0.809034306822683,-0.3089773550915091,-1.0000037608056969,0.8090018951994429,0.30896550273144274,-0.2499440633689774,0.3089504453712194,0.095469721807893,-0.3089566246940044,-0.24994406336872188,0.095469721807472,-0.9999993322126585,0.9999985501814965,0.9999996576514225,0.9999996576514191,1.0000000020310869,-1.0000021996418365,-1.000002199641837
-0.9999991690251131,0.9999993349194322,-0.9999986549554587,-0.9999985759193037,0.9999938931787212,-0.9999916749087736,-0.9999916749087766,-0.9999947961442065,-0.999996472592604,0.9999971212221118,0.9999973965446461,0.9999974978965355,0.3090595033682102,-0.8090380212179452,0.30896928123074274,1.0000018555777692,-0.8089961169270503,-0.30895742895258216,0.24993753162940988,-0.30894237168429756,-0.09546722690497425,0.30894855097511426,0.24993753162915167,-0.09546722690454935,0.9999980555610531,-0.9999972735121306,-0.9999990112546395,-0.9999983816759329,-1.0000021996418365,1.0000000002099436,1.0000002941691233
-0.9999991690251159,0.9999993349194343,-0.9999986549554607,-0.9999985759193075,0.9999938931787253,-0.9999916749087776,-0.9999916749087788,-0.9999947961442097,-0.9999964725926069,0.9999971212221154,0.9999973965446501,0.9999974978965396,0.3090595033682133,-0.8090380212179497,0.30896928123074224,1.000001855577773,-0.8089961169270519,-0.308957428952581,0.24993753162940763,-0.30894237168429706,-0.09546722690497178,0.30894855097511326,0.2499375316291523,-0.09546722690455099,0.9999980555610561,-0.9999972735121346,-0.999998381675939,-0.9999990112546375,-1.000002199641837,1.0000002941691233,1.0000000002099436
