0.999999998860339,-0.9999981747732924,-0.9999957812492739,0.9999962230082924,-1.0000007605166181,1.0000004495680104,0.999993890810841,-0.9999947558142279,1.0000021691582461,-1.0000018368378163,-1.0000026590052686,1.0000024875740505,-1.0000026590052669
-0.9999981747732924,0.9999999988262717,0.9999957576905726,-0.9999959740146661,1.0000007369577695,-1.0000002005742659,-0.9999938672521993,0.9999947322555531,-1.000002145599369,1.000001813278943,1.0000026354463896,-1.0000024640151686,1.0000026354463887
-0.9999957812492739,0.9999957576905726,0.9999999950391151,-0.9999933550616875,0.9999981179925206,-0.9999978070447778,-0.9999912483054553,0.9999921133065086,-0.9999995266302592,0.9999991943107626,1.000000016475891,-0.999999845045177,1.0000000164758904
0.9999962230082924,-0.9999959740146661,-0.9999933550616875,0.9999999956779222,-0.9999985597525988,0.9999982488047082,0.9999916900624555,-0.9999923296289852,0.9999999683909951,-0.9999996360713355,-1.000000458236873,1.000000286806065,-1.000000458236873
-1.0000007605166181,1.0000007369577695,0.9999981179925206,-0.9999985597525988,1.0000000022394142,-1.000002560887643,-0.999996227549521,0.9999970925549895,-1.0000045059169755,1.000004173595729,1.000004995765204,-1.0000048243335549,1.0000049957652044
1.0000004495680104,-1.0000002005742659,-0.9999978070447778,0.9999982488047082,-1.000002560887643,1.0000000017897643,0.9999959166023981,-0.9999967816075823,1.0000041949671574,-1.0000036372111119,-1.0000046848152357,1.0000045133836386,-1.000004684815235
0.999993890810841,-0.9999938672521993,-0.9999912483054553,0.9999916900624555,-0.999996227549521,0.9999959166023981,0.9999999923054449,-0.9999899974403027,0.999997636184471,-0.9999973038656464,-0.9999981260291001,0.9999979545987534,-0.9999981260290992
-0.9999947558142279,0.9999947322555531,0.9999921133065086,-0.9999923296289852,0.9999970925549895,-0.9999967816075823,-0.9999899974403027,0.9999999935562833,-0.9999985011912212,0.9999981688720844,0.9999989910363191,-0.9999988196057973,0.9999989910363181
1.0000021691582461,-1.000002145599369,-0.9999995266302592,0.9999999683909951,-1.0000045059169755,1.0000041949671574,0.999997636184471,-0.9999985011912212,1.0000000042763952,-1.0000053568074594,-1.000006404413023,1.000006232981136,-1.0000064044130228
-1.0000018368378163,1.000001813278943,0.9999991943107626,-0.9999996360713355,1.000004173595729,-1.0000036372111119,-0.9999973038656464,0.9999981688720844,-1.0000053568074594,1.0000000037958394,1.0000060720911417,-1.0000056752243982,1.0000060720911415
-1.0000026590052686,1.0000026354463896,1.000000016475891,-1.000000458236873,1.000004995765204,-1.0000046848152357,-0.9999981260291001,0.9999989910363191,-1.000006404413023,1.0000060720911417,1.0000000049847444,-1.000006497395321,1.000006894262175
1.0000024875740505,-1.0000024640151686,-0.999999845045177,1.000000286806065,-1.0000048243335549,1.0000045133836386,0.9999979545987534,-0.9999988196057973,1.000006232981136,-1.0000056752243982,-1.000006497395321,1.000000004736844,-1.000006497395316
-1.0000026590052669,1.0000026354463887,1.0000000164758904,-1.000000458236873,1.0000049957652044,-1.000004684815235,-0.9999981260290992,0.9999989910363181,-1.0000064044130228,1.0000060720911415,1.000006894262175,-1.000006497395316,1.0000000049847444
