1.0000000183685946,-1.0000229830499465,1.0000206958242268,1.0000243393748847,-1.0000256893491086,-1.0000206958242353,-1.0000153855973148,1.0000153855973177,1.0000112102261107,1.0000135175542886,-1.000011210226111,-1.0000135175542868,-1.0000096685745317,-1.0000085265783927,-1.0000117825048658,1.0000096685745343,1.000008526578395,1.0000117825048682,1.000010440041018,1.0000075398742538,1.0000068762635248,-1.0000104400410157,-1.0000075398742605,-1.0000068762635275,-1.0000065378287533,1.000006537828752
-1.0000229830499465,1.0000000164380551,-1.0000179895248682,-1.0000216330753187,1.0000243393749064,1.0000193458498314,1.000014035624088,-1.00001403562409,-1.0000098602540444,-1.0000121675816476,1.0000098602540426,1.0000121675816438,1.0000083186029485,1.0000071766073542,1.0000104325327897,-1.0000083186029525,-1.0000071766073546,-1.0000104325327945,-1.000009090069237,-1.0000061899034927,-1.0000055262932075,1.0000090900692347,1.0000061899034995,1.000005526293209,1.0000051878585219,-1.000005187858519
1.0000206958242268,-1.0000179895248682,1.000000011227579,1.000019345849804,-1.0000206958242313,-1.000014345977733,-1.0000090357587403,1.0000103920836974,1.0000062167194543,1.0000085240440006,-1.0000062167194532,-1.000008524043998,-1.0000046750706204,-1.0000035330770896,-1.0000067889977344,1.0000046750706244,1.0000035330770907,1.00000678899774,1.0000054465358756,1.0000025463746134,1.0000018827658002,-1.0000054465358754,-1.0000025463746207,-1.0000018827658026,-1.0000015443315704,1.0000015443315693
1.0000243393748847,-1.0000216330753187,1.000019345849804,1.0000000164380551,-1.0000229830499292,-1.0000179895248547,-1.0000140356240674,1.00001403562407,1.0000098602540266,1.0000121675816276,-1.0000098602540242,-1.0000121675816263,-1.000008318602929,-1.0000071766073337,-1.0000104325327708,1.0000083186029336,1.0000071766073362,1.000010432532775,1.000009090069217,1.0000061899034733,1.0000055262931862,-1.000009090069215,-1.00000618990348,-1.0000055262931893,-1.0000051878585026,1.0000051878585017
-1.0000256893491086,1.0000243393749064,-1.0000206958242313,-1.0000229830499292,1.0000000183685946,1.0000206958242404,1.0000153855973186,-1.00001538559732,-1.0000112102261158,-1.0000135175542935,1.000011210226114,1.000013517554291,1.0000096685745348,1.0000085265783971,1.000011782504869,-1.000009668574539,-1.0000085265783996,-1.0000117825048733,-1.0000104400410215,-1.0000075398742585,-1.0000068762635288,1.0000104400410204,1.0000075398742663,1.0000068762635301,1.000006537828757,-1.0000065378287548
-1.0000206958242353,1.0000193458498314,-1.000014345977733,-1.0000179895248547,1.0000206958242404,1.000000011227579,1.000010392083705,-1.0000090357587454,-1.000006216719462,-1.000008524044008,1.0000062167194608,1.0000085240440064,1.0000046750706302,1.0000035330770982,1.0000067889977438,-1.0000046750706342,-1.000003533077099,-1.0000067889977495,-1.0000054465358843,-1.0000025463746225,-1.0000018827658084,1.0000054465358839,1.000002546374629,1.000001882765811,1.0000015443315793,-1.000001544331577
-1.0000153855973148,1.000014035624088,-1.0000090357587403,-1.0000140356240674,1.0000153855973186,1.000010392083705,1.0000000036336814,-1.0000050818769368,-0.9999995501979845,-1.0000018575170704,1.0000009065229403,1.0000032138420203,0.9999993648780502,0.9999982228879315,1.0000014788002494,-0.9999993648780527,-0.9999982228879342,-1.0000014788002531,-1.000000136341466,-0.9999972361878979,-0.9999965725814144,1.0000001363414657,0.9999972361879051,0.9999965725814166,0.9999962341479947,-0.9999962341479925
1.0000153855973177,-1.00001403562409,1.0000103920836974,1.00001403562407,-1.00001538559732,-1.0000090357587454,-1.0000050818769368,1.0000000036336814,1.0000009065229432,1.0000032138420252,-0.9999995501979869,-1.0000018575170624,-0.9999993648780509,-0.9999982228879325,-1.0000014788002498,0.9999993648780556,0.9999982228879355,1.0000014788002545,1.0000001363414683,0.9999972361878993,0.999996572581417,-1.0000001363414663,-0.9999972361879068,-0.9999965725814192,-0.9999962341479957,0.9999962341479933
1.0000112102261107,-1.0000098602540444,1.0000062167194543,1.0000098602540266,-1.0000112102261158,-1.000006216719462,-0.9999995501979845,1.0000009065229432,0.9999999976627005,0.999999038491993,-0.9999967311774773,-0.999999038491991,-0.9999938332108941,-0.9999926912235686,-0.9999973034539376,0.999995189535856,0.9999940475485276,0.9999973034539416,0.9999959609977354,0.9999930608505199,0.9999923972459186,-0.9999959609977345,-0.999993060850529,-0.9999923972459198,-0.9999920588131739,0.9999920588131735
1.0000135175542886,-1.0000121675816476,1.0000085240440006,1.0000121675816276,-1.0000135175542935,-1.000008524044008,-1.0000018575170704,1.0000032138420252,0.999999038491993,1.0000000009622898,-0.9999990384919921,-1.0000013458089478,-0.9999974968486165,-0.9999963548597822,-0.9999982544439379,0.9999974968486189,0.9999963548597839,0.999999610768904,0.9999982683113209,0.9999953681606913,0.9999947045550672,-0.9999982683113184,-0.999995368160697,-0.9999947045550691,-0.9999943661219599,0.9999943661219599
-1.000011210226111,1.0000098602540426,-1.0000062167194532,-1.0000098602540242,1.000011210226114,1.0000062167194608,1.0000009065229403,-0.9999995501979869,-0.9999967311774773,-0.9999990384919921,0.9999999976627005,0.9999990384919895,0.9999951895358506,0.9999940475485241,0.9999973034539362,-0.9999938332109002,-0.9999926912235715,-0.9999973034539408,-0.9999959609977339,-0.9999930608505195,-0.9999923972459179,0.999995960997732,0.9999930608505269,0.9999923972459183,0.9999920588131733,-0.9999920588131713
-1.0000135175542868,1.0000121675816438,-1.000008524043998,-1.0000121675816263,1.000013517554291,1.0000085240440064,1.0000032138420203,-1.0000018575170624,-0.999999038491991,-1.0000013458089478,0.9999990384919895,1.0000000009622898,0.999997496848614,0.9999963548597807,0.9999996107688964,-0.9999974968486168,-0.9999963548597812,-0.9999982544439457,-0.9999982683113184,-0.9999953681606879,-0.9999947045550642,0.9999982683113161,0.9999953681606949,0.9999947045550667,0.9999943661219584,-0.9999943661219562
-1.0000096685745317,1.0000083186029485,-1.0000046750706204,-1.000008318602929,1.0000096685745348,1.0000046750706302,0.9999993648780502,-0.9999993648780509,-0.9999938332108941,-0.9999974968486165,0.9999951895358506,0.999997496848614,0.9999999954580693,0.999992505909204,0.999995761811977,-0.9999936478954788,-0.9999925059092056,-0.9999957618119824,-0.9999930630318049,-0.9999901628870176,-0.9999908556080819,0.999994419356768,0.999991519211983,0.9999908556080832,0.9999905171755957,-0.9999905171755941
-1.0000085265783927,1.0000071766073542,-1.0000035330770896,-1.0000071766073337,1.0000085265783971,1.0000035330770982,0.9999982228879315,-0.9999982228879325,-0.9999926912235686,-0.9999963548597822,0.9999940475485241,0.9999963548597807,0.999992505909204,0.9999999938249665,0.9999946198243437,-0.999992505909207,-0.9999913639238031,-0.9999946198243482,-0.9999932773699942,-0.9999903772272356,-0.9999883572989469,0.9999932773699909,0.9999903772272432,0.999989713623902,0.9999893751916399,-0.9999893751916382
-1.0000117825048658,1.0000104325327897,-1.0000067889977344,-1.0000104325327708,1.000011782504869,1.0000067889977438,1.0000014788002494,-1.0000014788002498,-0.9999973034539376,-0.9999982544439379,0.9999973034539362,0.9999996107688964,0.999995761811977,0.9999946198243437,0.9999999984810882,-0.9999957618119818,-0.999994619824345,-0.9999978757304642,-0.9999951769490543,-0.9999936331261351,-0.9999929695213108,0.9999965332740112,0.9999936331261432,0.9999929695213121,0.9999926310885002,-0.9999926310884989
1.0000096685745343,-1.0000083186029525,1.0000046750706244,1.0000083186029336,-1.000009668574539,-1.0000046750706342,-0.9999993648780527,0.9999993648780556,0.999995189535856,0.9999974968486189,-0.9999938332109002,-0.9999974968486168,-0.9999936478954788,-0.999992505909207,-0.9999957618119818,0.9999999954580693,0.9999925059092089,0.9999957618119859,0.9999944193567732,0.9999915192119793,0.9999908556080848,-0.9999930630318113,-0.9999901628870268,-0.9999908556080853,-0.9999905171756,0.9999905171755975
1.000008526578395,-1.0000071766073546,1.0000035330770907,1.0000071766073362,-1.0000085265783996,-1.000003533077099,-0.9999982228879342,0.9999982228879355,0.9999940475485276,0.9999963548597839,-0.9999926912235715,-0.9999963548597812,-0.9999925059092056,-0.9999913639238031,-0.999994619824345,0.9999925059092089,0.9999999938249665,0.9999946198243505,0.9999932773699971,0.9999903772272372,0.9999897136239023,-0.9999932773699931,-0.9999903772272448,-0.9999883572989497,-0.9999893751916409,0.9999893751916402
1.0000117825048682,-1.0000104325327945,1.00000678899774,1.000010432532775,-1.0000117825048733,-1.0000067889977495,-1.0000014788002531,1.0000014788002545,0.9999973034539416,0.999999610768904,-0.9999973034539408,-0.9999982544439457,-0.9999957618119824,-0.9999946198243482,-0.9999978757304642,0.9999957618119859,0.9999946198243505,0.9999999984810882,0.9999965332740183,0.9999936331261402,0.9999929695213136,-0.999995176949057,-0.9999936331261476,-0.9999929695213161,-0.9999926310885036,0.9999926310885034
1.000010440041018,-1.000009090069237,1.0000054465358756,1.000009090069217,-1.0000104400410215,-1.0000054465358843,-1.000000136341466,1.0000001363414683,0.9999959609977354,0.9999982683113209,-0.9999959609977339,-0.9999982683113184,-0.9999930630318049,-0.9999932773699942,-0.9999951769490543,0.9999944193567732,0.9999932773699971,0.9999965332740183,0.999999996561302,0.9999922906724016,0.9999916270681639,-0.9999951908183372,-0.999992290672408,-0.9999916270681652,-0.9999912886355576,0.9999912886355555
1.0000075398742538,-1.0000061899034927,1.0000025463746134,1.0000061899034733,-1.0000075398742585,-1.0000025463746225,-0.9999972361878979,0.9999972361878993,0.9999930608505199,0.9999953681606913,-0.9999930608505195,-0.9999953681606879,-0.9999901628870176,-0.9999903772272356,-0.9999936331261351,0.9999915192119793,0.9999903772272372,0.9999936331261402,0.9999922906724016,0.9999999924139366,0.9999887269282632,-0.9999922906723985,-0.9999893905311599,-0.9999887269282646,-0.9999870321712087,0.9999883884961615
1.0000068762635248,-1.0000055262932075,1.0000018827658002,1.0000055262931862,-1.0000068762635288,-1.0000018827658084,-0.9999965725814144,0.999996572581417,0.9999923972459186,0.9999947045550672,-0.9999923972459179,-0.9999947045550642,-0.9999908556080819,-0.9999883572989469,-0.9999929695213108,0.9999908556080848,0.9999897136239023,0.9999929695213136,0.9999916270681639,0.9999887269282632,0.9999999914649483,-0.9999916270681606,-0.9999887269282708,-0.9999880633257299,-0.9999863685688207,0.9999877248937776
-1.0000104400410157,1.0000090900692347,-1.0000054465358754,-1.000009090069215,1.0000104400410204,1.0000054465358839,1.0000001363414657,-1.0000001363414663,-0.9999959609977345,-0.9999982683113184,0.999995960997732,0.9999982683113161,0.999994419356768,0.9999932773699909,0.9999965332740112,-0.9999930630318113,-0.9999932773699931,-0.999995176949057,-0.9999951908183372,-0.9999922906723985,-0.9999916270681606,0.9999999965613015,0.9999922906724064,0.9999916270681617,0.9999912886355564,-0.9999912886355536
-1.0000075398742605,1.0000061899034995,-1.0000025463746207,-1.00000618990348,1.0000075398742663,1.000002546374629,0.9999972361879051,-0.9999972361879068,-0.999993060850529,-0.999995368160697,0.9999930608505269,0.9999953681606949,0.999991519211983,0.9999903772272432,0.9999936331261432,-0.9999901628870268,-0.9999903772272448,-0.9999936331261476,-0.999992290672408,-0.9999893905311599,-0.9999887269282708,0.9999922906724064,0.9999999924139366,0.9999887269282716,0.9999883884961714,-0.9999870321712134
-1.0000068762635275,1.000005526293209,-1.0000018827658026,-1.0000055262931893,1.0000068762635301,1.000001882765811,0.9999965725814166,-0.9999965725814192,-0.9999923972459198,-0.9999947045550691,0.9999923972459183,0.9999947045550667,0.9999908556080832,0.999989713623902,0.9999929695213121,-0.9999908556080853,-0.9999883572989497,-0.9999929695213161,-0.9999916270681652,-0.9999887269282646,-0.9999880633257299,0.9999916270681617,0.9999887269282716,0.9999999914649483,0.9999877248937806,-0.9999863685688233
-1.0000065378287533,1.0000051878585219,-1.0000015443315704,-1.0000051878585026,1.000006537828757,1.0000015443315793,0.9999962341479947,-0.9999962341479957,-0.9999920588131739,-0.9999943661219599,0.9999920588131733,0.9999943661219584,0.9999905171755957,0.9999893751916399,0.9999926310885002,-0.9999905171756,-0.9999893751916409,-0.9999926310885036,-0.9999912886355576,-0.9999870321712087,-0.9999863685688207,0.9999912886355564,0.9999883884961714,0.9999877248937806,0.9999999909809717,-0.999987386461881
1.000006537828752,-1.000005187858519,1.0000015443315693,1.0000051878585017,-1.0000065378287548,-1.000001544331577,-0.9999962341479925,0.9999962341479933,0.9999920588131735,0.9999943661219599,-0.9999920588131713,-0.9999943661219562,-0.9999905171755941,-0.9999893751916382,-0.9999926310884989,0.9999905171755975,0.9999893751916402,0.9999926310885034,0.9999912886355555,0.9999883884961615,0.9999877248937776,-0.9999912886355536,-0.9999870321712134,-0.9999863685688233,-0.999987386461881,0.9999999909809717
