0.999999998385209,-0.9999978381217302,0.9999982333161918,0.9999977601405576,-0.9999985261357098,0.9999987715263872,-0.999999023326669,-0.9999986751589529,0.9999992163554448,-0.999999347230577,0.99999935938369,0.9999993593836881,-0.9999993462779841,-0.9999993462779828,0.9999993383298027
-0.9999978381217302,0.9999999986148984,-0.9999983112973669,-0.9999978381217294,0.9999986854354893,-0.9999989308261508,0.9999991826264241,0.999998834458707,-0.9999993756551833,0.9999995065302936,-0.9999995186833937,-0.9999995186833923,0.9999995055776794,0.9999995055776795,-0.9999994976294929
0.9999982333161918,-0.9999983112973669,0.9999999990674657,0.9999982333161926,-0.9999989179927204,0.9999992447019528,-0.9999994965021975,-0.9999991483344911,0.9999996895309193,-0.9999998204059818,0.999999832559058,0.9999998325590562,-0.9999998194533212,-0.9999998194533193,0.9999998115051244
0.9999977601405576,-0.9999978381217294,0.9999982333161926,0.999999998385209,-0.9999985261357106,0.9999987715263877,-0.9999990233266705,-0.9999986751589538,0.9999992163554448,-0.999999347230577,0.9999993593836902,0.9999993593836891,-0.9999993462779851,-0.9999993462779846,0.9999993383298033
-0.9999985261357098,0.9999986854354893,-0.9999989179927204,-0.9999985261357106,0.9999999994896728,-0.9999994562027271,0.9999997893215347,0.99999944115386,-0.9999999823501999,1.0000001132252003,-1.0000001253782438,-1.000000125378242,1.0000001122724833,1.0000001122724826,-1.0000001043242779
0.9999987715263872,-0.9999989308261508,0.9999992447019528,0.9999987715263877,-0.9999994562027271,0.9999999998434935,-0.9999999533933419,-0.9999996052257271,1.000000227740544,-1.0000003586154682,1.0000003707684797,1.000000370768478,-1.0000003576626968,-1.0000003576626955,1.000000349714483
-0.999999023326669,0.9999991826264241,-0.9999994965021975,-0.9999990233266705,0.9999997893215347,-0.9999999533933419,1.0000000002065563,0.9999999383444501,-1.000000398221959,1.0000006104154249,-1.0000006225684108,-1.0000006225684088,1.000000609462601,1.0000006094626006,-1.000000601514379
-0.9999986751589529,0.999998834458707,-0.9999991483344911,-0.9999986751589538,0.99999944115386,-0.9999996052257271,0.9999999383444501,0.9999999997045445,-1.000000131373039,1.0000002622479622,-1.000000274400978,-1.0000002744009753,1.0000002612951953,1.000000261295194,-1.0000002533469836
0.9999992163554448,-0.9999993756551833,0.9999996895309193,0.9999992163554448,-0.9999999823501999,1.000000227740544,-1.000000398221959,-1.000000131373039,1.0000000004848775,-1.0000007221252298,1.0000008155967934,1.0000008155967917,-1.0000008024909643,-1.000000802490964,1.0000007945427372
-0.999999347230577,0.9999995065302936,-0.9999998204059818,-0.999999347230577,1.0000001132252003,-1.0000003586154682,1.0000006104154249,1.0000002622479622,-1.0000007221252298,1.0000000006735819,-1.0000008651528967,-1.000000865152891,1.0000009333656563,1.0000009333656545,-1.000000925417419
0.99999935938369,-0.9999995186833937,0.999999832559058,0.9999993593836902,-1.0000001253782438,1.0000003707684797,-1.0000006225684108,-1.000000274400978,1.0000008155967934,-1.0000008651528967,1.000000000691105,1.0000009586244232,-1.0000008641999647,-1.0000009455185714,1.0000009375703343
0.9999993593836881,-0.9999995186833923,0.9999998325590562,0.9999993593836891,-1.000000125378242,1.000000370768478,-1.0000006225684088,-1.0000002744009753,1.0000008155967917,-1.000000865152891,1.0000009586244232,1.000000000691105,-1.0000009455185712,-1.0000008641999591,1.000000937570333
-0.9999993462779841,0.9999995055776794,-0.9999998194533212,-0.9999993462779851,1.0000001122724833,-1.0000003576626968,1.000000609462601,1.0000002612951953,-1.0000008024909643,1.0000009333656563,-1.0000008641999647,-1.0000009455185712,1.0000000006722078,1.0000009324127175,-1.0000008431458713
-0.9999993462779828,0.9999995055776795,-0.9999998194533193,-0.9999993462779846,1.0000001122724826,-1.0000003576626955,1.0000006094626006,1.000000261295194,-1.000000802490964,1.0000009333656545,-1.0000009455185714,-1.0000008641999591,1.0000009324127175,1.0000000006722078,-1.0000008431458745
0.9999993383298027,-0.9999994976294929,0.9999998115051244,0.9999993383298033,-1.0000001043242779,1.000000349714483,-1.000000601514379,-1.0000002533469836,1.0000007945427372,-1.000000925417419,1.0000009375703343,1.000000937570333,-1.0000008431458713,-1.0000008431458745,1.0000000006607472
