0.9999999964952281,-0.9999939857722407,0.999999739737614,0.9999926827254654,1.0000102352777314,-1.0000084156839797,1.0000049183032913,1.000009124811565,-1.0000033075759749,-1.0000004157242377,1.0000062762601398,0.999996609318059,-1.000008330451951,-0.9999929718378373,0.9999906351273407,-0.999989312613695,0.999989256902323,-0.9999904673239665
-0.9999939857722407,0.9999999971770638,-0.9999986025019698,-0.9999915454908018,-1.000010709674166,1.0000088900798039,-1.000005392699567,-1.0000095992074893,1.000003781972462,1.0000008901207058,-1.0000067506564065,-0.9999970837153042,1.0000088048480107,0.9999934462353232,-0.9999911095255841,0.9999897870122607,-0.9999897313009022,0.9999909417222289
0.999999739737614,-0.9999986025019698,1.0000000031307086,0.9999972994470641,1.0000148520512995,-1.0000130324498906,1.0000095350596243,1.0000137415800263,-1.0000063126957632,-1.000003420834864,1.0000108930207177,1.0000012260512987,-1.000012947218337,-0.9999975885603825,0.9999952518449162,-0.9999939293281233,0.9999938736166227,-0.9999950840410838
0.9999926827254654,-0.9999915454908018,0.9999972994470641,0.9999999929878977,1.0000077949634498,-1.0000059753740709,1.0000024780011059,1.0000066845000062,-1.0000008672773502,-0.9999979754321694,1.0000038359548853,0.9999941690342812,-1.0000058901421351,-0.9999889199300563,0.9999881948566798,-0.9999868723458949,0.9999868166346436,-0.9999864154215284
1.0000102352777314,-1.000010709674166,1.0000148520512995,1.0000077949634498,1.0000000182157116,-1.0000219164624375,1.0000200306761624,1.0000242372312351,-1.0000184199314865,-1.0000155280456562,1.0000213886488851,1.0000117216004865,-1.0000234428632817,-1.0000080840793049,1.0000057473469044,-1.0000044248200952,1.000004369108172,-1.0000055795417322
-1.0000084156839797,1.0000088900798039,-1.0000130324498906,-1.0000059753740709,-1.0000219164624375,1.000000015600435,-1.0000165994336798,-1.000020805981532,1.0000166003238915,1.0000137084430791,-1.0000195690361922,-1.000009902004343,1.000021623247072,1.00000626448942,-1.0000039277609136,1.0000026052363284,-1.0000025495244984,1.000003759956024
1.0000049183032913,-1.000005392699567,1.0000095350596243,1.0000024780011059,1.0000200306761624,-1.0000165994336798,1.0000000105737261,1.0000189201991376,-1.000013102924033,-1.0000085994189012,1.0000160716287243,1.0000064046212005,-1.000018125834437,-1.0000027671156568,1.0000004303921273,-0.9999991078705418,0.9999990521588359,-1.0000002625876483
1.000009124811565,-1.0000095992074893,1.0000137415800263,1.0000066845000062,1.0000242372312351,-1.000020805981532,1.0000189201991376,1.0000000166196523,-1.0000173094562477,-1.0000144175736336,1.000020278170352,1.000010611132681,-1.0000207207503273,-1.00000697361554,1.0000046368857252,-1.0000033143603808,1.0000032586485217,-1.0000044690807375
-1.0000033075759749,1.000003781972462,-1.0000063126957632,-1.0000008672773502,-1.0000184199314865,1.0000166003238915,-1.000013102924033,-1.0000173094562477,1.0000000082586673,1.000008600318508,-1.0000128492569462,-1.0000047938927579,1.0000165150924236,1.0000011563915328,-0.9999988196702901,0.9999974971500838,-0.9999974414384369,0.9999986518660002
-1.0000004157242377,1.0000008901207058,-1.000003420834864,-0.9999979754321694,-1.0000155280456562,1.0000137084430791,-1.0000085994189012,-1.0000144175736336,1.000008600318508,1.0000000041022847,-1.0000115690128721,-1.0000002904063332,1.00001362321155,0.9999982645456478,-0.9999959278291268,0.9999946053117091,-0.9999945496001817,0.9999957600252108
1.0000062762601398,-1.0000067506564065,1.0000108930207177,1.0000038359548853,1.0000213886488851,-1.0000195690361922,1.0000160716287243,1.000020278170352,-1.0000128492569462,-1.0000115690128721,1.000000012525488,1.000007762579221,-1.0000178721726984,-1.0000041250697644,1.0000017883440449,-1.0000004658211625,1.0000004101094069,-1.000001620539394
0.999996609318059,-0.9999970837153042,1.0000012260512987,0.9999941690342812,1.0000117216004865,-1.000009902004343,1.0000064046212005,1.000010611132681,-1.0000047938927579,-1.0000002904063332,1.000007762579221,0.999999998631454,-1.0000098167725517,-0.999992846514782,0.9999921214353817,-0.9999907989210067,0.9999907432096046,-0.9999919536318885
-1.000008330451951,1.0000088048480107,-1.000012947218337,-1.0000058901421351,-1.0000234428632817,1.000021623247072,-1.000018125834437,-1.0000207207503273,1.0000165150924236,1.00001362321155,-1.0000178721726984,-1.0000098167725517,1.000000015477935,1.0000061792574892,-1.0000038425287567,1.0000025200040692,-1.0000024642922363,1.0000036747238599
-0.9999929718378373,0.9999934462353232,-0.9999975885603825,-0.9999889199300563,-1.0000080840793049,1.00000626448942,-1.0000027671156568,-1.00000697361554,1.0000011563915328,0.9999982645456478,-1.0000041250697644,-0.999992846514782,1.0000061792574892,0.999999993403428,-0.9999868723358334,0.9999871614569028,-0.9999871057456391,0.999988316164929
0.9999906351273407,-0.9999911095255841,0.9999952518449162,0.9999881948566798,1.0000057473469044,-1.0000039277609136,1.0000004303921273,1.0000046368857252,-0.9999988196702901,-0.9999959278291268,1.0000017883440449,0.9999921214353817,-1.0000038425287567,-0.9999868723358334,0.9999999900449603,-0.9999832131230388,0.9999847690439833,-0.9999859794617931
-0.999989312613695,0.9999897870122607,-0.9999939293281233,-0.9999868723458949,-1.0000044248200952,1.0000026052363284,-0.9999991078705418,-1.0000033143603808,0.9999974971500838,0.9999946053117091,-1.0000004658211625,-0.9999907989210067,1.0000025200040692,0.9999871614569028,-0.9999832131230388,0.9999999881441625,-0.9999818349034731,0.9999846569525117
0.999989256902323,-0.9999897313009022,0.9999938736166227,0.9999868166346436,1.000004369108172,-1.0000025495244984,0.9999990521588359,1.0000032586485217,-0.9999974414384369,-0.9999945496001817,1.0000004101094069,0.9999907432096046,-1.0000024642922363,-0.9999871057456391,0.9999847690439833,-0.9999818349034731,0.9999999880640909,-0.9999829896091755
-0.9999904673239665,0.9999909417222289,-0.9999950840410838,-0.9999864154215284,-1.0000055795417322,1.000003759956024,-1.0000002625876483,-1.0000044690807375,0.9999986518660002,0.9999957600252108,-1.000001620539394,-0.9999919536318885,1.0000036747238599,0.999988316164929,-0.9999859794617931,0.9999846569525117,-0.9999829896091755,0.9999999898037829
