1.0000000005895313,-0.7960260848618931,-0.7960422552667549,0.7960329883340891,-0.7958744675287251,0.267218078665459,0.9999589941115811,-0.7961315785232617,0.2674779160260472,-0.1796754366285053,0.1796684640312146,0.17967899841464982,-0.17967543662850344,0.17966846403121428,0.17967899841464907,0.1796749664040142,-0.17967172066757875,-0.26079476774071486,0.2581979307187545,0.26329910318964656,0.26570965850510847,-0.26570961511816754,-0.23750830347091345,0.23750626993069016,-0.2632993799753723,0.17925166390817857,-0.17943910103692232,-0.1790658508700036,-0.17876405714930793,0.1789216318866893,0.1786146784015452,-0.21647673957200247,0.042245510190008675,0.2882487064241758,0.24277615570374042,-0.25992085430101936,-0.22255327986137793,0.26729655815467207,0.2673975734369634,-0.17960867098534614,0.09033216304082366,0.17964000407989286,0.0903134863022735,-0.17949821579438355,-0.17962609623573594,-0.1796551928815921,-0.17965519288159404,0.17902796143660168,-0.17894064261353151,-0.17899423810266046,0.17896500004936916,0.1509752196200942,-0.17847580190363477,-0.27991846770696405,0.2680248888259516,-0.25550938579322163,0.2657100660930474,0.203578991219322,-0.265710291234256,-0.20749317061614989,0.21888049537970605,0.21134891530320254,-0.2151451518420068
-0.7960260848618931,1.0000000004912126,0.26733782668365447,-0.2673237561099681,0.2670987306949332,0.3705398520661299,-0.7958444827832878,0.9999751951933503,-0.7961282891839192,-0.4523885126830785,0.452395076567201,0.45238502426752164,-0.4523885126830769,0.45239507656719985,0.45238502426751837,0.4523887755253914,-0.45239211819445735,0.28463935157129894,-0.27145742688244445,-0.29772386048571,-0.31070716846461915,0.31071132998787626,0.17665618553741838,-0.17665345608437197,0.2977193336875409,-0.7381492848765248,0.7382779100280163,0.7380221117480775,0.7378145097532254,-0.7379231143417544,-0.7377116645369186,0.09287225782481576,0.4010541280151585,-0.4680793618551129,-0.7506207385492887,0.7369016239758341,0.754788543276533,-0.7960162427667853,0.3703690646527651,-0.45244892558708705,0.530883091792444,0.4524207880528841,-0.6746822039118243,-0.45254790580805737,0.7384054025097694,-0.45240696041215017,-0.45240696041214906,-0.7379961115766226,0.7379361928017611,0.7379730462915826,-0.7379529864054227,-0.7148103495505435,0.7376161812783375,0.3983801077266415,-0.3236061918387742,0.2581814874150545,-0.31070097522115975,-0.7509487503821299,0.3106954272598679,0.7522294778303737,-0.7545347758906219,-0.7532545131030794,0.7540231965349212
-0.7960422552667549,0.26733782668365447,1.0000000007766199,-1.0000012474549327,0.9999737955598386,-0.7959486701093399,-0.7961568816606093,0.2675320085375122,0.37026545001926014,0.7384231403085807,-0.7384186038061722,-0.7384253222662451,0.7384231403085756,-0.7384186038061709,-0.7384253222662412,-0.738422654548402,0.7384208299981395,0.130536454364403,-0.13958356645794548,-0.12143949897736185,-0.11229444982362916,0.11229021938280774,0.20144249283378554,-0.20144198468843189,0.12144446625376504,0.4527481364190454,-0.45257834957942905,-0.4529167893734913,-0.4531896605495176,0.45304739723102166,0.45332463464923545,0.25174057112215426,-0.4682753813222504,0.00918687961816474,0.3640950904977895,-0.32308456121927054,-0.4004550987413603,0.3704418826881697,-0.7960639014294771,0.7383772624275003,-0.6746770544965368,-0.7383990070747126,0.530876278115777,0.7383004282794733,-0.45240809880226124,0.738409359981994,0.738409359981995,0.45295111185004455,-0.4530302098524598,-0.4529817363231939,0.45300822515906886,0.4744238365828879,-0.4534502504854016,0.04724659168753368,-0.10308193180174308,0.14857869794894954,-0.11230129168553454,0.4268204713832596,0.11230719784851642,-0.4218701859406015,0.4060480043897584,0.41675724633531525,-0.4114827017047774
0.7960329883340891,-0.2673237561099681,-1.0000012474549327,1.0000000005365541,-0.9999734782364509,0.7959572957918228,0.7961477509297307,-0.2675177893820626,-0.37027895584589865,-0.7384328291637564,0.738428292414563,0.7384350112455573,-0.7384328291637506,0.7384282924145612,0.7384350112455532,0.7384323433906399,-0.7384305187252537,-0.1305525413899071,0.139599949220317,0.12145528452198663,0.11230992819747225,-0.11230569766919736,-0.20146078037349024,0.20146027228696878,-0.12146025189868502,-0.4527610414985124,0.45259125618333645,0.45292969310999537,0.4532025631074782,-0.45306030023634175,-0.4533375368577886,-0.251760241031501,0.4682976814789425,-0.009175856268945745,-0.3641014994727807,0.32308848585914596,0.4004639103486427,-0.3704553404910164,0.7960722510981982,-0.7383869487747162,0.6746876744939714,0.7384086946313011,-0.5308885305869916,-0.7383100901550217,0.452421030465772,-0.7384190481076468,-0.7384190481076482,-0.4529640151246115,0.4530431126988841,0.45299463929832456,-0.4530211279932904,-0.47443874845959677,0.45346315240398444,-0.04725976980421048,0.10309709690128968,-0.1485953706333027,0.11231677022205389,-0.42683119888802656,-0.11232267651866899,0.4218805374480771,-0.4060572061125281,-0.41676721813656176,0.41149229020370837
-0.7958744675287251,0.2670987306949332,0.9999737955598386,-0.9999734782364509,0.9999999997996569,-0.7960906351500804,-0.7960565280996577,0.2673454703120537,0.37046195609652727,0.738565604199433,-0.738561184392311,-0.7385677262814949,0.7385656041994282,-0.7385611843923088,-0.7385677262814906,-0.7385651237580189,0.738563355611222,0.12349305510505253,-0.13252218704376809,-0.11441656685716192,-0.1052944762924268,0.1052902475398884,0.1943252694240599,-0.19432475507014782,0.11442153099472266,0.4529488946811658,-0.4527790495525254,-0.4531175487140442,-0.45339006246910973,0.4532480461834492,0.45352477694206067,0.24467353815635492,-0.463329453730203,0.015666606939070186,0.3665210495365667,-0.3262489589399026,-0.4021117784807347,0.3706548655906216,-0.7961878788537277,0.7385208776295215,-0.6748393676532478,-0.738542072088754,0.5310629424560324,0.7384530738476113,-0.4526004738423487,0.7385521630154808,0.7385521630154821,0.4531519369462848,-0.45323096314390715,-0.45318258127029865,0.45320904522687866,0.47382103602562764,-0.4536501400787277,0.040476369737457225,-0.09610743252949669,0.14150182837237493,-0.10530130499143497,0.4278202811682976,0.10530720329443384,-0.4230021463557203,0.4075741769513412,0.4180210124996185,-0.41287788693384503
0.267218078665459,0.3705398520661299,-0.7959486701093399,0.7959572957918228,-0.7960906351500804,1.0000000001161713,0.26746504276675553,0.37031912151536284,-0.8570400013495892,-0.9959651437025571,0.9959649330555327,0.9959650356444151,-0.9959651437025514,0.9959649330555304,0.9959650356444095,0.995964842364652,-0.9959652022129659,0.05532352607963291,-0.038329053118225355,-0.072304020915582,-0.08926647217804733,0.08927316329096048,-0.08082569539856503,0.0808269180171889,0.07229639061928331,-0.9001256989365819,0.9000428197071315,0.9002083782102402,0.9003408712097442,-0.9002720476071453,-0.9004062823581235,-0.18195210415590274,0.701630303007579,-0.3050386281159278,-0.823251283171943,0.7753509169502449,0.8606592175348593,-0.8571446553670546,0.9999978534109931,-0.995959255045419,0.9838337497241969,0.9959623562916238,-0.9355610328356441,-0.9959507075510096,0.899956021975884,-0.9959635620977508,-0.9959635620977532,-0.9002251512110443,0.900263730950849,0.9002401879696432,-0.9002531113422699,-0.9060900996324953,0.9004672999039081,0.2069593322302836,-0.10624017296556021,0.02132479745071778,-0.08925599158330724,-0.8834411145810279,0.08924681645113097,0.879518216942986,-0.8658471511088681,-0.875277813632651,0.8707204875757945
0.9999589941115811,-0.7958444827832878,-0.7961568816606093,0.7961477509297307,-0.7960565280996577,0.26746504276675553,1.000000000710847,-0.7960166249611502,0.26725211852511493,-0.17990919458935473,0.1799023673566869,0.17991268178169817,-0.17990919458935253,0.17990236735668608,0.17991268178169745,0.17990873095808577,-0.17990555551423948,-0.25199337600330346,0.24937399007827143,0.25452336786505425,0.25696269260834564,-0.25696265115976974,-0.2286140172265327,0.2286119755957517,-0.2545236409535359,0.17900516415084333,-0.17919270686744154,-0.1788193176125696,-0.17851792042244088,0.17867521226980193,0.1783688417865281,-0.20764469579849776,0.036061622643854575,0.28015286714514737,0.23974846586197746,-0.25597016619093554,-0.22048708057302466,0.2670500441699867,0.26762279680198403,-0.17984386333658112,0.09057609975711425,0.1798745108803117,0.0900693994583569,-0.17974472651714937,-0.17939018536379817,-0.17988937328274962,-0.17988937328275173,0.17878133907874302,-0.17869409529786218,-0.17874758498956664,0.17871837311294,0.15173276151847737,-0.17823025851383212,-0.27145915712978647,0.25930983476591973,-0.24666600755468657,0.2569630840103546,0.20233374943231455,-0.25696329955938363,-0.20608276514802473,0.21697740270380325,0.20977377793070692,-0.21340576663215927
-0.7961315785232617,0.9999751951933503,0.2675320085375122,-0.2675177893820626,0.2673454703120537,0.37031912151536284,-0.7960166249611502,1.0000000011899852,-0.7959987374220767,-0.45219055138438913,0.4521970018069667,0.4521871211913467,-0.45219055138438735,0.45219700180696576,0.4521871211913433,0.4521908090989683,-0.4521940968900132,0.2777475082133431,-0.2645472646118968,-0.2908527693498689,-0.3038592669662355,0.30386343008712824,0.16968631993564137,-0.16968358381007762,0.29084823959147443,-0.7379910955011064,0.7381198294086893,0.7378638706005606,0.7376565395312223,-0.7377649429477744,-0.7375539101688501,0.08594723859148497,0.405924962477209,-0.46174980686639067,-0.7482809905621929,0.733837059840816,0.7532033585098247,-0.7958697097005774,0.37016542546053893,-0.45224984436899784,0.5306896498070052,0.45222224217294177,-0.6745137091961811,-0.4523399290104903,0.7382556010824599,-0.4522086693717836,-0.45220866937178206,-0.7378377950990551,0.7377779234683276,0.7378147009909394,-0.7377946577168724,-0.7154387168867835,0.7374586387809116,0.3917620647686934,-0.3167839406564803,0.25125544269084366,-0.30385306091540915,-0.750007492058902,0.3038475053274377,0.7511586930901519,-0.7530775469162023,-0.7520545299130346,0.7526943838856665
0.2674779160260472,-0.7961282891839192,0.37026545001926014,-0.37027895584589865,0.37046195609652727,-0.8570400013495892,0.26725211852511493,-0.7959987374220767,1.000000000974485,0.8998232059659453,-0.8998266482737621,-0.8998212320452731,0.8998232059659415,-0.8998266482737599,-0.899821232045269,-0.8998231526301427,0.8998252115877325,-0.19021038985981575,0.1718146030976075,0.20854434824934623,0.22681173175355848,-0.2268184010614244,-0.041552971951299957,0.041550657658427415,-0.20853686359590462,0.9959016704901646,-0.9959190700760973,-0.9958849768371941,-0.9958563045061556,0.99587159034092,0.9958419976293299,0.07079324464452501,-0.6822931954272311,0.45498701241741735,0.9515467363020494,-0.9123319715435011,-0.9786424522989183,0.9999986164087663,-0.8569526792942546,0.8998522736547009,-0.9354605990221866,-0.8998389763557261,0.9837821547953597,0.899896587170668,-0.9959380284812838,0.899832229828905,0.8998322298289056,0.995881443806142,-0.9958733725280042,-0.9958784324893881,0.995875735663778,0.9872676227409714,-0.9958289092149869,-0.35225876465691286,0.2450410243523841,-0.15336160999826873,0.22680146009319216,0.9917059425477002,-0.22679239983604724,-0.9897900632685588,0.981951454214704,0.9875256372088217,-0.9849127004874272
-0.1796754366285053,-0.4523885126830785,0.7384231403085807,-0.7384328291637564,0.738565604199433,-0.9959651437025571,-0.17990919458935473,-0.45219055138438913,0.8998232059659453,1.0000000023337792,-1.0000040053619883,-1.000003187304531,1.0000032863874033,-1.0000036821796283,-1.0000028641221717,-1.000003020792768,1.0000036718200327,-0.07843463004987719,0.060836758279530986,0.0960104406914369,0.11355992207756674,-0.11356674964449992,0.06275654468542022,-0.06275798444245918,-0.0960026755656052,0.9355873585354653,-0.935520232133339,-0.9356544512199195,-0.9357617110640503,0.9357060496526377,0.935814656613104,0.1679409817404456,-0.7140162269614677,0.3361184238138379,0.8622829151392711,-0.8147322250126487,-0.8988451786449334,0.8999079844281178,-0.995951840877514,1.0000031123768043,-0.99593718295574,-1.000003542097289,0.9634805974537195,1.00000133809639,-0.9354518205101692,1.0000034450764717,1.0000034450764725,0.9356680222786241,-0.9356992958267439,-0.935680224316323,0.9356907016536887,0.9393094401351851,-0.9358640930362927,-0.23511482402030312,0.13111284404108442,-0.04322118350289748,0.11354925589066957,0.9205543947168675,-0.11353990723439025,-0.9168701417877395,0.9038428705686135,0.9128564127093751,-0.9085137165072595
0.1796684640312146,0.452395076567201,-0.7384186038061722,0.738428292414563,-0.738561184392311,0.9959649330555327,0.1799023673566869,0.4521970018069667,-0.8998266482737621,-1.0000040053619883,1.0000000028961253,1.0000032597596935,-1.0000036821796243,1.0000040782730044,1.0000032597596884,1.000003416599383,-1.0000043909543233,0.07845178673449071,-0.0608539129834359,-0.09602759330339314,-0.113577064539456,0.11358389211141239,-0.06273957335570175,0.06274101311510606,0.09601982817604635,-0.935590253147079,0.9355231278132737,0.9356573446502862,0.9357646017951659,-0.9357089419244918,-0.9358175458287107,-0.16792440173016118,0.7140061568996576,-0.33613488597442814,-0.8622909716582814,0.8147419369881465,0.8988514773080064,-0.8999114613217043,0.9959515913952324,-1.0000035111209713,0.9959382280829592,1.000003939435159,-0.9634828893604108,-1.000001757168505,0.9354546993347163,-1.0000038417424721,-1.0000041649248308,-0.9356709156100123,0.9357021884459726,0.9356831174759574,-0.9356935945730559,-0.9393104041950454,0.9358669808186797,0.2351317258243697,-0.1311299702515893,0.04323833017737969,-0.11356639836983388,-0.9205591681783247,0.11355704971983296,0.9168752236561223,-0.9038488677699908,-0.912861801403048,0.9085194103472854
0.17967899841464982,0.45238502426752164,-0.7384253222662451,0.7384350112455573,-0.7385677262814949,0.9959650356444151,0.17991268178169817,0.4521871211913467,-0.8998212320452731,-1.000003187304531,1.0000032597596935,1.000000001734105,-1.0000028641221714,1.0000032597596917,1.0000024419364577,1.0000025985202017,-1.0000032494727171,0.07842580789158021,-0.060827941149631366,-0.09600161661620567,-0.11355109921018518,0.11355792677301378,-0.06276523953692079,0.06276667929237024,0.0959938514928838,-0.9355856597983772,0.9355185328584609,0.9356527530784878,0.9357600142907859,-0.9357043520975665,-0.9358129606090981,-0.16794945179920268,0.7140212318249685,-0.33610989931846214,-0.8622785842052292,0.814727055389789,0.8988417414526944,-0.8999059927583605,0.9959517527411658,-1.0000026885961073,0.9959364262553448,1.000003119038464,-0.9634792038903591,-1.0000009038893305,0.9354501298887486,-1.0000030223626002,-1.0000030223626006,-0.9356663241859191,0.9356975980945508,0.9356785263098596,-0.9356890037688625,-0.9393087312690186,0.9358623977598534,0.23510609693982645,-0.13110402551196607,0.04321237450947549,-0.11354043301680851,-0.920551735260731,0.11353108435939843,0.9168673249075183,-0.9038395869383249,-0.9128534392914888,0.9085105874879381
-0.17967543662850344,-0.4523885126830769,0.7384231403085756,-0.7384328291637506,0.7385656041994282,-0.9959651437025514,-0.17990919458935253,-0.45219055138438735,0.8998232059659415,1.0000032863874033,-1.0000036821796243,-1.0000028641221714,1.0000000023337792,-1.0000040053619774,-1.0000031873045225,-1.000003020792762,1.0000036718200267,-0.07843463004987702,0.06083675827953083,0.09601044069143645,0.11355992207756611,-0.11356674964449932,0.06275654468541965,-0.06275798444245871,-0.09600267556560493,0.9355873585354613,-0.935520232133334,-0.9356544512199148,-0.935761711064045,0.9357060496526326,0.9358146566130989,0.1679409817404448,-0.7140162269614637,0.3361184238138362,0.8622829151392664,-0.8147322250126442,-0.8988451786449283,0.8999079844281119,-0.995951840877508,1.000003112376799,-0.9959371829557341,-1.0000035420972833,0.9634805974537137,1.000001338096384,-0.9354518205101635,1.0000034450764659,1.0000034450764663,0.9356680222786189,-0.9356992958267389,-0.935680224316319,0.9356907016536833,0.9393094401351801,-0.9358640930362889,-0.23511482402030182,0.13111284404108373,-0.04322118350289754,0.11354925589066896,0.9205543947168637,-0.11353990723438992,-0.9168701417877344,0.903842870568608,0.9128564127093719,-0.9085137165072535
0.17966846403121428,0.45239507656719985,-0.7384186038061709,0.7384282924145612,-0.7385611843923088,0.9959649330555304,0.17990236735668608,0.45219700180696576,-0.8998266482737599,-1.0000036821796283,1.0000040782730044,1.0000032597596917,-1.0000040053619774,1.0000000028961253,1.0000032597596855,1.0000034165993807,-1.0000043909543221,0.0784517867344936,-0.060853912983438584,-0.09602759330339582,-0.11357706453945876,0.11358389211141523,-0.0627395733556986,0.06274101311510308,0.09601982817604897,-0.9355902531470762,0.935523127813273,0.9356573446502838,0.9357646017951644,-0.9357089419244908,-0.9358175458287097,-0.16792440173015816,0.7140061568996542,-0.3361348859744303,-0.8622909716582798,0.8147419369881457,0.8988514773080056,-0.8999114613217032,0.9959515913952306,-1.0000035111209684,0.9959382280829565,1.0000039394351572,-0.9634828893604094,-1.000001757168502,0.9354546993347136,-1.0000041649248306,-1.0000038417424701,-0.9356709156100096,0.9357021884459713,0.935683117475955,-0.935693594573055,-0.9393104041950433,0.9358669808186785,0.23513172582437167,-0.1311299702515919,0.043238330177382364,-0.11356639836983655,-0.9205591681783241,0.1135570497198357,0.9168752236561202,-0.9038488677699903,-0.912861801403047,0.9085194103472837
0.17967899841464907,0.45238502426751837,-0.7384253222662412,0.7384350112455532,-0.7385677262814906,0.9959650356444095,0.17991268178169745,0.4521871211913433,-0.899821232045269,-1.0000028641221717,1.0000032597596884,1.0000024419364577,-1.0000031873045225,1.0000032597596855,1.000000001734105,1.0000025985201961,-1.0000032494727114,0.0784258078915801,-0.06082794114963142,-0.09600161661620549,-0.11355109921018493,0.11355792677301361,-0.06276523953692016,0.06276667929236955,0.09599385149288345,-0.9355856597983714,0.9355185328584562,0.935652753078482,0.9357600142907805,-0.9357043520975611,-0.9358129606090912,-0.167949451799201,0.7140212318249631,-0.3361098993184603,-0.8622785842052247,0.8147270553897836,0.8988417414526887,-0.8999059927583548,0.99595175274116,-1.0000026885961015,0.9959364262553392,1.0000031190384582,-0.9634792038903536,-1.000000903889324,0.9354501298887432,-1.0000030223625944,-1.0000030223625953,-0.9356663241859146,0.9356975980945451,0.9356785263098543,-0.9356890037688571,-0.9393087312690129,0.9358623977598475,0.23510609693982565,-0.13110402551196573,0.04321237450947566,-0.11354043301680813,-0.9205517352607253,0.11353108435939824,0.9168673249075138,-0.9038395869383191,-0.9128534392914839,0.908510587487933
0.1796749664040142,0.4523887755253914,-0.738422654548402,0.7384323433906399,-0.7385651237580189,0.995964842364652,0.17990873095808577,0.4521908090989683,-0.8998231526301427,-1.000003020792768,1.000003416599383,1.0000025985202017,-1.000003020792762,1.0000034165993807,1.0000025985201961,1.0000000019565638,-1.0000037294153346,0.07843542127996306,-0.060837553815203706,-0.09601122733522598,-0.1135607038542479,0.11356753141959287,-0.062755726918516,0.062757166675491,0.09600346221141638,-0.9355872615218511,0.9355201352058528,0.9356543541151895,0.9357616137760701,-0.9357059524662585,-0.9358145592262496,-0.16794015617251765,0.7140155725405635,-0.33611911779729386,-0.8622830803232494,0.8147324803241592,0.8988452516102573,-0.8999079326334204,0.9959515377476754,-1.0000028469241886,0.9959369574018975,1.0000032765769675,-0.9634804562584152,-1.0000010735857738,0.9354517228490379,-1.0000031795238615,-1.0000031795238629,-0.9356679251618346,0.9356991986600218,0.9356801271849434,-0.9356906045055035,-0.9393092508727747,0.9358639955563482,0.23511556403306025,-0.1311136206606817,0.04322198306258842,-0.11355003767101596,-0.9205543901755975,0.11354068901753038,0.9168701527398544,-0.9038429280351342,-0.9128564391638017,0.9085137584682258
-0.17967172066757875,-0.45239211819445735,0.7384208299981395,-0.7384305187252537,0.738563355611222,-0.9959652022129659,-0.17990555551423948,-0.4521940968900132,0.8998252115877325,1.0000036718200327,-1.0000043909543233,-1.0000032494727171,1.0000036718200267,-1.0000043909543221,-1.0000032494727114,-1.0000037294153346,1.0000000028812581,-0.07844373044879815,0.06084585416191726,0.0960195423970341,0.11356902186638936,-0.11357584943725517,0.06274757025833516,-0.06274901001702438,-0.09601177726896347,0.935589075714062,-0.9355219498760766,-0.9356561677747822,-0.9357634261928616,0.9357077655955451,0.9358163709411744,0.1679322352543609,-0.7140110352752932,0.3361272072163453,0.8622873511957869,-0.8147375283111623,-0.89884869107167,0.8999100083360975,-0.9959518788457113,1.0000034993740747,-0.9959379165791525,-1.000003928349261,0.9634819955887838,1.000001735845709,-0.935453529342365,1.0000038309723,1.0000038309723012,0.9356697387812828,-0.9357010119532247,-0.9356819407283191,0.9356924179387714,0.9393101357173188,-0.9358658066071366,-0.23512382032462723,0.1311219386825249,-0.04323027166221945,0.11355835568664988,0.9205571037861976,-0.11354900703195114,-0.9168730134391944,0.9038462243464385,0.9128594460413253,-0.9085169105666673
-0.26079476774071486,0.28463935157129894,0.130536454364403,-0.1305525413899071,0.12349305510505253,0.05532352607963291,-0.25199337600330346,0.2777475082133431,-0.19021038985981575,-0.07843463004987719,0.07845178673449071,0.07842580789158021,-0.07843463004987702,0.0784517867344936,0.0784258078915801,0.07843542127996306,-0.07844373044879815,1.0000000005417105,-0.999824681117827,-0.9998248865301753,-0.9992943908258526,0.9992948823583446,0.9887089337686744,-0.988709071615728,0.9998242229418184,-0.17181078710797684,0.17184435225111278,0.17177012821248241,0.17165676715539033,-0.17172392175091797,-0.1715897850482123,0.9655411923139434,-0.584299563018088,-0.9604322711714557,-0.47246891332458774,0.5687646856197613,0.37016606566113053,-0.1923351737784059,0.05299981057310139,-0.07860294186867363,0.10364776779131356,0.07852269364703589,-0.14998483550515362,-0.07981646258846312,0.17079268216801757,-0.07848438080820996,-0.07848438080820956,-0.17177042748989943,0.1717418025793042,0.1717656307713714,-0.17175593680369533,-0.05944867751890155,0.17152604811514968,0.9856974197352667,-0.9984098259409367,0.9992956208255352,-0.9992950922584078,-0.28136319371421464,0.9992951902334453,0.29932621976563895,-0.35262030267410005,-0.3171939650644411,0.33496072028131774
0.2581979307187545,-0.27145742688244445,-0.13958356645794548,0.139599949220317,-0.13252218704376809,-0.038329053118225355,0.24937399007827143,-0.2645472646118968,0.1718146030976075,0.060836758279530986,-0.0608539129834359,-0.060827941149631366,0.06083675827953083,-0.060853912983438584,-0.06082794114963142,-0.060837553815203706,0.06084585416191726,-0.999824681117827,1.000000000505578,0.9992953587815421,0.9984124316884001,-0.998412794849935,-0.9913489048326538,0.9913490844536647,-0.9992951634984757,0.15327870875403002,-0.1533123774707121,-0.15323791383576138,-0.15312421772852913,0.1531915654444603,0.15305703883095528,-0.9702587139155061,0.5994380281233219,0.955031966779381,0.45583297023353814,-0.5532169387819679,-0.3526538610541387,0.17394559811127416,-0.03599961194457277,0.06100513921153241,-0.0855952499552494,-0.060924848012469605,0.13146079106484956,0.062221702162437165,-0.15225747329468525,0.06088652198478457,0.06088652198478384,0.15323821410945843,-0.15320950062967484,-0.15323340022886955,0.15322367615881638,0.04069037763679212,-0.1529931103363007,-0.982358357252357,0.9971745989233314,-0.9998249284645502,0.9984133358998373,0.2632912850397128,-0.9984136109055697,-0.2813535252519553,0.3349834833384694,0.29932687108224365,-0.31720559312430074
0.26329910318964656,-0.29772386048571,-0.12143949897736185,0.12145528452198663,-0.11441656685716192,-0.072304020915582,0.25452336786505425,-0.2908527693498689,0.20854434824934623,0.0960104406914369,-0.09602759330339314,-0.09600161661620567,0.09601044069143645,-0.09602759330339582,-0.09600161661620549,-0.09601122733522598,0.0960195423970341,-0.9998248865301753,0.9992953587815421,1.0000000009435424,0.9998242006831438,-0.9998251436346226,-0.9857195182376819,0.9857196142524691,-1.0000011664081667,0.19028768473642768,-0.1903211341856212,-0.19024717649067563,-0.19013419094667275,0.19020112848326376,0.19006742949720032,-0.9604817899555922,0.5689506217829321,0.9654954503764934,0.48894309447792866,-0.5841163935570326,-0.3875528418312413,0.21066217091311296,-0.06998685167993399,0.09617862398740144,-0.12166935348569466,-0.09609844707101518,0.1684615113314744,0.09738867389044734,-0.18927306940106328,0.09606016094368693,0.09606016094368634,0.19024747471953873,-0.19021894861234873,-0.1902426969056718,0.1902330365058039,0.07819148890692451,-0.19000390683339835,-0.9886898453526729,0.9992933187714708,-0.9984140747424566,0.999824699027881,0.2993411541469497,-0.9998246198839185,-0.31719860235385966,0.3701379175931756,0.33495441515673585,-0.35260290532216515
0.26570965850510847,-0.31070716846461915,-0.11229444982362916,0.11230992819747225,-0.1052944762924268,-0.08926647217804733,0.25696269260834564,-0.3038592669662355,0.22681173175355848,0.11355992207756674,-0.113577064539456,-0.11355109921018518,0.11355992207756611,-0.11357706453945876,-0.11355109921018493,-0.1135607038542479,0.11356902186638936,-0.9992943908258526,0.9984124316884001,0.9998242006831438,1.000000000228827,-1.0000013932519165,-0.9823799882999452,0.9823800424347059,-0.999823570293582,0.20870467437591111,-0.2087379959320415,-0.20866433148604754,-0.208551762077885,0.20861845852807126,0.20848524523855536,-0.9550803720078025,0.5533941050471358,0.9702189199325101,0.5052508484129847,-0.599267533826768,-0.40480944718430917,0.2289218419215179,-0.08695667138093433,0.11372791722702597,-0.13965556879006916,-0.11364784004319697,0.18688614970764475,0.11493406691800669,-0.20769390811618577,0.11360959419933615,0.11360959419933554,0.20866462862649174,-0.20863621160000134,-0.2086598714728671,0.20865024812069086,0.09691417883819069,-0.20842195963056687,-0.9913335165711491,0.9998234537931979,-0.997178770551413,1.0000006172253244,0.317220405802444,-1.0000003609164185,-0.33496591276232884,0.3875315787310334,0.3526034630587236,-0.3701273935756296
-0.26570961511816754,0.31071132998787626,0.11229021938280774,-0.11230569766919736,0.1052902475398884,0.08927316329096048,-0.25696265115976974,0.30386343008712824,-0.2268184010614244,-0.11356674964449992,0.11358389211141239,0.11355792677301378,-0.11356674964449932,0.11358389211141523,0.11355792677301361,0.11356753141959287,-0.11357584943725517,0.9992948823583446,-0.998412794849935,-0.9998251436346226,-1.0000013932519165,1.0000000012909964,0.9823794506999655,-0.9823795048217228,0.999824190008093,-0.2087114869937914,0.20874480831063338,0.20867114434810655,0.20855857534404285,-0.2086252715823577,-0.20849205870821444,0.9550790689120423,-0.5533888489222528,-0.9702212945102486,-0.5052571008658867,0.5992734316374526,0.4048159746170695,-0.22892851070606818,0.08696336312356208,-0.11373474481225067,0.13966247680383753,0.11365466762283127,-0.18689305021214014,-0.11494089413483975,0.2077007206963265,-0.11361642177384837,-0.11361642177384758,-0.2086714415339928,0.20864302462439144,0.20866668442379158,-0.20865706111083993,-0.0969210266155587,0.2084287732915407,0.9913351522664935,-0.9998246529300265,0.9971790052395676,-1.000001688172187,-0.3172270988138912,1.0000011086148206,0.3349725774035505,-0.3875381440112356,-0.352610096951305,0.37013399434570043
-0.23750830347091345,0.17665618553741838,0.20144249283378554,-0.20146078037349024,0.1943252694240599,-0.08082569539856503,-0.2286140172265327,0.16968631993564137,-0.041552971951299957,0.06275654468542022,-0.06273957335570175,-0.06276523953692079,0.06275654468541965,-0.0627395733556986,-0.06276523953692016,-0.062755726918516,0.06274757025833516,0.9887089337686744,-0.9913489048326538,-0.9857195182376819,-0.9823799882999452,0.9823794506999655,1.0000000002366787,-1.0000011262417379,0.985720339136796,-0.022246738453147386,0.02228080044147544,0.02220539395944233,0.02209047667956009,-0.02215851013153356,-0.02202258482848933,0.9936381822713128,-0.6993126550495157,-0.9078505127035467,-0.3350621559809066,0.4390887344421518,0.22677888673540897,-0.043706303178364374,-0.08317212248948215,0.0625893447729313,-0.041419223564622736,-0.06266914284318316,-0.0006995987427372593,0.06136354741022909,0.02121372621333427,0.0627071822848355,0.06270718228483634,-0.022205697760694657,0.022176648110425218,0.022200811118511764,-0.02219097245314253,0.0908097610489975,0.02195794791481403,0.9493124014361627,-0.9786854731870721,0.9936390012927854,-0.9823823007748759,-0.13438793988736003,0.9823838103119295,0.1529650346697799,-0.2084122611388736,-0.17149874692805114,0.18998326357643516
0.23750626993069016,-0.17665345608437197,-0.20144198468843189,0.20146027228696878,-0.19432475507014782,0.0808269180171889,0.2286119755957517,-0.16968358381007762,0.041550657658427415,-0.06275798444245918,0.06274101311510606,0.06276667929237024,-0.06275798444245871,0.06274101311510308,0.06276667929236955,0.062757166675491,-0.06274901001702438,-0.988709071615728,0.9913490844536647,0.9857196142524691,0.9823800424347059,-0.9823795048217228,-1.0000011262417379,1.0000000009038899,-0.9857204351659831,0.022244568429146145,-0.022278630087871284,-0.022203224253824774,-0.022088307447886254,0.02215634065955917,0.022020415820993462,-0.9936392177290411,0.6993145415500233,0.9078500253434635,0.3350602599065204,-0.43908698256031764,-0.2267768706031173,0.0437039912892577,0.08317334689446912,-0.06259078454075642,0.041420867008582586,0.06267058260788042,0.0006975871844307753,-0.06136498627206837,-0.021211554465174486,-0.06270862204682925,-0.06270862204682986,0.022203528128672323,-0.02217447861916018,-0.022198641546763657,0.022188802928407265,-0.09081197426233334,-0.0219557791138724,-0.9493121623067912,0.9786854853384284,-0.9936395458012739,0.9823823549304923,0.13438584328591377,-0.9823838644856656,-0.1529629527350523,0.20841022749399793,0.17149668037756483,-0.18998121312391666
-0.2632993799753723,0.2977193336875409,0.12144446625376504,-0.12146025189868502,0.11442153099472266,0.07229639061928331,-0.2545236409535359,0.29084823959147443,-0.20853686359590462,-0.0960026755656052,0.09601982817604635,0.0959938514928838,-0.09600267556560493,0.09601982817604897,0.09599385149288345,0.09600346221141638,-0.09601177726896347,0.9998242229418184,-0.9992951634984757,-1.0000011664081667,-0.999823570293582,0.999824190008093,0.985720339136796,-0.9857204351659831,1.0000000002541114,-0.19028001820990156,0.19031346797061321,0.19023950964618158,0.1901265235692103,-0.19019346138642604,-0.19005976185014195,0.9604834714819975,-0.5689566912534372,-0.9654929721027794,-0.4889361259999058,0.5841098468538336,0.38754554036850825,-0.2106546871799388,0.06997922024280026,-0.09617085888155899,0.1216615177532645,0.09609068195218169,-0.16845372509546722,-0.0973809094282982,0.18926540281359125,-0.09605239582139267,-0.09605239582139206,-0.19023980781659475,0.19021128155594028,0.19023502994646935,-0.19022536949509963,-0.0781837582765486,0.18999623893304451,0.9886882080478577,-0.9992925433185629,0.9984140246220219,-0.9998240687241242,-0.2993336463240932,0.999823989655212,0.3171911304757082,-0.3701305695493605,-0.3349469818946002,0.35259551334103867
0.17925166390817857,-0.7381492848765248,0.4527481364190454,-0.4527610414985124,0.4529488946811658,-0.9001256989365819,0.17900516415084333,-0.7379910955011064,0.9959016704901646,0.9355873585354653,-0.935590253147079,-0.9355856597983772,0.9355873585354613,-0.9355902531470762,-0.9355856597983714,-0.9355872615218511,0.935589075714062,-0.17181078710797684,0.15327870875403002,0.19028768473642768,0.20870467437591111,-0.2087114869937914,-0.022246738453147386,0.022244568429146145,-0.19028001820990156,1.0000000000395521,-1.0000005289905964,-1.0000007799752582,-0.9999994097282386,1.0000002962622032,0.9999987494689414,0.09049393230511332,-0.6990814955877869,0.43938985793267343,0.9494150361928225,-0.907989076027425,-0.9787478131836763,0.9959207919655757,-0.9000485615878123,0.9356111103109684,-0.9635897777185941,-0.9356003120360495,0.995971960331191,0.9356486732472667,-0.9999991959698838,0.935594772026666,0.9355947720266664,1.0000004264025255,-1.0000003621430407,-1.0000005238656093,1.0000005080022223,0.9936002943788682,-0.9999983493105981,-0.33537777579667577,0.22709097463784975,-0.13469609314784736,0.2086941531541398,0.9936706251863537,-0.20868488426585372,-0.9913865111875205,0.9824320668396895,0.9887519305467021,-0.9857670084596979
-0.17943910103692232,0.7382779100280163,-0.45257834957942905,0.45259125618333645,-0.4527790495525254,0.9000428197071315,-0.17919270686744154,0.7381198294086893,-0.9959190700760973,-0.935520232133339,0.9355231278132737,0.9355185328584609,-0.935520232133334,0.935523127813273,0.9355185328584562,0.9355201352058528,-0.9355219498760766,0.17184435225111278,-0.1533123774707121,-0.1903211341856212,-0.2087379959320415,0.20874480831063338,0.02228080044147544,-0.022278630087871284,0.19031346797061321,-1.0000005289905964,1.000000000278614,1.0000005708722717,0.9999994659087934,-1.000000382566421,-0.999998777126567,-0.09046000327712045,0.6990571352910537,-0.43942046034588383,-0.949425727875632,0.9080033476121885,0.9787547914342626,-0.995938452960565,0.8999656775381314,-0.9355439942203172,0.9635389789042668,0.9355331911099398,-0.995955353631171,-0.9355815630477579,0.9999994318996867,-0.9355276487595522,-0.935527648759552,-1.0000005330349717,1.000000451965447,1.0000006239266521,-1.0000006024356742,-0.9935964488711713,0.9999983504611344,0.33540987127194494,-0.22712415483893852,0.13472985331708048,-0.20872747512917328,-0.9936744488856616,0.20871820658987703,0.991390963692037,-0.982438412492214,-0.9887570130865108,0.9857727221183417
-0.1790658508700036,0.7380221117480775,-0.4529167893734913,0.45292969310999537,-0.4531175487140442,0.9002083782102402,-0.1788193176125696,0.7378638706005606,-0.9958849768371941,-0.9356544512199195,0.9356573446502862,0.9356527530784878,-0.9356544512199148,0.9356573446502838,0.935652753078482,0.9356543541151895,-0.9356561677747822,0.17177012821248241,-0.15323791383576138,-0.19024717649067563,-0.20866433148604754,0.20867114434810655,0.02220539395944233,-0.022203224253824774,0.19023950964618158,-1.0000007799752582,1.0000005708722717,1.0000000006345777,0.9999999043012817,-1.0000010838985378,-0.9999992725881732,-0.09053517757861189,0.6991114566730903,-0.43935294203410175,-0.9494025739038985,0.9079722452301261,0.9787398754459727,-0.9959041419521214,0.9001312641024648,-0.9356781915641428,0.9636406881376671,0.9356673986610577,-0.9959893015886749,-0.9357157390448728,0.9999995209649811,-0.9356618612474312,-0.935661861247432,-1.0000011937032856,1.000000822998709,1.0000009744758807,-1.000000964216626,-0.9936055090104937,0.9999988989708911,0.33533899031710807,-0.22705081310988356,0.13465517684112713,-0.20865380982699122,-0.993666527002684,0.20864454057733064,0.9913816468851562,-0.9824248982944686,-0.9887462990070194,0.9857606087540615
-0.17876405714930793,0.7378145097532254,-0.4531896605495176,0.4532025631074782,-0.45339006246910973,0.9003408712097442,-0.17851792042244088,0.7376565395312223,-0.9958563045061556,-0.9357617110640503,0.9357646017951659,0.9357600142907859,-0.935761711064045,0.9357646017951644,0.9357600142907805,0.9357616137760701,-0.9357634261928616,0.17165676715539033,-0.15312421772852913,-0.19013419094667275,-0.208551762077885,0.20855857534404285,0.02209047667956009,-0.022088307447886254,0.1901265235692103,-0.9999994097282386,0.9999994659087934,0.9999999043012817,0.9999999992975799,-1.0000001400685168,-0.9999987502657103,-0.09064955719969832,0.6991930610885376,-0.4392493483574666,-0.9493657194547966,0.9079233550288369,0.9787155214169155,-0.9958754290375754,0.9002639117341106,-0.9357854251397059,0.9637216253255363,0.9357746446425274,-0.9960157562648124,-0.9358228866734145,0.999998407351296,-0.9357691131975752,-0.9357691131975748,-0.9999998926043825,0.9999998726435321,1.000000006927672,-1.000000005902423,-0.9936176733723407,0.9999980981081754,0.3352304474638546,-0.22693870271662342,0.13454118617732333,-0.2085412396262112,-0.9936528116570763,0.2085319697420585,0.9913658012224457,-0.9824026679876923,-0.9887283236643049,0.985740504957854
0.1789216318866893,-0.7379231143417544,0.45304739723102166,-0.45306030023634175,0.4532480461834492,-0.9002720476071453,0.17867521226980193,-0.7377649429477744,0.99587159034092,0.9357060496526377,-0.9357089419244918,-0.9357043520975665,0.9357060496526326,-0.9357089419244908,-0.9357043520975611,-0.9357059524662585,0.9357077655955451,-0.17172392175091797,0.1531915654444603,0.19020112848326376,0.20861845852807126,-0.2086252715823577,-0.02215851013153356,0.02215634065955917,-0.19019346138642604,1.0000002962622032,-1.000000382566421,-1.0000010838985378,-1.0000001400685168,1.0000000004612093,0.9999992078164704,0.0905818738938574,-0.6991449526771887,0.4393107975961325,0.9493878068602356,-0.9079525550109662,-0.9787302174606763,0.9958907548101533,-0.9001949877342008,0.9357297787398009,-0.9636797150478976,-0.9357189911457997,0.9960022860947938,0.9357672953823324,-0.9999993190335342,0.9357134562895201,0.9357134562895207,1.000000743158778,-1.0000010319272064,-1.0000008520983534,1.0000008462298877,0.9936107547504179,-0.9999988552757118,-0.33529479672300844,0.22700513285210852,-0.13460870305624914,0.20860793650350543,0.9936612135768829,-0.20859866695811394,-0.9913754642758351,0.982416108365851,0.9887392470869016,-0.9857526876303263
0.1786146784015452,-0.7377116645369186,0.45332463464923545,-0.4533375368577886,0.45352477694206067,-0.9004062823581235,0.1783688417865281,-0.7375539101688501,0.9958419976293299,0.935814656613104,-0.9358175458287107,-0.9358129606090981,0.9358146566130989,-0.9358175458287097,-0.9358129606090912,-0.9358145592262496,0.9358163709411744,-0.1715897850482123,0.15305703883095528,0.19006742949720032,0.20848524523855536,-0.20849205870821444,-0.02202258482848933,0.022020415820993462,-0.19005976185014195,0.9999987494689414,-0.999998777126567,-0.9999992725881732,-0.9999987502657103,0.9999992078164704,0.9999999984855638,0.09071712424937188,-0.6992412252171697,0.439188118265771,0.9493438830496529,-0.9078944114637271,-0.9787010678641133,0.9958610764041768,-0.9003294263409627,0.9358383559149431,-0.9637615358860965,-0.9358275824051661,0.9960287088107499,0.9358757608926578,-0.9999977272805163,0.9358220543176555,0.9358220543176551,0.999999266414242,-0.9999992601863471,-0.9999993858306685,0.9999993894077162,0.9936247947360488,-0.9999978840600816,-0.3351663005668947,0.2268724555976927,-0.13447383437728286,0.20847472237285158,0.9936446430619869,-0.20846545216129406,-0.9913563732683237,0.9823894682094453,0.9887176371443194,-0.9857285610216983
-0.21647673957200247,0.09287225782481576,0.25174057112215426,-0.251760241031501,0.24467353815635492,-0.18195210415590274,-0.20764469579849776,0.08594723859148497,0.07079324464452501,0.1679409817404456,-0.16792440173016118,-0.16794945179920268,0.1679409817404448,-0.16792440173015816,-0.167949451799201,-0.16794015617251765,0.1679322352543609,0.9655411923139434,-0.9702587139155061,-0.9604817899555922,-0.9550803720078025,0.9550790689120423,0.9936381822713128,-0.9936392177290411,0.9604834714819975,0.09049393230511332,-0.09046000327712045,-0.09053517757861189,-0.09064955719969832,0.0905818738938574,0.09071712424937188,1.0000000009636465,-0.7753714558635612,-0.8548507720055389,-0.2268138708560385,0.33510616942930316,0.11564365300213457,0.06865042928547435,-0.1842807610835486,0.16777710028840337,-0.14983377194580286,-0.1678553751036585,0.11151129317136359,0.1665602767341584,-0.09152281196609272,0.16789264421264283,0.1678926442126434,0.09053487475948381,-0.09056381201803915,-0.09053975631655989,0.09054955755279917,0.20239359146726033,-0.09078147738790435,0.9078699389872016,-0.9493287943961982,0.9746334031794313,-0.9550838609777195,-0.02192783423909769,0.9550864090062421,0.0406906109084384,-0.09693279700648626,-0.059449655194793775,0.07819916234582938
