0.9999999998077906,-0.9999980807591716,1.0000024468143487,1.0000003284222532,-1.0000010415639284,-1.0000024702395112,-0.9999984227695825,-0.99999893987182,1.000001634860283,1.0000003714442995,0.999997511488507,0.25002044927367956,-0.30904276671709785,-0.09549934825338137,0.3090437552820717,0.25002044927367195,-0.09549934825336308,0.30898743139688156,-0.3089863771417722,0.8089912942857771,-0.3090436403307891,-0.999997273861448,0.999993031759235,-0.9999893539438475,0.8090260202950873
-0.9999980807591716,1.0000000023503857,-1.000000844591174,-0.9999986575260408,1.0000028567963297,1.0000043437440267,1.0000001682702837,1.00000067811624,-1.000003503269129,-1.0000023074606963,-0.9999992425739649,-0.2500205050339404,0.3090428308981647,0.09549936964186044,-0.309043803808767,-0.2500205050339328,0.09549936964184202,-0.308988787860868,0.3089877320245024,-0.8089934818181829,0.3090436687103185,0.9999992765701863,-0.9999951044214063,0.999991498855128,-0.809027377992053
1.0000024468143487,-1.000000844591174,1.0000000039404267,1.000002888931404,-1.0000006363620464,-1.0000024895860167,-1.0000009328428798,-1.0000013970509891,1.0000050404580827,1.0000042696738227,0.9999999165497586,0.2500176625994165,-0.309039291497709,-0.09549828395576074,0.309040175989201,0.2500176625994085,-0.09549828395574207,0.3089949234586505,-0.30899385440089916,0.8089994361536981,-0.3090399278963477,-1.0000016581076931,0.9999979257966904,-0.9999947744981409,0.8090271917317812
1.0000003284222532,-0.9999986575260408,1.000002888931404,1.000000000714644,-1.000001503042215,-1.0000027392315443,-0.9999956912140583,-0.9999962322910286,1.0000019206514645,1.0000004338298103,0.9999982508468775,0.2500226371571458,-0.3090454848323212,-0.09550018392360389,0.30904652013904604,0.2500226371571383,-0.0955001839235858,0.30898402329105606,-0.3089829760217352,0.8089887270788757,-0.30904646495027355,-0.999997115774904,0.9999926423588418,-0.999988725581007,0.8090273244397483
-1.0000010415639284,1.0000028567963297,-1.0000006363620464,-1.000001503042215,1.0000000018724644,1.0000044175607499,0.9999995532205235,1.0000000239905862,-1.0000035497130777,-1.000002717808836,-0.9999985499629754,-0.25001740854241344,0.3090389817776101,0.0954981868308993,-0.3090398804848447,-0.25001740854240684,0.09549818683088283,-0.30899407138053286,0.3089930037335941,-0.8089978123652602,0.309039650675714,1.000000045956798,-0.9999962504186352,0.9999930338277135,-0.8090259315693321
-1.0000024702395112,1.0000043437440267,-1.0000024895860167,-1.0000027392315443,1.0000044175607499,1.0000000048228368,1.0000007272172298,1.0000011327372986,-1.0000024046702785,-1.000002180092124,-0.9999995944296446,-0.2500144932256099,0.30903534216516454,0.09549707317917037,-0.3090361171745042,-0.2500144932256019,0.09549707317915114,-0.30900146291229685,0.30900037578400735,-0.8090055181423864,0.3090357295542746,1.0000035306098003,-1.0000003632839891,0.9999977953652428,-0.8090265975976926
-0.9999984227695825,1.0000001682702837,-1.0000009328428798,-0.9999956912140583,0.9999995532205235,1.0000007272172298,0.9999999980261225,0.9999977879535786,-0.9999999140749308,-0.99999835509128,-0.9999963908198912,-0.2500227715015389,0.30904565597874495,0.09550023513829965,-0.30904670806085927,-0.25002277150153085,0.09550023513828032,-0.3089823279240028,0.3089812823282134,-0.8089862315280407,0.30904667447890444,0.9999949658427865,-0.9999904177437465,0.9999864238221405,-0.8090260158831284
-0.99999893987182,1.00000067811624,-1.0000013970509891,-0.9999962322910286,1.0000000239905862,1.0000011327372986,0.9999977879535786,0.999999998817321,-1.000000325289047,-0.9999986905608321,-0.9999935324352933,-0.25002363992329785,0.30904673419069706,0.09550056681991745,-0.30904780244549673,-0.25002363992329074,0.09550056681989959,-0.30898120902225806,0.3089801657268645,-0.8089855776775389,0.30904778956728773,0.999995226546052,-0.9999905999885672,0.9999865249987887,-0.8090267497790882
1.000001634860283,-1.000003503269129,1.0000050404580827,1.0000019206514645,-1.0000035497130777,-1.0000024046702785,-0.9999999140749308,-1.000000325289047,1.0000000035185084,1.0000046408190675,0.9999987925985359,0.25001406678670174,-0.309034818959609,-0.09549691020034336,0.3090356067223817,0.2500140667866952,-0.09549691020032613,0.3090012142531018,-0.30900012823472545,0.8090046493224972,-0.3090352355162568,-1.0000025156942323,0.9999992935022175,-0.9999966689301937,0.809025585192518
1.0000003714442995,-1.0000023074606963,1.0000042696738227,1.0000004338298103,-1.000002717808836,-1.000002180092124,-0.99999835509128,-0.9999986905608321,1.0000046408190675,1.0000000036254002,0.9999970832697603,0.2500112985874612,-0.3090313577289732,-0.09549585240738155,0.3090320080233615,0.25001129858745225,-0.09549585240736097,0.3090072055242702,-0.30900609527030237,0.8090101806394199,-0.3090314620324715,-1.0000002140560764,1.000001143624463,-0.9999992710163306,0.809025036489378
0.999997511488507,-0.9999992425739649,0.9999999165497586,0.9999982508468775,-0.9999985499629754,-0.9999995944296446,-0.9999963908198912,-0.9999935324352933,0.9999987925985359,0.9999970832697603,0.9999999968355371,0.2500240112572999,-0.3090471983940679,-0.0955007085606882,0.3090482838643064,0.25002401125729196,-0.09550070856066945,0.30897950398729535,-0.30897846250744215,0.8089833621404918,-0.3090482931476366,-0.9999935456347483,0.9999888418307233,-0.9999846870306938,0.8090259088593015
0.25002044927367956,-0.2500205050339404,0.2500176625994165,0.2500226371571458,-0.25001740854241344,-0.2500144932256099,-0.2500227715015389,-0.25002363992329785,0.25001406678670174,0.2500112985874612,0.2500240112572999,1.0000000052172417,-0.8090157197619647,-0.8090239483652077,0.8090188788872876,0.30901279375030655,0.309025770860676,-0.6545065794019003,0.6545080522265319,-0.2499957720195745,-0.8090192121636628,-0.2500083480434394,0.25000576330909097,-0.2500039274985617,0.6545098553504104
-0.30904276671709785,0.3090428308981647,-0.309039291497709,-0.3090454848323212,0.3090389817776101,0.30903534216516454,0.30904565597874495,0.30904673419069706,-0.309034818959609,-0.3090313577289732,-0.3090471983940679,-0.8090157197619647,1.0000000021198427,0.3090180729329433,-0.99999924486852,-0.8090157197619571,0.3090180729329444,0.8090148368883383,-0.8090166736564088,0.3090117655492764,1.0000031256884525,0.3090276753600464,-0.3090244465732458,0.30902214576289627,-0.8090191216961493
-0.09549934825338137,0.09549936964186044,-0.09549828395576074,-0.09550018392360389,0.0954981868308993,0.09549707317917037,0.09550023513829965,0.09550056681991745,-0.09549691020034336,-0.09549585240738155,-0.0955007085606882,-0.8090239483652077,0.3090180729329433,1.0000000116853494,-0.3090179678284979,0.3090257708606707,-0.8090291326560903,0.24999949993920406,-0.2500000598413773,0.09549000742285542,0.30901808915862,0.09549472446923696,-0.09549373578897516,0.09549303267145152,-0.25000068406871223
0.3090437552820717,-0.309043803808767,0.309040175989201,0.30904652013904604,-0.3090398804848447,-0.3090361171745042,-0.30904670806085927,-0.30904780244549673,0.3090356067223817,0.3090320080233615,0.3090482838643064,0.8090188788872876,-0.99999924486852,-0.3090179678284979,1.0000000017609418,0.80901887888729,-0.3090179678284955,-0.8090146372094061,0.8090165139857651,-0.30901160234083747,-0.999999616677651,-0.30902819977384877,0.3090248471863881,-0.3090224273315269,0.8090193020657303
0.25002044927367195,-0.2500205050339328,0.2500176625994085,0.2500226371571383,-0.25001740854240684,-0.2500144932256019,-0.25002277150153085,-0.25002363992329074,0.2500140667866952,0.25001129858745225,0.25002401125729196,0.30901279375030655,-0.8090157197619571,0.3090257708606707,0.80901887888729,1.0000000052172417,-0.8090239483652131,-0.6545065794019025,0.6545080522265333,-0.24999577201958056,-0.8090192121636628,-0.25000834804343214,0.25000576330908464,-0.2500039274985556,0.6545098553504058
-0.09549934825336308,0.09549936964184202,-0.09549828395574207,-0.0955001839235858,0.09549818683088283,0.09549707317915114,0.09550023513828032,0.09550056681989959,-0.09549691020032613,-0.09549585240736097,-0.09550070856066945,0.309025770860676,0.3090180729329444,-0.8090291326560903,-0.3090179678284955,-0.8090239483652131,1.0000000116853494,0.24999949993921008,-0.25000005984138424,0.0954900074228709,0.3090180891586177,0.095494724469218,-0.09549373578895859,0.09549303267143507,-0.2500006840687011
0.30898743139688156,-0.308988787860868,0.3089949234586505,0.30898402329105606,-0.30899407138053286,-0.30900146291229685,-0.3089823279240028,-0.30898120902225806,0.3090012142531018,0.3090072055242702,0.30897950398729535,-0.6545065794019003,0.8090148368883383,0.24999949993920406,-0.8090146372094061,-0.6545065794019025,0.24999949993921008,1.0000000025626168,-1.0000013193570962,0.8090208070432909,0.8090160830227537,-0.3090122109076044,0.3090161885691131,-0.30901967064971914,-0.3090116569007547
-0.3089863771417722,0.3089877320245024,-0.30899385440089916,-0.3089829760217352,0.3089930037335941,0.30900037578400735,0.3089812823282134,0.3089801657268645,-0.30900012823472545,-0.30900609527030237,-0.30897846250744215,0.6545080522265319,-0.8090166736564088,-0.2500000598413773,0.8090165139857651,0.6545080522265333,-0.25000005984138424,-1.0000013193570962,1.0000000042409976,-0.8090174062881604,-0.8090145928617246,0.30901107424917557,-0.30901502216547244,0.30901847132066024,0.30901365161492705
0.8089912942857771,-0.8089934818181829,0.8089994361536981,0.8089887270788757,-0.8089978123652602,-0.8090055181423864,-0.8089862315280407,-0.8089855776775389,0.8090046493224972,0.8090101806394199,0.8089833621404918,-0.2499957720195745,0.3090117655492764,0.09549000742285542,-0.30901160234083747,-0.24999577201958056,0.0954900074228709,0.8090208070432909,-0.8090174062881604,1.0000000028600942,0.30901330462993376,-0.809013923146379,0.8090164391187102,-0.8090156520185402,0.30902250968574707
-0.3090436403307891,0.3090436687103185,-0.3090399278963477,-0.30904646495027355,0.309039650675714,0.3090357295542746,0.30904667447890444,0.30904778956728773,-0.3090352355162568,-0.3090314620324715,-0.3090482931476366,-0.8090192121636628,1.0000031256884525,0.30901808915862,-0.999999616677651,-0.8090192121636628,0.3090180891586177,0.8090160830227537,-0.8090145928617246,0.30901330462993376,1.0000000027110705,0.30902749457581125,-0.30902398620301713,0.30902141744882533,-0.8090158070392601
-0.999997273861448,0.9999992765701863,-1.0000016581076931,-0.999997115774904,1.000000045956798,1.0000035306098003,0.9999949658427865,0.999995226546052,-1.0000025156942323,-1.0000002140560764,-0.9999935456347483,-0.2500083480434394,0.3090276753600464,0.09549472446923696,-0.30902819977384877,-0.25000834804343214,0.095494724469218,-0.3090122109076044,0.30901107424917557,-0.809013923146379,0.30902749457581125,1.0000000020692987,-0.9999976926374162,0.9999999840946652,-0.8090232064081982
0.999993031759235,-0.9999951044214063,0.9999979257966904,0.9999926423588418,-0.9999962504186352,-1.0000003632839891,-0.9999904177437465,-0.9999905999885672,0.9999992935022175,1.000001143624463,0.9999888418307233,0.25000576330909097,-0.3090244465732458,-0.09549373578897516,0.3090248471863881,0.25000576330908464,-0.09549373578895859,0.3090161885691131,-0.30901502216547244,0.8090164391187102,-0.30902398620301713,-0.9999976926374162,1.0000000000672833,-0.9999963127387168,0.8090210817694053
-0.9999893539438475,0.999991498855128,-0.9999947744981409,-0.999988725581007,0.9999930338277135,0.9999977953652428,0.9999864238221405,0.9999865249987887,-0.9999966689301937,-0.9999992710163306,-0.9999846870306938,-0.2500039274985617,0.30902214576289627,0.09549303267145152,-0.3090224273315269,-0.2500039274985556,0.09549303267143507,-0.30901967064971914,0.30901847132066024,-0.8090156520185402,0.30902141744882533,0.9999999840946652,-0.9999963127387168,1.0000000001315679,-0.8090165559999194
0.8090260202950873,-0.809027377992053,0.8090271917317812,0.8090273244397483,-0.8090259315693321,-0.8090265975976926,-0.8090260158831284,-0.8090267497790882,0.809025585192518,0.809025036489378,0.8090259088593015,0.6545098553504104,-0.8090191216961493,-0.25000068406871223,0.8090193020657303,0.6545098553504058,-0.2500006840687011,-0.3090116569007547,0.30901365161492705,0.30902250968574707,-0.8090158070392601,-0.8090232064081982,0.8090210817694053,-0.8090165559999194,1.0000000012344383
