1.0000000022803068,-1.0000017334073523,1.0000015688676405,1.0000042294679823,0.7938724171921364,-0.2604391462828597,-1.000013781574439,-0.26043914628286197,0.1574270336568858,0.7938724171921329,1.0000111801922247,-1.0000020322434588,1.0000036189461468,1.0000036189461474,0.15742703365688768,-0.05267027849511408,-0.05267027849511059,-1.0000075374839932,-1.0000126192411898
-1.0000017334073523,1.0000000005379857,-1.0000001264624332,-1.0000027870593788,-0.7938714540073825,0.2604388302989521,1.000012568283236,0.26043883029895487,-0.1574268426549022,-0.7938714540073804,-1.0000099669036235,1.0000008189661804,-1.0000024056669141,-1.0000024056669146,-0.15742684265490423,0.05267021459168535,0.052670214591681676,1.0000063241997776,1.0000114059505345
1.0000015688676405,-1.0000001264624332,0.9999999999726612,1.0000026225195084,0.793871141482511,-0.260438727771148,-1.0000121746081558,-0.2604387277711499,0.15742678068007127,0.7938711414825077,1.000009573232035,-1.0000001961697562,1.0000020119983295,1.0000020119983302,0.15742678068007285,-0.05267019385681001,-0.052670193856806706,-1.0000059305301283,-1.0000110122794807
1.0000042294679823,-1.0000027870593788,1.0000026225195084,1.0000000037934005,0.7938732536609057,-0.26043942069671955,-1.0000148352429483,-0.2604394206967228,0.1574271995312902,0.7938732536609049,1.0000122338544906,-1.000003085895867,1.0000046726002956,1.000004672600296,0.15742719953129253,-0.052670333991607,-0.052670333991602654,-1.0000083620131681,-1.0000136729034415
0.7938724171921364,-0.7938714540073825,0.793871141482511,0.7938732536609057,1.0000000080712361,-0.7938611844931395,-0.7938806076134441,0.38035181772232246,0.7254863607383709,0.26045158550717123,0.7938787716253093,-0.7938715093421422,0.7938727689775035,0.7938727689775031,-0.4755331950983235,0.565435718961672,-0.6490624159731143,-0.7938758797965652,-0.7938799140627615
-0.2604391462828597,0.2604388302989521,-0.260438727771148,-0.26043942069671955,-0.7938611844931395,0.9999999920386405,0.2604419084094484,-0.8643320159844001,-0.9944408425646962,0.38035181772231885,-0.2604412309285107,0.26043884845173726,-0.2604392616897807,-0.26043926168978027,0.9124410076310059,-0.9504237817913199,0.977858499390121,0.2604402822312485,0.26044160572058495
-1.000013781574439,1.000012568283236,-1.0000121746081558,-1.0000148352429483,-0.7938806076134441,0.2604419084094484,1.0000000175107013,0.26044190840944437,-0.15742870327124905,-0.79388060761344,-1.0000215569085757,1.0000126379885754,-1.0000142247081687,-1.0000142247081698,-0.15742870327124428,0.05267083709715693,0.0526708370971601,1.0000181432954571,1.0000232251162344
-0.26043914628286197,0.26043883029895487,-0.2604387277711499,-0.2604394206967228,0.38035181772232246,-0.8643320159844001,0.26044190840944437,0.9999999920386405,0.9124410076310085,-0.7938611844931376,-0.2604412309285116,0.2604388484517399,-0.2604392616897816,-0.2604392616897825,-0.9944408425647039,0.9778584993901188,-0.9504237817913289,0.2604402822312501,0.26044160572058794
0.1574270336568858,-0.1574268426549022,0.15742678068007127,0.1574271995312902,0.7254863607383709,-0.9944408425646962,-0.15742870327124905,0.9124410076310085,0.9999999931848087,-0.47553319509832037,0.15742829375735826,-0.15742685362755307,0.15742710341651744,0.15742710341651694,-0.9504241239614324,0.9778599922552794,-0.9944431618683115,-0.15742772030094368,-0.15742852030759838
0.7938724171921329,-0.7938714540073804,0.7938711414825077,0.7938732536609049,0.26045158550717123,0.38035181772231885,-0.79388060761344,-0.7938611844931376,-0.47553319509832037,1.0000000080712361,0.7938787716253064,-0.7938715093421401,0.7938727689775,0.7938727689775014,0.725486360738368,-0.6490624159731087,0.5654357189616734,-0.7938758797965608,-0.7938799140627595
1.0000111801922247,-1.0000099669036235,1.000009573232035,1.0000122338544906,0.7938787716253093,-0.2604412309285107,-1.0000215569085757,-0.2604412309285116,0.15742829375735826,0.7938787716253064,1.000000013774994,-1.0000100366116045,1.0000116233272396,1.0000116233272396,0.15742829375735898,-0.05267070008622132,-0.05267070008621937,-1.0000153127691318,-1.0000203945683794
-1.0000020322434588,1.0000008189661804,-1.0000001961697562,-1.000003085895867,-0.7938715093421422,0.26043884845173726,1.0000126379885754,0.2604388484517399,-0.15742685362755307,-0.7938715093421401,-1.0000100366116045,1.000000000638089,-1.0000022462458316,-1.0000022462458344,-0.15742685362755535,0.052670218262809924,0.05267021826280631,1.000006393908053,1.0000114756599001
1.0000036189461468,-1.0000024056669141,1.0000020119983295,1.0000046726002956,0.7938727689775035,-0.2604392616897807,-1.0000142247081687,-0.2604392616897816,0.15742710341651744,0.7938727689775,1.0000116233272396,-1.0000022462458316,1.0000000029166636,1.0000040620777062,0.15742710341651772,-0.05267030183456309,-0.05267030183456109,-1.0000079806178406,-1.0000130623779722
1.0000036189461474,-1.0000024056669146,1.0000020119983302,1.000004672600296,0.7938727689775031,-0.26043926168978027,-1.0000142247081698,-0.2604392616897825,0.15742710341651694,0.7938727689775014,1.0000116233272396,-1.0000022462458344,1.0000040620777062,1.0000000029166636,0.15742710341651844,-0.052670301834563824,-0.05267030183456055,-1.0000079806178415,-1.0000130623779735
0.15742703365688768,-0.15742684265490423,0.15742678068007285,0.15742719953129253,-0.4755331950983235,0.9124410076310059,-0.15742870327124428,-0.9944408425647039,-0.9504241239614324,0.725486360738368,0.15742829375735898,-0.15742685362755535,0.15742710341651772,0.15742710341651844,0.9999999931848087,-0.9944431618683062,0.9778599922552875,-0.15742772030094465,-0.15742852030760118
-0.05267027849511408,0.05267021459168535,-0.05267019385681001,-0.052670333991607,0.565435718961672,-0.9504237817913199,0.05267083709715693,0.9778584993901188,0.9778599922552794,-0.6490624159731087,-0.05267070008622132,0.052670218262809924,-0.05267030183456309,-0.052670301834563824,-0.9944431618683062,0.999999995003283,-0.9944445130248588,0.052670508225212485,0.0526707758829598
-0.05267027849511059,0.052670214591681676,-0.052670193856806706,-0.052670333991602654,-0.6490624159731143,0.977858499390121,0.0526708370971601,-0.9504237817913289,-0.9944431618683115,0.5654357189616734,-0.05267070008621937,0.05267021826280631,-0.05267030183456109,-0.05267030183456055,0.9778599922552875,-0.9944445130248588,0.999999995003283,0.0526705082252097,0.05267077588295547
-1.0000075374839932,1.0000063241997776,-1.0000059305301283,-1.0000083620131681,-0.7938758797965652,0.2604402822312485,1.0000181432954571,0.2604402822312501,-0.15742772030094368,-0.7938758797965608,-1.0000153127691318,1.000006393908053,-1.0000079806178406,-1.0000079806178415,-0.15742772030094465,0.052670508225212485,0.0526705082252097,1.0000000085438707,1.0000169809511625
-1.0000126192411898,1.0000114059505345,-1.0000110122794807,-1.0000136729034415,-0.7938799140627615,0.26044160572058495,1.0000232251162344,0.26044160572058794,-0.15742852030759838,-0.7938799140627595,-1.0000203945683794,1.0000114756599001,-1.0000130623779722,-1.0000130623779735,-0.15742852030760118,0.0526707758829598,0.05267077588295547,1.0000169809511625,1.000000015841549
