0.9999999909544048,-0.999984336713747,0.8090367965364892,0.8090362176508344,-0.8090460018689088,-0.3090726992893613,-0.3091266493950211,0.3091079864200111,-0.8091253227237969,0.8091201364815395,-0.8090924787123834,-0.8091344843685647,0.8091149958439555,-0.3090045219666534,-0.8091317843674309,0.8091414736170958,-0.8091483451862775
-0.999984336713747,0.9999999886180294,-0.8090320598684431,-0.80903539864333,0.8090466467280398,0.3090753669444615,0.30912931688953477,-0.3091106539690813,0.8091220501889164,-0.8091168639244007,0.8090892060948913,0.8091312118399642,-0.8091117232775037,0.3090008504514394,0.8091285118343751,-0.8091382011009873,0.8091450726913682
0.8090367965364892,-0.8090320598684431,0.9999999905969088,0.3091047514360648,-0.3091204374335624,0.3089094807890673,0.30885302066721076,-0.3088725396917938,-0.9999936089624075,0.9999951759953281,-0.9999908434037676,-0.9999972241117103,0.9999943302699915,-0.8089722375128244,-0.9999966977974799,0.9999984806998453,-0.9999980093113997
0.8090362176508344,-0.80903539864333,0.3091047514360648,0.9999999976790241,-0.9999954550773361,-0.8090252235529738,-0.8090575234628853,0.8090468441177566,-0.3092413147334235,0.3092313557931746,-0.3091894713204919,-0.30925252403798215,0.3092238834391791,0.3089842592695639,-0.30924868147438733,0.3092625767710739,-0.3092741670877149
-0.8090460018689088,0.8090466467280398,-0.3091204374335624,-0.9999954550773361,0.9999999978887719,0.8090171385150556,0.8090479753118905,-0.8090372956858257,0.30925700014677365,-0.3092470412835988,0.309205156975911,0.30926820945493455,-0.3092395689529188,-0.3089686625879496,0.30926436690175285,-0.3092782621580079,0.30928985240766804
-0.3090726992893613,0.3090753669444615,0.3089094807890673,-0.8090252235529738,0.8090171385150556,1.0000000022947777,0.9999991335378906,-0.9999990531285615,-0.3087770372766997,0.3087879654050597,-0.3088280798440777,-0.3087680615052993,0.30879491558486877,-0.8089858707475828,-0.30877157905163577,0.3087587846955198,-0.3087469022316365
-0.3091266493950211,0.30912931688953477,0.30885302066721076,-0.8090575234628853,0.8090479753118905,0.9999991335378906,0.9999999964611523,-0.9999949986550659,-0.3087205747684356,0.3087315029665656,-0.30877161817993865,-0.3087115986453371,0.30873845330251365,-0.8089499318459324,-0.30871511627668907,0.30870232162077166,-0.30869043900700166
0.3091079864200111,-0.3091106539690813,-0.3088725396917938,0.8090468441177566,-0.8090372956858257,-0.9999990531285615,-0.9999949986550659,0.9999999984501257,0.3087400946258369,-0.30875102279901634,0.30879113774231187,0.30873111862457736,-0.30875797308048303,0.8089628508048088,0.30873463622628244,-0.30872184167476985,0.3087099591136093
-0.8091253227237969,0.8091220501889164,-0.9999936089624075,-0.3092413147334235,0.30925700014677365,-0.3087770372766997,-0.3087205747684356,0.3087400946258369,1.0000000002230993,-1.0000004117438563,0.9999990009304217,1.0000039268378935,-1.00000102887729,0.8088959725992302,1.000003399978067,-1.0000051848643245,1.000004715201104
0.8091201364815395,-0.8091168639244007,0.9999951759953281,0.3092313557931746,-0.3092470412835988,0.3087879654050597,0.3087315029665656,-0.30875102279901634,-1.0000004117438563,1.0000000024753715,-0.9999991030973948,-1.000004028310796,1.0000025945884126,-0.8089036953687198,-1.0000049654183065,1.0000067501552385,-1.000006280358291
-0.8090924787123834,0.8090892060948913,-0.9999908434037676,-0.3091894713204919,0.309205156975911,-0.3088280798440777,-0.30877161817993865,0.30879113774231187,0.9999990009304217,-0.9999991030973948,0.9999999983416962,1.00000261702817,-0.9999982567108437,0.80892671556715,1.0000020903759497,-1.0000038745065918,1.0000034041841381
-0.8091344843685647,0.8091312118399642,-0.9999972241117103,-0.30925252403798215,0.30926820945493455,-0.3087680615052993,-0.3087115986453371,0.30873111862457736,1.0000039268378935,-1.000004028310796,1.00000261702817,1.0000000054262381,-1.0000046453602764,0.8088926593827029,1.0000070167389263,-1.0000073378545453,1.0000083322475621
0.8091149958439555,-0.8091117232775037,0.9999943302699915,0.3092238834391791,-0.3092395689529188,0.30879491558486877,0.30873845330251365,-0.30875797308048303,-1.00000102887729,1.0000025945884126,-0.9999982567108437,-1.0000046453602764,1.00000000125731,-0.8089074683012708,-1.000002654644166,1.0000059032006254,-1.000005433311831
-0.3090045219666534,0.3090008504514394,-0.8089722375128244,0.3089842592695639,-0.3089686625879496,-0.8089858707475828,-0.8089499318459324,0.8089628508048088,0.8088959725992302,-0.8089036953687198,0.80892671556715,0.8088926593827029,-0.8089074683012708,0.9999999969321052,0.8088945081507507,-0.8088877023845029,0.8088800669459774
-0.8091317843674309,0.8091285118343751,-0.9999966977974799,-0.30924868147438733,0.30926436690175285,-0.30877157905163577,-0.30871511627668907,0.30873463622628244,1.000003399978067,-1.0000049654183065,1.0000020903759497,1.0000070167389263,-1.000002654644166,0.8088945081507507,1.000000004668233,-1.0000068109117939,1.0000078052579806
0.8091414736170958,-0.8091382011009873,0.9999984806998453,0.3092625767710739,-0.3092782621580079,0.3087587846955198,0.30870232162077166,-0.30872184167476985,-1.0000051848643245,1.0000067501552385,-1.0000038745065918,-1.0000073378545453,1.0000059032006254,-0.8088877023845029,-1.0000068109117939,1.0000000072363049,-1.0000081266885297
-0.8091483451862775,0.8091450726913682,-0.9999980093113997,-0.3092741670877149,0.30928985240766804,-0.3087469022316365,-0.30869043900700166,0.3087099591136093,1.000004715201104,-1.000006280358291,1.0000034041841381,1.0000083322475621,-1.000005433311831,0.8088800669459774,1.0000078052579806,-1.0000081266885297,1.0000000065611077
