0.9999999980533814,-0.9999990089177947,0.9999980286750559,0.9999989676557572,0.9999972572848276,-0.9999982748852101,0.9999980286750969,0.9999989676557487,-0.9999991838739821,1.0000000153926851,-0.999999305874646,-0.9999993694544221,-1.0000006021150154,-0.9999991838738992,1.000000015392557,-0.9999993058746366,-0.9999993694542627,-1.0000006021148413,-1.0000004951334045,1.00000014198759,1.0000005801868768,-0.9999996368154372,-1.0000004951333323,1.0000001419875482,1.0000005801867886,-0.9999996368154178,0.9849863926605397,-0.9392587295132518,-0.9979129932404455,-0.6762799615070401,0.5367509831060816,0.9708547365303924,0.9392579671599173,0.9996785182249238,0.9989528386500505,0.08795829152472981,-0.5372638202970025,-0.991073860412548,-0.9999790465388612,-0.9996386547401623,0.9999709162409383,0.999996188121653,0.9999783409345651,-0.99999364209551,-1.0000049766764554,0.5377404231084343,0.5372804008389698,1.0000046512656413,-1.0000036222056778,-0.5381771525119038,1.000002265444536,0.5385530352398753,-1.000000652452396,-0.5388493210090054,0.999999390475109,0.5389494178963613,0.5389494178963652,-0.9999987713707467,-0.9999987713707557,0.9999986202625275,0.9999986202625398,1.0000005649978623,1.0000005649978592,1.0000005649976744,1.000000564997677,-1.0000007030479876,-1.0000007030479834,-1.000000703047801,-1.0000007030478035,1.0000007374350186,1.000000737434816
-0.9999990089177947,0.9999999994979001,-0.9999997809301938,-1.000000718960551,-0.9999982748852473,0.9999992925591685,-0.9999990468976238,-0.9999999849279386,1.0000002005471278,-1.0000010315369725,1.0000003234161607,1.000000385531271,1.0000016178650373,1.0000002005470447,-1.0000010315368433,1.0000003234161505,1.0000003855311115,1.0000016178648625,1.0000015122668735,-1.0000011592557585,-1.0000015972536713,1.000000654014243,1.0000015122668016,-1.0000011592557176,-1.0000015972535832,1.0000006540142223,-0.9849888649766305,0.9392567628465647,0.9979145588345647,0.6762869224398732,-0.5367443446224922,-0.9708536837801622,-0.9392560004057985,-0.9996793198398676,-0.9989542457107531,-0.08796686331629551,0.5372571851163049,0.9910737340416332,0.9999800041911002,0.9996399028618503,-0.9999720050803533,-0.9999971705565467,-0.9999792984804357,0.9999947026151305,1.0000059839917128,-0.5377337910028568,-0.5372737657673725,-1.0000056835575561,1.0000046513390712,0.5381705232242266,-1.0000032915202108,-0.5385464083809812,1.0000016755663028,0.5388426960622632,-1.0000004107174443,-0.5389427936016591,-0.5389427936016623,0.999999790218621,0.9999997902186311,-0.9999996384192366,-0.9999996384192482,-1.0000015805838347,-1.0000015805838298,-1.0000015805836466,-1.0000015805836482,1.0000017185359185,1.0000017185359147,1.0000017185357324,1.0000017185357346,-1.0000017528902791,-1.0000017528900758
0.9999980286750559,-0.9999997809301938,0.999999999152136,0.9999997362198225,0.9999980286751176,-0.9999990468976063,0.9999988053902229,0.9999997362198149,-0.9999999473030129,1.000000774283251,-1.00000007674389,-1.0000001277722002,-1.0000013576223918,-0.9999999473029301,1.0000007742831216,-1.0000000767438804,-1.0000001277720387,-1.0000013576222162,-1.000001262496526,1.0000009105078165,1.000001346977918,-1.0000004047452544,-1.0000012624964543,1.000000910507775,1.0000013469778304,-1.0000004047452362,0.9849997489038248,-0.9392344113367233,-0.997918476986584,-0.6763342347067182,0.5366898312100922,0.9708379986125707,0.9392336482403632,0.9996774413582036,0.9989569556496163,0.08803104453784172,-0.5372026926271545,-0.9910648999779668,-0.999979304375732,-0.9996414043314168,0.9999722982926187,0.9999966581862054,0.9999785978655428,-0.9999947812926371,-1.000005659872367,0.5376793180009742,0.537219273972184,1.0000055484904804,-1.00000449237299,-0.5381160680796804,1.0000031094206936,0.5384919686322027,-1.0000014710615908,-0.5387882684315595,1.0000001844874613,0.538888370110619,0.5388883701106226,-1.0000002874712894,-0.9999995534386888,0.9999993964089282,0.9999993964089405,1.0000013190997523,1.0000013190997474,1.0000013190995636,1.0000013190995665,-1.0000014563086532,-1.0000014563086481,-1.000001456308467,-1.0000014563084685,1.0000014904154568,1.0000014904152543
0.9999989676557572,-1.000000718960551,0.9999997362198225,1.0000000004822915,0.9999989676558197,-0.9999999849279716,0.9999997362198652,1.000000679531186,-1.0000016325093926,1.0000017324073462,-1.0000017505592,-1.0000010867718567,-1.0000023209275017,-1.0000008984767024,1.0000017324072175,-1.0000010165265827,-1.0000010867716953,-1.0000023209273268,-1.0000022076496602,1.0000018538886941,1.0000022930070547,-1.0000013490289714,-1.000002207649588,1.0000018538886521,1.0000022930069659,-1.0000013490289519,0.9849813877102053,-0.9392736355459428,-0.9979121965775057,-0.6762525721310971,0.5367845972589136,0.9708656838647916,0.9392728735857182,0.9996812094795983,0.9989527700356141,0.08791984072327334,-0.5372974226720203,-0.9910807201880307,-0.9999810296031694,-0.9996393137753321,0.9999723022461181,0.9999980585136817,0.9999803244781704,-0.9999951571230467,-1.0000067338987442,0.5377740145124745,0.5373140028225675,1.000006294822268,-1.0000052801304509,-0.5382107338626345,1.0000039372765681,0.538586607922142,-1.000002337753301,-0.5388828868689743,1.0000010888364923,0.5389829814240032,0.5389829814240072,-1.0000004760743206,-1.0000004760743277,1.0000003281105279,1.0000003281105403,1.000002284556609,1.0000022845566041,1.0000022845564203,1.0000022845564227,-1.000002423053734,-1.0000024230537308,-1.0000024230535487,-1.0000024230535505,1.000002457589645,1.0000024575894426
0.9999972572848276,-0.9999982748852473,0.9999980286751176,0.9999989676558197,0.9999999980533811,-0.9999990089178861,0.9999980286751596,0.9999989676558101,-0.999999183874044,1.0000000153927469,-0.9999993058747082,-0.999999369454484,-1.0000006021150767,-0.9999991838739605,1.0000000153926192,-0.999999305874698,-0.9999993694543236,-1.0000006021149035,-1.000000495133466,1.0000001419876534,1.000000580186938,-0.9999996368154999,-1.0000004951333934,1.0000001419876106,1.0000005801868512,-0.9999996368154811,0.984986392660579,-0.9392587295133538,-0.9979129932404998,-0.6762799615069898,0.5367509831062203,0.9708547365304832,0.9392579671600177,0.9996785182249884,0.9989528386501065,0.08795829152461092,-0.5372638202971415,-0.9910738604126258,-0.9999790465389224,-0.9996386547402214,0.9999709162409999,0.9999961881217154,0.9999783409346273,-0.9999936420955737,-1.0000049766765176,0.5377404231085732,0.5372804008391081,1.0000046512657028,-1.00000362220574,-0.5381771525120421,1.0000022654445972,0.5385530352400139,-1.0000006524524578,-0.5388493210091443,0.9999993904751711,0.5389494178964997,0.5389494178965036,-0.999998771370808,-0.9999987713708185,0.99999862026259,0.9999986202626013,1.0000005649979253,1.0000005649979198,1.0000005649977373,1.00000056499774,-1.0000007030480498,-1.000000703048046,-1.0000007030478628,-1.000000703047866,1.0000007374350808,1.000000737434877
-0.9999982748852101,0.9999992925591685,-0.9999990468976063,-0.9999999849279716,-0.9999990089178861,0.9999999994979004,-0.9999997809302574,-1.000000718960568,1.0000002005471518,-1.0000010315369958,1.000000323416184,1.0000003855312949,1.000001617865061,1.0000002005470685,-1.0000010315368681,1.000000323416175,1.0000003855311341,1.000001617864886,1.0000015122668975,-1.0000011592557834,-1.0000015972536946,1.000000654014266,1.0000015122668267,-1.0000011592557416,-1.0000015972536065,1.0000006540142476,-0.9849888649766322,0.9392567628466293,0.9979145588345797,0.6762869224397988,-0.5367443446226084,-0.9708536837802157,-0.9392560004058634,-0.9996793198398936,-0.9989542457107706,-0.08796686331617554,0.5372571851164213,0.9910737340416744,0.9999800041911252,0.9996399028618699,-0.9999720050803759,-0.99999717055657,-0.9999792984804607,0.9999947026151538,1.0000059839917355,-0.5377337910029729,-0.5372737657674889,-1.0000056835575801,1.0000046513390946,0.5381705232243427,-1.0000032915202348,-0.5385464083810975,1.0000016755663261,0.5388426960623794,-1.0000004107174671,-0.5389427936017748,-0.5389427936017788,0.9999997902186449,0.9999997902186541,-0.9999996384192604,-0.9999996384192721,-1.0000015805838576,-1.0000015805838531,-1.0000015805836695,-1.0000015805836722,1.0000017185359424,1.0000017185359376,1.0000017185357555,1.0000017185357584,-1.0000017528903027,-1.0000017528900993
0.9999980286750969,-0.9999990468976238,0.9999988053902229,0.9999997362198652,0.9999980286751596,-0.9999997809302574,0.9999999991521361,0.9999997362198562,-0.9999999473030549,1.0000007742832928,-1.0000000767439319,-1.0000001277722406,-1.000001357622432,-0.9999999473029724,1.000000774283163,-1.000000076743923,-1.0000001277720822,-1.000001357622258,-1.000001262496568,1.000000910507857,1.0000013469779594,-1.0000004047452968,-1.0000012624964958,1.0000009105078165,1.0000013469778715,-1.0000004047452786,0.9849997489038492,-0.9392344113367944,-0.9979184769866192,-0.6763342347066763,0.5366898312101945,0.9708379986126339,0.9392336482404348,0.999677441358248,0.9989569556496535,0.08803104453775115,-0.5372026926272572,-0.9910648999780208,-0.9999793043757755,-0.999641404331456,0.9999722982926595,0.9999966581862463,0.9999785978655851,-0.9999947812926786,-1.0000056598724083,0.5376793180010768,0.5372192739722865,1.0000055484905215,-1.0000044923730318,-0.5381160680797827,1.0000031094207356,0.5384919686323052,-1.0000014710616316,-0.5387882684316614,1.0000001844875035,0.5388883701107217,0.5388883701107249,-0.9999995534387218,-1.00000028747134,0.9999993964089714,0.9999993964089837,1.0000013190997934,1.0000013190997898,1.0000013190996062,1.0000013190996073,-1.0000014563086947,-1.0000014563086903,-1.0000014563085076,-1.000001456308511,1.0000014904154988,1.0000014904152963
0.9999989676557487,-0.9999999849279386,0.9999997362198149,1.000000679531186,0.9999989676558101,-1.000000718960568,0.9999997362198562,1.0000000004822915,-1.0000008984767752,1.0000017324073371,-1.0000010165265842,-1.0000010867718463,-1.0000023209274933,-1.0000016325093062,1.0000017324072095,-1.000001750559181,-1.0000010867716862,-1.0000023209273183,-1.0000022076496518,1.0000018538886843,1.000002293007046,-1.0000013490289617,-1.0000022076495796,1.0000018538886424,1.0000022930069572,-1.0000013490289437,0.9849813877101671,-0.9392736355459912,-0.997912196577487,-0.6762525721309689,0.5367845972590478,0.9708656838648215,0.9392728735857657,0.9996812094795928,0.9989527700355975,0.08791984072310836,-0.537297422672155,-0.9910807201880433,-0.9999810296031599,-0.999639313775318,0.9999723022461087,0.9999980585136737,0.9999803244781624,-0.9999951571230378,-1.0000067338987355,0.5377740145126086,0.5373140028227017,1.0000062948222592,-1.0000052801304413,-0.5382107338627685,1.000003937276557,0.5385866079222755,-1.000002337753292,-0.5388828868691086,1.0000010888364839,0.5389829814241375,0.5389829814241416,-1.0000004760743106,-1.0000004760743193,1.0000003281105199,1.0000003281105314,1.0000022845566003,1.0000022845565955,1.000002284556412,1.0000022845564145,-1.000002423053726,-1.0000024230537221,-1.0000024230535396,-1.0000024230535411,1.0000024575896356,1.0000024575894337
-0.9999991838739821,1.0000002005471278,-0.9999999473030129,-1.0000016325093926,-0.999999183874044,1.0000002005471518,-0.9999999473030549,-1.0000008984767752,1.0000000007965957,-1.0000026947161205,1.0000012332491712,1.0000013155997711,1.000002552467096,1.0000011223749685,-1.0000019606833839,1.0000012332491632,1.000001315599611,1.0000025524669225,1.0000024277546722,-1.0000020728775134,-1.0000025136637931,1.0000015685866706,1.0000024277545987,-1.0000020728774726,-1.0000025136637047,1.0000015685866515,-0.9849694513421325,0.9392979924829551,0.9979078656935102,0.6762008746746748,-0.5368440940499162,-0.9708827599336903,-0.9392972312388711,-0.9996832080427119,-0.9989497583851273,-0.08784975444734928,0.5373568965904926,0.9910903142398274,0.9999817411244107,0.9996376216569904,-0.9999719294474099,-0.9999985653566388,-0.9999810368719833,0.9999950185813553,1.000007035184053,-0.5378334671284524,-0.5373734759822576,-1.0000063896755935,1.0000054010811292,0.5382701669579829,-1.0000040834885238,-0.5386460241878138,1.0000025084311295,0.5389422898879511,-1.0000012832375034,-0.5390423799178046,-0.5390423799178085,1.0000006819953746,1.0000006819953833,-1.0000005397427307,-1.000000539742743,-1.0000025174516376,-1.0000025174516323,-1.0000025174514484,-1.000002517451451,1.0000026567601867,1.0000026567601816,1.0000026567599993,1.0000026567600018,-1.0000026915663862,-1.0000026915661848
1.0000000153926851,-1.0000010315369725,1.000000774283251,1.0000017324073462,1.0000000153927469,-1.0000010315369958,1.0000007742832928,1.0000017324073371,-1.0000026947161205,1.0000000019893076,-1.0000020652149908,-1.0000028922983661,-1.0000041315633774,-1.0000019606834298,1.0000028028620778,-1.0000020652149801,-1.0000021582655934,-1.0000033975305918,-1.0000032627110447,1.0000029068470382,1.0000033491079008,-1.0000024030587151,-1.000003262710972,1.0000029068469973,1.0000033491078115,-1.0000024030586971,0.9849595313508631,-0.9393201235343028,-0.9979046766090581,-0.6761556114229023,0.5368970281046526,0.9708984755245877,0.9393193629227358,0.9996856148048116,0.9989477360615621,0.08778786021465886,-0.5374098107562643,-0.9910994292851252,-0.9999830104387031,-0.9996367661315886,0.9999722403059379,0.9999996537629727,0.9999823069570921,-0.9999955365185872,-1.0000079418998067,0.5378863627698403,0.5374263894879439,1.0000071139220936,-1.0000061483949625,-0.5383230456244723,1.0000048531304588,0.5386988882190114,-1.00000329969792,-0.5389951423999343,1.0000020954728963,0.53909522849402,0.5390952284940236,-1.0000015044131711,-1.00000150441318,1.000001367208627,1.0000013672086396,1.0000033637133736,1.0000033637133692,1.0000033637131858,1.0000033637131882,-1.0000035037392452,-1.0000035037392403,-1.0000035037390576,-1.000003503739061,1.000003538784382,1.0000035387841786
-0.999999305874646,1.0000003234161607,-1.00000007674389,-1.0000017505592,-0.9999993058747082,1.000000323416184,-1.0000000767439319,-1.0000010165265842,1.0000012332491712,-1.0000020652149908,1.0000000009613588,1.000001419331526,1.0000026522705294,1.0000012332490889,-1.000002065214861,1.0000013545199131,1.0000014193313662,1.0000026522703551,1.0000025441251474,-1.000002924897716,-1.000002629234875,1.000001685749785,1.0000025441250757,-1.0000021908650671,-1.0000026292347868,1.0000016857497664,-0.9849871739434471,0.9392631120407504,0.9979145748021641,0.6762760703051581,-0.5367581264345628,-0.9708584420463453,-0.9392623497588776,-0.9996807475725807,-0.9989545565897371,-0.0879513364320675,0.5372709623375563,0.9910768453876955,0.9999811455007828,0.9996405083709269,-0.9999729048248505,-0.9999982662863541,-0.9999804399835964,0.9999956545683011,1.000007033937651,-0.5377475639474951,-0.5372875428358171,-1.000006687515937,1.0000056611107202,0.538184292250011,-1.0000043069184905,-0.5385601740275323,1.000002696413664,0.538856459049444,-1.0000014368486823,-0.5389565556792707,-0.538956555679275,1.000000818915667,1.0000008189156762,-1.0000014024210004,-1.0000006683884017,-1.0000026152911854,-1.000002615291181,-1.0000026152909973,-1.000002615290999,1.0000027534241358,1.000002753424133,1.000002753423949,1.0000027534239524,-1.0000027878387336,-1.0000027878385316
-0.9999993694544221,1.000000385531271,-1.0000001277722002,-1.0000010867718567,-0.999999369454484,1.0000003855312949,-1.0000001277722406,-1.0000010867718463,1.0000013155997711,-1.0000028922983661,1.000001419331526,1.000000001074357,1.0000027532975648,1.0000013155996876,-1.0000021582656244,1.0000014193315165,1.0000015137310363,1.0000027532973896,1.000002617203648,-1.0000022612155297,-1.000002703661901,1.000001757490921,1.0000026172035752,-1.000002261215489,-1.0000027036618124,1.0000017574909026,-0.9849575410692373,0.9393222087656481,0.9979035252938687,0.6761493966299131,-0.5369032993537004,-0.9708997281355308,-0.9393214482344728,-0.9996851677207625,-0.9989467310775374,-0.0877799901932256,0.5374160791128312,0.9910998344806262,0.999982419712929,0.9996359077492831,-0.9999715287386393,-0.9999990402144481,-0.9999817163289189,0.9999948510440086,1.0000073054361853,-0.5378926284332172,-0.5374326577487967,-1.000006454452063,1.0000054918344174,0.5383293088199681,-1.0000041993864046,-0.5387051492872759,1.0000026486818223,0.5390014017935713,-1.0000014471016916,-0.5391014873163322,-0.5391014873163362,1.0000008573263082,1.0000008573263162,-1.0000007207583423,-1.0000007207583548,-1.0000027196312256,-1.0000027196312207,-1.0000027196310375,-1.0000027196310395,1.0000028597474164,1.0000028597474127,1.000002859747231,1.0000028597472335,-1.0000028948226485,-1.0000028948224462
-1.0000006021150154,1.0000016178650373,-1.0000013576223918,-1.0000023209275017,-1.0000006021150767,1.000001617865061,-1.000001357622432,-1.0000023209274933,1.000002552467096,-1.0000041315633774,1.0000026522705294,1.0000027532975648,1.0000000028349556,1.000002552467013,-1.0000033975306384,1.0000026522705194,1.0000027532974052,1.0000039943496888,1.0000038519957803,-1.0000034953961723,-1.000003938756192,1.0000029919824527,1.000003851995708,-1.0000034953961308,-1.0000039387561044,1.0000029919824336,-0.9849521039144279,0.9393365898913305,0.9979022662627373,0.6761218477691118,-0.5369364697308928,-0.9709101584640573,-0.939335829751332,-0.9996873757938595,-0.998946195436381,-0.08774171857562152,0.5374492375395701,0.9911061912131748,0.9999839235133424,0.9996360952671065,-0.999972438905129,-1.000000431980199,-0.9999832206062831,0.9999958894828028,1.000008584676532,-0.5379257757286506,-0.5374658157786231,-1.0000076206781812,1.0000066723466705,0.538362445915164,-1.0000053937267186,-0.5387382775876294,1.000003856414477,0.5390345231719451,-1.000002667820503,-0.5391346063288647,-0.5391346063288686,1.0000020843512394,1.0000020843512478,-1.0000019509097675,-1.0000019509097777,-1.0000046954581523,-1.000004695458151,-1.0000039614253564,-1.0000039614253582,1.0000041019861199,1.0000041019861163,1.000004101985933,1.0000041019859365,-1.0000041372093669,-1.0000041372091635
-0.9999991838738992,1.0000002005470447,-0.9999999473029301,-1.0000008984767024,-0.9999991838739605,1.0000002005470685,-0.9999999473029724,-1.0000016325093062,1.0000011223749685,-1.0000019606834298,1.0000012332490889,1.0000013155996876,1.000002552467013,1.0000000007965957,-1.0000026947159133,1.0000012332490793,1.000001315599527,1.0000025524668388,1.0000024277545887,-1.0000020728774293,-1.0000025136637103,1.0000015685865875,1.0000024277545168,-1.0000020728773893,-1.0000025136636213,1.0000015685865689,-0.9849694513420135,0.9392979924829532,0.9979078656934132,0.6762008746744552,-0.5368440940500584,-0.970882759933663,-0.9392972312388695,-0.9996832080426358,-0.9989497583850333,-0.08784975444712102,0.5373568965906351,0.9910903142397743,0.9999817411243287,0.9996376216569005,-0.999971929447326,-0.9999985653565565,-0.999981036871902,0.9999950185812717,1.0000070351839705,-0.537833467128594,-0.5373734759823997,-1.000006389675509,1.0000054010810462,0.538270166958125,-1.00000408348844,-0.5386460241879563,1.0000025084310462,0.5389422898880935,-1.0000012832374205,-0.539042379917947,-0.5390423799179512,1.0000006819952914,1.0000006819953007,-1.0000005397426481,-1.0000005397426583,-1.0000025174515534,-1.00000251745155,-1.0000025174513651,-1.0000025174513678,1.000002656760103,1.0000026567600988,1.0000026567599167,1.0000026567599198,-1.0000026915663036,-1.000002691566102
1.000000015392557,-1.0000010315368433,1.0000007742831216,1.0000017324072175,1.0000000153926192,-1.0000010315368681,1.000000774283163,1.0000017324072095,-1.0000019606833839,1.0000028028620778,-1.000002065214861,-1.0000021582656244,-1.0000033975306384,-1.0000026947159133,1.0000000019893076,-1.0000020652148511,-1.0000028922980717,-1.000004131563075,-1.000003262710915,1.000002906846909,1.0000033491077711,-1.0000024030585866,-1.000003262710844,1.0000029068468677,1.000003349107683,-1.000002403058567,0.9849595313506874,-0.939320123534277,-0.9979046766089101,-0.6761556114226078,0.5368970281048188,0.970898475524529,0.9393193629227101,0.9996856148046893,0.9989477360614192,0.08778786021436907,-0.5374098107564307,-0.9910994292850331,-0.9999830104385771,-0.999636766131452,0.9999722403058063,0.9999996537628447,0.9999823069569648,-0.9999955365184562,-1.0000079418996768,0.5378863627700068,0.5374263894881105,1.0000071139219646,-1.0000061483948333,-0.5383230456246388,1.0000048531303287,0.5386988882191778,-1.0000032996977914,-0.5389951424000999,1.0000020954727662,0.539095228494186,0.53909522849419,-1.0000015044130424,-1.0000015044130512,1.0000013672084977,1.0000013672085093,1.000003363713246,1.0000033637132415,1.000003363713057,1.0000033637130594,-1.000003503739115,-1.000003503739112,-1.000003503738929,-1.0000035037389317,1.0000035387842512,1.00000353878405
-0.9999993058746366,1.0000003234161505,-1.0000000767438804,-1.0000010165265827,-0.999999305874698,1.000000323416175,-1.000000076743923,-1.000001750559181,1.0000012332491632,-1.0000020652149801,1.0000013545199131,1.0000014193315165,1.0000026522705194,1.0000012332490793,-1.0000020652148511,1.000000000961359,1.0000014193313564,1.0000026522703458,1.000002544125138,-1.0000021908650976,-1.0000026292348652,1.0000016857497755,1.0000025441250646,-1.000002924897667,-1.0000026292347761,1.000001685749757,-0.9849871739434154,0.9392631120407854,0.9979145748021453,0.6762760703050564,-0.5367581264346659,-0.9708584420463667,-0.9392623497589127,-0.999680747572574,-0.9989545565897233,-0.08795133643193845,0.5372709623376596,0.9910768453877026,0.999981145500774,0.999640508370914,-0.9999729048248405,-0.9999982662863447,-0.999980439983588,0.9999956545682908,1.0000070339376408,-0.5377475639475989,-0.5372875428359211,-1.0000066875159275,1.0000056611107104,0.5381842922501148,-1.0000043069184812,-0.5385601740276353,1.0000026964136535,0.5388564590495482,-1.000001436848673,-0.5389565556793743,-0.5389565556793778,1.0000008189156582,1.0000008189156666,-1.0000006683883798,-1.0000014024210007,-1.0000026152911756,-1.0000026152911714,-1.0000026152909882,-1.0000026152909902,1.0000027534241263,1.0000027534241214,1.0000027534239402,1.0000027534239426,-1.0000027878387239,-1.0000027878385216
-0.9999993694542627,1.0000003855311115,-1.0000001277720387,-1.0000010867716953,-0.9999993694543236,1.0000003855311341,-1.0000001277720822,-1.0000010867716862,1.000001315599611,-1.0000021582655934,1.0000014193313662,1.0000015137310363,1.0000027532974052,1.000001315599527,-1.0000028922980717,1.0000014193313564,1.000000001074357,1.0000027532972309,1.0000026172034882,-1.0000022612153696,-1.0000027036617407,1.000001757490761,1.0000026172034162,-1.0000022612153276,-1.0000027036616523,1.0000017574907405,-0.984957541069031,0.9393222087655949,0.9979035252936902,0.6761493966295965,-0.536903299353853,-0.9708997281354433,-0.9393214482344175,-0.9996851677206104,-0.998946731077365,-0.08777999019293009,0.537416079112984,0.9910998344805046,0.9999824197127705,0.9996359077491134,-0.9999715287384772,-0.9999990402142889,-0.9999817163287588,0.9999948510438469,1.0000073054360257,-0.5378926284333693,-0.5374326577489483,-1.000006454451903,1.0000054918342578,0.5383293088201206,-1.000004199386243,-0.5387051492874271,1.0000026486816622,0.5390014017937229,-1.0000014471015308,-0.539101487316484,-0.5391014873164877,1.0000008573261467,1.000000857326156,-1.0000007207581822,-1.0000007207581934,-1.000002719631065,-1.000002719631061,-1.000002719630876,-1.0000027196308783,1.0000028597472563,1.0000028597472523,1.0000028597470694,1.0000028597470727,-1.0000028948224877,-1.0000028948222852
-1.0000006021148413,1.0000016178648625,-1.0000013576222162,-1.0000023209273268,-1.0000006021149035,1.000001617864886,-1.000001357622258,-1.0000023209273183,1.0000025524669225,-1.0000033975305918,1.0000026522703551,1.0000027532973896,1.0000039943496888,1.0000025524668388,-1.000004131563075,1.0000026522703458,1.0000027532972309,1.0000000028349552,1.0000038519956058,-1.0000034953959966,-1.000003938756017,1.000002991982278,1.0000038519955337,-1.000003495395956,-1.0000039387559299,1.0000029919822593,-0.9849521039141999,0.9393365898912789,0.997902266262542,0.676121847768753,-0.5369364697310741,-0.9709101584639654,-0.9393358297512792,-0.9996873757936938,-0.9989461954361916,-0.08774171857528154,0.5374492375397516,0.9911061912130448,0.99998392351317,0.9996360952669234,-0.9999724389049521,-1.000000431980026,-0.999983220606111,0.9999958894826264,1.0000085846763582,-0.5379257757288316,-0.5374658157788037,-1.000007620678006,1.0000066723464949,0.5383624459153443,-1.0000053937265432,-0.53873827758781,1.0000038564143021,0.5390345231721259,-1.000002667820328,-0.5391346063290446,-0.5391346063290485,1.000002084351064,1.000002084351072,-1.0000019509095923,-1.000001950909604,-1.0000039614253702,-1.000003961425365,-1.0000046954577846,-1.000004695457792,1.0000041019859458,1.0000041019859418,1.0000041019857593,1.0000041019857624,-1.000004137209192,-1.0000041372089883
-1.0000004951334045,1.0000015122668735,-1.000001262496526,-1.0000022076496602,-1.000000495133466,1.0000015122668975,-1.000001262496568,-1.0000022076496518,1.0000024277546722,-1.0000032627110447,1.0000025441251474,1.000002617203648,1.0000038519957803,1.0000024277545887,-1.000003262710915,1.000002544125138,1.0000026172034882,1.0000038519956058,1.0000000026516231,-1.0000041160513753,-1.0000045555604498,1.0000028772913592,1.0000037360412553,-1.000003382018727,-1.0000038215277465,1.0000028772913403,-0.9849800478721082,0.9392807251040991,0.997912656412221,0.6762414675776987,-0.5367993192562813,-0.9708711154999892,-0.9392799633107345,-0.9996831537609594,-0.9989535402621451,-0.08790356214139755,0.5373121400734066,0.9910844300054047,0.9999826730077399,0.9996403939410825,-0.9999736917796199,-0.9999996540248604,-0.9999819680853603,0.999996601534531,1.0000082812986377,-0.5377887276321079,-0.5373287200705961,-1.0000077938928627,1.0000067853108017,0.5382254430588013,-1.0000054483702678,-0.53860131373484,1.0000038545734524,0.5388975900192143,-1.000002611209443,-0.5389976836630453,-0.5389976836630492,1.000002001143561,1.0000020011435709,-1.0000018545165152,-1.0000018545165263,-1.0000038159419864,-1.000003815941982,-1.0000038159417983,-1.0000038159417999,1.0000039546291901,1.0000039546291852,1.0000039546290034,1.000003954629006,-1.0000039892284023,-1.0000039892281998
1.00000014198759,-1.0000011592557585,1.0000009105078165,1.0000018538886941,1.0000001419876534,-1.0000011592557834,1.000000910507857,1.0000018538886843,-1.0000020728775134,1.0000029068470382,-1.000002924897716,-1.0000022612155297,-1.0000034953961723,-1.0000020728774293,1.000002906846909,-1.0000021908650976,-1.0000022612153696,-1.0000034953959966,-1.0000041160513753,1.0000000021492728,1.0000034673809668,-1.0000032574249813,-1.0000033820186953,1.0000030282477557,1.0000034673808782,-1.0000025233923526,0.9849824383740701,-0.9392749493611173,-0.9979133287761374,-0.6762529138232787,0.5367857458531301,0.9708669711773806,0.9392741874064456,0.9996823989906376,0.9989539149671265,0.0879193321439228,-0.5372985716688117,-0.9910819659035451,-0.9999822082330846,-0.9996404710274638,0.999973471402757,0.999999235377429,0.9999815031144935,-0.9999963283512401,-1.0000079089790503,0.5377751638831629,0.5373151518320534,1.0000074681009026,-1.0000064536365187,-0.5382118835760241,1.0000051110022756,0.5385877579302939,-1.000003511691224,-0.5388840371096667,1.0000022629803798,0.5389841317428032,0.5389841317428075,-1.0000016503181233,-1.000001650318131,1.0000015024039306,1.000001502403943,1.000003459036958,1.0000034590369535,1.0000034590367692,1.000003459036772,-1.0000035975412678,-1.000003597541264,-1.0000035975410813,-1.0000035975410841,1.0000036320795602,1.0000036320793577
1.0000005801868768,-1.0000015972536713,1.000001346977918,1.0000022930070547,1.000000580186938,-1.0000015972536946,1.0000013469779594,1.000002293007046,-1.0000025136637931,1.0000033491079008,-1.000002629234875,-1.000002703661901,-1.000003938756192,-1.0000025136637103,1.0000033491077711,-1.0000026292348652,-1.0000027036617407,-1.000003938756017,-1.0000045555604498,1.0000034673809668,1.0000000027730134,-1.000002962716871,-1.0000038215277627,1.0000034673809246,1.0000039070756739,-1.0000029627168527,0.984978777910368,-0.9392834963279286,-0.997912234677307,-0.6762357484274365,0.5368059813933392,0.9708730773806121,0.9392827346144239,0.9996834373906439,0.998953265585685,0.08789575815657945,-0.5373187996936593,-0.991085559436254,-0.9999828132472437,-0.9996402663348796,0.9999737111985826,0.9999997714592574,0.9999821084218405,-0.999996647057095,-1.0000083758295446,0.5377953849083426,0.537335379607244,1.000007865422345,-1.0000068597485776,-0.5382320981871337,1.000005525623098,0.5386079670113547,-1.0000039345525928,-0.5389042418382006,1.0000026938320639,0.5390043349840495,0.5390043349840534,-1.0000020850498095,-1.0000020850498186,1.0000019390590758,1.0000019390590886,1.0000039028533674,1.0000039028533627,1.000003902853179,1.00000390285318,-1.0000040416309586,-1.0000040416309544,-1.0000040416307716,-1.0000040416307752,1.000004076260281,1.0000040762600786
-0.9999996368154372,1.000000654014243,-1.0000004047452544,-1.0000013490289714,-0.9999996368154999,1.000000654014266,-1.0000004047452968,-1.0000013490289617,1.0000015685866706,-1.0000024030587151,1.000001685749785,1.000001757490921,1.0000029919824527,1.0000015685865875,-1.0000024030585866,1.0000016857497755,1.000001757490761,1.000002991982278,1.0000028772913592,-1.0000032574249813,-1.000002962716871,1.0000000014326857,1.0000028772912855,-1.0000025233923295,-1.0000029627167828,1.0000020186025351,-0.98498054480258,0.939277250194682,0.9979123022373951,0.6762466152486362,-0.5367922976580637,-0.9708684186789757,-0.9392764883227656,-0.9996820987813083,-0.9989530394595337,-0.08791123248050177,0.5373051205740884,0.991082542990726,0.9999817599808828,0.9996397467730223,-0.9999728985645119,-0.999998763598268,-0.9999810549628136,0.9999957824176136,1.0000074135763721,-0.537781710088419,-0.537321700641318,-1.0000069489791017,1.0000059375141364,0.5382184273071384,-1.0000045977833865,-0.538594299528687,1.0000030012845134,0.5388905770291731,-1.0000017553002725,-0.5389906710893744,-0.538990671089378,1.0000011439620344,1.0000011439620442,-1.0000009967041175,-1.0000009967041306,-1.0000029557789685,-1.0000029557789634,-1.0000029557787797,-1.0000029557787815,1.0000030943764224,1.0000030943764184,1.000003094376236,1.0000030943762381,-1.000003128945747,-1.000003128945545
-1.0000004951333323,1.0000015122668016,-1.0000012624964543,-1.000002207649588,-1.0000004951333934,1.0000015122668267,-1.0000012624964958,-1.0000022076495796,1.0000024277545987,-1.000003262710972,1.0000025441250757,1.0000026172035752,1.000003851995708,1.0000024277545168,-1.000003262710844,1.0000025441250646,1.0000026172034162,1.0000038519955337,1.0000037360412553,-1.0000033820186953,-1.0000038215277627,1.0000028772912855,1.000000002651623,-1.0000041160512625,-1.0000045555602826,1.0000028772912672,-0.984980047872012,0.9392807251040803,0.9979126564121378,0.6762414675775434,-0.5367993192563645,-0.9708711154999532,-0.9392799633107164,-0.9996831537608915,-0.9989535402620657,-0.0879035621412474,0.5373121400734897,0.9910844300053511,0.9999826730076676,0.9996403939410078,-0.999973691779547,-0.9999996540247891,-0.999981968085288,0.9999966015344581,1.000008281298566,-0.5377887276321907,-0.5373287200706783,-1.0000077938927903,1.000006785310729,0.5382254430588836,-1.0000054483701941,-0.5386013137349223,1.00000385457338,0.5388975900192975,-1.0000026112093714,-0.5389976836631281,-0.5389976836631318,1.0000020011434894,1.0000020011434978,-1.0000018545164426,-1.0000018545164553,-1.000003815941915,-1.0000038159419098,-1.000003815941725,-1.0000038159417275,1.0000039546291177,1.0000039546291135,1.0000039546289314,1.0000039546289352,-1.0000039892283297,-1.000003989228128
1.0000001419875482,-1.0000011592557176,1.000000910507775,1.0000018538886521,1.0000001419876106,-1.0000011592557416,1.0000009105078165,1.0000018538886424,-1.0000020728774726,1.0000029068469973,-1.0000021908650671,-1.000002261215489,-1.0000034953961308,-1.0000020728773893,1.0000029068468677,-1.000002924897667,-1.0000022612153276,-1.000003495395956,-1.000003382018727,1.0000030282477557,1.0000034673809246,-1.0000025233923295,-1.0000041160512625,1.000000002149273,1.0000034673808371,-1.0000032574249214,0.9849824383740048,-0.9392749493611251,-0.9979133287760877,-0.6762529138231478,0.5367857458532261,0.9708669711773745,0.9392741874064544,0.9996823989906003,0.9989539149670803,0.08791933214377935,-0.537298571668908,-0.9910819659035224,-0.9999822082330448,-0.9996404710274184,0.9999734714027142,0.9999992353773876,0.9999815031144527,-0.9999963283511977,-1.0000079089790084,0.5377751638832585,0.5373151518321495,1.0000074681008624,-1.0000064536364768,-0.5382118835761205,1.0000051110022337,0.5385877579303896,-1.0000035116911825,-0.5388840371097624,1.000002262980339,0.5389841317428996,0.5389841317429029,-1.000001650318082,-1.0000016503180906,1.0000015024038889,1.0000015024039013,1.0000034590369171,1.0000034590369122,1.0000034590367282,1.0000034590367308,-1.000003597541227,-1.0000035975412231,-1.0000035975410402,-1.0000035975410424,1.000003632079519,1.0000036320793162
1.0000005801867886,-1.0000015972535832,1.0000013469778304,1.0000022930069659,1.0000005801868512,-1.0000015972536065,1.0000013469778715,1.0000022930069572,-1.0000025136637047,1.0000033491078115,-1.0000026292347868,-1.0000027036618124,-1.0000039387561044,-1.0000025136636213,1.000003349107683,-1.0000026292347761,-1.0000027036616523,-1.0000039387559299,-1.0000038215277465,1.0000034673808782,1.0000039070756739,-1.0000029627167828,-1.0000045555602826,1.0000034673808371,1.0000000027730127,-1.0000029627167646,0.9849787779102558,-0.9392834963278969,-0.9979122346772096,-0.6762357484272655,0.5368059813934187,0.9708730773805628,0.9392827346143912,0.9996834373905601,0.9989532655855894,0.08789575815642198,-0.5373187996937382,-0.9910855594361861,-0.9999828132471571,-0.9996402663347873,0.9999737111984933,0.9999997714591702,0.9999821084217527,-0.9999966470570053,-1.0000083758294565,0.5377953849084214,0.5373353796073237,1.0000078654222562,-1.0000068597484895,-0.5382320981872135,1.0000055256230092,0.5386079670114338,-1.0000039345525042,-0.5389042418382798,1.0000026938319748,0.5390043349841278,0.539004334984132,-1.0000020850497222,-1.0000020850497304,1.0000019390589878,1.0000019390590007,1.0000039028532792,1.0000039028532728,1.0000039028530903,1.0000039028530932,-1.0000040416308709,-1.000004041630866,-1.0000040416306846,-1.000004041630686,1.000004076260193,1.00000407625999
-0.9999996368154178,1.0000006540142223,-1.0000004047452362,-1.0000013490289519,-0.9999996368154811,1.0000006540142476,-1.0000004047452786,-1.0000013490289437,1.0000015685866515,-1.0000024030586971,1.0000016857497664,1.0000017574909026,1.0000029919824336,1.0000015685865689,-1.000002403058567,1.000001685749757,1.0000017574907405,1.0000029919822593,1.0000028772913403,-1.0000025233923526,-1.0000029627168527,1.0000020186025351,1.0000028772912672,-1.0000032574249214,-1.0000029627167646,1.000000001432685,-0.9849805448025363,0.939277250194712,0.9979123022373663,0.6762466152485195,-0.5367922976581739,-0.970868418678991,-0.9392764883227969,-0.9996820987812923,-0.9989530394595089,-0.08791123248035747,0.5373051205741989,0.9910825429907272,0.9999817599808649,0.9996397467730003,-0.9999728985644912,-0.99999876359825,-0.9999810549627945,0.9999957824175935,1.0000074135763537,-0.5377817100885298,-0.5373217006414291,-1.0000069489790813,1.0000059375141173,0.5382184273072488,-1.0000045977833667,-0.5385942995287976,1.0000030012844943,0.538890577029283,-1.0000017553002534,-0.5389906710894848,-0.538990671089489,1.0000011439620173,1.000001143962025,-1.000000996704099,-1.000000996704111,-1.0000029557789492,-1.000002955778945,-1.00000295577876,-1.0000029557787629,1.0000030943764036,1.0000030943763993,1.0000030943762168,1.0000030943762197,-1.0000031289457298,-1.0000031289455276
0.9849863926605397,-0.9849888649766305,0.9849997489038248,0.9849813877102053,0.984986392660579,-0.9849888649766322,0.9849997489038492,0.9849813877101671,-0.9849694513421325,0.9849595313508631,-0.9849871739434471,-0.9849575410692373,-0.9849521039144279,-0.9849694513420135,0.9849595313506874,-0.9849871739434154,-0.984957541069031,-0.9849521039141999,-0.9849800478721082,0.9849824383740701,0.984978777910368,-0.98498054480258,-0.984980047872012,0.9849824383740048,0.9849787779102558,-0.9849805448025363,1.000000001407414,-0.8659133123981723,-0.9940866260404507,-0.7932965629399676,0.38303876558930106,0.914910308413637,0.8659100712243506,0.9803003392264388,0.9918747282100715,0.25859934276027297,-0.38360028453099454,-0.9531892970278014,-0.9837535014203522,-0.9893139300130641,0.9864052192770092,0.9842724510546857,0.9837506641297765,-0.9858530080475106,-0.9847853264165239,0.38412224306980197,0.3836184857016037,0.9852913648212764,-0.9852263400154974,-0.3846005348489911,0.9851630426072504,0.3850122600471402,-0.9851014429841312,-0.38533675148501073,0.9850420102876859,0.3854464997436837,0.3854464997436876,-0.985013143025138,-0.9850131430251354,0.9849989849420266,0.9849989849420218,0.9849487421455961,0.9849487421455907,0.9849487421453501,0.984948742145353,-0.984946887613394,-0.9849468876133894,-0.9849468876131475,-0.9849468876131512,0.984946258434496,0.9849462584342331
-0.9392587295132518,0.9392567628465647,-0.9392344113367233,-0.9392736355459428,-0.9392587295133538,0.9392567628466293,-0.9392344113367944,-0.9392736355459912,0.9392979924829551,-0.9393201235343028,0.9392631120407504,0.9393222087656481,0.9393365898913305,0.9392979924829532,-0.939320123534277,0.9392631120407854,0.9393222087655949,0.9393365898912789,0.9392807251040991,-0.9392749493611173,-0.9392834963279286,0.939277250194682,0.9392807251040803,-0.9392749493611251,-0.9392834963278969,0.939277250194712,-0.8659133123981723,0.9999999980190345,0.9151290450650674,0.38238455274802946,-0.7937241506890872,-0.9941359165213896,-1.0000007184105641,-0.9476514324889651,-0.9225379659606596,0.2592571680516033,0.7940930170766296,0.9766183705961325,0.9416570501333378,0.9296161886297035,-0.9363616654072197,-0.9406750044655718,-0.9416606463904781,0.9375253536442341,0.9396808320609663,-0.7944362776891275,-0.7941048737831046,-0.9386738443774063,0.938800137233323,0.7947508181753916,-0.9389220463669368,-0.79502139519923,0.9390398377316781,0.7952347678460588,-0.9391543381303176,-0.7953066101129137,-0.7953066101129167,0.939209934710126,0.9392099347101568,-0.9392376442747015,-0.9392376442747475,-0.9393431658055974,-0.9393431658055944,-0.9393431658055392,-0.9393431658055418,0.939347252761628,0.9393472527616249,0.9393472527615773,0.9393472527615795,-0.939348603255228,-0.9393486032551623
-0.9979129932404455,0.9979145588345647,-0.997918476986584,-0.9979121965775057,-0.9979129932404998,0.9979145588345797,-0.9979184769866192,-0.997912196577487,0.9979078656935102,-0.9979046766090581,0.9979145748021641,0.9979035252938687,0.9979022662627373,0.9979078656934132,-0.9979046766089101,0.9979145748021453,0.9979035252936902,0.997902266262542,0.997912656412221,-0.9979133287761374,-0.997912234677307,0.9979123022373951,0.9979126564121378,-0.9979133287760877,-0.9979122346772096,0.9979123022373663,-0.9940866260404507,0.9151290450650674,1.0000000047303224,0.7224602856461453,-0.4811237390812925,-0.9533489361407034,-0.9151276270686177,-0.9959594818354522,-0.9998342931038461,-0.1521280746655329,0.481656606449174,0.9803980429510308,0.9974401481853127,0.9993068178065686,-0.9984273841811199,-0.9976451419715101,-0.9974386423408685,0.9982350316232296,0.9978426059983106,-0.4821518667157794,-0.4816738520606966,-0.998031775984027,0.9980067941741497,0.48260569310488505,-0.9979822525832605,-0.4829963172692902,0.9979581851047522,0.48330420531458296,-0.9979351494471969,-0.48340826770755313,-0.483408267707557,0.9979239568490821,0.9979239568490863,-0.9979185633759449,-0.9979185633759511,-0.9979009848283925,-0.997900984828389,-0.9979009848281828,-0.9979009848281843,0.9979003776812814,0.9979003776812766,0.9979003776810713,0.9979003776810735,-0.9979001638632418,-0.9979001638630156
