1.0000000022599707,-1.0000027662710749,-1.0000033076089294,1.0000030494585872,1.0000032545205413,1.0000032808437933,1.0000033927160084,-1.000003451581062,-1.0000017626585354,1.0000021371040917,1.0000021371040906,-1.0000032182156182,1.0000016639317781,-1.0000020684737205,-1.0000020684737194,-1.0000031741186692,1.0000017317346341,-1.0000021599212658,-1.0000021599212652,-1.0000031774824134,1.0000028543933484,1.000003395232426,-1.0000030457450026,-1.0000032496433646,-1.0000032757076227,-1.0000033874255976,1.0000034464669274,1.0000017572357183,-1.0000021316346983,-1.0000021316346983,1.0000032131773815,-1.0000016587727232,1.0000020632720956,1.0000020632720943,1.0000031688047497,-1.0000017262871912,1.0000021544268627,1.0000021544268625,1.0000022328656297,-1.0000024862181505,-1.0000019499057946,1.0000033016393075,1.0000020903198787,1.0000023634943245,-1.0000018353590718,1.000001709023269,-1.0000022300505487,1.000002483435306,1.0000019470742834,-1.000003298759846,-1.0000020876804707,-1.0000023610132458,1.0000018328922784,-1.000001706755816,-1.0000025400226324,1.0000025370638246,-1.000002689923571,-1.000001199922082,1.000000333959888,-1.0000003335041405,1.0000026872686008,1.000001198556997
-1.0000027662710749,1.0000000018011421,1.0000030766915466,-1.0000026343128987,-1.000002839224546,-1.0000029577467113,-1.0000030692081399,1.0000031287166637,1.0000014385929163,-1.0000018122132475,-1.000001812213248,1.0000028948632576,-1.0000013400382513,1.0000017437605322,1.0000017437605322,1.0000028505439782,-1.000001407646599,1.0000018350178108,1.0000018350178121,1.0000028543933412,-1.0000025319391779,-1.0000030720291966,1.000002723375624,1.0000029271896134,1.0000029529015637,1.0000030642174913,-1.0000031238923033,-1.0000014334773633,1.0000018070537595,1.0000018070537593,-1.0000028901104954,1.0000013351715171,-1.0000017388536409,-1.0000017388536406,-1.000002845531153,1.0000014025078157,-1.0000018298347289,-1.0000018298347297,-1.0000019100763673,1.000002164218628,1.0000016261724214,-1.0000029794602077,-1.0000017682889821,-1.0000020402056287,1.0000015134120204,-1.0000013873867613,1.0000019074207909,-1.0000021615934618,-1.0000016235013465,1.0000029767438998,1.000001765799124,1.0000020378651304,-1.0000015110850011,1.0000013852477863,1.0000022180660102,-1.0000022152748533,1.0000023665706241,1.0000008778855707,-1.0000000117909813,1.0000000113610568,-1.000002364066087,-1.0000008765978334
-1.0000033076089294,1.0000030766915466,1.000000002569501,-1.000003267661571,-1.0000034720676163,-1.0000034057782794,-1.0000036101532828,1.0000036690033818,1.000001980008569,-1.0000023546925068,-1.0000023546925079,1.000003435784251,-1.0000018814151006,1.0000022861957865,1.0000022861957851,1.0000033915653794,-1.000001949065933,1.0000023774826718,1.000002377482672,1.0000033952324228,-1.0000030720292,-1.0000036128477217,1.0000032637651963,1.0000034669503752,1.0000034929551893,1.0000036046024683,-1.0000036636375187,-1.0000019743188306,1.0000023489539027,1.0000023489539025,-1.000003430498022,1.0000018760021074,-1.0000022807381275,-1.0000022807381266,-1.0000033859898976,1.000001943350356,-1.0000023717178226,-1.0000023717178226,-1.0000024513524912,1.0000027045234732,1.0000021686416232,-1.000003520041902,-1.000002308688953,-1.0000025823503726,1.0000020537511498,-1.0000019273388978,1.000002448398846,-1.0000027016036483,-1.00000216567074,1.0000035170207071,1.0000023059196281,1.00000257974717,-1.0000020511629384,1.0000019249598393,1.0000027582770707,-1.0000027551726245,1.0000029087400442,1.000001418496752,-1.000000552614025,1.0000005521358426,-1.000002905954391,-1.0000014170644744
1.0000030494585872,-1.0000026343128987,-1.000003267661571,1.0000000020714004,1.0000031232978888,1.0000031495074575,1.000003261235031,-1.000003320578824,-1.0000016311379647,1.0000020043802564,1.0000020043802549,-1.0000030865111744,1.0000015321934943,-1.0000019355349155,-1.000001935534914,-1.0000030425774409,1.0000016002470389,-1.000002027256277,-1.0000020272562768,-1.0000030457450004,1.0000027233756288,1.0000032637651957,-1.0000029137471398,-1.0000031194529266,-1.0000031454583145,-1.0000032570642938,1.0000033165470525,1.0000016268628449,-1.0000020000684182,-1.000002000068419,1.000003082539241,-1.000001528126312,1.0000019314341737,1.0000019314341735,1.0000030383881708,-1.0000015959525064,1.000002022924723,1.000002022924721,1.000002099315667,-1.0000023536398295,-1.000001815120035,1.000003168631419,1.0000019575767942,1.0000022286671457,-1.000001702612352,1.0000015766519135,-1.0000020970963743,1.0000023514459506,1.000001812887792,-1.0000031663613722,-1.0000019554959962,-1.0000022267111677,1.0000017006676387,-1.000001574864351,-1.000002315007536,1.0000024052408312,-1.0000025551512592,-1.0000010666344292,1.0000002004325523,-1.000000200073259,1.000002553058192,1.0000010655582527
1.0000032545205413,-1.000002839224546,-1.0000034720676163,1.0000031232978888,1.0000000023626576,1.0000033525157137,1.0000034636780835,-1.0000034308324401,-1.0000018327169709,1.0000022065139,1.000002206513901,-1.0000031971013292,1.0000017345057652,-1.0000021384071953,-1.000002138407194,-1.000003245013244,1.0000018017233612,-1.0000022292563389,-1.0000022292563364,-1.0000032496433635,1.0000029271896194,1.0000034669503748,-1.0000031194529284,-1.0000033217352409,-1.000003347197842,-1.0000034582005157,1.0000035181032754,1.0000018271023114,-1.0000022008510188,-1.0000022008510188,1.0000032844507523,-1.0000017291641996,1.0000021330215536,1.0000021330215538,1.0000032395113359,-1.0000017960832046,1.0000022235675607,1.0000022235675603,1.0000023070355677,-1.0000025610829075,-1.0000020233157376,1.0000033764397085,1.0000021652814668,1.0000024377522037,-1.0000019104818185,1.0000017843976032,-1.0000023041208963,1.0000025582016114,1.0000020203840563,-1.0000033734583802,-1.000002162548685,-1.0000024351833516,1.0000019079277611,-1.0000017820499376,-1.0000026148324173,1.0000026117689393,-1.0000027640108924,-1.000001275283522,1.00000040931336,-1.0000004088414896,1.0000027612619977,1.000001273870143
1.0000032808437933,-1.0000029577467113,-1.0000034057782794,1.0000031495074575,1.0000033525157137,1.0000000023992754,1.0000034896357373,-1.0000034565179163,-1.0000018587622876,1.0000022331037977,1.0000022331037972,-1.0000033156671146,1.000001760588879,-1.0000021650331845,-1.0000021650331816,-1.000003178433087,1.0000018277617064,-1.0000022558302053,-1.0000022558302053,-1.0000032757076236,1.0000029529015686,1.0000034929551922,-1.0000031454583176,-1.0000033471978418,-1.000003372744248,-1.0000034838672924,1.0000035435075671,1.0000018528494716,-1.000002227140201,-1.0000022271402005,1.0000033101736308,-1.0000017549636595,1.0000021593615476,1.0000021593615473,1.0000032652049031,-1.0000018218220406,1.0000022498393335,1.0000022498393333,1.0000023335117236,-1.000002587109983,-1.0000020503520128,1.0000034026525284,1.000002191363165,1.0000024647323087,-1.0000019365519663,1.0000018103026496,-1.0000023304422745,1.0000025840756825,1.00000204726465,-1.000003399512883,-1.0000021884852632,-1.0000024620270438,1.000001933862281,-1.000001807830314,-1.000002640818068,1.0000026375919078,-1.000002790983731,-1.0000013015657387,1.0000004356995347,-1.000000435202607,1.000002788088859,1.0000013000773076
1.0000033927160084,-1.0000030692081399,-1.0000036101532828,1.000003261235031,1.0000034636780835,1.0000034896357373,1.0000000025574287,-1.0000035676194154,-1.0000018778092636,1.000002345298458,1.00000234529846,-1.0000034271234637,1.0000018722514854,-1.0000022772753359,-1.0000022772753345,-1.0000033824400443,1.0000019393660327,-1.0000023680040437,-1.000002368004044,-1.0000033874255945,1.0000030642174935,1.0000036046024654,-1.0000032570642923,-1.0000034582005146,-1.0000034838672904,-1.000003595094463,1.000003654441609,1.000001964284777,-1.0000023391557735,-1.0000023391557733,1.0000034214650064,-1.0000018664573362,1.0000022714333758,1.000002271433376,1.0000033764719682,-1.0000019332479946,1.0000023618332639,1.0000023618332645,1.000002445623698,-1.0000026986867845,-1.000002163143217,1.0000035143885753,1.000002303020654,1.0000025774330485,-1.0000020481956793,1.0000019217286058,-1.0000024424620717,1.000002695561362,1.0000021599631392,-1.000003511154646,-1.0000023000563276,-1.000002574646542,1.0000020454252205,-1.000001919182026,-1.000002752328896,1.0000027490058507,-1.0000029036727096,-1.0000014134348052,1.0000005477337908,-1.0000005472219402,1.0000029006909057,1.000001411901676
-1.000003451581062,1.0000031287166637,1.0000036690033818,-1.000003320578824,-1.0000034308324401,-1.0000034565179163,-1.0000035676194154,1.0000000026418343,1.0000020291383318,-1.0000024031846102,-1.0000024031846102,1.0000034863073226,-1.0000019310618615,1.000002335212962,1.000002335212961,1.000003441530582,-1.0000019981258448,1.0000024258996347,1.0000024258996343,1.0000034464669263,-1.0000031238923093,-1.0000036636375191,1.0000033165470534,1.000003518103276,1.0000035435075671,1.0000036544416129,-1.000003714333184,-1.0000020232508853,1.0000023972465975,1.0000023972465975,-1.0000034808374054,1.0000019254607735,-1.0000023295656582,-1.0000023295656593,-1.0000034357613625,1.000001992211659,-1.0000024199344657,-1.0000024199344648,-1.0000025046078984,1.0000027584645843,1.0000022211481607,-1.0000035739218094,-1.0000023627283199,-1.0000026357039609,1.0000021079515358,-1.000001981787295,1.0000025015516174,-1.0000027554433009,-1.0000022180740444,1.000003570795634,1.0000023598627643,1.0000026330103007,-1.0000021052733894,1.0000019793255663,1.0000028121614604,-1.0000028089491406,1.0000029619227786,1.0000014729401696,-1.0000006070517173,1.0000006065569214,-1.0000029590403288,-1.0000014714581238
-1.0000017626585354,1.0000014385929163,1.000001980008569,-1.0000016311379647,-1.0000018327169709,-1.0000018587622876,-1.0000018778092636,1.0000020291383318,1.0000000002411655,-1.000000622820667,-1.0000006228206677,1.0000017965435413,-1.000000241526797,1.0000006474392698,1.0000006474392686,1.0000017517930444,-1.0000003085450724,1.0000007380658693,1.0000007380658695,1.0000017572357176,-1.0000014334773684,-1.000001974318832,1.000001626862845,1.0000018271023126,1.0000018528494719,1.0000019642847793,-1.000002023250885,-1.0000003333304073,1.0000007090901355,1.000000709090135,-1.0000017907434684,1.000000235587636,-1.0000006414511025,-1.0000006414511025,-1.000001745675603,1.0000003022739175,-1.0000007317406525,-1.0000007317406534,-1.0000008157575673,1.0000010682094855,1.0000005340499765,-1.0000018843409388,-1.0000006725960289,-1.0000009483981571,1.0000004177778012,-1.0000002911520567,1.0000008125168145,-1.0000010650058415,-1.0000005307903093,1.0000018810260725,1.0000006695575134,1.0000009455419123,-1.000000414938005,1.000000288541743,1.0000011218689557,-1.0000011184627449,1.0000012746112281,0.9999997834915819,-0.9999989179203798,0.9999989173957168,-1.000001271554797,-0.9999997819200823
1.0000021371040917,-1.0000018122132475,-1.0000023546925068,1.0000020043802564,1.0000022065139,1.0000022331037977,1.000002345298458,-1.0000024031846102,-1.000000622820667,1.0000000007756686,1.0000010921885465,-1.000002171183101,1.0000006170317208,-1.0000010239248291,-1.0000010239248278,-1.0000021268081067,1.000000684399132,-1.0000011148988053,-1.0000011148988046,-1.0000021316346974,1.0000018070537642,1.0000023489539045,-1.0000020000684202,-1.0000022008510188,-1.000002227140201,-1.0000023391557757,1.000002397246598,1.000000709090136,-1.0000010858380473,-1.0000010858380473,1.0000021653332147,-1.0000006110415534,1.0000010178852317,1.000001017885231,1.000002120638128,-1.000000678074116,1.0000011085192642,1.0000011085192642,1.0000011891823823,-1.0000014406260174,-1.0000009086718458,1.000002256922962,1.0000010450322039,1.0000013223239943,-1.0000007900861776,1.0000006630578493,-1.0000011859137965,1.000001437394858,1.0000009053841845,-1.0000022535796254,-1.0000010419675922,-1.0000013194432198,1.0000007872219925,-1.0000006604251181,-1.0000014942452193,1.0000014908097552,-1.000001648644531,-1.0000001558261382,0.9999992904332479,-0.9999992899040812,1.0000016455618501,1.00000015424114
1.0000021371040906,-1.000001812213248,-1.0000023546925079,1.0000020043802549,1.000002206513901,1.0000022331037972,1.00000234529846,-1.0000024031846102,-1.0000006228206677,1.0000010921885465,1.0000000007756686,-1.0000021711831015,1.00000061703172,-1.0000010239248294,-1.0000010239248283,-1.0000021268081078,1.0000006843991316,-1.0000011148988046,-1.0000011148988046,-1.0000021316346994,1.0000018070537648,1.0000023489539052,-1.000002000068419,-1.0000022008510192,-1.0000022271402,-1.0000023391557766,1.0000023972465966,1.000000709090136,-1.000001085838048,-1.0000010858380475,1.000002165333216,-1.0000006110415538,1.0000010178852312,1.0000010178852314,1.000002120638128,-1.0000006780741153,1.0000011085192635,1.0000011085192633,1.0000011891823835,-1.0000014406260174,-1.0000009086718467,1.0000022569229623,1.000001045032204,1.000001322323996,-1.0000007900861765,1.0000006630578495,-1.000001185913797,1.0000014373948583,1.0000009053841845,-1.0000022535796262,-1.0000010419675922,-1.0000013194432205,1.0000007872219914,-1.0000006604251181,-1.0000014942452198,1.000001490809754,-1.0000016486445313,-1.0000001558261395,0.9999992904332482,-0.9999992899040802,1.0000016455618488,1.0000001542411414
-1.0000032182156182,1.0000028948632576,1.000003435784251,-1.0000030865111744,-1.0000031971013292,-1.0000033156671146,-1.0000034271234637,1.0000034863073226,1.0000017965435413,-1.000002171183101,-1.0000021711831015,1.0000000023103068,-1.0000016057122396,1.0000021030179904,1.0000021030179889,1.000003208514957,-1.0000017655539941,1.000002193917727,1.0000021939177268,1.0000032131773773,-1.0000028901104974,-1.000003430498021,1.0000030825392383,1.0000032844507494,1.0000033101736285,1.0000034214650053,-1.0000034808374025,-1.0000017907434653,1.0000021653332123,1.0000021653332123,-1.0000032476820913,1.0000016927601687,-1.000002097454495,-1.0000020974544948,-1.0000032028313532,1.0000017597275772,-1.0000021880410843,-1.0000021880410843,-1.000002270577582,1.0000025238609949,1.0000019878005801,-1.0000033394537815,-1.0000021281239844,-1.000002401972709,1.0000018732762508,-1.000001746901548,1.0000022675666564,-1.0000025208845482,-1.0000019847720831,1.0000033363739977,1.0000021253009557,1.0000023993190255,-1.0000018706378504,1.0000017444763525,1.000002577563423,-1.0000025743987764,1.000002728253809,1.0000012383135377,-1.0000003725219446,1.000000372034491,-1.0000027254141346,-1.000001236853485
1.0000016639317781,-1.0000013400382513,-1.0000018814151006,1.0000015321934943,1.0000017345057652,1.000001760588879,1.0000018722514854,-1.0000019310618615,-1.000000241526797,1.0000006170317208,1.00000061703172,-1.0000016057122396,1.0000000001018001,-1.000000456375148,-1.0000004563751468,-1.0000016536554355,1.0000002105184076,-1.0000006397407633,-1.0000006397407641,-1.0000016587727218,1.0000013351715207,1.0000018760021063,-1.0000015281263122,-1.0000017291641987,-1.0000017549636586,-1.0000018664573378,1.0000019254607735,1.0000002355876352,-1.0000006110415518,-1.0000006110415516,1.0000016927601703,-1.0000001376868441,1.000000543244133,1.000000543244133,1.0000016478355438,-1.0000002045522765,1.0000006337231984,1.0000006337231988,1.000000716478571,-1.0000009691710194,-1.0000004344497744,1.000001785185726,1.0000005734841242,1.000000848683293,-1.0000003186437385,1.0000001921179826,-1.000000713395445,1.0000009661231979,1.000000431348655,-1.0000017820320901,-1.0000005705934008,-1.0000008459659748,1.0000003159420678,-1.000000189634633,-1.000001022893283,1.0000010196527465,-1.0000011749380313,-0.9999996841470254,0.9999988184810247,-0.9999988179818822,1.000001172030262,0.9999996826519619
-1.0000020684737205,1.0000017437605322,1.0000022861957865,-1.0000019355349155,-1.0000021384071953,-1.0000021650331845,-1.0000022772753359,1.000002335212962,1.0000006474392698,-1.0000010239248291,-1.0000010239248294,1.0000021030179904,-1.000000456375148,1.0000000006786056,1.0000009555176197,1.0000020587705534,-1.0000006164716189,1.0000010466649982,1.0000010466649984,1.0000020632720925,-1.0000017388536426,-1.0000022807381264,1.000001931434174,1.0000021330215536,1.0000021593615458,1.000002271433379,-1.0000023295656577,-1.0000006414511013,1.0000010178852314,1.0000010178852314,-1.000002097454497,1.0000005432441328,-1.0000009497737055,-1.0000009497737061,-1.0000020529026357,1.000000610456256,-1.00000104059778,-1.0000010405977797,-1.0000011199994463,1.0000013716901281,1.000000839159742,-1.000002187867701,-1.000000976022174,-1.0000012526984448,1.0000007210542412,-1.0000005941283157,1.0000011168908793,-1.0000013686171563,-1.000000836033033,1.000002184688044,1.0000009731075954,1.000001249958703,-1.0000007183302777,1.0000005916244725,1.0000014253726408,-1.0000014221053648,1.0000015790606331,1.0000000865811571,-0.9999992210922815,0.9999992205890196,-1.0000015761288705,-1.000000085073756
-1.0000020684737194,1.0000017437605322,1.0000022861957851,-1.000001935534914,-1.000002138407194,-1.0000021650331816,-1.0000022772753345,1.000002335212961,1.0000006474392686,-1.0000010239248278,-1.0000010239248283,1.0000021030179889,-1.0000004563751468,1.0000009555176197,1.0000000006786056,1.0000020587705518,-1.0000006164716173,1.0000010466649978,1.0000010466649978,1.0000020632720923,-1.0000017388536437,-1.000002280738125,1.0000019314341724,1.000002133021551,1.0000021593615447,1.000002271433377,-1.0000023295656557,-1.0000006414511002,1.0000010178852294,1.0000010178852283,-1.000002097454495,1.000000543244131,-1.0000009497737048,-1.0000009497737037,-1.0000020529026339,1.0000006104562549,-1.000001040597778,-1.0000010405977786,-1.0000011199994445,1.000001371690126,1.0000008391597397,-1.0000021878677006,-1.0000009760221735,-1.0000012526984432,1.0000007210542399,-1.0000005941283125,1.000001116890879,-1.0000013686171565,-1.0000008360330306,1.000002184688043,1.0000009731075954,1.000001249958702,-1.0000007183302764,1.0000005916244707,1.0000014253726386,-1.0000014221053637,1.0000015790606323,1.0000000865811565,-0.9999992210922788,0.999999220589018,-1.0000015761288692,-1.0000000850737545
-1.0000031741186692,1.0000028505439782,1.0000033915653794,-1.0000030425774409,-1.000003245013244,-1.000003178433087,-1.0000033824400443,1.000003441530582,1.0000017517930444,-1.0000021268081067,-1.0000021268081078,1.000003208514957,-1.0000016536554355,1.0000020587705534,1.0000020587705518,1.0000000022469404,-1.0000016282189157,1.0000021495142943,1.0000021495142948,1.0000031688047484,-1.000002845531158,-1.0000033859898985,1.0000030383881717,1.000003239511335,1.000003265204903,1.0000033764719702,-1.0000034357613614,-1.000001745675602,1.0000021206381269,1.0000021206381269,-1.0000032028313564,1.000001647835543,-1.0000020529026368,-1.0000020529026368,-1.0000031578522561,1.0000017146395868,-1.0000021433160968,-1.0000021433160966,-1.0000022269568045,1.0000024799517984,1.0000019445595936,-1.0000032956944305,-1.0000020842845485,-1.0000023588282658,1.0000018294548094,-1.0000017029693096,1.0000022237811301,-1.0000024768124869,-1.0000019413653856,1.0000032924461308,1.0000020813070516,1.000002356029379,-1.0000018266720405,1.0000017004114132,1.0000025336032785,-1.0000025302654687,1.0000026850720327,1.000001194722119,-1.000000329026901,1.000000328512776,-1.0000026820769776,-1.0000011931821762
1.0000017317346341,-1.000001407646599,-1.000001949065933,1.0000016002470389,1.0000018017233612,1.0000018277617064,1.0000019393660327,-1.0000019981258448,-1.0000003085450724,1.000000684399132,1.0000006843991316,-1.0000017655539941,1.0000002105184076,-1.0000006164716189,-1.0000006164716173,-1.0000016282189157,1.0000000001970912,-1.0000006145083549,-1.0000006145083575,-1.0000017262871865,1.0000014025078157,1.0000019433503533,-1.0000015959525042,-1.000001796083202,-1.000001821822035,-1.0000019332479935,1.000001992211656,1.0000003022739137,-1.0000006780741124,-1.0000006780741124,1.0000017597275757,-1.0000002045522727,1.000000610456254,1.000000610456253,1.0000017146395839,-1.0000002712142193,1.0000007007203031,1.0000007007203027,1.0000007849022972,-1.0000010373261816,-1.0000005032339332,1.0000018534781405,1.0000006417216227,1.0000009176038598,-1.000000386907456,1.00000026027192,-1.0000007816468248,1.0000010341079841,1.0000004999594607,-1.0000018501482169,-1.0000006386693072,-1.0000009147346416,1.0000003840547633,-1.0000002576497513,-1.0000010909816988,1.0000010875600163,-1.0000012438105892,-0.9999997526540377,0.9999988870948437,-0.9999988865677977,1.000001240740276,0.9999997510754012
-1.0000021599212658,1.0000018350178108,1.0000023774826718,-1.000002027256277,-1.0000022292563389,-1.0000022558302053,-1.0000023680040437,1.0000024258996347,1.0000007380658693,-1.0000011148988053,-1.0000011148988046,1.000002193917727,-1.0000006397407633,1.0000010466649982,1.0000010466649978,1.0000021495142943,-1.0000006145083549,1.0000000008079215,1.0000011376034477,1.0000021544268565,-1.0000018298347289,-1.0000023717178177,1.000002022924718,1.0000022235675554,1.000002249839326,1.0000023618332619,-1.0000024199344604,-1.0000007317406485,1.0000011085192588,1.0000011085192588,-1.0000021880410812,1.000000633723194,-1.0000010405977773,-1.0000010405977766,-1.0000021433160915,1.000000700720302,-1.0000011311947228,-1.0000011311947228,-1.0000012121117086,1.0000014635341554,1.0000009316332121,-1.0000022798464916,-1.000001067952653,-1.0000013453176497,1.00000081301297,-1.0000006859754695,1.0000012088281724,-1.0000014602882155,-1.0000009283305118,1.0000022764878636,1.000001064874024,1.0000013424236982,-1.0000008101356836,1.0000006833306947,1.000001517144185,-1.0000015136930058,1.0000016716288995,1.0000001787888178,-0.9999993134111096,0.9999993128795238,-1.0000016685321165,-1.0000001771965699
-1.0000021599212652,1.0000018350178121,1.000002377482672,-1.0000020272562768,-1.0000022292563364,-1.0000022558302053,-1.000002368004044,1.0000024258996343,1.0000007380658695,-1.0000011148988046,-1.0000011148988046,1.0000021939177268,-1.0000006397407641,1.0000010466649984,1.0000010466649978,1.0000021495142948,-1.0000006145083575,1.0000011376034477,1.0000000008079215,1.0000021544268565,-1.0000018298347286,-1.0000023717178184,1.0000020229247168,1.000002223567557,1.0000022498393286,1.000002361833261,-1.0000024199344604,-1.0000007317406487,1.000001108519259,1.0000011085192584,-1.0000021880410812,1.0000006337231944,-1.000001040597776,-1.0000010405977766,-1.0000021433160915,1.0000007007203022,-1.0000011311947237,-1.000001131194723,-1.0000012121117094,1.0000014635341554,1.0000009316332117,-1.000002279846492,-1.0000010679526532,-1.0000013453176502,1.0000008130129705,-1.0000006859754689,1.0000012088281711,-1.000001460288216,-1.0000009283305116,1.000002276487864,1.000001064874024,1.0000013424236984,-1.0000008101356834,1.0000006833306943,1.000001517144184,-1.0000015136930063,1.0000016716289009,1.0000001787888173,-0.9999993134111098,0.9999993128795232,-1.0000016685321156,-1.0000001771965694
-1.0000031774824134,1.0000028543933412,1.0000033952324228,-1.0000030457450004,-1.0000032496433635,-1.0000032757076236,-1.0000033874255945,1.0000034464669263,1.0000017572357176,-1.0000021316346974,-1.0000021316346994,1.0000032131773773,-1.0000016587727218,1.0000020632720925,1.0000020632720923,1.0000031688047484,-1.0000017262871865,1.0000021544268565,1.0000021544268565,1.0000000022599704,-1.00000276627108,-1.0000033076089236,1.0000030494585854,1.0000032545205386,1.0000032808437898,1.0000033927160081,-1.000003451581058,-1.0000017626585316,1.0000021371040886,1.000002137104088,-1.0000032182156162,1.0000016639317753,-1.0000020684737188,-1.0000020684737179,-1.0000031741186666,1.0000017317346346,-1.0000021599212672,-1.000002159921267,-1.0000022300505422,1.0000024834352987,1.0000019470742787,-1.000003298759845,-1.0000020876804696,-1.0000023610132456,1.0000018328922777,-1.0000017067558165,1.0000022328656322,-1.0000024862181522,-1.0000019499057933,1.000003301639303,1.000002090319876,1.0000023634943198,-1.0000018353590685,1.0000017090232654,1.0000025370638221,-1.0000025400226291,1.0000026872685974,1.0000011985569959,-1.000000333504138,1.000000333959886,-1.0000026899235694,-1.0000011999220793
1.0000028543933484,-1.0000025319391779,-1.0000030720292,1.0000027233756288,1.0000029271896194,1.0000029529015686,1.0000030642174935,-1.0000031238923093,-1.0000014334773684,1.0000018070537642,1.0000018070537648,-1.0000028901104974,1.0000013351715207,-1.0000017388536426,-1.0000017388536437,-1.000002845531158,1.0000014025078157,-1.0000018298347289,-1.0000018298347286,-1.00000276627108,1.0000000018011421,1.0000030766915504,-1.000002634312904,-1.0000028392245555,-1.0000029577467144,-1.0000030692081443,1.0000031287166657,1.0000014385929188,-1.0000018122132486,-1.0000018122132486,1.000002894863263,-1.0000013400382548,1.0000017437605369,1.0000017437605355,1.00000285054398,-1.000001407646605,1.0000018350178181,1.0000018350178181,1.0000019074207918,-1.0000021615934616,-1.0000016235013491,1.0000029767439054,1.0000017657991287,1.0000020378651362,-1.000001511085007,1.0000013852477907,-1.0000019100763742,1.0000021642186356,1.000001626172425,-1.000002979460209,-1.0000017682889855,-1.0000020402056287,1.0000015134120224,-1.0000013873867633,-1.000002215274858,1.000002218066014,-1.0000023640660902,-1.000000876597838,1.0000000113610614,-1.0000000117909849,1.0000023665706292,1.0000008778855747
1.000003395232426,-1.0000030720291966,-1.0000036128477217,1.0000032637651957,1.0000034669503748,1.0000034929551922,1.0000036046024654,-1.0000036636375191,-1.000001974318832,1.0000023489539045,1.0000023489539052,-1.000003430498021,1.0000018760021063,-1.0000022807381264,-1.000002280738125,-1.0000033859898985,1.0000019433503533,-1.0000023717178177,-1.0000023717178184,-1.0000033076089236,1.0000030766915504,1.000000002569501,-1.000003267661571,-1.0000034720676159,-1.0000034057782783,-1.0000036101532839,1.0000036690033802,1.0000019800085684,-1.0000023546925059,-1.0000023546925059,1.0000034357842524,-1.0000018814150997,1.0000022861957865,1.000002286195785,1.0000033915653779,-1.0000019490659349,1.0000023774826756,1.0000023774826754,1.0000024483988421,-1.000002701603644,-1.0000021656707394,1.0000035170207078,1.0000023059196277,1.000002579747173,-1.00000205116294,1.0000019249598402,-1.0000024513524952,1.0000027045234765,1.000002168641624,-1.0000035200418993,-1.0000023086889527,-1.000002582350369,1.0000020537511483,-1.000001927338896,-1.0000027551726245,1.0000027582770699,-1.0000029059543887,-1.0000014170644753,1.0000005521358435,-1.0000005526140245,1.0000029087400448,1.0000014184967507
-1.0000030457450026,1.000002723375624,1.0000032637651963,-1.0000029137471398,-1.0000031194529284,-1.0000031454583176,-1.0000032570642923,1.0000033165470534,1.000001626862845,-1.0000020000684202,-1.000002000068419,1.0000030825392383,-1.0000015281263122,1.000001931434174,1.0000019314341724,1.0000030383881717,-1.0000015959525042,1.000002022924718,1.0000020229247168,1.0000030494585854,-1.000002634312904,-1.000003267661571,1.0000000020714004,1.0000031232978865,1.0000031495074548,1.0000032612350316,-1.0000033205788208,-1.0000016311379627,1.0000020043802549,1.0000020043802549,-1.000003086511175,1.000001532193492,-1.0000019355349143,-1.000001935534914,-1.00000304257744,1.0000016002470413,-1.0000020272562808,-1.0000020272562808,-1.0000020970963686,1.000002351445946,1.0000018128877897,-1.0000031663613727,-1.0000019554959965,-1.0000022267111701,1.0000017006676403,-1.0000015748643518,1.00000209931567,-1.0000023536398326,-1.000001815120036,1.0000031686314157,1.0000019575767936,1.0000022286671428,-1.0000017026123502,1.0000015766519113,1.0000024052408285,-1.0000023150075357,1.0000025530581902,1.000001065558254,-1.000000200073259,1.0000002004325506,-1.00000255515126,-1.0000010666344283
-1.0000032496433646,1.0000029271896134,1.0000034669503752,-1.0000031194529266,-1.0000033217352409,-1.0000033471978418,-1.0000034582005146,1.000003518103276,1.0000018271023126,-1.0000022008510188,-1.0000022008510192,1.0000032844507494,-1.0000017291641987,1.0000021330215536,1.000002133021551,1.000003239511335,-1.000001796083202,1.0000022235675554,1.000002223567557,1.0000032545205386,-1.0000028392245555,-1.0000034720676159,1.0000031232978865,1.0000000023626576,1.0000033525157115,1.0000034636780828,-1.0000034308324364,-1.0000018327169684,1.000002206513898,1.000002206513898,-1.0000031971013328,1.0000017345057644,-1.0000021384071944,-1.0000021384071955,-1.000003245013242,1.0000018017233636,-1.000002229256341,-1.0000022292563404,-1.0000023041208916,1.0000025582016063,1.0000020203840552,-1.0000033734583818,-1.0000021625486843,-1.0000024351833536,1.0000019079277633,-1.0000017820499376,1.00000230703557,-1.0000025610829102,-1.0000020233157372,1.000003376439705,1.0000021652814644,1.0000024377521999,-1.0000019104818172,1.000001784397599,1.0000026117689378,-1.0000026148324173,1.0000027612619955,1.0000012738701438,-1.0000004088414878,1.0000004093133603,-1.0000027640108922,-1.0000012752835206
-1.0000032757076227,1.0000029529015637,1.0000034929551893,-1.0000031454583145,-1.000003347197842,-1.000003372744248,-1.0000034838672904,1.0000035435075671,1.0000018528494719,-1.000002227140201,-1.0000022271402,1.0000033101736285,-1.0000017549636586,1.0000021593615458,1.0000021593615447,1.000003265204903,-1.000001821822035,1.000002249839326,1.0000022498393286,1.0000032808437898,-1.0000029577467144,-1.0000034057782783,1.0000031495074548,1.0000033525157115,1.0000000023992754,1.0000034896357357,-1.0000034565179106,-1.0000018587622834,1.0000022331037937,1.0000022331037937,-1.0000033156671146,1.000001760588877,-1.0000021650331825,-1.0000021650331816,-1.0000031784330827,1.000001827761705,-1.0000022558302066,-1.0000022558302077,-1.0000023304422687,1.0000025840756752,1.0000020472646465,-1.0000033995128836,-1.0000021884852608,-1.0000024620270436,1.0000019338622796,-1.0000018078303143,1.000002333511727,-1.0000025871099838,-1.0000020503520124,1.0000034026525242,1.0000021913631636,1.0000024647323025,-1.000001936551964,1.0000018103026471,1.0000026375919047,-1.000002640818065,1.0000027880888553,1.0000013000773056,-1.0000004352026062,1.0000004356995342,-1.0000027909837292,-1.0000013015657367
-1.0000033874255976,1.0000030642174913,1.0000036046024683,-1.0000032570642938,-1.0000034582005157,-1.0000034838672924,-1.000003595094463,1.0000036544416129,1.0000019642847793,-1.0000023391557757,-1.0000023391557766,1.0000034214650053,-1.0000018664573378,1.000002271433379,1.000002271433377,1.0000033764719702,-1.0000019332479935,1.0000023618332619,1.000002361833261,1.0000033927160081,-1.0000030692081443,-1.0000036101532839,1.0000032612350316,1.0000034636780828,1.0000034896357357,1.0000000025574287,-1.0000035676194088,-1.0000018778092652,1.0000023452984592,1.0000023452984597,-1.0000034271234661,1.000001872251484,-1.0000022772753354,-1.0000022772753367,-1.0000033824400452,1.0000019393660358,-1.0000023680040488,-1.0000023680040482,-1.0000024424620682,1.0000026955613601,1.000002159963139,-1.0000035111546501,-1.0000023000563285,-1.0000025746465464,1.0000020454252232,-1.000001919182029,1.0000024456237024,-1.0000026986867911,-1.0000021631432203,1.0000035143885753,1.000002303020654,1.0000025774330465,-1.0000020481956782,1.000001921728606,1.0000027490058523,-1.000002752328895,1.0000029006909052,1.000001411901678,-1.0000005472219415,1.000000547733792,-1.000002903672712,-1.0000014134348076
1.0000034464669274,-1.0000031238923033,-1.0000036636375187,1.0000033165470525,1.0000035181032754,1.0000035435075671,1.000003654441609,-1.000003714333184,-1.000002023250885,1.000002397246598,1.0000023972465966,-1.0000034808374025,1.0000019254607735,-1.0000023295656577,-1.0000023295656557,-1.0000034357613614,1.000001992211656,-1.0000024199344604,-1.0000024199344604,-1.000003451581058,1.0000031287166657,1.0000036690033802,-1.0000033205788208,-1.0000034308324364,-1.0000034565179106,-1.0000035676194088,1.0000000026418343,1.00000202913833,-1.0000024031846073,-1.0000024031846073,1.0000034863073224,-1.0000019310618598,1.0000023352129606,1.000002335212961,1.00000344153058,-1.0000019981258466,1.000002425899636,1.0000024258996367,1.0000025015516116,-1.000002755443295,-1.0000022180740424,1.0000035707956354,1.0000023598627636,1.0000026330103016,-1.0000021052733883,1.0000019793255663,-1.000002504607901,1.0000027584645872,1.0000022211481612,-1.0000035739218058,-1.0000023627283183,-1.0000026357039564,1.0000021079515333,-1.0000019817872927,-1.000002808949138,1.0000028121614588,-1.0000029590403259,-1.0000014714581211,1.0000006065569191,-1.0000006070517162,1.0000029619227795,1.0000014729401685
1.0000017572357183,-1.0000014334773633,-1.0000019743188306,1.0000016268628449,1.0000018271023114,1.0000018528494716,1.000001964284777,-1.0000020232508853,-1.0000003333304073,1.000000709090136,1.000000709090136,-1.0000017907434653,1.0000002355876352,-1.0000006414511013,-1.0000006414511002,-1.000001745675602,1.0000003022739137,-1.0000007317406485,-1.0000007317406487,-1.0000017626585316,1.0000014385929188,1.0000019800085684,-1.0000016311379627,-1.0000018327169684,-1.0000018587622834,-1.0000018778092652,1.00000202913833,1.0000000002411655,-1.0000006228206606,-1.000000622820659,1.000001796543541,-1.0000002415267948,1.0000006474392686,1.0000006474392678,1.0000017517930413,-1.0000003085450735,1.000000738065872,1.0000007380658726,1.000000812516809,-1.0000010650058362,-1.000000530790307,1.0000018810260733,1.000000669557513,1.0000009455419143,-1.0000004149380055,1.0000002885417425,-1.0000008157575702,1.000001068209488,1.000000534049975,-1.0000018843409366,-1.0000006725960278,-1.0000009483981527,1.0000004177777986,-1.000000291152055,-1.000001118462744,1.0000011218689537,-1.0000012715547937,-0.9999997819200814,0.9999989173957159,-0.9999989179203784,1.0000012746112268,0.9999997834915801
-1.0000021316346983,1.0000018070537595,1.0000023489539027,-1.0000020000684182,-1.0000022008510188,-1.000002227140201,-1.0000023391557735,1.0000023972465975,1.0000007090901355,-1.0000010858380473,-1.000001085838048,1.0000021653332123,-1.0000006110415518,1.0000010178852314,1.0000010178852294,1.0000021206381269,-1.0000006780741124,1.0000011085192588,1.000001108519259,1.0000021371040886,-1.0000018122132486,-1.0000023546925059,1.0000020043802549,1.000002206513898,1.0000022331037937,1.0000023452984592,-1.0000024031846073,-1.0000006228206606,1.0000000007756686,1.000001092188544,-1.0000021711831013,1.0000006170317195,-1.0000010239248283,-1.0000010239248287,-1.0000021268081063,1.0000006843991323,-1.0000011148988073,-1.0000011148988077,-1.0000011859137916,1.0000014373948538,1.0000009053841818,-1.000002253579627,-1.0000010419675922,-1.0000013194432218,1.0000007872219918,-1.0000006604251173,1.0000011891823855,-1.0000014406260205,-1.000000908671846,1.0000022569229587,1.0000010450322026,1.0000013223239907,-1.0000007900861745,1.0000006630578464,1.000001490809754,-1.0000014942452173,1.0000016455618463,1.0000001542411399,-0.9999992899040793,0.9999992904332479,-1.000001648644531,-1.0000001558261369
-1.0000021316346983,1.0000018070537593,1.0000023489539025,-1.000002000068419,-1.0000022008510188,-1.0000022271402005,-1.0000023391557733,1.0000023972465975,1.000000709090135,-1.0000010858380473,-1.0000010858380475,1.0000021653332123,-1.0000006110415516,1.0000010178852314,1.0000010178852283,1.0000021206381269,-1.0000006780741124,1.0000011085192588,1.0000011085192584,1.000002137104088,-1.0000018122132486,-1.0000023546925059,1.0000020043802549,1.000002206513898,1.0000022331037937,1.0000023452984597,-1.0000024031846073,-1.000000622820659,1.000001092188544,1.0000000007756686,-1.000002171183101,1.0000006170317197,-1.0000010239248283,-1.0000010239248283,-1.000002126808106,1.000000684399132,-1.0000011148988077,-1.0000011148988066,-1.0000011859137916,1.0000014373948538,1.0000009053841807,-1.000002253579626,-1.0000010419675922,-1.0000013194432218,1.0000007872219911,-1.000000660425117,1.000001189182385,-1.0000014406260198,-1.0000009086718453,1.0000022569229587,1.0000010450322023,1.0000013223239912,-1.0000007900861738,1.0000006630578464,1.0000014908097528,-1.0000014942452173,1.0000016455618463,1.0000001542411399,-0.999999289904079,0.9999992904332475,-1.000001648644531,-1.0000001558261369
1.0000032131773815,-1.0000028901104954,-1.000003430498022,1.000003082539241,1.0000032844507523,1.0000033101736308,1.0000034214650064,-1.0000034808374054,-1.0000017907434684,1.0000021653332147,1.000002165333216,-1.0000032476820913,1.0000016927601703,-1.000002097454497,-1.000002097454495,-1.0000032028313564,1.0000017597275757,-1.0000021880410812,-1.0000021880410812,-1.0000032182156162,1.000002894863263,1.0000034357842524,-1.000003086511175,-1.0000031971013328,-1.0000033156671146,-1.0000034271234661,1.0000034863073224,1.000001796543541,-1.0000021711831013,-1.000002171183101,1.0000000023103068,-1.0000016057122407,1.0000021030179915,1.0000021030179922,1.0000032085149575,-1.0000017655539968,1.0000021939177328,1.0000021939177315,1.000002267566654,-1.0000025208845458,-1.0000019847720836,1.0000033363740015,1.0000021253009572,1.0000023993190292,-1.0000018706378526,1.0000017444763545,-1.0000022705775864,1.0000025238610009,1.0000019878005815,-1.0000033394537802,-1.0000021281239853,-1.000002401972708,1.0000018732762503,-1.0000017469015479,-1.0000025743987764,1.0000025775634258,-1.000002725414136,-1.0000012368534872,1.0000003720344917,-1.0000003725219464,1.0000027282538113,1.000001238313538
-1.0000016587727232,1.0000013351715171,1.0000018760021074,-1.000001528126312,-1.0000017291641996,-1.0000017549636595,-1.0000018664573362,1.0000019254607735,1.000000235587636,-1.0000006110415534,-1.0000006110415538,1.0000016927601687,-1.0000001376868441,1.0000005432441328,1.000000543244131,1.000001647835543,-1.0000002045522727,1.000000633723194,1.0000006337231944,1.0000016639317753,-1.0000013400382548,-1.0000018814150997,1.000001532193492,1.0000017345057644,1.000001760588877,1.000001872251484,-1.0000019310618598,-1.0000002415267948,1.0000006170317195,1.0000006170317197,-1.0000016057122407,1.0000000001018001,-1.0000004563751417,-1.0000004563751472,-1.0000016536554355,1.000000210518409,-1.0000006397407664,-1.0000006397407655,-1.000000713395439,1.0000009661231932,1.0000004313486537,-1.000001782032091,-1.0000005705934005,-1.000000845965977,1.0000003159420672,-1.0000001896346327,1.000000716478575,-1.0000009691710228,-1.0000004344497755,1.0000017851857237,1.0000005734841244,1.0000008486832908,-1.0000003186437356,1.0000001921179806,1.0000010196527451,-1.000001022893282,1.0000011720302597,0.9999996826519614,-0.9999988179818817,0.9999988184810247,-1.0000011749380322,-0.9999996841470243
1.0000020632720956,-1.0000017388536409,-1.0000022807381275,1.0000019314341737,1.0000021330215536,1.0000021593615476,1.0000022714333758,-1.0000023295656582,-1.0000006414511025,1.0000010178852317,1.0000010178852312,-1.000002097454495,1.000000543244133,-1.0000009497737055,-1.0000009497737048,-1.0000020529026368,1.000000610456254,-1.0000010405977773,-1.000001040597776,-1.0000020684737188,1.0000017437605369,1.0000022861957865,-1.0000019355349143,-1.0000021384071944,-1.0000021650331825,-1.0000022772753354,1.0000023352129606,1.0000006474392686,-1.0000010239248283,-1.0000010239248283,1.0000021030179915,-1.0000004563751417,1.0000000006786056,1.0000009555176204,1.0000020587705527,-1.0000006164716215,1.0000010466650016,1.0000010466650016,1.0000011168908756,-1.000001368617154,-1.000000836033031,1.000002184688046,1.0000009731075963,1.0000012499587045,-1.0000007183302795,1.0000005916244732,-1.0000011199994485,1.000001371690132,1.0000008391597421,-1.0000021878676997,-1.0000009760221735,-1.0000012526984412,1.0000007210542396,-1.0000005941283123,-1.0000014221053657,1.0000014253726406,-1.0000015761288692,-1.0000000850737558,0.9999992205890194,-0.9999992210922793,1.0000015790606342,1.000000086581156
