0.9999999996159398,-0.9999996941021586,0.9999997225392615,0.99999972253926,-0.9999983627631835,0.9999988407289141,-0.9999986802528512,-0.9999995527094191,0.9999973013803131,-0.9999982347609888,0.9999992087323154,0.9999984777463723,1.0000004041098456,-1.0000006674743513,-1.0000006674743487,1.0000007338268992,1.0000007338269021,0.9999992375212664,0.9999980780731391,-0.999999692704909,1.000000323967592,-1.0000007335234886,-1.000000484339168,-1.0000004843391652,-0.9999989567015912,1.0000004992085867,1.0000004992085818,0.9999994962752973,-1.0000004864282717,-0.9999996752658729,-0.9999996752658735
-0.9999996941021586,0.9999999999164066,-0.9999999547681098,-0.9999999547681016,0.9999985732625605,-0.999999051228398,0.999998890752301,0.9999997632090675,-0.9999975118794108,0.9999984452603053,-0.9999994192318729,-0.9999986882457419,-1.0000006146097027,1.0000008779742797,1.0000008779742773,-1.000000944326849,-1.0000009443268523,-0.9999994480208422,-0.9999982885724528,0.9999999032045908,-1.0000005344674319,1.0000009440234403,1.0000006948390552,1.0000006948390532,0.9999991672010745,-1.0000007097084813,-1.000000709708476,-0.9999997067749179,1.000000696928164,0.9999998857655444,0.9999998857655451
0.9999997225392615,-0.9999999547681098,0.9999999999880139,0.9999999832052138,-0.9999986234287369,0.9999991013946004,-0.9999989409184943,-0.9999998133753147,0.9999975620454891,-0.9999984954264459,0.9999994693980889,0.9999987384118978,1.000000664776021,-1.0000009281406197,-1.0000009281406173,1.0000009944931973,1.0000009944932007,0.999999498187073,0.99999833873861,-0.9999999533708473,1.0000005846337445,-1.0000009941897907,-1.000000745005382,-1.0000007450053805,-0.9999992173672648,1.000000759874813,1.0000007598748077,0.9999997569411532,-1.0000007470944972,-0.9999999576609501,-0.9999999359318005
0.99999972253926,-0.9999999547681016,0.9999999832052138,0.9999999999880139,-0.999998623428735,0.9999991013945984,-0.9999989409184924,-0.9999998133753123,0.9999975620454877,-0.9999984954264438,0.9999994693980884,0.9999987384118944,1.0000006647760176,-1.0000009281406168,-1.0000009281406161,1.0000009944931947,1.0000009944931985,0.9999994981870705,0.9999983387386076,-0.9999999533708459,1.0000005846337414,-1.0000009941897874,-1.0000007450053794,-1.0000007450053785,-0.9999992173672635,1.000000759874811,1.0000007598748049,0.9999997569411526,-1.000000747094496,-0.9999999359317963,-0.9999999576609478
-0.9999983627631835,0.9999985732625605,-0.9999986234287369,-0.999998623428735,0.9999999980470738,-0.9999977633483831,0.9999975811433326,0.9999984535990337,-0.9999962022719222,0.9999971356517047,-0.9999981096221913,-0.9999973786368292,-0.999999304998728,0.9999995683630355,0.9999995683630333,-0.9999996347155552,-0.9999996347155594,-0.999998138411201,-0.9999969789642355,0.9999985935943942,-0.9999992248565601,0.9999996344121576,0.999999385228032,0.9999993852280309,0.9999978575916161,-0.9999994000974662,-0.9999994000974619,-0.9999983971648778,0.9999993873171739,0.9999985761553418,0.9999985761553399
0.9999988407289141,-0.999999051228398,0.9999991013946004,0.9999991013945984,-0.9999977633483831,0.9999999987293199,-0.9999980808378698,-0.9999989532939793,0.9999966802366989,-0.9999976136169093,0.9999985875878309,0.9999978566021503,0.9999997829648991,-1.000000046329319,-1.0000000463293173,1.000000112681864,1.0000001126818683,0.9999986163768432,0.999997456929337,-0.9999990715602476,0.999999702822691,-1.000000112378464,-0.9999998631942327,-0.9999998631942297,-0.9999983355571535,0.9999998780636684,0.9999998780636636,0.9999988751306549,-0.9999998652833689,-0.9999990541211903,-0.9999990541211905
-0.9999986802528512,0.999998890752301,-0.9999989409184943,-0.9999989409184924,0.9999975811433326,-0.9999980808378698,0.9999999985002571,0.9999987710887389,-0.9999965197609401,0.9999974531410124,-0.9999984271117958,-0.9999976961262151,-0.9999996224886929,0.9999998858530776,0.999999885853075,-0.9999999522056165,-0.9999999522056192,-0.9999984776299625,-0.9999973181826306,0.9999989110841432,-0.9999995423464987,0.9999999519022181,0.999999702718018,0.9999997027180165,0.9999981750811472,-0.9999997175874548,-0.9999997175874495,-0.9999987146545742,0.999999704807157,0.9999988936450872,0.999998893645088
-0.9999995527094191,0.9999997632090675,-0.9999998133753147,-0.9999998133753123,0.9999984535990337,-0.9999989532939793,0.9999987710887389,0.9999999997455988,-0.9999973922158804,0.9999983255967092,-0.9999993212973943,-0.9999985685821198,-1.0000005166751949,1.0000007583106163,1.0000007583106143,-1.0000008246631944,-1.000000824663198,-0.9999993283572379,-0.9999981689089485,0.9999997835409483,-1.0000004148037773,1.0000008243597887,1.0000005751754073,1.0000005751754055,0.9999990475374287,-1.0000005900448428,-1.0000005900448365,-0.9999995871112598,1.00000057726453,0.9999997661018935,0.9999997661018939
0.9999973013803131,-0.9999975118794108,0.9999975620454891,0.9999975620454877,-0.9999962022719222,0.9999966802366989,-0.9999965197609401,-0.9999973922158804,0.9999999965320596,-0.9999960959985004,0.999997048239201,0.9999963172542383,0.9999982436150215,-0.9999985069791997,-0.9999985069791969,0.999998573331726,0.9999985733317271,0.9999970770283326,0.9999959175823986,-0.9999975322111301,0.9999981634729272,-0.9999985730283475,-0.9999983238443539,-0.9999983238443514,-0.9999967962086829,0.9999983387138254,0.9999983387138196,0.9999973357816307,-0.9999983259335593,-0.9999975147720427,-0.9999975147720447
-0.9999982347609888,0.9999984452603053,-0.9999984954264459,-0.9999984954264438,0.9999971356517047,-0.9999976136169093,0.9999974531410124,0.9999983255967092,-0.9999960959985004,0.9999999978643632,-0.9999980033489337,-0.9999972723634256,-0.999999176996518,0.9999994403608886,0.9999994403608844,-0.9999995067134486,-0.9999995067134511,-0.9999980104088847,-0.9999968509619371,0.9999984655920758,-0.9999990968543535,0.9999995064100641,0.9999992572258843,0.9999992572258822,0.9999977295891046,-0.9999992720953517,-0.9999992720953456,-0.9999982691624628,0.999999259315068,0.9999984481529908,0.9999984481529907
0.9999992087323154,-0.9999994192318729,0.9999994693980889,0.9999994693980884,-0.9999981096221913,0.9999985875878309,-0.9999984271117958,-0.9999993212973943,0.999997048239201,-0.9999980033489337,0.999999999254607,0.9999982246051147,1.000000150968666,-1.0000004143331973,-1.0000004143331949,1.0000004806857754,1.0000004806857787,0.9999989843801395,0.9999978249321847,-0.999999461292873,1.0000000708264265,-1.0000004803823777,-1.0000002311980394,-1.0000002311980358,-0.9999987035603112,1.000000246067486,1.0000002460674813,0.9999992431340369,-1.0000002332871831,-0.9999994221246515,-0.9999994221246532
0.9999984777463723,-0.9999986882457419,0.9999987384118978,0.9999987384118944,-0.9999973786368292,0.9999978566021503,-0.9999976961262151,-0.9999985685821198,0.9999963172542383,-0.9999972723634256,0.9999982246051147,0.9999999982111997,0.999999419982128,-0.9999996833465582,-0.9999996833465554,0.9999997496991337,0.9999997496991362,0.999998253394219,0.9999970939469941,-0.9999987085775197,0.9999993398399439,-0.999999749395747,-0.9999995002115096,-0.9999995002115077,-0.9999979943035312,0.9999995150809795,0.9999995150809738,0.9999985121478664,-0.9999995023006927,-0.9999986911384339,-0.999998691138434
1.0000004041098456,-1.0000006146097027,1.000000664776021,1.0000006647760176,-0.999999304998728,0.9999997829648991,-0.9999996224886929,-1.0000005166751949,0.9999982436150215,-0.999999176996518,1.000000150968666,0.999999419982128,1.0000000009608867,-1.0000016314410536,-1.0000016314410507,1.000001676064493,1.000001676064497,1.000000179757605,0.9999990203084331,-1.0000006349416544,1.0000012662048567,-1.0000016757610755,-1.0000014265765547,-1.0000014265765513,-0.9999998989377541,1.0000014414459735,1.0000014414459673,1.0000004385119035,-1.000001428665645,-1.000000617502612,-1.0000006175026117
-1.0000006674743513,1.0000008779742797,-1.0000009281406197,-1.0000009281406168,0.9999995683630355,-1.000000046329319,0.9999998858530776,1.0000007583106163,-0.9999985069791997,0.9999994403608886,-1.0000004143331973,-0.9999996833465582,-1.0000016314410536,1.0000000013368127,1.000001873076651,-1.0000019611583946,-1.0000019394292459,-1.0000004431221075,-0.999999283672678,1.0000008983062572,-1.000001529569556,1.0000019391258206,1.0000016899412651,1.0000016899412636,1.000000162302271,-1.000001704810676,-1.000001704810671,-1.0000007018765005,1.00000169203034,1.0000008808672238,1.000000880867225
-1.0000006674743487,1.0000008779742773,-1.0000009281406173,-1.0000009281406161,0.9999995683630333,-1.0000000463293173,0.999999885853075,1.0000007583106143,-0.9999985069791969,0.9999994403608844,-1.0000004143331949,-0.9999996833465554,-1.0000016314410507,1.000001873076651,1.0000000013368127,-1.0000019394292408,-1.0000019611583977,-1.000000443122105,-0.9999992836726753,1.0000008983062543,-1.000001529569553,1.0000019391258177,1.0000016899412627,1.0000016899412614,1.000000162302269,-1.0000017048106733,-1.0000017048106697,-1.0000007018764987,1.0000016920303378,1.0000008808672216,1.0000008808672223
1.0000007338268992,-1.000000944326849,1.0000009944931973,1.0000009944931947,-0.9999996347155552,1.000000112681864,-0.9999999522056165,-1.0000008246631944,0.999998573331726,-0.9999995067134486,1.0000004806857754,0.9999997496991337,1.000001676064493,-1.0000019611583946,-1.0000019394292408,1.0000000014315242,1.0000020057818328,1.0000005094746687,0.9999993500251871,-1.0000009646588393,1.0000015959221418,-1.0000020272075576,-1.000001756293849,-1.000001756293846,-1.0000002286548564,1.0000017711632538,1.000001771163248,1.0000007682290921,-1.0000017583829157,-1.000000947219811,-1.0000009472198115
1.0000007338269021,-1.0000009443268523,1.0000009944932007,1.0000009944931985,-0.9999996347155594,1.0000001126818683,-0.9999999522056192,-1.000000824663198,0.9999985733317271,-0.9999995067134511,1.0000004806857787,0.9999997496991362,1.000001676064497,-1.0000019394292459,-1.0000019611583977,1.0000020057818328,1.0000000014315242,1.0000005094746718,0.9999993500251904,-1.0000009646588415,1.0000015959221447,-1.0000020272075605,-1.0000017562938508,-1.0000017562938488,-1.0000002286548593,1.0000017711632565,1.0000017711632503,1.0000007682290961,-1.0000017583829186,-1.0000009472198144,-1.000000947219813
0.9999992375212664,-0.9999994480208422,0.999999498187073,0.9999994981870705,-0.999998138411201,0.9999986163768432,-0.9999984776299625,-0.9999993283572379,0.9999970770283326,-0.9999980104088847,0.9999989843801395,0.999998253394219,1.000000179757605,-1.0000004431221075,-1.000000443122105,1.0000005094746687,1.0000005094746718,0.9999999992957004,0.9999978537212006,-0.9999994900818635,1.0000000996153653,-1.0000005091712656,-1.0000002599869517,-1.0000002599869484,-0.999998732349389,1.000000274856387,1.0000002748563819,0.9999992719230684,-1.0000002620760804,-0.9999994509136558,-0.9999994509136563
0.9999980780731391,-0.9999982885724528,0.99999833873861,0.9999983387386076,-0.9999969789642355,0.999997456929337,-0.9999973181826306,-0.9999981689089485,0.9999959175823986,-0.9999968509619371,0.9999978249321847,0.9999970939469941,0.9999990203084331,-0.999999283672678,-0.9999992836726753,0.9999993500251871,0.9999993500251904,0.9999978537212006,0.9999999976407082,-0.9999983089042709,0.999998940166285,-0.9999993497217909,-0.9999991005377238,-0.9999991005377217,-0.999997572901661,0.9999991154071585,0.9999991154071535,0.9999981124747932,-0.9999991026268711,-0.9999982914652173,-0.9999982914652181
-0.999999692704909,0.9999999032045908,-0.9999999533708473,-0.9999999533708459,0.9999985935943942,-0.9999990715602476,0.9999989110841432,0.9999997835409483,-0.9999975322111301,0.9999984655920758,-0.999999461292873,-0.9999987085775197,-1.0000006349416544,1.0000008983062572,1.0000008983062543,-1.0000009646588393,-1.0000009646588415,-0.9999994900818635,-0.9999983089042709,0.999999999945428,-1.0000005765285365,1.0000009643554322,1.0000007151710246,1.0000007151710208,0.9999991875328853,-1.0000007300404579,-1.000000730040453,-0.9999997271067764,1.0000007172601437,0.9999999060974254,0.999999906097426
1.000000323967592,-1.0000005344674319,1.0000005846337445,1.0000005846337414,-0.9999992248565601,0.999999702822691,-0.9999995423464987,-1.0000004148037773,0.9999981634729272,-0.9999990968543535,1.0000000708264265,0.9999993398399439,1.0000012662048567,-1.000001529569556,-1.000001529569553,1.0000015959221418,1.0000015959221447,1.0000000996153653,0.999998940166285,-1.0000005765285365,1.0000000008464915,-1.000001595618724,-1.0000013681633748,-1.0000013681633704,-0.9999998187955336,1.0000013613036403,1.0000013613036358,1.0000003583696428,-1.0000013485233126,-1.0000005373603393,-1.0000005373603396
-1.0000007335234886,1.0000009440234403,-1.0000009941897907,-1.0000009941897874,0.9999996344121576,-1.000000112378464,0.9999999519022181,1.0000008243597887,-0.9999985730283475,0.9999995064100641,-1.0000004803823777,-0.999999749395747,-1.0000016757610755,1.0000019391258206,1.0000019391258177,-1.0000020272075576,-1.0000020272075605,-1.0000005091712656,-0.9999993497217909,1.0000009643554322,-1.000001595618724,1.000000001431091,1.0000017559904273,1.0000017559904246,1.0000002283514668,-1.0000017708598299,-1.0000017708598263,-1.0000007679256928,1.000001758079492,1.0000009469164055,1.0000009469164066
-1.000000484339168,1.0000006948390552,-1.000000745005382,-1.0000007450053794,0.999999385228032,-0.9999998631942327,0.999999702718018,1.0000005751754073,-0.9999983238443539,0.9999992572258843,-1.0000002311980394,-0.9999995002115096,-1.0000014265765547,1.0000016899412651,1.0000016899412627,-1.000001756293849,-1.0000017562938508,-1.0000002599869517,-0.9999991005377238,1.0000007151710246,-1.0000013681633748,1.0000017559904273,1.0000000010754058,1.0000015068059085,0.9999999791671461,-1.0000015434044716,-1.0000015216753153,-1.0000005187412906,1.0000015088949865,1.00000069773199,1.00000069773199
-1.0000004843391652,1.0000006948390532,-1.0000007450053805,-1.0000007450053785,0.9999993852280309,-0.9999998631942297,0.9999997027180165,1.0000005751754055,-0.9999983238443514,0.9999992572258822,-1.0000002311980358,-0.9999995002115077,-1.0000014265765513,1.0000016899412636,1.0000016899412614,-1.000001756293846,-1.0000017562938488,-1.0000002599869484,-0.9999991005377217,1.0000007151710208,-1.0000013681633704,1.0000017559904246,1.0000015068059085,1.0000000010754058,0.9999999791671423,-1.0000015216753173,-1.0000015434044676,-1.000000518741289,1.000001508894985,1.0000006977319875,1.0000006977319886
-0.9999989567015912,0.9999991672010745,-0.9999992173672648,-0.9999992173672635,0.9999978575916161,-0.9999983355571535,0.9999981750811472,0.9999990475374287,-0.9999967962086829,0.9999977295891046,-0.9999987035603112,-0.9999979943035312,-0.9999998989377541,1.000000162302271,1.000000162302269,-1.0000002286548564,-1.0000002286548593,-0.999998732349389,-0.999997572901661,0.9999991875328853,-0.9999998187955336,1.0000002283514668,0.9999999791671461,0.9999999791671423,0.9999999988948588,-0.9999999940366053,-0.9999999940366019,-0.9999990128323415,0.9999999812563122,0.9999991700938052,0.9999991700938055
1.0000004992085867,-1.0000007097084813,1.000000759874813,1.000000759874811,-0.9999994000974662,0.9999998780636684,-0.9999997175874548,-1.0000005900448428,0.9999983387138254,-0.9999992720953517,1.000000246067486,0.9999995150809795,1.0000014414459735,-1.000001704810676,-1.0000017048106733,1.0000017711632538,1.0000017711632565,1.000000274856387,0.9999991154071585,-1.0000007300404579,1.0000013613036403,-1.0000017708598299,-1.0000015434044716,-1.0000015216753173,-0.9999999940366053,1.0000000010966301,1.0000015365447223,1.0000005336107396,-1.0000015454935478,-1.000000712601426,-1.0000007126014276
1.0000004992085818,-1.000000709708476,1.0000007598748077,1.0000007598748049,-0.9999994000974619,0.9999998780636636,-0.9999997175874495,-1.0000005900448365,0.9999983387138196,-0.9999992720953456,1.0000002460674813,0.9999995150809738,1.0000014414459673,-1.000001704810671,-1.0000017048106697,1.000001771163248,1.0000017711632503,1.0000002748563819,0.9999991154071535,-1.000000730040453,1.0000013613036358,-1.0000017708598263,-1.0000015216753153,-1.0000015434044676,-0.9999999940366019,1.0000015365447223,1.0000000010966301,1.000000533610736,-1.0000015454935411,-1.0000007126014214,-1.0000007126014232
0.9999994962752973,-0.9999997067749179,0.9999997569411532,0.9999997569411526,-0.9999983971648778,0.9999988751306549,-0.9999987146545742,-0.9999995871112598,0.9999973357816307,-0.9999982691624628,0.9999992431340369,0.9999985121478664,1.0000004385119035,-1.0000007018765005,-1.0000007018764987,1.0000007682290921,1.0000007682290961,0.9999992719230684,0.9999981124747932,-0.9999997271067764,1.0000003583696428,-1.0000007679256928,-1.0000005187412906,-1.000000518741289,-0.9999990128323415,1.0000005336107396,1.000000533610736,0.9999999996650447,-1.0000005208304317,-0.9999997313968628,-0.9999997313968642
-1.0000004864282717,1.000000696928164,-1.0000007470944972,-1.000000747094496,0.9999993873171739,-0.9999998652833689,0.999999704807157,1.00000057726453,-0.9999983259335593,0.999999259315068,-1.0000002332871831,-0.9999995023006927,-1.000001428665645,1.00000169203034,1.0000016920303378,-1.0000017583829157,-1.0000017583829186,-1.0000002620760804,-0.9999991026268711,1.0000007172601437,-1.0000013485233126,1.000001758079492,1.0000015088949865,1.000001508894985,0.9999999812563122,-1.0000015454935478,-1.0000015454935411,-1.0000005208304317,1.0000000010783876,1.0000006998211153,1.0000006998211157
-0.9999996752658729,0.9999998857655444,-0.9999999576609501,-0.9999999359317963,0.9999985761553418,-0.9999990541211903,0.9999988936450872,0.9999997661018935,-0.9999975147720427,0.9999984481529908,-0.9999994221246515,-0.9999986911384339,-1.000000617502612,1.0000008808672238,1.0000008808672216,-1.000000947219811,-1.0000009472198144,-0.9999994509136558,-0.9999982914652173,0.9999999060974254,-1.0000005373603393,1.0000009469164055,1.00000069773199,1.0000006977319875,0.9999991700938052,-1.000000712601426,-1.0000007126014214,-0.9999997313968628,1.0000006998211153,0.9999999999205361,0.9999998886583675
-0.9999996752658735,0.9999998857655451,-0.9999999359318005,-0.9999999576609478,0.9999985761553399,-0.9999990541211905,0.999998893645088,0.9999997661018939,-0.9999975147720447,0.9999984481529907,-0.9999994221246532,-0.999998691138434,-1.0000006175026117,1.000000880867225,1.0000008808672223,-1.0000009472198115,-1.000000947219813,-0.9999994509136563,-0.9999982914652181,0.999999906097426,-1.0000005373603396,1.0000009469164066,1.00000069773199,1.0000006977319886,0.9999991700938055,-1.0000007126014276,-1.0000007126014232,-0.9999997313968642,1.0000006998211157,0.9999998886583675,0.9999999999205361
