1.0000000030122556,-1.0000049682579801,1.0000001637035352,1.0000045551895627,1.000004225338096,0.8093225587532384,-0.8093174386121187,0.3098154965231713,-0.9999927780202544,0.9999942492213187,-0.9999960337692146,-1.0000070109644494,1.0000069934622582,-1.0000064899348196,-0.31146485786853567,0.3114358132258977,-0.3113775404056449,-1.0000008182276936,-0.808780992589499,1.0000043329560686,0.9999981612752223,0.30841764660665505,-1.0000047136916077,-0.310206623759273,0.3105427232955089,0.31023414973754704,1.0000061671352667,-0.3108504203898857,0.3111286776630498,0.3115385025627196,-0.31167123964916077,0.3117764008788087,-0.3118548633773838,0.311880566114731,0.311880566114732
-1.0000049682579801,1.0000000032688092,-1.0000009101484253,-1.0000052964858892,-1.0000049682579808,-0.8093112750608482,0.8093061548616369,-0.3097970512801241,0.9999929503916721,-0.9999944221804059,0.9999962078912086,1.0000071810936297,-1.0000071644007178,1.0000066624543587,0.3114464235167664,-0.31141737868028785,0.3113591054785424,1.0000009962796725,0.8087925816147111,-1.0000045084815792,-0.999998337107599,-0.3084362118261283,1.0000048902603194,0.3101881811370798,-0.3105242829135256,-0.31021570735559256,-1.000006338927979,0.31083198203038054,-0.3111102411218122,-0.31152006870567067,0.3116528066706766,-0.3117579686003516,0.31183643161283686,-0.31186213454084816,-0.3118621345408486
1.0000001637035352,-1.0000009101484253,0.9999999972445871,1.000000478428914,1.0000001637035356,0.8092127846414243,-0.809208227157572,0.30964186265471977,-0.9999886477607056,0.9999901244279995,-0.9999919197985562,-1.0000028597325323,1.0000028497700104,-1.0000023609747293,-0.31129131602557575,0.31126226974376914,-0.3112039937035669,-0.999997304017918,-0.8088848927791776,1.0000002320120949,0.9999940632260245,0.3085888519493639,-1.0000006224622882,-0.3100330120742995,0.3103691305574509,0.31006054013494505,1.0000020314049027,-0.3106768447313971,0.3109551173495586,0.31136496490664256,-0.3114977094169954,0.3116028765654146,-0.31168134340197606,0.3117070477679457,0.31170704776794633
1.0000045551895627,-1.0000052964858892,1.000000478428914,1.0000000034875214,1.0000045551895633,0.8093718278017252,-0.8093667079084456,0.3098949207514823,-0.9999931394627953,0.9999946081465383,-0.9999963877123565,-1.0000073820351176,1.0000073610637872,-1.000006850758805,-0.31154423720599117,0.31151519336220135,-0.3114569221132342,-1.0000011553288892,-0.8087321951260887,1.000004680892942,0.9999985078895326,0.3083383883298505,-1.0000056203334238,-0.310286037173888,0.31062212747296797,0.3103135621508001,1.0000065310751955,-0.31092981623386245,0.31120806601731765,0.31161787985991535,-0.31175061332577014,0.3118557716698445,-0.311934232051344,0.3119599339998307,0.3119599339998314
1.000004225338096,-1.0000049682579808,1.0000001637035356,1.0000045551895633,1.0000000030122556,0.8093225587532399,-0.8093174386121209,0.30981549652317264,-0.9999927780202561,0.9999942492213194,-0.9999960337692161,-1.0000070109644503,1.0000069934622597,-1.00000648993482,-0.3114648578685367,0.3114358132258996,-0.31137754040564686,-1.0000008182276945,-0.8087809925894982,1.0000043329560704,0.9999981612752228,0.30841764660665444,-1.0000047136916093,-0.3102066237592745,0.3105427232955105,0.3102341497375486,1.000006167135268,-0.31085042038988686,0.3111286776630507,0.31153850256272114,-0.3116712396491627,0.3117764008788099,-0.31185486337738527,0.31188056611473225,0.3118805661147329
0.8093225587532384,-0.8093112750608482,0.8092127846414243,0.8093718278017252,0.8093225587532399,1.0000000033646435,-1.000002901468278,0.8092149319854801,-0.8095357693351983,0.809519231456823,-0.8094855908806239,-0.8096150687586722,0.8095906252400628,-0.8095424918014816,-0.810229919272994,0.810212106388731,-0.8101761450397639,-0.8093708647103044,-0.3091198937574402,0.8094500014841526,0.8094357032343007,-0.30913436196865696,-0.8094188323697873,-0.8094544474279192,0.8096606455662461,0.8094696113039993,0.8095641727299956,-0.8098502840505463,0.8100221065962936,0.8102749933242369,-0.8103566255212767,0.8104211790994248,-0.8104695967985984,0.8104847847562515,0.8104847847562506
-0.8093174386121187,0.8093061548616369,-0.809208227157572,-0.8093667079084456,-0.8093174386121209,-1.000002901468278,0.9999999999693313,-0.8092167618694797,0.8095306503898726,-0.8095141124133354,0.8094804716484136,0.8096099500791119,-0.8095855064366869,0.8095373727582643,0.8102311759053181,-0.8102133631985543,0.8101774022047821,0.8093657448484277,0.3091139880032603,-0.809444881991012,-0.8094305837274219,0.3091387954603648,0.8094137127140743,0.8094557117426517,-0.8096619078247984,-0.8094708754423452,-0.8095590537995011,0.8098515444306199,-0.8100233652785545,-0.8102762495031925,0.8103578808873053,-0.810422433820531,0.81047085103972,-0.8104860388368809,-0.8104860388368783
0.3098154965231713,-0.3097970512801241,0.30964186265471977,0.3098949207514823,0.30981549652317264,0.8092149319854801,-0.8092167618694797,1.0000000114433139,-0.3101720811285422,0.3101438388733267,-0.31008759822787424,-0.310286210092148,0.31024665970700754,-0.31016924747048513,-1.000009254413424,1.0000094723126103,-1.0000095484765754,-0.30989709972545887,0.308611793892116,0.3100216865288571,0.31000471462080725,-0.8089119803548726,-0.3099708507511171,-1.0000130973579398,1.0000101268785568,1.0000095472835855,0.31020466631152427,-1.0000093237623737,1.0000091288841313,1.0000085533870549,-1.0000079224684846,1.0000072288599147,-1.000007121258814,1.000005997068274,1.0000059970682715
-0.9999927780202544,0.9999929503916721,-0.9999886477607056,-0.9999931394627953,-0.9999927780202561,-0.8095357693351983,0.8095306503898726,-0.3101720811285422,0.9999999867929569,-0.9999834972111218,0.9999846959413242,0.99999575076201,-0.9999957175086268,0.9999951832149,0.311821217314014,-0.3117921766746328,0.3117339117430305,0.999989403870441,0.8085489769692411,-0.9999929677514477,-0.9999867901448486,-0.3080538125122681,0.9999933281879317,0.3105631542063757,-0.31089920745365524,-0.31059067528140294,-0.9999948745672821,0.3112068627297953,-0.3114850823973819,-0.31189485179434373,0.31202757072637555,-0.3121327174955818,0.3122111693680856,-0.3122368681913577,-0.3122368681913581
0.9999942492213187,-0.9999944221804059,0.9999901244279995,0.9999946081465383,0.9999942492213194,0.809519231456823,-0.8095141124133354,0.3101438388733267,-0.9999834972111218,0.9999999888749332,-0.9999867215871812,-0.9999972070533605,0.999997175055181,-0.9999966432129439,-0.3117929939230792,0.31176395294843834,-0.3117056873556189,-0.999990872442898,-0.8085679178786342,0.9999944324089363,0.9999882552711254,0.3080829780475048,-0.9999947944632889,-0.3105349164854143,0.3108709736092049,0.3105624379665418,0.9999963334373875,-0.311178632389736,0.3114568552095557,0.3118666292584399,-0.3119993497113227,0.31210449769159887,-0.31218295045470174,0.31220864960424727,0.31220864960424777
-0.9999960337692146,0.9999962078912086,-0.9999919197985562,-0.9999963877123565,-0.9999960337692161,-0.8094855908806239,0.8094804716484136,-0.31008759822787424,0.9999846959413242,-0.9999867215871812,0.9999999913921879,0.9999989620920569,-0.9999989325779416,0.9999984055877399,0.31173678875170197,-0.31170774714631766,0.3116494803106204,0.9999926517928599,0.808604490526141,-0.9999962040071552,-0.9999905909787216,-0.3081403491445143,0.9999965692627578,0.3104786843727568,-0.31081474878949245,-0.3105062066266075,-0.999998093580335,0.31112241415849445,-0.3114006429030053,-0.311810425696149,0.31194314900917686,-0.3120482992676258,0.3121267537047818,-0.3121524534710437,-0.31215245347104437
-1.0000070109644494,1.0000071810936297,-1.0000028597325323,-1.0000073820351176,-1.0000070109644503,-0.8096150687586722,0.8096099500791119,-0.310286210092148,0.99999575076201,-0.9999972070533605,0.9999989620920569,1.0000000071580801,-1.0000105658703897,1.0000094590226143,0.31193530690786886,-0.311906266972823,0.31184800341121643,1.000003646794475,0.8084926218950214,-1.0000072257080765,-1.0000010461886808,-0.3079484302777361,1.0000075799683903,0.3106772736018053,-0.3110133187034572,-0.31070479367209025,-1.0000091546791745,0.3113209666920298,-0.31159917983248814,-0.3120089395774007,0.31214165532772675,-0.3122467995520836,0.31232524957533814,-0.3123509476612729,-0.3123509476612738
1.0000069934622582,-1.0000071644007178,1.0000028497700104,1.0000073610637872,1.0000069934622597,0.8095906252400628,-0.8095855064366869,0.31024665970700754,-0.9999957175086268,0.999997175055181,-0.9999989325779416,-1.0000105658703897,1.0000000071050605,-1.0000099892545988,-0.31189577914442956,0.3118667388068789,-0.3118084744533917,-1.0000036256773372,-0.8085170680729442,1.0000071991896897,1.0000010203285987,0.3079879887719722,-1.0000075556783972,-0.3106377286648611,0.31097377842083407,0.31066524923829036,1.0000091201831531,-0.31128143060911984,0.3115596475243931,0.3119694128420956,-0.312102130417053,0.31220727609554966,-0.3122857271858702,0.31231142566888337,0.3123114256688843
-1.0000064899348196,1.0000066624543587,-1.0000023609747293,-1.000006850758805,-1.00000648993482,-0.8095424918014816,0.8095373727582643,-0.31016924747048513,0.9999951832149,-0.9999966432129439,0.9999984055877399,1.0000094590226143,-1.0000099892545988,1.000000006339412,0.3118184103286169,-0.3117893692183441,0.31173110334515153,1.0000031150894508,0.8085644472801469,-1.0000072412225924,-1.000000500475972,-0.3080651266947272,1.0000070388898883,0.31056032688880403,-0.31089638557996296,-0.31058784843236525,-1.000009146629742,0.3112040458285628,-0.31148226998781725,-0.31189204600021236,0.31202476707744325,-0.31212991554735936,0.3122083686854496,-0.31223406793212377,-0.3122340679321245
-0.31146485786853567,0.3114464235167664,-0.31129131602557575,-0.31154423720599117,-0.3114648578685367,-0.810229919272994,0.8102311759053181,-1.000009254413424,0.311821217314014,-0.3117929939230792,0.31173678875170197,0.31193530690786886,-0.31189577914442956,0.3118184103286169,1.0000000039024841,-1.0000062019614002,1.0000056084538207,0.3115464081023081,-0.30695754933854075,-0.31167092996705154,-0.3116539565055066,0.807884686494572,0.3116201240038298,1.0000064534184208,-1.0000046614788463,-1.0000035185130682,-0.31185380829321485,1.0000044209242742,-1.0000047344787297,-1.000004907980255,1.0000045199072587,-1.0000040188044352,1.0000040546001285,-1.0000029780075237,-1.000002978007522
0.3114358132258977,-0.31141737868028785,0.31126226974376914,0.31151519336220135,0.3114358132258996,0.810212106388731,-0.8102133631985543,1.0000094723126103,-0.3117921766746328,0.31176395294843834,-0.31170774714631766,-0.311906266972823,0.3118667388068789,-0.3117893692183441,-1.0000062019614002,1.0000000041380057,-1.0000063391584337,-0.3115173644010324,0.3069867407148981,0.3116418874223711,0.31162491398675607,-0.807902865090271,-0.3115910809288055,-1.0000066586860645,1.0000048558985255,1.0000037228638645,0.3118247675543107,-1.0000046054269942,1.0000049100186872,1.000005070316482,-1.0000046779623573,1.0000041734657872,-1.0000042067335166,1.0000031293017408,1.0000031293017382
-0.3113775404056449,0.3113591054785424,-0.3112039937035669,-0.3114569221132342,-0.31137754040564686,-0.8101761450397639,0.8101774022047821,-1.0000095484765754,0.3117339117430305,-0.3117056873556189,0.3116494803106204,0.31184800341121643,-0.3118084744533917,0.31173110334515153,1.0000056084538207,-1.0000063391584337,1.000000004100114,0.31145909343672873,-0.30704508462798036,-0.3115836187295401,-0.3115666453517964,0.8079389759693054,0.3115328111921177,1.0000067095571596,-1.000004885047714,-1.0000037719000656,-0.311766502412111,1.0000046147180006,-1.0000054645367131,-1.000005598394776,1.000004634293523,-1.0000041230014485,1.0000041512071458,-1.0000030720953523,-1.00000307209535
-1.0000008182276936,1.0000009962796725,-0.999997304017918,-1.0000011553288892,-1.0000008182276945,-0.8093708647103044,0.8093657448484277,-0.30989709972545887,0.999989403870441,-0.999990872442898,0.9999926517928599,1.000003646794475,-1.0000036256773372,1.0000031150894508,0.3115464081023081,-0.3115173644010324,0.31145909343672873,0.9999999981597696,0.8087271088264969,-1.0000015078647315,-0.9999953348287901,-0.3083338974485762,1.0000013207670855,0.3102882142238515,-0.31062430287302456,-0.31031573905485077,-1.0000027955382471,0.31093199012899536,-0.3112102385537114,-0.31162005039440477,0.3117527832103251,-0.311857941038779,0.3119364010370658,-0.3119621028560721,-0.3119621028560726
-0.808780992589499,0.8087925816147111,-0.8088848927791776,-0.8087321951260887,-0.8087809925894982,-0.3091198937574402,0.3091139880032603,0.308611793892116,0.8085489769692411,-0.8085679178786342,0.808604490526141,0.8084926218950214,-0.8085170680729442,0.8085644472801469,-0.30695754933854075,0.3069867407148981,-0.30704508462798036,0.8087271088264969,1.0000000029140204,-0.8086535624770876,-0.8086578861399367,-0.8088931436428162,0.808685387581423,-0.3082183299557068,0.3078806030752521,0.30818894512061973,-0.8085422162067689,-0.30757228258597563,0.30729379025465486,0.30688344071730617,-0.306750258749385,0.3066446252107274,-0.30656606386338,0.3065396551851396,0.3065396551851379
1.0000043329560686,-1.0000045084815792,1.0000002320120949,1.000004680892942,1.0000043329560704,0.8094500014841526,-0.809444881991012,0.3100216865288571,-0.9999929677514477,0.9999944324089363,-0.9999962040071552,-1.0000072257080765,1.0000071991896897,-1.0000072412225924,-0.31167092996705154,0.3116418874223711,-0.3115836187295401,-1.0000015078647315,-0.8086535624770876,1.0000000031992085,0.9999983124640627,0.30821142444306254,-1.0000054198707944,-0.31041278536704314,0.31074886064408314,0.3104403087221471,1.0000063633469112,-0.31105653584920323,0.3113347734481312,0.3117445693033936,-0.3118772968804636,0.31198245053169926,-0.3120609074691912,0.3120866081370359,0.3120866081370366
0.9999981612752223,-0.999998337107599,0.9999940632260245,0.9999985078895326,0.9999981612752228,0.8094357032343007,-0.8094305837274219,0.31000471462080725,-0.9999867901448486,0.9999882552711254,-0.9999905909787216,-1.0000010461886808,1.0000010203285987,-1.000000500475972,-0.3116539565055066,0.31162491398675607,-0.3115666453517964,-0.9999953348287901,-0.8086578861399367,0.9999983124640627,0.9999999943948962,0.30822458803508124,-0.9999986824285847,-0.3103958131223566,0.3107318880995846,0.3104233364990684,1.000000185185741,-0.31103956300702257,0.3113178003282645,0.31172759578034215,-0.31186032323464596,0.31196547679200654,-0.31204393365268845,0.312069634313369,0.31206963431336937
0.30841764660665505,-0.3084362118261283,0.3085888519493639,0.3083383883298505,0.30841764660665444,-0.30913436196865696,0.3091387954603648,-0.8089119803548726,-0.3080538125122681,0.3080829780475048,-0.3081403491445143,-0.3079484302777361,0.3079879887719722,-0.3080651266947272,0.807884686494572,-0.807902865090271,0.8079389759693054,-0.3083338974485762,-0.8088931436428162,0.30821142444306254,0.30822458803508124,1.0000000125428878,-0.3082625199968526,0.8086660331811699,-0.808455787885787,-0.8086460233718668,0.30802949128776763,0.8082647110139032,-0.8080924476318774,-0.8078384448089014,0.8077557317801475,-0.8076900083579098,0.8076413811545569,-0.8076243623963293,-0.8076243623963264
-1.0000047136916077,1.0000048902603194,-1.0000006224622882,-1.0000056203334238,-1.0000047136916093,-0.8094188323697873,0.8094137127140743,-0.3099708507511171,0.9999933281879317,-0.9999947944632889,0.9999965692627578,1.0000075799683903,-1.0000075556783972,1.0000070388898883,0.3116201240038298,-0.3115910809288055,0.3115328111921177,1.0000013207670855,0.808685387581423,-1.0000054198707944,-0.9999986824285847,-0.3082625199968526,1.0000000037275463,0.3103619567679791,-0.3106980381779918,-0.31038948078275796,-1.000006722187076,0.31100571891865886,-0.3112839614936296,-0.31169376469442195,0.3118264946758824,-0.3119316502430282,0.3120101085869592,-0.31203580977674955,-0.31203580977674994
-0.310206623759273,0.3101881811370798,-0.3100330120742995,-0.310286037173888,-0.3102066237592745,-0.8094544474279192,0.8094557117426517,-1.0000130973579398,0.3105631542063757,-0.3105349164854143,0.3104786843727568,0.3106772736018053,-0.3106377286648611,0.31056032688880403,1.0000064534184208,-1.0000066586860645,1.0000067095571596,0.3102882142238515,-0.3082183299557068,-0.31041278536704314,-0.3103958131223566,0.8086660331811699,0.3103619567679791,1.0000000065493335,-1.0000074888621888,-1.0000067754702107,-0.31059574070426665,1.0000062561788163,-1.000006182051578,-1.0000057844395833,1.0000052111969457,-1.0000045633088868,1.0000044897640075,-1.0000033768800258,-1.0000033768800225
0.3105427232955089,-0.3105242829135256,0.3103691305574509,0.31062212747296797,0.3105427232955105,0.8096606455662461,-0.8096619078247984,1.0000101268785568,-0.31089920745365524,0.3108709736092049,-0.31081474878949245,-0.3110133187034572,0.31097377842083407,-0.31089638557996296,-1.0000046614788463,1.0000048558985255,-1.000004885047714,-0.31062430287302456,0.3078806030752521,0.31074886064408314,0.3107318880995846,-0.808455787885787,-0.3106980381779918,-1.0000074888621888,1.0000000034148444,1.0000039617496477,0.3109317951012931,-1.0000047984611573,1.0000042648632066,1.0000040200233666,-1.000003496314142,1.0000028876918787,-1.0000028433955361,1.0000017402211463,1.0000017402211427
0.31023414973754704,-0.31021570735559256,0.31006054013494505,0.3103135621508001,0.3102341497375486,0.8094696113039993,-0.8094708754423452,1.0000095472835855,-0.31059067528140294,0.3105624379665418,-0.3105062066266075,-0.31070479367209025,0.31066524923829036,-0.31058784843236525,-1.0000035185130682,1.0000037228638645,-1.0000037719000656,-0.31031573905485077,0.30818894512061973,0.3104403087221471,0.3104233364990684,-0.8086460233718668,-0.31038948078275796,-1.0000067754702107,1.0000039617496477,1.0000000023088476,0.3106232617866676,-1.000003301934887,1.0000032365674878,1.0000028518611692,-1.0000022828042843,1.0000016382348962,-1.0000015671609195,1.000000455100225,1.000000455100224
1.0000061671352667,-1.000006338927979,1.0000020314049027,1.0000065310751955,1.000006167135268,0.8095641727299956,-0.8095590537995011,0.31020466631152427,-0.9999948745672821,0.9999963334373875,-0.999998093580335,-1.0000091546791745,1.0000091201831531,-1.000009146629742,-0.31185380829321485,0.3118247675543107,-0.311766502412111,-1.0000027955382471,-0.8085422162067689,1.0000063633469112,1.000000185185741,0.30802949128776763,-1.000006722187076,-0.31059574070426665,0.3109317951012931,0.3106232617866676,1.0000000058999285,-0.3112394514736334,0.31151767214820086,0.3119274430164217,-0.31206016240984213,0.3121653095380587,-0.312243761691158,0.3122694605724647,0.3122694605724654
-0.3108504203898857,0.31083198203038054,-0.3106768447313971,-0.31092981623386245,-0.31085042038988686,-0.8098502840505463,0.8098515444306199,-1.0000093237623737,0.3112068627297953,-0.311178632389736,0.31112241415849445,0.3113209666920298,-0.31128143060911984,0.3112040458285628,1.0000044209242742,-1.0000046054269942,1.0000046147180006,0.31093199012899536,-0.30757228258597563,-0.31105653584920323,-0.31103956300702257,0.8082647110139032,0.31100571891865886,1.0000062561788163,-1.0000047984611573,-1.000003301934887,-0.3112394514736334,1.000000002698641,-1.0000044729799709,-1.000003804629763,1.000003326203316,-1.0000027534770337,1.000002735919678,-1.0000016416202464,-1.0000016416202444
0.3111286776630498,-0.3111102411218122,0.3109551173495586,0.31120806601731765,0.3111286776630507,0.8100221065962936,-0.8100233652785545,1.0000091288841313,-0.3114850823973819,0.3114568552095557,-0.3114006429030053,-0.31159917983248814,0.3115596475243931,-0.31148226998781725,-1.0000047344787297,1.0000049100186872,-1.0000054645367131,-0.3112102385537114,0.30729379025465486,0.3113347734481312,0.3113178003282645,-0.8080924476318774,-0.3112839614936296,-1.000006182051578,1.0000042648632066,1.0000032365674878,0.31151767214820086,-1.0000044729799709,1.0000000029370721,1.0000041409236387,-1.0000037034225937,1.0000031631380215,-1.0000031697467535,1.00000208346777,1.0000020834677679
0.3115385025627196,-0.31152006870567067,0.31136496490664256,0.31161787985991535,0.31153850256272114,0.8102749933242369,-0.8102762495031925,1.0000085533870549,-0.31189485179434373,0.3118666292584399,-0.311810425696149,-0.3120089395774007,0.3119694128420956,-0.31189204600021236,-1.000004907980255,1.000005070316482,-1.000005598394776,-0.31162005039440477,0.30688344071730617,0.3117445693033936,0.31172759578034215,-0.8078384448089014,-0.31169376469442195,-1.0000057844395833,1.0000040200233666,1.0000028518611692,0.3119274430164217,-1.000003804629763,1.0000041409236387,1.00000000309965,-1.0000045338850387,1.0000034782167513,-1.0000035204251474,1.0000024459617287,1.0000024459617256
-0.31167123964916077,0.3116528066706766,-0.3114977094169954,-0.31175061332577014,-0.3116712396491627,-0.8103566255212767,0.8103578808873053,-1.0000079224684846,0.31202757072637555,-0.3119993497113227,0.31194314900917686,0.31214165532772675,-0.312102130417053,0.31202476707744325,1.0000045199072587,-1.0000046779623573,1.000004634293523,0.3117527832103251,-0.306750258749385,-0.3118772968804636,-0.31186032323464596,0.8077557317801475,0.3118264946758824,1.0000052111969457,-1.000003496314142,-1.0000022828042843,-0.31206016240984213,1.000003326203316,-1.0000037034225937,-1.0000045338850387,1.0000000025757534,-1.0000036992208086,1.0000031897966026,-1.0000021191645383,-1.0000021191645345
0.3117764008788087,-0.3117579686003516,0.3116028765654146,0.3118557716698445,0.3117764008788099,0.8104211790994248,-0.810422433820531,1.0000072288599147,-0.3121327174955818,0.31210449769159887,-0.3120482992676258,-0.3122467995520836,0.31220727609554966,-0.31212991554735936,-1.0000040188044352,1.0000041734657872,-1.0000041230014485,-0.311857941038779,0.3066446252107274,0.31198245053169926,0.31196547679200654,-0.8076900083579098,-0.3119316502430282,-1.0000045633088868,1.0000028876918787,1.0000016382348962,0.3121653095380587,-1.0000027534770337,1.0000031631380215,1.0000034782167513,-1.0000036992208086,1.0000000019044024,-1.000003297404702,1.0000016666353462,1.0000016666353446
-0.3118548633773838,0.31183643161283686,-0.31168134340197606,-0.311934232051344,-0.31185486337738527,-0.8104695967985984,0.81047085103972,-1.000007121258814,0.3122111693680856,-0.31218295045470174,0.3121267537047818,0.31232524957533814,-0.3122857271858702,0.3122083686854496,1.0000040546001285,-1.0000042067335166,1.0000041512071458,0.3119364010370658,-0.30656606386338,-0.3120609074691912,-0.31204393365268845,0.8076413811545569,0.3120101085869592,1.0000044897640075,-1.0000028433955361,-1.0000015671609195,-0.312243761691158,1.000002735919678,-1.0000031697467535,-1.0000035204251474,1.0000031897966026,-1.000003297404702,1.0000000019989455,-1.000002301787158,-1.0000023017871564
0.311880566114731,-0.31186213454084816,0.3117070477679457,0.3119599339998307,0.31188056611473225,0.8104847847562515,-0.8104860388368809,1.000005997068274,-0.3122368681913577,0.31220864960424727,-0.3121524534710437,-0.3123509476612729,0.31231142566888337,-0.31223406793212377,-1.0000029780075237,1.0000031293017408,-1.0000030720953523,-0.3119621028560721,0.3065396551851396,0.3120866081370359,0.312069634313369,-0.8076243623963293,-0.31203580977674955,-1.0000033768800258,1.0000017402211463,1.000000455100225,0.3122694605724647,-1.0000016416202464,1.00000208346777,1.0000024459617287,-1.0000021191645383,1.0000016666353462,-1.000002301787158,1.0000000004805214,1.000000674031841
0.311880566114732,-0.3118621345408486,0.31170704776794633,0.3119599339998314,0.3118805661147329,0.8104847847562506,-0.8104860388368783,1.0000059970682715,-0.3122368681913581,0.31220864960424777,-0.31215245347104437,-0.3123509476612738,0.3123114256688843,-0.3122340679321245,-1.000002978007522,1.0000031293017382,-1.00000307209535,-0.3119621028560726,0.3065396551851379,0.3120866081370366,0.31206963431336937,-0.8076243623963264,-0.31203580977674994,-1.0000033768800225,1.0000017402211427,1.000000455100224,0.3122694605724654,-1.0000016416202444,1.0000020834677679,1.0000024459617256,-1.0000021191645345,1.0000016666353446,-1.0000023017871564,1.000000674031841,1.0000000004805214
