0.9999999979717492,-0.999996333704378,0.9999984116761442,0.44026816505519434,-0.9080501654562434,0.22487144578977702,0.9936463757687822,0.9494164014998405,-0.6999433753187043,-0.33019723853499217,0.9936479872086973,-0.9999989814344372,-0.9746746959990714,0.9999998970869635,0.9703044333347958,-1.0000004733137953,1.0000002028693362,1.0000008189832157,-0.9999996864779617,-0.9999981097384376,0.6175439686300856,-0.9551456708934699,-0.527720775799838,0.4315531847787635,0.9605381448515081,-0.9655916986502916,-1.0000007471849959,1.0000003172713303
-0.999996333704378,0.9999999985888204,-0.9999975936592187,-0.44026843533023086,0.9080506512277992,-0.22487153184715497,-0.9936468799763631,-0.94941689548857,0.6999437230243866,0.3301973898989463,-0.9936484856253427,0.9999994775715425,0.9746751930645672,-1.0000003767964079,-0.9703049272728458,1.0000009379719197,-1.0000006586008476,-1.0000012774382765,1.000000134780956,0.9999985456067282,-0.617544279265506,0.9551461631876161,0.5277210412561185,-0.4315533967493945,-0.9605386365487867,0.9655921908461728,1.0000012008446668,-1.0000007675119036
0.9999984116761442,-0.9999975936592187,0.9999999997757152,0.44026894755408413,-0.9080515670787299,0.22487168904069285,0.9936478312201723,0.9494178252833947,-0.6999443763066256,-0.3301976684010739,0.993649424561679,-1.0000004130248492,-0.9746761286253578,1.0000012819051105,0.9703058564746524,-1.000001815727541,1.0000015208047734,1.000002143777391,-0.9999997273093466,-0.9999981180286958,0.617544860391396,-0.9551470892724796,-0.5277215353685738,0.43155378908740816,0.9605395612851196,-0.9655931165408866,-1.00000205873181,1.0000016198133297
0.44026816505519434,-0.44026843533023086,0.44026894755408413,0.9999999982170316,-0.7758635508061784,-0.7758605551875608,0.3364440939882583,0.6999464048449329,0.33308319445502316,0.7021260530912069,0.5385110708581494,-0.440273064406971,-0.629908545248429,0.44027186090164605,0.6443817256251292,-0.4402709684292373,0.440270357258395,0.44027072214363133,-0.4402698024027421,-0.4402687362661578,-0.4343113690772919,-0.6864141341551937,0.5303180572106049,-0.6199488554927791,0.6726394950942123,-0.6586270802936034,-0.4402704558483694,0.4402701331855656
-0.9080501654562434,0.9080506512277992,-0.9080515670787299,-0.7758635508061784,1.0000000007620344,0.20393248842522255,-0.8551540229356929,-0.9936500864532226,0.3364431322836105,-0.09552534982596876,-0.949421050398087,0.9080552520657488,0.9787264753009631,-0.9080549181664282,-0.982407394906682,0.9080545232380043,-0.9080538386948744,-0.9080544989779931,0.9080530453186679,0.9080512002636177,-0.23132053267707733,0.9913641800898095,0.1234172431999155,-0.014030250653216225,-0.9887273221010076,0.9857414193118239,0.908054209402672,-0.9080536803030514
0.22487144578977702,-0.22487153184715497,0.22487168904069285,-0.7758605551875608,0.20393248842522255,0.999999996694062,0.3330839570407264,-0.09247730900228268,-0.8532963802561221,-0.9939831042889604,0.11379638325393004,-0.22486937224291348,-0.0012776672498126804,0.22487080586186664,-0.01749983787059164,-0.22487169304372087,0.2248718952616243,0.2248720125203541,-0.22487190678112587,-0.22487163372450514,0.9052538644733519,0.07376599992775647,-0.9463270960060335,0.9760230035243961,-0.05502831613388177,0.03627073510049857,-0.22487210231406257,0.2248720471419778
0.9936463757687822,-0.9936468799763631,0.9936478312201723,0.3364440939882583,-0.8551540229356929,0.3330839570407264,0.9999999998689,0.9080553419007809,-0.7758616230982014,-0.4343120400053228,0.9746776746966689,-0.9936487649193005,-0.943324033375916,0.9936504962174061,0.9369265785299739,-0.9936506195897832,0.9936500867489568,0.9936507781202542,-0.9936493467654767,-0.9936474557554799,0.7021263603652852,-0.9157601836839723,-0.6199490952593566,0.5303185037373352,0.9231421720557894,-0.9301985018233973,-0.9936505575123383,0.9936500266280476
0.9494164014998405,-0.94941689548857,0.9494178252833947,0.6999464048449329,-0.9936500864532226,-0.09247730900228268,0.9080553419007809,1.000000002703169,-0.44027207937011764,-0.017091675315519417,0.9787269270200066,-0.9494210831165646,-0.9955988642815798,0.9494209651755015,0.9971855955834734,-0.949420725757506,0.9494200893234321,0.9494207605183008,-0.9494193165639276,-0.9494174545944357,0.3393247960163165,-0.9998269163108391,-0.23429837991402003,0.12645516592795633,0.9992999497076982,-0.9984190297272543,-0.9494204963766101,0.9494199678853109
-0.6999433753187043,0.6999437230243866,-0.6999443763066256,0.33308319445502316,0.3364431322836105,-0.8532963802561221,-0.7758616230982014,-0.44027207937011764,0.9999999965829084,0.9052541393236831,-0.6151330201317116,0.699944304567335,0.5225075972445234,-0.6999454540102515,-0.5064057118910636,0.699946042851643,-0.6999458408336394,-0.6999463166638223,0.6999454017596425,0.6999441216303255,-0.9939823767328255,0.4570527210647952,0.9760224870608052,-0.9463270559977276,-0.4736724564327799,0.490125399304853,0.6999462313482114,-0.6999458829652809
-0.33019723853499217,0.3301973898989463,-0.3301976684010739,0.7021260530912069,-0.09552534982596876,-0.9939831042889604,-0.4343120400053228,-0.017091675315519417,0.9052541393236831,0.9999999969665727,-0.22188342955991217,0.33019587109119986,0.11075222680797168,-0.33019725608002826,-0.0920710034928644,0.33019807682513114,-0.3301981826052912,-0.3301983851674548,0.3301980834231479,0.33019756364124925,-0.9463268671439371,0.035861482923800016,0.9760228613378514,-0.993983284882338,-0.054618995099832424,0.07335769824185581,0.3301984312487679,-0.3301983053972505
0.9936479872086973,-0.9936484856253427,0.993649424561679,0.5385110708581494,-0.949421050398087,0.11379638325393004,0.9746776746966689,0.9787269270200066,-0.6151330201317116,-0.22188342955991217,1.000000002853978,-0.9936506902435802,-0.9936518213344488,0.9936521973548016,0.991365580840622,-0.9936522096019333,0.9936516544496967,0.9936523360317707,-0.9936509191836448,-0.993649053650945,0.5251164581808991,-0.9824075551335495,-0.42878717281989875,0.3273028231905573,0.9857417780641003,-0.9887281779586685,-0.9936521119576921,0.9936515884093793
-0.9999989814344372,0.9999994775715425,-1.0000004130248492,-0.440273064406971,0.9080552520657488,-0.22486937224291348,-0.9936487649193005,-0.9494210831165646,0.699944304567335,0.33019587109119986,-0.9936506902435802,1.000000001827068,0.9746790366520507,-1.000001733573275,-0.9703087847854606,1.0000031236242528,-1.0000026111590652,-1.0000032921540236,1.0000018977984328,1.000000045581041,-0.6175444616447395,0.9551502308059022,0.5277207324806351,-0.4315525102151307,-0.9605426088934068,0.9655960923862227,1.0000030876506405,-1.0000025700841373
-0.9746746959990714,0.9746751930645672,-0.9746761286253578,-0.629908545248429,0.9787264753009631,-0.0012776672498126804,-0.943324033375916,-0.9955988642815798,0.5225075972445234,0.11075222680797168,-0.9936518213344488,0.9746790366520507,1.0000000034683931,-0.9746790923807189,-0.9998279204315095,0.9746789746514601,-0.9746783774745389,-0.9746790543948565,0.9746776230222387,0.9746757571724434,-0.4260177655397204,0.9971854793540548,0.32440657133847356,-0.21889523629306554,-0.998419193798414,0.9993005720913091,0.9746788101707716,-0.9746782838817438
0.9999998970869635,-1.0000003767964079,1.0000012819051105,0.44027186090164605,-0.9080549181664282,0.22487080586186664,0.9936504962174061,0.9494209651755015,-0.6999454540102515,-0.33019725608002826,0.9936521973548016,-1.000001733573275,-0.9746790923807189,1.000000002540914,0.9703088159843445,-1.0000025557337175,1.0000033673612252,1.0000040295892552,-1.0000027092398165,-1.0000009304434925,0.6175456632794842,-0.9551501569010222,-0.527721992909742,0.43155383420173266,0.9605425746166405,-0.965596093319008,-1.000003861854248,1.0000033690959558
0.9703044333347958,-0.9703049272728458,0.9703058564746524,0.6443817256251292,-0.982407394906682,-0.01749983787059164,0.9369265785299739,0.9971855955834734,-0.5064057118910636,-0.0920710034928644,0.991365580840622,-0.9703087847854606,-0.9998279204315095,0.9703088159843445,1.0000000043555646,-0.9703086867671478,0.970308090437358,0.9703087623449025,-0.9703073405149027,-0.9703054872934481,0.4089549069837238,-0.9984193359671781,-0.3065878620610766,0.20053489800856017,0.9993010036035912,-0.9998287710576289,-0.9703085189044309,0.9703079963833737
-1.0000004733137953,1.0000009379719197,-1.000001815727541,-0.4402709684292373,0.9080545232380043,-0.22487169304372087,-0.9936506195897832,-0.949420725757506,0.699946042851643,0.33019807682513114,-0.9936522096019333,1.0000031236242528,0.9746789746514601,-1.0000025557337175,-0.9703086867671478,1.0000000029888314,-1.0000025422228176,-1.0000031879676543,1.0000031913789087,1.0000014792609082,-0.6175462919204566,0.955149953805696,0.5277226754630534,-0.43155458332134106,-0.9605424020725053,0.9655959455723462,1.0000043111717172,-1.000003840711296
1.0000002028693362,-1.0000006586008476,1.0000015208047734,0.440270357258395,-0.9080538386948744,0.2248718952616243,0.9936500867489568,0.9494200893234321,-0.6999458408336394,-0.3301981826052912,0.9936516544496967,-1.0000026111590652,-0.9746783774745389,1.0000033673612252,0.970308090437358,-1.0000025422228176,1.0000000024639684,1.000004085604168,-1.0000016106841945,-1.0000011932420196,0.6175461466018913,-0.9551493334196502,-0.5277226016295772,0.4315545948256942,0.9605417937639522,-0.9655953453871648,-1.0000039699981988,1.0000035115547947
1.0000008189832157,-1.0000012774382765,1.000002143777391,0.44027072214363133,-0.9080544989779931,0.2248720125203541,0.9936507781202542,0.9494207605183008,-0.6999463166638223,-0.3301983851674548,0.9936523360317707,-1.0000032921540236,-0.9746790543948565,1.0000040295892552,0.9703087623449025,-1.0000031879676543,1.000004085604168,1.0000000033753067,-1.0000034979811945,-1.0000018132383368,0.6175465682059281,-0.9551500020871498,-0.5277229590220398,0.4315548784726024,0.9605424617247824,-0.9655960143843625,-1.0000033466889793,1.0000041425474848
-0.9999996864779617,1.000000134780956,-0.9999997273093466,-0.4402698024027421,0.9080530453186679,-0.22487190678112587,-0.9936493467654767,-0.9494193165639276,0.6999454017596425,0.3301980834231479,-0.9936509191836448,1.0000018977984328,0.9746776230222387,-1.0000027092398165,-0.9703073405149027,1.0000031913789087,-1.0000016106841945,-1.0000034979811945,1.0000000016495019,1.000000664505086,-0.6175457693438225,0.9551485720391351,0.5277223026634772,-0.4315543900200595,-0.9605410399967422,0.965594595540997,1.0000033972762106,-1.0000016911874774
-0.9999981097384376,0.9999985456067282,-0.9999981180286958,-0.4402687362661578,0.9080512002636177,-0.22487163372450514,-0.9936474557554799,-0.9494174545944357,0.6999441216303255,0.33019756364124925,-0.993649053650945,1.000000045581041,0.9746757571724434,-1.0000009304434925,-0.9703054872934481,1.0000014792609082,-1.0000011932420196,-1.0000018132383368,1.000000664505086,0.9999999993339439,-0.6175446339600499,0.9551467204034761,0.5277213435196203,-0.4315536381602714,-0.9605391933189318,0.9655927485062828,1.0000017329649888,-1.0000012976234216
0.6175439686300856,-0.617544279265506,0.617544860391396,-0.4343113690772919,-0.23132053267707733,0.9052538644733519,0.7021263603652852,0.3393247960163165,-0.9939823767328255,-0.9463268671439371,0.5251164581808991,-0.6175444616447395,-0.4260177655397204,0.6175456632794842,0.4089549069837238,-0.6175462919204566,0.6175461466018913,0.6175465682059281,-0.6175457693438225,-0.6175446339600499,0.999999996109489,-0.3569268409178046,-0.9939823768994681,0.9760224982380717,0.3744033089920476,-0.3917480440417942,-0.6175465047642195,0.6175461988977617
-0.9551456708934699,0.9551461631876161,-0.9551470892724796,-0.6864141341551937,0.9913641800898095,0.07376599992775647,-0.9157601836839723,-0.9998269163108391,0.4570527210647952,0.035861482923800016,-0.9824075551335495,0.9551502308059022,0.9971854793540548,-0.9551501569010222,-0.9984193359671781,0.955149953805696,-0.9551493334196502,-0.9551500020871498,0.9551485720391351,0.9551467204034761,-0.3569268409178046,1.000000003632779,0.25251020634392823,-0.14505781186014208,-0.9998280841082376,0.9993007390009884,0.9551497464230423,-0.955149222361307
-0.527720775799838,0.5277210412561185,-0.5277215353685738,0.5303180572106049,0.1234172431999155,-0.9463270960060335,-0.6199490952593566,-0.23429837991402003,0.9760224870608052,0.9760228613378514,-0.42878717281989875,0.5277207324806351,0.32440657133847356,-0.527721992909742,-0.3065878620610766,0.5277226754630534,-0.5277226016295772,-0.5277229590220398,0.5277223026634772,0.5277213435196203,-0.9939823768994681,0.25251020634392823,0.9999999965586843,-0.9939829852947238,-0.2706332993165843,0.288661306709801,0.5277229253999322,-0.5277226714000206
0.4315531847787635,-0.4315533967493945,0.43155378908740816,-0.6199488554927791,-0.014030250653216225,0.9760230035243961,0.5303185037373352,0.12645516592795633,-0.9463270559977276,-0.993983284882338,0.3273028231905573,-0.4315525102151307,-0.21889523629306554,0.43155383420173266,0.20053489800856017,-0.43155458332134106,0.4315545948256942,0.4315548784726024,-0.4315543900200595,-0.4315536381602714,0.9760224982380717,-0.14505781186014208,-0.9939829852947238,0.9999999969658026,0.16360963786091623,-0.18210417225708211,-0.4315548822168649,0.43155468899791244
0.9605381448515081,-0.9605386365487867,0.9605395612851196,0.6726394950942123,-0.9887273221010076,-0.05502831613388177,0.9231421720557894,0.9992999497076982,-0.4736724564327799,-0.054618995099832424,0.9857417780641003,-0.9605426088934068,-0.998419193798414,0.9605425746166405,0.9993010036035912,-0.9605424020725053,0.9605417937639522,0.9605424617247824,-0.9605410399967422,-0.9605391933189318,0.3744033089920476,-0.9998280841082376,-0.2706332993165843,0.16360963786091623,1.0000000043972075,-0.9998288070094344,-0.9605422123659522,0.9605416907750142
-0.9655916986502916,0.9655921908461728,-0.9655931165408866,-0.6586270802936034,0.9857414193118239,0.03627073510049857,-0.9301985018233973,-0.9984190297272543,0.490125399304853,0.07335769824185581,-0.9887281779586685,0.9655960923862227,0.9993005720913091,-0.965596093319008,-0.9998287710576289,0.9655959455723462,-0.9655953453871648,-0.9655960143843625,0.965594595540997,0.9655927485062828,-0.3917480440417942,0.9993007390009884,0.288661306709801,-0.18210417225708211,-0.9998288070094344,1.0000000046847004,0.9655957691569605,-0.9655952481272209
-1.0000007471849959,1.0000012008446668,-1.00000205873181,-0.4402704558483694,0.908054209402672,-0.22487210231406257,-0.9936505575123383,-0.9494204963766101,0.6999462313482114,0.3301984312487679,-0.9936521119576921,1.0000030876506405,0.9746788101707716,-1.000003861854248,-0.9703085189044309,1.0000043111717172,-1.0000039699981988,-1.0000033466889793,1.0000033972762106,1.0000017329649888,-0.6175465047642195,0.9551497464230423,0.5277229253999322,-0.4315548822168649,-0.9605422123659522,0.9655957691569605,1.0000000032103593,-1.0000027816027668
1.0000003172713303,-1.0000007675119036,1.0000016198133297,0.4402701331855656,-0.9080536803030514,0.2248720471419778,0.9936500266280476,0.9494199678853109,-0.6999458829652809,-0.3301983053972505,0.9936515884093793,-1.0000025700841373,-0.9746782838817438,1.0000033690959558,0.9703079963833737,-1.000003840711296,1.0000035115547947,1.0000041425474848,-1.0000016911874774,-1.0000012976234216,0.6175461988977617,-0.955149222361307,-0.5277226714000206,0.43155468899791244,0.9605416907750142,-0.9655952481272209,-1.0000027816027668,1.0000000025636642
