0.9999999884497236,-0.9999811799040409,0.9999946950852017,0.9999841736282822,1.0000013817198368,-0.9999996339218375,-0.9999996318991146,-0.9999996318991148,0.9999976224467306
-0.9999811799040409,0.9999999950519173,-0.9999917014082769,-0.9999811799040426,-1.000005905011144,1.00000415720127,1.0000041551873284,1.0000041551873298,-1.0000021457220174
0.9999946950852017,-0.9999917014082769,1.0000000038071784,0.9999946950852043,1.000011903375034,-1.0000026386225758,-1.000010153540134,-1.000010153540134,1.000008144061411
0.9999841736282822,-0.9999811799040426,0.9999946950852043,0.9999999884497236,1.0000013817198397,-0.9999996339218395,-0.9999996318991183,-0.9999996318991183,0.999997622446734
1.0000013817198368,-1.000005905011144,1.000011903375034,1.0000013817198397,1.0000000135673024,-1.0000093253744087,-1.0000093233530127,-1.0000093233530154,1.0000148307932384
-0.9999996339218375,1.00000415720127,-1.0000026386225758,-0.9999996339218395,-1.0000093253744087,1.0000000110161262,1.0000150924595823,1.0000150924595823,-1.0000055660399023
-0.9999996318991146,1.0000041551873284,-1.000010153540134,-0.9999996318991183,-1.0000093233530127,1.0000150924595823,1.0000000110131724,1.000015090427501,-1.0000130809444219
-0.9999996318991148,1.0000041551873298,-1.000010153540134,-0.9999996318991183,-1.0000093233530154,1.0000150924595823,1.000015090427501,1.0000000110131724,-1.0000130809444217
0.9999976224467306,-1.0000021457220174,1.000008144061411,0.999997622446734,1.0000148307932384,-1.0000055660399023,-1.0000130809444219,-1.0000130809444217,1.000000008080084
