1.0000000012653667,-1.0000021937726513,-1.0000021937726518,-1.0000014122677532,-1.0000012347073914,1.0000010459975701,1.0000010218098452,1.0000010218098445,0.9999991957870363,-0.9999996371779162,-0.9999989858751255,0.9999994175874155,1.0000005209428053,-1.0000008013030959,1.0000009650877322,-1.0000012632583501,-1.0000005203232742,1.0000013172648052,1.0000017499323077,-1.0000011777960296,-1.0000009885360854,-1.0000009885360839,1.000001079964903,-1.0000013262509355
-1.0000021937726513,1.000000001875255,1.0000026201329737,1.000001838494368,1.000001661235614,-1.0000014718535193,-1.0000014481129678,-1.0000014481129655,-0.999999622109331,1.0000000633812216,0.9999994122706329,-0.9999998438020654,-1.0000009469810405,1.0000012271976608,-1.000001390937926,1.0000016892591699,1.0000009463206334,-1.000001743186726,-1.0000021759524607,1.0000016036663186,1.0000014149454866,1.0000014149454846,-1.0000015064756402,1.000001752858354
-1.0000021937726518,1.0000026201329737,1.000000001875255,1.000001838494366,1.0000016612356126,-1.0000014718535182,-1.0000014481129664,-1.000001448112966,-0.9999996221093318,1.0000000633812205,0.9999994122706317,-0.9999998438020655,-1.0000009469810391,1.0000012271976608,-1.0000013909379248,1.0000016892591672,1.0000009463206339,-1.0000017431867254,-1.0000021759524602,1.0000016036663173,1.0000014149454852,1.0000014149454852,-1.0000015064756391,1.000001752858353
-1.0000014122677532,1.000001838494368,1.000001838494366,1.0000000007561625,1.000000880105776,-1.0000006893864246,-1.0000006671824535,-1.0000006671824524,-0.9999988412010867,0.9999992821623572,0.9999986315379252,-0.9999990625756267,-1.0000001653160355,1.0000004451413065,-1.0000006087291549,1.0000009074586573,1.0000001644911833,-1.000000961155634,-1.0000013941518595,1.0000008214961484,1.000000634297691,1.0000006342976888,-1.0000007261048338,1.0000009727055756
-1.0000012347073914,1.000001661235614,1.0000016612356126,1.000000880105776,1.0000000005022491,-1.0000005137506054,-1.0000004880864721,-1.0000004880864715,-0.9999986624095774,0.9999991040834783,0.9999984523270296,-0.9999988845190279,-0.9999999882451517,1.0000002689765513,-1.0000004329217456,1.0000007307028427,0.9999999878137942,-1.0000007849423513,-1.0000012173881903,1.0000006455961103,1.000000454848383,1.000000454848382,-1.0000005459864583,1.0000007920689087
1.0000010459975701,-1.0000014718535193,-1.0000014718535182,-1.0000006893864246,-1.0000005137506054,1.000000000230995,1.000000300944731,1.0000003009447294,0.9999984749165857,-0.9999989157081225,-0.9999982653520914,0.999998696125906,0.9999997986191734,-1.000000077939651,1.0000002417499303,-1.0000005406857542,-0.9999997977161179,1.000000594263724,1.0000010273816249,-1.000000454534215,-1.000000268215851,-1.0000002682158504,1.0000003601703937,-1.0000006068943454
1.0000010218098452,-1.0000014481129678,-1.0000014481129664,-1.0000006671824535,-1.0000004880864721,1.000000300944731,1.0000000001967826,1.0000002749477854,0.9999984489753843,-0.9999988908037906,-0.9999982388019925,0.9999986712578319,0.9999997751839895,-1.000000056122193,1.000000220157269,-1.000000517720852,-0.9999997748612297,1.000000572090341,1.0000010044165266,-1.000000432813056,-1.0000002409546234,-1.0000002412588735,1.000000332237619,-1.0000005782126327
1.0000010218098445,-1.0000014481129655,-1.000001448112966,-1.0000006671824524,-1.0000004880864715,1.0000003009447294,1.0000002749477854,1.0000000001967826,0.9999984489753818,-0.9999988908037885,-0.9999982388019895,0.9999986712578293,0.9999997751839877,-1.0000000561221916,1.0000002201572677,-1.0000005177208526,-0.9999997748612278,1.0000005720903413,1.0000010044165262,-1.000000432813056,-1.0000002412588742,-1.0000002409546145,1.0000003322376174,-1.0000005782126302
0.9999991957870363,-0.999999622109331,-0.9999996221093318,-0.9999988412010867,-0.9999986624095774,0.9999984749165857,0.9999984489753843,0.9999984489753818,0.9999999975826869,-0.9999970640782944,-0.9999964119891237,0.9999968448593205,0.9999979488409316,-0.9999982299476436,0.9999983939696689,-0.9999986913310829,-0.9999979485663586,0.9999987457674026,0.9999991779818,-0.9999986065638852,-0.9999984152422453,-0.9999984152422436,0.9999985061508038,-0.9999987520679422
-0.9999996371779162,1.0000000633812216,1.0000000633812205,0.9999992821623572,0.9999991040834783,-0.9999989157081225,-0.9999988908037906,-0.9999988908037885,-0.9999970640782944,0.9999999982150235,0.9999968543340657,-0.9999972861607356,-0.9999983897849778,0.9999986708419629,-0.9999988347322769,0.999999132467874,0.9999983896565271,-0.9999991866950656,-0.999999619121081,0.9999990473677577,0.9999988573166423,0.999998857316641,-0.9999989484811573,0.9999991945901804
-0.9999989858751255,0.9999994122706329,0.9999994122706317,0.9999986315379252,0.9999984523270296,-0.9999982653520914,-0.9999982388019925,-0.9999982388019895,-0.9999964119891237,0.9999968543340657,0.9999999972817367,-0.9999966348230295,-0.9999977390121711,0.9999980203238713,-0.9999981844254289,0.9999984815708582,0.9999977388326723,-0.9999985361294941,-0.9999989682249766,0.9999983969977964,0.9999982049261325,0.999998204926132,-0.9999982956872969,0.9999985414969824
0.9999994175874155,-0.9999998438020654,-0.9999998438020655,-0.9999990625756267,-0.9999988845190279,0.999998696125906,0.9999986712578319,0.9999986712578293,0.9999968448593205,-0.9999972861607356,-0.9999966348230295,0.9999999979007806,0.999998170526665,-0.9999984512667696,0.9999986151644534,-0.9999989129131671,-0.999998170111416,0.9999989671404755,0.9999993995843103,-0.9999988278061874,-0.9999986377818483,-0.9999986377818477,0.9999987289489921,-0.9999989750794435
1.0000005209428053,-1.0000009469810405,-1.0000009469810391,-1.0000001653160355,-0.9999999882451517,0.9999997986191734,0.9999997751839895,0.9999997751839877,0.9999979488409316,-0.9999983897849778,-0.9999977390121711,0.999998170526665,0.9999999994801397,-0.9999995535918589,0.9999997176012931,-1.0000000155617985,-0.9999992726856813,1.0000000697977813,1.0000005025262642,-0.9999999302959699,-0.9999997420457634,-0.9999997420457628,0.9999998335741105,-1.0000000799583622
-1.0000008013030959,1.0000012271976608,1.0000012271976608,1.0000004451413065,1.0000002689765513,-1.000000077939651,-1.000000056122193,-1.0000000561221916,-0.9999982299476436,0.9999986708419629,0.9999980203238713,-0.9999984512667696,-0.9999995535918589,0.9999999998809584,-0.9999999969149037,1.0000002959881764,0.9999995530510328,-1.0000003496488405,-1.000000782669284,1.0000002099764753,1.0000000233045512,1.0000000233045498,-1.0000001151616706,1.0000003618075601
1.0000009650877322,-1.000001390937926,-1.0000013909379248,-1.0000006087291549,-1.0000004329217456,1.0000002417499303,1.000000220157269,1.0000002201572677,0.9999983939696689,-0.9999988347322769,-0.9999981844254289,0.9999986151644534,0.9999997176012931,-0.9999999969149037,1.0000000001150202,-1.0000004596438643,-0.999999716701851,1.0000005132136212,1.0000009463372188,-1.0000003731807685,-1.000000187461311,-1.0000001874613094,1.0000002794348888,-1.000000526184213
-1.0000012632583501,1.0000016892591699,1.0000016892591672,1.0000009074586573,1.0000007307028427,-1.0000005406857542,-1.000000517720852,-1.0000005177208526,-0.9999986913310829,0.999999132467874,0.9999984815708582,-0.9999989129131671,-1.0000000155617985,1.0000002959881764,-1.0000004596438643,1.0000000005425391,1.0000000151673012,-1.0000008115944534,-1.0000012444076247,1.0000006723522126,1.0000004846874702,1.0000004846874686,-1.0000005763151176,1.0000008227877493
-1.0000005203232742,1.0000009463206334,1.0000009463206339,1.0000001644911833,0.9999999878137942,-0.9999997977161179,-0.9999997748612297,-0.9999997748612278,-0.9999979485663586,0.9999983896565271,0.9999977388326723,-0.999998170111416,-0.9999992726856813,0.9999995530510328,-0.999999716701851,1.0000000151673012,0.9999999994791686,-1.000000068997369,-1.0000005018557703,0.9999999294248345,0.999999741862459,0.9999997418624581,-0.9999998335195432,1.0000000800317723
1.0000013172648052,-1.000001743186726,-1.0000017431867254,-1.000000961155634,-1.0000007849423513,1.000000594263724,1.000000572090341,1.0000005720903413,0.9999987457674026,-0.9999991866950656,-0.9999985361294941,0.9999989671404755,1.0000000697977813,-1.0000003496488405,1.0000005132136212,-1.0000008115944534,-1.000000068997369,1.0000000006195189,1.0000012985837061,-1.0000007256529155,-1.0000005392467541,-1.0000005392467528,1.000000631063319,-1.0000008776936768
1.0000017499323077,-1.0000021759524607,-1.0000021759524602,-1.0000013941518595,-1.0000012173881903,1.0000010273816249,1.0000010044165266,1.0000010044165262,0.9999991779818,-0.999999619121081,-0.9999989682249766,0.9999993995843103,1.0000005025262642,-1.000000782669284,1.0000009463372188,-1.0000012444076247,-1.0000005018557703,1.0000012985837061,1.0000000012391768,-1.0000011590445366,-1.000000971379874,-1.0000009713798734,1.0000010629950793,-1.0000013094765308
-1.0000011777960296,1.0000016036663186,1.0000016036663173,1.0000008214961484,1.0000006455961103,-1.000000454534215,-1.000000432813056,-1.000000432813056,-0.9999986065638852,0.9999990473677577,0.9999983969977964,-0.9999988278061874,-0.9999999302959699,1.0000002099764753,-1.0000003731807685,1.0000006723522126,0.9999999294248345,-1.0000007256529155,-1.0000011590445366,1.000000000419586,1.0000004000818754,1.0000004000818745,-1.0000004920164474,1.000000738738559
-1.0000009885360854,1.0000014149454866,1.0000014149454852,1.000000634297691,1.000000454848383,-1.000000268215851,-1.0000002409546234,-1.0000002412588742,-0.9999984152422453,0.9999988573166423,0.9999982049261325,-0.9999986377818483,-0.9999997420457634,1.0000000233045512,-1.000000187461311,1.0000004846874702,0.999999741862459,-1.0000005392467541,-1.000000971379874,1.0000004000818754,1.000000000148398,1.0000002073445067,-1.0000002977880156,1.000000543890159
-1.0000009885360839,1.0000014149454846,1.0000014149454852,1.0000006342976888,1.000000454848382,-1.0000002682158504,-1.0000002412588735,-1.0000002409546145,-0.9999984152422436,0.999998857316641,0.999998204926132,-0.9999986377818477,-0.9999997420457628,1.0000000233045498,-1.0000001874613094,1.0000004846874686,0.9999997418624581,-1.0000005392467528,-1.0000009713798734,1.0000004000818745,1.0000002073445067,1.000000000148398,-1.0000002977880147,1.000000543890157
1.000001079964903,-1.0000015064756402,-1.0000015064756391,-1.0000007261048338,-1.0000005459864583,1.0000003601703937,1.000000332237619,1.0000003322376174,0.9999985061508038,-0.9999989484811573,-0.9999982956872969,0.9999987289489921,0.9999998335741105,-1.0000001151616706,1.0000002794348888,-1.0000005763151176,-0.9999998335195432,1.000000631063319,1.0000010629950793,-1.0000004920164474,-1.0000002977880156,-1.0000002977880147,1.0000000002781322,-1.0000006339176601
-1.0000013262509355,1.000001752858354,1.000001752858353,1.0000009727055756,1.0000007920689087,-1.0000006068943454,-1.0000005782126327,-1.0000005782126302,-0.9999987520679422,0.9999991945901804,0.9999985414969824,-0.9999989750794435,-1.0000000799583622,1.0000003618075601,-1.000000526184213,1.0000008227877493,1.0000000800317723,-1.0000008776936768,-1.0000013094765308,1.000000738738559,1.000000543890159,1.000000543890157,-1.0000006339176601,1.0000000006296108
