0.9999999948781298,-0.7938695841606852,-0.7938675991895099,0.7938920990139493,0.26042204236598776,0.26046436715606763,-0.6401780627089183,0.2419269516528536,-0.644378262743024,0.24872823563682672,-0.24192459373342504,0.6443826143416514,-0.24872993277453342,0.2419232682233416,-0.1573971408001989,0.05262931000998429,0.05271734332734145,-0.15747221731963734,0.1574804980608439
-0.7938695841606852,1.0000000009257815,0.2604674347317798,-0.9999997746151924,-0.7938477066210805,0.38031930825700566,0.8090089000418835,-0.30899592891197375,0.8090188225307505,-0.3090268860100352,0.30898449966172903,-0.8090167606730956,0.30902573647880593,-0.3089783014640108,0.7254600988706874,-0.6490247016849823,0.5653895418275054,-0.4754852615681517,0.47547846587323433
-0.7938675991895099,0.2604674347317798,0.9999999964043105,-0.26050314692770127,0.3803607870139117,-0.7938684347816627,0.20743606077517182,-0.07512587532392687,0.2140926912574815,-0.0858899117868671,0.0751335607573786,-0.21410166233284492,0.08589375593278399,-0.07513765436015825,-0.4755502804562719,0.5654599473080937,-0.6490889054859392,0.7255091744431409,-0.7255155264925481
0.7938920990139493,-0.9999997746151924,-0.26050314692770127,0.9999999996119643,0.7938249347431409,-0.3802845220472487,-0.8090109296034889,0.30900109607709497,-0.8090141166301265,0.30902115463500784,-0.3089896672726845,0.8090126542521414,-0.30902000524955414,0.30898346931364645,-0.7254338062485012,0.648995779297211,-0.5653583108252763,0.4754520686901976,-0.47544527282470156
0.26042204236598776,-0.7938477066210805,0.3803607870139117,0.7938249347431409,1.0000000070370725,-0.8643422784413713,-0.6442963145076044,0.24866715657956237,-0.6401165748618929,0.2419226390267071,-0.24865136760434248,0.6401089492194721,-0.2419191165880721,0.24864285187383656,-0.9944564273428491,0.9778702006496757,-0.9504306569046557,0.912445359220642,-0.9124428505255725
0.26046436715606763,0.38031930825700566,-0.7938684347816627,-0.3802845220472487,-0.8643422784413713,1.0000000003890603,0.31082575999388334,-0.1226465105222024,0.30445847428775996,-0.11235975102433762,0.12263195001581816,-0.30444858208768555,0.11235534462995345,-0.12262412486605095,0.9124544000278999,-0.9504399230695734,0.9778744108478502,-0.9944544731990902,0.9944568770030505
-0.6401780627089183,0.8090089000418835,0.20743606077517182,-0.8090109296034889,-0.6442963145076044,0.31082575999388334,0.999999999877774,-0.8090102091071087,0.3090068945510001,0.309018934234886,0.8090041905861869,-0.3090027395082465,-0.3090212838936736,-0.8090005812334586,0.589241495887302,-0.5276510069594355,0.4602075665425962,-0.38766151281584366,0.3876559131629853
0.2419269516528536,-0.30899592891197375,-0.07512587532392687,0.30900109607709497,0.24866715657956237,-0.1226465105222024,-0.8090102091071087,0.9999999964651677,0.309031970733928,-0.8090175765069616,-0.9999951990171128,-0.30903663224315464,0.8090208280906542,0.9999961560375235,-0.22797886727306763,0.2047625407267746,-0.17927536946606348,0.1518007456574579,-0.15179848118459022
-0.644378262743024,0.8090188225307505,0.2140926912574815,-0.8090141166301265,-0.6401165748618929,0.30445847428775996,0.3090068945510001,0.309031970733928,0.9999999976482975,-0.8090162599539921,-0.3090438448452257,-0.9999969453165432,0.8090173491183961,0.3090502637733952,0.5845104022419705,-0.5224200183786222,0.45453393585081187,-0.38160768260547123,0.3816022862270208
0.24872823563682672,-0.3090268860100352,-0.0858899117868671,0.30902115463500784,0.2419226390267071,-0.11235975102433762,0.309018934234886,-0.8090175765069616,-0.8090162599539921,0.9999999949620201,0.8090259598219302,0.8090202466976953,-0.9999943265622053,-0.8090301480497796,-0.22034209260139628,0.19631656846460152,-0.1701126374818572,0.14202209518325007,-0.14202015956302583
-0.24192459373342504,0.30898449966172903,0.0751335607573786,-0.3089896672726845,-0.24865136760434248,0.12263195001581816,0.8090041905861869,-0.9999951990171128,-0.3090438448452257,0.8090259598219302,0.9999999975009911,0.30904850624184077,-0.80902861221862,-0.9999962784847626,0.22796297484706624,-0.2047467211959647,0.17925979841349024,-0.15178559587077878,0.15178333142214392
0.6443826143416514,-0.8090167606730956,-0.21410166233284492,0.8090126542521414,0.6401089492194721,-0.30444858208768555,-0.3090027395082465,-0.30903663224315464,-0.9999969453165432,0.8090202466976953,0.30904850624184077,0.9999999988255148,-0.8090207367786775,-0.3090549251095685,-0.5845021283564265,0.5224111880732184,-0.4545246471596852,0.3815980386380354,-0.3815926422278882
-0.24872993277453342,0.30902573647880593,0.08589375593278399,-0.30902000524955414,-0.2419191165880721,0.11235534462995345,-0.3090212838936736,0.8090208280906542,0.8090173491183961,-0.9999943265622053,-0.80902861221862,-0.8090207367786775,0.9999999977510765,0.8090328004200101,0.2203383048292568,-0.19631255739401784,0.1701084476419508,-0.1420177730814878,0.14201583744922183
0.2419232682233416,-0.3089783014640108,-0.07513765436015825,0.30898346931364645,0.24864285187383656,-0.12262412486605095,-0.8090005812334586,0.9999961560375235,0.3090502637733952,-0.8090301480497796,-0.9999962784847626,-0.3090549251095685,0.8090328004200101,0.9999999980151928,-0.22795440918054402,0.20473820063979137,-0.17925141753811571,0.15177744767605728,-0.1517751832409456
-0.1573971408001989,0.7254600988706874,-0.4755502804562719,-0.7254338062485012,-0.9944564273428491,0.9124544000278999,0.589241495887302,-0.22797886727306763,0.5845104022419705,-0.22034209260139628,0.22796297484706624,-0.5845021283564265,0.2203383048292568,-0.22795440918054402,1.0000000029565888,-0.9944546308855599,0.977868983699109,-0.9504317888754411,0.9504301252694353
0.05262931000998429,-0.6490247016849823,0.5654599473080937,0.648995779297211,0.9778702006496757,-0.9504399230695734,-0.5276510069594355,0.2047625407267746,-0.5224200183786222,0.19631656846460152,-0.2047467211959647,0.5224111880732184,-0.19631255739401784,0.20473820063979137,-0.9944546308855599,1.0000000039301602,-0.9944555926198346,0.9778711766059055,-0.9778703765190861
0.05271734332734145,0.5653895418275054,-0.6490889054859392,-0.5653583108252763,-0.9504306569046557,0.9778744108478502,0.4602075665425962,-0.17927536946606348,0.45453393585081187,-0.1701126374818572,0.17925979841349024,-0.4545246471596852,0.1701084476419508,-0.17925141753811571,0.977868983699109,-0.9944555926198346,1.0000000035229593,-0.994455000937311,0.9944556723441477
-0.15747221731963734,-0.4754852615681517,0.7255091744431409,0.4754520686901976,0.912445359220642,-0.9944544731990902,-0.38766151281584366,0.1518007456574579,-0.38160768260547123,0.14202209518325007,-0.15178559587077878,0.3815980386380354,-0.1420177730814878,0.15177744767605728,-0.9504317888754411,0.9778711766059055,-0.994455000937311,1.0000000020679882,-1.0000032247507684
0.1574804980608439,0.47547846587323433,-0.7255155264925481,-0.47544527282470156,-0.9124428505255725,0.9944568770030505,0.3876559131629853,-0.15179848118459022,0.3816022862270208,-0.14202015956302583,0.15178333142214392,-0.3815926422278882,0.14201583744922183,-0.1517751832409456,0.9504301252694353,-0.9778703765190861,0.9944556723441477,-1.0000032247507684,1.000000003423331
