1.0000000077122992,-1.0000102980043808,1.0000097018258136,1.0000089530024343,-0.8091342518103458,0.8091345173615099,-0.3092324431331939,-1.0000050645407885,-1.0000072210812356,1.00000769496787,1.0000072164513496,-1.000008312773382,-1.0000080258548094,-0.3088175777600385,0.8089093013539111,0.30881519969246674,0.30926336328009185,-0.8089098129616284,-0.30927671006883106,-0.3092767100688359,-1.0000091826372202,1.0000079167441045,1.0000085616391137,0.30928494291009423,0.3092849429100911,-0.3092877217535243,-1.000008780097091,1.000008567431012
-1.0000102980043808,1.0000000065636092,-1.0000092049896114,-1.0000084560941536,0.8091330571473396,-0.8091333226985239,0.3092313138354298,1.00000426079052,1.0000064170792664,-1.00000689097496,-1.0000064124445183,1.000007508798169,1.0000072218569613,0.30881821033359425,-0.8089091955616805,-0.30881583226733056,-0.3092622339690634,0.8089097071704188,0.30927558075162354,0.3092755807516286,1.000008378805167,-1.0000071129517827,-1.000007757652086,-0.30928381358898716,-0.3092838135889842,0.3092865924310877,1.0000079761020333,-1.0000077634323155
1.0000097018258136,-1.0000092049896114,1.0000000061516636,1.0000078584274543,-0.809109235184635,0.8091095007436435,-0.30919305074601233,-1.000003978342543,-1.0000061238280595,1.000006598129507,1.000006118984454,-1.0000072167363305,-1.000006928809851,-0.3088563002014509,0.808932562296849,0.3088539221075819,0.30922397136439517,-0.8089330739683425,-0.30923731833841933,-0.30923731833842366,-1.0000083999911165,1.0000068287802826,1.0000074650893416,0.30924555129073006,0.3092455512907269,-0.309248330171186,-1.0000076832007554,1.0000074703670758
1.0000089530024343,-1.0000084560941536,1.0000078584274543,1.0000000050814613,-0.809154541370971,0.8091548069150597,-0.3092671210465419,-1.0000032164941386,-1.0000053829988869,1.0000058565109675,1.0000053785610876,-1.0000067806270265,-1.0000061875832316,-0.30878175642542915,0.8088860199405739,0.30877937838797564,0.30929804068092237,-0.8088865314886732,-0.3093113872646997,-0.30931138726470436,-1.0000073377209477,1.0000060702825613,1.0000067229199172,0.3093196199824162,0.3093196199824135,-0.30932239878454715,-1.000006941689594,1.0000067291750938
-0.8091342518103458,0.8091330571473396,-0.809109235184635,-0.809154541370971,0.9999999957799552,-0.9999944951674203,0.8090290743375502,0.809031709975193,0.8091914666182916,-0.8091859080018848,-0.8091945214320231,0.8091749387613635,0.8091891244107456,-0.30902920036030546,-0.30902174955178624,0.3090307081701276,-0.8090468728801302,0.30902124443728046,0.8090548169785282,0.8090548169785314,0.8090847521081745,-0.8090592105883145,-0.8091824675471575,-0.8090597636777587,-0.8090597636777567,0.8090614398729089,0.8091875965254453,-0.809189824844059
0.8091345173615099,-0.8091333226985239,0.8091095007436435,0.8091548069150597,-0.9999944951674203,0.9999999959155887,-0.8090292693822343,-0.8090322825922023,-0.8091917321515584,0.8091861735363596,0.8091947869649289,-0.8091752042990596,-0.8091893899444178,0.3090289242206954,0.3090220843603887,-0.3090304320308138,0.8090467609013281,-0.30902157924691254,-0.8090547050043811,-0.8090547050043835,-0.8090850176751858,0.8090594761632464,0.8091827330828025,0.8090596517064667,0.8090596517064657,-0.8090613279025816,-0.809187862059766,0.8091900903777153
-0.3092324431331939,0.3092313138354298,-0.30919305074601233,-0.3092671210465419,0.8090290743375502,-0.8090292693822343,0.9999999945362458,0.3090722260511467,0.3093286113611068,-0.30931914157726365,-0.3093335597533006,0.30930077155403246,0.30932401589611386,-0.809003346104965,0.3089814749289549,0.8090031006460501,-0.9999905367675785,-0.30898280410071227,0.9999897363481635,0.9999897363481633,0.3091539478374968,-0.3091138788648995,-0.309312706851805,-0.9999895071915765,-0.9999895071915753,0.9999894404090006,0.3093207888331171,-0.3093246077477395
-1.0000050645407885,1.00000426079052,-1.000003978342543,-1.0000032164941386,0.809031709975193,-0.8090322825922023,0.3090722260511467,0.999999999544206,1.0000014737094345,-1.0000019492782914,-1.0000014682125729,1.0000025703340243,1.0000022793265932,0.308974275999737,-0.8090029307479192,-0.30897189782899787,-0.3091031480715114,0.80900313557962,0.3091164955947834,0.30911649559478804,1.0000034659864698,-1.0000025140932396,-1.0000028171192403,-0.30912472887590325,-0.30912472887590015,0.3091275078659368,1.0000030341708877,-1.0000028208251026
-1.0000072210812356,1.0000064170792664,-1.0000061238280595,-1.0000053829988869,0.8091914666182916,-0.8091917321515584,0.3093286113611068,1.0000014737094345,1.0000000026132445,-1.000004437633121,-1.00000396067637,1.0000047464096073,1.0000044619975035,0.3087191868012692,-0.8088462719033181,-0.30871680881185826,-0.3093595301393689,0.8088467833460862,0.3093728763822504,0.3093728763822555,1.0000056004499798,-1.0000043302909747,-1.0000049965484656,-0.30938110889481846,-0.30938110889481524,0.30938388762841973,1.0000052158663995,-1.0000050036178951
1.00000769496787,-1.00000689097496,1.000006598129507,1.0000058565109675,-0.8091859080018848,0.8091861735363596,-0.30931914157726365,-1.0000019492782914,-1.000004437633121,1.0000000032889695,1.0000041264460653,-1.000005526596979,-1.0000052419380063,-0.30872895084864543,0.8088526004581207,0.3087265728518242,0.30935006049485303,-0.8088531119178293,-0.30936340679344926,-0.30936340679345414,-1.0000060751653428,1.0000048054276234,1.0000054695760876,0.30937163933957423,0.3093716393395709,-0.3093744180843902,-1.0000056888093343,1.0000054765197297
1.0000072164513496,-1.0000064124445183,1.000006118984454,1.0000053785610876,-0.8091945214320231,0.8091947869649289,-0.3093335597533006,-1.0000014682125729,-1.00000396067637,1.0000041264460653,1.000000002607404,-1.0000047421561578,-1.0000044578707448,-0.30871423483665417,0.8088432079627915,0.3087118568502795,0.3093644784671288,-0.8088437193967689,-0.3093778246844748,-0.3093778246844794,-1.0000055953932494,1.0000043250171837,1.000004992359528,0.3093860571817146,0.30938605718171175,-0.30938883591020094,-1.0000052117210103,1.0000049994935432
-1.000008312773382,1.000007508798169,-1.0000072167363305,-1.0000067806270265,0.8091749387613635,-0.8091752042990596,0.30930077155403246,1.0000025703340243,1.0000047464096073,-1.000005526596979,-1.0000047421561578,1.0000000041694417,1.0000055508132863,0.3087477053679117,-0.8088645754574795,-0.3087453273565116,-0.30933169073089783,0.8088650869487978,0.30934503713284084,0.30934503713284595,1.0000066945715578,-1.0000054256478281,-1.0000063927550913,-0.3093532697411804,-0.30935326974117733,0.30935604850678183,1.0000063047900294,-1.0000060924208198
-1.0000080258548094,1.0000072218569613,-1.000006928809851,-1.0000061875832316,0.8091891244107456,-0.8091893899444178,0.30932401589611386,1.0000022793265932,1.0000044619975035,-1.0000052419380063,-1.0000044578707448,1.0000055508132863,1.0000000037624452,0.3087242803469674,-0.8088499178559555,-0.3087219023528367,-0.30935493476221604,0.8088504293078905,0.30936828104079306,0.3093682810407975,1.0000064056398679,-1.0000051356921942,-1.0000058008893136,-0.3093765135749623,-0.30937651357495927,0.30937929231579714,1.0000060201648924,-1.000006114929978
-0.3088175777600385,0.30881821033359425,-0.3088563002014509,-0.30878175642542915,-0.30902920036030546,0.3090289242206954,-0.809003346104965,0.308974275999737,0.3087191868012692,-0.30872895084864543,-0.30871423483665417,0.3087477053679117,0.3087242803469674,0.9999999967487728,-0.809003007596776,-0.9999943480252574,0.8089818047406636,0.8090043461429827,-0.8089730617973722,-0.8089730617973697,0.3088950878215712,-0.30893438011578145,-0.30873592217700147,0.8089677439890782,0.8089677439890797,-0.8089659596276658,0.3087279740612374,-0.30872402315191316
0.8089093013539111,-0.8089091955616805,0.808932562296849,0.8088860199405739,-0.30902174955178624,0.3090220843603887,0.3089814749289549,-0.8090029307479192,-0.8088462719033181,0.8088526004581207,0.8088432079627915,-0.8088645754574795,-0.8088499178559555,-0.809003007596776,0.9999999994176624,0.809000360375346,-0.3089492400034483,-1.0000008253347035,0.30893558712148594,0.3089355871214811,-0.8089562181821344,0.8089797245663185,0.8088574454242252,-0.3089272119511595,-0.3089272119511627,0.30892439159893015,-0.8088526672681986,0.8088500935666827
0.30881519969246674,-0.30881583226733056,0.3088539221075819,0.30877937838797564,0.3090307081701276,-0.3090304320308138,0.8090031006460501,-0.30897189782899787,-0.30871680881185826,0.3087265728518242,0.3087118568502795,-0.3087453273565116,-0.3087219023528367,-0.9999943480252574,0.809000360375346,0.9999999947365297,-0.8089818663991105,-0.809002005952862,0.8089731234912702,0.8089731234912683,-0.3088927097001246,0.3089320019681905,0.3087335441735404,-0.8089678057047247,-0.808967805704725,0.8089660213506342,-0.3087255960629664,0.3087216451568662
0.30926336328009185,-0.3092622339690634,0.30922397136439517,0.30929804068092237,-0.8090468728801302,0.8090467609013281,-0.9999905367675785,-0.3091031480715114,-0.3093595301393689,0.30935006049485303,0.3093644784671288,-0.30933169073089783,-0.30935493476221604,0.8089818047406636,-0.3089492400034483,-0.8089818663991105,0.9999999915040106,0.30895056914048613,-0.9999879223031041,-0.999987922303107,-0.30918486894363467,0.30914480044551906,0.30934362588295694,0.9999873864030734,0.9999873864030734,-0.9999873197185486,-0.30935170776732185,0.30935552662509996
-0.8089098129616284,0.8089097071704188,-0.8089330739683425,-0.8088865314886732,0.30902124443728046,-0.30902157924691254,-0.30898280410071227,0.80900313557962,0.8088467833460862,-0.8088531119178293,-0.8088437193967689,0.8088650869487978,0.8088504293078905,0.8090043461429827,-1.0000008253347035,-0.809002005952862,0.30895056914048613,1.000000001322934,-0.30893691624421477,-0.3089369162442102,0.8089567299175043,-0.8089802363665033,-0.8088579568958351,0.3089285410651658,0.3089285410651682,-0.30892572071000685,0.8088531787264692,-0.8088506050182679
-0.30927671006883106,0.30927558075162354,-0.30923731833841933,-0.3093113872646997,0.8090548169785282,-0.8090547050043811,0.9999897363481635,0.3091164955947834,0.3093728763822504,-0.30936340679344926,-0.3093778246844748,0.30934503713284084,0.30936828104079306,-0.8089730617973722,0.30893558712148594,0.8089731234912702,-0.9999879223031041,-0.30893691624421477,0.9999999907998446,0.9999871225586451,0.309198216110009,-0.309158147798112,-0.3093569722274872,-0.9999872008514485,-0.9999868938171571,0.9999868271745217,0.30936505407371123,-0.30936887290874193
-0.3092767100688359,0.3092755807516286,-0.30923731833842366,-0.30931138726470436,0.8090548169785314,-0.8090547050043835,0.9999897363481633,0.30911649559478804,0.3093728763822555,-0.30936340679345414,-0.3093778246844794,0.30934503713284595,0.3093682810407975,-0.8089730617973697,0.3089355871214811,0.8089731234912683,-0.999987922303107,-0.3089369162442102,0.9999871225586451,0.9999999907998446,0.30919821611001413,-0.30915814779811673,-0.30935697222749153,-0.9999868938171589,-0.9999872008514503,0.9999868271745216,0.3093650540737162,-0.3093688729087468
-1.0000091826372202,1.000008378805167,-1.0000083999911165,-1.0000073377209477,0.8090847521081745,-0.8090850176751858,0.3091539478374968,1.0000034659864698,1.0000056004499798,-1.0000060751653428,-1.0000055953932494,1.0000066945715578,1.0000064056398679,0.3088950878215712,-0.8089562181821344,-0.3088927097001246,-0.30918486894363467,0.8089567299175043,0.309198216110009,0.30919821611001413,1.0000000054134117,-1.0000066216996566,-1.0000069424134497,-0.3092064491777344,-0.3092064491777314,0.3092092280966915,1.000007160179415,-1.0000069471784854
1.0000079167441045,-1.0000071129517827,1.0000068287802826,1.0000060702825613,-0.8090592105883145,0.8090594761632464,-0.3091138788648995,-1.0000025140932396,-1.0000043302909747,1.0000048054276234,1.0000043250171837,-1.0000054256478281,-1.0000051356921942,-0.30893438011578145,0.8089797245663185,0.3089320019681905,0.30914480044551906,-0.8089802363665033,-0.309158147798112,-0.30915814779811673,-1.0000066216996566,1.0000000036107453,1.000005672968769,0.3091663809773801,0.30916638097737725,-0.30916915993351857,-1.0000058903826106,1.0000056772114427
1.0000085616391137,-1.000007757652086,1.0000074650893416,1.0000067229199172,-0.8091824675471575,0.8091827330828025,-0.309312706851805,-1.0000028171192403,-1.0000049965484656,1.0000054695760876,1.000004992359528,-1.0000063927550913,-1.0000058008893136,-0.30873592217700147,0.8088574454242252,0.3087335441735404,0.30934362588295694,-0.8088579568958351,-0.3093569722274872,-0.30935697222749153,-1.0000069424134497,1.000005672968769,1.0000000045264454,0.3093652048013902,0.30936520480138674,-0.3093679835555046,-1.0000068618553213,1.0000063425026002
0.30928494291009423,-0.30928381358898716,0.30924555129073006,0.3093196199824162,-0.8090597636777587,0.8090596517064667,-0.9999895071915765,-0.30912472887590325,-0.30938110889481846,0.30937163933957423,0.3093860571817146,-0.3093532697411804,-0.3093765135749623,0.8089677439890782,-0.3089272119511595,-0.8089678057047247,0.9999873864030734,0.3089285410651658,-0.9999872008514485,-0.9999868938171589,-0.3092064491777344,0.3091663809773801,0.3093652048013902,0.9999999904730558,0.999986665152085,-0.9999869055695021,-0.30937328662475033,0.30937710544607044
0.3092849429100911,-0.3092838135889842,0.3092455512907269,0.3093196199824135,-0.8090597636777567,0.8090596517064657,-0.9999895071915753,-0.30912472887590015,-0.30938110889481524,0.3093716393395709,0.30938605718171175,-0.30935326974117733,-0.30937651357495927,0.8089677439890797,-0.3089272119511627,-0.808967805704725,0.9999873864030734,0.3089285410651682,-0.9999868938171571,-0.9999872008514503,-0.3092064491777314,0.30916638097737725,0.30936520480138674,0.999986665152085,0.9999999904730558,-0.9999869055694987,-0.30937328662474706,0.30937710544606767
-0.3092877217535243,0.3092865924310877,-0.309248330171186,-0.30932239878454715,0.8090614398729089,-0.8090613279025816,0.9999894404090006,0.3091275078659368,0.30938388762841973,-0.3093744180843902,-0.30938883591020094,0.30935604850678183,0.30937929231579714,-0.8089659596276658,0.30892439159893015,0.8089660213506342,-0.9999873197185486,-0.30892572071000685,0.9999868271745217,0.9999868271745216,0.3092092280966915,-0.30916915993351857,-0.3093679835555046,-0.9999869055695021,-0.9999869055694987,0.9999999903778748,0.3093760653712397,-0.30937988418797735
-1.000008780097091,1.0000079761020333,-1.0000076832007554,-1.000006941689594,0.8091875965254453,-0.809187862059766,0.3093207888331171,1.0000030341708877,1.0000052158663995,-1.0000056888093343,-1.0000052117210103,1.0000063047900294,1.0000060201648924,0.3087279740612374,-0.8088526672681986,-0.3087255960629664,-0.30935170776732185,0.8088531787264692,0.30936505407371123,0.3093650540737162,1.000007160179415,-1.0000058903826106,-1.0000068618553213,-0.30937328662475033,-0.30937328662474706,0.3093760653712397,1.00000000483967,-1.0000068688163992
1.000008567431012,-1.0000077634323155,1.0000074703670758,1.0000067291750938,-0.809189824844059,0.8091900903777153,-0.3093246077477395,-1.0000028208251026,-1.0000050036178951,1.0000054765197297,1.0000049994935432,-1.0000060924208198,-1.000006114929978,-0.30872402315191316,0.8088500935666827,0.3087216451568662,0.30935552662509996,-0.8088506050182679,-0.30936887290874193,-0.3093688729087468,-1.0000069471784854,1.0000056772114427,1.0000063425026002,0.30937710544607044,0.30937710544606767,-0.30937988418797735,-1.0000068688163992,1.0000000045363535
