0.9999999999472903,-1.0000000113821843,-1.000000011382176,-1.000000011382184,-0.9999999758378839,-0.9999997930513735,0.9999998287912958,0.9999998287912955,0.999999828791295,0.9999997869335294,1.0000001134574845,-1.0000001676854455,-1.0000001676854446,-1.000000167685445,-1.0000000256511168,1.0000001307251736,-1.0000001098004652,-1.0000001483303542,-1.0000002422631282,1.000000160038433,1.000000294413599,0.9999998647150613,-0.9999998199962203,-0.9999998891174952,0.9999998911460664,-1.0000000130356603,-0.9999997817737352,0.9999998623537864,-0.9999998658659179,0.9999999689319548,0.9999997749301792,1.0000000010184644,-0.9999997625458503,1.000000001359111,0.9999998267515201,1.000000200306532,0.9999997262806234,-1.0000002185026358
-1.0000000113821843,0.9999999999935696,0.9999999909735461,0.9999999909735477,0.9999999554817136,0.9999998256298306,-0.9999998613493075,-0.9999998613493062,-0.9999998613493064,-0.9999998195334187,-1.0000001458565138,1.0000002000483803,1.0000002000483803,1.0000002000483812,1.0000000581316377,-1.000000162892663,1.000000142020918,1.000000180468758,1.000000274373951,-1.000000192222965,-1.0000003264840682,-0.999999897231505,0.9999998525848022,0.9999999215324582,-0.9999999234657272,1.0000000453019589,0.9999998141531978,-0.9999998949217298,0.9999998984398775,-1.0000000014641344,-0.9999998075625552,-1.0000000335183825,0.9999997951776877,-1.0000000336585795,-0.9999998591528031,-1.0000002325050796,-0.9999997586673294,1.000000250688485
-1.000000011382176,0.9999999909735461,0.9999999999935696,0.9999999909735506,0.999999955481716,0.999999825629834,-0.9999998613493094,-0.9999998613493096,-0.9999998613493094,-0.9999998195334232,-1.000000145856517,1.0000002000483825,1.0000002000483825,1.0000002000483832,1.0000000581316415,-1.000000162892665,1.0000001420209215,1.0000001804687613,1.000000274373954,-1.0000001922229684,-1.0000003264840711,-0.999999897231508,0.9999998525848053,0.999999921532461,-0.9999999234657302,1.0000000453019613,0.9999998141532005,-0.9999998949217326,0.9999998984398805,-1.000000001464139,-0.9999998075625566,-1.0000000335183843,0.999999795177692,-1.0000000336585826,-0.9999998591528061,-1.0000002325050819,-0.9999997586673313,1.0000002506884882
-1.000000011382184,0.9999999909735477,0.9999999909735506,0.9999999999935696,0.9999999554817179,0.9999998256298351,-0.9999998613493108,-0.9999998613493105,-0.9999998613493102,-0.9999998195334232,-1.0000001458565189,1.0000002000483843,1.0000002000483847,1.0000002000483839,1.000000058131643,-1.0000001628926682,1.0000001420209241,1.0000001804687624,1.0000002743739551,-1.0000001922229698,-1.000000326484073,-0.999999897231509,0.9999998525848063,0.9999999215324634,-0.9999999234657324,1.0000000453019635,0.9999998141532027,-0.9999998949217337,0.9999998984398816,-1.0000000014641404,-0.9999998075625585,-1.0000000335183863,0.9999997951776923,-1.0000000336585837,-0.9999998591528066,-1.0000002325050836,-0.999999758667333,1.0000002506884904
-0.9999999758378839,0.9999999554817136,0.999999955481716,0.9999999554817179,0.9999999999429041,0.9999997898631046,-0.9999998256297549,-0.9999998256297556,-0.9999998256297556,-0.9999997837094041,-1.0000001105471084,1.0000001648262444,1.000000164826245,1.0000001648262444,1.0000000226104948,-1.0000001281722033,1.0000001071650488,1.0000001458238097,1.0000002397959018,-1.0000001574571484,-1.0000002920101734,-0.9999998616270117,0.9999998167962943,0.999999886185423,-0.9999998883556526,1.000000010327647,0.9999997788961055,-0.9999999120576235,0.999999862681028,-0.9999999658099248,-0.9999997716617784,-1.0000000508235063,0.9999997592750894,-0.9999999986011967,-0.9999998238388226,-1.0000001977034918,-0.999999723390729,1.00000021591864
-0.9999997930513735,0.9999998256298306,0.999999825629834,0.9999998256298351,0.9999997898631046,0.999999999757612,-0.9999997484605966,-0.9999997484605987,-0.9999997484605966,-0.9999997064347323,-0.9999999808372596,1.0000000352005813,1.000000035200581,1.0000000352005805,0.9999998927125014,-0.9999999989734581,0.9999999778366886,1.0000000167084602,1.0000001107169147,-1.000000028206069,-1.000000163037684,-0.9999997316751295,0.9999996866851691,0.9999997564432719,-0.9999997588218953,0.9999998808930256,0.9999996492525959,-0.9999997290906519,0.9999997325790757,-0.9999998358043523,-0.9999996414703266,-0.9999998680034714,0.9999996290762713,-0.9999998690930355,-0.999999694136813,-1.000000068432444,-0.9999995937601088,1.000000086674801
0.9999998287912958,-0.9999998613493075,-0.9999998613493094,-0.9999998613493108,-0.9999998256297549,-0.9999997484605966,0.9999999998086317,0.999999731380614,0.999999731380614,0.9999996893934557,1.0000000164947438,-1.0000000708252614,-1.0000000708252612,-1.0000000708252619,-0.9999999284427692,1.0000000344257471,-1.0000000133363396,-1.0000000521351433,-1.0000001461184902,1.0000000636736093,1.0000001984035607,0.9999997674396214,-0.9999997225137244,-0.999999792116973,0.9999997944101611,-0.9999999164333111,-0.9999996848950882,0.9999997648992579,-0.9999997683928269,0.9999998715809895,0.9999996773381845,0.9999999037507947,-0.9999996649427594,0.9999999046629391,0.9999997297983557,1.0000001039130926,0.9999996294094708,-1.0000001221440935
0.9999998287912955,-0.9999998613493062,-0.9999998613493096,-0.9999998613493105,-0.9999998256297556,-0.9999997484605987,0.999999731380614,0.9999999998086317,0.9999997313806138,0.9999996893934544,1.0000000164947436,-1.0000000708252628,-1.000000070825263,-1.0000000708252619,-0.9999999284427689,1.0000000344257474,-1.0000000133363396,-1.0000000521351418,-1.00000014611849,1.0000000636736093,1.0000001984035598,0.99999976743962,-0.9999997225137244,-0.999999792116973,0.9999997944101592,-0.99999991643331,-0.9999996848950867,0.9999997648992571,-0.9999997683928258,0.9999998715809878,0.9999996773381843,0.9999999037507945,-0.9999996649427576,0.9999999046629391,0.9999997297983553,1.0000001039130912,0.9999996294094706,-1.000000122144092
0.999999828791295,-0.9999998613493064,-0.9999998613493094,-0.9999998613493102,-0.9999998256297556,-0.9999997484605966,0.999999731380614,0.9999997313806138,0.9999999998086317,0.9999996893934535,1.0000000164947433,-1.0000000708252625,-1.000000070825262,-1.0000000708252625,-0.9999999284427684,1.0000000344257465,-1.0000000133363391,-1.0000000521351413,-1.000000146118489,1.0000000636736088,1.0000001984035596,0.9999997674396208,-0.9999997225137235,-0.9999997921169728,0.9999997944101585,-0.999999916433309,-0.9999996848950865,0.9999997648992557,-0.9999997683928261,0.9999998715809884,0.9999996773381845,0.999999903750794,-0.9999996649427575,0.9999999046629389,0.9999997297983549,1.000000103913092,0.9999996294094712,-1.0000001221440917
0.9999997869335294,-0.9999998195334187,-0.9999998195334232,-0.9999998195334232,-0.9999997837094041,-0.9999997064347323,0.9999996893934557,0.9999996893934544,0.9999996893934535,0.9999999997487455,0.9999999748164596,-1.000000029216058,-1.000000029216058,-1.0000000292160582,-0.9999998866008518,0.9999999931924204,-0.9999999719985858,-1.0000000109581157,-1.0000001049949192,1.0000000224049943,1.0000001573585184,0.9999997255242745,-0.9999996804585009,-0.9999997504003899,0.9999997528762319,-0.9999998750057031,-0.9999996432446322,0.9999997228865072,-0.9999997792457643,0.9999998296351935,0.9999996351952523,0.9999998618701589,-0.9999996756801923,0.9999998631717736,0.999999688106351,1.000000062613903,0.9999995877413519,-1.0000000808692802
1.0000001134574845,-1.0000001458565138,-1.000000145856517,-1.0000001458565189,-1.0000001105471084,-0.9999999808372596,1.0000000164947438,1.0000000164947436,1.0000000164947433,0.9999999748164596,1.0000000002141114,-1.0000004075046705,-1.0000004075046651,-1.00000040750467,-1.0000002659501186,1.000000316896097,-1.0000002961950183,-1.0000003343651882,-1.000000428217276,1.0000003462945621,1.0000004801888172,1.0000000522454153,-1.0000000078126348,-1.0000000762617436,1.0000000779211844,-1.0000001996183148,-0.9999999687586754,1.0000000501171706,-1.0000000536542484,1.0000001565527312,0.9999999629044548,1.0000001885193408,-0.9999999505290985,1.0000001880716847,1.0000000138335554,1.000000386607693,0.9999999132664406,-1.0000004047550848
-1.0000001676854455,1.0000002000483803,1.0000002000483825,1.0000002000483843,1.0000001648262444,1.0000000352005813,-1.0000000708252614,-1.0000000708252628,-1.0000000708252625,-1.000000029216058,-1.0000004075046705,1.0000000002911313,1.0000004086535605,1.0000004086535614,1.0000002672864545,-1.0000003706186125,1.0000003500031198,1.0000003880387462,1.0000004818519785,-1.000000400046843,-1.0000005337571491,-1.0000001065124828,1.0000000621925633,1.000000130372084,-1.0000001318830147,1.0000002534993147,1.0000000228103556,-1.0000001044683253,1.0000001080147967,-1.000000210847455,-1.0000000173505648,-1.0000002427643824,1.0000000049755062,-1.000000242004547,-1.000000067921092,-1.0000004403806704,-0.9999999673250026,1.0000004585083582
-1.0000001676854446,1.0000002000483803,1.0000002000483825,1.0000002000483847,1.000000164826245,1.000000035200581,-1.0000000708252612,-1.000000070825263,-1.000000070825262,-1.000000029216058,-1.0000004075046651,1.0000004086535605,1.0000000002911313,1.0000004086535608,1.0000002672864543,-1.0000003706186114,1.0000003500031214,1.0000003880387451,1.0000004818519768,-1.0000004000468425,-1.000000533757149,-1.0000001065124835,1.0000000621925635,1.0000001303720842,-1.000000131883015,1.0000002534993144,1.000000022810354,-1.0000001044683258,1.000000108014797,-1.0000002108474548,-1.0000000173505645,-1.0000002427643828,1.0000000049755067,-1.00000024200455,-1.0000000679210928,-1.00000044038067,-0.9999999673250026,1.0000004585083584
-1.000000167685445,1.0000002000483812,1.0000002000483832,1.0000002000483839,1.0000001648262444,1.0000000352005805,-1.0000000708252619,-1.0000000708252619,-1.0000000708252625,-1.0000000292160582,-1.00000040750467,1.0000004086535614,1.0000004086535608,1.0000000002911313,1.0000002672864547,-1.0000003706186127,1.0000003500031216,1.0000003880387447,1.0000004818519777,-1.0000004000468428,-1.0000005337571496,-1.0000001065124833,1.0000000621925642,1.0000001303720836,-1.000000131883015,1.000000253499315,1.0000000228103547,-1.0000001044683255,1.0000001080147962,-1.000000210847455,-1.0000000173505645,-1.0000002427643833,1.0000000049755065,-1.0000002420045475,-1.0000000679210939,-1.0000004403806708,-0.9999999673250028,1.000000458508358
-1.0000000256511168,1.0000000581316377,1.0000000581316415,1.000000058131643,1.0000000226104948,0.9999998927125014,-0.9999999284427692,-0.9999999284427689,-0.9999999284427684,-0.9999998866008518,-1.0000002659501186,1.0000002672864545,1.0000002672864543,1.0000002672864547,1.0000000000892577,-1.000000230272746,1.0000002093668707,1.0000002478630217,1.0000003417966483,-1.0000002595952786,-1.0000003939298412,-0.9999999643524808,0.9999999196543193,0.9999999887323477,-0.9999999907331336,1.0000001126157851,0.9999998813707324,-0.9999999620143168,0.999999965527626,-1.0000001214573917,-0.9999998745935139,-1.0000001535383196,0.9999998622119834,-1.0000001009490291,-0.9999999263577617,-1.000000299862041,-0.9999998258675858,1.0000003180547707
1.0000001307251736,-1.000000162892663,-1.000000162892665,-1.0000001628926682,-1.0000001281722033,-0.9999999989734581,1.0000000344257471,1.0000000344257474,1.0000000344257465,0.9999999931924204,1.000000316896097,-1.0000003706186125,-1.0000003706186114,-1.0000003706186127,-1.000000230272746,1.0000000002357605,-1.0000003636712533,-1.0000004009341996,-1.0000004417011086,1.000000360540774,1.0000004932201187,1.0000000697230667,-1.00000002601413,-1.000000092761737,1.0000000934855684,-1.0000002146943094,-0.9999999848543543,1.0000000681869545,-1.00000007178671,1.0000001742577536,0.9999999815051498,1.000000205923278,-0.9999999691550872,1.0000002034777777,1.0000000301769085,1.0000004009646704,0.9999999293650765,-1.0000004189880773
-1.0000001098004652,1.000000142020918,1.0000001420209215,1.0000001420209241,1.0000001071650488,0.9999999778366886,-1.0000000133363396,-1.0000000133363396,-1.0000000133363391,-0.9999999719985858,-1.0000002961950183,1.0000003500031198,1.0000003500031214,1.0000003500031216,1.0000002093668707,-1.0000003636712533,1.0000000002069724,1.0000003279960252,1.0000004216986356,-1.0000003403557032,-1.000000473322068,-1.0000000487426919,1.0000000048576194,1.0000000720240458,-1.0000000729747498,1.0000001943086911,0.9999999642078613,-1.0000000470696793,1.0000000506536109,-1.0000001532262643,-0.9999999602455585,-1.0000001849679687,0.999999947891975,-1.000000235890299,-1.0000000094735662,-1.0000004336261175,-0.9999999087076641,1.0000003988018855
-1.0000001483303542,1.000000180468758,1.0000001804687613,1.0000001804687624,1.0000001458238097,1.0000000167084602,-1.0000000521351433,-1.0000000521351418,-1.0000000521351413,-1.0000000109581157,-1.0000003343651882,1.0000003880387462,1.0000003880387451,1.0000003880387447,1.0000002478630217,-1.0000004009341996,1.0000003279960252,1.0000000002601297,1.0000004587442994,-1.0000003776914015,-1.0000005102030163,-1.0000000873568433,1.0000000437548051,1.000000110247153,-1.0000001108345498,1.000000231965672,1.0000000022866722,-1.0000000859039082,1.0000000895138201,-1.00000019192399,-0.9999999993101868,-1.000000223543817,0.9999999869631055,-1.0000002207972027,-1.0000000476430253,-1.0000004181345101,-0.9999999468079475,1.0000004361395807
-1.0000002422631282,1.000000274373951,1.000000274373954,1.0000002743739551,1.0000002397959018,1.0000001107169147,-1.0000001461184902,-1.00000014611849,-1.000000146118489,-1.0000001049949192,-1.000000428217276,1.0000004818519785,1.0000004818519768,1.0000004818519777,1.0000003417966483,-1.0000004417011086,1.0000004216986356,1.0000004587442994,1.0000000003934955,-1.000000524240407,-1.0000006566291781,-1.0000001813140156,1.000000137777777,1.0000002041196667,-1.0000002046205478,1.0000003257129102,1.0000000961168485,-1.0000001799175244,1.000000183532235,-1.0000002859021717,-1.0000000933642106,-1.0000003174948553,1.0000000810189495,-1.0000003145747234,-1.0000001414973467,-1.000000511813925,-1.0000000406282898,1.0000005298079493
1.000000160038433,-1.000000192222965,-1.0000001922229684,-1.0000001922229698,-1.0000001574571484,-1.000000028206069,1.0000000636736093,1.0000000636736093,1.0000000636736088,1.0000000224049943,1.0000003462945621,-1.000000400046843,-1.0000004000468425,-1.0000004000468428,-1.0000002595952786,1.000000360540774,-1.0000003403557032,-1.0000003776914015,-1.000000524240407,1.0000000002779386,1.0000005229173816,1.0000000990133338,-1.0000000552386148,-1.0000001221459904,1.0000001229546962,-1.0000002970920403,-1.000000014269444,1.000000097429698,-1.000000101023279,1.000000203531397,1.0000000106876605,1.0000002352267032,-0.999999998337353,1.0000002329678137,1.0000000595718446,1.0000004305456531,0.9999999587702116,-1.000000501458432
1.000000294413599,-1.0000003264840682,-1.0000003264840711,-1.000000326484073,-1.0000002920101734,-1.000000163037684,1.0000001984035607,1.0000001984035598,1.0000001984035596,1.0000001573585184,1.0000004801888172,-1.0000005337571491,-1.000000533757149,-1.0000005337571496,-1.0000003939298412,1.0000004932201187,-1.000000473322068,-1.0000005102030163,-1.0000006566291781,1.0000005229173816,1.0000000004666896,1.0000002335044362,-1.000000190109121,-1.000000256115577,1.0000002564357393,-1.0000003774275457,-1.0000001480404033,1.000000232218487,-1.0000002358462436,1.0000003381353548,1.000000145778687,1.0000003696678685,-1.000000133437205,1.000000366352982,1.0000001934663936,1.0000005633935725,1.0000000925622758,-1.0000005813634294
0.9999998647150613,-0.999999897231505,-0.999999897231508,-0.999999897231509,-0.9999998616270117,-0.9999997316751295,0.9999997674396214,0.99999976743962,0.9999997674396208,0.9999997255242745,1.0000000522454153,-1.0000001065124828,-1.0000001065124835,-1.0000001065124833,-0.9999999643524808,1.0000000697230667,-1.0000000487426919,-1.0000000873568433,-1.0000001813140156,1.0000000990133338,1.0000002335044362,0.9999999998599199,-0.9999998114632446,-0.9999998807513564,0.9999998299903536,-0.9999999519340226,-0.9999997205573277,0.9999998009706443,-0.9999998044768189,0.9999999075793975,0.9999997134743119,0.9999999397026738,-0.9999997010958275,0.9999999402275662,0.9999997655186,1.000000139261784,0.9999996650538229,-1.0000001574693234
-0.9999998199962203,0.9999998525848022,0.9999998525848053,0.9999998525848063,0.9999998167962943,0.9999996866851691,-0.9999997225137244,-0.9999997225137244,-0.9999997225137235,-0.9999996804585009,-1.0000000078126348,1.0000000621925633,1.0000000621925635,1.0000000621925642,0.9999999196543193,-1.00000002601413,1.0000000048576194,1.0000000437548051,1.000000137777777,-1.0000000552386148,-1.000000190109121,-0.9999998114632446,0.9999999997959444,0.9999997833924955,-0.9999997858026437,0.9999999078997717,0.9999996762028142,-0.9999998088778324,0.9999997594867546,-0.9999998627226082,-0.9999997212131857,-0.9999998949406224,0.9999996559498787,-0.999999896089909,-0.9999997210865134,-1.0000000954514037,-0.9999996206975271,1.000000113697811
-0.9999998891174952,0.9999999215324582,0.999999921532461,0.9999999215324634,0.999999886185423,0.9999997564432719,-0.999999792116973,-0.999999792116973,-0.9999997921169728,-0.9999997504003899,-1.0000000762617436,1.000000130372084,1.0000001303720842,1.0000001303720836,0.9999999887323477,-1.000000092761737,1.0000000720240458,1.000000110247153,1.0000002041196667,-1.0000001221459904,-1.000000256115577,-0.9999998807513564,0.9999997833924955,0.9999999998945346,-0.9999998536809048,0.9999999754183494,0.9999997444729608,-0.999999825720028,0.9999998292524214,-0.9999999321742623,-0.999999738449896,-0.9999999641680645,0.9999997260801528,-1.0000000167293177,-0.9999998424163619,-1.0000001624427892,-0.9999996889684264,1.0000001805980208
0.9999998911460664,-0.9999999234657272,-0.9999999234657302,-0.9999999234657324,-0.9999998883556526,-0.9999997588218953,0.9999997944101611,0.9999997944101592,0.9999997944101585,0.9999997528762319,1.0000000779211844,-1.0000001318830147,-1.000000131883015,-1.000000131883015,-0.9999999907331336,1.0000000934855684,-1.0000000729747498,-1.0000001108345498,-1.0000002046205478,1.0000001229546962,1.0000002564357393,0.9999998299903536,-0.9999997858026437,-0.9999998536809048,0.9999999998967164,-1.0000000294385807,-0.9999997989131593,0.9999998280715842,-0.9999998316294074,0.9999999343793627,0.9999997410238932,0.9999999662491006,-0.9999997286618725,0.9999999651266217,0.9999997911970745,1.000000163298402,0.9999996905361108,-1.0000001814036488
-1.0000000130356603,1.0000000453019589,1.0000000453019613,1.0000000453019635,1.000000010327647,0.9999998808930256,-0.9999999164333111,-0.99999991643331,-0.999999916433309,-0.9999998750057031,-1.0000001996183148,1.0000002534993147,1.0000002534993144,1.000000253499315,1.0000001126157851,-1.0000002146943094,1.0000001943086911,1.000000231965672,1.0000003257129102,-1.0000002970920403,-1.0000003774275457,-0.9999999519340226,0.9999999078997717,0.9999999754183494,-1.0000000294385807,1.0000000000698148,0.9999998676832063,-0.9999999501404623,0.9999999537109626,-1.0000000563701639,-0.999999863203345,-1.000000088174763,0.9999998508450364,-1.0000001395111973,-0.9999999128988171,-1.000000284582166,-0.9999998121788768,1.0000003026612305
-0.9999997817737352,0.9999998141531978,0.9999998141532005,0.9999998141532027,0.9999997788961055,0.9999996492525959,-0.9999996848950882,-0.9999996848950867,-0.9999996848950865,-0.9999996432446322,-0.9999999687586754,1.0000000228103556,1.000000022810354,1.0000000228103547,0.9999998813707324,-0.9999999848543543,0.9999999642078613,1.0000000022866722,1.0000000961168485,-1.000000014269444,-1.0000001480404033,-0.9999997205573277,0.9999996762028142,0.9999997444729608,-0.9999997989131593,0.9999998676832063,0.9999999997413391,-0.9999997185057494,0.999999722050444,-0.9999998248997621,-0.999999631334369,-0.9999998568409297,0.9999996189699459,-0.9999998561721037,-0.9999997349062768,-1.0000000545864411,-0.9999996343081601,1.000000072720434
0.9999998623537864,-0.9999998949217298,-0.9999998949217326,-0.9999998949217337,-0.9999999120576235,-0.9999997290906519,0.9999997648992579,0.9999997648992571,0.9999997648992557,0.9999997228865072,1.0000000501171706,-1.0000001044683253,-1.0000001044683258,-1.0000001044683255,-0.9999999620143168,1.0000000681869545,-1.0000000470696793,-1.0000000859039082,-1.0000001799175244,1.000000097429698,1.000000232218487,0.9999998009706443,-0.9999998088778324,-0.999999825720028,0.9999998280715842,-0.9999999501404623,-0.9999997185057494,0.9999999998563875,-0.9999998547816991,0.9999999051139927,0.9999997107859885,0.9999999373108941,-0.9999996983976109,0.9999999383505291,0.9999997634028017,1.0000001376512977,0.9999996629968471,-1.0000001558903389
-0.9999998658659179,0.9999998984398775,0.9999998984398805,0.9999998984398816,0.999999862681028,0.9999997325790757,-0.9999997683928269,-0.9999997683928258,-0.9999997683928261,-0.9999997792457643,-1.0000000536542484,1.0000001080147967,1.000000108014797,1.0000001080147962,0.999999965527626,-1.00000007178671,1.0000000506536109,1.0000000895138201,1.000000183532235,-1.000000101023279,-1.0000002358462436,-0.9999998044768189,0.9999997594867546,0.9999998292524214,-0.9999998316294074,0.9999999537109626,0.999999722050444,-0.9999998547816991,0.9999999998613575,-0.999999961491351,-0.9999997142625737,-0.9999999408181501,0.9999997018730886,-0.999999941911919,-0.9999997669398013,-1.000000141242233,-0.9999996665425751,1.0000001594846712
0.9999999689319548,-1.0000000014641344,-1.000000001464139,-1.0000000014641404,-0.9999999658099248,-0.9999998358043523,0.9999998715809895,0.9999998715809878,0.9999998715809884,0.9999998296351935,1.0000001565527312,-1.000000210847455,-1.0000002108474548,-1.000000210847455,-1.0000001214573917,1.0000001742577536,-1.0000001532262643,-1.00000019192399,-1.0000002859021717,1.000000203531397,1.0000003381353548,0.9999999075793975,-0.9999998627226082,-0.9999999321742623,0.9999999343793627,-1.0000000563701639,-0.9999998248997621,0.9999999051139927,-0.999999961491351,1.0000000000083766,0.9999998175731732,1.000000043906877,-0.9999998051878746,1.000000044631549,0.999999869833451,1.0000002437715447,0.9999997693949823,-1.000000261991243
0.9999997749301792,-0.9999998075625552,-0.9999998075625566,-0.9999998075625585,-0.9999997716617784,-0.9999996414703266,0.9999996773381845,0.9999996773381843,0.9999996773381845,0.9999996351952523,0.9999999629044548,-1.0000000173505648,-1.0000000173505645,-1.0000000173505645,-0.9999998745935139,0.9999999815051498,-0.9999999602455585,-0.9999999993101868,-1.0000000933642106,1.0000000106876605,1.000000145778687,0.9999997134743119,-0.9999997212131857,-0.999999738449896,0.9999997410238932,-0.999999863203345,-0.999999631334369,0.9999997107859885,-0.9999997142625737,0.9999998175731732,0.9999999997314418,0.9999998498442721,-0.9999996635211785,0.9999998513357793,0.9999996761733789,1.0000000508809699,0.9999995758342565,-1.000000069148859
1.0000000010184644,-1.0000000335183825,-1.0000000335183843,-1.0000000335183863,-1.0000000508235063,-0.9999998680034714,0.9999999037507947,0.9999999037507945,0.999999903750794,0.9999998618701589,1.0000001885193408,-1.0000002427643824,-1.0000002427643828,-1.0000002427643833,-1.0000001535383196,1.000000205923278,-1.0000001849679687,-1.000000223543817,-1.0000003174948553,1.0000002352267032,1.0000003696678685,0.9999999397026738,-0.9999998949406224,-0.9999999641680645,0.9999999662491006,-1.000000088174763,-0.9999998568409297,0.9999999373108941,-0.9999999408181501,1.000000043906877,0.9999998498442721,1.0000000000541536,-0.9999998374597941,1.0000000764796133,0.9999999018065392,1.0000002754835589,0.9999998013367339,-1.0000002936869337
-0.9999997625458503,0.9999997951776877,0.999999795177692,0.9999997951776923,0.9999997592750894,0.9999996290762713,-0.9999996649427594,-0.9999996649427576,-0.9999996649427575,-0.9999996756801923,-0.9999999505290985,1.0000000049755062,1.0000000049755067,1.0000000049755065,0.9999998622119834,-0.9999999691550872,0.999999947891975,0.9999999869631055,1.0000000810189495,-0.999999998337353,-1.000000133437205,-0.9999997010958275,0.9999996559498787,0.9999997260801528,-0.9999997286618725,0.9999998508450364,0.9999996189699459,-0.9999996983976109,0.9999997018730886,-0.9999998051878746,-0.9999996635211785,-0.9999998374597941,0.9999999997137884,-0.9999998389743444,-0.9999996638050647,-1.0000000385313128,-0.9999995634700822,1.0000000568003622
1.000000001359111,-1.0000000336585795,-1.0000000336585826,-1.0000000336585837,-0.9999999986011967,-0.9999998690930355,0.9999999046629391,0.9999999046629391,0.9999999046629389,0.9999998631717736,1.0000001880716847,-1.000000242004547,-1.00000024200455,-1.0000002420045475,-1.0000001009490291,1.0000002034777777,-1.000000235890299,-1.0000002207972027,-1.0000003145747234,1.0000002329678137,1.000000366352982,0.9999999402275662,-0.999999896089909,-1.0000000167293177,0.9999999651266217,-1.0000001395111973,-0.9999998561721037,0.9999999383505291,-0.999999941911919,1.000000044631549,0.9999998513357793,1.0000000764796133,-0.9999998389743444,1.0000000000535898,0.999999901353659,1.0000002733194477,0.9999998006658852,-1.0000002914160768
0.9999998267515201,-0.9999998591528031,-0.9999998591528061,-0.9999998591528066,-0.9999998238388226,-0.999999694136813,0.9999997297983557,0.9999997297983553,0.9999997297983549,0.999999688106351,1.0000000138335554,-1.000000067921092,-1.0000000679210928,-1.0000000679210939,-0.9999999263577617,1.0000000301769085,-1.0000000094735662,-1.0000000476430253,-1.0000001414973467,1.0000000595718446,1.0000001934663936,0.9999997655186,-0.9999997210865134,-0.9999998424163619,0.9999997911970745,-0.9999999128988171,-0.9999997349062768,0.9999997634028017,-0.9999997669398013,0.999999869833451,0.9999996761733789,0.9999999018065392,-0.9999996638050647,0.999999901353659,0.999999999805588,1.000000099876825,0.9999996265294845,-1.0000001180237104
1.000000200306532,-1.0000002325050796,-1.0000002325050819,-1.0000002325050836,-1.0000001977034918,-1.000000068432444,1.0000001039130926,1.0000001039130912,1.000000103913092,1.000000062613903,1.000000386607693,-1.0000004403806704,-1.00000044038067,-1.0000004403806708,-1.000000299862041,1.0000004009646704,-1.0000004336261175,-1.0000004181345101,-1.000000511813925,1.0000004305456531,1.0000005633935725,1.000000139261784,-1.0000000954514037,-1.0000001624427892,1.000000163298402,-1.000000284582166,-1.0000000545864411,1.0000001376512977,-1.000000141242233,1.0000002437715447,1.0000000508809699,1.0000002754835589,-1.0000000385313128,1.0000002733194477,1.000000099876825,1.0000000003355112,0.9999999990885772,-1.000000541867586
0.9999997262806234,-0.9999997586673294,-0.9999997586673313,-0.999999758667333,-0.999999723390729,-0.9999995937601088,0.9999996294094708,0.9999996294094706,0.9999996294094712,0.9999995877413519,0.9999999132664406,-0.9999999673250026,-0.9999999673250026,-0.9999999673250028,-0.9999998258675858,0.9999999293650765,-0.9999999087076641,-0.9999999468079475,-1.0000000406282898,0.9999999587702116,1.0000000925622758,0.9999996650538229,-0.9999996206975271,-0.9999996889684264,0.9999996905361108,-0.9999998121788768,-0.9999996343081601,0.9999996629968471,-0.9999996665425751,0.9999997693949823,0.9999995758342565,0.9999998013367339,-0.9999995634700822,0.9999998006658852,0.9999996265294845,0.9999999990885772,0.9999999996622791,-1.000000017222868
-1.0000002185026358,1.000000250688485,1.0000002506884882,1.0000002506884904,1.00000021591864,1.000000086674801,-1.0000001221440935,-1.000000122144092,-1.0000001221440917,-1.0000000808692802,-1.0000004047550848,1.0000004585083582,1.0000004585083584,1.000000458508358,1.0000003180547707,-1.0000004189880773,1.0000003988018855,1.0000004361395807,1.0000005298079493,-1.000000501458432,-1.0000005813634294,-1.0000001574693234,1.000000113697811,1.0000001805980208,-1.0000001814036488,1.0000003026612305,1.000000072720434,-1.0000001558903389,1.0000001594846712,-1.000000261991243,-1.000000069148859,-1.0000002936869337,1.0000000568003622,-1.0000002914160768,-1.0000001180237104,-1.000000541867586,-1.000000017222868,1.0000000003612115
