0.9999999984021645,-0.4999841535408504,-0.5000244235945647,0.44309779004329025,0.44312862918599605,-0.48296890722475383,0.4995524558348686,-0.47529893832154696,-0.4924901611863514,-0.16668872045894373,0.1324440857240124,0.3791910375198767,-0.4186410076296535,-0.37919702882079453,0.22277389011638418,-0.1989940845046389,-0.245946778929069,0.24593261289213275,0.2684713885616084,-0.45610723155366534,0.4663650003638325,0.4445571732289377,-0.4445532348966797,-0.4317570622413351,0.431724555559259,-0.4316989720007327,0.4177779098533704,0.43169161855159915,0.4316916185516003,-0.36907382611424866,0.3863931537518863,0.35073868228374777,-0.40264456770472307,-0.3507202264857003,-0.33146487669872327,-0.44309774677460445,0.45086111730427264,-0.29027209440069,0.31128971161454716,-0.41776874564715455
-0.4999841535408504,1.0000000022824964,-0.4999841535408593,-0.8862337410542906,-0.8862687072647679,0.9659597972052161,-0.9991341635800436,0.95063579974795,0.9850053694072243,0.3333604160232756,-0.26486843919497627,-0.7584239851610698,0.837323301213174,0.7584359680276688,-0.44558717608211845,0.3980267534503324,0.4919336567969835,-0.49190532442586016,-0.5369834695293334,0.9122540800799552,-0.9327688258154219,-0.8891546427958569,0.8891467664143412,0.8635549856118768,-0.8634899734508309,0.8634388071720068,-0.8355971288169209,-0.8634241006706109,-0.8634241006706149,0.7381896042157501,-0.772828162445331,-0.701519296215511,0.805330775961436,0.7014823846483986,0.6629715480730495,0.8862358634238116,-0.9017621837181373,0.58058536263114,-0.6226209649276326,0.8355788007183109
-0.5000244235945647,-0.4999841535408593,0.9999999984021645,0.4430977900433266,0.4431286291859625,-0.4829689072247315,0.4995524558348611,-0.47529893832156334,-0.49249016118633193,-0.16668872045887437,0.13244408572393643,0.3791910375199224,-0.4186410076296904,-0.3791970288208433,0.22277389011645146,-0.19899408450470785,-0.2459467789291292,0.2459326128921968,0.2684713885616657,-0.45610723155368793,0.4663650003638526,0.4445571732289644,-0.44455323489670834,-0.43175706224136823,0.43172455555929357,-0.43169897200076723,0.4177779098534065,0.4316916185516305,0.4316916185516325,-0.36907382611428563,0.3863931537519231,0.35073868228379024,-0.4026445677047599,-0.350720226485743,-0.33146487669877084,-0.44309774677463937,0.45086111730430184,-0.2902720944007456,0.31128971161459873,-0.41776874564718963
0.44309779004329025,-0.8862337410542906,0.4430977900433266,1.0000000040465309,0.5708871648427847,-0.7362277993253818,0.8661635786469117,-0.9862319902842132,-0.7930086787943291,0.14130536695040663,-0.21196150193875601,0.9740602326772655,-0.995322162436043,-0.9740692382165479,0.8096058120385907,-0.7777071563613644,-0.8392807034909066,0.8392646892069058,0.8666802987306724,-0.998225298765278,0.9936391387874515,0.9999787933381401,-0.9999802186203379,-0.9989001139525592,0.9988936631038015,-0.9988868399739075,0.9950096588735302,0.9988873856929182,0.9988873856929202,-0.9667083831993457,0.9788860406842569,0.9518391891960903,-0.9883314991783433,-0.9518250160536529,-0.9343517366141507,-1.0000004076881863,0.9994002686783376,-0.8917057076527931,0.9142857079940406,-0.9950074339787524
0.44312862918599605,-0.8862687072647679,0.4431286291859625,0.5708871648427847,0.9999999932467798,-0.9759133353244294,0.904799440897209,-0.6987947225899953,-0.9529001369757459,-0.7321063828063606,0.6813608270399064,0.37030145253697166,-0.4888799067459414,-0.3703136863530986,-0.019727466532600504,0.07213008233163318,-0.03274478495763608,0.032710581713009036,0.08519378469455408,-0.6187802495606239,0.6597247281348684,0.5760869701235076,-0.5760715854561911,-0.5317941111072388,0.5316853370168513,-0.5316014747785466,0.4861329864230846,0.5315748642084255,0.5315748642084276,-0.34178973963041187,0.39100563851969233,0.2916639382326418,-0.43916762100254864,-0.2916126889086356,-0.24082845897869573,-0.5708900760916406,0.5990102635939175,-0.13745033537566498,0.1893758522715933,-0.4861027272599048
-0.48296890722475383,0.9659597972052161,-0.4829689072247315,-0.7362277993253818,-0.9759133353244294,0.9999999981890259,-0.9758972384275203,0.837997768085487,0.996111773206247,0.5659047539131364,-0.5053044469291003,-0.564000843017068,0.6673885263000963,0.564013319309694,-0.19882658628699348,0.14715950118901955,0.24996087096662573,-0.2499284242276088,-0.3004715148214061,0.7752309885298068,-0.8077613370757729,-0.7405066286038322,0.7404943263472512,0.703711384457172,-0.7036200129308949,0.7035490762536178,-0.6650413372430384,-0.7035272873024954,-0.7035272873024988,0.5385467235269854,-0.5823484680026142,-0.4932799285642619,0.6245556548600513,0.49323392061996046,0.4467325872329839,0.736229384530796,-0.7592476039426912,0.3501927838672593,-0.39899152721370196,0.6650158048501641
0.4995524558348686,-0.9991341635800436,0.4995524558348611,0.8661635786469117,0.904799440897209,-0.9758972384275203,1.0000000014682227,-0.9368775626089633,-0.9913371683690503,-0.37235442177208716,0.30481750940802876,0.7306079544397154,-0.813815662437749,-0.7306200720744296,0.4078976613786041,-0.3594563231329857,-0.45522916728921353,0.45520004148646026,0.5013664261029902,-0.8943932599471235,0.9169380129774047,0.8693148154652185,-0.8693061898673252,-0.8417937671773871,0.8417242093466784,-0.8416696225673457,0.8119814982453814,0.8416537074406795,0.8416537074406829,-0.7094394658810645,0.745713765777851,0.6712153190440533,-0.7799294659858912,-0.6711767720096588,-0.6312012103330799,-0.8661637608176281,0.882968440001507,-0.5461551555905821,0.5894740578168831,-0.8119619251852261
-0.47529893832154696,0.95063579974795,-0.47529893832156334,-0.9862319902842132,-0.6987947225899953,0.837997768085487,-0.9368775626089633,0.999999998789021,0.8828321530371763,0.02434572676910846,0.04743436266357676,-0.923228518138241,0.9656362648071738,0.923238828230305,-0.7013910859442336,0.6630468448420677,0.7378138353438615,-0.7377929939633302,-0.7722495625546534,0.9943294082367524,-0.9985783416516758,-0.9872580883093007,0.9872562313845663,0.9773970744531879,-0.977369545518084,0.9773467098412232,-0.9648107284979919,-0.9773418255434133,-0.9773418255434166,0.9110805907644262,-0.931603097707603,-0.8880298303737216,0.9495329177784635,0.8880071597512118,0.8625549876574017,0.986232114940812,-0.9913689247470115,0.8045780313558727,-0.8347092767906691,0.9648026954394292
-0.4924901611863514,0.9850053694072243,-0.49249016118633193,-0.7930086787943291,-0.9529001369757459,0.996111773206247,-0.9913371683690503,0.8828321530371763,1.0000000059069452,0.4910453529444715,-0.4272870811938048,-0.6345828001602333,0.7304271949794665,0.6345974136438074,-0.2844253796676724,0.23375897864694756,0.33432282263693797,-0.3342915274014695,-0.3833625311222371,0.8278888720227242,-0.8565765896911655,-0.7968571307248593,0.7968462414129558,0.7635922732251643,-0.7635091772557783,0.7634444289775548,-0.728273475173716,-0.763424884862536,-0.7634248848625399,0.6107128813242424,-0.6517306540652736,-0.5680257005172913,0.690957136378076,0.5679824367768356,0.5238447517394886,0.7930097066325286,-0.8136530791419818,0.43138242710360036,-0.478253368187099,0.7282502002643617
-0.16668872045894373,0.3333604160232756,-0.16668872045887437,0.14130536695040663,-0.7321063828063606,0.5659047539131364,-0.37235442177208716,0.02434572676910846,0.4910453529444715,0.9999999858020794,-0.9974105734774841,0.36163747359470166,-0.2363005742002475,-0.3616301940408137,0.6954779302847505,-0.7321976274781584,-0.6568289417334,0.656856896278629,0.6163202842731799,-0.08208080155625871,0.0289067538804886,0.1350133521439328,-0.13503308481837506,-0.18752488862799915,0.18765069189131767,-0.18774614862649075,0.2393534258941807,0.1877786872906646,0.18777868729066458,-0.3899162178695016,0.34067698059823776,0.438019537637569,-0.29044173600446355,-0.4380695731366157,-0.48480631265839497,-0.1412993133834637,0.10689343515725967,-0.5740739244795209,0.5301978722665681,-0.23938806523233921
0.1324440857240124,-0.26486843919497627,0.13244408572393643,-0.21196150193875601,0.6813608270399064,-0.5053044469291003,0.30481750940802876,0.04743436266357676,-0.4272870811938048,-0.9974105734774841,0.9999999958341163,-0.4275888873901372,0.30540046854024633,0.4275845627726565,-0.7452378897456339,0.7791780040197288,0.7092343915249817,-0.7092608275029368,-0.6712301647784691,0.15336655962204054,-0.1005413078062988,-0.2057481365152569,0.2057677197065291,0.2575088566131296,-0.25763258093218644,0.25772632047008415,-0.3083915688817428,-0.2577584818747854,-0.2577584818747863,0.454974845508921,-0.4072488040702858,-0.5013844757346037,0.3583415227768241,0.501432843238275,0.5463046913909909,0.2119553037688255,-0.17794649967874915,0.6313384476034535,-0.5896607051792555,0.30842560327780916
0.3791910375198767,-0.7584239851610698,0.3791910375199224,0.9740602326772655,0.37030145253697166,-0.564000843017068,0.7306079544397154,-0.923228518138241,-0.6345828001602333,0.36163747359470166,-0.4275888873901372,0.9999999903852683,-0.991360024822557,-0.9999911067044085,0.9214151740448435,-0.8997698707863541,-0.9405278449973374,0.940519152914429,0.9570726810307147,-0.9588467811344937,0.9423739161035308,0.9725967649874631,-0.9726026174912898,-0.9835832988720602,0.9836059781872868,-0.9836213706953415,0.9917657119185207,0.9836293218880631,0.9836293218880662,-0.9995264208101281,0.9997403678879202,0.9965180669789068,-0.9971535928442561,-0.9965161557765577,-0.9907430310406,-0.9740559620685475,0.9656246588073828,-0.9709844291775886,0.9822207028268728,-0.9917715340111599
-0.4186410076296535,0.837323301213174,-0.4186410076296904,-0.995322162436043,-0.4888799067459414,0.6673885263000963,-0.813815662437749,0.9656362648071738,0.7304271949794665,-0.2363005742002475,0.30540046854024633,-0.991360024822557,0.9999999981896535,0.9913703625290975,-0.8625317292345878,0.8348089475321565,0.8878859026597102,-0.8878729128435356,-0.910825299710863,0.9877938876521721,-0.9781022539896984,-0.994681620027795,0.9946849450431522,0.9987484112007656,-0.998754358939954,0.9987569792127878,-0.9999887107323198,-0.9987606908823605,-0.9987606908823649,0.9869064458893114,-0.9940529711045855,-0.9770072382804508,0.9984205590709361,0.9769982108660522,0.964409641686606,0.9953185626897211,-0.9913668488190909,0.9312647622737088,-0.9491449266030122,0.999989908021078
-0.37919702882079453,0.7584359680276688,-0.3791970288208433,-0.9740692382165479,-0.3703136863530986,0.564013319309694,-0.7306200720744296,0.923238828230305,0.6345974136438074,-0.3616301940408137,0.4275845627726565,-0.9999911067044085,0.9913703625290975,1.0000000000947995,-0.9214173941771954,0.8997714438899365,0.9405307062295313,-0.9405220137388148,-0.9570761762951691,0.9588562852694928,-0.9423838373049674,-0.9726058251609806,0.9726116775072337,0.9835918897605712,-0.9836145679121345,0.9836299595174842,-0.991773810693367,-0.983637910431891,-0.9836379104318954,0.9995329159355579,-0.9997474173810214,-0.996523990091612,0.9971611774227425,0.9965220783076435,0.9907483668218899,0.9740649676292561,-0.9656339584431992,0.9709885493299429,-0.9822254370509838,0.9917796324610149
0.22277389011638418,-0.44558717608211845,0.22277389011645146,0.8096058120385907,-0.019727466532600504,-0.19882658628699348,0.4078976613786041,-0.7013910859442336,-0.2844253796676724,0.6954779302847505,-0.7452378897456339,0.9214151740448435,-0.8625317292345878,-0.9214173941771954,0.9999999960934896,-0.9986147355249402,-0.9986148100358003,0.9986219706953645,0.9944854240514823,-0.7731976865814049,0.7383405989651386,0.8058555848617525,-0.8058683194063299,-0.8362082098840478,0.8362781199773028,-0.836329766566346,0.8641150288337982,0.8363494557336872,0.8363494557336896,-0.932846323878927,0.9124897719325663,0.9505757936356045,-0.8895595808833532,-0.9505951739426463,-0.9656242687375602,-0.8095999977123888,0.7887626010782337,-0.9876002702570486,0.9779739054433625,-0.864133952586403
-0.1989940845046389,0.3980267534503324,-0.19899408450470785,-0.7777071563613644,0.07213008233163318,0.14715950118901955,-0.3594563231329857,0.6630468448420677,0.23375897864694756,-0.7321976274781584,0.7791780040197288,-0.8997698707863541,0.8348089475321565,0.8997714438899365,-0.9986147355249402,0.9999999937702415,0.9944905659956963,-0.9944972996055234,-0.9876179507703642,0.7388770415858485,-0.7019564731285036,-0.7736954516526002,0.7737089624155024,0.806298048548158,-0.8063734952858835,0.8064294159296531,-0.8365325058769101,-0.806450453346328,-0.8064504533463304,0.9126689049071066,-0.8897800506684947,-0.9329847392914723,0.8643790443728814,0.9330067609179016,0.9506632694766297,0.7777034124584713,-0.7554413583383284,0.9780085133267661,-0.9656818404391038,0.8365529710977105
-0.245946778929069,0.4919336567969835,-0.2459467789291292,-0.8392807034909066,-0.03274478495763608,0.24996087096662573,-0.45522916728921353,0.7378138353438615,0.33432282263693797,-0.6568289417334,0.7092343915249817,-0.9405278449973374,0.8878859026597102,0.9405307062295313,-0.9986148100358003,0.9944905659956963,0.9999999950182273,-0.9999939506672484,-0.9986124040076957,0.8053978050985671,-0.7727008479581879,-0.8358045734967255,0.8358164965067573,0.8638229346083411,-0.863887113807097,0.8639343427842485,-0.8893245398735474,-0.863952629055984,-0.8639526290559875,0.9504591842966157,-0.9326917649916229,-0.9655526821922038,0.9122962932277734,0.9655693670079604,0.9779288696712253,0.8392750438986258,-0.8199201371474675,0.9944735090884503,-0.9875747648452644,0.8893418695644781
0.24593261289213275,-0.49190532442586016,0.2459326128921968,0.8392646892069058,0.032710581713009036,-0.2499284242276088,0.45520004148646026,-0.7377929939633302,-0.3342915274014695,0.656856896278629,-0.7092608275029368,0.940519152914429,-0.8878729128435356,-0.9405220137388148,0.9986219706953645,-0.9944972996055234,-0.9999939506672484,0.9999999995131202,0.9986159612602896,-0.8053800009607373,0.7726814976975593,0.8357883657398317,-0.8358002893290951,-0.863808367945771,0.8638725511536193,-0.863919783212066,0.8893116505264986,0.8639380704756804,0.8639380704756835,-0.9504515138816322,0.9326823282771654,0.9655467978825467,-0.9122851151618518,-0.9655634845289667,-0.9779247842116154,-0.8392590294905447,0.8199030741514363,-0.9944730448334034,0.9875724877455541,-0.8893289813303885
0.2684713885616084,-0.5369834695293334,0.2684713885616657,0.8666802987306724,0.08519378469455408,-0.3004715148214061,0.5013664261029902,-0.7722495625546534,-0.3833625311222371,0.6163202842731799,-0.6712301647784691,0.9570726810307147,-0.910825299710863,-0.9570761762951691,0.9944854240514823,-0.9876179507703642,-0.9986124040076957,0.9986159612602896,0.9999999976784538,-0.8354192381323394,0.8049752873788705,0.8634881966582241,-0.8634992742359742,-0.8890920905373396,0.8891503546383958,-0.889193030194293,0.9121151247677366,0.8892098613797312,0.889209861379734,-0.965474922571514,0.9503489114945368,0.9778874829486515,-0.9325476084396173,-0.977901422846921,-0.9875538600979831,-0.8666748096682338,0.8488576307575068,-0.9986123938593803,0.9944659759732147,-0.9121308105989174
-0.45610723155366534,0.9122540800799552,-0.45610723155368793,-0.998225298765278,-0.6187802495606239,0.7752309885298068,-0.8943932599471235,0.9943294082367524,0.8278888720227242,-0.08208080155625871,0.15336655962204054,-0.9588467811344937,0.9877938876521721,0.9588562852694928,-0.7731976865814049,0.7388770415858485,0.8053978050985671,-0.8053800009607373,-0.8354192381323394,0.999999997740477,-0.9985774133518776,-0.9985746462516689,0.9985771027798664,0.9943310045373387,-0.9943169399980581,0.9943043268045196,-0.9872955752220242,-0.994302918149284,-0.9943029181492868,0.9497438127421847,-0.9649663440615772,-0.9318800050970443,0.9774982440221806,0.9318627257377557,0.9114595610814681,0.9982225769273392,-0.9996865780420905,0.8631550913353694,-0.8885271640639586,0.9872912509154362
0.4663650003638325,-0.9327688258154219,0.4663650003638526,0.9936391387874515,0.6597247281348684,-0.8077613370757729,0.9169380129774047,-0.9985783416516758,-0.8565765896911655,0.0289067538804886,-0.1005413078062988,0.9423739161035308,-0.9781022539896984,-0.9423838373049674,0.7383405989651386,-0.7019564731285036,-0.7727008479581879,0.7726814976975593,0.8049752873788705,-0.9985774133518776,0.9999999990741585,0.994327849876298,-0.9943270439514449,-0.9872643025909241,0.9872434760825702,-0.98722572629541,0.9774393837610299,0.987222575290351,0.9872225752903552,-0.9317333220782895,0.9496313207745175,0.911246888404311,-0.9648839091843474,-0.9112268849456863,-0.8882665597353459,-0.9936367322456157,0.9969429944148314,-0.8350501903842983,0.862841354525348,-0.9774331962383794
0.4445571732289377,-0.8891546427958569,0.4445571732289644,0.9999787933381401,0.5760869701235076,-0.7405066286038322,0.8693148154652185,-0.9872580883093007,-0.7968571307248593,0.1350133521439328,-0.2057481365152569,0.9725967649874631,-0.994681620027795,-0.9726058251609806,0.8058555848617525,-0.7736954516526002,-0.8358045734967255,0.8357883657398317,0.8634881966582241,-0.9985746462516689,0.994327849876298,0.9999999944830086,-0.9999913436522946,-0.9985734769847967,0.9985684223123823,-0.9985609806611279,0.9943492523545456,0.9985613180690626,0.9985613180690665,-0.9650569971645631,0.9775613100696502,0.9498660683518715,-0.9873374110897857,-0.9498515616700537,-0.932063025048272,-0.9999757639771863,0.9995936499861351,-0.8888066946385471,0.9116880894761393,-0.9943468032292797
-0.4445532348966797,0.8891467664143412,-0.44455323489670834,-0.9999802186203379,-0.5760715854561911,0.7404943263472512,-0.8693061898673252,0.9872562313845663,0.7968462414129558,-0.13503308481837506,0.2057677197065291,-0.9726026174912898,0.9946849450431522,0.9726116775072337,-0.8058683194063299,0.7737089624155024,0.8358164965067573,-0.8358002893290951,-0.8634992742359742,0.9985771027798664,-0.9943270439514449,-0.9999913436522946,0.9999999963347077,0.9985780340305982,-0.9985707727782029,0.9985633330385207,-0.9943526386374142,-0.9985636710940531,-0.9985636710940561,0.9650634234676777,-0.9775667381165045,-0.9498734740166658,0.9873418248306922,0.9498589683514983,0.9320713874786325,0.9999771891430023,-0.9995943902950692,0.8888168954545533,-0.911697384452655,0.994350190205429
-0.4317570622413351,0.8635549856118768,-0.43175706224136823,-0.9989001139525592,-0.5317941111072388,0.703711384457172,-0.8417937671773871,0.9773970744531879,0.7635922732251643,-0.18752488862799915,0.2575088566131296,-0.9835832988720602,0.9987484112007656,0.9835918897605712,-0.8362082098840478,0.806298048548158,0.8638229346083411,-0.863808367945771,-0.8890920905373396,0.9943310045373387,-0.9872643025909241,-0.9985734769847967,0.9985780340305982,0.9999999931207005,-0.9999876833123431,0.999987639576028,-0.9985805984882539,-0.9999897208124194,-0.9999897208124234,0.9776269305441652,-0.9873796183527888,-0.9651499261503376,0.9943742647234298,0.9651382311817542,0.9500127645708439,0.998896785870041,-0.9966709916718502,0.9119233297878364,-0.932251096285123,0.9985822391992517
0.431724555559259,-0.8634899734508309,0.43172455555929357,0.9988936631038015,0.5316853370168513,-0.7036200129308949,0.8417242093466784,-0.977369545518084,-0.7635091772557783,0.18765069189131767,-0.25763258093218644,0.9836059781872868,-0.998754358939954,-0.9836145679121345,0.8362781199773028,-0.8063734952858835,-0.863887113807097,0.8638725511536193,0.8891503546383958,-0.9943169399980581,0.9872434760825702,0.9985684223123823,-0.9985707727782029,-0.9999876833123431,0.9999999924951574,-0.9999850119947256,0.9985891577204814,0.9999893065198426,0.9999893065198474,-0.9776534479505371,0.987399468123766,0.9651830308589975,-0.9943873856211829,-0.9651713427086323,-0.9500523510840485,-0.9988903343144951,0.9966601063638183,-0.9119755128022405,0.9322970479505149,-0.9985885938686427
-0.4316989720007327,0.8634388071720068,-0.43169897200076723,-0.9988868399739075,-0.5316014747785466,0.7035490762536178,-0.8416696225673457,0.9773467098412232,0.7634444289775548,-0.18774614862649075,0.25772632047008415,-0.9836213706953415,0.9987569792127878,0.9836299595174842,-0.836329766566346,0.8064294159296531,0.8639343427842485,-0.863919783212066,-0.889193030194293,0.9943043268045196,-0.98722572629541,-0.9985609806611279,0.9985633330385207,0.999987639576028,-0.9999850119947256,0.9999999893111428,-0.998592084787892,-0.9999848698222746,-0.9999848698222794,0.9776717750464038,-0.9874126983133337,-0.9652063988863209,0.9943954775375929,0.9651947159512819,0.950080684779214,0.9988835106526635,-0.9966499100873489,0.9120135131765551,-0.9323302634860807,0.9985915243895161
0.4177779098533704,-0.8355971288169209,0.4177779098534065,0.9950096588735302,0.4861329864230846,-0.6650413372430384,0.8119814982453814,-0.9648107284979919,-0.728273475173716,0.2393534258941807,-0.3083915688817428,0.9917657119185207,-0.9999887107323198,-0.991773810693367,0.8641150288337982,-0.8365325058769101,-0.8893245398735474,0.8893116505264986,0.9121151247677366,-0.9872955752220242,0.9774393837610299,0.9943492523545456,-0.9943526386374142,-0.9985805984882539,0.9985891577204814,-0.998592084787892,0.999999992769835,0.998595898856442,0.9985958988564438,-0.9874048684712324,0.9943865458260395,0.9776689620671468,-0.9985860031809577,-0.9776601034957895,-0.9652324936269653,-0.9950060423272035,0.9909482663793462,-0.9324020858856066,0.9501264548791477,-0.9999889464549535
0.43169161855159915,-0.8634241006706109,0.4316916185516305,0.9988873856929182,0.5315748642084255,-0.7035272873024954,0.8416537074406795,-0.9773418255434133,-0.763424884862536,0.1877786872906646,-0.2577584818747854,0.9836293218880631,-0.9987606908823605,-0.983637910431891,0.8363494557336872,-0.806450453346328,-0.863952629055984,0.8639380704756804,0.8892098613797312,-0.994302918149284,0.987222575290351,0.9985613180690626,-0.9985636710940531,-0.9999897208124194,0.9999893065198426,-0.9999848698222746,0.998595898856442,0.9999999922866464,0.9999891686123167,-0.9776806933138368,0.9874199352484334,0.9652169719897543,-0.9944010114464464,-0.9652052907702655,-0.9500928799367061,-0.9988840561838531,0.9966493184643113,-0.9120288415337673,0.9323440451453883,-0.9985953396143972
0.4316916185516003,-0.8634241006706149,0.4316916185516325,0.9988873856929202,0.5315748642084276,-0.7035272873024988,0.8416537074406829,-0.9773418255434166,-0.7634248848625399,0.18777868729066458,-0.2577584818747863,0.9836293218880662,-0.9987606908823649,-0.9836379104318954,0.8363494557336896,-0.8064504533463304,-0.8639526290559875,0.8639380704756835,0.889209861379734,-0.9943029181492868,0.9872225752903552,0.9985613180690665,-0.9985636710940561,-0.9999897208124234,0.9999893065198474,-0.9999848698222794,0.9985958988564438,0.9999891686123167,0.9999999922866464,-0.9776806933138402,0.9874199352484369,0.9652169719897568,-0.9944010114464493,-0.9652052907702681,-0.9500928799367095,-0.9988840561838577,0.9966493184643163,-0.9120288415337705,0.9323440451453902,-0.9985953396144011
-0.36907382611424866,0.7381896042157501,-0.36907382611428563,-0.9667083831993457,-0.34178973963041187,0.5385467235269854,-0.7094394658810645,0.9110805907644262,0.6107128813242424,-0.3899162178695016,0.454974845508921,-0.9995264208101281,0.9869064458893114,0.9995329159355579,-0.932846323878927,0.9126689049071066,0.9504591842966157,-0.9504515138816322,-0.965474922571514,0.9497438127421847,-0.9317333220782895,-0.9650569971645631,0.9650634234676777,0.9776269305441652,-0.9776534479505371,0.9776717750464038,-0.9874048684712324,-0.9776806933138368,-0.9776806933138402,0.9999999981779389,-0.998595157056182,-0.9985980845872363,0.9943984089001827,0.9986000433839252,0.9944273956759302,0.9667039669959611,-0.9572503688530419,0.9778330794569122,-0.9874953242041714,0.9874117525552193
0.3863931537518863,-0.772828162445331,0.3863931537519231,0.9788860406842569,0.39100563851969233,-0.5823484680026142,0.745713765777851,-0.931603097707603,-0.6517306540652736,0.34067698059823776,-0.4072488040702858,0.9997403678879202,-0.9940529711045855,-0.9997474173810214,0.9124897719325663,-0.8897800506684947,-0.9326917649916229,0.9326823282771654,0.9503489114945368,-0.9649663440615772,0.9496313207745175,0.9775613100696502,-0.9775667381165045,-0.9873796183527888,0.987399468123766,-0.9874126983133337,0.9943865458260395,0.9874199352484334,0.9874199352484369,-0.998595157056182,0.9999999967739819,0.9944085532381515,-0.9985909271576839,-0.994405424394243,-0.9874613270822036,-0.9788818794066325,0.9712056020618189,-0.9653924791572105,0.9777771301521572,-0.9943915852472268
0.35073868228374777,-0.701519296215511,0.35073868228379024,0.9518391891960903,0.2916639382326418,-0.4932799285642619,0.6712153190440533,-0.8880298303737216,-0.5680257005172913,0.438019537637569,-0.5013844757346037,0.9965180669789068,-0.9770072382804508,-0.996523990091612,0.9505757936356045,-0.9329847392914723,-0.9655526821922038,0.9655467978825467,0.9778874829486515,-0.9318800050970443,0.911246888404311,0.9498660683518715,-0.9498734740166658,-0.9651499261503376,0.9651830308589975,-0.9652063988863209,0.9776689620671468,0.9652169719897543,0.9652169719897568,-0.9985980845872363,0.9944085532381515,0.9999999972399778,-0.9874273102054497,-0.9999965414515041,-0.9986044353250998,-0.9518345306510517,0.9406316942873051,-0.9875281710508282,0.9944435234898591,-0.9776776698534452
-0.40264456770472307,0.805330775961436,-0.4026445677047599,-0.9883314991783433,-0.43916762100254864,0.6245556548600513,-0.7799294659858912,0.9495329177784635,0.690957136378076,-0.29044173600446355,0.3583415227768241,-0.9971535928442561,0.9984205590709361,0.9971611774227425,-0.8895595808833532,0.8643790443728814,0.9122962932277734,-0.9122851151618518,-0.9325476084396173,0.9774982440221806,-0.9648839091843474,-0.9873374110897857,0.9873418248306922,0.9943742647234298,-0.9943873856211829,0.9943954775375929,-0.9985860031809577,-0.9944010114464464,-0.9944010114464493,0.9943984089001827,-0.9985909271576839,-0.9874273102054497,0.9999999955244707,0.987421309153809,0.9777228780068843,0.9883276046999337,-0.9824516542460354,0.9502367067778763,-0.9653113644421661,0.99859139136002
-0.3507202264857003,0.7014823846483986,-0.350720226485743,-0.9518250160536529,-0.2916126889086356,0.49323392061996046,-0.6711767720096588,0.8880071597512118,0.5679824367768356,-0.4380695731366157,0.501432843238275,-0.9965161557765577,0.9769982108660522,0.9965220783076435,-0.9505951739426463,0.9330067609179016,0.9655693670079604,-0.9655634845289667,-0.977901422846921,0.9318627257377557,-0.9112268849456863,-0.9498515616700537,0.9498589683514983,0.9651382311817542,-0.9651713427086323,0.9651947159512819,-0.9776601034957895,-0.9652052907702655,-0.9652052907702681,0.9986000433839252,-0.994405424394243,-0.9999965414515041,0.987421309153809,1.000000000982584,0.9986121341133555,0.9518203572537435,-0.9406157070140418,0.987539325224854,-0.9944518584121624,0.9776688131690741
-0.33146487669872327,0.6629715480730495,-0.33146487669877084,-0.9343517366141507,-0.24082845897869573,0.4467325872329839,-0.6312012103330799,0.8625549876574017,0.5238447517394886,-0.48480631265839497,0.5463046913909909,-0.9907430310406,0.964409641686606,0.9907483668218899,-0.9656242687375602,0.9506632694766297,0.9779288696712253,-0.9779247842116154,-0.9875538600979831,0.9114595610814681,-0.8882665597353459,-0.932063025048272,0.9320713874786325,0.9500127645708439,-0.9500523510840485,0.950080684779214,-0.9652324936269653,-0.9500928799367061,-0.9500928799367095,0.9944273956759302,-0.9874613270822036,-0.9986044353250998,0.9777228780068843,0.9986121341133555,0.9999999991398024,0.9343468491820266,-0.9214295013519894,0.9944557771742363,-0.9986083689671008,0.9652429971809778
-0.44309774677460445,0.8862358634238116,-0.44309774677463937,-1.0000004076881863,-0.5708900760916406,0.736229384530796,-0.8661637608176281,0.986232114940812,0.7930097066325286,-0.1412993133834637,0.2119553037688255,-0.9740559620685475,0.9953185626897211,0.9740649676292561,-0.8095999977123888,0.7777034124584713,0.8392750438986258,-0.8392590294905447,-0.8666748096682338,0.9982225769273392,-0.9936367322456157,-0.9999757639771863,0.9999771891430023,0.998896785870041,-0.9988903343144951,0.9988835106526635,-0.9950060423272035,-0.9988840561838531,-0.9988840561838577,0.9667039669959611,-0.9788818794066325,-0.9518345306510517,0.9883276046999337,0.9518203572537435,0.9343468491820266,0.9999999996804794,-0.9993974018885925,0.8917004044397758,-0.9142806054912026,0.9950038172388281
0.45086111730427264,-0.9017621837181373,0.45086111730430184,0.9994002686783376,0.5990102635939175,-0.7592476039426912,0.882968440001507,-0.9913689247470115,-0.8136530791419818,0.10689343515725967,-0.17794649967874915,0.9656246588073828,-0.9913668488190909,-0.9656339584431992,0.7887626010782337,-0.7554413583383284,-0.8199201371474675,0.8199030741514363,0.8488576307575068,-0.9996865780420905,0.9969429944148314,0.9995936499861351,-0.9995943902950692,-0.9966709916718502,0.9966601063638183,-0.9966499100873489,0.9909482663793462,0.9966493184643113,0.9966493184643163,-0.9572503688530419,0.9712056020618189,0.9406316942873051,-0.9824516542460354,-0.9406157070140418,-0.9214295013519894,-0.9993974018885925,0.9999999982576014,-0.8754714901695271,0.8996864005261148,-0.990944818528375
-0.29027209440069,0.58058536263114,-0.2902720944007456,-0.8917057076527931,-0.13745033537566498,0.3501927838672593,-0.5461551555905821,0.8045780313558727,0.43138242710360036,-0.5740739244795209,0.6313384476034535,-0.9709844291775886,0.9312647622737088,0.9709885493299429,-0.9876002702570486,0.9780085133267661,0.9944735090884503,-0.9944730448334034,-0.9986123938593803,0.8631550913353694,-0.8350501903842983,-0.8888066946385471,0.8888168954545533,0.9119233297878364,-0.9119755128022405,0.9120135131765551,-0.9324020858856066,-0.9120288415337673,-0.9120288415337705,0.9778330794569122,-0.9653924791572105,-0.9875281710508282,0.9502367067778763,0.987539325224854,0.9944557771742363,0.8917004044397758,-0.8754714901695271,0.9999999982372646,-0.9986105409012876,0.9324160831273246
0.31128971161454716,-0.6226209649276326,0.31128971161459873,0.9142857079940406,0.1893758522715933,-0.39899152721370196,0.5894740578168831,-0.8347092767906691,-0.478253368187099,0.5301978722665681,-0.5896607051792555,0.9822207028268728,-0.9491449266030122,-0.9822254370509838,0.9779739054433625,-0.9656818404391038,-0.9875747648452644,0.9875724877455541,0.9944659759732147,-0.8885271640639586,0.862841354525348,0.9116880894761393,-0.911697384452655,-0.932251096285123,0.9322970479505149,-0.9323302634860807,0.9501264548791477,0.9323440451453883,0.9323440451453902,-0.9874953242041714,0.9777771301521572,0.9944435234898591,-0.9653113644421661,-0.9944518584121624,-0.9986083689671008,-0.9142806054912026,0.8996864005261148,-0.9986105409012876,0.9999999987777719,-0.9501387231715562
-0.41776874564715455,0.8355788007183109,-0.41776874564718963,-0.9950074339787524,-0.4861027272599048,0.6650158048501641,-0.8119619251852261,0.9648026954394292,0.7282502002643617,-0.23938806523233921,0.30842560327780916,-0.9917715340111599,0.999989908021078,0.9917796324610149,-0.864133952586403,0.8365529710977105,0.8893418695644781,-0.8893289813303885,-0.9121308105989174,0.9872912509154362,-0.9774331962383794,-0.9943468032292797,0.994350190205429,0.9985822391992517,-0.9985885938686427,0.9985915243895161,-0.9999889464549535,-0.9985953396143972,-0.9985953396144011,0.9874117525552193,-0.9943915852472268,-0.9776776698534452,0.99859139136002,0.9776688131690741,0.9652429971809778,0.9950038172388281,-0.990944818528375,0.9324160831273246,-0.9501387231715562,0.9999999946342626
