1.0000000022457656,-1.0000016074610685,1.000001060460424,1.000001553325438,-1.0000065009463783,1.0000050867661245,-1.000003764429157,-1.0000055361366404,-1.0000003574369085,1.0000005105179464,1.0000002767160603,-1.0000007571178717,-1.0000002959632237,-1.0000010861906197,1.0000004737034263,1.000002255531191,1.0000021375048596,-1.000002800334141,1.0000029142520515,1.0000046719449924,-1.0000024586869922,-1.0000053261929223,1.0000056257722816
-1.0000016074610685,1.0000000002226896,-0.9999995317900852,-1.0000000246556693,1.0000050883473057,-1.0000036741695968,1.0000023518363654,1.0000041235386992,0.999998944859941,-0.9999990979391923,-0.9999988641405503,0.9999993445370371,0.9999988833872148,0.9999996736155196,-0.9999990611251677,-1.0000008429443004,-1.0000007249290008,1.0000013877577618,-1.0000015016756194,-1.0000032593494437,1.000001046111006,1.0000039135954766,-1.0000042131740148
1.000001060460424,-0.9999995317900852,0.9999999992730111,0.99999947765584,-1.0000044252067428,1.0000030110313325,-1.0000016887037186,-1.0000034603981691,-0.9999982817575693,0.9999984348327118,0.9999982010416545,-0.9999986814259844,-0.9999981041925615,-0.9999990105200768,0.9999983980198427,1.0000001798222375,1.0000000618347415,-1.0000007246641431,1.0000008385822126,1.0000025962124506,-1.0000003830173818,-1.0000032504555867,1.0000035500329152
1.000001553325438,-1.0000000246556693,0.99999947765584,0.9999999999788891,-1.0000049181293231,1.0000035039514552,-1.000002181617054,-1.0000039533210654,-0.9999987746329182,0.9999989277133305,0.9999986939125274,-0.9999991743124398,-0.9999987131595438,-0.9999993872916322,0.9999988908989771,1.0000006727224107,1.0000005546989155,-1.000001217527239,1.0000013314449947,1.0000030891310816,-1.0000007597860687,-1.0000037433777318,1.0000040429565158
-1.0000065009463783,1.0000050883473057,-1.0000044252067428,-1.0000049181293231,1.000000007064294,-1.0000083347760855,1.0000071286101895,1.0000089002089563,1.0000037220859799,-1.0000038750989007,-1.0000036414234972,1.0000041216241455,1.0000036606501497,1.0000044509692327,-1.0000038383036183,-1.0000056198711147,-1.0000055023193728,1.0000061651695007,-1.000006279092696,-1.0000080360650638,1.0000058235171345,1.0000086902730727,-1.0000089898362006
1.0000050867661245,-1.0000036741695968,1.0000030110313325,1.0000035039514552,-1.0000083347760855,1.0000000050389488,-1.0000055983543956,-1.0000073699542293,-1.0000023079145464,1.0000024609294025,1.0000022272503428,-1.000002707456664,-1.0000022464776106,-1.000003036792777,1.0000024241335663,1.000004205706872,1.000004088140402,-1.0000047509890013,1.0000048649118787,1.0000066219045256,-1.0000044093372489,-1.000007276112923,1.0000075756761642
-1.000003764429157,1.0000023518363654,-1.0000016887037186,-1.000002181617054,1.0000071286101895,-1.0000055983543956,1.000000003145216,1.0000061637907791,1.0000009855982774,-1.000001138620457,-1.0000009049277456,1.000001385155669,1.000000924157245,1.0000017144615945,-1.000001101822544,-1.0000027673281406,-1.0000027658042716,1.0000034286499466,-1.000003542572135,-1.0000051835475805,1.0000030869990952,1.0000059538542718,-1.0000062534190026
-1.0000055361366404,1.0000041235386992,-1.0000034603981691,-1.0000039533210654,1.0000089002089563,-1.0000073699542293,1.0000061637907791,1.0000000056824854,1.0000027572767358,-1.0000029102885268,-1.0000026766151697,1.0000031568124539,1.0000026958415082,1.0000034861610931,-1.0000028734935575,-1.0000046550555157,-1.0000045375106719,1.000005200360421,-1.0000053142835728,-1.0000070712438531,1.0000048587083283,1.0000077254506266,-1.0000079089186704
-1.0000003574369085,0.999998944859941,-0.9999982817575693,-0.9999987746329182,1.0000037220859799,-1.0000023079145464,1.0000009855982774,1.0000027572767358,0.9999999982661317,-0.9999976156878144,-0.9999973819132729,0.9999979783657559,0.9999975172506053,0.999998307494447,-0.9999976949720009,-0.999999476738931,-0.9999993588125164,1.0000000216438374,-1.0000001355624533,-1.0000018930981396,0.9999996799967964,1.0000025473354015,-1.0000028469103017
1.0000005105179464,-0.9999990979391923,0.9999984348327118,0.9999989277133305,-1.0000038750989007,1.0000024609294025,-1.000001138620457,-1.0000029102885268,-0.9999976156878144,0.9999999984853473,0.9999976510794666,-0.9999980153240977,-0.9999976703203511,-0.9999984605725847,0.9999978480336594,0.9999996297761182,0.9999995118938224,-1.0000001747269724,1.0000002886460635,1.0000020461145105,-0.9999998330795014,-1.0000027003479541,1.0000029999212992
1.0000002767160603,-0.9999988641405503,0.9999982010416545,0.9999986939125274,-1.0000036414234972,1.0000022272503428,-1.0000009049277456,-1.0000026766151697,-0.9999973819132729,0.9999976510794666,0.999999998150539,-0.9999978976688402,-0.9999973204447165,-0.9999981106814275,0.9999976142675746,0.9999993960555007,0.9999992780913904,-0.9999999409211814,1.0000000548393997,1.0000018124326202,-0.9999995992744899,-1.0000024666731722,1.0000027662494195
-1.0000007571178717,0.9999993445370371,-0.9999986814259844,-0.9999991743124398,1.0000041216241455,-1.000002707456664,1.000001385155669,1.0000031568124539,0.9999979783657559,-0.9999980153240977,-0.9999978976688402,0.9999999988384857,0.9999979169076274,0.9999987071691553,-0.9999979785175093,-0.9999997602331798,-0.9999997584939615,1.0000004213291769,-1.0000005352487966,-1.0000022926434025,1.0000000796812059,1.0000029468727014,-1.000003246444358
-1.0000002959632237,0.9999988833872148,-0.9999981041925615,-0.9999987131595438,1.0000036606501497,-1.0000022464776106,1.000000924157245,1.0000026958415082,0.9999975172506053,-0.9999976703203511,-0.9999973204447165,0.9999979169076274,0.9999999981781001,0.9999982460223209,-0.9999975174144564,-0.9999994152895418,-0.9999992973386597,0.9999999601689805,-1.0000000740873372,-1.0000018316603545,0.9999996185221699,1.0000024858997436,-1.0000027854755165
-1.0000010861906197,0.9999996736155196,-0.9999990105200768,-0.9999993872916322,1.0000044509692327,-1.000003036792777,1.0000017144615945,1.0000034861610931,0.999998307494447,-0.9999984605725847,-0.9999981106814275,0.9999987071691553,0.9999982460223209,0.999999999309864,-0.9999984237588705,-1.0000002055729236,-0.9999999714701716,1.000000750393323,-1.0000008643111795,-1.000002621973144,1.0000004087467265,1.0000032762181323,-1.0000035757962218
1.0000004737034263,-0.9999990611251677,0.9999983980198427,0.9999988908989771,-1.0000038383036183,1.0000024241335663,-1.000001101822544,-1.0000028734935575,-0.9999976949720009,0.9999978480336594,0.9999976142675746,-0.9999979785175093,-0.9999975174144564,-0.9999984237588705,0.99999999843263,0.9999995929739598,0.9999994750792198,-1.0000001379118588,1.000000251830817,1.0000020093182427,-0.9999997962645066,-1.0000026635527672,1.0000029631265537
1.000002255531191,-1.0000008429443004,1.0000001798222375,1.0000006727224107,-1.0000056198711147,1.000004205706872,-1.0000027673281406,-1.0000046550555157,-0.999999476738931,0.9999996297761182,0.9999993960555007,-0.9999997602331798,-0.9999994152895418,-1.0000002055729236,0.9999995929739598,1.0000000009843653,1.000001256906821,-1.0000019197473564,1.000002033668284,1.000003790896922,-1.0000015780979261,-1.0000044451174295,1.0000047446855365
1.0000021375048596,-1.0000007249290008,1.0000000618347415,1.0000005546989155,-1.0000055023193728,1.000004088140402,-1.0000027658042716,-1.0000045375106719,-0.9999993588125164,0.9999995118938224,0.9999992780913904,-0.9999997584939615,-0.9999992973386597,-0.9999999714701716,0.9999994750792198,1.000001256906821,1.0000000008155427,-1.0000016856116514,1.000001915623958,1.0000036733195854,-1.0000014600594147,-1.0000043275671138,1.0000046271462764
-1.000002800334141,1.0000013877577618,-1.0000007246641431,-1.000001217527239,1.0000061651695007,-1.0000047509890013,1.0000034286499466,1.000005200360421,1.0000000216438374,-1.0000001747269724,-0.9999999409211814,1.0000004213291769,0.9999999601689805,1.000000750393323,-1.0000001379118588,-1.0000019197473564,-1.0000016856116514,1.000000001764838,-1.0000024623578418,-1.0000043361674795,1.0000021228877587,1.000004990416505,-1.0000052899963037
1.0000029142520515,-1.0000015016756194,1.0000008385822126,1.0000013314449947,-1.000006279092696,1.0000048649118787,-1.000003542572135,-1.0000053142835728,-1.0000001355624533,1.0000002886460635,1.0000000548393997,-1.0000005352487966,-1.0000000740873372,-1.0000008643111795,1.000000251830817,1.000002033668284,1.000001915623958,-1.0000024623578418,1.0000000019279898,1.0000044500901952,-1.0000021207109224,-1.0000051043395763,1.0000054039195247
1.0000046719449924,-1.0000032593494437,1.0000025962124506,1.0000030891310816,-1.0000080360650638,1.0000066219045256,-1.0000051835475805,-1.0000070712438531,-1.0000018930981396,1.0000020461145105,1.0000018124326202,-1.0000022926434025,-1.0000018316603545,-1.000002621973144,1.0000020093182427,1.000003790896922,1.0000036733195854,-1.0000043361674795,1.0000044500901952,1.0000000044448683,-1.0000039945159633,-1.0000067452133534,1.0000071608714087
-1.0000024586869922,1.000001046111006,-1.0000003830173818,-1.0000007597860687,1.0000058235171345,-1.0000044093372489,1.0000030869990952,1.0000048587083283,0.9999996799967964,-0.9999998330795014,-0.9999995992744899,1.0000000796812059,0.9999996185221699,1.0000004087467265,-0.9999997962645066,-1.0000015780979261,-1.0000014600594147,1.0000021228877587,-1.0000021207109224,-1.0000039945159633,1.0000000012755355,1.0000046487645335,-1.0000049483441318
-1.0000053261929223,1.0000039135954766,-1.0000032504555867,-1.0000037433777318,1.0000086902730727,-1.000007276112923,1.0000059538542718,1.0000077254506266,1.0000025473354015,-1.0000027003479541,-1.0000024666731722,1.0000029468727014,1.0000024858997436,1.0000032762181323,-1.0000026635527672,-1.0000044451174295,-1.0000043275671138,1.000004990416505,-1.0000051043395763,-1.0000067452133534,1.0000046487645335,1.0000000053818183,-1.0000076989831963
1.0000056257722816,-1.0000042131740148,1.0000035500329152,1.0000040429565158,-1.0000089898362006,1.0000075756761642,-1.0000062534190026,-1.0000079089186704,-1.0000028469103017,1.0000029999212992,1.0000027662494195,-1.000003246444358,-1.0000027854755165,-1.0000035757962218,1.0000029631265537,1.0000047446855365,1.0000046271462764,-1.0000052899963037,1.0000054039195247,1.0000071608714087,-1.0000049483441318,-1.0000076989831963,1.0000000058108485
