1.000000002349355,-1.000003383703003,-1.0000036012932976,1.0000031460240524,1.000001196396962,-1.0000000243399594,1.000002444392582,0.9999974484613968,-1.00000583550576,1.0000046481588132,-1.0000047878201714,-1.0000037062758107,1.0000036337456393,-1.0000031320975988,1.0000028655574265,1.0000038601839225,-1.0000028154303495,1.0000023453404405,-1.000003266494948,-1.0000019600044558,-1.0000021398404348,1.0000009663927432,-0.999999232787334,-1.0000022612960426,1.0000038864556562,-1.0000033542993523,1.0000038864556549,1.0000038890937415,-1.0000030061414127,1.0000026414598258,-1.0000030061414145,-1.0000035870602868,1.0000047164245076,-1.0000038689903792,1.0000040643867532,1.0000037928353365,-1.0000038113377412,1.0000031371672815,-1.0000030233956632,-1.0000034041331025,1.0000034081334257,-1.0000026453013315,1.000002948993402,1.0000023569182257,1.00000235342781,-1.0000018292659496,1.0000023534278086,1.000002207185656,-1.0000021532137124,1.0000016783634182,-1.0000021532137138,-1.0000023122694566,1.0000040673804373,-1.0000041191877966,1.0000012057125787,-0.9999953784449251,0.2606089665407199,0.38018747060522573,-0.7939588500841339,-0.7937585116248107,-0.4753643798887092,0.99999666762119,1.0000034653506527,-1.0000027891471301,-1.0000029969339037,1.0000023228877866,-1.0000022250639065,1.0000026172229568,-1.0000015684153456,-1.0000015684153456,0.7253622919814221,-0.6489168254459782,0.5652738581221206,-1.0000030775309967
-1.000003383703003,1.0000000024031601,1.000003604154791,-1.000003218986764,-1.000001234301657,1.0000000622456011,-1.0000024822520932,-0.9999974864150266,1.00000587328071,-1.0000046859349196,1.000004825560308,1.0000037440900802,-1.00000367142293,1.0000031697761955,-1.0000029032118636,-1.0000038978891617,1.0000028530420428,-1.0000023829534102,1.0000033040919132,1.0000019976358507,1.0000021777678367,-1.0000010043209602,0.9999992707278297,1.0000022992135458,-1.0000039241418808,1.0000033919871056,-1.0000039241418797,-1.0000039267860126,1.0000030439391308,-1.0000026792588956,1.0000030439391312,1.000003624863328,-1.0000047539916355,1.0000039065586925,-1.0000041019435444,-1.0000038304174275,1.0000038488770393,-1.000003174707464,1.0000030609315063,1.0000034416792765,-1.0000034460366465,1.000002683205389,-1.0000029869038507,-1.0000023948174428,-1.0000023909570375,1.0000018667959307,-1.000002390957035,-1.0000022447178394,1.0000021911062884,-1.0000017162568582,1.0000021911062906,1.0000023501654278,-1.0000041051885773,1.0000041568859248,-1.0000012433404324,0.9999954164606182,-0.26060774135156034,-0.3801886682308135,0.7939581024200887,0.7937593198106895,0.4753655234017639,-0.9999967056998832,-1.0000035028929815,1.0000028266785355,1.0000030348322628,-1.0000023604223376,1.0000022625992753,-1.000002654759904,1.0000016060419945,1.0000016060419947,-0.7253632000907,0.6489178233949197,-0.5652749348298791,1.000003115070256
-1.0000036012932976,1.000003604154791,1.0000000027119698,-1.0000034015227475,-1.000001451900074,1.000000279842296,-1.0000026999198766,-0.9999977039378114,1.0000060910784945,-1.000004903730622,1.0000050434109014,1.0000039618272876,-1.0000038893689918,1.0000033877201486,-1.0000031211925575,-1.0000041157927044,1.0000030710878143,-1.000002600997141,1.0000035221602905,1.0000022156514108,1.0000023953319366,-1.000001221883527,0.9999994882711387,1.0000025167928868,-1.0000041420743324,1.0000036099171048,-1.000004142074329,-1.0000041447092924,1.0000032617013672,-1.0000028970189925,1.0000032617013677,1.0000038426176352,-1.0000049721058828,1.0000041246709306,-1.000004320073431,-1.0000040485086301,1.000004067033529,-1.0000033928624474,1.000003279093077,1.0000036598251956,-1.000003663638102,1.0000029008053781,-1.0000032044941605,-1.0000026124247374,-1.000002609128476,1.0000020849660947,-1.000002609128473,-1.0000024628847592,1.0000024087236172,-1.0000019338727624,1.0000024087236186,1.0000025677776565,-1.0000043229352424,1.0000043748003618,-1.0000014613611634,0.9999956338882158,-0.2606096811175131,-0.38018694695888616,0.7939594610018839,0.7937583061952346,0.4753639108438018,-0.999996923031895,-1.0000037210447754,1.0000030448467772,1.0000032524410203,-1.000002578585653,1.0000024807613304,-1.0000028729196715,1.000001824064637,1.0000018240646356,-0.7253620152903902,0.6489164805673404,-0.5652734488874429,1.0000033332266265
1.0000031460240524,-1.000003218986764,-1.0000034015227475,1.000000002115586,1.0000010316628387,-0.9999998596084835,1.0000022795475687,0.9999972838480794,-1.0000056704528848,1.0000044831090766,-1.00000462268232,-1.0000035413197415,1.000003468454169,-1.0000029668094694,1.0000027002101919,1.000003694960854,-1.0000026499784094,1.0000021798917695,-1.0000031010068426,-1.0000017946010187,-1.0000019751616982,1.0000008017163238,-0.9999990681413954,-1.000002131641315,1.0000037211859663,-1.0000031890335592,1.0000037211859656,1.0000037238388868,-1.000002841144988,1.0000024764668158,-1.0000028411449895,-1.0000034220767633,1.0000045508629487,-1.0000037034319622,1.0000038988000812,1.0000036273106698,-1.0000036457083026,1.0000029715401952,-1.0000028577579743,-1.0000032385206143,1.0000032433952317,-1.0000024805653889,1.0000027842730226,1.0000021921705107,1.0000021877740777,-1.0000016636142137,1.0000021877740766,1.000002041539221,-1.0000019884497706,1.0000015136017222,-1.0000019884497726,-1.0000021475137992,1.0000039024092713,-1.0000039539472374,1.0000010403006458,-0.9999952139841273,0.2606058991524372,0.38019030545467536,-0.7939568147014626,-0.7937602862892534,-0.47536705771298926,0.9999965033144008,1.0000032997287376,-1.0000026234986281,-1.0000028321839114,1.0000021572471012,-1.0000020594252619,1.000002451588078,-1.0000014030003592,-1.0000014030003581,0.7253643289560398,-0.6489191021106491,0.5652763491956131,-1.0000029119016611
1.000001196396962,-1.000001234301657,-1.000001451900074,1.0000010316628387,0.9999999993486205,-0.9999979450596616,1.0000003302166351,0.9999953339756046,-1.000003721611152,1.0000025342627143,-1.0000026740451715,-1.0000015922519347,1.0000015201838253,-1.0000010185327879,1.0000007520739551,1.0000017465282565,-1.0000007020891397,1.0000002319965822,-1.0000011532029085,-0.9999998465998889,-1.0000000254344334,0.9999988519870292,-0.9999971183423866,-1.0000001469256885,1.0000017728620334,-1.0000012407021734,1.000001772862031,1.0000017754807973,-1.0000008921746115,1.00000052748961,-1.0000008921746115,-1.0000014730749225,1.0000026032295726,-1.0000017557937826,1.0000019512290097,1.0000016795923272,-1.0000016982394797,1.0000010240678732,-1.0000009103110612,-1.000001291012959,1.0000012938095155,-1.0000005309764954,1.000000834645965,1.0000002426103975,1.0000002403660708,-0.9999997162031633,1.0000002403660684,1.0000000941149272,-1.000000038927914,0.9999995640760848,-1.0000000389279162,-1.0000001979725528,1.0000019533768272,-1.0000020055551389,0.9999990923209889,-0.9999932637544938,0.26061257247130515,0.3801826843485246,-0.7939597891495517,-0.7937542144693905,-0.47535958666913375,0.9999945527185752,1.000001352243305,-1.0000006760773756,-1.0000008826272533,1.0000002098082963,-1.0000001119822088,1.000000504135355,-0.9999994550265773,-0.9999994550265757,0.7253577943931997,-0.6489121773560654,0.565269111125889,-1.000000964434751
-1.0000000243399594,1.0000000622456011,1.000000279842296,-0.9999998596084835,-0.9999979450596616,0.9999999976852023,-0.9999991931798584,-0.9999941969995972,1.0000025494727407,-1.0000013621263777,1.0000015018878756,1.000000420138939,-1.0000003479917992,0.9999998463420368,-0.9999995798696856,-1.000000574351948,0.9999995298605993,-0.9999990597692063,0.9999999809652451,0.9999986743834952,0.9999988533893346,-0.9999976799436723,0.9999959463084277,0.9999989748742661,-1.0000006006750888,1.000000068516647,-1.0000006006750861,-1.0000006032971407,0.9999997200529288,-0.9999993553690634,0.9999997200529284,1.0000003009555147,-1.000001430973055,1.0000005835388395,-1.0000007789671024,-1.0000005073454559,1.0000005259677698,-0.9999998517973853,0.9999997380382114,1.0000001187456156,-1.0000001217483756,0.9999993589166766,-0.9999996625895553,-0.9999990705481093,-0.9999990680903428,0.999998543928411,-0.9999990680903404,-0.999998921840953,0.9999988668621761,-0.9999983920113332,0.9999988668621784,0.9999990259084618,-1.0000007812598055,1.000000833374497,-0.9999979201035396,0.999992091768497,-0.2606115550014791,-0.3801829208755824,0.7939584102039909,0.7937537327168989,0.47535967836767756,-0.9999933807669081,-1.0000001799736746,0.9999995038023494,0.9999997105637887,-0.9999990375356562,0.9999989397100916,-0.9999993318636449,0.9999982828080933,0.9999982828080924,-0.7253574519058319,0.6489119779305903,-0.565269056967258,0.9999997921638142
1.000002444392582,-1.0000024822520932,-1.0000026999198766,1.0000022795475687,1.0000003302166351,-0.9999991931798584,1.000000001120925,0.9999965807579854,-1.0000049733750238,1.00000378599176,-1.0000039267725016,-1.00000287796735,1.0000027746510392,-1.0000022729629205,1.0000020071730429,1.0000030002213849,-1.0000019583720494,1.0000014882435908,-1.0000024098957183,-1.0000011023354958,-1.0000012729559438,1.0000000994838345,-0.9999983654933667,-1.0000013947243889,1.000003027080972,-1.0000024948779185,1.0000030270809712,1.0000030295329199,-1.0000021432994373,1.0000017785764488,-1.0000021432994386,-1.0000027240538176,1.000003860752887,-1.0000030132827895,1.0000032090384467,1.000002936698914,-1.0000029565335387,1.0000022823362786,-1.0000021686995693,-1.0000025491158175,1.0000025420076886,-1.000001779150038,1.0000020826424403,1.0000014909176442,1.0000014989357944,-1.0000009747511178,1.0000014989357926,1.0000013526028908,-1.0000012874182176,1.000000812541735,-1.0000012874182196,-1.0000014463696578,1.0000032042152764,-1.0000032594457526,1.0000003481527149,-0.9999945088108421,0.26064715257193477,0.38015034220347255,-0.7939823514111081,-0.7937336244889728,-0.47532896419834064,0.9999957960327458,1.0000026104528528,-1.0000019345878213,-1.0000021309593934,1.0000014682304317,-1.0000013703816784,1.0000017624921862,-1.0000007108920883,-1.0000007108920863,0.7253342757455318,-0.6488859912064442,0.5652405482536924,-1.0000022227285812
0.9999974484613968,-0.9999974864150266,-0.9999977039378114,0.9999972838480794,0.9999953339756046,-0.9999941969995972,0.9999965807579854,0.9999999940302653,-0.9999999695944347,0.9999987822864751,-0.999998920989032,-0.9999978414267066,0.9999977652495486,-0.9999972636395826,0.9999969964583442,0.9999979924300547,-0.999996945194553,0.9999964751415461,-0.9999973958637531,-0.9999960902984435,-0.9999962780166394,0.9999951045983824,-0.9999934063807657,-0.9999963992065021,0.9999980181962806,-0.9999974860841089,0.9999980181962785,0.9999980209948416,-0.9999971408563111,0.9999967762130302,-0.9999971408563111,-0.9999977219127248,0.9999988449891815,-0.9999979975921689,0.9999981926802006,0.9999979218044983,-0.9999979391672136,0.999997265024696,-0.9999971511383083,-0.9999975321481652,0.9999975456553082,-0.9999967828505436,0.9999970867109916,0.9999964943404954,0.9999964809993781,-0.9999959568610155,0.9999964809993763,0.9999963348366219,-0.9999962904609628,0.9999958156366998,-0.9999962904609664,-0.999996449605646,0.9999982023653967,-0.9999982512430089,0.9999953359176711,-0.9999895540669709,0.26057455740946484,0.3802167426398726,-0.7939334892118283,-0.7937745736877079,-0.47539155726649945,0.9999908098621724,0.9999975932630113,-0.9999969167736302,-0.9999971343291386,0.9999964506012088,-0.9999963527996636,0.9999967449978764,-0.9999956985861369,-0.9999956985861357,0.7253814843043168,-0.6489389348794682,0.5652986391174738,-0.999997205364261
-1.00000583550576,1.00000587328071,1.0000060910784945,-1.0000056704528848,-1.000003721611152,1.0000025494727407,-1.0000049733750238,-0.9999999695944347,1.0000000059405723,-1.0000072191362488,1.0000073267357596,1.0000062390284425,-1.0000061778662908,1.0000056761084632,-1.0000054115690307,-1.0000064019896402,1.0000053649810248,-1.0000048947852167,1.0000058172718564,1.0000045079206237,1.000004663179765,-1.000003489660484,1.0000017550210212,1.0000047854676095,-1.0000064298317541,1.0000058975475754,-1.000006429831752,-1.0000064319721642,1.0000055402636456,-1.0000051754693977,1.0000055402636452,1.0000061207459687,-1.0000072696833915,1.0000064221484894,-1.000006618503724,-1.0000063448493564,1.000006366904805,-1.0000056926590497,1.0000055792468012,1.0000059591292927,-1.0000059334993219,1.0000051705949562,-1.0000054737564108,-1.0000048826123236,-1.0000049098209105,1.0000043855951513,-1.0000049098209067,-1.000004763335227,1.0000046794547088,-1.00000420453179,1.0000046794547108,1.0000048382322855,-1.0000066006452797,1.0000066615834091,-1.0000037539166118,0.9999978944175972,-0.26071209067461043,-0.3800902665344423,0.7940253809265196,0.7936959619247284,0.47527220485121,-0.9999991783840146,-1.000006020665891,1.0000053453626185,1.0000055227011238,-1.0000048788395663,1.0000047809484647,-1.0000051729797181,1.0000041167193512,1.0000041167193485,-0.7252910644403016,0.6488377110106165,-0.5651877352948502,1.00000563309881
1.0000046481588132,-1.0000046859349196,-1.000004903730622,1.0000044831090766,1.0000025342627143,-1.0000013621263777,1.00000378599176,0.9999987822864751,-1.0000072191362488,1.0000000042553088,-1.0000061743100537,-1.0000050866585362,1.000004990347665,-1.000004488591383,1.0000042240345544,1.0000052144912221,-1.0000041774153057,1.000003707220969,-1.0000046296947454,-1.0000033203703464,-1.0000034758468062,1.0000023023295166,-1.0000005677012376,-1.0000035981271136,1.0000052423194465,-1.0000047100370095,1.000005242319446,1.0000052444642398,-1.0000043528342473,1.000003988041413,-1.0000043528342482,-1.0000049333197414,1.0000060820826304,-1.000005234549595,1.0000054308961026,1.0000051572606814,-1.0000051792846403,1.0000045050403261,-1.0000043916250252,-1.0000047715146452,1.0000047461469255,-1.0000039832440777,1.0000042864098766,1.000003695258238,1.000003722195129,-1.0000031979705373,1.0000037221951268,1.0000035757117582,-1.000003492096033,1.0000030171743008,-1.0000034920960361,-1.0000036508758747,1.0000054132222143,-1.0000054740794788,1.0000025663646737,-0.9999967071577106,0.2607108743910962,0.38009068389715206,-0.7940238671510836,-0.7936955907779926,-0.47527246682476715,0.9999979911686995,1.0000048330483469,-1.000004157737901,-1.0000043353456578,1.0000036912177312,-1.0000035933273281,1.0000039853592573,-1.000002929166112,-1.0000029291661108,0.7252908497761185,-0.6488376552062625,0.5651878389604366,-1.000004445479484
-1.0000047878201714,1.000004825560308,1.0000050434109014,-1.00000462268232,-1.0000026740451715,1.0000015018878756,-1.0000039267725016,-0.999998920989032,1.0000073267357596,-1.0000061743100537,1.0000000044582829,1.0000051933898615,-1.0000051351408261,1.0000046333557024,-1.0000043693293943,-1.0000053937188054,1.0000043236483471,-1.0000038534261861,1.0000047762526119,1.000003466170548,1.0000036151317533,-1.0000024415961064,1.0000007066946244,1.0000037376326252,-1.000005386915099,1.000004854599043,-1.000005386915097,-1.00000538892796,1.0000044949772362,-1.0000041301547267,1.0000044949772355,1.0000050753466923,-1.000006229297681,1.0000053817383794,-1.0000055783389694,-1.0000053041462178,1.0000053271120481,-1.0000046528481303,1.0000045395281545,1.0000049191909348,-1.0000048859684443,1.0000041230468413,-1.0000044260718122,-1.000003835167317,-1.0000038702422802,1.0000033460010282,-1.0000038702422775,-1.0000037236944308,1.0000036321501995,-1.000003157209465,1.0000036321502013,1.0000037908562132,-1.0000055551373455,1.0000056184150883,-1.0000027122415827,0.9999968444933879,-0.26073807377493596,-0.3800647144901961,0.7940410834572675,0.7936785889364707,0.47524778016694225,-0.9999981271226072,-1.0000049808091818,1.00000430573774,1.0000044752737827,-1.0000038391479094,1.000003741239739,-1.0000041332375837,1.0000030750693336,1.0000030750693312,-0.725271583730831,0.6488163388942209,-0.5651647090778451,1.0000045933074775
-1.0000037062758107,1.0000037440900802,1.0000039618272876,-1.0000035413197415,-1.0000015922519347,1.000000420138939,-1.00000287796735,-0.9999978414267066,1.0000062390284425,-1.0000050866585362,1.0000051933898615,1.000000002914728,-1.0000040430090016,1.0000035412838264,-1.0000032761631557,-1.0000042678049823,1.0000032285463267,-1.0000027583820377,1.0000036804801584,1.0000023719623639,1.0000025343642958,-1.0000013608675449,0.9999996265309004,1.0000026564103797,-1.0000042951903858,1.0000037629441794,-1.0000042951903834,-1.00000429747557,1.000003408313323,-1.0000030435523768,1.000003408313324,1.000003988921779,-1.0000051321681895,1.000004284663836,-1.0000044807401385,-1.0000042076973368,1.00000422872009,-1.000003554497217,1.000003440980664,1.0000038211111308,-1.0000038040934303,1.0000030412111756,-1.000003344526376,-1.0000027531125621,-1.0000027713980892,1.0000022471916892,-1.000002771398088,-1.000002624983474,1.0000025497961837,-1.0000020748950849,1.0000025497961855,1.000002708654464,-1.0000045039909373,1.000004527226881,-1.0000016178756777,0.9999957677527117,-0.26068175233801266,-0.38011798996570473,0.7940049348035767,0.7937130354226622,0.47529833370644764,-0.9999970532319449,-1.0000038825549038,1.0000032069908398,1.0000033931791668,-1.000002740545084,1.0000026426736974,-1.0000030347415723,1.0000019806487936,1.0000019806487916,-0.7253107557301745,0.6488598014225886,-0.565211979521217,1.000003494914949
1.0000036337456393,-1.00000367142293,-1.0000038893689918,1.000003468454169,1.0000015201838253,-1.0000003479917992,1.0000027746510392,0.9999977652495486,-1.0000061778662908,1.000004990347665,-1.0000051351408261,-1.0000040430090016,1.000000002831377,-1.0000035232297055,1.000003225080714,1.0000042124752255,-1.0000031810356913,1.0000027107657965,-1.0000036342059322,-1.000002322804428,-1.0000024604015776,1.000001286835692,-0.9999995514598972,-1.000002583287432,1.0000042414453494,-1.000003709071514,1.0000042414453478,1.0000042432283114,-1.0000033452312143,1.0000029803575456,-1.000003345231215,-1.0000039253975876,1.0000050883950478,-1.000004240791247,1.0000044378347792,1.0000041626702711,-1.0000041872788947,1.0000035129818239,-1.00000339982825,-1.0000037790948757,1.0000037321728925,-1.0000029692197174,1.000003271998568,1.0000026815260452,1.0000027307943613,-1.0000022065248724,1.0000027307943586,1.0000025841343876,-1.0000024787621127,1.0000020037889836,-1.0000024787621151,-1.000002637339271,1.000004404992528,-1.0000044724917712,1.0000015690102197,-0.9999956863729234,0.2607851466120674,0.38001889118695953,-0.7940699998765619,-0.7936478274866592,-0.4752040610181285,0.9999969665909206,1.0000038408604828,-1.0000031662067306,-1.0000033216647493,1.000002699496046,-1.000002601557094,1.000002993494977,-1.0000019318832503,-1.0000019318832483,0.7252369689908708,-0.6487782552308714,0.5651235793606562,-1.000003453476455
-1.0000031320975988,1.0000031697761955,1.0000033877201486,-1.0000029668094694,-1.0000010185327879,0.9999998463420368,-1.0000022729629205,-0.9999972636395826,1.0000056761084632,-1.000004488591383,1.0000046333557024,1.0000035412838264,-1.0000035232297055,1.0000000021191586,-1.0000027582764415,-1.0000037457109279,1.0000026791492673,-1.0000022088805633,1.0000031323074434,1.0000018209340589,1.0000019587680766,-1.0000007852033879,0.9999990498384714,1.0000020816456805,-1.000003739617854,1.0000032072454614,-1.0000037396178532,-1.0000037414055285,1.0000028434932149,-1.0000024786207704,1.0000028434932158,1.0000034236634656,-1.000004586472,1.000003738869522,-1.0000039359036914,-1.0000036607596197,1.000003685333953,-1.0000030110378888,1.0000028978809081,1.0000032771555916,-1.0000032305190625,1.0000024675669144,-1.0000027703507597,-1.0000021798695156,-1.0000022288421713,1.000001704573513,-1.0000022288421688,-1.0000020821845619,1.0000019771004693,-1.0000015021282345,1.0000019771004713,1.000002135680182,-1.0000039032622332,1.0000039706734933,-1.0000010671374713,0.9999951848136216,-0.2607840291949199,-0.3800196457234159,0.7940689802430592,0.7936480509119351,0.47520472169700956,-0.9999964650809948,-1.0000033389180982,1.0000026642560325,1.0000028200072468,-1.0000021975481184,1.0000020996098309,-1.0000024915487458,1.000001430009404,1.0000014300094027,-0.7252373086261058,0.648778707301935,-0.5651241388437341,1.000002951531822
1.0000028655574265,-1.0000029032118636,-1.0000031211925575,1.0000027002101919,1.0000007520739551,-0.9999995798696856,1.0000020071730429,0.9999969964583442,-1.0000054115690307,1.0000042240345544,-1.0000043693293943,-1.0000032761631557,1.000003225080714,-1.0000027582764415,1.0000000017459827,1.000003447150558,-1.0000024170136002,1.0000019467264931,-1.0000028703893658,-1.0000015935569468,-1.0000016919755679,1.0000005183990746,-0.9999987828515282,-1.0000018150012335,1.0000034763844807,-1.0000029439898044,1.0000034763844798,1.0000034780838434,-1.0000025786163929,1.0000022137242348,-1.0000025786163942,-1.0000031587087184,1.0000043249938015,-1.0000034773740925,1.0000036745785261,1.000003399060958,-1.0000034242666136,1.0000027499577042,-1.0000026368646455,-1.000003015987163,1.0000029640860757,-1.0000022011216645,1.0000025038109637,1.000001913495642,1.0000019679225935,-1.0000014436430065,1.0000019679225922,1.0000018212218968,-1.0000017108238308,1.000001235839076,-1.0000017108238333,-1.0000018693540753,1.000003638232353,-1.000003707265912,1.0000008047637858,-0.999994916717043,0.2608021646038811,0.3800021038784133,-0.7940802328246362,-0.7936363702637175,-0.4751880052844862,0.9999961960581405,1.0000030778063083,-1.0000024033046115,-1.0000025536458648,1.0000019365501693,-1.000001838600049,1.0000022305159975,-1.0000011676531673,-1.0000011676531662,0.7252241351209879,-0.6487641872212232,0.5651084334154471,-1.000002690465181
1.0000038601839225,-1.0000038978891617,-1.0000041157927044,1.000003694960854,1.0000017465282565,-1.000000574351948,1.0000030002213849,0.9999979924300547,-1.0000064019896402,1.0000052144912221,-1.0000053937188054,-1.0000042678049823,1.0000042124752255,-1.0000037457109279,1.000003447150558,1.0000000031474354,-1.000003402378285,1.0000029321297015,-1.0000038552967312,-1.0000025444821723,-1.0000026871319567,1.0000015135798066,-0.9999997784154687,-1.000002809846454,1.000004464057863,-1.000003931709833,1.0000044640578611,1.000004465942967,-1.0000035697451632,1.0000032048943175,-1.0000035697451635,-1.0000041500016237,1.0000053089768215,-1.0000044613930055,1.0000046582395195,1.0000043835071735,-1.0000044073853596,1.000003733103189,-1.000003619875666,-1.000003999318313,1.0000039584871834,-1.000003195548236,1.0000034984364548,1.0000029077720116,1.000002950729981,-1.0000024264731673,1.0000029507299804,1.0000028041198576,-1.0000027048956193,1.000002229937003,-1.0000027048956215,-1.0000028635299787,1.0000046296834437,-1.0000047303539863,1.0000017906282963,-0.9999959146125853,0.2607641435433346,0.3800391550300854,-0.794056916177935,-0.7936612763471769,-0.47522336208094923,0.9999971959020753,1.000004061018388,-1.0000033861791584,-1.000003547896229,1.0000029195223443,-1.0000028215970824,1.0000032135615011,-1.000002153481124,-1.0000021534811223,0.7252521506124413,-0.6487950010332039,0.5651417034011229,-1.0000036735821543
-1.0000028154303495,1.0000028530420428,1.0000030710878143,-1.0000026499784094,-1.0000007020891397,0.9999995298605993,-1.0000019583720494,-0.999996945194553,1.0000053649810248,-1.0000041774153057,1.0000043236483471,1.0000032285463267,-1.0000031810356913,1.0000026791492673,-1.0000024170136002,-1.000003402378285,1.0000000016851052,-1.0000019394030621,1.0000028284353908,1.0000015156573663,1.000001641401239,-1.0000004678034735,0.9999987319320794,1.0000017646891086,-1.0000034321049265,1.0000028996706987,-1.0000034321049247,-1.0000034336482735,1.0000025314304337,-1.0000021665033236,1.0000025314304342,1.000003111385286,-1.0000042838182113,1.00000343616777,-1.0000036336734281,-1.000003357495199,1.0000033838173341,-1.000002709485496,1.0000025965054227,1.0000029753590218,-1.0000029141484206,1.0000021511620665,-1.00000245368425,-1.000001863662154,-1.0000019277339631,1.000001403434892,-1.0000019277339613,-1.0000017809571007,1.0000016611620945,-1.0000011861550622,1.0000016611620959,1.0000018196050195,-1.000003590776254,1.000003662678614,-1.0000007620033375,0.9999948638338277,-0.26083434297239505,-0.3799712449987195,0.7941004650231636,0.7936160498526584,0.47515864609364306,-0.9999961415378715,-1.000003037278345,1.0000023630598776,1.000002503834667,-1.0000018962229513,1.000001798251915,-1.0000021901274423,1.000001124923656,1.0000011249236536,-0.7252011461030358,0.6487387848733877,-0.5650808998036037,1.0000026500168944
1.0000023453404405,-1.0000023829534102,-1.000002600997141,1.0000021798917695,1.0000002319965822,-0.9999990597692063,1.0000014882435908,0.9999964751415461,-1.0000048947852167,1.000003707220969,-1.0000038534261861,-1.0000027583820377,1.0000027107657965,-1.0000022088805633,1.0000019467264931,1.0000029321297015,-1.0000019394030621,1.0000000010176142,-1.0000023931522015,-1.0000010804012347,-1.000001171325558,0.9999999977288947,-0.9999982618680349,-1.0000012946053423,1.00000296184199,-1.000002429409119,1.000002961841986,1.000002963389826,-1.0000020612537681,1.000001696327813,-1.000002061253769,-1.0000026412123424,1.0000038134631701,-1.0000029658139593,1.0000031633105657,1.000002887152073,-1.0000029134411053,1.0000022391102026,-1.000002126126844,-1.0000025049882193,1.000002444052988,-1.0000016810675967,1.0000019835946228,1.0000013935640781,1.0000014573507385,-1.0000009330524364,1.0000014573507365,1.0000013105761192,-1.0000011910591216,1.0000007160529223,-1.0000011910591244,-1.0000013495044788,1.0000031206070155,-1.0000031924244903,1.0000002916967154,-0.9999943938296394,0.26083326899440507,0.3799719777968804,-0.7940994926214208,-0.7936162761420621,-0.4751592896836165,0.999995671581193,1.0000025669045538,-1.000001892678086,-1.0000020337356827,1.0000014258438303,-1.0000013278734163,1.0000017197499338,-1.0000006546160036,-1.0000006546160023,0.725201483520965,-0.6487392296705138,0.5650814470371203,-1.0000021796409304
-1.000003266494948,1.0000033040919132,1.0000035221602905,-1.0000031010068426,-1.0000011532029085,0.9999999809652451,-1.0000024098957183,-0.9999973958637531,1.0000058172718564,-1.0000046296947454,1.0000047762526119,1.0000036804801584,-1.0000036342059322,1.0000031323074434,-1.0000028703893658,-1.0000038552967312,1.0000028284353908,-1.0000023931522015,1.0000000023291913,1.0000019692401403,1.0000020923111952,-1.0000009187053862,0.999999182721299,1.0000022156894484,-1.0000038851943172,1.0000033527460501,-1.0000038851943158,-1.000003886683463,1.0000029835131392,-1.0000026185736774,1.000002983513141,1.0000035634205677,-1.0000047379826515,1.0000038903210495,-1.000004087930997,-1.0000038465722512,1.0000038382325678,-1.0000031638923805,1.0000030509513729,1.0000034297120564,-1.0000033652788396,1.0000026022844597,-1.0000029047490095,-1.0000023148280455,-1.0000023822387867,1.000001857932638,-1.0000023822387851,-1.0000022354353653,1.0000021123874845,-1.0000016373724379,1.0000021123874874,1.000002270800139,-1.0000040427658505,1.0000041156612995,-1.0000012156173175,0.9999953139413764,-0.260845605248924,-0.3799607396914973,0.7941078413467755,0.7936093867040064,0.47514870456370567,-0.9999965910788422,-1.000003491666094,1.0000028175454505,1.000002955008661,-1.0000023506797666,1.0000022527013752,-1.0000026445630623,1.0000015785486076,1.0000015785486052,-0.7251935270404738,0.648730294503832,-0.5650716324072317,1.000003104432044
-1.0000019600044558,1.0000019976358507,1.0000022156514108,-1.0000017946010187,-0.9999998465998889,0.9999986743834952,-1.0000011023354958,-0.9999960902984435,1.0000045079206237,-1.0000033203703464,1.000003466170548,1.0000023719623639,-1.000002322804428,1.0000018209340589,-1.0000015935569468,-1.0000025444821723,1.0000015156573663,-1.0000010804012347,1.0000019692401403,1.00000000046613,1.0000007861829687,-0.9999996125959876,0.9999978768755796,1.0000009093496056,-1.00000257398171,1.000002041566146,-1.0000025739817078,-1.000002575596923,1.0000016746483922,-1.000001309737687,1.0000016746483935,1.000002254666087,-1.000003424262729,1.000002576627151,-1.0000027739936714,-1.0000024981204367,1.0000025239275636,-1.000001849606849,1.000001736574768,1.000002115552064,-1.0000020586351657,1.0000012956595694,-1.0000015982585921,-1.000001008101738,-1.0000010677252753,1.000000543435613,-1.0000010677252726,-1.000000920983615,1.0000008055227063,-1.0000003305263294,1.000000805522708,1.0000009640057086,-1.0000027341178228,1.000002804697,-0.9999999382300415,0.9999940096864023,-0.2608192733230572,-0.37998514313229437,0.7940904363884841,0.7936247242953407,0.4751717689524858,-0.999995288144131,-1.0000021774251302,1.000001503076669,1.0000016482634468,-1.0000010362782041,1.000000938316868,-1.0000013302106805,1.0000002660875953,1.0000002660875942,-0.7252111113986413,0.648749930359524,-0.5650931017145119,1.000001790127273
-1.0000021398404348,1.0000021777678367,1.0000023953319366,-1.0000019751616982,-1.0000000254344334,0.9999988533893346,-1.0000012729559438,-0.9999962780166394,1.000004663179765,-1.0000034758468062,1.0000036151317533,1.0000025343642958,-1.0000024604015776,1.0000019587680766,-1.0000016919755679,-1.0000026871319567,1.000001641401239,-1.000001171325558,1.0000020923111952,1.0000007861829687,1.0000000006876977,-0.9999998307250825,0.9999980622024135,1.0000010904663517,-1.000002713204425,1.000002181065052,-1.0000027132044234,-1.000002715905938,1.0000018340577976,-1.0000014693909969,1.000001834057799,1.0000024150315556,-1.0000035419263242,1.0000026945060523,-1.0000028897816806,-1.0000026184951785,1.0000026365501422,-1.0000019623900753,1.0000018485732292,1.000002229418116,-1.00000223715261,1.0000014743305223,-1.000001778088914,-1.0000011858972728,-1.0000011785371417,1.000000654384083,-1.0000011785371388,-1.0000010323262574,1.0000009821235043,-1.0000005072830527,1.0000009821235063,1.0000011412146008,-1.0000028954042668,1.0000029460609672,-1.0000000318551487,0.999994208652599,-0.26059574344952013,-0.38019940100628563,0.7939497855853637,0.7937657205251242,0.4753755951292167,-0.9999954984861702,-1.0000022905953834,1.0000016142786021,1.0000018259028938,-1.000001148052848,1.0000010502377643,-1.000001442412709,1.000000394544665,1.000000394544664,-0.725370653214839,0.6489262461603059,-0.5652842337010822,1.00000190274421
1.0000009663927432,-1.0000010043209602,-1.000001221883527,1.0000008017163238,0.9999988519870292,-0.9999976799436723,1.0000000994838345,0.9999951045983824,-1.000003489660484,1.0000023023295166,-1.0000024415961064,-1.0000013608675449,1.000001286835692,-1.0000007852033879,1.0000005183990746,1.0000015135798066,-1.0000004678034735,0.9999999977288947,-1.0000009187053862,-0.9999996125959876,-0.9999998307250825,0.9999999990223204,-0.999996923823589,-0.9999999520718686,1.000001539642921,-1.000001007504879,1.0000015396429198,1.0000015423473347,-1.000000660553551,1.0000002958878067,-1.000000660553551,-1.0000012415292219,1.0000023683037882,-1.0000015208850364,1.0000017161545478,1.000001444881233,-1.0000014629144696,1.0000007887555817,-1.0000006749366837,-1.0000010557863341,1.000001063701257,-1.000000300880448,1.0000006046417649,1.0000000124450796,1.0000000048981585,-0.9999994807460434,1.0000000048981557,0.999999858688849,-0.9999998086683077,0.9999993338287991,-0.9999998086683102,-0.9999999677608382,1.0000017219039463,-1.0000017725049803,0.9999988582673431,-0.9999930352681033,0.26059481445621885,0.38019955189569077,-0.7939484614804106,-0.7937651817001259,-0.4753756052095873,0.9999943251315877,1.000001116961591,-1.0000004406401757,-1.000000652449571,0.9999999744165755,-0.9999998766019709,1.0000002687772194,-0.999999220955892,-0.9999992209558908,0.7253702463760336,-0.6489259758190302,0.5652841028497324,-1.0000007291093327
-0.999999232787334,0.9999992707278297,0.9999994882711387,-0.9999990681413954,-0.9999971183423866,0.9999959463084277,-0.9999983654933667,-0.9999934063807657,1.0000017550210212,-1.0000005677012376,1.0000007066946244,0.9999996265309004,-0.9999995514598972,0.9999990498384714,-0.9999987828515282,-0.9999997784154687,0.9999987319320794,-0.9999982618680349,0.999999182721299,0.9999978768755796,0.9999980622024135,-0.999996923823589,0.9999999965622004,0.9999981834734284,-0.9999998043345765,0.9999992722091349,-0.9999998043345749,-0.9999998070846993,0.9999989260927097,-0.9999985614379019,0.9999989260927106,0.999999507107531,-1.000000632090497,0.9999997846823645,-0.9999999798640044,-0.9999997087832463,0.9999997264917436,-0.9999990523408551,0.9999989384892642,0.9999993194165068,-0.9999993300402206,0.9999985672272432,-0.999998871036527,-0.9999982787557229,-0.99999826840205,0.9999977442566581,-0.9999982684020481,-0.9999981222153617,0.9999980749291056,-0.9999976000970355,0.9999980749291076,0.9999982340469559,-0.999999987519991,1.000000037286233,-0.999997122521661,0.9999913024772455,-0.26058499386143275,-0.380207868241226,0.7939411852317384,0.7937697079922016,0.47538331870723793,-0.9999925928156245,-0.9999993805624973,0.9999987041596874,0.9999989187524732,-0.9999982379608824,0.999998140152644,-0.9999985323390221,0.9999974852004204,0.9999974852004195,-0.7253756688930091,0.6489322343381699,-0.5652911278629348,0.9999989926877292
-1.0000022612960426,1.0000022992135458,1.0000025167928868,-1.000002131641315,-1.0000001469256885,0.9999989748742661,-1.0000013947243889,-0.9999963992065021,1.0000047854676095,-1.0000035981271136,1.0000037376326252,1.0000026564103797,-1.000002583287432,1.0000020816456805,-1.0000018150012335,-1.000002809846454,1.0000017646891086,-1.0000012946053423,1.0000022156894484,1.0000009093496056,1.0000010904663517,-0.9999999520718686,0.9999981834734284,1.0000000008599674,-1.000002836035738,1.0000023038867334,-1.0000028360357371,-1.0000028387000561,1.000001956205182,-1.00000159152991,1.0000019562051825,1.0000025371464243,-1.000003665488069,1.000002818060142,-1.0000030134064293,-1.00000274196481,1.000002760282021,-1.0000020861162338,1.0000019723259592,1.0000023531076547,-1.0000023586533144,1.0000015958257833,-1.0000019345933442,-1.0000013074220895,-1.0000013023302528,1.0000007781723246,-1.0000013023302494,-1.0000011561011148,1.000001103689042,-1.000000628843083,1.0000011036890437,1.0000012627593162,-1.0000030174880525,1.0000030688192083,-1.000000155043284,0.9999943294611907,-0.2606033471604817,-0.3801921930490285,0.7939546503890188,0.79376104653004,0.4753687526105521,-0.9999956189087185,-1.000002414308498,1.00000173805849,1.0000019474332538,-1.000001271813312,1.000001173993123,-1.0000015661585275,1.0000005177403717,1.0000005177403686,-0.7253653423974545,0.6489203574943172,-0.565277832574757,1.0000020264760188
1.0000038864556562,-1.0000039241418808,-1.0000041420743324,1.0000037211859663,1.0000017728620334,-1.0000006006750888,1.000003027080972,0.9999980181962806,-1.0000064298317541,1.0000052423194465,-1.000005386915099,-1.0000042951903858,1.0000042414453494,-1.000003739617854,1.0000034763844807,1.000004464057863,-1.0000034321049265,1.00000296184199,-1.0000038851943172,-1.00000257398171,-1.000002713204425,1.000001539642921,-0.9999998043345765,-1.000002836035738,1.0000000031882477,-1.0000039956064153,1.000004492923696,1.0000044947397988,-1.0000035973216272,1.0000032324553478,-1.0000035973216288,-1.0000041775172466,1.0000053392197177,-1.000004491622363,1.0000046886026215,1.0000044135770219,-1.0000044379506987,1.0000037636584271,-1.0000036504810272,-1.000004029804376,1.0000039848427489,-1.0000032218941148,1.0000035247081196,1.0000029341738477,1.0000029814108573,-1.000002457145468,1.000002981410855,1.0000028347670686,-1.0000027313734947,1.0000022564050595,-1.0000027313734963,-1.0000028899692526,1.000004657140222,-1.0000047240353958,1.0000018201680538,-0.9999959396603052,0.2607784319778513,0.3800254830660448,-0.7940659306193087,-0.7936522997909713,-0.4752103600642555,0.9999972202240607,1.000004091548896,-1.000003416835195,-1.0000035743078888,1.0000029501417456,-1.000002852207274,1.0000032441538107,-1.0000021830345185,-1.0000021830345167,0.7252419868225104,-0.6487837628716054,0.5651295156560412,-1.000003704147991
-1.0000033542993523,1.0000033919871056,1.0000036099171048,-1.0000031890335592,-1.0000012407021734,1.000000068516647,-1.0000024948779185,-0.9999974860841089,1.0000058975475754,-1.0000047100370095,1.000004854599043,1.0000037629441794,-1.000003709071514,1.0000032072454614,-1.0000029439898044,-1.000003931709833,1.0000028996706987,-1.000002429409119,1.0000033527460501,1.000002041566146,1.000002181065052,-1.000001007504879,0.9999992722091349,1.0000023038867334,-1.0000039956064153,1.0000000024326994,-1.0000039956064186,-1.0000039974280082,1.0000030650604217,-1.0000027001955494,1.0000030650604221,1.000003645260594,-1.000004806742898,1.000003959147038,-1.0000041561163908,-1.0000038811145995,1.0000039054483072,-1.0000032311571738,1.0000031179757944,1.0000034973085539,-1.0000034526797092,1.000002689732235,-1.0000029925520821,-1.0000024020076062,-1.0000024488999453,1.0000019246354952,-1.0000024488999435,-1.0000023022589015,1.0000021992012837,-1.0000017242338644,1.0000021992012855,1.0000023578000263,-1.0000041248880576,1.000004191680654,-1.00000128774968,0.9999954076070838,-0.2607771430804955,-0.38002638266714706,0.7940647837837298,0.7936526020238441,0.47521115526160834,-0.9999966882284521,-1.0000035590494623,1.0000028843260402,1.0000030421405441,-1.0000024176357953,1.0000023197020944,-1.000002711649852,1.0000016506148859,1.0000016506148848,-0.7252424209256831,0.6487843240217867,-0.5651301976179558,1.0000031716459186
1.0000038864556549,-1.0000039241418797,-1.000004142074329,1.0000037211859656,1.000001772862031,-1.0000006006750861,1.0000030270809712,0.9999980181962785,-1.000006429831752,1.000005242319446,-1.000005386915097,-1.0000042951903834,1.0000042414453478,-1.0000037396178532,1.0000034763844798,1.0000044640578611,-1.0000034321049247,1.000002961841986,-1.0000038851943158,-1.0000025739817078,-1.0000027132044234,1.0000015396429198,-0.9999998043345749,-1.0000028360357371,1.000004492923696,-1.0000039956064186,1.0000000031882474,1.0000044947397977,-1.0000035973216268,1.000003232455347,-1.0000035973216272,-1.0000041775172444,1.0000053392197161,-1.0000044916223596,1.0000046886026193,1.0000044135770203,-1.0000044379506967,1.0000037636584274,-1.0000036504810252,-1.0000040298043746,1.0000039848427469,-1.0000032218941126,1.0000035247081176,1.0000029341738457,1.0000029814108555,-1.0000024571454664,1.000002981410853,1.0000028347670675,-1.0000027313734914,1.0000022564050581,-1.0000027313734947,-1.0000028899692517,1.0000046571402201,-1.0000047240353942,1.0000018201680516,-0.9999959396603029,0.2607784319778506,0.3800254830660442,-0.7940659306193072,-0.7936522997909684,-0.47521036006425493,0.9999972202240586,1.0000040915488935,-1.0000034168351923,-1.0000035743078866,1.0000029501417445,-1.0000028522072721,1.0000032441538096,-1.000002183034517,-1.000002183034515,0.7252419868225103,-0.6487837628716048,0.5651295156560397,-1.0000037041479901
