0.9999999995711506,-1.0000000017280062,0.988897684182393,0.9888968021328552,-0.8791821472617903,0.9220447827576499,0.9017104964293501,0.798635696546639,-0.9558355465002295,-0.9220568856421172,-0.9220318417185938,-0.9017043072007044,-0.7003664313492299,-0.6362173928792584,0.5865538124521155,0.10494922283907349,0.5418734202191592,0.9017010696814562,0.9400886174093687,0.9558305241797994,-0.9558278437307642,-0.2201804579036571,0.3324222761477261,-0.4401441326819683
-1.0000000017280062,1.000000000119035,-0.988898805227093,-0.9888968744849048,0.8791808025263593,-0.9220437698802224,-0.9017093160830533,-0.7986338787659505,0.9558348753498015,0.9220558728663697,0.9220308287313911,0.9017031268062761,0.7003641808807587,0.6362203586202265,-0.5865511792529392,-0.10495277194791244,-0.541876593128656,-0.9016998892624815,-0.9400877742933911,-0.9558298529861903,0.9558271725150963,0.22018398401758807,-0.33242573115373597,0.4401474694220114
0.988897684182393,-0.988898805227093,1.0000000036222967,0.9558345601392707,-0.7986098632328981,0.854283111144032,0.8274487991653559,0.7003320192886728,-0.9015471186697578,-0.8542993845493234,-0.8542659002705378,-0.8274407525999974,-0.5865136292495426,-0.7438114336813041,0.45967914686735056,0.251576321457582,0.6607612263895957,0.8274365697759392,0.8789858872847561,0.9015404130024265,-0.9015368755238624,-0.3627021421664708,0.4688934628144796,-0.5687016256034035
0.9888968021328552,-0.9888968744849048,0.9558345601392707,0.9999999994222432,-0.9402261707092465,0.9693276982254522,0.9559443187771497,0.8791978541199906,-0.9888964280785254,-0.9693355804078612,-0.9693193139558004,-0.9559401241329594,-0.7986581632334869,-0.5145074950401359,0.7003932068685784,-0.0439944043220171,0.41096534007271784,0.9559379037138188,0.9803125805630647,0.9888929822864129,-0.9888912183017962,-0.072783349028585,0.18858296209316272,-0.3018259936719126
-0.8791821472617903,0.8791808025263593,-0.7986098632328981,-0.9402261707092465,0.9999999995188584,-0.995084453300365,-0.9987711327714577,-0.9889020699582441,0.9803916833531685,0.9950817729234025,0.995087008203169,0.9987716484480266,0.9558568086209505,0.19173716461744172,-0.9015966459676639,0.3815832672053579,-0.07593882306403536,-0.9987719481602589,-0.9889558401256667,-0.9803928437468522,0.9803933303685669,-0.27121273584457156,0.1571276969560994,-0.04088184735264581
0.9220447827576499,-0.9220437698802224,0.854283111144032,0.9693276982254522,-0.995084453300365,0.9999999994660514,0.9987682444570323,0.9693294874369693,-0.995086227339994,-0.99999998718526,-0.9999988172618187,-0.9987675543435665,-0.9220619766997832,-0.28798275695332826,0.8543296656634313,-0.2881756303936133,0.17430476023853966,0.9987671249860502,0.9987706770694487,0.9950859080753917,-0.9950857463300129,0.17456614391253544,-0.05856037773903227,-0.058261408037415835
0.9017104964293501,-0.9017093160830533,0.8274487991653559,0.9559443187771497,-0.9987711327714577,0.9987682444570323,0.9999999992184582,0.9803260493996071,-0.9889506607571765,-0.9987672688866391,-0.9987696331168854,-0.9999991484689694,-0.940124156198389,-0.24012940912806727,0.8790564514111735,-0.335316653788984,0.12524944742997213,0.999998865587975,0.9950839183546705,0.9889511913981432,-0.9889513542098397,0.2231896704586491,-0.10800317969511461,-0.008673918462739637
0.798635696546639,-0.7986338787659505,0.7003320192886728,0.8791978541199906,-0.9889020699582441,0.9693294874369693,0.9803260493996071,0.9999999997040443,-0.9402364906540278,-0.9693226039531642,-0.9693370248971755,-0.9803289060597562,-0.9889030440281139,-0.04379875340351766,0.9558571227040463,-0.5146737786391214,-0.07304175197805395,0.980330294055377,0.9559631238305926,0.9402395222120089,-0.9402409725866591,0.41120135100598726,-0.30210529879853887,0.18887076686764123
-0.9558355465002295,0.9558348753498015,-0.9015471186697578,-0.9888964280785254,0.9803916833531685,-0.995086227339994,-0.9889506607571765,-0.9402364906540278,0.9999999984700714,0.9950894956554585,0.9950823678035533,0.9889485538242031,0.8792146346132612,0.38137381619026706,-0.7986792142755046,0.19195988437690598,-0.27093273990110206,-0.988947399801796,-0.9987682934484676,-0.9999967192734079,0.999995692741834,-0.07622871053713136,-0.040557302728615456,0.15680686806718228
-0.9220568856421172,0.9220558728663697,-0.8542993845493234,-0.9693355804078612,0.9950817729234025,-0.99999998718526,-0.9987672688866391,-0.9693226039531642,0.9950894956554585,1.0000000002039529,0.9999993313420646,0.9987665783423427,0.9220508248328352,0.28801167286081314,-0.8543147111759514,0.2881470130939561,-0.17433443031760082,-0.9987661487643069,-0.9987726797258693,-0.9950893941822487,0.9950892322404992,-0.17453665492556844,0.05853041929996902,0.05829142717753839
-0.9220318417185938,0.9220308287313911,-0.8542659002705378,-0.9693193139558004,0.995087008203169,-0.9999988172618187,-0.9987696331168854,-0.9693370248971755,0.9950823678035533,0.9999993313420646,0.9999999988417045,0.9987687252942311,0.922074111122344,0.28795161128065716,-0.8543461276458709,0.28820652245818495,-0.17427278785563322,-0.9987682961744317,-0.9987688543254641,-0.9950822671247697,0.9950821055911389,-0.17459796242919748,0.058592688695500786,0.05822904549186106
-0.9017043072007044,0.9017031268062761,-0.8274407525999974,-0.9559401241329594,0.9987716484480266,-0.9987675543435665,-0.9999991484689694,-0.9803289060597562,0.9889485538242031,0.9987665783423427,0.9987687252942311,0.9999999992504924,0.9401290722077347,0.24011547250351772,-0.8790633176237624,0.335330191912317,-0.12523520114282305,-0.9999991063493572,-0.9950825183855284,-0.9889490846478198,0.9889492475534094,-0.22320367531406554,0.10801746026045483,0.008659557023146235
-0.7003664313492299,0.7003641808807587,-0.5865136292495426,-0.7986581632334869,0.9558568086209505,-0.9220619766997832,-0.940124156198389,-0.9889030440281139,0.8792146346132612,0.9220508248328352,0.922074111122344,0.9401290722077347,1.0000000000110714,-0.10510758422130635,-0.9889018173726561,0.636337785953833,0.22039704344896632,-0.9401315176508013,-0.9017545032610454,-0.8792194700000162,0.8792218519106313,-0.5420597555045696,0.44037384881940583,-0.33266369911957505
-0.6362173928792584,0.6362203586202265,-0.7438114336813041,-0.5145074950401359,0.19173716461744172,-0.28798275695332826,-0.24012940912806727,-0.04379875340351766,0.38137381619026706,0.28801167286081314,0.28795161128065716,0.24011547250351772,-0.10510758422130635,1.0000000037742414,0.25167862221581533,-0.8340224629445351,-0.9931766135120094,-0.2401083186695853,-0.33507187054244886,-0.38136159248127044,0.38135528344560005,0.8926626736581684,-0.9391311442915131,0.9727907962088228
0.5865538124521155,-0.5865511792529392,0.45967914686735056,0.7003932068685784,-0.9015966459676639,0.8543296656634313,0.8790564514111735,0.9558571227040463,-0.7986792142755046,-0.8543147111759514,-0.8543461276458709,-0.8790633176237624,-0.9889018173726561,0.25167862221581533,0.9999999974602005,-0.7438762680905906,-0.3628581613945244,0.8790667662196526,0.8275319269376993,0.7986857461385359,-0.7986890067025972,0.6608848101311559,-0.5688658920868048,0.4690707086755444
0.10494922283907349,-0.10495277194791244,0.251576321457582,-0.0439944043220171,0.3815832672053579,-0.2881756303936133,-0.335316653788984,-0.5146737786391214,0.19195988437690598,0.2881470130939561,0.28820652245818495,0.335330191912317,0.636337785953833,-0.8340224629445351,-0.7438762680905906,0.9999999985363037,0.8926882736591674,-0.3353370979145931,-0.24038172524101606,-0.1919720490546857,0.1919782644952673,-0.9931798205313037,0.9728094845073024,-0.9391612334156761
0.5418734202191592,-0.541876593128656,0.6607612263895957,0.41096534007271784,-0.07593882306403536,0.17430476023853966,0.12524944742997213,-0.07304175197805395,-0.27093273990110206,-0.17433443031760082,-0.17427278785563322,-0.12523520114282305,0.22039704344896632,-0.9931766135120094,-0.3628581613945244,0.8926882736591674,1.00000000154674,0.12522789750541208,0.2228738601945296,0.27092018317104427,-0.2709137155999815,-0.9391461476868609,0.9727962895013066,-0.9931765624414866
0.9017010696814562,-0.9016998892624815,0.8274365697759392,0.9559379037138188,-0.9987719481602589,0.9987671249860502,0.999998865587975,0.980330294055377,-0.988947399801796,-0.9987661487643069,-0.9987682961744317,-0.9999991063493572,-0.9401315176508013,-0.2401083186695853,0.8790667662196526,-0.3353370979145931,0.12522789750541208,0.9999999991580589,0.9950817258620586,0.9889479307188804,-0.988948093672522,0.22321082881761733,-0.10802476369475149,-0.008652203300566357
0.9400886174093687,-0.9400877742933911,0.8789858872847561,0.9803125805630647,-0.9889558401256667,0.9987706770694487,0.9950839183546705,0.9559631238305926,-0.9987682934484676,-0.9987726797258693,-0.9987688543254641,-0.9950825183855284,-0.9017545032610454,-0.33507187054244886,0.8275319269376993,-0.24038172524101606,0.2228738601945296,0.9950817258620586,0.9999999985532044,0.9987673434435026,-0.9987668579204521,0.12557074871934104,-0.009031829888033263,-0.10764730898469253
0.9558305241797994,-0.9558298529861903,0.9015404130024265,0.9888929822864129,-0.9803928437468522,0.9950859080753917,0.9889511913981432,0.9402395222120089,-0.9999967192734079,-0.9950893941822487,-0.9950822671247697,-0.9889490846478198,-0.8792194700000162,-0.38136159248127044,0.7986857461385359,-0.1919720490546857,0.27092018317104427,0.9889479307188804,0.9987673434435026,0.9999999965216521,-0.9999945498994854,0.07624123140377184,0.04054459646165095,-0.15679414976519063
-0.9558278437307642,0.9558271725150963,-0.9015368755238624,-0.9888912183017962,0.9803933303685669,-0.9950857463300129,-0.9889513542098397,-0.9402409725866591,0.999995692741834,0.9950892322404992,0.9950821055911389,0.9889492475534094,0.8792218519106313,0.38135528344560005,-0.7986890067025972,0.1919782644952673,-0.2709137155999815,-0.988948093672522,-0.9987668579204521,-0.9999945498994854,0.9999999953647026,-0.0762476422406043,-0.04053807767269857,0.15678761196508567
-0.2201804579036571,0.22018398401758807,-0.3627021421664708,-0.072783349028585,-0.27121273584457156,0.17456614391253544,0.2231896704586491,0.41120135100598726,-0.07622871053713136,-0.17453665492556844,-0.17459796242919748,-0.22320367531406554,-0.5420597555045696,0.8926626736581684,0.6608848101311559,-0.9931798205313037,-0.9391461476868609,0.22321082881761733,0.12557074871934104,0.07624123140377184,-0.0762476422406043,1.0000000008123313,-0.9931797896340572,0.9728038729643964
0.3324222761477261,-0.33242573115373597,0.4688934628144796,0.18858296209316272,0.1571276969560994,-0.05856037773903227,-0.10800317969511461,-0.30210529879853887,-0.040557302728615456,0.05853041929996902,0.058592688695500786,0.10801746026045483,0.44037384881940583,-0.9391311442915131,-0.5688658920868048,0.9728094845073024,0.9727962895013066,-0.10802476369475149,-0.009031829888033263,0.04054459646165095,-0.04053807767269857,-0.9931797896340572,1.00000000097725,-0.9931781376201058
-0.4401441326819683,0.4401474694220114,-0.5687016256034035,-0.3018259936719126,-0.04088184735264581,-0.058261408037415835,-0.008673918462739637,0.18887076686764123,0.15680686806718228,0.05829142717753839,0.05822904549186106,0.008659557023146235,-0.33266369911957505,0.9727907962088228,0.4690707086755444,-0.9391612334156761,-0.9931765624414866,-0.008652203300566357,-0.10764730898469253,-0.15679414976519063,0.15678761196508567,0.9728038729643964,-0.9931781376201058,1.0000000012980055
