0.9999999943393324,-0.999991853602724,0.8090126890213403,0.8090213901931902,-0.8090465555578049,0.8090483266918761,-0.8090418736807907,-0.8090531853059598,-0.3090107294868876,-0.3090234513216079,0.3090093020229335,-0.809013829755808,0.3090221523771672,0.8090130500026078,0.8090130500026109,0.8090351939761629,-0.8090279223097065,-0.8090129592070331,-0.8090129592070252,0.8090129731099065,0.8090541778036265,0.8090541778036158,-0.8090551662921824,-0.8090551662921972,0.8090555477501381
-0.999991853602724,0.9999999999739719,-0.809013320836172,-0.8090187776607214,0.8090480687044245,-0.8090498402548727,0.8090433938777785,0.8090546951043595,0.3090145494978597,0.3090220572419815,-0.3090131209397801,0.8090186402553862,-0.30902075864458056,-0.8090178636041264,-0.8090178636041289,-0.8090367235786289,0.809029464425948,0.8090177745948883,0.8090177745948774,-0.8090177890773408,-0.8090556864595364,-0.809055686459524,0.8090566743418753,0.8090566743418915,-0.8090570556200911
0.8090126890213403,-0.809013320836172,0.999999998889862,0.30902705309383816,-0.309074827314467,0.30907485240641885,-0.3090619999120564,-0.3090861415406897,-0.8090092821535867,0.309010649538234,0.8090105769761761,-0.9999937634261434,-0.3090100541719686,0.9999961289717721,0.9999961289717852,0.30904940389628743,-0.3090375217505325,-0.9999956173658852,-0.999995617365877,0.9999955208185536,0.30909071444088504,0.3090907144408811,-0.30909375738156,-0.30909375738156636,0.3090948159611201
0.8090213901931902,-0.8090187776607214,0.30902705309383816,1.0000000021610187,-0.9999968688256529,0.9999997031616948,-1.0000019903672341,-0.999996337375397,0.3090116023040262,-0.8090132967177819,-0.30901092910162503,-0.3090297062091023,0.8090147305344966,0.309030353422063,0.3090303534220604,1.000003592774457,-0.9999992814683965,-0.30903077720161926,-0.3090307772016136,0.309030915084055,0.9999933856070274,0.9999933856070127,-0.9999919499585198,-0.9999919499585356,0.9999915106779395
-0.8090465555578049,0.8090480687044245,-0.309074827314467,-0.9999968688256529,1.0000000046057813,-1.0000047087433852,1.0000077839124777,1.0000081221559496,-0.308956334197099,0.808977958111323,0.30895559378895265,0.30907552658873627,-0.8089751708492452,-0.30907523994678854,-0.30907523994678454,-1.0000056652519045,1.0000015181347144,0.30907506728049383,0.30907506728048767,-0.30907499857192894,-1.0000062670639285,-1.0000062670639114,1.0000054961281095,1.0000054961281242,-1.0000052795185244
0.8090483266918761,-0.8090498402548727,0.30907485240641885,0.9999997031616948,-1.0000047087433852,1.000000008106171,-1.0000061489520102,-1.0000063382965665,0.3089581627885579,-0.8089808875330164,-0.3089574217387604,-0.30907562007971534,0.8089781011164864,0.3090753649462588,0.3090753649462547,1.0000082936244286,-1.0000042467139503,-0.30907521214908457,-0.3090752121490786,0.3090751502665057,1.000008626505315,1.000008626505298,-1.000007839099922,-1.0000078390999383,1.0000076169756817
-0.8090418736807907,0.8090433938777785,-0.3090619999120564,-1.0000019903672341,1.0000077839124777,-1.0000061489520102,1.0000000071778927,1.0000089389303317,-0.30897326716515755,0.8089920097202479,0.30897253210841774,0.3090632721528595,-0.8089892340166889,-0.30906325382579236,-0.30906325382578886,-1.000004637242076,1.0000056238415893,0.3090632512536748,0.3090632512536687,-0.309063241182675,-1.0000068219678848,-1.000006821967871,1.0000058924439545,1.000005892443971,-1.000005622727064
-0.8090531853059598,0.8090546951043595,-0.3090861415406897,-0.999996337375397,1.0000081221559496,-1.0000063382965665,1.0000089389303317,1.000000007238506,-0.30894412764490337,0.8089698264317583,0.30894338601295457,0.3090864813866779,-0.8089670318167272,-0.30908602710062777,-0.3090860271006244,-1.0000062965768919,1.0000015838333864,0.30908574836395947,0.3090857483639539,-0.30908564313250325,-1.0000042445988326,-1.00000424459881,1.0000077370065432,1.00000773700656,-1.0000075514786075
-0.3090107294868876,0.3090145494978597,-0.8090092821535867,0.3090116023040262,-0.308956334197099,0.3089581627885579,-0.30897326716515755,-0.30894412764490337,0.9999999998625723,-0.809012944124414,-0.9999923415580166,0.8090109373504556,0.8090148240265383,-0.8090085594860993,-0.8090085594861127,0.3089877455399064,-0.3090004665429094,0.8090076748178905,0.8090076748178899,-0.8090074544356429,0.30893744447823385,0.30893744447822835,-0.30893333983870336,-0.30893333983870636,0.30893195100811927
-0.3090234513216079,0.3090220572419815,0.309010649538234,-0.8090132967177819,0.808977958111323,-0.8089808875330164,0.8089920097202479,0.8089698264317583,-0.809012944124414,1.0000000028459752,0.8090146287293386,-0.30900716263940353,-0.9999966837534331,0.3090051648733429,0.30900516487335355,-0.8090023316237644,0.8090104875353162,-0.3090042765684619,-0.30900427656846474,0.3090040280642798,-0.808963736914275,-0.8089637369142632,0.808960230257587,0.8089602302575963,-0.8089590724568343
0.3090093020229335,-0.3090131209397801,0.8090105769761761,-0.30901092910162503,0.30895559378895265,-0.3089574217387604,0.30897253210841774,0.30894338601295457,-0.9999923415580166,0.8090146287293386,0.9999999951634853,-0.8090081400214759,-0.8090123437562923,0.8090057939760329,0.8090057939760442,-0.3089870229864389,0.3089997643522499,-0.8090049285041702,-0.8090049285041725,0.8090047145178711,-0.30893670402196904,-0.30893670402196205,0.30893260022304797,0.30893260022305147,-0.30893121173954147
-0.809013829755808,0.8090186402553862,-0.9999937634261434,-0.3090297062091023,0.30907552658873627,-0.30907562007971534,0.3090632721528595,0.3090864813866779,0.8090109373504556,-0.30900716263940353,-0.8090081400214759,0.999999998496175,0.3090065986114055,-0.9999921246143391,-0.9999921246143522,-0.3090511728967411,0.30903975821240626,0.999995909059826,0.9999959090598203,-0.9999958550105795,-0.30909086198094377,-0.30909086198094055,0.30909378655713277,0.30909378655713987,-0.30909480483201884
0.3090221523771672,-0.30902075864458056,-0.3090100541719686,0.8090147305344966,-0.8089751708492452,0.8089781011164864,-0.8089892340166889,-0.8089670318167272,0.8090148240265383,-0.9999966837534331,-0.8090123437562923,0.3090065986114055,0.9999999983847793,-0.30900461384595684,-0.3090046138459669,0.8089995678704709,-0.8090077368528849,0.3090037334788792,0.3090037334788815,-0.30900348763972557,0.8089609389969087,0.8089609389968944,-0.8089574303000231,-0.8089574303000342,0.8089562718168085
0.8090130500026078,-0.8090178636041264,0.9999961289717721,0.309030353422063,-0.30907523994678854,0.3090753649462588,-0.30906325382579236,-0.30908602710062777,-0.8090085594860993,0.3090051648733429,0.8090057939760329,-0.9999921246143391,-0.30900461384595684,0.9999999962662791,0.9999947798272052,0.30905139025000355,-0.30904020060562115,-0.9999902767371407,-0.9999944472532005,0.999994411313036,0.3090903187137151,0.30909031871371145,-0.3090931885817613,-0.30909318858176715,0.3090941882519037
0.8090130500026109,-0.8090178636041289,0.9999961289717852,0.3090303534220604,-0.30907523994678454,0.3090753649462547,-0.30906325382578886,-0.3090860271006244,-0.8090085594861127,0.30900516487335355,0.8090057939760442,-0.9999921246143522,-0.3090046138459669,0.9999947798272052,0.9999999962662791,0.30905139024999984,-0.30904020060561854,-0.9999944472532173,-0.9999902767371397,0.9999944113130437,0.30909031871371084,0.3090903187137073,-0.3090931885817567,-0.3090931885817632,0.3090941882519
0.8090351939761629,-0.8090367235786289,0.30904940389628743,1.000003592774457,-1.0000056652519045,1.0000082936244286,-1.000004637242076,-1.0000062965768919,0.3089877455399064,-0.8090023316237644,-0.3089870229864389,-0.3090511728967411,0.8089995678704709,0.30905139025000355,0.30905139024999984,1.0000000060537542,-1.0000020566607453,-0.30905153779282885,-0.3090515377928222,0.30905157962752144,1.0000039205214473,1.0000039205214326,-1.0000028340001594,-1.0000028340001745,1.0000025116969353
-0.8090279223097065,0.809029464425948,-0.3090375217505325,-0.9999992814683965,1.0000015181347144,-1.0000042467139503,1.0000056238415893,1.0000015838333864,-0.3090004665429094,0.8090104875353162,0.3089997643522499,0.30903975821240626,-0.8090077368528849,-0.30904020060562115,-0.30904020060561854,-1.0000020566607453,1.0000000035868428,0.30904049225499375,0.3090404922549877,-0.30904058408531637,-0.9999989278073267,-0.9999989278073094,0.9999976715518542,0.9999976715518734,-0.9999972923844055
-0.8090129592070331,0.8090177745948883,-0.9999956173658852,-0.30903077720161926,0.30907506728049383,-0.30907521214908457,0.3090632512536748,0.30908574836395947,0.8090076748178905,-0.3090042765684619,-0.8090049285041702,0.999995909059826,0.3090037334788792,-0.9999902767371407,-0.9999944472532173,-0.30905153779282885,0.30904049225499375,0.9999999958142111,0.9999941477262,-0.9999899524554025,-0.30908998383217245,-0.3090899838321696,0.30909281919743964,0.3090928191974463,-0.3090938071398265
-0.8090129592070252,0.8090177745948774,-0.999995617365877,-0.3090307772016136,0.30907506728048767,-0.3090752121490786,0.3090632512536687,0.3090857483639539,0.8090076748178899,-0.30900427656846474,-0.8090049285041725,0.9999959090598203,0.3090037334788815,-0.9999944472532005,-0.9999902767371397,-0.3090515377928222,0.3090404922549877,0.9999941477262,0.999999995814211,-0.9999899524553991,-0.30908998383216696,-0.3090899838321635,0.30909281919743326,0.30909281919744047,-0.30909380713982093
0.8090129731099065,-0.8090177890773408,0.9999955208185536,0.309030915084055,-0.30907499857192894,0.3090751502665057,-0.309063241182675,-0.30908564313250325,-0.8090074544356429,0.3090040280642798,0.8090047145178711,-0.9999958550105795,-0.30900348763972557,0.999994411313036,0.9999944113130437,0.30905157962752144,-0.30904058408531637,-0.9999899524554025,-0.9999899524553991,0.9999999957815479,0.3090898593028448,0.3090898593028411,-0.3090926828125324,-0.3090926828125389,0.3090936667263828
0.8090541778036265,-0.8090556864595364,0.30909071444088504,0.9999933856070274,-1.0000062670639285,1.000008626505315,-1.0000068219678848,-1.0000042445988326,0.30893744447823385,-0.808963736914275,-0.30893670402196904,-0.30909086198094377,0.8089609389969087,0.3090903187137151,0.30909031871371084,1.0000039205214473,-0.9999989278073267,-0.30908998383217245,-0.30908998383216696,0.3090898593028448,1.0000000048582176,1.000006789142959,-1.000001986396676,-1.000006156912766,1.0000059867451232
0.8090541778036158,-0.809055686459524,0.3090907144408811,0.9999933856070127,-1.0000062670639114,1.000008626505298,-1.000006821967871,-1.00000424459881,0.30893744447822835,-0.8089637369142632,-0.30893670402196205,-0.30909086198094055,0.8089609389968944,0.30909031871371145,0.3090903187137073,1.0000039205214326,-0.9999989278073094,-0.3090899838321696,-0.3090899838321635,0.3090898593028411,1.000006789142959,1.0000000048582176,-1.0000061569127316,-1.0000019863966763,1.000005986745107
-0.8090551662921824,0.8090566743418753,-0.30909375738156,-0.9999919499585198,1.0000054961281095,-1.000007839099922,1.0000058924439545,1.0000077370065432,-0.30893333983870336,0.808960230257587,0.30893260022304797,0.30909378655713277,-0.8089574303000231,-0.3090931885817613,-0.3090931885817567,-1.0000028340001594,0.9999976715518542,0.30909281919743964,0.30909281919743326,-0.3090926828125324,-1.000001986396676,-1.0000061569127316,1.000000003973759,1.000005552445949,-1.0000012210568394
-0.8090551662921972,0.8090566743418915,-0.30909375738156636,-0.9999919499585356,1.0000054961281242,-1.0000078390999383,1.000005892443971,1.00000773700656,-0.30893333983870636,0.8089602302575963,0.30893260022305147,0.30909378655713987,-0.8089574303000342,-0.30909318858176715,-0.3090931885817632,-1.0000028340001745,0.9999976715518734,0.3090928191974463,0.30909281919744047,-0.3090926828125389,-1.000006156912766,-1.0000019863966763,1.000005552445949,1.0000000039737593,-1.0000012210568845
0.8090555477501381,-0.8090570556200911,0.3090948159611201,0.9999915106779395,-1.0000052795185244,1.0000076169756817,-1.000005622727064,-1.0000075514786075,0.30893195100811927,-0.8089590724568343,-0.30893121173954147,-0.30909480483201884,0.8089562718168085,0.3090941882519037,0.3090941882519,1.0000025116969353,-0.9999972923844055,-0.3090938071398265,-0.30909380713982093,0.3090936667263828,1.0000059867451232,1.000005986745107,-1.0000012210568394,-1.0000012210568845,1.0000000037459011
