0.9999999875395734,-0.9999751864292419,-0.9999691050681397,-0.9999845499588995,-0.999984549958898,0.8087632954168656,-0.9999357256700239,-0.3085768955013278,0.7960753713634774,-0.9998469764433714,-0.2834569888280123,-0.8089543934334664,0.8089840021320791,0.3091482958595289,-0.3091832208380242,0.9999613147599916,-0.8202255071875416,0.8203761896836499,0.33093481945089986,-0.3309518728321814,0.9999289112673168,0.3081900383066971,-0.3082189351655572,0.27336716279834994,-0.2734858708405189,0.30833532681721887,-0.30823992647609855,0.2768035779556142,-0.27356663420706684,0.3081634776845043,-0.3081371031125128,0.27040521871291306,-0.2674516099515742,0.2616404231076462,-0.255982898050972,0.30810757019720353,-0.8089172803069032,0.8088838513962051,0.3081736720120366,0.2704453976783437,0.22246214066376177,-0.22646244268077376,-0.2187712327892705,0.23075594529591434,0.21540473174079713,-0.2353253576843694,-0.2123763907276085,0.24015237959675337,0.20969863051074647,-0.2452177927888496,-0.20738247271073768,0.2505015553234231,0.2054374799994157,-0.20387170372836927,0.20269163948706656,-0.20190219062435635,0.20150709191150634
-0.9999751864292419,0.9999999938519222,0.9999509556761473,0.9999878948514453,0.9999878948514432,-0.8088302807749177,0.9999709992331631,0.308648456017021,-0.7937643955492149,0.999780233378537,0.2797978491451532,0.8089550498172727,-0.8089829302967471,-0.30910511420889464,0.3091392768528936,-0.9999813231379396,0.8224053550627082,-0.8225551528170173,-0.33453373532610725,0.33455072731394275,-0.9998849700943319,-0.3082686080959533,0.3082969584776334,-0.26969688362443467,0.2698157374248096,-0.30841125016026566,0.30831758389152575,-0.2731370576499607,0.269896579220654,-0.3082425124163386,0.3082165997753741,-0.26673176312003766,0.2637750241969276,-0.2579577613138193,0.25229446711652126,-0.30818762293630736,0.8089196995361986,-0.8088880219106412,-0.308252523112546,-0.2667719849737366,-0.21874227836600546,0.22274608617386135,0.21504819425967603,-0.22704342501146393,-0.21167884491381914,0.23161700396489546,0.20864798136863144,-0.23644852152591475,-0.2059680218725501,0.24151875681941978,0.2036499853805209,-0.2468076637126272,-0.201703431922123,0.2001364103885016,-0.19895541422792787,0.19816534508807718,-0.19776992821845893
-0.9999691050681397,0.9999509556761473,0.9999999939246904,0.9999777158130502,0.9999777158130483,-0.808669163062341,0.9998750794404876,0.3084873368096598,-0.7992023563863522,0.9999248168447357,0.2884206484061504,0.8089360546832064,-0.8089680096284133,-0.3091914468609647,0.30922740645813596,-0.9999153610812741,0.8172558954483857,-0.8174077771424156,-0.3260450703511268,0.3260622069705064,-0.999971355938502,-0.30809097073716385,0.30812060892416004,-0.27834607239077763,0.2784645809762321,-0.30823984943242955,0.3081420966336375,-0.28177734119308273,0.27854523679425386,-0.30806377934944784,0.30803677809679864,-0.2753884776302328,0.2724391553002654,-0.2666362898914763,0.2609866676469218,-0.30800649083209136,0.8088965484477618,-0.8088607420481989,-0.3080742227946412,-0.2754285978370459,-0.22750899893204082,0.23150449174928955,0.22382244898425946,-0.23579273290313696,-0.22045985661301692,0.24035643189915715,0.21743497780561746,-0.24517729041857989,-0.21476023658363885,0.25023609402153074,0.21244665805276305,-0.2555128067092158,-0.21050380835597896,0.20893974208751923,-0.207760957664947,0.2069723606871378,-0.20657769880562302
-0.9999845499588995,0.9999878948514453,0.9999777158130502,0.9999999969646731,0.9999957279154259,-0.808774471611599,0.9999468054049333,0.3085837139253102,-0.7958048230999807,0.9998458716814892,0.2830218995800059,0.8089624054395188,-0.8089918077384844,-0.30914910871618906,0.3091839428181979,-0.9999711020335549,0.8204914946098417,-0.8206420724415496,-0.33136693546991275,0.3313839815975261,-0.9999305303556111,-0.3081976908168133,0.30822652265310163,-0.2729306739998775,0.27304940029118546,-0.30834266441178665,0.30824747041876277,-0.27636756164821374,0.27313017359640934,-0.3081711855252869,0.3081448659258617,-0.26996833034773554,0.2670143275994241,-0.26120237546341757,0.2555441228406937,-0.3081153991747915,0.8089255027809806,-0.8088922829915988,-0.3081813580010175,-0.2700085147198798,-0.22201938360126913,0.22602013148783995,0.21832807132608295,-0.23031412143795743,-0.21496120725155238,0.23488406250118238,0.21193254441929715,-0.23971165415606116,-0.20925450337281726,0.24477767771630685,0.2069381054875208,-0.2500620906102262,-0.20499291318320748,0.20342697757110126,-0.20224679402809445,0.20145726573243358,-0.20106212634306572
-0.999984549958898,0.9999878948514432,0.9999777158130483,0.9999957279154259,0.9999999969646731,-0.8087744716115959,0.9999468054049329,0.308583713925309,-0.79580482309998,0.9998458716814868,0.2830218995800068,0.8089624054395174,-0.8089918077384841,-0.3091491087161898,0.3091839428181984,-0.9999711020335528,0.8204914946098385,-0.8206420724415471,-0.33136693546991025,0.33138398159752414,-0.999930530355609,-0.3081976908168122,0.3082265226531005,-0.27293067399987836,0.27304940029118635,-0.3083426644117859,0.30824747041876166,-0.2763675616482146,0.27313017359641023,-0.308171185525285,0.3081448659258605,-0.2699683303477366,0.26701432759942484,-0.2612023754634185,0.25554412284069433,-0.30811539917479003,0.8089255027809799,-0.8088922829915977,-0.30818135800101637,-0.27000851471988097,-0.2220193836012704,0.22602013148784095,0.21832807132608426,-0.2303141214379585,-0.21496120725155313,0.23488406250118346,0.21193254441929818,-0.2397116541560625,-0.20925450337281853,0.2447776777163078,0.2069381054875219,-0.2500620906102274,-0.20499291318320864,0.2034269775711026,-0.20224679402809564,0.2014572657324345,-0.20106212634306678
0.8087632954168656,-0.8088302807749177,-0.808669163062341,-0.808774471611599,-0.8087744716115959,0.9999999951736142,-0.8089094832624933,-0.8089463186992971,0.6354563224142392,-0.8083778786648932,-0.21599764067608282,-0.30871300256430256,0.30875830316706354,-0.3091716876899544,0.3091366776251826,0.8088784210110733,-0.6712238581330374,0.6713466639367772,0.2806479560725349,-0.28066706935582925,0.8085408993239597,0.8087246273351237,-0.8087389772383303,0.20776666854005252,-0.20785957159145538,0.8088078845739554,-0.8087528151925983,0.21056773524322991,-0.20792275159541984,0.8087074713002602,-0.8086904093657453,0.20533692221506394,-0.2029144222411919,0.19814600920537384,-0.19350069632551112,0.8086756445862119,-0.3086640458983183,0.30861675991105847,0.808713521724794,0.20536836123058808,0.16592476512928808,-0.16921981941045136,-0.1628836656324605,0.1727552198851171,0.1601091361173475,-0.17651643467262493,-0.15761273250702368,0.18048808236169386,0.1554048903426903,-0.18465400884918418,-0.15349486897486372,0.18899736668121744,0.15189070154566586,-0.15059915121340306,0.14962567402179364,-0.14897438847164113,0.14864838546420003
-0.9999357256700239,0.9999709992331631,0.9998750794404876,0.9999468054049333,0.9999468054049329,-0.8089094832624933,0.9999999920249997,0.30876351114682293,-0.7899929340881234,0.9996329040238574,0.27386462692637625,0.8089172801913846,-0.8089379216236432,-0.309011703808596,0.30904463148475064,-0.9999815805710949,0.8259010475522766,-0.8260494075700227,-0.3403453333323526,0.34036222540119093,-0.9997745411752843,-0.3083950237333591,0.30842248839820813,-0.2637460289392721,0.263865113898823,-0.3085333764841297,0.30844252077015843,-0.26719215150909637,0.2639460794028197,-0.3083696816308241,0.3083445176847023,-0.260775883597133,0.2578141943796677,-0.2519873253489947,0.2463149156115241,-0.3083164421242444,0.8088847839043681,-0.8088559413925867,-0.30837939469985876,-0.2608161732583849,-0.21271316799312764,0.21672249337668067,0.20901408756830062,-0.22102587308563024,-0.2056402599514323,0.2256060167305171,0.2026054321404675,-0.2304446214734911,-0.1999220178371481,0.23552246292487608,0.1976010312562503,-0.24081948893695526,-0.19565202778135585,0.1940830520102963,-0.19290059367485554,0.19210955147992878,-0.19171363511997963
-0.3085768955013278,0.308648456017021,0.3084873368096598,0.3085837139253102,0.308583713925309,-0.8089463186992971,0.30876351114682293,0.9999999916774253,-0.2383677006160087,0.30826291615171764,0.07598919997372003,-0.3094104038039312,0.3093620138137924,0.809165185850781,-0.8091369489307976,-0.3087099704550769,0.2598529941730472,-0.2599034170852065,-0.1133388435253818,0.11335288111594116,-0.30838261713711856,-0.9999901611800125,0.9999859720484948,-0.07279194632745112,0.07282315577600583,-0.9999823530464,0.9999883672716509,-0.07387731987451593,0.07284440224785255,-0.9999876967357219,0.9999852067050833,-0.07183130109397037,0.07087391880242187,-0.06898653678583343,0.06714382911145962,-0.9999893344735891,-0.3094572994799917,0.30950514455930217,-0.9999877923526869,-0.07184187274804674,-0.05613335744651786,0.05745478223692764,0.05491253044704499,-0.05887097783317779,-0.053797703862212026,0.06037572330458139,0.05279382741008076,-0.06196243582511795,-0.05190537145997773,0.06362420411670412,0.051136302909284045,-0.06535382304281483,-0.050490063584697965,0.04996955135518164,-0.04957710412335599,0.04931448674315941,-0.049182991341172225
0.7960753713634774,-0.7937643955492149,-0.7992023563863522,-0.7958048230999807,-0.79580482309998,0.6354563224142392,-0.7899929340881234,-0.2383677006160087,1.000000007364904,-0.8061014703005692,-0.8060241324614056,-0.6409335661458395,0.6412315028358859,0.2486173182761734,-0.24876611720855674,0.7917302864770147,-0.3067846196770033,0.30704489855363726,-0.3076403410656554,0.3076169913521872,0.8025538306869653,0.2369483855688182,-0.23705801929977552,0.7997676926358837,-0.7998389905067255,0.23748363959468344,-0.23713275439879516,0.801905580890854,-0.7998907884962433,0.23685351250868675,-0.2367592648992567,0.7979148011394236,-0.7960612056714593,0.792401171814083,-0.7888146925741125,0.23664760275281463,-0.6406241825869842,0.6403195547842084,0.23689074398377707,0.7979399560447473,0.7671279988057349,-0.7697549791629398,-0.7646949212192633,0.7725628357572544,0.7624679524201935,-0.775537821342068,-0.7604583824312838,0.7786655708893357,0.7586764953140737,-0.781931206452204,-0.7571314858560146,0.7853194427835503,0.7558313839978952,-0.7547829880073696,0.7539918073034659,-0.753462014261632,0.7531980917697184
-0.9998469764433714,0.999780233378537,0.9999248168447357,0.9998458716814892,0.9998458716814868,-0.8083778786648932,0.9996329040238574,0.30826291615171764,-0.8061014703005692,0.9999999944234113,0.2994836301629761,0.8088034575462403,-0.8088406533532714,-0.30924627497306023,0.3092845432472055,-0.9997060188430799,0.8105316785198556,-0.8106817828432202,-0.31508174707790987,0.31509906799191834,-0.999969502470728,-0.30784534103009187,0.3078766328100997,-0.2894442117531594,0.28956226185983625,-0.3080022275019395,0.3078992276477377,-0.2928636126885747,0.2896426686686906,-0.3078167428269989,0.3077883438676357,-0.2864966527636704,0.2835572247612253,-0.2777735758272872,0.27214221806029404,-0.30775637397771954,0.8087586065527974,-0.8087174898916948,-0.30782774191084267,-0.28653663734805185,-0.23876441700928056,0.24274873592729612,0.2350879994606824,-0.24702476119174052,-0.2317345009173992,0.2515752048821007,0.2287176821154199,-0.2563817749370478,-0.22604997304479657,0.2614252674592252,0.22374240543021237,-0.2666856618493314,-0.22180455215724854,0.22024447421245474,-0.2190686756443887,0.21828206656001697,-0.2178884230001078
-0.2834569888280123,0.2797978491451532,0.2884206484061504,0.2830218995800059,0.2830218995800068,-0.21599764067608282,0.27386462692637625,0.07598919997372003,-0.8060241324614056,0.2994836301629761,0.999999993789515,0.22440788447146207,-0.22485103336417914,-0.09153905877616837,0.09174068627025549,-0.27659256349102485,-0.3160582767272511,0.31579321254477344,0.811133716845873,-0.8111089536124464,-0.2937749615313471,-0.07411854321660365,0.07426400406434397,-0.9999382819442109,0.999935161724603,-0.07482459798655546,0.07436189767576037,-0.9999606674525434,0.9999382525629382,-0.07399418639142458,0.07387063867694084,-0.9998990187191097,0.9998504880821889,-0.9997342324075916,0.999584247854438,-0.07372258572483271,0.22395393676952802,-0.2235039216011795,-0.0740432122020977,-0.9998995833311887,-0.9980033560809564,0.998253708669665,0.9977576694180204,-0.9985039229107578,-0.997521307662805,0.9987491256448676,0.9972987100990176,-0.9989844520066653,-0.997094025120513,0.9992051221695877,0.9969110434406395,-0.9994065164794733,-0.9967531368340502,0.9966232034643427,-0.9965236207492292,0.9964562046678869,-0.9964244060932848
-0.8089543934334664,0.8089550498172727,0.8089360546832064,0.8089624054395188,0.8089624054395174,-0.30871300256430256,0.8089172801913846,-0.3094104038039312,-0.6409335661458395,0.8088034575462403,0.22440788447146207,0.9999999969161361,-0.9999852394838885,-0.8091033550551381,0.8091210615397407,-0.8089404644131659,0.6665226000327567,-0.6666391713567617,-0.2725862071418114,0.2725943772698778,-0.808886150486482,0.30977532892655746,-0.3097456425180119,-0.21626065531668529,0.21636051690230673,0.30963667741195616,-0.3097273374110405,-0.21903753860747036,0.216428381967051,0.3097988342366261,-0.3098221476069487,-0.21388292313169413,0.21151165870871136,-0.20684881219303206,0.20231297661091185,0.3098524004889933,0.9999933257539992,-0.9999952240743328,0.3097893039759487,-0.2139166969334457,-0.17550438419437203,0.17869825632840808,0.17255871826508576,-0.18212775033497997,-0.16987292218591263,0.1857794252633524,0.1674576786482,-0.18963905088218394,-0.16532263343998801,0.19369167774814647,0.1634763443084846,-0.19792170946638185,-0.1619262350975417,0.16067855558507435,-0.15973834739966034,0.1591094160348682,-0.1587946652946882
0.8089840021320791,-0.8089829302967471,-0.8089680096284133,-0.8089918077384844,-0.8089918077384841,0.30875830316706354,-0.8089379216236432,0.3093620138137924,0.6412315028358859,-0.8088406533532714,-0.22485103336417914,-0.9999852394838885,0.9999999885686194,0.8090696805826882,-0.8090830380654968,0.8089668328685106,-0.6662875518536816,0.6664042330855753,0.27216819574917356,-0.27217637414692153,0.8089206401291124,-0.3097277779892894,0.3096980263943761,0.21670483009683653,-0.21680467752430346,-0.3095888098296205,0.30967967734511226,0.21948136797101928,-0.21687253542510615,-0.3097513391044477,0.3097747079204128,0.21432738675480567,-0.21195640595045076,0.20729410743300702,-0.2027587876792257,-0.30980502714265024,-0.9999826928861777,0.9999888212642319,-0.3097417868535523,0.21436115653205132,0.1759529192952909,-0.17914649591941495,-0.17300751898413827,0.18257566390252114,0.1703219593048419,-0.18622698175150165,-0.16790692364680423,0.1900862187996343,0.16577205849439228,-0.194138425302227,-0.16392592226459662,0.19836800472305424,0.1623759394216064,-0.16112836029369437,0.16018822697203694,-0.1595593453095027,0.15924462035993994
0.3091482958595289,-0.30910511420889464,-0.3091914468609647,-0.30914910871618906,-0.3091491087161898,-0.3091716876899544,-0.309011703808596,0.809165185850781,0.2486173182761734,-0.30924627497306023,-0.09153905877616837,-0.8091033550551381,0.8090696805826882,0.9999999968523383,-0.9999873302797563,0.30905864343548056,-0.2513472873932205,0.2513881162165905,0.09854377899292577,-0.09854014943244903,0.3092243934522371,-0.8093915223336678,0.8093706143771923,0.08848034076738574,-0.08852276364053141,-0.8093038857835757,0.8093608000278418,0.08952556706341723,-0.08855157021017775,-0.8094045027382297,0.809417348864223,0.087604691172163,-0.08673102350621992,0.08501600910972631,-0.08335187880132927,-0.8094385684985579,-0.8091309713173171,0.8091617888229073,-0.8093986811858286,0.08761902841647075,0.07359007249318135,-0.07474706392900303,-0.07252429147352135,0.07599109109197374,0.07155358889310563,-0.07731769340855524,-0.07068150651968262,0.07872214621233202,0.06991124164546726,-0.08019948336232224,-0.06924563040596145,0.08174452050512226,0.06868713279743303,-0.06823781953976174,0.06789936091578341,-0.06767301756923524,0.06755978479679838
-0.3091832208380242,0.3091392768528936,0.30922740645813596,0.3091839428181979,0.3091839428181984,0.3091366776251826,0.30904463148475064,-0.8091369489307976,-0.24876611720855674,0.3092845432472055,0.09174068627025549,0.8091210615397407,-0.8090830380654968,-0.9999873302797563,0.9999999914846812,-0.30909213874646985,0.25126156813309225,-0.2513024486892104,-0.09836667298871136,0.098363047405534,-0.3092614699897879,0.8093681058024146,-0.809347168412747,-0.08868220026597011,0.08872461951916286,0.8092803262452062,-0.8093373342118618,-0.08972734931798294,0.08875342471424694,0.80938111141815,-0.8093939825923848,-0.08780661345304813,0.08693300644515883,-0.08521810699377556,0.08355408082140195,0.8094152321831541,0.8091485833616189,-0.809179307122783,0.8093752799333844,-0.08782094981048591,-0.07379274547806378,0.07494969371158126,0.0727270012248228,-0.07619367061199173,-0.0717563295965828,0.07752021499265536,0.07088427296630816,-0.0789246015993859,-0.07011402920184784,0.08040186374265244,0.06944843497237299,-0.08194681657321244,-0.06888995075446823,0.06844064768478895,-0.06810219639060795,0.06787585778012045,-0.06776262778206243
0.9999613147599916,-0.9999813231379396,-0.9999153610812741,-0.9999711020335549,-0.9999711020335528,0.8088784210110733,-0.9999815805710949,-0.3087099704550769,0.7917302864770147,-0.9997060188430799,-0.27659256349102485,-0.8089404644131659,0.8089668328685106,0.30905864343548056,-0.30909213874646985,0.9999999938320249,-0.8242991684341832,0.824448189911364,0.33767661229179996,-0.3376935503439948,0.9998307000946179,0.3083362603718467,-0.3083641322223905,0.2664820133622879,-0.2666009927589382,0.30847658501440756,-0.3083844372269757,0.26992542106571654,-0.26668190186477764,0.30831057183483,-0.30828506369888364,0.26351416106039394,-0.2605547306731355,0.25473224453028737,-0.24906399308119412,0.30825657379815197,-0.8089066565796789,0.8088765112224494,0.3083204217294726,0.2635544197857622,0.21548483841902488,-0.21949164986349956,-0.21178803407297978,0.22379227675083657,0.2084162462288007,-0.2283694283592343,-0.20538322381454108,0.23320480236512425,0.20270138268680857,-0.23827917589227007,-0.20038173929675684,0.24357249945097584,0.19843385121336363,-0.19686576504981318,0.1956839722799641,-0.19489337298685058,0.1944976840324912
-0.8202255071875416,0.8224053550627082,0.8172558954483857,0.8204914946098417,0.8204914946098385,-0.6712238581330374,0.8259010475522766,0.2598529941730472,-0.3067846196770033,0.8105316785198556,-0.3160582767272511,0.6665226000327567,-0.6662875518536816,-0.2513472873932205,0.25126156813309225,-0.8242991684341832,0.9999999965110732,-0.9999816117784142,-0.8112379940316351,0.8112427424926566,-0.8140179232082172,-0.26058609187145737,0.2605279149544613,0.32600877057430877,-0.32588946808697683,-0.26030867617165543,0.260490289515337,0.32262504863035923,-0.3258114102314579,-0.2606339924608595,0.2606815944926067,0.32891566641226755,-0.3318087880247704,0.3374885761954771,-0.34299622368449406,-0.26074068830728603,0.6667566649143721,-0.666992029175043,-0.2606148346185172,0.3288762529922867,0.37521603279955584,-0.3714077832883784,-0.37872097513946634,0.367309381441553,0.38191053705367756,-0.3629350265637814,-0.3847737602591665,0.3582999215490662,0.387300831173297,-0.353420228205587,-0.3894831070533577,0.3483130187781798,0.3913131386256147,-0.39278468928560156,0.39389275094954385,-0.39463355587021065,0.39500546759598876
0.8203761896836499,-0.8225551528170173,-0.8174077771424156,-0.8206420724415496,-0.8206420724415471,0.6713466639367772,-0.8260494075700227,-0.2599034170852065,0.30704489855363726,-0.8106817828432202,0.31579321254477344,-0.6666391713567617,0.6664042330855753,0.2513881162165905,-0.2513024486892104,0.824448189911364,-0.9999816117784142,0.9999999837248404,0.8110690633502338,-0.8110693767568121,0.8141710956245148,0.2606360314511738,-0.2605778919931944,-0.32574454843493517,0.3256252369937674,0.2603587981012105,-0.2605402919254886,-0.3223605376078387,0.3255471717853342,0.26068389982327805,-0.26073146984809353,-0.32865169735954447,0.33154507361058677,-0.3372253678312803,0.34273351692947374,0.2607905255255613,-0.6668731231304869,0.6671083755215456,0.2606647546535347,-0.3286122805169035,-0.37495646618923173,0.37114782696247384,0.37846177166975536,-0.3670490113231338,-0.3816516677841401,0.36267422118113235,0.3845151940409391,-0.3580386621169546,-0.3870425348293783,0.35315849868041654,0.3892250455805566,-0.3480508058871884,-0.3910552754162474,0.39252698636673433,-0.39363516923730335,0.3943760554369432,-0.39474800737162424
0.33093481945089986,-0.33453373532610725,-0.3260450703511268,-0.33136693546991275,-0.33136693546991025,0.2806479560725349,-0.3403453333323526,-0.1133388435253818,-0.3076403410656554,-0.31508174707790987,0.811133716845873,-0.2725862071418114,0.27216819574917356,0.09854377899292577,-0.09836667298871136,0.33767661229179996,-0.8112379940316351,0.8110690633502338,0.9999999965142957,-0.9999810552336403,0.3207491282382279,0.11494365536943746,-0.11481814412666437,-0.817235078132612,0.8171596106452123,0.11433749792439385,-0.11473461763548823,-0.8151657062556461,0.8171133964705886,0.11504982536979455,-0.11515531266649418,-0.8190028441666167,0.8207564075038949,-0.8241860800010405,0.8274888485438939,0.1152829866561353,-0.2730102676623497,0.27343270558875776,0.11500780069881326,-0.8189788955825458,-0.8463765277247106,0.8441832153980239,0.8483857411257923,-0.841810952576433,-0.8502062843698661,0.8392654891011491,0.8518341381510263,-0.8365531985898844,-0.8532658095396308,0.833681098194921,0.8544983069326804,-0.8306568650242656,-0.855529116249825,0.8563561790745948,-0.8569778733766271,0.8573929957164911,-0.8576026640884968
-0.3309518728321814,0.33455072731394275,0.3260622069705064,0.3313839815975261,0.33138398159752414,-0.28066706935582925,0.34036222540119093,0.11335288111594116,0.3076169913521872,0.31509906799191834,-0.8111089536124464,0.2725943772698778,-0.27217637414692153,-0.09854014943244903,0.098363047405534,-0.3376935503439948,0.8112427424926566,-0.8110693767568121,-0.9999810552336403,0.9999999828768552,-0.32076635424469174,-0.11495765768965985,0.1148321491385119,0.8172148816105888,-0.8171394127763221,-0.11435151352391278,0.11474862452464979,0.8151454669529989,-0.8170931975967763,-0.11506382531191449,0.11516931024569321,0.8189826850413991,-0.8207362858237905,0.8241660323832349,-0.8274688737062329,-0.11529698149328385,0.27301842928341713,-0.27344085879396923,-0.11502180156723739,0.818958735973879,0.8463569967686756,-0.8441636303494976,-0.8483662603438322,0.8417913098050162,0.8501868495730645,-0.8392457852796167,-0.8518147448997523,0.8365334307068981,0.8532464531654723,-0.8336612635652804,-0.8544789825623431,0.83063696129667,0.8555098188308565,-0.8563369034026918,0.8569586141243075,-0.8573737474629299,0.8575834213072121
0.9999289112673168,-0.9998849700943319,-0.999971355938502,-0.9999305303556111,-0.999930530355609,0.8085408993239597,-0.9997745411752843,-0.30838261713711856,0.8025538306869653,-0.999969502470728,-0.2937749615313471,-0.808886150486482,0.8089206401291124,0.3092243934522371,-0.3092614699897879,0.9998307000946179,-0.8140179232082172,0.8141710956245148,0.3207491282382279,-0.32076635424469174,0.9999999939389084,0.30797598866104264,-0.3080064269549428,0.28371721922069854,-0.2838355080795445,0.30812874206265023,-0.3080284503794783,0.2871428061159709,-0.2839160448305466,0.3079481165472701,-0.3079204389763406,0.2807644283344912,-0.2778198416197319,0.2720261723531131,-0.2663852884542699,0.30788933755522596,-0.8088440591838612,0.8088056844622498,0.30795882884963927,0.2808044836282888,0.23295535716560883,-0.23694551290293742,-0.22927364579038734,0.24122791796539658,0.2259153951482342,-0.24578528281798803,-0.22289436374957455,0.25059931186592077,0.22022297870696886,-0.25565079545023944,-0.21791226850857068,0.26091970468811115,0.21597180271554098,-0.21440963914597494,0.21323227904749412,-0.21244463027977856,0.2120504542838982
0.3081900383066971,-0.3082686080959533,-0.30809097073716385,-0.3081976908168133,-0.3081976908168122,0.8087246273351237,-0.3083950237333591,-0.9999901611800125,0.2369483855688182,-0.30784534103009187,-0.07411854321660365,0.30977532892655746,-0.3097277779892894,-0.8093915223336678,0.8093681058024146,0.3083362603718467,-0.26058609187145737,0.2606360314511738,0.11494365536943746,-0.11495765768965985,0.30797598866104264,0.9999999968515106,-0.9999866627938034,0.07091981237316539,-0.07095104566130156,0.9999908682179701,-0.9999933149497185,0.07200567182933391,-0.07097229837750624,0.9999933386537729,-0.9999910815492885,0.06995877644758182,-0.06900102256939614,0.0671129487976891,-0.06526963750807739,0.9999954894766334,0.3098213656353682,-0.3098683589282256,0.999993341710746,0.0699693530702868,0.05425690387693311,-0.05557848137663011,-0.05303596392573902,0.056994876022866646,0.05192105765137938,-0.05849987342315687,-0.05091712849398665,0.06008689711127262,0.05002864088684242,-0.06174904185845893,-0.04925955625021033,0.06347910813855645,0.04861331150016754,-0.04809280025772214,0.04770035692323639,-0.0474377436660758,0.047306246605808414
-0.3082189351655572,0.3082969584776334,0.30812060892416004,0.30822652265310163,0.3082265226531005,-0.8087389772383303,0.30842248839820813,0.9999859720484948,-0.23705801929977552,0.3078766328100997,0.07426400406434397,-0.3097456425180119,0.3096980263943761,0.8093706143771923,-0.809347168412747,-0.3083641322223905,0.2605279149544613,-0.2605778919931944,-0.11481814412666437,0.1148321491385119,-0.3080064269549428,-0.9999866627938034,0.9999999905228087,-0.07106540126471261,0.07109663256889821,-0.9999820663105717,0.9999888863705708,-0.07215121846593547,0.07111788471254941,-0.9999844145445127,0.9999865807348847,-0.07010439966972812,0.0691466786201755,-0.06725866638825445,0.06541540958949839,-0.999990966814583,-0.30979174597102405,0.30983880544469555,-0.999988866248908,-0.07011497586248307,-0.05440289676334014,0.05572445701738899,0.05318197055275563,-0.05714083042352988,-0.0520670749982543,0.0586458021049628,0.051063154009143664,-0.06023279512651203,-0.050174672463179144,0.061894903815995446,0.0494055921913734,-0.06362492823922179,-0.048759350478533345,0.04823884126495999,-0.047846399214466435,0.04758378669847028,-0.04745229029940051
0.27336716279834994,-0.26969688362443467,-0.27834607239077763,-0.2729306739998775,-0.27293067399987836,0.20776666854005252,-0.2637460289392721,-0.07279194632745112,0.7997676926358837,-0.2894442117531594,-0.9999382819442109,-0.21626065531668529,0.21670483009683653,0.08848034076738574,-0.08868220026597011,0.2664820133622879,0.32600877057430877,-0.32574454843493517,-0.817235078132612,0.8172148816105888,0.28371721922069854,0.07091981237316539,-0.07106540126471261,0.9999999969321132,-0.9999868107523171,0.07162643277223275,-0.07116336387843991,0.9999849435111073,-0.9999934678903494,0.07079536671080414,-0.07067173059459098,0.9999887497509374,-0.999972430369277,0.9999194867309592,-0.9998310280604276,0.07052354864907819,-0.21580573077875784,0.21535471052689262,0.07084443061907522,0.9999888760223097,0.9986125687521863,-0.9988198572208138,-0.9984065707493258,0.9990237946660095,0.9982063719062094,-0.9992196825260917,-0.998016274349154,0.999402841619719,0.9978403030275851,-0.9995686881229303,-0.9976821394503816,0.9997128078986851,0.9975450608960998,-0.9974318861476531,0.9973449287006206,-0.9972859563461401,0.9972583895662082
-0.2734858708405189,0.2698157374248096,0.2784645809762321,0.27304940029118546,0.27304940029118635,-0.20785957159145538,0.263865113898823,0.07282315577600583,-0.7998389905067255,0.28956226185983625,0.999935161724603,0.21636051690230673,-0.21680467752430346,-0.08852276364053141,0.08872461951916286,-0.2666009927589382,-0.32588946808697683,0.3256252369937674,0.8171596106452123,-0.8171394127763221,-0.2838355080795445,-0.07095104566130156,0.07109663256889821,-0.9999868107523171,0.9999999906482865,-0.07165765698388082,0.07119459401747354,-0.9999765179003582,0.999989063994361,-0.07082660148919706,0.07070296685556315,-0.9999794950415557,0.9999672351727215,-0.9999135409636338,0.999824353077703,-0.07055478691424305,0.21590560595432848,-0.21545459962761698,-0.07087566477909354,-0.9999840679633295,-0.9986016015127669,0.9988093996908897,0.9983951338219647,-0.999013884958769,-0.9981945070734446,0.9992103567067584,0.9980040249999131,-0.9993941335742513,-0.9978277139959805,0.9995606294355133,0.9976692568485179,-0.9997054277384324,-0.9975319319415846,0.997418558986511,-0.9973314522263188,0.9972723800155174,-0.9972447631827059
0.30833532681721887,-0.30841125016026566,-0.30823984943242955,-0.30834266441178665,-0.3083426644117859,0.8088078845739554,-0.3085333764841297,-0.9999823530464,0.23748363959468344,-0.3080022275019395,-0.07482459798655546,0.30963667741195616,-0.3095888098296205,-0.8093038857835757,0.8092803262452062,0.30847658501440756,-0.26030867617165543,0.2603587981012105,0.11433749792439385,-0.11435151352391278,0.30812874206265023,0.9999908682179701,-0.9999820663105717,0.07162643277223275,-0.07165765698388082,0.9999999905299549,-0.9999843466825296,0.07271210608756273,-0.07167890729074794,0.9999885497181054,-0.9999862046805952,0.0706655467351616,-0.06970793552426478,0.06782012760757306,-0.06597704878691721,0.9999905068249461,0.30968303828870325,-0.3097303530357143,0.9999885877202053,0.0706761214562218,0.05496519652790189,-0.05628671308471862,-0.05374430225953961,0.05770302905725174,0.05262942884666806,-0.059207927600190356,-0.051625522087166434,0.06079482986274388,0.050737048644190055,-0.0624568283496279,-0.049967971995875604,0.06418672143461467,0.04932173090361591,-0.04880122058491648,0.04840877675651228,-0.0481461625968717,0.048014666490199434
-0.30823992647609855,0.30831758389152575,0.3081420966336375,0.30824747041876277,0.30824747041876166,-0.8087528151925983,0.30844252077015843,0.9999883672716509,-0.23713275439879516,0.3078992276477377,0.07436189767576037,-0.3097273374110405,0.30967967734511226,0.8093608000278418,-0.8093373342118618,-0.3083844372269757,0.260490289515337,-0.2605402919254886,-0.11473461763548823,0.11474862452464979,-0.3080284503794783,-0.9999933149497185,0.9999888863705708,-0.07116336387843991,0.07119459401747354,-0.9999843466825296,0.9999999936915209,-0.07224915846806482,0.07121584588940717,-0.999991054448891,0.9999887670322731,-0.07020238024154729,0.0692446761605388,-0.06735669525024596,0.06551346528390961,-0.9999931384897598,-0.3097734858428459,0.3098205899225668,-0.9999866281174484,-0.07021295620187637,-0.0545010425597239,0.05582259820228298,0.05328011914039973,-0.05723896481807988,-0.05216522490989218,0.05874392717303552,0.05116130411796459,-0.06033090798309286,-0.050272821963754426,0.06199300124256893,0.04950374057440854,-0.06372300670595012,-0.04885749749994724,0.04833698690989382,-0.04794454365691476,0.047681930257119996,-0.047550433609953854
0.2768035779556142,-0.2731370576499607,-0.28177734119308273,-0.27636756164821374,-0.2763675616482146,0.21056773524322991,-0.26719215150909637,-0.07387731987451593,0.801905580890854,-0.2928636126885747,-0.9999606674525434,-0.21903753860747036,0.21948136797101928,0.08952556706341723,-0.08972734931798294,0.26992542106571654,0.32262504863035923,-0.3223605376078387,-0.8151657062556461,0.8151454669529989,0.2871428061159709,0.07200567182933391,-0.07215121846593547,0.9999849435111073,-0.9999765179003582,0.07271210608756273,-0.07224915846806482,0.9999999907563522,-0.9999790314845644,0.07188125529119545,-0.07175764815840191,0.9999670076326381,-0.999939725341451,0.9998652336592857,-0.9997558345529797,0.07160950876781598,-0.2185829426831773,0.21813226070094294,0.07193030667418786,0.9999672830991343,0.9984140150155919,-0.9986359616283423,-0.9981945076815413,0.9988556505903197,0.9979819995064738,-0.9990683238786163,-0.9977808393325283,0.9992692390778597,0.9975950941556427,-0.9994537456191713,-0.9974284826819717,0.9996173593840113,0.9972843143781731,-0.9971654350670914,0.9970741800188723,-0.9970123334397307,0.9969833261844915
-0.27356663420706684,0.269896579220654,0.27854523679425386,0.27313017359640934,0.27313017359641023,-0.20792275159541984,0.2639460794028197,0.07284440224785255,-0.7998907884962433,0.2896426686686906,0.9999382525629382,0.216428381967051,-0.21687253542510615,-0.08855157021017775,0.08875342471424694,-0.26668190186477764,-0.3258114102314579,0.3255471717853342,0.8171133964705886,-0.8170931975967763,-0.2839160448305466,-0.07097229837750624,0.07111788471254941,-0.9999934678903494,0.999989063994361,-0.07167890729074794,0.07121584588940717,-0.9999790314845644,0.9999999938165454,-0.07084785455734413,0.07072422027471098,-0.9999858958845567,0.9999689392067445,-0.999914743017734,0.9998250672425993,-0.070576040906052,0.215973477747592,-0.21552247839365463,-0.07089691768787149,-0.999981589422547,-0.9985994402851088,0.9988075802429087,0.9983926575730149,-0.9990124327492014,-0.9981917437620363,0.9992092958010833,0.9980010036809163,-0.9993934865570345,-0.9978244647111113,0.9995604173290004,0.9976658105128097,-0.9997056699276988,-0.9975283202260005,0.9974148141971826,-0.9973276071809768,0.9972684679176179,-0.9972408174850977
0.3081634776845043,-0.3082425124163386,-0.30806377934944784,-0.3081711855252869,-0.308171185525285,0.8087074713002602,-0.3083696816308241,-0.9999876967357219,0.23685351250868675,-0.3078167428269989,-0.07399418639142458,0.3097988342366261,-0.3097513391044477,-0.8094045027382297,0.80938111141815,0.30831057183483,-0.2606339924608595,0.26068389982327805,0.11504982536979455,-0.11506382531191449,0.3079481165472701,0.9999933386537729,-0.9999844145445127,0.07079536671080414,-0.07082660148919706,0.9999885497181054,-0.999991054448891,0.07188125529119545,-0.07084785455734413,0.9999999936937447,-0.999984441157034,0.06983430761296269,-0.06887653182115036,0.06698841755457793,-0.06514507148929488,0.9999933091029196,0.30984481382192913,-0.30989175046572687,0.9999911211446333,0.06984488453431878,0.054132219274014605,-0.05545380312706532,-0.05291127531945478,0.05687020693001583,0.051796366945372804,-0.058375216741887705,-0.050792437161270076,0.05996225653714895,0.04990394999384368,-0.061624421508069224,-0.04913486648865388,0.06335451252122062,0.0484886232261558,-0.047968113537251666,0.047575671583268656,-0.04731305935042313,0.04718156255598797
-0.3081371031125128,0.3082165997753741,0.30803677809679864,0.3081448659258617,0.3081448659258605,-0.8086904093657453,0.3083445176847023,0.9999852067050833,-0.2367592648992567,0.3077883438676357,0.07387063867694084,-0.3098221476069487,0.3097747079204128,0.809417348864223,-0.8093939825923848,-0.30828506369888364,0.2606815944926067,-0.26073146984809353,-0.11515531266649418,0.11516931024569321,-0.3079204389763406,-0.9999910815492885,0.9999865807348847,-0.07067173059459098,0.07070296685556315,-0.9999862046805952,0.9999887670322731,-0.07175764815840191,0.07072422027471098,-0.999984441157034,0.9999999905192821,-0.06971064843463877,0.0687528508312877,-0.06686469625394834,0.06502131556241791,-0.9999866598558415,-0.3098680704370211,0.3099149507968075,-0.9999844319672253,-0.06972122565337802,-0.05400834508721928,0.055329935305002825,0.052787397106852436,-0.05674634826186264,-0.051672486602606746,0.058251370465206585,0.05066855615629777,-0.05983842632713387,-0.04978006939081301,0.0615006114579931,0.049010986979561404,-0.06323072711431253,-0.04836474516965835,0.047844237003870284,-0.04745179640611145,0.047189185180691,-0.047057688645234734
0.27040521871291306,-0.26673176312003766,-0.2753884776302328,-0.26996833034773554,-0.2699683303477366,0.20533692221506394,-0.260775883597133,-0.07183130109397037,0.7979148011394236,-0.2864966527636704,-0.9998990187191097,-0.21388292313169413,0.21432738675480567,0.087604691172163,-0.08780661345304813,0.26351416106039394,0.32891566641226755,-0.32865169735954447,-0.8190028441666167,0.8189826850413991,0.2807644283344912,0.06995877644758182,-0.07010439966972812,0.9999887497509374,-0.9999794950415557,0.0706655467351616,-0.07020238024154729,0.9999670076326381,-0.9999858958845567,0.06983430761296269,-0.06971064843463877,0.9999999938105709,-0.9999799642541035,0.9999500101545168,-0.9998795773330746,0.06956243193935878,-0.2134277242822925,0.21297642140289808,0.06988338157669628,0.9999912865793119,0.9987673225949276,-0.9989619901720338,-0.9985729566318983,0.9991523656866323,0.9983833568292001,-0.9993338018526539,-0.9982027850180109,0.9995016740123962,0.9980352298775911,-0.9996514558867539,-0.9978843408276469,0.9997787936673088,0.9977533673773124,-0.9976451049804189,0.9975618483454887,-0.9975053511003629,0.9974790247396699
-0.2674516099515742,0.2637750241969276,0.2724391553002654,0.2670143275994241,0.26701432759942484,-0.2029144222411919,0.2578141943796677,0.07087391880242187,-0.7960612056714593,0.2835572247612253,0.9998504880821889,0.21151165870871136,-0.21195640595045076,-0.08673102350621992,0.08693300644515883,-0.2605547306731355,-0.3318087880247704,0.33154507361058677,0.8207564075038949,-0.8207362858237905,-0.2778198416197319,-0.06900102256939614,0.0691466786201755,-0.999972430369277,0.9999672351727215,-0.06970793552426478,0.0692446761605388,-0.999939725341451,0.9999689392067445,-0.06887653182115036,0.0687528508312877,-0.9999799642541035,0.9999999907098372,-0.9999665678045848,0.999918536677717,-0.06860460131346864,0.21105619082151358,-0.21060461058121577,-0.06892561534037432,-0.9999798342948916,-0.9989121065847534,0.9990941978346202,0.9987293317287792,-0.9992710594816371,-0.9985502937857289,0.9994380953703237,0.9983792143998812,-0.9995907352094406,-0.9982200460763081,0.9997245100955116,0.9980764062293368,-0.9998351263676477,-0.9979515166703276,0.9978481495836006,-0.9977685809381995,0.9977145502342989,-0.9976894599801392
0.2616404231076462,-0.2579577613138193,-0.2666362898914763,-0.26120237546341757,-0.2612023754634185,0.19814600920537384,-0.2519873253489947,-0.06898653678583343,0.792401171814083,-0.2777735758272872,-0.9997342324075916,-0.20684881219303206,0.20729410743300702,0.08501600910972631,-0.08521810699377556,0.25473224453028737,0.3374885761954771,-0.3372253678312803,-0.8241860800010405,0.8241660323832349,0.2720261723531131,0.0671129487976891,-0.06725866638825445,0.9999194867309592,-0.9999135409636338,0.06782012760757306,-0.06735669525024596,0.9998652336592857,-0.999914743017734,0.06698841755457793,-0.06686469625394834,0.9999500101545168,-0.9999665678045848,0.9999999939034493,-0.9999698094734139,0.06671638486884765,-0.20639282517467533,0.20594070937145112,0.06703751884296745,0.9999496288462838,0.9991758530279305,-0.9993332201389825,-0.9990158657603276,0.9994835149147285,0.9988575922196824,-0.9996222418017437,-0.9987051749676891,0.9997449374709277,0.9985624953201526,-0.9998472458938272,-0.9984331077036336,0.9999249917295303,0.9983201794173412,-0.9982264368473682,0.9981541190794481,-0.9981049378070027,0.9980822778028905
-0.255982898050972,0.25229446711652126,0.2609866676469218,0.2555441228406937,0.25554412284069433,-0.19350069632551112,0.2463149156115241,0.06714382911145962,-0.7888146925741125,0.27214221806029404,0.999584247854438,0.20231297661091185,-0.2027587876792257,-0.08335187880132927,0.08355408082140195,-0.24906399308119412,-0.34299622368449406,0.34273351692947374,0.8274888485438939,-0.8274688737062329,-0.2663852884542699,-0.06526963750807739,0.06541540958949839,-0.9998310280604276,0.999824353077703,-0.06597704878691721,0.06551346528390961,-0.9997558345529797,0.9998250672425993,-0.06514507148929488,0.06502131556241791,-0.9998795773330746,0.999918536677717,-0.9999698094734139,0.9999999938863542,-0.06487294946348375,0.2018565021917126,-0.20140388288769281,-0.06519418824625174,-0.9998789517676255,-0.9993952153630488,0.9995285469830079,0.9992573815404207,-0.9996530155725598,-0.9991192950329433,0.9997642235246197,0.9989850213847367,-0.9998578116368382,-0.9988583725755819,0.9999295337504926,0.9987428416795326,-0.9999708882446283,-0.9986415428954819,0.9985571579950167,-0.9984918901322464,0.9984474239104512,-0.9984271267392695
