1.0000000008912615,-0.7960401087521084,-0.7960430084011083,0.26735169247221446,0.7960386915892186,0.26737752238987056,-0.7960063921158856,0.26731827563336263,1.0000009748303895,-0.17954186987524878,0.2674161917987335,-0.7960799278948145,-0.17962447428499784,-0.17957607156305486,0.17957871461776548,0.17957449247693333,-0.17958306513974556,-0.17957756696369012,-0.17957607156304872,0.17957871461776356,0.17957449247692517,-0.1795830651397461,0.17957589256291442,0.1795403816854422,-0.17955301314613073,-0.17952823371525414,0.0903092479527078,0.17951709973757368,-0.17950033960135858,0.17950242124180457,-0.17950598011104485,-0.17959903184898587,0.09037428428082758,0.17958831983007706,-0.17951195343711002,-0.1795119534371116,0.17950823894502527,0.17950823894502327
-0.7960401087521084,1.000000001806995,0.2673612804502003,-0.7960383137666938,-0.26735536003207444,0.3703677132221118,1.0000017838591724,-0.7960171162616358,-0.79607924161695,0.7383346159861817,0.3703308060035433,0.2674199016993996,-0.452414339788786,-0.4524568691328536,0.45245502333264354,0.45245773300695763,-0.4524509761760852,-0.4524559926209174,-0.4524568691328562,0.452455023332643,0.4524577330069614,-0.4524509761760866,0.4524565684179188,-0.7383327778885213,0.738342322915397,0.7383237963652227,-0.6746638430288865,-0.738315761554369,0.7383021097787388,-0.7383042138751953,0.7383073349845639,-0.45243752501592205,0.5308286911274807,0.4524467412897901,0.7383115910863859,0.7383115910863863,-0.7383087744998961,-0.7383087744998933
-0.7960430084011083,0.2673612804502003,1.0000000001548799,0.37038719723576946,-0.9999993327177046,-0.7960489111961533,0.2673083951958931,0.3704192280887968,-0.7960033839698788,-0.4524837666912974,-0.796073542776984,1.0000004167984917,0.7383854292529355,0.738350897475546,-0.7383532596319294,-0.7383492473195308,0.738356138868272,0.7383524017604582,0.7383508974755383,-0.7383532596319251,-0.7383492473195207,0.7383561388682753,-0.7383503117822066,0.4524842979369668,-0.4524737326475855,-0.45249465697144786,0.530878492519492,0.45250434835784387,-0.4525173800953626,0.4525161700455787,-0.45251362514085147,0.7383681080251332,-0.6747061725593976,-0.7383602698799611,-0.4525083712226815,-0.4525083712226788,0.45251146841073725,0.45251146841073797
0.26735169247221446,-0.7960383137666938,0.37038719723576946,1.0000000017612236,-0.37039233226749074,-0.8570336081378583,-0.7960707802464851,1.00000218265552,0.2674143128335111,-0.9959439933532567,-0.8570134924658713,0.37033081338086404,0.8999047371967706,0.8999240442928536,-0.899923748701118,-0.8999238405546525,0.8999216558521905,0.8999241442247585,0.899924044292851,-0.8999237487011148,-0.8999238405546489,0.8999216558521951,-0.8999233865300361,0.9959425551484908,-0.9959451461506872,-0.9959404038906328,0.9838082265530679,0.9959387458761548,-0.9959337714017884,0.9959350396369473,-0.9959364498000292,0.8999162073319275,-0.9354958738629068,-0.899920168295338,-0.9959372524909581,-0.9959372524909555,0.9959364827756134,0.9959364827756116
0.7960386915892186,-0.26735536003207444,-0.9999993327177046,-0.37039233226749074,0.9999999988572068,0.7960517257278599,-0.2673024747446598,-0.37042436301397846,0.7959990929856378,0.4524886083525438,0.796076383196232,-0.9999995056658655,-0.7383887297675256,-0.7383541982196328,0.7383565603670365,0.7383525480672843,-0.7383594395814929,-0.7383557025006455,-0.738354198219626,0.7383565603670315,0.7383525480672748,-0.7383594395814956,0.7383536125239015,-0.4524891395888573,0.4524785743494401,0.4524994985765043,-0.5308830016485785,-0.4525091899212119,0.45252222158446453,-0.4525210115468965,0.4525184666595628,-0.7383714086677806,0.6747099063995878,0.7383635705713009,0.4525132127634952,0.4525132127634924,-0.4525163099366213,-0.45251630993662245
0.26737752238987056,0.3703677132221118,-0.7960489111961533,-0.8570336081378583,0.7960517257278599,0.9999999997631052,0.370418220719132,-0.8570511613707759,0.26731475489093787,0.8999293482159987,1.0000002556258085,-0.796012257525264,-0.9959465891372065,-0.9959400137928,0.9959411315186656,0.995938965675694,-0.9959413650357296,-0.9959409133558227,-0.9959400137927955,0.9959411315186616,0.9959389656756864,-0.9959413650357332,0.9959392603200428,-0.8999287058455365,0.8999245163279003,0.8999330504724584,-0.935508706708964,-0.8999373461277282,0.8999413338183422,-0.8999414889305003,0.899940996052883,-0.9959444805125732,0.9838129965205101,0.995942687323987,0.8999386046290753,0.8999386046290713,-0.8999398211653002,-0.8999398211652996
-0.7960063921158856,1.0000017838591724,0.2673083951958931,-0.7960707802464851,-0.2673024747446598,0.370418220719132,1.0000000007368341,-0.7960496364409606,-0.7960455799790849,0.7383709347714842,0.3703813143672941,0.2673670172781785,-0.4524627583691694,-0.4525052863626823,0.4525034406707733,0.45250615015481804,-0.45249939361980734,-0.45250440992413954,-0.4525052863626844,0.4525034406707723,0.4525061501548208,-0.4524993936198093,0.4525049856098958,-0.7383690966840608,0.7383786412454855,0.7383601156233097,-0.6747036919550099,-0.7383520812511115,0.7383384300244076,-0.7383405340822207,0.7383436550910065,-0.45248594294727346,0.5308746270872126,0.4524951589077339,0.7383479109532254,0.7383479109532239,-0.7383450945035134,-0.7383450945035113
0.26731827563336263,-0.7960171162616358,0.3704192280887968,1.00000218265552,-0.37042436301397846,-0.8570511613707759,-0.7960496364409606,1.0000000013495456,0.26738089658715075,-0.9959468450174422,-0.8570310990905259,0.370362845035416,0.8999195648067829,0.8999388703196582,-0.8999385748222327,-0.8999386665216127,0.8999364821136888,0.8999389703074223,0.8999388703196556,-0.8999385748222286,-0.8999386665216103,0.8999364821136914,-0.8999382125442646,0.9959453807779354,-0.9959479452438141,-0.9959432299480248,0.9838141431112182,0.9959415723290594,-0.9959365984262553,0.9959378665968868,-0.995939276642045,0.8999310341299102,-0.9355078282220072,-0.8999349947361219,-0.9959400791197176,-0.9959400791197146,0.9959393095343687,0.9959393095343677
1.0000009748303895,-0.79607924161695,-0.7960033839698788,0.2674143128335111,0.7959990929856378,0.26731475489093787,-0.7960455799790849,0.26738089658715075,1.0000000005007224,-0.17960582556994156,0.2673534249467473,-0.7960403587797367,-0.1795604204395112,-0.17951201730264416,0.1795146603282055,0.17951043825995663,-0.1795190109117162,-0.17951351266856685,-0.17951201730263838,0.17951466032820365,0.1795104382599484,-0.17951901091171663,0.17951183835063703,0.17960433730964934,-0.1796169687127983,-0.17959218941662966,0.09037401967865742,0.17958105553126427,-0.17956429536533755,0.17956637705389955,-0.1795699359535755,-0.17953497769552368,0.09030946307708149,0.17952426560581125,-0.17957590922414182,-0.17957590922414304,0.1795721947482159,0.17957219474821362
-0.17954186987524878,0.7383346159861817,-0.4524837666912974,-0.9959439933532567,0.4524886083525438,0.8999293482159987,0.7383709347714842,-0.9959468450174422,-0.17960582556994156,1.0000000015218717,0.8999124502670436,-0.45242965446164146,-0.9355008463611795,-0.9355160363548368,0.9355159814458114,0.93551568086764,-0.9355142511741371,-0.9355162780486389,-0.9355160363548333,0.935515981445807,0.9355156808676374,-0.9355142511741411,0.9355153481180011,-1.0000008069396782,1.0000022456917848,0.9999997453293054,-0.9959469929845924,-0.9999990925693316,0.999995579484775,-0.9999966798140449,0.999997787064126,-0.9355101800208909,0.9635002501539442,0.9355132233028313,0.999998048624825,0.9999980486248224,-0.9999976097512356,-0.9999976097512339
0.2674161917987335,0.3703308060035433,-0.796073542776984,-0.8570134924658713,0.796076383196232,1.0000002556258085,0.3703813143672941,-0.8570310990905259,0.2673534249467473,0.8999124502670436,1.0000000006022587,-0.7960369432096164,-0.9959436061835107,-0.995937002832674,0.9959381206546714,0.9959359546619334,-0.9959383543461107,-0.9959379024474361,-0.99593700283267,0.9959381206546656,0.9959359546619256,-0.9959383543461134,0.9959362493604655,-0.8999118079489526,0.8999076179617281,0.8999161530245618,-0.9354951362383619,-0.8999204490879059,0.8999244374202772,-0.899924592445545,0.8999240994277092,-0.9959414443434651,0.9838064130384824,0.9959396768338481,0.8999217077856749,0.8999217077856718,-0.899922924460422,-0.8999229244604211
-0.7960799278948145,0.2674199016993996,1.0000004167984917,0.37033081338086404,-0.9999995056658655,-0.796012257525264,0.2673670172781785,0.370362845035416,-0.7960403587797367,-0.45242965446164146,-0.7960369432096164,1.0000000004416207,0.738344587402768,0.738310053534342,-0.7383124157664163,-0.7383084033522511,0.7383152952080098,0.7383115578486892,0.7383100535343345,-0.738312415766412,-0.7383084033522421,0.7383152952080128,-0.7383094678700682,0.45243018580968924,-0.45241962009724357,-0.4524405452354427,0.530827089990443,0.4524502369648565,-0.4524632693448125,0.45246205918218946,-0.45245951412304203,0.7383272650052698,-0.674661445802017,-0.7383194264151681,-0.45245426002494343,-0.4524542600249406,0.4524573573384499,0.45245735733845116
-0.17962447428499784,-0.452414339788786,0.7383854292529355,0.8999047371967706,-0.7383887297675256,-0.9959465891372065,-0.4524627583691694,0.8999195648067829,-0.1795604204395112,-0.9355008463611795,-0.9959436061835107,0.738344587402768,0.9999999998989546,0.9999976634005288,-0.9999985577820621,-0.9999967407690966,0.9999983900908286,0.999998442183849,0.9999976634005243,-0.9999985577820572,-0.9999967407690894,0.9999983900908334,-0.9999969108851386,0.9355000516433981,-0.9354969536008557,-0.9355033531683012,0.9634947940399575,0.9355066993467474,-0.9355092059628218,0.9355095586231242,-0.935509387636233,1.0000000536770206,-0.9959434660326671,-0.9999992495332953,-0.9355075037870215,-0.935507503787016,0.9355083990337416,0.9355083990337404
-0.17957607156305486,-0.4524568691328536,0.738350897475546,0.8999240442928536,-0.7383541982196328,-0.9959400137928,-0.4525052863626823,0.8999388703196582,-0.17951201730264416,-0.9355160363548368,-0.995937002832674,0.738310053534342,0.9999976634005288,0.9999999967732506,-0.9999963910639282,-0.9999945742106365,0.99999619710973,0.9999962494150461,0.9999954706878805,-0.9999963649692373,-0.9999945481159428,0.9999961971097336,-0.9999947181767119,0.935515241769685,-0.9355121442020081,-0.9355185428361856,0.9635057453145505,0.9355218885951521,-0.9355243945491162,0.9355247472996918,-0.9355245764577746,0.999997860101616,-0.9959456455431277,-0.9999970563565413,-0.9355226928343814,-0.9355226928343782,0.9355235879386992,0.9355235879386985
0.17957871461776548,0.45245502333264354,-0.7383532596319294,-0.899923748701118,0.7383565603670365,0.9959411315186656,0.4525034406707733,-0.8999385748222327,0.1795146603282055,0.9355159814458114,0.9959381206546714,-0.7383124157664163,-0.9999985577820621,-0.9999963910639282,0.999999998047453,0.9999954423940144,-0.9999971174983574,-0.9999971697941294,-0.9999963649692383,0.9999972592557036,0.9999954423940077,-0.9999970914036695,0.9999956124573482,-0.9355151868487638,0.935512089256637,0.9355184879390844,-0.9635059314391282,-0.9355218337200663,0.9355243397073946,-0.9355246924537314,0.9355245216046975,-0.9999987544234783,0.9959463092249536,0.9999979506598977,0.9355226379693865,0.935522637969382,-0.9355235330810351,-0.9355235330810344
0.17957449247693333,0.45245773300695763,-0.7383492473195308,-0.8999238405546525,0.7383525480672843,0.995938965675694,0.45250615015481804,-0.8999386665216127,0.17951043825995663,0.93551568086764,0.9959359546619334,-0.7383084033522511,-0.9999967407690966,-0.9999945742106365,0.9999954423940144,0.9999999954587441,-0.9999952745300928,-0.9999953268410872,-0.9999945481159445,0.9999954423940085,0.9999936255462056,-0.9999952745300973,0.9999937956054351,-0.9355148862886452,0.9355117887368389,0.935518187339654,-0.9635052410215293,-0.9355215330842386,0.9355240390173347,-0.9355243917703416,0.9355242209327475,-0.9999969375045269,0.9959448559379355,0.9999961337709404,0.935522337317144,0.9355223373171404,-0.9355232324167608,-0.935523232416761
-0.17958306513974556,-0.4524509761760852,0.738356138868272,0.8999216558521905,-0.7383594395814929,-0.9959413650357296,-0.45249939361980734,0.8999364821136888,-0.1795190109117162,-0.9355142511741371,-0.9959383543461107,0.7383152952080098,0.9999983900908286,0.99999619710973,-0.9999971174983574,-0.9999952745300928,0.9999999978083023,0.9999969758440745,0.9999961971097259,-0.9999970914036612,-0.9999952745300862,0.9999969235644317,-0.9999954445976829,0.9355134565547655,-0.9355103589268776,-0.9355167576797423,0.963504577637697,0.9355201034924249,-0.9355226095318477,0.9355229622705811,-0.9355227914098734,0.9999985866280104,-0.9959457415053627,-0.9999978089297469,-0.9355209077574366,-0.9355209077574336,0.935521802880026,0.9355218028800242
-0.17957756696369012,-0.4524559926209174,0.7383524017604582,0.8999241442247585,-0.7383557025006455,-0.9959409133558227,-0.45250440992413954,0.8999389703074223,-0.17951351266856685,-0.9355162780486389,-0.9959379024474361,0.7383115578486892,0.999998442183849,0.9999962494150461,-0.9999971697941294,-0.9999953268410872,0.9999969758440745,0.9999999978828052,0.9999962494150423,-0.9999971697941263,-0.9999953268410795,0.9999969758440788,-0.9999955229979829,0.9355154834571952,-0.9355123858749395,-0.9355187845379241,0.9635061267540058,0.9355221303100911,-0.9355246362833847,0.9355249890316661,-0.9355248181857193,0.9999986388521477,-0.9959462971751414,-0.9999978350964049,-0.9355229345551787,-0.9355229345551747,0.9355238296638281,0.9355238296638274
-0.17957607156304872,-0.4524568691328562,0.7383508974755383,0.899924044292851,-0.738354198219626,-0.9959400137927955,-0.4525052863626844,0.8999388703196556,-0.17951201730263838,-0.9355160363548333,-0.99593700283267,0.7383100535343345,0.9999976634005243,0.9999954706878805,-0.9999963649692383,-0.9999945481159445,0.9999961971097259,0.9999962494150423,0.9999999967732506,-0.9999963910639215,-0.999994574210627,0.9999961971097292,-0.9999947181767066,0.9355152417696827,-0.9355121442020055,-0.9355185428361829,0.9635057453145474,0.9355218885951496,-0.9355243945491133,0.9355247472996894,-0.9355245764577718,0.9999978601016117,-0.9959456455431237,-0.999997056356536,-0.9355226928343792,-0.935522692834375,0.9355235879386976,0.9355235879386959
0.17957871461776356,0.452455023332643,-0.7383532596319251,-0.8999237487011148,0.7383565603670315,0.9959411315186616,0.4525034406707723,-0.8999385748222286,0.17951466032820365,0.935515981445807,0.9959381206546656,-0.738312415766412,-0.9999985577820572,-0.9999963649692373,0.9999972592557036,0.9999954423940085,-0.9999970914036612,-0.9999971697941263,-0.9999963910639215,0.999999998047453,0.9999954423940027,-0.9999971174983584,0.9999956124573436,-0.9355151868487595,0.9355120892566329,0.9355184879390807,-0.9635059314391239,-0.935521833720062,0.9355243397073915,-0.9355246924537272,0.9355245216046925,-0.999998754423474,0.9959463092249482,0.9999979506598934,0.9355226379693823,0.9355226379693788,-0.9355235330810315,-0.9355235330810312
0.17957449247692517,0.4524577330069614,-0.7383492473195207,-0.8999238405546489,0.7383525480672748,0.9959389656756864,0.4525061501548208,-0.8999386665216103,0.1795104382599484,0.9355156808676374,0.9959359546619256,-0.7383084033522421,-0.9999967407690894,-0.9999945481159428,0.9999954423940077,0.9999936255462056,-0.9999952745300862,-0.9999953268410795,-0.999994574210627,0.9999954423940027,0.9999999954587441,-0.9999952745300905,0.9999937956054279,-0.9355148862886417,0.9355117887368334,0.9355181873396485,-0.9635052410215261,-0.9355215330842358,0.9355240390173315,-0.9355243917703384,0.9355242209327442,-0.9999969375045198,0.9959448559379291,0.9999961337709344,0.9355223373171402,0.9355223373171366,-0.9355232324167566,-0.9355232324167575
-0.1795830651397461,-0.4524509761760866,0.7383561388682753,0.8999216558521951,-0.7383594395814956,-0.9959413650357332,-0.4524993936198093,0.8999364821136914,-0.17951901091171663,-0.9355142511741411,-0.9959383543461134,0.7383152952080128,0.9999983900908334,0.9999961971097336,-0.9999970914036695,-0.9999952745300973,0.9999969235644317,0.9999969758440788,0.9999961971097292,-0.9999971174983584,-0.9999952745300905,0.9999999978083023,-0.9999954445976867,0.9355134565547679,-0.9355103589268801,-0.9355167576797452,0.9635045776377008,0.9355201034924284,-0.9355226095318507,0.9355229622705833,-0.9355227914098752,0.9999985866280149,-0.9959457415053667,-0.9999978089297473,-0.9355209077574408,-0.9355209077574373,0.9355218028800277,0.935521802880028
0.17957589256291442,0.4524565684179188,-0.7383503117822066,-0.8999233865300361,0.7383536125239015,0.9959392603200428,0.4525049856098958,-0.8999382125442646,0.17951183835063703,0.9355153481180011,0.9959362493604655,-0.7383094678700682,-0.9999969108851386,-0.9999947181767119,0.9999956124573482,0.9999937956054351,-0.9999954445976829,-0.9999955229979829,-0.9999947181767066,0.9999956124573436,0.9999937956054279,-0.9999954445976867,0.9999999957010505,-0.9355145535331589,0.935511455968549,0.9355178545965356,-0.9635050321982436,-0.9355212003524558,0.9355237063034806,-0.9355240590540119,0.9355238882124899,-0.999997107587362,0.9959449000895249,0.9999963038435651,0.9355220045907829,0.9355220045907799,-0.9355228996942431,-0.9355228996942421
0.1795403816854422,-0.7383327778885213,0.4524842979369668,0.9959425551484908,-0.4524891395888573,-0.8999287058455365,-0.7383690966840608,0.9959453807779354,0.17960433730964934,-1.0000008069396782,-0.8999118079489526,0.45243018580968924,0.9355000516433981,0.935515241769685,-0.9355151868487638,-0.9355148862886452,0.9355134565547655,0.9355154834571952,0.9355152417696827,-0.9355151868487595,-0.9355148862886417,0.9355134565547679,-0.9355145535331589,0.9999999996277729,-1.0000009424395373,-0.9999984419139847,0.9959457572737656,0.9999977629842762,-0.9999942497961067,0.9999953501348372,-0.9999964574052589,0.9355093853097108,-0.9634993094795992,-0.9355124286545656,-0.9999967190070412,-0.9999967190070391,0.9999962801085387,0.9999962801085377
-0.17955301314613073,0.738342322915397,-0.4524737326475855,-0.9959451461506872,0.4524785743494401,0.8999245163279003,0.7383786412454855,-0.9959479452438141,-0.1796169687127983,1.0000022456917848,0.8999076179617281,-0.45241962009724357,-0.9354969536008557,-0.9355121442020081,0.935512089256637,0.9355117887368389,-0.9355103589268776,-0.9355123858749395,-0.9355121442020055,0.9355120892566329,0.9355117887368334,-0.9355103589268801,0.935511455968549,-1.0000009424395373,1.0000000016779378,0.9999998545604812,-0.9959460847367035,-0.999999201639864,0.9999956883210813,-0.9999967886770617,0.9999978959756772,-0.9355062875534239,0.9634973285319522,0.9355093309830664,0.9999981576230433,0.9999981576230402,-0.9999977186962513,-0.9999977186962493
-0.17952823371525414,0.7383237963652227,-0.45249465697144786,-0.9959404038906328,0.4524994985765043,0.8999330504724584,0.7383601156233097,-0.9959432299480248,-0.17959218941662966,0.9999997453293054,0.8999161530245618,-0.4524405452354427,-0.9355033531683012,-0.9355185428361856,0.9355184879390844,0.935518187339654,-0.9355167576797423,-0.9355187845379241,-0.9355185428361829,0.9355184879390807,0.9355181873396485,-0.9355167576797452,0.9355178545965356,-0.9999984419139847,0.9999998545604812,0.999999998115108,-0.9959457934941026,-0.9999967275617277,0.9999931884039033,-0.9999942887262586,0.9999953959697793,-0.9355126865599199,0.963501540653597,0.9355157298221154,0.999995657527719,0.9999956575277155,-0.9999952186563623,-0.99999521865636
0.0903092479527078,-0.6746638430288865,0.530878492519492,0.9838082265530679,-0.5308830016485785,-0.935508706708964,-0.6747036919550099,0.9838141431112182,0.09037401967865742,-0.9959469929845924,-0.9354951362383619,0.530827089990443,0.9634947940399575,0.9635057453145505,-0.9635059314391282,-0.9635052410215293,0.963504577637697,0.9635061267540058,0.9635057453145474,-0.9635059314391239,-0.9635052410215261,0.9635045776377008,-0.9635050321982436,0.9959457572737656,-0.9959460847367035,-0.9959457934941026,1.0000000015656876,0.9959461508882329,-0.9959441271163373,0.9959450506797728,-0.9959458461540799,0.9635019163344711,-0.9836782718802197,-0.9635040176092695,-0.9959455646759375,-0.995945564675935,0.9959454600739068,0.9959454600739053
0.17951709973757368,-0.738315761554369,0.45250434835784387,0.9959387458761548,-0.4525091899212119,-0.8999373461277282,-0.7383520812511115,0.9959415723290594,0.17958105553126427,-0.9999990925693316,-0.8999204490879059,0.4524502369648565,0.9355066993467474,0.9355218885951521,-0.9355218337200663,-0.9355215330842386,0.9355201034924249,0.9355221303100911,0.9355218885951496,-0.935521833720062,-0.9355215330842358,0.9355201034924284,-0.9355212003524558,0.9999977629842762,-0.999999201639864,-0.9999967275617277,0.9959461508882329,0.9999999971850985,-0.9999925358391714,0.9999936361468728,-0.9999947433662036,0.9355160324878197,-0.963503909786143,-0.9355190756740414,-0.9999950309790593,-0.9999950309790582,0.9999945660375715,0.9999945660375695
-0.17950033960135858,0.7383021097787388,-0.4525173800953626,-0.9959337714017884,0.45252222158446453,0.8999413338183422,0.7383384300244076,-0.9959365984262553,-0.17956429536533755,0.999995579484775,0.8999244374202772,-0.4524632693448125,-0.9355092059628218,-0.9355243945491162,0.9355243397073946,0.9355240390173347,-0.9355226095318477,-0.9355246362833847,-0.9355243945491133,0.9355243397073915,0.9355240390173315,-0.9355226095318507,0.9355237063034806,-0.9999942497961067,0.9999956883210813,0.9999931884039033,-0.9959441271163373,-0.9999925358391714,0.9999999921798637,-0.9999901494425091,0.9999912305287865,-0.9355185387112328,0.9635049143282282,0.9355215817752028,0.999991491987329,0.9999914919873256,-0.9999910531780172,-0.9999910531780155
0.17950242124180457,-0.7383042138751953,0.4525161700455787,0.9959350396369473,-0.4525210115468965,-0.8999414889305003,-0.7383405340822207,0.9959378665968868,0.17956637705389955,-0.9999966798140449,-0.899924592445545,0.45246205918218946,0.9355095586231242,0.9355247472996918,-0.9355246924537314,-0.9355243917703416,0.9355229622705811,0.9355249890316661,0.9355247472996894,-0.9355246924537272,-0.9355243917703384,0.9355229622705833,-0.9355240590540119,0.9999953501348372,-0.9999967886770617,-0.9999942887262586,0.9959450506797728,0.9999936361468728,-0.9999901494425091,0.9999999937475834,-0.9999923569161048,0.9355188914243482,-0.963505461765445,-0.9355219345055643,-0.999992592287681,-0.999992592287678,0.999992153473353,0.9999921534733509
-0.17950598011104485,0.7383073349845639,-0.45251362514085147,-0.9959364498000292,0.4525184666595628,0.899940996052883,0.7383436550910065,-0.995939276642045,-0.1795699359535755,0.999997787064126,0.8999240994277092,-0.45245951412304203,-0.935509387636233,-0.9355245764577746,0.9355245216046975,0.9355242209327475,-0.9355227914098734,-0.9355248181857193,-0.9355245764577718,0.9355245216046925,0.9355242209327442,-0.9355227914098752,0.9355238882124899,-0.9999964574052589,0.9999978959756772,0.9999953959697793,-0.9959458461540799,-0.9999947433662036,0.9999912305287865,-0.9999923569161048,0.9999999953251423,-0.9355187205230661,0.963505614201468,0.9355217636313673,0.99999369949535,0.999993699495348,-0.9999932867675878,-0.9999932867675895
-0.17959903184898587,-0.45243752501592205,0.7383681080251332,0.8999162073319275,-0.7383714086677806,-0.9959444805125732,-0.45248594294727346,0.8999310341299102,-0.17953497769552368,-0.9355101800208909,-0.9959414443434651,0.7383272650052698,1.0000000536770206,0.999997860101616,-0.9999987544234783,-0.9999969375045269,0.9999985866280104,0.9999986388521477,0.9999978601016117,-0.999998754423474,-0.9999969375045198,0.9999985866280149,-0.999997107587362,0.9355093853097108,-0.9355062875534239,-0.9355126865599199,0.9635019163344711,0.9355160324878197,-0.9355185387112328,0.9355188914243482,-0.9355187205230661,1.0000000001779956,-0.9959459912569139,-0.9999994720446618,-0.9355168368081892,-0.935516836808186,0.9355177319700172,0.9355177319700154
0.09037428428082758,0.5308286911274807,-0.6747061725593976,-0.9354958738629068,0.6747099063995878,0.9838129965205101,0.5308746270872126,-0.9355078282220072,0.09030946307708149,0.9635002501539442,0.9838064130384824,-0.674661445802017,-0.9959434660326671,-0.9959456455431277,0.9959463092249536,0.9959448559379355,-0.9959457415053627,-0.9959462971751414,-0.9959456455431237,0.9959463092249482,0.9959448559379291,-0.9959457415053667,0.9959449000895249,-0.9634993094795992,0.9634973285319522,0.963501540653597,-0.9836782718802197,-0.963503909786143,0.9635049143282282,-0.963505461765445,0.963505614201468,-0.9959459912569139,1.000000000564139,0.9959461309230281,0.9635042534358838,0.9635042534358813,-0.9635048199868458,-0.9635048199868453
0.17958831983007706,0.4524467412897901,-0.7383602698799611,-0.899920168295338,0.7383635705713009,0.995942687323987,0.4524951589077339,-0.8999349947361219,0.17952426560581125,0.9355132233028313,0.9959396768338481,-0.7383194264151681,-0.9999992495332953,-0.9999970563565413,0.9999979506598977,0.9999961337709404,-0.9999978089297469,-0.9999978350964049,-0.999997056356536,0.9999979506598934,0.9999961337709344,-0.9999978089297473,0.9999963038435651,-0.9355124286545656,0.9355093309830664,0.9355157298221154,-0.9635040176092695,-0.9355190756740414,0.9355215817752028,-0.9355219345055643,0.9355217636313673,-0.9999994720446618,0.9959461309230281,0.9999999990326294,0.9355198799576538,0.9355198799576496,-0.9355207750935263,-0.9355207750935258
-0.17951195343711002,0.7383115910863859,-0.4525083712226815,-0.9959372524909581,0.4525132127634952,0.8999386046290753,0.7383479109532254,-0.9959400791197176,-0.17957590922414182,0.999998048624825,0.8999217077856749,-0.45245426002494343,-0.9355075037870215,-0.9355226928343814,0.9355226379693865,0.935522337317144,-0.9355209077574366,-0.9355229345551787,-0.9355226928343792,0.9355226379693823,0.9355223373171402,-0.9355209077574408,0.9355220045907829,-0.9999967190070412,0.9999981576230433,0.999995657527719,-0.9959455646759375,-0.9999950309790593,0.999991491987329,-0.999992592287681,0.99999369949535,-0.9355168368081892,0.9635042534358838,0.9355198799576538,0.9999999956977221,0.9999939609954278,-0.9999935482546878,-0.9999935221599985
-0.1795119534371116,0.7383115910863863,-0.4525083712226788,-0.9959372524909555,0.4525132127634924,0.8999386046290713,0.7383479109532239,-0.9959400791197146,-0.17957590922414304,0.9999980486248224,0.8999217077856718,-0.4524542600249406,-0.935507503787016,-0.9355226928343782,0.935522637969382,0.9355223373171404,-0.9355209077574336,-0.9355229345551747,-0.935522692834375,0.9355226379693788,0.9355223373171366,-0.9355209077574373,0.9355220045907799,-0.9999967190070391,0.9999981576230402,0.9999956575277155,-0.995945564675935,-0.9999950309790582,0.9999914919873256,-0.999992592287678,0.999993699495348,-0.935516836808186,0.9635042534358813,0.9355198799576496,0.9999939609954278,0.9999999956977221,-0.9999935221599974,-0.9999935482546838
0.17950823894502527,-0.7383087744998961,0.45251146841073725,0.9959364827756134,-0.4525163099366213,-0.8999398211653002,-0.7383450945035134,0.9959393095343687,0.1795721947482159,-0.9999976097512356,-0.899922924460422,0.4524573573384499,0.9355083990337416,0.9355235879386992,-0.9355235330810351,-0.9355232324167608,0.935521802880026,0.9355238296638281,0.9355235879386976,-0.9355235330810315,-0.9355232324167566,0.9355218028800277,-0.9355228996942431,0.9999962801085387,-0.9999977186962513,-0.9999952186563623,0.9959454600739068,0.9999945660375715,-0.9999910531780172,0.999992153473353,-0.9999932867675878,0.9355177319700172,-0.9635048199868458,-0.9355207750935263,-0.9999935482546878,-0.9999935221599974,0.9999999950724611,0.9999930833326486
0.17950823894502327,-0.7383087744998933,0.45251146841073797,0.9959364827756116,-0.45251630993662245,-0.8999398211652996,-0.7383450945035113,0.9959393095343677,0.17957219474821362,-0.9999976097512339,-0.8999229244604211,0.45245735733845116,0.9355083990337404,0.9355235879386985,-0.9355235330810344,-0.935523232416761,0.9355218028800242,0.9355238296638274,0.9355235879386959,-0.9355235330810312,-0.9355232324167575,0.935521802880028,-0.9355228996942421,0.9999962801085377,-0.9999977186962493,-0.99999521865636,0.9959454600739053,0.9999945660375695,-0.9999910531780155,0.9999921534733509,-0.9999932867675895,0.9355177319700154,-0.9635048199868453,-0.9355207750935258,-0.9999935221599985,-0.9999935482546838,0.9999930833326486,0.9999999950724611
