1.0000000002529352,-1.0000095998212297,0.7935295960852295,0.7935485557341512,0.5643060911531619,-0.5644667894873344,-0.5642244620372855,0.4747530030374976,0.648169812922897,-0.6480215104009915,0.6479464841180625,-0.7248772863582733,-0.2604281104504095,-0.3798719747830891,-0.793022600141655,0.7925530232637573,-0.7923437708433395,-0.7923437708433375,0.7921903833944588,0.7921903833944604,-0.7921599648083124,-0.7921286895508068,-0.7921286895508078
-1.0000095998212297,1.0000000142174577,-0.7935394352175688,-0.7935531837168146,-0.5643080583402971,0.5644687587152288,0.5642264281884812,-0.47475386345461495,-0.6481728721574901,0.648024567650647,-0.6479495403615448,0.7248814044621108,0.26043478387951813,0.37987171774770134,0.7930329409669018,-0.7925633621243028,0.7923541088297247,0.7923541088297228,-0.7922007207362569,-0.7922007207362595,0.7921703020245325,0.7921390266376808,0.7921390266376828
0.7935295960852295,-0.7935394352175688,0.9999999991050476,0.2594035615984591,-0.054588344883081355,0.05439343697536041,0.05468725256194807,-0.15884805115270748,0.0509481871852149,-0.050753873279029894,0.05065528644149681,-0.15600719892371678,-0.7941824065083259,0.2614709693656369,-0.9999980428189597,0.999997350546556,-0.9999970092588376,-0.999997009258835,0.9999962181955397,0.9999962181955457,-0.999996381198422,-0.9999965159771266,-0.9999965159771294
0.7935485557341512,-0.7935531837168146,0.2594035615984591,1.000000007373658,0.9501733178564097,-0.9502334523760709,-0.9501426729324536,0.9123044935940808,0.977735995548126,-0.9776949399125744,0.9776744532329683,-0.9944182986270522,0.38084858144333206,-0.8643426699035893,-0.2585991333230364,0.2578550837157598,-0.2575233293046977,-0.2575233293046974,0.25728068559791667,0.2572806855979141,-0.25723224654408877,-0.2571824761267501,-0.25718247612675016
0.5643060911531619,-0.5643080583402971,-0.054588344883081355,0.9501733178564097,0.9999999992120392,-0.9999976553224275,-0.999998638088395,0.9944999687235961,0.9944302264474403,-0.9944505007736879,0.9944611420138032,-0.9777670547967474,0.6501071055961185,-0.978038135794036,0.055419972889638514,-0.05618885538687862,0.05653174418570527,0.05653174418570469,-0.05678235676370809,-0.056782356763711725,0.05683249023528146,0.05688399108554175,0.05688399108554291
-0.5644667894873344,0.5644687587152288,0.05439343697536041,-0.9502334523760709,-0.9999976553224275,0.999999998178754,0.9999983820554688,-0.9944782922177673,-0.9944495539625942,0.9944702943234874,-0.994480916403237,0.9778072544644424,-0.649958337186868,0.9779967419742052,-0.05522507327745706,0.055993963641289016,-0.056336855910732786,-0.05633685591073233,0.05658747113120496,0.056587471131208995,-0.056637605068607995,-0.05668910640378758,-0.05668910640378896
-0.5642244620372855,0.5642264281884812,0.05468725256194807,-0.9501426729324536,-0.999998638088395,0.9999983820554688,0.9999999995660148,-0.9945105809620923,-0.9944200293216005,0.9944403228142151,-0.9944509737767174,0.977746523043703,-0.6501825181330588,0.9780590123673987,-0.05551887624750721,0.056287754649816744,-0.05663064164153435,-0.056630641641533794,0.056881252845030955,0.05688125284503486,-0.056931386073503606,-0.05698288667079257,-0.056982886670793716
0.4747530030374976,-0.47475386345461495,-0.15884805115270748,0.9123044935940808,0.9944999687235961,-0.9944782922177673,-0.9945105809620923,0.9999999976619416,0.9779259144973098,-0.9779663394727761,0.9779872003355572,-0.9504319625666954,0.7260984251136312,-0.994481486340761,0.15967032382783988,-0.16043045114994164,0.16076945566140977,0.160769455661409,-0.16101717246747765,-0.16101717246748215,0.16106676034840192,0.1611176973009635,0.16111769730096512
0.648169812922897,-0.6481728721574901,0.0509481871852149,0.977735995548126,0.9944302264474403,-0.9944495539625942,-0.9944200293216005,0.9779259144973098,0.9999999996877041,-0.9999988290396622,0.9999995705779668,-0.9944213571892228,0.5664087783019023,-0.9506293433776098,-0.05011637722957565,0.04934722013710293,-0.049004229157445796,-0.04900422915744581,0.04875348473036288,0.04875348473035933,-0.048703358790250555,-0.048651862228640305,-0.04865186222863927
-0.6480215104009915,0.648024567650647,-0.050753873279029894,-0.9776949399125744,-0.9944505007736879,0.9944702943234874,0.9944403228142151,-0.9779663394727761,-0.9999988290396622,0.9999999993839064,-0.9999988927781878,0.9944011095477568,-0.5665689823535861,0.9506894955180801,0.049922055300487204,-0.04915289098569586,0.04880989674796552,0.04880989674796576,-0.048559150044545134,-0.04855915004454192,0.04850902358682119,0.04845752649981128,0.048457526499810395
0.6479464841180625,-0.6479495403615448,0.05065528644149681,0.9776744532329683,0.9944611420138032,-0.994480916403237,-0.9944509737767174,0.9779872003355572,0.9999995705779668,-0.9999988927781878,0.9999999997588673,-0.9943909321858232,0.5666504792341324,-0.9507203572747477,-0.04982346409648249,0.04905429584371503,-0.048711299830931,-0.048711299830931344,0.04846055188338258,0.048460551883379006,-0.04841042514520419,-0.0483589277733013,-0.04835892777330057
-0.7248772863582733,0.7248814044621108,-0.15600719892371678,-0.9944182986270522,-0.9777670547967474,0.9778072544644424,0.977746523043703,-0.9504319625666954,-0.9944213571892228,0.9944011095477568,-0.9943909321858232,1.000000000966534,-0.4763220689940289,0.9125957540010712,0.15518448305821422,-0.1544236286366739,0.15408436036234288,0.15408436036234305,-0.1538362802298437,-0.15383628022984105,0.15378672082315792,0.15373580283430263,0.15373580283430202
-0.2604281104504095,0.26043478387951813,-0.7941824065083259,0.38084858144333206,0.6501071055961185,-0.649958337186868,-0.6501825181330588,0.7260984251136312,0.5664087783019023,-0.5665689823535861,0.5666504792341324,-0.4763220689940289,0.9999999844878352,-0.7941720334920135,0.7946888576626273,-0.7951558648594002,0.7953642763405332,0.7953642763405313,-0.7955161891935907,-0.7955161891935962,0.7955468228648798,0.7955782672016714,0.7955782672016741
-0.3798719747830891,0.37987171774770134,0.2614709693656369,-0.8643426699035893,-0.978038135794036,0.9779967419742052,0.9780590123673987,-0.994481486340761,-0.9506293433776098,0.9506894955180801,-0.9507203572747477,0.9125957540010712,-0.7941720334920135,0.9999999906843394,-0.26227481712568707,0.2630178050297262,-0.2633491860390271,-0.2633491860390262,0.2635912746979704,0.26359127469797555,-0.26363977005918715,-0.2636895813016547,-0.26368958130165676
-0.793022600141655,0.7930329409669018,-0.9999980428189597,-0.2585991333230364,0.055419972889638514,-0.05522507327745706,-0.05551887624750721,0.15967032382783988,-0.05011637722957565,0.049922055300487204,-0.04982346409648249,0.15518448305821422,0.7946888576626273,-0.26227481712568707,0.9999999993101206,-0.9999979780295659,0.9999984265346218,0.9999984265346197,-0.9999978445194031,-0.9999978445194077,0.9999980493263492,0.9999982270508078,0.9999982270508108
0.7925530232637573,-0.7925633621243028,0.999997350546556,0.2578550837157598,-0.05618885538687862,0.055993963641289016,0.056287754649816744,-0.16043045114994164,0.04934722013710293,-0.04915289098569586,0.04905429584371503,-0.1544236286366739,-0.7951558648594002,0.2630178050297262,-0.9999979780295659,0.9999999989401982,-0.9999982253466698,-0.999998225346666,0.9999983404282025,0.9999983404282069,-0.9999985838877375,-0.9999988013204408,-0.9999988013204447
-0.7923437708433395,0.7923541088297247,-0.9999970092588376,-0.2575233293046977,0.05653174418570527,-0.056336855910732786,-0.05663064164153435,0.16076945566140977,-0.049004229157445796,0.04880989674796552,-0.048711299830931,0.15408436036234288,0.7953642763405332,-0.2633491860390271,0.9999984265346218,-0.9999982253466698,0.9999999993241495,0.9999990561998497,-0.9999982498647568,-0.9999987536712832,0.9999990143677232,0.999999249508095,0.9999992495080979
-0.7923437708433375,0.7923541088297228,-0.999997009258835,-0.2575233293046974,0.05653174418570469,-0.05633685591073233,-0.056630641641533794,0.160769455661409,-0.04900422915744581,0.04880989674796576,-0.048711299830931344,0.15408436036234305,0.7953642763405313,-0.2633491860390262,0.9999984265346197,-0.999998225346666,0.9999990561998497,0.9999999993241495,-0.9999987536712749,-0.9999982498647592,0.9999990143677207,0.999999249508092,0.9999992495080962
0.7921903833944588,-0.7922007207362569,0.9999962181955397,0.25728068559791667,-0.05678235676370809,0.05658747113120496,0.056881252845030955,-0.16101717246747765,0.04875348473036288,-0.048559150044545134,0.04846055188338258,-0.1538362802298437,-0.7955161891935907,0.2635912746979704,-0.9999978445194031,0.9999983404282025,-0.9999982498647568,-0.9999987536712749,0.9999999989359908,0.9999985141503079,-0.9999982836398411,-0.9999985317239505,-0.999999035530473
0.7921903833944604,-0.7922007207362595,0.9999962181955457,0.2572806855979141,-0.056782356763711725,0.056587471131208995,0.05688125284503486,-0.16101717246748215,0.04875348473035933,-0.04855915004454192,0.048460551883379006,-0.15383628022984105,-0.7955161891935962,0.26359127469797555,-0.9999978445194077,0.9999983404282069,-0.9999987536712832,-0.9999982498647592,0.9999985141503079,0.9999999989359908,-0.9999982836398427,-0.9999990355304753,-0.999998531723957
-0.7921599648083124,0.7921703020245325,-0.999996381198422,-0.25723224654408877,0.05683249023528146,-0.056637605068607995,-0.056931386073503606,0.16106676034840192,-0.048703358790250555,0.04850902358682119,-0.04841042514520419,0.15378672082315792,0.7955468228648798,-0.26363977005918715,0.9999980493263492,-0.9999985838877375,0.9999990143677232,0.9999990143677207,-0.9999982836398411,-0.9999982836398427,0.9999999993292066,0.9999993139346212,0.9999993139346248
-0.7921286895508068,0.7921390266376808,-0.9999965159771266,-0.2571824761267501,0.05688399108554175,-0.05668910640378758,-0.05698288667079257,0.1611176973009635,-0.048651862228640305,0.04845752649981128,-0.0483589277733013,0.15373580283430263,0.7955782672016714,-0.2636895813016547,0.9999982270508078,-0.9999988013204408,0.999999249508095,0.999999249508092,-0.9999985317239505,-0.9999990355304753,0.9999993139346212,0.9999999996901217,0.9999995672663239
-0.7921286895508078,0.7921390266376828,-0.9999965159771294,-0.25718247612675016,0.05688399108554291,-0.05668910640378896,-0.056982886670793716,0.16111769730096512,-0.04865186222863927,0.048457526499810395,-0.04835892777330057,0.15373580283430202,0.7955782672016741,-0.26368958130165676,0.9999982270508108,-0.9999988013204447,0.9999992495080979,0.9999992495080962,-0.999999035530473,-0.999998531723957,0.9999993139346248,0.9999995672663239,0.9999999996901217
