0.999999997069212,-0.9999959668094147,0.9999959346796562,0.9999959346796582,1.000000518393753,-1.0000012720842477,-1.0000012720842495,-0.9999997144528765,-1.0000000479544964,0.9999985650025347,0.9944520284720243,0.9944507285294598,0.15743810412764603,-0.7254956951502651,0.47552724545124875,-0.9124464260186086,-0.9999975559518313,-0.9999986222479578,0.9999965136502703,-0.9999961745167408,-0.9999961745167432,0.9504295430163503,0.9999987176160359,-0.9778658129486064
-0.9999959668094147,0.9999999969001918,-0.9999959942055069,-0.999995994205512,-1.0000003656331586,1.0000011192370086,1.0000011192370084,0.9999995696080448,0.9999998876194416,-0.9999984281086707,-0.9944518481498653,-0.9944505824983568,-0.15743789901125357,0.7254954563535831,-0.4755273228522602,0.9124463428453298,0.9999974256842871,0.999998486356458,-0.9999963895131916,0.9999960530816783,0.9999960530816783,-0.9504294356742701,-0.9999985822640881,0.9778656845717367
0.9999959346796562,-0.9999959942055069,0.9999999971084881,0.9999959601471218,1.0000004791833002,-1.0000012326874808,-1.0000012326874816,-0.9999996905361542,-0.9999999942131306,0.9999985565418891,0.9944519350715896,0.9944507008208786,0.15743774878418415,-0.7254954206543591,0.4755275166421655,-0.9124464988305513,-0.9999975604237877,-0.9999986157308536,0.9999965301333608,-0.9999963753874357,-0.999996196300193,0.9504295787626748,0.9999987121453999,-0.9778658150420475
0.9999959346796582,-0.999995994205512,0.9999959601471218,0.9999999971084881,1.0000004791833017,-1.0000012326874819,-1.0000012326874825,-0.9999996905361558,-0.9999999942131322,0.9999985565418906,0.9944519350715915,0.9944507008208805,0.1574377487841853,-0.7254954206543615,0.475527516642166,-0.9124464988305523,-0.999997560423791,-0.9999986157308545,0.9999965301333645,-0.9999961963001942,-0.999996375387442,0.9504295787626756,0.9999987121454007,-0.9778658150420478
1.000000518393753,-1.0000003656331586,1.0000004791833002,1.0000004791833017,1.0000000027948772,-1.0000048335974288,-1.0000048335974274,-1.000003557278881,-1.000003352894154,1.0000025056175896,0.9944543798502765,0.9944543471983475,0.1574321163052374,-0.7254935270862715,0.4755343085946125,-0.9124516196742108,-1.000001728131169,-1.0000025970107111,1.0000008990236444,-1.0000006540336825,-1.0000006540336848,0.9504341918516181,1.000002710758599,-0.977869937377889
-1.0000012720842477,1.0000011192370086,-1.0000012326874808,-1.0000012326874819,-1.0000048335974288,1.0000000038677372,1.0000054041089168,1.000004128765026,1.0000039214555643,-1.000003257262554,-0.9944551385256586,-0.9944550736646113,-0.1574323986621525,0.7254941802658371,-0.47553451536277336,0.9124522325345256,1.0000024805162067,1.000003348888473,-1.0000016520633341,1.0000014073516321,1.000001407351633,-0.9504348505956327,-1.0000034627460108,0.9778706341202661
-1.0000012720842495,1.0000011192370084,-1.0000012326874816,-1.0000012326874825,-1.0000048335974274,1.0000054041089168,1.0000000038677372,1.0000041287650265,1.0000039214555654,-1.000003257262554,-0.9944551385256576,-0.9944550736646123,-0.1574323986621506,0.7254941802658366,-0.4755345153627756,0.9124522325345278,1.0000024805162078,1.0000033488884728,-1.0000016520633344,1.0000014073516317,1.0000014073516343,-0.9504348505956352,-1.0000034627460115,0.9778706341202682
-0.9999997144528765,0.9999995696080448,-0.9999996905361542,-0.9999996905361558,-1.000003557278881,1.000004128765026,1.0000041287650265,1.0000000019954933,1.000002705794163,-1.0000020320633072,-0.9944541039688127,-0.9944537467852339,-0.1574336675908419,0.7254943053508275,-0.47553267914872904,0.9124505901762087,1.000001023117145,1.000001936780301,-1.0000001460954262,0.9999998799320685,0.9999998799320696,-0.9504333122595733,-1.0000020464311565,0.9778692003283992
-1.0000000479544964,0.9999998876194416,-0.9999999942131306,-0.9999999942131322,-1.000003352894154,1.0000039214555643,1.0000039214555654,1.000002705794163,1.0000000017100348,-1.0000018918610358,-0.9944535484860241,-0.9944539291108305,-0.15742993211908932,0.7254915441610073,-0.4755357397343137,0.9124516960339599,1.0000011639266075,1.0000019900617863,-1.0000003801624877,1.0000001552644697,1.000000155264471,-0.9504340238501475,-1.000002107530972,0.9778695452531194
0.9999985650025347,-0.9999984281086707,0.9999985565418891,0.9999985565418906,1.0000025056175896,-1.000003257262554,-1.000003257262554,-1.0000020320633072,-1.0000018918610358,1.000000000612133,0.9944534696637932,0.9944528172236052,0.15743504099390662,-0.7254947436679348,0.4755309968166884,-0.9124493001553489,-1.0000001522224533,-1.0000011105547266,0.9999990480097316,-0.9999987605924074,-0.99999876059241,0.9504321457937771,1.0000010369944023,-0.9778681537415871
0.9944520284720243,-0.9944518481498653,0.9944519350715896,0.9944519350715915,0.9944543798502765,-0.9944551385256586,-0.9944551385256576,-0.9944541039688127,-0.9944535484860241,0.9944534696637932,1.0000000006719891,0.9778694833363172,0.26043851343597935,-0.7938637942618392,0.38035823128716845,-0.8643446111876367,-0.9944528838362461,-0.9944535921434912,0.9944522275884615,-0.994452058141416,-0.994452058141417,0.9124518831258787,0.9944537216973061,-0.9504340894585919
0.9944507285294598,-0.9944505824983568,0.9944507008208786,0.9944507008208805,0.9944543471983475,-0.9944550736646113,-0.9944550736646123,-0.9944537467852339,-0.9944539291108305,0.9944528172236052,0.9778694833363172,1.0000000015255723,0.052672101711276564,-0.6490667583549677,0.5654378217534559,-0.9504337494544312,-0.9944520023672805,-0.9944528963305758,0.9944511431965025,-0.9944508847102008,-0.994450884710203,0.9778692148127714,0.9944530038920193,-0.9944535463131746
0.15743810412764603,-0.15743789901125357,0.15743774878418415,0.1574377487841853,0.1574321163052374,-0.1574323986621525,-0.1574323986621506,-0.1574336675908419,-0.15742993211908932,0.15743504099390662,0.26043851343597935,0.052672101711276564,0.9999999980975139,-0.7938618512235365,-0.793861658928453,0.2604371495850968,-0.1574360991178836,-0.15743528206930452,0.15743702753015548,-0.15743745543288262,-0.1574374554328834,-0.15742741672442206,0.15743541531248326,0.052670110455480854
-0.7254956951502651,0.7254954563535831,-0.7254954206543591,-0.7254954206543615,-0.7254935270862715,0.7254941802658371,0.7254941802658366,0.7254943053508275,0.7254915441610073,-0.7254947436679348,-0.7938637942618392,-0.6490667583549677,-0.7938618512235365,0.9999999989554873,0.26043739326148546,0.3803592498551868,0.725495018661674,0.7254949678073361,-0.7254951678407257,0.7254953206274968,0.7254953206274987,-0.47553752798102444,-0.725495130822609,0.5654392986783482
0.47552724545124875,-0.4755273228522602,0.4755275166421655,0.475527516642166,0.4755343085946125,-0.47553451536277336,-0.4755345153627756,-0.47553267914872904,-0.4755357397343137,0.4755309968166884,0.38035823128716845,0.5654378217534559,-0.793861658928453,0.26043739326148546,0.999999998712055,-0.7938626066055645,-0.4755296438005117,-0.4755308470310689,0.475528369521053,-0.4755278659474209,-0.4755278659474209,0.7254893379594071,0.47553080330740805,-0.6490650707761288
-0.9124464260186086,0.9124463428453298,-0.9124464988305513,-0.9124464988305523,-0.9124516196742108,0.9124522325345256,0.9124522325345278,0.9124505901762087,0.9124516960339599,-0.9124493001553489,-0.8643446111876367,-0.9504337494544312,0.2604371495850968,0.3803592498551868,-0.7938626066055645,1.0000000000801859,0.9124482155845747,0.9124493055778331,-0.912447126957682,0.912446757993808,0.9124467579938096,-0.9944523369050927,-0.9124493704224672,0.977868690453762
-0.9999975559518313,0.9999974256842871,-0.9999975604237877,-0.999997560423791,-1.000001728131169,1.0000024805162067,1.0000024805162078,1.000001023117145,1.0000011639266075,-1.0000001522224533,-0.9944528838362461,-0.9944520023672805,-0.1574360991178836,0.725495018661674,-0.4755296438005117,0.9124482155845747,0.9999999993180655,1.0000000428016842,-0.9999982609927085,0.9999977767317543,0.9999977767317555,-0.9504311533407865,-1.0000001448434592,0.9778672510807138
-0.9999986222479578,0.999998486356458,-0.9999986157308536,-0.9999986157308545,-1.0000025970107111,1.000003348888473,1.0000033488884728,1.000001936780301,1.0000019900617863,-1.0000011105547266,-0.9944535921434912,-0.9944528963305758,-0.15743528206930452,0.7254949678073361,-0.4755308470310689,0.9124493055778331,1.0000000428016842,1.0000000007205052,-0.9999991116863114,0.9999988216161665,0.9999988216161684,-0.9504321785704951,-1.000001290853369,0.9778682110831631
0.9999965136502703,-0.9999963895131916,0.9999965301333608,0.9999965301333645,1.0000008990236444,-1.0000016520633341,-1.0000016520633344,-1.0000001460954262,-1.0000003801624877,0.9999990480097316,0.9944522275884615,0.9944511431965025,0.15743702753015548,-0.7254951678407257,0.475528369521053,-0.912447126957682,-0.9999982609927085,-0.9999991116863114,0.9999999979095794,-0.9999969368855197,-0.9999969368855182,0.9504301421316386,0.9999992105107038,-0.9778663163823191
-0.9999961745167408,0.9999960530816783,-0.9999963753874357,-0.9999961963001942,-1.0000006540336825,1.0000014073516321,1.0000014073516317,0.9999998799320685,1.0000001552644697,-0.9999987605924074,-0.994452058141416,-0.9944508847102008,-0.15743745543288262,0.7254953206274968,-0.4755278659474209,0.912446757993808,0.9999977767317543,0.9999988216161665,-0.9999969368855197,0.9999999974440564,0.9999964289769274,-0.9504298117088427,-0.9999989190162292,0.9778660228331824
-0.9999961745167432,0.9999960530816783,-0.999996196300193,-0.999996375387442,-1.0000006540336848,1.000001407351633,1.0000014073516343,0.9999998799320696,1.000000155264471,-0.99999876059241,-0.994452058141417,-0.994450884710203,-0.1574374554328834,0.7254953206274987,-0.4755278659474209,0.9124467579938096,0.9999977767317555,0.9999988216161684,-0.9999969368855182,0.9999964289769274,0.9999999974440564,-0.9504298117088446,-0.9999989190162325,0.9778660228331834
0.9504295430163503,-0.9504294356742701,0.9504295787626748,0.9504295787626756,0.9504341918516181,-0.9504348505956327,-0.9504348505956352,-0.9504333122595733,-0.9504340238501475,0.9504321457937771,0.9124518831258787,0.9778692148127714,-0.15742741672442206,-0.47553752798102444,0.7254893379594071,-0.9944523369050927,-0.9504311533407865,-0.9504321785704951,0.9504301421316386,-0.9504298117088427,-0.9504298117088446,1.000000000728207,0.9504322598198742,-0.9944530283628128
0.9999987176160359,-0.9999985822640881,0.9999987121453999,0.9999987121454007,1.000002710758599,-1.0000034627460108,-1.0000034627460115,-1.0000020464311565,-1.000002107530972,1.0000010369944023,0.9944537216973061,0.9944530038920193,0.15743541531248326,-0.725495130822609,0.47553080330740805,-0.9124493704224672,-1.0000001448434592,-1.000001290853369,0.9999992105107038,-0.9999989190162292,-0.9999989190162325,0.9504322598198742,1.0000000008706724,-0.9778683065872259
-0.9778658129486064,0.9778656845717367,-0.9778658150420475,-0.9778658150420478,-0.977869937377889,0.9778706341202661,0.9778706341202682,0.9778692003283992,0.9778695452531194,-0.9778681537415871,-0.9504340894585919,-0.9944535463131746,0.052670110455480854,0.5654392986783482,-0.6490650707761288,0.977868690453762,0.9778672510807138,0.9778682110831631,-0.9778663163823191,0.9778660228331824,0.9778660228331834,-0.9944530283628128,-0.9778683065872259,1.0000000011503059
