0.9999999859962952,-0.9999826075759578,0.9999804818339495,-0.999982192644412,-0.9999903267909432,0.9999913927371425,-0.9999868899477389,0.9999843998840271,0.999984399884029,0.9999908837820946,-0.9999903267909414,-0.9999902116553635,0.9999913313070311,-0.9999922183280852,-0.9999922183280832,0.9999931720378421,0.9999931720378465,-0.9999936851490536,0.999993211623949,-0.9999923936385939
-0.9999826075759578,0.9999999884512091,-0.9999821926444168,0.9999839034578453,0.9999920376182198,-0.9999931035662832,0.9999886007693298,-0.9999865256328341,-0.9999861107012935,-0.9999925946106272,0.9999920376182214,0.9999919224824813,-0.9999930421360971,0.9999939291589363,0.9999939291589338,-0.9999948828703304,-0.9999948828703342,0.9999953959823927,-0.9999949224563833,0.9999941044695201
0.9999804818339495,-0.9999821926444168,0.9999999859962952,-0.9999826075759543,-0.999990326790944,0.9999913927371441,-0.9999868899477377,0.9999843998840268,0.9999843998840281,0.9999908837820939,-0.9999903267909432,-0.9999902116553641,0.999991331307032,-0.9999922183280846,-0.9999922183280827,0.9999931720378419,0.9999931720378462,-0.9999936851490523,0.9999932116239496,-0.9999923936385955
-0.999982192644412,0.9999839034578453,-0.9999826075759543,0.9999999884512091,0.9999920376182156,-0.9999931035662777,0.9999886007693249,-0.9999861107012875,-0.9999865256328273,-0.9999925946106221,0.9999920376182162,0.999991922482476,-0.9999930421360913,0.9999939291589308,0.9999939291589274,-0.9999948828703246,-0.9999948828703297,0.9999953959823876,-0.9999949224563782,0.9999941044695159
-0.9999903267909432,0.9999920376182198,-0.999990326790944,0.9999920376182156,1.0000000001232567,-1.0000016526849362,0.9999967349709302,-0.9999942448809231,-0.9999942448809243,-1.0000007288492025,1.0000001717942464,1.0000000566658012,-1.0000011763295467,1.00000206340981,1.000002063409809,-1.0000030171258345,-1.0000030171258394,1.0000035302343018,-1.0000030566871332,1.00000223867535
0.9999913927371425,-0.9999931035662832,0.9999913927371441,-0.9999931035662777,-1.0000016526849362,1.0000000016528456,-0.9999978009239595,0.9999953108313234,0.9999953108313255,1.0000017948063642,-1.0000016526849347,-1.0000011226244594,1.0000022422893746,-1.0000031293683573,-1.0000031293683542,1.0000040830855528,1.0000040830855577,-1.000004596194926,1.000004122648018,-1.0000037195677047
-0.9999868899477389,0.9999886007693298,-0.9999868899477377,0.9999886007693249,0.9999967349709302,-0.9999978009239595,0.9999999951915888,-0.9999912229547615,-0.9999912229547614,-0.9999977068946658,0.9999967349709304,0.9999966198342335,-0.9999977394931391,0.9999986265177156,0.9999986265177134,-0.999999580233807,-0.9999995802338115,1.0000000933487,-0.9999996198212923,0.9999988018314419
0.9999843998840271,-0.9999865256328341,0.9999843998840268,-0.9999861107012875,-0.9999942448809231,0.9999953108313234,-0.9999912229547615,0.999999991618476,0.9999883179496505,0.9999948018733592,-0.9999942448809237,-0.9999941297447508,0.9999952494008548,-0.9999961364246218,-0.9999961364246188,0.9999970901382146,0.9999970901382207,-0.9999976032515914,0.9999971297248853,-0.999996311736581
0.999984399884029,-0.9999861107012935,0.9999843998840281,-0.9999865256328273,-0.9999942448809243,0.9999953108313255,-0.9999912229547614,0.9999883179496505,0.999999991618476,0.9999948018733611,-0.9999942448809241,-0.9999941297447522,0.9999952494008564,-0.9999961364246224,-0.99999613642462,0.9999970901382156,0.9999970901382205,-0.9999976032515914,0.9999971297248869,-0.9999963117365808
0.9999908837820946,-0.9999925946106272,0.9999908837820939,-0.9999925946106221,-1.0000007288492025,1.0000017948063642,-0.9999977068946658,0.9999948018733592,0.9999948018733611,1.000000000922553,-1.0000007288492037,-1.0000006137113788,1.0000017333747442,-1.0000030353304539,-1.0000030353304523,1.0000035741191184,1.000003574119123,-1.0000040872367135,1.0000036137087662,-1.0000027957170605
-0.9999903267909414,0.9999920376182214,-0.9999903267909432,0.9999920376182162,1.0000001717942464,-1.0000016526849347,0.9999967349709304,-0.9999942448809237,-0.9999942448809241,-1.0000007288492037,1.0000000001232567,1.0000000566658003,-1.0000011763295442,1.00000206340981,1.000002063409809,-1.0000030171258358,-1.0000030171258403,1.0000035302343009,-1.0000030566871316,1.00000223867535
-0.9999902116553635,0.9999919224824813,-0.9999902116553641,0.999991922482476,1.0000000566658012,-1.0000011226244594,0.9999966198342335,-0.9999941297447508,-0.9999941297447522,-1.0000006137113788,1.0000000566658003,0.9999999999580536,-1.0000014761310527,1.0000019482716185,1.0000019482716163,-1.000002901988048,-1.000002901988054,1.0000034150977142,-1.0000029415533738,1.000002123544611
0.9999913313070311,-0.9999930421360971,0.999991331307032,-0.9999930421360913,-1.0000011763295467,1.0000022422893746,-0.9999977394931391,0.9999952494008548,0.9999952494008564,1.0000017333747442,-1.0000011763295442,-1.0000014761310527,1.000000001564705,-1.0000030679364749,-1.0000030679364735,1.0000040216540445,1.0000040216540493,-1.0000045347644297,1.0000040612198537,-1.000003658142021
-0.9999922183280852,0.9999939291589363,-0.9999922183280846,0.9999939291589308,1.00000206340981,-1.0000031293683573,0.9999986265177156,-0.9999961364246218,-0.9999961364246224,-1.0000030353304539,1.00000206340981,1.0000019482716185,-1.0000030679364749,1.0000000028375686,1.0000039549605528,-1.000005323613674,-1.0000049086821343,1.0000054218006207,-1.0000049482724758,1.0000041302801348
-0.9999922183280832,0.9999939291589338,-0.9999922183280827,0.9999939291589274,1.000002063409809,-1.0000031293683542,0.9999986265177134,-0.9999961364246188,-0.99999613642462,-1.0000030353304523,1.000002063409809,1.0000019482716163,-1.0000030679364735,1.0000039549605528,1.0000000028375686,-1.000004908682128,-1.0000053236136748,1.0000054218006187,-1.0000049482724735,1.0000041302801324
0.9999931720378421,-0.9999948828703304,0.9999931720378419,-0.9999948828703246,-1.0000030171258345,1.0000040830855528,-0.999999580233807,0.9999970901382146,0.9999970901382156,1.0000035741191184,-1.0000030171258358,-1.000002901988048,1.0000040216540445,-1.000005323613674,-1.000004908682128,1.000000004206103,1.000005862404427,-1.000006790454459,1.0000059019932306,-1.0000050839989583
0.9999931720378465,-0.9999948828703342,0.9999931720378462,-0.9999948828703297,-1.0000030171258394,1.0000040830855577,-0.9999995802338115,0.9999970901382207,0.9999970901382205,1.000003574119123,-1.0000030171258403,-1.000002901988054,1.0000040216540493,-1.0000049086821343,-1.0000053236136748,1.000005862404427,1.000000004206103,-1.0000067904544605,1.000005901993235,-1.0000050839989625
-0.9999936851490536,0.9999953959823927,-0.9999936851490523,0.9999953959823876,1.0000035302343018,-1.000004596194926,1.0000000933487,-0.9999976032515914,-0.9999976032515914,-1.0000040872367135,1.0000035302343009,1.0000034150977142,-1.0000045347644297,1.0000054218006207,1.0000054218006187,-1.000006790454459,-1.0000067904544605,1.0000000049423963,-1.0000068300394633,1.0000055971104482
0.999993211623949,-0.9999949224563833,0.9999932116239496,-0.9999949224563782,-1.0000030566871332,1.000004122648018,-0.9999996198212923,0.9999971297248853,0.9999971297248869,1.0000036137087662,-1.0000030566871316,-1.0000029415533738,1.0000040612198537,-1.0000049482724758,-1.0000049482724735,1.0000059019932306,1.000005901993235,-1.0000068300394633,1.0000000042629007,-1.000005538498119
-0.9999923936385939,0.9999941044695201,-0.9999923936385955,0.9999941044695159,1.00000223867535,-1.0000037195677047,0.9999988018314419,-0.999996311736581,-0.9999963117365808,-1.0000027957170605,1.00000223867535,1.000002123544611,-1.000003658142021,1.0000041302801348,1.0000041302801324,-1.0000050839989583,-1.0000050839989625,1.0000055971104482,-1.000005538498119,1.0000000030891096
