0.9999999974808882,-0.9999960648713715,0.25898639160474335,-0.25899383003318427,-0.02126561829497714,0.02129316468456709,0.021251106847662134,0.25901318820308356,-0.793407803197175,0.38236232553653304,-0.20083602169747217,0.2589901029107278,0.05996736446381426,-0.572234355609939,0.5722353051413828,0.02124387620139676,-0.021245212901992237,-0.021243814122751847,-0.02124381412274893,0.9999959566933854,-0.7934312815271135,0.7228843040180871,-0.48011981776366813,-0.6576300811229588,-0.7102839581366259,0.6711232687125884,0.6974545380263437,-0.2103718144182771,-0.6843996004711386,0.0749361366772141,-0.04837531791690036,-0.03316806862385931,0.005980516205574862
-0.9999960648713715,0.9999999969398353,-0.2589890942163406,0.25899653709456716,0.021327842399801896,-0.02135538874779228,-0.021313330910768383,-0.25901587154528904,0.7934092577688208,-0.38235954075307926,0.2008004127155558,-0.25899284245709864,-0.05990807220644258,0.5722318142134134,-0.5722327614914087,-0.021306100143771992,0.021307436898646184,0.021306038045301113,0.021306038045298174,-0.9999955648255454,0.7934292515236414,-0.7228820720647537,0.48011713912899895,0.6576276978944309,0.7102816970887283,-0.6711209171273061,-0.6974522474356997,0.2104118089026026,0.6843972797396515,-0.0749968803307919,0.04843714706717439,0.03310712208542169,-0.005918588704190439
0.25898639160474335,-0.2589890942163406,0.9999999961787815,-0.9999961440631527,-0.050226351981060416,0.05068111634228634,0.049824876948034315,0.99999385567028,-0.7933962291602363,-0.793452281659561,-0.7944382420615478,1.000001982697324,0.26171446885184746,0.6438976744595295,-0.643897219680019,0.049229841685108085,-0.04948918357928396,-0.04914246395290422,-0.04914246395290827,0.2589956912374117,0.38239680738564097,-0.48016564374718895,0.7229204867403052,0.5573091807318744,0.49593229079542706,-0.542228149170528,-0.5115349475183779,-0.7932905002014741,0.5269685298009065,0.2591348545956662,-0.15576391234143605,-0.1589856593576619,0.05447067818465913
-0.25899383003318427,0.25899653709456716,-0.9999961440631527,0.9999999983558522,0.05029803450173224,-0.05075279728351738,-0.049896560859871465,-0.9999953350456129,0.7934018673505263,0.7934490048914659,0.7943959096271951,-1.0000035265872833,-0.2616456720554519,-0.6438930121591505,0.643892559969206,-0.04930152771797744,0.049560868673477906,0.04921415030372079,0.049214150303724884,-0.25900314289633164,-0.3823906080768348,0.4801599234895646,-0.7229164935235927,-0.5573039143759793,-0.49592665466345004,0.5422227851517252,0.5115293987018534,0.7933353604537225,-0.5269630716505207,-0.2592044953940709,0.15583497001146926,0.15891511828296181,-0.0543991720677309
-0.02126561829497714,0.021327842399801896,-0.050226351981060416,0.05029803450173224,1.000000010881457,-1.0000151331256475,-1.0000143288241283,-0.049917544449197354,0.04491961540385907,0.03399236517469454,-0.5666720603803106,-0.05081976687929759,0.9507849525927767,-0.024912429152539002,0.02494860267736745,-1.000012450721925,1.000013256563817,1.0000121645810238,1.0000121645810207,-0.021450633731629663,-0.010700656554022012,0.015852999889712862,-0.029623322173781216,-0.02005215802713908,-0.01666171514192228,0.01917777242696057,0.017483970823299246,0.6479359656975782,-0.0183220787284937,-0.977648309430505,0.9943847328865739,-0.978061720576925,0.9945337836138002
0.02129316468456709,-0.02135538874779228,0.05068111634228634,-0.05075279728351738,-1.0000151331256475,1.0000000108924654,1.0000140591210895,0.05037231269730353,-0.0452235643953552,-0.03441007285922343,0.5662968358176461,0.05127452123675862,-0.9506437798382662,0.025276747626420234,-0.02531292022163747,1.0000118734991368,-1.000012803881667,-1.0000115453606997,-1.0000115453606964,0.021478180547444544,0.010960890605006553,-0.016153325225056674,0.030016645375452115,0.020383188385551945,0.01696838816574581,-0.019502872435214015,-0.017796890263780916,-0.6482827532532087,0.018641141160770744,0.9777439851231458,-0.9944328695756712,0.9779667557820279,-0.9944860659378071
0.021251106847662134,-0.021313330910768383,0.049824876948034315,-0.049896560859871465,-1.0000143288241283,1.0000140591210895,1.0000000097123354,0.049516066602439075,-0.04465746373581641,-0.033617425561926845,0.5670027110555701,0.05041830005638431,-0.9509086212713022,0.02458303404280763,-0.02461920834058583,1.0000119696362388,-1.000012642675949,-1.000011720804503,-1.0000117208044998,0.021436121677880147,0.010461535621873738,-0.015578961169415,0.02926907418027251,0.019751488322579707,0.016382162151126572,-0.018882237403793897,-0.017198995800394395,-0.647629208117486,0.018031775786310714,0.9775628829289754,-0.9943412336640822,0.9781445740415042,-0.9945748959100322
0.25901318820308356,-0.25901587154528904,0.99999385567028,-0.9999953350456129,-0.049917544449197354,0.05037231269730353,0.049516066602439075,0.9999999951248322,-0.7934126397072631,-0.7934348247979672,-0.7946253816694028,1.0000010119842555,0.26201264705768323,0.6438760546547124,-0.6438755886365076,0.04892102779310176,-0.04918037118266444,-0.0488336495737143,-0.048833649573718343,0.259022430568765,0.382370864628501,-0.48014098208128075,0.7229008450286668,0.5572857923069852,0.49590788136213065,-0.5422045050690922,-0.5115107923044772,-0.7931016410045026,0.5269446299308824,0.2588360490394235,-0.15545840126543875,-0.15929076427953276,0.054779338418487124
-0.793407803197175,0.7934092577688208,-0.7933962291602363,0.7934018673505263,0.04491961540385907,-0.0452235643953552,-0.04465746373581641,-0.7934126397072631,0.9999999952376811,0.25905796351588106,0.627292470822061,-0.7934031139490147,-0.20284976093700482,-0.04515331062569028,0.04515242077330859,-0.044277920320234726,0.044442197983369965,0.044222816423473435,0.04422281642347417,-0.7934132943490728,0.2590393695427813,-0.15296803774548642,-0.15300300352386462,0.06322999371826375,0.13509136262729016,-0.08123726035017595,-0.11717367190424068,0.6324155342193143,0.09922041134990933,-0.210398481438399,0.12851394898871374,0.12122551778890311,-0.038229511385301965
0.38236232553653304,-0.38235954075307926,-0.793452281659561,0.7934490048914659,0.03399236517469454,-0.03441007285922343,-0.033617425561926845,-0.7934348247979672,0.25905796351588106,0.999999995055726,0.6338478667238914,-0.7934565744335267,-0.21321716823148437,-0.9765646070935423,0.9765647465154088,-0.033052723151065305,0.03329998819392126,0.03296916970824121,0.03296916970824697,0.3823532281980922,-0.8657808604229571,0.9148582870969424,-0.9941181714267929,-0.9475395169040851,-0.922001721987339,0.9416146375246064,0.9288439174158963,0.6259414136292505,-0.9353822491708241,-0.20004743424022658,0.11787969631344386,0.13184299647782188,-0.048997558733953325
-0.20083602169747217,0.2008004127155558,-0.7944382420615478,0.7943959096271951,-0.5666720603803106,0.5662968358176461,0.5670027110555701,-0.7946253816694028,0.627292470822061,0.6338478667238914,0.9999999946007172,-0.7940834199855548,-0.7940817444010129,-0.5159715780758561,0.5159492056790606,0.5674924339968414,-0.5672789783303338,-0.5675643427497538,-0.5675643427497484,-0.20073118554817418,-0.3088616706449201,0.3863916039821078,-0.5783078126255867,-0.4474856059763658,-0.3989080593871027,0.4355745838460233,0.41128102259485044,0.26044387261622287,-0.4235048932250053,0.3807243339564461,-0.4761812314735895,0.7259189826907926,-0.6497123037943288
0.2589901029107278,-0.25899284245709864,1.000001982697324,-1.0000035265872833,-0.05081976687929759,0.05127452123675862,0.05041830005638431,1.0000010119842555,-0.7934031139490147,-0.7934565744335267,-0.7940834199855548,1.0000000069011543,0.261143297220604,0.6439004391651176,-0.6439000059035684,0.04982327658578752,-0.05008261333247981,-0.049735900578282824,-0.04973590057828691,0.258999512335305,0.382397521889197,-0.4801670693699591,0.7229240345110564,0.557311215117813,0.4959338138495213,-0.5422300352007908,-0.5115365788442747,-0.7936578340803632,0.5269702817354441,0.25971026707720357,-0.15635160324032887,-0.15840058432981877,0.05387816384338769
0.05996736446381426,-0.05990807220644258,0.26171446885184746,-0.2616456720554519,0.9507849525927767,-0.9506437798382662,-0.9509086212713022,0.26201264705768323,-0.20284976093700482,-0.21321716823148437,-0.7940817444010129,0.261143297220604,0.9999999939753849,0.17556496055790122,-0.1755298628602463,-0.9510913701262361,0.9510116990313,0.9511181987788833,0.9511181987788783,0.05979145863419654,0.10813989315053113,-0.13350199935223142,0.19554237141063086,0.15338617647733155,0.1376136549792449,-0.14955050487423088,-0.14166139573036754,0.3800145483444397,0.1456414098334147,-0.8643562028184681,0.9126006091950029,-0.9944786458386977,0.9779704556278901
-0.572234355609939,0.5722318142134134,0.6438976744595295,-0.6438930121591505,-0.024912429152539002,0.025276747626420234,0.02458303404280763,0.6438760546547124,-0.04515331062569028,-0.9765646070935423,-0.5159715780758561,0.6439004391651176,0.17556496055790122,0.9999999917231396,-0.9999887076562393,0.02408352135170294,-0.024302667916616023,-0.02400937871440792,-0.02400937871441371,-0.5722262186680668,0.9531768001366173,-0.9803054815649027,0.9941161489018099,0.9941146648141959,0.9837111392054921,-0.9919984588629311,-0.986796086444986,-0.5063630407840718,0.9895588217344738,0.15980204371529536,-0.09305473946489526,-0.10959094441593607,0.0423982325294089
0.5722353051413828,-0.5722327614914087,-0.643897219680019,0.643892559969206,0.02494860267736745,-0.02531292022163747,-0.02461920834058583,-0.6438755886365076,0.04515242077330859,0.9765647465154088,0.5159492056790606,-0.6439000059035684,-0.1755298628602463,-0.9999887076562393,0.9999999922002886,-0.024119696757876802,0.024338842841034446,0.024045554281921008,0.024045554281926815,0.5722271615023075,-0.9531773999054947,0.9803059907940773,-0.9941163646350153,-0.9941150736517955,-0.9837116315450769,0.9919989041194621,0.9867965624306072,0.5063847461839449,-0.9895592819999103,-0.15983693003657146,0.0930904684855179,0.10955509088170601,-0.04236201932032133
0.02124387620139676,-0.021306100143771992,0.049229841685108085,-0.04930152771797744,-1.000012450721925,1.0000118734991368,1.0000119696362388,0.04892102779310176,-0.044277920320234726,-0.033052723151065305,0.5674924339968414,0.04982327658578752,-0.9510913701262361,0.02408352135170294,-0.024119696757876802,1.000000007632503,-1.0000112086893564,-1.000010485241337,-1.0000104852413363,0.02142888996207886,0.010093471478277214,-0.015159836809951404,0.028733822876526857,0.01929358650027382,0.01595499534665597,-0.018431799109329825,-0.016763927401958624,-0.6471742128600827,0.017588949387121643,0.9774357267421135,-0.9942762069977998,0.9782668174975593,-0.9946352679440545
-0.021245212901992237,0.021307436898646184,-0.04948918357928396,0.049560868673477906,1.000013256563817,-1.000012803881667,-1.000012642675949,-0.04918037118266444,0.044442197983369965,0.03329998819392126,-0.5672789783303338,-0.05008261333247981,0.9510116990313,-0.024302667916616023,0.024338842841034446,-1.0000112086893564,1.0000000084403151,1.0000110133790228,1.0000110133790208,-0.02143022713320471,-0.010255625658418312,0.015344157249823276,-0.028968406489944493,-0.0194947197533987,-0.01614280446224643,0.018629698086515177,0.016955163275988464,0.6473725058905186,-0.017783548911486834,-0.9774911255347541,0.9943045265309207,-0.978213516734017,0.9946089330969274
-0.021243814122751847,0.021306038045301113,-0.04914246395290422,0.04921415030372079,1.0000121645810238,-1.0000115453606997,-1.000011720804503,-0.0488336495737143,0.044222816423473435,0.03296916970824121,-0.5675643427497538,-0.049735900578282824,0.9511181987788833,-0.02400937871440792,0.024045554281921008,-1.000010485241337,1.0000110133790228,1.0000000073627482,1.0000103224192396,-0.02142882772044677,-0.010038466892694846,0.015097382771748045,-0.02865450899169608,-0.019225486716955724,-0.015891369446118745,0.018364785031791564,0.016699150612998565,0.6471073948030623,-0.01752304308388748,-0.9774170475040153,0.9942666510215242,-0.9782847611115721,0.994644126020832
-0.02124381412274893,0.021306038045298174,-0.04914246395290827,0.049214150303724884,1.0000121645810207,-1.0000115453606964,-1.0000117208044998,-0.048833649573718343,0.04422281642347417,0.03296916970824697,-0.5675643427497484,-0.04973590057828691,0.9511181987788783,-0.02400937871441371,0.024045554281926815,-1.0000104852413363,1.0000110133790208,1.0000103224192396,1.0000000073627482,-0.021428827720443817,-0.01003846689270026,0.015097382771753608,-0.02865450899170183,-0.019225486716961414,-0.015891369446124255,0.01836478503179728,0.01669915061300416,0.6471073948030633,-0.017523043083893103,-0.9774170475040133,0.994266651021523,-0.9782847611115694,0.994644126020829
0.9999959566933854,-0.9999955648255454,0.2589956912374117,-0.25900314289633164,-0.021450633731629663,0.021478180547444544,0.021436121677880147,0.259022430568765,-0.7934132943490728,0.3823532281980922,-0.20073118554817418,0.258999512335305,0.05979145863419654,-0.5722262186680668,0.5722271615023075,0.02142888996207886,-0.02143022713320471,-0.02142882772044677,-0.021428827720443817,0.9999999967755425,-0.7934250219323203,0.7228773282771236,-0.48011115027566154,-0.6576225437901394,-0.7102768732678778,0.6711158475515073,0.697447342819938,-0.21049169672255952,-0.6843922932787188,0.07511701623727356,-0.04855929303858009,-0.03298711557981347,0.0057965150174427325
-0.7934312815271135,0.7934292515236414,0.38239680738564097,-0.3823906080768348,-0.010700656554022012,0.010960890605006553,0.010461535621873738,0.382370864628501,0.2590393695427813,-0.8657808604229571,-0.3088616706449201,0.382397521889197,0.10813989315053113,0.9531768001366173,-0.9531773999054947,0.010093471478277214,-0.010255625658418312,-0.010038466892694846,-0.01003846689270026,-0.7934250219323203,0.9999999966733369,-0.9941172176077551,0.914853306873663,0.9803051791614975,0.9919987721940144,-0.983709871524857,-0.9895578125713786,-0.2982778045362148,0.9867945581067228,0.09102240244894723,-0.0512783009711475,-0.06905534368146898,0.029210025644225684
0.7228843040180871,-0.7228820720647537,-0.48016564374718895,0.4801599234895646,0.015852999889712862,-0.016153325225056674,-0.015578961169415,-0.48014098208128075,-0.15296803774548642,0.9148582870969424,0.3863916039821078,-0.4801670693699591,-0.13350199935223142,-0.9803054815649027,0.9803059907940773,-0.015159836809951404,0.015344157249823276,0.015097382771748045,0.015097382771753608,0.7228773282771236,-0.9941172176077551,0.999999993170951,-0.9531813495489805,-0.9959154627272172,-0.9998263249322892,0.9973809439295757,0.9993369040092442,0.37597911957442887,-0.9985216876319389,-0.11658376914490592,0.06673989942530811,0.08436784121757618,-0.034300153647575125
-0.48011981776366813,0.48011713912899895,0.7229204867403052,-0.7229164935235927,-0.029623322173781216,0.030016645375452115,0.02926907418027251,0.7229008450286668,-0.15300300352386462,-0.9941181714267929,-0.5783078126255867,0.7229240345110564,0.19554237141063086,0.9941161489018099,-0.9941163646350153,0.028733822876526857,-0.028968406489944493,-0.02865450899169608,-0.02865450899170183,-0.48011115027566154,0.914853306873663,-0.9531813495489805,0.9999999937068675,0.9765637840887962,0.9584870377481953,-0.9725195098381932,-0.9634799133528487,-0.5694948545824481,0.9681579012928931,0.18098466720047737,-0.1060872275309448,-0.12143312221069401,0.04597091337221352
-0.6576300811229588,0.6576276978944309,0.5573091807318744,-0.5573039143759793,-0.02005215802713908,0.020383188385551945,0.019751488322579707,0.5572857923069852,0.06322999371826375,-0.9475395169040851,-0.4474856059763658,0.557311215117813,0.15338617647733155,0.9941146648141959,-0.9941150736517955,0.01929358650027382,-0.0194947197533987,-0.019225486716955724,-0.019225486716961414,-0.6576225437901394,0.9803051791614975,-0.9959154627272172,0.9765637840887962,0.9999999920938217,0.9973810435349897,-0.9998256660227228,-0.9985217636249598,-0.43736893540607014,0.9993367351716302,0.13688039265320157,-0.07907064349187036,-0.09631939805322257,0.038184072852797964
-0.7102839581366259,0.7102816970887283,0.49593229079542706,-0.49592665466345004,-0.01666171514192228,0.01696838816574581,0.016382162151126572,0.49590788136213065,0.13509136262729016,-0.922001721987339,-0.3989080593871027,0.4959338138495213,0.1376136549792449,0.9837111392054921,-0.9837116315450769,0.01595499534665597,-0.01614280446224643,-0.015891369446118745,-0.015891369446124255,-0.7102768732678778,0.9919987721940144,-0.9998263249322892,0.9584870377481953,0.9973810435349897,0.9999999918792202,-0.9985211992354097,-0.9998253882991534,-0.388495918020391,0.999336224383455,0.12068425399658711,-0.06921120089478101,-0.08685932890871668,0.0351433502174629
0.6711232687125884,-0.6711209171273061,-0.542228149170528,0.5422227851517252,0.01917777242696057,-0.019502872435214015,-0.018882237403793897,-0.5422045050690922,-0.08123726035017595,0.9416146375246064,0.4355745838460233,-0.5422300352007908,-0.14955050487423088,-0.9919984588629311,0.9919989041194621,-0.018431799109329825,0.018629698086515177,0.018364785031791564,0.01836478503179728,0.6711158475515073,-0.983709871524857,0.9973809439295757,-0.9725195098381932,-0.9998256660227228,-0.9985211992354097,0.9999999917455112,0.9993362979327113,0.4253351367430324,-0.9998254074553755,-0.13286095285228916,0.07660727949993962,0.09403569343627113,-0.03747815860030625
0.6974545380263437,-0.6974522474356997,-0.5115349475183779,0.5115293987018534,0.017483970823299246,-0.017796890263780916,-0.017198995800394395,-0.5115107923044772,-0.11717367190424068,0.9288439174158963,0.41128102259485044,-0.5115365788442747,-0.14166139573036754,-0.986796086444986,0.9867965624306072,-0.016763927401958624,0.016955163275988464,0.016699150612998565,0.01669915061300416,0.697447342819938,-0.9895578125713786,0.9993369040092442,-0.9634799133528487,-0.9985217636249598,-0.9998253882991534,0.9993362979327113,0.9999999917569903,0.4008958661893951,-0.9998253706452795,-0.12476325554479625,0.071678458294415,0.0893032623772348,-0.03595587936973534
-0.2103718144182771,0.2104118089026026,-0.7932905002014741,0.7933353604537225,0.6479359656975782,-0.6482827532532087,-0.647629208117486,-0.7931016410045026,0.6324155342193143,0.6259414136292505,0.26044387261622287,-0.7936578340803632,0.3800145483444397,-0.5063630407840718,0.5063847461839449,-0.6471742128600827,0.6473725058905186,0.6471073948030623,0.6471073948030633,-0.21049169672255952,-0.2982778045362148,0.37597911957442887,-0.5694948545824481,-0.43736893540607014,-0.388495918020391,0.4253351367430324,0.4008958661893951,1.0000000129798075,-0.41317649614554,-0.7936300342965253,0.7249944217954407,-0.47499177209491117,0.5647444964641606
-0.6843996004711386,0.6843972797396515,0.5269685298009065,-0.5269630716505207,-0.0183220787284937,0.018641141160770744,0.018031775786310714,0.5269446299308824,0.09922041134990933,-0.9353822491708241,-0.4235048932250053,0.5269702817354441,0.1456414098334147,0.9895588217344738,-0.9895592819999103,0.017588949387121643,-0.017783548911486834,-0.01752304308388748,-0.017523043083893103,-0.6843922932787188,0.9867945581067228,-0.9985216876319389,0.9681579012928931,0.9993367351716302,0.999336224383455,-0.9998254074553755,-0.9998253706452795,-0.41317649614554,0.9999999917848349,0.1288219392884982,-0.07414341903946994,-0.09169629524419655,0.036734897276199316
0.0749361366772141,-0.0749968803307919,0.2591348545956662,-0.2592044953940709,-0.977648309430505,0.9777439851231458,0.9775628829289754,0.2588360490394235,-0.210398481438399,-0.20004743424022658,0.3807243339564461,0.25971026707720357,-0.8643562028184681,0.15980204371529536,-0.15983693003657146,0.9774357267421135,-0.9774911255347541,-0.9774170475040153,-0.9774170475040133,0.07511701623727356,0.09102240244894723,-0.11658376914490592,0.18098466720047737,0.13688039265320157,0.12068425399658711,-0.13286095285228916,-0.12476325554479625,-0.7936300342965253,0.1288219392884982,1.0000000048949735,-0.9944257022532099,0.9123654411499481,-0.95030198543336
-0.04837531791690036,0.04843714706717439,-0.15576391234143605,0.15583497001146926,0.9943847328865739,-0.9944328695756712,-0.9943412336640822,-0.15545840126543875,0.12851394898871374,0.11787969631344386,-0.4761812314735895,-0.15635160324032887,0.9126006091950029,-0.09305473946489526,0.0930904684855179,-0.9942762069977998,0.9943045265309207,0.9942666510215242,0.994266651021523,-0.04855929303858009,-0.0512783009711475,0.06673989942530811,-0.1060872275309448,-0.07907064349187036,-0.06921120089478101,0.07660727949993962,0.071678458294415,0.7249944217954407,-0.07414341903946994,-0.9944257022532099,1.0000000087443486,-0.9504768054801722,0.9778561934985145
-0.03316806862385931,0.03310712208542169,-0.1589856593576619,0.15891511828296181,-0.978061720576925,0.9779667557820279,0.9781445740415042,-0.15929076427953276,0.12122551778890311,0.13184299647782188,0.7259189826907926,-0.15840058432981877,-0.9944786458386977,-0.10959094441593607,0.10955509088170601,0.9782668174975593,-0.978213516734017,-0.9782847611115721,-0.9782847611115694,-0.03298711557981347,-0.06905534368146898,0.08436784121757618,-0.12143312221069401,-0.09631939805322257,-0.08685932890871668,0.09403569343627113,0.0893032623772348,-0.47499177209491117,-0.09169629524419655,0.9123654411499481,-0.9504768054801722,1.000000006733876,-0.9944867989486961
0.005980516205574862,-0.005918588704190439,0.05447067818465913,-0.0543991720677309,0.9945337836138002,-0.9944860659378071,-0.9945748959100322,0.054779338418487124,-0.038229511385301965,-0.048997558733953325,-0.6497123037943288,0.05387816384338769,0.9779704556278901,0.0423982325294089,-0.04236201932032133,-0.9946352679440545,0.9946089330969274,0.994644126020832,0.994644126020829,0.0057965150174427325,0.029210025644225684,-0.034300153647575125,0.04597091337221352,0.038184072852797964,0.0351433502174629,-0.03747815860030625,-0.03595587936973534,0.5647444964641606,0.036734897276199316,-0.95030198543336,0.9778561934985145,-0.9944867989486961,1.0000000099188544
