1.0000000035815642,-1.0000017734707338,-1.000002922384723,0.9282573254001868,0.9282378669748026,-0.7735459150950945,0.7735725442951626,0.7735316856021235,-0.731041432521566,-0.8129088486160253,0.8128847145136866,-0.812872091124598,0.8488772909382196,-0.8488605213981418,0.8488518910552473,-0.8813121236226564,0.7310511340959285,-0.7310609853512264,0.7311282401312932,0.7310129048004971,-0.9282517136698732,-0.7233227523381748,0.7309648452245254,-0.7309676353654964,0.730964845224525,0.7309768748984797,-0.7312048417665207,0.9365970287684193,0.4146140071578594,-0.7309917904506029,-0.7309763523383649,-0.9994030920025533,0.41445484826398094,0.910054579915559,-0.7232478617070078,-0.7309936674811016,0.7309816258681596
-1.0000017734707338,1.0000000025321796,1.0000047021674012,-0.9282484715100319,-0.9282403217685685,0.7735549790240164,-0.7735816077137424,-0.773540749793205,0.7310512663756307,0.8129171030161286,-0.8128929694176769,0.8128803462847253,-0.8488847010481779,0.8488679319052738,-0.8488593017585588,0.881318657784319,-0.7310402236970975,0.7310500751125023,-0.7311173309417764,-0.7310019938089083,0.9282453759746252,0.7233117231833267,-0.7309539336410923,0.7309567238013941,-0.7309539336410933,-0.7309659634015372,0.7311939337438121,-0.9365910122969064,-0.41459986895235906,0.7309808791473614,0.7309654407971848,0.9994028831638103,-0.4144683770311164,-0.9100602105488403,0.7232578267978463,0.7309827561787995,-0.7309707143876812
-1.000002922384723,1.0000047021674012,1.0000000041694164,-0.9282603985594337,-0.9282355591559874,0.7735416502211425,-0.7735682796656711,-0.7735274206025259,0.7310367986594012,0.8129049713797485,-0.8128808370361894,0.8128682135244256,-0.8488738176692826,0.8488570479392376,-0.8488484175024585,0.8813090691654668,-0.7310563709092807,0.7310662220889224,-0.7311334763739075,-0.7310181418934435,0.9282547869008462,0.723328045179125,-0.7309700825961991,0.7309728727280824,-0.7309700825962001,-0.7309821122296594,0.7312100774586684,-0.9365999496704056,-0.414620760218097,0.7309970276905537,0.7309815896905937,0.9994032533725196,-0.41444843662265296,-0.9100519571644853,0.7232431649150093,0.7309989047207386,-0.7309868631918434
0.9282573254001868,-0.9282484715100319,-0.9282603985594337,1.0000000000386764,0.7232766322164985,-0.4823269167906034,0.4823636302700551,0.48230755419815297,-0.4247990298380634,-0.5379642558058556,0.5379299683401652,-0.5379122129577028,0.5913623634119215,-0.5913373849175229,0.5913247283374569,-0.6423186749095946,0.9323871542672756,-0.9323921820301012,0.9324277184750804,0.9323668317059691,-0.9999961278439803,-0.9282557102541301,0.932337512370025,-0.9323395791731179,0.932337512370025,0.9323463720523549,-0.932468877763931,0.9997350400547239,0.7233349838842523,-0.9323552296304367,-0.9323469963109792,-0.9147995538930013,0.04622274568817376,0.6905889052711744,-0.41449384896547903,-0.9323569289233333,0.9323503227448597
0.9282378669748026,-0.9282403217685685,-0.9282355591559874,0.7232766322164985,1.0000000026793492,-0.9537840679723286,0.9537967894982955,0.9537770145983678,-0.9324055854860416,-0.9712207093622864,0.9712101939201222,-0.9712045150283851,0.9845946260073994,-0.9845884734432524,0.9845851085823015,-0.993850121760579,0.4247624088111749,-0.4247756703543953,0.4248649953278092,0.42471175703981945,-0.7232676236614107,-0.4145432667009083,0.4246518522458013,-0.42465496537498904,0.42465185224580204,0.4246653258175282,-0.4249660502005138,0.739025340308575,0.046341337673561966,-0.4246841594712946,-0.4246637312757872,-0.9405800127687888,0.7232555447618348,0.9989367473682916,-0.92824003799961,-0.424685944866737,0.4246701953025182
-0.7735459150950945,0.7735549790240164,0.7735416502211425,-0.4823269167906034,-0.9537840679723286,1.0000000049521844,-1.000004594454585,-1.0000039120181432,0.9979221145632515,0.9979141616947255,-0.9979157434080835,0.9979162661700087,-0.9916421423773608,0.9916452075455296,-0.991646446878307,0.9812083895963353,-0.13307667348095095,0.13309130818238177,-0.13318915494774797,-0.13302126410691167,0.48231610282624454,0.12191019918426524,-0.13295803214823015,0.1329610818275478,-0.13295803214823101,-0.13297126827054334,0.13329943451924506,-0.5024198996381865,0.25598758472867705,0.1329913047171722,0.13296897388977993,0.795058658886189,-0.8973542839228246,-0.9666552123420966,0.9971256914504035,0.13299283005652837,-0.1329757261174486
0.7735725442951626,-0.7735816077137424,-0.7735682796656711,0.4823636302700551,0.9537967894982955,-1.000004594454585,1.00000000518293,1.0000065884903475,-0.9979170603998546,-0.9979145105069632,0.9979186068938255,-0.9979191287962931,0.9916477003133317,-0.9916507642188193,0.991652002918941,-0.9812166188957835,0.13311814501779953,-0.13313277962358888,0.13323062584770304,0.13306273593898155,-0.48235281648514766,-0.12195172892842929,0.1329995040230831,-0.133002553731494,0.13299950402308394,0.1330127402673466,-0.1333409048616232,0.5024561410147542,-0.25594719740789873,-0.13303277667980506,-0.13301044596971096,-0.7950841536628022,0.8973359715354335,0.966666078960367,-0.997122679847222,-0.1330343020661281,0.1330171982024113
0.7735316856021235,-0.773540749793205,-0.7735274206025259,0.48230755419815297,0.9537770145983678,-1.0000039120181432,1.0000065884903475,1.000000004209461,-0.9979230019373823,-0.9979122306045504,0.9979138131898443,-0.9979143363998572,0.9916388093401438,-0.9916418751657528,0.991643114828029,-0.9812036676027414,0.13305498160102572,-0.13306961634593237,0.13316746335085672,0.13299957209725866,-0.4822967401450106,-0.12188848182439542,0.13293634014415315,-0.13293938980689907,0.13293634014415406,0.13294957619692355,-0.1332777431650338,0.5024007745305226,-0.2560085408533524,-0.13296961265257434,-0.1329472817737995,-0.7950450117571561,0.8973634441062818,0.9666491209535156,-0.9971268263235593,-0.13297113796674825,0.1329540339958726
-0.731041432521566,0.7310512663756307,0.7310367986594012,-0.4247990298380634,-0.9324055854860416,0.9979221145632515,-0.9979170603998546,-0.9979230019373823,1.0000000035220034,0.9916612083678659,-0.9916653685220618,0.9916672165912639,-0.9812462456567893,0.9812512531951287,-0.9812534662310861,0.9667102298734165,-0.06884933984054845,0.06886409361951212,-0.06896259504708693,-0.06879357437177683,0.4247879580949069,0.05761356306903769,-0.06873038739359517,0.06873338682438973,-0.06873038739359616,-0.06874341357872253,0.0690735308919978,-0.44558348526088476,0.3178277077030174,0.06876346765941757,0.06874099649019946,0.7542648798176749,-0.9239565358989644,-0.9481123620936854,0.9999409437037934,0.06876491884524859,-0.0687477295104614
-0.8129088486160253,0.8129171030161286,0.8129049713797485,-0.5379642558058556,-0.9712207093622864,0.9979141616947255,-0.9979145105069632,-0.9979122306045504,0.9916612083678659,1.0000000052866425,-1.0000038937701983,1.0000056024681148,-0.9979111771387581,0.9979147991883531,-0.9979150574913475,0.9916348695672879,-0.19688883474338648,0.19690328889666806,-0.19700007034414246,-0.1968340139750287,0.5379537454122161,0.18583851570382892,-0.19677100137378264,0.19677408865832047,-0.19677100137378353,-0.1967843925447216,0.19710923098518973,-0.5572802114603361,0.19294075083989692,0.19680432752601176,0.19678223074022913,0.8326171530273887,-0.8669380523873134,-0.9811936282719441,0.9901340796821597,0.19680592080524684,-0.19678897398056772
0.8128847145136866,-0.8128929694176769,-0.8128808370361894,0.5379299683401652,0.9712101939201222,-0.9979157434080835,0.9979186068938255,0.9979138131898443,-0.9916653685220618,-1.0000038937701983,1.000000003849798,-1.0000020795315676,0.9979100973359897,-0.9979112042526629,0.9979114631631048,-0.9916286995496572,0.19684938891248122,-0.19686384318236774,0.1969606253173727,0.19679456776503507,-0.5379194577559078,-0.18579899480122172,0.1967315550119945,-0.19673464227406592,0.1967315550119954,0.1967449460897935,-0.19706978668298836,0.5572464105441157,-0.19297983470162577,-0.1967648811389059,-0.1967427842020497,-0.8325941415968935,0.8669571298913669,0.9811849098065155,-0.9901386917361055,-0.1967664743760747,0.19674952744948765
-0.812872091124598,0.8128803462847253,0.8128682135244256,-0.5379122129577028,-0.9712045150283851,0.9979162661700087,-0.9979191287962931,-0.9979143363998572,0.9916672165912639,1.0000056024681148,-1.0000020795315676,1.0000000027002636,-0.9979079623370795,0.9979090698763355,-0.9979093290985127,0.9916252452205543,-0.19682908459487877,0.1968435389203876,-0.19694032138025572,-0.19677426326872988,0.537901702278733,0.18577865515116143,-0.19671125045618085,0.19671433770576868,-0.1967112504561823,-0.19672464148219543,0.19704948308618986,-0.5572288993081378,0.19299984027952044,0.19674457656033523,0.19672247955236852,0.8325820887577206,-0.8669666710689571,-0.9811801504016531,0.990140772204404,0.19674616977545442,-0.19672922280149582
0.8488772909382196,-0.8488847010481779,-0.8488738176692826,0.5913623634119215,0.9845946260073994,-0.9916421423773608,0.9916477003133317,0.9916388093401438,-0.9812462456567893,-0.9979111771387581,0.9979100973359897,-0.9979079623370795,1.0000000057294882,-1.0000046653981736,1.000006457698464,-0.9979089275822162,0.2598919833115183,-0.25990619634672524,0.26000150695007523,0.2598379808512385,-0.5913522006746756,-0.24900412041054013,0.2597754515242031,-0.25977856349495604,0.2597754515242039,0.25978894170575606,-0.2601090912842568,0.6098202189582275,-0.12907071960119257,-0.2598086917200466,-0.2597869215620726,-0.8666981913368847,0.8328841885543533,0.9916268565068014,-0.9789946292556152,-0.2598103462837443,0.25979362757578056
-0.8488605213981418,0.8488679319052738,0.8488570479392376,-0.5913373849175229,-0.9845884734432524,0.9916452075455296,-0.9916507642188193,-0.9916418751657528,0.9812512531951287,0.9979147991883531,-0.9979112042526629,0.9979090698763355,-1.0000046653981736,1.0000000045061441,-1.0000030838688492,0.9979086227180951,-0.259862457625427,0.25987667077556315,-0.2599719820807457,-0.25980845477456094,0.5913272220158521,0.24897451716188287,-0.2597459252127483,0.2597490371723954,-0.25974592521274914,-0.2597594153497203,0.2600795671677108,-0.6097956453229442,0.12910070009630434,0.2597791654532781,0.2597573951393238,0.8666823094736683,-0.8329002678968133,-0.9916220844312795,0.9789999764084178,0.2597808199884394,-0.2597641011713433
0.8488518910552473,-0.8488593017585588,-0.8488484175024585,0.5913247283374569,0.9845851085823015,-0.991646446878307,0.991652002918941,0.991643114828029,-0.9812534662310861,-0.9979150574913475,0.9979114631631048,-0.9979093290985127,1.000006457698464,-1.0000030838688492,1.0000000034751013,-0.9979069186702072,0.25984762646491516,-0.2598618396682328,0.2599571512960226,0.25979362343475504,-0.5913145653566882,-0.24895965045197574,0.25973109377413256,-0.259734205727261,0.2597310937741333,0.25974458388479016,-0.26006473672745256,0.6097831856164101,-0.12911564384656343,-0.25976433402714616,-0.2597425636416888,-0.8666741174649234,0.8329080574625323,0.991619407352971,-0.9790023598195071,-0.2597659885475759,0.25974926968089196
-0.8813121236226564,0.881318657784319,0.8813090691654668,-0.6423186749095946,-0.993850121760579,0.9812083895963353,-0.9812166188957835,-0.9812036676027414,0.9667102298734165,0.9916348695672879,-0.9916286995496572,0.9916252452205543,-0.9979089275822162,0.9979086227180951,-0.9979069186702072,1.000000006266948,-0.32184971545202967,0.32186362761358656,-0.3219570667640756,-0.3217967582719321,0.6423089026787178,0.31117006856198404,-0.3217349747051685,0.3217380983325862,-0.321734974705169,-0.3217485074102266,0.32206262265277913,-0.6598404467407919,0.0646148187692507,0.3217679895282975,0.321746637495896,0.8971695854816083,-0.7953146966658219,-0.9979076050769398,0.9637430577024717,0.3217696984828469,-0.32175327814272103
0.7310511340959285,-0.7310402236970975,-0.7310563709092807,0.9323871542672756,0.4247624088111749,-0.13307667348095095,0.13311814501779953,0.13305498160102572,-0.06884933984054845,-0.19688883474338648,0.19684938891248122,-0.19682908459487877,0.2598919833115183,-0.259862457625427,0.25984762646491516,-0.32184971545202967,1.0000000002183744,-0.9999974398760878,0.999999788014814,1.0000001768959008,-0.9323900210449142,-0.9999364176301401,0.9999930961351626,-0.9999941761463251,0.9999930961351621,0.999997658432128,-1.0000008514050838,0.9237963527187962,0.924016168433527,-0.9999994123368972,-0.9999993114460598,-0.7069480858842881,-0.31797819391729304,0.38246818681465733,-0.05751858802342803,-1.000000705526222,1.00000028882962
-0.7310609853512264,0.7310500751125023,0.7310662220889224,-0.9323921820301012,-0.4247756703543953,0.13309130818238177,-0.13313277962358888,-0.13306961634593237,0.06886409361951212,0.19690328889666806,-0.19686384318236774,0.1968435389203876,-0.25990619634672524,0.25987667077556315,-0.2598618396682328,0.32186362761358656,-0.9999974398760878,0.9999999997193812,-0.9999969231038635,-0.999997309474761,0.9323950486386938,0.9999359006367123,-0.9999927441264959,0.9999938241809543,-0.9999927441264954,-0.9999973066132402,1.0000005044847087,-0.9238017008877173,-0.9240101810175485,0.999999060815136,0.9999989595904136,0.7069583150504967,0.31796403835067366,-0.3824817396664583,0.05753335640057216,1.0000003540253808,-0.9999999370735934
0.7311282401312932,-0.7311173309417764,-0.7311334763739075,0.9324277184750804,0.4248649953278092,-0.13318915494774797,0.13323062584770304,0.13316746335085672,-0.06896259504708693,-0.19700007034414246,0.1969606253173727,-0.19694032138025572,0.26000150695007523,-0.2599719820807457,0.2599571512960226,-0.3219570667640756,0.999999788014814,-0.9999969231038635,0.9999999994886946,0.9999996520935828,-0.932430583967449,-0.9999346207365957,0.9999925641919152,-0.9999936445358161,0.9999925641919145,0.9999971279372475,-0.9999978421162752,0.9238393546048554,0.9239722694510395,-0.9999988841126383,-0.9999987806642211,-0.7070280368404905,-0.3178703628474735,0.3825729149159404,-0.057631930615046865,-1.0000001774579805,0.9999997588074395
0.7310129048004971,-0.7310019938089083,-0.7310181418934435,0.9323668317059691,0.42471175703981945,-0.13302126410691167,0.13306273593898155,0.13299957209725866,-0.06879357437177683,-0.1968340139750287,0.19679456776503507,-0.19677426326872988,0.2598379808512385,-0.25980845477456094,0.25979362343475504,-0.3217967582719321,1.0000001768959008,-0.999997309474761,0.9999996520935828,1.0000000000359393,-0.9323696991134353,-0.9999369172620042,0.9999929731896675,-0.9999940530372446,0.9999929731896671,0.9999975347778761,-1.0000007092708683,0.9237748337564189,0.9240374179831429,-0.9999967712220773,-0.9999991879354234,-0.7069084657279956,-0.3180311410548754,0.3824164973332729,-0.05746278390016134,-0.9999980643366165,1.0000001649468868
-0.9282517136698732,0.9282453759746252,0.9282547869008462,-0.9999961278439803,-0.7232676236614107,0.48231610282624454,-0.48235281648514766,-0.4822967401450106,0.4247879580949069,0.5379537454122161,-0.5379194577559078,0.537901702278733,-0.5913522006746756,0.5913272220158521,-0.5913145653566882,0.6423089026787178,-0.9323900210449142,0.9323950486386938,-0.932430583967449,-0.9323696991134353,0.9999999980292011,0.9282612203626838,-0.9323403804647532,0.9323424472379488,-0.9323403804647528,-0.9323492400173785,0.9324717420033732,-0.9997333633037343,-0.7233419518386146,0.9323580973755649,0.9323498643099696,0.9147935913226259,-0.046211124488013414,-0.6905795646256444,0.4144827366303567,0.9323597966572315,-0.9323531906716057
-0.7233227523381748,0.7233117231833267,0.723328045179125,-0.9282557102541301,-0.4145432667009083,0.12191019918426524,-0.12195172892842929,-0.12188848182439542,0.05761356306903769,0.18583851570382892,-0.18579899480122172,0.18577865515116143,-0.24900412041054013,0.24897451716188287,-0.24895965045197574,0.31117006856198404,-0.9999364176301401,0.9999359006367123,-0.9999346207365957,-0.9999369172620042,0.9282612203626838,0.9999999994847237,-0.9999305444894293,0.9999315914232605,-0.9999305444894279,-0.9999349630494011,0.9999344329901255,-0.919426750547074,-0.9282591606765943,0.9999364919037571,0.9999366445228625,0.6989404448377055,0.32863163929661543,-0.3720416098084415,0.04627545391727247,0.9999377696424611,-0.9999375466255701
0.7309648452245254,-0.7309539336410923,-0.7309700825961991,0.932337512370025,0.4246518522458013,-0.13295803214823015,0.1329995040230831,0.13293634014415315,-0.06873038739359517,-0.19677100137378264,0.1967315550119945,-0.19671125045618085,0.2597754515242031,-0.2597459252127483,0.25973109377413256,-0.3217349747051685,0.9999930961351626,-0.9999927441264959,0.9999925641919152,0.9999929731896675,-0.9323403804647532,-0.9999305444894293,0.999999989952716,-0.9999844632280956,0.9999858999179941,0.9999904606810285,-0.9999936143727032,0.9237442286222913,0.9240549054670625,-0.9999922122088593,-0.9999921139905593,-0.7068590092571445,-0.3180884760882043,0.38235571892779835,-0.05739963202983108,-0.9999935052319809,0.9999930905782585
-0.7309676353654964,0.7309567238013941,0.7309728727280824,-0.9323395791731179,-0.42465496537498904,0.1329610818275478,-0.133002553731494,-0.13293938980689907,0.06873338682438973,0.19677408865832047,-0.19673464227406592,0.19671433770576868,-0.25977856349495604,0.2597490371723954,-0.259734205727261,0.3217380983325862,-0.9999941761463251,0.9999938241809543,-0.9999936445358161,-0.9999940530372446,0.9323424472379488,0.9999315914232605,-0.9999844632280956,0.9999999914913809,-0.9999844632280953,-0.999989024033107,0.9999946950438449,-0.9237463489707335,-0.9240547823502341,0.9999932919674392,0.9999931936830903,0.706861846497043,0.3180860396600545,-0.38235884110635665,0.05740262132798183,0.9999945849958194,-0.9999941702913064
0.730964845224525,-0.7309539336410933,-0.7309700825962001,0.932337512370025,0.42465185224580204,-0.13295803214823101,0.13299950402308394,0.13293634014415406,-0.06873038739359616,-0.19677100137378353,0.1967315550119954,-0.1967112504561823,0.2597754515242039,-0.25974592521274914,0.2597310937741333,-0.321734974705169,0.9999930961351621,-0.9999927441264954,0.9999925641919145,0.9999929731896671,-0.9323403804647528,-0.9999305444894279,0.9999858999179941,-0.9999844632280953,0.999999989952716,0.9999904606810287,-0.9999936143727021,0.9237442286222911,0.9240549054670616,-0.999992212208858,-0.9999921139905587,-0.7068590092571456,-0.3180884760882034,0.382355718927799,-0.057399632029831886,-0.9999935052319807,0.9999930905782585
0.7309768748984797,-0.7309659634015372,-0.7309821122296594,0.9323463720523549,0.4246653258175282,-0.13297126827054334,0.1330127402673466,0.13294957619692355,-0.06874341357872253,-0.1967843925447216,0.1967449460897935,-0.19672464148219543,0.25978894170575606,-0.2597594153497203,0.25974458388479016,-0.3217485074102266,0.999997658432128,-0.9999973066132402,0.9999971279372475,0.9999975347778761,-0.9323492400173785,-0.9999349630494011,0.9999904606810285,-0.999989024033107,0.9999904606810287,0.9999999964525579,-0.9999981795413183,0.9237533221320338,0.9240542490708508,-0.9999942570649185,-0.9999941585598794,-0.706871246781272,-0.3180778458550909,0.3823692373770857,-0.05741261567149622,-0.9999980664558711,0.999997651581933
-0.7312048417665207,0.7311939337438121,0.7312100774586684,-0.932468877763931,-0.4249660502005138,0.13329943451924506,-0.1333409048616232,-0.1332777431650338,0.0690735308919978,0.19710923098518973,-0.19706978668298836,0.19704948308618986,-0.2601090912842568,0.2600795671677108,-0.26006473672745256,0.32206262265277913,-1.0000008514050838,1.0000005044847087,-0.9999978421162752,-1.0000007092708683,0.9324717420033732,0.9999344329901255,-0.9999936143727032,0.9999946950438449,-0.9999936143727021,-0.9999981795413183,1.0000000010309544,-0.9238803694809781,-0.9239282464312796,0.9999999379405388,0.9999998319893578,0.7071073845580408,0.3177653424792847,-0.3826759990356297,0.057742934176585076,1.0000012314400089,-1.000000810876995
0.9365970287684193,-0.9365910122969064,-0.9365999496704056,0.9997350400547239,0.739025340308575,-0.5024198996381865,0.5024561410147542,0.5024007745305226,-0.44558348526088476,-0.5572802114603361,0.5572464105441157,-0.5572288993081378,0.6098202189582275,-0.6097956453229442,0.6097831856164101,-0.6598404467407919,0.9237963527187962,-0.9238017008877173,0.9238393546048554,0.9237748337564189,-0.9997333633037343,-0.919426750547074,0.9237442286222913,-0.9237463489707335,0.9237442286222911,0.9237533221320338,-0.9238803694809781,1.00000000208917,0.7072043998936958,-0.9237625927602099,-0.9237538778297452,-0.9238782315983569,0.0692690829084557,0.7071008941943556,-0.43539102507074257,-0.9237643101973235,0.923757339029441
0.4146140071578594,-0.41459986895235906,-0.414620760218097,0.7233349838842523,0.046341337673561966,0.25598758472867705,-0.25594719740789873,-0.2560085408533524,0.3178277077030174,0.19294075083989692,-0.19297983470162577,0.19299984027952044,-0.12907071960119257,0.12910070009630434,-0.12911564384656343,0.0646148187692507,0.924016168433527,-0.9240101810175485,0.9239722694510395,0.9240374179831429,-0.7233419518386146,-0.9282591606765943,0.9240549054670625,-0.9240547823502341,0.9240549054670616,0.9240542490708508,-0.9239282464312796,0.7072043998936958,0.9999999990187596,-0.9240482300543191,-0.9240567464769768,-0.3828057666671865,-0.6563218992935743,0.00012402722601549435,0.3285719611415502,-0.924048902925115,0.9240550948865578
-0.7309917904506029,0.7309808791473614,0.7309970276905537,-0.9323552296304367,-0.4246841594712946,0.1329913047171722,-0.13303277667980506,-0.13296961265257434,0.06876346765941757,0.19680432752601176,-0.1967648811389059,0.19674457656033523,-0.2598086917200466,0.2597791654532781,-0.25976433402714616,0.3217679895282975,-0.9999994123368972,0.999999060815136,-0.9999988841126383,-0.9999967712220773,0.9323580973755649,0.9999364919037571,-0.9999922122088593,0.9999932919674392,-0.999992212208858,-0.9999942570649185,0.9999999379405388,-0.9237625927602099,-0.9240482300543191,0.9999999989493822,0.9999984266446288,0.7068866184160384,0.3180594598852154,-0.3823883697963515,0.05743266422484306,0.9999998186723851,-0.999999403454603
-0.7309763523383649,0.7309654407971848,0.7309815896905937,-0.9323469963109792,-0.4246637312757872,0.13296897388977993,-0.13301044596971096,-0.1329472817737995,0.06874099649019946,0.19678223074022913,-0.1967427842020497,0.19672247955236852,-0.2597869215620726,0.2597573951393238,-0.2597425636416888,0.321746637495896,-0.9999993114460598,0.9999989595904136,-0.9999987806642211,-0.9999991879354234,0.9323498643099696,0.9999366445228625,-0.9999921139905593,0.9999931936830903,-0.9999921139905587,-0.9999941585598794,0.9999998319893578,-0.9237538778297452,-0.9240567464769768,0.9999984266446288,0.9999999988087201,0.7068706211008855,0.3180807767194402,-0.3823675255668962,0.05741017803479059,0.9999997196870534,-0.9999967885102478
-0.9994030920025533,0.9994028831638103,0.9994032533725196,-0.9147995538930013,-0.9405800127687888,0.795058658886189,-0.7950841536628022,-0.7950450117571561,0.7542648798176749,0.8326171530273887,-0.8325941415968935,0.8325820887577206,-0.8666981913368847,0.8666823094736683,-0.8666741174649234,0.8971695854816083,-0.7069480858842881,0.7069583150504967,-0.7070280368404905,-0.7069084657279956,0.9147935913226259,0.6989404448377055,-0.7068590092571445,0.706861846497043,-0.7068590092571456,-0.706871246781272,0.7071073845580408,-0.9238782315983569,-0.3828057666671865,0.7068866184160384,0.7068706211008855,1.0000000030072758,-0.4457666235071717,-0.9238791837211746,0.7467623184120524,0.7068884983308087,-0.7068760377234587
0.41445484826398094,-0.4144683770311164,-0.41444843662265296,0.04622274568817376,0.7232555447618348,-0.8973542839228246,0.8973359715354335,0.8973634441062818,-0.9239565358989644,-0.8669380523873134,0.8669571298913669,-0.8669666710689571,0.8328841885543533,-0.8329002678968133,0.8329080574625323,-0.7953146966658219,-0.31797819391729304,0.31796403835067366,-0.3178703628474735,-0.3180311410548754,-0.046211124488013414,0.32863163929661543,-0.3180884760882043,0.3180860396600545,-0.3180884760882034,-0.3180778458550909,0.3177653424792847,0.0692690829084557,-0.6563218992935743,0.3180594598852154,0.3180807767194402,-0.4457666235071717,1.0000000013724357,0.7544008926070426,-0.9282400285128898,0.3180585765681323,-0.31807475271865726
0.910054579915559,-0.9100602105488403,-0.9100519571644853,0.6905889052711744,0.9989367473682916,-0.9666552123420966,0.966666078960367,0.9666491209535156,-0.9481123620936854,-0.9811936282719441,0.9811849098065155,-0.9811801504016531,0.9916268565068014,-0.9916220844312795,0.991619407352971,-0.9979076050769398,0.38246818681465733,-0.3824817396664583,0.3825729149159404,0.3824164973332729,-0.6905795646256444,-0.3720416098084415,0.38235571892779835,-0.38235884110635665,0.382355718927799,0.3823692373770857,-0.3826759990356297,0.7071008941943556,0.00012402722601549435,-0.3823883697963515,-0.3823675255668962,-0.9238791837211746,0.7544008926070426,1.0000000049416058,-0.9444444708870863,-0.3823901259806886,0.38237407296860126
-0.7232478617070078,0.7232578267978463,0.7232431649150093,-0.41449384896547903,-0.92824003799961,0.9971256914504035,-0.997122679847222,-0.9971268263235593,0.9999409437037934,0.9901340796821597,-0.9901386917361055,0.990140772204404,-0.9789946292556152,0.9789999764084178,-0.9790023598195071,0.9637430577024717,-0.05751858802342803,0.05753335640057216,-0.057631930615046865,-0.05746278390016134,0.4144827366303567,0.04627545391727247,-0.05739963202983108,0.05740262132798183,-0.057399632029831886,-0.05741261567149622,0.057742934176585076,-0.43539102507074257,0.3285719611415502,0.05743266422484306,0.05741017803479059,0.7467623184120524,-0.9282400285128898,-0.9444444708870863,1.000000004165579,0.05743410174013404,-0.057416904778537246
-0.7309936674811016,0.7309827561787995,0.7309989047207386,-0.9323569289233333,-0.424685944866737,0.13299283005652837,-0.1330343020661281,-0.13297113796674825,0.06876491884524859,0.19680592080524684,-0.1967664743760747,0.19674616977545442,-0.2598103462837443,0.2597808199884394,-0.2597659885475759,0.3217696984828469,-1.000000705526222,1.0000003540253808,-1.0000001774579805,-0.9999980643366165,0.9323597966572315,0.9999377696424611,-0.9999935052319809,0.9999945849958194,-0.9999935052319807,-0.9999980664558711,1.0000012314400089,-0.9237643101973235,-0.924048902925115,0.9999998186723851,0.9999997196870534,0.7068884983308087,0.3180585765681323,-0.3823901259806886,0.05743410174013404,1.000000000792192,-0.9999981801604848
0.7309816258681596,-0.7309707143876812,-0.7309868631918434,0.9323503227448597,0.4246701953025182,-0.1329757261174486,0.1330171982024113,0.1329540339958726,-0.0687477295104614,-0.19678897398056772,0.19674952744948765,-0.19672922280149582,0.25979362757578056,-0.2597641011713433,0.25974926968089196,-0.32175327814272103,1.00000028882962,-0.9999999370735934,0.9999997588074395,1.0000001649468868,-0.9323531906716057,-0.9999375466255701,0.9999930905782585,-0.9999941702913064,0.9999930905782585,0.999997651581933,-1.000000810876995,0.923757339029441,0.9240550948865578,-0.999999403454603,-0.9999967885102478,-0.7068760377234587,-0.31807475271865726,0.38237407296860126,-0.057416904778537246,-0.9999981801604848,1.0000000002006266
