1.0000000100630249,-1.0000100746805556,1.0000138901897215,1.0000138901897229,-1.000008728758349,1.0000098928855856,-1.0000101078371981,-1.0000113200939011,0.2614736592361035,-0.2614674853529593,-0.26146748535295594,0.261449103571934,0.2614491035719343,-0.7943419580300186,0.7943411194258013,-0.26126850973067167,-1.000009223682105,0.6484257656325206,-0.6484290731693239,0.6484257656325211,0.6484388899587413,-0.2614189679276583,0.2613480268272551,-0.3795970892955299,0.7933959442392174,0.4748062315119042,1.0000100742104647,-0.7249400029392539,-0.564753593253282,1.0000126625635102,-1.0000133493926397,-1.0000133493926373
-1.0000100746805556,1.000000009985028,-1.0000098611582828,-1.0000098611582864,1.0000086781422057,-1.0000098423967823,1.0000100591159715,1.0000112680915776,-0.261459784035861,0.26145361012657375,0.26145361012657053,-0.26143522826847426,-0.26143522826847443,0.7943331907204038,-0.7943323521191713,0.2612546336781786,1.0000091787509038,-0.6484366627111163,0.6484399701721631,-0.6484366627111177,-0.6484497867475182,0.26140509250104693,-0.2613341511053692,0.3796103541643318,-0.7934046422045167,-0.4748188440744529,-1.000010027350636,0.7249498550214355,0.5647654135353462,-1.0000126092013202,1.000013295440333,1.0000132954403291
1.0000138901897215,-1.0000098611582828,1.0000000097583313,1.0000136770707777,-1.000008523057461,1.0000096874385427,-1.0000099058975522,-1.000011111641964,0.2614460908617046,-0.26143991692727814,-0.26143991692727514,0.2614215349950907,0.2614215349950909,-0.7943244722211977,0.7943236336232932,-0.2612409396842384,-1.0000090292634236,0.6484473269836172,-0.6484506343708631,0.6484473269836185,0.6484604507352884,-0.2613913991093834,0.261320457429273,-0.3796233787633981,0.7934131253215102,0.4748312161983319,1.0000098759643865,-0.7249594820287409,-0.5647769958770823,1.0000124514121531,-1.000009162390297,-1.0000131370689407
1.0000138901897229,-1.0000098611582864,1.0000136770707777,1.0000000097583313,-1.0000085230574618,1.000009687438544,-1.0000099058975533,-1.0000111116419645,0.2614460908617045,-0.2614399169272779,-0.26143991692727475,0.2614215349950903,0.2614215349950905,-0.794324472221198,0.7943236336232948,-0.2612409396842379,-1.0000090292634247,0.6484473269836188,-0.648450634370865,0.64844732698362,0.6484604507352891,-0.26139139910938314,0.26132045742927273,-0.37962337876339963,0.7934131253215122,0.47483121619833324,1.0000098759643885,-0.7249594820287415,-0.5647769958770839,1.0000124514121536,-1.0000131370689451,-1.000009162390297
-1.000008728758349,1.0000086781422057,-1.000008523057461,-1.0000085230574618,1.0000000024520914,-1.0000006288221184,1.0000048539770139,1.0000060002588442,-0.2611935339147526,0.26118735953162675,0.2611873595316237,-0.26116897627749425,-0.2611689762774944,0.7941622665213559,-0.7941614279857278,0.2609883681151686,1.0000040460044006,-0.6486421166719148,0.6486454226902819,-0.6486421166719162,-0.6486552351488869,0.2611388382831185,-0.2610678915300938,0.37986220184025965,-0.7935674551030153,-0.4750578202871355,-1.0000048577612357,0.7251350137923275,0.5649888660882408,-1.000007315376337,1.000007990320359,1.000007990320356
1.0000098928855856,-1.0000098423967823,1.0000096874385427,1.000009687438544,-1.0000006288221184,1.0000000041169885,-1.0000020471833875,-1.000003191422475,0.26118520356448566,-0.26117902915768526,-0.2611790291576821,0.2611606458335392,0.2611606458335393,-0.7941577566638254,0.7941569181290651,-0.2609800369885212,-1.0000052162497726,0.6486496820443141,-0.6486529880193587,0.6486496820443155,0.6486628003562063,-0.26113050772637336,0.2610595607045425,-0.3798709201265872,0.7935738242286239,0.4750662462966854,1.0000060268059936,-0.7251420198577533,-0.5649969063183334,1.0000084803730338,-1.0000091549502828,-1.0000091549502794
-1.0000101078371981,1.0000100591159715,-1.0000099058975522,-1.0000099058975533,1.0000048539770139,-1.0000020471833875,1.0000000044867798,1.000007404707593,-0.261066502669917,0.2610603280346036,0.2610603280346006,-0.2610419440367132,-0.2610419440367131,0.7940831836346629,-0.7940823451273912,0.26086132863629097,1.000005515420397,-0.6487434894849918,0.6487467948223433,-0.6487434894849935,-0.6487566053391299,0.2610118048526849,-0.2609408552438908,0.37998483041546666,-0.7936488893317278,-0.47517463289298095,-1.0000023347807323,0.7252269263488368,0.565098566350028,-1.0000087073284396,1.0000093768424383,1.0000093768424358
-1.0000113200939011,1.0000112680915776,-1.000011111641964,-1.0000111116419645,1.0000060002588442,-1.000003191422475,1.000007404707593,1.0000000061166983,-0.261287347015028,0.261281172794091,0.2612811727940879,-0.26126279001765856,-0.26126279001765884,0.7942229428855062,-0.7942221043260923,0.26108218649850173,1.0000065712789756,-0.6485703375315286,0.6485736440591642,-0.6485703375315297,-0.6485834579720577,0.2612326527847036,-0.2611617078649003,0.37977391505821995,-0.7935107747858033,-0.47497412823976654,-1.0000073959915794,0.725070426412789,0.5649106976091213,-1.0000059226156421,1.0000105762109668,1.0000105762109646
0.2614736592361035,-0.261459784035861,0.2614460908617046,0.2614460908617045,-0.2611935339147526,0.26118520356448566,-0.261066502669917,-0.261287347015028,0.9999999939030223,-0.9999876472523169,-0.9999876472523205,0.9999920687074076,0.9999920687074084,-0.7940453622169551,0.7940449303478256,-0.9999959433641952,-0.26081162940033437,-0.5652620341894348,0.5652561606738581,-0.565262034189432,-0.5652392911214207,-0.9999925853104062,0.9999941963960881,0.7937084426387212,-0.38008261529046106,-0.7253213910702746,0.2609414373279698,0.4753007971189847,0.6488827465671543,0.2613791115419948,-0.26141901376230753,-0.2614190137623109
-0.2614674853529593,0.26145361012657375,-0.26143991692727814,-0.2614399169272779,0.26118735953162675,-0.26117902915768526,0.2610603280346036,0.261281172794091,-0.9999876472523169,0.9999999941418064,0.9999917892893248,-0.9999882615105905,-0.9999922361892362,0.7940415794220818,-0.7940411475577104,0.9999961120581816,0.26080545428333846,0.5652674426522041,-0.5652615691474315,0.5652674426522024,0.5652446996282999,0.9999927529942317,-0.9999943645562527,-0.7937124938589714,0.3800886371285851,0.7253259469185791,-0.26093526245363374,-0.47530654418588175,-0.6488877565297928,-0.2613729374876487,0.2614128397796948,0.2614128397796986
-0.26146748535295594,0.26145361012657053,-0.26143991692727514,-0.26143991692727475,0.2611873595316237,-0.2611790291576821,0.2610603280346006,0.2612811727940879,-0.9999876472523205,0.9999917892893248,0.9999999941418064,-0.9999922361892389,-0.9999882615105945,0.7940415794220836,-0.7940411475577096,0.9999961120581837,0.26080545428333546,0.5652674426522099,-0.5652615691474363,0.5652674426522071,0.5652446996283053,0.9999927529942353,-0.9999943645562561,-0.7937124938589769,0.3800886371285902,0.7253259469185829,-0.2609352624536304,-0.47530654418588714,-0.6488877565297995,-0.26137293748764556,0.26141283977969193,0.2614128397796954
0.261449103571934,-0.26143522826847426,0.2614215349950907,0.2614215349950903,-0.26116897627749425,0.2611606458335392,-0.2610419440367132,-0.26126279001765856,0.9999920687074076,-0.9999882615105905,-0.9999922361892389,0.9999999947797771,0.999992683456457,-0.7940302843963355,0.7940298525461017,-0.9999965629316149,-0.2607870688654349,-0.5652835049845891,0.5652776315121794,-0.5652835049845862,-0.5652607620929536,-0.999989226183737,0.9999948138415438,0.793724506488713,-0.3801065338136959,-0.7253394643991328,0.2609168777510489,0.47532361851779825,0.648902628984264,0.2613545552021239,-0.2613944577055391,-0.26139445770554254
0.2614491035719343,-0.26143522826847443,0.2614215349950909,0.2614215349950905,-0.2611689762774944,0.2611606458335393,-0.2610419440367131,-0.26126279001765884,0.9999920687074084,-0.9999922361892362,-0.9999882615105945,0.999992683456457,0.9999999947797771,-0.7940302843963353,0.7940298525461011,-0.9999965629316155,-0.26078706886543523,-0.5652835049845888,0.5652776315121798,-0.5652835049845872,-0.5652607620929538,-0.9999892261837379,0.9999948138415449,0.7937245064887125,-0.38010653381369613,-0.7253394643991327,0.26091687775104916,0.47532361851779853,0.6489026289842652,0.26135455520212414,-0.2613944577055395,-0.2613944577055431
-0.7943419580300186,0.7943331907204038,-0.7943244722211977,-0.794324472221198,0.7941622665213559,-0.7941577566638254,0.7940831836346629,0.7942229428855062,-0.7940453622169551,0.7940415794220818,0.7940415794220836,-0.7940302843963355,-0.7940302843963353,1.0000000060908578,-1.0000037622067721,0.7939189911892556,0.7939222137678419,-0.05258977537091016,0.0525955550373318,-0.05258977537091266,-0.052612354735774566,0.7940116311361402,-0.7939679688361897,-0.2604897588944985,-0.2604359252419791,0.15748860631091918,-0.7940044483812994,0.1573959528383976,-0.05273360319344815,-0.7942815434174855,0.7943070897627423,0.7943070897627429
0.7943411194258013,-0.7943323521191713,0.7943236336232932,0.7943236336232948,-0.7941614279857278,0.7941569181290651,-0.7940823451273912,-0.7942221043260923,0.7940449303478256,-0.7940411475577104,-0.7940411475577096,0.7940298525461017,0.7940298525461011,-1.0000037622067721,1.0000000049493794,-0.793914584800442,-0.7939174006415327,0.05258939929025792,-0.05259517895314826,0.05258939929026042,0.052611978640317525,-0.7940111993090287,0.7939675370643232,0.2604898734452173,0.26043539398369475,-0.15748881062905806,0.7940036099031501,-0.15739549663057262,0.0527338950172133,0.7942807048358359,-0.794306251171479,-0.7943062511714784
-0.26126850973067167,0.2612546336781786,-0.2612409396842384,-0.2612409396842379,0.2609883681151686,-0.2609800369885212,0.26086132863629097,0.26108218649850173,-0.9999959433641952,0.9999961120581816,0.9999961120581837,-0.9999965629316149,-0.9999965629316155,0.7939189911892556,-0.793914584800442,1.0000000003409002,0.26060643965233593,0.5654409051449141,-0.5654350319948951,0.5654409051449123,0.5654181635662686,0.9999970862378759,-0.99999473844979,-0.7938380578372947,0.3802820371543921,0.7254717990283907,-0.2607362554946434,-0.4754909998356202,-0.6490483049443225,-0.26117395645639757,0.26121386101458316,0.26121386101458677
-1.000009223682105,1.0000091787509038,-1.0000090292634236,-1.0000090292634247,1.0000040460044006,-1.0000052162497726,1.000005515420397,1.0000065712789756,-0.26081162940033437,0.26080545428333846,0.26080545428333546,-0.2607870688654349,-0.26078706886543523,0.7939222137678419,-0.7939174006415327,0.26060643965233593,1.0000000034331697,-0.6489437617054902,0.6489470656718033,-0.6489437617054912,-0.6489568722732911,0.26075692741260104,-0.26068597235283936,0.3802285692775861,-0.7938048040735783,-0.47540639964739584,-1.0000015958037638,0.7254080100068134,0.5653157888452909,-1.0000078489146411,1.0000085075707075,1.0000085075707053
0.6484257656325206,-0.6484366627111163,0.6484473269836172,0.6484473269836188,-0.6486421166719148,0.6486496820443141,-0.6487434894849918,-0.6485703375315286,-0.5652620341894348,0.5652674426522041,0.5652674426522099,-0.5652835049845891,-0.5652835049845888,-0.05258977537091016,0.05258939929025792,0.5654409051449141,-0.6489437617054902,1.0000000130921138,-1.0000125690836734,1.0000183496317714,1.0000116280432776,0.5653096678020301,-0.5653715681587306,-0.9504486215253273,0.9778589736440897,0.9778795118054534,0.6488421043512251,-0.9944553355040828,-0.9944628482467452,0.6484991068342638,-0.6484682214906597,-0.6484682214906541
-0.6484290731693239,0.6484399701721631,-0.6484506343708631,-0.648450634370865,0.6486454226902819,-0.6486529880193587,0.6487467948223433,0.6485736440591642,0.5652561606738581,-0.5652615691474315,-0.5652615691474363,0.5652776315121794,0.5652776315121798,0.0525955550373318,-0.05259517895314826,-0.5654350319948951,0.6489470656718033,-1.0000125690836734,1.0000000105152305,-1.0000125690836745,-1.0000058476384739,-0.5653037943836468,0.5653656948667428,0.950445076206305,-0.9778584390444366,-0.9778765152225016,-0.6488454090163198,0.994454158799463,0.9944604336797528,-0.648502413858163,0.6484715287310605,0.6484715287310546
0.6484257656325211,-0.6484366627111177,0.6484473269836185,0.64844732698362,-0.6486421166719162,0.6486496820443155,-0.6487434894849935,-0.6485703375315297,-0.565262034189432,0.5652674426522024,0.5652674426522071,-0.5652835049845862,-0.5652835049845872,-0.05258977537091266,0.05258939929026042,0.5654409051449123,-0.6489437617054912,1.0000183496317714,-1.0000125690836745,1.0000000130921138,1.0000116280432754,0.5653096678020281,-0.5653715681587272,-0.9504486215253249,0.9778589736440899,0.9778795118054529,0.648842104351226,-0.9944553355040812,-0.9944628482467441,0.6484991068342645,-0.6484682214906599,-0.6484682214906557
0.6484388899587413,-0.6484497867475182,0.6484604507352884,0.6484604507352891,-0.6486552351488869,0.6486628003562063,-0.6487566053391299,-0.6485834579720577,-0.5652392911214207,0.5652446996282999,0.5652446996283053,-0.5652607620929536,-0.5652607620929538,-0.052612354735774566,0.052611978640317525,0.5654181635662686,-0.6489568722732911,1.0000116280432776,-1.0000058476384739,1.0000116280432754,1.0000000035010594,0.5652869251313962,-0.5653488260024043,-0.9504350933929373,0.9778572074628791,0.9778681347695136,0.6488552176140464,-0.994447093494544,-0.9944497739880693,0.64851222918708,-0.6484813446767167,-0.648481344676711
-0.2614189679276583,0.26140509250104693,-0.2613913991093834,-0.26139139910938314,0.2611388382831185,-0.26113050772637336,0.2610118048526849,0.2612326527847036,-0.9999925853104062,0.9999927529942317,0.9999927529942353,-0.999989226183737,-0.9999892261837379,0.7940116311361402,-0.7940111993090287,0.9999970862378759,0.26075692741260104,0.5653096678020301,-0.5653037943836468,0.5653096678020281,0.5652869251313962,0.999999995518797,-0.9999913598706932,-0.7937439934570779,0.38013573804651496,0.7253614285425996,-0.26088673744086477,-0.475351456645677,-0.6489268267742081,-0.2613244187526699,0.26136432159336037,0.26136432159336404
0.2613480268272551,-0.2613341511053692,0.261320457429273,0.26132045742927273,-0.2610678915300938,0.2610595607045425,-0.2609408552438908,-0.2611617078649003,0.9999941963960881,-0.9999943645562527,-0.9999943645562561,0.9999948138415438,0.9999948138415449,-0.7939679688361897,0.7939675370643232,-0.99999473844979,-0.26068597235283936,-0.5653715681587306,0.5653656948667428,-0.5653715681587272,-0.5653488260024043,-0.9999913598706932,0.9999999978276652,0.7937902455222386,-0.38020473564314267,-0.7254134935843295,0.2608157851264383,0.47541727112821835,0.648984127516702,0.2612534757169335,-0.26129337936851765,-0.26129337936852126
-0.3795970892955299,0.3796103541643318,-0.3796233787633981,-0.37962337876339963,0.37986220184025965,-0.3798709201265872,0.37998483041546666,0.37977391505821995,0.7937084426387212,-0.7937124938589714,-0.7937124938589769,0.793724506488713,0.7937245064887125,-0.2604897588944985,0.2604898734452173,-0.7938380578372947,0.3802285692775861,-0.9504486215253273,0.950445076206305,-0.9504486215253249,-0.9504350933929373,-0.7937439934570779,0.7937902455222386,0.999999997015739,-0.8643119111798023,-0.9944446680152645,-0.38010468437160055,0.9124408571900405,0.9778679845180633,-0.3796868047858578,0.37964899135032876,0.37964899135032426
0.7933959442392174,-0.7934046422045167,0.7934131253215102,0.7934131253215122,-0.7935674551030153,0.7935738242286239,-0.7936488893317278,-0.7935107747858033,-0.38008261529046106,0.3800886371285851,0.3800886371285902,-0.3801065338136959,-0.38010653381369613,-0.2604359252419791,0.26043539398369475,0.3802820371543921,-0.7938048040735783,0.9778589736440897,-0.9778584390444366,0.9778589736440899,0.9778572074628791,0.38013573804651496,-0.38020473564314267,-0.8643119111798023,0.9999999980068451,0.9124245350531005,0.793727729987754,-0.9944428292202442,-0.9504131517253679,0.7934541896426214,-0.7934296833491602,-0.7934296833491559
0.4748062315119042,-0.4748188440744529,0.4748312161983319,0.47483121619833324,-0.4750578202871355,0.4750662462966854,-0.47517463289298095,-0.47497412823976654,-0.7253213910702746,0.7253259469185791,0.7253259469185829,-0.7253394643991328,-0.7253394643991327,0.15748860631091918,-0.15748881062905806,0.7254717990283907,-0.47540639964739584,0.9778795118054534,-0.9778765152225016,0.9778795118054529,0.9778681347695136,0.7253614285425996,-0.7254134935843295,-0.9944446680152645,0.9124245350531005,0.9999999975540836,0.4752886454009064,-0.9504223408759399,-0.9944461965581598,0.4748914134072278,-0.47485551980820107,-0.4748555198081956
1.0000100742104647,-1.000010027350636,1.0000098759643865,1.0000098759643885,-1.0000048577612357,1.0000060268059936,-1.0000023347807323,-1.0000073959915794,0.2609414373279698,-0.26093526245363374,-0.2609352624536304,0.2609168777510489,0.26091687775104916,-0.7940044483812994,0.7940036099031501,-0.2607362554946434,-1.0000015958037638,0.6488421043512251,-0.6488454090163198,0.648842104351226,0.6488552176140464,-0.26088673744086477,0.2608157851264383,-0.38010468437160055,0.793727729987754,0.4752886454009064,1.0000000045285546,-0.7253161482244593,-0.5652054720996221,1.0000086863428208,-1.0000093505247267,-1.0000093505247236
-0.7249400029392539,0.7249498550214355,-0.7249594820287409,-0.7249594820287415,0.7251350137923275,-0.7251420198577533,0.7252269263488368,0.725070426412789,0.4753007971189847,-0.47530654418588175,-0.47530654418588714,0.47532361851779825,0.47532361851779853,0.1573959528383976,-0.15739549663057262,-0.4754909998356202,0.7254080100068134,-0.9944553355040828,0.994454158799463,-0.9944553355040812,-0.994447093494544,-0.475351456645677,0.47541727112821835,0.9124408571900405,-0.9944428292202442,-0.9504223408759399,-0.7253161482244593,0.9999999996784271,0.97786157215858,-0.7250061626160279,0.7249783125726885,0.724978312572683
-0.564753593253282,0.5647654135353462,-0.5647769958770823,-0.5647769958770839,0.5649888660882408,-0.5649969063183334,0.565098566350028,0.5649106976091213,0.6488827465671543,-0.6488877565297928,-0.6488877565297995,0.648902628984264,0.6489026289842652,-0.05273360319344815,0.0527338950172133,-0.6490483049443225,0.5653157888452909,-0.9944628482467452,0.9944604336797528,-0.9944628482467441,-0.9944497739880693,-0.6489268267742081,0.648984127516702,0.9778679845180633,-0.9504131517253679,-0.9944461965581598,-0.5652054720996221,0.97786157215858,1.0000000001901372,-0.5648332961951232,0.5647997207845521,0.564799720784547
1.0000126625635102,-1.0000126092013202,1.0000124514121531,1.0000124514121536,-1.000007315376337,1.0000084803730338,-1.0000087073284396,-1.0000059226156421,0.2613791115419948,-0.2613729374876487,-0.26137293748764556,0.2613545552021239,0.26135455520212414,-0.7942815434174855,0.7942807048358359,-0.26117395645639757,-1.0000078489146411,0.6484991068342638,-0.648502413858163,0.6484991068342645,0.64851222918708,-0.2613244187526699,0.2612534757169335,-0.3796868047858578,0.7934541896426214,0.4748914134072278,1.0000086863428208,-0.7250061626160279,-0.5648332961951232,1.000000008012765,-1.0000079386591696,-1.000007938659164
-1.0000133493926397,1.000013295440333,-1.000009162390297,-1.0000131370689451,1.000007990320359,-1.0000091549502828,1.0000093768424383,1.0000105762109668,-0.26141901376230753,0.2614128397796948,0.26141283977969193,-0.2613944577055391,-0.2613944577055395,0.7943070897627423,-0.794306251171479,0.26121386101458316,1.0000085075707075,-0.6484682214906597,0.6484715287310605,-0.6484682214906599,-0.6484813446767167,0.26136432159336037,-0.26129337936851765,0.37964899135032876,-0.7934296833491602,-0.47485551980820107,-1.0000093505247267,0.7249783125726885,0.5647997207845521,-1.0000079386591696,1.0000000089883243,1.000012597846031
-1.0000133493926373,1.0000132954403291,-1.0000131370689407,-1.000009162390297,1.000007990320356,-1.0000091549502794,1.0000093768424358,1.0000105762109646,-0.2614190137623109,0.2614128397796986,0.2614128397796954,-0.26139445770554254,-0.2613944577055431,0.7943070897627429,-0.7943062511714784,0.26121386101458677,1.0000085075707053,-0.6484682214906541,0.6484715287310546,-0.6484682214906557,-0.648481344676711,0.26136432159336404,-0.26129337936852126,0.37964899135032426,-0.7934296833491559,-0.4748555198081956,-1.0000093505247236,0.724978312572683,0.564799720784547,-1.000007938659164,1.000012597846031,1.0000000089883243
