0.9999999957520657,-0.751909808136538,-0.7518591593648861,-0.24546472168526332,0.29567878770933004,0.06749011651468892,-0.35574985831646033,0.5784174249044534,-0.4162167720135997,0.33659874255937683,0.48627741468518615,-0.024297881969718604,0.02992574617038421,0.008653550593637432,-0.34945462936982996,0.5246298670657208,-0.003828838964644329,0.006933125106044228,0.0006813484932722105,0.5280358521937633,-0.5348387975049141,-0.5206679316672016,0.5241224659722703,-0.5090762657033958,-0.5329967938498911,-0.0006792557487205922,0.0006769958875260168,-0.5363749352139817,0.5361010261527874,0.5364642372721602,0.000652124875533096,-0.0006695674056887961,-0.0006278203117498985,-0.0004681649697089137,0.0006674003435450103,7.616624047951711e-05,0.5304810098105716,-0.5335266636263638,-0.527324607084394,0.3652924089720303,-0.043620225590617144,-0.5518105771948504,-0.5435388028322784,0.5418565978832677,0.5451662747317771,0.5273325825099988,7.60929183464846e-05,-7.611851443827872e-05,0.42811307433387,-0.05953271851025933,-0.023215091203658025,0.3019648137688565,-0.497991660426381,-0.005591179423365469,0.00246831632441241,-0.0006774852840051335,-0.5334998064733877,0.005590413565971872,0.051573461005646276,0.5094574432833806,0.5333598449335728,0.0006733486462100392,-0.0006730451490593485,-0.00067578876815238,0.5240503963639076,-0.5333699094347876,-0.539216233718604,0.0003472367166559225,-0.30256609727912603,0.53069194133754,-0.5427255868876096,0.549709554151424,-0.5307095206848536,-0.5474945036278408,-0.5443759249341562,0.5435653158511339,0.5427343524530588,-0.5435740085762251
-0.751909808136538,0.9999999937083827,0.13067323614037715,0.05577852601968439,0.2968839697747116,-0.37936800931912373,0.7293909720439905,-0.9449350748971432,0.9062494636253782,-0.849988802406588,-0.9416989991806544,0.0024961647233703536,-0.002901452080940958,-0.0010476667366646018,0.5861344713075813,-0.927237537627497,0.00016972544004791826,-0.00047747387495555025,0.00014392597354449663,-0.9540588109556036,0.9539025401948938,0.9532014100538805,-0.947484911110154,0.9257557084005336,0.958072726282997,-0.00014581572106546538,0.00014815999513304918,0.9591651333006729,-0.9584487904567427,-0.9595639668703191,0.0001572920772987239,-0.00015217884908598267,-0.0001596750916098258,-6.27024307102632e-05,0.0001387852970956101,-4.0118215513552165e-05,-0.9576546624014002,0.9587596866831589,0.9563613357380856,-0.7993408006514096,0.3419718549801792,0.9609692473175704,0.9610787297326681,-0.960826927224048,-0.9612470334684536,-0.9563652340119035,-4.0036070412996005e-05,4.006556634128556e-05,0.1555210967213435,0.3669541783080268,0.002138188380641246,-0.5815756607764383,0.9460004001204532,0.000756646164334355,-0.0004529994964347899,-0.00014621513586995103,0.9484101656513216,-0.0007587655694295069,-0.35448457468664873,-0.9498354818002197,-0.9585790932711822,0.00014915401037450017,-0.00014911750196729096,-0.00014472290604241448,-0.9548754030992386,0.9585836582903635,0.9602882712261477,0.00012642823835387824,0.2578765792907263,-0.7570775561087322,0.9609689168833548,-0.9612476561461196,0.7571006977853652,0.9613400437400361,0.9611776236706939,-0.9610857106532503,-0.9609710974402593,0.9610877433138495
-0.7518591593648861,0.13067323614037715,1.0000000010345946,0.3133728278694212,-0.7415784003713077,0.27789795195439077,-0.1944586583403924,0.07517057941106553,-0.2804121500588417,0.3438824004377282,0.21050231001594522,0.03405095756773096,-0.042111316213513154,-0.011967762205675327,-0.06065673616807139,0.13836057254746897,0.005590232646251236,-0.009951772708803576,-0.0011696012830052728,0.1600635401329446,-0.14967616988071192,-0.17028677944746332,0.1593767548153517,-0.16027365352262857,-0.15661894023346506,0.001168345451457961,-0.0011672925162261216,-0.15263062670938254,0.15232593523997004,0.15289539938928726,-0.0011389947706733938,0.0011601324420878868,0.0011047955016657994,0.0007674467231987683,-0.0011434721486668206,-7.450935817643606e-05,0.1599836174872089,-0.15650872611669595,-0.1634367379150002,0.2500666996697143,-0.27639465949853115,-0.13122337970552123,-0.1437717104362822,0.14604954565759917,0.14149267867147122,0.16342864279908215,-7.448124808054192e-05,7.4490241207434e-05,-0.799347682205945,-0.27744956496593287,0.03278125879757711,0.12752966558924791,-0.19718736705739506,0.007652503052938699,-0.0032588898604541294,0.001166079500726435,-0.14619718074669558,-0.007649231849862357,0.2769481991191147,0.18377971039996596,0.1565791838356871,-0.0011627959431703048,0.0011623030424741535,0.0011620385010259464,0.16687439913564336,-0.1565686138606631,-0.14948136661640593,-0.0006491797462681298,0.19709941636546854,-0.040921219840197864,-0.14488478065315086,0.1346612563105756,0.04092451282125164,-0.13808457379266145,-0.1426117686174544,0.14373882016967612,0.14487377924909078,-0.1437277803838705
-0.24546472168526332,0.05577852601968439,0.3133728278694212,0.9999999970114845,-0.7397991380510823,-0.7398260134749672,0.5377356268197517,-0.2365129003137623,-0.19697705137376717,0.3399056701144671,0.049513366793801174,-0.005858343487295351,0.007250960203937842,0.0020927468825441883,-0.029212037042735065,0.03914756417758182,-0.0008872702283851169,0.0016428516944662858,0.0001289139669412559,-0.04561394545738739,0.07810920812556306,0.013076465011652572,0.03638560784283362,-0.03509712487567057,-0.03723713175215078,-0.0001202605106258315,0.00011316533149532752,-0.041432250066476106,0.039548221100840095,0.04330332900309124,0.00010376055248813628,-0.00011004792830791685,-9.784547672374167e-05,-7.65406496758426e-05,0.00010645408918276983,1.603188899360532e-05,0.021897452112487465,-0.0335388329338667,-0.01024848185811958,-0.3925664323667242,0.7566905141548063,-0.11681605645783984,-0.07426387568250828,0.06652279547855695,0.08200386187082259,0.010253003778341888,1.588840819803573e-05,-1.5936278329418125e-05,0.266760722322368,0.7456032635886601,-0.005575893358140486,0.017575130260449125,-0.028668186976254447,-0.0013506308303716345,0.0006122948521405908,-0.00012053556534307328,-0.039576585222228074,0.0013412531912862342,-0.7512259228991505,0.007801260859649264,0.03539684509495899,0.00011371067288911535,-0.0001121108850543245,-0.000109651499893607,-0.001411449673043664,-0.03539989781119394,-0.054917418534281705,5.09572307002792e-05,-0.8386074140716298,0.593402607295031,-0.07038111447158896,0.1052229532541225,-0.593378127252841,-0.09361847952541949,-0.07812349537340216,0.07424754031381048,0.07037629306930945,-0.07424196867422883
0.29567878770933004,0.2968839697747116,-0.7415784003713077,-0.7397991380510823,1.0000000023489273,0.09465114588302337,0.11220608299174391,-0.29837184325948135,0.6559240327483823,-0.7534204498983931,-0.5433577578524703,-0.016645015525005007,0.0206579877633391,0.005760994755089085,0.2938893902432587,-0.48705157627039364,-0.0028736819216280468,0.005007682412665363,0.0007072257645368718,-0.46314900950452076,0.43817732108525476,0.48762871215208015,-0.5067266370515507,0.4976547084603771,0.5098429575496429,-0.0007121520740541439,0.0007165020461563837,0.5102188786092731,-0.5086649643343859,-0.5116108723783357,0.0007081364308452405,-0.0007155052568215834,-0.0006913781669378631,-0.00045563599350611556,0.0007017846431858702,2.0413565282669214e-05,-0.5030119780075085,0.5079500540163981,0.4979790984945894,-0.2577789140527766,-0.12048364931300576,0.540680434341215,0.5242337259564065,-0.5211274973645165,-0.5273044241906523,-0.49797827691219787,2.051154521984836e-05,-2.0477763044916942e-05,0.404644033228502,-0.1032967863666962,-0.01616958994803016,-0.3266446080670012,0.5250385692157636,-0.003641012962639096,0.0014757198579398317,-0.0007107612947024268,0.500793174931678,0.0036434681534995047,0.11191031190998693,-0.5064590005149645,-0.5089776748122654,0.000713824861224545,-0.0007144169023579915,-0.0007138524900409689,-0.49285162637503677,0.5089747634762509,0.5164151353998482,0.0004233309435787244,0.46149371787514293,-0.6224621411742203,0.5226642987013855,-0.5363131567293521,0.6224556420566177,0.5318543031556902,0.5257566062250519,-0.5242070005764986,-0.5226556620487771,0.5241978525513632
0.06749011651468892,-0.37936800931912373,0.27789795195439077,-0.7398260134749672,0.09465114588302337,0.9999999989723143,-0.9078182722454502,0.6482766851430374,-0.3644228438628389,0.25044027908127997,0.4700476064604592,0.025337562362684564,-0.031417633408136476,-0.008865264277809226,-0.2506119236095827,0.429072149588925,0.0041916570174271375,-0.0074468162151440295,-0.0008998792259250362,0.5305922360674604,-0.5537017054215296,-0.5069283658116615,0.45284551768301134,-0.44568444557133097,-0.45469803524544444,0.0008920008072594636,-0.0008858510785992098,-0.4488644583924682,0.45009769087251034,0.44748848315534107,-0.0008635498901473713,0.0008802419759294202,0.0008379971149910007,0.0005700464919725372,-0.0008611393851165945,-4.413140848623988e-05,0.4705629932857894,-0.45827609172556333,-0.48276633043447276,0.8385904303679186,-0.9991200869812268,-0.36778640862729456,-0.41430113638387295,0.42264884753714166,0.4059195178542375,0.48275881794436926,-4.4017085995193716e-05,4.405413531650097e-05,-0.7993345208329635,-0.9998999159058294,0.02444455694673941,0.30063450099243044,-0.48257155133795643,0.005644035386334436,-0.0023830371920516907,0.0008910178077285115,-0.44218113135636633,-0.005632615238743727,0.9996072134195915,0.4948673165808691,0.45655511081078365,-0.0008839823883289538,0.0008822073390674703,0.0008779813391126209,0.4948913033213614,-0.45654768245927174,-0.43510816541775077,-0.0004998928729544409,0.7793476003926928,-0.25559273965282603,-0.4184767610346749,0.38057260877437826,0.25556301785635477,-0.3932840666387371,-0.41011320642438226,0.41429858111656337,0.4184752582180546,-0.41429767700790815
-0.35574985831646033,0.7293909720439905,-0.1944586583403924,0.5377356268197517,0.11220608299174391,-0.9078182722454502,1.0000000016426662,-0.9078229753519925,0.698257837630646,-0.5940894513550408,-0.7863994864169833,-0.018871117670848793,0.02348265477430943,0.006525441369296177,0.45550004538264366,-0.7462865778217133,-0.0032315202378745836,0.005661159150249794,0.0007751394111459094,-0.8326346863502502,0.8485144559643684,0.8158772780780941,-0.7738947534653821,0.7587078832459337,0.779993956578994,-0.0007703096533396156,0.0007669405091926552,0.7761044388973869,-0.7766369794933645,-0.7753197667023372,0.000753660194953561,-0.0007643957511624897,-0.000734597210178631,-0.00047929320523880105,0.0007436017000477911,1.7082032160565596e-05,-0.7913437164825129,0.782868898080396,0.7996698935425051,-0.9861404987297897,0.8897062408035469,0.7177134838443977,0.7517598487881563,-0.7577450997008962,-0.745711415212321,-0.7996658746434312,1.703685277401042e-05,-1.7050150356391242e-05,0.6894663639492852,0.9019478689272803,-0.018326503263674788,-0.49290721374507956,0.7966127630302422,-0.004114929337604979,0.0016774534102818547,-0.0007696649603981744,0.7659580706833099,0.004105586075875814,-0.8959078631203575,-0.8064405525647746,-0.7815567767748796,0.0007658135672617875,-0.0007644984890293891,-0.0007594282950557419,-0.807849504220985,0.7815529887577762,0.7666043910408381,0.00045212614765194787,-0.4488647194193376,-0.16702601514412185,0.7547597685921578,-0.7271872048592872,0.1670578663634436,0.7365200658636665,0.7487434001038463,-0.7517594139506654,-0.7547590874536809,0.7517590902995414
0.5784174249044534,-0.9449350748971432,0.07517057941106553,-0.2365129003137623,-0.29837184325948135,0.6482766851430374,-0.9078229753519925,0.9999999992274503,-0.9033545593967839,0.8282044916069243,0.9577638149125769,0.008942826225555934,-0.011239858617461082,-0.0029885040748914506,-0.5763906931790058,0.925902961052677,0.001678657548522438,-0.002837064571958487,-0.0005082817732862668,0.9811660613558202,-0.9868879919309719,-0.974404329656805,0.9522647771423688,-0.9318543970318008,-0.961483826692706,0.0005073887187273484,-0.0005074186775936839,-0.9602538558733369,0.9599871600029185,0.960205516979688,-0.0005056213016385811,0.0005084175297972314,0.0004965568213610921,0.0003005678119964685,-0.0004897053247902059,1.3228805371565114e-05,0.9662252917893926,-0.9631248788095903,-0.9691393914654911,0.9518826330239584,-0.6162692914463938,-0.9353147551961711,-0.9506162884450003,0.953135698621466,0.9480160694009903,0.9691396069807949,1.319651405017919e-05,-1.3209419195393872e-05,-0.4524901763019062,-0.637714851189401,0.008846590865382658,0.5943200973286386,-0.9637835723024194,0.0018309094264492194,-0.00066408628249156,0.0005072055111699851,-0.9485124351365577,-0.0018253655044607599,0.627041944737424,0.9693316070031553,0.9624638936858726,-0.0005072498907539915,0.0005066372194229383,0.0005016283183309693,0.9718657451572109,-0.9624644442695016,-0.9567617564878366,-0.0003215739063389702,0.03563742994548804,0.558841644789963,-0.9518874681167211,0.9397295067351641,-0.5588697536982323,-0.9439632510702379,-0.9493274034845351,0.9506180540052304,0.95188773416205,-0.9506183704152662
-0.4162167720135997,0.9062494636253782,-0.2804121500588417,-0.19697705137376717,0.6559240327483823,-0.3644228438628389,0.698257837630646,-0.9033545593967839,0.9999999993652268,-0.9885151804343209,-0.9885166038117561,-0.009157096667880687,0.011501276684449079,0.0030510886334520143,0.5895102386392019,-0.9470004118568934,-0.001742800439171839,0.002926450463348276,0.0005437763858120839,-0.9690689099298008,0.960701194830589,0.9764083059179295,-0.9737151469785483,0.9529742062038591,0.9830098027144004,-0.0005463174912516981,0.0005491566335784784,0.9831862181520717,-0.9821293863833227,-0.983921545422616,0.0005490056628458859,-0.0005508653448288469,-0.0005397463119761712,-0.00032731113253379627,0.0005324230474032117,-1.3912401420745141e-05,-0.9817318625726926,0.9831246746756589,0.9801490823927195,-0.8055569993387501,0.32561946157559885,0.9874580331659816,0.9862995453183475,-0.9858257785016349,-0.9866924568281353,-0.9801505086824225,-1.382401327700095e-05,1.3855651303577189e-05,0.40331447779309804,0.3515358483210813,-0.009077379429057078,-0.6078044083064029,0.9849654403688051,-0.001866373128751778,0.0006648296823819178,-0.0005458479944373104,0.9702581154956355,0.0018644304698733425,-0.3385970423510848,-0.980928605152685,-0.9832306161508281,0.000548418760518837,-0.0005484234988458123,-0.0005444205961270476,-0.9783740278552415,0.9832315836440932,0.9849667239291701,0.000349457804247404,0.2910445586405651,-0.7941248155893916,0.9860670698104056,-0.987388337776517,0.7941425178993176,0.987132969083791,0.9865013363127693,-0.9862920772665823,-0.9860645112297409,0.986289259940894
0.33659874255937683,-0.849988802406588,0.3438824004377282,0.3399056701144671,-0.7534204498983931,0.25044027908127997,-0.5940894513550408,0.8282044916069243,-0.9885151804343209,0.9999999973797136,0.9543326387129977,0.008994395063181955,-0.011291605336018709,-0.0029962710504759984,-0.5669598171294009,0.9110109612767715,0.0017164529326382514,-0.0028780729417780815,-0.0005386477128623706,0.9206517106292411,-0.9077284897913686,-0.9325972955119511,0.9367218110416045,-0.9168366892011022,-0.9455946095728089,0.0005422586171266037,-0.0005459373477648946,-0.9462289332733855,0.9449452267676246,0.9472036304170274,-0.0005461599278780572,0.000547758043680079,0.0005370256788188262,0.00032658582486176624,-0.0005301815349779079,1.2919966972577508e-05,0.9423045682173519,-0.9451735045146389,-0.939253114692256,0.7186386237369335,-0.2110750741004992,-0.9603260753762224,-0.9535757473376275,0.9520973449295163,0.954977032120047,0.9392548520204983,1.2816370589320125e-05,-1.2852990620026228e-05,-0.3717192372727881,-0.23734331699811728,0.008918665022984686,0.5849021358524195,-0.9475539202535648,0.0018331824320345384,-0.0006509877019092166,0.000541693347012674,-0.9334547277612011,-0.0018325625433663689,0.22421723964659224,0.940307738317524,0.9455412493878481,-0.0005449999760055628,0.0005452161457165381,0.0005417622028161955,0.9360166751222101,-0.9455422606871705,-0.9497399328523016,-0.00034717360668778496,-0.389834895315653,0.8386278210077247,-0.9528381600103717,0.9587215768064108,-0.8386410715398424,-0.9569383432852667,-0.9542793250695357,0.953565248312901,0.9528346820072745,-0.9535614161245343
0.48627741468518615,-0.9416989991806544,0.21050231001594522,0.049513366793801174,-0.5433577578524703,0.4700476064604592,-0.7863994864169833,0.9577638149125769,-0.9885166038117561,0.9543326387129977,1.0000000016938757,0.009105739351922295,-0.011441545679040467,-0.0030351344381095613,-0.5985277354483843,0.9612449388432502,0.0017276076457452567,-0.0029055770822171926,-0.0005354453608250354,0.9952341100295763,-0.9916137014412324,-0.9977983957466542,0.9883479272572853,-0.9672268822344051,-0.9978515800755259,0.000536856115428953,-0.0005387886135151719,-0.9975663677601737,0.9967608022355101,0.998045316451431,-0.0005383042066700797,0.0005403580462367937,0.0005291681518127204,0.00031982350403349317,-0.0005214652495098402,1.471793387326852e-05,0.9986154985197458,-0.998500039180036,-0.998537901270587,0.8739830650599568,-0.4326973174584506,-0.9919136074874302,-0.9963741589070109,0.9969160153752574,0.9957495661559244,0.9985389836855147,1.4646785745850377e-05,-1.4672714571887048e-05,-0.42565463462506026,-0.4576665800742494,0.00902302075049324,0.6167452608635846,-0.9997583640613087,0.001856557779490908,-0.0006638196725135043,0.0005364976550634427,-0.9847819390409281,-0.0018533368314204693,0.4452122354810826,0.9990245291777717,0.9983416204106649,-0.000538276145624846,0.0005380693209869824,0.0005335965348212723,0.9982651567120804,-0.9983425218044534,-0.9975752076351236,-0.00034323087646168814,-0.185559307130036,0.7313782208233008,-0.9966521879446019,0.9933804782725952,-0.7313999686104664,-0.9946590011654349,-0.9960694752434025,0.9963698934545461,0.9966506075764634,-0.996368155733308
-0.024297881969718604,0.0024961647233703536,0.03405095756773096,-0.005858343487295351,-0.016645015525005007,0.025337562362684564,-0.018871117670848793,0.008942826225555934,-0.009157096667880687,0.008994395063181955,0.009105739351922295,0.9999999980941674,-0.793858705102819,-0.7938607533270874,0.6298836332004473,-0.20571887250673287,-0.47553985814034383,0.3803623298957654,0.5654397626274061,0.008831212665146176,-0.009025393312501065,-0.008629451227668897,0.12138427355682024,-0.20560543778074955,-0.03573441995352705,-0.565401903773122,0.5651795853737611,0.021759168212079072,-0.03598596709774583,-0.0075234773645551055,0.5574955628996334,-0.5644487963254752,-0.5439923801432298,-0.3505584228164334,0.5481874585198505,0.00809686852651766,0.007517036228698458,-0.007146401742637287,-0.007887441209631774,0.009648008994370422,-0.025872988776727772,0.010129798977436958,0.008655244975481273,-0.00837765837232659,-0.008929940464641762,0.007886286268841698,0.008096869565101797,-0.008096870458152002,-0.037135842096966895,-0.025495771346649557,0.26043097902819007,0.6298632434966174,-0.008951105936933832,0.7254872544750003,-0.6490643775877913,-0.5652939385212313,0.12156727267574116,-0.7254866727854025,0.025674278184257864,0.00879213588912924,0.02144334748305477,0.5649636836736649,-0.5649639842178686,-0.5599730589883866,0.008258658227260959,-0.02144281070191709,0.007952273975652744,0.33770987380484463,0.03248615168683326,-0.026451533133655985,0.00852212908162909,-0.009733825606671955,0.02643699125486989,0.009333868078428727,0.008797183848419722,-0.008662007868029823,-0.008524354374518713,0.008664289983189657
0.02992574617038421,-0.002901452080940958,-0.042111316213513154,0.007250960203937842,0.0206579877633391,-0.031417633408136476,0.02348265477430943,-0.011239858617461082,0.011501276684449079,-0.011291605336018709,-0.011441545679040467,-0.793858705102819,0.9999999988688733,0.26043439566162263,-0.7934514895061497,0.25915082896414765,-0.1574262712452204,0.26043646519499164,0.05267053312822494,-0.011100238139436261,0.011342974859428848,0.010847576457561774,-0.1528899631353114,0.2589806301923659,0.04500010942113076,-0.05259606082047006,0.05250461696439665,-0.027420315833338874,0.04534303642367023,0.009486146147732407,0.05256102039751315,-0.05278850284360302,-0.05171606447818634,-0.029580838678380354,0.05008619450567702,-0.0031458042788602885,-0.00945405435889573,0.008989648593822628,0.00991822497470663,-0.011861515705176923,0.03208285521613624,-0.012727215384388368,-0.010896256000614649,0.010550872002529832,0.011237817837673062,-0.00991684470636417,-0.0031458083221372938,0.00314580757906443,0.04597760678002138,0.03161374757255458,-0.7938593523331964,-0.7934083740064038,0.011249174547061572,-0.15742356669927646,0.0526684366965128,-0.05272686369439521,-0.15314761868590257,0.15742245981821695,-0.03183552507171275,-0.011050907505498569,-0.026998321283371842,0.05276618917009427,-0.05276611791516703,-0.0515984864183997,-0.010383270323348253,0.02699738197567854,-0.01002076286814803,0.03457276907418153,-0.04038684610824055,0.03296747611223014,-0.010731208561954596,0.012235857505914874,-0.03294919667395671,-0.011739397989357529,-0.011073200687280694,0.010905359093837249,0.010734214641551899,-0.010908427758744028
0.008653550593637432,-0.0010476667366646018,-0.011967762205675327,0.0020927468825441883,0.005760994755089085,-0.008865264277809226,0.006525441369296177,-0.0029885040748914506,0.0030510886334520143,-0.0029962710504759984,-0.0030351344381095613,-0.7938607533270874,0.26043439566162263,0.999999998093689,-0.20662052677086476,0.06745717948311389,0.912449744247541,-0.8643432842205607,-0.9504305450050788,-0.0029440017120912843,0.0030109063349350517,0.0028749622450194292,-0.0398532761769051,0.06748247514111366,0.011754682656306907,0.950295963943144,-0.9498515411148517,-0.007109276502884081,0.011774733899076779,0.002441155843426429,-0.9377078686629551,0.9489751386786286,0.9154236396234101,0.5861694538245518,-0.9204543796086888,-0.009709756077181494,-0.002500176887721766,0.002375411126060016,0.0026248101231176393,-0.0034982398947288372,0.009050394349023596,-0.003342744097927873,-0.002829877377795404,0.0027340543501833308,0.0029249335580474487,-0.0026243562144777324,-0.00970975369002194,0.00970975584867508,0.013027270098025238,0.008920433778558572,0.38036381398014407,-0.20665345106368102,0.0029826906991261485,-0.9944476317508546,0.9778647103586501,0.9502553481888,-0.039850156994125925,0.9944485476503975,-0.008982156704791392,-0.0029292481910722086,-0.007066269789066723,-0.9497703217922208,0.9497707278183245,0.9406789047980396,-0.002749854953716796,0.007066356389484181,-0.002588058609557331,-0.5707614855800162,-0.011238494949526945,0.009050711271566298,-0.0027833354596739513,0.0032046814160378557,-0.00904590067199009,-0.003065397430949243,-0.002878531075350902,0.002831512059893367,0.002783862623134102,-0.0028320668207836514
-0.34945462936982996,0.5861344713075813,-0.06065673616807139,-0.029212037042735065,0.2938893902432587,-0.2506119236095827,0.45550004538264366,-0.5763906931790058,0.5895102386392019,-0.5669598171294009,-0.5985277354483843,0.6298836332004473,-0.7934514895061497,-0.20662052677086476,0.9999999984472969,-0.7934597437553801,0.12494264158003648,-0.20667714658049316,-0.04181985519146677,-0.5972913092871865,0.5951069491388353,0.598840568407502,-0.4801645251676245,0.38237557202991124,0.5723106063486076,0.04175949895377769,-0.041685268553807456,0.6301576722618664,-0.6439837515747302,-0.6161229313170057,-0.04172815219567802,0.04191032072074066,0.04105625714646984,0.02348486886897776,-0.039763233131503956,0.002495759148005916,-0.600988050731537,0.6014666343551384,0.600391659430822,-0.5172693820875013,0.22708492859872173,0.6160581881124416,0.6166921279195132,-0.6166319641147762,-0.6166983820355387,-0.6003937440804851,0.0024958078033320845,-0.002495790719732255,0.19469140653162262,0.24282993897113764,0.6299194638095842,0.2590674395421087,0.5989265711840769,0.12488647622392168,-0.04176502136669652,0.04186394382402095,0.7229664473543053,-0.12488741213678098,-0.23498496812593558,-0.599031203893655,-0.5869873460716504,-0.04189400706169835,0.041894052269539274,0.04096465419241446,-0.5996750418834853,0.5869890511082165,0.6164370993735547,-0.027445239018542743,0.15733028551799422,-0.48036505783768,0.6166734127937623,-0.6163909567031731,0.48036384430440104,0.6166042699942897,0.6167055634949853,-0.6166979074270161,-0.6166752233154119,0.6166996692392509
0.5246298670657208,-0.927237537627497,0.13836057254746897,0.03914756417758182,-0.48705157627039364,0.429072149588925,-0.7462865778217133,0.925902961052677,-0.9470004118568934,0.9110109612767715,0.9612449388432502,-0.20571887250673287,0.25915082896414765,0.06745717948311389,-0.7934597437553801,0.9999999981317023,-0.04084805305509207,0.06754440180198239,0.013694153577176751,0.9589380252752381,-0.9557130379693388,-0.9611452493636904,0.9148605909049181,-0.8657671286526871,-0.9531994879778429,-0.013672844560363858,0.013646490029134253,-0.9725782126750144,0.9765963452288404,0.9682404034062693,0.013658144154980774,-0.013719745690085503,-0.013436860231707603,-0.0076877052053374905,0.01301479396996295,-0.0008147862482641477,0.9631615164793887,-0.9634572241554883,-0.9626786243512001,0.8326934357474699,-0.39240150551171155,-0.9649006803958861,-0.9677352757117678,0.9679847551698103,0.967404068855363,0.9626805526370071,-0.0008148594239383071,0.0008148330544560664,-0.35490308482555366,-0.41691873177132327,-0.20577473337998256,0.3822795705040746,-0.9616847616987528,-0.040762199818714845,0.013609812461167806,-0.013707788081494901,-0.994130790464149,0.040764791359791865,0.40469103246334037,0.9616518178927531,0.958488466570749,0.013716170621885104,-0.013716313527762194,-0.013409061685459626,0.9620058192985883,-0.9584902333825172,-0.9682049869712703,0.008980597803726929,-0.2093267244751267,0.7293556943792779,-0.9678704089467369,0.9659194651814818,-0.7293720466506213,-0.9667537872604498,-0.9675798671751132,0.9677353442045019,0.9678702760423415,-0.9677350713830958
-0.003828838964644329,0.00016972544004791826,0.005590232646251236,-0.0008872702283851169,-0.0028736819216280468,0.0041916570174271375,-0.0032315202378745836,0.001678657548522438,-0.001742800439171839,0.0017164529326382514,0.0017276076457452567,-0.47553985814034383,-0.1574262712452204,0.912449744247541,0.12494264158003648,-0.04084805305509207,0.9999999969399703,-0.9944475018103881,-0.994446593326797,0.0016724994400540015,-0.0017055046967188086,-0.0016374928848526093,0.02401699276499609,-0.04071937047787712,-0.007032401834749466,0.9942781117162415,-0.9937847898628602,0.004365037440717078,-0.007188960565070836,-0.0015389813049236285,-0.9813878338775083,0.9930086977396817,0.9582368468416721,0.6120859752964216,-0.9626916558380317,-0.008598153281142135,0.0014324901479570028,-0.0013640380382551511,-0.0015009809654306767,0.0014078769224665528,-0.004283835641507965,0.0019855850554230075,0.001736985152788614,-0.0016891249190063024,-0.0017840087983487028,0.0015008607496959153,-0.008598149133773185,0.008598151654040216,-0.0061161936825665335,-0.004218201219667072,0.7254887827131484,0.12487136078618952,-0.0016989737008681746,-0.9504307487147358,0.9778644132389456,0.9942920049051935,0.024160768789617926,0.9504314040116438,0.004248929854651916,0.0016688707558074813,0.004198425803043417,-0.9938125744857947,0.9938129596879886,0.9840187508991344,0.0015694239741371827,-0.004197939619549697,0.0016145457114604285,-0.5984419576119272,0.0055711971836421076,-0.004690162021487172,0.0017148939862537329,-0.0019193250571022352,0.004687337004788991,0.0018521498029362034,0.0017619579818268117,-0.001739170965433145,-0.0017156287005962332,0.0017399040148826457
0.006933125106044228,-0.00047747387495555025,-0.009951772708803576,0.0016428516944662858,0.005007682412665363,-0.0074468162151440295,0.005661159150249794,-0.002837064571958487,0.002926450463348276,-0.0028780729417780815,-0.0029055770822171926,0.3803623298957654,0.26043646519499164,-0.8643432842205607,-0.20667714658049316,0.06754440180198239,-0.9944475018103881,0.9999999983050215,0.9778647324499292,-0.00281558250474379,0.002873810018018398,0.0027543432983213405,-0.03976508831616704,0.06739593470493974,0.011666698192550692,-0.9776913610114955,0.9771993078309531,-0.007190888387823555,0.011860974027743887,0.0025174969503918947,0.9650850240900807,-0.9764707759752078,-0.9423606932585089,-0.6015770105209161,0.9465424664974967,0.008071169430898039,-0.002405326296459772,0.002288883841910025,0.0025217820165887445,-0.002639673010544418,0.007607950245383746,-0.0032996718953303486,-0.0028614153860103,0.002777801153944066,0.0029438043387933067,-0.0025215174170800676,0.008071164944641523,-0.008071167488069643,0.01087892096452535,0.007493709543204005,-0.7938620831811277,-0.20660001147041746,0.0028571361828716706,0.912450485133135,-0.950430808984152,-0.9777188775624154,-0.03993773298435413,-0.912451243746249,-0.0075474272048918455,-0.0028066321421751947,-0.006978358553577704,0.9772543356435611,-0.9772547046527132,-0.9675546954375572,-0.0026382846754748326,0.006977783126815693,-0.002648370976738659,0.5887692391684086,-0.009752841861610904,0.008101327752633995,-0.0028222205350508047,0.003182505266414119,-0.008096618566952799,-0.003063899875781674,-0.0029046948752198586,0.0028645221119458727,0.0028232590730174153,-0.002865565686032847
0.0006813484932722105,0.00014392597354449663,-0.0011696012830052728,0.0001289139669412559,0.0007072257645368718,-0.0008998792259250362,0.0007751394111459094,-0.0005082817732862668,0.0005437763858120839,-0.0005386477128623706,-0.0005354453608250354,0.5654397626274061,0.05267053312822494,-0.9504305450050788,-0.04181985519146677,0.013694153577176751,-0.994446593326797,0.9778647324499292,0.9999999968363735,-0.0005164090927181688,0.0005240458029497187,0.0005077978807804961,-0.008007337605297805,0.013595939775224407,0.0023249263277026547,-0.9998316272242971,0.999343244061259,-0.0014860249209443623,0.0024324567036891906,0.0005386580841340326,0.986801168882249,-0.9985282015991239,-0.9634804069690447,-0.6158032524060991,0.9681588301993023,0.00902974945990377,-0.00044873146942333366,0.0004289099445359511,0.0004686158275659145,-0.00016893967757094952,0.0009220562853971077,-0.0006455113311373137,-0.0005888732090966991,0.000577216768153761,0.0006000913927304104,-0.00046864125521424617,0.009029745696379226,-0.009029748165865457,0.0012936263341906725,0.0009057738751179332,-0.6490656879591671,-0.04176105282049606,0.0005270546452263049,0.9778647773006964,-0.994446776234183,-0.9998317422677878,-0.008111178850865156,-0.9778653221230614,-0.0009131647293321443,-0.0005178029533267788,-0.001376760777332774,0.9993434759482425,-0.9993438730519684,-0.9895641442672627,-0.0004883573238456648,0.0013763691583661127,-0.0005581948163795327,0.6014743547381758,-0.00133523003667376,0.0012291530737640667,-0.0005840902100410978,0.0006307684957035634,-0.0012282432604114335,-0.0006156448602833922,-0.0005953030670183888,0.0005901138940865568,0.0005845129678051245,-0.0005905282987805771
0.5280358521937633,-0.9540588109556036,0.1600635401329446,-0.04561394545738739,-0.46314900950452076,0.5305922360674604,-0.8326346863502502,0.9811660613558202,-0.9690689099298008,0.9206517106292411,0.9952341100295763,0.008831212665146176,-0.011100238139436261,-0.0029440017120912843,-0.5972913092871865,0.9589380252752381,0.0016724994400540015,-0.00281558250474379,-0.0005164090927181688,1.0000000051263294,-0.9994736262509226,-0.9994793141775428,0.9858962306231528,-0.9647669236180987,-0.9954374808750701,0.0005170849389365358,-0.0005184186254530344,-0.9948793891781312,0.9942434120474346,0.9951893350812434,-0.0005179716749841998,0.0005199550853737123,0.0005092736386308851,0.0003061650846695627,-0.0005010079072701362,1.585148685089443e-05,0.9974735191644696,-0.9964174873311823,-0.9983367914694589,0.9065379028354213,-0.4945876345389902,-0.9830867626784606,-0.991007606886224,0.9921778344633122,0.9897543864043391,0.9983376747668286,1.579194890849049e-05,-1.5814005151188596e-05,-0.4319763943189243,-0.518672476618944,0.008749284710394012,0.6149778413129136,-0.9971393158971309,0.0018005436034122526,-0.0006450677783641366,0.0005168266220487961,-0.9823559590707843,-0.0017965618587587652,0.5066668046800252,0.9985551044736392,0.9960929135592701,-0.0005181061165374603,0.0005177695218385507,0.0005129969578813963,0.999005349509445,-0.996093803173,-0.993777967056831,-0.0003313596532012022,-0.11742664852588243,0.6835799948611447,-0.9916015453067719,0.985497073206425,-0.6836040721874533,-0.9877195145830429,-0.990390043728295,0.9910055425840909,0.9916006440206583,-0.9910045500653872
-0.5348387975049141,0.9539025401948938,-0.14967616988071192,0.07810920812556306,0.43817732108525476,-0.5537017054215296,0.8485144559643684,-0.9868879919309719,0.960701194830589,-0.9077284897913686,-0.9916137014412324,-0.009025393312501065,0.011342974859428848,0.0030109063349350517,0.5951069491388353,-0.9557130379693388,-0.0017055046967188086,0.002873810018018398,0.0005240458029497187,-0.9994736262509226,1.000000001088672,0.9978879060566226,-0.9827186447675971,0.961677142795764,0.9922097440327954,-0.0005244473636801373,0.0005255549179150946,0.9915136167509632,-0.9909400001428229,-0.991762286394775,0.000524628359303073,-0.0005269293648393193,-0.0005155878078084606,-0.0003112645641744974,0.0005079473785740857,-1.466387946045273e-05,-0.9947421178990472,0.9933076608502429,0.9959844544376997,-0.9175368226047966,0.5183210978823993,0.9772812163708875,0.986576956543623,-0.9879978589495845,-0.985073266877581,-0.9959851869278942,-1.4609151258805084e-05,1.4629598311810035e-05,0.4399345800790053,0.5419948527120481,-0.008938032028053024,-0.6131827955761298,0.9941939060257671,-0.0018425351608981142,0.000662277756347233,-0.0005241772049291148,0.979072606092361,0.00183825489669495,-0.530197233016173,-0.9962856569856507,-0.9929235063017616,0.0005252181642398895,-0.0005248299562809047,-0.0005200494961597022,-0.9970328308847907,0.9929242926435339,0.9899741208220608,0.0003345698117584017,0.08977846675355526,-0.6628021352662402,0.9872966086852083,-0.9800655956622879,0.6628269621658143,0.9826628595530175,0.9858344752795142,-0.9865754239353853,-0.9872958647023603,0.9865746133879995
-0.5206679316672016,0.9532014100538805,-0.17028677944746332,0.013076465011652572,0.48762871215208015,-0.5069283658116615,0.8158772780780941,-0.974404329656805,0.9764083059179295,-0.9325972955119511,-0.9977983957466542,-0.008629451227668897,0.010847576457561774,0.0028749622450194292,0.598840568407502,-0.9611452493636904,-0.0016374928848526093,0.0027543432983213405,0.0005077978807804961,-0.9994793141775428,0.9978879060566226,1.0000000088696959,-0.988028224690718,0.9668337198917143,0.9976093085831528,-0.000508745192938587,0.0005103016527112319,0.9971896696114582,-0.996491995638047,-0.9975605740725627,0.0005103628060387753,-0.0005120091827152482,-0.0005020385954814736,-0.00030038748895495107,0.0004930948853669936,-1.7140879314104967e-05,-0.9991469633809765,0.9984703442535726,0.9996303885200134,-0.8945820408958053,0.47033813890923365,0.9878485068617687,0.9943865326230946,-0.9953049315594488,-0.993385023266242,-0.999631421575337,-1.7076596459205096e-05,1.7100237952404663e-05,0.4235687977598146,0.49480840412601634,-0.008552405450860143,-0.6161219616147511,0.9990273841900369,-0.001757451152665364,0.0006277948461563136,-0.0005085031450286431,0.9845968985725161,0.001753772042843975,-0.4826074738867036,-0.9997650443146239,-0.9982057058707968,0.0005100220249736339,-0.000509737382187523,-0.0005049612331085165,-0.9999178187250779,0.9982066976934955,0.9965273690517708,0.00032763285189521703,0.1449409475993802,-0.7036263402167767,0.9948541709230226,-0.9898823224227553,0.7036496426193657,0.991727714549911,0.9938944988440035,-0.994383938669801,-0.9948531132352227,0.9943827651844701
0.5241224659722703,-0.947484911110154,0.1593767548153517,0.03638560784283362,-0.5067266370515507,0.45284551768301134,-0.7738947534653821,0.9522647771423688,-0.9737151469785483,0.9367218110416045,0.9883479272572853,0.12138427355682024,-0.1528899631353114,-0.0398532761769051,-0.4801645251676245,0.9148605909049181,0.02401699276499609,-0.03976508831616704,-0.008007337605297805,0.9858962306231528,-0.9827186447675971,-0.988028224690718,1.0000000031819907,-0.9941233014802705,-0.994128703425176,0.007998004137443067,-0.00798673967542352,-0.9836788078694629,0.9802992981601714,0.986736014751719,-0.007998339127903256,0.008030439498059198,0.007871489848574966,0.004500558342835328,-0.007622107276764323,0.0004811708063833927,0.9894767501785824,-0.9895745302931661,-0.989187347971019,0.8573570515135763,-0.4156160783555529,-0.9818970066177818,-0.9856014748950612,0.9860081740250939,0.9851127535130559,0.9891887367520397,0.00048109775049649036,-0.00048112437874498046,-0.3829121990419485,-0.44049689160797506,0.12132750953056524,0.722837685194401,-0.9887277442747642,0.024103512669761303,-0.008092575731197508,0.008016924061905559,-0.9531734542559914,-0.024100389618507433,0.4280828474639708,0.9886213552024278,0.9920172412894067,-0.008024776747919753,0.008024599276611078,0.007850888339296463,0.9887040014393476,-0.9920186492109974,-0.9864657008411154,-0.005264160796643602,-0.1965496798128007,0.7319863507000566,-0.9858122609493479,0.9831553762387204,-0.7320107404514434,-0.9842271456401421,-0.9853649674911917,0.9855977375572538,0.9858108671478396,-0.9855961750036423
-0.5090762657033958,0.9257557084005336,-0.16027365352262857,-0.03509712487567057,0.4976547084603771,-0.44568444557133097,0.7587078832459337,-0.9318543970318008,0.9529742062038591,-0.9168366892011022,-0.9672268822344051,-0.20560543778074955,0.2589806301923659,0.06748247514111366,0.38237557202991124,-0.8657671286526871,-0.04071937047787712,0.06739593470493974,0.013595939775224407,-0.9647669236180987,0.961677142795764,0.9668337198917143,-0.9941233014802705,0.9999999993753136,0.9765623638118555,-0.013578660629605895,0.013557634267367962,0.9584162430500592,-0.953148828457059,-0.9633698999807322,0.013575184754553687,-0.013631459146192034,-0.013358663153843852,-0.007639029131559609,0.01293629421992896,-0.0008150543377327745,-0.9681134219454107,0.9681636469987359,0.9678758832840019,-0.8390553584349213,0.40936310117297153,0.9583200898142422,0.9621212116958667,-0.9625528834894181,-0.9616097905650078,-0.9678770932168782,-0.0008149833118008141,0.0008150092781227188,0.37899307374888436,0.43363425152127844,-0.20554966667316146,-0.7933980777362557,0.9675718179621672,-0.04080422282067108,0.013679605586747981,-0.013611486809457932,0.9148266077547067,0.04080105367646333,-0.42152300487994177,-0.9674409070046553,-0.9725249042025694,0.013623475709591703,-0.013623295207921694,-0.013325578952833102,-0.9674488800041507,0.9725261811571473,0.9630526346829693,0.00893245464581346,0.1880674052316933,-0.7120755570052335,0.9623434796967048,-0.959598336721537,0.7121013889742827,0.9606947598027392,0.9618725022892812,-0.9621165628177175,-0.9623417887549566,0.9621146997883003
