1.0000000003860987,-0.49999921304421074,-0.5000017490138275,0.44843965465078983,0.44843857157863487,-0.48963333757045835,0.4993706299228948,-0.16958686636842907,-0.48306725429521263,-0.4978700553037481,0.22919447324695127,-0.2041473558432793,-0.25353254971821426,0.2535336208192682,0.27708513404232676,-0.46577887294610165,0.4751561456695506,0.4549643735967026,-0.4549643332673886,-0.44274575425028545,0.49221746092678986,-0.49221746223256657,0.4880759134248493,0.4954842132955674,0.4427461954043568,0.42915985510058624,-0.3806360151067669,0.3980568139335889,0.3620393663236182,-0.4142480421683612,-0.36204010510702817,-0.3423232368519724,-0.4484397095919359,-0.4954842420628698,-0.299780641307231,0.3215490311504784,-0.42916046674436753
-0.49999921304421074,0.9999999979089101,-0.4999992130442137,-0.8968783281625505,-0.8968777333829949,0.9792664210340984,-0.9987405445891487,0.3391751912408466,0.9661334444719004,0.9957393225143661,-0.45838708027224695,0.4082928340613184,0.507063250384163,-0.5070653925879129,-0.5541684419121,0.9315565159392256,-0.950311142530079,-0.9099274398926914,0.9099273592348438,0.8854901278860358,-0.9844339924302706,0.9844339950452569,-0.9761508291929124,-0.990967567066684,-0.8854910101945885,-0.8583182605333621,0.7612704010094723,-0.7961120537123284,-0.7240770534217935,0.8284945700889209,0.7240785309905671,0.6846447496388186,0.8968780711918818,0.9909676245971846,0.5995594849614566,-0.6430962987190013,0.8583194838217978
-0.5000017490138275,-0.4999992130442137,1.000000000386098,0.44843965465082375,0.44843857157861433,-0.48963333757044936,0.49937062992290704,-0.16958686636836462,-0.4830672542952375,-0.49787005530376405,0.22919447324701378,-0.20414735584334603,-0.2535325497182758,0.25353362081933056,0.2770851340423907,-0.4657788729461343,0.4751561456695845,0.45496437359674147,-0.45496433326742747,-0.4427457542503289,0.4922174609268081,-0.49221746223258805,0.48807591342487283,0.4954842132955889,0.4427461954044009,0.4291598551006293,-0.38063601510682055,0.39805681393364006,0.3620393663236734,-0.4142480421684096,-0.3620401051070855,-0.342323236852028,-0.44843970959197216,-0.49548424206288494,-0.29978064130728743,0.32154903115054073,-0.42916046674441466
0.44843965465078983,-0.8968783281625505,0.44843965465082375,0.9999999986387946,0.6087845091246109,-0.7886930472581462,0.9179288869197958,0.11185770976618101,-0.9806283001810926,-0.9338392571034665,0.8041900963045854,-0.7699202106487631,-0.8359743408101619,0.8359755249098445,0.86517314187132,-0.9963007413042292,0.9899919092648554,0.999535120106193,-0.999534886124918,-0.9996848694857406,0.9606504572594969,-0.9606496085758296,0.9715020688874235,0.9480881963336768,0.9996854772373608,0.9967480806397959,-0.9695540073468013,0.9816591017126127,0.9544550700858222,-0.9907330729622451,-0.9544556761191589,-0.936407504370937,-0.9999990220536108,-0.9480892777348049,-0.8916979944673639,0.9154671303504699,-0.9967488315137808
0.44843857157863487,-0.8968777333829949,0.44843857157861433,0.6087845091246109,1.0000000003637037,-0.9678776331838628,0.8735723456587021,-0.720260877435274,-0.7523831483872303,-0.8522783357563298,0.018043079914967848,0.03754384732233045,-0.07357233695505179,0.07357499546261542,0.1288690884530282,-0.674687192446533,0.7146375407727272,0.6326552276265821,-0.6326553169283632,-0.5886705942770856,0.8051877506105833,-0.8051886039924673,0.7794779642242912,0.829469844471667,0.5886715691773619,0.5428673671891776,-0.3959802810356155,0.4463729409025139,0.3443630943421058,-0.4953856294135102,-0.3443651387197923,-0.29167839309755234,-0.6087841407390104,-0.8294688662573004,-0.18376502655899118,0.23809064768725635,-0.5428688106048822
-0.48963333757045835,0.9792664210340984,-0.48963333757044936,-0.7886930472581462,-0.9678776331838628,1.0000000005607983,-0.9678783259569544,0.5227079314430207,0.8938344343295909,0.9564187503174707,-0.26884832120491065,0.2149108091145669,0.32195327023259934,-0.32195570568253334,-0.3740586560785394,0.8385918526218855,-0.86755153567677,-0.8070446793918826,0.8070446744414772,0.773006717767437,-0.9284234813547516,0.9284238737068845,-0.9119390788694339,-0.9432593653550034,-0.7730076658662518,-0.7365812626293566,0.61413427133863,-0.6570219016371732,-0.569348890564747,0.6978795064418806,0.5693506668990482,0.522801763776007,0.7886929409953899,0.9432589500187452,0.42500600113411907,-0.4746380362037449,0.7365826191577952
0.4993706299228948,-0.9987405445891487,0.49937062992290704,0.9179288869197958,0.8735723456587021,-0.9678783259569544,1.0000000001012275,-0.2915762008127216,-0.9778590093932459,-0.9991121750302557,0.5023777788686523,-0.4535549216735791,-0.5496466793455851,0.5496487352733304,0.5952131871720933,-0.948618238859291,0.9647268653928369,0.9295824908501383,-0.9295823919668388,-0.9076778647090863,0.9920101774535919,-0.9920100835751923,0.9858100888117942,0.9964468351300063,0.9076787250954438,0.8829702395537857,-0.7928297253931698,0.8254570747456675,0.75775333363735,-0.8555347739966412,-0.757754727809726,-0.7203341586836892,-0.9179290496031959,-0.9964470093479091,-0.6389388363787784,0.6806886958900225,-0.8829714220449356
-0.16958686636842907,0.3391751912408466,-0.16958686636836462,0.11185770976618101,-0.720260877435274,0.5227079314430207,-0.2915762008127216,1.000000002095869,0.08495040904554353,0.25099118072411736,0.680597663536353,-0.7202592453312491,-0.6388348757207553,0.638832581093498,0.5951025642468847,-0.026075508376066127,-0.02948253423622007,0.08155260994588805,-0.08155229348994782,-0.13677835304640146,-0.16856169529353252,0.16856350633701997,-0.12686897838418015,-0.20996191848350618,0.13677766332306474,0.19158312757637594,-0.35179372888955174,0.2992571988162245,0.4032462213989998,-0.24579874125629858,-0.40324419055443095,-0.4534575403456149,-0.1118586656697209,0.20995974758345903,-0.5495341597984061,0.5022704815833197,-0.19158197614285125
-0.48306725429521263,0.9661334444719004,-0.4830672542952375,-0.9806283001810926,-0.7523831483872303,0.8938344343295909,-0.9778590093932459,0.08495040904554353,0.9999999987027618,0.9858120229877412,-0.6721929399444424,0.6300134128420256,0.7122940369007527,-0.7122956764584744,-0.7501909741665148,0.9938289626340895,-0.9984544867407645,-0.9861370734396393,0.9861369012076292,0.9754018393512566,-0.9964475835845572,0.9964470895977967,-0.9991106911351179,-0.9920119602401973,-0.9754025846798119,-0.9616547778046839,0.9028092420102406,-0.9253020728915249,-0.8775282228075575,0.9449373823591413,0.87752923075757,0.849535323416159,0.9806283119095425,0.9920126166373946,0.7857687095916054,-0.8189174995080427,0.9616557576451201
-0.4978700553037481,0.9957393225143661,-0.49787005530376405,-0.9338392571034665,-0.8522783357563298,0.9564187503174707,-0.9991121750302557,0.25099118072411736,0.9858120229877412,1.00000000109959,-0.5383831856375141,0.49072427819778724,0.5843769253596297,-0.5843789047502451,-0.628561105583209,0.9611150610799785,-0.9749677846498783,-0.9442966337987236,0.9442965197855108,0.9245639320983206,-0.9964478588533839,0.9964476840342481,-0.9920111178430215,-0.9991133321761552,-0.9245647723788465,-0.9019761479670628,0.8178182802026394,-0.8485204940692277,-0.7845899513268206,0.8766019263790149,0.7845912726716391,0.7489361123228457,0.9338394638623497,0.9991132373046704,0.6708014846385968,-0.7109677236680991,0.901977293856573
0.22919447324695127,-0.45838708027224695,0.22919447324701378,0.8041900963045854,0.018043079914967848,-0.26884832120491065,0.5023777788686523,0.680597663536353,-0.6721929399444424,-0.5383831856375141,1.0000000006392156,-0.9984566170629388,-0.9984560075911003,0.9984551412876057,0.9938261507378657,-0.7501556364703635,0.7122735808079731,0.7857225259835162,-0.7857221641920316,-0.818864815708625,0.6074538374071892,-0.6074521284541955,0.640392029892629,0.573429353761232,0.8188648512547945,0.8494796503188378,-0.9252557425199333,0.9027572701776798,0.9448985048270789,-0.8774725636341353,-0.9448977369491014,-0.9616249061790804,-0.8041910849752979,-0.5734314495326551,-0.9861269816682595,0.9753820743418827,-0.8494795152268362
-0.2041473558432793,0.4082928340613184,-0.20414735584334603,-0.7699202106487631,0.03754384732233045,0.2149108091145669,-0.4535549216735791,-0.7202592453312491,0.6300134128420256,0.49072427819778724,-0.9984566170629388,1.0000000012839019,0.9938256749231626,-0.9938250279891946,-0.9861254591717122,0.7122519818178122,-0.6721701276916957,-0.7501356145535275,0.7501352479950029,0.785704485001294,-0.5623746622687993,0.5623729068133245,-0.5967238826706448,-0.5270190863701522,-0.7857044663462289,-0.8188483420766168,0.9027469354518459,-0.8774599752157308,-0.9252477887359016,0.8494649853744541,0.9252469076533669,0.9448931907220505,0.7699208524065165,0.527021235372347,0.975379503755852,-0.9616211570350628,0.818848126837127
-0.25353254971821426,0.507063250384163,-0.2535325497182758,-0.8359743408101619,-0.07357233695505179,0.32195327023259934,-0.5496466793455851,-0.6388348757207553,0.7122940369007527,0.5843769253596297,-0.9984560075911003,0.9938256749231626,1.0000000002646805,-1.000000387861888,-0.9984561724021858,0.7857401158484233,-0.7501748324313433,-0.8188804459057593,0.8188800899990344,0.8494938341109736,-0.6506545161768204,0.6506528590050978,-0.6820799555028415,-0.6180662092609042,-0.8494939237467544,-0.8774851384465313,0.9449048734709604,-0.9252643095530884,-0.961628950381817,0.9027679185762936,0.9616282980771004,0.9753847698932994,0.8359753064885797,0.6180682453278087,0.9938271068537765,-0.9861287349648743,0.8774850839167774
0.2535336208192682,-0.5070653925879129,0.25353362081933056,0.8359755249098445,0.07357499546261542,-0.32195570568253334,0.5496487352733304,0.638832581093498,-0.7122956764584744,-0.5843789047502451,0.9984551412876057,-0.9938250279891946,-1.000000387861888,0.9999999997652703,0.9984556052065923,-0.7857415053910703,0.7501763493211135,0.8188817038144937,-0.8188813479082074,-0.8494949565030195,0.6506563320886237,-0.6506546749201169,0.6820816847741189,0.6180681085984485,0.8494950461413691,0.8774861218532212,-0.9449054234313464,0.9252650063006655,0.9616293518512778,-0.9027687599545036,-0.9616286995524382,-0.9753850216202711,-0.835976490586745,-0.6180701446615902,-0.9938270572088868,0.9861288361656303,-0.87748606732737
0.27708513404232676,-0.5541684419121,0.2770851340423907,0.86517314187132,0.1288690884530282,-0.3740586560785394,0.5952131871720933,0.5951025642468847,-0.7501909741665148,-0.628561105583209,0.9938261507378657,-0.9861254591717122,-0.9984561724021858,0.9984556052065923,1.000000000459349,-0.8188939749433509,0.785755112079878,0.8495055986205782,-0.8495052496975226,-0.877495754122165,0.6918411570712545,-0.6918395567951867,0.7216569078089243,0.6607895617984499,0.877495897565598,0.9027773059214053,-0.9616332010703078,0.944910949076062,0.9753872042751742,-0.9252721057973622,-0.9753866695478984,-0.98613022791613,-0.8651740815765018,-0.6607915318767499,-0.9984567927401604,0.9938280839504581,-0.9027773321147959
-0.46577887294610165,0.9315565159392256,-0.4657788729461343,-0.9963007413042292,-0.674687192446533,0.8385918526218855,-0.948618238859291,-0.026075508376066127,0.9938289626340895,0.9611150610799785,-0.7501556364703635,0.7122519818178122,0.7857401158484233,-0.7857415053910703,-0.8188939749433509,0.9999999979940042,-0.9984540338735756,-0.9984552506361684,0.9984546757636299,0.993831259485251,-0.9809603653905362,0.9809596682025747,-0.9882724538248684,-0.971902124251704,-0.9938319304930345,-0.986139054538902,0.9449323433327158,-0.9616515241135777,-0.9252951532282643,0.9754011782599008,0.9252959384478384,0.9027990227115047,0.9963012275238464,0.9719030244372646,0.8495166450255631,-0.8775136956373043,0.9861399094389427
0.4751561456695506,-0.950311142530079,0.4751561456695845,0.9899919092648554,0.7146375407727272,-0.86755153567677,0.9647268653928369,-0.02948253423622007,-0.9984544867407645,-0.9749677846498783,0.7122735808079731,-0.6721701276916957,-0.7501748324313433,0.7501763493211135,0.785755112079878,-0.9984540338735756,0.9999999977520002,0.9938294594541484,-0.993829269033482,-0.9861381853271195,0.9902318025300844,-0.9902312060215936,0.995226941396889,0.9834744270317549,0.986138894589436,0.9754020087875557,-0.9252986425262857,0.9449349251576098,0.9028048515859292,-0.9616531809660285,-0.9028057495554239,-0.877521345397193,-0.9899923423330164,-0.9834752065267719,-0.8189064477706139,0.8495265947374923,-0.97540292757507
0.4549643735967026,-0.9099274398926914,0.45496437359674147,0.999535120106193,0.6326552276265821,-0.8070446793918826,0.9295824908501383,0.08155260994588805,-0.9861370734396393,-0.9442966337987236,0.7857225259835162,-0.7501356145535275,-0.8188804459057593,0.8188817038144937,0.8495055986205782,-0.9984552506361684,0.9938294594541484,0.9999999994456529,-0.9999993639147355,-0.9984578557378276,0.9686619462935238,-0.9686611505783667,0.9782684006614798,0.957330811313094,0.9984581195696729,0.9938329661225703,-0.9616499898691734,0.9754005015501744,0.9449299728042404,-0.9861391506348411,-0.9449306428518498,-0.9252906129163948,-0.9995356579765183,-0.957331829410333,-0.8775051289246579,0.9027927119963427,-0.993833754497496
-0.4549643332673886,0.9099273592348438,-0.45496433326742747,-0.999534886124918,-0.6326553169283632,0.8070446744414772,-0.9295823919668388,-0.08155229348994782,0.9861369012076292,0.9442965197855108,-0.7857221641920316,0.7501352479950029,0.8188800899990344,-0.8188813479082074,-0.8495052496975226,0.9984546757636299,-0.993829269033482,-0.9999993639147355,0.9999999991250246,0.9984572476422404,-0.9686618026576358,0.9686610069431549,-0.9782682425872204,-0.957330682373469,-0.9984578783251828,-0.9938327093582718,0.9616496914781302,-0.9754002161684511,-0.9449296623245952,0.9861388791429764,0.9449303323726562,0.9252902913060151,0.9995354239947356,0.9573317004698395,0.8775047880627356,-0.9027923802480505,0.9938334977333881
-0.44274575425028545,0.8854901278860358,-0.4427457542503289,-0.9996848694857406,-0.5886705942770856,0.773006717767437,-0.9076778647090863,-0.13677835304640146,0.9754018393512566,0.9245639320983206,-0.818864815708625,0.785704485001294,0.8494938341109736,-0.8494949565030195,-0.877495754122165,0.993831259485251,-0.9861381853271195,-0.9984578557378276,0.9984572476422404,1.0000000017262323,-0.9533740854495035,0.9533731936622792,-0.9652452726574682,-0.939805012352079,-1.0000033778074104,-0.9984602381478211,0.9754000013129198,-0.9861393915736493,-0.9616487734504552,0.9938338778894955,0.9616493262576639,0.944926809339772,0.9996854573473933,0.9398061452197541,0.9027857206684886,-0.925285781016629,0.998460590713109
0.49221746092678986,-0.9844339924302706,0.4922174609268081,0.9606504572594969,0.8051877506105833,-0.9284234813547516,0.9920101774535919,-0.16856169529353252,-0.9964475835845572,-0.9964478588533839,0.6074538374071892,-0.5623746622687993,-0.6506545161768204,0.6506563320886237,0.6918411570712545,-0.9809603653905362,0.9902318025300844,0.9686619462935238,-0.9686618026576358,-0.9533740854495035,1.0000000015207522,-1.000002165421175,0.9991123234369074,0.9991133644772026,0.9533748810774928,0.93514229797688,-0.8633868036593427,0.8900787929706269,0.8340281713528108,-0.914021848227611,-0.8340293401390537,-0.8020916668801343,-0.9606507509814683,-0.9991138303405923,-0.7308886745282308,0.7676766001128671,-0.9351433646249727
-0.49221746223256657,0.9844339950452569,-0.49221746223258805,-0.9606496085758296,-0.8051886039924673,0.9284238737068845,-0.9920100835751923,0.16856350633701997,0.9964470895977967,0.9964476840342481,-0.6074521284541955,0.5623729068133245,0.6506528590050978,-0.6506546749201169,-0.6918395567951867,0.9809596682025747,-0.9902312060215936,-0.9686611505783667,0.9686610069431549,0.9533731936622792,-1.000002165421175,1.000000001042462,-0.9991122751204695,-0.9991134758834329,-0.9533739892910527,-0.935141312868703,0.8633855579219835,-0.8900776306136373,-0.8340268460778253,0.9140207728363924,0.8340280148671912,0.8020902661537839,0.9606499022957217,0.9991135748912605,0.7308871360882143,-0.7676751282580704,0.9351423795183181
0.4880759134248493,-0.9761508291929124,0.48807591342487283,0.9715020688874235,0.7794779642242912,-0.9119390788694339,0.9858100888117942,-0.12686897838418015,-0.9991106911351179,-0.9920111178430215,0.640392029892629,-0.5967238826706448,-0.6820799555028415,0.6820816847741189,0.7216569078089243,-0.9882724538248684,0.995226941396889,0.9782684006614798,-0.9782682425872204,-0.9652452726574682,0.9991123234369074,-0.9991122751204695,0.9999999996910909,0.9964477701415956,0.965246043820914,0.9492416203715749,-0.8838830145929562,0.9084972999951479,0.8565388891137887,-0.9303058658087099,-0.8565399784499602,-0.8265475364540029,-0.9715024053367954,-0.9964483317702308,-0.7590027161856575,0.794002172218305,-0.949242644525838
0.4954842132955674,-0.990967567066684,0.4954842132955889,0.9480881963336768,0.829469844471667,-0.9432593653550034,0.9964468351300063,-0.20996191848350618,-0.9920119602401973,-0.9991133321761552,0.573429353761232,-0.5270190863701522,-0.6180662092609042,0.6180681085984485,0.6607895617984499,-0.971902124251704,0.9834744270317549,0.957330811313094,-0.957330682373469,-0.939805012352079,0.9991133644772026,-0.9991134758834329,0.9964477701415956,1.0000000016186417,0.9398058310335679,0.9193771273123444,-0.8413512533028127,0.8700738340056473,0.8100299810472776,-0.8961091657955182,-0.8100312272185682,-0.7762047891843586,-0.9480884467980585,-1.0000030076606767,-0.7014696325039473,0.7399809062784616,-0.9193782345644415
0.4427461954043568,-0.8854910101945885,0.4427461954044009,0.9996854772373608,0.5886715691773619,-0.7730076658662518,0.9076787250954438,0.13677766332306474,-0.9754025846798119,-0.9245647723788465,0.8188648512547945,-0.7857044663462289,-0.8494939237467544,0.8494950461413691,0.877495897565598,-0.9938319304930345,0.986138894589436,0.9984581195696729,-0.9984578783251828,-1.0000033778074104,0.9533748810774928,-0.9533739892910527,0.965246043820914,0.9398058310335679,1.0000000025648006,0.9984604156194077,-0.9754004038444786,0.9861398428124207,0.9616491260300776,-0.9938343764405297,-0.9616496788392642,-0.9449271108746623,-0.9996860650986176,-0.9398069639002852,-0.9027859174738283,0.9252860305733571,-0.9984611350370418
0.42915985510058624,-0.8583182605333621,0.4291598551006293,0.9967480806397959,0.5428673671891776,-0.7365812626293566,0.8829702395537857,0.19158312757637594,-0.9616547778046839,-0.9019761479670628,0.8494796503188378,-0.8188483420766168,-0.8774851384465313,0.8774861218532212,0.9027773059214053,-0.986139054538902,0.9754020087875557,0.9938329661225703,-0.9938327093582718,-0.9984602381478211,0.93514229797688,-0.935141312868703,0.9492416203715749,0.9193771273123444,0.9984604156194077,1.0000000029420626,-0.9861387835882666,0.9938338215245229,0.9753988739011944,-0.9984606814048216,-0.9753993077583748,-0.9616460054889417,-0.9967487166790916,-0.9193783714555511,-0.925279559984319,0.9449225608731676,-1.000005143893559
-0.3806360151067669,0.7612704010094723,-0.38063601510682055,-0.9695540073468013,-0.3959802810356155,0.61413427133863,-0.7928297253931698,-0.35179372888955174,0.9028092420102406,0.8178182802026394,-0.9252557425199333,0.9027469354518459,0.9449048734709604,-0.9449054234313464,-0.9616332010703078,0.9449323433327158,-0.9252986425262857,-0.9616499898691734,0.9616496914781302,0.9754000013129198,-0.8633868036593427,0.8633855579219835,-0.8838830145929562,-0.8413512533028127,-0.9754004038444786,-0.9861387835882666,1.0000000013816766,-0.9984589382513083,-0.9984583663779544,0.9938327268773338,0.9984580699562363,0.9938306224945287,0.9695547755817793,0.8413528069349653,0.9753902348746496,-0.986133651132454,0.9861392071633853
0.3980568139335889,-0.7961120537123284,0.39805681393364006,0.9816591017126127,0.4463729409025139,-0.6570219016371732,0.8254570747456675,0.2992571988162245,-0.9253020728915249,-0.8485204940692277,0.9027572701776798,-0.8774599752157308,-0.9252643095530884,0.9252650063006655,0.944910949076062,-0.9616515241135777,0.9449349251576098,0.9754005015501744,-0.9754002161684511,-0.9861393915736493,0.8900787929706269,-0.8900776306136373,0.9084972999951479,0.8700738340056473,0.9861398428124207,0.9938338215245229,-0.9984589382513083,1.0000000019392785,0.9938317570544638,-0.9984598787280037,-0.9938319493492321,-0.9861355467805712,-0.9816598280780203,-0.8700752888565312,-0.9616378049190089,0.97539337940407,-0.993834321610014
0.3620393663236182,-0.7240770534217935,0.3620393663236734,0.9544550700858222,0.3443630943421058,-0.569348890564747,0.75775333363735,0.4032462213989998,-0.8775282228075575,-0.7845899513268206,0.9448985048270789,-0.9252477887359016,-0.961628950381817,0.9616293518512778,0.9753872042751742,-0.9252951532282643,0.9028048515859292,0.9449299728042404,-0.9449296623245952,-0.9616487734504552,0.8340281713528108,-0.8340268460778253,0.8565388891137887,0.8100299810472776,0.9616491260300776,0.9753988739011944,-0.9984583663779544,0.9938317570544638,1.0000000012993693,-0.986137437443378,-1.0000021386909892,-0.998458054275461,-0.9544558778202081,-0.8100316286679663,-0.9861318256819652,0.993829795808426,-0.9753992196551374
-0.4142480421683612,0.8284945700889209,-0.4142480421684096,-0.9907330729622451,-0.4953856294135102,0.6978795064418806,-0.8555347739966412,-0.24579874125629858,0.9449373823591413,0.8766019263790149,-0.8774725636341353,0.8494649853744541,0.9027679185762936,-0.9027687599545036,-0.9252721057973622,0.9754011782599008,-0.9616531809660285,-0.9861391506348411,0.9861388791429764,0.9938338778894955,-0.914021848227611,0.9140207728363924,-0.9303058658087099,-0.8961091657955182,-0.9938343764405297,-0.9984606814048216,0.9938327268773338,-0.9984598787280037,-0.986137437443378,1.000000002555276,0.9861377510053131,0.9753962693068658,0.9907337552170882,0.8961105173772768,0.944917031753818,-0.9616421841734522,0.9984608896028503
-0.36204010510702817,0.7240785309905671,-0.3620401051070855,-0.9544556761191589,-0.3443651387197923,0.5693506668990482,-0.757754727809726,-0.40324419055443095,0.87752923075757,0.7845912726716391,-0.9448977369491014,0.9252469076533669,0.9616282980771004,-0.9616286995524382,-0.9753866695478984,0.9252959384478384,-0.9028057495554239,-0.9449306428518498,0.9449303323726562,0.9616493262576639,-0.8340293401390537,0.8340280148671912,-0.8565399784499602,-0.8100312272185682,-0.9616496788392642,-0.9753993077583748,0.9984580699562363,-0.9938319493492321,-1.0000021386909892,0.9861377510053131,1.000000001225752,0.9984575138282723,0.9544564838519458,0.8100328748355591,0.9861314101780623,-0.9938295008055538,0.9753996535154309
-0.3423232368519724,0.6846447496388186,-0.342323236852028,-0.936407504370937,-0.29167839309755234,0.522801763776007,-0.7203341586836892,-0.4534575403456149,0.849535323416159,0.7489361123228457,-0.9616249061790804,0.9448931907220505,0.9753847698932994,-0.9753850216202711,-0.98613022791613,0.9027990227115047,-0.877521345397193,-0.9252906129163948,0.9252902913060151,0.944926809339772,-0.8020916668801343,0.8020902661537839,-0.8265475364540029,-0.7762047891843586,-0.9449271108746623,-0.9616460054889417,0.9938306224945287,-0.9861355467805712,-0.998458054275461,0.9753962693068658,0.9984575138282723,1.0000000012864132,0.9364083491136236,0.7762065257130438,0.9938290177309218,-0.9984578950555024,0.9616462723476944
-0.4484397095919359,0.8968780711918818,-0.44843970959197216,-0.9999990220536108,-0.6087841407390104,0.7886929409953899,-0.9179290496031959,-0.1118586656697209,0.9806283119095425,0.9338394638623497,-0.8041910849752979,0.7699208524065165,0.8359753064885797,-0.835976490586745,-0.8651740815765018,0.9963012275238464,-0.9899923423330164,-0.9995356579765183,0.9995354239947356,0.9996854573473933,-0.9606507509814683,0.9606499022957217,-0.9715024053367954,-0.9480884467980585,-0.9996860650986176,-0.9967487166790916,0.9695547755817793,-0.9816598280780203,-0.9544558778202081,0.9907337552170882,0.9544564838519458,0.9364083491136236,0.9999999994446832,0.9480895282016432,0.8916989052978422,-0.9154680094940846,0.9967494675524605
-0.4954842420628698,0.9909676245971846,-0.49548424206288494,-0.9480892777348049,-0.8294688662573004,0.9432589500187452,-0.9964470093479091,0.20995974758345903,0.9920126166373946,0.9991132373046704,-0.5734314495326551,0.527021235372347,0.6180682453278087,-0.6180701446615902,-0.6607915318767499,0.9719030244372646,-0.9834752065267719,-0.957331829410333,0.9573317004698395,0.9398061452197541,-0.9991138303405923,0.9991135748912605,-0.9964483317702308,-1.0000030076606767,-0.9398069639002852,-0.9193783714555511,0.8413528069349653,-0.8700752888565312,-0.8100316286679663,0.8961105173772768,0.8100328748355591,0.7762065257130438,0.9480895282016432,1.0000000021448818,0.7014715305113888,-0.7399827263556737,0.9193794787058457
-0.299780641307231,0.5995594849614566,-0.29978064130728743,-0.8916979944673639,-0.18376502655899118,0.42500600113411907,-0.6389388363787784,-0.5495341597984061,0.7857687095916054,0.6708014846385968,-0.9861269816682595,0.975379503755852,0.9938271068537765,-0.9938270572088868,-0.9984567927401604,0.8495166450255631,-0.8189064477706139,-0.8775051289246579,0.8775047880627356,0.9027857206684886,-0.7308886745282308,0.7308871360882143,-0.7590027161856575,-0.7014696325039473,-0.9027859174738283,-0.925279559984319,0.9753902348746496,-0.9616378049190089,-0.9861318256819652,0.944917031753818,0.9861314101780623,0.9938290177309218,0.8916989052978422,0.7014715305113888,1.0000000009294363,-0.9984575039677044,0.9252796668159794
0.3215490311504784,-0.6430962987190013,0.32154903115054073,0.9154671303504699,0.23809064768725635,-0.4746380362037449,0.6806886958900225,0.5022704815833197,-0.8189174995080427,-0.7109677236680991,0.9753820743418827,-0.9616211570350628,-0.9861287349648743,0.9861288361656303,0.9938280839504581,-0.8775136956373043,0.8495265947374923,0.9027927119963427,-0.9027923802480505,-0.925285781016629,0.7676766001128671,-0.7676751282580704,0.794002172218305,0.7399809062784616,0.9252860305733571,0.9449225608731676,-0.986133651132454,0.97539337940407,0.993829795808426,-0.9616421841734522,-0.9938295008055538,-0.9984578950555024,-0.9154680094940846,-0.7399827263556737,-0.9984575039677044,1.0000000012571915,-0.944922748009205
-0.42916046674436753,0.8583194838217978,-0.42916046674441466,-0.9967488315137808,-0.5428688106048822,0.7365826191577952,-0.8829714220449356,-0.19158197614285125,0.9616557576451201,0.901977293856573,-0.8494795152268362,0.818848126837127,0.8774850839167774,-0.87748606732737,-0.9027773321147959,0.9861399094389427,-0.97540292757507,-0.993833754497496,0.9938334977333881,0.998460590713109,-0.9351433646249727,0.9351423795183181,-0.949242644525838,-0.9193782345644415,-0.9984611350370418,-1.000005143893559,0.9861392071633853,-0.993834321610014,-0.9753992196551374,0.9984608896028503,0.9753996535154309,0.9616462723476944,0.9967494675524605,0.9193794787058457,0.9252796668159794,-0.944922748009205,1.0000000038658892
