0.999999998700438,-0.7351672005803326,-0.7351657830991757,0.2564479848926349,0.6321308971439578,0.2629178404164286,0.6276779163870323,0.25657917494811167,-0.2565780745145858,0.11773381805442505,0.3904192316077907,-0.6276799455999619,-0.5065841646364816,0.6321228670883352,-0.6321262244936692,-0.6321212207201018,-0.15274825152387891,0.1875646864084117,0.15275389096559744,0.05922072090326379,-0.22214552353613776,-0.152757328825222,-0.5164442873023649,-0.23432043494413318,0.37451061040561745,0.07637914378646243,0.07637914378646243
-0.7351672005803326,0.9999999985221089,0.08094372184293702,-0.8437461603278411,-0.9899875714067865,0.46074510921956285,0.0662638278061493,-0.8438200930548664,0.8438188110661105,-0.759723896674992,-0.9111085247368913,-0.0662617906355265,-0.21203891402945632,-0.9899867023340033,0.9899870019321799,0.9899867577368433,0.7822260837700518,-0.8037461172982406,-0.7822300932806181,0.6331565449771333,0.8242612907061658,0.7822318450258664,0.9601586115429966,-0.48674502925547275,0.35321944336319877,-0.39111565593767433,-0.3911156559376753
-0.7351657830991757,0.08094372184293702,0.9999999990175522,0.4666836057730096,0.06054451632138083,-0.8473244817522724,-0.989162687095409,0.4665644770626969,-0.4665648130794708,0.5866176607110906,0.33706296213320075,0.9891638014563271,0.9568896110048789,0.060555286234456634,-0.06055064931225442,-0.06055776235555665,-0.5576368562135479,0.5279650200667819,0.5576325738496778,-0.7202329474114558,-0.4976347291481336,-0.5576292707839097,-0.20081374177817354,0.8312767901626124,-0.9038777730556303,0.27881366397420715,0.2788136639742082
0.2564479848926349,-0.8437461603278411,0.4666836057730096,1.0000000004109104,0.911056561734797,-0.8651277481205539,-0.591471163679875,1.0000018773318793,-1.0000007528153452,0.9900298905844424,0.9899717028354499,0.5914698656959568,0.7034433774431015,0.9110614412750994,-0.9110592100966325,-0.9110628238489026,-0.9943904995217862,0.9975074806363586,0.9943917512189532,-0.9496749842686413,-0.9993780605855878,-0.9943915268780231,-0.9601242708286954,0.879556696571888,-0.8001707571105904,0.4971950037801497,0.4971950037801514
0.6321308971439578,-0.9899875714067865,0.06054451632138083,0.911056561734797,0.9999999989920483,-0.5814002935813299,-0.20643139040163477,0.9111135643192831,-0.9111123280511249,0.8438955126618191,0.9601615077018584,0.2064294842964888,0.34784804726837726,0.9999990763287441,-0.9999985518377305,-0.9999994824454963,-0.8623265166540404,0.8796760868697555,0.8623299255779636,-0.7360651154071975,-0.8959260968673576,-0.8623312121329098,-0.9899889423389143,0.6051654910062697,-0.48172676786056806,0.4311652015456403,0.43116520154564225
0.2629178404164286,0.46074510921956285,-0.8473244817522724,-0.8651277481205539,-0.5814002935813299,0.9999999997403608,0.9161114445074926,-0.8650611409133182,0.8650607570479912,-0.9271546631932768,-0.7855987469195841,-0.9161112018292807,-0.9650458942555502,-0.5814093311718961,0.5814053618362879,0.5814115655650626,0.913338255093735,-0.8983832007950805,-0.9133365782026622,0.9786950169395221,0.8823064099538964,0.9133345703430261,0.6904100198736279,-0.999562932619946,0.9930654835944652,-0.4566662781308883,-0.4566662781308903
0.6276779163870323,0.0662638278061493,-0.989162687095409,-0.591471163679875,-0.20643139040163477,0.9161114445074926,0.9999999988319237,-0.5913627707384813,0.591362918288868,-0.699159421430585,-0.4716318056466521,-0.9999988452002915,-0.9891619385206518,-0.2064420192775843,0.2064374214450345,0.20644450625060137,0.6734615959581366,-0.646927320624345,-0.6734578995238562,0.81427709170773,0.6195858631337494,0.6734548508926002,0.34245936883374134,-0.9038758223881491,0.956887953272709,-0.33672641370721884,-0.33672641370722006
0.25657917494811167,-0.8438200930548664,0.4665644770626969,1.0000018773318793,0.9111135643192831,-0.8650611409133182,-0.5913627707384813,1.0000000022857358,-1.0000020734336905,0.990012108746235,0.9899921174994375,0.5913614725153525,0.7033480696334158,0.9111184425662565,-0.9111162119351648,-0.9111198248616619,-0.9943774711290808,0.9974992210076751,0.994378723572655,-0.9496338137651925,-0.999374747771506,-0.9943784997209196,-0.9601633708143767,0.8794934275448504,-0.8000906000924343,0.4971884902950215,0.4971884902950238
-0.2565780745145858,0.8438188110661105,-0.4665648130794708,-1.0000007528153452,-0.9111123280511249,0.8650607570479912,0.591362918288868,-1.0000020734336905,1.0000000009181442,-0.9900111183939455,-0.9899908775972124,-0.5913616200685001,-0.7033480255151028,-0.9111172063017317,0.9111149756692553,0.9111185885976072,0.9943766134883966,-0.9974983292490317,-0.9943778659260121,0.9496331824210039,0.9993738230101579,0.9943776420713902,0.960162205014616,-0.8794930070881898,0.8000903652603739,-0.4971880614703998,-0.49718806147040134
0.11773381805442505,-0.759723896674992,0.5866176607110906,0.9900298905844424,0.8438955126618191,-0.9271546631932768,-0.699159421430585,0.990012108746235,-0.9900111183939455,1.0000000017752804,0.9602009047383272,0.6991583836181335,0.7965517100339812,0.8439016962427539,-0.843898914603769,-0.8439033566509404,-0.9993793419795849,0.9975076837062128,0.9993799739824181,-0.9843312587406352,-0.9943898082797128,-0.9993792424521604,-0.9111683350165922,0.9378110075581261,-0.8766811641443543,0.4996887708841084,0.49968877088411096
0.3904192316077907,-0.9111085247368913,0.33706296213320075,0.9899717028354499,0.9601615077018584,-0.7855987469195841,-0.4716318056466521,0.9899921174994375,-0.9899908775972124,0.9602009047383272,0.9999999999443151,0.4716302727496526,0.5959827120450772,0.9601649817790935,-0.9601633473068945,-0.9601660580411407,-0.9694718885935422,0.9775293909468573,0.9694739050569872,-0.8959004058527172,-0.9843654348271106,-0.9694741938359289,-0.9899896166565004,0.8035216793890291,-0.7074178251246692,0.48473644341352434,0.484736443413525
-0.6276799455999619,-0.0662617906355265,0.9891638014563271,0.5914698656959568,0.2064294842964888,-0.9161112018292807,-0.9999988452002915,0.5913614725153525,-0.5913616200685001,0.6991583836181335,0.4716302727496526,0.9999999997573709,0.9891624407673212,0.20644011318288868,-0.2064355153461178,-0.20644260015773228,-0.6734604909382964,0.6469261497916636,0.673456794492724,-0.8142764087919184,-0.6195846279532119,-0.673453745855339,-0.3424576319476965,0.9038755157741627,-0.9568879672868246,0.3367258611882997,0.3367258611883014
-0.5065841646364816,-0.21203891402945632,0.9568896110048789,0.7034433774431015,0.34784804726837726,-0.9650458942555502,-0.9891619385206518,0.7033480696334158,-0.7033480255151028,0.7965517100339812,0.5959827120450772,0.9891624407673212,0.999999998714873,0.3478583047540372,-0.34785384565664684,-0.3478607486813905,-0.7746938692196774,0.751872284365849,0.7746908388387981,-0.890676471803091,-0.7281122796313185,-0.7746881107185902,-0.47668666660967274,0.9568877743015993,-0.9891615220862091,0.38734302522445224,0.38734302522445246
0.6321228670883352,-0.9899867023340033,0.060555286234456634,0.9110614412750994,0.9999990763287441,-0.5814093311718961,-0.2064420192775843,0.9111184425662565,-0.9111172063017317,0.8439016962427539,0.9601649817790935,0.20644011318288868,0.3478583047540372,0.9999999996876944,-0.9999990385002435,-0.9999998012756918,-0.8623323847618829,0.8796816322343746,0.8623357936396087,-0.7360727572659429,-0.8959313125731903,-0.8623370801592254,-0.9899911106066405,0.6051743516544829,-0.4817364316459911,0.43116813554855266,0.43116813554855415
-0.6321262244936692,0.9899870019321799,-0.06055064931225442,-0.9110592100966325,-0.9999985518377305,0.5814053618362879,0.2064374214450345,-0.9111162119351648,0.9111149756692553,-0.843898914603769,-0.9601633473068945,-0.2064355153461178,-0.34785384565664684,-0.9999990385002435,0.9999999991779233,0.9999996125404778,0.8623297359681351,-0.8796791195694248,-0.8623331448652077,0.7360693648864837,0.895928939170909,0.8623344313998037,0.9899901050139545,-0.6051704548486434,0.48173220792540244,-0.43116681117329436,-0.4311668111732964
-0.6321212207201018,0.9899867577368433,-0.06055776235555665,-0.9110628238489026,-0.9999994824454963,0.5814115655650626,0.20644450625060137,-0.9111198248616619,0.9111185885976072,-0.8439033566509404,-0.9601660580411407,-0.20644260015773228,-0.3478607486813905,-0.9999998012756918,0.9999996125404778,1.0000000002682585,0.8623339786006731,-0.8796831575252816,-0.8623373874688368,0.7360747187140151,0.8959327674132938,0.8623386739807478,0.9899918592898292,-0.6051765526720764,0.48173877956085887,-0.4311689324568472,-0.43116893245684806
-0.15274825152387891,0.7822260837700518,-0.5576368562135479,-0.9943904995217862,-0.8623265166540404,0.913338255093735,0.6734615959581366,-0.9943774711290808,0.9943766134883966,-0.9993793419795849,-0.9694718885935422,-0.6734604909382964,-0.7746938692196774,-0.8623323847618829,0.8623297359681351,0.8623339786006731,1.0000000038478083,-0.9993812018205516,-1.0000058782435446,0.9774876361740502,0.9975089198223464,1.0000054404644356,0.925159368728716,-0.9249608459745913,0.8591370504614128,-0.5000018910387585,-0.5000018910387602
0.1875646864084117,-0.8037461172982406,0.5279650200667819,0.9975074806363586,0.8796760868697555,-0.8983832007950805,-0.646927320624345,0.9974992210076751,-0.9974983292490317,0.9975076837062128,0.9775293909468573,0.6469261497916636,0.751872284365849,0.8796816322343746,-0.8796791195694248,-0.8796831575252816,-0.9993812018205516,1.0000000040702859,0.9993822298029903,-0.9694236145236842,-0.9993805901485705,-0.9993817506897709,-0.9379913434722901,0.9109573168599584,-0.8405227847216907,0.49969006833198304,0.49969006833198465
0.15275389096559744,-0.7822300932806181,0.5576325738496778,0.9943917512189532,0.8623299255779636,-0.9133365782026622,-0.6734578995238562,0.994378723572655,-0.9943778659260121,0.9993799739824181,0.9694739050569872,0.673456794492724,0.7746908388387981,0.8623357936396087,-0.8623331448652077,-0.8623373874688368,-1.0000058782435446,0.9993822298029903,1.0000000047948645,-0.9774871012956271,-0.9975099763703423,-1.0000059351247184,-0.925162108848878,0.9249593288798207,-0.8591347518147273,0.5000022223258079,0.5000022223258097
0.05922072090326379,0.6331565449771333,-0.7202329474114558,-0.9496749842686413,-0.7360651154071975,0.9786950169395221,0.81427709170773,-0.9496338137651925,0.9496331824210039,-0.9843312587406352,-0.8959004058527172,-0.8142764087919184,-0.890676471803091,-0.7360727572659429,0.7360693648864837,0.7360747187140151,0.9774876361740502,-0.9694236145236842,-0.9774871012956271,1.0000000002582452,0.9601488558564408,0.9774857554708422,0.8242327262584774,-0.9843289042787279,0.9477729485607317,-0.4887419378188055,-0.4887419378188076
-0.22214552353613776,0.8242612907061658,-0.4976347291481336,-0.9993780605855878,-0.8959260968673576,0.8823064099538964,0.6195858631337494,-0.999374747771506,0.9993738230101579,-0.9943898082797128,-0.9843654348271106,-0.6195846279532119,-0.7281122796313185,-0.8959313125731903,0.895928939170909,0.8959327674132938,0.9975089198223464,-0.9993805901485705,-0.9975099763703423,0.9601488558564408,1.0000000029081144,0.99750962442513,0.9496510755822662,-0.8958163080709562,0.8208591986707319,-0.4987540283874576,-0.49875402838745775
-0.152757328825222,0.7822318450258664,-0.5576292707839097,-0.9943915268780231,-0.8623312121329098,0.9133345703430261,0.6734548508926002,-0.9943784997209196,0.9943776420713902,-0.9993792424521604,-0.9694741938359289,-0.673453745855339,-0.7746881107185902,-0.8623370801592254,0.8623344313998037,0.8623386739807478,1.0000054404644356,-0.9993817506897709,-1.0000059351247184,0.9774857554708422,0.99750962442513,1.0000000039291026,0.9251629044793623,-0.9249574109348755,0.8591324033334203,-0.5000017515918619,-0.5000017515918616
-0.5164442873023649,0.9601586115429966,-0.20081374177817354,-0.9601242708286954,-0.9899889423389143,0.6904100198736279,0.34245936883374134,-0.9601633708143767,0.960162205014616,-0.9111683350165922,-0.9899896166565004,-0.3424576319476965,-0.47668666660967274,-0.9899911106066405,0.9899901050139545,0.9899918592898292,0.925159368728716,-0.9379913434722901,-0.925162108848878,0.8242327262584774,0.9496510755822662,0.9251629044793623,0.9999999990696005,-0.7114648278475013,0.600583701164802,-0.46258091787843225,-0.46258091787843353
-0.23432043494413318,-0.48674502925547275,0.8312767901626124,0.879556696571888,0.6051654910062697,-0.999562932619946,-0.9038758223881491,0.8794934275448504,-0.8794930070881898,0.9378110075581261,0.8035216793890291,0.9038755157741627,0.9568877743015993,0.6051743516544829,-0.6051704548486434,-0.6051765526720764,-0.9249608459745913,0.9109573168599584,0.9249593288798207,-0.9843289042787279,-0.8958163080709562,-0.9249574109348755,-0.7114648278475013,0.9999999987566285,-0.98916153171572,0.4624777054328312,0.462477705432832
0.37451061040561745,0.35321944336319877,-0.9038777730556303,-0.8001707571105904,-0.48172676786056806,0.9930654835944652,0.956887953272709,-0.8000906000924343,0.8000903652603739,-0.8766811641443543,-0.7074178251246692,-0.9568879672868246,-0.9891615220862091,-0.4817364316459911,0.48173220792540244,0.48173877956085887,0.8591370504614128,-0.8405227847216907,-0.8591347518147273,0.9477729485607317,0.8208591986707319,0.8591324033334203,0.600583701164802,-0.98916153171572,0.9999999984336972,-0.42956517546184936,-0.4295651754618501
0.07637914378646243,-0.39111565593767433,0.27881366397420715,0.4971950037801497,0.4311652015456403,-0.4566662781308883,-0.33672641370721884,0.4971884902950215,-0.4971880614703998,0.4996887708841084,0.48473644341352434,0.3367258611882997,0.38734302522445224,0.43116813554855266,-0.43116681117329436,-0.4311689324568472,-0.5000018910387585,0.49969006833198304,0.5000022223258079,-0.4887419378188055,-0.4987540283874576,-0.5000017515918619,-0.46258091787843225,0.4624777054328312,-0.42956517546184936,0.9999999996807765,-0.49999829513851934
0.07637914378646243,-0.3911156559376753,0.2788136639742082,0.4971950037801514,0.43116520154564225,-0.4566662781308903,-0.33672641370722006,0.4971884902950238,-0.49718806147040134,0.49968877088411096,0.484736443413525,0.3367258611883014,0.38734302522445246,0.43116813554855415,-0.4311668111732964,-0.43116893245684806,-0.5000018910387602,0.49969006833198465,0.5000022223258097,-0.4887419378188076,-0.49875402838745775,-0.5000017515918616,-0.46258091787843353,0.462477705432832,-0.4295651754618501,-0.49999829513851934,0.9999999996807765
