1.0000000069469162,-1.0000094347423956,1.0000096668501346,1.000004571235198,0.8090213741059332,-0.30901896370421394,-1.0000043632231232,-0.30901896370421317,1.000003654557081,0.8090213741059352,-1.0000038906004427,-1.000003721129431,-1.0000022855363546,1.0000015250831353,1.0000015250831311,-1.0000011035454799,-1.0000011035454792,1.000000968711001
-1.0000094347423956,1.000000004660956,-1.000009434742393,-1.0000043391343878,-0.8090200873739439,0.30901847221582623,1.0000027727367569,0.30901847221582524,-1.000002064071859,-0.8090200873739454,1.0000023001149594,1.0000021306437237,1.0000006950523435,-0.999999934599652,-0.9999999345996482,0.9999995130622323,0.9999995130622323,-0.9999993782278197
1.0000096668501346,-1.000009434742393,1.0000000069469162,1.0000045712351993,0.8090213741059339,-0.30901896370421317,-1.0000043632231241,-0.30901896370421494,1.0000036545570827,0.8090213741059369,-1.000003890600444,-1.0000037211294326,-1.0000022855363546,1.000001525083137,1.0000015250831324,-1.0000011035454814,-1.0000011035454797,1.0000009687110016
1.000004571235198,-1.0000043391343878,1.0000045712351993,0.9999999996231768,0.8090172516766111,-0.3090173890746933,-0.9999992676263947,-0.3090173890746905,0.9999985589639468,0.8090172516766123,-1.0000001533923908,-0.9999986255338541,-0.999998548330234,0.9999964294913652,0.9999964294913606,-0.9999960079533778,-0.9999960079533767,0.9999958731187393
0.8090213741059332,-0.8090200873739439,0.8090213741059339,0.8090172516766111,1.0000000014689567,-0.8090212633485242,-0.809018441776074,0.30901884512311084,0.8090165100699528,0.3090164693185259,-0.8090167010329223,-0.809016563925753,-0.8090154025078615,0.8090147872868751,0.8090147872868718,-0.8090144462546478,-0.8090144462546485,0.8090143371708584
-0.30901896370421394,0.30901847221582623,-0.30901896370421317,-0.3090173890746933,-0.8090212633485242,1.0000000033308232,0.3090173247950256,-0.8090223996849301,-0.3090171058058594,0.30901884512310707,0.3090171787473008,0.3090171263769481,0.30901668275431776,-0.3090164477605449,-0.3090164477605431,0.30901631749767405,0.30901631749767583,-0.3090162758313272
-1.0000043632231232,1.0000027727367569,-1.0000043632231241,-0.9999992676263947,-0.809018441776074,0.3090173247950256,0.9999999993242069,0.3090173247950253,-0.9999997093368942,-0.8090184417760763,0.9999985869941812,0.9999984175207758,0.9999969819311413,-0.9999962214772918,-0.9999962214772874,0.9999957999389152,0.9999957999389152,-0.9999956651041424
-0.30901896370421317,0.30901847221582524,-0.30901896370421494,-0.3090173890746905,0.30901884512311084,-0.8090223996849301,0.3090173247950253,1.0000000033308232,-0.30901710580585895,-0.8090212633485285,0.3090171787473011,0.30901712637694617,0.3090166827543159,-0.30901644776054243,-0.309016447760542,0.3090163174976752,0.3090163174976733,-0.3090162758313247
1.000003654557081,-1.000002064071859,1.0000036545570827,0.9999985589639468,0.8090165100699528,-0.3090171058058594,-0.9999997093368942,-0.30901710580585895,0.9999999983056715,0.8090165100699557,-0.9999992367178344,-0.9999990672444968,-0.9999962732702268,0.9999955128168551,0.9999955128168496,-0.9999950912787362,-0.9999950912787359,0.9999949564440468
0.8090213741059352,-0.8090200873739454,0.8090213741059369,0.8090172516766123,0.3090164693185259,0.30901884512310707,-0.8090184417760763,-0.8090212633485285,0.8090165100699557,1.0000000014689567,-0.8090167010329241,-0.8090165639257539,-0.8090154025078627,0.8090147872868765,0.8090147872868731,-0.8090144462546506,-0.8090144462546481,0.8090143371708589
-1.0000038906004427,1.0000023001149594,-1.000003890600444,-1.0000001533923908,-0.8090167010329223,0.3090171787473008,0.9999985869941812,0.3090171787473011,-0.9999992367178344,-0.8090167010329241,0.9999999986449277,0.9999979449018188,0.9999965093131346,-0.9999957488599215,-0.9999957488599172,0.999995327321919,0.9999953273219181,-0.9999951924872693
-1.000003721129431,1.0000021306437237,-1.0000037211294326,-0.9999986255338541,-0.809016563925753,0.3090171263769481,0.9999984175207758,0.30901712637694617,-0.9999990672444968,-0.8090165639257539,0.9999979449018188,0.9999999984013496,0.9999963398380698,-0.9999955793836252,-0.9999955793836209,0.9999951578448341,0.9999951578448337,-0.9999950230099145
-1.0000022855363546,1.0000006950523435,-1.0000022855363546,-0.999998548330234,-0.8090154025078615,0.30901668275431776,0.9999969819311413,0.3090166827543159,-0.9999962732702268,-0.8090154025078627,0.9999965093131346,0.9999963398380698,0.9999999963380256,-0.9999955021792879,-0.9999955021792819,0.9999937222543488,0.9999937222543491,-0.9999935874192374
1.0000015250831353,-0.999999934599652,1.000001525083137,0.9999964294913652,0.8090147872868751,-0.3090164477605449,-0.9999962214772918,-0.30901644776054243,0.9999955128168551,0.8090147872868765,-0.9999957488599215,-0.9999955793836252,-0.9999955021792879,0.9999999952450487,0.9999933833371438,-0.9999943201825294,-0.999992961796913,0.9999928269614803
1.0000015250831311,-0.9999999345996482,1.0000015250831324,0.9999964294913606,0.8090147872868718,-0.3090164477605431,-0.9999962214772874,-0.309016447760542,0.9999955128168496,0.8090147872868731,-0.9999957488599172,-0.9999955793836209,-0.9999955021792819,0.9999933833371438,0.9999999952450487,-0.9999929617969089,-0.9999943201825259,0.9999928269614766
-1.0000011035454799,0.9999995130622323,-1.0000011035454814,-0.9999960079533778,-0.8090144462546478,0.30901631749767405,0.9999957999389152,0.3090163174976752,-0.9999950912787362,-0.8090144462546506,0.999995327321919,0.9999951578448341,0.9999937222543488,-0.9999943201825294,-0.9999929617969089,0.9999999946391831,0.9999925402560739,-0.9999937638060553
-1.0000011035454792,0.9999995130622323,-1.0000011035454797,-0.9999960079533767,-0.8090144462546485,0.30901631749767583,0.9999957999389152,0.3090163174976733,-0.9999950912787359,-0.8090144462546481,0.9999953273219181,0.9999951578448337,0.9999937222543491,-0.999992961796913,-0.9999943201825259,0.9999925402560739,0.9999999946391831,-0.999993763806055
1.000000968711001,-0.9999993782278197,1.0000009687110016,0.9999958731187393,0.8090143371708584,-0.3090162758313272,-0.9999956651041424,-0.3090162758313247,0.9999949564440468,0.8090143371708589,-0.9999951924872693,-0.9999950230099145,-0.9999935874192374,0.9999928269614803,0.9999928269614766,-0.9999937638060553,-0.999993763806055,0.9999999944453881
