1.0000000011275219,-1.0000011962464006,1.0000009207826417,1.0000013859138697,-1.0000018155383081,1.000001435943236,-1.0000012168068824,-1.0000014576892957,-1.0000024869305506,1.000002095627301,-1.0000015301803535,-1.0000024276945985,1.0000006552651577,1.0000020354731298,-0.9999997632320454,-1.000002333620246,-1.0000024136291978,1.0000024992632355,-1.0000028548070274,1.000000142117139,0.9999988018065141,-1.0000005382909012,1.000002809926801,-1.0000030153873969,1.0000030307243213,-0.9999985032087093,-0.9999985032087109,0.999998315684375,0.9999983156843725,-0.9999982519857535
-1.0000011962464006,1.000000000625905,-1.0000005377120074,-1.0000010028434003,1.0000014642318062,-1.0000010846368075,1.0000008655003785,1.0000011063828789,1.0000021356219444,-1.0000017443188438,1.0000011788720744,1.000002076386051,-1.0000003039571623,-1.000001684164682,0.9999994119243594,1.000001982311713,1.000002062320603,-1.0000021479546648,1.0000025034983466,-0.999999790809817,-0.999998450498695,1.000000186983943,-1.000002458618135,1.0000026640786677,-1.0000026794155883,0.9999981519007849,0.9999981519007871,-0.9999979643763866,-0.9999979643763854,0.9999979006777439
1.0000009207826417,-1.0000005377120074,1.000000000187226,1.000000727379927,-1.0000011570045453,1.0000007774094013,-1.0000005265083656,-1.000000799155547,-1.0000018283866141,1.0000014370836756,-1.000000871636992,-1.000001769150897,0.9999999967222386,1.0000013769294824,-0.9999991046896974,-1.0000016750765077,-1.000001755085237,1.0000018407195013,-1.0000021962631396,0.9999994835771299,0.9999981432623285,-0.9999998479892162,1.000002151382933,-1.0000023568434417,1.0000023721803617,-0.9999978446636327,-0.9999978446636352,0.9999976571387418,0.9999976571387393,-0.9999975934399302
1.0000013859138697,-1.0000010028434003,1.000000727379927,1.0000000008513694,-1.0000016221349868,1.0000012425400515,-1.0000010234038983,-1.000001232522057,-1.000002293529014,1.0000019022258313,-1.0000013367790155,-1.0000022342930341,1.000000461864017,1.0000018420716823,-0.9999995698310797,-1.0000021402187194,-1.0000022202276886,1.0000023058616536,-1.0000026614053616,0.9999999487155922,0.9999986084062257,-1.0000003448887569,1.0000026165251463,-1.0000028219856907,1.0000028373226144,-0.9999983098086892,-0.9999983098086924,0.9999981222845274,0.9999981222845256,-0.9999980585859656
-1.0000018155383081,1.0000014642318062,-1.0000011570045453,-1.0000016221349868,1.0000000014648125,-1.000001640400264,1.0000014530282972,1.0000016939103065,1.000002723156714,-1.0000023318533473,1.0000017664063208,1.0000026639206465,-1.0000008914909881,-1.0000022716991899,0.9999999994576728,1.0000025698463233,1.000002649855382,-1.0000027354892902,1.000003091033128,-1.0000003783415203,-0.9999990380331928,1.0000007745140187,-1.0000030461528973,1.0000032516135138,-1.0000032669504424,0.9999987394358767,0.9999987394358789,-0.9999985519118516,-0.9999985519118503,0.9999984882133366
1.000001435943236,-1.0000010846368075,1.0000007774094013,1.0000012425400515,-1.000001640400264,1.000000000922804,-1.0000010416692504,-1.0000012825513693,-1.0000023435592924,1.0000019522560863,-1.0000013868092505,-1.0000022843232912,1.0000005118942208,1.0000018921019396,-0.9999996198612426,-1.0000021902489808,-1.0000022702579705,1.000002355891913,-1.0000027114356294,0.9999999987455219,0.9999986584365774,-1.0000003949184568,1.0000026665554131,-1.000002872015965,1.0000028873528892,-0.9999983598391327,-0.9999983598391345,0.9999981723150269,0.9999981723150242,-0.9999981086164831
-1.0000012168068824,1.0000008655003785,-1.0000005265083656,-1.0000010234038983,1.0000014530282972,-1.0000010416692504,1.0000000006099083,1.0000010951793588,1.0000021244178283,-1.0000017331147364,1.000001167667965,1.0000020651819481,-1.0000002927530534,-1.0000016729605705,0.9999994007202622,1.0000019711076036,1.0000020511164835,-1.0000021367505618,1.0000024922942432,-0.999999779605874,-0.9999984392944532,1.0000001757801549,-1.0000024474140314,1.0000026528745651,-1.0000026682114882,0.9999981406964817,0.9999981406964842,-0.999997953172043,-0.9999979531720411,0.9999978894733862
-1.0000014576892957,1.0000011063828789,-1.000000799155547,-1.000001232522057,1.0000016939103065,-1.0000012825513693,1.0000010951793588,1.0000000009538546,1.0000023653059869,-1.000001974002768,1.00000140855593,1.000002306069971,-1.0000005336408884,-1.0000019138486247,0.9999996416078926,1.0000022119956673,1.0000022920046692,-1.000002377638593,1.0000027331823127,-1.0000000204920039,-0.9999986801833769,1.0000004166647665,-1.0000026883020947,1.0000028937626497,-1.0000029090995703,0.9999983815859985,0.9999983815860021,-0.9999981940619358,-0.9999981940619348,0.9999981303634093
-1.0000024869305506,1.0000021356219444,-1.0000018283866141,-1.000002293529014,1.000002723156714,-1.0000023435592924,1.0000021244178283,1.0000023653059869,1.0000000024234272,-1.000002971422151,1.000002437738042,1.0000033352546827,-1.0000015628212056,-1.000002943031582,1.000000670787162,1.0000032411796338,1.0000033211876074,-1.0000034068234804,1.0000037623680953,-1.0000010496885885,-0.999999709345466,1.0000014458789228,-1.000003717487756,1.000003922948858,-1.000003938285824,0.9999994107406661,0.9999994107406683,-0.999999223211948,-0.999999223211947,0.9999991595118344
1.000002095627301,-1.0000017443188438,1.0000014370836756,1.0000019022258313,-1.0000023318533473,1.0000019522560863,-1.0000017331147364,-1.000001974002768,-1.000002971422151,1.000000001864701,-1.0000020146710953,-1.000002912187374,1.0000011715186397,1.0000025517284636,-1.0000002794849456,-1.0000028498763962,-1.0000029298843451,1.000003015520175,-1.0000033710646463,1.0000006583861332,0.999999318043714,-1.0000010545762226,1.0000033261843253,-1.0000035316453426,1.0000035469823025,-0.9999990194390701,-0.9999990194390734,0.9999988319104486,0.9999988319104469,-0.9999987682103667
-1.0000015301803535,1.0000011788720744,-1.000000871636992,-1.0000013367790155,1.0000017664063208,-1.0000013868092505,1.000001167667965,1.00000140855593,1.000002437738042,-1.0000020146710953,1.0000000010573211,1.0000023785033112,-1.0000005743074882,-1.0000019545165428,0.9999997140383352,1.0000022844283476,1.000002364436237,-1.000002450072042,1.0000028056163168,-1.0000000929395045,-0.9999987525974643,1.000000489129565,-1.0000027607360213,1.0000029661969259,-1.0000029815338771,0.9999984539929078,0.9999984539929097,-0.9999982664643411,-0.9999982664643393,0.99999820276428
-1.0000024276945985,1.000002076386051,-1.000001769150897,-1.0000022342930341,1.0000026639206465,-1.0000022843232912,1.0000020651819481,1.000002306069971,1.0000033352546827,-1.000002912187374,1.0000023785033112,1.000000002338848,-1.0000015035865468,-1.0000028837968136,1.0000006115525577,1.0000031819448354,1.0000032619528274,-1.0000033158246253,1.0000037031332394,-1.0000009904536147,-0.9999996501112516,1.0000013866435693,-1.0000036264888728,1.0000038637139856,-1.00000387905095,0.9999993515066183,0.9999993515066213,-0.9999991639780019,-0.9999991639780016,0.9999991002779228
1.0000006552651577,-1.0000003039571623,0.9999999967222386,1.000000461864017,-1.0000008914909881,1.0000005118942208,-1.0000002927530534,-1.0000005336408884,-1.0000015628212056,1.0000011715186397,-1.0000005743074882,-1.0000015035865468,0.9999999998080644,1.0000011113641394,-0.9999988073598415,-1.0000014095116572,-1.0000014895194616,1.0000015751552136,-1.0000019306991856,0.9999992180249541,0.9999978776836178,-0.9999996142149126,1.0000018858189257,-1.0000020912796568,1.0000021066165954,-0.9999975790792232,-0.999997579079226,0.9999973915507582,0.9999973915507556,-0.9999973278507297
1.0000020354731298,-1.000001684164682,1.0000013769294824,1.0000018420716823,-1.0000022716991899,1.0000018921019396,-1.0000016729605705,-1.0000019138486247,-1.000002943031582,1.0000025517284636,-1.0000019545165428,-1.0000028837968136,1.0000011113641394,1.0000000017788089,-1.0000002193304993,-1.0000027579577744,-1.0000028379657073,1.000002955365578,-1.0000033109100321,1.0000005982317717,0.9999992578892244,-1.0000009944219455,1.0000032660297156,-1.0000034714907222,1.0000034868276815,-0.9999989592845515,-0.999998959284552,0.9999987717559122,0.9999987717559105,-0.9999987080558266
-0.9999997632320454,0.9999994119243594,-0.9999991046896974,-0.9999995698310797,0.9999999994576728,-0.9999996198612426,0.9999994007202622,0.9999996416078926,1.000000670787162,-1.0000002794849456,0.9999997140383352,1.0000006115525577,-0.9999988073598415,-1.0000002193304993,0.9999999985343682,1.000000517477751,1.0000005974854824,-1.0000006831211634,1.0000010386648153,-0.9999982942290121,-0.9999969538888112,0.9999987221826807,-1.0000009937845984,1.000001199245142,-1.0000012145820676,0.9999966870487003,0.9999966870487038,-0.9999964995203963,-0.9999964995203952,0.9999964358204227
-1.000002333620246,1.000001982311713,-1.0000016750765077,-1.0000021402187194,1.0000025698463233,-1.0000021902489808,1.0000019711076036,1.0000022119956673,1.0000032411796338,-1.0000028498763962,1.0000022844283476,1.0000031819448354,-1.0000014095116572,-1.0000027579577744,1.000000517477751,1.0000000022045223,1.00000316787778,-1.000003221749588,1.0000036090581754,-1.0000008963789468,-0.9999995560363697,1.0000012925690445,-1.0000035641778438,1.000003769638909,-1.0000037849758723,0.9999992574316876,0.9999992574316908,-0.9999990699030443,-0.9999990699030427,0.999999006202955
-1.0000024136291978,1.000002062320603,-1.000001755085237,-1.0000022202276886,1.000002649855382,-1.0000022702579705,1.0000020511164835,1.0000022920046692,1.0000033211876074,-1.0000029298843451,1.000002364436237,1.0000032619528274,-1.0000014895194616,-1.0000028379657073,1.0000005974854824,1.00000316787778,1.000000002318762,-1.0000033335216205,1.0000036890662127,-1.0000009763870112,-0.999999636043732,1.0000013725774466,-1.0000036441858768,1.000003849646964,-1.0000038649839293,0.9999993374388999,0.9999993374389017,-0.9999991499101607,-0.9999991499101591,0.9999990862100399
1.0000024992632355,-1.0000021479546648,1.0000018407195013,1.0000023058616536,-1.0000027354892902,1.000002355891913,-1.0000021367505618,-1.000002377638593,-1.0000034068234804,1.000003015520175,-1.000002450072042,-1.0000033158246253,1.0000015751552136,1.000002955365578,-1.0000006831211634,-1.000003221749588,-1.0000033335216205,1.0000000024410383,-1.0000037429380266,1.0000010620222162,0.9999997216798135,-1.0000014582121737,1.0000037298217228,-1.0000039352828183,1.0000039506197838,-0.9999994230751705,-0.999999423075173,0.9999992355465492,0.999999235546548,-0.9999991718464684
-1.0000028548070274,1.0000025034983466,-1.0000021962631396,-1.0000026614053616,1.000003091033128,-1.0000027114356294,1.0000024922942432,1.0000027331823127,1.0000037623680953,-1.0000033710646463,1.0000028056163168,1.0000037031332394,-1.0000019306991856,-1.0000033109100321,1.0000010386648153,1.0000036090581754,1.0000036890662127,-1.0000037429380266,1.0000000029487062,-1.000001417565863,-1.0000000772232602,1.0000018137558147,-1.0000040853664374,1.0000042908276026,-1.0000042744005406,0.9999997786185698,0.9999997786185719,-0.9999995910899188,-0.999999591089917,0.9999995273898294
1.000000142117139,-0.999999790809817,0.9999994835771299,0.9999999487155922,-1.0000003783415203,0.9999999987455219,-0.999999779605874,-1.0000000204920039,-1.0000010496885885,1.0000006583861332,-1.0000000929395045,-1.0000009904536147,0.9999992180249541,1.0000005982317717,-0.9999982942290121,-1.0000008963789468,-1.0000009763870112,1.0000010620222162,-1.000001417565863,0.9999999990753818,0.9999973645576572,-0.9999990693104338,1.000001372685647,-1.0000015781461784,1.0000015934831028,-0.9999970659553381,-0.9999970659553413,0.9999968784281763,0.999996878428175,-0.9999968147285928
0.9999988018065141,-0.999998450498695,0.9999981432623285,0.9999986084062257,-0.9999990380331928,0.9999986584365774,-0.9999984392944532,-0.9999986801833769,-0.999999709345466,0.999999318043714,-0.9999987525974643,-0.9999996501112516,0.9999978776836178,0.9999992578892244,-0.9999969538888112,-0.9999995560363697,-0.999999636043732,0.9999997216798135,-1.0000000772232602,0.9999973645576572,0.9999999971615651,-0.999997760751381,1.0000000323430658,-1.0000002378035002,1.0000002531404177,-0.9999956938403849,-0.9999956938403887,0.9999955380751361,0.9999955380751353,-0.9999954743748306
-1.0000005382909012,1.000000186983943,-0.9999998479892162,-1.0000003448887569,1.0000007745140187,-1.0000003949184568,1.0000001757801549,1.0000004166647665,1.0000014458789228,-1.0000010545762226,1.000000489129565,1.0000013866435693,-0.9999996142149126,-1.0000009944219455,0.9999987221826807,1.0000012925690445,1.0000013725774466,-1.0000014582121737,1.0000018137558147,-0.9999990693104338,-0.999997760751381,0.9999999996410757,-1.000001768875602,1.0000019743361246,-1.0000019896730468,0.9999974621509085,0.9999974621509111,-0.9999972746249028,-0.9999972746249018,0.9999972109257156
1.000002809926801,-1.000002458618135,1.000002151382933,1.0000026165251463,-1.0000030461528973,1.0000026665554131,-1.0000024474140314,-1.0000026883020947,-1.000003717487756,1.0000033261843253,-1.0000027607360213,-1.0000036264888728,1.0000018858189257,1.0000032660297156,-1.0000009937845984,-1.0000035641778438,-1.0000036441858768,1.0000037298217228,-1.0000040853664374,1.000001372685647,1.0000000323430658,-1.000001768875602,1.0000000028846237,-1.0000042141832104,1.0000042612842124,-0.9999997337383788,-0.9999997337383826,0.9999995462097331,0.9999995462097312,-0.9999994825096425
-1.0000030153873969,1.0000026640786677,-1.0000023568434417,-1.0000028219856907,1.0000032516135138,-1.000002872015965,1.0000026528745651,1.0000028937626497,1.000003922948858,-1.0000035316453426,1.0000029661969259,1.0000038637139856,-1.0000020912796568,-1.0000034714907222,1.000001199245142,1.000003769638909,1.000003849646964,-1.0000039352828183,1.0000042908276026,-1.0000015781461784,-1.0000002378035002,1.0000019743361246,-1.0000042141832104,1.000000003177993,-1.0000044349813795,0.9999999391987907,0.9999999391987925,-0.9999997516701293,-0.9999997516701271,0.999999687970036
1.0000030307243213,-1.0000026794155883,1.0000023721803617,1.0000028373226144,-1.0000032669504424,1.0000028873528892,-1.0000026682114882,-1.0000029090995703,-1.000003938285824,1.0000035469823025,-1.0000029815338771,-1.00000387905095,1.0000021066165954,1.0000034868276815,-1.0000012145820676,-1.0000037849758723,-1.0000038649839293,1.0000039506197838,-1.0000042744005406,1.0000015934831028,1.0000002531404177,-1.0000019896730468,1.0000042612842124,-1.0000044349813795,1.0000000031998921,-0.999999954535707,-0.9999999545357098,0.9999997670070426,0.9999997670070416,-0.9999997033069499
-0.9999985032087093,0.9999981519007849,-0.9999978446636327,-0.9999983098086892,0.9999987394358767,-0.9999983598391327,0.9999981406964817,0.9999983815859985,0.9999994107406661,-0.9999990194390701,0.9999984539929078,0.9999993515066183,-0.9999975790792232,-0.9999989592845515,0.9999966870487003,0.9999992574316876,0.9999993374388999,-0.9999994230751705,0.9999997786185698,-0.9999970659553381,-0.9999956938403849,0.9999974621509085,-0.9999997337383788,0.9999999391987907,-0.999999954535707,0.9999999967351973,0.9999954269979935,-0.9999952077042152,-0.999995239468249,0.99999517576779
-0.9999985032087109,0.9999981519007871,-0.9999978446636352,-0.9999983098086924,0.9999987394358789,-0.9999983598391345,0.9999981406964842,0.9999983815860021,0.9999994107406683,-0.9999990194390734,0.9999984539929097,0.9999993515066213,-0.999997579079226,-0.999998959284552,0.9999966870487038,0.9999992574316908,0.9999993374389017,-0.999999423075173,0.9999997786185719,-0.9999970659553413,-0.9999956938403887,0.9999974621509111,-0.9999997337383826,0.9999999391987925,-0.9999999545357098,0.9999954269979935,0.9999999967351973,-0.9999952394682536,-0.9999952077042188,0.9999951757677916
0.999998315684375,-0.9999979643763866,0.9999976571387418,0.9999981222845274,-0.9999985519118516,0.9999981723150269,-0.999997953172043,-0.9999981940619358,-0.999999223211948,0.9999988319104486,-0.9999982664643411,-0.9999991639780019,0.9999973915507582,0.9999987717559122,-0.9999964995203963,-0.9999990699030443,-0.9999991499101607,0.9999992355465492,-0.9999995910899188,0.9999968784281763,0.9999955380751361,-0.9999972746249028,0.9999995462097331,-0.9999997516701293,0.9999997670070426,-0.9999952077042152,-0.9999952394682536,0.9999999964674309,0.9999950519382247,-0.9999949564736311
0.9999983156843725,-0.9999979643763854,0.9999976571387393,0.9999981222845256,-0.9999985519118503,0.9999981723150242,-0.9999979531720411,-0.9999981940619348,-0.999999223211947,0.9999988319104469,-0.9999982664643393,-0.9999991639780016,0.9999973915507556,0.9999987717559105,-0.9999964995203952,-0.9999990699030427,-0.9999991499101591,0.999999235546548,-0.999999591089917,0.999996878428175,0.9999955380751353,-0.9999972746249018,0.9999995462097312,-0.9999997516701271,0.9999997670070416,-0.999995239468249,-0.9999952077042188,0.9999950519382247,0.9999999964674309,-0.9999949564736311
-0.9999982519857535,0.9999979006777439,-0.9999975934399302,-0.9999980585859656,0.9999984882133366,-0.9999981086164831,0.9999978894733862,0.9999981303634093,0.9999991595118344,-0.9999987682103667,0.99999820276428,0.9999991002779228,-0.9999973278507297,-0.9999987080558266,0.9999964358204227,0.999999006202955,0.9999990862100399,-0.9999991718464684,0.9999995273898294,-0.9999968147285928,-0.9999954743748306,0.9999972109257156,-0.9999994825096425,0.999999687970036,-0.9999997033069499,0.99999517576779,0.9999951757677916,-0.9999949564736311,-0.9999949564736311,0.9999999963764754
