0.99999999792979,-0.9999949386724837,0.3090193554228516,-0.3090215837584316,0.3090155723363416,-0.3090125677941362,0.8090304345938082,-0.8090278730115275,-0.8089945607020557,0.8089952239042114,-0.8089945607020529,0.8090104908655446,-0.8090025628970307,-0.8089972454031853,0.809022154442123,0.8089989518070937,0.8089984358023059,0.8090304345938107,-0.8089970257667995,0.8089963110854594
-0.9999949386724837,0.9999999972900739,-0.3090142910920335,0.30901638864857733,-0.30901968239697597,0.30901690308134944,-0.8090271732132696,0.8090244645610041,0.8089962594899993,-0.8089969981090606,0.8089962594899973,-0.8090105115498883,0.8090046396146771,0.8089991585066301,-0.8090163660116584,-0.809000952359737,-0.809000483696991,-0.8090271732132731,0.8089990248919373,-0.8089982669472062
0.3090193554228516,-0.3090142910920335,1.0000000036288605,-1.0000037412327476,-0.809020965408216,0.8090221846196612,0.8090178755714189,-0.8090179688934134,0.309079107541374,-0.3090746606489213,0.3090791075413753,-0.3090312106579244,0.30904384283532704,0.30906266404833643,0.8090199680225528,-0.30905319668224007,-0.30904767938616945,0.8090178755714296,0.3090528984406075,-0.30905802649454694
-0.3090215837584316,0.30901638864857733,-1.0000037412327476,1.0000000043025012,0.809020324988149,-0.8090192205809466,-0.809019340256059,0.809019367695775,-0.3090773438333695,0.30907294573796334,-0.3090773438333707,0.30902928777640126,-0.3090420349653607,-0.3090609461895993,-0.8090191827534039,0.3090514518334408,0.30904590340610405,-0.8090193402560693,-0.30905112419046427,0.30905628025374543
0.3090155723363416,-0.30901968239697597,-0.809020965408216,0.809020324988149,1.0000000012081898,-0.9999996574380883,-0.3090091380868436,0.3090109478914871,-0.8090622931902788,0.8090585550054397,-0.8090622931902791,0.8090270650372509,-0.8090339063725805,-0.8090484216175444,-0.3090163843272224,0.8090405187040419,0.8090348560878273,-0.3090091380868511,-0.8090388662882643,0.8090433339336441
-0.3090125677941362,0.30901690308134944,0.8090221846196612,-0.8090192205809466,-0.9999996574380883,1.0000000008609264,0.3090113500046054,-0.3090130878379543,0.8090606549134597,-0.809056920317309,0.8090606549134586,-0.8090229747454541,0.8090320788946722,0.8090467243519656,0.3090185099290355,-0.8090387632276975,-0.8090330610874918,0.3090113500046133,0.8090370951382662,-0.8090416017489385
0.8090304345938082,-0.8090271732132696,0.8090178755714189,-0.809019340256059,-0.3090091380868436,0.3090113500046054,1.0000000054877929,-1.0000052206872072,-0.30898604743011254,0.3089886480025644,-0.3089860474301105,0.3090216928776472,-0.30900996639845657,-0.3089964253325283,1.0000081339363907,0.30900263518792165,0.3090054684270373,1.0000078834005517,-0.3090018743685917,0.3089985710499766
-0.8090278730115275,0.8090244645610041,-0.8090179688934134,0.809019367695775,0.3090109478914871,-0.3090130878379543,-1.0000052206872072,1.0000000045687885,0.3089823122982204,-0.3089850030247087,0.30898231229821854,-0.3090186624431505,0.3090067518359152,0.30899295050639586,-1.0000046852000646,-0.30899928961621226,-0.30900218419561687,-1.0000052206872134,0.3089985070848561,-0.3089951389332904
-0.8089945607020557,0.8089962594899993,0.309079107541374,-0.3090773438333695,-0.8090622931902788,0.8090606549134597,-0.30898604743011254,0.3089823122982204,1.0000000037055863,-1.0000026870795178,1.000005400105813,-1.0000119820002413,1.0000043260137146,1.000002987846306,-0.30897267102257175,-1.0000023862287386,-0.9999996248460106,-0.3089860474301091,0.9999989877192653,-0.999999879592178
0.8089952239042114,-0.8089969981090606,-0.3090746606489213,0.30907294573796334,0.8090585550054397,-0.809056920317309,0.3089886480025644,-0.3089850030247087,-1.0000026870795178,1.000000002792572,-1.0000026870795171,1.0000104789208653,-1.000003087294017,-0.9999999650321527,0.3089756180620699,1.000001323249401,0.999998490060702,0.30898864800256115,-0.9999979724267192,0.9999989455369411
-0.8089945607020529,0.8089962594899973,0.3090791075413753,-0.3090773438333707,-0.8090622931902791,0.8090606549134586,-0.3089860474301105,0.30898231229821854,1.000005400105813,-1.0000026870795171,1.0000000037055863,-1.00001198200024,1.000004326013714,1.0000029878463048,-0.3089726710225699,-1.000002386228737,-0.9999996248460081,-0.30898604743010755,0.9999989877192639,-0.999999879592178
0.8090104908655446,-0.8090105115498883,-0.3090312106579244,0.30902928777640126,0.8090270650372509,-0.8090229747454541,0.3090216928776472,-0.3090186624431505,-1.0000119820002413,1.0000104789208653,-1.00001198200024,1.0000000028138416,-0.9999999695705934,-1.00000625324186,0.30901080620933186,1.000003159981944,0.999999565801052,0.3090216928776442,-1.000000647290086,1.0000026586487136
-0.8090025628970307,0.8090046396146771,0.30904384283532704,-0.3090420349653607,-0.8090339063725805,0.8090320788946722,-0.30900996639845657,0.3090067518359152,1.0000043260137146,-1.000003087294017,1.000004326013714,-0.9999999695705934,0.9999999982127133,0.9999997230678129,-0.30899845631354583,-0.9999954667177455,-0.999992179092656,-0.30900996639845385,0.9999947231986487,-0.9999962954903603
-0.8089972454031853,0.8089991585066301,0.30906266404833643,-0.3090609461895993,-0.8090484216175444,0.8090467243519656,-0.3089964253325283,0.30899295050639586,1.000002987846306,-0.9999999650321527,1.0000029878463048,-1.00000625324186,0.9999997230678129,0.9999999995791242,-0.3089840025078858,-0.9999963196703976,-0.9999954517127989,-0.3089964253325256,0.9999952383855842,-0.9999942788003356
0.809022154442123,-0.8090163660116584,0.8090199680225528,-0.8090191827534039,-0.3090163843272224,0.3090185099290355,1.0000081339363907,-1.0000046852000646,-0.30897267102257175,0.3089756180620699,-0.3089726710225699,0.30901080620933186,-0.30899845631354583,-0.3089840025078858,1.0000000037588839,0.30899067044415895,0.3089937085745586,1.0000081339363984,-0.3089898088957229,0.3089862844068663
0.8089989518070937,-0.809000952359737,-0.30905319668224007,0.3090514518334408,0.8090405187040419,-0.8090387632276975,0.30900263518792165,-0.30899928961621226,-1.0000023862287386,1.000001323249401,-1.000002386228737,1.000003159981944,-0.9999954667177455,-0.9999963196703976,0.30899067044415895,0.9999999975570703,0.9999936928351961,0.3090026351879184,-0.9999937557982425,0.9999951180352383
0.8089984358023059,-0.809000483696991,-0.30904767938616945,0.30904590340610405,0.8090348560878273,-0.8090330610874918,0.3090054684270373,-0.30900218419561687,-0.9999996248460106,0.999998490060702,-0.9999996248460081,0.999999565801052,-0.999992179092656,-0.9999954517127989,0.3089937085745586,0.9999936928351961,0.9999999930490805,0.3090054684270341,-0.9999885850621414,0.9999921163513086
0.8090304345938107,-0.8090271732132731,0.8090178755714296,-0.8090193402560693,-0.3090091380868511,0.3090113500046133,1.0000078834005517,-1.0000052206872134,-0.3089860474301091,0.30898864800256115,-0.30898604743010755,0.3090216928776442,-0.30900996639845385,-0.3089964253325256,1.0000081339363984,0.3090026351879184,0.3090054684270341,1.0000000054877929,-0.3090018743685888,0.3089985710499732
-0.8089970257667995,0.8089990248919373,0.3090528984406075,-0.30905112419046427,-0.8090388662882643,0.8090370951382662,-0.3090018743685917,0.3089985070848561,0.9999989877192653,-0.9999979724267192,0.9999989877192639,-1.000000647290086,0.9999947231986487,0.9999952383855842,-0.3089898088957229,-0.9999937557982425,-0.9999885850621414,-0.3090018743685888,0.9999999931488809,-0.999989834695115
0.8089963110854594,-0.8089982669472062,-0.30905802649454694,0.30905628025374543,0.8090433339336441,-0.8090416017489385,0.3089985710499766,-0.3089951389332904,-0.999999879592178,0.9999989455369411,-0.999999879592178,1.0000026586487136,-0.9999962954903603,-0.9999942788003356,0.3089862844068663,0.9999951180352383,0.9999921163513086,0.3089985710499732,-0.999989834695115,0.9999999949273763
