1.0000000108737277,-1.000013596298241,1.000010624163552,1.0000087414479037,-2.146583055465015e-16,4.6848248129566716e-17,2.4647015915890443e-16,2.1740825180423137e-16,5.413024145375377e-17,-2.6935715216635885e-16,-2.1370035318624527e-16,6.777562329065385e-17,-5.710672603472243e-17,-4.792016853024124e-17,-4.321195190827186e-17,4.46392510040607e-17,2.7503712070760512e-17,2.265352818383815e-17,-1.0000081325298478,1.0000079295893833,1.0000073283214073,-1.0000091166345049,1.000008683891132,-1.0000080509242277,-1.0000107477879636,-1.0000107477879632,1.0000090961469565,-1.0000091153532844,1.000011321813299,1.0000113218132969,-1.0000091231337944,1.0000092322209735,-1.0000114662953237,-1.0000114662953252,-1.0000051545404736,1.0000028876141605,-1.0000043531513567,-1.000004353151355
-1.000013596298241,1.0000000046275133,-1.0000089572883661,-1.0000070745809226,-3.1839866210464683e-16,4.862094782335154e-16,2.865884060213719e-16,3.156505773531208e-16,-5.871887046058848e-16,-2.6370288460781884e-16,-3.193591910117199e-16,1.2331856486441558e-16,-1.3398815459032175e-16,-1.4317476392589594e-16,-1.478828446566648e-16,1.464560061023677e-16,1.635914213335147e-16,1.6844163828288273e-16,1.0000037487186233,-1.0000035457787262,-1.0000029445158236,1.0000047328216237,-1.0000043000827685,1.0000036671133394,1.000006363972765,1.0000063639727648,-1.0000047123339366,1.0000047315431524,-1.0000069379958376,-1.0000069379958347,1.000004739319932,-1.0000048484092239,1.0000070824759901,1.0000070824759912,1.0000007707468557,-0.9999985038331365,0.9999999693661107,0.9999999693661094
1.000010624163552,-1.0000089572883661,1.0000000042639134,1.0000041024470507,-8.003388480055337e-16,6.325297327094416e-16,8.321507583508712e-16,8.030885412731635e-16,-5.315530690032833e-16,-8.550387886336354e-16,-7.993825289102155e-16,1.1642942208103245e-15,-1.1536265710317514e-15,-1.144439951625143e-15,-1.139731887473629e-15,1.1411617185780034e-15,1.1240263139798562e-15,1.1191760910417006e-15,-1.0000062104776448,1.0000032905913128,1.00000268932908,-1.000004477634552,1.0000040448963727,-1.0000034119259607,-1.0000061087863252,-1.000006108786324,1.0000044571468247,-1.0000044763566733,1.0000066828093088,1.0000066828093075,-1.000004484132654,1.0000045932224766,-1.000006827289158,-1.0000068272891594,-1.0000005155611824,0.9999982486486031,-0.9999997141816841,-0.9999997141816835
1.0000087414479037,-1.0000070745809226,1.0000041024470507,1.0000000015813775,-1.2997933410390037e-15,1.1319850865053014e-15,1.3316057465817982e-15,1.3025434954357853e-15,-1.0310094571814417e-15,-1.354494524612186e-15,-1.2988384291882908e-15,-3.4610738911243874e-16,3.5677736921483696e-16,3.6596399244607057e-16,3.7067202092370923e-16,-3.692457747296289e-16,-3.8638113521369756e-16,-3.912313617284606e-16,-1.0000016108289416,1.000001407889402,1.0000008066283914,-1.0000053118769103,1.0000021621932114,-1.0000042461702503,-1.0000042260793267,-1.0000042260793254,1.0000025744427914,-1.000002593652699,1.0000048001012307,1.0000048001012307,-1.000002601428548,1.000002710518247,-1.0000049445807682,-1.0000049445807693,-0.9999986328646908,0.9999963659564923,-0.9999978314868689,-0.999997831486868
-2.146583055465015e-16,-3.1839866210464683e-16,-8.003388480055337e-16,-1.2997933410390037e-15,1.0000000041122912,-1.0000088495724606,-1.0000088495724617,-1.0000088495724617,1.0000062327487347,1.0000062327487316,1.0000062327487294,-1.7698514791172592e-14,1.896182849351914e-14,1.9429630183895644e-14,1.974930559733172e-14,-1.988954028773898e-14,-1.6048353710516805e-14,-1.9841130875157403e-14,-1.2498118393147571e-15,6.396166684618284e-17,1.7496444727525649e-16,-3.5112453626756995e-16,-4.75960698058092e-16,-1.5377066482338924e-15,4.960276535846002e-16,-7.50169330175261e-17,-1.0866442580202224e-16,5.45351323538157e-16,-8.911627509323158e-16,-6.835250653036997e-16,-7.68461946100607e-16,-1.6648557094611725e-16,-1.165845760032945e-15,1.4258080561106141e-16,8.938476917480394e-16,-1.1047746745154727e-15,7.579052666548623e-16,-1.3031734111865207e-16
4.6848248129566716e-17,4.862094782335154e-16,6.325297327094416e-16,1.1319850865053014e-15,-1.0000088495724606,1.000000004625657,1.000006492925386,1.0000064929253862,-1.0000093099940388,-1.0000065930476147,-1.0000065930476147,1.8215819263942328e-14,-1.926581400290308e-14,-1.9834918293923922e-14,-1.9958926717797205e-14,2.0412115980873265e-14,1.6369173178914273e-14,2.0389981338629448e-14,1.4176232511577024e-15,-2.317713168209153e-16,-3.427751430938915e-16,5.189349884953207e-16,3.0815087702492146e-16,1.7055193406234986e-15,-3.282169894705363e-16,2.4282758765728707e-16,-5.914565856887947e-17,-3.775427063087445e-16,7.23353917772104e-16,5.157169935495981e-16,9.36272808403492e-16,-1.3247439166118122e-18,1.3336571779756184e-15,2.5229675580661166e-17,-7.260397689214827e-16,9.369672123923432e-16,-5.900965026758918e-16,2.981270820883775e-16
2.4647015915890443e-16,2.865884060213719e-16,8.321507583508712e-16,1.3316057465817982e-15,-1.0000088495724617,1.000006492925386,1.0000000046256572,1.0000064929253865,-1.0000065930476196,-1.0000093099940421,-1.0000065930476145,1.7852381102532942e-14,-1.8675225468006957e-14,-1.9075042777268795e-14,-1.968314139714828e-14,1.9819633506869354e-14,1.5776697259771112e-14,1.979450116702642e-14,1.2180027061058315e-15,-3.2150810711910585e-17,-1.4315476022111712e-16,3.1931426358131174e-16,5.07771508614723e-16,1.5058988126302568e-15,-5.278380132764962e-16,4.320656385132565e-17,1.4047506282654172e-16,-5.771634204600605e-16,9.22975051199102e-16,7.153381269765935e-16,7.36652078249779e-16,1.982959980664022e-16,1.1340360107832021e-15,-1.74391491611758e-16,-9.25659722840812e-16,1.1365867183062192e-15,-7.897162851801355e-16,9.85072995841403e-17
2.1740825180423137e-16,3.156505773531208e-16,8.030885412731635e-16,1.3025434954357853e-15,-1.0000088495724617,1.0000064929253862,1.0000064929253865,1.000000004625657,-1.0000065930476174,-1.0000065930476145,-1.000009309994034,1.6601370221078208e-14,-1.7438095024669452e-14,-1.8065234536321263e-14,-1.8298261046639844e-14,1.86605721269648e-14,1.4742449673059245e-14,1.8552865001521475e-14,1.247064977382113e-15,-6.121312503790796e-17,-1.722168588420456e-16,3.48376357338065e-16,4.787096004317932e-16,1.5349611082616823e-15,-4.987762836519703e-16,7.226829347584695e-17,1.1141295213376588e-16,-5.481015262265235e-16,8.93913347053631e-16,6.862764228311254e-16,7.657142453883767e-16,1.6923401357190825e-16,1.1630978171823992e-15,-1.453296852125584e-16,-8.96597807020879e-16,1.1075249968731352e-15,-7.606547440790866e-16,1.2756884068518437e-16
5.413024145375377e-17,-5.871887046058848e-16,-5.315530690032833e-16,-1.0310094571814417e-15,1.0000062327487347,-1.0000093099940388,-1.0000065930476196,-1.0000065930476174,1.0000000047683137,1.0000066931690508,1.000006693169048,-1.7098177067123522e-14,1.784855190072544e-14,1.8655590573147855e-14,1.881038412815412e-14,-1.9055491954374567e-14,-1.5150399126962913e-14,-1.919424919642753e-14,-1.5186028554370845e-15,3.327486796076185e-16,4.437549005444859e-16,-6.199137501144067e-16,-2.0717222583664257e-16,-1.8065018581093246e-15,2.272366802932416e-16,-3.4380769317729175e-16,1.6012457392011373e-16,2.765658352239086e-16,-6.223764450859958e-16,-4.1474110131502054e-16,-1.0372521206849757e-15,1.0230378548437322e-16,-1.4346375655045002e-15,-1.2620889280428368e-16,6.250635936748231e-16,-8.359911075663399e-16,4.89118317304045e-16,-3.9910667223512886e-16
-2.6935715216635885e-16,-2.6370288460781884e-16,-8.550387886336354e-16,-1.354494524612186e-15,1.0000062327487316,-1.0000065930476147,-1.0000093099940421,-1.0000065930476145,1.0000066931690508,1.0000000047683137,1.0000066931690466,-1.724957369234799e-14,1.819201446863114e-14,1.9023597404768872e-14,1.9112024463505053e-14,-1.959797598445199e-14,-1.532738156999955e-14,-1.9343114040871916e-14,-1.195117996517655e-15,9.26390754818039e-18,1.2027025106299908e-16,-2.964285039094097e-16,-5.306573869803016e-16,-1.483017039774022e-15,5.507226001429744e-16,-2.0321773327550648e-17,-1.6336065947633745e-16,6.000511471260951e-16,-9.458625678983624e-16,-7.382272241273838e-16,-7.137668972471854e-16,-2.2118153445345586e-16,-1.1111514297155609e-15,1.9727724298465573e-16,9.485475727948832e-16,-1.1594743878532705e-15,8.126021557626396e-16,-7.562283377654648e-17
-2.1370035318624527e-16,-3.193591910117199e-16,-7.993825289102155e-16,-1.2988384291882908e-15,1.0000062327487294,-1.0000065930476147,-1.0000065930476145,-1.000009309994034,1.000006693169048,1.0000066931690466,1.0000000047683137,-1.6591972114615296e-14,1.752562255022927e-14,1.799664703904191e-14,1.830668504990871e-14,-1.87654250685646e-14,-1.486770283219369e-14,-1.8676467908373908e-14,-1.2507740351269775e-15,6.491990332646965e-17,1.7592633560376108e-16,-3.5208472313995235e-16,-4.750010878199097e-16,-1.5386730557543416e-15,4.95066036172476e-16,-7.597833729805028e-17,-1.0770445215417385e-16,5.443948068080936e-16,-8.90205944939746e-16,-6.825706011687676e-16,-7.69423072155745e-16,-1.6552524073167691e-16,-1.1668080007265583e-15,1.4162067197366052e-16,8.928915399667449e-16,-1.1038184070134509e-15,7.569459537962483e-16,-1.3127903574293447e-16
6.777562329065385e-17,1.2331856486441558e-16,1.1642942208103245e-15,-3.4610738911243874e-16,-1.7698514791172592e-14,1.8215819263942328e-14,1.7852381102532942e-14,1.6601370221078208e-14,-1.7098177067123522e-14,-1.724957369234799e-14,-1.6591972114615296e-14,1.0000000041122912,-1.0000088495724662,-1.0000088495724688,-1.0000088495724657,1.000006232748739,1.000006232748741,1.0000062327487365,-8.237966473015041e-16,5.962428783526936e-16,-2.3800044926792277e-16,1.2051616116986934e-15,-1.025798206347267e-15,5.336262192242053e-16,2.1439329375840953e-15,1.2048506025820323e-16,7.289684214704565e-16,-2.000133567743994e-16,4.120879348475088e-16,2.4677048954579285e-16,-6.074614199480678e-16,1.182263378042736e-15,4.807855508928665e-16,-1.8053917967978997e-16,7.395021002889114e-17,-4.374175430393735e-16,-1.9534690504275282e-15,1.19527075926261e-15
-5.710672603472243e-17,-1.3398815459032175e-16,-1.1536265710317514e-15,3.5677736921483696e-16,1.896182849351914e-14,-1.926581400290308e-14,-1.8675225468006957e-14,-1.7438095024669452e-14,1.784855190072544e-14,1.819201446863114e-14,1.752562255022927e-14,-1.0000088495724662,1.0000000046256572,1.0000064929253962,1.0000064929253933,-1.0000093099940521,-1.0000065930476272,-1.000006593047624,8.131283272536934e-16,-5.85573655470722e-16,2.486697280264227e-16,-1.215832331144119e-15,1.0364677799069261e-15,-5.4429671031672015e-16,-2.1546036992439128e-15,-1.3115403843369008e-16,-7.182990987207218e-16,1.8934427844873257e-16,-4.0141996413263815e-16,-2.3610145115927524e-16,5.967925659868346e-16,-1.1715954010000092e-15,-4.914563807686429e-16,1.698701115207592e-16,-8.462010493792382e-17,4.480871539464244e-16,1.9428024909470996e-15,-1.2059417778659907e-15
-4.792016853024124e-17,-1.4317476392589594e-16,-1.144439951625143e-15,3.6596399244607057e-16,1.9429630183895644e-14,-1.9834918293923922e-14,-1.9075042777268795e-14,-1.8065234536321263e-14,1.8655590573147855e-14,1.9023597404768872e-14,1.799664703904191e-14,-1.0000088495724688,1.0000064929253962,1.0000000046256572,1.0000064929253951,-1.0000065930476267,-1.0000093099940508,-1.0000065930476252,8.0394170079896e-16,-5.763870193296853e-16,2.5785631225497836e-16,-1.2250189185005426e-15,1.0456543229959789e-15,-5.53483342396235e-16,-2.16379020526828e-15,-1.4034054445805858e-16,-7.091125074479946e-16,1.8015773764238214e-16,-3.9223346276361536e-16,-2.2691494979025453e-16,5.876059614860198e-16,-1.1624088388507568e-15,-5.006429063490013e-16,1.6068358594039665e-16,-9.380664152413979e-17,4.57273639998371e-16,1.9336160437487258e-15,-1.2151282250643614e-15
-4.321195190827186e-17,-1.478828446566648e-16,-1.139731887473629e-15,3.7067202092370923e-16,1.974930559733172e-14,-1.9958926717797205e-14,-1.968314139714828e-14,-1.8298261046639844e-14,1.881038412815412e-14,1.9112024463505053e-14,1.830668504990871e-14,-1.0000088495724657,1.0000064929253933,1.0000064929253951,1.0000000046256572,-1.000006593047624,-1.000006593047626,-1.0000093099940435,7.992336860718279e-16,-5.71679020081713e-16,2.6256436632643606e-16,-1.2297269974752555e-15,1.0503624496566034e-15,-5.581913486104422e-16,-2.1684984115641967e-15,-1.4504875075397751e-16,-7.044044336620347e-16,1.7544960109411218e-16,-3.87525241307322e-16,-2.222067283339568e-16,5.828979036508606e-16,-1.157700726884002e-15,-5.053511001050962e-16,1.5597539218430937e-16,-9.851471921969844e-17,4.619817433377473e-16,1.9289078682781928e-15,-1.2198364005349015e-15
4.46392510040607e-17,1.464560061023677e-16,1.1411617185780034e-15,-3.692457747296289e-16,-1.988954028773898e-14,2.0412115980873265e-14,1.9819633506869354e-14,1.86605721269648e-14,-1.9055491954374567e-14,-1.959797598445199e-14,-1.87654250685646e-14,1.000006232748739,-1.0000093099940521,-1.0000065930476267,-1.000006593047624,1.0000000047683137,1.0000066931690612,1.0000066931690563,-8.006625429215831e-16,5.731064303276177e-16,-2.6113708712843505e-16,1.2283018433126572e-15,-1.0489355020052794e-15,5.567657514623334e-16,2.16707318259252e-15,1.4362149595981094e-16,7.058310452509107e-16,-1.7687663256432852e-16,3.8895409660847766e-16,2.2363358780829334e-16,-5.843258485937147e-16,1.1591294807716105e-15,5.039267677816862e-16,-1.5740262495451568e-16,9.708879978807144e-17,-4.605553620583154e-16,-1.930338207324346e-15,1.2184125175177146e-15
2.7503712070760512e-17,1.635914213335147e-16,1.1240263139798562e-15,-3.8638113521369756e-16,-1.6048353710516805e-14,1.6369173178914273e-14,1.5776697259771112e-14,1.4742449673059245e-14,-1.5150399126962913e-14,-1.532738156999955e-14,-1.486770283219369e-14,1.000006232748741,-1.0000065930476272,-1.0000093099940508,-1.000006593047626,1.0000066931690612,1.0000000047683137,1.000006693169059,-7.835271973049539e-16,5.559710943625388e-16,-2.7827243632197798e-16,1.2454372300321464e-15,-1.0660709011769464e-15,5.739010920992677e-16,2.184208646309126e-15,1.6075695967641404e-16,6.886956609476945e-16,-1.5974122260537312e-16,3.718186177295198e-16,2.0649810892933924e-16,-5.671904703686287e-16,1.1419940790571307e-15,5.210622375580289e-16,-1.4026715517816947e-16,1.142241247047709e-16,-4.776906620104537e-16,-1.9132028551566503e-15,1.23554786968541e-15
2.265352818383815e-17,1.6844163828288273e-16,1.1191760910417006e-15,-3.912313617284606e-16,-1.9841130875157403e-14,2.0389981338629448e-14,1.979450116702642e-14,1.8552865001521475e-14,-1.919424919642753e-14,-1.9343114040871916e-14,-1.8676467908373908e-14,1.0000062327487365,-1.000006593047624,-1.0000065930476252,-1.0000093099940435,1.0000066931690563,1.000006693169059,1.0000000047683137,-7.786769685657853e-16,5.511208598091617e-16,-2.8312264110443344e-16,1.2502874355474e-15,-1.0709210813924622e-15,5.787513242229643e-16,2.189058803641999e-15,1.6560711700929062e-16,6.838454531617e-16,-1.5489104403747504e-16,3.669684635224202e-16,2.0164795472223385e-16,-5.623402549026741e-16,1.1371438881339918e-15,5.25912405775711e-16,-1.3541698696049543e-16,1.1907430335783192e-16,-4.825408129380455e-16,-1.9083527277563568e-15,1.2403979970857052e-15
-1.0000081325298478,1.0000037487186233,-1.0000062104776448,-1.0000016108289416,-1.2498118393147571e-15,1.4176232511577024e-15,1.2180027061058315e-15,1.247064977382113e-15,-1.5186028554370845e-15,-1.195117996517655e-15,-1.2507740351269775e-15,-8.237966473015041e-16,8.131283272536934e-16,8.0394170079896e-16,7.992336860718279e-16,-8.006625429215831e-16,-7.835271973049539e-16,-7.786769685657853e-16,1.000000000713778,-1.0000035159215104,-1.000002914661252,1.0000019860159208,-1.0000015532793276,1.0000009203094842,1.0000036171645388,1.000003617164536,-1.0000019655281995,1.000001984738571,-1.0000041911861348,-1.0000041911861324,1.0000019925138248,-1.0000021016038714,1.000004335665384,1.000004335665385,0.999998023952845,-0.9999957570464547,0.9999972225762882,0.9999972225762872
1.0000079295893833,-1.0000035457787262,1.0000032905913128,1.000001407889402,6.396166684618284e-17,-2.317713168209153e-16,-3.2150810711910585e-17,-6.121312503790796e-17,3.327486796076185e-16,9.26390754818039e-18,6.491990332646965e-17,5.962428783526936e-16,-5.85573655470722e-16,-5.763870193296853e-16,-5.71679020081713e-16,5.731064303276177e-16,5.559710943625388e-16,5.511208598091617e-16,-1.0000035159215104,1.0000000004246237,0.9999999947757362,-1.0000017830765233,1.0000013503402783,-1.0000034343164583,-1.0000034142252991,-1.0000034142252976,1.0000017625887825,-1.0000017817994495,1.0000039882468035,1.000003988246802,-1.0000045065207526,1.0000018986646142,-1.000004132725901,-1.0000041327259013,-0.9999978210144265,0.9999955541087544,-0.9999970196385148,-0.9999970196385144
1.0000073283214073,-1.0000029445158236,1.00000268932908,1.0000008066283914,1.7496444727525649e-16,-3.427751430938915e-16,-1.4315476022111712e-16,-1.722168588420456e-16,4.437549005444859e-16,1.2027025106299908e-16,1.7592633560376108e-16,-2.3800044926792277e-16,2.486697280264227e-16,2.5785631225497836e-16,2.6256436632643606e-16,-2.6113708712843505e-16,-2.7827243632197798e-16,-2.8312264110443344e-16,-1.000002914661252,0.9999999947757362,0.9999999995679295,-1.0000011818136454,1.000000749075703,-1.0000001161098369,-1.0000028129577587,-1.0000028129577565,1.0000011613260869,-1.000001180534508,1.0000033869787095,1.0000033869787086,-1.0000011883121624,1.0000012974004286,-1.0000035314586455,-1.0000035314586473,-0.9999999366990716,0.9999949528464163,-0.9999964183736023,-0.9999964183736016
-1.0000091166345049,1.0000047328216237,-1.000004477634552,-1.0000053118769103,-3.5112453626756995e-16,5.189349884953207e-16,3.1931426358131174e-16,3.48376357338065e-16,-6.199137501144067e-16,-2.964285039094097e-16,-3.5208472313995235e-16,1.2051616116986934e-15,-1.215832331144119e-15,-1.2250189185005426e-15,-1.2297269974752555e-15,1.2283018433126572e-15,1.2454372300321464e-15,1.2502874355474e-15,1.0000019860159208,-1.0000017830765233,-1.0000011818136454,1.0000000021159545,-1.0000052543232008,1.000001904410787,1.0000046012621242,1.0000046012621222,-1.0000029496284488,1.0000029688363359,-1.0000051752840584,-1.0000051752840562,1.0000029766147118,-1.00000308570268,1.0000053197644905,1.0000053197644914,0.9999990080475055,-0.9999967411366869,0.9999982066660861,0.9999982066660852
1.000008683891132,-1.0000043000827685,1.0000040448963727,1.0000021621932114,-4.75960698058092e-16,3.0815087702492146e-16,5.07771508614723e-16,4.787096004317932e-16,-2.0717222583664257e-16,-5.306573869803016e-16,-4.750010878199097e-16,-1.025798206347267e-15,1.0364677799069261e-15,1.0456543229959789e-15,1.0503624496566034e-15,-1.0489355020052794e-15,-1.0660709011769464e-15,-1.0709210813924622e-15,-1.0000015532793276,1.0000013503402783,1.000000749075703,-1.0000052543232008,1.000000001499373,-1.0000014716742402,-1.0000068854646338,-1.0000068854646313,1.0000025168894209,-1.0000025360948754,1.0000047425396692,1.000004742539668,-1.000002543876264,1.0000026529620643,-1.000004887021046,-1.0000048870210474,-0.9999985753085826,0.9999963083966439,-0.9999977739235749,-0.9999977739235736
-1.0000080509242277,1.0000036671133394,-1.0000034119259607,-1.0000042461702503,-1.5377066482338924e-15,1.7055193406234986e-15,1.5058988126302568e-15,1.5349611082616823e-15,-1.8065018581093246e-15,-1.483017039774022e-15,-1.5386730557543416e-15,5.336262192242053e-16,-5.4429671031672015e-16,-5.53483342396235e-16,-5.581913486104422e-16,5.567657514623334e-16,5.739010920992677e-16,5.787513242229643e-16,1.0000009203094842,-1.0000034343164583,-1.0000001161098369,1.000001904410787,-1.0000014716742402,1.0000000005975045,1.0000035355592953,1.0000035355592936,-1.0000046008694907,1.0000019031334504,-1.0000041095808467,-1.0000041095808454,1.000001910908687,-1.0000020199987352,1.0000042540600784,1.00000425406008,0.9999979423480364,-0.9999956754418391,0.9999971409715662,0.9999971409715659
-1.0000107477879636,1.000006363972765,-1.0000061087863252,-1.0000042260793267,4.960276535846002e-16,-3.282169894705363e-16,-5.278380132764962e-16,-4.987762836519703e-16,2.272366802932416e-16,5.507226001429744e-16,4.95066036172476e-16,2.1439329375840953e-15,-2.1546036992439128e-15,-2.16379020526828e-15,-2.1684984115641967e-15,2.16707318259252e-15,2.184208646309126e-15,2.189058803641999e-15,1.0000036171645388,-1.0000034142252991,-1.0000028129577587,1.0000046012621242,-1.0000068854646338,1.0000035355592953,1.000000004440058,1.0000062324034744,-1.000004580774884,1.0000045999782676,-1.0000068064259364,-1.0000068064259346,1.0000046077622997,-1.000004716846483,1.0000069509084895,1.0000069509084912,1.0000006391844398,-0.9999983722659538,0.9999998377943357,0.9999998377943338
-1.0000107477879632,1.0000063639727648,-1.000006108786324,-1.0000042260793254,-7.50169330175261e-17,2.4282758765728707e-16,4.320656385132565e-17,7.226829347584695e-17,-3.4380769317729175e-16,-2.0321773327550648e-17,-7.597833729805028e-17,1.2048506025820323e-16,-1.3115403843369008e-16,-1.4034054445805858e-16,-1.4504875075397751e-16,1.4362149595981094e-16,1.6075695967641404e-16,1.6560711700929062e-16,1.000003617164536,-1.0000034142252976,-1.0000028129577565,1.0000046012621222,-1.0000068854646313,1.0000035355592936,1.0000062324034744,1.000000004440058,-1.000004580774884,1.0000045999782667,-1.0000068064259346,-1.0000068064259329,1.0000046077622966,-1.0000047168464807,1.000006950908489,1.0000069509084906,1.0000006391844376,-0.9999983722659521,0.999999837794334,0.9999998377943328
1.0000090961469565,-1.0000047123339366,1.0000044571468247,1.0000025744427914,-1.0866442580202224e-16,-5.914565856887947e-17,1.4047506282654172e-16,1.1141295213376588e-16,1.6012457392011373e-16,-1.6336065947633745e-16,-1.0770445215417385e-16,7.289684214704565e-16,-7.182990987207218e-16,-7.091125074479946e-16,-7.044044336620347e-16,7.058310452509107e-16,6.886956609476945e-16,6.838454531617e-16,-1.0000019655281995,1.0000017625887825,1.0000011613260869,-1.0000029496284488,1.0000025168894209,-1.0000046008694907,-1.000004580774884,-1.000004580774884,1.0000000020867632,-1.0000056652954035,1.000005154796827,1.0000051547968258,-1.0000029561270942,1.0000030652152423,-1.0000052992771704,-1.0000052992771717,-0.9999989875601608,0.9999967206495717,-0.999998186179099,-0.9999981861790987
-1.0000091153532844,1.0000047315431524,-1.0000044763566733,-1.000002593652699,5.45351323538157e-16,-3.775427063087445e-16,-5.771634204600605e-16,-5.481015262265235e-16,2.765658352239086e-16,6.000511471260951e-16,5.443948068080936e-16,-2.000133567743994e-16,1.8934427844873257e-16,1.8015773764238214e-16,1.7544960109411218e-16,-1.7687663256432852e-16,-1.5974122260537312e-16,-1.5489104403747504e-16,1.000001984738571,-1.0000017817994495,-1.000001180534508,1.0000029688363359,-1.0000025360948754,1.0000019031334504,1.0000045999782676,1.0000045999782667,-1.0000056652954035,1.0000000021141295,-1.0000078909463925,-1.0000078909463896,1.0000029753358677,-1.000003084421604,1.00000531848146,1.0000053184814612,0.9999990067663423,-0.9999967398533087,0.9999982053807808,0.9999982053807811
1.000011321813299,-1.0000069379958376,1.0000066828093088,1.0000048001012307,-8.911627509323158e-16,7.23353917772104e-16,9.22975051199102e-16,8.93913347053631e-16,-6.223764450859958e-16,-9.458625678983624e-16,-8.90205944939746e-16,4.120879348475088e-16,-4.0141996413263815e-16,-3.9223346276361536e-16,-3.87525241307322e-16,3.8895409660847766e-16,3.718186177295198e-16,3.669684635224202e-16,-1.0000041911861348,1.0000039882468035,1.0000033869787095,-1.0000051752840584,1.0000047425396692,-1.0000041095808467,-1.0000068064259364,-1.0000068064259346,1.000005154796827,-1.0000078909463925,1.000000005257943,1.000007380448705,-1.0000051817843199,1.0000052908683437,-1.000007524931449,-1.0000075249314504,-1.0000012132039309,0.9999989462839106,-1.0000004118129493,-1.0000004118129482
1.0000113218132969,-1.0000069379958347,1.0000066828093075,1.0000048001012307,-6.835250653036997e-16,5.157169935495981e-16,7.153381269765935e-16,6.862764228311254e-16,-4.1474110131502054e-16,-7.382272241273838e-16,-6.825706011687676e-16,2.4677048954579285e-16,-2.3610145115927524e-16,-2.2691494979025453e-16,-2.222067283339568e-16,2.2363358780829334e-16,2.0649810892933924e-16,2.0164795472223385e-16,-1.0000041911861324,1.000003988246802,1.0000033869787086,-1.0000051752840562,1.000004742539668,-1.0000041095808454,-1.0000068064259346,-1.0000068064259329,1.0000051547968258,-1.0000078909463896,1.000007380448705,1.000000005257943,-1.000005181784319,1.0000052908683414,-1.000007524931446,-1.0000075249314482,-1.0000012132039295,0.9999989462839097,-1.000000411812948,-1.0000004118129473
-1.0000091231337944,1.000004739319932,-1.000004484132654,-1.000002601428548,-7.68461946100607e-16,9.36272808403492e-16,7.36652078249779e-16,7.657142453883767e-16,-1.0372521206849757e-15,-7.137668972471854e-16,-7.69423072155745e-16,-6.074614199480678e-16,5.967925659868346e-16,5.876059614860198e-16,5.828979036508606e-16,-5.843258485937147e-16,-5.671904703686287e-16,-5.623402549026741e-16,1.0000019925138248,-1.0000045065207526,-1.0000011883121624,1.0000029766147118,-1.000002543876264,1.000001910908687,1.0000046077622997,1.0000046077622966,-1.0000029561270942,1.0000029753358677,-1.0000051817843199,-1.000005181784319,1.0000000021252138,-1.0000058091483077,1.0000053262643853,1.0000053262643867,0.9999990145467132,-0.999996747636648,0.9999982131667239,0.9999982131667239
1.0000092322209735,-1.0000048484092239,1.0000045932224766,1.000002710518247,-1.6648557094611725e-16,-1.3247439166118122e-18,1.982959980664022e-16,1.6923401357190825e-16,1.0230378548437322e-16,-2.2118153445345586e-16,-1.6552524073167691e-16,1.182263378042736e-15,-1.1715954010000092e-15,-1.1624088388507568e-15,-1.157700726884002e-15,1.1591294807716105e-15,1.1419940790571307e-15,1.1371438881339918e-15,-1.0000021016038714,1.0000018986646142,1.0000012974004286,-1.00000308570268,1.0000026529620643,-1.0000020199987352,-1.000004716846483,-1.0000047168464807,1.0000030652152423,-1.000003084421604,1.0000052908683437,1.0000052908683414,-1.0000058091483077,1.0000000022806455,-1.0000081522958497,-1.000008152295852,-0.9999991236328202,0.9999968567204074,-0.9999983222488247,-0.9999983222488228
-1.0000114662953237,1.0000070824759901,-1.000006827289158,-1.0000049445807682,-1.165845760032945e-15,1.3336571779756184e-15,1.1340360107832021e-15,1.1630978171823992e-15,-1.4346375655045002e-15,-1.1111514297155609e-15,-1.1668080007265583e-15,4.807855508928665e-16,-4.914563807686429e-16,-5.006429063490013e-16,-5.053511001050962e-16,5.039267677816862e-16,5.210622375580289e-16,5.25912405775711e-16,1.000004335665384,-1.000004132725901,-1.0000035314586455,1.0000053197644905,-1.000004887021046,1.0000042540600784,1.0000069509084895,1.000006950908489,-1.0000052992771704,1.00000531848146,-1.000007524931449,-1.000007524931446,1.0000053262643853,-1.0000081522958497,1.0000000054638059,1.0000076694137368,1.00000135768446,-0.9999990907651088,1.0000005562952239,1.0000005562952237
-1.0000114662953252,1.0000070824759912,-1.0000068272891594,-1.0000049445807693,1.4258080561106141e-16,2.5229675580661166e-17,-1.74391491611758e-16,-1.453296852125584e-16,-1.2620889280428368e-16,1.9727724298465573e-16,1.4162067197366052e-16,-1.8053917967978997e-16,1.698701115207592e-16,1.6068358594039665e-16,1.5597539218430937e-16,-1.5740262495451568e-16,-1.4026715517816947e-16,-1.3541698696049543e-16,1.000004335665385,-1.0000041327259013,-1.0000035314586473,1.0000053197644914,-1.0000048870210474,1.00000425406008,1.0000069509084912,1.0000069509084906,-1.0000052992771717,1.0000053184814612,-1.0000075249314504,-1.0000075249314482,1.0000053262643867,-1.000008152295852,1.0000076694137368,1.0000000054638059,1.000001357684462,-0.9999990907651105,1.0000005562952252,1.0000005562952239
-1.0000051545404736,1.0000007707468557,-1.0000005155611824,-0.9999986328646908,8.938476917480394e-16,-7.260397689214827e-16,-9.25659722840812e-16,-8.96597807020879e-16,6.250635936748231e-16,9.485475727948832e-16,8.928915399667449e-16,7.395021002889114e-17,-8.462010493792382e-17,-9.380664152413979e-17,-9.851471921969844e-17,9.708879978807144e-17,1.142241247047709e-16,1.1907430335783192e-16,0.999998023952845,-0.9999978210144265,-0.9999999366990716,0.9999990080475055,-0.9999985753085826,0.9999979423480364,1.0000006391844398,1.0000006391844376,-0.9999989875601608,0.9999990067663423,-1.0000012132039309,-1.0000012132039295,0.9999990145467132,-0.9999991236328202,1.00000135768446,1.000001357684462,0.9999999964706903,-0.9999954960371608,0.9999942446130548,0.9999942446130546
1.0000028876141605,-0.9999985038331365,0.9999982486486031,0.9999963659564923,-1.1047746745154727e-15,9.369672123923432e-16,1.1365867183062192e-15,1.1075249968731352e-15,-8.359911075663399e-16,-1.1594743878532705e-15,-1.1038184070134509e-15,-4.374175430393735e-16,4.480871539464244e-16,4.57273639998371e-16,4.619817433377473e-16,-4.605553620583154e-16,-4.776906620104537e-16,-4.825408129380455e-16,-0.9999957570464547,0.9999955541087544,0.9999949528464163,-0.9999967411366869,0.9999963083966439,-0.9999956754418391,-0.9999983722659538,-0.9999983722659521,0.9999967206495717,-0.9999967398533087,0.9999989462839106,0.9999989462839097,-0.999996747636648,0.9999968567204074,-0.9999990907651088,-0.9999990907651105,-0.9999954960371608,0.9999999932407402,-0.9999946946542502,-0.9999946946542474
-1.0000043531513567,0.9999999693661107,-0.9999997141816841,-0.9999978314868689,7.579052666548623e-16,-5.900965026758918e-16,-7.897162851801355e-16,-7.606547440790866e-16,4.89118317304045e-16,8.126021557626396e-16,7.569459537962483e-16,-1.9534690504275282e-15,1.9428024909470996e-15,1.9336160437487258e-15,1.9289078682781928e-15,-1.930338207324346e-15,-1.9132028551566503e-15,-1.9083527277563568e-15,0.9999972225762882,-0.9999970196385148,-0.9999964183736023,0.9999982066660861,-0.9999977739235749,0.9999971409715662,0.9999998377943357,0.999999837794334,-0.999998186179099,0.9999982053807808,-1.0000004118129493,-1.000000411812948,0.9999982131667239,-0.9999983222488247,1.0000005562952239,1.0000005562952252,0.9999942446130548,-0.9999946946542502,0.9999999953288546,0.999993443225573
-1.000004353151355,0.9999999693661094,-0.9999997141816835,-0.999997831486868,-1.3031734111865207e-16,2.981270820883775e-16,9.85072995841403e-17,1.2756884068518437e-16,-3.9910667223512886e-16,-7.562283377654648e-17,-1.3127903574293447e-16,1.19527075926261e-15,-1.2059417778659907e-15,-1.2151282250643614e-15,-1.2198364005349015e-15,1.2184125175177146e-15,1.23554786968541e-15,1.2403979970857052e-15,0.9999972225762872,-0.9999970196385144,-0.9999964183736016,0.9999982066660852,-0.9999977739235736,0.9999971409715659,0.9999998377943338,0.9999998377943328,-0.9999981861790987,0.9999982053807811,-1.0000004118129482,-1.0000004118129473,0.9999982131667239,-0.9999983222488228,1.0000005562952237,1.0000005562952239,0.9999942446130546,-0.9999946946542474,0.999993443225573,0.9999999953288549
