0.9999999892671448,-0.9999891952590665,-0.999981442807375,0.9999923620898605,0.9999909056742226,0.999979771733182,0.9999972888917488,-0.9999965260531797,0.9999960600057014,0.9999964559515643,0.9999959281601044,-0.9999948175969632,-0.999996270823915,0.9999965632431336,-0.9999929577446217,0.9999928237085914,-0.9999966961477998,-0.9999966016187949,0.9999966503826122,-0.9999921061986551
-0.9999891952590665,0.9999999953468983,0.9999857620906847,-0.9999965166794328,-0.9999950602575266,-0.999984008639321,-1.0000015258720552,1.0000007630303294,-1.0000002969808035,-1.0000006929285012,-1.0000001651346564,0.9999990545667666,1.0000005078000305,-1.000000800220512,0.9999971947063476,-0.9999970606696944,1.0000009331257784,1.0000008385963606,-1.0000008873603976,0.9999963431567301
-0.999981442807375,0.9999857620906847,0.9999999842225866,-0.9999888465408906,-0.9999873901304585,-0.9999761738586129,-0.9999937733253603,0.9999930104894112,-0.9999925444436344,-0.9999929403879713,-0.999992412598493,0.9999913020392952,0.9999927552610051,-0.9999930476791759,0.9999894421936598,-0.999989308158147,0.999993180583344,0.999993086054679,-0.9999931348183141,0.9999885906507248
0.9999923620898605,-0.9999965166794328,-0.9999888465408906,0.9999999997729422,0.9999982271063403,0.9999870930841072,1.0000046103709825,-1.0000038475269444,1.0000033814759322,1.0000037774249497,1.000003249629384,-1.0000020566882852,-1.0000035922958832,1.0000038847172856,-1.0000001968219878,1.0000001451546399,-1.0000040176229836,-1.0000039230932658,1.0000039718574658,-0.9999994276394626
0.9999909056742226,-0.9999950602575266,-0.9999873901304585,0.9999982271063403,0.9999999976830581,0.9999856366762663,1.0000031539372327,-1.0000023910943268,1.0000019250439973,1.000002320992439,1.000001793197643,-1.0000006826279357,-1.000002135863644,1.0000024282846125,-0.9999988227643871,0.9999986887274838,-1.0000025611901178,-1.0000024666605398,1.0000025154246681,-0.9999978888436137
0.999979771733182,-0.999984008639321,-0.9999761738586129,0.9999870930841072,0.9999856366762663,0.9999999817065097,0.999992019859874,-0.9999912570252415,0.9999907909803076,0.9999911869239019,0.9999906591353961,-0.9999895485781667,-0.9999910017972713,0.9999912942149188,-0.999987688735865,0.9999875547006051,-0.9999914271188408,-0.9999913325903484,0.9999913813538913,-0.9999868371944448
0.9999972888917488,-1.0000015258720552,-0.9999937733253603,1.0000046103709825,1.0000031539372327,0.999992019859874,1.0000000068426798,-1.0000086920161395,1.000008308332526,1.0000087042835923,1.0000081764853317,-1.0000070659084426,-1.000008519153588,1.0000088115764554,-1.0000052060328062,1.000005071995006,-1.0000089444828335,-1.0000088499526394,1.0000088987170874,-1.000004354476272
-0.9999965260531797,1.0000007630303294,0.9999930104894112,-1.0000038475269444,-1.0000023910943268,-0.9999912570252415,-1.0000086920161395,1.0000000057480394,-1.0000074631159153,-1.000007859066617,-1.0000074136385682,1.0000063030625277,1.0000077563065224,-1.00000804872916,1.0000044431883668,-1.0000043091506892,1.0000081816354247,1.0000080871053045,-1.000008135869711,1.0000035916324923
0.9999960600057014,-1.0000002969808035,-0.9999925444436344,1.0000033814759322,1.0000019250439973,0.9999907909803076,1.000008308332526,-1.0000074631159153,1.0000000050792812,1.0000074753834398,1.000006947585861,-1.000005754640602,-1.0000072902536727,1.000007582676176,-1.0000039771370466,1.0000038430994225,-1.0000077155823817,-1.0000076210523061,1.0000076698166915,-1.0000031255815716
0.9999964559515643,-1.0000006929285012,-0.9999929403879713,1.0000037774249497,1.000002320992439,0.9999911869239019,1.0000087042835923,-1.000007859066617,1.0000074753834398,1.0000000056474467,1.0000073435363492,-1.0000062329603783,-1.000007603834503,1.000007978626869,-1.0000043730863717,1.0000042390487136,-1.000008029163365,-1.0000080170030032,1.0000080657674044,-1.0000035215305523
0.9999959281601044,-1.0000001651346564,-0.999992412598493,1.000003249629384,1.000001793197643,0.9999906591353961,1.0000081764853317,-1.0000074136385682,1.000006947585861,1.0000073435363492,1.000000004890088,-1.0000056227937277,-1.0000070760368593,1.0000074508290704,-1.000003845290425,1.000003711252821,-1.0000075837352589,-1.0000074892051949,1.000007537969573,-1.0000029937350634
-0.9999948175969632,0.9999990545667666,0.9999913020392952,-1.0000020566882852,-1.0000006826279357,-0.9999895485781667,-1.0000070659084426,1.0000063030625277,-1.000005754640602,-1.0000062329603783,-1.0000056227937277,1.0000000032964795,1.0000060478308483,-1.0000063402529789,1.0000027347184175,-1.0000026006809704,1.000006473159016,1.0000063786290614,-1.0000064273933826,1.0000018831640156
-0.999996270823915,1.0000005078000305,0.9999927552610051,-1.0000035922958832,-1.000002135863644,-0.9999910017972713,-1.000008519153588,1.0000077563065224,-1.0000072902536727,-1.000007603834503,-1.0000070760368593,1.0000060478308483,1.0000000053817966,-1.0000077111272707,1.0000041879571824,-1.0000040539195438,1.000007926403244,1.0000078318731482,-1.0000078806375428,1.0000033364015217
0.9999965632431336,-1.000000800220512,-0.9999930476791759,1.0000038847172856,1.0000024282846125,0.9999912942149188,1.0000088115764554,-1.00000804872916,1.000007582676176,1.000007978626869,1.0000074508290704,-1.0000063402529789,-1.0000077111272707,1.0000000058014051,-1.0000044803787598,1.000004346341085,-1.000008218825931,-1.000008041926056,1.0000081730602153,-1.000003628822847
-0.9999929577446217,0.9999971947063476,0.9999894421936598,-1.0000001968219878,-0.9999988227643871,-0.999987688735865,-1.0000052060328062,1.0000044431883668,-1.0000039771370466,-1.0000043730863717,-1.000003845290425,1.0000027347184175,1.0000041879571824,-1.0000044803787598,1.0000000006276777,-1.0000006584440064,1.0000046132845544,1.0000045187547766,-1.0000045675190112,1.0000000232981674
0.9999928237085914,-0.9999970606696944,-0.999989308158147,1.0000001451546399,0.9999986887274838,0.9999875547006051,1.000005071995006,-1.0000043091506892,1.0000038430994225,1.0000042390487136,1.000003711252821,-1.0000026006809704,-1.0000040539195438,1.000004346341085,-1.0000006584440064,1.0000000004353418,-1.000004479246864,-1.0000043847170998,1.000004433481328,-0.9999998068913323
-0.9999966961477998,1.0000009331257784,0.999993180583344,-1.0000040176229836,-1.0000025611901178,-0.9999914271188408,-1.0000089444828335,1.0000081816354247,-1.0000077155823817,-1.000008029163365,-1.0000075837352589,1.000006473159016,1.000007926403244,-1.000008218825931,1.0000046132845544,-1.000004479246864,1.0000000059921184,1.0000082572020763,-1.000008223596742,1.0000037617285253
-0.9999966016187949,1.0000008385963606,0.999993086054679,-1.0000039230932658,-1.0000024666605398,-0.9999913325903484,-1.0000088499526394,1.0000080871053045,-1.0000076210523061,-1.0000080170030032,-1.0000074892051949,1.0000063786290614,1.0000078318731482,-1.000008041926056,1.0000045187547766,-1.0000043847170998,1.0000082572020763,1.000000005856473,-1.0000081290666047,1.000003667198831
0.9999966503826122,-1.0000008873603976,-0.9999931348183141,1.0000039718574658,1.0000025154246681,0.9999913813538913,1.0000088987170874,-1.000008135869711,1.0000076698166915,1.0000080657674044,1.000007537969573,-1.0000064273933826,-1.0000078806375428,1.0000081730602153,-1.0000045675190112,1.000004433481328,-1.000008223596742,-1.0000081290666047,1.0000000059264469,-1.0000037159630233
-0.9999921061986551,0.9999963431567301,0.9999885906507248,-0.9999994276394626,-0.9999978888436137,-0.9999868371944448,-1.000004354476272,1.0000035916324923,-1.0000031255815716,-1.0000035215305523,-1.0000029937350634,1.0000018831640156,1.0000033364015217,-1.000003628822847,1.0000000232981674,-0.9999998068913323,1.0000037617285253,1.000003667198831,-1.0000037159630233,0.9999999994057501
