1.000000000875879,-1.0000013679553377,-1.0000012613441902,1.000001287312062,1.0000014060070517,1.0000011921705496,0.9999998635639025,-0.999999887637017,-0.999999869467941,1.000000007204959,1.000000010179722,0.999999655920065,1.0000018056466933,-1.0000015502739599,-1.0000013753544745,1.0000011016048609,-1.0000012877566171,-1.0000004656064414,-1.0000003483691775,1.0000005359892497,-1.0000003483691764,-1.0000009940887713,-0.9999997498089158,1.0000002980702978,-0.9999994009247516,0.9999992900051711,0.9999992900051718,-1.0000013059609456,-1.000000226581433,-1.0000002265814343,1.0000002111685347,1.000000211168535,-1.000000211531811
-1.0000013679553377,1.0000000009889431,1.0000012798163775,-1.000001427309099,-1.000001546062015,-1.0000012713690913,-0.9999999428560534,0.9999999669542956,0.9999999487373243,-1.0000000865465604,-1.0000000894394212,-0.9999997351763684,-1.0000018849359176,1.0000016295593959,1.0000014547627785,-1.0000011810002838,1.00000136711322,1.0000005450092362,1.0000004274765308,-1.0000006151208216,1.0000004274765306,1.0000010732800442,0.999999829106081,-1.0000003775296977,0.999999480131033,-0.999999369190633,-0.9999993691906341,1.000001385147482,1.0000003060623954,1.0000003060623948,-1.0000002906626626,-1.0000002906626624,1.0000002910302674
-1.0000012613441902,1.0000012798163775,1.000000000836857,-1.0000012599407426,-1.0000013785770083,-1.0000012255982298,-0.999999836149018,0.9999998601966317,0.9999998420764095,-0.9999999797402839,-0.9999999827973869,-0.9999996285418578,-1.0000017782345096,1.000001522866255,1.0000013478218068,-1.0000010740858138,1.00000126027661,1.000000438080059,1.000000321141013,-1.000000508737183,1.0000003211410111,1.0000009667765157,0.9999997223889573,-1.0000002704865956,0.9999993735970514,-0.9999992626979516,-0.9999992626979508,1.0000012786527137,1.000000198975641,1.0000001989756424,-1.0000001835494159,-1.0000001835494154,1.000000183908338
1.000001287312062,-1.000001427309099,-1.0000012599407426,1.000000000960544,1.0000014653686076,1.0000012515108572,0.9999999229229193,-0.9999999470008335,-0.9999999288228918,1.0000000665738442,1.0000000695327624,0.9999997152723277,1.0000018650048383,-1.0000016703787127,-1.000001434737178,1.0000011609848711,-1.000001347128135,-1.0000005249880723,-1.0000004076914988,1.0000005953165343,-1.0000004076914968,-1.000001114174986,-0.9999998091687102,1.0000003574640213,-0.9999994602675052,0.9999993493436283,0.9999993493436304,-1.00000136529894,-1.0000002859797605,-1.0000002859797608,1.0000002705699098,1.0000002705699096,-1.0000002709342277
1.0000014060070517,-1.000001546062015,-1.0000013785770083,1.0000014653686076,1.0000000011299806,1.0000013700966928,1.0000000417231212,-1.0000000658599346,-1.000000047568968,1.0000001854888552,1.0000001882545817,0.9999998339888172,1.0000019837993515,-1.000001789166852,-1.0000015538019336,1.000001280022357,-1.0000015268268159,-1.0000006440420615,-1.0000005260635652,1.0000007137456626,-1.0000005260635638,-1.0000011719974895,-0.9999999279816022,1.0000004766441848,-0.9999995788656498,0.9999994678926581,0.9999994678926581,-1.0000014838548268,-1.0000004052072333,-1.000000405207234,1.0000003898254952,1.0000003898254948,-1.0000003901989325
1.0000011921705496,-1.0000012713690913,-1.0000012255982298,1.0000012515108572,1.0000013700966928,1.000000000824881,0.9999998276813351,-0.9999998517070136,-0.9999998336289664,0.9999999712299993,0.9999999743574854,0.9999996201058703,1.0000017697692225,-1.0000015144051388,-1.000001339253105,1.0000010655290745,-1.000001251753236,-1.0000004295169669,-1.0000003128334158,1.000000500409455,-1.0000003128334147,-1.0000010191447648,-0.999999713916879,1.0000002618741672,-0.9999993652043327,0.999999254322448,0.9999992543224486,-1.0000013310239875,-1.0000001903440479,-1.0000001903440496,1.0000001749063623,1.000000174906362,-1.0000001752615617
0.9999998635639025,-0.9999999428560534,-0.999999836149018,0.9999999229229193,1.0000000417231212,0.9999998276813351,0.9999999989295434,-0.9999985841101565,-0.9999985658491876,0.9999986429756869,0.9999986457900761,0.9999982915309298,1.000000441321179,-1.0000001859481153,-1.0000000112374252,0.9999997374711359,-0.9999999235578486,-0.9999991014857178,-0.9999989837019471,0.9999991713710944,-0.9999989837019455,-0.9999996295881775,-0.9999983854979803,0.9999989340442744,-0.9999980364367707,0.9999979254747023,0.9999979254747026,-0.999999941443311,-0.9999988625891801,-0.9999988625891818,0.9999988471958414,0.9999988471958411,-0.9999988475654095
-0.999999887637017,0.9999999669542956,0.9999998601966317,-0.9999999470008335,-1.0000000658599346,-0.9999998517070136,-0.9999985841101565,0.999999998963971,0.999998529198933,-0.9999987278941248,-0.9999986698776073,-0.9999983156148228,-1.0000004654394545,1.0000002100623966,1.0000000354760037,-0.999999761696562,0.9999999477444788,0.9999991257184897,0.9999990076347621,-0.9999991953282986,0.9999990076347621,0.9999996536064532,0.99999840962401,-0.9999989583340205,0.9999980604694118,-0.9999979494864237,-0.9999979494864235,0.9999999654569123,0.9999988869007109,0.9999988869007109,-0.9999988715204472,-0.9999988715204462,0.9999988718942815
-0.999999869467941,0.9999999487373243,0.9999998420764095,-0.9999999288228918,-1.000000047568968,-0.9999998336289664,-0.9999985658491876,0.999998529198933,0.9999999989379179,-0.999998648789664,-0.9999987124274907,-0.999998358172282,-1.000000447183478,1.00000019181462,1.0000000169889949,-0.9999997432352634,0.999999929357643,0.9999991072430213,0.9999989897340233,-0.9999991773813068,0.9999989897340236,0.9999996355427508,0.9999983913530494,-0.9999989397488529,0.9999980423774307,-0.9999979314340728,-0.9999979314340742,0.9999999474014653,0.9999988682733729,0.9999988682733734,-0.9999988528678574,-0.9999988528678566,0.9999988532334697
1.000000007204959,-1.0000000865465604,-0.9999999797402839,1.0000000665738442,1.0000001854888552,0.9999999712299993,0.9999986429756869,-0.9999987278941248,-0.999998648789664,0.9999999991346573,0.9999987894584015,0.9999984351930152,1.0000005850498808,-1.0000003296698292,-1.0000001552006172,0.9999998814094141,-1.0000000674203988,-0.9999993061858876,-0.9999991270684375,0.9999993147858733,-0.9999991270684362,-0.9999997731226121,-0.9999985899895047,0.9999990781078708,-0.999998179998495,0.9999980689949347,0.9999980689949347,-1.0000000849676502,-0.9999990066948699,-0.9999990066948714,0.999998991326902,0.999998991326902,-0.9999989917047685
1.000000010179722,-1.0000000894394212,-0.9999999827973869,1.0000000695327624,1.0000001882545817,0.9999999743574854,0.9999986457900761,-0.9999986698776073,-0.9999987124274907,0.9999987894584015,0.999999999138631,0.9999984381274317,1.0000005878736773,-1.0000003325087252,-1.0000001576265436,0.9999998838805149,-1.0000000700213352,-0.999999247884969,-0.9999991304969822,0.9999993181356521,-0.9999991304969827,-0.999999776275076,-0.999998532040228,0.9999990803640414,-0.9999981830982455,0.9999980721621912,0.9999980721621919,-1.000000088132723,-0.9999990088775899,-0.999999008877591,0.9999989934648782,0.9999989934648791,-0.9999989938280454
0.999999655920065,-0.9999997351763684,-0.9999996285418578,0.9999997152723277,0.9999998339888172,0.9999996201058703,0.9999982915309298,-0.9999983156148228,-0.999998358172282,0.9999984351930152,0.9999984381274317,0.9999999986332695,1.0000002336143041,-0.9999999782462005,-0.9999998033600892,0.9999995296118108,-0.999999715752953,-0.99999889361575,-0.9999987762589415,0.9999989638932537,-0.9999987762589425,-0.9999994220228844,-0.9999982385265391,0.9999987260940528,-0.9999978895995353,0.9999977179199299,0.9999977179199301,-0.9999997338856033,-0.9999986546084279,-0.9999986546084284,0.9999986391970178,0.9999986391970174,-0.9999986395607391
1.0000018056466933,-1.0000018849359176,-1.0000017782345096,1.0000018650048383,1.0000019837993515,1.0000017697692225,1.000000441321179,-1.0000004654394545,-1.000000447183478,1.0000005850498808,1.0000005878736773,1.0000002336143041,1.000000001700026,-1.0000021887739845,-1.0000019533063542,1.0000016795400828,-1.0000018656300869,-1.0000010435537237,-1.000000925802794,1.0000011134681366,-1.0000009258027933,-1.0000015716769064,-1.0000003275770952,1.000000876107488,-0.9999999785268874,0.999999867568113,0.9999998675681143,-1.0000018835333992,-1.000000804650954,-1.0000008046509563,1.0000007892566842,1.0000007892566836,-1.0000007896258984
-1.0000015502739599,1.0000016295593959,1.000001522866255,-1.0000016703787127,-1.000001789166852,-1.0000015144051388,-1.0000001859481153,1.0000002100623966,1.00000019181462,-1.0000003296698292,-1.0000003325087252,-0.9999999782462005,-1.0000021887739845,1.0000000013357195,1.000001697923548,-1.000001424155497,1.0000016102466305,1.0000007881687307,1.000000670453705,-1.0000008581143207,1.0000006704537026,1.000001316312484,1.0000000722020899,-1.0000006207207788,0.9999997231680389,-0.9999996122134758,-0.9999996122134769,1.000001628173872,1.0000005492646886,1.0000005492646902,-1.0000005338714217,-1.0000005338714215,1.000000534241088
-1.0000013753544745,1.0000014547627785,1.0000013478218068,-1.000001434737178,-1.0000015538019336,-1.000001339253105,-1.0000000112374252,1.0000000354760037,1.0000000169889949,-1.0000001552006172,-1.0000001576265436,-0.9999998033600892,-1.0000019533063542,1.000001697923548,1.0000000010868617,-1.0000013106862362,1.0000014358562201,1.0000006139855304,1.000000494845633,-1.0000006826300554,1.0000004948456336,1.0000011411294347,0.9999998975197848,-1.000000446791115,0.999999548028498,-0.9999994369670216,-0.9999994369670216,1.000001452952709,1.000000375427552,1.0000003754275522,-1.0000003600882228,-1.0000003600882224,1.00000036047523
1.0000011016048609,-1.0000011810002838,-1.0000010740858138,1.0000011609848711,1.000001280022357,1.0000010655290745,0.9999997374711359,-0.999999761696562,-0.9999997432352634,0.9999998814094141,0.9999998838805149,0.9999995296118108,1.0000016795400828,-1.000001424155497,-1.0000013106862362,1.0000000006962473,-1.0000012228032003,-1.0000004009150283,-1.0000002211701395,1.000000408940826,-1.000000221170138,-1.000000867407624,-0.9999996237496919,1.000000172951814,-0.9999992743078954,0.9999991632583888,0.9999991632583904,-1.0000011792379175,-1.000000101581372,-1.0000001015813733,1.000000086238625,1.0000000862386242,-1.000000086624644
-1.0000012877566171,1.00000136711322,1.00000126027661,-1.000001347128135,-1.0000015268268159,-1.000001251753236,-0.9999999235578486,0.9999999477444788,0.999999929357643,-1.0000000674203988,-1.0000000700213352,-0.999999715752953,-1.0000018656300869,1.0000016102466305,1.0000014358562201,-1.0000012228032003,1.0000000009615284,1.0000005260890859,1.0000004075377837,-1.0000005952690512,1.0000004075377826,1.0000010536412354,0.9999998098274734,-1.0000003587943957,0.9999994605285566,-0.9999993495131595,-0.99999934951316,1.0000013654844762,1.000000287395465,1.000000287395466,-1.0000002720359988,-1.0000002720359986,1.0000002724166148
-1.0000004656064414,1.0000005450092362,1.000000438080059,-1.0000005249880723,-1.0000006440420615,-1.0000004295169669,-0.9999991014857178,0.9999991257184897,0.9999991072430213,-0.9999993061858876,-0.999999247884969,-0.99999889361575,-1.0000010435537237,1.0000007881687307,1.0000006139855304,-1.0000004009150283,1.0000005260890859,0.9999999997890229,0.9999995851297964,-0.9999997729081208,0.999999585129796,1.0000002313934842,0.9999989877657699,-0.9999995977619809,0.9999986382963089,-0.9999985272402322,-0.9999985272402322,1.0000005432217791,0.9999994656500509,0.9999994656500515,-0.9999994503108611,-0.9999994503108617,0.9999994506980643
-1.0000003483691775,1.0000004274765308,1.000000321141013,-1.0000004076914988,-1.0000005260635652,-1.0000003128334158,-0.9999989837019471,0.9999990076347621,0.9999989897340233,-0.9999991270684375,-0.9999991304969822,-0.9999987762589415,-1.000000925802794,1.000000670453705,1.000000494845633,-1.0000002211701395,1.0000004075377837,0.9999995851297964,0.9999999996216314,-0.9999997177707889,0.9999994695349409,1.0000001147924598,0.9999988699185364,-0.9999994172763119,0.9999985215410205,-0.9999984107343842,-0.9999984107343853,1.0000004266878024,0.9999993456652453,0.999999345665248,-0.9999993301784653,-0.9999993301784659,0.9999993305175808
1.0000005359892497,-1.0000006151208216,-1.000000508737183,1.0000005953165343,1.0000007137456626,1.000000500409455,0.9999991713710944,-0.9999991953282986,-0.9999991773813068,0.9999993147858733,0.9999993181356521,0.9999989638932537,1.0000011134681366,-1.0000008581143207,-1.0000006826300554,1.000000408940826,-1.0000005952690512,-0.9999997729081208,-0.9999997177707889,0.9999999998891105,-0.9999997177707871,-1.0000003631085455,-0.9999990575923278,0.9999996051121776,-0.9999987091274606,0.9999985983010617,0.9999985983010615,-1.0000006142530862,-0.9999995335234269,-0.9999995335234281,0.9999995180504913,0.999999518050491,-0.9999995183941914
-1.0000003483691764,1.0000004274765306,1.0000003211410111,-1.0000004076914968,-1.0000005260635638,-1.0000003128334147,-0.9999989837019455,0.9999990076347621,0.9999989897340236,-0.9999991270684362,-0.9999991304969827,-0.9999987762589425,-1.0000009258027933,1.0000006704537026,1.0000004948456336,-1.000000221170138,1.0000004075377826,0.999999585129796,0.9999994695349409,-0.9999997177707871,0.9999999996216314,1.0000001147924586,0.9999988699185369,-0.9999994172763098,0.9999985215410203,-0.9999984107343834,-0.9999984107343829,1.0000004266878022,0.999999345665244,0.9999993456652444,-0.9999993301784659,-0.9999993301784654,0.9999993305175808
-1.0000009940887713,1.0000010732800442,1.0000009667765157,-1.000001114174986,-1.0000011719974895,-1.0000010191447648,-0.9999996295881775,0.9999996536064532,0.9999996355427508,-0.9999997731226121,-0.999999776275076,-0.9999994220228844,-1.0000015716769064,1.000001316312484,1.0000011411294347,-1.000000867407624,1.0000010536412354,1.0000002313934842,1.0000001147924598,-1.0000003631085455,1.0000001147924586,1.000000000542327,0.9999995158217,-1.0000000637367934,0.9999991671365307,-0.9999990562610729,-0.9999990562610725,1.000001072213392,0.9999999922018017,0.9999999922018015,-0.9999999767614534,-0.9999999767614527,0.9999999771158273
-0.9999997498089158,0.999999829106081,0.9999997223889573,-0.9999998091687102,-0.9999999279816022,-0.999999713916879,-0.9999983854979803,0.99999840962401,0.9999983913530494,-0.9999985899895047,-0.999998532040228,-0.9999982385265391,-1.0000003275770952,1.0000000722020899,0.9999998975197848,-0.9999996237496919,0.9999998098274734,0.9999989877657699,0.9999988699185364,-0.9999990575923278,0.9999988699185369,0.9999995158217,0.9999999987672819,-0.9999988203375554,0.9999979226747229,-0.9999978117087392,-0.9999978117087396,0.9999998276772614,0.9999987488878579,0.9999987488878584,-0.9999987334979058,-0.9999987334979058,0.9999987338686079
1.0000002980702978,-1.0000003775296977,-1.0000002704865956,1.0000003574640213,1.0000004766441848,1.0000002618741672,0.9999989340442744,-0.9999989583340205,-0.9999989397488529,0.9999990781078708,0.9999990803640414,0.9999987260940528,1.000000876107488,-1.0000006207207788,-1.000000446791115,1.000000172951814,-1.0000003587943957,-0.9999995977619809,-0.9999994172763119,0.9999996051121776,-0.9999994172763098,-1.0000000637367934,-0.9999988203375554,0.9999999995505862,-0.9999984706574946,0.9999983595516939,0.9999983595516934,-1.0000003755464102,-0.9999993593556836,-0.9999993593556863,0.9999992832934493,0.9999992832934483,-0.9999992836885201
-0.9999994009247516,0.999999480131033,0.9999993735970514,-0.9999994602675052,-0.9999995788656498,-0.9999993652043327,-0.9999980364367707,0.9999980604694118,0.9999980423774307,-0.999998179998495,-0.9999981830982455,-0.9999978895995353,-0.9999999785268874,0.9999997231680389,0.999999548028498,-0.9999992743078954,0.9999994605285566,0.9999986382963089,0.9999985215410205,-0.9999987091274606,0.9999985215410203,0.9999991671365307,0.9999979226747229,-0.9999984706574946,0.9999999982695407,-0.9999975237890066,-0.9999975237890085,0.9999994790069144,0.9999983991265528,0.9999983991265528,-0.9999983836876678,-0.9999983836876677,0.9999983840423907
0.9999992900051711,-0.999999369190633,-0.9999992626979516,0.9999993493436283,0.9999994678926581,0.999999254322448,0.9999979254747023,-0.9999979494864237,-0.9999979314340728,0.9999980689949347,0.9999980721621912,0.9999977179199299,0.999999867568113,-0.9999996122134758,-0.9999994369670216,0.9999991632583888,-0.9999993495131595,-0.9999985272402322,-0.9999984107343842,0.9999985983010617,-0.9999984107343834,-0.9999990562610729,-0.9999978117087392,0.9999983595516939,-0.9999975237890066,0.9999999981113604,0.9999973521673673,-0.9999993681341566,-0.999998288001426,-0.9999982880014266,0.9999982725505104,0.9999982725505095,-0.9999982729012354
0.9999992900051718,-0.9999993691906341,-0.9999992626979508,0.9999993493436304,0.9999994678926581,0.9999992543224486,0.9999979254747026,-0.9999979494864235,-0.9999979314340742,0.9999980689949347,0.9999980721621919,0.9999977179199301,0.9999998675681143,-0.9999996122134769,-0.9999994369670216,0.9999991632583904,-0.99999934951316,-0.9999985272402322,-0.9999984107343853,0.9999985983010615,-0.9999984107343829,-0.9999990562610725,-0.9999978117087396,0.9999983595516934,-0.9999975237890085,0.9999973521673673,0.9999999981113604,-0.9999993681341558,-0.9999982880014276,-0.9999982880014276,0.9999982725505095,0.9999982725505095,-0.9999982729012373
-1.0000013059609456,1.000001385147482,1.0000012786527137,-1.00000136529894,-1.0000014838548268,-1.0000013310239875,-0.999999941443311,0.9999999654569123,0.9999999474014653,-1.0000000849676502,-1.000000088132723,-0.9999997338856033,-1.0000018835333992,1.000001628173872,1.000001452952709,-1.0000011792379175,1.0000013654844762,1.0000005432217791,1.0000004266878024,-1.0000006142530862,1.0000004266878022,1.000001072213392,0.9999998276772614,-1.0000003755464102,0.9999994790069144,-0.9999993681341566,-0.9999993681341558,1.0000000009872418,1.0000003040030048,1.000000304003006,-1.0000002885566945,-1.0000002885566943,1.0000002889089759
-1.000000226581433,1.0000003060623954,1.000000198975641,-1.0000002859797605,-1.0000004052072333,-1.0000001903440479,-0.9999988625891801,0.9999988869007109,0.9999988682733729,-0.9999990066948699,-0.9999990088775899,-0.9999986546084279,-1.000000804650954,1.0000005492646886,1.000000375427552,-1.000000101581372,1.000000287395465,0.9999994656500509,0.9999993456652453,-0.9999995335234269,0.999999345665244,0.9999999922018017,0.9999987488878579,-0.9999993593556836,0.9999983991265528,-0.999998288001426,-0.9999982880014276,1.0000003040030048,0.9999999994488509,0.9999992273005804,-0.999999272741583,-0.9999992119941346,0.9999992123918489
-1.0000002265814343,1.0000003060623948,1.0000001989756424,-1.0000002859797608,-1.000000405207234,-1.0000001903440496,-0.9999988625891818,0.9999988869007109,0.9999988682733734,-0.9999990066948714,-0.999999008877591,-0.9999986546084284,-1.0000008046509563,1.0000005492646902,1.0000003754275522,-1.0000001015813733,1.000000287395466,0.9999994656500515,0.999999345665248,-0.9999995335234281,0.9999993456652444,0.9999999922018015,0.9999987488878584,-0.9999993593556863,0.9999983991265528,-0.9999982880014266,-0.9999982880014276,1.000000304003006,0.9999992273005804,0.9999999994488509,-0.999999211994135,-0.9999992727415878,0.9999992123918505
1.0000002111685347,-1.0000002906626626,-1.0000001835494159,1.0000002705699098,1.0000003898254952,1.0000001749063623,0.9999988471958414,-0.9999988715204472,-0.9999988528678574,0.999998991326902,0.9999989934648782,0.9999986391970178,1.0000007892566842,-1.0000005338714217,-1.0000003600882228,1.000000086238625,-1.0000002720359988,-0.9999994503108611,-0.9999993301784653,0.9999995180504913,-0.9999993301784659,-0.9999999767614534,-0.9999987334979058,0.9999992832934493,-0.9999983836876678,0.9999982725505104,0.9999982725505095,-1.0000002885566945,-0.999999272741583,-0.999999211994135,0.9999999994270191,0.9999991966923473,-0.9999992578389917
1.000000211168535,-1.0000002906626624,-1.0000001835494154,1.0000002705699096,1.0000003898254948,1.000000174906362,0.9999988471958411,-0.9999988715204462,-0.9999988528678566,0.999998991326902,0.9999989934648791,0.9999986391970174,1.0000007892566836,-1.0000005338714215,-1.0000003600882224,1.0000000862386242,-1.0000002720359986,-0.9999994503108617,-0.9999993301784659,0.999999518050491,-0.9999993301784654,-0.9999999767614527,-0.9999987334979058,0.9999992832934483,-0.9999983836876677,0.9999982725505095,0.9999982725505095,-1.0000002885566943,-0.9999992119941346,-0.9999992727415878,0.9999991966923473,0.9999999994270191,-0.9999992578389885
-1.000000211531811,1.0000002910302674,1.000000183908338,-1.0000002709342277,-1.0000003901989325,-1.0000001752615617,-0.9999988475654095,0.9999988718942815,0.9999988532334697,-0.9999989917047685,-0.9999989938280454,-0.9999986395607391,-1.0000007896258984,1.000000534241088,1.00000036047523,-1.000000086624644,1.0000002724166148,0.9999994506980643,0.9999993305175808,-0.9999995183941914,0.9999993305175808,0.9999999771158273,0.9999987338686079,-0.9999992836885201,0.9999983840423907,-0.9999982729012354,-0.9999982729012373,1.0000002889089759,0.9999992123918489,0.9999992123918505,-0.9999992578389917,-0.9999992578389885,0.9999999994275884
