0.9999999982407456,-0.9999976654853489,-0.9999976654853504,-0.9999971345206982,-0.999997144345725,-0.9999980940891435,0.9999977484263677,0.999998273384842,0.9999980763582906,0.9999980763582959,-0.6999184986628747,0.99364393226833,0.09244105531633799,0.9999981941181914,-0.9999990345888576,-0.9999977045212909,0.9494296088207695,-0.9080682961007491,-0.9787308323174528,0.9999971680586011,0.4403036981172688,0.9936526879545365,-0.3393575855904834,0.01712728317820191,-0.9913658330320162,0.982410677704598,0.23433193373639455,-0.12648971476769785,0.9887293225985192,0.9999972088816332,-0.9857439232602312,-0.9999973346976311,-0.9999970260611791,-0.9999981663915185,-0.9999981663915216,-0.9999981663915243,-0.9999981663915243,0.9999982648289534,0.9999982648289548,0.9999982648289555,0.9999982648289555,-0.9999983033705254,-0.9999983033705258
-0.9999976654853489,0.999999998497601,0.9999978891488595,0.9999973581748023,0.9999973679614179,0.9999982744202489,-0.9999979287617067,-0.9999984537156201,-0.9999982136021922,-0.9999982568187733,0.6999155930431461,-0.9936436337603404,-0.0924368450781899,-0.9999983744412824,0.9999992149059828,0.999997884852741,-0.9494311130391173,0.9080702379231075,0.9787318798246984,-0.9999973484249516,-0.44030758904415057,-0.9936533448062411,0.3393616400262173,-0.017131530747066758,0.9913665685875814,-0.982411647709053,-0.2343361029337859,0.12649394860122884,-0.9887301365995323,-0.9999973892237015,0.985744815420132,0.9999975150477359,0.9999972064151064,0.9999983468593334,0.9999983468593363,0.9999983468593394,0.999998346859338,-0.9999984453012578,-0.9999984453012585,-0.9999984453012594,-0.9999984453012607,0.9999984838443179,0.9999984838443187
-0.9999976654853504,0.9999978891488595,0.999999998497601,0.9999973581748057,0.9999973679614206,0.9999982744202514,-0.9999979287617101,-0.9999984537156228,-0.9999982568187713,-0.999998213602197,0.6999155930431483,-0.9936436337603433,-0.09243684507819055,-0.9999983744412848,0.999999214905986,0.9999978848527432,-0.9494311130391199,0.9080702379231109,0.9787318798247016,-0.999997348424954,-0.44030758904415135,-0.9936533448062433,0.33936164002621827,-0.017131530747066318,0.9913665685875847,-0.9824116477090554,-0.2343361029337861,0.12649394860122862,-0.9887301365995348,-0.9999973892237046,0.9857448154201356,0.9999975150477396,0.9999972064151095,0.9999983468593369,0.9999983468593394,0.9999983468593424,0.9999983468593404,-0.9999984453012609,-0.9999984453012628,-0.9999984453012628,-0.9999984453012635,0.9999984838443203,0.9999984838443213
-0.9999971345206982,0.9999973581748023,0.9999973581748057,0.9999999977417651,0.9999968370202397,0.9999977435403241,-0.9999973978744806,-0.999997922840117,-0.9999977258368685,-0.9999977258368737,0.6999180079973261,-0.9936435453136592,-0.0924406808885676,-0.9999978435775088,0.9999986840564699,0.9999973539717187,-0.9494293838843088,0.9080681216721214,0.9787305597299182,-0.9999968175086756,-0.440303852192787,-0.9936523783069364,0.3393577897547473,-0.017127620620897482,0.9913655305957828,-0.9824103975086322,-0.2343321855335727,0.1264900111693714,-0.9887290274762897,-0.9999968583310149,0.9857436355520962,0.9999969841462272,0.9999966755104138,0.9999978158745803,0.999997815874583,0.9999978158745858,0.9999978158745846,-0.9999979143148325,-0.9999979143148348,-0.9999979143148348,-0.9999979143148344,0.9999979528573351,0.9999979528573356
-0.999997144345725,0.9999973679614179,0.9999973679614206,0.9999968370202397,0.9999999977557961,0.9999977535969157,-0.999997407920991,-0.9999979328971182,-0.9999977355888864,-0.9999977355888917,0.6999247499059187,-0.9936446164178188,-0.09245007142472032,-0.9999978536350681,0.9999986941155994,0.9999973640220495,-0.9494264322725947,0.9080641809900584,0.9787286346802931,-0.9999967842710237,-0.4402953897219038,-0.9936513271836674,0.33934892261686295,-0.017118192148737624,0.9913643036968823,-0.9824086461306047,-0.23432302034061442,0.12648065811370537,-0.988727625234603,-0.999996868362253,0.9857420584635231,0.999996994161893,0.999996685517399,0.9999978256080835,0.9999978256080863,0.9999978256080891,0.9999978256080874,-0.9999979240367165,-0.9999979240367185,-0.9999979240367178,-0.9999979240367186,0.999997962575325,0.999997962575327
-0.9999980940891435,0.9999982744202489,0.9999982744202514,0.9999977435403241,0.9999977535969157,0.999999999046687,-0.9999982716734873,-0.9999987967122314,-0.9999986419871558,-0.9999986419871604,0.699939475169364,-0.993647737720195,-0.09246979977706982,-0.9999987606578111,0.999999601165253,0.9999982710031449,-0.9494210982664045,0.9080567410481954,0.9787254743604882,-0.9999977343091745,-0.4402780750579267,-0.9936500084695726,0.3393306718901183,-0.017098481511987725,0.9913626152284706,-0.9824058524350076,-0.23430405298068463,0.12646120216176074,-0.9887255675961818,-0.9999977752997851,0.9857396323719995,0.9999979010624992,0.9999975924008812,0.9999987319804862,0.9999987319804883,0.9999987319804914,0.9999987319804898,-0.9999988303932827,-0.9999988303932845,-0.9999988303932831,-0.9999988303932849,0.9999988689265626,0.9999988689265638
0.9999977484263677,-0.9999979287617067,-0.9999979287617101,-0.9999973978744806,-0.999997407920991,-0.9999982716734873,0.9999999985545636,0.9999984942060085,0.9999982963319999,0.9999982963320052,-0.699937862914429,0.9936471782705864,0.09246785744673283,0.9999984149239244,-0.999999255415422,-0.9999978820704687,0.9494213724538775,-0.9080572306836951,-0.9787255296176077,0.9999973886189644,0.4402796454504114,0.9936498807955029,-0.33933235930938743,0.017100393898638537,-0.9913625240944257,0.9824058710868397,0.23430583714063652,-0.12646306161265375,0.9887255130386061,0.9999974295922884,-0.9857396144142898,-0.999997512145872,-0.9999972467021513,-0.9999983863250931,-0.999998386325094,-0.9999983863250972,-0.9999983863250961,0.9999984847376011,0.9999984847376033,0.999998484737604,0.9999984847376041,-0.9999985232707869,-0.9999985232707886
0.999998273384842,-0.9999984537156201,-0.9999984537156228,-0.999997922840117,-0.9999979328971182,-0.9999987967122314,0.9999984942060085,0.9999999993019556,0.9999988212824731,0.9999988212824792,-0.6999403034952358,0.9936480266570477,0.09247079617480605,0.9999989399897855,-0.9999997805082264,-0.9999984503227608,0.9494209595473674,-0.9080564917429684,-0.9787254479891568,0.9999979136146807,0.44027727049735776,0.9936500759523018,-0.33932980710441957,0.017097500692712753,-0.9913626639684172,0.9824058448481213,0.23430313836586114,-0.12646024871330197,0.9887255975723559,0.999997954614624,-0.9857396435701263,-0.999998080373103,-0.9999977717109438,-0.9999989112775938,-0.9999989112775955,-0.9999989112775993,-0.999998911277599,0.999999009691605,0.9999990096916059,0.999999009691606,0.999999009691606,-0.9999990482252862,-0.9999990482252874
0.9999980763582906,-0.9999982136021922,-0.9999982568187713,-0.9999977258368685,-0.9999977355888864,-0.9999986419871558,0.9999982963319999,0.9999988212824731,0.9999999990209877,0.999998624500683,-0.6999131119453899,0.9936435675350559,0.09243306130090226,0.9999987419988121,-0.9999995824572484,-0.9999982524189227,0.9494326659896457,-0.9080721776537365,-0.9787330262691575,0.9999977160231449,0.4403111934656404,0.9936541414642073,-0.33936537146680074,0.017135370669352584,-0.9913674358618275,0.9824127249048913,0.2343399165298634,-0.1264977985029449,0.9887310741856691,0.9999977567996685,-0.9857458229884071,-0.9999978826312069,-0.9999975740019811,-0.9999986713310601,-0.9999986713310578,-0.999998714547638,-0.9999987145476372,0.9999988129935681,0.9999988129935695,0.9999988129935689,0.9999988129935704,-0.9999988515379713,-0.9999988515379713
0.9999980763582959,-0.9999982568187733,-0.999998213602197,-0.9999977258368737,-0.9999977355888917,-0.9999986419871604,0.9999982963320052,0.9999988212824792,0.999998624500683,0.9999999990209877,-0.6999131119453929,0.9936435675350603,0.09243306130090277,0.9999987419988179,-0.9999995824572542,-0.9999982524189268,0.9494326659896497,-0.9080721776537396,-0.9787330262691627,0.9999977160231496,0.44031119346564246,0.9936541414642118,-0.3393653714668021,0.017135370669352487,-0.991367435861832,0.9824127249048952,0.2343399165298646,-0.12649779850294535,0.9887310741856745,0.9999977567996735,-0.985745822988413,-0.9999978826312106,-0.9999975740019862,-0.9999987145476384,-0.9999987145476408,-0.9999986713310633,-0.999998671331067,0.9999988129935728,0.9999988129935738,0.9999988129935744,0.999998812993575,-0.9999988515379752,-0.9999988515379774
-0.6999184986628747,0.6999155930431461,0.6999155930431483,0.6999180079973261,0.6999247499059187,0.699939475169364,-0.699937862914429,-0.6999403034952358,-0.6999131119453899,-0.6999131119453929,1.0000000007820178,-0.7758652036263012,-0.7758666253256191,-0.6999416492652935,0.6999442034751597,0.6999388223245737,-0.4402735004538736,0.3364432381551397,0.5385110024180282,-0.6999311777774906,0.33308743658292095,-0.6151343042090632,-0.43431649604456296,0.7021310840893055,0.6002228600313145,-0.5542380112866078,0.5303235358604514,-0.619954151070296,-0.5850994344810624,-0.699936457801442,0.5697693341468865,0.6999346477672582,0.6999338799822008,0.6999120003462715,0.6999120003462729,0.6999120003462745,0.699912000346274,-0.6999113417719253,-0.6999113417719266,-0.6999113417719272,-0.6999113417719265,0.6999111227625604,0.6999111227625616
0.99364393226833,-0.9936436337603404,-0.9936436337603433,-0.9936435453136592,-0.9936446164178188,-0.993647737720195,0.9936471782705864,0.9936480266570477,0.9936435675350559,0.9936435675350603,-0.7758652036263012,1.0000000005180976,0.20393308730382073,0.9936481684806721,-0.9936492700810732,-0.9936472906158116,0.9080553564043219,-0.8551556349118012,-0.9494204678424591,0.9936456121299824,0.33644308771917064,0.9746773301272482,-0.23131976620114852,-0.09552637590541813,-0.9703072238041226,0.955149589961101,0.1234158157357049,-0.014028802984990561,0.9655948448694885,0.9936464802142435,-0.9605417068147407,-0.9936463061531934,-0.993645912515639,-0.9936434718913733,-0.993643471891376,-0.9936434718913785,-0.9936434718913781,0.9936434550626202,0.9936434550626205,0.9936434550626206,0.9936434550626213,-0.9936434545949756,-0.9936434545949774
0.09244105531633799,-0.0924368450781899,-0.09243684507819055,-0.0924406808885676,-0.09245007142472032,-0.09246979977706982,0.09246785744673283,0.09247079617480605,0.09243306130090226,0.09243306130090277,-0.7758666253256191,0.20393308730382073,1.0000000017004387,0.09247274264869393,-0.09247556128509092,-0.09246923385437991,-0.22486927714919513,0.3330861346998899,0.113796312857265,0.09245905004913325,-0.8533044753670014,-0.020154506334140804,0.9052614050001693,-0.9939912882483137,0.038922933503197685,-0.09512136463324122,-0.9463345015055185,0.9760300494348348,-0.057678026078792716,0.09246637514929176,0.07641306315879343,-0.09246374051901056,-0.09246294276250874,-0.09243143203825745,-0.0924314320382573,-0.09243143203825803,-0.09243143203825757,0.09243042693431651,0.09243042693431609,0.09243042693431672,0.0924304269343164,-0.09243008755744886,-0.09243008755744832
0.9999981941181914,-0.9999983744412824,-0.9999983744412848,-0.9999978435775088,-0.9999978536350681,-0.9999987606578111,0.9999984149239244,0.9999989399897855,0.9999987419988121,0.9999987419988179,-0.6999416492652935,0.9936481684806721,0.09247274264869393,0.9999999991890398,-0.9999996578442834,-0.9999983277920755,0.9494202678992135,-0.9080555976567788,-0.9787249675622207,0.9999978343503283,0.4402754736522045,0.9936497761719421,-0.3393279342865487,0.017095537381077473,-0.9913623277814493,0.9824054002490326,0.23430121210063448,-0.12645829216410565,0.9887252251044291,0.999997875325741,-0.9857392349608508,-0.999998001103952,-0.999997692439043,-0.9999988319889057,-0.9999988319889086,-0.9999988319889114,-0.9999988319889095,0.9999989303994659,0.9999989303994685,0.9999989303994683,0.9999989303994672,-0.9999989689319152,-0.9999989689319172
-0.9999990345888576,0.9999992149059828,0.999999214905986,0.9999986840564699,0.9999986941155994,0.999999601165253,-0.999999255415422,-0.9999997805082264,-0.9999995824572484,-0.9999995824572542,0.6999442034751597,-0.9936492700810732,-0.09247556128509092,-0.9999996578442834,1.0000000003853986,0.9999992114841431,-0.9494202013924943,0.9080552077886216,0.9787252252610004,-0.9999986748376759,-0.4402733720761366,-0.9936502582696078,0.33932563004417426,-0.01709279942998418,0.9913627998668963,-0.9824057117262399,-0.2342987328990751,0.12645566781249826,-0.9887256437943063,-0.9999987158107932,0.9857396001081232,0.9999988415957421,0.9999985329281607,0.9999996724464663,0.9999996724464694,0.9999996724464718,0.99999967244647,-0.9999997708565147,-0.9999997708565165,-0.9999997708565164,-0.9999997708565167,0.9999998093887495,0.9999998093887505
-0.9999977045212909,0.999997884852741,0.9999978848527432,0.9999973539717187,0.9999973640220495,0.9999982710031449,-0.9999978820704687,-0.9999984503227608,-0.9999982524189227,-0.9999982524189268,0.6999388223245737,-0.9936472906158116,-0.09246923385437991,-0.9999983277920755,0.9999992114841431,0.999999998492076,-0.9494208953801152,0.9080566100728016,0.9787252021398573,-0.9999973447243945,-0.440278381284747,-0.9936496811289067,0.33933104023343136,-0.01709900693577925,0.9913622986871462,-0.9824055689747845,-0.23430447901580456,0.12646168076840866,-0.9887252619706284,-0.9999973424795252,0.98573933777504,0.9999975114699198,0.999997202808205,0.9999983424105295,0.9999983424105323,0.9999983424105344,0.9999983424105323,-0.9999984408220586,-0.9999984408220615,-0.9999984408220604,-0.9999984408220614,0.9999984793548926,0.9999984793548946
0.9494296088207695,-0.9494311130391173,-0.9494311130391199,-0.9494293838843088,-0.9494264322725947,-0.9494210982664045,0.9494213724538775,0.9494209595473674,0.9494326659896457,0.9494326659896497,-0.4402735004538736,0.9080553564043219,-0.22486927714919513,0.9494202678992135,-0.9494202013924943,-0.9494208953801152,1.0000000015151775,-0.9936506539999792,-0.9936511227567175,0.9494235818596783,0.6999452153426267,0.9787253812171844,-0.6175447696501422,0.33019535395400307,-0.9824057485209353,0.9913634299345544,0.5277201811697125,-0.4315516743100469,0.9857397446432523,0.9494213118678548,-0.9887260004745715,-0.9494222658357595,-0.9494222153621859,-0.9494332678660717,-0.9494332678660742,-0.9494332678660757,-0.9494332678660753,0.9494336811442587,0.9494336811442605,0.9494336811442599,0.9494336811442611,-0.9494338258791757,-0.949433825879178
-0.9080682961007491,0.9080702379231075,0.9080702379231109,0.9080681216721214,0.9080641809900584,0.9080567410481954,-0.9080572306836951,-0.9080564917429684,-0.9080721776537365,-0.9080721776537396,0.3364432381551397,-0.8551556349118012,0.3330861346998899,-0.9080555976567788,0.9080552077886216,0.9080566100728016,-0.9936506539999792,1.0000000013566246,0.974677802843939,-0.9080603858041654,-0.7758661341852018,-0.9494202540733913,0.7021291461526663,-0.4343138618692406,0.955149131784023,-0.970307341556058,-0.6199510142295053,0.5303200714748839,-0.9605412931821051,-0.9080573432364183,0.9655946372482982,0.9080585706344166,0.9080586139196869,0.9080729482328679,0.9080729482328703,0.9080729482328735,0.9080729482328739,-0.9080734642285375,-0.90807346422854,-0.9080734642285399,-0.9080734642285403,0.9080736434786767,0.9080736434786794
-0.9787308323174528,0.9787318798246984,0.9787318798247016,0.9787305597299182,0.9787286346802931,0.9787254743604882,-0.9787255296176077,-0.9787254479891568,-0.9787330262691575,-0.9787330262691627,0.5385110024180282,-0.9494204678424591,0.113796312857265,-0.9787249675622207,0.9787252252610004,0.9787252021398573,-0.9936511227567175,0.974677802843939,1.0000000019760293,-0.9787267652461074,-0.6151334865648683,-0.9955982798968477,0.5251163268671971,-0.22188284047311463,0.9971834356498359,-0.9998267768776342,-0.4287862838811918,0.32730179496866013,-0.9984169218879436,-0.9787252966623395,0.9992981620162054,0.9787259650835658,0.9787258214923357,0.9787334517973971,0.9787334517973998,0.978733451797404,0.9787334517974015,-0.9787337571084117,-0.9787337571084126,-0.9787337571084129,-0.9787337571084135,0.9787338654896195,0.9787338654896203
0.9999971680586011,-0.9999973484249516,-0.999997348424954,-0.9999968175086756,-0.9999967842710237,-0.9999977343091745,0.9999973886189644,0.9999979136146807,0.9999977160231449,0.9999977160231496,-0.6999311777774906,0.9936456121299824,0.09245905004913325,0.9999978343503283,-0.9999986748376759,-0.9999973447243945,0.9494235818596783,-0.9080603858041654,-0.9787267652461074,0.9999999977281793,0.44028728332429456,0.9936502931580757,-0.3393404321052818,0.017109174075775224,-0.9913631016280379,0.9824069426977173,0.23431424779799634,-0.1264717090110755,0.988726255543435,0.9999968490457638,-0.9857405216311884,-0.9999969316134226,-0.9999966229608787,-0.9999978060281504,-0.9999978060281525,-0.9999978060281555,-0.9999978060281541,0.9999979044479758,0.9999979044479775,0.9999979044479769,0.9999979044479782,-0.9999979429836291,-0.9999979429836305
0.4403036981172688,-0.44030758904415057,-0.44030758904415135,-0.440303852192787,-0.4402953897219038,-0.4402780750579267,0.4402796454504114,0.44027727049735776,0.4403111934656404,0.44031119346564246,0.33308743658292095,0.33644308771917064,-0.8533044753670014,0.4402754736522045,-0.4402733720761366,-0.440278381284747,0.6999452153426267,-0.7758661341852018,-0.6151334865648683,0.44028728332429456,1.0000000019238389,0.5385097078504248,-0.9939912630081537,0.9052608458770707,-0.5542358527361942,0.6002210859971566,0.9760295951094362,-0.9463337105209814,0.5697668730719758,0.44028069950740556,-0.5850971099948266,-0.4402831411096182,-0.4402836988308125,-0.44031270974700354,-0.4403127097470045,-0.4403127097470057,-0.44031270974700537,0.44031366761460106,0.4403136676146024,0.4403136676146016,0.4403136676146023,-0.4403139938193238,-0.4403139938193251
0.9936526879545365,-0.9936533448062411,-0.9936533448062433,-0.9936523783069364,-0.9936513271836674,-0.9936500084695726,0.9936498807955029,0.9936500759523018,0.9936541414642073,0.9936541414642118,-0.6151343042090632,0.9746773301272482,-0.020154506334140804,0.9936497761719421,-0.9936502582696078,-0.9936496811289067,0.9787253812171844,-0.9494202540733913,-0.9955982798968477,0.9936502931580757,0.5385097078504248,1.000000001588778,-0.4430196417431397,0.12949282961825379,-0.9998263086382523,0.9971834639696124,0.34220372868258764,-0.2372743353398674,0.999297876417035,0.9936495064917834,-0.9984168163611944,-0.9936499305335527,-0.9936497107546899,-0.9936544159454325,-0.9936544159454352,-0.9936544159454375,-0.993654415945437,0.9936546283455858,0.9936546283455876,0.993654628345588,0.9936546283455876,-0.9936547053886517,-0.9936547053886521
-0.3393575855904834,0.3393616400262173,0.33936164002621827,0.3393577897547473,0.33934892261686295,0.3393306718901183,-0.33933235930938743,-0.33932980710441957,-0.33936537146680074,-0.3393653714668021,-0.43431649604456296,-0.23131976620114852,0.9052614050001693,-0.3393279342865487,0.33932563004417426,0.33933104023343136,-0.6175447696501422,0.7021291461526663,0.5251163268671971,-0.3393404321052818,-0.9939912630081537,-0.4430196417431397,1.0000000018676034,-0.9463342325461735,0.45977445085599494,-0.5090441998061956,-0.9939912632499424,0.976029793649367,-0.4763674689492335,-0.33933352941563966,0.4927926738708328,0.3393360720805789,0.3393366940288155,0.3393669490624785,0.3393669490624799,0.3393669490624804,0.3393669490624801,-0.33936794059570635,-0.3393679405957076,-0.3393679405957072,-0.33936794059570746,0.33936827765344263,0.33936827765344313
0.01712728317820191,-0.017131530747066758,-0.017131530747066318,-0.017127620620897482,-0.017118192148737624,-0.017098481511987725,0.017100393898638537,0.017097500692712753,0.017135370669352584,0.017135370669352487,0.7021310840893055,-0.09552637590541813,-0.9939912882483137,0.017095537381077473,-0.01709279942998418,-0.01709900693577925,0.33019535395400307,-0.4343138618692406,-0.22188284047311463,0.017109174075775224,0.9052608458770707,0.12949282961825379,-0.9463342325461735,1.0000000018682342,-0.14808775771738011,0.20353494236118147,0.9760300726354346,-0.9939913806347276,0.16663085033761588,0.017101823025649217,-0.1851154429544343,-0.01710448244122609,-0.017105249574572746,-0.017137016600608512,-0.01713701660060887,-0.01713701660060854,-0.017137016600608842,0.017138036704111227,0.017138036704111823,0.017138036704111244,0.017138036704111577,-0.017138381728828214,-0.017138381728828846
-0.9913658330320162,0.9913665685875814,0.9913665685875847,0.9913655305957828,0.9913643036968823,0.9913626152284706,-0.9913625240944257,-0.9913626639684172,-0.9913674358618275,-0.991367435861832,0.6002228600313145,-0.9703072238041226,0.038922933503197685,-0.9913623277814493,0.9913627998668963,0.9913622986871462,-0.9824057485209353,0.955149131784023,0.9971834356498359,-0.9913631016280379,-0.5542358527361942,-0.9998263086382523,0.45977445085599494,-0.14808775771738011,1.0000000021578312,-0.9984169905299138,-0.3597857617839072,0.255472207522967,-0.999827018344255,-0.9913621778359598,0.9992983256057243,0.991362651120367,0.9913624464455577,0.9913677407904458,0.9913677407904489,0.9913677407904513,0.9913677407904502,-0.9913679719497861,-0.9913679719497884,-0.9913679719497884,-0.9913679719497895,0.9913680553239423,0.9913680553239451
0.982410677704598,-0.982411647709053,-0.9824116477090554,-0.9824103975086322,-0.9824086461306047,-0.9824058524350076,0.9824058710868397,0.9824058448481213,0.9824127249048913,0.9824127249048952,-0.5542380112866078,0.955149589961101,-0.09512136463324122,0.9824054002490326,-0.9824057117262399,-0.9824055689747845,0.9913634299345544,-0.970307341556058,-0.9998267768776342,0.9824069426977173,0.6002210859971566,0.9971834639696124,-0.5090441998061956,0.20353494236118147,-0.9984169905299138,1.000000002466848,0.41174766349943703,-0.30950153391196006,0.999298448435348,0.9824056096577249,-0.9998273004558161,-0.9824062296046967,-0.9824060706533122,-0.9824131204828782,-0.9824131204828821,-0.9824131204828843,-0.9824131204828831,0.9824134074017087,0.9824134074017087,0.9824134074017101,0.9824134074017103,-0.9824135095831248,-0.9824135095831271
0.23433193373639455,-0.2343361029337859,-0.2343361029337861,-0.2343321855335727,-0.23432302034061442,-0.23430405298068463,0.23430583714063652,0.23430313836586114,0.2343399165298634,0.2343399165298646,0.5303235358604514,0.1234158157357049,-0.9463345015055185,0.23430121210063448,-0.2342987328990751,-0.23430447901580456,0.5277201811697125,-0.6199510142295053,-0.4287862838811918,0.23431424779799634,0.9760295951094362,0.34220372868258764,-0.9939912632499424,0.9760300726354346,-0.3597857617839072,0.41174766349943703,1.000000001854189,-0.9939913164228328,0.3772412824054293,0.2343071092284904,-0.3945639775098488,-0.23430972238428568,-0.23431040108211112,-0.23434153647186362,-0.23434153647186437,-0.23434153647186476,-0.23434153647186481,0.2343425497491766,0.23434254974917754,0.2343425497491772,0.2343425497491776,-0.2343428936073659,-0.23434289360736663
-0.12648971476769785,0.12649394860122884,0.12649394860122862,0.1264900111693714,0.12648065811370537,0.12646120216176074,-0.12646306161265375,-0.12646024871330197,-0.1264977985029449,-0.12649779850294535,-0.619954151070296,-0.014028802984990561,0.9760300494348348,-0.12645829216410565,0.12645566781249826,0.12646168076840866,-0.4315516743100469,0.5303200714748839,0.32730179496866013,-0.1264717090110755,-0.9463337105209814,-0.2372743353398674,0.976029793649367,-0.9939913806347276,0.255472207522967,-0.30950153391196006,-0.9939913164228328,1.000000001831973,-0.2735803665299817,-0.12646442038797578,0.2915922843385258,0.12646707261664153,0.1264677999041335,0.12649944131483845,0.126499441314839,0.12649944131483898,0.1264994413148392,-0.1265004641537454,-0.12650046415374613,-0.12650046415374558,-0.126500464153746,0.1265008106782361,0.12650081067823693
0.9887293225985192,-0.9887301365995323,-0.9887301365995348,-0.9887290274762897,-0.988727625234603,-0.9887255675961818,0.9887255130386061,0.9887255975723559,0.9887310741856691,0.9887310741856745,-0.5850994344810624,0.9655948448694885,-0.057678026078792716,0.9887252251044291,-0.9887256437943063,-0.9887252619706284,0.9857397446432523,-0.9605412931821051,-0.9984169218879436,0.988726255543435,0.5697668730719758,0.999297876417035,-0.4763674689492335,0.16663085033761588,-0.999827018344255,0.999298448435348,0.3772412824054293,-0.2735803665299817,1.0000000026093367,0.988725194947701,-0.999827404825616,-0.9887257173089543,-0.9887255278103763,-0.9887314094534219,-0.9887314094534241,-0.9887314094534275,-0.9887314094534267,0.9887316592900557,0.9887316592900571,0.9887316592900568,0.9887316592900585,-0.9887317489658073,-0.9887317489658087
0.9999972088816332,-0.9999973892237015,-0.9999973892237046,-0.9999968583310149,-0.999996868362253,-0.9999977752997851,0.9999974295922884,0.999997954614624,0.9999977567996685,0.9999977567996735,-0.699936457801442,0.9936464802142435,0.09246637514929176,0.999997875325741,-0.9999987158107932,-0.9999973424795252,0.9494213118678548,-0.9080573432364183,-0.9787252966623395,0.9999968490457638,0.44028069950740556,0.9936495064917834,-0.33933352941563966,0.017101823025649217,-0.9913621778359598,0.9824056096577249,0.2343071092284904,-0.12646442038797578,0.988725194947701,0.9999999977864615,-0.9857393246032248,-0.9999970157817878,-0.9999966639061394,-0.9999978467954127,-0.9999978467954149,-0.9999978467954187,-0.9999978467954171,0.9999979452094674,0.999997945209469,0.999997945209469,0.9999979452094697,-0.9999979837431563,-0.9999979837431576
-0.9857439232602312,0.985744815420132,0.9857448154201356,0.9857436355520962,0.9857420584635231,0.9857396323719995,-0.9857396144142898,-0.9857396435701263,-0.9857458229884071,-0.985745822988413,0.5697693341468865,-0.9605417068147407,0.07641306315879343,-0.9857392349608508,0.9857396001081232,0.98573933777504,-0.9887260004745715,0.9655946372482982,0.9992981620162054,-0.9857405216311884,-0.5850971099948266,-0.9984168163611944,0.4927926738708328,-0.1851154429544343,0.9992983256057243,-0.9998273004558161,-0.3945639775098488,0.2915922843385258,-0.999827404825616,-0.9857393246032248,1.000000002715775,0.9857398958578231,0.985739721602195,0.985746188476129,0.9857461884761315,0.9857461884761335,0.9857461884761335,-0.9857464569014093,-0.9857464569014104,-0.9857464569014114,-0.9857464569014119,0.9857465528469739,0.9857465528469752
-0.9999973346976311,0.9999975150477359,0.9999975150477396,0.9999969841462272,0.999996994161893,0.9999979010624992,-0.999997512145872,-0.999998080373103,-0.9999978826312069,-0.9999978826312106,0.6999346477672582,-0.9936463061531934,-0.09246374051901056,-0.999998001103952,0.9999988415957421,0.9999975114699198,-0.9494222658357595,0.9080585706344166,0.9787259650835658,-0.9999969316134226,-0.4402831411096182,-0.9936499305335527,0.3393360720805789,-0.01710448244122609,0.991362651120367,-0.9824062296046967,-0.23430972238428568,0.12646707261664153,-0.9887257173089543,-0.9999970157817878,0.9857398958578231,0.9999999979655032,0.9999968329011552,0.9999979726299404,0.9999979726299422,0.9999979726299458,0.9999979726299442,-0.9999980710458601,-0.9999980710458617,-0.9999980710458627,-0.9999980710458629,0.9999981095801914,0.9999981095801928
-0.9999970260611791,0.9999972064151064,0.9999972064151095,0.9999966755104138,0.999996685517399,0.9999975924008812,-0.9999972467021513,-0.9999977717109438,-0.9999975740019811,-0.9999975740019862,0.6999338799822008,-0.993645912515639,-0.09246294276250874,-0.999997692439043,0.9999985329281607,0.999997202808205,-0.9494222153621859,0.9080586139196869,0.9787258214923357,-0.9999966229608787,-0.4402836988308125,-0.9936497107546899,0.3393366940288155,-0.017105249574572746,0.9913624464455577,-0.9824060706533122,-0.23431040108211112,0.1264677999041335,-0.9887255278103763,-0.9999966639061394,0.985739721602195,0.9999968329011552,0.9999999975261306,0.999997664002285,0.9999976640022864,0.99999766400229,0.9999976640022888,-0.9999977624191677,-0.9999977624191692,-0.9999977624191685,-0.9999977624191698,0.9999978009538198,0.9999978009538208
-0.9999981663915185,0.9999983468593334,0.9999983468593369,0.9999978158745803,0.9999978256080835,0.9999987319804862,-0.9999983863250931,-0.9999989112775938,-0.9999986713310601,-0.9999987145476384,0.6999120003462715,-0.9936434718913733,-0.09243143203825745,-0.9999988319889057,0.9999996724464663,0.9999983424105295,-0.9494332678660717,0.9080729482328679,0.9787334517973971,-0.9999978060281504,-0.44031270974700354,-0.9936544159454325,0.3393669490624785,-0.017137016600608512,0.9913677407904458,-0.9824131204828782,-0.23434153647186362,0.12649944131483845,-0.9887314094534219,-0.9999978467954127,0.985746188476129,0.9999979726299404,0.999997664002285,0.9999999991491728,0.9999988045986538,0.9999988045986569,0.999998804598655,-0.9999988598305318,-0.9999989030471137,-0.9999989030471126,-0.9999989030471144,0.9999989415923491,0.9999989415923514
-0.9999981663915216,0.9999983468593363,0.9999983468593394,0.999997815874583,0.9999978256080863,0.9999987319804883,-0.999998386325094,-0.9999989112775955,-0.9999986713310578,-0.9999987145476408,0.6999120003462729,-0.993643471891376,-0.0924314320382573,-0.9999988319889086,0.9999996724464694,0.9999983424105323,-0.9494332678660742,0.9080729482328703,0.9787334517973998,-0.9999978060281525,-0.4403127097470045,-0.9936544159454352,0.3393669490624799,-0.01713701660060887,0.9913677407904489,-0.9824131204828821,-0.23434153647186437,0.126499441314839,-0.9887314094534241,-0.9999978467954149,0.9857461884761315,0.9999979726299422,0.9999976640022864,0.9999988045986538,0.9999999991491728,0.9999988045986594,0.9999988045986585,-0.9999989030471137,-0.9999989030471164,-0.9999988598305374,-0.9999989030471164,0.9999989415923526,0.9999989415923539
-0.9999981663915243,0.9999983468593394,0.9999983468593424,0.9999978158745858,0.9999978256080891,0.9999987319804914,-0.9999983863250972,-0.9999989112775993,-0.999998714547638,-0.9999986713310633,0.6999120003462745,-0.9936434718913785,-0.09243143203825803,-0.9999988319889114,0.9999996724464718,0.9999983424105344,-0.9494332678660757,0.9080729482328735,0.978733451797404,-0.9999978060281555,-0.4403127097470057,-0.9936544159454375,0.3393669490624804,-0.01713701660060854,0.9913677407904513,-0.9824131204828843,-0.23434153647186476,0.12649944131483898,-0.9887314094534275,-0.9999978467954187,0.9857461884761335,0.9999979726299458,0.99999766400229,0.9999988045986569,0.9999988045986594,0.9999999991491728,0.9999988045986615,-0.9999989030471168,-0.9999988598305396,-0.9999989030471188,-0.9999989030471202,0.9999989415923561,0.9999989415923564
-0.9999981663915243,0.999998346859338,0.9999983468593404,0.9999978158745846,0.9999978256080874,0.9999987319804898,-0.9999983863250961,-0.999998911277599,-0.9999987145476372,-0.999998671331067,0.699912000346274,-0.9936434718913781,-0.09243143203825757,-0.9999988319889095,0.99999967244647,0.9999983424105323,-0.9494332678660753,0.9080729482328739,0.9787334517974015,-0.9999978060281541,-0.44031270974700537,-0.993654415945437,0.3393669490624801,-0.017137016600608842,0.9913677407904502,-0.9824131204828831,-0.23434153647186481,0.1264994413148392,-0.9887314094534267,-0.9999978467954171,0.9857461884761335,0.9999979726299442,0.9999976640022888,0.999998804598655,0.9999988045986585,0.9999988045986615,0.9999999991491728,-0.9999989030471161,-0.9999989030471175,-0.9999989030471178,-0.9999988598305432,0.9999989415923539,0.9999989415923561
0.9999982648289534,-0.9999984453012578,-0.9999984453012609,-0.9999979143148325,-0.9999979240367165,-0.9999988303932827,0.9999984847376011,0.999999009691605,0.9999988129935681,0.9999988129935728,-0.6999113417719253,0.9936434550626202,0.09243042693431651,0.9999989303994659,-0.9999997708565147,-0.9999984408220586,0.9494336811442587,-0.9080734642285375,-0.9787337571084117,0.9999979044479758,0.44031366761460106,0.9936546283455858,-0.33936794059570635,0.017138036704111227,-0.9913679719497861,0.9824134074017087,0.2343425497491766,-0.1265004641537454,0.9887316592900557,0.9999979452094674,-0.9857464569014093,-0.9999980710458601,-0.9999977624191677,-0.9999988598305318,-0.9999989030471137,-0.9999989030471168,-0.9999989030471161,0.9999999992893155,0.9999990014971765,0.9999990014971754,0.9999990014971759,-0.9999989968263693,-0.9999990400429487
0.9999982648289548,-0.9999984453012585,-0.9999984453012628,-0.9999979143148348,-0.9999979240367185,-0.9999988303932845,0.9999984847376033,0.9999990096916059,0.9999988129935695,0.9999988129935738,-0.6999113417719266,0.9936434550626205,0.09243042693431609,0.9999989303994685,-0.9999997708565165,-0.9999984408220615,0.9494336811442605,-0.90807346422854,-0.9787337571084126,0.9999979044479775,0.4403136676146024,0.9936546283455876,-0.3393679405957076,0.017138036704111823,-0.9913679719497884,0.9824134074017087,0.23434254974917754,-0.12650046415374613,0.9887316592900571,0.999997945209469,-0.9857464569014104,-0.9999980710458617,-0.9999977624191692,-0.9999989030471137,-0.9999989030471164,-0.9999988598305396,-0.9999989030471175,0.9999990014971765,0.9999999992893155,0.9999990014971777,0.9999990014971777,-0.9999990400429484,-0.9999989968263778
0.9999982648289555,-0.9999984453012594,-0.9999984453012628,-0.9999979143148348,-0.9999979240367178,-0.9999988303932831,0.999998484737604,0.999999009691606,0.9999988129935689,0.9999988129935744,-0.6999113417719272,0.9936434550626206,0.09243042693431672,0.9999989303994683,-0.9999997708565164,-0.9999984408220604,0.9494336811442599,-0.9080734642285399,-0.9787337571084129,0.9999979044479769,0.4403136676146016,0.993654628345588,-0.3393679405957072,0.017138036704111244,-0.9913679719497884,0.9824134074017101,0.2343425497491772,-0.12650046415374558,0.9887316592900568,0.999997945209469,-0.9857464569014114,-0.9999980710458627,-0.9999977624191685,-0.9999989030471126,-0.9999988598305374,-0.9999989030471188,-0.9999989030471178,0.9999990014971754,0.9999990014971777,0.9999999992893155,0.9999990014971785,-0.9999989968263772,-0.9999990400429495
0.9999982648289555,-0.9999984453012607,-0.9999984453012635,-0.9999979143148344,-0.9999979240367186,-0.9999988303932849,0.9999984847376041,0.999999009691606,0.9999988129935704,0.999998812993575,-0.6999113417719265,0.9936434550626213,0.0924304269343164,0.9999989303994672,-0.9999997708565167,-0.9999984408220614,0.9494336811442611,-0.9080734642285403,-0.9787337571084135,0.9999979044479782,0.4403136676146023,0.9936546283455876,-0.33936794059570746,0.017138036704111577,-0.9913679719497895,0.9824134074017103,0.2343425497491776,-0.126500464153746,0.9887316592900585,0.9999979452094697,-0.9857464569014119,-0.9999980710458629,-0.9999977624191698,-0.9999989030471144,-0.9999989030471164,-0.9999989030471202,-0.9999988598305432,0.9999990014971759,0.9999990014971777,0.9999990014971785,0.9999999992893155,-0.9999990400429493,-0.9999989968263718
-0.9999983033705254,0.9999984838443179,0.9999984838443203,0.9999979528573351,0.999997962575325,0.9999988689265626,-0.9999985232707869,-0.9999990482252862,-0.9999988515379713,-0.9999988515379752,0.6999111227625604,-0.9936434545949756,-0.09243008755744886,-0.9999989689319152,0.9999998093887495,0.9999984793548926,-0.9494338258791757,0.9080736434786767,0.9787338654896195,-0.9999979429836291,-0.4403139938193238,-0.9936547053886517,0.33936827765344263,-0.017138381728828214,0.9913680553239423,-0.9824135095831248,-0.2343428936073659,0.1265008106782361,-0.9887317489658073,-0.9999979837431563,0.9857465528469739,0.9999981095801914,0.9999978009538198,0.9999989415923491,0.9999989415923526,0.9999989415923561,0.9999989415923539,-0.9999989968263693,-0.9999990400429484,-0.9999989968263772,-0.9999990400429493,0.9999999993441855,0.9999990785888997
-0.9999983033705258,0.9999984838443187,0.9999984838443213,0.9999979528573356,0.999997962575327,0.9999988689265638,-0.9999985232707886,-0.9999990482252874,-0.9999988515379713,-0.9999988515379774,0.6999111227625616,-0.9936434545949774,-0.09243008755744832,-0.9999989689319172,0.9999998093887505,0.9999984793548946,-0.949433825879178,0.9080736434786794,0.9787338654896203,-0.9999979429836305,-0.4403139938193251,-0.9936547053886521,0.33936827765344313,-0.017138381728828846,0.9913680553239451,-0.9824135095831271,-0.23434289360736663,0.12650081067823693,-0.9887317489658087,-0.9999979837431576,0.9857465528469752,0.9999981095801928,0.9999978009538208,0.9999989415923514,0.9999989415923539,0.9999989415923564,0.9999989415923561,-0.9999990400429487,-0.9999989968263778,-0.9999990400429495,-0.9999989968263718,0.9999990785888997,0.9999999993441855
