0.999999998685409,-0.7960493065181429,-0.796040144289191,0.267405107774605,0.7960466908475909,0.2673414368205934,-0.7961276537978869,0.26745306300273025,0.99999813326863,-0.17962788781812838,0.2672813482505242,-0.79595472468625,-0.17954490773788104,-0.17947374148933998,0.1794810204458123,0.17947012046294494,-0.17949550336017098,-0.17947740604455606,-0.179473741489343,0.17948102044581168,0.17947012046294641,-0.17949550336017173,0.1794738722696835,0.18001980566336817,-0.17998842967944564,-0.18004133190518037,0.17999775743803428,0.17993892646132992,0.18005234560979547,0.17974603588133248,-0.17965507559303684,-0.17983375133925641,0.09035503683989993,0.1798751161891563,0.17987511618915727,-0.17955074204707905,0.09034352873736937,0.17951301991446236,-0.1799104489448409,-0.17991044894484
-0.7960493065181429,0.9999999973657641,0.2673801210529939,-0.7960539972891699,-0.26739002663249345,0.3703806761738948,0.2675174856726556,0.3702736783414139,-0.7961485271817719,-0.4523902884219812,-0.7959764513851734,0.9999952510708991,0.7383180365223121,-0.4525302694455175,0.45252349165261546,0.4525337182018454,-0.45251039117218694,-0.4525267688661354,-0.452530269445518,0.4525234916526135,0.45253371820184607,-0.45251039117218755,0.4525302002519462,-0.7386477790857555,0.7386245006194856,0.7386638392743176,-0.7386313023041342,-0.7385885455607237,-0.7386722003025975,-0.7384548676314072,0.7383931579903877,0.7385147603875325,-0.6746780040581823,-0.7385433817245126,-0.7385433817245155,-0.45245988828439626,0.5308340792770188,0.4524943434658908,0.7385682052171114,0.7385682052171101
-0.796040144289191,0.2673801210529939,0.9999999996496317,0.37033471155460973,-0.9999989861889687,-0.7960269219340456,1.0000008269530243,-0.7960980437176421,-0.7959416897637452,0.7383890867605842,0.37045380207277245,0.26722994791921895,-0.45248027272612873,0.7382836528841981,-0.7382884638443041,-0.7382813366429121,0.7382984214748901,0.7382859866039421,0.7382836528842025,-0.7382884638443007,-0.7382813366429156,0.7382984214748919,-0.7382837919059405,0.4520539323649402,-0.4520806074300951,-0.4520357207445021,0.4520725584387386,0.4521234661913989,0.4520265469188778,0.4522968885229933,-0.45237999639713616,-0.4522171298548816,0.5308390052145291,0.4521798943915485,0.45217989439154954,0.7383358635653865,-0.6746840364100798,-0.7383102617041585,-0.45214846476432713,-0.45214846476432646
0.267405107774605,-0.7960539972891699,0.37033471155460973,0.9999999974999052,-0.37032508659034574,-0.8570208039418558,0.3702031209868994,-0.856962478249898,0.2675624596598353,0.8998762586553677,0.9999961483439468,-0.7961477080410749,-0.9959335287064537,0.8999449780437783,-0.8999414659849978,-0.8999468478277252,0.8999350914431854,0.8999430692806302,0.8999449780437813,-0.899941465984994,-0.8999468478277255,0.8999350914431874,-0.8999449986594278,0.9959836198584789,-0.9959779338033855,-0.9959876633124599,0.9959794351237823,0.9959701923527041,0.9959899613389588,0.9959502518877045,-0.9959425623461742,-0.9959578927842774,0.9838009875293149,0.9959620964826184,0.9959620964826215,0.8999099237908353,-0.9354833776070695,-0.899927058224964,-0.9959662856516931,-0.9959662856516902
0.7960466908475909,-0.26739002663249345,-0.9999989861889687,-0.37032508659034574,0.9999999994773191,0.7960209840233426,-1.000000707381308,0.7960917059683978,0.7959478369013998,-0.738382042240544,-0.37044417758750403,-0.2672398539349697,0.4524710206959942,-0.7382766071806615,0.7382814181989865,0.7382742909093432,-0.7382913759400742,-0.7382789409309403,-0.7382766071806663,0.7382814181989844,0.7382742909093458,-0.7382913759400755,0.7382767462027292,-0.45204467807699594,0.4520713533118155,0.45202646633891685,-0.45206330427162,-0.45211421233021293,-0.4520172924511121,-0.4522876355754145,0.4523707438621435,0.45220787650414696,-0.5308302006021511,-0.4521706408455119,-0.45217064084551345,-0.7383288184593759,0.6746763423155094,0.7383032163057781,0.4521392110463151,0.4521392110463146
0.2673414368205934,0.3703806761738948,-0.7960269219340456,-0.8570208039418558,0.7960209840233426,1.0000000002245861,-0.7959423111118652,1.000001280143202,0.26718407064090527,-0.995951161150199,-0.857087044554274,0.3705247802860806,0.8999416655640518,-0.9959374517323402,0.9959378320454273,0.9959373851998875,-0.9959392021550539,-0.9959375025619479,-0.9959374517323435,0.9959378320454221,0.9959373851998897,-0.9959392021550564,0.9959375422835459,-0.8997378046575436,0.8997488968872775,0.8997303369721231,-0.8997454101916487,-0.8997676272719863,-0.8997267454341921,-0.8998508352125864,0.8998921875799691,0.8998115701625314,-0.9355034266838735,-0.8997936539698961,-0.8997936539699003,-0.9959431722690559,0.9838139287375249,0.9959405358024495,0.8997789489280591,0.899778948928058
-0.7961276537978869,0.2675174856726556,1.0000008269530243,0.3702031209868994,-1.000000707381308,-0.7959423111118652,1.0000000015425572,-0.7960126444359261,-0.796028416070087,0.7382941717619707,0.37032221846254526,0.2673673181078976,-0.4523540691312984,0.7381887212571575,-0.7381935330338845,-0.7381864045951707,0.7382034922172295,0.7381910554045513,0.7381887212571631,-0.738193533033881,-0.7381864045951736,0.738203492217231,-0.7381888602837277,0.45192769637493635,-0.45195437385831544,-0.45190948307863343,0.4519463241697989,0.45199723629130306,0.4519003083686211,0.4521706717342711,-0.4522537855438507,-0.45209090727068457,0.5307192041680783,0.45205366900403515,0.45205366900403643,0.7382409403301913,-0.6745799755590014,-0.7382153343624133,-0.45202223691240506,-0.45202223691240456
0.26745306300273025,0.3702736783414139,-0.7960980437176421,-0.856962478249898,0.7960917059683978,1.000001280143202,-0.7960126444359261,1.00000000160818,0.26729570171221056,-0.9959413306402746,-0.8570279301083628,0.3704177893613148,0.8998921422792642,-0.9959280039422613,0.9959283851158935,0.995927936977922,-0.9959297569188463,-0.9959280552094057,-0.9959280039422668,0.9959283851158895,0.9959279369779264,-0.9959297569188476,0.9959280945061542,-0.8996882307652145,0.899699326412806,0.8996807607303937,-0.8996958387068514,-0.8997180621516967,-0.8996771679832047,-0.8998012906357928,0.8998426526244208,0.89976201628832,-0.9354634949235094,-0.8997440956924155,-0.8997440956924184,-0.9959341342914322,0.9837941676359341,0.9959310926245867,0.8997293868707547,0.8997293868707532
0.99999813326863,-0.7961485271817719,-0.7959416897637452,0.2675624596598353,0.7959478369013998,0.26718407064090527,-0.796028416070087,0.26729570171221056,0.9999999986748634,-0.17946723561831465,0.2674387056867328,-0.7960531639159232,-0.1797055546004287,-0.17931308463038953,0.17932036385289551,0.17930946345056903,-0.17933484719145906,-0.17931674934369576,-0.17931308463039253,0.17932036385289477,0.1793094634505706,-0.17933484719145976,0.17931321540142597,0.18018043949440293,-0.1801490639679447,-0.1802019654466984,0.18015839155885677,0.18009956168028593,0.1802129790422907,0.17990667646193387,-0.17981571906092975,-0.17999438923946934,0.09051767136420681,0.18003575292738142,0.18003575292738216,-0.1793900876403866,0.09018089009409298,0.1793523643135699,-0.18007108479202735,-0.18007108479202658
-0.17962788781812838,-0.4523902884219812,0.7383890867605842,0.8998762586553677,-0.738382042240544,-0.995951161150199,0.7382941717619707,-0.9959413306402746,-0.17946723561831465,1.0000000007349588,0.8999319274294757,-0.45252854156664934,-0.9354961754186764,1.000001417974769,-1.000001127110749,-1.0000016878923228,1.000001174598061,1.0000011279650227,1.0000014179747734,-1.000001127110744,-1.0000016878923257,1.0000011745980615,-1.000001498216052,0.9353323628425809,-0.9353407594666965,-0.9353267475169604,0.935338070196196,0.9353552625733004,0.9353241085114955,0.9354222124414041,-0.9354559422631065,-0.9353903108075048,0.9634795847794104,0.9353758795990286,0.9353758795990335,1.0000004830663027,-0.9959399902542526,-1.0000009018243543,-0.9353641638427601,-0.935364163842758
0.2672813482505242,-0.7959764513851734,0.37045380207277245,0.9999961483439468,-0.37044417758750403,-0.857087044554274,0.37032221846254526,-0.8570279301083628,0.2674387056867328,0.8999319274294757,0.9999999970260619,-0.7960693765283922,-0.9959443460125013,0.900000628720903,-0.8999971175067528,-0.9000024980891302,0.899990744667756,0.8999987203778211,0.900000628720905,-0.8999971175067494,-0.9000024980891326,0.8999907446677577,-0.9000006493544727,0.9959947764669735,-0.9959890943893719,-0.9959988171971319,0.9959905945206604,0.9959813592575701,0.9960011138381145,0.9959614437749552,-0.9959541668608866,-0.9959690732606999,0.9838236570618466,0.9959732715990839,0.9959732715990872,0.8999655834812941,-0.9355284104259022,-0.899982713497902,-0.9959774562109115,-0.9959774562109104
-0.79595472468625,0.9999952510708991,0.26722994791921895,-0.7961477080410749,-0.2672398539349697,0.3705247802860806,0.2673673181078976,0.3704177893613148,-0.7960531639159232,-0.45252854156664934,-0.7960693765283922,0.9999999958877527,0.7384221760289356,-0.4526685114739986,0.45266173417102634,0.4526719600025559,-0.4526486347449922,-0.45266501112294477,-0.4526685114739985,0.452661734171024,0.452671960002557,-0.452648634744993,0.4526684422997056,-0.7387518636727133,0.738728588530724,0.7387679215988999,-0.7387353892031535,-0.7386926388742344,-0.738776281499123,-0.7385589833040909,0.7384972844772382,0.738618865709946,-0.6747921131453583,-0.7386474822428478,-0.7386474822428508,-0.4525981357710365,0.5309653518965712,0.4526325882728622,0.7386723017084664,0.7386723017084649
-0.17954490773788104,0.7383180365223121,-0.45248027272612873,-0.9959335287064537,0.4524710206959942,0.8999416655640518,-0.4523540691312984,0.8998921422792642,-0.1797055546004287,-0.9354961754186764,-0.9959443460125013,0.7384221760289356,0.9999999976173266,-0.9355519269729948,0.9355490216801521,0.9355534974791476,-0.93554386725577,-0.9355503207398991,-0.9355519269729973,0.9355490216801476,0.9355534974791503,-0.9355438672557718,0.9355519602422402,-1.0000034112782987,1.00000053851812,1.0000055275843849,-1.0000011995176397,-0.9999972614565452,-1.0000068444006325,-0.9999949305732622,0.9999959901027239,0.9999945337911372,-0.9959451854938933,-0.9999949596466915,-0.999994959646695,-0.9355233353152315,0.9635042637827143,0.9355373029560535,0.9999959344077831,0.9999959344077808
-0.17947374148933998,-0.4525302694455175,0.7382836528841981,0.8999449780437783,-0.7382766071806615,-0.9959374517323402,0.7381887212571575,-0.9959280039422613,-0.17931308463038953,1.000001417974769,0.900000628720903,-0.4526685114739986,-0.9355519269729948,1.0000000013020942,-1.0000011356482899,-1.0000016981806827,1.000001581603622,1.0000015378505172,1.0000018284516146,-1.0000015364207058,-1.0000020989531178,1.0000015816036243,-1.0000019086747451,0.93538818529799,-0.9353965771670979,-0.9353825732388981,0.9353938893046346,0.9354110728079251,0.9353799359115302,0.9354779938887942,-0.9355117101987868,-0.9354461053032489,0.9635219350545683,0.9354316802659827,0.9354316802659861,1.0000008812551722,-0.9959548872967939,-1.0000013060327684,-0.9354199697987728,-0.9354199697987708
0.1794810204458123,0.45252349165261546,-0.7382884638443041,-0.8999414659849978,0.7382814181989865,0.9959378320454273,-0.7381935330338845,0.9959283851158935,0.17932036385289551,-1.000001127110749,-0.8999971175067528,0.45266173417102634,0.9355490216801521,-1.0000011356482899,1.000000000886206,1.0000018068944518,-1.0000008889651792,-1.0000008450753035,-1.0000015364207142,1.0000012444452573,1.0000018068944545,-1.0000012897376005,1.0000016166446664,-0.9353852766807735,0.9353936687735078,0.9353796644680278,-0.9353909808448999,-0.9354081647651041,-0.9353770270616687,-0.9354750871956536,0.9355088041385153,0.9354431979987501,-0.9635196592145937,-0.9354287726721738,-0.9354287726721779,-1.0000005898081819,0.9959539267523907,1.0000010142996838,0.9354170619568354,0.9354170619568334
0.17947012046294494,0.4525337182018454,-0.7382813366429121,-0.8999468478277252,0.7382742909093432,0.9959373851998875,-0.7381864045951707,0.995927936977922,0.17930946345056903,-1.0000016878923228,-0.9000024980891302,0.4526719600025559,0.9355534974791476,-1.0000016981806827,1.0000018068944518,1.0000000016873685,-1.0000018520226261,-1.000001808337935,-1.0000020989531178,1.0000018068944476,1.00000236946853,-1.0000018520226281,1.0000021791758527,-0.9353897574473169,0.9353981492055798,0.9353841454644073,-0.9353954613758705,-0.9354126446726975,-0.9353815081762257,-0.9354795650864945,0.9355132810839771,0.9354476768029213,-0.9635231939778062,-0.9354332519086332,-0.9354332519086368,-1.0000011514644178,0.9959554919067669,1.000001576385227,0.9354215415641337,0.9354215415641319
-0.17949550336017098,-0.45251039117218694,0.7382984214748901,0.8999350914431854,-0.7382913759400742,-0.9959392021550539,0.7382034922172295,-0.9959297569188463,-0.17933484719145906,1.000001174598061,0.899990744667756,-0.4526486347449922,-0.93554386725577,1.000001581603622,-1.0000008889651792,-1.0000018520226261,1.0000000009508683,1.0000012910860683,1.0000015816036276,-1.000001289737595,-1.00000185202263,1.0000013352461468,-1.000001661829273,0.93538011558915,-0.9353885081287986,-0.9353745030694067,0.9353858200678424,0.935403004822208,0.9353718655053619,0.9354699299598631,-0.9355036481735297,-0.9354380395357764,0.9635157649510735,0.935423613628864,0.9354236136288677,1.000000636143956,-0.9959526495294084,-1.0000006592982327,-0.9354119024162012,-0.9354119024161995
-0.17947740604455606,-0.4525267688661354,0.7382859866039421,0.8999430692806302,-0.7382789409309403,-0.9959375025619479,0.7381910554045513,-0.9959280552094057,-0.17931674934369576,1.0000011279650227,0.8999987203778211,-0.45266501112294477,-0.9355503207398991,1.0000015378505172,-1.0000008450753035,-1.000001808337935,1.0000012910860683,1.000000000888213,1.0000015378505205,-1.0000008450752986,-1.0000018083379376,1.0000012910860698,-1.0000012173016224,0.9353865774035071,-0.9353949693847383,-0.9353809652673606,0.9353922814891471,0.9354094652012479,0.9353783279003489,0.9354763869565836,-0.9355101035825052,-0.9354444980657453,0.9635206439417345,0.9354300728839176,0.9354300728839217,1.0000005909500396,-0.9959542583627602,-1.0000010155826036,-0.9354183622926313,-0.9354183622926298
-0.179473741489343,-0.452530269445518,0.7382836528842025,0.8999449780437813,-0.7382766071806663,-0.9959374517323435,0.7381887212571631,-0.9959280039422668,-0.17931308463039253,1.0000014179747734,0.900000628720905,-0.4526685114739985,-0.9355519269729973,1.0000018284516146,-1.0000015364207142,-1.0000020989531178,1.0000015816036276,1.0000015378505205,1.0000000013020942,-1.0000011356482887,-1.0000016981806952,1.000001581603629,-1.0000019086747496,0.9353881852979928,-0.9353965771671,-0.9353825732389016,0.9353938893046383,0.9354110728079282,0.935379935911533,0.9354779938887973,-0.93551171019879,-0.9354461053032515,0.963521935054573,0.9354316802659867,0.9354316802659891,1.0000008812551768,-0.9959548872967999,-1.000001306032774,-0.9354199697987764,-0.9354199697987751
0.17948102044581168,0.4525234916526135,-0.7382884638443007,-0.899941465984994,0.7382814181989844,0.9959378320454221,-0.738193533033881,0.9959283851158895,0.17932036385289477,-1.000001127110744,-0.8999971175067494,0.452661734171024,0.9355490216801476,-1.0000015364207058,1.0000012444452573,1.0000018068944476,-1.000001289737595,-1.0000008450752986,-1.0000011356482887,1.000000000886206,1.000001806894451,-1.0000008889651752,1.0000016166446613,-0.9353852766807687,0.9353936687735043,0.9353796644680226,-0.9353909808448947,-0.9354081647650999,-0.9353770270616644,-0.93547508719565,0.9355088041385118,0.9354431979987461,-0.963519659214589,-0.9354287726721696,-0.9354287726721734,-1.000000589808178,0.995953926752386,1.0000010142996796,0.9354170619568313,0.9354170619568293
0.17947012046294641,0.45253371820184607,-0.7382813366429156,-0.8999468478277255,0.7382742909093458,0.9959373851998897,-0.7381864045951736,0.9959279369779264,0.1793094634505706,-1.0000016878923257,-0.9000024980891326,0.452671960002557,0.9355534974791503,-1.0000020989531178,1.0000018068944545,1.00000236946853,-1.00000185202263,-1.0000018083379376,-1.0000016981806952,1.000001806894451,1.0000000016873685,-1.000001852022631,1.0000021791758564,-0.935389757447321,0.9353981492055817,0.9353841454644092,-0.9353954613758722,-0.9354126446727,-0.9353815081762278,-0.9354795650864962,0.9355132810839789,0.9354476768029242,-0.9635231939778092,-0.9354332519086355,-0.9354332519086396,-1.0000011514644207,0.9959554919067685,1.0000015763852304,0.9354215415641354,0.9354215415641343
-0.17949550336017173,-0.45251039117218755,0.7382984214748919,0.8999350914431874,-0.7382913759400755,-0.9959392021550564,0.738203492217231,-0.9959297569188476,-0.17933484719145976,1.0000011745980615,0.8999907446677577,-0.452648634744993,-0.9355438672557718,1.0000015816036243,-1.0000012897376005,-1.0000018520226281,1.0000013352461468,1.0000012910860698,1.000001581603629,-1.0000008889651752,-1.000001852022631,1.0000000009508683,-1.0000016618292749,0.9353801155891507,-0.9353885081287994,-0.9353745030694085,0.9353858200678445,0.9354030048222101,0.9353718655053634,0.9354699299598654,-0.9355036481735304,-0.9354380395357771,0.9635157649510743,0.935423613628866,0.9354236136288692,1.0000006361439568,-0.9959526495294098,-1.0000006592982305,-0.9354119024162026,-0.935411902416201
0.1794738722696835,0.4525302002519462,-0.7382837919059405,-0.8999449986594278,0.7382767462027292,0.9959375422835459,-0.7381888602837277,0.9959280945061542,0.17931321540142597,-1.000001498216052,-0.9000006493544727,0.4526684422997056,0.9355519602422402,-1.0000019086747451,1.0000016166446664,1.0000021791758527,-1.000001661829273,-1.0000012173016224,-1.0000019086747496,1.0000016166446613,1.0000021791758564,-1.0000016618292749,1.000000001416353,-0.9353882185011231,0.9353966103744575,0.9353826064391431,-0.9353939225107286,-0.9354111060220278,-0.9353799691103115,-0.9354780271297973,0.9355117434525926,0.9354461385319341,-0.9635219806896844,-0.9354317134888944,-0.9354317134888986,-1.0000009614872893,0.9959549565638723,1.000001386260461,0.9354200030167907,0.9354200030167893
0.18001980566336817,-0.7386477790857555,0.4520539323649402,0.9959836198584789,-0.45204467807699594,-0.8997378046575436,0.45192769637493635,-0.8996882307652145,0.18018043949440293,0.9353323628425809,0.9959947764669735,-0.7387518636727133,-1.0000034112782987,0.93538818529799,-0.9353852766807735,-0.9353897574473169,0.93538011558915,0.9353865774035071,0.9353881852979928,-0.9353852766807687,-0.935389757447321,0.9353801155891507,-0.9353882185011231,1.0000000074063284,-1.0000071115989488,-1.0000121261495496,1.0000081778818315,1.0000042113497631,1.0000138490210835,1.0000017862581807,-1.0000028011880264,-1.0000014324346505,0.995909016769086,1.0000018784988645,1.0000018784988682,0.9353595582863456,-0.9633818805735845,-0.9353735432516952,-1.0000028704721697,-1.0000028704721675
-0.17998842967944564,0.7386245006194856,-0.4520806074300951,-0.9959779338033855,0.4520713533118155,0.8997488968872775,-0.45195437385831544,0.899699326412806,-0.1801490639679447,-0.9353407594666965,-0.9959890943893719,0.738728588530724,1.00000053851812,-0.9353965771670979,0.9353936687735078,0.9353981492055798,-0.9353885081287986,-0.9353949693847383,-0.9353965771671,0.9353936687735043,0.9353981492055817,-0.9353885081287994,0.9353966103744575,-1.0000071115989488,1.0000000032939425,1.0000096383598933,-1.0000048899242795,-1.000000925256606,-1.0000109601116407,-0.9999989070806994,0.9999999249135976,0.9999985504594265,-0.9959089765588365,-0.9999989952060382,-0.9999989952060424,-0.9353679525283262,0.9633875099753435,0.9353819363309736,0.9999999860556145,0.9999999860556117
-0.18004133190518037,0.7386638392743176,-0.4520357207445021,-0.9959876633124599,0.45202646633891685,0.8997303369721231,-0.45190948307863343,0.8996807607303937,-0.1802019654466984,-0.9353267475169604,-0.9959988171971319,0.7387679215988999,1.0000055275843849,-0.9353825732388981,0.9353796644680278,0.9353841454644073,-0.9353745030694067,-0.9353809652673606,-0.9353825732389016,0.9353796644680226,0.9353841454644092,-0.9353745030694085,0.9353826064391431,-1.0000121261495496,1.0000096383598933,1.0000000104355884,-1.000010304072899,-1.0000063362627347,-1.0000155756220783,-1.0000039069613176,1.0000049199020793,1.0000035550548105,-0.9959091915338326,-1.0000040020219354,-1.0000040020219383,-0.9353539445970803,0.963378165566173,0.9353679303612136,1.000004994765387,1.0000049947653846
0.17999775743803428,-0.7386313023041342,0.4520725584387386,0.9959794351237823,-0.45206330427162,-0.8997454101916487,0.4519463241697989,-0.8996958387068514,0.18015839155885677,0.935338070196196,0.9959905945206604,-0.7387353892031535,-1.0000011995176397,0.9353938893046346,-0.9353909808448999,-0.9353954613758705,0.9353858200678424,0.9353922814891471,0.9353938893046383,-0.9353909808448947,-0.9353954613758722,0.9353858200678445,-0.9353939225107286,1.0000081778818315,-1.0000048899242795,-1.000010304072899,1.0000000042414439,1.0000019907765425,1.0000116259280198,0.9999995699955372,-1.0000005869619393,-0.9999992142091959,0.9959087930840786,0.9999996593488909,0.9999996593488946,0.9353652639634092,-0.9633856409825565,-0.9353792481102778,-1.0000006505335866,-1.0000006505335848
0.17993892646132992,-0.7385885455607237,0.4521234661913989,0.9959701923527041,-0.45211421233021293,-0.8997676272719863,0.45199723629130306,-0.8997180621516967,0.18009956168028593,0.9353552625733004,0.9959813592575701,-0.7386926388742344,-0.9999972614565452,0.9354110728079251,-0.9354081647651041,-0.9354126446726975,0.935403004822208,0.9354094652012479,0.9354110728079282,-0.9354081647650999,-0.9354126446727,0.9354030048222101,-0.9354111060220278,1.0000042113497631,-1.000000925256606,-1.0000063362627347,1.0000019907765425,0.9999999985964338,1.000007657465572,0.9999956198451351,-0.999996642280895,-0.9999952587887643,0.9959101840494577,0.9999957014474452,0.9999957014474488,0.9353824518938295,-0.9633976626557726,-0.9353964338713546,-0.9999962897446644,-0.9999962897446644
0.18005234560979547,-0.7386722003025975,0.4520265469188778,0.9959899613389588,-0.4520172924511121,-0.8997267454341921,0.4519003083686211,-0.8996771679832047,0.1802129790422907,0.9353241085114955,0.9960011138381145,-0.738776281499123,-1.0000068444006325,0.9353799359115302,-0.9353770270616687,-0.9353815081762257,0.9353718655053619,0.9353783279003489,0.935379935911533,-0.9353770270616644,-0.9353815081762278,0.9353718655053634,-0.9353799691103115,1.0000138490210835,-1.0000109601116407,-1.0000155756220783,1.0000116259280198,1.000007657465572,1.0000000123190265,1.0000052260181018,-1.0000062379453891,-1.0000048750884987,0.9959095178710611,1.000005322515883,1.0000053225158851,0.9353513064320981,-0.9633765017376128,-0.9353652926066609,-1.0000063156520613,-1.00000631565206
0.17974603588133248,-0.7384548676314072,0.4522968885229933,0.9959502518877045,-0.4522876355754145,-0.8998508352125864,0.4521706717342711,-0.8998012906357928,0.17990667646193387,0.9354222124414041,0.9959614437749552,-0.7385589833040909,-0.9999949305732622,0.9354779938887942,-0.9354750871956536,-0.9354795650864945,0.9354699299598631,0.9354763869565836,0.9354779938887973,-0.93547508719565,-0.9354795650864962,0.9354699299598654,-0.9354780271297973,1.0000017862581807,-0.9999989070806994,-1.0000039069613176,0.9999995699955372,0.9999956198451351,1.0000052260181018,0.9999999951923485,-0.9999938886966778,-0.9999924696258544,0.9959254563691321,0.9999933048456393,0.9999933048456416,0.9354493873288126,-0.963447790164925,-0.9354633622723992,-0.999994286921761,-0.99999428692176
-0.17965507559303684,0.7383931579903877,-0.45237999639713616,-0.9959425623461742,0.4523707438621435,0.8998921875799691,-0.4522537855438507,0.8998426526244208,-0.17981571906092975,-0.9354559422631065,-0.9959541668608866,0.7384972844772382,0.9999959901027239,-0.9355117101987868,0.9355088041385153,0.9355132810839771,-0.9355036481735297,-0.9355101035825052,-0.93551171019879,0.9355088041385118,0.9355132810839789,-0.9355036481735304,0.9355117434525926,-1.0000028011880264,0.9999999249135976,1.0000049199020793,-1.0000005869619393,-0.999996642280895,-1.0000062379453891,-0.9999938886966778,0.9999999966804874,0.9999939026895194,-0.9959344428500293,-0.9999943332491475,-0.9999943332491529,-0.9354831103744279,0.963473613882054,0.935497082017266,0.9999953120154467,0.9999953120154439
-0.17983375133925641,0.7385147603875325,-0.4522171298548816,-0.9959578927842774,0.45220787650414696,0.8998115701625314,-0.45209090727068457,0.89976201628832,-0.17999438923946934,-0.9353903108075048,-0.9959690732606999,0.738618865709946,0.9999945337911372,-0.9354461053032489,0.9354431979987501,0.9354476768029213,-0.9354380395357764,-0.9354444980657453,-0.9354461053032515,0.9354431979987461,0.9354476768029242,-0.9354380395357771,0.9354461385319341,-1.0000014324346505,0.9999985504594265,1.0000035550548105,-0.9999992142091959,-0.9999952587887643,-1.0000048750884987,-0.9999924696258544,0.9999939026895194,0.999999994658919,-0.9959170366635783,-0.9999925372678131,-0.9999925372678173,-0.935417492238113,0.9634235203356605,0.935431470369468,0.9999939233046917,0.99999392330469
0.09035503683989993,-0.6746780040581823,0.5308390052145291,0.9838009875293149,-0.5308302006021511,-0.9355034266838735,0.5307192041680783,-0.9354634949235094,0.09051767136420681,0.9634795847794104,0.9838236570618466,-0.6747921131453583,-0.9959451854938933,0.9635219350545683,-0.9635196592145937,-0.9635231939778062,0.9635157649510735,0.9635206439417345,0.963521935054573,-0.963519659214589,-0.9635231939778092,0.9635157649510743,-0.9635219806896844,0.995909016769086,-0.9959089765588365,-0.9959091915338326,0.9959087930840786,0.9959101840494577,0.9959095178710611,0.9959254563691321,-0.9959344428500293,-0.9959170366635783,0.99999999803167,0.995913686646416,0.99591368664642,0.9635000285506514,-0.9836720519723413,-0.963510720687872,-0.9959114437100711,-0.9959114437100702
0.1798751161891563,-0.7385433817245126,0.4521798943915485,0.9959620964826184,-0.4521706408455119,-0.8997936539698961,0.45205366900403515,-0.8997440956924155,0.18003575292738142,0.9353758795990286,0.9959732715990839,-0.7386474822428478,-0.9999949596466915,0.9354316802659827,-0.9354287726721738,-0.9354332519086332,0.935423613628864,0.9354300728839176,0.9354316802659867,-0.9354287726721696,-0.9354332519086355,0.935423613628866,-0.9354317134888944,1.0000018784988645,-0.9999989952060382,-1.0000040020219354,0.9999996593488909,0.9999957014474452,1.000005322515883,0.9999933048456393,-0.9999943332491475,-0.9999925372678131,0.995913686646416,0.9999999952842724,0.9999933779936039,0.9354030641237783,-0.9634126957196083,-0.9354170437629927,-0.9999939639857742,-0.9999943647581966
0.17987511618915727,-0.7385433817245155,0.45217989439154954,0.9959620964826215,-0.45217064084551345,-0.8997936539699003,0.45205366900403643,-0.8997440956924184,0.18003575292738216,0.9353758795990335,0.9959732715990872,-0.7386474822428508,-0.999994959646695,0.9354316802659861,-0.9354287726721779,-0.9354332519086368,0.9354236136288677,0.9354300728839217,0.9354316802659891,-0.9354287726721734,-0.9354332519086396,0.9354236136288692,-0.9354317134888986,1.0000018784988682,-0.9999989952060424,-1.0000040020219383,0.9999996593488946,0.9999957014474488,1.0000053225158851,0.9999933048456416,-0.9999943332491529,-0.9999925372678173,0.99591368664642,0.9999933779936039,0.9999999952842724,0.9354030641237813,-0.9634126957196111,-0.9354170437629966,-0.9999943647582029,-0.999993963985775
-0.17955074204707905,-0.45245988828439626,0.7383358635653865,0.8999099237908353,-0.7383288184593759,-0.9959431722690559,0.7382409403301913,-0.9959341342914322,-0.1793900876403866,1.0000004830663027,0.8999655834812941,-0.4525981357710365,-0.9355233353152315,1.0000008812551722,-1.0000005898081819,-1.0000011514644178,1.000000636143956,1.0000005909500396,1.0000008812551768,-1.000000589808178,-1.0000011514644207,1.0000006361439568,-1.0000009614872893,0.9353595582863456,-0.9353679525283262,-0.9353539445970803,0.9353652639634092,0.9353824518938295,0.9353513064320981,0.9354493873288126,-0.9354831103744279,-0.935417492238113,0.9635000285506514,0.9354030641237783,0.9354030641237813,0.9999999999574197,-0.9959464939012357,-0.9999999612003412,-0.9353913510188759,-0.9353913510188735
0.09034352873736937,0.5308340792770188,-0.6746840364100798,-0.9354833776070695,0.6746763423155094,0.9838139287375249,-0.6745799755590014,0.9837941676359341,0.09018089009409298,-0.9959399902542526,-0.9355284104259022,0.5309653518965712,0.9635042637827143,-0.9959548872967939,0.9959539267523907,0.9959554919067669,-0.9959526495294084,-0.9959542583627602,-0.9959548872967999,0.995953926752386,0.9959554919067685,-0.9959526495294098,0.9959549565638723,-0.9633818805735845,0.9633875099753435,0.963378165566173,-0.9633856409825565,-0.9633976626557726,-0.9633765017376128,-0.963447790164925,0.963473613882054,0.9634235203356605,-0.9836720519723413,-0.9634126957196083,-0.9634126957196111,-0.9959464939012357,0.9999999997873419,0.9959507704801355,0.9634040681809144,0.9634040681809117
0.17951301991446236,0.4524943434658908,-0.7383102617041585,-0.899927058224964,0.7383032163057781,0.9959405358024495,-0.7382153343624133,0.9959310926245867,0.1793523643135699,-1.0000009018243543,-0.899982713497902,0.4526325882728622,0.9355373029560535,-1.0000013060327684,1.0000010142996838,1.000001576385227,-1.0000006592982327,-1.0000010155826036,-1.000001306032774,1.0000010142996796,1.0000015763852304,-1.0000006592982305,1.000001386260461,-0.9353735432516952,0.9353819363309736,0.9353679303612136,-0.9353792481102778,-0.9353964338713546,-0.9353652926066609,-0.9354633622723992,0.935497082017266,0.935431470369468,-0.963510720687872,-0.9354170437629927,-0.9354170437629966,-0.9999999612003412,0.9959507704801355,1.0000000005591743,0.9354053319506185,0.9354053319506161
-0.1799104489448409,0.7385682052171114,-0.45214846476432713,-0.9959662856516931,0.4521392110463151,0.8997789489280591,-0.45202223691240506,0.8997293868707547,-0.18007108479202735,-0.9353641638427601,-0.9959774562109115,0.7386723017084664,0.9999959344077831,-0.9354199697987728,0.9354170619568354,0.9354215415641337,-0.9354119024162012,-0.9354183622926313,-0.9354199697987764,0.9354170619568313,0.9354215415641354,-0.9354119024162026,0.9354200030167907,-1.0000028704721697,0.9999999860556145,1.000004994765387,-1.0000006505335866,-0.9999962897446644,-1.0000063156520613,-0.999994286921761,0.9999953120154467,0.9999939233046917,-0.9959114437100711,-0.9999939639857742,-0.9999943647582029,-0.9353913510188759,0.9634040681809144,0.9354053319506185,0.9999999966905913,0.9999953528007948
-0.17991044894484,0.7385682052171101,-0.45214846476432646,-0.9959662856516902,0.4521392110463146,0.899778948928058,-0.45202223691240456,0.8997293868707532,-0.18007108479202658,-0.935364163842758,-0.9959774562109104,0.7386723017084649,0.9999959344077808,-0.9354199697987708,0.9354170619568334,0.9354215415641319,-0.9354119024161995,-0.9354183622926298,-0.9354199697987751,0.9354170619568293,0.9354215415641343,-0.935411902416201,0.9354200030167893,-1.0000028704721675,0.9999999860556117,1.0000049947653846,-1.0000006505335848,-0.9999962897446644,-1.00000631565206,-0.99999428692176,0.9999953120154439,0.99999392330469,-0.9959114437100702,-0.9999943647581966,-0.999993963985775,-0.9353913510188735,0.9634040681809117,0.9354053319506161,0.9999953528007948,0.9999999966905913
