1.000000000062344,-1.0000000432454745,0.9999999592706688,-1.0000000076736197,-1.0000000076736184,-0.9999998718307284,1.0000000243217315,-0.9999999133102985,-1.0000001656777868,0.9999998715425784,-0.9999998788660687,0.9999999328871558,1.0000002039063691,-1.0000001649786836,1.000000203906367,-1.0000001649786785,1.0000000866533028,1.000000086653311,0.9999998321408304,0.999999832140825,-0.9999998268851275,-0.999999826885128,0.9999998541185408,1.0000002207484724,1.0000002207484708,-1.0000002644864463,-1.0000002644864427,-0.9999999592828639,-0.9999999592828668,1.0000002808165716,1.0000000063758647,1.0000000063758676
-1.0000000432454745,1.0000000000139684,-0.9999999253795084,0.9999999737791323,0.9999999737791327,0.9999998379471897,-0.9999999904505888,0.9999998794336306,1.0000001318108693,-0.999999837660633,0.9999998449778366,-0.9999998989921942,-1.0000001700060621,1.000000131078984,-1.0000001700060608,1.000000131078981,-1.0000000527557527,-1.00000005275576,-0.9999997982611188,-0.9999997982611135,0.9999997930076223,0.9999997930076231,-0.9999998202414632,-1.0000001868837076,-1.0000001868837063,1.000000230622907,1.0000002306229032,0.9999999253852373,0.9999999253852397,-1.0000002469534166,-0.9999999622427234,-0.9999999622427239
0.9999999592706688,-0.9999999253795084,0.9999999998795954,-0.9999998693922193,-0.9999998693922174,-0.9999997336123695,0.9999998964014296,-0.9999997853610888,-1.0000000377778269,0.9999997435615586,-0.99999975084827,0.9999998048306354,1.0000000758054304,-1.0000000368882207,1.0000000758054282,-1.0000000368882174,0.9999999585823406,0.9999999585823485,0.9999997041747197,0.9999997041747137,-0.9999996989304418,-0.9999996989304418,0.9999997261674255,1.0000000928571546,1.0000000928571522,-1.0000001365988958,-1.0000001365988902,-0.9999998312090486,-0.999999831209051,1.0000001529300244,0.9999998782870482,0.9999998782870522
-1.0000000076736197,0.9999999737791323,-0.9999998693922193,0.9999999999486378,0.9999999280118136,0.9999997922190089,-0.9999999447610448,0.999999833726954,1.0000000861332683,-0.9999997919344397,0.9999997992291533,-0.9999998532198868,-1.0000001242054148,1.0000000852850865,-1.0000001242054122,1.0000000852850834,-0.9999999967407204,-1.0000000069741055,-0.9999997525444383,-0.9999997525444331,0.9999997472979133,0.9999997472979127,-0.9999997745339384,-1.000000141211054,-1.0000001412110526,1.0000001849523283,1.0000001849523252,0.9999998796022544,0.9999998796022566,-1.0000002012833744,-0.9999999266838828,-0.9999999266838856
-1.0000000076736184,0.9999999737791327,-0.9999998693922174,0.9999999280118136,0.9999999999486378,0.999999792219008,-0.999999944761044,0.9999998337269532,1.0000000861332679,-0.9999997919344404,0.999999799229152,-0.9999998532198864,-1.000000124205413,1.0000000852850854,-1.0000001242054122,1.0000000852850823,-1.0000000069740964,-0.9999999967407253,-0.9999997525444374,-0.9999997525444325,0.999999747297913,0.9999997472979136,-0.9999997745339373,-1.000000141211055,-1.0000001412110533,1.0000001849523272,1.0000001849523228,0.9999998796022533,0.9999998796022563,-1.0000002012833744,-0.9999999266838816,-0.9999999266838856
-0.9999998718307284,0.9999998379471897,-0.9999997336123695,0.9999997922190089,0.999999792219008,0.9999999997548907,-0.9999998090376698,0.9999996979874406,0.9999999504202183,-0.9999996561758819,0.9999996634491165,-0.9999997174175128,-0.999999988371457,0.9999999494610405,-0.999999988371454,0.9999999494610379,-0.9999998711653229,-0.9999998711653292,-0.9999996065613024,-0.9999996065612937,0.9999996115538519,0.9999996115538521,-0.9999996387926988,-1.0000000055013056,-1.0000000055013063,1.0000000492431012,1.000000049243096,0.9999997437888906,0.9999997437888921,-1.0000000655740968,-0.999999790860194,-0.9999997908601975
1.0000000243217315,-0.9999999904505888,0.9999998964014296,-0.9999999447610448,-0.999999944761044,-0.9999998090376698,0.9999999999726366,-0.9999998403496846,-1.0000000928077715,0.999999808752099,-0.9999998160040559,0.9999998699507523,1.0000001408702224,-1.0000001019707563,1.0000001408702202,-1.0000001019707538,1.000000023690902,1.0000000236909083,0.9999997693798098,0.9999997693798047,-0.9999997641445906,-0.9999997641445911,0.999999791386739,1.0000001581248061,1.0000001581248048,-1.0000002018667495,-1.0000002018667453,-0.9999998963108022,-0.9999998963108035,1.0000002181975844,0.9999999433717354,0.9999999433717403
-0.9999999133102985,0.9999998794336306,-0.9999997853610888,0.999999833726954,0.9999998337269532,0.9999996979874406,-0.9999998403496846,0.9999999998141552,0.9999999919711242,-0.9999996874688724,0.9999997049638697,-0.999999758920397,-1.000000029855569,0.9999999909512022,-1.000000029855568,0.999999990951198,-0.9999999126642388,-0.9999999126642464,-0.9999996583258579,-0.9999996583258522,0.9999996530880533,0.9999996530880533,-0.9999996700953351,-1.0000000470536274,-1.000000047053624,1.0000000907954807,1.000000090795476,0.9999997852855784,0.9999997852855811,-1.0000001071263784,-0.9999998323511662,-0.9999998323511688
-1.0000001656777868,1.0000001318108693,-1.0000000377778269,1.0000000861332683,1.0000000861332679,0.9999999504202183,-1.0000000928077715,0.9999999919711242,1.0000000001744014,-0.9999999501342276,0.9999999573798452,-1.0000000113201986,-1.0000002822287621,1.0000002433329223,-1.0000002822287597,1.0000002433329196,-1.0000001650580517,-1.0000001650580592,-0.9999999107644886,-0.9999999107644828,0.9999999055308857,0.9999999055308862,-0.9999999327742011,-1.0000002892877171,-1.0000002892877153,1.000000343262991,1.0000003432629867,1.0000000376767477,1.0000000376767497,-1.0000003595937497,-1.0000000847345074,-1.0000000847345119
0.9999998715425784,-0.999999837660633,0.9999997435615586,-0.9999997919344397,-0.9999997919344404,-0.9999996561758819,0.999999808752099,-0.9999996874688724,-0.9999999501342276,0.9999999997544841,-0.999999652930233,0.9999997171321673,0.9999999880838041,-0.9999999491745784,0.9999999880838036,-0.9999999491745729,0.9999998708799616,0.9999998708799683,0.9999996165093297,0.9999996165093245,-0.9999996112682891,-0.9999996112682887,0.9999996385074429,1.000000005214716,1.0000000052147135,-1.000000048956022,-1.000000048956018,-0.9999997435032028,-0.9999997435032056,1.0000000652868408,0.9999997905741076,0.9999997905741108
-0.9999998788660687,0.9999998449778366,-0.99999975084827,0.9999997992291533,0.999999799229152,0.9999996634491165,-0.9999998160040559,0.9999997049638697,0.9999999573798452,-0.999999652930233,0.999999999764872,-0.9999997141985243,-0.9999999954027109,0.9999999564877249,-0.99999999540271,0.9999999564877208,-0.9999998781841828,-0.9999998781841903,-0.999999623777089,-0.999999623777083,0.9999996185324681,0.9999996185324683,-0.9999996457699274,-1.0000000124582806,-1.0000000124582797,1.0000000561991538,1.0000000561991478,0.9999997508095861,0.9999997508095885,-1.000000072529951,-0.9999997978865802,-0.9999997978865822
0.9999999328871558,-0.9999998989921942,0.9999998048306354,-0.9999998532198868,-0.9999998532198864,-0.9999997174175128,0.9999998699507523,-0.999999758920397,-1.0000000113201986,0.9999997171321673,-0.9999997141985243,0.9999999998419126,1.0000000494190602,-1.00000001049793,1.0000000494190597,-1.000000010497927,0.9999999321849371,0.999999932184945,0.999999677739851,0.9999996777398459,-0.9999996724915569,-0.9999996724915579,0.9999996997272704,1.0000000663966446,1.0000000663966435,-1.0000001101371825,-1.0000001101371783,-0.999999794579183,-0.9999997945791848,1.0000001264679999,0.9999998518959383,0.9999998518959394
1.0000002039063691,-1.0000001700060621,1.0000000758054304,-1.0000001242054148,-1.000000124205413,-0.999999988371457,1.0000001408702224,-1.000000029855569,-1.0000002822287621,0.9999999880838041,-0.9999999954027109,1.0000000494190602,1.0000000002286231,-1.0000002712723766,1.0000003204324046,-1.0000002815057556,1.0000002031824087,1.0000002031824158,0.9999999486842157,0.9999999486842107,-0.9999999434301085,-0.9999999434301085,0.999999970663942,1.00000033730048,1.0000003373004778,-1.0000003810390234,-1.0000003810390201,-1.000000075812618,-1.0000000758126204,1.000000397369328,1.0000001229039845,1.000000122903988
-1.0000001649786836,1.000000131078984,-1.0000000368882207,1.0000000852850865,1.0000000852850854,0.9999999494610405,-1.0000001019707563,0.9999999909512022,1.0000002433329223,-0.9999999491745784,0.9999999564877249,-1.00000001049793,-1.0000002712723766,1.0000000001730767,-1.0000002815057571,1.0000002425800163,-1.0000001540256238,-1.0000001642590142,-0.9999999097771227,-0.9999999097771167,0.9999999045249509,0.9999999045249498,-0.9999999317592171,-1.0000002984064194,-1.0000002984064174,1.0000003421459063,1.0000003421459003,1.0000000368889665,1.0000000368889692,-1.0000003584764938,-1.0000000839782393,-1.0000000839782428
1.000000203906367,-1.0000001700060608,1.0000000758054282,-1.0000001242054122,-1.0000001242054122,-0.999999988371454,1.0000001408702202,-1.000000029855568,-1.0000002822287597,0.9999999880838036,-0.99999999540271,1.0000000494190597,1.0000003204324046,-1.0000002815057571,1.0000000002286231,-1.0000002712723681,1.0000002031824058,1.0000002031824147,0.9999999486842133,0.9999999486842084,-0.9999999434301073,-0.9999999434301062,0.9999999706639412,1.0000003373004773,1.0000003373004758,-1.0000003810390228,-1.000000381039018,-1.0000000758126169,-1.0000000758126186,1.0000003973693277,1.0000001229039837,1.0000001229039865
-1.0000001649786785,1.000000131078981,-1.0000000368882174,1.0000000852850834,1.0000000852850823,0.9999999494610379,-1.0000001019707538,0.999999990951198,1.0000002433329196,-0.9999999491745729,0.9999999564877208,-1.000000010497927,-1.0000002815057556,1.0000002425800163,-1.0000002712723681,1.0000000001730767,-1.000000164259005,-1.0000001540256307,-0.9999999097771196,-0.9999999097771141,0.9999999045249464,0.9999999045249462,-0.9999999317592124,-1.0000002984064154,-1.0000002984064156,1.0000003421459012,1.0000003421458967,1.0000000368889639,1.0000000368889665,-1.0000003584764918,-1.0000000839782361,-1.000000083978239
1.0000000866533028,-1.0000000527557527,0.9999999585823406,-0.9999999967407204,-1.0000000069740964,-0.9999998711653229,1.000000023690902,-0.9999999126642388,-1.0000001650580517,0.9999998708799616,-0.9999998781841828,0.9999999321849371,1.0000002031824087,-1.0000001540256238,1.0000002031824058,-1.000000164259005,1.0000000000613183,1.0000000859425788,0.9999998314860996,0.9999998314860941,-0.9999998262367277,-0.9999998262367282,0.9999998534717897,1.0000002201337586,1.000000220133757,-1.000000263874232,-1.0000002638742278,-0.9999999585718442,-0.9999999585718468,1.0000002802050896,1.0000000056575262,1.0000000056575282
1.000000086653311,-1.00000005275576,0.9999999585823485,-1.0000000069741055,-0.9999999967407253,-0.9999998711653292,1.0000000236909083,-0.9999999126642464,-1.0000001650580592,0.9999998708799683,-0.9999998781841903,0.999999932184945,1.0000002031824158,-1.0000001642590142,1.0000002031824147,-1.0000001540256307,1.0000000859425788,1.0000000000613183,0.9999998314861063,0.9999998314861008,-0.9999998262367346,-0.9999998262367353,0.9999998534717979,1.0000002201337665,1.0000002201337646,-1.0000002638742391,-1.0000002638742356,-0.9999999585718513,-0.9999999585718541,1.0000002802050967,1.0000000056575322,1.0000000056575356
0.9999998321408304,-0.9999997982611188,0.9999997041747197,-0.9999997525444383,-0.9999997525444374,-0.9999996065613024,0.9999997693798098,-0.9999996583258579,-0.9999999107644886,0.9999996165093297,-0.999999623777089,0.999999677739851,0.9999999486842157,-0.9999999097771227,0.9999999486842133,-0.9999999097771196,0.9999998314860996,0.9999998314861063,0.9999999996982906,0.9999995771305836,-0.9999995616576618,-0.9999995718910436,0.9999995991307284,0.9999999658459663,0.9999999658459668,-1.0000000095875057,-1.000000009587501,-0.9999997041082297,-0.9999997041082325,1.000000025918345,0.9999997511766088,0.9999997511766113
0.999999832140825,-0.9999997982611135,0.9999997041747137,-0.9999997525444331,-0.9999997525444325,-0.9999996065612937,0.9999997693798047,-0.9999996583258522,-0.9999999107644828,0.9999996165093245,-0.999999623777083,0.9999996777398459,0.9999999486842107,-0.9999999097771167,0.9999999486842084,-0.9999999097771141,0.9999998314860941,0.9999998314861008,0.9999995771305836,0.9999999996982906,-0.9999995718910372,-0.9999995616576537,0.9999995991307231,0.999999965845961,0.9999999658459597,-1.0000000095875001,-1.000000009587495,-0.9999997041082248,-0.999999704108226,1.000000025918339,0.9999997511766037,0.9999997511766064
-0.9999998268851275,0.9999997930076223,-0.9999996989304418,0.9999997472979133,0.999999747297913,0.9999996115538519,-0.9999997641445906,0.9999996530880533,0.9999999055308857,-0.9999996112682891,0.9999996185324681,-0.9999996724915569,-0.9999999434301085,0.9999999045249509,-0.9999999434301073,0.9999999045249464,-0.9999998262367277,-0.9999998262367346,-0.9999995616576618,-0.9999995718910372,0.9999999996908143,0.9999995666523945,-0.9999995836592422,-0.9999999606127662,-0.9999999606127656,1.0000000043542763,1.0000000043542727,0.9999996988580225,0.9999996988580272,-1.0000000206850646,-0.9999997459245918,-0.9999997459245946
-0.999999826885128,0.9999997930076231,-0.9999996989304418,0.9999997472979127,0.9999997472979136,0.9999996115538521,-0.9999997641445911,0.9999996530880533,0.9999999055308862,-0.9999996112682887,0.9999996185324683,-0.9999996724915579,-0.9999999434301085,0.9999999045249498,-0.9999999434301062,0.9999999045249462,-0.9999998262367282,-0.9999998262367353,-0.9999995718910436,-0.9999995616576537,0.9999995666523945,0.9999999996908143,-0.999999583659241,-0.9999999606127675,-0.9999999606127659,1.0000000043542765,1.0000000043542727,0.9999996988580242,0.9999996988580274,-1.000000020685064,-0.9999997459245924,-0.9999997459245955
0.9999998541185408,-0.9999998202414632,0.9999997261674255,-0.9999997745339384,-0.9999997745339373,-0.9999996387926988,0.999999791386739,-0.9999996700953351,-0.9999999327742011,0.9999996385074429,-0.9999996457699274,0.9999996997272704,0.999999970663942,-0.9999999317592171,0.9999999706639412,-0.9999999317592124,0.9999998534717897,0.9999998534717979,0.9999995991307284,0.9999995991307231,-0.9999995836592422,-0.999999583659241,0.9999999997296856,0.9999999878565597,0.9999999878565585,-1.000000031598319,-1.0000000315983146,-0.9999997260929343,-0.9999997260929373,1.000000047929183,0.9999997731588466,0.9999997731588501
1.0000002207484724,-1.0000001868837076,1.0000000928571546,-1.000000141211054,-1.000000141211055,-1.0000000055013056,1.0000001581248061,-1.0000000470536274,-1.0000002892877171,1.000000005214716,-1.0000000124582806,1.0000000663966446,1.00000033730048,-1.0000002984064194,1.0000003373004773,-1.0000002984064154,1.0000002201337586,1.0000002201337665,0.9999999658459663,0.999999965845961,-0.9999999606127662,-0.9999999606127675,0.9999999878565597,1.0000000002530043,1.000000354605224,-1.0000003881134287,-1.000000398346807,-1.0000000927519077,-1.000000092751908,1.0000004146774373,1.0000001398084248,1.0000001398084293
1.0000002207484708,-1.0000001868837063,1.0000000928571522,-1.0000001412110526,-1.0000001412110533,-1.0000000055013063,1.0000001581248048,-1.000000047053624,-1.0000002892877153,1.0000000052147135,-1.0000000124582797,1.0000000663966435,1.0000003373004778,-1.0000002984064174,1.0000003373004758,-1.0000002984064156,1.000000220133757,1.0000002201337646,0.9999999658459668,0.9999999658459597,-0.9999999606127656,-0.9999999606127659,0.9999999878565585,1.000000354605224,1.0000000002530043,-1.0000003983468095,-1.0000003881134207,-1.0000000927519053,-1.0000000927519064,1.0000004146774375,1.0000001398084257,1.000000139808427
-1.0000002644864463,1.000000230622907,-1.0000001365988958,1.0000001849523283,1.0000001849523272,1.0000000492431012,-1.0000002018667495,1.0000000907954807,1.000000343262991,-1.000000048956022,1.0000000561991538,-1.0000001101371825,-1.0000003810390234,1.0000003421459063,-1.0000003810390228,1.0000003421459012,-1.000000263874232,-1.0000002638742391,-1.0000000095875057,-1.0000000095875001,1.0000000043542763,1.0000000043542765,-1.000000031598319,-1.0000003881134287,-1.0000003983468095,1.0000000003154215,1.0000004420880961,1.0000001364920181,1.0000001364920201,-1.0000004481852378,-1.0000001835480843,-1.000000183548086
-1.0000002644864427,1.0000002306229032,-1.0000001365988902,1.0000001849523252,1.0000001849523228,1.000000049243096,-1.0000002018667453,1.000000090795476,1.0000003432629867,-1.000000048956018,1.0000000561991478,-1.0000001101371783,-1.0000003810390201,1.0000003421459003,-1.000000381039018,1.0000003421458967,-1.0000002638742278,-1.0000002638742356,-1.000000009587501,-1.000000009587495,1.0000000043542727,1.0000000043542727,-1.0000000315983146,-1.000000398346807,-1.0000003881134207,1.0000004420880961,1.0000000003154215,1.0000001364920132,1.0000001364920166,-1.0000004481852345,-1.0000001835480787,-1.0000001835480818
-0.9999999592828639,0.9999999253852373,-0.9999998312090486,0.9999998796022544,0.9999998796022533,0.9999997437888906,-0.9999998963108022,0.9999997852855784,1.0000000376767477,-0.9999997435032028,0.9999997508095861,-0.999999794579183,-1.000000075812618,1.0000000368889665,-1.0000000758126169,1.0000000368889639,-0.9999999585718442,-0.9999999585718513,-0.9999997041082297,-0.9999997041082248,0.9999996988580225,0.9999996988580242,-0.9999997260929343,-1.0000000927519077,-1.0000000927519053,1.0000001364920181,1.0000001364920132,0.9999999998795644,0.999999831200445,-1.0000001528227502,-0.999999868053383,-0.9999998782867685
-0.9999999592828668,0.9999999253852397,-0.999999831209051,0.9999998796022566,0.9999998796022563,0.9999997437888921,-0.9999998963108035,0.9999997852855811,1.0000000376767497,-0.9999997435032056,0.9999997508095885,-0.9999997945791848,-1.0000000758126204,1.0000000368889692,-1.0000000758126186,1.0000000368889665,-0.9999999585718468,-0.9999999585718541,-0.9999997041082325,-0.999999704108226,0.9999996988580272,0.9999996988580274,-0.9999997260929373,-1.000000092751908,-1.0000000927519064,1.0000001364920201,1.0000001364920166,0.999999831200445,0.9999999998795644,-1.000000152822753,-0.999999878286767,-0.999999868053387
1.0000002808165716,-1.0000002469534166,1.0000001529300244,-1.0000002012833744,-1.0000002012833744,-1.0000000655740968,1.0000002181975844,-1.0000001071263784,-1.0000003595937497,1.0000000652868408,-1.000000072529951,1.0000001264679999,1.000000397369328,-1.0000003584764938,1.0000003973693277,-1.0000003584764918,1.0000002802050896,1.0000002802050967,1.000000025918345,1.000000025918339,-1.0000000206850646,-1.000000020685064,1.000000047929183,1.0000004146774373,1.0000004146774375,-1.0000004481852378,-1.0000004481852345,-1.0000001528227502,-1.000000152822753,1.0000000003387246,1.0000001998787114,1.0000001998787145
1.0000000063758647,-0.9999999622427234,0.9999998782870482,-0.9999999266838828,-0.9999999266838816,-0.999999790860194,0.9999999433717354,-0.9999998323511662,-1.0000000847345074,0.9999997905741076,-0.9999997978865802,0.9999998518959383,1.0000001229039845,-1.0000000839782393,1.0000001229039837,-1.0000000839782361,1.0000000056575262,1.0000000056575322,0.9999997511766088,0.9999997511766037,-0.9999997459245918,-0.9999997459245924,0.9999997731588466,1.0000001398084248,1.0000001398084257,-1.0000001835480843,-1.0000001835480787,-0.999999868053383,-0.999999878286767,1.0000001998787114,0.9999999999467573,0.9999999253757106
1.0000000063758676,-0.9999999622427239,0.9999998782870522,-0.9999999266838856,-0.9999999266838856,-0.9999997908601975,0.9999999433717403,-0.9999998323511688,-1.0000000847345119,0.9999997905741108,-0.9999997978865822,0.9999998518959394,1.000000122903988,-1.0000000839782428,1.0000001229039865,-1.000000083978239,1.0000000056575282,1.0000000056575356,0.9999997511766113,0.9999997511766064,-0.9999997459245946,-0.9999997459245955,0.9999997731588501,1.0000001398084293,1.000000139808427,-1.000000183548086,-1.0000001835480818,-0.9999998782867685,-0.999999868053387,1.0000001998787145,0.9999999253757106,0.9999999999467573
