1.0000000051853066,-1.0000101964445127,-1.0000101964445107,1.0000063012864242,1.000006301286423,-1.0000044441195346,-1.0000083765175827,1.0000070708380173,1.0000087478199409,-1.0000083765175825,-1.0000044441195348,1.0000070708380178,1.0000070708380155,-1.000008376517581,-1.0000083765175853,1.000008747819943,1.0000070708380164
-1.0000101964445127,1.0000000049477908,1.0000068785116363,-1.0000092890205845,-1.0000061361869343,1.0000042790199732,1.0000082114174176,-1.0000069057379835,-1.0000085827197562,1.0000082114174178,1.0000042790199735,-1.0000069057379832,-1.0000069057379808,1.000008211417416,1.0000082114174216,-1.0000085827197571,-1.0000069057379812
-1.0000101964445107,1.0000068785116363,1.0000000049477908,-1.0000061361869335,-1.0000092890205845,1.0000042790199715,1.0000082114174167,-1.0000069057379823,-1.0000085827197556,1.000008211417417,1.000004279019972,-1.0000069057379817,-1.0000069057379803,1.0000082114174143,1.0000082114174191,-1.000008582719755,-1.000006905737982
1.0000063012864242,-1.0000092890205845,-1.0000061361869335,1.000000003879864,1.0000053938617908,-1.0000066895289283,-1.0000074690898526,1.0000061634111879,1.0000078403920196,-1.0000074690898537,-1.0000035366952753,1.0000061634111874,1.000006163411187,-1.0000074690898515,-1.0000074690898557,1.0000078403920196,1.000006163411185
1.000006301286423,-1.0000061361869343,-1.0000092890205845,1.0000053938617908,1.000000003879864,-1.000003536695276,-1.0000074690898524,1.0000061634111879,1.0000078403920185,-1.000007469089852,-1.0000066895289288,1.0000061634111865,1.000006163411185,-1.000007469089851,-1.0000074690898542,1.0000078403920185,1.0000061634111854
-1.0000044441195346,1.0000042790199732,1.0000042790199715,-1.0000066895289283,-1.000003536695276,1.0000000012080998,1.0000056119185001,-1.0000074590757864,-1.0000059832200587,1.0000056119184988,1.000001679531414,-1.0000043062421358,-1.0000043062421335,1.0000056119184992,1.0000056119185023,-1.0000059832200587,-1.000007459075783
-1.0000083765175827,1.0000082114174176,1.0000082114174167,-1.0000074690898526,-1.0000074690898524,1.0000056119185001,1.000000006865345,-1.0000113914736921,-1.0000130684584085,1.0000095443217034,1.0000056119184988,-1.0000082386400388,-1.0000082386400364,1.0000095443217019,1.0000095443217056,-1.000009915624755,-1.0000082386400377
1.0000070708380173,-1.0000069057379835,-1.0000069057379823,1.0000061634111879,1.0000061634111879,-1.0000074590757864,-1.0000113914736921,1.0000000049869588,1.000008609942617,-1.0000082386400388,-1.0000043062421347,1.0000069329600865,1.0000069329600823,-1.0000082386400377,-1.0000082386400424,1.0000086099426173,1.0000069329600845
1.0000087478199409,-1.0000085827197562,-1.0000085827197556,1.0000078403920196,1.0000078403920185,-1.0000059832200587,-1.0000130684584085,1.000008609942617,1.000000007399511,-1.0000130684584068,-1.0000059832200587,1.0000086099426164,1.0000086099426153,-1.0000099156247548,-1.0000099156247595,1.0000102869279412,1.0000086099426162
-1.0000083765175825,1.0000082114174178,1.000008211417417,-1.0000074690898537,-1.000007469089852,1.0000056119184988,1.0000095443217034,-1.0000082386400388,-1.0000130684584068,1.000000006865345,1.0000056119184997,-1.0000082386400382,-1.0000082386400377,1.0000095443217023,1.0000095443217063,-1.0000099156247562,-1.0000113914736914
-1.0000044441195348,1.0000042790199735,1.000004279019972,-1.0000035366952753,-1.0000066895289288,1.000001679531414,1.0000056119184988,-1.0000043062421347,-1.0000059832200587,1.0000056119184997,1.0000000012080998,-1.000007459075788,-1.0000074590757821,1.000005611918498,1.0000056119185035,-1.0000059832200574,-1.0000043062421342
1.0000070708380178,-1.0000069057379832,-1.0000069057379817,1.0000061634111874,1.0000061634111865,-1.0000043062421358,-1.0000082386400388,1.0000069329600865,1.0000086099426164,-1.0000082386400382,-1.000007459075788,1.0000000049869588,1.000006932960084,-1.000011391473691,-1.0000082386400406,1.000008609942617,1.0000069329600842
1.0000070708380155,-1.0000069057379808,-1.0000069057379803,1.000006163411187,1.000006163411185,-1.0000043062421335,-1.0000082386400364,1.0000069329600823,1.0000086099426153,-1.0000082386400377,-1.0000074590757821,1.000006932960084,1.0000000049869588,-1.000008238640036,-1.0000113914736908,1.000008609942615,1.0000069329600823
-1.000008376517581,1.000008211417416,1.0000082114174143,-1.0000074690898515,-1.000007469089851,1.0000056119184992,1.0000095443217019,-1.0000082386400377,-1.0000099156247548,1.0000095443217023,1.000005611918498,-1.000011391473691,-1.000008238640036,1.000000006865345,1.0000095443217043,-1.0000130684584077,-1.0000082386400366
-1.0000083765175853,1.0000082114174216,1.0000082114174191,-1.0000074690898557,-1.0000074690898542,1.0000056119185023,1.0000095443217056,-1.0000082386400424,-1.0000099156247595,1.0000095443217063,1.0000056119185035,-1.0000082386400406,-1.0000113914736908,1.0000095443217043,1.000000006865345,-1.0000130684584116,-1.0000082386400402
1.000008747819943,-1.0000085827197571,-1.000008582719755,1.0000078403920196,1.0000078403920185,-1.0000059832200587,-1.000009915624755,1.0000086099426173,1.0000102869279412,-1.0000099156247562,-1.0000059832200574,1.000008609942617,1.000008609942615,-1.0000130684584077,-1.0000130684584116,1.000000007399511,1.0000086099426158
1.0000070708380164,-1.0000069057379812,-1.000006905737982,1.000006163411185,1.0000061634111854,-1.000007459075783,-1.0000082386400377,1.0000069329600845,1.0000086099426162,-1.0000113914736914,-1.0000043062421342,1.0000069329600842,1.0000069329600823,-1.0000082386400366,-1.0000082386400402,1.0000086099426158,1.0000000049869588
