0.9999999963748876,-0.7518949327354827,-0.7518487206245531,0.3365565166361109,0.5784077620159652,0.29574511577420853,0.4280485582259666,-0.24557915155000146,0.06757152997853753,-0.35578498732329794,-0.05958528298368365,-0.53481004437004,-0.4161782813844258,0.486242226119917,-0.4979528256135342,-0.03284969934396421,0.04048288961294336,0.011679533571659363,-0.3578477590501621,-0.031414686500916035,0.2935878331240112,0.009401260575040588,-0.007535337899656383,0.527382793430824,-0.5063450715312009,-0.5351328193640728,0.5279976778756186,-0.5206218497465486,0.5094149574937173,0.5239934514263692,-0.005205296082559765,0.0009527454464597798,-0.0009524160163195838,0.0033094790867231024,-0.0009521542016230257,0.5225120152749465,-0.5325315185990926,0.536595064976927,0.5330882804582942,0.0009519494193040587,-0.0009506049501998034,-0.0009432739369100219,-0.5366840496145159,0.5365909511484537,-0.5334543754331694,-0.5393602651429164,0.0009388637510685204,-0.0009160935232415695,0.0009514413729260087,0.0009235307681893997,0.0005682776441650222,0.3653920103630429,-0.043579101780041575,-0.5520346676855674,0.05158444751957148,-0.30279213281245676,0.5309978256896294,0.549918009720005,0.5304105393494274,-0.5272588819580212,0.5272644907787906,-0.0005910440119463194,1.434891882229371e-05,-1.43557242095845e-05,-0.5437106059336768,0.5420204288526953,0.5453475987798577,-0.5429023904564421,-0.5476887325519509,-0.544554234684894,-0.5310133681429517,-0.5310305076368907,0.5429090771598425,0.5437418273095195,0.5429172923208057,1.4367362551003084e-05,-1.4377813887160591e-05,1.4351890883243604e-05,1.43815038822902e-05,1.438150388208586e-05,0.5310468553421193,-0.5429244695294928,-1.434892886790981e-05,1.4346759562100153e-05,-1.4346033300748435e-05,-1.4346033300953332e-05,0.0075344185650558304,-0.5330954763635601,-0.0009513562718545247,-0.543748813753922
-0.7518949327354827,0.999999991370348,0.13063451552300545,-0.8499773275813038,-0.9449361332776521,0.2968413467343888,0.15562497758761745,0.05589413376245711,-0.3794721527127858,0.7294375287339058,0.36702657126872135,0.9538914864023785,0.9062387631363477,-0.9416873714331291,0.9459855652921166,0.005261823916013307,-0.006306560228303736,-0.0020429138290626258,0.5888582752784862,0.004760213424006659,-0.578864548304949,-0.0012472314319475913,0.0014024078612941296,-0.9281388731944145,0.924867108441857,0.9489472625951908,-0.9540414808677463,0.9531803425781211,-0.9498175523261565,-0.9548481882102753,0.0005901521116001082,7.409030070306139e-05,-7.122105567133205e-05,-0.0007427903353205127,-7.174320976294636e-05,-0.9469570211069659,0.9579193761114149,-0.9586129800586533,-0.9584874316891766,6.861975553293784e-05,-6.835427006747507e-05,-6.605487852235266e-05,0.9592692163491202,-0.9596099657246383,0.9587345151536348,0.9603461166844878,6.661677434491561e-05,-6.468106573741883e-05,6.963518042263142e-05,6.327715334359194e-05,4.23486705815918e-05,-0.799342379106773,0.34192447287315714,0.9610637402219423,-0.3545053778543579,0.2580372715197532,-0.757277707713208,-0.9613378503370728,-0.9576251540148045,0.9563308125626535,-0.9563319285439551,-3.7774452534147336e-05,-2.92981320535245e-06,3.0050143817173073e-06,0.9611553179715522,-0.9608984087313999,-0.9613290240158042,0.9610484391792988,0.9614261140868923,0.9612592632802266,0.757300267465427,0.7573266464729335,-0.9610493723209728,-0.9611668020868596,-0.9610529422880343,-3.0512491112596783e-06,3.089077645055427e-06,-3.0296227905397693e-06,-3.1020801260147744e-06,-3.102080125942233e-06,-0.757351318510489,0.9610546768233355,3.0495668735753937e-06,-3.0646496454288683e-06,3.0696900075242235e-06,3.0696900075976032e-06,-0.0014042724961914645,0.9584894129825025,-6.919591344970092e-05,0.9611681716649154
-0.7518487206245531,0.13063451552300545,1.0000000016651478,0.3439423050742535,0.07519944418195673,-0.741627776774132,-0.799340329746021,0.31342487523257423,0.2778781762224136,-0.1944590381860102,-0.27744120404719447,-0.1497210084134901,-0.2804693208962158,0.21055517794563697,-0.19724279367467856,0.04414408937236357,-0.05458015756208439,-0.01552259658799955,-0.0507683503929363,0.042488229641838536,0.13742226427388582,-0.012893009199038111,0.00993017143037003,0.13513508862850393,-0.163504274441487,-0.1442916779953522,0.16011615424392214,-0.17034741862760597,0.18383780928975332,0.16694535716285658,0.007239325556371573,-0.001507691264099237,0.001504326311343257,-0.004234042417780646,0.0015044549087360993,0.1612831981489108,-0.1571781480064309,0.1517602538168718,0.15690879942150704,-0.0015010227531166416,0.0014987350828056655,0.0014854027719512805,-0.15228292242886374,0.15276389480673294,-0.15660517712335578,-0.1493357830053413,-0.0014793314196003642,0.0014431341128223602,-0.0015012744959228012,-0.001452916362589429,-0.0008974461720715572,0.24992560467110905,-0.2764069731338617,-0.1309946195297725,0.2769505542777315,0.1972678323043162,-0.04116581237972649,0.1344516092055268,0.16007287515695143,-0.1635177193332677,0.16351040085092358,0.0009271142344941006,-1.865200636155792e-05,1.858703550268895e-05,-0.1436032943059573,0.14588793742707937,0.14131541976095122,-0.14471174278888374,-0.13789209401324495,-0.1424386561194814,0.041166623883127834,0.04116601749353867,0.14470262030091444,0.1435678276724502,0.14469383635713515,-1.855829972757948e-05,1.8536185568936695e-05,-1.8556661797996267e-05,-1.852873128643195e-05,-1.8528731286197223e-05,-0.041165927508723776,-0.14468477770377428,1.8532262824931135e-05,-1.8513917383893938e-05,1.85077847106711e-05,1.850778471090587e-05,-0.009926924279832085,-0.15689995959182965,0.0015007072412419242,-0.14355869089636952
0.3365565166361109,-0.8499773275813038,0.3439423050742535,0.9999999947853517,0.8282042212216364,-0.753400789228188,-0.37183699033578405,0.3398138022591667,0.2505448788481722,-0.5941398540905847,-0.237421668434778,-0.9077136732313035,-0.9885075358762655,0.9543186181490728,-0.9475329146982129,0.00907847041367216,-0.011409783369002044,-0.0030025180113506106,-0.5668312374691366,0.009040564980019507,0.5849301018296237,-0.0029418385579654855,0.001827882576762538,0.9109095461571176,-0.9167714400866618,-0.9333602160774911,0.9206257147017214,-0.9325620314235863,0.940279746560092,0.9359651941503803,0.001764742153826406,-0.0005675810663906571,0.0005660776396557323,-0.0006335535285803963,0.0005664136785567915,0.9366417815586388,-0.945508029060155,0.9448560863297941,0.9454543626514466,-0.0005644292058002205,0.0005638848922570589,0.0005578266744993343,-0.9461401767271964,0.9471170450921728,-0.945090441288546,-0.9496505909200323,-0.0005566946451990247,0.0005432937281720531,-0.0005650725995557411,-0.0005449786377973363,-0.00034023782344287667,0.7185355995026571,-0.21104258230877768,-0.960230129326646,0.22424869508821685,-0.3898617915347009,0.8386169309910647,0.958627906269446,0.9422289163818899,-0.9391878038076044,0.9391871888114693,0.0003452529486568118,-3.132129121286578e-06,3.0843072459791665e-06,-0.9534854830737525,0.9520068401932543,0.9548870402817853,-0.9527455723157569,-0.9568466807327936,-0.9541893022270785,-0.8386302506422053,-0.8386467900389353,0.9527410647727803,0.9534747009137706,0.9527390832179062,-3.0491995510297047e-06,3.0197348811464104e-06,-3.073204809350846e-06,-3.0095187116786787e-06,-3.0095187116118487e-06,0.8386618086464555,-0.9527353106283197,3.064038227225965e-06,-3.0570241494209287e-06,3.0546677946506094e-06,3.054667794724421e-06,-0.0018275014633468043,-0.9454531281518715,0.0005648898439926099,-0.9534704600213686
0.5784077620159652,-0.9449361332776521,0.07519944418195673,0.8282042212216364,0.9999999958740731,-0.2983422320696616,-0.4525694402688551,-0.23660211806638212,0.6483501732124691,-0.9078439917276264,-0.6377628073798008,-0.9868865643647752,-0.9033568400982575,0.9577662103016793,-0.9637884035224906,0.010367066531631584,-0.013006972654759821,-0.003473391787216062,-0.5750522907824857,0.010246876325428696,0.5957540537895927,-0.0032813142575301964,0.0021355551390938505,0.9255300522216998,-0.9323709780397507,-0.9483245315030786,0.9811688899427179,-0.9744147635493696,0.9693391748592904,0.9718875552362801,0.0019363574771356143,-0.0005731356114283989,0.0005670021369030702,-0.0007844254595794441,0.0005677340249342731,0.9525936324479003,-0.9616277193681203,0.9599829795895342,0.9625714797494701,-0.0005615591755431495,0.0005600831510217872,0.0005529612622093198,-0.9602811245147838,0.9602650798099965,-0.963198697425775,-0.9568368990922955,-0.0005511151872040342,0.0005368324871577195,-0.0005629936575715587,-0.0005390075288089458,-0.00033545634516242705,0.9518761925753505,-0.616217201824394,-0.9354096698634788,0.6270472189179283,0.03548707385139787,0.5590417654004968,0.9398268457572758,0.9662788729333271,-0.9691753421521196,0.9691731904766927,0.0003415524032685433,-3.7516301461003807e-06,3.6147293411394935e-06,-0.9507122727221236,0.9532269059618768,0.9481160041097801,-0.951988256138493,-0.9440623224242571,-0.9494294970889156,-0.5590703596793624,-0.5591038642529952,0.9519884536297889,0.9507210820839683,0.9519913122503262,-3.5437218342303996e-06,3.487293799811218e-06,-3.559323422582378e-06,-3.468084455282933e-06,-3.468084455330236e-06,0.5591353340107073,-0.9519923253062733,3.514732519769818e-06,-3.481163072456056e-06,3.469955901373245e-06,3.469955901317445e-06,-0.002130267846698955,-0.9625705643455639,0.0005619725444695489,-0.9507218247246386
0.29574511577420853,0.2968413467343888,-0.741627776774132,-0.753400789228188,-0.2983422320696616,1.0000000026580098,0.40470900080050054,-0.7397795309525634,0.09460997644774599,0.11221536239483378,-0.10326459556842603,0.43813253505775945,0.6558925191562657,-0.543314638358913,0.5249851790124129,-0.019224155723054377,0.023856697348993972,0.006652451298281871,0.2912317584485063,-0.018678854310701154,-0.3290463400916879,0.00578682642105099,-0.004204940324898203,-0.48602479308978536,0.4982721667591994,0.5000984849628038,-0.46308914032394705,0.487553920473799,-0.5063951591870083,-0.4927506065623039,-0.0033199092338745163,0.0008138090789339541,-0.0008155606018664589,0.001705544150851754,-0.0008154562726221773,-0.5070006190015469,0.5097741332998944,-0.5083089909047778,-0.5088553230803903,0.0008165958150598767,-0.0008162535986839728,-0.0008093549990236634,0.5099162038665725,-0.5113625086259573,0.5077762188433427,0.5161458914390449,0.0008071973773199993,-0.0007883671565714096,0.0008163715436865127,0.0007923019813661292,0.0004920435498655387,-0.2575590223739436,-0.1205064319239685,0.5403580743896881,0.1119003228629018,0.4613496407920373,-0.6221763677419848,-0.5359984414235827,-0.5028611639938807,0.49785262945221515,-0.49785093682285625,-0.0005042541072523179,7.714318368598326e-06,-7.73860787160614e-06,0.5239387586255402,-0.5208383571351252,-0.5270036069514845,0.5223607893218026,0.531546751782583,0.5254554511565454,0.622170456232573,0.6221652905317444,-0.5223515492582466,-0.5239051241685587,-0.522343568511276,7.739672644761022e-06,-7.738754872190031e-06,7.757638056784625e-06,7.738228939955809e-06,7.738228939747837e-06,-0.6221596002866407,0.5223346495043645,-7.77267129534553e-06,7.78385078665184e-06,-7.787561201790343e-06,-7.787561202014139e-06,0.004207507899187429,0.5088512997288727,-0.0008167478239411839,0.5238957882453554
0.4280485582259666,0.15562497758761745,-0.799340329746021,-0.37183699033578405,-0.4525694402688551,0.40470900080050054,0.9999999991390859,0.26672439934072567,-0.7993318491867126,0.6894904790442917,0.7989975327491802,0.44004888733337044,0.403438693597828,-0.42578132189628126,0.42529860043682843,-0.04914656246099364,0.0608105062204587,0.017260391860659727,0.18306741131914855,-0.047330448116928193,-0.2796868162115613,0.014375372703125368,-0.011028886798529538,-0.351283366156585,0.3830476492671299,0.3659569378463425,-0.43211455362606443,0.4237327388617474,-0.4246156126122941,-0.41410764079942186,-0.008074593676479367,0.0016908421896291198,-0.001681704581160368,0.00469314404770655,-0.001682365696820645,-0.38539480970442713,0.3832287962459768,-0.37633457359049133,-0.3840866808101496,0.0016735610511808953,-0.0016700022946205724,-0.001653657971778497,0.376014964687232,-0.37557854944472163,0.3848355788822633,0.3657046507967578,0.0016463045736223223,-0.001604898945060852,0.0016748708092507469,0.001615956952581215,0.0009976831420846672,-0.6809370293160864,0.7978594015686394,0.3121147254833649,-0.7985062141817738,-0.6108226189325857,0.1854863404725694,-0.3222838358013867,-0.394657356526385,0.40441237543161423,-0.4044028970653163,-0.0010307332178861165,2.070464241676868e-05,-2.0524576199971805e-05,0.34911887668537767,-0.3557672557849706,-0.342445449718741,0.3524300445586862,0.33239452346858317,0.3457755650079772,-0.18546674522623546,-0.18544304745647422,-0.3524250550786526,-0.349102414525421,-0.3524211112045875,2.0445983678126267e-05,-2.038574345162289e-05,2.043973669872791e-05,2.0365487063492242e-05,2.0365487063366417e-05,0.18542080110224232,0.35241643760745167,-2.037172203562442e-05,2.0320648305752807e-05,-2.0303602783508412e-05,-2.0303602783617947e-05,0.011019793365464992,0.3840776321157781,-0.0016732789960910524,0.3490977879202883
-0.24557915155000146,0.05589413376245711,0.31342487523257423,0.3398138022591667,-0.23660211806638212,-0.7397795309525634,0.26672439934072567,0.9999999982310811,-0.7398202750845513,0.5377632504620494,0.7456025953752821,0.07823257472434883,-0.19686574668683401,0.049385720724303896,-0.02852188944191334,-0.010270952281591599,0.012688514980076422,0.003661421968125768,-0.03329350864334526,-0.009796225237516307,0.013027304173978817,0.002906286424810629,-0.002362658847966335,0.04018679659616371,-0.03331914639582983,-0.0400313689605027,-0.04576739439212697,0.01326180516686075,0.007635792608237658,-0.0016494302805910759,-0.0015871874602676334,0.0002576119038469082,-0.0002488292982701134,0.001056430757517308,-0.0002495272029116598,0.03517904676007002,-0.03661822588024289,0.03941496465993433,0.0348881889400738,0.0002415635078305112,-0.00023949590271939327,-0.0002355123023976942,-0.04119977889868634,0.04297389319429841,-0.033144434910977134,-0.054558224527986046,0.00023312922523717315,-0.00022558902846951483,0.00024296007459651646,0.0002282653151797075,0.00013869459628466647,-0.3928098083428543,0.7567227888776824,-0.11642828200456443,-0.7512388195729474,-0.8384334900993018,0.5930284334235872,0.10483081355444923,0.021554211255720983,-0.009957508736507333,0.009961659581342201,-0.0001460978503286508,4.549361904821579e-06,-4.38229470821104e-06,-0.07387106194227214,0.0661363926429859,0.08160658858908246,-0.06997613476093696,-0.09322311213779184,-0.07772133022445521,-0.5930027159803923,-0.5929740279309177,0.06996911536961237,0.07384214606388693,0.06996204594208402,4.316075818097223e-06,-4.2665513383321236e-06,4.298292926966517e-06,4.2500573660256455e-06,4.25005736618885e-06,0.5929462046975874,-0.06995494531536021,-4.231133523927536e-06,4.1807919136951045e-06,-4.164011459782232e-06,-4.1640114595906755e-06,0.0023532928334866142,-0.03488927205987837,-0.00024136920735841436,-0.0738346601209756
0.06757152997853753,-0.3794721527127858,0.2778781762224136,0.2505448788481722,0.6483501732124691,0.09460997644774599,-0.7993318491867126,-0.7398202750845513,0.9999999999847154,-0.9078358158364523,-0.9999007112374394,-0.553814547471074,-0.3645395215918304,0.47017211834940525,-0.48271274905354083,0.03444321909082634,-0.042658814556756124,-0.01207688817725348,-0.24190445418541656,0.033195946212025235,0.3097496449306951,-0.010094654955780324,0.0077048154992415884,0.42648750194462026,-0.4489108568414935,-0.4407925405813885,0.5307353836563252,-0.5071046811574146,0.495025798535796,0.4951195826135939,0.005673103036661764,-0.001196813804520868,0.0011855703594151115,-0.0032697668791676414,0.0011864989004048713,0.454882800363351,-0.4555230910930458,0.4499173411578789,0.45716349822387675,-0.0011758542655982323,0.0011724520655363743,0.0011596413444943802,-0.4488841944703953,0.4477059950535565,-0.4586639307674523,-0.43534915361729454,-0.0011539550462122427,0.0011239262637455097,-0.0011776968576131368,-0.001131825488813207,-0.0006983707211028348,0.8387000644272031,-0.9991146378508542,-0.3680183817501145,0.9996057228120445,0.7792157786737632,-0.25532542172010286,0.3808183362093241,0.4708978440831311,-0.48304787759153633,0.4830400433697117,0.0007215491410061381,-1.4454385466042527e-05,1.4231488415906916e-05,-0.41456669810453506,0.42291052790476774,0.4061860527538399,-0.4187516692172661,-0.39354138854842036,-0.41038652848026747,0.2552932827350972,0.25525600292207523,0.4187528150958848,0.4145758472056161,0.41875529412513535,-1.413457937743337e-05,1.4060388179056531e-05,-1.4126231618697332e-05,-1.4035458789282896e-05,-1.4035458789316413e-05,-0.2552205271062315,-0.4187568811951124,1.4041897474402204e-05,-1.397859278711636e-05,1.395747526165656e-05,1.3957475261596935e-05,-0.007693525249352212,-0.4571578722608431,0.001175719324801755,-0.41457758750321333
-0.35578498732329794,0.7294375287339058,-0.1944590381860102,-0.5941398540905847,-0.9078439917276264,0.11221536239483378,0.6894904790442917,0.5377632504620494,-0.9078358158364523,1.0000000004046843,0.9019505801591903,0.848560868558378,0.6983133726757321,-0.7864567035490366,0.7966801829223521,-0.02467084357075767,0.030647363835034018,0.008561514626409552,0.44995942173890746,-0.023917775772639982,-0.49870988612028866,0.007364112185131964,-0.005417869598028013,-0.744645621778797,0.7607574484624744,0.7650775061996242,-0.832700858593727,0.8159664864334976,-0.8065186766517026,-0.8079738733055514,-0.004189297280747527,0.0009742942004768438,-0.000964723929475841,0.002232238506905096,-0.0009656383417070648,-0.775185688529802,0.780515205286651,-0.776522955495767,-0.7819386349956529,0.0009563753156459038,-0.0009536888418527761,-0.0009427158927087741,0.7761179797940563,-0.7754600697518388,0.7831106312972881,0.7667664901800433,0.000938568173355124,-0.0009141751726272515,0.0009581800254662169,0.0009197223210402654,0.0005690744358967931,-0.9861762511238099,0.8896506370965048,0.7178830695594207,-0.8958859980137214,-0.44869168836845996,-0.1672879124558332,-0.7273654033977163,-0.7915448373048766,0.7998316664723216,-0.7998261667475689,-0.0005851935084781265,1.0024538339555813e-05,-9.826378089726926e-06,0.7519474418998958,-0.7579277309261834,-0.7459019143228962,0.7549550581930005,0.7367053087023521,0.7489387289752965,0.1673213615254477,0.16736034632912916,-0.7549557980445988,-0.7519573326446737,-0.7549587378009525,9.73389707892959e-06,-9.661957736648258e-06,9.73789257988422e-06,9.637648054829856e-06,9.637648054874367e-06,-0.1673972168714307,0.7549601698280154,-9.666886687152548e-06,9.613532935890632e-06,-9.59573000291406e-06,-9.595730002850504e-06,0.005408739488881517,0.7819350323514564,-0.0009565285129060941,0.7519587001220858
-0.05958528298368365,0.36702657126872135,-0.27744120404719447,-0.237421668434778,-0.6377628073798008,-0.10326459556842603,0.7989975327491802,0.7456025953752821,-0.9999007112374394,0.9019505801591903,0.9999999995271984,0.5420811874410484,0.35162561336318743,-0.45776415835636497,0.47038583399227907,-0.03465682081425011,0.04292320170127254,0.012151853529815144,0.234051924990858,-0.03340172616403313,-0.30231732861917093,0.010157201982699508,-0.0077526864708634385,-0.4142906179298598,0.4368529026654217,0.42834038789491635,-0.5187891100434793,0.4949582071666699,-0.4827860561002102,-0.4828768482292232,-0.005708272676501872,0.0012042540528924373,-0.0011929891754829257,0.0032900877577228893,-0.0011939165831675082,-0.4425185759903079,0.4429979333046723,-0.4373560755663344,-0.4446403650060123,0.0011832558139974487,-0.0011798408908467214,-0.0011669677870411942,0.436304830519087,-0.4351126508256861,0.4461470275337916,0.4226716727641713,0.0011612494122949558,-0.0011310430601171957,0.0011850965149128286,0.0011389936485788428,0.0007027932643088225,-0.8309743511913029,0.9996066747531773,0.35493275539564423,-0.999900492880619,-0.7879349750807101,0.26886936386664717,-0.3678039752712563,-0.4584698933528494,0.47071129439964354,-0.4707034195582445,-0.0007261274054151949,1.4552376520013863e-05,-1.4329368589295229e-05,0.4017543107484201,-0.41015130920605863,-0.3933215582987421,0.4059657703299257,0.38060074336919825,0.3975479829938103,-0.2688373457251635,-0.2688002166169436,-0.4059669502732471,-0.401763502063649,-0.40596942984804363,1.423262650168873e-05,-1.4158601928477496e-05,1.4223886572090734e-05,1.4133733201923273e-05,1.413373320195699e-05,0.2687648751746356,0.405971041221092,-1.413937585715914e-05,1.4075940546058197e-05,-1.4054779627479472e-05,-1.4054779627419443e-05,0.007741359708103293,0.44463470732597415,-0.0011831143627410484,0.40176527384696786
-0.53481004437004,0.9538914864023785,-0.1497210084134901,-0.9077136732313035,-0.9868865643647752,0.43813253505775945,0.44004888733337044,0.07823257472434883,-0.553814547471074,0.848560868558378,0.5420811874410484,0.9999999951928424,0.960690598227697,-0.9916054995551832,0.9941856364313257,-0.010035541583276538,0.0126013789965093,0.0033467680046156004,0.594141669977147,-0.0099452636691515,-0.6141816997338042,0.0032023610327479263,-0.002050212993883232,-0.95542309717026,0.9620124714661739,0.9789125395755909,-0.9994646589408835,0.997880546388365,-0.9962778345250346,-0.9970286051261582,-0.0019001678718764373,0.0005791254403450804,-0.0005741476679292184,0.0007387696128975327,-0.000574789438878597,-0.982919501796642,0.9922808487859839,-0.9909083344096373,-0.992969265131672,0.0005696411686810426,-0.0005684016467873735,-0.0005614502021657211,0.9915037861807221,-0.9917754612656184,0.993331207096999,0.9899977084303603,0.0005597937140944061,-0.0005455643522033686,0.0005708945228434243,0.0005475975928927263,0.0003411580065337774,-0.9175141518289321,0.5183008148579935,0.9773157236368497,-0.5302382278706206,0.0898650340310321,-0.6629222710398899,-0.9801028907027023,-0.9947533207371646,0.9959861244739382,-0.9959843980020457,-0.00034692415602359804,3.558795844971799e-06,-3.443399224799986e-06,0.9866151677335422,-0.9880327051795517,-0.9851142537155969,0.9873378967367247,0.9827023651749702,0.9858771813967115,0.6629474613754879,0.662977240452568,-0.9873367845945031,-0.9866188088178903,-0.9873383924795613,3.380474940210737e-06,-3.3300041851725437e-06,3.3991562822049803e-06,3.31276759995829e-06,3.3127675999755297e-06,-0.66300506251522,0.9873381027119827,-3.363480937448744e-06,3.3365899034614846e-06,-3.3276080628893583e-06,-3.327608062867849e-06,0.002046193314930391,0.9929682869261229,-0.0005700856338329049,0.9866181806711427
-0.4161782813844258,0.9062387631363477,-0.2804693208962158,-0.9885075358762655,-0.9033568400982575,0.6558925191562657,0.403438693597828,-0.19686574668683401,-0.3645395215918304,0.6983133726757321,0.35162561336318743,0.960690598227697,0.9999999934097028,-0.9885060521053634,0.984950146789231,-0.009561741894496515,0.012014404349146973,0.003170982350962463,0.589092811419132,-0.009506554427812126,-0.6081689550191639,0.003082647404605163,-0.0019343343324365447,-0.9468348769745057,0.9530483233867099,0.970142013012807,-0.9690503570539251,0.9763840810349518,-0.980908938310377,-0.9783400640935999,-0.0018424307159692782,0.0005822488432338454,-0.0005794699134162107,0.0006794254882024035,-0.0005799229329275785,-0.9737330292025052,0.9829786157762007,-0.9820611275089773,-0.9831904579436221,0.0005767638426008708,-0.0005759611197393264,-0.0005694662530395489,0.9831257402071751,-0.9838704557970784,0.9830794131560517,0.9849174675284902,0.0005681292469949085,-0.0005541833812411364,0.0005776400313481936,0.0005560172339829386,0.0003468860968883281,-0.8054854361404093,0.32559746612216833,0.9874079205060149,-0.33863944163095716,0.29108728515499577,-0.794157573187054,-0.9873408044779982,-0.9816871912649814,0.9801079541565904,-0.9801069367285883,-0.00035224124235589153,3.329109347639577e-06,-3.2560682481307875e-06,0.9862547981866098,-0.9857797183887191,-0.9866488350736713,0.986021924050414,0.9870876330457985,0.9864583371213265,0.7941754485523432,0.7941971041964907,-0.9860185479440389,-0.9862490026358032,-0.9860178228353158,3.2102410908613143e-06,-3.1726167706553794e-06,3.2328685810883564e-06,3.159665509561558e-06,3.159665509523752e-06,-0.7942170495900511,0.9860152292147865,-3.2140193673487405e-06,3.1997419602041665e-06,-3.1949641740462147e-06,-3.1949641740871277e-06,0.001932643439388684,0.9831893002749355,-0.0005772293071097572,0.9862459770950546
0.486242226119917,-0.9416873714331291,0.21055517794563697,0.9543186181490728,0.9577662103016793,-0.543314638358913,-0.42578132189628126,0.049385720724303896,0.47017211834940525,-0.7864567035490366,-0.45776415835636497,-0.9916054995551832,-0.9885060521053634,0.9999999948105954,-0.999747116763065,0.009821880383164385,-0.012338274400464524,-0.0032658331704990464,-0.5978293027707231,0.009750087606952305,0.6174369631164377,-0.0031509335236455075,0.0019960814749259838,0.9610167532533855,-0.9674365564697877,-0.9846445744355999,0.9952210814626685,-0.9977834373045879,0.9990113206107261,0.9982471680130743,0.0018765659623193433,-0.0005828050836925247,0.0005788145330916423,-0.0007099244761900801,0.0005793740234421163,0.9884611053878647,-0.997874225657209,0.996712677132725,0.998346824694684,-0.0005751132953805088,0.0005740708878885484,0.000567295773568148,-0.9975332495002875,0.9980285962991896,-0.9984913202134724,-0.9975648769300165,-0.000565785539878927,0.0005516318950940564,-0.0005762019451420058,-0.0005535707895126553,-0.00034512015498083934,0.8739423198242026,-0.43268483649675,-0.9919082392763104,0.445263091783291,-0.18561697879644298,0.7314525423606534,0.9933779235967929,0.998600526755127,-0.998519585482608,0.9985181889138272,0.00035068685609265386,-3.446179328425572e-06,3.3495941500802833e-06,-0.9963736804623711,0.9969131755403313,0.9957510464174312,-0.996653241927047,-0.9946587725457734,-0.9960722142766197,-0.7314745631332507,-0.7315008379421644,0.9966510748498343,0.9963730048651845,0.9966516229000252,-3.2940990622895283e-06,3.2491784658202407e-06,-3.314828904363707e-06,-3.233789318258741e-06,-3.233789318250816e-06,0.7315252523040069,-0.9966502678723544,3.286729026278541e-06,-3.265515489949192e-06,3.2584257696357535e-06,3.258425769642832e-06,-0.001993119513483346,-0.9983457703991452,0.0005755726638039469,-0.9963712642234359
-0.4979528256135342,0.9459855652921166,-0.19724279367467856,-0.9475329146982129,-0.9637884035224906,0.5249851790124129,0.42529860043682843,-0.02852188944191334,-0.48271274905354083,0.7966801829223521,0.47038583399227907,0.9941856364313257,0.984950146789231,-0.999747116763065,0.9999999956846166,-0.00967031072812782,0.01214991831980512,0.003214232760953068,0.598226733024112,-0.0096013126437322,-0.6175376471030485,0.0031037466303781617,-0.0019638278819801604,-0.9614583418537344,0.9677853145884937,0.9850697725399108,-0.9971264019061264,0.9990124733217726,-0.999748702009128,-0.9992901447513769,-0.0018487746068231244,0.0005748336769342123,-0.0005706990144745458,0.0006976833749181868,-0.0005712713712312137,-0.9888443430265123,0.9982874938126496,-0.9971162789854738,-0.9987955662821603,0.0005668825152895436,-0.0005658186855803911,-0.0005590806812325967,0.9979013815050216,-0.9983610241793301,0.9989752906099464,0.9977097879504928,0.0005575745162744427,-0.0005435845575105241,0.0005679968842342475,0.0005454940071299902,0.0003400811595114719,-0.8812504024648606,0.44546107494806203,0.9910444181248313,-0.4579633334721555,0.17215375763884275,-0.7225549286080888,-0.9927040004988629,-0.9992709705992175,0.9993763577876822,-0.9993749399828528,-0.0003455444950673745,3.3791068251404686e-06,-3.2797299451701437e-06,0.996205126128737,-0.9968703989070931,-0.9954565285823688,0.9965483808679543,0.9941746239515588,0.9958411905578092,0.7225774824316878,0.7226043437985304,-0.9965464114972085,-0.9962052674625866,-0.9965471618607489,3.223111714204817e-06,-3.1773480669506028e-06,3.243575137348533e-06,3.161677855785646e-06,3.1616778557825928e-06,-0.7226293285067398,0.9965460074418396,-3.2143645035328047e-06,3.192318454856777e-06,-3.1849513348867243e-06,-3.1849513348884023e-06,0.001960712038731159,0.998794560407108,-0.0005673412930775702,0.9962037342626099
-0.03284969934396421,0.005261823916013307,0.04414408937236357,0.00907847041367216,0.010367066531631584,-0.019224155723054377,-0.04914656246099364,-0.010270952281591599,0.03444321909082634,-0.02467084357075767,-0.03465682081425011,-0.010035541583276538,-0.009561741894496515,0.009821880383164385,-0.00967031072812782,0.9999999987885977,-0.7938591431313934,-0.7938634334628862,0.6298835397237025,0.26042904987105936,0.629861579024766,0.3803653077690577,0.7254896917513389,-0.20569635519810053,-0.2056276106817173,0.1215272855561484,0.009698871748165297,-0.009353570513423741,0.00951401411864136,0.008840735662646298,-0.47554269969736235,0.5654426561782098,-0.5653536912023612,-0.6490667484783136,-0.5653471842592501,0.12142985282803259,-0.035805807159627154,-0.03593022187285621,0.021555993139643556,0.5650808178753013,-0.5646036123940456,-0.5595707571238173,0.0217045084496305,-0.007470606561676598,-0.007300756039262353,0.008003263920043299,0.5579528142478242,-0.5447469195992447,0.5650677823247706,0.5474865361627401,0.33995479957955205,0.014944261699219447,-0.03513220263165732,0.010757678151022783,0.034886570227483156,0.042232398129951935,-0.03287792911118249,-0.010250438703352793,0.007814239150709232,-0.008327258420828447,0.00832622973185498,-0.3483455830069144,0.005287683129770464,-0.005287691130440724,0.008881243011335497,-0.008533246311024251,-0.009227271883883632,0.00871273530271949,0.009740321577070154,0.00905767823660059,0.03286352122367853,0.03284905929695612,-0.008714064287422904,-0.008886632422896529,-0.008715480787834478,0.005287691721024904,-0.0052876957535893596,0.005287693351826507,0.005287693538458998,0.005287693538458732,-0.032834606460511055,0.008716868030124779,-0.005287697187635291,0.005287702545365459,-0.005287700707926156,-0.0052877007079264364,-0.725488594051885,-0.02155515857029579,-0.5650676543652111,0.008887974301717678
0.04048288961294336,-0.006306560228303736,-0.05458015756208439,-0.011409783369002044,-0.013006972654759821,0.023856697348993972,0.0608105062204587,0.012688514980076422,-0.042658814556756124,0.030647363835034018,0.04292320170127254,0.0126013789965093,0.012014404349146973,-0.012338274400464524,0.01214991831980512,-0.7938591431313934,0.9999999995750203,0.26043452630305275,-0.7934390450524672,-0.7938598550419689,-0.7934202854697038,0.26043621066216904,-0.15742380235402118,0.2591019390886054,0.25902937462024683,-0.15307659358498635,-0.012183848765148542,0.011755195141865512,-0.011955308110597284,-0.011117253967114767,-0.15742574601267934,0.05267014148325706,-0.05265708711095662,0.05266872050784189,-0.052665036694479014,-0.1529680233862558,0.045109917920389604,0.045252623578467384,-0.0271585024815265,0.05262711920148566,-0.05260399301463351,-0.052088206614640795,-0.027331946421666347,0.009400977960674314,0.009200158565007333,-0.01006509467106347,0.05200999337959778,-0.050805001634530715,0.05264301834757306,0.050937392946846675,0.031855144908723355,-0.01840776281765211,0.04351348771390089,-0.013489220660151513,-0.04320820466350993,-0.052410848914149516,0.04088812616518827,0.012859808194235364,-0.009839570171552927,0.01047828918447868,-0.010477160938616224,-0.03226060627492877,0.00025551172879929846,-0.0002555122346684514,-0.011158827791693408,0.010725759538945986,0.011589220668590909,-0.010950052152666034,-0.012226489194011597,-0.011378877885667339,-0.04087026016732571,-0.04085233918856467,0.010951929143604213,0.011166479904445633,0.010953930365010332,0.0002555129519478092,-0.0002555139001408337,0.0002555122764859897,0.00025551411095129024,0.00025551411095159295,0.04083442545660454,-0.010955889878967671,-0.0002555125197833573,0.0002555128682104799,-0.0002555128547774422,-0.00025551285477707015,0.15742268534161874,0.02715749926394358,-0.0526429295377098,-0.01116839166651171
0.011679533571659363,-0.0020429138290626258,-0.01552259658799955,-0.0030025180113506106,-0.003473391787216062,0.006652451298281871,0.017260391860659727,0.003661421968125768,-0.01207688817725348,0.008561514626409552,0.012151853529815144,0.0033467680046156004,0.003170982350962463,-0.0032658331704990464,0.003214232760953068,-0.7938634334628862,0.26043452630305275,1.000000001173339,-0.20663967058332264,0.3803666637299175,-0.2066340389140806,-0.864348260029736,-0.9944521503449274,0.06747983593029523,0.06745987750870447,-0.039867332231252536,-0.003228398345670809,0.0031074345010439295,-0.0031613768398789975,-0.0029304362138547935,0.9124540453580658,-0.9504351607069823,0.9502808553051196,0.9778686978230562,0.9502784737651175,-0.03983821592057472,0.011748650408446693,0.011786285215855005,-0.007075348576415354,-0.9498176411639099,0.9490368463995625,0.9405302908114406,-0.007120497847962738,0.002452003385175764,0.0024003625691759174,-0.0026343038186097804,-0.9378832373813306,0.9157109736109964,-0.9498128436663799,-0.9201931089072727,-0.5716084268712206,-0.005352591590581503,0.012316737306747828,-0.003587208937359927,-0.012231831494116404,-0.014690709474741681,0.01134050806852406,0.0034105532894039537,-0.0025769239407245972,0.0027534399646100844,-0.0027529344986795892,0.5853361028724022,-0.008650871977439533,0.00865088519727696,-0.0029357363316390144,0.002815810379123263,0.003055213933528118,-0.002876731997692775,-0.0032332363101344294,-0.002996052388050268,-0.011335496843108797,-0.011330454577974464,0.002876964984996316,0.0029366406647666076,0.0028772126638954678,-0.0086508868568442,0.00865089421110315,-0.008650888771487264,-0.008650890906073067,-0.00865089090607296,0.011325419570079041,-0.0028774556142837893,0.008650895109340445,-0.008650903967618006,0.008650901037939408,0.008650901037939484,0.9944519676982657,0.007075026407632703,0.9498125517959154,-0.002936859326944932
-0.3578477590501621,0.5888582752784862,-0.0507683503929363,-0.5668312374691366,-0.5750522907824857,0.2912317584485063,0.18306741131914855,-0.03329350864334526,-0.24190445418541656,0.44995942173890746,0.234051924990858,0.594141669977147,0.589092811419132,-0.5978293027707231,0.598226733024112,0.6298835397237025,-0.7934390450524672,-0.20663967058332264,0.9999999986403831,0.6298865305622807,0.25906479276679034,-0.20664539762829945,0.12490684465827423,-0.7934409614715353,0.38234739828462727,0.722928991831679,-0.5964566043660577,0.5981389401515333,-0.5983303254891588,-0.5991068040616474,0.12491404693394105,-0.04179721084267601,0.041789071738126835,-0.04178676542798825,0.041795089324225744,-0.4801112946742117,0.5722347909854614,-0.6439280148369549,-0.5868709992960263,-0.04176724408500252,0.04174930822212094,0.04134070102573427,0.6301028691475495,-0.6160709098129798,0.6013120985684711,0.616489987245509,-0.04127888194817235,0.040323077372769335,-0.041779297701855844,-0.04042807445534533,-0.025283077710625452,-0.512143396335377,0.21814339475230218,0.6166750496461844,-0.22612821822395457,0.16677918468177405,-0.4866258853642948,-0.6169014240196925,-0.6006932088788159,0.5999587069266688,-0.5999590335915195,0.025604856065100105,-0.00020281269729921598,0.00020286944550325194,0.6169213344057195,-0.6167913609280321,-0.6169981477648225,0.6168697029730966,0.6170090715383799,0.6169703602884471,0.4866250784886222,0.4866267804125308,-0.6168701727115979,-0.6169282045069209,-0.6168723993969506,-0.00020290283080657713,0.00020293020729711782,-0.0002028894044340498,-0.00020293950134881583,-0.0002029395013490548,-0.48662736611637264,0.6168734319433914,0.00020290571278806208,-0.00020291816040398354,0.00020292221678927787,0.00020292221678898343,-0.12490761647998305,0.5868714791995122,0.04177958647373097,0.6169289629138938
-0.031414686500916035,0.004760213424006659,0.042488229641838536,0.009040564980019507,0.010246876325428696,-0.018678854310701154,-0.047330448116928193,-0.009796225237516307,0.033195946212025235,-0.023917775772639982,-0.03340172616403313,-0.0099452636691515,-0.009506554427812126,0.009750087606952305,-0.0096013126437322,0.26042904987105936,-0.7938598550419689,0.3803666637299175,0.6298865305622807,0.9999999996909955,0.6298593696312818,-0.7938649779167961,-0.47554475365945337,-0.2057005183132922,-0.20562336575607323,0.12153125551109951,0.009621530721254275,-0.009288792819811247,0.009447343160491553,0.00879004577283535,0.725490955448424,-0.6490682566607174,0.6489585659660297,0.5654436401400994,0.6489646807611852,0.12142491260328853,-0.035800186890939945,-0.035934088941228876,0.02154793046234224,-0.6486381127180003,0.648124189699904,0.642272408169449,0.021706558757856653,-0.007470872404674348,-0.007290100812088217,0.007991347355792098,-0.640530285282074,0.6254111978476948,-0.648650320611283,-0.6283610137139237,-0.3905319530276908,0.014221199782068357,-0.033862825602046905,0.010666510143962516,0.0336241086047736,0.040892553048749364,-0.03199021500292483,-0.010175732219570256,0.007790526393800504,-0.008290318913856847,0.00828955706615194,0.39956649251173365,-0.005693362295372719,0.005693371119852228,0.008847738756891472,-0.008509014113551597,-0.00918418227478434,0.00868520508124982,0.009681627442236301,0.009020246677668944,0.031976259272066376,0.03196227069533312,-0.00868685640233441,-0.008854499662784943,-0.00868861750504799,-0.005693372857809783,0.0056933784022951215,-0.005693373417727352,-0.005693376524033523,-0.0056933765240337495,-0.031948284402510185,0.008690341612796129,0.005693377647905251,-0.005693383564902403,0.005693381708158062,0.005693381708157752,0.47554542836112423,-0.021547172788676138,0.6486500518365357,0.008856193345622706
0.2935878331240112,-0.578864548304949,0.13742226427388582,0.5849301018296237,0.5957540537895927,-0.3290463400916879,-0.2796868162115613,0.013027304173978817,0.3097496449306951,-0.49870988612028866,-0.30231732861917093,-0.6141816997338042,-0.6081689550191639,0.6174369631164377,-0.6175376471030485,0.629861579024766,-0.7934202854697038,-0.2066340389140806,0.25906479276679034,0.6298593696312818,0.9999999994456752,-0.20663043148259014,0.12490315324973916,0.38230709240775934,-0.7934151594472861,-0.48004268813993783,0.6158298644191529,-0.6168277395367953,0.6173345555070172,0.6167811245277943,0.12489846878702836,-0.04178270134064468,0.04177012331379508,-0.0417914676566488,0.04177672065746242,0.722875491610734,-0.6438434867465819,0.572143593281831,0.629993680944581,-0.04174439480757702,0.041725632234231515,0.04131576083037188,-0.5867557213050143,0.6011773587154067,-0.6159377649559339,-0.600540406266364,-0.041253465973262425,0.040297122095309154,-0.041757571016101884,-0.040402212030971454,-0.025266434779497086,0.5414546741208676,-0.2873467441062149,-0.5952802126628804,0.29484651921009775,-0.08346193047330026,0.4216565064275683,0.5965075688008042,0.6163356999943311,-0.6166169193579177,0.6166154543143865,0.025588068343697774,-0.00020264956319092408,0.0002025935834003764,-0.599232525957875,0.599791223537644,0.5986249117956602,-0.5995129200264722,-0.5976223940108935,-0.5989316371595538,-0.42168405472267095,-0.42171419974269064,0.59951041152346,0.5992272547166645,0.5995094629179208,-0.00020256132213728525,0.00020253543957118061,-0.00020257367401701093,-0.0002025264764589894,-0.00020252647645923087,0.4217432168252237,-0.5995073863039604,0.00020255773828415358,-0.00020254583347678528,0.00020254175240827076,0.00020254175240797385,-0.12490060704689639,-0.6299925679028119,0.041757140998822315,-0.5992249797865152
