1.000000010098608,-1.0000143561720212,-1.00001424061701,-1.000014632965594,1.0000145297488048,-0.9937440017002414,1.0000128887635444,0.975129057796486,0.6688367807698867,-0.7223174577810179,-0.6116457863582165,0.7223230109305034,-0.9751368583610535,-0.975459209037675,0.9754620702705025,-0.7950311261097411,0.7950193105641657,0.8577734999976024,-0.8577589354520112,0.42075825363615704,-0.4208277757321255,-0.4207226207014834,-0.7858043263223732,0.7857336763631375,0.785871053160552,0.7121555651949181,-0.7121434677400496,-0.7121616382353481,-0.6297244423726694,0.6297146151585469,-0.7858765949982558,0.909755809120884,-0.9443780615615296,-0.9173487061941512,-0.7860183646814498,0.785976191392222,0.7860354035847643,0.7860354035847643,-1.000014692023732,1.0000144586165425,1.0000146561159657,1.0000147231072973,-1.0000145774499305,-1.0000145564344134,1.0000152293519362,-0.9938842742907695,0.9381233349951633,0.6960633848526024,-0.6688379341790024,-0.6960663492027861,0.6406845363084116,0.5194760973706355,-0.9315334629813546,-0.9449839808294838,0.9246084022287583,0.9449801385571849,0.9028339738768512,0.31702223589095085,-0.8495313251205427,-0.316982923031585,-0.20934023751709194,0.8495303135225971,0.09909154946409579,-0.539462894337665,0.4424944693091385,0.5394769662888,0.01234894984145738,-0.34001783254773377,0.23327115541515453,0.34004246041581354,-0.7859267834621452,-0.12359611267230118,-0.7860440730786094,-0.7860440730786094
-1.0000143561720212,1.0000000102845972,1.0000143767698741,1.0000147638882784,-1.000014655290294,0.9937468351932057,-1.000013032876419,-0.9751345461186054,-0.6688548440124634,0.7223342743991008,0.6116649960244434,-0.7223398273952023,0.9751423459453817,0.9754540119580847,-0.9754568735491442,0.7950458972244199,-0.79503408205892,-0.8577860418643797,0.857771477901684,-0.42078024417883336,0.4208497654992013,0.42074461164760846,0.785789474458539,-0.7857188223602501,-0.7858562032898805,-0.7121386835347888,0.7121265857897315,0.7121447567153495,0.6297057412941921,-0.629695913899677,0.7858617452974189,-0.9097659670016658,0.9443861379513209,0.917358452639287,0.7860035191505821,-0.7859613446288921,-0.7860205585493878,-0.7860205585493883,1.0000148257264747,-1.000014585287181,-1.000014788658425,-1.0000148596821694,1.0000147091726266,1.0000146963006333,-1.0000153687414222,0.9938817320247897,-0.9381318322150279,-0.6960808367941195,0.6688559973828988,0.6960838010726726,-0.640703185711296,-0.5194968268415867,0.9315423789154155,0.9449761946377799,-0.9246177346265341,-0.9449723521270619,-0.9028236949296912,-0.3170452101550949,0.849518680540259,0.31700589761311193,0.20936390916985365,-0.8495176689525591,-0.09911562343790149,0.5394426051287035,-0.4424728432694147,-0.5394566772862621,-0.012324773291319096,0.3399951376952788,-0.23324767301473143,-0.340019765776408,0.7859119352444289,0.12357213423435025,0.7860292282903698,0.7860292282903703
-1.00001424061701,1.0000143767698741,1.0000000101202835,1.0000146480859615,-1.0000145447199473,0.9937426843616093,-1.0000128973830795,-0.9751264305448056,-0.6688279315838361,0.7223092272523647,0.6116363676031711,-0.7223147804778878,0.9751342314736131,0.9754618481042385,-0.9754647091607339,0.7950239094971482,-0.7950120937633067,-0.857767387065217,0.8577528222311818,-0.4207474491250375,0.4208169716088205,0.420711815988675,0.785811708636882,-0.785741059726247,-0.7858784344980578,-0.7121639420272291,0.7121518447144327,0.7121700149990746,0.6297337093387545,-0.6297238822127631,0.7858839762524931,-0.9097508752742545,0.9443741563335781,0.9173439757279973,0.7860257438918675,-0.7859835712066806,-0.7860427825523397,-0.7860427825523396,1.000014705773986,-1.0000144730311884,-1.0000146704380515,-1.0000147354420463,1.000014592176021,1.0000145671470304,-1.0000152402995632,0.9938856064019387,-0.9381192218632939,-0.6960548391142749,0.6688290850121055,0.6960578034999994,-0.6406753959915154,-0.5194659222401442,0.9315291429616789,0.9449878935107564,-0.9246038764037234,-0.9449840513556628,-0.9028391117536885,-0.3170109382914704,0.849537624652561,0.31697162527254036,0.2093285876338981,-0.8495366130494789,-0.09907969251660419,0.5394729368238386,-0.44250516292835884,-0.5394870086743545,-0.01236086621920794,0.34002904476882523,-0.23328274727691292,-0.34005367253386415,0.7859341639894469,0.12360794027080027,0.7860514519250769,0.7860514519250769
-1.000014632965594,1.0000147638882784,1.0000146480859615,1.0000000106689826,-1.0000149260642623,0.9937451670219956,-1.0000132944136313,-0.9751309684968649,-0.6688421424730331,0.7223224857994505,0.6116514520034614,-0.7223280389075051,0.9751387688552444,0.9754580924566216,-0.9754609537919869,0.7950356011205296,-0.7950237856783282,-0.8577773663043374,0.8577628019185807,-0.4207646375242702,0.42083415942585456,0.4207290046909041,0.7858004051463795,-0.7857297545553259,-0.7858671325736075,-0.7121510420662277,0.7121389445247257,0.7121571151485797,0.6297193736918918,-0.6297095464230728,0.7858726744614539,-0.9097590189575359,0.9443806942981695,0.9173518022323186,0.7860144453778072,-0.7859722717240115,-0.7860314844277206,-0.7860314844277202,1.0000150947250839,-1.0000148609358588,-1.000015058488573,-1.000015126622391,1.0000149795902549,1.000014960881949,-1.0000156336646484,0.9938839165966982,-0.9381260846801024,-0.6960685832938133,0.6688432958716095,0.6960715476247844,-0.6406900538128931,-0.5194821599840324,0.9315363288928569,0.9449821195799989,-0.9246113836069341,-0.9449782772387492,-0.9028313909997011,-0.3170288606438282,0.8495280525635437,0.31698954786004263,0.20934702057098467,-0.8495270409681339,-0.09909840628370795,0.5394573427769126,-0.44248850362020664,-0.5394714147916675,-0.012342104614977258,0.34001152665635714,-0.23326458745185558,-0.3400361545937834,0.7859228633638509,0.12358936415988178,0.7860401539947482,0.7860401539947489
1.0000145297488048,-1.000014655290294,-1.0000145447199473,-1.0000149260642623,1.0000000105227274,-0.9937464647727877,1.00001319811476,0.9751336445119214,0.6688513840897832,-0.7223310725786677,-0.6116612971924548,0.7223366256063275,-0.9751414444868266,-0.9754552338572268,0.9754580953776546,-0.7950431159911275,0.7950313007478081,0.8577837157994351,-0.8577691517180843,0.42077595571287446,-0.42084547720083243,-0.420740323094576,-0.7857925782222526,0.785721926535348,0.7858593066704352,0.7121421763883918,-0.7121300786986413,-0.7121482495422886,-0.6297095797279,0.6296997523673213,-0.7858648486453037,0.9097641247691073,-0.9443847160725827,-0.9173566936407738,-0.7860066216972383,0.7859644474123029,0.7860236610008784,0.7860236610008775,-1.0000149930339526,1.0000147585465087,1.0000149561964813,1.0000150264188767,-1.0000148711896033,-1.0000148623832215,1.0000155349188797,-0.9938824299218975,0.9381303254947679,0.6960775036299297,-0.6688525374681284,-0.696080467923293,0.640699603846729,0.5194928081191869,-0.9315407877091371,-0.9449779251463127,0.9246160593164799,0.944974082682225,0.9028259126358421,0.31704070608866614,-0.8495213580196048,-0.31700139347599826,-0.20935924563903296,0.849520346429681,0.09911085858196149,-0.539446741662022,0.4424772266628622,0.539460813781291,0.012329580137091001,-0.33999971361943476,0.2332523847477892,0.3400243416630025,-0.7859150383072968,-0.12357692327856294,-0.7860323306944286,-0.7860323306944281
-0.9937440017002414,0.9937468351932057,0.9937426843616093,0.9937451670219956,-0.9937464647727877,1.0000000102310223,-0.9938044234492736,-0.9938034554738113,-0.7477636927801316,0.7951122734535684,0.6962669704216272,-0.7951170791891733,0.9938077965651928,0.9447217081907805,-0.9447262061457061,0.8578675825870494,-0.8578576056399053,-0.9098705067018663,0.909858737458034,-0.5195505996275215,0.5196160579130651,0.5195170769380131,0.7117266277808757,-0.7116465724807735,-0.7118021125198938,-0.6291983411998822,0.6291849854637925,0.6292050202342221,0.5389208649363867,-0.5389102713669762,0.7118084014364425,-0.9504718243448662,0.9752311773891521,0.9561100310757185,0.7119684797956456,-0.7119208971071012,-0.7119876928432602,-0.7119876928432597,0.9937580816159958,-0.993751615668139,-0.9937526804792228,-0.9937713938861784,0.9937488115155936,0.9937864482305541,-0.9937849120820437,0.9752960471123763,-0.9709653823569088,-0.7719764458570032,0.7477646593823837,0.7719790585923304,-0.7225154112412033,-0.6117585488465485,0.9663569619158158,0.9024838535008112,-0.9614052506082875,-0.9024789353508568,-0.8490970371187305,-0.4210765007144473,0.7852220682033224,0.42103892546861166,0.317359536744285,-0.7852211107398227,-0.20972912699423876,0.4419362784482328,-0.33945294083588756,-0.4419512080509929,0.09952907064519227,0.23273858298714678,-0.1230841173755781,-0.23276402663122928,0.7118651033322447,0.011869371400326439,0.7119974455270964,0.7119974455270959
1.0000128887635444,-1.000013032876419,-1.0000128973830795,-1.0000132944136313,1.00001319811476,-0.9938044234492736,1.0000000084100427,0.9752502140298599,0.6692465306368643,-0.7226984976189933,-0.6120819732807333,0.7227040472404735,-0.9752579977061776,-0.9753362613285304,0.9753391307322488,-0.7953651226751837,0.795353315863081,0.8580562989093703,-0.8580417477424023,0.4212587946595338,-0.4213282987380471,-0.4212231710947933,-0.7854616411045325,0.7853909425853793,0.7855284131873489,0.7117668291729052,-0.7117547251422545,-0.7117729053876279,-0.6292944995479095,0.6292846682560097,-0.7855339588804943,0.9099839220486289,-0.9445584740046994,-0.9175673872143666,-0.7856758232145954,0.7856336219517833,0.7856928733637574,0.7856928733637573,-1.0000134169830877,1.0000131527785836,1.0000133545685608,1.0000135136804778,-1.0000132571751383,-1.0000134165150592,1.0000140842228915,-0.9938218889810427,0.938313388164794,0.6964590519893739,-0.6692476831573198,-0.6964620146902971,0.6411077985854733,0.5199474024807793,-0.9317331099920823,-0.9448020181214386,0.924817593120249,0.9447981704197593,0.9025952479313901,0.31754569863482945,-0.8492387882656726,-0.3175063931953032,-0.20988009793818507,0.8492377769055836,0.09964107800833283,-0.5389970622642358,0.44199851783617855,0.5390111388697164,0.011796595527455798,-0.33949790825655257,0.232733702141259,0.33952254088480066,-0.7855841810096694,-0.1230478024997314,-0.7857015484658593,-0.7857015484658594
0.975129057796486,-0.9751345461186054,-0.9751264305448056,-0.9751309684968649,0.9751336445119214,-0.9938034554738113,0.9752502140298599,1.0000000112751706,0.8170108432413257,-0.8576663916889341,-0.7718230262313566,0.8576703936614618,-1.000016715896508,-0.9023642043577849,0.9023702753812851,-0.9097284357615291,0.9097204130561661,0.9503945404945829,-0.9503857000443031,0.6114120766007544,-0.6114726749792164,-0.6113810717199568,-0.6291326075966933,0.6290441877307537,0.6292158693983936,0.5387939075025817,-0.5387794656680871,-0.538801106532987,-0.4418308557801617,0.4418196313457713,-0.6292228235947345,0.9791624654912474,-0.9937966836329258,-0.9827849061604305,-0.6293991318289105,0.6293467575036349,0.6294202696262078,0.6294202696262077,-0.9751565177666964,0.9751439289040655,0.9751458437166672,0.9751828834229659,-0.9751382503360752,-0.9752129002306994,0.975209184463014,-0.9446503569802969,0.9915636524564005,0.8379223286608929,-0.8170116118732231,-0.8379245588902873,0.7949673488816106,0.6959923756748055,-0.98898481150367,-0.8489446100253518,0.9860588900273043,0.8489386822639048,0.7850382406616726,0.5194015071409098,-0.7114357015517777,-0.5193661292749074,-0.42092252980402955,0.7114348098917348,0.31723837135438926,-0.3393622779166594,0.2326659013570419,0.339377875262666,-0.2096451640464839,-0.12306241433781176,0.011879149764960859,0.1230883531254149,-0.6292853024514173,0.09948327201805694,-0.6294309790008281,-0.6294309790008291
0.6688367807698867,-0.6688548440124634,-0.6688279315838361,-0.6688421424730331,0.6688513840897832,-0.7477636927801316,0.6692465306368643,0.8170108432413257,1.0000000002536977,-0.9972273356390028,-0.9972260561899097,0.9972263174198331,-0.8169933460505143,-0.48870856368888665,0.4887214791127742,-0.9826790958592663,0.9826829254439178,0.9558526500948336,-0.9558608875312316,0.9558204396077142,-0.9558428162124258,-0.9558091526926518,-0.06578909787436638,0.06567636431522479,0.06589473920167171,-0.04557904795473136,0.045596009633504166,0.04557070374190212,0.15631771134372244,-0.15632978919459672,-0.06590364405235631,0.9171154215214795,-0.8761372819169924,-0.909513682792272,-0.0661261071626605,0.06606017553648212,0.06615266935376057,0.06615266935376049,-0.6689276601537595,0.6688860545100009,0.6688919615423625,0.6690159880816189,-0.6688667041782508,-0.6691170733208218,0.6691028634892628,-0.5825796960218208,0.8849174813114309,0.9993064052849009,-0.9999999349618507,-0.999306173639678,0.9993059870322543,0.982677244048604,-0.8934098203197107,-0.3888463795288121,0.9016101314353183,0.38883649608333176,0.28418519271036735,0.9171004197230302,-0.17601801389864202,-0.917084040553628,-0.8669538046726796,0.1760176550746834,0.8060290103768224,0.26515116982981823,-0.37071722066339663,-0.2651354689946508,-0.73509626732369,0.47170497841643394,-0.5668840286541178,-0.47168205584982176,-0.06598261124627999,0.6550474139148548,-0.06616603124406686,-0.06616603124406627
-0.7223174577810179,0.7223342743991008,0.7223092272523647,0.7223224857994505,-0.7223310725786677,0.7951122734535684,-0.7226984976189933,-0.8576663916889341,-0.9972273356390028,1.0000000016888568,0.9889203663735147,-1.00000197777871,0.8576508957571929,0.552292706269842,-0.5523050074588246,0.9937490567575671,-0.9937514305736388,-0.9750754452770196,0.9750816499895668,-0.9312900314192749,0.9313178082852411,0.9312759639545124,0.13987841503192305,-0.13976646970730067,-0.13998336993492616,-0.028903030646632435,0.028886040623207536,0.028911400994322278,-0.08236609076168992,0.08237831024711056,0.1399922086361678,-0.9442443652459727,0.9095905057305917,0.9379329923181758,0.14021335180798472,-0.14014779566812616,-0.14023976756586704,-0.1402397675658674,0.7224020454579627,-0.7223633179892797,-0.7223688328441813,-0.7224842165785585,0.7223453290323031,0.7225782355257696,-0.7225650840512847,0.6414621210177744,-0.9171321365923089,-0.9993077990919701,0.9972270637230862,0.9993078860862865,-0.9937626974188414,-0.9661578293741289,0.9243724263212488,0.4563435476418876,-0.931307493715022,-0.45633396875850607,-0.35476114648861506,-0.8848839125574077,0.24880061806836737,0.884864739521468,0.8274529951598661,-0.2488001829840466,-0.7597385744304033,-0.1926468834818171,0.30055965023244985,0.19263086867873175,0.6825948230938333,-0.4047649112522629,0.5039940903053821,0.404741121461315,0.14007069376012385,-0.5969900691470031,0.14025306562776127,0.14025306562776113
-0.6116457863582165,0.6116649960244434,0.6116363676031711,0.6116514520034614,-0.6116612971924548,0.6962669704216272,-0.6120819732807333,-0.7718230262313566,-0.9972260561899097,0.9889203663735147,0.9999999998883676,-0.9889187207431049,0.7718036248412441,0.42241331814947874,-0.42242677616316515,0.9661578914520785,-0.9661631498793386,-0.9313274154201585,0.9313376398874423,-0.9750486443428634,0.9750654965491904,0.9750402005932076,-0.008665269158384576,0.00877816558470535,0.008559527431426404,0.11980838292928904,-0.11982522217164643,-0.11980011113930704,-0.22940228552315442,0.22941415473968202,-0.008550605829200295,-0.8848989154903588,0.8378238060923509,0.8760489784958639,-0.008328056851318818,0.008393998220900312,0.008301495575612163,0.008301495575612482,0.6117424533207952,-0.6116982002977571,-0.6117044667399261,-0.6118364480812545,0.6116775959318078,0.6119440388701695,-0.6119288495065401,0.5204654416330392,-0.8477938691246825,-0.9937615398974049,0.9972254967145175,0.9937609965812159,-0.9993058146541307,-0.9937454559706133,0.8574911493869658,0.3191920701681488,-0.8669112161866493,-0.3191819369867384,-0.21203268206120734,-0.9442295255995694,0.1022588872146602,0.9442160311607545,0.901645401439301,-0.1022586066416791,-0.847848211410496,-0.3361846745663295,0.43881839842946174,0.3361693747969441,0.7835199709447909,-0.5360284379477326,0.6266293660319938,0.5360065097652547,-0.008471594620469326,-0.7094710814410217,-0.008288143979404335,-0.008288143979404824
0.7223230109305034,-0.7223398273952023,-0.7223147804778878,-0.7223280389075051,0.7223366256063275,-0.7951170791891733,0.7227040472404735,0.8576703936614618,0.9972263174198331,-1.00000197777871,-0.9889187207431049,1.0000000011261867,-0.8576548979677637,-0.552299526511241,0.5523118276217918,-0.9937496056980282,0.9937519850318822,0.9750769323705918,-0.975083136848136,0.9312865862238708,-0.9313143636826885,-0.9312725184536863,-0.1398867203475869,0.13977477519200174,0.13999167509806978,0.02891145945459726,-0.02889446944003226,-0.028919829799303496,0.08235764298400931,-0.0823698624768102,-0.14000051378552472,0.9442467711558468,-0.9095936537262269,-0.937935549098481,-0.1402216566502916,0.1401561005996641,0.14024807237277206,0.14024807237277168,-0.7224075978335236,0.7223688707188994,0.7223743855253878,0.7224897681972202,-0.7223508819291584,-0.72258378627593,0.7225706349308613,-0.6414683444625684,0.9171351387183693,0.9993070941271327,-0.9972260398365829,-0.9993071754729181,0.9937613617158352,0.9661552681572235,-0.9243752812628059,-0.4563508800318319,0.9313102001923902,0.45634130118981364,0.3547689003965348,0.8848796284472454,-0.2488086976720087,-0.8848604551080044,-0.8274479255573367,0.24880826257934954,0.759732782766992,0.19263852144933935,-0.30055147765685264,-0.1926225066220268,-0.6825883817159959,0.40475702955421483,-0.503986597478751,-0.40473323968180935,-0.140078998798962,0.5969830583895266,-0.1402613704179663,-0.1402613704179659
-0.9751368583610535,0.9751423459453817,0.9751342314736131,0.9751387688552444,-0.9751414444868266,0.9938077965651928,-0.9752579977061776,-1.000016715896508,-0.8169933460505143,0.8576508957571929,0.7718036248412441,-0.8576548979677637,1.0000000124573187,0.9023785416420019,-0.9023846122356384,0.9097161037653755,-0.9097080804856666,-0.9503855251877291,0.9503766838849417,-0.6113876407143706,0.611448240626526,0.6113566350400097,0.6291576340531773,-0.6290692163273545,-0.6292408938677917,-0.5388209121719503,0.5388064706076339,0.5388281110737428,0.44185950286847625,-0.44184827858367254,0.6292478478937286,-0.9791568766916153,0.9937940065037723,0.9827798977381981,0.6294241519876096,-0.6293717788838641,-0.629445289294491,-0.6294452892944907,0.975164314612351,-0.9751517274514915,-0.9751536420282803,-0.9751906766394026,0.9751460496830007,0.9752206892866102,-0.9752169741266982,0.9446614863784532,-0.9915603880540981,-0.8379058207955775,0.8169941147404848,0.8379080511391004,-0.7949488867601125,-0.6959703196477115,0.9889809655162508,0.8489619761868623,-0.9860544626285697,-0.8489560486960328,-0.7850584209457062,-0.5193750018845987,0.7114584464867595,0.5193396233044582,0.4208942855589753,-0.7114575548057754,-0.3172087405260074,0.3393922127910358,-0.2326967530473596,-0.33940780998833053,0.2096145159021371,0.1230938002966065,-0.011910680568951148,-0.12311973901119105,0.6293103252759666,-0.09945198805138024,0.6294559984258814,0.6294559984258805
-0.975459209037675,0.9754540119580847,0.9754618481042385,0.9754580924566216,-0.9754552338572268,0.9447217081907805,-0.9753362613285304,-0.9023642043577849,-0.48870856368888665,0.552292706269842,0.42241331814947874,-0.552299526511241,0.9023785416420019,0.9999999988531381,-0.9999979102784754,0.6419358560593705,-0.6419208554515478,-0.7235140379922652,0.7234945056161213,-0.21066028092178277,0.21073524102652264,0.2106218068688788,0.9027005093495596,-0.9026509903479341,-0.9027475251323309,-0.849257785575809,0.8492486127294285,0.8492624410020455,0.7853219801397248,-0.785314024912551,0.9027513910934921,-0.7959927502539644,0.8487621892497723,0.8071551832693283,0.902851870210997,-0.9028219070258928,-0.9028639983622402,-0.9028639983622396,0.9754328304904235,-0.9754448806208822,-0.9754433626703936,-0.9754067032690105,0.9754507518591956,0.9753765651134846,-0.9753815639296743,0.9938156336379572,-0.8388211057071877,-0.5208661538348008,0.4887100424472941,0.5208697012913392,-0.45587591606320765,-0.31855624326934556,0.8285719765107116,0.9938141685484609,-0.8180159853164786,-0.9938125869985313,-0.9753504254229357,-0.10038920810702982,0.9448369091943902,0.10034792382572989,-0.011128024380782957,-0.9448358283122232,0.12246480473789856,0.7116323639839651,-0.6291039881900365,-0.7116442274938577,-0.2322357823251238,0.5387552588915339,-0.4416747813627326,-0.5387773712397471,0.9027868992832302,0.3390795764646514,0.9028702145890334,0.9028702145890328
0.9754620702705025,-0.9754568735491442,-0.9754647091607339,-0.9754609537919869,0.9754580953776546,-0.9447262061457061,0.9753391307322488,0.9023702753812851,0.4887214791127742,-0.5523050074588246,-0.42242677616316515,0.5523118276217918,-0.9023846122356384,-0.9999979102784754,0.9999999981892932,-0.6419471075643799,0.6419321071562978,0.723524099623888,-0.7235045675639713,0.2106749100294779,-0.21074986985298685,-0.2106364361243389,-0.9026936049898634,0.9026440844825593,0.9027406221781425,0.8492494340868255,-0.8492402610292581,-0.8492540896156839,-0.7853122858544286,0.7853043304895562,-0.9027444882586406,0.7960014973819195,-0.8487697587293394,-0.8071636997027414,-0.9028449703228161,0.9028150062660438,0.902857098824726,0.9028570988247239,-0.9754356935275894,0.9754477428322407,0.9754462249972801,0.9754095680641895,-0.9754536136841037,-0.9753794319226984,0.9753844304489804,-0.9938168361639048,0.8388289153527253,0.5208787708448575,-0.4887229578507135,-0.5208823182657962,0.4558891119396285,0.3185703751122345,-0.8285800240951338,-0.9938120256256237,0.818024268530186,0.9938104496030976,0.9753466453123549,0.10040415077636282,-0.9448315329976551,-0.1003628665799236,0.01111295436903353,0.9448304521189128,-0.12244979511278216,-0.7116214466802138,0.6290919830182827,0.711633310355558,0.23222101985449126,-0.5387423145680726,0.4416610581548378,0.5387644271151593,-0.9027799974957653,-0.3390652446416814,-0.9028633152268885,-0.9028633152268886
-0.7950311261097411,0.7950458972244199,0.7950239094971482,0.7950356011205296,-0.7950431159911275,0.8578675825870494,-0.7953651226751837,-0.9097284357615291,-0.9826790958592663,0.9937490567575671,0.9661578914520785,-0.9937496056980282,0.9097161037653755,0.6419358560593705,-0.6419471075643799,1.0000000041639185,-1.0000060412975518,-0.9937585927531756,0.9937616831071546,-0.8847856986285696,0.8848212882426763,0.8847676060007286,0.24957864269152555,-0.24946904607097456,-0.24968147445515906,-0.14034852476415058,0.14033166919526135,0.14035684713073732,0.029442609715174928,-0.02943030502040213,0.24969012184107298,-0.9751103838896032,0.950305915660092,0.9708007098142436,0.24990698110093318,-0.24984267118936648,-0.24993290199707563,-0.24993290199707566,0.7951053931182919,-0.7950713872320379,-0.7950762562505149,-0.7951774711350192,0.7950556281519832,0.7952599090492825,-0.7952484824390077,0.7231223603284379,-0.9559107446160676,-0.9889003847553943,0.9826790386241857,0.9889009347506227,-0.9750942598380862,-0.9313093007399661,0.9611971460641433,0.5528569442669956,-0.9661617087776877,-0.5528479221033227,-0.45695184744886624,-0.8273314112859192,0.35540575162464455,0.8273082462908007,0.7595699892123224,-0.35540520665792397,-0.6823743539087268,-0.08186087480680229,0.192170356148826,0.08184455577487443,0.5967157201979871,-0.30011740704567097,0.40438941096054426,0.3000925639570145,0.24976706614997388,-0.5036670877418258,0.24994596577394024,0.2499459657739399
0.7950193105641657,-0.79503408205892,-0.7950120937633067,-0.7950237856783282,0.7950313007478081,-0.8578576056399053,0.795353315863081,0.9097204130561661,0.9826829254439178,-0.9937514305736388,-0.9661631498793386,0.9937519850318822,-0.9097080804856666,-0.6419208554515478,0.6419321071562978,-1.0000060412975518,1.0000000044184214,0.9937565702551623,-0.9937596554788937,0.8847950437304692,-0.8848306320111242,-0.8847769517899405,-0.24955959778535275,0.24945000060951628,0.2496624300557893,0.1403290315565696,-0.1403121759423476,-0.14033735394228813,-0.029422910028892676,0.02941060533338719,-0.24967107748656012,0.9751061868240097,-0.950299948051407,-0.9707961538587381,-0.2498879377811251,0.2498236275669806,0.24991385879790717,0.24991385879790715,-0.7950935794900286,0.7950595727265946,0.7950644418653364,0.7951656593810567,-0.7950438132326584,-0.7952480994455848,0.7952366725161513,-0.7231088731494371,0.9559051261036774,0.9889034913500995,-0.9826828681698617,-0.9889040412632949,0.9750988070200117,0.9313166479735215,-0.9611918792555294,-0.5528406165167901,0.9661567961929848,0.5528315942432707,0.45693439438289035,0.8273426329600225,-0.3553873889354251,-0.8273194686398476,-0.7595829475395953,0.35538684398738485,0.6823888868547928,0.08188053683084881,-0.19218973667982203,-0.08186421783168725,-0.5967316463138261,0.30013626560630474,-0.40440751316298706,-0.3001114226717007,-0.24974802216626765,0.5036842084781581,-0.2499269226329008,-0.24992692263290076
0.8577734999976024,-0.8577860418643797,-0.857767387065217,-0.8577773663043374,0.8577837157994351,-0.9098705067018663,0.8580562989093703,0.9503945404945829,0.9558526500948336,-0.9750754452770196,-0.9313274154201585,0.9750769323705918,-0.9503855251877291,-0.7235140379922652,0.723524099623888,-0.9937585927531756,0.9937565702551623,1.0000000072450732,-1.000010142925584,0.8272412065984484,-0.8272841605623533,-0.8272193167828041,-0.35610990068609255,0.3560040218135732,0.3562093247348107,0.2499897806954435,-0.24997327023639832,-0.24999795106254077,-0.1408333694629095,0.14082113342055697,-0.3562176727878199,0.9937725634064773,-0.9791231793178985,-0.9915175715206105,-0.356427539041234,0.35636527875443175,0.3564526412535338,0.3564526412535334,-0.8578365225131667,0.8578076612183324,0.8578118238198014,0.8578976108648619,-0.857794328028291,-0.8579674423373119,0.8579578826684661,-0.7957062620365338,0.9827220030651759,0.9661351437107801,-0.9558528138417844,-0.9661361553062173,0.9442442794818082,0.8848338119324269,-0.9859893012837724,-0.6424159038219117,0.98892217515767,0.6424075509177547,0.5533845098902225,0.7594619275970907,-0.4575203278966001,-0.7594350620140486,-0.6822217093358688,0.45751967990918707,0.5965141283158477,-0.02989907887859361,-0.08142704468862219,0.029915497995786553,-0.5034152478793248,0.19176474639463081,-0.2997737983565389,-0.19173916104707772,-0.35629211507121566,0.4040892788572478,-0.35646530753670996,-0.3564653075367095
-0.8577589354520112,0.857771477901684,0.8577528222311818,0.8577628019185807,-0.8577691517180843,0.909858737458034,-0.8580417477424023,-0.9503857000443031,-0.9558608875312316,0.9750816499895668,0.9313376398874423,-0.975083136848136,0.9503766838849417,0.7234945056161213,-0.7235045675639713,0.9937616831071546,-0.9937596554788937,-1.000010142925584,1.0000000071587132,-0.8272570174903806,0.8272999696570992,0.82723512860179,0.3560834990137728,-0.35597761904010455,-0.35618292407544555,-0.24996243118580902,0.24994592061444973,0.24997060160373294,0.14080541158504764,-0.1407931755067658,0.35619127221682223,-0.9937693482290685,0.9791173792298453,0.9915138389488167,0.3564011405579375,-0.35633887965809563,-0.3564262430154539,-0.35642624301545406,0.8578219609073313,-0.8577930982674629,-0.8577972610539271,-0.8578830521313611,0.8577797644436018,0.8579528868983366,-0.8579433267427893,0.795689114131012,-0.9827167157870993,-0.9661423696525873,0.9558610512225398,0.9661433811328209,-0.9442535168704967,-0.8848469108858846,0.9859845296244047,0.6423942297652874,-0.9889179217917426,-0.6423858766791881,-0.5533609620868895,-0.7594802467771019,0.4574951973780664,0.7594533820891263,0.6822423084129475,-0.4574945494156998,-0.5965367498941243,0.029870859025689096,0.08145517661922984,-0.029887278142512238,0.5034396096810423,-0.19179244139912988,0.29980071237741596,0.19176685620041944,0.3562657152461994,-0.4041150773057629,0.356438909418413,0.3564389094184125
0.42075825363615704,-0.42078024417883336,-0.4207474491250375,-0.4207646375242702,0.42077595571287446,-0.5195505996275215,0.4212587946595338,0.6114120766007544,0.9558204396077142,-0.9312900314192749,-0.9750486443428634,0.9312865862238708,-0.6113876407143706,-0.21066028092178277,0.2106749100294779,-0.8847856986285696,0.8847950437304692,0.8272412065984484,-0.8272570174903806,1.0000000000567424,-0.9999998906297816,-1.0000003905158106,0.23043002787116085,-0.23053965919271935,-0.23032749984630618,-0.33720941789021464,0.33722533251596365,0.33720163691373645,0.439748068968763,-0.43975892161478214,0.2303188246931317,0.7594167921861827,-0.6957220949276195,-0.747138257450895,0.23010341352978284,-0.2301671931401843,-0.23007773744865603,-0.23007773744865592,-0.42086896983277977,0.42081829151794004,0.4208254216691197,0.4209767424945889,-0.4207946316750932,-0.4211001608634333,0.42108255479131285,-0.3179241326025973,0.7089095637892538,0.9442080767143255,-0.95581946791161,-0.9442066219218459,0.9661046609394212,0.9937393795434615,-0.7218782802123421,-0.10085035779836807,0.7346231757826011,0.10083981646677612,-0.010199429959195346,0.993768529099164,0.12111770089849151,-0.9937640864142578,-0.9751535756368167,-0.12111773877414629,0.9444010905733466,0.5368656411850569,-0.6273441205116287,-0.5368520458693327,-0.9019073377249113,0.710057816188281,-0.7839948556576843,-0.7100395821922774,0.23024230726130582,0.8482129162777756,0.23006486014331665,0.2300648601433168
-0.4208277757321255,0.4208497654992013,0.4208169716088205,0.42083415942585456,-0.42084547720083243,0.5196160579130651,-0.4213282987380471,-0.6114726749792164,-0.9558428162124258,0.9313178082852411,0.9750654965491904,-0.9313143636826885,0.611448240626526,0.21073524102652264,-0.21074986985298685,0.8848212882426763,-0.8848306320111242,-0.8272841605623533,0.8272999696570992,-0.9999998906297816,0.9999999998002796,1.0000002095266585,-0.23035533032673455,0.23046496370195496,0.23025280032600656,0.33713712963220344,-0.33715304471196406,-0.3371293484203509,-0.4396790844040775,0.4396899374930975,-0.2302441250143879,-0.7594665682034777,0.6957770771449462,0.7471891147713616,-0.2300287095666976,0.23009249046233143,0.23000303296299388,0.23000303296299382,0.4209384880073467,-0.4208878114855308,-0.42089494139835787,-0.4210462568168361,0.42086415249903997,0.4211696707570348,-0.421152065371547,0.31799681438312805,-0.7089635453625247,-0.9442331712229116,0.9558418446486266,0.944231716733165,-0.9661242888626259,-0.993747762733666,0.7219312406224377,0.10092666820801487,-0.7346750946880399,-0.10091612692845109,0.01012271223714019,-0.9937597896689919,-0.1210415237499928,0.9937553495023637,0.9751364010009295,0.12104156170976836,-0.9443756921085985,-0.5368008164323224,0.6272842602355831,0.536787220412751,0.9018740345927131,-0.710003663945185,0.7839470864832175,0.709985428518551,-0.2301676060751175,-0.8481721254461284,-0.22999015538506856,-0.22999015538506892
-0.4207226207014834,0.42074461164760846,0.420711815988675,0.4207290046909041,-0.420740323094576,0.5195170769380131,-0.4212231710947933,-0.6113810717199568,-0.9558091526926518,0.9312759639545124,0.9750402005932076,-0.9312725184536863,0.6113566350400097,0.2106218068688788,-0.2106364361243389,0.8847676060007286,-0.8847769517899405,-0.8272193167828041,0.82723512860179,-1.0000003905158106,1.0000002095266585,1.0000000005066594,-0.23046846486042524,0.23057809515096345,0.23036593782819098,0.3372466404764462,-0.3372625548724159,-0.3372388596191978,-0.4397836165897862,0.43979446901056013,-0.23035726275451393,-0.7593913815793819,0.6956939948069221,0.7471122884556443,-0.2301418537450258,0.23020563270911845,0.23011617792674646,0.230116177926746,0.4208333389378172,-0.42078265969032624,-0.4207897899655741,-0.42094111360318265,0.42075899940216366,0.42106453427521867,-0.42104692784634307,0.3178868531417595,-0.7088819808092428,-0.9441953905358714,0.9558081809283416,0.9441939355874975,-0.9660947888092164,-0.9937352891107055,0.7218512248689282,0.10081116548269116,-0.7345966584792879,-0.10080062412202408,0.01023885622406469,-0.9937732377117504,-0.12115687398003971,0.9937687966526587,0.9751626177567091,0.12115691181247526,-0.944414351963606,-0.5368990726925563,0.627375020928377,0.5368854777355113,0.9019246517686642,-0.7100858016899726,0.7840195774071307,0.710067568425098,-0.23028074608036264,-0.8482340662168643,-0.23010330075862684,-0.23010330075862717
-0.7858043263223732,0.785789474458539,0.785811708636882,0.7858004051463795,-0.7857925782222526,0.7117266277808757,-0.7854616411045325,-0.6291326075966933,-0.06578909787436638,0.13987841503192305,-0.008665269158384576,-0.1398867203475869,0.6291576340531773,0.9027005093495596,-0.9026936049898634,0.24957864269152555,-0.24955959778535275,-0.35610990068609255,0.3560834990137728,0.23043002787116085,-0.23035533032673455,-0.23046846486042524,0.999999988173417,-0.9999822874863334,-0.999985003362538,-0.9937817348930467,0.9937796084976032,0.9937829443877355,0.9752686665900686,-0.9752655243300105,0.9999850391431455,-0.45810782679287315,0.5386691745346317,0.4746232180911573,0.9999902500815014,-0.9999884951723242,-0.9999910219828484,-0.9999910219828476,0.7857293396251493,-0.7857636393585057,-0.7857589902024704,-0.7856558986252852,0.7857798969943103,0.7855715789947547,-0.7855843037882203,0.8493365532615545,-0.522969492888164,-0.1029102689829694,0.0657909975264706,0.10291444047960333,-0.028580510336059052,0.12027284184779832,0.5070594552065523,0.9448747430375322,-0.49094247046061934,-0.9448778082392603,-0.9753713968015081,0.3374532888885908,0.9938155932905666,-0.33749242871052926,-0.4402667528597064,-0.9938145340292026,0.5375585572854241,0.9446605158669287,-0.9023320632563381,-0.9446663413883425,-0.6281241034913462,0.8488016046796856,-0.784707407881493,-0.8488155904897055,0.9999867074189894,0.7108461785987448,0.9999915421061417,0.9999915421061412
0.7857336763631375,-0.7857188223602501,-0.785741059726247,-0.7857297545553259,0.785721926535348,-0.7116465724807735,0.7853909425853793,0.6290441877307537,0.06567636431522479,-0.13976646970730067,0.00877816558470535,0.13977477519200174,-0.6290692163273545,-0.9026509903479341,0.9026440844825593,-0.24946904607097456,0.24945000060951628,0.3560040218135732,-0.35597761904010455,-0.23053965919271935,0.23046496370195496,0.23057809515096345,-0.9999822874863334,0.9999999867055512,0.9999839564600254,0.9937932563783642,-0.9937911262045777,-0.9937944649366341,-0.975292600134695,0.9752894592211656,-0.9999839855492433,0.4580069844002679,-0.5385734849159864,-0.47452334163335647,-0.9999891713481787,0.9999874238882531,0.9999899402488281,0.9999899402488281,-0.7856586789022258,0.7856929835631363,0.7856883337089137,0.7855852274372718,-0.7857092434926448,-0.7855008958284257,0.7855136223112921,-0.849276070555746,0.5228727092096993,0.10279785166504254,-0.06567826402731354,-0.10280202321459851,0.02846761707131829,-0.12038480671972546,-0.5069616086940205,-0.9448367939995271,0.4908435928331769,0.9448398603392504,0.9753454859764014,-0.3375592242107057,-0.993802034532621,0.33759836242991964,0.44036767224930634,0.993800980989061,-0.5376532057798626,-0.9446965684330193,0.9023797900663048,0.9447023922151091,0.628211305569234,-0.8488604159419804,0.784776578664619,0.8488743992477573,-0.9999856449002438,-0.710924852500077,-0.9999904588634897,-0.9999904588634896
0.785871053160552,-0.7858562032898805,-0.7858784344980578,-0.7858671325736075,0.7858593066704352,-0.7118021125198938,0.7855284131873489,0.6292158693983936,0.06589473920167171,-0.13998336993492616,0.008559527431426404,0.13999167509806978,-0.6292408938677917,-0.9027475251323309,0.9027406221781425,-0.24968147445515906,0.2496624300557893,0.3562093247348107,-0.35618292407544555,-0.23032749984630618,0.23025280032600656,0.23036593782819098,-0.999985003362538,0.9999839564600254,0.9999999905588982,0.9937716390901092,-0.9937695109081415,-0.9937728494628061,-0.9752469316941343,0.9752437881705734,-0.9999867208235879,0.45820260472175217,-0.5387591823972631,-0.47471710281734336,-0.9999919609969851,0.999990199109069,0.999992735709552,0.9999927357095523,-0.7857960764927825,0.7858303716346848,0.7858257231293574,0.7857226452438237,-0.7858466271334341,-0.7856383367739783,0.7856510599939355,-0.8493938011428888,0.5230605145368767,0.1030156400966357,-0.06589663879892409,-0.10301981154662232,0.028686275192029986,-0.12016805086928446,-0.5071514612454865,-0.9449109510125222,0.49103543103415015,0.9449140151504392,0.9753963501890904,-0.3373542978008357,-0.9938289843430809,0.33739343915139913,0.4401725321146987,0.9938279250493143,-0.5374702785134096,-0.9446274078880118,0.9022879905985985,0.9446332350427097,0.6280428630677262,-0.8487471119419664,0.7846431666926033,0.8487611001074632,-0.9999883974602519,-0.710772984291922,-0.9999932572463114,-0.9999932572463115
0.7121555651949181,-0.7121386835347888,-0.7121639420272291,-0.7121510420662277,0.7121421763883918,-0.6291983411998822,0.7117668291729052,0.5387939075025817,-0.04557904795473136,-0.028903030646632435,0.11980838292928904,0.02891145945459726,-0.5388209121719503,-0.849257785575809,0.8492494340868255,-0.14034852476415058,0.1403290315565696,0.2499897806954435,-0.24996243118580902,-0.33720941789021464,0.33713712963220344,0.3372466404764462,-0.9937817348930467,0.9937932563783642,0.9937716390901092,0.999999988835664,-0.9999840228304671,-0.9999845423393331,-0.9937912653600874,0.99378946553443,-0.9937706768421897,0.35641994841887936,-0.44163904453030334,-0.3738011604970437,-0.9937511018349632,0.9937566925246212,0.9937489144529096,0.99374891445291,-0.7120703659327979,0.7121093410637591,0.7121040283594854,0.7119869984551983,-0.7121277735209909,-0.7118913183467034,0.7119056410992058,-0.7853722924081984,0.4249431334031098,-0.008338589782368412,0.04557709906564026,0.008334387756332565,-0.08275230325601532,-0.229920729422293,-0.40806870838160114,-0.9026085681570369,0.3910196467262875,0.9026127382583171,0.9448033864044856,-0.4400385737856263,-0.9753228430281449,0.4400759325054493,0.5373797672421795,0.9753218225577815,-0.6279919142629233,-0.975277191649574,0.9446654427894742,0.9752812740148274,0.7107548912111125,-0.9023288121462409,0.8487691683766333,0.9023402592147515,-0.9937635467056696,-0.7846496112864497,-0.9937479460821446,-0.993747946082145
-0.7121434677400496,0.7121265857897315,0.7121518447144327,0.7121389445247257,-0.7121300786986413,0.6291849854637925,-0.7117547251422545,-0.5387794656680871,0.045596009633504166,0.028886040623207536,-0.11982522217164643,-0.02889446944003226,0.5388064706076339,0.8492486127294285,-0.8492402610292581,0.14033166919526135,-0.1403121759423476,-0.24997327023639832,0.24994592061444973,0.33722533251596365,-0.33715304471196406,-0.3372625548724159,0.9937796084976032,-0.9937911262045777,-0.9937695109081415,-0.9999840228304671,0.9999999884973153,0.9999843093341297,0.9937929165210445,-0.9937911112185809,0.9937685485098027,-0.3564039889023453,0.44162369557268766,0.3737853126493115,0.9937489697384305,-0.9937545615438932,-0.9937467819067962,-0.993746781906796,0.7120582670183325,-0.7120972428175264,-0.712091930018149,-0.7119748981227733,0.7121156755852305,0.7118792163918229,-0.711893539371489,0.785361587777877,-0.424927652038548,0.008355577411776944,-0.0455940607391928,-0.008351375386060409,0.08276921543984692,0.22993720959149128,0.40805309968702536,0.9026010396695552,-0.39100391584558825,-0.9026052099346594,-0.9447975952064707,0.44005372562127487,0.9753188605852402,-0.44009108402458696,-0.5373939675091035,-0.9753178401220745,0.6280049864689021,0.9752807126056108,-0.9446707902331594,-0.9752847946997201,-0.7107666730994323,0.902335920096769,-0.8487779494177191,-0.9023473667638248,0.9937614170373038,0.7846599568017748,0.9937458133097493,0.9937458133097493
