1.0000000005413627,-0.9959449992843986,-0.9959448310583306,0.8999154455707068,0.7383579599524281,0.9634962294959701,1.000000646195896,-0.17958375653714753,-0.45244541314854875,0.45244527251624295,-0.4524458548836645,0.899915538777042,-0.1795836553843412,-0.9355002335621357,-0.9959448526125522,0.7383581498507312,-0.9354998096555643,0.9354999309607644,0.9354998172308113,-0.9355002888925532,-0.9354999365565559,0.9354997483985057,-0.9354997185690693,0.9355003733855974,-0.9355002641513447,0.9355003115484883,-0.9355005344252171
-0.9959449992843986,1.000000000527146,0.9838098452323154,-0.8570308863353312,-0.7960428860938836,-0.9355000914715618,-0.9959447422932324,0.2673669086677453,0.370371946539664,-0.37037175835943587,0.37037239349045764,-0.8570308516431562,0.2673668647683961,0.8999154974272512,1.0000007828608655,-0.7960429854515915,0.8999150813132458,-0.8999151944396179,-0.8999150905262977,0.8999155346091445,0.8999152000700026,-0.8999150245991064,0.8999149990130184,-0.8999156146943514,0.8999155076614517,-0.8999155539305401,0.8999157669841144
-0.9959448310583306,0.9838098452323154,1.0000000002862937,-0.9355000444301601,-0.6746836471679479,-0.9836766443790602,-0.9959447098322074,0.0903438386335977,0.5308486285493976,-0.5308485367478547,0.5308490617866016,-0.9355001093165332,0.09034368469938206,0.9634961909236993,0.9838098270522279,-0.6746837728682242,0.9634957564116493,-0.9634958852496236,-0.9634957621113454,0.9634962586767144,0.9634958906080051,-0.9634956909594868,0.9634956569557971,-0.9634963464087688,0.9634962390525035,-0.9634962853726974,0.9634965154591213
0.8999154455707068,-0.8570308863353312,-0.9355000444301601,1.0000000005182177,0.3703722521906173,0.9838098581358837,0.8999154162969588,0.2673665979661736,-0.7960427611709894,0.7960427011324237,-0.7960430913567494,1.0000008760063581,0.2673668425782594,-0.9959448464200658,-0.8570308287791821,0.37037239041422504,-0.995944130051013,0.9959442914300534,0.9959441210939417,-0.9959447207593226,-0.9959442897928963,0.9959440475618851,-0.99594399294554,0.9959447974823594,-0.9959449785910199,0.9959447930195036,-0.9959450052986091
0.7383579599524281,-0.7960428860938836,-0.6746836471679479,0.3703722521906173,0.9999999999721106,0.5308489550526961,0.7383578397887233,-0.7960422753292874,0.26736664256273934,-0.2673670985053222,0.2673664022246453,0.3703723316617045,-0.7960423632204495,-0.452445793156909,-0.7960427364941266,1.0000003266605604,-0.45244583694361545,0.45244585360376305,0.4524458628933637,-0.45244596683573246,-0.4524458646926882,0.45244583059676063,-0.4524458474331164,0.4524460181552247,-0.4524458184082703,0.45244592231727065,-0.4524460522026116
0.9634962294959701,-0.9355000914715618,-0.9836766443790602,0.9838098581358837,0.5308489550526961,1.000000000332442,0.96349614529023,0.0903434410819374,-0.6746834205329115,0.6746834257344154,-0.6746838172051239,0.983809924676582,0.09034358516359135,-0.9959448439817593,-0.9355001195433367,0.5308491089053736,-0.9959441483712822,0.995944293762194,0.9959441477849779,-0.9959446977766138,-0.9959442965189321,0.9959440740991888,-0.9959440301544195,0.9959447838814353,-0.995944882012714,0.995944743212863,-0.9959449721778608
1.000000646195896,-0.9959447422932324,-0.9959447098322074,0.8999154162969588,0.7383578397887233,0.96349614529023,1.0000000003452725,-0.1795836524085231,-0.452445468025737,0.4524453300283144,-0.4524459241224728,0.8999154544499807,-0.17958343780669483,-0.9355001483961299,-0.9959448108425973,0.7383578728204456,-0.9354998100115066,0.9354999270485553,0.9354998198036375,-0.9355002769577384,-0.9354999345044146,0.9354997506222459,-0.9354997230250677,0.9355003670398335,-0.9355002197511578,0.9355002890549972,-0.9355005212565201
-0.17958375653714753,0.2673669086677453,0.0903438386335977,0.2673665979661736,-0.7960422753292874,0.0903434410819374,-0.1795836524085231,0.9999999997798349,-0.7960424387806059,0.7960428167043488,-0.7960423798007679,0.2673666234101646,1.0000001462263057,-0.17958334344695545,0.2673668565480555,-0.7960424318698178,-0.17958281635218495,0.17958290524588952,0.1795827830836329,-0.1795830694072247,-0.17958289231072413,0.17958276875975274,-0.17958271516515048,0.17958306515525854,-0.17958329414211363,0.1795831647099386,-0.17958316668554045
-0.45244541314854875,0.370371946539664,0.5308486285493976,-0.7960427611709894,0.26736664256273934,-0.6746834205329115,-0.452445468025737,-0.7960424387806059,1.0000000001857252,-1.0000008163803904,1.0000006544932767,-0.7960427340004568,-0.7960427320319837,0.7383577609273793,0.37037205721374317,0.2673667475086569,0.7383569482644488,-0.738357107262007,-0.738356920826571,0.7383574833904757,0.7383570973910135,-0.7383568657849132,0.7383567968731937,-0.7383575268369302,0.7383576990212455,-0.7383575926473923,0.7383577238520872
0.45244527251624295,-0.37037175835943587,-0.5308485367478547,0.7960427011324237,-0.2673670985053222,0.6746834257344154,0.4524453300283144,0.7960428167043488,-1.0000008163803904,1.0000000007542942,-1.0000010703340751,0.7960428425994869,0.7960432839258075,-0.7383578178423867,-0.37037187342211153,-0.2673672080050512,-0.7383569914039981,0.7383571511784227,0.7383569635767439,-0.738357528759494,-0.7383571410117268,0.738356908590004,-0.7383568392694778,0.7383575713710068,-0.7383577493569498,0.738357639672571,-0.7383577695269873
-0.4524458548836645,0.37037239349045764,0.5308490617866016,-0.7960430913567494,0.2673664022246453,-0.6746838172051239,-0.4524459241224728,-0.7960423798007679,1.0000006544932767,-1.0000010703340751,1.0000000001801217,-0.7960430412429487,-0.7960421304846182,0.7383580392499137,0.37037254934601016,0.26736598957103985,0.7383575208327426,-0.7383576683146409,-0.738357499023682,0.7383580226389123,0.7383576626655698,-0.7383574433577434,0.7383573804536412,-0.7383580776793759,0.7383581674977404,-0.7383581083121519,0.7383582581253911
0.899915538777042,-0.8570308516431562,-0.9355001093165332,1.0000008760063581,0.3703723316617045,0.983809924676582,0.8999154544499807,0.2673666234101646,-0.7960427340004568,0.7960428425994869,-0.7960430412429487,1.0000000005746155,0.2673666259869314,-0.9959450027479403,-0.8570310090565442,0.3703725099093401,-0.9959443612509702,0.9959445129278127,0.9959443572041721,-0.9959449239144366,-0.9959445152639875,0.9959442830097781,-0.9959442334534782,0.9959450122098057,-0.9959449548568969,0.9959449737475133,-0.9959452050932761
-0.1795836553843412,0.2673668647683961,0.09034368469938206,0.2673668425782594,-0.7960423632204495,0.09034358516359135,-0.17958343780669483,1.0000001462263057,-0.7960427320319837,0.7960432839258075,-0.7960421304846182,0.2673666259869314,0.9999999996256123,-0.17958342382469678,0.26736657038172906,-0.7960419913091715,-0.1795830306464379,0.17958311579812364,0.1795829989028535,-0.1795832727299789,-0.17958310354852075,0.17958298465375724,-0.17958293300110106,0.17958326924518864,-0.179583488753929,0.17958336455800872,-0.17958336697151564
-0.9355002335621357,0.8999154974272512,0.9634961909236993,-0.9959448464200658,-0.452445793156909,-0.9959448439817593,-0.9355001483961299,-0.17958334344695545,0.7383577609273793,-0.7383578178423867,0.7383580392499137,-0.9959450027479403,-0.17958342382469678,1.0000000005008298,0.8999155096313489,-0.45244595492352085,1.0000001878705682,-1.0000003371081507,-1.0000001854937504,1.0000007464293845,1.0000003396472275,-1.000000111268643,1.0000000642693185,-1.00000083395681,1.0000007751134161,-1.0000007943429725,1.000001025411731
-0.9959448526125522,1.0000007828608655,0.9838098270522279,-0.8570308287791821,-0.7960427364941266,-0.9355001195433367,-0.9959448108425973,0.2673668565480555,0.37037205721374317,-0.37037187342211153,0.37037254934601016,-0.8570310090565442,0.26736657038172906,0.8999155096313489,1.0000000004489507,-0.7960428337318538,0.8999152562869583,-0.8999153613068089,-0.89991526973172,0.8999156862531482,0.8999153705130485,-0.8999152031198651,0.8999151817751977,-0.8999157771436137,0.8999155967678334,-0.8999156852627206,0.899915916378083
0.7383581498507312,-0.7960429854515915,-0.6746837728682242,0.37037239041422504,1.0000003266605604,0.5308491089053736,0.7383578728204456,-0.7960424318698178,0.2673667475086569,-0.2673672080050512,0.26736598957103985,0.3703725099093401,-0.7960419913091715,-0.45244595492352085,-0.7960428337318538,0.9999999999497129,-0.45244607749493404,0.45244608848493406,0.4524461066454908,-0.45244619121314106,-0.45244610259172224,0.4524460736386472,-0.45244609345604664,0.4524462523618326,-0.45244598830446375,0.45244612933373474,-0.45244627609819227
-0.9354998096555643,0.8999150813132458,0.9634957564116493,-0.995944130051013,-0.45244583694361545,-0.9959441483712822,-0.9354998100115066,-0.17958281635218495,0.7383569482644488,-0.7383569914039981,0.7383575208327426,-0.9959443612509702,-0.1795830306464379,1.0000001878705682,0.8999152562869583,-0.45244607749493404,0.9999999996193196,-0.9999997817590036,-0.9999996200515889,1.0000000455558755,0.9999996230336036,-0.9999993877721628,0.9999993372778326,-1.0000001247659738,1.0000001250134076,-1.000000109707236,1.0000003267831254
0.9354999309607644,-0.8999151944396179,-0.9634958852496236,0.9959442914300534,0.45244585360376305,0.995944293762194,0.9354999270485553,0.17958290524588952,-0.738357107262007,0.7383571511784227,-0.7383576683146409,0.9959445129278127,0.17958311579812364,-1.0000003371081507,-0.8999153613068089,0.45244608848493406,-0.9999997817590036,0.9999999998421305,0.9999996176473943,-1.0000003595608116,-0.999999937323392,0.9999995437708156,-0.9999994933681768,1.0000002804810009,-1.0000002795327891,1.0000002649564208,-1.0000004823099078
0.9354998172308113,-0.8999150905262977,-0.9634957621113454,0.9959441210939417,0.4524458628933637,0.9959441477849779,0.9354998198036375,0.1795827830836329,-0.738356920826571,0.7383569635767439,-0.738357499023682,0.9959443572041721,0.1795829989028535,-1.0000001854937504,-0.89991526973172,0.4524461066454908,-0.9999996200515889,0.9999996176473943,0.9999999996110457,-1.0000000400047784,-0.9999996173389346,0.9999993819868129,-0.9999993314316391,1.0000001191423384,-1.0000001199713087,1.0000001043132432,-1.0000003212531257
-0.9355002888925532,0.8999155346091445,0.9634962586767144,-0.9959447207593226,-0.45244596683573246,-0.9959446977766138,-0.9355002769577384,-0.1795830694072247,0.7383574833904757,-0.738357528759494,0.7383580226389123,-0.9959449239144366,-0.1795832727299789,1.0000007464293845,0.8999156862531482,-0.45244619121314106,1.0000000455558755,-1.0000003595608116,-1.0000000400047784,1.0000000004450251,1.000000200986806,-0.9999999661151929,0.9999999158373406,-1.0000007023270507,1.000000698930822,-1.000000844294371,1.0000009037723574
-0.9354999365565559,0.8999152000700026,0.9634958906080051,-0.9959442897928963,-0.4524458646926882,-0.9959442965189321,-0.9354999345044146,-0.17958289231072413,0.7383570973910135,-0.7383571410117268,0.7383576626655698,-0.9959445152639875,-0.17958310354852075,1.0000003396472275,0.8999153705130485,-0.45244610259172224,0.9999996230336036,-0.999999937323392,-0.9999996173389346,1.000000200986806,0.9999999998417777,-0.9999997019026678,0.9999994930344543,-1.0000004387205468,1.000000279861501,-1.0000002649606183,1.0000004821925526
0.9354997483985057,-0.8999150245991064,-0.9634956909594868,0.9959440475618851,0.45244583059676063,0.9959440740991888,0.9354997506222459,0.17958276875975274,-0.7383568657849132,0.738356908590004,-0.7383574433577434,0.9959442830097781,0.17958298465375724,-1.000000111268643,-0.8999152031198651,0.4524460736386472,-0.9999993877721628,0.9999995437708156,0.9999993819868129,-0.9999999661151929,-0.9999997019026678,0.99999999950552,-0.9999994160688714,1.000000045251799,-1.0000000460717515,1.0000000304138614,-1.0000002473572476
-0.9354997185690693,0.8999149990130184,0.9634956569557971,-0.99594399294554,-0.4524458474331164,-0.9959440301544195,-0.9354997230250677,-0.17958271516515048,0.7383567968731937,-0.7383568392694778,0.7383573804536412,-0.9959442334534782,-0.17958293300110106,1.0000000642693185,0.8999151817751977,-0.45244609345604664,0.9999993372778326,-0.9999994933681768,-0.9999993314316391,0.9999999158373406,0.9999994930344543,-0.9999994160688714,0.9999999994332613,-0.9999999948966382,0.9999999963314173,-0.9999999803013743,1.000000197100264
0.9355003733855974,-0.8999156146943514,-0.9634963464087688,0.9959447974823594,0.4524460181552247,0.9959447838814353,0.9355003670398335,0.17958306515525854,-0.7383575268369302,0.7383575713710068,-0.7383580776793759,0.9959450122098057,0.17958326924518864,-1.00000083395681,-0.8999157771436137,0.4524462523618326,-1.0000001247659738,1.0000002804810009,1.0000001191423384,-1.0000007023270507,-1.0000004387205468,1.000000045251799,-0.9999999948966382,1.0000000005587697,-1.0000007799754012,1.000000765938498,-1.0000011419373855
-0.9355002641513447,0.8999155076614517,0.9634962390525035,-0.9959449785910199,-0.4524458184082703,-0.995944882012714,-0.9355002197511578,-0.17958329414211363,0.7383576990212455,-0.7383577493569498,0.7383581674977404,-0.9959449548568969,-0.179583488753929,1.0000007751134161,0.8999155967678334,-0.45244598830446375,1.0000001250134076,-1.0000002795327891,-1.0000001199713087,1.000000698930822,1.000000279861501,-1.0000000460717515,0.9999999963314173,-1.0000007799754012,1.0000000005475989,-1.0000009178243041,1.0000009796968667
0.9355003115484883,-0.8999155539305401,-0.9634962853726974,0.9959447930195036,0.45244592231727065,0.995944743212863,0.9355002890549972,0.1795831647099386,-0.7383575926473923,0.738357639672571,-0.7383581083121519,0.9959449737475133,0.17958336455800872,-1.0000007943429725,-0.8999156852627206,0.45244612933373474,-1.000000109707236,1.0000002649564208,1.0000001043132432,-1.000000844294371,-1.0000002649606183,1.0000000304138614,-0.9999999803013743,1.000000765938498,-1.0000009178243041,1.0000000005347705,-1.0000011253114232
-0.9355005344252171,0.8999157669841144,0.9634965154591213,-0.9959450052986091,-0.4524460522026116,-0.9959449721778608,-0.9355005212565201,-0.17958316668554045,0.7383577238520872,-0.7383577695269873,0.7383582581253911,-0.9959452050932761,-0.17958336697151564,1.000001025411731,0.899915916378083,-0.45244627609819227,1.0000003267831254,-1.0000004823099078,-1.0000003212531257,1.0000009037723574,1.0000004821925526,-1.0000002473572476,1.000000197100264,-1.0000011419373855,1.0000009796968667,-1.0000011253114232,1.0000000008468632
