1.0000000048950832,-1.0000024141024872,-1.000006321894059,-0.846365344874279,0.8463620346574542,0.8463668252715688,-0.9282757164259053,0.9282753181894473,0.7315014852047613,-0.7315022465404242,0.7315047547022637,-0.7315069053774934,-0.7825016463745559,0.775335810730689,0.7895651945784924,0.8022427043367634,-0.8090079525704328,-0.7953717033538696,0.9368248525740471,0.4147178402563098,-0.9993791474722151,0.909634736021389,0.4147501077364866,-0.7233835787721112,-0.731546003102563,-0.8799524445408006,-0.7233987945432205,0.928280109626065,0.7315014852047608,-0.7907330003011439,0.7942169607673378,0.7918974627155889,-0.7930587892459126
-1.0000024141024872,1.0000000008947425,1.0000055869721214,0.8463596639371779,-0.846356468524009,-0.8463610853508334,0.9282735344214524,-0.9282711910171173,-0.7314997339257446,0.73150044679503,-0.7315028142594179,0.7315047699215832,0.7824961807185099,-0.7753306781514281,-0.7895594547716368,-0.8022370225019664,0.8090024664721894,0.7953658979083481,-0.9368211668820775,-0.4147171737254404,0.9993743217715532,-0.909629567640056,-0.414747466475004,0.7233819081295992,0.7315415900609852,0.8799470199249637,0.7233953208838635,-0.9282748097336941,-0.7314997339257452,0.7907271115320654,-0.7942110315899173,-0.7918914926437174,0.7930528055259917
-1.000006321894059,1.0000055869721214,1.0000000066165797,0.8463677965556008,-0.8463644264155399,-0.846369307737862,0.9282769879663956,-0.9282766727380346,-0.7315027783587382,0.73150356470682,-0.7315061454153833,0.7315083965935043,0.7825039328088647,-0.7753379180524583,-0.7895676294453251,-0.8022451184222811,0.809010269784348,0.7953741768253477,-0.9368268808332477,-0.41471877783673977,0.9993814835039537,-0.9096369936511234,-0.41475077186831105,0.723384839809625,0.7315477061033633,0.8799547978092455,0.7234000016735,-0.9282815374465911,-0.7315027783587382,0.7907355138960253,-0.7942194980551672,-0.7919000196806871,0.7930613542010415
-0.846365344874279,0.8463596639371779,0.8463677965556008,0.9999999966012011,-0.9999956901889849,-0.9999918806300406,0.5875684724442692,-0.5875656480247835,-0.25592726493603546,0.2559288192028204,-0.25593340556659633,0.25593868575289686,0.9939071029683544,-0.9925819565997052,-0.9951025610800668,-0.9969537099636893,0.9977782289631172,0.9959986947752215,-0.6065528965010245,0.13367451697640778,0.8647314235813418,-0.9911300581223335,-0.8356810211483764,0.24448058752206142,0.9822818221677633,0.9977783774696687,0.9799934022306582,-0.9837337161786295,-0.2559272649360349,0.9952896313424148,-0.9958272670264514,-0.9954726465550121,0.9956518467426836
0.8463620346574542,-0.846356468524009,-0.8463644264155399,-0.9999956901889849,0.999999999743898,0.9999959405772045,-0.5875631686660656,0.5875603809790549,0.25592080018634955,-0.2559223475864126,0.2559269091266572,-0.25593215892755794,-0.9939102074196077,0.9925849387674988,0.9951057490434325,0.9969566586953826,-0.9977791593559348,-0.9960018372444635,0.60654807774678,-0.13368166472191897,-0.86472919846966,0.9911308790203888,0.8356860604497836,-0.24447399368316453,-0.9822849069183195,-0.9977781006696143,-0.9799958779190452,0.9837332742147222,0.255920800186349,-0.9952929048495452,0.9958305135364375,0.9954759591208074,-0.9956551503630408
0.8463668252715688,-0.8463610853508334,-0.846369307737862,-0.9999918806300406,0.9999959405772045,0.9999999943472958,-0.5875711576962631,0.5875683142655334,0.25593072496530056,-0.2559322827957871,0.2559368819982002,-0.25594217786593937,-0.9939050624795782,0.9925799764386072,0.9951004802231032,0.9969517564466449,-0.9977763983345856,-0.9959966393416675,0.6065553197719145,-0.13367053534204723,-0.8647323310387882,0.9911292534596162,0.835677940288135,-0.24448412082167814,-0.9822797765991684,-0.9977772007114288,-0.9799916662932616,0.9837335742486175,0.2559307249653001,-0.9952875070327405,0.9958251578178976,0.9954705026346437,-0.9956497078286498
-0.9282757164259053,0.9282735344214524,0.9282769879663956,0.5875684724442692,-0.5875631686660656,-0.5875711576962631,0.9999999952432854,-0.999992053150044,-0.9326053096157498,0.932605270692319,-0.9326056207715283,0.9326048196955364,0.49479648908002677,-0.48483897176466256,-0.504689838339934,-0.5226585298036008,0.5323632807317215,0.5128849743798577,-0.9997180766761008,-0.7233717946711259,0.9144825929624173,-0.6898851155282983,-0.04660212395235989,0.928265166480267,0.4255115976052112,0.6401461963977667,0.4147437278285886,-0.7233917688660815,-0.9326053096157508,0.5063316133659651,-0.5112488031824899,-0.507971956178698,0.5096110361133344
0.9282753181894473,-0.9282711910171173,-0.9282766727380346,-0.5875656480247835,0.5875603809790549,0.5875683142655334,-0.999992053150044,0.999999995895331,0.93260624548607,-0.9326061857346066,0.9326064736683024,-0.9326055829473081,-0.4947936178430098,0.484836185212092,0.5046869009045024,0.5226556245911128,-0.5323604445636635,-0.5128820258249317,0.9997176154082176,0.7233734917027229,-0.9144809614785265,0.6898826608638732,0.046599573583704125,-0.9282645156038816,-0.4255089498816006,-0.6401435440075618,-0.4147413563974277,0.7233901252692712,0.9326062454860699,-0.5063286364022724,0.5112458190267085,0.5079689586965147,-0.5096080361434359
0.7315014852047613,-0.7314997339257446,-0.7315027783587382,-0.25592726493603546,0.25592080018634955,0.25593072496530056,-0.9326053096157498,0.93260624548607,1.0000000100219948,-1.0000110071194703,1.0000096527049565,-1.000004343394848,-0.14781102741685753,0.13650840647876122,0.15909523984315768,0.17973697743931438,-0.19096479238607006,-0.16848567628437672,0.9238011992598973,0.923811438806153,-0.7068183541830336,0.38212066789982896,-0.3170504753836424,-0.9999315985012557,-0.07023004496040215,-0.3197315700729362,-0.0583936550956446,0.42546072880299485,1.0000140525841406,-0.16097209682500468,0.16660649981798298,0.1628495541047974,-0.16472771215927615
-0.7315022465404242,0.73150044679503,0.73150356470682,0.2559288192028204,-0.2559223475864126,-0.2559322827957871,0.932605270692319,-0.9326061857346066,-1.0000110071194703,1.0000000082429787,-1.0000067190061277,1.0000032965365662,0.14781273161651953,-0.13651011150114575,-0.15909694267508537,-0.17973864649254712,0.190966435830327,0.16848736901480238,-0.9238009530392769,-0.9238098638441921,0.7068189416869056,-0.38212199155327153,0.317048454629247,0.9999307183425082,0.07023180992470054,0.3197330065720335,0.05839542154781698,-0.42546204455051323,-1.0000110071194666,0.1609738052719227,-0.16660820228782142,-0.1628512646196066,0.16472942069684587
0.7315047547022637,-0.7315028142594179,-0.7315061454153833,-0.25593340556659633,0.2559269091266572,0.2559368819982002,-0.9326056207715283,0.9326064736683024,1.0000096527049565,-1.0000067190061277,1.0000000040591834,-0.9999990013459749,-0.1478177040258334,0.13651506632631513,0.15910192855250144,0.17974353792992573,-0.19097124783665403,-0.16849233175867862,0.9238006749177178,0.9238058382037585,-0.7068209382093211,0.38212594730235977,-0.3170428681279443,-0.9999287125078277,-0.0702368802678982,-0.319737268064313,-0.05840044610525247,0.42546596186582536,1.0000096527049545,-0.1609788155364765,0.16661319892393653,0.1628562856439018,-0.16473443722381606
-0.7315069053774934,0.7315047699215832,0.7315083965935043,0.25593868575289686,-0.25593215892755794,-0.25594217786593937,0.9326048196955364,-0.9326055829473081,-1.000004343394848,1.0000032965365662,-0.9999990013459749,0.9999999973244689,0.1478236333993505,-0.13652099020194972,-0.15910785849960904,-0.17974931671056005,0.19097690986318863,0.16849821814383573,-0.9237971994278676,-0.9237977732245285,0.7068223548908862,-0.3821302612567424,0.3170355020476384,0.9999248616603297,0.07024304703022412,0.31974204947379375,0.05840657651723481,-0.4254702258097488,-1.000004343394847,0.16098477382367074,-0.16661913133662432,-0.16286225494848566,0.16474039795146198
-0.7825016463745559,0.7824961807185099,0.7825039328088647,0.9939071029683544,-0.9939102074196077,-0.9939050624795782,0.49479648908002677,-0.4947936178430098,-0.14781102741685753,0.14781273161651953,-0.1478177040258334,0.1478236333993505,1.0000000043665518,-0.999937578211577,-0.9999405468106266,-0.9994826920191064,0.9990461784515985,0.9997884042612152,-0.5152245208889553,0.2421000844585167,0.8041071856685017,-0.9704484455806385,-0.8911327894795117,0.13610833149891438,0.996959069056117,0.9843640549061144,0.9959681674375764,-0.9579397104288864,-0.14781102741685648,0.9999195997990004,-0.999827182303975,-0.9998927046118427,0.9998618840930246
0.775335810730689,-0.7753306781514281,-0.7753379180524583,-0.9925819565997052,0.9925849387674988,0.9925799764386072,-0.48483897176466256,0.484836185212092,0.13650840647876122,-0.13651011150114575,0.13651506632631513,-0.13652099020194972,-0.999937578211577,1.0000000017238218,0.9997456488234551,0.9990466977631883,-0.9984776350506739,-0.9994831197278973,0.5054030642023497,-0.2531611616886262,-0.7972640354711249,0.9676267676855376,0.8962517217360549,-0.12478729300521951,-0.9977796374032621,-0.9822859822582183,-0.9969236041026193,0.9545946268973329,0.1365084064787606,-0.9997014886881325,0.9995439087174068,0.9996530209321574,-0.9996004794463801
0.7895651945784924,-0.7895594547716368,-0.7895676294453251,-0.9951025610800668,0.9951057490434325,0.9951004802231032,-0.504689838339934,0.5046869009045024,0.15909523984315768,-0.15909694267508537,0.15910192855250144,-0.15910785849960904,-0.9999405468106266,0.9997456488234551,1.000000006110992,0.999788272935779,-0.9994825121150779,-0.9999615000653077,0.5249792936891728,-0.23100629015782745,-0.8108456241615384,0.9731433963591736,0.8858966204166392,-0.14741249005748622,-0.9960061995689938,-0.9863136203620152,-0.9948819675244369,0.9611592662284346,0.15909523984315713,-1.0000055383899022,0.9999800917546731,1.000002032551459,-0.999992941209931
0.8022427043367634,-0.8022370225019664,-0.8022451184222811,-0.9969537099636893,0.9969566586953826,0.9969517564466449,-0.5226585298036008,0.5226556245911128,0.17973697743931438,-0.17973864649254712,0.17974353792992573,-0.17974931671056005,-0.9994826920191064,0.9990466977631883,0.999788272935779,1.0000000046557784,-0.9999380653575404,-0.9999405957945946,0.5426882536595847,-0.2105778812475272,-0.8229235931406147,0.9777499554807738,0.8759845777549812,-0.16809467181114301,-0.9939142717808013,-0.9895495649805783,-0.9925421212070884,0.9667273468637401,0.17973697743931405,-0.9998269736345834,0.9999193805527589,0.9998615973479655,-0.9998923857503017
-0.8090079525704328,0.8090024664721894,0.809010269784348,0.9977782289631172,-0.9977791593559348,-0.9977763983345856,0.5323632807317215,-0.5323604445636635,-0.19096479238607006,0.190966435830327,-0.19097124783665403,0.19097690986318863,0.9990461784515985,-0.9984776350506739,-0.9994825121150779,-0.9999380653575404,1.0000000024245812,0.9997453997648507,-0.5522480501212583,0.19939331626843762,0.8293590826210893,-0.9800806694508586,-0.87041289902224,0.1793466406391333,0.9925874941243044,0.9911306024051847,0.991079354817206,-0.9695833767134026,-0.1909647923860697,0.9995431392892296,-0.9997008171389106,-0.999599606491363,0.999652152286192
-0.7953717033538696,0.7953658979083481,0.7953741768253477,0.9959986947752215,-0.9960018372444635,-0.9959966393416675,0.5128849743798577,-0.5128820258249317,-0.16848567628437672,0.16848736901480238,-0.16849233175867862,0.16849821814383573,0.9997884042612152,-0.9994831197278973,-0.9999615000653077,-0.9999405957945946,0.9997453997648507,1.0000000061365764,-0.5330572642178063,0.22173461933114902,0.8163801512319692,-0.9752910326955221,-0.8814410834183488,0.1568206958946355,0.9951106618358956,0.9878388736335015,0.99387429532395,-0.9637440268820123,-0.16848567628437633,0.9999801076914256,-1.0000054559485223,-0.9999929124515112,1.0000019422070132
0.9368248525740471,-0.9368211668820775,-0.9368268808332477,-0.6065528965010245,0.60654807774678,0.6065553197719145,-0.9997180766761008,0.9997176154082176,0.9238011992598973,-0.9238009530392769,0.9238006749177178,-0.9237971994278676,-0.5152245208889553,0.5054030642023497,0.5249792936891728,0.5426882536595847,-0.5522480501212583,-0.5330572642178063,0.9999999964624757,0.7068233814387233,-0.9237982134906892,0.7068240464390383,0.07023672340553733,-0.9192028613741362,-0.4468127050976775,-0.6581478162630661,-0.43616837282921467,0.7395352150351594,0.9238011992598982,-0.5265974912829828,0.5314443737045399,0.5282143293313798,-0.5298299719855735
0.4147178402563098,-0.4147171737254404,-0.41471877783673977,0.13367451697640778,-0.13368166472191897,-0.13367053534204723,-0.7233717946711259,0.7233734917027229,0.923811438806153,-0.9238098638441921,0.9238058382037585,-0.9237977732245285,0.2421000844585167,-0.2531611616886262,-0.23100629015782745,-0.2105778812475272,0.19939331626843762,0.22173461933114902,0.7068233814387233,0.999999994021683,-0.38213296582021866,-0.0007930172925417798,-0.6559857604458875,-0.9282628620016901,0.317025735603386,0.06738576744737491,0.3282494988466843,0.04657269935032491,0.923811438806153,0.22915682122411832,-0.22359365724440505,-0.22730488496677265,0.22545046816707356
-0.9993791474722151,0.9993743217715532,0.9993814835039537,0.8647314235813418,-0.86472919846966,-0.8647323310387882,0.9144825929624173,-0.9144809614785265,-0.7068183541830336,0.7068189416869056,-0.7068209382093211,0.7068223548908862,0.8041071856685017,-0.7972640354711249,-0.8108456241615384,-0.8229235931406147,0.8293590826210893,0.8163801512319692,-0.9237982134906892,-0.38213296582021866,0.9999999983305737,-0.9238008337320167,-0.4468052050616607,0.6984016111316146,0.7552906482881084,0.8962558071813691,0.7474620272887728,-0.9409018074610197,-0.7068183541830323,0.8119582978539193,-0.8152790567376843,-0.8130679907807459,0.8141749145165618
0.909634736021389,-0.909629567640056,-0.9096369936511234,-0.9911300581223335,0.9911308790203888,0.9911292534596162,-0.6898851155282983,0.6898826608638732,0.38212066789982896,-0.38212199155327153,0.38212594730235977,-0.3821302612567424,-0.9704484455806385,0.9676267676855376,0.9731433963591736,0.9777499554807738,-0.9800806694508586,-0.9752910326955221,0.7068240464390383,-0.0007930172925417798,-0.9238008337320167,0.9999999999441043,0.7552843155447678,-0.37116737775177094,-0.948665552475289,-0.9977784325539464,-0.9448485662756275,0.9988821309157799,0.38212066789982896,-0.9735808180718146,0.9748693784592322,0.9740141690367002,-0.9744436815532567
0.4147501077364866,-0.414747466475004,-0.41475077186831105,-0.8356810211483764,0.8356860604497836,0.835677940288135,-0.04660212395235989,0.046599573583704125,-0.3170504753836424,0.317048454629247,-0.3170428681279443,0.3170355020476384,-0.8911327894795117,0.8962517217360549,0.8858966204166392,0.8759845777549812,-0.87041289902224,-0.8814410834183488,0.07023672340553733,-0.6559857604458875,-0.4468052050616607,0.7552843155447678,0.9999999933740428,0.3282377306152472,-0.9237951530291588,-0.7972542352947759,-0.92826648239917,0.7233930402642544,-0.31705047538364284,-0.8850149807531895,0.8823415385725977,0.8841284916118092,-0.8832373199446052
-0.7233835787721112,0.7233819081295992,0.723384839809625,0.24448058752206142,-0.24447399368316453,-0.24448412082167814,0.928265166480267,-0.9282645156038816,-0.9999315985012557,0.9999307183425082,-0.9999287125078277,0.9999248616603297,0.13610833149891438,-0.12478729300521951,-0.14741249005748622,-0.16809467181114301,0.1793466406391333,0.1568206958946355,-0.9192028613741362,-0.9282628620016901,0.6984016111316146,-0.37116737775177094,0.3282377306152472,0.999999994606823,0.05843231688113602,0.30850668424156336,0.04658782874655182,-0.41472939861067315,-0.9999315985012569,0.14929284071413212,-0.15493790899765872,-0.15117382261089007,0.15305553644598624
-0.731546003102563,0.7315415900609852,0.7315477061033633,0.9822818221677633,-0.9822849069183195,-0.9822797765991684,0.4255115976052112,-0.4255089498816006,-0.07023004496040215,0.07023180992470054,-0.0702368802678982,0.07024304703022412,0.996959069056117,-0.9977796374032621,-0.9960061995689938,-0.9939142717808013,0.9925874941243044,0.9951106618358956,-0.4468127050976775,0.317025735603386,0.7552906482881084,-0.948665552475289,-0.9237951530291588,0.05843231688113602,0.999999999241977,0.9676236840613124,0.9999274893225167,-0.9326262680953833,-0.07023004496040167,0.9958360356837465,-0.9952986422358103,-0.9956612689823121,0.9954821215971661
-0.8799524445408006,0.8799470199249637,0.8799547978092455,0.9977783774696687,-0.9977781006696143,-0.9977772007114288,0.6401461963977667,-0.6401435440075618,-0.3197315700729362,0.3197330065720335,-0.319737268064313,0.31974204947379375,0.9843640549061144,-0.9822859822582183,-0.9863136203620152,-0.9895495649805783,0.9911306024051847,0.9878388736335015,-0.6581478162630661,0.06738576744737491,0.8962558071813691,-0.9977784325539464,-0.7972542352947759,0.30850668424156336,0.9676236840613124,0.9999999997798047,0.9645630630099598,-0.9935133037832848,-0.3197315700729357,0.9866265945938599,-0.987541713535453,-0.9869354788482203,0.9872405088193793
-0.7233987945432205,0.7233953208838635,0.7234000016735,0.9799934022306582,-0.9799958779190452,-0.9799916662932616,0.4147437278285886,-0.4147413563974277,-0.0583936550956446,0.05839542154781698,-0.05840044610525247,0.05840657651723481,0.9959681674375764,-0.9969236041026193,-0.9948819675244369,-0.9925421212070884,0.991079354817206,0.99387429532395,-0.43616837282921467,0.3282494988466843,0.7474620272887728,-0.9448485662756275,-0.92826648239917,0.04658782874655182,0.9999274893225167,0.9645630630099598,0.9999999931165422,-0.928269988567607,-0.05839365509564444,0.9946903079422591,-0.9940856348290578,-0.9944935885048378,0.9942920147611009
0.928280109626065,-0.9282748097336941,-0.9282815374465911,-0.9837337161786295,0.9837332742147222,0.9837335742486175,-0.7233917688660815,0.7233901252692712,0.42546072880299485,-0.42546204455051323,0.42546596186582536,-0.4254702258097488,-0.9579397104288864,0.9545946268973329,0.9611592662284346,0.9667273468637401,-0.9695833767134026,-0.9637440268820123,0.7395352150351594,0.04657269935032491,-0.9409018074610197,0.9988821309157799,0.7233930402642544,-0.41472939861067315,-0.9326262680953833,-0.9935133037832848,-0.928269988567607,0.9999999977528428,0.42546072880299457,-0.9616850521838869,0.9632358999700813,0.962206307475325,-0.9627232514032283
0.7315014852047608,-0.7314997339257452,-0.7315027783587382,-0.2559272649360349,0.255920800186349,0.2559307249653001,-0.9326053096157508,0.9326062454860699,1.0000140525841406,-1.0000110071194666,1.0000096527049545,-1.000004343394847,-0.14781102741685648,0.1365084064787606,0.15909523984315713,0.17973697743931405,-0.1909647923860697,-0.16848567628437633,0.9238011992598982,0.923811438806153,-0.7068183541830323,0.38212066789982896,-0.31705047538364284,-0.9999315985012569,-0.07023004496040167,-0.3197315700729357,-0.05839365509564444,0.42546072880299457,1.0000000100219948,-0.16097209682500463,0.16660649981798198,0.1628495541047971,-0.16472771215927576
-0.7907330003011439,0.7907271115320654,0.7907355138960253,0.9952896313424148,-0.9952929048495452,-0.9952875070327405,0.5063316133659651,-0.5063286364022724,-0.16097209682500468,0.1609738052719227,-0.1609788155364765,0.16098477382367074,0.9999195997990004,-0.9997014886881325,-1.0000055383899022,-0.9998269736345834,0.9995431392892296,0.9999801076914256,-0.5265974912829828,0.22915682122411832,0.8119582978539193,-0.9735808180718146,-0.8850149807531895,0.14929284071413212,0.9958360356837465,0.9866265945938599,0.9946903079422591,-0.9616850521838869,-0.16097209682500463,1.0000000068167072,-0.9999931667958333,-1.0000060277385132,1.0000023339099275
0.7942169607673378,-0.7942110315899173,-0.7942194980551672,-0.9958272670264514,0.9958305135364375,0.9958251578178976,-0.5112488031824899,0.5112458190267085,0.16660649981798298,-0.16660820228782142,0.16661319892393653,-0.16661913133662432,-0.999827182303975,0.9995439087174068,0.9999800917546731,0.9999193805527589,-0.9997008171389106,-1.0000054559485223,0.5314443737045399,-0.22359365724440505,-0.8152790567376843,0.9748693784592322,0.8823415385725977,-0.15493790899765872,-0.9952986422358103,-0.987541713535453,-0.9940856348290578,0.9632358999700813,0.16660649981798198,-0.9999931667958333,1.000000006702216,1.0000022788947682,-1.0000058902809439
0.7918974627155889,-0.7918914926437174,-0.7919000196806871,-0.9954726465550121,0.9954759591208074,0.9954705026346437,-0.507971956178698,0.5079689586965147,0.1628495541047974,-0.1628512646196066,0.1628562856439018,-0.16286225494848566,-0.9998927046118427,0.9996530209321574,1.000002032551459,0.9998615973479655,-0.999599606491363,-0.9999929124515112,0.5282143293313798,-0.22730488496677265,-0.8130679907807459,0.9740141690367002,0.8841284916118092,-0.15117382261089007,-0.9956612689823121,-0.9869354788482203,-0.9944935885048378,0.962206307475325,0.1628495541047971,-1.0000060277385132,1.0000022788947682,1.0000000068824493,-1.000006005664316
-0.7930587892459126,0.7930528055259917,0.7930613542010415,0.9956518467426836,-0.9956551503630408,-0.9956497078286498,0.5096110361133344,-0.5096080361434359,-0.16472771215927615,0.16472942069684587,-0.16473443722381606,0.16474039795146198,0.9998618840930246,-0.9996004794463801,-0.999992941209931,-0.9998923857503017,0.999652152286192,1.0000019422070132,-0.5298299719855735,0.22545046816707356,0.8141749145165618,-0.9744436815532567,-0.8832373199446052,0.15305553644598624,0.9954821215971661,0.9872405088193793,0.9942920147611009,-0.9627232514032283,-0.16472771215927576,1.0000023339099275,-1.0000058902809439,-1.000006005664316,1.0000000068160102
