1.0000000062195011,-1.0000078218986905,1.000010216088793,1.0000066049978253,1.0000174667963833,-1.0000152751190732,1.0000174667963846,-1.000000036167715,1.0000007766955363,0.9999995233232832,-1.0000013985462588,-1.0000016577006812,-0.9999995621465544,-0.999999864601052,0.9999999880599053,-1.000000048314085,-1.0000072926965788,1.000004357374098,-1.000005273914104,1.0000024695636462
-1.0000078218986905,1.0000000056486362,-1.000009369334579,-1.0000057582440622,-1.0000170689626908,1.000014877285887,-1.0000170689626917,0.9999996383325268,-1.000000378860585,-0.9999991254880284,1.0000010007123026,1.000001259864798,0.9999991643116227,0.9999994667652534,-0.9999995902254093,0.9999996504792139,1.0000068948640788,-1.0000039595413583,1.0000048760818798,-1.0000020717270968
1.000010216088793,-1.000009369334579,1.0000000084399825,1.0000081524328162,1.0000190142417362,-1.000016373640149,1.000019014241737,-1.0000015836071217,1.000002324134763,1.000001070762571,-1.000002945983354,-1.0000032051427172,-1.0000011095850612,-1.0000014120418783,1.0000015354975562,-1.0000015957526982,-1.0000083912115085,1.000005904809802,-1.0000068213490396,1.0000040170077866
1.0000066049978253,-1.0000057582440622,1.0000081524328162,1.0000000032582774,1.0000154031390964,-1.0000132114631448,1.0000154031390966,-0.9999979724749525,0.9999987130057383,0.9999974596292834,-0.9999993348656385,-0.9999995940042087,-0.9999974984553218,-0.9999978009029454,0.9999979243729092,-0.9999979846240353,-1.000005229035941,1.000002293707607,-1.0000027613313232,1.0000004058626542
1.0000174667963833,-1.0000170689626908,1.0000190142417362,1.0000154031390964,1.0000000188443467,-1.0000236243696214,1.0000262649804765,-1.0000088343701143,1.0000095748936444,1.0000083215266915,-1.0000101967246182,-1.0000104559182952,-1.0000083603434355,-1.000008662815691,1.0000087862482046,-1.000008846509988,-1.0000160908494857,1.0000131555297944,-1.0000140720600215,1.0000112677952966
-1.0000152751190732,1.000014877285887,-1.000016373640149,-1.0000132114631448,-1.0000236243696214,1.0000000156994047,-1.000023624369623,1.00000664268428,-1.0000073832083913,-1.0000061298408534,1.0000080050431557,1.0000082642287005,1.0000061686589181,1.0000064711274188,-1.0000065945652707,1.0000066548254751,1.0000138991708805,-1.0000109638517873,1.0000118803836513,-1.0000090761025078
1.0000174667963846,-1.0000170689626917,1.000019014241737,1.0000154031390966,1.0000262649804765,-1.000023624369623,1.0000000188443467,-1.0000088343701155,1.0000095748936453,1.0000083215266924,-1.0000101967246178,-1.000010455918297,-1.0000083603434362,-1.0000086628156921,1.0000087862482048,-1.000008846509991,-1.0000160908494855,1.000013155529794,-1.0000140720600221,1.000011267795298
-1.000000036167715,0.9999996383325268,-1.0000015836071217,-0.9999979724749525,-1.0000088343701143,1.00000664268428,-1.0000088343701155,0.9999999938321044,-0.9999916949153576,-0.9999904414955786,0.9999927657723041,0.9999930247932035,0.9999909292647476,0.9999912316631073,-0.9999913552183369,0.9999914154469102,0.9999986601480866,-0.9999957247484493,0.9999966413442216,-0.9999938366249035
1.0000007766955363,-1.000000378860585,1.000002324134763,0.9999987130057383,1.0000095748936444,-1.0000073832083913,1.0000095748936453,-0.9999916949153576,0.9999999948947625,0.9999916309786123,-0.9999930574012005,-0.9999933164328416,-0.9999916698240373,-0.999991972226919,0.9999920957744136,-0.999992156005045,-0.9999994006809615,0.9999964652873854,-0.99999738187872,0.999994577188904
0.9999995233232832,-0.9999991254880284,1.000001070762571,0.9999974596292834,1.0000083215266915,-1.0000061298408534,1.0000083215266924,-0.9999904414955786,0.9999916309786123,0.9999999930961803,-0.9999922529171275,-0.9999925119324865,-0.999989967483611,-0.999990269879612,0.9999908423605991,-0.9999909025881105,-0.9999981473012541,0.9999952118989061,-0.9999961284968275,0.9999933237627718
-1.0000013985462588,1.0000010007123026,-1.000002945983354,-0.9999993348656385,-1.0000101967246182,1.0000080050431557,-1.0000101967246178,0.9999927657723041,-0.9999930574012005,-0.9999922529171275,0.9999999957871814,0.9999943872913228,0.9999922917580162,0.9999925941710732,-0.9999922687786394,0.9999927779358035,1.0000000225449572,-0.9999966382469198,0.9999980037487333,-0.999995199130594
-1.0000016577006812,1.000001259864798,-1.0000032051427172,-0.9999995940042087,-1.0000104559182952,1.0000082642287005,-1.000010455918297,0.9999930247932035,-0.9999933164328416,-0.9999925119324865,0.9999943872913228,0.9999999961588854,0.9999925507800466,0.9999928531786014,-0.9999929767345833,0.9999930369631166,1.0000002816783589,-0.9999973462733154,0.9999982628709561,-0.9999950092229903
-0.9999995621465544,0.9999991643116227,-1.0000011095850612,-0.9999974984553218,-1.0000083603434355,1.0000061686589181,-1.0000083603434362,0.9999909292647476,-0.9999916698240373,-0.999989967483611,0.9999922917580162,0.9999925507800466,0.9999999931519247,0.9999907576512519,-0.9999904322836778,0.9999909414342724,0.9999981861283146,-0.99999525073107,0.9999961673257896,-0.9999933626115868
-0.999999864601052,0.9999994667652534,-1.0000014120418783,-0.9999978009029454,-1.000008662815691,1.0000064711274188,-1.0000086628156921,0.9999912316631073,-0.999991972226919,-0.999990269879612,0.9999925941710732,0.9999928531786014,0.9999907576512519,0.999999993585844,-0.9999911836092296,0.9999912438352495,0.9999984885739692,-0.9999955531643971,0.9999964697664854,-0.9999936650077095
0.9999999880599053,-0.9999995902254093,1.0000015354975562,0.9999979243729092,1.0000087862482046,-1.0000065945652707,1.0000087862482048,-0.9999913552183369,0.9999920957744136,0.9999908423605991,-0.9999922687786394,-0.9999929767345833,-0.9999904322836778,-0.9999911836092296,0.9999999937631393,-0.9999909184639094,-0.9999986120479901,0.9999956766588731,-0.999996593248161,0.9999937885686824
-1.000000048314085,0.9999996504792139,-1.0000015957526982,-0.9999979846240353,-1.000008846509988,1.0000066548254751,-1.000008846509991,0.9999914154469102,-0.999992156005045,-0.9999909025881105,0.9999927779358035,0.9999930369631166,0.9999909414342724,0.9999912438352495,-0.9999909184639094,0.9999999938495666,0.9999986722981367,-0.9999957369034804,0.9999966534961497,-0.9999938487960098
-1.0000072926965788,1.0000068948640788,-1.0000083912115085,-1.000005229035941,-1.0000160908494857,1.0000138991708805,-1.0000160908494855,0.9999986601480866,-0.9999994006809615,-0.9999981473012541,1.0000000225449572,1.0000002816783589,0.9999981861283146,0.9999984885739692,-0.9999986120479901,0.9999986722981367,1.000000004245079,-1.0000025324742674,1.0000038979448482,-1.000001093536386
1.000004357374098,-1.0000039595413583,1.000005904809802,1.000002293707607,1.0000131555297944,-1.0000109638517873,1.000013155529794,-0.9999957247484493,0.9999964652873854,0.9999952118989061,-0.9999966382469198,-0.9999973462733154,-0.99999525073107,-0.9999955531643971,0.9999956766588731,-0.9999957369034804,-1.0000025324742674,1.0000000000330378,-1.0000005136861276,0.9999981581237638
-1.000005273914104,1.0000048760818798,-1.0000068213490396,-1.0000027613313232,-1.0000140720600215,1.0000118803836513,-1.0000140720600221,0.9999966413442216,-0.99999738187872,-0.9999961284968275,0.9999980037487333,0.9999982628709561,0.9999961673257896,0.9999964697664854,-0.999996593248161,0.9999966534961497,1.0000038979448482,-1.0000005136861276,1.000000001348241,-0.9999990747253616
1.0000024695636462,-1.0000020717270968,1.0000040170077866,1.0000004058626542,1.0000112677952966,-1.0000090761025078,1.000011267795298,-0.9999938366249035,0.999994577188904,0.9999933237627718,-0.999995199130594,-0.9999950092229903,-0.9999933626115868,-0.9999936650077095,0.9999937885686824,-0.9999938487960098,-1.000001093536386,0.9999981581237638,-0.9999990747253616,0.9999999973238173
