0.9999999996883483,-0.8090175762552697,-0.8090174036372101,0.30901270634729194,0.8090205037982846,0.30902011496895043,0.1273628207428111,-0.1273629281249286,0.042611901600575895,0.21070083345286816,-0.042611861684227495,0.04261190160057367,-0.12736292812492592,-0.30902066679893797,0.21070083345286425,0.12736282074280877,-0.6422555933138471,-0.3090076619782739,0.30900318883036926,-0.04261186168423,-0.6422555933138474,0.8090250506947626,-0.8090230810504674,-0.3090012980681221,-0.309001298068123,0.3090001341866032,0.30900013418660194,-0.30899974249395196
-0.8090175762552697,1.0000000005607708,0.30901916601318735,-0.8090145153551787,-1.0000007269192837,0.30901311696397,-0.1574270150003697,0.1574273253194518,-0.05267052693504621,-0.2604377892386952,0.05267041747768138,-0.05267052693505219,0.15742732531945738,-0.30901258622324707,-0.2604377892387002,-0.15742701500037568,0.7938636713300186,0.8090112779224905,-0.8090084324642064,0.052670417477675736,0.7938636713300138,-1.0000009472834592,1.000000868395947,0.8090072422092045,0.8090072422092052,-0.8090064990483705,-0.8090064990483699,0.8090062498863151
-0.8090174036372101,0.30901916601318735,0.9999999995626552,0.3090200346920872,-0.30902389348014037,-0.8090177764694287,-0.048650668531060294,0.04865053196043905,-0.0162770821199696,-0.08048383469369291,0.016277126991140922,-0.016277082119968807,0.048650531960437685,0.8090181643493178,-0.08048383469369015,-0.04865066853105933,0.24532927472621363,-0.309024933487562,0.3090293257411799,0.01627712699114198,0.24532927472621377,-0.3090310558911776,0.309027947826262,-0.30903119480650937,-0.30903119480650837,0.3090323348472409,0.30903233484724174,-0.3090327194577804
0.30901270634729194,-0.8090145153551787,0.3090200346920872,1.0000000007035204,0.809011587084112,-0.8090180089752994,0.1273589497695414,-0.12735934449461495,0.04261063707682259,0.21069555003231508,-0.04261049988731635,0.042610637076826115,-0.12735934449461844,0.8090177277913692,0.21069555003231896,0.1273589497695451,-0.6422403358585608,-1.0000007234517687,1.0000006183201484,-0.042610499887312914,-0.6422403358585581,0.809007355055388,-0.8090091970748273,-1.0000005832215968,-1.0000005832215975,1.0000005446511233,1.0000005446511233,-1.0000005331936273
0.8090205037982846,-1.0000007269192837,-0.30902389348014037,0.809011587084112,1.0000000005147072,-0.3090083695548888,0.15742700993778427,-0.15742732025563155,0.05267052524112209,0.26043778085868075,-0.05267041578417094,0.052670525241124394,-0.15742732025563352,0.30900783881315497,0.2604377808586825,0.1574270099377865,-0.7938636457825297,-0.8090083238913602,0.8090054784148007,-0.05267041578416891,-0.7938636457825271,1.000000915095759,-1.0000008104522573,-0.8090042881519866,-0.8090042881519872,0.8090035449864138,0.8090035449864129,-0.8090032958227565
0.30902011496895043,0.30901311696397,-0.8090177764694287,-0.8090180089752994,-0.3090083695548888,0.9999999998710928,-0.04864423257795402,0.04864456093617739,-0.016274978334853616,-0.08047500041667657,0.01627486581536217,-0.016274978334852586,0.04864456093617679,-0.9999998279551027,-0.08047500041667718,-0.04864423257795321,0.24530371731253606,0.8090209167751559,-0.8090235504531416,0.016274865815363086,0.24530371731253614,-0.3090013274115457,0.3090043867285766,0.8090246839064805,0.8090246839064803,-0.8090253646522771,-0.8090253646522785,0.8090255952734523
0.1273628207428111,-0.1574270150003697,-0.048650668531060294,0.1273589497695414,0.15742700993778427,-0.04864423257795402,0.9999999994580706,-0.9999991306212467,0.9944508550964632,0.9944506026314271,0.9778674498611785,-0.977867340439841,0.9504325674420728,0.048644149024487826,-0.9124507794655299,-0.9504327502476781,0.47553811787580824,-0.127358436046634,0.12735798808432147,-0.994450930055217,-0.7254890979394363,0.15742704059841314,-0.1574270281700602,-0.12735780070162125,-0.12735780070162164,0.12735768370535339,0.12735768370535633,-0.12735764447961115
-0.1273629281249286,0.1574273253194518,0.04865053196043905,-0.12735934449461495,-0.15742732025563155,0.04864456093617739,-0.9999991306212467,0.9999999993364705,-0.9944507102441797,-0.9944505267452936,-0.9778672980599262,0.9778671886385483,-0.9504323846363273,-0.048644477382598555,0.9124505676836039,0.9504325674420706,-0.47553778904226174,0.12735883077169996,-0.12735838280941233,0.9944508109427129,0.7254892618022436,-0.15742735091449048,0.157427338486906,0.12735819542673069,0.12735819542673094,-0.12735807843046726,-0.12735807843047015,0.1273580392047273
0.042611901600575895,-0.05267052693504621,-0.0162770821199696,0.04261063707682259,0.05267052524112209,-0.016274978334853616,0.9944508550964632,-0.9944507102441797,0.9999999994118293,0.9778669447701288,0.9944509112665608,-0.9944507865370952,0.9778671886385469,0.016274950380286098,-0.9504321751107571,-0.9778673404398374,0.5654389111675588,-0.042610465200100256,0.04261031532496161,-0.999999238458564,-0.6490652813160517,0.05267053549908777,-0.052670531341005855,-0.04261025263217074,-0.04261025263217099,0.042610213488625655,0.04261021348862863,-0.04261020036483513
0.21070083345286816,-0.2604377892386952,-0.08048383469369291,0.21069555003231508,0.26043778085868075,-0.08047500041667657,0.9944506026314271,-0.9944505267452936,0.9778669447701288,0.9999999992447262,0.9504322937497632,-0.9504321751107614,0.9124505676836068,0.08047486219104899,-0.8643433394259082,-0.9124507794655293,0.3803591405515143,-0.21069470016394262,0.2106939590855646,-0.9778670063961434,-0.7938629893682756,0.2604378315746487,-0.26043781101701635,-0.21069364909240254,-0.21069364909240298,0.21069345554173102,0.21069345554173355,-0.21069339064933154
-0.042611861684227495,0.05267041747768138,0.016277126991140922,-0.04261049988731635,-0.05267041578417094,0.01627486581536217,0.9778674498611785,-0.9778672980599262,0.9944509112665608,0.9504322937497632,0.9999999995367981,-0.999999238458554,0.994450810942705,-0.01627483786083325,-0.9778670063961314,-0.994450930055209,0.6490652511911146,0.0426103280106115,-0.04261017813547576,-0.9944510102561788,-0.5654390548291381,-0.0526704260427312,0.05267042188438644,0.04261011544268173,0.042610115442681416,-0.04261007629914464,-0.04261007629914156,0.042610063175354276
0.04261190160057367,-0.05267052693505219,-0.016277082119968807,0.042610637076826115,0.052670525241124394,-0.016274978334852586,-0.977867340439841,0.9778671886385483,-0.9944507865370952,-0.9504321751107614,-0.999999238458554,0.9999999994118293,-0.9944507102441785,0.016274950380283097,0.9778669447701241,0.9944508550964591,-0.6490652813160515,-0.04261046520010363,0.04261031532496324,0.9944509112665666,0.5654389111675597,0.05267053549908677,-0.05267053134100183,-0.04261025263217002,-0.042610252632169665,0.042610213488631116,0.0426102134886281,-0.04261020036484027
-0.12736292812492592,0.15742732531945738,0.048650531960437685,-0.12735934449461844,-0.15742732025563352,0.04864456093617679,0.9504325674420728,-0.9504323846363273,0.9778671886385469,0.9124505676836068,0.994450810942705,-0.9944507102441785,0.9999999993364705,-0.048644477382596,-0.9944505267452889,-0.9999991306212404,0.7254892618022424,0.12735883077170337,-0.12735838280941397,-0.9778672980599333,-0.47553778904226174,-0.1574273509144893,0.15742733848690152,0.12735819542672996,0.12735819542672966,-0.12735807843047278,-0.12735807843046967,0.1273580392047324
-0.30902066679893797,-0.30901258622324707,0.8090181643493178,0.8090177277913692,0.30900783881315497,-0.9999998279551027,0.048644149024487826,-0.048644477382598555,0.016274950380286098,0.08047486219104899,-0.01627483786083325,0.016274950380283097,-0.048644477382596,0.9999999999198554,0.08047486219104764,0.048644149024485064,-0.24530329597481754,-0.8090206098539587,0.8090232435342201,-0.01627483786083619,-0.24530329597481915,0.30900079666815444,-0.30900385598590485,-0.8090243769885178,-0.8090243769885169,0.8090250577349055,0.8090250577349066,-0.8090252883562785
0.21070083345286425,-0.2604377892387002,-0.08048383469369015,0.21069555003231896,0.2604377808586825,-0.08047500041667718,-0.9124507794655299,0.9124505676836039,-0.9504321751107571,-0.8643433394259082,-0.9778670063961314,0.9778669447701241,-0.9944505267452889,0.08047486219104764,0.9999999992447262,0.9944506026314189,-0.7938629893682715,-0.21069470016394645,0.2106939590855666,0.9504322937497636,0.3803591405515128,0.26043783157464695,-0.26043781101701147,-0.21069364909240237,-0.21069364909240215,0.2106934555417365,0.21069345554173363,-0.21069339064933698
0.12736282074280877,-0.15742701500037568,-0.04865066853105933,0.1273589497695451,0.1574270099377865,-0.04864423257795321,-0.9504327502476781,0.9504325674420706,-0.9778673404398374,-0.9124507794655293,-0.994450930055209,0.9944508550964591,-0.9999991306212404,0.048644149024485064,0.9944506026314189,0.9999999994580706,-0.7254890979394331,-0.1273584360466375,0.12735798808432336,0.9778674498611818,0.4755381178758062,0.15742704059841225,-0.15742702817005624,-0.1273578007016208,-0.12735780070162042,0.12735768370535896,0.12735768370535594,-0.1273576444796164
-0.6422555933138471,0.7938636713300186,0.24532927472621363,-0.6422403358585608,-0.7938636457825297,0.24530371731253606,0.47553811787580824,-0.47553778904226174,0.5654389111675588,0.3803591405515143,0.6490652511911146,-0.6490652813160515,0.7254892618022424,-0.24530329597481754,-0.7938629893682715,-0.7254890979394331,1.0000000002054101,0.6422377453018845,-0.6422354863574137,-0.5654390548291408,0.2604377807130679,-0.7938637746291678,0.7938637377077765,0.6422345414407303,0.6422345414407298,-0.6422339514623604,-0.6422339514623578,0.6422337536582801
-0.3090076619782739,0.8090112779224905,-0.309024933487562,-1.0000007234517687,-0.8090083238913602,0.8090209167751559,-0.127358436046634,0.12735883077169996,-0.042610465200100256,-0.21069470016394262,0.0426103280106115,-0.04261046520010363,0.12735883077170337,-0.8090206098539587,-0.21069470016394645,-0.1273584360466375,0.6422377453018845,1.0000000003670055,-1.0000003571092804,0.04261032801060819,0.6422377453018813,-0.809004091831479,0.8090059338644368,1.0000003477609114,1.00000034776091,-1.0000003091967768,-1.0000003091967777,1.0000002977414177
0.30900318883036926,-0.8090084324642064,0.3090293257411799,1.0000006183201484,0.8090054784148007,-0.8090235504531416,0.12735798808432147,-0.12735838280941233,0.04261031532496161,0.2106939590855646,-0.04261017813547576,0.04261031532496324,-0.12735838280941397,0.8090232435342201,0.2106939590855666,0.12735798808432336,-0.6422354863574137,-1.0000003571092804,1.0000000001800564,-0.04261017813547422,-0.642235486357411,0.8090012463267905,-0.809003088371955,-1.0000001912049443,-1.0000001912049443,1.0000001783863033,1.000000178386305,-1.00000016693285
-0.04261186168423,0.052670417477675736,0.01627712699114198,-0.042610499887312914,-0.05267041578416891,0.016274865815363086,-0.994450930055217,0.9944508109427129,-0.999999238458564,-0.9778670063961434,-0.9944510102561788,0.9944509112665666,-0.9778672980599333,-0.01627483786083619,0.9504322937497636,0.9778674498611818,-0.5654390548291408,0.04261032801060819,-0.04261017813547422,0.9999999995367985,0.6490652511911185,-0.05267042604273248,0.052670421884390674,0.042610115442682624,0.042610115442682964,-0.04261007629913929,-0.04261007629914228,0.04261006317534927
-0.6422555933138474,0.7938636713300138,0.24532927472621377,-0.6422403358585581,-0.7938636457825271,0.24530371731253614,-0.7254890979394363,0.7254892618022436,-0.6490652813160517,-0.7938629893682756,-0.5654390548291381,0.5654389111675597,-0.47553778904226174,-0.24530329597481915,0.3803591405515128,0.4755381178758062,0.2604377807130679,0.6422377453018813,-0.642235486357411,0.6490652511911185,1.0000000002054101,-0.7938637746291709,0.7938637377077788,0.6422345414407291,0.6422345414407297,-0.6422339514623554,-0.6422339514623571,0.6422337536582754
0.8090250506947626,-1.0000009472834592,-0.3090310558911776,0.809007355055388,1.000000915095759,-0.3090013274115457,0.15742704059841314,-0.15742735091449048,0.05267053549908777,0.2604378315746487,-0.0526704260427312,0.05267053549908677,-0.1574273509144893,0.30900079666815444,0.26043783157464695,0.15742704059841225,-0.7938637746291678,-0.809004091831479,0.8090012463267905,-0.05267042604273248,-0.7938637746291709,1.0000000007928953,-1.0000010051452997,-0.8090000560519587,-0.8090000560519578,0.8089993128790894,0.8089993128790894,-0.8089990637129679
-0.8090230810504674,1.000000868395947,0.309027947826262,-0.8090091970748273,-1.0000008104522573,0.3090043867285766,-0.1574270281700602,0.157427338486906,-0.052670531341005855,-0.26043781101701635,0.05267042188438644,-0.05267053134100183,0.15742733848690152,-0.30900385598590485,-0.26043781101701147,-0.15742702817005624,0.7938637377077765,0.8090059338644368,-0.809003088371955,0.052670421884390674,0.7938637377077788,-1.0000010051452997,1.000000000680124,0.8090018981023398,0.8090018981023387,-0.809001154932636,-0.8090011549326356,0.8090009057675839
-0.3090012980681221,0.8090072422092045,-0.30903119480650937,-1.0000005832215968,-0.8090042881519866,0.8090246839064805,-0.12735780070162125,0.12735819542673069,-0.04261025263217074,-0.21069364909240254,0.04261011544268173,-0.04261025263217002,0.12735819542672996,-0.8090243769885178,-0.21069364909240237,-0.1273578007016208,0.6422345414407303,1.0000003477609114,-1.0000001912049443,0.042610115442682624,0.6422345414407291,-0.8090000560519587,0.8090018981023398,1.000000000129935,1.0000001818697,-1.000000117573771,-1.0000001433136154,1.000000131860966
-0.309001298068123,0.8090072422092052,-0.30903119480650837,-1.0000005832215975,-0.8090042881519872,0.8090246839064803,-0.12735780070162164,0.12735819542673094,-0.04261025263217099,-0.21069364909240298,0.042610115442681416,-0.042610252632169665,0.12735819542672966,-0.8090243769885169,-0.21069364909240215,-0.12735780070162042,0.6422345414407298,1.00000034776091,-1.0000001912049443,0.042610115442682964,0.6422345414407297,-0.8090000560519578,0.8090018981023387,1.0000001818697,1.000000000129935,-1.0000001433136145,-1.0000001175737703,1.0000001318609664
0.3090001341866032,-0.8090064990483705,0.3090323348472409,1.0000005446511233,0.8090035449864138,-0.8090253646522771,0.12735768370535339,-0.12735807843046726,0.042610213488625655,0.21069345554173102,-0.04261007629914464,0.042610213488631116,-0.12735807843047278,0.8090250577349055,0.2106934555417365,0.12735768370535896,-0.6422339514623604,-1.0000003091967768,1.0000001783863033,-0.04261007629913929,-0.6422339514623554,0.8089993128790894,-0.809001154932636,-1.000000117573771,-1.0000001433136145,1.0000000000748444,1.000000104758997,-1.000000067566997
0.30900013418660194,-0.8090064990483699,0.30903233484724174,1.0000005446511233,0.8090035449864129,-0.8090253646522785,0.12735768370535633,-0.12735807843047015,0.04261021348862863,0.21069345554173355,-0.04261007629914156,0.0426102134886281,-0.12735807843046967,0.8090250577349066,0.21069345554173363,0.12735768370535594,-0.6422339514623578,-1.0000003091967777,1.000000178386305,-0.04261007629914228,-0.6422339514623571,0.8089993128790894,-0.8090011549326356,-1.0000001433136154,-1.0000001175737703,1.000000104758997,1.0000000000748448,-1.0000000675669956
-0.30899974249395196,0.8090062498863151,-0.3090327194577804,-1.0000005331936273,-0.8090032958227565,0.8090255952734523,-0.12735764447961115,0.1273580392047273,-0.04261020036483513,-0.21069339064933154,0.042610063175354276,-0.04261020036484027,0.1273580392047324,-0.8090252883562785,-0.21069339064933698,-0.1273576444796164,0.6422337536582801,1.0000002977414177,-1.00000016693285,0.04261006317534927,0.6422337536582754,-0.8089990637129679,0.8090009057675839,1.000000131860966,1.0000001318609664,-1.000000067566997,-1.0000000675669956,1.0000000000584808
