1.0000000002002758,-1.0000002733418243,-1.0000002733418272,-1.0000002733418263,1.0000001870691928,1.0000001870691917,1.0000001870691924,-1.602728291215549e-15,1.602729082018023e-15,-1.6027282912180101e-15,-1.6027312900980176e-15,1.602725757594648e-15,-1.6027210285841277e-15,1.6027391135122786e-15,1.602719369385402e-15,1.6027193693825614e-15,-1.0000000916109684,-1.00000009161097,-1.0000000916109681,1.0000000476147477,1.000000047614747,1.0000000476147468,-1.6027426295685816e-15,-1.6027426295508346e-15,1.6027448964887308e-15,1.6027448964700174e-15,-1.6027456840482666e-15
-1.0000002733418243,1.0000000001870692,1.0000002545744104,1.0000002545744089,-1.000000187864125,-1.0000001757277246,-1.0000001757277261,-1.6930748373619632e-15,1.693074689431204e-15,-1.6930748323154226e-15,-1.6930739012793401e-15,1.6930767919409846e-15,-1.6930793052533924e-15,1.6930699001583815e-15,1.6930800267220464e-15,1.6930800277975712e-15,1.0000000853708972,1.000000079697242,1.0000000796972401,-1.0000000421539037,-1.000000035407587,-1.000000035407587,-1.6930680297231864e-15,-1.6930680302677389e-15,1.6930668381855496e-15,1.6930668402204993e-15,-1.693066434561191e-15
-1.0000002733418272,1.0000002545744104,1.0000000001870692,1.0000002545744104,-1.0000001757277275,-1.0000001878641234,-1.000000175727727,-5.284105608187731e-16,5.284104349418678e-16,-5.284105630927362e-16,-5.284094580982498e-16,5.284137015943795e-16,-5.284172683912377e-16,5.284037213162881e-16,5.284182846909633e-16,5.284182826765124e-16,1.0000000796972426,1.0000000853709003,1.0000000796972424,-1.0000000354075878,-1.0000000421539057,-1.0000000354075882,-5.284009921201825e-16,-5.284009929192841e-16,5.28399220636326e-16,5.28399219123268e-16,-5.283986078899592e-16
-1.0000002733418263,1.0000002545744089,1.0000002545744104,1.0000000001870692,-1.0000001757277268,-1.0000001757277253,-1.000000187864124,-1.4871823046842316e-15,1.4871821540123407e-15,-1.4871823074390264e-15,-1.487181150242607e-15,1.4871843102737192e-15,-1.4871870630491576e-15,1.4871765662355191e-15,1.487187799110023e-15,1.4871878000497485e-15,1.0000000796972415,1.0000000796972424,1.000000085370898,-1.0000000354075878,-1.0000000354075873,-1.000000042153904,-1.4871743976784252e-15,-1.4871743963481777e-15,1.4871730253742708e-15,1.4871730248663247e-15,-1.4871725569683288e-15
1.0000001870691928,-1.000000187864125,-1.0000001757277275,-1.0000001757277268,1.0000000000780611,1.000000096217883,1.000000096217884,-8.787415133044657e-16,8.787425490874458e-16,-8.787415225903971e-16,-8.787456366080377e-16,8.78739605282871e-16,-8.787345505745372e-16,8.787550996635599e-16,8.787328531426231e-16,8.787328513120816e-16,-1.000000018649482,-0.9999999999010569,-0.9999999999010545,0.9999999678226364,0.9999999554936311,0.999999955493631,-8.787594141896188e-16,-8.787594132540637e-16,8.787622245237681e-16,8.787622209253787e-16,-8.787631956653644e-16
1.0000001870691917,-1.0000001757277246,-1.0000001878641234,-1.0000001757277253,1.000000096217883,1.0000000000780611,1.0000000962178828,-1.9412233557070866e-15,1.941225374094704e-15,-1.9412233511999665e-15,-1.9412297617682363e-15,1.941221235722909e-15,-1.9412141916330985e-15,1.941242445626444e-15,1.9412112633998927e-15,1.9412112670419018e-15,-0.9999999999010547,-1.0000000186494817,-0.9999999999010543,0.9999999554936302,0.9999999678226342,0.9999999554936302,-1.9412479121139935e-15,-1.941247910561421e-15,1.9412515699776128e-15,1.9412515726871954e-15,-1.941252861241903e-15
1.0000001870691924,-1.0000001757277261,-1.000000175727727,-1.000000187864124,1.000000096217884,1.0000000962178828,1.0000000000780611,-5.208377719440253e-16,5.208387914569377e-16,-5.208377671251307e-16,-5.208414558021724e-16,5.208350000098412e-16,-5.208295928108632e-16,5.208507315241335e-16,5.208276281313377e-16,5.208276263274007e-16,-0.9999999999010558,-0.9999999999010563,-1.0000000186494808,0.9999999554936319,0.9999999554936311,0.9999999678226373,-5.208548643400639e-16,-5.208548668792683e-16,5.208575798915205e-16,5.208575808331735e-16,-5.20858529492194e-16
-1.602728291215549e-15,-1.6930748373619632e-15,-5.284105608187731e-16,-1.4871823046842316e-15,-8.787415133044657e-16,-1.9412233557070866e-15,-5.208377719440253e-16,0.9999999993312193,-0.9999991387830529,0.999999059225496,0.9999994139010728,-0.9999995636511456,0.9999996801851967,-0.9999995907947451,-0.9999997505776305,-0.9999997505776301,-9.641134779228856e-16,-8.441254910913959e-16,-5.104297712675551e-16,2.962999678680364e-15,2.3783943816335376e-15,2.311807385256963e-15,0.9999996880864861,0.9999996880864859,-0.9999997416958594,-0.9999997416958579,0.9999997587733235
1.602729082018023e-15,1.693074689431204e-15,5.284104349418678e-16,1.4871821540123407e-15,8.787425490874458e-16,1.941225374094704e-15,5.208387914569377e-16,-0.9999991387830529,0.9999999994332502,-0.9999991387830547,-0.9999994932378178,0.9999996350628237,-0.9999997518208622,0.9999996619511615,0.9999998224028293,0.9999998224028285,9.641134753744101e-16,8.441256687846728e-16,5.104297597004283e-16,-2.962999945971614e-15,-2.3783942625047935e-15,-2.3118071988500586e-15,-0.9999997593053972,-0.9999997593053971,0.9999998128896336,0.9999998128896321,-0.999999829943639
-1.6027282912180101e-15,-1.6930748323154226e-15,-5.284105630927362e-16,-1.4871823074390264e-15,-8.787415225903971e-16,-1.9412233511999665e-15,-5.208377671251307e-16,0.999999059225496,-0.9999991387830547,0.9999999993312193,0.9999994139010736,-0.9999995636511456,0.9999996801851967,-0.9999995907947454,-0.9999997505776318,-0.9999997505776306,-9.641134655717407e-16,-8.441254971538912e-16,-5.104297775324805e-16,2.962999664790419e-15,2.3783943884329996e-15,2.311807392347442e-15,0.9999996880864869,0.9999996880864869,-0.9999997416958604,-0.999999741695859,0.9999997587733243
-1.6027312900980176e-15,-1.6930739012793401e-15,-5.284094580982498e-16,-1.487181150242607e-15,-8.787456366080377e-16,-1.9412297617682363e-15,-5.208414558021724e-16,0.9999994139010728,-0.9999994932378178,0.9999994139010736,0.9999999998376758,-0.9999999256684835,1.0000000342636066,-0.999999952989838,-1.0000001051927296,-1.000000105192729,-9.641132229168718e-16,-8.441258225172878e-16,-5.104293118101923e-16,2.9630005927796308e-15,2.378394386109083e-15,2.3118069313098256e-15,1.000000042505014,1.000000042505014,-1.0000000963205316,-1.0000000963205298,1.000000113447545
1.602725757594648e-15,1.6930767919409846e-15,5.284137015943795e-16,1.4871843102737192e-15,8.78739605282871e-16,1.941221235722909e-15,5.208350000098412e-16,-0.9999995636511456,0.9999996350628237,-0.9999995636511456,-0.9999999256684835,1.0000000000527816,-1.0000001947345494,1.0000000932236475,1.0000002579797038,1.0000002579797043,9.641177505697629e-16,8.441302502729616e-16,5.104337568397152e-16,-2.9630032463016757e-15,-2.3783976653209447e-15,-2.311810088153096e-15,-1.000000190239483,-1.0000001902394824,1.000000243551206,1.000000243551205,-1.0000002604847176
-1.6027210285841277e-15,-1.6930793052533924e-15,-5.284172683912377e-16,-1.4871870630491576e-15,-8.787345505745372e-16,-1.9412141916330985e-15,-5.208295928108632e-16,0.9999996801851967,-0.9999997518208622,0.9999996801851967,1.0000000342636066,-1.0000001947345494,1.0000000002219613,-1.0000002085564452,-1.0000003853685289,-1.000000385368528,-9.641216512555905e-16,-8.441341048059124e-16,-5.104375783814356e-16,2.963005583471422e-15,2.378400560222684e-15,2.311812799618294e-15,1.0000003049740607,1.0000003049740593,-1.0000003580443735,-1.000000358044372,1.000000374931785
1.6027391135122786e-15,1.6930699001583815e-15,5.284037213162881e-16,1.4871765662355191e-15,8.787550996635599e-16,1.941242445626444e-15,5.208507315241335e-16,-0.9999995907947451,0.9999996619511615,-0.9999995907947454,-0.999999952989838,1.0000000932236475,-1.0000002085564452,1.0000000000922644,1.0000002792546596,1.0000002792546592,9.641083082634224e-16,8.441214190049357e-16,5.104241465963305e-16,-2.962998499440641e-15,-2.3783914302037787e-15,-2.3118035001291527e-15,-1.0000002309755844,-1.0000002309755844,1.0000002775145278,1.0000002775145256,-1.000000295034047
1.602719369385402e-15,1.6930800267220464e-15,5.284182846909633e-16,1.487187799110023e-15,8.787328531426231e-16,1.9412112633998927e-15,5.208276281313377e-16,-0.9999997505776305,0.9999998224028293,-0.9999997505776318,-1.0000001051927296,1.0000002579797038,-1.0000003853685289,1.0000002792546596,1.0000000003245695,1.0000004490545458,9.641229243598658e-16,8.441353402289005e-16,5.104387671956383e-16,-2.9630063410192496e-15,-2.3784017288991022e-15,-2.311813827315198e-15,-1.000000375644346,-1.000000375644347,1.0000004287711954,1.000000428771194,-1.000000445694528
1.6027193693825614e-15,1.6930800277975712e-15,5.284182826765124e-16,1.4871878000497485e-15,8.787328513120816e-16,1.9412112670419018e-15,5.208276263274007e-16,-0.9999997505776301,0.9999998224028285,-0.9999997505776306,-1.000000105192729,1.0000002579797043,-1.000000385368528,1.0000002792546592,1.0000004490545458,1.0000000003245695,9.64122926700447e-16,8.441353355003553e-16,5.104387695823895e-16,-2.963006343732051e-15,-2.3784017234277756e-15,-2.3118138300793386e-15,-1.0000003756443467,-1.000000375644346,1.000000428771195,1.0000004287711934,-1.0000004456945273
-1.0000000916109684,1.0000000853708972,1.0000000796972426,1.0000000796972415,-1.000000018649482,-0.9999999999010547,-0.9999999999010558,-9.641134779228856e-16,9.641134753744101e-16,-9.641134655717407e-16,-9.641132229168718e-16,9.641177505697629e-16,-9.641216512555905e-16,9.641083082634224e-16,9.641229243598658e-16,9.64122926700447e-16,0.9999999999446669,0.9999999035314402,0.9999999035314386,-0.9999998831512731,-0.9999998590724708,-0.9999998590724701,-9.641060545805555e-16,-9.64106055885154e-16,9.641046102913188e-16,9.64104614969555e-16,-9.641041184430941e-16
-1.00000009161097,1.000000079697242,1.0000000853709003,1.0000000796972424,-0.9999999999010569,-1.0000000186494817,-0.9999999999010563,-8.441254910913959e-16,8.441256687846728e-16,-8.441254971538912e-16,-8.441258225172878e-16,8.441302502729616e-16,-8.441341048059124e-16,8.441214190049357e-16,8.441353402289005e-16,8.441353355003553e-16,0.9999999035314402,0.9999999999446669,0.9999999035314395,-0.9999998590724708,-0.9999998831512734,-0.9999998590724715,-8.441193880494034e-16,-8.44119390231479e-16,8.441181048352531e-16,8.441181014183934e-16,-8.441176631810022e-16
-1.0000000916109681,1.0000000796972401,1.0000000796972424,1.000000085370898,-0.9999999999010545,-0.9999999999010543,-1.0000000186494808,-5.104297712675551e-16,5.104297597004283e-16,-5.104297775324805e-16,-5.104293118101923e-16,5.104337568397152e-16,-5.104375783814356e-16,5.104241465963305e-16,5.104387671956383e-16,5.104387695823895e-16,0.9999999035314386,0.9999999035314395,0.9999999999446669,-0.9999998590724697,-0.9999998590724694,-0.9999998831512724,-5.104217574996461e-16,-5.104217540034826e-16,5.104202244303604e-16,5.104202231599237e-16,-5.10419693298019e-16
1.0000000476147477,-1.0000000421539037,-1.0000000354075878,-1.0000000354075878,0.9999999678226364,0.9999999554936302,0.9999999554936319,2.962999678680364e-15,-2.962999945971614e-15,2.962999664790419e-15,2.9630005927796308e-15,-2.9630032463016757e-15,2.963005583471422e-15,-2.962998499440641e-15,-2.9630063410192496e-15,-2.963006343732051e-15,-0.9999998831512731,-0.9999998590724708,-0.9999998590724697,0.9999999998841873,0.9999998145326127,0.999999814532612,2.9629975507605983e-15,2.9629975522792474e-15,-2.962996946926535e-15,-2.962996952269981e-15,2.9629967490117794e-15
1.000000047614747,-1.000000035407587,-1.0000000421539057,-1.0000000354075873,0.9999999554936311,0.9999999678226342,0.9999999554936311,2.3783943816335376e-15,-2.3783942625047935e-15,2.3783943884329996e-15,2.378394386109083e-15,-2.3783976653209447e-15,2.378400560222684e-15,-2.3783914302037787e-15,-2.3784017288991022e-15,-2.3784017234277756e-15,-0.9999998590724708,-0.9999998831512734,-0.9999998590724694,0.9999998145326127,0.9999999998841873,0.9999998145326124,2.378390234245176e-15,2.37839023682414e-15,-2.3783894622957107e-15,-2.378389458406047e-15,2.378389194725713e-15
1.0000000476147468,-1.000000035407587,-1.0000000354075882,-1.000000042153904,0.999999955493631,0.9999999554936302,0.9999999678226373,2.311807385256963e-15,-2.3118071988500586e-15,2.311807392347442e-15,2.3118069313098256e-15,-2.311810088153096e-15,2.311812799618294e-15,-2.3118035001291527e-15,-2.311813827315198e-15,-2.3118138300793386e-15,-0.9999998590724701,-0.9999998590724715,-0.9999998831512724,0.999999814532612,0.9999998145326124,0.9999999998841873,2.311802041448497e-15,2.311802037388717e-15,-2.311801077753348e-15,-2.311801076339791e-15,2.3118007407398325e-15
-1.6027426295685816e-15,-1.6930680297231864e-15,-5.284009921201825e-16,-1.4871743976784252e-15,-8.787594141896188e-16,-1.9412479121139935e-15,-5.208548643400639e-16,0.9999996880864861,-0.9999997593053972,0.9999996880864869,1.000000042505014,-1.000000190239483,1.0000003049740607,-1.0000002309755844,-1.000000375644346,-1.0000003756443467,-9.641060545805555e-16,-8.441193880494034e-16,-5.104217574996461e-16,2.9629975507605983e-15,2.378390234245176e-15,2.311802041448497e-15,1.0000000002338272,1.0000003224469514,-1.0000003849925672,-1.0000003773778707,1.000000394618771
-1.6027426295508346e-15,-1.6930680302677389e-15,-5.284009929192841e-16,-1.4871743963481777e-15,-8.787594132540637e-16,-1.941247910561421e-15,-5.208548668792683e-16,0.9999996880864859,-0.9999997593053971,0.9999996880864869,1.000000042505014,-1.0000001902394824,1.0000003049740593,-1.0000002309755844,-1.000000375644347,-1.000000375644346,-9.64106055885154e-16,-8.44119390231479e-16,-5.104217540034826e-16,2.9629975522792474e-15,2.37839023682414e-15,2.311802037388717e-15,1.0000003224469514,1.0000000002338272,-1.0000003773778738,-1.0000003849925658,1.0000003946187708
1.6027448964887308e-15,1.6930668381855496e-15,5.28399220636326e-16,1.4871730253742708e-15,8.787622245237681e-16,1.9412515699776128e-15,5.208575798915205e-16,-0.9999997416958594,0.9999998128896336,-0.9999997416958604,-1.0000000963205316,1.000000243551206,-1.0000003580443735,1.0000002775145278,1.0000004287711954,1.000000428771195,9.641046102913188e-16,8.441181048352531e-16,5.104202244303604e-16,-2.962996946926535e-15,-2.3783894622957107e-15,-2.311801077753348e-15,-1.0000003849925672,-1.0000003773778738,1.000000000312235,1.0000004321473996,-1.00000045750698
1.6027448964700174e-15,1.6930668402204993e-15,5.28399219123268e-16,1.4871730248663247e-15,8.787622209253787e-16,1.9412515726871954e-15,5.208575808331735e-16,-0.9999997416958579,0.9999998128896321,-0.999999741695859,-1.0000000963205298,1.000000243551205,-1.000000358044372,1.0000002775145256,1.000000428771194,1.0000004287711934,9.64104614969555e-16,8.441181014183934e-16,5.104202231599237e-16,-2.962996952269981e-15,-2.378389458406047e-15,-2.311801076339791e-15,-1.0000003773778707,-1.0000003849925658,1.0000004321473996,1.000000000312235,-1.0000004575069747
-1.6027456840482666e-15,-1.693066434561191e-15,-5.283986078899592e-16,-1.4871725569683288e-15,-8.787631956653644e-16,-1.941252861241903e-15,-5.20858529492194e-16,0.9999997587733235,-0.999999829943639,0.9999997587733243,1.000000113447545,-1.0000002604847176,1.000000374931785,-1.000000295034047,-1.000000445694528,-1.0000004456945273,-9.641041184430941e-16,-8.441176631810022e-16,-5.10419693298019e-16,2.9629967490117794e-15,2.378389194725713e-15,2.3118007407398325e-15,1.000000394618771,1.0000003946187708,-1.00000045750698,-1.0000004575069747,1.0000000003373255
