1.00000000924614,-1.000012027967439,-1.000011338521243,1.0000129415254886,1.0000137244414484,1.0000108053247394,0.39539591314656797,-0.39535232658504843,-0.39541811102977564,0.49348920483855097,0.29240087091663003,0.5692192888763953,-0.9603857182500286,0.07715996169961906,0.9657503504026994,0.9856640228710997,-0.5856855651919367,-0.1859103172893758,-0.9998419196815399,-0.9998313028311294,0.9993210066828259,0.9992941630421869,-0.988806420736556,0.9888076646601031,-0.9984014429202707,-0.985666183069829,1.0000083968938704,-1.000009425614534,-1.0000079096214147,1.0000080480960347,-1.000008543732949
-1.000012027967439,1.000000009577212,1.0000127033708133,-1.0000120427317316,-1.0000139356246704,-1.000011007906138,-0.3952883271373151,0.3952447384740931,0.3953105260278851,-0.4933873569702916,-0.29228883232262187,-0.5693158006369763,0.9604186059640732,-0.0770431007198099,-0.9657201482316132,-0.9856840306375677,0.5855906795474044,0.18579517503374354,0.9998399815009316,0.9998337636082678,-0.9993168781798845,-0.9992988309002766,0.9887891452234714,-0.9887903885022765,0.9984083168422317,0.9856861905771821,-1.000008584129737,1.0000096197381414,1.0000080916271796,-1.0000082265922727,1.000008720473944
-1.000011338521243,1.0000127033708133,1.0000000085914975,-1.0000124510939097,-1.0000121204184893,-1.000009209170595,-0.39549422045254917,0.3954506358247594,0.39551641740857424,-0.49358223807831025,-0.2925032776506622,-0.5691308618938681,0.9603553874172174,-0.0772668351362826,-0.9657777268489517,-0.9856454668628822,0.5857722062145782,0.18601559048760224,0.9998434340871284,0.9998287934885342,-0.9993245247230026,-0.9992896350093438,0.988821967137476,-0.9888232116505231,0.9983948972194078,0.9856476272980914,-1.0000079671259896,1.0000089895461513,1.0000074846376523,-1.000007626322427,1.000008123564768
1.0000129415254886,-1.0000120427317316,-1.0000124510939097,1.0000000092686974,1.0000136819339165,1.0000107449876243,0.3951727069713684,-0.3951291160741849,-0.3951949069320773,0.4932778462114382,0.292168484392062,0.5694190758428692,-0.9604534303326716,0.07691768216855625,0.965687280157975,0.9857050238214228,-0.5854885943601825,-0.18567154829249882,-0.9998362694666985,-0.9998347712716338,0.9993119687228026,0.9993033591733095,-0.988770135237379,0.9887713778239975,-0.9984152124553922,-0.9857071834820512,1.0000083047478752,-1.0000093477457697,-1.0000078066340912,1.0000079378337203,-1.000008429831993
1.0000137244414484,-1.0000139356246704,-1.0000121204184893,1.0000136819339165,1.0000000103541031,1.0000115972444314,0.39550502972866414,-0.3954614452474152,-0.3955272266160453,0.4935926204256082,0.29251438447118777,0.5691223248927749,-0.9603534402675705,0.07727813406657114,0.9657818341155749,0.9856447860896457,-0.5857820368933918,-0.18602686116001196,-0.9998448748080058,-0.9998298125200094,0.9993261747503376,0.9992904417997294,-0.9888248642160553,0.9888261087918402,-0.9983954914200603,-0.985646946552143,1.0000092043191078,-1.0000102260801664,-1.0000087223315695,1.000008864352861,-1.0000093617638313
1.0000108053247394,-1.000011007906138,-1.000009209170595,1.0000107449876243,1.0000115972444314,1.0000000062036178,0.39557127456581614,-0.39552769152144435,-0.3955934707609124,0.493655000958811,0.2925837025390227,0.5690603320751597,-0.9603301861036807,0.07735106868283229,0.9657980560818112,0.9856295238842768,-0.5858398032923045,-0.18609841781287134,-0.9998433102515432,-0.9998254944708537,0.9993259826706975,0.9992847437234267,-0.9888329307028515,0.9888341756794078,-0.9983884149409662,-0.9856316845032133,1.0000063088963647,-1.0000061739942971,-1.0000058301838943,1.0000059744016583,-1.0000064729101983
0.39539591314656797,-0.3952883271373151,-0.39549422045254917,0.3951727069713684,0.39550502972866414,0.39557127456581614,0.999999992808941,-0.9999879289078756,-0.9999896942001656,0.9939886641771384,0.9939718557745667,-0.5301201096284474,-0.12373975284106542,0.9462723356071473,0.620191550105495,0.23469597190366348,-0.9760544960441739,-0.9759964634205451,-0.4122774464122943,-0.3778065628553659,0.4292321509141729,0.360300334898807,-0.5280655513432946,0.5280710916181227,-0.3426608569193897,-0.23469885851997896,0.39569056126136665,-0.3956369994937672,-0.3957313489819835,0.3957589027173554,-0.39577285136325124
-0.39535232658504843,0.3952447384740931,0.3954506358247594,-0.3951291160741849,-0.3954614452474152,-0.39552769152144435,-0.9999879289078756,0.9999999916072604,0.9999900024514444,-0.9939815232326052,-0.9939750238518329,0.5301595915472233,0.12369292006800385,-0.9462867642323535,-0.6201540875036309,-0.23464999885696164,0.9760434323174029,0.9760058941477222,0.41223419659862065,0.3777626438760957,-0.42918925720735884,-0.360256103341677,0.528025116858527,-0.5280306571769549,0.3426163284254627,0.23465288541847162,-0.3956469806579509,0.3955934177970289,0.39568776919593424,-0.39571532345943744,0.39572927235076794
-0.39541811102977564,0.3953105260278851,0.39551641740857424,-0.3951949069320773,-0.3955272266160453,-0.3955934707609124,-0.9999896942001656,0.9999900024514444,0.9999999941258536,-0.9939921808943624,-0.9939701687371013,0.5301004434712305,0.1237634543734655,-0.9462655224965665,-0.6202107684403086,-0.23471929459046406,0.9760605656558683,0.9759921878958031,0.41229948269990674,0.3778289197963946,-0.42925401587074896,-0.36032284092441796,0.5280862240445472,-0.5280917643000467,0.34268350406817394,0.23472218123583868,-0.3957127562836801,0.39565919504131475,0.3957535436119982,-0.3957810970944734,0.39579504562338613
0.49348920483855097,-0.4933873569702916,-0.49358223807831025,0.4932778462114382,0.4935926204256082,0.493655000958811,0.9939886641771384,-0.9939815232326052,-0.9939921808943624,0.9999999908065326,0.9760252330976099,-0.43419432911869943,-0.231535372098132,0.9052266183853259,0.7022712260467815,0.3396115265764342,-0.9939827686285452,-0.9463229958972705,-0.5094541932583608,-0.47681197602065456,0.5254468044782765,0.4601711247925387,-0.6177814121670229,0.6177868064570456,-0.44336175412708373,-0.339614517193074,0.49376766836908864,-0.4937170724975368,-0.4938062327966457,0.4938323402967525,-0.49384560748207756
0.29240087091663003,-0.29228883232262187,-0.2925032776506622,0.292168484392062,0.29251438447118777,0.2925837025390227,0.9939718557745667,-0.9939750238518329,-0.9939701687371013,0.9760252330976099,0.9999999923564684,-0.6198119715522057,-0.014295544214995131,0.9759969410889587,0.530529997716508,0.1268014858127723,-0.9463580818096263,-0.9939732330580442,-0.3099972538599587,-0.27410961477776835,0.3277115440379437,0.2559472953630435,-0.4318645909134232,0.4318702107483521,-0.23768865053681687,-0.12680423355229553,0.2927081835329848,-0.2926522957221768,-0.2927507072410093,0.2927793779341957,-0.2927938412733474
0.5692192888763953,-0.5693158006369763,-0.5691308618938681,0.5694190758428692,0.5691223248927749,0.5690603320751597,-0.5301201096284474,0.5301595915472233,0.5301004434712305,-0.43419432911869943,-0.6198119715522057,0.9999999986626396,-0.7758055633378678,-0.7758108098995952,0.33636768287387736,0.6998213440875416,0.33303067920344065,0.7020272617722012,-0.5539501491748553,-0.5847964399034392,0.5382925254927686,0.5999710206144584,-0.44011686252147303,0.44011305154226465,-0.6149366276390559,-0.6998207543425513,0.5689513310748213,-0.5690002257342142,-0.5689143707429162,0.5688898342649282,-0.5688778058878565
-0.9603857182500286,0.9604186059640732,0.9603553874172174,-0.9604534303326716,-0.9603534402675705,-0.9603301861036807,-0.12373975284106542,0.12369292006800385,0.1237634543734655,-0.231535372098132,-0.014295544214995131,-0.7758055633378678,1.0000000018398683,0.2037657074761692,-0.8551599053582928,-0.993643555333474,0.33658104028455477,-0.09529684320918183,0.9550786175545538,0.9655265651839238,-0.9493713260944392,-0.9702581412405553,0.9080231562150833,-0.9080228190080961,0.9746459993289244,0.9936461655646309,-0.9602913892946747,0.9603087527851213,0.9602784867533278,-0.9602702757908714,0.9602665788460603
0.07715996169961906,-0.0770431007198099,-0.0772668351362826,0.07691768216855625,0.07727813406657114,0.07735106868283229,0.9462723356071473,-0.9462867642323535,-0.9462655224965665,0.9052266183853259,0.9759969410889587,-0.7758108098995952,0.2037657074761692,0.999999993605553,0.333231015224069,-0.0922243347338362,-0.8533027749016304,-0.9939715523951023,-0.095544626155061,-0.05813113647297584,0.11413188241844995,0.03931767955826097,-0.22511432989899713,0.22511990582496985,-0.020484757245760144,0.0922219618377915,0.07748139904839171,-0.07742289703794498,-0.07752584456633412,0.07755570466549283,-0.07757067107119628
0.9657503504026994,-0.9657201482316132,-0.9657777268489517,0.965687280157975,0.9657818341155749,0.9657980560818112,0.620191550105495,-0.6201540875036309,-0.6202107684403086,0.7022712260467815,0.530529997716508,0.33636768287387736,-0.8551599053582928,0.333231015224069,0.9999999974660846,0.9080961272432448,-0.7759423687866173,-0.43450506343535444,-0.9703735231716849,-0.9606260026174447,0.9747185601495049,0.9552215392647667,-0.993659248177793,0.9936630280748615,-0.9494757530662139,-0.9080987876325919,0.9658296991763144,-0.9658154458726443,-0.9658408060679822,0.9658487086033843,-0.9658530725599835
0.9856640228710997,-0.9856840306375677,-0.9856454668628822,0.9857050238214228,0.9856447860896457,0.9856295238842768,0.23469597190366348,-0.23464999885696164,-0.23471929459046406,0.3396115265764342,0.1268014858127723,0.6998213440875416,-0.993643555333474,-0.0922243347338362,0.9080961272432448,1.0000000057334075,-0.4404790630536885,-0.01740490687233228,-0.9823809314090969,-0.9887039279048756,0.9787141166699211,0.9913523440503385,-0.949425227663395,0.9494255260551658,-0.9936477802952185,-1.0000086367444252,0.985605055381542,-0.9856159863788708,-0.9855970447099897,0.9855921280946074,-0.9855900894828764
-0.5856855651919367,0.5855906795474044,0.5857722062145782,-0.5854885943601825,-0.5857820368933918,-0.5858398032923045,-0.9760544960441739,0.9760434323174029,0.9760605656558683,-0.9939827686285452,-0.9463580818096263,0.33303067920344065,0.33658104028455477,-0.8533027749016304,-0.7759423687866173,-0.4404790630536885,0.9999999907165339,0.9052823445591556,0.6005421252002715,0.5701208895454901,-0.6153804156359303,-0.5545453973948766,0.7001061335369652,-0.7001113170528521,0.538768129628154,0.4404821218012793,-0.5859444972235712,0.5858974753778606,0.5859803748486347,-0.5860047223410344,0.586017148628982
-0.1859103172893758,0.18579517503374354,0.18601559048760224,-0.18567154829249882,-0.18602686116001196,-0.18609841781287134,-0.9759964634205451,0.9760058941477222,0.9759921878958031,-0.9463229958972705,-0.9939732330580442,0.7020272617722012,-0.09529684320918183,-0.9939715523951023,-0.43450506343535444,-0.01740490687233228,0.9052823445591556,0.9999999926717104,0.20400968949298795,0.16713737303467402,-0.22227027663484372,-0.14853761866654241,0.3304887306388413,-0.330494362403698,0.12987961437037718,0.017407482706879553,-0.18622659432421002,0.18616905337153114,0.18627034203237725,-0.18629978449868503,0.1863145884084517
-0.9998419196815399,0.9998399815009316,0.9998434340871284,-0.9998362694666985,-0.9998448748080058,-0.9998433102515432,-0.4122774464122943,0.41223419659862065,0.41229948269990674,-0.5094541932583608,-0.3099972538599587,-0.5539501491748553,0.9550786175545538,-0.095544626155061,-0.9703735231716849,-0.9823809314090969,0.6005421252002715,0.20400968949298795,1.000000008153992,0.9993083681078849,-0.9998342096089234,-0.9984238837118163,0.9913916772374085,-0.9913930223703613,0.997184027324821,0.9823831320709283,-0.9998433178574988,0.999843262163988,0.9998436539723613,-0.999844344883048,0.9998451167285494
-0.9998313028311294,0.9998337636082678,0.9998287934885342,-0.9998347712716338,-0.9998298125200094,-0.9998254944708537,-0.3778065628553659,0.3777626438760957,0.3778289197963946,-0.47681197602065456,-0.27410961477776835,-0.5847964399034392,0.9655265651839238,-0.05813113647297584,-0.9606260026174447,-0.9887039279048756,0.5701208895454901,0.16713737303467402,0.9993083681078849,1.0000000095743646,-0.9984312277530847,-0.9998343078649143,0.9857800642942526,-0.9857812031649839,0.9993018370750945,0.9887060455083083,-0.9998205898532392,0.9998227389813494,0.9998192517585301,-0.999818819222865,0.9998190292106742
0.9993210066828259,-0.9993168781798845,-0.9993245247230026,0.9993119687228026,0.9993261747503376,0.9993259826706975,0.4292321509141729,-0.42918925720735884,-0.42925401587074896,0.5254468044782765,0.3277115440379437,0.5382925254927686,-0.9493713260944392,0.11413188241844995,0.9747185601495049,0.9787141166699211,-0.6153804156359303,-0.22227027663484372,-0.9998342096089234,-0.9984312277530847,1.0000000061616836,0.9971952510012572,-0.9936641968367053,0.993666796360188,-0.99560308450004,-0.9787163575491209,0.9993284372985983,-0.9993272833017094,-0.9993296072446696,0.999330857436935,-0.9993319087658142
0.9992941630421869,-0.9992988309002766,-0.9992896350093438,0.9993033591733095,0.9992904417997294,0.9992847437234267,0.360300334898807,-0.360256103341677,-0.36032284092441796,0.4601711247925387,0.2559472953630435,0.5999710206144584,-0.9702581412405553,0.03931767955826097,0.9552215392647667,0.9913523440503385,-0.5545453973948766,-0.14853761866654241,-0.9984238837118163,-0.9998343078649143,0.9971952510012572,1.0000000087756111,-0.9824385538226471,0.9824395885383501,-0.9998323516195394,-0.9913544188298613,0.999277375652145,-0.9992806305142342,-0.9992751977729332,0.9992742014683499,-0.9992741292773747
-0.988806420736556,0.9887891452234714,0.988821967137476,-0.988770135237379,-0.9888248642160553,-0.9888329307028515,-0.5280655513432946,0.528025116858527,0.5280862240445472,-0.6177814121670229,-0.4318645909134232,-0.44011686252147303,0.9080231562150833,-0.22511432989899713,-0.993659248177793,-0.949425227663395,0.7001061335369652,0.3304887306388413,0.9913916772374085,0.9857800642942526,-0.9936641968367053,-0.9824385538226471,1.0000000038729886,-1.0000063246896658,0.9787466411142943,0.9494276939496781,-0.9888500890695009,0.9888423359405055,0.9888562669022318,-0.9888608726324671,0.9888635976353748
0.9888076646601031,-0.9887903885022765,-0.9888232116505231,0.9887713778239975,0.9888261087918402,0.9888341756794078,0.5280710916181227,-0.5280306571769549,-0.5280917643000467,0.6177868064570456,0.4318702107483521,0.44011305154226465,-0.9080228190080961,0.22511990582496985,0.9936630280748615,0.9494255260551658,-0.7001113170528521,-0.330494362403698,-0.9913930223703613,-0.9857812031649839,0.993666796360188,0.9824395885383501,-1.0000063246896658,1.000000006799735,-0.9787475712768483,-0.9494279923558819,0.9888513347633453,-0.9888435813123492,-0.9888575128408725,0.9888621187357857,-0.988864843821271
-0.9984014429202707,0.9984083168422317,0.9983948972194078,-0.9984152124553922,-0.9983954914200603,-0.9983884149409662,-0.3426608569193897,0.3426163284254627,0.34268350406817394,-0.44336175412708373,-0.23768865053681687,-0.6149366276390559,0.9746459993289244,-0.020484757245760144,-0.9494757530662139,-0.9936477802952185,0.538768129628154,0.12987961437037718,0.997184027324821,0.9993018370750945,-0.99560308450004,-0.9998323516195394,0.9787466411142943,-0.9787475712768483,1.0000000069300727,0.9936509638495379,-0.9983785853188053,0.99838294507941,0.9983755681850132,-0.9983740083016452,0.9983736538754419
-0.985666183069829,0.9856861905771821,0.9856476272980914,-0.9857071834820512,-0.985646946552143,-0.9856316845032133,-0.23469885851997896,0.23465288541847162,0.23472218123583868,-0.339614517193074,-0.12680423355229553,-0.6998207543425513,0.9936461655646309,0.0922219618377915,-0.9080987876325919,-1.0000086367444252,0.4404821218012793,0.017407482706879553,0.9823831320709283,0.9887060455083083,-0.9787163575491209,-0.9913544188298613,0.9494276939496781,-0.9494279923558819,0.9936509638495379,1.000000008239522,-0.9856072162851233,0.985618147154585,0.9855992057112706,-0.9855942891623848,0.985592250584696
1.0000083968938704,-1.000008584129737,-1.0000079671259896,1.0000083047478752,1.0000092043191078,1.0000063088963647,0.39569056126136665,-0.3956469806579509,-0.3957127562836801,0.49376766836908864,0.2927081835329848,0.5689513310748213,-0.9602913892946747,0.07748139904839171,0.9658296991763144,0.985605055381542,-0.5859444972235712,-0.18622659432421002,-0.9998433178574988,-0.9998205898532392,0.9993284372985983,0.999277375652145,-0.9888500890695009,0.9888513347633453,-0.9983785853188053,-0.9856072162851233,1.0000000028139173,-1.000003800128504,-1.0000023175041373,1.0000036179896747,-1.0000041184571877
-1.000009425614534,1.0000096197381414,1.0000089895461513,-1.0000093477457697,-1.0000102260801664,-1.0000061739942971,-0.3956369994937672,0.3955934177970289,0.39565919504131475,-0.4937170724975368,-0.2926522957221768,-0.5690002257342142,0.9603087527851213,-0.07742289703794498,-0.9658154458726443,-0.9856159863788708,0.5858974753778606,0.18616905337153114,0.999843262163988,0.9998227389813494,-0.9993272833017094,-0.9992806305142342,0.9888423359405055,-0.9888435813123492,0.99838294507941,0.985618147154585,-1.000003800128504,1.0000000042577006,1.000004476984633,-1.0000046233622242,1.000005122950444
-1.0000079096214147,1.0000080916271796,1.0000074846376523,-1.0000078066340912,-1.0000087223315695,-1.0000058301838943,-0.3957313489819835,0.39568776919593424,0.3957535436119982,-0.4938062327966457,-0.2927507072410093,-0.5689143707429162,0.9602784867533278,-0.07752584456633412,-0.9658408060679822,-0.9855970447099897,0.5859803748486347,0.18627034203237725,0.9998436539723613,0.9998192517585301,-0.9993296072446696,-0.9992751977729332,0.9888562669022318,-0.9888575128408725,0.9983755681850132,0.9855992057112706,-1.0000023175041373,1.000004476984633,1.0000000021403634,-1.0000019960959703,1.000003649580315
1.0000080480960347,-1.0000082265922727,-1.000007626322427,1.0000079378337203,1.000008864352861,1.0000059744016583,0.3957589027173554,-0.39571532345943744,-0.3957810970944734,0.4938323402967525,0.2927793779341957,0.5688898342649282,-0.9602702757908714,0.07755570466549283,0.9658487086033843,0.9855921280946074,-0.5860047223410344,-0.18629978449868503,-0.999844344883048,-0.999818819222865,0.999330857436935,0.9992742014683499,-0.9888608726324671,0.9888621187357857,-0.9983740083016452,-0.9855942891623848,1.0000036179896747,-1.0000046233622242,-1.0000019960959703,1.0000000023543594,-1.000002648047973
-1.000008543732949,1.000008720473944,1.000008123564768,-1.000008429831993,-1.0000093617638313,-1.0000064729101983,-0.39577285136325124,0.39572927235076794,0.39579504562338613,-0.49384560748207756,-0.2927938412733474,-0.5688778058878565,0.9602665788460603,-0.07757067107119628,-0.9658530725599835,-0.9855900894828764,0.586017148628982,0.1863145884084517,0.9998451167285494,0.9998190292106742,-0.9993319087658142,-0.9992741292773747,0.9888635976353748,-0.988864843821271,0.9983736538754419,0.985592250584696,-1.0000041184571877,1.000005122950444,1.000003649580315,-1.000002648047973,1.000000003070478
