0.9999999998403183,-0.9965030340684726,-0.9965033216726875,0.999124744757678,0.9781658321079357,0.9781663195050887,0.9991249467310813,-0.499999887481816,0.4258916565998386,0.5706113371239333,-0.4633506621940949,-0.3091023806318193,-0.6690642449745237,-0.5357736325270753,-0.49999988748179053,0.5706111939295581,0.4258918010096749,-0.5357740825639312,-0.6690634514763532,-0.3091020745308307,-0.46335131420434866,-0.9443944721737907,0.9443952762572315,0.8957192793215948,0.7569598308945292,-0.756958983846468,-0.8329115967866604,0.18743464127945555,-0.18743629241098056,-0.06280768253501387,-0.9991245503718823,-0.9999992182223421,0.5357739431173214,0.5000000034330888,0.4633506072549282,0.49999921478961096,0.9999988937925248,-0.49999891643952177,-0.4999999773533709,-0.9991247877207194,0.5357733336408078,0.46335145408025735,-0.9443939723082295,0.8957200231353121,-0.8957200251023443,0.7569586726174985,-0.832909974650754,0.83290923920316,0.18743529969087272,-0.06281004848459931,0.06281078589922665,-0.9443957584243617,0.7569584035705191,0.1874373548540728,0.944395789297133,-0.7569582332639047,-0.1874375560334686,-0.9443953629961531,0.7569585352967307,0.18743682769967343,0.9443945448405286,-0.756959240035738,-0.18743530480504836,-0.9443934689265567,0.7569601727685187,0.18743329615829785,0.9443923408161554,-0.756961118064419,-0.18743122275199625,-0.9443914041992694,0.756961876330253,0.1874295278692741,0.944390830895076,-0.7569622620052583,-0.1874285688900759
-0.9965030340684726,0.9999999995773021,0.9860371915269603,-0.9991247591535851,-0.9921099133334622,-0.9573812216352581,-0.9921374392324601,0.5706111939295422,-0.4999997021486064,-0.6372320798966657,0.5357736589387082,0.3874835771983606,0.7288222201734356,0.604449717346923,0.4258916565998508,-0.49999970214865863,-0.34880511163060546,0.46335091667581785,0.6046261525959491,0.22855900146207417,0.38768772188587286,0.9136181820068636,-0.9136191039188474,-0.8554373136870842,-0.808912073255208,0.8089113477056981,0.8762381705261039,-0.10470610875182984,0.1047077562133445,-0.020800856838965147,0.9991243778150802,0.9965023337366168,-0.4633507897283041,-0.4258918314252449,-0.5357735880871416,-0.5706105023117238,-0.9965020235587008,0.5706101880957383,0.4258918354633269,0.9921373019277592,-0.6044494185812176,-0.38768788334688037,0.9685652230951848,-0.9297372672819697,0.9297371981828455,-0.6997123629644785,0.7837579975922925,-0.783757229037477,-0.26885286013086607,0.14597926968974068,-0.14597996914543301,0.9136196637708852,-0.8089108440669224,-0.10470881970416886,-0.9136197125753238,0.8089106856429777,0.10470902693256172,0.9136192381682676,-0.8089109310067643,-0.1047083071617267,-0.9136183155063788,0.8089115204265296,0.10470679508007918,0.9136171015395304,-0.8089123011637562,-0.10470480037600702,-0.9136158318100048,0.808913088763568,0.10470274304667057,0.9136147801666009,-0.8089137174683512,-0.10470106269848431,-0.9136141440173347,0.8089140278948453,0.10470011612272193
-0.9965033216726875,0.9860371915269603,0.9999999999839283,-0.9921374722667696,-0.9573810703556187,-0.992110733092103,-0.9991251946500562,0.4258918010097377,-0.3488051116306294,-0.4999999886761661,0.3876871941134975,0.22855945780839912,0.6046271274083314,0.4633505817406177,0.5706113371238718,-0.6372320798966465,-0.4999999886760686,0.6044502781536197,0.728821612547444,0.3874834221446508,0.5357744293703888,0.9685660799316226,-0.9685667604856226,-0.9297369755248883,-0.6997137427541925,0.6997127800492432,0.7837600037780474,-0.26885233717764184,0.2688539804366182,0.14597697174693902,0.9921372826574801,0.9965025453580922,-0.6044501271900113,-0.5706113933965467,-0.38768715546783505,-0.4258911519619042,-0.996502208948835,0.4258908715610352,0.5706113373881722,0.9991248315101585,-0.4633502848211795,-0.5357745466893292,0.913618043147917,-0.8554385049984917,0.8554385780196156,-0.8089111437636365,0.876236943052112,-0.8762362458629152,-0.1047068993844054,-0.02079843805360004,0.020797667843276472,0.9685671615187752,-0.6997121271132123,-0.26885503440581543,-0.968567174170106,0.6997119460363188,0.2688552281340512,0.9685667988883887,-0.6997123025521145,-0.26885449633654995,-0.9685660909006564,0.6997131176153089,0.26885297328562896,0.9685651605137844,-0.6997141957637593,-0.2688509647503105,-0.9685641818732409,0.6997152920997468,0.26884888977377863,0.9685633668069099,-0.6997161745919667,-0.2688471922152259,-0.9685628603440514,0.6997166327992832,0.268846227545051
0.999124744757678,-0.9991247591535851,-0.9921374722667696,0.999999999194262,0.9859997798581005,0.9686204953082019,0.9965023242714736,-0.5357740825639246,0.4633509166757735,0.6044502781536488,-0.4999994322409396,-0.34859790854444683,-0.6995549272598307,-0.570610666583207,-0.46335066219407217,0.535773658938728,0.387687194113436,-0.49999943224095045,-0.6374018713138969,-0.26906556804863047,-0.42589165768860626,-0.9298191081871697,0.9298199721930104,0.8763443072606325,0.7836211197432955,-0.7836203330165892,-0.855322712954734,0.14619798844405543,-0.14619963917662757,-0.021021594305966243,-0.9999988517394812,-0.99912439100614,0.49999929889658357,0.4633508076845345,0.4999993693038627,0.5357733997825619,0.9991238898690694,-0.5357730932459144,-0.4633507966235225,-0.9965021759680255,0.570610367508254,0.4258918084601151,-0.9573165455525647,0.9135273354045507,-0.9135273017923097,0.7289726555952922,-0.8090411392239241,0.80904038652835,0.2283438899574237,-0.10448619618067753,0.1044869152640146,-0.9298204939123245,0.7836197908451205,0.14620070306742194,0.9298205340293841,-0.7836196265906185,-0.14620090743899372,-0.9298200835055338,0.7836199007688676,0.14620018273690363,0.9298192125322488,-0.783620548632084,-0.14619866390040695,-0.9298180667535786,0.7836214063036019,0.14619666045022373,0.9298168669099172,-0.7836222736583692,-0.14619459325179507,-0.9298158719936821,0.7836229678552741,0.146192904138653,0.9298152667758107,-0.7836233162714783,-0.14619195050457914
0.9781658321079357,-0.9921099133334622,-0.9573810703556187,0.9859997798581005,0.9999999994874579,0.9136182880292972,0.968620364436747,-0.6690634514763143,0.6046261525958762,0.7288216125474404,-0.6374018713138505,-0.49999963883990733,-0.8089114691446472,-0.6995537921483184,-0.30910238063192813,0.387483577198509,0.22855945780847167,-0.3485979085445876,-0.499999638840076,-0.10470681888487453,-0.2690665722887493,-0.8554389648783952,0.8554400511624155,0.7837596940744324,0.8762372466085603,-0.8762367126101834,-0.9297366716089902,-0.02079828173002429,0.020796661447608077,0.14597697753453295,-0.9859995795779887,-0.978165382127258,0.3485978020727012,0.3091026415625719,0.6374017775056449,0.6690627405650281,0.9781650974495799,-0.6690624066575627,-0.3091026907923685,-0.9686202615450137,0.6995534974784408,0.2690667640668969,-0.9921097370093531,0.9685649378139523,-0.9685647630306018,0.604626420384382,-0.6997130655999413,0.699712257516852,0.3874831330857539,-0.2688518722141028,0.2688525055138474,-0.8554407199107904,0.8762363302941495,-0.020795610383189993,0.8554407946850277,-0.8762361915032185,0.020795396818017373,-0.8554402540626963,0.8762363483537121,-0.02079609429083439,0.8554391864853866,-0.8762367567654133,0.020797570279840374,-0.8554377811385789,0.8762372989859901,-0.02079951784722257,0.8554363154587348,-0.8762378394692535,0.02080152401032931,-0.8554351049518061,0.8762382654097348,-0.02080316045773968,0.8554343828325115,-0.8762384587956572,0.02080407596295653
0.9781663195050887,-0.9573812216352581,-0.992110733092103,0.9686204953082019,0.9136182880292972,1.0000000003508345,0.9860003588141866,-0.30910207453097854,0.22855900146218097,0.3874834221448321,-0.26906556804877796,-0.1047068188848852,-0.5000002472147623,-0.3485970909813315,-0.6690642449744316,0.7288222201733819,0.6046271274082031,-0.6995549272597685,-0.8089114691446151,-0.5000002472145527,-0.6374032678332063,-0.9921111118382728,0.992111414210142,0.9685654068414528,0.6046275257873028,-0.6046264020362524,-0.6997150795406157,0.38748340251180513,-0.38748501217415415,-0.2688503273009671,-0.9686203153777979,-0.9781656805132172,0.6995547610546474,0.6690642110521676,0.2690655543235108,0.30910146946140643,0.9781653305687683,-0.3091012196395585,-0.6690641109295802,-0.9860001507004564,0.34859680088163125,0.6374033498191777,-0.8554389453100976,0.78376105416748,-0.7837612328606837,0.8762369162939507,-0.929736214918174,0.9297355843442258,-0.02079797098375645,0.14597516075070446,-0.14597435148355445,-0.9921116878844775,0.6046256484962772,0.3874860393884823,0.9921116726888556,-0.6046254534760784,-0.38748621921307363,-0.9921113785739699,0.6046258868983607,0.3874854916759181,0.9921108449101861,-0.6046268566411527,-0.38748398826934927,-0.9921101448702706,0.6046281386833203,0.3874820061872688,0.992109403181069,-0.6046294471379122,-0.3874799560434756,-0.992108781086152,0.6046305043561776,0.3874782767302904,0.992108381516279,-0.604631065327117,-0.3874773161894789
0.9991249467310813,-0.9921374392324601,-0.9991251946500562,0.9965023242714736,0.968620364436747,0.9860003588141866,0.9999999994429439,-0.46335131420438064,0.3876877218858647,0.5357744293704559,-0.4258916576886351,-0.2690665722886446,-0.6374032678333073,-0.49999960747361366,-0.5357736325270217,0.6044497173469126,0.4633505817405255,-0.5706106665831857,-0.699553792148333,-0.3485970909811529,-0.4999996074735529,-0.9573170704912317,0.9573178137170585,0.913526586502624,0.7289743854660536,-0.7289734800379036,-0.8090433553421121,0.22834268502538008,-0.22834433367938217,-0.10448323116059856,-0.9965021320918804,-0.999124554958918,0.5706105212203285,0.535773718686715,0.42589161087191835,0.463350652733161,0.9991240406982463,-0.46335036312216243,-0.5357736775764551,-0.9999992290196182,0.49999930932584413,0.4999997361547233,-0.9298190521818214,0.8763456103083335,-0.876345647821167,0.7836197030651972,-0.8553209832072142,0.855320266225386,0.14619934911675797,-0.021024627101151182,0.02102538159581388,-0.9573182559622319,0.7289728631326521,0.2283453928298212,0.9573182779921998,-0.7289726875230554,-0.2283455904693975,-0.957317877079949,0.7289730173090373,0.2283448597711741,0.9573171135431883,-0.7289737780781325,-0.22834333546532476,-0.95731610968374,0.7289747845735882,0.22834132511042476,0.9573150555163527,-0.7289758064227634,-0.22833924909386322,-0.9573141789955386,0.7289766276188845,0.22833755137692607,0.9573136386802966,-0.728977049988281,-0.22833658869228723
-0.499999887481816,0.5706111939295422,0.4258918010097377,-0.5357740825639246,-0.6690634514763143,-0.30910207453097854,-0.46335131420438064,0.9999999998403183,-0.9965030340683884,-0.9965033216725971,0.999124744757573,0.9781658321078159,0.9781663195050074,0.9991249467309801,-0.49999988748124513,0.4258916565992498,0.5706113371233841,-0.46335066219348947,-0.30910238063126594,-0.669064244974045,-0.5357736325264899,0.18743464127969106,-0.18743629241120602,-0.06280768253534866,-0.9443944721737091,0.9443952762571415,0.8957192793215124,0.7569598308941218,-0.7569589838460439,-0.8329115967863452,0.5357739431173042,0.5000000034330994,0.4633506072543118,0.4999992147889956,-0.9991245503717893,-0.9999992182222412,-0.499999977353374,0.9999988937924217,-0.4999989164389017,0.4633514540802884,-0.9991247877206122,0.5357733336402087,0.7569586726174368,-0.832909974650676,0.8329092392030705,0.1874352996903761,-0.062810048484176,0.06281078589879883,-0.944393972308066,0.8957200231350861,-0.8957200251021187,0.18743735485429036,-0.9443957584242578,0.756958403570091,-0.18743755603368295,0.9443957892970175,-0.7569582332634702,0.18743682769988493,-0.9443953629960316,0.7569585352962865,-0.18743530480525952,0.9443945448404047,-0.7569592400352843,0.1874332961585112,-0.9443934689264273,0.7569601727680574,-0.18743122275221727,0.9443923408160246,-0.7569611180639443,0.18742952786949876,-0.9443914041991369,0.7569618763297724,-0.18742856889030257,0.9443908308949421,-0.7569622620047741
0.4258916565998386,-0.4999997021486064,-0.3488051116306294,0.4633509166757735,0.6046261525958762,0.22855900146218097,0.3876877218858647,-0.9965030340683884,0.9999999995773021,0.9860371915268723,-0.9991247591534882,-0.9921099133333726,-0.957381221635168,-0.9921374392323601,0.5706111939290446,-0.49999970214808925,-0.6372320798961928,0.5357736589381779,0.38748357719787174,0.7288222201730304,0.6044497173464143,-0.10470610875202152,0.10470775621352606,-0.02080085683867833,0.9136181820067646,-0.9136191039187385,-0.8554373136869781,-0.8089120732548685,0.8089113477053439,0.8762381705258511,-0.46335078972824995,-0.42589183142521675,-0.5357735880866012,-0.570610502311185,0.9991243778149955,0.9965023337365209,0.42589183546329024,-0.9965020235586015,0.5706101880951959,-0.38768788334687176,0.9921373019276523,-0.6044494185806957,-0.6997123629643859,0.7837579975921871,-0.7837572290373593,-0.2688528601304266,0.1459792696893697,-0.1459799691450576,0.9685652230950625,-0.9297372672817967,0.9297371981826736,-0.10470881970434352,0.9136196637707605,-0.8089108440665685,0.1047090269327331,-0.9136197125751884,0.8089106856426191,-0.10470830716189546,0.913619238168124,-0.808910931006399,0.10470679508024697,-0.9136183155062325,0.8089115204261553,-0.10470480037617699,0.9136171015393765,-0.8089123011633725,0.10470274304684708,-0.9136158318098486,0.8089130887631716,-0.1047010626986635,0.9136147801664437,-0.8089137174679458,0.10470011612290356,-0.9136141440171756,0.8089140278944391
0.5706113371239333,-0.6372320798966657,-0.4999999886761661,0.6044502781536488,0.7288216125474404,0.3874834221448321,0.5357744293704559,-0.9965033216725971,0.9860371915268723,0.9999999999839283,-0.9921374722666696,-0.9573810703554867,-0.9921107330920415,-0.9991251946499695,0.4258918010091127,-0.34880511162998973,-0.4999999886755626,0.38768719411283603,0.22855945780779993,0.6046271274077989,0.46335058173997523,-0.268852337177912,0.26885398043687714,0.14597697174730936,0.9685660799315677,-0.9685667604855607,-0.9297369755248357,-0.6997137427537338,0.6997127800487661,0.78376000377769,-0.6044501271900293,-0.5706113933965944,-0.38768715546716287,-0.42589115196123417,0.9921372826573928,0.9965025453580013,0.5706113373882115,-0.9965022089487428,0.4258908715603582,-0.535774546689398,0.999124831510062,-0.4633502848205234,-0.8089111437636102,0.8762369430520665,-0.8762362458628594,-0.10470689938386729,-0.020798438054061116,0.020797667843741697,0.9136180431477293,-0.8554385049982326,0.8554385780193556,-0.2688550344060666,0.9685671615187009,-0.6997121271127288,0.2688552281342991,-0.9685671741700207,0.6997119460358268,-0.2688544963367948,0.9685667988882988,-0.6997123025516138,0.2688529732858739,-0.9685660909005654,0.699713117614798,-0.268850964750558,0.9685651605136889,-0.699714195763239,0.2688488897740348,-0.9685641818731437,0.699715292099215,-0.2688471922154857,0.9685633668068119,-0.6997161745914271,0.2688462275453135,-0.9685628603439518,0.6997166327987413
-0.4633506621940949,0.5357736589387082,0.3876871941134975,-0.4999994322409396,-0.6374018713138505,-0.26906556804877796,-0.4258916576886351,0.999124744757573,-0.9991247591534882,-0.9921374722666696,0.9999999991942617,0.9859997798579763,0.9686204953081095,0.9965023242713613,-0.5357740825633605,0.46335091667519146,0.6044502781531088,-0.49999943224034143,-0.34859790854389566,-0.6995549272593602,-0.5706106665826309,0.14619798844429208,-0.14619963917685394,-0.021021594306302644,-0.9298191081870747,0.9298199721929079,0.8763443072605376,0.783621119742896,-0.7836203330161746,-0.8553227129544246,0.4999992988965627,0.463350807684542,0.49999936930325467,0.5357733997819558,-0.9999988517393819,-0.999124391006035,-0.46335079662352174,0.9991238898689561,-0.5357730932453041,0.4258918084601427,-0.9965021759679066,0.5706103675076653,0.7289726555952231,-0.8090411392238354,0.8090403865282498,0.22834388995692745,-0.10448619618025352,0.10448691526358626,-0.9573165455524006,0.9135273354043292,-0.9135273017920893,0.1462007030676411,-0.9298204939122064,0.7836197908447021,-0.1462009074392096,0.9298205340292531,-0.7836196265901949,0.1462001827371166,-0.9298200835053974,0.7836199007684354,-0.14619866390061917,0.9298192125321096,-0.783620548631643,0.14619666045043836,-0.9298180667534346,0.7836214063031528,-0.14619459325201684,0.9298168669097701,-0.7836222736579067,0.14619290413887792,-0.9298158719935321,0.783622967854804,-0.1461919505048062,0.9298152667756597,-0.783623316271005
-0.3091023806318193,0.3874835771983606,0.22855945780839912,-0.34859790854444683,-0.49999963883990733,-0.1047068188848852,-0.2690665722886446,0.9781658321078159,-0.9921099133333726,-0.9573810703554867,0.9859997798579763,0.999999999487458,0.9136182880291474,0.9686203644366076,-0.6690634514759308,0.6046261525954721,0.7288216125470796,-0.6374018713134383,-0.4999996388395273,-0.8089114691443446,-0.6995537921479276,-0.020798281729929754,0.020796661447523172,0.14597697753434546,-0.8554389648782246,0.8554400511622314,0.7837596940742452,0.8762372466083134,-0.8762367126099266,-0.9297366716088086,0.3485978020725509,0.309102641562445,0.6374017775052221,0.6690627405646068,-0.9859995795778757,-0.9781653821271274,-0.3091026907922346,0.9781650974494445,-0.6690624066571402,0.26906676406678853,-0.9686202615448662,0.6995534974780351,0.6046264203841977,-0.6997130655997492,0.6997122575166462,0.38748313308541893,-0.268851872213834,0.2688525055135739,-0.9921097370092578,0.9685649378138315,-0.9685647630304833,-0.020795610383111382,-0.8554407199105908,0.8762363302938937,0.02079539681794135,0.8554407946848127,-0.8762361915029613,-0.0207960942907611,-0.8554402540624738,0.8762363483534478,0.020797570279768567,0.85543918648516,-0.876236756765142,-0.020799517847149115,-0.8554377811383441,0.8762372989857102,0.020801524010250476,0.8554363154584965,-0.8762378394689625,-0.020803160457659543,-0.8554351049515655,0.8762382654094336,0.02080407596287455,0.8554343828322689,-0.876238458795354
-0.6690642449745237,0.7288222201734356,0.6046271274083314,-0.6995549272598307,-0.8089114691446472,-0.5000002472147623,-0.6374032678333073,0.9781663195050074,-0.957381221635168,-0.9921107330920415,0.9686204953081095,0.9136182880291474,1.0000000003508347,0.9860003588141111,-0.3091020745302955,0.22855900146148914,0.38748342214416703,-0.26906556804805815,-0.10470681888424226,-0.5000002472141688,-0.3485970909806284,0.38748340251210234,-0.3874850121744405,-0.26885032730136593,-0.9921111118382443,0.9921114142101127,0.9685654068414348,0.6046275257867857,-0.604626402035713,-0.6997150795402051,0.6995547610546996,0.6690642110522499,0.26906555432278034,0.30910146946067624,-0.9686203153777183,-0.9781656805131386,-0.669064110929653,0.9781653305686869,-0.30910121963882053,0.637403349819279,-0.9860001507003748,0.3485968008809142,0.8762369162939595,-0.9297362149181634,0.929735584344206,-0.020797970984330547,0.14597516075119646,-0.1459743514840505,-0.85543894530988,0.7837610541671775,-0.7837612328603796,0.38748603938875975,-0.9921116878844377,0.6046256484957279,-0.38748621921334736,0.9921116726888083,-0.6046254534755193,0.38748549167618945,-0.9921113785739182,0.6046258868977896,-0.38748398826962094,0.9921108449101345,-0.6046268566405717,0.3874820061875441,-0.9921101448702145,0.6046281386827294,-0.38747995604376,0.9921094031810139,-0.6046294471373105,0.38747827673058005,-0.9921087810860969,0.6046305043555689,-0.38747731618977166,0.9921083815162217,-0.6046310653265056
-0.5357736325270753,0.604449717346923,0.4633505817406177,-0.570610666583207,-0.6995537921483184,-0.3485970909813315,-0.49999960747361366,0.9991249467309801,-0.9921374392323601,-0.9991251946499695,0.9965023242713613,0.9686203644366076,0.9860003588141111,0.9999999994429437,-0.4633513142037624,0.38768772188523065,0.5357744293698605,-0.42589165768798115,-0.26906657228804853,-0.6374032678327822,-0.4999996074729797,0.2283426850256482,-0.22834433367963972,-0.1044832311609682,-0.9573170704911595,0.957317813716978,0.9135265865025561,0.728974385465602,-0.7289734800374339,-0.8090433553417589,0.5706105212203395,0.5357737186867545,0.42589161087125416,0.4633506527324974,-0.9965021320917805,-0.9991245549588141,-0.5357736775764863,0.9991240406981394,-0.463350363121494,0.4999997361547837,-0.999999229019511,0.49999930932519704,0.7836197030651579,-0.8553209832071534,0.8553202662253143,0.1461993491162213,-0.021024627100690977,0.02102538159534919,-0.9298190521816314,0.8763456103080752,-0.8763456478209083,0.22834539283007094,-0.9573182559621393,0.7289728631321782,-0.2283455904696439,0.9573182779920973,-0.7289726875225738,0.22834485977141783,-0.957317877079839,0.7289730173085467,-0.2283433354655684,0.9573171135430768,-0.7289737780776312,0.22834132511067096,-0.9573161096836243,0.7289747845730785,-0.22833924909411712,0.9573150555162349,-0.7289758064222408,0.22833755137718362,-0.9573141789954208,0.7289766276183552,-0.22833658869254764,0.9573136386801776,-0.7289770499877496
-0.49999988748179053,0.4258916565998508,0.5706113371238718,-0.46335066219407217,-0.30910238063192813,-0.6690642449744316,-0.5357736325270217,-0.49999988748124513,0.5706111939290446,0.4258918010091127,-0.5357740825633605,-0.6690634514759308,-0.3091020745302955,-0.4633513142037624,0.9999999998403182,-0.996503034068422,-0.99650332167263,0.9991247447576225,0.9781658321078605,0.9781663195050083,0.9991249467310184,0.7569598308944147,-0.7569589838463399,-0.8329115967865496,0.18743464127896164,-0.18743629241045412,-0.062807682534606,-0.9443944721736713,0.9443952762571205,0.8957192793214135,0.46335060725489624,0.4999992147895636,-0.9991245503718348,-0.9999992182222753,0.5357739431167444,0.5000000034325021,-0.4999989164394699,-0.4999999773527699,0.999998893792465,0.5357733336407519,0.4633514540796619,-0.9991247877206472,0.1874352996910818,-0.06281004848490755,0.06281078589954411,-0.9443939723081406,0.8957200231352171,-0.8957200251022456,0.7569586726171671,-0.832909974650502,0.8329092392029074,0.7569584035703859,0.18743735485351976,-0.9443957584242592,-0.7569582332637645,-0.18743755603289378,0.9443957892970323,0.7569585352965824,0.1874368276990816,-0.9443953629960546,-0.7569592400355836,-0.1874353048044486,0.9443945448404281,0.7569601727683597,0.1874332961576891,-0.9443934689264503,-0.7569611180642516,-0.18743122275138605,0.9443923408160375,0.7569618763300845,0.18742952786866335,-0.9443914041991414,-0.756962262005087,-0.18742856888946388,0.9443908308949455
0.5706111939295581,-0.49999970214865863,-0.6372320798966465,0.535773658938728,0.387483577198509,0.7288222201733819,0.6044497173469126,0.4258916565992498,-0.49999970214808925,-0.34880511162998973,0.46335091667519146,0.6046261525954721,0.22855900146148914,0.38768772188523065,-0.996503034068422,0.9999999995773021,0.986037191526897,-0.9991247591535316,-0.9921099133334076,-0.957381221635163,-0.992137439232399,-0.8089120732551313,0.8089113477056102,0.8762381705260291,-0.10470610875128926,0.10470775621277131,-0.02080085683941586,0.9136181820067193,-0.9136191039187105,-0.8554373136868665,-0.5357735880871523,-0.5706105023117193,0.99912437781504,0.9965023337365551,-0.46335078972767074,-0.4258918314246013,0.5706101880957304,0.42589183546266846,-0.9965020235586466,-0.6044494185812054,-0.38768788334622917,0.9921373019276883,-0.2688528601311142,0.14597926969008887,-0.14597996914579003,0.9685652230951209,-0.9297372672819055,0.9297371981827802,-0.6997123629640962,0.7837579975919978,-0.7837572290371796,-0.8089108440668306,-0.1047088197035699,0.9136196637707575,0.8089106856428798,0.104709026931942,-0.9136197125752008,-0.8089109310066604,-0.10470830716108918,0.913619238168145,0.8089115204264209,0.10470679507943345,-0.9136183155062549,-0.8089123011636415,-0.10470480037535257,0.9136171015393993,0.8089130887634473,0.10470274304601242,-0.9136158318098616,-0.8089137174682269,-0.10470106269782614,0.9136147801664494,0.8089140278947198,0.10470011612206122,-0.9136141440171817
0.4258918010096749,-0.34880511163060546,-0.4999999886760686,0.387687194113436,0.22855945780847167,0.6046271274082031,0.4633505817405255,0.5706113371233841,-0.6372320798961928,-0.4999999886755626,0.6044502781531088,0.7288216125470796,0.38748342214416703,0.5357744293698605,-0.99650332167263,0.986037191526897,0.9999999999839283,-0.9921374722667083,-0.957381070355529,-0.9921107330920435,-0.9991251946499965,-0.6997137427540449,0.6997127800490802,0.7837600037779074,-0.26885233717719503,0.26885398043613934,0.14597697174657434,0.9685660799315299,-0.9685667604855385,-0.9297369755247429,-0.3876871554677659,-0.42589115196181854,0.9921372826574267,0.9965025453580233,-0.604450127189495,-0.5706113933960207,0.4258908715609449,0.5706113373876296,-0.9965022089487736,-0.4633502848210846,-0.5357745466887934,0.9991248315100874,-0.10470689938457792,-0.02079843805333068,0.02079766784299737,0.913618043147808,-0.8554385049983717,0.8554385780194924,-0.8089111437633583,0.8762369430519081,-0.876236245862708,-0.6997121271130421,-0.26885503440530906,0.9685671615186987,0.6997119460361406,0.26885522813352297,-0.9685671741700336,-0.6997123025519281,-0.2688544963360053,0.9685667988883171,0.6997131176151157,0.2688529732850764,-0.9685660909005813,-0.69971419576356,-0.26885096474974984,0.9685651605137038,0.6997152920995396,0.26884888977321664,-0.9685641818731486,-0.6997161745917568,-0.2688471922146646,0.9685633668068078,0.699716632799071,0.26884622754448895,-0.9685628603439471
-0.5357740825639312,0.46335091667581785,0.6044502781536197,-0.49999943224095045,-0.3485979085445876,-0.6995549272597685,-0.5706106665831857,-0.46335066219348947,0.5357736589381779,0.38768719411283603,-0.49999943224034143,-0.6374018713134383,-0.26906556804805815,-0.42589165768798115,0.9991247447576225,-0.9991247591535316,-0.9921374722667083,0.999999999194262,0.985999779858039,0.9686204953081138,0.996502324271414,0.7836211197432105,-0.7836203330164911,-0.8553227129546499,0.14619798844352525,-0.14619963917606513,-0.02102159430552422,-0.929819108187034,0.9298199721928845,0.8763443072604283,0.4999993693038647,0.5357733997825473,-0.9999988517394417,-0.9991243910060804,0.4999992988959683,0.46335080768390946,-0.5357730932458968,-0.4633507966228823,0.9991238898690155,0.5706103675082316,0.42589180845948077,-0.9965021759679554,0.22834388995766555,-0.10448619618101865,0.10448691526436504,-0.9573165455524947,0.9135273354044778,-0.9135273017922362,0.7289726555949289,-0.8090411392236457,0.8090403865280693,0.783619790845018,0.1462007030668335,-0.929820493912208,-0.7836196265905084,-0.14620090743838357,0.9298205340292689,0.7836199007687517,0.14620018273627647,-0.9298200835054209,-0.7836205486319628,-0.14619866389977143,0.9298192125321332,0.7836214063034748,0.1461966604495795,-0.929818066753458,-0.7836222736582334,-0.1461945932511484,0.9298168669097849,0.7836229678551376,0.14619290413800592,-0.9298158719935398,-0.7836233162713392,-0.14619195050393002,0.9298152667756653
-0.6690634514763532,0.6046261525959491,0.728821612547444,-0.6374018713138969,-0.499999638840076,-0.8089114691446151,-0.699553792148333,-0.30910238063126594,0.38748357719787174,0.22855945780779993,-0.34859790854389566,-0.4999996388395273,-0.10470681888424226,-0.26906657228804853,0.9781658321078605,-0.9921099133334076,-0.957381070355529,0.985999779858039,0.999999999487458,0.9136182880291628,0.9686203644366664,0.8762372466085045,-0.8762367126101174,-0.9297366716089298,-0.020798281730603742,0.020796661448219445,0.1459769775350146,-0.8554389648782003,0.8554400511622301,0.7837596940741555,0.6374017775056809,0.6690627405650496,-0.985999579577935,-0.9781653821271787,0.34859780207200153,0.3091026415618642,-0.6690624066575827,-0.30910269079164576,0.978165097449511,0.699553497478455,0.2690667640661849,-0.9686202615449224,0.3874831330860225,-0.268851872214475,0.2688525055142275,-0.9921097370092904,0.9685649378138973,-0.968564763030548,0.604626420383929,-0.6997130655995784,0.6997122575164861,0.8762363302940818,-0.020795610383825467,-0.8554407199106154,-0.8762361915031465,0.020795396818672755,0.8554407946848549,0.8762363483536353,-0.02079609429150645,-0.8554402540625259,-0.876236756765334,0.020797570280521326,0.8554391864852137,0.8762372989859071,-0.020799517847913104,-0.8554377811384003,-0.8762378394691639,0.020801524011024655,0.855436315458544,0.876238265409643,-0.020803160458436776,-0.8554351049516049,-0.8762384587955648,0.020804075963656018,0.8554343828323097
-0.3091020745308307,0.22855900146207417,0.3874834221446508,-0.26906556804863047,-0.10470681888487453,-0.5000002472145527,-0.3485970909811529,-0.669064244974045,0.7288222201730304,0.6046271274077989,-0.6995549272593602,-0.8089114691443446,-0.5000002472141688,-0.6374032678327822,0.9781663195050083,-0.957381221635163,-0.9921107330920435,0.9686204953081138,0.9136182880291628,1.0000000003508345,0.9860003588141101,0.6046275257870765,-0.6046264020360097,-0.699715079540403,0.38748340251145447,-0.3874850121737714,-0.2688503273006928,-0.9921111118382073,0.9921114142100865,0.968565406841361,0.2690655543233564,0.3091014694612338,-0.9686203153777174,-0.9781656805131271,0.6995547610542346,0.6690642110517465,-0.30910121963938,-0.6690641109291436,0.9781653305686826,0.3485968008814494,0.6374033498187465,-0.9860001507003672,-0.02079797098366773,0.14597516075052072,-0.14597435148336055,-0.8554389453099339,0.7837610541672941,-0.7837612328604929,0.8762369162937561,-0.9297362149180377,0.9297355843440888,0.6046256484960248,0.38748603938807086,-0.9921116878844296,-0.604625453475817,-0.3874862192126404,0.9921116726888114,0.6046258868980883,0.3874854916754683,-0.9921113785739264,-0.6046268566408737,-0.3874839882688929,0.9921108449101383,0.6046281386830333,0.38748200618680545,-0.9921101448702175,-0.6046294471376167,-0.3874799560430135,0.9921094031810047,0.6046305043558795,0.38747827672982993,-0.9921087810860791,-0.6046310653268154,-0.38747731618901754,0.9921083815162036
-0.46335131420434866,0.38768772188587286,0.5357744293703888,-0.42589165768860626,-0.2690665722887493,-0.6374032678332063,-0.4999996074735529,-0.5357736325264899,0.6044497173464143,0.46335058173997523,-0.5706106665826309,-0.6995537921479276,-0.3485970909806284,-0.4999996074729797,0.9991249467310184,-0.992137439232399,-0.9991251946499965,0.996502324271414,0.9686203644366664,0.9860003588141101,0.9999999994429437,0.7289743854659315,-0.7289734800377662,-0.8090433553419953,0.2283426850248936,-0.2283443336788636,-0.1044832311601962,-0.9573170704911178,0.9573178137169513,0.913526586502453,0.4258916108718808,0.46335065273310655,-0.9965021320918294,-0.999124554958854,0.5706105212197674,0.5357737186861431,-0.4633503631221042,-0.5357736775758681,0.9991240406981838,0.49999930932578107,0.4999997361541419,-0.9999992290195416,0.1461993491169639,-0.021024627101455504,0.021025381596128025,-0.9298190521817269,0.8763456103082318,-0.8763456478210621,0.7836197030648809,-0.8553209832069761,0.855320266225145,0.7289728631325092,0.22834539282927477,-0.9573182559621355,-0.7289726875229047,-0.22834559046882932,0.9573182779921073,0.7289730173088786,0.22834485977058958,-0.9573178770798566,-0.7289737780779685,-0.22834333546473237,0.9573171135430922,0.7289747845734184,0.2283413251098239,-0.9573161096836407,-0.7289758064225835,-0.22833924909326075,0.9573150555162392,0.7289766276187037,0.22833755137632394,-0.9573141789954169,-0.7289770499880966,-0.22833658869168358,0.9573136386801728
-0.9443944721737907,0.9136181820068636,0.9685660799316226,-0.9298191081871697,-0.8554389648783952,-0.9921111118382728,-0.9573170704912317,0.18743464127969106,-0.10470610875202152,-0.268852337177912,0.14619798844429208,-0.020798281729929754,0.38748340251210234,0.2283426850256482,0.7569598308944147,-0.8089120732551313,-0.6997137427540449,0.7836211197432105,0.8762372466085045,0.6046275257870765,0.7289743854659315,1.000000000560071,-1.0000012563476526,-0.9921106007783045,-0.5000003946523504,0.49999912765303106,0.6046288265495185,-0.5000003946520372,0.5000019451555061,0.38748159068954274,0.9298189407633021,0.9443937970572477,-0.7836209409229414,-0.7569597073474044,-0.14619799984071027,-0.18743408971019299,-0.9443934390878925,0.18743387439443865,0.7569595646938175,0.9573168371376397,-0.2283424063091057,-0.7289744308288847,0.7837613208916262,-0.6997160933735234,0.6997163749034716,-0.9297362219579647,0.9685648001016813,-0.9685642460918208,0.14597490106627123,-0.2688487067282007,0.26884787118839465,1.000001214709693,-0.49999828546563807,-0.5000029292443622,-1.0000011718126223,0.4999980796408855,0.500003092172061,1.000000963415406,-0.4999985831847156,-0.500002380231028,-1.0000006124137681,0.49999969235049324,0.5000009200636181,1.0000001536949445,-0.5000011580920601,-0.4999989956032334,-0.999999660602325,0.5000026580441816,0.49999700255849194,0.9999992412534097,-0.5000038733217965,-0.49999536793195776,-0.9999989548543511,0.5000045282073463,0.4999944266473507
0.9443952762572315,-0.9136191039188474,-0.9685667604856226,0.9298199721930104,0.8554400511624155,0.992111414210142,0.9573178137170585,-0.18743629241120602,0.10470775621352606,0.26885398043687714,-0.14619963917685394,0.020796661447523172,-0.3874850121744405,-0.22834433367963972,-0.7569589838463399,0.8089113477056102,0.6997127800490802,-0.7836203330164911,-0.8762367126101174,-0.6046264020360097,-0.7289734800377662,-1.0000012563476526,1.0000000009615289,0.992110495095969,0.5000019451558075,-0.5000006775382326,-0.6046302939405711,0.4999991276527,-0.5000006775379114,-0.3874802011555544,-0.9298198048753189,-0.9443946014688552,0.7836201543665582,0.7569588606247456,0.14619965050911096,0.18743574084445944,0.9443942436076892,-0.18743552546359962,-0.7569587181444544,-0.9573175804721088,0.2283440549104355,0.7289735255620229,-0.78376255437471,0.6997174545902287,-0.6997177361730217,0.9297358878284158,-0.9685646710184063,0.9685641171332061,-0.14597333345363944,0.2688472164282197,-0.2688463809602307,-1.000001679293525,0.4999998347345773,0.5000016610198537,1.0000014516901095,-0.49999962829957917,-0.5000018233908545,-1.0000012422221791,0.5000001312599057,0.5000011109626117,1.0000008902814175,-0.5000012398924519,-0.49999965038930977,-1.0000004307848396,0.5000027051739424,0.49999772561124545,0.9999999370995056,-0.5000042047617562,-0.49999573233809663,-0.9999995173601096,0.5000054197886032,0.4999940975718506,0.9999992307832852,-0.500006074528365,-0.4999931562552644
0.8957192793215948,-0.8554373136870842,-0.9297369755248883,0.8763443072606325,0.7837596940744324,0.9685654068414528,0.913526586502624,-0.06280768253534866,-0.02080085683867833,0.14597697174730936,-0.021021594306302644,0.14597697753434546,-0.26885032730136593,-0.1044832311609682,-0.8329115967865496,0.8762381705260291,0.7837600037779074,-0.8553227129546499,-0.9297366716089298,-0.699715079540403,-0.8090433553419953,-0.9921106007783045,0.992110495095969,0.9999999999511497,0.3874815906899576,-0.38748020115598947,-0.4999999655781577,0.6046288265492221,-0.6046302939402858,-0.4999999655777604,-0.8763441548876175,-0.89571857840509,0.8553225241888008,0.8329113852782103,0.021021630699151455,0.06280719312721651,0.895718217960608,-0.06280701577066057,-0.8329112021902983,-0.9135263314927996,0.10448296827030193,0.8090433632228377,-0.6997146527611363,0.6046281736452238,-0.6046285535230854,0.968564745427965,-0.9921098486829735,0.9921091963245534,-0.2688500926667933,0.3874814914984207,-0.38748064280154654,-0.9921105042065966,0.3874792843268523,0.6046312198800743,0.9921104354510142,-0.38747907164952305,-0.6046313638018387,-0.9921103171310862,0.3874796380378504,0.6046306790935981,0.9921101552714926,-0.38748086973211104,-0.6046292855397497,-0.9921099458938009,0.3874824965666271,0.6046274493275452,0.9921097097770013,-0.38748416476105124,-0.6046255450163217,-0.9921095001892378,0.3874855192073657,0.6046239809822395,0.9921093316668224,-0.3874862578398556,-0.6046230738273346
0.7569598308945292,-0.808912073255208,-0.6997137427541925,0.7836211197432955,0.8762372466085603,0.6046275257873028,0.7289743854660536,-0.9443944721737091,0.9136181820067646,0.9685660799315677,-0.9298191081870747,-0.8554389648782246,-0.9921111118382443,-0.9573170704911595,0.18743464127896164,-0.10470610875128926,-0.26885233717719503,0.14619798844352525,-0.020798281730603742,0.38748340251145447,0.2283426850248936,-0.5000003946523504,0.5000019451558075,0.3874815906899576,1.000000000560071,-1.0000012563476415,-0.9921106007783022,-0.5000003946517775,0.49999912765243454,0.6046288265490568,-0.783620940923017,-0.7569597073475107,-0.14619799983993292,-0.18743408970941416,0.9298189407632194,0.9443937970571704,0.7569595646939149,-0.9443934390878139,0.18743387439365086,-0.728974430829011,0.9573168371375647,-0.22834240630833721,-0.9297362219579994,0.9685648001016939,-0.9685642460918265,0.14597490106686875,-0.2688487067287107,0.2688478711889092,0.7837613208913752,-0.6997160933731764,0.6997163749031204,-0.5000029292446546,1.0000012147096773,-0.49999828546502806,0.5000030921723495,-1.0000011718126014,0.499998079640262,-0.5000023802313143,1.0000009634153821,-0.4999985831840787,0.5000009200639052,-1.000000612413746,0.49999969234984704,-0.49999899560352423,1.0000001536949188,-0.5000011580914038,0.49999700255879287,-0.9999996606023025,0.5000026580435148,-0.4999953679322654,0.9999992412533869,-0.5000038733211236,0.49999442664766036,-0.9999989548543277,0.5000045282066713
-0.756958983846468,0.8089113477056981,0.6997127800492432,-0.7836203330165892,-0.8762367126101834,-0.6046264020362524,-0.7289734800379036,0.9443952762571415,-0.9136191039187385,-0.9685667604855607,0.9298199721929079,0.8554400511622314,0.9921114142101127,0.957317813716978,-0.18743629241045412,0.10470775621277131,0.26885398043613934,-0.14619963917606513,0.020796661448219445,-0.3874850121737714,-0.2283443336788636,0.49999912765303106,-0.5000006775382326,-0.38748020115598947,-1.0000012563476415,1.0000000009615289,0.9921104950959747,0.500001945155216,-0.5000006775376151,-0.6046302939400918,0.7836201543666457,0.756958860624865,0.1461996505083116,0.18743574084365855,-0.9298198048752273,-0.9443946014687706,-0.7569587181445657,0.9443942436076028,-0.18743552546278927,0.7289735255621635,-0.9573175804720266,0.22834405490964502,0.9297358878284577,-0.9685646710184245,0.9685641171332162,-0.1459733334542588,0.26884721642875126,-0.2688463809607662,-0.7837625543744434,0.6997174545898653,-0.6997177361726542,0.5000016610201651,-1.0000016792935114,0.4999998347339475,-0.5000018233911625,1.0000014516900877,-0.4999996282989354,0.5000011109629166,-1.0000012422221545,0.5000001312592496,-0.49999965038961564,1.0000008902813944,-0.5000012398917857,0.49999772561155537,-1.0000004307848147,0.500002705173266,-0.49999573233841704,0.999999937099481,-0.50000420476107,0.499994097572177,-0.9999995173600856,0.5000054197879106,-0.49999315625559326,0.9999992307832601,-0.5000060745276703
-0.8329115967866604,0.8762381705261039,0.7837600037780474,-0.855322712954734,-0.9297366716089902,-0.6997150795406157,-0.8090433553421121,0.8957192793215124,-0.8554373136869781,-0.9297369755248357,0.8763443072605376,0.7837596940742452,0.9685654068414348,0.9135265865025561,-0.062807682534606,-0.02080085683941586,0.14597697174657434,-0.02102159430552422,0.1459769775350146,-0.2688503273006928,-0.1044832311601962,0.6046288265495185,-0.6046302939405711,-0.4999999655781577,-0.9921106007783022,0.9921104950959747,0.9999999999511497,0.3874815906893556,-0.38748020115536086,-0.4999999655776665,0.8553225241888733,0.8329113852783137,0.021021630698363148,0.06280719312642442,-0.8763441548875355,-0.8957185784050159,-0.8329112021903929,0.8957182179605335,-0.0628070157698579,0.8090433632229611,-0.9135263314927273,0.10448296826951643,0.968564745428005,-0.9921098486829919,0.9921091963245678,-0.26885009266737847,0.38748149149891453,-0.3874806428020444,-0.6997146527608608,0.6046281736448498,-0.6046285535227058,0.604631219880351,-0.9921105042065959,0.3874792843262077,-0.6046313638021107,0.99211043545101,-0.38747907164886247,0.6046306790938687,-0.9921103171310819,0.3874796380371754,-0.6046292855400204,0.9921101552714892,-0.38748086973142654,0.6046274493278205,-0.9921099458937964,0.3874824965659322,-0.6046255450166085,0.9921097097770007,-0.3874841647603474,0.6046239809825337,-0.9921095001892373,0.38748551920665747,-0.6046230738276314,0.9921093316668227,-0.3874862578391441
