1.0000000008168362,-1.000001449104517,-1.000000714535026,1.0000018177776542,1.0000005433910317,1.0000011412936438,0.9999999291326382,-1.00000151421869,-1.0000020117455477,-1.000001892987964,1.0000020998566155,1.0000016145154975,-1.000001982150673,-0.9999987419376604,0.9999994859012098,0.9999989068322231,0.9999981207107574,0.9999981207107588,-1.0000001255396556,-0.99999917185084,-0.9999990655423616,0.9999991549734261,0.9999986448221712,1.0000017258111253
-1.000001449104517,1.0000000013507357,1.0000011525080383,-1.0000021258650138,-1.000000916430884,-1.0000015142186869,-1.0000003019786432,1.0000018872659884,1.0000023853668132,1.0000022672793405,-1.0000024738752902,-1.0000019889645255,1.0000023563104137,0.9999991155280736,-0.9999998593558213,-0.999999280491719,-0.9999984944205378,-0.9999984944205368,1.0000004988019842,0.9999995454072922,0.9999994392074631,-0.9999995286064883,-0.9999990184606177,-1.0000020995146262
-1.000000714535026,1.0000011525080383,1.0000000002991882,-1.0000014559534953,-1.0000001165799615,-1.0000007145350251,-0.9999995024151593,1.0000011525080361,1.0000016496485844,1.00000153048717,-1.0000017375138404,-1.0000012519192194,1.0000016197428452,0.9999983798339459,-0.9999991239044054,-0.9999985446973965,-0.9999977585514224,-0.9999977585514233,0.9999997637197798,0.9999988097764638,0.999998703408247,-0.9999987928586003,-0.9999982827020715,-1.0000013636834972
1.0000018177776542,-1.0000021258650138,-1.0000014559534953,1.000000001785568,1.0000012201498134,1.0000018177776513,1.000000605432348,-1.0000021258650114,-1.0000026245211815,-1.0000025722973571,1.0000027785743575,1.0000022941629074,-1.0000026612169612,-0.9999994197091008,1.0000001634354745,0.9999995847802746,0.9999987987751402,0.9999987987751405,-1.0000008027927094,-0.9999998495724595,-0.999999743514595,0.9999998328758674,0.9999993227316054,1.0000024039215947
1.0000005433910317,-1.000000916430884,-1.0000001165799615,1.0000012201498134,0.9999999999610575,1.0000005433910295,0.9999993311396762,-1.0000009164308832,-1.0000014145199425,-1.0000012963870861,1.0000015030077423,1.0000010180510812,-1.0000013854120378,-0.9999981446669902,0.9999988885015874,0.9999983096155456,0.9999975235264273,0.9999975235264282,-0.9999994628253739,-0.9999985745432989,-0.9999984683271471,0.9999985577297849,0.9999980475699882,1.0000011286379904
1.0000011412936438,-1.0000015142186869,-1.0000007145350251,1.0000018177776513,1.0000005433910295,1.0000000008168362,0.9999999291326345,-1.000001449104518,-1.0000020117455444,-1.00000189298796,1.0000020998566144,1.0000016145154944,-1.0000019821506698,-0.9999987419376585,0.9999994859012066,0.9999989068322193,0.9999981207107547,0.9999981207107544,-1.0000001255396538,-0.9999991718508373,-0.9999990655423582,0.9999991549734237,0.999998644822168,1.000001725811122
0.9999999291326382,-1.0000003019786432,-0.9999995024151593,1.000000605432348,0.9999993311396762,0.9999999291326345,0.9999999990817471,-1.0000003019786419,-1.0000007991042115,-1.000000679871864,1.0000008869362857,1.0000004012832346,-1.0000007691286479,-0.9999975292615516,0.999998273332942,0.9999976941084273,0.9999969079376955,0.9999969079376962,-0.9999989131246639,-0.9999979592026527,-0.9999978528172404,0.9999979422711269,0.9999974321028889,1.0000005131052008
-1.00000151421869,1.0000018872659884,1.0000011525080361,-1.0000021258650114,-1.0000009164308832,-1.000001449104518,-1.0000003019786419,1.0000000013507357,1.0000023853668116,1.0000022672793394,-1.000002473875289,-1.0000019889645229,1.0000023563104121,0.9999991155280733,-0.9999998593558204,-0.9999992804917176,-0.9999984944205348,-0.9999984944205356,1.0000004988019828,0.9999995454072913,0.9999994392074628,-0.9999995286064883,-0.9999990184606176,-1.0000020995146246
-1.0000020117455477,1.0000023853668132,1.0000016496485844,-1.0000026245211815,-1.0000014145199425,-1.0000020117455444,-1.0000007991042115,1.0000023853668116,1.000000002065341,1.000002770512761,-1.000002910791882,-1.0000024928810831,1.000002859067298,0.999999615578983,-1.0000003589562574,-0.9999997809155808,-0.999998995072607,-0.9999989950726061,1.0000009978978135,1.0000000453699969,0.9999999396878902,-1.0000000289445143,-0.9999995187997882,-1.0000025352194029
-1.000001892987964,1.0000022672793405,1.00000153048717,-1.0000025722973571,-1.0000012963870861,-1.00000189298796,-1.000000679871864,1.0000022672793394,1.000002770512761,1.0000000019029167,-1.0000027976301729,-1.0000023168485708,1.0000027466971286,0.9999995000511087,-1.0000002428086185,-0.9999996657871817,-0.9999988801945565,-0.9999988801945566,1.0000008809427063,0.9999999297001317,0.9999998246081112,-0.9999999136962521,-0.9999994035497902,-1.0000024855966958
1.0000020998566155,-1.0000024738752902,-1.0000017375138404,1.0000027785743575,1.0000015030077423,1.0000020998566144,1.0000008869362857,-1.000002473875289,-1.000002910791882,-1.0000027976301729,1.0000000021952915,1.0000025855937538,-1.0000028858168062,-0.9999997055713805,1.0000004485932934,0.9999998711497238,0.9999990854590364,0.9999990854590355,-1.000001087085517,-1.0000001352830807,-1.0000000299529141,1.0000001191099117,0.9999996089655953,1.0000026908067603
1.0000016145154975,-1.0000019889645255,-1.0000012519192194,1.0000022941629074,1.0000010180510812,1.0000016145154944,1.0000004012832346,-1.0000019889645229,-1.0000024928810831,-1.0000023168485708,1.0000025855937538,1.0000000015068125,-1.0000024697296426,-0.9999992223343168,0.9999999649430668,0.9999993881655002,0.9999986026262635,0.9999986026262627,-1.0000006028770219,-0.9999996519505009,-0.9999995469985786,0.999999636046653,0.9999991258973508,1.0000022080728823
-1.000001982150673,1.0000023563104137,1.0000016197428452,-1.0000026612169612,-1.0000013854120378,-1.0000019821506698,-1.0000007691286479,1.0000023563104121,1.000002859067298,1.0000027466971286,-1.0000028858168062,-1.0000024697296426,1.000000002028833,0.9999995886873698,-1.0000003315288215,-0.9999997543370268,-0.9999989686907698,-0.9999989686907703,1.0000009697365484,1.0000000183515607,0.9999999131433898,-1.000000002262737,-0.9999994921183016,-1.0000025740396825
-0.9999987419376604,0.9999991155280736,0.9999983798339459,-0.9999994197091008,-0.9999981446669902,-0.9999987419376585,-0.9999975292615516,0.9999991155280733,0.999999615578983,0.9999995000511087,-0.9999997055713805,-0.9999992223343168,0.9999995886873698,0.9999999973843333,-0.9999970237270827,-0.9999964455739762,-0.9999956596736824,-0.9999956596736873,0.9999977279557059,0.9999967751808139,0.9999966694710766,-0.9999967587391977,-0.9999962485488106,-0.999999330156535
0.9999994859012098,-0.9999998593558213,-0.9999991239044054,1.0000001634354745,0.9999988885015874,0.9999994859012066,0.999998273332942,-0.9999998593558204,-1.0000003589562574,-1.0000002428086185,1.0000004485932934,0.9999999649430668,-1.0000003315288215,-0.9999970237270827,0.9999999984486282,0.9999972540768799,0.9999964681315995,0.9999964681316004,-0.999998406451019,-0.9999974535609522,-0.9999974128395144,0.9999975021402877,0.9999969919592586,1.0000000734146237
0.9999989068322231,-0.999999280491719,-0.9999985446973965,0.9999995847802746,0.9999983096155456,0.9999989068322193,0.9999976941084273,-0.9999992804917176,-0.9999997809155808,-0.9999996657871817,0.9999998711497238,0.9999993881655002,-0.9999997543370268,-0.9999964455739762,0.9999972540768799,0.9999999976210249,0.9999958901829988,0.9999958901829997,-0.9999978930292247,-0.9999969404910801,-0.9999967697321592,0.9999969240943927,0.999996413905485,0.9999994955288883
0.9999981207107574,-0.9999984944205378,-0.9999977585514224,0.9999987987751402,0.9999975235264273,0.9999981207107547,0.9999969079376955,-0.9999984944205348,-0.999998995072607,-0.9999988801945565,0.9999990854590364,0.9999986026262635,-0.9999989686907698,-0.9999956596736824,0.9999964681315995,0.9999958901829988,0.9999999964961076,0.9999951043109022,-0.9999971070155181,-0.9999961545784651,-0.999996048970247,0.999996138207084,0.9999956280091203,0.9999987097049458
0.9999981207107588,-0.9999984944205368,-0.9999977585514233,0.9999987987751405,0.9999975235264282,0.9999981207107544,0.9999969079376962,-0.9999984944205356,-0.9999989950726061,-0.9999988801945566,0.9999990854590355,0.9999986026262627,-0.9999989686907703,-0.9999956596736873,0.9999964681316004,0.9999958901829997,0.9999951043109022,0.9999999964961076,-0.9999971070155198,-0.9999961545784661,-0.9999960489702465,0.9999961382070831,0.9999956280091206,0.9999987097049464
-1.0000001255396556,1.0000004988019842,0.9999997637197798,-1.0000008027927094,-0.9999994628253739,-1.0000001255396538,-0.9999989131246639,1.0000004988019828,1.0000009978978135,1.0000008809427063,-1.000001087085517,-1.0000006028770219,1.0000009697365484,0.9999977279557059,-0.999998406451019,-0.9999978930292247,-0.9999971070155181,-0.9999971070155198,0.9999999993635087,0.999998157776142,0.9999980517528521,-0.9999981410990479,-0.9999976309330999,-1.0000007121544332
-0.99999917185084,0.9999995454072922,0.9999988097764638,-0.9999998495724595,-0.9999985745432989,-0.9999991718508373,-0.9999979592026527,0.9999995454072913,1.0000000453699969,0.9999999297001317,-1.0000001352830807,-0.9999996519505009,1.0000000183515607,0.9999967751808139,-0.9999974535609522,-0.9999969404910801,-0.9999961545784651,-0.9999961545784661,0.999998157776142,0.9999999979995964,0.9999970992682221,-0.9999971234293367,-0.9999966132424858,-0.9999997599145559
-0.9999990655423616,0.9999994392074631,0.999998703408247,-0.999999743514595,-0.9999984683271471,-0.9999990655423582,-0.9999978528172404,0.9999994392074628,0.9999999396878902,0.9999998246081112,-1.0000000299529141,-0.9999995469985786,0.9999999131433898,0.9999966694710766,-0.9999974128395144,-0.9999967697321592,-0.999996048970247,-0.9999960489702465,0.9999980517528521,0.9999970992682221,0.9999999978483118,-0.9999970177613228,-0.9999965726887245,-0.9999996543008589
0.9999991549734261,-0.9999995286064883,-0.9999987928586003,0.9999998328758674,0.9999985577297849,0.9999991549734237,0.9999979422711269,-0.9999995286064883,-1.0000000289445143,-0.9999999136962521,1.0000001191099117,0.999999636046653,-1.000000002262737,-0.9999967587391977,0.9999975021402877,0.9999969240943927,0.999996138207084,0.9999961382070831,-0.9999981410990479,-0.9999971234293367,-0.9999970177613228,0.9999999979760658,0.9999966619430426,0.999999743535273
0.9999986448221712,-0.9999990184606177,-0.9999982827020715,0.9999993227316054,0.9999980475699882,0.999998644822168,0.9999974321028889,-0.9999990184606176,-0.9999995187997882,-0.9999994035497902,0.9999996089655953,0.9999991258973508,-0.9999994921183016,-0.9999962485488106,0.9999969919592586,0.999996413905485,0.9999956280091203,0.9999956280091206,-0.9999976309330999,-0.9999966132424858,-0.9999965726887245,0.9999966619430426,0.9999999972457688,0.9999992333875666
1.0000017258111253,-1.0000020995146262,-1.0000013636834972,1.0000024039215947,1.0000011286379904,1.000001725811122,1.0000005131052008,-1.0000020995146246,-1.0000025352194029,-1.0000024855966958,1.0000026908067603,1.0000022080728823,-1.0000025740396825,-0.999999330156535,1.0000000734146237,0.9999994955288883,0.9999987097049458,0.9999987097049464,-1.0000007121544332,-0.9999997599145559,-0.9999996543008589,0.999999743535273,0.9999992333875666,1.0000000016568484
