1.0000000135385942,-0.7960576911095611,-0.7960550668799792,0.2673724801776899,0.7960547535381998,0.26735435075579705,-0.7960633318734074,0.26737357449364424,1.000018254173686,-0.1795790019771874,0.2673665128883216,-0.7960493743294015,-0.1795842446256309,-0.17944757134073253,0.17945715468034132,0.17944262408519174,-0.1794755429451643,-0.17945258106381065,-0.17944757134073683,0.17945715468034196,0.17944262408519937,-0.17947554294516416,0.17944784219941268,0.040651121230498403,-0.15467443198661543,0.09013133685671959,0.16803038904706175,0.20161991494643144,-0.18375430385256164,-0.19640322618636527,0.17954848625890826,-0.17957415940050828,-0.1795258925100921,0.09034579422163498,0.18901094933120022,-0.17954498583635822,0.09032804346899784,0.17949767188232243
-0.7960576911095611,1.0000000106008216,0.26736831619929835,-0.7960512757377797,-0.26736864433725627,0.3703882536353712,0.2673848126267164,0.37036995115477034,-0.7960655793556556,-0.45245291333370546,-0.7960473903078713,1.0000152212801736,0.7383625705583391,-0.4525710916501769,0.45256225889410534,0.4525757473873013,-0.4525455592984591,-0.4525664260986875,-0.4525710916501761,0.45256225889410384,0.45257574738730366,-0.4525455592984607,0.45257091644928404,-0.4271966132435448,0.7076660009532525,-0.029396963671457,-0.727025227513887,-0.722976710092556,0.47387029043592227,0.7362768658543923,-0.7383358536123702,0.7383544530206151,0.7383199575345067,-0.6746882755101337,-0.7414097712773514,-0.4524833037112049,0.5308647409548591,0.452525668457963
-0.7960550668799792,0.26736831619929835,1.0000000115356953,0.3703760757706083,-1.0000182792787435,-0.7960433309687273,1.0000146445886022,-0.7960545101592398,-0.7960437373521787,0.7383615583551635,0.3703828148176014,0.26735652417425254,-0.45245450244585167,0.738270489032274,-0.7382769136779952,-0.7382672683649455,0.7382894895936117,0.7382737993384911,0.7382704890322801,-0.7382769136779952,-0.73826726836496,0.7382894895936126,-0.7382707450593594,0.36247855512034327,-0.4614159502374055,-0.11409814065244044,0.459511646599401,0.40198631701098114,-0.18132241378697803,-0.42359183442168313,0.45248471549582076,-0.45246244135639185,-0.45250479034082575,0.5308550374134788,0.4404937605827061,0.7383377923603357,-0.6746787524126834,-0.7383048297001007
0.2673724801776899,-0.7960512757377797,0.3703760757706083,1.0000000015113841,-0.3703763641500397,-0.8570392101755537,0.3703592009143077,-0.8570281705483354,0.26738757868506113,0.8999166934256794,1.000003692681209,-0.7960578876718635,-0.9959465573606942,0.899973412635942,-0.8999689334889069,-0.899975877703403,0.8999607346011196,0.8999709944104536,0.8999734126359458,-0.8999689334889045,-0.8999758777034133,0.8999607346011214,-0.8999734045599064,0.6394796080312419,-0.9719851469222883,-0.04332960482411247,0.9894505336187694,0.9494152325911798,-0.5706837231617231,-0.9758068603626144,0.9959397800141321,-0.9959448428826847,-0.9959370658351425,0.9838098923543513,0.9913711779219451,0.8999310613828223,-0.9355041191479807,-0.8999511956547042
0.7960547535381998,-0.26736864433725627,-1.0000182792787435,-0.3703763641500397,1.000000012907444,0.7960429287609754,-1.0000156070258301,0.7960552320141502,0.7960445477689815,-0.7383622196334179,-0.3703831033060247,-0.2673568519949552,0.4524548726257945,-0.7382711503542778,0.7382775750000615,0.7382679296868909,-0.738290150915611,-0.7382744606605751,-0.7382711503542836,0.7382775750000613,0.7382679296869059,-0.7382901509156119,0.7382714063813745,-0.3624796682715279,0.4614165522452073,0.11409930602430553,-0.45951213537623126,-0.401986312010361,0.18132167665120008,0.42359195628200713,-0.4524850856197367,0.45246281148068673,0.4525051604652101,-0.5308554862810884,-0.44049400794821003,-0.7383384536834156,0.6746793477492319,0.7383054910223598
0.26735435075579705,0.3703882536353712,-0.7960433309687273,-0.8570392101755537,0.7960429287609754,1.0000000009979655,-0.7960303540791733,1.0000017650556698,0.2673388534434417,-0.9959451601591958,-0.8570428476040491,0.3703998341731939,0.899924448375626,-0.99593160209852,0.9959322472335516,0.9959314218326617,-0.9959338806881756,-0.9959318626083083,-0.9959316020985259,0.9959322472335498,0.9959314218326784,-0.9959338806881777,0.9959317388534451,-0.6177413738915328,0.8892814246344931,0.09151883228142697,-0.8996058326528633,-0.8416118431819527,0.4724345655515409,0.8707924622389583,-0.8999367912385917,0.899927002486333,0.8999461579577335,-0.9355051271742209,-0.8903090313414432,-0.9959424632614726,0.9838086670699405,0.9959361742506897
-0.7960633318734074,0.2673848126267164,1.0000146445886022,0.3703592009143077,-1.0000156070258301,-0.7960303540791733,1.0000000093880854,-0.7960438076615504,-0.796054352548515,0.7383485962480464,0.3703659145560768,0.26737310094999234,-0.45243813681093753,0.7382575129125795,-0.7382639376322941,-0.7382542922053162,0.7382765136844222,0.7382608232590542,0.7382575129125868,-0.7382639376322941,-0.7382542922053303,0.7382765136844224,-0.7382577689420617,0.36225664246606143,-0.46134184574346776,-0.11381990813578521,0.4594661656383305,0.40205713559526973,-0.18154225705994487,-0.42363395439891316,0.4524683623549476,-0.45244608843832906,-0.4524884368371087,0.5308393392289222,0.44050671547582415,0.7383248169464446,-0.6746647599106058,-0.7382918539502522
0.26737357449364424,0.37036995115477034,-0.7960545101592398,-0.8570281705483354,0.7960552320141502,1.0000017650556698,-0.7960438076615504,1.0000000015231074,0.26735810978840224,-0.9959448661829174,-0.8570340482082819,0.3703815060648596,0.8999161159125917,-0.9959301770910799,0.9959308224256253,0.99592999672172,-0.9959324562613636,-0.9959304377056707,-0.9959301770910843,0.9959308224256241,0.9959299967217359,-0.9959324562613658,0.9959303138516825,-0.6176695805899264,0.8892550231723501,0.09143124547417297,-0.8995883715288842,-0.8416310631216702,0.47250183577082916,0.8708025777454756,-0.8999284635395776,0.8999186743345572,0.8999378306068283,-0.935498453401654,-0.890309930381538,-0.9959399161133181,0.9838054693974965,0.995934750280944
1.000018254173686,-0.7960655793556556,-0.7960437373521787,0.26738757868506113,0.7960445477689815,0.2673388534434417,-0.796054352548515,0.26735810978840224,1.000000012561926,-0.17956326958435417,0.2673816434363039,-0.7960596121359286,-0.17959974728539824,-0.17943182312195377,0.1794414064195172,0.17942687588619702,-0.1794597945970243,-0.17943683282498704,-0.1794318231219581,0.17944140641951795,0.17942687588620454,-0.1794597945970245,0.17943209397976156,0.04092822980524427,-0.154763025312792,0.08977995702571094,0.16808271967733174,0.20152548494095157,-0.1834735188926949,-0.19634492565939102,0.17956397366214136,-0.17958964619241816,-0.17954138065683975,0.09036154314937274,0.18898942402334465,-0.17952923714197103,0.09031217088866618,0.17948192342519884
-0.1795790019771874,-0.45245291333370546,0.7383615583551635,0.8999166934256794,-0.7383622196334179,-0.9959451601591958,0.7383485962480464,-0.9959448661829174,-0.17956326958435417,0.999999999326885,0.8999209926798,-0.4524640495031181,-0.9355034453137019,0.9999974819323141,-0.9999972458304889,-0.9999977597857631,0.9999971966607359,0.9999972801683874,0.9999974819323191,-0.9999972458304878,-0.9999977597857781,0.9999971966607365,-0.9999975962584566,0.6344109409419957,-0.9223014674587402,-0.08496543888855934,0.934094031479382,0.8780452340391868,-0.49950906203221324,-0.9073435566130534,0.9355127100693458,-0.93550511362039,-0.9355201631379815,0.9634964003090035,0.9265725677814475,0.9999983276457742,-0.9959426692196469,-0.9999974721603718
0.2673665128883216,-0.7960473903078713,0.3703828148176014,1.000003692681209,-0.3703831033060247,-0.8570428476040491,0.3703659145560768,-0.8570340482082819,0.2673816434363039,0.8999209926798,1.0000000037557981,-0.7960562758823004,-0.9959498473804889,0.8999777155643901,-0.8999732364481093,-0.8999801806161389,0.8999650376203392,0.8999752973546838,0.8999777155643919,-0.8999732364481072,-0.8999801806161503,0.8999650376203416,-0.8999777074895193,0.6395480961876667,-0.9720057113894278,-0.04341778096752982,0.9894619601964576,0.9493898687116551,-0.5706122120974612,-0.9757905248595781,0.9959419419853842,-0.9959458805827918,-0.9959392279535025,0.9838126272512571,0.9913640517701812,0.8999353646272029,-0.9355079293053365,-0.8999554987457128
-0.7960493743294015,1.0000152212801736,0.26735652417425254,-0.7960578876718635,-0.2673568519949552,0.3703998341731939,0.26737310094999234,0.3703815060648596,-0.7960596121359286,-0.4524640495031181,-0.7960562758823004,1.000000011143881,0.7383711545976385,-0.45258223960228006,0.4525734069323287,0.45258689529607093,-0.45255670750645394,-0.45257757409443333,-0.4525822396022795,0.4525734069323275,0.4525868952960727,-0.4525567075064546,0.452582064403646,-0.42741343280837485,0.7077324852050653,-0.02911919731643562,-0.7270629650318867,-0.7228985140884502,0.4736460942084181,0.7362271492614899,-0.7383444256960262,0.7383630245510627,0.7383285302604196,-0.6746976124675924,-0.7413890848252934,-0.4524944525654567,0.5308753681470023,0.45253681687136244
-0.1795842446256309,0.7383625705583391,-0.45245450244585167,-0.9959465573606942,0.4524548726257945,0.899924448375626,-0.45243813681093753,0.8999161159125917,-0.17959974728539824,-0.9355034453137019,-0.9959498473804889,0.7383711545976385,1.000000002588916,-0.9355490804351325,0.9355454024821672,0.9355511350926567,-0.9355387491768024,-0.9355470794319101,-0.9355490804351374,0.9355454024821667,0.9355511350926685,-0.9355387491768036,0.9355490974820899,-0.6490942067220974,0.9778777321902896,0.052702268073726494,-0.9944559448595794,-0.9504259760396213,0.5654171576038206,0.9778617287135205,-1.000000051592711,1.0000016754005443,0.9999993904075892,-0.9959471631174828,-0.9944470295888062,-0.935514939782272,0.9635010110115713,0.9355310770801069
-0.17944757134073253,-0.4525710916501769,0.738270489032274,0.899973412635942,-0.7382711503542778,-0.99593160209852,0.7382575129125795,-0.9959301770910799,-0.17943182312195377,0.9999974819323141,0.8999777155643901,-0.45258223960228006,-0.9355490804351325,0.9999999971030162,-0.9999968199164027,-0.9999973364288504,0.9999956433530773,0.9999957309061331,0.9999959335508433,-0.9999956957621678,-0.9999962122746264,0.9999956433530773,-0.9999960478329508,0.6344630710249116,-0.9223522698985105,-0.08499740488717282,0.9341425117779983,0.8780793860339352,-0.4995104388946367,-0.9073819714200069,0.9355583356324709,-0.9355507442724171,-0.9355657842189647,0.9635305775575023,0.9266148197428686,0.9999967621238866,-0.9959519762038467,-0.9999959149592936
0.17945715468034132,0.45256225889410534,-0.7382769136779952,-0.8999689334889069,0.7382775750000615,0.9959322472335516,-0.7382639376322941,0.9959308224256253,0.1794414064195172,-0.9999972458304889,-0.8999732364481093,0.4525734069323287,0.9355454024821672,-0.9999968199164027,0.9999999967642944,0.9999959744217894,-0.9999965300834097,-0.9999966173366127,-0.9999956957621737,0.9999954580981664,0.9999959744218044,-0.9999954059291755,0.9999958100474208,-0.6344615419143623,0.9223489102394088,0.08499833673586614,-0.9341389738188078,-0.8780755410250806,0.49950743027468086,0.9073781401489708,-0.9355546582389958,0.9355470664989493,0.9355621071616672,-0.9635277305964488,-0.9266110446669836,-0.9999965256064715,0.9959508605898155,0.9999956778242006
0.17944262408519174,0.4525757473873013,-0.7382672683649455,-0.899975877703403,0.7382679296868909,0.9959314218326617,-0.7382542922053162,0.99592999672172,0.17942687588619702,-0.9999977597857631,-0.8999801806161389,0.45258689529607093,0.9355511350926567,-0.9999973364288504,0.9999959744217894,0.999999997500175,-0.9999959218889333,-0.9999960095965604,-0.9999962122746172,0.9999959744217879,0.9999964910313494,-0.9999959218889352,0.9999963265551427,-0.6344639625264537,0.922354157035899,0.0849969332099401,-0.9341444934250145,-0.8780815188424416,0.4995120792847623,0.9073841015332341,-0.9355603900021803,0.9355527988376172,0.9355678384158336,-0.9635322051569943,-0.9266169235530527,-0.9999970401920163,0.9959527100213162,0.999996193346181
-0.1794755429451643,-0.4525455592984591,0.7382894895936117,0.8999607346011196,-0.738290150915611,-0.9959338806881756,0.7382765136844222,-0.9959324562613636,-0.1794597945970243,0.9999971966607359,0.8999650376203392,-0.45255670750645394,-0.9355387491768024,0.9999956433530773,-0.9999965300834097,-0.9999959218889333,0.9999999966902853,0.9999954408985072,0.9999956433530811,-0.9999954059291714,-0.9999959218889467,0.9999953542217624,-0.9999957576445122,0.6344588748412093,-0.9223428600569669,-0.08500015233090122,0.9341325875563227,0.8780685451965118,-0.4995018805551826,-0.9073711824017685,0.9355480060074893,-0.9355404135379818,-0.935555455575711,0.9635226767719881,0.9266042020997004,0.9999964756397519,-0.9959491288297218,-0.9999967508258273
-0.17945258106381065,-0.4525664260986875,0.7382737993384911,0.8999709944104536,-0.7382744606605751,-0.9959318626083083,0.7382608232590542,-0.9959304377056707,-0.17943683282498704,0.9999972801683874,0.8999752973546838,-0.45257757409443333,-0.9355470794319101,0.9999957309061331,-0.9999966173366127,-0.9999960095965604,0.9999954408985072,0.9999999968143051,0.9999957309061386,-0.9999966173366133,-0.9999960095965748,0.9999954408985091,-0.9999969693440849,0.6344622183050336,-0.9223504363234069,-0.08499788457632404,0.9341405840421463,0.8780773026147217,-0.49950882456553064,-0.9073798926960399,0.9355563349215259,-0.9355487433630104,-0.9355637836835323,0.9635290099891575,0.9266127687512594,0.9999965601426201,-0.9959513137029634,-0.9999957126554664
-0.17944757134073683,-0.4525710916501761,0.7382704890322801,0.8999734126359458,-0.7382711503542836,-0.9959316020985259,0.7382575129125868,-0.9959301770910843,-0.1794318231219581,0.9999974819323191,0.8999777155643919,-0.4525822396022795,-0.9355490804351374,0.9999959335508433,-0.9999956957621737,-0.9999962122746172,0.9999956433530811,0.9999957309061386,0.9999999971030162,-0.9999968199164059,-0.9999973364288687,0.999995643353083,-0.999996047832956,0.6344630710249134,-0.9223522698985135,-0.08499740488717276,0.9341425117780027,0.8780793860339395,-0.4995104388946391,-0.9073819714200111,0.9355583356324751,-0.93555074427242,-0.9355657842189685,0.9635305775575064,0.9266148197428722,0.9999967621238923,-0.9959519762038509,-0.9999959149592987
0.17945715468034196,0.45256225889410384,-0.7382769136779952,-0.8999689334889045,0.7382775750000613,0.9959322472335498,-0.7382639376322941,0.9959308224256241,0.17944140641951795,-0.9999972458304878,-0.8999732364481072,0.4525734069323275,0.9355454024821667,-0.9999956957621678,0.9999954580981664,0.9999959744217879,-0.9999954059291714,-0.9999966173366133,-0.9999968199164059,0.9999999967642944,0.9999959744218032,-0.9999965300834084,0.9999958100474188,-0.6344615419143608,0.9223489102394069,0.08499833673586515,-0.9341389738188071,-0.8780755410250788,0.499507430274681,0.9073781401489703,-0.9355546582389942,0.9355470664989473,0.9355621071616651,-0.9635277305964474,-0.9266110446669815,-0.9999965256064703,0.9959508605898142,0.9999956778242002
0.17944262408519937,0.45257574738730366,-0.73826726836496,-0.8999758777034133,0.7382679296869059,0.9959314218326784,-0.7382542922053303,0.9959299967217359,0.17942687588620454,-0.9999977597857781,-0.8999801806161503,0.4525868952960727,0.9355511350926685,-0.9999962122746264,0.9999959744218044,0.9999964910313494,-0.9999959218889467,-0.9999960095965748,-0.9999973364288687,0.9999959744218032,0.999999997500175,-0.9999959218889498,0.9999963265551571,-0.6344639625264631,0.9223541570359111,0.08499693320994324,-0.9341444934250281,-0.8780815188424532,0.4995120792847673,0.9073841015332459,-0.9355603900021927,0.9355527988376292,0.9355678384158452,-0.9635322051570084,-0.926616923553063,-0.9999970401920308,0.9959527100213308,0.9999961933461955
-0.17947554294516416,-0.4525455592984607,0.7382894895936126,0.8999607346011214,-0.7382901509156119,-0.9959338806881777,0.7382765136844224,-0.9959324562613658,-0.1794597945970245,0.9999971966607365,0.8999650376203416,-0.4525567075064546,-0.9355387491768036,0.9999956433530773,-0.9999954059291755,-0.9999959218889352,0.9999953542217624,0.9999954408985091,0.999995643353083,-0.9999965300834084,-0.9999959218889498,0.9999999966902853,-0.999995757644515,0.6344588748412092,-0.9223428600569683,-0.08500015233089887,0.9341325875563243,0.8780685451965147,-0.49950188055518574,-0.9073711824017714,0.9355480060074913,-0.9355404135379838,-0.9355554555757133,0.9635226767719897,0.9266042020997017,0.9999964756397531,-0.9959491288297244,-0.9999967508258318
0.17944784219941268,0.45257091644928404,-0.7382707450593594,-0.8999734045599064,0.7382714063813745,0.9959317388534451,-0.7382577689420617,0.9959303138516825,0.17943209397976156,-0.9999975962584566,-0.8999777074895193,0.452582064403646,0.9355490974820899,-0.9999960478329508,0.9999958100474208,0.9999963265551427,-0.9999957576445122,-0.9999969693440849,-0.999996047832956,0.9999958100474188,0.9999963265551571,-0.999995757644515,0.9999999972658482,-0.63446310239057,0.9223522921730674,0.08499743241249469,-0.9341425315600077,-0.8780793939718076,0.49951042655781513,0.907381982537491,-0.9355583526929196,0.9355507613235706,0.9355658012875203,-0.963530619587618,-0.9266148339152761,-0.9999968764388885,0.9959520671684255,0.9999960292582158
0.040651121230498403,-0.4271966132435448,0.36247855512034327,0.6394796080312419,-0.3624796682715279,-0.6177413738915328,0.36225664246606143,-0.6176695805899264,0.04092822980524427,0.6344109409419957,0.6395480961876667,-0.42741343280837485,-0.6490942067220974,0.6344630710249116,-0.6344615419143623,-0.6344639625264537,0.6344588748412093,0.6344622183050336,0.6344630710249134,-0.6344615419143608,-0.6344639625264631,0.6344588748412092,-0.63446310239057,1.0000000029142888,-0.7938680742102096,-0.79386578789031,0.725490718852233,0.3803661299267182,0.2604325829511083,-0.47554401308292626,0.6490629697538102,-0.649060740063894,-0.6490658594383302,0.6533743457948428,0.5654423845995021,0.6344496671502997,-0.6460056288681174,-0.6344558853692279
-0.15467443198661543,0.7076660009532525,-0.4614159502374055,-0.9719851469222883,0.4614165522452073,0.8892814246344931,-0.46134184574346776,0.8892550231723501,-0.154763025312792,-0.9223014674587402,-0.9720057113894278,0.7077324852050653,0.9778777321902896,-0.9223522698985105,0.9223489102394088,0.922354157035899,-0.9223428600569669,-0.9223504363234069,-0.9223522698985135,0.9223489102394069,0.9223541570359111,-0.9223428600569683,0.9223522921730674,-0.7938680742102096,1.0000000017873476,0.26043744956103754,-0.9944527921115496,-0.8643488521656036,0.3803642056912497,0.9124526481415636,-0.9778662842051852,0.9778669655623264,0.9778665534929984,-0.9758166851747323,-0.950432124122917,-0.9223213019698454,0.9478653440795414,0.922335907189363
0.09013133685671959,-0.029396963671457,-0.11409814065244044,-0.04332960482411247,0.11409930602430553,0.09151883228142697,-0.11381990813578521,0.09143124547417297,0.08977995702571094,-0.08496543888855934,-0.04341778096752982,-0.02911919731643562,0.052702268073726494,-0.08499740488717282,0.08499833673586614,0.0849969332099401,-0.08500015233090122,-0.08499788457632404,-0.08499740488717276,0.08499833673586515,0.08499693320994324,-0.08500015233089887,0.08499743241249469,-0.79386578789031,0.26043744956103754,1.0000000028193106,-0.15742529598078608,0.2604347311158326,-0.7938647153322119,-0.15742314686073866,-0.052664120088005556,0.05265989868178409,0.05266843874495358,-0.061558933601453106,0.05266849093700749,-0.08500709109281541,0.07781072549234268,0.08500235872592855
0.16803038904706175,-0.727025227513887,0.459511646599401,0.9894505336187694,-0.45951213537623126,-0.8996058326528633,0.4594661656383305,-0.8995883715288842,0.16808271967733174,0.934094031479382,0.9894619601964576,-0.7270629650318867,-0.9944559448595794,0.9341425117779983,-0.9341389738188078,-0.9341444934250145,0.9341325875563227,0.9341405840421463,0.9341425117780027,-0.9341389738188071,-0.9341444934250281,0.9341325875563243,-0.9341425315600077,0.725490718852233,-0.9944527921115496,-0.15742529598078608,0.9999999985406014,0.9124528240009995,-0.4755426230330803,-0.9504319960897619,0.994448391479093,-0.9944495486821122,-0.9944493202116085,0.9913824000732071,0.9778646880410915,0.9341097807565761,-0.9610214066297524,-0.9341252353894688
0.20161991494643144,-0.722976710092556,0.40198631701098114,0.9494152325911798,-0.401986312010361,-0.8416118431819527,0.40205713559526973,-0.8416310631216702,0.20152548494095157,0.8780452340391868,0.9493898687116551,-0.7228985140884502,-0.9504259760396213,0.8780793860339352,-0.8780755410250806,-0.8780815188424416,0.8780685451965118,0.8780773026147217,0.8780793860339395,-0.8780755410250788,-0.8780815188424532,0.8780685451965147,-0.8780793939718076,0.3803661299267182,-0.8643488521656036,0.2604347311158326,0.9124528240009995,0.9999999997878424,-0.79386471540826,-0.99445007437081,0.9504343983498749,-0.9504372784223943,-0.950432418257808,0.9437518608631028,0.9778648480604936,0.8780433730790043,-0.9073356704964329,-0.8780604431358303
-0.18375430385256164,0.47387029043592227,-0.18132241378697803,-0.5706837231617231,0.18132167665120008,0.4724345655515409,-0.18154225705994487,0.47250183577082916,-0.1834735188926949,-0.49950906203221324,-0.5706122120974612,0.4736460942084181,0.5654171576038206,-0.4995104388946367,0.49950743027468086,0.4995120792847623,-0.4995018805551826,-0.49950882456553064,-0.4995104388946391,0.499507430274681,0.4995120792847673,-0.49950188055518574,0.49951042655781513,0.2604325829511083,0.3803642056912497,-0.7938647153322119,-0.4755426230330803,-0.79386471540826,1.0000000012672354,0.7254877077155687,-0.5654464890893618,0.565450961787205,0.5654425219754157,-0.5556353974257103,-0.6490648048324681,-0.4994816560914083,0.5224634114683943,0.4994953879580299
-0.19640322618636527,0.7362768658543923,-0.42359183442168313,-0.9758068603626144,0.42359195628200713,0.8707924622389583,-0.42363395439891316,0.8708025777454756,-0.19634492565939102,-0.9073435566130534,-0.9757905248595781,0.7362271492614899,0.9778617287135205,-0.9073819714200069,0.9073781401489708,0.9073841015332341,-0.9073711824017685,-0.9073798926960399,-0.9073819714200111,0.9073781401489703,0.9073841015332459,-0.9073711824017714,0.907381982537491,-0.47554401308292626,0.9124526481415636,-0.15742314686073866,-0.9504319960897619,-0.99445007437081,0.7254877077155687,0.9999999965736519,-0.9778661866161584,0.9778686726120631,0.9778646317514714,-0.9720001100926898,-0.9944472850414363,-0.9073461915242538,0.9365231457454767,0.9073631357397474
0.17954848625890826,-0.7383358536123702,0.45248471549582076,0.9959397800141321,-0.4524850856197367,-0.8999367912385917,0.4524683623549476,-0.8999284635395776,0.17956397366214136,0.9355127100693458,0.9959419419853842,-0.7383444256960262,-1.000000051592711,0.9355583356324709,-0.9355546582389958,-0.9355603900021803,0.9355480060074893,0.9355563349215259,0.9355583356324751,-0.9355546582389942,-0.9355603900021927,0.9355480060074913,-0.9355583526929196,0.6490629697538102,-0.9778662842051852,-0.052664120088005556,0.994448391479093,0.9504343983498749,-0.5654464890893618,-0.9778661866161584,0.9999999974882698,-0.9999992201907989,-0.9999969391798921,0.9959456844028322,0.9944474734395592,0.9355242006998347,-0.9635071177500109,-0.9355403352112324
-0.17957415940050828,0.7383544530206151,-0.45246244135639185,-0.9959448428826847,0.45246281148068673,0.899927002486333,-0.45244608843832906,0.8999186743345572,-0.17958964619241816,-0.93550511362039,-0.9959458805827918,0.7383630245510627,1.0000016754005443,-0.9355507442724171,0.9355470664989493,0.9355527988376172,-0.9355404135379818,-0.9355487433630104,-0.93555074427242,0.9355470664989473,0.9355527988376292,-0.9355404135379838,0.9355507613235706,-0.649060740063894,0.9778669655623264,0.05265989868178409,-0.9944495486821122,-0.9504372784223943,0.565450961787205,0.9778686726120631,-0.9999992201907989,0.9999999997999328,0.9999974354377142,-0.9959461044383396,-0.9944495379876374,-0.9355166054553398,0.9635017756631817,0.9355327418586447
-0.1795258925100921,0.7383199575345067,-0.45250479034082575,-0.9959370658351425,0.4525051604652101,0.8999461579577335,-0.4524884368371087,0.8999378306068283,-0.17954138065683975,-0.9355201631379815,-0.9959392279535025,0.7383285302604196,0.9999993904075892,-0.9355657842189647,0.9355621071616672,0.9355678384158336,-0.935555455575711,-0.9355637836835323,-0.9355657842189685,0.9355621071616651,0.9355678384158452,-0.9355554555757133,0.9355658012875203,-0.6490658594383302,0.9778665534929984,0.05266843874495358,-0.9944493202116085,-0.950432418257808,0.5654425219754157,0.9778646317514714,-0.9999969391798921,0.9999974354377142,0.9999999965497094,-0.9959470813947763,-0.9944474850150147,-0.9355316527268172,0.9635125963748136,0.9355477855617057
0.09034579422163498,-0.6746882755101337,0.5308550374134788,0.9838098923543513,-0.5308554862810884,-0.9355051271742209,0.5308393392289222,-0.935498453401654,0.09036154314937274,0.9634964003090035,0.9838126272512571,-0.6746976124675924,-0.9959471631174828,0.9635305775575023,-0.9635277305964488,-0.9635322051569943,0.9635226767719881,0.9635290099891575,0.9635305775575064,-0.9635277305964474,-0.9635322051570084,0.9635226767719897,-0.963530619587618,0.6533743457948428,-0.9758166851747323,-0.061558933601453106,0.9913824000732071,0.9437518608631028,-0.5556353974257103,-0.9720001100926898,0.9959456844028322,-0.9959461044383396,-0.9959470813947763,0.9999999998566846,0.9894626083618558,0.9635049240683858,-0.9836786497561602,-0.9635169336734128
0.18901094933120022,-0.7414097712773514,0.4404937605827061,0.9913711779219451,-0.44049400794821003,-0.8903090313414432,0.44050671547582415,-0.890309930381538,0.18898942402334465,0.9265725677814475,0.9913640517701812,-0.7413890848252934,-0.9944470295888062,0.9266148197428686,-0.9266110446669836,-0.9266169235530527,0.9266042020997004,0.9266127687512594,0.9266148197428722,-0.9266110446669815,-0.926616923553063,0.9266042020997017,-0.9266148339152761,0.5654423845995021,-0.950432124122917,0.05266849093700749,0.9778646880410915,0.9778648480604936,-0.6490648048324681,-0.9944472850414363,0.9944474734395592,-0.9944495379876374,-0.9944474850150147,0.9894626083618558,0.999999995290881,0.9265796693625272,-0.955317853727084,-0.9265962999953037
-0.17954498583635822,-0.4524833037112049,0.7383377923603357,0.8999310613828223,-0.7383384536834156,-0.9959424632614726,0.7383248169464446,-0.9959399161133181,-0.17952923714197103,0.9999983276457742,0.8999353646272029,-0.4524944525654567,-0.935514939782272,0.9999967621238866,-0.9999965256064715,-0.9999970401920163,0.9999964756397519,0.9999965601426201,0.9999967621238923,-0.9999965256064703,-0.9999970401920308,0.9999964756397531,-0.9999968764388885,0.6344496671502997,-0.9223213019698454,-0.08500709109281541,0.9341097807565761,0.8780433730790043,-0.4994816560914083,-0.9073461915242538,0.9355242006998347,-0.9355166054553398,-0.9355316527268172,0.9635049240683858,0.9265796693625272,0.9999999982927823,-0.9959450459853764,-0.9999978743359206
0.09032804346899784,0.5308647409548591,-0.6746787524126834,-0.9355041191479807,0.6746793477492319,0.9838086670699405,-0.6746647599106058,0.9838054693974965,0.09031217088866618,-0.9959426692196469,-0.9355079293053365,0.5308753681470023,0.9635010110115713,-0.9959519762038467,0.9959508605898155,0.9959527100213162,-0.9959491288297218,-0.9959513137029634,-0.9959519762038509,0.9959508605898142,0.9959527100213308,-0.9959491288297244,0.9959520671684255,-0.6460056288681174,0.9478653440795414,0.07781072549234268,-0.9610214066297524,-0.9073356704964329,0.5224634114683943,0.9365231457454767,-0.9635071177500109,0.9635017756631817,0.9635125963748136,-0.9836786497561602,-0.955317853727084,-0.9959450459853764,0.9999999983393062,0.9959473835933333
0.17949767188232243,0.452525668457963,-0.7383048297001007,-0.8999511956547042,0.7383054910223598,0.9959361742506897,-0.7382918539502522,0.995934750280944,0.17948192342519884,-0.9999974721603718,-0.8999554987457128,0.45253681687136244,0.9355310770801069,-0.9999959149592936,0.9999956778242006,0.999996193346181,-0.9999967508258273,-0.9999957126554664,-0.9999959149592987,0.9999956778242002,0.9999961933461955,-0.9999967508258318,0.9999960292582158,-0.6344558853692279,0.922335907189363,0.08500235872592855,-0.9341252353894688,-0.8780604431358303,0.4994953879580299,0.9073631357397474,-0.9355403352112324,0.9355327418586447,0.9355477855617057,-0.9635169336734128,-0.9265962999953037,-0.9999978743359206,0.9959473835933333,0.9999999970789518
