0.9999999975460566,-0.9999972566929696,-0.9999971195695855,0.997904132405581,0.9979037033944919,-0.9979037252627739,0.9979037799396052,-0.991633623396299,0.9916338923465529,-0.991634103807443,0.9812123896089324,-0.7737907068790915,0.7737906992643486,0.7737906807626818,-0.4826703276502477,-0.9538789331447819,0.48267058299692145,0.12229069965399379,-1.5576006095409445e-15,1.5576138572621338e-15,-1.5576163261017708e-15,-1.5576126566226981e-15,1.557603622718708e-15,1.5576191013917244e-15,1.5575985161365766e-15,1.557598516002834e-15,-1.5576063716554464e-15,-1.5576063680563906e-15,-0.13370425587199034,0.13370519903290093,-0.502701566878068,0.25563634058942947,0.7951981788681612,-0.8972356001129076,-0.9666837369629169,0.9970942502537203
-0.9999972566929696,0.9999999977218855,0.9999966595579634,-0.9979048157595717,-0.9979044337639414,0.9979038749403644,-0.9979039287087615,0.9916338038367524,-0.9916340734132554,0.9916342854141149,-0.9812125973619762,0.7737910038807861,-0.773791019933715,-0.773790966392724,0.48267077460460955,0.9538791243987501,-0.4826710357163702,-0.12229117089431006,8.169996300086062e-16,-8.170064222923207e-16,8.170088979284074e-16,8.170052712837646e-16,-8.170026514627798e-16,-8.170117337370238e-16,-8.169975216537796e-16,-8.169975215105357e-16,8.170053987231556e-16,8.170053951152639e-16,0.133704719281497,-0.13370565137407478,0.5027020097746377,-0.2556359585554869,-0.7951985420468709,0.8972355338029401,0.9666839718875102,-0.9970943145039085
-0.9999971195695855,0.9999966595579634,0.9999999975240442,-0.9979041248244056,-0.9979036710649942,0.9979036940725229,-0.997903749251025,0.9916335756164737,-0.9916338443340442,0.9916340555605684,-0.9812123267394557,0.7737905830210854,-0.7737905634798311,-0.773790562621459,0.48267011160058,0.9538788753140256,-0.4826703638061788,-0.12229045411087389,-1.1630481982511016e-15,1.1630563096562019e-15,-1.163053844352604e-15,-1.1630577522247067e-15,1.1630451893794237e-15,1.1630513166564134e-15,1.1630495804867963e-15,1.1630495806156636e-15,-1.163041736180162e-15,-1.1630417397746954e-15,0.1337040154828915,-0.13370496440942822,0.5027013553734371,-0.2556365567785022,-0.7951980241080876,0.8972356786318468,0.9666836588139769,-0.9970942631361378
0.997904132405581,-0.9979048157595717,-0.9979041248244056,0.9999999982312596,0.9916341729920543,-0.9916342265502907,0.9916342969884236,-0.9812132024657619,0.9812135207594359,-0.9812137573536768,0.9666846260411296,-0.7312106020325252,0.7312107130266893,0.731210505581996,-0.4250276754493712,-0.9324716058805332,0.4250279334866038,0.05785643836014072,2.542053483710765e-15,-2.5420416326647417e-15,2.5420392314932525e-15,2.5420431746141374e-15,-2.5420505520705073e-15,-2.5420369025910037e-15,-2.54205524844331e-15,-2.542055248645546e-15,2.5420476026858552e-15,2.542047606946527e-15,-0.069341377442384,0.06934230138674892,-0.44575050752511175,0.31761659813534554,0.7543255722477284,-0.9239108130809773,-0.948110004892498,0.9999314314376551
0.9979037033944919,-0.9979044337639414,-0.9979036710649942,0.9916341729920543,0.9999999977319874,-0.9999973813595866,0.9999968393681724,-0.9979045464684009,0.9979041901907789,-0.997904378526932,0.9916337841921814,-0.8131329063254014,0.8131328591497332,0.8131329131493996,-0.5382940976278494,-0.9712942287715147,0.5382943673545028,0.1862145873653512,-8.492271929291513e-16,8.492055295184737e-16,-8.492080833756203e-16,-8.492027284360188e-16,8.492303087468174e-16,8.492093910089782e-16,8.492247056414138e-16,8.492247055448773e-16,-8.492328258212446e-16,-8.492328228692497e-16,-0.19750895206380664,0.19750988049456988,-0.5575498919349972,0.19258486460540075,0.8327435081321011,-0.866805211801786,-0.9812125771096097,0.9900837518432631
-0.9979037252627739,0.9979038749403644,0.9979036940725229,-0.9916342265502907,-0.9999973813595866,0.9999999977098107,-0.9999974016125146,0.9979039186979838,-0.9979041377013891,0.9979043241413893,-0.9916337057328263,0.813132701963558,-0.8131326268125,-0.8131327224560966,0.5382936573295569,0.9712941848548238,-0.538293921398351,-0.1862140425334074,-8.549660894851403e-16,8.549642650562235e-16,-8.549617175289923e-16,-8.549664854958335e-16,8.549629813749994e-16,8.549598393925688e-16,8.549689047306996e-16,8.549689048168376e-16,-8.54960804621772e-16,-8.549608075641111e-16,0.19750841576392003,-0.19750935824345592,0.5575494550446388,-0.19258538084571816,-0.832743220537691,0.866805464055488,0.9812124694880977,-0.9900838678486551
0.9979037799396052,-0.9979039287087615,-0.997903749251025,0.9916342969884236,0.9999968393681724,-0.9999974016125146,0.9999999977611248,-0.9979039387731469,0.997904155991458,-0.9979043414224417,0.9916337114573119,-0.813132637396271,0.8131325481868723,0.8131326647531669,-0.538293460834825,-0.9712942081787784,0.5382937216400355,0.1862137778010734,-2.528414223692043e-15,2.5284179879903107e-15,-2.5284205322055988e-15,-2.5284159143834777e-15,2.5284173277693994e-15,2.5284225518694088e-15,2.5284111652388554e-15,2.5284111651580386e-15,-2.5284192548462647e-15,-2.528419251908875e-15,-0.19750815720273418,0.19750910722840684,-0.5575492638925904,0.1925856469671542,0.8327431164613965,-0.8668056279849345,-0.9812124606136234,0.9900839711213062
-0.991633623396299,0.9916338038367524,0.9916335756164737,-0.9812132024657619,-0.9979045464684009,0.9979039186979838,-0.9979039387731469,0.9999999979534496,-0.9999978862985774,0.9999974743401264,-0.9979048352099951,0.84907145679132,-0.8490713855058518,-0.8490714890540636,0.5916648351571618,0.9846437108340038,-0.591665120535138,-0.24935931427466687,-4.253758735813741e-15,4.25375964013687e-15,-4.253757007935807e-15,-4.253762495261062e-15,4.2537555255072864e-15,4.253755632321726e-15,4.2537614848566234e-15,4.253761484920812e-15,-4.2537531212700104e-15,-4.253753123567465e-15,0.2604872022947326,-0.26048810545936935,0.6100645798910462,-0.1287269066178379,-0.8668031507637723,0.8327462157314233,0.9916341319361014,-0.9789286867968781
0.9916338923465529,-0.9916340734132554,-0.9916338443340442,0.9812135207594359,0.9979041901907789,-0.9979041377013891,0.997904155991458,-0.9999978862985774,0.9999999982045302,-0.9999982232319677,0.9979043995782443,-0.8490714009812327,0.8490712997317752,0.8490714480981884,-0.5916644391578813,-0.9846438921257731,0.5916647219548621,0.24935869664196728,2.8625466102641175e-15,-2.8625412934263636e-15,2.862538665650109e-15,2.8625430801016207e-15,-2.862543405344277e-15,-2.8625362286741387e-15,-2.8625490580158757e-15,-2.8625490580703635e-15,2.8625407084590798e-15,2.8625407107475163e-15,-0.26048658701329075,0.26048750337547144,-0.610064173627207,0.1287276045952991,0.8668029963367163,-0.8327467599079577,-0.9916342396723319,0.9789290789411252
-0.991634103807443,0.9916342854141149,0.9916340555605684,-0.9812137573536768,-0.997904378526932,0.9979043241413893,-0.9979043414224417,0.9999974743401264,-0.9999982232319677,0.9999999984366074,-0.9979045481471304,0.8490714360101778,-0.8490713195515794,-0.8490714906766231,0.5916642792788714,0.9846440600424786,-0.5916645604721916,-0.24935839688767203,2.0605769402958913e-15,-2.0605763358235573e-15,2.0605789613618175e-15,2.0605741346595883e-15,-2.0605801424913024e-15,-2.0605809802645937e-15,-2.0605743972047852e-15,-2.060574397155263e-15,2.060582739665558e-15,2.0605827373817477e-15,0.26048629020455044,-0.2604872137420218,0.6100640120358902,-0.12872797345210896,-0.8668029837187186,0.8327471017567605,0.9916343701126266,-0.9789293546389234
0.9812123896089324,-0.9812125973619762,-0.9812123267394557,0.9666846260411296,0.9916337841921814,-0.9916337057328263,0.9916337114573119,-0.9979048352099951,0.9979043995782443,-0.9979045481471304,0.9999999982234605,-0.8814560188271983,0.8814559709716302,0.8814560527427174,-0.6425595186370532,-0.9938714089947482,0.6425598195064347,0.3114611282998792,1.788180761361888e-15,-1.7881685777349124e-15,1.7881658745894338e-15,1.7881704035837402e-15,-1.7881774656024734e-15,-1.788163359593701e-15,-1.7881831333850542e-15,-1.7881831334309107e-15,1.7881745499280768e-15,1.7881745515746488e-15,-0.32237597207675767,0.32237682617873137,-0.6600262347434555,0.0643291471900715,0.897234752523221,-0.7952007487256355,-0.9979053383121974,0.9636754715142719
-0.7737907068790915,0.7737910038807861,0.7737905830210854,-0.7312106020325252,-0.8131329063254014,0.813132701963558,-0.813132637396271,0.84907145679132,-0.8490714009812327,0.8490714360101778,-0.8814560188271983,0.9999999973025446,-0.999997166497799,-0.9999967009929298,0.9282518919051627,0.9282518512583434,-0.9282520559389492,-0.7233112971029321,1.4126183668412378e-16,-1.4127663293292954e-16,1.4127932390744742e-16,1.4127543235397653e-16,-1.4126511011319372e-16,-1.4128241729294249e-16,-1.412596579383432e-16,-1.4125965803840232e-16,1.4126816401443644e-16,1.412681673466721e-16,0.7312104313832803,-0.73121080043477,0.9365686950630451,0.4145811386364158,-0.9994025956594371,0.41458208512352246,0.9101508200988894,-0.7233116650819482
0.7737906992643486,-0.773791019933715,-0.7737905634798311,0.7312107130266893,0.8131328591497332,-0.8131326268125,0.8131325481868723,-0.8490713855058518,0.8490712997317752,-0.8490713195515794,0.8814559709716302,-0.999997166497799,0.9999999977871151,0.9999965276443779,-0.928252631278295,-0.9282527421357225,0.928252247583937,0.7233112430512766,1.671324712362515e-15,-1.6713185802546115e-15,1.6713158795953539e-15,1.6713207204275048e-15,-1.6713214271295415e-15,-1.6713137102809103e-15,-1.6713273061637534e-15,-1.6713273060561368e-15,1.6713187693765488e-15,1.6713187660371465e-15,-0.7312102750043145,0.7312106453625408,-0.9365685949464067,-0.414580917612486,0.9994025384377525,-0.4145823547850973,-0.9101508146206858,0.723311949397552
0.7737906807626818,-0.773790966392724,-0.773790562621459,0.731210505581996,0.8131329131493996,-0.8131327224560966,0.8131326647531669,-0.8490714890540636,0.8490714480981884,-0.8490714906766231,0.8814560527427174,-0.9999967009929298,0.9999965276443779,0.9999999971568743,-0.9282519563352916,-0.9282517244975141,0.9282521040011881,0.7233115009427743,-8.681959883884599e-16,8.681777111493655e-16,-8.681803973088527e-16,-8.681752965407116e-16,8.681992559487888e-16,8.681822689469744e-16,8.681933298535431e-16,8.681933299496633e-16,-8.682018206608339e-16,-8.682018239893363e-16,-0.731210689052857,0.7312110583668083,-0.9365688950614889,-0.4145814338527131,0.9994027193003071,-0.4145818426109813,-0.9101508457607835,0.7233114820595562
-0.4826703276502477,0.48267077460460955,0.48267011160058,-0.4250276754493712,-0.5382940976278494,0.5382936573295569,-0.538293460834825,0.5916648351571618,-0.5916644391578813,0.5916642792788714,-0.6425595186370532,0.9282518919051627,-0.928252631278295,-0.9282519563352916,0.9999999981579095,0.7233118407460555,-0.9999981483529301,-0.9282529138707096,3.3758150879533262e-15,-3.3758143213472608e-15,3.3758165500343288e-15,3.3758132744552656e-15,-3.3758177931374936e-15,-3.37581903779079e-15,-3.3758130474844864e-15,-3.3758130477782823e-15,3.375820061566535e-15,3.3758200683592163e-15,0.93247173797267,-0.9324717287379574,0.9997334306384306,0.7233104726050681,-0.9148589453646697,0.04636455780656186,0.6907645762041316,-0.4145830986396318
-0.9538789331447819,0.9538791243987501,0.9538788753140256,-0.9324716058805332,-0.9712942287715147,0.9712941848548238,-0.9712942081787784,0.9846437108340038,-0.9846438921257731,0.9846440600424786,-0.9938714089947482,0.9282518512583434,-0.9282527421357225,-0.9282517244975141,0.7233118407460555,0.9999999981140352,-0.7233120901129896,-0.4145822765637701,-4.509280574819754e-15,4.509286681562676e-15,-4.5092839000990816e-15,-4.509289025958054e-15,4.5092771853767035e-15,4.5092817843814655e-15,4.509282959716825e-15,4.509282959797062e-15,-4.509274136742826e-15,-4.5092741373228065e-15,0.4250273987385859,-0.42502808683795656,0.7390151950019606,0.04636329271663775,-0.9405412526141976,0.7233112611584318,0.9989387231613525,-0.928252933631321
0.48267058299692145,-0.4826710357163702,-0.4826703638061788,0.4250279334866038,0.5382943673545028,-0.538293921398351,0.5382937216400355,-0.591665120535138,0.5916647219548621,-0.5916645604721916,0.6425598195064347,-0.9282520559389492,0.928252247583937,0.9282521040011881,-0.9999981483529301,-0.7233120901129896,0.9999999983693447,0.9282524492308003,1.927335334538535e-15,-1.9273392304760097e-15,1.9273370147354492e-15,1.9273407713173604e-15,-1.927332645131353e-15,-1.9273350416779943e-15,-1.9273375910599552e-15,-1.9273375907718404e-15,1.9273306180327237e-15,1.9273306112453155e-15,-0.9324719336142386,0.9324719138681179,-0.9997337112778574,-0.7233105186190841,0.9148592709267929,-0.04636474498709946,-0.6907648863568304,0.4145833495483386
0.12229069965399379,-0.12229117089431006,-0.12229045411087389,0.05785643836014072,0.1862145873653512,-0.1862140425334074,0.1862137778010734,-0.24935931427466687,0.24935869664196728,-0.24935839688767203,0.3114611282998792,-0.7233112971029321,0.7233112430512766,0.7233115009427743,-0.9282529138707096,-0.4145822765637701,0.9282524492308003,0.9999999985775581,-2.0863578712682756e-15,2.086379491067046e-15,-2.086380960360154e-15,-2.0863795528103863e-15,2.0863596476840277e-15,2.0863833266087252e-15,2.086356572860345e-15,2.086356573307103e-15,-2.086361160442912e-15,-2.0863611697223825e-15,-0.99993213749168,0.999931765115614,-0.9194454482865373,-0.9282526525950531,0.699041006326789,0.32850687683187385,-0.3722593765107607,0.04636459574301084
-1.5576006095409445e-15,8.169996300086062e-16,-1.1630481982511016e-15,2.542053483710765e-15,-8.492271929291513e-16,-8.549660894851403e-16,-2.528414223692043e-15,-4.253758735813741e-15,2.8625466102641175e-15,2.0605769402958913e-15,1.788180761361888e-15,1.4126183668412378e-16,1.671324712362515e-15,-8.681959883884599e-16,3.3758150879533262e-15,-4.509280574819754e-15,1.927335334538535e-15,-2.0863578712682756e-15,1.0000000049191493,-1.0000073183911338,1.0000067397677646,1.000006738689923,-1.000006901837795,-1.000006738689922,-1.0000068877968844,-1.0000068877968855,1.00000688779689,1.0000068877968868,-1.027430586355249e-15,-4.053147945648694e-15,-7.791350810384041e-16,1.0211871689967066e-15,3.6471356013890195e-15,-1.919760767173004e-15,2.4159816062722685e-15,2.1034017031757153e-15
1.5576138572621338e-15,-8.170064222923207e-16,1.1630563096562019e-15,-2.5420416326647417e-15,8.492055295184737e-16,8.549642650562235e-16,2.5284179879903107e-15,4.25375964013687e-15,-2.8625412934263636e-15,-2.0605763358235573e-15,-1.7881685777349124e-15,-1.4127663293292954e-16,-1.6713185802546115e-15,8.681777111493655e-16,-3.3758143213472608e-15,4.509286681562676e-15,-1.9273392304760097e-15,2.086379491067046e-15,-1.0000073183911338,1.000000004688095,-1.0000071563125532,-1.0000071552441077,1.0000067397677592,1.000006576620737,1.0000067257316474,1.00000672573165,-1.0000067257316534,-1.0000067257316505,1.027430772835441e-15,4.053121744715655e-15,7.791098368696343e-16,-1.0211916246018337e-15,-3.647141088462031e-15,1.9197538611457023e-15,-2.415959230335206e-15,-2.1033983369530635e-15
-1.5576163261017708e-15,8.170088979284074e-16,-1.163053844352604e-15,2.5420392314932525e-15,-8.492080833756203e-16,-8.549617175289923e-16,-2.5284205322055988e-15,-4.253757007935807e-15,2.862538665650109e-15,2.0605789613618175e-15,1.7881658745894338e-15,1.4127932390744742e-16,1.6713158795953539e-15,-8.681803973088527e-16,3.3758165500343288e-15,-4.5092839000990816e-15,1.9273370147354492e-15,-2.086380960360154e-15,1.0000067397677646,-1.0000071563125532,1.000000004688095,1.0000065766207378,-1.0000073183911247,-1.0000071552441,-1.0000067257316467,-1.000006725731648,1.0000067257316516,1.0000067257316487,-1.027429224900591e-15,-4.053123303315329e-15,-7.791074718801071e-16,1.0211921507526653e-15,3.647138297316336e-15,-1.9197521638075887e-15,2.4159619882354356e-15,2.1033959067430854e-15
-1.5576126566226981e-15,8.170052712837646e-16,-1.1630577522247067e-15,2.5420431746141374e-15,-8.492027284360188e-16,-8.549664854958335e-16,-2.5284159143834777e-15,-4.253762495261062e-15,2.8625430801016207e-15,2.0605741346595883e-15,1.7881704035837402e-15,1.4127543235397653e-16,1.6713207204275048e-15,-8.681752965407116e-16,3.3758132744552656e-15,-4.509289025958054e-15,1.9273407713173604e-15,-2.0863795528103863e-15,1.000006738689923,-1.0000071552441077,1.0000065766207378,1.0000000046865745,-1.0000067386899154,-1.0000065755533507,-1.0000073032784114,-1.000007303278411,1.00000672465505,1.0000067246550481,-1.0274319476068828e-15,-4.0531197658362485e-15,-7.791112539261456e-16,1.0211922301631407e-15,3.647143416177688e-15,-1.9197547243155752e-15,2.4159560081571364e-15,2.1033996726446537e-15
1.557603622718708e-15,-8.170026514627798e-16,1.1630451893794237e-15,-2.5420505520705073e-15,8.492303087468174e-16,8.549629813749994e-16,2.5284173277693994e-15,4.2537555255072864e-15,-2.862543405344277e-15,-2.0605801424913024e-15,-1.7881774656024734e-15,-1.4126511011319372e-16,-1.6713214271295415e-15,8.681992559487888e-16,-3.3758177931374936e-15,4.5092771853767035e-15,-1.927332645131353e-15,2.0863596476840277e-15,-1.000006901837795,1.0000067397677592,-1.0000073183911247,-1.0000067386899154,1.0000000049191493,1.0000067386899143,1.000006887796875,1.0000068877968782,-1.0000068877968809,-1.000006887796879,1.0274287140382518e-15,4.053149830961221e-15,7.791322094957304e-16,-1.0211877947384998e-15,-3.647132205371984e-15,1.9197586881510214e-15,-2.415984967747796e-15,-2.103398736015194e-15
1.5576191013917244e-15,-8.170117337370238e-16,1.1630513166564134e-15,-2.5420369025910037e-15,8.492093910089782e-16,8.549598393925688e-16,2.5284225518694088e-15,4.253755632321726e-15,-2.8625362286741387e-15,-2.0605809802645937e-15,-1.788163359593701e-15,-1.4128241729294249e-16,-1.6713137102809103e-15,8.681822689469744e-16,-3.37581903779079e-15,4.5092817843814655e-15,-1.9273350416779943e-15,2.0863833266087252e-15,-1.000006738689922,1.000006576620737,-1.0000071552441,-1.0000065755533507,1.0000067386899143,1.0000000046865745,1.0000067246550446,1.0000067246550473,-1.0000073032784147,-1.0000073032784096,1.0274279688368942e-15,4.0531237723632545e-15,7.791051348523316e-16,-1.0211935433987002e-15,-3.647136168661774e-15,1.9197502660972894e-15,-2.415963191024591e-15,-2.1033933244748867e-15
1.5575985161365766e-15,-8.169975216537796e-16,1.1630495804867963e-15,-2.54205524844331e-15,8.492247056414138e-16,8.549689047306996e-16,2.5284111652388554e-15,4.2537614848566234e-15,-2.8625490580158757e-15,-2.0605743972047852e-15,-1.7881831333850542e-15,-1.412596579383432e-16,-1.6713273061637534e-15,8.681933298535431e-16,-3.3758130474844864e-15,4.509282959716825e-15,-1.9273375910599552e-15,2.086356572860345e-15,-1.0000068877968844,1.0000067257316474,-1.0000067257316467,-1.0000073032784114,1.000006887796875,1.0000067246550446,1.0000000048991342,1.0000068737564378,-1.0000068737564412,-1.0000068737564387,1.027431414933289e-15,4.0531467745704295e-15,7.791372010409573e-16,-1.0211868790687157e-15,-3.64713781863286e-15,1.919761935372219e-15,-2.4159793972170683e-15,-2.103403728247938e-15
1.557598516002834e-15,-8.169975215105357e-16,1.1630495806156636e-15,-2.542055248645546e-15,8.492247055448773e-16,8.549689048168376e-16,2.5284111651580386e-15,4.253761484920812e-15,-2.8625490580703635e-15,-2.060574397155263e-15,-1.7881831334309107e-15,-1.4125965803840232e-16,-1.6713273060561368e-15,8.681933299496633e-16,-3.3758130477782823e-15,4.509282959797062e-15,-1.9273375907718404e-15,2.086356573307103e-15,-1.0000068877968855,1.00000672573165,-1.000006725731648,-1.000007303278411,1.0000068877968782,1.0000067246550473,1.0000068737564378,1.0000000048991342,-1.0000068737564431,-1.0000068737564398,1.0274314144819085e-15,4.053146775024387e-15,7.791372007176482e-16,-1.021186879598376e-15,-3.647137818477444e-15,1.9197619357742357e-15,-2.415979397185905e-15,-2.103403728504234e-15
-1.5576063716554464e-15,8.170053987231556e-16,-1.163041736180162e-15,2.5420476026858552e-15,-8.492328258212446e-16,-8.54960804621772e-16,-2.5284192548462647e-15,-4.2537531212700104e-15,2.8625407084590798e-15,2.060582739665558e-15,1.7881745499280768e-15,1.4126816401443644e-16,1.6713187693765488e-15,-8.682018206608339e-16,3.375820061566535e-15,-4.509274136742826e-15,1.9273306180327237e-15,-2.086361160442912e-15,1.00000688779689,-1.0000067257316534,1.0000067257316516,1.00000672465505,-1.0000068877968809,-1.0000073032784147,-1.0000068737564412,-1.0000068737564431,1.0000000048991342,1.0000068737564436,-1.027426577558424e-15,-4.053151645765272e-15,-7.791297533424132e-16,1.0211884677539675e-15,3.647128992286296e-15,-1.9197564957629114e-15,2.4159881491568015e-15,2.1033959895685958e-15
-1.5576063680563906e-15,8.170053951152639e-16,-1.1630417397746954e-15,2.542047606946527e-15,-8.492328228692497e-16,-8.549608075641111e-16,-2.528419251908875e-15,-4.253753123567465e-15,2.8625407107475163e-15,2.0605827373817477e-15,1.7881745515746488e-15,1.412681673466721e-16,1.6713187660371465e-15,-8.682018239893363e-16,3.3758200683592163e-15,-4.5092741373228065e-15,1.9273306112453155e-15,-2.0863611697223825e-15,1.0000068877968868,-1.0000067257316505,1.0000067257316487,1.0000067246550481,-1.000006887796879,-1.0000073032784096,-1.0000068737564387,-1.0000068737564398,1.0000068737564436,1.0000000048991342,-1.0274265683279981e-15,-4.05315165499804e-15,-7.791297466978216e-16,1.0211884781829234e-15,3.647128989229976e-15,-1.9197565033868217e-15,2.415988148164468e-15,2.103395993984342e-15
-0.13370425587199034,0.133704719281497,0.1337040154828915,-0.069341377442384,-0.19750895206380664,0.19750841576392003,-0.19750815720273418,0.2604872022947326,-0.26048658701329075,0.26048629020455044,-0.32237597207675767,0.7312104313832803,-0.7312102750043145,-0.731210689052857,0.93247173797267,0.4250273987385859,-0.9324719336142386,-0.99993213749168,-1.027430586355249e-15,1.027430772835441e-15,-1.027429224900591e-15,-1.0274319476068828e-15,1.0274287140382518e-15,1.0274279688368942e-15,1.027431414933289e-15,1.0274314144819085e-15,-1.027426577558424e-15,-1.0274265683279981e-15,0.9999999988238836,-0.9999985566202363,0.9239095348757523,0.9239103330798247,-0.7072236758587326,-0.31761574017939204,0.38291551890879266,-0.05785717783244529
0.13370519903290093,-0.13370565137407478,-0.13370496440942822,0.06934230138674892,0.19750988049456988,-0.19750935824345592,0.19750910722840684,-0.26048810545936935,0.26048750337547144,-0.2604872137420218,0.32237682617873137,-0.73121080043477,0.7312106453625408,0.7312110583668083,-0.9324717287379574,-0.42502808683795656,0.9324719138681179,0.999931765115614,-4.053147945648694e-15,4.053121744715655e-15,-4.053123303315329e-15,-4.0531197658362485e-15,4.053149830961221e-15,4.0531237723632545e-15,4.0531467745704295e-15,4.053146775024387e-15,-4.053151645765272e-15,-4.05315165499804e-15,-0.9999985566202363,0.9999999983106451,-0.9239101838369198,-0.9239102467559995,0.7072241553032131,0.3176147810469272,-0.3829163135586659,0.057858074618928626
-0.502701566878068,0.5027020097746377,0.5027013553734371,-0.44575050752511175,-0.5575498919349972,0.5575494550446388,-0.5575492638925904,0.6100645798910462,-0.610064173627207,0.6100640120358902,-0.6600262347434555,0.9365686950630451,-0.9365685949464067,-0.9365688950614889,0.9997334306384306,0.7390151950019606,-0.9997337112778574,-0.9194454482865373,-7.791350810384041e-16,7.791098368696343e-16,-7.791074718801071e-16,-7.791112539261456e-16,7.791322094957304e-16,7.791051348523316e-16,7.791372010409573e-16,7.791372007176482e-16,-7.791297533424132e-16,-7.791297466978216e-16,0.9239095348757523,-0.9239101838369198,0.9999999987114778,0.7072244876408481,-0.9239108879789042,0.06934562108897158,0.7072252019276997,-0.4354201314905597
0.25563634058942947,-0.2556359585554869,-0.2556365567785022,0.31761659813534554,0.19258486460540075,-0.19258538084571816,0.1925856469671542,-0.1287269066178379,0.1287276045952991,-0.12872797345210896,0.0643291471900715,0.4145811386364158,-0.414580917612486,-0.4145814338527131,0.7233104726050681,0.04636329271663775,-0.7233105186190841,-0.9282526525950531,1.0211871689967066e-15,-1.0211916246018337e-15,1.0211921507526653e-15,1.0211922301631407e-15,-1.0211877947384998e-15,-1.0211935433987002e-15,-1.0211868790687157e-15,-1.021186879598376e-15,1.0211884677539675e-15,1.0211884781829234e-15,0.9239103330798247,-0.9239102467559995,0.7072244876408481,0.9999999979086835,-0.38291641860403375,-0.6562408651740582,0.00033814153218244733,0.3285069963822254
0.7951981788681612,-0.7951985420468709,-0.7951980241080876,0.7543255722477284,0.8327435081321011,-0.832743220537691,0.8327431164613965,-0.8668031507637723,0.8668029963367163,-0.8668029837187186,0.897234752523221,-0.9994025956594371,0.9994025384377525,0.9994027193003071,-0.9148589453646697,-0.9405412526141976,0.9148592709267929,0.699041006326789,3.6471356013890195e-15,-3.647141088462031e-15,3.647138297316336e-15,3.647143416177688e-15,-3.647132205371984e-15,-3.647136168661774e-15,-3.64713781863286e-15,-3.647137818477444e-15,3.647128992286296e-15,3.647128989229976e-15,-0.7072236758587326,0.7072241553032131,-0.9239108879789042,-0.38291641860403375,0.9999999990551708,-0.44575292496707175,-0.9239112092239405,0.7467211420542048
-0.8972356001129076,0.8972355338029401,0.8972356786318468,-0.9239108130809773,-0.866805211801786,0.866805464055488,-0.8668056279849345,0.8327462157314233,-0.8327467599079577,0.8327471017567605,-0.7952007487256355,0.41458208512352246,-0.4145823547850973,-0.4145818426109813,0.04636455780656186,0.7233112611584318,-0.04636474498709946,0.32850687683187385,-1.919760767173004e-15,1.9197538611457023e-15,-1.9197521638075887e-15,-1.9197547243155752e-15,1.9197586881510214e-15,1.9197502660972894e-15,1.919761935372219e-15,1.9197619357742357e-15,-1.9197564957629114e-15,-1.9197565033868217e-15,-0.31761574017939204,0.3176147810469272,0.06934562108897158,-0.6562408651740582,-0.44575292496707175,0.9999999977499301,0.7543264014820408,-0.9282523036181574
-0.9666837369629169,0.9666839718875102,0.9666836588139769,-0.948110004892498,-0.9812125771096097,0.9812124694880977,-0.9812124606136234,0.9916341319361014,-0.9916342396723319,0.9916343701126266,-0.9979053383121974,0.9101508200988894,-0.9101508146206858,-0.9101508457607835,0.6907645762041316,0.9989387231613525,-0.6907648863568304,-0.3722593765107607,2.4159816062722685e-15,-2.415959230335206e-15,2.4159619882354356e-15,2.4159560081571364e-15,-2.415984967747796e-15,-2.415963191024591e-15,-2.4159793972170683e-15,-2.415979397185905e-15,2.4159881491568015e-15,2.415988148164468e-15,0.38291551890879266,-0.3829163135586659,0.7072252019276997,0.00033814153218244733,-0.9239112092239405,0.7543264014820408,0.999999998690195,-0.9443882049935782
0.9970942502537203,-0.9970943145039085,-0.9970942631361378,0.9999314314376551,0.9900837518432631,-0.9900838678486551,0.9900839711213062,-0.9789286867968781,0.9789290789411252,-0.9789293546389234,0.9636754715142719,-0.7233116650819482,0.723311949397552,0.7233114820595562,-0.4145830986396318,-0.928252933631321,0.4145833495483386,0.04636459574301084,2.1034017031757153e-15,-2.1033983369530635e-15,2.1033959067430854e-15,2.1033996726446537e-15,-2.103398736015194e-15,-2.1033933244748867e-15,-2.103403728247938e-15,-2.103403728504234e-15,2.1033959895685958e-15,2.103395993984342e-15,-0.05785717783244529,0.057858074618928626,-0.4354201314905597,0.3285069963822254,0.7467211420542048,-0.9282523036181574,-0.9443882049935782,0.99999999805906
