1.0000000046456243,-1.0000053573498535,-1.0000063526818608,1.0000046939229346,1.0000043599292907,1.0000078692775924,-1.00000771815178,1.0000078692775942,1.0000057823651711,-0.9999976831979358,1.0000018573187837,0.9999951147128247,-1.00000393765008,-1.0000033840587295,-0.9999948402542108,0.9999965708460474,-0.9999995394744221,1.000002282228636,-1.000002713117754,1.000003151728645,1.000003183692803,-1.0000022812764944,-1.0000034257514416,-1.0000041417152823,1.0000042071944923,1.0000042071944917,-1.0000042886109528,1.0000027288425979
-1.0000053573498535,1.0000000033887066,1.0000057364625494,-1.0000035509595422,-1.0000032166448722,-1.0000069884523604,1.000006837733032,-1.0000069884523617,-1.0000049034534366,0.9999968032072205,-1.000000978951654,-0.9999942321770816,1.0000030595676541,1.0000025061838906,0.9999939545212279,-0.9999956813566154,0.9999986458076366,-1.0000013841359379,1.0000018356880678,-1.000002274002408,-1.0000023060022616,1.0000014032915387,1.0000025478004777,1.000003239427871,-1.0000033036160554,-1.000003303616055,1.0000034101404331,-1.000001850544245
-1.0000063526818608,1.0000057364625494,1.0000000048102615,-1.0000048075782035,-1.0000044736998883,-1.000007984599911,1.0000078333738947,-1.0000079845999115,-1.0000058966802123,0.9999977981569065,-1.0000019712740809,-0.9999952314312103,1.000004051437639,1.0000034976328849,0.9999949592817444,-0.9999966926089842,0.9999996642740746,-1.0000024102295795,1.0000028262433982,-1.0000032651242043,-1.0000032970481711,1.0000023947040801,1.0000035391788218,1.0000042726224017,-1.0000043388694018,-1.0000043388694009,1.0000044024428794,-1.0000028424483256
1.0000046939229346,-1.0000035509595422,-1.0000048075782035,1.0000000020640585,1.0000025544944873,1.0000060598222074,-1.000005909419045,1.0000060598222067,1.0000039762065835,-0.9999958747113609,1.0000000518988865,0.9999933016213866,-1.000002132851974,-1.0000013147066562,-0.9999930215155535,0.9999947455566596,-0.9999977069401702,1.0000004420127209,-1.0000009093659643,1.0000013474907314,1.0000013794965652,-1.000000476542752,-1.0000016210979787,-1.0000022941663766,1.0000023573586672,1.0000023573586663,-1.0000024831366563,1.0000009235796428
1.0000043599292907,-1.0000032166448722,-1.0000044736998883,1.0000025544944873,1.0000000015859627,1.000005725896347,-1.0000055755504589,1.000005725896348,1.000003641955826,-0.9999955418450348,0.9999997179177371,0.9999929703418509,-1.0000017984832348,-1.0000012451067433,-0.9999926921311976,0.999994418292702,-0.9999973819354221,1.000000119313911,-1.0000005745034246,1.0000010128160461,1.0000010448138092,-1.0000001418010027,-1.0000010214964232,-1.0000019735444894,1.0000020372461085,1.0000020372461071,-1.0000021485622366,1.0000005888982348
1.0000078692775924,-1.0000069884523604,-1.000007984599911,1.0000060598222074,1.000005725896347,1.0000000065987416,-1.0000088201451856,1.0000092362673738,1.0000071486289954,-0.9999990500494897,1.0000032234168272,0.9999964827388925,-1.000005303594188,-1.0000047498820661,-0.999996209767558,0.9999979420877739,-1.0000009126113274,1.000003657344238,-1.000004078675147,1.000004517425706,1.0000045493683958,-1.0000036470250986,-1.000004791503987,-1.0000055186138628,1.000005584636443,1.0000055846364413,-1.0000056546107583,1.0000040947074054
-1.00000771815178,1.000006837733032,1.0000078333738947,-1.000005909419045,-1.0000055755504589,-1.0000088201451856,1.0000000063825536,-1.0000088201451856,-1.0000067329060784,0.9999988984024637,-1.0000030725779738,-0.9999963297190871,1.000005152970327,1.000004599434322,0.9999960549402813,-0.9999977851409886,1.000000753357677,-1.0000034957355235,1.0000039286803992,-1.0000043672060612,-1.000004399184841,1.000003496926204,1.000004641377426,1.0000053549743644,-1.0000054205265925,-1.000005420526591,1.0000055041932818,-1.0000039445261368
1.0000078692775942,-1.0000069884523617,-1.0000079845999115,1.0000060598222067,1.000005725896348,1.0000092362673738,-1.0000088201451856,1.0000000065987416,1.000007148628996,-0.9999990500494912,1.0000032234168303,0.9999964827388945,-1.0000053035941894,-1.0000047498820661,-0.9999962097675587,0.999997942087774,-1.0000009126113276,1.000003657344239,-1.0000040786751463,1.0000045174257068,1.0000045493683969,-1.000003647025098,-1.0000047915039891,-1.0000055186138632,1.0000055846364424,1.0000055846364428,-1.0000056546107594,1.0000040947074051
1.0000057823651711,-1.0000049034534366,-1.0000058966802123,1.0000039762065835,1.000003641955826,1.0000071486289954,-1.0000067329060784,1.000007148628996,1.0000000036176184,-0.9999969628179233,1.0000011389938894,0.9999943910391101,-1.0000029549025777,-1.0000026664668742,-0.999994112413404,0.99999583813502,-0.9999988013891872,1.0000015384942493,-1.00000199625267,1.0000024344295342,1.000002466444139,-1.0000015638412918,-1.0000027083383092,-1.0000033927521124,1.0000034567757112,1.0000034567757106,-1.000003305704053,1.0000020110850785
-0.9999976831979358,0.9999968032072205,0.9999977981569065,-0.9999958747113609,-0.9999955418450348,-0.9999990500494897,0.9999988984024637,-0.9999990500494912,-0.9999969628179233,0.9999999920314822,-0.9999927665487282,-0.9999860006938635,0.9999951165801314,0.9999945629551402,0.9999859776396058,-0.9999876942087866,0.9999906488060157,-0.9999933781961876,0.9999938949881677,-0.9999943328547183,-0.9999943647137219,0.9999934633528956,0.9999946077384689,0.9999952261496857,-0.9999952882798783,-0.9999952882798778,0.9999954704788474,-0.9999939110542778
1.0000018573187837,-1.000000978951654,-1.0000019712740809,1.0000000518988865,0.9999997179177371,1.0000032234168272,-1.0000030725779738,1.0000032234168303,1.0000011389938894,-0.9999927665487282,0.999999998008249,0.9999904542349551,-0.9999990299873329,-0.9999984767040403,-0.9999901697265422,0.9999918892329852,-0.9999948461652869,0.9999975771182021,-0.9999980725103914,0.9999985103638868,0.999998542339265,-0.9999976399697044,-0.9999987844570554,-0.9999994259068463,0.9999994882458054,0.9999994882458045,-0.9999996465145591,0.9999980871560616
0.9999951147128247,-0.9999942321770816,-0.9999952314312103,0.9999933016213866,0.9999929703418509,0.9999964827388925,-0.9999963297190871,0.9999964827388945,0.9999943910391101,-0.9999860006938635,0.9999904542349551,0.9999999883413581,-0.9999925420345549,-0.9999919880563252,-0.9999831259734032,0.9999851053248736,-0.9999880586496087,0.999990787779459,-0.9999913213599788,0.9999917592513776,0.999991790998071,-0.9999908911282799,-0.9999920353348491,-0.9999926364250078,0.9999926990261924,0.999992699026192,-0.9999928989652331,0.9999913395933542
-1.00000393765008,1.0000030595676541,1.000004051437639,-1.000002132851974,-1.0000017984832348,-1.000005303594188,1.000005152970327,-1.0000053035941894,-1.0000029549025777,0.9999951165801314,-0.9999990299873329,-0.9999925420345549,1.0000000009832488,1.0000008230809836,0.9999922601964315,-0.9999939823443925,0.9999969417836463,-0.9999996749781024,1.0000001533849088,-1.0000003264753228,-1.000000623351095,0.9999997206336989,1.0000008651523569,1.0000015256094519,-1.0000015884988733,-1.0000015884988713,1.0000017270745696,-1.0000001676972252
-1.0000033840587295,1.0000025061838906,1.0000034976328849,-1.0000013147066562,-1.0000012451067433,-1.0000047498820661,1.000004599434322,-1.0000047498820661,-1.0000026664668742,0.9999945629551402,-0.9999984767040403,-0.9999919880563252,1.0000008230809836,1.0000000001927856,0.9999917058652731,-0.9999934276353739,0.9999963866692305,-0.9999991194393318,0.9999996001386997,-1.0000000381023257,-0.9999998052558281,0.9999991672818455,1.0000003118163696,1.0000009696036392,-1.0000010322462423,-1.0000010322462407,1.0000011737134944,-0.999999614289449
-0.9999948402542108,0.9999939545212279,0.9999949592817444,-0.9999930215155535,-0.9999926921311976,-0.999996209767558,0.9999960549402813,-0.9999962097675587,-0.999994112413404,0.9999859776396058,-0.9999901697265422,-0.9999831259734032,0.9999922601964315,0.9999917058652731,0.9999999879245006,-0.9999845461245527,0.9999877637032651,-0.999990493383832,0.9999910405673085,-0.9999914784712971,-0.999991510111238,0.9999906120742175,0.9999917560522354,0.9999923436765465,-0.9999924072340097,-0.9999924072340091,0.9999926207104374,-0.9999910614729204
0.9999965708460474,-0.9999956813566154,-0.9999966926089842,0.9999947455566596,0.999994418292702,0.9999979420877739,-0.9999977851409886,0.999997942087774,0.99999583813502,-0.9999876942087866,0.9999918892329852,0.9999851053248736,-0.9999939823443925,-0.9999934276353739,-0.9999845461245527,0.999999990371601,-0.9999892113945699,0.9999922074945666,-0.9999927637498662,0.9999932016929227,0.9999932332281507,-0.9999923372677981,-0.9999934809804146,-0.9999940604970914,0.9999941254555504,0.9999941254555497,-0.9999943468071143,0.9999927877359843
-0.9999995394744221,0.9999986458076366,0.9999996642740746,-0.9999977069401702,-0.9999973819354221,-1.0000009126113274,1.000000753357677,-1.0000009126113276,-0.9999988013891872,0.9999906488060157,-0.9999948461652869,-0.9999880586496087,0.9999969417836463,0.9999963866692305,0.9999877637032651,-0.9999892113945699,0.9999999945920427,-0.9999948997642567,0.9999957241097981,-0.9999961621495014,-0.9999961935818408,0.9999952998387986,0.9999964432606255,0.999997021496929,-0.9999970882626471,-0.9999970882626456,0.9999973103745157,-0.9999957514751565
1.000002282228636,-1.0000013841359379,-1.0000024102295795,1.0000004420127209,1.000000119313911,1.000003657344238,-1.0000034957355235,1.000003657344239,1.0000015384942493,-0.9999933781961876,0.9999975771182021,0.999990787779459,-0.9999996749781024,-0.9999991194393318,-0.999990493383832,0.9999922074945666,-0.9999948997642567,0.999999998501477,-0.9999984580170777,0.9999988962427349,0.999998927575567,-0.9999980360764611,-0.9999991791927912,-0.9999994999384414,0.9999998337481816,0.9999998337481802,-1.0000000476765394,0.9999984889385941
-1.000002713117754,1.0000018356880678,1.0000028262433982,-1.0000009093659643,-1.0000005745034246,-1.000004078675147,1.0000039286803992,-1.0000040786751463,-1.00000199625267,0.9999938949881677,-0.9999980725103914,-0.9999913213599788,1.0000001533849088,0.9999996001386997,0.9999910405673085,-0.9999927637498662,0.9999957241097981,-0.9999984580170777,0.999999999235438,-0.9999991031142278,-0.9999991351287688,0.9999984967229668,0.9999996413113914,1.0000003089367713,-1.000000371581253,-1.0000003715812527,1.0000005031539394,-0.9999989435804454
1.000003151728645,-1.000002274002408,-1.0000032651242043,1.0000013474907314,1.0000010128160461,1.000004517425706,-1.0000043672060612,1.0000045174257068,1.0000024344295342,-0.9999943328547183,0.9999985103638868,0.9999917592513776,-1.0000003264753228,-1.0000000381023257,-0.9999914784712971,0.9999932016929227,-0.9999961621495014,0.9999988962427349,-0.9999991031142278,0.999999999861412,0.999999838065603,-0.9999986701417585,-1.0000000795557322,-1.0000007474688575,1.000000810314817,1.000000810314816,-1.0000009414389033,0.9999993819389406
1.000003183692803,-1.0000023060022616,-1.0000032970481711,1.0000013794965652,1.0000010448138092,1.0000045493683958,-1.000004399184841,1.0000045493683969,1.000002466444139,-0.9999943647137219,0.999998542339265,0.999991790998071,-1.000000623351095,-0.9999998052558281,-0.999991510111238,0.9999932332281507,-0.9999961935818408,0.999998927575567,-0.9999991351287688,0.999999838065603,0.9999999999071626,-0.9999989669991048,-0.999999846700206,-1.000000778703173,1.000000841491597,1.0000008414915964,-1.0000009734401754,0.9999994139312877
-1.0000022812764944,1.0000014032915387,1.0000023947040801,-1.000000476542752,-1.0000001418010027,-1.0000036470250986,1.000003496926204,-1.000003647025098,-1.0000015638412918,0.9999934633528956,-0.9999976399697044,-0.9999908911282799,0.9999997206336989,0.9999991672818455,0.9999906120742175,-0.9999923372677981,0.9999952998387986,-0.9999980360764611,0.9999984967229668,-0.9999986701417585,-0.9999989669991048,0.9999999986166948,0.9999992083913999,0.9999998891755256,-0.999999952427221,-0.9999999524272202,1.0000000704711376,-0.9999982459487992
-1.0000034257514416,1.0000025478004777,1.0000035391788218,-1.0000016210979787,-1.0000010214964232,-1.000004791503987,1.000004641377426,-1.0000047915039891,-1.0000027083383092,0.9999946077384689,-0.9999987844570554,-0.9999920353348491,1.0000008651523569,1.0000003118163696,0.9999917560522354,-0.9999934809804146,0.9999964432606255,-0.9999991791927912,0.9999996413113914,-1.0000000795557322,-0.999999846700206,0.9999992083913999,1.000000000252153,1.0000010320129415,-1.0000010952153189,-1.000001095215317,1.0000012150203026,-0.9999996553707444
-1.0000041417152823,1.000003239427871,1.0000042726224017,-1.0000022941663766,-1.0000019735444894,-1.0000055186138628,1.0000053549743644,-1.0000055186138632,-1.0000033927521124,0.9999952261496857,-0.9999994259068463,-0.9999926364250078,1.0000015256094519,1.0000009696036392,0.9999923436765465,-0.9999940604970914,0.999997021496929,-0.9999994999384414,1.0000003089367713,-1.0000007474688575,-1.000000778703173,0.9999998891755256,1.0000010320129415,1.0000000011663763,-1.000001439178002,-1.0000014391780057,1.0000019018531385,-1.000000343172342
1.0000042071944923,-1.0000033036160554,-1.0000043388694018,1.0000023573586672,1.0000020372461085,1.000005584636443,-1.0000054205265925,1.0000055846364424,1.0000034567757112,-0.9999952882798783,0.9999994882458054,0.9999926990261924,-1.0000015884988733,-1.0000010322462423,-0.9999924072340097,0.9999941254555504,-0.9999970882626471,0.9999998337481816,-1.000000371581253,1.000000810314817,1.000000841491597,-0.999999952427221,-1.0000010952153189,-1.000001439178002,1.0000000012685717,1.0000017759044038,-1.0000019655970727,1.0000004067662647
1.0000042071944917,-1.000003303616055,-1.0000043388694009,1.0000023573586663,1.0000020372461071,1.0000055846364413,-1.000005420526591,1.0000055846364428,1.0000034567757106,-0.9999952882798778,0.9999994882458045,0.999992699026192,-1.0000015884988713,-1.0000010322462407,-0.9999924072340091,0.9999941254555497,-0.9999970882626456,0.9999998337481802,-1.0000003715812527,1.000000810314816,1.0000008414915964,-0.9999999524272202,-1.000001095215317,-1.0000014391780057,1.0000017759044038,1.0000000012685717,-1.000001965597072,1.0000004067662642
-1.0000042886109528,1.0000034101404331,1.0000044024428794,-1.0000024831366563,-1.0000021485622366,-1.0000056546107583,1.0000055041932818,-1.0000056546107594,-1.000003305704053,0.9999954704788474,-0.9999996465145591,-0.9999928989652331,1.0000017270745696,1.0000011737134944,0.9999926207104374,-0.9999943468071143,0.9999973103745157,-1.0000000476765394,1.0000005031539394,-1.0000009414389033,-1.0000009734401754,1.0000000704711376,1.0000012150203026,1.0000019018531385,-1.0000019655970727,-1.000001965597072,1.0000000014840293,-1.000000252720982
1.0000027288425979,-1.000001850544245,-1.0000028424483256,1.0000009235796428,1.0000005888982348,1.0000040947074054,-1.0000039445261368,1.0000040947074051,1.0000020110850785,-0.9999939110542778,0.9999980871560616,0.9999913395933542,-1.0000001676972252,-0.999999614289449,-0.9999910614729204,0.9999927877359843,-0.9999957514751565,0.9999984889385941,-0.9999989435804454,0.9999993819389406,0.9999994139312877,-0.9999982459487992,-0.9999996553707444,-1.000000343172342,1.0000004067662647,1.0000004067662642,-1.000000252720982,0.9999999992554336
