0.9999999979013648,-1.000002234552768,1.0000025696899177,1.000002569689918,0.9999899775432542,-0.999995336184874,0.9999979694681432,0.9999910519418315,0.9999993787196986,-0.9999959915373099,-0.9999955734765105,-0.99999557347651,0.9999914841714049,0.9999914841714006,-1.0000056262549641,1.0000009822817402,1.0000009822817406,1.0000009822817406,-0.9999966004864855,-1.0000056262549644,1.0000009822817386,1.0000009822817426,1.0000009822817415,-0.9999966004864855,-0.9999902262950212,0.9999925541703953,-0.9999906693324057,-0.9999906693324042
-1.000002234552768,1.0000000031771912,-1.000007732748661,-1.0000077327486576,-0.9999936744193649,0.9999990227869966,-1.0000016569562102,-0.9999947589374756,-1.000003142736723,0.9999997484764742,0.9999993586042302,0.9999993586042292,-0.9999952436783753,-0.9999952436783712,1.0000092956232274,-1.0000046819202364,-1.0000046819202366,-1.0000046819202366,1.0000002985319303,1.0000092956232278,-1.0000046819202357,-1.0000046819202386,-1.0000046819202373,1.0000002985319305,0.9999939482297738,-0.9999962844391465,0.9999944191889136,0.9999944191889111
1.0000025696899177,-1.000007732748661,1.000000005767336,1.0000080717717517,0.9999954979910177,-1.0000008479056728,1.000003476669054,0.999996591099466,1.000004988829554,-1.0000015953078414,-1.0000012044798066,-1.0000012044798066,0.9999970900009288,0.9999970900009251,-1.0000125770582817,1.0000064892023095,1.0000064892023104,1.0000064892023104,-1.0000035898388784,-1.000011102712297,1.0000064892023088,1.000006489202312,1.000006489202311,-1.000002115492892,-0.9999957862345201,0.9999981269722101,-0.9999962640817869,-0.9999962640817842
1.000002569689918,-1.0000077327486576,1.0000080717717517,1.000000005767336,0.9999954979910177,-1.0000008479056721,1.0000034766690538,0.9999965910994665,1.0000049888295537,-1.000001595307842,-1.0000012044798068,-1.000001204479806,0.9999970900009286,0.9999970900009243,-1.000011102712297,1.0000064892023086,1.0000064892023104,1.0000064892023095,-1.0000021154928913,-1.0000125770582842,1.0000064892023095,1.000006489202312,1.0000064892023104,-1.0000035898388795,-0.999995786234519,0.9999981269722105,-0.9999962640817855,-0.9999962640817847
0.9999899775432542,-0.9999936744193649,0.9999954979910177,0.9999954979910177,0.9999999880469632,-0.9999900944354019,0.9999910641632292,0.9999845500222333,0.9999935735543226,-0.9999901029587956,-0.9999898155910446,-0.9999898155910454,0.999985550473523,0.999985550473519,-0.9999984878877218,0.9999938587162122,0.9999938587162127,0.9999938587162129,-0.999989615131226,-0.9999984878877213,0.9999938587162112,0.9999938587162144,0.9999938587162138,-0.9999896151312273,-0.9999839295347457,0.9999864450133634,-0.9999846605864611,-0.9999846605864591
-0.999995336184874,0.9999990227869966,-1.0000008479056728,-1.0000008479056721,-0.9999900944354019,0.9999999956868191,-0.999997884839749,-0.9999913796540261,-0.9999989664420097,0.9999954908182307,0.9999952246785188,0.9999952246785188,-0.9999909407942335,-0.99999094079423,1.0000038243926717,-0.9999992186060215,-0.999999218606022,-0.999999218606022,0.9999949710399808,1.0000038243926712,-0.99999921860602,-0.9999992186060244,-0.9999992186060231,0.9999949710399816,0.9999892939602798,-0.999991814140272,0.9999900440464261,0.9999900440464246
0.9999979694681432,-1.0000016569562102,1.000003476669054,1.0000034766690538,0.9999910641632292,-0.999997884839749,0.9999999992536784,0.9999922494884009,1.000000961019613,-0.9999975290815822,-0.9999971985357855,-0.9999971985357834,0.9999930032140619,0.9999930032140587,-1.000006478613671,1.0000018724835724,1.0000018724835746,1.0000018724835735,-0.9999990328010393,-1.0000064786136709,1.000001872483572,1.0000018724835757,1.000001872483574,-0.9999990328010401,-0.9999915364289735,0.9999939610901835,-0.9999921433731455,-0.999992143373144
0.9999910519418315,-0.9999947589374756,0.999996591099466,0.9999965910994665,0.9999845500222333,-0.9999913796540261,0.9999922494884009,0.9999999899599259,0.9999953309443461,-0.9999918233243588,-0.9999915881653935,-0.999991588165393,0.9999872459611235,0.9999872459611207,-0.9999995398876496,0.9999949075551297,0.9999949075551307,0.9999949075551302,-0.999990753968779,-0.9999995398876482,0.9999949075551283,0.9999949075551318,0.9999949075551313,-0.9999907539687798,-0.9999869095390905,0.9999880527206038,-0.999986317893092,-0.9999863178930897
0.9999993787196986,-1.000003142736723,1.000004988829554,1.0000049888295537,0.9999935735543226,-0.9999989664420097,1.000000961019613,0.9999953309443461,1.0000000042094563,-1.0000037243024125,-1.000003617715236,-1.000003617715235,0.9999975685784055,0.9999975685784014,-1.0000078840878277,1.0000031419391708,1.0000031419391715,1.0000031419391722,-0.9999992742407324,-1.0000078840878281,1.0000031419391704,1.000003141939173,1.0000031419391724,-0.9999992742407339,-0.9999951648325333,0.9999981371863296,-0.9999965260119656,-0.9999965260119638
-0.9999959915373099,0.9999997484764742,-1.0000015953078414,-1.000001595307842,-0.9999901029587956,0.9999954908182307,-0.9999975290815822,-0.9999918233243588,-1.0000037243024125,0.999999999020231,0.999998509526564,0.9999985095265637,-0.9999954333063159,-0.999995433306314,1.0000044858653707,-0.9999997674507825,-0.9999997674507842,-0.9999997674507825,0.9999958689921952,1.0000044858653714,-0.9999997674507811,-0.9999997674507849,-0.9999997674507836,0.9999958689921948,0.9999916190599708,-0.9999945486915153,0.9999929278713932,0.9999929278713908
-0.9999955734765105,0.9999993586042302,-1.0000012044798066,-1.0000012044798068,-0.9999898155910446,0.9999952246785188,-0.9999971985357855,-0.9999915881653935,-1.000003617715236,0.999998509526564,0.9999999988386276,0.9999983720129172,-0.9999938209982805,-0.9999938209982768,1.0000041084929607,-0.9999993282239399,-0.9999993282239414,-0.999999328223941,0.999995489145409,1.000004108492961,-0.9999993282239399,-0.9999993282239428,-0.9999993282239418,0.9999954891454095,0.9999914262305256,-0.9999944086442059,0.9999927832532055,0.9999927832532054
-0.99999557347651,0.9999993586042292,-1.0000012044798066,-1.000001204479806,-0.9999898155910454,0.9999952246785188,-0.9999971985357834,-0.999991588165393,-1.000003617715235,0.9999985095265637,0.9999983720129172,0.9999999988386276,-0.9999938209982797,-0.9999938209982752,1.0000041084929607,-0.9999993282239396,-0.9999993282239404,-0.999999328223941,0.9999954891454087,1.0000041084929607,-0.9999993282239388,-0.9999993282239418,-0.9999993282239414,0.9999954891454085,0.9999914262305261,-0.9999944086442045,0.999992783253206,0.9999927832532044
0.9999914841714049,-0.9999952436783753,0.9999970900009288,0.9999970900009286,0.999985550473523,-0.9999909407942335,0.9999930032140619,0.9999872459611235,0.9999975685784055,-0.9999954333063159,-0.9999938209982805,-0.9999938209982797,0.999999992355329,0.9999892981282205,-0.9999999855620141,0.999995266354065,0.9999952663540658,0.9999952663540663,-0.9999913530748311,-0.999999985562015,0.9999952663540639,0.9999952663540663,0.9999952663540665,-0.9999913530748314,-0.9999870130174804,0.9999899141149785,-0.9999897527374761,-0.9999882783914879
0.9999914841714006,-0.9999952436783712,0.9999970900009251,0.9999970900009243,0.999985550473519,-0.99999094079423,0.9999930032140587,0.9999872459611207,0.9999975685784014,-0.999995433306314,-0.9999938209982768,-0.9999938209982752,0.9999892981282205,0.999999992355329,-0.9999999855620104,0.9999952663540607,0.9999952663540617,0.999995266354062,-0.9999913530748266,-0.9999999855620106,0.9999952663540612,0.9999952663540629,0.9999952663540631,-0.9999913530748274,-0.9999870130174757,0.9999899141149745,-0.9999882783914859,-0.9999897527374673
-1.0000056262549641,1.0000092956232274,-1.0000125770582817,-1.000011102712297,-0.9999984878877218,1.0000038243926717,-1.000006478613671,-0.9999995398876496,-1.0000078840878277,1.0000044858653707,1.0000041084929607,1.0000041084929607,-0.9999999855620141,-0.9999999855620104,1.0000000101159043,-1.000011028578056,-1.0000110285780566,-1.0000110285780581,1.000005133936974,1.0000141582318696,-1.000009554232072,-1.000009554232075,-1.0000095542320742,1.0000051339369749,0.999998711228845,-1.0000010321037214,0.9999991642074628,0.9999991642074604
1.0000009822817402,-1.0000046819202364,1.0000064892023095,1.0000064892023086,0.9999938587162122,-0.9999992186060215,1.0000018724835724,0.9999949075551297,1.0000031419391708,-0.9999997674507825,-0.9999993282239399,-0.9999993282239396,0.999995266354065,0.9999952663540607,-1.000011028578056,1.0000000035046215,1.0000049045720012,1.0000049045720008,-1.000000510747773,-1.0000095542320735,1.0000049045719992,1.000004904572002,1.0000049045720016,-1.000000510747773,-0.9999940563993923,0.9999963611956123,-0.9999944621656746,-0.9999944621656729
1.0000009822817406,-1.0000046819202366,1.0000064892023104,1.0000064892023104,0.9999938587162127,-0.999999218606022,1.0000018724835746,0.9999949075551307,1.0000031419391715,-0.9999997674507842,-0.9999993282239414,-0.9999993282239404,0.9999952663540658,0.9999952663540617,-1.0000110285780566,1.0000049045720012,1.0000000035046215,1.0000049045720016,-1.0000005107477736,-1.0000095542320737,1.0000049045720003,1.0000049045720034,1.0000049045720028,-1.0000005107477743,-0.9999940563993934,0.9999963611956131,-0.9999944621656753,-0.9999944621656744
1.0000009822817406,-1.0000046819202366,1.0000064892023104,1.0000064892023095,0.9999938587162129,-0.999999218606022,1.0000018724835735,0.9999949075551302,1.0000031419391722,-0.9999997674507825,-0.999999328223941,-0.999999328223941,0.9999952663540663,0.999995266354062,-1.0000110285780581,1.0000049045720008,1.0000049045720016,1.0000000035046215,-1.000000510747774,-1.0000095542320728,1.0000049045719999,1.0000049045720025,1.000004904572002,-1.0000005107477743,-0.9999940563993923,0.9999963611956133,-0.9999944621656753,-0.9999944621656737
-0.9999966004864855,1.0000002985319303,-1.0000035898388784,-1.0000021154928913,-0.999989615131226,0.9999949710399808,-0.9999990328010393,-0.999990753968779,-0.9999992742407324,0.9999958689921952,0.999995489145409,0.9999954891454087,-0.9999913530748311,-0.9999913530748266,1.000005133936974,-1.000000510747773,-1.0000005107477736,-1.000000510747774,0.9999999972675326,1.000005133936974,-1.0000005107477719,-1.0000005107477754,-1.000000510747775,0.9999961748958931,0.9999899878549051,-0.9999923651831358,0.9999905153884378,0.9999905153884366
-1.0000056262549644,1.0000092956232278,-1.000011102712297,-1.0000125770582842,-0.9999984878877213,1.0000038243926712,-1.0000064786136709,-0.9999995398876482,-1.0000078840878281,1.0000044858653714,1.000004108492961,1.0000041084929607,-0.999999985562015,-0.9999999855620106,1.0000141582318696,-1.0000095542320735,-1.0000095542320737,-1.0000095542320728,1.000005133936974,1.0000000101159043,-1.0000110285780581,-1.00001102857806,-1.0000110285780601,1.0000051339369749,0.9999987112288459,-1.0000010321037214,0.9999991642074623,0.9999991642074607
1.0000009822817386,-1.0000046819202357,1.0000064892023088,1.0000064892023095,0.9999938587162112,-0.99999921860602,1.000001872483572,0.9999949075551283,1.0000031419391704,-0.9999997674507811,-0.9999993282239399,-0.9999993282239388,0.9999952663540639,0.9999952663540612,-1.000009554232072,1.0000049045719992,1.0000049045720003,1.0000049045719999,-1.0000005107477719,-1.0000110285780581,1.0000000035046215,1.0000049045720016,1.0000049045720008,-1.0000005107477725,-0.9999940563993915,0.9999963611956112,-0.9999944621656737,-0.9999944621656721
1.0000009822817426,-1.0000046819202386,1.000006489202312,1.000006489202312,0.9999938587162144,-0.9999992186060244,1.0000018724835757,0.9999949075551318,1.000003141939173,-0.9999997674507849,-0.9999993282239428,-0.9999993282239418,0.9999952663540663,0.9999952663540629,-1.000009554232075,1.000004904572002,1.0000049045720034,1.0000049045720025,-1.0000005107477754,-1.00001102857806,1.0000049045720016,1.0000000035046215,1.0000049045720045,-1.0000005107477763,-0.9999940563993943,0.9999963611956144,-0.9999944621656777,-0.9999944621656752
1.0000009822817415,-1.0000046819202373,1.000006489202311,1.0000064892023104,0.9999938587162138,-0.9999992186060231,1.000001872483574,0.9999949075551313,1.0000031419391724,-0.9999997674507836,-0.9999993282239418,-0.9999993282239414,0.9999952663540665,0.9999952663540631,-1.0000095542320742,1.0000049045720016,1.0000049045720028,1.000004904572002,-1.000000510747775,-1.0000110285780601,1.0000049045720008,1.0000049045720045,1.0000000035046215,-1.0000005107477745,-0.9999940563993942,0.9999963611956139,-0.9999944621656758,-0.9999944621656739
-0.9999966004864855,1.0000002985319305,-1.000002115492892,-1.0000035898388795,-0.9999896151312273,0.9999949710399816,-0.9999990328010401,-0.9999907539687798,-0.9999992742407339,0.9999958689921948,0.9999954891454095,0.9999954891454085,-0.9999913530748314,-0.9999913530748274,1.0000051339369749,-1.000000510747773,-1.0000005107477743,-1.0000005107477743,0.9999961748958931,1.0000051339369749,-1.0000005107477725,-1.0000005107477763,-1.0000005107477745,0.9999999972675326,0.999989987854906,-0.9999923651831365,0.999990515388439,0.9999905153884371
-0.9999902262950212,0.9999939482297738,-0.9999957862345201,-0.999995786234519,-0.9999839295347457,0.9999892939602798,-0.9999915364289735,-0.9999869095390905,-0.9999951648325333,0.9999916190599708,0.9999914262305256,0.9999914262305261,-0.9999870130174804,-0.9999870130174757,0.999998711228845,-0.9999940563993923,-0.9999940563993934,-0.9999940563993923,0.9999899878549051,0.9999987112288459,-0.9999940563993915,-0.9999940563993943,-0.9999940563993942,0.999989987854906,0.9999999893024455,-0.999989219789961,0.9999860503601461,0.9999860503601435
0.9999925541703953,-0.9999962844391465,0.9999981269722101,0.9999981269722105,0.9999864450133634,-0.999991814140272,0.9999939610901835,0.9999880527206038,0.9999981371863296,-0.9999945486915153,-0.9999944086442059,-0.9999944086442045,0.9999899141149785,0.9999899141149745,-1.0000010321037214,0.9999963611956123,0.9999963611956131,0.9999963611956133,-0.9999923651831358,-1.0000010321037214,0.9999963611956112,0.9999963611956144,0.9999963611956139,-0.9999923651831365,-0.999989219789961,0.99999999326114,-0.999990389130563,-0.9999903891305575
-0.9999906693324057,0.9999944191889136,-0.9999962640817869,-0.9999962640817855,-0.9999846605864611,0.9999900440464261,-0.9999921433731455,-0.999986317893092,-0.9999965260119656,0.9999929278713932,0.9999927832532055,0.999992783253206,-0.9999897527374761,-0.9999882783914859,0.9999991642074628,-0.9999944621656746,-0.9999944621656753,-0.9999944621656753,0.9999905153884378,0.9999991642074623,-0.9999944621656737,-0.9999944621656777,-0.9999944621656758,0.999990515388439,0.9999860503601461,-0.999990389130563,0.9999999909055243,0.9999872691508301
-0.9999906693324042,0.9999944191889111,-0.9999962640817842,-0.9999962640817847,-0.9999846605864591,0.9999900440464246,-0.999992143373144,-0.9999863178930897,-0.9999965260119638,0.9999929278713908,0.9999927832532054,0.9999927832532044,-0.9999882783914879,-0.9999897527374673,0.9999991642074604,-0.9999944621656729,-0.9999944621656744,-0.9999944621656737,0.9999905153884366,0.9999991642074607,-0.9999944621656721,-0.9999944621656752,-0.9999944621656739,0.9999905153884371,0.9999860503601435,-0.9999903891305575,0.9999872691508301,0.9999999909055244
