1.0000000038646928,-0.7934014921980179,-0.7934215667432615,0.38226838702632615,0.7228396382774439,0.2590779693561148,0.4796515374963274,-0.47966863976556623,-0.4796431110665386,0.479693779813604,0.4798935461241007,-0.4799758411957835,-0.47981507655404565,0.5721316828930602,0.4797718479252309,0.47978586334948586,-0.657563395237678,0.6710667145661786,-0.4797345220261412,-0.47968639805307794,-0.7102416435570821,0.6974104573130306,-0.6843506286473644,-0.4797623911544986,0.4797452169848698
-0.7934014921980179,1.0000000034247263,0.25899524595100887,-0.8657644186064526,-0.9941260554257132,0.3823683532643677,-0.9146680952026985,0.9146757316501789,0.9146646304861931,-0.9146868443482585,-0.9147793621331661,0.9148172850794386,0.9147426183768393,-0.9531655687220225,-0.9147228428315093,-0.914729267543636,0.9803088673659955,-0.9837173530607285,0.9147053990362899,0.914683988870065,0.9920096782098605,-0.9895687570384958,0.9868043376094069,0.9147183861858696,-0.9147104765241555
-0.7934215667432615,0.25899524595100887,0.9999999993733066,0.2591469481475307,-0.15290769123134546,-0.7934472172918046,0.15352295656872345,-0.153503455183487,-0.15353286287223247,0.15347467572980744,0.15325020472971462,-0.1531575420299081,-0.15333797635135404,0.045273344377304944,0.15338679589599272,0.15337098096394136,0.06314559396797931,-0.08116400363405081,-0.15342858077142274,-0.15348353358607672,0.13503387672655182,-0.11711447516445507,0.09915575151687482,-0.1533973452391119,0.1534166875135325
0.38226838702632615,-0.8657644186064526,0.2591469481475307,0.999999996998916,0.9148533437080342,-0.7934595549780487,0.9941700829475337,-0.9941676147747718,-0.9941717511513746,0.9941638154395238,0.994140023616852,-0.9941298411921679,-0.9941487587371077,0.9765783246846392,0.9941542790137118,0.9941525092262413,-0.9475451914911532,0.9416176297516444,-0.9941584860543544,-0.9941655496207489,-0.9219979418914496,0.9288417236165324,-0.93538239624121,-0.9941552885135758,0.994157401044787
0.7228396382774439,-0.9941260554257132,-0.15290769123134546,0.9148533437080342,1.0000000014862997,-0.4801526458085237,0.9530503579877018,-0.953055985439029,-0.9530479233945333,0.9530641296994227,0.9531336298174368,-0.9531620447369097,-0.9531058731774289,0.9803060677549235,0.9530911116847424,0.9530959125390454,-0.9959256787649038,0.9973935982112616,-0.953077947452825,-0.9530622009351448,-0.9998398784044398,0.9993510101984655,-0.9985354697747921,-0.9530877342732044,0.95308180944899
0.2590779693561148,0.3823683532643677,-0.7934472172918046,-0.7934595549780487,-0.4801526458085237,0.999999995700575,-0.7232302611672768,0.7232164171519446,0.7232375547967155,-0.7231958877761666,-0.723039446188057,0.7229746969512553,0.7231002594232702,-0.6439318419412228,-0.723134501398544,-0.7231234204729562,0.5573167962279414,-0.542227291117149,0.7231634829728083,0.7232025623101942,0.4959179661424878,-0.511522449560884,0.526960703497363,0.7231417851442609,-0.7231553047848912
0.4796515374963274,-0.9146680952026985,0.15352295656872345,0.9941700829475337,0.9530503579877018,-0.7232302611672768,0.9999999989066909,-0.9999980308109301,-0.9999989805230162,0.999997448028733,0.9999981599562361,-0.9999981788042641,-0.9999973006193311,0.9940821008239478,0.9999974996354323,0.9999974540806237,-0.9764789837347573,0.9724255398198273,-0.9999971402238238,-0.9999982336361528,-0.9583650873407257,0.9633669641011202,-0.9680543419040978,-0.9999973550371176,0.9999973575644759
-0.47966863976556623,0.9146757316501789,-0.153503455183487,-0.9941676147747718,-0.953055985439029,0.7232164171519446,-0.9999980308109301,0.9999999984081879,0.9999987239260852,-0.9999970081400028,-0.9999978167557956,0.9999978374470017,0.999996955670834,-0.9940838922024061,-0.9999971537165585,-0.9999971084761107,0.9764828868377563,-0.9724297908197517,0.9999967934730157,0.999997885795603,0.9583703731919962,-0.9633719065968317,0.9680589394090677,0.9999970089080161,-0.9999970110507391
-0.4796431110665386,0.9146646304861931,-0.15353286287223247,-0.9941717511513746,-0.9530479233945333,0.7232375547967155,-0.9999989805230162,0.9999987239260852,0.9999999997667456,-0.9999980486335925,-0.9999987583078644,0.9999987762258747,0.9999978998526293,-0.9940816194826806,-0.9999980993584473,-0.9999980536449898,0.976477429264651,-0.9724238080662938,0.9999977403664716,0.9999988343291216,0.95836282738966,-0.9633648795450243,0.968052433434415,0.9999979548661393,-0.9999979575875851
0.479693779813604,-0.9146868443482585,0.15347467572980744,0.9941638154395238,0.9530641296994227,-0.7231958877761666,0.999997448028733,-0.9999970081400028,-0.9999980486335925,0.9999999974438696,0.9999971497485356,-0.9999971731576118,-0.9999962860860977,0.9940863735786656,0.9999964827009074,0.9999964379240103,-0.9764884847798712,0.9724359023874454,-0.999996029008503,-0.9999971197240168,-0.9583780129085263,0.9633790392313628,-0.9680655626011591,-0.9999963375823883,0.9999963391579412
0.4798935461241007,-0.9147793621331661,0.15325020472971462,0.994140023616852,0.9531336298174368,-0.723039446188057,0.9999981599562361,-0.9999978167557956,-0.9999987583078644,0.9999971497485356,0.9999999985151473,-0.9999978767910396,-0.9999969482367527,0.9941117698405237,0.9999972258666803,0.9999971847205952,-0.9765381834439844,0.9724895992961644,-0.9999968547856561,-0.9999979329193865,-0.9584435934727329,0.9634406784872572,-0.9681232401759481,-0.9999970783194009,0.9999970754522669
-0.4799758411957835,0.9148172850794386,-0.1531575420299081,-0.9941298411921679,-0.9531620447369097,0.7229746969512553,-0.9999981788042641,0.9999978374470017,0.9999987762258747,-0.9999971731576118,-0.9999978767910396,0.9999999985853804,0.9999970768234108,-0.9941218832674826,-0.9999972576062945,-0.9999972179585919,0.9765584215109118,-0.9725114882201448,0.9999968825592511,0.9999979555004957,0.9584703896575418,-0.9634658470471243,0.9681467727911673,0.9999971090568288,-0.9999971043563058
-0.47981507655404565,0.9147426183768393,-0.15333797635135404,-0.9941487587371077,-0.9531058731774289,0.7231002594232702,-0.9999973006193311,0.999996955670834,0.9999978998526293,-0.9999962860860977,-0.9999969482367527,0.9999970768234108,0.999999997256259,-0.9941012521778354,-0.9999962620800291,-0.9999962195126952,0.9765181637373875,-0.9724680169801396,0.9999959869834917,0.9999970700416758,0.9584173679091921,-0.9634159926968403,0.9681001023154535,0.9999962077057094,-0.9999962065776488
0.5721316828930602,-0.9531655687220225,0.045273344377304944,0.9765783246846392,0.9803060677549235,-0.6439318419412228,0.9940821008239478,-0.9940838922024061,-0.9940816194826806,0.9940863735786656,0.9941117698405237,-0.9941218832674826,-0.9941012521778354,1.000000000733915,0.9940960865481973,0.9940977790595742,-0.9941236311296477,0.9920066582395459,-0.9940911297056428,-0.9940861940365967,-0.9837141386998723,0.9868009164415926,-0.989565425293594,-0.9940947806547665,0.9940926568766362
0.4797718479252309,-0.9147228428315093,0.15338679589599272,0.9941542790137118,0.9530911116847424,-0.723134501398544,0.9999974996354323,-0.9999971537165585,-0.9999980993584473,0.9999964827009074,0.9999972258666803,-0.9999972576062945,-0.9999962620800291,0.9940960865481973,0.9999999975295426,0.999996503175387,-0.9765077123017047,0.9724566955114028,-0.999996089078431,-0.9999972670925285,-0.9584034598004632,0.9634029425874823,-0.9680879145201233,-0.9999964004626113,0.9999964002997155
0.47978586334948586,-0.914729267543636,0.15337098096394136,0.9941525092262413,0.9530959125390454,-0.7231234204729562,0.9999974540806237,-0.9999971084761107,-0.9999980536449898,0.9999964379240103,0.9999971847205952,-0.9999972179585919,-0.9999962195126952,0.9940977790595742,0.999996503175387,0.9999999974676955,-0.9765111171140914,0.9724603821432298,-0.9999961372680776,-0.9999972221743594,-0.9584079842536467,0.9634071891381982,-0.9680918817644394,-0.9999962647133459,0.9999963564599457
-0.657563395237678,0.9803088673659955,0.06314559396797931,-0.9475451914911532,-0.9959256787649038,0.5573167962279414,-0.9764789837347573,0.9764828868377563,0.976477429264651,-0.9764884847798712,-0.9765381834439844,0.9765584215109118,0.9765181637373875,-0.9941236311296477,-0.9765077123017047,-0.9765111171140914,1.000000001457727,-0.9998396823025025,0.9764982318331238,0.9764873454414923,0.9973934572676457,-0.9985352217551124,0.9993507686770251,0.9765052643903676,-0.9765010464539754
0.6710667145661786,-0.9837173530607285,-0.08116400363405081,0.9416176297516444,0.9973935982112616,-0.542227291117149,0.9724255398198273,-0.9724297908197517,-0.9724238080662938,0.9724359023874454,0.9724895992961644,-0.9725114882201448,-0.9724680169801396,0.9920066582395459,0.9724566955114028,0.9724603821432298,-0.9998396823025025,1.0000000027695253,-0.9724464710758323,-0.9724346042015753,-0.9985358376268817,0.9993517554942701,-0.999841077606144,-0.972454059843237,0.9724494973008793
-0.4797345220261412,0.9147053990362899,-0.15342858077142274,-0.9941584860543544,-0.953077947452825,0.7231634829728083,-0.9999971402238238,0.9999967934730157,0.9999977403664716,-0.999996029008503,-0.9999968547856561,0.9999968825592511,0.9999959869834917,-0.9940911297056428,-0.999996089078431,-0.9999961372680776,0.9764982318331238,-0.9724464710758323,0.9999999970082833,0.9999969059958226,0.9583910245891325,-0.9633912405206226,0.9680769494645766,0.9999960356842038,-0.9999959441267814
-0.47968639805307794,0.914683988870065,-0.15348353358607672,-0.9941655496207489,-0.9530622009351448,0.7232025623101942,-0.9999982336361528,0.999997885795603,0.9999988343291216,-0.9999971197240168,-0.9999979329193865,0.9999979555004957,0.9999970700416758,-0.9940861940365967,-0.9999972670925285,-0.9999972221743594,0.9764873454414923,-0.9724346042015753,0.9999969059958226,0.9999999985672875,0.9583762409561623,-0.9633774246828148,0.9680641059932309,0.9999971220683337,-0.9999971238166909
-0.7102416435570821,0.9920096782098605,0.13503387672655182,-0.9219979418914496,-0.9998398784044398,0.4959179661424878,-0.9583650873407257,0.9583703731919962,0.95836282738966,-0.9583780129085263,-0.9584435934727329,0.9584703896575418,0.9584173679091921,-0.9837141386998723,-0.9584034598004632,-0.9584079842536467,0.9973934572676457,-0.9985358376268817,0.9583910245891325,0.9583762409561623,1.0000000029365481,-0.9998412665786407,0.9993518915330099,0.9584002663015211,-0.958394679386566
0.6974104573130306,-0.9895687570384958,-0.11711447516445507,0.9288417236165324,0.9993510101984655,-0.511522449560884,0.9633669641011202,-0.9633719065968317,-0.9633648795450243,0.9633790392313628,0.9634406784872572,-0.9634658470471243,-0.9634159926968403,0.9868009164415926,0.9634029425874823,0.9634071891381982,-0.9985352217551124,0.9993517554942701,-0.9633912405206226,-0.9633774246828148,-0.9998412665786407,1.0000000035097973,-0.9998416064093852,-0.9633999340599194,0.963394686907853
-0.6843506286473644,0.9868043376094069,0.09915575151687482,-0.93538239624121,-0.9985354697747921,0.526960703497363,-0.9680543419040978,0.9680589394090677,0.968052433434415,-0.9680655626011591,-0.9681232401759481,0.9681467727911673,0.9681001023154535,-0.989565425293594,-0.9680879145201233,-0.9680918817644394,0.9993507686770251,-0.999841077606144,0.9680769494645766,0.9680641059932309,0.9993518915330099,-0.9998416064093852,1.0000000034501089,0.96808509195787,-0.9680801863032116
-0.4797623911544986,0.9147183861858696,-0.1533973452391119,-0.9941552885135758,-0.9530877342732044,0.7231417851442609,-0.9999973550371176,0.9999970089080161,0.9999979548661393,-0.9999963375823883,-0.9999970783194009,0.9999971090568288,0.9999962077057094,-0.9940947806547665,-0.9999964004626113,-0.9999962647133459,0.9765052643903676,-0.972454059843237,0.9999960356842038,0.9999971220683337,0.9584002663015211,-0.9633999340599194,0.96808509195787,0.9999999973206418,-0.9999961623321212
0.4797452169848698,-0.9147104765241555,0.1534166875135325,0.994157401044787,0.95308180944899,-0.7231553047848912,0.9999973575644759,-0.9999970110507391,-0.9999979575875851,0.9999963391579412,0.9999970754522669,-0.9999971043563058,-0.9999962065776488,0.9940926568766362,0.9999964002997155,0.9999963564599457,-0.9765010464539754,0.9724494973008793,-0.9999959441267814,-0.9999971238166909,-0.958394679386566,0.963394686907853,-0.9680801863032116,-0.9999961623321212,0.9999999973209818
