0.9999999998194663,-0.9999998096585795,0.999999834289576,0.9999998653027087,0.9999998794466552,-0.999999865436804,-0.9999998920408659,0.9999998530724539,0.9999998653027088,-0.9999998346798864,0.9999997495842091,-0.9999998182558691,-0.9999998182558681,0.999999790581338,-0.999999691702361
-0.9999998096585795,0.9999999999421629,-0.9999998943639297,-0.9999999253770037,-0.9999999645420438,0.9999999505320442,0.9999999771364079,-0.999999938167553,-0.9999999503983166,0.9999999197755429,-0.999999834679884,0.99999990335091,0.9999999033509084,-0.9999998756763452,0.99999977679733
0.999999834289576,-0.9999998943639297,0.9999999999415999,0.9999999500080354,0.9999999641518604,-0.9999999501419257,-0.9999999767461548,0.9999999377774967,0.9999999500080354,-0.9999998943639267,0.9999998342895678,-0.9999999029608789,-0.9999999029608782,0.9999998752863258,-0.9999997764073266
0.9999998653027087,-0.9999999253770037,0.9999999500080354,0.9999999999863172,0.9999999951642067,-0.9999999811538682,-0.999999982737588,0.9999999687890706,0.9999999810209659,-0.9999999503983101,0.9999998653027022,-0.9999999339722992,-0.9999999339722981,0.9999999062976629,-0.9999998074185792
0.9999998794466552,-0.9999999645420438,0.9999999641518604,0.9999999951642067,1.0000000000067084,-0.9999999702723985,-0.9999999968801877,0.9999999829276429,0.9999999951642058,-0.9999999645420375,0.9999998794466469,-0.9999999481103399,-0.9999999481103391,0.9999999204354241,-0.9999998215560596
-0.999999865436804,0.9999999505320442,-0.9999999501419257,-0.9999999811538682,-0.9999999702723985,0.999999999986505,1.0000000078907252,-0.9999999438928023,-0.9999999811538693,0.9999999505320387,-0.9999998654367961,0.9999999340964543,0.9999999340964532,-0.9999999064213482,0.9999998075417932
-0.9999998920408659,0.9999999771364079,-0.9999999767461548,-0.999999982737588,-0.9999999968801877,1.0000000078907252,1.0000000000248699,-0.9999999955255195,-0.9999999827375857,0.9999999771364004,-0.9999998920408582,0.9999999607085788,0.9999999607085764,-0.9999999330338539,0.9999998341546767
0.9999998530724539,-0.999999938167553,0.9999999377774967,0.9999999687890706,0.9999999829276429,-0.9999999438928023,-0.9999999955255195,0.9999999999686733,0.999999968789071,-0.9999999381675472,0.9999998530724455,-0.9999998967070589,-0.9999998967070595,0.9999998940530864,-0.999999795173359
0.9999998653027088,-0.9999999503983166,0.9999999500080354,0.9999999810209659,0.9999999951642058,-0.9999999811538693,-0.9999999827375857,0.999999968789071,0.9999999999863172,-0.9999999253769972,0.9999998653027012,-0.9999999339722992,-0.9999999339722981,0.9999999062976626,-0.9999998074185782
-0.9999998346798864,0.9999999197755429,-0.9999998943639267,-0.9999999503983101,-0.9999999645420375,0.9999999505320387,0.9999999771364004,-0.9999999381675472,-0.9999999253769972,0.9999999999421629,-0.9999998096585665,0.9999999033509037,0.9999999033509033,-0.9999998756763382,0.9999997767973245
0.9999997495842091,-0.999999834679884,0.9999998342895678,0.9999998653027022,0.9999998794466469,-0.9999998654367961,-0.9999998920408582,0.9999998530724455,0.9999998653027012,-0.9999998096585665,0.9999999998194663,-0.9999998182558614,-0.9999998182558604,0.99999979058133,-0.9999996917023543
-0.9999998182558691,0.99999990335091,-0.9999999029608789,-0.9999999339722992,-0.9999999481103399,0.9999999340964543,0.9999999607085788,-0.9999998967070589,-0.9999999339722992,0.9999999033509037,-0.9999998182558614,0.99999999991847,0.9999998869102409,-0.9999998342135722,0.999999760355086
-0.9999998182558681,0.9999999033509084,-0.9999999029608782,-0.9999999339722981,-0.9999999481103391,0.9999999340964532,0.9999999607085764,-0.9999998967070595,-0.9999999339722981,0.9999999033509033,-0.9999998182558604,0.9999998869102409,0.99999999991847,-0.9999998342135743,0.9999997603550843
0.999999790581338,-0.9999998756763452,0.9999998752863258,0.9999999062976629,0.9999999204354241,-0.9999999064213482,-0.9999999330338539,0.9999998940530864,0.9999999062976626,-0.9999998756763382,0.99999979058133,-0.9999998342135722,-0.9999998342135743,0.9999999998785659,-0.9999997076583449
-0.999999691702361,0.99999977679733,-0.9999997764073266,-0.9999998074185792,-0.9999998215560596,0.9999998075417932,0.9999998341546767,-0.999999795173359,-0.9999998074185782,0.9999997767973245,-0.9999996917023543,0.999999760355086,0.9999997603550843,-0.9999997076583449,0.9999999997359943
