1.000000000455443,-0.9999999415800823,-0.9999999415800911,-1.0000031751479828,-0.9999999415800922,-0.23384461655732391,0.2337197160026006,0.23399311345301488,-0.23370722141201505,0.2337384452551195,0.23366252779502134,-0.23369627788680922,0.2338162749497647,-0.2338413346706251,0.23361231068787341,-0.23364879981761077,-1.0000107903559279,1.000009477942274,1.0000117328793154,-0.2343091465353556,0.23462434036548463,-0.6993976369992939,0.09180202031940707,0.9935595287575708,0.9496913571739861,-0.9083811294761838,-0.978914435072674,1.000007813235049,-1.0000041669440487,-1.0000090735410254,1.0000069602281614,-0.33979755920427274,-0.12692888851328502,0.4408550289907686,0.017685828057084567,0.9937530649467841,-0.9914897066889589,0.9825873562368151,0.9888742231402406,-0.9859069202456308,1.0000095073450046,-1.0000087023885118,-1.0000087259786512
-0.9999999415800823,1.0000000005029468,1.0000007066325192,1.0000039354787373,1.0000007066325194,0.23387468758314545,-0.23374978797986187,-0.23402318333078942,0.23373729352946118,-0.23376851709493324,-0.23369260025548436,0.23372635004904804,-0.23384634622967881,0.23387140571974924,-0.23364238353550307,0.23367887235998624,1.0000108100329903,-1.0000094977596634,-1.000011752474457,0.23433921399895644,-0.23465440541503801,0.699375560104658,-0.0917712333953946,-0.9935560578160808,-0.9497010727224531,0.9083940886517231,0.9789207840466095,-1.0000078260183056,1.000004175542081,1.0000090909931154,-1.000006984962428,0.33982665102796195,0.1269595630161931,-0.4408827970973441,-0.01771674423967165,-0.9937565495686426,0.991493765756964,-0.9825931343317859,-0.9888788560663494,0.9859121262490915,-1.000009527270648,1.0000087247367557,1.0000087483868119
-0.9999999415800911,1.0000007066325192,1.0000000005029468,1.0000039354787364,1.0000007066325192,0.23387468758314836,-0.23374978797986481,-0.23402318333079228,0.23373729352946432,-0.2337685170949357,-0.23369260025548677,0.23372635004905065,-0.2338463462296813,0.23387140571975193,-0.23364238353550593,0.233678872359989,1.0000108100329899,-1.0000094977596619,-1.0000117524744565,0.2343392139989591,-0.23465440541504073,0.699375560104655,-0.09177123339539166,-0.9935560578160787,-0.9497010727224524,0.9083940886517237,0.9789207840466103,-1.0000078260183052,1.0000041755420803,1.000009090993115,-1.0000069849624271,0.33982665102796433,0.12695956301619601,-0.4408827970973464,-0.017716744239674453,-0.9937565495686417,0.9914937657569642,-0.9825931343317853,-0.988878856066348,0.9859121262490915,-1.000009527270647,1.000008724736756,1.0000087483868112
-1.0000031751479828,1.0000039354787373,1.0000039354787364,1.0000000051158207,1.0000039354787378,0.23372692236621398,-0.2336020176363119,-0.23387542429239885,0.2335895224505095,-0.23362074749434186,-0.23354482732936382,0.23357857871164506,-0.2336985796606594,0.23372364037657972,-0.23349460852530307,0.23353109898248162,1.0000141089251107,-1.000012795954769,-1.0000150517738255,0.23419146796567042,-0.2345066723831781,0.699487001394108,-0.09192364125339927,-0.9935765794386865,-0.9496563003846387,0.9083331515887894,0.9788927427804428,-1.0000111589572573,1.0000075291442658,1.0000124008718645,-1.0000095276561125,0.33968408318410465,0.12680845337339064,-0.44074711198791583,-0.017564069635314615,-0.99374270940288,0.9914770799783205,-0.982567925842084,-0.9888593263843445,0.9858897553261942,-1.0000128249309839,1.000012010426504,1.0000120337805931
-0.9999999415800922,1.0000007066325194,1.0000007066325192,1.0000039354787378,1.0000000005029468,0.23387468758314858,-0.23374978797986481,-0.2340231833307922,0.233737293529464,-0.23376851709493612,-0.2336926002554869,0.23372635004905076,-0.2338463462296816,0.23387140571975193,-0.23364238353550568,0.233678872359989,1.00001081003299,-1.0000094977596634,-1.0000117524744576,0.2343392139989591,-0.23465440541504118,0.6993755601046561,-0.09177123339539195,-0.9935560578160803,-0.9497010727224544,0.9083940886517252,0.9789207840466105,-1.0000078260183067,1.000004175542082,1.0000090909931156,-1.0000069849624278,0.3398266510279651,0.1269595630161959,-0.4408827970973463,-0.017716744239674644,-0.9937565495686433,0.9914937657569659,-0.982593134331786,-0.9888788560663491,0.9859121262490917,-1.0000095272706484,1.0000087247367562,1.0000087483868128
-0.23384461655732391,0.23387468758314545,0.23387468758314836,0.23372692236621398,0.23387468758314858,0.9999999943670803,-0.999992206782454,-0.999989812095063,0.9999944242583769,-0.99999296929457,-0.9999948123835026,0.9999932971078789,-0.9999934655753008,0.9999920502663645,-0.9999953018804774,0.999994200494298,0.23343127306750103,-0.2334353792900307,-0.2334289186484404,0.9999881760430074,-0.9999856225684197,-0.5313571954089633,0.9466888716188622,-0.12217053222513906,-0.5265923606029723,0.6189672729655297,0.42753751550331276,-0.23321374378234178,0.2330812495451579,0.23336088871085217,-0.23358944690601174,0.9938689581821106,0.9940766308808661,-0.975773291099225,-0.9762431145879125,-0.3409256834388139,0.3584615777100872,-0.4104419373840299,-0.37589700407676535,0.39322597388160496,-0.23343879358631278,0.2335148034887446,0.23351669544724854
0.2337197160026006,-0.23374978797986187,-0.23374978797986481,-0.2336020176363119,-0.23374978797986481,-0.999992206782454,0.9999999955919108,0.9999913757589493,-0.9999952946714376,0.9999938355299265,0.9999956887226513,-0.9999934377299792,0.999994321528129,-0.9999929028583098,0.999996184879876,-0.9999943474273213,-0.23330635802365132,0.23331046455116472,0.23330400340428983,-0.9999889666110907,0.9999863713487495,0.5314666475767507,-0.9467311237293016,0.12204293298524307,0.5264834267595002,-0.6188667433597942,-0.42742156457944674,0.23308882221593863,-0.23295632424835178,-0.23323597165687684,0.23346453739999612,-0.9938555942188587,-0.9940914437932733,0.9757459781386203,0.9762718172536495,0.3408050146904476,-0.3583417661027377,0.41032495678373,0.3757780930149551,-0.39310800653878414,0.23331387895200473,-0.2333898913782018,-0.23339178339366734
0.23399311345301488,-0.23402318333078942,-0.23402318333079228,-0.23387542429239885,-0.2340231833307922,-0.999989812095063,0.9999913757589493,0.9999999921879735,-0.9999928600074773,0.9999914100154854,0.9999932410809068,-0.9999917311771432,0.9999919185312192,-0.999989776018959,0.9999937226525515,-0.9999926270536881,-0.23357978742315177,0.23358389328055895,0.233577433243717,-0.9999859756001818,0.999984203053594,0.531226676270922,-0.9466380950212279,0.12232229934046662,0.5267217038119423,-0.6190865670589702,-0.4276752607651421,0.23336226601448565,-0.2332297762863682,-0.23350940549562074,0.2337379545882315,-0.993884334803141,-0.9940584794294153,0.9758052753442508,0.9762084449975234,0.3410690882678526,-0.3586039533495575,0.41058091690450127,0.37603829893224294,-0.3933661366367999,0.23358730745061557,-0.23366331430970444,-0.2336652061994247
-0.23370722141201505,0.23373729352946118,0.23373729352946432,0.2335895224505095,0.233737293529464,0.9999944242583769,-0.9999952946714376,-0.9999928600074773,0.9999999977101655,-0.999994592045577,-0.99999717748094,0.999995657226343,-0.9999958081916501,0.9999943891753008,-0.9999976743226177,0.9999965675727314,0.23329386136059374,-0.23329796792534824,-0.2332915067172603,0.9999904465558205,-0.9999878470003576,-0.53147862668896,0.9467367853667685,-0.12203000513721053,-0.5264729807195604,0.6188572892751663,0.42741025964043144,-0.23307632457589475,0.2329438260378763,0.23322347468814586,-0.23345204152935972,0.9938556125667899,0.9940943549367792,-0.9757445392354546,-0.9762761293086628,-0.3407931042893128,0.35832996822059693,-0.41031352222933665,-0.3757664119670972,0.3930964466083383,-0.23330138234183018,0.23337739513453432,0.2333792871585885
0.2337384452551195,-0.23376851709493324,-0.2337685170949357,-0.23362074749434186,-0.23376851709493612,-0.99999296929457,0.9999938355299265,0.9999914100154854,-0.999994592045577,0.9999999956332167,0.9999957164132117,-0.9999934660959425,0.9999943522692678,-0.9999922028991758,0.9999962115738192,-0.9999951060521369,-0.23332508937671825,0.233329195859274,0.23332273478694826,-0.9999890071365435,0.9999864181274628,0.5314503518152919,-0.9467249508241937,0.12206204836943137,0.5264998129949575,-0.6188818865247363,-0.42743898522847756,0.23310755450953877,-0.23297505707846594,-0.2332547032992736,0.2334832679502468,-0.9938577520813663,-0.9940893848528801,0.975750220676473,0.9762676767970841,0.34082312763255945,-0.35835975355392696,0.41034252881437977,0.3757959484635486,-0.3931257235067239,0.23333261024505772,-0.2334086223059852,-0.23341051431326126
0.23366252779502134,-0.23369260025548436,-0.23369260025548677,-0.23354482732936382,-0.2336926002554869,-0.9999948123835026,0.9999956887226513,0.9999932410809068,-0.99999717748094,0.9999957164132117,0.9999999982734743,-0.9999953211887587,0.9999961976752515,-0.9999947774555606,0.9999980734885894,-0.9999969649976121,-0.23324916252330774,0.23325326919758382,0.23324680780806312,-0.9999908126321366,0.9999881981170562,0.5315178535095249,-0.9467519897969239,0.12198433614628633,0.5264340273300625,-0.6188213521840282,-0.4273687859847553,0.23303162338605146,-0.23289912350193218,-0.23317877512557802,0.2334073446873289,-0.9938509109668744,-0.9940997403689675,0.9757348425433044,0.9762864856400467,0.340749934509463,-0.35828710674453434,0.410271678540727,0.3757238743248161,-0.3930542482466166,0.23325668365175395,-0.2333326973540894,-0.23333458939867355
-0.23369627788680922,0.23372635004904804,0.23372635004905065,0.23357857871164506,0.23372635004905076,0.9999932971078789,-0.9999934377299792,-0.9999917311771432,0.999995657226343,-0.9999934660959425,-0.9999953211887587,0.9999999961079687,-0.9999946813639179,0.9999932620619806,-0.9999965498015726,0.9999954426376108,0.23328291709984525,-0.23328702368555385,-0.23328056244233433,0.9999893141518429,-0.999986711031784,-0.5314873331821897,0.9467392565427076,-0.12201896523063259,-0.5264630490334986,0.6188479642273651,0.42739984775400974,-0.2330653800217752,0.2329328813259552,0.23321253034092007,-0.23344109754947348,0.9938532791139434,0.9940944267321192,-0.9757410366517362,-0.9762774082888652,-0.34078239356190765,0.3583193096272488,-0.4103030429514391,-0.3757558093337623,0.3930859037484828,-0.23329043810676262,0.2333664510228476,0.2333683430494207
0.2338162749497647,-0.23384634622967881,-0.2338463462296813,-0.2336985796606594,-0.2338463462296816,-0.9999934655753008,0.999994321528129,0.9999919185312192,-0.9999958081916501,0.9999943522692678,0.9999961976752515,-0.9999946813639179,0.9999999963317714,-0.999992698910594,0.9999966886989878,-0.9999955861974233,-0.23340292764377824,0.23340703394119414,0.23340057317596363,-0.9999895416739818,0.9999869786213723,0.5313829037039411,-0.9466996742478465,0.12214143997422586,0.526568024212405,-0.6189449716669393,-0.42751145395043827,0.23318539660332474,-0.23305290135232526,-0.23333254274227447,0.23356110294108962,-0.9938670733209296,-0.9940812024648974,0.9757681886537082,0.9762508476234478,0.3408984382943211,-0.35843454973421773,0.4104156196502611,0.3758702030959436,-0.39319940966216366,0.23341044826561558,-0.2334864588374261,-0.2334883508113207
-0.2338413346706251,0.23387140571974924,0.23387140571975193,0.23372364037657972,0.23387140571975193,0.9999920502663645,-0.9999929028583098,-0.999989776018959,0.9999943891753008,-0.9999922028991758,-0.9999947774555606,0.9999932620619806,-0.999992698910594,0.9999999943164679,-0.9999952671268627,0.9999941656135244,0.233427990823917,-0.23343209705418888,-0.23342563639976927,0.9999881388704777,-0.9999855843022762,-0.531360028774798,0.946689922482791,-0.12216718617841243,-0.5265894795858596,0.6189646065233203,0.42753445659682904,-0.23321046137980553,0.23307796705209508,0.2333576064184589,-0.23358616479879954,0.9938685509719002,0.9940769609822897,-0.9757725199229025,-0.976243809183978,-0.3409225060894306,0.35845842177537324,-0.41043885252241324,-0.37589387069834196,0.3932228641953879,-0.23343551135305318,0.23351152131739986,0.23351341327731517
0.23361231068787341,-0.23364238353550307,-0.23364238353550593,-0.23349460852530307,-0.23364238353550568,-0.9999953018804774,0.999996184879876,0.9999937226525515,-0.9999976743226177,0.9999962115738192,0.9999980734885894,-0.9999965498015726,0.9999966886989878,-0.9999952671268627,0.99999999898603,-0.9999967337433067,-0.23319893952664325,0.2332030463242141,0.23319658473047306,-0.9999912773487217,0.9999886460207386,0.5315619674619141,-0.9467691279723265,0.12193301689790874,0.5263902770621784,-0.618780996750317,-0.4273221979997868,0.23298139773350868,-0.2328488963292731,-0.23312855130992652,0.23335712394169983,-0.9938456799754524,-0.9941058458462928,0.9757239967803493,0.976298176784238,0.34070143569464073,-0.358238955355982,0.4102246737777106,0.3756760878107895,-0.3930068439615299,0.23320646082094065,-0.2332824755497271,-0.23328436761749827
-0.23364879981761077,0.23367887235998624,0.233678872359989,0.23353109898248162,0.233678872359989,0.999994200494298,-0.9999943474273213,-0.9999926270536881,0.9999965675727314,-0.9999951060521369,-0.9999969649976121,0.9999954426376108,-0.9999955861974233,0.9999941656135244,-0.9999967337433067,0.9999999974063253,0.23323543326719934,-0.2332395399715952,-0.23323307853193162,0.9999901940572866,-0.9999875750060107,-0.5315293648708332,0.9467559111734185,-0.12197039378575399,-0.5264218270012498,0.6188099994185474,0.4273558934322887,-0.23301789357646138,0.23288539338167247,0.2331650457011968,-0.23339361591978441,0.9938487596284902,0.9941006486776344,-0.975731189197877,-0.9762889148319602,-0.3407365906492612,0.35827384361061926,-0.41025868621609696,-0.3757106967012941,0.3930411608967554,-0.23324295443464846,0.23331896835693636,0.23332086040632663
-1.0000107903559279,1.0000108100329903,1.0000108100329899,1.0000141089251107,1.00001081003299,0.23343127306750103,-0.23330635802365132,-0.23357978742315177,0.23329386136059374,-0.23332508937671825,-0.23324916252330774,0.23328291709984525,-0.23340292764377824,0.233427990823917,-0.23319893952664325,0.23323543326719934,1.0000000150347816,-1.000019078107072,-1.0000213361359847,0.23389585726021692,-0.23421108783361078,0.6997103345590268,-0.09222871680155553,-0.9936180620778328,-0.9495670819165144,0.9082115630988409,0.9788370228703002,-1.0000182418500103,1.0000146533920897,1.0000194376114626,-1.0000172235824114,0.33939887988412126,0.1265060662973404,-0.4404757258341885,-0.017258505331937964,-0.9937154184942687,0.9914440927660122,-0.9825178771247339,-0.9888206461449711,0.985845387243656,-1.0000198372160591,1.0000189987528936,1.0000190215145706
1.000009477942274,-1.0000094977596634,-1.0000094977596619,-1.000012795954769,-1.0000094977596634,-0.2334353792900307,0.23331046455116472,0.23358389328055895,-0.23329796792534824,0.233329195859274,0.23325326919758382,-0.23328702368555385,0.23340703394119414,-0.23343209705418888,0.2332030463242141,-0.2332395399715952,-1.000019078107072,1.0000000131637978,1.0000207529608411,-0.23389996234496752,0.23421519214689487,-0.699706172529557,0.09222407654086488,0.9936162438093621,0.9495672571304477,-0.9082122688730367,-0.9788366653975493,1.0000169264769927,-1.000013337409855,-1.0000173917184958,1.0000159099636352,-0.33940270279442414,-0.12651040193487792,0.4404792213137051,0.0172630203455154,0.9937146210058084,-0.9914433825843226,0.9825174310123593,0.9888200236474509,-0.9858448527790723,1.0000185228886533,-1.0000169535787435,-1.0000177075523637
1.0000117328793154,-1.000011752474457,-1.0000117524744565,-1.0000150517738255,-1.0000117524744576,-0.2334289186484404,0.23330400340428983,0.233577433243717,-0.2332915067172603,0.23332273478694826,0.23324680780806312,-0.23328056244233433,0.23340057317596363,-0.23342563639976927,0.23319658473047306,-0.23323307853193162,-1.0000213361359847,1.0000207529608411,1.0000000163780924,-0.23389350358814845,0.234208734668034,-0.6997128865337832,0.09223144037561169,0.993619298601395,0.9495671475941025,-0.9082113119192939,-0.9788374045086591,1.0000191861010816,-1.000015597997969,-1.0000203814641735,1.0000181668099337,-0.33939670949706424,-0.12650355912608682,0.4404737643524994,0.017255874190292814,0.993716059481642,-0.9914446824143768,0.9825183111289169,0.9888211841719078,-0.985845873383493,1.0000207808573918,-1.0000199421861637,-1.000019964942715
-0.2343091465353556,0.23433921399895644,0.2343392139989591,0.23419146796567042,0.2343392139989591,0.9999881760430074,-0.9999889666110907,-0.9999859756001818,0.9999904465558205,-0.9999890071365435,-0.9999908126321366,0.9999893141518429,-0.9999895416739818,0.9999881388704777,-0.9999912773487217,0.9999901940572866,0.23389585726021692,-0.23389996234496752,-0.23389350358814845,0.9999999889646037,-0.9999813662139077,-0.5309495767460003,0.9465309692926306,-0.12264518544335994,-0.5269972686949399,0.6193408441058276,0.4279686044513169,-0.23367835240409693,0.2335458721445015,0.23382548043459117,-0.23405401037738913,0.9939179451832353,0.9940207833303494,-0.9758741898770971,-0.9761356022440275,-0.3413743894721865,0.35890708171578695,-0.41087686996660616,-0.3763391446389265,0.3936645904485202,-0.23390337624968688,0.23397937670586613,0.23398126845102576
0.23462434036548463,-0.23465440541503801,-0.23465440541504073,-0.2345066723831781,-0.23465440541504118,-0.9999856225684197,0.9999863713487495,0.999984203053594,-0.9999878470003576,0.9999864181274628,0.9999881981170562,-0.999986711031784,0.9999869786213723,-0.9999855843022762,0.9999886460207386,-0.9999875750060107,-0.23421108783361078,0.23421519214689487,0.234208734668034,-0.9999813662139077,0.9999999856261341,0.5306730715673089,-0.9464239308874689,0.12296723653317389,0.5272720397842384,-0.6195943631115538,-0.42826112869414523,0.23399359953110158,-0.2338611287422664,-0.23414071611090706,0.2343692269072592,-0.9939505488935388,-0.9939822597420492,0.9759427436880554,0.9760627549685011,0.34167885782324875,-0.35920937932013614,0.41117200031228734,0.37663916197045144,-0.39396221856680946,0.23421860578623996,-0.23429459984074336,-0.23429649144130965
-0.6993976369992939,0.699375560104658,0.699375560104655,0.699487001394108,0.6993755601046561,-0.5313571954089633,0.5314666475767507,0.531226676270922,-0.53147862668896,0.5314503518152919,0.5315178535095249,-0.5314873331821897,0.5313829037039411,-0.531360028774798,0.5315619674619141,-0.5315293648708332,0.6997103345590268,-0.699706172529557,-0.6997128865337832,-0.5309495767460003,0.5306730715673089,0.999999993785416,-0.7759082318366306,-0.7758776853417739,-0.44036095239602513,0.336461525415939,0.5386393542167242,-0.6998676488486251,0.6999618698549775,0.6997605790467885,-0.6995907220001732,-0.43453932384613536,-0.6201642391767491,0.33318572037035527,0.7022379803657026,-0.6152375983108659,0.6003746975478876,-0.5544067241665148,-0.5852788455069423,0.5699547110870541,-0.6997036882608317,0.6996471111616844,0.6996457409162236
0.09180202031940707,-0.0917712333953946,-0.09177123339539166,-0.09192364125339927,-0.09177123339539195,0.9466888716188622,-0.9467311237293016,-0.9466380950212279,0.9467367853667685,-0.9467249508241937,-0.9467519897969239,0.9467392565427076,-0.9466996742478465,0.946689922482791,-0.9467691279723265,0.9467559111734185,-0.09222871680155553,0.09222407654086488,0.09223144037561169,0.9465309692926306,-0.9464239308874689,-0.7759082318366306,0.999999988276282,0.2040412596366311,-0.22468861017452071,0.332982166837527,0.11355812348470372,0.09245051728539033,-0.0925850057923828,-0.09230023352109509,0.09206545112494655,0.9053157239833511,0.9760514415012338,-0.8533017997213922,-0.9939782090034643,-0.019936931668386802,0.03864650289542304,-0.09483252477515969,-0.057369836481354616,0.07610069766984082,0.09222058946449783,-0.09214247578446977,-0.09214054591408272
0.9935595287575708,-0.9935560578160808,-0.9935560578160787,-0.9935765794386865,-0.9935560578160803,-0.12217053222513906,0.12204293298524307,0.12232229934046662,-0.12203000513721053,0.12206204836943137,0.12198433614628633,-0.12201896523063259,0.12214143997422586,-0.12216718617841243,0.12193301689790874,-0.12197039378575399,-0.9936180620778328,0.9936162438093621,0.993619298601395,-0.12264518544335994,0.12296723653317389,-0.7758776853417739,0.2040412596366311,0.9999999993253539,0.9080859229338255,-0.8551497091971139,-0.9494611942690047,0.9936403741658704,-0.9936513618455025,-0.993624512228399,0.9935957184483777,-0.23104211588005244,-0.013719122699423911,0.336311644133391,-0.09571910382548136,0.9747025259175367,-0.9703484013679448,0.9552029016765511,0.9656465319657155,-0.960597927949738,0.9936158759186193,-0.9936061959100326,-0.9936059995008379
0.9496913571739861,-0.9497010727224531,-0.9497010727224524,-0.9496563003846387,-0.9497010727224544,-0.5265923606029723,0.5264834267595002,0.5267217038119423,-0.5264729807195604,0.5264998129949575,0.5264340273300625,-0.5264630490334986,0.526568024212405,-0.5265894795858596,0.5263902770621784,-0.5264218270012498,-0.9495670819165144,0.9495672571304477,0.9495671475941025,-0.5269972686949399,0.5272720397842384,-0.44036095239602513,-0.22468861017452071,0.9080859229338255,1.0000000040063608,-0.9936415130581062,-0.9936479260651836,0.949494406074634,-0.9494485374908687,-0.9495429078702063,0.9496146855754062,-0.6172611912191133,-0.4312037184136572,0.6997928905984696,0.3299409795812063,0.9787227318825927,-0.9823925733525154,0.9913531236752339,0.9857221659732035,-0.9887098481247423,0.9495683826889814,-0.9495921639519143,-0.949592794036716
-0.9083811294761838,0.9083940886517231,0.9083940886517237,0.9083331515887894,0.9083940886517252,0.6189672729655297,-0.6188667433597942,-0.6190865670589702,0.6188572892751663,-0.6188818865247363,-0.6188213521840282,0.6188479642273651,-0.6189449716669393,0.6189646065233203,-0.618780996750317,0.6188099994185474,0.9082115630988409,-0.9082122688730367,-0.9082113119192939,0.6193408441058276,-0.6195943631115538,0.336461525415939,0.332982166837527,-0.8551497091971139,-0.9936415130581062,0.9999999992116692,0.974648630676224,-0.9081156056421318,0.9080556785184346,0.908179906138315,-0.908276494672304,0.7019239101303307,0.5300554736958069,-0.7757761871923932,-0.43413804810550316,-0.9493864409441334,0.955099706762383,-0.9702633919336314,-0.9604853136766008,0.9655409333003886,-0.9082137610080268,0.9082458002223125,0.9082466329518449
-0.978914435072674,0.9789207840466095,0.9789207840466103,0.9788927427804428,0.9789207840466105,0.42753751550331276,-0.42742156457944674,-0.4276752607651421,0.42741025964043144,-0.42743898522847756,-0.4273687859847553,0.42739984775400974,-0.42751145395043827,0.42753445659682904,-0.4273221979997868,0.4273558934322887,0.9788370228703002,-0.9788366653975493,-0.9788374045086591,0.4279686044513169,-0.42826112869414523,0.5386393542167242,0.11355812348470372,-0.9494611942690047,-0.9936479260651836,0.974648630676224,1.0000000047999287,-0.9787885485239421,0.9787573191759283,0.9788206377667881,-0.9788666964804956,0.5247638293670562,0.3268865337675575,-0.6149228197881913,-0.22156747968452584,-0.9956042007211474,0.9971850664394767,-0.9998289779679106,-0.9984166922338947,0.999298835459795,-0.9788374101340946,0.9788526325621952,0.978853052027125
1.000007813235049,-1.0000078260183056,-1.0000078260183052,-1.0000111589572573,-1.0000078260183067,-0.23321374378234178,0.23308882221593863,0.23336226601448565,-0.23307632457589475,0.23310755450953877,0.23303162338605146,-0.2330653800217752,0.23318539660332474,-0.23321046137980553,0.23298139773350868,-0.23301789357646138,-1.0000182418500103,1.0000169264769927,1.0000191861010816,-0.23367835240409693,0.23399359953110158,-0.6998676488486251,0.09245051728539033,0.9936403741658704,0.949494406074634,-0.9081156056421318,-0.9787885485239421,1.0000000109678977,-1.000011120291334,-1.0000158406362505,1.0000143052930641,-0.3391881228566031,-0.1262844773598974,0.4402742392893695,0.017035472582256767,0.9936875627535394,-0.9914121000089666,0.9824735102039059,0.9887845215779678,-0.9858051374619591,1.00001695360178,-1.0000160976677883,-1.0000161199971473
-1.0000041669440487,1.000004175542081,1.0000041755420803,1.0000075291442658,1.000004175542082,0.2330812495451579,-0.23295632424835178,-0.2332297762863682,0.2329438260378763,-0.23297505707846594,-0.23289912350193218,0.2329328813259552,-0.23305290135232526,0.23307796705209508,-0.2328488963292731,0.23288539338167247,1.0000146533920897,-1.000013337409855,-1.000015597997969,0.2335458721445015,-0.2338611287422664,0.6999618698549775,-0.0925850057923828,-0.9936513618455025,-0.9494485374908687,0.9080556785184346,0.9787573191759283,-1.000011120291334,1.0000000059157637,1.0000129931306503,-1.0000106947058436,0.3390595452951001,0.1261497150702724,-0.4401511041017527,-0.016900034621776902,-0.9936680926805811,0.9913908536765363,-0.9824447677614125,-0.9887607715913181,0.985778888472109,-1.000013364060453,1.000012497521685,1.0000125195885647
-1.0000090735410254,1.0000090909931154,1.000009090993115,1.0000124008718645,1.0000090909931156,0.23336088871085217,-0.23323597165687684,-0.23350940549562074,0.23322347468814586,-0.2332547032992736,-0.23317877512557802,0.23321253034092007,-0.23333254274227447,0.2333576064184589,-0.23312855130992652,0.2331650457011968,1.0000194376114626,-1.0000173917184958,-1.0000203814641735,0.23382548043459117,-0.23414071611090706,0.6997605790467885,-0.09230023352109509,-0.993624512228399,-0.9495429078702063,0.908179906138315,0.9788206377667881,-1.0000158406362505,1.0000129931306503,1.0000000126383577,-1.0000155257516485,0.3393306011746804,0.12643445250610164,-0.44041036277934825,-0.017186508131823822,-0.99370567682946,0.9914330175901016,-0.9825028149165702,-0.9888082394044023,0.9858316513329626,-1.0000174193722198,1.0000173064738407,1.0000173290959722
1.0000069602281614,-1.000006984962428,-1.0000069849624271,-1.0000095276561125,-1.0000069849624278,-0.23358944690601174,0.23346453739999612,0.2337379545882315,-0.23345204152935972,0.2334832679502468,0.2334073446873289,-0.23344109754947348,0.23356110294108962,-0.23358616479879954,0.23335712394169983,-0.23339361591978441,-1.0000172235824114,1.0000159099636352,1.0000181668099337,-0.23405401037738913,0.2343692269072592,-0.6995907220001732,0.09206545112494655,0.9935957184483777,0.9496146855754062,-0.908276494672304,-0.9788666964804956,1.0000143052930641,-1.0000106947058436,-1.0000155257516485,1.0000000095020516,-0.3395514483433296,-0.126667861305095,0.4406208856622242,0.017422016527753485,0.9937298769855744,-0.9914615997986531,0.9825445154247687,0.9888412000170375,-0.985868985232603,1.0000159384422507,-1.000014381596707,-1.0000144046754023
-0.33979755920427274,0.33982665102796195,0.33982665102796433,0.33968408318410465,0.3398266510279651,0.9938689581821106,-0.9938555942188587,-0.993884334803141,0.9938556125667899,-0.9938577520813663,-0.9938509109668744,0.9938532791139434,-0.9938670733209296,0.9938685509719002,-0.9938456799754524,0.9938487596284902,0.33939887988412126,-0.33940270279442414,-0.33939670949706424,0.9939179451832353,-0.9939505488935388,-0.43453932384613536,0.9053157239833511,-0.23104211588005244,-0.6172611912191133,0.7019239101303307,0.5247638293670562,-0.3391881228566031,0.3390595452951001,0.3393306011746804,-0.3395514483433296,0.9999999871005594,0.9760015972579272,-0.9939567655176137,-0.9463413677690884,-0.4426687266493486,0.45937430919281774,-0.5086442918068574,-0.4759427076127785,0.4923681637606328,-0.3394060088274216,0.3394794427267584,0.3394812755225455
-0.12692888851328502,0.1269595630161931,0.12695956301619601,0.12680845337339064,0.1269595630161959,0.9940766308808661,-0.9940914437932733,-0.9940584794294153,0.9940943549367792,-0.9940893848528801,-0.9940997403689675,0.9940944267321192,-0.9940812024648974,0.9940769609822897,-0.9941058458462928,0.9941006486776344,0.1265060662973404,-0.12651040193487792,-0.12650355912608682,0.9940207833303494,-0.9939822597420492,-0.6201642391767491,0.9760514415012338,-0.013719122699423911,-0.4312037184136572,0.5300554736958069,0.3268865337675575,-0.1262844773598974,0.1261497150702724,0.12643445250610164,-0.126667861305095,0.9760015972579272,0.9999999839856397,-0.9462588098218419,-0.9939787624820521,-0.23686942979669415,0.2550120561160225,-0.3090357542900591,-0.27309149627764173,0.29110160655709627,-0.12651388188545354,0.1265915163202578,0.12659344384506552
0.4408550289907686,-0.4408827970973441,-0.4408827970973464,-0.44074711198791583,-0.4408827970973463,-0.975773291099225,0.9757459781386203,0.9758052753442508,-0.9757445392354546,0.975750220676473,0.9757348425433044,-0.9757410366517362,0.9757681886537082,-0.9757725199229025,0.9757239967803493,-0.975731189197877,-0.4404757258341885,0.4404792213137051,0.4404737643524994,-0.9758741898770971,0.9759427436880554,0.33318572037035527,-0.8533017997213922,0.336311644133391,0.6997928905984696,-0.7757761871923932,-0.6149228197881913,0.4402742392893695,-0.4401511041017527,-0.44041036277934825,0.4406208856622242,-0.9939567655176137,-0.9462588098218419,0.9999999911989782,0.9052183241925953,0.5383036192538324,-0.5539830481479021,0.5999669962790649,0.5694905081317803,-0.5848205394813988,0.44048237990951444,-0.4405523689604329,-0.44055412086989815
0.017685828057084567,-0.01771674423967165,-0.017716744239674453,-0.017564069635314615,-0.017716744239674644,-0.9762431145879125,0.9762718172536495,0.9762084449975234,-0.9762761293086628,0.9762676767970841,0.9762864856400467,-0.9762774082888652,0.9762508476234478,-0.976243809183978,0.976298176784238,-0.9762889148319602,-0.017258505331937964,0.0172630203455154,0.017255874190292814,-0.9761356022440275,0.9760627549685011,0.7022379803657026,-0.9939782090034643,-0.09571910382548136,0.3299409795812063,-0.43413804810550316,-0.22156747968452584,0.017035472582256767,-0.016900034621776902,-0.017186508131823822,0.017422016527753485,-0.9463413677690884,-0.9939787624820521,0.9052183241925953,0.9999999846602596,0.12919442096111874,-0.14773168925935817,0.20316897649709292,0.16624409074235427,-0.1847253988209389,0.017266524883498238,-0.017344868919600666,-0.0173468092578507
0.9937530649467841,-0.9937565495686426,-0.9937565495686417,-0.99374270940288,-0.9937565495686433,-0.3409256834388139,0.3408050146904476,0.3410690882678526,-0.3407931042893128,0.34082312763255945,0.340749934509463,-0.34078239356190765,0.3408984382943211,-0.3409225060894306,0.34070143569464073,-0.3407365906492612,-0.9937154184942687,0.9937146210058084,0.993716059481642,-0.3413743894721865,0.34167885782324875,-0.6152375983108659,-0.019936931668386802,0.9747025259175367,0.9787227318825927,-0.9493864409441334,-0.9956042007211474,0.9936875627535394,-0.9936680926805811,-0.99370567682946,0.9937298769855744,-0.4426687266493486,-0.23686942979669415,0.5383036192538324,0.12919442096111874,1.000000005344699,-0.9998318347597583,0.9971933422462487,0.9993056161466971,-0.9984262679738724,0.9937150414735327,-0.9937229907715083,-0.9937232308207493
-0.9914897066889589,0.991493765756964,0.9914937657569642,0.9914770799783205,0.9914937657569659,0.3584615777100872,-0.3583417661027377,-0.3586039533495575,0.35832996822059693,-0.35835975355392696,-0.35828710674453434,0.3583193096272488,-0.35843454973421773,0.35845842177537324,-0.358238955355982,0.35827384361061926,0.9914440927660122,-0.9914433825843226,-0.9914446824143768,0.35890708171578695,-0.35920937932013614,0.6003746975478876,0.03864650289542304,-0.9703484013679448,-0.9823925733525154,0.955099706762383,0.9971850664394767,-0.9914121000089666,0.9913908536765363,0.9914330175901016,-0.9914615997986531,0.45937430919281774,0.2550120561160225,-0.5539830481479021,-0.14773168925935817,-0.9998318347597583,1.0000000056775555,-0.9984220476873459,-0.9998311006759882,0.9993036226081219,-0.9914438681025121,0.991453275394782,0.9914535514412163
0.9825873562368151,-0.9825931343317859,-0.9825931343317853,-0.982567925842084,-0.982593134331786,-0.4104419373840299,0.41032495678373,0.41058091690450127,-0.41031352222933665,0.41034252881437977,0.410271678540727,-0.4103030429514391,0.4104156196502611,-0.41043885252241324,0.4102246737777106,-0.41025868621609696,-0.9825178771247339,0.9825174310123593,0.9825183111289169,-0.41087686996660616,0.41117200031228734,-0.5544067241665148,-0.09483252477515969,0.9552029016765511,0.9913531236752339,-0.9702633919336314,-0.9998289779679106,0.9824735102039059,-0.9824447677614125,-0.9825028149165702,0.9825445154247687,-0.5086442918068574,-0.3090357542900591,0.5999669962790649,0.20316897649709292,0.9971933422462487,-0.9984220476873459,1.0000000051091447,0.9993012953392674,-0.9998294963775228,0.9825181111390032,-0.9825318833621629,-0.9825322670841341
0.9888742231402406,-0.9888788560663494,-0.988878856066348,-0.9888593263843445,-0.9888788560663491,-0.37589700407676535,0.3757780930149551,0.37603829893224294,-0.3757664119670972,0.3757959484635486,0.3757238743248161,-0.3757558093337623,0.3758702030959436,-0.37589387069834196,0.3756760878107895,-0.3757106967012941,-0.9888206461449711,0.9888200236474509,0.9888211841719078,-0.3763391446389265,0.37663916197045144,-0.5852788455069423,-0.057369836481354616,0.9656465319657155,0.9857221659732035,-0.9604853136766008,-0.9984166922338947,0.9887845215779678,-0.9887607715913181,-0.9888082394044023,0.9888412000170375,-0.4759427076127785,-0.27309149627764173,0.5694905081317803,0.16624409074235427,0.9993056161466971,-0.9998311006759882,0.9993012953392674,1.0000000050296638,-0.9998299643313575,0.988820574140409,-0.9888314382491816,-0.988831750248325
-0.9859069202456308,0.9859121262490915,0.9859121262490915,0.9858897553261942,0.9859121262490917,0.39322597388160496,-0.39310800653878414,-0.3933661366367999,0.3930964466083383,-0.3931257235067239,-0.3930542482466166,0.3930859037484828,-0.39319940966216366,0.3932228641953879,-0.3930068439615299,0.3930411608967554,0.985845387243656,-0.9858448527790723,-0.985845873383493,0.3936645904485202,-0.39396221856680946,0.5699547110870541,0.07610069766984082,-0.960597927949738,-0.9887098481247423,0.9655409333003886,0.999298835459795,-0.9858051374619591,0.985778888472109,0.9858316513329626,-0.985868985232603,0.4923681637606328,0.29110160655709627,-0.5848205394813988,-0.1847253988209389,-0.9984262679738724,0.9993036226081219,-0.9998294963775228,-0.9998299643313575,1.0000000048011064,-0.9858454681492712,0.9858577874081277,0.9858581353034115
1.0000095073450046,-1.000009527270648,-1.000009527270647,-1.0000128249309839,-1.0000095272706484,-0.23343879358631278,0.23331387895200473,0.23358730745061557,-0.23330138234183018,0.23333261024505772,0.23325668365175395,-0.23329043810676262,0.23341044826561558,-0.23343551135305318,0.23320646082094065,-0.23324295443464846,-1.0000198372160591,1.0000185228886533,1.0000207808573918,-0.23390337624968688,0.23421860578623996,-0.6997036882608317,0.09222058946449783,0.9936158759186193,0.9495683826889814,-0.9082137610080268,-0.9788374101340946,1.00001695360178,-1.000013364060453,-1.0000174193722198,1.0000159384422507,-0.3394060088274216,-0.12651388188545354,0.44048237990951444,0.017266524883498238,0.9937150414735327,-0.9914438681025121,0.9825181111390032,0.988820574140409,-0.9858454681492712,1.0000000132035525,-1.0000177129902799,-1.0000170045643375
-1.0000087023885118,1.0000087247367557,1.000008724736756,1.000012010426504,1.0000087247367562,0.2335148034887446,-0.2333898913782018,-0.23366331430970444,0.23337739513453432,-0.2334086223059852,-0.2333326973540894,0.2333664510228476,-0.2334864588374261,0.23351152131739986,-0.2332824755497271,0.23331896835693636,1.0000189987528936,-1.0000169535787435,-1.0000199421861637,0.23397937670586613,-0.23429459984074336,0.6996471111616844,-0.09214247578446977,-0.9936061959100326,-0.9495921639519143,0.9082458002223125,0.9788526325621952,-1.0000160976677883,1.000012497521685,1.0000173064738407,-1.000014381596707,0.3394794427267584,0.1265915163202578,-0.4405523689604329,-0.017344868919600666,-0.9937229907715083,0.991453275394782,-0.9825318833621629,-0.9888314382491816,0.9858577874081277,-1.0000177129902799,1.0000000120152688,1.0000169042280445
-1.0000087259786512,1.0000087483868119,1.0000087483868112,1.0000120337805931,1.0000087483868128,0.23351669544724854,-0.23339178339366734,-0.2336652061994247,0.2333792871585885,-0.23341051431326126,-0.23333458939867355,0.2333683430494207,-0.2334883508113207,0.23351341327731517,-0.23328436761749827,0.23332086040632663,1.0000190215145706,-1.0000177075523637,-1.000019964942715,0.23398126845102576,-0.23429649144130965,0.6996457409162236,-0.09214054591408272,-0.9936059995008379,-0.949592794036716,0.9082466329518449,0.978853052027125,-1.0000161199971473,1.0000125195885647,1.0000173290959722,-1.0000144046754023,0.3394812755225455,0.12659344384506552,-0.44055412086989815,-0.0173468092578507,-0.9937232308207493,0.9914535514412163,-0.9825322670841341,-0.988831750248325,0.9858581353034115,-1.0000170045643375,1.0000169042280445,1.0000000120479111
