0.999999999997319,-0.999999973451233,-0.6096056230746749,0.6096055819222048,-0.9999999189206763,0.9999999684348716,0.9999998492761595,-0.5926828458164529,0.5926828012238018,-0.9999998158545054,0.9999997228341844,-0.9999997780488983,0.7488345579630483,-0.6587037118702799,-0.22951966482240174,-0.9709807693796623,-0.8856072079495054,0.5754938180865833,0.642623458809748,0.6587037410308257,-0.5217124662214588,0.35114342775057394,-0.5926827011236925,-0.4670927381955593,0.970980714946779,0.9709806752689644,0.5926827449979234,-0.6262549670025164
-0.999999973451233,0.9999999999839141,0.6096056042450796,-0.6096055633097798,0.9999999098013843,-0.9999999459873062,-0.9999998402325654,0.5926828267631237,-0.5926827823402679,0.9999998067372039,-0.9999997136019826,0.9999997689351532,-0.7488345426044097,0.6587036948510742,0.22951965055903678,0.9709807573979075,0.8856071943104127,-0.575493800428246,-0.6426234410429517,-0.6587037238328171,0.5217124708884295,-0.35114341196781135,0.5926826826138916,0.46709272123389145,-0.9709806951218055,-0.9709806504801918,-0.5926827262651427,0.62625494869645
-0.6096056230746749,0.6096056042450796,1.000000000039511,-1.000000066872525,0.6096059609697185,-0.6096057966619606,-0.6096060992300784,0.9997757012185184,-0.9997757572449301,0.6096061213297814,-0.609606209121014,0.6096061734358081,-0.9818644316817214,0.9979826110555591,0.9114593661434051,0.7814966097398657,0.9080308284282046,-0.9991032430644644,-0.9991032681891048,-0.9979825962660727,-0.35823468398753466,-0.9562858237115591,0.9997758243307566,0.9856586837188155,-0.4023337157934265,-0.7814966257285841,-0.9997758054800685,0.9997758537843449
0.6096055819222048,-0.6096055633097798,-1.000000066872525,1.0000000000752383,-0.609605920804614,0.60960575608809,0.609606059417341,-0.9997757273757025,0.9997757835851374,-0.609606081504551,0.60960616934934,-0.6096061337071057,0.9818644455586821,-0.9979826331356455,-0.9114594225983834,-0.7814965860189764,-0.9080308238886298,0.999103272338562,0.999103291058624,0.997982618173418,0.35823476443271657,0.9562858717110483,-0.9997758378715682,-0.9856587225702284,0.40233365911912466,0.7814966025633295,0.9997758320278348,-0.9997758644315926
-0.9999999189206763,0.9999999098013843,0.6096059609697185,-0.609605920804614,0.9999999999374588,-0.9999999156511391,-0.999999856198158,0.5926831968097287,-0.5926831516978827,0.9999998419272278,-0.9999997625371427,0.9999998117011063,-0.7488348439652871,0.6587040393643211,0.22952019857934128,0.9709807975869567,0.8856073772875698,-0.575494191757876,-0.642623787064813,-0.6587040683197924,0.5217119141588499,-0.35114391931265776,0.5926830534332684,0.46709317629066044,-0.9709804810969461,-0.9709807213970614,-0.5926830973318219,0.626255298921135
0.9999999684348716,-0.9999999459873062,-0.6096057966619606,0.60960575608809,-0.9999999156511391,0.9999999999720752,0.999999873473989,-0.592683025866469,0.5926829810393973,-0.9999998431877656,0.9999997573935501,-0.9999998094189559,0.7488347088738254,-0.6587038817416958,-0.22951993526738376,-0.9709807933941595,-0.8856073021579477,0.5754940101199134,0.642623628440107,0.6587039107465901,-0.5217121938086242,0.351143677792154,-0.5926828820125724,-0.4670929620438242,0.9709806075330795,0.9709807089154671,0.5926829258431934,-0.6262551379914705
0.9999998492761595,-0.9999998402325654,-0.6096060992300784,0.609606059417341,-0.999999856198158,0.999999873473989,0.9999999998833178,-0.5926833413179665,0.592683295988939,-0.9999997980865886,0.9999997370711986,-0.9999997707128945,0.7488349507735095,-0.6587041696668889,-0.22952043378967799,-0.970980779318753,-0.8856074256542737,0.575494345881674,0.6426239190229659,0.6587041985679687,-0.5217116469758678,0.35114413213482637,-0.5926831983637263,-0.4670933620171465,0.9709803428916325,0.9709807098729841,0.5926832422976306,-0.6262554336009392
-0.5926828458164529,0.5926828267631237,0.9997757012185184,-0.9997757273757025,0.5926831968097287,-0.592683025866469,-0.5926833413179665,0.9999999998604888,-0.9999998492596912,0.5926833652398137,-0.5926834582013915,0.5926834198307307,-0.9776295784283382,0.9964142931064426,0.919966318318583,0.7681096111034665,0.8989565764886992,-0.9997757186138075,-0.9979825019237553,-0.9964142775363385,-0.377924535260188,-0.962263744801587,0.9999999330395789,0.9890109690935368,-0.38285732302165665,-0.768109630854461,-0.9999999130075127,0.9991031428765101
0.5926828012238018,-0.5926827823402679,-0.9997757572449301,0.9997757835851374,-0.5926831516978827,0.5926829810393973,0.592683295988939,-0.9999998492596912,0.9999999999432866,-0.5926833197892727,0.5926834125272762,-0.592683374310268,0.9776296167754245,-0.9964143440292369,-0.9199664128011327,-0.7681095941825913,-0.898956587856912,0.9997757796595671,0.9979825544866124,0.9964143283023327,0.3779246508709024,0.9622638292616454,-0.9999999781643345,-0.9890110423152871,0.38285725395169595,0.7681096140879964,0.9999999711613323,-0.9991031971965985
-0.9999998158545054,0.9999998067372039,0.6096061213297814,-0.609606081504551,0.9999998419272278,-0.9999998431877656,-0.9999997980865886,0.5926833652398137,-0.5926833197892727,0.9999999998476339,-0.9999997135826373,0.9999997598784274,-0.7488349618480367,0.6587041883048806,0.22952048320855095,0.9709807579543385,0.8856074207823061,-0.5754943716880974,-0.6426239386462487,-0.6587042172722795,0.5217115775047765,-0.3511441747002603,0.592683222146356,0.4670933967053873,-0.9709802945441608,-0.9709806898631863,-0.5926832661836569,0.6262554543662157
0.9999997228341844,-0.9999997136019826,-0.609606209121014,0.60960616934934,-0.9999997625371427,0.9999997573935501,0.9999997370711986,-0.5926834582013915,0.5926834125272762,-0.9999997135826373,0.9999999997452227,-0.9999996750696436,0.7488350153505201,-0.6587042655588952,-0.22952065207250816,-0.970980707705447,-0.8856074236159608,0.5754944704895365,0.6426240189879693,0.6587042946126371,-0.5217113572675091,0.3511443232743292,-0.5926833149717936,-0.4670935218675493,0.9709801530435371,0.970980642886797,0.5926833591615526,-0.6262555382180693
-0.9999997780488983,0.9999997689351532,0.6096061734358081,-0.6096061337071057,0.9999998117011063,-0.9999998094189559,-0.9999997707128945,0.5926834198307307,-0.592683374310268,0.9999997598784274,-0.9999996750696436,0.9999999998100121,-0.7488349985423566,0.6587042360167968,0.22952057508917142,0.970980742397569,0.8856074324527349,-0.5754944296502063,-0.6426239875457858,-0.6587042649740118,0.5217114665919695,-0.3511442569270437,0.5926832768351229,0.46709346758885395,-0.9709802305855835,-0.9709806762313128,-0.5926833208862727,0.6262555047492382
0.7488345579630483,-0.7488345426044097,-0.9818644316817214,0.9818644455586821,-0.7488348439652871,0.7488347088738254,0.7488349507735095,-0.9776295784283382,0.9776296167754245,-0.7488349618480367,0.7488350153505201,-0.7488349985423566,1.000000000007108,-0.9919200870249227,-0.8169363426318303,-0.8856072115285673,-0.9709806601632478,0.9729564254184737,0.989011261533253,0.9919200925876026,0.17473591759202328,0.8835021221396747,-0.9776296542754144,-0.9357904849985786,0.5686003692894939,0.8856072248989282,0.9776296462773956,-0.9856588711087213
-0.6587037118702799,0.6587036948510742,0.9979826110555591,-0.9979826331356455,0.6587040393643211,-0.6587038817416958,-0.6587041696668889,0.9964142931064426,-0.9964143440292369,0.6587041883048806,-0.6587042655588952,0.6587042360167968,-0.9919200870249227,1.0000000000624718,0.8835018864170985,0.8195312969041902,0.9327946319801742,-0.9943993300301689,-0.9997758586469488,-1.0000000610510853,-0.2982367972529962,-0.9357903057810057,0.996414402927644,0.9729563383997093,-0.4596456344920167,-0.8195313100772769,-0.9964143868973361,0.999103281991389
-0.22951966482240174,0.22951965055903678,0.9114593661434051,-0.9114594225983834,0.22952019857934128,-0.22951993526738376,-0.22952043378967799,0.919966318318583,-0.9199664128011327,0.22952048320855095,-0.22952065207250816,0.22952057508917142,-0.8169363426318303,0.8835018864170985,1.0000000001567577,0.4556320960618477,0.6553005487355537,-0.9280612908559724,-0.8932230137773968,-0.8835018499489391,-0.7106034540683925,-0.991920169795797,0.9199665555533693,0.9678106788749558,0.009914194480685888,-0.4556321892511322,-0.9199665060444885,0.9025435806914338
-0.9709807693796623,0.9709807573979075,0.7814966097398657,-0.7814965860189764,0.9709807975869567,-0.9709807933941595,-0.970980779318753,0.7681096111034665,-0.7681095941825913,0.9709807579543385,-0.970980707705447,0.970980742397569,-0.8856072115285673,0.8195312969041902,0.4556320960618477,0.9999999999637098,0.9709806085567917,-0.7543778728350014,-0.8072132057655134,-0.8195313143023368,0.3025424275558666,-0.5648818295241833,0.7681095377237417,0.6650030882201223,-0.8856072160575734,-0.9999998785628879,-0.7681095651502482,0.794533070598497
-0.8856072079495054,0.8856071943104127,0.9080308284282046,-0.9080308238886298,0.8856073772875698,-0.8856073021579477,-0.8856074256542737,0.8989565764886992,-0.898956587856912,0.8856074207823061,-0.8856074236159608,0.8856074324527349,-0.9709806601632478,0.9327946319801742,0.6553005487355537,0.9709806085567917,0.9999999998519439,-0.8894791081275947,-0.924953626862837,-0.93279463661262,0.06581302035022621,-0.7458355390682678,0.898956579069198,0.8243178302825025,-0.7488342921645375,-0.9709805615444791,-0.8989565886414068,0.916697786350024
0.5754938180865833,-0.575493800428246,-0.9991032430644644,0.999103272338562,-0.575494191757876,0.5754940101199134,0.575494345881674,-0.9997757186138075,0.9997757796595671,-0.5754943716880974,0.5754944704895365,-0.5754944296502063,0.9729564254184737,-0.9943993300301689,-0.9280612908559724,-0.7543778728350014,-0.8894791081275947,1.0000000000960987,0.996414410988712,0.9943993254395732,0.397445758308784,0.9678106279830823,-0.9997758436384747,-0.9919201112251682,0.3632086160944636,0.7543779012581094,0.9997758338996582,-0.9979826170100891
0.642623458809748,-0.6426234410429517,-0.9991032681891048,0.999103291058624,-0.642623787064813,0.642623628440107,0.6426239190229659,-0.9979825019237553,0.9979825544866124,-0.6426239386462487,0.6426240189879693,-0.6426239875457858,0.989011261533253,-0.9997758586469488,-0.8932230137773968,-0.8072132057655134,-0.924953626862837,0.996414410988712,1.000000000082183,0.9997758583352951,0.3183818388167586,0.9430460894766545,-0.9979826158550791,-0.9776295239536053,0.44073649263547643,0.8072132190002871,0.9979825989963066,-0.9997758699785124
0.6587037410308257,-0.6587037238328171,-0.9979825962660727,0.997982618173418,-0.6587040683197924,0.6587039107465901,0.6587041985679687,-0.9964142775363385,0.9964143283023327,-0.6587042172722795,0.6587042946126371,-0.6587042649740118,0.9919200925876026,-1.0000000610510853,-0.8835018499489391,-0.8195313143023368,-0.93279463661262,0.9943993254395732,0.9997758583352951,1.0000000000439013,0.29823674341689044,0.9357902752044175,-0.9964143868619068,-0.9729563141096772,0.45964567365571146,0.8195313271586993,0.9964143710147997,-0.9991032678307155
-0.5217124662214588,0.5217124708884295,-0.35823468398753466,0.35823476443271657,0.5217119141588499,-0.5217121938086242,-0.5217116469758678,-0.377924535260188,0.3779246508709024,0.5217115775047765,-0.5217113572675091,0.5217114665919695,0.17473591759202328,-0.2982367972529962,-0.7106034540683925,0.3025424275558666,0.06581302035022621,0.397445758308784,0.3183818388167586,0.29823674341689044,1.000000000213962,0.6156003797538129,-0.37792485060690445,-0.5106491378373978,-0.7106034928734005,-0.3025422696758334,0.3779247746659854,-0.33838414789668586
0.35114342775057394,-0.35114341196781135,-0.9562858237115591,0.9562858717110483,-0.35114391931265776,0.351143677792154,0.35114413213482637,-0.962263744801587,0.9622638292616454,-0.3511441747002603,0.3511443232743292,-0.3511442569270437,0.8835021221396747,-0.9357903057810057,-0.991920169795797,-0.5648818295241833,-0.7458355390682678,0.9678106279830823,0.9430460894766545,0.9357902752044175,0.6156003797538129,1.0000000001329756,-0.9622639518076466,-0.9919201399412959,0.11702476143799008,0.5648819028495001,0.9622639107073993,-0.9498789611281898
-0.5926827011236925,0.5926826826138916,0.9997758243307566,-0.9997758378715682,0.5926830534332684,-0.5926828820125724,-0.5926831983637263,0.9999999330395789,-0.9999999781643345,0.592683222146356,-0.5926833149717936,0.5926832768351229,-0.9776296542754144,0.996414402927644,0.9199665555533693,0.7681095377237417,0.898956579069198,-0.9997758436384747,-0.9979826158550791,-0.9964143868619068,-0.37792485060690445,-0.9622639518076466,1.000000000045084,0.9890111428300875,-0.3828571150287335,-0.7681095586588556,-1.0000000291391657,0.9991032614181119
-0.4670927381955593,0.46709272123389145,0.9856586837188155,-0.9856587225702284,0.46709317629066044,-0.4670929620438242,-0.4670933620171465,0.9890109690935368,-0.9890110423152871,0.4670933967053873,-0.4670935218675493,0.46709346758885395,-0.9357904849985786,0.9729563383997093,0.9678106788749558,0.6650030882201223,0.8243178302825025,-0.9919201112251682,-0.9776295239536053,-0.9729563141096772,-0.5106491378373978,-0.9919201399412959,0.9890111428300875,1.000000000121909,-0.24207263345440796,-0.6650031398340968,-0.9890111106688438,0.9818642800859011
0.970980714946779,-0.9709806951218055,-0.4023337157934265,0.40233365911912466,-0.9709804810969461,0.9709806075330795,0.9709803428916325,-0.38285732302165665,0.38285725395169595,-0.9709802945441608,0.9709801530435371,-0.9709802305855835,0.5686003692894939,-0.4596456344920167,0.009914194480685888,-0.8856072160575734,-0.7488342921645375,0.3632086160944636,0.44073649263547643,0.45964567365571146,-0.7106034928734005,0.11702476143799008,-0.3828571150287335,-0.24207263345440796,1.0000000000404106,0.8856071036227214,0.3828571724564587,-0.42162964426808175
0.9709806752689644,-0.9709806504801918,-0.7814966257285841,0.7814966025633295,-0.9709807213970614,0.9709807089154671,0.9709807098729841,-0.768109630854461,0.7681096140879964,-0.9709806898631863,0.970980642886797,-0.9709806762313128,0.8856072248989282,-0.8195313100772769,-0.4556321892511322,-0.9999998785628879,-0.9709805615444791,0.7543779012581094,0.8072132190002871,0.8195313271586993,-0.3025422696758334,0.5648819028495001,-0.7681095586588556,-0.6650031398340968,0.8856071036227214,0.9999999998664022,0.7681095857847259,-0.7945330849126704
0.5926827449979234,-0.5926827262651427,-0.9997758054800685,0.9997758320278348,-0.5926830973318219,0.5926829258431934,0.5926832422976306,-0.9999999130075127,0.9999999711613323,-0.5926832661836569,0.5926833591615526,-0.5926833208862727,0.9776296462773956,-0.9964143868973361,-0.9199665060444885,-0.7681095651502482,-0.8989565886414068,0.9997758338996582,0.9979825989963066,0.9964143710147997,0.3779247746659854,0.9622639107073993,-1.0000000291391657,-0.9890111106688438,0.3828571724564587,0.7681095857847259,1.0000000000157592,-0.9991032435548459
-0.6262549670025164,0.62625494869645,0.9997758537843449,-0.9997758644315926,0.626255298921135,-0.6262551379914705,-0.6262554336009392,0.9991031428765101,-0.9991031971965985,0.6262554543662157,-0.6262555382180693,0.6262555047492382,-0.9856588711087213,0.999103281991389,0.9025435806914338,0.794533070598497,0.916697786350024,-0.9979826170100891,-0.9997758699785124,-0.9991032678307155,-0.33838414789668586,-0.9498789611281898,0.9991032614181119,0.9818642800859011,-0.42162964426808175,-0.7945330849126704,-0.9991032435548459,1.0000000000791371
