0.9999999979395517,-0.8090168957409228,-0.8090160033031168,0.3090132336633065,0.80901817751691,0.309017837856236,0.30901783785732717,0.3090132336713863,-0.8090144964167709,-0.8090153889037635,-0.3090094592524668,0.9999971214462199,-0.8090246057857088,0.8090300191886135,-0.8090321357493668,-0.8090349434477829,0.30900243543596523,-0.3089959132535864,0.30899503481858914,0.3089916964432314,0.8090387071207324,-0.8090415252590833,-0.3089886222834079,0.3089871160725411
-0.8090168957409228,0.9999999979215523,0.30901787818294085,-0.8090137459567015,-0.9999989891276634,0.3090132336633098,0.3090132336713895,-0.8090122391126988,0.3090178782040259,0.99999709591606,0.8090103034091396,-0.8090153889037635,0.999999446315842,-1.0000007305554148,1.0000022873631167,1.000002988737238,-0.809007470221395,0.8090044897591993,-0.8090049544649395,-0.809003445540449,-1.0000048137849988,1.0000066816343218,0.809002787636976,-0.8090030695524043
-0.8090160033031168,0.30901787818294085,0.9999999966822776,0.3090178781829459,-0.30902198558874794,-0.8090160033031191,-0.809014496416772,0.30901787820403054,0.99999536521299,0.30901787820402876,-0.30902198558875993,-0.809014496416775,0.30903039387808146,-0.3090378519633849,0.30903971732754393,0.3090435538247856,0.30903039387808384,-0.30903785196339617,0.3090397173275488,0.3090435538247896,-0.30904781550049915,0.3090505063032069,-0.3090478155005102,0.3090505063032158
0.3090132336633065,-0.8090137459567015,0.3090178781829459,0.9999999979215523,0.8090103034091461,-0.8090168957409339,-0.8090153889037681,0.9999970959160616,0.309017878204036,-0.809012239112703,-0.9999989891276708,0.30901323367138495,-0.8090074702213982,0.8090044897592054,-0.8090049544649413,-0.8090034455404537,0.9999994463158446,-1.00000073055542,1.000002287363125,1.0000029887372395,0.809002787636979,-0.8090030695524089,-1.0000048137850077,1.0000066816343274
0.80901817751691,-0.9999989891276634,-0.30902198558874794,0.8090103034091461,0.9999999983227933,-0.3090094592524787,-0.3090094592524787,0.8090103034091459,-0.30902198558874694,-0.9999989891276686,-0.8090085259916697,0.8090181775169139,-1.0000007305061056,1.0000001560958476,-1.0000016504082319,-1.0000021846281144,0.8090059794257168,-0.8090032371360059,0.8090037434755745,0.8090023424663934,1.0000038507535534,-1.0000056370428008,-0.8090017840240484,0.8090021164113393
0.309017837856236,0.3090132336633098,-0.8090160033031191,-0.8090168957409339,-0.3090094592524787,0.9999999979395517,0.999997121446219,-0.8090153889037638,-0.8090144964167721,0.30901323367138994,0.8090181775169193,0.309017837857329,0.3090024354359691,-0.308995913253597,0.30899503481859286,0.3089916964432379,-0.8090246057857104,0.8090300191886214,-0.809032135749372,-0.8090349434477855,-0.3089886222834177,0.3089871160725502,0.8090387071207419,-0.8090415252590909
0.30901783785732717,0.3090132336713895,-0.809014496416772,-0.8090153889037681,-0.3090094592524787,0.999997121446219,0.9999999979395517,-0.8090168957409279,-0.8090160033031287,0.30901323366331096,0.8090181775169228,0.30901783785624315,0.30900243543596895,-0.3089959132535976,0.30899503481859325,0.3089916964432378,-0.8090246057857158,0.8090300191886254,-0.8090321357493749,-0.8090349434477909,-0.30898862228341784,0.3089871160725504,0.8090387071207459,-0.8090415252590939
0.3090132336713863,-0.8090122391126988,0.30901787820403054,0.9999970959160616,0.8090103034091459,-0.8090153889037638,-0.8090168957409279,0.9999999979215523,0.30901787818294896,-0.8090137459567034,-0.9999989891276678,0.30901323366330596,-0.8090074702213972,0.8090044897592039,-0.8090049544649393,-0.8090034455404531,0.9999994463158426,-1.0000007305554184,1.0000022873631218,1.000002988737238,0.809002787636979,-0.8090030695524082,-1.0000048137850053,1.0000066816343254
-0.8090144964167709,0.3090178782040259,0.99999536521299,0.309017878204036,-0.30902198558874694,-0.8090144964167721,-0.8090160033031287,0.30901787818294896,0.9999999966822776,0.3090178781829423,-0.30902198558876404,-0.8090160033031271,0.30903039387808057,-0.30903785196338407,0.3090397173275435,0.3090435538247846,0.3090303938780878,-0.30903785196340017,0.3090397173275528,0.3090435538247939,-0.30904781550049815,0.30905050630320624,-0.30904781550051447,0.3090505063032201
-0.8090153889037635,0.99999709591606,0.30901787820402876,-0.809012239112703,-0.9999989891276686,0.30901323367138994,0.30901323366331096,-0.8090137459567034,0.3090178781829423,0.9999999979215523,0.8090103034091431,-0.8090168957409317,0.9999994463158473,-1.0000007305554193,1.0000022873631225,1.000002988737243,-0.8090074702213997,0.8090044897592018,-0.8090049544649425,-0.8090034455404516,-1.0000048137850046,1.0000066816343265,0.8090027876369787,-0.8090030695524072
-0.3090094592524668,0.8090103034091396,-0.30902198558875993,-0.9999989891276708,-0.8090085259916697,0.8090181775169193,0.8090181775169228,-0.9999989891276678,-0.30902198558876404,0.8090103034091431,0.9999999983227933,-0.30900945925246615,0.8090059794257135,-0.8090032371360054,0.8090037434755688,0.8090023424663929,-1.000000730506104,1.0000001560958514,-1.0000016504082363,-1.0000021846281135,-0.8090017840240445,0.8090021164113362,1.0000038507535587,-1.0000056370428043
0.9999971214462199,-0.8090153889037635,-0.809014496416775,0.30901323367138495,0.8090181775169139,0.309017837857329,0.30901783785624315,0.30901323366330596,-0.8090160033031271,-0.8090168957409317,-0.30900945925246615,0.9999999979395517,-0.8090246057857132,0.8090300191886174,-0.8090321357493709,-0.8090349434477884,0.3090024354359644,-0.3089959132535857,0.30899503481858825,0.30899169644323093,0.8090387071207356,-0.8090415252590869,-0.30898862228340773,0.3089871160725404
-0.8090246057857088,0.999999446315842,0.30903039387808146,-0.8090074702213982,-1.0000007305061056,0.3090024354359691,0.30900243543596895,-0.8090074702213972,0.30903039387808057,0.9999994463158473,0.8090059794257135,-0.8090246057857132,1.00000000003447,-1.0000018285843681,1.000001698886771,1.0000019199217192,-0.8090039516738905,0.8090016390548944,-0.8090022205178673,-0.8090010137452401,-1.0000032879844503,1.0000049212519853,0.8090006340190344,-0.8090010570842363
0.8090300191886135,-1.0000007305554148,-0.3090378519633849,0.8090044897592054,1.0000001560958476,-0.308995913253597,-0.3089959132535976,0.8090044897592039,-0.30903785196338407,-1.0000007305554193,-0.8090032371360054,0.8090300191886174,-1.0000018285843681,1.0000000000052767,-1.0000027880541313,-1.0000027294543745,0.8090016390548976,-0.8089996789832561,0.8090003220823216,0.8089992734833815,1.0000023241819247,-1.0000038206349804,-0.8089990386720769,0.8089995352032804
-0.8090321357493668,1.0000022873631167,0.30903971732754393,-0.8090049544649413,-1.0000016504082319,0.30899503481859286,0.30899503481859325,-0.8090049544649393,0.3090397173275435,1.0000022873631225,0.8090037434755688,-0.8090321357493709,1.000001698886771,-1.0000027880541313,1.0000000018139996,1.000002427307842,-0.8090022205178655,0.8090003220823179,-0.8090009759074501,-0.8089999549990115,-1.000003481518858,1.0000049535455389,0.8089997454854176,-0.8090002548123855
-0.8090349434477829,1.000002988737238,0.3090435538247856,-0.8090034455404537,-1.0000021846281144,0.3089916964432379,0.3089916964432378,-0.8090034455404531,0.3090435538247846,1.000002988737243,0.8090023424663929,-0.8090349434477884,1.0000019199217192,-1.0000027294543745,1.000002427307842,1.0000000015631305,-0.8090010137452434,0.8089992734833806,-0.8089999549990153,-0.8089990046701214,-1.0000046194468388,1.0000045193903029,0.8089988596242952,-0.8089994016462677
0.30900243543596523,-0.809007470221395,0.30903039387808384,0.9999994463158446,0.8090059794257168,-0.8090246057857104,-0.8090246057857158,0.9999994463158426,0.3090303938780878,-0.8090074702213997,-1.000000730506104,0.3090024354359644,-0.8090039516738905,0.8090016390548976,-0.8090022205178655,-0.8090010137452434,1.00000000003447,-1.000001828584365,1.0000016988867706,1.0000019199217156,0.8090006340190343,-0.8090010570842372,-1.0000032879844534,1.0000049212519857
-0.3089959132535864,0.8090044897591993,-0.30903785196339617,-1.00000073055542,-0.8090032371360059,0.8090300191886214,0.8090300191886254,-1.0000007305554184,-0.30903785196340017,0.8090044897592018,1.0000001560958514,-0.3089959132535857,0.8090016390548944,-0.8089996789832561,0.8090003220823179,0.8089992734833806,-1.000001828584365,1.0000000000052767,-1.0000027880541313,-1.0000027294543765,-0.8089990386720748,0.8089995352032789,1.0000023241819296,-1.0000038206349835
0.30899503481858914,-0.8090049544649395,0.3090397173275488,1.000002287363125,0.8090037434755745,-0.809032135749372,-0.8090321357493749,1.0000022873631218,0.3090397173275528,-0.8090049544649425,-1.0000016504082363,0.30899503481858825,-0.8090022205178673,0.8090003220823216,-0.8090009759074501,-0.8089999549990153,1.0000016988867706,-1.0000027880541313,1.0000000018139996,1.0000024273078407,0.8089997454854189,-0.809000254812388,-1.0000034815188636,1.000004953545543
0.3089916964432314,-0.809003445540449,0.3090435538247896,1.0000029887372395,0.8090023424663934,-0.8090349434477855,-0.8090349434477909,1.000002988737238,0.3090435538247939,-0.8090034455404516,-1.0000021846281135,0.30899169644323093,-0.8090010137452401,0.8089992734833815,-0.8089999549990115,-0.8089990046701214,1.0000019199217156,-1.0000027294543765,1.0000024273078407,1.0000000015631305,0.8089988596242924,-0.8089994016462674,-1.0000046194468402,1.0000045193903013
0.8090387071207324,-1.0000048137849988,-0.30904781550049915,0.809002787636979,1.0000038507535534,-0.3089886222834177,-0.30898862228341784,0.809002787636979,-0.30904781550049815,-1.0000048137850046,-0.8090017840240445,0.8090387071207356,-1.0000032879844503,1.0000023241819247,-1.000003481518858,-1.0000046194468388,0.8090006340190343,-0.8089990386720748,0.8089997454854189,0.8089988596242924,1.0000000028026652,-1.0000067693678563,-0.8089987732587892,0.8089993449902547
-0.8090415252590833,1.0000066816343218,0.3090505063032069,-0.8090030695524089,-1.0000056370428008,0.3089871160725502,0.3089871160725504,-0.8090030695524082,0.30905050630320624,1.0000066816343265,0.8090021164113362,-0.8090415252590869,1.0000049212519853,-1.0000038206349804,1.0000049535455389,1.0000045193903029,-0.8090010570842372,0.8089995352032789,-0.809000254812388,-0.8089994016462674,-1.0000067693678563,1.0000000047039035,0.8089993449902556,-0.8089999317503945
-0.3089886222834079,0.809002787636976,-0.3090478155005102,-1.0000048137850077,-0.8090017840240484,0.8090387071207419,0.8090387071207459,-1.0000048137850053,-0.30904781550051447,0.8090027876369787,1.0000038507535587,-0.30898862228340773,0.8090006340190344,-0.8089990386720769,0.8089997454854176,0.8089988596242952,-1.0000032879844534,1.0000023241819296,-1.0000034815188636,-1.0000046194468402,-0.8089987732587892,0.8089993449902556,1.0000000028026652,-1.0000067693678576
0.3089871160725411,-0.8090030695524043,0.3090505063032158,1.0000066816343274,0.8090021164113393,-0.8090415252590909,-0.8090415252590939,1.0000066816343254,0.3090505063032201,-0.8090030695524072,-1.0000056370428043,0.3089871160725404,-0.8090010570842363,0.8089995352032804,-0.8090002548123855,-0.8089994016462677,1.0000049212519857,-1.0000038206349835,1.000004953545543,1.0000045193903013,0.8089993449902547,-0.8089999317503945,-1.0000067693678576,1.0000000047039035
