1.0000000098765012,-1.0000102362857377,-1.0000188104713554,0.9999980635707812,1.000003534462551,-0.9992801363743058,0.9992749436382746,0.9992835034816124,-0.9991421317270325,-0.9993921156924898,-1.0000079367563015,1.0000108373908863,-0.9999836441860741,0.9993965102569298,-0.9993994064841732,0.999494505122009,-0.960746785030241,0.9706671800376082,0.5933938029163892,0.9851586283556544,-0.6237863798043384,-0.9910090063643373,0.019153338966589828,-0.9979586062702466,0.9996700502028051,-0.9999788960222039,0.9990007180920947,0.9999549253532387,-0.9995880678772031
-1.0000102362857377,1.0000000024465079,1.0000119997704766,-0.9999944702897634,-0.9999999420265189,0.9992749436382731,-0.9992697509289694,-0.9992783107281615,0.9991369401450131,0.9993869219367086,1.0000027354189922,-1.0000056360379788,0.9999784434146007,-0.9993913164786258,0.9993942126909319,-0.9994893103960394,0.9607418254852464,-0.9706620979582725,-0.5933908264925767,-0.9851535273356212,0.6237830279800538,0.9910038330811929,-0.01915310239022657,0.9979534238996582,-0.9996648466921042,0.999973693527359,-0.998995527681702,-0.9999497251696783,0.9995828722265248
-1.0000188104713554,1.0000119997704766,1.0000000146934587,-1.0000014361294283,-1.0000069065745687,0.9992835034816154,-0.9992783107281658,-0.9992868706001738,0.9991454981361526,0.9993954834103899,1.0000113088837292,-1.000014209528323,0.9999870159970675,-0.9993998779895855,0.9994027742265047,-0.9994978734180391,0.9607500047386688,-0.970670470995245,-0.5933957452917105,-0.9851619381102908,0.6237885404611002,0.9910123581373336,-0.01915347652694033,0.9979619670599973,-0.999673423284728,0.9999822687485066,-0.9990040837918756,-0.9999582968336853,0.9995914367220502
0.9999980635707812,-0.9999944702897634,-1.0000014361294283,0.9999999946342812,0.9999775789991305,-0.9991421317270307,0.9991369401450122,0.9991454981361484,-0.9989939499971233,-0.9992642930468285,-0.9999819815960806,0.9999848823733365,-0.9999474991701877,0.9992686866306115,-0.9992715822682061,0.9993768656835778,-0.9598461021751344,0.971419313408112,0.5908151730759112,0.984595272950018,-0.6262713935193431,-0.9914203701786355,0.02234443664139827,-0.9977392151243336,0.9997357991422149,-0.9999851179283015,0.9988423589523839,0.9999085913078682,-0.9994806124813225
1.000003534462551,-0.9999999420265189,-1.0000069065745687,0.9999775789991305,1.000000002450436,-0.9993921156924876,0.999386921936709,0.9993954834103872,-0.9992642930468285,-0.9994939087636779,-1.000009441881366,1.0000107334184118,-0.9999953411334694,0.9994983041956088,-0.9995012009373634,0.9995861109886709,-0.9616225461323262,0.9698896511126085,0.5959573035099468,0.9856963818543751,-0.6212847852863896,-0.9905717612251057,0.015961326524850338,-0.9981520171196763,0.9995782392252756,-0.9999482208659752,0.9991330618298001,0.9999752045322848,-0.9996694859331949
-0.9992801363743058,0.9992749436382731,0.9992835034816154,-0.9991421317270307,-0.9993921156924876,1.0000000098765012,-1.000010236285732,-1.0000188104713572,0.9999980635707832,1.000003534462553,0.9993965102569273,-0.9993994064841748,0.9994945051220121,-1.000007936756303,1.0000108373908847,-0.9999836441860708,0.9706671800376091,-0.9607467850302416,-0.6237863798043396,-0.9910090063643385,0.5933938029163878,0.9851586283556536,0.019153338966591875,0.9996700502028066,-0.9979586062702457,0.9990007180920943,-0.9999788960222042,-0.9995880678772077,0.9999549253532347
0.9992749436382746,-0.9992697509289694,-0.9992783107281658,0.9991369401450122,0.999386921936709,-1.000010236285732,1.0000000024465079,1.0000119997704762,-0.9999944702897612,-0.9999999420265209,-0.9993913164786248,0.9993942126909328,-0.9994893103960429,1.0000027354189946,-1.0000056360379794,0.999978443414598,-0.9706620979582744,0.9607418254852461,0.6237830279800575,0.9910038330811957,-0.5933908264925732,-0.9851535273356209,-0.019153102390231633,-0.9996648466921055,0.9979534238996582,-0.9989955276817017,0.99997369352736,0.9995828722265293,-0.9999497251696746
0.9992835034816124,-0.9992783107281615,-0.9992868706001738,0.9991454981361484,0.9993954834103872,-1.0000188104713572,1.0000119997704762,1.0000000146934587,-1.0000014361294276,-1.0000069065745678,-0.9993998779895819,0.9994027742265039,-0.9994978734180388,1.0000113088837275,-1.0000142095283202,0.9999870159970615,-0.9706704709952442,0.960750004738666,0.6237885404611002,0.9910123581373315,-0.5933957452917079,-0.9851619381102882,-0.019153476526943457,-0.9996734232847261,0.997961967059993,-0.9990040837918731,0.9999822687485069,0.9995914367220519,-0.99995829683368
-0.9991421317270325,0.9991369401450131,0.9991454981361526,-0.9989939499971233,-0.9992642930468285,0.9999980635707832,-0.9999944702897612,-1.0000014361294276,0.9999999946342812,0.9999775789991329,0.9992686866306115,-0.9992715822682087,0.9993768656835833,-0.999981981596085,0.9999848823733363,-0.9999474991701861,0.9714193134081133,-0.9598461021751371,-0.6262713935193447,-0.9914203701786378,0.5908151730759117,0.9845952729500196,0.022344436641400116,0.9997357991422177,-0.997739215124334,0.9988423589523846,-0.9999851179283035,-0.9994806124813268,0.9999085913078658
-0.9993921156924898,0.9993869219367086,0.9993954834103899,-0.9992642930468285,-0.9994939087636779,1.000003534462553,-0.9999999420265209,-1.0000069065745678,0.9999775789991329,1.000000002450436,0.9994983041956088,-0.9995012009373654,0.9995861109886761,-1.0000094418813683,1.0000107334184118,-0.999995341133473,0.9698896511126098,-0.9616225461323293,-0.6212847852863889,-0.9905717612251069,0.5959573035099495,0.9856963818543741,0.015961326524848832,0.9995782392252771,-0.9981520171196766,0.9991330618298015,-0.9999482208659765,-0.9996694859332008,0.9999752045322818
-1.0000079367563015,1.0000027354189922,1.0000113088837292,-0.9999819815960806,-1.000009441881366,0.9993965102569273,-0.9993913164786248,-0.9993998779895819,0.9992686866306115,0.9994983041956088,1.0000000087378778,-1.0000167442022905,0.999998133665843,-0.9995026996464746,0.9995055964008588,-0.9995905072463799,0.9616267430174398,-0.9698939524144427,-0.5959598213482139,-0.9857006986162076,0.621287623019676,0.9905761395653291,-0.015961528121892457,0.9981564028774098,-0.9995826429974232,0.9999526237519173,-0.9991374544178246,-0.9999796054400282,0.9996738829780916
1.0000108373908863,-1.0000056360379788,-1.000014209528323,0.9999848823733365,1.0000107334184118,-0.9993994064841748,0.9993942126909328,0.9994027742265039,-0.9992715822682087,-0.9995012009373654,-1.0000167442022905,1.0000000128807185,-1.0000010338321323,0.9995055964008633,-0.9995084931635625,0.9995934044748118,-0.9616295132674677,0.9698967822095163,0.5959614947147326,0.9857035459613565,-0.6212894788105494,-0.9905790220264074,0.015961643085244902,-0.998159293756777,0.9995855441497369,-0.9999555246626165,0.9991403494561044,0.9999825053326585,-0.9996767806679586
-0.9999836441860741,0.9999784434146007,0.9999870159970675,-0.9999474991701877,-0.9999953411334694,0.9994945051220121,-0.9994893103960429,-0.9994978734180388,0.9993768656835833,0.9995861109886761,0.999998133665843,-1.0000010338321323,0.9999999958755325,-0.9995905072463837,0.9995934044748123,-0.999668125142586,0.9624890783062281,-0.9691028170796285,-0.5985150807075862,-0.9862246760676824,0.6187772339839058,0.9901250118749201,-0.012769167001948259,0.9983358498218193,-0.9994768369579875,0.9999079507537084,-0.999255818123695,-0.999987497277147,0.9997413114952172
0.9993965102569298,-0.9993913164786258,-0.9993998779895855,0.9992686866306115,0.9994983041956088,-1.000007936756303,1.0000027354189946,1.0000113088837275,-0.999981981596085,-1.0000094418813683,-0.9995026996464746,0.9995055964008633,-0.9995905072463837,1.0000000087378778,-1.0000167442022914,0.9999981336658411,-0.9698939524144451,0.9616267430174423,0.6212876230196774,0.9905761395653321,-0.5959598213482142,-0.9857006986162105,-0.015961528121893942,-0.9995826429974253,0.9981564028774113,-0.999137454417825,0.9999526237519201,0.9996738829780966,-0.9999796054400248
-0.9993994064841732,0.9993942126909319,0.9994027742265047,-0.9992715822682061,-0.9995012009373634,1.0000108373908847,-1.0000056360379794,-1.0000142095283202,0.9999848823733363,1.0000107334184118,0.9995055964008588,-0.9995084931635625,0.9995934044748123,-1.0000167442022914,1.0000000128807185,-1.000001033832129,0.9698967822095146,-0.9616295132674677,-0.6212894788105499,-0.9905790220264066,0.5959614947147317,0.9857035459613552,0.0159616430852461,0.9995855441497358,-0.9981592937567743,0.9991403494561023,-0.999955524662616,-0.9996767806679605,0.9999825053326535
0.999494505122009,-0.9994893103960394,-0.9994978734180391,0.9993768656835778,0.9995861109886709,-0.9999836441860708,0.999978443414598,0.9999870159970615,-0.9999474991701861,-0.999995341133473,-0.9995905072463799,0.9995934044748118,-0.999668125142586,0.9999981336658411,-1.000001033832129,0.9999999958755325,-0.9691028170796255,0.962489078306226,0.6187772339839046,0.9901250118749176,-0.5985150807075835,-0.9862246760676793,-0.012769167001949935,-0.999476836957984,0.9983358498218164,-0.9992558181236916,0.9999079507537072,0.9997413114952193,-0.9999874972771418
-0.960746785030241,0.9607418254852464,0.9607500047386688,-0.9598461021751344,-0.9616225461323262,0.9706671800376091,-0.9706620979582744,-0.9706704709952442,0.9714193134081133,0.9698896511126098,0.9616267430174398,-0.9616295132674677,0.9624890783062281,-0.9698939524144451,0.9698967822095146,-0.9691028170796255,0.9999999907538428,-0.8658531808343615,-0.7934006628432877,-0.9940900357365207,0.38245544434632767,0.9149843921882707,0.25897581110784545,0.9764729719713621,-0.9533322245264129,0.9589420816501079,-0.9721682047986832,-0.9633470952905663,0.9683074424371912
0.9706671800376082,-0.9706620979582725,-0.970670470995245,0.971419313408112,0.9698896511126085,-0.9607467850302416,0.9607418254852461,0.960750004738666,-0.9598461021751371,-0.9616225461323293,-0.9698939524144427,0.9698967822095163,-0.9691028170796285,0.9616267430174423,-0.9616295132674677,0.962489078306226,-0.8658531808343615,0.9999999907538428,0.3824554443463273,0.9149843921882718,-0.7934006628432935,-0.9940900357365178,0.2589758111078455,-0.9533322245264155,0.9764729719713624,-0.9721682047986822,0.9589420816501082,0.9683074424371975,-0.9633470952905641
0.5933938029163892,-0.5933908264925767,-0.5933957452917105,0.5908151730759112,0.5959573035099468,-0.6237863798043396,0.6237830279800575,0.6237885404611002,-0.6262713935193447,-0.6212847852863889,-0.5959598213482139,0.5959614947147326,-0.5985150807075862,0.6212876230196774,-0.6212894788105499,0.6187772339839046,-0.7934006628432877,0.3824554443463273,1.0000000039540702,0.7227237516573933,0.2589801432404252,-0.48037700495653274,-0.7934117750468451,-0.6435306944065993,0.5726356397744772,-0.5882343234039732,0.6287544805611409,0.6010675225486273,-0.6162642694469848
0.9851586283556544,-0.9851535273356212,-0.9851619381102908,0.984595272950018,0.9856963818543751,-0.9910090063643385,0.9910038330811957,0.9910123581373315,-0.9914203701786378,-0.9905717612251069,-0.9857006986162076,0.9857035459613565,-0.9862246760676824,0.9905761395653321,-0.9905790220264066,0.9901250118749176,-0.9940900357365207,0.9149843921882718,0.7227237516573933,0.9999999853669906,-0.4803770049565339,-0.9533293012195729,-0.152726417512359,-0.994085827056336,0.9804373704663252,-0.9840285232730822,0.9918283961539086,0.9867442522730226,-0.9896695295258758
-0.6237863798043384,0.6237830279800538,0.6237885404611002,-0.6262713935193431,-0.6212847852863896,0.5933938029163878,-0.5933908264925732,-0.5933957452917079,0.5908151730759117,0.5959573035099495,0.621287623019676,-0.6212894788105494,0.6187772339839058,-0.5959598213482142,0.5959614947147317,-0.5985150807075835,0.38245544434632767,-0.7934006628432935,0.2589801432404252,-0.4803770049565339,1.0000000039540702,0.7227237516573938,-0.7934117750468431,0.5726356397744807,-0.6435306944066023,0.6287544805611376,-0.5882343234039703,-0.6162642694469886,0.6010675225486268
-0.9910090063643373,0.9910038330811929,0.9910123581373336,-0.9914203701786355,-0.9905717612251057,0.9851586283556536,-0.9851535273356209,-0.9851619381102882,0.9845952729500196,0.9856963818543741,0.9905761395653291,-0.9905790220264074,0.9901250118749201,-0.9857006986162105,0.9857035459613552,-0.9862246760676793,0.9149843921882707,-0.9940900357365178,-0.48037700495653274,-0.9533293012195729,0.7227237516573938,0.9999999853669906,-0.15272641751235905,0.9804373704663261,-0.9940858270563361,0.991828396153907,-0.9840285232730812,-0.9896695295258799,0.9867442522730181
0.019153338966589828,-0.01915310239022657,-0.01915347652694033,0.02234443664139827,0.015961326524850338,0.019153338966591875,-0.019153102390231633,-0.019153476526943457,0.022344436641400116,0.015961326524848832,-0.015961528121892457,0.015961643085244902,-0.012769167001948259,-0.015961528121893942,0.0159616430852461,-0.012769167001949935,0.25897581110784545,0.2589758111078455,-0.7934117750468451,-0.152726417512359,-0.7934117750468431,-0.15272641751235905,1.0000000077736448,0.04467791650090172,0.04467791650090545,-0.02553571906356546,-0.025535719063570092,0.009576958400529774,0.009576958400528393
-0.9979586062702466,0.9979534238996582,0.9979619670599973,-0.9977392151243336,-0.9981520171196763,0.9996700502028066,-0.9996648466921055,-0.9996734232847261,0.9997357991422177,0.9995782392252771,0.9981564028774098,-0.998159293756777,0.9983358498218193,-0.9995826429974253,0.9995855441497358,-0.999476836957984,0.9764729719713621,-0.9533322245264155,-0.6435306944065993,-0.994085827056336,0.5726356397744807,0.9804373704663261,0.04467791650090172,0.9999999846178808,-0.9959878816187675,0.9975164131133236,-0.9997997626029022,-0.9985108644546751,0.9993666122359142
0.9996700502028051,-0.9996648466921042,-0.999673423284728,0.9997357991422149,0.9995782392252756,-0.9979586062702457,0.9979534238996582,0.997961967059993,-0.997739215124334,-0.9981520171196766,-0.9995826429974232,0.9995855441497369,-0.9994768369579875,0.9981564028774113,-0.9981592937567743,0.9983358498218164,-0.9533322245264129,0.9764729719713624,0.5726356397744772,0.9804373704663252,-0.6435306944066023,-0.9940858270563361,0.04467791650090545,-0.9959878816187675,0.9999999846178808,-0.9997997626028978,0.9975164131133215,0.9993666122359177,-0.9985108644546699
-0.9999788960222039,0.999973693527359,0.9999822687485066,-0.9999851179283015,-0.9999482208659752,0.9990007180920943,-0.9989955276817017,-0.9990040837918731,0.9988423589523846,0.9991330618298015,0.9999526237519173,-0.9999555246626165,0.9999079507537084,-0.999137454417825,0.9991403494561023,-0.9992558181236916,0.9589420816501079,-0.9721682047986822,-0.5882343234039732,-0.9840285232730822,0.6287544805611376,0.991828396153907,-0.02553571906356546,0.9975164131133236,-0.9997997626028978,0.9999999890887354,-0.9986805901822814,-0.9998604620381901,0.9993697494439009
0.9990007180920947,-0.998995527681702,-0.9990040837918756,0.9988423589523839,0.9991330618298001,-0.9999788960222042,0.99997369352736,0.9999822687485069,-0.9999851179283035,-0.9999482208659765,-0.9991374544178246,0.9991403494561044,-0.999255818123695,0.9999526237519201,-0.999955524662616,0.9999079507537072,-0.9721682047986832,0.9589420816501082,0.6287544805611409,0.9918283961539086,-0.5882343234039703,-0.9840285232730812,-0.025535719063570092,-0.9997997626029022,0.9975164131133215,-0.9986805901822814,0.9999999890887354,0.9993697494439061,-0.9998604620381814
0.9999549253532387,-0.9999497251696783,-0.9999582968336853,0.9999085913078682,0.9999752045322848,-0.9995880678772077,0.9995828722265293,0.9995914367220519,-0.9994806124813268,-0.9996694859332008,-0.9999796054400282,0.9999825053326585,-0.999987497277147,0.9996738829780966,-0.9996767806679605,0.9997413114952193,-0.9633470952905663,0.9683074424371975,0.6010675225486273,0.9867442522730226,-0.6162642694469886,-0.9896695295258799,0.009576958400529774,-0.9985108644546751,0.9993666122359177,-0.9998604620381901,0.9993697494439061,0.9999999912464024,-0.9998059176900722
-0.9995880678772031,0.9995828722265248,0.9995914367220502,-0.9994806124813225,-0.9996694859331949,0.9999549253532347,-0.9999497251696746,-0.99995829683368,0.9999085913078658,0.9999752045322818,0.9996738829780916,-0.9996767806679586,0.9997413114952172,-0.9999796054400248,0.9999825053326535,-0.9999874972771418,0.9683074424371912,-0.9633470952905641,-0.6162642694469848,-0.9896695295258758,0.6010675225486268,0.9867442522730181,0.009576958400528393,0.9993666122359142,-0.9985108644546699,0.9993697494439009,-0.9998604620381814,-0.9998059176900722,0.9999999912464024
