1.0000000027633376,-1.0000025379868398,-1.000003012553101,1.000003056602885,1.0000035592011713,-0.9141132291468137,0.9141142979265118,0.914114297926511,-0.9141175079189254,-0.9141175079189251,0.914122411181139,-0.9141356483318123,0.6714160432169228,-0.9142901533639453,-1.0000027310726325,0.8090166940493769,0.8090166940493776,-0.3090154170739577,-0.3090154170739582,0.20733821395771718,-0.20735312839931713,-0.20735312839931705,1.000002579508024,0.9142924505701105,-0.914131201019135
-1.0000025379868398,1.0000000021530076,1.0000034746916553,-1.0000017423414533,-1.0000031219172945,0.9141418276067472,-0.914142896218249,-0.9141428962182495,0.9141461057169021,0.9141461057169022,-0.9141510081777935,0.9141642435259559,-0.6714687432015752,0.914260798730327,1.0000022910794542,-0.8090163372630186,-0.809016337263019,0.30901528066276707,0.3090152806627677,-0.20726817773513284,0.20728309228373695,0.2072830922837371,-1.0000021643955745,-0.9142630957697686,0.9141597967314317
-1.000003012553101,1.0000034746916553,1.0000000028311287,-1.0000030926980779,-1.0000027159998846,0.9140878585714458,-0.9140889274982189,-0.9140889274982189,0.9140921379223749,0.9140921379223749,-0.914097041885357,0.9141102806116069,-0.6713696265063336,0.9143155820311857,1.0000027860039455,-0.8090167392131915,-0.8090167392131937,0.3090154344402481,0.30901543444024826,-0.20739953625702548,0.20741445059990576,0.20741445059990574,-1.000002612630682,-0.9143178793827091,0.9141058328462391
1.000003056602885,-1.0000017423414533,-1.0000030926980779,1.0000000016256423,1.0000027359495065,-0.9141729174778628,0.9141739859070723,0.9141739859070716,-0.9141771948705838,-0.9141771948705839,0.9141820964629696,-0.9141944341001255,0.6715259449159643,-0.9142281544128056,-1.000001902173657,0.8090160217374381,0.809016021737439,-0.3090151600006183,-0.3090151600006181,0.20719225585451012,-0.20720717052046372,-0.2072071705204639,1.0000018024701878,0.9142313470291408,-0.9141908836246738
1.0000035592011713,-1.0000031219172945,-1.0000027159998846,1.0000027359495065,1.0000000023381328,-0.9140667245026646,0.9140677935494927,0.914067793549493,-0.914071004326037,-0.9140710043260376,0.9140759088611051,-0.9140891488727687,0.6713313473907038,-0.914336057347168,-1.0000015489266791,0.8090164636732898,0.8090164636732915,-0.30901532928833675,-0.30901532928833825,0.20744968500574462,-0.2074645992619934,-0.20746459926199334,1.000002253447485,0.9143383548168665,-0.9140847007383062
-0.9141132291468137,0.9141418276067472,0.9140878585714458,-0.9141729174778628,-0.9140667245026646,0.9999999974165511,-0.9999955184992916,-0.9999955184992884,0.9999965558854279,0.9999965558854294,-0.9999965043063932,0.9999984091695712,-0.9142253255222207,0.6715265436280378,0.9140505792577084,-0.7394754705553789,-0.739475470555377,0.2824524119976615,0.28245241199765814,0.20711677886566227,-0.2071024979589838,-0.20710249795898372,-0.9141917432367563,-0.671527698554233,0.9999972818178697
0.9141142979265118,-0.914142896218249,-0.9140889274982189,0.9141739859070723,0.9140677935494927,-0.9999955184992916,0.9999999974532929,0.9999964399409481,-0.9999956858315503,-0.9999965815890921,0.9999965300414629,-0.9999984349776312,0.9142243043594661,-0.6715284711683169,-0.9140516483926726,0.7394763355281739,0.7394763355281733,-0.2824527423906294,-0.2824527423906259,-0.2071142620146584,0.20709998109584637,0.207099981095846,0.9141928115539952,0.6715296261024021,-0.999997307604136
0.914114297926511,-0.9141428962182495,-0.9140889274982189,0.9141739859070716,0.914067793549493,-0.9999955184992884,0.9999964399409481,0.9999999974532929,-0.9999965815890913,-0.9999956858315491,0.9999965300414629,-0.9999984349776314,0.9142243043594676,-0.6715284711683164,-0.9140516483926733,0.7394763355281746,0.7394763355281723,-0.2824527423906301,-0.2824527423906252,-0.20711426201465877,0.20709998109584646,0.20709998109584657,0.9141928115539949,0.671529626102401,-0.9999973076041363
-0.9141175079189254,0.9141461057169021,0.9140921379223749,-0.9141771948705838,-0.914071004326037,0.9999965558854279,-0.9999956858315503,-0.9999965815890913,0.9999999976559916,0.9999967232948506,-0.9999957760822359,0.9999985769911754,-0.9142213552863994,0.6715341959330544,0.9140548594278798,-0.7394789333817863,-0.7394789333817839,0.28245373469040475,0.28245373469039925,0.2071068585004776,-0.20709257754495947,-0.20709257754495944,-0.9141960201887855,-0.6715353508904645,0.999997449553391
-0.9141175079189251,0.9141461057169022,0.9140921379223749,-0.9141771948705839,-0.9140710043260376,0.9999965558854294,-0.9999965815890921,-0.9999956858315491,0.9999967232948506,0.9999999976559916,-0.9999957760822329,0.9999985769911776,-0.9142213552863998,0.6715341959330543,0.9140548594278803,-0.7394789333817869,-0.7394789333817843,0.2824537346904054,0.28245373469039925,0.2071068585004783,-0.20709257754495994,-0.20709257754495977,-0.9141960201887865,-0.6715353508904651,0.9999974495533923
0.914122411181139,-0.9141510081777935,-0.914097041885357,0.9141820964629696,0.9140759088611051,-0.9999965043063932,0.9999965300414629,0.9999965300414629,-0.9999957760822359,-0.9999957760822329,0.9999999975824801,-0.999997630272693,0.9142163608908882,-0.6715432081629358,-0.9140597643830539,0.7394829016908019,0.7394829016908007,-0.2824552504629927,-0.28245525046298803,-0.20709490322052998,0.20708062220998602,0.20708062220998585,0.9142009212477604,0.6715443631575007,-0.9999973984894912
-0.9141356483318123,0.9141642435259559,0.9141102806116069,-0.9141944341001255,-0.9140891488727687,0.9999984091695712,-0.9999984349776312,-0.9999984349776314,0.9999985769911754,0.9999985769911776,-0.999997630272693,1.0000000003092733,-0.9142057180926981,0.6715654960394587,0.9140730053373861,-0.7394936141052033,-0.739493614105201,0.2824593422681332,0.28245934226812885,0.20706755991282455,-0.2070532787455191,-0.20705327874551915,-0.9142141534422025,-0.6715666511226032,0.9999993045508633
0.6714160432169228,-0.6714687432015752,-0.6713696265063336,0.6715259449159643,0.6713313473907038,-0.9142253255222207,0.9142243043594661,0.9142243043594676,-0.9142213552863994,-0.9142213552863998,0.9142163608908882,-0.9142057180926981,0.9999999986129663,-0.31368478767791674,-0.6713026653590535,0.5430850118260542,0.54308501182605,-0.20743766850440623,-0.20743766850439985,-0.5857639391238022,0.5857536377037639,0.5857536377037632,0.6715608306709151,0.3136846028678293,-0.9142081020302507
-0.9142901533639453,0.914260798730327,0.9143155820311857,-0.9142281544128056,-0.914336057347168,0.6715265436280378,-0.6715284711683169,-0.6715284711683164,0.6715341959330544,0.6715341959330543,-0.6715432081629358,0.6715654960394587,-0.31368478767791674,0.9999999976381254,0.914350673331736,-0.7397276217948717,-0.7397276217948755,0.28255021809406267,0.2825502180940667,-0.5858222461897029,0.585836131184966,0.5858361311849652,-0.9142084752512779,-0.9999988469214521,0.6715584948221829
-1.0000027310726325,1.0000022910794542,1.0000027860039455,-1.000001902173657,-1.0000015489266791,0.9140505792577084,-0.9140516483926726,-0.9140516483926733,0.9140548594278798,0.9140548594278803,-0.9140597643830539,0.9140730053373861,-0.6713026653590535,0.914350673331736,1.000000001160532,-0.8090149030457409,-0.8090149030457415,0.30901507540164047,0.3090150754016417,-0.20748664119804458,0.20750155538170598,0.2075015553817058,-1.0000014178719163,-0.9143529708874885,0.9140685569325394
0.8090166940493769,-0.8090163372630186,-0.8090167392131915,0.8090160217374381,0.8090164636732898,-0.7394754705553789,0.7394763355281739,0.7394763355281746,-0.7394789333817863,-0.7394789333817869,0.7394829016908019,-0.7394936141052033,0.5430850118260542,-0.7397276217948717,-0.8090149030457409,0.9999999998289626,0.3090112411601591,-0.8090156931184055,0.3090212437449569,0.1678710082930679,-0.16788307406534714,-0.16788307406534808,0.8090156293819115,0.7397294805775692,-0.7394900151977615
0.8090166940493776,-0.809016337263019,-0.8090167392131937,0.809016021737439,0.8090164636732915,-0.739475470555377,0.7394763355281733,0.7394763355281723,-0.7394789333817839,-0.7394789333817843,0.7394829016908007,-0.739493614105201,0.54308501182605,-0.7397276217948755,-0.8090149030457415,0.3090112411601591,0.9999999998289626,0.30902124374495793,-0.8090156931184073,0.16787100829307325,-0.16788307406535413,-0.167883074065353,0.809015629381912,0.7397294805775729,-0.7394900151977583
-0.3090154170739577,0.30901528066276707,0.3090154344402481,-0.3090151600006183,-0.30901532928833675,0.2824524119976615,-0.2824527423906294,-0.2824527423906301,0.28245373469040475,0.2824537346904054,-0.2824552504629927,0.2824593422681332,-0.20743766850440623,0.28255021809406267,0.30901507540164047,-0.8090156931184055,0.30902124374495793,0.9999999983264939,-0.8090164409369583,-0.0641225183749387,0.06412712706511522,0.06412712706511661,-0.30901501004744464,-0.28255092808679066,0.2824579676010125
-0.3090154170739582,0.3090152806627677,0.30901543444024826,-0.3090151600006181,-0.30901532928833825,0.28245241199765814,-0.2824527423906259,-0.2824527423906252,0.28245373469039925,0.28245373469039925,-0.28245525046298803,0.28245934226812885,-0.20743766850439985,0.2825502180940667,0.3090150754016417,0.3090212437449569,-0.8090156931184073,-0.8090164409369583,0.9999999983264939,-0.064122518374946,0.06412712706512498,0.0641271270651236,-0.30901501004744447,-0.2825509280867962,0.2824579676010069
0.20733821395771718,-0.20726817773513284,-0.20739953625702548,0.20719225585451012,0.20744968500574462,0.20711677886566227,-0.2071142620146584,-0.20711426201465877,0.2071068585004776,0.2071068585004783,-0.20709490322052998,0.20706755991282455,-0.5857639391238022,-0.5858222461897029,-0.20748664119804458,0.1678710082930679,0.16787100829307325,-0.0641225183749387,-0.064122518374946,0.9999999964588667,-0.9999956842103608,-0.9999956842103614,0.20714568295800123,0.5858258982259155,0.20707557060608908
-0.20735312839931713,0.20728309228373695,0.20741445059990576,-0.20720717052046372,-0.2074645992619934,-0.2071024979589838,0.20709998109584637,0.20709998109584646,-0.20709257754495947,-0.20709257754495994,0.20708062220998602,-0.2070532787455191,0.5857536377037639,0.585836131184966,0.20750155538170598,-0.16788307406534714,-0.16788307406535413,0.06412712706511522,0.06412712706512498,-0.9999956842103608,0.9999999986482156,0.999998110331134,-0.20716059769208653,-0.5858388874941408,-0.2070612894939007
-0.20735312839931705,0.2072830922837371,0.20741445059990574,-0.2072071705204639,-0.20746459926199334,-0.20710249795898372,0.207099981095846,0.20709998109584657,-0.20709257754495944,-0.20709257754495977,0.20708062220998585,-0.20705327874551915,0.5857536377037632,0.5858361311849652,0.2075015553817058,-0.16788307406534808,-0.167883074065353,0.06412712706511661,0.0641271270651236,-0.9999956842103614,0.999998110331134,0.9999999986482156,-0.20716059769208633,-0.5858388874941401,-0.20706128949390035
1.000002579508024,-1.0000021643955745,-1.000002612630682,1.0000018024701878,1.000002253447485,-0.9141917432367563,0.9141928115539952,0.9141928115539949,-0.9141960201887855,-0.9141960201887865,0.9142009212477604,-0.9142141534422025,0.6715608306709151,-0.9142084752512779,-1.0000014178719163,0.8090156293819115,0.809015629381912,-0.30901501004744464,-0.30901501004744447,0.20714568295800123,-0.20716059769208653,-0.20716059769208633,1.0000000009547831,0.914211667756423,-0.9142088117966416
0.9142924505701105,-0.9142630957697686,-0.9143178793827091,0.9142313470291408,0.9143383548168665,-0.671527698554233,0.6715296261024021,0.671529626102401,-0.6715353508904645,-0.6715353508904651,0.6715443631575007,-0.6715666511226032,0.3136846028678293,-0.9999988469214521,-0.9143529708874885,0.7397294805775692,0.7397294805775729,-0.28255092808679066,-0.2825509280867962,0.5858258982259155,-0.5858388874941408,-0.5858388874941401,0.914211667756423,1.0000000019937252,-0.6715596498783574
-0.914131201019135,0.9141597967314317,0.9141058328462391,-0.9141908836246738,-0.9140847007383062,0.9999972818178697,-0.999997307604136,-0.9999973076041363,0.999997449553391,0.9999974495533923,-0.9999973984894912,0.9999993045508633,-0.9142081020302507,0.6715584948221829,0.9140685569325394,-0.7394900151977615,-0.7394900151977583,0.2824579676010125,0.2824579676010069,0.20707557060608908,-0.2070612894939007,-0.20706128949390035,-0.9142088117966416,-0.6715596498783574,0.9999999986957948
