0.9999999985090375,-0.9999977375137569,-1.0000007301459928,1.000000583427603,1.0000007051585955,0.9999992514618797,-1.0000001072466904,0.9999981856661448,-0.9999981416312502,0.9999982183884811,0.9999988153877588,-0.9999986640520176,-0.9999988798862234,1.0000003069554444,-1.000000647152032,-1.0000004424902518,1.0000005661775955,-0.999997874939416,0.9999988153877581,-0.9999988798862232,0.9999988999695718
-0.9999977375137569,0.9999999991924524,1.0000012067461852,-1.0000010600279525,-1.0000011817586965,-0.9999990685090144,1.0000005838470971,-0.9999980027121792,0.99999861822951,-0.999998694985672,-0.9999992919835697,0.9999991406482259,0.9999993564817284,-1.0000007835560165,1.000001123752539,1.0000009190908488,-1.0000010427781663,0.9999983515366734,-0.9999992919835687,0.9999993564817277,-0.999999376564966
-1.0000007301459928,1.0000012067461852,1.0000000025379496,-1.0000027335585109,-1.0000028552890505,-1.0000020611435976,1.000002916930125,-1.0000009953433273,1.0000009513060182,-1.0000010280606113,-1.0000016250572663,1.0000014737223095,1.0000016895550434,-1.0000031166396166,1.0000034568365783,1.000003252174704,-1.0000033758621754,1.0000006846111649,-1.000001625057266,1.0000016895550423,-1.000001709638133
1.000000583427603,-1.0000010600279525,-1.0000027335585109,1.000000002327564,1.0000033681240055,1.0000019144252406,-1.0000021106586379,1.00000084862539,-1.0000008045884923,1.0000008813435737,1.0000014783409026,-1.0000013270057544,-1.0000015428388218,1.0000029699212003,-1.0000026505650852,-1.0000031054562843,1.000003229143779,-1.0000005378940728,1.0000014783409004,-1.0000015428388211,1.0000015629219643
1.0000007051585955,-1.0000011817586965,-1.0000028552890505,1.0000033681240055,1.000000002502119,1.0000020361560849,-1.0000028919425452,1.0000009703557524,-1.0000009263183107,1.0000010030727295,1.00000160006911,-1.0000014487342312,-1.0000016645668333,1.0000030916520437,-1.0000034318489588,-1.0000032271871206,1.0000033508745756,-1.0000006596233288,1.0000016000691097,-1.0000016645668337,1.0000016846499045
0.9999992514618797,-0.9999990685090144,-1.0000020611435976,1.0000019144252406,1.0000020361560849,1.0000000004176037,-1.0000007786908445,0.9999995166605328,-0.9999994726246915,0.9999995493809213,1.0000001463793315,-0.9999999950438583,-1.0000002108775483,1.0000016379530656,-1.0000019781498812,-1.0000017734880144,1.00000189717544,-0.9999992059316202,1.0000001463793307,-1.0000002108775472,1.0000002309608003
-1.0000001072466904,1.0000005838470971,1.000002916930125,-1.0000021106586379,-1.0000028919425452,-1.0000007786908445,1.0000000016447488,-1.000000372444976,1.0000003284086096,-1.0000004051642932,-1.0000010021622991,1.0000008508269538,1.0000010666603822,-1.0000018341864176,1.000002833936532,1.000002629274593,-1.0000027529620767,1.0000000617148233,-1.0000010021622974,1.0000010666603825,-1.0000010867435867
0.9999981856661448,-0.9999980027121792,-1.0000009953433273,1.00000084862539,1.0000009703557524,0.9999995166605328,-1.000000372444976,0.9999999988893155,-0.9999977472732656,0.999998483581239,0.9999990805770397,-0.9999989292422806,-0.9999991450747897,1.000000572153932,-1.0000009123501121,-1.0000007076886879,1.0000008313758795,-0.9999981401325855,0.999999080577038,-0.9999991450747893,0.9999991651578787
-0.9999981416312502,0.99999861822951,1.0000009513060182,-1.0000008045884923,-1.0000009263183107,-0.9999994726246915,1.0000003284086096,-0.9999977472732656,0.9999999988261683,-0.9999977799877295,-0.9999990365336645,0.9999988851997476,0.9999991010308149,-1.0000005281176767,1.0000008683134356,1.0000006636523566,-1.0000007873393888,0.999998096092633,-0.999999036533664,0.999999101030814,-0.9999991211136842
0.9999982183884811,-0.999998694985672,-1.0000010280606113,1.0000008813435737,1.0000010030727295,0.9999995493809213,-1.0000004051642932,0.999998483581239,-0.9999977799877295,0.9999999989362262,0.9999991132804239,-0.9999983023944061,-0.9999991777768303,1.0000006048735273,-1.0000009450688025,-1.000000740408126,1.0000008640949771,-0.9999975132904116,0.999999113280422,-0.9999991777768309,0.9999991978594298
0.9999988153877588,-0.9999992919835697,-1.0000016250572663,1.0000014783409026,1.00000160006911,1.0000001463793315,-1.0000010021622991,0.9999990805770397,-0.9999990365336645,0.9999991132804239,0.9999999997922683,-0.9999988993797858,-0.9999991152065134,1.0000012018718794,-1.0000015420665915,-1.000001337406426,1.000001461093062,-0.9999987698332562,0.9999997102643224,-0.9999997747596419,0.9999997948418438
-0.9999986640520176,0.9999991406482259,1.0000014737223095,-1.0000013270057544,-1.0000014487342312,-0.9999999950438583,1.0000008508269538,-0.9999989292422806,0.9999988851997476,-0.9999983023944061,-0.9999988993797858,0.999999999575268,0.9999996234285433,-1.0000010505364416,1.0000013907313179,1.0000011860710007,-1.0000013097577019,0.9999986185002006,-0.9999988993797896,0.9999996234285445,-0.9999996435108568
-0.9999988798862234,0.9999993564817284,1.0000016895550434,-1.0000015428388218,-1.0000016645668333,-1.0000002108775483,1.0000010666603822,-0.9999991450747897,0.9999991010308149,-0.9999991777768303,-0.9999991152065134,0.9999996234285433,0.9999999998847506,-1.0000012663700213,1.0000016065646027,1.0000014019045487,-1.0000015255911352,0.9999988343297965,-0.9999997747596412,0.999999839254739,-0.9999991997837275
1.0000003069554444,-1.0000007835560165,-1.0000031166396166,1.0000029699212003,1.0000030916520437,1.0000016379530656,-1.0000018341864176,1.000000572153932,-1.0000005281176767,1.0000006048735273,1.0000012018718794,-1.0000010505364416,-1.0000012663700213,1.0000000019311193,-1.000003033645961,-1.0000021694308283,1.0000029526714764,-1.0000002614239563,1.0000012018718785,-1.0000012663700213,1.0000012864532457
-1.000000647152032,1.000001123752539,1.0000034568365783,-1.0000026505650852,-1.0000034318489588,-1.0000019781498812,1.000002833936532,-1.0000009123501121,1.0000008683134356,-1.0000009450688025,-1.0000015420665915,1.0000013907313179,1.0000016065646027,-1.000003033645961,1.0000000024189415,1.0000031691810647,-1.0000026333154557,1.0000006016192209,-1.0000015420665913,1.0000016065646018,-1.0000016266477765
-1.0000004424902518,1.0000009190908488,1.000003252174704,-1.0000031054562843,-1.0000032271871206,-1.0000017734880144,1.000002629274593,-1.0000007076886879,1.0000006636523566,-1.000000740408126,-1.000001337406426,1.0000011860710007,1.0000014019045487,-1.0000021694308283,1.0000031691810647,1.0000000021254687,-1.0000024286534497,1.0000003969585267,-1.000001337406424,1.0000014019045484,-1.000001421987765
1.0000005661775955,-1.0000010427781663,-1.0000033758621754,1.000003229143779,1.0000033508745756,1.00000189717544,-1.0000027529620767,1.0000008313758795,-1.0000007873393888,1.0000008640949771,1.000001461093062,-1.0000013097577019,-1.0000015255911352,1.0000029526714764,-1.0000026333154557,-1.0000024286534497,1.0000000023028293,-1.0000005206453746,1.0000014610930612,-1.000001525591134,1.0000015456743343
-0.999997874939416,0.9999983515366734,1.0000006846111649,-1.0000005378940728,-1.0000006596233288,-0.9999992059316202,1.0000000617148233,-0.9999981401325855,0.999998096092633,-0.9999975132904116,-0.9999987698332562,0.9999986185002006,0.9999988343297965,-1.0000002614239563,1.0000006016192209,1.0000003969585267,-1.0000005206453746,0.9999999984437431,-0.9999987698332546,0.9999988343297979,-0.999998854412447
0.9999988153877581,-0.9999992919835687,-1.000001625057266,1.0000014783409004,1.0000016000691097,1.0000001463793307,-1.0000010021622974,0.999999080577038,-0.999999036533664,0.999999113280422,0.9999997102643224,-0.9999988993797896,-0.9999997747596412,1.0000012018718785,-1.0000015420665913,-1.000001337406424,1.0000014610930612,-0.9999987698332546,0.9999999997922683,-0.9999991152065144,0.9999997948418428
-0.9999988798862232,0.9999993564817277,1.0000016895550423,-1.0000015428388211,-1.0000016645668337,-1.0000002108775472,1.0000010666603825,-0.9999991450747893,0.999999101030814,-0.9999991777768309,-0.9999997747596419,0.9999996234285445,0.999999839254739,-1.0000012663700213,1.0000016065646018,1.0000014019045484,-1.000001525591134,0.9999988343297979,-0.9999991152065144,0.9999999998847506,-0.9999991997837273
0.9999988999695718,-0.999999376564966,-1.000001709638133,1.0000015629219643,1.0000016846499045,1.0000002309608003,-1.0000010867435867,0.9999991651578787,-0.9999991211136842,0.9999991978594298,0.9999997948418438,-0.9999996435108568,-0.9999991997837275,1.0000012864532457,-1.0000016266477765,-1.000001421987765,1.0000015456743343,-0.999998854412447,0.9999997948418428,-0.9999991997837273,0.9999999999135474
