1.0000000044887254,-1.0000055186269081,-1.0000055186269037,-1.000005518626903,-1.00000214031797,1.0000010714482472,-0.9999966339668607,0.9999974019646336,0.9999971127959424,-0.9999993587741491,-0.9999986994055886,1.0000022563772282,-1.0000120524994582,1.0000132739415706,1.000013273941571,1.0000091283419323,-1.00000568513076
-1.0000055186269081,1.0000000057845397,1.0000080417528674,1.0000080417528685,1.000004663441145,-1.0000019721733209,0.9999975346878719,-0.9999983026864708,-0.9999980135173331,1.0000002594979631,0.999999600128439,-1.000003157103923,1.0000129532356534,-1.0000141746786237,-1.0000141746786246,-1.0000100290753484,1.000006585860827
-1.0000055186269037,1.0000080417528674,1.0000000057845397,1.0000080417528658,1.0000046634411424,-1.0000019721733173,0.9999975346878696,-0.9999983026864689,-0.9999980135173306,1.0000002594979622,0.9999996001284355,-1.000003157103921,1.0000129532356514,-1.00001417467862,-1.0000141746786209,-1.000010029075346,1.000006585860823
-1.000005518626903,1.0000080417528685,1.0000080417528658,1.0000000057845397,1.0000046634411428,-1.0000019721733198,0.99999753468787,-0.9999983026864698,-0.9999980135173318,1.0000002594979625,0.9999996001284375,-1.0000031571039212,1.0000129532356523,-1.0000141746786217,-1.000014174678622,-1.0000100290753478,1.000006585860825
-1.00000214031797,1.000004663441145,1.0000046634411424,1.0000046634411428,1.0000000009244179,-0.9999969714866713,0.9999941564120637,-0.9999949244079022,-0.9999946352399312,0.9999968812124874,0.9999962218455739,-0.9999997788082635,1.0000095749057958,-1.0000107963448102,-1.0000107963448106,-1.0000066507556418,1.0000032075531506
1.0000010714482472,-1.0000019721733209,-1.0000019721733173,-1.0000019721733198,-0.9999969714866713,0.9999999970527063,-0.9999914651731129,0.9999922331668633,0.9999919439996569,-0.9999941899661093,-0.999991908205373,0.9999970875539688,-1.0000068836247085,1.000008105060325,1.000008105060326,1.0000039594825587,-1.0000005162894838
-0.9999966339668607,0.9999975346878719,0.9999975346878696,0.99999753468787,0.9999941564120637,-0.9999914651731129,0.9999999906688748,-0.9999861733298872,-0.9999858841640009,0.999989752515836,0.9999890931536797,-0.9999926500905687,1.0000024461169548,-1.0000036675470552,-1.0000036675470554,-0.999999521988035,0.99999607881055
0.9999974019646336,-0.9999983026864708,-0.9999983026864689,-0.9999983026864698,-0.9999949244079022,0.9999922331668633,-0.9999861733298872,0.9999999917737264,0.999988274550237,-0.9999888981125636,-0.9999898611455883,0.9999934180850579,-1.0000032141189397,1.000004435550093,1.0000044355500932,1.0000002899877627,-0.9999968468076492
0.9999971127959424,-0.9999980135173331,-0.9999980135173306,-0.9999980135173318,-0.9999946352399312,0.9999919439996569,-0.9999858841640009,0.999988274550237,0.9999999913577243,-0.9999902313416026,-0.9999879495834894,0.999993128917786,-1.0000029249490447,1.0000041463796934,1.0000041463796945,1.0000000008186822,-0.9999965576394843
-0.9999993587741491,1.0000002594979631,1.0000002594979622,1.0000002594979625,0.9999968812124874,-0.9999941899661093,0.999989752515836,-0.9999888981125636,-0.9999902313416026,0.999999994588822,0.9999918179401186,-0.9999937524908217,1.0000051709395648,-1.0000063923733,-1.0000063923733011,-1.000002246802604,0.9999988036157136
-0.9999986994055886,0.999999600128439,0.9999996001284355,0.9999996001284375,0.9999962218455739,-0.999991908205373,0.9999890931536797,-0.9999898611455883,-0.9999879495834894,0.9999918179401186,0.9999999936402444,-0.9999947155209944,1.000004511568103,-1.0000057330007286,-1.0000057330007297,-1.0000015874330115,0.9999981442482423
1.0000022563772282,-1.000003157103923,-1.000003157103921,-1.0000031571039212,-0.9999997788082635,0.9999970875539688,-0.9999926500905687,0.9999934180850579,0.999993128917786,-0.9999937524908217,-0.9999947155209944,0.9999999987573683,-1.000008068559234,1.0000092899967492,1.0000092899967505,1.0000051444136897,-1.0000000788211687
-1.0000120524994582,1.0000129532356534,1.0000129532356514,1.0000129532356523,1.0000095749057958,-1.0000068836247085,1.0000024461169548,-1.0000032141189397,-1.0000029249490447,1.0000051709395648,1.000004511568103,-1.000008068559234,1.0000000128503448,-1.000017463792695,-1.0000174637926964,-1.0000133181679753,1.0000114973324798
1.0000132739415706,-1.0000141746786237,-1.00001417467862,-1.0000141746786217,-1.0000107963448102,1.000008105060325,-1.0000036675470552,1.000004435550093,1.0000041463796934,-1.0000063923733,-1.0000057330007286,1.0000092899967492,-1.000017463792695,1.0000000146075563,1.0000203076396896,1.000016162009949,-1.000012718774445
1.000013273941571,-1.0000141746786246,-1.0000141746786209,-1.000014174678622,-1.0000107963448106,1.000008105060326,-1.0000036675470554,1.0000044355500932,1.0000041463796945,-1.0000063923733011,-1.0000057330007297,1.0000092899967505,-1.0000174637926964,1.0000203076396896,1.0000000146075563,1.000016162009949,-1.000012718774445
1.0000091283419323,-1.0000100290753484,-1.000010029075346,-1.0000100290753478,-1.0000066507556418,1.0000039594825587,-0.999999521988035,1.0000002899877627,1.0000000008186822,-1.000002246802604,-1.0000015874330115,1.0000051444136897,-1.0000133181679753,1.000016162009949,1.000016162009949,1.000000008643555,-1.000006950781206
-1.00000568513076,1.000006585860827,1.000006585860823,1.000006585860825,1.0000032075531506,-1.0000005162894838,0.99999607881055,-0.9999968468076492,-0.9999965576394843,0.9999988036157136,0.9999981442482423,-1.0000000788211687,1.0000114973324798,-1.000012718774445,-1.000012718774445,-1.000006950781206,1.0000000036900532
