1.000000000006419,-0.999999991814402,0.9999998779423293,1.0000000660510686,-1.0000002225842277,1.0000001955563587,-1.0000000790216699,-1.0000002625538948,-0.9999998252695428,-0.9999998252695441,0.9999997891778908,0.9999997891778872,1.000000022932294,1.0000000229322914,-0.999999983783427,-0.9999999837834276,-1.0000001135662555,1.0000001269513155,1.0000002891728592,-1.0000002650462376,-0.9999999733551758,1.0000003278089813,-0.999999776307542,0.9999999697158133,0.9999998989626471,0.9999998989626429,-0.9999998462238616,-0.9999998462238633,0.9999998271220649
-0.999999991814402,0.9999999999786294,-0.9999998607719746,-1.0000000488742034,1.0000002031332729,-1.0000001761051798,1.000000059574325,1.0000002430986141,0.9999998058182789,0.9999998058182787,-0.9999997697275296,-0.9999997697275272,-1.000000003486674,-1.0000000034866723,0.999999964338882,0.9999999643388837,1.0000000941038214,-1.00000010748601,-1.0000002697135753,1.0000002455832968,0.9999999538852833,-1.0000003083454407,0.9999997568574879,-0.9999999502716362,-0.9999998794908519,-0.9999998794908473,0.999999826750885,0.9999998267508864,-0.9999998076486917
0.9999998779423293,-0.9999998607719746,0.9999999998192468,0.9999999350005749,-1.000000091547483,1.00000006452262,-0.9999999479959193,-1.00000013151085,-0.9999996965176872,-0.999999696517691,0.9999996581450822,0.9999996581450776,0.999999891908437,0.999999891908434,-0.9999998527613003,-0.9999998527612998,-0.9999999825092758,0.9999999958904578,1.000000158121912,-1.000000133989338,-0.9999998422850337,1.0000001967474421,-0.999999645275316,0.9999998386943889,0.999999767887198,0.9999997678871934,-0.9999997151457773,-0.9999997151457787,0.9999996960432089
1.0000000660510686,-1.0000000488742034,0.9999999350005749,1.0000000000879246,-1.0000002796472607,1.0000002526157912,-1.0000001360795108,-1.0000003196157823,-0.9999998823289029,-0.9999998823289028,0.9999998462373714,0.9999998462373683,1.000000079991213,1.0000000799912097,-1.0000000408424266,-1.0000000408424272,-1.0000001729120926,1.0000001840137085,1.0000003462358575,-1.0000003221088658,-1.000000030418917,1.0000003848754655,-0.9999998333669473,1.0000000267747269,0.9999999560284726,0.9999999560284675,-0.9999999032902783,-0.9999999032902802,0.9999998841885559
-1.0000002225842277,1.0000002031332729,-1.000000091547483,-1.0000002796472607,1.000000000311512,-1.0000004114423475,1.0000002926295422,1.0000004761523236,1.0000000388740156,1.0000000388740162,-1.0000000027825735,-1.0000000027825704,-1.0000002365396414,-1.0000002365396388,1.0000001973911024,1.0000001973911028,1.000000327159364,-1.0000003405443227,-1.0000005027678112,1.0000004786397656,1.000000186944149,-1.000000541396775,0.9999999899124395,-1.0000001833237515,-1.0000001125478777,-1.0000001125478746,1.0000000598075964,1.0000000598075982,-1.0000000407054603
1.0000001955563587,-1.0000001761051798,1.00000006452262,1.0000002526157912,-1.0000004114423475,1.0000000002729132,-1.000000267892542,-1.000000451407258,-1.0000000118506487,-1.0000000118506513,0.9999999757601374,0.9999999757601347,1.0000002095220637,1.0000002095220593,-1.0000001703746315,-1.0000001703746324,-1.0000003001246311,1.0000003135066382,1.0000004757363055,-1.0000004516045167,-1.0000001599017874,1.0000005143609771,-0.999999962890318,1.000000156307655,1.0000000855036004,1.0000000855035949,-1.0000000327621248,-1.000000032762126,1.0000000136595837
-1.0000000790216699,1.000000059574325,-0.9999999479959193,-1.0000001360795108,1.0000002926295422,-1.000000267892542,1.0000000001064753,1.0000003325924354,0.9999998953237728,0.999999895323774,-0.9999998592337921,-0.9999998592337879,-1.0000000952826549,-1.0000000952826513,1.0000000538535674,1.0000000538535678,1.0000001835846595,-1.0000001969656631,-1.0000003591994784,1.000000335065222,1.000000043355573,-1.000000397816874,0.9999998463642823,-1.0000000397869633,-0.9999999689534723,-0.9999999689534663,0.9999999162103468,0.9999999162103482,-0.9999998971073907
-1.0000002625538948,1.0000002430986141,-1.00000013151085,-1.0000003196157823,1.0000004761523236,-1.000000451407258,1.0000003325924354,1.0000000003686011,1.0000000788387275,1.0000000788387275,-1.0000000427474427,-1.0000000427474396,-1.0000002765038414,-1.0000002765038392,1.0000002373554147,1.000000237355416,1.0000003671292659,-1.0000003805129383,-1.0000005450195038,1.0000005186086978,1.0000002269144683,-1.0000005813704997,1.0000000298772216,-1.0000002232879581,-1.000000152520786,-1.0000001525207831,1.0000000997812695,1.0000000997812704,-1.0000000806792357
-0.9999998252695428,0.9999998058182789,-0.9999996965176872,-0.9999998823289029,1.0000000388740156,-1.0000000118506487,0.9999998953237728,1.0000000788387275,0.9999999997440124,0.9999996415631511,-0.9999996077550156,-0.9999996054726501,-0.9999998392354769,-0.9999998392354744,0.9999998000880733,0.9999998000880739,0.9999999298378294,-0.9999999432200322,-1.0000001054501437,1.0000000813184275,0.9999997896148853,-1.0000001440751125,0.9999995926028507,-0.9999997860211187,-0.9999997152165366,-0.9999997152165323,0.9999996624750808,0.9999996624750813,-0.9999996433725504
-0.9999998252695441,0.9999998058182787,-0.999999696517691,-0.9999998823289028,1.0000000388740162,-1.0000000118506513,0.999999895323774,1.0000000788387275,0.9999996415631511,0.9999999997440124,-0.9999996054726534,-0.9999996077550105,-0.9999998392354765,-0.9999998392354748,0.9999998000880724,0.9999998000880745,0.99999992983783,-0.9999999432200336,-1.0000001054501437,1.000000081318428,0.9999997896148867,-1.000000144075113,0.9999995926028517,-0.9999997860211187,-0.9999997152165374,-0.9999997152165331,0.9999996624750805,0.9999996624750824,-0.9999996433725512
0.9999997891778908,-0.9999997697275296,0.9999996581450822,0.9999998462373714,-1.0000000027825735,0.9999999757601374,-0.9999998592337921,-1.0000000427474427,-0.9999996077550156,-0.9999996054726534,0.9999999996924631,0.9999995693821533,0.9999998031452645,0.9999998031452615,-0.9999997639978766,-0.9999997639978772,-0.999999893745911,0.9999999071283131,1.0000000693584465,-1.0000000452267241,-0.9999997535226781,1.0000001079823877,-0.9999995587947422,0.9999997499309573,0.9999996791237273,0.9999996791237233,-0.9999996263820865,-0.9999996263820871,0.9999996072795287
0.9999997891778872,-0.9999997697275272,0.9999996581450776,0.9999998462373683,-1.0000000027825704,0.9999999757601347,-0.9999998592337879,-1.0000000427474396,-0.9999996054726501,-0.9999996077550105,0.9999995693821533,0.9999999996924631,0.999999803145262,0.9999998031452593,-0.9999997639978739,-0.9999997639978742,-0.9999998937459067,0.99999990712831,1.0000000693584443,-1.0000000452267201,-0.999999753522674,1.0000001079823844,-0.9999995587947396,0.9999997499309545,0.9999996791237247,0.9999996791237203,-0.9999996263820837,-0.9999996263820846,0.999999607279526
1.000000022932294,-1.000000003486674,0.999999891908437,1.000000079991213,-1.0000002365396414,1.0000002095220637,-1.0000000952826549,-1.0000002765038414,-0.9999998392354769,-0.9999998392354765,0.9999998031452645,0.999999803145262,1.000000000026361,1.0000000369114168,-1.0000000000468103,-0.9999999977644493,-1.0000001274963932,1.0000001408784105,1.0000003031110225,-1.0000002789775317,-0.9999999872683395,1.0000003417274308,-0.9999997902757322,0.9999999836978161,0.999999912865496,0.9999999128654915,-0.9999998601222481,-0.9999998601222502,0.9999998410193107
1.0000000229322914,-1.0000000034866723,0.999999891908434,1.0000000799912097,-1.0000002365396388,1.0000002095220593,-1.0000000952826513,-1.0000002765038392,-0.9999998392354744,-0.9999998392354748,0.9999998031452615,0.9999998031452593,1.0000000369114168,1.0000000000263614,-0.9999999977644453,-1.0000000000468041,-1.00000012749639,1.000000140878407,1.00000030311102,-1.000000278977529,-0.9999999872683375,1.0000003417274281,-0.9999997902757296,0.999999983697814,0.9999999128654938,0.9999999128654896,-0.9999998601222454,-0.9999998601222465,0.9999998410193063
-0.999999983783427,0.999999964338882,-0.9999998527613003,-1.0000000408424266,1.0000001973911024,-1.0000001703746315,1.0000000538535674,1.0000002373554147,0.9999998000880733,0.9999998000880724,-0.9999997639978766,-0.9999997639978739,-1.0000000000468103,-0.9999999977644453,0.9999999999704453,0.9999999586175146,1.0000000883470848,-1.0000001017292852,-1.0000002639620313,1.0000002398284633,0.9999999481185484,-1.0000003025771307,0.9999997511283846,-0.9999999468332956,-0.9999998737149547,-0.9999998737149498,0.9999998209714618,0.9999998209714621,-0.9999998018684797
-0.9999999837834276,0.9999999643388837,-0.9999998527612998,-1.0000000408424272,1.0000001973911028,-1.0000001703746324,1.0000000538535678,1.000000237355416,0.9999998000880739,0.9999998000880745,-0.9999997639978772,-0.9999997639978742,-0.9999999977644493,-1.0000000000468041,0.9999999586175146,0.9999999999704453,1.000000088347086,-1.0000001017292863,-1.0000002639620325,1.000000239828464,0.99999994811855,-1.0000003025771318,0.9999997511283865,-0.9999999468332932,-0.9999998737149548,-0.9999998737149505,0.9999998209714618,0.9999998209714637,-0.9999998018684806
-1.0000001135662555,1.0000000941038214,-0.9999999825092758,-1.0000001729120926,1.000000327159364,-1.0000003001246311,1.0000001835846595,1.0000003671292659,0.9999999298378294,0.99999992983783,-0.999999893745911,-0.9999998937459067,-1.0000001274963932,-1.00000012749639,1.0000000883470848,1.000000088347086,1.000000000155797,-1.000000233815851,-1.0000003937526891,1.00000036962748,1.0000000779426572,-1.000000432398059,0.9999998808752456,-1.0000000742790978,-1.000000003555298,-1.0000000035552932,0.9999999508183713,0.9999999508183727,-0.9999999317169578
1.0000001269513155,-1.00000010748601,0.9999999958904578,1.0000001840137085,-1.0000003405443227,1.0000003135066382,-1.0000001969656631,-1.0000003805129383,-0.9999999432200322,-0.9999999432200336,0.9999999071283131,0.99999990712831,1.0000001408784105,1.000000140878407,-1.0000001017292852,-1.0000001017292863,-1.000000233815851,1.0000000001749143,1.0000004071369994,-1.0000003852936785,-1.000000093609492,1.00000044578499,-0.9999998942576261,1.0000000876612647,1.000000016941407,1.000000016941402,-0.9999999642049507,-0.9999999642049523,0.9999999451035954
1.0000002891728592,-1.0000002697135753,1.000000158121912,1.0000003462358575,-1.0000005027678112,1.0000004757363055,-1.0000003591994784,-1.0000005450195038,-1.0000001054501437,-1.0000001054501437,1.0000000693584465,1.0000000693584443,1.0000003031110225,1.00000030311102,-1.0000002639620313,-1.0000002639620325,-1.0000003937526891,1.0000004071369994,1.000000000406622,-1.0000005475138567,-1.0000002535431718,1.0000006079982275,-1.000000056487955,1.000000249894249,1.0000001791532034,1.0000001791531992,-1.0000001264152096,-1.0000001264152103,1.0000001073135427
-1.0000002650462376,1.0000002455832968,-1.000000133989338,-1.0000003221088658,1.0000004786397656,-1.0000004516045167,1.000000335065222,1.0000005186086978,1.0000000813184275,1.000000081318428,-1.0000000452267241,-1.0000000452267201,-1.0000002789775317,-1.000000278977529,1.0000002398284633,1.000000239828464,1.00000036962748,-1.0000003852936785,-1.0000005475138567,1.0000000003721612,1.0000002294200008,-1.0000005861588253,1.000000032356114,-1.0000002257605356,-1.0000001550326811,-1.000000155032678,1.0000001022956517,1.000000102295652,-1.0000000831941835
-0.9999999733551758,0.9999999538852833,-0.9999998422850337,-1.000000030418917,1.000000186944149,-1.0000001599017874,1.000000043355573,1.0000002269144683,0.9999997896148853,0.9999997896148867,-0.9999997535226781,-0.999999753522674,-0.9999999872683395,-0.9999999872683375,0.9999999481185484,0.99999994811855,1.0000000779426572,-1.000000093609492,-1.0000002535431718,1.0000002294200008,0.9999999999555375,-1.0000002921993858,0.9999997406516813,-0.9999999340501555,-0.9999998656435868,-0.9999998656435798,0.9999998106265866,0.9999998106265872,-0.9999997915256803
1.0000003278089813,-1.0000003083454407,1.0000001967474421,1.0000003848754655,-1.000000541396775,1.0000005143609771,-1.000000397816874,-1.0000005813704997,-1.0000001440751125,-1.000000144075113,1.0000001079823877,1.0000001079823844,1.0000003417274308,1.0000003417274281,-1.0000003025771307,-1.0000003025771318,-1.000000432398059,1.00000044578499,1.0000006079982275,-1.0000005861588253,-1.0000002921993858,1.0000000004618215,-1.0000000951114039,1.0000002885087602,1.000000217814786,1.0000002178147833,-1.000000165079281,-1.000000165079282,1.0000001459783003
-0.999999776307542,0.9999997568574879,-0.999999645275316,-0.9999998333669473,0.9999999899124395,-0.999999962890318,0.9999998463642823,1.0000000298772216,0.9999995926028507,0.9999995926028517,-0.9999995587947422,-0.9999995587947396,-0.9999997902757322,-0.9999997902757296,0.9999997511283846,0.9999997511283865,0.9999998808752456,-0.9999998942576261,-1.000000056487955,1.000000032356114,0.9999997406516813,-1.0000000951114039,0.99999999967408,-0.9999997370614926,-0.999999666252465,-0.999999666252461,0.9999996135107249,0.9999996135107279,-0.9999995944081453
0.9999999697158133,-0.9999999502716362,0.9999998386943889,1.0000000267747269,-1.0000001833237515,1.000000156307655,-1.0000000397869633,-1.0000002232879581,-0.9999997860211187,-0.9999997860211187,0.9999997499309573,0.9999997499309545,0.9999999836978161,0.999999983697814,-0.9999999468332956,-0.9999999468332932,-1.0000000742790978,1.0000000876612647,1.000000249894249,-1.0000002257605356,-0.9999999340501555,1.0000002885087602,-0.9999997370614926,0.9999999999503538,0.9999998596462433,0.9999998596462389,-0.9999998069026308,-0.9999998069026321,0.9999997877996237
0.9999998989626471,-0.9999998794908519,0.999999767887198,0.9999999560284726,-1.0000001125478777,1.0000000855036004,-0.9999999689534723,-1.000000152520786,-0.9999997152165366,-0.9999997152165374,0.9999996791237273,0.9999996791237247,0.999999912865496,0.9999999128654938,-0.9999998737149547,-0.9999998737149548,-1.000000003555298,1.000000016941407,1.0000001791532034,-1.0000001550326811,-0.9999998656435868,1.000000217814786,-0.999999666252465,0.9999998596462433,0.9999999998492961,0.9999997889824236,-0.9999997385314316,-0.9999997362490738,0.999999717148532
0.9999998989626429,-0.9999998794908473,0.9999997678871934,0.9999999560284675,-1.0000001125478746,1.0000000855035949,-0.9999999689534663,-1.0000001525207831,-0.9999997152165323,-0.9999997152165331,0.9999996791237233,0.9999996791237203,0.9999999128654915,0.9999999128654896,-0.9999998737149498,-0.9999998737149505,-1.0000000035552932,1.000000016941402,1.0000001791531992,-1.000000155032678,-0.9999998656435798,1.0000002178147833,-0.999999666252461,0.9999998596462389,0.9999997889824236,0.9999999998492961,-0.9999997362490689,-0.999999738531433,0.9999997171485274
-0.9999998462238616,0.999999826750885,-0.9999997151457773,-0.9999999032902783,1.0000000598075964,-1.0000000327621248,0.9999999162103468,1.0000000997812695,0.9999996624750808,0.9999996624750805,-0.9999996263820865,-0.9999996263820837,-0.9999998601222481,-0.9999998601222454,0.9999998209714618,0.9999998209714618,0.9999999508183713,-0.9999999642049507,-1.0000001264152096,1.0000001022956517,0.9999998106265866,-1.000000165079281,0.9999996135107249,-0.9999998069026308,-0.9999997385314316,-0.9999997362490689,0.9999999997739745,0.9999996835163071,-0.999999666698283
-0.9999998462238633,0.9999998267508864,-0.9999997151457787,-0.9999999032902802,1.0000000598075982,-1.000000032762126,0.9999999162103482,1.0000000997812704,0.9999996624750813,0.9999996624750824,-0.9999996263820871,-0.9999996263820846,-0.9999998601222502,-0.9999998601222465,0.9999998209714621,0.9999998209714637,0.9999999508183727,-0.9999999642049523,-1.0000001264152103,1.000000102295652,0.9999998106265872,-1.000000165079282,0.9999996135107279,-0.9999998069026321,-0.9999997362490738,-0.999999738531433,0.9999996835163071,0.9999999997739745,-0.9999996666982855
0.9999998271220649,-0.9999998076486917,0.9999996960432089,0.9999998841885559,-1.0000000407054603,1.0000000136595837,-0.9999998971073907,-1.0000000806792357,-0.9999996433725504,-0.9999996433725512,0.9999996072795287,0.999999607279526,0.9999998410193107,0.9999998410193063,-0.9999998018684797,-0.9999998018684806,-0.9999999317169578,0.9999999451035954,1.0000001073135427,-1.0000000831941835,-0.9999997915256803,1.0000001459783003,-0.9999995944081453,0.9999997877996237,0.999999717148532,0.9999997171485274,-0.999999666698283,-0.9999996666982855,0.999999999746693
