1.0000000021839737,-0.9999942119880982,-0.9999942119880924,-0.9999945947284566,-0.9999979765278361,0.9999982479656216,1.000001110078532,1.0000011100785342,-0.8090034502431566,0.30899333834432374,0.30904596950139807,-0.8090303885808956,-0.30905324419617586,-0.3090603876861213,0.30905994104357715,-0.3090640296789184,0.8090284726959738,0.3090647117204055,0.30906471172040434,-1.000000207375456,-1.0000002073754568,0.9999999413664161
-0.9999942119880982,0.999999996853773,0.9999956070672557,0.9999957348194919,0.999999513827759,-0.9999940355651193,-0.9999976137576938,-0.9999976137576972,0.8089992973523813,-0.30899090758298414,-0.3090456109027471,0.8090274668001984,0.3090528450799404,0.30905995322949154,-0.3090595120902927,0.3090635845414625,-0.8090255485487597,-0.30906426114665797,-0.30906426114665714,0.9999967532770817,0.9999967532770825,-0.9999965014381831
-0.9999942119880924,0.9999956070672557,0.999999996853773,0.9999957348194901,0.9999995138277569,-0.9999940355651175,-0.9999976137576929,-0.9999976137576956,0.8089992973523807,-0.30899090758298375,-0.3090456109027475,0.8090274668001982,0.3090528450799405,0.3090599532294917,-0.3090595120902927,0.30906358454146216,-0.8090255485487586,-0.30906426114665814,-0.3090642611466562,0.9999967532770815,0.9999967532770808,-0.9999965014381812
-0.9999945947284566,0.9999957348194919,0.9999957348194901,0.9999999990974126,0.9999980363536882,-0.9999947451098811,-0.9999953515692297,-0.9999953515692317,0.8090116827583019,-0.3090042817159298,-0.30903791523217083,0.809027396923595,0.30904559467980486,0.3090530894948199,-0.30905258818086867,0.3090568368208504,-0.8090255044259069,-0.3090575725603467,-0.30905757256034516,0.9999940134969982,0.999994013496999,-0.999993601314085
-0.9999979765278361,0.999999513827759,0.9999995138277569,0.9999980363536882,1.0000000030962632,-0.9999947702094658,-0.9999977541286822,-0.9999977541286863,0.8089951595688005,-0.30898392550187476,-0.3090519098330317,0.8090311808197505,0.3090589421365663,0.30906588261046186,-0.30906546736465984,0.3090694667634842,-0.8090292497106606,-0.3090701188623964,-0.30907011886239477,1.0000022641820143,1.0000022641820148,-1.0000021022113628
0.9999982479656216,-0.9999940355651193,-0.9999940355651175,-0.9999947451098811,-0.9999947702094658,1.0000000026607512,0.999991319598516,0.9999913195985174,-0.8090170995922717,0.30901655597027233,0.30903011505981837,-0.8090208850443722,-0.30903831702345674,-0.30904628016997504,0.30904570549974436,-0.30905017371945254,0.8090241229789057,0.30905098318871355,0.30905098318871227,-0.9999895156175753,-0.999989515617575,0.9999889470340454
1.000001110078532,-0.9999976137576938,-0.9999976137576929,-0.9999953515692297,-0.9999977541286822,0.999991319598516,1.0000000011566337,1.0000016109363388,-0.80898988297046,0.30897905296672595,0.3090540976115568,-0.8090300874095376,-0.30906103816820096,-0.3090679038600231,0.3090675001176267,-0.30907146757042026,0.8090281501924966,0.30907210895312714,0.30907210895312576,-0.9999960452880646,-1.0000011485921476,1.0000010303342024
1.0000011100785342,-0.9999976137576972,-0.9999976137576956,-0.9999953515692317,-0.9999977541286863,0.9999913195985174,1.0000016109363388,1.0000000011566337,-0.8089898829704615,0.30897905296672673,0.30905409761155733,-0.8090300874095397,-0.3090610381682017,-0.3090679038600231,0.30906750011762696,-0.309071467570421,0.8090281501924979,0.3090721089531272,0.30907210895312626,-1.0000011485921487,-0.9999960452880705,1.0000010303342048
-0.8090034502431566,0.8089992973523813,0.8089992973523807,0.8090116827583019,0.8089951595688005,-0.8090170995922717,-0.80898988297046,-0.8089898829704615,1.0000000111173262,-0.8090257567450035,0.3090120168668271,0.3090254961990418,-0.3089997132755448,-0.30898537467706944,0.3089892823327338,-0.30898208959232276,-0.30902748165994615,0.30897805975239134,0.30897805975239295,0.8089868384251324,0.8089868384251327,-0.808985833372089
0.30899333834432374,-0.30899090758298414,-0.30899090758298375,-0.3090042817159298,-0.30898392550187476,0.30901655597027233,0.30897905296672595,0.30897905296672673,-0.8090257567450035,1.0000000138459941,-0.8090179356763822,0.30901575698482076,0.8090127052295911,0.8089988667649305,-0.809004390377979,0.8089979461359899,-0.30901072022088777,-0.808992479496678,-0.8089924794966791,-0.30897605877394324,-0.3089760587739432,0.3089750437840997
0.30904596950139807,-0.3090456109027471,-0.3090456109027475,-0.30903791523217083,-0.3090519098330317,0.30903011505981837,0.3090540976115568,0.30905409761155733,0.3090120168668271,-0.8090179356763822,1.0000000066235832,-0.8090198259493346,-1.0000003798192498,-0.9999980718477035,1.0000029995036341,-1.0000000872340946,0.809018789788658,0.9999953801500536,0.9999953801500527,-0.3090556432835206,-0.3090556432835211,0.30905619518529803
-0.8090303885808956,0.8090274668001984,0.8090274668001982,0.809027396923595,0.8090311808197505,-0.8090208850443722,-0.8090300874095376,-0.8090300874095397,0.3090254961990418,0.30901575698482076,-0.8090198259493346,1.00000000489663,0.8090268850270657,0.8090263792937682,-0.8090292066427688,0.8090297139871068,-0.9999967621374258,-0.8090271520499427,-0.8090271520499419,0.8090297353056133,0.8090297353056137,-0.8090296601141188
-0.30905324419617586,0.3090528450799404,0.3090528450799405,0.30904559467980486,0.3090589421365663,-0.30903831702345674,-0.30906103816820096,-0.3090610381682017,-0.3089997132755448,0.8090127052295911,-1.0000003798192498,0.8090268850270657,1.00000000273038,0.9999985420379202,-0.9999980219506801,1.0000013333620628,-0.8090208040964992,-0.9999970036719639,-0.9999970036719641,0.30906253218676,0.30906253218675994,-0.30906306729482413
-0.3090603876861213,0.30905995322949154,0.3090599532294917,0.3090530894948199,0.30906588261046186,-0.30904628016997504,-0.3090679038600231,-0.3090679038600231,-0.30898537467706944,0.8089988667649305,-0.9999980718477035,0.8090263792937682,0.9999985420379202,0.9999999967667252,-0.9999946098698345,0.9999990760770172,-0.8090203580790674,-0.9999951351638922,-0.9999951351638926,0.3090693567029628,0.3090693567029635,-0.3090698785558131
0.30905994104357715,-0.3090595120902927,-0.3090595120902927,-0.30905258818086867,-0.30906546736465984,0.30904570549974436,0.3090675001176267,0.30906750011762696,0.3089892823327338,-0.809004390377979,1.0000029995036341,-0.8090292066427688,-0.9999980219506801,-0.9999946098698345,1.0000000028666747,-0.9999980724988662,0.8090231758239305,0.9999991722538896,0.9999991722538895,-0.3090689592633176,-0.30906895926331773,0.30906948314051286
-0.3090640296789184,0.3090635845414625,0.30906358454146216,0.3090568368208504,0.3090694667634842,-0.30905017371945254,-0.30907146757042026,-0.309071467570421,-0.30898208959232276,0.8089979461359899,-1.0000000872340946,0.8090297139871068,1.0000013333620628,0.9999990760770172,-0.9999980724988662,1.0000000021212683,-0.8090237143096454,-0.9999940535697608,-0.9999940535697639,0.30907290955038264,0.30907290955038325,-0.30907342796300724
0.8090284726959738,-0.8090255485487597,-0.8090255485487586,-0.8090255044259069,-0.8090292497106606,0.8090241229789057,0.8090281501924966,0.8090281501924979,-0.30902748165994615,-0.30901072022088777,0.809018789788658,-0.9999967621374258,-0.8090208040964992,-0.8090203580790674,0.8090231758239305,-0.8090237143096454,0.9999999977855304,0.80902116288751,0.8090211628875106,-0.8090277944790909,-0.8090277944790912,0.8090277180884148
0.3090647117204055,-0.30906426114665797,-0.30906426114665814,-0.3090575725603467,-0.3090701188623964,0.30905098318871355,0.30907210895312714,0.3090721089531272,0.30897805975239134,-0.808992479496678,0.9999953801500536,-0.8090271520499427,-0.9999970036719639,-0.9999951351638922,0.9999991722538896,-0.9999940535697608,0.80902116288751,0.9999999967245534,0.9999954249357871,-0.3090735451780574,-0.3090735451780578,0.30907406175897895
0.30906471172040434,-0.30906426114665714,-0.3090642611466562,-0.30905757256034516,-0.30907011886239477,0.30905098318871227,0.30907210895312576,0.30907210895312626,0.30897805975239295,-0.8089924794966791,0.9999953801500527,-0.8090271520499419,-0.9999970036719641,-0.9999951351638926,0.9999991722538895,-0.9999940535697639,0.8090211628875106,0.9999954249357871,0.9999999967245534,-0.30907354517805613,-0.30907354517805624,0.30907406175897784
-1.000000207375456,0.9999967532770817,0.9999967532770815,0.9999940134969982,1.0000022641820143,-0.9999895156175753,-0.9999960452880646,-1.0000011485921487,0.8089868384251324,-0.30897605877394324,-0.3090556432835206,0.8090297353056133,0.30906253218676,0.3090693567029628,-0.3090689592633176,0.30907290955038264,-0.8090277944790909,-0.3090735451780574,-0.30907354517805613,1.000000000551318,1.000000765675616,-0.9999955710352306
-1.0000002073754568,0.9999967532770825,0.9999967532770808,0.999994013496999,1.0000022641820148,-0.999989515617575,-1.0000011485921476,-0.9999960452880705,0.8089868384251327,-0.3089760587739432,-0.3090556432835211,0.8090297353056137,0.30906253218675994,0.3090693567029635,-0.30906895926331773,0.30907290955038325,-0.8090277944790912,-0.3090735451780578,-0.30907354517805624,1.000000765675616,1.000000000551318,-0.9999955710352321
0.9999999413664161,-0.9999965014381831,-0.9999965014381812,-0.999993601314085,-1.0000021022113628,0.9999889470340454,1.0000010303342024,1.0000010303342048,-0.808985833372089,0.3089750437840997,0.30905619518529803,-0.8090296601141188,-0.30906306729482413,-0.3090698785558131,0.30906948314051286,-0.30907342796300724,0.8090277180884148,0.30907406175897895,0.30907406175897784,-0.9999955710352306,-0.9999955710352321,1.0000000004268523
