1.0000000005118235,-1.0000003905100894,-1.0000007981609134,1.0000008579307749,1.0000010982561938,1.0000014403894193,0.5697683999394924,-0.9605421612100346,0.07641792055005475,0.9655964109676595,0.9857393529449474,-0.5851029321645541,-0.1851220353393976,-0.9998249271664658,-0.9998247515037922,0.9992966876410583,0.9992962232456459,-0.9887259322187365,0.9887258074344282,0.4928003453691115,-0.9984154972752026,-0.9857392250265633,-0.39457247424802533,0.29160033955387804,-1.0000016496983493,-1.000001649698347,1.0000017796842948,1.0000017796842957,-1.0000018247615536
-1.0000003905100894,1.0000000001889626,1.0000012025843574,-0.999999955639583,-1.0000012925860433,-1.0000018013933258,-0.5697675489085134,0.9605408027564436,-0.0764176599700096,-0.9655949463551854,-0.9857381376019141,0.5851017853986386,0.18512155559985674,0.9998240691010881,0.9998239677050809,-0.9992956215242231,-0.9992953041735173,0.9887246613530903,-0.9887245430724331,-0.49279929320896604,0.9984144300191619,0.9857380179818076,0.39457157522140435,-0.29159963878003414,1.000002092829673,1.0000020928296713,-1.0000022725552575,-1.000002272555259,1.0000023342904654
-1.0000007981609134,1.0000012025843574,1.0000000008051864,-1.0000017029005277,-1.0000009234363374,-1.0000011138091636,-0.5697693419004001,0.9605436391103076,-0.07641813874465102,-0.9655979679083772,-0.9857407026018417,0.585104087038248,0.18512247895879516,0.9998259487437846,0.9998257066263345,-0.9992978978547868,-0.9992973019948765,0.9887273224406563,-0.9887271917439465,-0.4928013888453745,0.9984167113505802,0.9857405671292649,0.39457335227360957,-0.2916010107139758,1.0000014872479046,1.0000014872479028,-1.0000015719453608,-1.0000015719453619,1.0000016018553222
1.0000008579307749,-0.999999955639583,-1.0000017029005277,0.9999999998596083,1.0000018238918558,1.0000025119301115,0.5697668653641887,-0.9605396670845915,0.07641734450823892,0.9655936675523464,0.9857371574924391,-0.5851006923608177,-0.18512103930508625,-0.9998232286536869,-0.999823209072768,0.999294795000522,0.9992946397893031,-0.9887236049359829,0.988723493660378,0.4927982676321851,-0.9984136070176068,-0.9857370467976904,-0.3945706790960492,0.29159892024513717,-1.0000028916863644,-1.0000028916863621,1.000003124899572,1.0000031248995718,-1.0000032045478706
1.0000010982561938,-1.0000012925860433,-1.0000009234363374,1.0000018238918558,1.00000000085299,1.0000013673949668,0.5697694443003796,-0.9605438250417111,0.07641818914295774,0.9655981751396748,0.9857408770936763,-0.5851042522362798,-0.1851225577576272,-0.999826090260426,-0.9998258397840184,0.9992980612859869,0.9992974488343515,-0.9887275086386723,0.9887273772641709,0.4928015408119309,-0.9984168731844139,-0.9857407407595751,-0.39457348433697387,0.2916011176055959,-1.0000014934075359,-1.0000014934075336,1.0000015729445535,1.000001572944553,-1.0000016011262935
1.0000014403894193,-1.0000018013933258,-1.0000011138091636,1.0000025119301115,1.0000013673949668,1.0000000010287524,0.5697701859076517,-0.9605449404735696,0.07641828637197716,0.9655993138608099,0.9857419050896261,-0.5851050445038963,-0.18512281802353833,-0.9998268937629844,-0.9998266014004077,0.9992989880915218,0.9992982928903115,-0.9887285466753203,0.9887284114086218,0.4928022435580217,-0.9984178073723484,-0.9857417637744671,-0.39457406194401995,0.2916015430751179,-1.0000012781782361,-1.0000012781782328,1.0000015667505422,1.0000015667505429,-1.0000015849289345
0.5697683999394924,-0.5697675489085134,-0.5697693419004001,0.5697668653641887,0.5697694443003796,0.5697701859076517,1.000000000203503,-0.7758644735727614,-0.7758642628157055,0.33644348296803955,0.6999438936023384,0.33308441118739324,0.7021279651894327,-0.5542355933182067,-0.5850967587826462,0.5385090752780849,0.6002204242663963,-0.4402724818989203,0.44027248946430775,-0.4343122047538177,-0.615132573132001,-0.6999436366833959,0.5303188600188313,-0.6199500261035266,-0.5697705624582846,-0.569770562458283,0.5697707940032035,0.5697707940032039,-0.5697708725571439
-0.9605421612100346,0.9605408027564436,0.9605436391103076,-0.9605396670845915,-0.9605438250417111,-0.9605449404735696,-0.7758644735727614,0.9999999998729519,0.20393124715708894,-0.8551544501852931,-0.9936481005469853,0.33644489201694633,-0.09552330344410206,0.9551472464922788,0.9655925307714828,-0.9494182252756321,-0.9703049884152819,0.9080535197233691,-0.908053450356236,-0.23132329310983,0.9746754292093731,0.9936481843264797,0.12342020313489324,-0.014032945941068981,0.9605455252880822,0.9605455252880803,-0.9605458830458694,-0.9605458830458692,0.9605460043845452
0.07641792055005475,-0.0764176599700096,-0.07641813874465102,0.07641734450823892,0.07641818914295774,0.07641828637197716,-0.7758642628157055,0.20393124715708894,1.0000000002293117,0.33308639770125037,-0.09247400187956274,-0.8533017934386017,-0.9939888848182035,-0.0951251033198797,-0.05768225862513793,0.113799214836995,0.03892676578507316,-0.22487093849920683,0.22487086319554608,0.9052583879385534,-0.020157463471078607,0.09247375161587937,-0.9463315118335349,0.9760274877384777,-0.07641835246658038,-0.07641835246658099,0.07641839051559458,0.07641839051559485,-0.07641840321294582
0.9655964109676595,-0.9655949463551854,-0.9655979679083772,0.9655936675523464,0.9655981751396748,0.9655993138608099,0.33644348296803955,-0.8551544501852931,0.33308639770125037,0.9999999997636464,0.9080539374422802,-0.7758652894929678,-0.43431518907382,-0.9703057612295463,-0.9605400469062421,0.9746758525081282,0.9551477592195936,-0.9936481674265981,0.9936482990727891,0.70213006609647,-0.9494187463583148,-0.9080539209869015,-0.6199529523779213,0.5303221437523857,-0.9655999180396767,-0.9655999180396754,0.9656002865753438,0.9656002865753451,-0.9656004114510781
0.9857393529449474,-0.9857381376019141,-0.9857407026018417,0.9857371574924391,0.9857408770936763,0.9857419050896261,0.6999438936023384,-0.9936481005469853,-0.09247400187956274,0.9080539374422802,0.999999999509559,-0.4402748239506646,-0.017095617485365946,-0.9824030315798984,-0.9887230062464585,0.9787226959009684,0.9913602967867522,-0.949418079724107,0.9494179958277006,0.3393288275397384,-0.9936479088051372,-0.9999989394188985,-0.23430282872991945,0.12645955635136796,-0.9857424494713056,-0.9857424494713034,0.9857427825954073,0.9857427825954074,-0.9857428957056742
-0.5851029321645541,0.5851017853986386,0.585104087038248,-0.5851006923608177,-0.5851042522362798,-0.5851050445038963,0.33308441118739324,0.33644489201694633,-0.8533017934386017,-0.7758652894929678,-0.4402748239506646,0.9999999999844577,0.905258919475675,0.6002238307747032,0.5697702215711803,-0.61513532145423,-0.5542388061340927,0.6999457585063266,-0.6999456526447465,-0.9939886834547121,0.5385119354616904,0.44027498716395813,0.9760276593894045,-0.9463320356352121,0.5851054708958869,0.5851054708958865,-0.5851057292530394,-0.58510572925304,0.5851058165500553
-0.1851220353393976,0.18512155559985674,0.18512247895879516,-0.18512103930508625,-0.1851225577576272,-0.18512281802353833,0.7021279651894327,-0.09552330344410206,-0.9939888848182035,-0.43431518907382,-0.017095617485365946,0.905258919475675,1.0000000003517018,0.2035399084164212,0.16663633732858077,-0.22188691501487162,-0.14809281526106438,0.33019812875284804,-0.33019804645394263,-0.9463317591276852,0.12949700180349943,0.01709585654344873,0.9760275477040302,-0.9939889233438722,0.18512296894031405,0.1851229689403146,-0.1851230585998407,-0.18512305859984124,0.18512308874718766
-0.9998249271664658,0.9998240691010881,0.9998259487437846,-0.9998232286536869,-0.999826090260426,-0.9998268937629844,-0.5542355933182067,0.9551472464922788,-0.0951251033198797,-0.9703057612295463,-0.9824030315798984,0.6002238307747032,0.2035399084164212,0.9999999996956256,0.9992945086449184,-0.999823031176969,-0.9984132714008614,0.9913606370267782,-0.9913605289014652,-0.5090489472989574,0.9971801091919072,0.9824029314722833,0.4117535606102917,-0.30950744553676285,0.9998273306542573,0.9998273306542559,-0.9998275984471418,-0.999827598447141,0.9998276896735802
-0.9998247515037922,0.9998239677050809,0.9998257066263345,-0.999823209072768,-0.9998258397840184,-0.9998266014004077,-0.5850967587826462,0.9655925307714828,-0.05768225862513793,-0.9605400469062421,-0.9887230062464585,0.5697702215711803,0.16663633732858077,0.9992945086449184,0.999999999731185,-0.9984134145265128,-0.9998230403448031,0.9857371406921044,-0.9857370337121353,-0.476372837849493,0.9992945200708073,0.9887228944310608,0.3772477835294335,-0.27358684026140656,0.9998270171660186,0.9998270171660157,-0.9998272722059378,-0.9998272722059381,0.9998273591660974
0.9992966876410583,-0.9992956215242231,-0.9992978978547868,0.999294795000522,0.9992980612859869,0.9992989880915218,0.5385090752780849,-0.9494182252756321,0.113799214836995,0.9746758525081282,0.9787226959009684,-0.61513532145423,-0.22188691501487162,-0.999823031176969,-0.9984134145265128,0.9999999995609273,0.9971800536876015,-0.9936480309159035,0.9936481652498935,0.5251200998638343,-0.9955949521214279,-0.978722606829447,-0.4287911978033774,0.32730675929390896,-0.9992994859864336,-0.9992994859864315,0.9992997906902962,0.9992997906902966,-0.9992998942747475
0.9992962232456459,-0.9992953041735173,-0.9992973019948765,0.9992946397893031,0.9992974488343515,0.9992982928903115,0.6002204242663963,-0.9703049884152819,0.03892676578507316,0.9551477592195936,0.9913602967867522,-0.5542388061340927,-0.14809281526106438,-0.9984132714008614,-0.9998230403448031,0.9971800536876015,0.9999999996107475,-0.9824031453605353,0.9824030430478325,0.4597793873835677,-0.999822910081423,-0.9913601843403029,-0.3597918133368485,0.2554782327457578,-0.9992987490084259,-0.9992987490084229,0.9992990285090451,0.9992990285090453,-0.9992991236628165
-0.9887259322187365,0.9887246613530903,0.9887273224406563,-0.9887236049359829,-0.9887275086386723,-0.9887285466753203,-0.4402724818989203,0.9080535197233691,-0.22487093849920683,-0.9936481674265981,-0.949418079724107,0.6999457585063266,0.33019812875284804,0.9913606370267782,0.9857371406921044,-0.9936480309159035,-0.9824031453605353,0.9999999995139252,-0.9999989736578937,-0.6175471121528622,0.9787228368387003,0.949418026533506,0.52772364113496,-0.4315552527422111,0.9887291005287918,0.9887291005287905,-0.9887294388993851,-0.9887294388993856,0.9887295537262764
0.9887258074344282,-0.9887245430724331,-0.9887271917439465,0.988723493660378,0.9887273772641709,0.9887284114086218,0.44027248946430775,-0.908053450356236,0.22487086319554608,0.9936482990727891,0.9494179958277006,-0.6999456526447465,-0.33019804645394263,-0.9913605289014652,-0.9857370337121353,0.9936481652498935,0.9824030430478325,-0.9999989736578937,0.9999999993613052,0.617547012110756,-0.9787227395173581,-0.9494179424419567,-0.5277235468459808,0.43155516425565443,-0.9887289633413,-0.9887289633412979,0.988729300550087,0.988729300550087,-0.988729414987937
0.4928003453691115,-0.49279929320896604,-0.4928013888453745,0.4927982676321851,0.4928015408119309,0.4928022435580217,-0.4343122047538177,-0.23132329310983,0.9052583879385534,0.70213006609647,0.3393288275397384,-0.9939886834547121,-0.9463317591276852,-0.5090489472989574,-0.476372837849493,0.5251200998638343,0.4597793873835677,-0.6175471121528622,0.617547012110756,1.0000000001162386,-0.44302377495039236,-0.3393290150211959,-0.9939887588194224,0.9760276013883687,-0.4928026232337985,-0.4928026232337977,0.4928028527338214,0.4928028527338215,-0.49280293020971955
-0.9984154972752026,0.9984144300191619,0.9984167113505802,-0.9984136070176068,-0.9984168731844139,-0.9984178073723484,-0.615132573132001,0.9746754292093731,-0.020157463471078607,-0.9494187463583148,-0.9936479088051372,0.5385119354616904,0.12949700180349943,0.9971801091919072,0.9992945200708073,-0.9955949521214279,-0.999822910081423,0.9787228368387003,-0.9787227395173581,-0.44302377495039236,0.9999999995379482,0.9936480350648618,0.3422089257411898,-0.2372794791055295,0.9984183076096284,0.9984183076096268,-0.998418613856096,-0.998418613856098,0.998418717968413
-0.9857392250265633,0.9857380179818076,0.9857405671292649,-0.9857370467976904,-0.9857407407595751,-0.9857417637744671,-0.6999436366833959,0.9936481843264797,0.09247375161587937,-0.9080539209869015,-0.9999989394188985,0.44027498716395813,0.01709585654344873,0.9824029314722833,0.9887228944310608,-0.978722606829447,-0.9913601843403029,0.949418026533506,-0.9494179424419567,-0.3393290150211959,0.9936480350648618,0.9999999993167091,0.23430303683330014,-0.126459781518812,0.9857423057014442,0.9857423057014424,-0.9857426373390376,-0.9857426373390381,0.9857427499514744
-0.39457247424802533,0.39457157522140435,0.39457335227360957,-0.3945706790960492,-0.39457348433697387,-0.39457406194401995,0.5303188600188313,0.12342020313489324,-0.9463315118335349,-0.6199529523779213,-0.23430282872991945,0.9760276593894045,0.9760275477040302,0.4117535606102917,0.3772477835294335,-0.4287911978033774,-0.3597918133368485,0.52772364113496,-0.5277235468459808,-0.9939887588194224,0.3422089257411898,0.23430303683330014,1.0000000001838183,-0.993988832073963,0.3945743768652968,0.39457437686529656,-0.39457456663333973,-0.3945745666333405,0.3945746306401701
0.29160033955387804,-0.29159963878003414,-0.2916010107139758,0.29159892024513717,0.2916011176055959,0.2916015430751179,-0.6199500261035266,-0.014032945941068981,0.9760274877384777,0.5303221437523857,0.12645955635136796,-0.9463320356352121,-0.9939889233438722,-0.30950744553676285,-0.27358684026140656,0.32730675929390896,0.2554782327457578,-0.4315552527422111,0.43155516425565443,0.9760276013883687,-0.2372794791055295,-0.126459781518812,-0.993988832073963,1.000000000287708,-0.2916017794496979,-0.291601779449698,0.29160192120857714,0.2916019212085773,-0.2916019689709817
-1.0000016496983493,1.000002092829673,1.0000014872479046,-1.0000028916863644,-1.0000014934075359,-1.0000012781782361,-0.5697705624582846,0.9605455252880822,-0.07641835246658038,-0.9655999180396767,-0.9857424494713056,0.5851054708958869,0.18512296894031405,0.9998273306542573,0.9998270171660186,-0.9992994859864336,-0.9992987490084259,0.9887291005287918,-0.9887289633413,-0.4928026232337985,0.9984183076096284,0.9857423057014442,0.3945743768652968,-0.2916017794496979,1.0000000011209622,1.0000015694843825,-1.0000013655316693,-1.0000016044361282,1.0000016176860385
-1.000001649698347,1.0000020928296713,1.0000014872479028,-1.0000028916863621,-1.0000014934075336,-1.0000012781782328,-0.569770562458283,0.9605455252880803,-0.07641835246658099,-0.9655999180396754,-0.9857424494713034,0.5851054708958865,0.1851229689403146,0.9998273306542559,0.9998270171660157,-0.9992994859864315,-0.9992987490084229,0.9887291005287905,-0.9887289633412979,-0.4928026232337977,0.9984183076096268,0.9857423057014424,0.39457437686529656,-0.291601779449698,1.0000015694843825,1.0000000011209622,-1.000001604436125,-1.000001365531671,1.0000016176860362
1.0000017796842948,-1.0000022725552575,-1.0000015719453608,1.000003124899572,1.0000015729445535,1.0000015667505422,0.5697707940032035,-0.9605458830458694,0.07641839051559458,0.9656002865753438,0.9857427825954073,-0.5851057292530394,-0.1851230585998407,-0.9998275984471418,-0.9998272722059378,0.9992997906902962,0.9992990285090451,-0.9887294388993851,0.988729300550087,0.4928028527338214,-0.998418613856096,-0.9857426373390376,-0.39457456663333973,0.29160192120857714,-1.0000013655316693,-1.000001604436125,1.0000000011645276,1.0000016304744181,-1.0000014018347139
1.0000017796842957,-1.000002272555259,-1.0000015719453619,1.0000031248995718,1.000001572944553,1.0000015667505429,0.5697707940032039,-0.9605458830458692,0.07641839051559485,0.9656002865753451,0.9857427825954074,-0.58510572925304,-0.18512305859984124,-0.999827598447141,-0.9998272722059381,0.9992997906902966,0.9992990285090453,-0.9887294388993856,0.988729300550087,0.4928028527338215,-0.998418613856098,-0.9857426373390381,-0.3945745666333405,0.2916019212085773,-1.0000016044361282,-1.000001365531671,1.0000016304744181,1.0000000011645276,-1.0000014018347116
-1.0000018247615536,1.0000023342904654,1.0000016018553222,-1.0000032045478706,-1.0000016011262935,-1.0000015849289345,-0.5697708725571439,0.9605460043845452,-0.07641840321294582,-0.9656004114510781,-0.9857428957056742,0.5851058165500553,0.18512308874718766,0.9998276896735802,0.9998273591660974,-0.9992998942747475,-0.9992991236628165,0.9887295537262764,-0.988729414987937,-0.49280293020971955,0.998418717968413,0.9857427499514744,0.3945746306401701,-0.2916019689709817,1.0000016176860385,1.0000016176860362,-1.0000014018347139,-1.0000014018347116,1.000000001178478
