0.9999999995461691,-0.9999993735513834,-0.9999994333904939,0.9999994304491361,0.9999992272972188,0.999999482869983,0.9999993546376261,0.9999990364088196,-0.9999991229498292,-0.9999990211603293,0.9999992303912308,0.9999993612781537,-0.9999993200351162,0.9999993758925779,-1.0000003983221615,1.000000278955252,-1.000000151722057,-1.0000003309772922,0.9999999746570855,-0.9999998344977683,-1.0000000377044909,-0.9999996857600334,1.0000001576580029,-0.9999993402657862,-0.9999994382499214,-1.0000004374944589,1.0000005435344064,1.0000005923190476,-1.0000006283313314,0.9999998121114803,0.9999998121114791,-0.9999997863975688,-0.9999997863975709,0.9999997757240362
-0.9999993735513834,0.9999999994792915,0.999999329620745,-0.999999440437314,-0.9999992372753924,-0.9999994359809655,-0.9999993077398045,-0.9999989894915746,0.9999990760448826,0.9999989742326694,-0.999999183489429,-0.9999993143659789,0.9999992731326197,-0.9999993289924756,1.000000351416936,-1.0000002320548342,1.0000001048036544,1.0000002840921662,-0.9999999277184346,0.999999787540608,0.9999999907585786,0.9999996388758791,-1.0000001107771057,0.9999992933690448,0.9999993913540974,1.0000003906137893,-1.000000496651741,-1.0000005454381808,1.000000581449863,-0.9999997651430407,-0.9999997651430425,0.9999997394214482,0.9999997394214493,-0.9999997287453816
-0.9999994333904939,0.999999329620745,0.9999999995646328,-0.9999994433976847,-0.9999992402402806,-0.9999995526965599,-0.9999994244593698,-0.99999904934385,0.9999991358913567,0.9999990340892755,-0.9999992433330214,-0.9999993742143612,0.9999993329779108,-0.9999993888355272,1.0000004112569847,-1.000000291894787,1.000000164650605,1.0000003439260914,-0.9999999875753534,0.9999998474063532,1.0000000506166942,0.9999996987110303,-1.0000001706097916,0.9999993532097583,0.9999994511946525,1.0000004504453655,-1.0000005564837966,-1.0000006052698003,1.0000006412816071,-0.9999998250131772,-0.9999998250131777,0.9999997992952362,0.9999997992952363,-0.9999997886204283
0.9999994304491361,-0.999999440437314,-0.9999994433976847,0.9999999996415551,0.9999992941875961,0.9999995497523779,0.9999994215254155,0.999999103318365,-0.9999991898497225,-0.9999990880744368,0.999999297283084,0.9999994281740078,-0.9999993869297767,0.99999944278147,-1.0000004652190804,1.0000003458587137,-1.0000002186499102,-1.0000003978600924,1.00000004161669,-0.9999999014851689,-1.0000001046612272,-0.9999998095166155,1.0000002245333635,-0.9999994640291004,-0.9999995051337643,-1.000000504362053,1.0000006104062227,1.0000006591853485,-1.0000006951989635,0.9999998791092191,0.9999998791092201,-0.9999998534042446,-0.999999853404244,0.9999998427340769
0.9999992272972188,-0.9999992372753924,-0.9999992402402806,0.9999992941875961,0.9999999993518014,0.9999993466109731,0.9999992183432498,0.9999989000187772,-0.9999990434903233,-0.9999988847325683,0.9999990940790114,0.9999992249275041,-0.9999991837134029,0.99999923958945,-1.0000002619991553,1.0000001426327023,-1.0000000153082935,-1.0000001947325192,0.9999998381303609,-0.9999996978704834,-0.9999999011641257,-0.9999995495220614,1.0000000214370461,-0.9999992039797688,-0.9999993019690007,-1.0000003012884255,1.000000407316095,1.0000004561144562,-1.000000492122977,0.9999996754352309,0.9999996754352335,-0.9999996496837652,-0.9999996496837668,0.9999996389970229
0.999999482869983,-0.9999994359809655,-0.9999995526965599,0.9999995497523779,0.9999993466109731,0.9999999997163148,0.9999994739485112,0.9999991557492541,-0.9999992422761208,-0.9999991405087589,0.999999349707305,0.9999994806022773,-0.9999994393555395,0.9999994952054919,-1.0000005176395106,1.0000003982788634,-1.0000002710745068,-1.0000004502763515,1.0000000940480775,-0.9999999539225295,-1.0000001570936126,-0.9999998619342733,1.0000002769490353,-0.9999994595734913,-0.9999996144334585,-1.0000005567771528,1.0000006628214555,1.0000007116005902,-1.0000007476142228,0.9999999315496669,0.9999999315496686,-0.999999905847331,-0.9999999058473319,0.9999998951780674
0.9999993546376261,-0.9999993077398045,-0.9999994244593698,0.9999994215254155,0.9999992183432498,0.9999994739485112,0.9999999995334212,0.9999990273912907,-0.9999991139710546,-0.9999990121155858,0.9999992214304433,0.9999993522901001,-0.9999993679460953,0.9999993669391907,-1.0000003893446625,1.0000002699779733,-1.00000014267232,-1.000000322061638,0.9999999655200827,-0.9999998252829524,-1.0000000285569635,-0.9999996768530456,1.0000001487623653,-0.999999331324201,-0.9999994293127528,-1.0000004286107484,1.0000005346400664,1.0000005834367542,-1.0000006194457411,0.9999998028589714,0.9999998028589717,-0.9999997771166746,-0.9999997771166761,0.9999997664330971
0.9999990364088196,-0.9999989894915746,-0.99999904934385,0.999999103318365,0.9999989000187772,0.9999991557492541,0.9999990273912907,0.9999999990792766,-0.9999988524246721,-0.9999987503136138,0.9999989030796534,0.9999990338336348,-0.9999989926911129,0.9999990486159583,-1.0000000709616557,0.9999999515905812,-0.9999998240166003,-1.000000003901583,0.9999996465324081,-0.9999995059990043,-0.9999997095346828,-0.9999993587134133,0.9999998306724391,-0.999999013048961,-0.9999991110531277,-1.0000001105680276,1.0000002165608555,1.0000002653997073,-1.0000003013974779,0.9999994834331856,0.9999994834331852,-0.9999994575819063,-0.9999994575819059,0.9999994468598541
-0.9999991229498292,0.9999990760448826,0.9999991358913567,-0.9999991898497225,-0.9999990434903233,-0.9999992422761208,-0.9999991139710546,-0.9999988524246721,0.9999999992029109,0.9999987802206294,-0.9999990465650999,-0.99999912049628,0.9999990793141608,-0.9999991352082874,1.0000001575894222,-1.0000000382253869,0.9999999108008277,1.0000000904098625,-0.999999733502349,0.9999995931343099,0.9999997965193697,0.9999994452086836,-0.9999999171407901,0.9999990996152704,0.9999991976105174,1.0000001970074306,-1.0000003030213422,-1.0000003518353533,1.0000003878396297,-0.9999995706454057,-0.9999995706454068,0.9999995448539242,0.9999995448539253,-0.9999995341531762
-0.9999990211603293,0.9999989742326694,0.9999990340892755,-0.9999990880744368,-0.9999988847325683,-0.9999991405087589,-0.9999990121155858,-0.9999987503136138,0.9999987802206294,0.9999999990573156,-0.9999988877843172,-0.9999990185037083,0.9999989773847463,-0.999999033332225,1.0000000556528263,-0.9999999362712877,0.9999998085893873,0.9999999886729005,-0.9999996309700915,0.9999994903162188,0.999999693966913,0.9999993434943304,-0.9999998154727965,0.999998997782945,0.9999990957938816,1.000000095392383,-1.0000002013696352,-1.000000250227749,1.0000002862206907,-0.9999994676967457,-0.9999994676967471,0.9999994418031155,0.9999994418031165,-0.9999994310658108
0.9999992303912308,-0.999999183489429,-0.9999992433330214,0.999999297283084,0.9999990940790114,0.999999349707305,0.9999992214304433,0.9999989030796534,-0.9999990465650999,-0.9999988877843172,0.9999999993561989,0.9999992280007217,-0.99999918679309,0.9999992426745976,-1.0000002650780266,1.0000001457094978,-1.0000000183577453,-1.000000197832082,0.9999998411460419,-0.9999997008558282,-0.9999999041778601,-0.9999995526238658,1.0000000245438152,-0.9999992639470274,-0.9999993050602898,-1.0000003044009345,1.0000004104247533,1.0000004592278902,-1.0000004952352213,0.9999996784067607,0.9999996784067613,-0.9999996526445869,-0.9999996526445888,0.9999996419540058
0.9999993612781537,-0.9999993143659789,-0.9999993742143612,0.9999994281740078,0.9999992249275041,0.9999994806022773,0.9999993522901001,0.9999990338336348,-0.99999912049628,-0.9999990185037083,0.9999992280007217,0.9999999995427741,-0.9999993745007011,0.9999993735266901,-1.0000003958885446,1.0000002765096438,-1.0000001490403978,-1.0000003287308568,0.9999999716859116,-0.9999998312682639,-1.0000000347111164,-0.999999683538724,1.0000001554760967,-0.9999993379382155,-0.9999994359369352,-1.0000004353587133,1.0000005413641255,1.000000590189842,-1.0000006261914072,0.9999998087623847,0.9999998087623841,-0.9999997829563197,-0.9999997829563221,0.9999997722498298
-0.9999993200351162,0.9999992731326197,0.9999993329779108,-0.9999993869297767,-0.9999991837134029,-0.9999994393555395,-0.9999993679460953,-0.9999989926911129,0.9999990793141608,0.9999989773847463,-0.99999918679309,-0.9999993745007011,0.9999999994840297,-0.9999993891882824,1.0000003546889378,-1.0000002353227198,1.000000107934226,1.000000287475904,-0.999999930683389,0.9999997903574793,0.9999999937079619,0.9999996422763631,-1.0000001141988986,0.999999296708161,0.9999993947019614,1.0000003940607625,-1.0000005000782721,-1.0000005488888142,1.0000005848941331,-0.9999997678901402,-0.9999997678901386,0.9999997421157082,0.9999997421157086,-0.9999997314208185
0.9999993758925779,-0.9999993289924756,-0.9999993888355272,0.99999944278147,0.99999923958945,0.9999994952054919,0.9999993669391907,0.9999990486159583,-0.9999991352082874,-0.999999033332225,0.9999992426745976,0.9999993735266901,-0.9999993891882824,0.9999999995637247,-1.0000004105835654,1.0000002912145016,-1.0000001638820457,-1.0000003433203806,0.9999999866972762,-0.9999998464308593,-1.0000000497326136,-0.9999996981147483,1.0000001700284153,-0.9999993525750692,-0.9999995074430564,-1.0000004498826238,1.0000005559079568,1.0000006047096996,-1.0000006407174404,0.9999998239937203,0.9999998239937198,-0.9999997982413426,-0.9999997982413452,0.9999997875541373
-1.0000003983221615,1.000000351416936,1.0000004112569847,-1.0000004652190804,-1.0000002619991553,-1.0000005176395106,-1.0000003893446625,-1.0000000709616557,1.0000001575894222,1.0000000556528263,-1.0000002650780266,-1.0000003958885446,1.0000003546889378,-1.0000004105835654,1.0000000010219088,-1.0000013705850355,1.0000011863703986,1.0000013658163915,-1.0000010091544924,1.000000868860788,1.00000107219154,1.0000007205734125,-1.0000011925135037,1.0000003749978486,1.0000004729820569,1.0000014723718063,-1.0000015784055618,-1.000001627196723,1.0000016632075408,-1.00000084641111,-1.00000084641111,1.0000008206427282,1.0000008206427304,-1.0000008099497555
1.000000278955252,-1.0000002320548342,-1.000000291894787,1.0000003458587137,1.0000001426327023,1.0000003982788634,1.0000002699779733,0.9999999515905812,-1.0000000382253869,-0.9999999362712877,1.0000001457094978,1.0000002765096438,-1.0000002353227198,1.0000002912145016,-1.0000013705850355,1.0000000008516734,-1.0000011238924174,-1.0000013033361526,1.0000008898054702,-1.0000007495177563,-1.0000009528279565,-1.0000006012153961,1.0000010731544775,-1.0000002556295495,-1.00000035361331,-1.000001353003533,1.0000014590385702,1.0000015078260218,-1.00000154383728,1.0000007270640079,1.0000007270640083,-1.0000007012946759,-1.0000007012946772,1.0000006906019085
-1.000000151722057,1.0000001048036544,1.000000164650605,-1.0000002186499102,-1.0000000153082935,-1.0000002710745068,-1.00000014267232,-0.9999998240166003,0.9999999108008277,0.9999998085893873,-1.0000000183577453,-1.0000001490403978,1.000000107934226,-1.0000001638820457,1.0000011863703986,-1.0000011238924174,1.000000000669913,1.0000011193171048,-1.0000008188334297,1.000000621411127,1.000000824943152,1.0000004740752695,-1.0000009460670467,1.000000128352141,1.000000226345406,1.0000012259521842,-1.0000013319609973,-1.0000013807753239,1.0000014167788096,-1.000000598831865,-1.0000005988318652,1.0000005729621004,1.0000005729621015,-1.0000005622340757
-1.0000003309772922,1.0000002840921662,1.0000003439260914,-1.0000003978600924,-1.0000001947325192,-1.0000004502763515,-1.000000322061638,-1.000000003901583,1.0000000904098625,0.9999999886729005,-1.000000197832082,-1.0000003287308568,1.000000287475904,-1.0000003433203806,1.0000013658163915,-1.0000013033361526,1.0000011193171048,1.000000000925871,-1.0000009423588883,1.0000008022936733,1.0000010054100454,1.0000006531583756,-1.0000011819291859,1.000000307688872,1.0000004056643492,1.0000014048682104,-1.0000015678034506,-1.0000015596891294,1.0000015957070902,-1.0000007799481005,-1.0000007799481014,1.0000007542647222,1.000000754264724,-1.0000007436021958
0.9999999746570855,-0.9999999277184346,-0.9999999875753534,1.00000004161669,0.9999998381303609,1.0000000940480775,0.9999999655200827,0.9999996465324081,-0.999999733502349,-0.9999996309700915,0.9999998411460419,0.9999999716859116,-0.999999930683389,0.9999999866972762,-1.0000010091544924,1.0000008898054702,-1.0000008188334297,-1.0000009423588883,1.0000000004165008,-1.000000500086757,-1.0000007038987802,-1.000000297126478,1.0000007691811845,-0.999999951231728,-1.000000049239104,-1.0000010491112838,1.0000011550842307,1.0000012039365471,-1.0000012399292608,1.0000004204671107,1.0000004204671118,-1.000000394470358,-1.00000039447036,1.0000003836978932
-0.9999998344977683,0.999999787540608,0.9999998474063532,-0.9999999014851689,-0.9999996978704834,-0.9999999539225295,-0.9999998252829524,-0.9999995059990043,0.9999995931343099,0.9999994903162188,-0.9999997008558282,-0.9999998312682639,0.9999997903574793,-0.9999998464308593,1.000000868860788,-1.0000007495177563,1.000000621411127,1.0000008022936733,-1.000000500086757,1.0000000002153837,1.0000005061037673,1.0000001570700865,-1.000000629180201,0.9999998110228611,0.999999909042669,1.0000009091497828,-1.0000010150909782,-1.000001063976305,1.000001099959493,-1.0000003360370147,-1.0000003360370142,1.0000002530500098,1.000000253050011,-1.000000242238143
-1.0000000377044909,0.9999999907585786,1.0000000506166942,-1.0000001046612272,-0.9999999011641257,-1.0000001570936126,-1.0000000285569635,-0.9999997095346828,0.9999997965193697,0.999999693966913,-0.9999999041778601,-1.0000000347111164,0.9999999937079619,-1.0000000497326136,1.00000107219154,-1.0000009528279565,1.000000824943152,1.0000010054100454,-1.0000007038987802,1.0000005061037673,1.0000000005062677,1.0000003601785845,-1.000000832241646,1.0000000142740302,1.0000001122833695,1.0000011121859993,-1.000001218153684,-1.0000012670137501,1.0000013030048367,-1.0000004833472946,-1.000000483347295,1.0000004573368173,1.0000004573368175,-1.0000004465590202
-0.9999996857600334,0.9999996388758791,0.9999996987110303,-0.9999998095166155,-0.9999995495220614,-0.9999998619342733,-0.9999996768530456,-0.9999993587134133,0.9999994452086836,0.9999993434943304,-0.9999995526238658,-0.999999683538724,0.9999996422763631,-0.9999996981147483,1.0000007205734125,-1.0000006012153961,1.0000004740752695,1.0000006531583756,-1.000000297126478,1.0000001570700865,1.0000003601785845,1.0000000000056541,-1.0000005366904052,0.999999662473886,0.9999997604517794,1.0000007596288158,-1.0000008656830013,-1.000000914450473,1.0000009504672,-1.0000001347294223,-1.000000134729423,1.0000001090515704,1.0000001090515718,-1.0000000983910113
1.0000001576580029,-1.0000001107771057,-1.0000001706097916,1.0000002245333635,1.0000000214370461,1.0000002769490353,1.0000001487623653,0.9999998306724391,-0.9999999171407901,-0.9999998154727965,1.0000000245438152,1.0000001554760967,-1.0000001141988986,1.0000001700284153,-1.0000011925135037,1.0000010731544775,-1.0000009460670467,-1.0000011819291859,1.0000007691811845,-1.000000629180201,-1.000000832241646,-1.0000005366904052,1.0000000006786363,-1.0000001343807858,-1.0000002323548176,-1.0000012883758278,1.0000013375608958,1.0000013863191126,-1.0000014223385145,1.0000006068665448,1.0000006068665468,-1.000000581208905,-1.0000005812089063,1.0000005705554114
-0.9999993402657862,0.9999992933690448,0.9999993532097583,-0.9999994640291004,-0.9999992039797688,-0.9999994595734913,-0.999999331324201,-0.999999013048961,0.9999990996152704,0.999998997782945,-0.9999992639470274,-0.9999993379382155,0.999999296708161,-0.9999993525750692,1.0000003749978486,-1.0000002556295495,1.000000128352141,1.000000307688872,-0.999999951231728,0.9999998110228611,1.0000000142740302,0.999999662473886,-1.0000001343807858,0.9999999995129321,0.999999414943346,1.0000004142254175,-1.0000005202595859,-1.0000005690509854,1.0000006050615062,-0.9999997886130966,-0.9999997886130971,0.9999997628809311,0.9999997628809321,-0.9999997522009314
-0.9999994382499214,0.9999993913540974,0.9999994511946525,-0.9999995051337643,-0.9999993019690007,-0.9999996144334585,-0.9999994293127528,-0.9999991110531277,0.9999991976105174,0.9999990957938816,-0.9999993050602898,-0.9999994359369352,0.9999993947019614,-0.9999995074430564,1.0000004729820569,-1.00000035361331,1.000000226345406,1.0000004056643492,-1.000000049239104,0.999999909042669,1.0000001122833695,0.9999997604517794,-1.0000002323548176,0.999999414943346,0.9999999996526773,1.0000005121981315,-1.0000006182327421,-1.0000006670239177,1.0000007030345308,-0.9999998866392472,-0.9999998866392478,0.9999998609124503,0.9999998609124501,-0.9999998502342891
-1.0000004374944589,1.0000003906137893,1.0000004504453655,-1.000000504362053,-1.0000003012884255,-1.0000005567771528,-1.0000004286107484,-1.0000001105680276,1.0000001970074306,1.000000095392383,-1.0000003044009345,-1.0000004353587133,1.0000003940607625,-1.0000004498826238,1.0000014723718063,-1.000001353003533,1.0000012259521842,1.0000014048682104,-1.0000010491112838,1.0000009091497828,1.0000011121859993,1.0000007596288158,-1.0000012883758278,1.0000004142254175,1.0000005121981315,1.0000000010776897,-1.0000016173721518,-1.0000017230055571,1.0000017021484153,-1.000000886859437,-1.0000008868594383,1.0000008612190843,1.0000008612190854,-1.0000008505713487
1.0000005435344064,-1.000000496651741,-1.0000005564837966,1.0000006104062227,1.000000407316095,1.0000006628214555,1.0000005346400664,1.0000002165608555,-1.0000003030213422,-1.0000002013696352,1.0000004104247533,1.0000005413641255,-1.0000005000782721,1.0000005559079568,-1.0000015784055618,1.0000014590385702,-1.0000013319609973,-1.0000015678034506,1.0000011550842307,-1.0000010150909782,-1.000001218153684,-1.0000008656830013,1.0000013375608958,-1.0000005202595859,-1.0000006182327421,-1.0000016173721518,1.000000001228957,1.0000017721941483,-1.0000018650916986,1.0000009927845206,1.000000992784522,-1.0000009671310672,-1.000000967131068,1.0000009564787493
1.0000005923190476,-1.0000005454381808,-1.0000006052698003,1.0000006591853485,1.0000004561144562,1.0000007116005902,1.0000005834367542,1.0000002653997073,-1.0000003518353533,-1.000000250227749,1.0000004592278902,1.000000590189842,-1.0000005488888142,1.0000006047096996,-1.000001627196723,1.0000015078260218,-1.0000013807753239,-1.0000015596891294,1.0000012039365471,-1.000001063976305,-1.0000012670137501,-1.000000914450473,1.0000013863191126,-1.0000005690509854,-1.0000006670239177,-1.0000017230055571,1.0000017721941483,1.000000001298493,-1.0000019138489578,1.000001041687581,1.000001041687581,-1.0000010160486854,-1.000001016048688,1.0000010054013648
-1.0000006283313314,1.000000581449863,1.0000006412816071,-1.0000006951989635,-1.000000492122977,-1.0000007476142228,-1.0000006194457411,-1.0000003013974779,1.0000003878396297,1.0000002862206907,-1.0000004952352213,-1.0000006261914072,1.0000005848941331,-1.0000006407174404,1.0000016632075408,-1.00000154383728,1.0000014167788096,1.0000015957070902,-1.0000012399292608,1.000001099959493,1.0000013030048367,1.0000009504672,-1.0000014223385145,1.0000006050615062,1.0000007030345308,1.0000017021484153,-1.0000018650916986,-1.0000019138489578,1.0000000013498642,-1.000001077665906,-1.0000010776659067,1.0000010520230305,1.000001052023031,-1.0000010413743186
0.9999998121114803,-0.9999997651430407,-0.9999998250131772,0.9999998791092191,0.9999996754352309,0.9999999315496669,0.9999998028589714,0.9999994834331856,-0.9999995706454057,-0.9999994676967457,0.9999996784067607,0.9999998087623847,-0.9999997678901402,0.9999998239937203,-1.00000084641111,1.0000007270640079,-1.000000598831865,-1.0000007799481005,1.0000004204671107,-1.0000003360370147,-1.0000004833472946,-1.0000001347294223,1.0000006068665448,-0.9999997886130966,-0.9999998866392472,-1.000000886859437,1.0000009927845206,1.000001041687581,-1.000001077665906,1.0000000001826965,1.0000002562064623,-1.0000002869205669,-1.0000002300429347,1.0000002192118826
0.9999998121114791,-0.9999997651430425,-0.9999998250131777,0.9999998791092201,0.9999996754352335,0.9999999315496686,0.9999998028589717,0.9999994834331852,-0.9999995706454068,-0.9999994676967471,0.9999996784067613,0.9999998087623841,-0.9999997678901386,0.9999998239937198,-1.00000084641111,1.0000007270640083,-1.0000005988318652,-1.0000007799481014,1.0000004204671118,-1.0000003360370142,-1.000000483347295,-1.000000134729423,1.0000006068665468,-0.9999997886130971,-0.9999998866392478,-1.0000008868594383,1.000000992784522,1.000001041687581,-1.0000010776659067,1.0000002562064623,1.0000000001826965,-1.0000002300429345,-1.0000002869205717,1.0000002192118853
-0.9999997863975688,0.9999997394214482,0.9999997992952362,-0.9999998534042446,-0.9999996496837652,-0.999999905847331,-0.9999997771166746,-0.9999994575819063,0.9999995448539242,0.9999994418031155,-0.9999996526445869,-0.9999997829563197,0.9999997421157082,-0.9999997982413426,1.0000008206427282,-1.0000007012946759,1.0000005729621004,1.0000007542647222,-1.000000394470358,1.0000002530500098,1.0000004573368173,1.0000001090515704,-1.000000581208905,0.9999997628809311,0.9999998609124503,1.0000008612190843,-1.0000009671310672,-1.0000010160486854,1.0000010520230305,-1.0000002869205669,-1.0000002300429345,1.0000000001453528,1.000000203837069,-1.000000249868728
-0.9999997863975709,0.9999997394214493,0.9999997992952363,-0.999999853404244,-0.9999996496837668,-0.9999999058473319,-0.9999997771166761,-0.9999994575819059,0.9999995448539253,0.9999994418031165,-0.9999996526445888,-0.9999997829563221,0.9999997421157086,-0.9999997982413452,1.0000008206427304,-1.0000007012946772,1.0000005729621015,1.000000754264724,-1.00000039447036,1.000000253050011,1.0000004573368175,1.0000001090515718,-1.0000005812089063,0.9999997628809321,0.9999998609124501,1.0000008612190854,-1.000000967131068,-1.000001016048688,1.000001052023031,-1.0000002300429347,-1.0000002869205717,1.000000203837069,1.0000000001453528,-1.0000002498687268
0.9999997757240362,-0.9999997287453816,-0.9999997886204283,0.9999998427340769,0.9999996389970229,0.9999998951780674,0.9999997664330971,0.9999994468598541,-0.9999995341531762,-0.9999994310658108,0.9999996419540058,0.9999997722498298,-0.9999997314208185,0.9999997875541373,-1.0000008099497555,1.0000006906019085,-1.0000005622340757,-1.0000007436021958,1.0000003836978932,-1.000000242238143,-1.0000004465590202,-1.0000000983910113,1.0000005705554114,-0.9999997522009314,-0.9999998502342891,-1.0000008505713487,1.0000009564787493,1.0000010054013648,-1.0000010413743186,1.0000002192118826,1.0000002192118853,-1.000000249868728,-1.0000002498687268,1.000000000129881
