0.9999999998498013,-0.9999996239268958,-1.0000000360504344,0.9999993212085497,0.9999997315191085,1.0000000522168844,1.0000001535668728,0.9999995725163622,-0.9999998168569841,-0.9999995582984093,0.9999996919882101,-0.999999826002988,1.0000005374907062,-1.000000274437987,-1.000000504639968,-1.0000005046399694,0.9999999806307486,0.9999996362217402,-0.9999996989740315,0.999999313095738,-0.9999990738557217,-0.9999990738557215,0.9999989297317092,0.9999989297317079,-1.0000001555940248,-0.9999988797291347,1.0000002348706647,-1.0000002336892126
-0.9999996239268958,0.9999999996295442,0.9999998936944786,-0.9999991553190705,-0.9999995656112031,-0.9999998981395121,-0.9999999995514769,-0.999999418378957,0.9999996627170489,0.9999994043672711,-0.9999995380267478,0.9999996719993511,-1.0000003837019928,1.0000001205171132,1.0000003508983089,1.0000003508983093,-0.9999998265714359,-0.9999994822303757,0.9999995447339892,-0.9999991586609185,0.9999989193409435,0.9999989193409435,-0.9999987751711382,-0.9999987751711379,1.0000000015738035,0.9999987251533563,-1.0000000808871203,1.0000000797073818
-1.0000000360504344,0.9999998936944786,1.0000000002184044,-0.9999995792708464,-0.9999999895958556,-1.0000002984433816,-1.0000003997192215,-0.9999998305324487,1.0000000748737015,0.9999998160473994,-0.9999999497739384,1.000000083840494,-1.0000007950733962,1.000000532177191,1.0000007621665126,1.000000762166514,-1.000000238536417,-0.9999998940445342,0.9999999571003346,-0.9999995714545251,0.9999993323101708,0.999999332310171,-0.9999991882415334,-0.9999991882415338,1.000000413466895,0.9999991382574226,-1.0000004926999742,1.0000004915166427
0.9999993212085497,-0.9999991553190705,-0.9999995792708464,0.9999999991802608,0.9999992628669517,0.9999995837130511,0.9999996851451507,0.9999991039581227,-0.9999993482790248,-0.9999990899055438,0.9999992235529477,-0.9999993575177432,1.0000000692585311,-0.9999998060460314,-1.0000000364674313,-1.0000000364674326,0.9999995120860801,0.9999991677558245,-0.9999992302520679,0.99999884418317,-0.9999986048704853,-0.9999986048704848,0.9999984607090521,0.9999984607090516,-0.99999968716474,-0.9999984106944116,0.9999997664913518,-0.9999997653126597
0.9999997315191085,-0.9999995656112031,-0.9999999895958556,0.9999992628669517,0.9999999997665099,0.9999999940395075,1.0000000954721497,0.9999995142355917,-0.9999997468727232,-0.9999995003927584,0.9999996340443793,-0.9999997679976942,1.0000004798014557,-1.0000002165599688,-1.0000004470165602,-1.0000004470165602,0.9999999225387375,0.9999995782306371,-0.9999996288669674,0.9999992543783214,-0.999999014999518,-0.9999990149995186,0.9999988707912861,0.9999988707912856,-1.0000000974941412,-0.9999988207603189,1.0000001768178004,-1.0000001756380854
1.0000000522168844,-0.9999998981395121,-1.0000002984433816,0.9999995837130511,0.9999999940395075,1.000000000224775,1.0000004158997198,0.9999998349804092,-1.0000000676079999,-0.9999998205319632,0.9999999542550588,-1.0000000883158864,1.0000007995777078,-1.0000005366642022,-1.0000007666767594,-1.0000007666767619,1.0000002430036397,0.9999998985210987,-0.9999999615393654,0.9999995758633449,-0.999999336706019,-0.9999993367060181,0.9999991926294832,0.9999991926294826,-1.0000004062166845,-0.9999991426427045,1.0000004971691543,-1.0000004959859696
1.0000001535668728,-0.9999999995514769,-1.0000003997192215,0.9999996851451507,1.0000000954721497,1.0000004158997198,1.000000000369439,0.9999999363569467,-1.0000001806923242,-0.9999999215658952,1.0000000553279706,-1.0000001894480954,1.0000009004174404,-1.0000006376824226,-1.0000008674544216,-1.0000008674544216,1.0000003442172993,0.9999999996391628,-1.0000000630223709,0.9999996776302011,-0.9999994385923436,-0.9999994385923445,0.9999992945864656,0.9999992945864659,-1.0000005191398498,-0.9999992446233557,1.0000005983301399,-1.0000005854299725
0.9999995725163622,-0.999999418378957,-0.9999998305324487,0.9999991039581227,0.9999995142355917,0.9999998349804092,0.9999999363569467,0.9999999995393816,-0.9999995878849158,-0.9999993410640007,0.9999994747392393,-0.9999996087403216,1.00000032029973,-1.000000057200281,-1.0000002874678295,-1.0000002874678302,0.9999997633542259,0.9999994189671682,-0.9999994816628476,0.9999990957454816,-0.999998856493371,-0.9999988564933714,0.9999987123652089,0.9999987123652052,-0.9999999383811263,-0.9999986623614755,1.0000000176743644,-1.0000000164940237
-0.9999998168569841,0.9999996627170489,1.0000000748737015,-0.9999993482790248,-0.9999997468727232,-1.0000000676079999,-1.0000001806923242,-0.9999995878849158,0.9999999998885065,0.9999995854615765,-0.9999997191425231,0.9999998531434492,-1.0000005647049388,1.0000003016077943,1.0000005318695275,1.0000005318695266,-1.0000000077515252,-0.9999996633656248,0.9999997260273552,-0.9999993400744659,0.9999991008027957,0.9999991008027965,-0.9999989566598722,-0.9999989566598713,1.000000182718113,0.9999989066509499,-1.000000262005864,1.0000002608248864
-0.9999995582984093,0.9999994043672711,0.9999998160473994,-0.9999990899055438,-0.9999995003927584,-0.9999998205319632,-0.9999999215658952,-0.9999993410640007,0.9999995854615765,0.9999999995186323,-0.9999994483640482,0.9999995942823909,-1.0000003048562847,1.0000000423797424,1.0000002717910637,1.0000002717910652,-0.999999749117253,-0.9999994044430305,0.999999468080744,-0.999999082846035,0.9999988438469168,0.9999988438469168,-0.9999986998413164,-0.9999986998413157,0.9999999236203673,0.9999986498759244,-1.0000000027045632,1.0000000015132116
0.9999996919882101,-0.9999995380267478,-0.9999999497739384,0.9999992235529477,0.9999996340443793,0.9999999542550588,1.0000000553279706,0.9999994747392393,-0.9999997191425231,-0.9999994483640482,0.9999999997098723,-0.999999716368138,1.0000004387971524,-1.000000176235048,-1.0000004057611913,-1.0000004057611909,0.9999998828785421,0.9999995382496346,-0.9999996017110638,0.9999992163405731,-0.999998977284029,-0.999998977284029,0.9999988332445393,0.9999988332445385,-1.000000057379984,-0.999998783267828,1.0000001364869664,-1.000000135296456
-0.999999826002988,0.9999996719993511,1.000000083840494,-0.9999993575177432,-0.9999997679976942,-1.0000000883158864,-1.0000001894480954,-0.9999996087403216,0.9999998531434492,0.9999995942823909,-0.999999716368138,0.9999999999015625,-1.0000005731285122,1.0000003104444635,1.0000005401359298,1.0000005401359304,-1.0000000052451892,-0.9999996606784991,0.9999997356258655,-0.9999993500808425,0.9999991109529318,0.9999991109529329,-0.999998966872925,-0.9999989668729233,1.0000001914957626,0.9999989168828194,-1.0000002706378757,1.000000269448891
1.0000005374907062,-1.0000003837019928,-1.0000007950733962,1.0000000692585311,1.0000004798014557,1.0000007995777078,1.0000009004174404,1.00000032029973,-1.0000005647049388,-1.0000003048562847,1.0000004387971524,-1.0000005731285122,1.0000000009166545,-1.0000010092479925,-1.0000012381122902,-1.0000012381122863,1.0000007281269274,1.000000383251972,-1.0000004476409168,1.0000000630101873,-0.9999998242583087,-0.9999998242583076,0.9999996803961295,0.9999996803961295,-1.0000009024863972,-0.9999996304784691,1.0000009814577024,-1.0000009802612955
-1.000000274437987,1.0000001205171132,1.000000532177191,-0.9999998060460314,-1.0000002165599688,-1.0000005366642022,-1.0000006376824226,-1.000000057200281,1.0000003016077943,1.0000000423797424,-1.000000176235048,1.0000003104444635,-1.0000010092479925,1.0000000005419163,1.0000009878844844,1.0000009878844849,-1.0000004535708757,-1.0000001205995785,1.0000001842781678,-0.9999997990907378,0.9999995601095208,0.9999995601095193,-0.9999994161140512,-0.9999994161140501,1.000000639738807,0.9999993661520281,-1.0000007188141078,1.00000071762205
-1.000000504639968,1.0000003508983089,1.0000007621665126,-1.0000000364674313,-1.0000004470165602,-1.0000007666767594,-1.0000008674544216,-1.0000002874678295,1.0000005318695275,1.0000002717910637,-1.0000004057611913,1.0000005401359298,-1.0000012381122902,1.0000009878844844,1.0000000008691656,1.0000012165690202,-1.000000695191942,-1.0000003502492714,1.0000004148989106,-1.0000000304751884,0.9999997918096863,0.9999997918096855,-0.9999996479979959,-0.9999996479979956,1.0000008695277136,0.9999995980971491,-1.000000948462772,1.0000009472648568
-1.0000005046399694,1.0000003508983093,1.000000762166514,-1.0000000364674326,-1.0000004470165602,-1.0000007666767619,-1.0000008674544216,-1.0000002874678302,1.0000005318695266,1.0000002717910652,-1.0000004057611909,1.0000005401359304,-1.0000012381122863,1.0000009878844849,1.0000012165690202,1.0000000008691656,-1.0000006951919438,-1.0000003502492711,1.000000414898911,-1.0000000304751882,0.9999997918096868,0.9999997918096871,-0.9999996479979965,-0.9999996479979961,1.0000008695277152,0.99999959809715,-1.000000948462773,1.0000009472648599
0.9999999806307486,-0.9999998265714359,-1.000000238536417,0.9999995120860801,0.9999999225387375,1.0000002430036397,1.0000003442172993,0.9999997633542259,-1.0000000077515252,-0.999999749117253,0.9999998828785421,-1.0000000052451892,1.0000007281269274,-1.0000004535708757,-1.000000695191942,-1.0000006951919438,1.0000000001226286,0.9999998271511176,-0.9999998783949459,0.9999995043562693,-0.9999992651454295,-0.9999992651454299,0.9999991210198702,0.9999991210198703,-1.0000003462586942,-0.9999990710149004,1.0000004254491572,-1.0000004242623903
0.9999996362217402,-0.9999994822303757,-0.9999998940445342,0.9999991677558245,0.9999995782306371,0.9999998985210987,0.9999999996391628,0.9999994189671682,-0.9999996633656248,-0.9999994044430305,0.9999995382496346,-0.9999996606784991,1.000000383251972,-1.0000001205995785,-1.0000003502492714,-1.0000003502492711,0.9999998271511176,0.9999999996303276,-0.9999995458673255,0.9999991603770408,-0.9999989212728725,-0.9999989212728727,0.9999987772069799,0.9999987772069793,-1.000000001687624,-0.9999987272215521,1.0000000808215577,-1.000000079632302
-0.9999996989740315,0.9999995447339892,0.9999999571003346,-0.9999992302520679,-0.9999996288669674,-0.9999999615393654,-1.0000000630223709,-0.9999994816628476,0.9999997260273552,0.999999468080744,-0.9999996017110638,0.9999997356258655,-1.0000004476409168,1.0000001842781678,1.0000004148989106,1.000000414898911,-0.9999998783949459,-0.9999995458673255,0.9999999997198982,-0.9999992097832547,0.9999989820156263,0.9999989820156268,-0.9999988377418152,-0.9999988377418153,1.0000000650417529,0.9999987876885155,-1.0000001443924966,1.0000001432135892
0.999999313095738,-0.9999991586609185,-0.9999995714545251,0.99999884418317,0.9999992543783214,0.9999995758633449,0.9999996776302011,0.9999990957454816,-0.9999993400744659,-0.999999082846035,0.9999992163405731,-0.9999993500808425,1.0000000630101873,-0.9999997990907378,-1.0000000304751884,-1.0000000304751882,0.9999995043562693,0.9999991603770408,-0.9999992097832547,0.9999999991671693,-0.9999985827877266,-0.999998582787719,0.9999984500601643,0.9999984500601632,-0.9999996796263265,-0.9999983999514866,0.9999997591445693,-0.9999997579739544
-0.9999990738557217,0.9999989193409435,0.9999993323101708,-0.9999986048704853,-0.999999014999518,-0.999999336706019,-0.9999994385923436,-0.999998856493371,0.9999991008027957,0.9999988438469168,-0.999998977284029,0.9999991109529318,-0.9999998242583087,0.9999995601095208,0.9999997918096863,0.9999997918096868,-0.9999992651454295,-0.9999989212728725,0.9999989820156263,-0.9999985827877266,0.9999999988244572,0.9999983545968779,-0.9999981983740991,-0.9999982100892317,0.9999994405783778,0.9999981599593781,-0.9999995201673326,0.99999951900033
-0.9999990738557215,0.9999989193409435,0.999999332310171,-0.9999986048704848,-0.9999990149995186,-0.9999993367060181,-0.9999994385923445,-0.9999988564933714,0.9999991008027965,0.9999988438469168,-0.999998977284029,0.9999991109529329,-0.9999998242583076,0.9999995601095193,0.9999997918096855,0.9999997918096871,-0.9999992651454299,-0.9999989212728727,0.9999989820156268,-0.999998582787719,0.9999983545968779,0.9999999988244572,-0.9999982100892331,-0.9999981983740993,0.9999994405783773,0.9999981599593778,-0.9999995201673318,0.9999995190003306
0.9999989297317092,-0.9999987751711382,-0.9999991882415334,0.9999984607090521,0.9999988707912861,0.9999991926294832,0.9999992945864656,0.9999987123652089,-0.9999989566598722,-0.9999986998413164,0.9999988332445393,-0.999998966872925,0.9999996803961295,-0.9999994161140512,-0.9999996479979959,-0.9999996479979965,0.9999991210198702,0.9999987772069799,-0.9999988377418152,0.9999984500601643,-0.9999981983740991,-0.9999982100892331,0.9999999986179483,0.9999980655472239,-0.9999992965662118,-0.9999980036911558,0.9999993761973027,-0.9999993750325759
0.9999989297317079,-0.9999987751711379,-0.9999991882415338,0.9999984607090516,0.9999988707912856,0.9999991926294826,0.9999992945864659,0.9999987123652052,-0.9999989566598713,-0.9999986998413157,0.9999988332445385,-0.9999989668729233,0.9999996803961295,-0.9999994161140501,-0.9999996479979956,-0.9999996479979961,0.9999991210198703,0.9999987772069793,-0.9999988377418153,0.9999984500601632,-0.9999982100892317,-0.9999981983740993,0.9999980655472239,0.9999999986179483,-0.9999992965662128,-0.9999980036911599,0.999999376197304,-0.9999993750325755
-1.0000001555940248,1.0000000015738035,1.000000413466895,-0.99999968716474,-1.0000000974941412,-1.0000004062166845,-1.0000005191398498,-0.9999999383811263,1.000000182718113,0.9999999236203673,-1.000000057379984,1.0000001914957626,-1.0000009024863972,1.000000639738807,1.0000008695277136,1.0000008695277152,-1.0000003462586942,-1.000000001687624,1.0000000650417529,-0.9999996796263265,0.9999994405783778,0.9999994405783773,-0.9999992965662118,-0.9999992965662128,1.0000000003723504,0.9999992466009673,-1.00000058865523,1.0000005991854042
-0.9999988797291347,0.9999987251533563,0.9999991382574226,-0.9999984106944116,-0.9999988207603189,-0.9999991426427045,-0.9999992446233557,-0.9999986623614755,0.9999989066509499,0.9999986498759244,-0.999998783267828,0.9999989168828194,-0.9999996304784691,0.9999993661520281,0.9999995980971491,0.99999959809715,-0.9999990710149004,-0.9999987272215521,0.9999987876885155,-0.9999983999514866,0.9999981599593781,0.9999981599593778,-0.9999980036911558,-0.9999980036911599,0.9999992466009673,0.9999999985463003,-0.9999993262462045,0.9999993250822518
1.0000002348706647,-1.0000000808871203,-1.0000004926999742,0.9999997664913518,1.0000001768178004,1.0000004971691543,1.0000005983301399,1.0000000176743644,-1.000000262005864,-1.0000000027045632,1.0000001364869664,-1.0000002706378757,1.0000009814577024,-1.0000007188141078,-1.000000948462772,-1.000000948462773,1.0000004254491572,1.0000000808215577,-1.0000001443924966,0.9999997591445693,-0.9999995201673326,-0.9999995201673318,0.9999993761973027,0.999999376197304,-1.00000058865523,-0.9999993262462045,1.0000000004854885,-1.000000666635262
-1.0000002336892126,1.0000000797073818,1.0000004915166427,-0.9999997653126597,-1.0000001756380854,-1.0000004959859696,-1.0000005854299725,-1.0000000164940237,1.0000002608248864,1.0000000015132116,-1.000000135296456,1.000000269448891,-1.0000009802612955,1.00000071762205,1.0000009472648568,1.0000009472648599,-1.0000004242623903,-1.000000079632302,1.0000001432135892,-0.9999997579739544,0.99999951900033,0.9999995190003306,-0.9999993750325759,-0.9999993750325755,1.0000005991854042,0.9999993250822518,-1.000000666635262,1.0000000004837937
