0.9999999973043667,-0.9999945960403841,0.0,0.0,0.0,0.0,0.0,0.0,0.0
-0.9999945960403841,0.9999999973043667,0.0,0.0,0.0,0.0,0.0,0.0,0.0
0.0,0.0,1.0000000026871074,-1.0000021326458726,-1.000002132645873,-1.000002132645874,1.000004130327577,1.0000041303275742,1.000004130327577
0.0,0.0,-1.0000021326458726,1.0000000029222293,1.0000040040879417,1.000004004087944,-1.0000025810533373,-1.0000042914113825,-1.0000042914113838
0.0,0.0,-1.000002132645873,1.0000040040879417,1.0000000029222293,1.0000040040879417,-1.0000042914113836,-1.0000025810533302,-1.0000042914113825
0.0,0.0,-1.000002132645874,1.000004004087944,1.0000040040879417,1.0000000029222293,-1.000004291411387,-1.0000042914113831,-1.000002581053337
0.0,0.0,1.000004130327577,-1.0000025810533373,-1.0000042914113836,-1.000004291411387,1.0000000033416128,1.0000045787344742,1.0000045787344762
0.0,0.0,1.0000041303275742,-1.0000042914113825,-1.0000025810533302,-1.0000042914113831,1.0000045787344742,1.0000000033416128,1.0000045787344731
0.0,0.0,1.000004130327577,-1.0000042914113838,-1.0000042914113825,-1.000002581053337,1.0000045787344762,1.0000045787344731,1.0000000033416128
