0.9999999999258994,-0.9999998802625366,0.9999998962815015,0.9999998978944729,-0.9999999245483275,0.9999999773401643,0.9999998871856218,-1.0000000460106726,-0.9999998646768414,-0.9999998686462507,0.9999998581201919,0.9999998929213656,-0.9999998985719589,-0.9999999365107403,-0.9999999440191708,0.9999999240926548,0.9999999540358107,-0.999999942067312,-0.9999999916083006,-0.9999999273174183,1.000000127489952,-1.0000002129441852,1.0000002888563784,-1.0000003418077492,0.9999999774925056,-1.0000000040780193,0.999999943697583,1.000000009544053
-0.9999998802625366,0.9999999999122946,-0.9999998802625361,-0.9999998818893474,0.999999915040678,-0.9999999678326836,-0.9999998776776081,1.0000000365029198,0.9999998551685547,0.9999998591391523,-0.9999998486120715,-0.9999998834163939,0.9999998890660144,0.9999999270048522,0.9999999345117765,-0.9999999145861551,-0.9999999445291302,0.9999999325574879,0.999999982098047,0.9999999178057067,-1.000000117981258,1.0000002034336504,-1.0000002793428588,1.000000332290077,-0.9999999679827545,0.999999994566157,-0.9999999341860063,-1.0000000000320224
0.9999998962815015,-0.9999998802625361,0.9999999999258996,0.9999998978944742,-0.9999999245483279,0.9999999773401652,0.9999998871856223,-1.000000046010673,-0.9999998646768425,-0.9999998686462528,0.9999998581201923,0.9999998929213664,-0.9999998985719608,-0.9999999365107407,-0.9999999440191727,0.9999999240926551,0.9999999540358114,-0.9999999420673128,-0.9999999916083019,-0.9999999273174193,1.0000001274899515,-1.0000002129441856,1.0000002888563793,-1.0000003418077499,0.9999999774925058,-1.0000000040780197,0.9999999436975849,1.0000000095440538
0.9999998978944729,-0.9999998818893474,0.9999998978944742,0.9999999999282267,-0.999999926208041,0.9999999790026306,0.9999998888422796,-1.0000000476748796,-0.9999998663309011,-0.9999998703000427,0.999999859772977,0.9999998945789501,-0.9999998937324492,-0.9999999381655416,-0.999999945670377,0.9999999257461191,0.9999999556885562,-0.999999943713102,-0.9999999932526125,-0.9999999224645216,1.0000001291541922,-1.0000002146060307,1.0000002905126733,-1.0000003434551654,0.9999999791381069,-1.0000000057185778,0.9999999453394072,1.0000000111841825
-0.9999999245483275,0.999999915040678,-0.9999999245483279,-0.999999926208041,0.9999999999660738,-0.999999998707741,-0.9999999087517487,1.0000000737682853,0.9999998928215666,0.999999896919551,-0.9999998863355679,-0.9999999212433259,0.9999999269014261,0.9999999648602319,0.9999999723705777,-0.9999999524356564,-0.9999999823937519,0.9999999704044158,1.000000019969343,0.9999999556384502,-1.0000001551488666,1.0000002405181865,-1.0000003163664895,1.000000369279986,-1.0000000058487466,1.0000000324384288,-0.9999999720271443,-1.0000000379060066
0.9999999773401643,-0.9999999678326836,0.9999999773401652,0.9999999790026306,-0.999999998707741,1.0000000000413376,0.9999999679641743,-1.0000001198999025,-0.99999994556478,-0.999999949699779,0.9999999390996116,0.999999974036045,-0.9999999796970347,-1.000000017661719,-1.000000025173736,1.000000005235681,1.0000000351983223,-1.0000000232053448,-1.0000000727776368,-1.0000000084361227,1.0000002077458838,-1.0000002930909313,1.0000003689222834,-1.0000004218276386,1.0000000586552475,-1.0000000852478474,1.000000024827255,1.0000000907160052
0.9999998871856218,-0.9999998776776081,0.9999998871856223,0.9999998888422796,-0.9999999087517487,0.9999999679641743,0.9999999999128043,-1.0000000365593555,-0.9999998490092383,-0.9999998595671644,0.9999998489983583,0.9999998838791494,-0.9999998895345582,-0.9999999274878889,-0.9999999349967069,0.9999999150646842,0.9999999450185508,-0.9999999330327172,-0.9999999825907894,-0.9999999182698495,1.000000117967057,-1.0000002033589799,1.0000002792231293,-1.0000003321443287,0.9999999684718508,-0.9999999950588878,0.9999999346562749,1.0000000005259304
-1.0000000460106726,1.0000000365029198,-1.000000046010673,-1.0000000476748796,1.0000000737682853,-1.0000001198999025,-1.0000000365593555,1.0000000001392426,1.0000000141854444,1.0000000183574476,-1.0000000077411544,-1.0000000427060414,1.000000048369976,1.000000086340556,1.0000000938543474,-1.0000000739130905,-1.0000001038803048,1.000000091883906,1.000000141463613,1.000000077111552,-1.0000002697250046,1.0000003615403221,-1.0000004373548323,1.0000004902522992,-1.0000001273393941,1.0000001539350738,-1.0000000935051272,-1.000000159403825
-0.9999998646768414,0.9999998551685547,-0.9999998646768425,-0.9999998663309011,0.9999998928215666,-0.99999994556478,-0.9999998490092383,1.0000000141854444,0.9999999998807133,0.999999837067667,-0.9999998200176687,-0.9999998613692458,0.9999998670222451,0.9999999049707772,0.9999999124782155,-0.9999998925487561,-0.9999999224989101,0.99999991051613,0.9999999600681768,0.9999998957559639,-1.0000000956167996,1.0000001810284238,-1.0000002569063804,1.0000003098342625,-0.999999945950708,0.9999999725354126,-0.9999999121404024,-0.9999999780019796
-0.9999998686462507,0.9999998591391523,-0.9999998686462528,-0.9999998703000427,0.999999896919551,-0.999999949699779,-0.9999998595671644,1.0000000183574476,0.999999837067667,0.999999999886444,-0.9999998240253746,-0.9999998588476113,0.9999998709912266,0.9999999089327152,0.9999999164376343,-0.9999998965122354,-0.9999999264568606,0.9999999144777806,0.9999999640207965,0.9999998997210883,-1.0000000998229153,1.0000001852626657,-1.000000261159904,1.0000003140964029,-0.9999999499056543,0.9999999764863697,-0.9999999161026638,-0.9999999819521804
0.9999998581201919,-0.9999998486120715,0.9999998581201923,0.999999859772977,-0.9999998863355679,0.9999999390996116,0.9999998489983583,-1.0000000077411544,-0.9999998200176687,-0.9999998240253746,0.9999999998713832,0.9999998548129524,-0.9999998604638458,-0.9999998984084238,-0.9999999059145914,0.9999998859873248,0.9999999159343972,-0.999999903953943,-0.9999999535009753,-0.9999998891958836,1.0000000891918273,-1.0000001746194713,1.0000002505085488,-1.0000003034416394,0.9999999393847625,-0.9999999659674036,0.9999999055787,0.9999999714335622
0.9999998929213656,-0.9999998834163939,0.9999998929213664,0.9999998945789501,-0.9999999212433259,0.999999974036045,0.9999998838791494,-1.0000000427060414,-0.9999998613692458,-0.9999998588476113,0.9999998548129524,0.999999999921143,-0.9999998887768144,-0.9999999267159058,-0.9999999407140718,0.9999999207903424,0.9999999507330084,-0.9999999387543269,-0.999999988294094,-0.9999999239982825,1.0000001241826568,-1.0000002096312812,1.000000285534118,-1.0000003384723024,0.999999974179902,-1.0000000007586543,0.9999999403789273,1.0000000062241532
-0.9999998985719589,0.9999998890660144,-0.9999998985719608,-0.9999998937324492,0.9999999269014261,-0.9999999796970347,-0.9999998895345582,1.000000048369976,0.9999998670222451,0.9999998709912266,-0.9999998604638458,-0.9999998887768144,0.9999999999292123,0.9999999388570541,0.9999999463606917,-0.9999999199426014,-0.9999999563793854,0.9999999444015947,0.9999999939406431,0.999999929646193,-1.0000001298494121,1.0000002153005447,-1.0000002912054053,1.0000003441449776,-0.9999999798265635,1.0000000064053565,-0.9999999460265685,-1.000000011870818
-0.9999999365107403,0.9999999270048522,-0.9999999365107407,-0.9999999381655416,0.9999999648602319,-1.000000017661719,-0.9999999274878889,1.000000086340556,0.9999999049707772,0.9999999089327152,-0.9999998984084238,-0.9999999267159058,0.9999999388570541,0.9999999999834212,0.9999999842977799,-0.999999964374827,-0.9999999878216674,0.9999999823390394,1.000000031876763,0.9999999675841712,-1.0000001678254482,1.0000002532811114,-1.0000003291891144,1.0000003821301777,-1.0000000112684635,1.0000000443412544,-0.9999999839641271,-1.0000000498066053
-0.9999999440191708,0.9999999345117765,-0.9999999440191727,-0.999999945670377,0.9999999723705777,-1.000000025173736,-0.9999999349967069,1.0000000938543474,0.9999999124782155,0.9999999164376343,-0.9999999059145914,-0.9999999407140718,0.9999999463606917,0.9999999842977799,0.9999999999941425,-0.9999999653837665,-0.9999999953249555,0.9999999898433131,1.000000039380721,0.9999999750891017,-1.0000001753410488,1.0000002607984746,-1.0000003367081332,1.0000003896506606,-1.0000000252669754,1.000000051845557,-0.999999991468884,-1.000000057310913
0.9999999240926548,-0.9999999145861551,0.9999999240926551,0.9999999257461191,-0.9999999524356564,1.000000005235681,0.9999999150646842,-1.0000000739130905,-0.9999998925487561,-0.9999998965122354,0.9999998859873248,0.9999999207903424,-0.9999999199426014,-0.999999964374827,-0.9999999653837665,0.9999999999656747,0.9999999818967745,-0.9999999634251922,-1.0000000194578245,-0.9999999551649662,1.000000155396726,-1.0000002408514512,1.0000003167589713,-1.000000369700064,1.0000000053439624,-1.000000031922528,0.9999999715449948,1.000000037387922
0.9999999540358107,-0.9999999445291302,0.9999999540358114,0.9999999556885562,-0.9999999823937519,1.0000000351983223,0.9999999450185508,-1.0000001038803048,-0.9999999224989101,-0.9999999264568606,0.9999999159343972,0.9999999507330084,-0.9999999563793854,-0.9999999878216674,-0.9999999953249555,0.9999999818967745,1.0000000000084572,-0.9999999998613224,-1.0000000429037905,-0.9999999851070193,1.000000185368194,-1.0000002708264808,1.0000003467365386,-1.0000003996789353,1.0000000352847482,-1.000000061862951,1.0000000014867185,1.0000000673282616
-0.999999942067312,0.9999999325574879,-0.9999999420673128,-0.999999943713102,0.9999999704044158,-1.0000000232053448,-0.9999999330327172,1.000000091883906,0.99999991051613,0.9999999144777806,-0.999999903953943,-0.9999999387543269,0.9999999444015947,0.9999999823390394,0.9999999898433131,-0.9999999634251922,-0.9999999998613224,0.9999999999913453,1.0000000374242168,0.9999999731324821,-1.0000001733689923,1.0000002588255044,-1.0000003347352018,1.0000003876788366,-1.0000000233101394,1.0000000498897708,-0.9999999830177891,-1.0000000553552373
-0.9999999916083006,0.999999982098047,-0.9999999916083019,-0.9999999932526125,1.000000019969343,-1.0000000727776368,-0.9999999825907894,1.000000141463613,0.9999999600681768,0.9999999640207965,-0.9999999535009753,-0.999999988294094,0.9999999939406431,1.000000031876763,1.000000039380721,-1.0000000194578245,-1.0000000429037905,1.0000000374242168,1.0000000000621285,1.0000000226713954,-1.0000002229556062,1.0000003084179272,-1.0000003843318026,1.0000004372776372,-1.0000000728469387,1.0000000994260247,-1.0000000390507366,-1.0000000983967938
-0.9999999273174183,0.9999999178057067,-0.9999999273174193,-0.9999999224645216,0.9999999556384502,-1.0000000084361227,-0.9999999182698495,1.000000077111552,0.9999998957559639,0.9999998997210883,-0.9999998891958836,-0.9999999239982825,0.999999929646193,0.9999999675841712,0.9999999750891017,-0.9999999551649662,-0.9999999851070193,0.9999999731324821,1.0000000226713954,0.9999999999702645,-1.0000001585939442,1.0000002440485454,-1.000000319957439,1.0000003729015334,-1.0000000085569776,1.000000035137562,-0.9999999682646239,-1.0000000406031404
1.000000127489952,-1.000000117981258,1.0000001274899515,1.0000001291541922,-1.0000001551488666,1.0000002077458838,1.000000117967057,-1.0000002697250046,-1.0000000956167996,-1.0000000998229153,1.0000000891918273,1.0000001241826568,-1.0000001298494121,-1.0000001678254482,-1.0000001753410488,1.000000155396726,1.000000185368194,-1.0000001733689923,-1.0000002229556062,-1.0000001585939442,1.0000000002554226,-1.000000436318466,1.0000005186122451,-1.0000005715028621,1.0000002088296374,-1.0000002354284132,1.0000001749897718,1.0000002408977289
-1.0000002129441852,1.0000002034336504,-1.0000002129441856,-1.0000002146060307,1.0000002405181865,-1.0000002930909313,-1.0000002033589799,1.0000003615403221,1.0000001810284238,1.0000001852626657,-1.0000001746194713,-1.0000002096312812,1.0000002153005447,1.0000002532811114,1.0000002607984746,-1.0000002408514512,-1.0000002708264808,1.0000002588255044,1.0000003084179272,1.0000002440485454,-1.000000436318466,1.0000000003772913,-1.0000005973856319,1.000000656765843,-1.0000002942904211,1.0000003208921355,-1.0000002604462253,-1.000000326361951
1.0000002888563784,-1.0000002793428588,1.0000002888563793,1.0000002905126733,-1.0000003163664895,1.0000003689222834,1.0000002792231293,-1.0000004373548323,-1.0000002569063804,-1.000000261159904,1.0000002505085488,1.000000285534118,-1.0000002912054053,-1.0000003291891144,-1.0000003367081332,1.0000003167589713,1.0000003467365386,-1.0000003347352018,-1.0000003843318026,-1.000000319957439,1.0000005186122451,-1.0000005973856319,1.0000000004855765,-1.0000007260483559,1.0000003702030815,-1.000000396807439,1.000000336356377,1.000000402277648
-1.0000003418077492,1.000000332290077,-1.0000003418077499,-1.0000003434551654,1.000000369279986,-1.0000004218276386,-1.0000003321443287,1.0000004902522992,1.0000003098342625,1.0000003140964029,-1.0000003034416394,-1.0000003384723024,1.0000003441449776,1.0000003821301777,1.0000003896506606,-1.000000369700064,-1.0000003996789353,1.0000003876788366,1.0000004372776372,1.0000003729015334,-1.0000005715028621,1.000000656765843,-1.0000007260483559,1.000000000561141,-1.000000423148114,1.0000004497546835,-1.000000389301011,-1.000000455225159
0.9999999774925056,-0.9999999679827545,0.9999999774925058,0.9999999791381069,-1.0000000058487466,1.0000000586552475,0.9999999684718508,-1.0000001273393941,-0.999999945950708,-0.9999999499056543,0.9999999393847625,0.999999974179902,-0.9999999798265635,-1.0000000112684635,-1.0000000252669754,1.0000000053439624,1.0000000352847482,-1.0000000233101394,-1.0000000728469387,-1.0000000085569776,1.0000002088296374,-1.0000002942904211,1.0000003702030815,-1.000000423148114,1.0000000000419615,-1.0000000788177104,1.0000000249364682,1.0000000907776359
-1.0000000040780193,0.999999994566157,-1.0000000040780197,-1.0000000057185778,1.0000000324384288,-1.0000000852478474,-0.9999999950588878,1.0000001539350738,0.9999999725354126,0.9999999764863697,-0.9999999659674036,-1.0000000007586543,1.0000000064053565,1.0000000443412544,1.000000051845557,-1.000000031922528,-1.000000061862951,1.0000000498897708,1.0000000994260247,1.000000035137562,-1.0000002354284132,1.0000003208921355,-1.000000396807439,1.0000004497546835,-1.0000000788177104,1.00000000007994,-1.0000000515167806,-1.0000001108626053
0.999999943697583,-0.9999999341860063,0.9999999436975849,0.9999999453394072,-0.9999999720271443,1.000000024827255,0.9999999346562749,-1.0000000935051272,-0.9999999121404024,-0.9999999161026638,0.9999999055787,0.9999999403789273,-0.9999999460265685,-0.9999999839641271,-0.999999991468884,0.9999999715449948,1.0000000014867185,-0.9999999830177891,-1.0000000390507366,-0.9999999682646239,1.0000001749897718,-1.0000002604462253,1.000000336356377,-1.000000389301011,1.0000000249364682,-1.0000000515167806,0.9999999999936695,1.0000000569823093
1.000000009544053,-1.0000000000320224,1.0000000095440538,1.0000000111841825,-1.0000000379060066,1.0000000907160052,1.0000000005259304,-1.000000159403825,-0.9999999780019796,-0.9999999819521804,0.9999999714335622,1.0000000062241532,-1.000000011870818,-1.0000000498066053,-1.000000057310913,1.000000037387922,1.0000000673282616,-1.0000000553552373,-1.0000000983967938,-1.0000000406031404,1.0000002408977289,-1.000000326361951,1.000000402277648,-1.000000455225159,1.0000000907776359,-1.0000001108626053,1.0000000569823093,1.0000000000877494
