1.0000000005130423,-1.000000564627218,0.9906539155027477,0.9906540166833059,-0.9834155152151866,0.9834154904617306,-0.9872907993083593,-0.9790300940151245,0.9258448141346413,-0.9902137269831417,-0.968738495036989,-0.46974273851172915,0.7830354501597662,0.9741369165756255,-0.20382747895144998,0.4697426988699024,0.9636542668632305,-0.9636542884249103,-0.9636542577800025,0.9194777064110707,0.963654233669569,-0.9636541922177277,0.9636541769506919,0.9636541769506908,-0.9636541737619055,-0.9636541737618987,-0.8589115794316863
-1.000000564627218,1.0000000002416034,-0.9906537625059467,-0.9906538669386235,0.9834153307658852,-0.9834153059977856,0.987290613803753,0.9790299106541885,-0.9258446429148636,0.9902135374120952,0.9687383141242377,0.4697426599986063,-0.783035294403157,-0.9741367343989282,0.2038274287602605,-0.46974262051882504,-0.9636540806609638,0.9636541023338498,0.9636540714644287,-0.919477527376203,-0.9636540472448525,0.9636540056984749,-0.9636539903901021,-0.9636539903901021,0.9636539871805916,0.9636539871805865,0.8589114105683648
0.9906539155027477,-0.9906537625059467,0.9999999999880499,0.9627890640942053,-0.9494845987177698,0.9494845765433754,-0.9563848513050035,-0.9420918174048661,0.8656441718876993,-0.999994911940878,-0.9258445239670587,-0.34493600695628607,0.8605555296807252,0.9342104380865083,-0.3354608220727193,0.3449359679436872,0.9910874299306496,-0.9910874914511457,-0.9910874173501696,0.9645089841118762,0.9910873882347471,-0.9910873406073429,0.9910873224895353,0.9910873224895349,-0.9910873176602385,-0.9910873176602323,-0.9207382883896131
0.9906540166833059,-0.9906538669386235,0.9627890640942053,1.0000000001382032,-0.9989629705575667,0.9989629436592807,-0.9997408793082685,-0.9976668890864441,0.9687381994627987,-0.9619220239514276,-0.9935234086455283,-0.5857683714629539,0.6908776846363678,0.9958533848557913,-0.06838385444900325,0.585768332858469,0.9182070331633163,-0.9182070513752061,-0.9182070274120745,0.8572581686654922,0.9182070084135344,-0.9182069736006848,0.9182069613158358,0.9182069613158365,-0.9182069597371374,-0.9182069597371323,-0.7810287987670586
-0.9834155152151866,0.9834153307658852,-0.9494845987177698,-0.9989629705575667,1.0000000001397926,-1.000000204852042,0.9997408432918911,0.9997407982426775,-0.9790298047444138,0.9484786705162622,0.9976668843194807,0.6220653622909333,-0.6572410895831589,-0.9989629022055994,0.02288523043082196,-0.6220653246161417,-0.8992184795904594,0.899218498204344,0.8992184734772871,-0.8329239955966857,-0.8992184548881703,0.8992184212230595,-0.8992184094717691,-0.8992184094717686,0.8992184081595432,0.899218408159538,0.7517827600033609
0.9834154904617306,-0.9834153059977856,0.9494845765433754,0.9989629436592807,-1.000000204852042,1.0000000001005507,-0.9997408528082748,-0.9997408071986017,0.9790297752638218,-0.9484786481966604,-0.9976668560306095,-0.6220653357623885,0.6572410804256547,0.9989628741809622,-0.02288524153491948,0.6220652980316846,0.8992184610022704,-0.8992184791790495,-0.8992184552997776,0.8329239796102297,0.8992184370874133,-0.8992184037548061,0.8992183921424013,0.8992183921424,-0.8992183909045799,-0.8992183909045763,-0.7517827473260771
-0.9872907993083593,0.987290613803753,-0.9563848513050035,-0.9997408793082685,0.9997408432918911,-0.9997408528082748,1.000000000121949,0.9989629019020235,-0.9741366203675819,0.955448124238653,0.9958533795127874,0.6040735118443573,-0.6742342420146833,-0.9976668654365413,0.04564638977968068,-0.6040734736768302,-0.9089484759585461,0.9089484943732072,0.9089484700309012,-0.8453102997442387,-0.9089484512413181,0.9089484170047163,-0.9089484049898602,-0.908948404989861,0.9089484035489588,0.9089484035489533,0.7666045875121927
-0.9790300940151245,0.9790299106541885,-0.9420918174048661,-0.9976668890864441,0.9997407982426775,-0.9997408071986017,0.9989629019020235,1.0000000000559057,-0.9834151070939146,0.9410172092436975,0.998962846148365,0.6397344773703136,-0.6399070302420632,-0.9997407616187924,0.0001122479753848282,-0.6397344398807197,-0.8890220387198597,0.8890220559340557,0.8890220339174253,-0.8201056406344684,-0.8890220169094973,0.8890219850424878,-0.8890219740691443,-0.8890219740691456,0.8890219731595919,0.8890219731595871,0.7365709781949147
0.9258448141346413,-0.9258446429148636,0.8656441718876993,0.9687381994627987,-0.9790298047444138,0.9790297752638218,-0.9741366203675819,-0.9834151070939146,0.9999999999814255,-0.8640426599848009,-0.990653613466833,-0.768524139110507,0.4899206356706463,0.987290376596007,0.18125877034794177,0.7685240668742521,0.7912351932561041,-0.7912351992397828,-0.7912351987333286,0.7027225941335853,0.7912351943737285,-0.7912351771489702,0.7912351724542773,0.7912351724542787,-0.7912351746888655,-0.7912351746888614,-0.6016840817163096
-0.9902137269831417,0.9902135374120952,-0.999994911940878,-0.9619220239514276,0.9484786705162622,-0.9484786481966604,0.955448124238653,0.9410172092436975,-0.8640426599848009,0.9999999999618974,0.9246342628988381,0.34193997898549244,-0.8621760492734594,-0.933067707264327,0.338464315934161,-0.3419399408069959,-0.99150730944129,0.9915073412830956,0.9915072903344058,-0.965346388274511,-0.9915072553129741,0.9915072025644704,-0.9915071823558279,-0.9915071823558261,0.9915071764603934,0.9915071764603882,0.9219782834916384
-0.968738495036989,0.9687383141242377,-0.9258445239670587,-0.9935234086455283,0.9976668843194807,-0.9976668560306095,0.9958533795127874,0.998962846148365,-0.990653613466833,0.9246342628988381,1.0000000000377487,0.6740683206446497,-0.6042524404534118,-0.9997407490794953,-0.045422061318156716,-0.6740682833404724,-0.8672514422622964,0.8672514558694745,0.8672514408149972,-0.7931997871515765,-0.8672514276521458,0.8672513999957658,-0.8672513908298891,-0.8672513908298891,0.8672513908479239,0.8672513908479205,0.7050094653095149
-0.46974273851172915,0.4697426599986063,-0.34493600695628607,-0.5857683714629539,0.6220653622909333,-0.6220653357623885,0.6040735118443573,0.6397344773703136,-0.768524139110507,0.34193997898549244,0.6740683206446497,0.9999999998678707,0.18125870083619078,-0.6570718001851706,-0.7685240403031067,-0.9999998357037428,-0.21682551326540483,0.21682547652309625,0.21682555463174782,-0.0848500229830838,-0.21682559712404947,0.2168256372842563,-0.2168256562923123,-0.2168256562923151,0.2168256689939231,0.21682566899392322,-0.048637841338090015
0.7830354501597662,-0.783035294403157,0.8605555296807252,0.6908776846363678,-0.6572410895831589,0.6572410804256547,-0.6742342420146833,-0.6399070302420632,0.4899206356706463,-0.8621760492734594,-0.6042524404534118,0.18125870083619078,0.9999999999091707,0.6222410984677658,-0.7685240582408246,-0.1812587293760808,0.9207381485426064,-0.9207382047811228,-0.9207381033229373,0.9645089382894972,0.9207380410807519,-0.9207379618996713,0.9207379294855637,0.9207379294855619,-0.9207379159127961,-0.9207379159127902,-0.9910874682912658
0.9741369165756255,-0.9741367343989282,0.9342104380865083,0.9958533848557913,-0.9989629022055994,0.9989628741809622,-0.9976668654365413,-0.9997407616187924,0.987290376596007,-0.933067707264327,-0.9997407490794953,-0.6570718001851706,0.6222410984677658,1.000000000034817,0.02266078667504217,0.6570717628488142,0.8783645244537996,-0.8783645401730353,-0.8783645210439321,0.8068619551449274,0.8783645056962934,-0.8783644757020693,0.8783644655362212,0.8783644655362214,-0.8783644650411754,-0.8783644650411717,-0.7209771902882851
-0.20382747895144998,0.2038274287602605,-0.3354608220727193,-0.06838385444900325,0.02288523043082196,-0.02288524153491948,0.04564638977968068,0.0001122479753848282,0.18125877034794177,0.338464315934161,-0.045422061318156716,-0.7685240403031067,-0.7685240582408246,0.02266078667504217,0.9999999998632795,0.7685240110557694,-0.45796386535400185,0.45796393232880384,0.4579638030245656,-0.5723039893157804,-0.45796372950506525,0.4579636472367676,-0.45796361190351276,-0.4579636119035088,0.4579635938570682,0.4579635938570645,0.6764427868132817
0.4697426988699024,-0.46974262051882504,0.3449359679436872,0.585768332858469,-0.6220653246161417,0.6220652980316846,-0.6040734736768302,-0.6397344398807197,0.7685240668742521,-0.3419399408069959,-0.6740682833404724,-0.9999998357037428,-0.1812587293760808,0.6570717628488142,0.7685240110557694,0.9999999998460208,0.21682547424018278,-0.2168254385970537,-0.21682551456748675,0.08484998814580129,0.2168255560995757,-0.216825595435191,0.2168256140705352,0.2168256140705379,-0.21682562656721224,-0.21682562656721233,0.04863787304267507
0.9636542668632305,-0.9636540806609638,0.9910874299306496,0.9182070331633163,-0.8992184795904594,0.8992184610022704,-0.9089484759585461,-0.8890220387198597,0.7912351932561041,-0.99150730944129,-0.8672514422622964,-0.21682551326540483,0.9207381485426064,0.8783645244537996,-0.45796386535400185,0.21682547424018278,0.9999999998445082,-0.9999998243140729,-0.9999998241138875,0.9910873225911053,0.99999977254065,-0.9999997357378436,0.9999997216208298,0.9999997216208283,-0.9999997185224432,-0.9999997185224389,-0.964508872843943
-0.9636542884249103,0.9636541023338498,-0.9910874914511457,-0.9182070513752061,0.899218498204344,-0.8992184791790495,0.9089484943732072,0.8890220559340557,-0.7912351992397828,0.9915073412830956,0.8672514558694745,0.21682547652309625,-0.9207382047811228,-0.8783645401730353,0.45796393232880384,-0.2168254385970537,-0.9999998243140729,0.9999999998631529,0.9999997779867966,-0.9910873925631205,-0.9999997500168092,0.9999997019452715,-0.9999996832696267,-0.9999996832696263,0.9999996778718873,0.9999996778718828,0.9645089181625224
-0.9636542577800025,0.9636540714644287,-0.9910874173501696,-0.9182070274120745,0.8992184734772871,-0.8992184552997776,0.9089484700309012,0.8890220339174253,-0.7912351987333286,0.9915072903344058,0.8672514408149972,0.21682555463174782,-0.9207381033229373,-0.8783645210439321,0.4579638030245656,-0.21682551456748675,-0.9999998241138875,0.9999997779867966,0.9999999998612696,-0.9910873006983624,-0.9999998398673698,0.9999997768047887,-0.9999997669114788,-0.9999997669114771,0.9999997659425405,0.9999997659425343,0.9645088388239786
0.9194777064110707,-0.919477527376203,0.9645089841118762,0.8572581686654922,-0.8329239955966857,0.8329239796102297,-0.8453102997442387,-0.8201056406344684,0.7027225941335853,-0.965346388274511,-0.7931997871515765,-0.0848500229830838,0.9645089382894972,0.8068619551449274,-0.5723039893157804,0.08484998814580129,0.9910873225911053,-0.9910873925631205,-0.9910873006983624,0.999999999855735,0.9910872605486314,-0.9910872009948665,0.9910871772741823,0.99108717727418,-0.9910871689670396,-0.991087168967033,-0.991087425018894
0.963654233669569,-0.9636540472448525,0.9910873882347471,0.9182070084135344,-0.8992184548881703,0.8992184370874133,-0.9089484512413181,-0.8890220169094973,0.7912351943737285,-0.9915072553129741,-0.8672514276521458,-0.21682559712404947,0.9207380410807519,0.8783645056962934,-0.45796372950506525,0.2168255560995757,0.99999977254065,-0.9999997500168092,-0.9999998398673698,0.9910872605486314,0.9999999998651548,-0.99999983105167,0.9999997882475078,0.9999997882475055,-0.9999997891890391,-0.9999997891890324,-0.9645087870086997
-0.9636541922177277,0.9636540056984749,-0.9910873406073429,-0.9182069736006848,0.8992184212230595,-0.8992184037548061,0.9089484170047163,0.8890219850424878,-0.7912351771489702,0.9915072025644704,0.8672513999957658,0.2168256372842563,-0.9207379618996713,-0.8783644757020693,0.4579636472367676,-0.216825595435191,-0.9999997357378436,0.9999997019452715,0.9999997768047887,-0.9910872009948665,-0.99999983105167,0.9999999998466395,-0.9999998192882672,-0.9999998192882683,0.9999997851677406,0.999999785167734,0.9645087168717821
0.9636541769506919,-0.9636539903901021,0.9910873224895353,0.9182069613158358,-0.8992184094717691,0.8992183921424013,-0.9089484049898602,-0.8890219740691443,0.7912351724542773,-0.9915071823558279,-0.8672513908298891,-0.2168256562923123,0.9207379294855637,0.8783644655362212,-0.45796361190351276,0.2168256140705352,0.9999997216208298,-0.9999996832696267,-0.9999997669114788,0.9910871772741823,0.9999997882475078,-0.9999998192882672,0.999999999843518,0.9999997810607751,-0.9999998210080153,-0.9999997843055329,-0.9645086884821595
0.9636541769506908,-0.9636539903901021,0.9910873224895349,0.9182069613158365,-0.8992184094717686,0.8992183921424,-0.908948404989861,-0.8890219740691456,0.7912351724542787,-0.9915071823558261,-0.8672513908298891,-0.2168256562923151,0.9207379294855619,0.8783644655362214,-0.4579636119035088,0.2168256140705379,0.9999997216208283,-0.9999996832696263,-0.9999997669114771,0.99108717727418,0.9999997882475055,-0.9999998192882683,0.9999997810607751,0.999999999843518,-0.999999784305537,-0.9999998210080112,-0.9645086884821582
-0.9636541737619055,0.9636539871805916,-0.9910873176602385,-0.9182069597371374,0.8992184081595432,-0.8992183909045799,0.9089484035489588,0.8890219731595919,-0.7912351746888655,0.9915071764603934,0.8672513908479239,0.2168256689939231,-0.9207379159127961,-0.8783644650411754,0.4579635938570682,-0.21682562656721224,-0.9999997185224432,0.9999996778718873,0.9999997659425405,-0.9910871689670396,-0.9999997891890391,0.9999997851677406,-0.9999998210080153,-0.999999784305537,0.9999999998483936,0.9999997878829462,0.9645086774011699
-0.9636541737618987,0.9636539871805865,-0.9910873176602323,-0.9182069597371323,0.899218408159538,-0.8992183909045763,0.9089484035489533,0.8890219731595871,-0.7912351746888614,0.9915071764603882,0.8672513908479205,0.21682566899392322,-0.9207379159127902,-0.8783644650411717,0.4579635938570645,-0.21682562656721233,-0.9999997185224389,0.9999996778718828,0.9999997659425343,-0.991087168967033,-0.9999997891890324,0.999999785167734,-0.9999997843055329,-0.9999998210080112,0.9999997878829462,0.9999999998483936,0.9645086774011641
-0.8589115794316863,0.8589114105683648,-0.9207382883896131,-0.7810287987670586,0.7517827600033609,-0.7517827473260771,0.7666045875121927,0.7365709781949147,-0.6016840817163096,0.9219782834916384,0.7050094653095149,-0.048637841338090015,-0.9910874682912658,-0.7209771902882851,0.6764427868132817,0.04863787304267507,-0.964508872843943,0.9645089181625224,0.9645088388239786,-0.991087425018894,-0.9645087870086997,0.9645087168717821,-0.9645086884821595,-0.9645086884821582,0.9645086774011699,0.9645086774011641,0.9999999999034307
