0.9999999981895901,-0.999997709864789,-0.9999972037242512,0.9999979213072914,0.999997998608152,0.9999972835120788,0.9999971705659355,0.9999975990150805,-0.9999975740924235,1.0000002700170991,-0.999999531128578,-1.0000005986212148,-1.0000005986212142,0.9999988959148229,0.9999987493663713,-0.9999990095893693,-0.9999985923118172,0.9999992259151125,0.9999984188849661,-0.9999988559340823,0.9999999138406918,-1.0000004810419476,-1.0000004810419487,1.0000009258790936,1.0000009258790934,-0.9999971821735014,-1.000001096637047,0.9999971473501057,-0.9999971454711605
-0.999997709864789,0.9999999986113364,0.9999975495923841,-0.9999981660370862,-0.9999982433481426,-0.9999975788985587,-0.9999974660446005,-0.9999978942729242,0.9999978693750057,-1.000000565768757,0.9999998267780182,1.0000008943983203,1.0000008943983203,-0.9999991914903359,-0.9999990456430705,0.999999306149423,0.9999988882474774,-0.9999995226301801,-0.999998714814207,0.9999991511036349,-1.0000002086228186,1.0000007756611846,1.0000007756611846,-1.0000012204109456,-1.000001220410945,0.999997477644835,1.0000013911414782,-0.9999974428795924,0.9999974410034731
-0.9999972037242512,0.9999975495923841,0.9999999978883484,-0.9999977105632091,-0.9999977879025448,-0.9999970220893422,-0.9999969089883949,-0.9999973881946064,0.999997363283449,-1.0000000585090252,0.9999993197747279,1.0000003870485235,1.0000003870485226,-0.9999986846795551,-0.9999985371189699,0.9999987969344648,0.9999983805490107,-0.9999990130201356,-0.9999982070809598,0.9999986452754664,-0.9999997036908816,1.0000002710914588,1.0000002710914586,-1.0000007160367972,-1.0000007160367947,0.9999969710825749,1.000000886829383,-0.9999969361659057,0.999996934282031
0.9999979213072914,-0.9999981660370862,-0.9999977105632091,0.9999999988413392,0.999998454742623,0.9999977398571979,0.9999976271726098,0.9999980554198424,-0.9999980303210899,1.0000007275624636,-0.9999999884093901,-1.0000010563737012,-1.0000010563737014,0.9999993529544109,0.9999992078438438,-0.9999994686545218,-0.9999990501089325,0.9999996853901054,0.9999988769017985,-0.9999993121814337,1.0000003696541653,-1.0000009367530525,-1.0000009367530533,1.0000013815357882,1.0000013815357864,-0.9999976387619424,-1.0000015522754295,0.9999976040850429,-0.9999976022129676
0.999997998608152,-0.9999982433481426,-0.9999977879025448,0.999998454742623,0.9999999989516458,0.9999978172079824,0.9999977043935886,0.9999981325294455,-0.9999980571721129,1.0000008043710975,-1.0000000653168681,-1.0000011330198724,-1.0000011330198717,0.9999994299818464,0.9999992844977362,-0.9999995451572918,-0.9999991269203462,0.9999997617237273,0.9999989534804444,-0.9999993389133038,1.0000004467597436,-1.000001013740082,-1.0000010137400832,1.0000014584627892,1.0000014584627879,-0.9999977159923095,-1.0000016291857494,0.9999976812540922,-0.9999976793786516
0.9999972835120788,-0.9999975788985587,-0.9999970220893422,0.9999977398571979,0.9999978172079824,0.9999999979302392,0.9999969887973458,0.999997417495774,-0.9999973421230415,1.0000000878732278,-0.999999349127784,-1.0000004164101683,-1.0000004164101675,0.9999987140264606,0.999998566549727,-0.9999988263994639,-0.9999984099377863,0.9999990425005263,0.9999982364594256,-0.9999986745723977,0.9999997329326028,-1.0000003003071172,-1.0000003003071172,1.00000074523888,1.00000074523888,-0.999996949943634,-1.0000009160273478,0.9999969655062207,-0.9999969636225661
0.9999971705659355,-0.9999974660446005,-0.9999969089883949,0.9999976271726098,0.9999977043935886,0.9999969887973458,0.999999997768674,0.9999973047432164,-0.9999972796710118,0.9999999748734609,-0.9999992361688502,-1.0000003034998644,-1.0000003034998644,0.9999986010595009,0.9999984529920478,-0.9999987126126556,-0.9999982966746103,0.9999989286498113,0.9999981233553968,-0.9999985619744021,0.9999996209472033,-1.000000188636522,-1.0000001886365224,1.0000006337402416,1.0000006337402414,-0.9999968872919737,-1.000000804582574,0.9999968523455255,-0.9999967999856288
0.9999975990150805,-0.9999978942729242,-0.9999973881946064,0.9999980554198424,0.9999981325294455,0.999997417495774,0.9999973047432164,0.9999999983810836,-0.9999976575719051,1.0000004049937647,-0.9999996659084941,-1.0000007337958856,-1.0000007337958847,0.9999990304994566,0.9999988848731616,-0.9999991454802817,-0.9999987273854571,0.9999993621090668,0.9999985541885007,-0.9999989900294544,1.0000000478265034,-1.0000006150668699,-1.000000615066871,1.000001059927529,1.000001059927528,-0.9999973163389552,-1.0000012306920842,0.9999972816190624,-0.9999972797445413
-0.9999975740924235,0.9999978693750057,0.999997363283449,-0.9999980303210899,-0.9999980571721129,-0.9999973421230415,-0.9999972796710118,-0.9999976575719051,0.9999999983453568,-1.0000003792282162,0.9999996403073722,1.0000007078334818,1.0000007078334818,-0.9999990050720207,-0.9999988587404136,0.9999991190535512,0.9999987015763389,-0.9999993354240005,-0.9999985281310474,0.9999989649641193,-1.000000022749079,1.0000005898957693,1.00000058989577,-1.0000010347050803,-1.00000103470508,0.999997291277554,1.00000120545475,-0.99999725646878,0.9999972545902654
1.0000002700170991,-1.000000565768757,-1.0000000585090252,1.0000007275624636,1.0000008043710975,1.0000000878732278,0.9999999748734609,1.0000004049937647,-1.0000003792282162,1.0000000021970132,-1.0000022868083056,-1.0000033550085141,-1.0000033550085115,1.0000017018012157,1.0000015533811044,-1.0000018130367216,-1.000001397170705,1.0000020294002592,1.0000012244688181,-1.0000016631651198,1.0000027242209446,-1.000003293093246,-1.0000032930932456,1.0000037389042453,1.0000037389042447,-0.9999999865190209,-1.0000039099805489,0.9999999516226171,-0.9999999497295495
-0.999999531128578,0.9999998267780182,0.9999993197747279,-0.9999999884093901,-1.0000000653168681,-0.999999349127784,-0.9999992361688502,-0.9999996659084941,0.9999996403073722,-1.0000022868083056,1.0000000011414396,1.000002666374962,1.0000026663749606,-1.0000009123350488,-1.0000008149092143,1.0000010747525572,1.000000658449385,-1.0000012911560843,-1.0000004856023774,1.0000009238388357,-1.000001984250509,1.0000025527907657,1.0000025527907663,-1.0000029984138947,-1.0000029984138932,0.999999247805344,1.0000031694298057,-0.9999992129427121,0.9999992110530787
-1.0000005986212148,1.0000008943983203,1.0000003870485235,-1.0000010563737012,-1.0000011330198724,-1.0000004164101683,-1.0000003034998644,-1.0000007337958856,1.0000007078334818,-1.0000033550085141,1.000002666374962,1.0000000026673286,1.0000037348314357,-1.0000020307755624,-1.000001882601981,1.0000021423713814,1.0000017262824619,-1.000002358879927,-1.0000015537861227,1.0000019920362604,-1.0000030533445665,1.000003622400097,1.0000036224000977,-1.0000040683145515,-1.000004068314551,1.0000003151424979,1.000004239423253,-1.0000002802879386,1.000000278395949
-1.0000005986212142,1.0000008943983203,1.0000003870485226,-1.0000010563737014,-1.0000011330198717,-1.0000004164101675,-1.0000003034998644,-1.0000007337958847,1.0000007078334818,-1.0000033550085115,1.0000026663749606,1.0000037348314357,1.0000000026673286,-1.0000020307755617,-1.0000018826019788,1.0000021423713819,1.0000017262824623,-1.0000023588799254,-1.0000015537861213,1.000001992036259,-1.0000030533445645,1.0000036224000963,1.0000036224000972,-1.0000040683145504,-1.0000040683145495,1.0000003151424959,1.0000042394232513,-1.000000280287938,1.0000002783959487
0.9999988959148229,-0.9999991914903359,-0.9999986846795551,0.9999993529544109,0.9999994299818464,0.9999987140264606,0.9999986010595009,0.9999990304994566,-0.9999990050720207,1.0000017018012157,-1.0000009123350488,-1.0000020307755624,-1.0000020307755617,1.000000000233832,1.000000179779011,-1.000000439703652,-0.9999999727191402,1.0000006560819854,0.999999850185019,-1.0000002377761599,1.0000013481378736,-1.0000019163907496,-1.0000019163907494,1.0000023618493792,1.0000023618493776,-0.9999986126915023,-1.0000025328123667,0.9999985778335051,-0.999998575945563
0.9999987493663713,-0.9999990456430705,-0.9999985371189699,0.9999992078438438,0.9999992844977362,0.999998566549727,0.9999984529920478,0.9999988848731616,-0.9999988587404136,1.0000015533811044,-1.0000008149092143,-1.000001882601981,-1.0000018826019788,1.000000179779011,1.000000000018982,-1.0000002339478784,-0.9999998221543271,1.000000499894982,0.9999997001086677,-1.0000001440457684,1.0000012085013734,-1.0000017789136342,-1.0000017789136344,1.0000022255940566,1.0000022255940568,-0.9999984646957382,-1.0000023969516065,0.9999984294406,-0.9999984275253959
-0.9999990095893693,0.999999306149423,0.9999987969344648,-0.9999994686545218,-0.9999995451572918,-0.9999988263994639,-0.9999987126126556,-0.9999991454802817,0.9999991190535512,-1.0000018130367216,1.0000010747525572,1.0000021423713814,1.0000021423713819,-1.000000439703652,-1.0000002339478784,1.0000000003867024,1.0000001314609315,-1.0000007061406595,-0.9999999591609583,1.000000405247571,-1.000001471478418,1.0000020427369514,1.0000020427369514,-1.0000024898945317,-1.0000024898945308,0.9999987243452496,1.0000026614057842,-0.9999986889355179,0.9999986870093556
-0.9999985923118172,0.9999988882474774,0.9999983805490107,-0.9999990501089325,-0.9999991269203462,-0.9999984099377863,-0.9999982966746103,-0.9999987273854571,0.9999987015763389,-1.000001397170705,1.000000658449385,1.0000017262824619,1.0000017262824623,-0.9999999727191402,-0.9999998221543271,1.0000001314609315,0.9999999997981893,-1.0000003473711214,-0.9999994942040226,0.9999999858490756,-1.0000010481519528,1.00000161755037,1.00000161755037,-1.0000020636576152,-1.000002063657614,0.9999983083428362,1.0000022348301159,-0.9999982732828643,0.9999982713810941
0.9999992259151125,-0.9999995226301801,-0.9999990130201356,0.9999996853901054,0.9999997617237273,0.9999990425005263,0.9999989286498113,0.9999993621090668,-0.9999993354240005,1.0000020294002592,-1.0000012911560843,-1.000002358879927,-1.0000023588799254,1.0000006560819854,1.000000499894982,-1.0000007061406595,-1.0000003473711214,1.000000000693939,1.0000001752976475,-1.0000006222060087,1.0000016894610602,-1.0000022612432111,-1.0000022612432122,1.0000027086955239,1.000002708695523,-0.9999989403950462,-1.0000028803010763,0.9999989049314457,-0.999998903000465
0.9999984188849661,-0.999998714814207,-0.9999982070809598,0.9999988769017985,0.9999989534804444,0.9999982364594256,0.9999981233553968,0.9999985541885007,-0.9999985281310474,1.0000012244688181,-1.0000004856023774,-1.0000015537861227,-1.0000015537861213,0.999999850185019,0.9999997001086677,-0.9999999591609583,-0.9999994942040226,1.0000001752976475,0.999999999551632,-0.999999812624004,1.0000008751135863,-1.0000014446884855,-1.0000014446884862,1.000001890895175,1.0000018908951736,-0.9999981350146372,-1.0000020620983738,0.9999981000330401,-0.9999980981345435
-0.9999988559340823,0.9999991511036349,0.9999986452754664,-0.9999993121814337,-0.9999993389133038,-0.9999986745723977,-0.9999985619744021,-0.9999989900294544,0.9999989649641193,-1.0000016631651198,1.0000009238388357,1.0000019920362604,1.000001992036259,-1.0000002377761599,-1.0000001440457684,1.000000405247571,0.9999999858490756,-1.0000006222060087,-0.999999812624004,1.000000000176372,-1.000001253669323,1.0000018711356478,1.0000018711356478,-1.0000023158764773,-1.000002315876477,0.999998573563487,1.0000024866064594,-0.9999985389483765,0.9999985370767395
0.9999999138406918,-1.0000002086228186,-0.9999997036908816,1.0000003696541653,1.0000004467597436,0.9999997329326028,0.9999996209472033,1.0000000478265034,-1.000000022749079,1.0000027242209446,-1.000001984250509,-1.0000030533445665,-1.0000030533445645,1.0000013481378736,1.0000012085013734,-1.000001471478418,-1.0000010481519528,1.0000016894610602,1.0000008751135863,-1.000001253669323,1.0000000016846553,-1.000002874410913,-1.0000028744109122,1.0000033690698469,1.0000033690698458,-0.999999632486317,-1.000003539619217,0.9999995982410339,-0.9999995963884657
-1.0000004810419476,1.0000007756611846,1.0000002710914588,-1.0000009367530525,-1.000001013740082,-1.0000003003071172,-1.000000188636522,-1.0000006150668699,1.0000005898957693,-1.000003293093246,1.0000025527907657,1.000003622400097,1.0000036224000963,-1.0000019163907496,-1.0000017789136342,1.0000020427369514,1.00000161755037,-1.0000022612432111,-1.0000014446884855,1.0000018711356478,-1.000002874410913,1.0000000024928484,1.0000034905250446,-1.0000038840321108,-1.0000039345057896,1.0000002001518236,1.0000041049880495,-1.0000001660909956,1.0000001642474916
-1.0000004810419487,1.0000007756611846,1.0000002710914586,-1.0000009367530533,-1.0000010137400832,-1.0000003003071172,-1.0000001886365224,-1.000000615066871,1.00000058989577,-1.0000032930932456,1.0000025527907663,1.0000036224000977,1.0000036224000972,-1.0000019163907494,-1.0000017789136344,1.0000020427369514,1.00000161755037,-1.0000022612432122,-1.0000014446884862,1.0000018711356478,-1.0000028744109122,1.0000034905250446,1.0000000024928484,-1.0000039345057903,-1.0000038840321093,1.0000002001518242,1.00000410498805,-1.0000001660909967,1.000000164247492
1.0000009258790936,-1.0000012204109456,-1.0000007160367972,1.0000013815357882,1.0000014584627892,1.00000074523888,1.0000006337402416,1.000001059927529,-1.0000010347050803,1.0000037389042453,-1.0000029984138947,-1.0000040683145515,-1.0000040683145504,1.0000023618493792,1.0000022255940566,-1.0000024898945317,-1.0000020636576152,1.0000027086955239,1.000001890895175,-1.0000023158764773,1.0000033690698469,-1.0000038840321108,-1.0000039345057903,1.0000000031269267,1.0000043783713202,-1.0000006452430124,-1.0000044983421064,1.000000611283188,-1.0000006094444691
1.0000009258790934,-1.000001220410945,-1.0000007160367947,1.0000013815357864,1.0000014584627879,1.00000074523888,1.0000006337402414,1.000001059927528,-1.00000103470508,1.0000037389042447,-1.0000029984138932,-1.000004068314551,-1.0000040683145495,1.0000023618493776,1.0000022255940568,-1.0000024898945308,-1.000002063657614,1.000002708695523,1.0000018908951736,-1.000002315876477,1.0000033690698458,-1.0000039345057896,-1.0000038840321093,1.0000043783713202,1.0000000031269267,-1.0000006452430112,-1.0000044983421068,1.0000006112831878,-1.0000006094444687
-0.9999971821735014,0.999997477644835,0.9999969710825749,-0.9999976387619424,-0.9999977159923095,-0.999996949943634,-0.9999968872919737,-0.9999973163389552,0.999997291277554,-0.9999999865190209,0.999999247805344,1.0000003151424979,1.0000003151424959,-0.9999986126915023,-0.9999984646957382,0.9999987243452496,0.9999983083428362,-0.9999989403950462,-0.9999981350146372,0.999998573563487,-0.999999632486317,1.0000002001518236,1.0000002001518242,-1.0000006452430124,-1.0000006452430112,0.9999999977852804,1.0000008160814946,-0.9999968135026849,0.9999968620903984
-1.000001096637047,1.0000013911414782,1.000000886829383,-1.0000015522754295,-1.0000016291857494,-1.0000009160273478,-1.000000804582574,-1.0000012306920842,1.00000120545475,-1.0000039099805489,1.0000031694298057,1.000004239423253,1.0000042394232513,-1.0000025328123667,-1.0000023969516065,1.0000026614057842,1.0000022348301159,-1.0000028803010763,-1.0000020620983738,1.0000024866064594,-1.000003539619217,1.0000041049880495,1.00000410498805,-1.0000044983421064,-1.0000044983421068,1.0000008160814946,1.0000000033703726,-1.0000007821534882,1.0000007803162418
0.9999971473501057,-0.9999974428795924,-0.9999969361659057,0.9999976040850429,0.9999976812540922,0.9999969655062207,0.9999968523455255,0.9999972816190624,-0.99999725646878,0.9999999516226171,-0.9999992129427121,-1.0000002802879386,-1.000000280287938,0.9999985778335051,0.9999984294406,-0.9999986889355179,-0.9999982732828643,0.9999989049314457,0.9999981000330401,-0.9999985389483765,0.9999995982410339,-1.0000001660909956,-1.0000001660909967,1.000000611283188,1.0000006112831878,-0.9999968135026849,-1.0000007821534882,0.9999999977353513,-0.9999967766456503
-0.9999971454711605,0.9999974410034731,0.999996934282031,-0.9999976022129676,-0.9999976793786516,-0.9999969636225661,-0.9999967999856288,-0.9999972797445413,0.9999972545902654,-0.9999999497295495,0.9999992110530787,1.000000278395949,1.0000002783959487,-0.999998575945563,-0.9999984275253959,0.9999986870093556,0.9999982713810941,-0.999998903000465,-0.9999980981345435,0.9999985370767395,-0.9999995963884657,1.0000001642474916,1.000000164247492,-1.0000006094444691,-1.0000006094444687,0.9999968620903984,1.0000007803162418,-0.9999967766456503,0.9999999977326547
