1.0000000042429078,-0.793873260944666,-0.7938638991664201,-0.7938635312004072,0.7938636774175296,0.7938636774175304,0.793863677417531,0.7938654718918678,-0.7938677976530414,0.260444910941254,0.38035558310132794,0.7938712477487646,-0.7938706267676954,-0.7938705327230473,0.7938696118683054,-0.7938709731429278,0.7938693294283531,0.7254885980431057,-0.47553537429165377,-0.649064343209736,0.5654374093398015
-0.793873260944666,1.0000000088434076,0.2604401505413391,1.0000013195485338,-1.0000015035033953,-1.0000015035033962,-1.0000015035033973,-1.0000037645790927,1.0000066946480097,-0.7938732609446646,0.26044015054133945,-1.0000120282294587,1.0000102584045871,1.000010139914258,-1.0000089799977396,1.0000106945726612,-1.000008624198594,-0.15742854065892298,-0.15742854065892464,0.05267091963937856,0.05267091963938167
-0.7938638991664201,0.2604401505413391,0.9999999967516131,0.26043728295219004,-0.26043733097182425,-0.26043733097182403,-0.2604373309718245,-0.2604379195152483,0.2604386823906133,0.3803555831013221,-0.8643399847964214,-0.2604398141855095,0.26043961047449665,0.2604395796334323,-0.260439277536361,0.2604397241854918,-0.26043918488526885,-0.9944482719921034,0.912446870597749,0.9778640255869673,-0.9504291196811484
-0.7938635312004072,1.0000013195485338,0.26043728295219004,0.9999999930452973,-0.9999914688393974,-0.9999914688394,-0.9999914688393984,-0.9999937332895326,0.9999956780894332,-0.7938635312004135,0.26043728295220087,-1.0000000262761495,0.9999992436490721,0.9999991250925836,-0.9999979645065507,0.9999996790413125,-0.9999976086181642,-0.15742680749806778,-0.15742680749808022,0.05267033979461952,0.05267033979463358
0.7938636774175296,-1.0000015035033953,-0.26043733097182425,-0.9999914688393974,0.9999999933075597,0.9999906641372944,0.9999906641372954,0.9999929288939877,-0.9999958614550917,0.7938636774175317,-0.26043733097182814,1.000000209930233,-0.9999994272099981,-0.9999993086583666,0.9999981479344829,-0.9999998624558891,0.9999977920841956,0.15742683655632722,0.157426836556332,-0.052670349518899706,-0.05267034951890621
0.7938636774175304,-1.0000015035033962,-0.26043733097182403,-0.9999914688394,0.9999906641372944,0.9999999933075597,0.9999906641372949,0.9999929288939885,-0.9999958614550909,0.7938636774175315,-0.26043733097182803,1.0000002099302332,-0.999999427209997,-0.9999993086583655,0.9999981479344825,-0.9999998624558883,0.9999977920841947,0.15742683655632686,0.1574268365563325,-0.05267034951889939,-0.052670349518906485
0.793863677417531,-1.0000015035033973,-0.2604373309718245,-0.9999914688393984,0.9999906641372954,0.9999906641372949,0.9999999933075597,0.9999929288939888,-0.9999958614550918,0.7938636774175323,-0.2604373309718285,1.0000002099302343,-0.9999994272099986,-0.9999993086583664,0.9999981479344827,-0.99999986245589,0.9999977920841955,0.15742683655632675,0.15742683655633255,-0.05267034951889947,-0.052670349518906465
0.7938654718918678,-1.0000037645790927,-0.2604379195152483,-0.9999937332895326,0.9999929288939877,0.9999929288939885,0.9999929288939888,0.9999999965541525,-0.9999991115392566,0.7938654718918685,-0.2604379195152523,1.000002471717611,-1.0000016891801222,-1.0000015706217789,1.0000004102084095,-1.000002124824713,1.0000000542750442,0.15742719220909182,0.1574271922090972,-0.052670468501702,-0.05267046850170885
-0.7938677976530414,1.0000066946480097,0.2604386823906133,0.9999956780894332,-0.9999958614550917,-0.9999958614550909,-0.9999958614550918,-0.9999991115392566,1.0000000007574819,-0.7938677976530405,0.26043868239061413,-1.0000054021112226,1.0000046196598862,1.0000045010642786,-1.0000043284240026,1.0000050554914097,-1.0000039725076235,-0.15742765325194122,-0.1574276532519431,0.05267062274125936,0.05267062274126292
0.260444910941254,-0.7938732609446646,0.3803555831013221,-0.7938635312004135,0.7938636774175317,0.7938636774175315,0.7938636774175323,0.7938654718918685,-0.7938677976530405,1.0000000042429078,-0.7938638991664176,0.7938712477487643,-0.7938706267676934,-0.7938705327230446,0.7938696118683058,-0.7938709731429289,0.7938693294283519,-0.4755353742916532,0.7254885980431012,0.5654374093397987,-0.6490643432097345
0.38035558310132794,0.26044015054133945,-0.8643399847964214,0.26043728295220087,-0.26043733097182814,-0.26043733097182803,-0.2604373309718285,-0.2604379195152523,0.26043868239061413,-0.7938638991664176,0.9999999967516131,-0.2604398141855109,0.2604396104744949,0.2604395796334306,-0.26043927753636337,0.2604397241854956,-0.2604391848852716,0.9124468705977583,-0.9944482719921075,-0.9504291196811514,0.9778640255869743
0.7938712477487646,-1.0000120282294587,-0.2604398141855095,-1.0000000262761495,1.000000209930233,1.0000002099302332,1.0000002099302343,1.000002471717611,-1.0000054021112226,0.7938712477487643,-0.2604398141855109,1.0000000069902357,-1.0000099534270661,-1.0000098349098792,1.0000076874776838,-1.0000094020154626,1.0000073316501836,0.1574283373441815,0.15742833734418424,-0.05267085160667791,-0.05267085160668211
-0.7938706267676954,1.0000102584045871,0.26043961047449665,0.9999992436490721,-0.9999994272099981,-0.999999427209997,-0.9999994272099986,-1.0000016891801222,1.0000046196598862,-0.7938706267676934,0.2604396104744949,-1.0000099534270661,1.0000000058684313,1.000008065085167,-1.0000078925814193,1.0000086196004134,-1.0000065493566754,-0.15742821419164568,-0.1574282141916453,0.05267081039949843,0.05267081039949926
-0.7938705327230473,1.000010139914258,0.2604395796334323,0.9999991250925836,-0.9999993086583666,-0.9999993086583655,-0.9999993086583664,-1.0000015706217789,1.0000045010642786,-0.7938705327230446,0.2604395796334306,-1.0000098349098792,1.000008065085167,1.0000000056984386,-1.0000067866179823,1.0000085011201425,-1.0000074181710106,-0.15742819556576282,-0.15742819556576226,0.05267080417170095,0.05267080417170186
0.7938696118683054,-1.0000089799977396,-0.260439277536361,-0.9999979645065507,0.9999981479344829,0.9999981479344825,0.9999981479344827,1.0000004102084095,-1.0000043284240026,0.7938696118683058,-0.26043927753636337,1.0000076874776838,-1.0000078925814193,-1.0000067866179823,1.0000000040350208,-1.0000083285124055,1.0000052706990699,0.15742801295660014,0.15742801295660375,-0.05267074307767302,-0.05267074307767823
-0.7938709731429278,1.0000106945726612,0.2604397241854918,0.9999996790413125,-0.9999998624558891,-0.9999998624558883,-0.99999986245589,-1.000002124824713,1.0000050554914097,-0.7938709731429289,0.2604397241854956,-1.0000094020154626,1.0000086196004134,1.0000085011201425,-1.0000083285124055,1.0000000064936077,-1.0000069852601443,-0.15742828297783315,-0.15742828297783823,0.05267083342162208,0.052670833421628656
0.7938693294283531,-1.000008624198594,-0.26043918488526885,-0.9999976086181642,0.9999977920841956,0.9999977920841947,0.9999977920841955,1.0000000542750442,-1.0000039725076235,0.7938693294283519,-0.2604391848852716,1.0000073316501836,-1.0000065493566754,-1.0000074181710106,1.0000052706990699,-1.0000069852601443,1.0000000035247785,0.1574279569677982,0.15742795696780232,-0.05267072434963654,-0.05267072434964215
0.7254885980431057,-0.15742854065892298,-0.9944482719921034,-0.15742680749806778,0.15742683655632722,0.15742683655632686,0.15742683655632675,0.15742719220909182,-0.15742765325194122,-0.4755353742916532,0.9124468705977583,0.1574283373441815,-0.15742821419164568,-0.15742819556576282,0.15742801295660014,-0.15742828297783315,0.1574279569677982,0.999999997237731,-0.9504292668281714,-0.9944492443831862,0.9778646495695846
-0.47553537429165377,-0.15742854065892464,0.912446870597749,-0.15742680749808022,0.157426836556332,0.1574268365563325,0.15742683655633255,0.1574271922090972,-0.1574276532519431,0.7254885980431012,-0.9944482719921075,0.15742833734418424,-0.1574282141916453,-0.15742819556576226,0.15742801295660375,-0.15742828297783823,0.15742795696780232,-0.9504292668281714,0.999999997237731,0.9778646495695791,-0.9944492443831852
-0.649064343209736,0.05267091963937856,0.9778640255869673,0.05267033979461952,-0.052670349518899706,-0.05267034951889939,-0.05267034951889947,-0.052670468501702,0.05267062274125936,0.5654374093397987,-0.9504291196811514,-0.05267085160667791,0.05267081039949843,0.05267080417170095,-0.05267074307767302,0.05267083342162208,-0.05267072434963654,-0.9944492443831862,0.9778646495695791,0.9999999979945305,-0.9944498058332581
0.5654374093398015,0.05267091963938167,-0.9504291196811484,0.05267033979463358,-0.05267034951890621,-0.052670349518906485,-0.052670349518906465,-0.05267046850170885,0.05267062274126292,-0.6490643432097345,0.9778640255869743,-0.05267085160668211,0.05267081039949926,0.05267080417170186,-0.05267074307767823,0.052670833421628656,-0.05267072434964215,0.9778646495695846,-0.9944492443831852,-0.9944498058332581,0.9999999979945305
