1.0000000035585168,-1.0000047742808518,-1.000005955045277,-0.9970019119613892,0.9970003924329189,0.9970025039339937,0.9880068873248475,-0.9880030885333206,-0.9880087160079928,-0.7087790303800455,0.70875958575839,0.1578975223801776,-0.15794608301463564,-0.7615101684093012,0.7614517918012266,0.7615401694105397,-0.7614783521924151,0.1580873358514935,-0.15826078433964802,-0.30910798349692287,0.59102287812388,0.7085270095698918,-0.9522538841731962,-0.8522321752419938,-0.6518648288984207,0.9969960613399304,0.9730583842930379,0.8092175957447467,-0.7613411538133192,0.15789752238017693
-1.0000047742808518,1.000000002337657,1.0000044551034077,0.9970012855942176,-0.9970004110120941,-0.9970018775453661,-0.9880064934510309,0.9880026947286101,0.9880083220983187,0.7087763648348541,-0.7087569201665244,-0.15789450446341302,0.15794306507774933,0.7615076250067166,-0.7614492482457409,-0.7615376260862676,0.7614758087081642,-0.15808431785941224,0.15825776626682586,0.3091104957585126,-0.5910200177032755,-0.7085284640272503,0.9522539613309492,0.8522299191648404,0.6518620575481285,-0.9969956276781338,-0.9730582254749459,-0.809215188591812,0.7613386099681783,-0.1578945044634123
-1.000005955045277,1.0000044551034077,1.0000000040236172,0.9970021268381183,-0.997000607289615,-0.9970027188210645,-0.9880069900243404,0.9880031911996379,0.9880088187247016,0.7087802621135249,-0.7087608175163616,-0.15789897482151136,0.15794753546120327,0.7615113360499084,-0.7614529595215876,-0.7615413370102819,0.761479519875672,-0.15808878831164733,0.15826223682274404,0.3091067348584473,-0.5910242151348154,-0.7085262391295647,0.9522537611756903,0.852233195106799,0.6518661171605483,-0.996996495972475,-0.9730583741047474,-0.8092186928895627,0.7613423216847712,-0.15789897482151072
-0.9970019119613892,0.9970012855942176,0.9970021268381183,1.0000000038025467,-1.00000552266356,-1.000006006590545,-0.997000415521028,0.9969983716547177,0.9970013305784875,0.6520198156142596,-0.6519987526282663,-0.08095146166613147,0.08100044315373463,0.7090284782218881,-0.7089649049399426,-0.7090611432010854,0.7089938740034107,-0.08114300968133595,0.08131772681186525,0.3818305304543266,-0.5267773084995067,-0.7610498325220424,0.973038437643131,0.8091572814541895,0.5911791298239526,-0.9880043309981928,-0.9879928365263891,-0.7612888451202855,0.7088444223560438,-0.08095146166613063
0.9970003924329189,-0.9970004110120941,-0.997000607289615,-1.00000552266356,1.0000000031623422,1.0000049131237145,0.9970010411177888,-0.9969996424718756,-0.9970019560110805,-0.6520090238823716,0.6519879606277896,0.08093762309310612,-0.08098660460783583,-0.7090183951752611,0.7089548210268408,0.7090510605985856,-0.7089837904924219,0.08112917123031882,-0.0813038884161218,-0.3818431577446941,0.5267653015528431,0.7610584741609437,-0.9730411952180763,-0.8091487817686125,-0.5911676959527886,0.9880017494995798,0.987994533301942,0.7612795246864856,-0.7088343368015784,0.08093762309310563
0.9970025039339937,-0.9970018775453661,-0.9970027188210645,-1.000006006590545,1.0000049131237145,1.0000000038532213,0.9969998941089537,-0.9969978500792528,-0.9970008092514168,-0.6520252882050436,0.6520042253626674,0.08095862833409671,-0.08100760979782726,-0.7090335717351468,0.7089699989156529,0.7090662364772875,-0.708998967764609,0.08115017624767117,-0.08132489331454076,-0.38182390117263837,0.526783436534619,0.7610451970942401,-0.9730368143975014,-0.809161533400944,-0.591184947708667,0.9880054759405956,0.987991760917295,0.76129353250427,-0.7088495172077951,0.08095862833409599
0.9880068873248475,-0.9880064934510309,-0.9880069900243404,-0.997000415521028,0.9970010411177888,0.9969998941089537,1.0000000038168302,-1.0000057149630228,-1.000005986811418,-0.5913266991791503,0.591304143948119,0.0034974937321644506,-0.003546601853656531,-0.6522715068124785,0.6522031174288495,0.6523066402238129,-0.6522343217568455,0.003689625736204333,-0.0038645619631451013,-0.45227888933312493,0.4593483479357968,0.8090140556380558,-0.9879816726512116,-0.7612080428416027,-0.52692403365904,0.97307304594164,0.9969944758404775,0.7087720436707645,-0.6520735115016144,0.0034974937321634505
-0.9880030885333206,0.9880026947286101,0.9880031911996379,0.9969983716547177,-0.9969996424718756,-0.9969978500792528,-1.0000057149630228,1.0000000034228702,1.0000050654658434,0.5913081250656166,-0.5912855694210707,-0.003474662869648626,0.0035237709716676403,0.6522540219328221,-0.6521856312094667,-0.6522891560307587,0.6522168361599022,-0.003666794823701805,0.0038417309130687805,0.4522991260380801,-0.4593279420004747,-0.8090272515044878,0.9879849288392832,0.7611930271698873,0.5269044846001271,-0.9730675149984577,-0.9969966153890351,-0.7087557427905256,0.6520560227444686,-0.0034746628696477474
-0.9880087160079928,0.9880083220983187,0.9880088187247016,0.9970013305784875,-0.9970019560110805,-0.9970008092514168,-1.000005986811418,1.0000050654658434,1.0000000038107595,0.5913362674581233,-0.5913137124454526,-0.0035093618117998243,0.003558469936037469,0.6522804998409233,-0.6522121111640541,-0.6523156328900319,0.6522433151637687,-0.003701493812960839,0.003876430085107853,0.45226830242029226,-0.4593588880037609,-0.8090070761399134,0.9879798338156665,0.7612157361462845,0.5269341182868785,-0.9730757772901343,-0.9969935514087133,-0.7087804128437298,0.6520825065756168,-0.0035093618117986755
-0.7087790303800455,0.7087763648348541,0.7087802621135249,0.6520198156142596,-0.6520090238823716,-0.6520252882050436,-0.5913266991791503,0.5913081250656166,0.5913362674581233,0.9999999959117778,-0.9999964101902686,-0.8084933887874204,0.8085226454640406,0.9969625572481585,-0.9969701145258405,-0.9969587344754296,0.9969662728203864,-0.8086069316813351,0.8087135670163015,-0.4517943153231016,-0.987945708243951,-0.00437661872124811,0.4595598600626732,0.9730962658411251,0.9969779512773799,-0.7612791445813009,-0.5270248279041115,-0.9879988355242709,0.9969843975639143,-0.8084933887874214
0.70875958575839,-0.7087569201665244,-0.7087608175163616,-0.6519987526282663,0.6519879606277896,0.6520042253626674,0.591304143948119,-0.5912855694210707,-0.5913137124454526,-0.9999964101902686,0.9999999980422521,0.8085116983525462,-0.8085409539272383,-0.9969617834015694,0.9969693433147625,0.9969579592762546,-0.9969655003978419,0.808625236914202,-0.8087318683790476,0.45182091688709786,0.9879516814851657,0.004347562683039488,-0.45953473354516494,-0.9730910218412809,-0.996982340041684,0.7612614352873519,0.5270009149418865,0.9879958210690237,-0.9969842762512444,0.8085116983525487
0.1578975223801776,-0.15789450446341302,-0.15789897482151136,-0.08095146166613147,0.08093762309310612,0.08095862833409671,0.0034974937321644506,-0.003474662869648626,-0.0035093618117998243,-0.8084933887874204,0.8085116983525462,1.0000000008143954,-1.0000022276024398,-0.7602589234288698,0.7603182024009772,0.7602285441768781,-0.7602906669557988,1.000001726923273,-1.0000062963475695,0.8902919027221743,0.8898653080815281,-0.5849586166801773,0.15112252750857688,-0.6511666034391046,-0.8517515289592785,0.23389718459078596,-0.07404133855548908,0.7079118610615487,-0.7604304947966679,1.0000011407203515
-0.15794608301463564,0.15794306507774933,0.15794753546120327,0.08100044315373463,-0.08098660460783583,-0.08100760979782726,-0.003546601853656531,0.0035237709716676403,0.003558469936037469,0.8085226454640406,-0.8085409539272383,-1.0000022276024398,1.0000000014471977,0.7602911598753268,-0.7603504355075124,-0.7602607823391401,0.7603229015860608,-1.000002823234163,1.0000067563392685,-0.8902699332719777,-0.8898881057054089,0.5849190465609453,-0.1510740516128506,0.6512041599614921,0.8517776347129529,-0.23394503240510703,0.07399239924022366,-0.7079468579416421,0.7604627215737189,-1.0000022276024438
-0.7615101684093012,0.7615076250067166,0.7615113360499084,0.7090284782218881,-0.7090183951752611,-0.7090335717351468,-0.6522715068124785,0.6522540219328221,0.6522804998409233,0.9969625572481585,-0.9969617834015694,-0.7602589234288698,0.7602911598753268,0.9999999944943753,-0.999993438977741,-0.9999927293631509,0.9999921934204644,-0.7603841798355379,0.7605012848026808,-0.38102077508581933,-0.9729059570445273,-0.08215881164950063,0.5272609086403891,0.9880688583095847,0.9879145579471944,-0.8094155734248397,-0.5915422428428468,-0.9970176550008585,0.9999937160561536,-0.7602589234288712
0.7614517918012266,-0.7614492482457409,-0.7614529595215876,-0.7089649049399426,0.7089548210268408,0.7089699989156529,0.6522031174288495,-0.6521856312094667,-0.6522121111640541,-0.9969701145258405,0.9969693433147625,0.7603182024009772,-0.7603504355075124,-0.999993438977741,0.999999995222442,0.9999925860358565,-0.9999933485560233,0.7604434456723049,-0.7605605389205525,0.3811047892854243,0.9729274108092947,0.08206849950407846,-0.5271841412427829,-0.9880553982824726,-0.9879291077314477,0.8093627446505751,0.5914694449748571,0.9970111693580055,-0.9999948905334979,0.7603182024009786
0.7615401694105397,-0.7615376260862676,-0.7615413370102819,-0.7090611432010854,0.7090510605985856,0.7090662364772875,0.6523066402238129,-0.6522891560307587,-0.6523156328900319,-0.9969587344754296,0.9969579592762546,0.7602285441768781,-0.7602607823391401,-0.9999927293631509,0.9999925860358565,0.9999999942048918,-0.9999919873217258,0.7603538073314203,-0.7604709183190714,0.3809776807116943,0.9728950013313158,0.082205163915852,-0.5273003346323026,-0.9880758210039491,-0.9879071461548072,0.8094427299795848,0.5915796352780488,0.9970210389792953,-0.9999935000313153,0.7602285441768792
-0.7614783521924151,0.7614758087081642,0.761479519875672,0.7089938740034107,-0.7089837904924219,-0.708998967764609,-0.6522343217568455,0.6522168361599022,0.6522433151637687,0.9969662728203864,-0.9969655003978419,-0.7602906669557988,0.7603229015860608,0.9999921934204644,-0.9999933485560233,-0.9999919873217258,0.999999994360641,-0.7604159162202397,0.760533014813345,-0.38106602054473193,-0.972917188559818,-0.08210999345155286,0.5272192436740296,0.9880612232972465,0.9879220543054373,-0.8093867365958044,-0.5915026986131855,-0.9970137843597601,0.999993634042476,-0.7602906669558002
0.1580873358514935,-0.15808431785941224,-0.15808878831164733,-0.08114300968133595,0.08112917123031882,0.08115017624767117,0.003689625736204333,-0.003666794823701805,-0.003701493812960839,-0.8086069316813351,0.808625236914202,1.000001726923273,-1.000002823234163,-0.7603841798355379,0.7604434456723049,0.7603538073314203,-0.7604159162202397,1.0000000016777466,-1.000007597930341,0.8902049293990438,0.8899534868573475,-0.5848031295758646,0.15093269235751222,-0.6513127993904974,-0.8518526943906427,0.23408412227601505,-0.07384977837763612,0.7080479775258689,-0.7605557131752498,1.0000017269232755
-0.15826078433964802,0.15825776626682586,0.15826223682274404,0.08131772681186525,-0.0813038884161218,-0.08132489331454076,-0.0038645619631451013,0.0038417309130687805,0.003876430085107853,0.8087135670163015,-0.8087318683790476,-1.0000062963475695,1.0000067563392685,0.7605012848026808,-0.7605605389205525,-0.7604709183190714,0.760533014813345,-1.000007597930341,1.000000008272044,-0.890129984436359,-0.8900380033227532,0.5846639306903514,-0.15076047125022543,0.6514485280170653,0.8519482355317755,-0.23425525928476434,0.07367567568157991,-0.708174758524612,0.7606727842148804,-1.0000062963475727
-0.30910798349692287,0.3091104957585126,0.3091067348584473,0.3818305304543266,-0.3818431577446941,-0.38182390117263837,-0.45227888933312493,0.4522991260380801,0.45226830242029226,-0.4517943153231016,0.45182091688709786,0.8902919027221743,-0.8902699332719777,-0.38102077508581933,0.3811047892854243,0.3809776807116943,-0.38106602054473193,0.8902049293990438,-0.890129984436359,1.000000001917188,0.5844709865242741,-0.8901372717729445,0.5847064244399359,-0.23411387862774213,-0.5197042465682564,-0.23452432012683355,-0.5200633667150977,0.30860317932872094,-0.38126396306212734,0.8902919027221766
0.59102287812388,-0.5910200177032755,-0.5910242151348154,-0.5267773084995067,0.5267653015528431,0.526783436534619,0.4593483479357968,-0.4593279420004747,-0.4593588880037609,-0.987945708243951,0.9879516814851657,0.8898653080815281,-0.8898881057054089,-0.9729059570445273,0.9729274108092947,0.9728950013313158,-0.972917188559818,0.8899534868573475,-0.8900380033227532,0.5844709865242741,1.0000000086617962,-0.1504964506311593,-0.31651856684054214,-0.9257044372181115,-0.9969881805886398,0.6517175879592365,0.38909936078406204,0.9521854647924383,-0.9729680253772798,0.889865308081529
0.7085270095698918,-0.7085284640272503,-0.7085262391295647,-0.7610498325220424,0.7610584741609437,0.7610451970942401,0.8090140556380558,-0.8090272515044878,-0.8090070761399134,-0.00437661872124811,0.004347562683039488,-0.5849586166801773,0.5849190465609453,-0.08215881164950063,0.08206849950407846,0.082205163915852,-0.08210999345155286,-0.5848031295758646,0.5846639306903514,-0.8901372717729445,-0.1504964506311593,0.9999999992524773,-0.8901475335322482,-0.23463736188860582,0.0732850662346297,0.65174249134023,0.8521489526789343,0.15875377215266595,-0.0818973757130596,-0.5849586166801792
-0.9522538841731962,0.9522539613309492,0.9522537611756903,0.973038437643131,-0.9730411952180763,-0.9730368143975014,-0.9879816726512116,0.9879849288392832,0.9879798338156665,0.4595598600626732,-0.45953473354516494,0.15112252750857688,-0.1510740516128506,0.5272609086403891,-0.5271841412427829,-0.5273003346323026,0.5272192436740296,0.15093269235751222,-0.15076047125022543,0.5847064244399359,-0.31651856684054214,-0.8901475335322482,0.9999999979870561,0.6518099858700568,0.38920989885378926,-0.9257441688461772,-0.9969919490404906,-0.5912044437973973,0.5270386654488453,0.15112252750857802
-0.8522321752419938,0.8522299191648404,0.852233195106799,0.8091572814541895,-0.8091487817686125,-0.809161533400944,-0.7612080428416027,0.7611930271698873,0.7612157361462845,0.9730962658411251,-0.9730910218412809,-0.6511666034391046,0.6512041599614921,0.9880688583095847,-0.9880553982824726,-0.9880758210039491,0.9880612232972465,-0.6513127993904974,0.6514485280170653,-0.23411387862774213,-0.9257044372181115,-0.23463736188860582,0.6518099858700568,0.9999999979116582,0.9522721770475198,-0.8901856471657547,-0.7086381617757208,-0.9970021132319353,0.9880298586714565,-0.651166603439105
-0.6518648288984207,0.6518620575481285,0.6518661171605483,0.5911791298239526,-0.5911676959527886,-0.591184947708667,-0.52692403365904,0.5269044846001271,0.5269341182868785,0.9969779512773799,-0.996982340041684,-0.8517515289592785,0.8517776347129529,0.9879145579471944,-0.9879291077314477,-0.9879071461548072,0.9879220543054373,-0.8518526943906427,0.8519482355317755,-0.5197042465682564,-0.9969881805886398,0.0732850662346297,0.38920989885378926,0.9522721770475198,1.0000000000970706,-0.7086337477207523,-0.4594448388874677,-0.9730272248348509,0.9879566402942939,-0.8517515289592799
0.9969960613399304,-0.9969956276781338,-0.996996495972475,-0.9880043309981928,0.9880017494995798,0.9880054759405956,0.97307304594164,-0.9730675149984577,-0.9730757772901343,-0.7612791445813009,0.7612614352873519,0.23389718459078596,-0.23394503240510703,-0.8094155734248397,0.8093627446505751,0.8094427299795848,-0.8093867365958044,0.23408412227601505,-0.23425525928476434,-0.23452432012683355,0.6517175879592365,0.65174249134023,-0.9257441688461772,-0.8901856471657547,-0.7086337477207523,0.9999999957958557,0.9522732670206309,0.8522830691724885,-0.8092626167925197,0.23389718459078557
0.9730583842930379,-0.9730582254749459,-0.9730583741047474,-0.9879928365263891,0.987994533301942,0.987991760917295,0.9969944758404775,-0.9969966153890351,-0.9969935514087133,-0.5270248279041115,0.5270009149418865,-0.07404133855548908,0.07399239924022366,-0.5915422428428468,0.5914694449748571,0.5915796352780488,-0.5915026986131855,-0.07384977837763612,0.07367567568157991,-0.5200633667150977,0.38909936078406204,0.8521489526789343,-0.9969919490404906,-0.7086381617757208,-0.4594448388874677,0.9522732670206309,1.000000002409511,0.6519464091524431,-0.5913314881903752,-0.07404133855549053
0.8092175957447467,-0.809215188591812,-0.8092186928895627,-0.7612888451202855,0.7612795246864856,0.76129353250427,0.7087720436707645,-0.7087557427905256,-0.7087804128437298,-0.9879988355242709,0.9879958210690237,0.7079118610615487,-0.7079468579416421,-0.9970176550008585,0.9970111693580055,0.9970210389792953,-0.9970137843597601,0.7080479775258689,-0.708174758524612,0.30860317932872094,0.9521854647924383,0.15875377215266595,-0.5912044437973973,-0.9970021132319353,-0.9730272248348509,0.8522830691724885,0.6519464091524431,0.9999999973501411,-0.9969994891852523,0.7079118610615494
-0.7613411538133192,0.7613386099681783,0.7613423216847712,0.7088444223560438,-0.7088343368015784,-0.7088495172077951,-0.6520735115016144,0.6520560227444686,0.6520825065756168,0.9969843975639143,-0.9969842762512444,-0.7604304947966679,0.7604627215737189,0.9999937160561536,-0.9999948905334979,-0.9999935000313153,0.999993634042476,-0.7605557131752498,0.7606727842148804,-0.38126396306212734,-0.9729680253772798,-0.0818973757130596,0.5270386654488453,0.9880298586714565,0.9879566402942939,-0.8092626167925197,-0.5913314881903752,-0.9969994891852523,0.9999999965821825,-0.7604304947966688
0.15789752238017693,-0.1578945044634123,-0.15789897482151072,-0.08095146166613063,0.08093762309310563,0.08095862833409599,0.0034974937321634505,-0.0034746628696477474,-0.0035093618117986755,-0.8084933887874214,0.8085116983525487,1.0000011407203515,-1.0000022276024438,-0.7602589234288712,0.7603182024009786,0.7602285441768792,-0.7602906669558002,1.0000017269232755,-1.0000062963475727,0.8902919027221766,0.889865308081529,-0.5849586166801792,0.15112252750857802,-0.651166603439105,-0.8517515289592799,0.23389718459078557,-0.07404133855549053,0.7079118610615494,-0.7604304947966688,1.0000000008143954
