1.000000012588135,-1.0000142813225723,-1.0000199651814554,0.9282942815665898,0.9282579524274851,0.7322134190940172,-0.7321881072639647,0.7321628461329237,0.7321628461329253,-0.7738564747870219,0.7738384552406926,0.7738652420456139,-0.731207518773902,-0.8131966942246389,0.813212673691866,-0.8132205330323835,0.8491252471424694,-0.8491395799846095,0.8491465444308544,-0.8814801869300434,-0.9282879676540814,-0.7234299865588966,0.7316959384373095,-0.731505773334696,-0.731876640608849,0.9366770212894586,0.4148047150975579,0.7320416222770374,-0.9994053280791784,0.4145112197786264,0.9101429391482632,-0.7232910264688239,-0.7321135821060931,-0.732113582106095
-1.0000142813225723,1.0000000071962358,1.000015773872329,-0.9282787139351911,-0.9282673229666367,-0.7321878166981569,0.7321625040383326,-0.7321372420952418,-0.7321372420952434,0.7738747834659284,-0.7738567647020479,-0.773883550335919,0.7312276243953154,0.8132131319159015,-0.8132291105526835,0.8132369694806183,-0.8491397454795654,0.849154077451052,-0.8491610414581141,0.8814926865647831,0.9282719902743078,0.7234041047564643,-0.7316703193937381,0.7314801480451847,0.7318510273744915,-0.9366617385560965,-0.41477264087003735,-0.7320160143280565,0.9994027121111277,-0.41454016292077855,-0.9101533882531315,0.7233114434019071,0.7320879764756799,0.7320879764756811
-1.0000199651814554,1.000015773872329,1.0000000153017603,-0.9283020399066616,-0.9282537244583517,-0.7322257870235335,0.7322004755902247,-0.7321752148473414,-0.7321752148473427,0.7738477408028788,-0.7738297208789324,-0.7738565082489794,0.7311979174727571,0.8131888628647002,-0.813204842732416,0.813212702271887,-0.8491183509758728,0.8491326842377043,-0.8491396488956259,0.8814742541775572,0.9282957261082397,0.7234424880347282,-0.731708314324513,0.7315181522078947,0.731889013719213,-0.9366844465827768,-0.4148201666180212,-0.732053992861083,0.999406670549224,-0.41449734382708864,-0.9101379944058965,0.7232812748644043,0.7321259515818529,0.7321259515818535
0.9282942815665898,-0.9282787139351911,-0.9283020399066616,0.999999997320515,0.7233573026173111,0.9329628339398465,-0.9329495940927128,0.9329362082936523,0.9329362082936539,-0.4828240658908411,0.48279941595236225,0.4828361477720411,-0.425091522934269,-0.5384452413999115,0.5384686156418962,-0.5384801582083476,0.5918008292185981,-0.5918231893515237,0.591834233066248,-0.6426472594067525,-0.9999937117100371,-0.9282771622301748,0.9326887714991501,-0.9325894733627662,-0.9327845196466072,0.9997240314919555,0.7234149488289257,0.9328721361776854,-0.9148265562992328,0.046368389523411394,0.6907960110234345,-0.41462184152705406,-0.9329102058435327,-0.9329102058435337
0.9282579524274851,-0.9282673229666367,-0.9282537244583517,0.7233573026173111,1.0000000103524964,0.4263271399234899,-0.4262933846851485,0.4262598695836068,0.42625986958360756,-0.9539285311432548,0.9539197298984786,0.9539327246266547,-0.932488079714907,-0.9713373186504847,0.9713436079538519,-0.9713466550903177,0.9846775892171408,-0.9846818354782282,0.9846837199746036,-0.9938922846439863,-0.723348520019642,-0.41470553313768216,0.42564042551184256,-0.42538665449623053,-0.42588017677689044,0.7391947288496213,0.04657321752375075,0.4260988722335263,-0.9405928819966484,0.723284632518792,0.9989498144282245,-0.9282620158083018,-0.42619440629478095,-0.4261944062947812
0.7322134190940172,-0.7321878166981569,-0.7322257870235335,0.9329628339398465,0.4263271399234899,0.9999999918057522,-0.9999891700720467,0.9999886959905114,0.9999886959905129,-0.13523962219493163,0.13521191748797526,0.1352532640748452,-0.07078368478775063,-0.19903127320409714,0.19905861616634246,-0.19907214911140791,0.26197581209669574,-0.2620028915614851,0.2620163770694337,-0.32378389296828086,-0.9329635604978299,-0.9999078742506339,0.9999874589179586,-0.9999896647759388,-0.9999879109386476,0.9243500932309835,0.9234363304647117,0.9999886865755557,-0.7081396647084596,-0.31630660371890035,0.3842250108237327,-0.05927108166827084,-0.9999887576329668,-0.999988757632968
-0.7321881072639647,0.7321625040383326,0.7322004755902247,-0.9329495940927128,-0.4262933846851485,-0.9999891700720467,0.9999999921658917,-0.99998936010689,-0.9999893601068875,0.13520256514557427,-0.13517486030715364,-0.1352162070959427,0.07074636158329861,0.19899463726806807,-0.19902198045912942,0.1990355135200481,-0.2619397504854229,0.2619668302589899,-0.26198031593012916,0.3237485560765394,0.9329503210278243,0.9999086055649756,-0.9999877391331402,0.9999899555305907,0.99998818124184,-0.9243360438477358,-0.9234509280243995,-0.9999889478435724,0.7081134116123715,0.31634219629241705,-0.3841905462288117,0.05923372735189293,0.9999890149493486,0.9999890149493492
0.7321628461329237,-0.7321372420952418,-0.7321752148473414,0.9329362082936523,0.4262598695836068,0.9999886959905114,-0.99998936010689,0.9999999920767539,0.9999888887811749,-0.13516587608638422,0.13513817112664778,0.13517951810212267,-0.0707094295303425,-0.19895834465295742,0.19898568806172495,-0.1989992212329594,0.26190400609464054,-0.26193108616509025,0.2619445719933929,-0.32371350899567125,-0.932936935601269,-0.9999090152044444,0.9999877026434913,-0.9999899294636383,-0.9999881349493632,0.9243218601787775,0.9234650743242327,0.9999888926154681,-0.7080872271894298,-0.3163772954874724,0.3841563428296205,-0.059196768142352474,-0.999989365322954,-0.9999889558132068
0.7321628461329253,-0.7321372420952434,-0.7321752148473427,0.9329362082936539,0.42625986958360756,0.9999886959905129,-0.9999893601068875,0.9999888887811749,0.9999999920767539,-0.13516587608638472,0.13513817112664814,0.13517951810212328,-0.07070942953034298,-0.19895834465295786,0.19898568806172526,-0.19899922123296004,0.26190400609464143,-0.26193108616509125,0.2619445719933933,-0.32371350899567214,-0.9329369356012698,-0.9999090152044461,0.9999877026434932,-0.9999899294636406,-0.9999881349493641,0.9243218601787787,0.9234650743242343,0.9999888926154692,-0.7080872271894308,-0.31637729548747245,0.38415634282962186,-0.059196768142352946,-0.9999889558132081,-0.9999893653229526
-0.7738564747870219,0.7738747834659284,0.7738477408028788,-0.4828240658908411,-0.9539285311432548,-0.13523962219493163,0.13520256514557427,-0.13516587608638422,-0.13516587608638472,1.0000000095780037,-1.0000133916284366,-1.0000139090628821,0.997911299543345,0.997919884069068,-0.9979177023074244,0.9979165505736448,-0.9916509399982171,0.9916466078173618,-0.991644198330874,0.9812400883933144,0.4828142049133298,0.12253674302553796,-0.1344877836882984,0.13420908600340212,0.13475024323980409,-0.5030286304232755,0.25532535979068155,-0.13498953213555048,0.7953536152692297,-0.8971746372935028,-0.9667291941306224,0.9971010357709944,0.13509415098239042,0.13509415098239064
0.7738384552406926,-0.7738567647020479,-0.7738297208789324,0.48279941595236225,0.9539197298984786,0.13521191748797526,-0.13517486030715364,0.13513817112664778,0.13513817112664814,-1.0000133916284366,1.000000008937261,1.0000130495035113,-0.9979130673571665,-0.9979180405577226,0.9979154485091446,-0.997914296390517,0.9916468934526567,-0.9916425604947465,0.9916401506204849,-0.9812342664143818,-0.4827895549211401,-0.12250899792880623,0.13446007648728736,-0.13418137780476927,-0.13472253690706198,0.503004290870063,-0.2553522205699811,0.13496182658417208,-0.7953363458198371,0.8971865574363551,0.9667216214407724,-0.9971027155399214,-0.1350664457801768,-0.13506644578017715
0.7738652420456139,-0.773883550335919,-0.7738565082489794,0.4828361477720411,0.9539327246266547,0.1352532640748452,-0.1352162070959427,0.13517951810212267,0.13517951810212328,-1.0000139090628821,1.0000130495035113,1.0000000096747865,-0.9979104760272057,-0.9979208414929621,0.9979186601148023,-0.9979175085708514,0.9916527828720612,-0.9916484510750458,0.9916460417800849,-0.9812428084331123,-0.48282628682272,-0.12255040677662182,0.1345014269121684,-0.13422272976158578,-0.13476388599564426,0.5030405561262369,-0.25531207395979516,0.13500317446978244,-0.7953620093046208,0.897168620670819,0.9667327797758679,-0.9971000538477075,-0.1351077931285668,-0.13510779312856724
-0.731207518773902,0.7312276243953154,0.7311979174727571,-0.425091522934269,-0.932488079714907,-0.07078368478775063,0.07074636158329861,-0.0707094295303425,-0.07070942953034298,0.997911299543345,-0.9979130673571665,-0.9979104760272057,1.000000005958036,0.9916337159045799,-0.9916297320890011,0.9916276879742426,-0.9812079755954528,0.9812018440949366,-0.9811985368533075,0.9666867070371227,0.4250815480180554,0.05800048309435066,-0.07002684893894115,0.0697461291672265,0.07029104742297072,-0.4459952253129514,0.3174089096778724,-0.0705318979708321,0.7544231613737148,-0.9238966255070503,-0.9481275343442055,0.9999451871220906,0.07063721710562204,0.0706372171056223
-0.8131966942246389,0.8132131319159015,0.8131888628647002,-0.5384452413999115,-0.9713373186504847,-0.19903127320409714,0.19899463726806807,-0.19895834465295742,-0.19895834465295786,0.997919884069068,-0.9979180405577226,-0.9979208414929621,0.9916337159045799,1.0000000091512073,-1.0000128694891977,1.0000122041081294,-0.9979211021832283,0.997918175258572,-0.9979166722736781,0.9916577000220208,0.538435535530655,0.18646185149799527,-0.1982875765426825,0.1980120663189357,0.19854719943760585,-0.557867016853005,0.19226509072139872,-0.19878392583154392,0.8328878011019055,-0.8667320366911545,-0.9812502181092463,0.9900808813197483,0.19888740683809203,0.19888740683809208
0.813212673691866,-0.8132291105526835,-0.813204842732416,0.5384686156418962,0.9713436079538519,0.19905861616634246,-0.19902198045912942,0.19898568806172495,0.19898568806172526,-0.9979177023074244,0.9979154485091446,0.9979186601148023,-0.9916297320890011,-1.0000128694891977,1.0000000086194016,-1.0000122415070491,0.9979221290307769,-0.9979196124041215,0.9979181098131761,-0.9916609388289506,-0.538458909852549,-0.18648926826266043,0.19831492397467745,-0.19803941548096815,-0.19857454531159272,0.5578900276125099,-0.19223756381868898,0.1988112702953431,-0.832902974067204,0.8667177583515003,0.9812552454372093,-0.9900765782395388,-0.19891475067780381,-0.19891475067780423
-0.8132205330323835,0.8132369694806183,0.813212702271887,-0.5384801582083476,-0.9713466550903177,-0.19907214911140791,0.1990355135200481,-0.1989992212329594,-0.19899922123296004,0.9979165505736448,-0.997914296390517,-0.9979175085708514,0.9916276879742426,1.0000122041081294,-1.0000122415070491,1.000000008255174,-0.9979227698923266,0.9979202536563516,-0.9979187512606115,0.9916624731574591,0.5384704524594935,0.18650283866094683,-0.19832845918501815,0.19805295156731215,0.19858807973226472,-0.5579013887150852,0.19222391198977584,-0.1988248040011805,0.8329104324307673,-0.8667106226786065,-0.9812576666258522,0.9900743760552805,0.19892828406737492,0.19892828406737503
0.8491252471424694,-0.8491397454795654,-0.8491183509758728,0.5918008292185981,0.9846775892171408,0.26197581209669574,-0.2619397504854229,0.26190400609464054,0.26190400609464143,-0.9916509399982171,0.9916468934526567,0.9916527828720612,-0.9812079755954528,-0.9979211021832283,0.9979221290307769,-0.9979227698923266,1.0000000093963994,-1.0000128940970772,1.0000118941907652,-0.99792373413921,-0.5917913190379718,-0.2495924156397081,0.2612433675092636,-0.26097219692533574,-0.26149906797216804,0.6103587187321314,-0.1284143639391333,0.2617322418395948,-0.866928325128671,0.8326693379195049,0.991661889115954,-0.9789192340436059,-0.26183415223696055,-0.26183415223696066
-0.8491395799846095,0.849154077451052,0.8491326842377043,-0.5918231893515237,-0.9846818354782282,-0.2620028915614851,0.2619668302589899,-0.26193108616509025,-0.26193108616509125,0.9916466078173618,-0.9916425604947465,-0.9916484510750458,0.9812018440949366,0.997918175258572,-0.9979196124041215,0.9979202536563516,-1.0000128940970772,1.0000000084093166,-1.0000116123783593,0.9979244587060763,0.591813679271818,0.24961959627309163,-0.26127045306577523,0.260999284813115,0.2615261514045129,-0.6103806716179759,0.128386261323185,-0.26175932334553614,0.8669418044897569,-0.8326531181227096,-0.9916648446546497,0.9789127847035688,0.26186123289311414,0.261861232893114
0.8491465444308544,-0.8491610414581141,-0.8491396488956259,0.591834233066248,0.9846837199746036,0.2620163770694337,-0.26198031593012916,0.2619445719933929,0.2619445719933933,-0.991644198330874,0.9916401506204849,0.9916460417800849,-0.9811985368533075,-0.9979166722736781,0.9979181098131761,-0.9979187512606115,1.0000118941907652,-1.0000116123783593,1.0000000075680222,-0.9979247827694038,-0.5918247230395484,-0.24963313541846896,0.2612839417986854,-0.26101277477803564,-0.26153963901278343,0.6103915070385623,-0.12837216866666593,0.26177280993358,-0.866948337549528,0.8326447993589953,0.9916660816261821,-0.978909318986806,-0.2618747190313401,-0.2618747190313404
-0.8814801869300434,0.8814926865647831,0.8814742541775572,-0.6426472594067525,-0.9938922846439863,-0.32378389296828086,0.3237485560765394,-0.32371350899567125,-0.32371350899567214,0.9812400883933144,-0.9812342664143818,-0.9812428084331123,0.9666867070371227,0.9916577000220208,-0.9916609388289506,0.9916624731574591,-0.99792373413921,0.9979244587060763,-0.9979247827694038,1.000000008999829,0.6426379845482837,0.31163817402301397,-0.32306575538221327,0.32280005534034245,0.32331646691724053,-0.6602642389504838,0.06406850017379898,-0.3235451157021061,0.8973220374895364,-0.7951475944463423,-0.9979211087677787,0.9636721087625432,0.323645030439076,0.3236450304390766
-0.9282879676540814,0.9282719902743078,0.9282957261082397,-0.9999937117100371,-0.723348520019642,-0.9329635604978299,0.9329503210278243,-0.932936935601269,-0.9329369356012698,0.4828142049133298,-0.4827895549211401,-0.48282628682272,0.4250815480180554,0.538435535530655,-0.538458909852549,0.5384704524594935,-0.5917913190379718,0.591813679271818,-0.5918247230395484,0.6426379845482837,0.999999993127349,0.9282776079892907,-0.9326895056898453,0.9325902103883109,0.9327852511730547,-0.9997208682392426,-0.7234194768957541,-0.9328728652760144,0.914819973784039,-0.046358624215363936,-0.6907870102119403,0.41461185067182094,0.9329109338796512,0.9329109338796512
-0.7234299865588966,0.7234041047564643,0.7234424880347282,-0.9282771622301748,-0.41470553313768216,-0.9999078742506339,0.9999086055649756,-0.9999090152044444,-0.9999090152044461,0.12253674302553796,-0.12250899792880623,-0.12255040677662182,0.05800048309435066,0.18646185149799527,-0.18648926826266043,0.18650283866094683,-0.2495924156397081,0.24961959627309163,-0.24963313541846896,0.31163817402301397,0.9282776079892907,0.9999999938183824,-0.9999165425223652,0.9999223550928548,0.999913602190851,-0.9193884379363066,-0.9282777565467029,-0.9999112855670301,0.699038161492369,0.3284330439594943,-0.37236769598520936,0.046479154573752235,0.9999100042190707,0.9999100042190697
0.7316959384373095,-0.7316703193937381,-0.731708314324513,0.9326887714991501,0.42564042551184256,0.9999874589179586,-0.9999877391331402,0.9999877026434913,0.9999877026434932,-0.1344877836882984,0.13446007648728736,0.1345014269121684,-0.07002684893894115,-0.1982875765426825,0.19831492397467745,-0.19832845918501815,0.2612433675092636,-0.26127045306577523,0.2612839417986854,-0.32306575538221327,-0.9326895056898453,-0.9999165425223652,0.9999999907189093,-0.9999898135644054,-0.9999876452333022,0.9240596775384751,0.9237264856743923,0.9999878282376226,-0.707603256277956,-0.31702598434295637,0.383524179487598,-0.05851368614747755,-0.999987819205258,-0.9999878192052585
-0.731505773334696,0.7314801480451847,0.7315181522078947,-0.9325894733627662,-0.42538665449623053,-0.9999896647759388,0.9999899555305907,-0.9999899294636383,-0.9999899294636406,0.13420908600340212,-0.13418137780476927,-0.13422272976158578,0.0697461291672265,0.1980120663189357,-0.19803941548096815,0.19805295156731215,-0.26097219692533574,0.260999284813115,-0.26101277477803564,0.32280005534034245,0.9325902103883109,0.9999223550928548,-0.9999898135644054,0.9999999942260056,0.9999895806183207,-0.9239546969637181,-0.9238369845853562,-0.9999901051671917,0.707406003550286,0.31729380712380817,-0.3832650596259223,0.05823272876891357,0.9999900664092155,0.9999900664092164
-0.731876640608849,0.7318510273744915,0.731889013719213,-0.9327845196466072,-0.42588017677689044,-0.9999879109386476,0.99998818124184,-0.9999881349493632,-0.9999881349493641,0.13475024323980409,-0.13472253690706198,-0.13476388599564426,0.07029104742297072,0.19854719943760585,-0.19857454531159272,0.19858807973226472,-0.26149906797216804,0.2615261514045129,-0.26153963901278343,0.32331646691724053,0.9327852511730547,0.999913602190851,-0.9999876452333022,0.9999895806183207,0.999999991127064,-0.9241611334599048,-0.9236252787647605,-0.9999886229247397,0.7077905636018182,0.31677489365580963,-0.3837688550153905,0.05877807901404102,0.9999882323400876,0.9999882323400882
0.9366770212894586,-0.9366617385560965,-0.9366844465827768,0.9997240314919555,0.7391947288496213,0.9243500932309835,-0.9243360438477358,0.9243218601787775,0.9243218601787787,-0.5030286304232755,0.503004290870063,0.5030405561262369,-0.4459952253129514,-0.557867016853005,0.5578900276125099,-0.5579013887150852,0.6103587187321314,-0.6103806716179759,0.6103915070385623,-0.6602642389504838,-0.9997208682392426,-0.9193884379363066,0.9240596775384751,-0.9239546969637181,-0.9241611334599048,0.9999999936903982,0.7071853933032686,0.9242539496657807,-0.9239558500718384,0.0695528086678669,0.7073986317134731,-0.4356409539833947,-0.9242942957650311,-0.9242942957650324
0.4148047150975579,-0.41477264087003735,-0.4148201666180212,0.7234149488289257,0.04657321752375075,0.9234363304647117,-0.9234509280243995,0.9234650743242327,0.9234650743242343,0.25532535979068155,-0.2553522205699811,-0.25531207395979516,0.3174089096778724,0.19226509072139872,-0.19223756381868898,0.19222391198977584,-0.1284143639391333,0.128386261323185,-0.12837216866666593,0.06406850017379898,-0.7234194768957541,-0.9282777565467029,0.9237264856743923,-0.9238369845853562,-0.9236252787647605,0.7071853933032686,0.9999999977646203,0.9235333614136833,-0.3829873209092384,-0.6561271888463841,0.0005313542906843111,0.32832938300578846,-0.9234929129030663,-0.9234929129030676
0.7320416222770374,-0.7320160143280565,-0.732053992861083,0.9328721361776854,0.4260988722335263,0.9999886865755557,-0.9999889478435724,0.9999888926154681,0.9999888926154692,-0.13498953213555048,0.13496182658417208,0.13500317446978244,-0.0705318979708321,-0.19878392583154392,0.1988112702953431,-0.1988248040011805,0.2617322418395948,-0.26175932334553614,0.26177280993358,-0.3235451157021061,-0.9328728652760144,-0.9999112855670301,0.9999878282376226,-0.9999901051671917,-0.9999886229247397,0.9242539496657807,0.9235333614136833,0.9999999921048078,-0.7079615573098017,-0.31654613200642195,0.38399202377629144,-0.05901910256090357,-0.9999893820409504,-0.9999893820409439
-0.9994053280791784,0.9994027121111277,0.999406670549224,-0.9148265562992328,-0.9405928819966484,-0.7081396647084596,0.7081134116123715,-0.7080872271894298,-0.7080872271894308,0.7953536152692297,-0.7953363458198371,-0.7953620093046208,0.7544231613737148,0.8328878011019055,-0.832902974067204,0.8329104324307673,-0.866928325128671,0.8669418044897569,-0.866948337549528,0.8973220374895364,0.914819973784039,0.699038161492369,-0.707603256277956,0.707406003550286,0.7077905636018182,-0.9239558500718384,-0.3829873209092384,-0.7079615573098017,0.9999999976241675,-0.4458256918549458,-0.9239581640134794,0.7468026512793097,0.7080361530136359,0.7080361530136369
0.4145112197786264,-0.41454016292077855,-0.41449734382708864,0.046368389523411394,0.723284632518792,-0.31630660371890035,0.31634219629241705,-0.3163772954874724,-0.31637729548747245,-0.8971746372935028,0.8971865574363551,0.897168620670819,-0.9238966255070503,-0.8667320366911545,0.8667177583515003,-0.8667106226786065,0.8326693379195049,-0.8326531181227096,0.8326447993589953,-0.7951475944463423,-0.046358624215363936,0.3284330439594943,-0.31702598434295637,0.31729380712380817,0.31677489365580963,0.0695528086678669,-0.6561271888463841,-0.31654613200642195,-0.4458256918549458,1.0000000067687118,0.7543096482943923,-0.9282531221744639,0.31644599624965736,0.3164459962496574
0.9101429391482632,-0.9101533882531315,-0.9101379944058965,0.6907960110234345,0.9989498144282245,0.3842250108237327,-0.3841905462288117,0.3841563428296205,0.38415634282962186,-0.9667291941306224,0.9667216214407724,0.9667327797758679,-0.9481275343442055,-0.9812502181092463,0.9812552454372093,-0.9812576666258522,0.991661889115954,-0.9916648446546497,0.9916660816261821,-0.9979211087677787,-0.6907870102119403,-0.37236769598520936,0.383524179487598,-0.3832650596259223,-0.3837688550153905,0.7073986317134731,0.0005313542906843111,0.38399202377629144,-0.9239581640134794,0.7543096482943923,1.0000000043775303,-0.944399429378481,-0.38408952556741616,-0.3840895255674162
-0.7232910264688239,0.7233114434019071,0.7232812748644043,-0.41462184152705406,-0.9282620158083018,-0.05927108166827084,0.05923372735189293,-0.059196768142352474,-0.059196768142352946,0.9971010357709944,-0.9971027155399214,-0.9971000538477075,0.9999451871220906,0.9900808813197483,-0.9900765782395388,0.9900743760552805,-0.9789192340436059,0.9789127847035688,-0.978909318986806,0.9636721087625432,0.41461185067182094,0.046479154573752235,-0.05851368614747755,0.05823272876891357,0.05877807901404102,-0.4356409539833947,0.32832938300578846,-0.05901910256090357,0.7468026512793097,-0.9282531221744639,-0.944399429378481,1.0000000107878808,0.05912450044582843,0.0591245004458286
-0.7321135821060931,0.7320879764756799,0.7321259515818529,-0.9329102058435327,-0.42619440629478095,-0.9999887576329668,0.9999890149493486,-0.999989365322954,-0.9999889558132081,0.13509415098239042,-0.1350664457801768,-0.1351077931285668,0.07063721710562204,0.19888740683809203,-0.19891475067780381,0.19892828406737492,-0.26183415223696055,0.26186123289311414,-0.2618747190313401,0.323645030439076,0.9329109338796512,0.9999100042190707,-0.999987819205258,0.9999900664092155,0.9999882323400876,-0.9242942957650311,-0.9234929129030663,-0.9999893820409504,0.7080361530136359,0.31644599624965736,-0.38408952556741616,0.05912450044582843,0.99999999217609,0.9999890280861113
-0.732113582106095,0.7320879764756811,0.7321259515818535,-0.9329102058435337,-0.4261944062947812,-0.999988757632968,0.9999890149493492,-0.9999889558132068,-0.9999893653229526,0.13509415098239064,-0.13506644578017715,-0.13510779312856724,0.0706372171056223,0.19888740683809208,-0.19891475067780423,0.19892828406737503,-0.26183415223696066,0.261861232893114,-0.2618747190313404,0.3236450304390766,0.9329109338796512,0.9999100042190697,-0.9999878192052585,0.9999900664092164,0.9999882323400882,-0.9242942957650324,-0.9234929129030676,-0.9999893820409439,0.7080361530136369,0.3164459962496574,-0.3840895255674162,0.0591245004458286,0.9999890280861113,0.99999999217609
