0.9999999991841438,-0.9999991312556823,-0.9999988550325324,0.9999986367206729,0.999999149821094,0.9999982470265247,0.9999984177166767,0.9999984377292469,0.9999979579846536,-0.999998427262304,0.9999990265961517,-0.9999991865905506,-0.9999988292899499,0.9999988177165504,0.9999985793326289,0.9999984577855076,0.9999980607161486,-0.9999984492069446,0.9999984046251932,0.9999980365075637,-0.9999984158759834,0.9999984000864149,-0.9999983784251126,0.9999982108098828,0.9999980224951112,-0.9999981687752887,0.9999982054954474,0.9999982054954476,-0.999998263718419,-0.9999982637184172,0.9999982594395627,-0.999998572209709,0.9999985558700406,-0.9999981232418161,-0.9999982364501543,-0.9999979130206762,0.9999984064131268,-0.9999987139781966,0.9999986676574282,0.9999984764987258,-0.9999987924158108,0.9999987260967221,0.9999994908984049,-0.9999997308016575,-0.9999993012453501,1.0000000091760273,0.9999994753862773,0.9999988897486285,0.9999990121818672,0.9999985175479837,-0.9999988394038802,0.9999987827616533,0.9999985661557124,-0.9999989386700887,0.9999995259500718,-0.9999998621437162,1.000000049865534,0.9999994767511039,0.9999989235720257,-0.999999328865447,0.9999992729803328,0.999997943766431,0.9999976143480948,-0.9999985108805289,-0.9999970463964536,0.9999987953645184,0.9999987953645174,-0.9999985845580626,0.9999984769458563,-0.9999984988495363,0.999998594297931,-0.9999987015718436,-1.0000001054901075,-0.9999997279213064,-0.9999990811518218,-0.9999992889753472,0.9999992032828822,0.9999987836227793,-0.9999990801040131,-0.9999988317612869,0.9999989648207742,-0.999999068474252,-0.9999990684742524,0.9999988589898985,-0.9999988932679892
-0.9999991312556823,0.999999999456944,0.9999989580721701,-0.9999989183185555,-0.9999994314224248,-0.9999984393390923,-0.9999986100326577,-0.9999986300398824,-0.9999981502953833,0.9999986195791944,-0.9999992189123987,0.9999993789116235,0.9999990216009718,-0.9999990100323525,-0.9999987716383627,-0.999998650090782,-0.9999982530162499,0.9999986415132506,-0.9999985969276143,-0.9999982288163328,0.9999986081906106,-0.9999985923984083,0.9999985707274008,-0.9999984031096801,-0.9999982147913814,0.9999983610819808,-0.9999983978026429,-0.9999983978026423,0.9999984560270392,0.9999984560270389,-0.9999984517357436,0.9999987645113518,-0.9999987481700802,0.9999983155414471,0.9999984287509706,0.9999981053138081,-0.9999985987092551,0.9999989062792167,-0.9999988599575238,-0.9999986687953724,0.9999989847171962,-0.9999989183971612,-0.99999968320208,0.9999999231062029,0.9999994935497605,-1.0000002014769034,-0.9999996676910442,-0.999999082048304,-0.9999992044842345,-0.999998709844833,0.999999031705555,-0.9999989750625073,-0.9999987584529562,0.9999991309724894,-0.9999997182297002,1.0000000544295131,-1.0000002421556557,-0.9999996690323861,-0.999999115846308,0.9999995211457114,-0.9999994652601114,-0.9999981360607697,-0.9999978066043095,0.999998703149558,0.999997238643566,-0.999998987637195,-0.9999989876371933,0.9999987768686834,-0.9999986692518967,0.9999986911522719,-0.9999987865987546,0.9999988938718107,1.0000002977853462,0.9999999202176051,0.9999992734516655,0.9999994812790983,-0.9999993955864243,-0.9999989759225328,0.9999992724068429,0.9999990240611782,-0.9999991571225786,0.9999992607506774,0.9999992607506784,-0.9999990512901638,0.9999990855688812
-0.9999988550325324,0.9999989580721701,0.9999999990651322,-0.9999985528163987,-0.9999990659164091,-0.9999982524049653,-0.9999984230937149,-0.9999984431126486,-0.999997874082696,0.9999983433592247,-0.9999989426934174,0.9999991026873148,0.9999987453887121,-0.9999987338171908,-0.9999984954329365,-0.9999983738858215,-0.9999979768271947,0.9999983653163879,-0.9999983207387066,-0.9999979526047982,0.9999983319721406,-0.999998316183094,0.9999982945265775,-0.9999981269122854,-0.9999979385978807,0.9999980848729224,-0.9999981215930495,-0.9999981215930511,0.9999981798158126,0.9999981798158116,-0.9999981755574446,0.999998488326159,-0.9999984719888182,0.9999980393432505,0.9999981525521336,0.9999978291250823,-0.9999983225344048,0.9999986300983055,-0.9999985837787377,-0.9999983926215088,0.9999987085374806,-0.99999864221873,-0.9999994070093685,0.9999996469087781,0.9999992173591857,-0.999999925276715,-0.9999993914965914,-0.9999988058635011,-0.9999989282987011,-0.9999984336706883,0.999998755525366,-0.999998698882396,-0.9999984822761414,0.9999988547891094,-0.9999994420310016,0.9999997782228972,-0.9999999659525218,-0.9999993928216746,-0.9999988396340244,0.9999992449266351,-0.9999991890331229,-0.9999978598703281,-0.9999975303993023,0.9999984269292463,0.9999969624498324,-0.9999987114131633,-0.9999987114131634,0.9999985006633736,-0.9999983930558404,0.9999984149635507,-0.9999985104150225,0.9999986176910406,1.0000000215842453,0.9999996440232088,0.9999989972635043,0.9999992050884975,-0.9999991193983,-0.9999986997432492,0.9999989962213809,0.9999987478823233,-0.9999988809398173,0.999998984524203,0.9999989845242039,-0.999998775110869,0.9999988093882737
0.9999986367206729,-0.9999989183185555,-0.9999985528163987,0.9999999988820899,0.9999989368873057,0.9999980340815857,0.9999982047695675,0.9999982247887853,0.9999977450205503,-0.9999983035880471,0.9999988136311265,-0.9999989736527738,-0.9999986162928675,0.9999986047854874,0.9999983663167488,0.9999982447661264,0.9999978477656931,-0.999998236267117,0.9999981916900841,0.9999978235193862,-0.9999982921773737,0.9999981870913531,-0.9999981653932191,0.999997997769308,0.9999978094512911,-0.9999979557615092,0.9999979924836354,0.9999979924836344,-0.9999980507125253,-0.9999980507125257,0.9999980465053188,-0.9999983592835403,0.999998342952715,-0.9999979102118064,-0.9999980234139756,-0.9999976999655099,0.9999981935010352,-0.9999985010718959,0.9999984547577129,0.9999982636013075,-0.9999985795232527,0.9999985132049405,0.9999992779476792,-0.9999995178235348,-0.9999990883187616,0.9999997961278867,0.9999992624382751,0.9999986768191438,0.999998799268242,0.9999983046522207,-0.9999986265129491,0.9999985698650867,0.9999983532483255,-0.9999987257680576,0.9999993126257855,-0.9999996488280057,0.9999998366426784,0.9999992633418737,0.9999987100614603,-0.9999991153684858,0.9999990594053016,0.9999977307161848,0.999997400611798,-0.9999982971989607,-0.9999968326267009,0.9999985817117478,0.9999985817117473,-0.9999983716301074,0.9999982640204951,-0.9999982859283232,0.9999983813827568,-0.9999984886636104,-0.9999998923571554,-0.99999951487266,-0.9999988682007979,-0.9999990760469223,0.9999989903700855,0.9999985707210167,-0.9999988672017466,-0.9999986188644142,0.9999987519244236,-0.9999988548579227,-0.9999988548579252,0.9999986460957296,-0.9999986803740843
0.999999149821094,-0.9999994314224248,-0.9999990659164091,0.9999989368873057,0.9999999996099159,0.999998547186218,0.9999987178794648,0.9999987378855979,0.9999982581464066,-0.9999987274269327,0.9999993267621904,-0.9999995760346612,-0.9999991294568268,0.9999991178761528,0.9999988794983324,0.999998757951378,0.9999983608649503,-0.9999987493588275,0.9999987047726215,0.9999983366718787,-0.999998716042993,0.9999987002541613,-0.9999986785905015,0.9999985109746254,0.9999983226578324,-0.9999984689419741,0.9999985056621911,0.9999985056621914,-0.9999985638853152,-0.9999985638853142,0.9999985595813361,-0.9999988723543898,0.9999988560116893,-0.9999984234051158,-0.9999985366150507,-0.9999982131825119,0.9999987065505704,-0.9999990141184257,0.9999989677957477,0.9999987766338853,-0.9999990925537815,0.9999990262338911,0.9999997910500749,-1.0000000309592094,-0.9999996013929191,1.000000309343607,0.9999997755384136,0.9999991898930966,0.9999993123252237,0.99999881768307,-0.999999139541873,0.9999990829002194,0.9999988662935109,-0.9999992388109995,0.999999826150789,-1.0000001623478154,1.0000003500563162,0.9999997769687776,0.9999992238026314,-0.9999996290983061,0.9999995732270465,0.9999982439284884,0.9999979146034759,-0.9999988111371184,-0.9999973466500294,0.999999095619307,0.9999990956193079,-0.9999988847123246,0.9999987770952815,-0.9999987989949506,0.9999988944402712,-0.9999990017119681,-1.0000004056686753,-1.0000000280855075,-0.9999993813006551,-0.9999995891230056,0.9999995034273345,0.9999990837614332,-0.9999993802457984,-0.9999991318991425,0.9999992649604666,-0.9999993687257391,-0.9999993687257407,0.9999991591276323,-0.9999991934063158
0.9999982470265247,-0.9999984393390923,-0.9999982524049653,0.9999980340815857,0.999998547186218,0.9999999983293473,0.999997815089847,0.9999978351198199,0.9999973553602408,-0.9999978246291025,0.999998423956949,-0.9999985839563935,-0.9999982266430695,0.9999982151002084,0.9999979766872159,0.9999978551388276,0.9999974581265832,-0.9999978466081983,0.9999978020394075,0.999997433872644,-0.9999978132329215,0.9999977974386032,-0.9999977757778172,0.9999976081633618,0.9999974198556532,-0.9999975661289611,0.9999976028490988,0.999997602849098,-0.999997661072331,-0.9999976610723302,0.9999976568698623,-0.9999979696310717,0.9999979533013701,-0.9999975206028148,-0.9999976338039217,-0.9999973103817684,0.9999978038575932,-0.9999981114136733,0.9999980650997781,0.9999978739512226,-0.9999981898591,0.999998123543263,0.9999988882995462,-0.9999991281830398,-0.9999986986595968,0.9999994065219546,0.9999988727861719,0.9999982871733891,0.9999984096098266,0.999997915001047,-0.9999982368475119,0.9999981802041763,0.9999979636004748,-0.9999983361049232,0.9999989231737801,-0.9999992593569847,0.999999447127382,0.9999988739165674,0.9999983206905192,-0.9999987259772166,0.9999986700435122,0.9999973411276579,0.9999970113675989,-0.9999979079025939,-0.9999964434174751,0.9999981923960729,0.9999981923960718,-0.9999979819565773,0.9999978743573618,-0.9999978962718106,0.9999979917287075,-0.9999980990090892,-0.9999995027963976,-0.9999991252788134,-0.9999984785625183,-0.9999986863904796,0.999998600708367,0.9999981810646392,-0.9999984775379582,-0.9999982292059153,0.9999983622610507,-0.9999984655196796,-0.9999984655196817,0.9999982564353346,-0.9999982907120597
0.9999984177166767,-0.9999986100326577,-0.9999984230937149,0.9999982047695675,0.9999987178794648,0.999997815089847,0.9999999985714533,0.999998005798426,0.9999975260370251,-0.9999980845933351,0.9999985946410797,-0.9999987546480456,-0.999998397319535,0.9999983857854379,0.9999981473560487,0.9999980258070581,0.9999976287919615,-0.9999980172822238,0.9999979727088443,0.9999976045458681,-0.999997983914318,0.999997968116003,-0.9999979464418908,0.9999977788238834,0.9999975905112833,-0.9999977367987121,0.9999977735195946,0.9999977735195936,-0.9999978317448469,-0.9999978317448474,0.9999978275318114,-0.9999981403006103,0.9999981239691836,-0.9999976912631693,-0.9999978044658662,-0.9999974810331086,0.9999979745208296,-0.9999982820837147,0.9999982357687196,0.999998044615919,-0.9999983605303767,0.9999982942130543,0.9999990589696448,-0.9999992988527892,-0.9999988693323272,0.9999995771833565,0.9999990434579188,0.9999984578395613,0.9999985802804939,0.9999980856660482,-0.9999984075191811,0.9999983508741059,0.9999981342651716,-0.9999985067767194,0.9999990937935669,-0.9999994299853112,0.9999996177658288,0.9999990445338152,0.9999984912935113,-0.9999988965887686,0.9999988406503396,0.9999975117806934,0.9999971819369614,-0.9999980784907546,-0.9999966139738626,0.9999983629899282,0.9999983629899278,-0.9999981526358113,0.9999980450313866,-0.99999806694229,0.9999981623974079,-0.9999982696772782,-0.9999996734460213,-0.9999992959340375,-0.9999986492275894,-0.9999988570618626,0.9999987713804929,0.9999983517329956,-0.9999986482098371,-0.999998399874714,0.9999985329320371,-0.9999986361200138,-0.9999986361200147,0.9999984271047023,-0.9999984613821407
0.9999984377292469,-0.9999986300398824,-0.9999984431126486,0.9999982247887853,0.9999987378855979,0.9999978351198199,0.999998005798426,0.9999999985998667,0.9999975460746647,-0.9999980153381783,0.9999986146710726,-0.9999987746601764,-0.999998417371774,0.9999984058074384,0.9999981674249726,0.9999980458781144,0.9999976488581996,-0.9999981266126914,0.9999979927696949,0.9999976245946306,-0.9999980039495848,0.9999979881626958,-0.9999979665237496,0.9999977989138333,0.999997610607606,-0.9999977568612859,0.999997793580682,0.9999977935806823,-0.999997851801306,-0.9999978518013054,0.9999978476072923,-0.9999981603637641,0.9999981440341645,-0.9999977113474663,-0.9999978245520389,-0.9999975011406449,0.9999979945927323,-0.9999983021453681,0.9999982558304739,0.9999980646835617,-0.999998380588438,0.9999983142722664,0.9999990790320264,-0.9999993189194671,-0.9999988893885372,0.9999995972736666,0.9999990635169882,0.999998477904373,0.9999986003382818,0.9999981057326801,-0.9999984275759713,0.9999983709328273,0.9999981543325577,-0.9999985268333467,0.9999991139930693,-0.9999994501708559,0.9999996379199364,0.9999990647493961,0.9999985115459717,-0.9999989168268968,0.9999988609076669,0.9999975318838846,0.9999972022872886,-0.9999980987987473,-0.9999966343528522,0.9999983832813254,0.999998383281327,-0.9999981726705524,0.9999980650782889,-0.9999980869981069,0.9999981824581001,-0.9999982897395925,-0.9999996935679589,-0.9999993160322024,-0.9999986692961556,-0.9999988771184224,0.9999987914344882,0.9999983717949776,-0.9999986682634167,-0.9999984199354467,0.9999985529870681,-0.9999986563938675,-0.9999986563938678,0.9999984471637692,-0.9999984814392484
0.9999979579846536,-0.9999981502953833,-0.999997874082696,0.9999977450205503,0.9999982581464066,0.9999973553602408,0.9999975260370251,0.9999975460746647,0.9999999979193284,-0.9999976248483254,0.999998134884348,-0.9999982949121574,-0.9999979375363585,0.9999979260645816,0.9999976875614217,0.9999975660091123,0.999997169072684,-0.9999975575639052,0.9999975130008916,0.9999971447773738,-0.9999975241473693,0.9999975083343585,-0.9999974866350505,0.9999973190116596,0.9999971307018672,-0.999997277005811,0.9999973137279714,0.9999973137279702,-0.9999973719573194,-0.9999973719573181,0.9999973678335412,-0.999997680601771,0.9999976642820255,-0.9999972314634482,-0.9999973446568273,-0.9999970212161953,0.9999975148449113,-0.9999978224056311,0.9999977760992487,0.9999975849542185,-0.9999979008657462,0.9999978345512404,0.9999985992443288,-0.999998839098075,-0.9999984096297451,0.999999117362659,0.9999985837335185,0.9999979981420569,0.9999981205944111,0.9999976260058633,-0.999997947855944,0.9999978912070888,0.9999976745929475,-0.999998047101513,0.9999986337221338,-0.999998969912673,0.999999157782504,0.9999985843726521,0.9999980310391083,-0.9999984363385356,0.9999983803204684,0.9999970519672227,0.9999967214749991,-0.9999976180663672,-0.9999961534907797,0.9999979025906236,0.9999979025906243,-0.9999976929251674,0.9999975853293384,-0.9999976072485643,0.9999977027120416,-0.9999978099998621,-0.999999213547292,-0.999998836120666,-0.99999818950826,-0.9999983973592625,0.9999983116938753,0.9999978920623169,-0.9999981885348279,-0.9999979402088125,0.9999980732643884,-0.9999981757529481,-0.9999981757529485,0.999997967441119,-0.999998001718104
-0.999998427262304,0.9999986195791944,0.9999983433592247,-0.9999983035880471,-0.9999987274269327,-0.9999978246291025,-0.9999980845933351,-0.9999980153381783,-0.9999976248483254,0.9999999985849843,-0.999998604175958,0.9999987641935346,0.9999984068420373,-0.9999983953305026,-0.9999981568702936,-0.9999980353199573,-0.9999976383235092,0.9999980268199846,-0.9999979822462651,-0.9999976140700295,0.9999979934446,-0.9999979776396091,0.9999979559494984,-0.9999977883276534,-0.9999976000123555,0.9999977463140188,-0.9999977830357528,-0.9999977830357519,0.9999978412635334,0.999997841263533,-0.9999978370664331,0.9999981498403033,-0.9999981335109009,0.9999977007700958,0.9999978139714784,0.9999974905291981,-0.9999979840622094,0.9999982916291918,-0.9999982453158573,-0.999998054162046,0.9999983700802397,-0.9999983037627895,-0.9999990685028517,0.9999993083779781,0.9999988788731958,-0.9999995866852565,-0.9999990529924095,-0.9999984673772976,-0.999998589824451,-0.9999980952127784,0.9999984170696866,-0.9999983604225715,-0.9999981438085264,0.9999985163241635,-0.9999991032005753,0.9999994393978797,-0.9999996272090206,-0.9999990539156327,-0.9999985006408233,0.9999989059431099,-0.9999988499805125,-0.9999975212788735,-0.9999971912063771,0.9999980877830738,0.9999966232286288,-0.9999983722928741,-0.999998372292875,0.9999981621793251,-0.9999980545734911,0.9999980764840741,-0.9999981719401178,0.9999982792216975,0.9999996829192505,0.999999305433597,0.9999986587588032,0.999998866601918,-0.9999987809252155,-0.9999983612792912,0.9999986577574466,0.9999984094225746,-0.9999985424809712,0.9999986454359386,0.9999986454359396,-0.9999984366535701,0.9999984709313945
0.9999990265961517,-0.9999992189123987,-0.9999989426934174,0.9999988136311265,0.9999993267621904,0.999998423956949,0.9999985946410797,0.9999986146710726,0.999998134884348,-0.999998604175958,0.9999999994350947,-0.9999994528058669,-0.9999990954169443,0.9999989946687211,0.9999987561544355,0.9999986346016962,0.9999982376514874,-0.9999986261552614,0.9999985815855449,0.9999982133695078,-0.999998592751435,0.9999985769355068,-0.9999985552236581,0.9999983875962368,0.9999981992784449,-0.9999983455977384,0.9999983823208375,0.9999983823208373,-0.9999984405524284,-0.9999984405524261,0.9999984364072623,-0.9999987491867712,0.9999987328634328,-0.9999983000446925,-0.9999984132427348,-0.9999980897886045,0.9999985834184278,-0.9999988909896917,0.9999988446805808,0.9999986535281994,-0.999998969450123,0.9999989031329227,0.9999996678340359,-0.9999999076911665,-0.999999478220301,1.000000185952812,0.9999996523251845,0.9999990667216406,0.9999991891798068,0.9999986945801037,-0.9999990164406947,0.99999895978946,0.9999987431679709,-0.9999991156876356,0.9999997022860976,-1.0000000384892094,1.000000226361761,0.9999996529438834,0.9999990996009354,-0.9999995049125329,0.9999994488974141,0.9999981205412888,0.9999977900175162,-0.999998686629775,-0.9999972220183441,0.9999989711581125,0.9999989711581133,-0.9999987615208287,0.9999986539180945,-0.9999986758327243,0.9999987712937809,-0.9999988785806327,-1.0000002821312075,-0.9999999047004103,-0.999999258089084,-0.9999994659474282,0.9999993802811793,0.999998960642885,-0.9999992571203807,-0.9999990087895522,0.9999991418479341,-0.9999992443251987,-0.9999992443251995,0.9999990360223142,-0.9999990703001695
-0.9999991865905506,0.9999993789116235,0.9999991026873148,-0.9999989736527738,-0.9999995760346612,-0.9999985839563935,-0.9999987546480456,-0.9999987746601764,-0.9999982949121574,0.9999987641935346,-0.9999994528058669,0.999999999662071,0.9999991662173828,-0.9999992439282424,-0.9999989162569132,-0.9999987947093625,-0.9999983976429598,0.9999987861372789,-0.9999987415549583,-0.9999983734329355,0.999998752804865,-0.9999987370134444,0.9999987153472741,-0.9999985477306212,-0.9999983594137304,0.9999985056989128,-0.9999985424194365,-0.9999985424194362,0.9999986006433675,0.999998600643367,-0.999998596367313,0.9999989091405103,-0.999998892801061,0.9999984601623341,0.9999985733714649,0.9999982499377351,-0.9999987433428936,0.9999990509107144,-0.9999990045900464,-0.9999988134298561,0.9999991293496023,-0.999999063030092,-0.999999827828214,1.000000067729839,0.9999996381772647,-1.0000003460977351,-0.9999998123165506,-0.9999992266778608,-0.9999993491139452,-0.9999988544792942,0.9999991763378651,-0.9999991196946992,-0.9999989030861031,0.9999992756033124,-0.9999998628435433,1.000000199040521,-1.0000003867706568,-0.999999813638998,-0.9999992604492408,0.9999996657464281,-0.999999609855383,-0.9999982806841561,-0.9999979512032418,0.9999988477442086,0.9999973832458943,-0.9999991322312688,-0.9999991322312672,0.9999989214897553,-0.9999988138767381,0.9999988357801917,-0.9999989312288882,0.9999990385033727,1.0000004424036038,1.000000064840662,0.9999994180794565,0.999999625906574,-0.9999995402152463,-0.9999991205549144,0.9999994170369405,0.999999168693899,-0.9999993017538527,0.9999994053449076,0.9999994053449078,-0.9999991959228108,0.9999992302010428
-0.9999988292899499,0.9999990216009718,0.9999987453887121,-0.9999986162928675,-0.9999991294568268,-0.9999982266430695,-0.999998397319535,-0.999998417371774,-0.9999979375363585,0.9999984068420373,-0.9999990954169443,0.9999991662173828,0.9999999991551196,-0.9999987973784716,-0.9999986480005733,-0.9999985264418643,-0.9999980403489106,0.9999984288655255,-0.999998384311016,-0.9999980159798179,0.9999983953754312,-0.9999983795309698,0.9999983577664042,-0.9999981901262893,-0.9999980018057235,0.999998148164937,-0.9999981848911754,-0.9999981848911762,0.9999982431319587,0.9999982431319586,-0.9999982391433149,0.999998551931858,-0.9999985356275107,0.9999981025925255,0.9999982157793441,0.9999978922999264,-0.9999983861971182,0.9999986937741018,-0.9999986474783245,-0.9999984563339734,0.9999987722601505,-0.9999987059452056,-0.9999994705300881,0.9999997103346802,0.9999992809610069,-0.9999999884697833,-0.9999994550245627,-0.9999988694613184,-0.9999989919473885,-0.9999984973886688,0.999998819253305,-0.9999987625918558,-0.9999985459536151,0.9999989184778372,-0.9999995043123036,0.9999998405244139,-1.0000000285653625,-0.9999994548082665,-0.9999989012827051,0.9999993066132408,-0.9999992504519686,-0.9999979230598876,-0.9999975913023562,0.9999984879996812,0.9999970232529602,-0.9999987725761859,-0.9999987725761846,0.9999985642446954,-0.9999984566547385,0.9999984785833332,-0.9999985740596928,0.9999986813616504,1.000000084496597,0.9999997072209541,0.9999990607878638,0.9999992686846529,-0.999999183048301,-0.9999987634368267,0.9999990599083665,0.9999988115926413,-0.9999989446486623,0.999999045806316,0.9999990458063156,-0.9999988388298641,0.9999988731070771
0.9999988177165504,-0.9999990100323525,-0.9999987338171908,0.9999986047854874,0.9999991178761528,0.9999982151002084,0.9999983857854379,0.9999984058074384,0.9999979260645816,-0.9999983953305026,0.9999989946687211,-0.9999992439282424,-0.9999987973784716,0.999999999138843,0.9999985474339373,0.999998425888257,0.9999980288149516,-0.9999984172937417,0.9999983727185648,0.9999980045957478,-0.9999983839529157,0.9999983681716572,-0.9999983465357205,0.9999981789265675,0.999997990617632,-0.9999981368729741,0.9999981735919423,0.9999981735919422,-0.9999982318113827,-0.9999982318113815,0.9999982275438145,-0.9999985403036815,0.9999985239654176,-0.9999980913555366,-0.9999982045641088,-0.9999978811512464,0.9999983745140073,-0.9999986820702949,0.9999986357498888,0.9999984445961562,-0.99999876050494,0.9999986941871742,0.9999994589930749,-0.9999996988998182,-0.9999992693345314,0.9999999772930682,0.9999994434783673,0.9999988578455463,0.9999989802722734,0.9999984856447082,-0.9999988074921333,0.9999987508520447,0.9999985342535184,-0.9999989067587473,0.9999994941535967,-0.9999998303356684,1.0000000180330137,0.9999994449674572,0.9999988918180743,-0.9999992970995116,0.9999992412296006,0.9999979118938292,0.999997582668387,-0.9999984791684418,-0.9999970147386499,0.9999987636403366,0.9999987636403367,-0.9999986419124848,0.999998445029809,-0.9999984669393654,0.999998562390728,-0.9999986696653687,-1.0000000736323025,-0.9999996960454292,-0.9999990492521298,-0.9999992570655443,0.9999991713707284,0.9999987517157771,-0.9999990481912862,-0.9999987998532431,0.9999989329089063,-0.9999990367367034,-0.9999990367367045,0.9999988270806548,-0.9999988613574436
0.9999985793326289,-0.9999987716383627,-0.9999984954329365,0.9999983663167488,0.9999988794983324,0.9999979766872159,0.9999981473560487,0.9999981674249726,0.9999976875614217,-0.9999981568702936,0.9999987561544355,-0.9999989162569132,-0.9999986480005733,0.9999985474339373,0.9999999988004797,0.9999981871352135,0.9999977904077674,-0.9999981789269453,0.9999981343842729,0.999997765980825,-0.9999981453796543,0.9999981295195657,-0.999998197008096,0.9999979400832163,0.9999977517643271,-0.9999978981405485,0.9999979348682951,0.999997934868295,-0.9999979931135851,-0.9999979931135844,0.9999979892276014,-0.9999983020169707,0.9999982857253227,-0.9999978525613636,-0.9999979657395853,-0.999997642250891,0.999998136306985,-0.999998443883151,0.9999983975963006,0.9999982064598175,-0.9999985223843791,0.9999984560717478,0.9999992205848243,-0.9999994603569479,-0.9999990310418571,0.9999997384185028,0.9999992050804853,0.9999986195458306,0.9999987420460249,0.9999982475161274,-0.9999985693789718,0.9999985127122999,0.9999982960671882,-0.9999986685897027,0.9999992539804335,-0.9999995901927524,0.9999997783326435,0.9999992043767844,0.9999986507462916,-0.9999990560831131,0.9999989998334177,0.9999976730144676,0.9999973405372684,-0.9999982372766957,-0.9999967724642602,0.9999985218801528,0.9999985218801526,-0.9999983143122642,0.9999982067329728,-0.999998228671987,0.9999983241586274,-0.9999984314701016,-0.9999998343580166,-0.9999994571760509,-0.9999988108477844,-0.9999990187643468,0.9999989331461037,0.9999985135531261,-0.9999988100192043,-0.9999985617143541,0.9999986947678529,-0.9999987951459003,-0.9999987951459005,0.9999985889540609,-0.9999986232305406
0.9999984577855076,-0.999998650090782,-0.9999983738858215,0.9999982447661264,0.999998757951378,0.9999978551388276,0.9999980258070581,0.9999980458781144,0.9999975660091123,-0.9999980353199573,0.9999986346016962,-0.9999987947093625,-0.9999985264418643,0.999998425888257,0.9999981871352135,0.9999999986280484,0.9999976688597955,-0.9999980573807857,0.9999980128396013,0.9999976444237099,-0.9999980238245308,0.9999980079610618,-0.9999979861642727,0.9999978185167252,0.9999976301971631,-0.9999977765785606,0.9999978133066569,0.9999978133066563,-0.9999978715530548,-0.9999978715530558,0.9999978676836535,-0.9999981804743673,0.9999981641847775,-0.9999978202754828,-0.9999979334527036,-0.9999975206817134,0.9999980147677695,-0.9999983223448692,0.9999982760594881,0.9999980849236271,-0.999998400848948,0.9999983345365349,0.9999990990362334,-0.9999993388024774,-0.9999989094984667,0.999999616849339,0.999999083532387,0.9999984980021118,0.999998620505711,0.9999981259802081,-0.9999984478437934,0.9999983911759371,0.9999981745286458,-0.9999985470519631,0.9999991323548998,-0.9999994685686517,0.9999996567275398,0.9999990827335857,0.9999985290824236,-0.9999989344218024,0.9999988781560104,0.9999975514461691,0.9999972188288113,-0.9999981155783395,-0.9999966507496099,0.9999984001872629,0.9999984001872647,-0.9999981927677858,0.9999980851896002,-0.999998107129927,0.9999982026181218,-0.999998309931203,-0.9999997127713471,-0.9999993356069155,-0.9999986892992971,-0.9999988972204849,0.9999988116056043,0.9999983920156379,-0.9999986884810874,-0.9999984401778765,0.999998573231156,-0.9999986734601513,-0.9999986734601507,0.9999984674180856,-0.9999985016945104
0.9999980607161486,-0.9999982530162499,-0.9999979768271947,0.9999978477656931,0.9999983608649503,0.9999974581265832,0.9999976287919615,0.9999976488581996,0.999997169072684,-0.9999976383235092,0.9999982376514874,-0.9999983976429598,-0.9999980403489106,0.9999980288149516,0.9999977904077674,0.9999976688597955,0.9999999980651613,-0.9999977496531627,0.9999976158297696,0.99999724758219,-0.9999976269251463,0.9999976111354829,-0.999997589507717,0.9999974219007101,0.9999972336035567,-0.9999973798390525,0.9999974165582144,0.9999974165582136,-0.9999974747781744,-0.9999974747781738,0.9999974706917756,-0.9999977834353451,0.9999977671190967,-0.9999973343406918,-0.9999974475381949,-0.9999971241406872,0.9999976176956762,-0.9999979252359722,0.9999978789296055,0.9999976877962075,-0.9999980036886732,0.9999979373763682,0.9999987020768023,-0.9999989419396952,-0.9999985124494629,0.9999992202529491,0.9999986865592838,0.999998100978772,0.9999982234169786,0.9999977288457933,-0.999998050676281,0.9999979940312858,0.9999977774345387,-0.9999981499216738,0.9999987368361952,-0.9999990729988072,0.9999992608038839,0.9999986875205107,0.9999981342625291,-0.9999985395332011,0.9999984835550341,0.9999971548828803,0.999996824898979,-0.9999977214045241,-0.9999962569728146,0.9999980058948706,0.9999980058948721,-0.999997795701147,0.9999976881298338,-0.999997710067046,0.9999978055403449,-0.9999979128314004,-0.9999993165025298,-0.9999989390264666,-0.9999982923528827,-0.9999985001795719,0.9999984145087956,0.999997994893132,-0.9999982913487278,-0.9999980430370508,0.9999981760811074,-0.9999982790213348,-0.999998279021335,0.9999980702659587,-0.9999981045389789
-0.9999984492069446,0.9999986415132506,0.9999983653163879,-0.999998236267117,-0.9999987493588275,-0.9999978466081983,-0.9999980172822238,-0.9999981266126914,-0.9999975575639052,0.9999980268199846,-0.9999986261552614,0.9999987861372789,0.9999984288655255,-0.9999984172937417,-0.9999981789269453,-0.9999980573807857,-0.9999977496531627,0.9999999986161822,-0.999998093565163,-0.9999976360865982,0.9999980154343706,-0.999997999652105,0.9999979780317826,-0.9999978104259925,-0.9999976221233661,0.9999977683580635,-0.9999978050768525,-0.9999978050768517,0.9999978632954513,0.9999978632954502,-0.9999978591354302,0.9999981718848316,-0.9999981555590243,0.9999977228572324,0.999997836062321,0.999997512662478,-0.9999980061239602,0.9999983136706041,-0.9999982673574676,-0.9999980762152696,0.9999983921144527,-0.9999983257993189,-0.999999090546189,0.9999993304299947,0.9999989009040635,-0.9999996087845512,-0.9999990750291128,-0.9999984894252077,-0.9999986118583634,-0.999998117264002,0.999998439101376,-0.9999983824581786,-0.9999981658613397,0.9999985383556376,-0.9999991255178791,0.9999994616874822,-0.9999996494358336,-0.9999990762653265,-0.9999985230641388,0.9999989283379437,-0.999998872413833,-0.9999975434035239,-0.9999972138247113,0.9999981103173033,0.9999966459038876,-0.9999983947941272,-0.999998394794128,0.9999981841677353,-0.9999980765859358,0.9999980985141192,-0.9999981939797565,0.9999983012644943,0.9999997050817856,0.9999993275484678,0.9999986808143374,0.9999988886335365,-0.9999988029516317,-0.9999983833213859,0.99999867978295,0.999998431462163,-0.9999985645092928,0.9999986679022564,0.9999986679022562,-0.9999984586898477,0.9999984929637962
0.9999984046251932,-0.9999985969276143,-0.9999983207387066,0.9999981916900841,0.9999987047726215,0.9999978020394075,0.9999979727088443,0.9999979927696949,0.9999975130008916,-0.9999979822462651,0.9999985815855449,-0.9999987415549583,-0.999998384311016,0.9999983727185648,0.9999981343842729,0.9999980128396013,0.9999976158297696,-0.999998093565163,0.9999999985529869,0.9999975915313001,-0.9999979708687624,0.9999979550943474,-0.9999979334980722,0.9999977658979378,0.9999975776005443,-0.9999977238118447,0.999997760529535,0.9999977605295339,-0.9999978187447901,-0.9999978187447895,0.9999978145963662,-0.9999982166152591,0.9999981110117827,-0.9999976783261054,-0.9999977915316701,-0.9999974681473072,0.9999979615819306,-0.9999982691206722,0.9999982228076346,0.9999980316700933,-0.9999983475618242,0.9999982812476461,0.9999990459978584,-0.9999992858848596,-0.9999988563510367,0.9999995642568174,0.9999990304785278,0.9999984448790523,0.9999985673063292,0.9999980727181538,-0.9999983945479102,0.9999983379063516,0.9999981213163496,-0.9999984938023905,0.9999990810696343,-0.9999994172287163,0.9999996049543769,0.9999990318285851,0.9999984786546677,-0.9999988839175555,0.9999988280072701,0.9999974988853605,0.999997169484286,-0.9999980659467125,-0.9999966015839749,0.9999983504120378,0.9999983504120378,-0.9999981396012364,0.9999980320275142,-0.9999980539614438,0.999998149430058,-0.9999982567156127,-0.999999660577054,-0.9999992830270676,-0.9999986362711749,-0.9999988440811317,0.999998758397221,0.9999983387720839,-0.9999986352280931,-0.9999983869119129,0.9999985199553152,-0.9999986235077262,-0.9999986235077255,0.9999984141384577,-0.9999984484111343
0.9999980365075637,-0.9999982288163328,-0.9999979526047982,0.9999978235193862,0.9999983366718787,0.999997433872644,0.9999976045458681,0.9999976245946306,0.9999971447773738,-0.9999976140700295,0.9999982133695078,-0.9999983734329355,-0.9999980159798179,0.9999980045957478,0.999997765980825,0.9999976444237099,0.99999724758219,-0.9999976360865982,0.9999975915313001,0.9999999980306361,-0.9999976918943293,0.9999975867795503,-0.9999975650336868,0.9999973973991226,0.9999972090855835,-0.9999973554268615,0.999997392151638,0.9999973921516374,-0.9999974503886789,-0.9999974503886778,0.9999974463669209,-0.9999977591450492,0.9999977428377886,-0.9999973098648648,-0.9999974230499135,-0.9999970995856462,0.999997593408685,-0.9999979009764148,0.9999978546791383,0.9999976635378908,-0.9999979794552288,0.9999979131419091,0.9999986777547508,-0.9999989175712435,-0.9999984881725204,0.999999195742196,0.9999986622471873,0.9999980766814802,0.9999981991550109,0.9999977045917985,-0.9999980264476251,0.9999979697911816,0.999997753162996,-0.9999981256779439,0.999998711732464,-0.9999990479333181,0.999999235928148,0.9999986622668785,0.9999981087968177,-0.9999985141135006,0.9999984579891725,0.9999971303429652,0.9999967989304399,-0.9999976955929606,-0.9999962309031942,0.9999979801553112,0.9999979801553117,-0.999997771462292,0.9999976638716704,-0.9999976857978932,0.9999977812704821,-0.9999978885682367,-0.9999992918135263,-0.9999989145003498,-0.9999982680186639,-0.9999984758995806,0.9999983902554346,0.9999979706396961,-0.9999982671107622,-0.9999980187928676,0.999998151848589,-0.9999982533662396,-0.999998253366241,0.999998046028754,-0.9999980803059034
-0.9999984158759834,0.9999986081906106,0.9999983319721406,-0.9999982921773737,-0.999998716042993,-0.9999978132329215,-0.999997983914318,-0.9999980039495848,-0.9999975241473693,0.9999979934446,-0.999998592751435,0.999998752804865,0.9999983953754312,-0.9999983839529157,-0.9999981453796543,-0.9999980238245308,-0.9999976269251463,0.9999980154343706,-0.9999979708687624,-0.9999976918943293,0.9999999985687784,-0.9999980554537035,0.9999979444380348,-0.9999977768050535,-0.9999975884863391,0.9999977348252447,-0.999997771549573,-0.9999977715495733,0.9999978297850407,0.9999978297850393,-0.9999978256924866,0.9999981384758316,-0.9999981221592529,0.9999976892618364,0.9999978024545297,0.9999974789888624,-0.9999979727191138,0.9999982802926686,-0.9999982339886919,-0.999998042839125,0.9999983587626784,-0.9999982924465409,-0.9999990571045304,0.9999992969416452,0.9999988675077938,-0.9999995751538832,-0.9999990415973565,-0.9999984560090956,-0.9999985784774302,-0.9999980838921307,0.9999984057543216,-0.9999983490995932,-0.9999981324716885,0.9999985049932257,-0.9999990912954184,0.9999994275025703,-0.9999996154404927,-0.9999990418922383,-0.9999984884793526,0.9999988937985551,-0.9999988377279491,-0.9999975097448489,-0.9999971787390302,0.9999980753869226,0.9999966107183204,-0.9999983599351697,-0.9999983599351678,0.999998150808176,-0.9999980432079221,0.9999980651257875,-0.9999981605911602,0.9999982678828505,0.9999996712729965,0.9999992939028992,0.9999986473609996,0.9999988552341142,-0.9999987695790475,-0.9999983499495804,0.999998646425995,0.9999983980996286,-0.9999985311580322,0.9999986331273311,0.9999986331273321,-0.9999984253342323,0.9999984596121803
0.9999984000864149,-0.9999985923984083,-0.999998316183094,0.9999981870913531,0.9999987002541613,0.9999977974386032,0.999997968116003,0.9999979881626958,0.9999975083343585,-0.9999979776396091,0.9999985769355068,-0.9999987370134444,-0.9999983795309698,0.9999983681716572,0.9999981295195657,0.9999980079610618,0.9999976111354829,-0.999997999652105,0.9999979550943474,0.9999975867795503,-0.9999980554537035,0.9999999985463157,-0.9999979285641036,0.9999977609239188,0.9999975726036151,-0.9999977189653552,0.9999977556914468,0.9999977556914469,-0.9999979032108626,-0.9999979032108615,0.9999978099232767,-0.9999981227118855,0.9999981064054952,-0.9999976733907054,-0.9999977865770917,-0.9999974630970849,0.9999979569730566,-0.9999982645500002,0.9999982182532401,0.9999980271078674,-0.9999983430339952,0.9999982767190605,0.9999990413145409,-0.9999992811231524,-0.9999988517420213,0.9999995592663529,0.9999990258092596,0.9999984402425116,0.9999985627260373,0.9999980681624525,-0.9999983900271162,0.9999983333668512,0.9999981167296789,-0.9999984892540078,0.999999075138958,-0.99999941135138,0.9999995993814946,0.9999990256475749,0.999998472134639,-0.9999988774644779,0.9999988213140455,0.999997493857182,0.9999971621756709,-0.9999980588711668,-0.9999965941267798,0.9999983434461678,0.9999983434461678,-0.9999981350340694,0.9999980274402385,-0.9999980493652835,0.9999981448387159,-0.9999982521384913,-0.9999996553025552,-0.9999992780171464,-0.999998631572319,-0.999998839466534,0.9999987538276699,0.9999983342122122,-0.9999986306858477,-0.9999983823672552,0.9999985154246687,-0.9999986166731251,-0.999998616673125,0.9999984096043497,-0.9999984438820485
-0.9999983784251126,0.9999985707274008,0.9999982945265775,-0.9999981653932191,-0.9999986785905015,-0.9999977757778172,-0.9999979464418908,-0.9999979665237496,-0.9999974866350505,0.9999979559494984,-0.9999985552236581,0.9999987153472741,0.9999983577664042,-0.9999983465357205,-0.999998197008096,-0.9999979861642727,-0.999997589507717,0.9999979780317826,-0.9999979334980722,-0.9999975650336868,0.9999979444380348,-0.9999979285641036,0.9999999985154063,-0.9999978283766806,-0.9999976400571744,0.9999976971720799,-0.9999977339012747,-0.9999977339012744,0.9999977921508841,0.9999977921508837,-0.9999977883484658,0.9999981011409824,-0.999998084859574,0.9999976515849308,0.9999977647572991,0.9999974412576575,-0.9999979354496893,0.9999982430274665,-0.9999981967477596,-0.9999980056162141,0.999998321541684,-0.999998255230515,-0.9999990196828079,0.9999992594277699,0.9999988301625425,-0.9999995374253714,-0.9999990041798515,-0.9999984186672931,-0.9999985411812036,-0.9999980466738584,0.9999983685374753,-0.9999983118658362,-0.9999980952130061,0.9999984677364554,-0.9999990527420172,0.9999993889572977,-0.9999995771820794,-0.9999990030554153,-0.9999984493334736,0.9999988546784316,-0.9999987983543099,-0.999997472024605,-0.9999971389271748,0.999998035706398,0.9999965708309771,-0.9999983203333652,-0.9999983203333651,0.9999981134227003,-0.999998005851248,0.9999980277983538,-0.999998123293376,0.9999982306128278,0.9999996332888,0.9999992561858881,0.9999986099481324,0.9999988178834085,-0.9999987322805333,-0.9999983127025273,0.9999986091645678,0.9999983608683876,-0.9999984939200711,0.9999985936302105,0.999998593630211,-0.9999983881102535,0.9999984223862072
0.9999982108098828,-0.9999984031096801,-0.9999981269122854,0.999997997769308,0.9999985109746254,0.9999976081633618,0.9999977788238834,0.9999977989138333,0.9999973190116596,-0.9999977883276534,0.9999983875962368,-0.9999985477306212,-0.9999981901262893,0.9999981789265675,0.9999979400832163,0.9999978185167252,0.9999974219007101,-0.9999978104259925,0.9999977658979378,0.9999973973991226,-0.9999977768050535,0.9999977609239188,-0.9999978283766806,0.9999999982775977,0.999997383124538,-0.9999975295258907,0.99999756625577,0.9999975662557701,-0.9999976245074432,-0.9999976245074427,0.9999976207536309,-0.9999979335465681,0.9999979172711064,-0.9999974839357424,-0.9999976863831529,-0.9999973628791834,0.9999977678668864,-0.9999980754443365,0.9999980291687619,0.9999978380408756,-0.9999981539656515,0.9999980876554975,0.9999988520736048,-0.9999990918033329,-0.9999986625657635,0.9999993697663683,0.9999988365712451,0.9999982510721745,0.9999983735928402,0.9999978790992325,-0.9999982009620662,0.9999981442878763,0.9999979276317639,-0.9999983001544523,0.9999988849517902,-0.9999992211672251,0.9999994094381313,0.9999988352187068,0.9999982814477896,-0.9999986867957713,0.9999986304304361,0.999997304368959,0.9999969709355856,-0.9999978677341547,-0.9999964028285202,0.9999981523734676,0.9999981523734699,-0.999997945819374,0.9999978382531074,-0.9999978602052552,0.9999979557052117,-0.9999980630291864,-0.9999994655888479,-0.9999990885297393,-0.999998442341331,-0.9999986502859414,0.9999985646916147,0.9999981451225883,-0.9999984415818416,-0.9999981932909788,0.9999983263413298,-0.9999984256867965,-0.9999984256867982,0.9999982205339774,-0.9999982548095326
