1.0000000000698435,-1.000000059764179,1.000000011226179,1.0000000433967458,-1.0000000976790477,1.000000058630879,-1.0000000112261733,-1.0000000433967329,-0.9999999754718556,0.9999999766095982,-0.9999999766096023,-1.0000000185012556,0.9999999754718405,1.0000000185012512,1.0000000494092165,-1.000000087502041,1.0000000494092223,1.000000104286883,-1.000000049409217,1.0000000875020292,-1.000000049409215,-1.0000001042868807,-1.0000000281309716,1.0000000281309573,-1.0000000875020418,1.0000000875020336
-1.000000059764179,1.0000000000139935,-0.9999999732764576,-1.0000000054866895,1.0000000586308868,-1.0000000195704735,0.9999999721431717,1.000000004353397,0.9999999363632405,-0.9999999374727266,0.9999999374727317,0.9999999793442772,-0.9999999363632249,-0.9999999793442744,-1.0000000102471591,1.0000000483362084,-1.000000010247166,-1.000000065119642,1.0000000102471611,-1.0000000483361968,1.0000000102471582,1.0000000651196397,0.9999999891011522,-0.9999999891011357,1.0000000483362077,-1.0000000483361988
1.000000011226179,-0.9999999732764576,0.9999999999461272,0.9999999569647268,-1.000000011226172,0.9999999721431596,-0.9999999246566827,-0.9999999569647197,-0.9999998899457424,0.9999998898558353,-0.99999988985584,-0.9999999316759935,0.9999998888124481,0.9999999316759904,0.9999999625618142,-1.0000000006405607,0.9999999625618202,1.0000000174204444,-0.9999999625618172,1.000000000640551,-0.9999999625618161,-1.000000017420443,-0.9999999417397822,0.9999999417397697,-1.0000000006405603,1.0000000006405527
1.0000000433967458,-1.0000000054866895,0.9999999569647268,0.9999999999922129,-1.0000000433967347,1.0000000043533879,-0.9999999569647211,-0.9999999891096777,-0.9999999212272799,0.9999999223815228,-0.9999999223815261,-0.9999999642864522,0.9999999212272648,0.9999999642864472,0.999999995199313,-1.000000033294746,0.99999999519932,1.000000050080437,-0.999999995199314,1.0000000332947334,-0.9999999951993122,-1.0000000500804342,-0.9999999749708889,0.9999999738375863,-1.000000033294746,1.0000000332947354
-1.0000000976790477,1.0000000586308868,-1.000000011226172,-1.0000000433967347,1.0000000000698435,-1.0000000597641756,1.0000000112261835,1.000000043396747,0.9999999754718535,-0.9999999766095966,0.9999999766096069,1.000000018501253,-0.9999999754718466,-1.0000000185012574,-1.0000000494092112,1.0000000875020374,-1.000000049409218,-1.0000001042868782,1.0000000494092243,-1.0000000875020374,1.0000000494092227,1.0000001042868878,1.000000028130961,-1.000000028130973,1.000000087502038,-1.000000087502041
1.000000058630879,-1.0000000195704735,0.9999999721431596,1.0000000043533879,-1.0000000597641756,1.0000000000139935,-0.9999999732764556,-1.0000000054866836,-0.9999999363632276,0.9999999374727174,-0.9999999374727258,-0.9999999793442663,0.999999936363223,0.9999999793442713,1.0000000102471465,-1.0000000483361933,1.000000010247152,1.0000000651196272,-1.0000000102471591,1.0000000483361933,-1.000000010247158,-1.0000000651196388,-0.9999999891011302,0.9999999891011409,-1.000000048336194,1.0000000483361962
-1.0000000112261733,0.9999999721431717,-0.9999999246566827,-0.9999999569647211,1.0000000112261835,-0.9999999732764556,0.9999999999461272,0.9999999569647305,0.9999998888124623,-0.9999998898558372,0.9999998898558451,0.9999999316759937,-0.9999998899457374,-0.9999999316759955,-0.9999999625618147,1.0000000006405596,-0.9999999625618202,-1.000000017420444,0.999999962561825,-1.0000000006405565,0.9999999625618223,1.0000000174204524,0.9999999417397747,-0.9999999417397828,1.000000000640559,-1.0000000006405598
-1.0000000433967329,1.000000004353397,-0.9999999569647197,-0.9999999891096777,1.000000043396747,-1.0000000054866836,0.9999999569647305,0.9999999999922129,0.999999921227275,-0.9999999223815207,0.999999922381529,0.9999999642864483,-0.999999921227271,-0.9999999642864519,-0.9999999951993082,1.00000003329474,-0.999999995199314,-1.000000050080431,0.9999999951993214,-1.0000000332947394,0.9999999951993195,1.0000000500804438,0.9999999738375894,-0.9999999749708844,1.0000000332947405,-1.0000000332947443
-0.9999999754718556,0.9999999363632405,-0.9999998899457424,-0.9999999212272799,0.9999999754718535,-0.9999999363632276,0.9999998888124623,0.999999921227275,0.9999999998948181,-0.9999998550026301,0.999999853869353,0.9999998956340809,-0.9999998528982672,-0.9999998956340781,-0.9999999265020494,0.9999999645699336,-0.9999999265020552,-0.9999999813460587,0.9999999265020554,-0.999999964569926,0.9999999265020526,0.9999999813460607,0.999999906032881,-0.9999999060328731,0.9999999645699336,-0.9999999645699287
0.9999999766095982,-0.9999999374727266,0.9999998898558353,0.9999999223815228,-0.9999999766095966,0.9999999374727174,-0.9999998898558372,-0.9999999223815207,-0.9999998550026301,0.999999999896153,-0.999999855898196,-0.9999998976062711,0.9999998538693342,0.9999998964729866,0.9999999273236381,-0.9999999653807431,0.9999999273236445,0.9999999821530932,-0.9999999273236458,0.9999999653807362,-0.999999927323643,-0.9999999821530963,-0.9999999072201333,0.9999999072201281,-0.9999999653807422,0.99999996538074
-0.9999999766096023,0.9999999374727317,-0.99999988985584,-0.9999999223815261,0.9999999766096069,-0.9999999374727258,0.9999998898558451,0.999999922381529,0.999999853869353,-0.999999855898196,0.999999999896153,0.9999998964729921,-0.9999998550026249,-0.9999998976062792,-0.9999999273236458,0.9999999653807499,-0.9999999273236507,-0.9999999821530986,0.9999999273236511,-0.999999965380743,0.9999999273236496,0.9999999821531022,0.9999999072201362,-0.9999999072201363,0.9999999653807491,-0.9999999653807469
-1.0000000185012556,0.9999999793442772,-0.9999999316759935,-0.9999999642864522,1.000000018501253,-0.9999999793442663,0.9999999316759937,0.9999999642864483,0.9999998956340809,-0.9999998976062711,0.9999998964729921,0.999999999955767,-0.9999998956340694,-0.9999999381379393,-0.9999999701079828,1.0000000070236914,-0.9999999701079898,-1.000000023793271,0.9999999689747079,-1.000000007023688,0.9999999689747062,1.0000000237932765,0.9999999491490779,-0.99999994914907,1.0000000070236914,-1.0000000070236916
0.9999999754718405,-0.9999999363632249,0.9999998888124481,0.9999999212272648,-0.9999999754718466,0.999999936363223,-0.9999998899457374,-0.999999921227271,-0.9999998528982672,0.9999998538693342,-0.9999998550026249,-0.9999998956340694,0.9999999998948181,0.9999998956340684,0.9999999265020385,-0.9999999645699227,0.9999999265020435,0.9999999813460468,-0.9999999265020456,0.9999999645699177,-0.9999999265020447,-0.9999999813460516,-0.999999906032865,0.9999999060328684,-0.9999999645699227,0.9999999645699198
1.0000000185012512,-0.9999999793442744,0.9999999316759904,0.9999999642864472,-1.0000000185012574,0.9999999793442713,-0.9999999316759955,-0.9999999642864519,-0.9999998956340781,0.9999998964729866,-0.9999998976062792,-0.9999999381379393,0.9999998956340684,0.999999999955767,0.999999968974701,-1.0000000070236945,0.9999999689747068,1.0000000237932742,-0.9999999701079875,1.0000000070236854,-0.9999999701079885,-1.0000000237932758,-0.9999999491490726,0.9999999491490762,-1.000000007023694,1.0000000070236879
1.0000000494092165,-1.0000000102471591,0.9999999625618142,0.999999995199313,-1.0000000494092112,1.0000000102471465,-0.9999999625618147,-0.9999999951993082,-0.9999999265020494,0.9999999273236381,-0.9999999273236458,-0.9999999701079828,0.9999999265020385,0.999999968974701,0.9999999999998616,-1.0000000389859396,0.9999999998063204,1.0000000546213865,-0.999999999806326,1.000000037852656,-0.9999999998063238,-1.0000000546213925,-0.9999999800685269,0.9999999800685163,-1.0000000378526577,1.0000000378526581
-1.000000087502041,1.0000000483362084,-1.0000000006405607,-1.000000033294746,1.0000000875020374,-1.0000000483361933,1.0000000006405596,1.00000003329474,0.9999999645699336,-0.9999999653807431,0.9999999653807499,1.0000000070236914,-0.9999999645699227,-1.0000000070236945,-1.0000000389859396,1.000000000054269,-1.0000000378526643,-1.0000000937991795,1.0000000378526692,-1.0000000758976177,1.0000000378526657,1.000000092665904,1.0000000181685305,-1.0000000181685207,1.0000000758976213,-1.0000000758976213
1.0000000494092223,-1.000000010247166,0.9999999625618202,0.99999999519932,-1.000000049409218,1.000000010247152,-0.9999999625618202,-0.999999995199314,-0.9999999265020552,0.9999999273236445,-0.9999999273236507,-0.9999999701079898,0.9999999265020435,0.9999999689747068,0.9999999998063204,-1.0000000378526643,0.9999999999998616,1.0000000546213925,-0.9999999998063318,1.0000000378526608,-0.9999999998063293,-1.0000000546213985,-0.9999999800685324,0.9999999800685218,-1.0000000389859434,1.000000037852666
1.000000104286883,-1.000000065119642,1.0000000174204444,1.000000050080437,-1.0000001042868782,1.0000000651196272,-1.000000017420444,-1.000000050080431,-0.9999999813460587,0.9999999821530932,-0.9999999821530986,-1.000000023793271,0.9999999813460468,1.0000000237932742,1.0000000546213865,-1.0000000937991795,1.0000000546213925,1.0000000000782483,-1.000000054621397,1.0000000926658938,-1.0000000546213952,-1.0000001094340294,-1.000000034955888,1.0000000349558777,-1.0000000937991809,1.0000000926658976
-1.000000049409217,1.0000000102471611,-0.9999999625618172,-0.999999995199314,1.0000000494092243,-1.0000000102471591,0.999999962561825,0.9999999951993214,0.9999999265020554,-0.9999999273236458,0.9999999273236511,0.9999999689747079,-0.9999999265020456,-0.9999999701079875,-0.999999999806326,1.0000000378526692,-0.9999999998063318,-1.000000054621397,0.9999999999998616,-1.0000000389859423,0.9999999998063269,1.000000054621396,0.9999999800685255,-0.9999999800685302,1.000000037852668,-1.0000000378526621
1.0000000875020292,-1.0000000483361968,1.000000000640551,1.0000000332947334,-1.0000000875020374,1.0000000483361933,-1.0000000006405565,-1.0000000332947394,-0.999999964569926,0.9999999653807362,-0.999999965380743,-1.000000007023688,0.9999999645699177,1.0000000070236854,1.000000037852656,-1.0000000758976177,1.0000000378526608,1.0000000926658938,-1.0000000389859423,1.000000000054269,-1.0000000378526563,-1.0000000937991753,-1.0000000181685165,1.0000000181685218,-1.0000000758976177,1.0000000758976115
-1.000000049409215,1.0000000102471582,-0.9999999625618161,-0.9999999951993122,1.0000000494092227,-1.000000010247158,0.9999999625618223,0.9999999951993195,0.9999999265020526,-0.999999927323643,0.9999999273236496,0.9999999689747062,-0.9999999265020447,-0.9999999701079885,-0.9999999998063238,1.0000000378526657,-0.9999999998063293,-1.0000000546213952,0.9999999998063269,-1.0000000378526563,0.9999999999998616,1.000000054621394,0.999999980068524,-0.9999999800685283,1.000000037852666,-1.0000000389859418
-1.0000001042868807,1.0000000651196397,-1.000000017420443,-1.0000000500804342,1.0000001042868878,-1.0000000651196388,1.0000000174204524,1.0000000500804438,0.9999999813460607,-0.9999999821530963,0.9999999821531022,1.0000000237932765,-0.9999999813460516,-1.0000000237932758,-1.0000000546213925,1.000000092665904,-1.0000000546213985,-1.0000001094340294,1.000000054621396,-1.0000000937991753,1.000000054621394,1.0000000000782483,1.0000000349558846,-1.000000034955889,1.0000000926659027,-1.000000093799182
-1.0000000281309716,0.9999999891011522,-0.9999999417397822,-0.9999999749708889,1.000000028130961,-0.9999999891011302,0.9999999417397747,0.9999999738375894,0.999999906032881,-0.9999999072201333,0.9999999072201362,0.9999999491490779,-0.999999906032865,-0.9999999491490726,-0.9999999800685269,1.0000000181685305,-0.9999999800685324,-1.000000034955888,0.9999999800685255,-1.0000000181685165,0.999999980068524,1.0000000349558846,0.9999999999703619,-0.999999958550241,1.0000000181685307,-1.0000000181685191
1.0000000281309573,-0.9999999891011357,0.9999999417397697,0.9999999738375863,-1.000000028130973,0.9999999891011409,-0.9999999417397828,-0.9999999749708844,-0.9999999060328731,0.9999999072201281,-0.9999999072201363,-0.99999994914907,0.9999999060328684,0.9999999491490762,0.9999999800685163,-1.0000000181685207,0.9999999800685218,1.0000000349558777,-0.9999999800685302,1.0000000181685218,-0.9999999800685283,-1.000000034955889,-0.999999958550241,0.9999999999703619,-1.00000001816852,1.000000018168526
-1.0000000875020418,1.0000000483362077,-1.0000000006405603,-1.000000033294746,1.000000087502038,-1.000000048336194,1.000000000640559,1.0000000332947405,0.9999999645699336,-0.9999999653807422,0.9999999653807491,1.0000000070236914,-0.9999999645699227,-1.000000007023694,-1.0000000378526577,1.0000000758976213,-1.0000000389859434,-1.0000000937991809,1.000000037852668,-1.0000000758976177,1.000000037852666,1.0000000926659027,1.0000000181685307,-1.00000001816852,1.000000000054269,-1.0000000758976206
1.0000000875020336,-1.0000000483361988,1.0000000006405527,1.0000000332947354,-1.000000087502041,1.0000000483361962,-1.0000000006405598,-1.0000000332947443,-0.9999999645699287,0.99999996538074,-0.9999999653807469,-1.0000000070236916,0.9999999645699198,1.0000000070236879,1.0000000378526581,-1.0000000758976213,1.000000037852666,1.0000000926658976,-1.0000000378526621,1.0000000758976115,-1.0000000389859418,-1.000000093799182,-1.0000000181685191,1.000000018168526,-1.0000000758976206,1.000000000054269
