0.9999999922974658,-0.9999910453788748,0.9999905663364986,0.9999923765535953,-0.9999986415413232,0.9999978677244256,0.9999982999773103,-0.9999968248384821,-0.9999968248384851,-0.9999971572554184,0.9999950575777591,-0.9999954220368862,-0.9999936118191738,0.999994725561081,0.9999923765535971,0.9999851975824972,-0.9999891533908484,-0.9999906945072745,0.9999892378726188,0.9999962750143068,0.99999627501431,-0.9999955020588291,-0.9999955020588316,0.9999952356059405
-0.9999910453788748,0.9999999943811633,-0.9999923727054219,-0.9999941818672661,1.000000093807696,-0.9999993175266378,-0.9999997545203094,0.9999982746607555,0.9999982746607591,0.9999986136384472,-0.999996509368004,0.9999968725539319,0.9999950646676875,-0.9999961741382496,-0.9999938309956591,-0.9999866482613684,0.9999906032046707,0.9999921492426677,-0.9999906945072745,-0.9999977332351143,-0.999997733235117,0.9999969611240963,0.9999969611240986,-0.9999966949662635
0.9999905663364986,-0.9999923727054219,0.9999999941985712,0.9999937035261782,-0.9999999666508596,0.9999991911323397,0.9999996267835303,-0.999998148156136,-0.9999981481561402,-0.9999984855531567,0.9999963824891682,-0.9999967459515229,-0.9999949377021772,0.9999960482173197,0.9999937035261791,0.999986521368683,-0.9999904767080733,-0.9999923727054225,0.9999905663365036,0.9999976045424982,0.9999976045425018,-0.9999968321988302,-0.9999968321988332,0.9999965659634054
0.9999923765535953,-0.9999941818672661,0.9999937035261782,0.9999999967885659,-1.0000017778096641,1.0000010008619469,1.0000014389497986,-0.9999999577356941,-0.9999999577356973,-1.0000002983072491,0.999998191854368,-0.9999985552305634,-0.999997097578885,0.9999978568405935,0.999995512906094,0.9999883310527262,-0.9999922858195395,-0.9999938309956626,0.9999923765535991,0.9999994181533575,0.9999994181533607,-0.9999986461890962,-0.9999986461890997,0.9999983800656073
-0.9999986415413232,1.000000093807696,-0.9999999666508596,-1.0000017778096641,1.0000000057790346,-1.0000076393032251,-1.000008094380031,1.0000062422160305,1.0000062422160318,1.0000066091702189,-1.0000044633166965,1.000004831269255,1.0000030126788217,-1.000004136131953,-1.0000017778096646,-0.9999946129091664,0.9999985662096679,1.0000000938076996,-0.9999986415413276,-1.0000057333837307,-1.0000057333837349,1.0000049637361628,1.000004963736165,-1.000004698352657
0.9999978677244256,-0.9999993175266378,0.9999991911323397,1.0000010008619469,-1.0000076393032251,1.0000000046526736,1.0000069585401872,-1.000005805967014,-1.0000058059670136,-1.000005824815495,1.000003682027631,-1.0000040471230078,-1.0000022335819176,1.000003348249766,1.0000010008619482,0.999993827037572,-0.9999977792909749,-0.999999317526642,0.9999978677244307,1.00000495048295,1.0000049504829545,-1.0000041814475884,-1.000004181447591,1.000003916253564
0.9999982999773103,-0.9999997545203094,0.9999996267835303,1.0000014389497986,-1.000008094380031,1.0000069585401872,1.0000000053048044,-1.000005911804828,-1.000005911804832,-1.0000066284850369,1.00000412776669,-1.0000044981751524,-1.0000026755317053,1.0000038064429844,1.0000014389497978,0.999994281483677,-0.999998235797907,-0.9999997545203128,0.999998299977316,1.0000054007453387,1.0000054007453412,-1.0000046306807961,-1.0000046306808001,1.0000043651883217
-0.9999968248384821,0.9999982746607555,-0.999998148156136,-0.9999999577356941,1.0000062422160305,-1.000005805967014,-1.000005911804828,1.000000003155943,1.0000044095287357,1.000004777623621,-1.0000026381799891,1.000003002580175,1.0000011903385915,-1.0000026539966675,-0.9999999577356963,-0.9999927814479006,0.9999967337860158,0.9999982746607596,-0.9999968248384868,-1.000003902980068,-1.0000039029800718,1.0000031338179474,1.0000031338179511,-1.0000028685709108
-0.9999968248384851,0.9999982746607591,-0.9999981481561402,-0.9999999577356973,1.0000062422160318,-1.0000058059670136,-1.000005911804832,1.0000044095287357,1.000000003155943,1.000004777623623,-1.0000026381799922,1.000003002580178,1.0000011903385952,-1.0000026539966735,-0.9999999577356986,-0.9999927814479029,0.9999967337860184,0.9999982746607629,-0.99999682483849,-1.000003902980071,-1.0000039029800745,1.0000031338179507,1.0000031338179551,-1.0000028685709137
-0.9999971572554184,0.9999986136384472,-0.9999984855531567,-1.0000002983072491,1.0000066091702189,-1.000005824815495,-1.0000066284850369,1.000004777623621,1.000004777623623,1.0000000036815417,-1.0000029893533664,1.0000033617131145,1.0000015360729546,-1.000002672789585,-1.0000002983072505,-0.999993146600177,0.9999971017588123,0.9999986136384516,-0.999997157255423,-1.0000046172503645,-1.0000046172503623,1.0000034961134974,1.000003496113501,-1.0000032305933544
0.9999950575777591,-0.999996509368004,0.9999963824891682,0.999998191854368,-1.0000044633166965,1.000003682027631,1.00000412776669,-1.0000026381799891,-1.0000026381799922,-1.0000029893533664,1.0000000006233936,-1.000001585248326,-0.9999997756539294,1.0000005346392902,0.9999981918543696,0.9999910113632227,-0.9999949647184159,-0.9999965093680079,0.9999950575777636,1.0000021116927864,1.000002111692791,-1.000001340903346,-1.000001340903349,1.000001075134543
-0.9999954220368862,0.9999968725539319,-0.9999967459515229,-0.9999985552305634,1.000004831269255,-1.0000040471230078,-1.0000044981751524,1.000003002580175,1.000003002580178,1.0000033617131145,-1.000001585248326,1.0000000011435617,0.9999997877091635,-1.0000012484853147,-0.999998555230565,-0.9999913753539181,0.9999953280829837,0.9999968725539354,-0.9999954220368901,-1.0000024856207739,-1.0000024856207765,1.0000017156483136,1.0000017156483176,-1.0000014501379653
-0.9999936118191738,0.9999950646676875,-0.9999949377021772,-0.999997097578885,1.0000030126788217,-1.0000022335819176,-1.0000026755317053,1.0000011903385915,1.0000011903385952,1.0000015360729546,-0.9999997756539294,0.9999997877091635,0.9999999985540166,-0.9999990881118626,-0.9999970975788853,-0.9999895640491413,0.9999935180030872,0.9999950646676922,-0.9999936118191781,-1.000000657346341,-1.0000006573463434,0.9999998860165927,0.9999998860165963,-0.9999996200972175
0.999994725561081,-0.9999961741382496,0.9999960482173197,0.9999978568405935,-1.000004136131953,1.000003348249766,1.0000038064429844,-1.0000026539966675,-1.0000026539966735,-1.000002672789585,1.0000005346392902,-1.0000012484853147,-0.9999990881118626,1.000000000140481,0.9999978568405944,0.9999906760335482,-0.9999949787114801,-0.999996174138254,0.9999947255610862,1.0000017990387275,1.00000179903873,-1.0000010302208304,-1.0000010302208333,1.0000007650995635
0.9999923765535971,-0.9999938309956591,0.9999937035261791,0.999995512906094,-1.0000017778096646,1.0000010008619482,1.0000014389497978,-0.9999999577356963,-0.9999999577356986,-1.0000002983072505,0.9999981918543696,-0.999998555230565,-0.9999970975788853,0.9999978568405944,0.9999999967885659,0.9999883310527272,-0.99999228581954,-0.9999941818672666,0.9999923765536008,0.9999994181533588,0.9999994181533624,-0.9999986461890967,-0.9999986461891007,0.9999983800656078
0.9999851975824972,-0.9999866482613684,0.999986521368683,0.9999883310527262,-0.9999946129091664,0.999993827037572,0.999994281483677,-0.9999927814479006,-0.9999927814479029,-0.999993146600177,0.9999910113632227,-0.9999913753539181,-0.9999895640491413,0.9999906760335482,0.9999883310527272,0.9999999865108461,-0.9999854565161342,-0.9999866482613723,0.9999851975825018,0.9999922710836553,0.9999922710836576,-0.9999915015791859,-0.9999915015791894,0.9999912362024282
-0.9999891533908484,0.9999906032046707,-0.9999904767080733,-0.9999922858195395,0.9999985662096679,-0.9999977792909749,-0.999998235797907,0.9999967337860158,0.9999967337860184,0.9999971017588123,-0.9999949647184159,0.9999953280829837,0.9999935180030872,-0.9999949787114801,-0.99999228581954,-0.9999854565161342,0.9999999921687995,0.9999906032046745,-0.9999891533908537,-0.9999962270852022,-0.9999962270852049,0.999995457957336,0.9999954579573406,-0.9999951927192964
-0.9999906945072745,0.9999921492426677,-0.9999923727054225,-0.9999938309956626,1.0000000938076996,-0.999999317526642,-0.9999997545203128,0.9999982746607596,0.9999982746607629,0.9999986136384516,-0.9999965093680079,0.9999968725539354,0.9999950646676922,-0.999996174138254,-0.9999941818672666,-0.9999866482613723,0.9999906032046745,0.9999999943811633,-0.999991045378887,-0.9999977332351183,-0.9999977332351215,0.9999969611240986,0.9999969611241023,-0.9999966949662668
0.9999892378726188,-0.9999906945072745,0.9999905663365036,0.9999923765535991,-0.9999986415413276,0.9999978677244307,0.999998299977316,-0.9999968248384868,-0.99999682483849,-0.999997157255423,0.9999950575777636,-0.9999954220368901,-0.9999936118191781,0.9999947255610862,0.9999923765536008,0.9999851975825018,-0.9999891533908537,-0.999991045378887,0.9999999922974658,0.9999962750143119,0.9999962750143148,-0.9999955020588325,-0.9999955020588355,0.9999952356059443
0.9999962750143068,-0.9999977332351143,0.9999976045424982,0.9999994181533575,-1.0000057333837307,1.00000495048295,1.0000054007453387,-1.000003902980068,-1.000003902980071,-1.0000046172503645,1.0000021116927864,-1.0000024856207739,-1.000000657346341,1.0000017990387275,0.9999994181533588,0.9999922710836553,-0.9999962270852022,-0.9999977332351183,0.9999962750143119,1.0000000024246172,1.0000033876656471,-1.0000029677691147,-1.0000026168975178,1.0000023512180485
0.99999627501431,-0.999997733235117,0.9999976045425018,0.9999994181533607,-1.0000057333837349,1.0000049504829545,1.0000054007453412,-1.0000039029800718,-1.0000039029800745,-1.0000046172503623,1.000002111692791,-1.0000024856207765,-1.0000006573463434,1.00000179903873,0.9999994181533624,0.9999922710836576,-0.9999962270852049,-0.9999977332351215,0.9999962750143148,1.0000033876656471,1.0000000024246172,-1.0000026168975178,-1.0000029677691211,1.0000023512180516
-0.9999955020588291,0.9999969611240963,-0.9999968321988302,-0.9999986461890962,1.0000049637361628,-1.0000041814475884,-1.0000046306807961,1.0000031338179474,1.0000031338179507,1.0000034961134974,-1.000001340903346,1.0000017156483136,0.9999998860165927,-1.0000010302208304,-0.9999986461890967,-0.9999915015791859,0.999995457957336,0.9999969611240986,-0.9999955020588325,-1.0000029677691147,-1.0000026168975178,1.000000001321175,1.0000018459169266,-1.0000019310461234
-0.9999955020588316,0.9999969611240986,-0.9999968321988332,-0.9999986461890997,1.000004963736165,-1.000004181447591,-1.0000046306808001,1.0000031338179511,1.0000031338179551,1.000003496113501,-1.000001340903349,1.0000017156483176,0.9999998860165963,-1.0000010302208333,-0.9999986461891007,-0.9999915015791894,0.9999954579573406,0.9999969611241023,-0.9999955020588355,-1.0000026168975178,-1.0000029677691211,1.0000018459169266,1.000000001321175,-1.0000019310461299
0.9999952356059405,-0.9999966949662635,0.9999965659634054,0.9999983800656073,-1.000004698352657,1.000003916253564,1.0000043651883217,-1.0000028685709108,-1.0000028685709137,-1.0000032305933544,1.000001075134543,-1.0000014501379653,-0.9999996200972175,1.0000007650995635,0.9999983800656078,0.9999912362024282,-0.9999951927192964,-0.9999966949662668,0.9999952356059443,1.0000023512180485,1.0000023512180516,-1.0000019310461234,-1.0000019310461299,1.0000000009407746
