1.0000000025329376,-1.0000035110741894,-1.0000030548417649,1.0000031731802859,1.0000037303183487,1.0000031390368302,1.0000024776149545,-1.000004071052598,1.0000042417732704,-1.0000034161078273,-1.0000043777603296,-1.0000043777603298,1.0000033170049374,-1.0000031436407837,1.000003163478054,1.000003163478054,-1.0000028202488511,1.0000024504026521,-1.0000024006275425,-1.0000024006275443,-1.0000043213512493,1.0000033921119826,1.0000050660648818,-1.0000022138213942,-1.0000035548407082,-1.0000054240915925,-1.000005424091592,1.0000039605429591,-1.000001679306913,1.0000009217093597,-1.000000739170038,-1.0000007391700394,0.9999999995043982,-0.9999977111651641,0.9999955060387439,-0.9999946027596998,-0.9999946027596986,1.0000056185408541,1.0000056185408541,0.9999940325938412,0.9999940325938412,-1.000005677076329,-0.9999938385761009
-1.0000035110741894,1.0000000025480433,1.0000031237345097,-1.000003125510326,-1.0000036826484058,-1.0000031496482373,-1.0000024882263634,1.0000040816640114,-1.000004252384695,1.0000034267192344,1.000004388371761,1.000004388371762,-1.000003327616356,1.0000031542522119,-1.0000031740894881,-1.0000031740894881,1.0000028308602706,-1.0000024610140816,1.0000024112389798,1.0000024112389798,1.0000043319626393,-1.0000034027233682,-1.0000050766762796,1.0000022244327864,1.0000035654520905,1.0000054347029943,1.0000054347029939,-1.0000039711543378,1.0000016899183364,-1.0000009323207915,1.0000007497814751,1.0000007497814756,-1.0000000101158122,0.9999977217766048,-0.9999955166502156,0.9999946133711873,0.9999946133711863,-1.0000056291522614,-1.0000056291522608,-0.9999940432053402,-0.9999940432053411,1.0000056876877383,0.9999938491876037
-1.0000030548417649,1.0000031237345097,1.000000001898596,-1.0000027275594414,-1.0000032846971938,-1.000002635134516,-1.0000019737128678,1.0000036254312425,-1.000003796151769,1.000002970486752,1.0000039321387404,1.0000039321387397,-1.000002871383829,1.0000026980196626,-1.0000027178568893,-1.0000027178568893,1.000002374627924,-1.0000020047817828,1.0000019550066583,1.000001955006658,1.0000038757299425,-1.0000029464910525,-1.0000046204432407,1.0000017682008633,1.0000031092197461,1.000004978469784,1.0000049784697833,-1.000003514921852,1.0000012336864001,-1.0000004760890577,1.0000002935497714,1.0000002935497723,-0.9999995538845609,0.9999972655460041,-0.999995060420212,0.9999941571414072,0.9999941571414069,-1.0000051729189472,-1.0000051729189463,-0.999993586975697,-0.999993586975697,1.0000052314543904,0.9999933929580046
1.0000031731802859,-1.000003125510326,-1.0000027275594414,1.000000001984087,1.0000033447544334,1.00000275347316,1.0000020920515489,-1.0000036854885601,1.0000038562091804,-1.0000030305440462,-1.0000039921961943,-1.0000039921961945,1.0000029314412098,-1.0000027580771411,1.0000027779144098,1.0000027779144098,-1.0000024346853242,1.0000020648392873,-1.0000020150642062,-1.0000020150642062,-1.0000039357870854,1.000003006548183,1.0000046805004297,-1.00000176997673,-1.0000031109954899,-1.0000050385270003,-1.0000050385270016,1.0000035749789238,-1.0000012937438474,1.0000005361466093,-1.0000003536073674,-1.0000003536073683,0.9999996139419952,-0.9999973256037106,0.9999951204782125,-0.9999942171995514,-0.9999942171995504,1.0000052329761906,1.000005232976189,0.999993647033935,0.999993647033935,-1.000005291511645,-0.9999934530162786
1.0000037303183487,-1.0000036826484058,-1.0000032846971938,1.0000033447544334,1.0000000027771738,1.000003310610899,1.000002649188874,-1.0000041843454972,1.0000044133475077,-1.0000035294006073,-1.000004549334576,-1.0000045493345762,1.000003488579005,-1.0000033152147763,1.0000033350520285,1.0000033350520285,-1.0000029918228122,1.0000026219764921,-1.000002572201357,-1.0000025722013561,-1.0000044929256215,1.0000035636861748,1.0000052376393826,-1.0000023853953175,-1.0000037264149502,-1.0000055956661484,-1.0000055956661493,1.0000041321172881,-1.0000018508806283,1.0000010932828776,-1.0000009107435002,-1.0000009107435015,1.000000171077784,-0.9999978827379783,0.9999956776109885,-0.999994774331705,-0.9999947743317047,1.000005790115436,1.0000057901154382,0.9999942041656928,0.9999942041656928,-1.000005848650921,-0.9999940101478979
1.0000031390368302,-1.0000031496482373,-1.000002635134516,1.00000275347316,1.000003310610899,1.0000000019354842,1.0000020579078233,-1.0000036513449357,1.0000038220654366,-1.0000029381190763,-1.0000039580524,-1.0000039580524003,1.0000028972974646,-1.0000027239332554,1.0000027437704646,1.0000027437704646,-1.0000023422601843,1.0000020306953301,-1.000001980920187,-1.0000019809201877,-1.000003901643714,1.0000029724047859,1.0000046463570313,-1.0000017941145087,-1.0000031351334973,-1.0000050043835798,-1.000005004383581,1.000003540835633,-1.0000012595999335,1.0000005020025151,-1.000000319463204,-1.0000003194632043,0.999999579798016,-0.9999972914592514,0.9999950863332426,-0.9999941830543447,-0.9999941830543454,1.0000051988327425,1.0000051988327423,0.9999936128885688,0.9999936128885694,-1.0000052573681868,-0.9999934188708556
1.0000024776149545,-1.0000024882263634,-1.0000019737128678,1.0000020920515489,1.000002649188874,1.0000020579078233,1.00000000099395,-1.0000029899226508,1.000003160642987,-1.0000023349785638,-1.00000329662984,-1.000003296629839,1.0000022358756133,-1.00000206251145,1.000002082348625,1.000002082348625,-1.0000017391199771,1.0000013692739462,-1.0000013194988064,-1.000001319498807,-1.0000032402213805,1.0000023109830398,1.0000039849342053,-1.0000011326934521,-1.000002473711673,-1.0000043429605094,-1.0000043429605099,1.0000028794135667,-1.0000005398977208,0.999999840582059,-0.9999996580428349,-0.999999658042836,0.9999989183782093,-0.9999966300407073,0.9999944249159008,-0.9999935216374797,-0.9999935216374792,1.0000045374095352,1.0000045374095334,0.999992951472004,0.999992951472005,-1.0000045959449329,-0.9999927574543934
-1.000004071052598,1.0000040816640114,1.0000036254312425,-1.0000036854885601,-1.0000041843454972,-1.0000036513449357,-1.0000029899226508,1.0000000032622096,-1.0000046958005584,1.0000039284160982,1.0000048900690015,1.0000048900690028,-1.0000038293130735,1.000003655948733,-1.0000036757859758,-1.0000036757859756,1.0000033325566884,-1.0000029627101845,1.0000029129350096,1.0000029129350096,1.0000048336601668,-1.0000039044203832,-1.000005578374183,1.0000027261290545,1.0000040671492345,1.0000059364010665,1.0000059364010665,-1.000004472851733,1.0000021916140616,-1.0000014340159824,1.0000012514765186,1.0000012514765197,-1.000000511810605,0.9999982234698293,-0.999996018341892,0.9999951150622118,0.9999951150622113,-1.0000061308504171,-1.0000061308504151,-0.9999945448959436,-0.9999945448959436,1.0000061893859147,0.9999943508780659
1.0000042417732704,-1.000004252384695,-1.000003796151769,1.0000038562091804,1.0000044133475077,1.0000038220654366,1.000003160642987,-1.0000046958005584,1.0000000035052306,-1.000004099136661,-1.0000050025083158,-1.0000050025083165,1.0000040000335577,-1.0000038266691178,1.0000038465063363,1.0000038465063363,-1.0000035032770556,1.0000031334304031,-1.0000030836551874,-1.0000030836551874,-1.0000050043810258,1.0000040751410528,1.0000057490951664,-1.00000289684942,-1.0000042378699623,-1.0000061071221078,-1.0000061071221067,1.000004643572561,-1.0000023623341565,1.0000016047358466,-1.000001422196315,-1.000001422196315,1.000000682530351,-0.9999983941889098,0.9999961890603108,-0.9999952857803445,-0.9999952857803441,1.000006301571478,1.0000063015714775,0.9999947156138914,0.9999947156138927,-1.000006360106983,-0.9999945215959495
-1.0000034161078273,1.0000034267192344,1.000002970486752,-1.0000030305440462,-1.0000035294006073,-1.0000029381190763,-1.0000023349785638,1.0000039284160982,-1.000004099136661,1.000000002329895,1.000004235123668,1.0000042351236673,-1.0000031160870886,1.0000030010041985,-1.0000030208414241,-1.0000030208414241,1.000002677612373,-1.0000023077660969,1.000002257990949,1.0000022579909478,1.0000041787149065,-1.0000032494757272,-1.000004923428431,1.0000020711851534,1.000003412204477,1.000005281455081,1.0000052814550804,-1.000003817906714,1.0000015366704824,-1.0000007790728809,1.0000005965335323,1.0000005965335326,-0.9999998568681158,0.9999975685287954,-0.9999953634022587,0.9999944601231463,0.9999944601231464,-1.0000054759043013,-1.0000054759042991,-0.9999938899572393,-0.9999938899572404,1.0000055344397611,0.9999936959394833
-1.0000043777603296,1.000004388371761,1.0000039321387404,-1.0000039921961943,-1.000004549334576,-1.0000039580524,-1.00000329662984,1.0000048900690015,-1.0000050025083158,1.000004235123668,1.000000003698809,1.000005196776772,-1.0000041360205272,1.0000039626560322,-1.000003982493244,-1.000003982493244,1.0000036392639449,-1.0000032694172079,1.0000032196419724,1.0000032196419726,1.0000051403682098,-1.0000042111280991,-1.000005885082453,1.0000030328362657,1.0000043738570428,1.0000062431094383,1.0000062431094385,-1.0000047795597096,1.0000024983208606,-1.000001740722406,1.0000015581828339,1.000001558182835,-1.0000008185168023,0.9999985301749389,-0.9999963250459275,0.9999954217657848,0.999995421765785,-1.000006437558832,-1.000006437558833,-0.9999948515992229,-0.9999948515992224,1.0000064960943436,0.9999946575812405
-1.0000043777603298,1.000004388371762,1.0000039321387397,-1.0000039921961945,-1.0000045493345762,-1.0000039580524003,-1.000003296629839,1.0000048900690028,-1.0000050025083165,1.0000042351236673,1.000005196776772,1.000000003698809,-1.000004136020528,1.0000039626560326,-1.0000039824932434,-1.0000039824932434,1.0000036392639449,-1.0000032694172085,1.000003219641972,1.0000032196419724,1.0000051403682095,-1.0000042111280993,-1.0000058850824536,1.0000030328362663,1.0000043738570423,1.0000062431094383,1.000006243109439,-1.0000047795597085,1.0000024983208604,-1.0000017407224064,1.0000015581828348,1.0000015581828359,-1.000000818516803,0.9999985301749411,-0.9999963250459272,0.9999954217657854,0.9999954217657848,-1.0000064375588338,-1.000006437558833,-0.9999948515992224,-0.9999948515992224,1.0000064960943433,0.9999946575812395
1.0000033170049374,-1.000003327616356,-1.000002871383829,1.0000029314412098,1.000003488579005,1.0000028972974646,1.0000022358756133,-1.0000038293130735,1.0000040000335577,-1.0000031160870886,-1.0000041360205272,-1.000004136020528,1.0000000021888216,-1.000002843619759,1.0000029217383002,1.0000029217383002,-1.000002578509359,1.0000022086630231,-1.000002158887845,-1.0000021588878454,-1.0000040796120007,1.0000031503728817,1.000004824325451,-1.0000019720823108,-1.0000033131016477,-1.0000051823520584,-1.0000051823520588,1.0000037188038802,-1.0000014375674944,1.0000006799698589,-1.0000004974304846,-1.0000004974304857,0.9999997577652295,-0.9999974694258298,0.9999952642991946,-0.9999943610200278,-0.9999943610200278,1.000005376801247,1.0000053768012467,0.9999937908540787,0.9999937908540796,-1.0000054353366976,-0.9999935968363102
-1.0000031436407837,1.0000031542522119,1.0000026980196626,-1.0000027580771411,-1.0000033152147763,-1.0000027239332554,-1.00000206251145,1.000003655948733,-1.0000038266691178,1.0000030010041985,1.0000039626560322,1.0000039626560326,-1.000002843619759,1.0000000019420376,-1.000002690092544,-1.0000026900925447,1.0000024051450995,-1.0000020352987182,1.0000019855235076,1.0000019855235067,1.0000039062477877,-1.0000029770087897,-1.000004650961108,1.0000017987182912,1.000003139737569,1.0000050089876429,1.000005008987644,-1.000003545439771,1.0000012642033356,-1.0000005066056958,1.0000003240663071,1.0000003240663073,-0.999999584401283,0.9999972960619244,-0.9999950909352975,0.9999941876561176,0.9999941876561176,-1.000005203436785,-1.0000052034367841,-0.9999936174901549,-0.999993617490155,1.0000052619722184,0.9999934234723764
1.000003163478054,-1.0000031740894881,-1.0000027178568893,1.0000027779144098,1.0000033350520285,1.0000027437704646,1.000002082348625,-1.0000036757859758,1.0000038465063363,-1.0000030208414241,-1.000003982493244,-1.0000039824932434,1.0000029217383002,-1.000002690092544,1.0000000019702757,1.000002768211035,-1.0000024249822674,1.000002055135836,-1.0000020053606091,-1.0000020053606091,-1.0000039260850977,1.0000029968460695,1.0000046707984347,-1.0000018185554982,-1.0000031595748653,-1.0000050288249742,-1.0000050288249744,1.0000035652770907,-1.000001284040443,1.0000005264427378,-1.0000003439033258,-1.0000003439033274,0.9999996042383251,-0.9999973158987868,0.9999951107719747,-0.9999942074927137,-0.999994207492713,1.0000052232741141,1.000005223274113,0.9999936373266959,0.9999936373266959,-1.0000052818095475,-0.9999934433089003
1.000003163478054,-1.0000031740894881,-1.0000027178568893,1.0000027779144098,1.0000033350520285,1.0000027437704646,1.000002082348625,-1.0000036757859756,1.0000038465063363,-1.0000030208414241,-1.000003982493244,-1.0000039824932434,1.0000029217383002,-1.0000026900925447,1.000002768211035,1.0000000019702757,-1.0000024249822674,1.000002055135836,-1.0000020053606091,-1.0000020053606091,-1.0000039260850977,1.0000029968460689,1.0000046707984347,-1.0000018185554982,-1.0000031595748653,-1.0000050288249742,-1.0000050288249744,1.0000035652770907,-1.000001284040443,1.0000005264427378,-1.0000003439033258,-1.0000003439033274,0.9999996042383251,-0.9999973158987868,0.9999951107719747,-0.9999942074927137,-0.999994207492713,1.0000052232741141,1.000005223274113,0.9999936373266959,0.9999936373266959,-1.0000052818095475,-0.9999934433089003
-1.0000028202488511,1.0000028308602706,1.000002374627924,-1.0000024346853242,-1.0000029918228122,-1.0000023422601843,-1.0000017391199771,1.0000033325566884,-1.0000035032770556,1.000002677612373,1.0000036392639449,1.0000036392639449,-1.000002578509359,1.0000024051450995,-1.0000024249822674,-1.0000024249822674,1.0000000014816894,-1.0000016536259881,1.0000016621321626,1.0000016621321643,1.0000035828555667,-1.0000026536168936,-1.0000043275686479,1.0000014753268491,1.0000028163455983,1.0000046855950728,1.0000046855950724,-1.000003222047646,1.0000009408121948,-1.0000001832148762,1.0000000006755712,1.0000000006755732,-0.99999926101073,0.9999969726723104,-0.9999947675466042,0.9999938642678111,0.9999938642678106,-1.0000048800441579,-1.000004880044156,-0.9999932941020946,-0.9999932941020949,1.0000049385795768,0.9999931000844033
1.0000024504026521,-1.0000024610140816,-1.0000020047817828,1.0000020648392873,1.0000026219764921,1.0000020306953301,1.0000013692739462,-1.0000029627101845,1.0000031334304031,-1.0000023077660969,-1.0000032694172079,-1.0000032694172085,1.0000022086630231,-1.0000020352987182,1.000002055135836,1.000002055135836,-1.0000016536259881,1.0000000009552128,-1.0000012340045985,-1.0000012340045958,-1.0000032130091685,1.0000022837707918,1.000003957721972,-1.0000011054810314,-1.0000024464994846,-1.000004315748253,-1.0000043157482543,1.0000028522014295,-1.0000005709663013,0.9999998133691067,-0.9999996308298134,-0.9999996308298139,0.9999988911653661,-0.9999966028273735,0.999994397702047,-0.999993494423388,-0.999993494423388,1.0000045101972523,1.000004510197252,0.9999929242577512,0.9999929242577525,-1.000004568732641,-0.9999927302400846
-1.0000024006275425,1.0000024112389798,1.0000019550066583,-1.0000020150642062,-1.000002572201357,-1.000001980920187,-1.0000013194988064,1.0000029129350096,-1.0000030836551874,1.000002257990949,1.0000032196419724,1.000003219641972,-1.000002158887845,1.0000019855235076,-1.0000020053606091,-1.0000020053606091,1.0000016621321626,-1.0000012340045985,1.0000000008843577,1.0000012425107228,1.0000031632340531,-1.0000022339957082,-1.0000039079468201,1.000001055705946,1.0000023967244074,1.0000042659730788,1.0000042659730801,-1.0000028024263488,1.000000521191142,-0.999999763593928,0.9999995810546224,0.9999995810546246,-0.9999988413902563,0.9999965530522232,-0.9999943479268457,0.9999934446481575,0.9999934446481578,-1.000004460422063,-1.0000044604220617,-0.9999928744825006,-0.9999928744825004,1.0000045189574465,0.9999926804648256
-1.0000024006275443,1.0000024112389798,1.000001955006658,-1.0000020150642062,-1.0000025722013561,-1.0000019809201877,-1.000001319498807,1.0000029129350096,-1.0000030836551874,1.0000022579909478,1.0000032196419726,1.0000032196419724,-1.0000021588878454,1.0000019855235067,-1.0000020053606091,-1.0000020053606091,1.0000016621321643,-1.0000012340045958,1.0000012425107228,1.0000000008843577,1.0000031632340531,-1.0000022339957078,-1.0000039079468195,1.0000010557059478,1.000002396724408,1.0000042659730788,1.0000042659730803,-1.0000028024263492,1.0000005211911416,-0.9999997635939284,0.9999995810546225,0.999999581054624,-0.9999988413902562,0.9999965530522245,-0.9999943479268457,0.9999934446481589,0.9999934446481586,-1.0000044604220617,-1.0000044604220624,-0.9999928744825006,-0.9999928744825014,1.0000045189574462,0.9999926804648254
-1.0000043213512493,1.0000043319626393,1.0000038757299425,-1.0000039357870854,-1.0000044929256215,-1.000003901643714,-1.0000032402213805,1.0000048336601668,-1.0000050043810258,1.0000041787149065,1.0000051403682098,1.0000051403682095,-1.0000040796120007,1.0000039062477877,-1.0000039260850977,-1.0000039260850977,1.0000035828555667,-1.0000032130091685,1.0000031632340531,1.0000031632340531,1.0000000036185104,-1.0000040964375927,-1.0000057703917433,1.000002976427548,1.0000043174477555,1.000006186700074,1.0000061867000758,-1.0000047231502869,1.0000024419128346,-1.0000016843148003,1.0000015017753745,1.0000015017753745,-1.0000007621090954,0.9999984737683789,-0.9999962686405526,0.9999953653609471,0.999995365360947,-1.0000063811494964,-1.0000063811494952,-0.9999947951947383,-0.9999947951947391,1.0000064396850206,0.9999946011768812
1.0000033921119826,-1.0000034027233682,-1.0000029464910525,1.000003006548183,1.0000035636861748,1.0000029724047859,1.0000023109830398,-1.0000039044203832,1.0000040751410528,-1.0000032494757272,-1.0000042111280991,-1.0000042111280993,1.0000031503728817,-1.0000029770087897,1.0000029968460695,1.0000029968460689,-1.0000026536168936,1.0000022837707918,-1.0000022339957082,-1.0000022339957078,-1.0000040964375927,1.0000000022957367,1.0000048994324444,-1.0000019889081484,-1.0000033299271733,-1.0000052574590963,-1.0000052574590983,1.0000037939106905,-1.0000015126751793,1.0000007550777996,-1.0000005725385246,-1.0000005725385257,0.9999998328729758,-0.9999975445342423,0.9999953394083193,-0.999994436129485,-0.9999944361294845,1.0000054519083312,1.0000054519083303,0.9999938659637612,0.9999938659637614,-1.000005510443798,-0.9999936719460697
1.0000050660648818,-1.0000050766762796,-1.0000046204432407,1.0000046805004297,1.0000052376393826,1.0000046463570313,1.0000039849342053,-1.000005578374183,1.0000057490951664,-1.000004923428431,-1.000005885082453,-1.0000058850824536,1.000004824325451,-1.000004650961108,1.0000046707984347,1.0000046707984347,-1.0000043275686479,1.000003957721972,-1.0000039079468201,-1.0000039079468195,-1.0000057703917433,1.0000048994324444,1.000000004678612,-1.0000037211401755,-1.0000050621613858,-1.000006873133753,-1.0000068731337544,1.0000054678642174,-1.0000031866250598,1.0000024290264609,-1.000002246486899,-1.0000022464869005,1.0000015068200694,-0.999999218477644,0.9999970133481711,-0.9999961100678908,-0.9999961100678908,1.0000071258646661,1.0000071258646652,0.9999955399012554,0.9999955399012566,-1.0000071844002332,-0.999995345883253
-1.0000022138213942,1.0000022244327864,1.0000017682008633,-1.00000176997673,-1.0000023853953175,-1.0000017941145087,-1.0000011326934521,1.0000027261290545,-1.00000289684942,1.0000020711851534,1.0000030328362657,1.0000030328362663,-1.0000019720823108,1.0000017987182912,-1.0000018185554982,-1.0000018185554982,1.0000014753268491,-1.0000011054810314,1.000001055705946,1.0000010557059478,1.000002976427548,-1.0000019889081484,-1.0000037211401755,1.00000000061844,1.0000022099180406,1.0000040791663931,1.0000040791663947,-1.000002615619787,1.0000003343863435,-0.9999995767896712,0.9999993942505441,0.999999394250546,-0.9999985963046609,0.9999963662494805,-0.999994161125636,0.9999932578476294,0.9999932578476297,-1.0000042736153805,-1.0000042736153794,-0.9999926876824196,-0.9999926876824196,1.0000043321507706,0.9999924936649004
-1.0000035548407082,1.0000035654520905,1.0000031092197461,-1.0000031109954899,-1.0000037264149502,-1.0000031351334973,-1.000002473711673,1.0000040671492345,-1.0000042378699623,1.000003412204477,1.0000043738570428,1.0000043738570423,-1.0000033131016477,1.000003139737569,-1.0000031595748653,-1.0000031595748653,1.0000028163455983,-1.0000024464994846,1.0000023967244074,1.000002396724408,1.0000043174477555,-1.0000033299271733,-1.0000050621613858,1.0000022099180406,1.0000000025273812,1.0000054201881003,1.0000054201880995,-1.0000038983580863,1.0000016754037422,-1.0000009178062925,1.0000007352670075,1.00000073526701,-0.9999999956012948,0.9999977072623416,-0.9999955021362157,0.9999945988573071,0.9999945988573069,-1.0000056146373724,-1.0000056146373715,-0.9999940286915401,-0.9999940286915401,1.0000056731728515,0.9999938346738301
-1.0000054240915925,1.0000054347029943,1.000004978469784,-1.0000050385270003,-1.0000055956661484,-1.0000050043835798,-1.0000043429605094,1.0000059364010665,-1.0000061071221078,1.000005281455081,1.0000062431094383,1.0000062431094383,-1.0000051823520584,1.0000050089876429,-1.0000050288249742,-1.0000050288249742,1.0000046855950728,-1.000004315748253,1.0000042659730788,1.0000042659730788,1.000006186700074,-1.0000052574590963,-1.000006873133753,1.0000040791663931,1.0000054201881003,1.0000000051882643,1.000007289442484,-1.00000582589108,1.0000035446510671,-1.0000027870521833,1.0000026045125516,1.0000026045125523,-1.000001864845466,0.9999995765021893,-0.9999973713718944,0.9999964680912727,0.9999964680912723,-1.0000074256107736,-1.0000074838921178,-0.9999958979244239,-0.9999958979244251,1.000007542427707,0.9999957039063487
-1.000005424091592,1.0000054347029939,1.0000049784697833,-1.0000050385270016,-1.0000055956661493,-1.000005004383581,-1.0000043429605099,1.0000059364010665,-1.0000061071221067,1.0000052814550804,1.0000062431094385,1.000006243109439,-1.0000051823520588,1.000005008987644,-1.0000050288249744,-1.0000050288249744,1.0000046855950724,-1.0000043157482543,1.0000042659730801,1.0000042659730803,1.0000061867000758,-1.0000052574590983,-1.0000068731337544,1.0000040791663947,1.0000054201880995,1.000007289442484,1.0000000051882643,-1.000005825891081,1.0000035446510687,-1.0000027870521848,1.0000026045125516,1.0000026045125532,-1.0000018648454663,0.9999995765021903,-0.9999973713718947,0.9999964680912731,0.9999964680912727,-1.0000074838921205,-1.000007425610773,-0.9999958979244241,-0.9999958979244254,1.0000075424277093,0.9999957039063496
1.0000039605429591,-1.0000039711543378,-1.000003514921852,1.0000035749789238,1.0000041321172881,1.000003540835633,1.0000028794135667,-1.000004472851733,1.000004643572561,-1.000003817906714,-1.0000047795597096,-1.0000047795597085,1.0000037188038802,-1.000003545439771,1.0000035652770907,1.0000035652770907,-1.000003222047646,1.0000028522014295,-1.0000028024263488,-1.0000028024263492,-1.0000047231502869,1.0000037939106905,1.0000054678642174,-1.000002615619787,-1.0000038983580863,-1.00000582589108,-1.000005825891081,1.0000000031048988,-1.0000020811053678,1.0000013235076664,-1.0000011409683283,-1.0000011409683285,1.0000004013022714,-0.9999981129625426,0.9999959078356798,-0.9999950045564768,-0.999995004556477,1.0000060203404386,1.0000060203404375,0.999994434390525,0.9999944343905258,-1.0000060788759428,-0.9999942403727551
-1.000001679306913,1.0000016899183364,1.0000012336864001,-1.0000012937438474,-1.0000018508806283,-1.0000012595999335,-1.0000005398977208,1.0000021916140616,-1.0000023623341565,1.0000015366704824,1.0000024983208606,1.0000024983208604,-1.0000014375674944,1.0000012642033356,-1.000001284040443,-1.000001284040443,1.0000009408121948,-1.0000005709663013,1.000000521191142,1.0000005211911416,1.0000024419128346,-1.0000015126751793,-1.0000031866250598,1.0000003343863435,1.0000016754037422,1.0000035446510671,1.0000035446510687,-1.0000020811053678,0.9999999998575589,-0.999998983994118,0.9999988597363157,0.9999988597363157,-0.9999981200724276,0.9999958317362456,-0.9999936266126674,0.9999927233347251,0.9999927233347246,-1.0000037390999166,-1.0000037390999152,-0.9999921531695434,-0.9999921531695442,1.0000037976352634,0.9999919591520312
1.0000009217093597,-1.0000009323207915,-1.0000004760890577,1.0000005361466093,1.0000010932828776,1.0000005020025151,0.999999840582059,-1.0000014340159824,1.0000016047358466,-1.0000007790728809,-1.000001740722406,-1.0000017407224064,1.0000006799698589,-1.0000005066056958,1.0000005264427378,1.0000005264427378,-1.0000001832148762,0.9999998133691067,-0.999999763593928,-0.9999997635939284,-1.0000016843148003,1.0000007550777996,1.0000024290264609,-0.9999995767896712,-1.0000009178062925,-1.0000027870521833,-1.0000027870521848,1.0000013235076664,-0.999998983994118,0.9999999987791197,-0.9999980438588337,-0.9999980438588366,0.9999973624769986,-0.9999950741420544,0.9999928690196246,-0.9999919657421336,-0.9999919657421324,1.0000029815008675,1.0000029815008662,0.9999913955772245,0.9999913955772248,-1.0000030400361608,-0.9999912015598038
-1.000000739170038,1.0000007497814751,1.0000002935497714,-1.0000003536073674,-1.0000009107435002,-1.000000319463204,-0.9999996580428349,1.0000012514765186,-1.000001422196315,1.0000005965335323,1.0000015581828339,1.0000015581828348,-1.0000004974304846,1.0000003240663071,-1.0000003439033258,-1.0000003439033258,1.0000000006755712,-0.9999996308298134,0.9999995810546224,0.9999995810546225,1.0000015017753745,-1.0000005725385246,-1.000002246486899,0.9999993942505441,1.0000007352670075,1.0000026045125516,1.0000026045125516,-1.0000011409683283,0.9999988597363157,-0.9999980438588337,0.9999999985192752,0.9999979196011195,-0.9999971799381204,0.9999948916034135,-0.9999926864812001,0.9999917832037863,0.999991783203786,-1.0000027989611935,-1.0000027989611926,-0.9999912130389237,-0.9999912130389249,1.0000028574964728,0.9999910190215189
-1.0000007391700394,1.0000007497814756,1.0000002935497723,-1.0000003536073683,-1.0000009107435015,-1.0000003194632043,-0.999999658042836,1.0000012514765197,-1.000001422196315,1.0000005965335326,1.000001558182835,1.0000015581828359,-1.0000004974304857,1.0000003240663073,-1.0000003439033274,-1.0000003439033274,1.0000000006755732,-0.9999996308298139,0.9999995810546246,0.999999581054624,1.0000015017753745,-1.0000005725385257,-1.0000022464869005,0.999999394250546,1.00000073526701,1.0000026045125523,1.0000026045125532,-1.0000011409683285,0.9999988597363157,-0.9999980438588366,0.9999979196011195,0.9999999985192752,-0.9999971799381219,0.9999948916034131,-0.999992686481202,0.9999917832037879,0.9999917832037875,-1.0000027989611937,-1.0000027989611935,-0.9999912130389244,-0.9999912130389249,1.000002857496473,0.9999910190215189
0.9999999995043982,-1.0000000101158122,-0.9999995538845609,0.9999996139419952,1.000000171077784,0.999999579798016,0.9999989183782093,-1.000000511810605,1.000000682530351,-0.9999998568681158,-1.0000008185168023,-1.000000818516803,0.9999997577652295,-0.999999584401283,0.9999996042383251,0.9999996042383251,-0.99999926101073,0.9999988911653661,-0.9999988413902563,-0.9999988413902562,-1.0000007621090954,0.9999998328729758,1.0000015068200694,-0.9999985963046609,-0.9999999956012948,-1.000001864845466,-1.0000018648454663,1.0000004013022714,-0.9999981200724276,0.9999973624769986,-0.9999971799381204,-0.9999971799381219,0.9999999974663641,-0.9999940936615884,0.9999919468227552,-0.9999910435461943,-0.9999910435461932,1.0000020592939785,1.0000020592939767,0.9999904733818763,0.9999904733818763,-1.000002117829219,-0.9999902793646565
-0.9999977111651641,0.9999977217766048,0.9999972655460041,-0.9999973256037106,-0.9999978827379783,-0.9999972914592514,-0.9999966300407073,0.9999982234698293,-0.9999983941889098,0.9999975685287954,0.9999985301749389,0.9999985301749411,-0.9999974694258298,0.9999972960619244,-0.9999973158987868,-0.9999973158987868,0.9999969726723104,-0.9999966028273735,0.9999965530522232,0.9999965530522245,0.9999984737683789,-0.9999975445342423,-0.999999218477644,0.9999963662494805,0.9999977072623416,0.9999995765021893,0.9999995765021903,-0.9999981129625426,0.9999958317362456,-0.9999950741420544,0.9999948916034135,0.9999948916034131,-0.9999940936615884,0.9999999942089232,-0.9999896002163245,0.9999887552225402,0.9999887552225399,-0.9999997709502042,-0.9999997709502044,-0.9999881850591013,-0.9999881850591018,0.9999998294852889,0.999987991042179
0.9999955060387439,-0.9999955166502156,-0.999995060420212,0.9999951204782125,0.9999956776109885,0.9999950863332426,0.9999944249159008,-0.999996018341892,0.9999961890603108,-0.9999953634022587,-0.9999963250459275,-0.9999963250459272,0.9999952642991946,-0.9999950909352975,0.9999951107719747,0.9999951107719747,-0.9999947675466042,0.999994397702047,-0.9999943479268457,-0.9999943479268457,-0.9999962686405526,0.9999953394083193,0.9999970133481711,-0.999994161125636,-0.9999955021362157,-0.9999973713718944,-0.9999973713718947,0.9999959078356798,-0.9999936266126674,0.9999928690196246,-0.9999926864812001,-0.999992686481202,0.9999919468227552,-0.9999896002163245,0.9999999910699398,-0.9999864918293941,-0.9999864918293864,0.9999975658194282,0.9999975658194263,0.9999859799481072,0.9999859799481072,-0.9999976243543603,-0.9999857859314586
-0.9999946027596998,0.9999946133711873,0.9999941571414072,-0.9999942171995514,-0.999994774331705,-0.9999941830543447,-0.9999935216374797,0.9999951150622118,-0.9999952857803445,0.9999944601231463,0.9999954217657848,0.9999954217657854,-0.9999943610200278,0.9999941876561176,-0.9999942074927137,-0.9999942074927137,0.9999938642678111,-0.999993494423388,0.9999934446481575,0.9999934446481589,0.9999953653609471,-0.999994436129485,-0.9999961100678908,0.9999932578476294,0.9999945988573071,0.9999964680912727,0.9999964680912731,-0.9999950045564768,0.9999927233347251,-0.9999919657421336,0.9999917832037863,0.9999917832037879,-0.9999910435461943,0.9999887552225402,-0.9999864918293941,0.999999989784129,0.9999856468374372,-0.999996662538606,-0.9999966625386052,-0.9999850183937807,-0.9999850766751225,0.9999967210734764,0.999984882658578
-0.9999946027596986,0.9999946133711863,0.9999941571414069,-0.9999942171995504,-0.9999947743317047,-0.9999941830543454,-0.9999935216374792,0.9999951150622113,-0.9999952857803441,0.9999944601231464,0.999995421765785,0.9999954217657848,-0.9999943610200278,0.9999941876561176,-0.999994207492713,-0.999994207492713,0.9999938642678106,-0.999993494423388,0.9999934446481578,0.9999934446481586,0.999995365360947,-0.9999944361294845,-0.9999961100678908,0.9999932578476297,0.9999945988573069,0.9999964680912723,0.9999964680912727,-0.999995004556477,0.9999927233347246,-0.9999919657421324,0.999991783203786,0.9999917832037875,-0.9999910435461932,0.9999887552225399,-0.9999864918293864,0.9999856468374372,0.999999989784129,-0.9999966625386055,-0.999996662538605,-0.9999850766751205,-0.9999850183937788,0.999996721073476,0.9999848826585774
1.0000056185408541,-1.0000056291522614,-1.0000051729189472,1.0000052329761906,1.000005790115436,1.0000051988327425,1.0000045374095352,-1.0000061308504171,1.000006301571478,-1.0000054759043013,-1.000006437558832,-1.0000064375588338,1.000005376801247,-1.000005203436785,1.0000052232741141,1.0000052232741141,-1.0000048800441579,1.0000045101972523,-1.000004460422063,-1.0000044604220617,-1.0000063811494964,1.0000054519083312,1.0000071258646661,-1.0000042736153805,-1.0000056146373724,-1.0000074256107736,-1.0000074838921205,1.0000060203404386,-1.0000037390999166,1.0000029815008675,-1.0000027989611935,-1.0000027989611937,1.0000020592939785,-0.9999997709502042,0.9999975658194282,-0.999996662538606,-0.9999966625386055,1.0000000054650635,1.0000076783417888,0.999996092371631,0.9999960923716312,-1.000007678596039,-0.9999958983535133
1.0000056185408541,-1.0000056291522608,-1.0000051729189463,1.000005232976189,1.0000057901154382,1.0000051988327423,1.0000045374095334,-1.0000061308504151,1.0000063015714775,-1.0000054759042991,-1.000006437558833,-1.000006437558833,1.0000053768012467,-1.0000052034367841,1.000005223274113,1.000005223274113,-1.000004880044156,1.000004510197252,-1.0000044604220617,-1.0000044604220624,-1.0000063811494952,1.0000054519083303,1.0000071258646652,-1.0000042736153794,-1.0000056146373715,-1.0000074838921178,-1.000007425610773,1.0000060203404375,-1.0000037390999152,1.0000029815008662,-1.0000027989611926,-1.0000027989611935,1.0000020592939767,-0.9999997709502044,0.9999975658194263,-0.9999966625386052,-0.999996662538605,1.0000076783417888,1.0000000054650635,0.9999960923716297,0.9999960923716312,-1.0000076785960392,-0.9999958983535117
0.9999940325938412,-0.9999940432053402,-0.999993586975697,0.999993647033935,0.9999942041656928,0.9999936128885688,0.999992951472004,-0.9999945448959436,0.9999947156138914,-0.9999938899572393,-0.9999948515992229,-0.9999948515992224,0.9999937908540787,-0.9999936174901549,0.9999936373266959,0.9999936373266959,-0.9999932941020946,0.9999929242577512,-0.9999928744825006,-0.9999928744825006,-0.9999947951947383,0.9999938659637612,0.9999955399012554,-0.9999926876824196,-0.9999940286915401,-0.9999958979244239,-0.9999958979244241,0.999994434390525,-0.9999921531695434,0.9999913955772245,-0.9999912130389237,-0.9999912130389244,0.9999904733818763,-0.9999881850591013,0.9999859799481072,-0.9999850183937807,-0.9999850766751205,0.999996092371631,0.9999960923716297,0.9999999889725024,0.9999845065129961,-0.9999961509064599,-0.9999842542151681
0.9999940325938412,-0.9999940432053411,-0.999993586975697,0.999993647033935,0.9999942041656928,0.9999936128885694,0.999992951472005,-0.9999945448959436,0.9999947156138927,-0.9999938899572404,-0.9999948515992224,-0.9999948515992224,0.9999937908540796,-0.999993617490155,0.9999936373266959,0.9999936373266959,-0.9999932941020949,0.9999929242577525,-0.9999928744825004,-0.9999928744825014,-0.9999947951947391,0.9999938659637614,0.9999955399012566,-0.9999926876824196,-0.9999940286915401,-0.9999958979244251,-0.9999958979244254,0.9999944343905258,-0.9999921531695442,0.9999913955772248,-0.9999912130389249,-0.9999912130389249,0.9999904733818763,-0.9999881850591018,0.9999859799481072,-0.9999850766751225,-0.9999850183937788,0.9999960923716312,0.9999960923716312,0.9999845065129961,0.9999999889725024,-0.9999961509064612,-0.9999842542151701
-1.000005677076329,1.0000056876877383,1.0000052314543904,-1.000005291511645,-1.000005848650921,-1.0000052573681868,-1.0000045959449329,1.0000061893859147,-1.000006360106983,1.0000055344397611,1.0000064960943436,1.0000064960943433,-1.0000054353366976,1.0000052619722184,-1.0000052818095475,-1.0000052818095475,1.0000049385795768,-1.000004568732641,1.0000045189574465,1.0000045189574462,1.0000064396850206,-1.000005510443798,-1.0000071844002332,1.0000043321507706,1.0000056731728515,1.000007542427707,1.0000075424277093,-1.0000060788759428,1.0000037976352634,-1.0000030400361608,1.0000028574964728,1.000002857496473,-1.000002117829219,0.9999998294852889,-0.9999976243543603,0.9999967210734764,0.999996721073476,-1.000007678596039,-1.0000076785960392,-0.9999961509064599,-0.9999961509064612,1.000000005548389,0.9999959568883274
-0.9999938385761009,0.9999938491876037,0.9999933929580046,-0.9999934530162786,-0.9999940101478979,-0.9999934188708556,-0.9999927574543934,0.9999943508780659,-0.9999945215959495,0.9999936959394833,0.9999946575812405,0.9999946575812395,-0.9999935968363102,0.9999934234723764,-0.9999934433089003,-0.9999934433089003,0.9999931000844033,-0.9999927302400846,0.9999926804648256,0.9999926804648254,0.9999946011768812,-0.9999936719460697,-0.999995345883253,0.9999924936649004,0.9999938346738301,0.9999957039063487,0.9999957039063496,-0.9999942403727551,0.9999919591520312,-0.9999912015598038,0.9999910190215189,0.9999910190215189,-0.9999902793646565,0.999987991042179,-0.9999857859314586,0.999984882658578,0.9999848826585774,-0.9999958983535133,-0.9999958983535117,-0.9999842542151681,-0.9999842542151701,0.9999959568883274,0.99999998869632
