1.00000000194357,-1.0000025495142593,1.0000030255729377,1.0000022765208902,1.0000025046844208,-1.000001776120752,-1.0000029961302248,1.0000006083305986,1.0000034279420438,-1.000003630045181,1.0000036382199287,-0.999999913512966,-1.0000002664953267,0.9999996337946414,0.9999996724995447,0.9999999531108333,-0.9999997546551761,-0.999999479778023,-0.9999994707078462,-1.0000034342271507,1.0000036920694761,0.9999994029174201
-1.0000025495142593,1.000000001814503,-1.000002862544397,-1.0000021134922057,-1.0000024146176871,1.000001686053924,1.000002906063594,-1.000000518263614,-1.0000033378754831,1.0000035399786706,-1.0000035481534357,0.9999998234459108,1.000000176428291,-0.9999995437275565,-0.9999995824324733,-0.9999998630437673,0.999999664588092,0.9999993897109338,0.9999993806407697,1.0000033441606446,-1.0000036020030287,-0.9999993128503382
1.0000030255729377,-1.000002862544397,1.0000000023921498,1.0000025895511597,1.0000028177146856,-1.000002089151101,-1.000003236198425,1.0000009213610854,1.0000037409721005,-1.0000039430751682,1.0000039512498864,-1.0000002265435,-1.0000005795258722,0.9999999468251931,0.9999999855300754,1.0000002661413971,-1.000000067685748,-0.9999997928085606,-0.9999997837383572,-1.000003674295173,1.000004005099358,0.9999997159479345
1.0000022765208902,-1.0000021134922057,1.0000025895511597,1.0000000013187398,1.0000020686620594,-1.0000012671360397,-1.0000025601083162,1.0000001723071412,1.000002991920448,-1.0000031940238088,1.0000032021986316,-0.9999994774891938,-0.9999998304716402,0.9999991977707451,0.9999992364757074,0.9999995170870081,-0.9999993186312732,-0.9999990437541129,-0.9999990346839914,-1.0000029982057983,1.0000032560483783,0.9999989668935407
1.0000025046844208,-1.0000024146176871,1.0000028177146856,1.0000020686620594,1.0000000016457036,-1.0000014952996774,-1.0000027153099402,1.0000004004708178,1.0000032200839748,-1.0000034221873015,1.0000034303621073,-0.9999997056528707,-1.000000058635336,0.9999994259344204,0.9999994646393732,0.9999997452507029,-0.9999995467949653,-0.9999992719177753,-0.9999992628476384,-1.0000032263692644,1.0000034842118086,0.9999991950571854
-1.000001776120752,1.000001686053924,-1.000002089151101,-1.0000012671360397,-1.0000014952996774,1.0000000006016534,1.0000020597081563,-0.9999995989441733,-1.0000024915204744,1.0000026936239839,-1.0000027017988653,0.9999989770880156,0.9999993300704748,-0.999998697369508,-0.9999987360745126,-0.999999016685779,0.9999988182300118,0.9999985433528886,0.9999985342828138,1.0000024978060196,-1.0000027556487607,-0.9999984664923552
-1.0000029961302248,1.000002906063594,-1.000003236198425,-1.0000025601083162,-1.0000027153099402,1.0000020597081563,1.000000002349958,-1.0000008919179268,-1.0000036385675686,1.0000039136326324,-1.0000039218073653,1.0000001971002312,1.0000005500826419,-0.9999999173818813,-0.9999999560867782,-1.00000023669812,1.0000000382424414,0.9999997633652353,0.9999997542950444,1.000003717814562,-1.0000039756568806,-0.9999996865046122
1.0000006083305986,-1.000000518263614,1.0000009213610854,1.0000001723071412,1.0000004004708178,-0.9999995989441733,-1.0000008919179268,0.9999999989281791,1.0000013237305994,-1.0000015258344035,1.0000015340094106,-0.999997736333979,-0.9999980893164337,0.9999975295773146,0.9999975682824044,0.9999978488935666,-0.9999976504377525,-0.9999973755607386,-0.9999973664907644,-1.0000013300165556,1.0000015878596207,0.9999972987002897
1.0000034279420438,-1.0000033378754831,1.0000037409721005,1.000002991920448,1.0000032200839748,-1.0000024915204744,-1.0000036385675686,1.0000013237305994,1.0000000029687546,-1.0000042724822125,1.0000043536188288,-1.0000006289130519,-1.000000981895442,1.0000003491947593,1.0000003878996175,1.0000006685109852,-1.0000004700553369,-1.0000001951781068,-1.000000186107871,-1.0000041496260392,1.000004407468207,1.000000118317448
-1.000003630045181,1.0000035399786706,-1.0000039430751682,-1.0000031940238088,-1.0000034221873015,1.0000026936239839,1.0000039136326324,-1.0000015258344035,-1.0000042724822125,1.0000000032583731,-1.0000044827597465,1.0000008310169932,1.000001183999349,-1.0000005512987544,-1.0000005900035875,-1.000000870614953,1.0000006721593389,1.0000003972821068,1.0000003882118473,1.0000043517289192,-1.000004609570975,-1.0000003204214347
1.0000036382199287,-1.0000035481534357,1.0000039512498864,1.0000032021986316,1.0000034303621073,-1.0000027017988653,-1.0000039218073653,1.0000015340094106,1.0000043536188288,-1.0000044827597465,1.0000000032700875,-1.0000008391920638,-1.0000011921743954,1.000000559473853,1.0000005981786773,1.0000008787900287,-1.0000006803344328,-1.0000004054572131,-1.000000396386947,-1.000004286941637,1.0000046177455881,1.00000032859654
-0.999999913512966,0.9999998234459108,-1.0000002265435,-0.9999994774891938,-0.9999997056528707,0.9999989770880156,1.0000001971002312,-0.999997736333979,-1.0000006289130519,1.0000008310169932,-1.0000008391920638,0.9999999979324871,0.9999974674599278,-0.9999967617969512,-0.9999968005020765,-0.9999971540750989,0.999996955619278,0.9999966807423414,0.9999966716724215,1.0000006351992226,-1.0000008930424356,-0.9999966038819468
-1.0000002664953267,1.000000176428291,-1.0000005795258722,-0.9999998304716402,-1.000000058635336,0.9999993300704748,1.0000005500826419,-0.9999980893164337,-1.000000981895442,1.000001183999349,-1.0000011921743954,0.9999974674599278,0.9999999984383194,-0.9999971877412884,-0.9999972264464058,-0.999997434095612,0.9999973086017092,0.9999970337247173,0.9999970246547796,1.0000009881815317,-1.000001246024709,-0.999996956864298
0.9999996337946414,-0.9999995437275565,0.9999999468251931,0.9999991977707451,0.9999994259344204,-0.999998697369508,-0.9999999173818813,0.9999975295773146,1.0000003491947593,-1.0000005512987544,1.000000559473853,-0.9999967617969512,-0.9999971877412884,0.9999999975316429,0.9999965937453952,0.9999968743564498,-0.9999966029386904,-0.9999963280617874,-0.9999963919538235,-1.0000003554810153,1.0000006133242856,0.999996324163348
0.9999996724995447,-0.9999995824324733,0.9999999855300754,0.9999992364757074,0.9999994646393732,-0.9999987360745126,-0.9999999560867782,0.9999975682824044,1.0000003878996175,-1.0000005900035875,1.0000005981786773,-0.9999968005020765,-0.9999972264464058,0.9999965937453952,0.9999999975871086,0.9999969130615863,-0.9999967146057703,-0.9999964397288702,-0.9999963576970328,-1.0000003941858473,1.0000006520290876,0.9999963628684952
0.9999999531108333,-0.9999998630437673,1.0000002661413971,0.9999995170870081,0.9999997452507029,-0.999999016685779,-1.00000023669812,0.9999978488935666,1.0000006685109852,-1.000000870614953,1.0000008787900287,-0.9999971540750989,-0.999997434095612,0.9999968743564498,0.9999969130615863,0.9999999979892311,-0.9999969222549182,-0.9999967203398957,-0.9999967112699809,-1.0000006747971693,1.0000009326404122,0.9999966434794996
-0.9999997546551761,0.999999664588092,-1.000000067685748,-0.9999993186312732,-0.9999995467949653,0.9999988182300118,1.0000000382424414,-0.9999976504377525,-1.0000004700553369,1.0000006721593389,-1.0000006803344328,0.999996955619278,0.9999973086017092,-0.9999966029386904,-0.9999967146057703,-0.9999969222549182,0.9999999977048388,0.9999965218840848,0.9999965128141809,1.000000476341581,-1.0000007341848576,-0.999996445023704
-0.999999479778023,0.9999993897109338,-0.9999997928085606,-0.9999990437541129,-0.9999992719177753,0.9999985433528886,0.9999997633652353,-0.9999973755607386,-1.0000001951781068,1.0000003972821068,-1.0000004054572131,0.9999966807423414,0.9999970337247173,-0.9999963280617874,-0.9999964397288702,-0.9999967203398957,0.9999965218840848,0.9999999973109336,0.9999962379373172,1.00000020146439,-1.0000004593076628,-0.9999960971849072
-0.9999994707078462,0.9999993806407697,-0.9999997837383572,-0.9999990346839914,-0.9999992628476384,0.9999985342828138,0.9999997542950444,-0.9999973664907644,-1.000000186107871,1.0000003882118473,-1.000000396386947,0.9999966716724215,0.9999970246547796,-0.9999963919538235,-0.9999963576970328,-0.9999967112699809,0.9999965128141809,0.9999962379373172,0.9999999972979361,1.0000001923941377,-1.0000004502373794,-0.9999960881150226
-1.0000034342271507,1.0000033441606446,-1.000003674295173,-1.0000029982057983,-1.0000032263692644,1.0000024978060196,1.000003717814562,-1.0000013300165556,-1.0000041496260392,1.0000043517289192,-1.000004286941637,1.0000006351992226,1.0000009881815317,-1.0000003554810153,-1.0000003941858473,-1.0000006747971693,1.000000476341581,1.00000020146439,1.0000001923941377,1.000000002977761,-1.0000043407909391,-1.0000001246037324
1.0000036920694761,-1.0000036020030287,1.000004005099358,1.0000032560483783,1.0000034842118086,-1.0000027556487607,-1.0000039756568806,1.0000015878596207,1.000004407468207,-1.000004609570975,1.0000046177455881,-1.0000008930424356,-1.000001246024709,1.0000006133242856,1.0000006520290876,1.0000009326404122,-1.0000007341848576,-1.0000004593076628,-1.0000004502373794,-1.0000043407909391,1.000000003347255,1.0000003824469872
0.9999994029174201,-0.9999993128503382,0.9999997159479345,0.9999989668935407,0.9999991950571854,-0.9999984664923552,-0.9999996865046122,0.9999972987002897,1.000000118317448,-1.0000003204214347,1.00000032859654,-0.9999966038819468,-0.999996956864298,0.999996324163348,0.9999963628684952,0.9999966434794996,-0.999996445023704,-0.9999960971849072,-0.9999960881150226,-1.0000001246037324,1.0000003824469872,0.9999999972007908
