1.0000000097118065,-1.0000126904733968,1.0000117624263252,1.0000114678062535,-1.0000038229787265,1.0000018472412084,1.000001847241206,1.0000081576923028,-1.0000004775052833,-1.0000004775052806,-1.0000103473691055,-1.0000100067432296,1.0000109713881289,-1.0000115732563544,-1.0000095760161185,1.0000112017604594,1.0000058899928872,0.9999999891489395,-1.0000041856160031,-1.0000041856160071,1.0000029799997274,1.000002979999732,-1.0000025466503013
-1.0000126904733968,1.0000000082400329,-1.0000108907094942,-1.000010596089733,1.0000027953474684,-1.0000008196118224,-1.0000008196118206,-1.0000071300569258,0.9999994498772019,0.9999994498771987,1.000009319731658,1.0000089791060855,-1.0000099437501144,1.000010545617758,1.000008548379463,-1.0000101741221872,-1.0000048623597566,-0.9999989615213241,1.0000031579844997,1.0000031579845023,-1.0000019523693793,-1.0000019523693837,1.0000015190203684
1.0000117624263252,-1.0000108907094942,1.0000000071342057,1.0000096680440895,-1.0000020232289895,1.000000047494709,1.0000000474947084,1.0000063579354428,-0.9999986777610433,-0.9999986777610399,-1.0000087035305978,-1.00000820698331,1.0000091716267148,-1.0000099294158615,-1.0000077762570625,1.0000094019985928,1.000004090239936,0.999998189405505,-1.0000023858658682,-1.0000023858658713,1.0000011802515931,1.000001180251596,-1.0000007469028855
1.0000114678062535,-1.000010596089733,1.0000096680440895,1.0000000067122548,-1.0000017286118486,0.9999997528781636,0.9999997528781616,1.0000060633169976,-0.9999983831449084,-0.9999983831449054,-1.0000082529895633,-1.0000079123643122,1.0000088770074236,-1.0000094788744591,-1.0000076375601208,1.0000091073792345,1.0000037956221692,0.9999978947895182,-1.0000020912486154,-1.0000020912486167,1.0000008856347016,1.000000885634705,-1.000000452286124
-1.0000038229787265,1.0000027953474684,-1.0000020232289895,-1.0000017286118486,0.9999999957634808,-0.9999922640550895,-0.99999226405509,-0.9999985744491452,0.9999907384096495,0.9999907384096459,1.0000006081843014,1.000000267561331,-1.0000012321979181,1.0000018340606,0.9999998368388121,-1.0000014625678264,-0.9999961508491391,-0.999990250057742,0.9999944464877338,0.9999944464877369,-0.9999932408824453,-0.9999932408824497,0.9999928075369775
1.0000018472412084,-1.0000008196118224,1.000000047494709,0.9999997528781636,-0.9999922640550895,0.9999999929338801,0.9999901324171193,0.9999964427995278,-0.9999889186180747,-0.9999887626961419,-0.9999986324525848,-0.9999982918302102,0.999999256465095,-0.9999998583266447,-0.9999978611086182,0.9999994868345143,0.9999941751257955,0.9999882743451413,-0.9999924707675469,-0.9999924707675509,0.9999912651645024,0.9999912651645056,-0.99999083181984
1.000001847241206,-1.0000008196118206,1.0000000474947084,0.9999997528781616,-0.99999226405509,0.9999901324171193,0.9999999929338801,0.9999964427995246,-0.999988762696143,-0.9999889186180663,-0.9999986324525835,-0.9999982918302084,0.9999992564650929,-0.9999998583266444,-0.999997861108616,0.9999994868345122,0.999994175125793,0.9999882743451396,-0.9999924707675455,-0.999992470767549,0.9999912651645008,0.9999912651645038,-0.9999908318198384
1.0000081576923028,-1.0000071300569258,1.0000063579354428,1.0000060633169976,-0.9999985744491452,0.9999964427995278,0.9999964427995246,1.0000000019715638,-0.9999950730704465,-0.9999950730704437,-1.000005098807049,-1.0000047581827678,1.0000055669011714,-1.0000061687663377,-1.0000041715362877,1.0000057972721519,1.0000004855315658,0.9999945847165491,-0.999998781163217,-0.9999987811632212,0.9999975755530032,0.9999975755530062,-0.9999971422057605
-1.0000004775052833,0.9999994498772019,-0.9999986777610433,-0.9999983831449084,0.9999907384096495,-0.9999889186180747,-0.999988762696143,-0.9999950730704465,0.9999999909721828,0.9999873929769275,0.9999972627207022,0.9999969220987428,-0.9999978867324401,0.9999984885932035,0.9999964913777883,-0.9999981171015208,-0.9999928053997325,-0.9999870605484937,0.9999911010436808,0.9999911010436833,-0.9999898954421956,-0.9999898954421979,0.9999894620980964
-1.0000004775052806,0.9999994498771987,-0.9999986777610399,-0.9999983831449054,0.9999907384096459,-0.9999887626961419,-0.9999889186180663,-0.9999950730704437,0.9999873929769275,0.9999999909721828,0.9999972627206991,0.9999969220987396,-0.9999978867324355,0.9999984885932002,0.9999964913777856,-0.999998117101517,-0.9999928053997287,-0.9999870605484862,0.9999911010436775,0.9999911010436813,-0.9999898954421927,-0.9999898954421954,0.9999894620980934
-1.0000103473691055,1.000009319731658,-1.0000087035305978,-1.0000082529895633,1.0000006081843014,-0.9999986324525848,-0.9999986324525835,-1.000005098807049,0.9999972627207022,0.9999972627206991,1.0000000051075812,1.0000067919305686,-1.000007756572788,1.0000083584392003,1.0000063612049932,-1.0000079869443088,-1.0000026751926956,-0.9999967743658055,1.000000970820854,1.0000009708208573,-0.9999997652081587,-0.9999997652081625,0.9999993318600225
-1.0000100067432296,1.0000089791060855,-1.00000820698331,-1.0000079123643122,1.000000267561331,-0.9999982918302102,-0.9999982918302084,-1.0000047581827678,0.9999969220987428,0.9999969220987396,1.0000067919305686,1.0000000046197424,-1.0000074159476695,1.0000080178138981,1.000006020580314,-1.0000078022410401,-1.0000023345691411,-0.9999964337439935,1.00000063019782,1.0000006301978224,-0.9999994245854957,-0.9999994245854982,0.99999899123749
1.0000109713881289,-1.0000099437501144,1.0000091716267148,1.0000088770074236,-1.0000012321979181,0.999999256465095,0.9999992564650929,1.0000055669011714,-0.9999978867324401,-0.9999978867324355,-1.000007756572788,-1.0000074159476695,1.0000000060012915,-1.000009138379091,-1.0000071411437224,1.0000086109620765,1.0000032992074028,0.9999973983772634,-1.0000015948345982,-1.0000015948346,1.0000003892212181,1.0000003892212206,-0.9999999558728341
-1.0000115732563544,1.000010545617758,-1.0000099294158615,-1.0000094788744591,1.0000018340606,-0.9999998583266447,-0.9999998583266444,-1.0000061687663377,0.9999984885932035,0.9999984885932002,1.0000083584392003,1.0000080178138981,-1.000009138379091,1.0000000068632788,1.000007587087742,-1.0000093687509197,-1.000003901071233,-0.99999800023775,1.0000021966974466,1.0000021966974513,-1.000000991083374,-1.0000009910833787,1.0000005577347402
-1.0000095760161185,1.000008548379463,-1.0000077762570625,-1.0000076375601208,0.9999998368388121,-0.9999978611086182,-0.999997861108616,-1.0000041715362877,0.9999964913777883,0.9999964913777856,1.0000063612049932,1.000006020580314,-1.0000071411437224,1.000007587087742,1.0000000040028623,-1.0000072155931352,-1.0000020597675563,-0.9999960030232679,1.0000001994750936,1.0000001994750964,-0.9999989938633281,-0.9999989938633329,0.9999985605155272
1.0000112017604594,-1.0000101741221872,1.0000094019985928,1.0000091073792345,-1.0000014625678264,0.9999994868345143,0.9999994868345122,1.0000057972721519,-0.9999981171015208,-0.999998117101517,-1.0000079869443088,-1.0000078022410401,1.0000086109620765,-1.0000093687509197,-1.0000072155931352,1.0000000063312278,1.0000035295778378,0.9999976287462272,-1.0000018252046106,-1.0000018252046137,1.000000619590937,1.0000006195909397,-1.0000001862424477
1.0000058899928872,-1.0000048623597566,1.000004090239936,1.0000037956221692,-0.9999961508491391,0.9999941751257955,0.999994175125793,1.0000004855315658,-0.9999928053997325,-0.9999928053997287,-1.0000026751926956,-1.0000023345691411,1.0000032992074028,-1.000003901071233,-1.0000020597675563,1.0000035295778378,0.9999999987238114,0.9999923170469104,-0.9999966694063718,-0.9999966694063777,0.9999953078768916,0.9999953078768941,-0.9999948745306072
0.9999999891489395,-0.9999989615213241,0.999998189405505,0.9999978947895182,-0.999990250057742,0.9999882743451413,0.9999882743451396,0.9999945847165491,-0.9999870605484937,-0.9999870605484862,-0.9999967743658055,-0.9999964337439935,0.9999973983772634,-0.99999800023775,-0.9999960030232679,0.9999976287462272,0.9999923170469104,0.9999999902727733,-0.9999906126916457,-0.9999906126916503,0.9999894070907172,0.9999894070907205,-0.9999889737468173
-1.0000041856160031,1.0000031579844997,-1.0000023858658682,-1.0000020912486154,0.9999944464877338,-0.9999924707675469,-0.9999924707675455,-0.999998781163217,0.9999911010436808,0.9999911010436775,1.000000970820854,1.00000063019782,-1.0000015948345982,1.0000021966974466,1.0000001994750936,-1.0000018252046106,-0.9999966694063718,-0.9999906126916457,0.9999999962828421,0.9999948091225941,-0.9999937594389108,-0.9999936035169845,0.9999931701713956
-1.0000041856160071,1.0000031579845023,-1.0000023858658713,-1.0000020912486167,0.9999944464877369,-0.9999924707675509,-0.999992470767549,-0.9999987811632212,0.9999911010436833,0.9999911010436813,1.0000009708208573,1.0000006301978224,-1.0000015948346,1.0000021966974513,1.0000001994750964,-1.0000018252046137,-0.9999966694063777,-0.9999906126916503,0.9999948091225941,0.9999999962828421,-0.9999936035169855,-0.9999937594389194,0.9999931701713993
1.0000029799997274,-1.0000019523693793,1.0000011802515931,1.0000008856347016,-0.9999932408824453,0.9999912651645024,0.9999912651645008,0.9999975755530032,-0.9999898954421956,-0.9999898954421927,-0.9999997652081587,-0.9999994245854957,1.0000003892212181,-1.000000991083374,-0.9999989938633281,1.000000619590937,0.9999953078768916,0.9999894070907172,-0.9999937594389108,-0.9999936035169855,0.9999999945561885,0.9999923979127545,-0.9999921204895934
1.000002979999732,-1.0000019523693837,1.000001180251596,1.000000885634705,-0.9999932408824497,0.9999912651645056,0.9999912651645038,0.9999975755530062,-0.9999898954421979,-0.9999898954421954,-0.9999997652081625,-0.9999994245854982,1.0000003892212206,-1.0000009910833787,-0.9999989938633329,1.0000006195909397,0.9999953078768941,0.9999894070907205,-0.9999936035169845,-0.9999937594389194,0.9999923979127545,0.9999999945561885,-0.9999921204895973
-1.0000025466503013,1.0000015190203684,-1.0000007469028855,-1.000000452286124,0.9999928075369775,-0.99999083181984,-0.9999908318198384,-0.9999971422057605,0.9999894620980964,0.9999894620980934,0.9999993318600225,0.99999899123749,-0.9999999558728341,1.0000005577347402,0.9999985605155272,-1.0000001862424477,-0.9999948745306072,-0.9999889737468173,0.9999931701713956,0.9999931701713993,-0.9999921204895934,-0.9999921204895973,0.9999999939355565
