1.0000000002122982,-0.9999992415481427,-0.9999992415481497,-0.9999992415481508,-0.9999992048873354,0.8090221141292357,0.8090126994888535,-0.05062235051265405,0.050622221868062776,0.05062222186806106,0.05062222186806061,0.05062267082821908,-0.1993618148607627,0.11745248673185603,0.13098250180072932,-0.2719481164701442,0.06001438657091898,0.3090360513931499,0.271950317414529,-0.22808783589582668,-0.06001411681571959,-0.3090302736197366,-0.3090067705409892,-0.24066438048884783,-0.2280911510803918,0.22809034119143423,-0.22809115108039166,0.06001377896558396,-0.06001344469564382,0.0600131413664963,-0.06001302196026701,-0.06001302196026661
-0.9999992415481427,0.999999999620191,0.9999994510943824,0.9999994510943842,0.9999994016517729,-0.8090224454353677,-0.8090116640431996,0.05062261425647321,-0.05062248603722618,-0.05062248603722476,-0.050622486037224364,-0.05062293083705954,0.19936243640354825,-0.11745269300186553,-0.1309827414103279,0.27194885134716423,-0.060014730340326665,-0.30903698919516537,-0.27195106060974655,0.2280886180479266,0.06001447163546642,0.3090312299600108,0.3090055351976599,0.24066496910306667,0.2280919348157649,-0.22809112513644697,0.22809193481576506,-0.06001414487180429,0.060013820086923866,-0.06001352396354513,0.060013406597363816,0.06001340659736335
-0.9999992415481497,0.9999994510943824,0.999999999620191,0.9999994510943863,0.9999994016517755,-0.809022445435367,-0.8090116640432006,0.050622614256476815,-0.05062248603722971,-0.05062248603722857,-0.05062248603722752,-0.050622930837063075,0.199362436403551,-0.11745269300186272,-0.13098274141033142,0.27194885134716484,-0.060014730340322134,-0.309036989195164,-0.27195106060974755,0.22808861804792288,0.0600144716354622,0.30903122996000915,0.3090055351976627,0.24066496910306598,0.22809193481576143,-0.2280911251364429,0.228091934815761,-0.06001414487179965,0.06001382008691936,-0.06001352396354083,0.06001340659735973,0.06001340659735884
-0.9999992415481508,0.9999994510943842,0.9999994510943863,0.999999999620191,0.9999994016517756,-0.8090224454353699,-0.8090116640431992,0.050622614256474595,-0.05062248603722777,-0.05062248603722605,-0.05062248603722552,-0.05062293083706065,0.1993624364035505,-0.11745269300186563,-0.13098274141033037,0.2719488513471667,-0.060014730340324854,-0.30903698919516726,-0.2719510606097493,0.22808861804792682,0.06001447163546512,0.30903122996001264,0.30900553519766016,0.240664969103069,0.22809193481576495,-0.22809112513644714,0.22809193481576495,-0.06001414487180248,0.0600138200869223,-0.06001352396354368,0.06001340659736246,0.06001340659736192
-0.9999992048873354,0.9999994016517729,0.9999994016517755,0.9999994016517756,0.9999999995906264,-0.8090184387590245,-0.8090144926379413,0.05062117647632517,-0.05062104415521012,-0.05062104415520859,-0.050621044155207906,-0.050621519448350624,0.19935882794580562,-0.11745133234164927,-0.13098117877566912,0.27194448845532676,-0.06001290626441887,-0.3090315720918581,-0.2719466437892289,0.2280841884074472,0.06001257666923266,0.3090257552848673,0.3090110668188482,0.24066138429276848,0.2280874874030444,-0.22808667899578686,0.2280874874030445,-0.06001218052848981,0.06001179648773709,-0.06001145510170247,0.06001132439330919,0.0600113243933088
0.8090221141292357,-0.8090224454353677,-0.809022445435367,-0.8090224454353699,-0.8090184387590245,0.9999999997423695,0.30901827489511186,-0.18416798486166902,0.1841674453976325,0.18416744539763216,0.1841674453976314,0.18416957687900287,-0.5267145005146405,0.228720472338741,0.2719343563212217,-0.668069328353065,0.22807033636011326,0.8090236652356333,0.668070522360149,-0.6409613883388702,-0.22806841877080142,-0.8090194419328622,0.3090190218014351,-0.5542469109726552,-0.6409634906811886,0.6409630374219965,-0.6409634906811885,0.22806652614131903,-0.22806486652364777,0.22806347824685136,-0.22806295837886975,-0.22806295837886964
0.8090126994888535,-0.8090116640431996,-0.8090116640432006,-0.8090116640431992,-0.8090144926379413,0.30901827489511186,1.0000000000209721,0.10226252156449839,-0.10226220141789431,-0.1022622014178964,-0.10226220141789721,-0.10226352875885225,0.20414854177738265,-0.03868157570267509,-0.06000389850033683,0.22805805280690458,-0.13096906564867578,-0.3090051638390998,-0.22805581526769333,0.27191754561847237,0.1309677552823524,0.3090109976843658,-0.8090146489316514,0.16485206226555885,0.27191433577132057,-0.2719151871481108,0.2719143357713211,-0.1309665747732417,0.1309655970830797,-0.13096480727261722,0.13096451264766296,0.13096451264766348
-0.05062235051265405,0.05062261425647321,0.050622614256476815,0.050622614256474595,0.05062117647632517,-0.18416798486166902,0.10226252156449839,1.0000000009570376,-1.0000001875750546,-1.000000187575055,-1.0000001875750613,-1.0000006212220027,0.8090148116412708,0.8090202605544957,-0.25261182724036363,0.30900756239124283,0.09972745576599919,-0.2473708945994873,-0.30901036241988505,0.09124813208582988,-0.09972623119200738,0.2473702113731772,-0.21608532954255022,-0.3090224925663099,0.0912470963344074,-0.0912473728427772,0.09124709633440678,0.09972510148695309,-0.09972412420863408,0.09972331802174683,-0.09972302291829607,-0.09972302291829668
0.050622221868062776,-0.05062248603722618,-0.05062248603722971,-0.05062248603722777,-0.05062104415521012,0.1841674453976325,-0.10226220141789431,-1.0000001875750546,1.0000000002245795,1.0000002981877723,1.0000002981877734,1.0000007248361473,-0.8090140114754356,-0.8090202112925872,0.25261125324329753,-0.30900676664571547,-0.09972731694023272,0.24737016292849176,0.3090095802939692,-0.0912477617211057,0.09972607026424832,-0.24736947573728832,0.21608467748426038,0.30902294306026146,-0.091246731934339,0.09124700692488893,-0.09124673193433845,-0.09972492212642614,0.0997239297084161,-0.09972311167906553,0.09972281220378915,0.09972281220378998
0.05062222186806106,-0.05062248603722476,-0.05062248603722857,-0.05062248603722605,-0.05062104415520859,0.18416744539763216,-0.1022622014178964,-1.000000187575055,1.0000002981877723,1.0000000002245795,1.0000002981877727,1.0000007248361473,-0.8090140114754383,-0.809020211292588,0.25261125324329764,-0.30900676664571647,-0.09972731694023294,0.24737016292849223,0.3090095802939704,-0.09124776172110577,0.09972607026424854,-0.24736947573728907,0.21608467748426202,0.30902294306026057,-0.09124673193433923,0.09124700692488912,-0.09124673193433858,-0.09972492212642622,0.09972392970841615,-0.09972311167906571,0.09972281220378934,0.09972281220379026
0.05062222186806061,-0.050622486037224364,-0.05062248603722752,-0.05062248603722552,-0.050621044155207906,0.1841674453976314,-0.10226220141789721,-1.0000001875750613,1.0000002981877734,1.0000002981877727,1.0000000002245795,1.0000007248361498,-0.8090140114754389,-0.8090202112925888,0.2526112532432983,-0.3090067666457168,-0.09972731694023317,0.2473701629284924,0.3090095802939707,-0.09124776172110564,0.0997260702642488,-0.2473694757372889,0.2160846774842625,0.3090229430602624,-0.09124673193433912,0.09124700692488891,-0.09124673193433826,-0.09972492212642675,0.0997239297084167,-0.09972311167906604,0.09972281220378987,0.09972281220379048
0.05062267082821908,-0.05062293083705954,-0.050622930837063075,-0.05062293083706065,-0.050621519448350624,0.18416957687900287,-0.10226352875885225,-1.0000006212220027,1.0000007248361473,1.0000007248361473,1.0000007248361498,1.000000000853628,-0.8090155782978127,-0.8090181612018714,0.2526134643821755,-0.3090099057847141,-0.09972779411275863,0.24737309872327604,0.3090126841655765,-0.09124929786259567,0.0997266491931391,-0.24737242178232513,0.21608731163330747,0.30902014719745885,-0.09124823347841297,0.09124851707944365,-0.09124823347841225,-0.09972558553048458,0.09972466233532597,-0.09972389845918152,0.09972361909950359,0.0997236190995043
-0.1993618148607627,0.19936243640354825,0.199362436403551,0.1993624364035505,0.19935882794580562,-0.5267145005146405,0.20414854177738265,0.8090148116412708,-0.8090140114754356,-0.8090140114754383,-0.8090140114754389,-0.8090155782978127,1.0000000003502136,0.30901607027867417,-0.6561251760822923,0.809014033460947,0.2526197246789778,-0.6528864431165762,-0.8090153248532982,0.24737869787693387,-0.2526205809009988,0.6528862205428796,-0.529678010007909,0.30901672356610155,0.24737855314221815,-0.24737863360607462,0.24737855314221807,0.25262132835949613,-0.2526219528325474,0.25262235440798914,-0.25262245483080115,-0.2526224548308025
0.11745248673185603,-0.11745269300186553,-0.11745269300186272,-0.11745269300186563,-0.11745133234164927,0.228720472338741,-0.03868157570267509,0.8090202605544957,-0.8090202112925872,-0.809020211292588,-0.8090202112925888,-0.8090181612018714,0.30901607027867417,1.0000000010967438,0.24738637411059075,-0.30902324420018434,-0.09125634181633224,0.2526262959532672,0.30902066463449457,-0.09973320458150367,0.09125896735825634,-0.2526271657079716,0.1800394468130646,-0.8090183800217223,-0.09973481618860962,0.0997344295093659,-0.09973481618861048,-0.09126136763896305,0.09126343044353005,-0.09126502463049782,0.09126556085372776,0.09126556085372783
0.13098250180072932,-0.1309827414103279,-0.13098274141033142,-0.13098274141033037,-0.13098117877566912,0.2719343563212217,-0.06000389850033683,-0.25261182724036363,0.25261125324329753,0.25261125324329764,0.2526112532432983,0.2526134643821755,-0.6561251760822923,0.24738637411059075,0.9999999994819762,-0.8090163442722077,-0.8090163705812969,0.30901843431259385,0.8090174479074096,0.30901557918442074,0.8090186556708556,-0.30901907320428923,0.22806951787566257,-0.652892773034632,0.30901433916719895,-0.3090146666177965,0.3090143391671984,-0.8090199811371372,0.8090210774819959,-0.8090216707489666,0.8090217449158246,0.8090217449158273
-0.2719481164701442,0.27194885134716423,0.27194885134716484,0.2719488513471667,0.27194448845532676,-0.668069328353065,0.22805805280690458,0.30900756239124283,-0.30900676664571547,-0.30900676664571647,-0.3090067666457168,-0.3090099057847141,0.809014033460947,-0.30902324420018434,-0.8090163442722077,0.9999999998046981,0.3090181333663705,-0.8090170429134255,-0.9999993311247756,0.3090177193252334,-0.30902071784401686,0.8090179943609183,-0.6409500620788268,0.809019885166459,0.30901858223836853,-0.30901841883721204,0.30901858223836914,0.309023044731132,-0.309025026433472,0.30902647828423757,-0.309026930811327,-0.30902693081132787
0.06001438657091898,-0.060014730340326665,-0.060014730340322134,-0.060014730340324854,-0.06001290626441887,0.22807033636011326,-0.13096906564867578,0.09972745576599919,-0.09972731694023272,-0.09972731694023294,-0.09972731694023317,-0.09972779411275863,0.2526197246789778,-0.09125634181633224,-0.8090163705812969,0.3090181333663705,1.0000000000082123,0.3090150669303527,-0.309018699390327,-0.8090153770718699,-0.9999995668950977,-0.30901429884118176,0.27192521689314647,0.2473833925240734,-0.8090148720704381,0.8090152327857881,-0.8090148720704383,1.0000000827214675,-0.999999935986587,0.9999994908527391,-0.9999991765444327,-0.999999176544435
0.3090360513931499,-0.30903698919516537,-0.309036989195164,-0.30903698919516726,-0.3090315720918581,0.8090236652356333,-0.3090051638390998,-0.2473708945994873,0.24737016292849176,0.24737016292849223,0.2473701629284924,0.24737309872327604,-0.6528864431165762,0.2526262959532672,0.30901843431259385,-0.8090170429134255,0.3090150669303527,1.0000000006138627,0.8090175016108024,-0.8090168846111007,-0.3090124015947431,-1.0000001202354767,0.8090122684323292,-0.6561311004534215,-0.8090176519309314,0.8090177156410066,-0.8090176519309314,0.30900982896055706,-0.3090076050623829,0.30900576047355666,-0.3090050728662314,-0.30900507286623147
0.271950317414529,-0.27195106060974655,-0.27195106060974755,-0.2719510606097493,-0.2719466437892289,0.668070522360149,-0.22805581526769333,-0.30901036241988505,0.3090095802939692,0.3090095802939704,0.3090095802939707,0.3090126841655765,-0.8090153248532982,0.30902066463449457,0.8090174479074096,-0.9999993311247756,-0.309018699390327,0.8090175016108024,1.000000000192089,-0.3090172166765174,0.30902121574247615,-0.8090178296263355,0.6409486035128381,-0.8090178561838127,-0.3090180827544651,0.309017919727057,-0.309018082754465,-0.3090234813677449,0.30902541074722023,-0.30902682132022313,0.3090272605257826,0.3090272605257848
-0.22808783589582668,0.2280886180479266,0.22808861804792288,0.22808861804792682,0.2280841884074472,-0.6409613883388702,0.27191754561847237,0.09124813208582988,-0.0912477617211057,-0.09124776172110577,-0.09124776172110564,-0.09124929786259567,0.24737869787693387,-0.09973320458150367,0.30901557918442074,0.3090177193252334,-0.8090153770718699,-0.8090168846111007,-0.3090172166765174,1.0000000004400713,0.8090144326730206,0.809016934746772,-0.6680558860559968,0.25262123674162396,0.9999999795345119,-0.9999996189950041,0.9999999795345128,-0.8090127359492288,0.8090112357735796,-0.8090097939815079,0.8090091674325786,0.80900916743258
-0.06001411681571959,0.06001447163546642,0.0600144716354622,0.06001447163546512,0.06001257666923266,-0.22806841877080142,0.1309677552823524,-0.09972623119200738,0.09972607026424832,0.09972607026424854,0.0997260702642488,0.0997266491931391,-0.2526205809009988,0.09125896735825634,0.8090186556708556,-0.30902071784401686,-0.9999995668950977,-0.3090124015947431,0.30902121574247615,0.8090144326730206,1.0000000004337384,0.3090115969640237,-0.2719227518173837,-0.2473865424099477,0.8090133329280094,-0.8090136895707304,0.8090133329280094,-1.00000004822252,1.0000006830316042,-1.0000003601818788,1.0000000862582212,1.0000000862582237
-0.3090302736197366,0.3090312299600108,0.30903122996000915,0.30903122996001264,0.3090257552848673,-0.8090194419328622,0.3090109976843658,0.2473702113731772,-0.24736947573728832,-0.24736947573728907,-0.2473694757372889,-0.24737242178232513,0.6528862205428796,-0.2526271657079716,-0.30901907320428923,0.8090179943609183,-0.30901429884118176,-1.0000001202354767,-0.8090178296263355,0.809016934746772,0.3090115969640237,1.0000000005188618,-0.8090152413712977,0.6561318463276762,0.8090170673996254,-0.8090171361658264,0.809017067399625,-0.3090089967551777,0.30900675121384324,-0.3090048894815335,0.30900419352991687,0.3090041935299171
-0.3090067705409892,0.3090055351976599,0.3090055351976627,0.30900553519766016,0.3090110668188482,0.3090190218014351,-0.8090146489316514,-0.21608532954255022,0.21608467748426038,0.21608467748426202,0.2160846774842625,0.21608731163330747,-0.529678010007909,0.1800394468130646,0.22806951787566257,-0.6409500620788268,0.27192521689314647,0.8090122684323292,0.6409486035128381,-0.6680558860559968,-0.2719227518173837,-0.8090152413712977,1.0000000005678207,-0.5073975630663234,-0.6680539970524492,0.6680545637634748,-0.6680539970524484,0.2719204309440617,-0.271918452484333,0.27191682382501214,-0.27191621402418403,-0.27191621402418403
-0.24066438048884783,0.24066496910306667,0.24066496910306598,0.240664969103069,0.24066138429276848,-0.5542469109726552,0.16485206226555885,-0.3090224925663099,0.30902294306026146,0.30902294306026057,0.3090229430602624,0.30902014719745885,0.30901672356610155,-0.8090183800217223,-0.652892773034632,0.809019885166459,0.2473833925240734,-0.6561311004534215,-0.8090178561838127,0.25262123674162396,-0.2473865424099477,0.6561318463276762,-0.5073975630663234,1.0000000006057979,0.2526227882104108,-0.2526224434627833,0.25262278821041123,0.24738940423065955,-0.24739185422206655,0.24739369770208905,-0.24739429538659383,-0.2473942953865946
-0.2280911510803918,0.2280919348157649,0.22809193481576143,0.22809193481576495,0.2280874874030444,-0.6409634906811886,0.27191433577132057,0.0912470963344074,-0.091246731934339,-0.09124673193433923,-0.09124673193433912,-0.09124823347841297,0.24737855314221815,-0.09973481618860962,0.30901433916719895,0.30901858223836853,-0.8090148720704381,-0.8090176519309314,-0.3090180827544651,0.9999999795345119,0.8090133329280094,0.8090170673996254,-0.6680539970524492,0.2526227882104108,0.9999999995397431,-0.9999989834785523,0.9999993384272999,-0.8090116718675173,0.8090102057959507,-0.8090087908297868,0.809008171453872,0.8090081714538736
0.22809034119143423,-0.22809112513644697,-0.2280911251364429,-0.22809112513644714,-0.22808667899578686,0.6409630374219965,-0.2719151871481108,-0.0912473728427772,0.09124700692488893,0.09124700692488912,0.09124700692488891,0.09124851707944365,-0.24737863360607462,0.0997344295093659,-0.3090146666177965,-0.30901841883721204,0.8090152327857881,0.8090177156410066,0.309017919727057,-0.9999996189950041,-0.8090136895707304,-0.8090171361658264,0.6680545637634748,-0.2526224434627833,-0.9999989834785523,0.9999999999214834,-0.9999989834785523,0.8090120216975532,-0.80901054869987,0.8090091283109265,-0.8090085075633668,-0.8090085075633683
-0.22809115108039166,0.22809193481576506,0.228091934815761,0.22809193481576495,0.2280874874030445,-0.6409634906811885,0.2719143357713211,0.09124709633440678,-0.09124673193433845,-0.09124673193433858,-0.09124673193433826,-0.09124823347841225,0.24737855314221807,-0.09973481618861048,0.3090143391671984,0.30901858223836914,-0.8090148720704383,-0.8090176519309314,-0.309018082754465,0.9999999795345128,0.8090133329280094,0.809017067399625,-0.6680539970524484,0.25262278821041123,0.9999993384272999,-0.9999989834785523,0.9999999995397431,-0.8090116718675169,0.8090102057959504,-0.8090087908297868,0.809008171453872,0.8090081714538733
0.06001377896558396,-0.06001414487180429,-0.06001414487179965,-0.06001414487180248,-0.06001218052848981,0.22806652614131903,-0.1309665747732417,0.09972510148695309,-0.09972492212642614,-0.09972492212642622,-0.09972492212642675,-0.09972558553048458,0.25262132835949613,-0.09126136763896305,-0.8090199811371372,0.309023044731132,1.0000000827214675,0.30900982896055706,-0.3090234813677449,-0.8090127359492288,-1.00000004822252,-0.3090089967551777,0.2719204309440617,0.24738940423065955,-0.8090116718675173,0.8090120216975532,-0.8090116718675169,1.0000000006686134,-1.0000004501379407,1.0000008599236252,-1.000000623122794,-1.0000006231227967
-0.06001344469564382,0.060013820086923866,0.06001382008691936,0.0600138200869223,0.06001179648773709,-0.22806486652364777,0.1309655970830797,-0.09972412420863408,0.0997239297084161,0.09972392970841615,0.0997239297084167,0.09972466233532597,-0.2526219528325474,0.09126343044353005,0.8090210774819959,-0.309025026433472,-0.999999935986587,-0.3090076050623829,0.30902541074722023,0.8090112357735796,1.0000006830316042,0.30900675121384324,-0.271918452484333,-0.24739185422206655,0.8090102057959507,-0.80901054869987,0.8090102057959504,-1.0000004501379407,1.0000000009714147,-1.0000005988959866,1.000001016424768,1.0000010164247708
0.0600131413664963,-0.06001352396354513,-0.06001352396354083,-0.06001352396354368,-0.06001145510170247,0.22806347824685136,-0.13096480727261722,0.09972331802174683,-0.09972311167906553,-0.09972311167906571,-0.09972311167906604,-0.09972389845918152,0.25262235440798914,-0.09126502463049782,-0.8090216707489666,0.30902647828423757,0.9999994908527391,0.30900576047355666,-0.30902682132022313,-0.8090097939815079,-1.0000003601818788,-0.3090048894815335,0.27191682382501214,0.24739369770208905,-0.8090087908297868,0.8090091283109265,-0.8090087908297868,1.0000008599236252,-1.0000005988959866,1.0000000008461407,-1.0000003643458348,-1.000000364345832
-0.06001302196026701,0.060013406597363816,0.06001340659735973,0.06001340659736246,0.06001132439330919,-0.22806295837886975,0.13096451264766296,-0.09972302291829607,0.09972281220378915,0.09972281220378934,0.09972281220378987,0.09972361909950359,-0.25262245483080115,0.09126556085372776,0.8090217449158246,-0.309026930811327,-0.9999991765444327,-0.3090050728662314,0.3090272605257826,0.8090091674325786,1.0000000862582212,0.30900419352991687,-0.27191621402418403,-0.24739429538659383,0.809008171453872,-0.8090085075633668,0.809008171453872,-1.000000623122794,1.000001016424768,-1.0000003643458348,1.0000000005927738,1.0000008140739718
-0.06001302196026661,0.06001340659736335,0.06001340659735884,0.06001340659736192,0.0600113243933088,-0.22806295837886964,0.13096451264766348,-0.09972302291829668,0.09972281220378998,0.09972281220379026,0.09972281220379048,0.0997236190995043,-0.2526224548308025,0.09126556085372783,0.8090217449158273,-0.30902693081132787,-0.999999176544435,-0.30900507286623147,0.3090272605257848,0.80900916743258,1.0000000862582237,0.3090041935299171,-0.27191621402418403,-0.2473942953865946,0.8090081714538736,-0.8090085075633683,0.8090081714538733,-1.0000006231227967,1.0000010164247708,-1.000000364345832,1.0000008140739718,1.0000000005927738
