1.0000000002753862,-1.0000002481678625,-1.0000005231843985,1.0000004267936702,-1.0000005231843987,-1.0000005231844002,-1.0000005231843978,1.0000004267936693,-1.000000523184399,-1.0000005231843998,1.000000102864015,-0.9941253851386498,-0.9941252474517045,-0.9531852097523077,0.9765701251198489,0.9803145656654196,0.5722322975557601,1.0000002545097413,-1.0000002437731694,0.9941256229784109,-0.9941255813427362,-0.9941256349596953,0.9941255000073873,-0.6438542997670803,0.9920084944707881,-0.983720291968321,-0.9941255813427409,0.045134478232554384,-0.9895681992827343,0.9868051672350345,0.9941256229784142,1.0000002788336342,1.0000002788336348,-1.0000003101591568,-1.000000310159149,1.0000003157338173
-1.0000002481678625,1.000000000059046,1.0000003711562866,-1.0000002747833145,1.0000003711562864,1.0000003711562884,1.0000003711562846,-1.0000002747833137,1.0000003711562857,1.000000371156286,-0.9999999647063944,0.994125235435123,0.9941250955453864,0.9531850621200595,-0.9765699791985358,-0.9803144149611429,-0.5722322024348807,-1.0000001162394319,1.0000000918804743,-0.9941254732348745,0.994125431607135,0.9941254852134834,-0.9941253502845113,0.643854209923493,-0.9920083426939388,0.9837201409098891,0.9941254316071406,-0.04513448156900451,0.9895680476883244,-0.9868050158795678,-0.9941254732348793,-1.0000001269029857,-1.0000001269029883,1.0000001581909297,1.000000158190924,-1.0000001637641482
-1.0000005231843985,1.0000003711562866,1.0000000004767933,-1.0000005860460564,1.0000006689663636,1.0000006689663647,1.0000006689663634,-1.0000005724888898,1.0000006689663643,1.000000668966364,-1.000000235472145,0.9941255302745066,0.9941253616807099,0.9531852863250883,-0.976570280995295,-0.9803146632651324,-0.5722322475809253,-1.0000003943355862,1.000000386559255,-0.994125768199627,0.9941257265632342,0.994125780181383,-0.9941256452260372,0.6438544923841408,-0.9920086054782855,0.9837203928815168,0.9941257265632389,-0.04513463116388785,0.9895683069331663,-0.9868052714988056,-0.9941257681996309,-1.0000004229137793,-1.0000004229137813,1.0000004552611783,1.0000004552611712,-1.0000004609541908
1.0000004267936702,-1.0000002747833145,-1.0000005860460564,1.0000000003392675,-1.000000586046055,-1.0000005860460557,-1.000000572488888,1.0000004760107175,-1.000000572488889,-1.0000005724888894,1.0000001391843267,-0.9941254341233433,-0.994125266487098,-0.9531851960997452,0.9765701861060686,0.9803145698652912,0.5722321964813994,1.0000002979116722,-1.0000002900984863,0.9941256720479889,-0.9941256304112442,-0.9941256840299031,0.9941255490739102,-0.6438544269476779,0.9920085105662159,-0.9837202990519867,-0.9941256304112488,0.04513462211237435,-0.9895682123446906,0.986805177272364,0.9941256720479916,1.0000003264397985,1.0000003264397992,-1.0000003587817334,-1.0000003723388848,1.0000003644725555
-1.0000005231843987,1.0000003711562864,1.0000006689663636,-1.000000586046055,1.0000000004767933,1.000000668966365,1.0000006689663625,-1.0000005724888892,1.0000006689663636,1.0000006689663639,-1.0000002354721451,0.9941255302745061,0.9941253616807092,0.9531852863250865,-0.9765702809952941,-0.9803146632651318,-0.5722322475809224,-1.0000003943355857,1.0000003865592544,-0.9941257681996267,0.9941257265632347,0.9941257801813826,-0.9941256452260382,0.6438544923841423,-0.9920086054782846,0.9837203928815154,0.9941257265632398,-0.045134631163890326,0.9895683069331663,-0.9868052714988056,-0.9941257681996312,-1.0000004229137784,-1.0000004229137809,1.000000455261178,1.0000004552611712,-1.0000004609541906
-1.0000005231844002,1.0000003711562884,1.0000006689663647,-1.0000005860460557,1.000000668966365,1.0000000004767933,1.000000668966364,-1.0000005724888907,1.0000006689663643,1.0000006689663643,-1.0000002354721476,0.9941255302745086,0.9941253616807116,0.95318528632509,-0.976570280995297,-0.9803146632651333,-0.5722322475809244,-1.0000003943355875,1.0000003865592568,-0.9941257681996288,0.9941257265632354,0.9941257801813844,-0.9941256452260403,0.6438544923841427,-0.9920086054782864,0.9837203928815168,0.9941257265632416,-0.0451346311638895,0.9895683069331682,-0.9868052714988074,-0.9941257681996329,-1.0000004229137802,-1.0000004229137822,1.0000004552611792,1.0000004552611725,-1.0000004609541926
-1.0000005231843978,1.0000003711562846,1.0000006689663634,-1.000000572488888,1.0000006689663625,1.000000668966364,1.0000000004767933,-1.0000005860460588,1.000000668966363,1.0000006689663634,-1.0000002354721436,0.9941255302745071,0.9941253616807102,0.9531852863250866,-0.9765702809952945,-0.9803146632651314,-0.5722322475809217,-1.0000003943355855,1.0000003865592542,-0.9941257681996273,0.994125726563235,0.9941257801813824,-0.9941256452260396,0.6438544923841434,-0.9920086054782844,0.9837203928815148,0.9941257265632389,-0.045134631163891346,0.9895683069331659,-0.9868052714988046,-0.9941257681996303,-1.0000004229137784,-1.0000004229137807,1.0000004552611783,1.0000004552611714,-1.00000046095419
1.0000004267936693,-1.0000002747833137,-1.0000005724888898,1.0000004760107175,-1.0000005724888892,-1.0000005724888907,-1.0000005860460588,1.0000000003392677,-1.0000005860460512,-1.000000586046057,1.0000001391843276,-0.994125434123343,-0.9941252664870974,-0.953185196099747,0.9765701861060689,0.9803145698652918,0.5722321964813994,1.0000002979116727,-1.000000290098485,0.9941256720479901,-0.9941256304112455,-0.9941256840299041,0.9941255490739109,-0.6438544269476794,0.9920085105662161,-0.9837202990519862,-0.9941256304112502,0.0451346221123757,-0.9895682123446912,0.9868051772723638,0.9941256720479926,1.000000326439799,1.0000003264398003,-1.0000003723388962,-1.000000358781727,1.0000003644725555
-1.000000523184399,1.0000003711562857,1.0000006689663643,-1.000000572488889,1.0000006689663636,1.0000006689663643,1.000000668966363,-1.0000005860460512,1.0000000004767933,1.000000668966362,-1.0000002354721453,0.9941255302745066,0.9941253616807092,0.9531852863250871,-0.976570280995294,-0.9803146632651306,-0.5722322475809217,-1.0000003943355844,1.0000003865592535,-0.9941257681996264,0.9941257265632342,0.9941257801813816,-0.9941256452260375,0.6438544923841432,-0.9920086054782843,0.9837203928815139,0.9941257265632398,-0.045134631163891735,0.9895683069331659,-0.9868052714988046,-0.9941257681996313,-1.000000422913779,-1.0000004229137793,1.0000004552611772,1.0000004552611703,-1.0000004609541895
-1.0000005231843998,1.000000371156286,1.000000668966364,-1.0000005724888894,1.0000006689663639,1.0000006689663643,1.0000006689663634,-1.000000586046057,1.000000668966362,1.0000000004767933,-1.0000002354721447,0.9941255302745062,0.9941253616807099,0.9531852863250859,-0.9765702809952959,-0.9803146632651303,-0.5722322475809207,-1.0000003943355853,1.0000003865592535,-0.9941257681996273,0.9941257265632345,0.9941257801813839,-0.9941256452260387,0.6438544923841443,-0.9920086054782838,0.9837203928815148,0.9941257265632387,-0.045134631163892686,0.9895683069331656,-0.9868052714988064,-0.9941257681996315,-1.0000004229137793,-1.00000042291378,1.0000004552611774,1.0000004552611697,-1.0000004609541904
1.000000102864015,-0.9999999647063944,-1.000000235472145,1.0000001391843267,-1.0000002354721451,-1.0000002354721476,-1.0000002354721436,1.0000001391843276,-1.0000002354721453,-1.0000002354721447,0.9999999998723126,-0.9941251182710698,-0.994124982197389,-0.9531849452733987,0.9765698496711714,0.9803142920392405,0.5722321446253804,0.9999999697048098,-0.9999999576875174,0.994125342371964,-0.9941253007673572,-0.9941253543425607,0.9941252194807669,-0.6438541136454482,0.9920082165116455,-0.9837200171339416,-0.9941253007673629,0.04513445738356802,-0.9895679222797121,0.9868048912760996,0.9941253423719695,0.9999999921427785,0.99999999214278,-1.000000022944854,-1.0000000229448465,1.000000028475073
-0.9941253851386498,0.994125235435123,0.9941255302745066,-0.9941254341233433,0.9941255302745061,0.9941255302745086,0.9941255302745071,-0.994125434123343,0.9941255302745066,0.9941255302745062,-0.9941251182710698,0.9999999999114457,0.9765697891844358,0.9148561583834534,-0.9941251112102277,-0.9531849552973977,-0.4801072244167563,-0.9941252568116881,0.9941252483550548,-1.000000093250757,1.0000000545382461,1.0000001042342275,-0.9999999916313966,0.7228880369546163,-0.9725242463763194,0.9584903026788197,1.0000000545382508,-0.15299474321716178,0.9681615148349947,-0.9634830273241657,-1.0000000932507604,-0.9941252844703057,-0.9941252844703082,0.9941253169671088,0.9941253169671016,-0.994125322573877
-0.9941252474517045,0.9941250955453864,0.9941253616807099,-0.994125266487098,0.9941253616807092,0.9941253616807116,0.9941253616807102,-0.9941252664870974,0.9941253616807092,0.9941253616807099,-0.994124982197389,0.9765697891844358,0.9999999997218646,0.9803142268360389,-0.9475403224861463,-0.9959253759891986,-0.6576336022568775,-0.9941251096970922,0.9941250929509743,-0.9765700440398749,0.9765700000605343,0.9765700568471017,-0.976569914951028,0.557255166292695,-0.9998365333189427,0.9973914489760113,0.9765700000605376,0.06325616033507216,0.999347335765175,-0.9985322261943851,-0.9765700440398788,-0.9941251247234778,-0.9941251247234794,0.994125152931296,0.9941251529312888,-0.9941251582750071
-0.9531852097523077,0.9531850621200595,0.9531852863250883,-0.9531851960997452,0.9531852863250865,0.95318528632509,0.9531852863250866,-0.953185196099747,0.9531852863250871,0.9531852863250859,-0.9531849452733987,0.9148561583834534,0.9803142268360389,0.9999999997832304,-0.8657781778688464,-0.9941248984194276,-0.7934283493615502,-0.953185067711954,0.9531850427192428,-0.9148564368040543,0.9148563898649884,0.9148564507339165,-0.9148563004035482,0.382341158877577,-0.983719934490487,0.9920081413786068,0.9148563898649916,0.25905751478215683,0.9868048069876131,-0.9895678458027608,-0.914856436804056,-0.9531850685320344,-0.9531850685320342,0.9531850910424976,0.953185091042492,-0.9531850958807568
0.9765701251198489,-0.9765699791985358,-0.976570280995295,0.9765701861060686,-0.9765702809952941,-0.976570280995297,-0.9765702809952945,0.9765701861060689,-0.976570280995294,-0.9765702809952959,0.9765698496711714,-0.9941251112102277,-0.9475403224861463,-0.8657781778688464,0.9999999998847189,0.9148560799898912,0.38234113278034826,0.976570003099446,-0.9765699982680176,0.9941252924170725,-0.9941252570495793,-0.994125302285503,0.9941251863081308,-0.7934284646513551,0.9416135198070169,-0.9219987167578312,-0.9941252570495853,0.259057553159381,-0.9353796085818747,0.9288406321689057,0.9941252924170768,0.9765700356075613,0.9765700356075616,-0.976570069409571,-0.9765700694095629,0.9765700750265577
0.9803145656654196,-0.9803144149611429,-0.9803146632651324,0.9803145698652912,-0.9803146632651318,-0.9803146632651333,-0.9803146632651314,0.9803145698652918,-0.9803146632651306,-0.9803146632651303,0.9803142920392405,-0.9531849552973977,-0.9959253759891986,-0.9941248984194276,0.9148560799898912,0.9999999997037297,0.7228878904776672,0.9803144252661558,-0.980314404667028,0.9531852221661742,-0.9531851766153031,-0.9531852355506721,0.9531850890977221,-0.48010718785334755,0.9973914331639919,-0.999836521104972,-0.9531851766153073,-0.1529947258832234,-0.9985322084606577,0.9993473245968952,0.9531852221661773,0.9803144338757197,0.9803144338757204,-0.980314459623012,-0.9803144596230061,0.9803144647620161
0.5722322975557601,-0.5722322024348807,-0.5722322475809253,0.5722321964813994,-0.5722322475809224,-0.5722322475809244,-0.5722322475809217,0.5722321964813994,-0.5722322475809217,-0.5722322475809207,0.5722321446253804,-0.4801072244167563,-0.6576336022568775,-0.7934283493615502,0.38234113278034826,0.7228878904776672,0.999999999965106,0.5722321832139312,-0.5722321424535936,0.48010750154869136,-0.4801074579212785,-0.4801075152564978,0.4801073788073424,0.25905757761309384,0.671130808748002,-0.7102919059972402,-0.4801074579212766,-0.7934285304592109,-0.6844091369759013,0.6974642578976205,0.4801075015486903,0.572232144440633,0.5722321444406339,-0.5722321446548727,-0.572232144654871,0.572232146737625
1.0000002545097413,-1.0000001162394319,-1.0000003943355862,1.0000002979116722,-1.0000003943355857,-1.0000003943355875,-1.0000003943355855,1.0000002979116727,-1.0000003943355844,-1.0000003943355853,0.9999999697048098,-0.9941252568116881,-0.9941251096970922,-0.953185067711954,0.976570003099446,0.9803144252661558,0.5722321832139312,1.0000000000881268,-1.0000001274464034,0.9941254946820216,-0.9941254530450487,-0.9941255066639112,0.9941253717082621,-0.6438542465709843,0.9920083560797609,-0.9837201519613591,-0.994125453045053,0.04513451676232429,-0.9895680602862252,0.986805027694427,0.9941254946820268,1.0000001493840331,1.0000001493840343,-1.0000001810624943,-1.0000001810624877,1.0000001866749175
-1.0000002437731694,1.0000000918804743,1.000000386559255,-1.0000002900984863,1.0000003865592544,1.0000003865592568,1.0000003865592542,-1.000000290098485,1.0000003865592535,1.0000003865592535,-0.9999999576875174,0.9941252483550548,0.9941250929509743,0.9531850427192428,-0.9765699982680176,-0.980314404667028,-0.5722321424535936,-1.0000001274464034,1.000000000074901,-0.9941254862687237,0.994125444627851,0.9941254982520599,-0.9941253632851826,0.6438542674026225,-0.9920083385489501,0.983720132088921,0.9941254446278561,-0.04513455557478834,0.9895680419553919,-0.9868050085774653,-0.9941254862687277,-1.0000001545678716,-1.0000001545678754,1.0000001730348271,1.0000001730348194,-1.0000001786842125
0.9941256229784109,-0.9941254732348745,-0.994125768199627,0.9941256720479889,-0.9941257681996267,-0.9941257681996288,-0.9941257681996273,0.9941256720479901,-0.9941257681996264,-0.9941257681996273,0.994125342371964,-1.000000093250757,-0.9765700440398749,-0.9148564368040543,0.9941252924170725,0.9531852221661742,0.48010750154869136,0.9941254946820216,-0.9941254862687237,1.0000000002214866,-1.0000002856021832,-1.0000003352973716,1.0000001955784463,-0.7228880578392378,0.9725245038166088,-0.9584905673150709,-1.000000272045025,0.15299458173577218,-0.9681617747622574,0.9634832896478686,1.0000003107571773,0.9941255223979744,0.9941255223979771,-0.9941255548962807,-0.994125554896274,0.9941255605058597
-0.9941255813427362,0.994125431607135,0.9941257265632342,-0.9941256304112442,0.9941257265632347,0.9941257265632354,0.994125726563235,-0.9941256304112455,0.9941257265632342,0.9941257265632345,-0.9941253007673572,1.0000000545382461,0.9765700000605343,0.9148563898649884,-0.9941252570495793,-0.9531851766153031,-0.4801074579212785,-0.9941254530450487,0.994125444627851,-1.0000002856021832,1.0000000001663036,1.0000002830280634,-1.0000001704234718,0.7228880496383538,-0.9725244594855453,0.9584905220435486,1.0000002333328557,-0.15299460405721482,0.9681617300995077,-0.9634832446721171,-1.0000002720450232,-0.9941254807566275,-0.9941254807566291,0.9941255132568264,0.9941255132568184,-0.9941255188659615
-0.9941256349596953,0.9941254852134834,0.994125780181383,-0.9941256840299031,0.9941257801813826,0.9941257801813844,0.9941257801813824,-0.9941256840299041,0.9941257801813816,0.9941257801813839,-0.9941253543425607,1.0000001042342275,0.9765700568471017,0.9148564507339165,-0.994125302285503,-0.9531852355506721,-0.4801075152564978,-0.9941255066639112,0.9941254982520599,-1.0000003352973716,1.0000002830280634,1.0000000002371423,-1.00000020656155,0.7228880591141891,-0.9725245167511442,0.9584905805951263,1.0000002830280674,-0.15299457390228474,0.9681617878177102,-0.9634833028183297,-1.000000335297376,-0.9941255343815062,-0.9941255343815074,0.9941255668791723,0.9941255668791664,-0.9941255724889104
0.9941255000073873,-0.9941253502845113,-0.9941256452260372,0.9941255490739102,-0.9941256452260382,-0.9941256452260403,-0.9941256452260396,0.9941255490739109,-0.9941256452260375,-0.9941256452260387,0.9941252194807669,-0.9999999916313966,-0.976569914951028,-0.9148563004035482,0.9941251863081308,0.9531850890977221,0.4801073788073424,0.9941253717082621,-0.9941253632851826,1.0000001955784463,-1.0000001704234718,-1.00000020656155,1.0000000000573037,-0.7228880278496508,0.9725243738301821,-0.95849043494713,-1.000000170423476,0.15299464017841038,-0.9681616439324097,0.963483158025374,1.0000001955784494,0.9941253994130944,0.9941253994130956,-0.9941254319159665,-0.9941254319159594,0.9941254375244595
-0.6438542997670803,0.643854209923493,0.6438544923841408,-0.6438544269476779,0.6438544923841423,0.6438544923841427,0.6438544923841434,-0.6438544269476794,0.6438544923841432,0.6438544923841443,-0.6438541136454482,0.7228880369546163,0.557255166292695,0.382341158877577,-0.7934284646513551,-0.48010718785334755,0.25905757761309384,-0.6438542465709843,0.6438542674026225,-0.7228880578392378,0.7228880496383538,0.7228880591141891,-0.7228880278496508,1.0000000000274811,-0.5421692248246565,0.4958703723604161,0.7228880496383621,-0.793428553657486,0.5269064462451829,-0.511471818021079,-0.7228880578392427,-0.6438543046578542,-0.6438543046578548,0.6438543394349928,0.6438543394349857,-0.6438543439034382
0.9920084944707881,-0.9920083426939388,-0.9920086054782855,0.9920085105662159,-0.9920086054782846,-0.9920086054782864,-0.9920086054782844,0.9920085105662161,-0.9920086054782843,-0.9920086054782838,0.9920082165116455,-0.9725242463763194,-0.9998365333189427,-0.983719934490487,0.9416135198070169,0.9973914331639919,0.671130808748002,0.9920083560797609,-0.9920083385489501,0.9725245038166088,-0.9725244594855453,-0.9725245167511442,0.9725243738301821,-0.5421692248246565,0.9999999997011498,-0.9985322190153088,-0.9725244594855494,-0.08126858917374977,-0.9998365082003067,0.999347323559892,0.972524503816613,0.9920083698353237,0.992008369835326,-0.992008397577242,-0.9920083975772362,0.9920084028828565
-0.983720291968321,0.9837201409098891,0.9837203928815168,-0.9837202990519867,0.9837203928815154,0.9837203928815168,0.9837203928815148,-0.9837202990519862,0.9837203928815139,0.9837203928815148,-0.9837200171339416,0.9584903026788197,0.9973914489760113,0.9920081413786068,-0.9219987167578312,-0.999836521104972,-0.7102919059972402,-0.9837201519613591,0.983720132088921,-0.9584905673150709,0.9584905220435486,0.9584905805951263,-0.95849043494713,0.4958703723604161,-0.9985322190153088,0.9999999997026158,0.958490522043554,0.13512344329963516,0.9993473213003442,-0.999836511994675,-0.958490567315073,-0.9837201618201444,-0.9837201618201461,0.9837201880686022,0.9837201880685957,-0.9837201932507234
-0.9941255813427409,0.9941254316071406,0.9941257265632389,-0.9941256304112488,0.9941257265632398,0.9941257265632416,0.9941257265632389,-0.9941256304112502,0.9941257265632398,0.9941257265632387,-0.9941253007673629,1.0000000545382508,0.9765700000605376,0.9148563898649916,-0.9941252570495853,-0.9531851766153073,-0.4801074579212766,-0.994125453045053,0.9941254446278561,-1.000000272045025,1.0000002333328557,1.0000002830280674,-1.000000170423476,0.7228880496383621,-0.9725244594855494,0.958490522043554,1.0000000001663036,-0.15299460405722118,0.9681617300995128,-0.9634832446721204,-1.0000002856021952,-0.9941254807566321,-0.9941254807566333,0.9941255132568317,0.9941255132568257,-0.9941255188659662
0.045134478232554384,-0.04513448156900451,-0.04513463116388785,0.04513462211237435,-0.045134631163890326,-0.0451346311638895,-0.045134631163891346,0.0451346221123757,-0.045134631163891735,-0.045134631163892686,0.04513445738356802,-0.15299474321716178,0.06325616033507216,0.25905751478215683,0.259057553159381,-0.1529947258832234,-0.7934285304592109,0.04513451676232429,-0.04513455557478834,0.15299458173577218,-0.15299460405721482,-0.15299457390228474,0.15299464017841038,-0.793428553657486,-0.08126858917374977,0.13512344329963516,-0.15299460405722118,1.0000000000495173,0.09925452466901982,-0.11720809577903332,0.15299458173577674,0.04513457780966318,0.04513457780966331,-0.04513459960174692,-0.045134599601743874,0.0451346011068544
-0.9895681992827343,0.9895680476883244,0.9895683069331663,-0.9895682123446906,0.9895683069331663,0.9895683069331682,0.9895683069331659,-0.9895682123446912,0.9895683069331659,0.9895683069331656,-0.9895679222797121,0.9681615148349947,0.999347335765175,0.9868048069876131,-0.9353796085818747,-0.9985322084606577,-0.6844091369759013,-0.9895680602862252,0.9895680419553919,-0.9681617747622574,0.9681617300995077,0.9681617878177102,-0.9681616439324097,0.5269064462451829,-0.9998365082003067,0.9993473213003442,0.9681617300995128,0.09925452466901982,0.999999999686343,-0.9998365006465862,-0.968161774762259,-0.9895680727303612,-0.9895680727303634,0.9895680999814399,0.9895680999814339,-0.9895681052469602
0.9868051672350345,-0.9868050158795678,-0.9868052714988056,0.986805177272364,-0.9868052714988056,-0.9868052714988074,-0.9868052714988046,0.9868051772723638,-0.9868052714988046,-0.9868052714988064,0.9868048912760996,-0.9634830273241657,-0.9985322261943851,-0.9895678458027608,0.9288406321689057,0.9993473245968952,0.6974642578976205,0.986805027694427,-0.9868050085774653,0.9634832896478686,-0.9634832446721171,-0.9634833028183297,0.963483158025374,-0.511471818021079,0.999347323559892,-0.999836511994675,-0.9634832446721204,-0.11720809577903332,-0.9998365006465862,0.9999999996905343,0.9634832896478709,0.9868050388308884,0.9868050388308898,-0.98680506558093,-0.9868050655809242,0.9868050708051609
0.9941256229784142,-0.9941254732348793,-0.9941257681996309,0.9941256720479916,-0.9941257681996312,-0.9941257681996329,-0.9941257681996303,0.9941256720479926,-0.9941257681996313,-0.9941257681996315,0.9941253423719695,-1.0000000932507604,-0.9765700440398788,-0.914856436804056,0.9941252924170768,0.9531852221661773,0.4801075015486903,0.9941254946820268,-0.9941254862687277,1.0000003107571773,-1.0000002720450232,-1.000000335297376,1.0000001955784494,-0.7228880578392427,0.972524503816613,-0.958490567315073,-1.0000002856021952,0.15299458173577674,-0.968161774762259,0.9634832896478709,1.0000000002214866,0.9941255223979786,0.9941255223979804,-0.994125554896285,-0.9941255548962779,0.9941255605058626
1.0000002788336342,-1.0000001269029857,-1.0000004229137793,1.0000003264397985,-1.0000004229137784,-1.0000004229137802,-1.0000004229137784,1.000000326439799,-1.000000422913779,-1.0000004229137793,0.9999999921427785,-0.9941252844703057,-0.9941251247234778,-0.9531850685320344,0.9765700356075613,0.9803144338757197,0.572232144440633,1.0000001493840331,-1.0000001545678716,0.9941255223979744,-0.9941254807566275,-0.9941255343815062,0.9941253994130944,-0.6438543046578542,0.9920083698353237,-0.9837201618201444,-0.9941254807566321,0.04513457780966318,-0.9895680727303612,0.9868050388308884,0.9941255223979786,1.0000000001262375,1.0000001771182414,-1.000000222846945,-1.0000002092897757,1.000000214956196
1.0000002788336348,-1.0000001269029883,-1.0000004229137813,1.0000003264397992,-1.0000004229137809,-1.0000004229137822,-1.0000004229137807,1.0000003264398003,-1.0000004229137793,-1.00000042291378,0.99999999214278,-0.9941252844703082,-0.9941251247234794,-0.9531850685320342,0.9765700356075616,0.9803144338757204,0.5722321444406339,1.0000001493840343,-1.0000001545678754,0.9941255223979771,-0.9941254807566291,-0.9941255343815074,0.9941253994130956,-0.6438543046578548,0.992008369835326,-0.9837201618201461,-0.9941254807566333,0.04513457780966331,-0.9895680727303634,0.9868050388308898,0.9941255223979804,1.0000001771182414,1.0000000001262375,-1.0000002092897842,-1.0000002228469462,1.0000002149561964
-1.0000003101591568,1.0000001581909297,1.0000004552611783,-1.0000003587817334,1.000000455261178,1.0000004552611792,1.0000004552611783,-1.0000003723388962,1.0000004552611772,1.0000004552611774,-1.000000022944854,0.9941253169671088,0.994125152931296,0.9531850910424976,-0.976570069409571,-0.980314459623012,-0.5722321446548727,-1.0000001810624943,1.0000001730348271,-0.9941255548962807,0.9941255132568264,0.9941255668791723,-0.9941254319159665,0.6438543394349928,-0.992008397577242,0.9837201880686022,0.9941255132568317,-0.04513459960174692,0.9895680999814399,-0.98680506558093,-0.994125554896285,-1.000000222846945,-1.0000002092897842,1.0000000001721772,1.0000002415735374,-1.0000002608115401
-1.000000310159149,1.000000158190924,1.0000004552611712,-1.0000003723388848,1.0000004552611712,1.0000004552611725,1.0000004552611714,-1.000000358781727,1.0000004552611703,1.0000004552611697,-1.0000000229448465,0.9941253169671016,0.9941251529312888,0.953185091042492,-0.9765700694095629,-0.9803144596230061,-0.572232144654871,-1.0000001810624877,1.0000001730348194,-0.994125554896274,0.9941255132568184,0.9941255668791664,-0.9941254319159594,0.6438543394349857,-0.9920083975772362,0.9837201880685957,0.9941255132568257,-0.045134599601743874,0.9895680999814339,-0.9868050655809242,-0.9941255548962779,-1.0000002092897757,-1.0000002228469462,1.0000002415735374,1.000000000172177,-1.0000002608115333
1.0000003157338173,-1.0000001637641482,-1.0000004609541908,1.0000003644725555,-1.0000004609541906,-1.0000004609541926,-1.00000046095419,1.0000003644725555,-1.0000004609541895,-1.0000004609541904,1.000000028475073,-0.994125322573877,-0.9941251582750071,-0.9531850958807568,0.9765700750265577,0.9803144647620161,0.572232146737625,1.0000001866749175,-1.0000001786842125,0.9941255605058597,-0.9941255188659615,-0.9941255724889104,0.9941254375244595,-0.6438543439034382,0.9920084028828565,-0.9837201932507234,-0.9941255188659662,0.0451346011068544,-0.9895681052469602,0.9868050708051609,0.9941255605058626,1.000000214956196,1.0000002149561964,-1.0000002608115401,-1.0000002608115333,1.0000000001802754
