0.999999998778818,-0.9999969029778834,1.0000100847246416,-1.0000080264944573,1.0000100847246418,-0.9999991353900698,0.9999969521208949,1.0000026345396305,0.9999968450270798,0.9999968450270756,0.9999991574737368,-0.9999992237255815,-0.9999994929255696,0.9999997573066131,0.9999997573066147,-0.9999965792719289,-0.9999972483386758,-0.9999965792719349,0.9999969527163526,-1.0000009924289548,0.9999969527163534,-0.9999972483386772,0.9999998866722372,0.9999976952702471,-0.9999975703829567,-0.9999975703829542,0.9999976952702508
-0.9999969029778834,0.9999999973132533,-1.0000090559923391,1.0000069964167828,-1.0000090559923414,0.9999981045244832,-0.9999959217448363,-1.0000016041944793,-0.9999954521661845,-0.9999954521661766,-0.9999981486445702,0.9999982083305514,0.9999984911495678,-0.9999987590095761,-0.9999987590095767,0.9999955501968852,0.9999962220363978,0.9999955501968927,-0.9999959256771883,0.9999999656935992,-0.9999959256771889,0.9999962220363987,-0.9999988651263577,-0.999996669850344,0.999996544701575,0.9999965447015717,-0.999996669850348
1.0000100847246416,-1.0000090559923391,1.00000001563439,-1.0000194483730613,1.0000218747426284,-1.000010921126889,1.000008737577052,1.0000144193001228,1.0000086321445927,1.0000086321445893,1.0000109480751178,-1.0000110127770425,-1.0000112861874098,1.0000115539838563,1.0000115539838579,-1.0000083657458676,-1.0000090380381648,-1.0000083657458754,1.00000874210067,-1.0000127785273336,1.000008742100669,-1.0000090380381663,1.0000116742581608,1.0000094861089006,-1.0000093611260505,-1.0000093611260488,1.0000094861089028
-1.0000080264944573,1.0000069964167828,-1.0000194483730613,1.0000000126872797,-1.0000194483730651,1.0000088589217675,-1.00000667595155,-1.0000119926602866,-1.0000065720228777,-1.0000065720228735,-1.0000088997036183,1.0000089600985929,1.0000092421962021,-1.0000095117934256,-1.000009511793426,1.0000063049375532,1.0000069786239387,1.0000063049375598,-1.000006682171059,1.0000107187533684,-1.0000066821710571,1.0000069786239383,-1.000009617635161,-1.0000074270652508,1.0000073018953726,1.0000073018953697,-1.0000074270652526
1.0000100847246418,-1.0000090559923414,1.0000218747426284,-1.0000194483730651,1.00000001563439,-1.0000109211268904,1.0000087375770546,1.0000144193001235,1.0000086321445951,1.0000086321445907,1.0000109480751205,-1.0000110127770454,-1.0000112861874115,1.0000115539838592,1.00001155398386,-1.0000083657458698,-1.0000090380381668,-1.0000083657458763,1.0000087421006714,-1.000012778527335,1.0000087421006714,-1.000009038038169,1.0000116742581626,1.0000094861089022,-1.0000093611260537,-1.0000093611260508,1.0000094861089048
-0.9999991353900698,0.9999981045244832,-1.000010921126889,1.0000088589217675,-1.0000109211268904,0.9999999999755487,-0.9999974182345279,-1.0000030997041904,-0.9999976798094778,-0.9999976798094733,-1.0000000094941237,1.0000000689136137,1.000000353355229,-1.0000006234532766,-1.0000006234532768,0.9999974124325971,0.9999980867996532,0.9999974124326036,-0.9999977901547991,1.0000018260418841,-0.9999977901547991,0.9999980867996551,-1.0000007255974368,-0.9999985355201813,0.9999984102842729,0.9999984102842705,-0.9999985355201846
0.9999969521208949,-0.9999959217448363,1.000008737577052,-1.00000667595155,1.0000087375770546,-0.9999974182345279,0.9999999968554668,1.0000012823229454,0.9999954970719676,0.9999954970719634,0.9999978327097176,-0.9999978905922524,-0.9999981778419251,0.9999984480470524,0.9999984480470526,-0.9999948648287891,-0.9999959038168579,-0.999994864828797,0.9999956071176774,-0.9999996448542563,0.9999956071176769,-0.9999959038168584,0.9999985457478746,0.9999963524475239,-0.9999962271878468,-0.999996227187844,0.9999963524475272
1.0000026345396305,-1.0000016041944793,1.0000144193001228,-1.0000119926602866,1.0000144193001235,-1.0000030997041904,1.0000012823229454,1.000000004976892,1.000001179486187,1.0000011794861836,1.0000035110635197,-1.000003569323558,-1.0000038558546587,1.0000041259646855,1.0000041259646857,-1.0000009119056752,-1.0000015862493723,-1.0000009119056825,1.0000012894137007,-1.0000049601517385,1.0000012894136996,-1.0000015862493736,1.0000042250669152,1.0000020348509882,-1.000001909541402,-1.0000019095414,1.0000020348509906
0.9999968450270798,-0.9999954521661845,1.0000086321445927,-1.0000065720228777,1.0000086321445951,-0.9999976798094778,0.9999954970719676,1.000001179486187,0.9999999967071693,0.9999953928632698,0.9999977275602738,-0.9999977861651922,-0.9999980713898272,0.9999983400908238,0.9999983400908257,-0.9999947609891192,-0.9999954335895339,-0.9999951258280684,0.9999955019277947,-0.999999541617962,0.9999955019277953,-0.9999957984284752,0.9999984419447646,0.9999962465134654,-0.9999961213166805,-0.9999961213166767,0.999996246513469
0.9999968450270756,-0.9999954521661766,1.0000086321445893,-1.0000065720228735,1.0000086321445907,-0.9999976798094733,0.9999954970719634,1.0000011794861836,0.9999953928632698,0.9999999967071693,0.9999977275602704,-0.9999977861651884,-0.9999980713898233,0.9999983400908194,0.9999983400908213,-0.9999951258280574,-0.999995798428471,-0.9999947609891213,0.9999955019277902,-0.999999541617959,0.9999955019277912,-0.9999954335895379,0.9999984419447608,0.9999962465134616,-0.9999961213166773,-0.9999961213166716,0.9999962465134644
0.9999991574737368,-0.9999981486445702,1.0000109480751178,-1.0000088997036183,1.0000109480751205,-1.0000000094941237,0.9999978327097176,1.0000035110635197,0.9999977275602738,0.9999977275602704,1.0000000000248799,-0.9999997312318324,-1.000000007486987,1.0000006288131615,1.000000628813161,-0.9999974606842278,-0.999998123797353,-0.9999974606842351,0.9999978267105273,-1.0000018634865333,0.9999978267105273,-0.9999981237973538,1.0000007563221773,0.9999985677341647,-0.9999984422461805,-0.9999984422461791,0.999998567734169
-0.9999992237255815,0.9999982083305514,-1.0000110127770425,1.0000089600985929,-1.0000110127770454,1.0000000689136137,-0.9999978905922524,-1.000003569323558,-0.9999977861651922,-0.9999977861651884,-0.9999997312318324,1.0000000001125935,1.0000004347784586,-1.000000695136235,-1.000000695136237,0.9999975190858046,0.9999981856198565,0.9999975190858106,-0.9999978886291407,1.0000019236289157,-0.9999978886291419,0.9999981856198586,-1.0000004527383977,-0.9999986309643281,0.9999985055393479,0.999998505539345,-0.99999863096433
-0.9999994929255696,0.9999984911495678,-1.0000112861874098,1.0000092421962021,-1.0000112861874115,1.000000353355229,-0.9999981778419251,-1.0000038558546587,-0.9999980713898272,-0.9999980713898233,-1.000000007486987,1.0000004347784586,1.0000000005053187,-1.000000594293421,-1.000000594293422,0.9999978049778928,0.999998464159353,0.999997804977899,-0.999998167164849,1.0000022058392366,-0.9999981671648492,0.9999984641593547,-1.0000010965273736,-0.9999989065010122,0.9999987810174994,0.9999987810174964,-0.9999989065010154
0.9999997573066131,-0.9999987590095761,1.0000115539838563,-1.0000095117934256,1.0000115539838592,-1.0000006234532766,0.9999984480470524,1.0000041259646855,0.9999983400908238,0.9999983400908194,1.0000006288131615,-1.000000695136235,-1.000000594293421,1.000000000863548,1.0000012082415213,-0.9999980743255559,-0.9999987311144403,-0.9999980743255639,0.9999984345208184,-1.000002473287598,0.999998434520819,-0.9999987311144403,1.00000136061393,0.9999991726483292,-0.9999990473008913,-0.9999990473008884,0.9999991726483316
0.9999997573066147,-0.9999987590095767,1.0000115539838579,-1.000009511793426,1.00001155398386,-1.0000006234532768,0.9999984480470526,1.0000041259646857,0.9999983400908257,0.9999983400908213,1.000000628813161,-1.000000695136237,-1.000000594293422,1.0000012082415213,1.0000000008635483,-0.9999980743255578,-0.9999987311144413,-0.9999980743255643,0.9999984345208195,-1.000002473287598,0.9999984345208206,-0.9999987311144408,1.0000013606139317,0.9999991726483305,-0.9999990473008913,-0.9999990473008903,0.9999991726483326
-0.9999965792719289,0.9999955501968852,-1.0000083657458676,1.0000063049375532,-1.0000083657458698,0.9999974124325971,-0.9999948648287891,-1.0000009119056752,-0.9999947609891192,-0.9999951258280574,-0.9999974606842278,0.9999975190858046,0.9999978049778928,-0.9999980743255559,-0.9999980743255578,0.9999999963253537,0.9999955319189276,0.9999948586487796,-0.9999948705076865,0.9999992741835281,-0.999995235346623,0.9999955319189274,-0.9999981746905237,-0.9999959802449971,0.9999958550264765,0.999995855026473,-0.9999959802450007
-0.9999972483386758,0.9999962220363978,-1.0000090380381648,1.0000069786239387,-1.0000090380381668,0.9999980867996532,-0.9999959038168579,-1.0000015862493723,-0.9999954335895339,-0.999995798428471,-0.999998123797353,0.9999981856198565,0.999998464159353,-0.9999987311144403,-0.9999987311144413,0.9999955319189276,0.9999999972862782,0.9999955319189351,-0.9999959069836715,0.9999999466181165,-0.999995906983671,0.9999962031180906,-0.99999884440913,-0.9999962859198913,0.9999965256918106,0.999996525691809,-0.9999966507588318
-0.9999965792719349,0.9999955501968927,-1.0000083657458754,1.0000063049375598,-1.0000083657458763,0.9999974124326036,-0.999994864828797,-1.0000009119056825,-0.9999951258280684,-0.9999947609891213,-0.9999974606842351,0.9999975190858106,0.999997804977899,-0.9999980743255639,-0.9999980743255643,0.9999948586487796,0.9999955319189351,0.9999999963253537,-0.99999523534663,0.9999992741835346,-0.9999948705076883,0.9999955319189359,-0.9999981746905297,-0.9999959802450045,0.9999958550264828,0.9999958550264803,-0.9999959802450071
0.9999969527163526,-0.9999959256771883,1.00000874210067,-1.000006682171059,1.0000087421006714,-0.9999977901547991,0.9999956071176774,1.0000012894137007,0.9999955019277947,0.9999955019277902,0.9999978267105273,-0.9999978886291407,-0.999998167164849,0.9999984345208184,0.9999984345208195,-0.9999948705076865,-0.9999959069836715,-0.99999523534663,0.9999999968629519,-0.9999996497761844,0.9999956108234305,-0.9999959069836724,0.99999854751688,0.9999963547863718,-0.999995864874293,-0.9999962297132321,0.9999963547863737
-1.0000009924289548,0.9999999656935992,-1.0000127785273336,1.0000107187533684,-1.000012778527335,1.0000018260418841,-0.9999996448542563,-1.0000049601517385,-0.999999541617962,-0.999999541617959,-1.0000018634865333,1.0000019236289157,1.0000022058392366,-1.000002473287598,-1.000002473287598,0.9999992741835281,0.9999999466181165,0.9999992741835346,-0.9999996497761844,1.0000000026330165,-0.9999996497761843,0.9999999466181184,-1.0000022166945846,-1.0000003944310465,1.0000002691065688,1.0000002691065673,-1.0000003944310492
0.9999969527163534,-0.9999959256771889,1.000008742100669,-1.0000066821710571,1.0000087421006714,-0.9999977901547991,0.9999956071176769,1.0000012894136996,0.9999955019277953,0.9999955019277912,0.9999978267105273,-0.9999978886291419,-0.9999981671648492,0.999998434520819,0.9999984345208206,-0.999995235346623,-0.999995906983671,-0.9999948705076883,0.9999956108234305,-0.9999996497761843,0.9999999968629519,-0.9999959069836727,0.9999985475168799,0.999996354786372,-0.9999962297132345,-0.9999958648742908,0.9999963547863734
-0.9999972483386772,0.9999962220363987,-1.0000090380381663,1.0000069786239383,-1.000009038038169,0.9999980867996551,-0.9999959038168584,-1.0000015862493736,-0.9999957984284752,-0.9999954335895379,-0.9999981237973538,0.9999981856198586,0.9999984641593547,-0.9999987311144403,-0.9999987311144408,0.9999955319189274,0.9999962031180906,0.9999955319189359,-0.9999959069836724,0.9999999466181184,-0.9999959069836727,0.9999999972862782,-0.9999988444091302,-0.999996650758829,0.9999965256918117,0.9999965256918095,-0.9999962859198918
0.9999998866722372,-0.9999988651263577,1.0000116742581608,-1.000009617635161,1.0000116742581626,-1.0000007255974368,0.9999985457478746,1.0000042250669152,0.9999984419447646,0.9999984419447608,1.0000007563221773,-1.0000004527383977,-1.0000010965273736,1.00000136061393,1.0000013606139317,-0.9999981746905237,-0.99999884440913,-0.9999981746905297,0.99999854751688,-1.0000022166945846,0.9999985475168799,-0.9999988444091302,1.0000000010556234,0.999999291079979,-0.9999991657165653,-0.9999991657165617,0.9999992910799828
0.9999976952702471,-0.999996669850344,1.0000094861089006,-1.0000074270652508,1.0000094861089022,-0.9999985355201813,0.9999963524475239,1.0000020348509882,0.9999962465134654,0.9999962465134616,0.9999985677341647,-0.9999986309643281,-0.9999989065010122,0.9999991726483292,0.9999991726483305,-0.9999959802449971,-0.9999962859198913,-0.9999959802450045,0.9999963547863718,-1.0000003944310465,0.999996354786372,-0.999996650758829,0.999999291079979,0.9999999979259863,-0.9999966083113,-0.999996973150236,0.9999970981606482
-0.9999975703829567,0.999996544701575,-1.0000093611260505,1.0000073018953726,-1.0000093611260537,0.9999984102842729,-0.9999962271878468,-1.000001909541402,-0.9999961213166805,-0.9999961213166773,-0.9999984422461805,0.9999985055393479,0.9999987810174994,-0.9999990473008913,-0.9999990473008913,0.9999958550264765,0.9999965256918106,0.9999958550264828,-0.999995864874293,1.0000002691065688,-0.9999962297132345,0.9999965256918117,-0.9999991657165653,-0.9999966083113,0.99999999774729,0.9999968481387929,-0.9999969731502425
-0.9999975703829542,0.9999965447015717,-1.0000093611260488,1.0000073018953697,-1.0000093611260508,0.9999984102842705,-0.999996227187844,-1.0000019095414,-0.9999961213166767,-0.9999961213166716,-0.9999984422461791,0.999998505539345,0.9999987810174964,-0.9999990473008884,-0.9999990473008903,0.999995855026473,0.999996525691809,0.9999958550264803,-0.9999962297132321,1.0000002691065673,-0.9999958648742908,0.9999965256918095,-0.9999991657165617,-0.999996973150236,0.9999968481387929,0.99999999774729,-0.9999966083113005
0.9999976952702508,-0.999996669850348,1.0000094861089028,-1.0000074270652526,1.0000094861089048,-0.9999985355201846,0.9999963524475272,1.0000020348509906,0.999996246513469,0.9999962465134644,0.999998567734169,-0.99999863096433,-0.9999989065010154,0.9999991726483316,0.9999991726483326,-0.9999959802450007,-0.9999966507588318,-0.9999959802450071,0.9999963547863737,-1.0000003944310492,0.9999963547863734,-0.9999962859198918,0.9999992910799828,0.9999970981606482,-0.9999969731502425,-0.9999966083113005,0.9999999979259863
