1.0000000003048104,-1.0000015598969698,1.0000006023978698,1.000000602397873,0.30981821516976643,-0.3098281927026404,-0.30982819270264045,-0.30970387409286626,-0.30990163269770266,0.8093843715293372,-0.30838984124501895,0.3099369734273538,0.30993697342735976,0.9999969109784129,-0.9999955994755612,-0.9999955994755612,-0.9999971374198234,-0.9999978479142433,0.9999982088725298,0.8086679604952507,0.999997325634119,-0.9999977619957916,-0.999999051232451,1.0000001976858837,-1.0000003624362341,-1.0000003624362381,-0.3099586896137075,-0.30995868961370415,0.30996601241918614
-1.0000015598969698,1.0000000009664523,-1.0000017356692308,-1.0000017356692328,-0.3098094598729414,0.3098194374498281,0.3098194374498286,0.3096951183955171,0.3098928776979378,-0.8093792499028746,0.30839888722131026,-0.3099282185558269,-0.3099282185558332,-0.9999973779392826,0.9999960663740285,0.9999960663740285,0.999997603398439,0.9999983160410589,-0.9999986739375586,-0.8086738407900593,-0.999997790463013,0.9999982269038713,0.9999995156161715,-1.0000006614687191,1.000000825960313,1.0000008259603177,0.30994993481968086,0.3099499348196778,-0.3099572576511849
1.0000006023978698,-1.0000017356692308,1.0000000005558745,1.0000007783438238,0.3098005207499136,-0.30981049836310426,-0.30981049836310437,-0.30968617895979916,-0.3098839388078341,0.8093735507522059,-0.30840765287757443,0.3099192797667717,0.3099192797667777,0.9999970941277593,-0.9999957825014552,-0.9999957825014559,-0.9999973186098813,-0.9999980333882489,0.99999838823961,0.808679083798935,0.9999975045309194,-0.9999979410501932,-0.9999992292399448,1.0000003744939772,-1.0000012086486705,-1.0000005387280786,-0.30994099609142484,-0.30994099609142106,0.3099483189433226
1.000000602397873,-1.0000017356692328,1.0000007783438238,1.0000000005558745,0.30980052074991843,-0.30981049836310887,-0.30981049836310876,-0.3096861789598034,-0.30988393880783843,0.8093735507522101,-0.30840765287757216,0.30991927976677636,0.30991927976678213,0.9999970941277627,-0.9999957825014583,-0.9999957825014588,-0.9999973186098844,-0.9999980333882514,0.9999983882396128,0.8086790837989357,0.9999975045309222,-0.9999979410501969,-0.9999992292399473,1.0000003744939805,-1.0000005387280773,-1.0000012086486807,-0.30994099609142917,-0.3099409960914256,0.309948318943327
0.30981821516976643,-0.3098094598729414,0.3098005207499136,0.30980052074991843,1.0000000038194343,-1.0000051078203225,-1.0000051078203192,-1.000005889079493,-1.000005623093765,0.8091461002555822,0.8089142319582046,1.0000045441948224,1.0000045441948253,0.30943242912149665,-0.3094382962322511,-0.30943829623225183,-0.3095322947474765,-0.3093143367186503,0.30962548861414607,-0.3087814489845048,0.3096491570686193,-0.30964126960682614,-0.30969501248832504,0.3097564740729464,-0.30978282475911484,-0.3097828247591168,-1.0000044250086557,-1.000004425008654,1.0000043958504021
-0.3098281927026404,0.3098194374498281,-0.30981049836310426,-0.30981049836310887,-1.0000051078203225,1.0000000025195388,1.000003527892434,1.000004307737433,1.0000040439971418,-0.8091517044042048,-0.8089071516932774,-1.0000036354216895,-1.0000036354216926,-0.30944240832230596,0.3094482753921626,0.30944827539216363,0.30954227350871394,0.3093243164530113,-0.3096354669749612,0.3087709048204198,-0.309659135314592,0.3096512478926816,0.3097049905509409,-0.3097664518765141,0.3097928024479115,0.3097928024479139,1.00000351648252,1.0000035164825176,-1.0000034874075072
-0.30982819270264045,0.3098194374498286,-0.30981049836310437,-0.30981049836310876,-1.0000051078203192,1.000003527892434,1.0000000025195388,1.0000043077374325,1.000004043997142,-0.8091517044042041,-0.8089071516932774,-1.000003635421689,-1.0000036354216923,-0.30944240832230624,0.3094482753921626,0.30944827539216363,0.3095422735087143,0.3093243164530112,-0.3096354669749612,0.30877090482042013,-0.3096591353145919,0.3096512478926817,0.30970499055094075,-0.30976645187651386,0.3097928024479115,0.30979280244791374,1.0000035164825185,1.0000035164825178,-1.0000034874075063
-0.30970387409286626,0.3096951183955171,-0.30968617895979916,-0.3096861789598034,-1.000005889079493,1.000004307737433,1.0000043077374325,1.0000000036456895,1.0000048137458108,-0.8090760256308998,-0.8089854767728007,-1.000004400283333,-1.0000044002833361,-0.30931807342524825,0.3093239409307945,0.30932394093079596,0.30941794292178754,0.30919997629365586,-0.3095111402917543,0.3088957507997975,-0.30953480978188613,0.30952692195698617,0.3095806667742683,-0.3096421306139587,0.30966848230831306,0.30966848230831556,1.0000042783469025,1.0000042783469012,-1.0000042482616753
-0.30990163269770266,0.3098928776979378,-0.3098839388078341,-0.30988393880783843,-1.000005623093765,1.0000040439971418,1.000004043997142,1.0000048137458108,1.0000000032609606,-0.8091974099784416,-0.8088622549447452,-1.000004830261319,-1.0000048302613191,-0.3095158575231369,0.30952172434260405,0.3095217243426055,0.3096157202715577,0.30939776863357216,-0.30970891153227265,0.30869775763708734,-0.30973257921838465,0.3097246920257918,0.30977843346597955,-0.30983989337225487,0.3098662433086109,0.30986624330861307,1.0000040431646315,1.00000404316463,-1.0000040146838645
0.8093843715293372,-0.8093792499028746,0.8093735507522059,0.8093735507522101,0.8091461002555822,-0.8091517044042048,-0.8091517044042041,-0.8090760256308998,-0.8091974099784416,0.9999999996710612,0.30905071661504263,0.8092189986045518,0.8092189986045565,0.8091439104913776,-0.8091467238921303,-0.8091467238921313,-0.8092057343666075,-0.8090722174053878,0.8092639595338775,0.3090472792785868,0.8092780329533782,-0.8092734307901819,-0.8093074228900294,0.8093460943530142,-0.8093624721813811,-0.8093624721813844,-0.8092323460008103,-0.8092323460008072,0.8092368536229239
-0.30838984124501895,0.30839888722131026,-0.30840765287757443,-0.30840765287757216,0.8089142319582046,-0.8089071516932774,-0.8089071516932774,-0.8089854767728007,-0.8088622549447452,0.30905071661504263,1.0000000031201248,0.8088399925126653,0.8088399925126648,-0.3087736414147256,0.30876696046344004,0.3087669604634395,0.30867386710375927,0.30889237077525167,-0.3085812903260632,-0.8089797528057612,-0.30855706417000156,0.3085652253067189,0.30851225342307725,-0.3084514707807914,0.30842520911706317,0.30842520911706334,-0.808826444871599,-0.808826444871599,0.8088218875773038
0.3099369734273538,-0.3099282185558269,0.3099192797667717,0.30991927976677636,1.0000045441948224,-1.0000036354216895,-1.000003635421689,-1.000004400283333,-1.000004830261319,0.8092189986045518,0.8088399925126653,1.0000000026824702,1.0000037560313642,0.3095512029624659,-0.30955706965685725,-0.30955706965685764,-0.3096510644650967,-0.3094331155929561,0.3097442545969395,-0.3086621513624582,0.3097679219511348,-0.3097600348747341,-0.3098137756900077,0.3098752348688787,-0.3099015844805269,-0.3099015844805292,-1.0000043096292834,-1.0000036397086847,1.0000036115155537
0.30993697342735976,-0.3099282185558332,0.3099192797667777,0.30991927976678213,1.0000045441948253,-1.0000036354216926,-1.0000036354216923,-1.0000044002833361,-1.0000048302613191,0.8092189986045565,0.8088399925126648,1.0000037560313642,1.0000000026824702,0.3095512029624716,-0.30955706965686347,-0.309557069656864,-0.30965106446510327,-0.3094331155929618,0.3097442545969459,-0.308662151362454,0.3097679219511409,-0.30976003487473985,-0.30981377569001384,0.3098752348688849,-0.3099015844805334,-0.3099015844805352,-1.0000036397086882,-1.0000043096292857,1.0000036115155564
0.9999969109784129,-0.9999973779392826,0.9999970941277593,0.9999970941277627,0.30943242912149665,-0.30944240832230596,-0.30944240832230624,-0.30931807342524825,-0.3095158575231369,0.8091439104913776,-0.3087736414147256,0.3095512029624659,0.3095512029624716,0.9999999953998984,-0.999992914622143,-0.9999929146221405,-0.9999944127639873,-0.9999952161003096,0.9999947747761644,0.8089031315743254,0.9999938813523009,-0.9999943211264289,-0.9999955876598401,0.9999967081067791,-0.999996861665433,-0.999996861665438,-0.309572921986567,-0.30957292198656383,0.3095802457442494
-0.9999955994755612,0.9999960663740285,-0.9999957825014552,-0.9999957825014583,-0.3094382962322511,0.3094482753921626,0.3094482753921626,0.3093239409307945,0.30952172434260405,-0.8091467238921303,0.30876696046344004,-0.30955706965685725,-0.30955706965686347,-0.999992914622143,0.9999999935228345,0.9999909305786868,0.9999924293674834,0.9999932311893626,-0.9999934619432173,-0.8088981895911409,-0.9999925686865505,0.9999930084044618,0.9999942753065335,-0.9999953961761165,0.9999955499171232,0.9999955499171278,0.30957878860502824,0.30957878860502486,-0.3095861123371842
-0.9999955994755612,0.9999960663740285,-0.9999957825014559,-0.9999957825014588,-0.30943829623225183,0.30944827539216363,0.30944827539216363,0.30932394093079596,0.3095217243426055,-0.8091467238921313,0.3087669604634395,-0.30955706965685764,-0.309557069656864,-0.9999929146221405,0.9999909305786868,0.9999999935228345,0.9999924293674844,0.9999932311893635,-0.9999934619432174,-0.8088981895911409,-0.9999925686865513,0.9999930084044624,0.999994275306534,-0.9999953961761164,0.9999955499171238,0.9999955499171284,0.3095787886050293,0.3095787886050258,-0.3095861123371851
-0.9999971374198234,0.999997603398439,-0.9999973186098813,-0.9999973186098844,-0.3095322947474765,0.30954227350871394,0.3095422735087143,0.30941794292178754,0.3096157202715577,-0.8092057343666075,0.30867386710375927,-0.3096510644650967,-0.30965106446510327,-0.9999944127639873,0.9999924293674834,0.9999924293674844,0.9999999956705452,0.9999947170858766,-0.9999956499381545,-0.8088415706339787,-0.9999940892363531,0.9999945281249939,0.9999958005474344,-0.999996927740257,0.9999970842022148,0.9999970842022199,0.3096727827382915,0.3096727827382884,-0.30968010624398495
-0.9999978479142433,0.9999983160410589,-0.9999980333882489,-0.9999980333882514,-0.3093143367186503,0.3093243164530113,0.3093243164530112,0.30919997629365586,0.30939776863357216,-0.8090722174053878,0.30889237077525167,-0.3094331155929561,-0.3094331155929618,-0.9999952161003096,0.9999932311893626,0.9999932311893635,0.9999947170858766,0.9999999968211962,-0.9999957368594837,-0.8089778032390524,-0.9999948403000459,0.9999952811250251,0.9999965406733802,-0.9999976531189207,0.9999978032334561,0.99999780323346,0.3094548355337525,0.30945483553374925,-0.30946215959909756
0.9999982088725298,-0.9999986739375586,0.99999838823961,0.9999983882396128,0.30962548861414607,-0.3096354669749612,-0.3096354669749612,-0.3095111402917543,-0.30970891153227265,0.8092639595338775,-0.3085812903260632,0.3097442545969395,0.3097442545969459,0.9999947747761644,-0.9999934619432173,-0.9999934619432174,-0.9999956499381545,-0.9999957368594837,0.9999999971659647,0.8087849828612388,0.9999951434186362,-0.9999962514042691,-0.9999975293075835,0.9999979928579295,-0.9999981520215774,-0.9999981520215822,-0.30976597219005103,-0.30976597219004787,0.3097732954675524
0.8086679604952507,-0.8086738407900593,0.808679083798935,0.8086790837989357,-0.3087814489845048,0.3087709048204198,0.30877090482042013,0.3088957507997975,0.30869775763708734,0.3090472792785868,-0.8089797528057612,-0.3086621513624582,-0.308662151362454,0.8089031315743254,-0.8088981895911409,-0.8088981895911409,-0.8088415706339787,-0.8089778032390524,0.8087849828612388,0.9999999993611167,0.8087694554958754,-0.8087747720317976,-0.8087428106804324,0.8087059308876754,-0.8086897923683088,-0.8086897923683117,0.3086403537493005,0.3086403537493027,-0.3086330103118221
0.999997325634119,-0.999997790463013,0.9999975045309194,0.9999975045309222,0.3096491570686193,-0.309659135314592,-0.3096591353145919,-0.30953480978188613,-0.30973257921838465,0.8092780329533782,-0.30855706417000156,0.3097679219511348,0.3097679219511409,0.9999938813523009,-0.9999925686865505,-0.9999925686865513,-0.9999940892363531,-0.9999948403000459,0.9999951434186362,0.8087694554958754,0.9999999958975794,-0.9999953635033291,-0.9999959728978661,0.9999971079862646,-0.9999972678463613,-0.9999972678463656,-0.3097896393438012,-0.30978963934379794,0.3097969625540055
-0.9999977619957916,0.9999982269038713,-0.9999979410501932,-0.9999979410501969,-0.30964126960682614,0.3096512478926816,0.3096512478926817,0.30952692195698617,0.3097246920257918,-0.8092734307901819,0.3085652253067189,-0.3097600348747341,-0.30976003487473985,-0.9999943211264289,0.9999930084044618,0.9999930084044624,0.9999945281249939,0.9999952811250251,-0.9999962514042691,-0.8087747720317976,-0.9999953635033291,0.9999999965230377,0.9999964103485763,-0.9999975448951649,0.999997704521923,0.9999977045219283,0.3097817523376217,0.30978175233761857,-0.30978907557140684
-0.999999051232451,0.9999995156161715,-0.9999992292399448,-0.9999992292399473,-0.30969501248832504,0.3097049905509409,0.30970499055094075,0.3095806667742683,0.30977843346597955,-0.8093074228900294,0.30851225342307725,-0.3098137756900077,-0.30981377569001384,-0.9999955876598401,0.9999942753065335,0.999994275306534,0.9999958005474344,0.9999965406733802,-0.9999975293075835,-0.8087428106804324,-0.9999959728978661,0.9999964103485763,0.9999999983519243,-0.9999995004136429,0.9999989916716806,0.9999989916716862,0.30983549277668704,0.3098354927766838,-0.30984281588426216
1.0000001976858837,-1.0000006614687191,1.0000003744939772,1.0000003744939805,0.3097564740729464,-0.3097664518765141,-0.30976645187651386,-0.3096421306139587,-0.30983989337225487,0.8093460943530142,-0.3084514707807914,0.3098752348688787,0.3098752348688849,0.9999967081067791,-0.9999953961761165,-0.9999953961761164,-0.999996927740257,-0.9999976531189207,0.9999979928579295,0.8087059308876754,0.9999971079862646,-0.9999975448951649,-0.9999995004136429,0.9999999999805592,-1.0000008056549914,-1.000000805654995,-0.309896951517512,-0.30989695151750873,0.3099042744781214
-1.0000003624362341,1.000000825960313,-1.0000012086486705,-1.0000005387280773,-0.30978282475911484,0.3097928024479115,0.3097928024479115,0.30966848230831306,0.3098662433086109,-0.8093624721813811,0.30842520911706317,-0.3099015844805269,-0.3099015844805334,-0.999996861665433,0.9999955499171232,0.9999955499171238,0.9999970842022148,0.9999978032334561,-0.9999981520215774,-0.8086897923683088,-0.9999972678463613,0.999997704521923,0.9999989916716806,-1.0000008056549914,1.0000000002138643,1.0000002994558534,0.3099233009334767,0.30992330093347314,-0.3099306238284217
-1.0000003624362381,1.0000008259603177,-1.0000005387280786,-1.0000012086486807,-0.3097828247591168,0.3097928024479139,0.30979280244791374,0.30966848230831556,0.30986624330861307,-0.8093624721813844,0.30842520911706334,-0.3099015844805292,-0.3099015844805352,-0.999996861665438,0.9999955499171278,0.9999955499171284,0.9999970842022199,0.99999780323346,-0.9999981520215822,-0.8086897923683117,-0.9999972678463656,0.9999977045219283,0.9999989916716862,-1.000000805654995,1.0000002994558534,1.0000000002138643,0.3099233009334788,0.30992330093347525,-0.30993062382842373
-0.3099586896137075,0.30994993481968086,-0.30994099609142484,-0.30994099609142917,-1.0000044250086557,1.00000351648252,1.0000035164825185,1.0000042783469025,1.0000040431646315,-0.8092323460008103,-0.808826444871599,-1.0000043096292834,-1.0000036397086882,-0.309572921986567,0.30957878860502824,0.3095787886050293,0.3096727827382915,0.3094548355337525,-0.30976597219005103,0.3086403537493005,-0.3097896393438012,0.3097817523376217,0.30983549277668704,-0.309896951517512,0.3099233009334767,0.3099233009334788,1.0000000025166944,1.000003523909409,-1.000004165813284
-0.30995868961370415,0.3099499348196778,-0.30994099609142106,-0.3099409960914256,-1.000004425008654,1.0000035164825176,1.0000035164825178,1.0000042783469012,1.00000404316463,-0.8092323460008072,-0.808826444871599,-1.0000036397086847,-1.0000043096292857,-0.30957292198656383,0.30957878860502486,0.3095787886050258,0.3096727827382884,0.30945483553374925,-0.30976597219004787,0.3086403537493027,-0.30978963934379794,0.30978175233761857,0.3098354927766838,-0.30989695151750873,0.30992330093347314,0.30992330093347525,1.000003523909409,1.0000000025166944,-1.0000041658132848
0.30996601241918614,-0.3099572576511849,0.3099483189433226,0.309948318943327,1.0000043958504021,-1.0000034874075072,-1.0000034874075063,-1.0000042482616753,-1.0000040146838645,0.8092368536229239,0.8088218875773038,1.0000036115155537,1.0000036115155564,0.3095802457442494,-0.3095861123371842,-0.3095861123371851,-0.30968010624398495,-0.30946215959909756,0.3097732954675524,-0.3086330103118221,0.3097969625540055,-0.30978907557140684,-0.30984281588426216,0.3099042744781214,-0.3099306238284217,-0.30993062382842373,-1.000004165813284,-1.0000041658132848,1.000000002476719
