0.9999999973553738,-0.999997274526086,-0.9999941520857952,-1.0000026822376566,1.0000034755070746,1.000001961997705,1.000001499651352,-1.0000033837831894,-0.9999999988315934,1.000001499651351,-1.0000033837831894,-0.9999999988315926,-1.0000027747698856,1.0000044662708767,1.0000044662708765,0.9999984583979057,0.999992256194231,-0.9999944806503307,-0.9999922941954505,-0.9999922941954504,0.9999974075973007,0.9999931969939636,0.9999931969939634,-0.9999974511183096
-0.999997274526086,0.9999999987173336,0.9999950593329971,1.000003616004176,-1.00000440700244,-1.0000028963133343,-1.0000024312543623,1.0000043128605796,1.0000009312020035,-1.0000024312543623,1.0000043128605802,1.0000009312020035,1.0000036936841739,-1.0000053866976109,-1.0000053866976122,-0.9999993719628875,-0.9999931746719031,0.9999953942795672,0.9999932131867214,0.9999932131867231,-0.9999984023167733,-0.9999941207099121,-0.9999941207099119,0.9999984247624609
-0.9999941520857952,0.9999950593329971,0.9999999942454654,1.0000005145563984,-1.000001309003967,-0.9999997947393305,-0.9999993339551092,1.0000012194463426,0.9999978333328524,-0.9999993339551074,1.0000012194463435,0.9999978333328524,1.0000006195113467,-1.0000023099676942,-1.0000023099676947,-0.9999963085192746,-0.999990101449953,0.9999923307387463,0.9999901393178674,0.9999901393178687,-0.9999952076625597,-0.9999910629023865,-0.9999910629023852,0.9999952482307229
-1.0000026822376566,1.000003616004176,1.0000005145563984,1.00000000649331,-1.0000098911507522,-1.0000083785142373,-1.0000078918657012,1.000009776073248,1.000006392077763,-1.0000078918657012,1.000009776073249,1.0000063920777627,1.000009173996033,-1.0000108643466445,-1.000010864346644,-1.0000048621984237,-0.9999986558423056,1.0000008844642598,0.9999986931008576,0.9999986931008584,-1.0000037659754932,-0.9999995917239566,-0.9999995917239546,1.0000038069601551
1.0000034755070746,-1.00000440700244,-1.000001309003967,-1.0000098911507522,1.000000007629126,1.0000091473831514,1.0000086857006973,-1.0000105950682079,-1.00000718620802,1.000008685700698,-1.0000105950682112,-1.0000071862080187,-1.000009970163624,1.0000116607521128,1.0000116607521132,1.00000566013471,0.9999994523694892,-1.0000016824447635,-0.9999994902363237,-0.9999994902363241,1.000004555016929,1.000000388162509,1.0000003881625072,-1.000004595885693
1.000001961997705,-1.0000028963133343,-0.9999997947393305,-1.0000083785142373,1.0000091473831514,1.0000000054635383,1.000007172711632,-1.0000090572303284,-1.000005672454276,1.0000071727116304,-1.0000090572303288,-1.0000056724542759,-1.0000084541201726,1.0000101439900944,1.000010143990095,1.0000041411239615,0.99999793565814,-1.0000001633409876,-0.9999979721817052,-0.9999979721817065,1.000003046835452,0.9999988709173389,0.9999988709173387,-1.0000030873645147
1.000001499651352,-1.0000024312543623,-0.9999993339551092,-1.0000078918657012,1.0000086857006973,1.000007172711632,1.0000000048035178,-1.0000086211687496,-1.0000052367717327,1.0000067115428861,-1.0000085960858895,-1.0000052116888716,-1.000007995553023,1.0000096856369936,1.0000096856369924,1.0000036845675975,0.999997477466294,-0.9999997068256221,-0.9999975146023328,-0.9999975146023328,1.00000257949047,0.999998412464217,0.999998412464216,-1.0000026198554748
-1.0000033837831894,1.0000043128605796,1.0000012194463426,1.000009776073248,-1.0000105950682079,-1.0000090572303284,-1.0000086211687496,1.000000007501259,1.0000070964011671,-1.0000085960858873,1.0000104808671846,1.0000070964011665,1.0000098828245876,-1.0000115981969102,-1.00001157311405,-1.0000055737134277,-0.9999993651943484,1.0000015960442514,0.9999994029571009,0.9999994029571018,-1.0000044588966095,-1.0000003000708078,-1.0000003000708066,1.0000044990192207
-0.9999999988315934,1.0000009312020035,0.9999978333328524,1.000006392077763,-1.00000718620802,-1.000005672454276,-1.0000052367717327,1.0000070964011671,1.000000002656344,-1.0000052116888727,1.0000070964011671,1.0000037114807432,1.0000064946908718,-1.000008184350662,-1.0000081843506616,-1.0000021825008505,-0.9999959763003293,0.9999982047123585,0.9999960127453196,0.9999960127453208,-1.0000010801849415,-0.999996910778963,-0.9999969107789626,1.0000011202287358
1.000001499651351,-1.0000024312543623,-0.9999993339551074,-1.0000078918657012,1.000008685700698,1.0000071727116304,1.0000067115428861,-1.0000085960858873,-1.0000052116888727,1.0000000048035178,-1.0000086211687502,-1.0000052367717327,-1.0000079955530223,1.0000096856369933,1.0000096856369927,1.000003684567597,0.9999974774662936,-0.9999997068256216,-0.9999975146023319,-0.9999975146023335,1.0000025794904694,0.9999984124642158,0.9999984124642158,-1.000002619855476
-1.0000033837831894,1.0000043128605802,1.0000012194463435,1.000009776073249,-1.0000105950682112,-1.0000090572303288,-1.0000085960858895,1.0000104808671846,1.0000070964011671,-1.0000086211687502,1.000000007501259,1.0000070964011678,1.0000098828245876,-1.0000115731140515,-1.000011598196908,-1.0000055737134277,-0.9999993651943503,1.0000015960442523,0.9999994029571031,0.9999994029571031,-1.0000044588966104,-1.0000003000708084,-1.000000300070807,1.0000044990192216
-0.9999999988315926,1.0000009312020035,0.9999978333328524,1.0000063920777627,-1.0000071862080187,-1.0000056724542759,-1.0000052116888716,1.0000070964011665,1.0000037114807432,-1.0000052367717327,1.0000070964011678,1.000000002656344,1.0000064946908733,-1.0000081843506625,-1.0000081843506627,-1.0000021825008516,-0.9999959763003297,0.9999982047123585,0.9999960127453202,0.9999960127453204,-1.0000010801849426,-0.999996910778962,-0.9999969107789638,1.0000011202287362
-1.0000027747698856,1.0000036936841739,1.0000006195113467,1.000009173996033,-1.000009970163624,-1.0000084541201726,-1.000007995553023,1.0000098828245876,1.0000064946908718,-1.0000079955530223,1.0000098828245876,1.0000064946908733,1.0000000066506034,-1.000011006407162,-1.0000110064071601,-1.000005011893236,-0.9999987751088044,1.0000010091381315,0.9999988123888496,0.9999988123888505,-1.000003831292316,-0.999999706151774,-0.9999997061517732,1.0000038680938128
1.0000044662708767,-1.0000053866976109,-1.0000023099676942,-1.0000108643466445,1.0000116607521128,1.0000101439900944,1.0000096856369936,-1.0000115981969102,-1.000008184350662,1.0000096856369933,-1.0000115731140515,-1.0000081843506625,-1.000011006407162,1.0000000090682337,1.0000126702641474,1.0000066747618794,1.0000004639556233,-1.0000026970763853,-1.0000005009917305,-1.0000005009917314,1.0000055254904745,1.0000013953032683,1.0000013953032683,-1.0000055623280195
1.0000044662708765,-1.0000053866976122,-1.0000023099676947,-1.000010864346644,1.0000116607521132,1.000010143990095,1.0000096856369924,-1.00001157311405,-1.0000081843506616,1.0000096856369927,-1.000011598196908,-1.0000081843506627,-1.0000110064071601,1.0000126702641474,1.0000000090682337,1.0000066747618783,1.0000004639556235,-1.0000026970763845,-1.0000005009917299,-1.0000005009917303,1.0000055254904747,1.0000013953032674,1.0000013953032676,-1.0000055623280204
0.9999984583979057,-0.9999993719628875,-0.9999963085192746,-1.0000048621984237,1.00000566013471,1.0000041411239615,1.0000036845675975,-1.0000055737134277,-1.0000021825008505,1.000003684567597,-1.0000055737134277,-1.0000021825008516,-1.000005011893236,1.0000066747618794,1.0000066747618783,1.0000000004883602,0.9999944693431162,-0.9999967296102931,-0.9999945058151386,-0.9999945058151402,0.9999995051245141,0.9999953977973841,0.9999953977973854,-0.9999995396509299
0.999992256194231,-0.9999931746719031,-0.999990101449953,-0.9999986558423056,0.9999994523694892,0.99999793565814,0.999997477466294,-0.9999993651943484,-0.9999959763003293,0.9999974774662936,-0.9999993651943503,-0.9999959763003297,-0.9999987751088044,1.0000004639556233,1.0000004639556235,0.9999944693431162,0.9999999915957133,-0.9999905165723708,-0.9999883196219528,-0.9999883196219528,0.9999933118428883,0.9999891881896935,0.9999891881896932,-0.9999933483898735
-0.9999944806503307,0.9999953942795672,0.9999923307387463,1.0000008844642598,-1.0000016824447635,-1.0000001633409876,-0.9999997068256221,1.0000015960442514,0.9999982047123585,-0.9999997068256216,1.0000015960442523,0.9999982047123585,1.0000010091381315,-1.0000026970763853,-1.0000026970763845,-0.9999967296102931,-0.9999905165723708,0.9999999947944007,0.999990527937976,0.9999905279379757,-0.9999955274722133,-0.9999914199482846,-0.999991419948284,0.9999955620071759
-0.9999922941954505,0.9999932131867214,0.9999901393178674,0.9999986931008576,-0.9999994902363237,-0.9999979721817052,-0.9999975146023328,0.9999994029571009,0.9999960127453196,-0.9999975146023319,0.9999994029571031,0.9999960127453202,0.9999988123888496,-1.0000005009917305,-1.0000005009917299,-0.9999945058151386,-0.9999883196219528,0.999990527937976,0.9999999916486425,0.9999883313592423,-0.9999933506732918,-0.9999892503476521,-0.9999892252647923,0.9999933868526917
-0.9999922941954504,0.9999932131867231,0.9999901393178687,0.9999986931008584,-0.9999994902363241,-0.9999979721817065,-0.9999975146023328,0.9999994029571018,0.9999960127453208,-0.9999975146023335,0.9999994029571031,0.9999960127453204,0.9999988123888505,-1.0000005009917314,-1.0000005009917303,-0.9999945058151402,-0.9999883196219528,0.9999905279379757,0.9999883313592423,0.9999999916486425,-0.9999933506732925,-0.9999892252647925,-0.9999892503476522,0.9999933868526925
0.9999974075973007,-0.9999984023167733,-0.9999952076625597,-1.0000037659754932,1.000004555016929,1.000003046835452,1.00000257949047,-1.0000044588966095,-1.0000010801849415,1.0000025794904694,-1.0000044588966104,-1.0000010801849426,-1.000003831292316,1.0000055254904745,1.0000055254904747,0.9999995051245141,0.9999933118428883,-0.9999955274722133,-0.9999933506732918,-0.9999933506732925,0.9999999989664858,0.999994261997568,0.9999942619975675,-0.9999986318058581
0.9999931969939636,-0.9999941207099121,-0.9999910629023865,-0.9999995917239566,1.000000388162509,0.9999988709173389,0.999998412464217,-1.0000003000708078,-0.999996910778963,0.9999984124642158,-1.0000003000708084,-0.999996910778962,-0.999999706151774,1.0000013953032683,1.0000013953032674,0.9999953977973841,0.9999891881896935,-0.9999914199482846,-0.9999892503476521,-0.9999892252647925,0.999994261997568,0.9999999929293821,0.9999901208294669,-0.9999942995428133
0.9999931969939634,-0.9999941207099119,-0.9999910629023852,-0.9999995917239546,1.0000003881625072,0.9999988709173387,0.999998412464216,-1.0000003000708066,-0.9999969107789626,0.9999984124642158,-1.000000300070807,-0.9999969107789638,-0.9999997061517732,1.0000013953032683,1.0000013953032676,0.9999953977973854,0.9999891881896932,-0.999991419948284,-0.9999892252647923,-0.9999892503476522,0.9999942619975675,0.9999901208294669,0.9999999929293821,-0.9999942995428134
-0.9999974511183096,0.9999984247624609,0.9999952482307229,1.0000038069601551,-1.000004595885693,-1.0000030873645147,-1.0000026198554748,1.0000044990192207,1.0000011202287358,-1.000002619855476,1.0000044990192216,1.0000011202287362,1.0000038680938128,-1.0000055623280195,-1.0000055623280204,-0.9999995396509299,-0.9999933483898735,0.9999955620071759,0.9999933868526917,0.9999933868526925,-0.9999986318058581,-0.9999942995428133,-0.9999942995428134,0.9999999990396808
