0.999999998120772,-0.9985267979516941,-0.998525980082753,0.9941149608804327,0.947353106998504,0.8502222429485943,0.9999986113323844,-0.9985271970396697,-0.9764977591135545,-0.9941163200095355,-0.08545223764181045,0.08544309852721778,0.08546251108081716,-0.08543621749328871,-0.08545067979072235,-0.08549687217713846,-0.08545067979072164,0.08544084355268587,0.085440843552686,0.08542349473139167,0.9764990787154401,-1.0000007215541644,0.9941175289372511,0.08544987614705393,-0.08543815600890585,-0.08541647895108602,-0.677757027216581,0.944867770974582,-0.49365227870226386,0.4936752257181534,-0.4190098507302043,-0.36481591707205113,0.8461824497331276,0.2289877309778699,0.38882519351237954,0.08552944509952903,-0.9874008942536667,0.9714533591300397,0.9985290317049568,0.08544987614705524,-0.08543815600890531,-0.8863538809198634,0.9207653473402078,-0.9491935945547959,-0.27395884909381324,-0.35432467682252644,0.31589302673908537
-0.9985267979516941,0.9999999984122968,0.9941149176786911,-0.998526727932588,-0.9633229054278742,-0.8204227478197931,-0.9985270519312994,0.9999988838230686,0.98674847303563,0.998526864085021,0.07174564845003487,-0.07173723715672735,-0.07175495089981397,0.07173082150373565,0.07174432969497112,0.07178568209850443,0.07174432969497052,-0.07173523245470607,-0.07173523245470612,-0.07171870254931921,-0.9867496760288579,0.9985290264846166,-0.9985278930982845,-0.07174374524503524,0.07173279390293347,0.0717119871178095,0.7166353337776579,-0.9612351273837205,0.44576298188054836,-0.44578646670413663,0.38177815458612907,0.32601490953843554,-0.8160378973210334,-0.21196622468921716,-0.3549720186560291,-0.07181450937347711,0.9773670677183384,-0.9571583515276246,-1.0000005683101714,-0.07174374524503627,0.0717327939029329,0.8599399574116988,-0.8982536009208132,0.9307302455072822,0.2523222119724753,0.3242252576805515,-0.2898809199837826
-0.998525980082753,0.9941149176786911,0.9999999970510605,-0.986777990715449,-0.9285963064172799,-0.8775184647420421,-0.9985273677594168,0.9941163179365073,0.9633731183914801,0.9867797075517868,0.0988966602394089,-0.09888682019712451,-0.09890787443634272,0.09887949403076698,0.09889486787271547,0.09894576430815487,0.09889486787271473,-0.09888432158286312,-0.0988843215828635,-0.09886620489062073,-0.9633745506762669,0.9985287463612359,-0.9867810926538021,-0.09889384738579456,0.09888139294317083,0.09885890939512271,0.6368855345148167,-0.9257198887581239,0.5400861763367134,-0.5401085178466738,0.4550126559189858,0.40253491873156777,-0.8738347453419908,-0.24534393177601263,-0.42153931817717805,-0.09898198703683363,0.9945277346690098,-0.9828881206500848,-0.9941182972148663,-0.09889384738579583,0.09888139294317044,0.9101574778234888,-0.9405656603729062,0.9648620223718982,0.29479711729706787,0.38338752960835193,-0.34098255126596727
0.9941149608804327,-0.998526727932588,-0.986777990715449,0.9999999982431838,0.9764577066347009,0.7882064978090304,0.9941159339844173,-0.998527696184487,-0.9940957859245559,-0.9999990228284517,-0.05781588400985282,0.05780822528682968,0.057824188100200215,-0.05780229389193865,-0.05781480822601214,-0.05785119897423848,-0.057814808226011566,0.05780647675209063,0.05780647675209072,0.057790814394204144,0.9940960077937341,-0.9941177668870166,0.999999007766671,0.05781444467245111,-0.057804294353065735,-0.05778441905883641,-0.753406062882851,0.9747736564870126,-0.3965588998591029,0.3965828531675536,-0.34342767821328674,-0.2862450347810633,0.7834894826223694,0.19433059333841726,0.32008008832938134,0.05787619579876052,-0.9644555237617839,0.9400448914846024,0.9985283644225708,0.05781444467245193,-0.057804294353065284,-0.830993130717478,0.8730963705786381,-0.9095260223514106,-0.22995187880314524,-0.29317863919622217,0.26302367993504683
0.947353106998504,-0.9633229054278742,-0.9285963064172799,0.9764577066347009,0.999999995348547,0.6369167732934413,0.9473534853753621,-0.9633232558717677,-0.9940931779159751,-0.9764568625567446,-0.0005914223951227882,0.0005869810936521095,0.0005955127808468678,-0.0005831494889491134,-0.0005913442779025124,-0.0006069370122364966,-0.0005913442779024037,0.0005863024733658078,0.0005863024733654337,0.000574549777447926,0.9940928894698362,-0.9473546992364014,0.9764569529799253,0.0005918695602143716,-0.0005852025581110467,-0.0005696149733432566,-0.8774975643118903,0.999964544635603,-0.18922103982105573,0.18924614970195405,-0.1808957811440013,-0.11958881111707345,0.6310174335071915,0.11860458216107997,0.17199944465137743,0.0006159686893323135,-0.8847591895274463,0.8443552617303528,0.9633241203738218,0.000591869560214711,-0.0005852025581107911,-0.6914481531639982,0.7473848932625129,-0.7984646799050281,-0.13434326797622792,-0.16119084560408525,0.14859158672819311
0.8502222429485943,-0.8204227478197931,-0.8775184647420421,0.7882064978090304,0.6369167732934413,0.999999995104489,0.8502246352749157,-0.8204252023353162,-0.7167938575324969,-0.7882111522340693,-0.20460070765856778,0.2045860037393096,0.2046187200080063,-0.20457573468562334,-0.20459708477835536,-0.20468267558069314,-0.20459708477835425,0.20458168962563372,0.204581689625635,0.20455923890843886,0.7167960929829836,-0.8502277179328577,0.7882139113046068,0.20459428565323418,-0.20457702645739348,-0.20455045916465803,-0.18918249937628465,0.6309801430018073,-0.8775158467955164,0.877528950339913,-0.7115912410267046,-0.6816734909780681,0.9999654487954407,0.3565284771669143,0.6535540588542492,0.20474625968218177,-0.9228056020800485,0.9508366996910197,0.820428195654773,0.20459428565323678,-0.2045770264573928,-0.9973340529458876,0.9882224856440632,-0.9726899718575011,-0.43892538164758577,-0.5882677120992184,0.5164584664438177
0.9999986113323844,-0.9985270519312994,-0.9985273677594168,0.9941159339844173,0.9473534853753621,0.8502246352749157,0.9999999999038668,-0.9985291731753102,-0.9764984389377813,-0.9941172936791638,-0.08546951201723688,0.08546037293576124,0.08547978541300232,-0.08545349192409969,-0.08546795418315133,-0.0855141463642915,-0.08546795418315074,0.08545811797746469,0.0854581179774649,0.08544076920840026,0.9764997586091094,-1.0000028362505704,0.9941185029076065,0.08546715057260743,-0.0854554304658885,-0.08543375346259836,-0.6777560192852333,0.9448681237989087,-0.493655089495446,0.4936780368359912,-0.41900166376133835,-0.36482856766126637,0.8461848492856733,0.22897295513039542,0.3888154411430241,0.08554671910887415,-0.9874025244355117,0.9714551680064935,0.9985301471875163,0.08546715057260866,-0.08545543046588801,-0.8863561535223842,0.9207674785120333,-0.9491955707993605,-0.2739451140192128,-0.3543134674303536,0.31588048487192444
-0.9985271970396697,0.9999988838230686,0.9941163179365073,-0.998527696184487,-0.9633232558717677,-0.8204252023353162,-0.9985291731753102,1.0000000000000093,0.9867491363718767,0.9985278329178816,0.07176341300676728,-0.07175500174793357,-0.07177271541173277,0.07174858611821436,0.0717620942692686,0.07180344646020043,0.07176209426926795,-0.071752997062743,-0.07175299706274307,-0.07173646721196998,-0.9867503394363804,0.9985302870588785,-0.9985288622399878,-0.07176150985337428,0.07175055854422015,0.07172975181631837,0.716634251537802,-0.9612354513674046,0.44576588922976146,-0.44578937438728333,0.3817697513937157,0.32602792968182726,-0.8160403596145528,-0.21195104014187674,-0.35496200485872836,-0.07183227355176482,0.9773687213935608,-0.9571601922428591,-1.000002545707522,-0.07176150985337534,0.07175055854421974,0.8599422855062586,-0.8982557799837393,0.9307322617410492,0.25230809912635627,0.32421374456148844,-0.2898680354652825
-0.9764977591135545,0.98674847303563,0.9633731183914801,-0.9940957859245559,-0.9940931779159751,-0.7167938575324969,-0.9764984389377813,0.9867491363718767,0.9999999967798351,0.994094818321246,0.029381680880769624,-0.02937559493357286,-0.02938791493455947,0.02937068444289661,0.029381100501084716,0.02940724667117683,0.029381100501084407,-0.029374374146934404,-0.029374374146934137,-0.02936058522501723,-0.9999971664568601,0.9764999714250236,-0.9940952893179092,-0.02938118184554816,0.029372723245726193,0.02935488652057371,0.820291171908712,-0.9932307283145301,0.29463130330497583,-0.294655980603608,0.2637176005093588,0.20412610735374212,-0.7114541789764306,-0.15739362606770393,-0.24749942119452026,-0.02942436202500543,0.9300976224497004,-0.897498133459995,-0.9867503403778439,-0.029381181845548873,0.029372723245725842,0.765741607343247,-0.815052460004362,0.8590667727729643,0.18322649393326945,0.22853196687014943,-0.20702747143481245
-0.9941163200095355,0.998526864085021,0.9867797075517868,-0.9999990228284517,-0.9764568625567446,-0.7882111522340693,-0.9941172936791638,0.9985278329178816,0.994094818321246,0.9999999991426418,0.05784946114887248,-0.057841802479762464,-0.05785776517186446,0.05783587112296031,0.057848385392910984,0.057884775830440355,0.05784838539291048,-0.0578400539720152,-0.05784005397201515,-0.05782439171215607,-0.9940959012493268,0.9941191270592932,-1.000000502061485,-0.05784802189756331,0.057837871631059586,0.05781799644306739,0.7534020892026142,-0.9747727528623114,0.39656535140003946,-0.39658930531193376,0.3434127110346056,0.2862702468247367,-0.783494166862004,-0.19430249481532946,-0.3200620321740404,-0.057909772383216825,0.9644579058529232,-0.9400477761515722,-0.998529362605069,-0.05784802189756425,0.05783787163105919,0.8309974028650365,-0.8731002034270338,0.9095293916712082,0.2299258852915498,0.2931576947450863,-0.2630000799194318
-0.08545223764181045,0.07174564845003487,0.0988966602394089,-0.05781588400985282,-0.0005914223951227882,-0.20460070765856778,-0.08546951201723688,0.07176341300676728,0.029381680880769624,0.05784946114887248,1.0000000043869224,-1.0000074278657445,-1.0000065211184563,1.0000068713050927,1.000006665191224,1.0000046406389291,1.0000066651912214,-1.0000069906099338,-1.0000069906099338,-1.000008178815213,-0.029386176349222807,0.08548419239978555,-0.05786728538633778,-1.0000081166811012,1.0000083063536043,1.0000094684928673,-0.12662017327969136,0.0016789246452767936,0.2601789747708754,-0.2601983869868166,-0.3805944442639302,0.7937349536197443,-0.20564710311483617,0.7940041973933191,0.47577524683653966,-1.0000019592957616,0.1236871825834927,-0.14210146561187761,-0.07177950076346187,-1.0000081166811063,1.0000083063536072,0.1914964496105226,-0.17611856655426042,0.15961696866632707,-0.7256654834083945,-0.565666998371818,0.6492718690390841
0.08544309852721778,-0.07173723715672735,-0.09888682019712451,0.05780822528682968,0.0005869810936521095,0.2045860037393096,0.08546037293576124,-0.07175500174793357,-0.02937559493357286,-0.057841802479762464,-1.0000074278657445,1.0000000049556905,1.000006059421096,-1.000008132406007,-1.0000070649239954,-1.0000050383840857,-1.0000070649239938,1.0000073906737597,1.000007390673759,1.0000085793093287,0.0293800903794818,-0.08547505333023209,0.057859626744559134,1.0000085165000652,-1.0000087065307715,-1.0000098691559491,0.12661668378174218,-0.001683248751080324,-0.26016300879077603,0.2601824213201013,0.38060998627396814,-0.7937251471998955,0.2056323496887841,-0.7940146314717766,-0.47579007489458586,1.0000023555386075,-0.12367607276782788,0.14208946076108525,0.07177108952348432,1.0000085165000674,-1.0000087065307726,-0.1914822491007192,0.17610501132210776,-0.159604146902498,0.7256772238110369,0.5656809480426345,-0.6492847856564461
0.08546251108081716,-0.07175495089981397,-0.09890787443634272,0.057824188100200215,0.0005955127808468678,0.2046187200080063,0.08547978541300232,-0.07177271541173277,-0.02938791493455947,-0.05785776517186446,-1.0000065211184563,1.000006059421096,1.0000000036658585,-1.0000063635132126,-1.0000070188836696,-1.0000049968755265,-1.0000070188836647,1.000006482956176,1.0000064829561766,1.0000076706240324,0.029392410432090985,-0.08549446577830028,0.0578755893743256,1.0000076093349346,-1.0000077985550917,-1.0000089600911486,0.12662616769673066,-0.0016749862741137047,-0.26019937304984747,0.26021878483514405,0.38057458989112225,-0.7937474845598813,0.2056651895593111,-0.7939908700873937,-0.47575630490781917,1.000001456533137,-0.12370011749594888,0.14211562931368266,0.07178880314294993,1.0000076093349408,-1.000007798555095,-0.19151371765501773,0.17613490388026984,-0.1596322689736905,0.7256504869738977,0.5656491789380419,-0.6492553696697887
-0.08543621749328871,0.07173082150373565,0.09887949403076698,-0.05780229389193865,-0.0005831494889491134,-0.20457573468562334,-0.08545349192409969,0.07174858611821436,0.02937068444289661,0.05783587112296031,1.0000068713050927,-1.000008132406007,-1.0000063635132126,1.0000000053891072,1.0000073693530505,1.0000053414844638,1.0000073693530493,-1.0000085562525782,-1.0000085562525824,-1.0000097451831287,-0.02937517987399019,0.08546817232595547,-0.057853695406627235,-1.0000088209856948,1.000009011259231,1.0000101742195286,-0.12661517636289785,0.0016870030845579733,0.2601523123236492,-0.26017172504687247,-0.380620421797932,0.7937186004148131,-0.20562205331899916,0.7940216569284884,0.47580003514695207,-1.000002657636777,0.12366794910917692,-0.1420807835682556,-0.07176467390618654,-1.0000088209856994,1.0000090112592324,0.19147226262190614,-0.17609539968508314,0.1595949726368817,-0.725685122735091,-0.5656903225662985,0.6492934705099682
-0.08545067979072235,0.07174432969497112,0.09889486787271547,-0.05781480822601214,-0.0005913442779025124,-0.20459708477835536,-0.08546795418315133,0.0717620942692686,0.029381100501084716,0.057848385392910984,1.000006665191224,-1.0000070649239954,-1.0000070188836696,1.0000073693530505,1.0000000050952602,1.0000051379504522,1.000007163110406,-1.000007488627175,-1.0000083495535161,-1.0000086769531793,-0.02938559596474993,0.08548263457620799,-0.05786620964547672,-1.0000086146287452,1.0000088044057571,1.0000099666781128,-0.12661801925921354,0.0016789676348209351,0.26017440882076753,-0.2601938211872283,-0.3805991304287376,0.7937323907895235,-0.20564345781413423,0.7940075486321847,0.47577976064978694,-1.0000024561442502,0.1236849528527583,-0.1420989157179207,-0.07177818203871171,-1.0000094755550863,1.0000088044057593,0.19149304668686729,-0.17611542815328346,0.15961411522367477,-0.7256691902821576,-0.5656712897818891,0.6492758904668625
-0.08549687217713846,0.07178568209850443,0.09894576430815487,-0.05785119897423848,-0.0006069370122364966,-0.20468267558069314,-0.0855141463642915,0.07180344646020043,0.02940724667117683,0.057884775830440355,1.0000046406389291,-1.0000050383840857,-1.0000049968755265,1.0000053414844638,1.0000051379504522,1.0000000022230424,1.0000051379504513,-1.0000054614240668,-1.0000054614240677,-1.000006647159336,-0.029411742277465878,0.08552882667487198,-0.057902599919370974,-1.0000065889150138,1.000006776495972,1.0000079358713583,-0.12665139942408404,0.0016641213827709353,0.260273728062201,-0.26029313817993427,-0.38050273978677196,0.7937936839121825,-0.20572943889026649,0.7939430840957069,0.4756878496461773,-1.000001313793248,0.12374449603022981,-0.14216467465875446,-0.07181953410886395,-1.0000065889150167,1.000006776495974,0.1915747372653662,-0.1761922968724008,0.15968566190940983,-0.7255965780195657,-0.5655848776041977,0.6491959351661261
-0.08545067979072164,0.07174432969497052,0.09889486787271473,-0.057814808226011566,-0.0005913442779024037,-0.20459708477835425,-0.08546795418315074,0.07176209426926795,0.029381100501084407,0.05784838539291048,1.0000066651912214,-1.0000070649239938,-1.0000070188836647,1.0000073693530493,1.000007163110406,1.0000051379504513,1.0000000050952602,-1.000008349553511,-1.000007488627174,-1.000008676953178,-0.029385595964749694,0.08548263457620738,-0.057866209645476244,-1.0000094755550815,1.0000088044057556,1.0000099666781102,-0.1266180192592128,0.001678967634821212,0.26017440882076587,-0.2601938211872268,-0.3805991304287384,0.7937323907895222,-0.20564345781413298,0.7940075486321843,0.4757797606497873,-1.0000024561442495,0.12368495285275731,-0.14209891571791963,-0.07177818203871106,-1.0000086146287475,1.000008804405758,0.19149304668686612,-0.1761154281532825,0.15961411522367366,-0.7256691902821573,-0.5656712897818893,0.6492758904668624
0.08544084355268587,-0.07173523245470607,-0.09888432158286312,0.05780647675209063,0.0005863024733658078,0.20458168962563372,0.08545811797746469,-0.071752997062743,-0.029374374146934404,-0.0578400539720152,-1.0000069906099338,1.0000073906737597,1.000006482956176,-1.0000085562525782,-1.000007488627175,-1.0000054614240668,-1.000008349553511,1.0000000055585967,1.0000078144854045,1.000009003257678,0.02937886958703761,-0.08547279838096049,0.057857878251139916,1.000008940233419,-1.0000091303804766,-1.0000102931579347,0.12661486463748545,-0.00168388916193504,-0.26015793594679376,0.2601773486215812,0.3806151111684416,-0.7937222182922933,0.20562801475200565,-0.7940182307609305,-0.4757949975601928,1.0000027780749463,-0.1236731250686609,0.14208618922853986,0.07176908484981019,1.0000089402334225,-1.000009991306818,-0.19147814161186755,0.1761011580058975,-0.15960057284094975,0.7256812242744461,0.5656856138927446,-0.649289142960175
0.085440843552686,-0.07173523245470612,-0.0988843215828635,0.05780647675209072,0.0005863024733654337,0.204581689625635,0.0854581179774649,-0.07175299706274307,-0.029374374146934137,-0.05784005397201515,-1.0000069906099338,1.000007390673759,1.0000064829561766,-1.0000085562525824,-1.0000083495535161,-1.0000054614240677,-1.000007488627174,1.0000078144854045,1.0000000055585967,1.0000090032576772,0.029378869587037407,-0.0854727983809606,0.05785787825114004,1.0000089402334198,-1.0000099913068135,-1.0000102931579373,0.12661486463748664,-0.0016838891619354044,-0.2601579359467954,0.26017734862158276,0.3806151111684401,-0.7937222182922951,0.20562801475200665,-0.7940182307609288,-0.4757949975601915,1.0000027780749452,-0.12367312506866163,0.14208618922854035,0.07176908484981027,1.0000089402334233,-1.000009130380479,-0.19147814161186869,0.17610115800589848,-0.1596005728409506,0.7256812242744449,0.5656856138927439,-0.649289142960174
0.08542349473139167,-0.07171870254931921,-0.09886620489062073,0.057790814394204144,0.000574549777447926,0.20455923890843886,0.08544076920840026,-0.07173646721196998,-0.02936058522501723,-0.05782439171215607,-1.000008178815213,1.0000085793093287,1.0000076706240324,-1.0000097451831287,-1.0000086769531793,-1.000006647159336,-1.000008676953178,1.000009003257678,1.0000090032576772,1.0000000072502264,0.02936508063728742,-0.08545544963041288,0.057842216038369504,1.000010128665315,-1.0000103193024188,-1.0000123437125454,0.12661586889642865,-0.0016954941668434192,-0.26013665065739716,0.26015606356974363,0.3806362444061773,-0.7937095574678613,0.20560553781144583,-0.7940327692480786,-0.4758152334410472,1.0000039618666254,-0.12365367780659342,0.1420658627340373,0.07175255502953909,1.0000101286653178,-1.0000103193024206,-0.19145598942889674,0.1760794746476836,-0.15957949935629187,0.7256974737233871,0.5657047279691192,-0.6493069232702651
0.9764990787154401,-0.9867496760288579,-0.9633745506762669,0.9940960077937341,0.9940928894698362,0.7167960929829836,0.9764997586091094,-0.9867503394363804,-0.9999971664568601,-0.9940959012493268,-0.029386176349222807,0.0293800903794818,0.029392410432090985,-0.02937517987399019,-0.02938559596474993,-0.029411742277465878,-0.029385595964749694,0.02937886958703761,0.029378869587037407,0.02936508063728742,0.9999999979642932,-0.9765012911562909,0.9940963723165158,0.029385677309005653,-0.02937721868316568,-0.029359381925535586,-0.8202905101121849,0.9932312812438361,-0.2946337942855269,0.29465847165863285,-0.26371715505168153,-0.20413050798352825,0.7114564218908945,0.15739088859086828,0.24749848604474295,0.029428857736079766,-0.9300992587862442,0.8974999157713272,0.986751543507622,0.02938567730900628,-0.02937721868316532,-0.765743755207897,0.8150544989236429,-0.8590686895732434,-0.18322417334622518,-0.22853055245526133,0.2070255934987147
-1.0000007215541644,0.9985290264846166,0.9985287463612359,-0.9941177668870166,-0.9473546992364014,-0.8502277179328577,-1.0000028362505704,0.9985302870588785,0.9764999714250236,0.9941191270592932,0.08548419239978555,-0.08547505333023209,-0.08549446577830028,0.08546817232595547,0.08548263457620799,0.08552882667487198,0.08548263457620738,-0.08547279838096049,-0.0854727983809606,-0.08545544963041288,-0.9765012911562909,1.000000002906451,-0.9941203365420782,-0.08548183099072763,0.08547011089140084,0.08544843390356631,0.6777556463571989,-0.9448693111752752,0.49365826002173124,-0.4936812076427987,0.41899545494621326,0.36483981111491126,-0.8461879358881529,-0.22896089030382563,-0.38880786541429224,-0.08556139933598995,0.9874049902864811,-0.9714577932097274,-0.9985321222294378,-0.08548183099072876,0.08547011089140034,0.8863591528777827,-0.9207703713695645,0.9491983386551544,0.27393399856571093,0.35430460899050475,-0.3158704421611617
0.9941175289372511,-0.9985278930982845,-0.9867810926538021,0.999999007766671,0.9764569529799253,0.7882139113046068,0.9941185029076065,-0.9985288622399878,-0.9940952893179092,-1.000000502061485,-0.05786728538633778,0.057859626744559134,0.0578755893743256,-0.057853695406627235,-0.05786620964547672,-0.057902599919370974,-0.057866209645476244,0.057857878251139916,0.05785787825114004,0.057842216038369504,0.9940963723165158,-0.9941203365420782,1.0000000003470355,0.05786584618165551,-0.05785569594082033,-0.05783582080234646,-0.7534004863452808,0.9747728121980647,-0.39656880840349507,0.3965927626487431,-0.34340479669028695,-0.28628365081320367,0.7834969382312766,0.19428759918603258,0.320052476557359,0.05792759632728879,-0.9644596137486843,0.9400497241305309,0.9985303922053611,0.05786584618165656,-0.05785569594081995,-0.8309999918010212,0.8731025934007711,-0.9095315675123259,-0.22991210977405382,-0.2931466040581051,0.26298757739940753
0.08544987614705393,-0.07174374524503524,-0.09889384738579456,0.05781444467245111,0.0005918695602143716,0.20459428565323418,0.08546715057260743,-0.07176150985337428,-0.02938118184554816,-0.05784802189756331,-1.0000081166811012,1.0000085165000652,1.0000076093349346,-1.0000088209856948,-1.0000086146287452,-1.0000065889150138,-1.0000094755550815,1.000008940233419,1.0000089402334198,1.000010128665315,0.029385677309005653,-0.08548183099072763,0.05786584618165551,1.000000007160262,-1.000010256044961,-1.0000114184323943,0.1266156091972623,-0.0016784118159381125,-0.26017051670260183,0.2601899292305887,0.38060377182009886,-0.793730853059667,0.20564063526898924,-0.7940113890220667,-0.47578434037733647,1.0000039066841901,-0.12368352239187147,0.14209718043640068,0.07177759765103497,1.0000100661751932,-1.0000102560449635,-0.19149047253307186,0.17611311916481256,-0.15961208646350053,0.7256732858107722,0.5656757570505969,-0.6492801957323308
-0.08543815600890585,0.07173279390293347,0.09888139294317083,-0.057804294353065735,-0.0005852025581110467,-0.20457702645739348,-0.0854554304658885,0.07175055854422015,0.029372723245726193,0.057837871631059586,1.0000083063536043,-1.0000087065307715,-1.0000077985550917,1.000009011259231,1.0000088044057571,1.000006776495972,1.0000088044057556,-1.0000091303804766,-1.0000099913068135,-1.0000103193024188,-0.02937721868316568,0.08547011089140084,-0.05785569594082033,-1.000010256044961,1.0000000074306665,1.0000116092623046,-0.126613365060942,0.0016849502828327383,0.26015268051414936,-0.2601720933393877,-0.3806209727617376,0.7937197362051911,-0.20562333251399517,0.7940227994618163,0.475800722434213,-1.0000040926103555,0.12366975553751926,-0.1420825055482495,-0.0717666463572425,-1.0000102560449646,1.0000104463172639,0.19147366689330722,-0.17609691993397544,0.1595965990175113,-0.7256861676084639,-0.5656911385497968,0.6492944061307687
-0.08541647895108602,0.0717119871178095,0.09885890939512271,-0.05778441905883641,-0.0005696149733432566,-0.20455045916465803,-0.08543375346259836,0.07172975181631837,0.02935488652057371,0.05781799644306739,1.0000094684928673,-1.0000098691559491,-1.0000089600911486,1.0000101742195286,1.0000099666781128,1.0000079358713583,1.0000099666781102,-1.0000102931579347,-1.0000102931579373,-1.0000123437125454,-0.029359381925535586,0.08544843390356631,-0.05783582080234646,-1.0000114184323943,1.0000116092623046,1.0000000090857006,-0.12661669312486468,0.0017003735438498088,0.26012853731689817,-0.260147950328201,-0.3806448267744547,0.7937052585381689,-0.2055967509785887,0.7940391123717042,0.47582354322171455,-1.0000052498186862,0.12364590311608817,-0.14205777737623598,-0.07174583965879487,-1.000011418432399,1.0000116092623057,0.191447294158448,-0.17607092750320882,0.15957115595256957,-0.7257044299037494,-0.5657126729821779,0.6493144153982785
-0.677757027216581,0.7166353337776579,0.6368855345148167,-0.753406062882851,-0.8774975643118903,-0.18918249937628465,-0.6777560192852333,0.716634251537802,0.820291171908712,0.7534020892026142,-0.12662017327969136,0.12661668378174218,0.12662616769673066,-0.12661517636289785,-0.12661801925921354,-0.12665139942408404,-0.1266180192592128,0.12661486463748545,0.12661486463748664,0.12661586889642865,-0.8202905101121849,0.6777556463571989,-0.7534004863452808,0.1266156091972623,-0.126613365060942,-0.12661669312486468,0.9999999952629178,-0.8811537593238684,-0.3048638061568066,0.30483965104282934,-0.21218931865999777,-0.27178853466607583,-0.18168567471538438,0.07062438468814794,0.18740939065319465,0.12667944729721448,0.5528784778369732,-0.4839781948601199,-0.7166334890672136,0.12661560919726336,-0.126613365060942,0.2602939319053628,-0.3372092738544321,0.41193253381702916,-0.1018390577585881,-0.16055641565068487,0.1319273763145406
0.944867770974582,-0.9612351273837205,-0.9257198887581239,0.9747736564870126,0.999964544635603,0.6309801430018073,0.9448681237989087,-0.9612354513674046,-0.9932307283145301,-0.9747727528623114,0.0016789246452767936,-0.001683248751080324,-0.0016749862741137047,0.0016870030845579733,0.0016789676348209351,0.0016641213827709353,0.001678967634821212,-0.00168388916193504,-0.0016838891619354044,-0.0016954941668434192,0.9932312812438361,-0.9448693111752752,0.9747728121980647,-0.0016784118159381125,0.0016849502828327383,0.0017003735438498088,-0.8811537593238684,0.9999999961737301,-0.1816775419459921,0.18170266639850813,-0.17510102970774505,-0.1134067651117154,0.6250438917238521,0.1160298556932248,0.16674609840624577,-0.0016556599575229575,-0.8811568508821425,0.8402178548276805,0.9612362877329312,-0.0016784118159376207,0.0016849502828331462,-0.6858823537746306,0.7422629876666984,-0.7938199371489613,-0.13103634872690942,-0.15653714322696477,0.1445891053963861
-0.49365227870226386,0.44576298188054836,0.5400861763367134,-0.3965588998591029,-0.18922103982105573,-0.8775158467955164,-0.493655089495446,0.44576588922976146,0.29463130330497583,0.39656535140003946,0.2601789747708754,-0.26016300879077603,-0.26019937304984747,0.2601523123236492,0.26017440882076753,0.260273728062201,0.26017440882076587,-0.26015793594679376,-0.2601579359467954,-0.26013665065739716,-0.2946337942855269,0.49365826002173124,-0.39656880840349507,-0.26017051670260183,0.26015268051414936,0.26012853731689817,-0.3048638061568066,-0.1816775419459921,0.9999999945814608,-0.9999954098668747,0.7938671739668369,0.7938279818735141,-0.8811501560042944,-0.3803872445787327,-0.7254832815216868,-0.2603490983316562,0.6250368693361092,-0.6858724004847174,-0.44576916319960486,-0.2601705167026046,0.2601526805141487,0.8402082516654608,-0.7938087682166546,0.742252058380485,0.47554399163510813,0.649055165208006,-0.5654321865383592
0.4936752257181534,-0.44578646670413663,-0.5401085178466738,0.3965828531675536,0.18924614970195405,0.877528950339913,0.4936780368359912,-0.44578937438728333,-0.294655980603608,-0.39658930531193376,-0.2601983869868166,0.2601824213201013,0.26021878483514405,-0.26017172504687247,-0.2601938211872283,-0.26029313817993427,-0.2601938211872268,0.2601773486215812,0.26017734862158276,0.26015606356974363,0.29465847165863285,-0.4936812076427987,0.3965927626487431,0.2601899292305887,-0.2601720933393877,-0.260147950328201,0.30483965104282934,0.18170266639850813,-0.9999954098668747,0.9999999976653259,-0.7938578901122232,-0.7938424333563145,0.8811630933341895,0.3803700214007832,0.7254714248713802,0.2603685067315699,-0.6250578528477186,0.6858921849632447,0.4457926486654981,0.26018992923059187,-0.260172093339387,-0.8402237062731495,0.7938257792298157,-0.7422705158160361,-0.4755278563582659,-0.6490417281115154,0.5654173179564652
-0.4190098507302043,0.38177815458612907,0.4550126559189858,-0.34342767821328674,-0.1808957811440013,-0.7115912410267046,-0.41900166376133835,0.3817697513937157,0.2637176005093588,0.3434127110346056,-0.3805944442639302,0.38060998627396814,0.38057458989112225,-0.380620421797932,-0.3805991304287376,-0.38050273978677196,-0.3805991304287384,0.3806151111684416,0.3806151111684401,0.3806362444061773,-0.26371715505168153,0.41899545494621326,-0.34340479669028695,0.38060377182009886,-0.3806209727617376,-0.3806448267744547,-0.21218931865999777,-0.17510102970774505,0.7938671739668369,-0.7938578901122232,0.9999999971508922,0.2603996461189897,-0.7144126138780481,-0.8643492231080345,-0.994445835875529,0.38042887079401994,0.5207570697821381,-0.5674216795269896,-0.3817627553367607,0.38060377182009825,-0.38062097276173895,0.6841171694258621,-0.6493667349380073,0.6103845804207586,0.9124448635177183,0.9778588864490375,-0.9504227816647725
-0.36481591707205113,0.32601490953843554,0.40253491873156777,-0.2862450347810633,-0.11958881111707345,-0.6816734909780681,-0.36482856766126637,0.32602792968182726,0.20412610735374212,0.2862702468247367,0.7937349536197443,-0.7937251471998955,-0.7937474845598813,0.7937186004148131,0.7937323907895235,0.7937936839121825,0.7937323907895222,-0.7937222182922933,-0.7937222182922951,-0.7937095574678613,-0.20413050798352825,0.36483981111491126,-0.28628365081320367,-0.793730853059667,0.7937197362051911,0.7937052585381689,-0.27178853466607583,-0.1134067651117154,0.7938279818735141,-0.7938424333563145,0.2603996461189897,0.9999999998852573,-0.6846219332687633,0.2604550126291706,-0.15737271104215658,-0.7938403371047636,0.47166377553001204,-0.521585109456847,-0.32604012469892024,-0.7937308530596721,0.7937197362051917,0.6499190109309444,-0.6110044707604219,0.5681332572211965,-0.15746800261545751,0.052609386716945455,0.052726798308357054
0.8461824497331276,-0.8160378973210334,-0.8738347453419908,0.7834894826223694,0.6310174335071915,0.9999654487954407,0.8461848492856733,-0.8160403596145528,-0.7114541789764306,-0.783494166862004,-0.20564710311483617,0.2056323496887841,0.2056651895593111,-0.20562205331899916,-0.20564345781413423,-0.20572943889026649,-0.20564345781413298,0.20562801475200565,0.20562801475200665,0.20560553781144583,0.7114564218908945,-0.8461879358881529,0.7834969382312766,0.20564063526898924,-0.20562333251399517,-0.2055967509785887,-0.18168567471538438,0.6250438917238521,-0.8811501560042944,0.8811630933341895,-0.7144126138780481,-0.6846219332687633,0.9999999971869497,0.3578141018483077,0.6561184922676192,0.2057933386183601,-0.9198417176565803,0.9484477287192197,0.8160433594429931,0.2056406352689918,-0.20562333251399437,-0.9967509628119378,0.9870277900539208,-0.9708922975948711,-0.4405615057158821,-0.590546803032977,0.5184269730627465
0.2289877309778699,-0.21196622468921716,-0.24534393177601263,0.19433059333841726,0.11860458216107997,0.3565284771669143,0.22897295513039542,-0.21195104014187674,-0.15739362606770393,-0.19430249481532946,0.7940041973933191,-0.7940146314717766,-0.7939908700873937,0.7940216569284884,0.7940075486321847,0.7939430840957069,0.7940075486321843,-0.7940182307609305,-0.7940182307609288,-0.7940327692480786,0.15739088859086828,-0.22896089030382563,0.19428759918603258,-0.7940113890220667,0.7940227994618163,0.7940391123717042,0.07062438468814794,0.1160298556932248,-0.3803872445787327,0.3803700214007832,-0.8643492231080345,0.2604550126291706,0.3578141018483077,0.9999999931353708,0.9124590168353317,-0.7938939281427068,-0.2750813710235434,0.2957435961299777,0.21193769247117578,-0.7940113890220685,0.7940227994618189,-0.3455942301315746,0.3311130717452227,-0.31446110477549594,-0.9944460455508017,-0.9504392049157907,0.977867951810131
0.38882519351237954,-0.3549720186560291,-0.42153931817717805,0.32008008832938134,0.17199944465137743,0.6535540588542492,0.3888154411430241,-0.35496200485872836,-0.24749942119452026,-0.3200620321740404,0.47577524683653966,-0.47579007489458586,-0.47575630490781917,0.47580003514695207,0.47577976064978694,0.4756878496461773,0.4757797606497873,-0.4757949975601928,-0.4757949975601915,-0.4758152334410472,0.24749848604474295,-0.38880786541429224,0.320052476557359,-0.47578434037733647,0.475800722434213,0.47582354322171455,0.18740939065319465,0.16674609840624577,-0.7254832815216868,0.7254714248713802,-0.994445835875529,-0.15737271104215658,0.6561184922676192,0.9124590168353317,0.9999999958438891,-0.475617285043267,-0.48125093860625234,0.5235403667402514,0.35495352023035587,-0.4757843403773359,0.475800722434215,-0.6289136037043563,0.5976109596156444,-0.5624111419109966,-0.9504307666864816,-0.9944464715354604,0.9778618213545992
0.08552944509952903,-0.07181450937347711,-0.09898198703683363,0.05787619579876052,0.0006159686893323135,0.20474625968218177,0.08554671910887415,-0.07183227355176482,-0.02942436202500543,-0.057909772383216825,-1.0000019592957616,1.0000023555386075,1.000001456533137,-1.000002657636777,-1.0000024561442502,-1.000001313793248,-1.0000024561442495,1.0000027780749463,1.0000027780749452,1.0000039618666254,0.029428857736079766,-0.08556139933598995,0.05792759632728879,1.0000039066841901,-1.0000040926103555,-1.0000052498186862,0.12667944729721448,-0.0016556599575229575,-0.2603490983316562,0.2603685067315699,0.38042887079401994,-0.7938403371047636,0.2057933386183601,-0.7938939281427068,-0.475617285043267,0.9999999984263344,-0.12378745499790433,0.142212501442508,0.0718483610875928,1.000003906684194,-1.0000040926103584,-0.19163518307469757,0.1762488955601022,-0.15973804515595205,0.7255404315833228,0.5655183998939453,-0.6491342814160382
-0.9874008942536667,0.9773670677183384,0.9945277346690098,-0.9644555237617839,-0.8847591895274463,-0.9228056020800485,-0.9874025244355117,0.9773687213935608,0.9300976224497004,0.9644579058529232,0.1236871825834927,-0.12367607276782788,-0.12370011749594888,0.12366794910917692,0.1236849528527583,0.12374449603022981,0.12368495285275731,-0.1236731250686609,-0.12367312506866163,-0.12365367780659342,-0.9300992587862442,0.9874049902864811,-0.9644596137486843,-0.12368352239187147,0.12366975553751926,0.12364590311608817,0.5528784778369732,-0.8811568508821425,0.6250368693361092,-0.6250578528477186,0.5207570697821381,0.47166377553001204,-0.9198417176565803,-0.2750813710235434,-0.48125093860625234,-0.12378745499790433,0.9999999993091195,-0.9967541618641597,-0.9773709582315936,-0.12368352239187287,0.12366975553751869,0.9484493237966695,-0.9708945929382684,0.9870310759080867,0.33274348996390346,0.43640458189617637,-0.3867175670133105
0.9714533591300397,-0.9571583515276246,-0.9828881206500848,0.9400448914846024,0.8443552617303528,0.9508366996910197,0.9714551680064935,-0.9571601922428591,-0.897498133459995,-0.9400477761515722,-0.14210146561187761,0.14208946076108525,0.14211562931368266,-0.1420807835682556,-0.1420989157179207,-0.14216467465875446,-0.14209891571791963,0.14208618922853986,0.14208618922854035,0.1420658627340373,0.8974999157713272,-0.9714577932097274,0.9400497241305309,0.14209718043640068,-0.1420825055482495,-0.14205777737623598,-0.4839781948601199,0.8402178548276805,-0.6858724004847174,0.6858921849632447,-0.5674216795269896,-0.521585109456847,0.9484477287192197,0.2957435961299777,0.5235403667402514,0.142212501442508,-0.9967541618641597,1.0000000027562388,0.9571626145433305,0.14209718043640257,-0.14208250554824892,-0.9708945772128246,0.9870325166423105,-0.9967577568899546,-0.3593152003369307,-0.4738501945122096,0.4189044806385953
0.9985290317049568,-1.0000005683101714,-0.9941182972148663,0.9985283644225708,0.9633241203738218,0.820428195654773,0.9985301471875163,-1.000002545707522,-0.9867503403778439,-0.998529362605069,-0.07177950076346187,0.07177108952348432,0.07178880314294993,-0.07176467390618654,-0.07177818203871171,-0.07181953410886395,-0.07177818203871106,0.07176908484981019,0.07176908484981027,0.07175255502953909,0.986751543507622,-0.9985321222294378,0.9985303922053611,0.07177759765103497,-0.0717666463572425,-0.07174583965879487,-0.7166334890672136,0.9612362877329312,-0.44576916319960486,0.4457926486654981,-0.3817627553367607,-0.32604012469892024,0.8160433594429931,0.21193769247117578,0.35495352023035587,0.0718483610875928,-0.9773709582315936,0.9571626145433305,1.0000000023970002,0.07177759765103622,-0.07176664635724203,-0.8599451676807747,0.8982585260395871,-0.9307348541578833,-0.25229577520445695,-0.3242038656623132,0.2898568720704117
0.08544987614705524,-0.07174374524503627,-0.09889384738579583,0.05781444467245193,0.000591869560214711,0.20459428565323678,0.08546715057260866,-0.07176150985337534,-0.029381181845548873,-0.05784802189756425,-1.0000081166811063,1.0000085165000674,1.0000076093349408,-1.0000088209856994,-1.0000094755550863,-1.0000065889150167,-1.0000086146287475,1.0000089402334225,1.0000089402334233,1.0000101286653178,0.02938567730900628,-0.08548183099072876,0.05786584618165656,1.0000100661751932,-1.0000102560449646,-1.000011418432399,0.12661560919726336,-0.0016784118159376207,-0.2601705167026046,0.26018992923059187,0.38060377182009825,-0.7937308530596721,0.2056406352689918,-0.7940113890220685,-0.4757843403773359,1.000003906684194,-0.12368352239187287,0.14209718043640257,0.07177759765103622,1.000000007160262,-1.0000102560449662,-0.19149047253307422,0.17611311916481476,-0.15961208646350272,0.725673285810774,0.5656757570505977,-0.6492801957323321
-0.08543815600890531,0.0717327939029329,0.09888139294317044,-0.057804294353065284,-0.0005852025581107911,-0.2045770264573928,-0.08545543046588801,0.07175055854421974,0.029372723245725842,0.05783787163105919,1.0000083063536072,-1.0000087065307726,-1.000007798555095,1.0000090112592324,1.0000088044057593,1.000006776495974,1.000008804405758,-1.000009991306818,-1.000009130380479,-1.0000103193024206,-0.02937721868316532,0.08547011089140034,-0.05785569594081995,-1.0000102560449635,1.0000104463172639,1.0000116092623057,-0.126613365060942,0.0016849502828331462,0.2601526805141487,-0.260172093339387,-0.38062097276173895,0.7937197362051917,-0.20562333251399437,0.7940227994618189,0.475800722434215,-1.0000040926103584,0.12366975553751869,-0.14208250554824892,-0.07176664635724203,-1.0000102560449662,1.0000000074306665,0.1914736668933066,-0.17609691993397514,0.15959659901751075,-0.725686167608466,-0.5656911385497986,0.6492944061307714
-0.8863538809198634,0.8599399574116988,0.9101574778234888,-0.830993130717478,-0.6914481531639982,-0.9973340529458876,-0.8863561535223842,0.8599422855062586,0.765741607343247,0.8309974028650365,0.1914964496105226,-0.1914822491007192,-0.19151371765501773,0.19147226262190614,0.19149304668686729,0.1915747372653662,0.19149304668686612,-0.19147814161186755,-0.19147814161186869,-0.19145598942889674,-0.765743755207897,0.8863591528777827,-0.8309999918010212,-0.19149047253307186,0.19147366689330722,0.191447294158448,0.2602939319053628,-0.6858823537746306,0.8402082516654608,-0.8402237062731495,0.6841171694258621,0.6499190109309444,-0.9967509628119378,-0.3455942301315746,-0.6289136037043563,-0.19163518307469757,0.9484493237966695,-0.9708945772128246,-0.8599451676807747,-0.19149047253307422,0.1914736668933066,1.0000000008406538,-0.996755493547333,0.9870316137061933,0.4242827122332499,0.5667337579316064,-0.4982694697812552
