1.0000000043581643,-1.0000054556241897,1.0000034397576614,1.000008037282079,1.0000112041327156,-1.00000953005598,1.0000077150889461,0.8846438036988785,-0.5651936247734304,-1.0000011078237192,-0.5652081682873378,0.8846446092609785,0.8846529302043613,1.0000091844901122,-1.0000089855310974,1.0000091844901122,0.8846553820386818,-1.000001303926039,-0.8846616191614767,-0.8846560676711058,0.8846673600142914,-0.8846718759871729,0.8846750049537941,-1.0000044480263333,-0.8846757861901703,-0.8846757861901727
-1.0000054556241897,1.0000000040150454,-1.0000027972865344,-1.0000074037714213,-1.0000109707098035,1.0000092953449162,-1.0000074802232735,-0.884643655893656,0.5651936282702941,1.0000008418933335,0.5652078686115639,-0.8846444654707663,-0.8846526091752875,-1.0000089540815666,1.000008754065047,-1.000008954081567,-0.8846550630233548,1.0000010463611027,0.884661297713031,0.884655746501268,-0.884667036367061,0.884671550650985,-0.8846746785962508,1.000004208088377,0.8846754595377818,0.8846754595377851
1.0000034397576614,-1.0000027972865344,1.0000000005391678,1.0000053978979502,1.0000085835523083,-1.000006902529054,1.0000050859727407,0.8846418218461897,-0.5651929164964917,-0.9999983012337401,-0.5652057184669672,0.8846426471752175,0.8846499520961717,1.000006581105456,-1.000006375526744,1.0000065811054555,0.884652412145,-0.9999981523189452,-0.8846586173955181,-0.884653087974252,0.8846643298971597,-0.8846688239848364,0.8846719386119648,-1.000001395238016,-0.8846727160316311,-0.8846727160316349
1.000008037282079,-1.0000074037714213,1.0000053978979502,1.0000000071379718,1.0000131401094021,-1.0000110717276283,1.0000096542118997,0.8846455068845076,-0.5651946455483274,-1.0000031045256974,-0.5652094030343098,0.8846463074729987,0.8846547589239967,1.0000111158531972,-1.0000109189978603,1.0000111158531972,0.884657209058718,-1.0000032832099823,-0.8846634621230384,-0.884657897134948,0.8846692170217342,-0.8846737437798018,0.8846768799775441,-1.000006395663071,-0.8846776630936704,-0.884677663093674
1.0000112041327156,-1.0000109707098035,1.0000085835523083,1.0000131401094021,1.0000000116513177,-1.0000142265428145,1.0000128099629637,0.8846483423894785,-0.5651964245696662,-1.0000063469270268,-0.5652112823463826,0.8846491340165746,0.8846576576729873,1.0000142594818304,-1.0000140657184784,1.0000142594818304,0.8846601045705494,-1.0000065016694069,-0.8846663730791351,-0.8846607967521484,0.8846721416479375,-0.8846766788398375,0.884679821854803,-1.000009564739917,-0.8846806067562257,-0.8846806067562291
-1.00000953005598,1.0000092953449162,-1.000006902529054,-1.0000110717276283,-1.0000142265428145,1.000000009264548,-1.0000107434305034,-0.8846467391325082,0.5651952883353967,1.0000046452994158,0.5652104992619557,-0.8846475346065136,-0.8846562518114314,-1.0000125941009121,1.0000123991366106,-1.0000125941009126,-0.8846587004633705,1.0000048085057704,0.8846649659520315,0.8846593907186573,-0.8846707318204231,0.8846752669257782,-0.8846784086097464,1.00000788973219,0.8846791931619902,0.8846791931619928
1.0000077150889461,-1.0000074802232735,1.0000050859727407,1.0000096542118997,1.0000128099629637,-1.0000107434305034,1.000000006670885,0.8846449471929192,-0.5651939372601673,-1.0000028253329238,-0.565209793563573,0.8846457427137793,0.884654824227104,1.0000107816354065,-1.0000101896161457,1.000010781635407,0.8846572733655967,-1.0000029899421032,-0.8846635380365175,-0.8846579632555205,0.8846693032624301,-0.8846738377882586,0.8846769790094463,-1.000005677895528,-0.8846777634740081,-0.8846777634740114
0.8846438036988785,-0.884643655893656,0.8846418218461897,0.8846455068845076,0.8846483423894785,-0.8846467391325082,0.8846449471929192,0.9999999886864436,-0.8846296495780793,-0.8846341018713788,-0.11536529301739956,0.9999870843107622,0.5651955836047612,0.8846456559129732,-0.8846456077461992,0.8846456559129728,0.5652072212555679,-0.884640774374654,-0.5652193855471328,-0.5651955650211392,0.5652312035468563,-0.565241856589025,0.5652505001770776,-0.8846424022911766,-0.5652532345974821,-0.5652532345974832
-0.5651936247734304,0.5651936282702941,-0.5651929164964917,-0.5651946455483274,-0.5651964245696662,0.5651952883353967,-0.5651939372601673,-0.8846296495780793,0.9999999896217427,0.5651828348295228,-0.3610950591099829,-0.8846338677886595,-0.11534595712665563,-0.5651936228518459,0.5651937626003309,-0.5651936228518458,-0.11536402964634322,0.5651934681492445,0.11537944413900776,0.11534279186520081,-0.11539472869348907,0.1154091505497046,-0.11542137203294317,0.5651928039437867,0.11542544360833493,0.11542544360833365
-1.0000011078237192,1.0000008418933335,-0.9999983012337401,-1.0000031045256974,-1.0000063469270268,1.0000046452994158,-1.0000028253329238,-0.8846341018713788,0.5651828348295228,0.9999999967214239,0.565212591151304,-0.8846354233212994,-0.8846517889640886,-1.0000043993343752,1.0000041733233047,-1.0000043993343763,-0.8846546958452366,0.9999958815286419,0.8846607859891235,0.8846553178382695,-0.884666395487577,0.8846708092905475,-0.8846738711619306,0.9999994485838177,0.8846746342717458,0.8846746342717506
-0.5652081682873378,0.5652078686115639,-0.5652057184669672,-0.5652094030343098,-0.5652112823463826,0.5652104992619557,-0.565209793563573,-0.11536529301739956,-0.3610950591099829,0.565212591151304,1.000000003652851,-0.11536210146297164,-0.8846610589109272,-0.5652118771807524,0.5652114857502774,-0.5652118771807527,-0.8846458094132371,0.5652024554658792,0.8846376811496157,0.8846681616446515,-0.8846287440073919,0.8846193174933179,-0.8846105613914972,0.5652071172635669,0.8846073519298076,0.8846073519298118
0.8846446092609785,-0.8846444654707663,0.8846426471752175,0.8846463074729987,0.8846491340165746,-0.8846475346065136,0.8846457427137793,0.9999870843107622,-0.8846338677886595,-0.8846354233212994,-0.11536210146297164,0.9999999928228211,0.5651943039549737,0.8846464377506236,-0.8846463937205399,0.8846464377506253,0.5652059180520875,-0.8846412420523555,-0.5652180906973872,-0.5651942851471312,0.5652299169415914,-0.565240575985852,0.5652492221256311,-0.8846432098445791,-0.5652519560597931,-0.5652519560597937
0.8846529302043613,-0.8846526091752875,0.8846499520961717,0.8846547589239967,0.8846576576729873,-0.8846562518114314,0.884654824227104,0.5651955836047612,-0.11534595712665563,-0.8846517889640886,-0.8846610589109272,0.5651943039549737,1.0000000102937139,0.8846568975505441,-0.8846565469513281,0.8846568975505451,1.0000071907865613,-0.8846467276914783,-1.0000058054652887,-1.000019556778351,1.0000039162260106,-1.0000010762358371,0.9999978529605273,-0.8846513975584719,-0.9999964690112986,-0.9999964690113022
1.0000091844901122,-1.0000089540815666,1.000006581105456,1.0000111158531972,1.0000142594818304,-1.0000125941009121,1.0000107816354065,0.8846456559129732,-0.5651936228518459,-1.0000043993343752,-0.5652118771807524,0.8846464377506236,0.8846568975505441,1.0000000087411312,-1.0000116331666065,1.000012221505261,0.8846593417739982,-1.0000045304286225,-0.8846656265762174,-0.8846600382478612,0.8846714096046481,-0.8846759573519752,0.8846791068855078,-1.0000075476885244,-0.8846798936015323,-0.8846798936015362
-1.0000089855310974,1.000008754065047,-1.000006375526744,-1.0000109189978603,-1.0000140657184784,1.0000123991366106,-1.0000101896161457,-0.8846456077461992,0.5651937626003309,1.0000041733233047,0.5652114857502774,-0.8846463937205399,-0.8846565469513281,-1.0000116331666065,1.0000000084662422,-1.000011633166609,-0.8846589928343951,1.0000043129962004,0.8846652742853666,0.8846596872907637,-0.8846710543446382,0.8846755999569194,-0.8846787482484477,1.000007347671806,0.8846795346092281,0.884679534609231
1.0000091844901122,-1.000008954081567,1.0000065811054555,1.0000111158531972,1.0000142594818304,-1.0000125941009126,1.000010781635407,0.8846456559129728,-0.5651936228518458,-1.0000043993343763,-0.5652118771807527,0.8846464377506253,0.8846568975505451,1.000012221505261,-1.000011633166609,1.0000000087411312,0.8846593417739994,-1.0000045304286236,-0.8846656265762181,-0.8846600382478609,0.8846714096046483,-0.8846759573519756,0.8846791068855075,-1.0000075476885248,-0.8846798936015339,-0.8846798936015369
0.8846553820386818,-0.8846550630233548,0.884652412145,0.884657209058718,0.8846601045705494,-0.8846587004633705,0.8846572733655967,0.5652072212555679,-0.11536402964634322,-0.8846546958452366,-0.8846458094132371,0.5652059180520875,1.0000071907865613,0.8846593417739982,-0.8846589928343951,0.8846593417739994,0.9999999999814512,-0.8846488056229072,-0.9999981867201772,-1.0000127496625373,0.9999966927049496,-0.9999938523043586,0.9999906284995782,-0.8846538513361534,-0.9999892438126612,-0.9999892438126665
-1.000001303926039,1.0000010463611027,-0.9999981523189452,-1.0000032832099823,-1.0000065016694069,1.0000048085057704,-1.0000029899421032,-0.884640774374654,0.5651934681492445,0.9999958815286419,0.5652024554658792,-0.8846412420523555,-0.8846467276914783,-1.0000045304286225,1.0000043129962004,-1.0000045304286236,-0.8846488056229072,0.9999999973057604,0.8846553408626492,0.8846498601815368,-0.8846609941710647,0.884665442453344,-0.8846685268252302,0.9999996489529559,0.8846692961327016,0.8846692961327046
-0.8846616191614767,0.884661297713031,-0.8846586173955181,-0.8846634621230384,-0.8846663730791351,0.8846649659520315,-0.8846635380365175,-0.5652193855471328,0.11537944413900776,0.8846607859891235,0.8846376811496157,-0.5652180906973872,-1.0000058054652887,-0.8846656265762174,0.8846652742853666,-0.8846656265762181,-0.9999981867201772,0.8846553408626492,0.9999999979496148,1.0000113601135474,-0.9999947825009026,0.999992291478564,-0.9999890337022559,0.8846600892606736,0.9999876364708368,0.999987636470842
-0.8846560676711058,0.884655746501268,-0.884653087974252,-0.884657897134948,-0.8846607967521484,0.8846593907186573,-0.8846579632555205,-0.5651955650211392,0.11534279186520081,0.8846553178382695,0.8846681616446515,-0.5651942851471312,-1.000019556778351,-0.8846600382478612,0.8846596872907637,-0.8846600382478609,-1.0000127496625373,0.8846498601815368,1.0000113601135474,1.0000000182458326,-1.00000946683915,1.0000066234114482,-1.0000033975133948,0.884654535087994,1.000002012721428,1.000002012721433
0.8846673600142914,-0.884667036367061,0.8846643298971597,0.8846692170217342,0.8846721416479375,-0.8846707318204231,0.8846693032624301,0.5652312035468563,-0.11539472869348907,-0.884666395487577,-0.8846287440073919,0.5652299169415914,1.0000039162260106,0.8846714096046481,-0.8846710543446382,0.8846714096046483,0.9999966927049496,-0.8846609941710647,-0.9999947825009026,-1.00000946683915,0.9999999951240847,-0.9999898516890553,0.9999869604868247,-0.8846658308053259,-0.9999855522573472,-0.9999855522573504
-0.8846718759871729,0.884671550650985,-0.8846688239848364,-0.8846737437798018,-0.8846766788398375,0.8846752669257782,-0.8846738377882586,-0.565241856589025,0.1154091505497046,0.8846708092905475,0.8846193174933179,-0.565240575985852,-1.0000010762358371,-0.8846759573519752,0.8846755999569194,-0.8846759573519756,-0.9999938523043586,0.884665442453344,0.999992291478564,1.0000066234114482,-0.9999898516890553,0.9999999909118857,-0.9999835778050779,0.8846703472266917,0.9999825572464778,0.9999825572464827
0.8846750049537941,-0.8846746785962508,0.8846719386119648,0.8846768799775441,0.884679821854803,-0.8846784086097464,0.8846769790094463,0.5652505001770776,-0.11542137203294317,-0.8846738711619306,-0.8846105613914972,0.5652492221256311,0.9999978529605273,0.8846791068855078,-0.8846787482484477,0.8846791068855075,0.9999906284995782,-0.8846685268252302,-0.9999890337022559,-1.0000033975133948,0.9999869604868247,-0.9999835778050779,0.9999999861626008,-0.8846734765238998,-0.9999788240991235,-0.9999788240991277
-1.0000044480263333,1.000004208088377,-1.000001395238016,-1.000006395663071,-1.000009564739917,1.00000788973219,-1.000005677895528,-0.8846424022911766,0.5651928039437867,0.9999994485838177,0.5652071172635669,-0.8846432098445791,-0.8846513975584719,-1.0000075476885244,1.000007347671806,-1.0000075476885248,-0.8846538513361534,0.9999996489529559,0.8846600892606736,0.884654535087994,-0.8846658308053259,0.8846703472266917,-0.8846734765238998,1.0000000020072861,0.8846742578553602,0.8846742578553636
-0.8846757861901703,0.8846754595377818,-0.8846727160316311,-0.8846776630936704,-0.8846806067562257,0.8846791931619902,-0.8846777634740081,-0.5652532345974821,0.11542544360833493,0.8846746342717458,0.8846073519298076,-0.5652519560597931,-0.9999964690112986,-0.8846798936015323,0.8846795346092281,-0.8846798936015339,-0.9999892438126612,0.8846692961327016,0.9999876364708368,1.000002012721428,-0.9999855522573472,0.9999825572464778,-0.9999788240991235,0.8846742578553602,0.9999999841250091,0.999977794623794
-0.8846757861901727,0.8846754595377851,-0.8846727160316349,-0.884677663093674,-0.8846806067562291,0.8846791931619928,-0.8846777634740114,-0.5652532345974832,0.11542544360833365,0.8846746342717506,0.8846073519298118,-0.5652519560597937,-0.9999964690113022,-0.8846798936015362,0.884679534609231,-0.8846798936015369,-0.9999892438126665,0.8846692961327046,0.999987636470842,1.000002012721433,-0.9999855522573504,0.9999825572464827,-0.9999788240991277,0.8846742578553636,0.999977794623794,0.9999999841250091
