1.000000000139008,-1.000000228570072,1.0000003523883234,1.0000003042026688,-0.9999995343457141,0.9999997162368676,-0.9999997971945431,-0.9999997971945398,-1.0000000746455593,0.9999999729666915,0.9999999729666906,1.0000001466090556,1.000000052080847,-1.0000001797482954,-1.0000000182646978,-1.0000000182647004,1.0000002036438276,-1.000000102698271,-1.0000003198484413,1.0000000336380903,1.0000000336380874,1.0000003161023985,1.0000001277465633,1.0000001325471215,-1.000000017629746,0.9999999086422477,0.9999999086422515,-1.0000000549973211,1.0000002794110583,-1.0000003310072103,-1.0000003079892232
-1.000000228570072,1.0000000003008045,-1.00000038618807,-1.0000003380023692,0.9999996476964678,-0.9999998295877146,0.9999999105453967,0.9999999105453943,1.000000187996597,-1.0000000863176406,-1.0000000863176393,-1.0000002599600653,-1.0000001654318844,1.000000293099301,1.000000131615709,1.0000001316157114,-1.000000316994824,1.000000216049295,1.0000004331994472,-1.0000001469890945,-1.0000001469890907,-1.0000004294533635,-1.0000002410975226,-1.000000245898076,1.0000001309806805,-1.000000021993133,-1.0000000219931369,1.0000001683482167,-1.0000003927619165,1.0000004443581336,1.0000004213401705
1.0000003523883234,-1.00000038618807,1.0000000003639913,1.000000461820638,-0.9999996919634895,0.9999998738547615,-0.999999954812441,-0.9999999548124382,-1.0000002322635593,1.0000001305845683,1.0000001305845672,1.000000304227043,1.000000209698838,-1.0000003373663044,-1.00000017588265,-1.0000001758826527,1.000000361261809,-1.0000002603162597,-1.0000003979152232,1.0000001912560388,1.0000001912560357,1.00000047372038,1.0000002853645404,1.000000290165065,-1.0000001752477234,1.0000000662601751,1.000000066260178,-1.0000002126151846,1.0000004370289322,-1.0000004090739223,-1.0000004656071901
1.0000003042026688,-1.0000003380023692,1.000000461820638,1.0000000002952107,-0.9999996437778653,0.9999998256690937,-0.9999999066267687,-0.9999999066267654,-1.0000001840778086,1.0000000823988573,1.000000082398856,1.0000002560413026,1.0000001615130842,-1.0000002891805686,-1.0000001276969082,-1.0000001276969108,1.0000003130760793,-1.0000002121305147,-1.000000429280743,1.0000001430702994,1.0000001430702958,1.000000425534675,1.000000237178823,1.0000002419793528,-1.0000001270620156,1.0000000180744881,1.0000000180744906,-1.0000001644295007,1.0000003888432905,-1.0000004404394893,-1.0000003378702578
-0.9999995343457141,0.9999996476964678,-0.9999996919634895,-0.9999996437778653,0.9999999991963194,-0.9999989762604496,0.9999991367693964,0.9999991367693921,0.9999994142216219,-0.9999993125429676,-0.9999993125429638,-0.999999486184861,-0.999999391656993,0.9999995193237913,0.999999357840909,0.9999993578409117,-0.9999995432195325,0.9999994422742607,0.9999996594237922,-0.9999993732142493,-0.999999373214246,-0.9999996556777055,-0.9999994673217887,-0.9999994721227206,0.9999993572046977,-0.9999992482171467,-0.9999992482171497,0.9999993945730361,-0.9999996189862741,0.99999967058237,0.9999996475644746
0.9999997162368676,-0.9999998295877146,0.9999998738547615,0.9999998256690937,-0.9999989762604496,0.9999999994559499,-0.9999992391092879,-0.9999992391092908,-0.9999995961128638,0.9999994944341072,0.9999994944341047,0.9999996680760946,0.9999995735482282,-0.9999997012150443,-0.999999539732111,-0.9999995397321132,0.9999997251107678,-0.9999996241654961,-0.9999998413150634,0.9999995551054485,0.9999995551054447,0.9999998375689432,0.9999996492130139,0.9999996540139185,-0.999999539095912,0.9999994301083127,0.9999994301083157,-0.9999995764641688,0.9999998008774286,-0.9999998524735886,-0.9999998294556983
-0.9999997971945431,0.9999999105453967,-0.999999954812441,-0.9999999066267687,0.9999991367693964,-0.9999992391092879,0.9999999995715088,0.9999993996182358,0.999999677070377,-0.999999575391597,-0.9999995753915963,-0.9999997490336475,-0.9999996545057244,0.9999997821726435,0.9999996206895962,0.9999996206895987,-0.9999998060683407,0.9999997051230153,0.999999922272703,-0.9999996360629423,-0.9999996360629396,-0.9999999185265909,-0.9999997301706496,-0.9999997349715132,0.9999996200535894,-0.999999431514762,-0.999999511066007,0.9999996574217551,-0.9999998818351247,0.999999933431282,0.9999999104133603
-0.9999997971945398,0.9999999105453943,-0.9999999548124382,-0.9999999066267654,0.9999991367693921,-0.9999992391092908,0.9999993996182358,0.9999999995715085,0.999999677070374,-0.999999575391594,-0.9999995753915942,-0.9999997490336445,-0.9999996545057218,0.9999997821726407,0.9999996206895936,0.9999996206895957,-0.9999998060683372,0.9999997051230121,0.9999999222726992,-0.9999996360629398,-0.9999996360629372,-0.9999999185265875,-0.9999997301706466,-0.9999997349715102,0.9999996200535859,-0.9999995110660014,-0.9999994315147569,0.9999996574217529,-0.9999998818351222,0.999999933431279,0.9999999104133575
-1.0000000746455593,1.000000187996597,-1.0000002322635593,-1.0000001840778086,0.9999994142216219,-0.9999995961128638,0.999999677070377,0.999999677070374,0.9999999999675403,-0.9999997732885,-0.9999997732884992,-0.999999946931622,-0.9999998524028516,1.0000000596226433,0.999999898137825,0.9999998981378272,-1.0000000835178922,0.9999999825717975,1.0000001997232273,-0.9999999135113021,-0.9999999135112988,-1.0000001959772442,-1.0000000076213966,-1.000000012421309,0.9999998975051864,-0.999999788517875,-0.9999997885178791,0.9999999348713314,-1.0000001592863241,1.0000002108825339,1.000000187864204
0.9999999729666915,-1.0000000863176406,1.0000001305845683,1.0000000823988573,-0.9999993125429676,0.9999994944341072,-0.999999575391597,-0.999999575391594,-0.9999997732885,0.9999999998224038,0.9999997511605708,0.9999999248036979,0.9999998302748428,-0.9999999579435425,-0.9999997964585882,-0.9999997964585904,0.999999981838765,-0.9999998808925856,-1.0000000980441661,0.9999998118320829,0.99999981183208,1.0000000942982399,0.9999999059424,0.9999999107422525,-0.9999997958262796,0.9999996868390442,0.9999996868390468,-0.9999998331923287,1.0000000576074854,-1.000000109203623,-1.0000000861852338
0.9999999729666906,-1.0000000863176393,1.0000001305845672,1.000000082398856,-0.9999993125429638,0.9999994944341047,-0.9999995753915963,-0.9999995753915942,-0.9999997732884992,0.9999997511605708,0.9999999998224038,0.9999999248036968,0.9999998302748406,-0.9999999579435415,-0.9999997964585866,-0.9999997964585882,0.9999999818387639,-0.9999998808925847,-1.0000000980441648,0.9999998118320823,0.9999998118320786,1.0000000942982397,0.9999999059423986,0.9999999107422506,-0.9999997958262778,0.9999996868390428,0.9999996868390444,-0.9999998331923268,1.0000000576074846,-1.000000109203622,-1.0000000861852318
1.0000001466090556,-1.0000002599600653,1.000000304227043,1.0000002560413026,-0.999999486184861,0.9999996680760946,-0.9999997490336475,-0.9999997490336445,-0.999999946931622,0.9999999248036979,0.9999999248036968,1.0000000000702616,1.0000000039180126,-1.0000000520350638,-0.9999999701017603,-0.9999999701017626,1.000000155481621,-1.0000000545356464,-1.0000002716868033,0.9999999854752185,0.9999999854752152,1.0000002679408042,1.0000000795849273,1.0000000843850076,-0.999999969468565,0.9999998604812008,0.9999998604812033,-1.0000000068350678,1.0000002312498013,-1.0000002828459997,-1.000000259827733
1.000000052080847,-1.0000001654318844,1.000000209698838,1.0000001615130842,-0.999999391656993,0.9999995735482282,-0.9999996545057244,-0.9999996545057218,-0.9999998524028516,0.9999998302748428,0.9999998302748406,1.0000000039180126,0.9999999999353314,-1.0000000370578417,-0.9999997960216784,-0.9999997960216777,1.0000000609530655,-0.9999999600069237,-1.0000001771584626,0.9999998909464053,0.9999998909464015,1.0000001734124906,0.9999999850566407,0.9999999898565045,-0.999999874940487,0.999999765953199,0.9999997659532014,-0.9999999123065244,1.0000001367216291,-1.0000001883178307,-1.0000001652994646
-1.0000001797482954,1.000000293099301,-1.0000003373663044,-1.0000002891805686,0.9999995193237913,-0.9999997012150443,0.9999997821726435,0.9999997821726407,1.0000000596226433,-0.9999999579435425,-0.9999999579435415,-1.0000000520350638,-1.0000000370578417,1.000000000117565,1.000000003241611,1.0000000032416134,-1.0000001886212067,1.0000000876753925,1.000000304826197,-1.000000018615041,-1.000000018615037,-1.000000301080156,-1.0000000331730123,-1.0000000379732832,1.0000000026077065,-0.9999998936202645,-0.9999998936202678,1.0000000399746047,-1.000000264389003,1.000000315985214,1.000000292967039
-1.0000000182646978,1.000000131615709,-1.00000017588265,-1.0000001276969082,0.999999357840909,-0.999999539732111,0.9999996206895962,0.9999996206895936,0.999999898137825,-0.9999997964585882,-0.9999997964585866,-0.9999999701017603,-0.9999997960216784,1.000000003241611,0.9999999998870623,0.999999841756643,-1.000000027136826,0.9999999261906566,1.0000001433422498,-0.9999997775788935,-0.9999998571301307,-1.0000001395962952,-0.9999999512404415,-0.9999999560402894,0.9999998411243182,-0.9999997321370543,-0.9999997321370575,0.9999998784903268,-1.0000001029054926,1.0000001545016708,1.0000001314832805
-1.0000000182647004,1.0000001316157114,-1.0000001758826527,-1.0000001276969108,0.9999993578409117,-0.9999995397321132,0.9999996206895987,0.9999996206895957,0.9999998981378272,-0.9999997964585904,-0.9999997964585882,-0.9999999701017626,-0.9999997960216777,1.0000000032416134,0.999999841756643,0.9999999998870623,-1.0000000271368283,0.9999999261906602,1.0000001433422523,-0.9999998571301355,-0.9999997775788891,-1.0000001395962965,-0.999999951240442,-0.9999999560402927,0.9999998411243206,-0.9999997321370566,-0.9999997321370592,0.9999998784903292,-1.0000001029054946,1.0000001545016723,1.0000001314832836
1.0000002036438276,-1.000000316994824,1.000000361261809,1.0000003130760793,-0.9999995432195325,0.9999997251107678,-0.9999998060683407,-0.9999998060683372,-1.0000000835178922,0.999999981838765,0.9999999818387639,1.000000155481621,1.0000000609530655,-1.0000001886212067,-1.000000027136826,-1.0000000271368283,1.0000000001516733,-1.0000000320194151,-1.0000002491703956,1.000000042510271,1.0000000425102686,1.0000003249756242,1.0000001366197613,1.0000001414199258,-1.0000000265033195,0.9999999175159232,0.999999917515926,-1.0000000638700022,1.0000002882845456,-1.0000003398807429,-1.00000031686253
-1.000000102698271,1.000000216049295,-1.0000002603162597,-1.0000002121305147,0.9999994422742607,-0.9999996241654961,0.9999997051230153,0.9999997051230121,0.9999999825717975,-0.9999998808925856,-0.9999998808925847,-1.0000000545356464,-0.9999999600069237,1.0000000876753925,0.9999999261906566,0.9999999261906602,-1.0000000320194151,1.0000000000075833,1.000000227775953,-0.9999998620128868,-0.9999998620128845,-1.0000002240299666,-1.0000000356741054,-1.0000000404740752,0.9999999255578534,-0.9999998165705285,-0.9999998165705304,0.9999999629241149,-1.0000001873390327,1.0000002389352343,1.0000002159169172
-1.0000003198484413,1.0000004331994472,-1.0000003979152232,-1.000000429280743,0.9999996594237922,-0.9999998413150634,0.999999922272703,0.9999999222726992,1.0000001997232273,-1.0000000980441661,-1.0000000980441648,-1.0000002716868033,-1.0000001771584626,1.000000304826197,1.0000001433422498,1.0000001433422523,-1.0000002491703956,1.000000227775953,1.0000000003175438,-1.0000001587156606,-1.0000001587156562,-1.000000361629167,-1.0000002528245493,-1.000000257624932,1.000000142707878,-1.0000000337203798,-1.0000000337203834,1.0000001800750258,-1.0000004044890962,1.0000004560853248,1.0000004330672543
1.0000000336380903,-1.0000001469890945,1.0000001912560388,1.0000001430702994,-0.9999993732142493,0.9999995551054485,-0.9999996360629423,-0.9999996360629398,-0.9999999135113021,0.9999998118320829,0.9999998118320823,0.9999999854752185,0.9999998909464053,-1.000000018615041,-0.9999997775788935,-0.9999998571301355,1.000000042510271,-0.9999998620128868,-1.0000001587156606,0.9999999999090063,0.9999998725036175,1.0000001549697013,0.9999999666138429,0.999999971413727,-0.9999998564976875,0.9999997475104114,0.9999997475104143,-0.9999998938637729,1.0000001182788798,-1.0000001698750558,-1.0000001468566801
1.0000000336380874,-1.0000001469890907,1.0000001912560357,1.0000001430702958,-0.999999373214246,0.9999995551054447,-0.9999996360629396,-0.9999996360629372,-0.9999999135112988,0.99999981183208,0.9999998118320786,0.9999999854752152,0.9999998909464015,-1.000000018615037,-0.9999998571301307,-0.9999997775788891,1.0000000425102686,-0.9999998620128845,-1.0000001587156562,0.9999998725036175,0.9999999999090063,1.000000154969697,0.9999999666138389,0.9999999714137238,-0.9999998564976841,0.9999997475104071,0.9999997475104109,-0.9999998938637696,1.0000001182788756,-1.000000169875052,-1.0000001468566764
1.0000003161023985,-1.0000004294533635,1.00000047372038,1.000000425534675,-0.9999996556777055,0.9999998375689432,-0.9999999185265909,-0.9999999185265875,-1.0000001959772442,1.0000000942982399,1.0000000942982397,1.0000002679408042,1.0000001734124906,-1.000000301080156,-1.0000001395962952,-1.0000001395962965,1.0000003249756242,-1.0000002240299666,-1.000000361629167,1.0000001549697013,1.000000154969697,1.0000000003121967,1.0000002490784887,1.0000002538789217,-1.000000138961774,1.0000000299742773,1.000000029974279,-1.0000001763290498,1.0000004007430527,-1.0000004523392536,-1.0000003497699559
1.0000001277465633,-1.0000002410975226,1.0000002853645404,1.000000237178823,-0.9999994673217887,0.9999996492130139,-0.9999997301706496,-0.9999997301706466,-1.0000000076213966,0.9999999059424,0.9999999059423986,1.0000000795849273,0.9999999850566407,-1.0000000331730123,-0.9999999512404415,-0.999999951240442,1.0000001366197613,-1.0000000356741054,-1.0000002528245493,0.9999999666138429,0.9999999666138389,1.0000002490784887,1.0000000000433378,1.0000000655230323,-0.9999998710545795,0.9999998416183256,0.9999998416183286,-0.999999987973167,1.00000021238724,-1.0000002639834316,-1.0000002409653324
1.0000001325471215,-1.000000245898076,1.000000290165065,1.0000002419793528,-0.9999994721227206,0.9999996540139185,-0.9999997349715132,-0.9999997349715102,-1.000000012421309,0.9999999107422525,0.9999999107422506,1.0000000843850076,0.9999999898565045,-1.0000000379732832,-0.9999999560402894,-0.9999999560402927,1.0000001414199258,-1.0000000404740752,-1.000000257624932,0.999999971413727,0.9999999714137238,1.0000002538789217,1.0000000655230323,1.00000000005019,-0.9999999554065173,0.9999998464191135,0.9999998464191155,-0.9999999132221447,1.0000002171878364,-1.0000002687840086,-1.0000002457658186
-1.000000017629746,1.0000001309806805,-1.0000001752477234,-1.0000001270620156,0.9999993572046977,-0.999999539095912,0.9999996200535894,0.9999996200535859,0.9999998975051864,-0.9999997958262796,-0.9999997958262778,-0.999999969468565,-0.999999874940487,1.0000000026077065,0.9999998411243182,0.9999998411243206,-1.0000000265033195,0.9999999255578534,1.000000142707878,-0.9999998564976875,-0.9999998564976841,-1.000000138961774,-0.9999998710545795,-0.9999999554065173,0.9999999998861576,-0.9999996519500896,-0.9999996519500896,0.9999998778566902,-1.0000001022703708,1.0000001538665666,1.0000001308485709
0.9999999086422477,-1.000000021993133,1.0000000662601751,1.0000000180744881,-0.9999992482171467,0.9999994301083127,-0.999999431514762,-0.9999995110660014,-0.999999788517875,0.9999996868390442,0.9999996868390428,0.9999998604812008,0.999999765953199,-0.9999998936202645,-0.9999997321370543,-0.9999997321370566,0.9999999175159232,-0.9999998165705285,-1.0000000337203798,0.9999997475104114,0.9999997475104071,1.0000000299742773,0.9999998416183256,0.9999998464191135,-0.9999996519500896,0.9999999997305892,0.9999996225137558,-0.9999997688693297,0.9999999932828565,-1.000000044879025,-1.0000000218610616
0.9999999086422515,-1.0000000219931369,1.000000066260178,1.0000000180744906,-0.9999992482171497,0.9999994301083157,-0.999999511066007,-0.9999994315147569,-0.9999997885178791,0.9999996868390468,0.9999996868390444,0.9999998604812033,0.9999997659532014,-0.9999998936202678,-0.9999997321370575,-0.9999997321370592,0.999999917515926,-0.9999998165705304,-1.0000000337203834,0.9999997475104143,0.9999997475104109,1.000000029974279,0.9999998416183286,0.9999998464191155,-0.9999996519500896,0.9999996225137558,0.9999999997305892,-0.9999997688693325,0.9999999932828574,-1.0000000448790276,-1.0000000218610638
-1.0000000549973211,1.0000001683482167,-1.0000002126151846,-1.0000001644295007,0.9999993945730361,-0.9999995764641688,0.9999996574217551,0.9999996574217529,0.9999999348713314,-0.9999998331923287,-0.9999998331923268,-1.0000000068350678,-0.9999999123065244,1.0000000399746047,0.9999998784903268,0.9999998784903292,-1.0000000638700022,0.9999999629241149,1.0000001800750258,-0.9999998938637729,-0.9999998938637696,-1.0000001763290498,-0.999999987973167,-0.9999999132221447,0.9999998778566902,-0.9999997688693297,-0.9999997688693325,0.9999999999394952,-1.000000139638044,1.0000001912341747,1.0000001682159614
1.0000002794110583,-1.0000003927619165,1.0000004370289322,1.0000003888432905,-0.9999996189862741,0.9999998008774286,-0.9999998818351247,-0.9999998818351222,-1.0000001592863241,1.0000000576074854,1.0000000576074846,1.0000002312498013,1.0000001367216291,-1.000000264389003,-1.0000001029054926,-1.0000001029054946,1.0000002882845456,-1.0000001873390327,-1.0000004044890962,1.0000001182788798,1.0000001182788756,1.0000004007430527,1.00000021238724,1.0000002171878364,-1.0000001022703708,0.9999999932828565,0.9999999932828574,-1.000000139638044,1.0000000002598235,-1.0000003360965632,-1.000000392629864
-1.0000003310072103,1.0000004443581336,-1.0000004090739223,-1.0000004404394893,0.99999967058237,-0.9999998524735886,0.999999933431282,0.999999933431279,1.0000002108825339,-1.000000109203623,-1.000000109203622,-1.0000002828459997,-1.0000001883178307,1.000000315985214,1.0000001545016708,1.0000001545016723,-1.0000003398807429,1.0000002389352343,1.0000004560853248,-1.0000001698750558,-1.000000169875052,-1.0000004523392536,-1.0000002639834316,-1.0000002687840086,1.0000001538665666,-1.000000044879025,-1.0000000448790276,1.0000001912341747,-1.0000003360965632,1.000000000333472,1.0000004442260566
-1.0000003079892232,1.0000004213401705,-1.0000004656071901,-1.0000003378702578,0.9999996475644746,-0.9999998294556983,0.9999999104133603,0.9999999104133575,1.000000187864204,-1.0000000861852338,-1.0000000861852318,-1.000000259827733,-1.0000001652994646,1.000000292967039,1.0000001314832805,1.0000001314832836,-1.00000031686253,1.0000002159169172,1.0000004330672543,-1.0000001468566801,-1.0000001468566764,-1.0000003497699559,-1.0000002409653324,-1.0000002457658186,1.0000001308485709,-1.0000000218610616,-1.0000000218610638,1.0000001682159614,-1.000000392629864,1.0000004442260566,1.000000000300616
