1.000000000502218,-1.0000017675554045,1.0000022994315598,1.0000024345595073,-1.0000023442200863,1.0000020050674858,1.0000021055069837,1.000002105506987,-1.0000011789614727,-1.0000020231426074,-1.0000009043653035,-1.0000009043653004,-1.0000010255342116,1.0000001501783318,1.0000016015328475,-0.9999991165006721,-1.0000023311760753,-1.0000010982234073,0.9999984304543716,0.9999987429938053,-0.9999982703364646,0.99999932595784,-0.999998270336463,0.9999993259578337,0.9999998761140323,1.0000017074300096,-0.999998036299022,-0.9999972973715971,-0.9999982586963169,0.9999977846430953,0.99999620234961,-1.000002533537798,-1.0000025335377922,1.0000018255938703,1.0000018255938679,-1.0000007878922277,0.9999993822258877
-1.0000017675554045,1.000000001963185,-1.0000033612357742,-1.0000034983265622,1.0000033686661067,-1.000003028518389,-1.000003130403533,-1.0000031304035366,1.0000022019519925,1.0000030460356597,1.0000019299085583,1.0000019299085552,1.000002048048409,-1.0000011726444118,-1.000002624413415,1.0000001391580446,1.0000033544874387,1.0000021210483618,-0.999999453146897,-0.9999997655918879,0.9999992966987155,-1.0000003520929148,0.9999992966987138,-1.0000003520929084,-1.0000008990536944,-1.000002730103907,0.9999990590834856,0.9999983203288239,0.9999992813665555,-0.9999988074289285,-0.9999972252757318,1.0000035599431631,1.0000035599431585,-1.0000028524488132,-1.0000028524488094,1.0000018151768728,-1.000000409699958
1.0000022994315598,-1.0000033612357742,1.000000002775843,1.0000040263337309,-1.0000039391848197,1.000003602165519,1.0000036997929715,1.0000036997929749,-1.0000027772719022,-1.000003621721438,-1.0000024973992268,-1.000002497399224,-1.0000026249961613,1.0000017497800189,1.0000031999216719,-1.000000715512939,-1.0000039666378862,-1.0000026966547428,1.0000000295645666,1.0000003423769428,-0.9999998621732797,1.0000009178804778,-0.999999862173279,1.000000917880471,1.0000014744620205,1.0000033064805325,-0.9999996357041521,-0.9999988959069475,-0.9999998580098383,0.99999938367032,0.9999978015863988,-1.0000041249183507,-1.0000041249183436,1.0000034160834996,1.0000034160834959,-1.0000023773911935,1.0000009719593663
1.0000024345595073,-1.0000034983265622,1.0000040263337309,1.0000000029702634,-1.000004072606453,1.0000037299909583,1.0000038352206888,1.000003835220693,-1.0000029020901917,-1.0000037458870403,-1.0000026362279886,-1.0000026362279861,-1.0000027469000288,1.000001871339008,1.00000332442376,-1.000000838474373,-1.0000040553104612,-1.0000028209809277,1.000000152397003,1.000000464552182,-1.000000004603955,1.000001059762256,-1.0000000046039514,1.0000010597622482,1.0000015991414588,1.0000034294113267,-0.9999997581901755,-0.9999990202579424,-0.9999999804373138,0.9999995068183948,0.9999979246033502,-1.0000043059069361,-1.0000043059069321,1.0000035617842404,1.000003561784237,-1.0000025256479,1.000001120107855
-1.0000023442200863,1.0000033686661067,-1.0000039391848197,-1.000004072606453,1.000000002838431,-1.000003682719526,-1.0000037822000516,-1.0000037822000554,1.00000281948917,1.000003663781683,1.000002542965016,1.0000025429650157,1.0000026665550688,-1.0000017912814638,-1.0000032420242946,1.0000007573267555,1.000003971540682,1.000002738709047,-1.0000000713961361,-1.0000003840602665,0.9999999087241873,-1.0000009642139311,0.9999999087241852,-1.0000009642139247,-1.0000015166423077,-1.000003348253602,0.9999996775252296,0.9999989381016138,0.9999998997735495,-0.9999994256043252,-0.9999978436003215,1.0000041715435803,1.000004171543575,-1.0000034632954629,-1.0000034632954597,1.000002425199498,-1.000001019882029
1.0000020050674858,-1.000003028518389,1.000003602165519,1.0000037299909583,-1.000003682719526,1.000000002358227,1.000003405192901,1.0000034051929059,-1.0000025230972525,-1.0000033677218423,-1.0000022019591,-1.0000022019590984,-1.000002333929944,1.0000014588225907,1.0000029081070407,-1.0000004241623575,-1.0000036367195073,-1.00000240487292,0.9999997382942946,1.000000051289999,-0.9999995659502646,1.0000006216992003,-0.9999995659502625,1.0000006216991935,1.0000011826354296,1.0000030151216226,-0.9999993446265873,-0.9999986042507988,-0.999999566881072,0.9999990923506925,0.9999975104303068,-1.0000038283114139,-1.0000038283114079,1.0000031188746683,1.0000031188746648,-1.000002079510232,1.000000674262143
1.0000021055069837,-1.000003130403533,1.0000036997929715,1.0000038352206888,-1.0000037822000516,1.000003405192901,1.000000002498245,1.000003505967185,-1.0000025790811553,-1.0000034232464017,-1.0000023426787827,-1.000002304996016,-1.000002425613309,1.0000015502752637,1.000003001585665,-1.0000005165992454,-1.0000037313765446,-1.0000024982528688,0.9999998306200619,1.0000001431558272,-0.9999996713068966,1.000000726762061,-0.9999996713068948,1.0000007267620528,1.0000012762247437,1.0000031075013895,-0.999999436608526,-0.9999986975967664,-0.9999996589007712,0.9999991848663564,0.9999976027605977,-1.0000039343309244,-1.0000039343309193,1.0000032264952314,1.0000032264952294,-1.0000021888635695,1.0000007834273592
1.000002105506987,-1.0000031304035366,1.0000036997929749,1.000003835220693,-1.0000037822000554,1.0000034051929059,1.000003505967185,1.000000002498245,-1.0000025790811593,-1.0000034232464055,-1.000002304996023,-1.0000023426787847,-1.0000024256133133,1.0000015502752675,1.0000030015856693,-1.00000051659925,-1.0000037313765497,-1.0000024982528728,0.9999998306200668,1.0000001431558314,-0.9999996713068997,1.0000007267620659,-0.9999996713068987,1.000000726762058,1.0000012762247477,1.0000031075013949,-0.9999994366085303,-0.9999986975967704,-0.9999996589007761,0.9999991848663596,0.9999976027606012,-1.0000039343309282,-1.000003934330923,1.000003226495235,1.0000032264952323,-1.0000021888635726,1.0000007834273628
-1.0000011789614727,1.0000022019519925,-1.0000027772719022,-1.0000029020901917,1.00000281948917,-1.0000025230972525,-1.0000025790811553,-1.0000025790811593,1.0000000011843861,1.0000025069309932,1.0000013749307408,1.0000013749307377,1.0000015114183491,-1.0000006363981016,-1.0000020849329543,0.9999996013823022,1.0000028130189749,1.000001581751744,-0.9999989155273558,-0.9999992286932331,0.9999987379128065,-0.9999997938456077,0.9999987379128039,-0.9999997938456006,-1.0000003970890528,-1.0000021923425726,0.9999985219123912,0.9999977810871615,0.9999987442100764,-0.9999982694908001,-0.9999966875606632,1.0000030000394635,1.0000030000394577,-1.000002289953938,-1.0000022899539338,1.0000012499181357,-0.9999998446327371
-1.0000020231426074,1.0000030460356597,-1.000003621721438,-1.0000037458870403,1.000003663781683,-1.0000033677218423,-1.0000034232464017,-1.0000034232464055,1.0000025069309932,1.0000000023883648,1.0000022188887165,1.000002218888715,1.0000023563804075,-1.0000014813744598,-1.000002929753665,1.0000004462753396,1.000003657727927,1.0000024265834584,-0.999999760420868,-1.000000073624646,0.9999995816384432,-1.0000006376159154,0.9999995816384415,-1.0000006376159087,-1.0000012042107638,-1.0000030749328994,0.9999993668254358,0.9999986258886958,0.9999995891228993,-0.9999991143608254,-0.9999975324230171,1.0000038437570726,1.0000038437570675,-1.0000031335289328,-1.0000031335289292,1.0000020933435372,-1.0000006880474581
-1.0000009043653035,1.0000019299085583,-1.0000024973992268,-1.0000026362279886,1.000002542965016,-1.0000022019591,-1.0000023426787827,-1.000002304996023,1.0000013749307408,1.0000022188887165,1.0000000007874126,1.0000011050335458,1.0000012205757762,-1.0000003451394708,-1.0000017973434274,0.9999993119052158,1.0000025276583635,1.0000012939680967,-0.9999986258817101,-0.9999989382106514,0.9999984723767177,-0.999999565383875,0.9999984723767147,-0.9999995277011045,-1.0000000720322009,-1.0000019027728742,0.9999982316975626,0.9999974933081051,0.9999984540242582,-0.9999979802115988,-0.9999963980189507,1.0000027356968388,1.0000027356968337,-1.0000020285766136,-1.000002028576609,1.0000009917138957,-0.9999995861956993
-1.0000009043653004,1.0000019299085552,-1.000002497399224,-1.0000026362279861,1.0000025429650157,-1.0000022019590984,-1.000002304996016,-1.0000023426787847,1.0000013749307377,1.000002218888715,1.0000011050335458,1.0000000007874126,1.000001220575774,-1.0000003451394686,-1.000001797343426,0.9999993119052136,1.0000025276583608,1.000001293968094,-0.9999986258817063,-0.9999989382106501,0.9999984723767159,-0.9999995277011096,0.9999984723767146,-0.9999995653838648,-1.0000000720322004,-1.0000019027728717,0.9999982316975613,0.9999974933081034,0.9999984540242566,-0.9999979802115954,-0.9999963980189491,1.0000027356968375,1.000002735696832,-1.0000020285766127,-1.0000020285766082,1.0000009917138943,-0.9999995861956982
-1.0000010255342116,1.000002048048409,-1.0000026249961613,-1.0000027469000288,1.0000026665550688,-1.000002333929944,-1.000002425613309,-1.0000024256133133,1.0000015114183491,1.0000023563804075,1.0000012205757762,1.000001220575774,1.0000000009701266,-1.0000005241990648,-1.0000019719889006,0.9999994511455506,1.0000026618967046,1.00000143117416,-0.9999987653148056,-0.9999990786475361,0.9999985825981347,-0.9999996386925412,0.9999985825981326,-0.9999996386925346,-1.000000208729508,-1.0000020421118567,0.9999983717681875,0.9999976304820603,0.9999985940948659,-0.9999981191906411,-0.9999965372696601,1.000002844508449,1.0000028445084432,-1.0000021337977925,-1.0000021337977887,1.000001093103037,-0.999999687813102
1.0000001501783318,-1.0000011726444118,1.0000017497800189,1.000001871339008,-1.0000017912814638,1.0000014588225907,1.0000015502752637,1.0000015502752675,-1.0000006363981016,-1.0000014813744598,-1.0000003451394708,-1.0000003451394686,-1.0000005241990648,0.9999999997232355,1.000001059296869,-0.9999986138788524,-1.0000017868183015,-1.000000556174147,0.999997890368864,0.9999982037179552,-0.9999977070539907,0.9999987631692503,-0.999997707053989,0.9999987631692432,0.9999993337201832,1.0000011671437319,-0.9999974968145262,-0.9999967554961067,-0.9999977191581112,0.9999972442356035,0.9999956623131827,-1.0000019688992838,-1.0000019688992785,1.0000012581157538,1.0000012581157498,-1.0000002173490643,0.9999988120511859
1.0000016015328475,-1.000002624413415,1.0000031999216719,1.00000332442376,-1.0000032420242946,1.0000029081070407,1.000003001585665,1.0000030015856693,-1.0000020849329543,-1.000002929753665,-1.0000017973434274,-1.000001797343426,-1.0000019719889006,1.000001059296869,1.0000000017869244,-1.000000024220742,-1.000003273469633,-1.000002042220189,0.9999993383859768,0.999999651576785,-0.9999991602586974,1.000000216175982,-0.9999991602586962,1.0000002161759736,1.0000007821909294,1.0000026151988894,-0.9999989448172838,-0.9999982038918964,-0.9999991670916523,0.9999986923466665,0.999997110456222,-1.0000034223718008,-1.000003422371796,1.0000027122245447,1.0000027122245418,-1.0000016721030573,1.000000266876036
-0.9999991165006721,1.0000001391580446,-1.000000715512939,-1.000000838474373,1.0000007573267555,-1.0000004241623575,-1.0000005165992454,-1.00000051659925,0.9999996013823022,1.0000004462753396,0.9999993119052158,0.9999993119052136,0.9999994511455506,-0.9999986138788524,-1.000000024220742,0.9999999982477645,1.000000751992291,0.9999995210734708,-0.9999968928244216,-0.9999972060934323,0.9999966743239688,-0.9999977303351125,0.9999966743239671,-0.9999977303351065,-0.9999982986800006,-1.0000001318899325,0.9999964615615002,0.9999957204582312,0.9999966838909594,-0.9999962090585985,-0.9999946271617399,1.0000009362175015,1.0000009362174964,-1.0000002257421556,-1.0000002257421523,0.9999991852899109,-0.999997780034339
-1.0000023311760753,1.0000033544874387,-1.0000039666378862,-1.0000040553104612,1.000003971540682,-1.0000036367195073,-1.0000037313765446,-1.0000037313765497,1.0000028130189749,1.000003657727927,1.0000025276583635,1.0000025276583608,1.0000026618967046,-1.0000017868183015,-1.000003273469633,1.000000751992291,1.0000000028247018,1.000002732584828,-1.000000066102977,-1.0000003791775194,0.9999998910560418,-1.0000009469542581,0.9999998910560399,-1.000000946954251,-1.0000015102651194,-1.0000033429727393,0.999999672411655,0.999998931853871,0.9999998947172187,-0.9999994200932723,-0.9999978380938217,1.0000041534143638,1.0000041534143598,-1.0000034436427554,-1.0000034436427527,1.0000024039463207,-1.0000009985927114
-1.0000010982234073,1.0000021210483618,-1.0000026966547428,-1.0000028209809277,1.000002738709047,-1.00000240487292,-1.0000024982528688,-1.0000024982528728,1.000001581751744,1.0000024265834584,1.0000012939680967,1.000001293968094,1.00000143117416,-1.000000556174147,-1.000002042220189,0.9999995210734708,1.000002732584828,1.0000000010698182,-0.9999988352485043,-0.9999991484513079,0.9999986568560343,-0.9999997127644602,0.9999986568560324,-0.9999997127644525,-1.0000003166932079,-1.0000021497296172,0.9999984416986858,0.9999977007340125,0.9999986639667392,-0.999998189210419,-0.9999966073436257,1.0000029189201098,1.0000029189201058,-1.0000022087402478,-1.000002208740243,1.0000011685794288,-0.9999997633792936
0.9999984304543716,-0.999999453146897,1.0000000295645666,1.000000152397003,-1.0000000713961361,0.9999997382942946,0.9999998306200619,0.9999998306200668,-0.9999989155273558,-0.999999760420868,-0.9999986258817101,-0.9999986258817063,-0.9999987653148056,0.999997890368864,0.9999993383859768,-0.9999968928244216,-1.000000066102977,-0.9999988352485043,0.9999999972703628,0.9999964825750723,-0.9999959882204168,0.9999970442706805,-0.9999959882204139,0.9999970442706725,0.9999976128405818,0.9999994460500623,-0.9999957756850666,-0.9999950722960637,-0.9999959980468339,0.9999955232115065,0.9999939412762072,-1.0000002500922842,-1.000000250092278,0.9999995395827023,0.9999995395826974,-0.9999984991125382,0.9999970938000815
0.9999987429938053,-0.9999997655918879,1.0000003423769428,1.000000464552182,-1.0000003840602665,1.000000051289999,1.0000001431558272,1.0000001431558314,-0.9999992286932331,-1.000000073624646,-0.9999989382106514,-0.9999989382106501,-0.9999990786475361,0.9999982037179552,0.999999651576785,-0.9999972060934323,-1.0000003791775194,-0.9999991484513079,0.9999964825750723,0.9999999977168421,-0.9999963003161013,0.9999973564124368,-0.9999963003161004,0.9999973564124299,0.9999979260162265,0.9999997593267297,-0.9999960889662931,-0.9999953477921604,-0.9999963490180165,0.9999958364577944,0.9999942545130834,-1.000000562165199,-1.0000005621651946,0.9999998515120113,0.999999851512008,-0.9999988108927602,0.9999974055661123
-0.9999982703364646,0.9999992966987155,-0.9999998621732797,-1.000000004603955,0.9999999087241873,-0.9999995659502646,-0.9999996713068966,-0.9999996713068997,0.9999987379128065,0.9999995816384432,0.9999984723767177,0.9999984723767159,0.9999985825981347,-0.9999977070539907,-0.9999991602586974,0.9999966743239688,0.9999998910560418,0.9999986568560343,-0.9999959882204168,-0.9999963003161013,0.9999999970362,-0.9999969336416845,0.9999958406882486,-0.9999968959589131,-0.9999974349834536,-0.9999992651324592,0.9999955937427053,0.9999948561195944,0.9999958161843598,-0.9999953426135848,-0.9999937602218759,1.0000001043893025,1.0000001043892974,-0.9999993980061813,-0.9999993980061775,0.9999983619650252,-0.9999969562276284
0.99999932595784,-1.0000003520929148,1.0000009178804778,1.000001059762256,-1.0000009642139311,1.0000006216992003,1.000000726762061,1.0000007267620659,-0.9999997938456077,-1.0000006376159154,-0.999999565383875,-0.9999995277011096,-0.9999996386925412,0.9999987631692503,1.000000216175982,-0.9999977303351125,-1.0000009469542581,-0.9999997127644602,0.9999970442706805,0.9999973564124368,-0.9999969336416845,0.9999999985400673,-0.9999968959589182,0.9999979511732034,0.9999984909080455,1.0000003211671344,-0.9999966499163961,-0.9999959120984558,-0.9999968722861241,0.9999963986730895,0.9999948163922333,-1.0000011595492733,-1.0000011595492686,1.0000004530693114,1.0000004530693076,-0.9999994168955695,0.9999980112932557
-0.999998270336463,0.9999992966987138,-0.999999862173279,-1.0000000046039514,0.9999999087241852,-0.9999995659502625,-0.9999996713068948,-0.9999996713068987,0.9999987379128039,0.9999995816384415,0.9999984723767147,0.9999984723767146,0.9999985825981326,-0.999997707053989,-0.9999991602586962,0.9999966743239671,0.9999998910560399,0.9999986568560324,-0.9999959882204139,-0.9999963003161004,0.9999958406882486,-0.9999968959589182,0.9999999970362,-0.9999969336416725,-0.9999974349834525,-0.999999265132456,0.999995593742704,0.9999948561195919,0.999995816184357,-0.9999953426135821,-0.9999937602218738,1.0000001043892994,1.000000104389295,-0.9999993980061797,-0.9999993980061761,0.9999983619650249,-0.9999969562276265
0.9999993259578337,-1.0000003520929084,1.000000917880471,1.0000010597622482,-1.0000009642139247,1.0000006216991935,1.0000007267620528,1.000000726762058,-0.9999997938456006,-1.0000006376159087,-0.9999995277011045,-0.9999995653838648,-0.9999996386925346,0.9999987631692432,1.0000002161759736,-0.9999977303351065,-1.000000946954251,-0.9999997127644525,0.9999970442706725,0.9999973564124299,-0.9999968959589131,0.9999979511732034,-0.9999969336416725,0.9999999985400673,0.9999984909080387,1.000000321167128,-0.9999966499163893,-0.9999959120984484,-0.9999968722861178,0.9999963986730827,0.9999948163922251,-1.0000011595492666,-1.0000011595492613,1.0000004530693036,1.0000004530693,-0.9999994168955616,0.9999980112932463
0.9999998761140323,-1.0000008990536944,1.0000014744620205,1.0000015991414588,-1.0000015166423077,1.0000011826354296,1.0000012762247437,1.0000012762247477,-1.0000003970890528,-1.0000012042107638,-1.0000000720322009,-1.0000000720322004,-1.000000208729508,0.9999993337201832,1.0000007821909294,-0.9999982986800006,-1.0000015102651194,-1.0000003166932079,0.9999976128405818,0.9999979260162265,-0.9999974349834536,0.9999984909080455,-0.9999974349834525,0.9999984909080387,0.999999999327807,1.0000008896364478,-0.999997256909843,-0.9999964783707923,-0.9999974415326871,0.9999969668023342,0.9999953848881704,-1.0000016970963554,-1.00000169709635,1.0000009869837279,1.0000009869837232,-0.9999999469045613,0.9999985416498314
1.0000017074300096,-1.000002730103907,1.0000033064805325,1.0000034294113267,-1.000003348253602,1.0000030151216226,1.0000031075013895,1.0000031075013949,-1.0000021923425726,-1.0000030749328994,-1.0000019027728742,-1.0000019027728717,-1.0000020421118567,1.0000011671437319,1.0000026151988894,-1.0000001318899325,-1.0000033429727393,-1.0000021497296172,0.9999994460500623,0.9999997593267297,-0.9999992651324592,1.0000003211671344,-0.999999265132456,1.000000321167128,1.0000008896364478,1.0000000019402322,-0.9999990524952864,-0.9999983113522821,-0.9999992747981674,0.9999987999565697,0.9999972180366888,-1.000003527145594,-1.0000035271455872,1.0000028166550958,1.0000028166550918,-1.0000017761893145,1.0000003709083771
-0.999998036299022,0.9999990590834856,-0.9999996357041521,-0.9999997581901755,0.9999996775252296,-0.9999993446265873,-0.999999436608526,-0.9999994366085303,0.9999985219123912,0.9999993668254358,0.9999982316975626,0.9999982316975613,0.9999983717681875,-0.9999974968145262,-0.9999989448172838,0.9999964615615002,0.999999672411655,0.9999984416986858,-0.9999957756850666,-0.9999960889662931,0.9999955937427053,-0.9999966499163961,0.999995593742704,-0.9999966499163893,-0.999997256909843,-0.9999990524952864,0.9999999967093314,0.9999946409212905,0.9999956044036422,-0.9999951295444681,-0.999993547479,0.9999998557883721,0.9999998557883688,-0.9999991451745986,-0.9999991451745954,0.9999981046159834,-0.9999966991551911
-0.9999972973715971,0.9999983203288239,-0.9999988959069475,-0.9999990202579424,0.9999989381016138,-0.9999986042507988,-0.9999986975967664,-0.9999986975967704,0.9999977810871615,0.9999986258886958,0.9999974933081051,0.9999974933081034,0.9999976304820603,-0.9999967554961067,-0.9999982038918964,0.9999957204582312,0.999998931853871,0.9999977007340125,-0.9999950722960637,-0.9999953477921604,0.9999948561195944,-0.9999959120984558,0.9999948561195919,-0.9999959120984484,-0.9999964783707923,-0.9999983113522821,0.9999946409212905,0.9999999956534055,0.9999948632965862,-0.9999944262410326,-0.9999928442802904,0.9999991181310692,0.9999991181310638,-0.9999984079433241,-0.9999984079433193,0.9999973678070824,-0.9999959624840431
-0.9999982586963169,0.9999992813665555,-0.9999998580098383,-0.9999999804373138,0.9999998997735495,-0.999999566881072,-0.9999996589007712,-0.9999996589007761,0.9999987442100764,0.9999995891228993,0.9999984540242582,0.9999984540242566,0.9999985940948659,-0.9999977191581112,-0.9999991670916523,0.9999966838909594,0.9999998947172187,0.9999986639667392,-0.9999959980468339,-0.9999963490180165,0.9999958161843598,-0.9999968722861241,0.999995816184357,-0.9999968722861178,-0.9999974415326871,-0.9999992747981674,0.9999956044036422,0.9999948632965862,0.9999999970262973,-0.9999953896139782,-0.9999937699607062,1.0000000780654785,1.0000000780654736,-0.9999993674618389,-0.9999993674618356,0.9999983269009705,-0.9999969215446375
0.9999977846430953,-0.9999988074289285,0.99999938367032,0.9999995068183948,-0.9999994256043252,0.9999990923506925,0.9999991848663564,0.9999991848663596,-0.9999982694908001,-0.9999991143608254,-0.9999979802115988,-0.9999979802115954,-0.9999981191906411,0.9999972442356035,0.9999986923466665,-0.9999962090585985,-0.9999994200932723,-0.999998189210419,0.9999955232115065,0.9999958364577944,-0.9999953426135848,0.9999963986730895,-0.9999953426135821,0.9999963986730827,0.9999969668023342,0.9999987999565697,-0.9999951295444681,-0.9999944262410326,-0.9999953896139782,0.9999999963495898,0.9999932951472652,-0.9999996045322895,-0.9999996045322839,0.9999988940838987,0.9999988940838944,-0.9999978536854734,0.9999964483331286
0.99999620234961,-0.9999972252757318,0.9999978015863988,0.9999979246033502,-0.9999978436003215,0.9999975104303068,0.9999976027605977,0.9999976027606012,-0.9999966875606632,-0.9999975324230171,-0.9999963980189507,-0.9999963980189491,-0.9999965372696601,0.9999956623131827,0.999997110456222,-0.9999946271617399,-0.9999978380938217,-0.9999966073436257,0.9999939412762072,0.9999942545130834,-0.9999937602218759,0.9999948163922333,-0.9999937602218738,0.9999948163922251,0.9999953848881704,0.9999972180366888,-0.999993547479,-0.9999928442802904,-0.9999937699607062,0.9999932951472652,0.9999999940949678,-0.9999980222275558,-0.9999980222275502,0.9999973117254434,0.9999973117254402,-0.9999962713032494,0.9999948657913761
-1.000002533537798,1.0000035599431631,-1.0000041249183507,-1.0000043059069361,1.0000041715435803,-1.0000038283114139,-1.0000039343309244,-1.0000039343309282,1.0000030000394635,1.0000038437570726,1.0000027356968388,1.0000027356968375,1.000002844508449,-1.0000019688992838,-1.0000034223718008,1.0000009362175015,1.0000041534143638,1.0000029189201098,-1.0000002500922842,-1.000000562165199,1.0000001043893025,-1.0000011595492733,1.0000001043892994,-1.0000011595492666,-1.0000016970963554,-1.000003527145594,0.9999998557883721,0.9999991181310692,1.0000000780654785,-0.9999996045322895,-0.9999980222275558,1.0000000031126066,1.0000043681464392,-1.0000036996413444,-1.000003661958579,1.0000026261222006,-1.0000012204653075
-1.0000025335377922,1.0000035599431585,-1.0000041249183436,-1.0000043059069321,1.000004171543575,-1.0000038283114079,-1.0000039343309193,-1.000003934330923,1.0000030000394577,1.0000038437570675,1.0000027356968337,1.000002735696832,1.0000028445084432,-1.0000019688992785,-1.000003422371796,1.0000009362174964,1.0000041534143598,1.0000029189201058,-1.000000250092278,-1.0000005621651946,1.0000001043892974,-1.0000011595492686,1.000000104389295,-1.0000011595492613,-1.00000169709635,-1.0000035271455872,0.9999998557883688,0.9999991181310638,1.0000000780654736,-0.9999996045322839,-0.9999980222275502,1.0000043681464392,1.0000000031126066,-1.000003661958576,-1.0000036996413322,1.0000026261221953,-1.0000012204653028
1.0000018255938703,-1.0000028524488132,1.0000034160834996,1.0000035617842404,-1.0000034632954629,1.0000031188746683,1.0000032264952314,1.000003226495235,-1.000002289953938,-1.0000031335289328,-1.0000020285766136,-1.0000020285766127,-1.0000021337977925,1.0000012581157538,1.0000027122245447,-1.0000002257421556,-1.0000034436427554,-1.0000022087402478,0.9999995395827023,0.9999998515120113,-0.9999993980061813,1.0000004530693114,-0.9999993980061797,1.0000004530693036,1.0000009869837279,1.0000028166550958,-0.9999991451745986,-0.9999984079433241,-0.9999993674618389,0.9999988940838987,0.9999973117254434,-1.0000036996413444,-1.000003661958576,1.0000000021065498,1.0000029562752637,-1.0000019586666125,1.000000515272602
1.0000018255938679,-1.0000028524488094,1.0000034160834959,1.000003561784237,-1.0000034632954597,1.0000031188746648,1.0000032264952294,1.0000032264952323,-1.0000022899539338,-1.0000031335289292,-1.000002028576609,-1.0000020285766082,-1.0000021337977887,1.0000012581157498,1.0000027122245418,-1.0000002257421523,-1.0000034436427527,-1.000002208740243,0.9999995395826974,0.999999851512008,-0.9999993980061775,1.0000004530693076,-0.9999993980061761,1.0000004530693,1.0000009869837232,1.0000028166550918,-0.9999991451745954,-0.9999984079433193,-0.9999993674618356,0.9999988940838944,0.9999973117254402,-1.000003661958579,-1.0000036996413322,1.0000029562752637,1.0000000021065498,-1.0000019586666045,1.000000515272599
-1.0000007878922277,1.0000018151768728,-1.0000023773911935,-1.0000025256479,1.000002425199498,-1.000002079510232,-1.0000021888635695,-1.0000021888635726,1.0000012499181357,1.0000020933435372,1.0000009917138957,1.0000009917138943,1.000001093103037,-1.0000002173490643,-1.0000016721030573,0.9999991852899109,1.0000024039463207,1.0000011685794288,-0.9999984991125382,-0.9999988108927602,0.9999983619650252,-0.9999994168955695,0.9999983619650249,-0.9999994168955616,-0.9999999469045613,-1.0000017761893145,0.9999981046159834,0.9999973678070824,0.9999983269009705,-0.9999978536854734,-0.9999962713032494,1.0000026261222006,1.0000026261221953,-1.0000019586666125,-1.0000019586666045,1.0000000006315213,-0.9999995182282354
0.9999993822258877,-1.000000409699958,1.0000009719593663,1.000001120107855,-1.000001019882029,1.000000674262143,1.0000007834273592,1.0000007834273628,-0.9999998446327371,-1.0000006880474581,-0.9999995861956993,-0.9999995861956982,-0.999999687813102,0.9999988120511859,1.000000266876036,-0.999997780034339,-1.0000009985927114,-0.9999997633792936,0.9999970938000815,0.9999974055661123,-0.9999969562276284,0.9999980112932557,-0.9999969562276265,0.9999980112932463,0.9999985416498314,1.0000003709083771,-0.9999966991551911,-0.9999959624840431,-0.9999969215446375,0.9999964483331286,0.9999948657913761,-1.0000012204653075,-1.0000012204653028,1.000000515272602,1.000000515272599,-0.9999995182282354,0.9999999986280315
