1.0000000013983439,-1.0000025420813519,-1.0000025420813528,-1.0000025420813499,-1.0000002042587297,1.0000026811167837,1.0000026811167824,1.0000026811167837,1.000002681116781,1.0000026811167824,1.0000026811167821,0.9999983904171379,-1.0000019679156067,1.0000024963375955,1.0000024963375955,1.000002496337595,1.00000015851497,-1.0000026811167786,-1.0000026811167777,-1.0000026811167797,-1.0000026811167784,-1.0000026811167777,-1.0000026811167777,-0.999998390417136,-0.999998130299584,-0.9999969411085464,0.9999981302995832,0.9999969411085444,-1.0000027896438266,-1.0000027896438277,-1.0000027896438266,-1.0000027896438266,-1.0000027896438273,-1.0000027896438286,1.0000027896438255,1.0000027896438253,1.0000027896438237,1.0000027896438242,1.0000027896438237,1.0000027896438246,0.9999963183523258,0.999996249024306,-0.999996318352328,-0.9999962490243032,1.0000028252257254,1.0000028252257254,1.0000028252257267,-1.0000028252257263,-1.0000028252257267,-1.0000028252257251,-0.9999958611900865,-0.9999958211395433,0.9999958611900852,0.9999958211395417,0.9999956893568154,-0.9999956893568154
-1.0000025420813519,1.0000000021493063,1.0000030247594165,1.0000030247594152,1.0000006869373594,-1.000003255282263,-1.0000032552822655,-1.0000032095385083,-1.0000032095385096,-1.0000032095385076,-1.0000032095385083,-0.9999989188399141,1.000002496337588,-1.0000030247594127,-1.000003024759413,-1.0000030247594127,-1.0000006869373568,1.000003209538505,1.0000032095385036,1.0000032095385054,1.000003209538504,1.0000032095385036,1.000003209538504,0.999998918839913,0.999998658722331,0.9999974695316722,-0.9999986587223315,-0.99999746953167,1.000003318065492,1.0000033180654915,1.0000033180654915,1.0000033180654924,1.0000033180654915,1.0000033180654928,-1.000003318065492,-1.000003318065491,-1.000003318065488,-1.000003318065489,-1.000003318065488,-1.0000033180654897,-0.9999968467755996,-0.9999967774475423,0.9999968467756017,0.9999967774475387,-1.0000033536473665,-1.0000033536473667,-1.0000033536473694,1.000003353647369,1.0000033536473683,1.0000033536473671,0.9999963896134151,0.9999963495628482,-0.9999963896134131,-0.9999963495628474,-0.9999962177801507,0.9999962177801521
-1.0000025420813528,1.0000030247594165,1.0000000021493063,1.0000030247594207,1.0000006869373652,-1.0000032095385143,-1.0000032095385143,-1.0000032552822709,-1.000003255282271,-1.000003209538513,-1.0000032095385154,-0.9999989188399193,1.0000024963375933,-1.0000030247594187,-1.0000030247594183,-1.000003024759417,-1.000000686937363,1.0000032095385114,1.0000032095385092,1.0000032095385119,1.0000032095385096,1.0000032095385105,1.0000032095385105,0.999998918839919,0.9999986587223385,0.9999974695316783,-0.9999986587223376,-0.999997469531676,1.000003318065498,1.000003318065498,1.0000033180654977,1.000003318065498,1.0000033180654984,1.0000033180655001,-1.000003318065498,-1.0000033180654964,-1.0000033180654955,-1.0000033180654941,-1.0000033180654955,-1.0000033180654957,-0.9999968467756064,-0.999996777447548,0.9999968467756085,0.9999967774475458,-1.000003353647372,-1.0000033536473731,-1.0000033536473751,1.000003353647375,1.0000033536473736,1.0000033536473736,0.999996389613421,0.999996349562855,-0.9999963896134196,-0.9999963495628527,-0.9999962177801563,0.9999962177801588
-1.0000025420813499,1.0000030247594152,1.0000030247594207,1.0000000021493063,1.0000006869373639,-1.000003209538513,-1.0000032095385134,-1.0000032095385138,-1.0000032095385134,-1.000003255282272,-1.000003255282271,-0.9999989188399195,1.0000024963375929,-1.0000030247594176,-1.0000030247594183,-1.0000030247594154,-1.0000006869373619,1.0000032095385092,1.0000032095385092,1.0000032095385105,1.0000032095385099,1.0000032095385092,1.0000032095385092,0.9999989188399173,0.9999986587223366,0.9999974695316762,-0.999998658722338,-0.9999974695316743,1.0000033180654977,1.0000033180654968,1.0000033180654966,1.000003318065498,1.0000033180654966,1.0000033180654977,-1.0000033180654964,-1.0000033180654964,-1.0000033180654935,-1.0000033180654944,-1.0000033180654944,-1.0000033180654946,-0.9999968467756051,-0.9999967774475469,0.9999968467756072,0.9999967774475442,-1.0000033536473707,-1.0000033536473707,-1.000003353647374,1.0000033536473731,1.0000033536473731,1.000003353647372,0.9999963896134202,0.999996349562854,-0.9999963896134192,-0.9999963495628512,-0.9999962177801561,0.9999962177801559
-1.0000002042587297,1.0000006869373594,1.0000006869373652,1.0000006869373639,0.9999999988269282,-1.0000008717168012,-1.0000008717168005,-1.0000008717168014,-1.0000008717168014,-1.0000008717168012,-1.0000008717168014,-0.9999966267584026,1.0000001585149665,-1.0000006869373614,-1.0000006869373614,-1.00000068693736,-0.999998349113378,1.0000008717167976,1.0000008717167972,1.0000008717167983,1.0000008717167972,1.000000871716797,1.0000008717167976,0.9999965810146436,0.9999963208972196,0.9999951317052235,-0.9999963208972198,-0.9999951317052218,1.0000009802440204,1.000000980244021,1.0000009802440206,1.0000009802440208,1.0000009802440204,1.0000009802440217,-1.0000009802440193,-1.000000980244019,-1.0000009802440164,-1.0000009802440168,-1.000000980244017,-1.0000009802440184,-0.9999945089486508,-0.999994439620755,0.9999945089486529,0.9999944396207521,-1.0000010158259796,-1.00000101582598,-1.0000010158259816,1.000001015825982,1.000001015825982,1.000001015825981,0.9999940517863197,0.9999940117358534,-0.9999940517863183,-0.9999940117358508,-0.9999938799530527,0.9999938799530523
1.0000026811167837,-1.000003255282263,-1.0000032095385143,-1.000003209538513,-1.0000008717168012,1.0000000024119036,1.0000033943175592,1.0000033943175604,1.0000033943175601,1.0000033943175595,1.0000033943175597,0.9999991036195996,-1.0000026811167768,1.000003209538511,1.0000032095385105,1.0000032095385105,1.0000008717167996,-1.0000033943175566,-1.0000033943175566,-1.0000033943175575,-1.0000033943175548,-1.0000033943175557,-1.0000033943175555,-0.9999991036195987,-0.999998843502016,-0.9999976543115701,0.9999988435020163,0.9999976543115683,-1.0000035485882686,-1.0000035028445111,-1.0000035028445116,-1.0000035028445118,-1.0000035028445113,-1.0000035028445124,1.000003502844511,1.0000035028445093,1.000003502844508,1.000003502844508,1.0000035028445093,1.0000035028445087,0.9999970315555898,0.999996962227517,-0.9999970315555925,-0.999996962227514,1.000003538426376,1.000003538426375,1.0000035384263775,-1.0000035384263772,-1.0000035384263761,-1.0000035384263752,-0.9999965743934465,-0.9999965343428724,0.999996574393444,0.99999653434287,0.9999964025601935,-0.9999964025601944
1.0000026811167824,-1.0000032552822655,-1.0000032095385143,-1.0000032095385134,-1.0000008717168005,1.0000033943175592,1.0000000024119036,1.0000033943175595,1.000003394317559,1.0000033943175584,1.0000033943175586,0.9999991036195987,-1.0000026811167768,1.00000320953851,1.0000032095385096,1.0000032095385092,1.0000008717168,-1.0000033943175555,-1.000003394317555,-1.0000033943175555,-1.0000033943175548,-1.0000033943175541,-1.0000033943175546,-0.9999991036195975,-0.9999988435020162,-0.9999976543115692,0.9999988435020154,0.9999976543115675,-1.0000035028445102,-1.0000035485882681,-1.0000035028445107,-1.0000035028445107,-1.0000035028445107,-1.0000035028445127,1.0000035028445102,1.0000035028445098,1.0000035028445073,1.000003502844508,1.0000035028445082,1.0000035028445078,0.9999970315555889,0.9999969622275164,-0.9999970315555908,-0.9999969622275136,1.0000035384263737,1.0000035384263737,1.0000035384263775,-1.0000035384263761,-1.000003538426375,-1.0000035384263743,-0.999996574393445,-0.999996534342871,0.9999965743934425,0.9999965343428688,0.9999964025601927,-0.9999964025601933
1.0000026811167837,-1.0000032095385083,-1.0000032552822709,-1.0000032095385138,-1.0000008717168014,1.0000033943175604,1.0000033943175595,1.0000000024119036,1.0000033943175601,1.0000033943175595,1.0000033943175604,0.9999991036196003,-1.0000026811167775,1.0000032095385116,1.0000032095385105,1.000003209538511,1.0000008717167992,-1.0000033943175566,-1.0000033943175566,-1.0000033943175575,-1.0000033943175561,-1.0000033943175561,-1.0000033943175566,-0.999999103619599,-0.9999988435020157,-0.9999976543115705,0.9999988435020163,0.9999976543115684,-1.0000035028445113,-1.0000035028445116,-1.0000035485882683,-1.0000035028445118,-1.0000035028445118,-1.0000035028445127,1.000003502844511,1.0000035028445107,1.0000035028445082,1.0000035028445082,1.0000035028445093,1.000003502844509,0.9999970315555906,0.9999969622275177,-0.9999970315555925,-0.9999969622275147,1.000003538426375,1.0000035384263755,1.0000035384263781,-1.000003538426378,-1.000003538426376,-1.000003538426375,-0.9999965743934465,-0.9999965343428726,0.999996574393445,0.99999653434287,0.9999964025601937,-0.9999964025601952
1.000002681116781,-1.0000032095385096,-1.000003255282271,-1.0000032095385134,-1.0000008717168014,1.0000033943175601,1.000003394317559,1.0000033943175601,1.0000000024119036,1.0000033943175586,1.00000339431756,0.9999991036195994,-1.0000026811167768,1.0000032095385105,1.0000032095385105,1.00000320953851,1.0000008717168,-1.0000033943175561,-1.0000033943175557,-1.0000033943175566,-1.0000033943175557,-1.0000033943175557,-1.0000033943175557,-0.9999991036195973,-0.999998843502016,-0.9999976543115694,0.9999988435020152,0.9999976543115675,-1.000003502844511,-1.0000035028445107,-1.000003502844511,-1.0000035485882681,-1.000003502844511,-1.0000035028445113,1.0000035028445107,1.0000035028445102,1.000003502844507,1.0000035028445078,1.000003502844508,1.0000035028445087,0.9999970315555896,0.9999969622275173,-0.999997031555592,-0.9999969622275151,1.0000035384263755,1.0000035384263748,1.0000035384263781,-1.000003538426376,-1.0000035384263768,-1.0000035384263752,-0.9999965743934465,-0.9999965343428713,0.999996574393444,0.99999653434287,0.9999964025601937,-0.9999964025601954
1.0000026811167824,-1.0000032095385076,-1.000003209538513,-1.000003255282272,-1.0000008717168012,1.0000033943175595,1.0000033943175584,1.0000033943175595,1.0000033943175586,1.0000000024119036,1.0000033943175592,0.9999991036195981,-1.000002681116776,1.0000032095385096,1.0000032095385105,1.0000032095385087,1.000000871716799,-1.0000033943175548,-1.0000033943175552,-1.0000033943175552,-1.0000033943175552,-1.0000033943175548,-1.0000033943175552,-0.9999991036195972,-0.9999988435020154,-0.999997654311569,0.9999988435020148,0.9999976543115675,-1.0000035028445096,-1.0000035028445096,-1.0000035028445107,-1.0000035028445105,-1.0000035485882681,-1.0000035028445111,1.0000035028445107,1.0000035028445105,1.0000035028445067,1.000003502844507,1.000003502844507,1.0000035028445082,0.9999970315555887,0.9999969622275152,-0.9999970315555906,-0.9999969622275147,1.0000035384263741,1.0000035384263741,1.0000035384263775,-1.0000035384263757,-1.0000035384263752,-1.0000035384263746,-0.9999965743934446,-0.9999965343428711,0.9999965743934431,0.9999965343428691,0.9999964025601926,-0.9999964025601932
1.0000026811167821,-1.0000032095385083,-1.0000032095385154,-1.000003255282271,-1.0000008717168014,1.0000033943175597,1.0000033943175586,1.0000033943175604,1.00000339431756,1.0000033943175592,1.0000000024119036,0.9999991036195994,-1.0000026811167757,1.0000032095385114,1.0000032095385096,1.0000032095385092,1.0000008717167983,-1.0000033943175552,-1.0000033943175555,-1.000003394317557,-1.000003394317555,-1.0000033943175555,-1.0000033943175555,-0.9999991036195981,-0.999998843502016,-0.9999976543115697,0.9999988435020148,0.9999976543115673,-1.0000035028445111,-1.0000035028445105,-1.0000035028445107,-1.0000035028445116,-1.0000035028445107,-1.0000035485882706,1.0000035028445102,1.0000035028445093,1.0000035028445082,1.0000035028445082,1.0000035028445082,1.0000035028445082,0.9999970315555896,0.9999969622275168,-0.9999970315555914,-0.9999969622275147,1.000003538426375,1.000003538426375,1.0000035384263775,-1.0000035384263777,-1.0000035384263752,-1.0000035384263748,-0.9999965743934456,-0.9999965343428715,0.9999965743934437,0.9999965343428688,0.9999964025601926,-0.9999964025601952
0.9999983904171379,-0.9999989188399141,-0.9999989188399193,-0.9999989188399195,-0.9999966267584026,0.9999991036195996,0.9999991036195987,0.9999991036196003,0.9999991036195994,0.9999991036195981,0.9999991036195994,0.9999999963142086,-0.9999983904171313,0.9999989188399165,0.9999989188399168,0.9999989188399154,0.9999965810146431,-0.9999991036195965,-0.9999991036195962,-0.9999991036195962,-0.9999991036195962,-0.9999991036195954,-0.9999991036195962,-0.9999948129150612,-0.9999945985415267,-0.9999934093486122,0.9999945527977677,0.999993363604854,-0.9999992121469866,-0.9999992121469855,-0.9999992121469861,-0.9999992121469852,-0.9999992121469858,-0.9999992121469866,0.9999992121469853,0.999999212146985,0.9999992121469821,0.9999992121469823,0.9999992121469833,0.9999992121469833,0.9999927408479443,0.9999926715201737,-0.9999927408479469,-0.9999926715201714,0.9999992477290054,0.9999992477290056,0.9999992477290084,-0.9999992477290067,-0.9999992477290067,-0.9999992477290065,-0.9999922836855344,-0.9999922436351428,0.9999922836855325,0.9999922436351398,0.9999921118522732,-0.999992111852274
-1.0000019679156067,1.000002496337588,1.0000024963375933,1.0000024963375929,1.0000001585149665,-1.0000026811167768,-1.0000026811167768,-1.0000026811167775,-1.0000026811167768,-1.000002681116776,-1.0000026811167757,-0.9999983904171313,1.0000000013983439,-1.0000025420813434,-1.0000025420813434,-1.000002542081348,-1.0000002042587217,1.000002681116773,1.0000026811167717,1.000002681116773,1.000002681116773,1.0000026811167717,1.0000026811167722,0.9999983904171298,0.9999981302995764,0.9999969411085414,-0.9999981302995758,-0.9999969411085393,1.0000027896438208,1.0000027896438217,1.0000027896438206,1.000002789643822,1.0000027896438206,1.0000027896438226,-1.0000027896438204,-1.000002789643819,-1.000002789643818,-1.0000027896438186,-1.0000027896438186,-1.000002789643818,-0.9999963183523201,-0.9999962490242981,0.9999963183523237,0.999996249024297,-1.0000028252257191,-1.0000028252257191,-1.0000028252257216,1.0000028252257207,1.00000282522572,1.0000028252257191,0.9999958611900803,0.9999958211395371,-0.9999958611900795,-0.9999958211395349,-0.9999956893568092,0.99999568935681
1.0000024963375955,-1.0000030247594127,-1.0000030247594187,-1.0000030247594176,-1.0000006869373614,1.000003209538511,1.00000320953851,1.0000032095385116,1.0000032095385105,1.0000032095385096,1.0000032095385114,0.9999989188399165,-1.0000025420813434,1.0000000021493063,1.000003024759414,1.0000030247594136,1.0000006869373603,-1.0000032552822666,-1.0000032552822624,-1.0000032095385079,-1.000003209538506,-1.0000032095385065,-1.0000032095385072,-0.9999989188399141,-0.9999986587223336,-0.9999974695316735,0.9999986587223342,0.9999974695316711,-1.0000033180654948,-1.0000033180654953,-1.000003318065494,-1.0000033180654948,-1.000003318065494,-1.0000033180654955,1.000003318065494,1.0000033180654933,1.0000033180654906,1.0000033180654915,1.0000033180654906,1.0000033180654926,0.9999968467756026,0.9999967774475447,-0.9999968467756045,-0.9999967774475418,1.0000033536473691,1.0000033536473694,1.000003353647371,-1.000003353647371,-1.0000033536473698,-1.00000335364737,-0.9999963896134185,-0.999996349562851,0.9999963896134155,0.9999963495628484,0.9999962177801537,-0.999996217780154
1.0000024963375955,-1.000003024759413,-1.0000030247594183,-1.0000030247594183,-1.0000006869373614,1.0000032095385105,1.0000032095385096,1.0000032095385105,1.0000032095385105,1.0000032095385105,1.0000032095385096,0.9999989188399168,-1.0000025420813434,1.000003024759414,1.0000000021493063,1.0000030247594123,1.0000006869373597,-1.0000032095385067,-1.0000032095385067,-1.0000032552822646,-1.0000032552822673,-1.0000032095385063,-1.0000032095385072,-0.9999989188399158,-0.9999986587223338,-0.9999974695316738,0.9999986587223346,0.9999974695316717,-1.0000033180654935,-1.0000033180654948,-1.000003318065494,-1.0000033180654953,-1.000003318065494,-1.0000033180654964,1.0000033180654935,1.000003318065493,1.0000033180654906,1.000003318065491,1.0000033180654906,1.0000033180654915,0.9999968467756025,0.9999967774475437,-0.9999968467756045,-0.9999967774475418,1.0000033536473696,1.0000033536473694,1.0000033536473718,-1.0000033536473705,-1.0000033536473698,-1.0000033536473707,-0.9999963896134174,-0.9999963495628518,0.9999963896134161,0.9999963495628486,0.9999962177801534,-0.9999962177801546
1.000002496337595,-1.0000030247594127,-1.000003024759417,-1.0000030247594154,-1.00000068693736,1.0000032095385105,1.0000032095385092,1.000003209538511,1.00000320953851,1.0000032095385087,1.0000032095385092,0.9999989188399154,-1.000002542081348,1.0000030247594136,1.0000030247594123,1.0000000021493063,1.0000006869373594,-1.0000032095385054,-1.000003209538505,-1.000003209538508,-1.0000032095385059,-1.0000032552822604,-1.0000032552822655,-0.9999989188399139,-0.9999986587223342,-0.9999974695316732,0.9999986587223333,0.9999974695316716,-1.0000033180654926,-1.000003318065494,-1.000003318065494,-1.0000033180654941,-1.0000033180654935,-1.0000033180654937,1.0000033180654926,1.0000033180654915,1.0000033180654897,1.0000033180654897,1.0000033180654906,1.0000033180654913,0.9999968467756014,0.9999967774475431,-0.9999968467756042,-0.9999967774475409,1.0000033536473683,1.0000033536473683,1.0000033536473718,-1.0000033536473691,-1.000003353647369,-1.0000033536473683,-0.999996389613417,-0.9999963495628502,0.9999963896134147,0.9999963495628474,0.9999962177801531,-0.9999962177801537
1.00000015851497,-1.0000006869373568,-1.000000686937363,-1.0000006869373619,-0.999998349113378,1.0000008717167996,1.0000008717168,1.0000008717167992,1.0000008717168,1.000000871716799,1.0000008717167983,0.9999965810146431,-1.0000002042587217,1.0000006869373603,1.0000006869373597,1.0000006869373594,0.9999999988269282,-1.0000008717167963,-1.0000008717167952,-1.0000008717167983,-1.0000008717167952,-1.000000871716795,-1.0000008717167954,-0.9999966267584004,-0.9999963208972189,-0.9999951317052237,0.9999963208972192,0.999995131705221,-1.0000009802440193,-1.000000980244019,-1.0000009802440184,-1.0000009802440188,-1.0000009802440186,-1.00000098024402,1.000000980244019,1.0000009802440177,1.0000009802440153,1.0000009802440162,1.0000009802440153,1.0000009802440155,0.999994508948648,0.9999944396207525,-0.9999945089486514,-0.9999944396207512,1.0000010158259773,1.000001015825978,1.0000010158259809,-1.0000010158259793,-1.0000010158259796,-1.0000010158259791,-0.9999940517863188,-0.9999940117358508,0.9999940517863164,0.9999940117358501,0.9999938799530516,-0.9999938799530519
-1.0000026811167786,1.000003209538505,1.0000032095385114,1.0000032095385092,1.0000008717167976,-1.0000033943175566,-1.0000033943175555,-1.0000033943175566,-1.0000033943175561,-1.0000033943175548,-1.0000033943175552,-0.9999991036195965,1.000002681116773,-1.0000032552822666,-1.0000032095385067,-1.0000032095385054,-1.0000008717167963,1.0000000024119036,1.0000033943175515,1.0000033943175535,1.0000033943175508,1.00000339431755,1.0000033943175515,0.999999103619594,0.999998843502012,0.9999976543115656,-0.9999988435020116,-0.999997654311563,1.000003502844507,1.000003502844506,1.0000035028445078,1.0000035028445078,1.000003502844507,1.0000035028445073,-1.0000035485882608,-1.0000035028445058,-1.0000035028445031,-1.000003502844504,-1.000003502844504,-1.000003502844505,-0.9999970315555861,-0.9999969622275132,0.999997031555588,0.999996962227511,-1.0000035384263708,-1.0000035384263712,-1.0000035384263726,1.000003538426373,1.0000035384263721,1.0000035384263721,0.9999965743934418,0.999996534342868,-0.9999965743934395,-0.9999965343428658,-0.9999964025601907,0.9999964025601903
-1.0000026811167777,1.0000032095385036,1.0000032095385092,1.0000032095385092,1.0000008717167972,-1.0000033943175566,-1.000003394317555,-1.0000033943175566,-1.0000033943175557,-1.0000033943175552,-1.0000033943175555,-0.9999991036195962,1.0000026811167717,-1.0000032552822624,-1.0000032095385067,-1.000003209538505,-1.0000008717167952,1.0000033943175515,1.0000000024119036,1.0000033943175524,1.0000033943175528,1.0000033943175515,1.0000033943175501,0.9999991036195943,0.9999988435020118,0.9999976543115652,-0.9999988435020114,-0.999997654311563,1.0000035028445065,1.000003502844507,1.000003502844507,1.0000035028445078,1.000003502844507,1.0000035028445073,-1.000003502844507,-1.0000035485882646,-1.0000035028445027,-1.0000035028445033,-1.000003502844504,-1.0000035028445042,-0.9999970315555855,-0.9999969622275127,0.999997031555588,0.999996962227511,-1.0000035384263708,-1.0000035384263708,-1.0000035384263735,1.0000035384263721,1.0000035384263726,1.0000035384263715,0.9999965743934416,0.9999965343428675,-0.9999965743934399,-0.9999965343428661,-0.9999964025601894,0.9999964025601892
-1.0000026811167797,1.0000032095385054,1.0000032095385119,1.0000032095385105,1.0000008717167983,-1.0000033943175575,-1.0000033943175555,-1.0000033943175575,-1.0000033943175566,-1.0000033943175552,-1.000003394317557,-0.9999991036195962,1.000002681116773,-1.0000032095385079,-1.0000032552822646,-1.000003209538508,-1.0000008717167983,1.0000033943175535,1.0000033943175524,1.0000000024119036,1.0000033943175524,1.000003394317553,1.0000033943175524,0.9999991036195962,0.999998843502013,0.9999976543115676,-0.9999988435020111,-0.9999976543115645,1.000003502844508,1.0000035028445073,1.000003502844509,1.0000035028445082,1.0000035028445073,1.0000035028445102,-1.000003502844508,-1.0000035028445078,-1.0000035485882608,-1.0000035028445056,-1.0000035028445056,-1.0000035028445051,-0.9999970315555871,-0.9999969622275141,0.999997031555589,0.9999969622275119,-1.0000035384263717,-1.000003538426372,-1.000003538426375,1.000003538426374,1.0000035384263726,1.0000035384263726,0.9999965743934435,0.9999965343428688,-0.9999965743934407,-0.9999965343428672,-0.99999640256019,0.9999964025601926
-1.0000026811167784,1.000003209538504,1.0000032095385096,1.0000032095385099,1.0000008717167972,-1.0000033943175548,-1.0000033943175548,-1.0000033943175561,-1.0000033943175557,-1.0000033943175552,-1.000003394317555,-0.9999991036195962,1.000002681116773,-1.000003209538506,-1.0000032552822673,-1.0000032095385059,-1.0000008717167952,1.0000033943175508,1.0000033943175528,1.0000033943175524,1.0000000024119036,1.000003394317551,1.000003394317551,0.999999103619594,0.9999988435020112,0.9999976543115656,-0.9999988435020118,-0.9999976543115641,1.000003502844507,1.000003502844507,1.000003502844507,1.000003502844507,1.000003502844507,1.000003502844508,-1.0000035028445067,-1.000003502844505,-1.0000035028445033,-1.0000035485882641,-1.0000035028445031,-1.0000035028445045,-0.9999970315555855,-0.9999969622275128,0.9999970315555876,0.9999969622275108,-1.0000035384263706,-1.0000035384263706,-1.000003538426373,1.0000035384263721,1.0000035384263726,1.0000035384263708,0.9999965743934421,0.9999965343428672,-0.9999965743934395,-0.9999965343428661,-0.9999964025601894,0.9999964025601897
-1.0000026811167777,1.0000032095385036,1.0000032095385105,1.0000032095385092,1.000000871716797,-1.0000033943175557,-1.0000033943175541,-1.0000033943175561,-1.0000033943175557,-1.0000033943175548,-1.0000033943175555,-0.9999991036195954,1.0000026811167717,-1.0000032095385065,-1.0000032095385063,-1.0000032552822604,-1.000000871716795,1.00000339431755,1.0000033943175515,1.000003394317553,1.000003394317551,1.0000000024119036,1.000003394317551,0.9999991036195941,0.9999988435020112,0.9999976543115654,-0.9999988435020112,-0.9999976543115627,1.000003502844507,1.000003502844507,1.0000035028445065,1.000003502844506,1.0000035028445062,1.0000035028445073,-1.0000035028445056,-1.0000035028445045,-1.000003502844503,-1.0000035028445031,-1.0000035485882626,-1.0000035028445042,-0.9999970315555855,-0.9999969622275127,0.9999970315555866,0.9999969622275106,-1.0000035384263706,-1.0000035384263704,-1.0000035384263726,1.0000035384263717,1.0000035384263715,1.0000035384263708,0.9999965743934416,0.9999965343428675,-0.9999965743934389,-0.9999965343428661,-0.9999964025601894,0.9999964025601888
-1.0000026811167777,1.000003209538504,1.0000032095385105,1.0000032095385092,1.0000008717167976,-1.0000033943175555,-1.0000033943175546,-1.0000033943175566,-1.0000033943175557,-1.0000033943175552,-1.0000033943175555,-0.9999991036195962,1.0000026811167722,-1.0000032095385072,-1.0000032095385072,-1.0000032552822655,-1.0000008717167954,1.0000033943175515,1.0000033943175501,1.0000033943175524,1.000003394317551,1.000003394317551,1.0000000024119036,0.999999103619594,0.9999988435020111,0.9999976543115656,-0.9999988435020108,-0.9999976543115632,1.0000035028445065,1.0000035028445062,1.000003502844507,1.0000035028445078,1.000003502844507,1.000003502844508,-1.000003502844507,-1.0000035028445058,-1.0000035028445036,-1.0000035028445033,-1.0000035028445036,-1.0000035485882621,-0.9999970315555852,-0.9999969622275127,0.9999970315555871,0.999996962227511,-1.0000035384263708,-1.0000035384263712,-1.000003538426373,1.0000035384263712,1.0000035384263721,1.0000035384263717,0.9999965743934408,0.999996534342868,-0.9999965743934395,-0.9999965343428653,-0.9999964025601903,0.9999964025601903
-0.999998390417136,0.999998918839913,0.999998918839919,0.9999989188399173,0.9999965810146436,-0.9999991036195987,-0.9999991036195975,-0.999999103619599,-0.9999991036195973,-0.9999991036195972,-0.9999991036195981,-0.9999948129150612,0.9999983904171298,-0.9999989188399141,-0.9999989188399158,-0.9999989188399139,-0.9999966267584004,0.999999103619594,0.9999991036195943,0.9999991036195962,0.999999103619594,0.9999991036195941,0.999999103619594,0.9999999963142086,0.9999945527977656,0.999993363604854,-0.9999945985415248,-0.9999934093486127,0.9999992121469826,0.999999212146984,0.9999992121469845,0.9999992121469858,0.9999992121469847,0.9999992121469855,-0.9999992121469845,-0.999999212146984,-0.9999992121469814,-0.9999992121469815,-0.9999992121469817,-0.9999992121469821,-0.9999927408479447,-0.9999926715201712,0.999992740847946,0.9999926715201695,-0.9999992477290032,-0.9999992477290038,-0.9999992477290075,0.9999992477290057,0.9999992477290062,0.9999992477290048,0.9999922836855333,0.9999922436351418,-0.9999922836855311,-0.9999922436351404,-0.9999921118522717,0.9999921118522732
-0.999998130299584,0.999998658722331,0.9999986587223385,0.9999986587223366,0.9999963208972196,-0.999998843502016,-0.9999988435020162,-0.9999988435020157,-0.999998843502016,-0.9999988435020154,-0.999998843502016,-0.9999945985415267,0.9999981302995764,-0.9999986587223336,-0.9999986587223338,-0.9999986587223342,-0.9999963208972189,0.999998843502012,0.9999988435020118,0.999998843502013,0.9999988435020112,0.9999988435020112,0.9999988435020111,0.9999945527977656,0.9999999959445449,0.9999931034876567,-0.9999942926805109,-0.9999931034876554,0.9999989520294053,0.9999989520294053,0.9999989520294058,0.9999989520294056,0.9999989520294056,0.9999989520294067,-0.9999989520294059,-0.9999989520294048,-0.9999989520294029,-0.9999989520294028,-0.9999989520294029,-0.9999989520294045,-0.9999924807307887,-0.999992411403034,0.9999924807307904,0.9999924114030327,-0.9999989876114241,-0.9999989876114257,-0.999998987611427,0.9999989876114262,0.9999989876114252,0.9999989876114255,0.9999920235684222,0.9999919835180419,-0.9999920235684205,-0.9999919835180399,-0.9999918517351815,0.9999918517351821
-0.9999969411085464,0.9999974695316722,0.9999974695316783,0.9999974695316762,0.9999951317052235,-0.9999976543115701,-0.9999976543115692,-0.9999976543115705,-0.9999976543115694,-0.999997654311569,-0.9999976543115697,-0.9999934093486122,0.9999969411085414,-0.9999974695316735,-0.9999974695316738,-0.9999974695316732,-0.9999951317052237,0.9999976543115656,0.9999976543115652,0.9999976543115676,0.9999976543115656,0.9999976543115654,0.9999976543115656,0.999993363604854,0.9999931034876567,0.999999994254533,-0.999993103487657,-0.9999919142939238,0.9999977628391029,0.9999977628391035,0.9999977628391037,0.9999977628391037,0.9999977628391037,0.9999977628391042,-0.9999977628391024,-0.9999977628391031,-0.9999977628391005,-0.9999977628391008,-0.9999977628391005,-0.9999977628391014,-0.9999913372804636,-0.9999912679527923,0.9999912915367103,0.9999912222090354,-0.9999977984211732,-0.9999977984211738,-0.9999977984211751,0.9999977984211743,0.9999977984211732,0.9999977984211726,0.9999908343742098,0.9999907943238807,-0.9999908343742065,-0.9999907943238783,-0.9999906625409493,0.9999906625409493
0.9999981302995832,-0.9999986587223315,-0.9999986587223376,-0.999998658722338,-0.9999963208972198,0.9999988435020163,0.9999988435020154,0.9999988435020163,0.9999988435020152,0.9999988435020148,0.9999988435020148,0.9999945527977677,-0.9999981302995758,0.9999986587223342,0.9999986587223346,0.9999986587223333,0.9999963208972192,-0.9999988435020116,-0.9999988435020114,-0.9999988435020111,-0.9999988435020118,-0.9999988435020112,-0.9999988435020108,-0.9999945985415248,-0.9999942926805109,-0.999993103487657,0.9999999959445449,0.9999931034876544,-0.9999989520294058,-0.9999989520294053,-0.9999989520294058,-0.9999989520294061,-0.9999989520294058,-0.9999989520294077,0.9999989520294058,0.9999989520294054,0.9999989520294016,0.9999989520294016,0.999998952029402,0.9999989520294034,0.9999924807307885,0.9999924114030339,-0.9999924807307907,-0.999992411403032,0.9999989876114241,0.9999989876114241,0.9999989876114276,-0.9999989876114255,-0.9999989876114257,-0.9999989876114251,-0.999992023568421,-0.9999919835180425,0.9999920235684202,0.9999919835180401,0.9999918517351811,-0.9999918517351828
0.9999969411085444,-0.99999746953167,-0.999997469531676,-0.9999974695316743,-0.9999951317052218,0.9999976543115683,0.9999976543115675,0.9999976543115684,0.9999976543115675,0.9999976543115675,0.9999976543115673,0.999993363604854,-0.9999969411085393,0.9999974695316711,0.9999974695316717,0.9999974695316716,0.999995131705221,-0.999997654311563,-0.999997654311563,-0.9999976543115645,-0.9999976543115641,-0.9999976543115627,-0.9999976543115632,-0.9999934093486127,-0.9999931034876554,-0.9999919142939238,0.9999931034876544,0.999999994254533,-0.9999977628391019,-0.999997762839101,-0.9999977628391012,-0.9999977628391024,-0.9999977628391021,-0.9999977628391021,0.9999977628391008,0.9999977628391005,0.9999977628390976,0.9999977628390986,0.9999977628390978,0.9999977628390991,0.9999912915367063,0.9999912222090342,-0.9999913372804669,-0.9999912679527876,0.9999977984211705,0.9999977984211704,0.9999977984211734,-0.999997798421171,-0.9999977984211705,-0.9999977984211708,-0.9999908343742077,-0.9999907943238783,0.9999908343742036,0.9999907943238753,0.9999906625409468,-0.9999906625409472
-1.0000027896438266,1.000003318065492,1.000003318065498,1.0000033180654977,1.0000009802440204,-1.0000035485882686,-1.0000035028445102,-1.0000035028445113,-1.000003502844511,-1.0000035028445096,-1.0000035028445111,-0.9999992121469866,1.0000027896438208,-1.0000033180654948,-1.0000033180654935,-1.0000033180654926,-1.0000009802440193,1.000003502844507,1.0000035028445065,1.000003502844508,1.000003502844507,1.000003502844507,1.0000035028445065,0.9999992121469826,0.9999989520294053,0.9999977628391029,-0.9999989520294058,-0.9999977628391019,1.0000000025661355,1.0000036113714417,1.0000036113714403,1.0000036113714414,1.000003611371442,1.0000036113714412,-1.0000036113714403,-1.0000036113714401,-1.0000036113714375,-1.0000036113714377,-1.0000036113714377,-1.0000036113714394,-0.9999971400831864,-0.9999970707551052,0.9999971400831872,0.9999970707551031,-1.000003692697055,-1.0000036469532985,-1.0000036469533007,1.0000036469533002,1.0000036469533,1.0000036469532996,0.9999966829210729,0.9999966428704928,-0.9999966829210697,-0.9999966428704906,-0.9999965110878265,0.9999965110878288
-1.0000027896438277,1.0000033180654915,1.000003318065498,1.0000033180654968,1.000000980244021,-1.0000035028445111,-1.0000035485882681,-1.0000035028445116,-1.0000035028445107,-1.0000035028445096,-1.0000035028445105,-0.9999992121469855,1.0000027896438217,-1.0000033180654953,-1.0000033180654948,-1.000003318065494,-1.000000980244019,1.000003502844506,1.000003502844507,1.0000035028445073,1.000003502844507,1.000003502844507,1.0000035028445062,0.999999212146984,0.9999989520294053,0.9999977628391035,-0.9999989520294053,-0.999997762839101,1.0000036113714417,1.0000000025661355,1.0000036113714406,1.0000036113714412,1.000003611371441,1.0000036113714426,-1.0000036113714408,-1.0000036113714394,-1.0000036113714372,-1.0000036113714377,-1.0000036113714377,-1.0000036113714388,-0.9999971400831851,-0.9999970707551052,0.9999971400831873,0.9999970707551034,-1.0000036926970546,-1.0000036469532978,-1.000003646953301,1.0000036469533002,1.0000036469532996,1.0000036469532991,0.9999966829210731,0.9999966428704934,-0.9999966829210699,-0.9999966428704906,-0.9999965110878267,0.9999965110878275
-1.0000027896438266,1.0000033180654915,1.0000033180654977,1.0000033180654966,1.0000009802440206,-1.0000035028445116,-1.0000035028445107,-1.0000035485882683,-1.000003502844511,-1.0000035028445107,-1.0000035028445107,-0.9999992121469861,1.0000027896438206,-1.000003318065494,-1.000003318065494,-1.000003318065494,-1.0000009802440184,1.0000035028445078,1.000003502844507,1.000003502844509,1.000003502844507,1.0000035028445065,1.000003502844507,0.9999992121469845,0.9999989520294058,0.9999977628391037,-0.9999989520294058,-0.9999977628391012,1.0000036113714403,1.0000036113714406,1.0000000025661355,1.0000036113714412,1.0000036113714412,1.0000036113714423,-1.0000036113714412,-1.0000036113714403,-1.0000036113714368,-1.0000036113714372,-1.0000036113714381,-1.0000036113714375,-0.9999971400831859,-0.9999970707551056,0.9999971400831883,0.9999970707551028,-1.000003646953298,-1.0000036926970541,-1.0000036469533002,1.000003646953301,1.0000036469532985,1.0000036469532991,0.9999966829210727,0.999996642870492,-0.9999966829210708,-0.9999966428704906,-0.9999965110878275,0.9999965110878276
-1.0000027896438266,1.0000033180654924,1.000003318065498,1.000003318065498,1.0000009802440208,-1.0000035028445118,-1.0000035028445107,-1.0000035028445118,-1.0000035485882681,-1.0000035028445105,-1.0000035028445116,-0.9999992121469852,1.000002789643822,-1.0000033180654948,-1.0000033180654953,-1.0000033180654941,-1.0000009802440188,1.0000035028445078,1.0000035028445078,1.0000035028445082,1.000003502844507,1.000003502844506,1.0000035028445078,0.9999992121469858,0.9999989520294056,0.9999977628391037,-0.9999989520294061,-0.9999977628391024,1.0000036113714414,1.0000036113714412,1.0000036113714412,1.0000000025661355,1.0000036113714412,1.0000036113714426,-1.0000036113714401,-1.0000036113714408,-1.0000036113714381,-1.0000036113714383,-1.0000036113714377,-1.0000036113714388,-0.9999971400831856,-0.999997070755106,0.9999971400831881,0.9999970707551031,-1.0000036469532985,-1.0000036926970541,-1.000003646953301,1.0000036469533,1.0000036469532991,1.0000036469533005,0.9999966829210738,0.9999966428704932,-0.9999966829210721,-0.999996642870491,-0.9999965110878276,0.9999965110878275
-1.0000027896438273,1.0000033180654915,1.0000033180654984,1.0000033180654966,1.0000009802440204,-1.0000035028445113,-1.0000035028445107,-1.0000035028445118,-1.000003502844511,-1.0000035485882681,-1.0000035028445107,-0.9999992121469858,1.0000027896438206,-1.000003318065494,-1.000003318065494,-1.0000033180654935,-1.0000009802440186,1.000003502844507,1.000003502844507,1.0000035028445073,1.000003502844507,1.0000035028445062,1.000003502844507,0.9999992121469847,0.9999989520294056,0.9999977628391037,-0.9999989520294058,-0.9999977628391021,1.000003611371442,1.000003611371441,1.0000036113714412,1.0000036113714412,1.0000000025661355,1.0000036113714428,-1.0000036113714408,-1.0000036113714397,-1.0000036113714372,-1.0000036113714377,-1.0000036113714381,-1.0000036113714386,-0.9999971400831854,-0.9999970707551056,0.9999971400831873,0.9999970707551031,-1.0000036469532985,-1.0000036469532985,-1.0000036926970564,1.0000036469532991,1.0000036469532991,1.0000036469532987,0.9999966829210726,0.9999966428704928,-0.9999966829210699,-0.9999966428704907,-0.9999965110878273,0.9999965110878273
-1.0000027896438286,1.0000033180654928,1.0000033180655001,1.0000033180654977,1.0000009802440217,-1.0000035028445124,-1.0000035028445127,-1.0000035028445127,-1.0000035028445113,-1.0000035028445111,-1.0000035485882706,-0.9999992121469866,1.0000027896438226,-1.0000033180654955,-1.0000033180654964,-1.0000033180654937,-1.00000098024402,1.0000035028445073,1.0000035028445073,1.0000035028445102,1.000003502844508,1.0000035028445073,1.000003502844508,0.9999992121469855,0.9999989520294067,0.9999977628391042,-0.9999989520294077,-0.9999977628391021,1.0000036113714412,1.0000036113714426,1.0000036113714423,1.0000036113714426,1.0000036113714428,1.0000000025661355,-1.0000036113714412,-1.0000036113714414,-1.0000036113714383,-1.000003611371439,-1.0000036113714381,-1.0000036113714403,-0.999997140083187,-0.9999970707551061,0.9999971400831886,0.999997070755105,-1.0000036469532996,-1.000003646953301,-1.0000036926970604,1.0000036469533011,1.0000036469533011,1.0000036469533005,0.9999966829210745,0.9999966428704932,-0.9999966829210721,-0.9999966428704928,-0.999996511087828,0.9999965110878299
1.0000027896438255,-1.000003318065492,-1.000003318065498,-1.0000033180654964,-1.0000009802440193,1.000003502844511,1.0000035028445102,1.000003502844511,1.0000035028445107,1.0000035028445107,1.0000035028445102,0.9999992121469853,-1.0000027896438204,1.000003318065494,1.0000033180654935,1.0000033180654926,1.000000980244019,-1.0000035485882608,-1.000003502844507,-1.000003502844508,-1.0000035028445067,-1.0000035028445056,-1.000003502844507,-0.9999992121469845,-0.9999989520294059,-0.9999977628391024,0.9999989520294058,0.9999977628391008,-1.0000036113714403,-1.0000036113714408,-1.0000036113714412,-1.0000036113714401,-1.0000036113714408,-1.0000036113714412,1.0000000025661355,1.0000036113714388,1.0000036113714368,1.000003611371438,1.000003611371437,1.0000036113714375,0.9999971400831856,0.999997070755106,-0.9999971400831877,-0.9999970707551034,1.0000036469532982,1.0000036469532982,1.0000036469533007,-1.0000036926970577,-1.0000036469532991,-1.0000036469532996,-0.9999966829210718,-0.9999966428704928,0.9999966829210708,0.999996642870491,0.9999965110878265,-0.9999965110878276
1.0000027896438253,-1.000003318065491,-1.0000033180654964,-1.0000033180654964,-1.000000980244019,1.0000035028445093,1.0000035028445098,1.0000035028445107,1.0000035028445102,1.0000035028445105,1.0000035028445093,0.999999212146985,-1.000002789643819,1.0000033180654933,1.000003318065493,1.0000033180654915,1.0000009802440177,-1.0000035028445058,-1.0000035485882646,-1.0000035028445078,-1.000003502844505,-1.0000035028445045,-1.0000035028445058,-0.999999212146984,-0.9999989520294048,-0.9999977628391031,0.9999989520294054,0.9999977628391005,-1.0000036113714401,-1.0000036113714394,-1.0000036113714403,-1.0000036113714408,-1.0000036113714397,-1.0000036113714414,1.0000036113714388,1.0000000025661355,1.000003611371436,1.0000036113714368,1.0000036113714363,1.0000036113714368,0.999997140083184,0.9999970707551042,-0.9999971400831859,-0.9999970707551028,1.0000036469532978,1.0000036469532978,1.0000036469532991,-1.000003692697059,-1.0000036469532985,-1.0000036469532994,-0.9999966829210718,-0.9999966428704925,0.999996682921071,0.9999966428704896,0.9999965110878262,-0.9999965110878265
