0.9999999992946761,-0.99999976787344,1.0000000865799366,-0.9999964814584613,0.9999980140184385,0.9999955926136874,0.9999955926136899,-0.9999996112026545,-1.0000004002272536,1.0000001017674567,-1.0000004123482036,1.0000005139979875
-0.99999976787344,1.0000000001014115,-1.000000828225985,0.9999970383423601,-0.9999985709043274,-0.9999961494967401,-0.9999961494967428,1.0000001680907449,1.0000009571168378,-1.0000006586562997,1.0000009692375915,-1.0000010708876315
1.0000000865799366,-1.000000828225985,1.0000000008307504,-0.9999975417974731,0.9999990743620637,0.9999966529508414,0.9999966529508423,-1.000000856308255,-1.000001645336485,1.0000011621180125,-1.000001472700067,1.0000015743504909
-0.9999964814584613,0.9999970383423601,-0.9999975417974731,0.9999999956081738,-0.9999956539734467,-0.99999323255838,-0.9999932325583809,0.9999970664114828,0.9999978554461523,-0.9999975569804999,0.9999978675646797,-0.9999979692165237
0.9999980140184385,-0.9999985709043274,0.9999990743620637,-0.9999956539734467,0.999999997828323,0.9999945803699243,0.9999945803699277,-0.9999987837347843,-0.9999993880106639,0.9999990895462877,-0.9999994001298417,0.9999995017812339
0.9999955926136874,-0.9999961494967401,0.9999966529508414,-0.99999323255838,0.9999945803699243,0.9999999943205502,0.999992158955771,-0.9999961775644982,-0.9999969665994017,0.9999966681334984,-0.9999969787177293,0.9999970803696632
0.9999955926136899,-0.9999961494967428,0.9999966529508423,-0.9999932325583809,0.9999945803699277,0.999992158955771,0.9999999943205502,-0.999996177564502,-0.9999969665994038,0.9999966681335001,-0.9999969787177323,0.9999970803696664
-0.9999996112026545,1.0000001680907449,-1.000000856308255,0.9999970664114828,-0.9999987837347843,-0.9999961775644982,-0.999996177564502,1.000000000142091,1.0000009851998737,-1.0000008714938673,1.0000009973198019,-1.000001098970651
-1.0000004002272536,1.0000009571168378,-1.000001645336485,0.9999978554461523,-0.9999993880106639,-0.9999969665994017,-0.9999969665994038,1.0000009851998737,1.0000000012851153,-1.0000014757663802,1.0000017863483461,-1.0000020727555334
1.0000001017674567,-1.0000006586562997,1.0000011621180125,-0.9999975569804999,0.9999990895462877,0.9999966681334984,0.9999966681335001,-1.0000008714938673,-1.0000014757663802,1.0000000008527494,-1.0000016726434189,1.0000015895372218
-1.0000004123482036,1.0000009692375915,-1.000001472700067,0.9999978675646797,-0.9999994001298417,-0.9999969787177293,-0.9999969787177323,1.0000009973198019,1.0000017863483461,-1.0000016726434189,1.0000000013026733,-1.000002084876064
1.0000005139979875,-1.0000010708876315,1.0000015743504909,-0.9999979692165237,0.9999995017812339,0.9999970803696632,0.9999970803696664,-1.000001098970651,-1.0000020727555334,1.0000015895372218,-1.000002084876064,1.000000001449929
