1.00000000068893,-0.9999991232563742,0.9944524122622881,0.9944522248972975,0.6490109870263254,-0.6490135354390477,-0.6490095757521439,0.6490212181597317,0.6490093636409923,0.5653621312926692,-0.5653638893566713,-0.5653638893566728,0.5653690792081765,0.5653690792081781,0.05267606093435601,-0.05267598300956001,-0.5654188734544134,0.6490554633761954,0.6490113844117438,-0.6490131068532917,0.6490077358519276,-0.5653774626060082,0.5653970620588991,0.9504309604205551,-0.9778683605051202,-0.9778673760101356,-0.6490378624624976,-0.6490066009249553,0.6490038840300983,-0.6490045801388684,0.6490028734333785,-0.6490026396500903
-0.9999991232563742,1.000000000831259,-0.9944504861171278,-0.9944504652686845,-0.6490104496395492,0.6490129980542785,0.6490090383644906,-0.6490206807813724,-0.6490088262531182,-0.5653628405012349,0.565364598564543,0.5653645985645449,-0.5653697884139609,-0.5653697884139635,-0.05267527583927234,0.052675197914365375,0.5654195826399306,-0.649054926026621,-0.6490108470265211,0.649012569468618,-0.6490071984627624,0.5653781718083195,-0.565397771253217,-0.950431301310737,0.9778682924496406,0.9778676391398715,0.6490373250981002,0.6490060635348593,-0.6490033466381304,0.6490040427474636,-0.6490023360407302,0.6490021022572536
0.9944524122622881,-0.9944504861171278,1.0000000005709426,0.9778679736254413,0.725441036185755,-0.7254433330676491,-0.7254397365615246,0.7254502350516013,0.7254395372159178,0.47545526911923425,-0.47545713709440174,-0.4754571370944031,0.47546265390999864,0.47546265391000014,0.15743351494137242,-0.15743346944353626,-0.47551562660512164,0.7254809889275361,0.7254412295911576,-0.7254428835485169,0.7254380566808392,-0.47547157188526445,0.47549243756273085,0.9124479392249083,-0.9944502088620667,-0.9504315077270469,-0.7254651906892462,-0.7254370359431439,0.7254345456650605,-0.7254351737590687,0.7254336156354579,-0.7254334045255375
0.9944522248972975,-0.9944504652686845,0.9778679736254413,1.0000000007767098,0.5653762887284107,-0.5653790603987044,-0.5653747814624341,0.5653874386212769,0.5653745589391684,0.6489976013287083,-0.6489992299683814,-0.648999229968383,0.6490040352523125,0.6490040352523149,-0.052669091832049424,0.052669201319770154,-0.6490500983693044,0.5654247952499837,0.5653768856899865,-0.5653786575031073,0.565372801955878,-0.6490117910229467,0.6490299067111619,0.9778677569372111,-0.9504322304614474,-0.9944502882962596,-0.5654055869313012,-0.56537156543095,0.565368652062985,-0.565369408463561,0.5653675721117147,-0.5653673182487667
0.6490109870263254,-0.6490104496395492,0.725441036185755,0.5653762887284107,1.0000000034654555,-1.0000028521513034,-1.0000027499274768,1.000004442345657,1.0000046381523156,-0.26059958096698116,0.2605975745350606,0.2605975745350603,-0.26059163338987934,-0.2605916333898823,0.7939134633326684,-0.7939136441446836,0.26053433157378975,1.0000027924269872,1.0000036557652863,-1.000004347482832,1.0000045813312652,0.26058198997964216,-0.26055932584996944,0.38028234123177707,-0.7938210536617326,-0.4754674757839681,-1.0000037000327962,-1.0000046250341124,1.0000043916257522,-1.0000043794536433,1.0000042778517522,-1.0000042807180405
-0.6490135354390477,0.6490129980542785,-0.7254433330676491,-0.5653790603987044,-1.0000028521513034,1.0000000033757368,1.0000046291203006,-1.0000024374357588,-1.000002633188924,0.26059627880545166,-0.26059427237162147,-0.26059427237162164,0.26058833122085545,0.2605883312208583,-0.793911344048316,0.7939115248594356,-0.2605310293520766,-1.0000027297527274,-1.0000035928915205,1.0000042846145705,-1.0000045184382924,-0.26057868780172533,0.26055602365165936,-0.3802854650036769,0.7938230735234794,0.4754704399520387,1.0000036372772154,1.0000045621359528,-1.0000043287162013,1.0000043165472403,-1.0000042149380255,1.0000042178032609
-0.6490095757521439,0.6490090383644906,-0.7254397365615246,-0.5653747814624341,-1.0000027499274768,1.0000046291203006,1.000000003229863,-1.0000042772192959,-1.0000044730528372,0.26060119289800576,-0.26059918646743807,-0.26059918646743785,0.26059324532622924,0.26059324532623207,-0.7939143745387907,0.7939145553512273,-0.26053594354785914,-1.0000026272213365,-1.0000034906599322,1.000004182374636,-1.0000044162354795,-0.2605836019223592,0.26056093780736855,-0.380280693043081,0.7938198801097677,0.4754658892536223,1.0000035348679035,1.000004459940921,-1.000004226538322,1.0000042143646304,-1.0000041127664485,1.000004115633269
0.6490212181597317,-0.6490206807813724,0.7254502350516013,0.5653874386212769,1.000004442345657,-1.0000024374357588,-1.0000042772192959,1.0000000028737397,1.0000042233631417,-0.26058614776426225,0.2605841413248929,0.2605841413248927,-0.2605782001579452,-0.2605782001579481,0.7939047419602657,-0.7939049227686686,0.26052089813667506,1.000002378495654,1.0000032410247504,-1.000001990687296,1.000004166513192,0.26056855671311047,-0.260545892504026,0.38029494860667545,-0.7938291181768712,-0.4754794206953825,-1.0000013436938433,-1.0000042101949618,1.0000039767402942,-1.0000039645809453,1.0000038629493802,-1.000003865811396
0.6490093636409923,-0.6490088262531182,0.7254395372159178,0.5653745589391684,1.0000046381523156,-1.000002633188924,-1.0000044730528372,1.0000042233631417,1.0000000031530156,-0.2606014036833803,0.2605993972530768,0.26059939725307696,-0.260593456112641,-0.2605934561126436,0.793914473374858,-0.7939146541873111,0.26053615434164973,1.0000025733546904,1.0000034368068265,-1.0000041285208672,1.0000043623833312,0.2605838127099909,-0.2605611485979314,0.3802804571923898,-0.7938196957418692,-0.4754656587878641,-1.0000034810067868,-1.000002464011516,1.000004172687421,-1.0000041605135188,1.0000040589158365,-1.0000040617827257
0.5653621312926692,-0.5653628405012349,0.47545526911923425,0.6489976013287083,-0.26059958096698116,0.26059627880545166,0.26060119289800576,-0.26058614776426225,-0.2606014036833803,0.9999999989938576,-0.999996703380052,-0.9999967033800523,0.9999987900839338,0.9999987900839389,-0.7939158347570406,0.793916129681471,-0.9999998532552226,-0.26054090104460875,-0.2605977741782716,0.2605963383262111,-0.2606034077749351,-0.9999989733823789,0.9999992729939495,0.7938130175571507,-0.38027200038927705,-0.7254304376374024,0.2605642209893124,0.26060489540307114,-0.2606080901361703,0.26060719356298406,-0.26060924924994305,0.2606095490333142
-0.5653638893566713,0.565364598564543,-0.47545713709440174,-0.6489992299683814,0.2605975745350606,-0.26059427237162147,-0.26059918646743807,0.2605841413248929,0.2605993972530768,-0.999996703380052,0.9999999990732594,0.9999987011037523,-0.9999969036652603,-0.9999988457428968,0.7939146061762244,-0.7939149011004513,0.9999999090383618,0.2605388945806638,0.2605957677478317,-0.2605943318933898,0.2606014013460099,0.9999990290622315,-0.9999993287228416,-0.7938143347643207,0.3802739575468896,0.7254319187790224,-0.2605622145379059,-0.2606028889749759,0.26060608371056715,-0.2606051871368492,0.2606072428253082,-0.2606075426088602
-0.5653638893566728,0.5653645985645449,-0.4754571370944031,-0.648999229968383,0.2605975745350603,-0.26059427237162164,-0.26059918646743785,0.2605841413248927,0.26059939725307696,-0.9999967033800523,0.9999987011037523,0.9999999990732594,-0.9999988457428933,-0.99999690366527,0.7939146061762258,-0.7939149011004527,0.9999999090383636,0.260538894580664,0.26059576774783194,-0.26059433189338965,0.26060140134600995,0.9999990290622324,-0.9999993287228428,-0.7938143347643226,0.3802739575468899,0.7254319187790235,-0.2605622145379059,-0.2606028889749761,0.26060608371056704,-0.2606051871368491,0.2606072428253083,-0.26060754260885993
0.5653690792081765,-0.5653697884139609,0.47546265390999864,0.6490040352523125,-0.26059163338987934,0.26058833122085545,0.26059324532622924,-0.2605782001579452,-0.260593456112641,0.9999987900839338,-0.9999969036652603,-0.9999988457428933,0.9999999992796806,0.9999989904201718,-0.793910955608278,0.793911250531875,-1.0000000540830125,-0.2605329533419204,-0.26058982660706853,0.26058839074560597,-0.2605954602096072,-0.999997231723676,0.9999994736070058,0.7938182157950389,-0.3802797401070765,-0.7254362861690684,0.2605562733357916,0.260596947841,-0.26060014258389985,0.26059924600862644,-0.2606013017014821,0.26060160148556155
0.5653690792081781,-0.5653697884139635,0.47546265391000014,0.6490040352523149,-0.2605916333898823,0.2605883312208583,0.26059324532623207,-0.2605782001579481,-0.2605934561126436,0.9999987900839389,-0.9999988457428968,-0.99999690366527,0.9999989904201718,0.9999999992796806,-0.793910955608284,0.7939112505318804,-1.0000000540830174,-0.2605329533419231,-0.26058982660707114,0.2605883907456086,-0.2605954602096097,-0.9999972317236825,0.9999994736070128,0.7938182157950429,-0.38027974010707716,-0.7254362861690713,0.2605562733357941,0.26059694784100257,-0.2606001425839024,0.26059924600862927,-0.2606013017014847,0.2606016014855641
0.05267606093435601,-0.05267527583927234,0.15743351494137242,-0.052669091832049424,0.7939134633326684,-0.793911344048316,-0.7939143745387907,0.7939047419602657,0.793914473374858,-0.7939158347570406,0.7939146061762244,0.7939146061762258,-0.793910955608278,-0.793910955608284,0.9999999997937115,-0.9999980684081776,0.7938755372812173,0.7938752067167522,0.7939115688376539,-0.7939111001797641,0.7939156997562977,0.7939049977595846,-0.7938909128916931,-0.2604426827792901,-0.2604442233024659,0.15742941457721538,-0.7938904650935044,-0.7939166641801872,0.7939185292091184,-0.7939179568861648,0.7939191875596754,-0.7939193781668354
-0.05267598300956001,0.052675197914365375,-0.15743346944353626,0.052669201319770154,-0.7939136441446836,0.7939115248594356,0.7939145553512273,-0.7939049227686686,-0.7939146541873111,0.793916129681471,-0.7939149011004513,-0.7939149011004527,0.793911250531875,0.7939112505318804,-0.9999980684081776,1.000000000221249,-0.79387389012111,-0.7938734454353475,-0.7939117496490258,0.793911280990826,-0.7939158805692447,-0.7939052926820929,0.7938912078118561,0.26044285141077517,0.26044421073653273,-0.15742955441277365,0.7938906458960501,0.7939168449935337,-0.793918710023283,0.7939181377000913,-0.7939193683741268,0.7939195589813651
-0.5654188734544134,0.5654195826399306,-0.47551562660512164,-0.6490500983693044,0.26053433157378975,-0.2605310293520766,-0.26053594354785914,0.26052089813667506,0.26053615434164973,-0.9999998532552226,0.9999999090383618,0.9999999090383636,-1.0000000540830125,-1.0000000540830174,0.7938755372812173,-0.79387389012111,1.0000000008000125,0.2604756506442473,0.26053252483413325,-0.26053108890553295,0.26053815847680106,1.000000238059631,-0.9999985971854208,-0.7938533881210403,0.38033530341903116,0.7254781069745576,-0.260498970983096,-0.2605396461310744,0.2605428409433003,-0.260541944353345,0.2605440000878606,-0.2605442998769267
0.6490554633761954,-0.649054926026621,0.7254809889275361,0.5654247952499837,1.0000027924269872,-1.0000027297527274,-1.0000026272213365,1.000002378495654,1.0000025733546904,-0.26054090104460875,0.2605388945806638,0.260538894580664,-0.2605329533419204,-0.2605329533419231,0.7938752067167522,-0.7938734454353475,0.2604756506442473,1.0000000005218188,1.000001591179868,-1.0000022829966222,1.0000025164080064,0.26052330978304555,-0.2605006453122248,0.38033725441412225,-0.7938540973476228,-0.4755194741540869,-0.999999695460832,-1.0000025600188054,1.000002326408198,-1.0000023142917656,1.0000022125604107,-1.0000022154080677
0.6490113844117438,-0.6490108470265211,0.7254412295911576,0.5653768856899865,1.0000036557652863,-1.0000035928915205,-1.0000034906599322,1.0000032410247504,1.0000034368068265,-0.2605977741782716,0.2605957677478317,0.26059576774783194,-0.26058982660706853,-0.26058982660707114,0.7939115688376539,-0.7939117496490258,0.26053252483413325,1.000001591179868,1.0000000017511879,-1.000001204068059,1.0000033799826138,0.2605801832040867,-0.2605575190916744,0.38028331532880244,-0.7938210409403228,-0.47546826569619993,-1.000002498747602,-1.0000034236830424,1.0000031902697688,-1.0000031780991028,1.0000030764940082,-1.0000030793598167
-0.6490131068532917,0.649012569468618,-0.7254428835485169,-0.5653786575031073,-1.000004347482832,1.0000042846145705,1.000004182374636,-1.000001990687296,-1.0000041285208672,0.2605963383262111,-0.2605943318933898,-0.26059433189338965,0.26058839074560597,0.2605883907456086,-0.7939111001797641,0.793911280990826,-0.26053108890553295,-1.0000022829966222,-1.000001204068059,1.000000002738246,-1.0000021296153494,-0.26057874733130165,0.26055608319257606,-0.3802851265670205,0.7938226080592463,0.4754700672177651,1.0000031905250493,1.0000041153909003,-1.0000038819718886,1.0000038698027658,-1.0000037681939913,1.0000037710592797
0.6490077358519276,-0.6490071984627624,0.7254380566808392,0.565372801955878,1.0000045813312652,-1.0000045184382924,-1.0000044162354795,1.000004166513192,1.0000043623833312,-0.2606034077749351,0.2606014013460099,0.26060140134600995,-0.2605954602096072,-0.2605954602096097,0.7939156997562977,-0.7939158805692447,0.26053815847680106,1.0000025164080064,1.0000033799826138,-1.0000021296153494,1.0000000030719427,0.26058581681337856,-0.26056315271618463,0.38027850153341636,-0.7938183788907492,-0.4754637921092729,-1.000003424109998,-1.0000024072019391,1.0000041158849424,-1.0000021616314818,1.0000040021159367,-1.00000400498347
-0.5653774626060082,0.5653781718083195,-0.47547157188526445,-0.6490117910229467,0.26058198997964216,-0.26057868780172533,-0.2605836019223592,0.26056855671311047,0.2605838127099909,-0.9999989733823789,0.9999990290622315,0.9999990290622324,-0.999997231723676,-0.9999972317236825,0.7939049977595846,-0.7939052926820929,1.000000238059631,0.26052330978304555,0.2605801832040867,-0.26057874733130165,0.26058581681337856,0.9999999995414297,-0.9999977152458812,-0.7938244660263352,0.38028909369801706,0.7254433282434188,-0.26054662983510113,-0.2605873044486295,0.2605904992032154,-0.2605896026254675,0.26059165832534265,-0.2605919581102621
0.5653970620588991,-0.565397771253217,0.47549243756273085,0.6490299067111619,-0.26055932584996944,0.26055602365165936,0.26056093780736855,-0.260545892504026,-0.2605611485979314,0.9999992729939495,-0.9999993287228416,-0.9999993287228428,0.9999994736070058,0.9999994736070128,-0.7938909128916931,0.7938912078118561,-0.9999985971854208,-0.2605006453122248,-0.2605575190916744,0.26055608319257606,-0.26056315271618463,-0.9999977152458812,0.9999999999699706,0.7938390297746482,-0.38031099405598523,-0.7254597591293651,0.2605239654977126,0.26056464036029253,-0.2605678351418685,0.2605669385584284,-0.2605689942745123,0.2605692940613661
0.9504309604205551,-0.950431301310737,0.9124479392249083,0.9778677569372111,0.38028234123177707,-0.3802854650036769,-0.380280693043081,0.38029494860667545,0.3802804571923898,0.7938130175571507,-0.7938143347643207,-0.7938143347643226,0.7938182157950389,0.7938182157950429,-0.2604426827792901,0.26044285141077517,-0.7938533881210403,0.38033725441412225,0.38028331532880244,-0.3802851265670205,0.38027850153341636,-0.7938244660263352,0.7938390297746482,1.000000001002619,-0.8643373915857832,-0.9944504508686778,-0.38031548626224826,-0.3802771039554818,0.38027389645754334,-0.3802747476829021,0.3802727143886187,-0.380272429009795
-0.9778683605051202,0.9778682924496406,-0.9944502088620667,-0.9504322304614474,-0.7938210536617326,0.7938230735234794,0.7938198801097677,-0.7938291181768712,-0.7938196957418692,-0.38027200038927705,0.3802739575468896,0.3802739575468899,-0.3802797401070765,-0.38027974010707716,-0.2604442233024659,0.26044421073653273,0.38033530341903116,-0.7938540973476228,-0.7938210409403228,0.7938226080592463,-0.7938183788907492,0.38028909369801706,-0.38031099405598523,-0.8643373915857832,1.000000000363479,0.9124485800449654,0.7938422191812464,0.7938174836698246,-0.7938152476438837,0.7938158007529518,-0.7938144085022073,0.7938142224084118
-0.9778673760101356,0.9778676391398715,-0.9504315077270469,-0.9944502882962596,-0.4754674757839681,0.4754704399520387,0.4754658892536223,-0.4754794206953825,-0.4754656587878641,-0.7254304376374024,0.7254319187790224,0.7254319187790235,-0.7254362861690684,-0.7254362861690713,0.15742941457721538,-0.15742955441277365,0.7254781069745576,-0.4755194741540869,-0.47546826569619993,0.4754700672177651,-0.4754637921092729,0.7254433282434188,-0.7254597591293651,-0.9944504508686778,0.9124485800449654,1.0000000006480367,0.4754988716035035,0.47546246770927564,-0.47545939020046674,0.47546019849835675,-0.4754582528798351,0.4754579817545831
-0.6490378624624976,0.6490373250981002,-0.7254651906892462,-0.5654055869313012,-1.0000037000327962,1.0000036372772154,1.0000035348679035,-1.0000013436938433,-1.0000034810067868,0.2605642209893124,-0.2605622145379059,-0.2605622145379059,0.2605562733357916,0.2605562733357941,-0.7938904650935044,0.7938906458960501,-0.260498970983096,-0.999999695460832,-1.000002498747602,1.0000031905250493,-1.000003424109998,-0.26054662983510113,0.2605239654977126,-0.38031548626224826,0.7938422191812464,0.4754988716035035,1.0000000018152921,1.0000034677573475,-1.0000032342270178,1.000003222088477,-1.0000031204085191,1.000003123263574
-0.6490066009249553,0.6490060635348593,-0.7254370359431439,-0.56537156543095,-1.0000046250341124,1.0000045621359528,1.000004459940921,-1.0000042101949618,-1.000002464011516,0.26060489540307114,-0.2606028889749759,-0.2606028889749761,0.260596947841,0.26059694784100257,-0.7939166641801872,0.7939168449935337,-0.2605396461310744,-1.0000025600188054,-1.0000034236830424,1.0000041153909003,-1.0000024072019391,-0.2605873044486295,0.26056464036029253,-0.3802771039554818,0.7938174836698246,0.47546246770927564,1.0000034677573475,1.0000000031343157,-1.0000022175237955,1.0000041474241792,-1.0000040458342905,1.0000040487022974
0.6490038840300983,-0.6490033466381304,0.7254345456650605,0.565368652062985,1.0000043916257522,-1.0000043287162013,-1.000004226538322,1.0000039767402942,1.000004172687421,-0.2606080901361703,0.26060608371056715,0.26060608371056704,-0.26060014258389985,-0.2606001425839024,0.7939185292091184,-0.793918710023283,0.2605428409433003,1.000002326408198,1.0000031902697688,-1.0000038819718886,1.0000041158849424,0.2605904992032154,-0.2605678351418685,0.38027389645754334,-0.7938152476438837,-0.47545939020046674,-1.0000032342270178,-1.0000022175237955,1.000000002801286,-1.0000039140429469,1.0000038124603408,-1.0000018732517602
-0.6490045801388684,0.6490040427474636,-0.7254351737590687,-0.565369408463561,-1.0000043794536433,1.0000043165472403,1.0000042143646304,-1.0000039645809453,-1.0000041605135188,0.26060719356298406,-0.2606051871368492,-0.2606051871368491,0.26059924600862644,0.26059924600862927,-0.7939179568861648,0.7939181377000913,-0.260541944353345,-1.0000023142917656,-1.0000031780991028,1.0000038698027658,-1.0000021616314818,-0.2605896026254675,0.2605669385584284,-0.3802747476829021,0.7938158007529518,0.47546019849835675,1.000003222088477,1.0000041474241792,-1.0000039140429469,1.0000000027839058,-1.000001858201218,1.000003803147613
0.6490028734333785,-0.6490023360407302,0.7254336156354579,0.5653675721117147,1.0000042778517522,-1.0000042149380255,-1.0000041127664485,1.0000038629493802,1.0000040589158365,-0.26060924924994305,0.2606072428253082,0.2606072428253083,-0.2606013017014821,-0.2606013017014847,0.7939191875596754,-0.7939193683741268,0.2605440000878606,1.0000022125604107,1.0000030764940082,-1.0000037681939913,1.0000040021159367,0.26059165832534265,-0.2605689942745123,0.3802727143886187,-0.7938144085022073,-0.4754582528798351,-1.0000031204085191,-1.0000040458342905,1.0000038124603408,-1.000001858201218,1.0000000026389522,-1.0000017594907051
-0.6490026396500903,0.6490021022572536,-0.7254334045255375,-0.5653673182487667,-1.0000042807180405,1.0000042178032609,1.000004115633269,-1.000003865811396,-1.0000040617827257,0.2606095490333142,-0.2606075426088602,-0.26060754260885993,0.26060160148556155,0.2606016014855641,-0.7939193781668354,0.7939195589813651,-0.2605442998769267,-1.0000022154080677,-1.0000030793598167,1.0000037710592797,-1.00000400498347,-0.2605919581102621,0.2605692940613661,-0.380272429009795,0.7938142224084118,0.4754579817545831,1.000003123263574,1.0000040487022974,-1.0000018732517602,1.000003803147613,-1.0000017594907051,1.0000000026430471
