0.9999999871952933,-0.9999824499703398,0.9999827513779307,0.9999827513779331,0.9999820038640388,-0.9999824639349607,0.9999827513779354,0.9999827513779246,0.9999954702845012,-0.9999953965554439,-0.999995396555445,-0.9999935679868986,-0.9999970839213931,0.9999915962998123,0.9999977158951885,0.999997715895191,0.9999954702845055,-0.9999953965554441,-0.9999953965554426,-0.9999935679869097,-0.9999970839213882,0.9999915962998195,0.9999977158951823,0.9999977158951794,-0.9999896163391214,-0.9999896163391228,0.9999876980515938,0.9999876980515963,-0.9999876316994553,-0.9999858128562685,-0.9999858128562669,0.9999841164927735,0.9999841164927922,-0.9999833056936128,-0.9999833056936063,-0.9999833056936166,-0.9999833056936103,-0.9999981342349469,-0.9999981342349491,-0.9999981342349408,-0.999998134234944,0.9999983341009138,0.9999983341009154,-0.9999983609271943,-0.9999983609271921
-0.9999824499703398,0.9999999878499977,-0.9999831974845679,-0.9999831974845732,-0.9999824639349453,0.9999829240060796,-0.9999832114491869,-0.9999832114491753,-0.9999959303616393,0.9999958566325451,0.9999958566325479,0.9999940280631539,0.9999975439992752,-0.9999920563751555,-0.9999981759733642,-0.9999981759733674,-0.9999959303616425,0.9999958566325462,0.9999958566325446,0.9999940280631646,0.9999975439992714,-0.9999920563751639,-0.999998175973359,-0.9999981759733572,0.9999900764135464,0.9999900764135473,-0.9999881581251319,-0.9999881581251345,0.9999880917729617,0.9999862729289363,0.9999862729289353,-0.9999845765646543,-0.9999845765646735,0.9999837657651203,0.9999837657651146,0.999983765765124,0.9999837657651182,0.9999985943133181,0.9999985943133194,0.9999985943133111,0.999998594313316,-0.9999987941793784,-0.9999987941793806,0.9999988210056708,0.999998821005668
0.9999827513779307,-0.9999831974845679,0.999999988259044,0.99998349889238,0.9999827513779256,-0.9999832114491937,0.9999834988923828,0.9999834988923717,0.9999962178083555,-0.9999961440792373,-0.99999614407924,-0.9999943155093506,-0.9999978314464336,0.9999923438208094,0.9999984634206937,0.9999984634206959,0.999996217808359,-0.9999961440792373,-0.9999961440792359,-0.9999943155093604,-0.9999978314464286,0.999992343820818,0.9999984634206885,0.999998463420685,-0.9999903638586584,-0.9999903638586597,0.9999884455697157,0.9999884455697172,-0.9999883792175265,-0.999986560372992,-0.9999865603729907,0.9999848640082378,0.9999848640082563,-0.9999840392438605,-0.9999840532084638,-0.9999840532084753,-0.9999840532084695,-0.9999988817607595,-0.9999988817607628,-0.9999988817607544,-0.9999988817607589,0.9999990816268738,0.9999990816268758,-0.9999991084531668,-0.9999991084531656
0.9999827513779331,-0.9999831974845732,0.99998349889238,0.999999988259044,0.9999827513779295,-0.9999832114491954,0.9999834988923846,0.9999834988923744,0.9999962178083579,-0.99999614407924,-0.9999961440792419,-0.9999943155093525,-0.9999978314464365,0.9999923438208131,0.9999984634206958,0.9999984634206982,0.9999962178083623,-0.99999614407924,-0.9999961440792381,-0.9999943155093624,-0.9999978314464323,0.9999923438208204,0.999998463420691,0.999998463420689,-0.9999903638586622,-0.9999903638586628,0.9999884455697181,0.9999884455697202,-0.9999883792175301,-0.9999865603729943,-0.9999865603729939,0.9999848640082399,0.9999848640082585,-0.9999840532084747,-0.9999840392438571,-0.999984053208479,-0.9999840532084733,-0.9999988817607619,-0.9999988817607646,-0.9999988817607568,-0.9999988817607608,0.9999990816268751,0.9999990816268779,-0.9999991084531705,-0.9999991084531671
0.9999820038640388,-0.9999824639349453,0.9999827513779256,0.9999827513779295,0.9999999871952933,-0.9999824499703444,0.9999827513779307,0.9999827513779196,0.9999954702844979,-0.999995396555439,-0.9999953965554411,-0.9999935679868943,-0.9999970839213888,0.9999915962998078,0.9999977158951824,0.999997715895186,0.9999954702844995,-0.9999953965554385,-0.9999953965554379,-0.9999935679869041,-0.9999970839213839,0.9999915962998147,0.9999977158951775,0.9999977158951763,-0.9999896163391171,-0.9999896163391176,0.9999876980515898,0.9999876980515923,-0.9999876316994504,-0.9999858128562641,-0.9999858128562625,0.9999841164927695,0.999984116492786,-0.9999833056936067,-0.9999833056935999,-0.9999833056936114,-0.9999833056936063,-0.9999981342349427,-0.9999981342349448,-0.9999981342349352,-0.9999981342349394,0.9999983341009087,0.9999983341009122,-0.9999983609271896,-0.9999983609271867
-0.9999824639349607,0.9999829240060796,-0.9999832114491937,-0.9999832114491954,-0.9999824499703444,0.9999999878499978,-0.9999831974845849,-0.9999831974845719,-0.9999959303616498,0.9999958566325567,0.9999958566325573,0.9999940280631646,0.999997543999285,-0.9999920563751655,-0.9999981759733748,-0.9999981759733775,-0.9999959303616529,0.9999958566325557,0.9999958566325554,0.9999940280631747,0.9999975439992816,-0.9999920563751734,-0.9999981759733686,-0.9999981759733666,0.9999900764135574,0.9999900764135584,-0.9999881581251437,-0.9999881581251451,0.9999880917729713,0.9999862729289466,0.9999862729289466,-0.999984576564665,-0.9999845765646831,0.9999837657651306,0.9999837657651244,0.9999837657651351,0.9999837657651292,0.9999985943133286,0.9999985943133308,0.9999985943133237,0.9999985943133264,-0.9999987941793883,-0.9999987941793915,0.9999988210056822,0.9999988210056787
0.9999827513779354,-0.9999832114491869,0.9999834988923828,0.9999834988923846,0.9999827513779307,-0.9999831974845849,0.9999999882590438,0.9999834988923755,0.9999962178083593,-0.9999961440792416,-0.9999961440792438,-0.9999943155093545,-0.9999978314464376,0.9999923438208155,0.9999984634206974,0.9999984634207001,0.9999962178083628,-0.9999961440792409,-0.9999961440792409,-0.9999943155093639,-0.9999978314464333,0.9999923438208217,0.9999984634206931,0.9999984634206888,-0.9999903638586635,-0.9999903638586638,0.9999884455697194,0.9999884455697214,-0.9999883792175307,-0.9999865603729955,-0.9999865603729949,0.9999848640082414,0.9999848640082603,-0.9999840532084753,-0.9999840532084676,-0.9999840392438679,-0.999984053208474,-0.9999988817607641,-0.9999988817607666,-0.9999988817607568,-0.9999988817607621,0.9999990816268766,0.99999908162688,-0.9999991084531713,-0.9999991084531697
0.9999827513779246,-0.9999832114491753,0.9999834988923717,0.9999834988923744,0.9999827513779196,-0.9999831974845719,0.9999834988923755,0.9999999882590442,0.9999962178083485,-0.9999961440792308,-0.9999961440792327,-0.9999943155093436,-0.9999978314464276,0.9999923438208038,0.9999984634206865,0.9999984634206891,0.9999962178083515,-0.9999961440792302,-0.9999961440792294,-0.9999943155093531,-0.9999978314464237,0.9999923438208109,0.9999984634206817,0.9999984634206787,-0.9999903638586527,-0.999990363858654,0.9999884455697083,0.9999884455697098,-0.9999883792175204,-0.9999865603729855,-0.9999865603729833,0.9999848640082307,0.9999848640082482,-0.9999840532084636,-0.9999840532084586,-0.999984053208468,-0.9999840392438556,-0.9999988817607536,-0.9999988817607554,-0.9999988817607468,-0.9999988817607506,0.999999081626866,0.9999990816268687,-0.9999991084531605,-0.9999991084531584
0.9999954702845012,-0.9999959303616393,0.9999962178083555,0.9999962178083579,0.9999954702844979,-0.9999959303616498,0.9999962178083593,0.9999962178083485,1.0000000063588002,-1.0000088491615562,-1.0000088491615664,-1.000007020574632,-1.0000105365460976,1.0000050628313084,1.0000111824908668,1.0000111824908693,1.000008936856706,-1.000008863126171,-1.0000088631261694,-1.0000070345392544,-1.0000105505107053,1.0000050628313155,1.0000111824908617,1.000011182490859,-1.0000030828493158,-1.0000030828493174,1.000001164540727,1.000001164540728,-1.0000010981881025,-0.9999992793235578,-0.9999992793235559,0.9999975829400054,0.999997582940023,-0.9999967721309749,-0.9999967721309707,-0.999996772130981,-0.999996772130974,-1.0000116008346152,-1.0000116008346174,-1.0000116008346087,-1.0000116008346138,1.0000118007022918,1.0000118007022938,-1.000011827527751,-1.0000118275277499
-0.9999953965554439,0.9999958566325451,-0.9999961440792373,-0.99999614407924,-0.999995396555439,0.9999958566325567,-0.9999961440792416,-0.9999961440792308,-1.0000088491615562,1.0000000062538783,1.0000087893956395,1.000006960808948,1.0000104767799838,-1.0000049891012455,-1.0000111087600596,-1.0000111087600623,-1.0000088631261737,1.0000087893956378,1.0000087893956358,1.0000069608089577,1.0000104767799798,-1.000004989101253,-1.0000111087600547,-1.0000111087600518,1.000003009119487,1.0000030091194896,-1.0000010908111174,-1.0000010908111177,1.0000010244585036,0.9999992055941417,0.999999205594143,-0.9999975092107611,-0.9999975092107807,0.9999966984018099,0.9999966984018029,0.9999966984018146,0.9999966984018088,1.00001152710375,1.0000115271037529,1.0000115271037449,1.0000115271037486,-1.000011726971397,-1.0000117269713997,1.0000117537968365,1.0000117537968352
-0.999995396555445,0.9999958566325479,-0.99999614407924,-0.9999961440792419,-0.9999953965554411,0.9999958566325573,-0.9999961440792438,-0.9999961440792327,-1.0000088491615664,1.0000087893956395,1.0000000062538783,1.0000069608089484,1.000010476779986,-1.000004989101248,-1.0000111087600616,-1.0000111087600638,-1.0000088631261759,1.0000087893956395,1.000008789395638,1.00000696080896,1.0000104767799824,-1.0000049891012543,-1.000011108760057,-1.0000111087600532,1.0000030091194905,1.0000030091194902,-1.000001090811118,-1.0000010908111194,1.0000010244585058,0.9999992055941447,0.9999992055941447,-0.9999975092107636,-0.9999975092107815,0.9999966984018116,0.999996698401805,0.9999966984018168,0.9999966984018097,1.0000115271037513,1.0000115271037546,1.0000115271037462,1.0000115271037506,-1.0000117269713995,-1.000011726971402,1.0000117537968383,1.0000117537968363
-0.9999935679868986,0.9999940280631539,-0.9999943155093506,-0.9999943155093525,-0.9999935679868943,0.9999940280631646,-0.9999943155093545,-0.9999943155093436,-1.000007020574632,1.000006960808948,1.0000069608089484,1.0000000036517078,1.0000086481910788,-1.0000031465543755,-1.0000092801704525,-1.0000092801704563,-1.0000070345392487,1.000006960808948,1.0000069608089464,1.000005132224296,1.0000086481910746,-1.0000031605189974,-1.0000092801704483,-1.0000092801704454,1.0000011805397218,1.0000011805397226,-0.9999992622338533,-0.9999992622338535,0.9999991958812761,0.9999973770195789,0.9999973770195789,-0.99999568063871,-0.999995680638729,0.9999948698310184,0.9999948698310127,0.999994869831024,0.9999948698310173,1.000009698513723,1.0000096985137261,1.0000096985137168,1.0000096985137223,-1.0000098983812116,-1.000009898381213,1.0000099252068504,1.0000099252068468
-0.9999970839213931,0.9999975439992752,-0.9999978314464336,-0.9999978314464365,-0.9999970839213888,0.999997543999285,-0.9999978314464376,-0.9999978314464276,-1.0000105365460976,1.0000104767799838,1.000010476779986,1.0000086481910788,1.0000000086551128,-1.0000066764808477,-1.0000127821828264,-1.0000127821828304,-1.0000105505107135,1.0000104767799856,1.0000104767799827,1.0000086481910888,1.0000121641665949,-1.0000066764808548,-1.0000127961474374,-1.0000127961474359,1.0000046964964966,1.0000046964964977,-1.0000027781855543,-1.0000027781855554,1.0000027118328865,1.0000008929658941,1.0000008929658952,-0.9999991965800427,-0.9999991965800609,0.999998385769867,0.9999983857698608,0.9999983857698724,0.9999983857698667,1.0000132144916096,1.000013214491613,1.0000132144916034,1.0000132144916078,-1.000013414359457,-1.0000134143594592,1.0000134411847759,1.000013441184773
0.9999915962998123,-0.9999920563751555,0.9999923438208094,0.9999923438208131,0.9999915962998078,-0.9999920563751655,0.9999923438208155,0.9999923438208038,1.0000050628313084,-1.0000049891012455,-1.000004989101248,-1.0000031465543755,-1.0000066764808477,1.0000000008458731,1.0000073084593877,1.0000073084593895,1.0000050628313113,-1.0000049891012455,-1.0000049891012446,-1.0000031605189985,-1.0000066764808428,1.0000011888164908,1.0000073084593826,1.0000073084593804,-0.9999991948754752,-0.9999992088400897,0.9999972905370844,0.9999972905370874,-0.9999972241845598,-0.999995405325845,-0.9999954053258436,0.9999937089477844,0.9999937089478026,-0.9999928981414871,-0.9999928981414807,-0.9999928981414925,-0.9999928981414867,-1.000007726802151,-1.0000077268021539,-1.0000077268021452,-1.0000077268021499,1.000007926669432,1.000007926669435,-1.0000079534952446,-1.000007953495242
0.9999977158951885,-0.9999981759733642,0.9999984634206937,0.9999984634206958,0.9999977158951824,-0.9999981759733748,0.9999984634206974,0.9999984634206865,1.0000111824908668,-1.0000111087600596,-1.0000111087600616,-1.0000092801704525,-1.0000127821828264,1.0000073084593877,1.000000009554454,1.0000134281285311,1.000011182490871,-1.00001110876006,-1.0000111087600576,-1.0000092801704628,-1.0000127961474377,1.0000073084593952,1.0000134281285231,1.0000134281285213,-1.0000053284741737,-1.000005328474174,1.0000034101623625,1.0000034101623643,-1.000003343809686,-1.0000015249417704,-1.0000015249417697,0.9999998285550477,0.9999998285550661,-0.9999990177444402,-0.999999017744434,-0.9999990177444451,-0.9999990177444388,-1.000013832508227,-1.0000138464728443,-1.000013846472834,-1.0000138464728388,1.0000140463407434,1.0000140463407463,-1.0000140731659946,-1.000014073165992
0.999997715895191,-0.9999981759733674,0.9999984634206959,0.9999984634206982,0.999997715895186,-0.9999981759733775,0.9999984634207001,0.9999984634206891,1.0000111824908693,-1.0000111087600623,-1.0000111087600638,-1.0000092801704563,-1.0000127821828304,1.0000073084593895,1.0000134281285311,1.000000009554454,1.000011182490873,-1.000011108760062,-1.0000111087600607,-1.0000092801704652,-1.0000127961474408,1.0000073084593972,1.0000134281285264,1.0000134281285233,-1.0000053284741752,-1.0000053284741774,1.0000034101623663,1.000003410162369,-1.0000033438096887,-1.0000015249417737,-1.0000015249417729,0.9999998285550507,0.9999998285550683,-0.9999990177444432,-0.9999990177444372,-0.999999017744447,-0.999999017744441,-1.0000138464728436,-1.000013832508234,-1.0000138464728388,-1.000013846472843,1.0000140463407459,1.0000140463407483,-1.000014073165997,-1.0000140731659948
0.9999954702845055,-0.9999959303616425,0.999996217808359,0.9999962178083623,0.9999954702844995,-0.9999959303616529,0.9999962178083628,0.9999962178083515,1.000008936856706,-1.0000088631261737,-1.0000088631261759,-1.0000070345392487,-1.0000105505107135,1.0000050628313113,1.000011182490871,1.000011182490873,1.0000000063588002,-1.000008849161561,-1.000008849161559,-1.000007020574647,-1.0000105365461014,1.0000050628313182,1.0000111824908662,1.0000111824908633,-1.0000030828493196,-1.000003082849321,1.0000011645407292,1.0000011645407327,-1.0000010981881062,-0.9999992793235616,-0.9999992793235591,0.9999975829400082,0.9999975829400265,-0.9999967721309792,-0.9999967721309735,-0.9999967721309846,-0.9999967721309787,-1.0000116008346176,-1.0000116008346207,-1.0000116008346118,-1.0000116008346165,1.000011800702296,1.0000118007022984,-1.0000118275277556,-1.0000118275277532
-0.9999953965554441,0.9999958566325462,-0.9999961440792373,-0.99999614407924,-0.9999953965554385,0.9999958566325557,-0.9999961440792409,-0.9999961440792302,-1.000008863126171,1.0000087893956378,1.0000087893956395,1.000006960808948,1.0000104767799856,-1.0000049891012455,-1.00001110876006,-1.000011108760062,-1.000008849161561,1.0000000062538783,1.0000087893956355,1.000006960808958,1.000010476779981,-1.0000049891012532,-1.0000111087600547,-1.0000111087600518,1.0000030091194874,1.0000030091194902,-1.0000010908111165,-1.0000010908111165,1.0000010244585038,0.9999992055941427,0.9999992055941408,-0.9999975092107608,-0.9999975092107801,0.9999966984018097,0.9999966984018045,0.9999966984018144,0.9999966984018069,1.00001152710375,1.0000115271037524,1.0000115271037442,1.0000115271037489,-1.000011726971397,-1.000011726971399,1.0000117537968372,1.0000117537968352
-0.9999953965554426,0.9999958566325446,-0.9999961440792359,-0.9999961440792381,-0.9999953965554379,0.9999958566325554,-0.9999961440792409,-0.9999961440792294,-1.0000088631261694,1.0000087893956358,1.000008789395638,1.0000069608089464,1.0000104767799827,-1.0000049891012446,-1.0000111087600576,-1.0000111087600607,-1.000008849161559,1.0000087893956355,1.0000000062538783,1.0000069608089561,1.000010476779978,-1.0000049891012517,-1.0000111087600527,-1.0000111087600507,1.0000030091194854,1.000003009119488,-1.0000010908111154,-1.0000010908111154,1.0000010244585027,0.9999992055941411,0.9999992055941406,-0.9999975092107597,-0.9999975092107781,0.9999966984018089,0.999996698401802,0.9999966984018126,0.9999966984018064,1.0000115271037482,1.0000115271037522,1.0000115271037426,1.0000115271037475,-1.000011726971396,-1.0000117269713975,1.0000117537968354,1.0000117537968332
-0.9999935679869097,0.9999940280631646,-0.9999943155093604,-0.9999943155093624,-0.9999935679869041,0.9999940280631747,-0.9999943155093639,-0.9999943155093531,-1.0000070345392544,1.0000069608089577,1.00000696080896,1.000005132224296,1.0000086481910888,-1.0000031605189985,-1.0000092801704628,-1.0000092801704652,-1.000007020574647,1.000006960808958,1.0000069608089561,1.0000000036517078,1.0000086481910833,-1.0000031465543968,-1.0000092801704579,-1.0000092801704539,1.0000011805397315,1.0000011805397315,-0.9999992622338612,-0.999999262233863,0.9999991958812845,0.9999973770195885,0.9999973770195881,-0.9999956806387211,-0.999995680638739,0.9999948698310295,0.9999948698310221,0.9999948698310334,0.9999948698310277,1.000009698513733,1.0000096985137352,1.000009698513727,1.000009698513731,-1.000009898381221,-1.0000098983812244,1.0000099252068584,1.0000099252068564
-0.9999970839213882,0.9999975439992714,-0.9999978314464286,-0.9999978314464323,-0.9999970839213839,0.9999975439992816,-0.9999978314464333,-0.9999978314464237,-1.0000105505107053,1.0000104767799798,1.0000104767799824,1.0000086481910746,1.0000121641665949,-1.0000066764808428,-1.0000127961474377,-1.0000127961474408,-1.0000105365461014,1.000010476779981,1.000010476779978,1.0000086481910833,1.0000000086551128,-1.0000066764808504,-1.0000127821828197,-1.000012782182815,1.0000046964964935,1.0000046964964944,-1.0000027781855496,-1.0000027781855505,1.0000027118328814,1.0000008929658903,1.00000089296589,-0.9999991965800378,-0.9999991965800556,0.999998385769863,0.9999983857698559,0.9999983857698683,0.9999983857698624,1.0000132144916047,1.0000132144916076,1.000013214491598,1.0000132144916034,-1.000013414359452,-1.0000134143594546,1.0000134411847699,1.0000134411847699
0.9999915962998195,-0.9999920563751639,0.999992343820818,0.9999923438208204,0.9999915962998147,-0.9999920563751734,0.9999923438208217,0.9999923438208109,1.0000050628313155,-1.000004989101253,-1.0000049891012543,-1.0000031605189974,-1.0000066764808548,1.0000011888164908,1.0000073084593952,1.0000073084593972,1.0000050628313182,-1.0000049891012532,-1.0000049891012517,-1.0000031465543968,-1.0000066764808504,1.0000000008458731,1.0000073084593901,1.000007308459387,-0.999999208840097,-0.9999991948754827,0.9999972905370919,0.9999972905370942,-0.999997224184566,-0.9999954053258515,-0.9999954053258518,0.999993708947792,0.9999937089478107,-0.9999928981414944,-0.999992898141489,-0.9999928981415,-0.9999928981414938,-1.0000077268021577,-1.0000077268021603,-1.0000077268021519,-1.0000077268021572,1.000007926669438,1.0000079266694413,-1.0000079534952526,-1.0000079534952484
0.9999977158951823,-0.999998175973359,0.9999984634206885,0.999998463420691,0.9999977158951775,-0.9999981759733686,0.9999984634206931,0.9999984634206817,1.0000111824908617,-1.0000111087600547,-1.000011108760057,-1.0000092801704483,-1.0000127961474374,1.0000073084593826,1.0000134281285231,1.0000134281285264,1.0000111824908662,-1.0000111087600547,-1.0000111087600527,-1.0000092801704579,-1.0000127821828197,1.0000073084593901,1.000000009554454,1.0000134281285165,-1.0000053284741683,-1.0000053284741703,1.0000034101623583,1.000003410162361,-1.00000334380968,-1.0000015249417646,-1.000001524941765,0.9999998285550434,0.9999998285550615,-0.9999990177444352,-0.9999990177444282,-0.9999990177444399,-0.999999017744434,-1.0000138464728359,-1.0000138464728394,-1.0000138325082164,-1.0000138464728348,1.0000140463407383,1.0000140463407416,-1.00001407316599,-1.000014073165988
0.9999977158951794,-0.9999981759733572,0.999998463420685,0.999998463420689,0.9999977158951763,-0.9999981759733666,0.9999984634206888,0.9999984634206787,1.000011182490859,-1.0000111087600518,-1.0000111087600532,-1.0000092801704454,-1.0000127961474359,1.0000073084593804,1.0000134281285213,1.0000134281285233,1.0000111824908633,-1.0000111087600518,-1.0000111087600507,-1.0000092801704539,-1.000012782182815,1.000007308459387,1.0000134281285165,1.000000009554454,-1.000005328474165,-1.0000053284741675,1.000003410162356,1.000003410162358,-1.0000033438096783,-1.0000015249417635,-1.0000015249417629,0.9999998285550407,0.9999998285550578,-0.9999990177444323,-0.9999990177444263,-0.999999017744437,-0.9999990177444302,-1.0000138464728345,-1.0000138464728372,-1.0000138464728276,-1.000013832508223,1.0000140463407352,1.0000140463407374,-1.0000140731659866,-1.0000140731659855
-0.9999896163391214,0.9999900764135464,-0.9999903638586584,-0.9999903638586622,-0.9999896163391171,0.9999900764135574,-0.9999903638586635,-0.9999903638586527,-1.0000030828493158,1.000003009119487,1.0000030091194905,1.0000011805397218,1.0000046964964966,-0.9999991948754752,-1.0000053284741737,-1.0000053284741752,-1.0000030828493196,1.0000030091194874,1.0000030091194854,1.0000011805397315,1.0000046964964935,-0.999999208840097,-1.0000053284741683,-1.000005328474165,0.9999999980282687,0.9999972288666441,-0.9999952966019584,-0.9999953105665739,0.9999952442141058,0.9999934253584226,0.9999934253584238,-0.9999917289832164,-0.9999917289832346,0.9999909181783352,0.9999909181783282,0.9999909181783401,0.9999909181783336,1.0000057468164052,1.0000057468164076,1.000005746816399,1.0000057468164039,-1.0000059466834694,-1.0000059466834734,1.000005973509442,1.0000059735094395
-0.9999896163391228,0.9999900764135473,-0.9999903638586597,-0.9999903638586628,-0.9999896163391176,0.9999900764135584,-0.9999903638586638,-0.999990363858654,-1.0000030828493174,1.0000030091194896,1.0000030091194902,1.0000011805397226,1.0000046964964977,-0.9999992088400897,-1.000005328474174,-1.0000053284741774,-1.000003082849321,1.0000030091194902,1.000003009119488,1.0000011805397315,1.0000046964964944,-0.9999991948754827,-1.0000053284741703,-1.0000053284741675,0.9999972288666441,0.9999999980282687,-0.9999953105665733,-0.9999952966019584,0.9999952442141059,0.9999934253584248,0.9999934253584241,-0.9999917289832164,-0.9999917289832352,0.9999909181783352,0.9999909181783299,0.9999909181783396,0.999990918178334,1.0000057468164065,1.0000057468164083,1.0000057468163999,1.0000057468164045,-1.00000594668347,-1.0000059466834748,1.0000059735094444,1.0000059735094415
0.9999876980515938,-0.9999881581251319,0.9999884455697157,0.9999884455697181,0.9999876980515898,-0.9999881581251437,0.9999884455697194,0.9999884455697083,1.000001164540727,-1.0000010908111174,-1.000001090811118,-0.9999992622338533,-1.0000027781855543,0.9999972905370844,1.0000034101623625,1.0000034101623663,1.0000011645407292,-1.0000010908111165,-1.0000010908111154,-0.9999992622338612,-1.0000027781855496,0.9999972905370919,1.0000034101623583,1.000003410162356,-0.9999952966019584,-0.9999953105665733,0.9999999952984324,0.999993392269415,-0.9999933119523946,-0.9999914930997006,-0.9999915070643094,0.9999898106919081,0.9999898106919249,-0.9999889998884123,-0.9999889998884063,-0.9999889998884174,-0.9999889998884112,-1.0000038285040587,-1.0000038285040616,-1.0000038285040536,-1.0000038285040576,1.000004028370898,1.000004028370901,-1.000004055197008,-1.0000040551970057
0.9999876980515963,-0.9999881581251345,0.9999884455697172,0.9999884455697202,0.9999876980515923,-0.9999881581251451,0.9999884455697214,0.9999884455697098,1.000001164540728,-1.0000010908111177,-1.0000010908111194,-0.9999992622338535,-1.0000027781855554,0.9999972905370874,1.0000034101623643,1.000003410162369,1.0000011645407327,-1.0000010908111165,-1.0000010908111154,-0.999999262233863,-1.0000027781855505,0.9999972905370942,1.000003410162361,1.000003410162358,-0.9999953105665739,-0.9999952966019584,0.999993392269415,0.9999999952984324,-0.9999933119523957,-0.9999915070643123,-0.9999914930997021,0.9999898106919092,0.9999898106919263,-0.9999889998884147,-0.9999889998884082,-0.9999889998884187,-0.9999889998884134,-1.0000038285040604,-1.0000038285040627,-1.0000038285040547,-1.0000038285040584,1.0000040283709009,1.0000040283709026,-1.0000040551970097,-1.0000040551970077
-0.9999876316994553,0.9999880917729617,-0.9999883792175265,-0.9999883792175301,-0.9999876316994504,0.9999880917729713,-0.9999883792175307,-0.9999883792175204,-1.0000010981881025,1.0000010244585036,1.0000010244585058,0.9999991958812761,1.0000027118328865,-0.9999972241845598,-1.000003343809686,-1.0000033438096887,-1.0000010981881062,1.0000010244585038,1.0000010244585027,0.9999991958812845,1.0000027118328814,-0.999997224184566,-1.00000334380968,-1.0000033438096783,0.9999952442141058,0.9999952442141059,-0.9999933119523946,-0.9999933119523957,0.9999999952040096,0.9999914407119804,0.9999914407119781,-0.9999897443396514,-0.9999897443396695,0.9999889335361938,0.9999889335361878,0.9999889335361991,0.9999889335361926,1.0000037621513753,1.000003762151378,1.0000037621513684,1.0000037621513738,-1.000003962018214,-1.0000039620182155,1.00000398884434,1.0000039888443377
-0.9999858128562685,0.9999862729289363,-0.999986560372992,-0.9999865603729943,-0.9999858128562641,0.9999862729289466,-0.9999865603729955,-0.9999865603729855,-0.9999992793235578,0.9999992055941417,0.9999992055941447,0.9999973770195789,1.0000008929658941,-0.999995405325845,-1.0000015249417704,-1.0000015249417737,-0.9999992793235616,0.9999992055941427,0.9999992055941411,0.9999973770195885,1.0000008929658903,-0.9999954053258515,-1.0000015249417646,-1.0000015249417635,0.9999934253584226,0.9999934253584248,-0.9999914930997006,-0.9999915070643123,0.9999914407119804,0.9999999926156923,0.9999896218623352,-0.9999879115281827,-0.9999879254928173,0.9999871146907057,0.9999871146906997,0.9999871146907106,0.9999871146907048,1.0000019432828746,1.000001943282877,1.0000019432828686,1.0000019432828728,-1.0000021431494541,-1.000002143149458,1.0000021699756565,1.0000021699756536
-0.9999858128562669,0.9999862729289353,-0.9999865603729907,-0.9999865603729939,-0.9999858128562625,0.9999862729289466,-0.9999865603729949,-0.9999865603729833,-0.9999992793235559,0.999999205594143,0.9999992055941447,0.9999973770195789,1.0000008929658952,-0.9999954053258436,-1.0000015249417697,-1.0000015249417729,-0.9999992793235591,0.9999992055941408,0.9999992055941406,0.9999973770195881,1.00000089296589,-0.9999954053258518,-1.000001524941765,-1.0000015249417629,0.9999934253584238,0.9999934253584241,-0.9999915070643094,-0.9999914930997021,0.9999914407119781,0.9999896218623352,0.9999999926156923,-0.9999879254927986,-0.9999879115282039,0.999987114690705,0.9999871146906978,0.9999871146907099,0.9999871146907042,1.0000019432828733,1.0000019432828768,1.0000019432828684,1.0000019432828735,-1.0000021431494532,-1.0000021431494566,1.000002169975656,1.0000021699756538
0.9999841164927735,-0.9999845765646543,0.9999848640082378,0.9999848640082399,0.9999841164927695,-0.999984576564665,0.9999848640082414,0.9999848640082307,0.9999975829400054,-0.9999975092107611,-0.9999975092107636,-0.99999568063871,-0.9999991965800427,0.9999937089477844,0.9999998285550477,0.9999998285550507,0.9999975829400082,-0.9999975092107608,-0.9999975092107597,-0.9999956806387211,-0.9999991965800378,0.999993708947792,0.9999998285550434,0.9999998285550407,-0.9999917289832164,-0.9999917289832164,0.9999898106919081,0.9999898106919092,-0.9999897443396514,-0.9999879115281827,-0.9999879254927986,0.9999999902016743,0.9999862291258927,-0.9999854043604488,-0.999985404360439,-0.9999854183250647,-0.9999854183250573,-1.0000002468955982,-1.0000002468956002,-1.0000002468955926,-1.0000002468955982,1.0000004467619306,1.000000446761934,-1.000000473588198,-1.0000004735881967
0.9999841164927922,-0.9999845765646735,0.9999848640082563,0.9999848640082585,0.999984116492786,-0.9999845765646831,0.9999848640082603,0.9999848640082482,0.999997582940023,-0.9999975092107807,-0.9999975092107815,-0.999995680638729,-0.9999991965800609,0.9999937089478026,0.9999998285550661,0.9999998285550683,0.9999975829400265,-0.9999975092107801,-0.9999975092107781,-0.999995680638739,-0.9999991965800556,0.9999937089478107,0.9999998285550615,0.9999998285550578,-0.9999917289832346,-0.9999917289832352,0.9999898106919249,0.9999898106919263,-0.9999897443396695,-0.9999879254928173,-0.9999879115282039,0.9999862291258927,0.9999999902016743,-0.9999854183250779,-0.9999854183250719,-0.9999854043604712,-0.9999854043604621,-1.000000246895616,-1.000000246895619,-1.0000002468956117,-1.0000002468956148,1.0000004467619485,1.0000004467619528,-1.0000004735882169,-1.0000004735882158
-0.9999833056936128,0.9999837657651203,-0.9999840392438605,-0.9999840532084747,-0.9999833056936067,0.9999837657651306,-0.9999840532084753,-0.9999840532084636,-0.9999967721309749,0.9999966984018099,0.9999966984018116,0.9999948698310184,0.999998385769867,-0.9999928981414871,-0.9999990177444402,-0.9999990177444432,-0.9999967721309792,0.9999966984018097,0.9999966984018089,0.9999948698310295,0.999998385769863,-0.9999928981414944,-0.9999990177444352,-0.9999990177444323,0.9999909181783352,0.9999909181783352,-0.9999889998884123,-0.9999889998884147,0.9999889335361938,0.9999871146907057,0.999987114690705,-0.9999854043604488,-0.9999854183250779,0.999999989047864,0.9999846075248574,0.9999846075248677,0.9999846075248621,0.9999994360847082,0.9999994360847106,0.999999436084702,0.9999994360847063,-0.9999996359509131,-0.9999996359509163,0.9999996627772012,0.9999996627771995
-0.9999833056936063,0.9999837657651146,-0.9999840532084638,-0.9999840392438571,-0.9999833056935999,0.9999837657651244,-0.9999840532084676,-0.9999840532084586,-0.9999967721309707,0.9999966984018029,0.999996698401805,0.9999948698310127,0.9999983857698608,-0.9999928981414807,-0.999999017744434,-0.9999990177444372,-0.9999967721309735,0.9999966984018045,0.999996698401802,0.9999948698310221,0.9999983857698559,-0.999992898141489,-0.9999990177444282,-0.9999990177444263,0.9999909181783282,0.9999909181783299,-0.9999889998884063,-0.9999889998884082,0.9999889335361878,0.9999871146906997,0.9999871146906978,-0.999985404360439,-0.9999854183250719,0.9999846075248574,0.999999989047864,0.999984607524861,0.9999846075248564,0.9999994360847009,0.9999994360847047,0.9999994360846963,0.9999994360846995,-0.9999996359509071,-0.9999996359509105,0.999999662777195,0.9999996627771941
-0.9999833056936166,0.999983765765124,-0.9999840532084753,-0.999984053208479,-0.9999833056936114,0.9999837657651351,-0.9999840392438679,-0.999984053208468,-0.999996772130981,0.9999966984018146,0.9999966984018168,0.999994869831024,0.9999983857698724,-0.9999928981414925,-0.9999990177444451,-0.999999017744447,-0.9999967721309846,0.9999966984018144,0.9999966984018126,0.9999948698310334,0.9999983857698683,-0.9999928981415,-0.9999990177444399,-0.999999017744437,0.9999909181783401,0.9999909181783396,-0.9999889998884174,-0.9999889998884187,0.9999889335361991,0.9999871146907106,0.9999871146907099,-0.9999854183250647,-0.9999854043604712,0.9999846075248677,0.999984607524861,0.999999989047864,0.9999846075248667,0.9999994360847123,0.9999994360847155,0.9999994360847061,0.9999994360847101,-0.999999635950918,-0.9999996359509212,0.9999996627772072,0.9999996627772044
-0.9999833056936103,0.9999837657651182,-0.9999840532084695,-0.9999840532084733,-0.9999833056936063,0.9999837657651292,-0.999984053208474,-0.9999840392438556,-0.999996772130974,0.9999966984018088,0.9999966984018097,0.9999948698310173,0.9999983857698667,-0.9999928981414867,-0.9999990177444388,-0.999999017744441,-0.9999967721309787,0.9999966984018069,0.9999966984018064,0.9999948698310277,0.9999983857698624,-0.9999928981414938,-0.999999017744434,-0.9999990177444302,0.9999909181783336,0.999990918178334,-0.9999889998884112,-0.9999889998884134,0.9999889335361926,0.9999871146907048,0.9999871146907042,-0.9999854183250573,-0.9999854043604621,0.9999846075248621,0.9999846075248564,0.9999846075248667,0.999999989047864,0.9999994360847061,0.9999994360847096,0.9999994360847003,0.9999994360847044,-0.999999635950912,-0.9999996359509153,0.9999996627772001,0.9999996627771988
-0.9999981342349469,0.9999985943133181,-0.9999988817607595,-0.9999988817607619,-0.9999981342349427,0.9999985943133286,-0.9999988817607641,-0.9999988817607536,-1.0000116008346152,1.00001152710375,1.0000115271037513,1.000009698513723,1.0000132144916096,-1.000007726802151,-1.000013832508227,-1.0000138464728436,-1.0000116008346176,1.00001152710375,1.0000115271037482,1.000009698513733,1.0000132144916047,-1.0000077268021577,-1.0000138464728359,-1.0000138464728345,1.0000057468164052,1.0000057468164065,-1.0000038285040587,-1.0000038285040604,1.0000037621513753,1.0000019432828746,1.0000019432828733,-1.0000002468955982,-1.000000246895616,0.9999994360847082,0.9999994360847009,0.9999994360847123,0.9999994360847061,1.000000010149779,1.0000142648172383,1.000014264817228,1.0000142648172334,-1.0000144507205524,-1.0000144646851696,1.0000144915103664,1.0000144915103637
-0.9999981342349491,0.9999985943133194,-0.9999988817607628,-0.9999988817607646,-0.9999981342349448,0.9999985943133308,-0.9999988817607666,-0.9999988817607554,-1.0000116008346174,1.0000115271037529,1.0000115271037546,1.0000096985137261,1.000013214491613,-1.0000077268021539,-1.0000138464728443,-1.000013832508234,-1.0000116008346207,1.0000115271037524,1.0000115271037522,1.0000096985137352,1.0000132144916076,-1.0000077268021603,-1.0000138464728394,-1.0000138464728372,1.0000057468164076,1.0000057468164083,-1.0000038285040616,-1.0000038285040627,1.000003762151378,1.000001943282877,1.0000019432828768,-1.0000002468956002,-1.000000246895619,0.9999994360847106,0.9999994360847047,0.9999994360847155,0.9999994360847096,1.0000142648172383,1.000000010149779,1.0000142648172328,1.0000142648172365,-1.0000144507205595,-1.000014464685172,1.000014491510368,1.0000144915103675
-0.9999981342349408,0.9999985943133111,-0.9999988817607544,-0.9999988817607568,-0.9999981342349352,0.9999985943133237,-0.9999988817607568,-0.9999988817607468,-1.0000116008346087,1.0000115271037449,1.0000115271037462,1.0000096985137168,1.0000132144916034,-1.0000077268021452,-1.000013846472834,-1.0000138464728388,-1.0000116008346118,1.0000115271037442,1.0000115271037426,1.000009698513727,1.000013214491598,-1.0000077268021519,-1.0000138325082164,-1.0000138464728276,1.000005746816399,1.0000057468163999,-1.0000038285040536,-1.0000038285040547,1.0000037621513684,1.0000019432828686,1.0000019432828684,-1.0000002468955926,-1.0000002468956117,0.999999436084702,0.9999994360846963,0.9999994360847061,0.9999994360847003,1.000014264817228,1.0000142648172328,1.000000010149779,1.0000142648172283,-1.000014464685162,-1.0000144507205533,1.0000144915103613,1.0000144915103564
-0.999998134234944,0.999998594313316,-0.9999988817607589,-0.9999988817607608,-0.9999981342349394,0.9999985943133264,-0.9999988817607621,-0.9999988817607506,-1.0000116008346138,1.0000115271037486,1.0000115271037506,1.0000096985137223,1.0000132144916078,-1.0000077268021499,-1.0000138464728388,-1.000013846472843,-1.0000116008346165,1.0000115271037489,1.0000115271037475,1.000009698513731,1.0000132144916034,-1.0000077268021572,-1.0000138464728348,-1.000013832508223,1.0000057468164039,1.0000057468164045,-1.0000038285040576,-1.0000038285040584,1.0000037621513738,1.0000019432828728,1.0000019432828735,-1.0000002468955982,-1.0000002468956148,0.9999994360847063,0.9999994360846995,0.9999994360847101,0.9999994360847044,1.0000142648172334,1.0000142648172365,1.0000142648172283,1.000000010149779,-1.0000144646851652,-1.0000144507205537,1.0000144915103641,1.0000144915103628
0.9999983341009138,-0.9999987941793784,0.9999990816268738,0.9999990816268751,0.9999983341009087,-0.9999987941793883,0.9999990816268766,0.999999081626866,1.0000118007022918,-1.000011726971397,-1.0000117269713995,-1.0000098983812116,-1.000013414359457,1.000007926669432,1.0000140463407434,1.0000140463407459,1.000011800702296,-1.000011726971397,-1.000011726971396,-1.000009898381221,-1.000013414359452,1.000007926669438,1.0000140463407383,1.0000140463407352,-1.0000059466834694,-1.00000594668347,1.000004028370898,1.0000040283709009,-1.000003962018214,-1.0000021431494541,-1.0000021431494532,1.0000004467619306,1.0000004467619485,-0.9999996359509131,-0.9999996359509071,-0.999999635950918,-0.999999635950912,-1.0000144507205524,-1.0000144507205595,-1.000014464685162,-1.0000144646851652,1.0000000104342013,1.0000146645531098,-1.0000146774136607,-1.0000146913782686
0.9999983341009154,-0.9999987941793806,0.9999990816268758,0.9999990816268779,0.9999983341009122,-0.9999987941793915,0.99999908162688,0.9999990816268687,1.0000118007022938,-1.0000117269713997,-1.000011726971402,-1.000009898381213,-1.0000134143594592,1.000007926669435,1.0000140463407463,1.0000140463407483,1.0000118007022984,-1.000011726971399,-1.0000117269713975,-1.0000098983812244,-1.0000134143594546,1.0000079266694413,1.0000140463407416,1.0000140463407374,-1.0000059466834734,-1.0000059466834748,1.000004028370901,1.0000040283709026,-1.0000039620182155,-1.000002143149458,-1.0000021431494566,1.000000446761934,1.0000004467619528,-0.9999996359509163,-0.9999996359509105,-0.9999996359509212,-0.9999996359509153,-1.0000144646851696,-1.000014464685172,-1.0000144507205533,-1.0000144507205537,1.0000146645531098,1.0000000104342015,-1.0000146913782728,-1.0000146774136598
-0.9999983609271943,0.9999988210056708,-0.9999991084531668,-0.9999991084531705,-0.9999983609271896,0.9999988210056822,-0.9999991084531713,-0.9999991084531605,-1.000011827527751,1.0000117537968365,1.0000117537968383,1.0000099252068504,1.0000134411847759,-1.0000079534952446,-1.0000140731659946,-1.000014073165997,-1.0000118275277556,1.0000117537968372,1.0000117537968354,1.0000099252068584,1.0000134411847699,-1.0000079534952526,-1.00001407316599,-1.0000140731659866,1.000005973509442,1.0000059735094444,-1.000004055197008,-1.0000040551970097,1.00000398884434,1.0000021699756565,1.000002169975656,-1.000000473588198,-1.0000004735882169,0.9999996627772012,0.999999662777195,0.9999996627772072,0.9999996627772001,1.0000144915103664,1.000014491510368,1.0000144915103613,1.0000144915103641,-1.0000146774136607,-1.0000146913782728,1.0000000104723745,1.0000147182033858
-0.9999983609271921,0.999998821005668,-0.9999991084531656,-0.9999991084531671,-0.9999983609271867,0.9999988210056787,-0.9999991084531697,-0.9999991084531584,-1.0000118275277499,1.0000117537968352,1.0000117537968363,1.0000099252068468,1.000013441184773,-1.000007953495242,-1.000014073165992,-1.0000140731659948,-1.0000118275277532,1.0000117537968352,1.0000117537968332,1.0000099252068564,1.0000134411847699,-1.0000079534952484,-1.000014073165988,-1.0000140731659855,1.0000059735094395,1.0000059735094415,-1.0000040551970057,-1.0000040551970077,1.0000039888443377,1.0000021699756536,1.0000021699756538,-1.0000004735881967,-1.0000004735882158,0.9999996627771995,0.9999996627771941,0.9999996627772044,0.9999996627771988,1.0000144915103637,1.0000144915103675,1.0000144915103564,1.0000144915103628,-1.0000146913782686,-1.0000146774136598,1.0000147182033858,1.0000000104723745
