1.000000005338585,-1.0000082627608247,-1.00000644876886,-1.0000002637040777,0.9999976378947474,1.0000050332469574,0.9999975400453209,-0.9999957645409384,0.9999951165816476,-0.9999956612574836,-0.9999958313443472,-0.9999932921643536,-0.9999958303956599,-0.9999958303956593,-1.0000067939233006,-1.0000067230952288,1.0000087268727018,1.0000082760725337,-1.0000089837501152,1.0000054081785608,1.0000054081785594,-1.000004801727971,-1.000004801727971,1.000004602091138
-1.0000082627608247,1.0000000065756234,1.0000073351230439,1.0000011599854575,-0.9999985300831649,-1.0000059326158004,-0.999998433549555,0.9999966561040202,-0.9999960068253132,0.9999965533572124,0.9999967219809084,0.9999941788215929,0.999996720023535,0.9999967200235345,1.0000076905239321,1.000007624192048,-1.000009566116049,-1.0000091761739753,1.0000098804541189,-1.0000062337948175,-1.0000062337948155,1.000005620616774,1.0000056206167738,-1.0000054185943679
-1.00000644876886,1.0000073351230439,1.0000000039801062,0.9999992640968877,-0.9999966435454283,-1.0000040290831134,-0.9999965440177315,0.9999947709204939,-0.9999941245704631,0.9999946669454692,0.9999948386176337,0.9999923042724354,0.9999948389478022,0.9999948389478023,1.0000057919389334,1.0000057166687812,-1.0000077310134756,-1.0000072704131802,1.000007981404693,-1.0000044282308909,-1.0000044282308933,1.0000038800383246,1.0000038800383242,-1.000003682934543
-1.0000002637040777,1.0000011599854575,0.9999992640968877,0.9999999951347877,-0.999990530011704,-0.9999979052945188,-0.9999904318201273,0.9999887101423034,-0.9999880624641493,0.9999886064847683,0.9999887719199735,0.9999862353710656,0.9999887716274096,0.9999887716274105,0.9999997002456803,0.9999996417946844,-1.000001613089822,-1.0000011871625758,1.000001884116651,-0.9999981529468741,-0.9999981529468724,0.9999975336981859,0.9999975336981859,-0.9999973296217369
0.9999976378947474,-0.9999985300831649,-0.9999966435454283,-0.999990530011704,0.9999999913866183,0.9999953277296199,0.9999878657617071,-0.9999860442556255,0.9999854491804399,-0.9999859912187758,-0.9999861564005739,-0.9999836242596538,-0.9999861059331795,-0.9999861059331765,-0.9999970686316005,-0.9999970101265364,0.9999989808515687,0.9999985539714618,-0.9999992505409458,0.9999955349340375,0.9999955349340367,-0.9999949178108086,-0.9999949178108081,0.9999947145244272
1.0000050332469574,-1.0000059326158004,-1.0000040290831134,-0.9999979052945188,0.9999953277296199,1.0000000019485626,0.9999952313803673,-0.9999934546801296,0.9999928051634587,-0.9999933519014537,-0.9999935180527985,-0.9999909750045239,-0.9999935161326411,-0.999993516132639,-1.000004420378459,-1.0000043614209362,1.000006386661816,1.0000059606084515,-1.000006658669768,1.0000029155596344,1.0000029155596344,-1.0000022942320907,-1.0000022942320896,1.0000020893637434
0.9999975400453209,-0.999998433549555,-0.9999965440177315,-0.9999904318201273,0.9999878657617071,0.9999952313803673,0.9999999912445123,-0.9999859957873312,0.9999853491897447,-0.9999858406600911,-0.9999860060240361,-0.9999835239266196,-0.9999860575135332,-0.9999860575135328,-0.9999969729839577,-0.9999969146045401,0.9999988851100888,0.9999984587667187,-0.9999991553139767,0.9999954347312994,0.999995434731298,-0.9999948170080796,-0.9999948170080799,0.9999946134941874
-0.9999957645409384,0.9999966561040202,0.9999947709204939,0.9999887101423034,-0.9999860442556255,-0.9999934546801296,-0.9999859957873312,0.9999999887105622,-0.9999835290836568,0.9999841219631905,0.9999842871047098,0.9999817560896483,0.9999842879782245,0.999984287978225,0.999995194848105,0.9999951363679688,-0.9999971064912085,-0.9999966796951785,0.9999973760619519,-0.9999936628974055,-0.9999936628974054,0.9999930461521062,0.9999930461521056,-0.9999928430010289
0.9999951165816476,-0.9999960068253132,-0.9999941245704631,-0.9999880624641493,0.9999854491804399,0.9999928051634587,0.9999853491897447,-0.9999835290836568,0.9999999877861655,-0.9999834246915815,-0.9999836410995125,-0.9999810600877223,-0.9999836422094629,-0.9999836422094627,-0.9999945446988844,-0.9999944861799666,0.999996456342352,0.9999960292076787,-0.9999967255229417,0.9999930173497964,0.9999930173497954,-0.999992401271796,-0.9999924012717969,0.9999921983636376
-0.9999956612574836,0.9999965533572124,0.9999946669454692,0.9999886064847683,-0.9999859912187758,-0.9999933519014537,-0.9999858406600911,0.9999841219631905,-0.9999834246915815,0.9999999885613862,0.9999841831223943,0.9999816516148823,0.9999841838242178,0.9999841838242186,0.9999950924152362,0.9999950340193928,-0.9999970040534263,-0.9999965775198706,0.9999972738654319,-0.9999935586621266,-0.9999935586621248,0.9999929416908374,0.9999929416908371,-0.9999927384509092
-0.9999958313443472,0.9999967219809084,0.9999948386176337,0.9999887719199735,-0.9999861564005739,-0.9999935180527985,-0.9999860060240361,0.9999842871047098,-0.9999836410995125,0.9999841831223943,0.9999999887982681,0.9999818170748355,0.999984349156871,0.9999843491568697,0.9999952591692447,0.999995200583276,-0.9999971714297595,-0.9999967443392612,0.9999974408746861,-0.9999937311251901,-0.9999937311251907,0.999993114723664,0.9999931147236636,-0.9999929116838484
-0.9999932921643536,0.9999941788215929,0.9999923042724354,0.9999862353710656,-0.9999836242596538,-0.9999909750045239,-0.9999835239266196,0.9999817560896483,-0.9999810600877223,0.9999816516148823,0.9999818170748355,0.9999999851770881,0.9999818183792332,0.9999818183792338,0.9999927138316999,0.9999926549537221,-0.9999946256905633,-0.9999941974483356,0.9999948938273772,-0.9999911992123346,-0.9999911992123341,0.9999905847343087,0.9999905847343091,-0.9999903824041106
-0.9999958303956599,0.999996720023535,0.9999948389478022,0.9999887716274096,-0.9999861059331795,-0.9999935161326411,-0.9999860575135332,0.9999842879782245,-0.9999836422094629,0.9999841838242178,0.999984349156871,0.9999818183792332,0.999999988799034,0.9999843498429619,0.9999952566245677,0.9999951978799,-0.9999971688727077,-0.999996741307824,0.9999974378757723,-0.9999937319607982,-0.9999937319607974,0.9999931159847394,0.9999931159847393,-0.9999929131096427
-0.9999958303956593,0.9999967200235345,0.9999948389478023,0.9999887716274105,-0.9999861059331765,-0.999993516132639,-0.9999860575135328,0.999984287978225,-0.9999836422094627,0.9999841838242186,0.9999843491568697,0.9999818183792338,0.9999843498429619,0.999999988799034,0.9999952566245669,0.9999951978799004,-0.9999971688727083,-0.9999967413078245,0.9999974378757723,-0.999993731960798,-0.9999937319607969,0.9999931159847391,0.9999931159847383,-0.9999929131096426
-1.0000067939233006,1.0000076905239321,1.0000057919389334,0.9999997002456803,-0.9999970686316005,-1.000004420378459,-0.9999969729839577,0.999995194848105,-0.9999945446988844,0.9999950924152362,0.9999952591692447,0.9999927138316999,0.9999952566245677,0.9999952566245669,1.0000000044543194,1.0000061633900812,-1.0000080901052424,-1.0000077129303582,1.0000084122880226,-1.0000046794439714,-1.0000046794439705,1.0000040586027255,1.000004058602726,-1.0000038538793596
-1.0000067230952288,1.000007624192048,1.0000057166687812,0.9999996417946844,-0.9999970101265364,-1.0000043614209362,-0.9999969146045401,0.9999951363679688,-0.9999944861799666,0.9999950340193928,0.999995200583276,0.9999926549537221,0.9999951978799,0.9999951978799004,1.0000061633900812,1.0000000043690633,-1.0000080791313506,-1.0000076024077251,1.0000083518103198,-1.000004602069559,-1.000004602069558,1.0000039798368254,1.000003979836825,-1.0000037746255137
1.0000087268727018,-1.000009566116049,-1.0000077310134756,-1.000001613089822,0.9999989808515687,1.000006386661816,0.9999988851100888,-0.9999971064912085,0.999996456342352,-0.9999970040534263,-0.9999971714297595,-0.9999946256905633,-0.9999971688727077,-0.9999971688727083,-1.0000080901052424,-1.0000080791313506,1.0000000072014867,1.0000096298621077,-1.000010279742301,1.0000066213309835,1.0000066213309822,-1.0000060023969732,-1.0000060023969726,1.0000057983414015
1.0000082760725337,-1.0000091761739753,-1.0000072704131802,-1.0000011871625758,0.9999985539714618,1.0000059606084515,0.9999984587667187,-0.9999966796951785,0.9999960292076787,-0.9999965775198706,-0.9999967443392612,-0.9999941974483356,-0.999996741307824,-0.9999967413078245,-1.0000077129303582,-1.0000076024077251,1.0000096298621077,1.0000000065869168,-1.000009851041701,1.0000061560895244,1.0000061560895221,-1.0000055339784801,-1.00000553397848,1.0000053288012853
-1.0000089837501152,1.0000098804541189,1.000007981404693,1.000001884116651,-0.9999992505409458,-1.000006658669768,-0.9999991553139767,0.9999973760619519,-0.9999967255229417,0.9999972738654319,0.9999974408746861,0.9999948938273772,0.9999974378757723,0.9999974378757723,1.0000084122880226,1.0000083518103198,-1.000010279742301,-1.000009851041701,1.0000000075879212,-1.0000068686009214,-1.0000068686009203,1.0000062474891525,1.0000062474891518,-1.0000060426618127
1.0000054081785608,-1.0000062337948175,-1.0000044282308909,-0.9999981529468741,0.9999955349340375,1.0000029155596344,0.9999954347312994,-0.9999936628974055,0.9999930173497964,-0.9999935586621266,-0.9999937311251901,-0.9999911992123346,-0.9999937319607982,-0.999993731960798,-1.0000046794439714,-1.000004602069559,1.0000066213309835,1.0000061560895244,-1.0000068686009214,1.0000000024353661,1.0000034027166615,-1.0000027557978595,-1.0000028069327715,1.0000026110875417
1.0000054081785594,-1.0000062337948155,-1.0000044282308933,-0.9999981529468724,0.9999955349340367,1.0000029155596344,0.999995434731298,-0.9999936628974054,0.9999930173497954,-0.9999935586621248,-0.9999937311251907,-0.9999911992123341,-0.9999937319607974,-0.9999937319607969,-1.0000046794439705,-1.000004602069558,1.0000066213309822,1.0000061560895221,-1.0000068686009203,1.0000034027166615,1.0000000024353661,-1.0000028069327722,-1.0000027557978595,1.0000026110875413
-1.000004801727971,1.000005620616774,1.0000038800383246,0.9999975336981859,-0.9999949178108086,-1.0000022942320907,-0.9999948170080796,0.9999930461521062,-0.999992401271796,0.9999929416908374,0.999993114723664,0.9999905847343087,0.9999931159847394,0.9999931159847391,1.0000040586027255,1.0000039798368254,-1.0000060023969732,-1.0000055339784801,1.0000062474891525,-1.0000027557978595,-1.0000028069327722,1.0000000015843686,1.0000022136901736,-1.0000019676160876
-1.000004801727971,1.0000056206167738,1.0000038800383242,0.9999975336981859,-0.9999949178108081,-1.0000022942320896,-0.9999948170080799,0.9999930461521056,-0.9999924012717969,0.9999929416908371,0.9999931147236636,0.9999905847343091,0.9999931159847393,0.9999931159847383,1.000004058602726,1.000003979836825,-1.0000060023969726,-1.00000553397848,1.0000062474891518,-1.0000028069327715,-1.0000027557978595,1.0000022136901736,1.0000000015843686,-1.000001967616089
1.000004602091138,-1.0000054185943679,-1.000003682934543,-0.9999973296217369,0.9999947145244272,1.0000020893637434,0.9999946134941874,-0.9999928430010289,0.9999921983636376,-0.9999927384509092,-0.9999929116838484,-0.9999903824041106,-0.9999929131096427,-0.9999929131096426,-1.0000038538793596,-1.0000037746255137,1.0000057983414015,1.0000053288012853,-1.0000060426618127,1.0000026110875417,1.0000026110875413,-1.0000019676160876,-1.000001967616089,1.00000000130556
