1.0000000061991072,-1.0000059700155823,1.0000070114832917,1.0000074151634963,-1.0000086815714326,-1.0000073164192942,0.8090202101479661,-0.3090181487369215,-1.0000040142297357,-0.30901814873692296,1.000005046445004,0.809020210147965,-1.0000057976060408,-1.0000064318320725,1.0000062910962122,-1.0000064688075039,1.0000070220355706
-1.0000059700155823,1.000000004341781,-1.0000043634024163,-1.0000047670832681,1.000007390529291,1.0000060253768985,-0.809019165676254,0.30901774978462115,1.0000027231903028,0.3090177497846224,-1.0000037554030698,-0.809019165676253,1.0000045065629937,1.0000051407887414,-1.0000050000528933,1.0000051777646788,-1.000005730992792
1.0000070114832917,-1.0000043634024163,1.0000000038877916,1.0000058085505605,-1.000007074958846,-1.0000057098054793,0.8090189103744333,-0.3090176522682283,-1.0000024076189657,-0.3090176522682305,1.0000034398306303,0.809018910374432,-1.000004190990236,-1.0000048252161582,1.0000046844802386,-1.0000035051541407,1.0000054154209361
1.0000074151634963,-1.0000047670832681,1.0000058085505605,1.000000004468537,-1.00000612160053,-1.0000047564483368,0.8090192369583136,-0.3090177770118936,-1.0000028112999861,-0.3090177770118933,1.000003843513022,0.8090192369583115,-1.000004594673031,-1.0000052288987489,1.0000050881629146,-1.0000052658746028,1.0000058191026453
-1.0000086815714326,1.000007390529291,-1.000007074958846,-1.00000612160053,1.000000006290424,1.0000073798947606,-0.8090202615005377,0.3090181683517978,1.0000040777052637,0.30901816835179857,-1.000005109920812,-0.8090202615005354,1.0000058610819185,1.0000064953078864,-1.000006354572048,1.0000065322832126,-1.0000070855111671
-1.0000073164192942,1.0000060253768985,-1.0000057098054793,-1.0000047564483368,1.0000073798947606,1.000000004326481,-0.8090191570722751,0.30901774649827796,1.0000027125548179,0.30901774649828023,-1.000003744767257,-0.8090191570722748,1.0000044959271448,1.000005130153042,-1.0000049894171457,1.0000051671291375,-1.0000043633191504
0.8090202101479661,-0.809019165676254,0.8090189103744333,0.8090192369583136,-0.8090202615005377,-0.8090191570722751,0.9999999978246744,-0.8090116236584228,-0.8090151285177546,0.30901343447981916,0.8090173206305087,0.30901914379530177,-0.8090179283295028,-0.8090184414272986,0.8090183275699392,-0.8090184713415081,0.8090189189111268
-0.3090181487369215,0.30901774978462115,-0.3090176522682283,-0.3090177770118936,0.3090181683517978,0.30901774649827796,-0.8090116236584228,0.9999999959779586,0.30901672607044833,-0.8090102648715392,-0.3090170450406548,0.3090134344798133,0.309017277160981,0.3090174731467342,-0.30901742965713924,0.3090174845728247,-0.3090176555289997
-1.0000040142297357,1.0000027231903028,-1.0000024076189657,-1.0000028112999861,1.0000040777052637,1.0000027125548179,-0.8090151285177546,0.30901672607044833,0.9999999995758763,0.30901672607045017,-0.9999990855470873,-0.8090151285177485,1.0000011937426039,1.0000018279669152,-1.0000016872313127,1.0000018649434486,-1.0000024181706981
-0.30901814873692296,0.3090177497846224,-0.3090176522682305,-0.3090177770118933,0.30901816835179857,0.30901774649828023,0.30901343447981916,-0.8090102648715392,0.30901672607045017,0.9999999959779586,-0.30901704504065564,-0.8090116236584202,0.3090172771609817,0.30901747314673444,-0.30901742965713946,0.3090174845728241,-0.30901765552900146
1.000005046445004,-1.0000037554030698,1.0000034398306303,1.000003843513022,-1.000005109920812,-1.000003744767257,0.8090173206305087,-0.3090170450406548,-0.9999990855470873,-0.30901704504065564,1.0000000010608379,0.8090173206305064,-1.0000008689129631,-1.0000015031383953,1.000002719440828,-1.0000028971537382,1.0000034503822037
0.809020210147965,-0.809019165676253,0.809018910374432,0.8090192369583115,-0.8090202615005354,-0.8090191570722748,0.30901914379530177,0.3090134344798133,-0.8090151285177485,-0.8090116236584202,0.8090173206305064,0.9999999978246744,-0.8090179283295013,-0.8090184414272975,0.8090183275699384,-0.8090184713415051,0.8090189189111259
-1.0000057976060408,1.0000045065629937,-1.000004190990236,-1.000004594673031,1.0000058610819185,1.0000044959271448,-0.8090179283295028,0.309017277160981,1.0000011937426039,0.3090172771609817,-1.0000008689129631,-0.8090179283295013,1.0000000021414737,1.0000036113357453,-1.0000021135614172,1.000003648312847,-1.0000042015418016
-1.0000064318320725,1.0000051407887414,-1.0000048252161582,-1.0000052288987489,1.0000064953078864,1.000005130153042,-0.8090184414272986,0.3090174731467342,1.0000018279669152,0.30901747314673444,-1.0000015031383953,-0.8090184414272975,1.0000036113357453,1.0000000030538878,-1.0000041048258752,1.0000042825388091,-1.0000048357678148
1.0000062910962122,-1.0000050000528933,1.0000046844802386,1.0000050881629146,-1.000006354572048,-1.0000049894171457,0.8090183275699392,-0.30901742965713924,-1.0000016872313127,-0.30901742965713946,1.000002719440828,0.8090183275699384,-1.0000021135614172,-1.0000041048258752,1.0000000028514213,-1.000002784764521,1.0000046950318677
-1.0000064688075039,1.0000051777646788,-1.0000035051541407,-1.0000052658746028,1.0000065322832126,1.0000051671291375,-0.8090184713415081,0.3090174845728247,1.0000018649434486,0.3090174845728241,-1.0000028971537382,-0.8090184713415051,1.000003648312847,1.0000042825388091,-1.000002784764521,1.000000003107083,-1.0000035157058882
1.0000070220355706,-1.000005730992792,1.0000054154209361,1.0000058191026453,-1.0000070855111671,-1.0000043633191504,0.8090189189111268,-0.3090176555289997,-1.0000024181706981,-0.30901765552900146,1.0000034503822037,0.8090189189111259,-1.0000042015418016,-1.0000048357678148,1.0000046950318677,-1.0000035157058882,1.000000003902972
