1.000000006118277,-1.0000078914997164,1.0000076743186546,1.0000076494428791,1.0000134758700512,-1.0000126475997617,1.0000120590862638,1.0000120590862636,-1.0000017889621104,1.0000012437495207,1.000001243749519,1.0000008294320797,1.0000050512481902,-1.0000000269809077,-1.0000066905473755,-1.0000064320318391,-1.0000048995588273,1.0000046454228575,1.0000046454228573,1.0000024515616788,1.0000088714227064,-1.0000107529907698,-1.0000107529907696,1.0000065093475312,0.9999971367896748,-0.999996421018778,-0.9999964210187771,-0.9999964210187772,0.9999958709085236,0.9999958709085223,0.999995870908523,-1.0000080458578584
-1.0000078914997164,1.0000000053982285,-1.000006990576244,-1.0000069657002428,-1.0000129712645343,1.0000121429942814,-1.0000115544805857,-1.0000115544805863,1.0000012843581156,-1.0000007391453067,-1.000000739145307,-1.0000003248270808,-1.0000045466449048,0.9999995223753098,1.0000061859443514,1.0000059274289614,1.000004394953287,-1.0000041408171132,-1.0000041408171136,-1.0000019469559105,-1.0000083668170525,1.0000102483850022,1.0000102483850035,-1.0000060047446209,-0.999996632183741,0.9999959164125825,0.9999959164125815,0.9999959164125825,-0.9999953663022237,-0.9999953663022241,-0.9999953663022241,1.0000075412553973
1.0000076743186546,-1.000006990576244,1.0000000048326925,1.0000067485186532,1.0000125749408826,-1.0000117466705514,1.0000111581565623,1.000011158156562,-1.0000008880344142,1.0000003428213045,1.0000003428213033,0.9999999285021817,1.0000041503224226,-0.9999991260496572,-1.00000561048247,-1.000005531107109,-1.0000039986283877,1.000003744491968,1.0000037444919672,1.0000015506304247,1.0000079704925982,-1.0000098520606997,-1.0000098520607004,1.0000056084227427,0.9999962358573226,-0.9999955200857785,-0.9999955200857777,-0.9999955200857801,0.9999949699752348,0.999994969975234,0.9999949699752348,-1.0000069657943065
1.0000076494428791,-1.0000069657002428,1.0000067485186532,1.0000000047971946,1.0000125500644383,-1.0000117217938072,1.0000111332794228,1.0000111332794241,-1.0000008631545896,1.0000003179410903,1.0000003179410897,0.9999999036211575,1.000004125444476,-0.9999991011678181,-1.000005764745302,-1.0000053270901303,-1.0000039737485245,1.0000037196118363,1.0000037196118368,1.0000015257494075,1.0000079456142161,-1.0000098271829698,-1.0000098271829707,1.000005583545685,0.9999962109740562,-0.9999954952020165,-0.9999954952020146,-0.9999954952020161,0.9999949450911663,0.9999949450911668,0.9999949450911682,-1.0000071200581393
1.0000134758700512,-1.0000129712645343,1.0000125749408826,1.0000125500644383,1.00000001311131,-1.0000173691054903,1.000016959727874,1.000016959727874,-1.0000066895449176,1.0000061443285209,1.0000061443285202,1.0000057300067255,1.0000099518525656,-1.000004927549245,-1.000011591162376,-1.0000113326455877,-1.0000098001570366,1.0000095460190643,1.0000095460190652,1.0000073521444381,1.0000137720449076,-1.0000156536242069,-1.000015653624207,1.0000114099616844,1.0000020373395597,-1.0000013215636874,-1.0000013215636872,-1.0000013215636885,1.0000007714498382,1.0000007714498365,1.0000007714498362,-1.0000129464824292
-1.0000126475997617,1.0000121429942814,-1.0000117466705514,-1.0000117217938072,-1.0000173691054903,1.0000000119293917,-1.0000159523127063,-1.0000159523127092,1.0000058612735565,-1.0000053160569649,-1.0000053160569644,-1.0000049017342028,-1.000009123581609,1.0000040992760593,1.000010762891499,1.0000105043749452,1.000008971883131,-1.0000087177449366,-1.0000087177449368,-1.0000065238706344,-1.0000129437702054,1.0000148253490526,1.0000148253490533,-1.0000105816909848,-1.0000012090664054,1.0000004932903033,1.0000004932903028,1.0000004932903028,-0.999999943176408,-0.999999943176406,-0.9999999431764074,1.0000121182120743
1.0000120590862638,-1.0000115544805857,1.0000111581565623,1.0000111332794228,1.000016959727874,-1.0000159523127063,1.0000000110895977,1.0000155429344324,-1.0000052727554163,1.0000047275383155,1.0000047275383155,1.00000431321411,1.00000853506556,-1.0000035107547331,-1.00001017437634,-1.0000099158599607,-1.0000083833632223,1.000008129224619,1.00000812922462,1.0000059353496802,1.000012355251187,-1.0000140576904366,-1.0000142368303573,1.0000099931759643,1.0000006205437193,-0.9999999047669752,-0.9999999047669755,-0.9999999047669746,0.999999354652758,0.9999993546527569,0.999999354652758,-1.000011529698233
1.0000120590862636,-1.0000115544805863,1.000011158156562,1.0000111332794241,1.000016959727874,-1.0000159523127092,1.0000155429344324,1.0000000110895977,-1.0000052727554163,1.0000047275383155,1.0000047275383162,1.0000043132141108,1.0000085350655605,-1.0000035107547331,-1.0000101743763394,-1.0000099158599598,-1.0000083833632223,1.0000081292246206,1.0000081292246203,1.0000059353496804,1.0000123552511877,-1.0000142368303573,-1.0000140576904373,1.000009993175966,1.00000062054372,-0.9999999047669763,-0.9999999047669752,-0.9999999047669758,0.9999993546527586,0.9999993546527585,0.999999354652759,-1.0000115296982333
-1.0000017889621104,1.0000012843581156,-1.0000008880344142,-1.0000008631545896,-1.0000066895449176,1.0000058612735565,-1.0000052727554163,-1.0000052727554163,0.9999999964344736,-0.9999942782821694,-0.9999942782821738,-0.999993863950183,-0.999998085804766,0.999993240626793,0.9999999042517993,0.9999996457382704,0.9999981132156837,-0.9999978590756883,-0.9999978590756888,-0.9999956652095865,-1.0000020850857316,1.0000039666557006,1.0000039666557008,-0.9999997230535342,-0.9999903504237834,0.9999896346468211,0.9999896346468194,0.9999896346468194,-0.9999890845336525,-0.9999890845336517,-0.9999890845336529,1.0000012595748649
1.0000012437495207,-1.0000007391453067,1.0000003428213045,1.0000003179410903,1.0000061443285209,-1.0000053160569649,1.0000047275383155,1.0000047275383155,-0.9999942782821694,0.999999995656467,0.9999939122041228,0.9999934978706945,0.9999977197294359,-0.9999926954061358,-0.9999993590374948,-0.9999991005241274,-0.9999975679966159,0.9999973138562068,0.9999973138562076,0.9999951199893916,1.0000015398676934,-1.000003421438052,-1.000003421438053,0.9999991778393612,0.9999898052016737,-0.9999890894240522,-0.9999890894240516,-0.9999890894240516,0.999988539310543,0.9999885393105428,0.9999885393105428,-1.000000714361915
1.000001243749519,-1.000000739145307,1.0000003428213033,1.0000003179410897,1.0000061443285202,-1.0000053160569644,1.0000047275383155,1.0000047275383162,-0.9999942782821738,0.9999939122041228,0.999999995656467,0.999993497870696,0.9999977197294351,-0.9999926954061356,-0.9999993590374943,-0.9999991005241289,-0.9999975679966154,0.9999973138562072,0.9999973138562079,0.9999951199893926,1.0000015398676938,-1.0000034214380522,-1.000003421438052,0.9999991778393619,0.9999898052016738,-0.9999890894240525,-0.9999890894240505,-0.9999890894240512,0.9999885393105428,0.9999885393105419,0.9999885393105432,-1.0000007143619152
1.0000008294320797,-1.0000003248270808,0.9999999285021817,0.9999999036211575,1.0000057300067255,-1.0000049017342028,1.00000431321411,1.0000043132141108,-0.999993863950183,0.9999934978706945,0.999993497870696,0.9999999950652259,0.9999973054041579,-0.9999921019264706,-0.999998944715264,-0.9999986862020523,-0.9999971536634626,0.9999968995220387,0.9999968995220406,0.9999947056522563,1.0000011255393757,-1.0000030071118302,-1.0000030071118313,0.9999987635172718,0.9999893908569792,-0.9999886750775197,-0.9999886750775179,-0.999988675077519,0.9999881249629399,0.9999881249629393,0.9999881249629404,-1.0000003000433797
1.0000050512481902,-1.0000045466449048,1.0000041503224226,1.000004125444476,1.0000099518525656,-1.000009123581609,1.00000853506556,1.0000085350655605,-0.999998085804766,0.9999977197294359,0.9999977197294351,0.9999973054041579,1.0000000010896575,-0.9999965029463965,-1.0000029874050467,-1.0000027288905555,-1.000001375530739,1.0000011213925843,1.0000011213925848,0.9999989275285225,1.000005347398366,-1.00000722896766,-1.0000072289676594,1.0000029853459462,0.9999936127485313,-0.9999928969743082,-0.9999928969743074,-0.9999928969743084,0.9999923468624308,0.9999923468624291,0.9999923468624311,-1.0000045218623375
-1.0000000269809077,0.9999995223753098,-0.9999991260496572,-0.9999991011678181,-1.000004927549245,1.0000040992760593,-1.0000035107547331,-1.0000035107547331,0.999993240626793,-0.9999926954061358,-0.9999926954061356,-0.9999921019264706,-0.9999965029463965,0.9999999939201324,0.9999981422599628,0.9999978837470064,0.9999963511977724,-0.9999960970554141,-0.9999960970554137,-0.9999937240435519,-1.0000003230770582,1.000002204650908,1.0000022046509096,-0.9999979610621842,-0.9999884092426673,0.999987872601534,0.9999878726015331,0.9999878726015342,-0.9999873224860795,-0.9999873224860789,-0.99998732248608,0.9999994975913027
-1.0000066905473755,1.0000061859443514,-1.00000561048247,-1.000005764745302,-1.000011591162376,1.000010762891499,-1.00001017437634,-1.0000101743763394,0.9999999042517993,-0.9999993590374948,-0.9999993590374943,-0.999998944715264,-1.0000029874050467,0.9999981422599628,1.0000000034288827,1.0000045473322088,1.000003014842841,-1.0000027607055064,-1.0000027607055066,-1.0000005668421008,-1.0000069867098744,1.0000088682791064,1.000008868279106,-1.0000046246477874,-0.9999952520640939,0.9999945362910423,0.9999945362910405,0.9999945362910413,-0.9999939861796894,-0.9999939861796888,-0.9999939861796892,1.000006161162096
-1.0000064320318391,1.0000059274289614,-1.000005531107109,-1.0000053270901303,-1.0000113326455877,1.0000105043749452,-1.0000099158599607,-1.0000099158599598,0.9999996457382704,-0.9999991005241274,-0.9999991005241289,-0.9999986862020523,-1.0000027288905555,0.9999978837470064,1.0000045473322088,1.0000000030599916,1.000002756328497,-1.000002502191241,-1.000002502191242,-1.0000003083284617,-1.0000067281944025,1.0000086097631027,1.0000086097631018,-1.0000041869929448,-0.9999949935519813,0.9999942777791428,0.9999942777791406,0.9999942777791423,-0.9999937276679524,-0.999993727667951,-0.999993727667952,1.000005902646717
-1.0000048995588273,1.000004394953287,-1.0000039986283877,-1.0000039737485245,-1.0000098001570366,1.000008971883131,-1.0000083833632223,-1.0000083833632223,0.9999981132156837,-0.9999975679966159,-0.9999975679966154,-0.9999971536634626,-1.000001375530739,0.9999963511977724,1.000003014842841,1.000002756328497,1.0000000008731587,-1.0000007905209038,-1.0000007905209063,-0.9999985966481012,-1.0000050165438654,1.0000070772595264,1.0000070772595275,-1.0000028336440063,-0.9999934609859482,0.9999927452068329,0.9999927452068318,0.9999927452068327,-0.9999921950919949,-0.9999921950919943,-0.9999921950919954,1.0000043701699766
1.0000046454228575,-1.0000041408171132,1.000003744491968,1.0000037196118363,1.0000095460190643,-1.0000087177449366,1.000008129224619,1.0000081292246206,-0.9999978590756883,0.9999973138562068,0.9999973138562072,0.9999968995220387,1.0000011213925843,-0.9999960970554141,-1.0000027607055064,-1.000002502191241,-1.0000007905209038,1.000000000510508,1.000000715519779,0.999998521646241,1.0000049415441847,-1.0000068231204073,-1.0000068231204067,1.0000025795067382,0.9999932068422839,-0.9999924910626444,-0.9999924910626439,-0.9999924910626445,0.9999919409475156,0.9999919409475146,0.9999919409475149,-1.0000041160337072
1.0000046454228573,-1.0000041408171136,1.0000037444919672,1.0000037196118368,1.0000095460190652,-1.0000087177449368,1.00000812922462,1.0000081292246203,-0.9999978590756888,0.9999973138562076,0.9999973138562079,0.9999968995220406,1.0000011213925848,-0.9999960970554137,-1.0000027607055066,-1.000002502191242,-1.0000007905209063,1.000000715519779,1.000000000510508,0.9999985216462407,1.0000049415441845,-1.0000068231204076,-1.0000068231204078,1.0000025795067402,0.9999932068422842,-0.999992491062645,-0.9999924910626442,-0.9999924910626448,0.999991940947516,0.999991940947516,0.999991940947516,-1.0000041160337068
1.0000024515616788,-1.0000019469559105,1.0000015506304247,1.0000015257494075,1.0000073521444381,-1.0000065238706344,1.0000059353496802,1.0000059353496804,-0.9999956652095865,0.9999951199893916,0.9999951199893926,0.9999947056522563,0.9999989275285225,-0.9999937240435519,-1.0000005668421008,-1.0000003083284617,-0.9999985966481012,0.999998521646241,0.9999985216462407,0.9999999973799312,1.0000027476700475,-1.0000046292454126,-1.0000046292454148,1.00000038564381,0.999991012969681,-0.999990297189171,-0.9999902971891699,-0.999990297189171,0.9999897470737682,0.9999897470737672,0.9999897470737676,-1.0000019221721896
1.0000088714227064,-1.0000083668170525,1.0000079704925982,1.0000079456142161,1.0000137720449076,-1.0000129437702054,1.000012355251187,1.0000123552511877,-1.0000020850857316,1.0000015398676934,1.0000015398676938,1.0000011255393757,1.000005347398366,-1.0000003230770582,-1.0000069867098744,-1.0000067281944025,-1.0000050165438654,1.0000049415441847,1.0000049415441845,1.0000027476700475,1.0000000065408916,-1.000010870007271,-1.000010870007269,1.000006805510187,0.9999974328654544,-0.9999967170875753,-0.9999967170875732,-0.9999967170875738,0.9999961669730313,0.9999961669730316,0.9999961669730322,-1.0000083420342614
-1.0000107529907698,1.0000102483850022,-1.0000098520606997,-1.0000098271829698,-1.0000156536242069,1.0000148253490526,-1.0000140576904366,-1.0000142368303573,1.0000039666557006,-1.000003421438052,-1.0000034214380522,-1.0000030071118302,-1.00000722896766,1.000002204650908,1.0000088682791064,1.0000086097631027,1.0000070772595264,-1.0000068231204073,-1.0000068231204076,-1.0000046292454126,-1.000010870007271,1.0000000092258345,1.000012930726057,-1.0000086870790197,-0.9999993144390452,0.9999985986616269,0.9999985986616239,0.9999985986616258,-0.9999980485471476,-0.9999980485471475,-0.9999980485471484,1.000010223602442
-1.0000107529907696,1.0000102483850035,-1.0000098520607004,-1.0000098271829707,-1.000015653624207,1.0000148253490533,-1.0000142368303573,-1.0000140576904373,1.0000039666557008,-1.000003421438053,-1.000003421438052,-1.0000030071118313,-1.0000072289676594,1.0000022046509096,1.000008868279106,1.0000086097631018,1.0000070772595275,-1.0000068231204067,-1.0000068231204078,-1.0000046292454148,-1.000010870007269,1.000012930726057,1.0000000092258345,-1.0000086870790197,-0.9999993144390456,0.9999985986616271,0.9999985986616252,0.9999985986616262,-0.9999980485471486,-0.9999980485471476,-0.9999980485471486,1.0000102236024415
1.0000065093475312,-1.0000060047446209,1.0000056084227427,1.000005583545685,1.0000114099616844,-1.0000105816909848,1.0000099931759643,1.000009993175966,-0.9999997230535342,0.9999991778393612,0.9999991778393619,0.9999987635172718,1.0000029853459462,-0.9999979610621842,-1.0000046246477874,-1.0000041869929448,-1.0000028336440063,1.0000025795067382,1.0000025795067402,1.00000038564381,1.000006805510187,-1.0000086870790197,-1.0000086870790197,1.0000000031703176,0.9999950708669646,-0.9999943550940852,-0.9999943550940833,-0.9999943550940842,0.9999938049828577,0.9999938049828563,0.9999938049828568,-1.000005979962376
0.9999971367896748,-0.999996632183741,0.9999962358573226,0.9999962109740562,1.0000020373395597,-1.0000012090664054,1.0000006205437193,1.00000062054372,-0.9999903504237834,0.9999898052016737,0.9999898052016738,0.9999893908569792,0.9999936127485313,-0.9999884092426673,-0.9999952520640939,-0.9999949935519813,-0.9999934609859482,0.9999932068422839,0.9999932068422842,0.999991012969681,0.9999974328654544,-0.9999993144390452,-0.9999993144390456,0.9999950708669646,0.9999999897959024,-0.9999848032437828,-0.9999848032437811,-0.9999848032437803,0.9999844322674855,0.9999844322674851,0.999984432267486,-0.9999966073992228
-0.999996421018778,0.9999959164125825,-0.9999955200857785,-0.9999954952020165,-1.0000013215636874,1.0000004932903033,-0.9999999047669752,-0.9999999047669763,0.9999896346468211,-0.9999890894240522,-0.9999890894240525,-0.9999886750775197,-0.9999928969743082,0.999987872601534,0.9999945362910423,0.9999942777791428,0.9999927452068329,-0.9999924910626444,-0.999992491062645,-0.999990297189171,-0.9999967170875753,0.9999985986616269,0.9999985986616271,-0.9999943550940852,-0.9999848032437828,0.9999999887745058,0.9999842666000215,0.9999842666000234,-0.9999835373434703,-0.9999837164833848,-0.9999837164833844,0.9999958916278797
-0.9999964210187771,0.9999959164125815,-0.9999955200857777,-0.9999954952020146,-1.0000013215636872,1.0000004932903028,-0.9999999047669755,-0.9999999047669752,0.9999896346468194,-0.9999890894240516,-0.9999890894240505,-0.9999886750775179,-0.9999928969743074,0.9999878726015331,0.9999945362910405,0.9999942777791406,0.9999927452068318,-0.9999924910626439,-0.9999924910626442,-0.9999902971891699,-0.9999967170875732,0.9999985986616239,0.9999985986616252,-0.9999943550940833,-0.9999848032437811,0.9999842666000215,0.9999999887745058,0.9999842666000202,-0.9999837164833829,-0.9999835373434673,-0.999983716483383,0.9999958916278784
-0.9999964210187772,0.9999959164125825,-0.9999955200857801,-0.9999954952020161,-1.0000013215636885,1.0000004932903028,-0.9999999047669746,-0.9999999047669758,0.9999896346468194,-0.9999890894240516,-0.9999890894240512,-0.999988675077519,-0.9999928969743084,0.9999878726015342,0.9999945362910413,0.9999942777791423,0.9999927452068327,-0.9999924910626445,-0.9999924910626448,-0.999990297189171,-0.9999967170875738,0.9999985986616258,0.9999985986616262,-0.9999943550940842,-0.9999848032437803,0.9999842666000234,0.9999842666000202,0.9999999887745058,-0.9999837164833854,-0.9999837164833844,-0.9999835373434658,0.9999958916278796
0.9999958709085236,-0.9999953663022237,0.9999949699752348,0.9999949450911663,1.0000007714498382,-0.999999943176408,0.999999354652758,0.9999993546527586,-0.9999890845336525,0.999988539310543,0.9999885393105428,0.9999881249629399,0.9999923468624308,-0.9999873224860795,-0.9999939861796894,-0.9999937276679524,-0.9999921950919949,0.9999919409475156,0.999991940947516,0.9999897470737682,0.9999961669730313,-0.9999980485471476,-0.9999980485471486,0.9999938049828577,0.9999844322674855,-0.9999835373434703,-0.9999837164833829,-0.9999837164833854,0.9999999879895093,0.9999831663665515,0.9999831663665517,-0.9999953415174097
0.9999958709085223,-0.9999953663022241,0.999994969975234,0.9999949450911668,1.0000007714498365,-0.999999943176406,0.9999993546527569,0.9999993546527585,-0.9999890845336517,0.9999885393105428,0.9999885393105419,0.9999881249629393,0.9999923468624291,-0.9999873224860789,-0.9999939861796888,-0.999993727667951,-0.9999921950919943,0.9999919409475146,0.999991940947516,0.9999897470737672,0.9999961669730316,-0.9999980485471475,-0.9999980485471476,0.9999938049828563,0.9999844322674851,-0.9999837164833848,-0.9999835373434673,-0.9999837164833844,0.9999831663665515,0.9999999879895093,0.9999831663665517,-0.9999953415174101
0.999995870908523,-0.9999953663022241,0.9999949699752348,0.9999949450911682,1.0000007714498362,-0.9999999431764074,0.999999354652758,0.999999354652759,-0.9999890845336529,0.9999885393105428,0.9999885393105432,0.9999881249629404,0.9999923468624311,-0.99998732248608,-0.9999939861796892,-0.999993727667952,-0.9999921950919954,0.9999919409475149,0.999991940947516,0.9999897470737676,0.9999961669730322,-0.9999980485471484,-0.9999980485471486,0.9999938049828568,0.999984432267486,-0.9999837164833844,-0.999983716483383,-0.9999835373434658,0.9999831663665517,0.9999831663665517,0.9999999879895093,-0.9999953415174099
-1.0000080458578584,1.0000075412553973,-1.0000069657943065,-1.0000071200581393,-1.0000129464824292,1.0000121182120743,-1.000011529698233,-1.0000115296982333,1.0000012595748649,-1.000000714361915,-1.0000007143619152,-1.0000003000433797,-1.0000045218623375,0.9999994975913027,1.000006161162096,1.000005902646717,1.0000043701699766,-1.0000041160337072,-1.0000041160337068,-1.0000019221721896,-1.0000083420342614,1.000010223602442,1.0000102236024415,-1.000005979962376,-0.9999966073992228,0.9999958916278797,0.9999958916278784,0.9999958916278796,-0.9999953415174097,-0.9999953415174101,-0.9999953415174099,1.0000000053628653
