1.0000000014955426,-1.0000011647454696,1.0000029626103306,1.0000036951123212,0.8090183593312281,-0.8090207772735677,0.3090182734407816,1.0000066810125137,-0.30901518359383384,0.30901697615994467,-0.8090214015547422,-1.0000028123990217,1.0000022715897972,1.0000022715897963,1.0000029806666837,1.000003482762511,-1.00000283731237,-1.0000041059309146,-1.0000032427889411,-1.0000052380964983,1.0000046217029748,1.000004621702973,1.0000041679602876,1.0000021053431514,1.0000009411566884,-1.000000231137645,-1.0000002311376457,0.9999998777860415,0.9999998777860418,0.9999982380437734,-0.9999992761072537,-0.9999979646931112,-0.9999979646931096,-1.000002035731068
-1.0000011647454696,1.000000002597019,-1.0000020300103518,-1.000002762380658,-0.8090188166358366,0.8090212358823985,-0.30901828469193016,-1.0000074144396052,0.3090156171214651,-0.3090174096342889,0.8090221175685651,1.0000035800856424,-1.0000030395069948,-1.0000030395069948,-1.0000037448749641,-1.000004253058342,1.0000035978408466,1.0000048770950325,1.0000040141408333,1.0000059810498725,-1.0000053648281482,-1.000005364828146,-1.0000049199018841,-1.0000028768389528,-1.0000017063649844,1.0000009983893035,1.0000009983893037,-1.0000006466865308,-1.0000006466865308,-0.9999990097992997,1.0000000462335985,0.9999987368296598,0.9999987368296593,1.0000028078738912
1.0000029626103306,-1.0000020300103518,1.00000000272944,1.0000045596489824,0.8090187973602603,-0.8090212171192335,0.3090181971044848,1.000007474870201,-0.3090157355227896,0.30901752856037307,-0.8090222257297082,-1.000003668809749,1.0000031284201685,1.0000031284201691,1.000003830592812,1.00000434406847,-1.000003680381808,-1.0000032643945287,-1.0000041062035887,-1.000006049276701,1.000005433195344,1.0000054331953423,1.0000049953740662,1.0000029691190713,1.0000017925689926,-1.0000010862589424,-1.0000010862589426,1.0000007359269811,1.00000073592698,0.9999991016276765,-1.0000001365011673,-0.9999988291398466,-0.9999988291398474,-1.0000011962027244
1.0000036951123212,-1.000002762380658,1.0000045596489824,1.0000000037736494,0.8090193371213577,-0.8090217569760421,0.3090183540296151,1.000008192657681,-0.309016019866491,0.30901781305550685,-0.809022844112284,-1.0000043990082907,1.0000038586249484,1.0000038586249493,1.0000045593069258,1.0000050753719423,-1.0000044076469548,-1.0000057008120562,-1.0000031334136366,-1.0000067704040834,1.0000061543142604,1.0000061543142584,1.0000057195282681,1.0000037010721947,1.0000025214026018,-1.000001815806612,-1.0000018158066115,1.000001466128943,1.0000014661289427,0.9999998332762862,-1.0000008672656708,-0.9999995610295492,-0.9999995610295486,-1.000003633218979
0.8090183593312281,-0.8090188166358366,0.8090187973602603,0.8090193371213577,0.9999999967068581,-0.9999957876301836,0.809014322989613,0.8090174429034981,0.30902002918448596,-0.30901728348953755,-0.30901723619850996,-0.8090172626079172,0.8090168858127974,0.8090168858127981,0.8090165453013604,0.8090185504254509,-0.8090155596430991,-0.8090194111769284,-0.8090187464423242,-0.8090169757366806,0.8090165945465737,0.8090165945465722,0.8090164304879077,0.8090179522707672,0.8090133262872558,-0.8090124090143708,-0.8090124090143708,0.8090118107448036,0.8090118107448033,0.8090097967704956,-0.8090110663539009,-0.8090094288190705,-0.8090094288190701,-0.8090182026163796
-0.8090207772735677,0.8090212358823985,-0.8090212171192335,-0.8090217569760421,-0.9999957876301836,0.999999999715955,-0.8090135526851846,-0.8090182145253862,-0.3090194287045438,0.3090166809502175,0.3090191446942949,0.8090196915347352,-0.8090193134567943,-0.8090193134567956,-0.8090189808636422,-0.8090209743337278,0.8090180025608416,0.8090218325572578,0.8090211677168385,0.8090194402334765,-0.8090190581503668,-0.809019058150366,-0.8090188838968727,-0.8090203722497555,-0.8090157661185357,0.8090148472321655,0.8090148472321669,-0.8090142479892508,-0.8090142479892507,-0.8090122325690601,0.8090135032212892,0.8090118637699508,0.8090118637699506,0.8090206210632837
0.3090182734407816,-0.30901828469193016,0.3090181971044848,0.3090183540296151,0.809014322989613,-0.8090135526851846,0.9999999986728124,0.3090167522482333,0.8090195301757432,-0.8090152434490266,0.3090168570344685,-0.30901653477721247,0.3090164305548508,0.3090164305548512,0.30901569828319775,0.3090175658348803,-0.30901477072108363,-0.3090181718447049,-0.30901794498401164,-0.3090164605375264,0.3090164412527624,0.3090164412527613,0.3090157350082729,0.3090177564892914,0.3090127230535709,-0.30901180148829566,-0.309011801488296,0.30901107309410475,0.3090110730941057,0.309009259292989,-0.3090103919300216,-0.30900890022582933,-0.30900890022582755,-0.3090181188617729
1.0000066810125137,-1.0000074144396052,1.000007474870201,1.000008192657681,0.8090174429034981,-0.8090182145253862,0.3090167522482333,1.0000000051164422,-0.30901633043561727,0.30901817278009847,-0.8090204411175013,-1.0000067272936612,1.0000062188325332,1.0000062188325338,1.0000064529991144,1.0000077379924812,-1.00000583890538,-1.0000085063973496,-1.0000076568547287,-1.0000049112676155,1.0000060166286349,1.000006016628633,1.0000063696797512,1.0000065563035363,1.0000042429355507,-1.0000036668962802,-1.0000036668962804,1.0000034171529564,1.000003417152957,1.0000019563247486,-1.0000028873272226,-1.0000017169050117,-1.000001716905012,-1.0000065862916094
-0.30901518359383384,0.3090156171214651,-0.3090157355227896,-0.309016019866491,0.30902002918448596,-0.3090194287045438,0.8090195301757432,-0.30901633043561727,1.0000000020999777,-0.9999998237441863,0.8090172417783302,0.30901681773956663,-0.30901661325665497,-0.30901661325665486,-0.30901740470227296,-0.3090164784100195,0.30901786790017266,0.3090163768901724,0.3090160802703024,0.30901640972752287,-0.30901606190331143,-0.30901606190331077,-0.3090171095445308,-0.3090155960620591,-0.30901896352633934,0.30901954474412746,0.3090195447441271,-0.309020130464782,-0.30902013046478105,-0.30902106036273647,0.30902049162387185,0.30902127587327993,0.30902127587328126,0.3090152727693534
0.30901697615994467,-0.3090174096342889,0.30901752856037307,0.30901781305550685,-0.30901728348953755,0.3090166809502175,-0.8090152434490266,0.30901817278009847,-0.9999998237441863,1.0000000000710458,-0.8090157837830954,-0.309018620166126,0.30901841654254214,0.30901841654254186,0.30901921141035876,0.309018275260176,-0.3090196788646559,-0.3090181714846342,-0.30901787501553796,-0.30901824129635613,0.30901789381783934,0.3090178938178389,0.3090189305854608,0.3090173912074268,0.3090207690117018,-0.30902134783786833,-0.30902134783786783,0.3090219313945286,0.3090219313945277,0.30902285751975567,-0.30902229086579414,-0.3090230726894522,-0.3090230726894538,-0.30901706598993517
-0.8090214015547422,0.8090221175685651,-0.8090222257297082,-0.809022844112284,-0.30901723619850996,0.3090191446942949,0.3090168570344685,-0.8090204411175013,0.8090172417783302,-0.8090157837830954,1.0000000023299545,0.8090223896905299,-0.8090219547183862,-0.8090219547183869,-0.8090225481459073,-0.8090228282231315,0.8090224171536933,0.8090232514432046,0.8090225443976611,0.8090219013106152,-0.8090213191049208,-0.8090213191049198,-0.8090222297824742,-0.8090215704981965,-0.8090221159992119,0.8090221232497578,0.8090221232497569,-0.8090223329394136,-0.8090223329394127,-0.8090220077490388,0.8090222292305475,0.8090219951818384,0.8090219951818386,0.8090213959221256
-1.0000028123990217,1.0000035800856424,-1.000003668809749,-1.0000043990082907,-0.8090172626079172,0.8090196915347352,-0.30901653477721247,-1.0000067272936612,0.30901681773956663,-0.309018620166126,0.8090223896905299,1.0000000024517413,-1.0000011968827835,-1.0000011968827838,-1.0000018407426858,-1.0000024498674025,1.0000033370238568,1.00000479655962,1.0000039356083232,1.0000054446720557,-1.000004831354193,-1.0000048313541912,-1.0000045232659782,-1.0000028025504042,-1.0000015152038233,1.0000008388230708,1.0000008388230708,-1.0000005127157725,-1.0000005127157718,-0.9999989230596639,0.9999999310334282,0.9999986590092526,0.9999986590092521,1.000002746508427
1.0000022715897972,-1.0000030395069948,1.0000031284201685,1.0000038586249484,0.8090168858127974,-0.8090193134567943,0.3090164305548508,1.0000062188325332,-0.30901661325665497,0.30901841654254214,-0.8090219547183862,-1.0000011968827835,1.0000000016860593,1.000002364406127,1.0000030119125283,1.000003615611883,-1.0000028071312204,-1.000004256798188,-1.000003395745746,-1.0000049285251729,1.0000043147881836,1.0000043147881814,1.0000039999308032,1.0000022623439022,1.0000009825369414,-1.0000003049613453,-1.0000003049613446,0.9999999781117233,0.9999999781117231,0.9999983877530974,-0.9999993960861895,-0.9999981235599018,-0.999998123559901,-1.0000022058656601
1.0000022715897963,-1.0000030395069948,1.0000031284201691,1.0000038586249493,0.8090168858127981,-0.8090193134567956,0.3090164305548512,1.0000062188325338,-0.30901661325665486,0.30901841654254186,-0.8090219547183869,-1.0000011968827838,1.000002364406127,1.0000000016860593,1.000003011912529,1.0000036156118832,-1.00000280713122,-1.0000042567981884,-1.0000033957457461,-1.0000049285251726,1.000004314788183,1.0000043147881812,1.0000039999308028,1.0000022623439024,1.0000009825369407,-1.0000003049613444,-1.0000003049613444,0.9999999781117231,0.9999999781117229,0.9999983877530984,-0.9999993960861905,-0.9999981235599024,-0.999998123559902,-1.0000022058656601
1.0000029806666837,-1.0000037448749641,1.000003830592812,1.0000045593069258,0.8090165453013604,-0.8090189808636422,0.30901569828319775,1.0000064529991144,-0.30901740470227296,0.30901921141035876,-0.8090225481459073,-1.0000018407426858,1.0000030119125283,1.000003011912529,1.0000000025748508,1.0000042928024184,-1.0000016530871423,-1.0000049479655901,-1.0000040884337298,-1.000005275280553,1.0000046641842235,1.0000046641842215,1.0000044503540475,1.0000029586838912,1.0000015810943754,-1.0000009250879671,-1.0000009250879662,1.0000006151389458,1.0000006151389453,0.9999990545541341,-1.0000000450111997,-0.999998796068356,-0.9999987960683552,-1.0000029117136389
1.000003482762511,-1.000004253058342,1.00000434406847,1.0000050753719423,0.8090185504254509,-0.8090209743337278,0.3090175658348803,1.0000077379924812,-0.3090164784100195,0.309018275260176,-0.8090228282231315,-1.0000024498674025,1.000003615611883,1.0000036156118832,1.0000042928024184,1.0000000034567558,-1.0000041176438272,-1.0000037750039907,-1.0000029130419492,-1.0000063739219949,1.0000057589083393,1.0000057589083378,1.0000053770825363,1.0000034822215067,1.0000022584620478,-1.0000015650927536,-1.000001565092754,1.0000012253255162,1.0000012253255153,0.9999996106628447,-1.0000006337440341,-0.9999993417565689,-0.9999993417565682,-1.00000341922186
-1.00000283731237,1.0000035978408466,-1.000003680381808,-1.0000044076469548,-0.8090155596430991,0.8090180025608416,-0.30901477072108363,-1.00000583890538,0.30901786790017266,-0.3090196788646559,0.8090224171536933,1.0000033370238568,-1.0000028071312204,-1.00000280713122,-1.0000016530871423,-1.0000041176438272,1.0000000021796052,1.0000047868611388,1.0000039287852756,1.0000047725732384,-1.0000041639750832,-1.0000041639750814,-1.0000023454562568,-1.000002802635612,-0.9999996222970909,1.0000006920955702,1.0000006920955695,-1.0000003986813717,-1.0000003986813717,-0.9999988670984076,0.9999998401334184,0.999998614194547,0.9999986141945464,1.0000027651460943
-1.0000041059309146,1.0000048770950325,-1.0000032643945287,-1.0000057008120562,-0.8090194111769284,0.8090218325572578,-0.3090181718447049,-1.0000085063973496,0.3090163768901724,-0.3090181714846342,0.8090232514432046,1.00000479655962,-1.000004256798188,-1.0000042567981884,-1.0000049479655901,-1.0000037750039907,1.0000047868611388,1.0000000043555768,1.0000052454622155,1.0000071072814871,-1.0000064916714613,-1.0000064916714582,-1.0000060778606075,-1.0000041091622431,-1.0000029113718663,1.0000022106700333,1.0000022106700326,-1.0000018649796198,-1.0000018649796207,-1.000000239577498,1.000001269065917,0.9999999687506587,0.9999999687506577,1.0000040433478963
-1.0000032427889411,1.0000040141408333,-1.0000041062035887,-1.0000031334136366,-0.8090187464423242,0.8090211677168385,-0.30901794498401164,-1.0000076568547287,0.3090160802703024,-0.30901787501553796,0.8090225443976611,1.0000039356083232,-1.000003395745746,-1.0000033957457461,-1.0000040884337298,-1.0000029130419492,1.0000039287852756,1.0000052454622155,1.000000003125569,1.0000062546558455,-1.0000056389541776,-1.0000056389541758,-1.0000052225177143,-1.0000015418453319,-1.0000020521060278,1.0000013508561756,1.0000013508561754,-1.0000010047091217,-1.0000010047091212,-0.9999993783463504,1.000000408437128,0.9999991073182448,0.9999991073182435,1.0000031803240375
-1.0000052380964983,1.0000059810498725,-1.000006049276701,-1.0000067704040834,-0.8090169757366806,0.8090194402334765,-0.3090164605375264,-1.0000049112676155,0.30901640972752287,-0.30901824129635613,0.8090219013106152,1.0000054446720557,-1.0000049285251729,-1.0000049285251726,-1.000005275280553,-1.0000063739219949,1.0000047725732384,1.0000071072814871,1.0000062546558455,1.0000000041921688,-1.0000035715146613,-1.000003571514662,-1.000003760893218,-1.0000051450090286,-1.0000031316773852,1.000002536035232,1.000002536035232,-1.0000022719743769,-1.0000022719743769,-1.0000007886540965,1.0000017329270463,1.0000005450481673,1.000000545048167,1.0000051513041839
1.0000046217029748,-1.0000053648281482,1.000005433195344,1.0000061543142604,0.8090165945465737,-0.8090190581503668,0.3090164412527624,1.0000060166286349,-0.30901606190331143,0.30901789381783934,-0.8090213191049208,-1.000004831354193,1.0000043147881836,1.000004314788183,1.0000046641842235,1.0000057589083393,-1.0000041639750832,-1.0000064916714613,-1.0000056389541776,-1.0000035715146613,1.0000000033325147,1.0000046732492824,1.0000048597067246,1.0000045290164843,1.0000025227877418,-1.0000019270914549,-1.0000019270914557,1.0000016632047992,1.0000016632047997,1.0000001808763628,-1.0000011244725786,-0.9999999374838419,-0.9999999374838409,-1.0000045350288544
1.000004621702973,-1.000005364828146,1.0000054331953423,1.0000061543142584,0.8090165945465722,-0.809019058150366,0.3090164412527613,1.000006016628633,-0.30901606190331077,0.3090178938178389,-0.8090213191049198,-1.0000048313541912,1.0000043147881814,1.0000043147881812,1.0000046641842215,1.0000057589083378,-1.0000041639750814,-1.0000064916714582,-1.0000056389541758,-1.000003571514662,1.0000046732492824,1.0000000033325147,1.0000048597067224,1.000004529016482,1.0000025227877396,-1.0000019270914529,-1.0000019270914535,1.0000016632047979,1.000001663204797,1.000000180876361,-1.000001124472576,-0.9999999374838383,-0.9999999374838388,-1.0000045350288531
1.0000041679602876,-1.0000049199018841,1.0000049953740662,1.0000057195282681,0.8090164304879077,-0.8090188838968727,0.3090157350082729,1.0000063696797512,-0.3090171095445308,0.3090189305854608,-0.8090222297824742,-1.0000045232659782,1.0000039999308032,1.0000039999308028,1.0000044503540475,1.0000053770825363,-1.0000023454562568,-1.0000060778606075,-1.0000052225177143,-1.000003760893218,1.0000048597067246,1.0000048597067224,1.000000003490866,1.0000041043757775,1.0000023645750062,-1.0000017491953637,-1.0000017491953648,1.0000014705041955,1.0000014705041953,0.9999999635260498,-1.0000009218963841,-0.9999997152620013,-0.9999997152620009,-1.0000040885600132
1.0000021053431514,-1.0000028768389528,1.0000029691190713,1.0000037010721947,0.8090179522707672,-0.8090203722497555,0.3090177564892914,1.0000065563035363,-0.3090155960620591,0.3090173912074268,-0.8090215704981965,-1.0000028025504042,1.0000022623439022,1.0000022623439024,1.0000029586838912,1.0000034822215067,-1.000002802635612,-1.0000041091622431,-1.0000015418453319,-1.0000051450090286,1.0000045290164843,1.000004529016482,1.0000041043757775,1.0000000015046109,1.000000921773366,-1.0000002187007269,-1.0000002187007273,0.9999998711670355,0.9999998711670358,0.9999982425977567,-0.9999992739402364,-0.9999979712464556,-0.9999979712464552,-1.0000020430812535
1.0000009411566884,-1.0000017063649844,1.0000017925689926,1.0000025214026018,0.8090133262872558,-0.8090157661185357,0.3090127230535709,1.0000042429355507,-0.30901896352633934,0.3090207690117018,-0.8090221159992119,-1.0000015152038233,1.0000009825369414,1.0000009825369407,1.0000015810943754,1.0000022584620478,-0.9999996222970909,-1.0000029113718663,-1.0000020521060278,-1.0000031316773852,1.0000025227877418,1.0000025227877396,1.0000023645750062,1.000000921773366,0.9999999997155343,-0.9999972634420173,-0.9999972634420167,0.9999986765804237,0.9999986765804229,0.9999971492765745,-0.9999981196491909,-0.9999968972431749,-0.9999968972431735,-1.000000872785258
-1.000000231137645,1.0000009983893035,-1.0000010862589424,-1.000001815806612,-0.8090124090143708,0.8090148472321655,-0.30901180148829566,-1.0000036668962802,0.30901954474412746,-0.30902134783786833,0.8090221232497578,1.0000008388230708,-1.0000003049613453,-1.0000003049613444,-1.0000009250879671,-1.0000015650927536,1.0000006920955702,1.0000022106700333,1.0000013508561756,1.000002536035232,-1.0000019270914549,-1.0000019270914529,-1.0000017491953637,-1.0000002187007269,-0.9999972634420173,0.9999999988135984,0.9999983361714178,-0.9999963409504435,-0.9999980456004053,-0.9999965203874475,0.99999748942521,0.9999962688490186,0.9999962688490186,1.0000001644927237
-1.0000002311376457,1.0000009983893037,-1.0000010862589426,-1.0000018158066115,-0.8090124090143708,0.8090148472321669,-0.309011801488296,-1.0000036668962804,0.3090195447441271,-0.30902134783786783,0.8090221232497569,1.0000008388230708,-1.0000003049613446,-1.0000003049613444,-1.0000009250879662,-1.000001565092754,1.0000006920955695,1.0000022106700326,1.0000013508561754,1.000002536035232,-1.0000019270914557,-1.0000019270914535,-1.0000017491953648,-1.0000002187007273,-0.9999972634420167,0.9999983361714178,0.9999999988135984,-0.9999980456004061,-0.9999963409504378,-0.9999965203874477,0.99999748942521,0.9999962688490186,0.9999962688490193,1.0000001644927232
0.9999998777860415,-1.0000006466865308,1.0000007359269811,1.000001466128943,0.8090118107448036,-0.8090142479892508,0.30901107309410475,1.0000034171529564,-0.309020130464782,0.3090219313945286,-0.8090223329394136,-1.0000005127157725,0.9999999781117233,0.9999999781117231,1.0000006151389458,1.0000012253255162,-1.0000003986813717,-1.0000018649796198,-1.0000010047091217,-1.0000022719743769,1.0000016632047992,1.0000016632047979,1.0000014705041955,0.9999998711670355,0.9999986765804237,-0.9999963409504435,-0.9999980456004061,0.9999999983997109,0.9999977557349065,0.9999962316839918,-0.999995495333811,-0.9999959804870849,-0.9999959804870844,-0.999999812581183
0.9999998777860418,-1.0000006466865308,1.00000073592698,1.0000014661289427,0.8090118107448033,-0.8090142479892507,0.3090110730941057,1.000003417152957,-0.30902013046478105,0.3090219313945277,-0.8090223329394127,-1.0000005127157718,0.9999999781117231,0.9999999781117229,1.0000006151389453,1.0000012253255153,-1.0000003986813717,-1.0000018649796207,-1.0000010047091212,-1.0000022719743769,1.0000016632047997,1.000001663204797,1.0000014705041953,0.9999998711670358,0.9999986765804229,-0.9999980456004053,-0.9999963409504378,0.9999977557349065,0.9999999983997109,0.9999962316839908,-0.9999954953338126,-0.9999959804870846,-0.9999959804870844,-0.9999998125811826
0.9999982380437734,-0.9999990097992997,0.9999991016276765,0.9999998332762862,0.8090097967704956,-0.8090122325690601,0.309009259292989,1.0000019563247486,-0.30902106036273647,0.30902285751975567,-0.8090220077490388,-0.9999989230596639,0.9999983877530974,0.9999983877530984,0.9999990545541341,0.9999996106628447,-0.9999988670984076,-1.000000239577498,-0.9999993783463504,-1.0000007886540965,1.0000001808763628,1.000000180876361,0.9999999635260498,0.9999982425977567,0.9999971492765745,-0.9999965203874475,-0.9999965203874477,0.9999962316839918,0.9999962316839908,0.9999999962268101,-0.9999939715346144,-0.9999927533367672,-0.9999927533367652,-0.9999981755977715
-0.9999992761072537,1.0000000462335985,-1.0000001365011673,-1.0000008672656708,-0.8090110663539009,0.8090135032212892,-0.3090103919300216,-1.0000028873272226,0.30902049162387185,-0.30902229086579414,0.8090222292305475,0.9999999310334282,-0.9999993960861895,-0.9999993960861905,-1.0000000450111997,-1.0000006337440341,0.9999998401334184,1.000001269065917,1.000000408437128,1.0000017329270463,-1.0000011244725786,-1.000001124472576,-1.0000009218963841,-0.9999992739402364,-0.9999981196491909,0.99999748942521,0.99999748942521,-0.999995495333811,-0.9999954953338126,-0.9999939715346144,0.9999999976072034,0.9999954251531614,0.9999954251531614,0.9999992119989966
-0.9999979646931112,0.9999987368296598,-0.9999988291398466,-0.9999995610295492,-0.8090094288190705,0.8090118637699508,-0.30900890022582933,-1.0000017169050117,0.30902127587327993,-0.3090230726894522,0.8090219951818384,0.9999986590092526,-0.9999981235599018,-0.9999981235599024,-0.999998796068356,-0.9999993417565689,0.999998614194547,0.9999999687506587,0.9999991073182448,1.0000005450481673,-0.9999999374838419,-0.9999999374838383,-0.9999997152620013,-0.9999979712464556,-0.9999968972431749,0.9999962688490186,0.9999962688490186,-0.9999959804870849,-0.9999959804870846,-0.9999927533367672,0.9999954251531614,0.999999995869776,0.9999942078186655,0.999997902749575
-0.9999979646931096,0.9999987368296593,-0.9999988291398474,-0.9999995610295486,-0.8090094288190701,0.8090118637699506,-0.30900890022582755,-1.000001716905012,0.30902127587328126,-0.3090230726894538,0.8090219951818386,0.9999986590092521,-0.999998123559901,-0.999998123559902,-0.9999987960683552,-0.9999993417565682,0.9999986141945464,0.9999999687506577,0.9999991073182435,1.000000545048167,-0.9999999374838409,-0.9999999374838388,-0.9999997152620009,-0.9999979712464552,-0.9999968972431735,0.9999962688490186,0.9999962688490193,-0.9999959804870844,-0.9999959804870844,-0.9999927533367652,0.9999954251531614,0.9999942078186655,0.999999995869776,0.9999979027495741
-1.000002035731068,1.0000028078738912,-1.0000011962027244,-1.000003633218979,-0.8090182026163796,0.8090206210632837,-0.3090181188617729,-1.0000065862916094,0.3090152727693534,-0.30901706598993517,0.8090213959221256,1.000002746508427,-1.0000022058656601,-1.0000022058656601,-1.0000029117136389,-1.00000341922186,1.0000027651460943,1.0000040433478963,1.0000031803240375,1.0000051513041839,-1.0000045350288544,-1.0000045350288531,-1.0000040885600132,-1.0000020430812535,-1.000000872785258,1.0000001644927237,1.0000001644927232,-0.999999812581183,-0.9999998125811826,-0.9999981755977715,0.9999992119989966,0.999997902749575,0.9999979027495741,1.00000000140795
