0.999999999913648,-0.9999998667655703,-0.9999998667655681,-0.9999998667655681,0.0,0.0,0.0,0.0,0.0,0.0,0.0,0.0,0.0,0.0,0.0,0.0,0.0,0.0,0.0,0.0
-0.9999998667655703,0.9999999998912947,0.9999998484871889,0.9999998484871891,0.0,0.0,0.0,0.0,0.0,0.0,0.0,0.0,0.0,0.0,0.0,0.0,0.0,0.0,0.0,0.0
-0.9999998667655681,0.9999998484871889,0.9999999998912947,0.9999998484871901,0.0,0.0,0.0,0.0,0.0,0.0,0.0,0.0,0.0,0.0,0.0,0.0,0.0,0.0,0.0,0.0
-0.9999998667655681,0.9999998484871891,0.9999998484871901,0.9999999998912947,0.0,0.0,0.0,0.0,0.0,0.0,0.0,0.0,0.0,0.0,0.0,0.0,0.0,0.0,0.0,0.0
0.0,0.0,0.0,0.0,0.999999999913648,-0.999999866765567,-0.9999998667655708,-0.9999998667655657,0.0,0.0,0.0,0.0,0.0,0.0,0.0,0.0,0.0,0.0,0.0,0.0
0.0,0.0,0.0,0.0,-0.999999866765567,0.9999999998912947,0.9999998484871884,0.9999998484871897,0.0,0.0,0.0,0.0,0.0,0.0,0.0,0.0,0.0,0.0,0.0,0.0
0.0,0.0,0.0,0.0,-0.9999998667655708,0.9999998484871884,0.9999999998912947,0.9999998484871903,0.0,0.0,0.0,0.0,0.0,0.0,0.0,0.0,0.0,0.0,0.0,0.0
0.0,0.0,0.0,0.0,-0.9999998667655657,0.9999998484871897,0.9999998484871903,0.9999999998912947,0.0,0.0,0.0,0.0,0.0,0.0,0.0,0.0,0.0,0.0,0.0,0.0
0.0,0.0,0.0,0.0,0.0,0.0,0.0,0.0,0.999999999913648,-0.999999866765567,-0.9999998667655708,-0.9999998667655657,0.0,0.0,0.0,0.0,0.0,0.0,0.0,0.0
0.0,0.0,0.0,0.0,0.0,0.0,0.0,0.0,-0.999999866765567,0.9999999998912947,0.9999998484871884,0.9999998484871897,0.0,0.0,0.0,0.0,0.0,0.0,0.0,0.0
0.0,0.0,0.0,0.0,0.0,0.0,0.0,0.0,-0.9999998667655708,0.9999998484871884,0.9999999998912947,0.9999998484871903,0.0,0.0,0.0,0.0,0.0,0.0,0.0,0.0
0.0,0.0,0.0,0.0,0.0,0.0,0.0,0.0,-0.9999998667655657,0.9999998484871897,0.9999998484871903,0.9999999998912947,0.0,0.0,0.0,0.0,0.0,0.0,0.0,0.0
0.0,0.0,0.0,0.0,0.0,0.0,0.0,0.0,0.0,0.0,0.0,0.0,1.0000000000910798,-1.0000001052157212,1.0000001269459713,0.9999999697440489,-0.8090169246097649,0.3090169611746233,-0.8090169246097647,0.30901696117462374
0.0,0.0,0.0,0.0,0.0,0.0,0.0,0.0,0.0,0.0,0.0,0.0,-1.0000001052157212,1.0000000000560227,-1.00000010521572,-0.9999999480137983,0.8090169048447261,-0.30901695362504905,0.8090169048447252,-0.3090169536250496
0.0,0.0,0.0,0.0,0.0,0.0,0.0,0.0,0.0,0.0,0.0,0.0,1.0000001269459713,-1.00000010521572,1.0000000000910798,0.9999999697440481,-0.8090169246097652,0.309016961174624,-0.8090169246097633,0.30901696117462285
0.0,0.0,0.0,0.0,0.0,0.0,0.0,0.0,0.0,0.0,0.0,0.0,0.9999999697440489,-0.9999999480137983,0.9999999697440481,0.999999999865505,-0.8090168001314112,0.3090169125965512,-0.8090168001314146,0.30901691259655095
0.0,0.0,0.0,0.0,0.0,0.0,0.0,0.0,0.0,0.0,0.0,0.0,-0.8090169246097649,0.8090169048447261,-0.8090169246097652,-0.8090168001314112,1.0000000000178606,-0.8090172514681039,0.30901657754205863,0.30901740907694364
0.0,0.0,0.0,0.0,0.0,0.0,0.0,0.0,0.0,0.0,0.0,0.0,0.3090169611746233,-0.30901695362504905,0.309016961174624,0.3090169125965512,-0.8090172514681039,1.0000000003384657,0.3090174090769468,-0.8090175341070044
0.0,0.0,0.0,0.0,0.0,0.0,0.0,0.0,0.0,0.0,0.0,0.0,-0.8090169246097647,0.8090169048447252,-0.8090169246097633,-0.8090168001314146,0.30901657754205863,0.3090174090769468,1.0000000000178606,-0.8090172514680998
0.0,0.0,0.0,0.0,0.0,0.0,0.0,0.0,0.0,0.0,0.0,0.0,0.30901696117462374,-0.3090169536250496,0.30901696117462285,0.30901691259655095,0.30901740907694364,-0.8090175341070044,-0.8090172514680998,1.0000000003384657
