0.9999999994667412,-0.9999985008378257,0.30877429753080726,-0.30879905661811785,0.8094507660609951,-0.8093906021136998,-0.8094819275979422,0.8094177594994019,0.05081140249544246,-0.05087279683108763,-0.05078044624696096,-0.018447520404007337,0.018502428820842673,0.01841993731681402,-0.01403694461775406,0.013991861091697817,0.014059471847210177,0.3089156503368971,-0.8089899843028169,0.3090104685627179,-0.3093449715399093,-0.30881230870312787,0.8092790028113558,-0.3089711412129734,0.30892360550547004,0.30898746877178884,0.308987468771785,-0.24668053138078355,0.3087303394273615,0.08276583733385531,1.0000018800838208,-0.8089603342193231,0.8088687367984382,-0.30897600060717045,-0.9999596531062397,-0.2434517178173596,0.07800776059420157,-0.04626371901889916
-0.9999985008378257,0.9999999990062466,-0.3087696976208695,0.30879445638971487,-0.8094479890047285,0.8093878202003908,0.8094791529869012,-0.8094149799616268,-0.050791190325931865,0.050852584422942416,0.050760234193034104,0.01842757840857907,-0.01848248621162088,-0.018399995627254834,0.0140563957523474,-0.014011313179033735,-0.014078922504586361,-0.30891106954816183,0.8089869539987292,-0.30901483130551016,0.30934060267021835,0.3088165876810195,-0.8092762113174079,0.3089754397733305,-0.30892790829638006,-0.3089917659202736,-0.3089917659202698,0.24666485500473637,-0.30872571912327335,-0.08274558048169092,-1.0000011306699268,0.8089628444655599,-0.8088712688095894,0.30898033282270315,0.9999594934700446,0.24346003823944454,-0.07802559805787729,0.04628246686771273
0.30877429753080726,-0.3087696976208695,1.0000000000912885,-0.9999992453212277,0.8082898102828842,-0.8083544659848555,-0.8082565049587728,0.8083256741589571,0.1545240438058867,-0.15469030291371796,-0.1544405423386006,-0.04952143786972602,0.04969275069108391,0.0494354577977409,-0.05576859514972922,0.05560175535599448,0.05585226483526379,0.9999981588518229,-0.8088971796567033,-0.8091643684653346,-0.9999378782308889,0.8092770646227899,0.808476024920812,0.8091814409856,-0.8092117343546291,-0.8091714625768127,-0.8091714625768118,-0.7928376668796714,0.9999993495098441,0.25820782768541173,0.3087618622808049,0.309349279688382,-0.30949176686743535,0.8091861451485176,-0.30833819426718373,-0.7948686042570985,0.26262197686892336,-0.16003231163710926
-0.30879905661811785,0.30879445638971487,-0.9999992453212277,0.9999999994428818,-0.8083046160140859,0.8083692734987781,0.8082713098275697,-0.8083404806981179,-0.15454161078308284,0.15470786962931862,0.15445810944753846,0.049539245866915736,-0.04971055851098307,-0.049453265885160524,0.055750744312320515,-0.05558390461174795,-0.055834413948265944,-0.9999972628951485,0.8089121919584784,0.8091485845190454,0.999937231894356,-0.8092612094498369,-0.8084908362337172,-0.8091656001768388,0.809195898305537,0.8091556201645805,0.8091556201645812,0.7928481841700744,-0.9999984837982546,-0.2582249567248613,-0.3087866205066148,-0.30932423539652587,0.3094667428685687,-0.8091703344239671,0.30836281070532395,0.7948574078624642,-0.26260463051258026,0.16001461552396096
0.8094507660609951,-0.8094479890047285,0.8082898102828842,-0.8083046160140859,1.0000000001773126,-0.9999994913871642,-1.0000000586860263,1.0000004347953384,0.11369898295328966,-0.113839938669302,-0.11362811166879842,-0.02871929717557293,0.028859127917146215,0.02864910061305782,-0.056364847927507296,0.056234093237746745,0.05643037072544397,0.8083888135736517,-0.9999220238993838,-0.30819885229992605,-0.8087592877987874,0.30844759900609275,0.9999999319449195,0.3082769214900415,-0.30832225432908483,-0.30826158765506667,-0.3082615876550696,-0.6339092490447904,0.8082484415118737,0.1977588810670937,0.8094454989345323,-0.30971115830770024,0.30958076519471445,0.30825420117462576,-0.8092658165515612,-0.6493136331692404,0.22317864323102313,-0.14050997962840764
-0.8093906021136998,0.8093878202003908,-0.8083544659848555,0.8083692734987781,-0.9999994913871642,0.9999999997511794,1.000000124177908,-0.9999997094267861,-0.11393203424305112,0.11407299393325442,0.11386116102052175,0.02894799199885923,-0.029087831671396093,-0.02887779098091038,0.05614303751471071,-0.056012269436372435,-0.056208567026457074,-0.8084532397162917,0.9999246490365604,0.30830024566189324,0.8088212532701485,-0.3085480223979048,-0.999999359096208,-0.30837757761170487,0.3084229564043993,0.30836222847969147,0.3083622284796938,0.6340981079071862,-0.8083133339837008,-0.19799369129252103,-0.8093853203136709,0.3096111531511481,-0.3094805126721961,-0.3083552431828318,0.8092037651728624,0.6492280396502795,-0.22297778143129385,0.14029746918159786
-0.8094819275979422,0.8094791529869012,-0.8082565049587728,0.8082713098275697,-1.0000000586860263,1.000000124177908,1.0000000005263816,-1.0000006556047147,-0.1135817836793624,0.11372273727501886,0.11351091343052168,0.028604373105280807,-0.02874419922164246,-0.028534178850552736,0.056476226658281024,-0.05634547884049576,-0.05654174601009669,-0.8083556237597761,0.9999207749078411,0.308146512322306,0.8087273347699571,-0.3083957464259749,-1.0000000757664838,-0.3082249519040381,0.3082702616830653,0.30820962574448135,0.3082096257444836,0.6338137222222505,-0.8082150171868772,-0.19764071257282123,-0.8094766678616775,0.3097628441208092,-0.30963257532961264,-0.30820203772204824,0.8092979267452196,0.6493559737916026,-0.22327932770930442,0.14061660046304175
0.8094177594994019,-0.8094149799616268,0.8083256741589571,-0.8083404806981179,1.0000004347953384,-0.9999997094267861,-1.0000006556047147,1.0000000004540053,0.11381763577424209,-0.11395859397856663,-0.11374676326987901,-0.02883541761746363,0.02897525340728085,0.02876521853503733,-0.05625254264781505,0.05612178063079872,0.05631806912039627,0.8084245604849798,-0.9999237129375863,-0.30825488836056336,-0.8087937849169388,0.3085031428811705,1.000000212940783,0.30833258358981297,-0.30837793968157945,-0.30831724201684313,-0.30831724201684596,-0.634007457235532,0.808284425627229,0.19787874491014276,0.8094124848685695,-0.30965604700497507,0.3095255281862636,0.30831005901121267,-0.809231851097313,-0.6492726766023182,0.2230775973948689,-0.14040271115425432
0.05081140249544246,-0.050791190325931865,0.1545240438058867,-0.15454161078308284,0.11369898295328966,-0.11393203424305112,-0.1135817836793624,0.11381763577424209,0.999999999369307,-0.999998694298626,-0.9999988897805013,-0.9944281545777043,0.9944460378766596,0.9944192870052057,0.9778329028778358,-0.9778675458107655,-0.9778155638783239,0.1535763697814213,-0.12628536539413432,-0.12127060838033857,-0.14300411393714266,0.11708053688408483,0.11439275669728412,0.11805948617442824,-0.11827136079463513,-0.11798873451053973,-0.11798873451053905,-0.7246291726264901,0.15554192326731428,0.9943852841143643,0.0507513838139127,0.04423116884120121,-0.04531268147554359,0.11974300133671208,-0.042654927778068,0.4766626838863925,-0.9127254776701795,0.9505256449342422
-0.05087279683108763,0.050852584422942416,-0.15469030291371796,0.15470786962931862,-0.113839938669302,0.11407299393325442,0.11372273727501886,-0.11395859397856663,-0.999998694298626,0.999999999399291,0.9999993095641245,0.9944104236961658,-0.9944279084845206,-0.9944015417008035,-0.9777976754408519,0.9778323458067123,0.9777803226838157,-0.15374265511284585,0.12642608567211255,0.1213989747796424,0.14317067257313418,-0.1172090347057777,-0.11453372328181242,-0.1181879404686456,0.11839981509349606,0.11811718882106866,0.1181171888210682,0.7247451454626871,-0.15570815493397194,-0.9944026714466976,-0.05081277768536177,-0.04427255760819445,0.045354066548235254,-0.11987141200463144,0.042716463806946665,-0.47651475660154796,0.9126567311294906,-0.9504733773318523
-0.05078044624696096,0.050760234193034104,-0.1544405423386006,0.15445810944753846,-0.11362811166879842,0.11386116102052175,0.11351091343052168,-0.11374676326987901,-0.9999988897805013,0.9999993095641245,0.9999999996626789,0.9944372676632125,-0.9944551365303561,-0.9944284073354818,-0.9778508033076984,0.9778854324655383,0.9778334712163448,-0.15349285492439912,0.1262146150814513,0.12120621284927623,0.1429204595249932,-0.11701607443713395,-0.11432188012567678,-0.11799504581593717,0.11820692047241113,0.1179242941310294,0.11792429413102876,0.7245710536975989,-0.15545843580291357,-0.9943765381551264,-0.05072042778542215,-0.04421050349380371,0.045292018200900126,-0.11967858324522139,0.042623898644704186,-0.47673710477956094,0.9127602056459867,-0.9505521012046425
-0.018447520404007337,0.01842757840857907,-0.04952143786972602,0.049539245866915736,-0.02871929717557293,0.02894799199885923,0.028604373105280807,-0.02883541761746363,-0.9944281545777043,0.9944104236961658,0.9944372676632125,0.9999999993128851,-0.9999984095900417,-0.9999988170294267,-0.9944559590755525,0.994473179955174,0.9944473575635531,-0.04856363389330568,0.04137824298573167,0.03625008595423358,0.037882425039328226,-0.032002260685827004,-0.02940077020046135,-0.03300209375247895,0.03321305004133328,0.032931634064473955,0.032931634064473296,0.6479513264188098,-0.05055050939742154,-0.97769110477733,-0.01838817349867937,-0.01168532171682699,0.012763438519914436,-0.03470348246111606,0.010248547685983751,-0.5666694335404543,0.9507069094914553,-0.9779744561584873
0.018502428820842673,-0.01848248621162088,0.04969275069108391,-0.04971055851098307,0.028859127917146215,-0.029087831671396093,-0.02874419922164246,0.02897525340728085,0.9944460378766596,-0.9944279084845206,-0.9944551365303561,-0.9999984095900417,0.9999999990507614,0.9999990308180025,0.9944377257877567,-0.9944545479149912,-0.994429109988417,0.04873495503936336,-0.04151806630431764,-0.03638747988825603,-0.038053829882745124,0.03213971134287384,0.029540626468791055,0.03313951898739467,-0.033350478727017435,-0.03306905816969436,-0.03306905816969364,-0.6480818516976391,0.0507218130225858,0.9777269408184335,0.018443080311447275,0.011736310340496475,-0.01281444232937774,0.034840893669391734,-0.010303452842297415,0.5665279878016632,-0.9506535312053883,0.9779384596780852
0.01841993731681402,-0.018399995627254834,0.0494354577977409,-0.049453265885160524,0.02864910061305782,-0.02887779098091038,-0.028534178850552736,0.02876521853503733,0.9944192870052057,-0.9944015417008035,-0.9944284073354818,-0.9999988170294267,0.9999990308180025,0.9999999996156108,0.9944652191714263,-0.9944824257538185,-0.9944566248295086,0.04847764953447715,-0.04130805154850995,-0.036181144734832374,-0.03779639749292856,0.0319332905278383,0.029330560906329285,0.032933136467125194,-0.03314409104591349,-0.032862677338821485,-0.03286267733882083,-0.6478858837144951,0.05046453405471899,0.9776732245246348,0.018360591209943808,0.01165975615523254,-0.012737865452556695,0.03463453240186,-0.010220965337980227,0.5667404898860682,-0.9507338048233003,0.977992630173398
-0.01403694461775406,0.0140563957523474,-0.05576859514972922,0.055750744312320515,-0.056364847927507296,0.05614303751471071,0.056476226658281024,-0.05625254264781505,0.9778329028778358,-0.9777976754408519,-0.9778508033076984,-0.9944559590755525,0.9944377257877567,0.9944652191714263,0.999999999274464,-0.9999982055058824,-0.9999987639832052,-0.05672587156446376,0.0437740375233015,0.04896252972054372,0.06739719752301762,-0.05322081276967337,-0.055703210145054326,-0.052211246777111496,0.05200354801369214,0.052280633160213516,0.052280633160214224,-0.5642727026328511,-0.05473978243312823,0.9501861983678831,-0.01409496264616451,-0.0209122938585363,0.019849531398073935,-0.050510914713863625,0.022187299698221644,0.6501613136547405,-0.9780405779310551,0.9944991399346493
0.013991861091697817,-0.014011313179033735,0.05560175535599448,-0.05558390461174795,0.056234093237746745,-0.056012269436372435,-0.05634547884049576,0.05612178063079872,-0.9778675458107655,0.9778323458067123,0.9778854324655383,0.994473179955174,-0.9944545479149912,-0.9944824257538185,-0.9999982055058824,0.9999999987973527,0.9999988283659323,0.05655904173484365,-0.04364306317698185,-0.04882357215444919,-0.0672304770862427,0.053081875863000685,0.05557241670034355,0.052072315856194054,-0.051864610425567025,-0.05214170443939846,-0.05214170443939918,0.5644104463621564,0.05457293319194835,-0.9502379433927468,0.014049881769666105,0.020854255359838588,-0.019791459824665885,0.05037196764701728,-0.022142363229804198,-0.6500341401256771,0.9780054167754454,-0.9944808668548187
0.014059471847210177,-0.014078922504586361,0.05585226483526379,-0.055834413948265944,0.05643037072544397,-0.056208567026457074,-0.05654174601009669,0.05631806912039627,-0.9778155638783239,0.9777803226838157,0.9778334712163448,0.9944473575635531,-0.994429109988417,-0.9944566248295086,-0.9999987639832052,0.9999988283659323,0.9999999995781778,0.05680953627322432,-0.04383967010133378,-0.04903226728788072,-0.06748080769950063,0.05329054010836584,0.055768752376055185,0.05228097109099221,-0.05207327566047905,-0.05235035637436102,-0.05235035637436176,0.564203645716502,0.0548234568249746,-0.9501602819572956,0.014117488548314867,0.02094148203371549,-0.019878736118875882,0.050580647066753456,-0.022209753452211156,-0.6502251119138874,0.9780582446875827,-0.9945081238801695
0.3089156503368971,-0.30891106954816183,0.9999981588518229,-0.9999972628951485,0.8083888135736517,-0.8084532397162917,-0.8083556237597761,0.8084245604849798,0.1535763697814213,-0.15374265511284585,-0.15349285492439912,-0.04856363389330568,0.04873495503936336,0.04847764953447715,-0.05672587156446376,0.05655904173484365,0.05680953627322432,0.999999997956962,-0.8089835199022176,-0.8090764473477177,-0.9999471805435491,0.8091936823376203,0.8085743453908708,0.8090970732331004,-0.809127171461746,-0.8090871599287672,-0.8090871599287686,-0.7922517180689391,0.9999963846992055,0.2572809489881336,0.3089032725614443,0.3092071968604259,-0.30934866256558896,0.8091001423136663,-0.30848741800994245,-0.7954488570688016,0.2635466777090547,-0.1609785160637711
-0.8089899843028169,0.8089869539987292,-0.8088971796567033,0.8089121919584784,-0.9999220238993838,0.9999246490365604,0.9999207749078411,-0.9999237129375863,-0.12628536539413432,0.12642608567211255,0.1262146150814513,0.04137824298573167,-0.04151806630431764,-0.04130805154850995,0.0437740375233015,-0.04364306317698185,-0.04383967010133378,-0.8089835199022176,1.000000003255445,0.3090671304201916,0.8092188345166366,-0.3092619638825172,-0.9999305064557843,-0.3091040466579681,0.3091520210376083,0.3090878309173715,0.30908783091737474,0.6420967914575582,-0.808868874470823,-0.21013133805137837,-0.8089835338143081,0.30888112934823525,-0.308737123973685,-0.3091028743693929,0.808701154351669,0.6421241348627831,-0.21113764951022906,0.12812578583658432
0.3090104685627179,-0.30901483130551016,-0.8091643684653346,0.8091485845190454,-0.30819885229992605,0.30830024566189324,0.308146512322306,-0.30825488836056336,-0.12127060838033857,0.1213989747796424,0.12120621284927623,0.03625008595423358,-0.03638747988825603,-0.036181144734832374,0.04896252972054372,-0.04882357215444919,-0.04903226728788072,-0.8090764473477177,0.3090671304201916,0.999999993180391,0.808771412430174,-0.9999886771604699,-0.3084898964403156,-0.9999892971172568,0.9999898296615435,0.999989537203906,0.9999895372039043,0.6392374591157425,-0.809188815005539,-0.20524618387180238,0.3090244163718034,-0.8090643212222304,0.8091486295985427,-0.9999933850026125,-0.30940673402729885,0.6455410452165417,-0.21621639265098377,0.13328749946971977
-0.3093449715399093,0.30934060267021835,-0.9999378782308889,0.999937231894356,-0.8087592877987874,0.8088212532701485,0.8087273347699571,-0.8087937849169388,-0.14300411393714266,0.14317067257313418,0.1429204595249932,0.037882425039328226,-0.038053829882745124,-0.03779639749292856,0.06739719752301762,-0.0672304770862427,-0.06748080769950063,-0.9999471805435491,0.8092188345166366,0.808771412430174,1.0000000084011085,-0.8089334102517972,-0.8089370620059004,-0.8088264104000052,0.8088542846647299,0.8088172397055872,0.8088172397055875,0.7856881959024606,-0.9999250631302938,-0.2469365721240416,-0.3093332267246765,-0.3087458220559897,0.30887583768097937,-0.808811263169488,0.3090043634459783,0.8018881728067538,-0.2738468733685829,0.17152239971065372
-0.30881230870312787,0.3088165876810195,0.8092770646227899,-0.8092612094498369,0.30844759900609275,-0.3085480223979048,-0.3083957464259749,0.3085031428811705,0.11708053688408483,-0.1172090347057777,-0.11701607443713395,-0.032002260685827004,0.03213971134287384,0.0319332905278383,-0.05322081276967337,0.053081875863000685,0.05329054010836584,0.8091936823376203,-0.3092619638825172,-0.9999886771604699,-0.8089334102517972,1.0000000036403134,0.30873575256334673,1.000001409835636,-1.0000006327915227,-1.0000019445761417,-1.0000019445761401,-0.6367314301723603,0.8092971139492252,0.2011610565200587,-0.30882600619800116,0.8089383199339062,-0.809017231700482,0.9999986697832899,0.3091737328114526,-0.6482146528312969,0.22035512363486928,-0.13750927270645089
0.8092790028113558,-0.8092762113174079,0.808476024920812,-0.8084908362337172,0.9999999319449195,-0.999999359096208,-1.0000000757664838,1.000000212940783,0.11439275669728412,-0.11453372328181242,-0.11432188012567678,-0.02940077020046135,0.029540626468791055,0.029330560906329285,-0.055703210145054326,0.05557241670034355,0.055768752376055185,0.8085743453908708,-0.9999305064557843,-0.3084898964403156,-0.8089370620059004,0.30873575256334673,1.0000000001152844,0.3085657680907892,-0.3086112381299459,-0.3085503885782945,-0.3085503885782969,-0.6344670989474718,0.8084353615264044,0.1984572206114476,0.8092736920912951,-0.30942465917746764,0.30929352906559476,0.308544198045404,-0.8090880032868357,-0.6490532579354295,0.2225781055936761,-0.13987538544010553
-0.3089711412129734,0.3089754397733305,0.8091814409856,-0.8091656001768388,0.3082769214900415,-0.30837757761170487,-0.3082249519040381,0.30833258358981297,0.11805948617442824,-0.1181879404686456,-0.11799504581593717,-0.03300209375247895,0.03313951898739467,0.032933136467125194,-0.052211246777111496,0.052072315856194054,0.05228097109099221,0.8090970732331004,-0.3091040466579681,-0.9999892971172568,-0.8088264104000052,1.000001409835636,0.3085657680907892,0.9999999991094847,-0.9999981755055213,-0.999998789907087,-0.9999987899070841,-0.63726859746077,0.8092025336050508,0.20210806433684522,-0.3089848976360766,0.809037538043271,-0.809117935552377,0.9999977243255525,0.30934077617994,-0.6475283558043534,0.21935951969256892,-0.13650113495643937
0.30892360550547004,-0.30892790829638006,-0.8092117343546291,0.809195898305537,-0.30832225432908483,0.3084229564043993,0.3082702616830653,-0.30837793968157945,-0.11827136079463513,0.11839981509349606,0.11820692047241113,0.03321305004133328,-0.033350478727017435,-0.03314409104591349,0.05200354801369214,-0.051864610425567025,-0.05207327566047905,-0.809127171461746,0.3091520210376083,0.9999898296615435,0.8088542846647299,-1.0000006327915227,-0.3086112381299459,-0.9999981755055213,0.9999999989327579,0.9999990543571275,0.9999990543571254,0.6374204201259129,-0.8092330410859881,-0.20231848783815434,0.30893737436088786,-0.8090086345618679,0.8090892631066482,-0.9999975066739616,-0.3092949656625008,0.6474251829396038,-0.21916512212313488,0.13629897106798172
0.30898746877178884,-0.3089917659202736,-0.8091714625768127,0.8091556201645805,-0.30826158765506667,0.30836222847969147,0.30820962574448135,-0.30831724201684313,-0.11798873451053973,0.11811718882106866,0.1179242941310294,0.032931634064473955,-0.03306905816969436,-0.032862677338821485,0.052280633160213516,-0.05214170443939846,-0.05235035637436102,-0.8090871599287672,0.3090878309173715,0.999989537203906,0.8088172397055872,-1.0000019445761417,-0.3085503885782945,-0.999998789907087,0.9999990543571275,0.9999999997787848,0.9999996894852715,0.6372179949881448,-0.8091924837009643,-0.20203781197155576,0.3090012210474399,-0.8090477286194647,0.8091280489506961,-0.9999980722753657,-0.30935652759304577,0.6475629308957607,-0.21942449211031023,0.13656868716401022
0.308987468771785,-0.3089917659202698,-0.8091714625768118,0.8091556201645812,-0.3082615876550696,0.3083622284796938,0.3082096257444836,-0.30831724201684596,-0.11798873451053905,0.1181171888210682,0.11792429413102876,0.032931634064473296,-0.03306905816969364,-0.03286267733882083,0.052280633160214224,-0.05214170443939918,-0.05235035637436176,-0.8090871599287686,0.30908783091737474,0.9999895372039043,0.8088172397055875,-1.0000019445761401,-0.3085503885782969,-0.9999987899070841,0.9999990543571254,0.9999996894852715,0.9999999997787848,0.6372179949881449,-0.8091924837009649,-0.20203781197155507,0.3090012210474358,-0.8090477286194608,0.8091280489506918,-0.9999980722753642,-0.3093565275930421,0.6475629308957611,-0.21942449211031081,0.1365686871640109
-0.24668053138078355,0.24666485500473637,-0.7928376668796714,0.7928481841700744,-0.6339092490447904,0.6340981079071862,0.6338137222222505,-0.634007457235532,-0.7246291726264901,0.7247451454626871,0.7245710536975989,0.6479513264188098,-0.6480818516976391,-0.6478858837144951,-0.5642727026328511,0.5644104463621564,0.564203645716502,-0.7922517180689391,0.6420967914575582,0.6392374591157425,0.7856881959024606,-0.6367314301723603,-0.6344670989474718,-0.63726859746077,0.6374204201259129,0.6372179949881448,0.6372179949881449,1.0000000034419618,-0.7934645735002526,-0.7934873908226122,-0.246634834973527,-0.2430996726703297,0.24386618528478315,-0.6383103489591647,0.24134504592845452,0.2604092510773898,0.37982706522231485,-0.47470229690902743
0.3087303394273615,-0.30872571912327335,0.9999993495098441,-0.9999984837982546,0.8082484415118737,-0.8083133339837008,-0.8082150171868772,0.808284425627229,0.15554192326731428,-0.15570815493397194,-0.15545843580291357,-0.05055050939742154,0.0507218130225858,0.05046453405471899,-0.05473978243312823,0.05457293319194835,0.0548234568249746,0.9999963846992055,-0.808868874470823,-0.809188815005539,-0.9999250631302938,0.8092971139492252,0.8084353615264044,0.8092025336050508,-0.8092330410859881,-0.8091924837009643,-0.8091924837009649,-0.7934645735002526,0.9999999997399576,0.259203062299934,0.30871784325355656,0.30939225454512864,-0.3095358442592994,0.8092089933391157,-0.30828579418575924,-0.7942423535317613,0.2616275689287113,-0.159015094226003
0.08276583733385531,-0.08274558048169092,0.25820782768541173,-0.2582249567248613,0.1977588810670937,-0.19799369129252103,-0.19764071257282123,0.19787874491014276,0.9943852841143643,-0.9944026714466976,-0.9943765381551264,-0.97769110477733,0.9777269408184335,0.9776732245246348,0.9501861983678831,-0.9502379433927468,-0.9501602819572956,0.2572809489881336,-0.21013133805137837,-0.20524618387180238,-0.2469365721240416,0.2011610565200587,0.1984572206114476,0.20210806433684522,-0.20231848783815434,-0.20203781197155576,-0.20203781197155507,-0.7934873908226122,0.259203062299934,1.0000000009428618,0.0827058170869402,0.07637658878944936,-0.07744939200910683,0.20375476859288663,-0.07474343930716741,0.3809602004696045,-0.8643656264490511,0.9123166416776358
1.0000018800838208,-1.0000011306699268,0.3087618622808049,-0.3087866205066148,0.8094454989345323,-0.8093853203136709,-0.8094766678616775,0.8094124848685695,0.0507513838139127,-0.05081277768536177,-0.05072042778542215,-0.01838817349867937,0.018443080311447275,0.018360591209943808,-0.01409496264616451,0.014049881769666105,0.014117488548314867,0.3089032725614443,-0.8089835338143081,0.3090244163718034,-0.3093332267246765,-0.30882600619800116,0.8092736920912951,-0.3089848976360766,0.30893737436088786,0.3090012210474399,0.3090012210474358,-0.246634834973527,0.30871784325355656,0.0827058170869402,1.0000000032146696,-0.8089701926676482,0.8088790869917802,-0.308989857328686,-0.9999627694558875,-0.24347751343395485,0.078061233657062,-0.04631977411422805
-0.8089603342193231,0.8089628444655599,0.309349279688382,-0.30932423539652587,-0.30971115830770024,0.3096111531511481,0.3097628441208092,-0.30965604700497507,0.04423116884120121,-0.04427255760819445,-0.04421050349380371,-0.01168532171682699,0.011736310340496475,0.01165975615523254,-0.0209122938585363,0.020854255359838588,0.02094148203371549,0.3092071968604259,0.30888112934823525,-0.8090643212222304,-0.3087458220559897,0.8089383199339062,-0.30942465917746764,0.809037538043271,-0.8090086345618679,-0.8090477286194647,-0.8090477286194608,-0.2430996726703297,0.30939225454512864,0.07637658878944936,-0.8089701926676482,0.9999999988522974,-0.9999939350696934,0.8090444885346703,0.809186363018529,-0.2481653370299455,0.08478637362738259,-0.05312795402534011
0.8088687367984382,-0.8088712688095894,-0.30949176686743535,0.3094667428685687,0.30958076519471445,-0.3094805126721961,-0.30963257532961264,0.3095255281862636,-0.04531268147554359,0.045354066548235254,0.045292018200900126,0.012763438519914436,-0.01281444232937774,-0.012737865452556695,0.019849531398073935,-0.019791459824665885,-0.019878736118875882,-0.30934866256558896,-0.308737123973685,0.8091486295985427,0.30887583768097937,-0.809017231700482,0.30929352906559476,-0.809117935552377,0.8090892631066482,0.8091280489506961,0.8091280489506918,0.24386618528478315,-0.3095358442592994,-0.07744939200910683,0.8088790869917802,-0.9999939350696934,0.9999999939502014,-0.8091267126446922,-0.8091031744488018,0.24762789850685446,-0.08378905936246785,0.05209219996874881
-0.30897600060717045,0.30898033282270315,0.8091861451485176,-0.8091703344239671,0.30825420117462576,-0.3083552431828318,-0.30820203772204824,0.30831005901121267,0.11974300133671208,-0.11987141200463144,-0.11967858324522139,-0.03470348246111606,0.034840893669391734,0.03463453240186,-0.050510914713863625,0.05037196764701728,0.050580647066753456,0.8091001423136663,-0.3091028743693929,-0.9999933850026125,-0.808811263169488,0.9999986697832899,0.308544198045404,0.9999977243255525,-0.9999975066739616,-0.9999980722753657,-0.9999980722753642,-0.6383103489591647,0.8092089933391157,0.20375476859288663,-0.308989857328686,0.8090444885346703,-0.8091267126446922,0.9999999997149179,0.30935958423915955,-0.6464986047076786,0.21771729881397112,-0.1348205948002459
-0.9999596531062397,0.9999594934700446,-0.30833819426718373,0.30836281070532395,-0.8092658165515612,0.8092037651728624,0.8092979267452196,-0.809231851097313,-0.042654927778068,0.042716463806946665,0.042623898644704186,0.010248547685983751,-0.010303452842297415,-0.010220965337980227,0.022187299698221644,-0.022142363229804198,-0.022209753452211156,-0.30848741800994245,0.808701154351669,-0.30940673402729885,0.3090043634459783,0.3091737328114526,-0.8090880032868357,0.30934077617994,-0.3092949656625008,-0.30935652759304577,-0.3093565275930421,0.24134504592845452,-0.30828579418575924,-0.07474343930716741,-0.9999627694558875,0.809186363018529,-0.8091031744488018,0.30935958423915955,0.9999999909481205,0.24807300791856413,-0.08579324555011841,0.05427582304446133
-0.2434517178173596,0.24346003823944454,-0.7948686042570985,0.7948574078624642,-0.6493136331692404,0.6492280396502795,0.6493559737916026,-0.6492726766023182,0.4766626838863925,-0.47651475660154796,-0.47673710477956094,-0.5666694335404543,0.5665279878016632,0.5667404898860682,0.6501613136547405,-0.6500341401256771,-0.6502251119138874,-0.7954488570688016,0.6421241348627831,0.6455410452165417,0.8018881728067538,-0.6482146528312969,-0.6490532579354295,-0.6475283558043534,0.6474251829396038,0.6475629308957607,0.6475629308957611,0.2604092510773898,-0.7942423535317613,0.3809602004696045,-0.24347751343395485,-0.2481653370299455,0.24762789850685446,-0.6464986047076786,0.24807300791856413,0.9999999961788012,-0.7942268418415395,0.7261611833365533
0.07800776059420157,-0.07802559805787729,0.26262197686892336,-0.26260463051258026,0.22317864323102313,-0.22297778143129385,-0.22327932770930442,0.2230775973948689,-0.9127254776701795,0.9126567311294906,0.9127602056459867,0.9507069094914553,-0.9506535312053883,-0.9507338048233003,-0.9780405779310551,0.9780054167754454,0.9780582446875827,0.2635466777090547,-0.21113764951022906,-0.21621639265098377,-0.2738468733685829,0.22035512363486928,0.2225781055936761,0.21935951969256892,-0.21916512212313488,-0.21942449211031023,-0.21942449211031081,0.37982706522231485,0.2616275689287113,-0.8643656264490511,0.078061233657062,0.08478637362738259,-0.08378905936246785,0.21771729881397112,-0.08579324555011841,-0.7942268418415395,0.9999999970515708,-0.99448776229373
-0.04626371901889916,0.04628246686771273,-0.16003231163710926,0.16001461552396096,-0.14050997962840764,0.14029746918159786,0.14061660046304175,-0.14040271115425432,0.9505256449342422,-0.9504733773318523,-0.9505521012046425,-0.9779744561584873,0.9779384596780852,0.977992630173398,0.9944991399346493,-0.9944808668548187,-0.9945081238801695,-0.1609785160637711,0.12812578583658432,0.13328749946971977,0.17152239971065372,-0.13750927270645089,-0.13987538544010553,-0.13650113495643937,0.13629897106798172,0.13656868716401022,0.1365686871640109,-0.47470229690902743,-0.159015094226003,0.9123166416776358,-0.04631977411422805,-0.05312795402534011,0.05209219996874881,-0.1348205948002459,0.05427582304446133,0.7261611833365533,-0.99448776229373,0.9999999990286251
