1.000000000205577,-0.8090211021921127,-0.8090186653387649,-0.8090408540589084,0.8090383215023703,0.8090422237914532,-0.8090220375246086,0.8090224120172136,0.8090253885887776,-0.809031501125334,0.30901207246154266,0.3090248392690736,-0.3090253480714017,0.8090343318813147,0.8090343318813098,-0.8090246955485614,0.8090258623891567,0.8090258623891573,-0.8090366479155618,-0.809036647915558,-0.8090267004082287,-0.8090267004082266,0.8090270007971959
-0.8090211021921127,1.0000000001093392,0.3090257501866089,0.30905814990727487,-0.3090541042856091,-0.3090603092672937,0.999997291188234,-0.9999981836945021,-0.3090342961235852,0.30904323725906835,0.3090156338280022,-0.8090177997337207,0.8090175836359236,-0.3090476250654941,-0.30904762506548955,0.9999980881152902,-0.9999982066192888,-0.9999982066192896,0.3090513920853607,0.30905139208535914,0.999998431511467,0.9999984315114647,-0.9999985295040283
-0.8090186653387649,0.3090257501866089,1.0000000002485887,1.0000024122378377,-1.0000025243482253,-1.0000023803990064,0.309029622970616,-0.30902932669527655,-1.0000022294783808,1.0000028509586594,-0.8090125167665551,0.3090068134198144,-0.3090056762565099,-1.0000028253557485,-1.0000028253557467,0.30903277659997874,-0.309034346457478,-0.30903434645748024,1.0000026354638203,1.000002635463813,0.3090353508646594,0.30903535086465683,-0.30903569492636157
-0.8090408540589084,0.30905814990727487,1.0000024122378377,1.00000000302231,-1.0000042827907962,-1.0000041267056747,0.3090600078188152,-0.30905996868931496,-1.0000042526508308,1.0000047306721374,-0.8089937662782304,0.3089750701265637,-0.30897396093548174,-1.0000046712150183,-1.0000046712150152,0.30906162288155964,-0.30906231328649275,-0.30906231328649447,1.0000044611129069,1.0000044611129018,0.30906276413445094,0.3090627641344494,-0.3090629168853044
0.8090383215023703,-0.3090541042856091,-1.0000025243482253,-1.0000042827907962,1.0000000031953964,1.0000043063539263,-0.30905620595850614,0.30905613818809236,1.000004367442593,-1.000004848675866,0.8089965002790694,-0.3089792755947809,0.3089781605540401,1.0000047907077916,1.0000047907077882,-0.3090579962048732,0.30905878275521614,0.3090587827552182,-1.000004522890048,-1.000004522890043,-0.30905929367749424,-0.309059293677492,0.30905946705544907
0.8090422237914532,-0.3090603092672937,-1.0000023803990064,-1.0000041267056747,1.0000043063539263,1.0000000029720861,-0.3090620359330337,0.3090620120519843,1.0000042199321812,-1.0000046966998377,0.808992333189624,-0.3089728413940813,0.30897173556140706,1.0000046366452122,1.0000046366452087,-0.3090635574688124,0.309064196842865,0.309064196842867,-1.0000044261870993,-1.0000044261870953,-0.30906461584028405,-0.3090646158402823,0.309064757665668
-0.8090220375246086,0.999997291188234,0.309029622970616,0.3090600078188152,-0.30905620595850614,-0.3090620359330337,0.9999999957545826,-0.9999949899895573,-0.3090377127558258,0.3090460744375052,0.30901004069550975,-0.8090126604838618,0.8090124213066306,-0.30905014000638936,-0.30905014000638487,0.9999946114191076,-0.9999946087477756,-0.999994608747774,0.3090536541925414,0.30905365419253883,0.9999947586942824,0.9999947586942808,-0.9999948313329827
0.8090224120172136,-0.9999981836945021,-0.30902932669527655,-0.30905996868931496,0.30905613818809236,0.3090620120519843,-0.9999949899895573,0.9999999971528291,0.30903748105619894,-0.30904591745845694,-0.30901093642189387,0.8090138070186426,-0.8090135645021495,0.30905002246011604,0.30905002246011154,-0.9999955494702439,0.9999956144941854,0.9999956144941846,-0.30905356716361926,-0.3090535671636166,-0.9999957700905314,-0.9999957700905291,0.999995844643804
0.8090253885887776,-0.3090342961235852,-1.0000022294783808,-1.0000042526508308,1.000004367442593,1.0000042199321812,-0.3090377127558258,0.30903748105619894,1.000000002997444,-1.0000046572109909,0.8090090881158719,-0.3089993644973275,0.30899822748024186,1.0000046780185594,1.0000046780185576,-0.30904049013920526,0.3090418346788655,0.3090418346788677,-1.0000044812262106,-1.0000044812262072,-0.309042696132635,-0.3090426961326333,0.309042990444778
-0.809031501125334,0.30904323725906835,1.0000028509586594,1.0000047306721374,-1.000004848675866,-1.0000046966998377,0.3090460744375052,-0.30904591745845694,-1.0000046572109909,1.000000003736487,-0.8090038871133145,0.30899059853347394,-0.30898946876180117,-1.0000051103281842,-1.0000051103281766,0.3090484058689771,-0.3090494942520393,-0.30904949425204153,1.0000049654181162,1.0000049654181113,0.3090501943308569,0.30905019433085545,-0.30905043282913325
0.30901207246154266,0.3090156338280022,-0.8090125167665551,-0.8089937662782304,0.8089965002790694,0.808992333189624,0.30901004069550975,-0.30901093642189387,0.8090090881158719,-0.8090038871133145,0.9999999998858146,-0.8090148975092235,0.8090136280619077,0.8090010023891852,0.8090010023891852,0.30900738031888364,-0.30900585896593774,-0.30900585896593563,-0.8089983649481419,-0.8089983649481387,0.3090049760233725,0.3090049760233728,-0.3090046858090239
0.3090248392690736,-0.8090177997337207,0.3090068134198144,0.3089750701265637,-0.3089792755947809,-0.3089728413940813,-0.8090126604838618,0.8090138070186426,-0.3089993644973275,0.30899059853347394,-0.8090148975092235,0.9999999997002753,-0.9999985374594946,-0.308986086966586,-0.30898608696658836,-0.8090114959935181,0.8090106080791072,0.8090106080791059,0.3089821142867414,0.3089821142867401,-0.8090101868207321,-0.8090101868207306,0.8090100625509343
-0.3090253480714017,0.8090175836359236,-0.3090056762565099,-0.30897396093548174,0.3089781605540401,0.30897173556140706,0.8090124213066306,-0.8090135645021495,0.30899822748024186,-0.30898946876180117,0.8090136280619077,-0.9999985374594946,0.9999999982935907,0.30898496343104415,0.30898496343104676,0.8090112752619723,-0.8090103956784853,-0.8090103956784839,-0.30898099595571293,-0.30898099595571377,0.8090099793694863,0.8090099793694856,-0.8090098567209772
0.8090343318813147,-0.3090476250654941,-1.0000028253557485,-1.0000046712150183,1.0000047907077916,1.0000046366452122,-0.30905014000638936,0.30905002246011604,1.0000046780185594,-1.0000051103281842,0.8090010023891852,-0.308986086966586,0.30898496343104415,1.0000000036630667,1.0000051153148621,-0.3090522328634016,0.30905318760871625,0.309053187608718,-1.000004850216485,-1.0000049088358112,-0.30905380387176257,-0.3090538038717609,0.3090540134952418
0.8090343318813098,-0.30904762506548955,-1.0000028253557467,-1.0000046712150152,1.0000047907077882,1.0000046366452087,-0.30905014000638487,0.30905002246011154,1.0000046780185576,-1.0000051103281766,0.8090010023891852,-0.30898608696658836,0.30898496343104676,1.0000051153148621,1.0000000036630667,-0.30905223286339784,0.30905318760871187,0.30905318760871375,-1.0000049088358132,-1.0000048502164787,-0.3090538038717581,-0.30905380387175624,0.30905401349523753
-0.8090246955485614,0.9999980881152902,0.30903277659997874,0.30906162288155964,-0.3090579962048732,-0.3090635574688124,0.9999946114191076,-0.9999955494702439,-0.30904049013920526,0.3090484058689771,0.30900738031888364,-0.8090114959935181,0.8090112752619723,-0.3090522328634016,-0.30905223286339784,0.9999999963972444,-0.9999948208136606,-0.9999948208136658,0.30905556166701975,0.30905556166701686,0.9999949756654108,0.9999949756654074,-0.9999950301266952
0.8090258623891567,-0.9999982066192888,-0.309034346457478,-0.30906231328649275,0.30905878275521614,0.309064196842865,-0.9999946087477756,0.9999956144941854,0.3090418346788655,-0.3090494942520393,-0.30900585896593774,0.8090106080791072,-0.8090103956784853,0.30905318760871625,0.30905318760871187,-0.9999948208136606,0.9999999962396243,0.9999947487685296,-0.30905641326842254,-0.30905641326841987,-0.9999947608023653,-0.9999948194216991,0.9999948652210318
0.8090258623891573,-0.9999982066192896,-0.30903434645748024,-0.30906231328649447,0.3090587827552182,0.309064196842867,-0.999994608747774,0.9999956144941846,0.3090418346788677,-0.30904949425204153,-0.30900585896593563,0.8090106080791059,-0.8090103956784839,0.309053187608718,0.30905318760871375,-0.9999948208136658,0.9999947487685296,0.9999999962396243,-0.3090564132684245,-0.3090564132684223,-0.9999948194217011,-0.9999947608023638,0.9999948652210323
-0.8090366479155618,0.3090513920853607,1.0000026354638203,1.0000044611129069,-1.000004522890048,-1.0000044261870993,0.3090536541925414,-0.30905356716361926,-1.0000044812262106,1.0000049654181162,-0.8089983649481419,0.3089821142867414,-0.30898099595571293,-1.000004850216485,-1.0000049088358132,0.30905556166701975,-0.30905641326842254,-0.3090564132684245,1.0000000033660446,1.000004700494751,0.30905696492007284,0.3090569649200705,-0.30905715230859937
-0.809036647915558,0.30905139208535914,1.000002635463813,1.0000044611129018,-1.000004522890043,-1.0000044261870953,0.30905365419253883,-0.3090535671636166,-1.0000044812262072,1.0000049654181113,-0.8089983649481387,0.3089821142867401,-0.30898099595571377,-1.0000049088358112,-1.0000048502164787,0.30905556166701686,-0.30905641326841987,-0.3090564132684223,1.000004700494751,1.0000000033660446,0.3090569649200701,0.3090569649200684,-0.30905715230859715
-0.8090267004082287,0.999998431511467,0.3090353508646594,0.30906276413445094,-0.30905929367749424,-0.30906461584028405,0.9999947586942824,-0.9999957700905314,-0.309042696132635,0.3090501943308569,0.3090049760233725,-0.8090101868207321,0.8090099793694863,-0.30905380387176257,-0.3090538038717581,0.9999949756654108,-0.9999947608023653,-0.9999948194217011,0.30905696492007284,0.3090569649200701,0.9999999963294264,0.9999948741969185,-0.9999948559984028
-0.8090267004082266,0.9999984315114647,0.30903535086465683,0.3090627641344494,-0.309059293677492,-0.3090646158402823,0.9999947586942808,-0.9999957700905291,-0.3090426961326333,0.30905019433085545,0.3090049760233728,-0.8090101868207306,0.8090099793694856,-0.3090538038717609,-0.30905380387175624,0.9999949756654074,-0.9999948194216991,-0.9999947608023638,0.3090569649200705,0.3090569649200684,0.9999948741969185,0.9999999963294264,-0.9999948559984037
0.8090270007971959,-0.9999985295040283,-0.30903569492636157,-0.3090629168853044,0.30905946705544907,0.309064757665668,-0.9999948313329827,0.999995844643804,0.309042990444778,-0.30905043282913325,-0.3090046858090239,0.8090100625509343,-0.8090098567209772,0.3090540134952418,0.30905401349523753,-0.9999950301266952,0.9999948652210318,0.9999948652210323,-0.30905715230859937,-0.30905715230859715,-0.9999948559984028,-0.9999948559984037,0.9999999963860039
