1.0000000002748448,-0.5000002870265536,-0.49999995491025,0.4488633821366745,0.44886330725167184,-0.4881680464765304,0.499897836653055,-0.18151951098080557,-0.4881682535894594,-0.4991064897908142,0.18151944432964368,-0.18151937938993387,0.18151958767642865,-0.4881688050822303,0.4881685556923473,0.4881689829376497,-0.48816896066998267,-0.4881689606699823,0.49518474129634216,-0.4951850912342746,-0.49518440075232,0.4920613985465977,0.4975346978878737,0.4951843130476332,0.4951840103970179,-0.44886329920054824,-0.49753443519201,-0.49518364513277047,0.49518343165023115,0.4951834316502328
-0.5000002870265536,1.0000000005807752,-0.5000002870265586,-0.8977267652664938,-0.8977265533660179,0.9763361399175111,-0.9997957376894138,0.3630389780386959,0.9763365837075065,0.9982130460189579,-0.36303898008203056,0.3630388496376392,-0.3630391308812156,0.9763376865515819,-0.9763371877788147,-0.9763380423322386,0.9763379978846178,0.9763379978846168,-0.9903695528304988,0.9903702532043787,0.9903688714082467,-0.9841228706876386,-0.9950694642996588,-0.990368695938848,-0.9903680906500268,0.897726687105173,0.9950689388903879,0.9903673601645011,-0.990366933280364,-0.990366933280368
-0.49999995491025,-0.5000002870265586,1.0000000002748448,0.44886338213671284,0.4488633072516503,-0.4881680464765257,0.49989783665306725,-0.18151951098074723,-0.4881682535894848,-0.4991064897908313,0.1815194443297087,-0.18151937938999935,0.18151958767636978,-0.488168805082257,0.4881685556923728,0.4881689829376773,-0.48816896067001075,-0.4881689606700097,0.49518474129636597,-0.49518509123429655,-0.49518440075234366,0.49206139854662223,0.4975346978878944,0.49518431304765614,0.49518401039704246,-0.4488632992005868,-0.49753443519203083,-0.495183645132795,0.4951834316502552,0.4951834316502573
0.4488633821366745,-0.8977267652664938,0.44886338213671284,1.00000000077894,0.6118245174060698,-0.7812075412467052,0.9064628450255163,0.08458764613413633,-0.9717577522971733,-0.9224494922716947,0.7364067597270665,-0.7364066789896206,-0.08458739199219911,-0.9717589064716935,0.9717584252683877,0.971759245670258,-0.9717591941701865,-0.9717591941701857,0.9500726843745994,-0.9500732452121381,-0.9500721388922451,0.96166743618787,0.9369937713669462,0.9500719831755122,0.9500714751372048,-1.0000008309092756,-0.9369932683526824,-0.9500708422228137,0.9500704563603818,0.9500704563603851
0.44886330725167184,-0.8977265533660179,0.4488633072516503,0.6118245174060698,1.0000000003585194,-0.9717570255867578,0.8886224476109731,-0.7364064205311902,-0.7812077159725168,-0.8697941621307037,-0.0845874745565357,0.08458771254218965,0.7364065332618511,-0.7812086305279149,0.7812082156510368,0.7812089305710319,-0.7812089023624805,-0.7812089023624794,0.8280883720677183,-0.828089069844607,-0.8280876930812092,0.8052780140231163,0.8496057420040865,0.8280875335379817,0.8280869542409379,-0.6118243918814285,-0.8496053013678582,-0.8280862749577839,0.8280858940804734,0.8280858940804763
-0.4881680464765304,0.9763361399175111,-0.4881680464765257,-0.7812075412467052,-0.9717570255867578,1.0000000003426086,-0.971757125162393,0.5559545126803155,0.906462931716648,0.9616669301721702,-0.15294105426070634,0.1529408673044422,-0.5559545981065076,0.9064639968477147,-0.906463514383684,-0.9064643438741646,0.9064643095742309,0.9064643095742314,-0.936992822024714,0.9369935188456414,0.9369921421508206,-0.9224494586178886,-0.9500728768767184,-0.9369919729504065,-0.9369913741915536,0.7812073925044338,0.9500723817068897,0.9369906594525184,-0.9369902474028953,-0.9369902474028985
0.499897836653055,-0.9997957376894138,0.49989783665306725,0.9064628450255163,0.8886224476109731,-0.971757125162393,1.0000000005216154,-0.3440984963376885,-0.9805150817019861,-0.9992183347985027,0.38183050371269556,-0.38183038458217106,0.34409864446959654,-0.9805163298910825,0.98051580475616,0.9805167060122582,-0.9805166678873763,-0.9805166678873758,0.9929697689620399,-0.9929704209906058,-0.9929691304677194,0.9875149012487764,0.9968736504869685,0.992968961511434,0.9929683791735492,-0.9064626806136857,-0.9968731285403057,-0.992967671011329,0.9929672513426745,0.9929672513426779
-0.18151951098080557,0.3630389780386959,-0.18151951098074723,0.08458764613413633,-0.7364064205311902,0.5559545126803155,-0.3440984963376885,1.0000000001051847,0.15294107933871567,0.30670706629098204,0.7364056880929434,-0.7364058845118862,-0.9999999044174824,0.15294132369169097,-0.1529412104312018,-0.1529414129634154,0.15294142118046677,0.15294142118046689,-0.23054406683912754,0.23054446161698816,0.2305436819216539,-0.19189280966539554,-0.268835936859843,-0.23054361394749057,-0.23054332082884932,-0.0845876602853095,0.26883581029196413,0.23054300742536563,-0.23054285715669212,-0.23054285715669323
-0.4881682535894594,0.9763365837075065,-0.4881682535894848,-0.9717577522971733,-0.7812077159725168,0.906462931716648,-0.9805150817019861,0.15294107933871567,1.000000001049658,0.9875150259008202,-0.5559547421579859,0.5559546855900889,-0.15294128166430315,1.0000026375751208,-1.0000020224137394,-1.0000030134516429,1.000002970737097,1.0000029707370952,-0.9968735150827367,0.9968741179670021,0.9968729242198162,-0.9992189634047721,-0.992970742619781,-0.9968727603055658,-0.9968722090784526,0.9717576678477421,0.9929702187148799,0.9968715290881695,-0.9968711183279284,-0.9968711183279321
-0.4991064897908142,0.9982130460189579,-0.4991064897908313,-0.9224494922716947,-0.8697941621307037,0.9616669301721702,-0.9992183347985027,0.30670706629098204,0.9875150259008202,0.9999999999146711,-0.4180727493422352,0.4180726448399461,-0.30670722165554026,0.987516218524059,-0.987515678857384,-0.9875166055054724,0.9875165697593712,0.9875165697593696,-0.9968726815537842,0.9968733081717565,0.9968720660029089,-0.9929705395002149,-0.9992175683354406,-0.9968719000911097,-0.9968713301306423,0.9224493270535276,0.9992171339829305,0.996870633406264,-0.9968702169518265,-0.9968702169518305
0.18151944432964368,-0.36303898008203056,0.1815194443297087,0.7364067597270665,-0.0845874745565357,-0.15294105426070634,0.38183050371269556,0.7364056880929434,-0.5559547421579859,-0.4180727493422352,1.0000000000336609,-1.0000001419595805,-0.7364054166008216,-0.5559552565411026,0.5559550267810449,0.5559554108050924,-0.5559553653989572,-0.555955365398956,0.48854068657606525,-0.48854083763655737,-0.4885405439536554,0.5226564308107541,0.45366137052962996,0.48854047950393487,0.4885403157057472,-0.73640665242594,-0.45366111219615224,-0.48854008171836383,0.4885399164850339,0.48853991648503575
-0.18151937938993387,0.3630388496376392,-0.18151937938999935,-0.7364066789896206,0.08458771254218965,0.1529408673044422,-0.38183038458217106,-0.7364058845118862,0.5559546855900889,0.4180726448399461,-1.0000001419595805,1.0000000002993874,0.7364056921074854,0.5559552077632943,-0.5559549743950296,-0.555955364746875,0.5559553199996358,0.5559553199996352,-0.48854061722443454,0.4885407634814563,0.4885404787204022,-0.5226563660491214,-0.45366128113343485,-0.48854041466752435,-0.4885402529902889,0.7364066583320766,0.4536610226314997,0.48854002072396774,-0.4885398557722602,-0.4885398557722617
0.18151958767642865,-0.3630391308812156,0.18151958767636978,-0.08458739199219911,0.7364065332618511,-0.5559545981065076,0.34409864446959654,-0.9999999044174824,-0.15294128166430315,-0.30670722165554026,-0.7364054166008216,0.7364056921074854,0.9999999998936511,-0.15294152284379636,0.15294141093977232,0.15294161097382059,-0.15294161851328386,-0.15294161851328406,0.23054423663736437,-0.2305446359524182,-0.23054384764970123,0.19189299854085567,0.26883610066374486,0.23054377876742846,0.2305434834261125,0.0845874077780086,-0.268835972853477,-0.23054316743428757,0.23054301598691665,0.2305430159869181
-0.4881688050822303,0.9763376865515819,-0.488168805082257,-0.9717589064716935,-0.7812086305279149,0.9064639968477147,-0.9805163298910825,0.15294132369169097,1.0000026375751208,0.987516218524059,-0.5559552565411026,0.5559552077632943,-0.15294152284379636,1.0000000027307394,-1.00000320100163,-1.000004119690483,1.0000041665981794,1.0000041665981778,-0.9968747994274235,0.9968753565003837,0.9968742493632181,-0.9992202563739261,-0.992971962649676,-0.9968740916331789,-0.9968735628175192,0.9717587344032917,0.9929714423665535,0.9968729047515756,-0.9968725013540716,-0.9968725013540747
0.4881685556923473,-0.9763371877788147,0.4881685556923728,0.9717584252683877,0.7812082156510368,-0.906463514383684,0.98051580475616,-0.1529412104312018,-1.0000020224137394,-0.987515678857384,0.5559550267810449,-0.5559549743950296,0.15294141093977232,-1.00000320100163,1.0000000019676039,1.0000036681037574,-1.00000362657647,-1.0000036265764691,0.9968742181053192,-0.9968747960934838,-0.9968736494355116,0.9992197112445901,0.9929714105680147,0.9968734888803256,0.9968729498884189,-0.9717582532677995,-0.992970888634775,-0.9968722818698744,0.9968718751422245,0.9968718751422281
0.4881689829376497,-0.9763380423322386,0.4881689829376773,0.971759245670258,0.7812089305710319,-0.9064643438741646,0.9805167060122582,-0.1529414129634154,-1.0000030134516429,-0.9875166055054724,0.5559554108050924,-0.555955364746875,0.15294161097382059,-1.000004119690483,1.0000036681037574,1.0000000032780196,-1.000004463907305,-1.0000044639073085,0.9968752179205417,-0.9968757587162502,-0.9968746823146716,0.9992206462713051,0.9929723588450314,0.9968745267956243,0.996874005833071,-0.9717590735337501,-0.9929718398598902,-0.9968733554585842,0.9968729546291234,0.9968729546291263
-0.48816896066998267,0.9763379978846178,-0.48816896067001075,-0.9717591941701865,-0.7812089023624805,0.9064643095742309,-0.9805166678873763,0.15294142118046677,1.000002970737097,0.9875165697593712,-0.5559553653989572,0.5559553199996358,-0.15294161851328386,1.0000041665981794,-1.00000362657647,-1.000004463907305,1.0000000032209482,1.0000045116005705,-0.9968751908240727,0.9968757260612117,0.9968746601450933,-0.9992206087181338,-0.9929723250989518,-0.9968745054033956,-0.9968739870622758,0.9717590220430553,0.9929718065774488,0.9968733392816467,-0.9968729393200747,-0.9968729393200789
-0.4881689606699823,0.9763379978846168,-0.4881689606700097,-0.9717591941701857,-0.7812089023624794,0.9064643095742314,-0.9805166678873758,0.15294142118046689,1.0000029707370952,0.9875165697593696,-0.555955365398956,0.5559553199996352,-0.15294161851328406,1.0000041665981778,-1.0000036265764691,-1.0000044639073085,1.0000045116005705,1.0000000032209482,-0.9968751908240716,0.9968757260612122,0.9968746601450917,-0.9992206087181321,-0.9929723250989507,-0.9968745054033924,-0.9968739870622753,0.9717590220430545,0.9929718065774477,0.9968733392816468,-0.9968729393200737,-0.9968729393200774
0.49518474129634216,-0.9903695528304988,0.49518474129636597,0.9500726843745994,0.8280883720677183,-0.936992822024714,0.9929697689620399,-0.23054406683912754,-0.9968735150827367,-0.9968726815537842,0.48854068657606525,-0.48854061722443454,0.23054423663736437,-0.9968747994274235,0.9968742181053192,0.9968752179205417,-0.9968751908240727,-0.9968751908240716,0.9999999987415397,-0.9999987127296076,-0.9999975904902478,0.9992174172094622,0.9992168050561723,0.9999975205435628,0.9999969801323008,-0.9500725188941849,-0.9992162872106897,-0.9999963116991564,0.9999959039612004,0.9999959039612044
-0.4951850912342746,0.9903702532043787,-0.49518509123429655,-0.9500732452121381,-0.828089069844607,0.9369935188456414,-0.9929704209906058,0.23054446161698816,0.9968741179670021,0.9968733081717565,-0.48854083763655737,0.4885407634814563,-0.2305446359524182,0.9968753565003837,-0.9968747960934838,-0.9968757587162502,0.9968757260612117,0.9968757260612122,-0.9999987127296076,0.9999999995616567,0.99999822187039,-0.9992179228783811,-0.9992173208415132,-0.9999980609285326,-0.9999975116848643,0.9500730780328555,0.9992168875345144,0.9999968342756079,-0.9999964236505243,-0.9999964236505282
-0.49518440075232,0.9903688714082467,-0.49518440075234366,-0.9500721388922451,-0.8280876930812092,0.9369921421508206,-0.9929691304677194,0.2305436819216539,0.9968729242198162,0.9968720660029089,-0.4885405439536554,0.4885404787204022,-0.23054384764970123,0.9968742493632181,-0.9968736494355116,-0.9968746823146716,0.9968746601450933,0.9968746601450917,-0.9999975904902478,0.99999822187039,0.9999999979546665,-0.9992168334695714,-0.999216210550004,-0.9999968929267862,-0.9999963597200746,0.9500719749205195,0.9992156953874578,0.999995786224674,-0.9999953808318031,-0.9999953808318074
0.4920613985465977,-0.9841228706876386,0.49206139854662223,0.96166743618787,0.8052780140231163,-0.9224494586178886,0.9875149012487764,-0.19189280966539554,-0.9992189634047721,-0.9929705395002149,0.5226564308107541,-0.5226563660491214,0.19189299854085567,-0.9992202563739261,0.9992197112445901,0.9992206462713051,-0.9992206087181338,-0.9992206087181321,0.9992174172094622,-0.9992179228783811,-0.9992168334695714,1.0000000002854101,0.9968735003047435,0.9992166710834465,0.9992161211982716,-0.9616672664161092,-0.9968729775590284,-0.9992154426878326,0.9992150318884632,0.9992150318884666
0.4975346978878737,-0.9950694642996588,0.4975346978878944,0.9369937713669462,0.8496057420040865,-0.9500728768767184,0.9968736504869685,-0.268835936859843,-0.992970742619781,-0.9992175683354406,0.45366137052962996,-0.45366128113343485,0.26883610066374486,-0.992971962649676,0.9929714105680147,0.9929723588450314,-0.9929723250989518,-0.9929723250989507,0.9992168050561723,-0.9992173208415132,-0.999216210550004,0.9968735003047435,0.9999999994323785,0.9992160474687862,0.9992154890881335,-0.9369936052864917,-0.9999985959104059,-0.9992148031556998,0.9992143898966762,0.9992143898966804
0.4951843130476332,-0.990368695938848,0.49518431304765614,0.9500719831755122,0.8280875335379817,-0.9369919729504065,0.992968961511434,-0.23054361394749057,-0.9968727603055658,-0.9968719000911097,0.48854047950393487,-0.48854041466752435,0.23054377876742846,-0.9968740916331789,0.9968734888803256,0.9968745267956243,-0.9968745054033956,-0.9968745054033924,0.9999975205435628,-0.9999980609285326,-0.9999968929267862,0.9992166710834465,0.9992160474687862,0.9999999977343598,0.9999962946622045,-0.950071819499821,-0.9992155327643656,-0.9999956350502707,0.9999952301527981,0.9999952301528032
0.4951840103970179,-0.9903680906500268,0.49518401039704246,0.9500714751372048,0.8280869542409379,-0.9369913741915536,0.9929683791735492,-0.23054332082884932,-0.9968722090784526,-0.9968713301306423,0.4885403157057472,-0.4885402529902889,0.2305434834261125,-0.9968735628175192,0.9968729498884189,0.996874005833071,-0.9968739870622758,-0.9968739870622753,0.9999969801323008,-0.9999975116848643,-0.9999963597200746,0.9992161211982716,0.9992154890881335,0.9999962946622045,0.9999999969769988,-0.9500713122068924,-0.9992149757760568,-0.9999950213056998,0.9999947048004897,0.9999947048004938
-0.44886329920054824,0.897726687105173,-0.4488632992005868,-1.0000008309092756,-0.6118243918814285,0.7812073925044338,-0.9064626806136857,-0.0845876602853095,0.9717576678477421,0.9224493270535276,-0.73640665242594,0.7364066583320766,0.0845874077780086,0.9717587344032917,-0.9717582532677995,-0.9717590735337501,0.9717590220430553,0.9717590220430545,-0.9500725188941849,0.9500730780328555,0.9500719749205195,-0.9616672664161092,-0.9369936052864917,-0.950071819499821,-0.9500713122068924,1.0000000005327672,0.9369931025001123,0.9500706801061566,-0.9500702945519505,-0.950070294551954
-0.49753443519201,0.9950689388903879,-0.49753443519203083,-0.9369932683526824,-0.8496053013678582,0.9500723817068897,-0.9968731285403057,0.26883581029196413,0.9929702187148799,0.9992171339829305,-0.45366111219615224,0.4536610226314997,-0.268835972853477,0.9929714423665535,-0.992970888634775,-0.9929718398598902,0.9929718065774488,0.9929718065774477,-0.9992162872106897,0.9992168875345144,0.9992156953874578,-0.9968729775590284,-0.9999985959104059,-0.9992155327643656,-0.9992149757760568,0.9369931025001123,0.9999999986880632,0.999214291271779,-0.9992138785113708,-0.9992138785113748
-0.49518364513277047,0.9903673601645011,-0.495183645132795,-0.9500708422228137,-0.8280862749577839,0.9369906594525184,-0.992967671011329,0.23054300742536563,0.9968715290881695,0.996870633406264,-0.48854008171836383,0.48854002072396774,-0.23054316743428757,0.9968729047515756,-0.9968722818698744,-0.9968733554585842,0.9968733392816467,0.9968733392816468,-0.9999963116991564,0.9999968342756079,0.999995786224674,-0.9992154426878326,-0.9992148031556998,-0.9999956350502707,-0.9999950213056998,0.9500706801061566,0.999214291271779,0.9999999960414278,-0.9999939644093822,-0.9999939644093893
0.49518343165023115,-0.990366933280364,0.4951834316502552,0.9500704563603818,0.8280858940804734,-0.9369902474028953,0.9929672513426745,-0.23054285715669212,-0.9968711183279284,-0.9968702169518265,0.4885399164850339,-0.4885398557722602,0.23054301598691665,-0.9968725013540716,0.9968718751422245,0.9968729546291234,-0.9968729393200747,-0.9968729393200737,0.9999959039612004,-0.9999964236505243,-0.9999953808318031,0.9992150318884632,0.9992143898966762,0.9999952301527981,0.9999947048004897,-0.9500702945519505,-0.9992138785113708,-0.9999939644093822,0.9999999954659564,0.999993649080025
0.4951834316502328,-0.990366933280368,0.4951834316502573,0.9500704563603851,0.8280858940804763,-0.9369902474028985,0.9929672513426779,-0.23054285715669323,-0.9968711183279321,-0.9968702169518305,0.48853991648503575,-0.4885398557722617,0.2305430159869181,-0.9968725013540747,0.9968718751422281,0.9968729546291263,-0.9968729393200789,-0.9968729393200774,0.9999959039612044,-0.9999964236505282,-0.9999953808318074,0.9992150318884666,0.9992143898966804,0.9999952301528032,0.9999947048004938,-0.950070294551954,-0.9992138785113748,-0.9999939644093893,0.999993649080025,0.9999999954659564
