1.0000000009319336,-0.8846458489956905,-0.8846455133465707,-0.11534944379315054,1.0000009297286048,0.5651950498472802,0.8846460064595036,0.8846647378500249,-0.8846635576915626,0.8846647378500248,0.8846611604614544,0.5651921708828521,-0.884649630578379,-0.5651810749448767,0.8846554196270228,0.565171456305542,-0.5651634785140807,0.5651572808943877,-0.8846587336374767,-0.8846609440661509,-0.5651554508534311,-0.5651554508534301,-0.8846580682414875,0.8846598800098656
-0.8846458489956905,0.9999999994689536,0.5651959053385748,-0.36110601900619965,-0.8846471119812134,-0.11535065231217759,-0.5651956432816149,-0.5652268052061645,0.5652251369298575,-0.565226805206165,-0.5652209354880113,-0.11534696463712488,0.5652018171687658,0.11533404241852556,-0.5652113390080439,-0.11532252640008085,0.11531285617856826,-0.1153053412514509,0.5652166746882156,0.5652201747834187,0.11530284793714242,0.11530284793714234,0.565215287440414,-0.5652182470556049
-0.8846455133465707,0.5651959053385748,0.9999999995625368,0.565193753322449,-0.8846439601159137,-0.884643454408005,-0.9999995024968429,-1.0000018504179196,1.0000014306529332,-1.0000018504179198,-1.000001390703441,-0.8846424169739255,1.0000001093327904,0.8846357072678388,-1.000000829991025,-0.8846302051308431,0.8846257603316489,-0.8846223098768334,1.000001357751801,1.00000176854299,0.8846215653197963,0.8846215653197946,1.0000015677225962,-1.0000018136484983
-0.11534944379315054,-0.36110601900619965,0.565193753322449,0.9999999964777365,-0.11534600837853988,-0.884641325809444,-0.5651945606079722,-0.5651656361118964,0.565166829888181,-0.5651656361118965,-0.5651709861664043,-0.8846434241002603,0.5651886560144156,0.8846491303314783,-0.5651799488112615,-0.8846544267766637,0.8846590726310039,-0.8846626871902982,0.5651752097128601,0.5651721739759251,0.8846643388618869,0.8846643388618853,0.5651768343077364,-0.5651741526881829
1.0000009297286048,-0.8846471119812134,-0.8846439601159137,-0.11534600837853988,1.000000000398905,0.56519202193634,0.8846440846148936,0.8846628161032921,-0.8846616359407272,0.8846628161032929,0.8846592386963642,0.5651891429643385,-0.8846473401420173,-0.5651780470079153,0.884653497831461,0.5651684283502785,-0.5651604505427987,0.5651542529106752,-0.884656811858018,-0.8846590222969274,-0.565152422864044,-0.5651524228640432,-0.884656146456421,0.8846579582338776
0.5651950498472802,-0.11535065231217759,-0.884643454408005,-0.884641325809444,0.56519202193634,0.9999999975463444,0.8846445519114368,0.8846293225365128,-0.8846297600066759,0.884629322536513,0.8846320865487315,0.9999969629736244,-0.8846413492892782,-0.9999961874775899,0.8846368353071047,0.999996071224803,-0.9999961848639563,0.9999962776179466,-0.8846344550658443,-0.8846329714506783,-0.9999967903180832,-0.9999967903180796,-0.8846354919591148,0.8846341153090234
0.8846460064595036,-0.5651956432816149,-0.9999995024968429,-0.5651945606079722,0.8846440846148936,0.8846445519114368,1.0000000002529645,1.0000023327334195,-1.0000019129693605,1.00000233273342,1.0000018730231395,0.8846431458677405,-1.0000005916660728,-0.8846364361655293,1.0000013123176434,0.8846309340324404,-0.8846264892366881,0.8846230387845444,-1.0000018400747763,-1.0000022508636603,-0.8846222942287639,-0.8846222942287617,-1.000002050046871,1.0000022959707195
0.8846647378500249,-0.5652268052061645,-1.0000018504179196,-0.5651656361118964,0.8846628161032921,0.8846293225365128,1.0000023327334195,1.0000000030870997,-1.0000035249018429,1.000004313340959,1.000003853382977,0.8846279163608212,-1.000002571216498,-0.8846212062429566,1.0000032922691893,0.8846157037284751,-0.8846112586086029,0.8846078079046605,-1.0000038202483807,-1.00000423118109,-0.8846070632561348,-0.8846070632561333,-1.0000040301544537,1.0000042762023809
-0.8846635576915626,0.5652251369298575,1.0000014306529332,0.565166829888181,-0.8846616359407272,-0.8846297600066759,-1.0000019129693605,-1.0000035249018429,1.0000000024861517,-1.000003524901845,-1.0000030649557297,-0.8846283538377075,1.000002151439663,0.8846216437419253,-1.000002872472892,-0.8846161412474671,0.8846116961445318,-0.8846082454537515,1.0000034004413008,1.0000038113669742,0.8846075008099052,0.8846075008099046,1.0000036103504188,-1.0000038563923253
0.8846647378500248,-0.565226805206165,-1.0000018504179198,-0.5651656361118965,0.8846628161032929,0.884629322536513,1.00000233273342,1.000004313340959,-1.000003524901845,1.0000000030870997,1.0000038533829787,0.8846279163608214,-1.0000025712164986,-0.8846212062429571,1.0000032922691902,0.8846157037284764,-0.8846112586086046,0.8846078079046625,-1.0000038202483816,-1.0000042311810908,-0.8846070632561341,-0.8846070632561349,-1.0000040301544548,1.0000042762023813
0.8846611604614544,-0.5652209354880113,-1.000001390703441,-0.5651709861664043,0.8846592386963642,0.8846320865487315,1.0000018730231395,1.000003853382977,-1.0000030649557297,1.0000038533829787,1.0000000024287399,0.8846306803977165,-1.0000021114564734,-0.8846239703583828,1.0000028324337669,0.8846184679158279,-0.8846140228570513,0.8846105722005891,-1.0000029917600435,-1.0000034026656717,-0.8846098275695203,-0.884609827569519,-1.000003570289606,1.0000038163142306
0.5651921708828521,-0.11534696463712488,-0.8846424169739255,-0.8846434241002603,0.5651891429643385,0.9999969629736244,0.8846431458677405,0.8846279163608212,-0.8846283538377075,0.8846279163608214,0.8846306803977165,0.9999999981064073,-0.8846395746077186,-0.9999962101856892,0.8846354291966952,0.9999964625877039,-0.9999965762636162,0.999996669046199,-0.8846330489330777,-0.8846315653032698,-0.9999971817562167,-0.9999971817562158,-0.8846340858324787,0.884632709169919
-0.884649630578379,0.5652018171687658,1.0000001093327904,0.5651886560144156,-0.8846473401420173,-0.8846413492892782,-1.0000005916660728,-1.000002571216498,1.000002151439663,-1.0000025712164986,-1.0000021114564734,-0.8846395746077186,1.0000000005939946,0.8846332334345924,-1.000001182058213,-0.8846277312259379,0.8846232863659457,-0.884619835863929,1.0000020784708827,1.000002489288304,0.8846190912896968,0.8846190912896948,1.000002288429616,-1.0000025343781567
-0.5651810749448767,0.11533404241852556,0.8846357072678388,0.8846491303314783,-0.5651780470079153,-0.9999961874775899,-0.8846364361655293,-0.8846212062429566,0.8846216437419253,-0.8846212062429571,-0.8846239703583828,-0.9999962101856892,0.8846332334345924,0.9999999969965355,-0.88462871928549,-0.9999953188455049,0.9999958012584124,-0.9999958941386918,0.8846263389508409,0.8846248552745639,0.9999964068814576,0.9999964068814547,0.8846273758691049,-0.8846259991671288
0.8846554196270228,-0.5652113390080439,-1.000000829991025,-0.5651799488112615,0.884653497831461,0.8846368353071047,1.0000013123176434,1.0000032922691893,-1.000002872472892,1.0000032922691902,1.0000028324337669,0.8846354291966952,-1.000001182058213,-0.88462871928549,1.0000000016257506,0.8846232169605208,-0.8846187720016941,0.8846153214228907,-1.0000024307803326,-1.0000032102527345,-0.8846145768204505,-0.8846145768204492,-1.0000026407190106,1.0000032553165303
0.565171456305542,-0.11532252640008085,-0.8846302051308431,-0.8846544267766637,0.5651684283502785,0.999996071224803,0.8846309340324404,0.8846157037284751,-0.8846161412474671,0.8846157037284764,0.8846184679158279,0.9999964625877039,-0.8846277312259379,-0.9999953188455049,0.8846232169605208,0.9999999968305012,-0.9999953168342055,0.9999957784133972,-0.8846208365608221,-0.8846193528420238,-0.999996291185821,-0.9999962911858187,-0.8846218734965767,0.8846204967584691
-0.5651634785140807,0.11531285617856826,0.8846257603316489,0.8846590726310039,-0.5651604505427987,-0.9999961848639563,-0.8846264892366881,-0.8846112586086029,0.8846116961445318,-0.8846112586086046,-0.8846140228570513,-0.9999965762636162,0.8846232863659457,0.9999958012584124,-0.8846187720016941,-0.9999953168342055,0.9999999969936283,-0.999995523885309,0.8846163915467538,0.8846149077918615,0.9999964052940802,0.999996405294079,0.8846174284974427,-0.8846160517286429
0.5651572808943877,-0.1153053412514509,-0.8846223098768334,-0.8846626871902982,0.5651542529106752,0.9999962776179466,0.8846230387845444,0.8846078079046605,-0.8846082454537515,0.8846078079046625,0.8846105722005891,0.999996669046199,-0.884619835863929,-0.9999958941386918,0.8846153214228907,0.9999957784133972,-0.999995523885309,0.9999999971268508,-0.8846129409250304,-0.8846114571421005,-0.9999961298013536,-0.9999961298013579,-0.8846139778873324,0.884612601094687
-0.8846587336374767,0.5652166746882156,1.000001357751801,0.5651752097128601,-0.884656811858018,-0.8846344550658443,-1.0000018400747763,-1.0000038202483807,1.0000034004413008,-1.0000038202483816,-1.0000029917600435,-0.8846330489330777,1.0000020784708827,0.8846263389508409,-1.0000024307803326,-0.8846208365608221,0.8846163915467538,-0.8846129409250304,1.0000000023813793,1.0000037381832545,0.8846121963068869,0.8846121963068866,1.0000035372255354,-1.0000037832326671
-0.8846609440661509,0.5652201747834187,1.00000176854299,0.5651721739759251,-0.8846590222969274,-0.8846329714506783,-1.0000022508636603,-1.00000423118109,1.0000038113669742,-1.0000042311810908,-1.0000034026656717,-0.8846315653032698,1.000002489288304,0.8846248552745639,-1.0000032102527345,-0.8846193528420238,0.8846149077918615,-0.8846114571421005,1.0000037381832545,1.0000000029695397,0.8846107125137351,0.8846107125137352,1.0000039481037502,-1.000003825513142
-0.5651554508534311,0.11530284793714242,0.8846215653197963,0.8846643388618869,-0.565152422864044,-0.9999967903180832,-0.8846222942287639,-0.8846070632561348,0.8846075008099052,-0.8846070632561341,-0.8846098275695203,-0.9999971817562167,0.8846190912896968,0.9999964068814576,-0.8846145768204505,-0.999996291185821,0.9999964052940802,-0.9999961298013536,0.8846121963068869,0.8846107125137351,0.9999999978609123,0.999997011236473,0.8846132332736325,-0.8846118564722385
-0.5651554508534301,0.11530284793714234,0.8846215653197946,0.8846643388618853,-0.5651524228640432,-0.9999967903180796,-0.8846222942287617,-0.8846070632561333,0.8846075008099046,-0.8846070632561349,-0.884609827569519,-0.9999971817562158,0.8846190912896948,0.9999964068814547,-0.8846145768204492,-0.9999962911858187,0.999996405294079,-0.9999961298013579,0.8846121963068866,0.8846107125137352,0.999997011236473,0.9999999978609123,0.8846132332736313,-0.8846118564722374
-0.8846580682414875,0.565215287440414,1.0000015677225962,0.5651768343077364,-0.884656146456421,-0.8846354919591148,-1.000002050046871,-1.0000040301544537,1.0000036103504188,-1.0000040301544548,-1.000003570289606,-0.8846340858324787,1.000002288429616,0.8846273758691049,-1.0000026407190106,-0.8846218734965767,0.8846174284974427,-0.8846139778873324,1.0000035372255354,1.0000039481037502,0.8846132332736325,0.8846132332736313,1.0000000026818763,-1.0000036245462016
0.8846598800098656,-0.5652182470556049,-1.0000018136484983,-0.5651741526881829,0.8846579582338776,0.8846341153090234,1.0000022959707195,1.0000042762023809,-1.0000038563923253,1.0000042762023813,1.0000038163142306,0.884632709169919,-1.0000025343781567,-0.8846259991671288,1.0000032553165303,0.8846204967584691,-0.8846160517286429,0.884612601094687,-1.0000037832326671,-1.000003825513142,-0.8846118564722385,-0.8846118564722374,-1.0000036245462016,1.0000000030340153
