0.9999999960452307,-0.9999946328647245,-0.999994632864725,0.9999950312351888,0.999995031235187,0.9999987378924488,-0.9999984672728863,0.9999980235634599,0.9999995401103006,-0.9999991446751505,0.9999984715944731,-0.9999956758001537,0.9999971777110984,-0.9999976567830845,-0.9999978643820028,-0.9999976124889912,-0.9999979461982987,-0.999998292222163,0.9999978126237289,0.9999980043580657,0.999997928666067,0.9999980382661661
-0.9999946328647245,0.9999999962469911,0.9999947621160266,-0.9999951835712303,-0.9999951720288774,-0.9999988786865576,0.9999986080669548,-0.9999981643574646,-0.9999996809044671,0.9999992854692711,-0.9999986123885158,0.9999958165939079,-0.9999973185050026,0.9999977975770349,0.9999980051759787,0.99999775328295,0.9999980869922839,0.9999984330161806,-0.9999979534176944,-0.9999981451520511,-0.9999980694600481,-0.9999981790601544
-0.999994632864725,0.9999947621160266,0.9999999962469911,-0.9999951720288781,-0.9999951835712294,-0.9999988786865547,0.9999986080669531,-0.9999981643574614,-0.9999996809044664,0.9999992854692692,-0.9999986123885113,0.9999958165939057,-0.9999973185050007,0.999997797577032,0.9999980051759753,0.9999977532829473,0.9999980869922808,0.9999984330161787,-0.999997953417693,-0.9999981451520479,-0.9999980694600442,-0.9999981790601512
0.9999950312351888,-0.9999951835712303,-0.9999951720288781,0.9999999968344064,0.999995581941849,0.999999288600746,-0.9999990179810307,0.9999985742713531,1.0000000908188325,-0.9999996953834975,0.9999990223025111,-0.999996238049417,0.9999977284186029,-0.9999982074907655,-0.9999984150897834,-0.9999981631966968,-0.9999984969061128,-0.9999988429301077,0.9999983633314743,0.9999985550658816,0.9999984793738681,0.9999985889740003
0.999995031235187,-0.9999951720288774,-0.9999951835712294,0.999995581941849,0.9999999968344064,0.9999992886007434,-0.9999990179810285,0.9999985742713504,1.0000000908188311,-0.9999996953834942,0.9999990223025074,-0.999996238049411,0.9999977284186006,-0.9999982074907631,-0.9999984150897809,-0.9999981631966939,-0.999998496906109,-0.9999988429301051,0.9999983633314711,0.99999855506588,0.9999984793738651,0.9999985889739984
0.9999987378924488,-0.9999988786865576,-0.9999988786865547,0.999999288600746,0.9999992886007434,1.0000000021461495,-1.0000027361931687,1.0000022809394646,1.0000037974916878,-1.0000034020550292,1.0000027289718167,-0.9999999331678797,1.0000014350839277,-1.0000019141574592,-1.0000021217571846,-1.0000018698634565,-1.0000022035737528,-1.0000025495987748,1.0000020699986438,1.0000022617336222,1.00000218604144,1.0000022956418646
-0.9999984672728863,0.9999986080669548,0.9999986080669531,-0.9999990179810307,-0.9999990179810285,-1.0000027361931687,1.000000001758343,-1.000002021861266,-1.0000035268707181,1.000003131434171,-1.0000024583511447,0.9999996625479844,-1.000001164463613,1.0000016435370094,1.0000018511366808,1.0000015992430242,1.000001932953227,1.0000022789781513,-1.0000017993781543,-1.0000019911130782,-1.0000019154209177,-1.0000020250213117
0.9999980235634599,-0.9999981643574646,-0.9999981643574614,0.9999985742713531,0.9999985742713504,1.0000022809394646,-1.000002021861266,1.0000000011224939,1.000003083158996,-1.0000026877226267,1.0000020146399047,-0.9999992188380142,1.0000007207529602,-1.0000011998261398,-1.0000014074257144,-1.0000011670745215,-1.0000015007845717,-1.0000018352669917,1.0000013556672112,1.00000154740205,1.0000014717099233,1.0000015813102683
0.9999995401103006,-0.9999996809044671,-0.9999996809044664,1.0000000908188325,1.0000000908188311,1.0000037974916878,-1.0000035268707181,1.000003083158996,1.0000000032957506,-1.0000042158174305,1.0000035311914721,-1.0000007353862443,1.0000022373029611,-1.0000027163766694,-1.0000029239765273,-1.000002672082745,-1.0000030057931328,-1.000003351818301,1.0000028722179273,1.0000030639529893,1.0000029882608017,1.0000030978612562
-0.9999991446751505,0.9999992854692711,0.9999992854692692,-0.9999996953834975,-0.9999996953834942,-1.0000034020550292,1.000003131434171,-1.0000026877226267,-1.0000042158174305,1.00000000272908,-1.0000031472973134,1.0000003399506932,-1.0000018418668983,1.0000023209404494,1.0000025285402312,1.0000022766465255,1.0000026103568087,1.0000029563818587,-1.000002476781655,-1.000002668516652,-1.0000025928244856,-1.0000027024249063
0.9999984715944731,-0.9999986123885158,-0.9999986123885113,0.9999990223025111,0.9999990223025074,1.0000027289718167,-1.0000024583511447,1.0000020146399047,1.0000035311914721,-1.0000031472973134,1.0000000017645352,-0.9999996668693415,1.0000011687846948,-1.0000016478579834,-1.0000018669999824,-1.000001603564054,-1.0000019372741662,-1.0000022948413732,1.0000018036991007,1.0000019954339863,1.0000019197418564,1.0000020293422207
-0.9999956758001537,0.9999958165939079,0.9999958165939057,-0.999996238049417,-0.999996238049411,-0.9999999331678797,0.9999996625479844,-0.9999992188380142,-1.0000007353862443,1.0000003399506932,-0.9999996668693415,0.9999999977580847,-0.9999983845271593,0.9999988520571746,0.9999990596563119,0.9999988077631381,0.9999991414726771,0.999999487496831,-0.9999990078979595,-0.9999991996324563,-0.9999991239404209,-0.9999992335405968
0.9999971777110984,-0.9999973185050026,-0.9999973185050007,0.9999977284186029,0.9999977284186006,1.0000014350839277,-1.000001164463613,1.0000007207529602,1.0000022373029611,-1.0000018418668983,1.0000011687846948,-0.9999983845271593,0.9999999999103631,-1.0000003655138903,-1.000000573113298,-1.0000003212199151,-1.0000006433874036,-1.0000009894119293,1.0000005098125,1.0000007015472023,1.0000006258551182,1.0000007354553926
-0.9999976567830845,0.9999977975770349,0.999997797577032,-0.9999982074907655,-0.9999982074907631,-1.0000019141574592,1.0000016435370094,-1.0000011998261398,-1.0000027163766694,1.0000023209404494,-1.0000016478579834,0.9999988520571746,-1.0000003655138903,1.0000000005968868,1.0000010406440272,1.0000007887505855,1.000001122460506,1.0000014684851397,-1.0000010004278919,-1.0000011921626553,-1.000001104928211,-1.0000012145285115
-0.9999978643820028,0.9999980051759787,0.9999980051759753,-0.9999984150897834,-0.9999984150897809,-1.0000021217571846,1.0000018511366808,-1.0000014074257144,-1.0000029239765273,1.0000025285402312,-1.0000018669999824,0.9999990596563119,-1.000000573113298,1.0000010406440272,1.0000000008943823,1.0000009963500824,1.0000013300600574,1.000001676084753,-1.000001196485067,-1.0000013882198666,-1.000001324070106,-1.000001422128078
-0.9999976124889912,0.99999775328295,0.9999977532829473,-0.9999981631966968,-0.9999981631966939,-1.0000018698634565,1.0000015992430242,-1.0000011670745215,-1.000002672082745,1.0000022766465255,-1.000001603564054,0.9999988077631381,-1.0000003212199151,1.0000007887505855,1.0000009963500824,1.0000000005334126,1.0000010781665647,1.0000014241912143,-1.0000009445916038,-1.000001136326376,-1.000001060634272,-1.000001170234581
-0.9999979461982987,0.9999980869922839,0.9999980869922808,-0.9999984969061128,-0.999998496906109,-1.0000022035737528,1.000001932953227,-1.0000015007845717,-1.0000030057931328,1.0000026103568087,-1.0000019372741662,0.9999991414726771,-1.0000006433874036,1.000001122460506,1.0000013300600574,1.0000010781665647,1.0000000010116272,1.0000017579012705,-1.0000012898439055,-1.0000014700363655,-1.0000014058866045,-1.0000015154869326
-0.999998292222163,0.9999984330161806,0.9999984330161787,-0.9999988429301077,-0.9999988429301051,-1.0000025495987748,1.0000022789781513,-1.0000018352669917,-1.000003351818301,1.0000029563818587,-1.0000022948413732,0.999999487496831,-1.0000009894119293,1.0000014684851397,1.000001676084753,1.0000014241912143,1.0000017579012705,1.000000001507489,-1.0000016243262275,-1.000001827603434,-1.0000017403689638,-1.0000018499693104
0.9999978126237289,-0.9999979534176944,-0.999997953417693,0.9999983633314743,0.9999983633314711,1.0000020699986438,-1.0000017993781543,1.0000013556672112,1.0000028722179273,-1.000002476781655,1.0000018036991007,-0.9999990078979595,1.0000005098125,-1.0000010004278919,-1.000001196485067,-1.0000009445916038,-1.0000012898439055,-1.0000016243262275,1.000000000820211,1.000001336461359,1.000001260769258,1.0000013703695694
0.9999980043580657,-0.9999981451520511,-0.9999981451520479,0.9999985550658816,0.99999855506588,1.0000022617336222,-1.0000019911130782,1.00000154740205,1.0000030639529893,-1.000002668516652,1.0000019954339863,-0.9999991996324563,1.0000007015472023,-1.0000011921626553,-1.0000013882198666,-1.000001136326376,-1.0000014700363655,-1.000001827603434,1.000001336461359,1.0000000010949714,1.000001452504063,1.0000015621043894
0.999997928666067,-0.9999980694600481,-0.9999980694600442,0.9999984793738681,0.9999984793738651,1.00000218604144,-1.0000019154209177,1.0000014717099233,1.0000029882608017,-1.0000025928244856,1.0000019197418564,-0.9999991239404209,1.0000006258551182,-1.000001104928211,-1.000001324070106,-1.000001060634272,-1.0000014058866045,-1.0000017403689638,1.000001260769258,1.000001452504063,1.000000000986503,1.000001486412278
0.9999980382661661,-0.9999981790601544,-0.9999981790601512,0.9999985889740003,0.9999985889739984,1.0000022956418646,-1.0000020250213117,1.0000015813102683,1.0000030978612562,-1.0000027024249063,1.0000020293422207,-0.9999992335405968,1.0000007354553926,-1.0000012145285115,-1.000001422128078,-1.000001170234581,-1.0000015154869326,-1.0000018499693104,1.0000013703695694,1.0000015621043894,1.000001486412278,1.0000000011435628
