0.9999999990429423,-0.9999989046090043,0.9999987593086979,0.9999985190652224,-0.9999989796006407,0.9999989920795994,0.9999989920795983,0.9999989920795956,-0.9999985376734454,0.9999987906017963,-0.9999992644866321,-0.9999991072146909,-0.999999107214692,-0.9999991072146899,0.9999990998433529,0.9999990998433513,0.99999909984335,0.9999994592395866,0.9999994592395917,-0.9999996587459332,-0.9999996587459324,0.9999997414487783
-0.9999989046090043,0.9999999990751123,-0.9999989996544311,-0.9999987593827275,0.9999990020405375,-0.9999990145250366,-0.9999990145250366,-0.9999990145250338,0.9999985600689746,-0.9999988129274096,0.9999992867152853,0.9999991296371952,0.9999991296371963,0.9999991296371942,-0.9999991222674008,-0.9999991222674,-0.9999991222673983,-0.9999994814244025,-0.9999994814244082,0.9999996808899897,0.9999996808899878,-0.9999997635773772
0.9999987593086979,-0.9999989996544311,0.9999999991792063,0.9999986140513462,-0.9999992927475013,0.9999990873875957,0.9999990873875949,0.9999990873875921,-0.9999986326364169,0.9999988855833688,-0.9999993595162446,-0.9999992025552653,-0.9999992025552664,-0.9999992025552635,0.9999991951931071,0.999999195193106,0.9999991951931052,0.999999554298574,0.9999995542985788,-0.9999997538289453,-0.9999997538289435,0.9999998365411993
0.9999985190652224,-0.9999987593827275,0.9999986140513462,0.9999999988348847,-0.9999988342222668,0.9999988467057019,0.9999988467057017,0.9999988467056984,-0.999998610397917,0.9999986453964482,-0.9999991191663989,-0.9999989617823385,-0.9999989617823375,-0.9999989617823375,0.999998954417265,0.9999989544172633,0.9999989544172613,0.9999993138763726,0.9999993138763777,-0.9999995133285622,-0.9999995133285611,0.9999995960094731
-0.9999989796006407,0.9999990020405375,-0.9999992927475013,-0.9999988342222668,0.9999999994950837,-0.9999995257771674,-0.9999995257771643,-0.9999995257771618,0.9999988526625385,-0.9999991054361133,0.9999995791555591,0.9999994230400692,0.999999423040069,0.9999994230400692,-0.9999994157004439,-0.9999994157004415,-0.9999994157004418,-0.9999997738692737,-0.9999997738692777,0.9999999733291809,0.9999999733291807,-1.0000000560141955
0.9999989920795994,-0.9999990145250366,0.9999990873875957,0.9999988467057019,-0.9999995257771674,0.9999999995131348,0.9999993205055124,0.9999993205055097,-0.999998865188219,0.9999991180444037,-0.9999995918773172,-0.9999996535541775,-0.9999994356759376,-0.9999994356759366,0.9999994283429903,0.9999994283429882,0.9999994283429876,0.9999997866515106,0.9999997866515158,-0.9999999861601258,-0.999999986160125,1.0000000688632504
0.9999989920795983,-0.9999990145250366,0.9999990873875949,0.9999988467057017,-0.9999995257771643,0.9999993205055124,0.9999999995131346,0.9999993205055103,-0.9999988651882179,0.9999991180444013,-0.9999995918773162,-0.9999994356759357,-0.9999996535541773,-0.9999994356759347,0.9999994283429887,0.9999994283429876,0.9999994283429863,0.9999997866515088,0.9999997866515151,-0.9999999861601242,-0.9999999861601236,1.0000000688632507
0.9999989920795956,-0.9999990145250338,0.9999990873875921,0.9999988467056984,-0.9999995257771618,0.9999993205055097,0.9999993205055103,0.9999999995131346,-0.999998865188215,0.9999991180443993,-0.9999995918773136,-0.9999994356759325,-0.9999994356759344,-0.9999996535541738,0.9999994283429859,0.9999994283429852,0.9999994283429849,0.9999997866515069,0.999999786651513,-0.9999999861601214,-0.999999986160121,1.0000000688632475
-0.9999985376734454,0.9999985600689746,-0.9999986326364169,-0.999998610397917,0.9999988526625385,-0.999998865188219,-0.9999988651882179,-0.999998865188215,0.9999999988615186,-0.9999988816961636,0.9999991373531041,0.9999989801792891,0.9999989801792893,0.9999989801792883,-0.9999989728365964,-0.9999989728365964,-0.9999989728365946,-0.9999993319898661,-0.9999993319898718,0.9999995313501935,0.9999995313501935,-0.9999996139938238
0.9999987906017963,-0.9999988129274096,0.9999988855833688,0.9999986453964482,-0.9999991054361133,0.9999991180444037,0.9999991180444013,0.9999991180443993,-0.9999988816961636,0.9999999992235155,-0.9999996073095775,-0.9999992329132127,-0.9999992329132137,-0.9999992329132129,0.9999992256087127,0.9999992256087109,0.9999992256087087,0.9999995839401055,0.9999995839401109,-0.999999783149001,-0.999999783149002,0.9999998657319059
-0.9999992644866321,0.9999992867152853,-0.9999993595162446,-0.9999991191663989,0.9999995791555591,-0.9999995918773172,-0.9999995918773162,-0.9999995918773136,0.9999991373531041,-0.9999996073095775,0.9999999999010987,0.9999997065836377,0.9999997065836382,0.9999997065836363,-0.9999996993295038,-0.9999996993295023,-0.9999996993295006,-1.0000002741558351,-1.0000002741558431,1.0000002552648792,1.0000002552648786,-1.0000003377598832
-0.9999991072146909,0.9999991296371952,-0.9999992025552653,-0.9999989617823385,0.9999994230400692,-0.9999996535541775,-0.9999994356759357,-0.9999994356759325,0.9999989801792891,-0.9999992329132127,0.9999997065836377,0.9999999996781536,0.9999995508141016,0.9999995508141005,-0.9999997613706021,-0.9999997613706023,-0.999999543492359,-0.9999999012991961,-0.9999999012992018,1.0000001007495933,1.0000001007495942,-1.0000001834301668
-0.999999107214692,0.9999991296371963,-0.9999992025552664,-0.9999989617823375,0.999999423040069,-0.9999994356759376,-0.9999996535541773,-0.9999994356759344,0.9999989801792893,-0.9999992329132137,0.9999997065836382,0.9999995508141016,0.9999999996781536,0.9999995508141016,-0.9999997613706013,-0.9999995434923598,-0.9999997613705981,-0.9999999012991975,-0.9999999012992017,1.0000001007495936,1.0000001007495947,-1.0000001834301673
-0.9999991072146899,0.9999991296371942,-0.9999992025552635,-0.9999989617823375,0.9999994230400692,-0.9999994356759366,-0.9999994356759347,-0.9999996535541738,0.9999989801792883,-0.9999992329132129,0.9999997065836363,0.9999995508141005,0.9999995508141016,0.9999999996781536,-0.9999995434923599,-0.9999997613706005,-0.9999997613705981,-0.9999999012991964,-0.9999999012992017,1.000000100749593,1.0000001007495933,-1.0000001834301653
0.9999990998433529,-0.9999991222674008,0.9999991951931071,0.999998954417265,-0.9999994157004439,0.9999994283429903,0.9999994283429887,0.9999994283429859,-0.9999989728365964,0.9999992256087127,-0.9999996993295038,-0.9999997613706021,-0.9999997613706013,-0.9999995434923599,0.9999999996676627,0.9999995361730312,0.9999995361730303,0.9999998940714674,0.9999998940714709,-1.0000000935430362,-1.0000000935430366,1.000000176231443
0.9999990998433513,-0.9999991222674,0.999999195193106,0.9999989544172633,-0.9999994157004415,0.9999994283429882,0.9999994283429876,0.9999994283429852,-0.9999989728365964,0.9999992256087109,-0.9999996993295023,-0.9999997613706023,-0.9999995434923598,-0.9999997613706005,0.9999995361730312,0.9999999996676627,0.9999995361730282,0.999999894071465,0.9999998940714704,-1.0000000935430349,-1.000000093543034,1.0000001762314434
0.99999909984335,-0.9999991222673983,0.9999991951931052,0.9999989544172613,-0.9999994157004418,0.9999994283429876,0.9999994283429863,0.9999994283429849,-0.9999989728365946,0.9999992256087087,-0.9999996993295006,-0.999999543492359,-0.9999997613705981,-0.9999997613705981,0.9999995361730303,0.9999995361730282,0.9999999996676627,0.9999998940714647,0.9999998940714696,-1.0000000935430338,-1.000000093543032,1.0000001762314408
0.9999994592395866,-0.9999994814244025,0.999999554298574,0.9999993138763726,-0.9999997738692737,0.9999997866515106,0.9999997866515088,0.9999997866515069,-0.9999993319898661,0.9999995839401055,-1.0000002741558351,-0.9999999012991961,-0.9999999012991975,-0.9999999012991964,0.9999998940714674,0.999999894071465,0.9999998940714647,1.0000000001795115,1.0000002505345928,-1.0000006673297686,-1.0000004494515249,1.0000005319177874
0.9999994592395917,-0.9999994814244082,0.9999995542985788,0.9999993138763777,-0.9999997738692777,0.9999997866515158,0.9999997866515151,0.999999786651513,-0.9999993319898718,0.9999995839401109,-1.0000002741558431,-0.9999999012992018,-0.9999999012992017,-0.9999999012992017,0.9999998940714709,0.9999998940714704,0.9999998940714696,1.0000002505345928,1.0000000001795115,-1.0000004494515304,-1.0000006673297714,1.0000005319177938
-0.9999996587459332,0.9999996808899897,-0.9999997538289453,-0.9999995133285622,0.9999999733291809,-0.9999999861601258,-0.9999999861601242,-0.9999999861601214,0.9999995313501935,-0.999999783149001,1.0000002552648792,1.0000001007495933,1.0000001007495936,1.000000100749593,-1.0000000935430362,-1.0000000935430349,-1.0000000935430338,-1.0000006673297686,-1.0000004494515304,1.0000000004645067,1.000000648288445,-1.0000009486010721
-0.9999996587459324,0.9999996808899878,-0.9999997538289435,-0.9999995133285611,0.9999999733291807,-0.999999986160125,-0.9999999861601236,-0.999999986160121,0.9999995313501935,-0.999999783149002,1.0000002552648786,1.0000001007495942,1.0000001007495947,1.0000001007495933,-1.0000000935430366,-1.000000093543034,-1.000000093543032,-1.0000004494515249,-1.0000006673297714,1.000000648288445,1.0000000004645067,-1.0000009486010741
0.9999997414487783,-0.9999997635773772,0.9999998365411993,0.9999995960094731,-1.0000000560141955,1.0000000688632504,1.0000000688632507,1.0000000688632475,-0.9999996139938238,0.9999998657319059,-1.0000003377598832,-1.0000001834301668,-1.0000001834301673,-1.0000001834301653,1.000000176231443,1.0000001762314434,1.0000001762314408,1.0000005319177874,1.0000005319177938,-1.0000009486010721,-1.0000009486010741,1.0000000005826282
