1.0000000077263627,-1.0000090613839978,-1.0000130886733236,1.0000087258667003,1.000006494336135,1.0000124392667316,1.000014587722626,0.9999947045404924,-0.9999941523053574,0.9999957891873268,0.9999947045404913,-1.000011019452536,-1.0000077695102665,-1.0000146355483863,-0.9999982269672327,1.0000011283756778,-1.0000041437353069,-1.000002773869183,1.000006192979925,-1.0000157353302765,1.0000157518065529
-1.0000090613839978,1.0000000042290471,1.000009925787457,-1.000007010832675,-1.0000047793059328,-1.000010000302804,-1.0000121487536182,-0.9999922656039536,0.9999917133710616,-0.9999933502511776,-0.9999922656039539,1.00000858049154,1.0000053305555863,1.0000121965792854,0.999995788027703,-0.9999986894318944,1.0000017047872118,1.000000334921027,-1.0000037540280207,1.0000132963585606,-1.0000133128348023
-1.0000130886733236,1.000009925787457,1.0000000100039297,-1.0000103141926855,-1.0000080826598448,-1.000014751519726,-1.0000168999788974,-0.999996292855617,0.9999957406189133,-0.9999973775018135,-0.9999962928556178,1.0000126077816118,1.0000093578354408,1.0000162238826351,0.9999998152835919,-1.0000027166944432,1.0000057320564901,1.0000043621908365,-1.0000077813034303,1.0000173236662186,-1.0000173401425139
1.0000087258667003,-1.000007010832675,-1.0000103141926855,1.0000000047859945,1.00000444378755,1.0000103887080525,1.0000125371596529,0.9999926540064936,-0.9999921017731576,0.999993738653346,0.9999926540064944,-1.000009692818461,-1.0000064428816733,-1.0000125849853323,-0.9999961764301454,0.9999990778347188,-1.0000020931904068,-1.0000007233245796,1.0000041424316988,-1.0000136847650156,1.0000137012412622
1.000006494336135,-1.0000047793059328,-1.0000080826598448,1.00000444378755,1.0000000015861228,1.0000081571751218,1.0000103056223084,0.9999904224814612,-0.9999898702510922,0.9999915071318799,0.9999904224814601,-1.0000067373655297,-1.0000034874327317,-1.0000103534479274,-0.9999939449083503,0.9999968463120772,-1.0000005855891814,-0.9999984917976108,1.000001910906214,-1.0000114532253188,1.0000114697015436
1.0000124392667316,-1.000010000302804,-1.000014751519726,1.0000103887080525,1.0000081571751218,1.0000000101107809,1.0000162505725525,0.9999963673706317,-0.9999958151338446,0.9999974520167658,0.999996367370631,-1.0000134062191954,-1.0000094323507798,-1.000017022320452,-0.9999998897986053,1.0000027912095384,-1.000005806571668,-1.0000044367060692,1.0000078558187027,-1.000017398182034,1.0000174146583303
1.000014587722626,-1.0000121487536182,-1.0000168999788974,1.0000125371596529,1.0000103056223084,1.0000162505725525,1.0000000131915434,0.9999985157956462,-0.9999979635574281,0.9999996004433431,0.999998515795645,-1.0000148307535046,-1.0000115808005456,-1.0000184468624116,-1.0000020382297978,1.000004939646286,-1.0000079550141612,-1.0000065851464794,1.0000100042653275,-1.0000202705705155,1.0000195631247684
0.9999947045404924,-0.9999922656039536,-0.999996292855617,0.9999926540064936,0.9999904224814612,0.9999963673706317,0.9999985157956462,0.9999999846802551,-0.9999788043460438,0.9999797173192116,0.9999786326341111,-0.9999949475690783,-0.9999916976485612,-0.9999985636210802,-0.9999821551075594,0.9999850565218315,-0.9999880718894628,-0.9999867019828947,0.9999901211235641,-0.9999996633868725,0.9999996798630313
-0.9999941523053574,0.9999917133710616,0.9999957406189133,-0.9999921017731576,-0.9999898702510922,-0.9999958151338446,-0.9999979635574281,-0.9999788043460438,0.9999999838884192,-0.9999798890274111,-0.999978804346047,0.9999943953336706,0.9999911454167141,0.9999980113828107,0.9999816028896223,-0.9999845042993024,0.9999875196620555,0.9999861497597625,-0.9999895688937306,0.9999991111478881,-0.9999991276240302
0.9999957891873268,-0.9999933502511776,-0.9999973775018135,0.999993738653346,0.9999915071318799,0.9999974520167658,0.9999996004433431,0.9999797173192116,-0.9999798890274111,0.9999999862356198,0.9999797173192116,-0.9999960322156983,-0.9999927822976994,-0.9999996482687425,-0.9999839636982638,0.9999861411832683,-0.9999891565430519,-0.9999877866472472,0.9999912057749387,-1.000000748035392,1.0000007645115385
0.9999947045404913,-0.9999922656039539,-0.9999962928556178,0.9999926540064944,0.9999904224814601,0.999996367370631,0.999998515795645,0.9999786326341111,-0.999978804346047,0.9999797173192116,0.9999999846802551,-0.9999949475690778,-0.999991697648561,-0.9999985636210788,-0.9999821551075571,0.9999850565218311,-0.9999880718894611,-0.9999867019828936,0.9999901211235632,-0.9999996633868721,0.9999996798630317
-1.000011019452536,1.00000858049154,1.0000126077816118,-1.000009692818461,-1.0000067373655297,-1.0000134062191954,-1.0000148307535046,-0.9999949475690783,0.9999943953336706,-0.9999960322156983,-0.9999949475690778,1.000000008074853,1.000008012539859,1.0000148785792715,0.9999984699957915,-1.0000013714044962,1.0000043867643782,1.000003016898456,-1.0000064360093026,1.0000159783614184,-1.000015994837696
-1.0000077695102665,1.0000053305555863,1.0000093578354408,-1.0000064428816733,-1.0000034874327317,-1.0000094323507798,-1.0000115808005456,-0.9999916976485612,0.9999911454167141,-0.9999927822976994,-0.999991697648561,1.000008012539859,1.0000000034146401,1.0000116286262057,0.9999952200750084,-0.9999981214799376,1.0000011368361106,0.9999997669678669,-1.0000039099988567,1.0000127284049307,-1.0000127448811702
-1.0000146355483863,1.0000121965792854,1.0000162238826351,-1.0000125849853323,-1.0000103534479274,-1.000017022320452,-1.0000184468624116,-0.9999985636210802,0.9999980113828107,-0.9999996482687425,-0.9999985636210788,1.0000148785792715,1.0000116286262057,1.0000000132601226,1.000002086055238,-1.0000049874717831,1.0000080028397134,1.000006632972065,-1.0000100520909434,1.0000195944744088,-1.0000203348728185
-0.9999982269672327,0.999995788027703,0.9999998152835919,-0.9999961764301454,-0.9999939449083503,-0.9999998897986053,-1.0000020382297978,-0.9999821551075594,0.9999816028896223,-0.9999839636982638,-0.9999821551075571,0.9999984699957915,0.9999952200750084,1.000002086055238,0.999999989731247,-0.9999893028831224,0.99999159431867,0.9999902244300397,-0.9999936435517747,1.0000031858243013,-1.0000032023004628
1.0000011283756778,-0.9999986894318944,-1.0000027166944432,0.9999990778347188,0.9999968463120772,1.0000027912095384,1.000004939646286,0.9999850565218315,-0.9999845042993024,0.9999861411832683,0.9999850565218311,-1.0000013714044962,-0.9999981214799376,-1.0000049874717831,-0.9999893028831224,0.9999999938916825,-0.9999952196430313,-0.9999938497620107,0.9999965449558396,-1.0000060872437437,1.0000061037199264
-1.0000041437353069,1.0000017047872118,1.0000057320564901,-1.0000020931904068,-1.0000005855891814,-1.000005806571668,-1.0000079550141612,-0.9999880718894628,0.9999875196620555,-0.9999891565430519,-0.9999880718894611,1.0000043867643782,1.0000011368361106,1.0000080028397134,0.99999159431867,-0.9999952196430313,0.999999998215516,0.9999961412019839,-1.00000028423333,1.000009102614674,-1.0000091190908749
-1.000002773869183,1.000000334921027,1.0000043621908365,-1.0000007233245796,-0.9999984917976108,-1.0000044367060692,-1.0000065851464794,-0.9999867019828947,0.9999861497597625,-0.9999877866472472,-0.9999867019828936,1.000003016898456,0.9999997669678669,1.000006632972065,0.9999902244300397,-0.9999938497620107,0.9999961412019839,0.9999999962511946,-0.9999981904407406,1.0000077327458934,-1.000007749222105
1.000006192979925,-1.0000037540280207,-1.0000077813034303,1.0000041424316988,1.000001910906214,1.0000078558187027,1.0000100042653275,0.9999901211235641,-0.9999895688937306,0.9999912057749387,0.9999901211235632,-1.0000064360093026,-1.0000039099988567,-1.0000100520909434,-0.9999936435517747,0.9999965449558396,-1.00000028423333,-0.9999981904407406,1.0000000011539971,-1.000011151868042,1.0000111683442643
-1.0000157353302765,1.0000132963585606,1.0000173236662186,-1.0000136847650156,-1.0000114532253188,-1.000017398182034,-1.0000202705705155,-0.9999996633868725,0.9999991111478881,-1.000000748035392,-0.9999996633868721,1.0000159783614184,1.0000127284049307,1.0000195944744088,1.0000031858243013,-1.0000060872437437,1.000009102614674,1.0000077327458934,-1.000011151868042,1.0000000148371493,-1.000021434660124
1.0000157518065529,-1.0000133128348023,-1.0000173401425139,1.0000137012412622,1.0000114697015436,1.0000174146583303,1.0000195631247684,0.9999996798630313,-0.9999991276240302,1.0000007645115385,0.9999996798630317,-1.000015994837696,-1.0000127448811702,-1.0000203348728185,-1.0000032023004628,1.0000061037199264,-1.0000091190908749,-1.000007749222105,1.0000111683442643,-1.000021434660124,1.0000000148607753
