1.0000000023878137,-1.0000023257230333,0.9941129673421322,0.8658270630314795,0.7933985868902405,0.9865165491368282,-0.9865157552687959,0.9838628825121948,0.9893919108285608,0.9859979150622943,0.9854595216631135,-0.9854702226750279,-0.985448905096829,0.9849438417234991,0.9854440277910458,0.9854437113748581,0.9838643032859259,-0.9838636430057239,0.1659777939714848,-0.3389747217099809,0.07042321338921267,0.38248485239749597,-0.07042642355160939,-0.27991840441556937,-0.9854396004353618,0.9854360500699177,0.9854394460789941,0.9854380471522152,-0.9854389948159546,-0.985437729695953,-0.985430309270419,0.9854248089131942,-0.985420555538044,-0.9854238028548787,0.9854162613253772,-0.9854195787007284,-0.9854088388308042,0.9854245059574198,0.9854221298658352,-0.9854229505806641,0.9854203411273721,0.9854015098060398,-0.9853944836342167,0.9853913891301965,0.9853913552121921,-0.9853889563908291,0.9853884938426256,0.9853879674299627,-0.985391147862045,-0.985389315780354,0.9853890418652695,-0.9853881865642378,-0.9853876588139266,-0.9803730612855757,-0.9919246679494387,-0.38245533882130256,-0.9149208177995577,-0.8658285235373038,-0.25896449668833743,0.9532528549402693,-0.9844080098412603
-1.0000023257230333,1.0000000005776735,-0.9941120623005951,-0.8658267687541821,-0.7933971193421456,-0.9865154788251358,0.986514684958582,-0.9838618329836707,-0.989390815860768,-0.9859968489489059,-0.9854584598588898,0.9854691607692062,0.9854478433930476,-0.9849427839333964,-0.985442966135873,-0.9854426497207176,-0.9838632537546104,0.9838625934755386,-0.16597892300239409,0.33897576987375866,-0.07042243473855966,-0.3824854193527726,0.07042564489716831,0.2799182735735402,0.9854385388264317,-0.9854349885021108,-0.9854383844723967,-0.9854369855506495,0.9854379332090769,0.9854366680969165,0.9854292477799804,-0.9854237474978056,0.9854194941683044,0.9854227414665918,-0.9854151999991417,0.9854185173570829,0.9854077775629656,-0.9854234445703871,-0.985421068501387,0.9854218892173391,-0.9854192797850256,-0.9854004485937208,0.9853934224738669,-0.9853903279929589,-0.9853902940761922,0.9853878952721112,-0.9853874327277742,-0.9853869063207964,0.9853900867302574,0.9853882546596754,-0.9853879807490425,0.9853871254539466,0.9853865977093891,0.9803720369871276,0.9919235487056923,0.38245590582974703,0.9149201125183922,0.8658279911700931,0.2589630644919799,-0.953251985035896,0.984406956176905
0.9941129673421322,-0.9941120623005951,1.000000000659829,0.9149484400461413,0.7227607760121755,0.9984441698597063,-0.9984433229856694,0.9974588598750332,0.9993094223677924,0.9982634869855138,0.9980693980786137,-0.9980735989145411,-0.9980651431424505,0.9978782975415837,0.998063337783209,0.9980630791276284,0.9974605073403439,-0.997459769268909,0.19380292721567904,-0.41666148759709654,0.10308812409536303,0.48035998231892585,-0.10309131551410335,-0.3605963930142247,-0.998061809306911,0.9980607930431875,0.9980618446054232,0.9980607417547573,-0.9980613206288343,-0.9980606125721168,-0.9980598327625498,0.9980589424462738,-0.9980573575002376,-0.9980597154961487,0.998055562549591,-0.9980580782648543,-0.9980512702641796,0.9980605855441022,0.9980594969960659,-0.9980604830234648,0.9980590103439859,0.9980468785508358,-0.998042577819201,0.9980406936417484,0.9980407378477562,-0.9980392318818795,0.998038977237667,0.9980387618501836,-0.9980407806116244,-0.9980394996837233,0.9980394834909003,-0.9980389307146456,-0.9980387173981863,-0.9959641002637377,-0.9998289589690093,-0.4803319627095979,-0.9532727434633652,-0.914949852579866,-0.152767624148437,0.9803839317831378,-0.9976733294054676
0.8658270630314795,-0.8658267687541821,0.9149484400461413,0.9999999990499728,0.38238072680096985,0.9360502753901061,-0.9360493216943706,0.9413834338279261,0.9293371962563332,0.9371474722474357,0.9382563568862533,-0.9382359016742579,-0.9382762478249062,0.9392944539707774,0.9382860755106202,0.9382860596285713,0.9413857493319343,-0.9413848004963673,0.27667200372143286,-0.6613847920725549,0.21372634726863804,0.7934641724658728,-0.21372912746250936,-0.6224822840703109,-0.938295505946862,0.9383040353518348,0.9382962437511668,0.9382963614815015,-0.938295505041246,-0.9382969472563965,-0.9383209803509153,0.9383373529641551,-0.9383458747219822,-0.938344668682055,0.9383535789602567,-0.9383528402158942,-0.9383614026204727,0.9383460673615064,0.9383498900348669,-0.9383513862051848,0.9383543043702013,0.9383684191404885,-0.9383747279062779,0.9383775524931073,0.9383778829011601,-0.9383798629899556,0.9383804098120236,0.9383813757069215,-0.9383788525031637,-0.9383797610759741,0.9383807063602352,-0.9383813393055285,-0.9383823197431874,-0.9474772130967897,-0.92230269966288,-0.7934449520583616,-0.9941172044171879,-0.9999999832704559,0.25905891846644824,0.9765406974261733,-0.9403435698597131
0.7933985868902405,-0.7933971193421456,0.7227607760121755,0.38238072680096985,1.000000001897891,0.683060248392817,-0.6830599425704574,0.6716714441107614,0.6965372410200221,0.6807676468504463,0.6784243360130322,-0.6784689832327208,-0.6783805312229022,0.6762090892366072,0.6783595680217668,0.6783590030063302,0.6716712509207666,-0.6716711858870985,-0.030074638677291685,0.17862695921722863,-0.12996133195469545,-0.25895988249701474,0.12995878594669047,0.24036101353636516,-0.6783399190433268,0.6783229858061223,0.6783387363937043,0.6783360097176102,-0.6783388017259677,-0.6783347108206726,-0.6782917692250336,0.6782616930270959,-0.678243470820731,-0.6782509349921961,0.6782261677711948,-0.6782331928227041,-0.6782029423269782,0.6782505318393942,0.6782414932626967,-0.678241188703868,0.6782328195708938,0.6781808714423776,-0.6781602208822629,0.678151069833383,0.6781506052299653,-0.6781437663171054,0.6781422468634728,0.6781400996357287,-0.6781490427164066,-0.6781445540003873,0.6781428981432995,-0.6781405486038027,-0.678138381213389,-0.6578131316554062,-0.7097725619052324,0.25899071355630315,-0.48019942410969924,-0.3823821066861794,-0.7934036014517198,0.572371394277481,-0.6739432219641095
0.9865165491368282,-0.9865154788251358,0.9984441698597063,0.9360502753901061,0.683060248392817,1.0000000038385786,-1.000004772353768,0.9998839375793465,0.9998313384174918,0.999999619612329,0.9999837626873145,-0.9999845960691056,-0.9999828040959216,0.9999607202332503,0.9999825893566521,0.9999823616389436,0.9998856942259144,-0.9998849194805142,0.20725210359170143,-0.45476753795520175,0.11943300120796341,0.5285679587158991,-0.1194361683274046,-0.4004921251007837,-0.9999825610887483,0.9999828547968629,0.9999826939107249,0.9999817486215844,-0.9999821348864611,-0.9999817170059537,-0.9999843613607419,0.9999858497583187,-0.9999856465958544,-0.9999875356752188,0.9999851472563319,-0.9999872384851092,-0.9999824870509529,0.9999884877216759,0.9999880673853004,-0.999989134038256,0.9999882536731465,0.9999796285128235,-0.9999767514038786,0.9999754993177808,0.9999755835626967,-0.9999745444220445,0.9999743980385942,0.9999743438499887,-0.9999757549647394,-0.999974763817447,0.9999748804525143,-0.9999744860450634,-0.9999744356738498,-0.9994232754637755,-0.9993111808489801,-0.5285408372106092,-0.9686516659366999,-0.9360516567277117,-0.09736764553111227,0.989858902200468,-0.9999271108360296
-0.9865157552687959,0.986514684958582,-0.9984433229856694,-0.9360493216943706,-0.6830599425704574,-1.000004772353768,1.0000000026023441,-0.999883299370585,-0.9998307137269631,-0.9999989861919601,-0.9999828899555174,0.9999837233447694,0.9999819313577667,-0.9999598463089566,-0.9999817166156897,-0.9999814888979043,-0.9998848179255984,0.9998840431818486,-0.20725269441216215,0.4547674114550313,-0.11943191873585347,-0.5285671632240153,0.11943508585298784,0.40049096445302945,0.9999816883457242,-0.9999819820532039,-0.9999818211666949,-0.9999808758769648,0.9999812621432501,0.9999808442604706,0.9999834886162523,-0.9999849770134516,0.9999847738518869,0.9999866629292465,-0.9999842745135861,0.9999863657402642,0.9999816143115441,-0.999987614974804,-0.9999871946393302,0.9999882612913792,-0.9999873809274674,-0.9999787557768576,0.9999758786712851,-0.9999746265866388,-0.9999747108315126,0.9999736716920006,-0.999973525308741,-0.9999734711202215,0.9999748822334675,0.9999738910872008,-0.9999740077222143,0.9999736133151734,0.999973562944036,0.9994223922347901,0.9993103258745649,0.5285400417371448,0.968650724749678,0.9360507030302961,0.09736795411407585,-0.9898579845950313,0.9999262357212704
0.9838628825121948,-0.9838618329836707,0.9974588598750332,0.9413834338279261,0.6716714441107614,0.9998839375793465,-0.999883299370585,1.0000000014959838,0.9994217352559104,0.9999266599977686,0.999960240563251,-0.9999601396672408,-0.9999601965966043,0.9999838182944385,0.9999604230616902,0.9999602040501323,1.0000038922428718,-1.0000033458393773,0.21086306781972144,-0.46508084021950874,0.12390365127111215,0.541644347565721,-0.12390680989455498,-0.4113367536981373,-0.9999608108206378,0.9999614676191362,0.9999609706149155,0.9999600695458958,-0.9999604021808559,-0.9999600650057329,-0.9999636573957861,0.999965804575915,-0.9999659846865263,-0.9999677426936813,0.9999658448880515,-0.9999678172529215,-0.9999636387186989,0.9999687169512002,0.9999684821383366,-0.9999695705578686,0.9999688549245422,0.9999612069004304,-0.999958726143328,0.9999576500240476,0.9999577453247562,-0.9999568362060173,0.9999567199234021,0.9999567104635182,-0.999957952301936,-0.999957042057288,0.9999571954595493,-0.9999568451847467,-0.9999568400243422,-0.9998287884548108,-0.9986135952650905,-0.5416174901611579,-0.9723796218513441,-0.9413848057504977,-0.08194966624043594,0.9919377656193016,-0.9999979883158098
0.9893919108285608,-0.989390815860768,0.9993094223677924,0.9293371962563332,0.6965372410200221,0.9998313384174918,-0.9998307137269631,0.9994217352559104,1.0000000027185956,0.9997672225150099,0.9996919192139108,-0.9996938759461975,-0.999689860943577,0.9996128209355143,0.9996891156503238,0.9996888775358568,0.9994234560998383,-0.9994226933165196,0.20283825122500698,-0.4422164725925103,0.11402368412488763,0.5126736680980141,-0.11402686044586617,-0.3873258152057175,-0.9996885870454356,0.999688443972366,0.9996886873892349,0.9996876892254365,-0.9996881398596528,-0.999687625060112,-0.9996891283513472,0.9996898239496267,-0.9996891598837314,-0.9996912060042478,0.9996882282771276,-0.9996904617993881,-0.999685022841472,0.9996921310337163,0.999691487699014,-0.999692527832549,0.9996914496219428,0.9996816519896962,-0.9996782990971049,0.9996768357709175,0.9996769066918155,-0.9996757115021181,0.9996755289623386,0.9996754209942423,-0.999677035251701,-0.9996759471173771,0.9996760194940215,-0.9996755721329788,-0.9996754674011779,-0.9986159596284162,-0.9998303894383247,-0.5126462376713308,-0.9638584943548224,-0.9293385884770472,-0.11587744365737611,0.987042065943742,-0.9995220512668721
0.9859979150622943,-0.9859968489489059,0.9982634869855138,0.9371474722474357,0.6807676468504463,0.999999619612329,-0.9999989861919601,0.9999266599977686,0.9997672225150099,1.0000000025952849,0.9999978047640536,-0.9999986869476027,-0.9999970314821969,0.9999841989916058,0.9999969061435197,0.9999966801836507,0.9999284225863782,-0.9999276458623051,0.20799639322231978,-0.4568696428775742,0.1203308225039721,0.5312249622565145,-0.1203339879657802,-0.40268912013305447,-0.9999969621850582,0.9999973294947951,0.999997100468421,0.9999961641115805,-0.999996539529391,-0.9999961379752222,-0.9999989745816408,1.0000005965543934,-1.0000004710882733,-1.0000023336275397,1.0000000446302035,-1.0000021117978333,-0.99999747642666,1.000003290192848,1.0000029074612,-1.000003978545855,1.0000031315622826,0.9999947043491977,-0.9999919075439972,0.9999906911105193,0.9999907775984717,-0.999989764799404,0.9999896245159223,0.9999895793946381,-0.999990956216242,-0.9999899814529186,0.9999901055443449,-0.9999897200770645,-0.9999896788709857,-0.9995241083173165,-0.99918875860117,-0.5311978937190275,-0.969424533300847,-0.9371488516982288,-0.09424840156635365,0.9902983411439871,-0.9999602127274538
0.9854595216631135,-0.9854584598588898,0.9980693980786137,0.9382563568862533,0.6784243360130322,0.9999837626873145,-0.9999828899555174,0.999960240563251,0.9996919192139108,0.9999978047640536,1.0000000015308783,-1.0000028443654738,-1.000001809398542,0.9999981668264334,1.0000015372486848,1.000001313082149,0.9999620091445552,-0.9999612304269461,0.20876949379983414,-0.4590177473154137,0.12122802623349911,0.5339275841061242,-0.12123118997908705,-0.40491392698656503,-1.000001679379173,1.0000021218652544,1.0000018232253225,1.0000008959789086,-1.000001260341383,-1.000000875425367,-1.0000039084498447,1.0000056668744155,-1.0000056207954058,-1.000007456192136,1.000005268811165,-1.0000073113673273,-1.000002794646965,1.0000084173616381,1.0000080730594691,-1.0000091486595106,1.0000083357961167,1.0000001109498442,-0.9999973962342179,0.9999962162459995,0.9999963050251377,-0.9999953191544712,0.9999951851058277,0.9999951492506338,-0.9999964910145719,-0.999995533003835,0.9999956647133592,-0.9999952883857817,-0.999995256545734,-0.9996169166620202,-0.9990540374639416,-0.5339005698485395,-0.9702025525624016,-0.9382577343882955,-0.09106845179991914,0.9907363353639184,-0.9999839882009959
-0.9854702226750279,0.9854691607692062,-0.9980735989145411,-0.9382359016742579,-0.6784689832327208,-0.9999845960691056,0.9999837233447694,-0.9999601396672408,-0.9996938759461975,-0.9999986869476027,-1.0000028443654738,1.0000000021741478,1.0000020182927496,-0.9999986744660346,-1.0000019823458857,-1.0000017581457918,-0.9999619081811983,0.9999611294857579,-0.2087385714766602,0.45896724641717,-0.12122755863610006,-0.5338767938664527,0.12123072241116217,0.40488224801793504,1.000002122686845,-1.0000025635862468,-1.0000022664298525,-1.0000013390131846,1.0000017035813948,1.000001318355872,1.000004347164523,-1.0000061026816456,1.0000060549038747,1.0000078908888688,-1.0000057013226302,1.0000077444127222,1.0000032251339774,-1.0000088519636454,-1.0000085068357998,1.0000095823416986,-1.000008768743588,-1.0000005395328055,0.9999978230479335,-0.9999966422742218,-0.9999967310041491,0.9999957445530182,-0.9999956103700968,-0.9999955743155343,0.9999969168351668,0.9999959584629446,-0.9999960900087408,0.9999957134841744,0.9999956814425933,0.9996156963714652,0.9990571168219972,0.5338497785413863,0.9701883672272906,0.938237279225817,0.09112859657190611,-0.9907285869027389,0.9999840725145872
-0.985448905096829,0.9854478433930476,-0.9980651431424505,-0.9382762478249062,-0.6783805312229022,-0.9999828040959216,0.9999819313577667,-0.9999601965966043,-0.999689860943577,-0.9999970314821969,-1.000001809398542,1.0000020182927496,1.0000000007038836,-0.9999977602104867,-1.000001196913301,-1.000000972779672,-0.999961965241015,0.9999611865026702,-0.20880053215725358,0.45906761244248173,-0.12122767031140898,-0.5339772296089795,0.12123083402792094,0.40494438950911593,1.0000011027164508,-1.0000015467635903,-1.0000012466636339,-1.0000003195841536,1.0000006837450097,1.0000002991322983,1.0000033363065104,-1.0000050975924561,1.000005053186001,1.0000068880026205,-1.0000047027744106,1.000006744803867,1.0000022306049312,-1.0000078492650075,-1.000007505775927,1.0000085814682893,-1.0000077693287346,-0.9999995487841179,0.9999968358120972,-0.999995656598027,-0.9999957454256168,0.9999947601271012,-0.9999946262107775,-0.9999945905520958,0.9999959315711109,0.9999949739167273,-0.9999951057875754,0.9999947296541876,0.9999946980127915,0.9996179685846157,0.9990508802736114,0.5339502164015468,0.9702163009690415,0.9382776252778547,0.09100955933984586,-0.9907437793844236,0.9999837629229749
0.9849438417234991,-0.9849427839333964,0.9978782975415837,0.9392944539707774,0.6762090892366072,0.9999607202332503,-0.9999598463089566,0.9999838182944385,0.9996128209355143,0.9999841989916058,0.9999981668264334,-0.9999986744660346,-0.9999977602104867,1.0000000023073485,0.9999978117507574,0.999997589278507,0.9999855926456639,-0.9999848120097748,0.20944821840674394,-0.4610096602282706,0.12212174169729609,0.5364718576387684,-0.12212490378512082,-0.4070387136322705,-0.9999980345810229,0.9999985474632611,0.999998183677427,0.9999972650368874,-0.9999976189610864,-0.9999972497533386,-1.0000004664802684,1.000002352589561,-1.000002380785998,-1.000004190792312,1.000002098473269,-1.0000041180045771,-0.999999712280786,1.000005156271457,1.0000048479175296,-1.0000059277391218,1.0000051467930091,0.9999971112607674,-0.9999944733374455,0.9999933274424148,0.9999934183637932,-0.9999924576845035,0.9999923294679591,0.9999923022793129,-0.9999936112464137,-0.9999926689098712,0.9999928077435535,-0.9999924399666011,-0.9999924168864897,-0.9996963497022384,-0.9989189130718265,-0.5364448947053511,-0.970928382697522,-0.9392958296593996,-0.08806899930532035,0.9911413531928809,-0.9999985572453982
0.9854440277910458,-0.985442966135873,0.998063337783209,0.9382860755106202,0.6783595680217668,0.9999825893566521,-0.9999817166156897,0.9999604230616902,0.9996891156503238,0.9999969061435197,1.0000015372486848,-1.0000019823458857,-1.000001196913301,0.9999978117507574,1.0000000006587668,1.0000007033959937,0.999962191735459,-0.9999614129874216,0.2088159883074645,-0.45909204763411104,0.12122709696186917,0.5340013106171397,-0.12123026066526457,-0.40495891798851064,-1.000001310344451,1.0000015170617758,1.0000012162533776,1.0000002892543574,-1.0000006533178427,-1.0000002688516607,-1.0000033080404127,1.0000050707151975,-1.0000050271206962,-1.0000068616556639,1.0000046774726399,-1.000006719246363,-1.0000022062717597,1.000007822963212,1.000007479868814,-1.000008555606102,1.000007743817981,0.9999995253620884,-0.9999968132367992,0.9999956343987196,0.9999957232498576,-0.9999947382292426,0.9999946043771918,0.9999945688140733,-0.9999959094712492,-0.9999949519898544,0.9999950839391679,-0.9999947079001026,-0.9999946763553207,-0.9996187236142076,-0.9990496047068318,-0.5339742979102728,-0.9702231734380045,-0.9382874529400437,-0.0909811724389524,0.9907476157325295,-0.9999839019330263
0.9854437113748581,-0.9854426497207176,0.9980630791276284,0.9382860596285713,0.6783590030063302,0.9999823616389436,-0.9999814888979043,0.9999602040501323,0.9996888775358568,0.9999966801836507,1.000001313082149,-1.0000017581457918,-1.000000972779672,0.999997589278507,1.0000007033959937,1.0000000003404077,0.999961972724789,-0.999961193976502,0.20881606393603103,-0.45909231411880336,0.12122724107590487,0.5340016661747727,-0.12123040477828025,-0.4049592267999659,-1.0000008481545082,1.0000012929720807,1.0000009921514272,1.0000000651540872,-1.0000006673028365,-1.000000044752288,-1.0000030839752798,1.0000048466737514,-1.000004803093121,-1.00000663762314,1.0000044534580954,-1.0000064952273027,-1.0000019822738297,1.0000075989313333,1.0000072558437358,-1.0000083315816404,1.0000075197995741,0.999999301379793,-0.9999965892690309,0.9999954104373749,0.9999954992888924,-0.9999945142730214,0.9999943804220581,0.999994344860478,-0.9999956855114869,-0.999994728033127,0.9999948599836851,-0.9999944839462328,-0.9999944524029986,-0.999618515103763,-0.9990493562784434,-0.533974653483543,-0.9702230921388747,-0.9382874370572754,-0.09098059229178458,0.990747469971316,-0.9999836811902959
0.9838643032859259,-0.9838632537546104,0.9974605073403439,0.9413857493319343,0.6716712509207666,0.9998856942259144,-0.9998848179255984,1.0000038922428718,0.9994234560998383,0.9999284225863782,0.9999620091445552,-0.9999619081811983,-0.999961965241015,0.9999855926456639,0.999962191735459,0.999961972724789,1.0000000040329524,-1.0000051318112206,0.21086127986489173,-0.46508130979229556,0.12390701382368165,0.5416468952863591,-0.12391017245096599,-0.4113404064479402,-0.9999625795200079,0.9999632363367164,0.9999627393186814,0.9999618382545951,-0.9999621708820869,-0.9999618337185433,-0.9999654261454831,0.999967573355228,-0.9999677534809885,-0.9999695114860151,0.999967613695969,-0.9999695860592894,-0.9999654075406886,0.9999704857463109,0.9999702509396018,-0.9999713393617891,0.9999706237334159,0.9999629757351776,-0.9999604949896892,0.9999594188757417,0.9999595141770127,-0.9999586050621729,0.999958488780578,0.9999584793227586,-0.9999597211560641,-0.9999588109131626,0.9999589643173272,-0.9999586140438345,-0.9999586088855537,-0.9998303709096216,-0.9986152797121952,-0.5416200378618107,-0.9723817973150704,-0.9413871212581607,-0.08194793893257359,0.991939775445789,-0.9999995303963675
-0.9838636430057239,0.9838625934755386,-0.997459769268909,-0.9413848004963673,-0.6716711858870985,-0.9998849194805142,0.9998840431818486,-1.0000033458393773,-0.9994226933165196,-0.9999276458623051,-0.9999612304269461,0.9999611294857579,0.9999611865026702,-0.9999848120097748,-0.9999614129874216,-0.999961193976502,-1.0000051318112206,1.0000000029185785,-0.21086184000260647,0.465081069449616,-0.1239058671552358,-0.5416459462740981,0.12390902578064136,0.411339111244972,0.9999618007634846,-0.9999624575740905,-0.9999619605606811,-0.9999610594951464,0.9999613921250313,0.9999610549577457,0.9999646473718988,-0.9999667945715208,0.9999669746923098,0.9999687326976444,-0.9999668349029446,0.9999688072663379,0.9999646287435774,-0.9999697069568277,-0.999969472148164,0.9999705605692578,-0.9999698449394284,-0.9999621969344579,0.9999597161857451,-0.9999586400703044,-0.9999587353713729,0.9999578262554694,-0.9999577099735698,-0.9999577005150898,0.9999589423497793,0.999958032106506,-0.9999581855100256,0.999957835236185,0.9999578300772228,0.9998295749851386,0.9986145291545054,0.5416190888613491,0.9723808889634484,0.9413861724211213,0.08194849600995842,-0.9919389182653537,0.999998747828811
0.1659777939714848,-0.16597892300239409,0.19380292721567904,0.27667200372143286,-0.030074638677291685,0.20725210359170143,-0.20725269441216215,0.21086306781972144,0.20283825122500698,0.20799639322231978,0.20876949379983414,-0.2087385714766602,-0.20880053215725358,0.20944821840674394,0.2088159883074645,0.20881606393603103,0.21086127986489173,-0.21086184000260647,1.0000000002390341,-0.8090171565361032,-0.8090147587913415,0.3090200556570293,0.8090137313824363,0.30901125386354794,-0.20883124747595758,0.208845869601196,0.20883163797936155,0.2088320629085854,-0.2088314063928638,-0.20883243149849023,-0.20887464092078128,0.20890284265946074,-0.20891948569134075,-0.2089136892536859,0.2089352436877763,-0.20893001195494382,-0.20895528180450804,0.20891463987562198,0.20892279215529647,-0.2089238137605884,0.20893108578108405,0.20897414609284984,-0.20899168230328843,0.2089994883649692,0.20900000049521325,-0.20900576350827957,0.20900710724646462,0.20900915866947387,-0.2090016554447695,-0.20900517476192626,0.20900687958038305,-0.20900883004016682,-0.20901090871968148,-0.21511967294002288,-0.1983544171701854,-0.30901987355362964,-0.25912167241834183,-0.27667154456394133,0.21369768294586194,0.23852340366471558,-0.21015634362820773
-0.3389747217099809,0.33897576987375866,-0.41666148759709654,-0.6613847920725549,0.17862695921722863,-0.45476753795520175,0.4547674114550313,-0.46508084021950874,-0.4422164725925103,-0.4568696428775742,-0.4590177473154137,0.45896724641717,0.45906761244248173,-0.4610096602282706,-0.45909204763411104,-0.45909231411880336,-0.46508130979229556,0.465081069449616,-0.8090171565361032,1.0000000003438998,0.3090119931973285,-0.8090198947970638,-0.3090107456429239,0.30902370324140344,0.4591155694517298,-0.45913700992926276,-0.45911676888373565,-0.45911821752890547,0.4591161219158976,0.45911935252031577,0.459178446361236,-0.45921869676046495,0.45924190598649095,0.4592345059613463,-0.459263665906255,0.45925709553853405,0.45929055908797645,-0.45923616120853106,-0.459247348600925,0.45924907056686043,-0.4592588570577855,-0.4593157353595323,0.45933905541210035,-0.45934942979920723,-0.45935014890104975,0.45935777381683646,-0.45935957609671274,-0.45936234204183335,0.4593524341854322,0.4593570234649381,-0.45935936185717197,0.45936193265760544,0.45936473305117054,0.47728984837881655,0.42951288289441203,0.8090195235664736,0.6069185522925714,0.6613846461126781,-0.6224133344487499,-0.5453119407591581,0.46304746874599373
0.07042321338921267,-0.07042243473855966,0.10308812409536303,0.21372634726863804,-0.12996133195469545,0.11943300120796341,-0.11943191873585347,0.12390365127111215,0.11402368412488763,0.1203308225039721,0.12122802623349911,-0.12122755863610006,-0.12122767031140898,0.12212174169729609,0.12122709696186917,0.12122724107590487,0.12390701382368165,-0.1239058671552358,-0.8090147587913415,0.3090119931973285,1.0000000002744671,0.3090187191114186,-1.0000005949498079,-0.8090167564413123,-0.12122592896169322,0.12122371037879848,0.1212264965479667,0.12122725763915193,-0.12122622429096903,-0.12122779624058483,-0.12121859391201092,0.12121321301211728,-0.1212094932830594,-0.12121147208952301,0.12120575626131627,-0.12120765101608577,-0.12120022711784843,0.12121158920601209,0.12120958594854161,-0.12120965493110844,0.12120767505665778,0.12119488035460062,-0.12118982624445694,0.1211875701683171,0.12118746062766263,-0.12118576079902368,0.12118538886695755,0.12118483554414546,-0.12118706815211296,-0.1211859630587424,0.12118554300124813,-0.12118495789343207,-0.12118439491719234,-0.12922533840226746,-0.10857507324298427,-0.3090188804586224,-0.1876572726606034,-0.21372694424852842,0.276643330986455,0.15937941748220583,-0.12301378157955334
0.38248485239749597,-0.3824854193527726,0.48035998231892585,0.7934641724658728,-0.25895988249701474,0.5285679587158991,-0.5285671632240153,0.541644347565721,0.5126736680980141,0.5312249622565145,0.5339275841061242,-0.5338767938664527,-0.5339772296089795,0.5364718576387684,0.5340013106171397,0.5340016661747727,0.5416468952863591,-0.5416459462740981,0.3090200556570293,-0.8090198947970638,0.3090187191114186,1.0000000004568133,-0.30901994834426066,-0.8090195677942831,-0.5340241107275479,0.5340441801823737,0.5340256609532836,0.5340275800041592,-0.5340248457260419,-0.5340290478779253,-0.5340824547128459,0.5341193797741913,-0.534140290237326,-0.5341341131026361,0.5341597407019151,-0.5341543412800233,-0.5341832169049711,0.5341358407273249,0.5341457901189127,-0.5341475547124984,0.5341561176523261,0.534205088906933,-0.534225285547559,0.5342342656914089,0.5342349170967656,-0.5342414915276351,0.5342430639550708,0.5342454879469434,-0.53423695983016,-0.53424086617063,0.5342429449665328,-0.5342451541737386,-0.5342476066480736,-0.5571424307294783,-0.49660257285486037,-1.0000008482761968,-0.722885450697096,-0.7934643954366478,0.7933941879336434,0.6438013930237452,-0.5390609916874155
-0.07042642355160939,0.07042564489716831,-0.10309131551410335,-0.21372912746250936,0.12995878594669047,-0.1194361683274046,0.11943508585298784,-0.12390680989455498,-0.11402686044586617,-0.1203339879657802,-0.12123118997908705,0.12123072241116217,0.12123083402792094,-0.12212490378512082,-0.12123026066526457,-0.12123040477828025,-0.12391017245096599,0.12390902578064136,0.8090137313824363,-0.3090107456429239,-1.0000005949498079,-0.30901994834426066,1.0000000002324634,0.8090172598028927,0.12122909265346121,-0.12122687406179054,-0.12122966023922142,-0.12123042132589448,0.12122938798078489,0.12123095992629289,0.12122175758181568,-0.12121637666944923,0.12121265692987153,0.12121463574556723,-0.12120891989733862,0.12121081466166586,0.12120339073396064,-0.12121475286443882,-0.12121274960090553,0.12121281858624874,-0.12121083870484183,-0.12119804395089233,0.12119298982165018,-0.12119073373711366,-0.12119062419644455,0.1211889243612439,-0.12118855242795444,-0.12118799910384362,0.12119023172053651,0.12118912662199519,-0.12118870656394048,0.12118812145376542,0.12118755847622772,0.12922848584885296,0.10857825766562433,0.3090201095971623,0.18766021030683355,0.2137297244469083,-0.2766425011337535,-0.15938247802704536,0.1230169419499991
-0.27991840441556937,0.2799182735735402,-0.3605963930142247,-0.6224822840703109,0.24036101353636516,-0.4004921251007837,0.40049096445302945,-0.4113367536981373,-0.3873258152057175,-0.40268912013305447,-0.40491392698656503,0.40488224801793504,0.40494438950911593,-0.4070387136322705,-0.40495891798851064,-0.4049592267999659,-0.4113404064479402,0.411339111244972,0.30901125386354794,0.30902370324140344,-0.8090167564413123,-0.8090195677942831,0.8090172598028927,1.000000000417213,0.4049722873204705,-0.40498331972882123,-0.40497359619672146,-0.4049752526034586,0.40497292409294733,0.40497649266887986,0.4050038124764088,-0.40502330778087736,0.4050339321992495,0.4050313375123052,-0.40504364360258815,0.40504147762165227,0.40505473543682546,-0.4050324776276366,-0.40503738858799165,0.405038521803761,-0.4050425903410958,-0.4050649485391966,0.40507430708382547,-0.4050784627624568,-0.40507879765263843,0.40508181030435325,-0.40508255224759404,-0.4050837083800869,0.40507981756558037,0.4050815488183295,-0.40508257397214537,0.40508357771438774,0.4050847454838469,0.4242040322903104,0.3740259472164458,0.8090194088532846,0.562751088970781,0.6224827908355601,-0.6613166292097824,-0.4963981500081546,0.40919018986840006
-0.9854396004353618,0.9854385388264317,-0.998061809306911,-0.938295505946862,-0.6783399190433268,-0.9999825610887483,0.9999816883457242,-0.9999608108206378,-0.9996885870454356,-0.9999969621850582,-1.000001679379173,1.000002122686845,1.0000011027164508,-0.9999980345810229,-1.000001310344451,-1.0000008481545082,-0.9999625795200079,0.9999618007634846,-0.20883124747595758,0.4591155694517298,-0.12122592896169322,-0.5340241107275479,0.12122909265346121,0.4049722873204705,1.0000000008649508,-1.00000190142392,-1.0000015999414673,-1.0000004349313263,1.0000007989026831,1.000000414575197,1.0000034556816833,-1.0000052196783722,1.0000051768571667,1.0000070111233759,-1.0000048279365115,1.0000068694660904,1.0000023576591597,-1.0000079724738233,-1.0000076297553235,1.000008705535306,-1.0000078940821575,-0.999999677618396,0.9999969663006998,-0.9999957878213015,-0.999995876694893,0.9999948919394517,-0.9999947581487161,-0.9999947226769045,0.9999960629887561,0.9999951056723556,-0.9999952376966186,0.9999948617475752,0.999994830295124,0.9996196097175475,0.9990485759692161,0.5339970984889744,0.9702298228302141,0.9382968833541139,0.09095442098548444,-0.9907514058045729,0.9999842072350871
0.9854360500699177,-0.9854349885021108,0.9980607930431875,0.9383040353518348,0.6783229858061223,0.9999828547968629,-0.9999819820532039,0.9999614676191362,0.999688443972366,0.9999973294947951,1.0000021218652544,-1.0000025635862468,-1.0000015467635903,0.9999985474632611,1.0000015170617758,1.0000012929720807,0.9999632363367164,-0.9999624575740905,0.208845869601196,-0.45913700992926276,0.12122371037879848,0.5340441801823737,-0.12122687406179054,-0.40498331972882123,-1.00000190142392,1.0000000014982733,1.0000018074200647,1.0000008805637688,-1.0000014825411125,-1.0000008602487493,-1.0000041411501643,1.0000056682366585,-1.0000056261049837,-1.0000074601304143,1.0000052778333708,-1.0000073191439565,-1.0000028083817467,1.0000084215188525,1.0000080791355241,-1.000009154953348,1.00000834379945,1.0000001291182217,-0.999997418523167,0.9999962403648687,0.999996329258528,-0.9999953447406174,0.9999952110047661,0.9999951756149908,-0.999996515617393,-0.9999955584486494,0.9999956905401932,-0.9999953146718261,-0.9999952833023679,-0.9996207013446555,-0.9990479961832364,-0.5340171683457883,-0.9702359351687752,-0.9383054127397873,-0.09093110185644976,0.9907550291260424,-0.9999847920828326
0.9854394460789941,-0.9854383844723967,0.9980618446054232,0.9382962437511668,0.6783387363937043,0.9999826939107249,-0.9999818211666949,0.9999609706149155,0.9996886873892349,0.999997100468421,1.0000018232253225,-1.0000022664298525,-1.0000012466636339,0.999998183677427,1.0000012162533776,1.0000009921514272,0.9999627393186814,-0.9999619605606811,0.20883163797936155,-0.45911676888373565,0.1212264965479667,0.5340256609532836,-0.12122966023922142,-0.40497359619672146,-1.0000015999414673,1.0000018074200647,1.000000001069565,1.000000578980832,-1.0000009429467893,-1.0000005586274263,-1.0000035998423569,1.0000053639137096,-1.000005321135259,-1.0000071553878398,1.0000049722544773,-1.0000070137719534,-1.0000025020261256,1.0000081167411126,1.0000077740433087,-1.0000088498261315,1.0000080383909273,0.999999822031145,-0.9999971107557872,0.9999959322951112,0.9999960211699482,-0.999995036428225,0.9999949026407162,0.9999948671735792,-0.999996207467657,-0.9999952501597656,0.9999953821879504,-0.9999950062435268,-0.999994974795784,-0.9996198017808877,-0.9990486438013777,-0.5339986487405012,-0.9702303846173644,-0.938297621157319,-0.09095269872674817,0.9907517849622107,-0.9999843616818952
0.9854380471522152,-0.9854369855506495,0.9980607417547573,0.9382963614815015,0.6783360097176102,0.9999817486215844,-0.9999808758769648,0.9999600695458958,0.9996876892254365,0.9999961641115805,1.0000008959789086,-1.0000013390131846,-1.0000003195841536,0.9999972650368874,1.0000002892543574,1.0000000651540872,0.9999618382545951,-0.9999610594951464,0.2088320629085854,-0.45911821752890547,0.12122725763915193,0.5340275800041592,-0.12123042132589448,-0.4049752526034586,-1.0000004349313263,1.0000008805637688,1.000000578980832,0.9999999997528838,-1.0000002541142656,-0.9999998698087981,-1.0000026731111853,1.0000044373032018,-1.0000043945951742,-1.0000062288230462,1.000004045780464,-1.000006087275481,-1.0000015756358875,1.0000071901798064,1.0000068475164627,-1.000007923302659,1.0000071118979996,0.9999988957196573,-0.9999961845174267,0.9999950060890769,0.9999950949658603,-0.999994110247988,0.9999939764659641,0.9999939410066201,-0.9999952812697116,-0.9999943239770084,0.9999944560115355,-0.9999940800752009,-0.9999940486352998,-0.9996189539823179,-0.9990475931105323,-0.5340005678650918,-0.9702301768006364,-0.9382977388842778,-0.09094977098075581,0.9907512540362544,-0.9999834518239352
-0.9854389948159546,0.9854379332090769,-0.9980613206288343,-0.938295505041246,-0.6783388017259677,-0.9999821348864611,0.9999812621432501,-0.9999604021808559,-0.9996881398596528,-0.999996539529391,-1.000001260341383,1.0000017035813948,1.0000006837450097,-0.9999976189610864,-1.0000006533178427,-1.0000006673028365,-0.9999621708820869,0.9999613921250313,-0.2088314063928638,0.4591161219158976,-0.12122622429096903,-0.5340248457260419,0.12122938798078489,0.40497292409294733,1.0000007989026831,-1.0000014825411125,-1.0000009429467893,-1.0000002541142656,1.0000000002698917,0.9999999956728106,1.0000030368484785,-1.0000048008930023,1.0000047580997762,1.0000065923560704,-1.0000044092053875,1.000006450725933,1.0000019389614534,-1.0000075537078534,-1.0000072110030604,1.0000082867843256,-1.0000074753433532,-0.9999992589521208,0.9999965476636278,-0.9999953691971347,-0.999995458071496,0.9999944733255826,-0.9999943395370352,-0.9999943040683237,0.9999956443677912,0.999994687057476,-0.9999948190842529,0.9999944431384434,0.9999944116891138,0.9996192222507067,0.9990481079555579,0.5339978335181148,0.9702296910160428,0.9382968824470906,0.09095325365218093,-0.99075114462971,0.9999837951037202
-0.985437729695953,0.9854366680969165,-0.9980606125721168,-0.9382969472563965,-0.6783347108206726,-0.9999817170059537,0.9999808442604706,-0.9999600650057329,-0.999687625060112,-0.9999961379752222,-1.000000875425367,1.000001318355872,1.0000002991322983,-0.9999972497533386,-1.0000002688516607,-1.000000044752288,-0.9999618337185433,0.9999610549577457,-0.20883243149849023,0.45911935252031577,-0.12122779624058483,-0.5340290478779253,0.12123095992629289,0.40497649266887986,1.000000414575197,-1.0000008602487493,-1.0000005586274263,-0.9999998698087981,0.9999999956728106,0.99999999972398,1.0000026528738293,-1.000004417140767,1.000004374475801,1.0000062086896642,-1.000004025701297,1.0000060671838142,1.000001555606443,-1.0000071700491107,-1.0000068274066725,1.000007903195555,-1.0000070918090982,-0.9999988757367246,0.9999961645775405,-0.9999949861682221,-0.9999950750462436,0.9999940903423329,-0.999993956563577,-0.9999939211089395,0.9999952613539344,0.9999943040699472,-0.9999944361083977,0.9999940601767695,0.9999940287416053,0.9996189818865715,0.9990474964190038,0.5340020357692232,0.9702305806413536,0.9382983246578226,0.09094802736005347,-0.9907514711883626,0.9999834419127639
-0.985430309270419,0.9854292477799804,-0.9980598327625498,-0.9383209803509153,-0.6782917692250336,-0.9999843613607419,0.9999834886162523,-0.9999636573957861,-0.9996891283513472,-0.9999989745816408,-1.0000039084498447,1.000004347164523,1.0000033363065104,-1.0000004664802684,-1.0000033080404127,-1.0000030839752798,-0.9999654261454831,0.9999646473718988,-0.20887464092078128,0.459178446361236,-0.12121859391201092,-0.5340824547128459,0.12122175758181568,0.4050038124764088,1.0000034556816833,-1.0000041411501643,-1.0000035998423569,-1.0000026731111853,1.0000030368484785,1.0000026528738293,1.000000004047665,-1.000007704430225,1.0000074255214169,1.00000925908987,-1.0000070784829904,1.0000091193780267,1.0000046106000307,-1.0000102205509658,-1.0000098788042049,1.0000109546945137,-1.0000101441090115,-1.0000019328130594,0.9999992235908538,-0.9999980460426958,-0.9999981349745805,0.9999971509080336,-0.9999970172765154,-0.9999969820430202,0.9999983214573508,0.999997364568844,-0.9999974967886336,0.9999971210735715,0.999997089862245,0.9996237090163732,0.9990478581758517,0.5340554436085431,0.9702483623841736,0.9383223577034652,0.09088730850155989,-0.9907627922805501,0.9999868464975673
0.9854248089131942,-0.9854237474978056,0.9980589424462738,0.9383373529641551,0.6782616930270959,0.9999858497583187,-0.9999849770134516,0.999965804575915,0.9996898239496267,1.0000005965543934,1.0000056668744155,-1.0000061026816456,-1.0000050975924561,1.000002352589561,1.0000050707151975,1.0000048466737514,0.999967573355228,-0.9999667945715208,0.20890284265946074,-0.45921869676046495,0.12121321301211728,0.5341193797741913,-0.12121637666944923,-0.40502330778087736,-1.0000052196783722,1.0000056682366585,1.0000053639137096,1.0000044373032018,-1.0000048008930023,-1.000004417140767,-1.000007704430225,1.0000000065598063,-1.0000094344515873,-1.0000112675772632,1.0000088505203275,-1.000010891012686,-1.0000063841568805,1.0000119910214993,1.0000116498912257,-1.0000127258516633,1.0000119158167184,1.0000037078002646,-1.0000009999079922,0.9999998229509223,0.9999999119198286,-0.9999989282905699,0.9999987947601213,0.999998759678058,-1.000000098522641,-0.9999991419056228,0.9999992742496677,-0.9999988986831314,-0.9999988676250314,-0.9996266448323136,-0.9990477607682556,-0.5340923693757483,-0.970260379890583,-0.9383387302823554,-0.09084508425315535,0.990770313226053,-0.9999888631595103
-0.985420555538044,0.9854194941683044,-0.9980573575002376,-0.9383458747219822,-0.678243470820731,-0.9999856465958544,0.9999847738518869,-0.9999659846865263,-0.9996891598837314,-1.0000004710882733,-1.0000056207954058,1.0000060549038747,1.000005053186001,-1.000002380785998,-1.0000050271206962,-1.000004803093121,-0.9999677534809885,0.9999669746923098,-0.20891948569134075,0.45924190598649095,-0.1212094932830594,-0.534140290237326,0.12121265692987153,0.4050339321992495,1.0000051768571667,-1.0000056261049837,-1.000005321135259,-1.0000043945951742,1.0000047580997762,1.000004374475801,1.0000074255214169,-1.0000094344515873,1.0000000065041494,1.00001099042023,-1.0000090504986523,1.000010852666732,1.0000063469400085,-1.0000119519919846,-1.000011611223724,1.000012687224458,-1.0000118775128404,-1.0000036714230696,1.0000009643115413,-0.9999997877013255,-0.9999998766918464,0.9999988933191621,-0.9999987598479694,-0.9999987248542825,1.000000063364633,0.9999991069073189,-0.9999992393237946,0.9999988638443997,0.9999988328756938,0.9996272840977828,0.9990466360485949,0.5341132802793132,0.9702663338998498,0.9383472520179754,0.09082042280506195,-0.9907736293968028,0.9999889673178596
