1.0000000125826023,-1.0000131414636009,-1.0000196857094783,0.9282749924267446,0.9282519715253709,-0.7737061843196257,0.7737104046451712,0.7737039008446965,-0.7311356476653498,-0.8130534305354281,0.8130484906935107,-0.813045896634655,0.8490004173767769,-0.8489968271740362,0.8489949819206601,-0.8813978414298095,-0.9282722008070337,-0.7233556750227788,0.7313227649740214,-0.7313006193467391,-0.731345364489012,0.9366193145504828,0.4146631247773562,0.7313670335612292,0.7313964756569846,-0.7313931126519038,0.7313865904757897,-0.9994059151222858,0.4145071701372094,0.9101051523346785,-0.7232801697654265,-0.7313780514459216,-0.7313757937099704,0.7313821488538547,-0.7313858007823663
-1.0000131414636009,1.0000000067720296,1.0000160430638103,-0.928264888451556,-0.9282536445098817,0.773713061130172,-0.7737172813429898,-0.7737107777160126,0.7311434686851039,0.8130593339885669,-0.8130543942838991,0.8130518002975251,-0.8490053226894886,0.8490017326113863,-0.8489998874235309,0.8814017278915423,0.9282625296351107,0.7233417958546294,-0.7313089870413254,0.731286841113183,0.731331586849718,-0.9366099507230344,-0.41464702878569687,-0.7313532562012536,-0.7313826986678945,0.7313793356225841,-0.7313728133655473,0.999402390684893,-0.4145198880600154,-0.9101080036405771,0.7232881545951768,0.7313642742267711,0.731362016460699,-0.7313683716853712,0.7313720236610717
-1.0000196857094783,1.0000160430638103,1.0000000161027214,-0.9282803050111036,-0.9282512418730368,0.7737029485236626,-0.7737071689086302,-0.7737006650166957,0.731131911350537,0.8130507089948319,-0.813045769080653,0.8130431749836384,-0.8489982215216094,0.8489946312535912,-0.848992785965916,0.8813961805442971,0.9282775134471123,0.7233630691577625,-0.7313301101807145,0.7313079646993712,0.7313527095537554,-0.9366244726606447,-0.414671539608913,-0.7313743784908912,-0.7314038204075352,0.7314004574218186,-0.7313939352847448,0.9994081010313847,-0.4145008017868618,-0.9101040333896367,0.7232763464384676,0.7313853963075145,0.7313831385861596,-0.7313894936910094,0.7313931455966953
0.9282749924267446,-0.928264888451556,-0.9282803050111036,1.000000004279406,0.7233115798244781,-0.4825669443869469,0.48257310566888106,0.48256361620061444,-0.4249440221582489,-0.5381911977978316,0.5381838604384881,-0.5381799981271138,0.5915669058000418,-0.5915609871958644,0.5915579110925832,-0.6424740970476129,-1.0000058436199168,-0.9282675605985582,0.9325223915408694,-0.9325110279116329,-0.9325343089301749,0.9997349561080261,0.7233559478879832,0.9325457827038643,0.9325615753783745,-0.9325597212185932,0.9325561935438562,-0.9148214952757036,0.04630292529763483,0.6906922524227694,-0.4145558219306648,-0.9325516449257805,-0.9325504733028283,0.9325538649756019,-0.9325557959869761
0.9282519715253709,-0.9282536445098817,-0.9282512418730368,0.7233115798244781,1.0000000016937591,-0.9538474067853907,0.9538490801960516,0.953846495884693,-0.9324409343204542,-0.9712683876462125,0.971266554606745,-0.9712656012685446,0.9846252237927148,-0.9846244775717976,0.9846241281655715,-0.9938607171533987,-0.7233061230440123,-0.4146013167745899,0.4251382190451122,-0.42510846814668596,-0.42516825880470877,0.7390749453700924,0.046415894079762744,0.4251970147589203,0.42523588279476343,-0.425231493375968,0.42522291231153186,-0.9405716083507311,0.7232750773555487,0.9989344686480747,-0.9282454901948435,-0.425211607792892,-0.42520858781156373,0.4252169947808904,-0.4252218437597666
-0.7737061843196257,0.773713061130172,0.7737029485236626,-0.4825669443869469,-0.9538474067853907,0.9999999989100993,-0.9999974814259693,-0.9999983302295133,0.9979053771852313,0.9979055607937252,-0.9979064266088048,0.9979068970215222,-0.9916355478854298,0.9916371752343155,-0.9916380697689428,0.981211542732647,0.48255990399170196,0.12219764231483274,-0.13371245923384137,0.13367966511771726,0.13374537892352648,-0.5026789794556803,0.2556955884747763,-0.13377686315906712,-0.13381929532086992,0.1338145341342245,-0.133805184057239,0.7951829283737707,-0.8972620441660383,-0.9666782015694093,0.9971020147972721,0.13379282354865674,0.13378950253056265,-0.13379869093015942,0.1338040015995602
0.7737104046451712,-0.7737172813429898,-0.7737071689086302,0.48257310566888106,0.9538490801960516,-0.9999974814259693,0.9999999981161899,0.999998206273357,-0.9979039140760779,-0.9979050469029906,0.9979063455665896,-0.9979068159448113,0.991635943147289,-0.9916375704391369,0.9916384649438948,-0.9812124126575912,-0.4825660653081882,-0.12220486059215782,0.13371966018386555,-0.13368686612343347,-0.1337525798219257,0.5026850459178765,-0.255688348805736,0.13378406400870818,0.1338264961075698,-0.13382173492728233,0.13381238486376346,-0.7951869371066053,0.8972583033887568,0.966679542528065,-0.9971009012262961,-0.13380002437397065,-0.13379670336135452,0.13380589174708205,-0.13381120240821262
0.7737039008446965,-0.7737107777160126,-0.7737006650166957,0.48256361620061444,0.953846495884693,-0.9999983302295133,0.999998206273357,0.9999999993263934,-0.9979059245472979,-0.9979055960383418,0.9979064618887001,-0.9979069323200266,0.9916353262452605,-0.991636953624907,0.9916378481756408,-0.9812110650928844,-0.48255657578679473,-0.12219374691295774,0.13370857308291056,-0.1336757789370085,-0.13374149280017744,0.5026757022558589,-0.25569949222032934,0.13377297706176466,0.13381540925717578,-0.1338106480671391,0.13380129798296578,-0.7951807588745569,0.8972640547790002,0.9666774699229355,-0.9971026071486084,-0.1337889374643478,-0.1337856164433256,0.13379480485032905,-0.13380011552414828
-0.7311356476653498,0.7311434686851039,0.731131911350537,-0.4249440221582489,-0.9324409343204542,0.9979053771852313,-0.9979039140760779,-0.9979059245472979,0.9999999961283385,0.9916373660941937,-0.9916388024121635,0.9916395736230748,-0.9812181764836893,0.9812202951605,-0.9812214466891501,0.9666879266736207,0.4249367255709891,0.0577894872153033,-0.0693763079438319,0.06934325320154384,0.06940945160254486,-0.44575020197808607,0.31764841554084927,-0.06944114442941073,-0.06948383342438953,0.0694790494787867,-0.06946964632807007,0.7543251165044959,-0.9239201866835792,-0.9481086106583949,0.9999309049628899,0.0694572071815585,0.06945386130839436,-0.06946310739902588,0.0694684535740926
-0.8130534305354281,0.8130593339885669,0.8130507089948319,-0.5381911977978316,-0.9712683876462125,0.9979055607937252,-0.9979050469029906,-0.9979055960383418,0.9916373660941937,0.9999999986377063,-0.9999979476495943,0.9999985480951444,-0.9979046368653861,0.9979061988016655,-0.997906832500152,0.9916325019152687,0.5381844431675664,0.1861184832537043,-0.1975130589523552,0.19748066286329596,0.1975456167602059,-0.5575246211169183,0.19264883843956432,-0.19757676050731873,-0.19761875808383167,0.19761403959884502,-0.19760478176256044,0.8327268847030892,-0.8668367524722174,-0.9812070773869398,0.9900973899299825,0.19759255167268497,0.19758926942353075,-0.1975983616402723,0.19760361455583705
0.8130484906935107,-0.8130543942838991,-0.813045769080653,0.5381838604384881,0.971266554606745,-0.9979064266088048,0.9979063455665896,0.9979064618887001,-0.9916388024121635,-0.9999979476495943,0.999999999053346,-0.9999984067741351,0.997904785645533,-0.9979059147369822,0.9979065484716616,-0.9916316432690917,-0.5381771057651286,-0.18610980107097674,0.19750439990400695,-0.19747200374148027,-0.19753695778045371,0.557517402024869,-0.19265761981460364,0.19756810159242502,0.19761009925301293,-0.19760538075943776,0.1975961229051115,-0.832722204232684,0.8668414384583967,0.9812056478075936,-0.9900989266507144,-0.19758389279020167,-0.19758061053380363,0.1975897027690382,-0.19759495569559746
-0.813045896634655,0.8130518002975251,0.8130431749836384,-0.5381799981271138,-0.9712656012685446,0.9979068970215222,-0.9979068159448113,-0.9979069323200266,0.9916395736230748,0.9999985480951444,-0.9999984067741351,0.9999999992922891,-0.9979046495721463,0.9979057787000618,-0.9979064124538423,0.991631204109716,0.5381732434309388,0.18610522463457133,-0.19749983582615996,0.19746743962442306,0.19753239373924736,-0.557513602355029,0.19266225379546892,-0.19756353758586792,-0.1976055352913935,0.19760081679322242,-0.19759155892924954,0.8327197472387863,-0.866843921829714,-0.9812049073925847,0.990099750793055,0.19757932880096296,0.1975760465406983,-0.19758513878581527,0.19759039171824713
0.8490004173767769,-0.8490053226894886,-0.8489982215216094,0.5915669058000418,0.9846252237927148,-0.9916355478854298,0.991635943147289,0.9916353262452605,-0.9812181764836893,-0.9979046368653861,0.997904785645533,-0.9979046495721463,0.9999999986582017,-0.9999983108595862,0.9999991139638587,-0.9979031206018806,-0.5915604652291006,-0.2492650756140567,0.26049170666579635,-0.2604598442342488,-0.2605237662871549,0.6100407348754422,-0.1287909914029663,0.2605544391616242,0.2605958263305941,-0.26059117030067175,0.2605820434626204,-0.8667880991088925,0.8327808515259716,0.991629991275311,-0.9789479772428595,-0.2605699949928442,-0.2605667652540837,0.26057572322337824,-0.26058089639359283
-0.8489968271740362,0.8490017326113863,0.8489946312535912,-0.5915609871958644,-0.9846244775717976,0.9916371752343155,-0.9916375704391369,-0.991636953624907,0.9812202951605,0.9979061988016655,-0.9979059147369822,0.9979057787000618,-0.9999983108595862,0.9999999995507051,-0.9999993070759204,0.9979036736533438,0.5915545465814583,0.24925767775668498,-0.26048433892700906,0.2604524764031665,0.26051639863656556,-0.6100349361830271,0.12879880713761005,-0.26054707159474033,-0.2605884588736415,0.26058380283211463,-0.260574675970258,0.8667847519939943,-0.8327856909019664,-0.9916296050999277,0.9789501820060675,0.26056262746799014,0.26055939772005204,-0.2605683557133987,0.2605735288977796
0.8489949819206601,-0.8489998874235309,-0.848992785965916,0.5915579110925832,0.9846241281655715,-0.9916380697689428,0.9916384649438948,0.9916378481756408,-0.9812214466891501,-0.997906832500152,0.9979065484716616,-0.9979064124538423,0.9999991139638587,-0.9999993070759204,1.0000000000785825,-0.9979037787410768,-0.5915514704551381,-0.2492538121353834,0.2604804895606321,-0.26044862698707866,-0.2605125493177604,0.6100319236883357,-0.12880290767311572,0.26054322232109517,0.26058460965935004,-0.26057995361154523,0.26057082673682874,-0.8667830348590073,0.8327882616873306,0.9916294446373224,-0.9789513785442935,-0.2605587782170254,-0.2605555484641424,0.2605645064704712,-0.26056967966249395
-0.8813978414298095,0.8814017278915423,0.8813961805442971,-0.6424740970476129,-0.9938607171533987,0.981211542732647,-0.9812124126575912,-0.9812110650928844,0.9666879266736207,0.9916325019152687,-0.9916316432690917,0.991631204109716,-0.9979031206018806,0.9979036736533438,-0.9979037787410768,0.9999999974799882,0.6424679975614823,0.31137833949534743,-0.3223899809379961,0.32235878569228693,0.32242140802464536,-0.6600108199067259,0.06438306569569316,-0.32245148149046365,-0.3224920848213562,0.3224875107562647,-0.322478553161326,0.897224940281147,-0.7952315789429948,-0.9979013018307334,0.9636968894636071,0.3224667368007399,0.3224635731072377,-0.32247235929087376,0.3224774310372791
-0.9282722008070337,0.9282625296351107,0.9282775134471123,-1.0000058436199168,-0.7233061230440123,0.48255990399170196,-0.4825660653081882,-0.48255657578679473,0.4249367255709891,0.5381844431675664,-0.5381771057651286,0.5381732434309388,-0.5915604652291006,0.5915545465814583,-0.5915514704551381,0.6424679975614823,1.0000000046697686,0.9282712933296982,-0.9325256040567578,0.9325142406798781,0.9325375211951947,-0.999735040517522,-0.7233618002974097,-0.932548994729286,-0.9325647870824819,0.932562932958334,-0.9325594053541665,0.9148184384702657,-0.046294757670886665,-0.6906865195740849,0.41454848313998677,0.9325548568299727,0.9325536852324957,-0.932557076835548,0.9325590078064729
-0.7233556750227788,0.7233417958546294,0.7233630691577625,-0.9282675605985582,-0.4146013167745899,0.12219764231483274,-0.12220486059215782,-0.12219374691295774,0.0577894872153033,0.1861184832537043,-0.18610980107097674,0.18610522463457133,-0.2492650756140567,0.24925767775668498,-0.2492538121353834,0.31137833949534743,0.9282712933296982,1.000000001546161,-0.9999335404002829,0.9999345889835386,0.9999330660019444,-0.9194205418836785,-0.9282674835446643,-0.9999326984552567,-0.9999325760958071,0.9999324967794684,-0.999932469685852,0.6989906706333125,0.3285409747663123,-0.3721894250703939,0.04635895668849854,0.9999325640224633,0.9999326465925175,-0.9999325882260428,0.9999325212984256
0.7313227649740214,-0.7313089870413254,-0.7313301101807145,0.9325223915408694,0.4251382190451122,-0.13371245923384137,0.13371966018386555,0.13370857308291056,-0.0693763079438319,-0.1975130589523552,0.19750439990400695,-0.19749983582615996,0.26049170666579635,-0.26048433892700906,0.2604804895606321,-0.3223899809379961,-0.9325256040567578,-0.9999335404002829,0.999999999796054,-0.9999999443990608,-0.9999991924101455,0.9239234626094066,0.923886195740401,0.999999626626436,1.0000000008161585,-0.9999998659229413,0.9999997294939337,-0.7072454940522283,-0.3175527151923949,0.38293995708284895,-0.057953503622306994,-0.9999996790975666,-0.9999997226950442,0.9999997719006967,-0.9999997671968913
-0.7313006193467391,0.731286841113183,0.7313079646993712,-0.9325110279116329,-0.42510846814668596,0.13367966511771726,-0.13368686612343347,-0.1336757789370085,0.06934325320154384,0.19748066286329596,-0.19747200374148027,0.19746743962442306,-0.2604598442342488,0.2604524764031665,-0.26044862698707866,0.32235878569228693,0.9325142406798781,0.9999345889835386,-0.9999999443990608,1.000000000742708,1.0000002876130067,-0.9239109484854532,-0.9238990729323905,-1.0000002878614414,-1.000000660632657,1.0000005258981313,-1.0000003897814231,0.707222505588391,0.31758438917108983,-0.38290955967921203,0.057920417061619746,1.0000003397985642,1.0000003835074396,-1.0000004324057612,1.0000004275241572
-0.731345364489012,0.731331586849718,0.7313527095537554,-0.9325343089301749,-0.42516825880470877,0.13374537892352648,-0.1337525798219257,-0.13374149280017744,0.06940945160254486,0.1975456167602059,-0.19753695778045371,0.19753239373924736,-0.2605237662871549,0.26051639863656556,-0.2605125493177604,0.32242140802464536,0.9325375211951947,0.9999330660019444,-0.9999991924101455,1.0000002876130067,0.9999999996705181,-0.9239360936916831,-0.9238733978674887,-0.9999991072745353,-0.9999999157990459,0.9999997807468197,-0.9999996440049638,0.7072689237894347,0.3175211771276051,-0.38297062000869236,0.057986672569604526,0.9999995931944395,0.9999996366803762,-0.9999996861938486,0.9999996816681075
0.9366193145504828,-0.9366099507230344,-0.9366244726606447,0.9997349561080261,0.7390749453700924,-0.5026789794556803,0.5026850459178765,0.5026757022558589,-0.44575020197808607,-0.5575246211169183,0.557517402024869,-0.557513602355029,0.6100407348754422,-0.6100349361830271,0.6100319236883357,-0.6600108199067259,-0.999735040517522,-0.9194205418836785,0.9239234626094066,-0.9239109484854532,-0.9239360936916831,0.9999999986785052,0.7072015806779797,0.9239482490492616,0.9239649560322802,-0.9239630003486106,0.9239592718231399,-0.9239070686686907,0.06937751757220936,0.7072184032857706,-0.43547589967791056,-0.9239544561928372,-0.9239532121723206,0.9239568021982303,-0.9239588482338702
0.4146631247773562,-0.41464702878569687,-0.414671539608913,0.7233559478879832,0.046415894079762744,0.2556955884747763,-0.255688348805736,-0.25569949222032934,0.31764841554084927,0.19264883843956432,-0.19265761981460364,0.19266225379546892,-0.1287909914029663,0.12879880713761005,-0.12880290767311572,0.06438306569569316,-0.7233618002974097,-0.9282674835446643,0.923886195740401,-0.9238990729323905,-0.9238733978674887,0.7072015806779797,1.000000000150558,0.9238612419726265,0.9238452224583292,-0.9238469293284843,0.9238504066316167,-0.3828824015380313,-0.6562421148321802,0.00029633011663061443,0.3284813551413258,-0.9238551302940518,-0.9238564551854784,0.9238529552237634,-0.923850899999788
0.7313670335612292,-0.7313532562012536,-0.7313743784908912,0.9325457827038643,0.4251970147589203,-0.13377686315906712,0.13378406400870818,0.13377297706176466,-0.06944114442941073,-0.19757676050731873,0.19756810159242502,-0.19756353758586792,0.2605544391616242,-0.26054707159474033,0.26054322232109517,-0.32245148149046365,-0.932548994729286,-0.9999326984552567,0.999999626626436,-1.0000002878614414,-0.9999991072745353,0.9239482490492616,0.9238612419726265,0.9999999996745992,0.9999999205244707,-0.9999997853202083,0.9999996482792454,-0.7072913845216217,-0.3174910526004503,0.38299996810930065,-0.05801838859099943,-0.9999991641588435,-0.9999992075381454,0.9999996902598418,-0.999999685904333
0.7313964756569846,-0.7313826986678945,-0.7314038204075352,0.9325615753783745,0.42523588279476343,-0.13381929532086992,0.1338264961075698,0.13381540925717578,-0.06948383342438953,-0.19761875808383167,0.19761009925301293,-0.1976055352913935,0.2605958263305941,-0.2605884588736415,0.26058460965935004,-0.3224920848213562,-0.9325647870824819,-0.9999325760958071,1.0000000008161585,-1.000000660632657,-0.9999999157990459,0.9239649560322802,0.9238452224583292,0.9999999205244707,1.0000000002133884,-0.9999997309993846,1.0000000264696534,-0.7073218833395996,-0.31745061887158255,0.38303961754411614,-0.05806110455497963,-0.9999999747301404,-1.0000000179659232,1.0000000681698693,-1.0000000640435227
-0.7313931126519038,0.7313793356225841,0.7314004574218186,-0.9325597212185932,-0.425231493375968,0.1338145341342245,-0.13382173492728233,-0.1338106480671391,0.0694790494787867,0.19761403959884502,-0.19760538075943776,0.19760081679322242,-0.26059117030067175,0.26058380283211463,-0.26057995361154523,0.3224875107562647,0.932562932958334,0.9999324967794684,-0.9999998659229413,1.0000005258981313,0.9999997807468197,-0.9239630003486106,-0.9238469293284843,-0.9999997853202083,-0.9999997309993846,1.0000000000203373,-0.9999994582147544,0.7073184043122911,0.3174551144309149,-0.3830351446011219,0.05805631865360689,0.9999998394488344,0.9999998827006784,-0.9999999328602786,0.9999999287082835
0.7313865904757897,-0.7313728133655473,-0.7313939352847448,0.9325561935438562,0.42522291231153186,-0.133805184057239,0.13381238486376346,0.13380129798296578,-0.06946964632807007,-0.19760478176256044,0.1975961229051115,-0.19759155892924954,0.2605820434626204,-0.260574675970258,0.26057082673682874,-0.322478553161326,-0.9325594053541665,-0.999932469685852,0.9999997294939337,-1.0000003897814231,-0.9999996440049638,0.9239592718231399,0.9238504066316167,0.9999996482792454,1.0000000264696534,-0.9999994582147544,0.9999999998244968,-0.7073116507647587,-0.3174640001006744,0.38302639376607617,-0.05804691018202574,-0.9999992693423725,-0.9999997455397462,0.9999997956121105,-0.9999993584957282
-0.9994059151222858,0.999402390684893,0.9994081010313847,-0.9148214952757036,-0.9405716083507311,0.7951829283737707,-0.7951869371066053,-0.7951807588745569,0.7543251165044959,0.8327268847030892,-0.832722204232684,0.8327197472387863,-0.8667880991088925,0.8667847519939943,-0.8667830348590073,0.897224940281147,0.9148184384702657,0.6989906706333125,-0.7072454940522283,0.707222505588391,0.7072689237894347,-0.9239070686686907,-0.3828824015380313,-0.7072913845216217,-0.7073218833395996,0.7073184043122911,-0.7073116507647587,0.9999999963646264,-0.4457830540286458,-0.9239048996031942,0.746762874430277,0.7073028023029673,0.7073004598610254,-0.7073070447042248,0.7073108303028213
0.4145071701372094,-0.4145198880600154,-0.4145008017868618,0.04630292529763483,0.7232750773555487,-0.8972620441660383,0.8972583033887568,0.8972640547790002,-0.9239201866835792,-0.8668367524722174,0.8668414384583967,-0.866843921829714,0.8327808515259716,-0.8327856909019664,0.8327882616873306,-0.7952315789429948,-0.046294757670886665,0.3285409747663123,-0.3175527151923949,0.31758438917108983,0.3175211771276051,0.06937751757220936,-0.6562421148321802,-0.3174910526004503,-0.31745061887158255,0.3174551144309149,-0.3174640001006744,-0.4457830540286458,0.9999999972428952,0.7543510218222551,-0.9282402851486148,0.3174758045729139,0.31747900164984527,-0.31747023182074674,0.3174651483096884
0.9101051523346785,-0.9101080036405771,-0.9101040333896367,0.6906922524227694,0.9989344686480747,-0.9666782015694093,0.966679542528065,0.9666774699229355,-0.9481086106583949,-0.9812070773869398,0.9812056478075936,-0.9812049073925847,0.991629991275311,-0.9916296050999277,0.9916294446373224,-0.9979013018307334,-0.6906865195740849,-0.3721894250703939,0.38293995708284895,-0.38290955967921203,-0.38297062000869236,0.7072184032857706,0.00029633011663061443,0.38299996810930065,0.38303961754411614,-0.3830351446011219,0.38302639376607617,-0.9239048996031942,0.7543510218222551,0.99999999624192,-0.9444096732826573,-0.38301485900499244,-0.38301177460731584,0.3830203522062567,-0.3830253012868715
-0.7232801697654265,0.7232881545951768,0.7232763464384676,-0.4145558219306648,-0.9282454901948435,0.9971020147972721,-0.9971009012262961,-0.9971026071486084,0.9999309049628899,0.9900973899299825,-0.9900989266507144,0.990099750793055,-0.9789479772428595,0.9789501820060675,-0.9789513785442935,0.9636968894636071,0.41454848313998677,0.04635895668849854,-0.057953503622306994,0.057920417061619746,0.057986672569604526,-0.43547589967791056,0.3284813551413258,-0.05801838859099943,-0.05806110455497963,0.05805631865360689,-0.05804691018202574,0.746762874430277,-0.9282402851486148,-0.9444096732826573,0.9999999987559738,0.058034462504308465,0.05803111368069878,-0.058040365977909195,0.058045716122048216
-0.7313780514459216,0.7313642742267711,0.7313853963075145,-0.9325516449257805,-0.425211607792892,0.13379282354865674,-0.13380002437397065,-0.1337889374643478,0.0694572071815585,0.19759255167268497,-0.19758389279020167,0.19757932880096296,-0.2605699949928442,0.26056262746799014,-0.2605587782170254,0.3224667368007399,0.9325548568299727,0.9999325640224633,-0.9999996790975666,1.0000003397985642,0.9999995931944395,-0.9239544561928372,-0.9238551302940518,-0.9999991641588435,-0.9999999747301404,0.9999998394488344,-0.9999992693423725,0.7073028023029673,0.3174758045729139,-0.38301485900499244,0.058034462504308465,0.9999999997510893,0.9999996941744639,-0.9999997441313527,0.9999997398621066
-0.7313757937099704,0.731362016460699,0.7313831385861596,-0.9325504733028283,-0.42520858781156373,0.13378950253056265,-0.13379670336135452,-0.1337856164433256,0.06945386130839436,0.19758926942353075,-0.19758061053380363,0.1975760465406983,-0.2605667652540837,0.26055939772005204,-0.2605555484641424,0.3224635731072377,0.9325536852324957,0.9999326465925175,-0.9999997226950442,1.0000003835074396,0.9999996366803762,-0.9239532121723206,-0.9238564551854784,-0.9999992075381454,-1.0000000179659232,0.9999998827006784,-0.9999997455397462,0.7073004598610254,0.31747900164984527,-0.38301177460731584,0.05803111368069878,0.9999996941744639,0.999999999812871,-0.9999993545228788,0.9999997831495708
0.7313821488538547,-0.7313683716853712,-0.7313894936910094,0.9325538649756019,0.4252169947808904,-0.13379869093015942,0.13380589174708205,0.13379480485032905,-0.06946310739902588,-0.1975983616402723,0.1975897027690382,-0.19758513878581527,0.26057572322337824,-0.2605683557133987,0.2605645064704712,-0.32247235929087376,-0.932557076835548,-0.9999325882260428,0.9999997719006967,-1.0000004324057612,-0.9999996861938486,0.9239568021982303,0.9238529552237634,0.9999996902598418,1.0000000681698693,-0.9999999328602786,0.9999997956121105,-0.7073070447042248,-0.31747023182074674,0.3830203522062567,-0.058040365977909195,-0.9999997441313527,-0.9999993545228788,0.9999999998841165,-0.9999994002969118
-0.7313858007823663,0.7313720236610717,0.7313931455966953,-0.9325557959869761,-0.4252218437597666,0.1338040015995602,-0.13381120240821262,-0.13380011552414828,0.0694684535740926,0.19760361455583705,-0.19759495569559746,0.19759039171824713,-0.26058089639359283,0.2605735288977796,-0.26056967966249395,0.3224774310372791,0.9325590078064729,0.9999325212984256,-0.9999997671968913,1.0000004275241572,0.9999996816681075,-0.9239588482338702,-0.923850899999788,-0.999999685904333,-1.0000000640435227,0.9999999287082835,-0.9999993584957282,0.7073108303028213,0.3174651483096884,-0.3830253012868715,0.058045716122048216,0.9999997398621066,0.9999997831495708,-0.9999994002969118,0.9999999998780951
