1.000000006362865,-0.808996578207811,-0.8089968509484958,0.30900381044991915,0.8089816529258692,0.8089816529258679,0.30900334089206666,0.8089679541194753,0.8089364704155098,-0.8089472004397223,-0.8089722769659138,-0.8089722769659122,0.8089690612128874
-0.808996578207811,1.000000000283274,0.30894044701635137,-0.8090294452336116,-0.9999996155716754,-0.9999996155716718,0.309068375490167,-0.30889368299686076,-0.30884238494607796,0.30885999626208643,1.000000031029014,1.000000031029012,-1.000000027971464
-0.8089968509484958,0.30894044701635137,1.0000000005683447,0.30906781219138796,-0.3089161144346127,-0.30891611443461237,-0.8090291727268505,-0.9999998355934807,-1.0000005603245326,1.0000003099754626,0.308900895551072,0.3089008955510703,-0.30889569558418295
0.30900381044991915,-0.8090294452336116,0.30906781219138796,0.9999999950416938,0.8090444397898445,0.8090444397898435,-0.8090279904109701,-0.3091142132289618,-0.309165730119801,0.30914796492282487,-0.809053893722065,-0.8090538937220655,0.8090571042092397
0.8089816529258692,-0.9999996155716754,-0.3089161144346127,0.8090444397898445,0.9999999996915425,0.9999995733816139,-0.3090924538253658,0.30886935006488403,0.30881805160332093,-0.30883566306374854,-0.9999992558637072,-0.9999996225542345,0.9999996196351878
0.8089816529258679,-0.9999996155716718,-0.30891611443461237,0.8090444397898435,0.9999995733816139,0.9999999996915425,-0.309092453825365,0.30886935006488414,0.3088180516033213,-0.3088356630637488,-0.9999996225542351,-0.9999992558637002,0.999999619635186
0.30900334089206666,0.309068375490167,-0.8090291727268505,-0.8090279904109701,-0.3090924538253658,-0.309092453825365,0.999999994974876,0.8090578555496011,0.809089915457493,-0.8090787814338255,0.3091077021196011,0.3091077021196015,-0.3091128999485767
0.8089679541194753,-0.30889368299686076,-0.9999998355934807,-0.3091142132289618,0.30886935006488403,0.30886935006488414,0.8090578555496011,0.9999999997258971,0.99999998157229,-0.9999993636259696,-0.3088541309466541,-0.30885413094665237,0.3088489309005867
0.8089364704155098,-0.30884238494607796,-1.0000005603245326,-0.309165730119801,0.30881805160332093,0.3088180516033213,0.809089915457493,0.99999998157229,1.0000000002495586,-0.9999997262097851,-0.30880283221091626,-0.3088028322109152,0.3087976320722844
-0.8089472004397223,0.30885999626208643,1.0000003099754626,0.30914796492282487,-0.30883566306374854,-0.3088356630637488,-0.8090787814338255,-0.9999993636259696,-0.9999997262097851,0.9999999998850299,0.30882044376760664,0.3088204437676057,-0.3088152436614827
-0.8089722769659138,1.000000031029014,0.308900895551072,-0.809053893722065,-0.9999992558637072,-0.9999996225542351,0.3091077021196011,-0.3088541309466541,-0.30880283221091626,0.30882044376760664,0.9999999997628335,0.9999996719822654,-0.9999993024598502
-0.8089722769659122,1.000000031029012,0.3089008955510703,-0.8090538937220655,-0.9999996225542345,-0.9999992558637002,0.3091077021196015,-0.30885413094665237,-0.3088028322109152,0.3088204437676057,0.9999996719822654,0.9999999997628335,-0.9999993024598516
0.8089690612128874,-1.000000027971464,-0.30889569558418295,0.8090571042092397,0.9999996196351878,0.999999619635186,-0.3091128999485767,0.3088489309005867,0.3087976320722844,-0.3088152436614827,-0.9999993024598502,-0.9999993024598516,0.9999999997587598
