1.0000000088563037,-1.0000120194015443,1.0000117184550936,1.0000117184550856,0.8090218634680333,-1.0000051911234034,-0.309018914923595,1.0000040601155593,0.8090218634680274,-0.30901891492359346,-1.000004602560101,1.0000045717907202,-1.000004591689622,-1.0000046097927346,1.0000047989181682,1.0000045357759162,-1.0000051446122162,-1.0000045648287863,-1.0000045518610603,1.000004610092748,-1.000004701102882,1.0000068315598938,1.0000040446160279,-1.0000085982128684,1.0000103246674878,-1.0000111336493438,-1.000011133649343,1.0000046983952304,-1.0000047522272004,1.0000047535754626,-1.0000038831765552,-1.000003474106108,1.00000327689246,-1.0000034776372253
-1.0000120194015443,1.000000008304514,-1.000011318163437,-1.0000113181634305,-0.8090215504588879,1.0000048042231302,0.3090187953647171,-1.0000036732157036,-0.8090215504588831,0.30901879536471516,1.0000042156600266,-1.0000041848906585,1.0000042047895563,1.0000042228926593,-1.000004412018029,-1.0000041488758682,1.0000047577119557,1.0000041779287272,1.0000041649610019,-1.0000042231926713,1.0000043142027704,-1.0000064446590091,-1.0000036577161753,1.0000082113113327,-1.0000099377653133,1.0000107467468686,1.0000107467468697,-1.0000043114951185,1.0000043653270678,-1.0000043666753289,1.0000034962767639,1.0000030872064645,-1.000002889992891,1.0000030907375825
1.0000117184550936,-1.000011318163437,1.0000000078562181,1.0000110172171863,0.8090212961577126,-1.0000044898898317,-0.30901869823029104,1.0000033588827364,0.8090212961577082,-0.3090186982302909,-1.0000039013268764,1.000003870557522,-1.0000038904564188,-1.0000039085595107,1.000004097684836,1.0000038345427433,-1.0000044433786663,-1.0000038635955937,-1.0000038506278688,1.0000039088595218,-1.0000039998695924,1.0000061303252261,1.0000033433832103,-1.0000078969770343,1.0000096234305125,-1.0000104190228634,-1.0000104324118317,1.0000039971619425,-1.000004050993875,1.0000040523421354,-1.000003181943847,-1.000002772873666,1.0000025756601494,-1.0000027764047847
1.0000117184550856,-1.0000113181634305,1.0000110172171863,1.0000000078562181,0.8090212961577077,-1.0000044898898253,-0.30901869823029005,1.000003358882729,0.8090212961577011,-0.3090186982302875,-1.0000039013268693,1.0000038705575152,-1.000003890456411,-1.0000039085595034,1.0000040976848277,1.000003834542735,-1.0000044433786586,-1.000003863595586,-1.0000038506278606,1.0000039088595145,-1.0000039998695858,1.0000061303252195,1.0000033433832027,-1.0000078969770267,1.0000096234305056,-1.0000104324118233,-1.0000104190228576,1.0000039971619359,-1.0000040509938668,1.000004052342128,-1.0000031819438395,-1.0000027728736582,1.000002575660143,-1.0000027764047756
0.8090218634680333,-0.8090215504588879,0.8090212961577126,0.8090212961577077,0.9999999999083525,-0.8090160020780491,-0.8090170438977453,0.8090151004678924,0.3090166220736018,0.30901715033691246,-0.8090155393117515,0.8090155144190126,-0.8090155305175222,-0.8090155451630874,0.8090156981680092,0.809015485282598,-0.8090159778387902,-0.8090155087867035,-0.8090154982956089,0.8090155454057939,-0.8090156190340613,0.8090173425999969,0.8090150879285343,-0.8090187718437719,0.8090201685665931,-0.8090208230427477,-0.8090208230427492,0.8090156168435432,-0.8090156603942389,0.8090156614849973,-0.8090149573220579,-0.8090146263790575,0.8090144668308216,-0.8090146292358005
-1.0000051911234034,1.0000048042231302,-1.0000044898898317,-1.0000044898898253,-0.8090160020780491,0.9999999985471615,0.30901668118553055,-0.9999968182129954,-0.80901600207804,0.3090166811855221,0.9999973740423269,-0.9999973432732436,0.9999973631720878,0.999997381274978,-0.9999975703993393,-0.9999973072586826,0.9999979160911844,0.9999973363113283,0.9999973233436246,-0.9999973815749802,0.999997472584446,-0.9999996030275073,-0.9999968161024694,1.000001369668609,-1.0000030961116364,1.000003905088029,1.0000039050880285,-0.9999974698768187,0.9999975237083942,-0.9999975250566446,0.999996654664112,0.9999962455963778,-0.9999960483840664,0.9999962491275097
-0.309018914923595,0.3090187953647171,-0.30901869823029104,-0.30901869823029005,-0.8090170438977453,0.30901668118553055,1.0000000000256901,-0.3090163316868952,0.309017150336913,-0.8090170150273857,0.3090164993103676,-0.30901648980218577,0.30901649595126834,0.3090165015453764,-0.3090165599880702,-0.30901647867306214,0.3090166668128238,0.3090164876508326,0.3090164836435911,-0.3090165016380826,0.30901652976158467,-0.30901718810532114,-0.30901632689728564,0.30901773402797317,-0.3090182675287249,0.30901851751642,0.309018517516422,-0.3090165289248819,0.309016545559769,-0.30901654597640205,0.30901627701004114,0.30901615060103693,-0.30901608965902255,0.3090161516922171
1.0000040601155593,-1.0000036732157036,1.0000033588827364,1.000003358882729,0.8090151004678924,-0.9999968182129954,-0.3090163316868952,0.9999999969341622,0.8090151004678848,-0.3090163316868904,-0.9999962430426095,0.9999962122735756,-0.9999962321724108,-0.9999962502752653,0.999996439399462,0.9999961762590522,-0.9999967850909671,-0.9999962053116622,-0.9999961923439605,0.9999962505752675,-0.9999963415846275,0.9999984720255256,0.999995685103415,-1.0000002386647795,1.000001965106004,-1.0000027740815467,-1.0000027740815467,0.9999963388770032,-0.9999963927085178,0.9999963940567673,-0.9999955102762663,-0.9999951145979189,0.999994917385817,-0.9999951047400888
0.8090218634680274,-0.8090215504588831,0.8090212961577082,0.8090212961577011,0.3090166220736018,-0.80901600207804,0.309017150336913,0.8090151004678848,0.9999999999083525,-0.8090170438977397,-0.8090155393117443,0.809015514419005,-0.8090155305175154,-0.8090155451630832,0.8090156981680025,0.809015485282591,-0.8090159778387848,-0.8090155087866969,-0.8090154982956022,0.8090155454057892,-0.8090156190340552,0.8090173425999914,0.8090150879285285,-0.8090187718437652,0.8090201685665878,-0.8090208230427437,-0.8090208230427425,0.8090156168435368,-0.809015660394234,0.8090156614849922,-0.8090149573220506,-0.8090146263790504,0.8090144668308156,-0.8090146292357944
-0.30901891492359346,0.30901879536471516,-0.3090186982302909,-0.3090186982302875,0.30901715033691246,0.3090166811855221,-0.8090170150273857,-0.3090163316868904,-0.8090170438977397,1.0000000000256901,0.30901649931036146,-0.30901648980217894,0.3090164959512659,0.3090165015453764,-0.30901655998806543,-0.3090164786730567,0.3090166668128205,0.3090164876508303,0.3090164836435863,-0.30901650163808336,0.30901652976158234,-0.3090171881053188,-0.30901632689728137,0.3090177340279705,-0.3090182675287223,0.30901851751641923,0.30901851751641823,-0.30901652892487713,0.30901654555976854,-0.3090165459764008,0.3090162770100358,0.3090161506010342,-0.30901608965901906,0.30901615169221336
-1.000004602560101,1.0000042156600266,-1.0000039013268764,-1.0000039013268693,-0.8090155393117515,0.9999973740423269,0.3090164993103676,-0.9999962430426095,-0.8090155393117443,0.30901649931036146,0.9999999977077745,-0.9999967413245845,0.999996774612402,0.999996792715262,-0.9999969818395811,-0.9999967186990049,0.9999973275312946,0.999996747751632,0.9999967347839192,-0.9999967930152617,0.9999968840246717,-0.9999990144668294,-0.9999962275431076,1.0000007811071112,-1.0000025075493377,1.000003316525348,1.000003316525348,-0.9999968813170466,0.9999969351485908,-0.99999693649684,0.9999960661048324,0.9999956570372812,-0.9999954598250647,0.9999956605684193
1.0000045717907202,-1.0000041848906585,1.000003870557522,1.0000038705575152,0.8090155144190126,-0.9999973432732436,-0.30901648980218577,0.9999962122735756,0.809015514419005,-0.30901648980217894,-0.9999967413245845,0.9999999976638924,-0.9999967304543869,-0.9999967485572478,0.9999969510705208,0.9999966879299614,-0.9999972967622168,-0.9999967169825862,-0.999996704014875,0.9999967622462145,-0.9999968532556214,0.9999989836976818,0.9999961967740763,-1.0000007503378865,1.0000024767800417,-1.0000032857560175,-1.000003285756018,0.9999968505479968,-0.9999969043795391,0.9999969057277884,-0.9999960353358083,-0.9999956262682727,0.9999954290560648,-0.9999956297994116
-1.000004591689622,1.0000042047895563,-1.0000038904564188,-1.000003890456411,-0.8090155305175222,0.9999973631720878,0.30901649595126834,-0.9999962321724108,-0.8090155305175154,0.3090164959512659,0.999996774612402,-0.9999967304543869,0.9999999976922715,0.9999967818450651,-0.9999969575804016,-0.9999966944398443,0.9999973166610632,0.9999967368814355,0.9999967239137267,-0.9999967821450643,0.9999968731544732,-0.9999990035965411,-0.9999962166729128,1.0000007702367602,-1.0000024966789256,1.0000033056549087,1.0000033056549098,-0.9999968704468497,0.9999969242783909,-0.999996925626642,0.9999960552346422,0.999995646167105,-0.9999954489548958,0.9999956496982425
-1.0000046097927346,1.0000042228926593,-1.0000039085595107,-1.0000039085595034,-0.8090155451630874,0.999997381274978,0.3090165015453764,-0.9999962502752653,-0.8090155451630832,0.3090165015453764,0.999996792715262,-0.9999967485572478,0.9999967818450651,0.999999997718089,-0.9999969890722404,-0.9999967259316686,0.9999973347639504,0.9999967549842955,0.9999967420165845,-0.9999967868589588,0.9999968912573363,-0.9999990216994801,-0.9999962347757655,1.0000007883397544,-1.0000025147819744,1.0000033237579833,1.0000033237579844,-0.9999968751607463,0.9999969423812559,-0.9999969437295054,0.9999960733374907,0.9999956642699401,-0.9999954670577249,0.9999956678010791
1.0000047989181682,-1.000004412018029,1.000004097684836,1.0000040976848277,0.8090156981680092,-0.9999975703993393,-0.3090165599880702,0.999996439399462,0.8090156981680025,-0.30901655998806543,-0.9999969818395811,0.9999969510705208,-0.9999969575804016,-0.9999969890722404,0.9999999979878128,0.9999969150559709,-0.9999975104993479,-0.9999969441086026,-0.9999969311408958,0.999996989372241,-0.9999970803816691,0.9999992108240915,0.9999964238999661,-1.0000009774646232,1.0000027039070947,-1.0000035128832212,-1.000003512883222,0.9999970776740431,-0.9999971315055981,0.9999971328538483,-0.9999962624616648,-0.9999958533940585,0.9999956561818129,-0.9999958569251939
1.0000045357759162,-1.0000041488758682,1.0000038345427433,1.000003834542735,0.809015485282598,-0.9999973072586826,-0.30901647867306214,0.9999961762590522,0.809015485282591,-0.3090164786730567,-0.9999967186990049,0.9999966879299614,-0.9999966944398443,-0.9999967259316686,0.9999969150559709,0.9999999976125296,-0.9999972607476548,-0.999996667579076,-0.999996654611365,0.9999967262316691,-0.999996817241072,0.9999989476830651,0.9999961607595527,-1.0000007143232101,1.0000024407653074,-1.0000032497412576,-1.0000032497412572,0.9999968145334492,-0.9999968683649864,0.9999968697132369,-0.9999959993212865,-0.9999955902537682,0.9999953930415658,-0.9999955937849059
-1.0000051446122162,1.0000047577119557,-1.0000044433786663,-1.0000044433786586,-0.8090159778387902,0.9999979160911844,0.3090166668128238,-0.9999967850909671,-0.8090159778387848,0.3090166668128205,0.9999973275312946,-0.9999972967622168,0.9999973166610632,0.9999973347639504,-0.9999975104993479,-0.9999972607476548,0.9999999984808288,0.9999972898002997,0.9999972768325937,-0.9999973350639505,0.999997426073412,-0.9999995431274799,-0.999996756202504,1.0000013231575098,-1.0000030496005008,1.000003858576874,1.0000038585768745,-0.9999974233657837,0.9999974771973582,-0.9999974785456087,0.9999966081531183,0.9999961990853916,-0.999996001873085,0.9999962026165248
-1.0000045648287863,1.0000041779287272,-1.0000038635955937,-1.000003863595586,-0.8090155087867035,0.9999973363113283,0.3090164876508326,-0.9999962053116622,-0.8090155087866969,0.3090164876508303,0.999996747751632,-0.9999967169825862,0.9999967368814355,0.9999967549842955,-0.9999969441086026,-0.999996667579076,0.9999972898002997,0.9999999976539633,0.999996697052956,-0.9999967418953297,0.9999968462937012,-0.9999989767357617,-0.9999961898121622,1.000000743375964,-1.0000024698181154,1.0000032787940896,1.0000032787940896,-0.9999968435860767,0.9999968974176183,-0.9999968987658675,0.9999960283738941,0.9999956193063598,-0.9999954220941532,0.9999956228374982
-1.0000045518610603,1.0000041649610019,-1.0000038506278688,-1.0000038506278606,-0.8090154982956089,0.9999973233436246,0.3090164836435911,-0.9999961923439605,-0.8090154982956022,0.3090164836435863,0.9999967347839192,-0.999996704014875,0.9999967239137267,0.9999967420165845,-0.9999969311408958,-0.999996654611365,0.9999972768325937,0.999996697052956,0.9999999976354693,-0.9999967423165839,0.9999968333259894,-0.999998963768051,-0.9999961768444593,1.000000730408248,-1.0000024568503942,1.0000032658263664,1.0000032658263673,-0.9999968306183643,0.9999968844499054,-0.999996885798154,0.9999960154061919,0.9999956063386607,-0.9999954091264531,0.999995609869798
1.000004610092748,-1.0000042231926713,1.0000039088595218,1.0000039088595145,0.8090155454057939,-0.9999973815749802,-0.3090165016380826,0.9999962505752675,0.8090155454057892,-0.30901650163808336,-0.9999967930152617,0.9999967622462145,-0.9999967821450643,-0.9999967868589588,0.999996989372241,0.9999967262316691,-0.9999973350639505,-0.9999967418953297,-0.9999967423165839,0.9999999977185171,-0.9999968781683696,0.9999990219994837,0.9999962350757653,-1.0000007886397606,1.0000025150819853,-1.000003324057995,-1.000003324057996,0.999996888849711,-0.9999969426812548,0.9999969440295047,-0.9999960736374895,-0.9999956645699409,0.9999954673577243,-0.9999956681010775
-1.000004701102882,1.0000043142027704,-1.0000039998695924,-1.0000039998695858,-0.8090156190340613,0.999997472584446,0.30901652976158467,-0.9999963415846275,-0.8090156190340552,0.30901652976158234,0.9999968840246717,-0.9999968532556214,0.9999968731544732,0.9999968912573363,-0.9999970803816691,-0.999996817241072,0.999997426073412,0.9999968462937012,0.9999968333259894,-0.9999968781683696,0.9999999978483122,-0.9999991130091012,-0.9999963260851251,1.0000008796495423,-1.0000026060919256,1.0000034150680102,1.0000034150680108,-0.9999969798591302,0.9999970336906794,-0.9999970216499625,0.9999961646468349,0.9999957555792464,-0.9999955583670124,0.9999957591103847
1.0000068315598938,-1.0000064446590091,1.0000061303252261,1.0000061303252195,0.8090173425999969,-0.9999996030275073,-0.30901718810532114,0.9999984720255256,0.8090173425999914,-0.3090171881053188,-0.9999990144668294,0.9999989836976818,-0.9999990035965411,-0.9999990216994801,0.9999992108240915,0.9999989476830651,-0.9999995431274799,-0.9999989767357617,-0.999998963768051,0.9999990219994837,-0.9999991130091012,1.0000000008866898,0.9999984565260205,-1.000002996710228,1.0000047365448743,-1.0000055455225176,-1.0000055455225176,0.9999991103014688,-0.999999164133134,0.9999991654813869,-0.999998295087408,-0.9999978860190525,0.9999976888064352,-0.999997889550181
1.0000040446160279,-1.0000036577161753,1.0000033433832103,1.0000033433832027,0.8090150879285343,-0.9999968161024694,-0.30901632689728564,0.999995685103415,0.8090150879285285,-0.30901632689728137,-0.9999962275431076,0.9999961967740763,-0.9999962166729128,-0.9999962347757655,0.9999964238999661,0.9999961607595527,-0.999996756202504,-0.9999961898121622,-0.9999961768444593,0.9999962350757653,-0.9999963260851251,0.9999984565260205,0.9999999969120571,-1.0000002231652676,1.0000019496064845,-1.0000027585820228,-1.0000027585820233,0.9999963233775011,-0.9999963772090146,0.999996378557264,-0.999995494776778,-0.9999950857094663,0.999994901886331,-0.999995102629567
-1.0000085982128684,1.0000082113113327,-1.0000078969770343,-1.0000078969770267,-0.8090187718437719,1.000001369668609,0.30901773402797317,-1.0000002386647795,-0.8090187718437652,0.3090177340279705,1.0000007811071112,-1.0000007503378865,1.0000007702367602,1.0000007883397544,-1.0000009774646232,-1.0000007143232101,1.0000013231575098,1.000000743375964,1.000000730408248,-1.0000007886397606,1.0000008796495423,-1.000002996710228,-1.0000002231652676,1.0000000034062282,-1.0000064898054306,1.0000073121733668,1.000007312173367,-1.0000008769419035,1.000000930773665,-1.000000932121922,1.000000061726384,0.9999996526573685,-0.9999994554444267,0.9999996561884944
1.0000103246674878,-1.0000099377653133,1.0000096234305125,1.0000096234305056,0.8090201685665931,-1.0000030961116364,-0.3090182675287249,1.000001965106004,0.8090201685665878,-0.3090182675287223,-1.0000025075493377,1.0000024767800417,-1.0000024966789256,-1.0000025147819744,1.0000027039070947,1.0000024407653074,-1.0000030496005008,-1.0000024698181154,-1.0000024568503942,1.0000025150819853,-1.0000026060919256,1.0000047365448743,1.0000019496064845,-1.0000064898054306,1.0000000058684413,-1.0000090252369438,-1.0000090252369433,1.000002603384281,-1.0000026572161371,1.0000026585643949,-1.000001788167336,-1.0000013790976774,1.0000011818844177,-1.000001382628799
-1.0000111336493438,1.0000107467468686,-1.0000104190228634,-1.0000104324118233,-0.8090208230427477,1.000003905088029,0.30901851751642,-1.0000027740815467,-0.8090208230427437,0.30901851751641923,1.000003316525348,-1.0000032857560175,1.0000033056549087,1.0000033237579833,-1.0000035128832212,-1.0000032497412576,1.000003858576874,1.0000032787940896,1.0000032658263664,-1.000003324057995,1.0000034150680102,-1.0000055455225176,-1.0000027585820228,1.0000073121733668,-1.0000090252369438,1.0000000070221857,1.000009847606787,-1.0000034123603623,1.000003466192263,-1.0000034675405216,1.0000025971427484,1.0000021880727878,-1.0000019908593787,1.0000021916039057
-1.000011133649343,1.0000107467468697,-1.0000104324118317,-1.0000104190228576,-0.8090208230427492,1.0000039050880285,0.309018517516422,-1.0000027740815467,-0.8090208230427425,0.30901851751641823,1.000003316525348,-1.000003285756018,1.0000033056549098,1.0000033237579844,-1.000003512883222,-1.0000032497412572,1.0000038585768745,1.0000032787940896,1.0000032658263673,-1.000003324057996,1.0000034150680108,-1.0000055455225176,-1.0000027585820233,1.000007312173367,-1.0000090252369433,1.000009847606787,1.0000000070221857,-1.0000034123603632,1.0000034661922628,-1.0000034675405225,1.0000025971427504,1.0000021880727876,-1.0000019908593794,1.0000021916039068
1.0000046983952304,-1.0000043114951185,1.0000039971619425,1.0000039971619359,0.8090156168435432,-0.9999974698768187,-0.3090165289248819,0.9999963388770032,0.8090156168435368,-0.30901652892487713,-0.9999968813170466,0.9999968505479968,-0.9999968704468497,-0.9999968751607463,0.9999970776740431,0.9999968145334492,-0.9999974233657837,-0.9999968435860767,-0.9999968306183643,0.999996888849711,-0.9999969798591302,0.9999991103014688,0.9999963233775011,-1.0000008769419035,1.000002603384281,-1.0000034123603623,-1.0000034123603632,0.9999999978444505,-0.9999970175940883,0.999997032331304,-0.9999961619392123,-0.9999957528716247,0.9999955556593907,-0.9999957564027623
-1.0000047522272004,1.0000043653270678,-1.000004050993875,-1.0000040509938668,-0.8090156603942389,0.9999975237083942,0.309016545559769,-0.9999963927085178,-0.809015660394234,0.30901654555976854,0.9999969351485908,-0.9999969043795391,0.9999969242783909,0.9999969423812559,-0.9999971315055981,-0.9999968683649864,0.9999974771973582,0.9999968974176183,0.9999968844499054,-0.9999969426812548,0.9999970336906794,-0.999999164133134,-0.9999963772090146,1.000000930773665,-1.0000026572161371,1.000003466192263,1.0000034661922628,-0.9999970175940883,0.9999999979212235,-0.999997072773889,0.9999962157707162,0.9999958067031076,-0.9999956094908632,0.9999958102342451
1.0000047535754626,-1.0000043666753289,1.0000040523421354,1.000004052342128,0.8090156614849973,-0.9999975250566446,-0.30901654597640205,0.9999963940567673,0.8090156614849922,-0.3090165459764008,-0.99999693649684,0.9999969057277884,-0.999996925626642,-0.9999969437295054,0.9999971328538483,0.9999968697132369,-0.9999974785456087,-0.9999968987658675,-0.999996885798154,0.9999969440295047,-0.9999970216499625,0.9999991654813869,0.999996378557264,-1.000000932121922,1.0000026585643949,-1.0000034675405216,-1.0000034675405225,0.999997032331304,-0.999997072773889,0.9999999979231463,-0.9999962171189654,-0.999995808051355,0.9999956108391106,-0.9999958115824934
-1.0000038831765552,1.0000034962767639,-1.000003181943847,-1.0000031819438395,-0.8090149573220579,0.999996654664112,0.30901627701004114,-0.9999955102762663,-0.8090149573220506,0.3090162770100358,0.9999960661048324,-0.9999960353358083,0.9999960552346422,0.9999960733374907,-0.9999962624616648,-0.9999959993212865,0.9999966081531183,0.9999960283738941,0.9999960154061919,-0.9999960736374895,0.9999961646468349,-0.999998295087408,-0.999995494776778,1.000000061726384,-1.000001788167336,1.0000025971427484,1.0000025971427504,-0.9999961619392123,0.9999962157707162,-0.9999962171189654,0.9999999966818188,0.9999949376603375,-0.9999947404482668,0.9999949411914717
-1.000003474106108,1.0000030872064645,-1.000002772873666,-1.0000027728736582,-0.8090146263790575,0.9999962455963778,0.30901615060103693,-0.9999951145979189,-0.8090146263790504,0.3090161506010342,0.9999956570372812,-0.9999956262682727,0.999995646167105,0.9999956642699401,-0.9999958533940585,-0.9999955902537682,0.9999961990853916,0.9999956193063598,0.9999956063386607,-0.9999956645699409,0.9999957555792464,-0.9999978860190525,-0.9999950857094663,0.9999996526573685,-1.0000013790976774,1.0000021880727878,1.0000021880727876,-0.9999957528716247,0.9999958067031076,-0.999995808051355,0.9999949376603375,0.999999996098419,-0.9999943179922764,0.9999945321243757
1.00000327689246,-1.000002889992891,1.0000025756601494,1.000002575660143,0.8090144668308216,-0.9999960483840664,-0.30901608965902255,0.999994917385817,0.8090144668308156,-0.30901608965901906,-0.9999954598250647,0.9999954290560648,-0.9999954489548958,-0.9999954670577249,0.9999956561818129,0.9999953930415658,-0.999996001873085,-0.9999954220941532,-0.9999954091264531,0.9999954673577243,-0.9999955583670124,0.9999976888064352,0.999994901886331,-0.9999994554444267,1.0000011818844177,-1.0000019908593787,-1.0000019908593794,0.9999955556593907,-0.9999956094908632,0.9999956108391106,-0.9999947404482668,-0.9999943179922764,0.9999999958171607,-0.9999943215234114
-1.0000034776372253,1.0000030907375825,-1.0000027764047847,-1.0000027764047756,-0.8090146292358005,0.9999962491275097,0.3090161516922171,-0.9999951047400888,-0.8090146292357944,0.30901615169221336,0.9999956605684193,-0.9999956297994116,0.9999956496982425,0.9999956678010791,-0.9999958569251939,-0.9999955937849059,0.9999962026165248,0.9999956228374982,0.999995609869798,-0.9999956681010775,0.9999957591103847,-0.999997889550181,-0.999995102629567,0.9999996561884944,-1.000001382628799,1.0000021916039057,1.0000021916039068,-0.9999957564027623,0.9999958102342451,-0.9999958115824934,0.9999949411914717,0.9999945321243757,-0.9999943215234114,0.9999999961034552
