1.0000000003376905,-0.9999990817737886,1.0000004111659,-0.8090160230565673,0.8090171963872069,-0.8090188170738304,-0.8090160230565646,-0.9999999091088351,0.809020923947568,0.8090109678908016,-0.3090302335177618,-0.3090044365984504,0.30903525165165857,-0.3090362957158205,-0.3090378908954913,0.3090390417495094
-0.9999990817737886,1.0000000009655934,-0.9999994990623227,0.8090161439070302,-0.8090173410745983,0.8090190378516132,0.8090161439070285,1.000001128463542,-0.8090212563407976,-0.8090130762078026,0.30902931686181134,0.30900649275909486,-0.30903442621726784,0.30903548700955175,0.3090371114540235,-0.30903828576179015
1.0000004111659,-0.9999994990623227,1.0000000012321588,-0.8090154885787518,0.8090167313259479,-0.8090185724354401,-0.8090154885787494,-1.0000006406769844,0.8090210019962344,0.8090162204624667,-0.3090272354535878,-0.3090100779315623,0.3090325330782473,-0.30903362936165374,-0.30903531386297084,0.3090365370941237
-0.8090160230565673,0.8090161439070302,-0.8090154885787518,0.9999999971635509,-0.9999953402566947,0.9999979290534997,0.9999960433785162,0.8090143889994093,-0.9999993131545017,-0.30901063017083474,0.8090228793265122,-0.3090258796090451,-0.8090248681426908,0.8090248208211214,0.8090256987961673,-0.8090255158553662
0.8090171963872069,-0.8090173410745983,0.8090167313259479,-0.9999953402566947,0.9999999986379798,-0.9999972379569798,-0.9999953402566871,-0.809015693113182,1.0000003631786276,0.3090117595135835,-0.8090232327814524,0.30902537295636634,0.8090252277428271,-0.809025181443262,-0.8090260610135737,0.8090258794613086
-0.8090188170738304,0.8090190378516132,-0.8090185724354401,0.9999979290534997,-0.9999972379569798,0.9999999999150501,0.9999979290534953,0.8090177279194017,-0.9999995845291424,-0.30901432306182436,0.8090225806395184,-0.3090233016702795,-0.8090245775325603,0.8090245298018247,0.8090254091114064,-0.8090252264857409
-0.8090160230565646,0.8090161439070285,-0.8090154885787494,0.9999960433785162,-0.9999953402566871,0.9999979290534953,0.9999999971635509,0.8090143889994061,-0.9999993131544981,-0.3090106301708338,0.8090228793265085,-0.3090258796090435,-0.8090248681426883,0.8090248208211182,0.8090256987961634,-0.8090255158553626
-0.9999999091088351,1.000001128463542,-1.0000006406769844,0.8090143889994093,-0.809015693113182,0.8090177279194017,0.8090143889994061,1.000000002955298,-0.8090187149428019,-0.8090190536856695,0.30902406817447015,0.309015341113135,-0.3090296796527207,0.30903083807929055,0.30903262289457195,-0.3090339296120218
0.809020923947568,-0.8090212563407976,0.8090210019962344,-0.9999993131545017,1.0000003631786276,-0.9999995845291424,-0.9999993131544981,-0.8090187149428019,1.0000000020527537,0.3090174995896946,-0.8090203427165598,0.3090209036330802,0.8090240144797285,-0.8090239530990461,-0.8090248146253579,0.8090246151515836
0.8090109678908016,-0.8090130762078026,0.8090162204624667,-0.30901063017083474,0.3090117595135835,-0.30901432306182436,-0.3090106301708338,-0.8090190536856695,0.3090174995896946,1.0000000074301005,0.3090153018165937,-0.8090228760512838,-0.3090075852887143,0.3090055259570815,0.30900331090267713,-0.30900083535234574
-0.3090302335177618,0.30902931686181134,-0.3090272354535878,0.8090228793265122,-0.8090232327814524,0.8090225806395184,0.8090228793265085,0.30902406817447015,-0.8090203427165598,0.3090153018165937,1.0000000023200826,-0.8090184711338794,-1.0000000648578382,1.000000784101677,1.0000007389364975,-0.9999994233717951
-0.3090044365984504,0.30900649275909486,-0.3090100779315623,-0.3090258796090451,0.30902537295636634,-0.3090233016702795,-0.3090258796090435,0.309015341113135,0.3090209036330802,-0.8090228760512838,-0.8090184711338794,1.000000007026246,0.8090142646118192,-0.8090123074122318,-0.8090108166886628,0.809008392212603
0.30903525165165857,-0.30903442621726784,0.3090325330782473,-0.8090248681426908,0.8090252277428271,-0.8090245775325603,-0.8090248681426883,-0.3090296796527207,0.8090240144797285,-0.3090075852887143,-1.0000000648578382,0.8090142646118192,1.0000000013958672,-0.9999995468321027,-1.0000000079356481,1.0000008703631011
-0.3090362957158205,0.30903548700955175,-0.30903362936165374,0.8090248208211214,-0.809025181443262,0.8090245298018247,0.8090248208211182,0.30903083807929055,-0.8090239530990461,0.3090055259570815,1.000000784101677,-0.8090123074122318,-0.9999995468321027,1.000000000522079,1.0000012862330516,-1.0000005277989157
-0.3090378908954913,0.3090371114540235,-0.30903531386297084,0.8090256987961673,-0.8090260610135737,0.8090254091114064,0.8090256987961634,0.30903262289457195,-0.8090248146253579,0.30900331090267713,1.0000007389364975,-0.8090108166886628,-1.0000000079356481,1.0000012862330516,1.0000000014738069,-0.9999996911057623
0.3090390417495094,-0.30903828576179015,0.3090365370941237,-0.8090255158553662,0.8090258794613086,-0.8090252264857409,-0.8090255158553626,-0.3090339296120218,0.8090246151515836,-0.30900083535234574,-0.9999994233717951,0.809008392212603,1.0000008703631011,-1.0000005277989157,-0.9999996911057623,1.0000000006891492
