0.9999999998346023,-0.9999997666000682,-0.9999996956140035,-0.9999994737279393,0.999999675969305,0.9999993083653719,-0.9999999632704274,1.0000001286007152,0.9999998097741601,-0.9999999632704285,1.0000001286007136,0.9999998097741625,0.9999999999727225,-1.0000001305825468,-0.9999998652617981,0.9999995953522701,-0.9999993714060431,0.999999477952287,-0.9999993714060439,0.9999994960867777,-0.9999995898673554,0.9999996741861638,-0.9999998387606069,0.9999998099832453,0.999999914649078,0.9999997342692246,1.0000001562163638,-1.0000000278810015,-1.0000001614048877,-1.0000001614048866,-0.9999996845790484
-0.9999997666000682,0.9999999998629999,0.9999997370557289,0.9999994936219274,-0.9999996743162155,-0.9999993282592279,0.9999999831648059,-1.0000001484951995,-0.9999998296684358,0.9999999831648069,-1.0000001484951992,-0.9999998296684383,-1.0000000198671368,1.0000001504770442,0.9999998851561147,-0.9999996152466586,0.9999993913007698,-0.9999994978470128,0.99999939130077,-0.9999995159814581,0.9999996097620589,-0.999999694080809,0.9999998586548433,-0.9999998083302747,-0.9999999345433606,-0.9999997541634108,-1.0000001761108175,1.0000000477753606,1.0000001812993866,1.0000001812993868,0.9999997044732146
-0.9999996956140035,0.9999997370557289,0.9999999997616744,0.9999994226366159,-0.9999996248778342,-0.9999992572741565,0.9999999121789239,-1.0000000775091042,-0.9999997586827486,0.9999999121789255,-1.0000000775091036,-0.9999997586827509,-0.9999999488812025,1.000000079490945,0.9999998141703667,-0.9999995227134619,0.9999993203144301,-0.9999994268606962,0.9999993203144301,-0.9999994449951282,0.9999995387757185,-0.999999601547227,0.9999997876690371,-0.9999997588916256,-0.9999998635574653,-0.9999996831776736,-1.0000001051246992,0.9999999767893556,1.000000110313195,1.000000110313195,0.9999996334875231
-0.9999994737279393,0.9999994936219274,0.9999994226366159,0.999999999414197,-0.9999993598962698,-0.9999989922916735,0.9999996687455394,-0.9999998340759808,-0.9999995152491281,0.9999996687455407,-0.9999998340759825,-0.9999995152491294,-0.9999997054479316,0.999999836057839,0.9999995707368916,-0.9999993008275374,0.9999990768824859,-0.9999991834286378,0.9999990768824852,-0.9999992015630109,0.9999992953435256,-0.9999993796620309,0.9999995442351325,-0.9999995154578373,-0.999999620123805,-0.9999994397436036,-0.9999998616915537,0.9999997333559607,0.9999998668801953,0.9999998668801948,0.9999993900533305
0.999999675969305,-0.9999996743162155,-0.9999996248778342,-0.9999993598962698,0.9999999997028766,0.9999992160807302,-0.9999998709868306,1.0000000363172714,0.9999997174904143,-0.9999998709868314,1.000000036317271,0.9999997174904173,0.9999999076891922,-1.0000000382991254,-0.9999997729781344,0.9999995030687313,-0.9999992791232408,0.999999385669459,-0.9999992791232416,0.9999994038038541,-0.999999497584437,0.9999995819030795,-0.9999997464766657,0.9999997176993661,0.9999998223652493,0.9999996419851843,1.0000000639328603,-0.9999999355973256,-1.0000000691214672,-1.0000000691214672,-0.9999995707477096
0.9999993083653719,-0.9999993282592279,-0.9999992572741565,-0.9999989922916735,0.9999992160807302,0.9999999991781587,-0.9999995033830268,0.9999996687134499,0.9999993498866443,-0.9999995033830286,0.9999996687134499,0.9999993498866471,0.9999995400854416,-0.9999996706953098,-0.9999994053744371,0.9999991354651209,-0.9999989115204115,0.9999990180664923,-0.9999989115204106,0.9999990362008607,-0.999999129981301,0.9999992142997046,-0.9999993788724245,0.9999993500951448,0.9999994547611633,0.9999992743808745,0.9999996963289975,-0.9999995679933736,-0.9999997015176727,-0.9999997015176738,-0.9999992246905757
-0.9999999632704274,0.9999999831648059,0.9999999121789239,0.9999996687455394,-0.9999998709868306,-0.9999995033830268,1.0000000001129703,-1.0000003020711794,-0.9999999832447788,1.0000001582882292,-1.00000032361843,-1.000000004792026,-1.0000001949905335,1.000000325600287,1.000000060279675,-0.999999790369955,0.9999995664239734,-0.9999996729702435,0.9999995664239723,-0.9999996911046106,0.9999997848852135,-0.9999998692038682,1.0000000337780754,-1.0000000050006692,-1.000000109666548,-0.9999999292866651,-1.0000003512339564,1.000000222898517,1.0000003564224855,1.0000003564224864,0.9999998795964987
1.0000001286007152,-1.0000001484951995,-1.0000000775091042,-0.9999998340759808,1.0000000363172714,0.9999996687134499,-1.0000003020711794,1.000000000348962,1.0000001701221783,-1.000000323618432,1.0000004889486793,1.0000001701221808,1.0000003603207228,-1.0000004693832871,-1.0000002256098097,0.999999955700084,-0.9999997317538085,0.999999838300138,-0.9999997317538076,0.9999998564345223,-0.99999995021519,1.0000000345339477,-1.0000001991084726,1.000000170331064,1.0000002749968964,1.000000094617073,1.0000005165642405,-1.000000388228823,-1.000000521752746,-1.000000500205503,-1.0000000449269244
0.9999998097741601,-0.9999998296684358,-0.9999997586827486,-0.9999995152491281,0.9999997174904143,0.9999993498866443,-0.9999999832447788,1.0000001701221783,0.9999999998938701,-1.0000000047920259,1.0000001701221788,0.9999998512958754,1.000000041494344,-1.0000001721040395,-0.9999999067835429,0.9999996368738362,-0.9999994129281331,0.999999519474334,-0.9999994129281328,0.9999995376087002,-0.9999996313892288,0.9999997157077947,-0.9999998802816943,0.9999998515043013,0.9999999561702134,0.999999775790281,1.0000001977376718,-1.0000000694022122,-1.0000002029262332,-1.0000002029262332,-0.9999997261001017
-0.9999999632704285,0.9999999831648069,0.9999999121789255,0.9999996687455407,-0.9999998709868314,-0.9999995033830286,1.0000001582882292,-1.000000323618432,-1.0000000047920259,1.0000000001129699,-1.0000003020711832,-0.9999999832447775,-1.0000001949905353,1.000000325600289,1.0000000602796772,-0.9999997903699573,0.9999995664239762,-0.9999996729702454,0.9999995664239747,-0.9999996911046132,0.9999997848852146,-0.9999998692038676,1.0000000337780786,-1.0000000050006712,-1.0000001096665503,-0.9999999292866663,-1.0000003512339584,1.000000222898516,1.0000003564224875,1.0000003564224882,0.9999998795965007
1.0000001286007136,-1.0000001484951992,-1.0000000775091036,-0.9999998340759825,1.000000036317271,0.9999996687134499,-1.00000032361843,1.0000004889486793,1.0000001701221788,-1.0000003020711832,1.000000000348962,1.0000001701221812,1.0000003603207224,-1.0000004693832885,-1.0000002256098077,0.9999999557000844,-0.999999731753809,0.9999998383001376,-0.9999997317538065,0.9999998564345223,-0.9999999502151896,1.0000000345339475,-1.0000001991084724,1.0000001703310641,1.0000002749968953,1.0000000946170744,1.0000005165642412,-1.000000388228822,-1.000000500205503,-1.0000005217527452,-1.0000000449269244
0.9999998097741625,-0.9999998296684383,-0.9999997586827509,-0.9999995152491294,0.9999997174904173,0.9999993498866471,-1.000000004792026,1.0000001701221808,0.9999998512958754,-0.9999999832447775,1.0000001701221812,0.9999999998938701,1.0000000414943457,-1.0000001721040406,-0.999999906783544,0.9999996368738387,-0.9999994129281364,0.9999995194743362,-0.9999994129281353,0.9999995376087021,-0.999999631389231,0.9999997157077972,-0.9999998802816968,0.9999998515043029,0.9999999561702162,0.9999997757902827,1.000000197737674,-1.0000000694022155,-1.0000002029262347,-1.0000002029262343,-0.9999997261001032
0.9999999999727225,-1.0000000198671368,-0.9999999488812025,-0.9999997054479316,0.9999999076891922,0.9999995400854416,-1.0000001949905335,1.0000003603207228,1.000000041494344,-1.0000001949905353,1.0000003603207224,1.0000000414943457,1.000000000165359,-1.0000003407553302,-1.0000000754347416,0.9999998270722428,-0.9999996031261703,0.9999997096724538,-0.9999996031261705,0.9999997278068242,-0.9999998215874346,0.9999999059061055,-1.0000000704804184,1.0000000417029997,1.0000001463688746,0.9999999659890131,1.0000003879362531,-1.000000259600826,-1.0000003931247705,-1.0000003931247703,-0.9999999162988531
-1.0000001305825468,1.0000001504770442,1.000000079490945,0.999999836057839,-1.0000000382991254,-0.9999996706953098,1.000000325600287,-1.0000004693832871,-1.0000001721040395,1.000000325600289,-1.0000004693832885,-1.0000001721040406,-1.0000003407553302,1.000000000351791,1.0000002275916688,-0.9999999576819244,0.9999997337356293,-0.9999998402819757,0.9999997337356296,-0.9999998584163472,0.9999999521970249,-1.0000000365157733,1.0000002010903297,-1.0000001723129053,-1.0000002769787486,-1.0000000965989237,-1.0000005185460932,1.0000003902106738,1.00000052373459,1.0000005237345895,1.0000000469087724
-0.9999998652617981,0.9999998851561147,0.9999998141703667,0.9999995707368916,-0.9999997729781344,-0.9999994053744371,1.000000060279675,-1.0000002256098097,-0.9999999067835429,1.0000000602796772,-1.0000002256098077,-0.999999906783544,-1.0000000754347416,1.0000002275916688,0.9999999999730729,-0.9999996923614637,0.9999994684156639,-0.9999995749618781,0.9999994684156632,-0.9999995930962431,0.9999996868767826,-0.9999997711953658,0.9999999357693775,-0.9999999069919747,-1.000000011657876,-0.999999831277974,-1.0000002532252987,1.0000001248898558,1.0000002584138494,1.0000002584138494,0.9999997815878082
0.9999995953522701,-0.9999996152466586,-0.9999995227134619,-0.9999993008275374,0.9999995030687313,0.9999991354651209,-0.999999790369955,0.999999955700084,0.9999996368738362,-0.9999997903699573,0.9999999557000844,0.9999996368738387,0.9999998270722428,-0.9999999576819244,-0.9999996923614637,0.9999999995878052,-0.9999991985057658,0.9999993050519418,-0.9999991985057645,0.9999993231864142,-0.9999994169669135,0.9999995012856262,-0.9999996658599497,0.999999637082568,0.9999997417484194,0.9999995613686058,0.9999999833156621,-0.9999998549803252,-0.9999999885041925,-0.9999999885041926,-0.9999995116784491
-0.9999993714060431,0.9999993913007698,0.9999993203144301,0.9999990768824859,-0.9999992791232408,-0.9999989115204115,0.9999995664239734,-0.9999997317538085,-0.9999994129281331,0.9999995664239762,-0.999999731753809,-0.9999994129281364,-0.9999996031261703,0.9999997337356293,0.9999994684156639,-0.9999991985057658,0.9999999992681443,-0.9999990595579619,0.9999989745589426,-0.9999990992396521,0.9999991930201747,-0.999999277338903,0.9999994419142396,-0.999999413136671,-0.9999995178025608,-0.9999993374229804,-0.9999997593694159,0.9999996310342817,0.9999997645577829,0.9999997645577833,0.9999992877328672
0.999999477952287,-0.9999994978470128,-0.9999994268606962,-0.9999991834286378,0.999999385669459,0.9999990180664923,-0.9999996729702435,0.999999838300138,0.999999519474334,-0.9999996729702454,0.9999998383001376,0.9999995194743362,0.9999997096724538,-0.9999998402819757,-0.9999995749618781,0.9999993050519418,-0.9999990595579619,0.999999999420228,-0.9999990595579592,0.9999992057858987,-0.9999992780192527,0.999999383885202,-0.999999548460451,0.9999995196828788,0.999999624348759,0.9999994439691579,0.9999998659157078,-0.9999997375805072,-0.9999998711040791,-0.9999998711040796,-0.9999993942790472
-0.9999993714060439,0.99999939130077,0.9999993203144301,0.9999990768824852,-0.9999992791232416,-0.9999989115204106,0.9999995664239723,-0.9999997317538076,-0.9999994129281328,0.9999995664239747,-0.9999997317538065,-0.9999994129281353,-0.9999996031261705,0.9999997337356296,0.9999994684156632,-0.9999991985057645,0.9999989745589426,-0.9999990595579592,0.9999999992681443,-0.9999990992396512,0.9999991930201738,-0.999999277338903,0.9999994419142381,-0.9999994131366715,-0.99999951780256,-0.9999993374229806,-0.9999997593694159,0.9999996310342816,0.9999997645577817,0.9999997645577822,0.9999992877328685
0.9999994960867777,-0.9999995159814581,-0.9999994449951282,-0.9999992015630109,0.9999994038038541,0.9999990362008607,-0.9999996911046106,0.9999998564345223,0.9999995376087002,-0.9999996911046132,0.9999998564345223,0.9999995376087021,0.9999997278068242,-0.9999998584163472,-0.9999995930962431,0.9999993231864142,-0.9999990992396521,0.9999992057858987,-0.9999990992396512,0.9999999994461131,-0.9999992961536521,0.9999994020196739,-0.9999995665948824,0.999999537817368,0.9999996424832248,0.9999994621036191,0.9999998840501376,-0.9999997557149736,-0.9999998892385389,-0.9999998892385406,-0.9999994124135045
-0.9999995898673554,0.9999996097620589,0.9999995387757185,0.9999992953435256,-0.999999497584437,-0.999999129981301,0.9999997848852135,-0.99999995021519,-0.9999996313892288,0.9999997848852146,-0.9999999502151896,-0.999999631389231,-0.9999998215874346,0.9999999521970249,0.9999996868767826,-0.9999994169669135,0.9999991930201747,-0.9999992780192527,0.9999991930201738,-0.9999992961536521,0.9999999995799754,-0.9999994742530183,0.9999996603754708,-0.9999996315979357,-0.9999997362637945,-0.9999995558841671,-0.9999999778307842,0.9999998494955631,0.9999999830191745,0.9999999830191758,0.9999995061940504
0.9999996741861638,-0.999999694080809,-0.999999601547227,-0.9999993796620309,0.9999995819030795,0.9999992142997046,-0.9999998692038682,1.0000000345339477,0.9999997157077947,-0.9999998692038676,1.0000000345339475,0.9999997157077972,0.9999999059061055,-1.0000000365157733,-0.9999997711953658,0.9999995012856262,-0.999999277338903,0.999999383885202,-0.999999277338903,0.9999994020196739,-0.9999994742530183,0.9999999997003319,-0.9999997446942028,0.9999997159167231,0.9999998205825676,0.9999996402028858,1.0000000621495988,-0.9999999338143679,-1.0000000673380196,-1.0000000673380212,-0.999999590512752
-0.9999998387606069,0.9999998586548433,0.9999997876690371,0.9999995442351325,-0.9999997464766657,-0.9999993788724245,1.0000000337780754,-1.0000001991084726,-0.9999998802816943,1.0000000337780786,-1.0000001991084724,-0.9999998802816968,-1.0000000704804184,1.0000002010903297,0.9999999357693775,-0.9999996658599497,0.9999994419142396,-0.999999548460451,0.9999994419142381,-0.9999995665948824,0.9999996603754708,-0.9999997446942028,0.9999999999352448,-0.9999998589434903,-0.9999999636092783,-0.9999997832293394,-1.0000002267240329,1.0000000983885422,1.0000002319126482,1.0000002319126482,0.99999975508641
0.9999998099832453,-0.9999998083302747,-0.9999997588916256,-0.9999995154578373,0.9999997176993661,0.9999993500951448,-1.0000000050006692,1.000000170331064,0.9999998515043013,-1.0000000050006712,1.0000001703310641,0.9999998515043029,1.0000000417029997,-1.0000001723129053,-0.9999999069919747,0.999999637082568,-0.999999413136671,0.9999995196828788,-0.9999994131366715,0.999999537817368,-0.9999996315979357,0.9999997159167231,-0.9999998589434903,0.9999999998941681,0.9999999563792537,0.9999997759993242,1.0000001979466893,-1.000000069611248,-1.0000002031352786,-1.0000002031352786,-0.9999997263091355
0.999999914649078,-0.9999999345433606,-0.9999998635574653,-0.999999620123805,0.9999998223652493,0.9999994547611633,-1.000000109666548,1.0000002749968964,0.9999999561702134,-1.0000001096665503,1.0000002749968953,0.9999999561702162,1.0000001463688746,-1.0000002769787486,-1.000000011657876,0.9999997417484194,-0.9999995178025608,0.999999624348759,-0.99999951780256,0.9999996424832248,-0.9999997362637945,0.9999998205825676,-0.9999999636092783,0.9999999563792537,1.000000000043568,0.9999998806651388,1.0000003026124529,-1.0000001527297548,-1.0000003078010635,-1.0000003078010635,-0.9999998309749841
0.9999997342692246,-0.9999997541634108,-0.9999996831776736,-0.9999994397436036,0.9999996419851843,0.9999992743808745,-0.9999999292866651,1.000000094617073,0.999999775790281,-0.9999999292866663,1.0000000946170744,0.9999997757902827,0.9999999659890131,-1.0000000965989237,-0.999999831277974,0.9999995613686058,-0.9999993374229804,0.9999994439691579,-0.9999993374229806,0.9999994621036191,-0.9999995558841671,0.9999996402028858,-0.9999997832293394,0.9999997759993242,0.9999998806651388,0.9999999997860941,1.000000122232662,-0.9999999938971733,-1.000000127421286,-1.0000001274212855,-0.9999996290477129
1.0000001562163638,-1.0000001761108175,-1.0000001051246992,-0.9999998616915537,1.0000000639328603,0.9999996963289975,-1.0000003512339564,1.0000005165642405,1.0000001977376718,-1.0000003512339584,1.0000005165642412,1.000000197737674,1.0000003879362531,-1.0000005185460932,-1.0000002532252987,0.9999999833156621,-0.9999997593694159,0.9999998659157078,-0.9999997593694159,0.9999998840501376,-0.9999999778307842,1.0000000621495988,-1.0000002267240329,1.0000001979466893,1.0000003026124529,1.000000122232662,1.0000000003883804,-1.0000003942971305,-1.000000527821098,-1.0000005278210973,-1.0000000725425309
-1.0000000278810015,1.0000000477753606,0.9999999767893556,0.9999997333559607,-0.9999999355973256,-0.9999995679933736,1.000000222898517,-1.000000388228823,-1.0000000694022122,1.000000222898516,-1.000000388228822,-1.0000000694022155,-1.000000259600826,1.0000003902106738,1.0000001248898558,-0.9999998549803252,0.9999996310342817,-0.9999997375805072,0.9999996310342816,-0.9999997557149736,0.9999998494955631,-0.9999999338143679,1.0000000983885422,-1.000000069611248,-1.0000001527297548,-0.9999999938971733,-1.0000003942971305,1.0000000002051945,1.000000421032962,1.000000421032963,0.9999999442070343
-1.0000001614048877,1.0000001812993866,1.000000110313195,0.9999998668801953,-1.0000000691214672,-0.9999997015176727,1.0000003564224855,-1.000000521752746,-1.0000002029262332,1.0000003564224875,-1.000000500205503,-1.0000002029262347,-1.0000003931247705,1.00000052373459,1.0000002584138494,-0.9999999885041925,0.9999997645577829,-0.9999998711040791,0.9999997645577817,-0.9999998892385389,0.9999999830191745,-1.0000000673380196,1.0000002319126482,-1.0000002031352786,-1.0000003078010635,-1.000000127421286,-1.000000527821098,1.000000421032962,1.0000000003957865,1.000000554556858,1.000000077731149
-1.0000001614048866,1.0000001812993868,1.000000110313195,0.9999998668801948,-1.0000000691214672,-0.9999997015176738,1.0000003564224864,-1.000000500205503,-1.0000002029262332,1.0000003564224882,-1.0000005217527452,-1.0000002029262343,-1.0000003931247703,1.0000005237345895,1.0000002584138494,-0.9999999885041926,0.9999997645577833,-0.9999998711040796,0.9999997645577822,-0.9999998892385406,0.9999999830191758,-1.0000000673380212,1.0000002319126482,-1.0000002031352786,-1.0000003078010635,-1.0000001274212855,-1.0000005278210973,1.000000421032963,1.000000554556858,1.0000000003957865,1.000000077731149
-0.9999996845790484,0.9999997044732146,0.9999996334875231,0.9999993900533305,-0.9999995707477096,-0.9999992246905757,0.9999998795964987,-1.0000000449269244,-0.9999997261001017,0.9999998795965007,-1.0000000449269244,-0.9999997261001032,-0.9999999162988531,1.0000000469087724,0.9999997815878082,-0.9999995116784491,0.9999992877328672,-0.9999993942790472,0.9999992877328685,-0.9999994124135045,0.9999995061940504,-0.999999590512752,0.99999975508641,-0.9999997263091355,-0.9999998309749841,-0.9999996290477129,-1.0000000725425309,0.9999999442070343,1.000000077731149,1.000000077731149,0.9999999997151664
