0.9999999998738381,-0.9999998510855425,0.9999997703131444,0.9999998793179228,0.9999998198345542,-0.9999998385202662,0.9999999080785757,-0.9999998527034758,-0.9999999191198917,0.9999996208919927,-0.9999996440330147,0.9999996208919936,0.9999996568255075,0.9999999783461997,-0.9999999517668248,0.9999999176127117,-0.9999999690276693,0.9999999515025504,-0.9999999170289743,1.0000001772195146,-1.0000001041669446,1.0000000139670677,1.000000013967066,-0.9999996613960991,-0.9999997031638259,0.9999998392848807,-0.9999999107939834,-0.9999999107939878
-0.9999998510855425,0.9999999998870441,-0.9999997979838894,-0.9999999070336141,-0.9999998290700859,0.9999998477715403,-0.9999999173751615,0.9999998619804431,0.9999999284265383,-0.9999996301289273,0.9999996532857645,-0.9999996301289289,-0.9999996661094964,-0.9999999877004595,0.9999999611048612,-0.9999999269578036,0.9999999783929048,-0.9999999608494744,0.9999999263773017,-1.0000001870532134,1.0000001139443895,-1.0000000236878888,-1.0000000236878868,0.9999996706248075,0.9999997125653327,-0.9999998488459549,0.9999999204357124,0.9999999204357165
0.9999997703131444,-0.9999997979838894,0.9999999997979399,0.9999998262661804,0.9999997667362205,-0.999999803856622,0.9999998550450909,-0.9999997996743771,-0.9999998661037988,0.9999995678258985,-0.9999995909849477,0.999999567825899,0.9999996038120523,0.9999999254629535,-0.9999998988282296,0.999999864684831,-0.9999999161633163,0.9999998985791486,-0.9999998641065894,1.0000001252824908,-1.000000052109799,0.9999999617960602,0.9999999617960583,-0.999999626696593,-0.9999996503755181,0.9999997868068552,-0.9999998584714221,-0.9999998584714279
0.9999998793179228,-0.9999999070336141,0.9999998262661804,0.9999999999537739,0.9999998757392442,-0.9999998944785132,0.9999999640945276,-0.9999999270872839,-0.9999999935821371,0.9999996767814516,-0.9999996999588324,0.9999996767814525,0.9999997128302801,1.0000000343681335,-1.0000000078019184,0.9999999736569896,-1.0000000250614578,1.0000000075468571,-0.999999973076696,1.000000233794371,-1.000000160700496,1.000000070451052,1.0000000704510483,-0.9999997173544385,-0.9999997593115985,0.9999998956042762,-0.9999999671983141,-0.9999999671983192
0.9999998198345542,-0.9999998290700859,0.9999997667362205,0.9999998757392442,0.999999999868727,-0.999999853379316,0.9999999044998917,-0.9999998491263564,-0.9999999155410842,0.9999996173199044,-0.9999996404631227,0.9999996173199053,0.9999996532622796,0.9999999747732455,-0.9999999481911765,0.9999999140371779,-0.9999999654549877,0.9999999479270008,-0.9999999134534843,1.0000001737176198,-1.0000001006595702,1.0000000104549729,1.0000000104549696,-0.9999996578246678,-0.9999996996178312,0.9999998357574986,-0.9999999072750946,-0.9999999072750988
-0.9999998385202662,0.9999998477715403,-0.999999803856622,-0.9999998944785132,-0.999999853379316,0.9999999998954398,-0.9999999416990927,0.9999998678626203,0.999999934315694,-0.9999996360073707,0.9999996591711677,-0.9999996360073727,-0.9999996720089147,-0.9999999936067483,0.9999999670050971,-0.9999999328594555,0.9999999843022542,-0.9999999667520538,0.9999999322798161,-1.0000001931494633,1.0000001200218125,-1.0000000297459568,-1.0000000297459548,0.9999996765015142,0.9999997185104371,-0.9999998548494293,0.9999999264672357,0.9999999264672408
0.9999999080785757,-0.9999999173751615,0.9999998550450909,0.9999999640945276,0.9999999044998917,-0.9999999416990927,0.9999999999949346,-0.9999999374363693,-1.0000000224034375,0.9999997055468767,-0.9999997287456233,0.9999997055468776,0.9999997416626094,1.0000000632093105,-1.000000055077346,1.0000000025000362,-1.000000053910273,1.0000000363909562,-1.000000001921917,1.000000263065709,-1.0000001899347155,1.000000099644791,1.0000000996447875,-0.9999997461420869,-0.9999997882507503,0.999999924674721,-0.9999999963324403,-0.9999999963324457
-0.9999998527034758,0.9999998619804431,-0.9999997996743771,-0.9999999270872839,-0.9999998491263564,0.9999998678626203,-0.9999999374363693,0.9999999999156917,0.9999999484759112,-0.9999996501648022,0.9999996733344467,-0.999999650164804,-0.9999996861969545,-1.000000007634751,0.9999999810942984,-0.9999999469436412,0.9999999983172885,-0.9999999808302469,0.9999999463601196,-1.0000002066434452,1.0000001336091844,-1.0000000434184362,-1.000000043418434,0.9999996907763868,0.9999997325792833,-0.9999998687241474,0.999999940242738,0.9999999402427412
-0.9999999191198917,0.9999999284265383,-0.9999998661037988,-0.9999999935821371,-0.9999999155410842,0.999999934315694,-1.0000000224034375,0.9999999484759112,1.000000000010732,-0.9999997165811971,0.9999997397857823,-0.9999997165812001,-0.9999997527169239,-1.0000000742438098,1.0000000476860615,-1.0000000135464797,1.0000000649445329,-1.0000000658737,1.000000012968281,-1.0000002740911378,1.000000200968787,-1.0000001106849479,-1.0000001106849454,0.999999757203696,0.9999997993056767,-0.9999999357231344,1.000000007377265,1.0000000073772692
0.9999996208919927,-0.9999996301289273,0.9999995678258985,0.9999996767814516,0.9999996173199044,-0.9999996360073707,0.9999997055468767,-0.9999996501648022,-0.9999997165811971,0.999999999584472,-0.9999994599761483,0.9999994183864279,0.9999994543986347,0.9999997757873266,-0.9999997492141616,0.9999997150650799,-0.9999997664651702,0.9999997489459003,-0.9999997144800353,0.9999999749276761,-0.999999901873053,0.9999998116848955,0.9999998116848926,-0.9999994589597919,-0.9999995008145788,0.9999996369789973,-0.9999997085099431,-0.999999708509946
-0.9999996440330147,0.9999996532857645,-0.9999995909849477,-0.9999996999588324,-0.9999996404631227,0.9999996591711677,-0.9999997287456233,0.9999996733344467,0.9999997397857823,-0.9999994599761483,0.9999999996175659,-0.999999459976143,-0.9999994960518037,-0.999999799015272,0.9999997724360731,-0.999999738295971,0.9999997897012579,-0.9999997721739534,0.9999997377132279,-0.9999999985975772,0.9999999255015346,-0.9999998352756786,-0.9999998352756759,0.9999994821321281,0.9999995241438508,-0.9999996604410031,0.9999997320400796,0.9999997320400829
0.9999996208919936,-0.9999996301289289,0.999999567825899,0.9999996767814525,0.9999996173199053,-0.9999996360073727,0.9999997055468776,-0.999999650164804,-0.9999997165812001,0.9999994183864279,-0.999999459976143,0.999999999584472,0.9999994543986357,0.9999997757873269,-0.9999997492141619,0.999999715065082,-0.9999997664651716,0.9999997489459006,-0.9999997144800364,0.9999999749276751,-0.9999999018730539,0.9999998116848966,0.9999998116848932,-0.9999994589597925,-0.9999995008145786,0.9999996369789971,-0.9999997085099426,-0.9999997085099469
0.9999996568255075,-0.9999996661094964,0.9999996038120523,0.9999997128302801,0.9999996532622796,-0.9999996720089147,0.9999997416626094,-0.9999996861969545,-0.9999997527169239,0.9999994543986347,-0.9999994960518037,0.9999994543986357,0.9999999996360913,0.9999998120420329,-0.9999997854314465,0.9999997513084204,-0.9999998027488315,0.9999997851846979,-0.9999997507314314,1.0000000129469908,-0.9999999397283157,0.9999998493844042,0.9999998493844027,-0.9999995134437388,-0.9999995559304652,0.9999996741822877,-0.9999997459742012,-0.9999997459742044
0.9999999783461997,-0.9999999877004595,0.9999999254629535,1.0000000343681335,0.9999999747732455,-0.9999999936067483,1.0000000632093105,-1.000000007634751,-1.0000000742438098,0.9999997757873266,-0.999999799015272,0.9999997757873269,0.9999998120420329,1.000000000095219,-1.0000001252453243,1.0000000726693308,-1.000000123961938,1.000000106544211,-1.000000072086186,1.0000003327251163,-1.0000002597145492,1.0000001695395149,1.0000001695395115,-0.9999998166256899,-0.9999998585588951,0.999999994788782,-1.0000000663471544,-1.0000000663471598
-0.9999999517668248,0.9999999611048612,-0.9999998988282296,-1.0000000078019184,-0.9999999481911765,0.9999999670050971,-1.000000055077346,0.9999999810942984,1.0000000476860615,-0.9999997492141616,0.9999997724360731,-0.9999997492141619,-0.9999997854314465,-1.0000001252453243,1.000000000057369,-1.0000000645993345,1.0000000975025192,-1.0000000800433893,1.0000000455819358,-1.0000003065353023,1.0000002334645242,-1.0000001432308845,-1.0000001432308812,0.9999997899627578,0.9999998320067018,-0.99999996835296,1.0000000399711293,1.000000039971133
0.9999999176127117,-0.9999999269578036,0.999999864684831,0.9999999736569896,0.9999999140371779,-0.9999999328594555,1.0000000025000362,-0.9999999469436412,-1.0000000135464797,0.9999997150650799,-0.999999738295971,0.999999715065082,0.9999997513084204,1.0000000726693308,-1.0000000645993345,1.0000000000085916,-1.0000000633651283,1.0000000459075193,-1.0000000298826135,1.00000027252654,-1.0000001994489152,1.0000001092052864,1.0000001092052828,-0.9999997558260334,-0.9999997979150738,0.9999999342973911,-1.00000000593122,-1.0000000059312235
-0.9999999690276693,0.9999999783929048,-0.9999999161633163,-1.0000000250614578,-0.9999999654549877,0.9999999843022542,-1.000000053910273,0.9999999983172885,1.0000000649445329,-0.9999997664651702,0.9999997897012579,-0.9999997664651716,-0.9999998027488315,-1.000000123961938,1.0000000975025192,-1.0000000633651283,1.0000000000819091,-1.000000115676074,1.0000000627821435,-1.0000003234700596,1.000000250461888,-1.0000001602873616,-1.000000160287359,0.9999998073322973,0.9999998492835419,-0.9999999855267225,1.0000000570912313,1.0000000570912366
0.9999999515025504,-0.9999999608494744,0.9999998985791486,1.0000000075468571,0.9999999479270008,-0.9999999667520538,1.0000000363909562,-0.9999999808302469,-1.0000000658737,0.9999997489459003,-0.9999997721739534,0.9999997489459006,0.9999997851846979,1.000000106544211,-1.0000000800433893,1.0000000459075193,-1.000000115676074,1.000000000057004,-1.00000006376453,1.000000306302619,-1.0000002332354443,1.0000001430036138,1.0000001430036116,-0.999999789717811,-0.9999998317700968,0.9999999681221853,-1.0000000397428892,-1.0000000397428932
-0.9999999170289743,0.9999999263773017,-0.9999998641065894,-0.999999973076696,-0.9999999134534843,0.9999999322798161,-1.000000001921917,0.9999999463601196,1.000000012968281,-0.9999997144800353,0.9999997377132279,-0.9999997144800364,-0.9999997507314314,-1.000000072086186,1.0000000455819358,-1.0000000298826135,1.0000000627821435,-1.00000006376453,1.000000000007763,-1.0000002719574204,1.000000198880823,-1.0000001086375867,-1.0000001086375856,0.999999755249374,0.999999797342416,-0.9999999337276568,1.0000000053628044,1.0000000053628075
1.0000001772195146,-1.0000001870532134,1.0000001252824908,1.000000233794371,1.0000001737176198,-1.0000001931494633,1.000000263065709,-1.0000002066434452,-1.0000002740911378,0.9999999749276761,-0.9999999985975772,0.9999999749276751,1.0000000129469908,1.0000003327251163,-1.0000003065353023,1.00000027252654,-1.0000003234700596,1.000000306302619,-1.0000002719574204,1.00000000038506,-1.0000004841587808,1.0000003753319389,1.0000003753319349,-1.0000000170701018,-1.0000000612967441,1.0000001991876646,-1.0000002715587513,-1.0000002715587555
-1.0000001041669446,1.0000001139443895,-1.000000052109799,-1.000000160700496,-1.0000001006595702,1.0000001200218125,-1.0000001899347155,1.0000001336091844,1.000000200968787,-0.999999901873053,0.9999999255015346,-0.9999999018730539,-0.9999999397283157,-1.0000002597145492,1.0000002334645242,-1.0000001994489152,1.000000250461888,-1.0000002332354443,1.000000198880823,-1.0000004841587808,1.0000000002803713,-1.0000003204540149,-1.0000003204540087,0.9999999438377511,0.9999999879999746,-1.0000001258683533,1.0000001982316546,1.0000001982316589
1.0000000139670677,-1.0000000236878888,0.9999999617960602,1.000000070451052,1.0000000104549729,-1.0000000297459568,1.000000099644791,-1.0000000434184362,-1.0000001106849479,0.9999998116848955,-0.9999998352756786,0.9999998116848966,0.9999998493844042,1.0000001695395149,-1.0000001432308845,1.0000001092052864,-1.0000001602873616,1.0000001430036138,-1.0000001086375867,1.0000003753319389,-1.0000003204540149,1.000000000151152,1.000000211568019,-0.9999998534750669,-0.9999998975808201,1.00000003542512,-1.0000001262133031,-1.0000001077761382
1.000000013967066,-1.0000000236878868,0.9999999617960583,1.0000000704510483,1.0000000104549696,-1.0000000297459548,1.0000000996447875,-1.000000043418434,-1.0000001106849454,0.9999998116848926,-0.9999998352756759,0.9999998116848932,0.9999998493844027,1.0000001695395115,-1.0000001432308812,1.0000001092052828,-1.000000160287359,1.0000001430036116,-1.0000001086375856,1.0000003753319349,-1.0000003204540087,1.000000211568019,1.000000000151152,-0.9999998534750661,-0.9999998975808168,1.0000000354251168,-1.000000107776131,-1.0000001262133058
-0.9999996613960991,0.9999996706248075,-0.999999626696593,-0.9999997173544385,-0.9999996578246678,0.9999996765015142,-0.9999997461420869,0.9999996907763868,0.999999757203696,-0.9999994589597919,0.9999994821321281,-0.9999994589597925,-0.9999995134437388,-0.9999998166256899,0.9999997899627578,-0.9999997558260334,0.9999998073322973,-0.999999789717811,0.999999755249374,-1.0000000170701018,0.9999999438377511,-0.9999998534750669,-0.9999998534750661,0.9999999996423362,0.9999995417228081,-0.9999996783283238,0.9999997500782797,0.9999997500782821
-0.9999997031638259,0.9999997125653327,-0.9999996503755181,-0.9999997593115985,-0.9999996996178312,0.9999997185104371,-0.9999997882507503,0.9999997325792833,0.9999997993056767,-0.9999995008145788,0.9999995241438508,-0.9999995008145786,-0.9999995559304652,-0.9999998585588951,0.9999998320067018,-0.9999997979150738,0.9999998492835419,-0.9999998317700968,0.999999797342416,-1.0000000612967441,0.9999999879999746,-0.9999998975808201,-0.9999998975808168,0.9999995417228081,0.9999999997033889,-0.9999997404225546,0.9999997940016588,0.9999997940016618
0.9999998392848807,-0.9999998488459549,0.9999997868068552,0.9999998956042762,0.9999998357574986,-0.9999998548494293,0.999999924674721,-0.9999998687241474,-0.9999999357231344,0.9999996369789973,-0.9999996604410031,0.9999996369789971,0.9999996741822877,0.999999994788782,-0.99999996835296,0.9999999342973911,-0.9999999855267225,0.9999999681221853,-0.9999999337276568,1.0000001991876646,-1.0000001258683533,1.00000003542512,1.0000000354251168,-0.9999996783283238,-0.9999997404225546,0.9999999998996353,-0.9999999501609137,-0.9999999501609207
-0.9999999107939834,0.9999999204357124,-0.9999998584714221,-0.9999999671983141,-0.9999999072750946,0.9999999264672357,-0.9999999963324403,0.999999940242738,1.000000007377265,-0.9999997085099431,0.9999997320400796,-0.9999997085099426,-0.9999997459742012,-1.0000000663471544,1.0000000399711293,-1.00000000593122,1.0000000570912313,-1.0000000397428892,1.0000000053628044,-1.0000002715587513,1.0000001982316546,-1.0000001262133031,-1.000000107776131,0.9999997500782797,0.9999997940016588,-0.9999999501609137,1.0000000000028688,1.000000004016132
-0.9999999107939878,0.9999999204357165,-0.9999998584714279,-0.9999999671983192,-0.9999999072750988,0.9999999264672408,-0.9999999963324457,0.9999999402427412,1.0000000073772692,-0.999999708509946,0.9999997320400829,-0.9999997085099469,-0.9999997459742044,-1.0000000663471598,1.000000039971133,-1.0000000059312235,1.0000000570912366,-1.0000000397428932,1.0000000053628075,-1.0000002715587555,1.0000001982316589,-1.0000001077761382,-1.0000001262133058,0.9999997500782821,0.9999997940016618,-0.9999999501609207,1.000000004016132,1.0000000000028688
