1.0000000030074334,-1.0000009897317932,0.9905475994653117,-0.9905030060457727,-0.9905666038291978,-0.9905666038291915,0.9904524352039505,0.990454401644365,-0.961882291995557,0.9148292431537954,0.9905782200649008,0.9905782200649034,-0.990582126485215,-0.9147774785727645,-0.6491083283637027,0.5652275957713666,0.12567684926643957,-0.673762896463124,0.5567705588108867,-0.8502654090355011,-0.2398962406565617,0.7693916967920604,-0.4568933519696041,0.3507983362181298
-1.0000009897317932,0.9999999989562361,-0.990547572182733,0.9905029853327971,0.9905665737583905,0.9905665737583843,-0.9904520399533281,-0.9904484279747279,0.9618851034482309,-0.9148348258479897,-0.9905781882856876,-0.9905781882856887,0.9905820941305669,0.9147830638446838,0.6490910983852127,-0.5652426890214425,-0.12565641853738915,0.67377594237432,-0.5567521741153599,0.8502736535158131,0.23987591717773601,-0.7694024450761267,0.45687405899998784,-0.3507783938881068
0.9905475994653117,-0.990547572182733,1.0000000035509036,-1.0000041126543147,-1.0000048565456607,-1.0000048565456536,1.0000033453071122,0.9621818706083409,-0.9903082043781211,0.961587045859555,1.0000053798372612,1.000005379837263,-1.0000054211806608,-0.9615522604891026,-0.5386022177741767,0.6730668811851717,-0.011626694831594049,-0.7687770907188144,0.43753624932242713,-0.9144424947857386,-0.10443175955398536,0.8497581258999767,-0.3305284080692115,0.21899774295557822
-0.9905030060457727,0.9905029853327971,-1.0000041126543147,1.0000000029566918,1.0000047277308755,1.0000047277308677,-1.000002715822204,-0.9620938085703407,0.9903524254513023,-0.9616748930701634,-1.000004842235449,-1.0000048422354502,1.0000048745214156,0.9616401482714699,0.5383309621942344,-0.6733044549647591,0.011948316254231987,0.7689824315832262,-0.4372468199098184,0.9145722457715908,0.10411182215203196,-0.8499272943449658,0.33022468456079923,-0.21868380134720203
-0.9905666038291978,0.9905665737583905,-1.0000048565456607,1.0000047277308755,1.0000000039608348,1.0000055341361378,-1.0000035293274128,-0.96221932151996,0.9902895144117447,-0.9615498379854988,-1.000005305047723,-1.0000056869441454,1.000005732131669,0.9615150353929431,0.538717385560085,-0.6729661041505011,0.011490194399633648,0.7686900014116282,-0.4376591223998892,0.9143874985481151,0.10456755442205316,-0.8496863951470625,0.33065733934582714,-0.21913100215545026
-0.9905666038291915,0.9905665737583843,-1.0000048565456536,1.0000047277308677,1.0000055341361378,1.0000000039608348,-1.0000035293274063,-0.962219321519954,0.9902895144117374,-0.9615498379854913,-1.000005686944137,-1.0000053050477147,1.0000057321316627,0.9615150353929361,0.538717385560082,-0.6729661041504954,0.011490194399632933,0.768690001411622,-0.4376591223998866,0.9143874985481092,0.10456755442205293,-0.8496863951470559,0.3306573393458255,-0.21913100215544934
0.9904524352039505,-0.9904520399533281,1.0000033453071122,-1.000002715822204,-1.0000035293274128,-1.0000035293274063,1.000000001570301,0.9619945649925132,-0.9904009566379703,0.9617726910866138,1.0000036137108732,1.0000036137108743,-1.0000036358512934,-0.9617379917555358,-0.5380267833415288,0.6735701469102479,-0.012308566769013037,-0.7692119585272744,0.43692234730306667,-0.9147170109910877,-0.10375338526709767,0.8501162527562275,-0.32988426773137275,0.21833200877331246
0.990454401644365,-0.9904484279747279,0.9621818706083409,-0.9620938085703407,-0.96221932151996,-0.962219321519954,0.9619945649925132,0.9999999886129979,-0.9150116875167014,0.850443424136722,0.9622422411124685,0.9622422411124704,-0.9622499549684017,-0.850375210778852,-0.747729853259811,0.4461541890754635,0.26118248131069643,-0.5655029306620551,0.6659173362720008,-0.7696144777736087,-0.3713792497290302,0.6740215911404535,-0.5751041085426104,0.4764891634437687
-0.961882291995557,0.9618851034482309,-0.9903082043781211,0.9903524254513023,0.9902895144117447,0.9902895144117374,-0.9904009566379703,-0.9150116875167014,1.0000000031582994,-0.9903978525426947,-0.9902780346181329,-0.9902780346181342,0.9902741617111487,0.9903813111928932,0.41633209738092963,-0.7692849424854992,0.150425559898956,0.8501648868441639,-0.3083764196798146,0.9617996921243269,-0.03474174406842042,-0.9147540256255273,0.1962109538287757,-0.08132604072034356
0.9148292431537954,-0.9148348258479897,0.961587045859555,-0.9616748930701634,-0.9615498379854988,-0.9615498379854913,0.9617726910866138,0.850443424136722,-0.9903978525426947,1.0000000014733805,0.9615270127309842,0.9615270127309855,-0.9615193185652757,-1.000002857469976,-0.28662024638447464,0.8502363086114499,-0.28567450220837687,-0.9147983050157473,0.17388615111682568,-0.9904125729648615,0.17259124665514688,0.9618289207444386,-0.0587472671363845,-0.05726380722972044
0.9905782200649008,-0.9905781882856876,1.0000053798372612,-1.000004842235449,-1.000005305047723,-1.000005686944137,1.0000036137108732,0.9622422411124685,-0.9902780346181329,0.9615270127309842,1.000000004184572,1.000005846744993,-1.0000055123914569,-0.9614921995871235,-0.5387879357822618,0.6729043370423318,-0.011406557648298921,-0.7686366183202639,0.43773439666845054,-0.9143537753609668,-0.1046507555683725,0.8496424202378422,-0.33073632862439356,0.21921264639927265
0.9905782200649034,-0.9905781882856887,1.000005379837263,-1.0000048422354502,-1.0000056869441454,-1.0000053050477147,1.0000036137108743,0.9622422411124704,-0.9902780346181342,0.9615270127309855,1.000005846744993,1.000000004184572,-1.0000055123914626,-0.9614921995871261,-0.5387879357822637,0.6729043370423315,-0.011406557648297629,-0.7686366183202645,0.43773439666845204,-0.914353775360967,-0.10465075556837407,0.8496424202378422,-0.3307363286243954,0.21921264639927412
-0.990582126485215,0.9905820941305669,-1.0000054211806608,1.0000048745214156,1.000005732131669,1.0000057321316627,-1.0000036358512934,-0.9622499549684017,0.9902741617111487,-0.9615193185652757,-1.0000055123914569,-1.0000055123914626,1.0000000042531934,0.9614845018676883,0.5388116955039475,-0.6728835280845668,0.01137838659493124,0.7686186327108655,-0.4377597482037338,0.914342410791148,0.10467877916982203,-0.849627603034217,0.33076293214154534,-0.21924014487673804
-0.9147774785727645,0.9147830638446838,-0.9615522604891026,0.9616401482714699,0.9615150353929431,0.9615150353929361,-0.9617379917555358,-0.850375210778852,0.9903813111928932,-1.000002857469976,-0.9614921995871235,-0.9614921995871261,0.9614845018676883,1.0000000031757672,0.2864952231574227,-0.8503058136309428,0.28580023983897723,0.9148522384055584,-0.17375749720942577,0.9904322015660951,-0.17272033967837083,-0.9618658651947547,0.058616709782279584,0.057394512926442216
-0.6491083283637027,0.6490910983852127,-0.5386022177741767,0.5383309621942344,0.538717385560085,0.538717385560082,-0.5380267833415288,-0.747729853259811,0.41633209738092963,-0.28662024638447464,-0.5387879357822618,-0.5387879357822637,0.5388116955039475,0.2864952231574227,0.9999999856655296,0.2606291811204452,-0.8362319489610658,-0.12476335962417046,-0.9932750853334258,0.15151984219575376,0.8941881074926438,-0.013506805126789877,0.9732150776485609,-0.9400472640088097
0.5652275957713666,-0.5652426890214425,0.6730668811851717,-0.6733044549647591,-0.6729661041505011,-0.6729661041504954,0.6735701469102479,0.4461541890754635,-0.7692849424854992,0.8502363086114499,0.6729043370423318,0.6729043370423315,-0.6728835280845668,-0.8503058136309428,0.2606291811204452,1.0000000094920296,-0.7473692289359849,-0.9904187975748155,-0.3705501650026759,-0.9148073587946536,0.6652580367986374,0.9618371650138943,0.4755557956471289,-0.5742381588074944
0.12567684926643957,-0.12565641853738915,-0.011626694831594049,0.011948316254231987,0.011490194399633648,0.011490194399632933,-0.012308566769013037,0.26118248131069643,0.150425559898956,-0.28567450220837687,-0.011406557648298921,-0.011406557648297629,0.01137838659493124,0.28580023983897723,-0.8362319489610658,-0.7473692289359849,1.000000003852273,0.6484159818699388,0.8940527278495324,0.4153279737336445,-0.9932518410978819,-0.5370226202333722,-0.9398895753430359,0.973114179343736
-0.673762896463124,0.67377594237432,-0.7687770907188144,0.7689824315832262,0.7686900014116282,0.768690001411622,-0.7692119585272744,-0.5655029306620551,0.8501648868441639,-0.9147983050157473,-0.7686366183202639,-0.7686366183202645,0.7686186327108655,0.9148522384055584,-0.12476335962417046,-0.9904187975748155,0.6484159818699388,1.0000000000593758,0.23868830853825226,0.9618266634141683,-0.5557372920564985,-0.9904107700284152,-0.3494728196925553,0.45563443017870503
0.5567705588108867,-0.5567521741153599,0.43753624932242713,-0.4372468199098184,-0.4376591223998892,-0.4376591223998866,0.43692234730306667,0.6659173362720008,-0.3083764196798146,0.17388615111682568,0.43773439666845054,0.43773439666845204,-0.4377597482037338,-0.17375749720942577,-0.9932750853334258,-0.3705501650026759,0.8940527278495324,0.23868830853825226,0.9999999959584529,-0.036174161491645325,-0.9399728633347552,-0.10223845539565886,-0.9932746759461372,0.9731879431886361
-0.8502654090355011,0.8502736535158131,-0.9144424947857386,0.9145722457715908,0.9143874985481151,0.9143874985481092,-0.9147170109910877,-0.7696144777736087,0.9617996921243269,-0.9904125729648615,-0.9143537753609668,-0.914353775360967,0.914342410791148,0.9904322015660951,0.15151984219575376,-0.9148073587946536,0.4153279737336445,0.9618266634141683,-0.036174161491645325,1.0000000007923926,-0.30701254131969324,-0.9904110189435135,-0.07972670645936378,0.1946373442752012
-0.2398962406565617,0.23987591717773601,-0.10443175955398536,0.10411182215203196,0.10456755442205316,0.10456755442205293,-0.10375338526709767,-0.3713792497290302,-0.03474174406842042,0.17259124665514688,-0.1046507555683725,-0.10465075556837407,0.10467877916982203,-0.17272033967837083,0.8941881074926438,0.6652580367986374,-0.9932518410978819,-0.5557372920564985,-0.9399728633347552,-0.30701254131969324,0.9999999984012901,0.43555255626945777,0.9731496068909734,-0.9932572626842109
0.7693916967920604,-0.7694024450761267,0.8497581258999767,-0.8499272943449658,-0.8496863951470625,-0.8496863951470559,0.8501162527562275,0.6740215911404535,-0.9147540256255273,0.9618289207444386,0.8496424202378422,0.8496424202378422,-0.849627603034217,-0.9618658651947547,-0.013506805126789877,0.9618371650138943,-0.5370226202333722,-0.9904107700284152,-0.10223845539565886,-0.9904110189435135,0.43555255626945777,1.000000000632709,0.21667856190271798,-0.32828491582044506
-0.4568933519696041,0.45687405899998784,-0.3305284080692115,0.33022468456079923,0.33065733934582714,0.3306573393458255,-0.32988426773137275,-0.5751041085426104,0.1962109538287757,-0.0587472671363845,-0.33073632862439356,-0.3307363286243954,0.33076293214154534,0.058616709782279584,0.9732150776485609,0.4755557956471289,-0.9398895753430359,-0.3494728196925553,-0.9932746759461372,-0.07972670645936378,0.9731496068909734,0.21667856190271798,0.9999999965298314,-0.9932661866404581
0.3507983362181298,-0.3507783938881068,0.21899774295557822,-0.21868380134720203,-0.21913100215545026,-0.21913100215544934,0.21833200877331246,0.4764891634437687,-0.08132604072034356,-0.05726380722972044,0.21921264639927265,0.21921264639927412,-0.21924014487673804,0.057394512926442216,-0.9400472640088097,-0.5742381588074944,0.973114179343736,0.45563443017870503,0.9731879431886361,0.1946373442752012,-0.9932572626842109,-0.32828491582044506,-0.9932661866404581,0.9999999975199633
