1.0000000001175833,-0.9972128955341567,-0.9972130960315297,0.9826094884183888,0.9937295125172054,1.0000004128802624,0.9888679841045419,0.9555944081712353,-0.9555945365771501,0.5710186820004624,-0.9937288120344847,-0.9888594906501642,-1.0000003250990932,-0.9972135387051774,-0.6594620436928025,0.05614868564062697,0.6594617147851418,-0.988867836782594,0.9972135937374236
-0.9972128955341567,0.9999999999193352,0.9888677433853648,-0.9937240256524813,-0.9993011819589962,-0.997213136327632,-0.9750105648323164,-0.9309456295716659,0.9309457596281405,-0.5081798005763984,0.9993006226277799,0.9972085818302445,0.9972132240196869,0.9888679983940463,0.7137087494132758,-0.13048119640652822,-0.7137084193371762,0.9750103912923956,-0.9888680321772252
-0.9972130960315297,0.9888677433853648,1.000000000233435,-0.9660176690348903,-0.9826185964563549,-0.9972135169365085,-0.9972133205680725,-0.9749167726357949,0.9749168986754145,-0.6306749089643354,0.9826179235732792,0.9749984538973034,0.9972134190179446,1.0000006242055393,0.6015393037118882,0.018497049620895146,-0.6015389778060108,0.9972133651319288,-1.0000007001801767
0.9826094884183888,-0.9937240256524813,-0.9660176690348903,1.0000000000740594,0.9972085202267515,0.9826097142100606,0.9440413451291856,0.8842575522565111,-0.8842575185815442,0.40865279788195574,-0.997207768093704,-0.9993014164202352,-0.9826096537945437,-0.9660178871657608,-0.7875796991715429,0.24056406736708405,0.7875795356407435,-0.944041134094617,0.9660178887367388
0.9937295125172054,-0.9993011819589962,-0.9826185964563549,0.9972085202267515,0.9999999990732285,0.9937297486377576,0.9660306486058178,0.9166547949074247,-0.9166549255179242,0.47565257745320944,-0.999997809897206,-0.9993007216690366,-0.9937296769658006,-0.9826188395065095,-0.7393754042697612,0.16742594083665205,0.7393750742998475,-0.9660304623023309,0.9826188625800956
1.0000004128802624,-0.997213136327632,-0.9972135169365085,0.9826097142100606,0.9937297486377576,1.0000000004753307,0.9888682456740002,0.9555946763768526,-0.9555948047828534,0.5710189082390875,-0.9937290481552468,-0.9888597217676557,-1.0000004093722303,-0.9972136299167369,-0.6594621310714404,0.05614859748436769,0.6594618021636448,-0.9888680983518413,0.9972138497952444
0.9888679841045419,-0.9750105648323164,-0.9972133205680725,0.9440413451291856,0.9660306486058178,0.9888682456740002,1.0000000004460077,0.9888050607324719,-0.9888050188566803,0.6868158655485593,-0.9660300070728911,-0.955702856935004,-0.9888681381638937,-0.9972136392678765,-0.5402635912438754,-0.09303974833452544,0.5402632701563687,-1.0000003637427617,0.99721390060812
0.9555944081712353,-0.9309456295716659,-0.9749167726357949,0.8842575522565111,0.9166547949074247,0.9555946763768526,0.9888050607324719,0.9999999995943321,-0.9999993849443645,0.7875794267421261,-0.9166542268322279,-0.9010849285183543,-0.9555945514870692,-0.9749171251972605,-0.40865270513200297,-0.24056410154002622,0.4086523990658561,-0.9888050251315628,0.9749172611112221
-0.9555945365771501,0.9309457596281405,0.9749168986754145,-0.8842575185815442,-0.9166549255179242,-0.9555948047828534,-0.9888050188566803,-0.9999993849443645,0.9999999997591478,-0.7875793131173645,0.9166543574425604,0.9010850595007764,0.9555946798930933,0.9749172512369741,0.4086528100482637,0.2405640674517682,-0.4086525039820815,0.9888051481023464,-0.974917387151
0.5710186820004624,-0.5081798005763984,-0.6306749089643354,0.40865279788195574,0.47565257745320944,0.5710189082390875,0.6868158655485593,0.7875794267421261,-0.7875793131173645,0.9999999995129399,-0.4756524596732194,-0.4424614508438817,-0.5710187438776593,-0.6306753101742566,0.2405640796932343,-0.7875792709191309,-0.2405642445612746,-0.6868160744348191,0.6306755737283972
-0.9937288120344847,0.9993006226277799,0.9826179235732792,-0.997207768093704,-0.999997809897206,-0.9937290481552468,-0.9660300070728911,-0.9166542268322279,0.9166543574425604,-0.4756524596732194,0.9999999980184177,0.9993001426670003,0.9937289764835272,0.9826181666237391,0.739374683907264,-0.16742555828361272,-0.7393743539376513,0.9660298207698578,-0.9826181896977516
-0.9888594906501642,0.9972085818302445,0.9749984538973034,-0.9993014164202352,-0.9993007216690366,-0.9888597217676557,-0.955702856935004,-0.9010849285183543,0.9010850595007764,-0.4424614508438817,0.9993001426670003,0.9999999992758272,0.9888596556778694,0.9749986846489614,0.7640107058535507,-0.20413740767394983,-0.7640103764500834,0.9557026581273383,-0.9749986969799742
-1.0000003250990932,0.9972132240196869,0.9972134190179446,-0.9826096537945437,-0.9937296769658006,-1.0000004093722303,-0.9888681381638937,-0.9555945514870692,0.9555946798930933,-0.5710187438776593,0.9937289764835272,0.9888596556778694,1.0000000003492722,0.9972136968444274,0.6594621777907292,-0.05614873149021276,-0.6594618488829221,0.9888679908415678,-0.9972137518761035
-0.9972135387051774,0.9888679983940463,1.0000006242055393,-0.9660178871657608,-0.9826188395065095,-0.9972136299167369,-0.9972136392678765,-0.9749171251972605,0.9749172512369741,-0.6306753101742566,0.9826181666237391,0.9749986846489614,0.9972136968444274,1.0000000006629506,0.6015392648095096,0.018497329029069448,-0.6015389389034862,0.9972136838315541,-1.000000834429983
-0.6594620436928025,0.7137087494132758,0.6015393037118882,-0.7875796991715429,-0.7393754042697612,-0.6594621310714404,-0.5402635912438754,-0.40865270513200297,0.4086528100482637,0.2405640796932343,0.739374683907264,0.7640107058535507,0.6594621777907292,0.6015392648095096,0.999999999918847,-0.7875794692576187,-0.9999994842173229,0.5402632257795,-0.6015390885385157
0.05614868564062697,-0.13048119640652822,0.018497049620895146,0.24056406736708405,0.16742594083665205,0.05614859748436769,-0.09303974833452544,-0.24056410154002622,0.2405640674517682,-0.7875792709191309,-0.16742555828361272,-0.20413740767394983,-0.05614873149021276,0.018497329029069448,-0.7875794692576187,0.9999999996317086,0.7875795877315875,0.09304011296462901,-0.018497608254894517
0.6594617147851418,-0.7137084193371762,-0.6015389778060108,0.7875795356407435,0.7393750742998475,0.6594618021636448,0.5402632701563687,0.4086523990658561,-0.4086525039820815,-0.2405642445612746,-0.7393743539376513,-0.7640103764500834,-0.6594618488829221,-0.6015389389034862,-0.9999994842173229,0.7875795877315875,0.9999999995771945,-0.5402629046920201,0.6015387626324268
-0.988867836782594,0.9750103912923956,0.9972133651319288,-0.944041134094617,-0.9660304623023309,-0.9888680983518413,-1.0000003637427617,-0.9888050251315628,0.9888051481023464,-0.6868160744348191,0.9660298207698578,0.9557026581273383,0.9888679908415678,0.9972136838315541,0.5402632257795,0.09304011296462901,-0.5402629046920201,1.0000000003130687,-0.9972137803250969
0.9972135937374236,-0.9888680321772252,-1.0000007001801767,0.9660178887367388,0.9826188625800956,0.9972138497952444,0.99721390060812,0.9749172611112221,-0.974917387151,0.6306755737283972,-0.9826181896977516,-0.9749986969799742,-0.9972137518761035,-1.000000834429983,-0.6015390885385157,-0.018497608254894517,0.6015387626324268,-0.9972137803250969,1.0000000007720524
