1.0000000069882302,-0.9865931153414101,-0.9866266833706494,0.9466566084763867,0.9700910949891178,0.9700910949891222,0.6413501788698326,-0.7580033789021671,-0.5076884518043234,0.8543955856295908,0.435905316141398,0.4359053161413978,-0.49493166250419396,0.49497215338902356,-0.6279923419868827,-0.3492204552953441,0.349272517243617,0.19432829759699316,-0.905915765985655,-0.927670030025738,-0.8814574697202182,0.7448318062426545,-0.8424536358959995,0.9182534704960832,-0.03425456556421668,-0.1269326218130461,0.28508995781385754,0.9059133496979066,-0.9472246062350792,-0.9472246062350791,-0.3615301793814813,-0.3615301793814813
-0.9865931153414101,1.0000000083910872,0.946779783058923,-0.986566812939335,-0.9174471854434982,-0.9174471854435021,-0.7580033789021687,0.8543187864470424,0.6415271677010899,-0.9277662490517453,-0.5769838202619106,-0.5769838202619111,0.3464372330288424,-0.346482732730085,0.49252343416864053,0.19156352011584166,-0.19161639463478078,-0.03158271671474047,0.9628962047926228,0.9761859395569493,0.9467323591500003,-0.62591101565457,0.7431981363949441,-0.8412891786479394,-0.12936023018952864,0.28716073879666215,-0.43774234377719523,-0.9628936365252958,0.8821827341447636,0.8821827341447641,0.5088903264253637,0.5088903264253636
-0.9866266833706494,0.946779783058923,1.0000000020140418,-0.8814525001926086,-0.9966829783864346,-0.9966829783864407,-0.5076884518043316,0.6415271677010966,0.3604444667591445,-0.7582506827221583,-0.28335386724246237,-0.2833538672424614,0.629963941689987,-0.6299983466214262,0.7464545731926386,0.4973039563597475,-0.4973538128462463,-0.35164074454025795,0.8247584216839424,0.8543827640701346,0.7926722904139337,-0.8436407140890056,0.9190110283904568,-0.9705214554629195,0.1967212273904416,-0.03646818223392293,-0.12501928073818633,-0.8247562218610719,0.9868112500632293,0.9868112500632289,0.20469746461484656,0.2046974646148469
0.9466566084763867,-0.986566812939335,-0.8814525001926086,1.0000000051251068,0.8401012924506677,0.8401012924506717,0.854395585629585,-0.9277662490517407,-0.7582506827221457,0.9762741060635528,0.7026882015746251,0.7026882015746249,-0.18849621618089213,0.18854550667797626,-0.34369439900713505,-0.028613242932781,0.02866550995106439,-0.13216195958682517,-0.9940526793859346,-0.9985129444377762,-0.986627308933449,0.4900610464763206,-0.6238799341935681,0.7416469174682022,0.2896501206328321,-0.43982045883150483,0.578772953420072,0.9940520372122609,-0.7933750342206701,-0.7933750342206712,-0.6427119415231627,-0.6427119415231628
0.9700910949891178,-0.9174471854434982,-0.9966829783864346,0.8401012924506677,0.9999999987343672,0.9999982261181573,0.4359053161413999,-0.576983820261911,-0.28335386724245554,0.7026882015746316,0.20438468689051018,0.20438468689050965,-0.6910628135031681,0.6910938371638741,-0.7981193500630862,-0.5662422706968461,0.5662905282441686,0.42664076022136843,-0.7760115619477485,-0.8092677931039733,-0.7404390444792429,0.8845254535577168,-0.9480369859704955,0.9869099554189347,-0.27584176204093075,0.11765631473721869,0.043879491247257436,0.7760094921437662,-0.9967057646508348,-0.9967077738511114,-0.12437752059759885,-0.12437752059759902
0.9700910949891222,-0.9174471854435021,-0.9966829783864407,0.8401012924506717,0.9999982261181573,0.9999999987343672,0.4359053161414018,-0.5769838202619136,-0.2833538672424565,0.7026882015746351,0.2043846868905115,0.2043846868905104,-0.6910628135031704,0.6910938371638764,-0.7981193500630894,-0.5662422706968485,0.5662905282441701,0.4266407602213703,-0.7760115619477511,-0.8092677931039768,-0.7404390444792458,0.8845254535577197,-0.9480369859705003,0.986909955418938,-0.27584176204093164,0.11765631473721909,0.043879491247257645,0.7760094921437702,-0.9967077738511149,-0.9967057646508387,-0.1243775205975992,-0.12437752059759978
0.6413501788698326,-0.7580033789021687,-0.5076884518043316,0.854395585629585,0.4359053161413999,0.4359053161414018,1.0000000069882302,-0.9865931153414089,-0.9866266833706439,0.946656608476386,0.9700910949891169,0.9700910949891188,0.34927251724359976,-0.349220455295329,0.1943282975969806,0.49497215338900946,-0.4949316625041794,-0.6279923419868697,-0.905915765985657,-0.8814574697202239,-0.9276700300257363,-0.03425456556420144,-0.12693262181305415,0.2850899578138625,0.7448318062426427,-0.8424536358959956,0.9182534704960762,0.9059133496979058,-0.361530179381488,-0.3615301793814894,-0.9472246062350752,-0.9472246062350739
-0.7580033789021671,0.8543187864470424,0.6415271677010966,-0.9277662490517407,-0.576983820261911,-0.5769838202619136,-0.9865931153414089,1.0000000083910872,0.9467797830589177,-0.986566812939339,-0.9174471854434963,-0.9174471854434983,-0.1916163946347635,0.19156352011582628,-0.03158271671472756,-0.3464827327300701,0.3464372330288265,0.492523434168627,0.9628962047926231,0.9467323591500046,0.976185939556946,-0.12936023018954304,0.2871607387966689,-0.4377423437772005,-0.6259110156545569,0.7431981363949379,-0.8412891786479317,-0.9628936365252948,0.5088903264253687,0.5088903264253702,0.882182734144759,0.8821827341447583
-0.5076884518043234,0.6415271677010899,0.3604444667591445,-0.7582506827221457,-0.28335386724245554,-0.2833538672424565,-0.9866266833706439,0.9467797830589177,1.0000000020140418,-0.8814525001926031,-0.9966829783864328,-0.9966829783864378,-0.4973538128462367,0.4973039563597405,-0.35164074454025446,-0.6299983466214196,0.6299639416899813,0.7464545731926301,0.8247584216839404,0.7926722904139322,0.8543827640701271,0.19672122739043552,-0.03646818223392413,-0.1250192807381818,-0.8436407140889991,0.9190110283904549,-0.9705214554629132,-0.8247562218610661,0.2046974646148438,0.20469746461484573,0.9868112500632259,0.9868112500632258
0.8543955856295908,-0.9277662490517453,-0.7582506827221583,0.9762741060635528,0.7026882015746316,0.7026882015746351,0.946656608476386,-0.986566812939339,-0.8814525001926031,1.0000000051251068,0.8401012924506661,0.840101292450667,0.02866550995104121,-0.028613242932759783,-0.13216195958684485,0.18854550667795583,-0.18849621618087026,-0.343694399007117,-0.9940526793859378,-0.9866273089334555,-0.9985129444377754,0.2896501206328528,-0.4398204588315177,0.5787729534200843,0.490061046476303,-0.6238799341935584,0.7416469174681937,0.9940520372122639,-0.6427119415231748,-0.6427119415231766,-0.7933750342206639,-0.7933750342206635
0.435905316141398,-0.5769838202619106,-0.28335386724246237,0.7026882015746251,0.20438468689051018,0.2043846868905115,0.9700910949891169,-0.9174471854434963,-0.9966829783864328,0.8401012924506661,0.9999999987343672,0.9999982261181563,0.5662905282441549,-0.566242270696835,0.4266407602213599,0.6910938371638631,-0.6910628135031582,-0.798119350063077,-0.7760115619477508,-0.7404390444792458,-0.8092677931039718,-0.27584176204091876,0.11765631473721286,0.04387949124725894,0.8845254535577096,-0.9480369859704934,0.9869099554189272,0.7760094921437658,-0.12437752059760296,-0.12437752059760492,-0.9967057646508327,-0.9967077738511091
0.4359053161413978,-0.5769838202619111,-0.2833538672424614,0.7026882015746249,0.20438468689050965,0.2043846868905104,0.9700910949891188,-0.9174471854434983,-0.9966829783864378,0.840101292450667,0.9999982261181563,0.9999999987343668,0.5662905282441565,-0.5662422706968364,0.4266407602213615,0.6910938371638661,-0.69106281350316,-0.798119350063079,-0.7760115619477509,-0.7404390444792467,-0.8092677931039727,-0.2758417620409198,0.11765631473721454,0.04387949124725789,0.8845254535577111,-0.9480369859704951,0.9869099554189299,0.7760094921437662,-0.12437752059760174,-0.12437752059760343,-0.9967077738511111,-0.9967057646508333
-0.49493166250419396,0.3464372330288424,0.629963941689987,-0.18849621618089213,-0.6910628135031681,-0.6910628135031704,0.34927251724359976,-0.1916163946347635,-0.4973538128462367,0.02866550995104121,0.5662905282441549,0.5662905282441565,0.9999999975857465,-0.9999850958913413,0.987021351606387,0.9870526678534502,-0.987070392424617,-0.9485367202639354,0.08039364831112183,0.13466066026820925,0.025886672518718675,-0.9484265237736486,0.8851009776082495,-0.798556475811496,0.8853677954176361,-0.7990747706417123,0.6917682165957297,-0.08039343388229266,0.7473679518455436,0.7473679518455422,-0.6312251765353275,-0.6312251765353262
0.49497215338902356,-0.346482732730085,-0.6299983466214262,0.18854550667797626,0.6910938371638741,0.6910938371638764,-0.349220455295329,0.19156352011582628,0.4973039563597405,-0.028613242932759783,-0.566242270696835,-0.5662422706968364,-0.9999850958913413,0.9999999840156725,-0.9870183042646443,-0.9870329316595822,0.9870526678534527,0.9485112286944706,-0.08044473097994727,-0.13471092124616763,-0.025938424404260484,0.9484339903281178,-0.885116766388594,0.7985801892787183,-0.885335193979997,0.7990358977286686,-0.6917240760186912,0.0804445164148913,-0.7473954029981137,-0.7473954029981127,0.6311788297228906,0.6311788297228901
-0.6279923419868827,0.49252343416864053,0.7464545731926386,-0.34369439900713505,-0.7981193500630862,-0.7981193500630894,0.1943282975969806,-0.03158271671472756,-0.35164074454025446,-0.13216195958684485,0.4266407602213599,0.4266407602213615,0.987021351606387,-0.9870183042646443,0.9999999867352516,0.9485112286944742,-0.9485367202639435,-0.8854029460522937,0.23935218482739937,0.29197213747040746,0.18601779927531067,-0.9869981326731672,0.9483200604076334,-0.8848139802742159,0.7992583893345381,-0.6921983262982896,0.5668783756320299,-0.23935154641877,0.8443217341358631,0.8443217341358612,-0.4985353737280971,-0.49853537372809564
-0.3492204552953441,0.19156352011584166,0.4973039563597475,-0.028613242932781,-0.5662422706968461,-0.5662422706968485,0.49497215338900946,-0.3464827327300701,-0.6299983466214196,0.18854550667795583,0.6910938371638631,0.6910938371638661,0.9870526678534502,-0.9870329316595822,0.9485112286944742,0.9999999840156725,-0.9999850958913409,-0.9870183042646405,-0.08044473097993718,-0.0259384244042482,-0.13471092124615516,-0.8853351939799996,0.7990358977286756,-0.6917240760187044,0.948433990328115,-0.8851167663885893,0.7985801892787054,0.0804445164148743,0.6311788297228998,0.6311788297228978,-0.7473954029981063,-0.7473954029981053
0.349272517243617,-0.19161639463478078,-0.4973538128462463,0.02866550995106439,0.5662905282441686,0.5662905282441701,-0.4949316625041794,0.3464372330288265,0.6299639416899813,-0.18849621618087026,-0.6910628135031582,-0.69106281350316,-0.987070392424617,0.9870526678534527,-0.9485367202639435,-0.9999850958913409,0.9999999975857465,0.9870213516063836,0.08039364831111,0.0258866725187046,0.13466066026819506,0.8853677954176392,-0.7990747706417204,0.6917682165957459,-0.9484265237736476,0.8851009776082451,-0.7985564758114839,-0.080393433882274,-0.6312251765353388,-0.6312251765353373,0.7473679518455356,0.747367951845535
0.19432829759699316,-0.03158271671474047,-0.35164074454025795,-0.13216195958682517,0.42664076022136843,0.4266407602213703,-0.6279923419868697,0.492523434168627,0.7464545731926301,-0.343694399007117,-0.798119350063077,-0.798119350063079,-0.9485367202639354,0.9485112286944706,-0.8854029460522937,-0.9870183042646405,0.9870213516063836,0.9999999867352516,0.23935218482739046,0.18601779927530052,0.29197213747039563,0.7992583893345339,-0.692198326298291,0.5668783756320406,-0.9869981326731583,0.9483200604076261,-0.8848139802742013,-0.23935154641875453,-0.4985353737281017,-0.49853537372810014,0.8443217341358538,0.844321734135853
-0.905915765985655,0.9628962047926228,0.8247584216839424,-0.9940526793859346,-0.7760115619477485,-0.7760115619477511,-0.905915765985657,0.9628962047926231,0.8247584216839404,-0.9940526793859378,-0.7760115619477508,-0.7760115619477509,0.08039364831112183,-0.08044473097994727,0.23935218482739937,-0.08044473097993718,0.08039364831111,0.23935218482739046,1.0000000029454055,0.9985116917862276,0.9985116917862246,-0.39218887802816194,0.5350333319429246,-0.6641613067956793,-0.39218887802815255,0.535033331942922,-0.6641613067956768,-1.000001460967434,0.7223409943304194,0.7223409943304209,0.7223409943304185,0.7223409943304175
-0.927670030025738,0.9761859395569493,0.8543827640701346,-0.9985129444377762,-0.8092677931039733,-0.8092677931039768,-0.8814574697202239,0.9467323591500046,0.7926722904139322,-0.9866273089334555,-0.7404390444792458,-0.7404390444792467,0.13466066026820925,-0.13471092124616763,0.29197213747040746,-0.0259384244042482,0.0258866725187046,0.18601779927530052,0.9985116917862276,0.9999999990580708,0.9940442856281758,-0.44179540891163205,0.5803315440378615,-0.7039610062888612,-0.34141171801270426,0.48813811993797923,-0.6223791783962352,-0.9985070193241735,0.7589957172174929,0.7589957172174936,0.6835301842857916,0.6835301842857915
-0.8814574697202182,0.9467323591500003,0.7926722904139337,-0.986627308933449,-0.7404390444792429,-0.7404390444792458,-0.9276700300257363,0.976185939556946,0.8543827640701271,-0.9985129444377754,-0.8092677931039718,-0.8092677931039727,0.025886672518718675,-0.025938424404260484,0.18601779927531067,-0.13471092124615516,0.13466066026819506,0.29197213747039563,0.9985116917862246,0.9940442856281758,0.9999999990580708,-0.34141171801271475,0.48813811993798145,-0.6223791783962378,-0.4417954089116197,0.5803315440378555,-0.703961006288854,-0.9985070193241686,0.6835301842857928,0.6835301842857938,0.7589957172174866,0.7589957172174864
0.7448318062426545,-0.62591101565457,-0.8436407140890056,0.4900610464763206,0.8845254535577168,0.8845254535577197,-0.03425456556420144,-0.12936023018954304,0.19672122739043552,0.2896501206328528,-0.27584176204091876,-0.2758417620409198,-0.9484265237736486,0.9484339903281178,-0.9869981326731672,-0.8853351939799996,0.8853677954176392,0.7992583893345339,-0.39218887802816194,-0.44179540891163205,-0.34141171801271475,0.9999999883340113,-0.9869645534914847,0.9481597450469627,-0.6923606901623536,0.5673000545649303,-0.4272085440256637,0.3921878319682162,-0.9194205100401486,-0.9194205100401474,0.35283464451446295,0.3528346445144616
-0.8424536358959995,0.7431981363949441,0.9190110283904568,-0.6238799341935681,-0.9480369859704955,-0.9480369859705003,-0.12693262181305415,0.2871607387966689,-0.03646818223392413,-0.4398204588315177,0.11765631473721286,0.11765631473721454,0.8851009776082495,-0.885116766388594,0.9483200604076334,0.7990358977286756,-0.7990747706417204,-0.692198326298291,0.5350333319429246,0.5803315440378615,0.48813811993798145,-0.9869645534914847,0.9999999905704232,-0.9869212183596214,0.5673000545649373,-0.42746781909405807,0.2762292922476135,-0.5350319048834723,0.9707010842976346,0.9707010842976346,-0.19775126167977325,-0.19775126167977292
0.9182534704960832,-0.8412891786479394,-0.9705214554629195,0.7416469174682022,0.9869099554189347,0.986909955418938,0.2850899578138625,-0.4377423437772005,-0.1250192807381818,0.5787729534200843,0.04387949124725894,0.04387949124725789,-0.798556475811496,0.7985801892787183,-0.8848139802742159,-0.6917240760187044,0.6917682165957459,0.5668783756320406,-0.6641613067956793,-0.7039610062888612,-0.6223791783962378,0.9481597450469627,-0.9869212183596214,0.9999999923939146,-0.4272085440256767,0.276229292247619,-0.11777250338765374,0.6641595353219691,-0.9967278443864473,-0.9967278443864512,0.03723194174479253,0.037231941744792066
-0.03425456556421668,-0.12936023018952864,0.1967212273904416,0.2896501206328321,-0.27584176204093075,-0.27584176204093164,0.7448318062426427,-0.6259110156545569,-0.8436407140889991,0.490061046476303,0.8845254535577096,0.8845254535577111,0.8853677954176361,-0.885335193979997,0.7992583893345381,0.948433990328115,-0.9484265237736476,-0.9869981326731583,-0.39218887802815255,-0.34141171801270426,-0.4417954089116197,-0.6923606901623536,0.5673000545649373,-0.4272085440256767,0.9999999883340113,-0.9869645534914784,0.9481597450469514,0.39218783196820073,0.3528346445144712,0.35283464451446983,-0.9194205100401409,-0.9194205100401405
-0.1269326218130461,0.28716073879666215,-0.03646818223392293,-0.43982045883150483,0.11765631473721869,0.11765631473721909,-0.8424536358959956,0.7431981363949379,0.9190110283904549,-0.6238799341935584,-0.9480369859704934,-0.9480369859704951,-0.7990747706417123,0.7990358977286686,-0.6921983262982896,-0.8851167663885893,0.8851009776082451,0.9483200604076261,0.535033331942922,0.48813811993797923,0.5803315440378555,0.5673000545649303,-0.42746781909405807,0.276229292247619,-0.9869645534914784,0.9999999905704232,-0.9869212183596127,-0.5350319048834646,-0.19775126167977464,-0.19775126167977275,0.9707010842976312,0.9707010842976308
0.28508995781385754,-0.43774234377719523,-0.12501928073818633,0.578772953420072,0.043879491247257436,0.043879491247257645,0.9182534704960762,-0.8412891786479317,-0.9705214554629132,0.7416469174681937,0.9869099554189272,0.9869099554189299,0.6917682165957297,-0.6917240760186912,0.5668783756320299,0.7985801892787054,-0.7985564758114839,-0.8848139802742013,-0.6641613067956768,-0.6223791783962352,-0.703961006288854,-0.4272085440256637,0.2762292922476135,-0.11777250338765374,0.9481597450469514,-0.9869212183596127,0.9999999923939146,0.6641595353219614,0.037231941744789464,0.037231941744787854,-0.9967278443864419,-0.9967278443864392
0.9059133496979066,-0.9628936365252958,-0.8247562218610719,0.9940520372122609,0.7760094921437662,0.7760094921437702,0.9059133496979058,-0.9628936365252948,-0.8247562218610661,0.9940520372122639,0.7760094921437658,0.7760094921437662,-0.08039343388229266,0.0804445164148913,-0.23935154641877,0.0804445164148743,-0.080393433882274,-0.23935154641875453,-1.000001460967434,-0.9985070193241735,-0.9985070193241686,0.3921878319682162,-0.5350319048834723,0.6641595353219691,0.39218783196820073,-0.5350319048834646,0.6641595353219614,0.999999999139351,-0.722339067678084,-0.722339067678084,-0.7223390676780767,-0.7223390676780769
-0.9472246062350792,0.8821827341447636,0.9868112500632293,-0.7933750342206701,-0.9967057646508348,-0.9967077738511149,-0.361530179381488,0.5088903264253687,0.2046974646148438,-0.6427119415231748,-0.12437752059760296,-0.12437752059760174,0.7473679518455436,-0.7473954029981137,0.8443217341358631,0.6311788297228998,-0.6312251765353388,-0.4985353737281017,0.7223409943304194,0.7589957172174929,0.6835301842857928,-0.9194205100401486,0.9707010842976346,-0.9967278443864473,0.3528346445144712,-0.19775126167977464,0.037231941744789464,-0.722339067678084,0.9999999975231547,0.9999965285114142,0.04355218320338824,0.04355218320338891
-0.9472246062350791,0.8821827341447641,0.9868112500632289,-0.7933750342206712,-0.9967077738511114,-0.9967057646508387,-0.3615301793814894,0.5088903264253702,0.20469746461484573,-0.6427119415231766,-0.12437752059760492,-0.12437752059760343,0.7473679518455422,-0.7473954029981127,0.8443217341358612,0.6311788297228978,-0.6312251765353373,-0.49853537372810014,0.7223409943304209,0.7589957172174936,0.6835301842857938,-0.9194205100401474,0.9707010842976346,-0.9967278443864512,0.35283464451446983,-0.19775126167977275,0.037231941744787854,-0.722339067678084,0.9999965285114142,0.9999999975231547,0.0435521832033901,0.043552183203390334
-0.3615301793814813,0.5088903264253637,0.20469746461484656,-0.6427119415231627,-0.12437752059759885,-0.1243775205975992,-0.9472246062350752,0.882182734144759,0.9868112500632259,-0.7933750342206639,-0.9967057646508327,-0.9967077738511111,-0.6312251765353275,0.6311788297228906,-0.4985353737280971,-0.7473954029981063,0.7473679518455356,0.8443217341358538,0.7223409943304185,0.6835301842857916,0.7589957172174866,0.35283464451446295,-0.19775126167977325,0.03723194174479253,-0.9194205100401409,0.9707010842976312,-0.9967278443864419,-0.7223390676780767,0.04355218320338824,0.0435521832033901,0.9999999975231547,0.9999965285114091
-0.3615301793814813,0.5088903264253636,0.2046974646148469,-0.6427119415231628,-0.12437752059759902,-0.12437752059759978,-0.9472246062350739,0.8821827341447583,0.9868112500632258,-0.7933750342206635,-0.9967077738511091,-0.9967057646508333,-0.6312251765353262,0.6311788297228901,-0.49853537372809564,-0.7473954029981053,0.747367951845535,0.844321734135853,0.7223409943304175,0.6835301842857915,0.7589957172174864,0.3528346445144616,-0.19775126167977292,0.037231941744792066,-0.9194205100401405,0.9707010842976308,-0.9967278443864392,-0.7223390676780769,0.04355218320338891,0.043552183203390334,0.9999965285114091,0.9999999975231547
