1.0000000002363971,-1.0000010676663282,-1.0000010676663298,6.443810676605949e-17,-2.354937114552819e-17,-9.731716920600251e-17,9.737967378616118e-17,6.894161180510915e-17,1.0000002860276598,1.0000002860276624,-1.000000314455703,-1.0000003144557028,1.0000004316032585,1.000000431603258,-7.697352485291936e-17,-9.583266604075719e-17,8.805496445876088e-17,9.561107926616819e-17,-9.577480765421805e-17
-1.0000010676663282,1.0000000002149663,1.000000306913688,8.028652152891143e-16,-8.437512550187643e-16,-7.699783734778846e-16,7.699139022574678e-16,7.983560837200872e-16,-1.000001017242606,-1.0000002735877562,1.0000002980325582,1.000000303351723,-1.000000414673427,-1.0000004212621385,-7.903209685619066e-16,-7.714609406816992e-16,7.79239289911889e-16,7.716826084167069e-16,-7.715191836074804e-16
-1.0000010676663298,1.000000306913688,1.0000000002149663,9.603885017480819e-17,-1.3692542087575798e-16,-6.314786135622732e-17,6.308560823144121e-17,9.152973167953257e-17,-1.000000273587756,-1.0000010172426095,1.0000003033517237,1.0000002980325589,-1.0000004212621394,-1.0000004146734274,-8.349388639180511e-17,-6.463173956134115e-17,7.241074912459126e-17,6.485302419947069e-17,-6.46898315280452e-17
6.443810676605949e-17,8.028652152891143e-16,9.603885017480819e-17,1.0000000011823695,-1.0000019379318936,-1.0000001222784212,0.9999998990254139,1.0000006082981376,1.8785312120940182e-15,2.0490908784437685e-15,-1.875245847687179e-15,-2.446377019736074e-15,1.2489790641101874e-15,3.4219042617485953e-15,-1.0000000134645608,-0.9999997953196752,0.999999912065201,0.9999998105446706,-0.9999998402218229
-2.354937114552819e-17,-8.437512550187643e-16,-1.3692542087575798e-16,-1.0000019379318936,1.0000000005189387,0.9999996600827554,-0.9999994365857745,-1.0000008930701785,-1.8376440919855882e-15,-2.0082010588897654e-15,1.8343584137751956e-15,2.405490095094728e-15,-1.2080910382121486e-15,-3.38101205723187e-15,0.9999995510689508,0.9999993328101856,-0.9999994493900908,-0.9999993480169225,0.9999993775467009
-9.731716920600251e-17,-7.699783734778846e-16,-6.314786135622732e-17,-1.0000001222784212,0.9999996600827554,0.9999999990129622,-0.9999991445866091,-0.9999990843375418,-1.911403413565997e-15,-2.0819547663685322e-15,1.9081159468622054e-15,2.479258843930787e-15,-1.2818594848728946e-15,-3.4547695845082075e-15,0.9999985003689417,0.9999982972712401,-0.9999984064040043,-0.999998313592936,0.9999983403263516
9.737967378616118e-17,7.699139022574678e-16,6.308560823144121e-17,0.9999998990254139,-0.9999994365857745,-0.9999991445866091,0.9999999986792675,0.9999988590034824,1.9114701709542825e-15,2.0820191671752985e-15,-1.9081827016721383e-15,-2.479322249223609e-15,1.2819221570372666e-15,3.454829337501089e-15,-0.99999901917366,-0.9999988120747477,0.999998175748531,0.9999980808557039,-0.999998108023357
6.894161180510915e-17,7.983560837200872e-16,9.152973167953257e-17,1.0000006082981376,-1.0000008930701785,-0.9999990843375418,0.9999988590034824,0.9999999996830379,1.883036295548749e-15,2.053590602456136e-15,-1.879749802427695e-15,-2.4508845036606223e-15,1.2534837821881853e-15,3.426400394211613e-15,-0.9999997186216837,-0.99999875563654,0.9999988711380576,0.9999987710061119,-0.9999988000659992
1.0000002860276598,-1.000001017242606,-1.000000273587756,1.8785312120940182e-15,-1.8376440919855882e-15,-1.911403413565997e-15,1.9114701709542825e-15,1.883036295548749e-15,1.0000000001642977,1.0000002420199405,-1.000001009942925,-1.0000002731490738,1.0000003797952448,1.0000003919658453,-1.89106666579185e-15,-1.9099219767650527e-15,1.902146193001991e-15,1.909699961998876e-15,-1.909864293027751e-15
1.0000002860276624,-1.0000002735877562,-1.0000010172426095,2.0490908784437685e-15,-2.0082010588897654e-15,-2.0819547663685322e-15,2.0820191671752985e-15,2.053590602456136e-15,1.0000002420199405,1.0000000001642977,-1.000000273149076,-1.0000010099429244,1.0000003919658482,1.0000003797952468,-2.0616171813232872e-15,-2.080471522872775e-15,2.072696975135281e-15,2.0802497635249795e-15,-2.080414626440237e-15
-1.000000314455703,1.0000002980325582,1.0000003033517237,-1.875245847687179e-15,1.8343584137751956e-15,1.9081159468622054e-15,-1.9081827016721383e-15,-1.879749802427695e-15,-1.000001009942925,-1.000000273149076,1.0000000002052056,1.0000003055834359,-1.0000011566123468,-1.0000004255869952,1.887779408838403e-15,1.90663424774656e-15,-1.8988586544940717e-15,-1.9064122238253665e-15,1.9065765984726786e-15
-1.0000003144557028,1.000000303351723,1.0000002980325589,-2.446377019736074e-15,2.405490095094728e-15,2.479258843930787e-15,-2.479322249223609e-15,-2.4508845036606223e-15,-1.0000002731490738,-1.0000010099429244,1.0000003055834359,1.0000000002052056,-1.0000004255869956,-1.0000011566123443,2.4589167940988778e-15,2.477775976006943e-15,-2.4699992715358594e-15,-2.477554670043028e-15,2.477718652424848e-15
1.0000004316032585,-1.000000414673427,-1.0000004212621394,1.2489790641101874e-15,-1.2080910382121486e-15,-1.2818594848728946e-15,1.2819221570372666e-15,1.2534837821881853e-15,1.0000003797952448,1.0000003919658482,-1.0000011566123468,-1.0000004255869956,1.0000000003749967,1.00000054686185,-1.261515851212758e-15,-1.280375276292904e-15,1.272597760303563e-15,1.2801538362178472e-15,-1.2803175490332089e-15
1.000000431603258,-1.0000004212621385,-1.0000004146734274,3.4219042617485953e-15,-3.38101205723187e-15,-3.4547695845082075e-15,3.454829337501089e-15,3.426400394211613e-15,1.0000003919658453,1.0000003797952468,-1.0000004255869952,-1.0000011566123443,1.00000054686185,1.0000000003749967,-3.4344258740681186e-15,-3.453283010711899e-15,3.445507948032742e-15,3.453061986366176e-15,-3.453226641263122e-15
-7.697352485291936e-17,-7.903209685619066e-16,-8.349388639180511e-17,-1.0000000134645608,0.9999995510689508,0.9999985003689417,-0.99999901917366,-0.9999997186216837,-1.89106666579185e-15,-2.0616171813232872e-15,1.887779408838403e-15,2.4589167940988778e-15,-1.261515851212758e-15,-3.4344258740681186e-15,0.999999998833712,0.9999981694256392,-0.9999990302756018,-0.9999981850784099,0.9999982136376827
-9.583266604075719e-17,-7.714609406816992e-16,-6.463173956134115e-17,-0.9999997953196752,0.9999993328101856,0.9999982972712401,-0.9999988120747477,-0.99999875563654,-1.9099219767650527e-15,-2.080471522872775e-15,1.90663424774656e-15,2.477775976006943e-15,-1.280375276292904e-15,-3.453283010711899e-15,0.9999981694256392,0.9999999985342509,-0.9999980741308985,-0.9999987280331851,0.9999980076646081
8.805496445876088e-17,7.79239289911889e-16,7.241074912459126e-17,0.999999912065201,-0.9999994493900908,-0.9999984064040043,0.999998175748531,0.9999988711380576,1.902146193001991e-15,2.072696975135281e-15,-1.8988586544940717e-15,-2.4699992715358594e-15,1.272597760303563e-15,3.445507948032742e-15,-0.9999990302756018,-0.9999980741308985,0.9999999986939299,0.9999980907298806,-0.999998865975502
9.561107926616819e-17,7.716826084167069e-16,6.485302419947069e-17,0.9999998105446706,-0.9999993480169225,-0.999998313592936,0.9999980808557039,0.9999987710061119,1.909699961998876e-15,2.0802497635249795e-15,-1.9064122238253665e-15,-2.477554670043028e-15,1.2801538362178472e-15,3.453061986366176e-15,-0.9999981850784099,-0.9999987280331851,0.9999980907298806,0.9999999985580088,-0.9999987716058271
-9.577480765421805e-17,-7.715191836074804e-16,-6.46898315280452e-17,-0.9999998402218229,0.9999993775467009,0.9999983403263516,-0.999998108023357,-0.9999988000659992,-1.909864293027751e-15,-2.080414626440237e-15,1.9065765984726786e-15,2.477718652424848e-15,-1.2803175490332089e-15,-3.453226641263122e-15,0.9999982136376827,0.9999980076646081,-0.999998865975502,-0.9999987716058271,0.9999999985970273
