1.000000005417952,-1.000005655291841,-1.000007736093559,-1.000001142283358,1.0000013153656222,1.0000028980181275,-1.0000056123773848,-1.0000011874439452,1.0000083529523325,-1.0000083777224078,1.0000110138679381,-1.0000100308792688,0.9999937391656328,-0.9999954352409617,-0.9999988802630604,-0.9999988802630615,1.0000086169682183,1.0000092216605767,1.0000070275443687,0.9999967734199209,0.9999967734199209,1.0000070451138048
-1.000005655291841,1.0000000033604133,1.0000067707579743,0.9999997064907487,-0.9999994091054554,-1.000001462222959,1.0000041765782701,0.9999997516512675,-1.0000069171492434,1.0000069419192745,-1.0000095780609817,1.0000085950737365,-0.9999923033837839,0.9999939994566424,0.9999974444737341,0.9999974444737348,-1.0000067106974395,-1.0000077858562173,-1.0000055917431976,-0.9999953376336572,-0.9999953376336587,-1.0000056093126077
-1.000007736093559,1.0000067707579743,1.0000000063422525,1.0000017872789795,-1.0000019603613235,-1.000003543014632,1.0000062573757258,1.0000018324393032,-1.0000089979524716,1.000009022722571,-1.0000116588698824,1.0000106758805751,-0.9999943841563558,0.9999960802328008,0.9999995252571944,0.9999995252571946,-1.0000092619686594,-1.0000093961940346,-1.0000072020764061,-0.9999974184126653,-0.9999974184126669,-1.0000076901131005
-1.000001142283358,0.9999997064907487,1.0000017872789795,0.9999999962189972,-0.9999944256612072,-0.9999964787709178,0.9999991931124629,0.9999947682078992,-1.0000019336696186,1.0000019584394986,-1.0000045945678706,1.0000036115855606,-0.9999873199778302,0.999989016042106,0.9999924610417589,0.9999924610417593,-1.0000021976836482,-1.0000028023721335,-1.0000006082701822,-0.9999903542123293,-0.9999903542123303,-1.0000006258395502
1.0000013153656222,-0.9999994091054554,-1.0000019603613235,-0.9999944256612072,0.9999999964670266,0.9999966518522112,-0.99999936619428,-0.9999949412888685,1.00000210675193,-1.0000021315218195,1.0000047676507005,-1.0000037846682164,0.9999874930576111,-0.9999891891221948,-0.9999921636551912,-0.9999921636551938,1.0000023707660899,1.0000029754546345,1.0000007813522978,0.9999905272926771,0.9999905272926788,1.0000007989216346
1.0000028980181275,-1.000001462222959,-1.000003543014632,-0.9999964787709178,0.9999966518522112,0.9999999987349942,-1.0000004783757561,-0.9999960534629101,1.0000036894051259,-1.0000037141750822,1.0000063503084176,-1.0000053673243765,0.9999890756879373,-0.9999907717552604,-0.9999942167612382,-0.9999942167612382,1.0000039534202119,1.0000045581094288,1.0000023640036109,0.9999921099280075,0.9999921099280096,1.0000023815727777
-1.0000056123773848,1.0000041765782701,1.0000062573757258,0.9999991931124629,-0.99999936619428,-1.0000004783757561,1.0000000026247255,0.9999992382721742,-1.0000064037666883,1.0000064285367223,-1.0000090646772273,1.000008081690494,-0.9999917900091839,0.999993486081175,0.9999969310965878,0.999996931096589,-1.0000066677823876,-1.0000072724733455,-1.00000460789419,-0.9999948242575748,-0.9999948242575759,-1.0000046254634531
-1.0000011874439452,0.9999997516512675,1.0000018324393032,0.9999947682078992,-0.9999949412888685,-0.9999960534629101,0.9999992382721742,0.9999999962837127,-1.000001978829511,1.0000020035994195,-1.0000046397282232,1.000003656745877,-0.9999873651377287,0.9999890612021065,0.9999925062021294,0.9999925062021304,-1.0000022428441957,-1.0000028475323226,-1.0000006534303143,-0.9999903993725491,-0.9999903993725504,-1.0000006709994274
1.0000083529523325,-1.0000069171492434,-1.0000089979524716,-1.0000019336696186,1.00000210675193,1.0000036894051259,-1.0000064037666883,-1.000001978829511,1.0000000065520365,-1.000008698646654,1.0000118052617342,-1.0000108222722892,0.9999945305458516,-0.9999962266225454,-0.9999996716474914,-0.9999996716474915,1.000009408360258,1.0000100130529093,1.0000078189349746,0.9999975648026447,0.9999975648026462,1.0000078365042981
-1.0000083777224078,1.0000069419192745,1.000009022722571,1.0000019584394986,-1.0000021315218195,-1.0000037141750822,1.0000064285367223,1.0000020035994195,-1.000008698646654,1.000000006587532,-1.0000118300319132,1.0000108470424407,-0.9999945553155212,0.9999962513922639,0.9999996964173078,0.9999996964173075,-1.0000094331303648,-1.000009567355739,-1.0000078437050413,-0.999997589572401,-0.9999975895724019,-1.0000073908070688
1.0000110138679381,-1.0000095780609817,-1.0000116588698824,-1.0000045945678706,1.0000047676507005,1.0000063503084176,-1.0000090646772273,-1.0000046397282232,1.0000118052617342,-1.0000118300319132,1.000000010365203,-1.0000130127273235,0.999997191424242,-0.999998887505502,-1.0000023325396776,-1.0000023325396796,1.0000120692787222,1.000012673973092,1.000010479849241,1.0000002256891718,1.0000002256891722,1.0000104974186677
-1.0000100308792688,1.0000085950737365,1.0000106758805751,1.0000036115855606,-1.0000037846682164,-1.0000053673243765,1.000008081690494,1.000003656745877,-1.0000108222722892,1.0000108470424407,-1.0000130127273235,1.000000008956551,-0.9999962084492651,0.9999979045288451,1.0000013495596054,1.000001349559606,-1.0000106158217108,-1.0000112205154799,-1.0000094968611035,-0.9999992427111863,-0.9999992427111888,-1.0000095144305137
0.9999937391656328,-0.9999923033837839,-0.9999943841563558,-0.9999873199778302,0.9999874930576111,0.9999890756879373,-0.9999917900091839,-0.9999873651377287,0.9999945305458516,-0.9999945553155212,0.999997191424242,-0.9999962084492651,0.999999985610254,-0.9999811425479763,-0.9999850579891395,-0.9999850579891404,0.999994794558003,0.9999953992418673,0.9999932051563699,0.9999829511754937,0.9999829511754958,0.9999932227255562
-0.9999954352409617,0.9999939994566424,0.9999960802328008,0.999989016042106,-0.9999891891221948,-0.9999907717552604,0.999993486081175,0.9999890612021065,-0.9999962266225454,0.9999962513922639,-0.999998887505502,0.9999979045288451,-0.9999811425479763,0.9999999880407401,0.9999867540495313,0.999986754049532,-0.9999964906351467,-0.9999970953200605,-0.9999949012307872,-0.9999841767649604,-0.9999841767649658,-0.9999949188000098
-0.9999988802630604,0.9999974444737341,0.9999995252571944,0.9999924610417589,-0.9999921636551912,-0.9999942167612382,0.9999969310965878,0.9999925062021294,-0.9999996716474914,0.9999996964173078,-1.0000023325396776,1.0000013495596054,-0.9999850579891395,0.9999867540495313,0.9999999929774902,0.9999901990413174,-0.9999999356609364,-1.0000005403480203,-0.9999983462510861,-0.9999876217494029,-0.999988092216705,-0.9999983638204061
-0.9999988802630615,0.9999974444737348,0.9999995252571946,0.9999924610417593,-0.9999921636551938,-0.9999942167612382,0.999996931096589,0.9999925062021304,-0.9999996716474915,0.9999996964173075,-1.0000023325396796,1.000001349559606,-0.9999850579891404,0.999986754049532,0.9999901990413174,0.9999999929774902,-0.9999999356609375,-1.0000005403480214,-0.9999983462510883,-0.9999880922167043,-0.999987621749407,-0.9999983638204062
1.0000086169682183,-1.0000067106974395,-1.0000092619686594,-1.0000021976836482,1.0000023707660899,1.0000039534202119,-1.0000066677823876,-1.0000022428441957,1.000009408360258,-1.0000094331303648,1.0000120692787222,-1.0000106158217108,0.999994794558003,-0.9999964906351467,-0.9999999356609364,-0.9999999356609375,1.0000000069303776,1.0000102770694506,1.000008082950901,0.9999978288155441,0.999997828815545,1.0000081005203412
1.0000092216605767,-1.0000077858562173,-1.0000093961940346,-1.0000028023721335,1.0000029754546345,1.0000045581094288,-1.0000072724733455,-1.0000028475323226,1.0000100130529093,-1.000009567355739,1.000012673973092,-1.0000112205154799,0.9999953992418673,-0.9999970953200605,-1.0000005403480203,-1.0000005403480214,1.0000102770694506,1.000000007796918,1.000008687642822,0.9999984335013179,0.9999984335013203,1.000008705212205
1.0000070275443687,-1.0000055917431976,-1.0000072020764061,-1.0000006082701822,1.0000007813522978,1.0000023640036109,-1.00000460789419,-1.0000006534303143,1.0000078189349746,-1.0000078437050413,1.000010479849241,-1.0000094968611035,0.9999932051563699,-0.9999949012307872,-0.9999983462510861,-0.9999983462510883,1.000008082950901,1.000008687642822,1.000000004652693,0.999996239409068,0.9999962394090699,1.0000065110971623
0.9999967734199209,-0.9999953376336572,-0.9999974184126653,-0.9999903542123293,0.9999905272926771,0.9999921099280075,-0.9999948242575748,-0.9999903993725491,0.9999975648026447,-0.999997589572401,1.0000002256891718,-0.9999992427111863,0.9999829511754937,-0.9999841767649604,-0.9999876217494029,-0.9999880922167043,0.9999978288155441,0.9999984335013179,0.999996239409068,0.9999999899583615,0.9999859853965851,0.9999962569783417
0.9999967734199209,-0.9999953376336587,-0.9999974184126669,-0.9999903542123303,0.9999905272926788,0.9999921099280096,-0.9999948242575759,-0.9999903993725504,0.9999975648026462,-0.9999975895724019,1.0000002256891722,-0.9999992427111888,0.9999829511754958,-0.9999841767649658,-0.999988092216705,-0.999987621749407,0.999997828815545,0.9999984335013203,0.9999962394090699,0.9999859853965851,0.9999999899583615,0.9999962569783417
1.0000070451138048,-1.0000056093126077,-1.0000076901131005,-1.0000006258395502,1.0000007989216346,1.0000023815727777,-1.0000046254634531,-1.0000006709994274,1.0000078365042981,-1.0000073908070688,1.0000104974186677,-1.0000095144305137,0.9999932227255562,-0.9999949188000098,-0.9999983638204061,-0.9999983638204062,1.0000081005203412,1.000008705212205,1.0000065110971623,0.9999962569783417,0.9999962569783417,1.0000000046778703
