0.9999999931418795,-0.9999906958812741,0.9999884028737561,0.9999890769524832,0.9999904345667585,-0.9999875042872874,0.9999889986787072,-0.999987969828829,-0.9999933508122436,-0.9999880781979228,0.9999879690693253,-0.9999887535056776,-1.0000066482978562,1.0000048427716226,-1.0000052518009153,-1.0000019685640138,-1.0000066482978576,1.0000048427716188,-1.0000019685640138,0.9999895702522689,0.9999989087567097
-0.9999906958812741,0.9999999918442002,-0.9999886641899689,-0.9999893382676261,-0.999990695881277,0.9999865993157345,-0.9999880937068409,0.999987064855846,0.9999924458406015,0.9999871732235144,-0.9999870640953092,0.9999878485308847,1.0000057433236997,-1.0000039377981267,1.0000043468274509,1.000001063591348,1.0000057433237004,-1.000003937798122,1.000001063591348,-0.999988665276802,-0.999998003784529
0.9999884028737561,-0.9999886641899689,0.9999999902285587,0.9999870452619916,0.9999884028737559,-0.9999854726007746,0.9999869669896221,-0.9999871044308509,-0.9999913191161401,-0.9999860465092075,0.999985937380971,-0.9999867218156967,-1.000004616578851,1.0000028110558756,-1.0000032200845157,-0.9999999368533471,-1.0000046165788514,1.0000028110558719,-0.9999999368533483,0.9999875385606413,0.9999968770512689
0.9999890769524832,-0.9999893382676261,0.9999870452619916,0.999999991195144,0.9999890769524848,-0.9999861466791216,0.9999876410703763,-0.9999866122182217,-0.9999919932054641,-0.9999867205847898,0.9999866114568676,-0.9999885621819347,-1.0000052906900947,1.0000034851645638,-1.0000038941940248,-1.0000006109576802,-1.0000052906900956,1.0000034851645603,-1.000000610957681,0.999988212637633,0.9999975511504376
0.9999904345667585,-0.999990695881277,0.9999884028737559,0.9999890769524848,0.9999999931418795,-0.9999875042872889,0.9999889986787074,-0.9999879698288313,-0.9999933508122453,-0.999988078197924,0.9999879690693242,-0.9999887535056782,-1.0000066482978578,1.0000048427716224,-1.000005251800917,-1.0000019685640127,-1.0000066482978587,1.0000048427716188,-1.0000019685640125,0.9999895702522702,0.9999989087567103
-0.9999875042872874,0.9999865993157345,-0.9999854726007746,-0.9999861466791216,-0.9999875042872889,0.9999999889400368,-0.9999872346856146,0.999985039556012,0.9999904205019722,0.9999851479293641,-0.9999850388000803,0.9999858232343647,1.0000037179152768,-1.0000019123977715,1.0000023214244629,0.9999990382048008,1.0000037179152772,-1.0000019123977673,0.9999990382048017,-0.9999866399783053,-0.9999959784144529
0.9999889986787072,-0.9999880937068409,0.9999869669896221,0.9999876410703763,0.9999889986787074,-0.9999872346856146,0.9999999910828922,-0.9999877002331464,-0.9999930811681346,-0.9999866423207762,0.9999865331904468,-0.9999873176261018,-1.0000052122821725,1.0000034067649826,-1.0000038157910578,-1.0000005325731636,-1.0000052122821732,1.0000034067649788,-1.0000005325731636,0.9999881343710404,0.999997472785249
-0.999987969828829,0.999987064855846,-0.9999871044308509,-0.9999866122182217,-0.9999879698288313,0.999985039556012,-0.9999877002331464,0.9999999896075991,0.9999908860639842,0.9999856134663752,-0.9999866706278222,0.9999862887723628,1.0000041835120097,-1.0000023779907354,1.000002787018823,0.9999995037911137,1.0000041835120095,-1.0000023779907314,0.9999995037911154,-0.9999871055168877,-0.9999964439925019
-0.9999933508122436,0.9999924458406015,-0.9999913191161401,-0.9999919932054641,-0.9999933508122453,0.9999904205019722,-0.9999930811681346,0.9999908860639842,0.9999999973235149,0.999990994458155,-0.9999908853237912,0.9999916697636692,1.000009564290724,-1.0000077587777327,1.0000081678006507,1.0000048845952374,1.0000095642907245,-1.0000077587777294,1.000004884595238,-0.9999924865112972,-1.0000029911119994
-0.9999880781979228,0.9999871732235144,-0.9999860465092075,-0.9999867205847898,-0.999988078197924,0.9999851479293641,-0.9999866423207762,0.9999856134663752,0.999990994458155,0.9999999897629902,-0.9999867789932969,0.9999863971376748,1.0000042919447605,-1.000002486419457,1.0000028954491478,0.9999996122125974,1.000004291944762,-1.0000024864194534,0.9999996122125979,-0.9999872138825785,-0.9999965524047555
0.9999879690693253,-0.9999870640953092,0.999985937380971,0.9999866114568676,0.9999879690693242,-0.9999850388000803,0.9999865331904468,-0.9999866706278222,-0.9999908853237912,-0.9999867789932969,0.9999999896065087,-0.9999874542999617,-1.000004182800745,1.000002377276488,-1.0000027863057925,-0.9999995030714748,-1.0000041828007473,1.0000023772764848,-0.9999995030714762,0.9999871047548011,0.9999964432659304
-0.9999887535056776,0.9999878485308847,-0.9999867218156967,-0.9999885621819347,-0.9999887535056782,0.9999858232343647,-0.9999873176261018,0.9999862887723628,0.9999916697636692,0.9999863971376748,-0.9999874542999617,0.9999999907313405,1.0000049672529279,-1.0000031617270586,1.0000035707567614,1.00000028751944,1.0000049672529276,-1.0000031617270548,1.00000028751944,-0.9999890554802155,-0.9999972277110468
-1.0000066482978562,1.0000057433236997,-1.000004616578851,-1.0000052906900947,-1.0000066482978578,1.0000037179152768,-1.0000052122821725,1.0000041835120097,1.000009564290724,1.0000042919447605,-1.000004182800745,1.0000049672529279,1.000000016391028,-1.0000222223240771,1.0000214650511978,1.0000181818634795,1.000022861543567,-1.000021056034167,1.0000181818634797,-1.0000057840094705,-1.0000151221140408
1.0000048427716226,-1.0000039377981267,1.0000028110558756,1.0000034851645638,1.0000048427716224,-1.0000019123977715,1.0000034067649826,-1.0000023779907354,-1.0000077587777327,-1.000002486419457,1.000002377276488,-1.0000031617270586,-1.0000222223240771,1.0000000138020388,-1.0000208258325636,-1.0000175426444688,-1.0000210560341716,1.0000192505252008,-1.0000163763545635,1.0000039784823183,1.0000133166040306
-1.0000052518009153,1.0000043468274509,-1.0000032200845157,-1.0000038941940248,-1.000005251800917,1.0000023214244629,-1.0000038157910578,1.000002787018823,1.0000081678006507,1.0000028954491478,-1.0000027863057925,1.0000035707567614,1.0000214650511978,-1.0000208258325636,1.0000000143885448,1.0000167853729525,1.0000214650511992,-1.0000208258325607,1.0000167853729536,-1.0000043875122702,-1.0000137256238852
-1.0000019685640138,1.000001063591348,-0.9999999368533471,-1.0000006109576802,-1.0000019685640127,0.9999990382048008,-1.0000005325731636,0.9999995037911137,1.0000048845952374,0.9999996122125974,-0.9999995030714748,1.00000028751944,1.0000181818634795,-1.0000175426444688,1.0000167853729525,1.0000000096806532,1.0000181818634801,-1.0000163763545593,1.000013502182871,-1.000001104272709,-1.0000116087190436
-1.0000066482978576,1.0000057433237004,-1.0000046165788514,-1.0000052906900956,-1.0000066482978587,1.0000037179152772,-1.0000052122821732,1.0000041835120095,1.0000095642907245,1.000004291944762,-1.0000041828007473,1.0000049672529276,1.000022861543567,-1.0000210560341716,1.0000214650511992,1.0000181818634801,1.000000016391028,-1.0000222223240758,1.0000181818634806,-1.0000057840094712,-1.000015122114042
1.0000048427716188,-1.000003937798122,1.0000028110558719,1.0000034851645603,1.0000048427716188,-1.0000019123977673,1.0000034067649788,-1.0000023779907314,-1.0000077587777294,-1.0000024864194534,1.0000023772764848,-1.0000031617270548,-1.000021056034167,1.0000192505252008,-1.0000208258325607,-1.0000163763545593,-1.0000222223240758,1.0000000138020388,-1.000017542644464,1.000003978482314,1.0000133166040273
-1.0000019685640138,1.000001063591348,-0.9999999368533483,-1.000000610957681,-1.0000019685640125,0.9999990382048017,-1.0000005325731636,0.9999995037911154,1.000004884595238,0.9999996122125979,-0.9999995030714762,1.00000028751944,1.0000181818634797,-1.0000163763545635,1.0000167853729536,1.000013502182871,1.0000181818634806,-1.000017542644464,1.0000000096806532,-1.0000011042727084,-1.0000116087190487
0.9999895702522689,-0.999988665276802,0.9999875385606413,0.999988212637633,0.9999895702522702,-0.9999866399783053,0.9999881343710404,-0.9999871055168877,-0.9999924865112972,-0.9999872138825785,0.9999871047548011,-0.9999890554802155,-1.0000057840094705,1.0000039784823183,-1.0000043875122702,-1.000001104272709,-1.0000057840094712,1.000003978482314,-1.0000011042727084,0.9999999919025037,0.9999980444622856
0.9999989087567097,-0.999998003784529,0.9999968770512689,0.9999975511504376,0.9999989087567103,-0.9999959784144529,0.999997472785249,-0.9999964439925019,-1.0000029911119994,-0.9999965524047555,0.9999964432659304,-0.9999972277110468,-1.0000151221140408,1.0000133166040306,-1.0000137256238852,-1.0000116087190436,-1.000015122114042,1.0000133166040273,-1.0000116087190487,0.9999980444622856,1.0000000052931488
