0.9999999986627026,-0.9999987086656824,-0.9531842917089758,0.9531842840979788,-0.7228859070426028,0.7228845190653957,0.9941239147685221,0.1529937570496995,0.4801073032189855,-0.9148555078501385,-0.4801073761642985,-0.7228830095241547,-0.15299393239725206,0.7228823094280387,0.722882309428035,0.9941238479852565,-0.9803133569913592,-0.9920068841414411,0.9837188237436892,0.9895665120571754,-0.9868035313741241
-0.9999987086656824,0.999999999305175,0.9531846676161251,-0.9531846639913371,0.7228863656674577,-0.7228849989916651,-0.9941245126960347,-0.1529939650634171,-0.4801074127478772,0.9148558739964198,0.4801074837421295,0.7228835069108265,0.15299414186220783,-0.722882813216286,-0.7228828132162824,-0.9941243807923035,0.9803137534790507,0.9920072889780392,-0.9837192157742323,-0.9895669082324986,0.9868039232277019
-0.9531842917089758,0.9531846676161251,1.0000000000318432,-1.0000001673201868,0.48010531703602943,-0.48010397439451447,-0.9148556728344076,0.15299580735298868,-0.7228886341435821,0.9941252413517571,0.722888611765422,0.4801025980082254,-0.15299552184528234,-0.4801020040641969,-0.4801020040641938,-0.980314198181651,0.9941250555177692,0.9837197620218402,-0.9920081008719894,-0.9868045820669655,0.9895676655792066
0.9531842840979788,-0.9531846639913371,-1.0000001673201868,1.0000000000289544,-0.4801053260598222,0.4801040029409401,0.9148556904849663,-0.15299585225886053,0.7228886898054842,-0.9941253837011946,-0.7228886655644373,-0.48010264211808834,0.15299556591028346,0.4801020537452571,0.4801020537452538,0.9803141805539097,-0.9941251544360022,-0.9837197336995135,0.992008073159997,0.9868045482814057,-0.9895676319863018
-0.7228859070426028,0.7228863656674577,0.48010531703602943,-0.4801053260598222,1.000000000331088,-1.0000002391916607,-0.7934277084930006,-0.793429730265542,0.25905906870731993,0.38233955132463965,-0.25905881703754113,0.9999993896989383,0.7934295377525729,-0.9999988886520748,-0.9999988886520719,-0.6438519063904076,0.5722300069504052,0.629928797174753,-0.5869463701254369,-0.6158004398793033,0.6014714178963791
0.7228845190653957,-0.7228849989916651,-0.48010397439451447,0.4801040029409401,-1.0000002391916607,1.0000000001193738,0.7934263947477471,0.7934298187408878,-0.25905980636988,-0.38233834925965865,0.25905956208691233,-0.9999998905321176,-0.7934297835223819,0.9999993871660602,0.9999993871660562,0.6438504551963798,-0.5722285792742342,-0.6299272963777377,0.5869448864987513,0.6157989189529375,-0.6014699032511461
0.9941239147685221,-0.9941245126960347,-0.9148556728344076,0.9148556904849663,-0.7934277084930006,0.7934263947477471,0.999999999639642,0.25905732926015107,0.382341047178544,-0.8657779847023075,-0.3823411411432714,-0.7934250115036082,-0.2590574752549772,0.7934243387600948,0.7934243387600909,0.976568954009261,-0.9531842120968781,-0.97252310579346,0.9584892491568933,0.9681602428974608,-0.9634817893672792
0.1529937570496995,-0.1529939650634171,0.15299580735298868,-0.15299585225886053,-0.793429730265542,0.7934298187408878,0.25905732926015107,1.000000000724598,-0.7934296541689377,0.25905846535756033,0.7934292179523782,-0.7934296836744256,-1.0000008305085928,0.7934294389298477,0.7934294389298474,0.045133283132123225,0.045135615557869393,-0.02708526316578337,-0.027087803807456165,0.00902850728272431,0.009031134414277041
0.4801073032189855,-0.4801074127478772,-0.7228886341435821,0.7228886898054842,0.25905906870731993,-0.25905980636988,0.382341047178544,-0.7934296541689377,1.0000000006507954,-0.7934291639914927,-1.0000007864342824,0.25906037293421813,0.7934291278415332,-0.259060502400157,-0.25906050240015793,0.5722325968917648,-0.643854603013217,-0.5869491817173389,0.6299317095930731,0.6014743558517316,-0.615803417742354
-0.9148555078501385,0.9148558739964198,0.9941252413517571,-0.9941253837011946,0.38233955132463965,-0.38233834925965865,-0.8657779847023075,0.25905846535756033,-0.7934291639914927,1.0000000000300286,0.7934289809720674,0.38233712368245243,-0.25905814383213877,-0.38233660716581824,-0.38233660716581575,-0.9531847676443169,0.9765697583153214,0.9584899074742538,-0.9725239689362237,-0.9634825478367002,0.9681610791131449
-0.4801073761642985,0.4801074837421295,0.722888611765422,-0.7228886655644373,-0.25905881703754113,0.25905956208691233,-0.3823411411432714,0.7934292179523782,-1.0000007864342824,0.7934289809720674,1.0000000002949576,-0.2590601339898956,-0.7934288079767654,0.2590602651255442,0.2590602651255455,-0.5722326408772861,0.6438546189912064,0.5869492243173607,-0.6299317354678159,-0.6014743951112727,0.615803451441772
-0.7228830095241547,0.7228835069108265,0.4801025980082254,-0.48010264211808834,0.9999993896989383,-0.9999998905321176,-0.7934250115036082,-0.7934296836744256,0.25906037293421813,0.38233712368245243,-0.2590601339898956,0.9999999997352308,0.7934296826918933,-0.9999994625592441,-0.9999994625592376,-0.6438489266220148,0.572227098301655,0.6299257344282786,-0.5869433557613373,-0.6157973471652674,0.6014683423607535
-0.15299393239725206,0.15299414186220783,-0.15299552184528234,0.15299556591028346,0.7934295377525729,-0.7934297835223819,-0.2590574752549772,-1.0000008305085928,0.7934291278415332,-0.25905814383213877,-0.7934288079767654,0.7934296826918933,1.0000000002875586,-0.7934294496112756,-0.7934294496112752,-0.04513349476565605,-0.04513537029457924,0.02708547786259428,0.027087568488050592,-0.009028727078382525,-0.009030907653799231
0.7228823094280387,-0.722882813216286,-0.4801020040641969,0.4801020537452571,-0.9999988886520748,0.9999993871660602,0.7934243387600948,0.7934294389298477,-0.259060502400157,-0.38233660716581824,0.2590602651255442,-0.9999994625592441,-0.7934294496112756,0.9999999993346733,0.9999990833321329,0.6438482393349526,-0.5722264451232053,-0.6299250386510092,0.5869426813807183,0.6157966512788435,-0.6014676537802955
0.722882309428035,-0.7228828132162824,-0.4801020040641938,0.4801020537452538,-0.9999988886520719,0.9999993871660562,0.7934243387600909,0.7934294389298474,-0.25906050240015793,-0.38233660716581575,0.2590602651255455,-0.9999994625592376,-0.7934294496112752,0.9999990833321329,0.9999999993346733,0.6438482393349492,-0.572226445123202,-0.6299250386510057,0.5869426813807156,0.6157966512788404,-0.6014676537802928
0.9941238479852565,-0.9941243807923035,-0.980314198181651,0.9803141805539097,-0.6438519063904076,0.6438504551963798,0.976568954009261,0.045133283132123225,0.5722325968917648,-0.9531847676443169,-0.5722326408772861,-0.6438489266220148,-0.04513349476565605,0.6438482393349526,0.6438482393349492,0.9999999993664763,-0.9959252063204581,-0.9998359930578178,0.9973909547367209,0.9993466398248231,-0.9985315822919418
-0.9803133569913592,0.9803137534790507,0.9941250555177692,-0.9941251544360022,0.5722300069504052,-0.5722285792742342,-0.9531842120968781,0.045135615557869393,-0.643854603013217,0.9765697583153214,0.6438546189912064,0.572227098301655,-0.04513537029457924,-0.5722264451232053,-0.572226445123202,-0.9959252063204581,0.9999999996563305,0.9973910210818806,-0.9998363617260146,-0.9985317514571218,0.9993469199543563
-0.9920068841414411,0.9920072889780392,0.9837197620218402,-0.9837197336995135,0.629928797174753,-0.6299272963777377,-0.97252310579346,-0.02708526316578337,-0.5869491817173389,0.9584899074742538,0.5869492243173607,0.6299257344282786,0.02708547786259428,-0.6299250386510092,-0.6299250386510057,-0.9998359930578178,0.9973910210818806,0.9999999991383358,-0.9985316072917024,-0.9998358037746985,0.9993465725996858
0.9837188237436892,-0.9837192157742323,-0.9920081008719894,0.992008073159997,-0.5869463701254369,0.5869448864987513,0.9584892491568933,-0.027087803807456165,0.6299317095930731,-0.9725239689362237,-0.6299317354678159,-0.5869433557613373,0.027087568488050592,0.5869426813807183,0.5869426813807156,0.9973909547367209,-0.9998363617260146,-0.9985316072917024,0.9999999993688073,0.9993466790698804,-0.9998360276997632
0.9895665120571754,-0.9895669082324986,-0.9868045820669655,0.9868045482814057,-0.6158004398793033,0.6157989189529375,0.9681602428974608,0.00902850728272431,0.6014743558517316,-0.9634825478367002,-0.6014743951112727,-0.6157973471652674,-0.009028727078382525,0.6157966512788435,0.6157966512788404,0.9993466398248231,-0.9985317514571218,-0.9998358037746985,0.9993466790698804,0.9999999990794225,-0.9998358277255395
-0.9868035313741241,0.9868039232277019,0.9895676655792066,-0.9895676319863018,0.6014714178963791,-0.6014699032511461,-0.9634817893672792,0.009031134414277041,-0.615803417742354,0.9681610791131449,0.615803451441772,0.6014683423607535,-0.009030907653799231,-0.6014676537802955,-0.6014676537802928,-0.9985315822919418,0.9993469199543563,0.9993465725996858,-0.9998360276997632,-0.9998358277255395,0.9999999991658146
