0.9999999990464633,-0.9998246714646682,-0.9998236782973939,-0.9992998800990474,0.9993003049447593,0.9888391575166741,-0.9888387252682183,-0.5570255495416208,-0.05905579149089346,0.9460067825871691,-0.9493014500136747,0.5655661413126618,0.9998232099606372,0.9659424701803025,-0.9609411388528458,-0.5892836577385977,-0.4942440496067865,0.5740921599934626,0.40998275821532504,-0.048696499944439565,0.9858824828590692,0.14275596076636604,-0.9984292874871816,0.9993019138307926,-0.9992996090834624,-0.23554072019242986,0.14788808097375325,-0.48972773580003537,0.9992990816414234
-0.9998246714646682,0.9999999998678734,0.9993008698300706,0.9984282516882299,-0.9984286838399962,-0.9914505309427076,0.9914500880408453,0.5724430549952134,0.04039727884488375,-0.9518975688073363,0.94326385181006,-0.550061669047915,-0.9993003301900012,-0.9706083149695567,0.9556040547707487,0.6042739412242004,0.4779184106095101,-0.5586966223494187,-0.39287279228005906,0.030029339943549668,-0.9825831855452749,-0.12424161356577526,0.9972092564618898,-0.9998258774505268,0.9984279666473379,0.2173445065815599,-0.129386924566616,0.47335521622595017,-0.9984274274586541
-0.9998236782973939,0.9993008698300706,0.9999999984443922,0.9998228953627133,-0.9998232492600332,-0.985882851201275,0.9858824303910853,0.5414138492557262,0.0776935775566019,-0.9397860536457445,0.9550078747967023,-0.5808732287638955,-0.9999972313328047,-0.9609396988077761,0.9659429743688734,0.5740879138588239,0.5103971728407044,-0.5892873326733996,-0.42694959701181145,0.06734654649157515,-0.9888378401832195,-0.16122038547656967,0.9993010113877125,-0.99842928642638,0.9998226376146081,0.253654648538373,-0.1663375255530217,0.5059293177023267,-0.99982212128517
-0.9992998800990474,0.9984282516882299,0.9998228953627133,0.9999999978306023,-0.9999973102327547,-0.9825825068405999,0.9825820983116689,0.5256133826117234,0.09630404936590135,-0.9332374377886715,0.9603809711178346,-0.5959774443937385,-0.9998223749216224,-0.9556016217674299,0.9706076522627947,0.5586919846014706,0.5263720056340161,-0.6042766919169614,-0.4437672592094779,0.08597288999002534,-0.9914480666438955,-0.1796283494171717,0.9998239704358199,-0.9972082172330597,0.9999967170315534,0.2716798631127344,-0.18472872413344868,0.5219541706045197,-0.9999962111078174
0.9993003049447593,-0.9984286838399962,-0.9998232492600332,-0.9999973102327547,0.9999999984198625,0.9825829792167343,-0.9825825713021239,-0.5256138891148763,-0.09630377442233669,0.9332379696484133,-0.9603813111567271,0.5959774537121477,0.9998227922738715,0.9556021227226938,-0.9706079882662432,-0.5586924914962013,-0.5263719636451062,0.6042766980839336,0.44376716843873854,-0.08597260750041788,0.9914484421599389,0.1796281130334551,-0.9998243169204463,0.9972086572543069,-0.9999970640803095,-0.27167967526217507,0.1847284922512795,-0.521954129893184,0.9999966215937879
0.9888391575166741,-0.9914505309427076,-0.985882851201275,-0.9825825068405999,0.9825829792167343,1.0000000025951417,-1.000003051260812,-0.6745487660332407,0.09033772455341935,0.9837455303728216,-0.8918697072679538,0.4363786809887066,0.9858822744782371,0.9937166905010444,-0.908982972983373,-0.7030842641573087,-0.35920417637244534,0.4456902895292033,0.269510685078395,0.10066472994384006,0.9499335785059783,-0.006305671336114465,-0.978941596856613,0.9937159389309884,-0.9825821337592887,-0.08810970412538724,-0.0011185124237866322,-0.35435805602226156,0.9825815247364645
-0.9888387252682183,0.9914500880408453,0.9858824303910853,0.9825820983116689,-0.9825825713021239,-1.000003051260812,1.0000000018552944,0.67454800624046,-0.09033710581180121,-0.9837449393273281,0.8918695256707981,-0.43637898282179544,-0.9858818530154074,-0.9937160510845183,0.9089827463962075,0.703083496496707,0.35920453298529015,-0.44569057892066,-0.2695111049640639,-0.10066410634606078,-0.9499332670203618,0.0063050923235561645,0.978941204560582,-0.9937154218772412,0.9825817245348495,0.08811023385423766,0.0011179356526608822,0.3543584183441155,-0.9825811148476963
-0.5570255495416208,0.5724430549952134,0.5414138492557262,0.5256133826117234,-0.5256138891148763,-0.6745487660332407,0.67454800624046,1.0000000000357052,-0.7961496735315808,-0.7961500254399748,0.26771036464145276,0.36987555130162864,-0.5414132943929119,-0.7529529433810055,0.305428325763043,0.9992252180515291,-0.4466612656199334,0.36021665367563643,0.5291174746549235,-0.8023841972423662,-0.4101083480119451,0.7424700453622227,0.5096324502793661,-0.5876608182595948,0.5256126664345239,-0.6759261180677769,0.7389854918279108,-0.4512964732560789,-0.5256119062253498
-0.05905579149089346,0.04039727884488375,0.0776935775566019,0.09630404936590135,-0.09630377442233669,0.09033772455341935,-0.09033710581180121,-0.7961496735315808,1.0000000000442286,0.2677094412493481,0.3698755246816716,-0.8566631520090601,-0.0776938306731879,0.20126193950485974,0.33301865300985195,-0.7717153676245926,0.896994079491196,-0.8512651000774178,-0.9347135128993771,0.99994606775306,-0.2253654370544667,-0.9964612028559093,0.11487896205059517,-0.02172467598788604,0.09630468559101123,0.9840786133230338,-0.9960120037893307,0.8992750893712246,-0.09630518898012824
0.9460067825871691,-0.9518975688073363,-0.9397860536457445,-0.9332374377886715,0.9332379696484133,0.9837455303728216,-0.9837449393273281,-0.7961500254399748,0.2677094412493481,0.9999999997635809,-0.7961498465776945,0.26770973769513673,0.9397854230689937,0.9976643313284731,-0.8193513471796716,-0.8193506758689251,-0.1857747518945833,0.2776914730106169,0.09219922299961306,0.27769056472012543,0.8783801372341241,-0.18577419418966667,-0.9263659081431516,0.9574562155540308,-0.933236933668375,0.092198955128684,-0.1806748746852245,-0.18067512687836196,0.9332362264515388
-0.9493014500136747,0.94326385181006,0.9550078747967023,0.9603809711178346,-0.9603813111567271,-0.8918697072679538,0.8918695256707981,0.26771036464145276,0.3698755246816716,-0.7961498465776945,0.9999999995378119,-0.7961495149940366,-0.9550074259486242,-0.8356284794712511,0.9992250678088035,0.30542749106185035,0.7424701674196142,-0.8023846083712015,-0.6759260067810754,0.36021703892410406,-0.9885366533685176,-0.4466613638175478,0.9654203553759411,-0.9368971296890951,0.9603808849554416,0.5291173338308529,-0.451296457893112,0.7389852374117347,-0.960380519416749
0.5655661413126618,-0.550061669047915,-0.5808732287638955,-0.5959774443937385,0.5959774537121477,0.4363786809887066,-0.43637898282179544,0.36987555130162864,-0.8566631520090601,0.26770973769513673,-0.7961495149940366,1.0000000001159315,0.5808731448051323,0.33290686120831753,-0.7717152153891217,0.3330191361146546,-0.996461448605094,0.9999464636175318,0.9840787311045827,-0.85126513620683,0.6956671621728742,0.8969940739146587,-0.6108732035576366,0.5343652721986505,-0.5959778112751691,-0.9347134777587881,0.8992752127435792,-0.9960119547044133,0.5959779365487977
0.9998232099606372,-0.9993003301900012,-0.9999972313328047,-0.9998223749216224,0.9998227922738715,0.9858822744782371,-0.9858818530154074,-0.5414132943929119,-0.0776938306731879,0.9397854230689937,-0.9550074259486242,0.5808731448051323,0.9999999976934454,0.9609390975191934,-0.9659425295744609,-0.5740873562359963,-0.5103971470458574,0.5892872507369158,0.426949628640673,-0.06734680753732879,0.9888373551992161,0.16122059054337617,-0.9993004919137796,0.998428739169574,-0.9998221180713509,-0.2536547953937065,0.16633772591886922,-0.505929291280221,0.9998216026025881
0.9659424701803025,-0.9706083149695567,-0.9609396988077761,-0.9556016217674299,0.9556021227226938,0.9937166905010444,-0.9937160510845183,-0.7529529433810055,0.20126193950485974,0.9976643313284731,-0.8356284794712511,0.33290686120831753,0.9609390975191934,1.0000000014928663,-0.8566032314986701,-0.778272516397561,-0.2524676126164721,0.3426721041702696,0.16000881888886756,0.2114131110635454,0.9089818225358005,-0.11821372183938966,-0.9499326081541988,0.9749354712140197,-0.9556011775499875,0.023958751944263654,-0.11306134317790967,-0.24744479498058486,0.955600516298641
-0.9609411388528458,0.9556040547707487,0.9659429743688734,0.9706076522627947,-0.9706079882662432,-0.908982972983373,0.9089827463962075,0.305428325763043,0.33301865300985195,-0.8193513471796716,0.9992250678088035,-0.7717152153891217,-0.9659425295744609,-0.8566032314986701,1.0000000008913246,0.3426722216573368,0.7155276383757319,-0.7782719870961108,-0.6463941150983257,0.3232186756952137,-0.9937145731157463,-0.41109830003517805,0.9749350299543511,-0.9499335224961383,0.9706075598769437,0.4953071211124291,-0.4158214052736611,0.7118940497045204,-0.9706071891781742
-0.5892836577385977,0.6042739412242004,0.5740879138588239,0.5586919846014706,-0.5586924914962013,-0.7030842641573087,0.703083496496707,0.9992252180515291,-0.7717153676245926,-0.8193506758689251,0.30542749106185035,0.3330191361146546,-0.5740873562359963,-0.778272516397561,0.3426722216573368,1.0000000004675493,-0.4110985885969198,0.32321873946454094,0.49530757722241575,-0.7782715119393508,-0.44568973664138806,0.7155275652344003,0.5431040173835583,-0.6190533652816805,0.5586912837146024,-0.6463943798657076,0.7118943779125037,-0.4158218190127291,-0.5586905266978172
-0.4942440496067865,0.4779184106095101,0.5103971728407044,0.5263720056340161,-0.5263719636451062,-0.35920417637244534,0.35920453298529015,-0.4466612656199334,0.896994079491196,-0.1857747518945833,0.7424701674196142,-0.996461448605094,-0.5103971470458574,-0.2524676126164721,0.7155276383757319,-0.4110985885969198,1.0000000004916358,-0.9955359254964357,-0.9955360239773381,0.8923598797997406,-0.6328229342753195,-0.9309761724027275,0.542162395032026,-0.4614260166073088,0.5263724282030107,0.9612794990221442,-0.9328575991219299,0.9999871872059408,-0.5263726224303105
0.5740921599934626,-0.5586966223494187,-0.5892873326733996,-0.6042766919169614,0.6042766980839336,0.4456902895292033,-0.44569057892066,0.36021665367563643,-0.8512651000774178,0.2776914730106169,-0.8023846083712015,0.9999464636175318,0.5892872507369158,0.3426721041702696,-0.7782719870961108,0.32321873946454094,-0.9955359254964357,1.000000000418709,0.9821819699137319,-0.845775480648353,0.7030829422006557,0.8923598927440293,-0.6190546807392154,0.5431061413691229,-0.6042770605292104,-0.9309760969546034,0.8946891621316453,-0.995032875330699,0.6042771863966973
0.40998275821532504,-0.39287279228005906,-0.42694959701181145,-0.4437672592094779,0.44376716843873854,0.269510685078395,-0.2695111049640639,0.5291174746549235,-0.9347135128993771,0.09219922299961306,-0.6759260067810754,0.9840787311045827,0.426949628640673,0.16000881888886756,-0.6463941150983257,0.49530757722241575,-0.9955360239773381,0.9821819699137319,1.0000000005470047,-0.9309760553553055,0.5569123201324139,0.9612794777711628,-0.46042904564813264,0.3756257477267803,-0.44376773311288087,-0.9829992762777521,0.9626962579190287,-0.9960122492885413,0.44376799505378306
-0.048696499944439565,0.030029339943549668,0.06734654649157515,0.08597288999002534,-0.08597260750041788,0.10066472994384006,-0.10066410634606078,-0.8023841972423662,0.99994606775306,0.27769056472012543,0.36021703892410406,-0.85126513620683,-0.06734680753732879,0.2114131110635454,0.3232186756952137,-0.7782715119393508,0.8923598797997406,-0.845775480648353,-0.9309760553553055,0.9999999999027189,-0.2152459865502978,-0.9955354184269096,0.1045672452950836,-0.011351707838556286,0.08597353094759667,0.982181657841359,-0.9950326795722763,0.8946890205722766,-0.08597404230692891
0.9858824828590692,-0.9825831855452749,-0.9888378401832195,-0.9914480666438955,0.9914484421599389,0.9499335785059783,-0.9499332670203618,-0.4101083480119451,-0.2253654370544667,0.8783801372341241,-0.9885366533685176,0.6956671621728742,0.9888373551992161,0.9089818225358005,-0.9937145731157463,-0.44568973664138806,-0.6328229342753195,0.7030829422006557,0.5569123201324139,-0.2152459865502978,1.0000000002263891,0.3064614887166925,-0.9937139076887834,0.9789410207078327,-0.9914479006302676,-0.39494051953693377,0.3113949749649821,-0.6287977001453031,0.9914474625545049
0.14275596076636604,-0.12424161356577526,-0.16122038547656967,-0.1796283494171717,0.1796281130334551,-0.006305671336114465,0.0063050923235561645,0.7424700453622227,-0.9964612028559093,-0.18577419418966667,-0.4466613638175478,0.8969940739146587,0.16122059054337617,-0.11821372183938966,-0.41109830003517805,0.7155275652344003,-0.9309761724027275,0.8923598927440293,0.9612794777711628,-0.9955354184269096,0.3064614887166925,1.0000000002354148,-0.19797186787899576,0.10568392066620236,-0.17962895572819756,-0.995535797769074,0.9999871101524901,-0.9328574395797737,0.17962940928512222
-0.9984292874871816,0.9972092564618898,0.9993010113877125,0.9998239704358199,-0.9998243169204463,-0.978941596856613,0.978941204560582,0.5096324502793661,0.11487896205059517,-0.9263659081431516,0.9654203553759411,-0.6108732035576366,-0.9993004919137796,-0.9499326081541988,0.9749350299543511,0.5431040173835583,0.542162395032026,-0.6190546807392154,-0.46042904564813264,0.1045672452950836,-0.9937139076887834,-0.19797186787899576,0.9999999999418278,-0.9956411850489747,0.9998237324975363,0.289608752587443,-0.20305371899318952,0.5377961289101857,-0.9998232321457404
0.9993019138307926,-0.9998258774505268,-0.99842928642638,-0.9972082172330597,0.9972086572543069,0.9937159389309884,-0.9937154218772412,-0.5876608182595948,-0.02172467598788604,0.9574562155540308,-0.9368971296890951,0.5343652721986505,0.998428739169574,0.9749354712140197,-0.9499335224961383,-0.6190533652816805,-0.4614260166073088,0.5431061413691229,0.3756257477267803,-0.011351707838556286,0.9789410207078327,0.10568392066620236,-0.9956411850489747,1.0000000007712275,-0.9972079174619206,-0.19907246124620914,0.11084062744445139,-0.45681753636063704,0.9972073659451691
-0.9992996090834624,0.9984279666473379,0.9998226376146081,0.9999967170315534,-0.9999970640803095,-0.9825821337592887,0.9825817245348495,0.5256126664345239,0.09630468559101123,-0.933236933668375,0.9603808849554416,-0.5959778112751691,-0.9998221180713509,-0.9556011775499875,0.9706075598769437,0.5586912837146024,0.5263724282030107,-0.6042770605292104,-0.44376773311288087,0.08597353094759667,-0.9914479006302676,-0.17962895572819756,0.9998237324975363,-0.9972079174619206,0.9999999974809113,0.27168042890770994,-0.18472932714473397,0.5219545925248924,-0.999995903394149
-0.23554072019242986,0.2173445065815599,0.253654648538373,0.2716798631127344,-0.27167967526217507,-0.08810970412538724,0.08811023385423766,-0.6759261180677769,0.9840786133230338,0.092198955128684,0.5291173338308529,-0.9347134777587881,-0.2536547953937065,0.023958751944263654,0.4953071211124291,-0.6463943798657076,0.9612794990221442,-0.9309760969546034,-0.9829992762777521,0.982181657841359,-0.39494051953693377,-0.995535797769074,0.289608752587443,-0.19907246124620914,0.27168042890770994,1.0000000004391945,-0.9960122728609946,0.9626960884262095,-0.27168082021485673
0.14788808097375325,-0.129386924566616,-0.1663375255530217,-0.18472872413344868,0.1847284922512795,-0.0011185124237866322,0.0011179356526608822,0.7389854918279108,-0.9960120037893307,-0.1806748746852245,-0.451296457893112,0.8992752127435792,0.16633772591886922,-0.11306134317790967,-0.4158214052736611,0.7118943779125037,-0.9328575991219299,0.8946891621316453,0.9626962579190287,-0.9950326795722763,0.3113949749649821,0.9999871101524901,-0.20305371899318952,0.11084062744445139,-0.18472932714473397,-0.9960122728609946,1.0000000005991556,-0.9347138075485809,0.184729775859347
-0.48972773580003537,0.47335521622595017,0.5059293177023267,0.5219541706045197,-0.521954129893184,-0.35435805602226156,0.3543584183441155,-0.4512964732560789,0.8992750893712246,-0.18067512687836196,0.7389852374117347,-0.9960119547044133,-0.505929291280221,-0.24744479498058486,0.7118940497045204,-0.4158218190127291,0.9999871872059408,-0.995032875330699,-0.9960122492885413,0.8946890205722766,-0.6287977001453031,-0.9328574395797737,0.5377961289101857,-0.45681753636063704,0.5219545925248924,0.9626960884262095,-0.9347138075485809,1.0000000004592922,-0.5219547867415034
0.9992990816414234,-0.9984274274586541,-0.99982212128517,-0.9999962111078174,0.9999966215937879,0.9825815247364645,-0.9825811148476963,-0.5256119062253498,-0.09630518898012824,0.9332362264515388,-0.960380519416749,0.5959779365487977,0.9998216026025881,0.955600516298641,-0.9706071891781742,-0.5586905266978172,-0.5263726224303105,0.6042771863966973,0.44376799505378306,-0.08597404230692891,0.9914474625545049,0.17962940928512222,-0.9998232321457404,0.9972073659451691,-0.999995903394149,-0.27168082021485673,0.184729775859347,-0.5219547867415034,0.999999996760197
