1.000000009600462,-1.0000124503029457,1.0000134557926563,1.000010266437211,1.0000108011192244,-1.000010599818679,1.000007233002067,1.0000141649316858,-0.9999961273155211,0.9999958974919406,0.9999964544451676,0.9999964544451652,-0.9999961252374564,-0.9999961252374592,1.0000056708997387,-1.000003425436322,-1.0000081564387435,1.0000016218208962,1.0000088276684758,-1.000004185837534,-0.9999981247390203,0.9999968375012156,0.9999968375012132,-1.00001021359647,-1.0000094313081571,1.0000099144577754,-1.000018062823584,1.0000173183630174,1.0000173183630197,1.000019185912602,-1.0000159708263148,-1.0000159708263137
-1.0000124503029457,1.0000000081944085,-1.0000124503029502,-1.000009260949881,-1.0000098157757384,1.0000096144754134,-1.000006247660276,-1.0000131795867164,0.9999951419760607,-0.9999949121533959,-0.9999954691051391,-0.9999954691051376,0.9999951398991488,0.9999951398991533,-1.0000046855578646,1.0000024400956966,1.0000071710954503,-1.0000006364812288,-1.0000078423247756,1.0000032004969712,0.9999971394005144,-0.9999958521629521,-0.9999958521629484,1.0000092282518749,1.0000084459640777,-1.0000089291133825,1.0000170774764716,-1.0000163330163294,-1.0000163330163319,-1.0000182005646723,1.0000149854803733,1.0000149854803726
1.0000134557926563,-1.0000124503029502,1.000000009600462,1.000010266437212,1.0000108011192268,-1.000010599818682,1.0000072330020693,1.0000141649316883,-0.9999961273155251,0.9999958974919445,0.9999964544451699,0.9999964544451675,-0.9999961252374578,-0.9999961252374611,1.000005670899741,-1.0000034254363255,-1.0000081564387473,1.0000016218208976,1.0000088276684787,-1.0000041858375381,-0.9999981247390228,0.9999968375012183,0.999996837501216,-1.0000102135964724,-1.00000943130816,1.000009914457778,-1.0000180628235866,1.0000173183630208,1.0000173183630225,1.000019185912605,-1.0000159708263163,-1.0000159708263165
1.000010266437211,-1.000009260949881,1.000010266437212,1.0000000050493734,1.000007611776058,-1.0000074104762473,1.000004043662746,1.0000109755853683,-0.9999929379760022,0.9999927081560022,0.9999932651035981,0.9999932651035955,-0.9999929359027043,-0.9999929359027064,1.0000024815586885,-1.0000002360984461,-1.0000049469513559,0.9999984324853817,1.0000056383226765,-1.0000009965005865,-0.9999949354052072,0.9999936481672648,0.9999936481672608,-1.000007004105529,-1.0000062419613263,1.0000067251100806,-1.0000148734718584,1.0000141290123938,1.0000141290123958,1.0000159965585056,-1.0000127814775828,-1.000012781477581
1.0000108011192244,-1.0000098157757384,1.0000108011192268,1.000007611776058,1.0000000058123417,-1.0000079250056433,1.0000045783496865,1.0000115102429912,-0.9999934727347278,0.9999932429084181,0.9999937998646761,0.9999937998646733,-0.999993470651077,-0.9999934706510795,1.0000030162594262,-1.0000007708067056,-1.0000055017867608,0.9999989672000987,1.0000061730134562,-1.000001531201943,-0.999995470138694,0.9999941829093204,0.9999941829093176,-1.0000075589354447,-1.0000067766504745,1.0000072597980016,-1.0000154081161996,1.0000146636591167,1.000014663659119,1.0000165312007812,-1.0000133161288534,-1.0000133161288518
-1.000010599818679,1.0000096144754134,-1.000010599818682,-1.0000074104762473,-1.0000079250056433,1.000000005525094,-1.0000043569078316,-1.0000112887993153,0.999993271438778,-0.9999930416124377,-0.999993598568687,-0.999993598568684,0.9999932693549968,0.999993269355,-1.000002814960749,1.000000569508594,1.0000053004874612,-0.9999987659024454,-1.0000059717139922,1.0000013299035837,0.9999952688420086,-0.9999939816130115,-0.9999939816130083,1.0000073576356436,1.0000065753508613,-1.0000070584982714,1.000015206814217,-1.0000144623573213,-1.0000144623573237,-1.0000163298985367,1.0000131148273956,1.000013114827394
1.000007233002067,-1.000006247660276,1.0000072330020693,1.000004043662746,1.0000045783496865,-1.0000043569078316,1.0000000007207916,1.0000079421501569,-0.9999899045863667,0.9999896747675905,0.999990231712781,0.9999902317127797,-0.9999899025139479,-0.9999899025139501,0.9999994481453175,-0.9999972026911748,-1.0000019336738848,0.9999953990829766,1.0000026049006752,-0.9999979429489352,-0.9999919020117086,0.9999906147769033,0.9999906147769008,-1.000003990822347,-1.000003208537654,1.000003691685062,-1.0000118400260762,1.0000110955686417,1.000011095568644,1.0000129631095256,-1.000009748037489,-1.000009748037488
1.0000141649316858,-1.0000131795867164,1.0000141649316883,1.0000109755853683,1.0000115102429912,-1.0000112887993153,1.0000079421501569,1.0000000106123488,-0.9999968365824206,0.9999966067485947,0.9999971637158444,0.9999971637158399,-0.9999968344874847,-0.9999968344874888,1.0000063800705676,-1.0000041346197794,-1.0000088655961064,1.0000023310151722,1.000009536822557,-1.0000048950096174,-0.9999988339644614,0.9999975467408317,0.999997546740829,-1.0000109227445513,-1.000010140459479,1.0000106236070139,-1.0000187719004676,1.0000180274439063,1.0000180274439099,1.0000198949859338,-1.000016659772159,-1.0000166597721565
-0.9999961273155211,0.9999951419760607,-0.9999961273155251,-0.9999929379760022,-0.9999934727347278,0.999993271438778,-0.9999899045863667,-0.9999968365824206,0.9999999848732273,-0.9999785487257195,-0.9999791056219249,-0.9999791056219188,0.9999787966335195,0.9999787966335225,-0.9999883424283859,0.9999860969546228,0.9999908279770583,-0.9999842933285485,-0.999991499208161,0.9999868573839836,0.9999807961906353,-0.9999795089228134,-0.9999795089228115,0.9999928851363122,0.9999921028484197,-0.9999925859980593,1.0000007344935529,-0.9999999900301728,-0.9999999900301758,-1.0000018575781262,0.9999986424870873,0.9999986424870854
0.9999958974919406,-0.9999949121533959,0.9999958974919445,0.9999927081560022,0.9999932429084181,-0.9999930416124377,0.9999896747675905,0.9999966067485947,-0.9999785487257195,0.9999999845453313,0.9999788959808427,0.9999788959808411,-0.999978546702064,-0.9999785467020653,0.9999881126159235,-0.9999858671462347,-0.9999905981602202,0.9999840635235978,0.9999912693902294,-0.9999866275724442,-0.9999805663948976,0.9999792791311416,0.9999792791311392,-0.9999926553163149,-0.9999918730295514,0.9999923561784745,-1.0000005046525673,0.9999997601904932,0.9999997601904947,1.0000016277357966,-0.9999984126498626,-0.9999984126498614
0.9999964544451676,-0.9999954691051391,0.9999964544451699,0.9999932651035981,0.9999937998646761,-0.999993598568687,0.999990231712781,0.9999971637158444,-0.9999791056219249,0.9999788959808427,0.9999999853400034,0.9999794528760254,-0.9999791237466307,-0.9999791237466339,0.99998866955219,-0.9999864240764391,-0.9999911551030186,0.999984620448709,0.9999918263346733,-0.9999871845070974,-0.9999811233066903,0.9999798360371185,0.9999798360371158,-0.9999932122638926,-0.9999924299754107,0.9999929131254247,-1.0000010616304598,1.000000317166437,1.0000003171664391,1.0000021847157856,-0.9999989696221534,-0.9999989696221525
0.9999964544451652,-0.9999954691051376,0.9999964544451675,0.9999932651035955,0.9999937998646733,-0.999993598568684,0.9999902317127797,0.9999971637158399,-0.9999791056219188,0.9999788959808411,0.9999794528760254,0.9999999853400034,-0.9999791237466293,-0.9999791237466318,0.9999886695521872,-0.9999864240764359,-0.999991155103016,0.999984620448708,0.9999918263346711,-0.999987184507095,-0.9999811233066881,0.9999798360371162,0.9999798360371143,-0.9999932122638907,-0.9999924299754083,0.9999929131254217,-1.0000010616304569,1.0000003171664338,1.0000003171664362,1.000002184715785,-0.9999989696221515,-0.9999989696221484
-0.9999961252374564,0.9999951398991488,-0.9999961252374578,-0.9999929359027043,-0.999993470651077,0.9999932693549968,-0.9999899025139479,-0.9999968344874847,0.9999787966335195,-0.999978546702064,-0.9999791237466307,-0.9999791237466293,0.99999998487034,0.9999787946070248,-0.9999883403659349,0.9999860948981203,0.9999908259082366,-0.9999842912771072,-0.9999914971377695,0.9999868553225023,0.9999807941532639,-0.999979486749073,-0.9999795068917481,0.9999928830629977,0.9999921007766918,-0.9999925839253181,1.0000007323881366,-0.9999999879266549,-0.9999999879266576,-1.0000018554708907,0.9999986403871605,0.9999986403871584
-0.9999961252374592,0.9999951398991533,-0.9999961252374611,-0.9999929359027064,-0.9999934706510795,0.999993269355,-0.9999899025139501,-0.9999968344874888,0.9999787966335225,-0.9999785467020653,-0.9999791237466339,-0.9999791237466318,0.9999787946070248,0.99999998487034,-0.9999883403659373,0.9999860948981234,0.9999908259082398,-0.9999842912771103,-0.9999914971377717,0.9999868553225045,0.9999807941532677,-0.9999795068917522,-0.9999794867490707,0.9999928830630015,0.9999921007766958,-0.9999925839253205,1.0000007323881392,-0.9999999879266581,-0.9999999879266595,-1.0000018554708945,0.9999986403871629,0.9999986403871597
1.0000056708997387,-1.0000046855578646,1.000005670899741,1.0000024815586885,1.0000030162594262,-1.000002814960749,0.9999994481453175,1.0000063800705676,-0.9999883424283859,0.9999881126159235,0.99998866955219,0.9999886695521872,-0.9999883403659349,-0.9999883403659373,0.9999999984917235,-0.9999956204314342,-1.0000003514241314,0.9999938369615958,1.0000010427947705,-0.9999964009804028,-0.9999903398759298,0.9999890526342265,0.9999890526342244,-1.0000024287183955,-1.0000016464326853,1.000002129580771,-1.0000102779551836,1.0000095334962347,1.000009533496238,1.0000114010394416,-1.0000081859621208,-1.000008185962121
-1.000003425436322,1.0000024400956966,-1.0000034254363255,-1.0000002360984461,-1.0000007708067056,1.000000569508594,-0.9999972026911748,-1.0000041346197794,0.9999860969546228,-0.9999858671462347,-0.9999864240764391,-0.9999864240764359,0.9999860948981203,0.9999860948981234,-0.9999956204314342,0.9999999952875354,0.999998126107553,-0.9999915713597402,-0.9999987973353212,0.9999941555239101,0.9999880944127745,-0.9999868071686554,-0.9999868071686537,1.0000001832582852,0.9999994009729992,-0.9999998841208521,1.0000080325044414,-1.0000072880455695,-1.000007288045573,-1.0000091555876978,1.0000059405114696,1.0000059405114672
-1.0000081564387435,1.0000071710954503,-1.0000081564387473,-1.0000049469513559,-1.0000055017867608,1.0000053004874612,-1.0000019336738848,-1.0000088655961064,0.9999908279770583,-0.9999905981602202,-0.9999911551030186,-0.999991155103016,0.9999908259082366,0.9999908259082398,-1.0000003514241314,0.999998126107553,1.0000000020384894,-0.999996322495099,-1.000003508186473,0.9999988865112406,0.9999928254134055,-0.9999915381741858,-0.9999915381741832,1.000004914253595,1.0000041319673658,-1.000004615115742,1.0000127634809906,-1.0000120190218964,-1.0000120190218993,-1.0000138865664083,1.0000106714876624,1.0000106714876604
1.0000016218208962,-1.0000006364812288,1.0000016218208976,0.9999984324853817,0.9999989672000987,-0.9999987659024454,0.9999953990829766,1.0000023310151722,-0.9999842933285485,0.9999840635235978,0.999984620448709,0.999984620448708,-0.9999842912771072,-0.9999842912771103,0.9999938369615958,-0.9999915713597402,-0.999996322495099,0.9999999927138458,0.9999969937227805,-0.9999923317707096,-0.9999862706532578,0.9999850035496276,0.9999850035496245,-0.999998379645329,-0.9999975973603197,0.9999980805080263,-1.000006228900289,1.0000054844414075,1.0000054844414097,1.0000073519828152,-1.0000041369071706,-1.0000041369071708
1.0000088276684758,-1.0000078423247756,1.0000088276684787,1.0000056383226765,1.0000061730134562,-1.0000059717139922,1.0000026049006752,1.000009536822557,-0.999991499208161,0.9999912693902294,0.9999918263346733,0.9999918263346711,-0.9999914971377695,-0.9999914971377717,1.0000010427947705,-0.9999987973353212,-1.000003508186473,0.9999969937227805,1.0000000029963072,-0.999999557738415,-0.9999934966418623,0.9999922094031802,0.9999922094031775,-1.0000055854821985,-1.000004783053117,1.0000052863442703,-1.0000134347077336,1.0000126902485607,1.0000126902485635,1.0000145577935056,-1.0000113427142177,-1.000011342714216
-1.000004185837534,1.0000032004969712,-1.0000041858375381,-1.0000009965005865,-1.000001531201943,1.0000013299035837,-0.9999979429489352,-1.0000048950096174,0.9999868573839836,-0.9999866275724442,-0.9999871845070974,-0.999987184507095,0.9999868553225023,0.9999868553225045,-0.9999964009804028,0.9999941555239101,0.9999988865112406,-0.9999923317707096,-0.999999557738415,0.9999999963726088,0.999988854831004,-0.9999875675903589,-0.999987567590356,1.000000943660374,1.000000161375611,-1.0000006445231164,1.0000087928898578,-1.000008048431759,-1.0000080484317608,-1.0000099159726887,1.0000067008991642,1.0000067008991615
-0.9999981247390203,0.9999971394005144,-0.9999981247390228,-0.9999949354052072,-0.999995470138694,0.9999952688420086,-0.9999919020117086,-0.9999988339644614,0.9999807961906353,-0.9999805663948976,-0.9999811233066903,-0.9999811233066881,0.9999807941532639,0.9999807941532677,-0.9999903398759298,0.9999880944127745,0.9999928254134055,-0.9999862706532578,-0.9999934966418623,0.999988854831004,0.9999999877236102,-0.9999814862897092,-0.9999814862897036,0.9999948825653701,0.9999941002799416,-0.9999945834279741,1.0000027318567886,-1.000001987396736,-1.000001987396737,-1.000003854938995,1.0000006398600703,1.0000006398600694
0.9999968375012156,-0.9999958521629521,0.9999968375012183,0.9999936481672648,0.9999941829093204,-0.9999939816130115,0.9999906147769033,0.9999975467408317,-0.9999795089228134,0.9999792791311416,0.9999798360371185,0.9999798360371162,-0.999979486749073,-0.9999795068917522,0.9999890526342265,-0.9999868071686554,-0.9999915381741858,0.9999850035496276,0.9999922094031802,-0.9999875675903589,-0.9999814862897092,0.999999985886743,0.9999802191740318,-0.9999935953275112,-0.999992813041673,0.9999932961899891,-1.0000014446374896,1.0000007001767024,1.0000007001767055,1.000002567719873,-0.999999352638569,-0.9999993526385674
0.9999968375012132,-0.9999958521629484,0.999996837501216,0.9999936481672608,0.9999941829093176,-0.9999939816130083,0.9999906147769008,0.999997546740829,-0.9999795089228115,0.9999792791311392,0.9999798360371158,0.9999798360371143,-0.9999795068917481,-0.9999794867490707,0.9999890526342244,-0.9999868071686537,-0.9999915381741832,0.9999850035496245,0.9999922094031775,-0.999987567590356,-0.9999814862897036,0.9999802191740318,0.999999985886743,-0.9999935953275079,-0.9999928130416698,0.9999932961899861,-1.0000014446374867,1.000000700176699,1.0000007001767028,1.0000025677198696,-0.9999993526385667,-0.9999993526385639
-1.00001021359647,1.0000092282518749,-1.0000102135964724,-1.000007004105529,-1.0000075589354447,1.0000073576356436,-1.000003990822347,-1.0000109227445513,0.9999928851363122,-0.9999926553163149,-0.9999932122638926,-0.9999932122638907,0.9999928830629977,0.9999928830630015,-1.0000024287183955,1.0000001832582852,1.000004914253595,-0.999998379645329,-1.0000055854821985,1.000000943660374,0.9999948825653701,-0.9999935953275112,-0.9999935953275079,1.000000004973972,1.0000061891208132,-1.0000066521268591,1.0000148206308106,-1.0000140761713887,-1.0000140761713925,-1.0000159437173948,1.0000127286366585,1.0000127286366574
-1.0000094313081571,1.0000084459640777,-1.00000943130816,-1.0000062419613263,-1.0000067766504745,1.0000065753508613,-1.000003208537654,-1.000010140459479,0.9999921028484197,-0.9999918730295514,-0.9999924299754107,-0.9999924299754083,0.9999921007766918,0.9999921007766958,-1.0000016464326853,0.9999994009729992,1.0000041319673658,-0.9999975973603197,-1.000004783053117,1.000000161375611,0.9999941002799416,-0.999992813041673,-0.9999928130416698,1.0000061891208132,1.000000003857677,-1.0000058698401308,1.0000140383450367,-1.0000132938857729,-1.0000132938857744,-1.0000151614311468,1.0000119463512909,1.0000119463512918
1.0000099144577754,-1.0000089291133825,1.000009914457778,1.0000067251100806,1.0000072597980016,-1.0000070584982714,1.000003691685062,1.0000106236070139,-0.9999925859980593,0.9999923561784745,0.9999929131254247,0.9999929131254217,-0.9999925839253181,-0.9999925839253205,1.000002129580771,-0.9999998841208521,-1.000004615115742,0.9999980805080263,1.0000052863442703,-1.0000006445231164,-0.9999945834279741,0.9999932961899891,0.9999932961899861,-1.0000066521268591,-1.0000058698401308,1.0000000045471127,-1.0000145214929557,1.0000137770336026,1.0000137770336057,1.000015644579349,-1.000012429498986,-1.000012429498985
-1.000018062823584,1.0000170774764716,-1.0000180628235866,-1.0000148734718584,-1.0000154081161996,1.000015206814217,-1.0000118400260762,-1.0000187719004676,1.0000007344935529,-1.0000005046525673,-1.0000010616304598,-1.0000010616304569,1.0000007323881366,1.0000007323881392,-1.0000102779551836,1.0000080325044414,1.0000127634809906,-1.000006228900289,-1.0000134347077336,1.0000087928898578,1.0000027318567886,-1.0000014446374896,-1.0000014446374867,1.0000148206308106,1.0000140383450367,-1.0000145214929557,1.0000000161744655,-1.0000219051704335,-1.0000219051704329,-1.0000237727142545,1.0000205777841,1.0000205777840983
1.0000173183630174,-1.0000163330163294,1.0000173183630208,1.0000141290123938,1.0000146636591167,-1.0000144623573213,1.0000110955686417,1.0000180274439063,-0.9999999900301728,0.9999997601904932,1.000000317166437,1.0000003171664338,-0.9999999879266549,-0.9999999879266581,1.0000095334962347,-1.0000072880455695,-1.0000120190218964,1.0000054844414075,1.0000126902485607,-1.000008048431759,-1.000001987396736,1.0000007001767024,1.000000700176699,-1.0000140761713887,-1.0000132938857729,1.0000137770336026,-1.0000219051704335,1.000000015112153,1.0000211808565052,1.0000230483999235,-1.000019813184855,-1.0000198333275299
1.0000173183630197,-1.0000163330163319,1.0000173183630225,1.0000141290123958,1.000014663659119,-1.0000144623573237,1.000011095568644,1.0000180274439099,-0.9999999900301758,0.9999997601904947,1.0000003171664391,1.0000003171664362,-0.9999999879266576,-0.9999999879266595,1.000009533496238,-1.000007288045573,-1.0000120190218993,1.0000054844414097,1.0000126902485635,-1.0000080484317608,-1.000001987396737,1.0000007001767055,1.0000007001767028,-1.0000140761713925,-1.0000132938857744,1.0000137770336057,-1.0000219051704329,1.0000211808565052,1.000000015112153,1.0000230483999264,-1.0000198333275336,-1.0000198131848572
1.000019185912602,-1.0000182005646723,1.000019185912605,1.0000159965585056,1.0000165312007812,-1.0000163298985367,1.0000129631095256,1.0000198949859338,-1.0000018575781262,1.0000016277357966,1.0000021847157856,1.000002184715785,-1.0000018554708907,-1.0000018554708945,1.0000114010394416,-1.0000091555876978,-1.0000138865664083,1.0000073519828152,1.0000145577935056,-1.0000099159726887,-1.000003854938995,1.000002567719873,1.0000025677198696,-1.0000159437173948,-1.0000151614311468,1.000015644579349,-1.0000237727142545,1.0000230483999235,1.0000230483999264,1.0000000177770705,-1.000021700870316,-1.0000217008703143
-1.0000159708263148,1.0000149854803733,-1.0000159708263163,-1.0000127814775828,-1.0000133161288534,1.0000131148273956,-1.000009748037489,-1.000016659772159,0.9999986424870873,-0.9999984126498626,-0.9999989696221534,-0.9999989696221515,0.9999986403871605,0.9999986403871629,-1.0000081859621208,1.0000059405114696,1.0000106714876624,-1.0000041369071706,-1.0000113427142177,1.0000067008991642,1.0000006398600703,-0.999999352638569,-0.9999993526385667,1.0000127286366585,1.0000119463512909,-1.000012429498986,1.0000205777841,-1.000019813184855,-1.0000198333275336,-1.000021700870316,1.0000000131892788,1.0000184857985557
-1.0000159708263137,1.0000149854803726,-1.0000159708263165,-1.000012781477581,-1.0000133161288518,1.000013114827394,-1.000009748037488,-1.0000166597721565,0.9999986424870854,-0.9999984126498614,-0.9999989696221525,-0.9999989696221484,0.9999986403871584,0.9999986403871597,-1.000008185962121,1.0000059405114672,1.0000106714876604,-1.0000041369071708,-1.000011342714216,1.0000067008991615,1.0000006398600694,-0.9999993526385674,-0.9999993526385639,1.0000127286366574,1.0000119463512918,-1.000012429498985,1.0000205777840983,-1.0000198333275299,-1.0000198131848572,-1.0000217008703143,1.0000184857985557,1.0000000131892788
