0.9999999985705259,-0.9999993242325635,-0.9999950695631673,0.9999964771506756,0.9999963386670909,0.9999947294113021,0.9999947294113027,-0.5336182018449895,0.5336209471709681,-0.5336258937027061,0.9381607642857305,-0.09137840464835242,-0.9996126076518219,0.9980809217447498,0.999959661161258,0.9907078663830435,-0.9854967306995579,-0.9990605900277957,-0.9999832870982817,-0.9999827330838866,-0.99995905868328,-0.9701429174816704,0.678628072748956,0.9996947733947894,-0.9381587029573311,0.09137878993018322,-0.09137935052669252,0.09137954532016028,0.09137954532016077,-0.0913796860714697,-0.09137968607146936,0.09137973816661744
-0.9999993242325635,1.0000000020953626,0.9999989330907123,-0.9999975939750295,-0.9999974575706463,-0.999997421277043,-0.9999974212770433,0.5336171125256012,-0.5336199312035165,0.5336250251227573,-0.9381619623829731,0.0913811226220997,0.9996147085371752,-0.9980832592829332,-0.9999618544588638,-0.9907096488674757,0.9854993772628827,0.9990628731726633,0.9999855429002529,0.9999849904950571,0.9999612340619859,0.9701443977406552,-0.6786315814708866,-0.9996970323389746,0.9381598537023572,-0.09138158481139509,0.09138220688652694,-0.09138242843483424,-0.09138242843483493,0.09138258586780718,0.09138258586780687,-0.09138264378021761
-0.9999950695631673,0.9999989330907123,0.9999999960545962,-0.9999949366863331,-0.9999947971194144,-0.9999916761170423,-0.9999916761170489,0.5336195310476357,-0.5336222188889378,0.5336270499042927,-0.9381602512247671,0.09137595838663783,0.9996112745335974,-0.9980793760843982,-0.9999582387701857,-0.9907068243777372,0.9854949140064785,0.9990590868508531,0.9999818078641606,0.9999812537046298,0.9999576491678901,0.9701421500822993,-0.6786252932398948,-0.9996932899242568,0.9381582265108006,-0.0913762845613702,0.09137679787648266,-0.0913769720479574,-0.09137697204795805,0.09137709990731106,0.09137709990731085,-0.0913771474984467
0.9999964771506756,-0.9999975939750295,-0.9999949366863331,1.0000000030213678,0.9999848976649076,0.9999934458952727,0.9999934458952728,-0.5309933891373275,0.5309962593994577,-0.5310014585973701,0.9370849679372241,-0.09446738993993134,-0.9995240359000757,0.9982710028732262,0.999928813813615,0.9902838655814471,-0.9860212270181288,-0.9991930551464691,-0.999999325010252,-0.9999615816799181,-0.9999281814413031,-0.9693885451813672,0.6809054802702457,0.999769625889094,-0.9370828234874329,0.09446788078650524,-0.0944685231860426,0.09446875107477647,0.0944687510747774,-0.09446891216232388,-0.09446891216232356,0.09446897138344523
0.9999963386670909,-0.9999974575706463,-0.9999947971194144,0.9999848976649076,1.0000000028293365,0.9999933062978663,0.999993306297867,-0.5362343668967735,0.5362372173911658,-0.536242374063623,0.9392302298662634,-0.08829619545310036,-0.9996967127822094,0.9978870783277294,0.9999862910139429,0.9911265954633105,-0.9849695317006093,-0.9989241784909219,-0.9999620002819696,-0.9999986432126229,-0.9999856589701263,-0.9708913942117483,0.6763536555648618,0.9996158920814651,-0.9392281009367389,0.08829672584055168,-0.08829740628969053,0.08829765577341413,0.08829765577341447,-0.08829783095572517,-0.08829783095572487,0.08829789500964427
0.9999947294113021,-0.999997421277043,-0.9999916761170423,0.9999934458952727,0.9999933062978663,0.999999993787327,0.9999912926072931,-0.5336195350921553,0.5336222033050536,-0.5336269949327622,0.9381592005588025,-0.09137496406552238,-0.9996098589132155,0.998077883240303,0.9999567898894399,0.99070552545852,-0.9854933343744022,-0.9990576081412373,-0.999980338183866,-0.9999797846458218,-0.9999562045105175,-0.9701409733795069,0.6786236399621041,0.9996918181040432,-0.9381571882520363,0.09137527219977817,-0.09137577133093414,0.0913759393061957,0.09137593930619645,-0.09137606328918811,-0.09137606328918767,0.0913761095209944
0.9999947294113027,-0.9999974212770433,-0.9999916761170489,0.9999934458952728,0.999993306297867,0.9999912926072931,0.999999993787327,-0.5336195350921564,0.533622203305054,-0.5336269949327629,0.938159200558802,-0.09137496406552104,-0.9996098589132166,0.998077883240302,0.9999567898894409,0.9907055254585214,-0.9854933343744017,-0.999057608141237,-0.9999803381838663,-0.9999797846458219,-0.9999562045105175,-0.9701409733795067,0.6786236399621033,0.9996918181040426,-0.9381571882520354,0.09137527219977688,-0.09137577133093236,0.0913759393061945,0.09137593930619498,-0.09137606328918663,-0.09137606328918642,0.09137610952099272
-0.5336182018449895,0.5336171125256012,0.5336195310476357,-0.5309933891373275,-0.5362343668967735,-0.5336195350921553,-0.5336195350921564,0.999999994448033,-0.9999925292099607,0.9999960198530354,-0.7934050644512589,-0.7934187698141547,0.556993326759772,-0.4802193782124688,-0.5414555438275692,-0.6436838755272619,0.3823802313934251,0.49644004122100704,0.5283654897491238,0.5388471247722083,0.5414542369233217,0.7227981350601904,0.25903240941045685,-0.5124906621117524,0.7934041716865551,0.7934151784434772,-0.7934119062200846,0.7934098112913605,0.7934098112913649,-0.7934084166811882,-0.7934084166811824,0.7934079310648664
0.5336209471709681,-0.5336199312035165,-0.5336222188889378,0.5309962593994577,0.5362372173911658,0.5336222033050536,0.533622203305054,-0.9999925292099607,0.9999999965780113,-0.9999961564437568,0.7934078156903135,0.7934180096554465,-0.5569963177829144,0.48022245103032535,0.541458479344767,0.6436868146645698,-0.3823833739489242,-0.4964430712795432,-0.5283684183070263,-0.538850015123879,-0.541457172134133,-0.7228009965137022,-0.2590299199582243,0.5124936432622269,-0.7934069389357357,-0.7934143732517042,0.7934110410753172,-0.7934089173593226,-0.7934089173593288,0.7934075026156351,0.7934075026156312,-0.7934070098289604
-0.5336258937027061,0.5336250251227573,0.5336270499042927,-0.5310014585973701,-0.536242374063623,-0.5336269949327622,-0.5336269949327629,0.9999960198530354,-0.9999961564437568,0.9999999995174137,-0.7934114354682171,-0.7934147779567063,0.5570017510690705,-0.4802280935899445,-0.5414638059051162,-0.6436920989618181,0.3823892266007812,0.4964486146516651,0.5283737368963711,0.5388552511378476,0.5414624970442405,0.7228060839668814,0.25902490234034925,-0.5124990770153468,0.7934117993457421,0.7934122518275475,-0.7934087936891004,0.7934066104559131,0.7934066104559178,-0.793405154708506,-0.7934051547085017,0.7934046474085349
0.9381607642857305,-0.9381619623829731,-0.9381602512247671,0.9370849679372241,0.9392302298662634,0.9381592005588025,0.938159200558802,-0.7934050644512589,0.7934078156903135,-0.7934114354682171,0.99999999962902,0.2590161310204953,-0.9474521504502852,0.9149228219704829,0.941341190203767,0.9765300102881941,-0.8658151105953971,-0.922267400534344,-0.93599976992756,-0.9402899549083634,-0.9413400943229653,-0.9941133311896793,0.3823945145066621,0.9292938890939271,-0.9999962367030371,-0.2590133657331579,0.2590106885375413,-0.25900928165787956,-0.2590092816578808,0.25900835039118547,0.2590083503911844,-0.2590080248632063
-0.09137840464835242,0.0913811226220997,0.09137595838663783,-0.09446738993993134,-0.08829619545310036,-0.09137496406552238,-0.09137496406552104,-0.7934187698141547,0.7934180096554465,-0.7934147779567063,0.2590161310204953,0.9999999972214944,0.06357745684874855,-0.15287462560443674,-0.08212201117103987,0.04490658750901969,0.259022083743397,0.1344797232655367,0.09755211491067285,0.08520988439103694,0.0821229114160157,-0.15286149713961125,-0.793414663277047,-0.11603668937178543,-0.2590169041650213,-0.9999926870717152,0.9999919120286997,-0.9999902004117519,-0.9999902004117571,0.9999890303562158,0.9999890303562117,-0.9999886207613916
-0.9996126076518219,0.9996147085371752,0.9996112745335974,-0.9995240359000757,-0.9996967127822094,-0.9996098589132155,-0.9996098589132166,0.556993326759772,-0.5569963177829144,0.5570017510690705,-0.9474521504502852,0.06357745684874855,1.0000000029992517,-0.9959678712222437,-0.9998314300755394,-0.994116525888964,0.9803860717715219,0.9974656898768969,0.999424301169652,0.9997693633190641,0.9998319059072852,0.9765310778909181,-0.6578883308702708,-0.9986175639585387,0.9474499075005784,-0.06357841974709184,0.06357947997704876,-0.06357991585800911,-0.06357991585800948,0.06358021042783389,0.06358021042783367,-0.06358031581074283
0.9980809217447498,-0.9980832592829332,-0.9980793760843982,0.9982710028732262,0.9978870783277294,0.998077883240303,0.998077883240302,-0.4802193782124688,0.48022245103032535,-0.4802280935899445,0.9149228219704829,-0.15287462560443674,-0.9959678712222437,1.0000000020172573,0.9974665757725274,0.9803853949436393,-0.9941153193409344,-0.9998295032758396,-0.9984496512130394,-0.9976815276890706,-0.9974659037014535,-0.9532632431041959,0.7228152546721114,0.9993129248642292,-0.9149204946756571,0.1528750109400769,-0.15287554068224182,0.15287567209951614,0.15287567209951708,-0.15287576784069395,-0.15287576784069362,0.1528758046713585
0.999959661161258,-0.9999618544588638,-0.9999582387701857,0.999928813813615,0.9999862910139429,0.9999567898894399,0.9999567898894409,-0.5414555438275692,0.541458479344767,-0.5414638059051162,0.941341190203767,-0.08212201117103987,-0.9998314300755394,0.9974665757725274,1.0000000049644422,0.9919329005966214,-0.9838820112287529,-0.9986185822429126,-0.9998854564903499,-1.0000001251806645,-1.0000050730980026,-0.9723586388274205,0.6717776707760567,0.9994253697615333,-0.941338997942802,0.08212271445460088,-0.08212354327205483,0.0821238626144599,0.08212386261446052,-0.08212408217657946,-0.08212408217657886,0.08212416160980217
0.9907078663830435,-0.9907096488674757,-0.9907068243777372,0.9902838655814471,0.9911265954633105,0.99070552545852,0.9907055254585214,-0.6436838755272619,0.6436868146645698,-0.6436920989618181,0.9765300102881941,0.04490658750901969,-0.994116525888964,0.9803853949436393,0.9919329005966214,1.0000000009099808,-0.9532645158461386,-0.98388019069086,-0.989849196095451,-0.9915343442307205,-0.991932041464897,-0.9941141092878255,0.572431584663307,0.9870351662070272,-0.9765278180887322,-0.04490483082399183,0.04490305173182822,-0.04490221340255393,-0.04490221340255412,0.044901656969825475,0.04490165696982517,-0.04490146123643171
-0.9854967306995579,0.9854993772628827,0.9854949140064785,-0.9860212270181288,-0.9849695317006093,-0.9854933343744022,-0.9854933343744017,0.3823802313934251,-0.3823833739489242,0.3823892266007812,-0.8658151105953971,0.259022083743397,0.9803860717715219,-0.9941153193409344,-0.9838820112287529,-0.9532645158461386,0.9999999991578175,0.9919317987993225,0.9865340664915124,0.984430423963485,0.9838813904327426,0.9149238453025064,-0.7934142336273412,-0.989404009485689,0.8658138891104392,-0.2590221122271335,0.25902231488630906,-0.2590222160261534,-0.25902221602615455,0.2590221579565598,0.25902215795655836,-0.25902214148323477
-0.9990605900277957,0.9990628731726633,0.9990590868508531,-0.9991930551464691,-0.9989241784909219,-0.9990576081412373,-0.999057608141237,0.49644004122100704,-0.4964430712795432,0.4964486146516651,-0.922267400534344,0.1344797232655367,0.9974656898768969,-0.9998295032758396,-0.9986185822429126,-0.98388019069086,0.9919317987993225,1.0000000030220997,0.9993141229997538,0.9987760925964159,0.9986179238002205,0.9587150407757264,-0.7098460005630758,-0.9998308035463612,0.9222651221846736,-0.13448011912735405,0.13448066041080095,-0.13448081174381915,-0.13448081174381996,0.13448092139199921,0.1344809213919986,-0.13448096301227325
-0.9999832870982817,0.9999855429002529,0.9999818078641606,-0.999999325010252,-0.9999620002819696,-0.999980338183866,-0.9999803381838663,0.5283654897491238,-0.5283684183070263,0.5283737368963711,-0.93599976992756,0.09755211491067285,0.999424301169652,-0.9984496512130394,-0.9998854564903499,-0.989849196095451,0.9865340664915124,0.9993141229997538,1.0000000045715005,0.9999290539936048,0.9998860168750281,0.9686240941592877,-0.6831727708319042,-0.9998318859655552,0.9359975822615427,-0.09755265363616697,0.09755333346128175,-0.0975535751898185,-0.09755357518981898,0.09755374466904912,0.09755374466904877,-0.09755380683611162
-0.9999827330838866,0.9999849904950571,0.9999812537046298,-0.9999615816799181,-0.9999986432126229,-0.9999797846458218,-0.9999797846458219,0.5388471247722083,-0.538850015123879,0.5388552511378476,-0.9402899549083634,0.08520988439103694,0.9997693633190641,-0.9976815276890706,-1.0000001251806645,-0.9915343442307205,0.984430423963485,0.9987760925964159,0.9999290539936048,1.0000000037924668,1.000000686235621,0.971629464706689,-0.6740690642210994,-0.9995253495827086,0.9402877977693564,-0.08521049579239333,0.08521124561602879,-0.08521152789209206,-0.08521152789209263,0.08521172390056585,0.08521172390056532,-0.08521179516851314
-0.99995905868328,0.9999612340619859,0.9999576491678901,-0.9999281814413031,-0.9999856589701263,-0.9999562045105175,-0.9999562045105175,0.5414542369233217,-0.541457172134133,0.5414624970442405,-0.9413400943229653,0.0821229114160157,0.9998319059072852,-0.9974659037014535,-1.0000050730980026,-0.991932041464897,0.9838813904327426,0.9986179238002205,0.9998860168750281,1.000000686235621,1.0000000040075507,0.9723576582607687,-0.6717777975513539,-0.9994247184758274,0.9413379074599129,-0.08212360238853714,0.08212441904973444,-0.08212473287123022,-0.0821247328712308,0.0821249488086605,0.08212494880866009,-0.08212502697100751
-0.9701429174816704,0.9701443977406552,0.9701421500822993,-0.9693885451813672,-0.9708913942117483,-0.9701409733795069,-0.9701409733795067,0.7227981350601904,-0.7228009965137022,0.7228060839668814,-0.9941133311896793,-0.15286149713961125,0.9765310778909181,-0.9532632431041959,-0.9723586388274205,-0.9941141092878255,0.9149238453025064,0.9587150407757264,0.9686240941592877,0.971629464706689,0.9723576582607687,0.9999999994990844,-0.48023829194142265,-0.9638359355051714,0.9941124196578008,0.15285913006838966,-0.15285680420742695,0.1528556386677928,0.15285563866779409,-0.1528548678742148,-0.15285486787421426,0.1528545980495076
0.678628072748956,-0.6786315814708866,-0.6786252932398948,0.6809054802702457,0.6763536555648618,0.6786236399621041,0.6786236399621033,0.25903240941045685,-0.2590299199582243,0.25902490234034925,0.3823945145066621,-0.793414663277047,-0.6578883308702708,0.7228152546721114,0.6717776707760567,0.572431584663307,-0.7934142336273412,-0.7098460005630758,-0.6831727708319042,-0.6740690642210994,-0.6717777975513539,-0.48023829194142265,0.9999999988911284,0.6966302645100327,-0.3823924418868576,0.7934137900048154,-0.7934120208341889,0.7934106048893717,0.7934106048893753,-0.7934096614887441,-0.7934096614887397,0.7934093358023019
0.9996947733947894,-0.9996970323389746,-0.9996932899242568,0.999769625889094,0.9996158920814651,0.9996918181040432,0.9996918181040426,-0.5124906621117524,0.5124936432622269,-0.5124990770153468,0.9292938890939271,-0.11603668937178543,-0.9986175639585387,0.9993129248642292,0.9994253697615333,0.9870351662070272,-0.989404009485689,-0.9998308035463612,-0.9998318859655552,-0.9995253495827086,-0.9994247184758274,-0.9638359355051714,0.6966302645100327,1.0000000038675418,-0.9292916577230326,0.11603713728146972,-0.11603772946548715,0.11603791792679877,0.11603791792679977,-0.116038052366478,-0.11603805236647755,0.11603810250075508
-0.9381587029573311,0.9381598537023572,0.9381582265108006,-0.9370828234874329,-0.9392281009367389,-0.9381571882520363,-0.9381571882520354,0.7934041716865551,-0.7934069389357357,0.7934117993457421,-0.9999962367030371,-0.2590169041650213,0.9474499075005784,-0.9149204946756571,-0.941338997942802,-0.9765278180887322,0.8658138891104392,0.9222651221846736,0.9359975822615427,0.9402877977693564,0.9413379074599129,0.9941124196578008,-0.3823924418868576,-0.9292916577230326,0.9999999967294665,0.2590141290169471,-0.2590114477371814,0.2590100398930826,0.25901003989308435,-0.25900910858697607,-0.25900910858697507,0.25900878312514386
0.09137878993018322,-0.09138158481139509,-0.0913762845613702,0.09446788078650524,0.08829672584055168,0.09137527219977817,0.09137527219977688,0.7934151784434772,-0.7934143732517042,0.7934122518275475,-0.2590133657331579,-0.9999926870717152,-0.06357841974709184,0.1528750109400769,0.08212271445460088,-0.04490483082399183,-0.2590221122271335,-0.13448011912735405,-0.09755265363616697,-0.08521049579239333,-0.08212360238853714,0.15285913006838966,0.7934137900048154,0.11603713728146972,0.2590141290169471,0.9999999956041271,-0.9999925588864401,0.9999928714331322,0.9999928714331364,-0.9999921995737802,-0.9999921995737755,0.9999919577489822
-0.09137935052669252,0.09138220688652694,0.09137679787648266,-0.0944685231860426,-0.08829740628969053,-0.09137577133093414,-0.09137577133093236,-0.7934119062200846,0.7934110410753172,-0.7934087936891004,0.2590106885375413,0.9999919120286997,0.06357947997704876,-0.15287554068224182,-0.08212354327205483,0.04490305173182822,0.25902231488630906,0.13448066041080095,0.09755333346128175,0.08521124561602879,0.08212441904973444,-0.15285680420742695,-0.7934120208341889,-0.11603772946548715,-0.2590114477371814,-0.9999925588864401,0.9999999967217214,-0.9999940171566927,-0.9999940171567008,0.9999949971481513,0.9999949971481469,-0.9999949036796659
0.09137954532016028,-0.09138242843483424,-0.0913769720479574,0.09446875107477647,0.08829765577341413,0.0913759393061957,0.0913759393061945,0.7934098112913605,-0.7934089173593226,0.7934066104559131,-0.25900928165787956,-0.9999902004117519,-0.06357991585800911,0.15287567209951614,0.0821238626144599,-0.04490221340255393,-0.2590222160261534,-0.13448081174381915,-0.0975535751898185,-0.08521152789209206,-0.08212473287123022,0.1528556386677928,0.7934106048893717,0.11603791792679877,0.2590100398930826,0.9999928714331322,-0.9999940171566927,0.9999999966880163,0.9999953567634222,-0.9999941015811614,-0.9999953123901895,0.9999952816034031
0.09137954532016077,-0.09138242843483493,-0.09137697204795805,0.0944687510747774,0.08829765577341447,0.09137593930619645,0.09137593930619498,0.7934098112913649,-0.7934089173593288,0.7934066104559178,-0.2590092816578808,-0.9999902004117571,-0.06357991585800948,0.15287567209951708,0.08212386261446052,-0.04490221340255412,-0.25902221602615455,-0.13448081174381996,-0.09755357518981898,-0.08521152789209263,-0.0821247328712308,0.15285563866779409,0.7934106048893753,0.11603791792679977,0.25901003989308435,0.9999928714331364,-0.9999940171567008,0.9999953567634222,0.9999999966880163,-0.9999953123902005,-0.9999941015811622,0.9999952816034094
-0.0913796860714697,0.09138258586780718,0.09137709990731106,-0.09446891216232388,-0.08829783095572517,-0.09137606328918811,-0.09137606328918663,-0.7934084166811882,0.7934075026156351,-0.793405154708506,0.25900835039118547,0.9999890303562158,0.06358021042783389,-0.15287576784069395,-0.08212408217657946,0.044901656969825475,0.2590221579565598,0.13448092139199921,0.09755374466904912,0.08521172390056585,0.0821249488086605,-0.1528548678742148,-0.7934096614887441,-0.116038052366478,-0.25900910858697607,-0.9999921995737802,0.9999949971481513,-0.9999941015811614,-0.9999953123902005,0.9999999967061767,0.999995381698445,-0.9999941782970686
-0.09137968607146936,0.09138258586780687,0.09137709990731085,-0.09446891216232356,-0.08829783095572487,-0.09137606328918767,-0.09137606328918642,-0.7934084166811824,0.7934075026156312,-0.7934051547085017,0.2590083503911844,0.9999890303562117,0.06358021042783367,-0.15287576784069362,-0.08212408217657886,0.04490165696982517,0.25902215795655836,0.1344809213919986,0.09755374466904877,0.08521172390056532,0.08212494880866009,-0.15285486787421426,-0.7934096614887397,-0.11603805236647755,-0.25900910858697507,-0.9999921995737755,0.9999949971481469,-0.9999953123901895,-0.9999941015811622,0.999995381698445,0.9999999967061768,-0.9999941782970709
0.09137973816661744,-0.09138264378021761,-0.0913771474984467,0.09446897138344523,0.08829789500964427,0.0913761095209944,0.09137610952099272,0.7934079310648664,-0.7934070098289604,0.7934046474085349,-0.2590080248632063,-0.9999886207613916,-0.06358031581074283,0.1528758046713585,0.08212416160980217,-0.04490146123643171,-0.25902214148323477,-0.13448096301227325,-0.09755380683611162,-0.08521179516851314,-0.08212502697100751,0.1528545980495076,0.7934093358023019,0.11603810250075508,0.25900878312514386,0.9999919577489822,-0.9999949036796659,0.9999952816034031,0.9999952816034094,-0.9999941782970686,-0.9999941782970709,0.9999999967260411
