1.0000000029349523,-1.0000029967183637,0.8484973874568273,0.8484965899543995,-0.6129952321458945,0.6129952286100213,-0.10200726491235954,-0.9382413816219349,0.8484952387597472,-0.8484955494357445,-0.8484952722014193,0.8484955619486242,0.9791935381887437,-0.9791927600299525,-0.9791941223038975,0.9791936705116756,0.9791915705334893,-0.43988979850993454,-0.7234368318009223,-0.9571749855537507,0.43988990347068535,0.8784969806657751,0.9995588132375186,-0.9727129367461538,0.9382419745546243
-1.0000029967183637,1.0000000010355394,-0.8484964503929874,-0.848495730083425,0.6129944006198973,-0.6129943935428913,0.1020070812927447,0.9382401317381921,-0.8484941771022453,0.8484944809373269,0.8484942141400755,-0.8484944961430125,-0.9791922420128182,0.9791914642502869,0.9791928260077463,-0.9791923745008889,-0.9791902751046737,0.4398892799368307,0.7234358928002947,0.9571737000663882,-0.43988938769789926,-0.878495831113526,-0.9995574844915154,0.9727116540016566,-0.9382407261832034
0.8484973874568273,-0.8484964503929874,1.000000000149168,0.43988878193817527,-0.9382392450747068,0.9382388703861123,-0.6129944266551053,-0.9791896148524737,0.4398869755147652,-0.43988748701891145,-0.439886786356827,0.4398872220872664,0.7234372916138038,-0.7234367786710921,-0.7234377068231196,0.7234374013907902,0.7234361092592659,0.10200726667801072,-0.2484746015906706,-0.9653707328144823,-0.10200752560374042,0.49257221724129757,0.863879089157727,-0.7025550300936795,0.9791905696716864
0.8484965899543995,-0.848495730083425,0.43988878193817527,0.9999999992817384,-0.1020056033256874,0.10200596909912074,0.4398893421274586,-0.6129937827971496,0.9999984934132344,-0.9999987378488405,-0.9999987333656777,0.9999987984917044,0.9382414520060676,-0.9382406512733417,-0.9382420232626992,0.9382415657370324,0.9382393157258714,-0.8484948925941789,-0.9791884330142434,-0.658942984024033,0.84849510578635,0.9982258433560521,0.8323592471772315,-0.9481262425977987,0.6129938311422425
-0.6129952321458945,0.6129944006198973,-0.9382392450747068,-0.1020056033256874,1.0000000002322817,-0.9999999942237777,0.8484955464777394,0.8484956339980935,-0.10200370012158737,0.1020042968111471,0.10200337344600445,-0.10200387447013216,-0.43988895107314013,0.43988871148930747,0.43988917769315916,-0.43988902966240184,-0.43988852614381607,-0.4398902666265782,-0.10200860024928517,0.8154855085051479,0.4398907413624094,-0.16104696171705699,-0.6362509070140501,0.41294920668324997,-0.8484966602828408
0.6129952286100213,-0.6129943935428913,0.9382388703861123,0.10200596909912074,-0.9999999942237777,0.9999999994453798,-0.848495080272735,-0.8484956104867438,0.10200407589363968,-0.10200466863359554,-0.1020037517839345,0.10200424897495143,0.4398890887731906,-0.43988884711108195,-0.4398893166979699,0.43988916735610667,0.4398886573636303,0.43988964397467295,0.10200813522818014,-0.8154853000939932,-0.4398901154566412,0.16104728230714616,0.6362508789969828,-0.41294935953606804,0.848496415645364
-0.10200726491235954,0.1020070812927447,-0.6129944266551053,0.4398893421274586,0.8484955464777394,-0.848495080272735,0.9999999988139533,0.4398897205834739,0.4398909204743402,-0.43989035004115795,-0.4398913636780386,0.43989089304273715,0.10200783102685171,-0.10200766667988759,-0.10200790656180647,0.10200784141485827,0.10200721203187908,-0.8484945330196624,-0.6129944351903931,0.385645465715731,0.8484949691464296,0.38564567216451723,-0.13158638195683425,-0.13158667075686853,-0.439890634228731
-0.9382413816219349,0.9382401317381921,-0.9791896148524737,-0.6129937827971496,0.8484956339980935,-0.8484956104867438,0.4398897205834739,1.0000000002205336,-0.6129922718492433,0.6129926608877305,0.6129921905249818,-0.6129925106494799,-0.8484967071716839,0.8484961465897839,0.8484971637939634,-0.848496862808709,-0.8484956164340989,0.10200630665802114,0.43988824377257546,0.9982268211323253,-0.10200617422337767,-0.6589425289876064,-0.9481267904576225,0.8323591706173707,-1.0000013536904173
0.8484952387597472,-0.8484941771022453,0.4398869755147652,0.9999984934132344,-0.10200370012158737,0.10200407589363968,0.4398909204743402,-0.6129922718492433,0.9999999983826106,-0.9999980759908716,-0.9999981516538495,0.9999981024794581,0.9382409348514245,-0.9382400928179826,-0.9382415256002685,0.9382410228351755,0.9382386788570545,-0.8484953259647502,-0.9791887287042175,-0.6589414149085928,0.8484957432352226,0.9982256268454031,0.8323580499147215,-0.9481255131333067,0.6129923270851909
-0.8484955494357445,0.8484944809373269,-0.43988748701891145,-0.9999987378488405,0.1020042968111471,-0.10200466863359554,-0.43989035004115795,0.6129926608877305,-0.9999980759908716,0.9999999985243542,0.9999980645313781,-0.9999984179225443,-0.9382409464918126,0.93824011919831,0.9382415302786462,-0.93824104361031,-0.9382387331432779,0.8484949981881661,0.9791884808536837,0.6589418180033312,-0.8484954219350821,-0.9982255414013267,-0.8323583068384119,0.9481256011179849,-0.6129927137756626
-0.8484952722014193,0.8484942141400755,-0.439886786356827,-0.9999987333656777,0.10200337344600445,-0.1020037517839345,-0.4398913636780386,0.6129921905249818,-0.9999981516538495,0.9999980645313781,0.9999999986499714,-0.9999983051450982,-0.9382411502296887,0.9382403008248705,0.9382417444487483,-0.9382412336627846,-0.9382388729558511,0.8484957298139816,0.9791891136261575,0.6589413423885686,-0.8484961435233949,-0.9982259211601514,-0.8323581046487424,0.9481256942229135,-0.6129922466530316
0.8484955619486242,-0.8484944961430125,0.4398872220872664,0.9999987984917044,-0.10200387447013216,0.10200424897495143,0.43989089304273715,-0.6129925106494799,0.9999981024794581,-0.9999984179225443,-0.9999983051450982,0.9999999988927994,0.9382411330874677,-0.9382403006944324,-0.9382417192371575,0.9382412270208776,0.9382389049739323,-0.8484954839931086,-0.9791889037362191,-0.6589416888978559,0.8484959056067481,0.9982258495028541,0.8323583269033272,-0.9481257713527009,0.6129925635864283
0.9791935381887437,-0.9791922420128182,0.7234372916138038,0.9382414520060676,-0.43988895107314013,0.4398890887731906,0.10200783102685171,-0.8484967071716839,0.9382409348514245,-0.9382409464918126,-0.9382411502296887,0.9382411330874677,1.0000000027160008,-1.00000333779826,-1.0000045501115624,1.0000040009374622,1.0000020884855523,-0.6129959664056204,-0.8484969087646432,-0.8784974581111881,0.6129962249226746,0.9571744447796304,0.9727131392112839,-0.9995585106642572,0.8484970706819145
-0.9791927600299525,0.9791914642502869,-0.7234367786710921,-0.9382406512733417,0.43988871148930747,-0.43988884711108195,-0.10200766667988759,0.8484961465897839,-0.9382400928179826,0.93824011919831,0.9382403008248705,-0.9382403006944324,-1.00000333779826,1.000000001734449,1.000003655802748,-1.0000035350333334,-1.000001593121582,0.6129954162201866,0.8484962288873314,0.8784968181634378,-0.6129956737746448,-0.9571737047926727,-0.9727124174155859,0.9995577557279626,-0.8484965148566587
-0.9791941223038975,0.9791928260077463,-0.7234377068231196,-0.9382420232626992,0.43988917769315916,-0.4398893166979699,-0.10200790656180647,0.8484971637939634,-0.9382415256002685,0.9382415302786462,0.9382417444487483,-0.9382417192371575,-1.0000045501115624,1.000003655802748,1.0000000034753855,-1.0000045368037647,-1.0000026394239616,0.6129963371922219,0.8484973993129211,0.8784979605841177,-0.612996595906749,-0.9571749921925431,-0.972713694099278,0.9995590803944712,-0.8484975247970975
0.9791936705116756,-0.9791923745008889,0.7234374013907902,0.9382415657370324,-0.43988902966240184,0.43988916735610667,0.10200784141485827,-0.848496862808709,0.9382410228351755,-0.93824104361031,-0.9382412336627846,0.9382412270208776,1.0000040009374622,-1.0000035350333334,-1.0000045368037647,1.0000000030053224,1.0000022729281604,-0.6129960462372017,-0.848497050335766,-0.8784975949591803,0.6129963035665369,0.957174604567846,0.9727132953431114,-0.9995586752270934,0.8484972283855076
0.9791915705334893,-0.9791902751046737,0.7234361092592659,0.9382393157258714,-0.43988852614381607,0.4398886573636303,0.10200721203187908,-0.8484956164340989,0.9382386788570545,-0.9382387331432779,-0.9382388729558511,0.9382389049739323,1.0000020884855523,-1.000001593121582,-1.0000026394239616,1.0000022729281604,1.000000000195892,-0.6129943979039582,-0.8484952885769861,-0.8784959125909491,0.6129946536854873,0.9571724992595662,0.9727113396163019,-0.9995565774208299,0.8484957735814459
-0.43988979850993454,0.4398892799368307,0.10200726667801072,-0.8484948925941789,-0.4398902666265782,0.43988964397467295,-0.8484945330196624,0.10200630665802114,-0.8484953259647502,0.8484949981881661,0.8484957298139816,-0.8484954839931086,-0.6129959664056204,0.6129954162201866,0.6129963371922219,-0.6129960462372017,-0.6129943979039582,0.9999999988821938,0.9382383481424057,0.16104819377670757,-0.9999992968878637,-0.815485134069954,-0.41295004300607935,0.6362511155261138,-0.1020057881752285
-0.7234368318009223,0.7234358928002947,-0.2484746015906706,-0.9791884330142434,-0.10200860024928517,0.10200813522818014,-0.6129944351903931,0.43988824377257546,-0.9791887287042175,0.9791884808536837,0.9791891136261575,-0.9791889037362191,-0.8484969087646432,0.8484962288873314,0.8484973993129211,-0.848497050335766,-0.8484952885769861,0.9382383481424057,0.9999999992700017,0.4925721733610894,-0.9382389051888536,-0.9653695809158649,-0.7025546781293703,0.8638782348780946,-0.43988806847763057
-0.9571749855537507,0.9571737000663882,-0.9653707328144823,-0.658942984024033,0.8154855085051479,-0.8154853000939932,0.385645465715731,0.9982268211323253,-0.6589414149085928,0.6589418180033312,0.6589413423885686,-0.6589416888978559,-0.8784974581111881,0.8784968181634378,0.8784979605841177,-0.8784975949591803,-0.8784959125909491,0.16104819377670757,0.4925721733610894,1.0000000003594223,-0.16104810615028473,-0.7025544640094915,-0.9653706661187629,0.8638785016666002,-0.9982276280829253
0.43988990347068535,-0.43988938769789926,-0.10200752560374042,0.84849510578635,0.4398907413624094,-0.4398901154566412,0.8484949691464296,-0.10200617422337767,0.8484957432352226,-0.8484954219350821,-0.8484961435233949,0.8484959056067481,0.6129962249226746,-0.6129956737746448,-0.612996595906749,0.6129963035665369,0.6129946536854873,-0.9999992968878637,-0.9382389051888536,-0.16104810615028473,0.999999999795532,0.8154855628685465,0.4129501361283273,-0.6362513856144068,0.10200565388120444
0.8784969806657751,-0.878495831113526,0.49257221724129757,0.9982258433560521,-0.16104696171705699,0.16104728230714616,0.38564567216451723,-0.6589425289876064,0.9982256268454031,-0.9982255414013267,-0.9982259211601514,0.9982258495028541,0.9571744447796304,-0.9571737047926727,-0.9571749921925431,0.957174604567846,0.9571724992595662,-0.815485134069954,-0.9653695809158649,-0.7025544640094915,0.8154855628685465,0.9999999995428224,0.8638781805205057,-0.9653698107372874,0.6589426227938596
0.9995588132375186,-0.9995574844915154,0.863879089157727,0.8323592471772315,-0.6362509070140501,0.6362508789969828,-0.13158638195683425,-0.9481267904576225,0.8323580499147215,-0.8323583068384119,-0.8323581046487424,0.8323583269033272,0.9727131392112839,-0.9727124174155859,-0.972713694099278,0.9727132953431114,0.9727113396163019,-0.41295004300607935,-0.7025546781293703,-0.9653706661187629,0.4129501361283273,0.8638781805205057,1.0000000002732485,-0.9653702440480139,0.9481273939225733
-0.9727129367461538,0.9727116540016566,-0.7025550300936795,-0.9481262425977987,0.41294920668324997,-0.41294935953606804,-0.13158667075686853,0.8323591706173707,-0.9481255131333067,0.9481256011179849,0.9481256942229135,-0.9481257713527009,-0.9995585106642572,0.9995577557279626,0.9995590803944712,-0.9995586752270934,-0.9995565774208299,0.6362511155261138,0.8638782348780946,0.8638785016666002,-0.6362513856144068,-0.9653698107372874,-0.9653702440480139,0.9999999998749062,-0.8323595301843263
0.9382419745546243,-0.9382407261832034,0.9791905696716864,0.6129938311422425,-0.8484966602828408,0.848496415645364,-0.439890634228731,-1.0000013536904173,0.6129923270851909,-0.6129927137756626,-0.6129922466530316,0.6129925635864283,0.8484970706819145,-0.8484965148566587,-0.8484975247970975,0.8484972283855076,0.8484957735814459,-0.1020057881752285,-0.43988806847763057,-0.9982276280829253,0.10200565388120444,0.6589426227938596,0.9481273939225733,-0.8323595301843263,1.000000001399345
