0.9999999987302345,-0.9999982708931567,0.9944496807650929,0.9944496552201998,-0.5654359228897421,0.5654361303565725,-0.5654360539600652,-0.565436052899106,0.052673354596493985,-0.05267333525736903,-0.5654352019054829,0.6490651875927284,0.5654357162912577,-0.5654360233132711,0.565436138265526,0.5654359734425403,0.5654354374004917,-0.5654357434600062,0.565435437400496,0.6490622430005611,-0.6490630825984941,0.6490633393025224,0.6490633924592144,-0.5654354398995397,0.5654354309361529,0.5654354309361531,0.5654351822651137,-0.56543555081859,-0.5654355508185906,0.5654357988822913,0.5654360145394571,0.9504302980452249,-0.9778660789365389,-0.9778655839855123,0.5654361945647398,-0.5654361721823769,-0.5654361851023337,-0.5654359737216351,0.5654360973734633,-0.6490640274319089,-0.6490635253929357,0.6490634692584255,0.6490634692584257,-0.649063369331739,-0.6490633693317392
-0.9999982708931567,0.9999999990304907,-0.9944497086495656,-0.9944497360919439,0.5654362476385869,-0.5654364551311505,0.5654363789592491,0.5654363775101041,-0.05267311318250792,0.05267309377597405,0.5654355294949062,-0.6490651328181531,-0.5654360405625227,0.5654363476140762,-0.5654364627303421,-0.5654362976446585,-0.5654357614399026,0.565436067536726,-0.5654357614399071,-0.6490621909399115,0.6490630304465818,-0.6490632863333446,-0.6490633409652246,0.5654357662490294,-0.5654357569884663,-0.5654357569884673,-0.5654355092296075,0.5654358765883186,0.5654358765883191,-0.5654361243863116,-0.5654363392862498,-0.9504305771172055,0.9778662326606881,0.9778658431224154,-0.5654365189067309,0.5654364966918641,0.5654365093844687,0.5654362979852403,-0.5654364216255582,0.6490639735823748,0.6490634744263717,-0.6490634182302932,-0.649063418230294,0.6490633181237698,0.6490633181237706
0.9944496807650929,-0.9944497086495656,0.9999999984684557,0.9778658889341877,-0.47553488874917965,0.475535045278589,-0.4755349619025441,-0.4755349661848789,0.15742944926598443,-0.15742948198098095,-0.4755343701381013,0.7254885632884792,0.4755346182011445,-0.47553487519603616,0.47553501255987385,0.4755347889114801,0.47553423318500593,-0.47553451882934106,0.4755342331850099,0.7254856358556763,-0.7254865207282732,0.7254867222985665,0.7254868813249884,-0.47553442643154636,0.47553440471703123,0.4755344047170314,0.475534258248266,-0.47553450553464266,-0.47553450553464277,0.4755347241223381,0.4755349253843,0.9124486218667542,-0.9944492491215023,-0.9504306405799535,0.4755350546310531,-0.4755350477972037,-0.4755350687073321,-0.47553482791999924,0.4755350064817655,-0.7254873865089291,-0.725487032111459,0.7254869710524324,0.7254869710524318,-0.7254868607464559,-0.7254868607464561
0.9944496552201998,-0.9944497360919439,0.9778658889341877,0.9999999985792802,-0.6490630523520752,0.6490633085490982,-0.6490632407701262,-0.6490632330300156,-0.05266824673893545,0.05266831811674186,-0.6490621466826503,0.5654383141861273,0.6490629103828666,-0.649063264123383,0.6490633559431903,0.6490632508938686,0.6490627399566627,-0.6490630631511125,0.6490627399566682,0.56543539716371,-0.5654361817873447,0.565436487118269,0.5654364404413488,-0.6490625596084397,0.6490625624903105,0.6490625624903116,0.6490622174440178,-0.6490626991317165,-0.6490626991317175,0.649062972989645,0.6490631980153062,0.9778652465345612,-0.9504310563701313,-0.994449091414944,0.6490634254289791,-0.649063388318949,-0.6490633923226856,-0.649063212648143,0.6490632799599205,-0.565437187610637,-0.5654365564090835,0.5654365055478294,0.5654365055478302,-0.5654364163058018,-0.565436416305802
-0.5654359228897421,0.5654362476385869,-0.47553488874917965,-0.6490630523520752,0.9999999999210133,-1.0000002402829384,1.000000409590144,1.0000003677655371,0.7938612224964713,-0.7938616409661708,0.9999978806266984,0.2604384934397381,-1.0000002784735824,1.0000008309685327,-1.0000007168468188,-1.0000010890276978,-1.0000009606789286,1.0000012811435406,-1.0000009606789315,0.26044003191698784,-0.260439952908532,0.26043942688589145,0.26044015640732576,0.9999994592261193,-0.9999995603899334,-0.9999995603899389,-0.9999986096629347,0.9999997761889576,0.9999997761889595,-1.0000001386071604,-1.0000003665137709,-0.7938608722068565,0.38035682396052545,0.7254872833837823,-1.0000008569139005,1.000000724307933,1.0000006673569568,1.0000007866900253,-1.0000004215708553,-0.260438923437194,-0.26044020136125967,0.2604401949790362,0.26044019497903226,-0.2604401744124269,-0.2604401744124301
0.5654361303565725,-0.5654364551311505,0.475535045278589,0.6490633085490982,-1.0000002402829384,1.0000000006422212,-1.000000761000029,-1.0000007190424929,-0.7938616851445377,0.7938621036692649,-0.9999983889038591,-0.26043871953617415,1.0000007851519952,-1.0000013376600319,1.0000012235786422,1.0000015956994392,1.0000014673162465,-1.0000017877896663,1.000001467316251,-0.26044025842977914,0.2604401794296304,-0.26043965325096696,-0.26044038309285605,-0.999999966730793,1.000000067724226,1.0000000677242304,0.999999117540854,-1.0000002833852712,-1.000000283385274,1.0000006456959898,1.000000873329355,0.7938612168784926,-0.3803569277911345,-0.725487585476021,1.0000013636103704,-1.0000012310526705,-1.0000011740288786,-1.0000012933714304,1.0000009282283322,0.260439149658892,0.26044042817862384,-0.26044042178129767,-0.26044042178129334,0.26044040117006356,0.2604404011700669
-0.5654360539600652,0.5654363789592491,-0.4755349619025441,-0.6490632407701262,1.000000409590144,-1.000000761000029,1.0000000006622516,1.0000008882557758,0.7938617671057284,-0.7938621857428085,0.9999984091444134,0.2604388280117194,-1.0000007985883692,1.0000013511361976,-1.000001237180938,-1.0000016091245552,-1.0000014806760966,1.0000018011645986,-1.0000014806761,0.2604403695136219,-0.2604402904513554,0.2604397634669573,0.2604404948013542,0.9999999835275794,-1.0000000837804497,-1.0000000837804552,-0.9999991359790544,1.000000298852931,1.0000002988529337,-1.0000005052251628,-1.0000007317571296,-0.7938611687954997,0.3803568381540606,0.7254875270795488,-1.0000013771022882,1.000001244706968,1.000001187442112,1.0000013068175648,-1.0000009416000963,-0.26043925901813747,-0.2604405404276331,0.26044053396925004,0.2604405339692457,-0.26044051317663636,-0.26044051317663974
-0.565436052899106,0.5654363775101041,-0.4755349661848789,-0.6490632330300156,1.0000003677655371,-1.0000007190424929,1.0000008882557758,1.0000000006023615,0.7938617032969785,-0.7938621218100463,0.9999983573895023,0.26043878089834427,-1.0000007573194631,1.0000013098077543,-1.0000010401782187,-1.000001567867648,-1.0000014395072672,1.0000017599747715,-1.0000014395072703,0.2604403177868991,-0.2604402388618001,0.2604397132632793,0.26044044207888795,0.9999999371411691,-1.0000000385396381,-1.0000000385396426,-0.9999990870461806,1.000000254516735,1.000000254516737,-1.0000006170622466,-1.0000008452628233,-0.7938611475217109,0.38035684811091597,0.7254875127358634,-1.0000013357494268,1.0000012031156098,1.0000011462049119,1.0000012655319992,-1.0000009004232846,-0.2604392103198255,-0.26044048681661164,0.2604404804585316,0.2604404804585275,-0.26044045996392484,-0.26044045996392795
0.052673354596493985,-0.05267311318250792,0.15742944926598443,-0.05266824673893545,0.7938612224964713,-0.7938616851445377,0.7938617671057284,0.7938617032969785,0.9999999964545685,-0.9999953554795407,0.7938594785005764,0.793860691552068,-0.7938618357167426,0.7938622792875515,-0.7938620596724486,-0.7938626271200294,-0.7938628655771927,0.79386302827913,-0.7938628655771934,0.7938604646823678,-0.7938609855786292,0.7938605133376675,0.793861480554677,0.7938611328625277,-0.7938612441036683,-0.7938612441036742,-0.7938603332696765,0.7938614025031281,0.7938614025031309,-0.7938616470472506,-0.7938617350784498,-0.26043513777283733,-0.26043882876275426,0.15742516748745655,-0.79386218468687,0.7938620449960058,0.7938619601764999,0.7938622611750775,-0.7938617262835876,-0.7938603846043291,-0.7938616486845821,0.7938615978109773,0.7938615978109727,-0.7938614939861122,-0.7938614939861155
-0.05267333525736903,0.05267309377597405,-0.15742948198098095,0.05266831811674186,-0.7938616409661708,0.7938621036692649,-0.7938621857428085,-0.7938621218100463,-0.9999953554795407,0.9999999971572209,-0.793859742454427,-0.7938609000294939,0.7938622542398313,-0.793862697827328,0.7938624781962484,0.7938630457017014,0.7938632842434156,-0.7938634469214877,0.7938632842434166,-0.7938608279498449,0.7938613488059915,-0.7938608768562216,-0.7938618434780846,-0.7938615520281302,0.7938616631726211,0.7938616631726269,0.7938607525979751,-0.793861821457319,-0.7938618214573216,0.7938620658893992,0.7938621536543133,0.26043531020210536,0.26043891324974083,-0.15742529006242237,0.793862603202041,-0.7938624635292835,-0.7938623786443074,-0.7938626797293472,0.7938621447233569,0.7938607483792304,0.793862011378338,-0.7938619605324205,-0.7938619605324168,0.7938618567873809,0.7938618567873847
-0.5654352019054829,0.5654355294949062,-0.4755343701381013,-0.6490621466826503,0.9999978806266984,-0.9999983889038591,0.9999984091444134,0.9999983573895023,0.7938594785005764,-0.793859742454427,0.9999999971418455,0.26043759936868566,-0.999998262807774,0.999998815995123,-0.9999987041617985,-0.9999990731579186,-0.9999989439900353,0.9999992646392847,-0.9999989439900389,0.2604391801872317,-0.26043909981346053,0.2604385611165864,0.2604393135981706,0.9999975042284074,-0.9999975927488326,-0.9999975927488373,-0.9999965267798806,0.9999977982048924,0.999997798204894,-0.9999981524679948,-0.9999983597651156,-0.7938594780248553,0.3803565106502038,0.7254862033223641,-0.9999988421205993,0.9999987125626076,0.9999986511356397,0.9999987710511352,-0.9999984046404737,-0.26043804390281483,-0.26043936653733035,0.2604393592718514,0.26043935927184736,-0.2604393360514245,-0.26043933605142755
0.6490651875927284,-0.6490651328181531,0.7254885632884792,0.5654383141861273,0.2604384934397381,-0.26043871953617415,0.2604388280117194,0.26043878089834427,0.793860691552068,-0.7938609000294939,0.26043759936868566,0.9999999976717194,-0.2604390876918317,0.26043923859209267,-0.2604390008084411,-0.2604395342533395,-0.26044004290073475,0.26043998036261334,-0.2604400429007328,0.9999948154367623,-0.9999957217219282,0.9999955021525048,0.9999963002234705,0.26043871624181075,-0.26043880687576326,-0.26043880687576726,-0.26043826316364155,0.26043885504158776,0.26043885504158915,-0.2604388908231955,-0.260438828157847,0.3803585080868997,-0.7938614576399587,-0.4755368773730419,-0.26043906208469725,0.2604389688550276,0.2604388969565267,0.26043925505711624,-0.26043877227009454,-0.9999956502175739,-0.9999965191264669,0.99999644506665,0.9999964450666465,-0.9999963017966668,-0.9999963017966695
0.5654357162912577,-0.5654360405625227,0.4755346182011445,0.6490629103828666,-1.0000002784735824,1.0000007851519952,-1.0000007985883692,-1.0000007573194631,-0.7938618357167426,0.7938622542398313,-0.999998262807774,-0.2604390876918317,1.0000000004755296,-1.0000010652663902,1.0000011065082866,1.0000014788579163,1.0000013505863308,-1.00000167102823,1.0000013505863339,-0.2604406214554813,0.2604405426452438,-0.2604400179537999,-0.2604407451500181,-0.9999998454308507,0.9999999474303075,0.9999999474303117,0.9999989939985846,-1.0000001638820415,-1.000000163882043,1.0000005267834151,1.0000007558511346,0.7938608630497463,-0.38035649298879326,-0.7254872076716367,1.0000012466740629,-1.0000011139085283,-1.0000010572075917,-1.0000011764939212,1.000000811473386,0.260439516021071,0.26044078931242476,-0.2604407830211212,-0.2604407830211169,0.26044076272185757,0.2604407627218608
-0.5654360233132711,0.5654363476140762,-0.47553487519603616,-0.649063264123383,1.0000008309685327,-1.0000013376600319,1.0000013511361976,1.0000013098077543,0.7938622792875515,-0.793862697827328,0.999998815995123,0.26043923859209267,-1.0000010652663902,1.0000000012616865,-1.0000015034898435,-1.0000018758055818,-1.000001902996097,1.0000022234462589,-1.0000019029961011,0.26044077273378885,-0.26044069392083213,0.2604401691026144,0.2604408965449781,1.0000003982500207,-1.0000005001709864,-1.0000005001709913,-0.9999995469906952,1.000000716560251,1.0000007165602527,-1.0000010794143401,-1.0000013083619408,-0.7938612980048638,0.38035669706307484,0.7254876042027009,-1.0000017991283623,1.000001666387323,1.0000016096464364,1.00000172894007,-1.0000013639017522,-0.26043966704359484,-0.26044094080476154,0.260440934502025,0.26044093450202105,-0.26044091416943593,-0.26044091416943904
0.565436138265526,-0.5654364627303421,0.47553501255987385,0.6490633559431903,-1.0000007168468188,1.0000012235786422,-1.000001237180938,-1.0000010401782187,-0.7938620596724486,0.7938624781962484,-0.9999987041617985,-0.2604390008084411,1.0000011065082866,-1.0000015034898435,1.0000000010991728,1.0000019170520889,1.0000017887111758,-1.0000021091732234,1.0000017887111783,-0.2604405363221981,0.2604404574556025,-0.2604399322436739,-0.2604406603857398,-1.0000002851807976,1.000000386843409,1.0000003868434129,0.9999994344952541,-1.0000006030273332,-1.0000006030273354,1.0000009657264608,1.000001194295144,0.7938613408967274,-0.38035685513402195,-0.7254876718460899,1.0000016849136446,-1.0000013967402288,-1.0000014953962049,-1.0000016147091375,1.0000012496296418,0.26043942974218537,0.26044070489575133,-0.26044069856372987,-0.2604406985637256,0.26044067814587923,0.26044067814588245
0.5654359734425403,-0.5654362976446585,0.4755347889114801,0.6490632508938686,-1.0000010890276978,1.0000015956994392,-1.0000016091245552,-1.000001567867648,-0.7938626271200294,0.7938630457017014,-0.9999990731579186,-0.2604395342533395,1.0000014788579163,-1.0000018758055818,1.0000019170520889,1.0000000016289627,1.0000021611050935,-1.000002326059262,1.000002161105097,-0.2604410676427728,0.2604409888715802,-0.2604404642518091,-0.26044119136217414,-1.0000006558962735,1.0000007579158776,1.000000757915882,0.99999980441876,-1.000000974384281,-1.000000974384284,1.0000013372982293,1.0000015663921222,0.7938613580356324,-0.3803565754375494,-0.7254876277841467,1.000002057211793,-1.0000019244499982,-1.0000018677451532,-1.0000018315381778,1.0000016220104444,0.2604399624307193,0.26044123551102305,-0.26044122922143303,-0.260441229221429,0.2604412089268047,0.2604412089268079
0.5654354374004917,-0.5654357614399026,0.47553423318500593,0.6490627399566627,-1.0000009606789286,1.0000014673162465,-1.0000014806760966,-1.0000014395072672,-0.7938628655771927,0.7938632842434156,-0.9999989439900353,-0.26044004290073475,1.0000013505863308,-1.000001902996097,1.0000017887111758,1.0000021611050935,1.0000000014464507,-1.0000021978177331,1.0000020328844914,-0.26044157540164325,0.26044149667785227,-0.2604409722981292,-0.26044169899021175,-1.0000005271184473,1.0000006292176649,1.0000006292176689,0.9999996754756677,-1.0000008457582885,-1.0000008457582916,1.0000012087329682,1.0000014379926112,0.7938609139519559,-0.3803560064013529,-0.7254871476799037,1.000001928897801,-1.0000017960957557,-1.0000017394682768,-1.0000018587259543,1.0000014937613175,0.2604404707577569,0.26044174297440525,-0.26044173670570453,-0.2604417367057003,0.2604417164693326,0.26044171646933567
-0.5654357434600062,0.565436067536726,-0.47553451882934106,-0.6490630631511125,1.0000012811435406,-1.0000017877896663,1.0000018011645986,1.0000017599747715,0.79386302827913,-0.7938634469214877,0.9999992646392847,0.26043998036261334,-1.00000167102823,1.0000022234462589,-1.0000021091732234,-1.000002326059262,-1.0000021978177331,1.000000001902435,-1.0000021978177354,0.26044151317916603,-0.2604414344412948,0.2604409099718338,0.26044163682318805,1.0000008476796036,-1.0000009497612685,-1.0000009497612727,-0.999999996072616,1.0000011662861363,1.000001166286138,-1.0000015292477615,-1.000001758469109,-0.7938612605098134,0.38035626840442327,0.7254874844081061,-1.00000224935177,1.0000021165610133,1.0000020599118604,1.0000021791760136,-1.0000018141968747,-0.2604404083306023,-0.2604416808681709,0.26044167459197654,0.2604416745919726,-0.2604416543343536,-0.26044165433435695
0.565435437400496,-0.5654357614399071,0.4755342331850099,0.6490627399566682,-1.0000009606789315,1.000001467316251,-1.0000014806761,-1.0000014395072703,-0.7938628655771934,0.7938632842434166,-0.9999989439900389,-0.2604400429007328,1.0000013505863339,-1.0000019029961011,1.0000017887111783,1.000002161105097,1.0000020328844914,-1.0000021978177354,1.0000000014464507,-0.2604415754016413,0.2604414966778503,-0.26044097229812735,-0.26044169899020986,-1.0000005271184496,1.0000006292176677,1.0000006292176726,0.9999996754756707,-1.0000008457582916,-1.0000008457582936,1.0000012087329717,1.000001437992614,0.7938609139519599,-0.3803560064013563,-0.7254871476799083,1.0000019288978041,-1.0000017960957583,-1.0000017394682785,-1.0000018587259571,1.0000014937613204,0.26044047075775495,0.26044174297440337,-0.2604417367057025,-0.2604417367056981,0.2604417164693306,0.2604417164693338
0.6490622430005611,-0.6490621909399115,0.7254856358556763,0.56543539716371,0.26044003191698784,-0.26044025842977914,0.2604403695136219,0.2604403177868991,0.7938604646823678,-0.7938608279498449,0.2604391801872317,0.9999948154367623,-0.2604406214554813,0.26044077273378885,-0.2604405363221981,-0.2604410676427728,-0.26044157540164325,0.26044151317916603,-0.2604415754016413,0.9999999950891552,-0.9999938422685447,0.9999937197359114,0.9999946217987965,0.2604402758072608,-0.2604403617623447,-0.26044036176234847,-0.26043983279959,0.26044040600006285,0.2604404060000642,-0.26044043849370374,-0.2604403665352489,0.3803557429850672,-0.7938587364219942,-0.4755340198573007,-0.2604405963875647,0.26044050477970365,0.2604404306970378,0.2604407885898473,-0.2604403057521535,-0.9999939599449825,-0.9999948754000186,0.9999947974508965,0.9999947974508939,-0.9999946425594632,-0.9999946425594658
-0.6490630825984941,0.6490630304465818,-0.7254865207282732,-0.5654361817873447,-0.260439952908532,0.2604401794296304,-0.2604402904513554,-0.2604402388618001,-0.7938609855786292,0.7938613488059915,-0.26043909981346053,-0.9999957217219282,0.2604405426452438,-0.26044069392083213,0.2604404574556025,0.2604409888715802,0.26044149667785227,-0.2604414344412948,0.2604414966778503,-0.9999938422685447,0.9999999963695178,-0.9999944661148047,-0.9999953644930029,-0.26044019619506437,0.2604402823093535,0.26044028230935745,0.26043975282831733,-0.2604403266685614,-0.2604403266685628,0.2604403592570202,0.2604402875758756,-0.3803563922917813,0.7938596567463058,0.4755347408341205,0.26044051756703523,-0.26044042590293587,-0.26044035187947145,-0.260440709808848,0.26044022693179913,0.9999948639880641,0.9999957723176015,-0.999995694511758,-0.9999956945117543,0.999995540046496,0.9999955400464996
0.6490633393025224,-0.6490632863333446,0.7254867222985665,0.565436487118269,0.26043942688589145,-0.26043965325096696,0.2604397634669573,0.2604397132632793,0.7938605133376675,-0.7938608768562216,0.2604385611165864,0.9999955021525048,-0.2604400179537999,0.2604401691026144,-0.2604399322436739,-0.2604404642518091,-0.2604409722981292,0.2604409099718338,-0.26044097229812735,0.9999937197359114,-0.9999944661148047,0.9999999959891922,0.9999952304834788,0.26043966377863176,-0.2604397512840529,-0.2604397512840569,-0.2604392174355461,0.26043979682358653,0.2604397968235884,-0.26043983040573254,-0.26043976151583564,0.3803567840326646,-0.7938598005911096,-0.47553509150845064,-0.2604399927028484,0.26043990056428856,0.26043982720276404,0.26044018515353184,-0.260439702347435,-0.9999944689355879,-0.999995472539638,0.9999953958835127,0.9999953958835089,-0.9999952448574035,-0.9999952448574086
0.6490633924592144,-0.6490633409652246,0.7254868813249884,0.5654364404413488,0.26044015640732576,-0.26044038309285605,0.2604404948013542,0.26044044207888795,0.793861480554677,-0.7938618434780846,0.2604393135981706,0.9999963002234705,-0.2604407451500181,0.2604408965449781,-0.2604406603857398,-0.26044119136217414,-0.26044169899021175,0.26044163682318805,-0.26044169899020986,0.9999946217987965,-0.9999953644930029,0.9999952304834788,0.9999999972625815,0.26044040498746546,-0.26044048998536273,-0.2604404899853667,-0.260439963988433,0.26044053338070683,0.2604405333807083,-0.2604405651492947,-0.2604404911897469,0.3803565407276448,-0.7938600643916,-0.4755349453474926,-0.26044072023368736,0.26044062894330483,0.2604405543723202,0.26044091232830546,-0.26044042933235845,-0.9999954581133031,-0.999996412904041,0.9999963342252416,0.999996334225239,-0.9999960216517515,-0.9999960216517502
-0.5654354398995397,0.5654357662490294,-0.47553442643154636,-0.6490625596084397,0.9999994592261193,-0.999999966730793,0.9999999835275794,0.9999999371411691,0.7938611328625277,-0.7938615520281302,0.9999975042284074,0.26043871624181075,-0.9999998454308507,1.0000003982500207,-1.0000002851807976,-1.0000006558962735,-1.0000005271184473,1.0000008476796036,-1.0000005271184496,0.2604402758072608,-0.26044019619506437,0.26043966377863176,0.26044040498746546,0.9999999993273698,-0.9999989942119238,-0.9999989942119327,-0.9999980630954975,0.9999993605669953,0.9999993605669977,-0.9999997191675989,-0.9999999375687151,-0.793860378730425,0.3803563859344731,0.7254867864769655,-1.000000424297446,1.0000002930808287,1.0000002340809009,1.0000003536892603,-0.9999999879603403,-0.26043915344246577,-0.26044045406974975,0.2604404472268364,0.2604404472268325,-0.26044042528269773,-0.2604404252827007
0.5654354309361529,-0.5654357569884663,0.47553440471703123,0.6490625624903105,-0.9999995603899334,1.000000067724226,-1.0000000837804497,-1.0000000385396381,-0.7938612441036683,0.7938616631726211,-0.9999975927488326,-0.26043880687576326,0.9999999474303075,-1.0000005001709864,1.000000386843409,1.0000007579158776,1.0000006292176649,-1.0000009497612685,1.0000006292176677,-0.2604403617623447,0.2604402823093535,-0.2604397512840529,-0.26044048998536273,-0.9999989942119238,0.9999999994636387,0.9999992461815729,0.999998310482731,-0.9999993027404619,-0.9999994582310512,0.9999998177701828,1.0000000385492123,0.793860404609254,-0.38035635200938483,-0.7254868011408921,1.0000005262014102,-1.0000003946360772,-1.000000336148309,-1.000000455687783,1.0000000901079837,0.2604392424658011,0.2604405382058999,-0.26044053145748786,-0.2604405314574836,0.2604405097986202,0.2604405097986235
0.5654354309361531,-0.5654357569884673,0.4755344047170314,0.6490625624903116,-0.9999995603899389,1.0000000677242304,-1.0000000837804552,-1.0000000385396426,-0.7938612441036742,0.7938616631726269,-0.9999975927488373,-0.26043880687576726,0.9999999474303117,-1.0000005001709913,1.0000003868434129,1.000000757915882,1.0000006292176689,-1.0000009497612727,1.0000006292176726,-0.26044036176234847,0.26044028230935745,-0.2604397512840569,-0.2604404899853667,-0.9999989942119327,0.9999992461815729,0.9999999994636387,0.9999983104827359,-0.9999994582310534,-0.999999302740468,0.999999817770188,1.0000000385492167,0.7938604046092564,-0.38035635200938456,-0.7254868011408931,1.0000005262014153,-1.0000003946360818,-1.0000003361483147,-1.0000004556877884,1.0000000901079884,0.2604392424658048,0.2604405382059037,-0.2604405314574916,-0.2604405314574874,0.2604405097986239,0.2604405097986269
0.5654351822651137,-0.5654355092296075,0.475534258248266,0.6490622174440178,-0.9999986096629347,0.999999117540854,-0.9999991359790544,-0.9999990870461806,-0.7938603332696765,0.7938607525979751,-0.9999965267798806,-0.26043826316364155,0.9999989939985846,-0.9999995469906952,0.9999994344952541,0.99999980441876,0.9999996754756677,-0.999999996072616,0.9999996754756707,-0.26043983279959,0.26043975282831733,-0.2604392174355461,-0.260439963988433,-0.9999980630954975,0.999998310482731,0.9999983104827359,0.99999999814244,-0.9999985187501943,-0.9999985187501949,0.9999988752781401,0.999999088401156,0.7938598807611639,-0.3803563084349833,-0.7254863636432827,0.9999995730728406,-0.999999442632944,-0.9999993824937895,-0.9999995022545013,0.9999991361967833,0.260438703839179,0.2604400148968289,-0.2604400078543353,-0.2604400078543312,0.26043998530662704,0.26043998530663
-0.56543555081859,0.5654358765883186,-0.47553450553464266,-0.6490626991317165,0.9999997761889576,-1.0000002833852712,1.000000298852931,1.000000254516735,0.7938614025031281,-0.793861821457319,0.9999977982048924,0.26043885504158776,-1.0000001638820415,1.000000716560251,-1.0000006030273332,-1.000000974384281,-1.0000008457582885,1.0000011662861363,-1.0000008457582916,0.26044040600006285,-0.2604403266685614,0.26043979682358653,0.26044053338070683,0.9999993605669953,-0.9999993027404619,-0.9999994582310534,-0.9999985187501943,0.999999999766082,0.9999996712424206,-0.9999998760421679,-1.000000254194377,-0.7938605696277986,0.3803564329105702,0.7254869529998947,-1.0000007425737079,1.000000610733965,1.0000005526497735,1.0000006721349506,-1.0000003066736862,-0.26043928928470894,-0.26044058085330685,0.26044057418772065,0.2604405741877165,-0.2604405527775303,-0.2604405527775333
-0.5654355508185906,0.5654358765883191,-0.47553450553464277,-0.6490626991317175,0.9999997761889595,-1.000000283385274,1.0000002988529337,1.000000254516737,0.7938614025031309,-0.7938618214573216,0.999997798204894,0.26043885504158915,-1.000000163882043,1.0000007165602527,-1.0000006030273354,-1.000000974384284,-1.0000008457582916,1.000001166286138,-1.0000008457582936,0.2604404060000642,-0.2604403266685628,0.2604397968235884,0.2604405333807083,0.9999993605669977,-0.9999994582310512,-0.999999302740468,-0.9999985187501949,0.9999996712424206,0.999999999766082,-0.9999998760421734,-1.0000002541943793,-0.7938605696277993,0.38035643291056986,0.7254869529998939,-1.0000007425737107,1.0000006107339663,1.0000005526497753,1.0000006721349524,-1.0000003066736896,-0.26043928928471044,-0.2604405808533083,0.26044057418772243,0.2604405741877182,-0.26044055277753186,-0.26044055277753503
0.5654357988822913,-0.5654361243863116,0.4755347241223381,0.649062972989645,-1.0000001386071604,1.0000006456959898,-1.0000005052251628,-1.0000006170622466,-0.7938616470472506,0.7938620658893992,-0.9999981524679948,-0.2604388908231955,1.0000005267834151,-1.0000010794143401,1.0000009657264608,1.0000013372982293,1.0000012087329682,-1.0000015292477615,1.0000012087329717,-0.26044043849370374,0.2604403592570202,-0.26043983040573254,-0.2604405651492947,-0.9999997191675989,0.9999998177701828,0.999999817770188,0.9999988752781401,-0.9999998760421679,-0.9999998760421734,1.0000000002792053,1.000000616487496,0.7938608853296083,-0.3803566198390672,-0.725487249595596,1.0000011054117237,-1.0000009733669335,-1.0000009155846474,-1.0000010350292385,1.0000006696572896,0.26043932394070063,0.26044061198195195,-0.26044060538795405,-0.26044060538794994,0.2604405841914962,0.2604405841914995
0.5654360145394571,-0.5654363392862498,0.4755349253843,0.6490631980153062,-1.0000003665137709,1.000000873329355,-1.0000007317571296,-1.0000008452628233,-0.7938617350784498,0.7938621536543133,-0.9999983597651156,-0.260438828157847,1.0000007558511346,-1.0000013083619408,1.000001194295144,1.0000015663921222,1.0000014379926112,-1.000001758469109,1.000001437992614,-0.2604403665352489,0.2604402875758756,-0.26043976151583564,-0.2604404911897469,-0.9999999375687151,1.0000000385492123,1.0000000385492167,0.999999088401156,-1.000000254194377,-1.0000002541943793,1.000000616487496,1.0000000006005827,0.7938611204977191,-0.38035680519814524,-0.7254874814594241,1.0000013343129244,-1.0000010462806979,-1.0000011447239179,-1.0000012640691998,1.0000008989187472,0.26043925808292273,0.26044053624209257,-0.2604405298482597,-0.26044052984825555,0.26044050924778944,0.2604405092477927
0.9504302980452249,-0.9504305771172055,0.9124486218667542,0.9778652465345612,-0.7938608722068565,0.7938612168784926,-0.7938611687954997,-0.7938611475217109,-0.26043513777283733,0.26043531020210536,-0.7938594780248553,0.3803585080868997,0.7938608630497463,-0.7938612980048638,0.7938613408967274,0.7938613580356324,0.7938609139519559,-0.7938612605098134,0.7938609139519599,0.3803557429850672,-0.3803563922917813,0.3803567840326646,0.3803565407276448,-0.793860378730425,0.793860404609254,0.7938604046092564,0.7938598807611639,-0.7938605696277986,-0.7938605696277993,0.7938608853296083,0.7938611204977191,0.9999999977384629,-0.8643415904411692,-0.9944485002781626,0.7938614341756061,-0.7938613691767247,-0.7938613550661197,-0.7938612444398947,0.7938611974022024,-0.38035748575022443,-0.38035661927915904,0.3803565805682085,0.380356580568211,-0.3803565154712877,-0.38035651547128685
-0.9778660789365389,0.9778662326606881,-0.9944492491215023,-0.9504310563701313,0.38035682396052545,-0.3803569277911345,0.3803568381540606,0.38035684811091597,-0.26043882876275426,0.26043891324974083,0.3803565106502038,-0.7938614576399587,-0.38035649298879326,0.38035669706307484,-0.38035685513402195,-0.3803565754375494,-0.3803560064013529,0.38035626840442327,-0.3803560064013563,-0.7938587364219942,0.7938596567463058,-0.7938598005911096,-0.7938600643916,0.3803563859344731,-0.38035635200938483,-0.38035635200938456,-0.3803563084349833,0.3803564329105702,0.38035643291056986,-0.3803566198390672,-0.38035680519814524,-0.8643415904411692,0.9999999983729813,0.9124490469572347,-0.3803568826495653,0.38035689125944727,0.38035692017566153,0.380356652679511,-0.38035688418255653,0.7938604331497479,0.793860231592608,-0.7938601662598795,-0.7938601662598789,0.7938600467193407,0.7938600467193421
-0.9778655839855123,0.9778658431224154,-0.9504306405799535,-0.994449091414944,0.7254872833837823,-0.725487585476021,0.7254875270795488,0.7254875127358634,0.15742516748745655,-0.15742529006242237,0.7254862033223641,-0.4755368773730419,-0.7254872076716367,0.7254876042027009,-0.7254876718460899,-0.7254876277841467,-0.7254871476799037,0.7254874844081061,-0.7254871476799083,-0.4755340198573007,0.4755347408341205,-0.47553509150845064,-0.4755349453474926,0.7254867864769655,-0.7254868011408921,-0.7254868011408931,-0.7254863636432827,0.7254869529998947,0.7254869529998939,-0.725487249595596,-0.7254874814594241,-0.9944485002781626,0.9124490469572347,0.9999999981202715,-0.725487753755731,0.7254877023183194,0.7254876973716871,0.7254875514155558,-0.7254875616227457,0.475535796723381,0.47553504301142796,-0.4755349979926354,-0.47553499799263704,0.47553492044125045,0.47553492044124973
0.5654361945647398,-0.5654365189067309,0.4755350546310531,0.6490634254289791,-1.0000008569139005,1.0000013636103704,-1.0000013771022882,-1.0000013357494268,-0.79386218468687,0.793862603202041,-0.9999988421205993,-0.26043906208469725,1.0000012466740629,-1.0000017991283623,1.0000016849136446,1.000002057211793,1.000001928897801,-1.00000224935177,1.0000019288978041,-0.2604405963875647,0.26044051756703523,-0.2604399927028484,-0.26044072023368736,-1.000000424297446,1.0000005262014102,1.0000005262014153,0.9999995730728406,-1.0000007425737079,-1.0000007425737107,1.0000011054117237,1.0000013343129244,0.7938614341756061,-0.3803568826495653,-0.725487753755731,1.0000000012985755,-1.0000015368325477,-1.000001480069274,-1.0000015993689437,1.000001389809063,0.2604394905928134,0.2604407645380131,-0.2604407582293741,-0.26044075822936985,0.2604407378806981,0.26044073788070116
-0.5654361721823769,0.5654364966918641,-0.4755350477972037,-0.649063388318949,1.000000724307933,-1.0000012310526705,1.000001244706968,1.0000012031156098,0.7938620449960058,-0.7938624635292835,0.9999987125626076,0.2604389688550276,-1.0000011139085283,1.000001666387323,-1.0000013967402288,-1.0000019244499982,-1.0000017960957557,1.0000021165610133,-1.0000017960957583,0.26044050477970365,-0.26044042590293587,0.26043990056428856,0.26044062894330483,1.0000002930808287,-1.0000003946360772,-1.0000003946360818,-0.999999442632944,1.000000610733965,1.0000006107339663,-1.0000009733669335,-1.0000010462806979,-0.7938613691767247,0.38035689125944727,0.7254877023183194,-1.0000015368325477,1.0000000011097483,1.0000015027925084,1.000001622111204,-1.0000012570186894,-0.26043939792810655,-0.2604406735436864,0.26044066720115905,0.26044066720115483,-0.26044064675259126,-0.2604406467525941
-0.5654361851023337,0.5654365093844687,-0.4755350687073321,-0.6490633923226856,1.0000006673569568,-1.0000011740288786,1.000001187442112,1.0000011462049119,0.7938619601764999,-0.7938623786443074,0.9999986511356397,0.2604388969565267,-1.0000010572075917,1.0000016096464364,-1.0000014953962049,-1.0000018677451532,-1.0000017394682768,1.0000020599118604,-1.0000017394682785,0.2604404306970378,-0.26044035187947145,0.26043982720276404,0.2604405543723202,1.0000002340809009,-1.000000336148309,-1.0000003361483147,-0.9999993824937895,1.0000005526497735,1.0000005526497753,-1.0000009155846474,-1.0000011447239179,-0.7938613550661197,0.38035692017566153,0.7254876973716871,-1.000001480069274,1.0000015027925084,1.0000000010289356,1.000001565381239,-1.0000010448642842,-0.2604393252813864,-0.26044059853901547,0.26044059224625693,0.26044059224625254,-0.2604405719442785,-0.26044057194428183
-0.5654359737216351,0.5654362979852403,-0.47553482791999924,-0.649063212648143,1.0000007866900253,-1.0000012933714304,1.0000013068175648,1.0000012655319992,0.7938622611750775,-0.7938626797293472,0.9999987710511352,0.26043925505711624,-1.0000011764939212,1.00000172894007,-1.0000016147091375,-1.0000018315381778,-1.0000018587259543,1.0000021791760136,-1.0000018587259571,0.2604407885898473,-0.260440709808848,0.26044018515353184,0.26044091232830546,1.0000003536892603,-1.000000455687783,-1.0000004556877884,-0.9999995022545013,1.0000006721349506,1.0000006721349524,-1.0000010350292385,-1.0000012640691998,-0.7938612444398947,0.380356652679511,0.7254875514155558,-1.0000015993689437,1.000001622111204,1.000001565381239,1.0000000011986931,-1.0000013196382211,-0.2604396832882906,-0.2604409565117127,0.26044095021723407,0.26044095021723,-0.2604409299097445,-0.26044092990974776
0.5654360973734633,-0.5654364216255582,0.4755350064817655,0.6490632799599205,-1.0000004215708553,1.0000009282283322,-1.0000009416000963,-1.0000009004232846,-0.7938617262835876,0.7938621447233569,-0.9999984046404737,-0.26043877227009454,1.000000811473386,-1.0000013639017522,1.0000012496296418,1.0000016220104444,1.0000014937613175,-1.0000018141968747,1.0000014937613204,-0.2604403057521535,0.26044022693179913,-0.260439702347435,-0.26044042933235845,-0.9999999879603403,1.0000000901079837,1.0000000901079884,0.9999991361967833,-1.0000003066736862,-1.0000003066736896,1.0000006696572896,1.0000008989187472,0.7938611974022024,-0.38035688418255653,-0.7254875616227457,1.000001389809063,-1.0000012570186894,-1.0000010448642842,-1.0000013196382211,1.0000000006792473,0.26043920051420816,0.2604404734246935,-0.26044046714064994,-0.2604404671406457,0.2604404468641076,0.26044044686411066
-0.6490640274319089,0.6490639735823748,-0.7254873865089291,-0.565437187610637,-0.260438923437194,0.260439149658892,-0.26043925901813747,-0.2604392103198255,-0.7938603846043291,0.7938607483792304,-0.26043804390281483,-0.9999956502175739,0.260439516021071,-0.26043966704359484,0.26043942974218537,0.2604399624307193,0.2604404707577569,-0.2604404083306023,0.26044047075775495,-0.9999939599449825,0.9999948639880641,-0.9999944689355879,-0.9999954581133031,-0.26043915344246577,0.2604392424658011,0.2604392424658048,0.260438703839179,-0.26043928928470894,-0.26043928928471044,0.26043932394070063,0.26043925808292273,-0.38035748575022443,0.7938604331497479,0.475535796723381,0.2604394905928134,-0.26043939792810655,-0.2604393252813864,-0.2604396832882906,0.26043920051420816,0.9999999963757381,0.9999956889333123,-0.9999956135361016,-0.999995613536099,0.9999954662725385,0.9999954662725417
-0.6490635253929357,0.6490634744263717,-0.725487032111459,-0.5654365564090835,-0.26044020136125967,0.26044042817862384,-0.2604405404276331,-0.26044048681661164,-0.7938616486845821,0.793862011378338,-0.26043936653733035,-0.9999965191264669,0.26044078931242476,-0.26044094080476154,0.26044070489575133,0.26044123551102305,0.26044174297440525,-0.2604416808681709,0.26044174297440337,-0.9999948754000186,0.9999957723176015,-0.999995472539638,-0.999996412904041,-0.26044045406974975,0.2604405382058999,0.2604405382059037,0.2604400148968289,-0.26044058085330685,-0.2604405808533083,0.26044061198195195,0.26044053624209257,-0.38035661927915904,0.793860231592608,0.47553504301142796,0.2604407645380131,-0.2604406735436864,-0.26044059853901547,-0.2604409565117127,0.2604404734246935,0.9999956889333123,0.9999999976370261,-0.9999964441660908,-0.9999964441660865,0.9999964406000117,0.9999964406000158
0.6490634692584255,-0.6490634182302932,0.7254869710524324,0.5654365055478294,0.2604401949790362,-0.26044042178129767,0.26044053396925004,0.2604404804585316,0.7938615978109773,-0.7938619605324205,0.2604393592718514,0.99999644506665,-0.2604407830211212,0.260440934502025,-0.26044069856372987,-0.26044122922143303,-0.26044173670570453,0.26044167459197654,-0.2604417367057025,0.9999947974508965,-0.999995694511758,0.9999953958835127,0.9999963342252416,0.2604404472268364,-0.26044053145748786,-0.2604405314574916,-0.2604400078543353,0.26044057418772065,0.26044057418772243,-0.26044060538795405,-0.2604405298482597,0.3803565805682085,-0.7938601662598795,-0.4755349979926354,-0.2604407582293741,0.26044066720115905,0.26044059224625693,0.26044095021723407,-0.26044046714064994,-0.9999956135361016,-0.9999964441660908,0.9999999975241791,0.9999965203934873,-0.9999962060654599,-0.9999963615560485
0.6490634692584257,-0.649063418230294,0.7254869710524318,0.5654365055478302,0.26044019497903226,-0.26044042178129334,0.2604405339692457,0.2604404804585275,0.7938615978109727,-0.7938619605324168,0.26043935927184736,0.9999964450666465,-0.2604407830211169,0.26044093450202105,-0.2604406985637256,-0.260441229221429,-0.2604417367057003,0.2604416745919726,-0.2604417367056981,0.9999947974508939,-0.9999956945117543,0.9999953958835089,0.999996334225239,0.2604404472268325,-0.2604405314574836,-0.2604405314574874,-0.2604400078543312,0.2604405741877165,0.2604405741877182,-0.26044060538794994,-0.26044052984825555,0.380356580568211,-0.7938601662598789,-0.47553499799263704,-0.26044075822936985,0.26044066720115483,0.26044059224625254,0.26044095021723,-0.2604404671406457,-0.999995613536099,-0.9999964441660865,0.9999965203934873,0.9999999975241791,-0.9999963615560429,-0.9999962060654594
-0.649063369331739,0.6490633181237698,-0.7254868607464559,-0.5654364163058018,-0.2604401744124269,0.26044040117006356,-0.26044051317663636,-0.26044045996392484,-0.7938614939861122,0.7938618567873809,-0.2604393360514245,-0.9999963017966668,0.26044076272185757,-0.26044091416943593,0.26044067814587923,0.2604412089268047,0.2604417164693326,-0.2604416543343536,0.2604417164693306,-0.9999946425594632,0.999995540046496,-0.9999952448574035,-0.9999960216517515,-0.26044042528269773,0.2604405097986202,0.2604405097986239,0.26043998530662704,-0.2604405527775303,-0.26044055277753186,0.2604405841914962,0.26044050924778944,-0.3803565154712877,0.7938600467193407,0.47553492044125045,0.2604407378806981,-0.26044064675259126,-0.2604405719442785,-0.2604409299097445,0.2604404468641076,0.9999954662725385,0.9999964406000117,-0.9999962060654599,-0.9999963615560429,0.9999999972986157,0.9999962033769689
-0.6490633693317392,0.6490633181237706,-0.7254868607464561,-0.565436416305802,-0.2604401744124301,0.2604404011700669,-0.26044051317663974,-0.26044045996392795,-0.7938614939861155,0.7938618567873847,-0.26043933605142755,-0.9999963017966695,0.2604407627218608,-0.26044091416943904,0.26044067814588245,0.2604412089268079,0.26044171646933567,-0.26044165433435695,0.2604417164693338,-0.9999946425594658,0.9999955400464996,-0.9999952448574086,-0.9999960216517502,-0.2604404252827007,0.2604405097986235,0.2604405097986269,0.26043998530663,-0.2604405527775333,-0.26044055277753503,0.2604405841914995,0.2604405092477927,-0.38035651547128685,0.7938600467193421,0.47553492044124973,0.26044073788070116,-0.2604406467525941,-0.26044057194428183,-0.26044092990974776,0.26044044686411066,0.9999954662725417,0.9999964406000158,-0.9999963615560485,-0.9999962060654594,0.9999962033769689,0.9999999972986159
