0.999999998732839,-0.9999981125348177,0.9999988997845994,0.9999995289143124,0.26044802546374457,-0.26044814889963236,0.2604456197564642,0.26045030502630095,-0.7938657943703483,-0.7938586502671139,0.7938641647504555,0.7938645334086986,0.38035193544479573,0.7254838989488602,-0.4755303767922709,-0.7938634394346962,-0.6490590439578173,0.5654319306951016,-0.9999987374787033,-0.9999987374787,-0.260451089200954,-0.2604510892009539,0.9999983498326208,0.9999983498326197,0.2604516284120945,0.26045162841209074,-0.9999982270994011,-0.2604518170266471
-0.9999981125348177,1.0000000005214207,-0.999998888498497,-0.999999350102336,-0.26044814889963747,0.26044826915671493,-0.26044571112964676,-0.26045044931036665,0.7938667339405991,0.7938599526641519,-0.7938651036866103,-0.7938654721578424,-0.3803527721453367,-0.7254851349470263,0.4755313328163548,0.7938643781395653,0.6490602005185696,-0.5654329938695076,0.9999998877390722,0.999999887739068,0.26045124395093644,0.2604512439509363,-0.9999994807551126,-0.9999994807551132,-0.2604517895657364,-0.2604517895657321,0.9999993515127268,0.2604519803455653
0.9999988997845994,-0.999998888498497,1.0000000004909202,0.9999994948787521,0.26044561975646546,-0.2604457111296432,0.2604428929257794,0.26044810853427786,-0.793864203426714,-0.793861435130151,0.7938639273590866,0.7938642939481266,0.38035646767291525,0.7254882332135713,-0.47553496197707407,-0.7938631995052824,-0.649063526748493,0.5654365006386293,-0.9999983599632961,-0.999998359963292,-0.260448998057642,-0.2604489980576419,0.9999977621216873,0.9999977621216877,0.2604496017241818,0.26044960172417775,-0.9999975686361758,-0.2604498121412897
0.9999995289143124,-0.999999350102336,0.9999994948787521,1.0000000009157761,0.26045030502628747,-0.26045044931034844,0.2604481085342636,0.2604524483403253,-0.7938675091299557,-0.7938571945405455,0.793865883990747,0.7938662539763773,0.3803494186891515,0.7254821795142286,-0.4755280051835029,-0.7938651603097504,-0.6490570749783534,0.565429741500853,-0.9999993472859771,-0.999999347285976,-0.26045316396211804,-0.2604531639621182,1.0000004538579492,1.0000004538579506,0.26045366122820457,0.26045366122820074,-1.0000003760750762,-0.26045383565568914
0.26044802546374457,-0.26044814889963747,0.26044561975646546,0.26045030502628747,0.999999998732839,-0.9999981125348282,0.9999988997846103,0.9999995289143404,-0.7938657943703609,0.3803519354447885,0.7938641647504612,0.793864533408708,-0.7938586502671131,-0.47553037679226645,0.725483898948863,-0.7938634394347055,0.565431930695104,-0.6490590439578207,-0.2604510892009412,-0.26045108920093923,-0.9999987374787281,-0.999998737478734,0.2604516284120752,0.2604516284120725,0.9999983498326451,0.9999983498326473,-0.26045181702662884,-0.9999982270994284
-0.26044814889963236,0.26044826915671493,-0.2604457111296432,-0.26045044931034844,-0.9999981125348282,1.0000000005214207,-0.9999988884985002,-0.9999993501023516,0.7938667339406021,-0.38035277214532887,-0.7938651036866088,-0.7938654721578435,0.7938599526641482,0.47553133281635007,-0.7254851349470246,0.7938643781395653,-0.5654329938695064,0.6490602005185683,0.2604512439509186,0.26045124395091684,0.999999887739089,0.9999998877390951,-0.2604517895657114,-0.260451789565709,-0.9999994807551301,-0.9999994807551316,0.26045198034554223,0.999999351512746
0.2604456197564642,-0.26044571112964676,0.2604428929257794,0.2604481085342636,0.9999988997846103,-0.9999988884985002,1.0000000004909204,0.9999994948787684,-0.793864203426715,0.3803564676729025,0.7938639273590873,0.7938642939481303,-0.7938614351301363,-0.47553496197706524,0.7254882332135648,-0.7938631995052843,0.5654365006386253,-0.6490635267484884,-0.26044899805762783,-0.2604489980576264,-0.9999983599633108,-0.9999983599633165,0.2604496017241608,0.2604496017241585,0.9999977621217032,0.9999977621217064,-0.2604498121412694,-0.9999975686361937
0.26045030502630095,-0.26045044931036665,0.26044810853427786,0.2604524483403253,0.9999995289143404,-0.9999993501023516,0.9999994948787684,1.0000000009157761,-0.7938675091299782,0.3803494186891355,0.7938658839907657,0.7938662539763981,-0.7938571945405422,-0.47552800518349225,0.725482179514226,-0.7938651603097715,0.5654297415008482,-0.6490570749783495,-0.26045316396211804,-0.26045316396211626,-0.99999934728601,-0.9999993472860107,0.2604536612281979,0.26045366122819547,1.0000004538579812,1.0000004538579825,-0.26045383565568325,-1.0000003760751097
-0.7938657943703483,0.7938667339405991,-0.793864203426714,-0.7938675091299557,-0.7938657943703609,0.7938667339406021,-0.793864203426715,-0.7938675091299782,1.0000000010799388,0.2604387809796472,-0.9999980818061327,-0.9999985417236773,0.26043878097963974,-0.15742811558978517,-0.15742811558978195,0.9999985233582219,0.05267082404097064,0.05267082404097066,0.793867245812306,0.7938672458123017,0.7938672458123271,0.7938672458123308,-0.7938671829124542,-0.7938671829124531,-0.7938671829124797,-0.7938671829124805,0.7938671712169115,0.79386717121694
-0.7938586502671139,0.7938599526641519,-0.793861435130151,-0.7938571945405455,0.3803519354447885,-0.38035277214532887,0.3803564676729025,0.3803494186891355,0.2604387809796472,1.0000000011432761,-0.2604382447264934,-0.2604383651875011,-0.8643436363090573,-0.9944510574424401,0.9124517089279351,0.2604380061819733,0.97786840147241,-0.9504333713429919,0.7938553224944123,0.793855322494408,-0.3803476035643235,-0.3803476035643276,-0.7938542321342368,-0.7938542321342374,0.3803464968574452,0.38034649685745053,0.7938538679287811,-0.38034612224811254
0.7938641647504555,-0.7938651036866103,0.7938639273590866,0.793865883990747,0.7938641647504612,-0.7938651036866088,0.7938639273590873,0.7938658839907657,-0.9999980818061327,-0.2604382447264934,0.9999999981246656,0.9999978343295577,-0.2604382447264775,0.1574277915932477,0.15742779159323592,-0.9999964553014313,-0.052670715669944475,-0.05267071566993598,-0.7938656228165126,-0.7938656228165079,-0.7938656228165281,-0.7938656228165327,0.7938655612286213,0.793865561228621,0.7938655612286439,0.7938655612286426,-0.7938655499737624,-0.7938655499737841
0.7938645334086986,-0.7938654721578424,0.7938642939481266,0.7938662539763773,0.793864533408708,-0.7938654721578435,0.7938642939481303,0.7938662539763981,-0.9999985417236773,-0.2604383651875011,0.9999978343295577,0.9999999987819358,-0.26043836518749086,0.15742786445133533,0.1574278644513289,-0.9999955545787995,-0.052670740053932415,-0.05267074005392935,-0.7938659934457023,-0.793865993445699,-0.7938659934457214,-0.7938659934457253,0.7938659322534829,0.7938659322534812,0.7938659322535074,0.7938659322535071,-0.7938659211319736,-0.7938659211319989
0.38035193544479573,-0.3803527721453367,0.38035646767291525,0.3803494186891515,-0.7938586502671131,0.7938599526641482,-0.7938614351301363,-0.7938571945405422,0.26043878097963974,-0.8643436363090573,-0.2604382447264775,-0.26043836518749086,1.0000000011432761,0.9124517089279347,-0.9944510574424441,0.2604380061819618,-0.9504333713429933,0.9778684014724108,-0.38034760356434116,-0.38034760356433983,0.7938553224944066,0.7938553224944123,0.3803464968574689,0.38034649685747157,-0.7938542321342283,-0.7938542321342341,-0.3803461222481338,0.7938538679287745
0.7254838989488602,-0.7254851349470263,0.7254882332135713,0.7254821795142286,-0.47553037679226645,0.47553133281635007,-0.47553496197706524,-0.47552800518349225,-0.15742811558978517,-0.9944510574424401,0.1574277915932477,0.15742786445133533,0.9124517089279347,1.0000000001118254,-0.9504329668744546,-0.15742764745113602,-0.994450109489139,0.9778677439109376,-0.7254802723946423,-0.7254802723946394,0.4755261273022363,0.47552612730224153,0.7254791511264144,0.7254791511264169,-0.47552499298879114,-0.4755249929887957,-0.7254787755532309,0.47552461006388214
-0.4755303767922709,0.4755313328163548,-0.47553496197707407,-0.4755280051835029,0.725483898948863,-0.7254851349470246,0.7254882332135648,0.725482179514226,-0.15742811558978195,0.9124517089279351,0.15742779159323592,0.1574278644513289,-0.9944510574424441,-0.9504329668744546,1.0000000001118254,-0.1574276474511287,0.977867743910939,-0.9944501094891381,0.4755261273022495,0.47552612730224814,-0.7254802723946373,-0.725480272394644,-0.4755249929888081,-0.47552499298881057,0.7254791511264069,0.7254791511264127,0.47552461006389923,-0.7254787755532248
-0.7938634394346962,0.7938643781395653,-0.7938631995052824,-0.7938651603097504,-0.7938634394347055,0.7938643781395653,-0.7938631995052843,-0.7938651603097715,0.9999985233582219,0.2604380061819733,-0.9999964553014313,-0.9999955545787995,0.2604380061819618,-0.15742764745113602,-0.1574276474511287,0.9999999968114089,0.05267066745362235,0.05267066745361824,0.7938648999319656,0.7938648999319612,0.7938648999319846,0.793864899931989,-0.7938648388342275,-0.7938648388342264,-0.7938648388342506,-0.7938648388342506,0.7938648277446827,0.7938648277447072
-0.6490590439578173,0.6490602005185696,-0.649063526748493,-0.6490570749783534,0.565431930695104,-0.5654329938695064,0.5654365006386253,0.5654297415008482,0.05267082404097064,0.97786840147241,-0.052670715669944475,-0.052670740053932415,-0.9504333713429933,-0.994450109489139,0.977867743910939,0.05267066745362235,0.9999999997586216,-0.9944498721845706,0.6490551516349412,0.6490551516349382,-0.5654278269752957,-0.5654278269753015,-0.6490540104853286,-0.6490540104853308,0.5654266808707328,0.565426680870738,0.6490536272375778,-0.5654262949649734
0.5654319306951016,-0.5654329938695076,0.5654365006386293,0.565429741500853,-0.6490590439578207,0.6490602005185683,-0.6490635267484884,-0.6490570749783495,0.05267082404097066,-0.9504333713429919,-0.05267071566993598,-0.05267074005392935,0.9778684014724108,0.9778677439109376,-0.9944501094891381,0.05267066745361824,-0.9944498721845706,0.9999999997586216,-0.5654278269753034,-0.565427826975301,0.6490551516349354,0.649055151634942,0.5654266808707443,0.5654266808707465,-0.6490540104853202,-0.649054010485326,-0.565426294964983,0.6490536272375714
-0.9999987374787033,0.9999998877390722,-0.9999983599632961,-0.9999993472859771,-0.2604510892009412,0.2604512439509186,-0.26044899805762783,-0.26045316396211804,0.793867245812306,0.7938553224944123,-0.7938656228165126,-0.7938659934457023,-0.38034760356434116,-0.7254802723946423,0.4755261273022495,0.7938648999319656,0.6490551516349412,-0.5654278269753034,1.000000000172592,1.0000002406897261,0.2604538451363997,0.26045384513639935,-0.9999986907348207,-1.0000000514088607,-0.2604543213244005,-0.26045432132439694,0.9999999954443278,0.26045448862373266
-0.9999987374787,0.999999887739068,-0.999998359963292,-0.999999347285976,-0.26045108920093923,0.26045124395091684,-0.2604489980576264,-0.26045316396211626,0.7938672458123017,0.793855322494408,-0.7938656228165079,-0.793865993445699,-0.38034760356433983,-0.7254802723946394,0.47552612730224814,0.7938648999319612,0.6490551516349382,-0.565427826975301,1.0000002406897261,1.000000000172592,0.2604538451363977,0.2604538451363974,-1.0000000514088567,-0.9999986907348171,-0.26045432132439866,-0.26045432132439533,0.9999999954443239,0.26045448862373094
-0.260451089200954,0.26045124395093644,-0.260448998057642,-0.26045316396211804,-0.9999987374787281,0.999999887739089,-0.9999983599633108,-0.99999934728601,0.7938672458123271,-0.3803476035643235,-0.7938656228165281,-0.7938659934457214,0.7938553224944066,0.4755261273022363,-0.7254802723946373,0.7938648999319846,-0.5654278269752957,0.6490551516349354,0.2604538451363997,0.2604538451363977,1.000000000172592,1.0000002406897643,-0.2604543213243942,-0.2604543213243915,-0.9999986907348446,-1.0000000514088923,0.26045448862372644,0.9999999954443584
-0.2604510892009539,0.2604512439509363,-0.2604489980576419,-0.2604531639621182,-0.999998737478734,0.9999998877390951,-0.9999983599633165,-0.9999993472860107,0.7938672458123308,-0.3803476035643276,-0.7938656228165327,-0.7938659934457253,0.7938553224944123,0.47552612730224153,-0.725480272394644,0.793864899931989,-0.5654278269753015,0.649055151634942,0.26045384513639935,0.2604538451363974,1.0000002406897643,1.000000000172592,-0.26045432132439367,-0.26045432132439106,-1.0000000514088958,-0.9999986907348558,0.2604544886237262,0.9999999954443657
0.9999983498326208,-0.9999994807551126,0.9999977621216873,1.0000004538579492,0.2604516284120752,-0.2604517895657114,0.2604496017241608,0.2604536612281979,-0.7938671829124542,-0.7938542321342368,0.7938655612286213,0.7938659322534829,0.3803464968574689,0.7254791511264144,-0.4755249929888081,-0.7938648388342275,-0.6490540104853286,0.5654266808707443,-0.9999986907348207,-1.0000000514088567,-0.2604543213243942,-0.26045432132439367,0.9999999999306364,0.9999999017924354,0.260454784614776,0.2604547846147726,-0.9999984985045197,-0.26045494755236875
0.9999983498326197,-0.9999994807551132,0.9999977621216877,1.0000004538579506,0.2604516284120725,-0.260451789565709,0.2604496017241585,0.26045366122819547,-0.7938671829124531,-0.7938542321342374,0.793865561228621,0.7938659322534812,0.38034649685747157,0.7254791511264169,-0.47552499298881057,-0.7938648388342264,-0.6490540104853308,0.5654266808707465,-1.0000000514088607,-0.9999986907348171,-0.2604543213243915,-0.26045432132439106,0.9999999017924354,0.9999999999306364,0.26045478461477384,0.2604547846147701,-0.9999984985045249,-0.26045494755236603
0.2604516284120945,-0.2604517895657364,0.2604496017241818,0.26045366122820457,0.9999983498326451,-0.9999994807551301,0.9999977621217032,1.0000004538579812,-0.7938671829124797,0.3803464968574452,0.7938655612286439,0.7938659322535074,-0.7938542321342283,-0.47552499298879114,0.7254791511264069,-0.7938648388342506,0.5654266808707328,-0.6490540104853202,-0.2604543213244005,-0.26045432132439866,-0.9999986907348446,-1.0000000514088958,0.260454784614776,0.26045478461477384,0.9999999999306364,0.9999999017924666,-0.26045494755236925,-0.99999849850456
0.26045162841209074,-0.2604517895657321,0.26044960172417775,0.26045366122820074,0.9999983498326473,-0.9999994807551316,0.9999977621217064,1.0000004538579825,-0.7938671829124805,0.38034649685745053,0.7938655612286426,0.7938659322535071,-0.7938542321342341,-0.4755249929887957,0.7254791511264127,-0.7938648388342506,0.565426680870738,-0.649054010485326,-0.26045432132439694,-0.26045432132439533,-1.0000000514088923,-0.9999986907348558,0.2604547846147726,0.2604547846147701,0.9999999017924666,0.9999999999306364,-0.2604549475523657,-0.9999984985045586
-0.9999982270994011,0.9999993515127268,-0.9999975686361758,-1.0000003760750762,-0.26045181702662884,0.26045198034554223,-0.2604498121412694,-0.26045383565568325,0.7938671712169115,0.7938538679287811,-0.7938655499737624,-0.7938659211319736,-0.3803461222481338,-0.7254787755532309,0.47552461006389923,0.7938648277446827,0.6490536272375778,-0.565426294964983,0.9999999954443278,0.9999999954443239,0.26045448862372644,0.2604544886237262,-0.9999984985045197,-0.9999984985045249,-0.26045494755236925,-0.2604549475523657,0.9999999998730187,0.26045510901492425
-0.2604518170266471,0.2604519803455653,-0.2604498121412897,-0.26045383565568914,-0.9999982270994284,0.999999351512746,-0.9999975686361937,-1.0000003760751097,0.79386717121694,-0.38034612224811254,-0.7938655499737841,-0.7938659211319989,0.7938538679287745,0.47552461006388214,-0.7254787755532248,0.7938648277447072,-0.5654262949649734,0.6490536272375714,0.26045448862373266,0.26045448862373094,0.9999999954443584,0.9999999954443657,-0.26045494755236875,-0.26045494755236603,-0.99999849850456,-0.9999984985045586,0.26045510901492425,0.9999999998730187
