0.9999999980846458,-0.9999980735539573,-0.9999976996070148,0.9999979594408491,0.9999983002842121,-1.0000006900152805,1.0000047580757285,-0.9999968159029623,-1.0000060792753223,-1.0000060792753243,-0.9999976980670269,0.9999962273227689,1.0000000867923369,-0.9999958940943074,-1.0000014351749917,-1.0000006312833434,0.9999965109042838,0.9999974524701323,0.9999933013676214,1.0000016672538918,-0.9999997104499366,0.9999988009130073,-1.0000003989343653,0.9999978935752641,1.0000037529393437,-0.999998768609996,-0.9999959610610664,-1.000004747468708,-1.0000047474687102,1.0000001381840884,0.9999908982867475,-0.9999925071244409,-0.9999910525329114,0.9999944921987461,0.9999915546795988,0.9999912438880668,-0.9999916889172986,-0.9999918924093777,0.9999960666890786,-0.9999951009197031,0.9999927015726547,0.9999965035454288,0.9999932988270215,-0.9999997948048115,-0.9999985340505337,-0.9999985340505346,-0.9999956474875176,1.0000009997556512,1.000000999755652,-1.0000016631946744,-1.0000016631946749,1.0000019290534181,-0.9999942686697005,-0.9999942686696992,0.9999953366627488,0.9999953366627495,-0.9999957356497757,-0.999997341437882,-0.999997341437882,0.9999983679538033,0.999998367953804,-0.9999987695150122
-0.9999980735539573,0.9999999985475394,0.9999975808825847,-0.9999987299524342,-0.9999990707961223,1.0000010159097943,-1.0000050839715144,0.9999971417961435,1.0000064051717596,1.000006405171761,0.999998023960741,-0.9999965532158668,-1.0000004126867932,0.9999962199873988,1.000001761070229,1.0000009571779158,-0.9999968367980566,-0.9999977783636962,-0.999993627260157,-1.000001993149053,1.0000000363441555,-0.9999991268068217,1.0000007248287257,-0.9999982194687925,-1.0000040788347475,0.9999990945038765,0.9999962869541168,1.0000050733646715,1.0000050733646733,-1.0000004640788094,-0.9999912241789266,0.9999928330167657,0.9999913784253489,-0.999994818091608,-0.9999918805725755,-0.999991569780699,0.9999920148104654,0.9999922183022255,-0.9999963925840982,0.9999954268140174,-0.9999930274660508,-0.999996829440248,-0.9999936247202658,1.0000001206993823,0.99999885994481,0.9999988599448104,0.9999959733811734,-1.0000013256504583,-1.0000013256504618,1.000001989089743,1.000001989089743,-1.000002254948588,0.999994594563366,0.999994594563366,-0.9999956625567898,-0.9999956625567888,0.9999960615439502,0.9999976673331361,0.9999976673331353,-0.9999986938494614,-0.9999986938494624,0.9999990954108239
-0.9999976996070148,0.9999975808825847,0.9999999980163918,-0.9999983560055294,-0.9999982522308701,1.0000006419618035,-1.000004710022066,0.9999967678496484,1.0000060312216408,1.0000060312216439,0.9999976500137262,-0.9999961792695089,-1.0000000387389303,0.9999958460410974,1.0000013871215947,1.0000005832298977,-0.9999964628511434,-0.9999974044168428,-0.9999932533145945,-1.00000161920044,0.9999996623965128,-0.9999987528596048,1.0000003508808872,-0.9999978455219032,-1.00000370488571,0.9999987205566091,0.9999959130078365,1.0000046994150789,1.0000046994150793,-1.000000090130721,-0.9999908502339517,0.9999924590714736,0.9999910044801757,-0.9999944441456567,-0.9999915066269215,-0.999991195835363,0.999991640864655,0.9999918443566473,-0.9999960186363573,0.9999950528669416,-0.9999926535199556,-0.9999964554926183,-0.9999932507742042,0.9999997467514485,0.9999984859972628,0.9999984859972639,0.9999955994344626,-1.000000951702212,-1.000000951702211,1.0000016151412152,1.0000016151412154,-1.0000018809999511,0.9999942206168572,0.9999942206168568,-0.9999952886098633,-0.9999952886098623,0.9999956875968741,0.9999972933850685,0.9999972933850695,-0.9999983199009596,-0.9999983199009597,0.9999987214621547
0.9999979594408491,-0.9999987299524342,-0.9999983560055294,0.9999999990169824,0.99999895668326,-1.0000017910337329,1.000005414478719,-0.9999979169187491,-1.000006735679557,-1.0000067356795594,-0.999998354465758,0.9999968837203029,1.0000007431925741,-0.9999965504917814,-1.0000020915766923,-1.0000012876838411,0.9999971673029704,0.9999981088685719,0.999993957763879,1.0000023236554845,-1.000000366849731,0.9999994573120202,-1.0000010553344794,0.9999985499737057,1.0000044093415799,-0.9999994250091214,-0.9999966174584861,-1.0000054038719948,-1.0000054038719968,1.0000007945847698,0.9999915546821486,-0.9999931635202595,-0.9999917089287661,0.9999951485956827,0.9999922110764102,0.9999919002842762,-0.9999923453144527,-0.9999925488060333,0.9999967230898604,-0.9999957573191945,0.9999933579703343,0.9999971599459344,0.9999939552244995,-1.000000451205202,-0.9999991904502927,-0.999999190450293,-0.999996303885905,1.00000165615659,1.0000016561565905,-1.000002319596123,-1.0000023195961227,1.0000025854550632,-0.9999949250679915,-0.999994925067991,0.9999959930617842,0.9999959930617844,-0.9999963920490802,-0.9999979978392162,-0.9999979978392162,0.9999990243559309,0.9999990243559315,-0.9999994259174424
0.9999983002842121,-0.9999990707961223,-0.9999982522308701,0.99999895668326,0.9999999995011118,-1.0000016872604873,1.0000057553249901,-0.9999978131442405,-1.0000070765260551,-1.0000070765260567,-0.9999986953093624,0.9999972245635421,1.0000010840370614,-0.9999968913348444,-1.0000024324212995,-1.0000016285285758,0.9999975081457521,0.9999984497121956,0.9999942986057772,1.0000026645002786,-1.0000011523122108,0.9999997981562627,-1.0000013961792324,0.9999988908176228,1.0000047501875513,-0.999999765853271,-0.9999969583016223,-1.000005744718069,-1.0000057447180712,1.000001135428993,0.9999918955228955,-0.999993504361874,-0.9999920497694276,0.9999954894380609,0.9999925519168722,0.9999922411249058,-0.9999926861548473,-0.9999928896468901,0.9999970639314251,-0.9999960981608124,0.9999936988112127,0.9999975007879998,0.9999942960658715,-1.0000007920493394,-0.9999995312939061,-0.9999995312939076,-0.9999966447282655,1.0000019970013303,1.000001997001332,-1.0000026604410508,-1.000002660441051,1.000002926300073,-0.9999952659095773,-0.999995265909577,0.9999963339037092,0.9999963339037103,-0.9999967328911374,-0.9999983386814071,-0.9999983386814073,0.9999993651984119,0.9999993651984119,-0.9999997667600414
-1.0000006900152805,1.0000010159097943,1.0000006419618035,-1.0000017910337329,-1.0000016872604873,1.0000000028954523,-1.0000085896918636,1.0000002028739967,1.0000094662782326,1.0000094662782337,1.0000010850414223,-0.999999614292002,-1.0000034737748498,0.999999281062644,1.0000048221625832,1.0000040182676437,-0.9999998978753738,-1.0000008394436928,-0.9999966883276823,-1.0000050542418872,1.0000030974308844,-1.0000021878907346,1.0000037859175954,-1.0000012805499996,-1.0000071399339354,1.0000021555877514,0.9999993480295756,1.0000081344670249,1.0000081344670273,-1.0000035251670014,-0.999994285239668,0.9999958940820176,0.9999944394868994,-0.9999978791627915,-0.9999949416358525,-0.9999946308430212,0.9999950758743167,0.9999952793665571,-0.9999994536618416,0.9999984878886035,-0.9999960885330923,-0.9999998905192057,-0.9999966857887583,1.000003181786469,1.000001921028236,1.0000019210282383,0.9999990344560498,-1.0000043867413602,-1.000004386741362,1.0000050501826996,1.0000050501826985,-1.0000053160423734,0.9999976556348179,0.9999976556348181,-0.9999987236315079,-0.9999987236315089,0.9999991226198959,1.000000728414735,1.0000007284147363,-1.0000017549342428,-1.0000017549342426,1.000002156496856
1.0000047580757285,-1.0000050839715144,-1.000004710022066,1.000005414478719,1.0000057553249901,-1.0000085896918636,1.0000000086736869,-1.0000042709324637,-1.0000139789924578,-1.00001397899246,-1.0000051531035499,1.0000036823481113,1.000007541846619,-1.0000033491173774,-1.0000088902399409,-1.0000080863416367,1.0000039659327755,1.0000049075047315,1.0000007563720894,1.0000091223200875,-1.0000071655010458,1.00000625595717,-1.0000078539906554,1.0000053486128662,1.000011208020535,-1.0000062236541227,-1.0000034160846507,-1.0000122025577813,-1.0000122025577838,1.000007593239025,0.9999983532745519,-0.9999999621232193,-0.9999985075224892,1.000001947211976,0.9999990096736201,0.9999986988794718,-0.9999991439127068,-0.9999993474056817,1.0000035217181975,-1.0000025559409074,1.0000001565756444,1.0000039585772478,1.000000753833521,-1.0000072498570833,-1.000005989093819,-1.000005989093818,-1.0000031025100262,1.0000084548169128,1.0000084548169133,-1.0000091182609405,-1.0000091182609383,1.0000093841216935,-1.0000017236835461,-1.0000017236835455,1.0000027916845475,1.0000027916845484,-1.0000031906745495,-1.0000047964762528,-1.0000047964762522,1.0000058229999291,1.0000058229999307,-1.0000062245641728
-0.9999968159029623,0.9999971417961435,0.9999967678496484,-0.9999979169187491,-0.9999978131442405,1.0000002028739967,-1.0000042709324637,0.9999999973927208,1.0000055921317854,1.0000055921317874,0.9999972109273969,-0.9999961848016093,-0.9999995996515588,0.9999954069553537,1.0000009480341197,1.0000001441422468,-0.9999960237657886,-0.9999969653303784,-0.9999928142302958,-1.0000011801126454,0.9999992233091197,-0.9999987583904749,0.9999999117930292,-0.9999974064350655,-1.000003265796362,0.9999982814695232,0.9999954739219555,1.0000042603256285,1.0000042603256305,-0.9999996510436021,-0.9999904111512008,0.999992019987548,0.9999905653976549,-0.999994005060749,-0.9999910675446513,-0.9999907567530529,0.9999912017826604,0.999991405274272,-0.9999955795536688,0.9999946137841299,-0.9999922144378052,-0.999996016409452,-0.9999928116911969,0.9999993076644582,0.9999980469108382,0.9999980469108389,0.9999951603496193,-1.000000512614582,-1.0000005126145812,1.0000011760533762,1.0000011760533771,-1.0000014419120171,0.9999937815336055,0.9999937815336052,-0.9999948495262077,-0.999994849526208,0.9999952485130552,0.9999968543018517,0.9999968543018511,-0.9999978808174529,-0.9999978808174538,0.9999982823785256
-1.0000060792753223,1.0000064051717596,1.0000060312216408,-1.000006735679557,-1.0000070765260551,1.0000094662782326,-1.0000139789924578,1.0000055921317854,1.0000000105503126,1.0000148555858608,1.0000064743038202,-1.0000050035465657,-1.0000088630501316,1.0000046703153238,1.000010211444915,1.0000094075459485,-1.0000052871310616,-1.0000062287047693,-1.0000020775663712,-1.0000104435254284,1.0000084867040964,-1.0000075771591277,1.0000091751947264,-1.0000066698136354,-1.000012529229121,1.00000754485597,1.0000047372827614,1.0000135237674697,1.0000135237674719,-1.0000089144422846,-0.9999996744654301,1.0000012833164658,0.9999998287135008,-1.0000032684079037,-1.0000003308649397,-1.0000000200706984,1.0000004651041423,1.0000006685978131,-1.0000048429152812,1.0000038771370736,-1.0000014777686626,-1.0000052797752887,-1.00000207502752,1.000008571059914,1.00000731029492,1.0000073102949196,1.0000044237070704,-1.0000097760216013,-1.0000097760216031,1.0000104394664668,1.0000104394664666,-1.0000107053275644,1.0000030448787025,1.0000030448787007,-1.0000041128810875,-1.0000041128810875,1.0000045118716128,1.0000061176752613,1.0000061176752633,-1.0000071442002432,-1.0000071442002445,1.0000075457650057
-1.0000060792753243,1.000006405171761,1.0000060312216439,-1.0000067356795594,-1.0000070765260567,1.0000094662782337,-1.00001397899246,1.0000055921317874,1.0000148555858608,1.0000000105503126,1.0000064743038222,-1.000005003546568,-1.000008863050133,1.0000046703153245,1.000010211444916,1.0000094075459505,-1.0000052871310627,-1.0000062287047702,-1.000002077566373,-1.0000104435254282,1.0000084867040975,-1.0000075771591288,1.0000091751947264,-1.0000066698136374,-1.0000125292291233,1.0000075448559707,1.000004737282763,1.0000135237674717,1.0000135237674737,-1.0000089144422861,-0.9999996744654316,1.0000012833164682,0.9999998287135021,-1.0000032684079048,-1.000000330864941,-1.0000000200706984,1.000000465104144,1.0000006685978144,-1.0000048429152835,1.0000038771370747,-1.0000014777686632,-1.0000052797752896,-1.0000020750275207,1.0000085710599167,1.0000073102949216,1.0000073102949216,1.0000044237070704,-1.0000097760216027,-1.0000097760216036,1.0000104394664688,1.0000104394664677,-1.0000107053275653,1.0000030448787025,1.0000030448787032,-1.0000041128810888,-1.00000411288109,1.0000045118716157,1.000006117675264,1.000006117675264,-1.0000071442002445,-1.0000071442002454,1.000007545765006
-0.9999976980670269,0.999998023960741,0.9999976500137262,-0.999998354465758,-0.9999986953093624,1.0000010850414223,-1.0000051531035499,0.9999972109273969,1.0000064743038202,1.0000064743038222,0.9999999986457321,-0.9999970669650418,-1.0000009264363456,0.9999962891183847,1.000001830201689,1.0000010263095536,-0.9999969059288425,-0.9999978474948181,-0.9999936963907846,-1.0000020622805235,1.000000105475605,-0.9999991959382286,1.000000793960258,-0.999998288600099,-1.0000041479666062,0.9999991636352271,0.999996356085153,1.0000051424965162,1.0000051424965182,-1.0000005332100697,-0.9999912933092412,0.9999929021473178,0.9999914475556787,-0.9999948872223512,-0.9999919497027248,-0.9999916389111598,0.9999920839407391,0.9999922874329755,-0.9999964617152896,0.999995495945307,-0.9999930965969718,-0.9999968985718511,-0.9999936938511624,1.0000001898306552,0.9999989290758472,0.9999989290758478,0.9999960425117758,-1.0000013947820945,-1.0000013947820963,1.0000020582214213,1.0000020582214206,-1.0000023240802842,0.9999946636942991,0.999994663694298,-0.9999957316878018,-0.9999957316878029,0.9999961306749969,0.9999977364648286,0.9999977364648276,-0.9999987629812602,-0.9999987629812609,0.9999991645426639
0.9999962273227689,-0.9999965532158668,-0.9999961792695089,0.9999968837203029,0.9999972245635421,-0.999999614292002,1.0000036823481113,-0.9999961848016093,-1.0000050035465657,-1.000005003546568,-0.9999970669650418,0.9999999965567126,0.9999990110697836,-0.999995262993887,-1.0000003594513764,-0.9999995555602219,0.9999954351856664,0.9999963767499757,0.9999922256520999,1.000000591529867,-0.9999986347276234,0.9999977251914888,-0.999999323211152,0.9999968178546131,1.0000026772125314,-0.9999976928885422,-0.9999948853424492,-1.0000036717411083,-1.0000036717411096,0.9999990624616257,0.9999898225740301,-0.9999914314097149,-0.999989976820221,0.9999934164818495,0.9999904789666841,0.9999901681755223,-0.9999906132046356,-0.9999908166965573,0.9999949909733463,-0.9999940252045836,0.9999916258596191,0.999995427829224,0.9999922231127601,-0.9999987190827446,-0.9999974583296493,-0.9999974583296496,-0.9999945717698075,0.9999999240323125,0.9999999240323146,-1.0000005874706988,-1.000000587470699,1.0000008533291744,-0.9999931929545877,-0.9999931929545872,0.999994260946562,0.9999942609465629,-0.9999946599331754,-0.999996265721135,-0.9999962657211344,0.9999972922361421,0.9999972922361423,-0.9999976937969762
1.0000000867923369,-1.0000004126867932,-1.0000000387389303,1.0000007431925741,1.0000010840370614,-1.0000034737748498,1.000007541846619,-0.9999995996515588,-1.0000088630501316,-1.000008863050133,-1.0000009264363456,0.9999990110697836,1.0000000020386417,-0.9999986778403497,-1.0000046635549957,-1.0000038596608753,0.9999992946523952,1.0000002362204774,0.9999960851067361,1.0000044510162565,-1.0000024942066084,1.0000015846670423,-1.0000031826929943,1.0000006773268466,1.0000065367072646,-1.000001552364018,-0.9999987448073406,-1.0000075312396361,-1.0000075312396375,1.000002921942181,0.9999936820196517,-0.9999952908613916,-0.9999938362665167,0.9999972759410919,0.9999943384148637,0.9999940276225278,-0.9999944726532622,-0.9999946761459291,0.9999988504384043,-0.9999978846660251,0.9999954853119684,0.9999992872959518,0.9999960825674048,-1.0000025785619409,-1.0000013178041973,-1.0000013178041969,-0.9999984312333335,1.0000037835163003,1.0000037835163011,-1.0000044469572,-1.0000044469571987,1.000004712816692,-0.9999970524128685,-0.9999970524128682,0.9999981204088956,0.9999981204088961,-0.9999985193970369,-1.0000001251909818,-1.00000012519098,1.000001151709857,1.0000011517098575,-1.0000015532722177
-0.9999958940943074,0.9999962199873988,0.9999958460410974,-0.9999965504917814,-0.9999968913348444,0.999999281062644,-1.0000033491173774,0.9999954069553537,1.0000046703153238,1.0000046703153245,0.9999962891183847,-0.999995262993887,-0.9999986778403497,0.9999999960834,1.0000000262212905,0.9999992223307371,-0.999995546574737,-0.9999964881390125,-0.9999923370422048,-1.000000258299895,0.9999983014984072,-0.9999973919625611,0.999998989981735,-0.9999964846258992,-1.0000023439819385,0.999997359659535,0.9999945521140006,1.0000033385100928,1.000003338510095,-0.9999987292319754,-0.9999894893461382,0.9999910981817713,0.9999896435919055,-0.9999930832534321,-0.9999901457378765,-0.9999898349472299,0.9999902799759066,0.999990483468524,-0.9999946577439818,0.9999936919757892,-0.9999912926314921,-0.9999950946003158,-0.999991889884498,0.9999983858533471,0.9999971251001892,0.9999971251001889,0.9999942385407241,-0.999999590802725,-0.9999995908027267,1.0000002542408686,1.000000254240868,-1.0000005200992326,0.9999928597260589,0.9999928597260584,-0.9999939277176872,-0.999993927717688,0.9999943267041633,0.9999959324920736,0.9999959324920723,-0.9999969590067876,-0.9999969590067884,0.9999973605674922
-1.0000014351749917,1.000001761070229,1.0000013871215947,-1.0000020915766923,-1.0000024324212995,1.0000048221625832,-1.0000088902399409,1.0000009480341197,1.000010211444915,1.000010211444916,1.000001830201689,-1.0000003594513764,-1.0000046635549957,1.0000000262212905,1.000000003953869,1.000004763430381,-1.000000643033415,-1.000001584603563,-0.9999974334837703,-1.000005799404715,1.0000038425928996,-1.0000029330522704,1.0000045310803887,-1.0000020257108624,-1.0000078850992515,1.0000029007490872,1.0000000931885051,1.0000088796326245,1.0000088796326254,-1.0000042703284695,-0.9999950303928714,0.9999966392372893,0.9999951846396847,-0.9999986243198077,-0.999995686788116,-0.999995375995856,0.9999958210265694,0.9999960245202495,-1.0000001988173512,0.9999992330442685,-0.999996833687077,-1.000000635676126,-0.9999974309436971,1.0000039269478345,1.0000026661881904,1.0000026661881911,0.9999997796129387,-1.0000051319041878,-1.0000051319041887,1.0000057953459132,1.0000057953459127,-1.000006061205745,0.9999984007903016,0.999998400790301,-0.9999994687877223,-0.999999468787722,0.9999998677763922,1.0000014735720884,1.0000014735720881,-1.0000025000922612,-1.0000025000922625,1.0000029016551346
-1.0000006312833434,1.0000009571779158,1.0000005832298977,-1.0000012876838411,-1.0000016285285758,1.0000040182676437,-1.0000080863416367,1.0000001441422468,1.0000094075459485,1.0000094075459505,1.0000010263095536,-0.9999995555602219,-1.0000038596608753,0.9999992223307371,1.000004763430381,1.0000000028120304,-0.9999998391432844,-1.0000007807116977,-0.9999966295958805,-1.00000499550969,1.0000030386988843,-1.0000021291588035,1.0000037271856506,-1.0000012218181653,-1.0000070812017587,1.0000020968558114,0.9999992892977554,1.0000080757347587,1.0000080757347616,-1.000003466434837,-0.9999942265078658,0.9999958353502101,0.9999943807550113,-0.9999978204308916,-0.9999948829037985,-0.9999945721111796,0.9999950171423093,0.9999952206348414,-0.9999993949298489,0.9999984291567884,-0.9999960298013878,-0.9999998317874319,-0.9999966270569827,1.0000031230543631,1.0000018622961073,1.0000018622961087,0.999998975723916,-1.0000047726274028,-1.000004772627402,1.0000049914506317,1.000004991450631,-1.0000052573102818,0.9999975969029706,0.9999975969029703,-0.9999986648995779,-0.9999986648995784,0.9999990638879389,1.0000006696829362,1.0000006696829373,-1.0000016962023779,-1.0000016962023783,1.0000020977649633
0.9999965109042838,-0.9999968367980566,-0.9999964628511434,0.9999971673029704,0.9999975081457521,-0.9999998978753738,1.0000039659327755,-0.9999960237657886,-1.0000052871310616,-1.0000052871310627,-0.9999969059288425,0.9999954351856664,0.9999992946523952,-0.999995546574737,-1.000000643033415,-0.9999998391432844,0.9999999969595056,0.9999966603313625,0.9999925092312829,1.0000008751124503,-0.9999989183104213,0.9999980087742476,-0.9999996067943724,0.9999971014369962,1.0000029607967664,-0.9999979764710211,-0.9999951689235503,-1.0000039553250315,-1.0000039553250346,0.9999993460434315,0.9999901061508878,-0.9999917149883021,-0.999990260396347,0.9999937000614191,0.9999907625417839,0.9999904517515974,-0.9999908967796722,-0.999991100273405,0.9999952745499076,-0.9999943087819766,0.9999919094363737,0.9999957114073764,0.9999925066903781,-0.999999002664687,-0.9999977419104547,-0.9999977419104539,-0.9999948553484874,1.0000002076152588,1.0000002076152614,-1.000000871053719,-1.000000871053718,1.0000011369122166,-0.9999934765323074,-0.9999934765323063,0.9999945445245404,0.999994544524541,-0.9999949435112544,-0.9999965492993435,-0.9999965492993446,0.9999975758145666,0.9999975758145676,-0.9999979773754794
0.9999974524701323,-0.9999977783636962,-0.9999974044168428,0.9999981088685719,0.9999984497121956,-1.0000008394436928,1.0000049075047315,-0.9999969653303784,-1.0000062287047693,-1.0000062287047702,-0.9999978474948181,0.9999963767499757,1.0000002362204774,-0.9999964881390125,-1.000001584603563,-1.0000007807116977,0.9999966603313625,0.9999999982968891,0.9999934507938244,1.0000018166825035,-0.999999859877931,0.9999989503406589,-1.0000005483623393,0.9999980430026069,1.0000039023677356,-0.9999989180376041,-0.9999965551057741,-1.0000048968974746,-1.0000048968974766,1.0000002876122316,0.9999910477121429,-0.9999926565502111,-0.9999912019581774,0.9999946416249341,0.9999917041049945,0.9999913933138047,-0.9999918383432427,-0.9999920418360845,0.9999962161181116,-0.9999952503483566,0.9999928510003399,0.9999966529750473,0.9999934482542263,-0.9999999442330598,-0.9999991280960169,-0.999999128096018,-0.9999957969140849,1.0000011491842788,1.000001149184279,-1.000001812623455,-1.0000018126234558,1.000002078482233,-0.9999944180973073,-0.9999944180973073,0.9999954860905959,0.9999954860905959,-0.9999958850776893,-0.9999974908681234,-0.999997490868123,0.9999985173844362,0.9999985173844376,-0.9999989189457654
0.9999933013676214,-0.999993627260157,-0.9999932533145945,0.999993957763879,0.9999942986057772,-0.9999966883276823,1.0000007563720894,-0.9999928142302958,-1.0000020775663712,-1.000002077566373,-0.9999936963907846,0.9999922256520999,0.9999960851067361,-0.9999923370422048,-0.9999974334837703,-0.9999966295958805,0.9999925092312829,0.9999934507938244,0.9999999924007453,0.9999976655619253,-0.9999957087658341,0.9999947992324231,-0.9999963972474157,0.999993891897975,0.9999997512390885,-0.9999947669293225,-0.9999919593907186,-1.0000007457643973,-1.0000007457643998,0.9999961364977439,0.999986896634718,-0.9999889500847682,-0.9999870508798753,0.999990490533443,0.9999875530239803,0.9999872422347896,-0.9999876872617508,-0.9999878907548267,0.999992065019249,-0.9999910992540451,0.9999886999157219,0.9999925018752733,0.9999892971673422,-0.9999957931201091,-0.9999945323698065,-0.9999945323698071,-0.9999916458171867,0.9999969980668137,0.999996998066815,-0.999997661503212,-0.9999976615032123,0.9999979273608787,-0.9999902670063177,-0.999990267006318,0.9999913349951974,0.9999913349951979,-0.9999917339806491,-0.9999933397648382,-0.9999933397648362,0.9999943662769266,0.999994366276928,-0.9999947678366033
1.0000016672538918,-1.000001993149053,-1.00000161920044,1.0000023236554845,1.0000026645002786,-1.0000050542418872,1.0000091223200875,-1.0000011801126454,-1.0000104435254284,-1.0000104435254282,-1.0000020622805235,1.000000591529867,1.0000044510162565,-1.000000258299895,-1.000005799404715,-1.00000499550969,1.0000008751124503,1.0000018166825035,0.9999976655619253,1.000000004283511,-1.0000045192902012,1.000003165131292,-1.0000047631597002,1.00000225778966,1.0000081171792878,-1.0000031328281456,-1.0000003252670167,-1.0000091117129675,-1.0000091117129715,1.0000045024080921,0.9999952624706391,-0.9999968713153046,-0.9999954167175128,0.9999988563982313,0.9999959188663121,0.9999956080735809,-0.9999960531046624,-0.9999962565978179,1.0000004308957602,-0.999999465122247,0.9999970657646908,1.0000008677541712,0.9999976630215538,-1.000004159027327,-1.0000028982675535,-1.0000028982675533,-1.000000011691918,1.0000053639835997,1.0000053639836006,-1.0000060274255016,-1.0000060274255014,1.0000062932854001,-0.9999986328684225,-0.9999986328684233,0.9999997008661,0.9999997008661008,-1.0000000998548593,-1.0000017056502861,-1.000001705650287,1.0000027321706735,1.0000027321706735,-1.0000031337336321
-0.9999997104499366,1.0000000363441555,0.9999996623965128,-1.000000366849731,-1.0000011523122108,1.0000030974308844,-1.0000071655010458,0.9999992233091197,1.0000084867040964,1.0000084867040975,1.000000105475605,-0.9999986347276234,-1.0000024942066084,0.9999983014984072,1.0000038425928996,1.0000030386988843,-0.9999989183104213,-0.999999859877931,-0.9999957087658341,-1.0000045192902012,1.00000000150409,-1.000001652941935,1.0000028063491662,-1.0000003009839944,-1.000006160362132,1.0000011760208931,0.9999983684652821,1.0000071548941785,1.0000071548941794,-1.0000025455987256,-0.999993305679667,0.9999949145207793,0.9999934599264397,-0.9999968995997242,-0.9999939620747521,-0.9999936512822749,0.9999940963130173,0.9999942998052648,-0.9999984740961088,0.9999975083239602,-0.9999951089709198,-0.9999989109532099,-0.9999957062262275,1.000002202218596,1.0000009414613684,1.0000009414613702,0.9999980548917337,-1.0000034071722341,-1.000003407172236,1.0000040706129028,1.000004070612902,-1.0000043364722995,0.9999966760713701,0.9999966760713689,-0.99999774406701,-0.9999977440670107,0.9999981430549975,0.9999997488479142,0.9999997488479142,-1.0000007753664018,-1.0000007753664022,1.0000011769286044
0.9999988009130073,-0.9999991268068217,-0.9999987528596048,0.9999994573120202,0.9999997981562627,-1.0000021878907346,1.00000625595717,-0.9999987583904749,-1.0000075771591277,-1.0000075771591288,-0.9999991959382286,0.9999977251914888,1.0000015846670423,-0.9999973919625611,-1.0000029330522704,-1.0000021291588035,0.9999980087742476,0.9999989503406589,0.9999947992324231,1.000003165131292,-1.000001652941935,1.0000000002121963,-1.0000018968092137,0.9999993914462875,1.000005250819108,-1.0000007111004918,-0.9999974589293364,-1.00000624535036,-1.0000062453503635,1.0000016360592403,0.9999923961484914,-0.9999940049880567,-0.9999925503951528,0.9999959900651891,0.9999930525431603,0.999992741750882,-0.9999931867813916,-0.9999933902733569,0.9999975645608574,-0.9999965987894057,0.9999941994384525,0.9999980014174619,0.9999947966930735,-1.0000017372974759,-1.0000000319233064,-1.0000000319233076,-0.9999971453563475,1.000002497631886,1.0000024976318875,-1.000003161071976,-1.0000031610719755,1.0000034269311358,-0.9999957665374142,-0.999995766537415,0.9999968345321104,0.999996834532111,-0.99999723351974,-0.9999988393115185,-0.9999988393115187,0.9999998658291241,0.9999998658291251,-1.000000267390979
-1.0000003989343653,1.0000007248287257,1.0000003508808872,-1.0000010553344794,-1.0000013961792324,1.0000037859175954,-1.0000078539906554,0.9999999117930292,1.0000091751947264,1.0000091751947264,1.000000793960258,-0.999999323211152,-1.0000031826929943,0.999998989981735,1.0000045310803887,1.0000037271856506,-0.9999996067943724,-1.0000005483623393,-0.9999963972474157,-1.0000047631597002,1.0000028063491662,-1.0000018968092137,1.000000002482004,-1.0000014340866714,-1.0000072934689752,1.0000018645062003,0.9999990569485966,1.0000078433837674,1.0000078433837682,-1.0000032340851723,-0.9999939941597913,0.9999956030018432,0.9999941484068527,-0.9999975880821301,-0.9999946505556502,-0.9999943397629931,0.9999947847941913,0.9999949882865876,-0.9999991625810709,0.999998196808064,-0.9999957974530886,-0.9999995994384645,-0.9999963947085274,1.0000028907047969,1.0000016299466719,1.000001629946673,0.9999987433751256,-1.0000040956593144,-1.0000040956593164,1.0000047591004855,1.0000047591004855,-1.0000050249600803,0.9999973645544045,0.9999973645544042,-0.9999984325508237,-0.9999984325508254,0.9999988315391011,1.0000004373338869,1.0000004373338862,-1.0000014638531753,-1.0000014638531756,1.0000018654156895
0.9999978935752641,-0.9999982194687925,-0.9999978455219032,0.9999985499737057,0.9999988908176228,-1.0000012805499996,1.0000053486128662,-0.9999974064350655,-1.0000066698136354,-1.0000066698136374,-0.999998288600099,0.9999968178546131,1.0000006773268466,-0.9999964846258992,-1.0000020257108624,-1.0000012218181653,0.9999971014369962,0.9999980430026069,0.999993891897975,1.00000225778966,-1.0000003009839944,0.9999993914462875,-1.0000014340866714,0.999999998923428,1.0000043434755685,-0.99999980376137,-0.9999969962106231,-1.0000053380059217,-1.0000053380059228,1.000000728718895,0.9999914888161084,-0.9999930976542863,-0.9999916430626645,0.9999950827296744,0.9999921452101505,0.9999918344183643,-0.9999922794484202,-0.9999924829405095,0.999996657224721,-0.9999956914541466,0.9999932921050932,0.9999970940811728,0.9999938893590349,-1.000000385339426,-0.9999991245842695,-0.9999991245842714,-0.9999962380197731,1.0000015902909336,1.000001590290936,-1.0000022537304498,-1.00000225373045,1.000002519589376,-0.9999948592025361,-0.9999948592025344,0.9999959271963045,0.999995927196305,-0.9999963261835835,-0.9999979319745755,-0.9999979319745758,0.9999989584913378,0.9999989584913378,-0.9999993600528543
1.0000037529393437,-1.0000040788347475,-1.00000370488571,1.0000044093415799,1.0000047501875513,-1.0000071399339354,1.000011208020535,-1.000003265796362,-1.000012529229121,-1.0000125292291233,-1.0000041479666062,1.0000026772125314,1.0000065367072646,-1.0000023439819385,-1.0000078850992515,-1.0000070812017587,1.0000029607967664,1.0000039023677356,0.9999997512390885,1.0000081171792878,-1.000006160362132,1.000005250819108,-1.0000072934689752,1.0000043434755685,1.0000000072459982,-1.0000052185160386,-1.0000024109490864,-1.0000116420317253,-1.000011642031726,1.000006588099661,0.9999973481435215,-0.9999989569908388,-0.9999975023911033,1.0000009420777252,0.9999980045416743,0.9999976937479398,-0.9999981387807222,-0.9999983422737609,1.0000025165824045,-1.0000015508060751,0.9999991514430828,1.0000029534412125,0.9999997487003773,-1.0000062447181397,-1.0000049839558196,-1.0000049839558207,-1.0000020973746542,1.0000074496767113,1.000007449676713,-1.0000081131200926,-1.0000081131200913,1.0000083789805747,-1.0000007185495277,-1.0000007185495268,1.0000017865495023,1.0000017865495028,-1.0000021855391075,-1.0000037913395086,-1.0000037913395068,1.0000048178622305,1.0000048178622318,-1.0000052194260864
-0.999998768609996,0.9999990945038765,0.9999987205566091,-0.9999994250091214,-0.999999765853271,1.0000021555877514,-1.0000062236541227,0.9999982814695232,1.00000754485597,1.0000075448559707,0.9999991636352271,-0.9999976928885422,-1.000001552364018,0.999997359659535,1.0000029007490872,1.0000020968558114,-0.9999979764710211,-0.9999989180376041,-0.9999947669293225,-1.0000031328281456,1.0000011760208931,-1.0000007111004918,1.0000018645062003,-0.99999980376137,-1.0000052185160386,1.000000000166314,0.9999974266263209,1.0000062130471807,1.0000062130471823,-1.000002048374121,-0.9999923638452676,0.9999939726849424,0.9999925180918643,-0.9999959577620726,-0.9999930202396942,-0.9999927094476189,0.9999931544779536,0.9999933579702085,-0.9999975322575434,0.9999965664862592,-0.9999941671352955,-0.9999979691143782,-0.9999947643899384,1.0000012603763049,0.9999999996200921,0.9999999996200929,0.9999971130530387,-1.0000024653288555,-1.0000024653288562,1.00000312876892,1.0000031287689193,-1.000003394628067,0.9999957342342313,0.9999957342342318,-0.9999968022289009,-0.9999968022289013,0.9999972012165207,0.9999988070084065,0.9999988070084072,-0.9999998335259977,-0.9999998335259983,1.0000002350878432
-0.9999959610610664,0.9999962869541168,0.9999959130078365,-0.9999966174584861,-0.9999969583016223,0.9999993480295756,-1.0000034160846507,0.9999954739219555,1.0000047372827614,1.000004737282763,0.999996356085153,-0.9999948853424492,-0.9999987448073406,0.9999945521140006,1.0000000931885051,0.9999992892977554,-0.9999951689235503,-0.9999965551057741,-0.9999919593907186,-1.0000003252670167,0.9999983684652821,-0.9999974589293364,0.9999990569485966,-0.9999969962106231,-1.0000024109490864,0.9999974266263209,0.9999999961785186,1.0000034054773848,1.0000034054773865,-0.9999987961989975,-0.9999895563127914,0.999991165148343,0.9999897105587578,-0.9999935948381298,-0.9999902127048883,-0.9999899019142096,0.9999903469430459,0.999990550435599,-0.9999947247118534,0.9999937589434431,-0.9999913595988,-0.999995161568147,-0.9999919568516324,0.9999984528203193,0.999997192067121,0.9999971920671242,0.9999943055076053,-0.999999657769802,-0.9999996577698042,1.0000003212080195,1.0000003212080188,-1.0000005870664166,0.9999929266932872,0.9999929266932874,-0.9999939946850122,-0.9999939946850127,0.9999943936715245,0.9999959994600341,0.9999959994600358,-0.9999970259748757,-0.9999970259748763,0.9999974275356295
-1.000004747468708,1.0000050733646715,1.0000046994150789,-1.0000054038719948,-1.000005744718069,1.0000081344670249,-1.0000122025577813,1.0000042603256285,1.0000135237674697,1.0000135237674717,1.0000051424965162,-1.0000036717411083,-1.0000075312396361,1.0000033385100928,1.0000088796326245,1.0000080757347587,-1.0000039553250315,-1.0000048968974746,-1.0000007457643973,-1.0000091117129675,1.0000071548941785,-1.00000624535036,1.0000078433837674,-1.0000053380059217,-1.0000116420317253,1.0000062130471807,1.0000034054773848,1.0000000086586214,1.0000121919507041,-1.0000075826317514,-0.9999983426661563,0.9999999515153557,0.9999984969137913,-1.0000019366042923,-0.9999989990644788,-0.9999986882707764,0.9999991333035925,0.9999993367973102,-1.0000035111095111,1.0000025453326045,-1.000000145967248,-1.0000039479691705,-1.000000743225349,1.0000072392499197,1.0000059784862527,1.0000059784862523,1.0000030919019345,-1.0000084442099635,-1.0000084442099655,1.0000091076539677,1.0000091076539668,-1.0000093735147015,1.0000017130753414,1.0000017130753411,-1.0000027810763499,-1.0000027810763514,1.0000031800663507,1.0000047858681607,1.0000047858681615,-1.0000058123918547,-1.0000058123918552,1.0000062139560957
-1.0000047474687102,1.0000050733646733,1.0000046994150793,-1.0000054038719968,-1.0000057447180712,1.0000081344670273,-1.0000122025577838,1.0000042603256305,1.0000135237674719,1.0000135237674737,1.0000051424965182,-1.0000036717411096,-1.0000075312396375,1.000003338510095,1.0000088796326254,1.0000080757347616,-1.0000039553250346,-1.0000048968974766,-1.0000007457643998,-1.0000091117129715,1.0000071548941794,-1.0000062453503635,1.0000078433837682,-1.0000053380059228,-1.000011642031726,1.0000062130471823,1.0000034054773865,1.0000121919507041,1.0000000086586214,-1.0000075826317527,-0.9999983426661578,0.999999951515358,0.9999984969137928,-1.0000019366042918,-0.9999989990644801,-0.999998688270776,0.9999991333035959,0.9999993367973127,-1.0000035111095127,1.0000025453326067,-1.0000001459672494,-1.000003947969172,-1.0000007432253506,1.0000072392499222,1.000005978486254,1.0000059784862554,1.000003091901937,-1.0000084442099657,-1.0000084442099657,1.0000091076539694,1.0000091076539686,-1.000009373514703,1.0000017130753427,1.0000017130753431,-1.0000027810763525,-1.0000027810763525,1.000003180066352,1.000004785868163,1.0000047858681618,-1.0000058123918552,-1.0000058123918556,1.0000062139560968
1.0000001381840884,-1.0000004640788094,-1.000000090130721,1.0000007945847698,1.000001135428993,-1.0000035251670014,1.000007593239025,-0.9999996510436021,-1.0000089144422846,-1.0000089144422861,-1.0000005332100697,0.9999990624616257,1.000002921942181,-0.9999987292319754,-1.0000042703284695,-1.000003466434837,0.9999993460434315,1.0000002876122316,0.9999961364977439,1.0000045024080921,-1.0000025455987256,1.0000016360592403,-1.0000032340851723,1.000000728718895,1.000006588099661,-1.000002048374121,-0.9999987961989975,-1.0000075826317514,-1.0000075826317527,1.0000000021116386,0.9999937334096897,-0.999995342252199,-0.9999938876561388,0.9999973273322208,0.9999943898039853,0.9999940790119363,-0.9999945240421725,-0.9999947275354059,0.9999989018269783,-0.999997936055084,0.9999955367010978,0.9999993386850351,0.999996133957141,-1.0000026299536668,-1.0000013691955487,-1.0000013691955505,-0.9999984826239986,1.0000038349081815,1.0000038349081817,-1.0000044983490657,-1.0000044983490664,1.0000047642085494,-0.9999971038025596,-0.9999971038025588,0.9999981717986287,0.9999981717986293,-0.9999985707867819,-1.0000001765799185,-1.0000001765799176,1.0000012030987733,1.0000012030987742,-1.0000016046611249
0.9999908982867475,-0.9999912241789266,-0.9999908502339517,0.9999915546821486,0.9999918955228955,-0.999994285239668,0.9999983532745519,-0.9999904111512008,-0.9999996744654301,-0.9999996744654316,-0.9999912933092412,0.9999898225740301,0.9999936820196517,-0.9999894893461382,-0.9999950303928714,-0.9999942265078658,0.9999901061508878,0.9999910477121429,0.999986896634718,0.9999952624706391,-0.999993305679667,0.9999923961484914,-0.9999939941597913,0.9999914888161084,0.9999973481435215,-0.9999923638452676,-0.9999895563127914,-0.9999983426661563,-0.9999983426661578,0.9999937334096897,0.9999999889874653,-0.9999865470138883,-0.9999850924293998,0.9999880874580922,0.9999851499533834,0.9999848391661853,-0.9999852841912202,-0.9999854876857388,0.9999896619404514,-0.999988696178259,0.9999862968451317,0.9999900987969922,0.9999868940952,-0.9999933900331105,-0.9999921292850283,-0.9999921292850283,-0.999989242738183,0.9999945949778647,0.9999945949778668,-0.9999952584126198,-0.99999525841262,0.9999955242696179,-0.9999878639318039,-0.9999878639318044,0.999988931918125,0.9999889319181247,-0.9999893309026253,-0.999990936684725,-0.9999909366847254,0.9999919631944582,0.9999919631944586,-0.9999923647531992
-0.9999925071244409,0.9999928330167657,0.9999924590714736,-0.9999931635202595,-0.999993504361874,0.9999958940820176,-0.9999999621232193,0.999992019987548,1.0000012833164658,1.0000012833164682,0.9999929021473178,-0.9999914314097149,-0.9999952908613916,0.9999910981817713,0.9999966392372893,0.9999958353502101,-0.9999917149883021,-0.9999926565502111,-0.9999889500847682,-0.9999968713153046,0.9999949145207793,-0.9999940049880567,0.9999956030018432,-0.9999930976542863,-0.9999989569908388,0.9999939726849424,0.999991165148343,0.9999999515153557,0.999999951515358,-0.999995342252199,-0.9999865470138883,0.9999999912726198,0.9999862566407538,-0.9999901409100258,-0.9999867587843024,-0.9999864479956746,0.9999868930221415,0.999987096515587,-0.9999912707770735,0.999990305012727,-0.9999879056760957,-0.999991707633164,-0.9999885029271072,0.9999949988749178,0.9999937381253298,0.9999937381253314,0.9999908515746755,-0.999996203820888,-0.9999962038208889,0.9999968672567566,0.9999968672567572,-0.9999971331142027,0.9999894727653603,0.99998947276536,-0.9999905407534053,-0.9999905407534059,0.9999909397385423,0.9999925455222016,0.9999925455222004,-0.9999935720335394,-0.9999935720335401,0.9999939735929133
-0.9999910525329114,0.9999913784253489,0.9999910044801757,-0.9999917089287661,-0.9999920497694276,0.9999944394868994,-0.9999985075224892,0.9999905653976549,0.9999998287135008,0.9999998287135021,0.9999914475556787,-0.999989976820221,-0.9999938362665167,0.9999896435919055,0.9999951846396847,0.9999943807550113,-0.999990260396347,-0.9999912019581774,-0.9999870508798753,-0.9999954167175128,0.9999934599264397,-0.9999925503951528,0.9999941484068527,-0.9999916430626645,-0.9999975023911033,0.9999925180918643,0.9999897105587578,0.9999984969137913,0.9999984969137928,-0.9999938876561388,-0.9999850924293998,0.9999862566407538,0.9999999892065513,-0.9999882417033965,-0.999985748815423,-0.9999854380287774,0.999985438435444,0.9999856419308997,-0.9999898161864302,0.9999888504243982,-0.9999864510906632,-0.9999902530437694,-0.9999870483406695,0.9999935442796128,0.9999922835310203,0.999992283531021,0.9999893969832346,-0.9999947492250619,-0.9999947492250615,0.9999954126598782,0.9999954126598788,-0.9999956785168997,0.99998801817739,0.9999880181773899,-0.9999890861638514,-0.9999890861638525,0.9999894851484119,0.9999910909317257,0.9999910909317268,-0.9999921174416452,-0.9999921174416462,0.9999925190004579
