0.9999999984188077,-0.9999987190936518,0.9999981220405605,0.9999983844472162,-0.9999978041269361,0.9999983497161393,-0.9999981220405644,-0.9999983844472198,-0.9999976092507685,-0.9999976092507655,0.9999976092507652,0.9999976092507683,-0.9999984195135998,0.9999984429756498,0.9999984195135961,-0.9999984429756498
-0.9999987190936518,0.999999999204538,-0.9999990370072657,-0.999999299414429,0.9999983497161415,-0.9999988953056207,0.9999986676297613,0.9999989300369138,0.9999981548396509,0.9999981548396487,-0.9999981548396477,-0.9999981548396526,0.999998965103478,-0.9999989885656325,-0.9999989651034739,0.9999989885656331
0.9999981220405605,-0.9999990370072657,0.9999999988766495,0.9999987023620359,-0.9999981220405629,0.9999986676297564,-0.9999984399531304,-0.9999987023620392,-0.9999982965405263,-0.9999982965405245,0.9999979271630075,0.9999979271630111,-0.999998737429433,0.9999987608920535,0.9999987374294281,-0.9999987608920544
0.9999983844472162,-0.999999299414429,0.9999987023620359,0.9999999992545561,-0.9999983844472187,0.9999989300369104,-0.9999987023620409,-0.9999989647669902,-0.999998189572071,-0.9999981895720685,0.9999981895720671,0.9999981895720708,-0.9999993692100452,0.9999990232941054,0.9999989998325265,-0.999999023294107
-0.9999978041269361,0.9999983497161415,-0.9999981220405629,-0.9999983844472187,0.9999999984188077,-0.9999987190936521,0.9999981220405676,0.9999983844472221,0.9999976092507713,0.9999976092507682,-0.9999976092507683,-0.9999976092507717,0.9999984195136038,-0.9999984429756517,-0.9999984195136002,0.9999984429756519
0.9999983497161393,-0.9999988953056207,0.9999986676297564,0.9999989300369104,-0.9999987190936521,0.999999999204538,-0.999999037007275,-0.9999992994144292,-0.9999981548396517,-0.9999981548396485,0.9999981548396479,0.9999981548396524,-0.9999989651034773,0.9999989885656314,0.999998965103473,-0.9999989885656312
-0.9999981220405644,0.9999986676297613,-0.9999984399531304,-0.9999987023620409,0.9999981220405676,-0.999999037007275,0.9999999988766495,0.9999987023620439,0.9999979271630154,0.9999979271630132,-0.9999982965405257,-0.9999982965405292,0.9999987374294366,-0.9999987608920595,-0.9999987374294329,0.9999987608920587
-0.9999983844472198,0.9999989300369138,-0.9999987023620392,-0.9999989647669902,0.9999983844472221,-0.9999992994144292,0.9999987023620439,0.9999999992545561,0.999998189572074,0.9999981895720695,-0.9999981895720702,-0.9999981895720734,0.999998999832533,-0.9999990232941096,-0.9999993692100401,0.9999990232941096
-0.9999976092507685,0.9999981548396509,-0.9999982965405263,-0.999998189572071,0.9999976092507713,-0.9999981548396517,0.9999979271630154,0.999998189572074,0.999999998138155,0.9999974143731422,-0.9999974143731414,-0.999997414373146,0.9999982246395819,-0.9999982481022686,-0.9999982246395789,0.9999982481022681
-0.9999976092507655,0.9999981548396487,-0.9999982965405245,-0.9999981895720685,0.9999976092507682,-0.9999981548396485,0.9999979271630132,0.9999981895720695,0.9999974143731422,0.999999998138155,-0.9999974143731392,-0.9999974143731424,0.9999982246395794,-0.9999982481022651,-0.9999982246395758,0.9999982481022663
0.9999976092507652,-0.9999981548396477,0.9999979271630075,0.9999981895720671,-0.9999976092507683,0.9999981548396479,-0.9999982965405257,-0.9999981895720702,-0.9999974143731414,-0.9999974143731392,0.999999998138155,0.999997414373143,-0.9999982246395789,0.9999982481022645,0.9999982246395752,-0.9999982481022661
0.9999976092507683,-0.9999981548396526,0.9999979271630111,0.9999981895720708,-0.9999976092507717,0.9999981548396524,-0.9999982965405292,-0.9999981895720734,-0.999997414373146,-0.9999974143731424,0.999997414373143,0.999999998138155,-0.9999982246395818,0.9999982481022694,0.9999982246395799,-0.9999982481022706
-0.9999984195135998,0.999998965103478,-0.999998737429433,-0.9999993692100452,0.9999984195136038,-0.9999989651034773,0.9999987374294366,0.999998999832533,0.9999982246395819,0.9999982246395794,-0.9999982246395789,-0.9999982246395818,0.9999999993050558,-0.9999994277358184,-0.9999990348972082,0.9999990583583033
0.9999984429756498,-0.9999989885656325,0.9999987608920535,0.9999990232941054,-0.9999984429756517,0.9999989885656314,-0.9999987608920595,-0.9999990232941096,-0.9999982481022686,-0.9999982481022651,0.9999982481022645,0.9999982481022694,-0.9999994277358184,0.9999999993388434,0.9999990583582995,-0.9999994511966263
0.9999984195135961,-0.9999989651034739,0.9999987374294281,0.9999989998325265,-0.9999984195136002,0.999998965103473,-0.9999987374294329,-0.9999993692100401,-0.9999982246395789,-0.9999982246395758,0.9999982246395752,0.9999982246395799,-0.9999990348972082,0.9999990583582995,0.9999999993050558,-0.9999994277358124
-0.9999984429756498,0.9999989885656331,-0.9999987608920544,-0.999999023294107,0.9999984429756519,-0.9999989885656312,0.9999987608920587,0.9999990232941096,0.9999982481022681,0.9999982481022663,-0.9999982481022661,-0.9999982481022706,0.9999990583583033,-0.9999994511966263,-0.9999994277358124,0.9999999993388436
