1.0000000000020146,-1.000000105666586,-1.0000000294658373,0.6490610917043941,-0.6490608470017192,-0.6490612475209403,-0.7254856892264986,0.7254855569627611,0.47553109325572446,-0.4755311838476865,1.0000000190825749,0.26044556838894733,0.380352530517822,-0.7938671503309077,-0.2604466211380451,-0.7938596386600366,0.9999998465126555,0.5654333236152125,1.000000019082574
-1.000000105666586,1.0000000000599207,1.000000007240834,-0.6490628573537627,0.6490626126514943,0.6490630131700976,0.7254872921836417,-0.7254871599197205,-0.4755331239240898,0.4755332145157137,-1.0000000593964318,-0.2604433712339817,-0.38035466057021666,0.7938657918993595,0.26044442398394785,0.7938610611363406,-0.9999999493860481,-0.5654352323648971,-1.0000000593964309
-1.0000000294658373,1.000000007240834,0.9999999999504916,-0.6490596509484918,0.6490594062455021,0.649059806765203,0.7254843808141865,-0.7254842485506116,-0.47552943706588147,0.47552952765812645,-1.0000000457479254,-0.26044735801962215,-0.3803507936297685,0.7938682548891968,0.2604484107680097,0.7938584771112898,-0.999999810621991,-0.5654317665026115,-1.000000045747924
0.6490610917043941,-0.6490628573537627,-0.6490596509484918,0.9999999997720559,-0.9999997951097407,-0.99999974435244,-0.9944515224468251,0.9944513972609074,0.9778674080489903,-0.9778673810995735,0.6490591991016209,-0.5654369595298937,0.9504325751808845,-0.05267156101827557,0.5654360455044402,-0.9778678296740466,0.6490646380408343,0.9944512862973459,0.6490591991016197
-0.6490608470017192,0.6490626126514943,0.6490594062455021,-0.9999997951097407,0.999999999843902,0.9999997318420468,0.9944515338717551,-0.9944514712263856,-0.9778675332037401,0.9778675062543456,-0.6490589543984828,0.5654372883345193,-0.950432736020359,0.05267119980624889,-0.5654363743092475,0.9778678023666637,-0.6490643933390581,-0.994451436919209,-0.6490589543984809
-0.6490612475209403,0.6490630131700976,0.649059806765203,-0.99999974435244,0.9999997318420468,0.999999999771012,0.9944515433353694,-0.994451418149426,-0.977867364353968,0.9778673374045415,-0.6490593549184099,0.565436789669843,-0.9504325106106657,0.052671766139146335,-0.5654358756442615,0.9778678719464573,-0.6490647938569075,-0.9944512639623316,-0.649059354918408
-0.7254856892264986,0.7254872921836417,0.7254843808141865,-0.9944515224468251,0.9944515338717551,0.9944515433353694,1.0000000001048055,-1.0000000769599136,-0.9504326367539954,0.9504326249000895,-0.7254839792409692,0.4755358203907606,-0.912451014619862,0.157428353489469,-0.47553484789777645,0.9944516828605043,-0.7254888759820817,-0.9778677939618567,-0.725483979240968
0.7254855569627611,-0.7254871599197205,-0.7254842485506116,0.9944513972609074,-0.9944514712263856,-0.994451418149426,-1.0000000769599136,0.9999999999159012,0.9504325283681411,-0.9504325165142403,0.725483846977433,-0.4755358049118329,0.9124509164883459,-0.15742827993454414,0.47553483241900874,-0.9944516089564692,0.7254887437179991,0.9778676765243854,0.7254838469774315
0.47553109325572446,-0.4755331239240898,-0.47552943706588147,0.9778674080489903,-0.9778675332037401,-0.977867364353968,-0.9504326367539954,0.9504325283681411,0.999999999958382,-0.9999999484994144,0.4755289002154633,-0.7254893123173095,0.994451776465804,0.15742840575117448,0.7254885448948124,-0.9124507757498947,0.47553523714511525,0.9944514421055526,0.47552890021546207
-0.4755311838476865,0.4755332145157137,0.47552952765812645,-0.9778673810995735,0.9778675062543456,0.9778673374045415,0.9504326249000895,-0.9504325165142403,-0.9999999484994144,0.9999999998778503,-0.4755289908077975,0.7254891798951127,-0.994451769216652,-0.1574282652906116,-0.7254884124725549,0.9124507791230133,-0.4755353277363452,-0.9944514629002595,-0.4755289908077969
1.0000000190825749,-1.0000000593964318,-1.0000000457479254,0.6490591991016209,-0.6490589543984828,-0.6490593549184099,-0.7254839792409692,0.725483846977433,0.4755289002154633,-0.4755289908077975,1.0000000000253941,0.2604479880291353,0.3803502229933385,-0.7938686845362343,-0.26044904077734476,-0.7938581302681705,0.9999998627757175,0.5654312693957215,1.0000000353664742
0.26044556838894733,-0.2604433712339817,-0.26044735801962215,-0.5654369595298937,0.5654372883345193,0.565436789669843,0.4755358203907606,-0.4755358049118329,-0.7254893123173095,0.7254891798951127,0.2604479880291353,1.0000000001511282,-0.7938632125716669,-0.7938641373811575,-1.0000002543754105,0.3803574558751082,0.26044089811093796,-0.649064588413624,0.260447988029136
0.380352530517822,-0.38035466057021666,-0.3803507936297685,0.9504325751808845,-0.950432736020359,-0.9504325106106657,-0.912451014619862,0.9124509164883459,0.994451776465804,-0.994451769216652,0.3803502229933385,-0.7938632125716669,1.0000000003269665,0.2604385571498325,0.7938624691162626,-0.864343893866594,0.3803569057442117,0.9778679411098753,0.38035022299333704
-0.7938671503309077,0.7938657918993595,0.7938682548891968,-0.05267156101827557,0.05267119980624889,0.052671766139146335,0.157428353489469,-0.15742827993454414,0.15742840575117448,-0.1574282652906116,-0.7938686845362343,-0.7938641373811575,0.2604385571498325,0.9999999997417589,0.7938647261534906,0.26043833419432144,-0.7938641729681676,0.052670787968406525,-0.7938686845362338
-0.2604466211380451,0.26044442398394785,0.2604484107680097,0.5654360455044402,-0.5654363743092475,-0.5654358756442615,-0.47553484789777645,0.47553483241900874,0.7254885448948124,-0.7254884124725549,-0.26044904077734476,-1.0000002543754105,0.7938624691162626,0.7938647261534906,1.0000000001243567,-0.38035643570636674,-0.2604419508616074,0.6490637429989204,-0.26044904077734576
-0.7938596386600366,0.7938610611363406,0.7938584771112898,-0.9778678296740466,0.9778678023666637,0.9778678719464573,0.9944516828605043,-0.9944516089564692,-0.9124507757498947,0.9124507791230133,-0.7938581302681705,0.3803574558751082,-0.864343893866594,0.26043833419432144,-0.38035643570636674,1.0000000000292941,-0.7938624930105976,-0.9504327806015886,-0.7938581302681695
0.9999998465126555,-0.9999999493860481,-0.999999810621991,0.6490646380408343,-0.6490643933390581,-0.6490647938569075,-0.7254888759820817,0.7254887437179991,0.47553523714511525,-0.4755353277363452,0.9999998627757175,0.26044089811093796,0.3803569057442117,-0.7938641729681676,-0.2604419508616074,-0.7938624930105976,0.9999999997775898,0.5654371901820368,0.9999998627757148
0.5654333236152125,-0.5654352323648971,-0.5654317665026115,0.9944512862973459,-0.994451436919209,-0.9944512639623316,-0.9778677939618567,0.9778676765243854,0.9944514421055526,-0.9944514629002595,0.5654312693957215,-0.649064588413624,0.9778679411098753,0.052670787968406525,0.6490637429989204,-0.9504327806015886,0.5654371901820368,0.9999999999314557,0.5654312693957187
1.000000019082574,-1.0000000593964309,-1.000000045747924,0.6490591991016197,-0.6490589543984809,-0.649059354918408,-0.725483979240968,0.7254838469774315,0.47552890021546207,-0.4755289908077969,1.0000000353664742,0.260447988029136,0.38035022299333704,-0.7938686845362338,-0.26044904077734576,-0.7938581302681695,0.9999998627757148,0.5654312693957187,1.000000000025394
