1.0000000013557113,-0.999660392814382,-0.9996601867457674,0.9996611739468597,0.9968109519707298,1.0000019698579476,0.9986387616842619,-1.0000024452800238,-0.9995770744306907,0.9307127562629044,-0.9307131819687692,0.675779566031203,0.6791433043024424,-0.679143013544278,0.0022862011879555754,0.9994276220858973,-0.9994294204854376,-0.9994268357771691,0.9994319832676127,0.9994265599206351,0.9994265599206346,-0.9943869576390965,-0.9988696545933348,0.9404201077255921,0.9990790518476436,-0.8321329014740539,-0.9992665305342984,-0.9994328415680208,-0.0022861344047819107
-0.999660392814382,1.000000001671983,0.9986385810185435,-1.000001566633977,-0.9985545116371641,-0.9996203465901832,-0.9969354207840644,0.9996215984558708,0.9984745156749184,-0.9208456652267465,0.9208460904229799,-0.656303014454873,-0.6980774094183733,0.6980771281035694,-0.028396115413112967,-0.9982049138386455,0.9982066870090579,0.9982041482422579,-0.9982092229142376,-0.9982038796853603,-0.9982038796853612,0.9912853114536322,0.9972864024660303,-0.9312216856363279,-0.9976159285561428,0.8173690191913766,0.9979235725117679,0.9982100795575466,0.028396048969689707
-0.9996601867457674,0.9986385810185435,1.0000000013718073,-0.9986385795241002,-0.9943871486029318,-0.999701151059341,-0.9996605870292713,0.9997016281011865,0.9999982531915163,-0.939945411193949,0.9399458364923634,-0.694795427322013,-0.6597463330074571,0.6597460310872989,0.02382519302108415,-0.9999690259970809,0.9999708556044761,0.9999682142607441,-0.9999734525760204,-0.9999679295883356,-0.9999679295883356,0.9968107725441466,0.9997720080622777,-0.9489774732638422,-0.9998611296455326,0.8463295286726328,0.9999283122225888,0.9999743106808701,-0.023825259391979676
0.9996611739468597,-1.000001566633977,-0.9986385795241002,1.0000000016787585,0.9985552950847109,0.9996211312943416,0.9969354152587598,-0.9996216046887985,-0.9984745200294409,0.9208455801061327,-0.9208460054719567,0.6563028621954589,0.698077528640369,-0.6980772490556602,0.0283963005060303,0.99820494187478,-0.9982067080543539,-0.9982041815528304,0.9982092356028618,0.9982039145698463,0.9982039145698454,-0.9912852852637142,-0.9972864028373654,0.9312216095117586,0.9976159341258714,-0.8173689001222342,-0.9979235821664354,-0.9982100935117446,-0.028396233292519526
0.9968109519707298,-0.9985545116371641,-0.9943871486029318,0.9985552950847109,1.0000000001829166,0.9966883831899284,0.9912856909741787,-0.9966888432647315,-0.9940583513741308,0.8985519855946288,-0.8985516297040557,0.614793921382153,0.735558698899069,-0.7355576482906837,0.08209037395554317,0.9935418952081326,-0.993543629593241,-0.993541161491041,0.9935461268011208,0.993540904645974,0.9935409046459732,-0.9827681509674533,-0.9918831365390409,0.910282342086512,0.9924592605892877,-0.7852161988115365,-0.9930136304796551,-0.9935469722696492,-0.08209031392563863
1.0000019698579476,-0.9996203465901832,-0.999701151059341,0.9996211312943416,0.9966883831899284,1.0000000031477931,0.9987190286592547,-1.0000041081695665,-0.9996212065787454,0.9312746259280171,-0.9312750501825362,0.6769118751827038,0.6780157441211231,-0.6780154591461557,0.000750050143511194,0.9994796157423165,-0.9994814157033427,-0.9994788281626414,0.9994839791268016,0.999478551890908,0.9994785518909081,-0.9945495513713319,-0.9989428627868162,0.9409424559801346,0.9991451951445778,-0.8329848336377221,-0.9993256028920119,-0.9994848415536287,-0.0007499818510858755
0.9986387616842619,-0.9969354207840644,-0.9996605870292713,0.9969354152587598,0.9912856909741787,0.9987190286592547,1.0000000019203599,-0.9987195060250262,-0.9997371381352473,0.9485374623615399,-0.9485378862771499,0.7133377039140492,0.6398998596042673,-0.6398995446209017,-0.04992021752535687,0.9998289084595696,-0.9998307752153093,-0.9998280666663899,0.999833413817606,0.9998277716303894,0.9998277716303889,-0.9985544730496217,-0.9999922200435258,0.9568880775271662,0.999961780516728,-0.8599493246811589,-0.9999086183168685,-0.9998342697758422,0.049920282374776144
-1.0000024452800238,0.9996215984558708,0.9997016281011865,-0.9996216046887985,-0.9966888432647315,-1.0000041081695665,-0.9987195060250262,1.0000000038340204,0.9996224701735903,-0.9312750446573471,0.931275469279205,-0.6769121716473329,-0.6780160524716102,0.6780157689957187,-0.0007500608192220367,-0.9994801279087369,0.9994819200438342,0.9994793462202951,-0.9994844738036472,-0.9994790720549478,-0.999479072054948,0.9945500144773931,0.9989433463438456,-0.9409428853599259,-0.9991456837487278,0.8329852059945282,0.999326095211667,0.9994853380196244,0.0007499932149698875
-0.9995770744306907,0.9984745156749184,0.9999982531915163,-0.9984745200294409,-0.9940583513741308,-0.9996212065787454,-0.9997371381352473,0.9996224701735903,1.0000000028807112,-0.940990543469123,0.9409909652645034,-0.6970024357998258,-0.6574350018190134,0.6574347097957162,0.026896546853450647,-0.9999889467391813,0.9999907883779422,0.9999881257253405,-0.9999926182565528,-0.9999878378665897,-0.9999878378665894,0.9970522859640084,0.9998344209597727,-0.9499427696679695,-0.9999093951381163,0.8479628519484269,0.999962421366053,0.9999942621237297,-0.026896616480498025
0.9307127562629044,-0.9208456652267465,-0.939945411193949,0.9208455801061327,0.8985519855946288,0.9312746259280171,0.9485374623615399,-0.9312750446573471,-0.940990543469123,0.9999999984688436,-0.9999974747238637,0.8985510903068201,0.36362401546437345,-0.36362352043958307,-0.36362093620880825,0.9425345262692268,-0.9425366857067635,-0.9425334086818492,0.9425396289188763,0.9425330192099993,0.9425330192099989,-0.964187963425981,-0.9470688676174788,0.9996195432491793,0.9455798721790937,-0.9773112967603742,-0.9440701403707692,-0.9425403765711132,0.36362101979464884
-0.9307131819687692,0.9208460904229799,0.9399458364923634,-0.9208460054719567,-0.8985516297040557,-0.9312750501825362,-0.9485378862771499,0.931275469279205,0.9409909652645034,-0.9999974747238637,0.9999999990368491,-0.8985506000805887,-0.3636242995143145,0.3636238052935962,0.36362093681057983,-0.9425349255397082,0.9425370928330206,0.9425338018697549,-0.9425400450327157,-0.9425334102741487,-0.9425334102741486,0.9641883868978748,0.9470692905052898,-0.9996199452022251,-0.9455802933536127,0.9773116530228867,0.9440705592128702,0.9425407927714974,-0.36362102031597016
0.675779566031203,-0.656303014454873,-0.694795427322013,0.6563028621954589,0.614793921382153,0.6769118751827038,0.7133377039140492,-0.6769121716473329,-0.6970024357998258,0.8985510903068201,-0.8985506000805887,0.9999999987897216,-0.08208716327546825,0.08208776460077799,-0.735555001595925,0.70029356169585,-0.7002957201826938,-0.7002922783130697,0.7002985262856483,0.700291832458365,0.7002918324583642,-0.7499800526951651,-0.710101043856592,0.8861408765916847,0.7068490387621605,-0.9711158444170791,-0.703581518763029,-0.7002990264902772,0.7355559024667363
0.6791433043024424,-0.6980774094183733,-0.6597463330074571,0.698077528640369,0.735558698899069,0.6780157441211231,0.6398998596042673,-0.6780160524716102,-0.6574350018190134,0.36362401546437345,-0.3636242995143145,-0.08208716327546825,0.9999999995705666,-0.9999987467550097,0.7355560072522892,0.6539551038051468,-0.653955519026707,-0.6539552196206402,0.6539563594869493,0.653955258795147,0.6539552587951479,-0.5976630437261048,-0.6434349448909409,0.38910703325427015,0.6469562878471086,-0.1580754471654984,-0.6504634884159394,-0.6539569778066393,-0.7355560751650345
-0.679143013544278,0.6980771281035694,0.6597460310872989,-0.6980772490556602,-0.7355576482906837,-0.6780154591461557,-0.6398995446209017,0.6780157689957187,0.6574347097957162,-0.36362352043958307,0.3636238052935962,0.08208776460077799,-0.9999987467550097,0.9999999997588961,-0.7355557127505533,-0.6539548592384323,0.6539552585106727,0.6539549884038623,-0.6539560814474469,-0.6539550322422294,-0.6539550322422298,0.597662682207479,0.6434346417385948,-0.38910655503985164,-0.6469559946962257,0.1580748879241025,0.6504632036551016,0.653956701447628,0.735556544714899
0.0022862011879555754,-0.028396115413112967,0.02382519302108415,0.0283963005060303,0.08209037395554317,0.000750050143511194,-0.04992021752535687,-0.0007500608192220367,0.026896546853450647,-0.36362093620880825,0.36362093681057983,-0.735555001595925,0.7355560072522892,-0.7355557127505533,0.9999999993304179,-0.0314991351265397,0.03150033624416455,0.03149817249966328,-0.03150169355734618,-0.03149783898014869,-0.03149783898014809,0.10353893299998457,0.04531705877551542,-0.337862710260236,-0.04071281366891786,0.5526709897344764,0.03610763972660998,0.031501608006927626,-0.9999984553510924
0.9994276220858973,-0.9982049138386455,-0.9999690259970809,0.99820494187478,0.9935418952081326,0.9994796157423165,0.9998289084595696,-0.9994801279087369,-0.9999889467391813,0.9425345262692268,-0.9425349255397082,0.70029356169585,0.6539551038051468,-0.6539548592384323,-0.0314991351265397,0.9999999962919333,-0.9999959885241125,-0.9999931150002699,0.999999499823636,0.9999935755615911,0.9999935755615901,-0.9973905394799458,-0.9999042341449859,0.9513668958596019,0.9999580006311166,-0.8503905946369006,-0.9999897883997236,-1.0000003876440244,0.03149923616817712
-0.9994294204854376,0.9982066870090579,0.9999708556044761,-0.9982067080543539,-0.993543629593241,-0.9994814157033427,-0.9998307752153093,0.9994819200438342,0.9999907883779422,-0.9425366857067635,0.9425370928330206,-0.7002957201826938,-0.653955519026707,0.6539552585106727,0.03150033624416455,-0.9999959885241125,0.9999999990576819,0.9999958911844724,-1.0000005851365072,-0.9999955847680215,-0.9999955847680212,0.9973924830098829,0.999906088556753,-0.9513690358866367,-0.9999598504399216,0.8503928064976611,0.9999916420359227,1.000002245844148,-0.03150042435653218
-0.9994268357771691,0.9982041482422579,0.9999682142607441,-0.9982041815528304,-0.993541161491041,-0.9994788281626414,-0.9998280666663899,0.9994793462202951,0.9999881257253405,-0.9425334086818492,0.9425338018697549,-0.7002922783130697,-0.6539552196206402,0.6539549884038623,0.03149817249966328,-0.9999931150002699,0.9999958911844724,0.9999999949654087,-0.9999986608496777,-0.9999918430271626,-0.9999918430271669,0.9973896350350422,0.9999034019857946,-0.9513657993370127,-0.9999571723213445,0.8503893705282989,0.9999889574870905,0.9999995536533108,-0.0314982852146053
0.9994319832676127,-0.9982092229142376,-0.9999734525760204,0.9982092356028618,0.9935461268011208,0.9994839791268016,0.999833413817606,-0.9994844738036472,-0.9999926182565528,0.9425396289188763,-0.9425400450327157,0.7002985262856483,0.6539563594869493,-0.6539560814474469,-0.03150169355734618,0.999999499823636,-1.0000005851365072,-0.9999986608496777,1.0000000028543525,0.9999983669695351,0.9999983669695359,-0.9973952113182669,-0.999908711257965,0.9513719595841715,0.9999624667692616,-0.8503957556174566,-0.9999934828366097,-1.00000409118971,0.03150176928604493
0.9994265599206351,-0.9982038796853603,-0.9999679295883356,0.9982039145698463,0.993540904645974,0.999478551890908,0.9998277716303894,-0.9994790720549478,-0.9999878378665897,0.9425330192099993,-0.9425334102741487,0.700291832458365,0.653955258795147,-0.6539550322422294,-0.03149783898014869,0.9999935755615911,-0.9999955847680215,-0.9999918430271626,0.9999983669695351,0.9999999944942162,0.9999922908992867,-0.9973893187382522,-0.999903110263925,0.9513654168204928,0.99995688195282,-0.8503889444541483,-0.999988666273108,-0.9999992616439202,0.03149795568886861
0.9994265599206346,-0.9982038796853612,-0.9999679295883356,0.9982039145698454,0.9935409046459732,0.9994785518909081,0.9998277716303889,-0.999479072054948,-0.9999878378665894,0.9425330192099989,-0.9425334102741486,0.7002918324583642,0.6539552587951479,-0.6539550322422298,-0.03149783898014809,0.9999935755615901,-0.9999955847680212,-0.9999918430271669,0.9999983669695359,0.9999922908992867,0.9999999944942163,-0.9973893187382521,-0.9999031102639252,0.9513654168204919,0.9999568819528202,-0.8503889444541488,-0.9999886662731087,-0.9999992616439202,0.031497955688868
-0.9943869576390965,0.9912853114536322,0.9968107725441466,-0.9912852852637142,-0.9827681509674533,-0.9945495513713319,-0.9985544730496217,0.9945500144773931,0.9970522859640084,-0.964187963425981,0.9641883868978748,-0.7499800526951651,-0.5976630437261048,0.597662682207479,0.10353893299998457,-0.9973905394799458,0.9973924830098829,0.9973896350350422,-0.9973952113182669,-0.9973893187382522,-0.9973893187382521,0.9999999999436485,0.9982977970942738,-0.9711167923584452,-0.9980188553076271,0.8861417171715514,0.9977180234928579,0.9973960468832519,-0.10353899625068663
-0.9988696545933348,0.9972864024660303,0.9997720080622777,-0.9972864028373654,-0.9918831365390409,-0.9989428627868162,-0.9999922200435258,0.9989433463438456,0.9998344209597727,-0.9470688676174788,0.9470692905052898,-0.710101043856592,-0.6434349448909409,0.6434346417385948,0.04531705877551542,-0.9999042341449859,0.999906088556753,0.9999034019857946,-0.999908711257965,-0.999903110263925,-0.9999031102639252,0.9982977970942738,1.0000000032609644,-0.9555401983097169,-0.9999938187867713,0.8575888800910365,0.9999626795768612,0.9999095741913631,-0.045317125114780685
0.9404201077255921,-0.9312216856363279,-0.9489774732638422,0.9312216095117586,0.910282342086512,0.9409424559801346,0.9568880775271662,-0.9409428853599259,-0.9499427696679695,0.9996195432491793,-0.9996199452022251,0.8861408765916847,0.38910703325427015,-0.38910655503985164,-0.337862710260236,0.9513668958596019,-0.9513690358866367,-0.9513657993370127,0.9513719595841715,0.9513654168204928,0.9513654168204919,-0.9711167923584452,-0.9555401983097169,0.9999999984541881,0.9541717324355754,-0.9711156407828656,-0.9527823355755357,-0.9513727243395398,0.3378627825582162
0.9990790518476436,-0.9976159285561428,-0.9998611296455326,0.9976159341258714,0.9924592605892877,0.9991451951445778,0.999961780516728,-0.9991456837487278,-0.9999093951381163,0.9455798721790937,-0.9455802933536127,0.7068490387621605,0.6469562878471086,-0.6469559946962257,-0.04071281366891786,0.9999580006311166,-0.9999598504399216,-0.9999571723213445,0.9999624667692616,0.99995688195282,0.9999568819528202,-0.9980188553076271,-0.9999938187867713,0.9541717324355754,1.0000000041968118,-0.8552099366809017,-0.9999944201221854,-0.9999633350313613,0.04071288201049749
-0.8321329014740539,0.8173690191913766,0.8463295286726328,-0.8173689001222342,-0.7852161988115365,-0.8329848336377221,-0.8599493246811589,0.8329852059945282,0.8479628519484269,-0.9773112967603742,0.9773116530228867,-0.9711158444170791,-0.1580754471654984,0.1580748879241025,0.5526709897344764,-0.8503905946369006,0.8503928064976611,0.8503893705282989,-0.8503957556174566,-0.8503889444541483,-0.8503889444541488,0.8861417171715514,0.8575888800910365,-0.9711156407828656,-0.8552099366809017,0.9999999983536022,0.8528122295289371,0.8503964059470017,-0.5526710852163645
-0.9992665305342984,0.9979235725117679,0.9999283122225888,-0.9979235821664354,-0.9930136304796551,-0.9993256028920119,-0.9999086183168685,0.999326095211667,0.999962421366053,-0.9440701403707692,0.9440705592128702,-0.703581518763029,-0.6504634884159394,0.6504632036551016,0.03610763972660998,-0.9999897883997236,0.9999916420359227,0.9999889574870905,-0.9999934828366097,-0.999988666273108,-0.9999886662731087,0.9977180234928579,0.9999626795768612,-0.9527823355755357,-0.9999944201221854,0.8528122295289371,1.000000004113836,0.99999513396133,-0.036107711124481405
-0.9994328415680208,0.9982100795575466,0.9999743106808701,-0.9982100935117446,-0.9935469722696492,-0.9994848415536287,-0.9998342697758422,0.9994853380196244,0.9999942621237297,-0.9425403765711132,0.9425407927714974,-0.7002990264902772,-0.6539569778066393,0.653956701447628,0.031501608006927626,-1.0000003876440244,1.000002245844148,0.9999995536533108,-1.00000409118971,-0.9999992616439202,-0.9999992616439202,0.9973960468832519,0.9999095741913631,-0.9513727243395398,-0.9999633350313613,0.8503964059470017,0.99999513396133,1.000000004103823,-0.031501682171645985
-0.0022861344047819107,0.028396048969689707,-0.023825259391979676,-0.028396233292519526,-0.08209031392563863,-0.0007499818510858755,0.049920282374776144,0.0007499932149698875,-0.026896616480498025,0.36362101979464884,-0.36362102031597016,0.7355559024667363,-0.7355560751650345,0.735556544714899,-0.9999984553510924,0.03149923616817712,-0.03150042435653218,-0.0314982852146053,0.03150176928604493,0.03149795568886861,0.031497955688868,-0.10353899625068663,-0.045317125114780685,0.3378627825582162,0.04071288201049749,-0.5526710852163645,-0.036107711124481405,-0.031501682171645985,0.9999999996061208
