1.0000000037495884,-1.0000040047546703,1.0000040490006719,1.000004049000676,1.0000028029963826,-1.0000037751124151,-1.000003775112415,-1.000003357004637,-1.000001746274934,1.0000038440170924,1.0000016180222333,1.0000016180222289,-1.0000025045201029,1.0000035156972134,1.000001580374095,-1.0000045740178753,-1.0000015551643124,-1.0000015551643109,-1.0000036831858305,-1.0000051810140829,1.0000035007803518,-1.0000037908143757,-1.0000037908143706,1.0000062957706477,1.0000056184266082,-1.0000065658698436
-1.0000040047546703,1.0000000023031206,-1.0000028097789737,-1.0000028097789768,-1.0000017915187533,1.0000027636335604,1.0000027636335596,1.0000023455266087,1.000000734798798,-1.0000028325388803,-1.0000006065465008,-1.0000006065464975,1.0000014930455097,-1.0000025042226302,-1.0000005688993547,1.0000035625431007,1.0000005436890662,1.0000005436890635,1.0000026717084187,1.0000041695342512,-1.0000024893037907,1.0000027793378126,1.0000027793378075,-1.0000052842895348,-1.0000046069514075,1.0000055543939999
1.0000040490006719,-1.0000028097789737,1.0000000020407065,1.0000028540249177,1.0000016080168677,-1.000002580131189,-1.0000025801311876,-1.0000021620248305,-1.0000005512976482,1.00000264903742,1.0000004230457302,1.000000423045728,-1.0000013095472267,1.0000023207255107,1.0000003853998285,-1.0000033790469363,-1.0000003601888523,-1.0000003601888514,-1.0000024882078127,-1.0000039860322119,1.0000023058040823,-1.0000023680933339,-1.0000025958384235,1.0000051007870971,1.0000044234558774,-1.000005370898713
1.000004049000676,-1.0000028097789768,1.0000028540249177,1.0000000020407065,1.0000016080168714,-1.0000025801311931,-1.0000025801311911,-1.0000021620248332,-1.0000005512976513,1.000002649037424,1.0000004230457336,1.0000004230457302,-1.00000130954723,1.0000023207255127,1.0000003853998314,-1.0000033790469403,-1.000000360188856,-1.0000003601888559,-1.0000024882078162,-1.0000039860322139,1.000002305804085,-1.0000025958384315,-1.0000023680933339,1.000005100787101,1.0000044234558798,-1.000005370898717
1.0000028029963826,-1.0000017915187533,1.0000016080168677,1.0000016080168714,1.000000000258806,-1.0000011063163285,-1.0000011063163303,-1.0000006882202697,-0.999999077501351,1.0000014029850877,0.9999991770014283,0.9999991770014242,-1.0000000635520707,1.0000010747547123,0.9999991393790363,-1.0000021330966276,-0.9999991141549991,-0.9999991141549978,-1.0000012421712987,-1.0000027399718774,1.0000010597841489,-1.000001349825337,-1.0000013498253324,1.0000038547217485,1.0000031775199905,-1.0000041249695564
-1.0000037751124151,1.0000027636335604,-1.000002580131189,-1.0000025801311931,-1.0000011063163285,1.0000000016489732,1.000002306169103,1.0000018880736428,1.0000002773537844,-1.0000023750946365,-1.0000001491093375,-1.0000001491093347,1.0000010356660076,-1.0000020468722737,-1.0000001114893178,1.0000031052174616,1.0000000862639105,1.0000000862639091,1.0000022142822957,1.0000037120820864,-1.0000020318966445,1.0000023219388554,1.0000023219388512,-1.0000048268326773,-1.0000041496434637,1.0000050970947691
-1.000003775112415,1.0000027636335596,-1.0000025801311876,-1.0000025801311911,-1.0000011063163303,1.000002306169103,1.0000000016489732,1.0000018880736397,1.0000002773537813,-1.0000023750946347,-1.0000001491093358,-1.0000001491093322,1.000001035666005,-1.0000020468722712,-1.0000001114893158,1.0000031052174605,1.000000086263909,1.0000000862639078,1.0000022142822944,1.0000037120820844,-1.0000020318966434,1.0000023219388534,1.0000023219388483,-1.0000048268326756,-1.0000041496434615,1.0000050970947678
-1.000003357004637,1.0000023455266087,-1.0000021620248305,-1.0000021620248332,-1.0000006882202697,1.0000018880736428,1.0000018880736397,1.0000000010510728,0.9999998592563923,-1.0000017292510075,-0.9999997310108296,-0.9999997310108257,1.000000617558394,-1.0000016287597795,-0.9999996933867492,1.000002687100733,0.9999996681636262,0.9999996681636252,1.0000017961811134,1.000003293984085,-1.0000016137926995,1.0000019038335377,1.0000019038335326,-1.0000044087348363,-1.0000037315235617,1.0000046789730928
-1.000001746274934,1.000000734798798,-1.0000005512976482,-1.0000005512976513,-0.999999077501351,1.0000002773537844,1.0000002773537813,0.9999998592563923,0.9999999987476552,-1.0000003462741873,-0.9999978925468552,-0.9999978925468513,0.9999990068324968,-1.0000000180294015,-0.9999980826653242,1.0000010763662213,0.9999980574436946,0.9999980574436927,1.0000001854577323,1.0000016832607057,-1.0000000030678007,1.0000002931073702,1.000000293107365,-1.0000027980100503,-1.0000021207856118,1.0000030682327277
1.0000038440170924,-1.0000028325388803,1.00000264903742,1.000002649037424,1.0000014029850877,-1.0000023750946365,-1.0000023750946347,-1.0000017292510075,-1.0000003462741873,1.0000000017475368,1.0000002180276337,1.0000002180276317,-1.0000011045687212,1.0000021157670786,1.0000001804003087,-1.0000031741055508,-1.0000001551789763,-1.0000001551789746,-1.0000020554524132,-1.0000035532591378,1.0000021008067512,-1.0000023908467393,-1.0000023908467341,1.0000048957560241,1.000004218526727,-1.0000051659756333
1.0000016180222333,-1.0000006065465008,1.0000004230457302,1.0000004230457336,0.9999991770014283,-1.0000001491093375,-1.0000001491093358,-0.9999997310108296,-0.9999978925468552,1.0000002180276337,0.9999999985642559,0.999997992045047,-0.9999988785794673,0.9999998897731694,0.9999979544156228,-1.000000948107238,-0.9999977014504728,-0.9999979291955639,-1.0000000572093264,-1.0000015550147363,0.9999998748174607,-1.0000001648561283,-1.0000001648561243,1.00000266976437,1.0000019925246055,-1.0000029399706554
1.0000016180222289,-1.0000006065464975,1.000000423045728,1.0000004230457302,0.9999991770014242,-1.0000001491093347,-1.0000001491093322,-0.9999997310108257,-0.9999978925468513,1.0000002180276317,0.999997992045047,0.9999999985642559,-0.9999988785794632,0.9999998897731663,0.9999979544156191,-1.000000948107234,-0.999997929195563,-0.9999977014504713,-1.0000000572093235,-1.0000015550147332,0.9999998748174577,-1.0000001648561252,-1.0000001648561212,1.000002669764367,1.0000019925246042,-1.0000029399706512
-1.0000025045201029,1.0000014930455097,-1.0000013095472267,-1.00000130954723,-1.0000000635520707,1.0000010356660076,1.000001035666005,1.000000617558394,0.9999990068324968,-1.0000011045687212,-0.9999988785794673,-0.9999988785794632,0.9999999998320185,-1.0000005484964363,-0.9999986131839652,1.0000018345570616,0.9999988157206681,0.999998815720667,1.000000943736323,1.0000024415626643,-1.0000007613296928,1.000001051362186,1.0000010513621806,-1.0000035563165242,-1.000002878961318,1.0000038264011406
1.0000035156972134,-1.0000025042226302,1.0000023207255107,1.0000023207255127,1.0000010747547123,-1.0000020468722737,-1.0000020468722712,-1.0000016287597795,-1.0000000180294015,1.0000021157670786,0.9999998897731694,0.9999998897731663,-1.0000005484964363,1.0000000012780423,0.9999998521120379,-1.0000026179642016,-0.9999998269095856,-0.9999998269095834,-1.0000019549274053,-1.0000034527652624,1.0000017725131405,-1.0000020625426498,-1.0000020625426456,1.0000045675219065,1.0000038901074506,-1.0000048375446335
1.000001580374095,-1.0000005688993547,1.0000003853998285,1.0000003853998314,0.9999991393790363,-1.0000001114893178,-1.0000001114893158,-0.9999996933867492,-0.9999980826653242,1.0000001804003087,0.9999979544156228,0.9999979544156191,-0.9999986131839652,0.9999998521120379,0.9999999985104371,-1.0000009104369698,-0.9999976638167264,-0.9999976638167226,-1.000000019575497,-1.0000015173899972,0.9999998371768198,-1.0000001272124728,-1.0000001272124681,1.0000026321410982,1.0000019548477443,-1.0000029022904542
-1.0000045740178753,1.0000035625431007,-1.0000033790469363,-1.0000033790469403,-1.0000021330966276,1.0000031052174616,1.0000031052174605,1.000002687100733,1.0000010763662213,-1.0000031741055508,-1.000000948107238,-1.000000948107234,1.0000018345570616,-1.0000026179642016,-1.0000009104369698,1.0000000027914748,1.0000008852395665,1.0000008852395657,1.0000030132596502,1.000004511107612,-1.0000028308388567,1.0000031208658802,1.0000031208658757,-1.0000056258668444,-1.0000047206567315,1.000005895836949
-1.0000015551643124,1.0000005436890662,-1.0000003601888523,-1.000000360188856,-0.9999991141549991,1.0000000862639105,1.000000086263909,0.9999996681636262,0.9999980574436946,-1.0000001551789763,-0.9999977014504728,-0.999997929195563,0.9999988157206681,-0.9999998269095856,-0.9999976638167264,1.0000008852395665,0.9999999984743764,0.9999978663441738,0.9999999943578002,1.0000014921671578,-0.9999998119629336,1.0000001020002567,1.0000001020002516,-1.0000026069173877,-1.0000019296539735,1.0000028770984994
-1.0000015551643109,1.0000005436890635,-1.0000003601888514,-1.0000003601888559,-0.9999991141549978,1.0000000862639091,1.0000000862639078,0.9999996681636252,0.9999980574436927,-1.0000001551789746,-0.9999979291955639,-0.9999977014504713,0.999998815720667,-0.9999998269095834,-0.9999976638167226,1.0000008852395657,0.9999978663441738,0.9999999984743764,0.9999999943578001,1.0000014921671558,-0.9999998119629329,1.0000001020002545,1.0000001020002496,-1.0000026069173866,-1.000001929653973,1.000002877098499
-1.0000036831858305,1.0000026717084187,-1.0000024882078127,-1.0000024882078162,-1.0000012421712987,1.0000022142822957,1.0000022142822944,1.0000017961811134,1.0000001854577323,-1.0000020554524132,-1.0000000572093264,-1.0000000572093235,1.000000943736323,-1.0000019549274053,-1.000000019575497,1.0000030132596502,0.9999999943578002,0.9999999943578001,1.0000000015175567,1.0000036201885516,-1.0000017122356315,1.0000022300186633,1.0000022300186584,-1.0000047349411698,-1.0000040576762916,1.000005005122849
-1.0000051810140829,1.0000041695342512,-1.0000039860322119,-1.0000039860322139,-1.0000027399718774,1.0000037120820864,1.0000037120820844,1.000003293984085,1.0000016832607057,-1.0000035532591378,-1.0000015550147363,-1.0000015550147332,1.0000024415626643,-1.0000034527652624,-1.0000015173899972,1.000004511107612,1.0000014921671578,1.0000014921671558,1.0000036201885516,1.0000000036595063,-1.0000034377993898,1.0000037278405782,1.0000037278405745,-1.0000060050026276,-1.0000055555319638,1.0000065029830374
1.0000035007803518,-1.0000024893037907,1.0000023058040823,1.000002305804085,1.0000010597841489,-1.0000020318966445,-1.0000020318966434,-1.0000016137926995,-1.0000000030678007,1.0000021008067512,0.9999998748174607,0.9999998748174577,-1.0000007613296928,1.0000017725131405,0.9999998371768198,-1.0000028308388567,-0.9999998119629336,-0.9999998119629329,-1.0000017122356315,-1.0000034377993898,1.0000000012567185,-1.000001819871451,-1.0000018198714449,1.0000045525528525,1.0000038752507343,-1.0000048226948168
-1.0000037908143757,1.0000027793378126,-1.0000023680933339,-1.0000025958384315,-1.000001349825337,1.0000023219388554,1.0000023219388534,1.0000019038335377,1.0000002931073702,-1.0000023908467393,-1.0000001648561283,-1.0000001648561252,1.000001051362186,-1.0000020625426498,-1.0000001272124728,1.0000031208658802,1.0000001020002567,1.0000001020002545,1.0000022300186633,1.0000037278405782,-1.000001819871451,1.000000001671485,1.0000023376514913,-1.0000048425948305,-1.000004165276051,1.000005112719397
-1.0000037908143706,1.0000027793378075,-1.0000025958384235,-1.0000023680933339,-1.0000013498253324,1.0000023219388512,1.0000023219388483,1.0000019038335326,1.000000293107365,-1.0000023908467341,-1.0000001648561243,-1.0000001648561212,1.0000010513621806,-1.0000020625426456,-1.0000001272124681,1.0000031208658757,1.0000001020002516,1.0000001020002496,1.0000022300186584,1.0000037278405745,-1.0000018198714449,1.0000023376514913,1.000000001671485,-1.0000048425948254,-1.0000041652760459,1.000005112719391
1.0000062957706477,-1.0000052842895348,1.0000051007870971,1.000005100787101,1.0000038547217485,-1.0000048268326773,-1.0000048268326756,-1.0000044087348363,-1.0000027980100503,1.0000048957560241,1.00000266976437,1.000002669764367,-1.0000035563165242,1.0000045675219065,1.0000026321410982,-1.0000056258668444,-1.0000026069173877,-1.0000026069173866,-1.0000047349411698,-1.0000060050026276,1.0000045525528525,-1.0000048425948305,-1.0000048425948254,1.0000000052536653,1.000006670293381,-1.000007617746026
1.0000056184266082,-1.0000046069514075,1.0000044234558774,1.0000044234558798,1.0000031775199905,-1.0000041496434637,-1.0000041496434615,-1.0000037315235617,-1.0000021207856118,1.000004218526727,1.0000019925246055,1.0000019925246042,-1.000002878961318,1.0000038901074506,1.0000019548477443,-1.0000047206567315,-1.0000019296539735,-1.000001929653973,-1.0000040576762916,-1.0000055555319638,1.0000038752507343,-1.000004165276051,-1.0000041652760459,1.000006670293381,1.0000000042850121,-1.0000067124805232
-1.0000065658698436,1.0000055543939999,-1.000005370898713,-1.000005370898717,-1.0000041249695564,1.0000050970947691,1.0000050970947678,1.0000046789730928,1.0000030682327277,-1.0000051659756333,-1.0000029399706554,-1.0000029399706512,1.0000038264011406,-1.0000048375446335,-1.0000029022904542,1.000005895836949,1.0000028770984994,1.000002877098499,1.000005005122849,1.0000065029830374,-1.0000048226948168,1.000005112719397,1.000005112719391,-1.000007617746026,-1.0000067124805232,1.0000000056398948
