0.9999999992312651,-0.9999996518086881,-0.9999986102434827,0.9282588869248435,0.92825279974684,-0.7737937001292297,0.7737921458948527,0.7737945498959513,-0.7312061821093891,-0.8131361990087462,0.8131382360815803,-0.813139339302251,0.8490735437751005,-0.8490754786821655,0.8490765642418759,-0.881454630006923,0.7313325305794015,-0.7313111468150558,-0.7313506491100056,0.731313775638762,0.7312847435154927,0.7313648961236644,-0.9282595808032122,-0.7233278584598237,-0.7312563678386937,0.9365876852106498,0.4146132682402674,-0.9994037734844713,0.41457092705631476,0.9101464517591951,-0.7233081428094261,-0.7313747546151136,0.7313798786999711
-0.9999996518086881,1.0000000001686065,0.9999991947634445,-0.928257372757395,-0.9282556788506758,0.7737979495354357,-0.773796395310517,-0.7737987992988152,0.7312106912664429,0.8131401709105951,-0.8131422079699925,0.8131433111848773,-0.849077221559277,0.8490791564463821,-0.8490802419967729,0.8814579983112125,-0.7313289831453307,0.7313075992413248,0.731347101791904,-0.7313102280846483,-0.7312811957623404,-0.7313613488947623,0.9282579941113146,0.7233242557016478,0.7312528198981124,-0.9365862309724989,-0.41460816634087894,0.9994046342267526,-0.4145765738814588,-0.9101494964946404,0.72331269620165,0.731371207446345,-0.731376331560725
-0.9999986102434827,0.9999991947634445,0.9999999986827405,-0.928259813442612,-0.9282511593128449,0.7737912167660607,-0.7737896625261637,-0.7737920665347368,0.7312035470018226,0.8131338777652002,-0.8131359148458912,0.8131370180699471,-0.8490713943602555,0.849073329279003,-0.849074414844166,0.8814526613989111,-0.7313346028708012,0.7313132191881295,0.7313527213335461,-0.7313158480003827,-0.7312868159934145,-0.7313669682949822,0.9282605073298031,0.7233299630816027,0.731258440426131,-0.9365885343403285,-0.41461624898548766,0.9994032699522619,-0.41456762741123315,-0.9101446721922665,0.723305481860461,0.7313768267512045,-0.7313819508187503
0.9282588869248435,-0.928257372757395,-0.928259813442612,0.9999999996276503,0.7233194700283726,-0.4826862462580803,0.4826841409251924,0.48268728443741876,-0.4250334527480195,-0.5383106041293494,0.538313432131411,-0.538314871006337,0.5916794425992072,-0.5916825872159093,0.5916842324154479,-0.6425674393792191,0.9325341506693434,-0.9325222399493706,-0.9325443767811191,0.9325235569106396,0.9325079415610431,0.9325525321004638,-1.0000011720870476,-0.9282567787036033,-0.9324922314813239,0.9997347441100823,0.7233262334288154,-0.9148536529333653,0.0463650035993901,0.6907654428195457,-0.4145894295035153,-0.9325582674413639,0.9325613512733999
0.92825279974684,-0.9282556788506758,-0.9282511593128449,0.7233194700283726,1.000000000670204,-0.9538832170023218,0.9538824369082815,0.9538837564151911,-0.9324725362616139,-0.9712978655511973,0.9712988193598251,-0.9712994286102583,0.9846462765197014,-0.9846467240228344,0.9846470941506268,-0.9938732486925469,0.4251830011787353,-0.4251552122828046,-0.4252064126690418,0.4251587758207292,0.425120492113245,0.4252247073571823,-0.7233191365738115,-0.4145995168609516,-0.42508352187018206,0.7390471007492359,0.04639336156215879,-0.9405537247755041,0.7233072097787892,0.9989410103148293,-0.9282539575301376,-0.4252372745961792,0.425243703773599
-0.7737937001292297,0.7737979495354357,0.7737912167660607,-0.4826862462580803,-0.9538832170023218,0.9999999984410621,-0.9999978127227062,-0.9999981197488602,0.9979047060146343,0.9979044682939666,-0.9979044486552777,0.9979045958798081,-0.9916343413000156,0.9916335418677421,-0.9916332961162944,0.9812153713787725,-0.13388221476395448,0.13385214733393444,0.13390746256953626,-0.13385609453556827,-0.13381432678965932,-0.1339271208397563,0.4826851183959806,0.12231844490551053,0.13377426611575288,-0.5027489821294249,0.25559830529627414,0.7952226367277437,-0.8972287497587144,-0.9666905730014662,0.9970942715078929,0.133940566875488,-0.1339473805386699
0.7737921458948527,-0.773796395310517,-0.7737896625261637,0.4826841409251924,0.9538824369082815,-0.9999978127227062,0.9999999983352307,0.9999979730470855,-0.9979048573193271,-0.997904313958816,0.9979042218033007,-0.9979043690242281,0.9916339627571318,-0.9916331633155339,0.9916329175594525,-0.981214842735569,0.13387986306943422,-0.13384979563473504,-0.13390511087833262,0.13385374283765675,0.1338119750827584,0.13392476915060422,-0.4826830130575942,-0.12231609055051698,-0.13377191440226027,0.5027469021513945,-0.25560057086505994,-0.7952211449815573,0.8972297266138081,0.9666898964733958,-0.9970943774873042,-0.1339382151873084,0.13394502885050966
0.7737945498959513,-0.7737987992988152,-0.7737920665347368,0.48268728443741876,0.9538837564151911,-0.9999981197488602,0.9999979730470855,0.9999999987732154,-0.9979048699955086,-0.9979047690014733,0.9979047493660992,-0.9979048965922374,0.9916347086173879,-0.9916339091890701,0.9916336634396062,-0.9812158037628278,0.13388329351449968,-0.13385322608052277,-0.13390854132368374,0.13385717328237012,0.13381540553208102,0.1339281995969531,-0.482686156577463,-0.12231952253727785,-0.13377534485304726,0.5027500129718907,-0.25559734283288754,-0.7952234628188555,0.8972284918964586,0.9666910686413763,-0.9970944231663921,-0.133941645634967,0.13394845929951787
-0.7312061821093891,0.7312106912664429,0.7312035470018226,-0.4250334527480195,-0.9324725362616139,0.9979047060146343,-0.9979048573193271,-0.9979048699955086,0.9999999992296783,0.9916333679140882,-0.9916331387740176,0.991633184680229,-0.9812116736236893,0.9812106151446784,-0.9812102396529353,0.9666851381180006,-0.06950838206858219,0.06947818538748911,0.06953372182022699,-0.06948216777224846,-0.06944015178110446,-0.06955343741810985,0.42503216729138227,0.05787250076697149,0.06939990713411663,-0.44578889254757503,0.3175905468125811,0.754344063442783,-0.9239090707819045,-0.9481137370778429,0.9999325651022262,0.06956691105679265,-0.06957372559968504
-0.8131361990087462,0.8131401709105951,0.8131338777652002,-0.5383106041293494,-0.9712978655511973,0.9979044682939666,-0.997904313958816,-0.9979047690014733,0.9916333679140882,0.9999999980814852,-0.9999975727092875,0.9999977481130043,-0.9979045075438908,0.9979038979607862,-0.9979037829610319,0.991636088919751,-0.19768685598987507,0.19765704366127101,0.19771190616984177,-0.1976609391608399,-0.19761959447417202,-0.1977314248269792,0.5383096385624563,0.18624359580674416,0.19757988545007388,-0.5575967438674049,0.19254449663077583,0.8327667174252683,-0.8667961614732935,-0.9812182199357922,0.9900823474297809,0.19774478697587933,-0.19775157123621984
0.8131382360815803,-0.8131422079699925,-0.8131359148458912,0.538313432131411,0.9712988193598251,-0.9979044486552777,0.9979042218033007,0.9979047493660992,-0.9916331387740176,-0.9999975727092875,0.9999999983524183,-0.9999980105543785,0.9979048337030273,-0.9979042966421346,0.9979041816487914,-0.9916366946521936,0.19769006410406978,-0.19766025178554122,-0.19771511427642588,0.1976641472828607,0.19762280261363913,0.19773463292837049,-0.538312466572282,-0.1862468089721844,-0.19758309360350565,0.5575995346711842,-0.1925413593346308,-0.8327686662213979,0.8667947132392148,0.9812190301930089,-0.9900820811165074,-0.19774799507431415,0.19775477933381377
-0.813139339302251,0.8131433111848773,0.8131370180699471,-0.538314871006337,-0.9712994286102583,0.9979045958798081,-0.9979043690242281,-0.9979048965922374,0.991633184680229,0.9999977481130043,-0.9999980105543785,0.999999998706088,-0.9979051812625791,0.9979046442077464,-0.9979045292174237,0.991637140394685,-0.19769163155807593,0.19766181923965873,0.19771668173075171,-0.19766571473651434,-0.19762437006910935,-0.19773620038330283,0.5383139054507008,0.18624837704901506,0.197584661059369,-0.5576009587583134,0.1925398870470755,0.8327697302458766,-0.8667941557044743,-0.9812195722510195,0.9900821089764086,0.19774956252995016,-0.19775634679012333
0.8490735437751005,-0.849077221559277,-0.8490713943602555,0.5916794425992072,0.9846462765197014,-0.9916343413000156,0.9916339627571318,0.9916347086173879,-0.9812116736236893,-0.9979045075438908,0.9979048337030273,-0.9979051812625791,0.9999999981422406,-0.9999971954920639,0.9999971392105038,-0.9979058077335166,0.2606613614505138,-0.26063192899624765,-0.2606861091621476,0.2606357564907763,0.2605950078994368,0.26070540651399643,-0.5916786433620909,-0.24938650323307499,-0.2605558167179354,0.6101082940983034,-0.12868742401428046,-0.8668235535336439,0.832736759159908,0.9916382279569733,-0.9789265903952944,-0.2607186288504368,0.2607253553126837
-0.8490754786821655,0.8490791564463821,0.849073329279003,-0.5916825872159093,-0.9846467240228344,0.9916335418677421,-0.9916331633155339,-0.9916339091890701,0.9812106151446784,0.9979038979607862,-0.9979042966421346,0.9979046442077464,-0.9999971954920639,0.9999999977535464,-0.9999969392662537,0.9979057284566342,-0.26066524933855206,0.26063581692012056,0.26068999702116347,-0.2606396444087879,-0.26059889587156143,-0.26070929435133566,0.5916817879893851,0.24939040636803397,0.2605597047385242,-0.6101113768830867,0.12868332239351138,0.8668253619965813,-0.8327342618657375,-0.991638486922905,0.9789254862921295,0.2607225166736954,-0.26072924312963264
0.8490765642418759,-0.8490802419967729,-0.849074414844166,0.5916842324154479,0.9846470941506268,-0.9916332961162944,0.9916329175594525,0.9916336634396062,-0.9812102396529353,-0.9979037829610319,0.9979041816487914,-0.9979045292174237,0.9999971392105038,-0.9999969392662537,0.9999999977767103,-0.9979058758317579,0.2606672122828383,-0.2606377798776601,-0.26069195995485384,0.26064160736400815,0.2606008588473446,0.2607112572772372,-0.5916834331939629,-0.2493923751527492,-0.26056166773229716,0.6101129942741076,-0.12868131250995818,-0.8668263876775695,0.8327331520792854,0.9916387648258596,-0.9789250878822925,-0.26072447959464207,0.2607312060484787
-0.881454630006923,0.8814579983112125,0.8814526613989111,-0.6425674393792191,-0.9938732486925469,0.9812153713787725,-0.981214842735569,-0.9812158037628278,0.9666851381180006,0.991636088919751,-0.9916366946521936,0.991637140394685,-0.9979058077335166,0.9979057284566342,-0.9979058758317579,0.999999999373884,-0.3225392496361149,0.3225103201789904,0.32256359135233603,-0.3225140636589502,-0.3224740816170749,-0.3225825866708938,0.6425668098007787,0.3114799565346522,0.3224355722227801,-0.6600619685688417,0.06429784639699235,0.8972500334151352,-0.7951960126562895,-0.9979078865213877,0.9636756226627178,0.3225956138797804,-0.3226022544027871
0.7313325305794015,-0.7313289831453307,-0.7313346028708012,0.9325341506693434,0.4251830011787353,-0.13388221476395448,0.13387986306943422,0.13388329351449968,-0.06950838206858219,-0.19768685598987507,0.19769006410406978,-0.19769163155807593,0.2606613614505138,-0.26066524933855206,0.2606672122828383,-0.3225392496361149,1.000000004368245,-1.0000051159879026,-1.0000073583330316,1.000004906247824,1.0000044576227687,1.000008408828099,-0.9325364506095862,-0.9999337464761286,-1.0000031979795179,0.9239627125425467,0.9238606949467839,-0.7073287186888859,-0.31746385133577487,0.38306612081369157,-0.05802462572650382,-1.000009354822767,1.0000100350437484
-0.7313111468150558,0.7313075992413248,0.7313132191881295,-0.9325222399493706,-0.4251552122828046,0.13385214733393444,-0.13384979563473504,-0.13385322608052277,0.06947818538748911,0.19765704366127101,-0.19766025178554122,0.19766181923965873,-0.26063192899624765,0.26063581692012056,-0.2606377798776601,0.3225103201789904,-1.0000051159879026,1.000000002827203,1.0000062043463882,-1.0000038988372968,-1.00000345148337,-1.00000732675541,0.932524539930647,0.9999330178823689,1.0000021205474792,-0.9239501648310624,-0.9238712529713922,0.7073066100324945,0.3174921408702424,-0.38303781540290766,0.057994419304396944,1.0000082723434451,-1.0000089523589926
-0.7313506491100056,0.731347101791904,0.7313527213335461,-0.9325443767811191,-0.4252064126690418,0.13390746256953626,-0.13390511087833262,-0.13390854132368374,0.06953372182022699,0.19771190616984177,-0.19771511427642588,0.19771668173075171,-0.2606861091621476,0.26068999702116347,-0.26069195995485384,0.32256359135233603,-1.0000073583330316,1.0000062043463882,1.0000000060258354,-1.0000060672167899,-1.000005617525691,-1.0000096441122808,0.9325466766875335,0.9999346128158453,1.0000043568618655,-0.9239734706263966,-0.9238520772506548,0.7073474389607342,0.3174402096833787,-0.383089954681323,0.05804997071396124,1.000010517938785,-1.000011198332142
0.731313775638762,-0.7313102280846483,-0.7313158480003827,0.9325235569106396,0.4251587758207292,-0.13385609453556827,0.13385374283765675,0.13385717328237012,-0.06948216777224846,-0.1976609391608399,0.1976641472828607,-0.19766571473651434,0.2606357564907763,-0.2606396444087879,0.26064160736400815,-0.3225140636589502,1.000004906247824,-1.0000038988372968,-1.0000060672167899,1.0000000026312745,1.000003241470287,1.000007189704453,-0.932525856885827,-0.9999328340065974,-1.0000019828827977,0.9239515686149843,0.9238695946477432,-0.707309341656266,-0.31748830270663725,0.3830414592049135,-0.05799840620075431,-1.0000081353461623,1.0000088153887794
0.7312847435154927,-0.7312811957623404,-0.7312868159934145,0.9325079415610431,0.425120492113245,-0.13381432678965932,0.1338119750827584,0.13381540553208102,-0.06944015178110446,-0.19761959447417202,0.19762280261363913,-0.19762437006910935,0.2605950078994368,-0.26059889587156143,0.2606008588473446,-0.3224740816170749,1.0000044576227687,-1.00000345148337,-1.000005617525691,1.000003241470287,1.0000000019941233,1.0000067391844718,-0.9325102415957841,-0.9999328761033719,-1.0000016113354802,0.9239350563307074,0.9238852880843164,-0.7072792737544633,-0.3175280697359643,0.38300241100725885,-0.057956364485763044,-1.0000076842601704,1.0000083640170059
0.7313648961236644,-0.7313613488947623,-0.7313669682949822,0.9325525321004638,0.4252247073571823,-0.1339271208397563,0.13392476915060422,0.1339281995969531,-0.06955343741810985,-0.1977314248269792,0.19773463292837049,-0.19773620038330283,0.26070540651399643,-0.26070929435133566,0.2607112572772372,-0.3225825866708938,1.000008408828099,-1.00000732675541,-1.0000096441122808,1.000007189704453,1.0000067391844718,1.0000000076288507,-0.932554831981092,-0.9999355062293197,-1.0000054777269325,0.9239820376407999,0.9238455806010049,-0.7073621485175289,-0.31742189936086035,0.38310856848403596,-0.058069687857201346,-1.000011714605635,1.0000123226238051
-0.9282595808032122,0.9282579941113146,0.9282605073298031,-1.0000011720870476,-0.7233191365738115,0.4826851183959806,-0.4826830130575942,-0.482686156577463,0.42503216729138227,0.5383096385624563,-0.538312466572282,0.5383139054507008,-0.5916786433620909,0.5916817879893851,-0.5916834331939629,0.6425668098007787,-0.9325364506095862,0.932524539930647,0.9325466766875335,-0.932525856885827,-0.9325102415957841,-0.932554831981092,1.0000000019409614,0.9282590228586264,0.9324945315709795,-0.9997363149908784,-0.7233289127514841,0.9148542555766016,-0.04636289957942102,-0.6907649855305318,0.4145881165727843,0.9325605673048003,-0.9325636511286175
-0.7233278584598237,0.7233242557016478,0.7233299630816027,-0.9282567787036033,-0.4145995168609516,0.12231844490551053,-0.12231609055051698,-0.12231952253727785,0.05787250076697149,0.18624359580674416,-0.1862468089721844,0.18624837704901506,-0.24938650323307499,0.24939040636803397,-0.2493923751527492,0.3114799565346522,-0.9999337464761286,0.9999330178823689,0.9999346128158453,-0.9999328340065974,-0.9999328761033719,-0.9999355062293197,0.9282590228586264,0.9999999980795528,0.9999320858792994,-0.9194363496767066,-0.9282561958295273,0.6990358640736237,0.32849679836305695,-0.3722686676174196,0.04638102212953852,0.9999362954537928,-0.9999368965346623
-0.7312563678386937,0.7312528198981124,0.731258440426131,-0.9324922314813239,-0.42508352187018206,0.13377426611575288,-0.13377191440226027,-0.13377534485304726,0.06939990713411663,0.19757988545007388,-0.19758309360350565,0.197584661059369,-0.2605558167179354,0.2605597047385242,-0.26056166773229716,0.3224355722227801,-1.0000031979795179,1.0000021205474792,1.0000043568618655,-1.0000019828827977,-1.0000016113354802,-1.0000054777269325,0.9324945315709795,0.9999320858792994,1.000000000202253,-0.9239185679906146,-0.9238996035447253,0.7072499273255063,0.3175658419276096,-0.382964744534138,0.05791610477263221,1.0000064222604856,-1.0000071017434173
0.9365876852106498,-0.9365862309724989,-0.9365885343403285,0.9997347441100823,0.7390471007492359,-0.5027489821294249,0.5027469021513945,0.5027500129718907,-0.44578889254757503,-0.5575967438674049,0.5575995346711842,-0.5576009587583134,0.6101082940983034,-0.6101113768830867,0.6101129942741076,-0.6600619685688417,0.9239627125425467,-0.9239501648310624,-0.9239734706263966,0.9239515686149843,0.9239350563307074,0.9239820376407999,-0.9997363149908784,-0.9194363496767066,-0.9239185679906146,1.000000001118249,0.7072158518079266,-0.9239204872124849,0.069381916201382,0.7072524607870104,-0.435459002939384,-0.9239880525374016,0.9239912757294864
0.4146132682402674,-0.41460816634087894,-0.41461624898548766,0.7233262334288154,0.04639336156215879,0.25559830529627414,-0.25560057086505994,-0.25559734283288754,0.3175905468125811,0.19254449663077583,-0.1925413593346308,0.1925398870470755,-0.12868742401428046,0.12868332239351138,-0.12868131250995818,0.06429784639699235,0.9238606949467839,-0.9238712529713922,-0.9238520772506548,0.9238695946477432,0.9238852880843164,0.9238455806010049,-0.7233289127514841,-0.9282561958295273,-0.9238996035447253,0.7072158518079266,0.9999999980179252,-0.3829200204015274,-0.6562237472098974,0.00035944109113938397,0.3284806575823359,-0.9238413104911395,0.923839342587521
-0.9994037734844713,0.9994046342267526,0.9994032699522619,-0.9148536529333653,-0.9405537247755041,0.7952226367277437,-0.7952211449815573,-0.7952234628188555,0.754344063442783,0.8327667174252683,-0.8327686662213979,0.8327697302458766,-0.8668235535336439,0.8668253619965813,-0.8668263876775695,0.8972500334151352,-0.7073287186888859,0.7073066100324945,0.7073474389607342,-0.707309341656266,-0.7072792737544633,-0.7073621485175289,0.9148542555766016,0.6990358640736237,0.7072499273255063,-0.9239204872124849,-0.3829200204015274,1.0000000022444335,-0.44577135449822036,-0.9239212641293003,0.7467399192450787,0.7073723185157846,-0.7073775949579619
0.41457092705631476,-0.4145765738814588,-0.41456762741123315,0.0463650035993901,0.7233072097787892,-0.8972287497587144,0.8972297266138081,0.8972284918964586,-0.9239090707819045,-0.8667961614732935,0.8667947132392148,-0.8667941557044743,0.832736759159908,-0.8327342618657375,0.8327331520792854,-0.7951960126562895,-0.31746385133577487,0.3174921408702424,0.3174402096833787,-0.31748830270663725,-0.3175280697359643,-0.31742189936086035,-0.04636289957942102,0.32849679836305695,0.3175658419276096,0.069381916201382,-0.6562237472098974,-0.44577135449822036,0.9999999980736715,0.7543284350003606,-0.9282504069270131,0.3174094545610443,-0.3174032377568981
0.9101464517591951,-0.9101494964946404,-0.9101446721922665,0.6907654428195457,0.9989410103148293,-0.9666905730014662,0.9666898964733958,0.9666910686413763,-0.9481137370778429,-0.9812182199357922,0.9812190301930089,-0.9812195722510195,0.9916382279569733,-0.991638486922905,0.9916387648258596,-0.9979078865213877,0.38306612081369157,-0.38303781540290766,-0.383089954681323,0.3830414592049135,0.38300241100725885,0.38310856848403596,-0.6907649855305318,-0.3722686676174196,-0.382964744534138,0.7072524607870104,0.00035944109113938397,-0.9239212641293003,0.7543284350003606,1.0000000009760917,-0.9443923259082317,-0.38312134605503906,0.38312787285225997
-0.7233081428094261,0.72331269620165,0.723305481860461,-0.4145894295035153,-0.9282539575301376,0.9970942715078929,-0.9970943774873042,-0.9970944231663921,0.9999325651022262,0.9900823474297809,-0.9900820811165074,0.9900821089764086,-0.9789265903952944,0.9789254862921295,-0.9789250878822925,0.9636756226627178,-0.05802462572650382,0.057994419304396944,0.05804997071396124,-0.05799840620075431,-0.057956364485763044,-0.058069687857201346,0.4145881165727843,0.04638102212953852,0.05791610477263221,-0.435459002939384,0.3284806575823359,0.7467399192450787,-0.9282504069270131,-0.9443923259082317,0.9999999990187073,0.058083160492641686,-0.058089972200816326
-0.7313747546151136,0.731371207446345,0.7313768267512045,-0.9325582674413639,-0.4252372745961792,0.133940566875488,-0.1339382151873084,-0.133941645634967,0.06956691105679265,0.19774478697587933,-0.19774799507431415,0.19774956252995016,-0.2607186288504368,0.2607225166736954,-0.26072447959464207,0.3225956138797804,-1.000009354822767,1.0000082723434451,1.000010517938785,-1.0000081353461623,-1.0000076842601704,-1.000011714605635,0.9325605673048003,0.9999362954537928,1.0000064222604856,-0.9239880525374016,-0.9238413104911395,0.7073723185157846,0.3174094545610443,-0.38312134605503906,0.058083160492641686,1.0000000089793573,-1.000013342007181
0.7313798786999711,-0.731376331560725,-0.7313819508187503,0.9325613512733999,0.425243703773599,-0.1339473805386699,0.13394502885050966,0.13394845929951787,-0.06957372559968504,-0.19775157123621984,0.19775477933381377,-0.19775634679012333,0.2607253553126837,-0.26072924312963264,0.2607312060484787,-0.3226022544027871,1.0000100350437484,-1.0000089523589926,-1.000011198332142,1.0000088153887794,1.0000083640170059,1.0000123226238051,-0.9325636511286175,-0.9999368965346623,-1.0000071017434173,0.9239912757294864,0.923839342587521,-0.7073775949579619,-0.3174032377568981,0.38312787285225997,-0.058089972200816326,-1.000013342007181,1.0000000099503297
