1.0000000069738377,-0.7685061780100046,-0.7685090920100796,0.34200847079152835,0.6739569771086537,0.18119343952554762,-0.6739545238165042,-0.5667874652813423,0.514193576968012,-0.5141958043129929,0.5108441494619079,0.5175417190739695,-0.5242117708503736,0.5242140193649765,-0.527541057920302,-0.5208811341575292,-0.34509216597495884,0.21696495336791274,0.46999240568367384,0.34509188069557,-0.0849685079285028,-0.49055316807381966,-0.04854442294468091,0.5473146767633886
-0.7685061780100046,1.0000000034604053,0.18119259303979646,-0.8640987552858475,-0.9906389158443861,0.4900139458428543,0.9906371357602923,0.9627262168818702,-0.9439336047229412,0.9439366998034107,-0.9426435895111954,-0.9452176964466257,0.947738576456811,-0.947741493978292,0.9489846228791107,0.946485973098567,0.8657477206249783,-0.7913466307915688,-0.9259664373109919,-0.8657455975097632,0.7028354521199791,0.9345619321363166,-0.6017907468152126,-0.9561182330948333
-0.7685090920100796,0.18119259303979646,1.000000007314321,0.338432713127781,-0.045232973768763375,-0.768508236343566,0.045232172587551224,-0.09157302045774553,0.15361744778620845,-0.1536171098130753,0.15747547040143725,0.1497554391234688,-0.14202442524052145,0.1420238782476908,-0.1381533079699958,-0.1458910250216015,-0.33534086509385874,0.4578716797482042,0.20358753949952985,0.3353392067254243,-0.5722393991669156,-0.18058108768817127,0.6764044035628783,0.1148947843525366
0.34200847079152835,-0.8640987552858475,0.338432713127781,1.000000003794245,0.9247232936761709,-0.8621799897661611,-0.9247208486798218,-0.9680313872583625,0.9818039510255835,-0.9818067746193814,0.9825442741305399,0.9810560458489741,-0.9795113734721566,0.9795139208357193,-0.9787225181225561,-0.9802917708529613,-0.9999982945770903,0.9915214030188665,0.9901873500538977,0.9999966258179603,-0.9653644872177145,-0.9866370130922786,0.9219933778506805,0.9736445991060203
0.6739569771086537,-0.9906389158443861,-0.045232973768763375,0.9247232936761709,1.000000000986531,-0.6044339384108928,-0.9999972216753817,-0.9906369565658275,0.9801623779133758,-0.9801654141204034,0.9793873394852114,0.9809306180457658,-0.9824181009418621,0.9824209257190321,-0.9831462124661563,-0.9816824669571704,-0.9259678796426283,0.867401642516199,0.9688477028314185,0.9259654362300669,-0.7933694122500655,-0.9743853809140441,0.7051894980457398,0.9871635411039533
0.18119343952554762,0.4900139458428543,-0.768508236343566,-0.8621799897661611,-0.6044339384108928,1.0000000063445587,0.604432713675089,0.7075356843837921,-0.7503040038462875,0.750305744391361,-0.7528844837238945,-0.7477162299999598,0.7425036760406111,-0.7425051169216119,0.7398831526465419,0.7451160254787313,0.8605126582096234,-0.920715839743378,-0.782907387940339,-0.8605098344276959,0.9645030502711895,0.7681070266261296,-0.9910909291668522,-0.7239084259040679
-0.6739545238165042,0.9906371357602923,0.045232172587551224,-0.9247208486798218,-0.9999972216753817,0.604432713675089,0.9999999967771472,0.9906352431728472,-0.9801592574807322,0.9801623212555665,-0.9793843236061544,-0.980927496773984,0.9824149683683042,-0.982417820282003,0.9831431742374153,0.9816793415961559,0.925965403645971,-0.8673994478370654,-0.9688449268063973,-0.9259629769686827,0.7933675223743377,0.9743824814449672,-0.7051879324019099,-0.9871605626280942
-0.5667874652813423,0.9627262168818702,-0.09157302045774553,-0.9680313872583625,-0.9906369565658275,0.7075356843837921,0.9906352431728472,1.000000000726433,-0.9980386918182034,0.998041564326122,-0.9977929609145882,-0.998276692823645,0.998702933802278,-0.9987055652962391,0.9988993011120755,0.9984980376159827,0.9688495405979709,-0.9272146430641851,-0.9935866215315947,-0.9688467862007066,0.8690474807118954,0.9959641834066453,-0.7953834269620019,-0.9997237776332258
0.514193576968012,-0.9439336047229412,0.15361744778620845,0.9818039510255835,0.9801623779133758,-0.7503040038462875,-0.9801592574807322,-0.9980386918182034,0.9999999926786093,-0.9999908662297033,0.9999860537778538,0.9999835686180674,-0.9999214768667176,0.999923518237018,-0.9998714625325705,-0.9999607298664144,-0.9824220494908872,0.9487964743898739,0.9987035949081257,0.9824189073111042,-0.8982542039056927,-0.9996195638159631,0.8316945699279834,0.9992297476740118
-0.5141958043129929,0.9439366998034107,-0.1536171098130753,-0.9818067746193814,-0.9801654141204034,0.750305744391361,0.9801623212555665,0.998041564326122,-0.9999908662297033,0.9999999960115528,-0.9999873632943541,-0.9999846720203492,0.999923780201872,-0.9999258793660986,0.9998739809556034,0.9999630358342741,0.9824248503957773,-0.9487991128449913,-0.9987064063781599,-0.9824217366131164,0.8982566012572081,0.9996222348519663,-0.8316966620690004,-0.9992324478981406
0.5108441494619079,-0.9426435895111954,0.15747547040143725,0.9825442741305399,0.9793873394852114,-0.7528844837238945,-0.9793843236061544,-0.9977929609145882,0.9999860537778538,-0.9999873632943541,0.9999999988442376,0.9999646047024713,-0.9998719737754629,0.9998742275936895,-0.999806282154184,-0.9999265032231079,-0.9831496822090064,0.9500288791494045,0.9989001751968144,0.9831466396510183,-0.8999692947139908,-0.9997228811577524,0.8338616913956252,0.9990748661907328
0.5175417190739695,-0.9452176964466257,0.1497554391234688,0.9810560458489741,0.9809306180457658,-0.7477162299999598,-0.980927496773984,-0.998276692823645,0.9999835686180674,-0.9999846720203492,0.9999646047024713,0.9999999947329316,-0.9999610799517158,0.9999631265275809,-0.9999263509130264,-0.999983865426055,-0.9816867381335934,0.9475564228981699,0.9984990546707666,0.9816836040574385,-0.8965315157734574,-0.9995065365319437,0.8295199546200676,0.9993762313072696
-0.5242117708503736,0.947738576456811,-0.14202442524052145,-0.9795113734721566,-0.9824181009418621,0.7425036760406111,0.9824149683683042,0.998702933802278,-0.9999214768667176,0.999923780201872,-0.9998719737754629,-0.9999610799517158,0.9999999932660932,-0.9999914332960562,0.9999863889063813,0.9999840425170986,0.9801672337564871,-0.9450291783282202,-0.9980402458687041,-0.9801641057893985,0.8930415915295737,0.9992307409219364,-0.8251295762276354,-0.9996194378371602
0.5242140193649765,-0.947741493978292,0.1420238782476908,0.9795139208357193,0.9824209257190321,-0.7425051169216119,-0.982417820282003,-0.9987055652962391,0.999923518237018,-0.9999258793660986,0.9998742275936895,0.9999631265275809,-0.9999914332960562,0.9999999962367084,-0.9999874521150135,-0.9999848896070028,-0.980169758282351,0.9450315278278087,0.9980427973396143,0.9801666591625197,-0.893043691824615,-0.9992331533967707,0.8251313677205049,0.9996218902974647
-0.527541057920302,0.9489846228791107,-0.1381533079699958,-0.9787225181225561,-0.9831462124661563,0.7398831526465419,0.9831431742374153,0.9988993011120755,-0.9998714625325705,0.9998739809556034,-0.999806282154184,-0.9999263509130264,0.9999863889063813,-0.9999874521150135,0.9999999987611762,0.9999645860276092,0.9793908618382277,-0.943749241452562,-0.9977938265514892,-0.9793878437538522,0.8912807924976784,0.9990752780844087,-0.8229192290752569,-0.9997224028704251
-0.5208811341575292,0.946485973098567,-0.1458910250216015,-0.9802917708529613,-0.9816824669571704,0.7451160254787313,0.9816793415961559,0.9984980376159827,-0.9999607298664144,0.9999630358342741,-0.9999265032231079,-0.999983865426055,0.9999840425170986,-0.9999848896070028,0.9999645860276092,0.9999999948223194,0.9809350503805375,-0.9463005698381094,-0.9982778621367348,-0.9809319212347697,0.8947938867301033,0.9993768533193905,-0.8273315292668048,-0.9995060564963837
-0.34509216597495884,0.8657477206249783,-0.33534086509385874,-0.9999982945770903,-0.9259678796426283,0.8605126582096234,0.925965403645971,0.9688495405979709,-0.9824220494908872,0.9824248503957773,-0.9831496822090064,-0.9816867381335934,0.9801672337564871,-0.980169758282351,0.9793908618382277,0.9809350503805375,1.000000003205516,-0.9910876085564753,-0.9906394484463578,-1.0000003785039115,0.9645020565132837,0.9871665144979681,-0.9207165057042694,-0.9743880531179063
0.21696495336791274,-0.7913466307915688,0.4578716797482042,0.9915214030188665,0.867401642516199,-0.920715839743378,-0.8673994478370654,-0.9272146430641851,0.9487964743898739,-0.9487991128449913,0.9500288791494045,0.9475564228981699,-0.9450291783282202,0.9450315278278087,-0.943749241452562,-0.9463005698381094,-0.9910876085564753,1.000000002985959,0.9636194345124593,0.991085890859384,-0.9910883344605569,-0.9570872137361661,0.9645021351565068,0.9357391621927293
0.46999240568367384,-0.9259664373109919,0.20358753949952985,0.9901873500538977,0.9688477028314185,-0.782907387940339,-0.9688449268063973,-0.9935866215315947,0.9987035949081257,-0.9987064063781599,0.9989001751968144,0.9984990546707666,-0.9980402458687041,0.9980427973396143,-0.9977938265514892,-0.9982778621367348,-0.9906394484463578,0.9636194345124593,1.0000000014497703,0.9906377596646803,-0.9194169308235033,-0.9997247213189887,0.858819505659402,0.9959646180527432
0.34509188069557,-0.8657455975097632,0.3353392067254243,0.9999966258179603,0.9259654362300669,-0.8605098344276959,-0.9259629769686827,-0.9688467862007066,0.9824189073111042,-0.9824217366131164,0.9831466396510183,0.9816836040574385,-0.9801641057893985,0.9801666591625197,-0.9793878437538522,-0.9809319212347697,-1.0000003785039115,0.991085890859384,0.9906377596646803,0.9999999990752192,-0.9644991432229179,-0.987163541574813,0.9207136234384782,0.9743851610936728
-0.0849685079285028,0.7028354521199791,-0.5722393991669156,-0.9653644872177145,-0.7933694122500655,0.9645030502711895,0.7933675223743377,0.8690474807118954,-0.8982542039056927,0.8982566012572081,-0.8999692947139908,-0.8965315157734574,0.8930415915295737,-0.893043691824615,0.8912807924976784,0.8947938867301033,0.9645020565132837,-0.9910883344605569,-0.9194169308235033,-0.9644991432229179,1.000000004331619,0.9099431927148502,-0.9910897572518743,-0.8804061433453468
-0.49055316807381966,0.9345619321363166,-0.18058108768817127,-0.9866370130922786,-0.9743853809140441,0.7681070266261296,0.9743824814449672,0.9959641834066453,-0.9996195638159631,0.9996222348519663,-0.9997228811577524,-0.9995065365319437,0.9992307409219364,-0.9992331533967707,0.9990752780844087,0.9993768533193905,0.9871665144979681,-0.9570872137361661,-0.9997247213189887,-0.987163541574813,0.9099431927148502,0.999999999930242,-0.8465732520572733,-0.9977940307632085
-0.04854442294468091,-0.6017907468152126,0.6764044035628783,0.9219933778506805,0.7051894980457398,-0.9910909291668522,-0.7051879324019099,-0.7953834269620019,0.8316945699279834,-0.8316966620690004,0.8338616913956252,0.8295199546200676,-0.8251295762276354,0.8251313677205049,-0.8229192290752569,-0.8273315292668048,-0.9207165057042694,0.9645021351565068,0.858819505659402,0.9207136234384782,-0.9910897572518743,-0.8465732520572733,1.0000000052505884,0.8093738141066874
0.5473146767633886,-0.9561182330948333,0.1148947843525366,0.9736445991060203,0.9871635411039533,-0.7239084259040679,-0.9871605626280942,-0.9997237776332258,0.9992297476740118,-0.9992324478981406,0.9990748661907328,0.9993762313072696,-0.9996194378371602,0.9996218902974647,-0.9997224028704251,-0.9995060564963837,-0.9743880531179063,0.9357391621927293,0.9959646180527432,0.9743851610936728,-0.8804061433453468,-0.9977940307632085,0.8093738141066874,0.9999999994229541
