0.9999999980702895,-0.9999956973443859,0.9999960821640976,0.9999960821640902,-0.9999984291956093,0.999997448310032,-0.9999971573322904,-0.9999971573322924,1.0000063824159047,-1.0000034175593664,1.000001263934194,1.000002112701251,-1.0000037678747635,1.000002939187785,-1.000002029830146,-0.9999990718126488,0.9999974985707122,-0.9999982030025928,-0.9999967822032777,1.0000080308560795,-1.0000055381216537,0.9999962922683736,-0.9999959683835059,-0.9999959683835102,0.9999968237872675,0.9999968237872648
-0.9999956973443859,0.9999999966691001,-0.999994477292166,-0.9999944772921571,0.999997447222689,-0.9999964657236989,0.9999961745398206,0.9999961745398217,-1.000005413003715,1.00000244615559,-1.0000002927902145,-1.0000011387328764,1.000002803777138,-1.0000019736496424,1.000001061873011,0.9999980970539251,-0.9999965201049015,0.999997224907902,0.999995800663696,-1.0000070607654845,1.0000045663974195,-0.9999953120530249,0.9999949876512753,0.9999949876512768,-0.9999958412562906,-0.9999958412562889
0.9999960821640976,-0.999994477292166,0.9999999963256916,0.999994861118712,-0.9999972066405136,0.9999962249145028,-0.9999959332130136,-0.9999959332130156,1.000005177594382,-1.0000022103093824,1.0000000574746029,1.0000009016037414,-1.0000025753304185,1.000001743787847,-1.0000008293777638,-0.999997859176347,0.9999962806253214,-0.9999969856562928,-0.9999955598323395,1.0000068255006944,-1.0000043303058312,0.9999950716860951,-0.9999941226340452,-0.9999947469188148,0.9999955998449419,0.9999955998449398
0.9999960821640902,-0.9999944772921571,0.999994861118712,0.9999999963256916,-0.999997206640508,0.9999962249144947,-0.9999959332130075,-0.9999959332130088,1.000005177594375,-1.0000022103093769,1.0000000574745953,1.0000009016037332,-1.0000025753304123,1.000001743787839,-1.000000829377755,-0.9999978591763413,0.999996280625315,-0.9999969856562876,-0.999995559832332,1.0000068255006875,-1.0000043303058246,0.9999950716860873,-0.9999947469188054,-0.9999941226340406,0.9999955998449348,0.9999955998449329
-0.9999984291956093,0.999997447222689,-0.9999972066405136,-0.999997206640508,0.9999999996622936,-0.9999979243529813,0.9999982593316151,0.9999982593316165,-1.0000074918050053,1.0000045268886943,-1.0000023734298018,-1.0000032225831812,1.0000048758592457,-1.0000040474305487,1.0000031387819777,1.000000182319031,-0.9999986090287414,0.9999993151806449,0.999997889688969,-1.0000091400330533,1.0000066474487022,-0.9999974099453788,0.9999970899724888,0.9999970899724923,-0.999997928609819,-0.9999979286098161
0.999997448310032,-0.9999964657236989,0.9999962249145028,0.9999962249144947,-0.9999979243529813,0.9999999982618741,-0.9999966550681245,-0.9999966550681204,1.0000065237006086,-1.0000035567695358,1.0000014037706504,1.0000022496422576,-1.0000039137572345,1.000003083783624,-1.0000021725311807,-0.9999992090140692,0.9999976320045151,-0.9999983378103454,-0.999996910318093,1.0000081709844038,-1.0000056767641123,0.9999964294310688,-0.9999961084602733,-0.9999961084602752,0.9999969486019444,0.9999969486019422
-0.9999971573322904,0.9999961745398206,-0.9999959332130136,-0.9999959332130075,0.9999982593316151,-0.9999966550681245,0.9999999978472836,0.9999969891330373,-1.0000062386927264,1.000003271313619,-1.0000011189580555,-1.0000019627391732,1.000003636190232,-1.0000028047273413,1.000001890702184,0.9999989215668956,-0.9999973429081265,0.9999980485565226,0.9999966202354408,-1.0000078859670742,1.0000053909166935,-0.9999961384021092,0.9999958167037466,0.9999958167037494,-0.999996033872967,-0.9999966581577322
-0.9999971573322924,0.9999961745398217,-0.9999959332130156,-0.9999959332130088,0.9999982593316165,-0.9999966550681204,0.9999969891330373,0.9999999978472836,-1.0000062386927273,1.0000032713136204,-1.000001118958056,-1.0000019627391752,1.0000036361902331,-1.000002804727343,1.0000018907021857,0.999998921566896,-0.9999973429081273,0.9999980485565245,0.9999966202354419,-1.0000078859670756,1.000005390916696,-0.9999961384021101,0.9999958167037488,0.999995816703751,-0.9999966581577354,-0.9999960338729604
1.0000063824159047,-1.000005413003715,1.000005177594382,1.000005177594375,-1.0000074918050053,1.0000065237006086,-1.0000062386927264,-1.0000062386927273,1.0000000111939475,-1.0000120577676488,1.0000105409584088,1.0000113440449094,-1.0000131477574066,1.0000123015828493,-1.0000113553498462,-1.0000082984970524,1.0000066753178314,-1.0000073813617811,-1.0000059060902937,1.0000172851346085,-1.0000147840893916,1.0000054225591382,-1.000005076516675,-1.0000050765166784,1.0000059216120354,1.000005921612033
-1.0000034175593664,1.00000244615559,-1.0000022103093824,-1.0000022103093769,1.0000045268886943,-1.0000035567695358,1.000003271313619,1.0000032713136204,-1.0000120577676488,1.0000000069413686,-1.000006941585779,-1.0000077459465129,1.000010169911961,-1.0000093238681853,1.0000083788679055,1.0000053250910768,-1.0000037029076154,1.0000044088092876,1.000002935891566,-1.0000143128795258,1.000011810993845,-1.0000024523902908,1.0000021080625963,1.0000021080625987,-1.000002953073259,-1.0000029530732584
1.000001263934194,-1.0000002927902145,1.0000000574746029,1.0000000574745953,-1.0000023734298018,1.0000014037706504,-1.0000011189580555,-1.000001118958056,1.0000105409584088,-1.000006941585779,1.0000000038797745,1.0000062258661644,-1.0000080399858329,1.000007191935709,-1.0000056191785196,-1.0000025575456641,1.000001555967524,-1.0000022613541193,-1.0000007859813487,1.0000121698326199,-1.000009667385572,1.0000003016981116,-0.9999999561274966,-0.9999999561274997,1.000000801803561,1.000000801803559
1.000002112701251,-1.0000011387328764,1.0000009016037414,1.0000009016037332,-1.0000032225831812,1.0000022496422576,-1.0000019627391732,-1.0000019627391752,1.0000113440449094,-1.0000077459465129,1.0000062258661644,1.0000000050326534,-1.0000088134379033,1.000007970063699,-1.0000070309548434,-1.0000039928558435,1.000002378710167,-1.000002460616993,-1.0000016200240216,1.000012978890314,-1.0000098532934425,1.000001136864595,-1.0000007965983164,-1.0000007965983193,1.0000016414687327,1.0000016414687305
-1.0000037678747635,1.000002803777138,-1.0000025753304185,-1.0000025753304123,1.0000048758592457,-1.0000039137572345,1.000003636190232,1.0000036361902331,-1.0000131477574066,1.000010169911961,-1.0000080399858329,-1.0000088134379033,1.000000007658595,-1.000009228070971,1.0000088846806285,1.0000057746815623,-1.0000041226987022,1.0000048267507025,1.0000033265070543,-1.0000147618971926,1.0000122581082849,-1.0000028415671265,1.0000024841882738,1.0000024841882753,-1.0000033298342725,-1.0000033298342712
1.000002939187785,-1.0000019736496424,1.000001743787847,1.000001743787839,-1.0000040474305487,1.000003083783624,-1.0000028047273413,-1.000002804727343,1.0000123015828493,-1.0000093238681853,1.000007191935709,1.000007970063699,-1.000009228070971,1.0000000064325925,-1.0000074075131384,-1.0000049300596434,1.0000032824137004,-1.0000039867390405,-1.000002490725905,1.0000139184344572,-1.0000114145977754,1.0000020059447987,-1.000001650676563,-1.0000016506765659,1.0000024962926366,1.0000024962926337
-1.000002029830146,1.000001061873011,-1.0000008293777638,-1.000000829377755,1.0000031387819777,-1.0000021725311807,1.000001890702184,1.0000018907021857,-1.0000113553498462,1.0000083788679055,-1.0000056191785196,-1.0000070309548434,1.0000088846806285,-1.0000074075131384,1.0000000050582916,1.0000039888499337,-1.0000023506444173,1.0000030554664259,1.000001568355077,-1.0000129776552102,1.0000104743236722,-1.0000010837051065,1.0000007325515217,1.0000007325515246,-1.000001578324681,-1.0000015783246796
-0.9999990718126488,0.9999980970539251,-0.999997859176347,-0.9999978591763413,1.000000182319031,-0.9999992090140692,0.9999989215668956,0.999998921566896,-1.0000082984970524,1.0000053250910768,-1.0000025575456641,-1.0000039928558435,1.0000057746815623,-1.0000049300596434,1.0000039888499337,1.0000000006782883,-0.9999987105901129,1.0000000402447433,0.999998577787466,-1.0000099333188994,1.0000074319184225,-0.9999980929437865,0.9999977533044728,0.9999977533044764,-0.9999985997543215,-0.9999985997543195
0.9999974985707122,-0.9999965201049015,0.9999962806253214,0.999996280625315,-0.9999986090287414,0.9999976320045151,-0.9999973429081265,-0.9999973429081273,1.0000066753178314,-1.0000037029076154,1.000001555967524,1.000002378710167,-1.0000041226987022,1.0000032824137004,-1.0000023506444173,-0.9999987105901129,0.999999998379428,-0.9999978144821563,-0.9999963645956673,1.0000083152783539,-1.0000058151151536,0.9999965041270078,-0.9999961707418263,-0.9999961707418299,0.9999970170381637,0.9999970170381609
-0.9999982030025928,0.999997224907902,-0.9999969856562928,-0.9999969856562876,0.9999993151806449,-0.9999983378103454,0.9999980485565226,0.9999980485565245,-1.0000073813617811,1.0000044088092876,-1.0000022613541193,-1.000002460616993,1.0000048267507025,-1.0000039867390405,1.0000030554664259,1.0000000402447433,-0.9999978144821563,0.9999999993885524,0.9999976939638973,-1.000009021771882,1.0000065215200178,-0.9999965856503337,0.9999968761590543,0.9999968761590566,-0.9999977223774232,-0.9999977223774236
-0.9999967822032777,0.999995800663696,-0.9999955598323395,-0.999995559832332,0.999997889688969,-0.999996910318093,0.9999966202354408,0.9999966202354419,-1.0000059060902937,1.000002935891566,-1.0000007859813487,-1.0000016200240216,1.0000033265070543,-1.000002490725905,1.000001568355077,0.999998577787466,-0.9999963645956673,0.9999976939638973,0.9999999973238717,-1.0000075502624295,1.0000050524115374,-0.9999957727089857,0.9999954459385332,0.999995445938535,-0.9999956668191211,-0.9999956668191189
1.0000080308560795,-1.0000070607654845,1.0000068255006944,1.0000068255006875,-1.0000091400330533,1.0000081709844038,-1.0000078859670742,-1.0000078859670756,1.0000172851346085,-1.0000143128795258,1.0000121698326199,1.000012978890314,-1.0000147618971926,1.0000139184344572,-1.0000129776552102,-1.0000099333188994,1.0000083152783539,-1.000009021771882,-1.0000075502624295,1.000000013526704,-1.0000157931646174,1.0000070676854231,-1.0000067236529735,-1.000006723652976,1.0000075678764802,1.0000075678764782
-1.0000055381216537,1.0000045663974195,-1.0000043303058312,-1.0000043303058246,1.0000066474487022,-1.0000056767641123,1.0000053909166935,1.000005390916696,-1.0000147840893916,1.000011810993845,-1.000009667385572,-1.0000098532934425,1.0000122581082849,-1.0000114145977754,1.0000104743236722,1.0000074319184225,-1.0000058151151536,1.0000065215200178,1.0000050524115374,-1.0000157931646174,1.000000009950964,-1.0000045696979913,1.0000042271441283,1.0000042271441314,-1.000005071514733,-1.0000050715147308
0.9999962922683736,-0.9999953120530249,0.9999950716860951,0.9999950716860873,-0.9999974099453788,0.9999964294310688,-0.9999961384021092,-0.9999961384021101,1.0000054225591382,-1.0000024523902908,1.0000003016981116,1.000001136864595,-1.0000028415671265,1.0000020059447987,-1.0000010837051065,-0.9999980929437865,0.9999965041270078,-0.9999965856503337,-0.9999957727089857,1.0000070676854231,-1.0000045696979913,0.9999999966304821,-0.99999433477222,-0.9999943347722228,0.9999958078001135,0.9999958078001109
-0.9999959683835059,0.9999949876512753,-0.9999941226340452,-0.9999947469188054,0.9999970899724888,-0.9999961084602733,0.9999958167037466,0.9999958167037488,-1.000005076516675,1.0000021080625963,-0.9999999561274966,-1.0000007965983164,1.0000024841882738,-1.000001650676563,1.0000007325515217,0.9999977533044728,-0.9999961707418263,0.9999968761590543,0.9999954459385332,-1.0000067236529735,1.0000042271441283,-0.99999433477222,0.9999999961625867,0.9999946330110252,-0.999995484139621,-0.9999954841396178
-0.9999959683835102,0.9999949876512768,-0.9999947469188148,-0.9999941226340406,0.9999970899724923,-0.9999961084602752,0.9999958167037494,0.999995816703751,-1.0000050765166784,1.0000021080625987,-0.9999999561274997,-1.0000007965983193,1.0000024841882753,-1.0000016506765659,1.0000007325515246,0.9999977533044764,-0.9999961707418299,0.9999968761590566,0.999995445938535,-1.000006723652976,1.0000042271441314,-0.9999943347722228,0.9999946330110252,0.9999999961625867,-0.999995484139623,-0.9999954841396219
0.9999968237872675,-0.9999958412562906,0.9999955998449419,0.9999955998449348,-0.999997928609819,0.9999969486019444,-0.999996033872967,-0.9999966581577354,1.0000059216120354,-1.000002953073259,1.000000801803561,1.0000016414687327,-1.0000033298342725,1.0000024962926366,-1.000001578324681,-0.9999985997543215,0.9999970170381637,-0.9999977223774232,-0.9999956668191211,1.0000075678764802,-1.000005071514733,0.9999958078001135,-0.999995484139621,-0.999995484139623,0.9999999973742751,0.9999963276101245
0.9999968237872648,-0.9999958412562889,0.9999955998449398,0.9999955998449329,-0.9999979286098161,0.9999969486019422,-0.9999966581577322,-0.9999960338729604,1.000005921612033,-1.0000029530732584,1.000000801803559,1.0000016414687305,-1.0000033298342712,1.0000024962926337,-1.0000015783246796,-0.9999985997543195,0.9999970170381609,-0.9999977223774236,-0.9999956668191189,1.0000075678764782,-1.0000050715147308,0.9999958078001109,-0.9999954841396178,-0.9999954841396219,0.9999963276101245,0.9999999973742751
