1.0000000134648241,-1.0000251617523963,1.0000203018179832,1.000020301817984,-0.308158589451484,0.8086057066910692,-0.31005787363646514,-1.0000168115792525,0.8094907916178647,0.3104184511939776,0.31138178471349737,-0.31135103314180773,0.3112919399199137,0.31134898530433297,-0.809458713958926,1.0000201409989788,0.809431837966237,-0.3107633618532797,0.31108803356761106,-0.3112037990501973,-0.31127112151285924,-1.0000202592732512,-1.0000202592732497,-0.8094133758899102,0.8094035704185177,0.3113478142202313,-0.31139502110475903,-0.3113945818119529,0.311410398153648
-1.0000251617523963,1.0000000161972207,-1.0000266135703393,-1.0000266135703375,0.30819997001653177,-0.8086324808718987,0.3100177016931671,1.000018747893157,-0.8094671638791897,-0.31037828509767607,-0.3113416341649913,0.3113108820711267,-0.3112517879281822,-0.31130883422319255,0.8094350844114538,-1.0000220653988137,-0.8094082071076507,0.3107232013451215,-0.3110478782762615,0.3111636456438267,0.31123096918122506,1.0000221784894616,1.000022178489458,0.8093897441477289,-0.809379938237249,-0.3113076631444212,0.3113548707887389,0.3113544314812957,-0.3113702480779234
1.0000203018179832,-1.0000266135703393,1.000000015538474,1.0000217571922265,-0.3082397267957038,0.8086567824583879,-0.3099776841495447,-1.0000183077649567,0.8094421631918015,0.3103382724288759,0.31130163444547804,-0.3112708819128314,0.31121178700733515,0.3112688340593177,-0.80941008202368,1.0000216136096078,0.8093832034947813,-0.3106831933336555,0.3110078746061132,-0.311123643545875,-0.3111909679767097,-1.0000261176937888,-1.0000217216287735,-0.8093647397094414,0.8093549333894624,0.3112676629884281,-0.31131487126528595,-0.31131443194462344,0.31133024875354226
1.000020301817984,-1.0000266135703375,1.0000217571922265,1.0000000155384743,-0.30823972679570844,0.8086567824583917,-0.30997768414954135,-1.0000183077649596,0.8094421631918011,0.3103382724288726,0.31130163444547465,-0.31127088191282815,0.3112117870073321,0.31126883405931427,-0.8094100820236787,1.0000216136096098,0.8093832034947809,-0.3106831933336523,0.31100787460611024,-0.31112364354587185,-0.31119096797670653,-1.0000217216287788,-1.0000261176937866,-0.8093647397094405,0.8093549333894611,0.31126766298842495,-0.311314871265283,-0.31131443194461994,0.31133024875353904
-0.308158589451484,0.30819997001653177,-0.3082397267957038,-0.30823972679570844,1.0000000053858253,-0.8089207144915512,-0.8089170049775215,0.30869648026239693,0.3091278563454639,0.8086871305201195,0.8080864408012973,-0.8081061870124703,0.8081423145087421,0.8081069644472688,-0.3091766748042278,-0.3084330316274458,0.3092130513857479,-0.8084715802545178,0.8082696480588282,-0.8081970998079878,-0.8081553796409293,0.30831802791055984,0.30831802791056034,-0.30923767614409875,0.3092501025900836,0.808107160907088,-0.8080777711576846,-0.8080782116480291,0.8080683565805646
0.8086057066910692,-0.8086324808718987,0.8086567824583879,0.8086567824583917,-0.8089207144915512,1.0000000093132755,0.3086676043928687,-0.8089415085392812,0.30908643221051585,-0.30830531356535673,-0.30733845878800264,0.30736967589425973,-0.3074285396534444,-0.3073714222932183,-0.30903641535455806,0.8087762357567181,0.3089973080615642,0.3079588452274045,-0.3076333070500232,0.3075168943331514,0.3074494859542437,-0.8087051828316539,-0.8087051828316507,-0.30897066875183193,0.3089569235474875,-0.3073722675355947,0.3073249167037737,0.3073254606187327,-0.3073095909558715
-0.31005787363646514,0.3100177016931671,-0.3099776841495447,-0.30997768414954135,-0.8089170049775215,0.3086676043928687,1.000000001750133,0.30951907135825013,-0.8091993337771163,-1.0000043535392733,-0.999995003176247,0.9999957319209889,-0.9999953160267168,-0.999995243275985,0.8092239002421487,-0.30978440590323514,-0.8092436436526537,0.9999977038410226,-0.9999965516542767,0.9999955942134208,0.9999955067838169,0.3098994077687958,0.30989940776879404,0.809256842731289,-0.8092632012621707,-0.9999947158744368,0.9999945193212957,0.9999946880404339,-0.9999946139577942
-1.0000168115792525,1.000018747893157,-1.0000183077649567,-1.0000183077649596,0.30869648026239693,-0.8089415085392812,0.30951907135825013,1.0000000107768856,-0.809161172403195,-0.30987971623173854,-0.31084322859091595,0.31081247096693454,-0.3107533672036792,-0.3108104230453966,0.8091246755957574,-1.0000226580556215,-0.8090977829561953,0.3102246912056075,-0.31054942288389153,0.31066521007479303,0.31073254487996005,1.0000183118166017,1.000018311816598,0.8090793096625375,-0.8090694986235699,-0.3108092520628544,0.31085646768390063,0.31085602821084996,-0.3108718474845624
0.8094907916178647,-0.8094671638791897,0.8094421631918015,0.8094421631918011,0.3091278563454639,0.30908643221051585,-0.8091993337771163,-0.809161172403195,1.0000000017973092,0.8094162327009791,0.8100085070978659,-0.8099899528762853,0.8099531767882621,0.8099883855480143,-1.000004975561206,0.8093226991023929,0.9999961634331981,-0.8096279935254616,0.8098279270399331,-0.8098988780861659,-0.8099404289504213,-0.809393795002572,-0.8093937950025688,-0.9999929054709149,0.9999907726523724,0.8099873361133288,-0.8100163882846173,-0.81001622100205,0.8100259496500729
0.3104184511939776,-0.31037828509767607,0.3103382724288759,0.3103382724288726,0.8086871305201195,-0.30830531356535673,-1.0000043535392733,-0.30987971623173854,0.8094162327009791,0.9999999982923007,0.9999930402822536,-0.9999937566400277,0.9999933171749965,0.9999932672374883,-0.8094451787385708,0.31014501855871046,0.8094649089024896,-0.999999889448412,0.9999944711321742,-0.9999935600910292,-0.9999934995848957,-0.31026000592929764,-0.31026000592929603,-0.8094780989270182,0.8094844527309377,0.9999927394348203,-0.9999925617781722,-0.9999927303006472,0.999992662550196
0.31138178471349737,-0.3113416341649913,0.31130163444547804,0.31130163444547465,0.8080864408012973,-0.30733845878800264,-0.999995003176247,-0.31084322859091595,0.8100085070978659,0.9999930402822536,0.9999999925023344,-0.9999945810080669,0.9999896825397333,0.999989693518262,-0.810037409131047,0.31110844533989535,0.8100571039438113,-0.9999912937353654,0.9999906184299325,-0.9999898312792653,-0.9999898426640138,-0.3112233941991954,-0.3112233941991937,-0.8100702698035074,0.8100766109884558,0.9999891646421323,-0.9999890374410176,-0.9999892054381555,0.9999891545952589
-0.31135103314180773,0.3113108820711267,-0.3112708819128314,-0.31127088191282815,-0.8081061870124703,0.30736967589425973,0.9999957319209889,0.31081247096693454,-0.8099899528762853,-0.9999937566400277,-0.9999945810080669,0.9999999934790693,-0.9999947649731094,-0.9999947739948163,0.810018856342526,-0.3110776906162037,-0.8100385523047391,0.9999919982457788,-0.9999913117991497,0.9999905206710503,0.9999905297466427,0.3111926407783786,0.3111926407783773,0.8100517189504463,-0.8100580605461593,-0.999989849088686,0.9999897202677805,0.9999898882822538,-0.9999898368965711
0.3112919399199137,-0.3112517879281822,0.31121178700733515,0.3112117870073321,0.8081423145087421,-0.3074285396534444,-0.9999953160267168,-0.3107533672036792,0.8099531767882621,0.9999933171749965,0.9999896825397333,-0.9999947649731094,0.9999999927670928,0.9999898776710019,-0.8099820829220644,0.31101859189199665,0.810001781029747,-0.9999915362369599,0.9999908285886429,-0.9999944259549867,-0.9999900345722876,-0.3111335443248606,-0.3111335443248589,-0.8100149491421581,0.8100212915040746,0.9999893488958109,-0.9999892169915964,-0.9999893850380391,0.9999893326191511
0.31134898530433297,-0.31130883422319255,0.3112688340593177,0.31126883405931427,0.8081069644472688,-0.3073714222932183,-0.999995243275985,-0.3108104230453966,0.8099883855480143,0.9999932672374883,0.999989693518262,-0.9999947739948163,0.9999898776710019,0.9999999927772355,-0.810017289087315,0.3110756427312228,0.8100369851100299,-0.9999915081185053,0.9999908209897918,-0.9999900296188423,-0.9999944346178117,-0.3111905929120605,-0.3111905929120592,-0.8100501517973733,0.810056493415272,0.9999893577341761,-0.9999936248792695,-0.9999893968298125,0.9999893454109584
-0.809458713958926,0.8094350844114538,-0.80941008202368,-0.8094100820236787,-0.3091766748042278,-0.30903641535455806,0.8092239002421487,0.8091246755957574,-1.000004975561206,-0.8094451787385708,-0.810037409131047,0.810018856342526,-0.8099820829220644,-0.810017289087315,0.999999999032339,-0.8092906096290627,-0.999998627106308,0.8096569237900259,-0.809856842498,0.8099277882389975,0.8099693360409151,0.8093617104698874,0.8093617104698854,0.9999909744681063,-0.9999888423562127,-0.8100162396815642,0.8100452896982516,0.8100451224425252,-0.8100548503683044
1.0000201409989788,-1.0000220653988137,1.0000216136096078,1.0000216136096098,-0.3084330316274458,0.8087762357567181,-0.30978440590323514,-1.0000226580556215,0.8093226991023929,0.31014501855871046,0.31110844533989535,-0.3110776906162037,0.31101859189199665,0.3110756427312228,-0.8092906096290627,1.0000000153628883,0.8092637251088319,-0.31048996275310164,0.31081466574151945,-0.31093044254212004,-0.3109977714429768,-1.0000259908413023,-1.0000259908412992,-0.8092452572862292,0.8092354489622307,0.3110744716962508,-0.31112168313704003,-0.31112124375145184,0.31113706162218685
0.809431837966237,-0.8094082071076507,0.8093832034947813,0.8093832034947809,0.3092130513857479,0.3089973080615642,-0.8092436436526537,-0.8090977829561953,0.9999961634331981,0.8094649089024896,0.8100571039438113,-0.8100385523047391,0.810001781029747,0.8100369851100299,-0.999998627106308,0.8092637251088319,0.9999999927286969,-0.80967664128446,0.8098765480958359,-0.8099474895760195,-0.8099890349169947,-0.8093348295137319,-0.8093348295137294,-0.9999909591617513,0.9999844315293119,0.8100359357293085,-0.8100649840149133,-0.8100648167801493,0.8100745441256811
-0.3107633618532797,0.3107232013451215,-0.3106831933336555,-0.3106831933336523,-0.8084715802545178,0.3079588452274045,0.9999977038410226,0.3102246912056075,-0.8096279935254616,-0.999999889448412,-0.9999912937353654,0.9999919982457788,-0.9999915362369599,-0.9999915081185053,0.8096569237900259,-0.31048996275310164,-0.80967664128446,0.9999999953650425,-0.9999970081477305,0.9999917454192482,0.9999917106633105,0.3106049362748101,0.3106049362748087,0.8096898226490457,-0.8096961719314117,-0.9999909799321552,0.9999908203485837,0.9999909886830517,-0.9999909269888632
0.31108803356761106,-0.3110478782762615,0.3110078746061132,0.31100787460611024,0.8082696480588282,-0.3076333070500232,-0.9999965516542767,-0.31054942288389153,0.8098279270399331,0.9999944711321742,0.9999906184299325,-0.9999913117991497,0.9999908285886429,0.9999908209897918,-0.809856842498,0.31081466574151945,0.8098765480958359,-0.9999970081477305,0.9999999941658815,-0.9999954021113667,-0.9999953915720491,-0.31092962635017096,-0.31092962635016935,-0.8098897213284166,0.8098960663642911,0.9999902924421057,-0.9999901498551467,-0.999990318012983,0.9999902620143288
-0.3112037990501973,0.3111636456438267,-0.311123643545875,-0.31112364354587185,-0.8081970998079878,0.3075168943331514,0.9999955942134208,0.31066521007479303,-0.8098988780861659,-0.9999935600910292,-0.9999898312792653,0.9999905206710503,-0.9999944259549867,-0.9999900296188423,0.8099277882389975,-0.31093044254212004,-0.8099474895760195,0.9999917454192482,-0.9999954021113667,0.9999999929982338,0.9999901941279737,0.3110453984764253,0.31104539847642343,0.8099606598959941,-0.809967003410862,-0.9999895009419997,0.9999893644242139,0.9999895325187065,-0.9999894785538226
-0.31127112151285924,0.31123096918122506,-0.3111909679767097,-0.31119096797670653,-0.8081553796409293,0.3074494859542437,0.9999955067838169,0.31073254487996005,-0.8099404289504213,-0.9999934995848957,-0.9999898426640138,0.9999905297466427,-0.9999900345722876,-0.9999944346178117,0.8099693360409151,-0.3109977714429768,-0.8099890349169947,0.9999917106633105,-0.9999953915720491,0.9999901941279737,0.9999999929991169,0.31111272471925455,0.31111272471925333,0.8100022035548806,-0.8100085461914899,-0.9999939058662326,0.9999893768053802,0.9999895448633891,-0.9999894920787014
-1.0000202592732512,1.0000221784894616,-1.0000261176937888,-1.0000217216287788,0.30831802791055984,-0.8087051828316539,0.3098994077687958,1.0000183118166017,-0.809393795002572,-0.31026000592929764,-0.3112233941991954,0.3111926407783786,-0.3111335443248606,-0.3111905929120605,0.8093617104698874,-1.0000259908413023,-0.8093348295137319,0.3106049362748101,-0.31092962635017096,0.3110453984764253,0.31111272471925455,1.0000000154925168,1.0000216928415109,0.8093163640927802,-0.8093065569609081,-0.31118942185570486,0.3112366314151162,0.311236192068153,-0.3112520093074967
-1.0000202592732497,1.000022178489458,-1.0000217216287735,-1.0000261176937866,0.30831802791056034,-0.8087051828316507,0.30989940776879404,1.000018311816598,-0.8093937950025688,-0.31026000592929603,-0.3112233941991937,0.3111926407783773,-0.3111335443248589,-0.3111905929120592,0.8093617104698854,-1.0000259908412992,-0.8093348295137294,0.3106049362748087,-0.31092962635016935,0.31104539847642343,0.31111272471925333,1.0000216928415109,1.0000000154925168,0.8093163640927775,-0.8093065569609054,-0.3111894218557033,0.3112366314151147,0.3112361920681515,-0.31125200930749486
-0.8094133758899102,0.8093897441477289,-0.8093647397094414,-0.8093647397094405,-0.30923767614409875,-0.30897066875183193,0.809256842731289,0.8090793096625375,-0.9999929054709149,-0.8094780989270182,-0.8100702698035074,0.8100517189504463,-0.8100149491421581,-0.8100501517973733,0.9999909744681063,-0.8092452572862292,-0.9999909591617513,0.8096898226490457,-0.8098897213284166,0.8099606598959941,0.8100022035548806,0.8093163640927802,0.8093163640927775,0.9999999880792065,-0.9999855731830635,-0.8100491024337393,0.8100781495359966,0.8100779823154611,-0.8100877092643446
0.8094035704185177,-0.809379938237249,0.8093549333894624,0.8093549333894611,0.3092501025900836,0.3089569235474875,-0.8092632012621707,-0.8090694986235699,0.9999907726523724,0.8094844527309377,0.8100766109884558,-0.8100580605461593,0.8100212915040746,0.810056493415272,-0.9999888423562127,0.8092354489622307,0.9999844315293119,-0.8096961719314117,0.8098960663642911,-0.809967003410862,-0.8100085461914899,-0.8093065569609081,-0.8093065569609054,-0.9999855731830635,0.9999999850352378,0.8100554440606069,-0.8100844905448511,-0.8100843233315896,0.8100940500733224
0.3113478142202313,-0.3113076631444212,0.3112676629884281,0.31126766298842495,0.808107160907088,-0.3073722675355947,-0.9999947158744368,-0.3108092520628544,0.8099873361133288,0.9999927394348203,0.9999891646421323,-0.999989849088686,0.9999893488958109,0.9999893577341761,-0.8100162396815642,0.3110744716962508,0.8100359357293085,-0.9999909799321552,0.9999902924421057,-0.9999895009419997,-0.9999939058662326,-0.31118942185570486,-0.3111894218557033,-0.8100491024337393,0.8100554440606069,0.999999992021868,-0.9999886999242495,-0.9999932640051528,0.99998881650364
-0.31139502110475903,0.3113548707887389,-0.31131487126528595,-0.311314871265283,-0.8080777711576846,0.3073249167037737,0.9999945193212957,0.31085646768390063,-0.8100163882846173,-0.9999925617781722,-0.9999890374410176,0.9999897202677805,-0.9999892169915964,-0.9999936248792695,0.8100452896982516,-0.31112168313704003,-0.8100649840149133,0.9999908203485837,-0.9999901498551467,0.9999893644242139,0.9999893768053802,0.3112366314151162,0.3112366314151147,0.8100781495359966,-0.8100844905448511,-0.9999886999242495,0.999999991839415,0.9999887414135261,-0.9999930868703095
-0.3113945818119529,0.3113544314812957,-0.31131443194462344,-0.31131443194461994,-0.8080782116480291,0.3073254606187327,0.9999946880404339,0.31085602821084996,-0.81001622100205,-0.9999927303006472,-0.9999892054381555,0.9999898882822538,-0.9999893850380391,-0.9999893968298125,0.8100451224425252,-0.31112124375145184,-0.8100648167801493,0.9999909886830517,-0.999990318012983,0.9999895325187065,0.9999895448633891,0.311236192068153,0.3112361920681515,0.8100779823154611,-0.8100843233315896,-0.9999932640051528,0.9999887414135261,0.9999999920793642,-0.9999932548520467
0.311410398153648,-0.3113702480779234,0.31133024875354226,0.31133024875353904,0.8080683565805646,-0.3073095909558715,-0.9999946139577942,-0.3108718474845624,0.8100259496500729,0.999992662550196,0.9999891545952589,-0.9999898368965711,0.9999893326191511,0.9999893454109584,-0.8100548503683044,0.31113706162218685,0.8100745441256811,-0.9999909269888632,0.9999902620143288,-0.9999894785538226,-0.9999894920787014,-0.3112520093074967,-0.31125200930749486,-0.8100877092643446,0.8100940500733224,0.99998881650364,-0.9999930868703095,-0.9999932548520467,0.9999999920072639
