0.9999999993667377,-0.9999983517372847,0.9906511492612152,0.9906489425495638,-0.9834070798283344,0.9834067270523741,-0.9872840157053744,-0.9790205525785642,0.9258316719743741,-0.9902144218778193,-0.9687283123295871,-0.4696881658990021,0.7830399651739154,0.9741267584526372,-0.20386893978233298,0.46967130878250374,-0.8589034423304606,0.96362378274608,-0.9636387537383201,-0.9636098433297147,0.9194625477791862,0.9635978270230741,-0.9635879896147307,0.9635854011954745,0.9635854011954724
-0.9999983517372847,0.9999999990707836,-0.9906503309622318,-0.9906482386726359,0.9834069524786081,-0.9834065997015496,0.9872838781382741,0.9790204355076332,-0.9258316389513535,0.9902141585186875,0.9687282159911926,0.4696884389686814,-0.7830395423631072,-0.9741266517210331,0.20386848705389143,-0.469671581859989,0.8589030498855503,-0.9636234713283851,0.9636384423412895,0.9636095318937895,-0.9194621926939832,-0.963597515571881,0.9635876781518535,-0.9635850897284126,-0.9635850897284097
0.9906511492612152,-0.9906503309622318,1.0000000008077339,0.9627775352477802,-0.9494665058150423,0.949466534936349,-0.9563700493083267,-0.9420724302503795,0.865618849233581,-0.9999956234309065,-0.9258246141826402,-0.34486124027750686,0.8605695448859471,0.9341902765195059,-0.3355183297211198,0.34484321972347615,-0.9207405950591216,0.9910763444305611,-0.9910831893584048,-0.9910691631463958,0.9645051392872367,0.9910628563281682,-0.9910574515600877,0.9910563813320983,0.9910563813320962
0.9906489425495638,-0.9906482386726359,0.9627775352477802,0.9999999980894551,-0.9989601370454938,0.9989594089626987,-0.9997373705075248,-0.9976632249436178,0.9687339439727736,-0.9619171894450401,-0.9935185432881645,-0.5857346413846631,0.6908676788848914,0.9958493419878581,-0.06840552361945948,0.5857192629238398,-0.7810053063836521,0.9181526743523638,-0.9181749354330513,-0.9181322373401835,0.8572268790597994,0.9181147361394981,-0.918100649963902,0.9180965917285162,0.918096591728514
-0.9834070798283344,0.9834069524786081,-0.9494665058150423,-0.9989601370454938,0.9999999993064105,-0.9999976238914065,0.9997387641920092,0.9997391505648874,-0.9790305854950023,0.9484682894891368,0.9976651471154874,0.6220472894850301,-0.6572177693371075,-0.9989612095551064,0.02288909765987962,-0.62203246870891,0.7517467574915243,-0.8991513291719562,0.8991759318751793,0.8991288075688969,-0.8328811295600196,-0.8991095477146712,0.8990941014328341,-0.899089569294882,-0.8990895692948809
0.9834067270523741,-0.9834065997015496,0.949466534936349,0.9989594089626987,-0.9999976238914065,0.9999999980897791,-0.9997374185968271,-0.9997376835589893,0.979029210022015,-0.9484683274652043,-0.9976641167912982,-0.6220446737229423,0.6572192192132521,0.9989602387159755,-0.022891742687402992,0.6220298529259377,-0.7517478757965051,0.8991517309538734,-0.8991763335005755,-0.899129209490665,0.8328818963614295,0.8991099497546398,-0.8990945035646568,0.8990899714580367,0.8990899714580339
-0.9872840157053744,0.9872838781382741,-0.9563700493083267,-0.9997373705075248,0.9997387641920092,-0.9997374185968271,0.9999999982828871,0.9989601597137187,-0.9741347479552888,0.955440528143792,0.9958502757376588,0.604047335147705,-0.6742177337485081,-0.9976639050384262,0.04565943947224964,-0.604032231609959,0.7665749575177393,-0.9088877569555829,0.9089111949088754,0.9088662720913054,-0.845273301363731,-0.9088478868086715,0.9088331167594769,-0.9088288204620136,-0.9088288204620107
-0.9790205525785642,0.9790204355076332,-0.9420724302503795,-0.9976632249436178,0.9997391505648874,-0.9997376835589893,0.9989601597137187,0.9999999984898257,-0.983415022505856,0.9410060698487704,0.9989603621718458,0.6397153817429906,-0.6398839510241588,-0.9997378686061732,0.0001174559505258094,-0.6397008513042223,0.7365345348054789,-0.8889518536211881,0.8889776077375554,0.8889283074743466,-0.8200616088243204,-0.888908183471809,0.8888920693050332,-0.8888873037933562,-0.8888873037933547
0.9258316719743741,-0.9258316389513535,0.865618849233581,0.9687339439727736,-0.9790305854950023,0.979029210022015,-0.9741347479552888,-0.983415022505856,1.0000000002502794,-0.8640290816129925,-0.9906512769652558,-0.7685053159749937,0.4898994122234895,0.9872897923747245,0.1812489340773125,0.7684939249849985,-0.6016454771709719,0.7911450908732142,-0.791179535242567,-0.7911138237568102,0.7026719219835764,0.7910871924494798,-0.7910660593550821,0.7910595239901989,0.7910595239901984
-0.9902144218778193,0.9902141585186875,-0.9999956234309065,-0.9619171894450401,0.9484682894891368,-0.9484683274652043,0.955440528143792,0.9410060698487704,-0.8640290816129925,1.0000000008940422,0.9246236706023374,0.3418883289729092,-0.8621769653411613,-0.9330563255861252,0.33849856866661887,-0.34187028542195824,0.9219711049078042,-0.9914934135287781,0.9915006373305651,0.991486390650043,-0.9653362498855287,-0.991480217711003,0.9914749169946427,-0.9914738822313603,-0.9914738822313579
-0.9687283123295871,0.9687282159911926,-0.9258246141826402,-0.9935185432881645,0.9976651471154874,-0.9976641167912982,0.9958502757376588,0.9989603621718458,-0.9906512769652558,0.9246236706023374,0.9999999976304997,0.67404474165094,-0.6042333512244527,-0.9997373416677781,-0.045410315737554226,-0.67403081427917,0.7049753889693008,-0.8671777644620858,0.867205780567801,0.8671522065441742,-0.7931563475562358,-0.8671303861301031,0.8671129617086433,-0.8671077370199475,-0.8671077370199458
-0.4696881658990021,0.4696884389686814,-0.34486124027750686,-0.5857346413846631,0.6220472894850301,-0.6220446737229423,0.604047335147705,0.6397153817429906,-0.7685053159749937,0.3418883289729092,0.67404474165094,0.9999999985759954,0.1813091726260066,-0.6570517256388179,-0.7685326885309546,-0.9999980844469771,-0.04871438590920003,-0.21665284005491944,0.2167079539349472,0.21660340156643337,-0.08475028759016044,-0.21656153619574625,0.21652882541037016,-0.2165179414257649,-0.21651794142576553
0.7830399651739154,-0.7830395423631072,0.8605695448859471,0.6908676788848914,-0.6572177693371075,0.6572192192132521,-0.6742177337485081,-0.6398839510241588,0.4898994122234895,-0.8621769653411613,-0.6042333512244527,0.1813091726260066,0.999999998758555,0.6222187880534872,-0.7685428196720067,-0.1813283952302794,-0.9910901103647867,0.9207875638113999,-0.9207654119984116,-0.9208068663328435,0.9645220015413705,0.9208229757014024,-0.9208350626805317,0.9208398472777017,0.9208398472776983
0.9741267584526372,-0.9741266517210331,0.9341902765195059,0.9958493419878581,-0.9989612095551064,0.9989602387159755,-0.9976639050384262,-0.9997378686061732,0.9872897923747245,-0.9330563255861252,-0.9997373416677781,-0.6570517256388179,0.6222187880534872,0.9999999982578688,0.022653927151256595,0.6570374930629982,-0.7209408533677543,0.8782918663434197,-0.8783187585109667,-0.8782673078688074,0.8068173120418191,0.8782463301583605,-0.8782295564663916,0.8782245600537565,0.8782245600537558
-0.20386893978233298,0.20386848705389143,-0.3355183297211198,-0.06840552361945948,0.02288909765987962,-0.022891742687402992,0.04565943947224964,0.0001174559505258094,0.1812489340773125,0.33849856866661887,-0.045410315737554226,-0.7685326885309546,-0.7685428196720067,0.022653927151256595,0.9999999969474531,0.7685461613770611,0.6764850997558968,-0.4581049181510326,0.458054650612768,0.4581496396933332,-0.5723708002660127,-0.45818735691056,0.4582165014445112,-0.45822669511872244,-0.4582266951187208
0.46967130878250374,-0.469671581859989,0.34484321972347615,0.5857192629238398,-0.62203246870891,0.6220298529259377,-0.604032231609959,-0.6397008513042223,0.7684939249849985,-0.34187028542195824,-0.67403081427917,-0.9999980844469771,-0.1813283952302794,0.6570374930629982,0.7685461613770611,0.999999999479382,0.04873382380930605,0.21663400807863645,-0.21668912223324413,-0.21658456935490486,0.08473098076890193,0.21654270378955817,-0.21650999286188563,0.21649910881486664,0.2164991088148673
-0.8589034423304606,0.8589030498855503,-0.9207405950591216,-0.7810053063836521,0.7517467574915243,-0.7517478757965051,0.7665749575177393,0.7365345348054789,-0.6016454771709719,0.9219711049078042,0.7049753889693008,-0.04871438590920003,-0.9910901103647867,-0.7209408533677543,0.6764850997558968,0.04873382380930605,1.0000000009129963,-0.9645373439950243,0.9645223097522866,0.9645502529924767,-0.9910917218087697,-0.9645609445158596,0.9645687905346124,-0.9645721759575342,-0.9645721759575306
0.96362378274608,-0.9636234713283851,0.9910763444305611,0.9181526743523638,-0.8991513291719562,0.8991517309538734,-0.9088877569555829,-0.8889518536211881,0.7911450908732142,-0.9914934135287781,-0.8671777644620858,-0.21665284005491944,0.9207875638113999,0.8782918663434197,-0.4581049181510326,0.21663400807863645,-0.9645373439950243,1.0000000017362265,-1.0000017411073443,-1.000001423315682,0.991099948754325,1.000001365824965,-1.0000003902053247,1.000000822868119,1.0000008228681172
-0.9636387537383201,0.9636384423412895,-0.9910831893584048,-0.9181749354330513,0.8991759318751793,-0.8991763335005755,0.9089111949088754,0.8889776077375554,-0.791179535242567,0.9915006373305651,0.867205780567801,0.2167079539349472,-0.9207654119984116,-0.8783187585109667,0.458054650612768,-0.21668912223324413,0.9645223097522866,-1.0000017411073443,1.0000000015527821,1.0000018468186194,-0.9910917439199919,-1.0000012307533102,1.0000002532563284,-1.0000006852848828,-1.000000685284882
-0.9636098433297147,0.9636095318937895,-0.9910691631463958,-0.9181322373401835,0.8991288075688969,-0.899129209490665,0.9088662720913054,0.8889283074743466,-0.7911138237568102,0.991486390650043,0.8671522065441742,0.21660340156643337,-0.9208068663328435,-0.8782673078688074,0.4581496396933332,-0.21658456935490486,0.9645502529924767,-1.000001423315682,1.0000018468186194,1.000000001097661,-0.9911062341066662,-1.0000003667659418,0.9999999489906729,-1.0000003822207335,-1.000000382220731
0.9194625477791862,-0.9194621926939832,0.9645051392872367,0.8572268790597994,-0.8328811295600196,0.8328818963614295,-0.845273301363731,-0.8200616088243204,0.7026719219835764,-0.9653362498855287,-0.7931563475562358,-0.08475028759016044,0.9645220015413705,0.8068173120418191,-0.5723708002660127,0.08473098076890193,-0.9910917218087697,0.991099948754325,-0.9910917439199919,-0.9911062341066662,1.0000000013901025,0.9911113171916788,-0.9911147823788308,0.9911167082813042,0.9911167082813022
0.9635978270230741,-0.963597515571881,0.9910628563281682,0.9181147361394981,-0.8991095477146712,0.8991099497546398,-0.9088478868086715,-0.888908183471809,0.7910871924494798,-0.991480217711003,-0.8671303861301031,-0.21656153619574625,0.9208229757014024,0.8782463301583605,-0.45818735691056,0.21654270378955817,-0.9645609445158596,1.000001365824965,-1.0000012307533102,-1.0000003667659418,0.9911113171916788,1.0000000002240905,-0.9999987845756607,0.9999997744494212,0.9999997744494188
-0.9635879896147307,0.9635876781518535,-0.9910574515600877,-0.918100649963902,0.8990941014328341,-0.8990945035646568,0.9088331167594769,0.8888920693050332,-0.7910660593550821,0.9914749169946427,0.8671129617086433,0.21652882541037016,-0.9208350626805317,-0.8782295564663916,0.4582165014445112,-0.21650999286188563,0.9645687905346124,-1.0000003902053247,1.0000002532563284,0.9999999489906729,-0.9911147823788308,-0.9999987845756607,0.9999999988334907,-0.9999982472485436,-0.9999982472485431
0.9635854011954745,-0.9635850897284126,0.9910563813320983,0.9180965917285162,-0.899089569294882,0.8990899714580367,-0.9088288204620136,-0.8888873037933562,0.7910595239901989,-0.9914738822313603,-0.8671077370199475,-0.2165179414257649,0.9208398472777017,0.8782245600537565,-0.45822669511872244,0.21649910881486664,-0.9645721759575342,1.000000822868119,-1.0000006852848828,-1.0000003822207335,0.9911167082813042,0.9999997744494212,-0.9999982472485436,0.9999999994546293,0.9999992376221168
0.9635854011954724,-0.9635850897284097,0.9910563813320962,0.918096591728514,-0.8990895692948809,0.8990899714580339,-0.9088288204620107,-0.8888873037933547,0.7910595239901984,-0.9914738822313579,-0.8671077370199458,-0.21651794142576553,0.9208398472776983,0.8782245600537558,-0.4582266951187208,0.2164991088148673,-0.9645721759575306,1.0000008228681172,-1.000000685284882,-1.000000382220731,0.9911167082813022,0.9999997744494188,-0.9999982472485431,0.9999992376221168,0.9999999994546293
