0.9999999967848269,-0.48371487685915426,-0.48371016032129127,-0.03160054794705406,-0.20655754508408167,0.2679661289303515,-0.7376640327331628,0.737664541119276,-0.4890428045415999,0.6821560699941569,-0.26794709783813736,0.9948942219256485,-0.9948878572875267,-0.9425355460151749,0.9425220111013292,-0.9928471000300279,0.8766817557194738,0.4586269606462517,0.48368933913415413,0.4585714676282211,-0.4332309862253531,-0.45859159395961846,-0.6558434506410066,-0.8764394316945054,0.8158983342416488,0.8762235550893076,-0.9296127629884413,-0.8761324183206699,-0.8761324183206689,0.9904579770851905,0.876076483121919,0.8760764831219229,-0.9904440546367387,-0.8760576883579796,-0.8362538979944495,-0.9425355460151708
-0.48371487685915426,0.9999999944225918,-0.5320312593305924,0.8900690941684188,-0.7564257037657911,-0.9728320808704053,-0.23409726878834414,0.23410086183253886,0.999980310416456,-0.9699399688856007,0.9728252265730664,-0.5695643836244728,0.5696266236266062,0.7483299835563163,-0.7483632801605836,0.3757790547155729,-0.8450936992350563,-0.9995891046531634,-0.9999934677249785,0.5559465287128862,0.9983736143676861,0.9995885133989625,-0.3434502757647745,0.8453632992930753,0.11137457660903151,-0.845604763755042,0.12712948181736322,0.8457078153300839,0.8457078153300825,-0.3585011608683859,-0.8457709498347772,-0.8457709498347814,0.35840693244871724,0.8457922732390969,0.8844325176885307,0.7483299835563189
-0.48371016032129127,-0.5320312593305924,0.9999999936393719,-0.8594997157993521,0.9562578557239859,0.7135951911847889,0.9477378123973417,-0.9477418972794216,-0.5268667645971493,0.3100023439276641,-0.7136067481698821,-0.3929271372704252,0.3928587397699265,0.1635076587035749,-0.163461267913663,0.5847324524788606,-0.0030346401630932307,0.5559017320535707,0.5320599414865433,-0.9995837327689443,-0.5792542208978765,-0.55593445152216,0.9779351923996408,0.0025306073864590248,-0.9007012332048144,-0.0020802963586568804,0.7722076472388881,0.0018890758889492196,0.0018890758889502672,-0.599699070676578,-0.0017718277185790675,-0.0017718277185787264,0.5997798302843823,0.001732321602675175,-0.07541548270581215,0.16350765870356884
-0.03160054794705406,0.8900690941684188,-0.8594997157993521,1.000000000622768,-0.9714132029687259,-0.9714148821081195,-0.6515181587346245,0.6515225267604402,0.8872812044594425,-0.7524007796048621,0.9714178701471868,-0.1322963882083437,0.1323707810056728,0.36371530492497917,-0.3637603786854839,-0.08794023921279778,-0.5085164219106874,-0.9026762054792123,-0.890085374514627,0.8737170834868294,0.914513435350759,0.9026929168767344,-0.7337866821113053,0.5089505086735018,0.5521137063492887,-0.5093386906448296,-0.33896520330370544,0.5095038400026671,0.5095038400026651,0.10642732071766356,-0.5096050709225524,-0.5096050709225552,-0.10652767865961194,0.5096392106520212,0.5744963717394487,0.3637153049249844
-0.20655754508408167,-0.7564257037657911,0.9562578557239859,-0.9714132029687259,0.9999999934957253,0.8872964828141677,0.8129729764656615,-0.8129764689902379,-0.7524314572803963,0.5745315176888262,-0.8873030425193857,-0.10677304344065316,0.10669870742298762,-0.1322019538974129,0.13224929186778334,0.3218805003610609,0.2895902088995164,0.7747254523474716,0.7564479206526161,-0.9642041135506205,-0.7923435927824616,-0.7747502107775331,0.8740753152048631,-0.2900726945676049,-0.734244249258117,0.2905039621252992,0.5525956859661201,-0.2906872741729525,-0.2906872741729511,-0.33941044030143774,0.290799655175423,0.2907996551754244,0.3395053760312048,-0.29083753880094004,-0.3637805118118022,-0.13220195389741848
0.2679661289303515,-0.9728320808704053,0.7135951911847889,-0.9714148821081195,0.8872964828141677,1.0000000006107352,0.45280413364598776,-0.45280822328269005,-0.9714091091507127,0.8872632557487834,-0.9999974413968615,0.3638162275988637,-0.36388642388325315,-0.57444758160142,0.5744878139919567,-0.15104182463464957,0.6983820220481375,0.9790254226514657,0.9728414935191163,-0.7332702816953409,-0.9844037170507723,-0.9790331310892045,0.5515365237165685,-0.6987428887663467,-0.33840602447704915,0.6990657888662192,0.10594215108423997,-0.6992033322869826,-0.699203332286981,0.13265451576936402,0.6992876247350095,0.6992876247350127,-0.1325544731050062,-0.6993160684578973,-0.7523788238911914,-0.5744475816014237
-0.7376640327331628,-0.23409726878834414,0.9477378123973417,-0.6515181587346245,0.8129729764656615,0.45280413364598776,0.9999999996227077,-1.0000019029680758,-0.22817075751267404,-0.009516966748748685,-0.452819986177043,-0.6657717773139513,0.6657166939210568,0.46970669380379215,-0.4696659731643134,0.8129884460709089,-0.3219092011401127,0.2616561667746848,0.23412833595608804,-0.9382603855222102,-0.2889281418202594,-0.2616942991709903,0.9934691459788308,0.32143204704993344,-0.992232390891594,-0.3210059757304386,0.9345607875907157,0.32082524281632135,0.3208252428163218,-0.8236631446997777,-0.32071440546161595,-0.32071440546161684,0.823720369445753,0.3206770784945385,0.2466542606160994,0.4697066938037855
0.737664541119276,0.23410086183253886,-0.9477418972794216,0.6515225267604402,-0.8129764689902379,-0.45280822328269005,-1.0000019029680758,1.000000004378761,0.22817433487405905,0.009514106267763106,0.45282407583558143,0.6657718405232598,-0.6657167567990938,-0.46970570755422514,0.4696649867073963,-0.8129885702747139,0.3219075367990298,-0.2616598313792292,-0.23413192908936067,0.938264516532458,0.2889318748044877,0.2616979638721456,-0.9934727905649311,-0.321430380644876,0.9922353417852724,0.3210043074801472,-0.9345628766749711,-0.32082357378136644,-0.3208235737813667,0.8236642526718522,0.3207127359456472,0.3207127359456484,-0.8237214778508624,-0.32067540881639445,-0.24665228058120445,-0.46970570755421864
-0.4890428045415999,0.999980310416456,-0.5268667645971493,0.8872812044594425,-0.7524314572803963,-0.9714091091507127,-0.22817075751267404,0.22817433487405905,1.0000000039709793,-0.9714102431755776,0.9714030496913405,-0.5745657782426831,0.5746277636077685,0.7523627546687613,-0.7523958445217154,0.3814210726814191,-0.8483410135689379,-0.9994048424744301,-0.9999823161872277,0.5508753287533036,0.9980157591537905,0.9994031059175087,-0.33772383044897153,0.8486080156032658,0.10531814725714761,-0.848847161239372,0.13317156223933155,0.8489492301150008,0.8489492301149982,-0.364184934961048,-0.8490117618712177,-0.8490117618712205,0.36409092804292237,0.8490328823758737,0.887265443711491,0.7523627546687641
0.6821560699941569,-0.9699399688856007,0.3100023439276641,-0.7524007796048621,0.5745315176888262,0.8872632557487834,-0.009516966748748685,0.009514106267763106,-0.9714102431755776,1.0000000040369732,-0.8872522380142549,0.7524605935274958,-0.7525108228225197,-0.8872541672679511,0.8872782220014085,-0.5899920471900848,0.9497865712270247,0.9626284460747514,0.9699344528981998,-0.3369714242641568,-0.9545512708465718,-0.9626173636203316,0.10459166327004996,-0.949944436482284,0.13379829269827262,0.9500861489087993,-0.364674673663022,-0.950146905070288,-0.9501469050702865,0.5748928474107932,0.9501840994221383,0.950184099422142,-0.5748102526595458,-0.9501966886513985,-0.971411276551015,-0.8872541672679517
-0.26794709783813736,0.9728252265730664,-0.7136067481698821,0.9714178701471868,-0.8873030425193857,-0.9999974413968615,-0.452819986177043,0.45282407583558143,0.9714030496913405,-0.8872522380142549,0.9999999970311739,-0.3637975647128862,0.36386776131791243,0.574430541654981,-0.5744707744258898,0.1510226088649107,-0.6983666301552854,-0.9790190818390714,-0.9728346397695381,0.7332813963265258,0.9843978935282561,0.9790267909960205,-0.5515510332957998,0.698727502662626,0.3384231053495066,-0.6990504079231753,-0.10596083279141626,0.6991879535260379,0.6991879535260357,-0.13263529600032817,-0.6992722473129533,-0.6992722473129559,0.13253525333420488,0.6993006914860537,0.7523643822084899,0.5744305416549849
0.9948942219256485,-0.5695643836244728,-0.3929271372704252,-0.1322963882083437,-0.10677304344065316,0.3638162275988637,-0.6657717773139513,0.6657718405232598,-0.5745657782426831,0.7524605935274958,-0.3637975647128862,1.0000000009120498,-1.0000015741873194,-0.9714402805977197,0.9714314084732389,-0.9757365334264172,0.9207513242078018,0.5459563762520369,0.5695398046428009,0.36656063472194744,-0.521966036079877,-0.545922989978542,-0.5763239737232614,-0.9205548339856969,0.7533930408379423,0.9203799374376702,-0.8876835899284633,-0.9203062294975739,-0.9203062294975728,0.971500804720006,0.920260978168354,0.9202609781683572,-0.9714768657460897,-0.9202457859238967,-0.8873198672508543,-0.9714402805977166
-0.9948878572875267,0.5696266236266062,0.3928587397699265,0.1323707810056728,0.10669870742298762,-0.36388642388325315,0.6657166939210568,-0.6657167567990938,0.5746277636077685,-0.7525108228225197,0.36386776131791243,-1.0000015741873194,1.0000000026247353,0.9714592157585645,-0.9714494429650393,0.9757213052253004,-0.9207816459375202,-0.5460197764869049,-0.5696020460904273,-0.3664913949579289,0.5220305417427176,0.5459863917689299,0.5762634612978652,0.9205851902374522,-0.7533446972959807,-0.9204103245534,0.8876501697830599,0.9203366297379656,0.9203366297379649,-0.9714833128352113,-0.9202913864543396,-0.920291386454344,0.9714602706431947,0.9202761969226241,0.8873554683232828,0.9714592157585599
-0.9425355460151749,0.7483299835563163,0.1635076587035749,0.36371530492497917,-0.1322019538974129,-0.57444758160142,0.46970669380379215,-0.46970570755422514,0.7523627546687613,-0.8872541672679511,0.574430541654981,-0.9714402805977197,0.9714592157585645,0.9999999987377537,-0.9999997771739199,0.8959152275663174,-0.9870258289710481,-0.7291618883620656,-0.748310782293711,-0.13532578236419548,0.7094501889977669,0.7291345134681579,0.36595239884251624,0.9869450882927765,-0.5758465825267116,-0.9868736516686183,0.7530736730545959,0.9868439178457341,0.9868439178457316,-0.8875090531384874,-0.9868256254186265,-0.9868256254186306,0.8874625316450718,0.9868195208267043,0.9714027262336086,0.9999982290030253
0.9425220111013292,-0.7483632801605836,-0.163461267913663,-0.3637603786854839,0.13224929186778334,0.5744878139919567,-0.4696659731643134,0.4696649867073963,-0.7523958445217154,0.8872782220014085,-0.5744707744258898,0.9714314084732389,-0.9714494429650393,-0.9999997771739199,1.0000000022350604,-0.8958963549768157,0.987035862641232,0.7291961348697048,0.7483440800354894,0.13527912046815754,-0.7094853549421688,-0.729168761266846,-0.3659091563458427,-0.9869551453645958,0.5758092179719249,0.9868837296552507,-0.7530443139664582,-0.9868540047197519,-0.9868540047197513,0.8874893743188448,0.9868357177414041,0.9868357177414087,-0.887442848463838,-0.9868296149860212,-0.9714154663166618,-0.9999997771739195
-0.9928471000300279,0.3757790547155729,0.5847324524788606,-0.08794023921279778,0.3218805003610609,-0.15104182463464957,0.8129884460709089,-0.8129885702747139,0.3814210726814191,-0.5899920471900848,0.1510226088649107,-0.9757365334264172,0.9757213052253004,0.8959152275663174,-0.8958963549768157,1.000000000051577,-0.8129885536280822,-0.34926917117415396,-0.3757507576259802,-0.5613757201209334,0.3225451200543651,0.34923192790768387,0.741269608279878,0.8126961066409644,-0.8790864908619833,-0.8124345962791054,0.9669600317171531,0.8123240425574811,0.8123240425574803,-0.999826998168684,-0.8122562056704189,-0.8122562056704223,0.9998251088653487,0.8122333968755584,0.7648177597966646,0.8959152275663134
0.8766817557194738,-0.8450936992350563,-0.0030346401630932307,-0.5085164219106874,0.2895902088995164,0.6983820220481375,-0.3219092011401127,0.3219075367990298,-0.8483410135689379,0.9497865712270247,-0.6983666301552854,0.9207513242078018,-0.9207816459375202,-0.9870258289710481,0.987035862641232,-0.8129885536280822,0.9999999900785937,0.8295479822699601,0.8450787557834826,-0.025465250048036753,-0.8133662167132353,-0.8295255577652777,-0.2118274367058275,-0.9999853419415856,0.43714886955373716,0.9999871026254564,-0.6376980353735828,-0.9999880756233175,-0.9999880756233165,0.8020335841060805,0.9999886104679281,0.9999886104679317,-0.8019732886953648,-0.9999888504234257,-0.9969141091460245,-0.9870258289710471
0.4586269606462517,-0.9995891046531634,0.5559017320535707,-0.9026762054792123,0.7747254523474716,0.9790254226514657,0.2616561667746848,-0.2616598313792292,-0.9994048424744301,0.9626284460747514,-0.9790190818390714,0.5459563762520369,-0.5460197764869049,-0.7291618883620656,0.7291961348697048,-0.34926917117415396,0.8295479822699601,0.9999999978848565,0.9995930990530243,-0.5793654177653497,-0.9995864327894947,-0.9999957592383261,0.3700251951974899,-0.8298295872223671,-0.13959610743153833,0.830081766096079,-0.09886580579982242,-0.8301893580206123,-0.8301893580206107,0.3318042574678975,0.8302552774279469,0.8302552774279506,-0.3317090381181879,-0.8302775382652172,-0.8708032388270363,-0.7291618883620675
0.48368933913415413,-0.9999934677249785,0.5320599414865433,-0.890085374514627,0.7564479206526161,0.9728414935191163,0.23412833595608804,-0.23413192908936067,-0.9999823161872277,0.9699344528981998,-0.9728346397695381,0.5695398046428009,-0.5696020460904273,-0.748310782293711,0.7483440800354894,-0.3757507576259802,0.8450787557834826,0.9995930990530243,0.999999997555431,-0.5559738719510187,-0.9983775926924373,-0.9995916048858434,0.34348054464155714,-0.845348369810678,-0.11140605170030805,0.8455898467420776,-0.1270985902076203,-0.8456929036030808,-0.8456929036030789,0.3584726115300387,0.8457560413498045,0.8457560413498064,-0.3583783817682412,-0.8457773658456207,-0.8844197955809687,-0.7483107822937126
0.4585714676282211,0.5559465287128862,-0.9995837327689443,0.8737170834868294,-0.9642041135506205,-0.7332702816953409,-0.9382603855222102,0.938264516532458,0.5508753287533036,-0.3369714242641568,0.7332813963265258,0.36656063472194744,-0.3664913949579289,-0.13532578236419548,0.13527912046815754,-0.5613757201209334,-0.025465250048036753,-0.5793654177653497,-0.5559738719510187,0.9999999932686273,0.602249291350905,0.5793974876835821,-0.9715844544575897,0.025969126305231835,0.8879546041909723,-0.026419317671900217,-0.7537866165295034,0.026610504692319407,0.026610504692318297,0.5766497844807448,-0.026727730593098707,-0.026727730593099144,-0.5767322366241534,0.026767230908011017,0.10380272323518537,-0.13532578236418952
-0.4332309862253531,0.9983736143676861,-0.5792542208978765,0.914513435350759,-0.7923435927824616,-0.9844037170507723,-0.2889281418202594,0.2889318748044877,0.9980157591537905,-0.9545512708465718,0.9843978935282561,-0.521966036079877,0.5220305417427176,0.7094501889977669,-0.7094853549421688,0.3225451200543651,-0.8133662167132353,-0.9995864327894947,-0.9983775926924373,0.602249291350905,0.9999999875436247,0.9995880917457493,-0.39622742656653703,0.8136604690174262,0.16762850444899619,-0.8139231280501528,0.07059687793288287,0.8140351604629635,0.8140351604629615,-0.30490793028989227,-0.8141038035816723,-0.8141038035816754,0.30481180031481353,0.8141269811957952,0.8565000545752091,0.7094501889977695
-0.45859159395961846,0.9995885133989625,-0.55593445152216,0.9026929168767344,-0.7747502107775331,-0.9790331310892045,-0.2616942991709903,0.2616979638721456,0.9994031059175087,-0.9626173636203316,0.9790267909960205,-0.545922989978542,0.5459863917689299,0.7291345134681579,-0.729168761266846,0.34923192790768387,-0.8295255577652777,-0.9999957592383261,-0.9995916048858434,0.5793974876835821,0.9995880917457493,0.9999999973600494,-0.37006185594746144,0.8298071791636559,0.13963527679595147,-0.8300593727142308,0.09882635461203103,0.8301669708575661,0.8301669708575643,-0.33176677012975,-0.8302328940793622,-0.8302328940793655,0.331671549490814,0.83025515620056,0.8707834444890139,0.7291345134681608
-0.6558434506410066,-0.3434502757647745,0.9779351923996408,-0.7337866821113053,0.8740753152048631,0.5515365237165685,0.9934691459788308,-0.9934727905649311,-0.33772383044897153,0.10459166327004996,-0.5515510332957998,-0.5763239737232614,0.5762634612978652,0.36595239884251624,-0.3659091563458427,0.741269608279878,-0.2118274367058275,0.3700251951974899,0.34348054464155714,-0.9715844544575897,-0.39622742656653703,-0.37006185594746144,0.9999999922815082,0.21133487513870886,-0.9715684009131225,-0.21089496053236859,0.8878788407499822,0.21070828206631892,0.21070828206631956,-0.7536083410722195,-0.21059380595849625,-0.21059380595849686,0.7536746746591098,0.21055524635168898,0.13451571449112207,0.3659523988425101
-0.8764394316945054,0.8453632992930753,0.0025306073864590248,0.5089505086735018,-0.2900726945676049,-0.6987428887663467,0.32143204704993344,-0.321430380644876,0.8486080156032658,-0.949944436482284,0.698727502662626,-0.9205548339856969,0.9205851902374522,0.9869450882927765,-0.9869551453645958,0.8126961066409644,-0.9999853419415856,-0.8298295872223671,-0.845348369810678,0.025969126305231835,0.8136604690174262,0.8298071791636559,0.21133487513870886,0.9999999904967556,-0.436695619350427,-0.9999868457650334,0.6373098915605035,0.9999888192826415,0.9999888192826404,-0.8017326706875643,-0.9999894132153583,-0.9999894132153611,0.8016723344771874,0.9999896730803665,0.9969538126274196,0.9869450882927747
0.8158983342416488,0.11137457660903151,-0.9007012332048144,0.5521137063492887,-0.734244249258117,-0.33840602447704915,-0.992232390891594,0.9922353417852724,0.10531814725714761,0.13379829269827262,0.3384231053495066,0.7533930408379423,-0.7533446972959807,-0.5758465825267116,0.5758092179719249,-0.8790864908619833,0.43714886955373716,-0.13959610743153833,-0.11140605170030805,0.8879546041909723,0.16762850444899619,0.13963527679595147,-0.9715684009131225,-0.436695619350427,0.9999999937125202,0.4362909858310791,-0.9715479972089309,-0.43611942658717706,-0.4361194265871772,0.8877878190088092,0.4360142070065486,0.4360142070065501,-0.8878342595632019,-0.43597877981045646,-0.36525699726124766,-0.5758465825267056
0.8762235550893076,-0.845604763755042,-0.0020802963586568804,-0.5093386906448296,0.2905039621252992,0.6990657888662192,-0.3210059757304386,0.3210043074801472,-0.848847161239372,0.9500861489087993,-0.6990504079231753,0.9203799374376702,-0.9204103245534,-0.9868736516686183,0.9868837296552507,-0.8124345962791054,0.9999871026254564,0.830081766096079,0.8455898467420776,-0.026419317671900217,-0.8139231280501528,-0.8300593727142308,-0.21089496053236859,-0.9999868457650334,0.4362909858310791,0.9999999921857021,-0.6369635673956302,-0.9999892874414943,-0.9999892874414933,0.8014643962782404,0.9999908383169753,0.9999908383169801,-0.8014040235742413,-0.9999911159695343,-0.9969899902757401,-0.9868736516686175
-0.9296127629884413,0.12712948181736322,0.7722076472388881,-0.33896520330370544,0.5525956859661201,0.10594215108423997,0.9345607875907157,-0.9345628766749711,0.13317156223933155,-0.364674673663022,-0.10596083279141626,-0.8876835899284633,0.8876501697830599,0.7530736730545959,-0.7530443139664582,0.9669600317171531,-0.6376980353735828,-0.09886580579982242,-0.1270985902076203,-0.7537866165295034,0.07059687793288287,0.09882635461203103,0.8878788407499822,0.6373098915605035,-0.9715479972089309,-0.6369635673956302,0.9999999963148528,0.6368168911184271,0.6368168911184272,-0.9715266829226595,-0.6367269162936968,-0.6367269162936986,0.9715514851967283,0.6366966377378238,0.5753171358234767,0.7530736730545907
-0.8761324183206699,0.8457078153300839,0.0018890758889492196,0.5095038400026671,-0.2906872741729525,-0.6992033322869826,0.32082524281632135,-0.32082357378136644,0.8489492301150008,-0.950146905070288,0.6991879535260379,-0.9203062294975739,0.9203366297379656,0.9868439178457341,-0.9868540047197519,0.8123240425574811,-0.9999880756233175,-0.8301893580206123,-0.8456929036030808,0.026610504692319407,0.8140351604629635,0.8301669708575661,0.21070828206631892,0.9999888192826415,-0.43611942658717706,-0.9999892874414943,0.6368168911184271,0.9999999938588295,0.9999913836164176,-0.8013509635652667,-0.9999911486045602,-0.9999920527569777,0.8012905753278186,0.9999923379630761,0.9970059603377553,0.9868439178457316
-0.8761324183206689,0.8457078153300825,0.0018890758889502672,0.5095038400026651,-0.2906872741729511,-0.699203332286981,0.3208252428163218,-0.3208235737813667,0.8489492301149982,-0.9501469050702865,0.6991879535260357,-0.9203062294975728,0.9203366297379649,0.9868439178457316,-0.9868540047197513,0.8123240425574803,-0.9999880756233165,-0.8301893580206107,-0.8456929036030789,0.026610504692318297,0.8140351604629615,0.8301669708575643,0.21070828206631956,0.9999888192826404,-0.4361194265871772,-0.9999892874414933,0.6368168911184272,0.9999913836164176,0.9999999938588295,-0.801350963565266,-0.9999920527569712,-0.9999911486045615,0.8012905753278187,0.9999923379630745,0.997005960337754,0.9868439178457311
0.9904579770851905,-0.3585011608683859,-0.599699070676578,0.10642732071766356,-0.33941044030143774,0.13265451576936402,-0.8236631446997777,0.8236642526718522,-0.364184934961048,0.5748928474107932,-0.13263529600032817,0.971500804720006,-0.9714833128352113,-0.8875090531384874,0.8874893743188448,-0.999826998168684,0.8020335841060805,0.3318042574678975,0.3584726115300387,0.5766497844807448,-0.30490793028989227,-0.33176677012975,-0.7536083410722195,-0.8017326706875643,0.8877878190088092,0.8014643962782404,-0.9715266829226595,-0.8013509635652667,-0.801350963565266,0.9999999992557146,0.8012813620836342,0.8012813620836383,-0.9999980369578977,-0.8012579580612164,-0.7527189192044719,-0.8875090531384828
0.876076483121919,-0.8457709498347772,-0.0017718277185790675,-0.5096050709225524,0.290799655175423,0.6992876247350095,-0.32071440546161595,0.3207127359456472,-0.8490117618712177,0.9501840994221383,-0.6992722473129533,0.920260978168354,-0.9202913864543396,-0.9868256254186265,0.9868357177414041,-0.8122562056704189,0.9999886104679281,0.8302552774279469,0.8457560413498045,-0.026727730593098707,-0.8141038035816723,-0.8302328940793622,-0.21059380595849625,-0.9999894132153583,0.4360142070065486,0.9999908383169753,-0.6367269162936968,-0.9999911486045602,-0.9999920527569712,0.8012813620836342,0.9999999948224619,0.9999927356429005,-0.801220964325476,-0.9999921213280669,-0.9970156909124734,-0.9868256254186253
0.8760764831219229,-0.8457709498347814,-0.0017718277185787264,-0.5096050709225552,0.2907996551754244,0.6992876247350127,-0.32071440546161684,0.3207127359456484,-0.8490117618712205,0.950184099422142,-0.6992722473129559,0.9202609781683572,-0.920291386454344,-0.9868256254186306,0.9868357177414087,-0.8122562056704223,0.9999886104679317,0.8302552774279506,0.8457560413498064,-0.026727730593099144,-0.8141038035816754,-0.8302328940793655,-0.21059380595849686,-0.9999894132153611,0.4360142070065501,0.9999908383169801,-0.6367269162936986,-0.9999920527569777,-0.9999911486045615,0.8012813620836383,0.9999927356429005,0.9999999948224619,-0.8012209643254786,-0.9999921213280664,-0.9970156909124773,-0.9868256254186292
-0.9904440546367387,0.35840693244871724,0.5997798302843823,-0.10652767865961194,0.3395053760312048,-0.1325544731050062,0.823720369445753,-0.8237214778508624,0.36409092804292237,-0.5748102526595458,0.13253525333420488,-0.9714768657460897,0.9714602706431947,0.8874625316450718,-0.887442848463838,0.9998251088653487,-0.8019732886953648,-0.3317090381181879,-0.3583783817682412,-0.5767322366241534,0.30481180031481353,0.331671549490814,0.7536746746591098,0.8016723344771874,-0.8878342595632019,-0.8014040235742413,0.9715514851967283,0.8012905753278186,0.8012905753278187,-0.9999980369578977,-0.801220964325476,-0.8012209643254786,0.9999999992421392,0.80119755709149,0.7526524596609139,0.8874625316450669
-0.8760576883579796,0.8457922732390969,0.001732321602675175,0.5096392106520212,-0.29083753880094004,-0.6993160684578973,0.3206770784945385,-0.32067540881639445,0.8490328823758737,-0.9501966886513985,0.6993006914860537,-0.9202457859238967,0.9202761969226241,0.9868195208267043,-0.9868296149860212,0.8122333968755584,-0.9999888504234257,-0.8302775382652172,-0.8457773658456207,0.026767230908011017,0.8141269811957952,0.83025515620056,0.21055524635168898,0.9999896730803665,-0.43597877981045646,-0.9999911159695343,0.6366966377378238,0.9999923379630761,0.9999923379630745,-0.8012579580612164,-0.9999921213280669,-0.9999921213280664,0.80119755709149,0.999999995236727,0.9970190291485294,0.986819520826705
-0.8362538979944495,0.8844325176885307,-0.07541548270581215,0.5744963717394487,-0.3637805118118022,-0.7523788238911914,0.2466542606160994,-0.24665228058120445,0.887265443711491,-0.971411276551015,0.7523643822084899,-0.8873198672508543,0.8873554683232828,0.9714027262336086,-0.9714154663166618,0.7648177597966646,-0.9969141091460245,-0.8708032388270363,-0.8844197955809687,0.10380272323518537,0.8565000545752091,0.8707834444890139,0.13451571449112207,0.9969538126274196,-0.36525699726124766,-0.9969899902757401,0.5753171358234767,0.9970059603377553,0.997005960337754,-0.7527189192044719,-0.9970156909124734,-0.9970156909124773,0.7526524596609139,0.9970190291485294,1.0000000033111929,0.971402726233608
-0.9425355460151708,0.7483299835563189,0.16350765870356884,0.3637153049249844,-0.13220195389741848,-0.5744475816014237,0.4697066938037855,-0.46970570755421864,0.7523627546687641,-0.8872541672679517,0.5744305416549849,-0.9714402805977166,0.9714592157585599,0.9999982290030253,-0.9999997771739195,0.8959152275663134,-0.9870258289710471,-0.7291618883620675,-0.7483107822937126,-0.13532578236418952,0.7094501889977695,0.7291345134681608,0.3659523988425101,0.9869450882927747,-0.5758465825267056,-0.9868736516686175,0.7530736730545907,0.9868439178457316,0.9868439178457311,-0.8875090531384828,-0.9868256254186253,-0.9868256254186292,0.8874625316450669,0.986819520826705,0.971402726233608,0.9999999987377537
