0.9999999834227834,-0.9999782136542046,0.999980431407279,0.9999769126703201,0.9999890471289914,-0.9999884136940738,-0.9999894748087684,0.9999887494037584,0.9999874953188401,-0.9999837919034715,-0.999990459457696,-0.9999918037987455,0.9999912799870965,0.999992568958155,-0.9999935505504696,-0.9999935505504649,0.9999941593289947,0.9999941593289993,-0.9999943656312711
-0.9999782136542046,0.9999999845884379,-0.9999817323940781,-0.9999782136542065,-0.9999898588506351,0.9999892254151642,0.9999902865307826,-0.9999895611251384,-0.9999883070391276,0.9999846036206912,0.9999912711804032,0.9999926155225781,-0.9999920917104895,-0.9999933806825785,0.9999943622756919,0.999994362275687,-0.9999949710547137,-0.9999949710547188,0.9999951773571605
0.999980431407279,-0.9999817323940781,0.999999988475855,0.9999804314072785,0.9999925659085322,-0.9999919324715615,-0.9999929935896955,0.999992268182334,0.9999910140933725,-0.9999877999372332,-0.9999939782430104,-0.99999532258875,0.9999947987752847,0.9999960877512047,-0.9999970693470908,-0.9999970693470861,0.9999976781278322,0.9999976781278362,-0.9999978844308601
0.9999769126703201,-0.9999782136542065,0.9999804314072785,0.9999999834227834,0.9999890471289906,-0.9999884136940727,-0.9999894748087677,0.9999887494037567,0.9999874953188398,-0.9999837919034699,-0.9999904594576944,-0.9999918037987442,0.9999912799870951,0.9999925689581556,-0.999993550550469,-0.9999935505504639,0.9999941593289936,0.9999941593289979,-0.999994365631272
0.9999890471289914,-0.9999898588506351,0.9999925659085322,0.9999890471289906,1.0000000008485073,-1.0000010375593882,-1.0000020986826723,1.0000008839994217,0.9999996299046189,-0.9999959264449163,-1.0000025940823591,-1.0000039384384805,1.0000034146211088,1.0000047036112651,-1.0000056852164625,-1.0000056852164578,1.0000062940029875,1.0000062940029921,-1.0000065003079757
-0.9999884136940738,0.9999892254151642,-0.9999919324715615,-0.9999884136940727,-1.0000010375593882,0.9999999999388587,1.0000009759704944,-1.0000007398316284,-0.9999994857361504,0.9999952930061143,1.0000019606389978,1.0000033049946557,-1.0000027811774261,-1.0000040701659008,1.0000050517702603,1.0000050517702552,-1.0000056605562628,-1.0000056605562668,1.0000058668610745
-0.9999894748087684,0.9999902865307826,-0.9999929935896955,-0.9999894748087677,-1.0000020986826723,1.0000009759704944,1.000000001462679,-1.0000013116827897,-1.0000000575884076,0.9999963541273287,1.0000030217678408,1.0000043661242854,-1.000003842306815,-1.0000051312980835,1.0000061129038442,1.0000061129038407,-1.0000067216907202,-1.000006721690725,1.0000069279958284
0.9999887494037584,-0.9999895611251384,0.999992268182334,0.9999887494037567,1.0000008839994217,-1.0000007398316284,-1.0000013116827897,1.0000000004209566,0.999999332176612,-0.9999956287178613,-1.0000022963531614,-1.0000036407090667,1.00000311689176,1.000004405881121,-1.000005387485925,-1.0000053874859207,1.000005996272202,1.000005996272207,-1.00000620257711
0.9999874953188401,-0.9999883070391276,0.9999910140933725,0.9999874953188398,0.9999996299046189,-0.9999994857361504,-1.0000000575884076,0.999999332176612,0.9999999986200185,-0.9999948638976526,-1.0000015315239166,-1.0000023866065642,1.0000018627895242,1.0000031517755013,-1.0000041333786291,-1.000004133378623,1.0000047421638631,1.0000047421638683,-1.0000049484684146
-0.9999837919034715,0.9999846036206912,-0.9999877999372332,-0.9999837919034699,-0.9999959264449163,0.9999952930061143,0.9999963541273287,-0.9999956287178613,-0.9999948638976526,0.999999993301703,0.9999973387853351,0.9999986831354841,-0.99999815932032,-0.9999994483010278,1.0000004299003615,1.0000004299003555,-1.00000103868324,-1.0000010386832445,1.0000012449869922
-0.999990459457696,0.9999912711804032,-0.9999939782430104,-0.9999904594576944,-1.0000025940823591,1.0000019606389978,1.0000030217678408,-1.0000022963531614,-1.0000015315239166,0.9999973387853351,1.0000000028767069,1.000005350790861,-1.000005316244439,-1.0000066052335714,1.0000070975671118,1.0000070975671054,-1.0000077063540667,-1.0000077063540727,1.0000079126592019
-0.9999918037987455,0.9999926155225781,-0.99999532258875,-0.9999918037987442,-1.0000039384384805,1.0000033049946557,1.0000043661242854,-1.0000036407090667,-1.0000023866065642,0.9999986831354841,1.000005350790861,1.0000000048072681,-1.0000066606048539,-1.0000074603238522,1.000008441931214,1.0000084419312099,-1.0000090507190762,-1.0000090507190804,1.0000092570245178
0.9999912799870965,-0.9999920917104895,0.9999947987752847,0.9999912799870951,1.0000034146211088,-1.0000027811774261,-1.000003842306815,1.00000311689176,1.0000018627895242,-0.99999815932032,-1.000005316244439,-1.0000066606048539,1.00000000405504,1.0000069365037683,-1.0000079181105535,-1.0000079181105486,1.000008526898053,1.000008526898059,-1.0000087332033742
0.999992568958155,-0.9999933806825785,0.9999960877512047,0.9999925689581556,1.0000047036112651,-1.0000040701659008,-1.0000051312980835,1.000004405881121,1.0000031517755013,-0.9999994483010278,-1.0000066052335714,-1.0000074603238522,1.0000069365037683,1.000000005906088,-1.000009696375088,-1.0000096963750889,1.0000098158908721,1.000009815890877,-1.000010022196409
-0.9999935505504696,0.9999943622756919,-0.9999970693470908,-0.999993550550469,-1.0000056852164625,1.0000050517702603,1.0000061129038442,-1.000005387485925,-1.0000041333786291,1.0000004299003615,1.0000070975671118,1.000008441931214,-1.0000079181105535,-1.000009696375088,1.0000000073157214,1.0000101887114692,-1.0000112867725472,-1.0000107975001922,1.000011003805917
-0.9999935505504649,0.999994362275687,-0.9999970693470861,-0.9999935505504639,-1.0000056852164578,1.0000050517702552,1.0000061129038407,-1.0000053874859207,-1.000004133378623,1.0000004299003555,1.0000070975671054,1.0000084419312099,-1.0000079181105486,-1.0000096963750889,1.0000101887114692,1.0000000073157214,-1.0000107975001824,-1.0000112867725488,1.0000110038059122
0.9999941593289947,-0.9999949710547137,0.9999976781278322,0.9999941593289936,1.0000062940029875,-1.0000056605562628,-1.0000067216907202,1.000005996272202,1.0000047421638631,-1.00000103868324,-1.0000077063540667,-1.0000090507190762,1.000008526898053,1.0000098158908721,-1.0000112867725472,-1.0000107975001824,1.0000000081899691,1.000011406289259,-1.0000121018674695
0.9999941593289993,-0.9999949710547188,0.9999976781278362,0.9999941593289979,1.0000062940029921,-1.0000056605562668,-1.000006721690725,1.000005996272207,1.0000047421638683,-1.0000010386832445,-1.0000077063540727,-1.0000090507190804,1.000008526898059,1.000009815890877,-1.0000107975001922,-1.0000112867725488,1.000011406289259,1.0000000081899691,-1.0000121018674701
-0.9999943656312711,0.9999951773571605,-0.9999978844308601,-0.999994365631272,-1.0000065003079757,1.0000058668610745,1.0000069279958284,-1.00000620257711,-1.0000049484684146,1.0000012449869922,1.0000079126592019,1.0000092570245178,-1.0000087332033742,-1.000010022196409,1.000011003805917,1.0000110038059122,-1.0000121018674695,-1.0000121018674701,1.0000000084862337
