0.9999999991027892,-0.8090160459496576,-0.8090135697379498,0.3090032778030866,0.8090204484439302,0.3090227720148691,0.8090076338990088,-0.809006634618794,-0.809003614983158,0.8089943710336454,-0.8089945656191772,-0.808994277122832,0.8089947323172451,0.8089947323172411,-0.30898824323771584,-0.3090240160385622,0.30898177592557374,0.3089817759255722,0.8090004291633207,-0.808997924550305,0.8089959780654816,0.8090231019553916,-0.8090222486095104,0.8090231019553933,-0.8090222486095023,-0.30897773405239987,-0.3089777340524007,0.3089763569077495,-0.8089951785933983,-0.8089951785933962
-0.8090160459496576,1.0000000014695425,0.3090122931663939,-0.8090114756614712,-1.0000021428699903,0.3090129833589328,-0.30900396896453614,0.3090030969939918,0.3089973232352913,-0.3089773693999994,0.3089782687391422,0.3089769268084067,-0.30897896527831015,-0.30897896527830687,0.8090020799842932,-0.30901178916250893,-0.8089980262420072,-0.808998026242006,-0.30899149803833786,0.30898643793182395,-0.3089820908991358,-1.0000017762921178,1.0000019227488905,-1.0000017762921185,1.0000019227488828,0.8089954442591333,0.8089954442591357,-0.8089945575890374,0.3089802248527559,0.3089802248527539
-0.8090135697379498,0.3090122931663939,0.9999999969107947,0.30903242018017113,-0.30901965957367095,-0.8090197320440362,-0.9999947203007379,0.9999938502983597,0.9999947381803492,-0.9999997349723124,0.999999150481208,1.0000000256120076,-0.9999987236666711,-0.9999987236666681,-0.3090474759979021,0.809020425611754,0.3090538865657419,0.3090538865657421,-0.9999954086096081,0.9999964161632185,-0.9999976137128517,-0.3090241945021652,0.30902266730788336,-0.30902419450216456,0.3090226673078797,-0.30905784445823875,-0.3090578444582394,0.30905918605065325,0.9999981861841286,0.9999981861841283
0.3090032778030866,-0.8090114756614712,0.30903242018017113,1.0000000011160985,0.8090067571626084,-0.8090215661660335,-0.30904007821889584,0.3090404898036544,0.30904681227217395,-0.30906985420730926,0.30906859363276507,0.30907047642415375,-0.30906763330795484,-0.30906763330795595,-1.0000017230929557,0.8090207528495732,1.000001506294262,1.0000015062942589,-0.3090530517829965,0.3090587345668456,-0.3090638217080505,0.8090037129018269,-0.8090048032325546,0.8090037129018299,-0.8090048032325493,-1.0000013704861839,-1.0000013704861879,1.0000013129871343,0.3090660415540992,0.3090660415541013
0.8090204484439302,-1.0000021428699903,-0.30901965957367095,0.8090067571626084,1.0000000014115842,-0.3090055918394522,0.30901133538448183,-0.30901046341015803,-0.30900468967344885,0.3089847359296605,-0.3089856352617782,-0.30898429334154687,0.3089863317957071,0.30898633179570395,-0.8089974864922288,0.3090043976393935,0.8089934327080175,0.8089934327080158,0.30899886449685704,-0.3089938044114518,0.3089894573995708,1.0000017357684756,-1.0000020073183777,1.0000017357684785,-1.0000020073183755,-0.8089908506994743,-0.808990850699476,0.8089899640207099,-0.30898759136258663,-0.3089875913625845
0.3090227720148691,0.3090129833589328,-0.8090197320440362,-0.8090215661660335,-0.3090055918394522,0.999999998570098,0.8090236737372459,-0.8090234677390845,-0.8090279239452933,0.8090452526976638,-0.8090441123925343,-0.8090458168700003,0.8090432550994312,0.809043255099431,0.8090307674550423,-0.9999982028757286,-0.809034672718242,-0.8090346727182409,0.8090321944886567,-0.8090363293121547,0.8090402134348699,-0.3090009076708474,0.30900252538050593,-0.3090009076708489,0.30900252538050504,0.8090370348866386,0.8090370348866415,-0.8090378284967593,-0.8090419391687336,-0.809041939168734
0.8090076338990088,-0.30900396896453614,-0.9999947203007379,-0.30904007821889584,0.30901133538448183,0.8090236737372459,0.9999999953719575,-0.9999928977228609,-0.9999937856574015,0.9999986575286363,-0.9999980730285514,-0.9999989481727659,0.9999976462071147,0.999997646207112,0.3090551339797204,-0.8090244924016273,-0.3090615445223903,-0.30906154452239115,0.999994331033393,-0.9999953386334975,0.9999965362236805,0.30901587032270755,-0.30901434312456766,0.3090158703227066,-0.30901434312456405,0.30906550239865604,0.30906550239865704,-0.30906684398546874,-0.9999971087124833,-0.9999971087124837
-0.809006634618794,0.3090030969939918,0.9999938502983597,0.3090404898036544,-0.30901046341015803,-0.8090234677390845,-0.9999928977228609,0.9999999943083598,0.9999929156659976,-0.9999979126549289,0.9999973281544798,0.9999982032992379,-0.9999969013327572,-0.9999969013327539,-0.30905554555004244,0.8090242864021713,0.30906195608649123,0.30906195608649156,-0.999993586151683,0.9999945937549041,-0.9999957913476145,-0.30901499834621954,0.3090134711487602,-0.30901499834621904,0.3090134711487567,-0.3090659139588625,-0.3090659139588638,0.3090672555443482,0.9999963638374816,0.9999963638374814
-0.809003614983158,0.3089973232352913,0.9999947381803492,0.30904681227217395,-0.30900468967344885,-0.8090279239452933,-0.9999937856574015,0.9999929156659976,0.9999999955762402,-0.9999988007823765,0.9999982162742058,0.9999990914304941,-0.9999977894465731,-0.9999977894465699,-0.3090618680010135,0.809028742602827,0.3090682785292769,0.30906827852927793,-0.9999945992779137,0.9999954818120212,-0.9999966794372939,-0.309009224624488,0.3090076974215512,-0.30900922462448716,0.30900769742154754,-0.3090722363960627,-0.3090722363960638,0.3090735779795778,0.9999972519413057,0.9999972519413052
0.8089943710336454,-0.3089773693999994,-0.9999997349723124,-0.30906985420730926,0.3089847359296605,0.8090452526976638,0.9999986575286363,-0.9999979126549289,-0.9999988007823765,1.0000000027118274,-1.0000033390232232,-1.0000042142219707,1.000002787067958,1.0000027870679553,0.30908490990134735,-0.8090460713370207,-0.3090913204122531,-0.30909132041225373,0.999999471455613,-1.0000004792280452,1.0000016769710565,0.30898927094211587,-0.308987743716962,0.3089892709421155,-0.30898774371695864,0.309095278266417,0.3090952782664178,-0.3090966198453763,-1.000002249526278,-1.0000022495262777
-0.8089945656191772,0.3089782687391422,0.999999150481208,0.30906859363276507,-0.3089856352617782,-0.8090441123925343,-0.9999980730285514,0.9999973281544798,0.9999982162742058,-1.0000033390232232,1.0000000018771935,1.0000035045786695,-1.0000023276400827,-1.0000023276400816,-0.30908364932354654,0.8090449310325244,0.3090900598331946,0.309090059833195,-0.9999988869398584,0.9999998947053176,-1.0000010924420384,-0.30899017026965714,0.3089886430461208,-0.30899017026965675,0.30898864304611734,-0.30909401768667905,-0.3090940176866802,0.30909535926542264,1.000001664994507,1.000001664994507
-0.808994277122832,0.3089769268084067,1.0000000256120076,0.30907047642415375,-0.30898429334154687,-0.8090458168700003,-0.9999989481727659,0.9999982032992379,0.9999990914304941,-1.0000042142219707,1.0000035045786695,1.000000003126852,-1.00000307772869,-1.0000030777286864,-0.3090855321198311,0.8090466355090488,0.30909194263137185,0.30909194263137224,-0.9999997621074691,1.000000769883337,-1.0000019676294487,-0.3089888283562658,0.3089873011303125,-0.308988828356265,0.3089873011303092,-0.3090959004858794,-0.30909590048588065,0.30909724206494793,1.0000025401860235,1.0000025401860235
0.8089947323172451,-0.30897896527831015,-0.9999987236666711,-0.30906763330795484,0.3089863317957071,0.8090432550994312,0.9999976462071147,-0.9999969013327572,-0.9999977894465731,1.000002787067958,-1.0000023276400827,-1.00000307772869,1.000000001267715,1.0000017756869775,0.3090826889965578,-0.8090440737399265,-0.30908909950537544,-0.3090890995053765,0.9999984601064189,-0.999999467866545,1.0000006655984561,0.3089908668001672,-0.3089893395778409,0.30899086680016685,-0.3089893395778371,0.30909305735842224,0.3090930573584238,-0.30909439893702817,-1.000001363254714,-1.0000012381488241
0.8089947323172411,-0.30897896527830687,-0.9999987236666681,-0.30906763330795595,0.30898633179570395,0.809043255099431,0.999997646207112,-0.9999969013327539,-0.9999977894465699,1.0000027870679553,-1.0000023276400816,-1.0000030777286864,1.0000017756869775,1.000000001267715,0.30908268899655883,-0.8090440737399248,-0.30908909950537694,-0.30908909950537766,0.9999984601064166,-0.9999994678665421,1.0000006655984532,0.3089908668001642,-0.3089893395778375,0.3089908668001636,-0.308989339577834,0.30909305735842396,0.30909305735842446,-0.30909439893702945,-1.0000012381488212,-1.0000013632547138
-0.30898824323771584,0.8090020799842932,-0.3090474759979021,-1.0000017230929557,-0.8089974864922288,0.8090307674550423,0.3090551339797204,-0.30905554555004244,-0.3090618680010135,0.30908490990134735,-0.30908364932354654,-0.3090855321198311,0.3090826889965578,0.30908268899655883,1.0000000011657817,-0.8090300792616169,-1.0000016664278373,-1.0000016664278406,0.3090681074911078,-0.30907379026264475,0.3090788773977237,-0.8089944421715489,0.8089955325221144,-0.80899444217155,0.8089955325221093,1.000001405580375,1.000001405580377,-1.0000013481039254,-0.3090810972419198,-0.3090810972419218
-0.3090240160385622,-0.30901178916250893,0.809020425611754,0.8090207528495732,0.3090043976393935,-0.9999982028757286,-0.8090244924016273,0.8090242864021713,0.809028742602827,-0.8090460713370207,0.8090449310325244,0.8090466355090488,-0.8090440737399265,-0.8090440737399248,-0.8090300792616169,0.9999999986852304,0.8090339845322276,0.8090339845322265,-0.8090330131404727,0.8090371479592269,-0.8090410320780398,0.3089997134687789,-0.3090013311790468,0.30899971346878097,-0.30900133117904516,-0.8090363467052817,-0.8090363467052846,0.8090371403169941,0.8090427578102589,0.8090427578102608
0.30898177592557374,-0.8089980262420072,0.3090538865657419,1.000001506294262,0.8089934327080175,-0.809034672718242,-0.3090615445223903,0.30906195608649123,0.3090682785292769,-0.3090913204122531,0.3090900598331946,0.30909194263137185,-0.30908909950537544,-0.30908909950537694,-1.0000016664278373,0.8090339845322276,1.000000001035043,1.0000014497820313,-0.3090745180098338,0.3090802007754948,-0.3090852879074081,0.8089903883620209,-0.8089914787209628,0.8089903883620234,-0.808991478720957,-1.0000014391748298,-1.0000013140689397,1.0000012566021699,0.3090875077505736,0.3090875077505756
0.3089817759255722,-0.808998026242006,0.3090538865657421,1.0000015062942589,0.8089934327080158,-0.8090346727182409,-0.30906154452239115,0.30906195608649156,0.30906827852927793,-0.30909132041225373,0.309090059833195,0.30909194263137224,-0.3090890995053765,-0.30908909950537766,-1.0000016664278406,0.8090339845322265,1.0000014497820313,1.000000001035043,-0.3090745180098344,0.30908020077549525,-0.30908528790740825,0.8089903883620193,-0.8089914787209608,0.808990388362021,-0.8089914787209554,-1.0000013140689366,-1.0000014391748315,1.0000012566021665,0.3090875077505741,0.3090875077505761
0.8090004291633207,-0.30899149803833786,-0.9999954086096081,-0.3090530517829965,0.30899886449685704,0.8090321944886567,0.999994331033393,-0.999993586151683,-0.9999945992779137,0.999999471455613,-0.9999988869398584,-0.9999997621074691,0.9999984601064189,0.9999984601064166,0.3090681074911078,-0.8090330131404727,-0.3090745180098338,-0.3090745180098344,0.9999999965336862,-0.9999962775216732,0.9999973500732906,0.30900339946186967,-0.30900187225379416,0.30900339946186917,-0.3090018722537908,0.3090784758702011,0.3090784758702017,-0.30907981745146307,-0.9999979225912945,-0.9999979225912949
-0.808997924550305,0.30898643793182395,0.9999964161632185,0.3090587345668456,-0.3089938044114518,-0.8090363293121547,-0.9999953386334975,0.9999945937549041,0.9999954818120212,-1.0000004792280452,0.9999998947053176,1.000000769883337,-0.999999467866545,-0.9999994678665421,-0.30907379026264475,0.8090371479592269,0.3090802007754948,0.30908020077549525,-0.9999962775216732,0.9999999979725295,-0.9999984829176707,-0.30899833939073285,0.30899681217746816,-0.30899833939073207,0.30899681217746455,-0.3090841586317591,-0.3090841586317599,0.3090855002115616,0.9999989303424457,0.9999989303424461
0.8089959780654816,-0.3089820908991358,-0.9999976137128517,-0.3090638217080505,0.3089894573995708,0.8090402134348699,0.9999965362236805,-0.9999957913476145,-0.9999966794372939,1.0000016769710565,-1.0000010924420384,-1.0000019676294487,1.0000006655984561,1.0000006655984532,0.3090788773977237,-0.8090410320780398,-0.3090852879074081,-0.30908528790740825,0.9999973500732906,-0.9999984829176707,0.9999999996826755,0.3089939923927747,-0.3089924651744854,0.30899399239277403,-0.30899246517448187,0.30908924576129854,0.3090892457612996,-0.3090905873402358,-1.0000002531722143,-1.000000253172215
0.8090231019553916,-1.0000017762921178,-0.3090241945021652,0.8090037129018269,1.0000017357684756,-0.3090009076708474,0.30901587032270755,-0.30901499834621954,-0.309009224624488,0.30898927094211587,-0.30899017026965714,-0.3089888283562658,0.3089908668001672,0.3089908668001642,-0.8089944421715489,0.3089997134687789,0.8089903883620209,0.8089903883620193,0.30900339946186967,-0.30899833939073285,0.3089939923927747,1.0000000010668662,-1.0000017658992275,1.0000014943573232,-1.0000016407933245,-0.8089878063380028,-0.808987806338004,0.8089869196540137,-0.30899212636205503,-0.3089921263620532
-0.8090222486095104,1.0000019227488905,0.30902266730788336,-0.8090048032325546,-1.0000020073183777,0.30900252538050593,-0.30901434312456766,0.3090134711487602,0.3090076974215512,-0.308987743716962,0.3089886430461208,0.3089873011303125,-0.3089893395778409,-0.3089893395778375,0.8089955325221144,-0.3090013311790468,-0.8089914787209628,-0.8089914787209608,-0.30900187225379416,0.30899681217746816,-0.3089924651744854,-1.0000017658992275,1.0000000012759582,-1.000001640793335,1.0000017872320737,0.808988896702057,0.8089888967020604,-0.8089880100197928,0.3089905991415109,0.30899059914150884
0.8090231019553933,-1.0000017762921185,-0.30902419450216456,0.8090037129018299,1.0000017357684785,-0.3090009076708489,0.3090158703227066,-0.30901499834621904,-0.30900922462448716,0.3089892709421155,-0.30899017026965675,-0.308988828356265,0.30899086680016685,0.3089908668001636,-0.80899444217155,0.30899971346878097,0.8089903883620234,0.808990388362021,0.30900339946186917,-0.30899833939073207,0.30899399239277403,1.0000014943573232,-1.000001640793335,1.0000000010668662,-1.0000017658992206,-0.8089878063380049,-0.8089878063380073,0.8089869196540155,-0.3089921263620547,-0.30899212636205237
-0.8090222486095023,1.0000019227488828,0.3090226673078797,-0.8090048032325493,-1.0000020073183755,0.30900252538050504,-0.30901434312456405,0.3090134711487567,0.30900769742154754,-0.30898774371695864,0.30898864304611734,0.3089873011303092,-0.3089893395778371,-0.308989339577834,0.8089955325221093,-0.30900133117904516,-0.808991478720957,-0.8089914787209554,-0.3090018722537908,0.30899681217746455,-0.30899246517448187,-1.0000016407933245,1.0000017872320737,-1.0000017658992206,1.0000000012759582,0.8089888967020524,0.8089888967020542,-0.8089880100197893,0.3089905991415073,0.30899059914150506
-0.30897773405239987,0.8089954442591333,-0.30905784445823875,-1.0000013704861839,-0.8089908506994743,0.8090370348866386,0.30906550239865604,-0.3090659139588625,-0.3090722363960627,0.309095278266417,-0.30909401768667905,-0.3090959004858794,0.30909305735842224,0.30909305735842396,1.000001405580375,-0.8090363467052817,-1.0000014391748298,-1.0000013140689366,0.3090784758702011,-0.3090841586317591,0.30908924576129854,-0.8089878063380028,0.808988896702057,-0.8089878063380049,0.8089888967020524,1.0000000008412762,1.000001178373546,-1.0000012460186851,-0.3090914656036466,-0.30909146560364836
-0.3089777340524007,0.8089954442591357,-0.3090578444582394,-1.0000013704861879,-0.808990850699476,0.8090370348866415,0.30906550239865704,-0.3090659139588638,-0.3090722363960638,0.3090952782664178,-0.3090940176866802,-0.30909590048588065,0.3090930573584238,0.30909305735842446,1.000001405580377,-0.8090363467052846,-1.0000013140689397,-1.0000014391748315,0.3090784758702017,-0.3090841586317599,0.3090892457612996,-0.808987806338004,0.8089888967020604,-0.8089878063380073,0.8089888967020542,1.000001178373546,1.0000000008412762,-1.0000012460186847,-0.3090914656036474,-0.3090914656036495
0.3089763569077495,-0.8089945575890374,0.30905918605065325,1.0000013129871343,0.8089899640207099,-0.8090378284967593,-0.30906684398546874,0.3090672555443482,0.3090735779795778,-0.3090966198453763,0.30909535926542264,0.30909724206494793,-0.30909439893702817,-0.30909439893702945,-1.0000013481039254,0.8090371403169941,1.0000012566021699,1.0000012566021665,-0.30907981745146307,0.3090855002115616,-0.3090905873402358,0.8089869196540137,-0.8089880100197928,0.8089869196540155,-0.8089880100197893,-1.0000012460186851,-1.0000012460186847,1.000000000759232,0.30909280718228005,0.3090928071822815
-0.8089951785933983,0.3089802248527559,0.9999981861841286,0.3090660415540992,-0.30898759136258663,-0.8090419391687336,-0.9999971087124833,0.9999963638374816,0.9999972519413057,-1.000002249526278,1.000001664994507,1.0000025401860235,-1.000001363254714,-1.0000012381488212,-0.3090810972419198,0.8090427578102589,0.3090875077505736,0.3090875077505741,-0.9999979225912945,0.9999989303424457,-1.0000002531722143,-0.30899212636205503,0.3089905991415109,-0.3089921263620547,0.3089905991415073,-0.3090914656036466,-0.3090914656036474,0.30909280718228005,1.0000000005001886,1.0000007006131848
-0.8089951785933962,0.3089802248527539,0.9999981861841283,0.3090660415541013,-0.3089875913625845,-0.809041939168734,-0.9999971087124837,0.9999963638374814,0.9999972519413052,-1.0000022495262777,1.000001664994507,1.0000025401860235,-1.0000012381488241,-1.0000013632547138,-0.3090810972419218,0.8090427578102608,0.3090875077505756,0.3090875077505761,-0.9999979225912949,0.9999989303424461,-1.000000253172215,-0.3089921263620532,0.30899059914150884,-0.30899212636205237,0.30899059914150506,-0.30909146560364836,-0.3090914656036495,0.3090928071822815,1.0000007006131848,1.0000000005001886
