0.9999999888937858,-0.9999866214469167,-0.9999866214469201,-0.9999866214469131,-0.9999813778421458,0.9999896508857914,0.9999896508857907,0.99998965088579,0.0,0.0,0.0,0.0,0.0,0.0,0.0,0.0,0.0,0.0,0.0,0.0,0.0,0.0,0.0,0.0,0.0,0.0,0.0,0.0,0.0,0.0,0.0,0.0,0.0,0.0,0.0,0.0,0.0,0.0,0.0
-0.9999866214469167,0.9999999963635223,0.999994894518057,0.9999948945180537,0.9999896508857885,-0.9999948945180563,-0.9999948945180555,-0.9999948945180538,0.0,0.0,0.0,0.0,0.0,0.0,0.0,0.0,0.0,0.0,0.0,0.0,0.0,0.0,0.0,0.0,0.0,0.0,0.0,0.0,0.0,0.0,0.0,0.0,0.0,0.0,0.0,0.0,0.0,0.0,0.0
-0.9999866214469201,0.999994894518057,0.9999999963635223,0.9999948945180549,0.9999896508857891,-0.9999948945180577,-0.9999948945180569,-0.9999948945180552,0.0,0.0,0.0,0.0,0.0,0.0,0.0,0.0,0.0,0.0,0.0,0.0,0.0,0.0,0.0,0.0,0.0,0.0,0.0,0.0,0.0,0.0,0.0,0.0,0.0,0.0,0.0,0.0,0.0,0.0,0.0
-0.9999866214469131,0.9999948945180537,0.9999948945180549,0.9999999963635223,0.9999896508857862,-0.9999948945180555,-0.9999948945180532,-0.9999948945180531,0.0,0.0,0.0,0.0,0.0,0.0,0.0,0.0,0.0,0.0,0.0,0.0,0.0,0.0,0.0,0.0,0.0,0.0,0.0,0.0,0.0,0.0,0.0,0.0,0.0,0.0,0.0,0.0,0.0,0.0,0.0
-0.9999813778421458,0.9999896508857885,0.9999896508857891,0.9999896508857862,0.9999999888937858,-0.9999866214469145,-0.9999866214469163,-0.9999866214469116,0.0,0.0,0.0,0.0,0.0,0.0,0.0,0.0,0.0,0.0,0.0,0.0,0.0,0.0,0.0,0.0,0.0,0.0,0.0,0.0,0.0,0.0,0.0,0.0,0.0,0.0,0.0,0.0,0.0,0.0,0.0
0.9999896508857914,-0.9999948945180563,-0.9999948945180577,-0.9999948945180555,-0.9999866214469145,0.9999999963635223,0.9999948945180556,0.9999948945180555,0.0,0.0,0.0,0.0,0.0,0.0,0.0,0.0,0.0,0.0,0.0,0.0,0.0,0.0,0.0,0.0,0.0,0.0,0.0,0.0,0.0,0.0,0.0,0.0,0.0,0.0,0.0,0.0,0.0,0.0,0.0
0.9999896508857907,-0.9999948945180555,-0.9999948945180569,-0.9999948945180532,-0.9999866214469163,0.9999948945180556,0.9999999963635223,0.9999948945180538,0.0,0.0,0.0,0.0,0.0,0.0,0.0,0.0,0.0,0.0,0.0,0.0,0.0,0.0,0.0,0.0,0.0,0.0,0.0,0.0,0.0,0.0,0.0,0.0,0.0,0.0,0.0,0.0,0.0,0.0,0.0
0.99998965088579,-0.9999948945180538,-0.9999948945180552,-0.9999948945180531,-0.9999866214469116,0.9999948945180555,0.9999948945180538,0.9999999963635223,0.0,0.0,0.0,0.0,0.0,0.0,0.0,0.0,0.0,0.0,0.0,0.0,0.0,0.0,0.0,0.0,0.0,0.0,0.0,0.0,0.0,0.0,0.0,0.0,0.0,0.0,0.0,0.0,0.0,0.0,0.0
0.0,0.0,0.0,0.0,0.0,0.0,0.0,0.0,1.0000000029307274,-0.9999987953153707,-1.0000032829275791,1.0000015473849333,1.000003350782417,-0.15532930217448584,0.5928367577364037,-0.8774804702218512,0.6111936955311779,-0.8971603435837286,-0.5928004286743397,0.9999995292063144,0.9997771566175847,-0.8762072780727596,-0.6739799447372845,0.8971119243365593,1.0000020248603265,-1.000001667252009,-1.0000056957697652,-1.000005695769765,1.000003355409569,-1.0000025542208058,0.8337197787030433,0.732258343186337,-0.7856273533841678,-0.8970942224522425,-0.8970942224522428,-1.0000033809316964,0.8970827583773261,0.8970827583773253,-0.8970789511003918
0.0,0.0,0.0,0.0,0.0,0.0,0.0,0.0,-0.9999987953153707,0.9999999996723172,1.00000401989542,-0.9999962479416871,-0.9999980291797698,0.1553993631180931,-0.5928928050889484,0.8774442736224787,-0.6112487143377919,0.8971897749635003,0.5928564782874932,-0.9999973168495112,-0.9997733452954093,0.8762396250347267,0.6740310608223773,-0.8971413626292233,-0.9999997191304666,0.9999993702672624,1.0000033870902907,1.0000033870902911,-1.0000010649877693,1.0000003123675638,-0.8337572302195116,-0.7323052111370346,0.7856696562116583,0.8971236637362029,0.8971236637362033,1.0000010995745259,-0.8971122014493089,-0.8971122014493081,0.8971083947723829
0.0,0.0,0.0,0.0,0.0,0.0,0.0,0.0,-1.0000032829275791,1.00000401989542,1.000000006062407,-1.0000037350118867,-1.0000055496625884,0.15529388915700593,-0.5928089130173176,0.8774997574319071,-0.6111663920611808,0.8971463282360463,0.5927725827697681,-1.000001687560841,-0.9997801266246586,0.8761917606370867,0.6739546878782057,-0.8970979054287553,-1.00000423062725,1.0000038685782664,1.0000079030381388,1.0000079030381392,-1.0000055534052605,1.0000047275551722,-0.8337016254294467,-0.7322353036575749,0.7856066870570406,0.8970802020072864,0.8970802020072878,1.0000055743248826,-0.897068737012634,-0.8970687370126328,0.8970649294271029
0.0,0.0,0.0,0.0,0.0,0.0,0.0,0.0,1.0000015473849333,-0.9999962479416871,-1.0000037350118867,0.9999999993289844,1.0000007746114565,-0.15560447890072215,0.5930598897805621,-0.8773444256050051,0.6114129197383704,-0.8972812599181335,-0.5930235693329398,0.999997265341501,0.9997686337815064,-0.8763394705597467,-0.6741842971104188,0.8972328674154149,0.9999993955889755,-0.9999990722030406,-1.0000030549783343,-1.0000030549783347,1.000000786055955,-0.9999971454999619,0.833871676191848,0.7324464431281241,-0.7857979289672845,-0.8972151771245109,-0.8972151771245122,-0.9999978176144786,0.897203719973797,0.8972037199737957,-0.897199915020673
0.0,0.0,0.0,0.0,0.0,0.0,0.0,0.0,1.000003350782417,-0.9999980291797698,-1.0000055496625884,1.0000007746114565,1.0000000018433104,-0.15529759974508936,0.5928105572377413,-0.8774951338753875,0.6111679234876003,-0.8971455360512718,-0.5927742272268502,0.9999987305768715,0.9997770755645605,-0.8761912003485203,-0.6739558107248822,0.8970971137898668,1.000001268111755,-0.9999978771423165,-1.000004940337766,-1.0000049403377664,1.000002591791731,-1.0000017688174554,0.8337014875390492,0.7322360102053836,-0.7856069724051554,-0.8970794105954519,-0.8970794105954528,-1.0000026132475963,0.8970679457390287,0.8970679457390294,-0.8970641381997748
0.0,0.0,0.0,0.0,0.0,0.0,0.0,0.0,-0.15532930217448584,0.1553993631180931,0.15529388915700593,-0.15560447890072215,-0.15529759974508936,0.9999999873365821,-0.887616118616381,-0.33747630511242904,-0.8767960656308806,0.5756946399844369,0.8876436859829124,-0.15640332256986608,-0.13420293176887899,0.612180000922793,0.8344589789200506,-0.5757814242256939,-0.15510927314807704,0.1552304477477004,0.15506906599568593,0.15506906599568643,-0.1553217509209718,0.15599495369537958,-0.6749726438585526,-0.7864887747552459,0.7332072771857516,0.5758195826666744,0.5758195826666754,0.1554474267401183,-0.5758422255468922,-0.5758422255468914,0.5758498311421476
0.0,0.0,0.0,0.0,0.0,0.0,0.0,0.0,0.5928367577364037,-0.5928928050889484,-0.5928089130173176,0.5930598897805621,0.5928105572377413,-0.887616118616381,0.9999999914943173,-0.13396886093409183,0.9997255010853324,-0.8875765442348801,-0.9999880957604553,0.5937101803405115,0.5755083515816262,-0.9075546160472537,-0.9944805057181305,0.8876277482920705,0.5926564119182565,-0.5927550288697476,-0.5926253457448135,-0.5926253457448142,0.5928302478595693,-0.5933786811144893,0.9389363097040037,0.9825441672924603,-0.9639891730609692,-0.8876506029728027,-0.8876506029728034,-0.5929327129029703,0.8876637172095241,0.8876637172095228,-0.8876681424436461
0.0,0.0,0.0,0.0,0.0,0.0,0.0,0.0,-0.8774804702218512,0.8774442736224787,0.8774997574319071,-0.8773444256050051,-0.8774951338753875,-0.33747630511242904,-0.13396886093409183,0.9999999910358033,-0.15671411298119747,0.575394614073232,0.13392233021400643,-0.876951634458702,-0.8875180171368023,0.5377150462310054,0.23709853621934562,-0.5753063421550599,-0.8775853029822389,0.8775261319524358,0.8776083215245667,0.8776083215245671,-0.8774834128885197,0.8771558094903699,-0.46674338331721377,-0.31592088379415817,0.3926437604728055,0.5752709483028962,0.5752709483028976,0.8774224215974012,-0.5752490311956493,-0.5752490311956497,0.5752417107676345
0.0,0.0,0.0,0.0,0.0,0.0,0.0,0.0,0.6111936955311779,-0.6112487143377919,-0.6111663920611808,0.6114129197383704,0.6111679234876003,-0.8767960656308806,0.9997255010853324,-0.15671411298119747,0.9999999939112528,-0.8979356427920469,-0.9997274782440482,0.6120519773559536,0.5941566028696296,-0.9169662791339176,-0.9966257859409036,0.8979816074055567,0.6110163893289988,-0.611113301326398,-0.6109859618176109,-0.6109859618176118,0.611187275855575,-0.6117262613388686,0.94659890342847,0.9865611522287565,-0.9698484384540094,-0.898003564028749,-0.8980035640287495,-0.611287980751443,0.8980161256558351,0.8980161256558348,-0.8980203661637627
0.0,0.0,0.0,0.0,0.0,0.0,0.0,0.0,-0.8971603435837286,0.8971897749635003,0.8971463282360463,-0.8972812599181335,-0.8971455360512718,0.5756946399844369,-0.8875765442348801,0.575394614073232,-0.8979356427920469,0.9999999976079654,0.8875604757586113,-0.8976367807794345,-0.8875230994026807,0.998967630691416,0.9309722598947856,-0.9999923397494719,-0.8970602310840093,0.8971141165483041,0.8970452914673691,0.8970452914673701,-0.897156338728009,0.8974566883970941,-0.991877422566104,-0.9577602977764336,0.9781099469368054,0.9999977792655412,0.9999977792655419,0.8972125539657283,-0.99999841484416,-0.9999984148441594,0.9999986642788377
0.0,0.0,0.0,0.0,0.0,0.0,0.0,0.0,-0.5928004286743397,0.5928564782874932,0.5927725827697681,-0.5930235693329398,-0.5927742272268502,0.8876436859829124,-0.9999880957604553,0.13392233021400643,-0.9997274782440482,0.8875604757586113,0.999999995864794,-0.5936738846772014,-0.5754713784573208,0.9075375084007841,0.9944785908190896,-0.8876086550517982,-0.5926200761385111,0.592718696851654,0.5925890085707479,0.5925890085707485,-0.5927939185952148,0.5933423726994292,-0.938922891716273,-0.9825383716317861,0.9639795343105078,0.8876315116404644,0.8876315116404657,0.5928963875236233,-0.8876446270487918,-0.8876446270487911,0.8876490526746599
0.0,0.0,0.0,0.0,0.0,0.0,0.0,0.0,0.9999995292063144,-0.9999973168495112,-1.000001687560841,0.999997265341501,0.9999987305768715,-0.15640332256986608,0.5937101803405115,-0.876951634458702,0.6120519773559536,-0.8976367807794345,-0.5936738846772014,0.9999999972413577,0.9997493434588796,-0.8767245486332419,-0.6747805677701698,0.8975884655725026,0.9999971975565792,-0.9999969734132819,-1.000000823557715,-1.0000008235577167,0.9999987617916088,-0.9999956724373302,0.8343166967980711,0.7329958986941505,-0.7862968542627972,-0.8975708088062275,-0.8975708088062281,-0.9999989256670866,0.8975593716733326,0.8975593716733321,-0.8975555734385453
0.0,0.0,0.0,0.0,0.0,0.0,0.0,0.0,0.9997771566175847,-0.9997733452954093,-0.9997801266246586,0.9997686337815064,0.9997770755645605,-0.13420293176887899,0.5755083515816262,-0.8875180171368023,0.5941566028696296,-0.8875230994026807,-0.5754713784573208,0.9997493434588796,1.0000000043382413,-0.8657189205525914,-0.6580544779280766,0.8874756823129306,0.9997798158924659,-0.9997768381547874,-0.9997843673118669,-0.9997843673118679,0.9997765582143879,-0.9997612042308357,0.8217412938959789,0.7175520748247418,-0.772239709098272,-0.8874571002802176,-0.8874571002802198,-0.9997738675194423,0.8874451109293365,0.8874451109293353,-0.887441127351759
0.0,0.0,0.0,0.0,0.0,0.0,0.0,0.0,-0.8762072780727596,0.8762396250347267,0.8761917606370867,-0.8763394705597467,-0.8761912003485203,0.612180000922793,-0.9075546160472537,0.5377150462310054,-0.9169662791339176,0.998967630691416,0.9075375084007841,-0.8767245486332419,-0.8657189205525914,0.9999999971429797,0.9465689869644587,-0.9989712131579751,-0.8760982622590602,0.8761570921149818,0.876081585135235,0.8760815851352366,-0.8762029864161575,0.8765307730197485,-0.9966188642295329,-0.9698137780105734,0.9865378078832756,0.998975660055532,0.9989756600555325,0.8762643188992031,-0.9989775304506607,-0.9989775304506603,0.998978193467371
0.0,0.0,0.0,0.0,0.0,0.0,0.0,0.0,-0.6739799447372845,0.6740310608223773,0.6739546878782057,-0.6741842971104188,-0.6739558107248822,0.8344589789200506,-0.9944805057181305,0.23709853621934562,-0.9966257859409036,0.9309722598947856,0.9944785908190896,-0.6747805677701698,-0.6580544779280766,0.9465689869644587,0.9999999922068781,-0.9310101503034314,-0.6738142354876886,0.6739046535796576,0.673786215215983,0.673786215215983,-0.6739738741946008,0.6744768661259759,-0.9698267032875569,-0.9966213808204568,0.9865492881434074,0.9310288117612717,0.9310288117612723,0.6740678721349678,-0.9310393498366577,-0.9310393498366574,0.931042913733783
0.0,0.0,0.0,0.0,0.0,0.0,0.0,0.0,0.8971119243365593,-0.8971413626292233,-0.8970979054287553,0.8972328674154149,0.8970971137898668,-0.5757814242256939,0.8876277482920705,-0.5753063421550599,0.8979816074055567,-0.9999923397494719,-0.8876086550517982,0.8975884655725026,0.8874756823129306,-0.9989712131579751,-0.9310101503034314,0.9999999958034195,0.8970117907143678,-0.8970656879067728,-0.8969968469809534,-0.8969968469809546,0.8971079187993098,-0.8974083335500079,0.9918897681905696,0.9577898558293754,-0.9781309707605973,-0.9999934936055287,-0.9999934936055277,-0.8971641461756448,0.9999971615375501,0.9999971615375496,-0.9999974119484563
0.0,0.0,0.0,0.0,0.0,0.0,0.0,0.0,1.0000020248603265,-0.9999997191304666,-1.00000423062725,0.9999993955889755,1.000001268111755,-0.15510927314807704,0.5926564119182565,-0.8775853029822389,0.6110163893289988,-0.8970602310840093,-0.5926200761385111,0.9999971975565792,0.9997798158924659,-0.8760982622590602,-0.6738142354876886,0.8970117907143678,0.999999999988977,-0.9999965702004554,-1.0000006351710125,-1.0000006351710171,1.0000012673035754,-1.000000314578108,0.833595228694542,0.7321053502266629,-0.7854881110749059,-0.8969940796601281,-0.8969940796601286,-1.0000012645419405,0.89698261011215,0.8969826101121477,-0.8969788009982517
0.0,0.0,0.0,0.0,0.0,0.0,0.0,0.0,-1.000001667252009,0.9999993702672624,1.0000038685782664,-0.9999990722030406,-0.9999978771423165,0.1552304477477004,-0.5927550288697476,0.8775261319524358,-0.611113301326398,0.8971141165483041,0.592718696851654,-0.9999969734132819,-0.9997768381547874,0.8761570921149818,0.6739046535796576,-0.8970656879067728,-0.9999965702004554,0.9999999994514079,1.0000032746531977,1.000003274653199,-0.9999978793332434,1.0000000396626534,-0.8336626943111035,-0.7321886635869408,0.7855637563730301,0.8970479819390667,0.8970479819390675,1.0000009216168353,-0.8970365154283455,-0.8970365154283457,0.897032707333806
0.0,0.0,0.0,0.0,0.0,0.0,0.0,0.0,-1.0000056957697652,1.0000033870902907,1.0000079030381388,-1.0000030549783343,-1.000004940337766,0.15506906599568593,-0.5926253457448135,0.8776083215245667,-0.6109859618176109,0.8970452914673691,0.5925890085707479,-1.000000823557715,-0.9997843673118669,0.876081585135235,0.673786215215983,-0.8969968469809534,-1.0000006351710125,1.0000032746531977,1.0000000052326141,1.0000073464055717,-1.0000049385208256,1.0000039576676134,-0.8335754959628154,-0.732079926648487,0.7854654562425469,0.8969791341529594,0.8969791341529603,1.0000049305099588,-0.8969676635426611,-0.8969676635426614,0.8969638540723751
0.0,0.0,0.0,0.0,0.0,0.0,0.0,0.0,-1.000005695769765,1.0000033870902911,1.0000079030381392,-1.0000030549783347,-1.0000049403377664,0.15506906599568643,-0.5926253457448142,0.8776083215245671,-0.6109859618176118,0.8970452914673701,0.5925890085707485,-1.0000008235577167,-0.9997843673118679,0.8760815851352366,0.673786215215983,-0.8969968469809546,-1.0000006351710171,1.000003274653199,1.0000073464055717,1.0000000052326141,-1.0000049385208267,1.0000039576676136,-0.8335754959628155,-0.7320799266484871,0.7854654562425482,0.8969791341529609,0.8969791341529609,1.0000049305099594,-0.8969676635426624,-0.8969676635426622,0.8969638540723752
0.0,0.0,0.0,0.0,0.0,0.0,0.0,0.0,1.000003355409569,-1.0000010649877693,-1.0000055534052605,1.000000786055955,1.000002591791731,-0.1553217509209718,0.5928302478595693,-0.8774834128885197,0.611187275855575,-0.897156338728009,-0.5927939185952148,0.9999987617916088,0.9997765582143879,-0.8762029864161575,-0.6739738741946008,0.8971079187993098,1.0000012673035754,-0.9999978793332434,-1.0000049385208256,-1.0000049385208267,1.0000000018492141,-1.0000017899179656,0.8337149907273547,0.7322526627511988,-0.7856221014326431,-0.8970902166168441,-0.8970902166168456,-0.9999995913609065,0.8970787523646028,0.897078752364602,-0.8970749450281243
0.0,0.0,0.0,0.0,0.0,0.0,0.0,0.0,-1.0000025542208058,1.0000003123675638,1.0000047275551722,-0.9999971454999619,-1.0000017688174554,0.15599495369537958,-0.5933786811144893,0.8771558094903699,-0.6117262613388686,0.8974566883970941,0.5933423726994292,-0.9999956724373302,-0.9997612042308357,0.8765307730197485,0.6744768661259759,-0.8974083335500079,-1.000000314578108,1.0000000396626534,1.0000039576676134,1.0000039576676136,-1.0000017899179656,1.0000000010313705,-0.8340906910651151,-0.7327162631844696,0.7860431757432454,0.8973906595976402,0.8973906595976398,1.000001901162199,-0.8973792122010162,-0.8973792122010161,0.8973754105216185
0.0,0.0,0.0,0.0,0.0,0.0,0.0,0.0,0.8337197787030433,-0.8337572302195116,-0.8337016254294467,0.833871676191848,0.8337014875390492,-0.6749726438585526,0.9389363097040037,-0.46674338331721377,0.94659890342847,-0.991877422566104,-0.938922891716273,0.8343166967980711,0.8217412938959789,-0.9966188642295329,-0.9698267032875569,0.9918897681905696,0.833595228694542,-0.8336626943111035,-0.8335754959628154,-0.8335754959628155,0.8337149907273547,-0.8340906910651151,0.9999999910201651,0.9865405823610549,-0.996615801924222,-0.9918978761284886,-0.9918978761284898,-0.8337852585386902,0.9919019703401848,0.9919019703401842,-0.9919033779973536
0.0,0.0,0.0,0.0,0.0,0.0,0.0,0.0,0.732258343186337,-0.7323052111370346,-0.7322353036575749,0.7324464431281241,0.7322360102053836,-0.7864887747552459,0.9825441672924603,-0.31592088379415817,0.9865611522287565,-0.9577602977764336,-0.9825383716317861,0.7329958986941505,0.7175520748247418,-0.9698137780105734,-0.9966213808204568,0.9577898558293754,0.7321053502266629,-0.7321886635869408,-0.732079926648487,-0.7320799266484871,0.7322526627511988,-0.7327162631844696,0.9865405823610549,0.9999999915505684,-0.996618048505483,-0.9578050952571128,-0.9578050952571137,-0.7323393187438553,0.9578135380743718,0.9578135380743709,-0.9578164011132754
0.0,0.0,0.0,0.0,0.0,0.0,0.0,0.0,-0.7856273533841678,0.7856696562116583,0.7856066870570406,-0.7857979289672845,-0.7856069724051554,0.7332072771857516,-0.9639891730609692,0.3926437604728055,-0.9698484384540094,0.9781099469368054,0.9639795343105078,-0.7862968542627972,-0.772239709098272,0.9865378078832756,0.9865492881434074,-0.9781309707605973,-0.7854881110749059,0.7855637563730301,0.7854654562425469,0.7854654562425482,-0.7856221014326431,0.7860431757432454,-0.996615801924222,-0.996618048505483,0.999999990792789,0.9781426843799761,0.9781426843799768,0.7857008295622334,-0.9781489743756666,-0.9781489743756658,0.9781511170393974
0.0,0.0,0.0,0.0,0.0,0.0,0.0,0.0,-0.8970942224522425,0.8971236637362029,0.8970802020072864,-0.8972151771245109,-0.8970794105954519,0.5758195826666744,-0.8876506029728027,0.5752709483028962,-0.898003564028749,0.9999977792655412,0.8876315116404644,-0.8975708088062275,-0.8874571002802176,0.998975660055532,0.9310288117612717,-0.9999934936055287,-0.8969940796601281,0.8970479819390667,0.8969791341529594,0.8969791341529609,-0.8970902166168441,0.8973906595976402,-0.9918978761284886,-0.9578050952571128,0.9781426843799761,0.9999999992449612,0.9999989399581971,0.8971464492590558,-0.9999965502389367,-0.9999995796778113,0.999999830499632
0.0,0.0,0.0,0.0,0.0,0.0,0.0,0.0,-0.8970942224522428,0.8971236637362033,0.8970802020072878,-0.8972151771245122,-0.8970794105954528,0.5758195826666754,-0.8876506029728034,0.5752709483028976,-0.8980035640287495,0.9999977792655419,0.8876315116404657,-0.8975708088062281,-0.8874571002802198,0.9989756600555325,0.9310288117612723,-0.9999934936055277,-0.8969940796601286,0.8970479819390675,0.8969791341529603,0.8969791341529609,-0.8970902166168456,0.8973906595976398,-0.9918978761284898,-0.9578050952571137,0.9781426843799768,0.9999989399581971,0.9999999992449612,0.8971464492590573,-0.9999995796778128,-0.9999965502389394,0.9999998304996334
0.0,0.0,0.0,0.0,0.0,0.0,0.0,0.0,-1.0000033809316964,1.0000010995745259,1.0000055743248826,-0.9999978176144786,-1.0000026132475963,0.1554474267401183,-0.5929327129029703,0.8774224215974012,-0.611287980751443,0.8972125539657283,0.5928963875236233,-0.9999989256670866,-0.9997738675194423,0.8762643188992031,0.6740678721349678,-0.8971641461756448,-1.0000012645419405,1.0000009216168353,1.0000049305099588,1.0000049305099594,-0.9999995913609065,1.000001901162199,-0.8337852585386902,-0.7323393187438553,0.7857008295622334,0.8971464492590558,0.8971464492590573,1.0000000018957311,-0.8971349881508023,-0.8971349881508023,0.8971311818695175
0.0,0.0,0.0,0.0,0.0,0.0,0.0,0.0,0.8970827583773261,-0.8971122014493089,-0.897068737012634,0.897203719973797,0.8970679457390287,-0.5758422255468922,0.8876637172095241,-0.5752490311956493,0.8980161256558351,-0.99999841484416,-0.8876446270487918,0.8975593716733326,0.8874451109293365,-0.9989775304506607,-0.9310393498366577,0.9999971615375501,0.89698261011215,-0.8970365154283455,-0.8969676635426611,-0.8969676635426624,0.8970787523646028,-0.8973792122010162,0.9919019703401848,0.9578135380743718,-0.9781489743756666,-0.9999965502389367,-0.9999995796778128,-0.8971349881508023,1.0000000001567946,1.000000220139948,-0.9999974417716403
0.0,0.0,0.0,0.0,0.0,0.0,0.0,0.0,0.8970827583773253,-0.8971122014493081,-0.8970687370126328,0.8972037199737957,0.8970679457390294,-0.5758422255468914,0.8876637172095228,-0.5752490311956497,0.8980161256558348,-0.9999984148441594,-0.8876446270487911,0.8975593716733321,0.8874451109293353,-0.9989775304506603,-0.9310393498366574,0.9999971615375496,0.8969826101121477,-0.8970365154283457,-0.8969676635426614,-0.8969676635426622,0.897078752364602,-0.8973792122010161,0.9919019703401842,0.9578135380743709,-0.9781489743756658,-0.9999995796778113,-0.9999965502389394,-0.8971349881508023,1.000000220139948,1.0000000001567946,-0.9999974417716371
0.0,0.0,0.0,0.0,0.0,0.0,0.0,0.0,-0.8970789511003918,0.8971083947723829,0.8970649294271029,-0.897199915020673,-0.8970641381997748,0.5758498311421476,-0.8876681424436461,0.5752417107676345,-0.8980203661637627,0.9999986642788377,0.8876490526746599,-0.8975555734385453,-0.887441127351759,0.998978193467371,0.931042913733783,-0.9999974119484563,-0.8969788009982517,0.897032707333806,0.8969638540723751,0.8969638540723752,-0.8970749450281243,0.8973754105216185,-0.9919033779973536,-0.9578164011132754,0.9781511170393974,0.999999830499632,0.9999998304996334,0.8971311818695175,-0.9999974417716403,-0.9999974417716371,1.0000000005145133
