1.0000000011431103,-1.0000010881939032,1.0000008148436483,1.0000008800013425,1.000001602615183,-1.0000010860931023,1.000000880001351,1.0000024095048377,-1.0000016700902907,1.000001232029207,1.0000012320292084,1.0000008646133605,-1.0000011674271037,-1.0000011674271088,-1.0000006092706248,-1.0000007405537974,1.0000006131776649,-1.000000476768633,1.0000001760598192,-1.0000002001273252,-1.0000002001273283,1.0000018993514934,-1.0000013005564625,-1.0000015717234791,1.0000012102141755,-1.0000015717234747,-1.0000006078791477,-1.0000002414973503,1.000000371501892,-1.0000007054449287,-1.000000705444927,1.0000004134226301,1.0000004134226295
-1.0000010881939032,1.000000000406239,-1.000000300461874,-1.0000003655624112,-1.0000010860930972,1.0000005695382417,-1.000000363461619,-1.0000018939323183,1.0000011544031424,-1.0000007163283684,-1.0000007163283688,-1.0000003480577138,1.0000006509454975,1.0000006509455006,1.0000000929317072,1.0000002239955201,-1.000000096947773,0.999999960452055,-0.9999996598645738,0.9999996840552925,0.9999996840552964,-1.000001383192477,1.0000007843692722,1.000001056099913,-1.0000006944776636,1.0000010560999089,1.000000091982333,0.9999997254566214,-0.9999998555949229,1.000000189660867,1.000000189660866,-0.9999998974543085,-0.9999998974543076
1.0000008148436483,-1.000000300461874,1.000000000019398,1.0000000922855707,1.0000008148436483,-1.000000300461881,1.000000092285576,1.0000016228064037,-1.0000008833243472,1.0000004452320927,1.0000004452320934,1.0000000769169153,-1.0000003797382422,-1.000000379738246,-0.9999998218055743,-0.9999999528500316,0.9999998258416205,-0.9999996913457548,0.999999388649447,-0.9999994128189849,-0.9999994128189901,1.0000011120230736,-1.0000005132413854,-1.000000784870804,1.0000004232962716,-1.0000007848708008,-0.9999998207973259,-0.9999994543387862,0.9999995844953149,-0.9999999185510671,-0.9999999185510637,0.9999996262306101,0.999999626230608
1.0000008800013425,-1.0000003655624112,1.0000000922855707,1.0000000001122464,1.000000880001342,-1.0000003634616166,1.0000001573665935,1.000001687695274,-1.0000009481901377,1.000000510108343,1.0000005101083436,1.0000001419683355,-1.0000004448281745,-1.0000004448281798,-0.9999998867971166,-1.0000000200057286,0.9999998908032977,-0.9999997543713026,0.9999994537991775,-0.9999994779792142,-0.9999994779792183,1.0000011770300181,-1.0000005782150903,-1.000000850003769,1.0000004884028557,-1.000000850003765,-0.9999998859099394,-0.9999995192796509,0.9999996494065818,-0.9999999834503078,-0.9999999834503052,0.9999996913745512,0.9999996913745512
1.000001602615183,-1.0000010860930972,1.0000008148436483,1.000000880001342,1.0000000011431103,-1.0000010881939014,1.0000008800013496,1.000002409504837,-1.0000016700902923,1.0000012320292069,1.0000012320292067,1.0000008646133605,-1.0000011674271028,-1.000001167427108,-1.0000006092706226,-1.0000007405537983,1.000000613177665,-1.0000004767686332,1.0000001760598174,-1.0000002001273252,-1.0000002001273283,1.0000018993514943,-1.0000013005564616,-1.0000015717234785,1.0000012102141747,-1.0000015717234751,-1.0000006078791477,-1.0000002414973495,1.0000003715018937,-1.000000705444927,-1.0000007054449254,1.0000004134226281,1.0000004134226284
-1.0000010860931023,1.0000005695382417,-1.000000300461881,-1.0000003634616166,-1.0000010881939014,1.000000000406239,-1.0000003655624248,-1.0000018939323205,1.0000011544031449,-1.0000007163283722,-1.000000716328371,-1.0000003480577178,1.0000006509454993,1.0000006509455044,1.000000092931711,1.000000223995522,-1.0000000969477767,0.999999960452059,-0.999999659864576,0.9999996840552945,0.999999684055299,-1.0000013831924799,1.0000007843692753,1.0000010560999166,-1.0000006944776685,1.0000010560999124,1.0000000919823355,0.9999997254566236,-0.9999998555949255,1.000000189660869,1.0000001896608675,-0.9999998974543104,-0.9999998974543102
1.000000880001351,-1.000000363461619,1.000000092285576,1.0000001573665935,1.0000008800013496,-1.0000003655624248,1.0000000001122464,1.0000016876952824,-1.0000009481901448,1.0000005101083496,1.0000005101083502,1.0000001419683409,-1.000000444828181,-1.0000004448281865,-0.9999998867971236,-1.0000000200057322,0.9999998908033049,-0.9999997543713105,0.9999994537991832,-0.9999994779792193,-0.9999994779792236,1.0000011770300241,-1.0000005782150978,-1.0000008500037765,1.0000004884028633,-1.0000008500037725,-0.9999998859099464,-0.9999995192796575,0.9999996494065879,-0.9999999834503148,-0.9999999834503123,0.9999996913745581,0.9999996913745572
1.0000024095048377,-1.0000018939323183,1.0000016228064037,1.000001687695274,1.000002409504837,-1.0000018939323205,1.0000016876952824,1.0000000022919822,-1.0000024768669256,1.0000020365964302,1.0000020365964306,1.0000016721437948,-1.0000019740187454,-1.0000019740187507,-1.0000014161807897,-1.0000015484656897,1.0000014196758251,-1.0000012841068875,1.0000009832152827,-1.0000010068712506,-1.0000010068712548,1.0000027048736835,-1.0000021066723614,-1.0000023778335385,1.0000020171072437,-1.0000023778335345,-1.000001415010717,-1.0000010471018732,1.0000011766909414,-1.0000015101189756,-1.0000015101189723,1.00000122018898,1.0000012201889792
-1.0000016700902907,1.0000011544031424,-1.0000008833243472,-1.0000009481901377,-1.0000016700902923,1.0000011544031449,-1.0000009481901448,-1.0000024768669256,1.000000001238289,-1.000001299992187,-1.0000012999921843,-1.0000009326091432,1.0000012346347678,1.000001234634772,1.0000006768569882,1.0000008089172696,-1.0000006804464516,1.0000005448097447,-1.000000244021672,1.0000002678115034,1.0000002678115074,-1.0000019657897234,1.0000013675129173,1.0000016391749948,-1.0000012782879113,1.0000016391749909,1.0000006760492481,1.000000308078385,-1.000000437782788,1.0000007713456862,1.000000771345684,-1.0000004812074161,-1.000000481207415
1.000001232029207,-1.0000007163283684,1.0000004452320927,1.000000510108343,1.0000012320292069,-1.0000007163283722,1.0000005101083496,1.0000020365964302,-1.000001299992187,1.0000000006132244,1.0000008597270182,1.0000004945505367,-1.0000007965756208,-1.0000007965756263,-1.0000002387610674,-1.000000370839108,1.000000242344972,-1.0000001066986954,0.9999998059001421,-0.9999998296731145,-0.9999998296731186,1.0000015276981469,-1.000000929412574,-1.0000012009695411,1.0000008400913807,-1.0000012009695383,-1.000000237872551,-0.9999998699565806,0.9999999996485207,-1.0000003352959248,-1.0000003331951164,1.0000000430478448,1.0000000430478442
1.0000012320292084,-1.0000007163283688,1.0000004452320934,1.0000005101083436,1.0000012320292067,-1.000000716328371,1.0000005101083502,1.0000020365964306,-1.0000012999921843,1.0000008597270182,1.0000000006132244,1.0000004945505367,-1.000000796575621,-1.0000007965756268,-1.0000002387610674,-1.0000003708391083,1.0000002423449714,-1.0000001066986952,0.9999998059001411,-0.9999998296731143,-0.9999998296731192,1.0000015276981482,-1.000000929412574,-1.0000012009695416,1.0000008400913822,-1.0000012009695392,-1.0000002378725503,-0.9999998699565786,0.9999999996485197,-1.0000003331951182,-1.0000003352959201,1.000000043047847,1.0000000430478448
1.0000008646133605,-1.0000003480577138,1.0000000769169153,1.0000001419683355,1.0000008646133605,-1.0000003480577178,1.0000001419683409,1.0000016721437948,-1.0000009326091432,1.0000004945505367,1.0000004945505367,1.0000000000901914,-1.0000004314526032,-1.0000004314526107,-0.9999998734037785,-1.0000000045660542,0.9999998752573578,-0.9999997390697382,0.9999994385216892,-0.9999994627487334,-0.999999462748739,1.0000011614950344,-1.0000005626774184,-1.0000008348882259,1.000000473243352,-1.0000008348882221,-0.9999998707212293,-0.9999995037354087,0.9999996338269914,-0.9999999678888768,-0.9999999678888752,0.9999996761774372,0.9999996761774373
-1.0000011674271037,1.0000006509454975,-1.0000003797382422,-1.0000004448281745,-1.0000011674271028,1.0000006509454993,-1.000000444828181,-1.0000019740187454,1.0000012346347678,-1.0000007965756208,-1.000000796575621,-1.0000004314526032,1.0000000005222143,1.0000007321324345,1.0000001739709585,1.000000305361694,-1.0000001778304417,1.0000000417102615,-0.9999997410560526,0.9999997651450008,0.9999997651450042,-1.000001463955144,1.000000865188809,1.0000011368259087,-1.0000007753286617,1.000001136825905,1.0000001729659944,0.9999998061038622,-0.9999999360742317,1.0000002699967145,1.0000002699967125,-0.9999999784729731,-0.9999999784729712
-1.0000011674271088,1.0000006509455006,-1.000000379738246,-1.0000004448281798,-1.000001167427108,1.0000006509455044,-1.0000004448281865,-1.0000019740187507,1.000001234634772,-1.0000007965756263,-1.0000007965756268,-1.0000004314526107,1.0000007321324345,1.0000000005222143,1.0000001739709632,1.0000003053616993,-1.0000001778304468,1.0000000417102652,-0.9999997410560585,0.999999765145007,0.9999997651450094,-1.0000014639551489,1.000000865188813,1.0000011368259147,-1.0000007753286664,1.0000011368259103,1.0000001729659986,0.9999998061038665,-0.9999999360742373,1.0000002699967196,1.000000269996717,-0.9999999784729776,-0.9999999784729766
-1.0000006092706248,1.0000000929317072,-0.9999998218055743,-0.9999998867971166,-1.0000006092706226,1.000000092931711,-0.9999998867971236,-1.0000014161807897,1.0000006768569882,-1.0000002387610674,-1.0000002387610674,-0.9999998734037785,1.0000001739709585,1.0000001739709632,0.9999999997260965,0.999999747360464,-0.9999996219891564,0.999999483807408,-0.9999991832324719,0.999999207350192,0.9999992073501963,-1.0000009058985884,1.0000003072133024,1.00000057929696,-1.0000002178476817,1.000000579296956,0.9999996153888472,0.9999992481706556,-0.9999993781945428,0.9999997121294069,0.9999997121294029,-0.9999994207682867,-0.9999994207682869
-1.0000007405537974,1.0000002239955201,-0.9999999528500316,-1.0000000200057286,-1.0000007405537983,1.000000223995522,-1.0000000200057322,-1.0000015484656897,1.0000008089172696,-1.000000370839108,-1.0000003708391083,-1.0000000045660542,1.000000305361694,1.0000003053616993,0.999999747360464,0.9999999999132826,-0.9999997513838254,0.9999996150087955,-0.9999993144831991,0.9999993387139,0.9999993387139049,-1.0000010376358281,1.0000004388095567,1.0000007108972044,-1.0000003492487237,1.0000007108972002,0.9999997467023545,0.9999993799172678,-0.9999995100736805,0.9999998441579913,0.9999998441579883,-0.9999995521474445,-0.9999995521474437
1.0000006131776649,-1.000000096947773,0.9999998258416205,0.9999998908032977,1.000000613177665,-1.0000000969477767,0.9999998908033049,1.0000014196758251,-1.0000006804464516,1.000000242344972,1.0000002423449714,0.9999998752573578,-1.0000001778304417,-1.0000001778304468,-0.9999996219891564,-0.9999997513838254,0.9999999997316042,-0.9999994877717387,0.9999991871640729,-0.9999992112406135,-0.9999992112406185,1.0000009096169058,-1.0000003131023034,-1.0000005831355347,1.0000002217685124,-1.0000005831355312,-0.9999996193337235,-0.9999992539874212,0.9999993818446573,-0.9999997157235462,-0.9999997157235443,0.9999994246680093,0.9999994246680076
-1.000000476768633,0.999999960452055,-0.9999996913457548,-0.9999997543713026,-1.0000004767686332,0.999999960452059,-0.9999997543713105,-1.0000012841068875,1.0000005448097447,-1.0000001066986954,-1.0000001066986952,-0.9999997390697382,1.0000000417102615,1.0000000417102652,0.999999483807408,0.9999996150087955,-0.9999994877717387,0.999999999537125,-0.9999990524259015,0.9999990743470032,0.9999990743470056,-1.000000773780518,1.0000001751021068,1.0000004460374776,-1.0000000846486918,1.0000004460374738,0.9999994822784812,0.9999991160709234,-0.9999992461301178,0.9999995800609491,0.9999995800609475,-0.9999992876955602,-0.9999992876955601
1.0000001760598192,-0.9999996598645738,0.999999388649447,0.9999994537991775,1.0000001760598174,-0.999999659864576,0.9999994537991832,1.0000009832152827,-1.000000244021672,0.9999998059001421,0.9999998059001411,0.9999994385216892,-0.9999997410560526,-0.9999997410560585,-0.9999991832324719,-0.9999993144831991,0.9999991871640729,-0.9999990524259015,0.9999999991080456,-0.9999987755475833,-0.999998775547589,1.0000004730580407,-0.9999998744550352,-1.000000144994231,0.9999997837090742,-1.0000001449942275,-0.9999991813957695,-0.9999988153721546,0.9999989453882576,-0.9999992792673275,-0.9999992792673252,0.9999989867810842,0.9999989867810829
-1.0000002001273252,0.9999996840552925,-0.9999994128189849,-0.9999994779792142,-1.0000002001273252,0.9999996840552945,-0.9999994779792193,-1.0000010068712506,1.0000002678115034,-0.9999998296731145,-0.9999998296731143,-0.9999994627487334,0.9999997651450008,0.999999765145007,0.999999207350192,0.9999993387139,-0.9999992112406135,0.9999990743470032,-0.9999987755475833,0.999999999142139,0.9999987972967641,-1.000000497002837,0.9999998984759685,1.000000168611349,-0.9999998074579243,1.0000001686113453,0.999999205226391,0.99999883931698,-0.9999989692770463,0.9999993030692049,0.9999993030692024,-0.9999990126944945,-0.999999010593693
-1.0000002001273283,0.9999996840552964,-0.9999994128189901,-0.9999994779792183,-1.0000002001273283,0.999999684055299,-0.9999994779792236,-1.0000010068712548,1.0000002678115074,-0.9999998296731186,-0.9999998296731192,-0.999999462748739,0.9999997651450042,0.9999997651450094,0.9999992073501963,0.9999993387139049,-0.9999992112406185,0.9999990743470056,-0.999998775547589,0.9999987972967641,0.999999999142139,-1.0000004970028424,0.9999998984759726,1.0000001686113535,-0.999999807457929,1.0000001686113504,0.9999992052263965,0.9999988393169847,-0.9999989692770508,0.9999993030692091,0.9999993030692068,-0.9999990105936967,-0.9999990126944972
1.0000018993514934,-1.000001383192477,1.0000011120230736,1.0000011770300181,1.0000018993514943,-1.0000013831924799,1.0000011770300241,1.0000027048736835,-1.0000019657897234,1.0000015276981469,1.0000015276981482,1.0000011614950344,-1.000001463955144,-1.0000014639551489,-1.0000009058985884,-1.0000010376358281,1.0000009096169058,-1.000000773780518,1.0000004730580407,-1.000000497002837,-1.0000004970028424,1.0000000015659307,-1.000001598939523,-1.0000018684342404,1.000001507205435,-1.0000018684342367,-1.0000009049383807,-1.0000005375881766,1.0000006674161739,-1.0000010011611298,-1.0000010011611256,1.0000007103318729,1.0000007103318715
-1.0000013005564625,1.0000007843692722,-1.0000005132413854,-1.0000005782150903,-1.0000013005564616,1.0000007843692753,-1.0000005782150978,-1.0000021066723614,1.0000013675129173,-1.000000929412574,-1.000000929412574,-1.0000005626774184,1.000000865188809,1.000000865188813,1.0000003072133024,1.0000004388095567,-1.0000003131023034,1.0000001751021068,-0.9999998744550352,0.9999998984759685,0.9999998984759726,-1.000001598939523,1.0000000007120318,1.0000012701810923,-1.0000009088793669,1.0000012701810874,1.0000003065131848,0.9999999390918053,-1.0000000690035202,1.0000004028250302,1.0000004028250284,-1.0000001118659907,-1.0000001118659902
-1.0000015717234791,1.000001056099913,-1.000000784870804,-1.000000850003769,-1.0000015717234785,1.0000010560999166,-1.0000008500037765,-1.0000023778335385,1.0000016391749948,-1.0000012009695411,-1.0000012009695416,-1.0000008348882259,1.0000011368259087,1.0000011368259147,1.00000057929696,1.0000007108972044,-1.0000005831355347,1.0000004460374776,-1.000000144994231,1.000000168611349,1.0000001686113535,-1.0000018684342404,1.0000012701810923,1.0000000010980843,-1.0000011808214644,1.0000015394904647,1.000000576648303,1.0000002109169641,-1.0000003408047076,1.0000006743951733,1.0000006743951702,-1.0000003818806789,-1.0000003818806789
1.0000012102141755,-1.0000006944776636,1.0000004232962716,1.0000004884028557,1.0000012102141747,-1.0000006944776685,1.0000004884028633,1.0000020171072437,-1.0000012782879113,1.0000008400913807,1.0000008400913822,1.000000473243352,-1.0000007753286617,-1.0000007753286664,-1.0000002178476817,-1.0000003492487237,1.0000002217685124,-1.0000000846486918,0.9999997837090742,-0.9999998074579243,-0.999999807457929,1.000001507205435,-1.0000009088793669,-1.0000011808214644,1.000000000583314,-1.0000011808214626,-1.000000217687627,-0.9999998497438939,0.9999999797362255,-1.000000313454586,-1.0000003134545843,1.0000000208028428,1.0000000208028414
-1.0000015717234747,1.0000010560999089,-1.0000007848708008,-1.000000850003765,-1.0000015717234751,1.0000010560999124,-1.0000008500037725,-1.0000023778335345,1.0000016391749909,-1.0000012009695383,-1.0000012009695392,-1.0000008348882221,1.000001136825905,1.0000011368259103,1.000000579296956,1.0000007108972002,-1.0000005831355312,1.0000004460374738,-1.0000001449942275,1.0000001686113453,1.0000001686113504,-1.0000018684342367,1.0000012701810874,1.0000015394904647,-1.0000011808214626,1.0000000010980843,1.0000005766482987,1.0000002109169608,-1.0000003408047038,1.0000006743951695,1.0000006743951657,-1.0000003818806757,-1.0000003818806744
-1.0000006078791477,1.000000091982333,-0.9999998207973259,-0.9999998859099394,-1.0000006078791477,1.0000000919823355,-0.9999998859099464,-1.000001415010717,1.0000006760492481,-1.000000237872551,-1.0000002378725503,-0.9999998707212293,1.0000001729659944,1.0000001729659986,0.9999996153888472,0.9999997467023545,-0.9999996193337235,0.9999994822784812,-0.9999991813957695,0.999999205226391,0.9999992052263965,-1.0000009049383807,1.0000003065131848,1.000000576648303,-1.000000217687627,1.0000005766482987,0.9999999997241888,0.9999992474135339,-0.9999993774360911,0.9999997112247311,0.9999997112247283,-0.9999994206814357,-0.9999994206814362
-1.0000002414973503,0.9999997254566214,-0.9999994543387862,-0.9999995192796509,-1.0000002414973495,0.9999997254566236,-0.9999995192796575,-1.0000010471018732,1.000000308078385,-0.9999998699565806,-0.9999998699565786,-0.9999995037354087,0.9999998061038622,0.9999998061038665,0.9999992481706556,0.9999993799172678,-0.9999992539874212,0.9999991160709234,-0.9999988153721546,0.99999883931698,0.9999988393169847,-1.0000005375881766,0.9999999390918053,1.0000002109169641,-0.9999998497438939,1.0000002109169608,0.9999992474135339,0.9999999992009981,-0.9999990117499089,0.999999343384066,0.9999993433840635,-0.9999990527044146,-0.9999990527044129
1.000000371501892,-0.9999998555949229,0.9999995844953149,0.9999996494065818,1.0000003715018937,-0.9999998555949255,0.9999996494065879,1.0000011766909414,-1.000000437782788,0.9999999996485207,0.9999999996485197,0.9999996338269914,-0.9999999360742317,-0.9999999360742373,-0.9999993781945428,-0.9999995100736805,0.9999993818446573,-0.9999992461301178,0.9999989453882576,-0.9999989692770463,-0.9999989692770508,1.0000006674161739,-1.0000000690035202,-1.0000003408047076,0.9999999797362255,-1.0000003408047038,-0.9999993774360911,-0.9999990117499089,0.9999999993861644,-0.9999994751858022,-0.9999994751858003,0.999999182672045,0.9999991826720442
-1.0000007054449287,1.000000189660867,-0.9999999185510671,-0.9999999834503078,-1.000000705444927,1.000000189660869,-0.9999999834503148,-1.0000015101189756,1.0000007713456862,-1.0000003352959248,-1.0000003331951182,-0.9999999678888768,1.0000002699967145,1.0000002699967196,0.9999997121294069,0.9999998441579913,-0.9999997157235462,0.9999995800609491,-0.9999992792673275,0.9999993030692049,0.9999993030692091,-1.0000010011611298,1.0000004028250302,1.0000006743951733,-1.000000313454586,1.0000006743951695,0.9999997112247311,0.999999343384066,-0.9999994751858022,0.999999999862097,0.9999998066629775,-0.9999995164357675,-0.9999995164357669
-1.000000705444927,1.000000189660866,-0.9999999185510637,-0.9999999834503052,-1.0000007054449254,1.0000001896608675,-0.9999999834503123,-1.0000015101189723,1.000000771345684,-1.0000003331951164,-1.0000003352959201,-0.9999999678888752,1.0000002699967125,1.000000269996717,0.9999997121294029,0.9999998441579883,-0.9999997157235443,0.9999995800609475,-0.9999992792673252,0.9999993030692024,0.9999993030692068,-1.0000010011611256,1.0000004028250284,1.0000006743951702,-1.0000003134545843,1.0000006743951657,0.9999997112247283,0.9999993433840635,-0.9999994751858003,0.9999998066629775,0.999999999862097,-0.9999995164357651,-0.999999516435764
1.0000004134226301,-0.9999998974543085,0.9999996262306101,0.9999996913745512,1.0000004134226281,-0.9999998974543104,0.9999996913745581,1.00000122018898,-1.0000004812074161,1.0000000430478448,1.000000043047847,0.9999996761774372,-0.9999999784729731,-0.9999999784729776,-0.9999994207682867,-0.9999995521474445,0.9999994246680093,-0.9999992876955602,0.9999989867810842,-0.9999990126944945,-0.9999990105936967,1.0000007103318729,-1.0000001118659907,-1.0000003818806789,1.0000000208028428,-1.0000003818806757,-0.9999994206814357,-0.9999990527044146,0.999999182672045,-0.9999995164357675,-0.9999995164357651,0.9999999994464257,0.9999992239010856
1.0000004134226295,-0.9999998974543076,0.999999626230608,0.9999996913745512,1.0000004134226284,-0.9999998974543102,0.9999996913745572,1.0000012201889792,-1.000000481207415,1.0000000430478442,1.0000000430478448,0.9999996761774373,-0.9999999784729712,-0.9999999784729766,-0.9999994207682869,-0.9999995521474437,0.9999994246680076,-0.9999992876955601,0.9999989867810829,-0.999999010593693,-0.9999990126944972,1.0000007103318715,-1.0000001118659902,-1.0000003818806789,1.0000000208028414,-1.0000003818806744,-0.9999994206814362,-0.9999990527044129,0.9999991826720442,-0.9999995164357669,-0.999999516435764,0.9999992239010856,0.9999999994464259
