1.0000000064275851,-1.0000088395465458,1.0000066647669885,1.000009011369826,1.0000052971271514,-1.0000053541649878,-1.0000053541649798,1.0000052338606562,1.0000052338606618,-1.0000053808707539,1.000004247301646,1.00000709294424,-1.0000037587925816,-1.0000068908861772,-1.0000083506588295,-1.0000012014069768,1.0000037872734868,-1.0000049753321574,1.0000041137495146,-1.0000025460162256,-1.0000037381084006,1.0000002078653478,-0.9999960654355164,1.0000030642717135,-1.0000020932840918,1.0000011812473937,1.0000011812473966,-1.0000001045458788,-1.000000104545879,1.0000088661482665,0.9999995773657155,-1.0000090681188756,1.0000088186694163
-1.0000088395465458,1.0000000055199896,-1.0000065101950366,-1.000008839546548,-1.0000046790518091,1.0000047368976455,1.0000047368976381,-1.0000046198442125,-1.0000046198442183,1.000004762192188,-1.0000036329976778,-1.0000064746274233,1.0000031533567273,1.0000062749451162,1.000007723357128,1.0000005743977831,-1.0000031744001239,1.0000043662791258,-1.0000035071510724,1.000001944246504,1.0000031207926183,-0.9999995975915192,0.9999954432248601,-1.0000024656895468,1.0000014936982484,-1.0000005769958444,-1.0000005769958458,0.999999497516918,0.99999949751692,-1.0000082399509787,-0.9999989697652267,1.0000084365910022,-1.0000081868035422
1.0000066647669885,-1.0000065101950366,1.0000000030942635,1.0000066647669918,1.0000029612286296,-1.0000030190216544,-1.0000030190216465,1.0000029031713638,1.000002903171371,-1.0000030462624938,1.0000019159785642,1.0000047654765776,-1.0000014421989274,-1.000004567324275,-1.000006009947854,-0.9999988494942229,1.0000014635156356,-1.000002653271178,1.0000017916569552,-1.00000023395977,-1.0000018821008632,0.9999978880264168,-0.9999937205016505,1.0000007529420931,-0.9999997707507415,0.9999988455145982,0.9999988455146004,-0.9999977624509697,-0.9999977624509697,1.000006526673469,0.9999972340320877,-1.0000067221593223,1.0000064723802136
1.000009011369826,-1.000008839546548,1.0000066647669918,1.0000000064275851,1.000005297127155,-1.000005354164991,-1.0000053541649836,1.0000052338606609,1.0000052338606666,-1.0000053808707576,1.0000042473016508,1.0000070929442437,-1.0000037587925872,-1.0000068908861806,-1.000008350658833,-1.000001201406981,1.0000037872734924,-1.000004975332162,1.0000041137495188,-1.0000025460162294,-1.0000037381084044,1.0000002078653512,-0.9999960654355212,1.0000030642717173,-1.000002093284096,1.000001181247397,1.0000011812474001,-1.0000001045458822,-1.0000001045458842,1.0000088661482702,0.9999995773657184,-1.0000090681188798,1.0000088186694192
1.0000052971271514,-1.0000046790518091,1.0000029612286296,1.000005297127155,1.0000000011119043,-1.000002084932623,-1.0000020849326174,1.0000014986966594,1.0000014986966663,-1.0000016379875996,1.0000005019689038,1.0000033692403105,-1.000000031104703,-1.0000031717663098,-1.0000046137662313,-0.9999974316627046,1.0000000591816642,-1.000001250296144,1.0000003798483106,-0.9999988246371174,-1.0000000217038039,0.9999964875375678,-0.9999923063999913,0.9999993329722845,-0.9999983295061763,0.9999973910294407,0.9999973910294429,-0.9999963026405315,-0.999996302640532,1.0000051299356651,0.999995773017439,-1.0000053277930865,1.0000050782639713
-1.0000053541649878,1.0000047368976455,-1.0000030190216544,-1.000005354164991,-1.000002084932623,1.0000000011930472,1.0000016726317469,-1.0000020249955137,-1.0000015557995885,1.0000016952653699,-1.0000005593361845,-1.0000034269461346,1.0000000891532796,1.0000032296523693,1.0000046708880983,0.9999974881072212,-1.0000001169848625,1.000001307830031,-1.000000437387074,0.99999888276126,1.000000079406322,-0.9999965453952694,0.9999923630225435,-0.9999993911754916,0.9999983871773378,-0.9999974480728036,-0.9999974480728065,0.9999963594086027,0.9999963594086034,-1.0000051870993585,-0.9999958297416388,1.0000053847009607,-1.0000051351623263
-1.0000053541649798,1.0000047368976381,-1.0000030190216465,-1.0000053541649836,-1.0000020849326174,1.0000016726317469,1.0000000011930472,-1.0000015557995736,-1.0000020249955108,1.0000016952653623,-1.0000005593361767,-1.000003426946127,1.0000000891532723,1.000003229652361,1.0000046708880912,0.9999974881072141,-1.0000001169848547,1.0000013078300207,-1.0000004373870655,0.9999988827612518,1.0000000794063149,-0.9999965453952613,0.9999923630225367,-0.9999993911754838,0.999998387177329,-0.9999974480727957,-0.999997448072799,0.9999963594085944,0.999996359408594,-1.0000051870993507,-0.9999958297416283,1.0000053847009525,-1.0000051351623187
1.0000052338606562,-1.0000046198442125,1.0000029031713638,1.0000052338606609,1.0000014986966594,-1.0000020249955137,-1.0000015557995736,1.0000000010270982,1.0000014399747479,-1.0000015793412274,1.000000444359858,1.0000033119036367,-0.999999977057079,-1.0000031153795974,-1.0000045531193458,-0.9999973691091016,1.0000000031053704,-1.000001662955326,1.0000003238644646,-0.999998771343528,-0.9999999644788418,0.9999964319855185,-0.9999922451107631,0.9999992805744355,-0.9999982754479574,0.9999973343441765,0.9999973343441785,-0.9999962446810887,-0.9999962446810893,1.0000050695994165,0.9999957148395736,-1.0000052657662803,1.000005016151879
1.0000052338606618,-1.0000046198442183,1.000002903171371,1.0000052338606666,1.0000014986966663,-1.0000015557995885,-1.0000020249955108,1.0000014399747479,1.0000000010270982,-1.0000015793412325,1.0000004443598642,1.000003311903643,-0.9999999770570858,-1.0000031153796043,-1.000004553119352,-0.9999973691091087,1.0000000031053764,-1.0000016629553325,1.0000003238644697,-0.9999987713435344,-0.9999999644788488,0.999996431985526,-0.9999922451107683,0.9999992805744434,-0.9999982754479646,0.9999973343441838,0.9999973343441866,-0.999996244681095,-0.999996244681096,1.0000050695994223,0.999995714839579,-1.0000052657662863,1.0000050161518867
-1.0000053808707539,1.000004762192188,-1.0000030462624938,-1.0000053808707576,-1.0000016379875996,1.0000016952653699,1.0000016952653623,-1.0000015793412274,-1.0000015793412325,1.000000001224244,-1.000001051846873,-1.0000039137825107,1.0000001127091576,1.0000032473708849,1.0000046872292505,0.9999975104095952,-1.0000001375613108,1.000001331741234,-1.0000004643862224,0.9999989099606332,1.000000107587064,-0.9999965729852439,0.9999923925922645,-0.9999994180205096,0.9999984159594218,-0.9999974782498158,-0.9999974782498191,0.9999963895659639,0.9999963895659644,-1.0000052036354476,-0.999995859797724,1.0000053999328378,-1.0000051503091807
1.000004247301646,-1.0000036329976778,1.0000019159785642,1.0000042473016508,1.0000005019689038,-1.0000005593361845,-1.0000005593361767,1.000000444359858,1.0000004443598642,-1.000001051846873,0.9999999996068979,1.0000023138138143,-0.99999945151487,-1.0000021175000864,-1.0000035536642617,-0.9999963719048911,0.9999990065781327,-1.0000001989732838,0.9999993310654446,-0.9999977796257534,-0.9999989760792796,0.9999954417705321,-0.9999912544293904,0.9999982874512006,-0.9999972810846037,0.9999963392883342,0.9999963392883361,-0.9999952488023097,-0.9999952488023109,1.000004070230269,0.9999947187010464,-1.0000042654629338,1.0000040158117116
1.00000709294424,-1.0000064746274233,1.0000047654765776,1.0000070929442437,1.0000033692403105,-1.0000034269461346,-1.000003426946127,1.0000033119036367,1.000003311903643,-1.0000039137825107,1.0000023138138143,1.0000000036868686,-1.0000018450213342,-1.000005441229945,-1.0000068786677028,-0.9999992396771331,1.0000018657801615,-1.0000030645608615,1.0000021996993178,-1.0000006443598843,-1.0000018329701665,0.999998302784492,-0.9999941241038693,1.0000011550093866,-1.0000001582093425,0.9999992230453784,0.9999992230453815,-0.9999981349760324,-0.9999981349760333,1.0000069263947573,0.9999976052728974,-1.000007120604325,1.0000068707924
-1.0000037587925816,1.0000031533567273,-1.0000014421989274,-1.0000037587925872,-1.000000031104703,1.0000000891532796,1.0000000891532723,-0.999999977057079,-0.9999999770570858,1.0000001127091576,-0.99999945151487,-1.0000018450213342,0.9999999989469092,1.0000016508244505,1.0000030770089536,0.9999958939221063,-0.9999990111043207,0.9999997362573418,-0.9999988702313606,0.9999973234660219,0.9999985071551505,-0.9999949785431255,0.9999907797724943,-0.9999983029846816,0.9999968250720933,-0.9999958782701062,-0.9999958782701087,0.9999947849457895,0.9999947849457904,-1.0000035944935852,-0.9999942542491279,1.0000037852072836,-1.0000035352802847
-1.0000068908861772,1.0000062749451162,-1.000004567324275,-1.0000068908861806,-1.0000031717663098,1.0000032296523693,1.000003229652361,-1.0000031153795974,-1.0000031153796043,1.0000032473708849,-1.0000021175000864,-1.000005441229945,1.0000016508244505,1.0000000034063954,1.0000062104722185,0.9999990403167055,-1.0000021391901954,1.0000028692694558,-1.0000020049118976,1.0000004508554898,1.0000016360855644,-0.9999981074101625,0.9999939256606332,-1.000000962192741,0.9999999648169866,-0.9999990283368198,-0.9999990283368224,0.9999979395313359,0.9999979395313382,-1.0000071968345865,-0.9999974096790745,1.0000069206442215,-1.0000066707595412
-1.0000083506588295,1.000007723357128,-1.000006009947854,-1.000008350658833,-1.0000046137662313,1.0000046708880983,1.0000046708880912,-1.0000045531193458,-1.000004553119352,1.0000046872292505,-1.0000035536642617,-1.0000068786677028,1.0000030770089536,1.0000062104722185,1.0000000054619576,1.0000004906399032,-1.0000031029188936,1.0000043011197786,-1.000003434876167,1.0000018743223613,1.0000030739720587,-0.9999995389150537,0.9999953722975171,-1.000002382665817,1.0000013887730153,-1.0000004589783962,-1.000000458978399,0.9999993736825639,0.9999993736825665,-1.0000081736877922,-0.9999988444997008,1.0000083719868182,-1.0000085916014674
-1.0000012014069768,1.0000005743977831,-0.9999988494942229,-1.000001201406981,-0.9999974316627046,0.9999974881072212,0.9999974881072141,-0.9999973691091016,-0.9999973691091087,0.9999975104095952,-0.9999963719048911,-0.9999992396771331,0.9999958939221063,0.9999990403167055,1.0000004906399032,0.9999999952287808,-0.9999963957389764,0.9999971171464069,-0.9999962466315585,0.9999946880336658,0.9999959028785804,-0.9999923602865308,0.9999881892894159,-0.9999951914671507,0.9999941868909471,-0.9999932515144531,-0.9999932515144564,0.9999921644487578,0.9999921644487597,-1.0000010059398143,-0.9999916349567771,1.0000012074399227,-1.0000009581639098
1.0000037872734868,-1.0000031744001239,1.0000014635156356,1.0000037872734924,1.0000000591816642,-1.0000001169848625,-1.0000001169848547,1.0000000031053704,1.0000000031053764,-1.0000001375613108,0.9999990065781327,1.0000018657801615,-0.9999990111043207,-1.0000021391901954,-1.0000031029188936,-0.9999963957389764,0.9999999989744044,-0.9999997585325879,0.999998892875154,-0.9999973412861513,-0.9999985290913375,0.9999949989366965,-0.9999908114419581,0.9999978513246183,-0.9999968485063042,0.9999959079259725,0.9999959079259757,-0.999994817440828,-0.999994817440829,1.0000036200142537,0.999994287273147,-1.0000038129820992,1.000003563145382
-1.0000049753321574,1.0000043662791258,-1.000002653271178,-1.000004975332162,-1.000001250296144,1.000001307830031,1.0000013078300207,-1.000001662955326,-1.0000016629553325,1.000001331741234,-1.0000001989732838,-1.0000030645608615,0.9999997362573418,1.0000028692694558,1.0000043011197786,0.9999971171464069,-0.9999997585325879,1.0000000006777803,-1.0000005510269727,0.9999985321577831,0.9999997176346757,-0.9999961885841155,0.9999919954235932,-0.9999990432086105,0.9999980376056801,-0.9999970940973847,-0.9999970940973869,0.9999960030266162,0.999996003026618,-1.0000048181417696,-0.9999954729126885,1.000005011585175,-1.0000047618062773
1.0000041137495146,-1.0000035071510724,1.0000017916569552,1.0000041137495188,1.0000003798483106,-1.000000437387074,-1.0000004373870655,1.0000003238644646,1.0000003238644697,-1.0000004643862224,0.9999993310654446,1.0000021996993178,-0.9999988702313606,-1.0000020049118976,-1.000003434876167,-0.9999962466315585,0.999998892875154,-1.0000005510269727,0.9999999994386767,-0.9999981350558182,-0.9999988534761903,0.9999953231737957,-0.9999911253502146,0.9999981762240389,-0.99999716691807,0.9999962204063024,0.999996220406306,-0.9999951280985815,-0.9999951280985823,1.0000039518660728,0.9999945977784804,-1.000004145045616,1.0000038952958574
-1.0000025460162256,1.000001944246504,-1.00000023395977,-1.0000025460162294,-0.9999988246371174,0.99999888276126,0.9999988827612518,-0.999998771343528,-0.9999987713435344,0.9999989099606332,-0.9999977796257534,-1.0000006443598843,0.9999973234660219,1.0000004508554898,1.0000018743223613,0.9999946880336658,-0.9999973412861513,0.9999985321577831,-0.9999981350558182,0.9999999972334821,0.9999973000411155,-0.9999942429700982,0.9999895701823145,-0.9999971030184476,0.9999956245718197,-0.9999946759801945,-0.9999946759801959,0.9999935821179333,0.9999935821179347,-1.0000023919726224,-0.9999930514325241,1.0000025818511593,-1.0000023318907223
-1.0000037381084006,1.0000031207926183,-1.0000018821008632,-1.0000037381084044,-1.0000000217038039,1.000000079406322,1.0000000794063149,-0.9999999644788418,-0.9999999644788488,1.000000107587064,-0.9999989760792796,-1.0000018329701665,0.9999985071551505,1.0000016360855644,1.0000030739720587,0.9999959028785804,-0.9999985290913375,0.9999997176346757,-0.9999988534761903,0.9999973000411155,0.9999999989176352,-0.9999954246750936,0.9999907764538398,-0.9999978159567549,0.9999968235956511,-0.9999958903616898,-0.9999958903616926,0.9999948038562209,0.9999948038562222,-1.000003590769043,-0.9999942747471594,1.0000037854405686,-1.0000035356829498
1.0000002078653478,-0.9999995975915192,0.9999978880264168,1.0000002078653512,0.9999964875375678,-0.9999965453952694,-0.9999965453952613,0.9999964319855185,0.999996431985526,-0.9999965729852439,0.9999954417705321,0.999998302784492,-0.9999949785431255,-0.9999981074101625,-0.9999995389150537,-0.9999923602865308,0.9999949989366965,-0.9999961885841155,0.9999953231737957,-0.9999942429700982,-0.9999954246750936,0.9999999938859944,-0.999987707112026,0.9999942876052204,-0.9999932867244032,0.999992346096191,0.9999923460961935,-0.9999912560546163,-0.9999912560546177,1.0000000560620317,0.9999907261743073,-1.0000002487073423,0.999999998871416
-0.9999960654355164,0.9999954432248601,-0.9999937205016505,-0.9999960654355212,-0.9999923063999913,0.9999923630225435,0.9999923630225367,-0.9999922451107631,-0.9999922451107683,0.9999923925922645,-0.9999912544293904,-0.9999941241038693,0.9999907797724943,0.9999939256606332,0.9999953722975171,0.9999881892894159,-0.9999908114419581,0.9999919954235932,-0.9999911253502146,0.9999895701823145,0.9999907764538398,-0.999987707112026,0.9999999879178116,-0.9999900778537749,0.9999890742888553,-0.9999881374458416,-0.9999881374458454,0.9999870501135957,0.9999870501135966,-0.9999958878356162,-0.9999865207735285,0.9999960880836315,-0.9999958387557752
1.0000030642717135,-1.0000024656895468,1.0000007529420931,1.0000030642717173,0.9999993329722845,-0.9999993911754916,-0.9999993911754838,0.9999992805744355,0.9999992805744434,-0.9999994180205096,0.9999982874512006,1.0000011550093866,-0.9999983029846816,-1.000000962192741,-1.000002382665817,-0.9999951914671507,0.9999978513246183,-0.9999990432086105,0.9999981762240389,-0.9999971030184476,-0.9999978159567549,0.9999942876052204,-0.9999900778537749,0.9999999979623128,-0.9999965956655755,0.9999951726573237,0.9999951726573257,-0.9999940760565971,-0.9999940760565982,1.000002900421159,0.9999935446687512,-1.0000030894395826,1.0000028394605402
-1.0000020932840918,1.0000014936982484,-0.9999997707507415,-1.000002093284096,-0.9999983295061763,0.9999983871773378,0.999998387177329,-0.9999982754479574,-0.9999982754479646,0.9999984159594218,-0.9999972810846037,-1.0000001582093425,0.9999968250720933,0.9999999648169866,1.0000013887730153,0.9999941868909471,-0.9999968485063042,0.9999980376056801,-0.99999716691807,0.9999956245718197,0.9999968235956511,-0.9999932867244032,0.9999890742888553,-0.9999965956655755,0.9999999965023451,-0.9999946053922276,-0.999994605392232,0.9999930366405334,0.9999930366405347,-1.0000019058479963,-0.9999925043981187,1.0000020976058979,-1.0000018478654795
1.0000011812473937,-1.0000005769958444,0.9999988455145982,1.000001181247397,0.9999973910294407,-0.9999974480728036,-0.9999974480727957,0.9999973343441765,0.9999973343441838,-0.9999974782498158,0.9999963392883342,0.9999992230453784,-0.9999958782701062,-0.9999990283368198,-1.0000004589783962,-0.9999932515144531,0.9999959079259725,-0.9999970940973847,0.9999962204063024,-0.9999946759801945,-0.9999958903616898,0.999992346096191,-0.9999881374458416,0.9999951726573237,-0.9999946053922276,0.999999995131731,0.9999931748104272,-0.9999925441625009,-0.9999920749665697,1.0000009752298786,0.9999915425428144,-1.0000011706968273,1.0000009212242071
1.0000011812473966,-1.0000005769958458,0.9999988455146004,1.0000011812474001,0.9999973910294429,-0.9999974480728065,-0.999997448072799,0.9999973343441785,0.9999973343441866,-0.9999974782498191,0.9999963392883361,0.9999992230453815,-0.9999958782701087,-0.9999990283368224,-1.000000458978399,-0.9999932515144564,0.9999959079259757,-0.9999970940973869,0.999996220406306,-0.9999946759801959,-0.9999958903616926,0.9999923460961935,-0.9999881374458454,0.9999951726573257,-0.999994605392232,0.9999931748104272,0.999999995131731,-0.9999920749665697,-0.9999925441625017,1.0000009752298815,0.9999915425428174,-1.0000011706968304,1.0000009212242091
-1.0000001045458788,0.999999497516918,-0.9999977624509697,-1.0000001045458822,-0.9999963026405315,0.9999963594086027,0.9999963594085944,-0.9999962446810887,-0.999996244681095,0.9999963895659639,-0.9999952488023097,-0.9999981349760324,0.9999947849457895,0.9999979395313359,0.9999993736825639,0.9999921644487578,-0.999994817440828,0.9999960030266162,-0.9999951280985815,0.9999935821179333,0.9999948038562209,-0.9999912560546163,0.9999870501135957,-0.9999940760565971,0.9999930366405334,-0.9999925441625009,-0.9999920749665697,0.9999999935626319,0.9999909749747856,-0.9999998895556257,-0.9999909116082436,1.000000086777517,-0.9999998374226022
-1.000000104545879,0.99999949751692,-0.9999977624509697,-1.0000001045458842,-0.999996302640532,0.9999963594086034,0.999996359408594,-0.9999962446810893,-0.999996244681096,0.9999963895659644,-0.9999952488023109,-0.9999981349760333,0.9999947849457904,0.9999979395313382,0.9999993736825665,0.9999921644487597,-0.999994817440829,0.999996003026618,-0.9999951280985823,0.9999935821179347,0.9999948038562222,-0.9999912560546177,0.9999870501135966,-0.9999940760565982,0.9999930366405347,-0.9999920749665697,-0.9999925441625017,0.9999909749747856,0.9999999935626319,-0.9999998895556271,-0.9999909116082439,1.0000000867775183,-0.9999998374226037
1.0000088661482665,-1.0000082399509787,1.000006526673469,1.0000088661482702,1.0000051299356651,-1.0000051870993585,-1.0000051870993507,1.0000050695994165,1.0000050695994223,-1.0000052036354476,1.000004070230269,1.0000069263947573,-1.0000035944935852,-1.0000071968345865,-1.0000081736877922,-1.0000010059398143,1.0000036200142537,-1.0000048181417696,1.0000039518660728,-1.0000023919726224,-1.000003590769043,1.0000000560620317,-0.9999958878356162,1.000002900421159,-1.0000019058479963,1.0000009752298786,1.0000009752298815,-0.9999998895556257,-0.9999998895556271,1.0000000061982859,0.9999993603048065,-1.0000093569969566,1.0000086382016002
0.9999995773657155,-0.9999989697652267,0.9999972340320877,0.9999995773657184,0.999995773017439,-0.9999958297416388,-0.9999958297416283,0.9999957148395736,0.999995714839579,-0.999995859797724,0.9999947187010464,0.9999976052728974,-0.9999942542491279,-0.9999974096790745,-0.9999988444997008,-0.9999916349567771,0.999994287273147,-0.9999954729126885,0.9999945977784804,-0.9999930514325241,-0.9999942747471594,0.9999907261743073,-0.9999865207735285,0.9999935446687512,-0.9999925043981187,0.9999915425428144,0.9999915425428174,-0.9999909116082436,-0.9999909116082439,0.9999993603048065,0.9999999928028517,-0.9999995578397131,0.9999993085049939
-1.0000090681188756,1.0000084365910022,-1.0000067221593223,-1.0000090681188798,-1.0000053277930865,1.0000053847009607,1.0000053847009525,-1.0000052657662803,-1.0000052657662863,1.0000053999328378,-1.0000042654629338,-1.000007120604325,1.0000037852072836,1.0000069206442215,1.0000083719868182,1.0000012074399227,-1.0000038129820992,1.000005011585175,-1.000004145045616,1.0000025818511593,1.0000037854405686,-1.0000002487073423,0.9999960880836315,-1.0000030894395826,1.0000020976058979,-1.0000011706968273,-1.0000011706968304,1.000000086777517,1.0000000867775183,-1.0000093569969566,-0.9999995578397131,1.0000000064820709,-1.0000093074394996
1.0000088186694163,-1.0000081868035422,1.0000064723802136,1.0000088186694192,1.0000050782639713,-1.0000051351623263,-1.0000051351623187,1.000005016151879,1.0000050161518867,-1.0000051503091807,1.0000040158117116,1.0000068707924,-1.0000035352802847,-1.0000066707595412,-1.0000085916014674,-1.0000009581639098,1.000003563145382,-1.0000047618062773,1.0000038952958574,-1.0000023318907223,-1.0000035356829498,0.999999998871416,-0.9999958387557752,1.0000028394605402,-1.0000018478654795,1.0000009212242071,1.0000009212242091,-0.9999998374226022,-0.9999998374226037,1.0000086382016002,0.9999993085049939,-1.0000093074394996,1.0000000061261507
