1.0000000065823258,-1.0000117914148485,-1.000009102447861,-1.000005016854675,-1.000009102447864,1.0000148810646436,1.0000044636748782,1.000003698210036,-1.000016418900438,1.0000017689385814,-1.0000015105476117,-1.0000020832307932,1.0000017227607967,1.0000014990549824,-1.0000019219432505,1.0000023307385077,-1.0000014972385642,-1.0000039828950062,-1.000002157827136,1.000001690717029
-1.0000117914148485,1.0000000111307286,1.000012824876876,1.0000087392709127,1.0000128248768783,-1.0000174981452101,-1.000007633404924,-1.0000068679383103,1.0000195886685466,-1.0000049386624104,1.0000046802702924,1.0000052529558463,-1.0000048924837854,-1.0000046687777044,1.0000050916676695,-1.0000055004644663,1.0000046669610347,1.0000071526235104,1.0000053275511087,-1.000004860439824
-1.000009102447861,1.000012824876876,1.0000000072722137,1.0000060503133792,1.0000101359085736,-1.000015361845353,-1.000004944450489,-1.0000041789852478,1.000016899681897,-1.0000022497127947,1.000001991321708,1.0000025640051524,-1.000002203535008,-1.0000019798290711,1.0000024027175354,-1.0000028115129842,1.0000019780126606,1.000004463670381,1.0000026386015743,-1.0000021714912304
-1.000005016854675,1.0000087392709127,1.0000060503133792,1.0000000014096384,1.0000060503133814,-1.0000112762289801,-1.0000003061933125,-0.9999995407289689,1.000012814059037,-0.999998164141318,0.9999979057523346,0.9999984784316733,-0.999998117965984,-0.9999978942594908,0.9999983171451039,-0.9999987259381267,0.9999978924438856,1.0000003780977333,0.9999985530321013,-0.999998085922627
-1.000009102447864,1.0000128248768783,1.0000101359085736,1.0000060503133814,1.0000000072722137,-1.0000153618453562,-1.000004944450491,-1.0000041789852512,1.0000168996818992,-1.0000022497127983,1.000001991321712,1.000002564005156,-1.0000022035350113,-1.000001979829074,1.0000024027175383,-1.0000028115129882,1.000001978012663,1.0000044636703833,1.0000026386015777,-1.0000021714912328
1.0000148810646436,-1.0000174981452101,-1.000015361845353,-1.0000112762289801,-1.0000153618453562,1.0000000147711423,1.0000101703601176,1.000009404891747,-1.0000215729718518,1.0000074756114166,-1.000007217218535,-1.000007789905729,1.000007429432461,1.000007205725942,-1.0000076286171005,1.000008037415019,-1.0000072039091947,-1.0000096895774688,-1.0000078645007788,1.0000073973883905
1.0000044636748782,-1.000007633404924,-1.000004944450489,-1.0000003061933125,-1.000004944450491,1.0000101703601176,0.9999999998227984,0.9999989875559987,-1.0000117081884718,0.9999970582891521,-0.9999967999002426,-0.9999973725793023,0.9999970121134,0.9999967884074665,-0.9999972112928324,0.9999976200855487,-0.9999967865916977,-0.9999987195588533,-0.9999974471787468,0.999996980070019
1.000003698210036,-1.0000068679383103,-1.0000041789852478,-0.9999995407289689,-1.0000041789852512,1.000009404891747,0.9999989875559987,0.9999999987244015,-1.000010942718702,0.9999962928131979,-0.9999960344264245,-0.999996607101799,0.9999962466417134,0.9999960229331759,-0.999996445816165,0.9999968546071925,-0.9999960211189026,-0.9999985067787432,-0.9999961290267041,0.9999962145988975
-1.000016418900438,1.0000195886685466,1.000016899681897,1.000012814059037,1.0000168996818992,-1.0000215729718518,-1.0000117081884718,-1.000010942718702,1.0000000169778598,-1.0000090134348467,1.0000087550416534,1.0000093277295885,-1.000008967256018,-1.000008743549019,1.0000091664407402,-1.000009575239233,1.00000874173234,1.0000112274050705,1.0000094023251365,-1.0000089352119232
1.0000017689385814,-1.0000049386624104,-1.0000022497127947,-0.999998164141318,-1.0000022497127983,1.0000074756114166,0.9999970582891521,0.9999962928131979,-1.0000090134348467,0.9999999959559873,-0.9999935524496164,-0.9999941251156793,0.9999943173528595,0.9999940936377324,-0.9999945165147041,0.9999949253014653,-0.9999940918272456,-0.9999965775127392,-0.9999947524259805,0.9999942853114787
-1.0000015105476117,1.0000046802702924,1.000001991321708,0.9999979057523346,1.000001991321712,-1.000007217218535,-0.9999967999002426,-0.9999960344264245,1.0000087550416534,-0.9999935524496164,0.9999999955852247,0.9999944194173617,-0.9999935062870164,-0.9999932825732024,0.9999942581335542,-0.9999946669208272,0.9999938334445991,0.9999963191239752,0.9999944940414285,-0.999994026927956
-1.0000020832307932,1.0000052529558463,1.0000025640051524,0.9999984784316733,1.000002564005156,-1.000007789905729,-0.9999973725793023,-0.999996607101799,1.0000093277295885,-0.9999941251156793,0.9999944194173617,0.9999999964069668,-0.9999946316388199,-0.9999944079227725,0.9999948307992526,-0.9999952395857256,0.9999944061127413,0.999996891802723,0.9999950667128581,-0.9999945995975954
1.0000017227607967,-1.0000048924837854,-1.000002203535008,-0.999998117965984,-1.0000022035350113,1.000007429432461,0.9999970121134,0.9999962466417134,-1.000008967256018,0.9999943173528595,-0.9999935062870164,-0.9999946316388199,0.999999995889747,0.9999940474756116,-0.999994470354596,0.9999948791426978,-0.9999940456636414,-0.9999965313370491,-0.9999941535759931,0.9999942391460547
1.0000014990549824,-1.0000046687777044,-1.0000019798290711,-0.9999978942594908,-1.000001979829074,1.000007205725942,0.9999967884074665,0.9999960229331759,-1.000008743549019,0.9999940936377324,-0.9999932825732024,-0.9999944079227725,0.9999940474756116,0.9999999955687314,-0.9999936939564854,0.9999946554261617,-0.9999932692679374,-0.9999963076312002,-0.9999944825477475,0.9999940154340538
-1.0000019219432505,1.0000050916676695,1.0000024027175354,0.9999983171451039,1.0000024027175383,-1.0000076286171005,-0.9999972112928324,-0.999996445816165,1.0000091664407402,-0.9999945165147041,0.9999942581335542,0.9999948307992526,-0.999994470354596,-0.9999936939564854,0.9999999961755346,-0.9999945256198689,0.9999942448287684,0.9999967305163394,0.9999949054281414,-0.9999944383132864
1.0000023307385077,-1.0000055004644663,-1.0000028115129842,-0.9999987259381267,-1.0000028115129882,1.000008037415019,0.9999976200855487,0.9999968546071925,-1.000009575239233,0.9999949253014653,-0.9999946669208272,-0.9999952395857256,0.9999948791426978,0.9999946554261617,-0.9999945256198689,0.999999996762119,-0.9999946536163635,-0.9999971393088442,-0.9999953142172392,0.9999948471015482
-1.0000014972385642,1.0000046669610347,1.0000019780126606,0.9999978924438856,1.000001978012663,-1.0000072039091947,-0.9999967865916977,-0.9999960211189026,1.00000874173234,-0.9999940918272456,0.9999938334445991,0.9999944061127413,-0.9999940456636414,-0.9999932692679374,0.9999942448287684,-0.9999946536163635,0.9999999955661323,0.9999963058154436,0.999994480734887,-0.9999934609393358
-1.0000039828950062,1.0000071526235104,1.000004463670381,1.0000003780977333,1.0000044636703833,-1.0000096895774688,-0.9999987195588533,-0.9999985067787432,1.0000112274050705,-0.9999965775127392,0.9999963191239752,0.999996891802723,-0.9999965313370491,-0.9999963076312002,0.9999967305163394,-0.9999971393088442,0.9999963058154436,0.9999999991329112,0.9999969664022068,-0.9999964992936888
-1.000002157827136,1.0000053275511087,1.0000026386015743,0.9999985530321013,1.0000026386015777,-1.0000078645007788,-0.9999974471787468,-0.9999961290267041,1.0000094023251365,-0.9999947524259805,0.9999944940414285,0.9999950667128581,-0.9999941535759931,-0.9999944825477475,0.9999949054281414,-0.9999953142172392,0.999994480734887,0.9999969664022068,0.9999999965140465,-0.9999941215337421
1.000001690717029,-1.000004860439824,-1.0000021714912304,-0.999998085922627,-1.0000021714912328,1.0000073973883905,0.999996980070019,0.9999962145988975,-1.0000089352119232,0.9999942853114787,-0.999994026927956,-0.9999945995975954,0.9999942391460547,0.9999940154340538,-0.9999944383132864,0.9999948471015482,-0.9999934609393358,-0.9999964992936888,-0.9999941215337421,0.999999995843769
