0.9999999986951105,-0.9999979856712262,-0.9998363905793712,0.9999992193729158,0.9993473631297534,0.6014714547935186,-0.9634812360281861,0.009032760716773506,-0.6158050663565829,0.9681611397636433,0.9993472256612526,-0.9993476374144905,-0.9993468601886399,0.9993472256612552,-0.999347637414498,-0.9993468601886363,-0.9993473391963755,0.9993476342099847,0.9993470624337147,-0.9999989396097531,0.9999986824277989,0.9999981717915357,-0.9998360113729912,0.999347348813632,0.9998353070207943,-0.9985320651410712,-0.9993477476698376,0.9868039189621941,0.9993477853962329,0.9993477853962287,-0.9895677606588149
-0.9999979856712262,0.9999999990223656,0.9998366245956142,-0.9999994489632232,-0.9993476020785496,-0.6014717492181628,0.9634815358920821,-0.00903260937040878,0.6158051245978373,-0.9681613656029115,-0.999347402656609,0.9993478184540876,0.9993470351731842,-0.999347402656613,0.9993478184540937,0.9993470351731809,0.9993475128350084,-0.9993478120876119,-0.9993472339667013,0.9999991687509409,-0.9999984960475955,-0.9999979856712174,0.9998362375815844,-0.9993475730936673,-0.9998355325258091,0.9985323115886219,0.9993479487848885,-0.9868041935521427,-0.9993479756797438,-0.999347975679739,0.9895679947224684
-0.9998363905793712,0.9998366245956142,1.0000000006724379,-0.9998371079332458,-0.9998377029176689,-0.5869495501600659,0.9584911716964607,-0.02708718316594539,0.6299329789793185,-0.9725253826672443,-0.9985326083052111,0.9985330892020396,0.9985322085694633,-0.9985326083052146,0.9985330892020471,0.9985322085694616,0.9985326649267244,-0.9985330319994064,-0.9985323524530282,0.9998372082730275,-0.9998369247669178,-0.9998363905793669,0.999348167731409,-0.9985335428096542,-0.999347451350558,0.99739297687069,0.9985335436187435,-0.9837212353532767,-0.9985333952756961,-0.998533395275692,0.9920096048087438
0.9999992193729158,-0.9999994489632232,-0.9998371079332458,1.0000000002105123,0.9993485592989477,0.601474061116647,-0.963483264261827,0.009030854661260287,-0.6158046840215953,0.968162220691222,0.9993476675571064,-0.9993481292450336,-0.9993472772214799,0.9993476675571106,-0.9993481292450404,-0.9993472772214762,-0.9993477395961881,0.9993480870109943,0.9993474367661596,-0.9999995859554982,0.9999997356024409,0.9999992193729125,-0.9998366358062634,0.9993483705459492,0.9998363389243053,-0.9985333633043707,-0.9993484860556381,0.9868055918468762,0.9993483909950973,0.999348390995093,-0.9895689085431342
0.9993473631297534,-0.9993476020785496,-0.9998377029176689,0.9993485592989477,1.0000000010650731,0.5722336027993584,-0.9531864113671328,0.045134636486163116,-0.6438557497268895,0.9765712743243161,0.9973917667159168,-0.9973922680329159,-0.9973913569982116,0.9973917667159203,-0.9973922680329226,-0.9973913569982068,-0.9973918069585478,0.9973921949107647,0.9973914842360815,-0.9993482201520093,0.9993479170894232,0.9993473631297481,-0.9985332510641479,0.9973929488105323,0.9985325301295191,-0.9959267907636772,-0.997392826631133,0.9803159680953594,0.9973926212581555,0.9973926212581518,-0.9941262560792685
0.6014714547935186,-0.6014717492181628,-0.5869495501600659,0.601474061116647,0.5722336027993584,1.0000000017667483,-0.793429923251879,-0.793429269445543,0.2590561261981828,0.38234322571613044,0.6299321088777701,-0.6299323870707,-0.6299318640953234,0.6299321088777717,-0.6299323870707028,-0.6299318640953211,-0.6299321712941818,0.6299323775776781,0.6299319819997656,-0.6014731596725853,0.6014723921333036,0.601471454793516,-0.6158033015032035,0.6299322512472306,0.6158027915595343,-0.643855397961762,-0.6299324822748118,0.7228895409635906,0.6299324973692026,0.6299324973691985,-0.480109143107413
-0.9634812360281861,0.9634815358920821,0.9584911716964607,-0.963483264261827,-0.9531864113671328,-0.793429923251879,1.00000000105541,0.25905764652053564,0.3823431118338174,-0.8657795709349604,-0.9725237947488414,0.9725242940651374,0.9725233885155838,-0.9725237947488456,0.9725242940651438,0.9725233885155822,0.9725238285452037,-0.9725242171575366,-0.9725235073804416,0.9634826125527912,-0.9634820490808785,-0.9634812360281815,0.968161667984975,-0.9725250334887626,-0.9681609351129619,0.9765711414453515,0.9725248724817473,-0.9941261357311965,-0.9725246544885693,-0.9725246544885635,0.9148578631886909
0.009032760716773506,-0.00903260937040878,-0.02708718316594539,0.009030854661260287,0.045134636486163116,-0.793429269445543,0.25905764652053564,1.00000000137977,-0.7934287974257048,0.2590573579445959,-0.027087792481404943,0.027087708354230543,0.027087823117871928,-0.027087792481404877,0.02708770835423027,0.027087823117872098,0.027087877711545087,-0.027087790277541813,-0.027087911265710297,-0.009031557904997975,0.009032150063037406,0.009032760716773088,0.009029208854394087,-0.027086456107764556,-0.009029143325235103,0.045134208584973835,0.027087146128259867,-0.15299453642951522,-0.02708746255611402,-0.027087462556111625,-0.15299457190051713
-0.6158050663565829,0.6158051245978373,0.6299329789793185,-0.6158046840215953,-0.6438557497268895,0.2590561261981828,0.3823431118338174,-0.7934287974257048,1.0000000012001182,-0.7934295167035551,-0.5869476061619124,0.5869480228506592,0.5869473092822304,-0.5869476061619142,0.5869480228506633,0.5869473092822276,0.5869475306762025,-0.5869478809368835,-0.5869472845314455,0.6158048871554617,-0.6158050482167654,-0.6158050663565797,0.6014751997047607,-0.5869498938687553,-0.6014747922309124,0.5722338599039452,0.5869490220154947,-0.4801091841146845,-0.5869485296901625,-0.5869485296901624,0.7228894898174992
0.9681611397636433,-0.9681613656029115,-0.9725253826672443,0.968162220691222,0.9765712743243161,0.38234322571613044,-0.8657795709349604,0.2590573579445959,-0.7934295167035551,1.000000000896166,0.9584891261337615,-0.9584896748087954,-0.9584887001090187,0.9584891261337649,-0.9584896748088013,-0.9584887001090151,-0.9584891125832627,0.9584895525194581,0.9584887699815144,-0.9681619204791408,0.9681616514294046,0.9681611397636382,-0.9634834443592365,0.9584910894087546,0.9634827436920957,-0.9531864079669992,-0.9584905594962516,0.9148578447703934,0.958490170568341,0.9584901705683379,-0.9941260894992043
0.9993472256612526,-0.999347402656609,-0.9985326083052111,0.9993476675571064,0.9973917667159168,0.6299321088777701,-0.9725237947488414,-0.027087792481404943,-0.5869476061619124,0.9584891261337615,0.9999999999073192,-0.9999998876665511,-0.9999990777866541,0.9999998700423757,-1.0000003031248894,-0.9999994932449789,-0.9999999600761885,1.000000281790663,0.9999996692283657,-0.9993476030134574,0.9993475340911946,0.999347225661247,-0.9998366737069444,1.0000002033271933,0.9998359817218622,-0.9998369881291229,-1.0000005079796332,0.9920082324409405,1.0000004980808808,1.0000004980808754,-0.983719604083328
-0.9993476374144905,0.9993478184540876,0.9985330892020396,-0.9993481292450336,-0.9973922680329159,-0.6299323870707,0.9725242940651374,0.027087708354230543,0.5869480228506592,-0.9584896748087954,-0.9999998876665511,1.0000000005274174,0.9999999250210035,-1.0000003031248859,1.0000007389039482,0.9999999250209993,1.0000003913493083,-1.0000003001285243,-1.0000000992933742,0.9993480465016618,-0.9993479620642017,-0.9993476374144876,0.9998371362085029,-1.000000670043212,-0.9998364424289573,0.9998374774632907,1.000000957682159,-0.9920087290384837,-1.0000009400753127,-1.000000524616979,0.9837201328020397
-0.9993468601886399,0.9993470351731842,0.9985322085694633,-0.9993472772214799,-0.9973913569982116,-0.6299318640953234,0.9725233885155838,0.027087823117871928,0.5869473092822304,-0.9584887001090187,-0.9999990777866541,0.9999999250210035,0.999999999369936,-0.999999493244985,0.9999999250210097,0.9999991170843752,0.9999995841291223,-0.9999999046340622,-0.999999293863978,0.9993472217608246,-0.9993471605568969,-0.9993468601886346,0.9998362828184196,-0.9999998101611727,-0.9998355917908585,0.9998365836983687,1.0000001231242381,-0.9920078251788237,-1.0000001169766,-1.0000001169765946,0.9837191833417054
0.9993472256612552,-0.999347402656613,-0.9985326083052146,0.9993476675571106,0.9973917667159203,0.6299321088777717,-0.9725237947488456,-0.027087792481404877,-0.5869476061619142,0.9584891261337649,0.9999998700423757,-1.0000003031248859,-0.999999493244985,0.9999999999073192,-0.9999998876665648,-0.9999990777866502,-0.9999999600761915,1.0000002817906661,0.9999996692283688,-0.9993476030134604,0.9993475340911983,0.9993472256612509,-0.9998366737069481,1.000000203327197,0.9998359817218649,-0.9998369881291268,-1.0000005079796361,0.9920082324409433,1.0000004980808843,1.00000049808088,-0.9837196040833303
-0.999347637414498,0.9993478184540937,0.9985330892020471,-0.9993481292450404,-0.9973922680329226,-0.6299323870707028,0.9725242940651438,0.02708770835423027,0.5869480228506633,-0.9584896748088013,-1.0000003031248894,1.0000007389039482,0.9999999250210097,-0.9999998876665648,1.0000000005274174,0.9999999250210069,1.0000003913493147,-1.0000003001285267,-1.0000000992933806,0.9993480465016689,-0.9993479620642074,-0.9993476374144932,0.9998371362085087,-1.0000006700432191,-0.9998364424289635,0.9998374774632979,1.0000009576821653,-0.9920087290384901,-1.0000005246169894,-1.0000009400753138,0.9837201328020462
-0.9993468601886363,0.9993470351731809,0.9985322085694616,-0.9993472772214762,-0.9973913569982068,-0.6299318640953211,0.9725233885155822,0.027087823117872098,0.5869473092822276,-0.9584887001090151,-0.9999994932449789,0.9999999250209993,0.9999991170843752,-0.9999990777866502,0.9999999250210069,0.9999999993699358,0.9999995841291179,-0.9999999046340582,-0.9999992938639747,0.9993472217608195,-0.9993471605568928,-0.9993468601886318,0.9998362828184167,-0.9999998101611702,-0.9998355917908543,0.9998365836983653,1.0000001231242344,-0.9920078251788209,-1.0000001169765955,-1.0000001169765917,0.9837191833417017
-0.9993473391963755,0.9993475128350084,0.9985326649267244,-0.9993477395961881,-0.9973918069585478,-0.6299321712941818,0.9725238285452037,0.027087877711545087,0.5869475306762025,-0.9584891125832627,-0.9999999600761885,1.0000003913493083,0.9999995841291223,-0.9999999600761915,1.0000003913493147,0.9999995841291179,1.000000000036698,-0.9999999559065812,-0.9999993457677449,0.9993476900821013,-0.9993476340826796,-0.999347339196371,0.9998367445685137,-1.000000270401636,-0.9998360538258316,0.9998370386519154,1.000000586690885,-0.9920082751853802,-1.000000582043019,-1.0000005820430145,0.9837196171013877
0.9993476342099847,-0.9993478120876119,-0.9985330319994064,0.9993480870109943,0.9973921949107647,0.6299323775776781,-0.9725242171575366,-0.027087790277541813,-0.5869478809368835,0.9584895525194581,1.000000281790663,-1.0000003001285243,-0.9999999046340622,1.0000002817906661,-1.0000003001285267,-0.9999999046340582,-0.9999999559065812,1.0000000004951985,1.0000000801829056,-0.9993480184385257,0.9993479461452592,0.9993476342099815,-0.9998370932926822,1.0000006238958774,0.9998364007641083,-0.9998374144606507,-1.0000009240668206,0.9920086589689215,1.000000912142883,1.0000009121428788,-0.9837200341609342
0.9993470624337147,-0.9993472339667013,-0.9985323524530282,0.9993474367661596,0.9973914842360815,0.6299319819997656,-0.9725235073804416,-0.027087911265710297,-0.5869472845314455,0.9584887699815144,0.9999996692283657,-1.0000000992933742,-0.999999293863978,0.9999996692283688,-1.0000000992933806,-0.9999992938639747,-0.9999993457677449,1.0000000801829056,0.999999999623009,-0.9993473967576791,0.9993473488558656,0.9993470624337092,-0.9998364409510411,0.9999999642268802,0.9998357511668324,-0.9998367214030798,-1.0000002883273942,0.992007954582011,1.000000287188831,1.0000002871888256,-0.9837192820492513
-0.9999989396097531,0.9999991687509409,0.9998372082730275,-0.9999995859554982,-0.9993482201520093,-0.6014731596725853,0.9634826125527912,-0.009031557904997975,0.6158048871554617,-0.9681619204791408,-0.9993476030134574,0.9993480465016618,0.9993472217608246,-0.9993476030134604,0.9993480465016689,0.9993472217608195,0.9993476900821013,-0.9993480184385257,-0.9993473967576791,0.9999999997959925,-0.999999037160706,-0.9999989396097493,0.9998367699969344,-0.99934809477451,-0.9998360607927423,0.9985329855176445,0.9993483135838536,-0.9868050739163002,-0.9993482669133612,-0.9993482669133564,0.9895685862053832
0.9999986824277989,-0.9999984960475955,-0.9998369247669178,0.9999997356024409,0.9993479170894232,0.6014723921333036,-0.9634820490808785,0.009032150063037406,-0.6158050482167654,0.9681616514294046,0.9993475340911946,-0.9993479620642017,-0.9993471605568969,0.9993475340911983,-0.9993479620642074,-0.9993471605568928,-0.9993476340826796,0.9993479461452592,0.9993473488558656,-0.999999037160706,0.9999999994244878,0.9999986824277943,-0.9998365152401041,0.9993478457241827,0.9998358084346085,-0.9985326507147205,-0.9993481525196556,0.9868046221375025,0.9993481470950244,0.9993481470950204,-0.9895682976494382
0.9999981717915357,-0.9999979856712174,-0.9998363905793669,0.9999992193729125,0.9993473631297481,0.601471454793516,-0.9634812360281815,0.009032760716773088,-0.6158050663565797,0.9681611397636382,0.999347225661247,-0.9993476374144876,-0.9993468601886346,0.9993472256612509,-0.9993476374144932,-0.9993468601886318,-0.999347339196371,0.9993476342099815,0.9993470624337092,-0.9999989396097493,0.9999986824277943,0.9999999986951105,-0.9998360113729878,0.999347348813628,0.9998353070207895,-0.9985320651410666,-0.9993477476698316,0.9868039189621899,0.9993477853962278,0.9993477853962244,-0.9895677606588096
-0.9998360113729912,0.9998362375815844,0.999348167731409,-0.9998366358062634,-0.9985332510641479,-0.6158033015032035,0.968161667984975,0.009029208854394087,0.6014751997047607,-0.9634834443592365,-0.9998366737069444,0.9998371362085029,0.9998362828184196,-0.9998366737069481,0.9998371362085087,0.9998362828184167,0.9998367445685137,-0.9998370932926822,-0.9998364409510411,0.9998367699969344,-0.9998365152401041,-0.9998360113729878,0.9999999999719013,-0.999836963831387,-0.9999988333521154,0.9993483119141705,0.9998374947325277,-0.9895684971970296,-0.999837399275467,-0.9998373992754643,0.9868056358555286
0.999347348813632,-0.9993475730936673,-0.9985335428096542,0.9993483705459492,0.9973929488105323,0.6299322512472306,-0.9725250334887626,-0.027086456107764556,-0.5869498938687553,0.9584910894087546,1.0000002033271933,-1.000000670043212,-0.9999998101611727,1.000000203327197,-1.0000006700432191,-0.9999998101611702,-1.000000270401636,1.0000006238958774,0.9999999642268802,-0.99934809477451,0.9993478457241827,0.999347348813628,-0.999836963831387,1.0000000006798813,0.9998366666303337,-0.9998375929419141,-1.0000006318884727,0.9920093655627249,1.0000009419976956,1.0000009419976905,-0.9837211898979041
0.9998353070207943,-0.9998355325258091,-0.999347451350558,0.9998363389243053,0.9985325301295191,0.6158027915595343,-0.9681609351129619,-0.009029143325235103,-0.6014747922309124,0.9634827436920957,0.9998359817218622,-0.9998364424289573,-0.9998355917908585,0.9998359817218649,-0.9998364424289635,-0.9998355917908543,-0.9998360538258316,0.9998364007641083,0.9998357511668324,-0.9998360607927423,0.9998358084346085,0.9998353070207895,-0.9999988333521154,0.9998366666303337,0.9999999989565765,-0.9993475875791478,-0.9998367924066298,0.9895677644433079,0.9998367017215258,0.9998367017215211,-0.9868049207919394
-0.9985320651410712,0.9985323115886219,0.99739297687069,-0.9985333633043707,-0.9959267907636772,-0.643855397961762,0.9765711414453515,0.045134208584973835,0.5722338599039452,-0.9531864079669992,-0.9998369881291229,0.9998374774632907,0.9998365836983687,-0.9998369881291268,0.9998374774632979,0.9998365836983653,0.9998370386519154,-0.9998374144606507,-0.9998367214030798,0.9985329855176445,-0.9985326507147205,-0.9985320651410666,0.9993483119141705,-0.9998375929419141,-0.9993475875791478,1.0000000009897139,0.9998379677902675,-0.9941261280399105,-0.9998378003125428,-0.9998378003125384,0.9803159774691486
-0.9993477476698376,0.9993479487848885,0.9985335436187435,-0.9993484860556381,-0.997392826631133,-0.6299324822748118,0.9725248724817473,0.027087146128259867,0.5869490220154947,-0.9584905594962516,-1.0000005079796332,1.000000957682159,1.0000001231242381,-1.0000005079796361,1.0000009576821653,1.0000001231242344,1.000000586690885,-1.0000009240668206,-1.0000002883273942,0.9993483135838536,-0.9993481525196556,-0.9993477476698316,0.9998374947325277,-1.0000006318884727,-0.9998367924066298,0.9998379677902675,1.0000000008907126,-0.9920092651285567,-1.0000007753766533,-1.0000007753766496,0.9837208605110259
0.9868039189621941,-0.9868041935521427,-0.9837212353532767,0.9868055918468762,0.9803159680953594,0.7228895409635906,-0.9941261357311965,-0.15299453642951522,-0.4801091841146845,0.9148578447703934,0.9920082324409405,-0.9920087290384837,-0.9920078251788237,0.9920082324409433,-0.9920087290384901,-0.9920078251788209,-0.9920082751853802,0.9920086589689215,0.992007954582011,-0.9868050739163002,0.9868046221375025,0.9868039189621899,-0.9895684971970296,0.9920093655627249,0.9895677644433079,-0.9941261280399105,-0.9920092651285567,1.000000000943559,0.9920090719225427,0.9920090719225381,-0.9531867205788337
0.9993477853962329,-0.9993479756797438,-0.9985333952756961,0.9993483909950973,0.9973926212581555,0.6299324973692026,-0.9725246544885693,-0.02708746255611402,-0.5869485296901625,0.958490170568341,1.0000004980808808,-1.0000009400753127,-1.0000001169766,1.0000004980808843,-1.0000005246169894,-1.0000001169765955,-1.000000582043019,1.000000912142883,1.000000287188831,-0.9993482669133612,0.9993481470950244,0.9993477853962278,-0.999837399275467,1.0000009419976956,0.9998367017215258,-0.9998378003125428,-1.0000007753766533,0.9920090719225427,1.0000000008247731,1.0000011555833792,-0.9837205607675388
0.9993477853962287,-0.999347975679739,-0.998533395275692,0.999348390995093,0.9973926212581518,0.6299324973691985,-0.9725246544885635,-0.027087462556111625,-0.5869485296901624,0.9584901705683379,1.0000004980808754,-1.000000524616979,-1.0000001169765946,1.00000049808088,-1.0000009400753138,-1.0000001169765917,-1.0000005820430145,1.0000009121428788,1.0000002871888256,-0.9993482669133564,0.9993481470950204,0.9993477853962244,-0.9998373992754643,1.0000009419976905,0.9998367017215211,-0.9998378003125384,-1.0000007753766496,0.9920090719225381,1.0000011555833792,1.0000000008247731,-0.9837205607675352
-0.9895677606588149,0.9895679947224684,0.9920096048087438,-0.9895689085431342,-0.9941262560792685,-0.480109143107413,0.9148578631886909,-0.15299457190051713,0.7228894898174992,-0.9941260894992043,-0.983719604083328,0.9837201328020397,0.9837191833417054,-0.9837196040833303,0.9837201328020462,0.9837191833417017,0.9837196171013877,-0.9837200341609342,-0.9837192820492513,0.9895685862053832,-0.9895682976494382,-0.9895677606588096,0.9868056358555286,-0.9837211898979041,-0.9868049207919394,0.9803159774691486,0.9837208605110259,-0.9531867205788337,-0.9837205607675388,-0.9837205607675352,1.0000000009756573
