0.9999999997497343,-0.9999995871818694,-0.9999995871818723,0.9999996554291565,0.9999996554291576,2.542893153932964e-17,-2.542724584699228e-17,2.5430694441356384e-17,2.5421764083046084e-17,-2.5432902501378752e-17,-2.5416220076170475e-17,2.5413977557564528e-17,2.541397755764081e-17,-2.541252427113612e-17,-2.541252427119872e-17,-0.9999996252937796,-0.9999996252937808,0.9999995517405664,0.9999995517405643,2.54120278934822e-17
-0.9999995871818694,0.999999999759204,0.9999996737507276,-0.9999995820703558,-0.9999996596301395,2.0184329470337605e-15,-2.0184347893015562e-15,2.0184305700479263e-15,2.018441215345061e-15,-2.018427991754813e-15,-2.0184478737825363e-15,2.0184505675968305e-15,2.0184505610344587e-15,-2.018452319837108e-15,-2.0184523067749728e-15,0.9999996341117968,0.9999996293308232,-0.9999995601892211,-0.9999995556488898,2.0184529249756977e-15
-0.9999995871818723,0.9999996737507276,0.999999999759204,-0.9999996596301403,-0.9999995820703581,1.7945595238971024e-15,-1.7945607092421165e-15,1.7945566236030914e-15,1.794567249577704e-15,-1.7945544503573093e-15,-1.7945740627105954e-15,1.794577192411693e-15,1.794577198973905e-15,-1.7945792577903468e-15,-1.7945792708523518e-15,0.9999996293308241,0.999999634111799,-0.9999995556488931,-0.9999995601892216,1.7945799804062906e-15
0.9999996554291565,-0.9999995820703558,-0.9999996596301403,0.9999999997423663,0.999999645410245,-1.227447281907458e-15,1.2274486059742701e-15,-1.2274450632522449e-15,-1.227453745549099e-15,1.2274430373416442e-15,1.227459582920993e-15,-1.2274620168421106e-15,-1.2274620046524851e-15,1.2274637110108548e-15,1.2274636869654978e-15,-0.9999995422586713,-0.9999996142244598,0.9999995504593076,0.9999995400049073,-1.2274643227159977e-15
0.9999996554291576,-0.9999996596301395,-0.9999995820703581,0.999999645410245,0.9999999997423666,-1.3389187745721002e-15,1.3389198322018998e-15,-1.3389163080494786e-15,-1.338926025062607e-15,1.3389147093263327e-15,1.3389331364066686e-15,-1.3389366424017324e-15,-1.338936654591197e-15,1.338939167710894e-15,1.3389391917561108e-15,-0.9999996142244603,-0.9999995422586766,0.9999995400049088,0.9999995504593076,-1.3389400988338145e-15
2.542893153932964e-17,2.0184329470337605e-15,1.7945595238971024e-15,-1.227447281907458e-15,-1.3389187745721002e-15,0.9999999996826079,-0.9999994930445086,0.9999991148647938,0.9999998861915944,-0.9999987587257709,-1.0000000965250953,1.0000001348033167,1.000000134803315,-1.0000001220876469,-1.0000001220876462,1.9586830545604072e-15,1.5545037970169217e-15,6.898506990637554e-17,1.3599360239581247e-15,1.0000001229410773
-2.542724584699228e-17,-2.0184347893015562e-15,-1.7945607092421165e-15,1.2274486059742701e-15,1.3389198322018998e-15,-0.9999994930445086,0.999999999691019,-0.9999990388220792,-0.9999998103620229,0.9999987635612201,1.0000001016200968,-1.000000138549628,-1.0000001385496262,1.0000001250835202,1.0000001250835207,-1.9586844904182723e-15,-1.5545053066342354e-15,-6.89840829077648e-17,-1.3599351088805049e-15,-1.0000001257309301
2.5430694441356384e-17,2.0184305700479263e-15,1.7945566236030914e-15,-1.2274450632522449e-15,-1.3389163080494786e-15,0.9999991148647938,-0.9999990388220792,0.9999999990298153,0.9999994336542841,-0.9999982206718822,-0.9999996456764435,0.999999683954586,0.9999996839545847,-0.9999996711063208,-0.9999996711063199,1.958681160995726e-15,1.5545014288119818e-15,6.89856724751031e-17,1.3599373277234646e-15,0.9999996717799898
2.5421764083046084e-17,2.018441215345061e-15,1.794567249577704e-15,-1.227453745549099e-15,-1.338926025062607e-15,0.9999998861915944,-0.9999998103620229,0.9999994336542841,1.000000000135978,-0.9999990778834371,-1.000000326894723,1.0000004439382115,1.0000004439382104,-1.0000004289054152,-1.0000004289054152,1.958690016040965e-15,1.5545119242964867e-15,6.898040316285654e-17,1.3599303473301363e-15,1.0000004289808846
-2.5432902501378752e-17,-2.018427991754813e-15,-1.7945544503573093e-15,1.2274430373416442e-15,1.3389147093263327e-15,-0.9999987587257709,0.9999987635612201,-0.9999982206718822,-0.9999990778834371,0.9999999985173287,0.9999992917054658,-0.9999993309704835,-0.9999993309704821,0.9999993186016188,0.9999993186016181,-1.958679273893754e-15,-1.5544991768167682e-15,-6.898633001449395e-17,-1.3599383563314174e-15,-0.999999319339923
-2.5416220076170475e-17,-2.0184478737825363e-15,-1.7945740627105954e-15,1.227459582920993e-15,1.3389331364066686e-15,-1.0000000965250953,1.0000001016200968,-0.9999996456764435,-1.000000326894723,0.9999992917054658,1.000000000432027,-1.0000005660668216,-1.000000566066819,1.0000006314969683,1.0000006314969676,-1.9586956687943106e-15,-1.554518435330211e-15,-6.897637184290925e-17,-1.3599254299946525e-15,-1.0000006307587337
2.5413977557564528e-17,2.0184505675968305e-15,1.794577192411693e-15,-1.2274620168421106e-15,-1.3389366424017324e-15,1.0000001348033167,-1.000000138549628,0.999999683954586,1.0000004439382115,-0.9999993309704835,-1.0000005660668216,1.0000000004812137,1.0000006811114257,-1.0000005848014795,-1.0000006648583348,1.958698129897414e-15,1.554521438178689e-15,6.897441097769953e-17,1.3599229135634842e-15,1.0000006652620248
2.541397755764081e-17,2.0184505610344587e-15,1.794577198973905e-15,-1.2274620046524851e-15,-1.338936654591197e-15,1.000000134803315,-1.0000001385496262,0.9999996839545847,1.0000004439382104,-0.9999993309704821,-1.000000566066819,1.0000006811114257,1.0000000004812137,-1.0000006648583333,-1.000000584801476,1.9586981135264694e-15,1.5545214545494744e-15,6.897443001544238e-17,1.3599228945258982e-15,1.000000665262024
-2.541252427113612e-17,-2.018452319837108e-15,-1.7945792577903468e-15,1.2274637110108548e-15,1.338939167710894e-15,-1.0000001220876469,1.0000001250835202,-0.9999996711063208,-1.0000004289054152,0.9999993186016188,1.0000006314969683,-1.0000005848014795,-1.0000006648583333,1.0000000004586032,1.0000006496016904,-1.9586996530549397e-15,-1.554523323729253e-15,-6.897314087759996e-17,-1.3599212295032474e-15,-1.0000005683797546
-2.541252427119872e-17,-2.0184523067749728e-15,-1.7945792708523518e-15,1.2274636869654978e-15,1.3389391917561108e-15,-1.0000001220876462,1.0000001250835207,-0.9999996711063199,-1.0000004289054152,0.9999993186016181,1.0000006314969676,-1.0000006648583348,-1.000000584801476,1.0000006496016904,1.0000000004586032,-1.958699621127037e-15,-1.5545233556570149e-15,-6.897317762644423e-17,-1.359921192754547e-15,-1.0000005683797517
-0.9999996252937796,0.9999996341117968,0.9999996293308241,-0.9999995422586713,-0.9999996142244603,1.9586830545604072e-15,-1.9586844904182723e-15,1.958681160995726e-15,1.958690016040965e-15,-1.958679273893754e-15,-1.9586956687943106e-15,1.958698129897414e-15,1.9586981135264694e-15,-1.9586996530549397e-15,-1.958699621127037e-15,0.999999999701798,0.9999995815933359,-0.9999994413634069,-0.9999995068093829,1.9587002012082565e-15
-0.9999996252937808,0.9999996293308232,0.999999634111799,-0.9999996142244598,-0.9999995422586766,1.5545037970169217e-15,-1.5545053066342354e-15,1.5545014288119818e-15,1.5545119242964867e-15,-1.5544991768167682e-15,-1.554518435330211e-15,1.554521438178689e-15,1.5545214545494744e-15,-1.554523323729253e-15,-1.5545233556570149e-15,0.9999995815933359,0.999999999701798,-0.9999995068093841,-0.9999994413634069,1.5545240087204952e-15
0.9999995517405664,-0.9999995601892211,-0.9999995556488931,0.9999995504593076,0.9999995400049088,6.898506990637554e-17,-6.89840829077648e-17,6.89856724751031e-17,6.898040316285654e-17,-6.898633001449395e-17,-6.897637184290925e-17,6.897441097769953e-17,6.897443001544238e-17,-6.897314087759996e-17,-6.897317762644423e-17,-0.9999994413634069,-0.9999995068093841,0.9999999995972615,0.9999994321175927,6.89726862026189e-17
0.9999995517405643,-0.9999995556488898,-0.9999995601892216,0.9999995400049073,0.9999995504593076,1.3599360239581247e-15,-1.3599351088805049e-15,1.3599373277234646e-15,1.3599303473301363e-15,-1.3599383563314174e-15,-1.3599254299946525e-15,1.3599229135634842e-15,1.3599228945258982e-15,-1.3599212295032474e-15,-1.359921192754547e-15,-0.9999995068093829,-0.9999994413634069,0.9999994321175927,0.9999999995972615,1.3599206377180426e-15
2.54120278934822e-17,2.0184529249756977e-15,1.7945799804062906e-15,-1.2274643227159977e-15,-1.3389400988338145e-15,1.0000001229410773,-1.0000001257309301,0.9999996717799898,1.0000004289808846,-0.999999319339923,-1.0000006307587337,1.0000006652620248,1.000000665262024,-1.0000005683797546,-1.0000005683797517,1.9587002012082565e-15,1.5545240087204952e-15,6.89726862026189e-17,1.3599206377180426e-15,1.000000000457859
