0.9999999979315182,-0.9999967515057709,-0.9999954397408214,0.9975188301695017,0.9975186206227196,0.10579452557383233,-0.10579708698394459,0.6946720287848733,-0.5277639136188941,0.6946750166480141,-0.694675355318616,0.6946802786572674,-0.9900934461679419,0.9383837231327805,0.9975182204796319,-0.6946854944469428,0.6946879353466315,0.6946879353466302,-0.977683483439009,-0.9999976183715863,0.9776827202405098,-0.9776822787583439,-0.9776822787583398,0.5277650259909534,0.9776818110671944,0.9776818110671894,-0.6946894776568309,-0.6946894776568264,0.6946900138733532,-0.9776816260923524
-0.9999967515057709,0.9999999989802807,0.9999972804034679,-0.9975185344337137,-0.9975181634058887,-0.10579374644650204,0.10579631071353716,-0.6946717852646069,0.5277649725636091,-0.6946746584636341,0.6946750063405691,-0.6946798392632608,0.9900939811857179,-0.9383846705403623,-0.9975188511091956,0.6946849753755113,-0.6946873820269382,-0.6946873820269374,0.9776844074020341,0.9999983369541157,-0.9776837210993107,0.9776833122440057,0.9776833122440035,-0.5277660911604691,-0.9776828643335211,-0.9776828643335191,0.6946889036242806,0.6946889036242803,-0.6946894328866953,0.9776826859900132
-0.9999954397408214,0.9999972804034679,0.9999999971144256,-0.9975182316036775,-0.9975181050954157,-0.10579491055582849,0.10579747040404835,-0.6946720252979431,0.5277632660999274,-0.6946750732133343,0.69467540707283,-0.6946803777890459,0.9900929835655695,-0.938383057333138,-0.997517707328513,0.6946856353280294,-0.6946880941785657,-0.6946880941785649,0.977682823222872,0.999997059527844,-0.9776820212981528,0.977681563398463,0.9776815633984574,-0.5277643753705904,-0.9776810857451935,-0.9776810857451932,0.694689647344273,0.6946896473442739,-0.694690187204606,0.9776808974286788
0.9975188301695017,-0.9975185344337137,-0.9975182316036775,0.999999999812413,0.9900936454478271,0.0355493443918794,-0.03555190204085769,0.6423255302892379,-0.5862343214902275,0.6423283199133092,-0.6423287395386672,0.6423336164470764,-0.9777585566245764,0.9603802605489751,0.9900932671213224,-0.6423388041435848,0.6423412312234695,0.6423412312234645,-0.9900445001733346,-0.9975183508536825,0.990045433951121,-0.9900452543753113,-0.9900452543753111,0.5862354087459122,0.9900449464666973,0.9900449464666932,-0.6423427758831274,-0.642342775883129,0.642343314718493,-0.9900448150630432
0.9975186206227196,-0.9975181634058887,-0.9975181050954157,0.9900936454478271,0.9999999991226441,0.17551239498270738,-0.17551495777187917,0.743572606678825,-0.4666797562396706,0.7435753628534045,-0.7435756518902221,0.7435802700276757,-0.997518899916656,0.9117366803311142,0.9999983351747106,-0.7435851995322217,0.7435875183448268,0.743587518344826,-0.9604758951516257,-0.997518957977615,0.9604747950165877,-0.9604742058527004,-0.9604742058526986,0.46668090874079027,0.9604736485564445,0.9604736485564412,-0.7435889757132232,-0.7435889757132266,0.7435894814861449,-0.9604734336722678
0.10579452557383233,-0.10579374644650204,-0.10579491055582849,0.0355493443918794,0.17551239498270738,1.000000001371098,-1.0000011186520406,0.7887852911589621,0.7887914334103961,0.788786515859447,-0.7887855271304766,0.7887851431898002,-0.2443603331272873,-0.24437848696127615,0.1755120418091419,-0.7887846778659928,0.788784526286187,0.7887845262861926,0.1054690867314651,-0.10579311664836409,-0.10547757698680525,0.10548125893663673,0.10548125893663668,-0.7887910316368266,-0.10548352448082692,-0.10548352448082945,-0.7887842836624458,-0.7887842836624502,0.7887841775344977,0.10548428653324664
-0.10579708698394459,0.10579631071353716,0.10579747040404835,-0.03555190204085769,-0.17551495777187917,-1.0000011186520406,1.0000000017851987,-0.7887860285578429,-0.788788977694315,-0.7887883953617384,0.7887874032989342,-0.7887870588094769,0.24436288393573952,0.2443760703680539,-0.17551460561203766,0.7887866285279426,-0.788786491723093,-0.7887864917230982,-0.10546657919504411,0.10579568258275682,0.10547507885840948,-0.10547876491651566,-0.10547876491651555,0.7887896676481766,0.10548103281936226,0.10548103281936407,0.788786258142701,0.7887862581427054,-0.7887861550574589,-0.10548179565013949
0.6946720287848733,-0.6946717852646069,-0.6946720252979431,0.6423255302892379,0.743572606678825,0.7887852911589621,-0.7887860285578429,1.0000000021440714,0.24436909556703235,1.0000042897319026,-1.0000028004102997,1.0000055140725195,-0.7887851089478871,0.4032746866821011,0.7435720556089394,-1.0000073900939848,1.0000083577066616,1.0000083577066616,-0.5280535781643907,-0.6946710977280751,0.5280476880684317,-0.5280450594175595,-0.5280450594175559,-0.24436807509807548,0.5280433177647826,0.5280433177647809,-1.0000088735154986,-1.0000088735155022,1.0000090401649415,-0.5280427147158594
-0.5277639136188941,0.5277649725636091,0.5277632660999274,-0.5862343214902275,-0.4666797562396706,0.7887914334103961,-0.788788977694315,0.24436909556703235,1.0000000013762806,0.2443693265209336,-0.24436819758572526,0.24436563894179464,0.4032809864889493,-0.7887896333905495,-0.466679787419045,-0.24436273728647212,0.2443614041340926,0.24436140413409704,0.6944292269920265,0.527765330115579,-0.6944362949601358,0.6944392906884564,0.6944392906884544,-1.0000011824953692,-0.6944410105062069,-0.6944410105062075,-0.2443604296892377,-0.2443604296892392,0.24436007014252142,0.694441571790164
0.6946750166480141,-0.6946746584636341,-0.6946750732133343,0.6423283199133092,0.7435753628534045,0.788786515859447,-0.7887883953617384,1.0000042897319026,0.2443693265209336,1.0000000026617106,-1.0000023696092823,1.0000036224348547,-0.7887887476114722,0.4032764472797689,0.743574770521284,-1.000004202863045,1.0000046223614245,1.0000046223614256,-0.5280561236224571,-0.6946738986540096,0.5280507180015749,-0.5280482978777957,-0.5280482978777943,-0.2443683089337765,0.5280466804461502,0.5280466804461511,-1.0000048034246065,-1.0000048034246074,1.0000048575185294,-0.5280461190097713
-0.694675355318616,0.6946750063405691,0.69467540707283,-0.6423287395386672,-0.7435756518902221,-0.7887855271304766,0.7887874032989342,-1.0000028004102997,-0.24436819758572526,-1.0000023696092823,1.0000000022752427,-1.0000023586502156,0.7887889824481171,-0.40327717468065666,-0.7435750628382789,1.0000041236244834,-1.0000045819916976,-1.0000045819916965,0.5280566825285304,0.6946742523445717,-0.5280512377428394,0.5280488007846905,0.5280488007846907,0.24436718002883845,-0.528047173311892,-0.5280471733118902,1.000004786791462,1.0000047867914637,-1.0000048488708677,0.5280466085133926
0.6946802786572674,-0.6946798392632608,-0.6946803777890459,0.6423336164470764,0.7435802700276757,0.7887851431898002,-0.7887870588094769,1.0000055140725195,0.24436563894179464,1.0000036224348547,-1.0000023586502156,1.000000001828059,-0.7887933011044457,0.4032815374093882,0.7435796484602168,-1.0000011165383704,1.0000022338249936,1.000002233824998,-0.5280615466388675,-0.6946790282072102,0.5280564885272742,-0.5280542179424295,-0.528054217942429,-0.24436462253924585,0.5280526895892949,0.5280526895892912,-1.0000021738883065,-1.0000021738883047,1.000002146958219,-0.5280521579874706
-0.9900934461679419,0.9900939811857179,0.9900929835655695,-0.9777585566245764,-0.997518899916656,-0.2443603331272873,0.24436288393573952,-0.7887851089478871,0.4032809864889493,-0.7887887476114722,0.7887889824481171,-0.7887933011044457,0.999999999968793,-0.8805671107756554,-0.997518433326712,0.7887979449467201,-0.7888001411955133,-0.7888001411955149,0.938505192652038,0.9900936186241225,-0.9385037047364896,0.9385029469985449,0.9385029469985436,-0.40328216739281547,-0.9385022883814298,-0.9385022883814327,0.7888015129558278,0.7888015129558278,-0.7888019879812223,0.9385020398076573
0.9383837231327805,-0.9383846705403623,-0.938383057333138,0.9603802605489751,0.9117366803311142,-0.24437848696127615,0.2443760703680539,0.4032746866821011,-0.7887896333905495,0.4032764472797689,-0.40327717468065666,0.4032815374093882,-0.8805671107756554,1.000000000958475,0.9117363965600788,-0.4032862790695591,0.4032884972872313,0.40328849728723054,-0.9900467149988169,-0.938384640444306,0.9900502239729168,-0.9900511633645853,-0.9900511633645754,0.7887916743250638,0.9900515484862877,0.9900515484862868,-0.4032899546299766,-0.40328995462997613,0.4032904703962302,-0.9900516509586827
0.9975182204796319,-0.9975188511091956,-0.997517707328513,0.9900932671213224,0.9999983351747106,0.1755120418091419,-0.17551460561203766,0.7435720556089394,-0.466679787419045,0.743574770521284,-0.7435750628382789,0.7435796484602168,-0.997518433326712,0.9117363965600788,0.9999999984991331,-0.7435845492520909,0.7435868557392826,0.7435868557392802,-0.9604755754550651,-0.9975174577737043,0.9604745015532439,-0.96047392355174,-0.9604739235517383,0.4666809420053984,0.9604733729847793,0.9604733729847774,-0.7435883056318556,-0.7435883056318571,0.7435888088926341,-0.9604731603503713
-0.6946854944469428,0.6946849753755113,0.6946856353280294,-0.6423388041435848,-0.7435851995322217,-0.7887846778659928,0.7887866285279426,-1.0000073900939848,-0.24436273728647212,-1.000004202863045,1.0000041236244834,-1.0000011165383704,0.7887979449467201,-0.4032862790695591,-0.7435845492520909,1.0000000006776404,-0.9999994970230867,-0.9999994970230974,0.5280667351209467,0.6946841139857861,-0.5280620172683642,0.5280598930865352,0.5280598930865338,0.2443617221658756,-0.5280584519475622,-0.5280584519475605,1.000000294728091,1.000000294728095,-1.000000188851185,0.5280579495568033
0.6946879353466315,-0.6946873820269382,-0.6946880941785657,0.6423412312234695,0.7435875183448268,0.788784526286187,-0.788786491723093,1.0000083577066616,0.2443614041340926,1.0000046223614245,-1.0000045819916976,1.0000022338249936,-0.7888001411955133,0.4032884972872313,0.7435868557392826,-0.9999994970230867,1.0000000000478673,1.0000000670258462,-0.5280691565432977,-0.6946864989853146,0.5280645858158494,-0.5280625249206531,-0.5280625249206518,-0.2443603892465465,0.5280611214886989,0.5280611214886971,-0.9999985804381065,-0.999999672889812,0.9999995335956131,-0.5280606317250407
0.6946879353466302,-0.6946873820269374,-0.6946880941785649,0.6423412312234645,0.743587518344826,0.7887845262861926,-0.7887864917230982,1.0000083577066616,0.24436140413409704,1.0000046223614256,-1.0000045819916965,1.000002233824998,-0.7888001411955149,0.40328849728723054,0.7435868557392802,-0.9999994970230974,1.0000000670258462,1.0000000000478673,-0.5280691565432943,-0.6946864989853112,0.5280645858158467,-0.5280625249206502,-0.5280625249206489,-0.24436038924655343,0.5280611214886973,0.5280611214886911,-0.9999996728898097,-0.999998580438116,0.9999995335956172,-0.5280606317250381
-0.977683483439009,0.9776844074020341,0.977682823222872,-0.9900445001733346,-0.9604758951516257,0.1054690867314651,-0.10546657919504411,-0.5280535781643907,0.6944292269920265,-0.5280561236224571,0.5280566825285304,-0.5280615466388675,0.938505192652038,-0.9900467149988169,-0.9604755754550651,0.5280667351209467,-0.5280691565432977,-0.5280691565432943,1.0000000014016097,0.9776843296219994,-1.000001754577559,1.0000031223646904,1.0000031223646868,-0.6944302321394463,-1.0000030951822465,-1.0000030951822454,0.5280707179258487,0.5280707179258454,-0.5280712657323857,1.0000030583345363
-0.9999976183715863,0.9999983369541157,0.999997059527844,-0.9975183508536825,-0.997518957977615,-0.10579311664836409,0.10579568258275682,-0.6946710977280751,0.527765330115579,-0.6946738986540096,0.6946742523445717,-0.6946790282072102,0.9900936186241225,-0.938384640444306,-0.9975174577737043,0.6946841139857861,-0.6946864989853146,-0.6946864989853112,0.9776843296219994,0.9999999986408522,-0.9776836967654657,0.9776833106271025,0.9776833106270985,-0.5277664532506935,-0.9776828764415897,-0.9776828764415884,0.6946880074774815,0.6946880074774813,-0.6946885323360246,0.9776827026880491
0.9776827202405098,-0.9776837210993107,-0.9776820212981528,0.990045433951121,0.9604747950165877,-0.10547757698680525,0.10547507885840948,0.5280476880684317,-0.6944362949601358,0.5280507180015749,-0.5280512377428394,0.5280564885272742,-0.9385037047364896,0.9900502239729168,0.9604745015532439,-0.5280620172683642,0.5280645858158494,0.5280645858158467,-1.000001754577559,-0.9776836967654657,1.0000000023419215,-1.000002272705352,-1.000002272705366,0.6944372615621678,1.000003221770057,1.000003221770056,-0.5280662357447191,-0.5280662357447168,0.5280668132826265,-1.000003145879861
-0.9776822787583439,0.9776833122440057,0.977681563398463,-0.9900452543753113,-0.9604742058527004,0.10548125893663673,-0.10547876491651566,-0.5280450594175595,0.6944392906884564,-0.5280482978777957,0.5280488007846905,-0.5280542179424295,0.9385029469985449,-0.9900511633645853,-0.96047392355174,0.5280598930865352,-0.5280625249206531,-0.5280625249206502,1.0000031223646904,0.9776833106271025,-1.000002272705352,1.000000002405549,1.0000033694455799,-0.6944402411030238,-1.0000020844679662,-1.0000031769196585,0.5280642129432621,0.5280642129432603,-0.5280648032709684,1.000003084517206
-0.9776822787583398,0.9776833122440035,0.9776815633984574,-0.9900452543753111,-0.9604742058526986,0.10548125893663668,-0.10547876491651555,-0.5280450594175559,0.6944392906884544,-0.5280482978777943,0.5280488007846907,-0.528054217942429,0.9385029469985436,-0.9900511633645754,-0.9604739235517383,0.5280598930865338,-0.5280625249206518,-0.5280625249206489,1.0000031223646868,0.9776833106270985,-1.000002272705366,1.0000033694455799,1.000000002405549,-0.6944402411030249,-1.0000031769196531,-1.0000020844679385,0.5280642129432601,0.5280642129432598,-0.5280648032709665,1.0000030845172074
0.5277650259909534,-0.5277660911604691,-0.5277643753705904,0.5862354087459122,0.46668090874079027,-0.7887910316368266,0.7887896676481766,-0.24436807509807548,-1.0000011824953692,-0.2443683089337765,0.24436718002883845,-0.24436462253924585,-0.40328216739281547,0.7887916743250638,0.4666809420053984,0.2443617221658756,-0.2443603892465465,-0.24436038924655343,-0.6944302321394463,-0.5277664532506935,0.6944372615621678,-0.6944402411030238,-0.6944402411030249,1.0000000018691078,0.6944419510005726,0.6944419510005757,0.24435941508988906,0.24435941508989015,-0.24435905564024513,-0.6944425089555711
0.9776818110671944,-0.9776828643335211,-0.9776810857451935,0.9900449464666973,0.9604736485564445,-0.10548352448082692,0.10548103281936226,0.5280433177647826,-0.6944410105062069,0.5280466804461502,-0.528047173311892,0.5280526895892949,-0.9385022883814298,0.9900515484862877,0.9604733729847793,-0.5280584519475622,0.5280611214886989,0.5280611214886973,-1.0000030951822465,-0.9776828764415897,1.000003221770057,-1.0000020844679662,-1.0000031769196531,0.6944419510005726,1.0000000021092539,1.0000029544229567,-0.528062832204179,-0.5280628322041779,0.5280634301519825,-1.0000017595003974
0.9776818110671894,-0.9776828643335191,-0.9776810857451932,0.9900449464666932,0.9604736485564412,-0.10548352448082945,0.10548103281936407,0.5280433177647809,-0.6944410105062075,0.5280466804461511,-0.5280471733118902,0.5280526895892912,-0.9385022883814327,0.9900515484862868,0.9604733729847774,-0.5280584519475605,0.5280611214886971,0.5280611214886911,-1.0000030951822454,-0.9776828764415884,1.000003221770056,-1.0000031769196585,-1.0000020844679385,0.6944419510005757,1.0000029544229567,1.0000000021092539,-0.5280628322041749,-0.5280628322041746,0.5280634301519799,-1.0000017595003878
-0.6946894776568309,0.6946889036242806,0.694689647344273,-0.6423427758831274,-0.7435889757132232,-0.7887842836624458,0.788786258142701,-1.0000088735154986,-0.2443604296892377,-1.0000048034246065,1.000004786791462,-1.0000021738883065,0.7888015129558278,-0.4032899546299766,-0.7435883056318556,1.000000294728091,-0.9999985804381065,-0.9999996728898097,0.5280707179258487,0.6946880074774815,-0.5280662357447191,0.5280642129432621,0.5280642129432601,0.24435941508988906,-0.528062832204179,-0.5280628322041749,0.9999999994417708,0.9999992180610882,-0.9999979659088201,0.5280623500408019
-0.6946894776568264,0.6946889036242803,0.6946896473442739,-0.642342775883129,-0.7435889757132266,-0.7887842836624502,0.7887862581427054,-1.0000088735155022,-0.2443604296892392,-1.0000048034246074,1.0000047867914637,-1.0000021738883047,0.7888015129558278,-0.40328995462997613,-0.7435883056318571,1.000000294728095,-0.999999672889812,-0.999998580438116,0.5280707179258454,0.6946880074774813,-0.5280662357447168,0.5280642129432603,0.5280642129432598,0.24435941508989015,-0.5280628322041779,-0.5280628322041746,0.9999992180610882,0.9999999994417708,-0.999997965908808,0.5280623500408013
0.6946900138733532,-0.6946894328866953,-0.694690187204606,0.642343314718493,0.7435894814861449,0.7887841775344977,-0.7887861550574589,1.0000090401649415,0.24436007014252142,1.0000048575185294,-1.0000048488708677,1.000002146958219,-0.7888019879812223,0.4032904703962302,0.7435888088926341,-1.000000188851185,0.9999995335956131,0.9999995335956172,-0.5280712657323857,-0.6946885323360246,0.5280668132826265,-0.5280648032709684,-0.5280648032709665,-0.24435905564024513,0.5280634301519825,0.5280634301519799,-0.9999979659088201,-0.999997965908808,0.9999999992088433,-0.5280629505409855
-0.9776816260923524,0.9776826859900132,0.9776808974286788,-0.9900448150630432,-0.9604734336722678,0.10548428653324664,-0.10548179565013949,-0.5280427147158594,0.694441571790164,-0.5280461190097713,0.5280466085133926,-0.5280521579874706,0.9385020398076573,-0.9900516509586827,-0.9604731603503713,0.5280579495568033,-0.5280606317250407,-0.5280606317250381,1.0000030583345363,0.9776827026880491,-1.000003145879861,1.000003084517206,1.0000030845172074,-0.6944425089555711,-1.0000017595003974,-1.0000017595003878,0.5280623500408019,0.5280623500408013,-0.5280629505409855,1.000000001960527
