0.9999999981393113,-0.999995944094833,-0.9999969511654409,0.9979145740794926,0.997904647102212,-0.9979082536458728,0.9979102803899741,-0.9916325810410505,0.9916387168265282,-0.9916420789429617,0.9811950550602005,-0.1325630492433793,0.13263169239872027,-0.13283273784877958,-0.13256304924338091,0.48234226172754635,-0.4823403595094773,0.12186869638019278,0.7735806850335827,0.13308160452425336,-0.5022781777425975,0.2560865967114074,0.7949939190536449,-0.8973555186309242,-0.9666362908056005,0.9971134070658567,-0.9537887918518989
-0.999995944094833,0.9999999972862132,0.9999972068510328,-0.997910128541248,-0.9979061975223408,0.9979106565804313,-0.9979126822429846,0.9916379800206202,-0.9916441138168353,0.9916474749311857,-0.981203428251008,0.1326089824500736,-0.13267762510129677,0.13287866921332678,0.13260898245007488,-0.48238263835415446,0.48238073618804733,-0.12191469972441055,-0.7736096400365753,-0.13312753410924905,0.5023180190958347,-0.25604156972035297,-0.7950216043528404,0.8973344964185906,0.9666476038917555,-0.9971092890910125,0.9538021699147897
-0.9999969511654409,0.9999972068510328,0.9999999987246232,-0.9979164992819217,-0.9979035347928192,0.9979071424225133,-0.9979091697147366,0.9916299513749747,-0.9916360881688544,0.9916394507932963,-0.9811909175698047,0.1325397938932389,-0.13260843731125738,0.1328094834605187,0.13253979389324064,-0.4823218584868225,0.4823199562422268,-0.12184540436193897,-0.7735660988691295,-0.133058351063951,0.5022580477869952,-0.25610943429594774,-0.7949799783886984,0.8973662637342618,0.9666306624369504,-0.9971155992053001,0.9537821160146125
0.9979145740794926,-0.997910128541248,-0.9979164992819217,0.9999999974180025,0.9916555182693293,-0.9916620922515853,0.9916656159986464,-0.981241904692995,0.9812507868540721,-0.9812555316547124,0.9667023259295832,-0.06835578511553307,0.06842492866206402,-0.06862724732891318,-0.0683557851155344,0.42483638623387804,-0.42483441725108934,0.05759513905602301,0.7310958352002761,0.06887786150372589,-0.44545794190760085,0.3179023872378673,0.7542108449233798,-0.9239490979848348,-0.9481003410847451,0.9999299158316654,-0.9324219863077519
0.997904647102212,-0.9979061975223408,-0.9979035347928192,0.9916555182693293,0.9999999980956316,-0.9999970974947552,0.9999984696899346,-0.9979025050592978,0.9979067166311928,-0.9979086785619469,0.9916217456844578,-0.19637610059843222,0.19644395513375945,-0.19664288366767554,-0.19637610059843358,0.537974877109775,-0.5379730497753119,0.18579291679419047,0.8129372408138728,0.1968889580330728,-0.5571400973157022,0.1930461223919114,0.8325549344556927,-0.8669431717776025,-0.9811762877528375,0.9901211744796887,-0.9712212683321699
-0.9979082536458728,0.9979106565804313,0.9979071424225133,-0.9916620922515853,-0.9999970974947552,0.9999999989786054,-0.9999982348863505,0.9979009828461706,-0.9979043417555801,0.9979063046921116,-0.9916163823254849,0.19633086274231307,-0.1963987179852351,0.196597648454029,0.19633086274231462,-0.5379362137438258,0.5379343863519995,-0.1857475770348241,-0.8129108028316652,-0.1968437253370315,0.5571020258311216,-0.19309163068901306,-0.8325298225028175,0.86696676182462,0.9811679595848963,-0.9901282697458009,0.9712108497912099
0.9979102803899741,-0.9979126822429846,-0.9979091697147366,0.9916656159986464,0.9999984696899346,-0.9999982348863505,0.9999999997203333,-0.9978999885001072,0.9979033484174943,-0.997905311862264,0.9916138787742396,-0.19630806215626828,0.19637591777043964,-0.1965748492571519,-0.19630806215627009,0.5379168031235526,-0.5379149757023871,0.1857247228143963,0.8128976216339714,0.1968209274620128,-0.557082918009865,0.19311464812011786,0.8325173148765795,-0.8669788514499918,-0.9811639569160774,0.9901320563782866,-0.971205789618016
-0.9916325810410505,0.9916379800206202,0.9916299513749747,-0.981241904692995,-0.9979025050592978,0.9979009828461706,-0.9978999885001072,0.9999999983240911,-0.9999973635563396,0.9999987712701055,-0.9978988071649234,0.25938842677533885,-0.2594552082911503,0.25965118620340644,0.25938842677533985,-0.5913735964103092,0.5913718516364888,-0.24896076546350407,-0.8489030244585493,-0.2598934369072631,0.6096876080987018,-0.12917597449363696,-0.8666424238090775,0.8328903186919188,0.9916126401562088,-0.9789805611073824,0.9845927637660337
0.9916387168265282,-0.9916441138168353,-0.9916360881688544,0.9812507868540721,0.9979067166311928,-0.9979043417555801,0.9979033484174943,-0.9999973635563396,0.999999999130272,-0.9999984824693989,0.997897425883386,-0.2593468403163129,0.2594136226800635,-0.25960960294822216,-0.2593468403163144,0.591339083730866,-0.591337338898512,0.24891905464773226,0.8488806631712171,0.25985185668196753,-0.6096537000050176,0.12921889644153794,0.8666213521254544,-0.832914701971656,-0.9916076138361022,0.9789899245038709,-0.9845857628475929
-0.9916420789429617,0.9916474749311857,0.9916394507932963,-0.9812555316547124,-0.9979086785619469,0.9979063046921116,-0.997905311862264,0.9999987712701055,-0.9999984824693989,0.9999999999225233,-0.9978965663551203,0.2593259307419567,-0.2593927135514342,0.2595886950608017,0.25932593074195787,-0.5913218320140451,0.5913200871516929,-0.24889807953322488,-0.8488696108139362,-0.2598309503882129,0.609636758213668,-0.12924058426647583,-0.8666109551138927,0.8329272267996731,0.9916053449373924,-0.9789949114676983,0.9845824959237917
0.9811950550602005,-0.981203428251008,-0.9811909175698047,0.9667023259295832,0.9916217456844578,-0.9916163823254849,0.9916138787742396,-0.9978988071649234,0.997897425883386,-0.9978965663551203,0.9999999987263647,-0.3213749740048757,0.32144040133610846,-0.32163260371172675,-0.321374974004877,0.6423445812879989,-0.6423429264744286,0.31114672610572225,0.8813436954041768,0.32187001089256606,-0.6597297286831808,0.06470097773281225,0.8971285411242482,-0.7953104101117381,-0.9978992522429752,0.9637227499267011,-0.9938477143530814
-0.1325630492433793,0.1326089824500736,0.1325397938932389,-0.06835578511553307,-0.19637610059843222,0.19633086274231307,-0.19630806215626828,0.25938842677533885,-0.2593468403163129,0.2593259307419567,-0.3213749740048757,1.000000000718976,-0.9999993643537058,1.0000008700789138,1.0000010059491842,-0.9321936124496955,0.9321944471299417,-0.9999443434290654,-0.7306519653088077,-0.9999990416300115,0.923662099075631,0.9241700056811749,-0.7066540770252758,-0.31844072983322796,0.3820298974772631,-0.05698518206581314,0.424252797744277
0.13263169239872027,-0.13267762510129677,-0.13260843731125738,0.06842492866206402,0.19644395513375945,-0.1963987179852351,0.19637591777043964,-0.2594552082911503,0.2594136226800635,-0.2593927135514342,0.32144040133610846,-0.9999993643537058,0.9999999995975252,-0.9999992473455719,-0.9999993643537057,0.9322179844749008,-0.9322188190141928,0.9999428086652953,0.7306987456212563,0.9999982909773556,-0.9236879520303138,-0.9241427851495357,0.7067025972856077,0.31837473066617916,-0.3820936956314431,0.05705438397432147,-0.42431527195632407
-0.13283273784877958,0.13287866921332678,0.1328094834605187,-0.06862724732891318,-0.19664288366767554,0.196597648454029,-0.1965748492571519,0.25965118620340644,-0.25960960294822216,0.2595886950608017,-0.32163260371172675,1.0000008700789138,-0.9999992473455719,1.0000000005776444,1.0000008700789147,-0.9322919788263779,0.9322928129560918,-0.9999412735599474,-0.7308376479151203,-0.9999981934497527,0.9237662501799437,0.9240659430647492,-0.7068465148797352,-0.3181827450828536,0.3822813146961588,-0.057256839682734643,0.424499145557096
-0.13256304924338091,0.13260898245007488,0.13253979389324064,-0.0683557851155344,-0.19637610059843358,0.19633086274231462,-0.19630806215627009,0.25938842677533985,-0.2593468403163144,0.25932593074195787,-0.321374974004877,1.0000010059491842,-0.9999993643537057,1.0000008700789147,1.000000000718976,-0.9321936124496942,0.9321944471299423,-0.9999443434290638,-0.7306519653088086,-0.9999990416300101,0.9236620990756309,0.9241700056811741,-0.7066540770252763,-0.31844072983322624,0.38202989747726435,-0.056985182065814446,0.4242527977442789
0.48234226172754635,-0.48238263835415446,-0.4823218584868225,0.42483638623387804,0.537974877109775,-0.5379362137438258,0.5379168031235526,-0.5913735964103092,0.591339083730866,-0.5913218320140451,0.6423445812879989,-0.9321936124496955,0.9322179844749008,-0.9322919788263779,-0.9321936124496942,1.000000000859491,-1.000000390912603,0.9282381034892706,0.9282385037260564,0.9323812454609056,-0.9997415239084928,-0.7232459709667971,0.9148494096630829,-0.04626960025045768,-0.6906336805909256,0.41449467086543207,-0.7232578107343305
-0.4823403595094773,0.48238073618804733,0.4823199562422268,-0.42483441725108934,-0.5379730497753119,0.5379343863519995,-0.5379149757023871,0.5913718516364888,-0.591337338898512,0.5913200871516929,-0.6423429264744286,0.9321944471299417,-0.9322188190141928,0.9322928129560918,0.9321944471299423,-1.000000390912603,1.000000000920987,-0.9282381053672034,-0.9282368724114763,-0.932382079080694,0.9997415166396237,0.7232475180571882,-0.9148485625825954,0.04626740939110286,0.6906321227082628,-0.41449269094518904,0.723256325886239
0.12186869638019278,-0.12191469972441055,-0.12184540436193897,0.05759513905602301,0.18579291679419047,-0.1857475770348241,0.1857247228143963,-0.24896076546350407,0.24891905464773226,-0.24889807953322488,0.31114672610572225,-0.9999443434290654,0.9999428086652953,-0.9999412735599474,-0.9999443434290638,0.9282381034892706,-0.9282381053672034,1.0000000028127995,0.7232491485822676,0.9999367352817993,-0.919477907550212,-0.9282351769329675,0.6989850808733209,0.32864334415099444,-0.37204404916413947,0.04621749872856738,-0.4144651987912127
0.7735806850335827,-0.7736096400365753,-0.7735660988691295,0.7310958352002761,0.8129372408138728,-0.8129108028316652,0.8128976216339714,-0.8489030244585493,0.8488806631712171,-0.8488696108139362,0.8813436954041768,-0.7306519653088077,0.7306987456212563,-0.7308376479151203,-0.7306519653088086,0.9282385037260564,-0.9282368724114763,0.7232491485822676,0.9999999992966588,0.7310079056340142,-0.9365164386003233,-0.414456836321692,0.9994063314308687,-0.41453406828707917,-0.9100941766569167,0.7232743095759113,-0.9282382823402627
0.13308160452425336,-0.13312753410924905,-0.133058351063951,0.06887786150372589,0.1968889580330728,-0.1968437253370315,0.1968209274620128,-0.2598934369072631,0.25985185668196753,-0.2598309503882129,0.32187001089256606,-0.9999990416300115,0.9999982909773556,-0.9999981934497527,-0.9999990416300101,0.9323812454609056,-0.932382079080694,0.9999367352817993,0.7310079056340142,0.9999999981067949,-0.9238600196319908,-0.9239673992605353,0.7070230528141889,0.31794392039862507,-0.38251288054608873,0.05750765370168066,-0.42472595724909423
-0.5022781777425975,0.5023180190958347,0.5022580477869952,-0.44545794190760085,-0.5571400973157022,0.5571020258311216,-0.557082918009865,0.6096876080987018,-0.6096537000050176,0.609636758213668,-0.6597297286831808,0.923662099075631,-0.9236879520303138,0.9237662501799437,0.9236620990756309,-0.9997415239084928,0.9997415166396237,-0.919477907550212,-0.9365164386003233,-0.9238600196319908,1.0000000045635349,0.7072428597195322,-0.9238586258320662,0.06913427382400893,0.7070167349213584,-0.4352283774814333,0.7388851166326946
0.2560865967114074,-0.25604156972035297,-0.25610943429594774,0.3179023872378673,0.1930461223919114,-0.19309163068901306,0.19311464812011786,-0.12917597449363696,0.12921889644153794,-0.12924058426647583,0.06470097773281225,0.9241700056811749,-0.9241427851495357,0.9240659430647492,0.9241700056811741,-0.7232459709667971,0.7232475180571882,-0.9282351769329675,-0.414456836321692,-0.9239673992605353,0.7072428597195322,0.9999999924998204,-0.3828007526240955,-0.6563742473495687,6.354953244881789e-05,0.3286828775063011,0.04619268497951471
0.7949939190536449,-0.7950216043528404,-0.7949799783886984,0.7542108449233798,0.8325549344556927,-0.8325298225028175,0.8325173148765795,-0.8666424238090775,0.8666213521254544,-0.8666109551138927,0.8971285411242482,-0.7066540770252758,0.7067025972856077,-0.7068465148797352,-0.7066540770252763,0.9148494096630829,-0.9148485625825954,0.6989850808733209,0.9994063314308687,0.7070230528141889,-0.9238586258320662,-0.3828007526240955,1.000000003755201,-0.4456975653989832,-0.9238568164266233,0.7466798676537225,-0.9405276191989494
-0.8973555186309242,0.8973344964185906,0.8973662637342618,-0.9239490979848348,-0.8669431717776025,0.86696676182462,-0.8669788514499918,0.8328903186919188,-0.832914701971656,0.8329272267996731,-0.7953104101117381,-0.31844072983322796,0.31837473066617916,-0.3181827450828536,-0.31844072983322624,-0.04626960025045768,0.04626740939110286,0.32864334415099444,-0.41453406828707917,0.31794392039862507,0.06913427382400893,-0.6563742473495687,-0.4456975653989832,0.9999999909196768,0.754381907060246,-0.9282453068131731,0.7232963373886527
-0.9666362908056005,0.9666476038917555,0.9666306624369504,-0.9481003410847451,-0.9811762877528375,0.9811679595848963,-0.9811639569160774,0.9916126401562088,-0.9916076138361022,0.9916053449373924,-0.9978992522429752,0.3820298974772631,-0.3820936956314431,0.3822813146961588,0.38202989747726435,-0.6906336805909256,0.6906321227082628,-0.37204404916413947,-0.9100941766569167,-0.38251288054608873,0.7070167349213584,6.354953244881789e-05,-0.9238568164266233,0.754381907060246,1.0000000006287932,-0.9444156932652997,0.9989338067959992
0.9971134070658567,-0.9971092890910125,-0.9971155992053001,0.9999299158316654,0.9901211744796887,-0.9901282697458009,0.9901320563782866,-0.9789805611073824,0.9789899245038709,-0.9789949114676983,0.9637227499267011,-0.05698518206581314,0.05705438397432147,-0.057256839682734643,-0.056985182065814446,0.41449467086543207,-0.41449269094518904,0.04621749872856738,0.7232743095759113,0.05750765370168066,-0.4352283774814333,0.3286828775063011,0.7466798676537225,-0.9282453068131731,-0.9444156932652997,0.9999999951701152,-0.9282422720251651
-0.9537887918518989,0.9538021699147897,0.9537821160146125,-0.9324219863077519,-0.9712212683321699,0.9712108497912099,-0.971205789618016,0.9845927637660337,-0.9845857628475929,0.9845824959237917,-0.9938477143530814,0.424252797744277,-0.42431527195632407,0.424499145557096,0.4242527977442789,-0.7232578107343305,0.723256325886239,-0.4144651987912127,-0.9282382823402627,-0.42472595724909423,0.7388851166326946,0.04619268497951471,-0.9405276191989494,0.7232963373886527,0.9989338067959992,-0.9282422720251651,0.9999999969968698
