1.0000000049453557,-1.0000065549495682,1.0000066352538037,1.0000066352538037,0.5540392311454629,-0.9550910640021536,0.09539169846594196,0.9823755316161962,0.9703550202072234,-0.6004276545899229,-0.20382461132860796,0.9998257148747351,-1.000004286203673,-0.9992944174043389,0.999829251080403,1.0000057014727606,0.9984102791537911,-0.9971736235014059,-0.9823756622504122,-0.9913843855633316,0.5092906236584752,-0.41202381527297066,0.30979303310785117,-1.000006179973758,-1.0000061799737563
-1.0000065549495682,1.0000000050744602,-1.0000062771380178,-1.0000062771380178,-0.5540446037218658,0.9550930447142134,-0.09538534266330487,-0.9823768154087018,-0.9703535625016916,0.6004225959638394,0.2038183703739545,-0.9998259257089475,1.000004376967645,0.9992947482619124,-0.999829222039859,-1.000005791968023,-0.9984107299436517,0.9971741940881452,0.9823769460278132,0.9913836374322543,-0.5092851673399023,0.41201802680428773,-0.309786982033804,1.0000062703520802,1.0000062703520785
1.0000066352538037,-1.0000062771380178,1.000000004547888,1.0000063575230214,0.5540496766973452,-0.9550945714284219,0.09537899775131241,0.9823776386992576,0.9703516733181167,-0.6004173060184981,-0.20381208971110562,0.9998256772634441,-1.000004009400542,-0.9992946190529644,0.9998287357763499,1.000005424133876,0.9984107200424579,-0.9971743035218026,-0.9823777693032122,-0.9913824421124497,0.5092795248144308,-0.41201209948327605,0.30978084113646215,-1.00000545398726,-1.0000059024017534
1.0000066352538037,-1.0000062771380178,1.0000063575230214,1.000000004547888,0.5540496766973442,-0.9550945714284219,0.09537899775131423,0.9823776386992575,0.9703516733181168,-0.6004173060185004,-0.2038120897111076,0.9998256772634441,-1.000004009400543,-0.9992946190529658,0.9998287357763491,1.000005424133878,0.9984107200424576,-0.9971743035218039,-0.9823777693032117,-0.9913824421124497,0.5092795248144327,-0.41201209948327805,0.3097808411364639,-1.0000059024017551,-1.0000054539872616
0.5540392311454629,-0.5540446037218658,0.5540496766973452,0.5540496766973442,1.0000000001703437,-0.7758385765111179,-0.7758444642761839,0.6998907249305588,0.33640787227182734,0.333067237075231,0.7020888629939244,0.5696462416080388,-0.5541090111557774,-0.5849860958872088,0.5384146298787768,0.5540747792296039,0.6001227583464563,-0.6150506322234975,-0.6998888064468893,-0.44020392974339706,-0.4342724285326031,0.5302676161920666,-0.6198994576695197,-0.5540598031423175,-0.5540598031423158
-0.9550910640021536,0.9550930447142134,-0.9550945714284219,-0.9550945714284219,-0.7758385765111179,0.9999999990735732,0.20386235305680495,-0.9936431965515427,-0.855153406891817,0.33649786288435707,-0.09543030861940893,-0.9605089663137283,0.9551139109010821,0.9655664431660719,-0.9493949277471708,-0.9551027988411226,-0.9702841845286592,0.9746604433465831,0.9936430610982951,0.9080371917870812,-0.23140362850377988,0.12351823861169242,-0.014135756721893208,0.955097830832612,0.9550978308326099
0.09539169846594196,-0.09538534266330487,0.09537899775131241,0.09537899775131423,-0.7758444642761839,0.20386235305680495,0.9999999993260811,-0.0923702638321479,0.33314873303531667,-0.8533058103817096,-0.993984038643751,0.07659253290461586,-0.09530626921357474,-0.05784748543453168,0.11393992836198844,0.09534827410088971,0.03907799389148277,-0.02029099559598925,0.09236787082979286,-0.2249737376864449,0.9052507501855989,-0.946319884164875,0.9760180974174256,-0.09536654416779224,-0.0953665441677935
0.9823755316161962,-0.9823768154087018,0.9823776386992576,0.9823776386992575,0.6998907249305588,-0.9936431965515427,-0.0923702638321479,0.9999999991534873,0.9080671046683574,-0.4403554814227962,-0.017222712113740803,0.9857245597041582,-0.9823889466061875,-0.9887132270379523,0.9787146649041935,0.9823824742184202,0.9913535443724731,-0.9936440840099201,-0.9999980495308466,-0.9494164829743605,0.33943813089719443,-0.23443154656690024,0.12659492238387396,-0.9823795219367703,-0.9823795219367676
0.9703550202072234,-0.9703535625016916,0.9703516733181167,0.9703516733181168,0.33640787227182734,-0.855153406891817,0.33314873303531667,0.9080671046683574,0.9999999966751775,-0.7758959046917788,-0.4343947606070423,0.9656190460179688,-0.97033179018899,-0.9605646017398475,0.9746901602851434,0.9703433292981358,0.9551700160655495,-0.9494372796425431,-0.9080678094139699,-0.9936493034289735,0.7021843343847346,-0.6200257814810921,0.5304046091056912,-0.970348218412442,-0.9703482184124407
-0.6004276545899229,0.6004225959638394,-0.6004173060184981,-0.6004173060185004,0.333067237075231,0.33649786288435707,-0.8533058103817096,-0.4403554814227962,-0.7758959046917788,0.999999996836593,0.9052707865151912,-0.5852305923656385,0.6003576497409223,0.5698936263311919,-0.6152351615991777,-0.6003921353231574,-0.5543522082083865,0.538612080418438,0.440357472247247,0.7000098890898271,-0.9939874613432642,0.9760328866173855,-0.9463430403328797,0.6004070630639998,0.6004070630639995
-0.20382461132860796,0.2038183703739545,-0.20381208971110562,-0.2038120897111076,0.7020888629939244,-0.09543030861940893,-0.993984038643751,-0.017222712113740803,-0.4343947606070423,0.9052707865151912,0.9999999982662952,-0.1853158555784813,0.203740303387581,0.166821811190208,-0.22204709682286977,-0.20378177053409535,-0.14826491133566877,0.12965201438563442,0.017225079982726887,0.330318929549095,-0.946332057791862,0.9760231877959216,-0.9939845921803809,0.20379979163134423,0.20379979163134523
0.9998257148747351,-0.9998259257089475,0.9998256772634441,0.9998256772634441,0.5696462416080388,-0.9605089663137283,0.07659253290461586,0.9857245597041582,0.9656190460179688,-0.5852305923656385,-0.1853158555784813,1.000000000392182,-0.9998242544989409,-0.9998232386364779,0.9992961936775977,0.9998253243098498,0.9992938743810864,-0.9984113026350694,-0.9857246451935929,-0.9887330129903679,0.49296071704843825,-0.3947572274575913,0.29179721698334027,-0.9998254572921911,-0.9998254572921887
-1.000004286203673,1.000004376967645,-1.000004009400542,-1.000004009400543,-0.5541090111557774,0.9551139109010821,-0.09530626921357474,-0.9823889466061875,-0.97033179018899,0.6003576497409223,0.203740303387581,-0.9998242544989409,1.0000000011922021,0.9992950138240347,-0.9998245803056508,-1.0000026298398819,-0.9984124840891495,0.9971774364925485,0.9823890770360617,0.9913705715673489,-0.5092156457069263,0.4119447649142264,-0.30971086013335875,1.000003555188081,1.0000035551880802
-0.9992944174043389,0.9992947482619124,-0.9992946190529644,-0.9992946190529658,-0.5849860958872088,0.9655664431660719,-0.05784748543453168,-0.9887132270379523,-0.9605646017398475,0.5698936263311919,0.166821811190208,-0.9998232386364779,0.9992950138240347,0.9999999998548629,-0.9984147389209251,-0.9992948445490528,-0.9998225209037302,0.9992932656137784,0.9887132675465669,0.9857460770316459,-0.4765281688582338,0.37742649745742335,-0.27377653350183745,0.9992946334542328,0.9992946334542309
0.999829251080403,-0.999829222039859,0.9998287357763499,0.9998287357763491,0.5384146298787768,-0.9493949277471708,0.11393992836198844,0.9787146649041935,0.9746901602851434,-0.6152351615991777,-0.22204709682286977,0.9992961936775977,-0.9998245803056508,-0.9984147389209251,0.9999999996078441,0.9998272282002096,0.9971806786961875,-0.9955940173072216,-0.9787148401171075,-0.9936510249646265,0.5252504191053874,-0.42894418619440655,0.3274706911640548,-0.9998280480639422,-0.9998280480639403
1.0000057014727606,-1.000005791968023,1.000005424133876,1.000005424133878,0.5540747792296039,-0.9551027988411226,0.09534827410088971,0.9823824742184202,0.9703433292981358,-0.6003921353231574,-0.20378177053409535,0.9998253243098498,-1.0000026298398819,-0.9992948445490528,0.9998272282002096,1.0000000032131562,0.9984115240327797,-0.9971756858370908,-0.982382604748878,-0.9913774848038412,0.509252564536135,-0.4119836734904014,0.30975129096766035,-1.0000045209820694,-1.0000045209820676
0.9984102791537911,-0.9984107299436517,0.9984107200424579,0.9984107200424576,0.6001227583464563,-0.9702841845286592,0.03907799389148277,0.9913535443724731,0.9551700160655495,-0.5543522082083865,-0.14826491133566877,0.9992938743810864,-0.9984124840891495,-0.9998225209037302,0.9971806786961875,0.9984115240327797,0.9999999994739408,-0.9998222432878515,-0.9913535398764072,-0.9824105552038569,0.4599238890558716,-0.3599588234555099,0.25565534378097676,-0.9984109688614652,-0.9984109688614629
-0.9971736235014059,0.9971741940881452,-0.9971743035218026,-0.9971743035218039,-0.6150506322234975,0.9746604433465831,-0.02029099559598925,-0.9936440840099201,-0.9494372796425431,0.538612080418438,0.12965201438563442,-0.9984113026350694,0.9971774364925485,0.9992932656137784,-0.9955940173072216,-0.9971756858370908,-0.9998222432878515,0.9999999995577699,0.9936444829164571,0.9787276770039917,-0.44315401323299775,0.3423606605070092,-0.23744034478037013,0.9971747867171223,0.9971747867171201
-0.9823756622504122,0.9823769460278132,-0.9823777693032122,-0.9823777693032117,-0.6998888064468893,0.9936430610982951,0.09236787082979286,-0.9999980495308466,-0.9080678094139699,0.440357472247247,0.017225079982726887,-0.9857246451935929,0.9823890770360617,0.9887132675465669,-0.9787148401171075,-0.982382604748878,-0.9913535398764072,0.9936444829164571,0.9999999986975124,0.9494169257676154,-0.3394402554935671,0.2344337794120121,-0.12659723664914194,0.9823796525109407,0.9823796525109391
-0.9913843855633316,0.9913836374322543,-0.9913824421124497,-0.9913824421124497,-0.44020392974339706,0.9080371917870812,-0.2249737376864449,-0.9494164829743605,-0.9936493034289735,0.7000098890898271,0.330318929549095,-0.9887330129903679,0.9913705715673489,0.9857460770316459,-0.9936510249646265,-0.9913774848038412,-0.9824105552038569,0.9787276770039917,0.9494169257676154,0.9999999983761946,-0.6176387973499055,0.5278365123056431,-0.43167893319413575,0.9913803575538799,0.991380357553878
0.5092906236584752,-0.5092851673399023,0.5092795248144308,0.5092795248144327,-0.4342724285326031,-0.23140362850377988,0.9052507501855989,0.33943813089719443,0.7021843343847346,-0.9939874613432642,-0.946332057791862,0.49296071704843825,-0.5092156457069263,-0.4765281688582338,0.5252504191053874,0.509252564536135,0.4599238890558716,-0.44315401323299775,-0.3394402554935671,-0.6176387973499055,0.9999999977803479,-0.9939869911865129,0.9760286905599702,-0.5092685639125384,-0.5092685639125384
-0.41202381527297066,0.41201802680428773,-0.41201209948327605,-0.41201209948327805,0.5302676161920666,0.12351823861169242,-0.946319884164875,-0.23443154656690024,-0.6200257814810921,0.9760328866173855,0.9760231877959216,-0.3947572274575913,0.4119447649142264,0.37742649745742335,-0.42894418619440655,-0.4119836734904014,-0.3599588234555099,0.3423606605070092,0.2344337794120121,0.5278365123056431,-0.9939869911865129,0.9999999977833938,-0.9939857537924214,0.4120005523059964,0.41200055230599686
0.30979303310785117,-0.309786982033804,0.30978084113646215,0.3097808411364639,-0.6198994576695197,-0.014135756721893208,0.9760180974174256,0.12659492238387396,0.5304046091056912,-0.9463430403328797,-0.9939845921803809,0.29179721698334027,-0.30971086013335875,-0.27377653350183745,0.3274706911640548,0.30975129096766035,0.25565534378097676,-0.23744034478037013,-0.12659723664914194,-0.43167893319413575,0.9760286905599702,-0.9939857537924214,0.9999999979743227,-0.3097688464243119,-0.3097688464243126
-1.000006179973758,1.0000062703520802,-1.00000545398726,-1.0000059024017551,-0.5540598031423175,0.955097830832612,-0.09536654416779224,-0.9823795219367703,-0.970348218412442,0.6004070630639998,0.20379979163134423,-0.9998254572921911,1.000003555188081,0.9992946334542328,-0.9998280480639422,-1.0000045209820694,-0.9984109688614652,0.9971747867171223,0.9823796525109407,0.9913803575538799,-0.5092685639125384,0.4120005523059964,-0.3097688464243119,1.0000000038968524,1.00000544743606
-1.0000061799737563,1.0000062703520785,-1.0000059024017534,-1.0000054539872616,-0.5540598031423158,0.9550978308326099,-0.0953665441677935,-0.9823795219367676,-0.9703482184124407,0.6004070630639995,0.20379979163134523,-0.9998254572921887,1.0000035551880802,0.9992946334542309,-0.9998280480639403,-1.0000045209820676,-0.9984109688614629,0.9971747867171201,0.9823796525109391,0.991380357553878,-0.5092685639125384,0.41200055230599686,-0.3097688464243126,1.00000544743606,1.0000000038968524
