1.0000000027686657,-0.9072868165978477,-0.9072759271415113,0.5353083044033711,0.5806892996097901,0.973986894772776,0.9947022389315585,0.90988014594844,0.2821402494981291,0.34622616098128833,-0.9978897279660681,0.716542433410492,0.9969696284036584,0.9993450803971303,-0.8253916604303327,-0.9741100270558305,0.8477460587193979,0.034424971565889216,-0.6352714487251951,-0.6697283685531199,-0.5806445015189413,0.6353038235751992,0.735509162379616,-0.7950155591903452,0.6856305670446092,0.794994653917135,-0.9739885703259366,-0.9723929612088367,-0.28219694481483637,0.9987750628991068,-0.9987777813110718,0.9997821029669385,-0.7012437932498434,0.7012131516627613,-0.9690720826281697,0.9707539811073616,-0.996969094652733,-0.9999732809983328
-0.9072868165978477,1.0000000073065687,0.6463161590998705,-0.8408766696911071,-0.86921159530064,-0.7883875506995887,-0.859244047160078,-0.6510551999954863,0.14745919014400477,-0.7086376654984179,0.9326742294974675,-0.3567779501260703,-0.8718214063469855,-0.9219411327514768,0.5114528128587096,0.978864599746388,-0.9921928092490709,0.38904596954441234,0.25160307348033767,0.9199177567604446,0.8691848140405508,-0.25163997433353413,-0.9522259251174948,0.9763881014870067,-0.9281818891655393,-0.9763804425150484,0.788389525323443,0.7841028488141731,-0.14740424207114824,-0.8853462170082952,0.8853767444415509,-0.8982737968761526,0.9360276861780505,-0.9360124650729253,0.7754474579483881,-0.7797866088300256,0.8717979032431735,0.9104674474290879
-0.9072759271415113,0.6463161590998705,0.9999999937743448,-0.1304693773966904,-0.18448093124500925,-0.9789672527472489,-0.9456998389272063,-0.9999743553207451,-0.6594187369481916,0.08039103923616994,0.8780545840440501,-0.9434305489720978,-0.9372379628544096,-0.8914285283641423,0.9862688101468832,0.7887144187628949,-0.5460911723161712,-0.4515129886901664,0.9011345713817265,0.29534259311434746,0.18442761971161833,-0.9011564165597187,-0.3823975551378244,0.4662132566281001,-0.31593393685830246,-0.4661829817431584,0.978969514485728,0.9803608717096362,0.6594678617895257,-0.9269891922464145,0.9269635974703107,-0.9158889191002778,0.3364192593355384,-0.3363788794729861,0.982990347696892,-0.9817030932163493,0.9372604974846509,0.904042146202163
0.5353083044033711,-0.8408766696911071,-0.1304693773966904,1.0000000021336228,0.9985084887177489,0.32997481824793595,0.44563167418638544,0.13663790416605895,-0.6593097763870039,0.977745583563176,-0.5890195438628107,-0.20560659352080646,0.4679760573996212,0.5655881661878792,0.03502391700571979,-0.7124021225299656,0.9018091559462084,-0.8257360601092621,0.31225911555077834,-0.985756012272648,-0.9985099514516435,-0.3122266652029035,0.9659865931290806,-0.9379307454997605,0.9818883092234509,0.937942267904473,-0.3299742257137806,-0.32341772042269146,0.6592735743132839,0.4928180291149253,-0.4928758471558313,0.5174879862343569,-0.9775510712556832,0.9775611315776728,-0.31030680921554993,0.3168576550225502,-0.46792953651884944,-0.5417338405944526
0.5806892996097901,-0.86921159530064,-0.18448093124500925,0.9985084887177489,1.0000000039004742,0.38109342359435106,0.49391081174919993,0.19059499144945746,-0.617217826015682,0.9648164284674362,-0.6323223274643268,-0.15179385333011786,0.5155943354919162,0.6098320681064531,-0.0196689246314715,-0.7497060686942879,0.9240876512742259,-0.7936607779110676,0.2598520810161576,-0.9934761594435296,-1.0000027891513597,-0.25981870797054896,0.9786804278012337,-0.9554904436651207,0.9907787846004257,0.9555001964175025,-0.3810929609336006,-0.3746701545434689,0.6171781098578788,0.5396552717727966,-0.5397111759723192,0.5634987314210209,-0.9876100977614015,0.9876166583076949,-0.3618181724492407,0.3682411093540424,-0.5155494615341717,-0.5868806072000022
0.973986894772776,-0.7883875506995887,-0.9789672527472489,0.32997481824793595,0.38109342359435106,0.9999999985162369,0.9921205257330277,0.980221470490488,0.4922011062360312,0.12462851234384999,-0.957214294003448,0.855966319797069,0.9886599298816283,0.9651270366365723,-0.931851396558685,-0.897536701275595,0.7054980076830619,0.2600043659167417,-0.7937500144130172,-0.484024476354286,-0.3810429649632421,0.7937786865317111,0.5628446835590292,-0.6368757545308484,0.5028343621119825,0.6368492995964958,-0.9999987528697593,-0.9999745055986612,-0.49225443547450093,0.9840129935374721,-0.9840005200147405,0.9785199227719811,-0.521446940851994,0.5214103177557643,-0.9997817358140899,0.9999039381448247,-0.9886718141362545,-0.9722288268696536
0.9947022389315585,-0.859244047160078,-0.9456998389272063,0.44563167418638544,0.49391081174919993,0.9921205257330277,0.9999999988629666,0.9477090468717927,0.3792765958763207,0.24794129695425468,-0.9859239884658721,0.7844561381243914,0.9996818227947809,0.9903184380137076,-0.8790576826261096,-0.9457020683100863,0.7887219150942708,0.1369912580050813,-0.7113021421688877,-0.5898314175543182,-0.4938631542721073,0.7113325050377,0.6619557250515363,-0.7284386836682537,0.6071561907289407,0.7284151246615636,-0.9921223736959531,-0.9912292966663373,-0.37933213267319543,0.998571638701934,-0.998567482404593,0.9966362100834466,-0.6242317000968255,0.6241981455479938,-0.9893054660353977,0.9902906860479033,-0.9996869194616987,-0.993887707145848
0.90988014594844,-0.6510551999954863,-0.9999743553207451,0.13663790416605895,0.19059499144945746,0.980221470490488,0.9477090468717927,0.9999999989860989,0.6547307288076893,-0.07418622031669099,-0.8810191672979648,0.9413523635265723,0.9393933039648028,0.894234859498052,-0.9852244886522333,-0.7925281004386496,0.5512963647301252,0.4459526109980355,-0.8984221897305216,-0.3012840614620727,-0.1905417335983903,0.8984442203845344,0.38814225548179826,-0.4717118755231926,0.32183393786960596,0.47168169824266815,-0.9802237266190363,-0.9815727644963279,-0.6547788524361475,0.9293090315764193,-0.9292838211286288,0.9183728876801118,-0.34227494155391486,0.3422346510413623,-0.9841165469122339,0.9828726853230452,-0.9394155277378112,-0.9066882048888395
0.2821402494981291,0.14745919014400477,-0.6594187369481916,-0.6593097763870039,-0.617217826015682,0.4922011062360312,0.3792765958763207,0.6547307288076893,0.9999999982425051,-0.8023413385299022,-0.21925259771724623,0.8713567090447639,0.3559159355478732,0.2471616574787929,-0.7744988680635473,-0.057946089297162606,-0.2696665177454436,0.9685222059474554,-0.9201507016146911,0.5234757468021283,0.6172593642054662,0.9201426625100027,-0.44246699663805594,0.35763156497158244,-0.5049275078466968,-0.35766326095775575,-0.492203270727815,-0.4982298890374158,-1.0000043270910244,0.32930728309210316,-0.3292440325798942,0.30218331954578537,0.4861045522710346,-0.4861418959430165,-0.5101653246388677,0.5042219444825952,-0.3559682993020683,-0.27481482038869076
0.34622616098128833,-0.7086376654984179,0.08039103923616994,0.977745583563176,0.9648164284674362,0.12462851234384999,0.24794129695425468,-0.07418622031669099,-0.8023413385299022,0.9999999848641996,-0.40640557862447135,-0.40629605140204694,0.27219554657023626,0.38002077930564965,0.24386571601137083,-0.5493495532757127,0.7910981658422509,-0.9256712002828689,0.5045716680188308,-0.9285419488800355,-0.9648291776036118,-0.5045436658190959,0.8902495589886071,-0.8443117493849683,0.9202972785108615,0.8443297383118145,-0.12462743816468445,-0.11774153597879405,0.8023138804588538,0.29933851481584506,-0.29940205665742275,0.32648869248457735,-0.9116041959007937,0.9116216503867007,-0.10400426127337266,0.1108624497950916,-0.27214400966958974,-0.3533704298922042
-0.9978897279660681,0.9326742294974675,0.8780545840440501,-0.5890195438628107,-0.6323223274643268,-0.957214294003448,-0.9859239884658721,-0.8810191672979648,-0.21925259771724623,-0.40640557862447135,0.9999999970272233,-0.6697362779697783,-0.9898097037409473,-0.9995858461228162,0.7869902521003201,0.9867293542049081,-0.8803920523375794,0.03053884210092652,0.5837841370131481,0.7165289931198838,0.6322795799294904,-0.5838176056937817,-0.7779442182444735,0.8327195178293307,-0.7314459000384141,-0.8327004027197509,0.9572158515174798,0.955185273800279,0.21930971500327356,-0.9934478319511283,0.993454877266929,-0.9963076882067206,0.7460503352487058,-0.7460217007208907,0.951000228937628,-0.9531129278039336,0.989806812957599,0.9983543784054838
0.716542433410492,-0.3567779501260703,-0.9434305489720978,-0.20560659352080646,-0.15179385333011786,0.855966319797069,0.7844561381243914,0.9413523635265723,0.8713567090447639,-0.40629605140204694,-0.6697362779697783,0.9999999864516677,0.7686308392762404,0.6907736071983479,-0.9852232772240828,-0.5402951916119133,0.23747455768949033,0.7217892038242357,-0.9938953152095353,0.038101750401171,0.15184696448474985,0.9939060268802239,0.05443793465532984,-0.14655113260351085,-0.016483412876578483,0.14651739633507724,-0.8559687504113412,-0.8595345261359818,-0.8713915126040703,0.7502077749569622,-0.7501631776184129,0.7310017407033931,-0.005186881324950582,0.0051440595810739505,-0.8665141190347834,0.8630529920941638,-0.7686686384173754,-0.7112006762305495
0.9969696284036584,-0.8718214063469855,-0.9372379628544096,0.4679760573996212,0.5155943354919162,0.9886599298816283,0.9996818227947809,0.9393933039648028,0.3559159355478732,0.27219554657023626,-0.9898097037409473,0.7686308392762404,0.9999999973074303,0.9934915944681187,-0.8668056850881578,-0.9535675661198333,0.8039129136553341,0.11206722021143467,-0.6934222908853258,-0.6099274616855678,-0.5155473300138097,0.6934531749881431,0.6805724770809852,-0.7454159704680781,0.6269216182043625,0.7453930367740749,-0.9886617375246862,-0.9875961522800945,-0.3559718096677404,0.9995972647198372,-0.9995935879794764,0.9983788177496469,-0.6436565661484523,0.643623690468084,-0.9853279331422575,0.9864855172910524,-0.9999987505852741,-0.9963458207614587
0.9993450803971303,-0.9219411327514768,-0.8914285283641423,0.5655881661878792,0.6098320681064531,0.9651270366365723,0.9903184380137076,0.894234859498052,0.2471616574787929,0.38002077930564965,-0.9995858461228162,0.6907736071983479,0.9934915944681187,1.00000000138251,-0.8043734612843395,-0.9816670883824905,0.8664230414974027,-0.0018425811763266879,-0.6068448681142955,-0.6962184824822718,-0.6097883919665004,0.6068778708336559,0.7595952300105295,-0.8164901390635163,0.7115786483902456,0.816470222775547,-0.9651286471307176,-0.9632892533330345,-0.24721861808972628,0.996320954085021,-0.9963260907313367,0.9983634099797158,-0.7266365655581856,0.7266070290155092,-0.9594839610538597,0.9614073611000217,-0.9934890758835174,-0.9995898877817435
-0.8253916604303327,0.5114528128587096,0.9862688101468832,0.03502391700571979,-0.0196689246314715,-0.931851396558685,-0.8790576826261096,-0.9852244886522333,-0.7744988680635473,0.24386571601137083,0.7869902521003201,-0.9852232772240828,-0.8668056850881578,-0.8043734612843395,0.9999999980807575,0.6763870625637695,-0.4002781297244182,-0.592643479158336,0.9603515114329817,0.1335418673141673,0.019614942704705058,-0.9603681273138386,-0.22458610499841924,0.3137451491216152,-0.15494217460680954,-0.31371271296083214,0.9318537750787157,0.9343481735241869,0.774540952471991,-0.8523377519149894,0.8523023234040946,-0.837040146340097,0.176313607765939,-0.17627142838992163,0.9391821555661743,-0.9367936357806459,0.8668361475559212,0.8210606937344067
-0.9741100270558305,0.978864599746388,0.7887144187628949,-0.7124021225299656,-0.7497060686942879,-0.897536701275595,-0.9457020683100863,-0.7925281004386496,-0.057946089297162606,-0.5493495532757127,0.9867293542049081,-0.5402951916119133,-0.9535675661198333,-0.9816670883824905,0.6763870625637695,0.9999999970319985,-0.9457023703938117,0.19240726330539037,0.44422712062731434,0.8202693086329998,0.7496692405403331,-0.444262704013791,-0.8696307578534245,0.911561375520195,-0.8324461605636928,-0.9115470907410734,0.8975379347864506,0.8944574013642196,0.05800320314186212,-0.9617165419077863,0.9617342754699241,-0.9691561468218272,0.8442575741546184,-0.8442344887123631,0.8881891705437487,-0.8913398811061498,0.9535546713321199,0.9758043967329294
0.8477460587193979,-0.9921928092490709,-0.5460911723161712,0.9018091559462084,0.9240876512742259,0.7054980076830619,0.7887219150942708,0.5512963647301252,-0.2696665177454436,0.7910981658422509,-0.8803920523375794,0.23747455768949033,0.8039129136553341,0.8664230414974027,-0.4002781297244182,-0.9457023703938117,0.9999999946347801,-0.5009033639319995,-0.12892453603458934,-0.9616322943822162,-0.9240656510425245,0.12896147600710278,0.982871741597635,-0.9956966002928157,0.9673391769690832,0.9956943365220248,-0.7054984928204829,-0.7005650658293523,0.26961402852574995,0.8204359189073347,-0.8204736160824581,0.8364424494325157,-0.9726029349056547,0.9725940209206355,-0.690633195778363,0.6956072146559423,-0.8038834281279391,-0.8517652717912524
0.034424971565889216,0.38904596954441234,-0.4515129886901664,-0.8257360601092621,-0.7936607779110676,0.2600043659167417,0.1369912580050813,0.4459526109980355,0.9685222059474554,-0.9256712002828689,0.03053884210092652,0.7217892038242357,0.11206722021143467,-0.0018425811763266879,-0.592643479158336,0.19240726330539037,-0.5009033639319995,1.000000009143126,-0.7937075458583204,0.7191121005574141,0.7936936211078547,0.7936919662425289,-0.6517917206838689,0.5788568000406492,-0.703916169407023,-0.57888439422315,-0.2600061859602986,-0.2666983841523812,-0.9685158175514011,0.08387950037975422,-0.08381290455575009,0.05536213714331884,0.6883590702533658,-0.6883900213635291,-0.2799937083868595,0.27336583125709707,-0.11212190799483758,-0.02680174011273939
-0.6352714487251951,0.25160307348033767,0.9011345713817265,0.31225911555077834,0.2598520810161576,-0.7937500144130172,-0.7113021421688877,-0.8984221897305216,-0.9201507016146911,0.5045716680188308,0.5837841370131481,-0.9938953152095353,-0.6934222908853258,-0.6068448681142955,0.9603515114329817,0.44422712062731434,-0.12892453603458934,-0.7937075458583204,1.0000000027199616,-0.14804883075937075,-0.25990380340129576,-1.0000093642437724,0.05598869131346853,0.036591038513082375,0.12662709492838314,-0.03655699087570844,0.7937536366707444,0.7979538073504516,0.9201802736005693,-0.6727392671530751,0.6726894601362635,-0.65131555634228,-0.10510215615252251,0.10514472401670817,0.8062063985885113,-0.8021084532369995,0.6934642257498365,0.629362002784013
-0.6697283685531199,0.9199177567604446,0.29534259311434746,-0.985756012272648,-0.9934761594435296,-0.484024476354286,-0.5898314175543182,-0.3012840614620727,0.5234757468021283,-0.9285419488800355,0.7165289931198838,0.038101750401171,-0.6099274616855678,-0.6962184824822718,0.1335418673141673,0.8202693086329998,-0.9616322943822162,0.7191121005574141,-0.14804883075937075,0.999999995171926,0.993469722194216,0.14801385546709703,-0.9957080968445009,0.9828909252335111,-0.9997577404801838,-0.982896893234792,0.48402428901229105,0.4779422941334241,-0.523431579456131,-0.632127347408612,0.6321787207834727,-0.6540170433906466,0.9990553644543623,-0.9990570570776449,0.46575433494850577,-0.4718485342117806,0.6098864554475404,0.6753714423908109
-0.5806445015189413,0.8691848140405508,0.18442761971161833,-0.9985099514516435,-1.0000027891513597,-0.3810429649632421,-0.4938631542721073,-0.1905417335983903,0.6172593642054662,-0.9648291776036118,0.6322795799294904,0.15184696448474985,-0.5155473300138097,-0.6097883919665004,0.019614942704705058,0.7496692405403331,-0.9240656510425245,0.7936936211078547,-0.25990380340129576,0.993469722194216,1.0000000017797224,0.2598704312659415,-0.9786678869267177,0.9554731004842603,-0.9907699974810134,-0.9554828549831234,0.38104250217369745,0.374619563902859,-0.6172196503341559,-0.5396090368765819,0.5396649429647264,-0.5634533119818721,0.9876001585055549,-0.9876067213250523,0.3617673264050547,-0.3681903894762587,0.5155024544308477,0.5868360402173993
0.6353038235751992,-0.25163997433353413,-0.9011564165597187,-0.3122266652029035,-0.25981870797054896,0.7937786865317111,0.7113325050377,0.8984442203845344,0.9201426625100027,-0.5045436658190959,-0.5838176056937817,0.9939060268802239,0.6934531749881431,0.6068778708336559,-0.9603681273138386,-0.444262704013791,0.12896147600710278,0.7936919662425289,-1.0000093642437724,0.14801385546709703,0.2598704312659415,1.000000012327507,-0.05595275160810526,-0.03662763506816268,-0.12659186717729454,0.03659358723522111,-0.7937811128394505,-0.7979811110165209,-0.9201722364788614,0.6727707156974041,-0.6727209099615246,0.6513475488858658,0.10506669194584291,-0.10510926026594124,-0.8062333545673396,0.8021355834131987,-0.6934951088570228,-0.6293945131810953
0.735509162379616,-0.9522259251174948,-0.3823975551378244,0.9659865931290806,0.9786804278012337,0.5628446835590292,0.6619557250515363,0.38814225548179826,-0.44246699663805594,0.8902495589886071,-0.7779442182444735,0.05443793465532984,0.6805724770809852,0.7595952300105295,-0.22458610499841924,-0.8696307578534245,0.982871741597635,-0.6517917206838689,0.05598869131346853,-0.9957080968445009,-0.9786678869267177,-0.05595275160810526,0.9999999926579614,-0.9957014847066902,0.9974751511087949,0.9957055231233194,-0.5628447212226877,-0.5570972217820118,0.4424196430551276,0.7010511479169089,-0.701098356479319,0.7211474299139284,-0.9987768867503738,0.9987746165423288,-0.5455642135977805,0.5513335894832306,-0.6805349988678647,-0.7406537734965126
-0.7950155591903452,0.9763881014870067,0.4662132566281001,-0.9379307454997605,-0.9554904436651207,-0.6368757545308484,-0.7284386836682537,-0.4717118755231926,0.35763156497158244,-0.8443117493849683,0.8327195178293307,-0.14655113260351085,-0.7454159704680781,-0.8164901390635163,0.3137451491216152,0.911561375520195,-0.9956966002928157,0.5788568000406492,0.036591038513082375,0.9828909252335111,0.9554731004842603,-0.03662763506816268,-0.9957014847066902,0.9999999910569771,-0.9866426608396167,-0.9999859420965008,0.636876016974925,0.6315124099523055,-0.3575814295644099,-0.7639971932497227,0.7640398306519998,-0.7821270737031135,0.9899394161108622,-0.9899332008124555,0.6207334663736052,-0.6261284386160768,0.7453823429693944,0.7996174060755382
0.6856305670446092,-0.9281818891655393,-0.31593393685830246,0.9818883092234509,0.9907787846004257,0.5028343621119825,0.6071561907289407,0.32183393786960596,-0.5049275078466968,0.9202972785108615,-0.7314459000384141,-0.016483412876578483,0.6269216182043625,0.7115786483902456,-0.15494217460680954,-0.8324461605636928,0.9673391769690832,-0.703916169407023,0.12662709492838314,-0.9997577404801838,-0.9907699974810134,-0.12659186717729454,0.9974751511087949,-0.9866426608396167,0.9999999945566417,0.9866479022689554,-0.5028342272611025,-0.496825810072598,0.5048825612376606,0.6487359102695547,-0.6487863488267871,0.6702228850487716,-0.9997561480468187,0.9997581109270703,-0.48478170354799827,0.4908045970546158,-0.6268814057821183,-0.6911613696755486
0.794994653917135,-0.9763804425150484,-0.4661829817431584,0.937942267904473,0.9555001964175025,0.6368492995964958,0.7284151246615636,0.47168169824266815,-0.35766326095775575,0.8443297383118145,-0.8327004027197509,0.14651739633507724,0.7453930367740749,0.816470222775547,-0.31371271296083214,-0.9115470907410734,0.9956943365220248,-0.57888439422315,-0.03655699087570844,-0.982896893234792,-0.9554828549831234,0.03659358723522111,0.9957055231233194,-0.9999859420965008,0.9866479022689554,0.9999999906177834,-0.6368495619581318,-0.6314858067546882,0.3576131265113737,0.7639749819073386,-0.7640176210466836,0.7821056095310275,-0.9899439270239607,0.9899377131705472,-0.6207065718012058,0.6261016887700627,-0.745359407815083,-0.7995967065316288
-0.9739885703259366,0.788389525323443,0.978969514485728,-0.3299742257137806,-0.3810929609336006,-0.9999987528697593,-0.9921223736959531,-0.9802237266190363,-0.492203270727815,-0.12462743816468445,0.9572158515174798,-0.8559687504113412,-0.9886617375246862,-0.9651286471307176,0.9318537750787157,0.8975379347864506,-0.7054984928204829,-0.2600061859602986,0.7937536366707444,0.48402428901229105,0.38104250217369745,-0.7937811128394505,-0.5628447212226877,0.636876016974925,-0.5028342272611025,-0.6368495619581318,1.0000000014108714,0.9999777423667652,0.4922566000477389,-0.9840147543586669,0.9840022807234738,-0.9785216349031646,0.521446858663339,-0.5214102354625844,0.999783794702676,-0.9999059880560514,0.9886736218743426,0.9722304889175238
-0.9723929612088367,0.7841028488141731,0.9803608717096362,-0.32341772042269146,-0.3746701545434689,-0.9999745055986612,-0.9912292966663373,-0.9815727644963279,-0.4982298890374158,-0.11774153597879405,0.955185273800279,-0.8595345261359818,-0.9875961522800945,-0.9632892533330345,0.9343481735241869,0.8944574013642196,-0.7005650658293523,-0.2666983841523812,0.7979538073504516,0.4779422941334241,0.374619563902859,-0.7979811110165209,-0.5570972217820118,0.6315124099523055,-0.496825810072598,-0.6314858067546882,0.9999777423667652,1.0000000011593893,0.49828307155778534,-0.982755459161506,0.982742530707418,-0.9770678626122448,0.5155149871552701,-0.5154782108952253,0.9999035612623774,-0.9999767123001061,0.9876084070152154,0.9705834403521137
-0.28219694481483637,-0.14740424207114824,0.6594678617895257,0.6592735743132839,0.6171781098578788,-0.49225443547450093,-0.37933213267319543,-0.6547788524361475,-1.0000043270910244,0.8023138804588538,0.21930971500327356,-0.8713915126040703,-0.3559718096677404,-0.24721861808972628,0.774540952471991,0.05800320314186212,0.26961402852574995,-0.9685158175514011,0.9201802736005693,-0.523431579456131,-0.6172196503341559,-0.9201722364788614,0.4424196430551276,-0.3575814295644099,0.5048825612376606,0.3576131265113737,0.4922566000477389,0.49828307155778534,1.0000000096292372,-0.3293634954593431,0.3293002456565686,-0.30223982741184796,-0.4860588458825006,0.48609619104078033,0.5102182069168323,-0.5042749779394461,0.3560241729362281,0.274871577622825
0.9987750628991068,-0.8853462170082952,-0.9269891922464145,0.4928180291149253,0.5396552717727966,0.9840129935374721,0.998571638701934,0.9293090315764193,0.32930728309210316,0.29933851481584506,-0.9934478319511283,0.7502077749569622,0.9995972647198372,0.996320954085021,-0.8523377519149894,-0.9617165419077863,0.8204359189073347,0.08387950037975422,-0.6727392671530751,-0.632127347408612,-0.5396090368765819,0.6727707156974041,0.7010511479169089,-0.7639971932497227,0.6487359102695547,0.7639749819073386,-0.9840147543586669,-0.982755459161506,-0.3293634954593431,1.0000000003991791,-0.9999987746768996,0.9995914693118729,-0.6650742465604724,0.6650421611150291,-0.9801031749902049,0.9814516937246246,-0.9995994425350806,-0.9983667780799779
-0.9987777813110718,0.8853767444415509,0.9269635974703107,-0.4928758471558313,-0.5397111759723192,-0.9840005200147405,-0.998567482404593,-0.9292838211286288,-0.3292440325798942,-0.29940205665742275,0.993454877266929,-0.7501631776184129,-0.9995935879794764,-0.9963260907313367,0.8523023234040946,0.9617342754699241,-0.8204736160824581,-0.08381290455575009,0.6726894601362635,0.6321787207834727,0.5396649429647264,-0.6727209099615246,-0.701098356479319,0.7640398306519998,-0.6487863488267871,-0.7640176210466836,0.9840022807234738,0.982742530707418,0.3293002456565686,-0.9999987746768996,0.9999999995621748,-0.9995915927591433,0.6651237247353708,-0.6650916412031654,0.9800893421943508,-0.9814383118867451,0.999596958117304,0.9983700053693556
0.9997821029669385,-0.8982737968761526,-0.9158889191002778,0.5174879862343569,0.5634987314210209,0.9785199227719811,0.9966362100834466,0.9183728876801118,0.30218331954578537,0.32648869248457735,-0.9963076882067206,0.7310017407033931,0.9983788177496469,0.9983634099797158,-0.837040146340097,-0.9691561468218272,0.8364424494325157,0.05536213714331884,-0.65131555634228,-0.6540170433906466,-0.5634533119818721,0.6513475488858658,0.7211474299139284,-0.7821270737031135,0.6702228850487716,0.7821056095310275,-0.9785216349031646,-0.9770678626122448,-0.30223982741184796,0.9995914693118729,-0.9995915927591433,0.9999999996919675,-0.6861476005843707,0.6861163388836962,-0.9740289122643159,0.9755702412497476,-0.9983794312233795,-0.9995904754285745
-0.7012437932498434,0.9360276861780505,0.3364192593355384,-0.9775510712556832,-0.9876100977614015,-0.521446940851994,-0.6242317000968255,-0.34227494155391486,0.4861045522710346,-0.9116041959007937,0.7460503352487058,-0.005186881324950582,-0.6436565661484523,-0.7266365655581856,0.176313607765939,0.8442575741546184,-0.9726029349056547,0.6883590702533658,-0.10510215615252251,0.9990553644543623,0.9876001585055549,0.10506669194584291,-0.9987768867503738,0.9899394161108622,-0.9997561480468187,-0.9899439270239607,0.521446858663339,0.5155149871552701,-0.4860588458825006,-0.6650742465604724,0.6651237247353708,-0.6861476005843707,0.9999999942680948,-0.9999905972295913,0.5036206753032281,-0.5095692929226983,0.6436171680229535,0.7066595014919022
0.7012131516627613,-0.9360124650729253,-0.3363788794729861,0.9775611315776728,0.9876166583076949,0.5214103177557643,0.6241981455479938,0.3422346510413623,-0.4861418959430165,0.9116216503867007,-0.7460217007208907,0.0051440595810739505,0.643623690468084,0.7266070290155092,-0.17627142838992163,-0.8442344887123631,0.9725940209206355,-0.6883900213635291,0.10514472401670817,-0.9990570570776449,-0.9876067213250523,-0.10510926026594124,0.9987746165423288,-0.9899332008124555,0.9997581109270703,0.9899377131705472,-0.5214102354625844,-0.5154782108952253,0.48609619104078033,0.6650421611150291,-0.6650916412031654,0.6861163388836962,-0.9999905972295913,0.9999999940399165,-0.5035835994295913,0.5095323656282063,-0.6435842907211238,-0.70662908898265
-0.9690720826281697,0.7754474579483881,0.982990347696892,-0.31030680921554993,-0.3618181724492407,-0.9997817358140899,-0.9893054660353977,-0.9841165469122339,-0.5101653246388677,-0.10400426127337266,0.951000228937628,-0.8665141190347834,-0.9853279331422575,-0.9594839610538597,0.9391821555661743,0.8881891705437487,-0.690633195778363,-0.2799937083868595,0.8062063985885113,0.46575433494850577,0.3617673264050547,-0.8062333545673396,-0.5455642135977805,0.6207334663736052,-0.48478170354799827,-0.6207065718012058,0.999783794702676,0.9999035612623774,0.5102182069168323,-0.9801031749902049,0.9800893421943508,-0.9740289122643159,0.5036206753032281,-0.5035835994295913,0.9999999975441867,-0.9999743594539183,0.9853421200574668,0.9671603325167658
0.9707539811073616,-0.7797866088300256,-0.9817030932163493,0.3168576550225502,0.3682411093540424,0.9999039381448247,0.9902906860479033,0.9828726853230452,0.5042219444825952,0.1108624497950916,-0.9531129278039336,0.8630529920941638,0.9864855172910524,0.9614073611000217,-0.9367936357806459,-0.8913398811061498,0.6956072146559423,0.27336583125709707,-0.8021084532369995,-0.4718485342117806,-0.3681903894762587,0.8021355834131987,0.5513335894832306,-0.6261284386160768,0.4908045970546158,0.6261016887700627,-0.9999059880560514,-0.9999767123001061,-0.5042749779394461,0.9814516937246246,-0.9814383118867451,0.9755702412497476,-0.5095692929226983,0.5095323656282063,-0.9999743594539183,1.0000000015237351,-0.9864981411608595,-0.9688931996159501
-0.996969094652733,0.8717979032431735,0.9372604974846509,-0.46792953651884944,-0.5155494615341717,-0.9886718141362545,-0.9996869194616987,-0.9394155277378112,-0.3559682993020683,-0.27214400966958974,0.989806812957599,-0.7686686384173754,-0.9999987505852741,-0.9934890758835174,0.8668361475559212,0.9535546713321199,-0.8038834281279391,-0.11212190799483758,0.6934642257498365,0.6098864554475404,0.5155024544308477,-0.6934951088570228,-0.6805349988678647,0.7453823429693944,-0.6268814057821183,-0.745359407815083,0.9886736218743426,0.9876084070152154,0.3560241729362281,-0.9995994425350806,0.999596958117304,-0.9983794312233795,0.6436171680229535,-0.6435842907211238,0.9853421200574668,-0.9864981411608595,1.0000000026185523,0.9963448695108432
-0.9999732809983328,0.9104674474290879,0.904042146202163,-0.5417338405944526,-0.5868806072000022,-0.9722288268696536,-0.993887707145848,-0.9066882048888395,-0.27481482038869076,-0.3533704298922042,0.9983543784054838,-0.7112006762305495,-0.9963458207614587,-0.9995898877817435,0.8210606937344067,0.9758043967329294,-0.8517652717912524,-0.02680174011273939,0.629362002784013,0.6753714423908109,0.5868360402173993,-0.6293945131810953,-0.7406537734965126,0.7996174060755382,-0.6911613696755486,-0.7995967065316288,0.9722304889175238,0.9705834403521137,0.274871577622825,-0.9983667780799779,0.9983700053693556,-0.9995904754285745,0.7066595014919022,-0.70662908898265,0.9671603325167658,-0.9688931996159501,0.9963448695108432,1.0000000005996608
