0.9999999999975767,-0.9999999849853558,0.9999999670117999,-0.9999999835081652,0.9999999623508753,-0.9999999723567857,-0.999999955743597,1.000000007744391,-0.9999999843335556,-1.0000000045067035,0.9999999708804402,0.9999999765695102,0.9999999828434274,1.0000000328017942,0.9999999897249989,-0.9999999756330763,-0.9999999916897351,-1.0000000494453438,1.0000000597808685,-1.000000078660183,-1.0000000780556477,0.9999999889739923,-0.9999999658055833,0.9999999605806592,-0.9999999975611348,0.9999999718295011,-0.9999999797928284,-0.9999999610459425,0.9999999732822868,-0.9999999866945726,0.9999999713357554,1.0000000925563581,-1.0000001023393614,-1.0000000994008378,1.0000001046444236,1.000000089909672,-1.0000000803693987,1.0000000735321621,-1.0000000696128328,1.0000000663985453,-1.0000000610521584,1.000000052972619,-1.0000000449331634,1.0000000415796149,-1.000000049659738
-0.9999999849853558,0.9999999999711779,-0.9999999554011737,0.9999999649567878,-0.9999999437983392,0.9999999538041177,0.9999999371911242,-0.9999999891910673,0.9999999657800112,0.9999999859531002,-0.9999999523272126,-0.9999999580161308,-0.9999999642902242,-1.0000000142483976,-0.9999999711731521,0.9999999570799685,0.9999999731377711,1.0000000308919035,-1.0000000412272625,1.0000000601075263,1.0000000595022935,-0.9999999704225148,0.9999999472528757,-0.9999999420282533,0.9999999790097478,-0.9999999532769338,0.9999999612400697,0.9999999424934808,-0.9999999547309324,0.999999968143675,-0.9999999527840304,-1.0000000740032673,1.000000083786634,1.0000000808492129,-1.0000000860921898,-1.0000000713587571,1.000000061819279,-1.000000054982887,1.0000000510644191,-1.0000000478509696,1.0000000425053688,-1.0000000344265583,1.000000026387791,-1.000000023034934,1.000000031115927
0.9999999670117999,-0.9999999554011737,0.9999999999554772,-0.9999999539244847,0.9999999327652885,-0.9999999427710305,-0.999999926158108,0.9999999781576737,-0.9999999547464229,-0.9999999749195368,0.9999999412937826,0.9999999469826237,0.9999999532568933,1.0000000032149934,0.9999999601406768,-0.9999999460466682,-0.9999999621052488,-1.000000019858464,1.000000030193671,-1.0000000490745815,-1.0000000484688119,0.9999999593901799,-0.9999999362197475,0.9999999309953111,-0.9999999679773522,0.9999999422437684,-0.9999999502068914,-0.9999999384016457,0.9999999436986348,-0.999999957111453,0.9999999417512933,1.0000000629698542,-1.0000000727533265,-1.000000069816274,1.0000000750590432,1.0000000603260641,-1.000000050786868,1.000000043950781,-1.0000000400326206,1.0000000368194677,-1.0000000314741417,1.0000000233955937,-1.0000000153570938,1.0000000120045471,-1.0000000200860384
-0.9999999835081652,0.9999999649567878,-0.9999999539244847,0.9999999999789558,-0.9999999562065536,0.9999999592713406,0.9999999426578727,-0.9999999946595769,0.9999999712479457,0.9999999914217739,-0.9999999577946558,-0.9999999634838301,-0.9999999697586472,-1.0000000197173906,-0.9999999766414482,0.9999999625480707,0.9999999786063809,1.0000000363608923,-1.00000004669598,1.0000000655765244,1.0000000649704859,-0.999999975889796,0.9999999527200472,-0.9999999474952045,0.9999999844759738,-0.9999999587429912,0.9999999667070685,0.9999999479585846,-0.9999999601976844,0.9999999736084695,-0.9999999582488917,-1.000000079470681,1.0000000892529644,1.0000000863125023,-1.0000000915571392,-1.0000000768201447,1.0000000672785718,-1.000000060439953,1.0000000565191938,-1.000000053303464,1.000000047955673,-1.000000039874855,1.0000000318343842,-1.0000000284802957,1.0000000365607244
0.9999999623508753,-0.9999999437983392,0.9999999327652885,-0.9999999562065536,0.9999999999488443,-0.9999999450521949,-0.9999999284390785,0.9999999734979832,-0.9999999500860611,-0.9999999702597432,0.9999999366332899,0.9999999423222169,0.9999999485972433,0.9999999985556467,0.9999999554821389,-0.9999999413868398,-0.9999999574468579,-1.0000000151990835,1.0000000255339563,-1.000000044415929,-1.000000043808901,0.9999999547311361,-0.9999999315595083,0.9999999263351274,-0.9999999633175618,0.9999999375827789,-0.9999999455464691,-0.9999999267986044,0.9999999390392518,-0.9999999524509274,0.9999999370900664,1.0000000583095836,-1.0000000680925434,-1.0000000651540812,1.0000000703976164,1.000000055663004,-1.0000000461228542,1.000000039285751,-1.0000000353665364,1.0000000321523075,-1.0000000268059266,1.0000000187264129,-1.0000000106871456,1.0000000073342339,-1.0000000154160478
-0.9999999723567857,0.9999999538041177,-0.9999999427710305,0.9999999592713406,-0.9999999450521949,0.9999999999630834,0.9999999315036322,-0.9999999835038547,0.9999999600918345,0.9999999802655789,-0.9999999535804435,-0.999999952328004,-0.9999999586031553,-1.0000000085615537,-0.9999999654883064,0.999999951392735,0.9999999674530433,1.0000000252049763,-1.0000000355397567,1.0000000544219756,1.0000000538146765,-0.9999999647372738,0.9999999415653902,-0.9999999363410871,0.9999999733235515,-0.9999999475885197,0.9999999555522978,0.999999936804287,-0.9999999490453895,0.999999962456878,-0.9999999470958718,-1.0000000683152663,1.0000000780981244,1.0000000751594322,-1.0000000804030862,-1.0000000656682257,1.0000000561279414,-1.0000000492907009,1.0000000453713462,-1.000000042156981,1.0000000368104762,-1.0000000287308646,1.0000000206915396,-1.0000000173386183,1.0000000254205375
-0.999999955743597,0.9999999371911242,-0.999999926158108,0.9999999426578727,-0.9999999284390785,0.9999999315036322,0.999999999939442,-0.999999966890803,0.9999999434789186,0.9999999636525744,-0.9999999300261297,-0.9999999357150641,-0.9999999419900337,-0.9999999919484472,-0.999999948874809,0.999999934779635,0.9999999508395248,1.0000000085918876,-1.0000000189267813,1.0000000378086515,1.0000000372017335,-0.9999999481238077,0.999999924952298,-0.9999999266692449,0.9999999567102771,-0.9999999309756085,0.9999999389392886,0.9999999201914513,-0.999999939373273,0.9999999458436367,-0.9999999304828501,-1.0000000517024337,1.0000000614854105,1.0000000585469853,-1.0000000637905024,-1.0000000490559253,1.0000000395157924,-1.0000000326787095,1.0000000287595128,-1.0000000255453037,1.0000000201989407,-1.0000000121194377,1.0000000040801704,-1.000000000727236,1.0000000088089915
1.000000007744391,-0.9999999891910673,0.9999999781576737,-0.9999999946595769,0.9999999734979832,-0.9999999835038547,-0.999999966890803,1.000000000013441,-1.0000000024197218,-1.0000000225937862,0.9999999820257541,0.9999999877146121,0.9999999939903319,1.0000000439487382,1.000000000876681,-0.9999999867798443,-1.0000000028414664,-1.0000000605921548,1.0000000709267034,-1.000000089809956,-1.0000000892015712,1.0000000001255462,-0.9999999769524645,0.9999999717283626,-1.0000000087113783,0.999999982975187,-0.9999999909391497,-0.9999999721906724,0.9999999844336012,-0.9999999978446203,0.9999999824828605,1.0000001037019954,-1.0000001134846561,-1.000000110545508,1.0000001157894016,1.000000101054041,-1.0000000915134832,1.0000000846759596,-1.0000000807563079,1.000000077541636,-1.0000000721948339,1.0000000641149793,-1.000000056075543,1.0000000527227417,-1.0000000608052229
-0.9999999843335556,0.9999999657800112,-0.9999999547464229,0.9999999712479457,-0.9999999500860611,0.9999999600918345,0.9999999434789186,-1.0000000024197218,0.9999999999801242,0.9999999922398493,-0.9999999655549016,-0.9999999712436689,-0.9999999705778905,-1.0000000205361288,-0.9999999774646183,0.999999963367505,0.9999999794292926,1.0000000371795266,-1.0000000475140882,1.0000000663975082,1.000000065789157,-0.9999999767138179,0.999999953540446,-0.9999999483164553,0.9999999852999433,-0.9999999595634814,0.999999967527184,0.999999948779196,-0.9999999610220035,0.9999999744336115,-0.9999999590716223,-1.0000000802898568,1.0000000900728878,1.0000000871347883,-1.0000000923781085,-1.0000000776439817,1.0000000681041485,-1.0000000612673965,1.000000057348536,-1.00000005413464,1.0000000487885738,-1.000000040709387,1.0000000326705243,-1.000000029318185,1.0000000374010227
-1.0000000045067035,0.9999999859531002,-0.9999999749195368,0.9999999914217739,-0.9999999702597432,0.9999999802655789,0.9999999636525744,-1.0000000225937862,0.9999999922398493,1.0000000000088325,-0.9999999787873007,-0.9999999844761345,-0.9999999976933188,-1.0000000476517115,-0.999999997638815,0.9999999835414878,0.9999999996035728,1.0000000573537773,-1.0000000676882823,1.0000000865718908,1.0000000859632263,-0.9999999968877465,0.9999999737141929,-0.9999999684901504,1.0000000054735916,-0.9999999797369399,0.9999999877008644,0.9999999689523863,-0.9999999811957908,0.9999999946069215,-0.9999999792448377,-1.0000001004637533,1.0000001102465323,1.0000001073077027,-1.0000001125514222,-1.0000000978164318,1.0000000882760895,-1.0000000814387904,1.0000000775193636,-1.0000000743049042,1.0000000689582895,-1.0000000608786004,1.0000000528393207,-1.0000000494867154,1.000000057569494
0.9999999708804402,-0.9999999523272126,0.9999999412937826,-0.9999999577946558,0.9999999366332899,-0.9999999535804435,-0.9999999300261297,0.9999999820257541,-0.9999999655549016,-0.9999999787873007,0.9999999999609804,0.9999999508498366,0.9999999571251795,1.0000000070834414,0.9999999640113334,-0.999999949914808,-0.9999999659759995,-1.0000000237268454,1.0000000340615103,-1.0000000529444504,-1.0000000523365788,0.9999999632605286,-0.9999999470290717,0.9999999348636188,-0.9999999718468169,0.9999999461108975,-0.9999999540745522,-0.9999999353266997,0.9999999475687152,-0.9999999609804628,0.9999999456188304,1.0000000668373246,-1.0000000766203998,-1.000000073682378,1.0000000789256605,1.0000000641916051,-1.000000054651806,1.000000047815084,-1.0000000438962553,1.0000000406824,-1.0000000353363703,1.0000000272572045,-1.0000000192183134,1.0000000158658604,-1.0000000239484053
0.9999999765695102,-0.9999999580161308,0.9999999469826237,-0.9999999634838301,0.9999999423222169,-0.999999952328004,-0.9999999357150641,0.9999999877146121,-0.9999999712436689,-0.9999999844761345,0.9999999508498366,0.9999999999690758,0.9999999628140886,1.0000000127723452,0.9999999697005159,-0.9999999625450592,-0.9999999716651893,-1.000000029415748,1.0000000397503652,-1.0000000586335398,-1.000000058025424,0.9999999689497034,-0.9999999457766247,0.9999999405525741,-0.9999999775359001,0.9999999517997221,-0.9999999667047574,-0.9999999410154757,0.9999999532578894,-0.9999999666695519,0.999999951307749,1.000000072526131,-1.0000000823091673,-1.0000000793710577,1.0000000846143868,1.0000000698802374,-1.0000000603403882,1.0000000535036158,-1.0000000495847359,1.0000000463708283,-1.000000041024753,1.0000000329455476,-1.0000000249066487,1.0000000215542368,-1.0000000296369156
0.9999999828434274,-0.9999999642902242,0.9999999532568933,-0.9999999697586472,0.9999999485972433,-0.9999999586031553,-0.9999999419900337,0.9999999939903319,-0.9999999705778905,-0.9999999976933188,0.9999999571251795,0.9999999628140886,0.9999999999780064,1.0000000190482503,0.9999999759758805,-0.9999999688205996,-0.9999999848820204,-1.0000000356916743,1.0000000460262766,-1.0000000649093395,-1.0000000643011386,0.9999999752246715,-0.9999999520517856,0.999999946827575,-0.9999999838105738,0.9999999580745568,-0.9999999660385409,-0.9999999472899797,0.9999999595326523,-0.9999999729436849,0.9999999575820416,1.0000000788016126,-1.0000000885842932,-1.0000000856451259,1.000000090889037,1.0000000761536292,-1.0000000666130315,1.0000000597754553,-1.0000000558557467,1.0000000526410115,-1.000000047294137,1.0000000392141895,-1.0000000311746426,1.0000000278217323,-1.0000000359040797
1.0000000328017942,-1.0000000142483976,1.0000000032149934,-1.0000000197173906,0.9999999985556467,-1.0000000085615537,-0.9999999919484472,1.0000000439487382,-1.0000000205361288,-1.0000000476517115,1.0000000070834414,1.0000000127723452,1.0000000190482503,1.0000000000490996,1.0000000259347366,-1.0000000118377002,-1.0000000278995766,-1.0000000925915689,1.000000095984737,-1.0000001148681554,-1.000000114259541,1.0000000251834276,-1.00000000201017,0.9999999967860305,-1.0000000337690942,1.0000000080327212,-1.0000000159968192,-0.9999999972480235,1.000000009491389,-1.0000000229021284,1.0000000075402604,1.0000001287598828,-1.0000001385424064,-1.0000001356028396,1.0000001408469639,1.0000001261111042,-1.0000001165702477,1.0000001097324007,-1.0000001058124115,1.000000102597402,-1.0000000972502676,1.000000089170106,-1.0000000811304137,1.0000000777774645,-1.0000000858599463
0.9999999897249989,-0.9999999711731521,0.9999999601406768,-0.9999999766414482,0.9999999554821389,-0.9999999654883064,-0.999999948874809,1.000000000876681,-0.9999999774646183,-0.999999997638815,0.9999999640113334,0.9999999697005159,0.9999999759758805,1.0000000259347366,0.999999999987804,-0.9999999757065458,-0.9999999848245787,-1.000000042578231,1.000000052913103,-1.0000000717944684,-1.0000000711874732,0.9999999821076547,-0.9999999589369869,0.99999995371225,-0.9999999906933246,0.9999999649594434,-0.9999999729238164,-0.999999954174658,0.999999966415406,-0.9999999798255088,0.9999999644653762,1.0000000856874114,-1.00000009546936,-1.0000000925280177,1.000000097773126,1.0000000830351263,-1.0000000734929795,1.0000000666537543,-1.0000000627323713,1.000000059516009,-1.0000000541676122,1.0000000460862584,-1.0000000380454013,1.0000000346911913,-1.0000000427719393
-0.9999999756330763,0.9999999570799685,-0.9999999460466682,0.9999999625480707,-0.9999999413868398,0.999999951392735,0.999999934779635,-0.9999999867798443,0.999999963367505,0.9999999835414878,-0.999999949914808,-0.9999999625450592,-0.9999999688205996,-1.0000000118377002,-0.9999999757065458,0.9999999999677454,0.999999970729968,1.0000000284811235,-1.0000000388157677,1.0000000576986636,1.0000000570906562,-0.9999999680140634,0.9999999448413691,-0.9999999396171507,0.9999999766000705,-0.9999999508642488,0.9999999588281548,0.9999999400797719,-0.9999999523220875,0.9999999657332775,-0.9999999503717543,-1.0000000715911757,1.0000000813739263,1.0000000784349499,-1.0000000836787577,-1.0000000689435744,1.0000000594031078,-1.0000000525656731,1.000000048646111,-1.000000045431529,1.000000040084803,-1.000000032004989,1.0000000239655458,-1.00000002061268,1.0000000286949673
-0.9999999916897351,0.9999999731377711,-0.9999999621052488,0.9999999786063809,-0.9999999574468579,0.9999999674530433,0.9999999508395248,-1.0000000028414664,0.9999999794292926,0.9999999996035728,-0.9999999659759995,-0.9999999716651893,-0.9999999848820204,-1.0000000278995766,-0.9999999848245787,0.999999970729968,0.9999999999906001,1.0000000445430683,-1.000000054877888,1.0000000737594597,1.000000073152252,-0.9999999840726184,0.9999999609017157,-0.9999999556769995,0.9999999926581936,-0.9999999669240779,0.9999999748885231,0.9999999561391957,-0.9999999683803265,0.9999999817902978,-0.9999999664300189,-1.0000000876521615,1.0000000974340604,1.0000000944925829,-1.0000000997377665,-1.000000084999612,1.0000000754573724,-1.0000000686180501,1.0000000646965614,-1.00000006148009,1.000000056131582,-1.0000000480501292,1.000000040009196,-1.0000000366549677,1.000000044735809
-1.0000000494453438,1.0000000308919035,-1.000000019858464,1.0000000363608923,-1.0000000151990835,1.0000000252049763,1.0000000085918876,-1.0000000605921548,1.0000000371795266,1.0000000573537773,-1.0000000237268454,-1.000000029415748,-1.0000000356916743,-1.0000000925915689,-1.000000042578231,1.0000000284811235,1.0000000445430683,1.0000000000727844,-1.000000119569553,1.000000131511666,1.0000001309030206,-1.0000000418269288,1.0000000186536027,-1.0000000134294613,1.0000000504126103,-1.000000024676171,1.0000000326402514,1.000000013891471,-1.0000000261348887,1.0000000395456698,-1.0000000241837501,-1.0000001454033915,1.0000001551859445,1.0000001522464421,-1.0000001574905335,-1.0000001427547445,1.0000001332139277,-1.0000001263761178,1.000000122456167,-1.0000001192411911,1.0000001138940882,-1.0000001058139523,1.0000000977742864,-1.0000000944213692,1.000000102503898
1.0000000597808685,-1.0000000412272625,1.000000030193671,-1.00000004669598,1.0000000255339563,-1.0000000355397567,-1.0000000189267813,1.0000000709267034,-1.0000000475140882,-1.0000000676882823,1.0000000340615103,1.0000000397503652,1.0000000460262766,1.000000095984737,1.000000052913103,-1.0000000388157677,-1.000000054877888,-1.000000119569553,1.0000000000874911,-1.000000148787732,-1.0000001481790315,1.0000000521619623,-1.0000000289884075,1.0000000237643185,-1.0000000607477877,1.0000000350111389,-1.000000042975054,-1.0000000242265459,1.0000000364699961,-1.0000000498811021,1.0000000345189972,1.0000001557382114,-1.0000001655209614,-1.0000001625820025,1.000000167825798,1.0000001530906428,-1.0000001435501924,1.0000001367127762,-1.000000132793222,1.0000001295786365,-1.0000001242319034,1.0000001161521053,-1.0000001081127388,1.0000001047600886,-1.0000001128428444
-1.000000078660183,1.0000000601075263,-1.0000000490745815,1.0000000655765244,-1.000000044415929,1.0000000544219756,1.0000000378086515,-1.000000089809956,1.0000000663975082,1.0000000865718908,-1.0000000529444504,-1.0000000586335398,-1.0000000649093395,-1.0000001148681554,-1.0000000717944684,1.0000000576986636,1.0000000737594597,1.000000131511666,-1.000000148787732,1.0000000001143623,1.0000001601209068,-1.0000000710426973,1.0000000478706443,-1.0000000426461606,1.0000000796282305,-1.0000000538930136,1.0000000618573444,1.0000000431081335,-1.0000000553504873,1.0000000687606858,-1.0000000533996256,-1.000000174620977,1.0000001844030892,1.0000001814622486,-1.0000001867070794,-1.0000001719696818,1.0000001624278954,-1.0000001555890496,1.0000001516680415,-1.0000001484520329,1.000000143103954,-1.0000001350229122,1.0000001269824061,-1.0000001236286835,1.0000001317102625
-1.0000000780556477,1.0000000595022935,-1.0000000484688119,1.0000000649704859,-1.000000043808901,1.0000000538146765,1.0000000372017335,-1.0000000892015712,1.000000065789157,1.0000000859632263,-1.0000000523365788,-1.000000058025424,-1.0000000643011386,-1.000000114259541,-1.0000000711874732,1.0000000570906562,1.000000073152252,1.0000001309030206,-1.0000001481790315,1.0000001601209068,1.000000000113497,-1.0000000704364083,1.000000047263341,-1.0000000420392126,1.0000000790223567,-1.000000053286195,1.0000000612500062,1.0000000425017763,-1.0000000547445287,1.000000068155796,-1.0000000527940012,-1.0000001809544448,1.0000001837958503,1.0000001808569263,-1.0000001861007022,-1.0000001713655873,1.0000001618251662,-1.0000001549877824,1.0000001510682752,-1.0000001478537517,1.000000142507093,-1.000000134427376,1.0000001263880658,-1.0000001230353803,1.000000131117909
0.9999999889739923,-0.9999999704225148,0.9999999593901799,-0.999999975889796,0.9999999547311361,-0.9999999647372738,-0.9999999481238077,1.0000000001255462,-0.9999999767138179,-0.9999999968877465,0.9999999632605286,0.9999999689497034,0.9999999752246715,1.0000000251834276,0.9999999821076547,-0.9999999680140634,-0.9999999840726184,-1.0000000418269288,1.0000000521619623,-1.0000000710426973,-1.0000000704364083,0.9999999999867342,-0.9999999651273309,0.9999999529611626,-0.9999999899419486,0.9999999642087741,-0.999999972172931,-0.9999999534242673,0.9999999656637871,-0.9999999790743542,0.9999999637146609,1.0000000849365025,-1.0000000947186654,-1.0000000917778906,1.0000000970226948,1.0000000822853456,-1.00000007274357,1.000000065904739,-1.0000000619837643,1.0000000587678197,-1.000000053419826,1.0000000453388314,-1.0000000372982312,1.0000000339440882,-1.0000000420245685
-0.9999999658055833,0.9999999472528757,-0.9999999362197475,0.9999999527200472,-0.9999999315595083,0.9999999415653902,0.999999924952298,-0.9999999769524645,0.999999953540446,0.9999999737141929,-0.9999999470290717,-0.9999999457766247,-0.9999999520517856,-1.00000000201017,-0.9999999589369869,0.9999999448413691,0.9999999609017157,1.0000000186536027,-1.0000000289884075,1.0000000478706443,1.000000047263341,-0.9999999651273309,0.9999999999537605,-0.9999999367310785,0.9999999667722951,-0.9999999410372195,0.9999999490009496,0.9999999302529905,-0.9999999424940904,0.9999999559056605,-0.9999999405446086,-1.0000000617639788,1.000000071546891,1.0000000686083312,-1.0000000738519137,-1.0000000591171998,1.0000000495769974,-1.0000000427398426,1.000000038820574,-1.000000035606293,1.0000000302598595,-1.0000000221803076,1.0000000141410355,-1.0000000107881686,1.0000000188701352
0.9999999605806592,-0.9999999420282533,0.9999999309953111,-0.9999999474952045,0.9999999263351274,-0.9999999363410871,-0.9999999266692449,0.9999999717283626,-0.9999999483164553,-0.9999999684901504,0.9999999348636188,0.9999999405525741,0.999999946827575,0.9999999967860305,0.99999995371225,-0.9999999396171507,-0.9999999556769995,-1.0000000134294613,1.0000000237643185,-1.0000000426461606,-1.0000000420392126,0.9999999529611626,-0.9999999367310785,0.999999999946326,-0.9999999615475246,0.999999935812926,-0.9999999437767086,-0.9999999250287082,0.9999999372692463,-0.9999999506807552,0.9999999353200419,1.000000056539808,-1.0000000663226507,-1.000000063383873,1.0000000686275792,1.0000000538925997,-1.0000000443522357,1.0000000375149078,-1.0000000335954626,1.0000000303810144,-1.0000000250344272,1.0000000169547236,-1.0000000089152847,1.000000005562207,-1.0000000136438603
-0.9999999975611348,0.9999999790097478,-0.9999999679773522,0.9999999844759738,-0.9999999633175618,0.9999999733235515,0.9999999567102771,-1.0000000087113783,0.9999999852999433,1.0000000054735916,-0.9999999718468169,-0.9999999775359001,-0.9999999838105738,-1.0000000337690942,-0.9999999906933246,0.9999999766000705,0.9999999926581936,1.0000000504126103,-1.0000000607477877,1.0000000796282305,1.0000000790223567,-0.9999999899419486,0.9999999667722951,-0.9999999615475246,0.9999999999989528,-0.9999999797368311,0.9999999807592724,0.9999999620113578,-0.9999999742500262,0.9999999876612571,-0.9999999723017067,-1.0000000935226634,1.000000103305138,1.000000100365264,-1.0000001056095764,-1.0000000908732856,1.000000081332136,-1.000000074493976,1.0000000705736978,-1.0000000673584533,1.000000062011147,-1.000000053930793,1.000000045890739,-1.0000000425369557,1.0000000506174846
0.9999999718295011,-0.9999999532769338,0.9999999422437684,-0.9999999587429912,0.9999999375827789,-0.9999999475885197,-0.9999999309756085,0.999999982975187,-0.9999999595634814,-0.9999999797369399,0.9999999461108975,0.9999999517997221,0.9999999580745568,1.0000000080327212,0.9999999649594434,-0.9999999508642488,-0.9999999669240779,-1.000000024676171,1.0000000350111389,-1.0000000538930136,-1.000000053286195,0.9999999642087741,-0.9999999410372195,0.999999935812926,-0.9999999797368311,0.9999999999623321,-0.9999999619655172,-0.9999999432183052,0.9999999485170975,-0.9999999619293409,0.9999999465684829,1.0000000677870493,-1.00000007757028,-1.0000000746326183,1.0000000798757114,1.0000000651420484,-1.000000055602467,1.000000048765974,-1.0000000448473905,1.0000000416338004,-1.0000000362880477,1.0000000282091241,-1.0000000201703794,1.0000000168178451,-1.0000000248998118
-0.9999999797928284,0.9999999612400697,-0.9999999502068914,0.9999999667070685,-0.9999999455464691,0.9999999555522978,0.9999999389392886,-0.9999999909391497,0.999999967527184,0.9999999877008644,-0.9999999540745522,-0.9999999667047574,-0.9999999660385409,-1.0000000159968192,-0.9999999729238164,0.9999999588281548,0.9999999748885231,1.0000000326402514,-1.000000042975054,1.0000000618573444,1.0000000612500062,-0.999999972172931,0.9999999490009496,-0.9999999437767086,0.9999999807592724,-0.9999999619655172,0.9999999999736648,0.9999999442400603,-0.9999999564811414,0.9999999698928337,-0.9999999545317456,-1.0000000757506422,1.0000000855335902,1.0000000825951834,-1.0000000878386783,-1.0000000731041636,1.0000000635640904,-1.0000000567270786,1.0000000528079658,-1.0000000495938437,1.0000000442475794,-1.0000000361682042,1.0000000281291048,-1.0000000247763734,1.0000000328584229
-0.9999999610459425,0.9999999424934808,-0.9999999384016457,0.9999999479585846,-0.9999999267986044,0.999999936804287,0.9999999201914513,-0.9999999721906724,0.999999948779196,0.9999999689523863,-0.9999999353266997,-0.9999999410154757,-0.9999999472899797,-0.9999999972480235,-0.999999954174658,0.9999999400797719,0.9999999561391957,1.000000013891471,-1.0000000242265459,1.0000000431081335,1.0000000425017763,-0.9999999534242673,0.9999999302529905,-0.9999999250287082,0.9999999620113578,-0.9999999432183052,0.9999999442400603,0.9999999999469864,-0.9999999377327292,0.9999999511455937,-0.9999999427262252,-1.000000057002891,1.000000066786464,1.0000000638497382,-1.0000000690923232,-1.0000000543597463,1.0000000448207926,-1.0000000379849665,1.0000000340670692,-1.0000000308541621,1.0000000255090593,-1.0000000174307198,1.0000000093924435,-1.0000000060402003,1.0000000141222
0.9999999732822868,-0.9999999547309324,0.9999999436986348,-0.9999999601976844,0.9999999390392518,-0.9999999490453895,-0.999999939373273,0.9999999844336012,-0.9999999610220035,-0.9999999811957908,0.9999999475687152,0.9999999532578894,0.9999999595326523,1.000000009491389,0.999999966415406,-0.9999999523220875,-0.9999999683803265,-1.0000000261348887,1.0000000364699961,-1.0000000553504873,-1.0000000547445287,0.9999999656637871,-0.9999999424940904,0.9999999372692463,-0.9999999742500262,0.9999999485170975,-0.9999999564811414,-0.9999999377327292,0.9999999999644036,-0.9999999633825641,0.9999999480230171,1.000000069244765,-1.0000000790271024,-1.000000076086772,1.0000000813313363,1.0000000665944933,-1.000000057053007,1.0000000502144804,-1.000000046293815,1.000000043078179,-1.0000000377304754,1.000000029649735,-1.000000021609321,1.0000000182552677,-1.0000000263356883
-0.9999999866945726,0.999999968143675,-0.999999957111453,0.9999999736084695,-0.9999999524509274,0.999999962456878,0.9999999458436367,-0.9999999978446203,0.9999999744336115,0.9999999946069215,-0.9999999609804628,-0.9999999666695519,-0.9999999729436849,-1.0000000229021284,-0.9999999798255088,0.9999999657332775,0.9999999817902978,1.0000000395456698,-1.0000000498811021,1.0000000687606858,1.000000068155796,-0.9999999790743542,0.9999999559056605,-0.9999999506807552,0.9999999876612571,-0.9999999619293409,0.9999999698928337,0.9999999511455937,-0.9999999633825641,0.9999999999834885,-0.9999999683768616,-1.0000000826563646,1.0000000924391765,1.0000000895001375,-1.0000000947440015,-1.000000080008656,1.000000070468042,-1.0000000636304422,1.0000000597107448,-1.0000000564960851,1.0000000511493434,-1.0000000430694829,1.000000035029778,-1.000000031676092,1.0000000397562654
0.9999999713357554,-0.9999999527840304,0.9999999417512933,-0.9999999582488917,0.9999999370900664,-0.9999999470958718,-0.9999999304828501,0.9999999824828605,-0.9999999590716223,-0.9999999792448377,0.9999999456188304,0.999999951307749,0.9999999575820416,1.0000000075402604,0.9999999644653762,-0.9999999503717543,-0.9999999664300189,-1.0000000241837501,1.0000000345189972,-1.0000000533996256,-1.0000000527940012,0.9999999637146609,-0.9999999405446086,0.9999999353200419,-0.9999999723017067,0.9999999465684829,-0.9999999545317456,-0.9999999427262252,0.9999999480230171,-0.9999999683768616,0.9999999999616312,1.0000000672948903,-1.0000000770781468,-1.0000000741404511,1.0000000793835748,1.0000000646498313,-1.000000055110177,1.0000000482736002,-1.0000000443549415,1.000000041141298,-1.000000035795504,1.0000000277165226,-1.000000019677633,1.0000000163247482,-1.0000000244059053
1.0000000925563581,-1.0000000740032673,1.0000000629698542,-1.000000079470681,1.0000000583095836,-1.0000000683152663,-1.0000000517024337,1.0000001037019954,-1.0000000802898568,-1.0000001004637533,1.0000000668373246,1.000000072526131,1.0000000788016126,1.0000001287598828,1.0000000856874114,-1.0000000715911757,-1.0000000876521615,-1.0000001454033915,1.0000001557382114,-1.000000174620977,-1.0000001809544448,1.0000000849365025,-1.0000000617639788,1.000000056539808,-1.0000000935226634,1.0000000677870493,-1.0000000757506422,-1.000000057002891,1.000000069244765,-1.0000000826563646,1.0000000672948903,1.0000000001341323,-1.0000002052378485,-1.000000195357817,1.0000002006014577,1.000000185866634,-1.0000001763263875,1.0000001694891936,-1.0000001655698918,1.0000001623555916,-1.0000001570091694,1.0000001489296826,-1.00000014089056,1.0000001375379381,-1.0000001456202618
-1.0000001023393614,1.000000083786634,-1.0000000727533265,1.0000000892529644,-1.0000000680925434,1.0000000780981244,1.0000000614854105,-1.0000001134846561,1.0000000900728878,1.0000001102465323,-1.0000000766203998,-1.0000000823091673,-1.0000000885842932,-1.0000001385424064,-1.00000009546936,1.0000000813739263,1.0000000974340604,1.0000001551859445,-1.0000001655209614,1.0000001844030892,1.0000001837958503,-1.0000000947186654,1.000000071546891,-1.0000000663226507,1.000000103305138,-1.00000007757028,1.0000000855335902,1.000000066786464,-1.0000000790271024,1.0000000924391765,-1.0000000770781468,-1.0000002052378485,1.000000000148054,1.000000205141206,-1.0000002173259785,-1.0000001956502744,1.0000001861103025,-1.0000001792734103,1.0000001753544339,-1.0000001721404765,1.0000001667944063,-1.0000001587152534,1.00000015067639,-1.000000147323854,1.0000001554058962
-1.0000000994008378,1.0000000808492129,-1.000000069816274,1.0000000863125023,-1.0000000651540812,1.0000000751594322,1.0000000585469853,-1.000000110545508,1.0000000871347883,1.0000001073077027,-1.000000073682378,-1.0000000793710577,-1.0000000856451259,-1.0000001356028396,-1.0000000925280177,1.0000000784349499,1.0000000944925829,1.0000001522464421,-1.0000001625820025,1.0000001814622486,1.0000001808569263,-1.0000000917778906,1.0000000686083312,-1.000000063383873,1.000000100365264,-1.0000000746326183,1.0000000825951834,1.0000000638497382,-1.000000076086772,1.0000000895001375,-1.0000000741404511,-1.000000195357817,1.000000205141206,1.000000000143873,-1.0000002143882047,-1.0000001996551355,1.0000001831745617,-1.000000176338485,1.0000001724203844,-1.0000001692073561,1.0000001638622351,-1.0000001557839706,1.0000001477457816,-1.00000014439341,1.0000001524745779
1.0000001046444236,-1.0000000860921898,1.0000000750590432,-1.0000000915571392,1.0000000703976164,-1.0000000804030862,-1.0000000637905024,1.0000001157894016,-1.0000000923781085,-1.0000001125514222,1.0000000789256605,1.0000000846143868,1.000000090889037,1.0000001408469639,1.000000097773126,-1.0000000836787577,-1.0000000997377665,-1.0000001574905335,1.000000167825798,-1.0000001867070794,-1.0000001861007022,1.0000000970226948,-1.0000000738519137,1.0000000686275792,-1.0000001056095764,1.0000000798757114,-1.0000000878386783,-1.0000000690923232,1.0000000813313363,-1.0000000947440015,1.0000000793835748,1.0000002006014577,-1.0000002173259785,-1.0000002143882047,1.0000000001513343,1.0000001979562354,-1.00000018841661,1.0000001815800925,-1.000000177661518,1.0000001744479872,-1.0000001691023523,1.00000016102361,-1.0000001529850595,1.0000001496326054,-1.000000157714258
1.000000089909672,-1.0000000713587571,1.0000000603260641,-1.0000000768201447,1.000000055663004,-1.0000000656682257,-1.0000000490559253,1.000000101054041,-1.0000000776439817,-1.0000000978164318,1.0000000641916051,1.0000000698802374,1.0000000761536292,1.0000001261111042,1.0000000830351263,-1.0000000689435744,-1.000000084999612,-1.0000001427547445,1.0000001530906428,-1.0000001719696818,-1.0000001713655873,1.0000000822853456,-1.0000000591171998,1.0000000538925997,-1.0000000908732856,1.0000000651420484,-1.0000000731041636,-1.0000000543597463,1.0000000665944933,-1.000000080008656,1.0000000646498313,1.000000185866634,-1.0000001956502744,-1.0000001996551355,1.0000001979562354,1.0000000001303684,-1.0000001806265417,1.0000001668496183,-1.000000162932056,1.0000001597195998,-1.0000001543750627,1.0000001462973385,-1.000000138259557,1.0000001349072665,-1.0000001429878678
-1.0000000803693987,1.000000061819279,-1.000000050786868,1.0000000672785718,-1.0000000461228542,1.0000000561279414,1.0000000395157924,-1.0000000915134832,1.0000000681041485,1.0000000882760895,-1.000000054651806,-1.0000000603403882,-1.0000000666130315,-1.0000001165702477,-1.0000000734929795,1.0000000594031078,1.0000000754573724,1.0000001332139277,-1.0000001435501924,1.0000001624278954,1.0000001618251662,-1.00000007274357,1.0000000495769974,-1.0000000443522357,1.000000081332136,-1.000000055602467,1.0000000635640904,1.0000000448207926,-1.000000057053007,1.000000070468042,-1.000000055110177,-1.0000001763263875,1.0000001861103025,1.0000001831745617,-1.00000018841661,-1.0000001806265417,1.0000000001167944,-1.0000001642532836,1.0000001533949585,-1.0000001501831302,1.0000001448392313,-1.000000136762101,1.0000001287247577,-1.00000012537255,1.0000001334525148
1.0000000735321621,-1.000000054982887,1.000000043950781,-1.000000060439953,1.000000039285751,-1.0000000492907009,-1.0000000326787095,1.0000000846759596,-1.0000000612673965,-1.0000000814387904,1.000000047815084,1.0000000535036158,1.0000000597754553,1.0000001097324007,1.0000000666537543,-1.0000000525656731,-1.0000000686180501,-1.0000001263761178,1.0000001367127762,-1.0000001555890496,-1.0000001549877824,1.000000065904739,-1.0000000427398426,1.0000000375149078,-1.000000074493976,1.000000048765974,-1.0000000567270786,-1.0000000379849665,1.0000000502144804,-1.0000000636304422,1.0000000482736002,1.0000001694891936,-1.0000001792734103,-1.000000176338485,1.0000001815800925,1.0000001668496183,-1.0000001642532836,1.0000000001070684,-1.0000001535025256,1.0000001433500194,-1.0000001380068049,1.0000001299303094,-1.000000121893436,1.0000001185413163,-1.000000126620606
-1.0000000696128328,1.0000000510644191,-1.0000000400326206,1.0000000565191938,-1.0000000353665364,1.0000000453713462,1.0000000287595128,-1.0000000807563079,1.000000057348536,1.0000000775193636,-1.0000000438962553,-1.0000000495847359,-1.0000000558557467,-1.0000001058124115,-1.0000000627323713,1.000000048646111,1.0000000646965614,1.000000122456167,-1.000000132793222,1.0000001516680415,1.0000001510682752,-1.0000000619837643,1.000000038820574,-1.0000000335954626,1.0000000705736978,-1.0000000448473905,1.0000000528079658,1.0000000340670692,-1.000000046293815,1.0000000597107448,-1.0000000443549415,-1.0000001655698918,1.0000001753544339,1.0000001724203844,-1.000000177661518,-1.000000162932056,1.0000001533949585,-1.0000001535025256,1.0000000001014957,-1.0000001463764414,1.0000001340926006,-1.0000001260167772,1.0000001179803983,-1.0000001146283763,1.000000122706988
1.0000000663985453,-1.0000000478509696,1.0000000368194677,-1.000000053303464,1.0000000321523075,-1.000000042156981,-1.0000000255453037,1.000000077541636,-1.00000005413464,-1.0000000743049042,1.0000000406824,1.0000000463708283,1.0000000526410115,1.000000102597402,1.000000059516009,-1.000000045431529,-1.00000006148009,-1.0000001192411911,1.0000001295786365,-1.0000001484520329,-1.0000001478537517,1.0000000587678197,-1.000000035606293,1.0000000303810144,-1.0000000673584533,1.0000000416338004,-1.0000000495938437,-1.0000000308541621,1.000000043078179,-1.0000000564960851,1.000000041141298,1.0000001623555916,-1.0000001721404765,-1.0000001692073561,1.0000001744479872,1.0000001597195998,-1.0000001501831302,1.0000001433500194,-1.0000001463764414,1.0000000000969276,-1.000000137825028,1.0000001228085436,-1.0000001147726827,1.0000001114207835,-1.0000001194987427
-1.0000000610521584,1.0000000425053688,-1.0000000314741417,1.000000047955673,-1.0000000268059266,1.0000000368104762,1.0000000201989407,-1.0000000721948339,1.0000000487885738,1.0000000689582895,-1.0000000353363703,-1.000000041024753,-1.000000047294137,-1.0000000972502676,-1.0000000541676122,1.000000040084803,1.000000056131582,1.0000001138940882,-1.0000001242319034,1.000000143103954,1.000000142507093,-1.000000053419826,1.0000000302598595,-1.0000000250344272,1.000000062011147,-1.0000000362880477,1.0000000442475794,1.0000000255090593,-1.0000000377304754,1.0000000511493434,-1.000000035795504,-1.0000001570091694,1.0000001667944063,1.0000001638622351,-1.0000001691023523,-1.0000001543750627,1.0000001448392313,-1.0000001380068049,1.0000001340926006,-1.000000137825028,1.0000000000893268,-1.000000124409615,1.0000001094329203,-1.0000001060811545,1.0000001141585115
1.000000052972619,-1.0000000344265583,1.0000000233955937,-1.000000039874855,1.0000000187264129,-1.0000000287308646,-1.0000000121194377,1.0000000641149793,-1.000000040709387,-1.0000000608786004,1.0000000272572045,1.0000000329455476,1.0000000392141895,1.000000089170106,1.0000000460862584,-1.000000032004989,-1.0000000480501292,-1.0000001058139523,1.0000001161521053,-1.0000001350229122,-1.000000134427376,1.0000000453388314,-1.0000000221803076,1.0000000169547236,-1.000000053930793,1.0000000282091241,-1.0000000361682042,-1.0000000174307198,1.000000029649735,-1.0000000430694829,1.0000000277165226,1.0000001489296826,-1.0000001587152534,-1.0000001557839706,1.00000016102361,1.0000001462973385,-1.000000136762101,1.0000001299303094,-1.0000001260167772,1.0000001228085436,-1.000000124409615,1.0000000000778368,-1.0000001083009278,1.0000000980079238,-1.0000001060847212
-1.0000000449331634,1.000000026387791,-1.0000000153570938,1.0000000318343842,-1.0000000106871456,1.0000000206915396,1.0000000040801704,-1.000000056075543,1.0000000326705243,1.0000000528393207,-1.0000000192183134,-1.0000000249066487,-1.0000000311746426,-1.0000000811304137,-1.0000000380454013,1.0000000239655458,1.000000040009196,1.0000000977742864,-1.0000001081127388,1.0000001269824061,1.0000001263880658,-1.0000000372982312,1.0000000141410355,-1.0000000089152847,1.000000045890739,-1.0000000201703794,1.0000000281291048,1.0000000093924435,-1.000000021609321,1.000000035029778,-1.000000019677633,-1.00000014089056,1.00000015067639,1.0000001477457816,-1.0000001529850595,-1.000000138259557,1.0000001287247577,-1.000000121893436,1.0000001179803983,-1.0000001147726827,1.0000001094329203,-1.0000001083009278,1.0000000000664027,-1.0000000969147353,1.0000000980496266
1.0000000415796149,-1.000000023034934,1.0000000120045471,-1.0000000284802957,1.0000000073342339,-1.0000000173386183,-1.000000000727236,1.0000000527227417,-1.000000029318185,-1.0000000494867154,1.0000000158658604,1.0000000215542368,1.0000000278217323,1.0000000777774645,1.0000000346911913,-1.00000002061268,-1.0000000366549677,-1.0000000944213692,1.0000001047600886,-1.0000001236286835,-1.0000001230353803,1.0000000339440882,-1.0000000107881686,1.000000005562207,-1.0000000425369557,1.0000000168178451,-1.0000000247763734,-1.0000000060402003,1.0000000182552677,-1.000000031676092,1.0000000163247482,1.0000001375379381,-1.000000147323854,-1.00000014439341,1.0000001496326054,1.0000001349072665,-1.00000012537255,1.0000001185413163,-1.0000001146283763,1.0000001114207835,-1.0000001060811545,1.0000000980079238,-1.0000000969147353,1.000000000061633,-1.000000101638528
-1.000000049659738,1.000000031115927,-1.0000000200860384,1.0000000365607244,-1.0000000154160478,1.0000000254205375,1.0000000088089915,-1.0000000608052229,1.0000000374010227,1.000000057569494,-1.0000000239484053,-1.0000000296369156,-1.0000000359040797,-1.0000000858599463,-1.0000000427719393,1.0000000286949673,1.000000044735809,1.000000102503898,-1.0000001128428444,1.0000001317102625,1.000000131117909,-1.0000000420245685,1.0000000188701352,-1.0000000136438603,1.0000000506174846,-1.0000000248998118,1.0000000328584229,1.0000000141222,-1.0000000263356883,1.0000000397562654,-1.0000000244059053,-1.0000001456202618,1.0000001554058962,1.0000001524745779,-1.000000157714258,-1.0000001429878678,1.0000001334525148,-1.000000126620606,1.000000122706988,-1.0000001194987427,1.0000001141585115,-1.0000001060847212,1.0000000980496266,-1.000000101638528,1.0000000000731246
