0.9999999906649862,-0.9999876936641044,0.9999882994357793,0.9999912077087155,-0.9999929700672208,-0.9999896049935422,0.9999940301776654,0.9999938046818766,-0.9999959640033119,0.9999956144618753,-0.9999949209892993,-0.9999958775834934,0.9999960884838369,-0.9999957286262924,0.9999950904142428,0.9999959167185581,-0.9999942445455798,0.9999948436064486,-0.9999945796970336
-0.9999876936641044,0.9999999912470603,-0.9999889941098081,-0.9999916130416441,0.9999933754007964,0.99999001032589,-0.9999944355116438,-0.9999942100157726,0.9999963693380819,-0.9999960197964749,0.9999953263236157,0.9999962829182013,-0.9999964938186547,0.9999961339609352,-0.9999954957486255,-0.9999963220532813,0.9999946498796721,-0.999995248940773,0.9999949850312274
0.9999882994357793,-0.9999889941098081,0.9999999925324844,0.9999925081589714,-0.9999942705196152,-0.9999911947840132,0.9999953306313829,0.9999951051353181,-0.9999972644595702,0.9999969149176107,-0.9999962214441229,-0.9999971780395723,0.9999973889402509,-0.9999970290821715,0.9999963908692775,0.9999972171746871,-0.9999955449996402,0.9999961440612651,-0.9999958801514465
0.9999912077087155,-0.9999916130416441,0.9999925081589714,0.9999999967089046,-0.9999974681512147,-0.9999941030640613,0.9999982389238543,0.9999980134271518,-1.0000001727577286,0.9999998232146484,-0.9999991297391155,-1.0000000863373817,1.0000002972387687,-0.9999999373795393,0.9999992991647573,1.0000001254726094,-0.9999984532928303,0.9999990523561737,-0.9999987884454904
-0.9999929700672208,0.9999933754007964,-0.9999942705196152,-0.9999974681512147,0.999999999239742,0.9999955760847634,-1.0000002906364174,-1.0000000651393297,1.000001935131589,-1.0000015855878335,1.000000892111062,1.0000018487110356,-1.0000020596128487,1.0000016997529237,-1.0000010615369985,-1.0000018878463308,1.0000002156636754,-1.000000814728064,1.0000005508168592
-0.9999896049935422,0.99999001032589,-0.9999911947840132,-0.9999941030640613,0.9999955760847634,0.999999994407327,-0.9999966361978869,-0.9999964107015348,0.9999985700286221,-0.9999982204861599,0.9999975270117536,0.9999984836084691,-0.9999986945094675,0.9999983346508688,-0.9999976964371275,-0.9999985227436318,0.9999968505664677,-0.9999974496288625,0.9999971857186528
0.9999940301776654,-0.9999944355116438,0.9999953306313829,0.9999982389238543,-1.0000002906364174,-0.9999966361978869,1.0000000007621175,1.000000835914683,-1.000002995251408,1.000002645707259,-1.000002241571887,-1.0000029088307423,1.0000031197328,-1.0000027598724692,1.0000021216558561,1.0000029479660795,-1.0000015651238232,1.0000018748466917,-1.000001610935185
0.9999938046818766,-0.9999942100157726,0.9999951051353181,0.9999980134271518,-1.0000000651393297,-0.9999964107015348,1.000000835914683,1.0000000004382934,-1.0000027697536404,1.0000024202095756,-1.0000017267322137,-1.0000026833330002,1.0000028942350037,-1.00000253437476,1.0000018961582942,1.0000027224683279,-1.0000010502842884,1.0000016493491748,-1.0000016747798857
-0.9999959640033119,0.9999963693380819,-0.9999972644595702,-1.0000001727577286,1.000001935131589,0.9999985700286221,-1.000002995251408,-1.0000027697536404,1.0000000035391998,-1.0000048688919134,1.0000038860708826,1.0000048426737653,-1.0000050535762413,1.0000046937151978,-1.000004055497331,-1.000004881809178,1.0000032096214924,-1.0000038086876881,1.0000035447756597
0.9999956144618753,-0.9999960197964749,0.9999969149176107,0.9999998232146484,-1.0000015855878335,-0.9999982204861599,1.000002645707259,1.0000024202095756,-1.0000048688919134,1.0000000030372376,-1.000003825868545,-1.0000047824710832,1.0000047040313549,-1.0000043441704243,1.0000037059527818,1.0000045322643352,-1.0000028600772801,1.0000034591432556,-1.000003195231305
-0.9999949209892993,0.9999953263236157,-0.9999962214441229,-0.9999991297391155,1.000000892111062,0.9999975270117536,-1.000002241571887,-1.0000017267322137,1.0000038860708826,-1.000003825868545,1.000000002041372,1.0000037996501168,-1.0000040105523846,1.000003650691709,-1.0000033018166705,-1.0000038387854873,1.0000021665996093,-1.0000027656651636,1.0000025017534004
-0.9999958775834934,0.9999962829182013,-0.9999971780395723,-1.0000000863373817,1.0000018487110356,0.9999984836084691,-1.0000029088307423,-1.0000026833330002,1.0000048426737653,-1.0000047824710832,1.0000037996501168,1.0000000034150955,-1.0000049671553874,1.0000046072943598,-1.0000039690765496,-1.0000050847304753,1.000003123200824,-1.0000037222669589,1.0000034583549364
0.9999960884838369,-0.9999964938186547,0.9999973889402509,1.0000002972387687,-1.0000020596128487,-0.9999986945094675,1.0000031197328,1.0000028942350037,-1.0000050535762413,1.0000047040313549,-1.0000040105523846,-1.0000049671553874,1.0000000037179606,-1.0000051075389529,1.000004179978856,1.0000050062908055,-1.0000033341029115,1.0000039331691848,-1.0000036692571204
-0.9999957286262924,0.9999961339609352,-0.9999970290821715,-0.9999999373795393,1.0000016997529237,0.9999983346508688,-1.0000027598724692,-1.00000253437476,1.0000046937151978,-1.0000043441704243,1.000003650691709,1.0000046072943598,-1.0000051075389529,1.0000000032011842,-1.0000041094602627,-1.0000049357719178,1.0000029742425185,-1.0000035733085615,1.000003309396579
0.9999950904142428,-0.9999954957486255,0.9999963908692775,0.9999992991647573,-1.0000010615369985,-0.9999976964371275,1.0000021216558561,1.0000018961582942,-1.000004055497331,1.0000037059527818,-1.0000033018166705,-1.0000039690765496,1.000004179978856,-1.0000041094602627,1.0000000022846756,1.0000040082119273,-1.0000023360257655,1.0000029350914208,-1.0000029605217648
0.9999959167185581,-0.9999963220532813,0.9999972171746871,1.0000001254726094,-1.0000018878463308,-0.9999985227436318,1.0000029479660795,1.0000027224683279,-1.000004881809178,1.0000045322643352,-1.0000038387854873,-1.0000050847304753,1.0000050062908055,-1.0000049357719178,1.0000040082119273,1.000000003471296,-1.0000031623361685,1.000003761402328,-1.0000034974902938
-0.9999942445455798,0.9999946498796721,-0.9999955449996402,-0.9999984532928303,1.0000002156636754,0.9999968505664677,-1.0000015651238232,-1.0000010502842884,1.0000032096214924,-1.0000028600772801,1.0000021665996093,1.000003123200824,-1.0000033341029115,1.0000029742425185,-1.0000023360257655,-1.0000031623361685,1.000000001069962,-1.000002089216521,1.0000018253049692
0.9999948436064486,-0.999995248940773,0.9999961440612651,0.9999990523561737,-1.000000814728064,-0.9999974496288625,1.0000018748466917,1.0000016493491748,-1.0000038086876881,1.0000034591432556,-1.0000027656651636,-1.0000037222669589,1.0000039331691848,-1.0000035733085615,1.0000029350914208,1.000003761402328,-1.000002089216521,1.0000000019302464,-1.0000027137124758
-0.9999945796970336,0.9999949850312274,-0.9999958801514465,-0.9999987884454904,1.0000005508168592,0.9999971857186528,-1.000001610935185,-1.0000016747798857,1.0000035447756597,-1.000003195231305,1.0000025017534004,1.0000034583549364,-1.0000036692571204,1.000003309396579,-1.0000029605217648,-1.0000034974902938,1.0000018253049692,-1.0000027137124758,1.0000000015512571
