1.0000000000702771,-1.0000000551878263,1.0000000920073584,1.0000000983276813,-1.0000000099354536,1.0000000920073584,-0.9999990023478866,0.9999990877217082,0.9999988163436243,-0.9999993130505807,-0.9999994253476833,-1.000000163815278,1.0000009383550708,-1.0000013536132193,1.0000006232934306,-1.0000012188054686,-0.9999999565802582,1.0000015483975109,0.9999996245387314,0.999999744511577,0.9999996548694174,-0.9999995882574536,-0.9999995454860888,0.9999995814141238,0.9999996488544003,1.000001639850858,-1.000001650743821,-0.9999996171914688,0.9999997025484244,-0.9999996831508794
-1.0000000551878263,0.9999999999440659,-1.000000049033467,-1.000000009935453,0.9999999215480709,-1.0000000037810863,0.9999989171286922,-0.9999990024876488,-0.9999987311876877,0.9999992279117903,0.9999993402359791,1.0000000757375653,-1.0000008508275842,1.0000012665391411,-1.0000005378846037,1.0000011331564824,0.9999998712658335,-1.0000014624423286,-0.999999539311697,-0.9999996592636551,-0.9999995697738054,0.9999995030827034,0.9999994602809298,-0.9999994963291149,-0.9999995637255212,-1.0000015531830089,1.0000015644459257,0.9999995320453927,-0.9999996174147243,0.9999995980199728
1.0000000920073584,-1.000000049033467,1.0000000000616815,1.0000000920073602,-1.0000000037810879,1.0000000863011616,-0.9999990038938973,0.9999990892382711,0.9999988178780445,-0.9999993147191675,-0.9999994270309966,-1.000000203684195,1.0000009340054146,-1.0000013501095528,1.0000006238526495,-1.0000012185914176,-0.9999999577102172,1.0000015473857276,0.9999996259927343,0.9999997458534364,0.9999996565133686,-0.9999995897878678,-0.9999995469108262,0.9999995830948458,0.9999996503479002,1.0000016371923255,-1.0000016489147785,-0.9999996186335607,0.9999997039564043,-0.9999996845733343
1.0000000983276813,-1.000000009935453,1.0000000920073602,1.0000000000702771,-1.000000055187833,1.00000009200736,-0.999999002347889,0.9999990877217108,0.9999988163436256,-0.9999993130505828,-0.9999994253476847,-1.00000016381528,1.0000009383550725,-1.0000013536132217,1.0000006232934322,-1.0000012188054703,-0.9999999565802616,1.0000015483975124,0.9999996245387327,0.9999997445115781,0.9999996548694199,-0.999999588257455,-0.9999995454860905,0.9999995814141254,0.9999996488544035,1.0000016398508589,-1.000001650743823,-0.9999996171914692,0.999999702548426,-0.9999996831508805
-1.0000000099354536,0.9999999215480709,-1.0000000037810879,-1.000000055187833,0.9999999999440659,-1.0000000490334673,0.9999989171286933,-0.9999990024876513,-0.9999987311876884,0.9999992279117917,0.9999993402359801,1.0000000757375667,-1.0000008508275855,1.0000012665391425,-1.0000005378846055,1.0000011331564835,0.9999998712658362,-1.0000014624423321,-0.9999995393116993,-0.9999996592636581,-0.9999995697738071,0.9999995030827045,0.9999994602809315,-0.9999994963291166,-0.9999995637255227,-1.0000015531830113,1.000001564445927,0.9999995320453947,-0.9999996174147266,0.9999995980199747
1.0000000920073584,-1.0000000037810863,1.0000000863011616,1.00000009200736,-1.0000000490334673,1.0000000000616815,-0.9999990038938962,0.9999990892382706,0.999998817878045,-0.999999314719168,-0.9999994270309966,-1.0000002036842042,1.0000009340054152,-1.0000013501095526,1.0000006238526506,-1.0000012185914187,-0.999999957710217,1.0000015473857269,0.9999996259927337,0.9999997458534372,0.9999996565133681,-0.999999589787868,-0.9999995469108256,0.9999995830948467,0.999999650347901,1.0000016371923275,-1.0000016489147785,-0.9999996186335616,0.9999997039564053,-0.9999996845733354
-0.9999990023478866,0.9999989171286922,-0.9999990038938973,-0.999999002347889,0.9999989171286933,-0.9999990038938962,0.9999999986270435,-0.9999982044938989,-0.999997936724396,0.9999983804230984,0.9999984956336928,0.999999081802533,-0.9999998689032711,1.0000002983396952,-0.9999996562005785,1.0000002325998063,0.9999990090246536,-1.0000005437778603,-0.999998687006194,-0.9999988046956269,-0.9999987197794921,0.9999986539399682,0.9999986092504227,-0.9999986495812899,-0.9999987133328277,-1.0000006004324145,1.0000006283269394,0.9999986793429906,-0.999998766137322,0.9999987475434835
0.9999990877217082,-0.9999990024876488,0.9999990892382711,0.9999990877217108,-0.9999990024876513,0.9999990892382706,-0.9999982044938989,0.9999999987447244,0.9999979737966359,-0.999998508268774,-0.9999986233908659,-0.9999991670266235,0.9999999539072049,-1.000000383033448,0.9999997393248894,-1.0000003160084459,-0.999999091836485,1.0000006274894258,0.9999987696677685,0.999998887350465,0.9999988023842774,-0.9999987365227808,-0.9999986918260351,0.9999987321257782,0.999998795867771,1.0000006847970568,-1.000000712359571,-0.9999987619280869,0.9999988486527107,-0.999998830040763
0.9999988163436243,-0.9999987311876877,0.9999988178780445,0.9999988163436256,-0.9999987311876884,0.999998817878045,-0.999997936724396,0.9999979737966359,0.9999999983622967,-0.9999981947652037,-0.9999983100229809,-0.9999988957832384,0.9999996825991815,-1.0000001119068933,0.9999994700589818,-1.000000046284891,-0.9999988232249066,1.000000357364684,0.9999985013377936,0.9999986190061945,0.9999985340275993,-0.999998468296098,-0.9999984236021121,0.9999984638946181,0.999998527622166,1.000000413953281,-1.000000441860496,-0.9999984935955021,0.9999985804201768,-0.9999985618423528
-0.9999993130505807,0.9999992279117903,-0.9999993147191675,-0.9999993130505828,0.9999992279117917,-0.999999314719168,0.9999983804230984,-0.999998508268774,-0.9999981947652037,0.9999999990608658,0.9999987994583865,0.999999392321318,-1.0000001787618233,1.0000006073245873,-0.9999999614043394,1.0000005383996753,0.9999993136480192,-1.0000008503029634,-0.9999990365462521,-0.9999991089547609,-0.9999990238504701,0.9999989579803454,0.9999989132806852,-0.9999989534711374,-0.9999990171949971,-1.0000009085716637,1.0000009356416686,0.9999989833295693,-0.9999990698962861,0.9999990512616317
-0.9999994253476833,0.9999993402359791,-0.9999994270309966,-0.9999994253476847,0.9999993402359801,-0.9999994270309966,0.9999984956336928,-0.9999986233908659,-0.9999983100229809,0.9999987994583865,0.9999999992250508,0.9999995047324911,-1.000000291267111,1.0000007200436125,-1.0000000756409189,1.0000006522970215,0.9999994282919396,-1.0000009638726883,-0.9999991061434138,-0.9999992237772666,-0.9999991387306562,0.9999990729193027,0.9999990281980918,-0.9999991136990901,-0.9999991321263058,-1.0000010215441837,1.0000010489012028,0.999999098201939,-0.9999991848399804,0.9999991662261863
-1.000000163815278,1.0000000757375653,-1.000000203684195,-1.00000016381528,1.0000000757375667,-1.0000002036842042,0.999999081802533,-0.9999991670266235,-0.9999988957832384,0.999999392321318,0.9999995047324911,1.0000000001648155,-1.000001051958632,1.0000014232392924,-1.000000700093597,1.0000012941051974,1.0000000347285523,-1.000001622227095,-0.9999997034087993,-0.9999998231500122,-0.9999997339690531,0.9999996673072753,0.9999996243308227,-0.9999996606950808,-0.9999997277574464,-1.000001710833737,1.000001723130332,0.9999996959579619,-0.9999997813178348,0.999999761964383
1.0000009383550708,-1.0000008508275842,1.0000009340054146,1.0000009383550725,-1.0000008508275855,1.0000009340054152,-0.9999998689032711,0.9999999539072049,0.9999996825991815,-1.0000001787618233,-1.000000291267111,-1.000001051958632,1.0000000012729526,-1.0000022452413326,1.000001483153033,-1.000002075415566,-1.0000008198480381,1.0000024021107121,1.0000004894778047,1.0000006088911864,1.0000005199273958,-1.0000004534862212,-1.000000410268996,1.0000004469323396,1.0000005135002192,1.0000024884181051,-1.0000025017770435,-1.0000004815226964,1.0000005668365695,-1.0000005475522822
-1.0000013536132193,1.0000012665391411,-1.0000013501095528,-1.0000013536132217,1.0000012665391425,-1.0000013501095526,1.0000002983396952,-1.000000383033448,-1.0000001119068933,1.0000006073245873,1.0000007200436125,1.0000014232392924,-1.0000022452413326,1.0000000018689208,-1.0000019081110791,1.0000024985238256,1.000001246942582,-1.00000282362025,-1.0000009176038902,-1.0000010367057042,-1.000000948033833,1.0000008818232706,1.0000008383674035,-1.0000008753983074,-1.000000941485723,-1.0000029524856948,1.0000029218558646,1.000000909290486,-1.000000994662078,1.0000009754584314
1.0000006232934306,-1.0000005378846037,1.0000006238526495,1.0000006232934322,-1.0000005378846055,1.0000006238526506,-0.9999996562005785,0.9999997393248894,0.9999994700589818,-0.9999999614043394,-1.0000000756409189,-1.000000700093597,1.000001483153033,-1.0000019081110791,1.0000000008881933,-1.0000018697555177,-1.0000006384435605,1.0000021400316716,1.0000002691187955,1.0000003870080276,1.0000003007849163,-1.0000002350106627,-1.0000001905420166,1.000000229865825,1.0000002939995598,1.0000022056959352,-1.0000022290660011,-1.0000002605847857,1.0000003466978151,-1.000000327916627
-1.0000012188054686,1.0000011331564824,-1.0000012185914176,-1.0000012188054703,1.0000011331564835,-1.0000012185914187,1.0000002325998063,-1.0000003160084459,-1.000000046284891,1.0000005383996753,1.0000006522970215,1.0000012941051974,-1.000002075415566,1.0000024985238256,-1.0000018697555177,1.0000000017183774,1.000001171729593,-1.000002769736741,-1.0000008466493686,-1.0000009647214436,-1.0000008778927443,1.0000008121433015,1.000000767842374,-1.000000806670192,-1.0000008711131623,-1.0000027941721794,1.0000028155466396,1.0000008379442906,-1.0000009238631866,1.0000009050005731
-0.9999999565802582,0.9999998712658335,-0.9999999577102172,-0.9999999565802616,0.9999998712658362,-0.999999957710217,0.9999990090246536,-0.999999091836485,-0.9999988232249066,0.9999993136480192,0.9999994282919396,1.0000000347285523,-1.0000008198480381,1.000001246942582,-1.0000006384435605,1.000001171729593,0.9999999999599938,-1.0000014852134673,-0.9999996660601423,-0.9999997838241848,-0.9999996530323054,0.9999995871630876,0.9999995425573831,-0.9999995824212228,-0.9999996463214987,-1.0000015466522107,1.0000015721432194,0.9999996126578499,-0.9999996990406073,0.9999996803380414
1.0000015483975109,-1.0000014624423286,1.0000015473857276,1.0000015483975124,-1.0000014624423321,1.0000015473857269,-1.0000005437778603,1.0000006274894258,1.000000357364684,-1.0000008503029634,-1.0000009638726883,-1.000001622227095,1.0000024021107121,-1.00000282362025,1.0000021400316716,-1.000002769736741,-1.0000014852134673,1.000000002173228,1.0000011590747786,1.000001277368101,1.000001190008564,-1.000001124200033,-1.0000010800886536,1.0000011184489868,1.0000011832533968,1.000003117516072,-1.0000031822816902,-1.0000011503358408,1.0000012360811448,-1.000001217132728
0.9999996245387314,-0.999999539311697,0.9999996259927343,0.9999996245387327,-0.9999995393116993,0.9999996259927337,-0.999998687006194,0.9999987696677685,0.9999985013377936,-0.9999990365462521,-0.9999991061434138,-0.9999997034087993,1.0000004894778047,-1.0000009176038902,1.0000002691187955,-1.0000008466493686,-0.9999996660601423,1.0000011590747786,0.9999999994989752,0.9999994158812945,0.9999993306576224,-0.9999993100252351,-0.9999992201005812,0.9999992602065855,0.9999993239875247,1.0000012183682498,-1.0000012449304623,-0.9999992901903098,0.9999993767069024,-0.9999993580480485
0.999999744511577,-0.9999996592636551,0.9999997458534364,0.9999997445115781,-0.9999996592636581,0.9999997458534372,-0.9999988046956269,0.999998887350465,0.9999986190061945,-0.9999991089547609,-0.9999992237772666,-0.9999998231500122,1.0000006088911864,-1.0000010367057042,1.0000003870080276,-1.0000009647214436,-0.9999997838241848,1.000001277368101,0.9999994158812945,0.9999999996670252,0.9999994482767297,-0.9999993824249986,-0.9999993830045957,0.9999993778256296,0.9999994416014871,1.0000013371793537,-1.0000013634716496,-0.9999994530754677,0.9999994943191617,-0.9999994756550026
0.9999996548694174,-0.9999995697738054,0.9999996565133686,0.9999996548694199,-0.9999995697738071,0.9999996565133681,-0.9999987197794921,0.9999988023842774,0.9999985340275993,-0.9999990238504701,-0.9999991387306562,-0.9999997339690531,1.0000005199273958,-1.000000948033833,1.0000003007849163,-1.0000008778927443,-0.9999996530323054,1.000001190008564,0.9999993306576224,0.9999994482767297,0.9999999995453068,-0.9999993425292873,-0.9999992978053327,0.9999992927057947,0.9999993563733025,1.000001248890202,-1.0000012756263614,-0.9999993225260272,0.9999994090381624,-0.9999993903996433
-0.9999995882574536,0.9999995030827034,-0.9999995897878678,-0.999999588257455,0.9999995030827045,-0.999999589787868,0.9999986539399682,-0.9999987365227808,-0.999998468296098,0.9999989579803454,0.9999990729193027,0.9999996673072753,-1.0000004534862212,1.0000008818232706,-1.0000002350106627,1.0000008121433015,0.9999995871630876,-1.000001124200033,-0.9999993100252351,-0.9999993824249986,-0.9999993425292873,0.9999999994513318,0.9999991867390338,-0.9999992721721985,-0.9999992906293034,-1.000001182849487,1.0000012097170043,0.9999992567721802,-0.9999993433438706,0.9999993247062381
-0.9999995454860888,0.9999994602809298,-0.9999995469108262,-0.9999995454860905,0.9999994602809315,-0.9999995469108256,0.9999986092504227,-0.9999986918260351,-0.9999984236021121,0.9999989132806852,0.9999990281980918,0.9999996243308227,-1.000000410268996,1.0000008383674035,-1.0000001905420166,1.000000767842374,0.9999995425573831,-1.0000010800886536,-0.9999992201005812,-0.9999993830045957,-0.9999992978053327,0.9999991867390338,0.999999999387495,-0.9999991821926332,-0.9999992911557348,-1.0000011391633155,1.0000011658114751,0.9999992120636957,-0.9999992986205227,0.9999992799775332
0.9999995814141238,-0.9999994963291149,0.9999995830948458,0.9999995814141254,-0.9999994963291166,0.9999995830948467,-0.9999986495812899,0.9999987321257782,0.9999984638946181,-0.9999989534711374,-0.9999991136990901,-0.9999996606950808,1.0000004469323396,-1.0000008753983074,1.000000229865825,-1.000000806670192,-0.9999995824212228,1.0000011184489868,0.9999992602065855,0.9999993778256296,0.9999992927057947,-0.9999992721721985,-0.9999991821926332,0.9999999994448694,0.9999992860577787,1.0000011766159966,-1.0000012037133104,-0.9999992521595273,0.9999993387457988,-0.999999320124296
0.9999996488544003,-0.9999995637255212,0.9999996503479002,0.9999996488544035,-0.9999995637255227,0.999999650347901,-0.9999987133328277,0.999998795867771,0.999998527622166,-0.9999990171949971,-0.9999991321263058,-0.9999997277574464,1.0000005135002192,-1.000000941485723,1.0000002939995598,-1.0000008711131623,-0.9999996463214987,1.0000011832533968,0.9999993239875247,0.9999994416014871,0.9999993563733025,-0.9999992906293034,-0.9999992911557348,0.9999992860577787,0.9999999995357667,1.0000012422476372,-1.0000012689161264,-0.9999993158520193,0.9999994024059949,-0.9999994290272457
1.000001639850858,-1.0000015531830089,1.0000016371923255,1.0000016398508589,-1.0000015531830113,1.0000016371923275,-1.0000006004324145,1.0000006847970568,1.000000413953281,-1.0000009085716637,-1.0000010215441837,-1.000001710833737,1.0000024884181051,-1.0000029524856948,1.0000022056959352,-1.0000027941721794,-1.0000015466522107,1.000003117516072,1.0000012183682498,1.0000013371793537,1.000001248890202,-1.000001182849487,-1.0000011391633155,1.0000011766159966,1.0000012422476372,1.0000000022831754,-1.000003259380297,-1.0000012098213609,1.0000012952876178,-1.0000012761671493
-1.000001650743821,1.0000015644459257,-1.0000016489147785,-1.000001650743823,1.000001564445927,-1.0000016489147785,1.0000006283269394,-1.000000712359571,-1.000000441860496,1.0000009356416686,1.0000010489012028,1.000001723130332,-1.0000025017770435,1.0000029218558646,-1.0000022290660011,1.0000028155466396,1.0000015721432194,-1.0000031822816902,-1.0000012449304623,-1.0000013634716496,-1.0000012756263614,1.0000012097170043,1.0000011658114751,-1.0000012037133104,-1.0000012689161264,-1.000003259380297,1.0000000023073439,1.0000012362476298,-1.0000013218410415,1.0000013028060544
-0.9999996171914688,0.9999995320453927,-0.9999996186335607,-0.9999996171914692,0.9999995320453947,-0.9999996186335616,0.9999986793429906,-0.9999987619280869,-0.9999984935955021,0.9999989833295693,0.999999098201939,0.9999996959579619,-1.0000004815226964,1.000000909290486,-1.0000002605847857,1.0000008379442906,0.9999996126578499,-1.0000011503358408,-0.9999992901903098,-0.9999994530754677,-0.9999993225260272,0.9999992567721802,0.9999992120636957,-0.9999992521595273,-0.9999993158520193,-1.0000012098213609,1.0000012362476298,0.9999999994874355,-0.9999994137894492,0.9999993498937639
0.9999997025484244,-0.9999996174147243,0.9999997039564043,0.999999702548426,-0.9999996174147266,0.9999997039564053,-0.999998766137322,0.9999988486527107,0.9999985804201768,-0.9999990698962861,-0.9999991848399804,-0.9999997813178348,1.0000005668365695,-1.000000994662078,1.0000003466978151,-1.0000009238631866,-0.9999996990406073,1.0000012360811448,0.9999993767069024,0.9999994943191617,0.9999994090381624,-0.9999993433438706,-0.9999992986205227,0.9999993387457988,0.9999994024059949,1.0000012952876178,-1.0000013218410415,-0.9999994137894492,0.9999999996110036,-0.999999481725786
-0.9999996831508794,0.9999995980199728,-0.9999996845733343,-0.9999996831508805,0.9999995980199747,-0.9999996845733354,0.9999987475434835,-0.999998830040763,-0.9999985618423528,0.9999990512616317,0.9999991662261863,0.999999761964383,-1.0000005475522822,1.0000009754584314,-1.000000327916627,1.0000009050005731,0.9999996803380414,-1.000001217132728,-0.9999993580480485,-0.9999994756550026,-0.9999993903996433,0.9999993247062381,0.9999992799775332,-0.999999320124296,-0.9999994290272457,-1.0000012761671493,1.0000013028060544,0.9999993498937639,-0.999999481725786,0.9999999995844078
