1.0000000108063574,-1.0000138802974896,-1.000013880297487,-1.0000118133173623,-1.0000107812763597,1.000011058784114,1.0000106691071649,1.0000106691071629,-1.0000083127246975,1.0000060393369368,-0.7763723624271289,-0.7763723624271266,-1.0000027524539903,0.33439256501714126,0.7027842644125766,0.33439256501713666,0.7027842644125732,1.0000011286993848,1.0000011286993846,-0.435457666765052,-0.6207650271731786,-0.43545766676504766,-0.6207650271731755,0.5312984226930451,0.53129842269304,-1.0000005803707657,-1.0000005803707646,1.000000493055449,-1.0000096123579865,-1.0000096123579862,1.000009414604425,-1.0000082932653722
-1.0000138802974896,1.0000000112978962,1.000015834882492,1.0000137699691782,1.000012733016701,-1.0000114051366682,-1.0000110074947244,-1.0000110074947235,1.0000086592256443,-1.0000063844337614,0.7763726467257022,0.776372646725702,1.0000030951413632,-0.3343926995899954,-0.702784538899612,-0.33439269958999435,-0.7027845388996107,-1.0000014686428562,-1.000001468642856,0.43545785414822347,0.6207652841616824,0.4354578541482226,0.6207652841616822,-0.5312986513909627,-0.5312986513909607,1.0000009191589367,1.0000009191589363,-1.000000831502471,1.000009949100453,1.0000099491004544,-1.0000097509728845,1.0000086271682505
-1.000013880297487,1.000015834882492,1.0000000112978962,1.0000137699691771,1.0000127330167004,-1.000011405136667,-1.0000110074947237,-1.0000110074947222,1.000008659225644,-1.0000063844337614,0.7763726467257026,0.7763726467257018,1.0000030951413619,-0.33439269958999596,-0.7027845388996123,-0.33439269958999346,-0.702784538899609,-1.0000014686428564,-1.0000014686428562,0.4354578541482238,0.6207652841616828,0.43545785414822186,0.6207652841616809,-0.5312986513909626,-0.5312986513909599,1.0000009191589374,1.0000009191589365,-1.000000831502471,1.0000099491004522,1.0000099491004533,-1.0000097509728842,1.0000086271682496
-1.0000118133173623,1.0000137699691782,1.0000137699691771,1.0000000083503804,1.0000106690719732,-1.0000077270750578,-1.000008945002692,-1.0000089450026903,1.0000065915178125,-1.0000043175240745,0.7763710287158646,0.7763710287158673,1.0000010273675644,-0.33439199211636395,-0.7027830590528048,-0.3343919921163667,-0.7027830590528069,-0.9999994020284995,-0.9999994020285002,0.4354569219698632,0.6207639639107055,0.4354569219698659,0.6207639639107073,-0.5312975137375199,-0.5312975137375208,0.9999988527480577,0.9999988527480572,-0.9999987651544926,1.0000078872719556,1.0000078872719553,-1.0000076885842024,1.0000065664315712
-1.0000107812763597,1.000012733016701,1.0000127330167004,1.0000106690719732,1.0000000068778265,-1.000008303931171,-1.000006305308223,-1.0000063053082193,1.000005559264437,-1.0000032892489208,0.7763702275746934,0.7763702275746913,1.0000000023106281,-0.3343916459341908,-0.7027823326241088,-0.33439164593418846,-0.7027823326241067,-0.9999983773166986,-0.9999983773166998,0.4354564703861877,0.6207633216329934,0.435456470386185,0.6207633216329917,-0.5312969631959967,-0.5312969631959933,0.9999978286237363,0.9999978286237354,-0.9999977412341103,1.000006859388452,1.0000068593884526,-1.0000066621293948,1.0000055375171735
1.000011058784114,-1.0000114051366682,-1.000011405136667,-1.0000077270750578,-1.000008303931171,1.0000000049741629,1.0000065801744842,1.0000065801744833,-1.000002613805786,1.0000019488972458,-0.7763691959030088,-0.7763691959030073,-0.9999986593811597,0.3343912075917056,0.7027814068305043,0.3343912075917044,0.7027814068305026,0.9999970340264546,0.9999970340264538,-0.4354559053478242,-0.6207625104298793,-0.4354559053478232,-0.6207625104298787,0.5312962733782287,0.5312962733782274,-0.9999964847292167,-0.9999964847292165,0.999996397115885,-1.0000055225744808,-1.0000055225744815,1.0000053238721303,-1.0000042021863897
1.0000106691071649,-1.0000110074947244,-1.0000110074947237,-1.000008945002692,-1.000006305308223,1.0000065801744842,1.0000000044177162,1.0000061917773548,-1.0000038360653083,1.0000015663625945,-0.7763688984292235,-0.7763688984292272,-0.9999982800615813,0.33439108028398945,0.7027811392572411,0.3343910802839941,0.7027811392572445,0.9999966540420069,0.9999966540420069,-0.4354557408181304,-0.620762276064414,-0.43545574081813504,-0.6207622760644195,0.5312960732833643,0.5312960732833673,-0.9999961051046216,-0.9999961051046214,0.9999960176483468,-1.0000035238935094,-1.0000051347552124,1.000004937957819,-1.000003811455858
1.0000106691071629,-1.0000110074947235,-1.0000110074947222,-1.0000089450026903,-1.0000063053082193,1.0000065801744833,1.0000061917773548,1.0000000044177162,-1.0000038360653067,1.0000015663625936,-0.7763688984292232,-0.7763688984292261,-0.9999982800615796,0.3343910802839901,0.702781139257241,0.334391080283993,0.702781139257243,0.9999966540420057,0.9999966540420052,-0.435455740818131,-0.6207622760644151,-0.43545574081813343,-0.6207622760644174,0.5312960732833646,0.5312960732833663,-0.9999961051046203,-0.9999961051046199,0.9999960176483459,-1.0000051347552112,-1.0000035238935086,1.0000049379578182,-1.0000038114558554
-1.0000083127246975,1.0000086592256443,1.000008659225644,1.0000065915178125,1.000005559264437,-1.000002613805786,-1.0000038360653083,-1.0000038360653067,1.0000000010540722,-0.9999975902586223,0.776367063529102,0.7763670635291007,0.9999959117906598,-0.33439028994160075,-0.7027794776185068,-0.3343902899415983,-0.7027794776185052,-0.9999942864874879,-0.9999942864874869,0.43545471115928747,0.6207608072909511,0.43545471115928536,0.620760807290949,-0.5312948163219916,-0.5312948163219879,0.9999937371399296,0.9999937371399291,-0.9999936495039553,1.0000027787622772,1.0000027787622772,-1.000002579995554,1.0000014584929122
1.0000060393369368,-1.0000063844337614,-1.0000063844337614,-1.0000043175240745,-1.0000032892489208,1.0000019488972458,1.0000015663625945,1.0000015663625936,-0.9999975902586223,0.9999999978081998,-0.7763636730952415,-0.7763636730952402,-0.9999920261127287,0.3343895119927916,0.7027778502063375,0.3343895119927874,0.7027778502063342,0.9999920115581751,0.9999920115581741,-0.43545368630975256,-0.6207593558293112,-0.43545368630974807,-0.6207593558293076,0.5312935657058375,0.5312935657058319,-0.999991462185396,-0.9999914621853959,0.9999913746374121,-1.0000005093455413,-1.0000005093455409,1.0000003103206012,-0.9999991874452194
-0.7763723624271289,0.7763726467257022,0.7763726467257026,0.7763710287158646,0.7763702275746934,-0.7763691959030088,-0.7763688984292235,-0.7763688984292232,0.776367063529102,-0.7763636730952415,0.9999999987515867,0.20549161189137694,0.7763627419291017,-0.8536059084255322,-0.9939980525967165,0.3343890452803554,-0.09722844443362817,-0.7763614888804397,-0.7763614888804397,0.9054572806461428,0.976076747610002,-0.2293128304614709,-0.012201617698842685,-0.9464442128322649,0.12148576742037345,0.776361064902928,0.7763610649029273,-0.7763609970492874,0.7763680819601025,0.7763680819601029,-0.7763679283011543,0.77636707404147
-0.7763723624271266,0.776372646725702,0.7763726467257018,0.7763710287158673,0.7763702275746913,-0.7763691959030073,-0.7763688984292272,-0.7763688984292261,0.7763670635291007,-0.7763636730952402,0.20549161189137694,0.9999999987515867,0.7763627419290996,0.33438904528035324,-0.09722844443362796,-0.8536059084255327,-0.9939980525967134,-0.7763614888804398,-0.7763614888804398,-0.2293128304614697,-0.012201617698842843,0.9054572806461417,0.9760767476099992,0.12148576742037248,-0.9464442128322614,0.7763610649029261,0.7763610649029253,-0.77636099704929,0.7763680819601023,0.7763680819601027,-0.7763679283011657,0.7763670740414702
-1.0000027524539903,1.0000030951413632,1.0000030951413619,1.0000010273675644,1.0000000023106281,-0.9999986593811597,-0.9999982800615813,-0.9999982800615796,0.9999959117906598,-0.9999920261127287,0.7763627419291017,0.7763627419290996,0.9999999931151597,-0.33438842843880723,-0.7027755656911595,-0.33438842843880323,-0.7027755656911565,-0.999987114507873,-0.999987114507874,0.43545228728540475,0.6207573524527712,0.435452287285401,0.6207573524527694,-0.5312918593680056,-0.5312918593680008,0.9999881765765647,0.9999881765765636,-0.9999880891344662,0.9999972239941529,0.9999972239941529,-0.9999970267279467,0.9999959036432343
0.33439256501714126,-0.3343926995899954,-0.33439269958999596,-0.33439199211636395,-0.3343916459341908,0.3343912075917056,0.33439108028398945,0.3343910802839901,-0.33439028994160075,0.3343895119927916,-0.8536059084255322,0.33438904528035324,-0.33438842843880723,1.0000000004198923,0.9054568297895699,-0.7763655222944497,-0.43545217096690547,0.3343878959847898,0.33438789598478946,-0.9940001059968531,-0.9464442802033421,0.702778377659011,0.5312919924823081,0.9760778568397709,-0.620758585070761,-0.33438771562027564,-0.3343877156202742,0.3343876865592487,-0.3343907321904776,-0.33439073219047716,0.334390667152607,-0.3343903128507828
0.7027842644125766,-0.702784538899612,-0.7027845388996123,-0.7027830590528048,-0.7027823326241088,0.7027814068305043,0.7027811392572411,0.702781139257241,-0.7027794776185068,0.7027778502063375,-0.9939980525967165,-0.09722844443362796,-0.7027755656911595,0.9054568297895699,0.9999999983637814,-0.4354521709669084,-0.012201038248032262,0.7027744418232786,0.7027744418232779,-0.9464440455472077,-0.9939979007572602,0.3343874946964195,0.12148468164615643,0.9760767178787597,-0.22931140570793168,-0.7027740613241457,-0.7027740613241447,0.7027740001663333,-0.7027804053475106,-0.7027804053475103,0.7027802679948263,-0.7027795141384956
0.33439256501713666,-0.33439269958999435,-0.33439269958999346,-0.3343919921163667,-0.33439164593418846,0.3343912075917044,0.3343910802839941,0.334391080283993,-0.3343902899415983,0.3343895119927874,0.3343890452803554,-0.8536059084255327,-0.33438842843880323,-0.7763655222944497,-0.4354521709669084,1.0000000004198923,0.9054568297895681,0.33438789598479096,0.33438789598479046,0.7027783776590139,0.5312919924823107,-0.9940001059968522,-0.9464442802033409,-0.6207585850707639,0.9760778568397712,-0.3343877156202704,-0.3343877156202714,0.3343876865592519,-0.3343907321904763,-0.33439073219047727,0.334390667152623,-0.3343903128507824
0.7027842644125732,-0.7027845388996107,-0.702784538899609,-0.7027830590528069,-0.7027823326241067,0.7027814068305026,0.7027811392572445,0.702781139257243,-0.7027794776185052,0.7027778502063342,-0.09722844443362817,-0.9939980525967134,-0.7027755656911565,-0.43545217096690547,-0.012201038248032262,0.9054568297895681,0.9999999983637814,0.702774441823279,0.7027744418232783,0.33438749469641743,0.12148468164615613,-0.9464440455472045,-0.9939979007572596,-0.22931140570793065,0.9760767178787546,-0.7027740613241423,-0.7027740613241432,0.7027740001663353,-0.7027804053475099,-0.7027804053475102,0.7027802679948381,-0.7027795141384957
1.0000011286993848,-1.0000014686428562,-1.0000014686428564,-0.9999994020284995,-0.9999983773166986,0.9999970340264546,0.9999966540420069,0.9999966540420057,-0.9999942864874879,0.9999920115581751,-0.7763614888804397,-0.7763614888804398,-0.999987114507873,0.3343878959847898,0.7027744418232786,0.33438789598479096,0.702774441823279,0.9999999907954722,0.9999870991423366,-0.4354516013966407,-0.6207563688540786,-0.4354516013966416,-0.62075636885408,0.5312910227980021,0.5312910227980026,-0.9999849392434484,-0.999986550105154,0.9999864626080743,-0.9999955976447884,-0.9999955976447878,0.9999954010200071,-0.9999942758465032
1.0000011286993846,-1.000001468642856,-1.0000014686428562,-0.9999994020285002,-0.9999983773166998,0.9999970340264538,0.9999966540420069,0.9999966540420052,-0.9999942864874869,0.9999920115581741,-0.7763614888804397,-0.7763614888804398,-0.999987114507874,0.33438789598478946,0.7027744418232779,0.33438789598479046,0.7027744418232783,0.9999870991423366,0.9999999907954722,-0.4354516013966409,-0.6207563688540781,-0.4354516013966413,-0.6207563688540794,0.5312910227980029,0.531291022798002,-0.9999865501051541,-0.9999849392434504,0.9999864626080746,-0.9999955976447888,-0.9999955976447885,0.9999954010200067,-0.9999942758465032
-0.435457666765052,0.43545785414822347,0.4354578541482238,0.4354569219698632,0.4354564703861877,-0.4354559053478242,-0.4354557408181304,-0.435455740818131,0.43545471115928747,-0.43545368630975256,0.9054572806461428,-0.2293128304614697,0.43545228728540475,-0.9940001059968531,-0.9464440455472077,0.7027783776590139,0.33438749469641743,-0.4354516013966407,-0.4354516013966409,0.9999999998575658,0.9760771886111876,-0.6207585037073787,-0.43545127639882364,-0.9939992832217762,0.531291614159044,0.43545136890545244,0.43545136890545183,-0.43545133125442026,0.4354552912693634,0.4354552912693631,-0.43545520791762915,0.435454760441812
-0.6207650271731786,0.6207652841616824,0.6207652841616828,0.6207639639107055,0.6207633216329934,-0.6207625104298793,-0.620762276064414,-0.6207622760644151,0.6207608072909511,-0.6207593558293112,0.976076747610002,-0.012201617698842843,0.6207573524527712,-0.9464442802033421,-0.9939979007572602,0.5312919924823107,0.12148468164615613,-0.6207563688540786,-0.6207563688540781,0.9760771886111876,0.9999999986041078,-0.435451276398825,-0.22931091555113664,-0.9939984441130554,0.3343866938530923,0.6207560356954493,0.620756035695448,-0.6207559819345451,0.6207616323743959,0.6207616323743959,-0.6207615126919586,0.6207608635323278
-0.43545766676504766,0.4354578541482226,0.43545785414822186,0.4354569219698659,0.435456470386185,-0.4354559053478232,-0.43545574081813504,-0.43545574081813343,0.43545471115928536,-0.43545368630974807,-0.2293128304614709,0.9054572806461417,0.435452287285401,0.702778377659011,0.3343874946964195,-0.9940001059968522,-0.9464440455472045,-0.4354516013966416,-0.4354516013966413,-0.6207585037073787,-0.435451276398825,0.9999999998575658,0.9760771886111855,0.5312916141590447,-0.9939992832217789,0.43545136890544794,0.43545136890544883,-0.435451331254423,0.4354552912693627,0.4354552912693634,-0.43545520791764486,0.43545476044181264
-0.6207650271731755,0.6207652841616822,0.6207652841616809,0.6207639639107073,0.6207633216329917,-0.6207625104298787,-0.6207622760644195,-0.6207622760644174,0.620760807290949,-0.6207593558293076,-0.012201617698842685,0.9760767476099992,0.6207573524527694,0.5312919924823081,0.12148468164615643,-0.9464442802033409,-0.9939979007572596,-0.62075636885408,-0.6207563688540794,-0.43545127639882364,-0.22931091555113664,0.9760771886111855,0.9999999986041078,0.3343866938530913,-0.9939984441130579,0.6207560356954462,0.6207560356954466,-0.6207559819345486,0.6207616323743965,0.6207616323743964,-0.6207615126919727,0.6207608635323286
0.5312984226930451,-0.5312986513909627,-0.5312986513909626,-0.5312975137375199,-0.5312969631959967,0.5312962733782287,0.5312960732833643,0.5312960732833646,-0.5312948163219916,0.5312935657058375,-0.9464442128322649,0.12148576742037248,-0.5312918593680056,0.9760778568397709,0.9760767178787597,-0.6207585850707639,-0.22931140570793065,0.5312910227980021,0.5312910227980029,-0.9939992832217762,-0.9939984441130554,0.5312916141590447,0.3343866938530913,0.9999999991998174,-0.4354509779988409,-0.5312907392912507,-0.5312907392912496,0.5312906933940167,-0.5312955249736963,-0.5312955249736958,0.5312954234247033,-0.5312948777372095
0.53129842269304,-0.5312986513909607,-0.5312986513909599,-0.5312975137375208,-0.5312969631959933,0.5312962733782274,0.5312960732833673,0.5312960732833663,-0.5312948163219879,0.5312935657058319,0.12148576742037345,-0.9464442128322614,-0.5312918593680008,-0.620758585070761,-0.22931140570793168,0.9760778568397712,0.9760767178787546,0.5312910227980026,0.531291022798002,0.531291614159044,0.3343866938530923,-0.9939992832217789,-0.9939984441130579,-0.4354509779988409,0.9999999991998174,-0.5312907392912456,-0.531290739291246,0.5312906933940182,-0.5312955249736946,-0.5312955249736948,0.5312954234247173,-0.5312948777372086
-1.0000005803707657,1.0000009191589367,1.0000009191589374,0.9999988527480577,0.9999978286237363,-0.9999964847292167,-0.9999961051046216,-0.9999961051046203,0.9999937371399296,-0.999991462185396,0.776361064902928,0.7763610649029261,0.9999881765765647,-0.33438771562027564,-0.7027740613241457,-0.3343877156202704,-0.7027740613241423,-0.9999849392434484,-0.9999865501051541,0.43545136890545244,0.6207560356954493,0.43545136890544794,0.6207560356954462,-0.5312907392912507,-0.5312907392912456,0.9999999900120539,0.9999860011221062,-0.9999843027849619,0.9999950487415713,0.9999950487415711,-0.9999948525578565,0.9999937267238309
-1.0000005803707646,1.0000009191589363,1.0000009191589365,0.9999988527480572,0.9999978286237354,-0.9999964847292165,-0.9999961051046214,-0.9999961051046199,0.9999937371399291,-0.9999914621853959,0.7763610649029273,0.7763610649029253,0.9999881765765636,-0.3343877156202742,-0.7027740613241447,-0.3343877156202714,-0.7027740613241432,-0.999986550105154,-0.9999849392434504,0.43545136890545183,0.620756035695448,0.43545136890544883,0.6207560356954466,-0.5312907392912496,-0.531290739291246,0.9999860011221062,0.9999999900120539,-0.9999843027849594,0.9999950487415706,0.9999950487415709,-0.9999948525578559,0.9999937267238309
1.000000493055449,-1.000000831502471,-1.000000831502471,-0.9999987651544926,-0.9999977412341103,0.999996397115885,0.9999960176483468,0.9999960176483459,-0.9999936495039553,0.9999913746374121,-0.7763609970492874,-0.77636099704929,-0.9999880891344662,0.3343876865592487,0.7027740001663333,0.3343876865592519,0.7027740001663353,0.9999864626080743,0.9999864626080746,-0.43545133125442026,-0.6207559819345451,-0.435451331254423,-0.6207559819345486,0.5312906933940167,0.5312906933940182,-0.9999843027849619,-0.9999843027849594,0.999999989887236,-0.9999949613012582,-0.9999949613012591,0.9999947652460236,-0.999993639217636
-1.0000096123579865,1.000009949100453,1.0000099491004522,1.0000078872719556,1.000006859388452,-1.0000055225744808,-1.0000035238935094,-1.0000051347552112,1.0000027787622772,-1.0000005093455413,0.7763680819601025,0.7763680819601023,0.9999972239941529,-0.3343907321904776,-0.7027804053475106,-0.3343907321904763,-0.7027804053475099,-0.9999955976447884,-0.9999955976447888,0.4354552912693634,0.6207616323743959,0.4354552912693627,0.6207616323743965,-0.5312955249736963,-0.5312955249736946,0.9999950487415713,0.9999950487415706,-0.9999949613012582,1.000000002909424,1.000004077791382,-1.0000022705991185,1.0000027539457228
-1.0000096123579862,1.0000099491004544,1.0000099491004533,1.0000078872719553,1.0000068593884526,-1.0000055225744815,-1.0000051347552124,-1.0000035238935086,1.0000027787622772,-1.0000005093455409,0.7763680819601029,0.7763680819601027,0.9999972239941529,-0.33439073219047716,-0.7027804053475103,-0.33439073219047727,-0.7027804053475102,-0.9999955976447878,-0.9999955976447885,0.4354552912693631,0.6207616323743959,0.4354552912693634,0.6207616323743964,-0.5312955249736958,-0.5312955249736948,0.9999950487415711,0.9999950487415709,-0.9999949613012591,1.000004077791382,1.000000002909424,-1.0000022705991187,1.0000027539457237
1.000009414604425,-1.0000097509728845,-1.0000097509728842,-1.0000076885842024,-1.0000066621293948,1.0000053238721303,1.000004937957819,1.0000049379578182,-1.000002579995554,1.0000003103206012,-0.7763679283011543,-0.7763679283011657,-0.9999970267279467,0.334390667152607,0.7027802679948263,0.334390667152623,0.7027802679948381,0.9999954010200071,0.9999954010200067,-0.43545520791762915,-0.6207615126919586,-0.43545520791764486,-0.6207615126919727,0.5312954234247033,0.5312954234247173,-0.9999948525578565,-0.9999948525578559,0.9999947652460236,-1.0000022705991185,-1.0000022705991187,1.0000000026296394,-1.0000009476012823
-1.0000082932653722,1.0000086271682505,1.0000086271682496,1.0000065664315712,1.0000055375171735,-1.0000042021863897,-1.000003811455858,-1.0000038114558554,1.0000014584929122,-0.9999991874452194,0.77636707404147,0.7763670740414702,0.9999959036432343,-0.3343903128507828,-0.7027795141384956,-0.3343903128507824,-0.7027795141384957,-0.9999942758465032,-0.9999942758465032,0.435454760441812,0.6207608635323278,0.43545476044181264,0.6207608635323286,-0.5312948777372095,-0.5312948777372086,0.9999937267238309,0.9999937267238309,-0.999993639217636,1.0000027539457228,1.0000027539457237,-1.0000009476012823,1.0000000010194379
