0.9999999865668466,-0.9999850462202153,0.9999811723917389,0.9999811723917391,0.999984807893473,-0.10624486846388702,0.10623437216909777,-0.6950567426798206,0.5275002255512624,-0.6952837188990871,0.6952688131884408,-0.6954476982965769,0.9901192842036174,-0.9383084517389518,-0.9975194137079895,-0.9975218298674391,0.6956069039282708,-0.6956740660876223,-0.6956740660876225,0.9776595075991211,0.999986161932611,-0.9975005254442488,-0.9776878211158182,0.9776997029345411,0.9776997029345347,-0.5275074995483878,-0.977707140888692,-0.977707140888696,0.6957153149970071,0.6957153149970052,-0.6957291890380232,0.9777096197221966
-0.9999850462202153,0.999999988670846,-0.9999850462202116,-0.9999850462202122,-0.9999886834022261,0.10622675493733105,-0.10621625859416876,0.6950445573407501,-0.5275166130872662,0.6952715378216167,-0.6952566318227733,0.695435520369977,-0.990118169021527,0.9383161884944735,0.9975195944590638,0.9975220110877497,-0.6955947290550278,0.6956618925125376,0.6956618925125371,-0.9776648102877945,-0.9999876388239831,0.9975032909336158,0.9776931216461382,-0.9777050025647626,-0.9777050025647553,0.5275238869772167,0.977712439978878,0.9777124399788815,-0.6957031422129145,-0.6957031422129129,0.6957170165204042,-0.9777149186319243
0.9999811723917389,-0.9999850462202116,0.9999999865668466,0.9999811723917389,0.9999848078934728,-0.1062448684638866,0.10623437216909747,-0.6950567426798203,0.5275002255512624,-0.6952837188990859,0.6952688131884395,-0.6954476982965766,0.9901192842036165,-0.938308451738951,-0.997519413707989,-0.9975218298674386,0.6956069039282706,-0.695674066087622,-0.6956740660876218,0.9776595075991207,0.9999861619326099,-0.9975005254442475,-0.977687821115817,0.977699702934541,0.9776997029345342,-0.5275074995483878,-0.9777071408886917,-0.9777071408886954,0.6957153149970063,0.6957153149970045,-0.6957291890380227,0.9777096197221966
0.9999811723917391,-0.9999850462202122,0.9999811723917389,0.9999999865668466,0.9999848078934729,-0.10624486846388648,0.1062343721690972,-0.6950567426798202,0.5275002255512621,-0.6952837188990868,0.6952688131884406,-0.6954476982965757,0.9901192842036168,-0.9383084517389513,-0.9975194137079892,-0.9975218298674391,0.6956069039282706,-0.6956740660876225,-0.6956740660876218,0.9776595075991212,0.9999861619326108,-0.9975005254442486,-0.9776878211158173,0.9776997029345414,0.9776997029345353,-0.5275074995483886,-0.9777071408886913,-0.9777071408886959,0.6957153149970057,0.6957153149970052,-0.6957291890380225,0.977709619722197
0.999984807893473,-0.9999886834022261,0.9999848078934728,0.9999848078934729,0.9999999917605183,-0.1061545298496702,0.10614403335328877,-0.6949936718367898,0.5275796576838344,-0.6952206683822223,0.6952057612952351,-0.6953846628220013,0.9901100974222942,-0.9383434123205925,-0.997519034461756,-0.9975190534004397,0.6955438830292884,-0.6956110513875482,-0.6956110513875482,0.9776822362114513,0.9999898103481213,-0.9975129814040484,-0.9777105389060493,0.9777224162114618,0.9777224162114546,-0.5275869311219461,-0.9777298514565909,-0.9777298514565941,0.69565230407279,0.6956523040727896,-0.6956661793859092,0.9777323293848675
-0.10624486846388702,0.10622675493733105,-0.1062448684638866,-0.10624486846388648,-0.1061545298496702,1.0000000110189786,-1.000018499165417,0.7887374477521737,0.7887129041556296,0.7885490812326664,-0.7885619054121169,0.7884091065780505,-0.24454446469779806,-0.24413466600314332,0.17578909739108137,0.17576412532087823,-0.7882735177808081,0.7882157706415313,0.7882157706415323,0.10508960284538112,-0.10610470535376659,0.03590720885499164,-0.10496756367115381,0.10491665842657212,0.10491665842657312,-0.7887057754295749,-0.10488605777701034,-0.10488605777701146,-0.7881806438710316,-0.7881806438710315,0.7881688059622562,0.10487583303629684
0.10623437216909777,-0.10621625859416876,0.10623437216909747,0.1062343721690972,0.10614403335328877,-1.000018499165417,1.0000000119546615,-0.788733832032326,-0.7887223535993722,-0.7885430632081621,0.7885558875697901,-0.7884030865500187,0.24453432149313808,0.2441451307615976,-0.17577875195966366,-0.17575377981867285,0.7882674958080742,-0.7882097478473193,-0.7882097478473207,-0.10510023910373772,0.1060942087531635,-0.035896613091393574,0.10497820001297752,-0.10492729480394804,-0.10492729480394891,0.7887128253967325,0.10489669417888565,0.10489669417888678,0.7881746205728493,0.7881746205728487,-0.7881627824945121,-0.10488646944628453
-0.6950567426798206,0.6950445573407501,-0.6950567426798203,-0.6950567426798202,-0.6949936718367898,0.7887374477521737,-0.788733832032326,1.0000000051924065,0.24414485873088237,1.0000114087801588,-1.0000138652801727,1.000011581540888,-0.7889582475412923,0.4035890508931652,0.7438180562918683,0.7438014942585179,-1.0000119740778541,1.0000117434973719,1.0000117434973725,-0.528453014467538,-0.6949584838346098,0.6426661089795579,0.5285587585385664,-0.5286029110154169,-0.5286029110154115,-0.24413520723464455,0.528629635032826,0.5286296350328272,-1.0000118475174082,-1.0000118475174067,1.000011865842085,-0.5286385604711058
0.5275002255512624,-0.5275166130872662,0.5275002255512624,0.5275002255512621,0.5275796576838344,0.7887129041556296,-0.7887223535993722,0.24414485873088237,1.0000000101240714,0.24384358405738407,-0.24386375689953568,0.24362260496113528,0.4032410369038669,-0.7887318049990838,-0.46656029736048144,-0.4665831271098211,-0.243408324649597,0.24331746065480142,0.24331746065480217,0.6942609899058542,0.5276230643865791,-0.586062230530879,-0.6941742267818851,0.6941380802433842,0.694138080243381,-1.0000149959205011,-0.6941165341563303,-0.6941165341563339,-0.24326194507418938,-0.2432619450741899,0.24324325275939504,0.6941093308745516
-0.6952837188990871,0.6952715378216167,-0.6952837188990859,-0.6952837188990868,-0.6952206683822223,0.7885490812326664,-0.7885430632081621,1.0000114087801588,0.24384358405738407,1.0000000111568301,-1.0000180871922817,1.000015880975099,-0.7891506393743852,0.40387591861629857,0.7440294721616644,0.7440129160998994,-1.000016342419383,1.0000161410258406,1.0000161410258408,-0.5287198311914244,-0.6951854914285344,0.6429075813920134,0.5288255561116751,-0.5288697006182858,-0.5288697006182802,-0.24383393227505534,0.5288964199183168,0.5288964199183188,-1.0000162628985432,-1.0000162628985418,1.000016287232894,-0.5289053437787335
0.6952688131884408,-0.6952566318227733,0.6952688131884395,0.6952688131884406,0.6952057612952351,-0.7885619054121169,0.7885558875697901,-1.0000138652801727,-0.24386375689953568,-1.0000180871922817,1.0000000112291723,-1.0000183262563578,0.789137911252827,-0.40385692190554423,-0.7440156203646492,-0.7439990638992755,1.0000163835627436,-1.000016180222189,-1.0000161802221905,0.5287022131729785,0.6951705835932308,-0.6428916915288796,-0.5288079394065222,0.5288520844597621,0.5288520844597563,0.2438541051330174,-0.5288788040835496,-0.5288788040835513,1.00001630090401,1.000016300904008,-1.0000163248374632,0.5288877280522524
-0.6954476982965769,0.695435520369977,-0.6954476982965766,-0.6954476982965757,-0.6953846628220013,0.7884091065780505,-0.7884030865500187,1.000011581540888,0.24362260496113528,1.000015880975099,-1.0000183262563578,1.000000011541788,-0.7892908186821451,0.40408451909988263,0.744181935392148,0.744165383744306,-1.0000190880825022,1.0000165084871326,1.0000165084871337,-0.5289134153416631,-0.6953494940476489,0.6430823092121168,0.5290191259614564,-0.5290632645160585,-0.5290632645160527,-0.24361295299697253,0.5290899802916338,0.5290899802916353,-1.0000166434118447,-1.000016643411843,1.0000166721398627,-0.5290989029732337
0.9901192842036174,-0.990118169021527,0.9901192842036165,0.9901192842036168,0.9901100974222942,-0.24454446469779806,0.24453432149313808,-0.7889582475412923,0.4032410369038669,-0.7891506393743852,0.789137911252827,-0.7892908186821451,0.999999995530958,-0.8805995379799512,-0.9975223598168366,-0.9975211964959911,0.7894269609110451,-0.7894843163674158,-0.7894843163674153,0.9385673404280536,0.9901043957499256,-0.9777871294645554,-0.9386121504731832,0.9386309115805139,0.9386309115805079,-0.4032491349339445,-0.9386424775413523,-0.9386424775413553,0.7895195901841215,0.7895195901841201,-0.789531451259107,0.9386463358455404
-0.9383084517389518,0.9383161884944735,-0.938308451738951,-0.9383084517389513,-0.9383434123205925,-0.24413466600314332,0.2441451307615976,0.4035890508931652,-0.7887318049990838,0.40387591861629857,-0.40385692190554423,0.40408451909988263,-0.8805995379799512,1.0000000029660048,0.9117237631701561,0.911734803545273,-0.4042869386884116,0.4043725215388982,0.4043725215388983,-0.9900320726222209,-0.9383620591919971,0.9603488579256649,0.9900148477255916,-0.9900087335935591,-0.9900087335935533,0.7887340205944081,0.9900053463437808,0.9900053463437857,-0.40442496572469167,-0.4044249657246912,0.40444261330258796,-0.9900042082597987
-0.9975194137079895,0.9975195944590638,-0.997519413707989,-0.9975194137079892,-0.997519034461756,0.17578909739108137,-0.17577875195966366,0.7438180562918683,-0.46656029736048144,0.7440294721616644,-0.7440156203646492,0.744181935392148,-0.9975223598168366,0.9117237631701561,0.9999999943772946,0.9999927483578154,-0.7443299820662369,0.7443923980457101,0.744392398045709,-0.9604995759571346,-0.9975144577683412,0.9900975261174058,0.9605362235509444,-0.9605515809842163,-0.9605515809842095,0.4665680021831813,0.9605611052898656,0.9605611052898687,-0.7444307559839731,-0.744430755983972,0.7444436560218869,-0.9605642813102045
-0.9975218298674391,0.9975220110877497,-0.9975218298674386,-0.9975218298674391,-0.9975190534004397,0.17576412532087823,-0.17575377981867285,0.7438014942585179,-0.4665831271098211,0.7440129160998994,-0.7439990638992755,0.744165383744306,-0.9975211964959911,0.911734803545273,0.9999927483578154,0.9999999952753358,-0.7443134346957789,0.7443758524936207,0.7443758524936198,-0.9605072701621878,-0.9975192770666764,0.9901017243191026,0.9605439147859086,-0.9605592709806143,-0.9605592709806077,0.4665908317871835,0.9605687945432725,0.9605687945432755,-0.7444142115399681,-0.7444142115399663,0.7444271119511721,-0.9605719703153299
0.6956069039282708,-0.6955947290550278,0.6956069039282706,0.6956069039282706,0.6955438830292884,-0.7882735177808081,0.7882674958080742,-1.0000119740778541,-0.243408324649597,-1.000016342419383,1.0000163835627436,-1.0000190880825022,0.7894269609110451,-0.4042869386884116,-0.7443299820662369,-0.7443134346957789,1.0000000123070047,-1.000019489414527,-1.0000194894145316,0.5291012981615908,0.6955087221802311,-0.6432519283224553,-0.529206994934359,0.5292511277256896,0.5292511277256842,0.2433986725070144,-0.5292778400886968,-0.5292778400886984,1.0000172374572942,1.0000172374572938,-1.0000172704469201,0.5292867616289019
-0.6956740660876223,0.6956618925125376,-0.695674066087622,-0.6956740660876225,-0.6956110513875482,0.7882157706415313,-0.7882097478473193,1.0000117434973719,0.24331746065480142,1.0000161410258406,-1.000016180222189,1.0000165084871326,-0.7894843163674158,0.4043725215388982,0.7443923980457101,0.7443758524936207,-1.000019489414527,1.000000012085864,1.0000169392851872,-0.5291806738224545,-0.6955758939094161,0.6433235223235968,0.5292863646878282,-0.5293304950203797,-0.5293304950203755,-0.24330780844056143,0.5293572059272573,0.5293572059272587,-1.0000194917737404,-1.0000170922320846,1.0000171270268718,-0.5293661269804392
-0.6956740660876225,0.6956618925125371,-0.6956740660876218,-0.6956740660876218,-0.6956110513875482,0.7882157706415323,-0.7882097478473207,1.0000117434973725,0.24331746065480217,1.0000161410258408,-1.0000161802221905,1.0000165084871337,-0.7894843163674153,0.4043725215388983,0.744392398045709,0.7443758524936198,-1.0000194894145316,1.0000169392851872,1.000000012085864,-0.5291806738224544,-0.6955758939094163,0.6433235223235968,0.5292863646878284,-0.5293304950203801,-0.529330495020375,-0.24330780844056246,0.529357205927257,0.5293572059272585,-1.000017092232085,-1.0000194917737388,1.0000171270268732,-0.5293661269804387
0.9776595075991211,-0.9776648102877945,0.9776595075991207,0.9776595075991212,0.9776822362114513,0.10508960284538112,-0.10510023910373772,-0.528453014467538,0.6942609899058542,-0.5287198311914244,0.5287022131729785,-0.5289134153416631,0.9385673404280536,-0.9900320726222209,-0.9604995759571346,-0.9605072701621878,0.5291012981615908,-0.5291806738224545,-0.5291806738224544,0.9999999995927455,0.9776941205941917,-0.9900464651438206,-1.0000043536052632,1.0000030788715246,1.0000030788715177,-0.6942667582418004,-1.0000040505073367,-1.0000040505073409,0.529229352084892,0.5292293520848909,-0.529245729853859,1.0000043687183122
0.999986161932611,-0.9999876388239831,0.9999861619326099,0.9999861619326108,0.9999898103481213,-0.10610470535376659,0.1060942087531635,-0.6949584838346098,0.5276230643865791,-0.6951854914285344,0.6951705835932308,-0.6953494940476489,0.9901043957499256,-0.9383620591919971,-0.9975144577683412,-0.9975192770666764,0.6955087221802311,-0.6955758939094161,-0.6955758939094163,0.9776941205941917,0.999999993701021,-0.9975178734851948,-0.9777224173093028,0.9777342921209558,0.9777342921209481,-0.527630337511899,-0.9777417258690573,-0.9777417258690625,0.6956171486477256,0.6956171486477242,-0.6956310246525488,0.9777442032971064
-0.9975005254442488,0.9975032909336158,-0.9975005254442475,-0.9975005254442486,-0.9975129814040484,0.03590720885499164,-0.035896613091393574,0.6426661089795579,-0.586062230530879,0.6429075813920134,-0.6428916915288796,0.6430823092121168,-0.9777871294645554,0.9603488579256649,0.9900975261174058,0.9901017243191026,-0.6432519283224553,0.6433235223235968,0.6433235223235968,-0.9900464651438206,-0.9975178734851948,0.9999999945747114,0.9900638727922336,-0.9900722067950383,-0.9900722067950313,0.5860690360193536,0.9900775135439225,0.9900775135439255,-0.6433674690547784,-0.6433674690547774,0.6433822521394533,-0.9900792802351669
-0.9776878211158182,0.9776931216461382,-0.977687821115817,-0.9776878211158173,-0.9777105389060493,-0.10496756367115381,0.10497820001297752,0.5285587585385664,-0.6941742267818851,0.5288255561116751,-0.5288079394065222,0.5290191259614564,-0.9386121504731832,0.9900148477255916,0.9605362235509444,0.9605439147859086,-0.529206994934359,0.5292863646878282,0.5292863646878284,-1.0000043536052632,-0.9777224173093028,0.9900638727922336,1.0000000032064194,-1.0000080247114846,-1.0000080247114815,0.694179996088431,1.0000066006038513,1.0000066006038562,-0.5293350393631782,-0.5293350393631769,0.5293514159228898,-1.0000069200838404
0.9776997029345411,-0.9777050025647626,0.977699702934541,0.9776997029345414,0.9777224162114618,0.10491665842657212,-0.10492729480394804,-0.5286029110154169,0.6941380802433842,-0.5288697006182858,0.5288520844597621,-0.5290632645160585,0.9386309115805139,-0.9900087335935591,-0.9605515809842163,-0.9605592709806143,0.5292511277256896,-0.5293304950203797,-0.5293304950203801,1.0000030788715246,0.9777342921209558,-0.9900722067950383,-1.0000080247114846,1.00000000482236,1.0000067589214965,-0.694143849955278,-1.0000101354817943,-1.0000077359401451,0.5293791682027413,0.5293791682027404,-0.529395544259143,1.0000080559495683
0.9776997029345347,-0.9777050025647553,0.9776997029345342,0.9776997029345353,0.9777224162114546,0.10491665842657312,-0.10492729480394891,-0.5286029110154115,0.694138080243381,-0.5288697006182802,0.5288520844597563,-0.5290632645160527,0.9386309115805079,-0.9900087335935533,-0.9605515809842095,-0.9605592709806077,0.5292511277256842,-0.5293304950203755,-0.529330495020375,1.0000030788715177,0.9777342921209481,-0.9900722067950313,-1.0000080247114815,1.0000067589214965,1.00000000482236,-0.6941438499552741,-1.0000077359401345,-1.0000101354817896,0.5293791682027363,0.5293791682027348,-0.5293955442591379,1.0000080559495619
-0.5275074995483878,0.5275238869772167,-0.5275074995483878,-0.5275074995483886,-0.5275869311219461,-0.7887057754295749,0.7887128253967325,-0.24413520723464455,-1.0000149959205011,-0.24383393227505534,0.2438541051330174,-0.24361295299697253,-0.4032491349339445,0.7887340205944081,0.4665680021831813,0.4665908317871835,0.2433986725070144,-0.24330780844056143,-0.24330780844056246,-0.6942667582418004,-0.527630337511899,0.5860690360193536,0.694179996088431,-0.694143849955278,-0.6941438499552741,1.0000000078505533,0.6941223041138637,0.694122304113867,0.24325229281380417,0.2432522928138046,-0.24323360048364248,-0.6941151009141283
-0.977707140888692,0.977712439978878,-0.9777071408886917,-0.9777071408886913,-0.9777298514565909,-0.10488605777701034,0.10489669417888565,0.528629635032826,-0.6941165341563303,0.5288964199183168,-0.5288788040835496,0.5290899802916338,-0.9386424775413523,0.9900053463437808,0.9605611052898656,0.9605687945432725,-0.5292778400886968,0.5293572059272573,0.529357205927257,-1.0000040505073367,-0.9777417258690573,0.9900775135439225,1.0000066006038513,-1.0000101354817943,-1.0000077359401345,0.6941223041138637,1.0000000062172092,1.0000087139125855,-0.5294058782255948,-0.5294058782255933,0.529422253983969,-1.0000114337823345
-0.977707140888696,0.9777124399788815,-0.9777071408886954,-0.9777071408886959,-0.9777298514565941,-0.10488605777701146,0.10489669417888678,0.5286296350328272,-0.6941165341563339,0.5288964199183188,-0.5288788040835513,0.5290899802916353,-0.9386424775413553,0.9900053463437857,0.9605611052898687,0.9605687945432755,-0.5292778400886984,0.5293572059272587,0.5293572059272585,-1.0000040505073409,-0.9777417258690625,0.9900775135439255,1.0000066006038562,-1.0000077359401451,-1.0000101354817896,0.694122304113867,1.0000087139125855,1.0000000062172092,-0.5294058782255958,-0.5294058782255947,0.5294222539839705,-1.0000114337823363
0.6957153149970071,-0.6957031422129145,0.6957153149970063,0.6957153149970057,0.69565230407279,-0.7881806438710316,0.7881746205728493,-1.0000118475174082,-0.24326194507418938,-1.0000162628985432,1.00001630090401,-1.0000166434118447,0.7895195901841215,-0.40442496572469167,-0.7444307559839731,-0.7444142115399681,1.0000172374572942,-1.0000194917737404,-1.000017092232085,0.529229352084892,0.6956171486477256,-0.6433674690547784,-0.5293350393631782,0.5293791682027413,0.5293791682027363,0.24325229281380417,-0.5294058782255948,-0.5294058782255958,1.000000012306453,1.0000172484588137,-1.000019683899333,0.5294147989830997
0.6957153149970052,-0.6957031422129129,0.6957153149970045,0.6957153149970052,0.6956523040727896,-0.7881806438710315,0.7881746205728487,-1.0000118475174067,-0.2432619450741899,-1.0000162628985418,1.000016300904008,-1.000016643411843,0.7895195901841201,-0.4044249657246912,-0.744430755983972,-0.7444142115399663,1.0000172374572938,-1.0000170922320846,-1.0000194917737388,0.5292293520848909,0.6956171486477242,-0.6433674690547774,-0.5293350393631769,0.5293791682027404,0.5293791682027348,0.2432522928138046,-0.5294058782255933,-0.5294058782255947,1.0000172484588137,1.000000012306453,-1.0000196838993356,0.529414798983099
-0.6957291890380232,0.6957170165204042,-0.6957291890380227,-0.6957291890380225,-0.6956661793859092,0.7881688059622562,-0.7881627824945121,1.000011865842085,0.24324325275939504,1.000016287232894,-1.0000163248374632,1.0000166721398627,-0.789531451259107,0.40444261330258796,0.7444436560218869,0.7444271119511721,-1.0000172704469201,1.0000171270268718,1.0000171270268732,-0.529245729853859,-0.6956310246525488,0.6433822521394533,0.5293514159228898,-0.529395544259143,-0.5293955442591379,-0.24323360048364248,0.529422253983969,0.5294222539839705,-1.000019683899333,-1.0000196838993356,1.0000000123579442,-0.5294311746417949
0.9777096197221966,-0.9777149186319243,0.9777096197221966,0.977709619722197,0.9777323293848675,0.10487583303629684,-0.10488646944628453,-0.5286385604711058,0.6941093308745516,-0.5289053437787335,0.5288877280522524,-0.5290989029732337,0.9386463358455404,-0.9900042082597987,-0.9605642813102045,-0.9605719703153299,0.5292867616289019,-0.5293661269804392,-0.5293661269804387,1.0000043687183122,0.9777442032971064,-0.9900792802351669,-1.0000069200838404,1.0000080559495683,1.0000080559495619,-0.6941151009141283,-1.0000114337823345,-1.0000114337823363,0.5294147989830997,0.529414798983099,-0.5294311746417949,1.0000000066743815
