1.0000000003911689,-1.0000008033573322,-1.0000008033573318,-1.0000007874083587,-0.9999997995694097,1.0000009203666966,0.9999993927477203,0.9999993927477207,1.0000013717906575,-1.0000012598265762,1.0000011452374231,1.000001215131235,0.9999986298076174,-0.9999986954566851,0.9999986298076173,0.999998921845934,-1.0000010662742158,-1.000001096980674,-1.000001140688283,1.0000011218325726,-0.9999990972121827,-0.9999990972121794,1.0000010922245293
-1.0000008033573322,1.0000000007292378,1.0000010183538974,1.0000010024026174,1.000000014463287,-1.00000115629085,-0.9999996285830873,-0.9999996285830877,-1.000001606767386,1.0000014949555844,-1.0000013806105028,-1.0000014502035641,-0.9999988645315382,0.9999989303812917,-0.9999988645315395,-0.999999157265448,1.0000013019569653,1.0000013322366021,1.0000013757655801,-1.000001357500336,0.9999993328626365,0.9999993328626356,-1.0000013273715598
-1.0000008033573318,1.0000010183538974,1.0000000007292378,1.0000010024026196,1.0000000144632892,-1.0000011562908513,-0.9999996285830889,-0.9999996285830894,-1.000001606767388,1.0000014949555858,-1.0000013806105055,-1.000001450203566,-0.9999988645315399,0.9999989303812947,-0.999998864531541,-0.9999991572654496,1.0000013019569671,1.0000013322366048,1.000001375765582,-1.0000013575003373,0.9999993328626384,0.9999993328626368,-1.0000013273715622
-1.0000007874083587,1.0000010024026174,1.0000010024026196,1.0000000007064025,0.9999999986373592,-1.0000011615629236,-0.9999996128988469,-0.9999996128988468,-1.0000015920660952,1.0000014800747272,-1.0000013654528297,-1.0000014353938145,-0.9999988501139049,0.9999989157273999,-0.9999988501139053,-0.9999991420512855,1.0000012864439667,1.0000013172215896,1.00000136095308,-1.0000013420102272,0.9999993173914393,0.9999993173914383,-1.0000013124815434
-0.9999997995694097,1.000000014463287,1.0000000144632892,0.9999999986373592,0.999999999291734,-1.0000001527860118,-0.9999986463234363,-0.9999986463234366,-1.000000605029142,1.000000493015746,-1.0000003782294689,-1.0000004483699083,-0.9999978632573977,0.9999979287863573,-0.9999978632573996,-0.9999981547709872,1.000000298932183,1.0000003300659652,1.000000373917512,-1.000000354406338,0.999998329910091,0.9999983299100896,-1.0000003253955991
1.0000009203666966,-1.00000115629085,-1.0000011562908513,-1.0000011615629236,-1.0000001527860118,1.0000000009270613,0.9999997670772993,0.9999997670772995,1.0000017464654711,-1.0000016345432663,1.0000015198618974,1.0000015898791597,0.9999990045841689,-0.999999070215099,0.9999990045841693,0.9999992964217126,-1.000001461718991,-1.0000014716524666,-1.0000015154280115,1.0000014960926555,-0.9999994716515639,-0.9999994716515626,1.0000014669356296
0.9999993927477203,-0.9999996285830873,-0.9999996285830889,-0.9999996128988469,-0.9999986463234363,0.9999997670772993,0.9999999987393894,0.9999982396023706,1.000000219373598,-1.0000001074580764,0.999999992674127,1.0000000628144623,0.9999974776081947,-0.9999975431981155,0.9999974776081939,0.999997769187681,-0.9999999132744823,-0.9999999445038855,-0.9999999883539555,0.9999999686225967,-0.9999979653356385,-0.9999979442786703,0.9999999398294213
0.9999993927477207,-0.9999996285830877,-0.9999996285830894,-0.9999996128988468,-0.9999986463234366,0.9999997670772995,0.9999982396023706,0.9999999987393894,1.0000002193735973,-1.0000001074580764,0.9999999926741262,1.0000000628144616,0.9999974776081939,-0.9999975431981146,0.9999974776081949,0.9999977691876801,-0.999999913274483,-0.9999999445038859,-0.9999999883539555,0.9999999686225975,-0.9999979442786718,-0.9999979653356373,0.9999999398294215
1.0000013717906575,-1.000001606767386,-1.000001606767388,-1.0000015920660952,-1.000000605029142,1.0000017464654711,1.000000219373598,1.0000002193735973,1.0000000015749986,-1.000002109265587,1.0000019733604935,1.00000204357925,0.9999994577948055,-0.9999995238030116,0.9999994577948055,0.9999997496810613,-1.000001893115339,-1.0000019251460022,-1.0000019690460669,1.0000019475138409,-0.9999999243338571,-0.9999999243338548,1.000001920472384
-1.0000012598265762,1.0000014949555844,1.0000014949555858,1.0000014800747272,1.000000493015746,-1.0000016345432663,-1.0000001074580764,-1.0000001074580764,-1.000002109265587,1.000000001415524,-1.00000188273646,-1.0000019532021225,-0.9999993467695193,0.9999994125269815,-0.9999993467695203,-0.999999637994812,1.00000178131996,1.0000018135741986,1.0000018576204528,-1.0000018359047531,0.9999998125267298,0.9999998125267301,-1.000001808994855
1.0000011452374231,-1.0000013806105028,-1.0000013806105055,-1.0000013654528297,-1.0000003782294689,1.0000015198618974,0.999999992674127,0.9999999926741262,1.0000019733604935,-1.00000188273646,1.0000000012507613,1.0000018170954035,0.9999992318890407,-0.9999992975229295,0.9999992318890412,0.9999995230140638,-1.0000016875715452,-1.000001719612506,-1.0000017425917296,1.0000017213683263,-0.9999996976667905,-0.9999996976667894,1.00000169397876
1.000001215131235,-1.0000014502035641,-1.000001450203566,-1.0000014353938145,-1.0000004483699083,1.0000015898791597,1.0000000628144623,1.0000000628144616,1.00000204357925,-1.0000019532021225,1.0000018170954035,1.0000000013516734,0.9999993021457068,-0.9999993679303728,0.9999993021457063,0.9999995933951098,-1.000001736683113,-1.0000017689882035,-1.0000018340920398,1.0000017912068426,-0.9999997679011685,-0.9999997679011662,1.0000017644077328
0.9999986298076174,-0.9999988645315382,-0.9999988645315399,-0.9999988501139049,-0.9999978632573977,0.9999990045841689,0.9999974776081947,0.9999974776081939,0.9999994577948055,-0.9999993467695193,0.9999992318890407,0.9999993021457068,0.9999999976484916,-0.9999968033821336,0.9999967162023647,0.9999970081466903,-0.9999991513822593,-0.9999991836660049,-0.9999992275911045,0.9999992055058485,-0.9999971826595295,-0.9999971826595286,0.9999991789989107
-0.9999986954566851,0.9999989303812917,0.9999989303812947,0.9999989157273999,0.9999979287863573,-0.999999070215099,-0.9999975431981155,-0.9999975431981146,-0.9999995238030116,0.9999994125269815,-0.9999992975229295,-0.9999993679303728,-0.9999968033821336,0.99999999774304,-0.9999968033821351,-0.9999970948585419,0.9999992170425116,0.9999992493746712,0.9999992933894013,-0.9999992713993392,0.9999972482861824,0.9999972482861818,-0.9999992447688364
0.9999986298076173,-0.9999988645315395,-0.999998864531541,-0.9999988501139053,-0.9999978632573996,0.9999990045841693,0.9999974776081939,0.9999974776081949,0.9999994577948055,-0.9999993467695203,0.9999992318890412,0.9999993021457063,0.9999967162023647,-0.9999968033821351,0.9999999976484916,0.9999970081466917,-0.9999991513822608,-0.9999991836660057,-0.999999227591105,0.9999992055058502,-0.9999971826595305,-0.9999971826595295,0.9999991789989103
0.999998921845934,-0.999999157265448,-0.9999991572654496,-0.9999991420512855,-0.9999981547709872,0.9999992964217126,0.999997769187681,0.9999977691876801,0.9999997496810613,-0.999999637994812,0.9999995230140638,0.9999995933951098,0.9999970081466903,-0.9999970948585419,0.9999970081466917,0.999999998066117,-0.9999994430011435,-0.9999994749006564,-0.9999995188962473,0.9999994979060712,-0.9999974951816917,-0.9999974951816833,0.9999994703005688
-1.0000010662742158,1.0000013019569653,1.0000013019569671,1.0000012864439667,1.000000298932183,-1.000001461718991,-0.9999999132744823,-0.999999913274483,-1.000001893115339,1.00000178131996,-1.0000016875715452,-1.000001736683113,-0.9999991513822593,0.9999992170425116,-0.9999991513822608,-0.9999994430011435,1.0000000011364034,1.0000016183422213,1.0000016622093448,-1.0000016631779711,0.9999996180077023,0.999999618007701,-1.0000016136728338
-1.000001096980674,1.0000013322366021,1.0000013322366048,1.0000013172215896,1.0000003300659652,-1.0000014716524666,-0.9999999445038855,-0.9999999445038859,-1.0000019251460022,1.0000018135741986,-1.000001719612506,-1.0000017689882035,-0.9999991836660049,0.9999992493746712,-0.9999991836660057,-0.9999994749006564,1.0000016183422213,1.0000000011818797,1.0000016944763201,-1.000001673066634,0.9999996495181132,0.9999996495181122,-1.0000016669218044
-1.000001140688283,1.0000013757655801,1.000001375765582,1.00000136095308,1.000000373917512,-1.0000015154280115,-0.9999999883539555,-0.9999999883539555,-1.0000019690460669,1.0000018576204528,-1.0000017425917296,-1.0000018340920398,-0.9999992275911045,0.9999992933894013,-0.999999227591105,-0.9999995188962473,1.0000016622093448,1.0000016944763201,1.0000000012449355,-1.000001716737532,0.9999996934243848,0.9999996934243839,-1.0000017109439985
1.0000011218325726,-1.000001357500336,-1.0000013575003373,-1.0000013420102272,-1.000000354406338,1.0000014960926555,0.9999999686225967,0.9999999686225975,1.0000019475138409,-1.0000018359047531,1.0000017213683263,1.0000017912068426,0.9999992055058485,-0.9999992713993392,0.9999992055058502,0.9999994979060712,-1.0000016631779711,-1.000001673066634,-1.000001716737532,1.0000000012153936,-0.9999996731585797,-0.9999996731585779,1.000001668277313
-0.9999990972121827,0.9999993328626365,0.9999993328626384,0.9999993173914393,0.999998329910091,-0.9999994716515639,-0.9999979653356385,-0.9999979442786718,-0.9999999243338571,0.9999998125267298,-0.9999996976667905,-0.9999997679011685,-0.9999971826595295,0.9999972482861824,-0.9999971826595305,-0.9999974951816917,0.9999996180077023,0.9999996495181132,0.9999996934243848,-0.9999996731585797,0.9999999983165082,0.9999976490633956,-0.9999996448718411
-0.9999990972121794,0.9999993328626356,0.9999993328626368,0.9999993173914383,0.9999983299100896,-0.9999994716515626,-0.9999979442786703,-0.9999979653356373,-0.9999999243338548,0.9999998125267301,-0.9999996976667894,-0.9999997679011662,-0.9999971826595286,0.9999972482861818,-0.9999971826595295,-0.9999974951816833,0.999999618007701,0.9999996495181122,0.9999996934243839,-0.9999996731585779,0.9999976490633956,0.9999999983165082,-0.9999996448718392
1.0000010922245293,-1.0000013273715598,-1.0000013273715622,-1.0000013124815434,-1.0000003253955991,1.0000014669356296,0.9999999398294213,0.9999999398294215,1.000001920472384,-1.000001808994855,1.00000169397876,1.0000017644077328,0.9999991789989107,-0.9999992447688364,0.9999991789989103,0.9999994703005688,-1.0000016136728338,-1.0000016669218044,-1.0000017109439985,1.000001668277313,-0.9999996448718411,-0.9999996448718392,1.0000000011753056
