1.000000000834209,-1.0000012799222728,-1.0000012799222695,-1.0000007923278935,-1.0000011490900325,1.0000010222798523,1.0000018142713207,1.0000018142713218,0.9998380043139425,-1.0000008582301385,-0.9993489009513732,0.9998378164796173,0.9985333906674281,0.9895701208622134,-0.601470269750915,0.9634828057453422,-0.009035413503424315,-0.9868055148657675,-0.9681641275621325,0.6158081674810355,-0.9993499060919973,0.9993495342016603,0.9993502238453312,-0.9993494074642858,-0.9993496280358314,-0.9993499060919971,0.9993495342016603,0.9993502238453303,-0.9993494074642864,0.9993500160417483,-0.9993503394358085,-0.9993486844732,-0.9998381803642263,0.9993490419144249,-1.0000019506598574,-1.000001950659858,1.0000019077779818,-1.0000023559711555
-1.0000012799222728,1.0000000015302675,1.0000021483141919,1.0000016676328567,1.0000020131271687,-1.000001524188219,-1.0000022960338857,-1.0000022960338872,-0.9998385177243888,1.0000013670826513,0.9993494187526525,-0.9998383275891825,-0.9985338993992461,-0.9895706468337807,0.601470486774436,-0.9634832712777849,0.009035534893427887,0.9868060049257326,0.9681646554458606,-0.6158085766862338,0.999350431549862,-0.9993500585823692,-0.999350749846227,0.9993499294263574,0.9993501532483465,0.999350431549863,-0.9993500585823698,-0.9993507498462261,0.999349929426359,-0.9993505423838797,0.9993508663476535,0.9993491975718506,0.9998386915152936,-0.999349561038108,1.0000024309668,1.0000024309668005,-1.000002387347623,1.0000028347735368
-1.0000012799222695,1.0000021483141919,1.0000000015302675,1.0000016676328545,1.0000020131271667,-1.0000015241882183,-1.0000022960338846,-1.0000022960338848,-0.9998385177243871,1.0000013670826484,0.9993494187526499,-0.9998383275891805,-0.9985338993992445,-0.9895706468337782,0.6014704867744355,-0.9634832712777831,0.009035534893427517,0.986806004925731,0.9681646554458604,-0.6158085766862326,0.9993504315498603,-0.9993500585823687,-0.9993507498462234,0.9993499294263561,0.9993501532483453,0.9993504315498608,-0.9993500585823678,-0.9993507498462249,0.9993499294263576,-0.9993505423838789,0.9993508663476526,0.9993491975718473,0.999838691515292,-0.9993495610381055,1.0000024309667987,1.0000024309667996,-1.0000023873476207,1.0000028347735357
-1.0000007923278935,1.0000016676328567,1.0000016676328545,1.0000000007794458,1.00000159076757,-1.000000480148323,-1.000001902135551,-1.000001902135552,-0.9998376978324472,1.0000006099584275,0.9993485361432162,-0.999837539491396,-0.998533129117115,-0.989569598275082,0.6014711738363487,-0.9634828480322012,0.009034013323555015,0.986805403600652,0.9681634536255835,-0.6158068576195141,0.9993494608041988,-0.9993491012918722,-0.9993497722620672,0.9993490020461798,0.999349185643158,0.9993494608041986,-0.9993491012918732,-0.9993497722620684,0.9993490020461797,-0.9993495606563298,0.9993498774419192,0.9993483799660862,0.9998379028720797,-0.9993486688818112,1.000002056496964,1.0000020564969645,-1.0000020227804125,1.0000024802506828
-1.0000011490900325,1.0000020131271687,1.0000020131271667,1.00000159076757,1.000000001311454,-1.0000015042976866,-1.0000017262326304,-1.0000017262326288,-0.9998385973176721,1.0000014059314757,0.9993495392401499,-0.9998383849811535,-0.9985339469688095,-0.9895708797926703,0.6014697783091116,-0.9634831143566737,0.009036508973164912,0.9868059505238577,0.9681649977638858,-0.6158094093103174,0.9993505984837254,-0.9993502174538491,-0.9993509208838909,0.9993500704006744,0.9993503182953462,0.9993505984837259,-0.99935021745385,-0.9993509208838897,0.9993500704006758,-0.9993507159002181,0.9993510441747029,0.9993492729149279,0.9998387491776934,-0.9993496809428075,1.0000022291144275,1.0000022291144266,-1.0000021792820852,1.0000026204211323
1.0000010222798523,-1.000001524188219,-1.0000015241882183,-1.000000480148323,-1.0000015042976866,1.0000000003832163,1.00000184346241,1.0000018434624116,0.9998372237560578,-0.9999998164834356,-0.9993480013078415,0.9998370952848131,0.9985327013616445,0.9895689012518056,-0.601472020594198,0.9634827429094599,-0.009032557166200742,-0.9868051346354589,-0.9681626030889086,0.6158054013691951,-0.9993488363267824,0.9993484900602695,0.9993491410506856,-0.9993484202549217,-0.9993485642608648,-0.9993488363267824,0.9993484900602685,0.9993491410506848,-0.9993484202549234,0.9993489253724963,-0.9993492350907843,-0.9993479062314206,-0.9998374581088154,0.9993481217611919,-1.0000020168010635,-1.0000020168010628,1.0000019927563661,-1.0000024600374846
1.0000018142713207,-1.0000022960338857,-1.0000022960338846,-1.000001902135551,-1.0000017262326304,1.00000184346241,1.0000000016828345,1.0000023626940635,0.9998389851747858,-1.0000017737552098,-0.9993499470886892,0.9998387615724225,0.9985343176651199,0.9895713405911454,-0.6014696304659,0.9634833696781331,-0.009037002076392842,-0.9868062656692872,-0.968165505912592,0.6158100416894556,-0.9993510284862648,0.9993506434974988,0.9993513528978052,-0.9993504876375825,-0.9993507473767149,-0.9993510284862657,0.9993506434974985,0.9993513528978066,-0.9993504876375843,0.9993511491398761,-0.9993514795272513,-0.999349657866549,-0.9998391258955411,0.9993500878187479,-1.0000020993467529,-1.0000024794857942,1.000002426623337,-1.0000028646827581
1.0000018142713218,-1.0000022960338872,-1.0000022960338848,-1.000001902135552,-1.0000017262326288,1.0000018434624116,1.0000023626940635,1.0000000016828345,0.9998389851747871,-1.0000017737552107,-0.99934994708869,0.9998387615724229,0.9985343176651202,0.9895713405911454,-0.6014696304659026,0.9634833696781345,-0.009037002076390603,-0.9868062656692881,-0.9681655059125925,0.6158100416894543,-0.9993510284862659,0.9993506434974988,0.9993513528978064,-0.999350487637583,-0.9993507473767156,-0.9993510284862662,0.9993506434974988,0.9993513528978079,-0.999350487637586,0.9993511491398773,-0.999351479527253,-0.9993496578665519,-0.999839125895543,0.9993500878187482,-1.000002479485796,-1.0000020993467529,1.0000024266233376,-1.0000028646827595
0.9998380043139425,-0.9998385177243888,-0.9998385177243871,-0.9998376978324472,-0.9998385973176721,0.9998372237560578,0.9998389851747858,0.9998389851747871,0.999999999867277,-0.9998363467618142,-0.9998362185665718,0.9993474636305435,0.997391490934849,0.9920083763556875,-0.5869482078349062,0.9584900868594967,-0.027087117082319926,-0.983720076909726,-0.9725242960649755,0.6299316041806664,-0.9985329000870832,0.998532581432024,0.9985331904126252,-0.998532571320678,-0.9985326350779435,-0.9985329000870841,0.998532581432025,0.9985331904126258,-0.9985325713206791,0.9985329673243255,-0.9985332620109006,-0.9985322761917477,-0.9993478243159937,0.9985323432482157,-0.9998391919012515,-0.9998391919012505,0.9998391849749088,-0.9998396699469754
-1.0000008582301385,1.0000013670826513,1.0000013670826484,1.0000006099584275,1.0000014059314757,-0.9999998164834356,-1.0000017737552098,-1.0000017737552107,-0.9998363467618142,0.999999999830128,0.9993474426873726,-0.9998362476296588,-0.9985322511737923,-0.9895681784286499,0.6014728744943679,-0.9634826233742407,0.009031076237150638,0.9868048471696687,0.9681617251681267,-0.6158039127784627,0.9993481794605781,-0.9993478470995865,-0.9993484771177952,0.9993478082180756,0.9993479106421003,0.9993481794605781,-0.9993478470995883,-0.9993484771177965,0.9993478082180777,-0.9993482571634225,0.9993485594672762,0.9993474077115188,0.9998369899742636,-0.9993475461387914,1.000001966661229,1.0000019666612294,-1.0000019525857107,1.0000024299952848
-0.9993489009513732,0.9993494187526525,0.9993494187526499,0.9993485361432162,0.9993495392401499,-0.9993480013078415,-0.9993499470886892,-0.99934994708869,-0.9998362185665718,0.9993474426873726,0.9999999996489123,-0.9985322086065748,-0.9959248981758272,-0.9941245048444601,0.5722319992344643,-0.9531847882303132,0.045134347145258776,0.980314313665507,0.9765695392693355,-0.6438537715713671,0.9973917910862872,-0.9973914865601284,-0.997392073825935,0.9973915059319631,0.9973915300468342,0.9973917910862871,-0.9973914865601289,-0.9973920738259348,0.9973915059319647,-0.9973918475810254,0.9973921343890281,0.9973913189610557,0.998532567578866,-0.9973913127985354,0.9993501676291179,0.9993501676291184,-0.9993501678917417,0.9993506602960699
0.9998378164796173,-0.9998383275891825,-0.9998383275891805,-0.999837539491396,-0.9998383849811535,0.9998370952848131,0.9998387615724225,0.9998387615724229,0.9993474636305435,-0.9998362476296588,-0.9985322086065748,0.9999999997454462,0.9993473045896095,0.9868049273106745,-0.6158024572709142,0.9681611977027432,0.00902936135018481,-0.9895678919604426,-0.9634829224990402,0.6014741675159428,-0.9998372730311967,0.999836941428691,0.999837570625976,-0.9998369057073138,-0.999837003848864,-0.9998372730311976,0.9998369414286918,0.9998375706259766,-0.9998369057073131,0.9998373494742955,-0.9998376516436908,-0.9998361370371883,-0.9999996254909677,0.9998366473054612,-0.9998389603467122,-0.999838960346713,0.9998389491926452,-0.9998394291049626
0.9985333906674281,-0.9985338993992461,-0.9985338993992445,-0.998533129117115,-0.9985339469688095,0.9985327013616445,0.9985343176651199,0.9985343176651202,0.997391490934849,-0.9985322511737923,-0.9959248981758272,0.9993473045896095,0.9999999996496535,0.9803142630214533,-0.6438536575933604,0.9765695250456585,0.04513423807241683,-0.9941245468604512,-0.9531847827702845,0.5722320966621398,-0.9998371268287053,0.9998367993914289,0.9998374228661991,-0.9998367753634035,-0.9998368577889859,-0.9998371268287061,0.9998367993914289,0.9998374228661988,-0.9998367753634042,0.999837199057795,-0.999837499573489,-0.9998360525495886,-0.9993476661731074,0.9998365312182014,-0.9985345123837657,-0.9985345123837648,0.9985344991671001,-0.9985349757163023
0.9895701208622134,-0.9895706468337807,-0.9895706468337782,-0.989569598275082,-0.9895708797926703,0.9895689012518056,0.9895713405911454,0.9895713405911454,0.9920083763556875,-0.9895681784286499,-0.9941245048444601,0.9868049273106745,0.9803142630214533,0.999999999767104,-0.48010775211897605,0.9148563367446357,-0.15299390757438347,-0.9531852065039906,-0.9941243466766992,0.7228872184519676,-0.9837199440421707,0.9837196797833558,0.9837202029638956,-0.9837197721328559,-0.9837196976505934,-0.9837199440421718,0.9837196797833553,0.9837202029638953,-0.9837197721328577,0.9837199733788963,-0.9837202356234077,-0.9837198521468511,-0.9868052782269138,0.9837196673068876,-0.9895715984957618,-0.989571598495761,0.9895716194264017,-0.9895721300795854
-0.601470269750915,0.601470486774436,0.6014704867744355,0.6014711738363487,0.6014697783091116,-0.601472020594198,-0.6014696304659,-0.6014696304659026,-0.5869482078349062,0.6014728744943679,0.5722319992344643,-0.6158024572709142,-0.6438536575933604,-0.48010775211897605,0.9999999977100654,-0.7934268206062907,-0.7934241463844414,0.7228872798115352,0.3823422256426264,0.25905438284387705,0.6299333732997595,-0.6299329886975059,-0.6299336618584528,0.6299326275994214,0.6299331438460565,0.6299333732997604,-0.6299329886975054,-0.6299336618584528,0.6299326275994228,-0.6299335439089062,0.6299338387454473,0.6299311803494531,0.6158026941496885,-0.6299320716119919,0.6014694904455207,0.6014694904455206,-0.6014693475149586,0.6014694840435107
0.9634828057453422,-0.9634832712777849,-0.9634832712777831,-0.9634828480322012,-0.9634831143566737,0.9634827429094599,0.9634833696781331,0.9634833696781345,0.9584900868594967,-0.9634826233742407,-0.9531847882303132,0.9681611977027432,0.9765695250456585,0.9148563367446357,-0.7934268206062907,0.9999999995277572,0.2590561361538967,-0.9941244447863877,-0.8657781211048492,0.3823421985044513,-0.9725250529926229,0.9725246957687624,0.972525363869865,-0.9725246005221824,-0.9725247771652707,-0.9725250529926247,0.9725246957687622,0.9725253638698669,-0.9725246005221838,0.9725251493507515,-0.9725254653559872,-0.9725240160322974,-0.9681615495700246,0.9725242802866371,-0.9634834866958507,-0.9634834866958509,0.9634834368244861,-0.9634838551326066
-0.009035413503424315,0.009035534893427887,0.009035534893427517,0.009034013323555015,0.009036508973164912,-0.009032557166200742,-0.009037002076392842,-0.009037002076390603,-0.027087117082319926,0.009031076237150638,0.045134347145258776,0.00902936135018481,0.04513423807241683,-0.15299390757438347,-0.7934241463844414,0.2590561361538967,0.9999999963873687,-0.15299393706743236,0.25905599012559,-0.7934239300069788,-0.027089372416709626,0.027089109466193646,0.02708952442664599,-0.02708860970448446,-0.027089281791752885,-0.027089372416710722,0.027089109466193015,0.027089524426646555,-0.02708860970448454,0.02708955466299031,-0.027089711685158262,-0.027086815459028725,-0.009029387311747525,0.0270880214551246,0.009037343549779593,0.009037343549779194,-0.009037521695503302,0.009037724574614357
-0.9868055148657675,0.9868060049257326,0.986806004925731,0.986805403600652,0.9868059505238577,-0.9868051346354589,-0.9868062656692872,-0.9868062656692881,-0.983720076909726,0.9868048471696687,0.980314313665507,-0.9895678919604426,-0.9941245468604512,-0.9531852065039906,0.7228872798115352,-0.9941244447863877,-0.15299393706743236,0.9999999998525403,0.9148563776076879,-0.48010780827696725,0.9920090696848701,-0.9920087254358678,-0.9920093748821711,0.9920086656440986,0.9920087956676619,0.9920090696848703,-0.9920087254358698,-0.9920093748821728,0.9920086656440997,-0.9920091543962802,0.9920094644222994,0.9920082001641499,0.9895682507435263,-0.992008382067201,0.9868064226574228,0.9868064226574222,-0.9868063910483078,0.9868068411896223
-0.9681641275621325,0.9681646554458606,0.9681646554458604,0.9681634536255835,0.9681649977638858,-0.9681626030889086,-0.968165505912592,-0.9681655059125925,-0.9725242960649755,0.9681617251681267,0.9765695392693355,-0.9634829224990402,-0.9531847827702845,-0.9941243466766992,0.3823422256426264,-0.8657781211048492,0.25905599012559,0.9148563776076879,0.999999999448796,-0.7934266609503549,0.9584896225195568,-0.9584894013706868,-0.9584898547156374,0.9584895649633834,0.9584893936102484,0.9584896225195574,-0.9584894013706865,-0.9584898547156371,0.9584895649633854,-0.9584896245734713,0.9584898593129707,0.9584899088673219,0.9634832611742098,-0.9584895490092814,0.9681657980286896,0.9681657980286896,-0.9681658393603937,0.9681663621297135
0.6158081674810355,-0.6158085766862338,-0.6158085766862326,-0.6158068576195141,-0.6158094093103174,0.6158054013691951,0.6158100416894556,0.6158100416894543,0.6299316041806664,-0.6158039127784627,-0.6438537715713671,0.6014741675159428,0.5722320966621398,0.7228872184519676,0.25905438284387705,0.3823421985044513,-0.7934239300069788,-0.48010780827696725,-0.7934266609503549,0.9999999974860547,-0.5869464334249184,0.5869464658979818,0.5869464808550402,-0.5869468976766714,-0.5869463477385523,-0.5869464334249176,0.5869464658979828,0.58694648085504,-0.586946897676672,0.5869463149757262,-0.5869463607412242,-0.5869482961436265,-0.6014743634707493,0.5869472745828119,-0.6158104419838533,-0.6158104419838525,0.6158105807949235,-0.6158110387298721
-0.9993499060919973,0.999350431549862,0.9993504315498603,0.9993494608041988,0.9993505984837254,-0.9993488363267824,-0.9993510284862648,-0.9993510284862659,-0.9985329000870832,0.9993481794605781,0.9973917910862872,-0.9998372730311967,-0.9998371268287053,-0.9837199440421707,0.6299333732997595,-0.9725250529926229,-0.027089372416709626,0.9920090696848701,0.9584896225195568,-0.5869464334249184,1.000000000727084,-1.0000003093188679,-1.0000009383121384,1.000000655455269,1.0000007510632303,1.0000010207781092,-1.0000006894579117,-1.000001318451183,1.000000655455271,-1.0000010959346473,1.0000013979429876,1.0000002701689268,0.9998376403754452,-1.0000003983568695,0.9993512633711372,0.9993512633711372,-0.9993512704699635,0.9993517682356178
0.9993495342016603,-0.9993500585823692,-0.9993500585823687,-0.9993491012918722,-0.9993502174538491,0.9993484900602695,0.9993506434974988,0.9993506434974988,0.998532581432024,-0.9993478470995865,-0.9973914865601284,0.999836941428691,0.9998367993914289,0.9837196797833558,-0.6299329886975059,0.9725246957687624,0.027089109466193646,-0.9920087254358678,-0.9584894013706868,0.5869464658979818,-1.0000003093188679,1.0000000002550624,1.0000009871012376,-0.9999999442619524,-1.0000000396281468,-1.0000006894579112,1.00000035821154,1.0000009871012376,-1.0000003244010007,1.00000076459304,-1.0000010665858516,-0.999999940119437,-0.9998373084355466,1.0000000675879892,-0.9993508757005308,-0.9993508757005314,0.9993508814399472,-0.9993513778420975
0.9993502238453312,-0.999350749846227,-0.9993507498462234,-0.9993497722620672,-0.9993509208838909,0.9993491410506856,0.9993513528978052,0.9993513528978064,0.9985331904126252,-0.9993484771177952,-0.997392073825935,0.999837570625976,0.9998374228661991,0.9837202029638956,-0.6299336618584528,0.972525363869865,0.02708952442664599,-0.9920093748821711,-0.9584898547156374,0.5869464808550402,-1.0000009383121384,1.0000009871012376,1.0000000011512271,-1.0000009530117466,-1.0000010487278577,-1.0000013184511822,1.0000009871012385,1.000001616134122,-1.0000009530117477,1.0000013936143992,-1.0000016956253115,-1.0000005672603254,-0.9998379381362774,1.0000006957838923,-0.999351589146226,-0.9993515891462253,0.9993515969373739,-0.99935209539274
-0.9993494074642858,0.9993499294263574,0.9993499294263561,0.9993490020461798,0.9993500704006744,-0.9993484202549217,-0.9993504876375825,-0.999350487637583,-0.998532571320678,0.9993478082180756,0.9973915059319631,-0.9998369057073138,-0.9998367753634035,-0.9837197721328559,0.6299326275994214,-0.9725246005221824,-0.02708860970448446,0.9920086656440986,0.9584895649633834,-0.5869468976766714,1.000000655455269,-0.9999999442619524,-1.0000009530117466,1.0000000002072327,1.000000385835001,1.0000006554552685,-1.0000003244009996,-1.0000009530117457,1.0000002910442694,-1.000000730530949,1.000001032468296,0.9999999091330819,0.9998372719365373,-0.9999996547764498,0.9993507138799088,0.9993507138799085,-0.999350716605244,0.9993512099564091
-0.9993496280358314,0.9993501532483465,0.9993501532483453,0.999349185643158,0.9993503182953462,-0.9993485642608648,-0.9993507473767149,-0.9993507473767156,-0.9985326350779435,0.9993479106421003,0.9973915300468342,-0.999837003848864,-0.9998368577889859,-0.9837196976505934,0.6299331438460565,-0.9725247771652707,-0.027089281791752885,0.9920087956676619,0.9584893936102484,-0.5869463477385523,1.0000007510632303,-1.0000000396281468,-1.0000010487278577,1.000000385835001,1.0000000003427845,1.0000007510632298,-1.0000000396281536,-1.0000010487278588,1.000000385835003,-1.000000446067211,1.0000011282092716,1.0000000008703744,0.9998373711187251,-1.0000001288293419,0.9993509816362595,0.9993509816362599,-0.999350988416369,0.9993514858698098
-0.9993499060919971,0.999350431549863,0.9993504315498608,0.9993494608041986,0.9993505984837259,-0.9993488363267824,-0.9993510284862657,-0.9993510284862662,-0.9985329000870841,0.9993481794605781,0.9973917910862871,-0.9998372730311976,-0.9998371268287061,-0.9837199440421718,0.6299333732997604,-0.9725250529926247,-0.027089372416710722,0.9920090696848703,0.9584896225195574,-0.5869464334249176,1.0000010207781092,-1.0000006894579112,-1.0000013184511822,1.0000006554552685,1.0000007510632298,1.000000000727084,-1.0000003093188676,-1.0000009383121349,1.000000655455271,-1.0000010959346477,1.0000013979429883,1.0000002701689268,0.9998376403754445,-1.0000003983568702,0.9993512633711379,0.9993512633711374,-0.9993512704699633,0.9993517682356178
0.9993495342016603,-0.9993500585823698,-0.9993500585823678,-0.9993491012918732,-0.99935021745385,0.9993484900602685,0.9993506434974985,0.9993506434974988,0.998532581432025,-0.9993478470995883,-0.9973914865601289,0.9998369414286918,0.9998367993914289,0.9837196797833553,-0.6299329886975054,0.9725246957687622,0.027089109466193015,-0.9920087254358698,-0.9584894013706865,0.5869464658979828,-1.0000006894579117,1.00000035821154,1.0000009871012385,-1.0000003244009996,-1.0000000396281536,-1.0000003093188676,1.0000000002550624,1.0000009871012385,-0.9999999442619556,1.0000007645930384,-1.0000010665858503,-0.9999999401194375,-0.9998373084355476,1.0000000675879896,-0.9993508757005314,-0.9993508757005315,0.9993508814399478,-0.9993513778420988
0.9993502238453303,-0.9993507498462261,-0.9993507498462249,-0.9993497722620684,-0.9993509208838897,0.9993491410506848,0.9993513528978066,0.9993513528978079,0.9985331904126258,-0.9993484771177965,-0.9973920738259348,0.9998375706259766,0.9998374228661988,0.9837202029638953,-0.6299336618584528,0.9725253638698669,0.027089524426646555,-0.9920093748821728,-0.9584898547156371,0.58694648085504,-1.000001318451183,1.0000009871012376,1.000001616134122,-1.0000009530117457,-1.0000010487278588,-1.0000009383121349,1.0000009871012385,1.0000000011512271,-1.0000009530117484,1.0000013936143997,-1.000001695625313,-1.0000005672603254,-0.9998379381362765,1.0000006957838925,-0.9993515891462269,-0.9993515891462266,0.9993515969373745,-0.9993520953927385
-0.9993494074642864,0.999349929426359,0.9993499294263576,0.9993490020461797,0.9993500704006758,-0.9993484202549234,-0.9993504876375843,-0.999350487637586,-0.9985325713206791,0.9993478082180777,0.9973915059319647,-0.9998369057073131,-0.9998367753634042,-0.9837197721328577,0.6299326275994228,-0.9725246005221838,-0.02708860970448454,0.9920086656440997,0.9584895649633854,-0.586946897676672,1.000000655455271,-1.0000003244010007,-1.0000009530117477,1.0000002910442694,1.000000385835003,1.000000655455271,-0.9999999442619556,-1.0000009530117484,1.0000000002072327,-1.00000073053095,1.0000010324682989,0.9999999091330833,0.9998372719365386,-0.999999654776451,0.9993507138799123,0.9993507138799105,-0.9993507166052479,0.9993512099564111
0.9993500160417483,-0.9993505423838797,-0.9993505423838789,-0.9993495606563298,-0.9993507159002181,0.9993489253724963,0.9993511491398761,0.9993511491398773,0.9985329673243255,-0.9993482571634225,-0.9973918475810254,0.9998373494742955,0.999837199057795,0.9837199733788963,-0.6299335439089062,0.9725251493507515,0.02708955466299031,-0.9920091543962802,-0.9584896245734713,0.5869463149757262,-1.0000010959346473,1.00000076459304,1.0000013936143992,-1.000000730530949,-1.000000446067211,-1.0000010959346477,1.0000007645930384,1.0000013936143997,-1.00000073053095,1.0000000008341516,-1.0000010929383687,-1.0000003447786059,-0.9998377170918518,1.0000004733106747,-0.999351386216672,-0.9993513862166711,0.9993513944247591,-0.9993518933112644
-0.9993503394358085,0.9993508663476535,0.9993508663476526,0.9993498774419192,0.9993510441747029,-0.9993492350907843,-0.9993514795272513,-0.999351479527253,-0.9985332620109006,0.9993485594672762,0.9973921343890281,-0.9998376516436908,-0.999837499573489,-0.9837202356234077,0.6299338387454473,-0.9725254653559872,-0.027089711685158262,0.9920094644222994,0.9584898593129707,-0.5869463607412242,1.0000013979429876,-1.0000010665858516,-1.0000016956253115,1.000001032468296,1.0000011282092716,1.0000013979429883,-1.0000010665858503,-1.000001695625313,1.0000010324682989,-1.0000010929383687,1.0000000012644528,1.0000006463608633,0.9998380194325249,-1.0000007751544469,0.9993517180365333,0.9993517180365343,-0.999351726971931,0.9993522265835458
-0.9993486844732,0.9993491975718506,0.9993491975718473,0.9993483799660862,0.9993492729149279,-0.9993479062314206,-0.999349657866549,-0.9993496578665519,-0.9985322761917477,0.9993474077115188,0.9973913189610557,-0.9998361370371883,-0.9998360525495886,-0.9837198521468511,0.6299311803494531,-0.9725240160322974,-0.027086815459028725,0.9920082001641499,0.9584899088673219,-0.5869482961436265,1.0000002701689268,-0.999999940119437,-1.0000005672603254,0.9999999091330819,1.0000000008703744,1.0000002701689268,-0.9999999401194375,-1.0000005672603254,0.9999999091330833,-1.0000003447786059,1.0000006463608633,0.9999999996711717,0.9998368805107664,-0.9999992761920735,0.9993498622560357,0.9993498622560346,-0.9993498539224428,0.9993503361140152
-0.9998381803642263,0.9998386915152936,0.999838691515292,0.9998379028720797,0.9998387491776934,-0.9998374581088154,-0.9998391258955411,-0.999839125895543,-0.9993478243159937,0.9998369899742636,0.998532567578866,-0.9999996254909677,-0.9993476661731074,-0.9868052782269138,0.6158026941496885,-0.9681615495700246,-0.009029387311747525,0.9895682507435263,0.9634832611742098,-0.6014743634707493,0.9998376403754452,-0.9998373084355466,-0.9998379381362774,0.9998372719365373,0.9998373711187251,0.9998376403754445,-0.9998373084355476,-0.9998379381362765,0.9998372719365386,-0.9998377170918518,0.9998380194325249,0.9998368805107664,1.0000000002625857,-0.9998370126179013,0.9998393247549627,0.9998393247549617,-0.9998393136476718,0.9998397935863924
0.9993490419144249,-0.999349561038108,-0.9993495610381055,-0.9993486688818112,-0.9993496809428075,0.9993481217611919,0.9993500878187479,0.9993500878187482,0.9985323432482157,-0.9993475461387914,-0.9973913127985354,0.9998366473054612,0.9998365312182014,0.9837196673068876,-0.6299320716119919,0.9725242802866371,0.0270880214551246,-0.992008382067201,-0.9584895490092814,0.5869472745828119,-1.0000003983568695,1.0000000675879892,1.0000006957838923,-0.9999996547764498,-1.0000001288293419,-1.0000003983568702,1.0000000675879896,1.0000006957838925,-0.999999654776451,1.0000004733106747,-1.0000007751544469,-0.9999992761920735,-0.9998370126179013,0.9999999998429995,-0.9993503070467937,-0.9993503070467935,0.9993503062207943,-0.9993507959934721
-1.0000019506598574,1.0000024309668,1.0000024309667987,1.000002056496964,1.0000022291144275,-1.0000020168010635,-1.0000020993467529,-1.000002479485796,-0.9998391919012515,1.000001966661229,0.9993501676291179,-0.9998389603467122,-0.9985345123837657,-0.9895715984957618,0.6014694904455207,-0.9634834866958507,0.009037343549779593,0.9868064226574228,0.9681657980286896,-0.6158104419838533,0.9993512633711372,-0.9993508757005308,-0.999351589146226,0.9993507138799088,0.9993509816362595,0.9993512633711379,-0.9993508757005314,-0.9993515891462269,0.9993507138799123,-0.999351386216672,0.9993517180365333,0.9993498622560357,0.9998393247549627,-0.9993503070467937,1.0000000018463104,1.0000025922172144,-1.0000021571474917,1.000002973247895
-1.000001950659858,1.0000024309668005,1.0000024309667996,1.0000020564969645,1.0000022291144266,-1.0000020168010628,-1.0000024794857942,-1.0000020993467529,-0.9998391919012505,1.0000019666612294,0.9993501676291184,-0.999838960346713,-0.9985345123837648,-0.989571598495761,0.6014694904455206,-0.9634834866958509,0.009037343549779194,0.9868064226574222,0.9681657980286896,-0.6158104419838525,0.9993512633711372,-0.9993508757005314,-0.9993515891462253,0.9993507138799085,0.9993509816362599,0.9993512633711374,-0.9993508757005315,-0.9993515891462266,0.9993507138799105,-0.9993513862166711,0.9993517180365343,0.9993498622560346,0.9998393247549617,-0.9993503070467935,1.0000025922172144,1.0000000018463104,-1.0000021571474913,1.0000029732478952
1.0000019077779818,-1.000002387347623,-1.0000023873476207,-1.0000020227804125,-1.0000021792820852,1.0000019927563661,1.000002426623337,1.0000024266233376,0.9998391849749088,-1.0000019525857107,-0.9993501678917417,0.9998389491926452,0.9985344991671001,0.9895716194264017,-0.6014693475149586,0.9634834368244861,-0.009037521695503302,-0.9868063910483078,-0.9681658393603937,0.6158105807949235,-0.9993512704699635,0.9993508814399472,0.9993515969373739,-0.999350716605244,-0.999350988416369,-0.9993512704699633,0.9993508814399478,0.9993515969373745,-0.9993507166052479,0.9993513944247591,-0.999351726971931,-0.9993498539224428,-0.9998393136476718,0.9993503062207943,-1.0000021571474917,-1.0000021571474913,1.0000000017672652,-1.000002536058802
-1.0000023559711555,1.0000028347735368,1.0000028347735357,1.0000024802506828,1.0000026204211323,-1.0000024600374846,-1.0000028646827581,-1.0000028646827595,-0.9998396699469754,1.0000024299952848,0.9993506602960699,-0.9998394291049626,-0.9985349757163023,-0.9895721300795854,0.6014694840435107,-0.9634838551326066,0.009037724574614357,0.9868068411896223,0.9681663621297135,-0.6158110387298721,0.9993517682356178,-0.9993513778420975,-0.99935209539274,0.9993512099564091,0.9993514858698098,0.9993517682356178,-0.9993513778420988,-0.9993520953927385,0.9993512099564111,-0.9993518933112644,0.9993522265835458,0.9993503361140152,0.9998397935863924,-0.9993507959934721,1.000002973247895,1.0000029732478952,-1.000002536058802,1.0000000023861282
