0.999999999949707,-0.9999998458460929,-0.9999998458460908,-1.0000000009163885,-0.9999996585880188,1.0000001093860682,1.0000001093860686,0.9999996575833408,0.9999996575833413,0.9999996575833423,1.000000094496741,-1.000000116895319,-1.0000001168953199,-1.0000001280330286,-0.9999998974433292,1.0000001261625162,0.9999998225172683,0.9999998225172679,0.9999998225172693,-1.0000001314613098,-1.0000001314613087,-1.000000095306465,-0.9999999730045257,0.9999999485198484,0.9999999672297508,0.9999999672297492,-0.9999999524077219,1.0000001293076266,1.0000000023985165
-0.9999998458460929,0.999999999923106,0.9999998923322212,1.0000000472351558,0.9999997051142878,-1.0000000905982365,-1.0000000905982371,-0.9999996390776824,-0.9999996390776831,-0.9999996390776852,-1.0000000759147591,1.0000000983600892,1.00000009836009,1.0000001093667001,0.9999998789329463,-1.0000001074288951,-0.9999998040531407,-0.99999980405314,-0.9999998040531403,1.00000011265199,1.00000011265199,1.0000000765096864,0.9999999543445525,-0.9999999298089937,-0.9999999486144397,-0.9999999486144393,0.9999999336627575,-1.0000001104840082,-0.9999999836222652
-0.9999998458460908,0.9999998923322212,0.9999999999231056,1.000000047235153,0.9999997051142843,-1.0000000905982347,-1.0000000905982334,-0.999999639077679,-0.9999996390776809,-0.9999996390776822,-1.0000000759147571,1.0000000983600863,1.0000000983600863,1.0000001093666984,0.9999998789329436,-1.0000001074288924,-0.9999998040531375,-0.999999804053137,-0.9999998040531386,1.0000001126519877,1.0000001126519877,1.0000000765096837,0.9999999543445495,-0.9999999298089903,-0.9999999486144376,-0.9999999486144373,0.9999999336627542,-1.0000001104840044,-0.9999999836222625
-1.0000000009163885,1.0000000472351558,1.000000047235153,1.0000000001441567,0.9999998604845332,-1.0000001798396718,-1.000000179839673,-0.999999794370206,-0.9999997943702063,-0.9999997943702071,-1.0000002310681477,1.0000002533520094,1.0000002533520103,1.0000002641175478,1.0000000343330966,-1.0000002618647856,-0.9999999593573955,-0.9999999593573957,-0.9999999593573967,1.0000002668528445,1.0000002668528445,1.000000230800287,1.0000001086292234,-1.0000000839987162,-1.0000001028004124,-1.0000001028004113,1.0000000877739148,-1.0000002647314865,-1.0000001377539047
-0.9999996585880188,0.9999997051142878,0.9999997051142843,0.9999998604845332,0.9999999996554045,-0.9999999040980923,-0.9999999040980925,-0.9999993863535966,-0.9999993863535966,-0.9999993863535999,-0.9999998884751224,0.9999999109670272,0.999999910967028,0.9999999223578174,0.9999996911970979,-0.9999999207592475,-0.9999996163152595,-0.9999996163152591,-0.9999996163152597,0.9999999262751483,0.9999999262751482,0.9999998900466258,0.999999767675817,-0.9999997432885359,-0.9999997619494255,-0.9999997619494244,0.9999997472528728,-0.9999999240946945,-0.999999797245367
1.0000001093860682,-1.0000000905982365,-1.0000000905982347,-1.0000001798396718,-0.9999999040980923,1.0000000002055678,1.0000002878388008,0.9999998379974973,0.9999998379975001,0.9999998379975007,1.0000002745358665,-1.0000002967908541,-1.0000002967908546,-1.0000003073271806,-1.0000000779781355,1.0000003048717445,1.0000000030027245,1.0000000030027238,1.0000000030027245,-1.0000002446088796,-1.0000003096914583,-1.0000002736842624,-1.0000001516292287,1.0000001269107215,1.0000001457972751,1.0000001457972745,-1.0000001306212958,1.0000003075751698,1.000000180583439
1.0000001093860686,-1.0000000905982371,-1.0000000905982334,-1.000000179839673,-0.9999999040980925,1.0000002878388008,1.0000000002055678,0.9999998379974977,0.9999998379974991,0.9999998379975009,1.0000002745358665,-1.0000002967908532,-1.0000002967908541,-1.000000307327181,-1.000000077978137,1.0000003048717436,1.0000000030027227,1.0000000030027236,1.0000000030027236,-1.0000003096914576,-1.0000002446088723,-1.000000273684262,-1.0000001516292265,1.000000126910721,1.0000001457972738,1.0000001457972731,-1.0000001306212953,1.00000030757517,1.0000001805834386
0.9999996575833408,-0.9999996390776824,-0.999999639077679,-0.999999794370206,-0.9999993863535966,0.9999998379974973,0.9999998379974977,0.9999999995610803,0.9999993854188457,0.999999385418845,0.9999998224195519,-0.9999998449570501,-0.9999998449570487,-0.9999998562908797,-0.9999996251599884,0.9999998546828193,0.9999995503161285,0.9999995503161283,0.9999995503161289,-0.999999860173668,-0.999999860173668,-0.9999998239460179,-0.9999997016699396,0.9999996772579814,0.999999695982177,0.9999996959821771,-0.999999681206687,0.9999998579802483,0.9999997311755479
0.9999996575833413,-0.9999996390776831,-0.9999996390776809,-0.9999997943702063,-0.9999993863535966,0.9999998379975001,0.9999998379974991,0.9999993854188457,0.9999999995610803,0.9999993854188474,0.9999998224195538,-0.9999998449570494,-0.9999998449570487,-0.9999998562908792,-0.9999996251599902,0.99999985468282,0.9999995503161315,0.9999995503161296,0.9999995503161294,-0.9999998601736699,-0.9999998601736692,-0.9999998239460202,-0.9999997016699408,0.9999996772579829,0.9999996959821789,0.9999996959821781,-0.9999996812066891,0.9999998579802488,0.9999997311755484
0.9999996575833423,-0.9999996390776852,-0.9999996390776822,-0.9999997943702071,-0.9999993863535999,0.9999998379975007,0.9999998379975009,0.999999385418845,0.9999993854188474,0.9999999995610803,0.9999998224195551,-0.9999998449570515,-0.999999844957051,-0.9999998562908812,-0.9999996251599899,0.9999998546828204,0.9999995503161312,0.9999995503161304,0.9999995503161315,-0.9999998601736713,-0.999999860173671,-0.9999998239460213,-0.9999997016699427,0.9999996772579826,0.9999996959821802,0.9999996959821794,-0.9999996812066897,0.9999998579802499,0.9999997311755497
1.000000094496741,-1.0000000759147591,-1.0000000759147571,-1.0000002310681477,-0.9999998884751224,1.0000002745358665,1.0000002745358665,0.9999998224195519,0.9999998224195538,0.9999998224195551,1.0000000001842722,-1.0000002153621028,-1.000000215362107,-1.0000002269444117,-0.9999999955699072,1.0000002905803744,0.9999999857048132,0.9999999857048126,0.9999999857048135,-1.0000002965918626,-1.0000002965918626,-1.0000002600560236,-1.0000001376017593,1.0000001132160932,1.000000131840073,1.000000131840071,-1.0000001171863462,1.0000002943179314,1.0000001672038257
-1.000000116895319,1.0000000983600892,1.0000000983600863,1.0000002533520094,0.9999999109670272,-1.0000002967908541,-1.0000002967908532,-0.9999998449570501,-0.9999998449570494,-0.9999998449570515,-1.0000002153621028,1.0000000002163294,1.0000003029076754,1.000000314375088,1.0000000831402052,-1.0000003128691524,-1.0000000082316454,-1.0000000082316445,-1.0000000082316463,1.0000003188227182,1.000000318822718,1.0000002822913254,1.0000001599609454,-1.000000135527776,-1.000000154238133,-1.0000001542381325,1.0000001394658622,-1.0000003165338347,-1.0000001894553416
-1.0000001168953199,1.00000009836009,1.0000000983600863,1.0000002533520103,0.999999910967028,-1.0000002967908546,-1.0000002967908541,-0.9999998449570487,-0.9999998449570487,-0.999999844957051,-1.000000215362107,1.0000003029076754,1.0000000002163294,1.0000003143750886,1.000000083140205,-1.000000312869154,-1.0000000082316456,-1.0000000082316458,-1.0000000082316463,1.0000003188227191,1.000000318822719,1.0000002822913272,1.0000001599609458,-1.0000001355277761,-1.0000001542381334,-1.0000001542381336,1.0000001394658635,-1.0000003165338356,-1.0000001894553425
-1.0000001280330286,1.0000001093667001,1.0000001093666984,1.0000002641175478,0.9999999223578174,-1.0000003073271806,-1.000000307327181,-0.9999998562908797,-0.9999998562908792,-0.9999998562908812,-1.0000002269444117,1.000000314375088,1.0000003143750886,1.0000000002324987,1.0000000949788754,-1.0000002586195071,-1.0000000200116228,-1.0000000200116228,-1.000000020011622,1.0000003292777733,1.0000003292777728,1.0000002929250424,1.0000001706587682,-1.0000001461239343,-1.0000001648690613,-1.0000001648690595,1.0000001499767124,-1.0000003270567757,-1.000000199967771
-0.9999998974433292,0.9999998789329463,0.9999998789329436,1.0000000343330966,0.9999996911970979,-1.0000000779781355,-1.000000077978137,-0.9999996251599884,-0.9999996251599902,-0.9999996251599899,-0.9999999955699072,1.0000000831402052,1.000000083140205,1.0000000949788754,0.9999999999022119,-1.0000000937986693,-0.9999997230704054,-0.9999997230704054,-0.9999997230704044,1.0000001001040302,1.0000001001040302,1.0000000634401263,0.9999999408877115,-0.9999999165945218,-0.9999999351559878,-0.9999999351559865,0.9999999206395986,-1.000000097789115,-0.9999999706676396
1.0000001261625162,-1.0000001074288951,-1.0000001074288924,-1.0000002618647856,-0.9999999207592475,1.0000003048717445,1.0000003048717436,0.9999998546828193,0.99999985468282,0.9999998546828204,1.0000002905803744,-1.0000003128691524,-1.000000312869154,-1.0000002586195071,-1.0000000937986693,1.000000000229627,1.000000018819356,1.0000000188193559,1.0000000188193563,-1.0000003267399071,-1.0000003267399071,-1.0000002254550113,-1.000000168401005,1.0000001437524584,1.000000162587534,1.0000001625875337,-1.0000001475169835,1.0000003245620759,1.0000001974915342
0.9999998225172683,-0.9999998040531407,-0.9999998040531375,-0.9999999593573955,-0.9999996163152595,1.0000000030027245,1.0000000030027227,0.9999995503161285,0.9999995503161315,0.9999995503161312,0.9999999857048132,-1.0000000082316454,-1.0000000082316456,-1.0000000200116228,-0.9999997230704054,1.000000018819356,0.9999999997952193,0.9999997132633491,0.9999997132633495,-1.0000000251187782,-1.0000000251187782,-0.9999999884413127,-0.9999998659789767,0.9999998416587264,0.9999998602822134,0.9999998602822124,-0.9999998456870153,1.0000000227866532,0.9999998956930741
0.9999998225172679,-0.99999980405314,-0.999999804053137,-0.9999999593573957,-0.9999996163152591,1.0000000030027238,1.0000000030027236,0.9999995503161283,0.9999995503161296,0.9999995503161304,0.9999999857048126,-1.0000000082316445,-1.0000000082316458,-1.0000000200116228,-0.9999997230704054,1.0000000188193559,0.9999997132633491,0.9999999997952193,0.9999997132633482,-1.0000000251187768,-1.000000025118776,-0.999999988441312,-0.9999998659789755,0.9999998416587264,0.999999860282213,0.9999998602822123,-0.9999998456870147,1.0000000227866532,0.9999998956930741
0.9999998225172693,-0.9999998040531403,-0.9999998040531386,-0.9999999593573967,-0.9999996163152597,1.0000000030027245,1.0000000030027236,0.9999995503161289,0.9999995503161294,0.9999995503161315,0.9999999857048135,-1.0000000082316463,-1.0000000082316463,-1.000000020011622,-0.9999997230704044,1.0000000188193563,0.9999997132633495,0.9999997132633482,0.9999999997952193,-1.0000000251187762,-1.0000000251187762,-0.9999999884413127,-0.9999998659789772,0.9999998416587258,0.999999860282214,0.9999998602822124,-0.9999998456870147,1.0000000227866546,0.9999998956930752
-1.0000001314613098,1.00000011265199,1.0000001126519877,1.0000002668528445,0.9999999262751483,-1.0000002446088796,-1.0000003096914576,-0.999999860173668,-0.9999998601736699,-0.9999998601736713,-1.0000002965918626,1.0000003188227182,1.0000003188227191,1.0000003292777733,1.0000001001040302,-1.0000003267399071,-1.0000000251187782,-1.0000000251187768,-1.0000000251187762,1.0000000002367533,1.0000003315049562,1.0000002955084673,1.000000173485046,-1.0000001487319838,-1.000000167643159,-1.0000001676431582,1.0000001524160242,-1.0000002643080381,-1.0000002023755994
-1.0000001314613087,1.00000011265199,1.0000001126519877,1.0000002668528445,0.9999999262751482,-1.0000003096914583,-1.0000002446088723,-0.999999860173668,-0.9999998601736692,-0.999999860173671,-1.0000002965918626,1.000000318822718,1.000000318822719,1.0000003292777728,1.0000001001040302,-1.0000003267399071,-1.0000000251187782,-1.000000025118776,-1.0000000251187762,1.0000003315049562,1.0000000002367533,1.0000002955084675,1.000000173485046,-1.0000001487319838,-1.000000167643159,-1.0000001676431582,1.000000152416024,-1.0000002643080363,-1.0000002023755983
-1.000000095306465,1.0000000765096864,1.0000000765096837,1.000000230800287,0.9999998900466258,-1.0000002736842624,-1.000000273684262,-0.9999998239460179,-0.9999998239460202,-0.9999998239460213,-1.0000002600560236,1.0000002822913254,1.0000002822913272,1.0000002929250424,1.0000000634401263,-1.0000002254550113,-0.9999999884413127,-0.999999988441312,-0.9999999884413127,1.0000002955084673,1.0000002955084675,1.0000000001852687,1.0000001373152816,-1.0000001126087767,-1.0000001314712608,-1.00000013147126,1.0000001163262782,-1.0000002282855462,-1.0000001012186561
-0.9999999730045257,0.9999999543445525,0.9999999543445495,1.0000001086292234,0.999999767675817,-1.0000001516292287,-1.0000001516292265,-0.9999997016699396,-0.9999997016699408,-0.9999997016699427,-1.0000001376017593,1.0000001599609454,1.0000001599609458,1.0000001706587682,0.9999999408877115,-1.000000168401005,-0.9999998659789767,-0.9999998659789755,-0.9999998659789772,1.000000173485046,1.000000173485046,1.0000001373152816,1.0000000000109084,-0.9999999255080401,-0.9999999444363151,-0.9999999444363146,0.9999999943262932,-1.0000001712954663,-1.0000000442827954
0.9999999485198484,-0.9999999298089937,-0.9999999298089903,-1.0000000839987162,-0.9999997432885359,1.0000001269107215,1.000000126910721,0.9999996772579814,0.9999996772579829,0.9999996772579826,1.0000001132160932,-1.000000135527776,-1.0000001355277761,-1.0000001461239343,-0.9999999165945218,1.0000001437524584,0.9999998416587264,0.9999998416587264,0.9999998416587258,-1.0000001487319838,-1.0000001487319838,-1.0000001126087767,-0.9999999255080401,0.999999999975625,0.9999999848071919,0.9999999848071921,-0.9999999044937447,1.0000001465618198,1.0000000195323664
0.9999999672297508,-0.9999999486144397,-0.9999999486144376,-1.0000001028004124,-0.9999997619494255,1.0000001457972751,1.0000001457972738,0.999999695982177,0.9999996959821789,0.9999996959821802,1.000000131840073,-1.000000154238133,-1.0000001542381334,-1.0000001648690613,-0.9999999351559878,1.000000162587534,0.9999998602822134,0.999999860282213,0.999999860282214,-1.000000167643159,-1.000000167643159,-1.0000001314712608,-0.9999999444363151,0.9999999848071919,1.0000000000027127,1.0000000037983265,-0.9999999885239462,1.000000165439909,1.0000000384596015
0.9999999672297492,-0.9999999486144393,-0.9999999486144373,-1.0000001028004113,-0.9999997619494244,1.0000001457972745,1.0000001457972731,0.9999996959821771,0.9999996959821781,0.9999996959821794,1.000000131840071,-1.0000001542381325,-1.0000001542381336,-1.0000001648690595,-0.9999999351559865,1.0000001625875337,0.9999998602822124,0.9999998602822123,0.9999998602822124,-1.0000001676431582,-1.0000001676431582,-1.00000013147126,-0.9999999444363146,0.9999999848071921,1.0000000037983265,1.0000000000027127,-0.999999988523946,1.0000001654399078,1.0000000384596015
-0.9999999524077219,0.9999999336627575,0.9999999336627542,1.0000000877739148,0.9999997472528728,-1.0000001306212958,-1.0000001306212953,-0.999999681206687,-0.9999996812066891,-0.9999996812066897,-1.0000001171863462,1.0000001394658622,1.0000001394658635,1.0000001499767124,0.9999999206395986,-1.0000001475169835,-0.9999998456870153,-0.9999998456870147,-0.9999998456870147,1.0000001524160242,1.000000152416024,1.0000001163262782,0.9999999943262932,-0.9999999044937447,-0.9999999885239462,-0.999999988523946,0.9999999999809057,-1.0000001502585798,-0.999999958135548
1.0000001293076266,-1.0000001104840082,-1.0000001104840044,-1.0000002647314865,-0.9999999240946945,1.0000003075751698,1.00000030757517,0.9999998579802483,0.9999998579802488,0.9999998579802499,1.0000002943179314,-1.0000003165338347,-1.0000003165338356,-1.0000003270567757,-1.000000097789115,1.0000003245620759,1.0000000227866532,1.0000000227866532,1.0000000227866546,-1.0000002643080381,-1.0000002643080363,-1.0000002282855462,-1.0000001712954663,1.0000001465618198,1.000000165439909,1.0000001654399078,-1.0000001502585798,1.0000000002337313,1.0000002002296768
1.0000000023985165,-0.9999999836222652,-0.9999999836222625,-1.0000001377539047,-0.999999797245367,1.000000180583439,1.0000001805834386,0.9999997311755479,0.9999997311755484,0.9999997311755497,1.0000001672038257,-1.0000001894553416,-1.0000001894553425,-1.000000199967771,-0.9999999706676396,1.0000001974915342,0.9999998956930741,0.9999998956930741,0.9999998956930752,-1.0000002023755994,-1.0000002023755983,-1.0000001012186561,-1.0000000442827954,1.0000000195323664,1.0000000384596015,1.0000000384596015,-0.999999958135548,1.0000002002296768,1.0000000000522624
