1.000000001300596,-1.0000014326682438,1.0000002902187328,-1.00000019964369,-0.9999987271609863,0.9999997870383512,0.9999989629620304,0.9999991894068402,-0.999999107514561,-0.9999998926592669,1.0000007361360752,0.999999249274532,-1.000000292873316,-1.0000005298123156,-0.9999991075145656,0.9999991894068488,0.999999189406843,-0.9999992161707696,0.9999996727663476,0.9999991894068418,-0.9999998926592645,-0.9999998926592678,-0.9999998926592726,1.0000003399574713,1.0000003399574737
-1.0000014326682438,1.0000000001914784,-0.9999999027983049,0.9999994147843169,0.9999979579425661,-0.9999994068673602,-0.999998192957142,-0.9999984147580004,0.9999983351915588,0.9999991154339353,-0.9999999451445235,-0.9999984611500684,0.9999995007115412,0.9999997338287867,0.9999983351915626,-0.9999984147580083,-0.9999984147580032,0.9999984246467997,-0.9999988798684518,-0.9999984147580038,0.9999991154339318,0.9999991154339353,0.9999991154339394,-0.999999561732272,-0.9999995617322733
1.0000002902187328,-0.9999999027983049,0.9999999991069618,-0.9999990409207175,-0.9999972043010842,0.9999982621975346,0.999997439098116,0.9999976629888125,-0.9999975821684522,-0.9999983648728356,0.999999180150054,0.9999976959318206,-0.9999987348283921,-0.9999989711306746,-0.9999975821684588,0.9999976629888196,0.9999976629888171,-0.9999976594037313,0.9999981143076548,0.9999976629888139,-0.9999983648728326,-0.9999983648728371,-0.9999983648728404,0.999998811597463,0.999998811597467
-1.00000019964369,0.9999994147843169,-0.9999990409207175,0.9999999989587426,0.9999971088198929,-0.9999981667606092,-0.9999973418658129,-0.9999975695005435,0.999997485907572,0.9999982728564637,-0.9999994649971748,-0.9999979815493043,0.9999986294843811,0.9999988708783792,0.9999974859075759,-0.9999975695005512,-0.9999975695005475,0.999997554803918,-0.9999980094655126,-0.9999975695005454,0.9999982728564615,0.9999982728564647,0.9999982728564694,-0.9999987200771276,-0.9999987200771299
-0.9999987271609863,0.9999979579425661,-0.9999972043010842,0.9999971088198929,0.9999999968860536,-0.9999970960435196,-0.9999962730700134,-0.999996100202949,0.9999960232715721,0.9999967992928482,-0.99999763790243,-0.9999961538869668,0.9999971928064667,0.9999974216423467,0.9999960232715773,-0.9999961002029564,-0.9999961002029528,0.9999961164912875,-0.9999965715728175,-0.9999961002029509,0.9999967992928452,0.9999967992928496,0.9999967992928535,-0.999997245010947,-0.9999972450109498
0.9999997870383512,-0.9999994068673602,0.9999982621975346,-0.9999981667606092,-0.9999970960435196,0.9999999984003317,0.9999969411790485,0.9999971606884802,-0.9999970827610005,-0.9999978605556205,0.9999986967882759,0.999997212383797,-0.9999982518950484,-0.9999984823183261,-0.9999970827610053,0.9999971606884891,0.9999971606884855,-0.9999971755552053,0.9999976308168343,0.9999971606884818,-0.9999978605556169,-0.999997860555621,-0.9999978605556229,0.9999983065730298,0.9999983065730319
0.9999989629620304,-0.999998192957142,0.999997439098116,-0.9999973418658129,-0.9999962730700134,0.9999969411790485,0.9999999972218085,0.999996333077928,-0.9999966469135851,-0.9999970315188774,0.9999978697322937,0.9999963868872843,-0.9999974248625508,-0.9999976535860999,-0.9999966469135879,0.9999963330779369,0.9999963330779321,-0.999996348872199,0.9999968036137217,0.9999963330779315,-0.9999970315188753,-0.9999970315188799,-0.9999970315188819,0.9999974769474312,0.9999974769474335
0.9999991894068402,-0.9999984147580004,0.9999976629888125,-0.9999975695005435,-0.999996100202949,0.9999971606884802,0.999996333077928,0.999999997535498,-0.9999968655836166,-0.9999976464274364,0.9999981024373195,0.9999966179880104,-0.9999976590727714,-0.9999978931236946,-0.99999647497181,0.9999965548643684,0.9999965548643628,-0.9999965829445912,0.9999970386890114,0.9999965548643615,-0.9999972558156278,-0.9999972558156307,-0.9999972558156327,0.9999977021698064,0.9999977021698088
-0.999999107514561,0.9999983351915588,-0.9999975821684522,0.999997485907572,0.9999960232715721,-0.9999970827610005,-0.9999966469135851,-0.9999968655836166,0.9999999974224665,0.9999971742832918,-0.9999980155297992,-0.9999965324148525,0.9999975714197563,0.9999978023873947,0.999996396854436,-0.9999964749718128,-0.9999964749718081,0.9999964954566553,-0.9999969505196601,-0.9999968655836182,0.9999971742832879,0.9999971742832917,0.9999971742832954,-0.999997620020199,-0.9999976200202004
-0.9999998926592669,0.9999991154339353,-0.9999983648728356,0.9999982728564637,0.9999967992928482,-0.9999978605556205,-0.9999970315188774,-0.9999976464274364,0.9999971742832918,0.9999999985391401,-0.9999988080523942,-0.9999973231463583,0.9999983656232326,0.9999986022521946,0.9999971742832958,-0.9999972558156378,-0.9999972558156327,0.999997289427134,-0.9999977456178282,-0.9999972558156307,0.9999979578650116,0.9999979578650148,0.9999979578650193,-0.9999984046221662,-0.9999987952339777
1.0000007361360752,-0.9999999451445235,0.999999180150054,-0.9999994649971748,-0.99999763790243,0.9999986967882759,0.9999978697322937,0.9999981024373195,-0.9999980155297992,-0.9999988080523942,0.9999999997191954,0.9999981234338794,-0.9999995543752155,-0.9999998014283787,-0.999998015529804,0.9999981024373291,0.9999981024373243,-0.9999980892917807,0.999998544470486,0.9999981024373227,-0.9999988080523916,-0.999998808052396,-0.9999988080523998,0.9999992560932854,0.9999992560932884
0.999999249274532,-0.9999984611500684,0.9999976959318206,-0.9999979815493043,-0.9999961538869668,0.999997212383797,0.9999963868872843,0.9999966179880104,-0.9999965324148525,-0.9999973231463583,0.9999981234338794,0.9999999975955531,-0.9999976788847453,-0.9999979239353213,-0.9999965324148562,0.9999966179880178,0.9999966179880153,-0.9999969948836536,0.9999970593926942,0.9999966179880136,-0.9999973231463561,-0.9999973231463588,-0.9999973231463626,0.9999977710401206,0.999997771040124
-1.000000292873316,0.9999995007115412,-0.9999987348283921,0.9999986294843811,0.9999971928064667,-0.9999982518950484,-0.9999974248625508,-0.9999976590727714,0.9999975714197563,0.9999983656232326,-0.9999995543752155,-0.9999976788847453,0.9999999990842424,0.9999989686039437,0.9999975714197618,-0.9999976590727795,-0.9999976590727755,0.9999976454786905,-0.999998491471493,-0.9999976590727733,0.9999983656232307,0.9999983656232345,0.9999983656232359,-0.9999988140141055,-0.9999988140141098
-1.0000005298123156,0.9999997338287867,-0.9999989711306746,0.9999988708783792,0.9999974216423467,-0.9999984823183261,-0.9999976535860999,-0.9999978931236946,0.9999978023873947,0.9999986022521946,-0.9999998014283787,-0.9999979239353213,0.9999989686039437,0.9999999994435299,0.9999978023873995,-0.9999978931237017,-0.9999978931236989,0.9999978937348551,-0.9999983503357703,-0.9999978931236958,0.9999986022521912,0.9999986022521965,0.9999986022521989,-0.9999990516305778,-0.9999990516305804
-0.9999991075145656,0.9999983351915626,-0.9999975821684588,0.9999974859075759,0.9999960232715773,-0.9999970827610053,-0.9999966469135879,-0.99999647497181,0.999996396854436,0.9999971742832958,-0.999998015529804,-0.9999965324148562,0.9999975714197618,0.9999978023873995,0.9999999974224665,-0.9999968655836254,-0.9999968655836239,0.9999964954566622,-0.9999969505196658,-0.9999964749718122,0.9999971742832929,0.9999971742832972,0.9999971742833001,-0.9999976200202036,-0.999997620020206
0.9999991894068488,-0.9999984147580083,0.9999976629888196,-0.9999975695005512,-0.9999961002029564,0.9999971606884891,0.9999963330779369,0.9999965548643684,-0.9999964749718128,-0.9999972558156378,0.9999981024373291,0.9999966179880178,-0.9999976590727795,-0.9999978931237017,-0.9999968655836254,0.999999997535498,0.9999965548643712,-0.9999965829445989,0.9999970386890189,0.9999965548643704,-0.9999976464274443,-0.9999972558156389,-0.9999972558156427,0.9999977021698142,0.9999977021698164
0.999999189406843,-0.9999984147580032,0.9999976629888171,-0.9999975695005475,-0.9999961002029528,0.9999971606884855,0.9999963330779321,0.9999965548643628,-0.9999964749718081,-0.9999972558156327,0.9999981024373243,0.9999966179880153,-0.9999976590727755,-0.9999978931236989,-0.9999968655836239,0.9999965548643712,0.999999997535498,-0.9999965829445949,0.9999970386890157,0.9999965548643663,-0.9999972558156295,-0.9999976464274407,-0.9999972558156378,0.9999977021698099,0.9999977021698127
-0.9999992161707696,0.9999984246467997,-0.9999976594037313,0.999997554803918,0.9999961164912875,-0.9999971755552053,-0.999996348872199,-0.9999965829445912,0.9999964954566553,0.999997289427134,-0.9999980892917807,-0.9999969948836536,0.9999976454786905,0.9999978937348551,0.9999964954566622,-0.9999965829445989,-0.9999965829445949,0.9999999975469874,-0.9999974170243416,-0.9999965829445917,0.9999972894271315,0.9999972894271347,0.9999972894271387,-0.9999977378043277,-0.9999977378043302
0.9999996727663476,-0.9999988798684518,0.9999981143076548,-0.9999980094655126,-0.9999965715728175,0.9999976308168343,0.9999968036137217,0.9999970386890114,-0.9999969505196601,-0.9999977456178282,0.999998544470486,0.9999970593926942,-0.999998491471493,-0.9999983503357703,-0.9999969505196658,0.9999970386890189,0.9999970386890157,-0.9999974170243416,0.9999999981986755,0.9999970386890138,-0.9999977456178271,-0.9999977456178298,-0.9999977456178331,0.9999981941528451,0.9999981941528475
0.9999991894068418,-0.9999984147580038,0.9999976629888139,-0.9999975695005454,-0.9999961002029509,0.9999971606884818,0.9999963330779315,0.9999965548643615,-0.9999968655836182,-0.9999972558156307,0.9999981024373227,0.9999966179880136,-0.9999976590727733,-0.9999978931236958,-0.9999964749718122,0.9999965548643704,0.9999965548643663,-0.9999965829445917,0.9999970386890138,0.999999997535498,-0.9999972558156278,-0.9999972558156318,-0.9999976464274426,0.9999977021698097,0.9999977021698107
-0.9999998926592645,0.9999991154339318,-0.9999983648728326,0.9999982728564615,0.9999967992928452,-0.9999978605556169,-0.9999970315188753,-0.9999972558156278,0.9999971742832879,0.9999979578650116,-0.9999988080523916,-0.9999973231463561,0.9999983656232307,0.9999986022521912,0.9999971742832929,-0.9999976464274443,-0.9999972558156295,0.9999972894271315,-0.9999977456178271,-0.9999972558156278,0.9999999985391401,0.9999979578650123,0.9999979578650167,-0.9999987952339748,-0.9999984046221654
-0.9999998926592678,0.9999991154339353,-0.9999983648728371,0.9999982728564647,0.9999967992928496,-0.999997860555621,-0.9999970315188799,-0.9999972558156307,0.9999971742832917,0.9999979578650148,-0.999998808052396,-0.9999973231463588,0.9999983656232345,0.9999986022521965,0.9999971742832972,-0.9999972558156389,-0.9999976464274407,0.9999972894271347,-0.9999977456178298,-0.9999972558156318,0.9999979578650123,0.9999999985391401,0.9999979578650207,-0.9999987952339767,-0.9999984046221697
-0.9999998926592726,0.9999991154339394,-0.9999983648728404,0.9999982728564694,0.9999967992928535,-0.9999978605556229,-0.9999970315188819,-0.9999972558156327,0.9999971742832954,0.9999979578650193,-0.9999988080523998,-0.9999973231463626,0.9999983656232359,0.9999986022521989,0.9999971742833001,-0.9999972558156427,-0.9999972558156378,0.9999972894271387,-0.9999977456178331,-0.9999976464274426,0.9999979578650167,0.9999979578650207,0.9999999985391401,-0.9999984046221718,-0.9999987952339805
1.0000003399574713,-0.999999561732272,0.999998811597463,-0.9999987200771276,-0.999997245010947,0.9999983065730298,0.9999974769474312,0.9999977021698064,-0.999997620020199,-0.9999984046221662,0.9999992560932854,0.9999977710401206,-0.9999988140141055,-0.9999990516305778,-0.9999976200202036,0.9999977021698142,0.9999977021698099,-0.9999977378043277,0.9999981941528451,0.9999977021698097,-0.9999987952339748,-0.9999987952339767,-0.9999984046221718,0.9999999991784246,0.9999988515254118
1.0000003399574737,-0.9999995617322733,0.999998811597467,-0.9999987200771299,-0.9999972450109498,0.9999983065730319,0.9999974769474335,0.9999977021698088,-0.9999976200202004,-0.9999987952339777,0.9999992560932884,0.999997771040124,-0.9999988140141098,-0.9999990516305804,-0.999997620020206,0.9999977021698164,0.9999977021698127,-0.9999977378043302,0.9999981941528475,0.9999977021698107,-0.9999984046221654,-0.9999984046221697,-0.9999987952339805,0.9999988515254118,0.9999999991784246
