1.0000000017499469,-1.0000026737125773,-1.0000018881244628,-1.0000027541480887,1.0000030103428015,1.0000025113082989,-1.0000027541480863,1.0000030103428004,1.0000025113082995,-0.9999969251817048,0.999998260121899,0.9999960944862273,1.0000030968857085,-1.00000317001292,-1.0000031700129215,-1.0000025610202594,1.0000016854451685,-1.0000005063122803,0.9999997787383067,0.999999778738308,-0.9999989833281382,-0.9999989833281387
-1.0000026737125773,1.0000000023814049,1.000002538017233,1.0000031947950974,-1.0000032417438423,-1.0000029519552112,1.0000031947950963,-1.0000032417438427,-1.0000029519552127,0.9999973658253083,-0.999998700766173,-0.9999965351294182,-1.000003537532742,1.0000036106600414,1.000003610660043,1.0000030016669232,-1.0000021260913026,1.0000009469577404,-1.0000002193833692,-1.00000021938337,0.9999994239727819,0.9999994239727813
-1.0000018881244628,1.000002538017233,1.0000000012556378,1.0000024092067266,-1.0000026654013592,-1.000002166367019,1.000002409206725,-1.000002665401359,-1.0000021663670182,0.9999965802426836,-0.9999979151823839,-0.9999957495475131,-1.0000027519442745,1.00000282507144,1.0000028250714421,1.0000022160790616,-1.0000013405043326,1.00000016137191,-0.9999994337982198,-0.9999994337982195,0.999998638388352,0.999998638388352
-1.0000027541480887,1.0000031947950974,1.0000024092067266,1.000000002196816,-1.0000031129332565,-1.0000026138985576,1.0000030659844923,-1.0000033221793116,-1.000002823144617,0.9999972370170617,-0.9999985719576037,-0.9999964063213618,-1.0000034087223475,1.0000034818495291,1.0000034818495296,1.0000028728568555,-1.0000019972816265,1.0000008181485083,-1.0000000905743804,-1.00000009057438,0.9999992951640231,0.9999992951640236
1.0000030103428015,-1.0000032417438423,-1.0000026654013592,-1.0000031129332565,1.0000000025639497,1.00000307933941,-1.0000033221793112,1.0000035783741203,1.0000030793394108,-0.9999974932078916,0.9999988281490108,0.9999966625118495,1.000003664916859,-1.0000035287981741,-1.0000037380442308,-1.0000031290508302,1.0000022534749435,-1.0000010743410697,1.0000003467665235,1.0000003467665237,-0.9999995513557619,-0.9999995513557619
1.0000025113082989,-1.0000029519552112,-1.000002166367019,-1.0000026138985576,1.00000307933941,1.000000001848821,-1.0000028231446143,1.0000030793394106,1.00000258030478,-0.9999969941798601,0.9999983291199577,0.9999961634844319,1.000003165882585,-1.000003239009661,-1.0000032390096607,-1.0000026300174232,1.0000017544426263,-1.0000005753100232,0.9999998477361901,0.9999998477361898,-0.9999990523261278,-0.9999990523261288
-1.0000027541480863,1.0000031947950963,1.000002409206725,1.0000030659844923,-1.0000033221793112,-1.0000028231446143,1.000000002196816,-1.0000031129332512,-1.000002613898559,0.9999972370170589,-0.999998571957601,-0.9999964063213593,-1.000003408722346,1.0000034818495274,1.000003481849528,1.0000028728568526,-1.0000019972816239,1.0000008181485054,-1.0000000905743782,-1.0000000905743784,0.9999992951640212,0.9999992951640222
1.0000030103428004,-1.0000032417438427,-1.000002665401359,-1.0000033221793116,1.0000035783741203,1.0000030793394106,-1.0000031129332512,1.0000000025639497,1.0000030793394104,-0.9999974932078908,0.9999988281490089,0.9999966625118493,1.0000036649168582,-1.0000037380442308,-1.0000035287981768,-1.0000031290508284,1.0000022534749422,-1.0000010743410686,1.0000003467665228,1.0000003467665235,-0.9999995513557617,-0.9999995513557615
1.0000025113082995,-1.0000029519552127,-1.0000021663670182,-1.000002823144617,1.0000030793394108,1.00000258030478,-1.000002613898559,1.0000030793394104,1.000000001848821,-0.9999969941798608,0.9999983291199577,0.9999961634844321,1.0000031658825843,-1.0000032390096607,-1.0000032390096611,-1.0000026300174238,1.0000017544426276,-1.0000005753100245,0.9999998477361909,0.9999998477361907,-0.9999990523261288,-0.9999990523261267
-0.9999969251817048,0.9999973658253083,0.9999965802426836,0.9999972370170617,-0.9999974932078916,-0.9999969941798601,0.9999972370170589,-0.9999974932078908,-0.9999969941798608,0.9999999938437288,-0.9999925336998623,-0.9999903680650896,-0.9999975797403514,0.9999976528725326,0.9999976528725347,0.9999970438655161,-0.9999961682818812,0.9999949891415525,-0.9999942615644967,-0.9999942615644967,0.9999934661525857,0.9999934661525862
0.999998260121899,-0.999998700766173,-0.9999979151823839,-0.9999985719576037,0.9999988281490108,0.9999983291199577,-0.999998571957601,0.9999988281490089,0.9999983291199577,-0.9999925336998623,0.9999999957567316,0.9999919122503412,0.9999989146825232,-0.9999989878142984,-0.999998987814299,-0.999998378808127,0.9999975032245754,-0.9999963240839721,0.9999955965066057,0.9999955965066072,-0.9999945918481509,-0.999994591848148
0.9999960944862273,-0.9999965351294182,-0.9999957495475131,-0.9999964063213618,0.9999966625118495,0.9999961634844319,-0.9999964063213593,0.9999966625118493,0.9999961634844321,-0.9999903680650896,0.9999919122503412,0.9999999926533226,0.9999967490437167,-0.9999968221761176,-0.9999968221761176,-0.9999962131686863,0.9999953375850867,-0.9999941584450168,0.9999934308681984,0.999993430868197,-0.9999926354566342,-0.9999926354566342
1.0000030968857085,-1.000003537532742,-1.0000027519442745,-1.0000034087223475,1.000003664916859,1.000003165882585,-1.000003408722346,1.0000036649168582,1.0000031658825843,-0.9999975797403514,0.9999989146825232,0.9999967490437167,1.000000002687967,-1.000003615340329,-1.0000036153403304,-1.000003006344561,1.0000023400128983,-1.0000011608770956,1.0000004333015549,1.0000004333015549,-0.9999996378899191,-0.9999996378899197
-1.00000317001292,1.0000036106600414,1.00000282507144,1.0000034818495291,-1.0000035287981741,-1.000003239009661,1.0000034818495274,-1.0000037380442308,-1.0000032390096607,0.9999976528725326,-0.9999989878142984,-0.9999968221761176,-1.000003615340329,1.0000000027927607,1.0000038977140893,1.000003288719524,-1.0000024131426897,1.0000012340077855,-1.0000005064326918,-1.0000005064326927,0.9999997110214346,0.9999997110214344
-1.0000031700129215,1.000003610660043,1.0000028250714421,1.0000034818495296,-1.0000037380442308,-1.0000032390096607,1.000003481849528,-1.0000035287981768,-1.0000032390096611,0.9999976528725347,-0.999998987814299,-0.9999968221761176,-1.0000036153403304,1.0000038977140893,1.0000000027927607,1.0000032887195252,-1.0000024131426908,1.0000012340077862,-1.0000005064326936,-1.0000005064326942,0.9999997110214358,0.9999997110214353
-1.0000025610202594,1.0000030016669232,1.0000022160790616,1.0000028728568555,-1.0000031290508302,-1.0000026300174232,1.0000028728568526,-1.0000031290508284,-1.0000026300174238,0.9999970438655161,-0.999998378808127,-0.9999962131686863,-1.000003006344561,1.000003288719524,1.0000032887195252,1.0000000019200537,-1.0000015948957395,1.0000006250043592,-0.9999998974280562,-0.9999998974280572,0.9999991020158531,0.999999102015853
1.0000016854451685,-1.0000021260913026,-1.0000013405043326,-1.0000019972816265,1.0000022534749435,1.0000017544426263,-1.0000019972816239,1.0000022534749422,1.0000017544426276,-0.9999961682818812,0.9999975032245754,0.9999953375850867,1.0000023400128983,-1.0000024131426897,-1.0000024131426908,-1.0000015948957395,1.0000000006653254,-0.999999540175885,0.999999021845029,0.9999990218450283,-0.9999982264324422,-0.9999982264324428
-1.0000005063122803,1.0000009469577404,1.00000016137191,1.0000008181485083,-1.0000010743410697,-1.0000005753100232,1.0000008181485054,-1.0000010743410686,-1.0000005753100245,0.9999949891415525,-0.9999963240839721,-0.9999941584450168,-1.0000011608770956,1.0000012340077855,1.0000012340077862,1.0000006250043592,-0.999999540175885,0.9999999989755889,-0.9999976334585089,-0.9999976334585119,0.9999970472917975,0.999997047291798
0.9999997787383067,-1.0000002193833692,-0.9999994337982198,-1.0000000905743804,1.0000003467665235,0.9999998477361901,-1.0000000905743782,1.0000003467665228,0.9999998477361909,-0.9999942615644967,0.9999955965066057,0.9999934308681984,1.0000004333015549,-1.0000005064326918,-1.0000005064326936,-0.9999998974280562,0.999999021845029,-0.9999976334585089,0.9999999979329526,0.9999971151270793,-0.9999961104682585,-0.9999963197143175
0.999999778738308,-1.00000021938337,-0.9999994337982195,-1.00000009057438,1.0000003467665237,0.9999998477361898,-1.0000000905743784,1.0000003467665235,0.9999998477361907,-0.9999942615644967,0.9999955965066072,0.999993430868197,1.0000004333015549,-1.0000005064326927,-1.0000005064326942,-0.9999998974280572,0.9999990218450283,-0.9999976334585119,0.9999971151270793,0.9999999979329526,-0.9999963197143166,-0.999996110468264
-0.9999989833281382,0.9999994239727819,0.999998638388352,0.9999992951640231,-0.9999995513557619,-0.9999990523261278,0.9999992951640212,-0.9999995513557617,-0.9999990523261288,0.9999934661525857,-0.9999945918481509,-0.9999926354566342,-0.9999996378899191,0.9999997110214346,0.9999997110214358,0.9999991020158531,-0.9999982264324422,0.9999970472917975,-0.9999961104682585,-0.9999963197143166,0.9999999967931059,0.9999955243016952
-0.9999989833281387,0.9999994239727813,0.999998638388352,0.9999992951640236,-0.9999995513557619,-0.9999990523261288,0.9999992951640222,-0.9999995513557615,-0.9999990523261267,0.9999934661525862,-0.999994591848148,-0.9999926354566342,-0.9999996378899197,0.9999997110214344,0.9999997110214353,0.999999102015853,-0.9999982264324428,0.999997047291798,-0.9999963197143175,-0.999996110468264,0.9999955243016952,0.9999999967931059
