1.0000000135993339,-1.0000154817711926,1.000017162043653,1.000017162043662,-0.18000069934651758,-0.45203896596478915,0.7386364027576112,0.8997044760891296,-0.9959887390395408,-0.4521437516275714,0.8997527145103906,-0.17989384419368384,-0.9353509744604354,-0.9959827805764837,0.7385803296063614,1.0000054606061612,-0.9351471854683236,0.935160047573304,0.9351411465540943,-0.9351881814725964,-0.9351530938076801,-0.9351471854683132,0.9351600475733055,0.9351411465540869,-0.935188181472595,0.9351476778651759,-1.000011368570081,1.0000068861812013,1.000013837397273,-0.9959134457957112,-1.0000161620424215,-1.000016162042424,-0.935293583238062,0.9633720778473073,0.9352209211723127
-1.0000154817711926,1.000000010379875,-1.0000135684091571,-1.0000135684091633,0.17998361807082905,0.45205306609838164,-0.7386233075067098,-0.8997098440498369,0.9959849716545733,0.45215785062602254,-0.8997580806048133,0.17987676281177292,0.9353548586211611,0.9959790123607758,-0.738567233412614,-1.0000032088503636,0.9351510795121178,-0.9351639409178772,-0.9351450409555204,0.9351920734718714,0.9351569874869671,0.935151079512108,-0.9351639409178792,-0.9351450409555133,0.9351920734718706,-0.9351515718918725,1.000009114214984,-1.000004633828456,-1.000011581201299,0.9959127288150837,1.0000139050358452,1.0000139050358476,0.9352974701367677,-0.9633744485547178,-0.9352248115444155
1.000017162043653,-1.0000135684091571,1.0000000108712377,1.0000152492421694,-0.17996724971646336,-0.45206812084445847,0.7386123019615598,0.8997174447965584,-0.995983818381065,-0.45217290452266107,0.8997656796363991,-0.1798603940782995,-0.935361088907296,-0.9959778582533747,0.7385562267943953,1.0000035593015413,-0.9351573190136473,0.9351701797634138,0.9351512807939597,-0.9351983110640011,-0.9351632266444738,-0.9351573190136366,0.9351701797634167,0.9351512807939524,-0.9351983110640004,0.9351578113778152,-1.0000094621199485,1.0000049836950393,1.000011927298569,-0.9959145810234358,-1.0000129142673795,-1.000014250340292,-0.9353037029735064,0.9633792595709596,0.935231047617213
1.000017162043662,-1.0000135684091633,1.0000152492421694,1.0000000108712377,-0.17996724971646721,-0.45206812084445963,0.7386123019615666,0.8997174447965643,-0.9959838183810719,-0.45217290452266246,0.8997656796364041,-0.17986039407830334,-0.935361088907302,-0.9959778582533819,0.7385562267944031,1.0000035593015495,-0.9351573190136532,0.93517017976342,0.9351512807939659,-0.9351983110640071,-0.9351632266444804,-0.9351573190136431,0.9351701797634221,0.9351512807939584,-0.9351983110640059,0.9351578113778212,-1.0000094621199562,1.0000049836950462,1.0000119272985768,-0.9959145810234421,-1.0000142503402978,-1.0000129142673833,-0.9353037029735136,0.9633792595709655,0.9352310476172194
-0.18000069934651758,0.17998361807082905,-0.17996724971646336,-0.17996724971646721,0.9999999963831356,-0.7960576299984601,-0.7960491124917732,0.2674339664876879,0.2673805816005642,-0.7959878762794982,0.2673232021987458,0.9999958244524394,-0.1795874655971935,0.2674285128561123,-0.7961024239987682,-0.17962932841519266,-0.18017154306227126,0.1801302887764731,0.18019261819474744,-0.18005075830194814,-0.18015007238854755,-0.18017154306226818,0.18013028877647103,0.18019261819474253,-0.18005075830194844,0.18017051905884293,0.17978064572728886,-0.17966409853345353,-0.17988772771046138,0.09037003400958209,0.17993494477523123,0.17993494477522512,-0.17974931615108045,0.09039376647070446,0.17995463343339352
-0.45203896596478915,0.45205306609838164,-0.45206812084445847,-0.45206812084445963,-0.7960576299984601,0.9999999946883517,0.2674175190318197,-0.7960567815337135,0.3703223665451852,0.9999925541370205,-0.795987354363269,-0.7961255232941551,0.7383296997762652,0.37027523605856016,0.26749915005904973,-0.4523673516895392,0.7387339648217862,-0.7387044685044118,-0.738749360485851,0.7386496590038847,0.7387181301413976,0.7387339648217768,-0.7387044685044114,-0.7387493604858426,0.7386496590038844,-0.7387333391970216,0.4522337706321098,-0.45233669891477346,-0.4521381866419086,0.53079091391123,0.45209680001225827,0.45209680001226504,0.7384411572315259,-0.6746880778571842,-0.738582635284364
0.7386364027576112,-0.7386233075067098,0.7386123019615598,0.7386123019615666,-0.7960491124917732,0.2674175190318197,0.9999999983327448,0.37028668621865946,-0.7960371964009927,0.26730432942917104,0.3703922731793734,-0.795985319191457,-0.45242053012550143,-0.7960677139485739,0.9999987802615009,0.7383735231707791,-0.45189487368539466,0.45193105912242,0.451876715227667,-0.452002871696707,-0.4519132228716924,-0.45189487368539183,0.4519310591224221,0.45187671522766626,-0.45200287169670594,0.4518958783990166,-0.738480856714474,0.7383982284325276,0.7385557595566311,-0.6746859892305357,-0.7385895479437167,-0.7385895479437131,-0.45227430204236924,0.5307859444334095,0.45208889030219973
0.8997044760891296,-0.8997098440498369,0.8997174447965584,0.8997174447965643,0.2674339664876879,-0.7960567815337135,0.37028668621865946,0.9999999948921141,-0.8569796363666005,-0.7961292150638998,0.9999909351235633,0.26753903623625164,-0.9959282085910844,-0.8569538658729939,0.37020869454584554,0.8998559376774409,-0.995987773463219,0.9959820657912093,0.995991210221606,-0.9959743324384843,-0.9959840332755976,-0.995987773463208,0.9959820657912095,0.9959912102215975,-0.9959743324384837,0.9959878013912227,-0.899794576680158,0.8998419046165128,0.8997494765970098,-0.9354570938719688,-0.8997308007974021,-0.8997308007974066,-0.9959424766768558,0.983796200323005,0.995963746861343
-0.9959887390395408,0.9959849716545733,-0.995983818381065,-0.9959838183810719,0.2673805816005642,0.3703223665451852,-0.7960371964009927,-0.8569796363666005,0.9999999979768214,0.37043148564339895,-0.8570383116068708,0.26727599019648474,0.89989851495561,0.999995689701352,-0.7959883370241475,-0.9959415859903711,0.8996457034321711,-0.899662059356351,-0.8996378688081834,0.8996968605100505,0.8996534461654832,0.8996457034321609,-0.8996620593563535,-0.8996378688081765,0.89969686051005,-0.8996462790196352,0.9959611517238592,-0.9959448124291421,-0.9959733206357209,0.9838055384775644,0.995979897227351,0.995979897227352,0.8998275581608874,-0.9354690441282185,-0.899737684435315
-0.4521437516275714,0.45215785062602254,-0.45217290452266107,-0.45217290452266246,-0.7959878762794982,0.9999925541370205,0.26730432942917104,-0.7961292150638998,0.37043148564339895,0.9999999947051136,-0.7960571263068068,-0.7960531075343354,0.7384089278247685,0.37038435717716495,0.26738596297988076,-0.45247211603085213,0.7388131419959469,-0.7387836491262126,-0.7388285359493594,0.7387288465894558,0.7387973090352443,0.738813141995939,-0.7387836491262111,-0.7388285359493513,0.7387288465894558,-0.7388125164734816,0.4523385436969526,-0.45244146526652734,-0.4522429657164847,0.5308904712135598,0.4522015818538992,0.45220158185390635,0.7385203710951407,-0.6747747842925527,-0.7386618311666344
0.8997527145103906,-0.8997580806048133,0.8997656796363991,0.8997656796364041,0.2673232021987458,-0.795987354363269,0.3703922731793734,0.9999909351235633,-0.8570383116068708,-0.7960571263068068,0.9999999921924497,0.26742827497544325,-0.9959352829455251,-0.8570098738490141,0.3703142853496737,0.899904136550037,-0.9959961163447103,0.9959904133983998,0.9959995507045514,-0.9959826892539667,-0.9959923785934156,-0.9959961163446994,0.9959904133984021,0.9959995507045418,-0.9959826892539662,0.9959961443947906,-0.8998427916784607,0.8998901071956074,0.8997977029567379,-0.935495756188371,-0.8997790322027474,-0.8997790322027522,-0.9959522044326306,0.9838148402617624,0.995972114769815
-0.17989384419368384,0.17987676281177292,-0.1798603940782995,-0.17986039407830334,0.9999958244524394,-0.7961255232941551,-0.795985319191457,0.26753903623625164,0.26727599019648474,-0.7960531075343354,0.26742827497544325,0.9999999976717725,-0.17969465006903662,0.267323923108009,-0.7960359658328824,-0.1795224670405136,-0.18027871715485208,0.1802374634329642,0.1802997920580745,-0.18015793441442737,-0.1802572466879571,-0.1802787171548489,0.18023746343296215,0.1802997920580696,-0.1801579344144278,0.18027769318518597,0.17967378684621071,-0.17955723772423102,-0.17978087078444926,0.09026176810093114,0.1798280885749013,0.1798280885748952,-0.17985649764542824,0.09050219428532763,0.18006181116569142
-0.9353509744604354,0.9353548586211611,-0.935361088907296,-0.935361088907302,-0.1795874655971935,0.7383296997762652,-0.45242053012550143,-0.9959282085910844,0.89989851495561,0.7384089278247685,-0.9959352829455251,-0.17969465006903662,0.9999999908610491,0.8998753200197687,-0.45234576319378345,-0.9354709033979686,0.9999934139506472,-0.9999914417712357,-0.9999949532991285,0.9999909781684863,0.99999160178409,0.999993413950637,-0.9999914417712361,-0.9999949532991201,0.9999909781684851,-0.999993538148921,0.9354223979541699,-0.9354598257162099,-0.9353863602048368,0.9634763593926255,0.9353717057147412,0.9353717057147465,0.9999879875308505,-0.9959345082132443,-0.9999891532891081
-0.9959827805764837,0.9959790123607758,-0.9959778582533747,-0.9959778582533819,0.2674285128561123,0.37027523605856016,-0.7960677139485739,-0.8569538658729939,0.999995689701352,0.37038435717716495,-0.8570098738490141,0.267323923108009,0.8998753200197687,0.999999995879318,-0.7960161859029806,-0.9959342728575916,0.8996224819937921,-0.8996388398128717,-0.899614646393772,0.8996736445693849,0.8996302257250731,0.8996224819937824,-0.8996388398128728,-0.899614646393765,0.8996736445693849,-0.8996230576255296,0.9959551822358491,-0.9959401731808526,-0.9959673565320114,0.9837951025744123,0.995973935479168,0.99597393547917,0.8998043558948154,-0.9354499440001558,-0.8997144728683544
0.7385803296063614,-0.738567233412614,0.7385562267943953,0.7385562267944031,-0.7961024239987682,0.26749915005904973,0.9999987802615009,0.37020869454584554,-0.7959883370241475,0.26738596297988076,0.3703142853496737,-0.7960359658328824,-0.45234576319378345,-0.7960161859029806,0.9999999999332229,0.7383174271263282,-0.4518200830726722,0.4518562702856273,0.4518019236717484,-0.4519280860582058,-0.4518384332361526,-0.45182008307266763,0.45185627028562975,0.45180192367174776,-0.4519280860582055,0.45182108781814706,-0.738424769972728,0.738342134520789,0.7384996795145694,-0.6746244441556644,-0.738533470772385,-0.7385334707723827,-0.4521995286103656,0.5307150042786816,0.4520141086150185
1.0000054606061612,-1.0000032088503636,1.0000035593015413,1.0000035593015495,-0.17962932841519266,-0.4523673516895392,0.7383735231707791,0.8998559376774409,-0.9959415859903711,-0.45247211603085213,0.899904136550037,-0.1795224670405136,-0.9354709033979686,-0.9959342728575916,0.7383174271263282,0.99999999428673,-0.9352673257091232,0.9352801728078908,0.9352612944898407,-0.9353082779584464,-0.9352732261969412,-0.9352673257091132,0.9352801728078928,0.9352612944898334,-0.9353082779584456,0.9352678177462802,-0.9999978365774556,0.999993398333271,1.0000002647569215,-0.9959324422808539,-1.0000025715474925,-1.0000025715474945,-0.9354135706809741,0.9634595409496755,0.9353409828391279
-0.9351471854683236,0.9351510795121178,-0.9351573190136473,-0.9351573190136532,-0.18017154306227126,0.7387339648217862,-0.45189487368539466,-0.995987773463219,0.8996457034321711,0.7388131419959469,-0.9959961163447103,-0.18027871715485208,0.9999934139506472,0.8996224819937921,-0.4518200830726722,-0.9352673257091232,0.9999999999987421,-0.9999966653518896,-1.0000002140421451,0.9999974899909674,0.9999981733320196,0.9999999982371963,-0.9999980014248098,-1.0000015501150532,0.9999974899909669,-1.0000001218091448,0.9352187341292564,-0.935256228233426,-0.9351826355979473,0.9633236954107803,0.9351679541816731,0.9351679541816776,0.9999943181763453,-0.9958887612487662,-0.99999560742702
0.935160047573304,-0.9351639409178772,0.9351701797634138,0.93517017976342,0.1801302887764731,-0.7387044685044118,0.45193105912242,0.9959820657912093,-0.899662059356351,-0.7387836491262126,0.9959904133983998,0.1802374634329642,-0.9999914417712357,-0.8996388398128717,0.4518562702856273,0.9352801728078908,-0.9999966653518896,0.9999999971529059,0.9999995524213734,-0.9999941621927887,-0.9999948413430587,-0.9999980014247973,0.9999960063434336,0.9999995524213644,-0.9999954982657023,0.9999981250404094,-0.935231587344524,0.9352690767375617,0.9351954931321964,-0.9633329274393913,-0.9351808136272041,-0.935180813627209,-0.9999923391655959,0.9958905359396857,0.9999936197512339
0.9351411465540943,-0.9351450409555204,0.9351512807939597,0.9351512807939659,0.18019261819474744,-0.738749360485851,0.451876715227667,0.995991210221606,-0.8996378688081834,-0.7388285359493594,0.9959995507045514,0.1802997920580745,-0.9999949532991285,-0.899614646393772,0.4518019236717484,0.9352612944898407,-1.0000002140421451,0.9999995524213734,1.000000002211741,-0.999999039280683,-0.9999997247531056,-1.000001550115051,0.9999995524213748,1.0000031024418703,-0.9999990392806833,1.000001673664869,-0.9352126997737289,0.9352501962935893,0.9351765990268956,-0.9633195175648741,-0.9351619166308768,-0.9351619166308812,-0.9999958609990414,0.9958883930505956,0.9999971546565763
-0.9351881814725964,0.9351920734718714,-0.9351983110640011,-0.9351983110640071,-0.18005075830194814,0.7386496590038847,-0.452002871696707,-0.9959743324384843,0.8996968605100505,0.7387288465894558,-0.9959826892539667,-0.18015793441442737,0.9999909781684863,0.8996736445693849,-0.4519280860582058,-0.9353082779584464,0.9999974899909674,-0.9999941621927887,-0.999999039280683,0.9999999964331325,0.9999956677173729,0.9999974899909568,-0.9999954982657047,-0.9999990392806748,0.9999949967060532,-0.9999976136919168,0.9352597042143805,-0.9352971845811564,-0.9352236182711395,0.9633541047289712,0.935208942429827,0.9352089424298317,0.9999918622950884,-0.9958973368771832,-0.999991789979047
-0.9351530938076801,0.9351569874869671,-0.9351632266444738,-0.9351632266444804,-0.18015007238854755,0.7387181301413976,-0.4519132228716924,-0.9959840332755976,0.8996534461654832,0.7387973090352443,-0.9959923785934156,-0.1802572466879571,0.99999160178409,0.8996302257250731,-0.4518384332361526,-0.9352732261969412,0.9999981733320196,-0.9999948413430587,-0.9999997247531056,0.9999956677173729,0.9999999973971093,0.9999981733320077,-0.9999948413430606,-0.9999997247530976,0.9999956677173727,-0.9999969608534501,0.9352246378169642,-0.9352621294563631,-0.9351885415466564,0.9633277047223174,0.9351738611299254,0.9351738611299303,0.9999925024777282,-0.995888889413665,-0.9999937872481912
-0.9351471854683132,0.935151079512108,-0.9351573190136366,-0.9351573190136431,-0.18017154306226818,0.7387339648217768,-0.45189487368539183,-0.995987773463208,0.8996457034321609,0.738813141995939,-0.9959961163446994,-0.1802787171548489,0.999993413950637,0.8996224819937824,-0.45182008307266763,-0.9352673257091132,0.9999999982371963,-0.9999980014247973,-1.000001550115051,0.9999974899909568,0.9999981733320077,0.9999999999987418,-0.9999966653518844,-1.0000002140421265,0.9999974899909562,-1.000000121809134,0.9352187341292465,-0.9352562282334159,-0.9351826355979379,0.9633236954107696,0.935167954181663,0.935167954181669,0.9999943181763332,-0.9958887612487544,-0.9999956074270093
0.9351600475733055,-0.9351639409178792,0.9351701797634167,0.9351701797634221,0.18013028877647103,-0.7387044685044114,0.4519310591224221,0.9959820657912095,-0.8996620593563535,-0.7387836491262111,0.9959904133984021,0.18023746343296215,-0.9999914417712361,-0.8996388398128728,0.45185627028562975,0.9352801728078928,-0.9999980014248098,0.9999960063434336,0.9999995524213748,-0.9999954982657047,-0.9999948413430606,-0.9999966653518844,0.9999999971529059,0.9999995524213657,-0.9999941621927859,0.9999981250404106,-0.9352315873445259,0.9352690767375625,0.9351954931321985,-0.9633329274393944,-0.9351808136272063,-0.9351808136272111,-0.9999923391655969,0.9958905359396862,0.9999936197512352
0.9351411465540869,-0.9351450409555133,0.9351512807939524,0.9351512807939584,0.18019261819474253,-0.7387493604858426,0.45187671522766626,0.9959912102215975,-0.8996378688081765,-0.7388285359493513,0.9959995507045418,0.1802997920580696,-0.9999949532991201,-0.899614646393765,0.45180192367174776,0.9352612944898334,-1.0000015501150532,0.9999995524213644,1.0000031024418703,-0.9999990392806748,-0.9999997247530976,-1.0000002140421265,0.9999995524213657,1.000000002211741,-0.9999990392806754,1.0000016736648605,-0.9352126997737211,0.9352501962935825,0.9351765990268881,-0.9633195175648666,-0.9351619166308681,-0.9351619166308737,-0.9999958609990321,0.9958883930505867,0.9999971546565665
-0.935188181472595,0.9351920734718706,-0.9351983110640004,-0.9351983110640059,-0.18005075830194844,0.7386496590038844,-0.45200287169670594,-0.9959743324384837,0.89969686051005,0.7387288465894558,-0.9959826892539662,-0.1801579344144278,0.9999909781684851,0.8996736445693849,-0.4519280860582055,-0.9353082779584456,0.9999974899909669,-0.9999954982657023,-0.9999990392806833,0.9999949967060532,0.9999956677173727,0.9999974899909562,-0.9999941621927859,-0.9999990392806754,0.9999999964331325,-0.9999976136919162,0.9352597042143801,-0.9352971845811556,-0.9352236182711398,0.9633541047289698,0.9352089424298257,0.9352089424298313,0.9999918622950891,-0.9958973368771824,-0.9999917899790484
0.9351476778651759,-0.9351515718918725,0.9351578113778152,0.9351578113778212,0.18017051905884293,-0.7387333391970216,0.4518958783990166,0.9959878013912227,-0.8996462790196352,-0.7388125164734816,0.9959961443947906,0.18027769318518597,-0.999993538148921,-0.8996230576255296,0.45182108781814706,0.9352678177462802,-1.0000001218091448,0.9999981250404094,1.000001673664869,-0.9999976136919168,-0.9999969608534501,-1.000000121809134,0.9999981250404106,1.0000016736648605,-0.9999976136919162,1.000000000174933,-0.9352192263128818,0.9352567203041399,0.9351831278848709,-0.9633240998583804,-0.9351684465145582,-0.9351684465145624,-0.999994442200643,0.9958889805921732,0.9999957312307876
-1.000011368570081,1.000009114214984,-1.0000094621199485,-1.0000094621199562,0.17978064572728886,0.4522337706321098,-0.738480856714474,-0.899794576680158,0.9959611517238592,0.4523385436969526,-0.8998427916784607,0.17967378684621071,0.9354223979541699,0.9959551822358491,-0.738424769972728,-0.9999978365774556,0.9352187341292564,-0.935231587344524,-0.9352126997737289,0.9352597042143805,0.9352246378169642,0.9352187341292465,-0.9352315873445259,-0.9352126997737211,0.9352597042143801,-0.9352192263128818,1.000000002645283,-0.9999979182806673,-1.0000048192409607,0.9959258585078938,1.0000084693772704,1.0000084693772726,0.9353650413874334,-0.9634242683602492,-0.9352924232884494
1.0000068861812013,-1.000004633828456,1.0000049836950393,1.0000049836950462,-0.17966409853345353,-0.45233669891477346,0.7383982284325276,0.8998419046165128,-0.9959448124291421,-0.45244146526652734,0.8998901071956074,-0.17955723772423102,-0.9354598257162099,-0.9959401731808526,0.738342134520789,0.999993398333271,-0.935256228233426,0.9352690767375617,0.9352501962935893,-0.9352971845811564,-0.9352621294563631,-0.9352562282334159,0.9352690767375625,0.9352501962935825,-0.9352971845811556,0.9352567203041399,-0.9999979182806673,0.99999999630144,1.0000016863347996,-0.9959306913134768,-1.0000039947954835,-1.000003994795485,-0.9354024875184214,0.9634515047921969,0.935329892723392
1.000013837397273,-1.000011581201299,1.000011927298569,1.0000119272985768,-0.17988772771046138,-0.4521381866419086,0.7385557595566311,0.8997494765970098,-0.9959733206357209,-0.4522429657164847,0.8997977029567379,-0.17978087078444926,-0.9353863602048368,-0.9959673565320114,0.7384996795145694,1.0000002647569215,-0.9351826355979473,0.9351954931321964,0.9351765990268956,-0.9352236182711395,-0.9351885415466564,-0.9351826355979379,0.9351954931321985,0.9351765990268881,-0.9352236182711398,0.9351831278848709,-1.0000048192409607,1.0000016863347996,1.0000000061393772,-0.9959185205927752,-1.0000095949441106,-1.000009594944114,-0.93532898681032,0.9633975738684595,0.9352563473622404
-0.9959134457957112,0.9959127288150837,-0.9959145810234358,-0.9959145810234421,0.09037003400958209,0.53079091391123,-0.6746859892305357,-0.9354570938719688,0.9838055384775644,0.5308904712135598,-0.935495756188371,0.09026176810093114,0.9634763593926255,0.9837951025744123,-0.6746244441556644,-0.9959324422808539,0.9633236954107803,-0.9633329274393913,-0.9633195175648741,0.9633541047289712,0.9633277047223174,0.9633236954107696,-0.9633329274393944,-0.9633195175648666,0.9633541047289698,-0.9633240998583804,0.9959258585078938,-0.9959306913134768,-0.9959185205927752,0.999999993603454,0.9959165363875798,0.9959165363875819,0.9634331237084025,-0.983650340685419,-0.963378420570585
-1.0000161620424215,1.0000139050358452,-1.0000129142673795,-1.0000142503402978,0.17993494477523123,0.45209680001225827,-0.7385895479437167,-0.8997308007974021,0.995979897227351,0.4522015818538992,-0.8997790322027474,0.1798280885749013,0.9353717057147412,0.995973935479168,-0.738533470772385,-1.0000025715474925,0.9351679541816731,-0.9351808136272041,-0.9351619166308768,0.935208942429827,0.9351738611299254,0.935167954181663,-0.9351808136272063,-0.9351619166308681,0.9352089424298257,-0.9351684465145582,1.0000084693772704,-1.0000039947954835,-1.0000095949441106,0.9959165363875798,1.0000000094477564,1.0000132525045673,0.9353143248643907,-0.9633870545091757,-0.9352416759573842
-1.000016162042424,1.0000139050358476,-1.000014250340292,-1.0000129142673833,0.17993494477522512,0.45209680001226504,-0.7385895479437131,-0.8997308007974066,0.995979897227352,0.45220158185390635,-0.8997790322027522,0.1798280885748952,0.9353717057147465,0.99597393547917,-0.7385334707723827,-1.0000025715474945,0.9351679541816776,-0.935180813627209,-0.9351619166308812,0.9352089424298317,0.9351738611299303,0.935167954181669,-0.9351808136272111,-0.9351619166308737,0.9352089424298313,-0.9351684465145624,1.0000084693772726,-1.000003994795485,-1.000009594944114,0.9959165363875819,1.0000132525045673,1.0000000094477564,0.9353143248643963,-0.9633870545091803,-0.9352416759573879
-0.935293583238062,0.9352974701367677,-0.9353037029735064,-0.9353037029735136,-0.17974931615108045,0.7384411572315259,-0.45227430204236924,-0.9959424766768558,0.8998275581608874,0.7385203710951407,-0.9959522044326306,-0.17985649764542824,0.9999879875308505,0.8998043558948154,-0.4521995286103656,-0.9354135706809741,0.9999943181763453,-0.9999923391655959,-0.9999958609990414,0.9999918622950884,0.9999925024777282,0.9999943181763332,-0.9999923391655969,-0.9999958609990321,0.9999918622950891,-0.999994442200643,0.9353650413874334,-0.9354024875184214,-0.93532898681032,0.9634331237084025,0.9353143248643907,0.9353143248643963,0.9999999920307355,-0.9959205294986024,-0.9999886853430228
0.9633720778473073,-0.9633744485547178,0.9633792595709596,0.9633792595709655,0.09039376647070446,-0.6746880778571842,0.5307859444334095,0.983796200323005,-0.9354690441282185,-0.6747747842925527,0.9838148402617624,0.09050219428532763,-0.9959345082132443,-0.9354499440001558,0.5307150042786816,0.9634595409496755,-0.9958887612487662,0.9958905359396857,0.9958883930505956,-0.9958973368771832,-0.995888889413665,-0.9958887612487544,0.9958905359396862,0.9958883930505867,-0.9958973368771824,0.9958889805921732,-0.9634242683602492,0.9634515047921969,0.9633975738684595,-0.983650340685419,-0.9633870545091757,-0.9633870545091803,-0.9959205294986024,0.9999999914760903,0.9959042766800711
0.9352209211723127,-0.9352248115444155,0.935231047617213,0.9352310476172194,0.17995463343339352,-0.738582635284364,0.45208889030219973,0.995963746861343,-0.899737684435315,-0.7386618311666344,0.995972114769815,0.18006181116569142,-0.9999891532891081,-0.8997144728683544,0.4520141086150185,0.9353409828391279,-0.99999560742702,0.9999936197512339,0.9999971546565763,-0.999991789979047,-0.9999937872481912,-0.9999956074270093,0.9999936197512352,0.9999971546565665,-0.9999917899790484,0.9999957312307876,-0.9352924232884494,0.935329892723392,0.9352563473622404,-0.963378420570585,-0.9352416759573842,-0.9352416759573879,-0.9999886853430228,0.9959042766800711,0.9999999937726985
