0.9999999936592806,-0.999994613348344,-0.999989363275583,0.8089488502560555,0.8090281701838702,0.9999893434122562,0.9999893434122562,-0.8090210194587772,-0.30906414264475385,0.8088054962381359,-0.8088174683978688,-0.8087994346466857,0.8088267904965104,0.8088267904965109,-0.3089369143999666,-0.8089030088784849,0.8088600497290721,-0.8088410815540142,-0.8088410815540152
-0.999994613348344,0.9999999981283376,0.9999921374961395,-0.8089763261666535,-0.8090064032115757,-0.9999924503835927,-0.9999924503835942,0.8089989188688939,0.3090252684332978,-0.8088326443359748,0.8088446159790668,0.8088265830480468,-0.8088539377687987,-0.8088539377687975,0.30897771457195833,0.8089301530870805,-0.8088871956794834,0.8088682282842509,0.8088682282842503
-0.999989363275583,0.9999921374961395,0.9999999905882222,-0.8089280828618611,-0.8090454686512754,-0.9999875403032662,-0.9999875403032692,0.8090383179082062,0.3090942750537157,-0.8087847247885626,0.8087966973021401,0.8087786629832803,-0.8088060196020875,-0.8088060196020868,0.30890545682074444,0.8088822400957252,-0.8088392797375166,0.8088203110247708,0.8088203110247723
0.8089488502560555,-0.8089763261666535,-0.8089280828618611,0.9999999990532952,0.30894354154473963,0.8089219241148607,0.8089219241148604,-0.30893158120360525,0.30906746470907615,1.000001268006858,-1.0000011572303382,-1.000001297416977,1.0000016449862716,1.0000016449862716,-0.8090284993657426,-0.9999997547418815,1.000000483340005,-1.0000013665274503,-1.0000013665274514
0.8090281701838702,-0.8090064032115757,-0.8090454686512754,0.30894354154473963,0.9999999906759773,0.8090521326403902,0.8090521326403918,-0.9999877380620057,-0.8090176345093621,0.3087090211628786,-0.30872850170954114,-0.30869918481549796,0.3087430964450519,0.30874309644505105,0.30905765424993875,-0.3088686349327661,0.3087980686142631,-0.30876649664960165,-0.30876649664960126
0.9999893434122562,-0.9999924503835927,-0.9999875403032662,0.8089219241148607,0.8090521326403902,0.9999999910400922,0.9999875214285373,-0.8090449818935969,-0.3091047450136874,0.8087785643843586,-0.8087905370453925,-0.8087725024920025,0.8087998594331512,0.8087998594331509,-0.30889517978621345,-0.8088760807949819,0.8088331199430941,-0.8088141510093695,-0.8088141510093702
0.9999893434122562,-0.9999924503835942,-0.9999875403032692,0.8089219241148604,0.8090521326403918,0.9999875214285373,0.9999999910400922,-0.8090449818935991,-0.30910474501368823,0.80877856438436,-0.8087905370453937,-0.8087725024920017,0.8087998594331521,0.8087998594331521,-0.3088951797862135,-0.8088760807949823,0.808833119943095,-0.8088141510093698,-0.8088141510093712
-0.8090210194587772,0.8089989188688939,0.8090383179082062,-0.30893158120360525,-0.9999877380620057,-0.8090449818935969,-0.8090449818935991,0.9999999912361458,0.8090250830497974,-0.3086970610573217,0.30871654158454376,0.3086872247206335,-0.3087311363077801,-0.3087311363077789,-0.309069855966352,0.3088566746845465,-0.3087861084329597,0.30875453649479195,0.30875453649479156
-0.30906414264475385,0.3090252684332978,0.3090942750537157,0.30906746470907615,-0.8090176345093621,-0.3091047450136874,-0.30910474501368823,0.8090250830497974,0.9999999897280174,0.3093035849347231,-0.3092840357902227,-0.309313439509089,0.30926974237867344,0.30926974237867416,-0.809022882786204,-0.309142828728527,0.3092140519357168,-0.3092461699166509,-0.30924616991665244
0.8088054962381359,-0.8088326443359748,-0.8087847247885626,1.000001268006858,0.3087090211628786,0.8087785643843586,0.80877856438436,-0.3086970610573217,0.3093035849347231,1.0000000027792322,-1.0000040920692028,-1.0000042346933413,1.0000042451060418,1.000004245106042,-0.809175695774847,-1.0000020122860664,1.000003079504308,-1.000003964964978,-1.0000039649649788
-0.8088174683978688,0.8088446159790668,0.8087966973021401,-1.0000011572303382,-0.30872850170954114,-0.8087905370453925,-0.8087905370453937,0.30871654158454376,-0.3092840357902227,-1.0000040920692028,1.0000000026180231,1.0000037886143491,-1.0000044666734593,-1.0000044666734593,0.809163545159594,1.0000019010550678,-1.0000029677962174,1.0000038530388489,1.0000038530388484
-0.8087994346466857,0.8088265830480468,0.8087786629832803,-1.000001297416977,-0.30869918481549796,-0.8087725024920025,-0.8087725024920017,0.3086872247206335,-0.309313439509089,-1.0000042346933413,1.0000037886143491,1.0000000028227478,-1.000004275250574,-1.000004275250574,0.8091818044684608,1.0000020419542213,-1.000003109438486,1.00000399501998,1.0000039950199826
0.8088267904965104,-0.8088539377687987,-0.8088060196020875,1.0000016449862716,0.3087430964450519,0.8087998594331512,0.8087998594331521,-0.3087311363077801,0.30926974237867344,1.0000042451060418,-1.0000044666734593,-1.000004275250574,1.000000003317149,1.000004619886052,-0.8091550127039064,-1.0000023885086846,1.0000034549258865,-1.0000046736754062,-1.0000043400195684
0.8088267904965109,-0.8088539377687975,-0.8088060196020868,1.0000016449862716,0.30874309644505105,0.8087998594331509,0.8087998594331521,-0.3087311363077789,0.30926974237867416,1.000004245106042,-1.0000044666734593,-1.000004275250574,1.000004619886052,1.000000003317149,-0.8091550127039067,-1.000002388508685,1.000003454925887,-1.0000043400195675,-1.0000046736754042
-0.3089369143999666,0.30897771457195833,0.30890545682074444,-0.8090284993657426,0.30905765424993875,-0.30889517978621345,-0.3088951797862135,-0.309069855966352,-0.809022882786204,-0.809175695774847,0.809163545159594,0.8091818044684608,-0.8091550127039064,-0.8091550127039067,0.9999999914456841,0.8090752006571792,-0.8091198758902708,0.8091402718956152,0.8091402718956155
-0.8089030088784849,0.8089301530870805,0.8088822400957252,-0.9999997547418815,-0.3088686349327661,-0.8088760807949819,-0.8088760807949823,0.3088566746845465,-0.309142828728527,-1.0000020122860664,1.0000019010550678,1.0000020419542213,-1.0000023885086846,-1.000002388508685,0.8090752006571792,1.0000000001163247,-1.0000015593731408,1.0000021095659786,1.0000021095659792
0.8088600497290721,-0.8088871956794834,-0.8088392797375166,1.000000483340005,0.3087980686142631,0.8088331199430941,0.808833119943095,-0.3087861084329597,0.3092140519357168,1.000003079504308,-1.0000029677962174,-1.000003109438486,1.0000034549258865,1.000003454925887,-0.8091198758902708,-1.0000015593731408,1.0000000016449284,-1.0000035091266615,-1.0000035091266637
-0.8088410815540142,0.8088682282842509,0.8088203110247708,-1.0000013665274503,-0.30876649664960165,-0.8088141510093695,-0.8088141510093698,0.30875453649479195,-0.3092461699166509,-1.000003964964978,1.0000038530388489,1.00000399501998,-1.0000046736754062,-1.0000043400195675,0.8091402718956152,1.0000021095659786,-1.0000035091266615,1.0000000029153877,1.0000040603288505
-0.8088410815540152,0.8088682282842503,0.8088203110247723,-1.0000013665274514,-0.30876649664960126,-0.8088141510093702,-0.8088141510093712,0.30875453649479156,-0.30924616991665244,-1.0000039649649788,1.0000038530388484,1.0000039950199826,-1.0000043400195684,-1.0000046736754042,0.8091402718956155,1.0000021095659792,-1.0000035091266637,1.0000040603288505,1.0000000029153877
