0.999999999923462,-0.9999998714070198,-0.9999999059560516,0.9999999813622885,-0.9999999382504103,-1.0000000006182994,-0.9999999397487984,0.9999999707664956,0.9999998894023043,0.9999998736500655,-0.9999998491133141,-0.9999999728426284,0.999999917136226,1.0000000000441935,-0.9999998460913547,0.9999998031979216,-0.9999999680860964,0.9999999717723693,-1.0000000172060624,0.9999999999065373,-1.000000044025378,1.0000000339879038,1.000000047536684,-0.9999998773973561,0.9999999392612257,-1.0000000422458069,0.9999999969364043,-0.999999998037748,-0.9999999843462457,0.9999999999899297,0.9999999741666246,-1.000000006764886,-1.0000000527284651,1.000000057183254,1.0000000489031977,-1.000000055340749,-0.9999998585999819,0.9999998754970191,0.9999998627193525,0.9999998627193528,0.9999999246242834,-0.9999998979970997,-0.9999999866650594,-1.0000000220610177,-0.9999999561516727,-0.9999999845253901,1.0000000304075076,-0.9999997497719163,0.9999998019512573,1.000000014225111,-1.000000053317688,0.9999999425713842,-0.999999988897607,1.0000000216404954,-0.999999999763104,-1.0000000379944654,1.000000038879489,-1.00000008917971,1.0000000883091227
-0.9999998714070198,0.9999999998755272,0.999999859565591,-0.9999999480507169,0.999999904863325,0.999999967388552,0.9999999058915808,-0.9999999369561904,-0.9999998555286036,-0.99999984015281,0.9999998156819802,0.9999999395422146,-0.9999998837651046,-0.9999999668180684,0.9999998122152626,-0.9999997821801428,0.9999999343206321,-0.9999999380211221,0.9999999840454656,-0.9999999667987921,1.0000000103691047,-1.0000000003037457,-1.0000000138922382,0.9999998436392651,-0.9999999055215032,1.0000000085587906,-0.9999999638477256,0.9999999649291231,0.9999999506939394,-0.9999999663452963,-0.9999999405138064,0.9999999731207725,1.0000000191633902,-1.0000000236146374,-1.0000000153382473,1.0000000217721696,0.9999998247599556,-0.999999854496206,-0.9999998288730261,-0.9999998288730262,-0.9999998911459919,0.9999998641294159,0.9999999528754402,0.9999999883366711,0.9999999224141285,0.9999999507578868,-0.9999999966654635,0.999999715893903,-0.9999997685168157,-0.9999999810620124,1.0000000195929237,-0.9999999088390749,0.9999999552074341,-0.9999999879533689,0.9999999666753253,1.0000000043947492,-1.0000000052798412,1.000000055619863,-1.000000054749282
-0.9999999059560516,0.999999859565591,0.9999999999245822,-0.9999999817880629,0.9999999387649858,1.0000000009483438,0.9999999408159255,-0.9999999717787802,-0.9999998904890565,-0.999999887129089,0.9999998496799579,0.9999999732553697,-0.9999999176321437,-1.0000000003700102,0.9999998471807907,-0.9999998042602866,0.9999999690459839,-0.9999999727161495,1.0000000174550208,-1.0000000000937916,1.0000000448584279,-1.0000000348534426,-1.0000000483558105,0.9999998783474767,-0.9999999401904055,1.0000000431143268,-0.9999999971009575,0.9999999982260286,0.9999999851725129,-1.000000000807725,-0.9999999749934311,1.00000000758204,1.0000000534528106,-1.000000057912152,-1.0000000496273849,1.0000000560695914,0.9999998596484332,-0.9999998765400394,-0.9999998637750386,-0.9999998637750388,-0.9999999380809167,0.9999998990769232,0.9999999876532322,1.000000022973246,0.9999999570794432,0.9999999854874124,-1.000000031339855,0.9999997508633863,-0.9999998025211662,-1.0000000144769874,1.0000000542293062,-0.9999999434929379,0.9999999897687856,-1.0000000225080858,0.9999999999266087,1.0000000387598107,-1.0000000396447475,1.0000000898982029,-1.0000000890276088
0.9999999813622885,-0.9999999480507169,-0.9999999817880629,1.0000000000491591,-1.0000000391817567,-1.0000001010172734,-1.0000000294394848,1.0000000602989916,0.9999999791496511,0.9999999621195834,-0.9999999373597442,-1.000000060645075,1.000000005178672,1.0000000875958865,-0.9999999358464167,0.9999998928748652,-1.0000000574673438,1.0000000611072946,-1.0000001045360074,1.0000000870584447,-1.0000001330409714,1.0000001230972246,1.0000001365120377,-0.9999999667500975,1.0000000285537973,-1.0000001313635913,1.0000000840226813,-1.0000000851926152,-1.0000000733417014,1.0000000889611633,1.000000063163626,-1.0000000957342663,-1.0000001414299646,1.0000001458980383,1.0000001376042367,-1.0000001440553743,-0.9999999482369768,0.9999999651183372,0.9999999523771621,0.9999999523771622,1.0000000130291993,-0.9999999877245247,-1.0000000761280279,-1.0000001113050279,-1.00000004544039,-1.0000000739128692,1.0000001197094202,-0.9999998395326603,0.9999998902069319,1.0000001015634676,-1.000000142559673,1.0000000318420408,-1.0000000780229137,1.000000110755451,-1.000000086846352,-1.0000001268144811,1.000000127699248,-1.0000001778644816,1.0000001769938671
-0.9999999382504103,0.999999904863325,0.9999999387649858,-1.0000000391817567,0.9999999999882357,1.0000000453824747,0.9999999862091485,-1.0000000171006806,-0.9999999359078714,-0.9999999191364929,0.999999894421829,1.00000001779704,-0.9999999751171302,-1.0000000447986415,0.9999998926030675,-0.999999849647351,1.0000000142996759,-1.000000017949027,1.0000000617836595,-1.0000000443421682,1.0000000899474115,-1.0000000799846667,-1.0000000934266382,0.9999999235881224,-0.9999999854040269,1.0000000882493163,-1.0000000413196877,1.0000000424757403,1.0000000302520735,-1.000000045876454,-1.0000000200736845,1.0000000526499313,1.000000098399881,-1.0000001028652756,-1.000000094574247,1.0000001010226414,0.9999999050176102,-0.9999999219021062,-0.999999909153576,-0.9999999091535767,-0.9999999828942625,0.9999999444867832,1.0000000329437944,1.0000000681651529,1.000000002291477,1.0000000307438988,-1.000000076557786,0.9999997962881666,-0.9999998472671336,-1.0000000588094178,1.0000000994201472,-0.9999999886967947,1.0000000349069997,-1.0000000676416394,1.000000044143972,1.000000083760393,-1.0000000846452117,1.0000001348377863,-1.000000133967179
-1.0000000006182994,0.999999967388552,1.0000000009483438,-1.0000001010172734,1.0000000453824747,1.0000000000760827,1.0000000488229812,-1.0000000796482889,-0.9999999985457394,-0.9999999812366562,0.9999999564283224,1.0000000796168256,-1.0000000242028344,-1.0000001193484187,0.9999999552440594,-0.9999999122556892,1.0000000767839095,-1.0000000804143723,1.0000001234052474,-1.0000001058892445,1.0000001522792579,-1.0000001423556983,-1.000000155741502,0.9999999860593639,-1.0000000478506264,1.0000001506235023,-1.0000001028388492,1.0000001040240531,1.0000000925735235,-1.0000001081882892,-1.0000000823957234,1.0000001149609545,1.0000001605982731,-1.0000001650696662,-1.000000156772435,1.000000163226956,0.9999999676102187,-0.9999999844876407,-0.9999999717547492,-0.999999971754749,-1.0000000321320828,1.000000007116415,1.0000000954623585,1.0000001305923762,1.0000000647374727,1.000000093230597,-1.0000001390087325,0.9999998589312719,-0.999999909277105,-1.0000001332695951,1.0000001618454977,-1.0000000511350757,1.0000000972835155,-1.0000001300137868,1.0000001056618666,1.0000001460089891,-1.000000146893686,1.000000197029469,-1.0000001961588452
-0.9999999397487984,0.9999999058915808,0.9999999408159255,-1.0000000294394848,0.9999999862091485,1.0000000488229812,0.9999999999907444,-1.0000000308966779,-0.9999999494330365,-0.9999999214364307,0.9999998970027763,1.0000000209372035,-0.9999999651198449,-1.0000000482545148,0.9999998932834975,-0.9999998504261106,1.0000000154512714,-1.0000000191586373,1.0000000655188868,-1.0000000483015696,1.000000091558983,-1.0000000814782228,-1.0000000950889725,0.9999999247763021,-0.9999999866675647,1.0000000897324328,-1.0000000453620006,1.0000000464314138,1.0000000318902595,-1.0000000475447886,-1.0000000217099363,1.0000000543205954,1.0000001004081382,-1.0000001048565326,-1.0000000965830873,1.000000103014103,0.9999999058463671,-0.9999999227506837,-0.999999909956291,-0.999999909956291,-0.999999972440468,0.9999999452019024,1.0000000339923032,1.0000000694892235,1.0000000035594245,1.0000000318876132,-1.000000077809198,0.9999997969616771,-0.9999998498367645,-1.0000000625340506,1.0000001007473156,-0.9999999899876573,1.0000000363811972,-1.0000000691288462,1.0000000481900968,1.0000000856190785,-1.0000000865042253,1.0000001368668963,-1.0000001359963264
0.9999999707664956,-0.9999999369561904,-0.9999999717787802,1.0000000602989916,-1.0000000171006806,-1.0000000796482889,-1.0000000308966779,1.0000000000349025,0.9999999676959339,0.9999999523745783,-0.9999999279131958,-1.0000000517920904,0.9999999960047531,1.0000000790783268,-0.9999999243823614,0.9999998815153713,-1.0000000465040768,1.0000000502059752,-1.0000000963151532,1.000000079075899,-1.0000001225670272,1.0000001124977593,1.0000001260920268,-0.9999999558250157,1.0000000177090582,-1.0000001207528297,1.0000000761280228,-1.0000000772061075,-1.000000062894742,1.0000000785465002,1.0000000527145574,-1.000000085322043,-1.0000001313762945,1.0000001358265316,1.000000127551182,-1.0000001339840752,-0.9999999369314858,0.9999999538333784,0.9999999410439733,0.9999999410439733,1.0000000033704146,-0.9999999762974836,-1.0000000778902054,-1.0000001005252188,-1.0000000346011684,-1.0000000757760188,1.000000108852007,-0.9999998280612004,0.9999998807482043,1.0000000933313478,-1.0000001317824478,1.0000000210271895,-1.0000000674019853,1.0000001001483163,-1.0000000789557464,-1.0000001166021253,1.0000001174872268,-1.0000001678330934,1.0000001669625167
0.9999998894023043,-0.9999998555286036,-0.9999998904890565,0.9999999791496511,-0.9999999359078714,-0.9999999985457394,-0.9999999494330365,0.9999999676959339,0.9999999999191761,0.9999998711183069,-0.9999998466947064,-0.9999999706490731,0.9999999148210065,0.9999999979778295,-0.9999998557429611,0.999999800054104,-0.9999999650923495,0.9999999688021785,-1.0000000152521686,0.9999999980429977,-1.0000000412172507,1.0000000311321886,1.0000000447489772,-0.9999998744179474,0.9999999363123693,-1.0000000393857633,0.9999999951061294,-0.9999999961727042,-0.9999999815480799,0.9999999972040867,0.9999999713676635,-1.000000003979974,-1.0000000500794344,1.0000000545275174,1.000000046254397,-1.0000000526850894,-0.9999998554766555,0.9999998723814915,0.9999998595854811,0.9999998595854817,0.9999999221252341,-0.9999999076627516,-0.9999999836298021,-1.000000019136911,-0.9999999532049735,-0.9999999815283908,1.0000000274539287,-0.9999997465855812,0.9999997995279536,1.0000000122669466,-1.0000000503944486,0.9999999396338777,-0.9999999860335974,1.000000018781723,-0.9999999979343634,-1.0000000352853406,1.0000000361704937,-1.0000000865391723,1.0000000856685993
0.9999998736500655,-0.99999984015281,-0.999999887129089,0.9999999621195834,-0.9999999191364929,-0.9999999812366562,-0.9999999214364307,0.9999999523745783,0.9999998711183069,0.9999999998968,-0.9999998429100564,-0.9999999535810216,0.999999897995244,0.9999999806564156,-0.9999998278112785,0.9999997848785389,-0.9999999496182457,0.9999999532809721,-0.9999999977068039,0.9999999803177212,-1.0000000253731942,1.0000000153828803,1.0000000288643482,-0.9999998589157,0.9999999207489618,-1.0000000236452284,0.9999999773147854,-0.9999999784504222,-0.999999965684898,0.9999999813161022,0.9999999555060669,-0.9999999880901256,-1.0000000339191586,1.000000038380412,1.000000030093665,-1.0000000365378277,-0.9999998402602303,0.9999998571494396,0.9999998443901886,0.9999998443901892,0.9999999056655879,-0.9999998797030191,-0.9999999682381605,-1.0000000035238188,-0.9999999376371161,-0.9999999660606248,1.000000011899648,-0.9999997314949178,0.9999997829178278,0.9999999947300865,-1.0000000347799025,0.9999999240478925,-0.9999999703011827,1.0000000030388538,-0.9999999801399603,-1.0000000192444825,1.0000000201293782,-1.0000000703617986,1.0000000694911997
-0.9999998491133141,0.9999998156819802,0.9999998496799579,-0.9999999373597442,0.999999894421829,0.9999999564283224,0.9999998970027763,-0.9999999279131958,-0.9999998466947064,-0.9999998429100564,0.9999999998617525,0.9999999288145964,-0.9999998861062271,-0.9999999558459474,0.9999998033889926,-0.9999997604425925,0.9999999251304147,-0.999999928785164,0.9999999728573323,-0.9999999554370596,1.00000000082142,-0.9999999908475101,-1.000000004305503,0.9999998344225702,-0.9999998962453795,0.9999999991112338,-0.9999999524224941,0.9999999535702794,0.9999999411290078,-0.9999999567560766,-0.9999999309504246,0.9999999635297556,1.0000000093116743,-1.0000000137753677,-1.0000000054860971,1.000000011932754,0.9999998158176959,-0.9999998327038743,-0.9999998199512922,-0.9999998199512925,-0.9999998810052342,0.9999998552759426,0.9999999437646154,0.99999997901197,0.9999999131332519,0.9999999415737446,-0.9999999873977699,0.9999997070736296,-0.9999997710663513,-0.9999999698820866,1.0000000102673527,-0.9999998995408755,0.9999999457682134,-0.9999999785040464,0.9999999552471378,0.9999999946579208,-0.9999999955427653,1.000000045751423,-1.0000000448808177
-0.9999999728426284,0.9999999395422146,0.9999999732553697,-1.000000060645075,1.00000001779704,1.0000000796168256,1.0000000209372035,-1.0000000517920904,-0.9999999706490731,-0.9999999535810216,0.9999999288145964,1.0000000000370008,-1.000000009462535,-1.0000000918652419,0.9999999273460463,-0.9999998843722181,1.0000000489560514,-1.0000000525947161,1.0000000959637436,-1.0000000784809786,1.0000001245190682,-1.0000001145780493,-1.000000127988947,0.9999999582378236,-1.0000000200398205,1.0000001228446125,-1.0000000754432359,1.0000000766152375,1.0000000648189313,-1.0000000804377476,-1.0000000546408894,1.000000087210786,1.0000001328985757,-1.000000137367096,-1.0000001290728313,1.0000001355244243,0.9999999397333722,-0.9999999566141425,-0.9999999438741602,-0.9999999438741601,-1.0000000044886834,0.9999999792233777,1.0000000676191123,1.0000001027897538,1.0000000369264865,1.0000000654017,-1.000000111195756,0.9999998310324417,-0.9999998816620225,-1.00000009299145,1.0000001340441795,-1.0000000233276138,1.0000000695040223,-1.000000102236246,1.0000000782668188,1.0000001182866385,-1.000000119171392,1.0000001693326308,-1.0000001684620157
0.999999917136226,-0.9999998837651046,-0.9999999176321437,1.000000005178672,-0.9999999751171302,-1.0000000242028344,-0.9999999651198449,0.9999999960047531,0.9999999148210065,0.999999897995244,-0.9999998861062271,-1.000000009462535,0.9999999999581751,1.0000000236184925,-0.9999998715165038,0.9999998285575233,-0.9999999931974581,0.999999996844949,-1.0000000405941398,1.0000000231451909,-1.000000068829969,1.0000000588711313,1.0000000723074993,-0.9999999024845186,0.9999999642979567,-1.0000000671360743,1.000000020119888,-1.0000000212788862,-1.0000000091334242,1.0000000247568563,0.9999999989550811,-1.0000000315302429,-1.0000000772688746,1.0000000817348915,1.0000000734432202,-1.0000000798922508,-0.9999998839263821,0.999999900810041,0.9999998880632228,0.9999998880632232,0.9999999489151467,-0.999999923399101,-1.0000000118449772,-1.0000000470572088,-0.9999999811855017,-1.000000009641851,1.000000055452158,-0.9999997752018353,0.9999998261168075,1.0000000376202474,-1.0000000783119072,0.9999999675900718,-1.0000000137938887,1.0000000465280787,-1.000000022944046,-1.0000000626344456,1.0000000635192474,-1.0000001137061079,1.000000112835498
1.0000000000441935,-0.9999999668180684,-1.0000000003700102,1.0000000875958865,-1.0000000447986415,-1.0000001193484187,-1.0000000482545148,1.0000000790783268,0.9999999979778295,0.9999999806564156,-0.9999999558459474,-1.0000000918652419,1.0000000236184925,1.0000000000752458,-0.9999999546762155,0.9999999116871083,-1.0000000762125214,1.0000000798425732,-1.000000135649149,1.0000001052963867,-1.0000001517044352,1.00000014178176,1.000000155166291,-0.9999999854876495,1.0000000472783648,-1.0000001500496234,1.0000001022453429,-1.0000001034312211,-1.000000091998407,1.000000107612966,1.0000000818206165,-1.0000001143856108,-1.00000016002036,1.0000001644919019,1.0000001561945167,-1.0000001626491903,-0.9999999670413295,0.9999999839185578,0.9999999711860555,0.9999999711860555,1.0000000315512083,-1.00000000654832,-1.0000000948917438,-1.0000001300197,-1.00000006416524,-1.0000000926592503,1.000000138436578,-0.9999998583634729,0.9999999086948023,1.0000001198434274,-1.0000001612727447,1.000000050562671,-1.0000000967096618,1.000000129439831,-1.0000001050683323,-1.000000145432233,1.0000001463169257,-1.0000001964514111,1.0000001955807873
-0.9999998460913547,0.9999998122152626,0.9999998471807907,-0.9999999358464167,0.9999998926030675,0.9999999552440594,0.9999998932834975,-0.9999999243823614,-0.9999998557429611,-0.9999998278112785,0.9999998033889926,0.9999999273460463,-0.9999998715165038,-0.9999999546762155,0.9999999998576365,-0.9999997695747123,0.9999999217796494,-0.9999999254895756,0.9999999719518652,-0.9999999547436709,0.9999999979063472,-0.9999999878207849,-1.0000000014383361,0.9999998311057465,-0.999999893000327,0.9999999960744286,-0.9999999518072983,0.9999999528733646,0.9999999382379247,-0.9999999538939025,-0.9999999280575167,0.9999999606698069,1.0000000067708967,-1.0000000112187715,-1.0000000029458662,1.0000000093763464,0.9999998121621181,-0.999999829067181,-0.9999998162708792,-0.9999998162708792,-0.9999998788186192,0.9999998515128754,0.9999999403166028,0.9999999758248269,0.9999999098926424,0.9999999382156946,-0.999999984141684,0.9999997032707486,-0.9999997562223192,-0.9999999689665988,1.0000000070826927,-0.9999998963216975,0.9999999427225008,-0.999999975470688,0.9999999546355535,0.9999999919759704,-0.9999999928611284,1.000000043230633,-1.0000000423600617
0.9999998031979216,-0.9999997821801428,-0.9999998042602866,0.9999998928748652,-0.999999849647351,-0.9999999122556892,-0.9999998504261106,0.9999998815153713,0.999999800054104,0.9999997848785389,-0.9999997604425925,-0.9999998843722181,0.9999998285575233,0.9999999116871083,-0.9999997695747123,0.9999999997967497,-0.9999998789034938,0.9999998826108454,-0.9999999289491531,0.999999911730189,-0.9999999550083113,0.9999999449284026,0.9999999585378152,-0.999999788227383,0.9999998501185253,-0.9999999531823899,0.9999999087896395,-0.9999999098600602,-0.9999998953377505,0.9999999109924697,0.9999998851574075,-0.9999999177682469,-0.9999999638528614,0.999999968301732,0.9999999600278016,-0.9999999664592936,-0.9999997693021382,0.9999997862059493,0.9999997734121009,0.9999997734121007,0.9999998358818282,-0.9999998086579225,-0.999999897445419,-0.9999999329404972,-0.9999998670111148,-0.9999998953397996,0.9999999412606185,-0.9999996732527374,0.9999997132763245,0.9999999259643951,-0.9999999641977481,0.9999998534390376,-0.9999998998304933,0.9999999325780307,-0.9999999116177086,-0.9999999490653665,0.999999949950503,-1.0000000003116905,0.999999999441116
-0.9999999680860964,0.9999999343206321,0.9999999690459839,-1.0000000574673438,1.0000000142996759,1.0000000767839095,1.0000000154512714,-1.0000000465040768,-0.9999999650923495,-0.9999999496182457,0.9999999251304147,1.0000000489560514,-0.9999999931974581,-1.0000000762125214,0.9999999217796494,-0.9999998789034938,1.000000000031155,-1.0000000603893018,1.0000000934230207,-1.0000000761628163,1.000000119877472,-1.0000001098192446,-1.0000001233977047,0.999999953175185,-1.0000000150520978,1.0000001180751734,-1.0000000732070817,1.0000000742933728,1.0000000602026324,-1.0000000758515863,-1.000000050022589,1.0000000826268602,1.0000001286493263,-1.0000001331012358,-1.0000001248241621,1.0000001312587572,0.9999999343155379,-0.9999999512150827,-0.999999938430532,-0.9999999384305315,-1.0000000006061522,0.9999999736915401,1.0000000624181606,1.0000000978625454,1.0000000319441582,1.000000060295045,-1.0000001061959778,0.999999825459279,-0.9999998779665693,-1.0000000904402027,1.000000129119214,-1.0000000183681543,1.0000000647252307,-1.000000097470249,1.0000000760344463,1.0000001138893033,-1.00000011477436,1.0000001651041344,-1.0000001642335512
0.9999999717723693,-0.9999999380211221,-0.9999999727161495,1.0000000611072946,-1.000000017949027,-1.0000000804143723,-1.0000000191586373,1.0000000502059752,0.9999999688021785,0.9999999532809721,-0.999999928785164,-1.0000000525947161,0.999999996844949,1.0000000798425732,-0.9999999254895756,0.9999998826108454,-1.0000000603893018,1.0000000000364067,-1.0000000970451497,1.0000000797789264,-1.0000001235628122,1.0000001135076562,1.0000001270814893,-0.9999999568689578,1.0000000187447375,-1.0000001217633196,1.0000000768203043,-1.0000000779095786,-1.0000000638839486,1.000000079532903,1.000000053703883,-1.0000000863080827,-1.000000132320757,1.0000001367737752,1.0000001284955606,-1.0000001349312775,-0.9999999380229171,0.999999954921271,0.9999999421383643,0.9999999421383641,1.000000004266463,-0.9999999774008702,-1.0000000789528356,-1.0000001143902437,-1.0000000484733191,-1.0000000639916096,1.0000001098897695,-0.9999998291689345,0.9999998816209661,1.000000094062609,-1.0000001328101744,1.000000022061353,-1.0000000684120829,1.0000001011567494,-1.0000000796475697,-1.0000001175656068,1.000000118450642,-1.0000001687754725,1.0000001679048847
-1.0000000172060624,0.9999999840454656,1.0000000174550208,-1.0000001045360074,1.0000000617836595,1.0000001234052474,1.0000000655188868,-1.0000000963151532,-1.0000000152521686,-0.9999999977068039,0.9999999728573323,1.0000000959637436,-1.0000000405941398,-1.000000135649149,0.9999999719518652,-0.9999999289491531,1.0000000934230207,-1.0000000970451497,1.000000000099214,-1.0000001349514536,1.0000001688513624,-1.0000001589450107,-1.000000172306161,1.0000000026928917,-1.0000000644732558,1.0000001672142196,-1.0000001190537475,1.0000001202517248,1.000000109141277,-1.0000001247517631,-1.000000098963732,1.000000131524065,1.0000001771119422,-1.0000001815859378,-1.000000173286019,1.0000001797431952,0.9999999842968109,-1.0000000011710695,-0.9999999884451424,-0.9999999884451435,-1.00000004859021,1.0000000238192162,1.000000112116486,1.0000001472063782,1.0000000813598071,1.0000001098707587,-1.0000001556331775,0.9999998756400584,-0.9999999257077078,-1.000000136695908,1.0000001784587396,-1.0000000677540706,1.000000113875366,-1.0000001466037027,1.0000001218762107,1.0000001625446704,-1.000000163429313,1.000000213540154,-1.0000002126695244
0.9999999999065373,-0.9999999667987921,-1.0000000000937916,1.0000000870584447,-1.0000000443421682,-1.0000001058892445,-1.0000000483015696,1.000000079075899,0.9999999980429977,0.9999999803177212,-0.9999999554370596,-1.0000000784809786,1.0000000231451909,1.0000001052963867,-0.9999999547436709,0.999999911730189,-1.0000000761628163,1.0000000797789264,-1.0000001349514536,1.0000000000742646,-1.0000001515409507,1.0000001416475475,1.0000001549900783,-0.9999999854278981,1.000000047200294,-1.0000001499176223,1.000000101470918,-1.0000001155138372,-1.0000000918264844,1.000000107433994,1.0000000816491001,-1.0000001142060007,-1.000000159756313,1.0000001642324916,1.0000001559303167,-1.0000001623897181,-0.9999999670732195,0.999999983944767,0.9999999712243447,0.999999971224345,1.0000000311919184,-1.0000000066073504,-1.0000000948676404,-1.000000129927411,-1.00000006408721,-1.0000000926112118,1.0000001383617971,-0.9999998584325229,0.9999999082884514,1.00000011914835,-1.0000001611786202,1.000000050478903,-1.0000000965791018,1.0000001293059595,-1.000000117128041,-1.0000001452059275,1.000000146090523,-1.0000001961823972,1.0000001953117597
-1.000000044025378,1.0000000103691047,1.0000000448584279,-1.0000001330409714,1.0000000899474115,1.0000001522792579,1.000000091558983,-1.0000001225670272,-1.0000000412172507,-1.0000000253731942,1.00000000082142,1.0000001245190682,-1.000000068829969,-1.0000001517044352,0.9999999979063472,-0.9999999550083113,1.000000119877472,-1.0000001235628122,1.0000001688513624,-1.0000001515409507,1.0000000001390885,-1.0000001985998035,-1.0000002121400977,1.0000000291829472,-1.000000091044994,1.0000001940216399,-1.0000001485650676,1.0000001496723339,1.0000001361087414,-1.0000001517528365,-1.0000001259289542,1.0000001585274882,1.000000204472548,-1.0000002089298219,-1.0000002006472188,1.0000002070872684,1.000000010412396,-1.0000000273059089,-1.000000014532652,-1.0000000145326515,-1.0000000763422239,1.0000000498112047,1.0000001384616384,1.0000001738453443,1.000000107939515,1.0000001363162359,-1.0000001821932794,0.9999999015864919,-0.9999999536586351,-1.0000001658709,1.0000002050977352,-1.0000000943577485,1.000000140670687,-1.0000001734127097,1.0000001513915804,1.0000001897481368,-1.0000001906330864,1.0000002409237663,-1.0000002400531642
1.0000000339879038,-1.0000000003037457,-1.0000000348534426,1.0000001230972246,-1.0000000799846667,-1.0000001423556983,-1.0000000814782228,1.0000001124977593,1.0000000311321886,1.0000000153828803,-0.9999999908475101,-1.0000001145780493,1.0000000588711313,1.00000014178176,-0.9999999878207849,0.9999999449284026,-1.0000001098192446,1.0000001135076562,-1.0000001589450107,1.0000001416475475,-1.0000001985998035,1.0000000001248308,1.0000001892760941,-1.0000000191273295,1.0000000809934597,-1.0000001968175882,1.0000001386767068,-1.0000001397787166,-1.0000001260792848,1.0000001417248408,1.0000001158994165,-1.000000148499653,-1.0000001944645323,1.0000001989205756,1.0000001906392397,-1.0000001970780386,-1.0000000003348202,1.0000000172297878,1.0000000044536494,1.0000000044536497,1.0000000663567705,-1.000000039727549,-1.000000128397398,-1.0000001766319424,-1.0000000978877195,-1.0000001262576177,1.0000001721408678,-0.9999998915006522,0.9999999436842675,1.0000001559639393,-1.000000195049977,1.0000000843073553,-1.0000001306313708,1.0000001633741846,-1.0000001415034432,-1.0000001797311275,1.0000001806161034,-1.0000002309168052,1.000000230046205
1.000000047536684,-1.0000000138922382,-1.0000000483558105,1.0000001365120377,-1.0000000934266382,-1.000000155741502,-1.0000000950889725,1.0000001260920268,1.0000000447489772,1.0000000288643482,-1.000000004305503,-1.000000127988947,1.0000000723074993,1.000000155166291,-1.0000000014383361,0.9999999585378152,-1.0000001233977047,1.0000001270814893,-1.000000172306161,1.0000001549900783,-1.0000002121400977,1.0000001892760941,1.0000000001440716,-1.000000032702601,1.0000000945625795,-1.0000001975333188,1.0000001520121655,-1.0000001531215592,-1.0000001396170055,1.0000001552602218,1.0000001294372753,-1.0000001620348113,-1.0000002079713652,1.0000002124289944,1.0000002041460243,-1.0000002105864372,-1.0000000139405014,1.0000000308335344,1.0000000180614508,1.00000001806145,1.000000079831283,-1.0000000533422515,-1.000000141984413,-1.0000001773610845,-1.000000111456763,-1.000000139836696,1.0000001857109684,-0.9999999051187602,0.9999999571431204,1.000000169325967,-1.0000002086136097,1.0000000978744699,-1.0000001441829391,1.0000001769246063,-1.0000001548385837,-1.0000001932506595,1.0000001941355985,-1.000000244421972,1.0000002435513713
-0.9999998773973561,0.9999998436392651,0.9999998783474767,-0.9999999667500975,0.9999999235881224,0.9999999860593639,0.9999999247763021,-0.9999999558250157,-0.9999998744179474,-0.9999998589157,0.9999998344225702,0.9999999582378236,-0.9999999024845186,-0.9999999854876495,0.9999998311057465,-0.999999788227383,0.999999953175185,-0.9999999568689578,1.0000000026928917,-0.9999999854278981,1.0000000291829472,-1.0000000191273295,-1.000000032702601,0.9999999999023205,-0.999999937203749,1.0000000273846579,-0.9999999824717642,0.9999999835585379,0.9999999695136995,-0.9999999851602619,-0.9999999593338162,0.999999991935531,1.0000000379522676,-1.0000000424031605,-1.0000000341271262,1.000000040560701,0.999999843636067,-0.9999998605361087,-0.9999998477522501,-0.9999998477522501,-0.9999999099021769,0.999999883016271,0.9999999717371705,1.000000007174753,0.99999994125801,0.9999999696127834,-1.000000015511173,0.9999997347866328,-0.9999997872604163,-0.9999999997103068,1.0000000384343035,-0.9999999276822458,0.9999999740374151,-1.0000000067821584,0.9999999852990397,1.0000000231935953,-1.0000000240786633,1.0000000744055884,-1.000000073535015
0.9999999392612257,-0.9999999055215032,-0.9999999401904055,1.0000000285537973,-0.9999999854040269,-1.0000000478506264,-0.9999999866675647,1.0000000177090582,0.9999999363123693,0.9999999207489618,-0.9999998962453795,-1.0000000200398205,0.9999999642979567,1.0000000472783648,-0.999999893000327,0.9999998501185253,-1.0000000150520978,1.0000000187447375,-1.0000000644732558,1.000000047200294,-1.000000091044994,1.0000000809934597,1.0000000945625795,-0.999999937203749,0.9999999999902257,-1.0000000892504797,1.0000000442404013,-1.0000000453310616,-1.0000000313707498,1.0000000470172918,1.0000000211908548,-1.000000053792453,-1.0000000997963494,1.000000104248664,1.0000000959711635,-1.0000001024061826,-0.9999999055269473,0.9999999224256629,0.9999999096437099,0.9999999096437097,0.9999999717323702,-0.9999999449100411,-1.0000000336181571,-1.0000000690465158,-1.0000000031315215,-1.0000000443249228,1.0000000773845878,-0.999999796680783,0.9999998490827476,1.0000000614910403,-1.000000100304078,0.9999999895545331,-1.0000000487368157,1.0000000686460395,-1.0000000470675479,-1.0000000850440645,1.000000085929109,-1.000000136249563,1.0000001353789827
-1.0000000422458069,1.0000000085587906,1.0000000431143268,-1.0000001313635913,1.0000000882493163,1.0000001506235023,1.0000000897324328,-1.0000001207528297,-1.0000000393857633,-1.0000000236452284,0.9999999991112338,1.0000001228446125,-1.0000000671360743,-1.0000001500496234,0.9999999960744286,-0.9999999531823899,1.0000001180751734,-1.0000001217633196,1.0000001672142196,-1.0000001499176223,1.0000001940216399,-1.0000001968175882,-1.0000001975333188,1.0000000273846579,-1.0000000892504797,1.000000000136561,-1.00000014694753,1.0000001480487797,1.000000134338579,-1.0000001499837197,-1.0000001241587566,1.0000001567585597,1.000000202725196,-1.0000002071807517,-1.0000001988999192,1.0000002053382224,1.0000000085880607,-1.0000000254835513,-1.0000000127069406,-1.0000000127069413,-1.0000000746195734,1.0000000479810893,1.000000136652765,1.0000001720530034,1.000000106143675,1.0000001345136889,-1.0000001803972594,0.9999998997545784,-0.9999999519483846,-1.0000001642331124,1.000000203307193,-1.000000092563571,1.0000001388892876,-1.000000171632145,1.0000001497742785,1.0000001879906673,-1.0000001888756531,1.0000002391772385,-1.0000002383066429
0.9999999969364043,-0.9999999638477256,-0.9999999971009575,1.0000000840226813,-1.0000000413196877,-1.0000001028388492,-1.0000000453620006,1.0000000761280228,0.9999999951061294,0.9999999773147854,-0.9999999524224941,-1.0000000754432359,1.000000020119888,1.0000001022453429,-0.9999999518072983,0.9999999087896395,-1.0000000732070817,1.0000000768203043,-1.0000001190537475,1.000000101470918,-1.0000001485650676,1.0000001386767068,1.0000001520121655,-0.9999999824717642,1.0000000442404013,-1.00000014694753,1.0000000000698979,-1.0000001124419189,-1.0000000888515377,1.000000104457276,1.0000000786742738,-1.0000001112291883,-1.00000015676565,1.0000001612421605,1.0000001529396398,-1.0000001593993868,-0.9999999641298448,0.999999981000844,0.9999999682822339,0.999999968282235,1.000000028185611,-1.0000000036693055,-1.0000000919160532,-1.0000001269639374,-1.0000000611262392,-1.0000000896558976,1.0000001354018464,-0.999999855496767,0.9999999052747931,1.000000116086176,-1.0000001582159406,1.0000000475171593,-1.0000000936103783,1.0000001263366625,-1.0000001012176014,-1.0000001422210865,1.0000001431056698,-1.000000193190551,1.0000001923199153
-0.999999998037748,0.9999999649291231,0.9999999982260286,-1.0000000851926152,1.0000000424757403,1.0000001040240531,1.0000000464314138,-1.0000000772061075,-0.9999999961727042,-0.9999999784504222,0.9999999535702794,1.0000000766152375,-1.0000000212788862,-1.0000001034312211,0.9999999528733646,-0.9999999098600602,1.0000000742933728,-1.0000000779095786,1.0000001202517248,-1.0000001155138372,1.0000001496723339,-1.0000001397787166,-1.0000001531215592,0.9999999835585379,-1.0000000453310616,1.0000001480487797,-1.0000001124419189,1.000000000071616,1.0000000899579502,-1.0000001055655077,-1.0000000797805646,1.000000112337519,1.0000001578884552,-1.0000001623645947,-1.000000154062462,1.0000001605218227,0.9999999652031636,-0.9999999820747565,-0.999999969354243,-0.9999999693542438,-1.0000000293247717,1.0000000047371025,1.000000092998005,1.0000001280582742,1.0000000622179683,1.000000090741756,-1.0000001364925377,0.9999998565622091,-0.9999999064216561,-1.0000001301187589,1.0000001593095085,-1.0000000486097058,1.0000000947102576,-1.0000001274371393,1.0000001024288863,1.0000001433377883,-1.0000001442223816,1.0000001943145715,-1.000000193443935
-0.9999999843462457,0.9999999506939394,0.9999999851725129,-1.0000000733417014,1.0000000302520735,1.0000000925735235,1.0000000318902595,-1.000000062894742,-0.9999999815480799,-0.999999965684898,0.9999999411290078,1.0000000648189313,-1.0000000091334242,-1.000000091998407,0.9999999382379247,-0.9999998953377505,1.0000000602026324,-1.0000000638839486,1.000000109141277,-1.0000000918264844,1.0000001361087414,-1.0000001260792848,-1.0000001396170055,0.9999999695136995,-1.0000000313707498,1.000000134338579,-1.0000000888515377,1.0000000899579502,1.000000000054295,-1.0000001049072504,-1.000000066252349,1.0000000988468687,1.0000001447881284,-1.0000001492431823,-1.0000001409628478,1.0000001474006697,0.9999999507364415,-0.999999967631436,-0.9999999548583416,-0.9999999548583421,-1.0000000166529865,0.9999999901409411,1.0000000787875363,1.000000114164189,1.0000000482601408,1.000000076641746,-1.0000001225162558,0.9999998419201775,-0.9999998939690878,-1.0000001061610369,1.0000001454220908,-1.0000000346792226,1.0000000809926097,-1.0000001137344008,1.000000091677967,1.0000001300632286,-1.0000001309482083,1.000000181237048,-1.0000001803664624
0.9999999999899297,-0.9999999663452963,-1.000000000807725,1.0000000889611633,-1.000000045876454,-1.0000001081882892,-1.0000000475447886,1.0000000785465002,0.9999999972040867,0.9999999813161022,-0.9999999567560766,-1.0000000804377476,1.0000000247568563,1.000000107612966,-0.9999999538939025,0.9999999109924697,-1.0000000758515863,1.000000079532903,-1.0000001247517631,1.000000107433994,-1.0000001517528365,1.0000001417248408,1.0000001552602218,-0.9999999851602619,1.0000000470172918,-1.0000001499837197,1.000000104457276,-1.0000001055655077,-1.0000001049072504,1.000000000076516,1.0000000818925991,-1.0000001144875774,-1.0000001604236595,1.0000001648796149,1.0000001565983503,-1.000000163037084,-0.9999999663918092,0.9999999832859834,0.9999999705137788,0.9999999705137795,1.000000032282951,-1.0000000057968184,-1.0000000944381815,-1.0000001298116488,-1.0000000639081685,-1.0000000922906525,1.0000001381638857,-0.9999998575756996,0.9999999095955846,1.0000001217716592,-1.0000001610679146,1.0000000503266204,-1.000000109471348,1.0000001293779133,-1.000000107283659,-1.0000001585367009,1.0000001465865869,-1.0000001968728203,1.0000001960022302
0.9999999741666246,-0.9999999405138064,-0.9999999749934311,1.000000063163626,-1.0000000200736845,-1.0000000823957234,-1.0000000217099363,1.0000000527145574,0.9999999713676635,0.9999999555060669,-0.9999999309504246,-1.0000000546408894,0.9999999989550811,1.0000000818206165,-0.9999999280575167,0.9999998851574075,-1.000000050022589,1.000000053703883,-1.000000098963732,1.0000000816491001,-1.0000001259289542,1.0000001158994165,1.0000001294372753,-0.9999999593338162,1.0000000211908548,-1.0000001241587566,1.0000000786742738,-1.0000000797805646,-1.000000066252349,1.0000000818925991,1.0000000000398321,-1.0000001015023856,-1.000000134608881,1.0000001390638653,1.0000001307836022,-1.0000001372213527,-0.9999999405559918,0.9999999574510791,0.9999999446778924,0.9999999446778924,1.0000000064742518,-0.9999999799605286,-1.0000000686074075,-1.0000001039842203,-1.0000000380801135,-1.000000066461718,1.0000001123362996,-0.999999831739795,0.9999998837905447,1.0000000959834856,-1.0000001352422563,1.0000000244992273,-1.0000000708128738,1.0000001035546815,-1.0000000815007055,-1.0000001198837913,1.0000001207687732,-1.0000001710577766,1.0000001701871934
-1.000000006764886,0.9999999731207725,1.00000000758204,-1.0000000957342663,1.0000000526499313,1.0000001149609545,1.0000000543205954,-1.000000085322043,-1.000000003979974,-0.9999999880901256,0.9999999635297556,1.000000087210786,-1.0000000315302429,-1.0000001143856108,0.9999999606698069,-0.9999999177682469,1.0000000826268602,-1.0000000863080827,1.000000131524065,-1.0000001142060007,1.0000001585274882,-1.000000148499653,-1.0000001620348113,0.999999991935531,-1.000000053792453,1.0000001567585597,-1.0000001112291883,1.000000112337519,1.0000000988468687,-1.0000001144875774,-1.0000001015023856,1.0000000000861409,1.0000001671978878,-1.0000001716538507,-1.0000001633725797,1.0000001698113181,0.9999999731674395,-0.9999999900616413,-0.9999999772894403,-0.9999999772894412,-1.0000000390568953,1.0000000125726694,1.0000001012136024,1.000000136586696,1.0000000706832568,1.000000099065964,-1.0000001449390565,0.9999998643516127,-0.9999999163692834,-1.0000001285439746,1.0000001678430086,-1.0000000571016707,1.0000001034111676,-1.000000148987874,1.000000114055569,1.0000001524760271,-1.00000016619607,1.0000002036470168,-1.000000202776426
-1.0000000527284651,1.0000000191633902,1.0000000534528106,-1.0000001414299646,1.000000098399881,1.0000001605982731,1.0000001004081382,-1.0000001313762945,-1.0000000500794344,-1.0000000339191586,1.0000000093116743,1.0000001328985757,-1.0000000772688746,-1.00000016002036,1.0000000067708967,-0.9999999638528614,1.0000001286493263,-1.000000132320757,1.0000001771119422,-1.000000159756313,1.000000204472548,-1.0000001944645323,-1.0000002079713652,1.0000000379522676,-1.0000000997963494,1.000000202725196,-1.00000015676565,1.0000001578884552,1.0000001447881284,-1.0000001604236595,-1.000000134608881,1.0000001671978878,1.0000000001513636,-1.0000002303707778,-1.0000002092515423,1.0000002156931358,1.0000000192437593,-1.0000000361344827,-1.000000023370201,-1.0000000233702013,-1.0000000848721344,1.0000000586678794,1.0000001472532067,1.000000182580073,1.0000001166862937,1.0000001450897045,-1.0000001909446818,0.999999910454025,-0.999999962153266,-1.000000174133626,1.0000002138360171,-1.0000001031009744,1.0000001493797357,-1.000000182119112,1.0000001595913854,1.000000198380121,-1.0000001992650243,1.0000002495224731,-1.0000002486518789
1.000000057183254,-1.0000000236146374,-1.000000057912152,1.0000001458980383,-1.0000001028652756,-1.0000001650696662,-1.0000001048565326,1.0000001358265316,1.0000000545275174,1.000000038380412,-1.0000000137753677,-1.000000137367096,1.0000000817348915,1.0000001644919019,-1.0000000112187715,0.999999968301732,-1.0000001331012358,1.0000001367737752,-1.0000001815859378,1.0000001642324916,-1.0000002089298219,1.0000001989205756,1.0000002124289944,-1.0000000424031605,1.000000104248664,-1.0000002071807517,1.0000001612421605,-1.0000001623645947,-1.0000001492431823,1.0000001648796149,1.0000001390638653,-1.0000001716538507,-1.0000002303707778,1.000000000157699,1.0000002137102906,-1.0000002201521936,-1.000000023694065,1.0000000405845653,1.000000027820061,1.0000000278200614,1.0000000893340597,-1.0000000631163493,-1.00000015170433,-1.00000018703421,-1.0000001211397744,-1.000000149541407,1.0000001953975417,-0.9999999149014563,0.9999999666163422,1.000000178607513,-1.000000218289039,1.000000107554457,-1.0000001538340326,1.0000001865735537,-1.0000001640679383,-1.0000002156731107,1.000000203722933,-1.0000002668168733,1.0000002531111971
1.0000000489031977,-1.0000000153382473,-1.0000000496273849,1.0000001376042367,-1.000000094574247,-1.000000156772435,-1.0000000965830873,1.000000127551182,1.000000046254397,1.000000030093665,-1.0000000054860971,-1.0000001290728313,1.0000000734432202,1.0000001561945167,-1.0000000029458662,0.9999999600278016,-1.0000001248241621,1.0000001284955606,-1.000000173286019,1.0000001559303167,-1.0000002006472188,1.0000001906392397,1.0000002041460243,-1.0000000341271262,1.0000000959711635,-1.0000001988999192,1.0000001529396398,-1.000000154062462,-1.0000001409628478,1.0000001565983503,1.0000001307836022,-1.0000001633725797,-1.0000002092515423,1.0000002137102906,1.0000000001459288,-1.0000002247028092,-1.0000000154186646,1.0000000323093847,1.0000000195451186,1.0000000195451184,1.000000081046617,-1.0000000548428327,-1.0000001434280676,-1.0000001787548383,-1.0000001128610836,-1.0000001412645427,1.0000001871194832,-0.9999999066290096,0.9999999583277088,1.0000001703077037,-1.0000002100108079,1.0000000992757645,-1.0000001455544811,1.0000001782938555,-1.0000001557653764,-1.0000001945547494,1.0000001954396538,-1.0000002456970554,1.0000002448264602
