0.9999999999762341,-0.9999999821619032,1.0000000105933973,0.9999999611509927,1.0000000231113466,-1.0000000294091962,1.0000000367330872,0.9999999178682574,-0.9999999377149259,0.9999999305879743,0.9999998717347298,-0.999999917888947,0.999999961616897,0.9999999295514078,-1.0000000051502926,-0.9999999575828168,1.0000000264043671,0.9999999429840896,-1.0000000374219067,-0.999999933210292,1.000000029213911,-0.9999999566721399,0.9999999880284988,-1.0000000126149984,1.0000000216656195
-0.9999999821619032,0.999999999999105,-1.0000000259792474,-0.9999999765369717,-1.0000000390965889,1.0000000453952904,-1.0000000527189956,-0.9999999338537908,0.999999953701247,-0.9999999465740392,-0.9999998877185549,0.9999999338734403,-0.9999999776026433,-0.9999999455343881,1.0000000211363769,0.9999999735690039,-1.000000042390164,-0.9999999589699781,1.0000000534078708,0.9999999491962092,-1.0000000451991515,0.99999997265378,-1.0000000040089996,1.0000000285945354,-1.0000000376442353
1.0000000105933973,-1.0000000259792474,1.0000000000389229,1.0000000049685598,1.0000000669275917,-1.0000000726259164,1.0000000805500342,0.999999961685047,-0.9999999815325352,0.9999999744052749,0.9999999155484458,-0.9999999617033742,1.0000000054332008,0.9999999733635534,-1.0000000483667322,-1.0000000013999184,1.0000000702210277,0.9999999868009829,-1.0000000812389225,-0.9999999770273532,1.0000000730301757,-1.0000000004822756,1.0000000318369628,-1.00000005642212,1.0000000654715555
0.9999999611509927,-0.9999999765369717,1.0000000049685598,0.9999999999681857,1.0000000174851715,-1.000000023784061,1.0000000311077375,0.9999999122424669,-0.9999999314896362,0.9999999249628678,0.9999998661069304,-0.9999999122618926,0.9999999559914258,0.9999999239223738,-0.9999999995252312,-0.9999999513574396,1.0000000207789506,0.9999999373588305,-1.000000031796621,-0.9999999275850426,1.0000000235877289,-0.9999999510412895,0.9999999823960588,-1.0000000069812136,1.000000016030635
1.0000000231113466,-1.0000000390965889,1.0000000669275917,1.0000000174851715,1.0000000000568319,-1.0000000851430457,1.0000000930673638,0.999999974202548,-0.9999999940491842,0.9999999869221635,0.9999999280687158,-0.9999999742230644,1.0000000179509418,0.9999999858857521,-1.000000061484375,-1.0000000139168779,1.0000000827384805,0.9999999993181312,-1.000000093756189,-0.9999999895444064,1.0000000855482467,-1.0000000130068292,1.0000000443635821,-1.0000000689504274,1.0000000780012197
-1.0000000294091962,1.0000000453952904,-1.0000000726259164,-1.000000023784061,-1.0000000851430457,1.0000000000658427,-1.0000000987653297,-0.9999999805006098,1.0000000003479503,-0.9999999932207161,-0.9999999343654111,0.9999999805203288,-1.000000024249282,-0.9999999921816944,1.0000000677829917,1.0000000202155805,-1.0000000890368317,-1.0000000056165628,1.00000010005465,0.9999999958428414,-1.000000091846058,1.0000000193015774,-1.0000000506572966,1.00000007524326,-1.000000084293228
1.0000000367330872,-1.0000000527189956,1.0000000805500342,1.0000000311077375,1.0000000930673638,-1.0000000987653297,1.000000000076321,0.9999999878245018,-1.0000000076716842,1.0000000005445069,0.9999999416892659,-0.9999999878440246,1.0000000315729392,0.9999999995054093,-1.0000000751066591,-1.0000000275392633,1.0000000963605753,1.0000000129403488,-1.0000001067779307,-1.000000003166653,1.0000000991699305,-1.0000000266252798,1.0000000579809825,-1.0000000825669515,1.0000000916169953
0.9999999178682574,-0.9999999338537908,0.999999961685047,0.9999999122424669,0.999999974202548,-0.9999999805006098,0.9999999878245018,0.9999999999062595,-0.9999998882055732,0.9999998816790867,0.9999998228274881,-0.9999998689818985,0.9999999127092024,0.999999880645171,-0.9999999562422582,-0.9999999086746253,0.9999999774961073,0.9999998940756086,-0.9999999885133125,-0.9999998843015412,0.9999999803050514,-0.9999999077665788,0.9999999391234261,-0.9999999637101967,0.9999999727609185
-0.9999999377149259,0.999999953701247,-0.9999999815325352,-0.9999999314896362,-0.9999999940491842,1.0000000003479503,-1.0000000076716842,-0.9999998882055732,0.9999999999346548,-0.9999999009259923,-0.9999998426727232,0.9999998888276734,-0.9999999325561337,-0.9999999004895236,0.9999999760895194,0.9999999285219991,-0.999999997343154,-0.9999999139227685,1.0000000083605434,0.9999999041487619,-1.0000000001516975,0.9999999276096717,-0.9999999589654537,0.999999983551344,-0.9999999926012538
0.9999999305879743,-0.9999999465740392,0.9999999744052749,0.9999999249628678,0.9999999869221635,-0.9999999932207161,1.0000000005445069,0.9999998816790867,-0.9999999009259923,0.9999999999244583,0.9999998355457211,-0.9999998817003808,0.9999999254288812,0.9999998933620939,-0.999999968962292,-0.9999999213948121,0.9999999902160326,0.9999999067957517,-1.0000000012333505,-0.9999998964213067,0.9999999930246868,-0.9999999204820206,0.9999999518375603,-0.9999999764232813,0.999999985473209
0.9999998717347298,-0.9999998877185549,0.9999999155484458,0.9999998661069304,0.9999999280687158,-0.9999999343654111,0.9999999416892659,0.9999998228274881,-0.9999998426727232,0.9999998355457211,0.9999999998402507,-0.9999998222378698,0.9999998665689356,0.9999998344973725,-0.99999991010381,-0.9999998625371426,0.9999999313589438,0.9999998479398332,-0.9999999423781505,-0.9999998381673761,0.9999999341715659,-0.9999998616153799,0.9999998929699182,-0.9999999175555603,0.9999999266059812
-0.999999917888947,0.9999999338734403,-0.9999999617033742,-0.9999999122618926,-0.9999999742230644,0.9999999805203288,-0.9999999878440246,-0.9999998689818985,0.9999998888276734,-0.9999998817003808,-0.9999998222378698,0.9999999999062831,-0.9999999121229547,-0.9999998800503309,0.9999999562584807,0.9999999086918158,-0.9999999775134197,-0.9999998940942043,0.9999999885329572,0.9999998843218297,-0.9999999803259171,0.9999999077685784,-0.9999999391230732,0.999999963708668,-0.9999999727587517
0.999999961616897,-0.9999999776026433,1.0000000054332008,0.9999999559914258,1.0000000179509418,-1.000000024249282,1.0000000315729392,0.9999999127092024,-0.9999999325561337,0.9999999254288812,0.9999998665689356,-0.9999999121229547,0.9999999999688497,0.9999999243819597,-0.9999999993886238,-0.9999999518217075,1.0000000212433413,0.999999937823822,-1.0000000322618536,-0.9999999280507151,1.0000000240536435,-0.9999999514992908,0.99999998285295,-1.0000000074375182,1.0000000164867409
0.9999999295514078,-0.9999999455343881,0.9999999733635534,0.9999999239223738,0.9999999858857521,-0.9999999921816944,0.9999999995054093,0.999999880645171,-0.9999999004895236,0.9999998933620939,0.9999998344973725,-0.9999998800503309,0.9999999243819597,0.9999999999229634,-0.9999999679176144,-0.9999999203512082,0.9999999891733992,0.9999999057544086,-1.0000000001943696,-0.9999998959829858,0.9999999919887899,-0.9999999188280766,0.999999950784572,-0.9999999753718588,0.9999999844231997
-1.0000000051502926,1.0000000211363769,-1.0000000483667322,-0.9999999995252312,-1.000000061484375,1.0000000677829917,-1.0000000751066591,-0.9999999562422582,0.9999999760895194,-0.999999968962292,-0.99999991010381,0.9999999562584807,-0.9999999993886238,-0.9999999679176144,1.0000000000311347,0.9999999959563189,-1.0000000641769855,-0.9999999813576912,1.0000000757955558,0.9999999715842842,-1.0000000675870104,0.9999999950353591,-1.0000000263892348,1.0000000509738425,-1.0000000600230277
-0.9999999575828168,0.9999999735690039,-1.0000000013999184,-0.9999999513574396,-1.0000000139168779,1.0000000202155805,-1.0000000275392633,-0.9999999086746253,0.9999999285219991,-0.9999999213948121,-0.9999998625371426,0.9999999086918158,-0.9999999518217075,-0.9999999203512082,0.9999999959563189,0.99999999996308,-1.000000017210249,-0.9999999331899884,1.000000028228152,0.9999999240168955,-1.0000000200194916,0.9999999474690984,-0.9999999788230186,1.0000000034076009,-1.0000000124567678
1.0000000264043671,-1.000000042390164,1.0000000702210277,1.0000000207789506,1.0000000827384805,-1.0000000890368317,1.0000000963605753,0.9999999774961073,-0.999999997343154,0.9999999902160326,0.9999999313589438,-0.9999999775134197,1.0000000212433413,0.9999999891733992,-1.0000000641769855,-1.000000017210249,1.000000000061543,1.0000000026116445,-1.0000000964489892,-0.9999999928381325,1.0000000888410927,-1.0000000162918716,1.0000000476463344,-1.0000000722313922,1.0000000812809622
0.9999999429840896,-0.9999999589699781,0.9999999868009829,0.9999999373588305,0.9999999993181312,-1.0000000056165628,1.0000000129403488,0.9999998940756086,-0.9999999139227685,0.9999999067957517,0.9999998479398332,-0.9999998940942043,0.999999937823822,0.9999999057544086,-0.9999999813576912,-0.9999999331899884,1.0000000026116445,0.9999999999421934,-1.0000000136292015,-0.9999999088175638,1.000000005420712,-0.9999999328728912,0.9999999642271999,-0.9999999888120464,0.9999999978615289
-1.0000000374219067,1.0000000534078708,-1.0000000812389225,-1.000000031796621,-1.000000093756189,1.00000010005465,-1.0000001067779307,-0.9999999885133125,1.0000000083605434,-1.0000000012333505,-0.9999999423781505,0.9999999885329572,-1.0000000322618536,-1.0000000001943696,1.0000000757955558,1.000000028228152,-1.0000000964489892,-1.0000000136292015,1.0000000000773064,1.0000000038554926,-1.0000000992583002,1.0000000273142755,-1.0000000586700084,1.0000000832559939,-1.0000000923060262
-0.999999933210292,0.9999999491962092,-0.9999999770273532,-0.9999999275850426,-0.9999999895444064,0.9999999958428414,-1.000000003166653,-0.9999998843015412,0.9999999041487619,-0.9999998964213067,-0.9999998381673761,0.9999998843218297,-0.9999999280507151,-0.9999998959829858,0.9999999715842842,0.9999999240168955,-0.9999999928381325,-0.9999999088175638,1.0000000038554926,0.9999999999282099,-0.9999999956469511,0.9999999231023384,-0.9999999544573641,0.9999999790427193,-0.9999999880924999
1.000000029213911,-1.0000000451991515,1.0000000730301757,1.0000000235877289,1.0000000855482467,-1.000000091846058,1.0000000991699305,0.9999999803050514,-1.0000000001516975,0.9999999930246868,0.9999999341715659,-0.9999999803259171,1.0000000240536435,0.9999999919887899,-1.0000000675870104,-1.0000000200194916,1.0000000888410927,1.000000005420712,-1.0000000992583002,-0.9999999956469511,1.000000000065563,-1.000000019110027,1.0000000504669098,-1.0000000750538434,1.0000000841046917
-0.9999999566721399,0.99999997265378,-1.0000000004822756,-0.9999999510412895,-1.0000000130068292,1.0000000193015774,-1.0000000266252798,-0.9999999077665788,0.9999999276096717,-0.9999999204820206,-0.9999998616153799,0.9999999077685784,-0.9999999514992908,-0.9999999188280766,0.9999999950353591,0.9999999474690984,-1.0000000162918716,-0.9999999328728912,1.0000000273142755,0.9999999231023384,-1.000000019110027,0.9999999999617637,-0.9999999773069399,1.0000000024968756,-1.000000011549675
0.9999999880284988,-1.0000000040089996,1.0000000318369628,0.9999999823960588,1.0000000443635821,-1.0000000506572966,1.0000000579809825,0.9999999391234261,-0.9999999589654537,0.9999999518375603,0.9999998929699182,-0.9999999391230732,0.99999998285295,0.999999950784572,-1.0000000263892348,-0.9999999788230186,1.0000000476463344,0.9999999642271999,-1.0000000586700084,-0.9999999544573641,1.0000000504669098,-0.9999999773069399,1.0000000000066303,-1.00000003325966,1.0000000429144336
-1.0000000126149984,1.0000000285945354,-1.00000005642212,-1.0000000069812136,-1.0000000689504274,1.00000007524326,-1.0000000825669515,-0.9999999637101967,0.999999983551344,-0.9999999764232813,-0.9999999175555603,0.999999963708668,-1.0000000074375182,-0.9999999753718588,1.0000000509738425,1.0000000034076009,-1.0000000722313922,-0.9999999888120464,1.0000000832559939,0.9999999790427193,-1.0000000750538434,1.0000000024968756,-1.00000003325966,1.0000000000418154,-1.0000000669094338
1.0000000216656195,-1.0000000376442353,1.0000000654715555,1.000000016030635,1.0000000780012197,-1.000000084293228,1.0000000916169953,0.9999999727609185,-0.9999999926012538,0.999999985473209,0.9999999266059812,-0.9999999727587517,1.0000000164867409,0.9999999844231997,-1.0000000600230277,-1.0000000124567678,1.0000000812809622,0.9999999978615289,-1.0000000923060262,-0.9999999880924999,1.0000000841046917,-1.000000011549675,1.0000000429144336,-1.0000000669094338,1.0000000000547724
