0.9999999996969224,-0.49999831241218384,-0.5000003526137269,-0.4881663714377153,0.44886194973784554,0.4998968127705116,0.18150993725373146,-0.18151406592578992,-0.18150676063192267,0.1815231555101746,-0.1815222196706838,-0.48817071159975084,0.48816947357857,0.48817172439550627,0.18150569971604974,-0.48817213585338365,0.4488622413783509,-0.4881681222051735,-0.4488621725854467,0.4920615821625132,-0.499106102884342,-0.4951854715419299,0.4975348920939074,-0.4975351142864048,0.18150569971604918,-0.48817213585338387
-0.49999831241218384,0.9999999982207101,-0.4999983124121907,0.9763326916026847,-0.8977233612489451,-0.9997936126244762,-0.3630200212298798,0.363028278573433,0.36301366798675705,-0.36304615251195804,0.3630442808329238,0.9763414427671594,-0.976338966725577,-0.9763434683580617,-0.36301154615520115,0.9763442912735901,-0.8977240888463885,0.9763362639797086,0.8977244027546833,-0.984123177417445,0.9982121993491495,0.9903709496789964,-0.9950697842755081,0.9950702286602874,-0.3630115461552012,0.97634429127359
-0.5000003526137269,-0.4999983124121907,0.9999999996969224,-0.4881663714377163,0.44886194973785315,0.4998968127705094,0.18150993725373116,-0.18151406592579006,-0.18150676063192245,0.18152315551017556,-0.1815222196706861,-0.48817071159974845,0.4881694735785682,0.4881717243955022,0.18150569971604943,-0.4881721358533796,0.4488622413783545,-0.48816812220517397,-0.4488621725854482,0.4920615821625112,-0.49910610288434026,-0.49518547154192827,0.49753489209390545,-0.4975351142864042,0.18150569971604943,-0.48817213585337954
-0.4881663714377153,0.9763326916026847,-0.4881663714377163,0.9999999989663916,-0.9717552427818998,-0.9717560373845139,-0.15291756688774583,0.15292621911114063,0.15291082307747253,-0.5559642004121557,0.5559624631770098,0.9064706717410407,-0.906467197691397,-0.9064734763164324,-0.15290852810110195,0.9064745542913195,-0.781203462156329,0.9064633228926913,0.781203303203531,-0.9224509994675015,0.9616677984482404,0.9369958427922921,-0.9500750503731785,0.9500756935334151,-0.1529085281011013,0.9064745542913197
0.44886194973784554,-0.8977233612489451,0.44886194973785315,-0.9717552427818998,0.9999999981509033,0.888624127187915,-0.08460638096371184,0.08459776565515158,0.08461318633408871,0.7364105406166789,-0.736408592513659,-0.7812206954950806,0.7812163202838832,0.7812241984373582,-0.08461554615899586,-0.781225496441797,0.6118230755325711,-0.7812113760791944,-0.6118229018590002,0.8052830371272774,-0.8697980589475364,-0.8280949613060993,0.8496113872814901,-0.8496122125652031,-0.0846155461589965,-0.7812254964417958
0.4998968127705116,-0.9997936126244762,0.4998968127705094,-0.9717560373845139,0.888624127187915,0.9999999995695132,0.38180488546660807,-0.38181308588310126,-0.381798584141622,0.34411344390009796,-0.34411156416569094,-0.980519038771984,0.9805166621196141,0.9805209865609128,0.3817964836460622,-0.9805217836158402,0.9064581470053726,-0.9805136241055138,-0.9064580117518863,0.9875146699759519,-0.999217529200309,-0.9929708326063265,0.9968740078899029,-0.9968744325969994,0.3817964836460616,-0.9805217836158405
0.18150993725373146,-0.3630200212298798,0.18150993725373116,-0.15291756688774583,-0.08460638096371184,0.38180488546660807,0.9999999984267274,-0.9999978025342333,-0.9999973723870895,-0.7364113727247404,0.7364124405988339,-0.5559229399126037,0.5559265934382047,0.5559201124562033,0.9999980159497394,-0.5559192283624417,0.7363922573722319,-0.5559309376531213,-0.7363923135134822,0.5226307625340078,-0.4180456898870361,-0.48851383497663586,0.4536336339454636,-0.45363289353142655,0.99999801594974,-0.5559192283624437
-0.18151406592578992,0.363028278573433,-0.18151406592579006,0.15292621911114063,0.08459776565515158,-0.38181308588310126,-0.9999978025342333,0.9999999990764924,0.9999982781477402,0.7364058316847736,-0.7364064480790528,0.5559304116921672,-0.5559340651840152,-0.5559275842629076,-0.9999984701959274,0.5559267001794083,-0.7363980162386976,0.5559384093610406,0.7363985238726408,-0.522638404368266,0.4180537694032299,0.48852163498377105,-0.4536415799240466,0.4536408395163422,-0.9999984701959295,0.5559267001794098
-0.18150676063192267,0.36301366798675705,-0.18150676063192245,0.15291082307747253,0.08461318633408871,-0.381798584141622,-0.9999973723870895,0.9999982781477402,0.9999999984613372,0.736416009765068,-0.73641707762832,0.5559172778219956,-0.5559209313755177,-0.5559144503431876,-0.9999975886969377,0.5559135662410224,-0.7363876557958063,0.5559252756218713,0.7363877119382044,-0.5226249540551039,0.4180394974310406,0.488507889136073,-0.4536275600445731,0.453626819625269,-0.9999975886969424,0.5559135662410238
0.1815231555101746,-0.36304615251195804,0.18152315551017556,-0.5559642004121557,0.7364105406166789,0.34411344390009796,-0.7364113727247404,0.7364058316847736,0.736416009765068,0.9999999988175783,-0.9999976037363254,-0.1529694578915509,0.15296400663970822,0.15297375602686183,-0.7364177424172869,-0.1529752376007168,-0.08457885719393025,-0.1529577001040001,0.08457901323060353,0.19191132036625988,-0.30672481660744866,-0.23056416920326908,0.26885565533894695,-0.26885671839700753,-0.7364177424172884,-0.15297523760071516
-0.1815222196706838,0.3630442808329238,-0.1815222196706861,0.5559624631770098,-0.736408592513659,-0.34411156416569094,0.7364124405988339,-0.7364064480790528,-0.73641707762832,-0.9999976037363254,0.9999999984012972,0.15296754034771332,-0.15296208909846573,-0.15297183848083123,0.7364188102770168,0.1529733200536623,0.08458072109668356,0.15295578256544476,-0.08458087713319597,-0.19190940441526408,0.3067229233629302,0.23056225783606676,-0.26885375154458846,0.2688548146021944,0.736418810277018,0.15297332005366068
-0.48817071159975084,0.9763414427671594,-0.48817071159974845,0.9064706717410407,-0.7812206954950806,-0.980519038771984,-0.5559229399126037,0.5559304116921672,0.5559172778219956,-0.1529694578915509,0.15296754034771332,1.0000000041942323,-1.00000405336592,-1.000006565180741,-0.5559154295190731,1.0000075456185336,-0.9717544309671887,1.000003101934636,0.9717543212563542,-0.9992216440939593,0.9875188435908661,0.9968775771199755,-0.9929745727248853,0.9929747973274371,-0.5559154295190734,1.0000075456185338
0.48816947357857,-0.976338966725577,0.4881694735785682,-0.906467197691397,0.7812163202838832,0.9805166621196141,0.5559265934382047,-0.5559340651840152,-0.5559209313755177,0.15296400663970822,-0.15296208909846573,-1.00000405336592,1.000000002247985,1.0000056556761783,0.5559190830828888,-1.0000061846115997,0.9717543605654296,-1.0000012895298955,-0.9717542508554777,0.9992200744747586,-0.9875166638887654,-0.9968758012503501,0.9929725933863043,-0.9929728179829492,0.5559190830828896,-1.0000061846115997
0.48817172439550627,-0.9763434683580617,0.4881717243955022,-0.9064734763164324,0.7812241984373582,0.9805209865609128,0.5559201124562033,-0.5559275842629076,-0.5559144503431876,0.15297375602686183,-0.15297183848083123,-1.000006565180741,1.0000056556761783,1.0000000058400091,0.5559126020320246,-1.0000082449893721,0.9717545648755486,-1.0000042527235058,-0.9717544551640177,0.9992229589061449,-0.9875206371035651,-0.9968790538965506,0.9929762091530316,-0.992976433760248,0.5559126020320254,-1.0000082449893652
0.18150569971604974,-0.36301154615520115,0.18150569971604943,-0.15290852810110195,-0.08461554615899586,0.3817964836460622,0.9999980159497394,-0.9999984701959274,-0.9999975886969377,-0.7364177424172869,0.7364188102770168,-0.5559154295190731,0.5559190830828888,0.5559126020320246,0.9999999987360328,-0.5559117179267933,0.7363862059728784,-0.5559234273408818,-0.7363862621156513,0.5226230492079792,-0.41803744109698415,-0.4885059307026511,0.4536255510886951,-0.4536248106674284,0.9999982322812037,-0.555911717926795
-0.48817213585338365,0.9763442912735901,-0.4881721358533796,0.9064745542913195,-0.781225496441797,-0.9805217836158402,-0.5559192283624417,0.5559267001794083,0.5559135662410224,-0.1529752376007168,0.1529733200536623,1.0000075456185336,-1.0000061846115997,-1.0000082449893721,-0.5559117179267933,1.0000000065964385,-0.9717547443763631,1.0000047816494433,0.9717546346645515,-0.9992235434584084,0.9875213827015774,0.9968796931600719,-0.9929769021269714,0.992977126735776,-0.5559117179267937,1.0000092254359816
0.4488622413783509,-0.8977240888463885,0.4488622413783545,-0.781203462156329,0.6118230755325711,0.9064581470053726,0.7363922573722319,-0.7363980162386976,-0.7363876557958063,-0.08457885719393025,0.08458072109668356,-0.9717544309671887,0.9717543605654296,0.9717545648755486,0.7363862059728784,-0.9717547443763631,0.9999999994604118,-0.9717540006266855,-0.9999987205105453,0.9616638036669918,-0.9224448858632731,-0.9500694365508444,0.9369895230094667,-0.9369894955970761,0.7363862059728803,-0.9717547443763626
-0.4881681222051735,0.9763362639797086,-0.48816812220517397,0.9064633228926913,-0.7812113760791944,-0.9805136241055138,-0.5559309376531213,0.5559384093610406,0.5559252756218713,-0.1529577001040001,0.15295578256544476,1.000003101934636,-1.0000012895298955,-1.0000042527235058,-0.5559234273408818,1.0000047816494433,-0.9717540006266855,1.0000000002418028,0.9717543424118869,-0.9992179774911734,0.9875143074545979,0.9968739156997958,-0.9929704707283437,0.9929706953181882,-0.5559234273408813,1.0000047816494437
-0.4488621725854467,0.8977244027546833,-0.4488621725854482,0.781203303203531,-0.6118229018590002,-0.9064580117518863,-0.7363923135134822,0.7363985238726408,0.7363877119382044,0.08457901323060353,-0.08458087713319597,0.9717543212563542,-0.9717542508554777,-0.9717544551640177,-0.7363862621156513,0.9717546346645515,-0.9999987205105453,0.9717543424118869,0.9999999993555097,-0.9616636884722303,0.9224447553257515,0.950069316050524,-0.936989397392177,0.9369893699795618,-0.7363862621156525,0.9717546346645513
0.4920615821625132,-0.984123177417445,0.4920615821625112,-0.9224509994675015,0.8052830371272774,0.9875146699759519,0.5226307625340078,-0.522638404368266,-0.5226249540551039,0.19191132036625988,-0.19190940441526408,-0.9992216440939593,0.9992200744747586,0.9992229589061449,0.5226230492079792,-0.9992235434584084,0.9616638036669918,-0.9992179774911734,-0.9616636884722303,1.00000000030398,-0.9929706941909223,-0.9992181165542836,0.9968740805868712,-0.9968743461588477,0.5226230492079791,-0.9992235434584082
-0.499106102884342,0.9982121993491495,-0.49910610288434026,0.9616677984482404,-0.8697980589475364,-0.999217529200309,-0.4180456898870361,0.4180537694032299,0.4180394974310406,-0.30672481660744866,0.3067229233629302,0.9875188435908661,-0.9875166638887654,-0.9875206371035651,-0.41803744109698415,0.9875213827015774,-0.9224448858632731,0.9875143074545979,0.9224447553257515,-0.9929706941909223,1.0000000000906357,0.99687414271901,-0.9992180799048,0.999218917166925,-0.4180374410969842,0.9875213827015762
-0.4951854715419299,0.9903709496789964,-0.49518547154192827,0.9369958427922921,-0.8280949613060993,-0.9929708326063265,-0.48851383497663586,0.48852163498377105,0.488507889136073,-0.23056416920326908,0.23056225783606676,0.9968775771199755,-0.9968758012503501,-0.9968790538965506,-0.4885059307026511,0.9968796931600719,-0.9500694365508444,0.9968739156997958,0.950069316050524,-0.9992181165542836,0.99687414271901,1.0000000004030434,-0.9992182225006369,0.9992189801329111,-0.4885059307026508,0.9968796931600724
0.4975348920939074,-0.9950697842755081,0.49753489209390545,-0.9500750503731785,0.8496113872814901,0.9968740078899029,0.4536336339454636,-0.4536415799240466,-0.4536275600445731,0.26885565533894695,-0.26885375154458846,-0.9929745727248853,0.9929725933863043,0.9929762091530316,0.4536255510886951,-0.9929769021269714,0.9369895230094667,-0.9929704707283437,-0.936989397392177,0.9968740805868712,-0.9992180799048,-0.9992182225006369,1.0000000004096417,-1.0000004676343621,0.4536255510886943,-0.9929769021269704
-0.4975351142864048,0.9950702286602874,-0.4975351142864042,0.9500756935334151,-0.8496122125652031,-0.9968744325969994,-0.45363289353142655,0.4536408395163422,0.453626819625269,-0.26885671839700753,0.2688548146021944,0.9929747973274371,-0.9929728179829492,-0.992976433760248,-0.4536248106674284,0.992977126735776,-0.9369894955970761,0.9929706953181882,0.9369893699795618,-0.9968743461588477,0.999218917166925,0.9992189801329111,-1.0000004676343621,1.0000000009047627,-0.45362481066742794,0.9929771267357745
0.18150569971604918,-0.3630115461552012,0.18150569971604943,-0.1529085281011013,-0.0846155461589965,0.3817964836460616,0.99999801594974,-0.9999984701959295,-0.9999975886969424,-0.7364177424172884,0.736418810277018,-0.5559154295190734,0.5559190830828896,0.5559126020320254,0.9999982322812037,-0.5559117179267937,0.7363862059728803,-0.5559234273408813,-0.7363862621156525,0.5226230492079791,-0.4180374410969842,-0.4885059307026508,0.4536255510886943,-0.45362481066742794,0.9999999987360328,-0.5559117179267945
-0.48817213585338387,0.97634429127359,-0.48817213585337954,0.9064745542913197,-0.7812254964417958,-0.9805217836158405,-0.5559192283624437,0.5559267001794098,0.5559135662410238,-0.15297523760071516,0.15297332005366068,1.0000075456185338,-1.0000061846115997,-1.0000082449893652,-0.555911717926795,1.0000092254359816,-0.9717547443763626,1.0000047816494437,0.9717546346645513,-0.9992235434584082,0.9875213827015762,0.9968796931600724,-0.9929769021269704,0.9929771267357745,-0.5559117179267945,1.0000000065964385
