0.9999999974560393,-0.9999992923322059,0.999996456642171,0.9999945545064365,0.3090175804581907,-0.8090250459232309,0.3090175804581933,1.0000149710900275,-0.8090250459232332,0.9999958122162123,-0.9999955908540813,-1.0000009444341367,-0.9999952970667886,-0.9999959349682908,0.999994785635206,0.9999970726471585,1.0000079405702487,0.9999942984942232,-0.9999946840447393,-0.9999947577193594,-0.9999956801789415,-0.9999970452251716,-1.0000133061001708
-0.9999992923322059,0.9999999965280391,-0.9999992923322046,-0.999997210729698,-0.3090171025206325,0.8090238221026517,-0.3090171025206357,-1.000013488113269,0.8090238221026527,-0.9999947851521358,0.999994648747001,0.9999997735402816,0.9999943471142356,0.9999949131095135,-0.999993788285549,-0.9999959614292487,-1.000006607678645,-0.9999934163761078,0.9999938541506712,0.9999939863091444,0.9999946254787264,0.9999959426468584,1.00001187192483
0.999996456642171,-0.9999992923322046,0.9999999974560393,0.9999945545064346,0.3090175804581901,-0.8090250459232298,0.3090175804581927,1.0000149710900277,-0.8090250459232322,0.9999958122162123,-0.9999955908540799,-1.0000009444341345,-0.9999952970667862,-0.9999959349682895,0.9999947856352047,0.9999970726471572,1.0000079405702456,0.9999942984942214,-0.9999946840447387,-0.9999947577193565,-0.9999956801789408,-0.9999970452251694,-1.0000133061001695
0.9999945545064365,-0.999997210729698,0.9999945545064346,0.9999999942482138,0.3090158837917513,-0.8090206484851932,0.3090158837917554,1.0000096151156366,-0.8090206484851971,0.9999923625017371,-0.9999959302462285,-0.9999969157721323,-0.9999921451778729,-0.9999924963990297,0.9999914415744542,0.9999932782485765,1.000003246816919,0.9999914094150484,-0.9999954565808709,-0.9999957475770336,-0.9999921072767631,-0.9999932697649799,-1.000008175294848
0.3090175804581907,-0.3090171025206325,0.3090175804581901,0.3090158837917513,0.9999999900923855,-0.8090119325778964,-0.8090118009896828,0.3090133554080509,0.3090176661363528,0.30901443342890134,-0.3090150937047262,-0.30901441587542805,-0.3090149767537183,-0.3090145445133868,0.3090143149498383,0.3090137878417278,0.30901441623600584,0.30901522979622753,-0.3090157240262054,-0.3090161272974137,-0.3090139875696402,-0.3090137643199894,-0.30901420087064674
-0.8090250459232309,0.8090238221026517,-0.8090250459232298,-0.8090206484851932,-0.8090119325778964,0.9999999948885019,0.30901766613634435,-0.8090176225978224,0.30901110726785136,-0.8090168859103604,0.8090185943060848,0.8090168567141144,0.8090182806149289,0.8090171475073368,-0.8090165468023698,-0.8090152016477506,-0.8090168890325091,-0.809018929881798,0.8090202202748734,0.8090212519581096,0.8090156989257241,0.8090151080780427,0.8090163525052391
0.3090175804581933,-0.3090171025206357,0.3090175804581927,0.3090158837917554,-0.8090118009896828,0.30901766613634435,0.9999999900923855,0.30901335540805264,-0.8090119325778944,0.3090144334289015,-0.30901509370472824,-0.3090144158754268,-0.30901497675371864,-0.3090145445133886,0.3090143149498418,0.30901378784172534,0.3090144162360038,0.3090152297962283,-0.30901572402620986,-0.30901612729741595,-0.3090139875696428,-0.3090137643199914,-0.3090142008706471
1.0000149710900275,-1.000013488113269,1.0000149710900277,1.0000096151156366,0.3090133554080509,-0.8090176225978224,0.30901335540805264,1.0000000019771094,-0.8090176225978276,1.0000051356539437,-1.0000071706342393,-1.000005287003789,-1.0000067750528203,-1.0000054273385146,1.0000046832767517,1.000003177707438,1.000005617843602,1.0000075225668024,-1.0000090912482085,-1.0000103295530973,-1.0000037044451318,-1.0000030478882047,-1.0000087022449446
-0.8090250459232332,0.8090238221026527,-0.8090250459232322,-0.8090206484851971,0.3090176661363528,0.30901110726785136,-0.8090119325778944,-0.8090176225978276,0.9999999948885019,-0.8090168859103593,0.8090185943060867,0.8090168567141134,0.8090182806149296,0.809017147507337,-0.8090165468023718,-0.8090152016477493,-0.809016889032507,-0.8090189298817977,0.809020220274876,0.809021251958111,0.8090156989257252,0.8090151080780427,0.8090163525052392
0.9999958122162123,-0.9999947851521358,0.9999958122162123,0.9999923625017371,0.30901443342890134,-0.8090168859103604,0.3090144334289015,1.0000051356539437,-0.8090168859103593,0.9999999939087213,-0.9999955485490887,-0.9999985655932763,-0.9999951878468063,-0.9999951169881346,0.9999907157365783,0.9999918250847663,1.0000002575331113,0.9999913700110475,-0.9999922328882788,-0.9999928074870352,-0.999991016184194,-0.9999918168502943,-1.0000042774687041
-0.9999955908540813,0.999994648747001,-0.9999955908540799,-0.9999959302462285,-0.3090150937047262,0.8090185943060848,-0.30901509370472824,-1.0000071706342393,0.8090185943060867,-0.9999955485490887,0.9999999946180067,0.9999960643305048,0.9999921439682488,0.999992236189746,-0.9999947110058717,-0.9999926455281151,-1.0000016830770182,-0.9999916403565545,0.9999923983798831,0.9999928653054727,0.9999916946045053,0.9999926377840294,1.000006071331065
-1.0000009444341367,0.9999997735402816,-1.0000009444341345,-0.9999969157721323,-0.30901441587542805,0.8090168567141144,-0.3090144158754268,-1.000005287003789,0.8090168567141134,-0.9999985655932763,0.9999960643305048,0.9999999984892386,0.9999956864487565,0.9999952889596516,-0.9999944136742913,-0.9999983642807517,-1.0000054333250112,-0.9999956165462658,0.9999966760176386,0.9999974452258557,0.9999944075657292,0.9999948791568626,1.0000050803898746
-0.9999952970667886,0.9999943471142356,-0.9999952970667862,-0.9999921451778729,-0.3090149767537183,0.8090182806149289,-0.30901497675371864,-1.0000067750528203,0.8090182806149296,-0.9999951878468063,0.9999921439682488,0.9999956864487565,0.9999999941184857,0.9999918733325499,-0.9999908943935526,-0.9999922756758581,-1.0000012884512959,-0.9999947603963943,0.9999920682418443,0.9999925433219117,0.999991330286135,0.9999922677975268,1.0000056715928243
-0.9999959349682908,0.9999949131095135,-0.9999959349682895,-0.9999924963990297,-0.3090145445133868,0.8090171475073368,-0.3090145445133886,-1.0000054273385146,0.809017147507337,-0.9999951169881346,0.999992236189746,0.9999952889596516,0.9999918733325499,0.9999999941284906,-0.999990867284555,-0.999991999069157,-1.000000478237092,-0.9999915068582369,0.9999923671792856,0.9999929353685877,0.9999911776251508,0.9999919872571614,1.0000045360467686
0.999994785635206,-0.999993788285549,0.9999947856352047,0.9999914415744542,0.3090143149498383,-0.8090165468023698,0.3090143149498418,1.0000046832767517,-0.8090165468023718,0.9999907157365783,-0.9999947110058717,-0.9999944136742913,-0.9999908943935526,-0.999990867284555,0.9999999927707935,0.9999910956208896,0.999999676992614,0.9999904946949102,-0.9999913269715922,-0.9999918662200382,-0.9999937086431047,-0.9999910811736039,-1.0000037772064985
0.9999970726471585,-0.9999959614292487,0.9999970726471572,0.9999932782485765,0.3090137878417278,-0.8090152016477506,0.30901378784172534,1.000003177707438,-0.8090152016477493,0.9999918250847663,-0.9999926455281151,-0.9999983642807517,-0.9999922756758581,-0.999991999069157,0.9999910956208896,0.9999999941272232,0.999999351910541,0.9999920974652944,-0.9999930808476122,-0.9999937718732961,-0.9999946580573811,-0.9999952415552784,-1.0000027610976352
1.0000079405702487,-1.000006607678645,1.0000079405702456,1.000003246816919,0.30901441623600584,-0.8090168890325091,0.3090144162360038,1.000005617843602,-0.809016889032507,1.0000002575331113,-1.0000016830770182,-1.0000054333250112,-1.0000012884512959,-1.000000478237092,0.999999676992614,0.999999351910541,1.000000003274057,1.0000015783229075,-1.0000028747210397,-1.0000038715615245,-0.9999992690403672,-0.9999992938980835,-1.0000098396432315
0.9999942984942232,-0.9999934163761078,0.9999942984942214,0.9999914094150484,0.30901522979622753,-0.809018929881798,0.3090152297962283,1.0000075225668024,-0.8090189298817977,0.9999913700110475,-0.9999916403565545,-0.9999956165462658,-0.9999947603963943,-0.9999915068582369,0.9999904946949102,0.9999920974652944,1.0000015783229075,0.9999999933301341,-0.9999948373069159,-0.9999917668522672,-0.99999104170511,-0.999992088947655,-1.0000062394747875
-0.9999946840447393,0.9999938541506712,-0.9999946840447387,-0.9999954565808709,-0.3090157240262054,0.8090202202748734,-0.30901572402620986,-1.0000090912482085,0.809020220274876,-0.9999922328882788,0.9999923983798831,0.9999966760176386,0.9999920682418443,0.9999923671792856,-0.9999913269715922,-0.9999930808476122,-1.0000028747210397,-0.9999948373069159,0.9999999942653843,0.9999923244948542,0.9999919504298613,0.9999930709674689,1.0000077073632807
-0.9999947577193594,0.9999939863091444,-0.9999947577193565,-0.9999957475770336,-0.3090161272974137,0.8090212519581096,-0.30901612729741595,-1.0000103295530973,0.809021251958111,-0.9999928074870352,0.9999928653054727,0.9999974452258557,0.9999925433219117,0.9999929353685877,-0.9999918662200382,-0.9999937718732961,-1.0000038715615245,-0.9999917668522672,0.9999923244948542,0.9999999946798608,0.9999925659150269,0.9999937547070504,1.0000088596372378
-0.9999956801789415,0.9999946254787264,-0.9999956801789408,-0.9999921072767631,-0.3090139875696402,0.8090156989257241,-0.3090139875696428,-1.0000037044451318,0.8090156989257252,-0.999991016184194,0.9999916946045053,0.9999944075657292,0.999991330286135,0.9999911776251508,-0.9999937086431047,-0.9999946580573811,-0.9999992690403672,-0.99999104170511,0.9999919504298613,0.9999925659150269,0.999999993170458,0.9999911789002041,1.0000030332189631
-0.9999970452251716,0.9999959426468584,-0.9999970452251694,-0.9999932697649799,-0.3090137643199894,0.8090151080780427,-0.3090137643199914,-1.0000030478882047,0.8090151080780427,-0.9999918168502943,0.9999926377840294,0.9999948791568626,0.9999922677975268,0.9999919872571614,-0.9999910811736039,-0.9999952415552784,-0.9999992938980835,-0.999992088947655,0.9999930709674689,0.9999937547070504,0.9999911789002041,0.9999999940863338,1.0000026642306352
-1.0000133061001708,1.00001187192483,-1.0000133061001695,-1.000008175294848,-0.30901420087064674,0.8090163525052391,-0.3090142008706471,-1.0000087022449446,0.8090163525052392,-1.0000042774687041,1.000006071331065,1.0000050803898746,1.0000056715928243,1.0000045360467686,-1.0000037772064985,-1.0000027610976352,-1.0000098396432315,-1.0000062394747875,1.0000077073632807,1.0000088596372378,1.0000030332189631,1.0000026642306352,1.0000000049725186
