1.0000000033550702,-0.889736427127842,-0.8897364271278411,-0.9999951015268193,-0.999995608189228,0.5832748421130011,0.5832748421130035,0.9999951484874504,0.8082346411211802,-0.30759751684144265,-1.000001549671086,-0.31036937728439246,0.30753651414031863,0.3075365141403182,0.8097776102660437,0.9999968934646014,-0.9999950777502394,-0.23454439373644875,-0.5164746886408125,-0.2345443937364485,-0.5164746886408125,0.311120964324645,0.3111209643246453,-0.3735357179650197,-0.32362109853290966,-0.3735357179650213,-0.323621098532909,0.4464092230374341,0.36107245642751035,0.33611212522813244,0.44640922303743497,0.3610724564275123,0.33611212522813216,-0.34859634752895574,-0.3485963475289572
-0.889736427127842,1.0000000038844579,0.5832549459779208,0.8897310611219043,0.8897315282797141,-0.8897469357510265,-0.1481702251101677,-0.8897295829332432,-0.7190703438727214,0.2736097562075474,0.8897352232537441,0.27621629022202115,-0.273555478654055,-0.2735554786540538,-0.7205298973891306,-0.889731099634704,0.8897295025792208,0.6524264828772538,0.8504119723521321,-0.2350622625282845,0.06863815816490863,-0.7106422737584838,0.15701249632713243,0.7557887048621182,0.719855506664465,-0.09109387488046462,-0.14398213748108965,-0.8056595344736359,-0.7469472430290823,-0.728977433820138,0.01128864505083074,0.10443038335227889,0.13087668121670146,0.7380087079572111,-0.11769268205477842
-0.8897364271278411,0.5832549459779208,1.0000000038844579,0.8897310611219047,0.8897315282797166,-0.14817022511016964,-0.8897469357510229,-0.8897295829332424,-0.7190703438727225,0.27360975620754024,0.8897352232537481,0.2762162902220283,-0.2735554786540497,-0.2735554786540507,-0.7205298973891362,-0.8897310996347035,0.8897295025792223,-0.23506226252828266,0.06863815816490933,0.6524264828772514,0.8504119723521287,0.1570124963271259,-0.7106422737584841,-0.09109387488046446,-0.14398213748108393,0.7557887048621179,0.7198555066644653,0.011288645050827883,0.10443038335227331,0.13087668121670099,-0.8056595344736367,-0.7469472430290859,-0.7289774338201346,-0.11769268205477477,0.7380087079572135
-0.9999951015268193,0.8897310611219043,0.8897310611219047,0.999999992098327,0.9999893791640443,-0.5832702045894732,-0.5832702045894738,-0.9999856256797987,-0.8083442399604074,0.3077825113083524,0.999993864022635,0.3101796707900241,-0.30772151276348836,-0.307721512763488,-0.8096556281533965,-0.9999891566706759,0.9999872917041533,0.23454252420744193,0.5164705723354047,0.23454252420744065,0.5164705723354044,-0.3111184741763996,-0.3111184741763986,0.37353272789571873,0.3236185031861221,0.3735327278957201,0.3236185031861206,-0.4464056571568468,-0.36106956093253256,-0.3361094271741663,-0.4464056571568468,-0.36106956093253295,-0.33610942717416536,0.3485935493928392,0.34859354939284
-0.999995608189228,0.8897315282797141,0.8897315282797166,0.9999893791640443,0.9999999927935166,-0.5832705240641326,-0.5832705240641377,-0.99998773044563,-0.8082139672345008,0.3075715070350863,0.9999941129743588,0.31039078672358233,-0.30751050432017996,-0.30751050432017973,-0.8097862448970606,-0.999989463283,0.9999876538198456,0.23454265797280408,0.5164708663727873,0.23454265797280685,0.5164708663727902,-0.3111186631446862,-0.3111186631446888,0.37353295518608354,0.32361870554807987,0.3735329551860882,0.32361870554808225,-0.4464059203133639,-0.36106978648700916,-0.3361096401999982,-0.4464059203133677,-0.3610697864870136,-0.3361096402000013,0.3485937701827463,0.3485937701827503
0.5832748421130011,-0.8897469357510265,-0.14817022511016964,-0.5832702045894732,-0.5832705240641326,1.0000000010170822,-0.3195855227449738,0.5832692225371503,0.4713571200457115,-0.17931029157106246,-0.5832728756158808,-0.181132456685305,0.17927470837077267,0.17927470837077109,0.4723840474923042,0.5832701878366594,-0.5832691557836057,-0.9264136236486232,-0.9967995396226254,0.6528088986368723,0.39431064901830354,0.9534337121317844,-0.5904973271599672,-0.9713571689612055,-0.9573285405947576,0.5356112090040585,0.5798101898019679,0.9872291637650583,0.9680870091949869,0.9610700041758914,-0.46647304056659183,-0.5468799901949469,-0.5689803145129297,-0.9646569613844691,0.5580038732815209
0.5832748421130035,-0.1481702251101677,-0.8897469357510229,-0.5832702045894738,-0.5832705240641377,-0.3195855227449738,1.0000000010170822,0.5832692225371513,0.4713571200457148,-0.17931029157105344,-0.5832728756158891,-0.18113245668531455,0.1792747083707681,0.17927470837076973,0.4723840474923113,0.5832701878366578,-0.583269155783611,0.652808898636876,0.39431064901830803,-0.9264136236486233,-0.9967995396226262,-0.5904973271599616,0.9534337121317921,0.5356112090040612,0.5798101898019639,-0.971357168961209,-0.957328540594765,-0.466473040566591,-0.5468799901949413,-0.5689803145129352,0.9872291637650642,0.9680870091949977,0.9610700041758914,0.5580038732815195,-0.9646569613844774
0.9999951484874504,-0.8897295829332432,-0.8897295829332424,-0.9999856256797987,-0.99998773044563,0.5832692225371503,0.5832692225371513,0.9999999898506226,0.8084714942951776,-0.3079897731457484,-0.9999924743091756,-0.309971591661912,0.3079287787734773,0.30792877877347746,0.8095261830920077,0.9999877102286373,-0.9999841004052459,-0.234542124093399,-0.5164696917811714,-0.23454212409339614,-0.5164696917811694,0.31111793208357175,0.31111793208356964,-0.3735320766463079,-0.3236179336047277,-0.3735320766463073,-0.3236179336047249,0.44640488719506166,0.36106892565826226,0.33610883280077075,0.44640488719506044,0.3610689256582613,0.33610883280076875,-0.34859293308861966,-0.3485929330886187
0.8082346411211802,-0.7190703438727214,-0.7190703438727225,-0.8083442399604074,-0.8082139672345008,0.4713571200457115,0.4713571200457148,0.8084714942951776,1.0000000081810496,-0.8089309475077306,-0.808914481059135,0.30893801922144637,0.8088943131917892,0.8088943131917874,0.30897882778958297,0.8087593406096188,-0.8086105378840766,-0.1895263674784308,-0.41734485157226076,-0.18952636747842894,-0.41734485157226087,0.25137435657473756,0.2513743565747382,-0.30180209934946317,-0.2614586042140329,-0.30180209934946484,-0.26145860421403166,0.36070351804050277,0.291716749676692,0.2715427270577359,0.36070351804050366,0.2917167496766933,0.2715427270577362,-0.28162904060061134,-0.2816290406006122
-0.30759751684144265,0.2736097562075474,0.27360975620754024,0.3077825113083524,0.3075715070350863,-0.17931029157106246,-0.17931029157105344,-0.3079897731457484,-0.8089309475077306,1.0000000008426244,0.30870190441176726,-0.8090512910305253,-0.9999984688206771,-0.9999984688206719,0.30919778829733807,-0.3084531414272259,0.3082145144223024,0.07208087515416432,0.15872675435450556,0.07208087515414856,0.15872675435449382,-0.09556514708226156,-0.09556514708225,0.11473494109593661,0.09937984839844016,0.11473494109592483,0.09937984839842716,-0.13715507666430138,-0.11088164660624736,-0.10320344071226858,-0.1371550766642901,-0.11088164660623598,-0.10320344071225643,0.10703736610908836,0.10703736610907616
-1.000001549671086,0.8897352232537441,0.8897352232537481,0.999993864022635,0.9999941129743588,-0.5832728756158808,-0.5832728756158891,-0.9999924743091756,-0.808914481059135,0.30870190441176726,0.9999999998161974,0.30926409355321777,-0.3086409235698699,-0.3086409235698706,-0.8090917730149229,-0.9999930938871093,0.999992677881166,0.23454357523476918,0.5164728889868149,0.23454357523477493,0.516472888986821,-0.3111198182344759,-0.3111198182344813,0.3735343397946962,0.3236198760268997,0.373534339794704,0.3236198760269049,-0.4464076203689322,-0.36107109362905476,-0.3361108406006885,-0.44640762036893933,-0.36107109362906165,-0.33611084060069446,0.3485950159631714,0.34859501596317877
-0.31036937728439246,0.27621629022202115,0.2762162902220283,0.3101796707900241,0.31039078672358233,-0.181132456685305,-0.18113245668531455,-0.309971591661912,0.30893801922144637,-0.8090512910305253,0.30926409355321777,0.9999999906537038,0.8090896389264653,0.8090896389264624,-0.8090767262173458,-0.30950974323388036,0.30974702108692476,0.07285905214820512,0.16043587039007864,0.07285905214821978,0.16043587039008972,-0.09669627585907013,-0.09669627585908028,0.1160965243641539,0.10060617840323081,0.11609652436416584,0.10060617840324236,-0.13870959477844205,-0.112247953335708,-0.10450157299004746,-0.13870959477845304,-0.11224795333571935,-0.10450157299005874,0.10838244147822214,0.1083824414782342
0.30753651414031863,-0.273555478654055,-0.2735554786540497,-0.30772151276348836,-0.30751050432017996,0.17927470837077267,0.1792747083707681,0.3079287787734773,0.8088943131917892,-0.9999984688206771,-0.3086409235698699,0.8090896389264653,0.9999999993870714,0.9999991402391499,-0.3092581263928674,0.30839215602166314,-0.30815352446039934,-0.07206656611409051,-0.15869524541085625,-0.07206656611407984,-0.15869524541084915,0.09554616529544198,0.09554616529543544,-0.11471215129140924,-0.0993601034744764,-0.1147121512914024,-0.09936010347446832,0.13712784149058246,0.1108596167023633,0.103182933438291,0.13712784149057597,0.11085961670235668,0.1031829334382838,-0.10701609714578147,-0.10701609714577434
0.3075365141403182,-0.2735554786540538,-0.2735554786540507,-0.307721512763488,-0.30751050432017973,0.17927470837077109,0.17927470837076973,0.30792877877347746,0.8088943131917874,-0.9999984688206719,-0.3086409235698706,0.8090896389264624,0.9999991402391499,0.9999999993870714,-0.3092581263928652,0.3083921560216633,-0.30815352446039873,-0.07206656611408854,-0.15869524541085459,-0.0720665661140816,-0.15869524541085084,0.09554616529544015,0.09554616529543723,-0.1147121512914075,-0.09936010347447455,-0.11471215129140425,-0.09936010347447005,0.13712784149058077,0.11085961670236132,0.10318293343828927,0.13712784149057763,0.11085961670235848,0.10318293343828563,-0.10701609714577967,-0.10701609714577606
0.8097776102660437,-0.7205298973891306,-0.7205298973891362,-0.8096556281533965,-0.8097862448970606,0.4723840474923042,0.4723840474923113,0.8095261830920077,0.30897882778958297,0.30919778829733807,-0.8090917730149229,-0.8090767262173458,-0.3092581263928674,-0.3092581263928652,0.9999999905836038,0.8092422029529556,-0.8093875314602323,-0.18996740479967758,-0.41831327664995616,-0.1899674047996859,-0.41831327664996304,0.2520205034290837,0.2520205034290895,-0.30258005670090193,-0.2621614626597701,-0.30258005670091,-0.2621614626597767,0.3615883173200884,0.2924997471629505,0.2722878370275907,0.36158831732009616,0.29249974716295785,0.27228783702759746,-0.2824010391479506,-0.28240103914795833
0.9999968934646014,-0.889731099634704,-0.8897310996347035,-0.9999891566706759,-0.999989463283,0.5832701878366594,0.5832701878366578,0.9999877102286373,0.8087593406096188,-0.3084531414272259,-0.9999930938871093,-0.30950974323388036,0.30839215602166314,0.3083921560216633,0.8092422029529556,0.999999992795159,-0.9999861621763195,-0.2345425006421216,-0.5164705220898905,-0.23454250064211668,-0.5164705220898874,0.31111840630262066,0.31111840630261584,-0.37353264509495393,-0.32361841416223047,-0.373532645094952,-0.3236184141622254,0.446405585119737,0.3610694623238654,0.3361093256534163,0.44640558511973427,0.36106946232386283,0.3361093256534119,-0.34859344457235564,-0.3485934445723536
-0.9999950777502394,0.8897295025792208,0.8897295025792223,0.9999872917041533,0.9999876538198456,-0.5832691557836057,-0.583269155783611,-0.9999841004052459,-0.8086105378840766,0.3082145144223024,0.999992677881166,0.30974702108692476,-0.30815352446039934,-0.30815352446039873,-0.8093875314602323,-0.9999861621763195,0.9999999899293658,0.23454209161040024,0.5164696208041517,0.23454209161040207,0.5164696208041551,-0.3111178767233797,-0.311117876723382,0.3735320097408606,0.32361786984558166,0.37353200974086476,0.3236178698455833,-0.4464048162585907,-0.3610688547610131,-0.3361087635438476,-0.446404816258594,-0.36106885476101713,-0.33610876354385044,0.34859286141715357,0.348592861417157
-0.23454439373644875,0.6524264828772538,-0.23506226252828266,0.23454252420744193,0.23454265797280408,-0.9264136236486232,0.652808898636876,-0.234542124093399,-0.1895263674784308,0.07208087515416432,0.23454357523476918,0.07285905214820512,-0.07206656611409051,-0.07206656611408854,-0.18996740479967758,-0.2345425006421216,0.23454209161040024,0.9999999887439922,0.953546749533267,-0.889960884322748,-0.7112753847417116,-0.9968243799340462,0.8508833822253147,0.9893473819208619,0.9956935251252311,-0.8141267666054682,-0.8438871877128598,-0.9745660544114474,-0.99121040988872,-0.9943816616648932,0.7651614564695945,0.8218361405444069,0.8367159486474065,0.9928880462844824,-0.8293661512567678
-0.5164746886408125,0.8504119723521321,0.06863815816490933,0.5164705723354047,0.5164708663727873,-0.9967995396226254,0.39431064901830803,-0.5164696917811714,-0.41734485157226076,0.15872675435450556,0.5164728889868149,0.16043587039007864,-0.15869524541085625,-0.15869524541085459,-0.41831327664995616,-0.5164705220898905,0.5164696208041517,0.953546749533267,1.000000001204429,-0.7112753847417138,-0.46651194984355926,-0.9744933586008986,0.6531226237280648,0.9872457864894039,0.9773691011971037,-0.6014040653593529,-0.6430864120197194,-0.9968045722067294,-0.985024944055982,-0.9800840620730237,0.53569025526345,0.6120570746018792,0.6328988297023699,0.9826368111807687,-0.6225560679632234
-0.2345443937364485,-0.2350622625282845,0.6524264828772514,0.23454252420744065,0.23454265797280685,0.6528088986368723,-0.9264136236486233,-0.23454212409339614,-0.18952636747842894,0.07208087515414856,0.23454357523477493,0.07285905214821978,-0.07206656611407984,-0.0720665661140816,-0.1899674047996859,-0.23454250064211668,0.23454209161040207,-0.889960884322748,-0.7112753847417138,0.9999999887439922,0.9535467495332611,0.8508833822253051,-0.9968243799340496,-0.8141267666054676,-0.8438871877128524,0.98934738192086,0.9956935251252346,0.7651614564695911,0.8218361405443974,0.8367159486474088,-0.9745660544114502,-0.9912104098887271,-0.9943816616648863,-0.8293661512567617,0.992888046284485
-0.5164746886408125,0.06863815816490863,0.8504119723521287,0.5164705723354044,0.5164708663727902,0.39431064901830354,-0.9967995396226262,-0.5164696917811694,-0.41734485157226087,0.15872675435449382,0.516472888986821,0.16043587039008972,-0.15869524541084915,-0.15869524541085084,-0.41831327664996304,-0.5164705220898874,0.5164696208041551,-0.7112753847417116,-0.46651194984355926,0.9535467495332611,1.000000001204429,0.6531226237280555,-0.9744933586009018,-0.6014040653593518,-0.6430864120197106,0.9872457864893992,0.9773691011971046,0.5356902552634445,0.6120570746018691,0.6328988297023701,-0.9968045722067294,-0.985024944055987,-0.9800840620730176,-0.6225560679632154,0.9826368111807703
0.311120964324645,-0.7106422737584838,0.1570124963271259,-0.3111184741763996,-0.3111186631446862,0.9534337121317844,-0.5904973271599616,0.31111793208357175,0.25137435657473756,-0.09556514708226156,-0.3111198182344759,-0.09669627585907013,0.09554616529544198,0.09554616529544015,0.2520205034290837,0.31111840630262066,-0.3111178767233797,-0.9968243799340462,-0.9744933586008986,0.8508833822253051,0.6531226237280555,1.0000000027426994,-0.8064122098070136,-0.9977972509053408,-0.9999176594222512,0.7653704013441832,0.798549632312006,0.9893103086011661,0.9986006172462788,0.9996587951161098,-0.7115370331726828,-0.7739271990504749,-0.7905166683103683,-0.999219992814474,0.7823096941816191
0.3111209643246453,0.15701249632713243,-0.7106422737584841,-0.3111184741763986,-0.3111186631446888,-0.5904973271599672,0.9534337121317921,0.31111793208356964,0.2513743565747382,-0.09556514708225,-0.3111198182344813,-0.09669627585908028,0.09554616529543544,0.09554616529543723,0.2520205034290895,0.31111840630261584,-0.311117876723382,0.8508833822253147,0.6531226237280648,-0.9968243799340496,-0.9744933586009018,-0.8064122098070136,1.0000000027426994,0.765370401344191,0.7985496323120075,-0.9977972509053491,-0.9999176594222609,-0.7115370331726887,-0.7739271990504732,-0.7905166683103784,0.9893103086011752,0.9986006172462949,0.9996587951161118,0.7823096941816219,-0.9992199928144859
-0.3735357179650197,0.7557887048621182,-0.09109387488046446,0.37353272789571873,0.37353295518608354,-0.9713571689612055,0.5356112090040612,-0.3735320766463079,-0.30180209934946317,0.11473494109593661,0.3735343397946962,0.1160965243641539,-0.11471215129140924,-0.1147121512914075,-0.30258005670090193,-0.37353264509495393,0.3735320097408606,0.9893473819208619,0.9872457864894039,-0.8141267666054676,-0.6014040653593518,-0.9977972509053408,0.765370401344191,1.0000000052010785,0.9985897626119995,-0.7209506853412336,-0.7568227627051398,-0.9968113467165254,-0.9999173705389586,-0.9992081053027001,0.663314970417869,0.7301733463466455,0.7481094534041055,0.9996519917975131,-0.7392267756971372
-0.32362109853290966,0.719855506664465,-0.14398213748108393,0.3236185031861221,0.32361870554807987,-0.9573285405947576,0.5798101898019639,-0.3236179336047277,-0.2614586042140329,0.09937984839844016,0.3236198760268997,0.10060617840323081,-0.0993601034744764,-0.09936010347447455,-0.2621614626597701,-0.32361841416223047,0.32361786984558166,0.9956935251252311,0.9773691011971037,-0.8438871877128524,-0.6430864120197106,-0.9999176594222512,0.7985496323120075,0.9985897626119995,1.0000000061215286,-0.7568227627051328,-0.7905482822133046,-0.9911491426848272,-0.9992150619983886,-0.9999207244365833,0.7022155588426412,0.765514765818248,0.7823774219050563,0.9996586842496308,-0.7740334117931008
-0.3735357179650213,-0.09109387488046462,0.7557887048621179,0.3735327278957201,0.3735329551860882,0.5356112090040585,-0.971357168961209,-0.3735320766463073,-0.30180209934946484,0.11473494109592483,0.373534339794704,0.11609652436416584,-0.1147121512914024,-0.11471215129140425,-0.30258005670091,-0.373532645094952,0.37353200974086476,-0.8141267666054682,-0.6014040653593529,0.98934738192086,0.9872457864893992,0.7653704013441832,-0.9977972509053491,-0.7209506853412336,-0.7568227627051328,1.0000000052010785,0.9985897626120029,0.6633149704178658,0.7301733463466369,0.7481094534041082,-0.9968113467165299,-0.9999173705389691,-0.9992081053026972,-0.7392267756971319,0.9996519917975187
-0.323621098532909,-0.14398213748108965,0.7198555066644653,0.3236185031861206,0.32361870554808225,0.5798101898019679,-0.957328540594765,-0.3236179336047249,-0.26145860421403166,0.09937984839842716,0.3236198760269049,0.10060617840324236,-0.09936010347446832,-0.09936010347447005,-0.2621614626597767,-0.3236184141622254,0.3236178698455833,-0.8438871877128598,-0.6430864120197194,0.9956935251252346,0.9773691011971046,0.798549632312006,-0.9999176594222609,-0.7568227627051398,-0.7905482822133046,0.9985897626120029,1.0000000061215286,0.7022155588426444,0.7655147658182452,0.7823774219050657,-0.9911491426848356,-0.9992150619984034,-0.9999207244365828,-0.7740334117931021,0.9996586842496409
0.4464092230374341,-0.8056595344736359,0.011288645050827883,-0.4464056571568468,-0.4464059203133639,0.9872291637650583,-0.466473040566591,0.44640488719506166,0.36070351804050277,-0.13715507666430138,-0.4464076203689322,-0.13870959477844205,0.13712784149058246,0.13712784149058077,0.3615883173200884,0.446405585119737,-0.4464048162585907,-0.9745660544114474,-0.9968045722067294,0.7651614564695911,0.5356902552634445,0.9893103086011661,-0.7115370331726887,-0.9968113467165254,-0.9911491426848272,0.6633149704178658,0.7022155588426444,1.0000000031130625,0.9956551293965044,0.9928208105764784,-0.6014437983925467,-0.6732844334495963,-0.6927350536991238,-0.9943236029873257,0.6830917524580049
0.36107245642751035,-0.7469472430290823,0.10443038335227331,-0.36106956093253256,-0.36106978648700916,0.9680870091949869,-0.5468799901949413,0.36106892565826226,0.291716749676692,-0.11088164660624736,-0.36107109362905476,-0.112247953335708,0.1108596167023633,0.11085961670236132,0.2924997471629505,0.3610694623238654,-0.3610688547610131,-0.99121040988872,-0.985024944055982,0.8218361405443974,0.6120570746018691,0.9986006172462788,-0.7739271990504732,-0.9999173705389586,-0.9992150619983886,0.7301733463466369,0.7655147658182452,0.9956551293965044,1.0000000074143218,0.9996562438323162,-0.6732844334495917,-0.7392649164271851,-0.7569356512591089,-0.9999204512919915,0.7481861712888079
0.33611212522813244,-0.728977433820138,0.13087668121670099,-0.3361094271741663,-0.3361096401999982,0.9610700041758914,-0.5689803145129352,0.33610883280077075,0.2715427270577359,-0.10320344071226858,-0.3361108406006885,-0.10450157299004746,0.103182933438291,0.10318293343828927,0.2722878370275907,0.3361093256534163,-0.3361087635438476,-0.9943816616648932,-0.9800840620730237,0.8367159486474088,0.6328988297023701,0.9996587951161098,-0.7905166683103784,-0.9992081053027001,-0.9999207244365833,0.7481094534041082,0.7823774219050657,0.9928208105764784,0.9996562438323162,1.000000008060354,-0.6927350536991298,-0.7569356512591204,-0.7740695745764206,-0.9999216728478442,0.7655894713253486
0.44640922303743497,0.01128864505083074,-0.8056595344736367,-0.4464056571568468,-0.4464059203133677,-0.46647304056659183,0.9872291637650642,0.44640488719506044,0.36070351804050366,-0.1371550766642901,-0.44640762036893933,-0.13870959477845304,0.13712784149057597,0.13712784149057763,0.36158831732009616,0.44640558511973427,-0.446404816258594,0.7651614564695945,0.53569025526345,-0.9745660544114502,-0.9968045722067294,-0.7115370331726828,0.9893103086011752,0.663314970417869,0.7022155588426412,-0.9968113467165299,-0.9911491426848356,-0.6014437983925467,-0.6732844334495917,-0.6927350536991298,1.0000000031130625,0.9956551293965161,0.9928208105764779,0.683091752458003,-0.9943236029873347
0.3610724564275123,0.10443038335227889,-0.7469472430290859,-0.36106956093253295,-0.3610697864870136,-0.5468799901949469,0.9680870091949977,0.3610689256582613,0.2917167496766933,-0.11088164660623598,-0.36107109362906165,-0.11224795333571935,0.11085961670235668,0.11085961670235848,0.29249974716295785,0.36106946232386283,-0.36106885476101713,0.8218361405444069,0.6120570746018792,-0.9912104098887271,-0.985024944055987,-0.7739271990504749,0.9986006172462949,0.7301733463466455,0.765514765818248,-0.9999173705389691,-0.9992150619984034,-0.6732844334495963,-0.7392649164271851,-0.7569356512591204,0.9956551293965161,1.0000000074143218,0.9996562438323205,0.7481861712888118,-0.9999204512920046
0.33611212522813216,0.13087668121670146,-0.7289774338201346,-0.33610942717416536,-0.3361096402000013,-0.5689803145129297,0.9610700041758914,0.33610883280076875,0.2715427270577362,-0.10320344071225643,-0.33611084060069446,-0.10450157299005874,0.1031829334382838,0.10318293343828563,0.27228783702759746,0.3361093256534119,-0.33610876354385044,0.8367159486474065,0.6328988297023699,-0.9943816616648863,-0.9800840620730176,-0.7905166683103683,0.9996587951161118,0.7481094534041055,0.7823774219050563,-0.9992081053026972,-0.9999207244365828,-0.6927350536991238,-0.7569356512591089,-0.7740695745764206,0.9928208105764779,0.9996562438323205,1.000000008060354,0.7655894713253397,-0.9999216728478451
-0.34859634752895574,0.7380087079572111,-0.11769268205477477,0.3485935493928392,0.3485937701827463,-0.9646569613844691,0.5580038732815195,-0.34859293308861966,-0.28162904060061134,0.10703736610908836,0.3485950159631714,0.10838244147822214,-0.10701609714578147,-0.10701609714577967,-0.2824010391479506,-0.34859344457235564,0.34859286141715357,0.9928880462844824,0.9826368111807687,-0.8293661512567617,-0.6225560679632154,-0.999219992814474,0.7823096941816219,0.9996519917975131,0.9996586842496308,-0.7392267756971319,-0.7740334117931021,-0.9943236029873257,-0.9999204512919915,-0.9999216728478442,0.683091752458003,0.7481861712888118,0.7655894713253397,1.00000000852983,-0.756974202946275
-0.3485963475289572,-0.11769268205477842,0.7380087079572135,0.34859354939284,0.3485937701827503,0.5580038732815209,-0.9646569613844774,-0.3485929330886187,-0.2816290406006122,0.10703736610907616,0.34859501596317877,0.1083824414782342,-0.10701609714577434,-0.10701609714577606,-0.28240103914795833,-0.3485934445723536,0.348592861417157,-0.8293661512567678,-0.6225560679632234,0.992888046284485,0.9826368111807703,0.7823096941816191,-0.9992199928144859,-0.7392267756971372,-0.7740334117931008,0.9996519917975187,0.9996586842496409,0.6830917524580049,0.7481861712888079,0.7655894713253486,-0.9943236029873347,-0.9999204512920046,-0.9999216728478451,-0.756974202946275,1.00000000852983
