0.9999999983097262,-0.9999975311366682,-0.9999978263866834,-0.9999973412100909,0.9999978491924705,-0.9999989211427686,0.9999991309011708,0.9999990286939495,-0.9999991660742882,-0.9999991660742882,-0.999998398321596,-0.9999993210710315,-0.9999987623225064,-0.9999990636477721,0.9999987244996119,0.9999993987766008,-0.9999993187182638,0.9999992577980047,0.9999992577980049,-0.9999992876216914,0.9999982277246369,0.9999978705338344,-0.9999981546923242
-0.9999975311366682,0.9999999982958018,0.999997915433053,0.9999973314383859,-0.9999977405356656,0.9999989112006038,-0.999999120912259,-0.9999990183149915,0.9999991556064348,0.9999991556064352,0.9999983881990923,0.9999993110398773,0.9999987524222089,0.9999990536836889,-0.9999987146108966,-0.999999388733794,0.9999993086927891,-0.9999992472636311,-0.9999992472636314,0.9999992770614655,-0.9999982179509191,-0.9999978608334338,0.9999981449314524
-0.9999978263866834,0.999997915433053,0.9999999987187412,0.9999976266546104,-0.9999981347229207,0.9999992067452478,-0.9999994165744072,-0.999999314352197,0.9999994517408712,0.9999994517408712,0.9999986839151314,0.9999996067494081,0.9999990480105506,0.9999993493312628,-0.9999990101894621,-0.9999996844473189,0.9999996043242848,-0.9999995434691962,-0.9999995434691977,0.999999573294915,-0.9999984146074576,-0.9999980573906767,0.9999984403400962
-0.9999973412100909,0.9999973314383859,0.9999976266546104,0.9999999978823128,-0.9999974517053758,0.9999986221061922,-0.9999988318046195,-0.9999987289232171,0.9999988660870558,0.999998866087055,0.9999980991122831,0.999999021890878,0.9999984634191037,0.9999987645967829,-0.9999984256069031,-0.9999990995681037,0.9999990195159434,-0.9999989576467221,-0.9999989576467224,0.9999989874058881,-0.9999979290938659,-0.999997572024157,0.9999978560445397
0.9999978491924705,-0.9999977405356656,-0.9999981347229207,-0.9999974517053758,0.9999999986094879,-0.999999130043325,0.9999993397471401,0.9999992364291143,-0.9999993735580183,-0.9999993735580169,-0.9999985079648004,-0.9999995298006951,-0.9999989714403875,-0.9999992725742226,0.9999989336505843,0.9999996074645836,-0.9999995273836955,0.9999994650920054,0.9999994650920068,-0.9999994948421719,0.9999984371659267,0.9999980801550556,-0.9999983641643044
-0.9999989211427686,0.9999989112006038,0.9999992067452478,0.9999986221061922,-0.999999130043325,1.0000000001445164,-1.0000003129940636,-1.0000003082681213,1.0000004453063913,1.0000004453063915,0.999999678596429,1.0000006018187044,1.0000000435506462,1.000000344620427,-1.0000000057494658,-1.0000006794443408,1.0000005991344334,-1.0000005367637355,-1.0000005367637366,1.0000005664835494,-0.9999995092334486,-0.9999991521237156,0.9999994361640787
0.9999991309011708,-0.999999120912259,-0.9999994165744072,-0.9999988318046195,0.9999993397471401,-1.0000003129940636,1.0000000004451757,1.0000005181061704,-1.0000006551989316,-1.0000006551989316,-0.9999998883533842,-1.000000712968305,-1.000000154676086,-1.0000005545378454,1.000000215654096,1.0000008893651722,-1.0000008090860786,1.0000007466988394,1.0000007466988408,-1.0000007764359677,0.9999997190934985,0.9999993620092049,-0.9999996460735582
0.9999990286939495,-0.9999990183149915,-0.999999314352197,-0.9999987289232171,0.9999992364291143,-1.0000003082681213,1.0000005181061704,1.0000000002953828,-1.0000004503649587,-1.000000450364955,-0.9999996851773484,-1.0000007079362463,-1.0000001503903302,-1.0000004511149287,1.0000001126685922,1.0000007854968298,-1.0000007051491393,1.0000006402951618,1.0000006402951624,-1.0000006699045243,0.9999996166250721,0.9999992598910459,-0.9999995436816547
-0.9999991660742882,0.9999991556064348,0.9999994517408712,0.9999988660870558,-0.9999993735580183,1.0000004453063913,-1.0000006551989316,-1.0000004503649587,1.0000000004909855,1.0000006856438046,0.9999999208446366,1.0000008449808584,1.0000002876206895,1.0000005882457548,-1.0000002499080964,-1.000000922516079,1.0000008420882542,-1.000000677950427,-1.0000007767153343,1.0000008062885728,-0.9999997539692943,-0.9999993972807794,0.9999996810190941
-0.9999991660742882,0.9999991556064352,0.9999994517408712,0.999998866087055,-0.9999993735580169,1.0000004453063915,-1.0000006551989316,-1.000000450364955,1.0000006856438046,1.0000000004909855,0.9999999208446374,1.0000008449808584,1.0000002876206884,1.0000005882457534,-1.0000002499080967,-1.0000009225160809,1.0000008420882547,-1.0000007767153343,-1.0000006779504256,1.0000008062885732,-0.9999997539692947,-0.9999993972807799,0.9999996810190944
-0.999998398321596,0.9999983881990923,0.9999986839151314,0.9999980991122831,-0.9999985079648004,0.999999678596429,-0.9999998883533842,-0.9999996851773484,0.9999999208446366,0.9999999208446374,0.9999999993947435,1.0000000783019842,0.9999995203170168,0.9999998212629242,-0.9999994825598258,-1.0000001559197553,1.0000000757232002,-1.0000000122097876,-1.000000012209788,1.0000000418957253,-0.9999989862787539,-0.9999986294018135,0.9999989133093781
-0.9999993210710315,0.9999993110398773,0.9999996067494081,0.999999021890878,-0.9999995298006951,1.0000006018187044,-1.000000712968305,-1.0000007079362463,1.0000008449808584,1.0000008449808584,1.0000000783019842,1.0000000007173662,1.000000443550292,1.0000007446136412,-1.0000004057687875,-1.0000009806342214,1.0000009991061918,-1.000000936444727,-1.0000009364447278,1.0000009661680127,-0.9999999092517712,-0.9999995521930133,0.9999998362359006
-0.9999987623225064,0.9999987524222089,0.9999990480105506,0.9999984634191037,-0.9999989714403875,1.0000000435506462,-1.000000154676086,-1.0000001503903302,1.0000002876206895,1.0000002876206884,0.9999995203170168,1.000000443550292,0.9999999999177002,1.0000001862651395,-0.9999997485092084,-1.000000521209419,1.000000440983361,-1.000000379227262,-1.000000379227262,1.0000004090061956,-0.9999992518173255,-0.9999989934433197,0.9999992775714581
-0.9999990636477721,0.9999990536836889,0.9999993493312628,0.9999987645967829,-0.9999992725742226,1.000000344620427,-1.0000005545378454,-1.0000004511149287,1.0000005882457548,1.0000005882457534,0.9999998212629242,1.0000007446136412,1.0000001862651395,1.0000000003490173,-1.0000000497093633,-1.0000007234888808,1.0000007419808854,-1.000000679776382,-1.0000006797763814,1.000000709525799,-0.9999996518681891,-0.9999992947628091,0.9999995788490199
0.9999987244996119,-0.9999987146108966,-0.9999990101894621,-0.9999984256069031,0.9999989336505843,-1.0000000057494658,1.000000215654096,1.0000001126685922,-1.0000002499080964,-1.0000002499080967,-0.9999994825598258,-1.0000004057687875,-0.9999997485092084,-1.0000000497093633,0.9999999998635664,1.0000004834290634,-1.0000004031936256,1.000000341521728,1.0000003415217298,-1.0000003713034542,0.9999993127673237,0.9999989556152517,-0.9999991409863164
0.9999993987766008,-0.999999388733794,-0.9999996844473189,-0.9999990995681037,0.9999996074645836,-1.0000006794443408,1.0000008893651722,1.0000007854968298,-1.000000922516079,-1.0000009225160809,-1.0000001559197553,-1.0000009806342214,-1.000000521209419,-1.0000007234888808,1.0000004834290634,1.0000000008285337,-1.0000009779476358,1.000001013959646,1.000001013959646,-1.000001043674843,0.9999999869385122,0.9999996298881338,-0.9999999139181875
-0.9999993187182638,0.9999993086927891,0.9999996043242848,0.9999990195159434,-0.9999995273836955,1.0000005991344334,-1.0000008090860786,-1.0000007051491393,1.0000008420882542,1.0000008420882547,1.0000000757232002,1.0000009991061918,1.000000440983361,1.0000007419808854,-1.0000004031936256,-1.0000009779476358,1.000000000713497,-1.000000933469658,-1.0000009334696585,1.0000009631599764,-0.9999999067750116,-0.9999995497190224,0.9999998337118361
0.9999992577980047,-0.9999992472636311,-0.9999995434691962,-0.9999989576467221,0.9999994650920054,-1.0000005367637355,1.0000007466988394,1.0000006402951618,-1.000000677950427,-1.0000007767153343,-1.0000000122097876,-1.000000936444727,-1.000000379227262,-1.000000679776382,1.000000341521728,1.000001013959646,-1.000000933469658,1.0000000006213656,1.0000008677150245,-1.0000007984955062,0.9999998456642296,0.9999994890093665,-0.9999997727077039
0.9999992577980049,-0.9999992472636314,-0.9999995434691977,-0.9999989576467224,0.9999994650920068,-1.0000005367637366,1.0000007466988408,1.0000006402951624,-1.0000007767153343,-1.0000006779504256,-1.000000012209788,-1.0000009364447278,-1.000000379227262,-1.0000006797763814,1.0000003415217298,1.000001013959646,-1.0000009334696585,1.0000008677150245,1.0000000006213656,-1.0000007984955046,0.9999998456642305,0.9999994890093673,-0.9999997727077041
-0.9999992876216914,0.9999992770614655,0.999999573294915,0.9999989874058881,-0.9999994948421719,1.0000005664835494,-1.0000007764359677,-1.0000006699045243,1.0000008062885728,1.0000008062885732,1.0000000418957253,1.0000009661680127,1.0000004090061956,1.000000709525799,-1.0000003713034542,-1.000001043674843,1.0000009631599764,-1.0000007984955062,-1.0000007984955046,1.0000000006636718,-0.9999998754773571,-0.9999995188351577,0.9999998025182074
0.9999982277246369,-0.9999982179509191,-0.9999984146074576,-0.9999979290938659,0.9999984371659267,-0.9999995092334486,0.9999997190934985,0.9999996166250721,-0.9999997539692943,-0.9999997539692947,-0.9999989862787539,-0.9999999092517712,-0.9999992518173255,-0.9999996518681891,0.9999993127673237,0.9999999869385122,-0.9999999067750116,0.9999998456642296,0.9999998456642305,-0.9999998754773571,0.9999999991521263,0.9999984587721622,-0.9999987429469254
0.9999978705338344,-0.9999978608334338,-0.9999980573906767,-0.999997572024157,0.9999980801550556,-0.9999991521237156,0.9999993620092049,0.9999992598910459,-0.9999993972807794,-0.9999993972807799,-0.9999986294018135,-0.9999995521930133,-0.9999989934433197,-0.9999992947628091,0.9999989556152517,0.9999996298881338,-0.9999995497190224,0.9999994890093665,0.9999994890093673,-0.9999995188351577,0.9999984587721622,0.9999999986405099,-0.9999982869544242
-0.9999981546923242,0.9999981449314524,0.9999984403400962,0.9999978560445397,-0.9999983641643044,0.9999994361640787,-0.9999996460735582,-0.9999995436816547,0.9999996810190941,0.9999996810190944,0.9999989133093781,0.9999998362359006,0.9999992775714581,0.9999995788490199,-0.9999991409863164,-0.9999999139181875,0.9999998337118361,-0.9999997727077039,-0.9999997727077041,0.9999998025182074,-0.9999987429469254,-0.9999982869544242,0.9999999990475242
