0.9999999983027255,-0.9999976143802094,0.999997518381894,0.9999976226356426,-0.9999976226356885,0.9999976195866735,-0.9999975183819363,-0.9999976226356844,-0.9999977755756932,0.9999985546250316,-0.9999996558697215,-0.9999985546250526,0.9999977755757244,0.9999996558697886,-1.000002735335465,1.0000015577779557,1.0000027353355359,-1.0000015577780241,0.9999987828781108,-0.9999983864552905,-0.9999983864552897,-0.9999987828782074,0.9999983864554093,0.9999983864554076,0.9999982071934594,0.9999982071934584,-0.9999982071935859,-0.9999982071935886,-0.9999981596294835,0.9999981596296177
-0.9999976143802094,0.9999999982986947,-0.9999975106652593,-0.9999976143802135,0.9999976195866769,-0.9999976169917173,0.99999751587172,0.9999976195866735,0.9999977733950199,-0.9999985533857537,0.9999996554704141,0.9999985533857747,-0.9999977733950509,-0.9999996554704784,1.0000027336422124,-1.0000015566852833,-1.0000027336422808,1.0000015566853488,-0.9999987836029227,0.9999983874618713,0.99999838746187,0.999998783603016,-0.9999983874619871,-0.9999983874619836,-0.9999982084827302,-0.9999982084827297,0.9999982084828525,0.9999982084828536,0.9999981610433315,-0.999998161043462
0.999997518381894,-0.9999975106652593,0.9999999981542785,0.9999975183818908,-0.9999975183819299,0.999997515871712,-0.9999974147054612,-0.9999975183819259,-0.9999976666407023,0.9999984509966338,-0.9999995517351011,-0.9999984509966503,0.9999976718471519,0.9999995517351602,-1.000002629641327,1.000001452836785,1.0000026296413906,-1.0000014528368455,0.9999986783773667,-0.9999982814779689,-0.9999982814779672,-0.9999986783774513,0.9999982814780743,0.9999982814780709,0.9999981019516411,0.9999981019516424,-0.9999981019517523,-0.9999981019517533,-0.999998054311236,0.9999980543113537
0.9999976226356426,-0.9999976143802135,0.9999975183818908,0.9999999983027255,-0.999997622635685,0.9999976195866709,-0.9999975183819333,-0.9999976226356815,-0.99999777557569,0.9999985546250281,-0.9999996558697172,-0.9999985546250504,0.999997775575722,0.9999996558697852,-1.000002735335461,1.000001557777952,1.0000027353355319,-1.0000015577780212,0.999998782878108,-0.9999983864552875,-0.9999983864552856,-0.9999987828782039,0.9999983864554061,0.9999983864554038,0.999998207193456,0.9999982071934554,-0.9999982071935823,-0.9999982071935833,-0.9999981596294805,0.9999981596296136
-0.9999976226356885,0.9999976195866769,-0.9999975183819299,-0.999997622635685,0.9999999983027255,-0.9999976143802177,0.9999975183819032,0.9999976226356458,0.9999977755757242,-0.9999985546250588,0.9999996558697899,0.9999985546250305,-0.9999977755756964,-0.9999996558697247,1.0000027353355396,-1.000001557778029,-1.0000027353354648,1.0000015577779533,-0.9999987828782113,0.9999983864554068,0.9999983864554052,0.9999987828781072,-0.9999983864552956,-0.9999983864552926,-0.9999982071935869,-0.9999982071935856,0.9999982071934627,0.999998207193464,0.9999981596296125,-0.9999981596294921
0.9999976195866735,-0.9999976169917173,0.999997515871712,0.9999976195866709,-0.9999976143802177,0.9999999982986947,-0.9999975106652635,-0.999997614380211,-0.9999977733950465,0.9999985533857765,-0.9999996554704743,-0.9999985533857486,0.9999977733950197,0.9999996554704119,-1.0000027336422803,1.0000015566853506,1.0000027336422084,-1.0000015566852787,0.9999987836030185,-0.9999983874619812,-0.9999983874619798,-0.9999987836029173,0.9999983874618732,0.99999838746187,0.9999982084828483,0.9999982084828494,-0.9999982084827302,-0.9999982084827307,-0.9999981610434536,0.9999981610433375
-0.9999975183819363,0.99999751587172,-0.9999974147054612,-0.9999975183819333,0.9999975183819032,-0.9999975106652635,0.9999999981542785,0.9999975183818987,0.9999976718471592,-0.999998450996661,0.9999995517351654,0.9999984509966386,-0.9999976666407153,-0.9999995517351085,1.0000026296413982,-1.0000014528368566,-1.0000026296413318,1.0000014528367902,-0.9999986783774624,0.9999982814780766,0.9999982814780743,0.9999986783773713,-0.9999982814779811,-0.9999982814779773,-0.9999981019517578,-0.9999981019517572,0.9999981019516501,0.999998101951652,0.9999980543113556,-0.9999980543112492
-0.9999976226356844,0.9999976195866735,-0.9999975183819259,-0.9999976226356815,0.9999976226356458,-0.999997614380211,0.9999975183818987,0.9999999983027255,0.9999977755757216,-0.9999985546250534,0.9999996558697856,0.9999985546250265,-0.9999977755756922,-0.9999996558697198,1.0000027353355354,-1.0000015577780244,-1.00000273533546,1.0000015577779506,-0.9999987828782083,0.9999983864554027,0.9999983864554015,0.9999987828781046,-0.999998386455292,-0.9999983864552894,-0.9999982071935821,-0.9999982071935809,0.9999982071934581,0.9999982071934603,0.9999981596296085,-0.9999981596294875
-0.9999977755756932,0.9999977733950199,-0.9999976666407023,-0.99999777557569,0.9999977755757242,-0.9999977733950465,0.9999976718471592,0.9999977755757216,0.9999999985210075,-0.9999987015897518,0.999999806173748,0.9999987067961845,-0.9999979283805319,-0.9999998061737982,1.0000028835009116,-1.0000017070303886,-1.000002883500965,1.000001707030438,-0.9999989311795565,0.9999985332959721,0.99999853329597,0.9999989311796275,-0.9999985332960633,-0.9999985332960591,-0.9999983531853289,-0.9999983531853291,0.9999983531854219,0.9999983531854244,0.9999983053493651,-0.9999983053494673
0.9999985546250316,-0.9999985533857537,0.9999984509966338,0.9999985546250281,-0.9999985546250588,0.9999985533857765,-0.999998450996661,-0.9999985546250534,-0.9999987015897518,0.9999999996324807,-1.0000005785782788,-0.9999994800111096,0.9999987067961904,1.0000005837847412,-1.0000036595067636,1.000002483902681,1.000003659506806,-1.0000024839027213,0.9999997076186559,-0.9999993086087001,-0.999999308608699,-0.9999997076187134,0.9999993086087736,0.9999993086087712,0.9999991280529377,0.9999991280529386,-0.9999991280530145,-0.999999128053016,-0.9999990801121686,0.9999990801122502
-0.9999996558697215,0.9999996554704141,-0.9999995517351011,-0.9999996558697172,0.9999996558697899,-0.9999996554704743,0.9999995517351654,0.9999996558697856,0.999999806173748,-1.0000005785782788,1.0000000011998396,1.0000005837847383,-0.9999998061737985,-1.0000016806134286,1.0000047555045843,-1.0000035752503473,-1.0000047555047036,1.0000035804568816,-1.0000007966945277,1.0000004011417467,1.000000401141744,1.000000801901107,-1.0000004011419374,-1.0000004011419346,-1.000000219776579,-1.0000002197765792,1.0000002197767852,1.0000002197767859,1.0000001716021285,-1.0000001716023426
-0.9999985546250526,0.9999985533857747,-0.9999984509966503,-0.9999985546250504,0.9999985546250305,-0.9999985533857486,0.9999984509966386,0.9999985546250265,0.9999987067961845,-0.9999994800111096,1.0000005837847383,0.9999999996324807,-0.9999987015897458,-1.000000578578277,1.0000036595068054,-1.0000024839027215,-1.0000036595067594,1.0000024839026758,-0.9999997076187134,0.999999308608768,0.9999993086087665,0.9999997076186493,-0.9999993086087017,-0.9999993086087009,-0.9999991280530104,-0.9999991280530108,0.9999991280529374,0.9999991280529386,0.999999080112241,-0.9999990801121728
0.9999977755757244,-0.9999977733950509,0.9999976718471519,0.999997775575722,-0.9999977755756964,0.9999977733950197,-0.9999976666407153,-0.9999977755756922,-0.9999979283805319,0.9999987067961904,-0.9999998061737985,-0.9999987015897458,0.9999999985210075,0.9999998061737505,-1.0000028835009696,1.000001707030442,1.0000028835009118,-1.0000017070303862,0.999998931179633,-0.9999985332960593,-0.9999985332960574,-0.9999989311795546,0.9999985332959779,0.999998533295976,0.9999983531854235,0.999998353185423,-0.9999983531853335,-0.999998353185334,-0.999998305349463,0.9999983053493724
0.9999996558697886,-0.9999996554704784,0.9999995517351602,0.9999996558697852,-0.9999996558697247,0.9999996554704119,-0.9999995517351085,-0.9999996558697198,-0.9999998061737982,1.0000005837847412,-1.0000016806134286,-1.000000578578277,0.9999998061737505,1.0000000011998398,-1.0000047555047065,1.000003580456885,1.000004755504585,-1.0000035752503436,1.0000008019011124,-1.0000004011419354,-1.0000004011419337,-1.0000007966945208,1.0000004011417516,1.0000004011417478,1.0000002197767832,1.0000002197767839,-1.0000002197765823,-1.0000002197765843,-1.0000001716023381,1.000000171602135
-1.000002735335465,1.0000027336422124,-1.000002629641327,-1.000002735335461,1.0000027353355396,-1.0000027336422803,1.0000026296413982,1.0000027353355354,1.0000028835009116,-1.0000036595067636,1.0000047555045843,1.0000036595068054,-1.0000028835009696,-1.0000047555047065,1.0000000055925913,-1.0000066517779305,-1.0000078335321974,1.0000066569844803,-1.0000038755760718,1.0000034749178397,1.0000034749178386,1.0000038755762508,-1.0000034749180535,-1.0000034749180515,-1.0000032933979908,-1.0000032933979903,1.000003293398219,1.0000032933982215,1.0000032451171712,-1.000003245117412
1.0000015577779557,-1.0000015566852833,1.000001452836785,1.000001557777952,-1.000001557778029,1.0000015566853506,-1.0000014528368566,-1.0000015577780244,-1.0000017070303886,1.000002483902681,-1.0000035752503473,-1.0000024839027215,1.000001707030442,1.000003580456885,-1.0000066517779305,1.0000000039131538,1.0000066569844825,-1.0000054811474384,1.0000027013102597,-1.0000023007089882,-1.0000023007089878,-1.0000027013104327,1.0000023007091954,1.0000023007091918,1.00000211933102,1.0000021193310196,-1.0000021193312407,-1.000002119331242,-1.0000020711252902,1.0000020711255213
1.0000027353355359,-1.0000027336422808,1.0000026296413906,1.0000027353355319,-1.0000027353354648,1.0000027336422084,-1.0000026296413318,-1.00000273533546,-1.000002883500965,1.000003659506806,-1.0000047555047036,-1.0000036595067594,1.0000028835009118,1.000004755504585,-1.0000078335321974,1.0000066569844825,1.0000000055925913,-1.0000066517779294,1.0000038755762537,-1.0000034749180484,-1.000003474918047,-1.0000038755760663,1.0000034749178421,1.00000347491784,1.000003293398217,1.000003293398217,-1.0000032933979912,-1.0000032933979923,-1.0000032451174037,1.000003245117177
-1.0000015577780241,1.0000015566853488,-1.0000014528368455,-1.0000015577780212,1.0000015577779533,-1.0000015566852787,1.0000014528367902,1.0000015577779506,1.000001707030438,-1.0000024839027213,1.0000035804568816,1.0000024839026758,-1.0000017070303862,-1.0000035752503436,1.0000066569844803,-1.0000054811474384,-1.0000066517779294,1.0000000039131538,-1.0000027013104327,1.0000023007091883,1.0000023007091867,1.0000027013102528,-1.0000023007089895,-1.0000023007089875,-1.0000021193312343,-1.000002119331235,1.0000021193310182,1.0000021193310191,1.0000020711255106,-1.0000020711252924
0.9999987828781108,-0.9999987836029227,0.9999986783773667,0.999998782878108,-0.9999987828782113,0.9999987836030185,-0.9999986783774624,-0.9999987828782083,-0.9999989311795565,0.9999997076186559,-1.0000007966945277,-0.9999997076187134,0.999998931179633,1.0000008019011124,-1.0000038755760718,1.0000027013102597,1.0000038755762537,-1.0000027013104327,0.9999999999426169,-0.9999995112739506,-0.9999995112739484,-0.9999999196249931,0.9999995164806568,0.9999995164806538,0.9999993339339254,0.999999333933927,-0.9999993339342368,-0.9999993339342371,-0.9999992854009678,0.9999992854012882
-0.9999983864552905,0.9999983874618713,-0.9999982814779689,-0.9999983864552875,0.9999983864554068,-0.9999983874619812,0.9999982814780766,0.9999983864554027,0.9999985332959721,-0.9999993086087001,1.0000004011417467,0.999999308608768,-0.9999985332960593,-1.0000004011419354,1.0000034749178397,-1.0000023007089882,-1.0000034749180484,1.0000023007091883,-0.9999995112739506,0.9999999993660362,0.9999991120115872,0.9999995164806479,-0.9999991120119189,-0.9999991120119152,-0.9999989235124493,-0.9999989287188631,0.9999989287192181,0.9999989287192196,0.999998879936096,-0.9999988799364663
-0.9999983864552897,0.99999838746187,-0.9999982814779672,-0.9999983864552856,0.9999983864554052,-0.9999983874619798,0.9999982814780743,0.9999983864554015,0.99999853329597,-0.999999308608699,1.000000401141744,0.9999993086087665,-0.9999985332960574,-1.0000004011419337,1.0000034749178386,-1.0000023007089878,-1.000003474918047,1.0000023007091867,-0.9999995112739484,0.9999991120115872,0.9999999993660362,0.9999995164806478,-0.9999991120119184,-0.9999991120119152,-0.9999989287188609,-0.9999989235124396,0.999998928719216,0.9999989287192177,0.9999988799360944,-0.9999988799364645
-0.9999987828782074,0.999998783603016,-0.9999986783774513,-0.9999987828782039,0.9999987828781072,-0.9999987836029173,0.9999986783773713,0.9999987828781046,0.9999989311796275,-0.9999997076187134,1.000000801901107,0.9999997076186493,-0.9999989311795546,-1.0000007966945208,1.0000038755762508,-1.0000027013104327,-1.0000038755760663,1.0000027013102528,-0.9999999196249931,0.9999995164806479,0.9999995164806478,0.9999999999426172,-0.9999995112739468,-0.9999995112739466,-0.9999993339342309,-0.9999993339342303,0.9999993339339243,0.9999993339339255,0.9999992854012787,-0.9999992854009706
0.9999983864554093,-0.9999983874619871,0.9999982814780743,0.9999983864554061,-0.9999983864552956,0.9999983874618732,-0.9999982814779811,-0.999998386455292,-0.9999985332960633,0.9999993086087736,-1.0000004011419374,-0.9999993086087017,0.9999985332959779,1.0000004011417516,-1.0000034749180535,1.0000023007091954,1.0000034749178421,-1.0000023007089895,0.9999995164806568,-0.9999991120119189,-0.9999991120119184,-0.9999995112739468,0.9999999993660362,0.9999991120115929,0.9999989287192196,0.9999989287192201,-0.9999989235124497,-0.9999989287188701,-0.9999988799364635,0.9999988799361068
0.9999983864554076,-0.9999983874619836,0.9999982814780709,0.9999983864554038,-0.9999983864552926,0.99999838746187,-0.9999982814779773,-0.9999983864552894,-0.9999985332960591,0.9999993086087712,-1.0000004011419346,-0.9999993086087009,0.999998533295976,1.0000004011417478,-1.0000034749180515,1.0000023007091918,1.00000347491784,-1.0000023007089875,0.9999995164806538,-0.9999991120119152,-0.9999991120119152,-0.9999995112739466,0.9999991120115929,0.9999999993660362,0.9999989287192174,0.9999989287192177,-0.999998928718865,-0.999998923512448,-0.9999988799364626,0.9999988799361028
0.9999982071934594,-0.9999982084827302,0.9999981019516411,0.999998207193456,-0.9999982071935869,0.9999982084828483,-0.9999981019517578,-0.9999982071935821,-0.9999983531853289,0.9999991280529377,-1.000000219776579,-0.9999991280530104,0.9999983531854235,1.0000002197767832,-1.0000032933979908,1.00000211933102,1.000003293398217,-1.0000021193312343,0.9999993339339254,-0.9999989235124493,-0.9999989287188609,-0.9999993339342309,0.9999989287192196,0.9999989287192174,0.999999999104058,0.9999987450601578,-0.999998745060543,-0.9999987450605435,-0.9999986909593711,0.999998696166192
0.9999982071934584,-0.9999982084827297,0.9999981019516424,0.9999982071934554,-0.9999982071935856,0.9999982084828494,-0.9999981019517572,-0.9999982071935809,-0.9999983531853291,0.9999991280529386,-1.0000002197765792,-0.9999991280530108,0.999998353185423,1.0000002197767839,-1.0000032933979903,1.0000021193310196,1.000003293398217,-1.000002119331235,0.999999333933927,-0.9999989287188631,-0.9999989235124396,-0.9999993339342303,0.9999989287192201,0.9999989287192177,0.9999987450601578,0.999999999104058,-0.999998745060543,-0.9999987450605435,-0.9999986909593698,0.999998696166192
-0.9999982071935859,0.9999982084828525,-0.9999981019517523,-0.9999982071935823,0.9999982071934627,-0.9999982084827302,0.9999981019516501,0.9999982071934581,0.9999983531854219,-0.9999991280530145,1.0000002197767852,0.9999991280529374,-0.9999983531853335,-1.0000002197765823,1.000003293398219,-1.0000021193312407,-1.0000032933979912,1.0000021193310182,-0.9999993339342368,0.9999989287192181,0.999998928719216,0.9999993339339243,-0.9999989235124497,-0.999998928718865,-0.999998745060543,-0.999998745060543,0.999999999104058,0.9999987450601637,0.9999986961661865,-0.9999986909593831
-0.9999982071935886,0.9999982084828536,-0.9999981019517533,-0.9999982071935833,0.999998207193464,-0.9999982084827307,0.999998101951652,0.9999982071934603,0.9999983531854244,-0.999999128053016,1.0000002197767859,0.9999991280529386,-0.999998353185334,-1.0000002197765843,1.0000032933982215,-1.000002119331242,-1.0000032933979923,1.0000021193310191,-0.9999993339342371,0.9999989287192196,0.9999989287192177,0.9999993339339255,-0.9999989287188701,-0.999998923512448,-0.9999987450605435,-0.9999987450605435,0.9999987450601637,0.999999999104058,0.9999986961661882,-0.9999986909593809
-0.9999981596294835,0.9999981610433315,-0.999998054311236,-0.9999981596294805,0.9999981596296125,-0.9999981610434536,0.9999980543113556,0.9999981596296085,0.9999983053493651,-0.9999990801121686,1.0000001716021285,0.999999080112241,-0.999998305349463,-1.0000001716023381,1.0000032451171712,-1.0000020711252902,-1.0000032451174037,1.0000020711255106,-0.9999992854009678,0.999998879936096,0.9999988799360944,0.9999992854012787,-0.9999988799364635,-0.9999988799364626,-0.9999986909593711,-0.9999986909593698,0.9999986961661865,0.9999986961661882,0.9999999990342204,-0.9999986472403429
0.9999981596296177,-0.999998161043462,0.9999980543113537,0.9999981596296136,-0.9999981596294921,0.9999981610433375,-0.9999980543112492,-0.9999981596294875,-0.9999983053494673,0.9999990801122502,-1.0000001716023426,-0.9999990801121728,0.9999983053493724,1.000000171602135,-1.000003245117412,1.0000020711255213,1.000003245117177,-1.0000020711252924,0.9999992854012882,-0.9999988799364663,-0.9999988799364645,-0.9999992854009706,0.9999988799361068,0.9999988799361028,0.999998696166192,0.999998696166192,-0.9999986909593831,-0.9999986909593809,-0.9999986472403429,0.9999999990342204
