1.0000000013269223,-1.0000014763590286,-1.0000017925893634,1.0000032027148618,1.000002536674142,1.0000031503624096,0.5697701646500054,-0.9605488859086847,0.07642645239718115,0.9656073216299745,0.9857447664682907,-0.5851180613324629,-0.18513308605390555,-0.9998284444364077,-0.9998276395167419,0.9993017809289471,0.9992998188432141,-0.988733715881264,0.9887338209498199,0.49281649907486424,-0.9984200787784895,-0.9857445837368086,-0.39458811603683264,0.2916140359258915,-1.0000038439650671,1.0000042899658805
-1.0000014763590286,1.0000000010126702,1.000003228388361,-1.0000011132267734,-1.0000035419676079,-1.0000044529214862,-0.5697688223076816,0.9605453865534309,-0.07642424441479947,-0.9656027034257976,-0.9857416538581494,0.5851134420854104,0.18513022534944015,0.9998262701460389,0.9998257747021113,-0.9992988929856569,-0.9992975430518105,0.988729960305436,-0.9887301011233942,-0.492812048367521,0.9984173275773197,0.9857415142707528,0.3945840499663288,-0.29161052691072,1.0000054375608312,-1.0000060305767053
-1.0000017925893634,1.000003228388361,1.0000000016179988,-1.0000051674282142,-1.0000017689770577,-1.0000021279038562,-0.5697716662928329,0.9605525052569434,-0.07642841658318988,-0.9656119206624041,-0.9857480738242366,0.5851224225174456,0.18513567703727465,0.9998309644975036,0.9998298925563279,-0.9993049128118209,-0.9993024228528962,0.9887375882584064,-0.9887376627351245,-0.492820653238962,0.998423088856917,0.9857478541122923,0.39459187502057147,-0.29161725027968766,1.0000031344844174,-1.00000345450067
1.0000032027148618,-1.0000011132267734,-1.0000051674282142,1.0000000006572922,1.0000056291252966,1.0000068738245922,0.5697678021923203,-0.9605423553164106,0.07642190291771304,0.9655984630776324,0.9857390887400161,-0.5851088699548987,-0.18512724954468657,-0.9998242262873885,-0.9998240746013821,0.999296611185211,0.9992959415827113,-0.9887267033337572,0.9887268843528274,0.49280757647800116,-0.9984151898047418,-0.9857389975879867,-0.3945799160987351,0.2916069215744867,-1.0000081852213456,1.0000089433097246
1.000002536674142,-1.0000035419676079,-1.0000017689770577,1.0000056291252966,1.0000000017007609,1.0000026887225315,0.5697720024582733,-0.960553280471552,0.07642880038835527,0.9656128824534613,0.9857487916154986,-0.5851233075407841,-0.18513619126231945,-0.9998315321666129,-0.9998304094888942,0.9993055973113405,0.9993030069307329,-0.9887384130324053,0.9887384816324529,0.4928214920720953,-0.9984237505461965,-0.9857485648255935,-0.3945926307511908,0.2916178933087863,-1.0000030852588522,1.000003381200422
1.0000031503624096,-1.0000044529214862,-1.0000021279038562,1.0000068738245922,1.0000026887225315,1.000000002066048,0.5697728443858093,-0.9605552106600953,0.07642971393214329,0.965615258077624,0.985750601739489,-0.5851254493353348,-0.18513741661967104,-0.9998330167496703,-0.9998317774398174,0.9993073458875933,0.9993045249875564,-0.9887404808152919,0.9887405362682484,0.49282350929755203,-0.9984254423159897,-0.9857503590372109,-0.39459443992498994,0.2916194281902475,-1.00000261600408,1.0000034201004881
0.5697701646500054,-0.5697688223076816,-0.5697716662928329,0.5697678021923203,0.5697720024582733,0.5697728443858093,0.9999999999077314,-0.7758641355550129,-0.7758629798140824,0.3364439049667424,0.6999443478392982,0.33308246405090164,0.7021268869600907,-0.554236276301527,-0.5850978048818908,0.5385095302030919,0.6002213546886138,-0.44027279183628426,0.4402729903431861,-0.43430976858056053,-0.61513323373453,-0.6999443694569843,0.5303167170347461,-0.6199484944901427,-0.5697737389029753,0.5697742402254323
-0.9605488859086847,0.9605453865534309,0.9605525052569434,-0.9605423553164106,-0.960553280471552,-0.9605552106600953,-0.7758641355550129,0.9999999996842048,0.20393032780570491,-0.8551542173132585,-0.9936479664464279,0.33644677424009684,-0.09552188513679773,0.9551489361980404,0.9655947248674611,-0.9494190110258514,-0.9703065044993536,0.9080538062526645,-0.9080540972351334,-0.2313260379056985,0.9746762230416487,0.9936485659305644,0.12342300783370837,-0.014035141674556158,0.9605571953181625,-0.9605582883537108
0.07642645239718115,-0.07642424441479947,-0.07642841658318988,0.07642190291771304,0.07642880038835527,0.07642971393214329,-0.7758629798140824,0.20393032780570491,0.9999999997157265,0.33308713428740155,-0.09247279211985623,-0.8533004892592991,-0.9939879304172995,-0.09512863001427188,-0.05768585769340756,0.11380169470795083,0.038929515075657097,-0.22487266130398656,0.2248726822821472,0.9052570980770316,-0.02015951001859304,0.0924727471648689,-0.9463305151001011,0.9760268024551418,-0.07643059408158256,0.07643105297704292
0.9656073216299745,-0.9656027034257976,-0.9656119206624041,0.9655984630776324,0.9656128824534613,0.965615258077624,0.3364439049667424,-0.8551542173132585,0.33308713428740155,0.9999999997065256,0.9080546463294266,-0.7758660826455426,-0.43431672755886247,-0.9703089645546853,-0.9605438776530131,0.9746775635529318,0.955150490150017,-0.993648513954037,0.9936493664774648,0.7021322168103735,-0.9494203965220752,-0.9080547117572971,-0.6199555858368837,0.5303244744927769,-0.9656176681902823,0.9656189794991653
0.9857447664682907,-0.9857416538581494,-0.9857480738242366,0.9857390887400161,0.9857487916154986,0.985750601739489,0.6999443478392982,-0.9936479664464279,-0.09247279211985623,0.9080546463294266,0.9999999996919133,-0.44027755734686047,-0.01709757005900388,-0.9824042271408954,-0.9887245613357781,0.9787233014884114,0.9913613542866931,-0.9494185734666598,0.9494188402605677,0.339332483896303,-0.9936481637284846,-0.9999990121530989,-0.2343065294297318,0.12646251356412036,-0.9857524688344625,0.9857535055741935
-0.5851180613324629,0.5851134420854104,0.5851224225174456,-0.5851088699548987,-0.5851233075407841,-0.5851254493353348,0.33308246405090164,0.33644677424009684,-0.8533004892592991,-0.7758660826455426,-0.44027755734686047,0.9999999995473514,0.9052584220497679,0.6002300861471569,0.5697770391673729,-0.6151396569913697,-0.5542442168799422,0.6999485050175168,-0.6999487058102487,-0.9939878903571833,0.5385160081282153,0.4402776550711887,0.9760275355291992,-0.9463319230041883,0.5851275833382901,-0.5851287228334285
-0.18513308605390555,0.18513022534944015,0.18513567703727465,-0.18512724954468657,-0.18513619126231945,-0.18513741661967104,0.7021268869600907,-0.09552188513679773,-0.9939879304172995,-0.43431672755886247,-0.01709757005900388,0.9052584220497679,0.9999999998875054,0.20354485364610178,0.16664141185874895,-0.22189056168773658,-0.14809683293097808,0.3302008657981748,-0.3302009323069734,-0.9463307694866011,0.12950009775218102,0.017097630980002106,0.9760266843932098,-0.9939879234436855,0.18513861221365727,-0.18513924131500534
-0.9998284444364077,0.9998262701460389,0.9998309644975036,-0.9998242262873885,-0.9998315321666129,-0.9998330167496703,-0.554236276301527,0.9551489361980404,-0.09512863001427188,-0.9703089645546853,-0.9824042271408954,0.6002300861471569,0.20354485364610178,1.000000000522075,0.9992957088042914,-0.9998239487506704,-0.9984143460391565,0.9913626569637208,-0.9913628647042869,-0.5090563627490656,0.9971811881437879,0.9824041696860455,0.41176105134867597,-0.3095139280188133,0.9998345626244232,-0.9998354392065846
-0.9998276395167419,0.9998257747021113,0.9998298925563279,-0.9998240746013821,-0.9998304094888942,-0.9998317774398174,-0.5850978048818908,0.9655947248674611,-0.05768585769340756,-0.9605438776530131,-0.9887245613357781,0.5697770391673729,0.16664141185874895,0.9992957088042914,1.0000000005695309,-0.998414888713675,-0.9998238843410981,0.9857395939726111,-0.9857397920344667,-0.47638073969490147,0.9992958242602205,0.9887244892648022,0.37725563712973204,-0.2735935546221599,0.999833209850395,-0.9998340290051325
0.9993017809289471,-0.9992988929856569,-0.9993049128118209,0.999296611185211,0.9993055973113405,0.9993073458875933,0.5385095302030919,-0.9494190110258514,0.11380169470795083,0.9746775635529318,0.9787233014884114,-0.6151396569913697,-0.22189056168773658,-0.9998239487506704,-0.998414888713675,1.0000000001818716,0.9971811320858288,-0.9936488056494306,0.9936496056390342,0.5251255919397722,-0.9955953982038335,-0.9787232812935466,-0.42879689645602614,0.32731167726801785,-0.9993091498094361,0.9993101568008147
0.9992998188432141,-0.9992975430518105,-0.9993024228528962,0.9992959415827113,0.9993030069307329,0.9993045249875564,0.6002213546886138,-0.9703065044993536,0.038929515075657097,0.955150490150017,0.9913613542866931,-0.5542442168799422,-0.14809683293097808,-0.9984143460391565,-0.9998238843410981,0.9971811320858288,1.0000000003316043,-0.9824048593345021,0.9824050775751164,0.4597858549947457,-0.9998235472398636,-0.9913613053217889,-0.3597982870638242,0.255483701362326,-0.9993061046896456,0.9993069981396401
-0.988733715881264,0.988729960305436,0.9887375882584064,-0.9887267033337572,-0.9887384130324053,-0.9887404808152919,-0.44027279183628426,0.9080538062526645,-0.22487266130398656,-0.993648513954037,-0.9494185734666598,0.6999485050175168,0.3302008657981748,0.9913626569637208,0.9857395939726111,-0.9936488056494306,-0.9824048593345021,1.0000000000181595,-0.9999997269840138,-0.6175510212466659,0.9787238653575221,0.9494185952546809,0.527727940778628,-0.4315590294667038,0.9887425939952013,-0.9887437567632106
0.9887338209498199,-0.9887301011233942,-0.9887376627351245,0.9887268843528274,0.9887384816324529,0.9887405362682484,0.4402729903431861,-0.9080540972351334,0.2248726822821472,0.9936493664774648,0.9494188402605677,-0.6999487058102487,-0.3302009323069734,-0.9913628647042869,-0.9857397920344667,0.9936496056390342,0.9824050775751164,-0.9999997269840138,1.0000000003945761,0.6175512018419654,-0.978724106514511,-0.9494188601212374,-0.5277280908359833,0.4315591403313766,-0.9887426365577753,0.9887437927994531
0.49281649907486424,-0.492812048367521,-0.492820653238962,0.49280757647800116,0.4928214920720953,0.49282350929755203,-0.43430976858056053,-0.2313260379056985,0.9052570980770316,0.7021322168103735,0.339332483896303,-0.9939878903571833,-0.9463307694866011,-0.5090563627490656,-0.47638073969490147,0.5251255919397722,0.4597858549947457,-0.6175510212466659,0.6175512018419654,0.9999999995780975,-0.44302888572988125,-0.3393325839869125,-0.993987788723088,0.9760269105285568,-0.4928255112792056,0.492826576194721
-0.9984200787784895,0.9984173275773197,0.998423088856917,-0.9984151898047418,-0.9984237505461965,-0.9984254423159897,-0.61513323373453,0.9746762230416487,-0.02015951001859304,-0.9494203965220752,-0.9936481637284846,0.5385160081282153,0.12950009775218102,0.9971811881437879,0.9992958242602205,-0.9955953982038335,-0.9998235472398636,0.9787238653575221,-0.978724106514511,-0.44302888572988125,1.0000000000315439,0.9936487038262914,0.34221411386211126,-0.2372838175543615,0.998427192410384,-0.9984281717790254
-0.9857445837368086,0.9857415142707528,0.9857478541122923,-0.9857389975879867,-0.9857485648255935,-0.9857503590372109,-0.6999443694569843,0.9936485659305644,0.0924727471648689,-0.9080547117572971,-0.9999990121530989,0.4402776550711887,0.017097630980002106,0.9824041696860455,0.9887244892648022,-0.9787232812935466,-0.9913613053217889,0.9494185952546809,-0.9494188601212374,-0.3393325839869125,0.9936487038262914,0.9999999996981254,0.23430662229200191,-0.1264625919439561,0.9857522105315599,-0.9857532393838881
-0.39458811603683264,0.3945840499663288,0.39459187502057147,-0.3945799160987351,-0.3945926307511908,-0.39459443992498994,0.5303167170347461,0.12342300783370837,-0.9463305151001011,-0.6199555858368837,-0.2343065294297318,0.9760275355291992,0.9760266843932098,0.41176105134867597,0.37725563712973204,-0.42879689645602614,-0.3597982870638242,0.527727940778628,-0.5277280908359833,-0.993987788723088,0.34221411386211126,0.23430662229200191,0.9999999997188591,-0.9939878327800601,0.3945962278887864,-0.39459717597860366
0.2916140359258915,-0.29161052691072,-0.29161725027968766,0.2916069215744867,0.2916178933087863,0.2916194281902475,-0.6199484944901427,-0.014035141674556158,0.9760268024551418,0.5303244744927769,0.12646251356412036,-0.9463319230041883,-0.9939879234436855,-0.3095139280188133,-0.2735935546221599,0.32731167726801785,0.255483701362326,-0.4315590294667038,0.4315591403313766,0.9760269105285568,-0.2372838175543615,-0.1264625919439561,-0.9939878327800601,0.9999999998506743,-0.2916209371855244,0.29162173484390724
-1.0000038439650671,1.0000054375608312,1.0000031344844174,-1.0000081852213456,-1.0000030852588522,-1.00000261600408,-0.5697737389029753,0.9605571953181625,-0.07643059408158256,-0.9656176681902823,-0.9857524688344625,0.5851275833382901,0.18513861221365727,0.9998345626244232,0.999833209850395,-0.9993091498094361,-0.9993061046896456,0.9887425939952013,-0.9887426365577753,-0.4928255112792056,0.998427192410384,0.9857522105315599,0.3945962278887864,-0.2916209371855244,1.0000000024043476,-1.0000029885466113
1.0000042899658805,-1.0000060305767053,-1.00000345450067,1.0000089433097246,1.000003381200422,1.0000034201004881,0.5697742402254323,-0.9605582883537108,0.07643105297704292,0.9656189794991653,0.9857535055741935,-0.5851287228334285,-0.18513924131500534,-0.9998354392065846,-0.9998340290051325,0.9993101568008147,0.9993069981396401,-0.9887437567632106,0.9887437927994531,0.492826576194721,-0.9984281717790254,-0.9857532393838881,-0.39459717597860366,0.29162173484390724,-1.0000029885466113,1.000000002654848
