1.000000002217446,-1.0000019919526884,1.0000029251361764,1.000002925136173,0.3087759130268275,-0.30878711138392617,0.8088808905867388,-0.3092263506146071,0.6029705562033177,-0.16682064176728317,-0.8088004855601079,0.16679361455553132,-0.33301982159775534,0.705673479341486,0.8088216995434339,-0.1667491765978614,0.1667528584682564,-0.1667491765978585,-0.16676407580841116,-0.8088479772201669,-1.0000038209342148,0.8091295597479208,1.000002336982729,0.16677128618914047,0.16677128618914203,-0.16678123703156927,-0.16678123703156908,-1.0000029439965095,-1.0000029439965064
-1.0000019919526884,1.0000000013667019,-1.0000018125673227,-1.0000018125673216,-0.3087882539070283,0.3087994522062758,-0.8088881516047473,0.3092136436811432,-0.6029799134244791,0.16682851904658783,0.8088077482918135,-0.16680149180345208,0.33301643304284106,-0.7056758737388349,-0.8088289618044732,0.16675705383162132,-0.16676073569704153,0.16675705383161832,0.16677195303848824,0.8088552388942908,1.000003227596218,-0.8091213398950208,-1.000001742514973,-0.1667791634231898,-0.1667791634231914,0.16678911427043125,0.1667891142704309,1.0000023490235743,1.000002349023571
1.0000029251361764,-1.0000018125673227,1.000000001961212,1.0000027461179852,0.30880058162620233,-0.3088117798798526,0.8088960296735793,-0.3092015750502356,0.602989550108164,-0.16683623159213037,-0.8088156279414453,0.1668092042907169,-0.33301359046754037,0.70567898683557,0.808836841019518,-0.1667647662594321,0.16676844812386624,-0.16676476625942913,-0.16677966547806541,-0.8088631175666154,-1.0000036458415573,0.8091141397039481,1.0000021596612738,0.16678687587399282,0.16678687587399466,-0.16679682673614094,-0.16679682673614077,-1.0000022484396707,-1.000002765679752
1.000002925136173,-1.0000018125673216,1.0000027461179852,1.000000001961212,0.3088005816262154,-0.3088117798798651,0.8088960296735859,-0.30920157505022094,0.6029895501081695,-0.16683623159213368,-0.808815627941452,0.16680920429072046,-0.33301359046754114,0.7056789868355742,0.8088368410195241,-0.16676476625943545,0.16676844812386968,-0.16676476625943243,-0.1667796654780685,-0.8088631175666214,-1.0000036458415542,0.8091141397039375,1.0000021596612712,0.16678687587399643,0.1667868758739979,-0.16679682673614407,-0.16679682673614354,-1.0000027656797534,-1.0000022484396622
0.3087759130268275,-0.3087882539070283,0.30880058162620233,0.3088005816262154,0.9999999999260967,-0.9999982343905313,0.8090100820443188,0.8090352444904122,0.7057687206976576,-0.33285449204682077,-0.8090859950863273,0.33284086313196737,-0.1671824739756647,0.6033653685058487,0.8090658717545954,-0.33282087283859385,0.33282226246281155,-0.33282087283859196,-0.33282707495773955,-0.8090392734668124,-0.3089328412391313,-0.3090757165168667,0.30885722403324445,0.33283032073560703,0.332830320735608,-0.3328349007882018,-0.3328349007882038,-0.30882399964938884,-0.30882399964939966
-0.30878711138392617,0.3087994522062758,-0.3088117798798526,-0.3088117798798651,-0.9999982343905313,0.9999999982909009,-0.8090157777329879,-0.8090266623927129,-0.7057744953899924,0.3328576239593913,0.8090922067845047,-0.3328439947859677,0.16718318084578257,-0.6033696442927714,-0.8090720837666289,0.33282400405794793,-0.33282539371788944,0.3328240040579458,0.3328302063243251,0.8090454858887126,0.3089440389429778,0.30906381186007525,-0.3088684220415126,-0.3328334521737889,-0.3328334521737891,0.3328380323233336,0.3328380323233353,0.3088351978056795,0.3088351978056908
0.8088808905867388,-0.8088881516047473,0.8088960296735793,0.8088960296735859,0.8090100820443188,-0.8090157777329879,1.0000000044771575,0.3090342275432311,0.8089572543086524,-0.3089025936797967,-1.000003510096248,0.3088774659647439,-0.30911415540670883,0.809071791882425,1.000004179397584,-0.30883764613466,0.3088407805061491,-0.308837646134657,-0.3088506877104758,-1.0000034580535224,-0.8089778289182639,0.30897342435603803,0.808930682565856,0.3088571501480684,0.3088571501480695,-0.3088661309727948,-0.30886613097279575,-0.8089105183765677,-0.8089105183765724
-0.3092263506146071,0.3092136436811432,-0.3092015750502356,-0.30920157505022094,0.8090352444904122,-0.8090266623927129,0.3090342275432311,0.9999999973058015,0.33303226474862696,-0.2296839616362009,-0.30915981313630214,0.2296870361744366,0.03860246957077288,0.16721825924980835,0.30912658439511254,-0.2296945091778452,0.22969362341367863,-0.22969450917784515,-0.22969150346014916,-0.3090837526006848,0.3090698908694684,-0.8090304160653883,-0.30914457858776706,0.22969029310603492,0.2296902931060346,-0.22968872337719534,-0.2296887233771969,0.30917817257494995,0.30917817257493674
0.6029705562033177,-0.6029799134244791,0.602989550108164,0.6029895501081695,0.7057687206976576,-0.7057744953899924,0.8089572543086524,0.33303226474862696,0.9999999990413013,-0.8090049988070226,-0.8090027679238625,0.8089896527796022,0.30901976961957883,0.3090012272330735,0.8089887862024356,-0.8089654957154246,0.808967012855515,-0.8089654957154194,-0.8089731029174314,-0.8089724312306246,-0.6030883445974609,0.16689970930980416,0.6030319455662446,0.8089772447813761,0.808977244781377,-0.8089827423868298,-0.8089827423868315,-0.6030073416508192,-0.6030073416508243
-0.16682064176728317,0.16682851904658783,-0.16683623159213037,-0.16683623159213368,-0.33285449204682077,0.3328576239593913,-0.3089025936797967,-0.2296839616362009,-0.8090049988070226,0.9999999968621662,0.30897980799780217,-0.9999945477086833,-0.8090250138617955,0.30904686037404566,-0.30895568556416814,0.9999957944479112,-0.9999951152212416,0.9999957944479063,0.9999950628095294,0.3089294348975088,0.16691374793827338,0.03879177257021137,-0.16687016724155354,-0.9999953025657888,-0.9999953025657893,0.9999952177931198,0.9999952177931203,0.1668505266007165,0.16685052660072044
-0.8088004855601079,0.8088077482918135,-0.8088156279414453,-0.808815627941452,-0.8090859950863273,0.8090922067845047,-1.000003510096248,-0.30915981313630214,-0.8090027679238625,0.30897980799780217,1.000000000551947,-0.30895468224071104,0.3090352526062435,-0.8090208192784717,-1.000000918939002,0.30891486595635576,-0.3089179999685156,0.30891486595635265,0.30892790626557814,1.0000012247765613,0.808897961460812,-0.30884613057565113,-0.8088502882943464,-0.3089343681520777,-0.30893436815207903,0.308943348197458,0.30894334819745833,0.8088301197154251,0.8088301197154294
0.16679361455553132,-0.16680149180345208,0.1668092042907169,0.16680920429072046,0.33284086313196737,-0.3328439947859677,0.3088774659647439,0.2296870361744366,0.8089896527796022,-0.9999945477086833,-0.30895468224071104,0.999999996089407,0.8090405174928322,-0.30907165077788223,0.30893055926738006,-0.9999952551326634,0.9999945757963367,-0.9999952551326573,-0.9999945230588588,-0.30890430796839646,-0.1668867200698363,-0.038810376409263825,0.16684313972691564,0.9999947626062812,0.9999947626062813,-0.9999941603019104,-0.9999941603019076,-0.16682349920611203,-0.16682349920611605
-0.33301982159775534,0.33301643304284106,-0.33301359046754037,-0.33301359046754114,-0.1671824739756647,0.16718318084578257,-0.30911415540670883,0.03860246957077288,0.30901976961957883,-0.8090250138617955,0.3090352526062435,0.8090405174928322,0.9999999984118817,-0.8090234092141252,-0.3090597840925412,-0.8090658535265346,0.8090632374890244,-0.8090658535265318,-0.8090570629701964,0.30908590303749495,0.33298695989944627,-0.22964696365590512,-0.3330010765027392,0.8090533092635362,0.8090533092635358,-0.8090476748038,-0.8090476748038014,0.3330082520335674,0.33300825203356643
0.705673479341486,-0.7056758737388349,0.70567898683557,0.7056789868355742,0.6033653685058487,-0.6033696442927714,0.809071791882425,0.16721825924980835,0.3090012272330735,0.30904686037404566,-0.8090208192784717,-0.30907165077788223,-0.8090234092141252,1.000000000387045,0.8090369075211201,0.309111916682363,-0.3091083629931168,0.30911191668236343,0.30909842461448866,-0.8090529189455261,-0.705713413338868,0.33279782377675554,0.7056926741460027,-0.3090921111026384,-0.3090921111026368,0.3090830789406886,0.3090830789406886,-0.7056846439450413,-0.705684643945043
0.8088216995434339,-0.8088289618044732,0.808836841019518,0.8088368410195241,0.8090658717545954,-0.8090720837666289,1.000004179397584,0.30912658439511254,0.8089887862024356,-0.30895568556416814,-1.000000918939002,0.30893055926738006,-0.3090597840925412,0.8090369075211201,1.0000000015006067,-0.30889074200561306,0.30889387611833236,-0.3088907420056099,-0.3089037826645117,-1.0000013745422942,-0.8089191698774116,0.3088797738240391,0.808871499329027,0.30891024470170786,0.30891024470170914,-0.30891922496188917,-0.3089192249618894,-0.8088513319512206,-0.8088513319512247
-0.1667491765978614,0.16675705383162132,-0.1667647662594321,-0.16676476625943545,-0.33282087283859385,0.33282400405794793,-0.30883764613466,-0.2296945091778452,-0.8089654957154246,0.9999957944479112,0.30891486595635576,-0.9999952551326634,-0.8090658535265346,0.309111916682363,-0.30889074200561306,0.999999997134771,-0.9999947913074956,0.9999959880648303,0.9999952552758686,0.30886448955503076,0.16684228149442887,0.03884245872429629,-0.16679870151284648,-0.9999954944814201,-0.9999954944814197,0.9999954089395318,0.9999954089395319,0.1667790610910047,0.16677906109100873
0.1667528584682564,-0.16676073569704153,0.16676844812386624,0.16676844812386968,0.33282226246281155,-0.33282539371788944,0.3088407805061491,0.22969362341367863,0.808967012855515,-0.9999951152212416,-0.3089179999685156,0.9999945757963367,0.8090632374890244,-0.3091083629931168,0.30889387611833236,-0.9999947913074956,0.9999999961641908,-0.9999947913074909,-0.999994058579556,-0.3088676237853952,-0.16684596334318552,-0.03883963585542638,0.16680238336583061,0.9999948150539941,0.9999948150539941,-0.9999947295525793,-0.9999947295525798,-0.16678274295126463,-0.16678274295126866
-0.1667491765978585,0.16675705383161832,-0.16676476625942913,-0.16676476625943243,-0.33282087283859196,0.3328240040579458,-0.308837646134657,-0.22969450917784515,-0.8089654957154194,0.9999957944479063,0.30891486595635265,-0.9999952551326573,-0.8090658535265318,0.30911191668236343,-0.3088907420056099,0.9999959880648303,-0.9999947913074909,0.999999997134771,0.9999952552758631,0.3088644895550276,0.1668422814944257,0.03884245872429799,-0.1667987015128436,-0.9999954944814153,-0.9999954944814153,0.9999954089395269,0.9999954089395278,0.16677906109100205,0.16677906109100585
-0.16676407580841116,0.16677195303848824,-0.16677966547806541,-0.1667796654780685,-0.33282707495773955,0.3328302063243251,-0.3088506877104758,-0.22969150346014916,-0.8089731029174314,0.9999950628095294,0.30892790626557814,-0.9999945230588588,-0.8090570629701964,0.30909842461448866,-0.3089037826645117,0.9999952552758686,-0.999994058579556,0.9999952552758631,0.9999999960882605,0.30887753062662276,0.16685718080909795,0.038831393082257686,-0.16681360075530438,-0.9999942448071689,-0.999994244807168,0.9999946766655043,0.999994676665506,0.16679396032220886,0.1667939603222128
-0.8088479772201669,0.8088552388942908,-0.8088631175666154,-0.8088631175666214,-0.8090392734668124,0.8090454858887126,-1.0000034580535224,-0.3090837526006848,-0.8089724312306246,0.3089294348975088,1.0000012247765613,-0.30890430796839646,0.30908590303749495,-0.8090529189455261,-1.0000013745422942,0.30886448955503076,-0.3088676237853952,0.3088644895550276,0.30887753062662276,1.0000000012032841,0.8089454405778492,-0.30892248055801386,-0.8088977733171695,-0.30888399284256735,-0.3088839928425688,0.3088929733556077,0.3088929733556084,0.8088776074447994,0.8088776074448032
-1.0000038209342148,1.000003227596218,-1.0000036458415573,-1.0000036458415542,-0.3089328412391313,0.3089440389429778,-0.8089778289182639,0.3090698908694684,-0.6030883445974609,0.16691374793827338,0.808897961460812,-0.1668867200698363,0.33298695989944627,-0.705713413338868,-0.8089191698774116,0.16684228149442887,-0.16684596334318552,0.1668422814944257,0.16685718080909795,0.8089454405778492,1.0000000032611276,-0.8090328076285291,-1.0000025510903572,-0.1668643913082542,-0.1668643913082557,0.1668743423092131,0.1668743423092131,1.0000036691002827,1.0000036691002783
0.8091295597479208,-0.8091213398950208,0.8091141397039481,0.8091141397039375,-0.3090757165168667,0.30906381186007525,0.30897342435603803,-0.8090304160653883,0.16689970930980416,0.03879177257021137,-0.30884613057565113,-0.038810376409263825,-0.22964696365590512,0.33279782377675554,0.3088797738240391,0.03884245872429629,-0.03883963585542638,0.03884245872429799,0.038831393082257686,-0.30892248055801386,-0.8090328076285291,0.9999999976453716,0.8090785577426249,-0.03882618883839192,-0.03882618883839056,0.03881906881476931,0.038819068814770846,-0.8090996908422143,-0.8090996908422035
1.000002336982729,-1.000001742514973,1.0000021596612738,1.0000021596612712,0.30885722403324445,-0.3088684220415126,0.808930682565856,-0.30914457858776706,0.6030319455662446,-0.16687016724155354,-0.8088502882943464,0.16684313972691564,-0.3330010765027392,0.7056926741460027,0.808871499329027,-0.16679870151284648,0.16680238336583061,-0.1667987015128436,-0.16681360075530438,-0.8088977733171695,-1.0000025510903572,0.8090785577426249,1.0000000011263044,0.16682081118761669,0.16682081118761805,-0.16683076209803502,-0.1668307620980346,-1.0000016635803302,-1.0000016635803273
0.16677128618914047,-0.1667791634231898,0.16678687587399282,0.16678687587399643,0.33283032073560703,-0.3328334521737889,0.3088571501480684,0.22969029310603492,0.8089772447813761,-0.9999953025657888,-0.3089343681520777,0.9999947626062812,0.8090533092635362,-0.3090921111026384,0.30891024470170786,-0.9999954944814201,0.9999948150539941,-0.9999954944814153,-0.9999942448071689,-0.30888399284256735,-0.1668643913082542,-0.03882618883839192,0.16682081118761669,0.9999999964301336,0.9999950014223019,-0.9999943988770666,-0.9999949161171533,-0.1668011707346172,-0.1668011707346211
0.16677128618914203,-0.1667791634231914,0.16678687587399466,0.1667868758739979,0.332830320735608,-0.3328334521737891,0.3088571501480695,0.2296902931060346,0.808977244781377,-0.9999953025657893,-0.30893436815207903,0.9999947626062813,0.8090533092635358,-0.3090921111026368,0.30891024470170914,-0.9999954944814197,0.9999948150539941,-0.9999954944814153,-0.999994244807168,-0.3088839928425688,-0.1668643913082557,-0.03882618883839056,0.16682081118761805,0.9999950014223019,0.9999999964301336,-0.9999949161171516,-0.9999943988770694,-0.16680117073461878,-0.1668011707346225
-0.16678123703156927,0.16678911427043125,-0.16679682673614094,-0.16679682673614407,-0.3328349007882018,0.3328380323233336,-0.3088661309727948,-0.22968872337719534,-0.8089827423868298,0.9999952177931198,0.308943348197458,-0.9999941603019104,-0.8090476748038,0.3090830789406886,-0.30891922496188917,0.9999954089395318,-0.9999947295525793,0.9999954089395269,0.9999946766655043,0.3088929733556077,0.1668743423092131,0.03881906881476931,-0.16683076209803502,-0.9999943988770666,-0.9999949161171516,0.9999999963083643,0.9999948309190029,0.1668111216185724,0.1668111216185767
-0.16678123703156908,0.1667891142704309,-0.16679682673614077,-0.16679682673614354,-0.3328349007882038,0.3328380323233353,-0.30886613097279575,-0.2296887233771969,-0.8089827423868315,0.9999952177931203,0.30894334819745833,-0.9999941603019076,-0.8090476748038014,0.3090830789406886,-0.3089192249618894,0.9999954089395319,-0.9999947295525798,0.9999954089395278,0.999994676665506,0.3088929733556084,0.1668743423092131,0.038819068814770846,-0.1668307620980346,-0.9999949161171533,-0.9999943988770694,0.9999948309190029,0.9999999963083643,0.16681112161857214,0.16681112161857609
-1.0000029439965095,1.0000023490235743,-1.0000022484396707,-1.0000027656797534,-0.30882399964938884,0.3088351978056795,-0.8089105183765677,0.30917817257494995,-0.6030073416508192,0.1668505266007165,0.8088301197154251,-0.16682349920611203,0.3330082520335674,-0.7056846439450413,-0.8088513319512206,0.1667790610910047,-0.16678274295126463,0.16677906109100205,0.16679396032220886,0.8088776074447994,1.0000036691002827,-0.8090996908422143,-1.0000016635803302,-0.1668011707346172,-0.16680117073461878,0.1668111216185724,0.16681112161857214,1.0000000019896247,1.0000027859017944
-1.0000029439965064,1.000002349023571,-1.000002765679752,-1.0000022484396622,-0.30882399964939966,0.3088351978056908,-0.8089105183765724,0.30917817257493674,-0.6030073416508243,0.16685052660072044,0.8088301197154294,-0.16682349920611605,0.33300825203356643,-0.705684643945043,-0.8088513319512247,0.16677906109100873,-0.16678274295126866,0.16677906109100585,0.1667939603222128,0.8088776074448032,1.0000036691002783,-0.8090996908422035,-1.0000016635803273,-0.1668011707346211,-0.1668011707346225,0.1668111216185767,0.16681112161857609,1.0000027859017944,1.0000000019896247
