1.0000000005972713,-1.0000013062773012,1.000001422183583,1.0000011734985452,-1.0000009417074582,0.999999948491061,0.9999999484910586,0.9999999484910582,-1.000000496303242,0.9999997302154199,-0.9999990229407797,0.9999981987484681,-0.9999976691452064,0.9999981987484666,0.9999974874301649,-0.999997669145204
-1.0000013062773012,1.0000000017484845,-1.0000018990058528,-1.0000016503205174,1.0000017410779194,-1.000000747860707,-1.0000007478607056,-1.0000007478607034,1.0000012956731608,-1.0000005295846572,0.9999998223093901,-0.9999989981163826,0.9999984685126694,-0.9999989981163807,-0.9999982867974723,0.9999984685126676
1.000001422183583,-1.0000018990058528,1.000000001450887,1.0000017662285383,-1.0000012118843205,1.000000541215574,1.0000005412155721,1.000000541215571,-1.0000010890346067,1.0000003229480443,-0.9999996156745709,0.999998791482461,-0.9999982618793324,0.9999987914824596,0.9999980801643363,-0.999998261879331
1.0000011734985452,-1.0000016503205174,1.0000017662285383,1.0000000010927435,-1.0000012857536744,1.000000292537269,1.0000002925372682,1.0000002925372657,-1.0000005177933011,1.0000000742516857,-0.9999993669748778,0.9999985427814269,-0.9999980131774272,0.9999985427814259,0.9999978314621298,-0.9999980131774261
-1.0000009417074582,1.0000017410779194,-1.0000012118843205,-1.0000012857536744,1.0000000007589265,-0.999999738188921,-0.999999738188918,-0.9999997381889193,1.0000006085615285,-0.9999998424767472,0.999999135204924,-0.9999983110137929,0.9999977814112943,-0.9999983110137918,-0.9999975996965176,0.9999977814112939
0.999999948491061,-1.000000747860707,1.000000541215574,1.000000292537269,-0.999999738188921,0.9999999993285458,0.9999990675213842,0.9999990675213827,-0.9999996153461692,0.9999988492625129,-0.9999981419917232,0.9999973178015764,-0.9999967881997099,0.9999973178015743,0.9999966064851528,-0.9999967881997096
0.9999999484910586,-1.0000007478607056,1.0000005412155721,1.0000002925372682,-0.999999738188918,0.9999990675213842,0.9999999993285458,0.9999990675213813,-0.9999996153461675,0.9999988492625107,-0.999998141991723,0.9999973178015751,-0.9999967881997092,0.9999973178015724,0.9999966064851503,-0.9999967881997086
0.9999999484910582,-1.0000007478607034,1.000000541215571,1.0000002925372657,-0.9999997381889193,0.9999990675213827,0.9999990675213813,0.9999999993285458,-0.9999996153461649,0.9999988492625086,-0.9999981419917197,0.9999973178015737,-0.9999967881997067,0.9999973178015703,0.9999966064851482,-0.9999967881997072
-1.000000496303242,1.0000012956731608,-1.0000010890346067,-1.0000005177933011,1.0000006085615285,-0.9999996153461692,-0.9999996153461675,-0.9999996153461649,1.0000000001174758,-0.9999990745021938,0.9999986897724892,-0.999997865578758,0.9999973359745704,-0.9999978655787571,-0.9999971542592091,0.9999973359745705
0.9999997302154199,-1.0000005295846572,1.0000003229480443,1.0000000742516857,-0.9999998424767472,0.9999988492625129,0.9999988492625107,0.9999988492625086,-0.9999990745021938,0.9999999990141879,-0.999997601129446,0.9999970994840893,-0.9999965698797794,0.9999970994840889,0.9999963881643754,-0.9999965698797798
-0.9999990229407797,0.9999998223093901,-0.9999996156745709,-0.9999993669748778,0.999999135204924,-0.9999981419917232,-0.999998141991723,-0.9999981419917197,0.9999986897724892,-0.999997601129446,0.9999999979955981,-0.9999960696545521,0.9999958625986856,-0.9999960696545512,-0.9999956808832413,0.9999958625986842
0.9999981987484681,-0.9999989981163826,0.999998791482461,0.9999985427814269,-0.9999983110137929,0.9999973178015764,0.9999973178015751,0.9999973178015737,-0.999997865578758,0.9999970994840893,-0.9999960696545521,0.9999999968086356,-0.9999947158566407,0.9999955680093838,0.9999948566898235,-0.9999950384051881
-0.9999976691452064,0.9999984685126694,-0.9999982618793324,-0.9999980131774272,0.9999977814112943,-0.9999967881997099,-0.9999967881997092,-0.9999967881997067,0.9999973359745704,-0.9999965698797794,0.9999958625986856,-0.9999947158566407,0.9999999960459262,-0.9999950384051887,-0.9999940045372683,0.9999945088011398
0.9999981987484666,-0.9999989981163807,0.9999987914824596,0.9999985427814259,-0.9999983110137918,0.9999973178015743,0.9999973178015724,0.9999973178015703,-0.9999978655787571,0.9999970994840889,-0.9999960696545512,0.9999955680093838,-0.9999950384051887,0.9999999968086356,0.9999948566898211,-0.9999947158566329
0.9999974874301649,-0.9999982867974723,0.9999980801643363,0.9999978314621298,-0.9999975996965176,0.9999966064851528,0.9999966064851503,0.9999966064851482,-0.9999971542592091,0.9999963881643754,-0.9999956808832413,0.9999948566898235,-0.9999940045372683,0.9999948566898211,0.9999999957842289,-0.9999940045372724
-0.999997669145204,0.9999984685126676,-0.999998261879331,-0.9999980131774261,0.9999977814112939,-0.9999967881997096,-0.9999967881997086,-0.9999967881997072,0.9999973359745705,-0.9999965698797798,0.9999958625986842,-0.9999950384051881,0.9999945088011398,-0.9999947158566329,-0.9999940045372724,0.9999999960459262
