0.9999999999265136,-0.9999997531422512,-1.0000001617892003,0.9999994452604517,0.9999995891471386,1.0000004852599607,0.9999996455416895,0.9999992275783296,-0.9999994391709548,-0.9999993938238027,-0.9999995167169625,-0.9999994411508348,0.9999993424612712,-0.9999989711256844,0.9999991108983088,-0.9999992112526541,-0.9999989778407221,0.9999987795245436,-0.9999989258941118,0.9999989173422881,0.9999989163498239,-1.000000783829393,0.9944521136645343,0.9944523167556538,-0.9778682397198639,0.9504332480224873,-0.7254898997554384,0.1574279046621647,-0.91245157124588,0.4755372836779917,1.0000005474332503,-1.000000367527555,-1.0000006357523301,1.0000001144310346,1.0000006413559246,-0.9999998299253929,-1.000000608049213,0.9999995581767606,-0.9999990122468433,1.0000005357642614,-0.9999993252487966,0.9999991432577316
-0.9999997531422512,0.9999999996047285,0.9999998533310548,-0.9999993016939523,-0.9999994455318794,-1.0000002591237196,-0.9999994195161784,-0.9999990015813134,0.9999992131776705,0.999999167796769,0.9999992907004581,0.999999215132341,-0.9999991164365252,0.9999987452912725,-0.9999988850697775,0.9999989853565245,0.9999987520845316,-0.9999985539134415,0.999998700287984,-0.9999986916603664,-0.999998690821972,1.0000005576184086,-0.9944518856095305,-0.9944520948246441,0.9778680123783847,-0.9504330239591366,0.725489755507107,-0.1574278975241074,0.9124513529851765,-0.4755371507421392,-1.0000003224385863,1.0000001424869822,1.0000004107944735,-0.9999998893361883,-1.0000004164252247,0.9999996047689385,1.0000003831353568,-0.9999993329526148,0.9999987867970582,-1.0000003108566906,0.999999099952259,-0.9999989178855149
-1.0000001617892003,0.9999998533310548,1.0000000001865326,-0.999999627807899,-0.9999997717384007,-1.0000007503895552,-0.9999999105511541,-0.9999994101548139,0.9999996217502196,0.9999995764334502,0.9999996993076317,0.9999996237466159,-0.9999995250591582,0.9999991535407401,-0.9999992933129208,0.9999993937324425,0.9999991601863326,-0.9999989617330219,0.999999108102992,-0.9999990996192542,-0.999999098487892,1.0000009666503202,-0.9944522999389923,-0.9944524941818084,0.977868427353605,-0.9504334348872847,0.7254900036261417,-0.15742789220461445,0.91245175522433,-0.4755374073609868,-1.0000007291180064,1.0000005492489448,1.00000081740874,-1.0000002961967838,-1.0000008229923847,1.0000000117423806,1.0000007896734016,-0.9999997400507994,0.9999991943153789,-1.000000717381945,0.9999995071845191,-0.9999993252586135
0.9999994452604517,-0.9999993016939523,-0.999999627807899,0.9999999992838232,0.9999991376236924,1.000000033523974,0.9999991940343828,0.9999987761444724,-0.9999990701508504,-0.9999989423012575,-0.9999990651698372,-0.9999989895835955,0.9999988908655129,-0.999998520294436,0.9999986600835293,-0.9999988425873306,-0.9999985272915076,0.9999983294933903,-0.9999984758685144,0.999998467057316,0.9999984665820619,-1.0000003319414486,0.9944516710911716,0.9944518604159442,-0.9778678114321974,0.950432838872376,-0.7254895264635589,0.1574277681992995,-0.9124511858682257,0.47553712699588835,1.0000000991655598,-0.9999999191510188,-1.000000187566786,0.9999996659191218,1.0000001932262066,-0.9999993812525744,-1.0000001599500077,0.9999991093195074,-0.9999985627260691,1.0000000876750297,-0.9999988761864559,0.9999986939730645
0.9999995891471386,-0.9999994455318794,-0.9999997717384007,0.9999991376236924,0.9999999994885818,1.0000001775359597,0.9999993379240292,0.9999989199858952,-0.9999991315564464,-0.9999990862326347,-0.9999992915713339,-0.9999992160137666,0.9999990349486519,-0.999998663423672,0.9999988031859522,-0.9999989035743386,-0.9999986700854128,0.9999984717188806,-0.9999986180882517,0.9999986095547725,0.9999986085351679,-1.000000476031934,0.994451793948652,0.9944520242256728,-0.9778679116587798,0.950432915285878,-0.7254897652838245,0.15742798365391292,-0.912451237545702,0.47553702378115253,1.0000002398632784,-1.0000000599119794,-1.0000003282259657,0.9999998067703005,1.0000003338693626,-0.9999995222224953,-1.0000003005968605,0.9999992504367805,-0.999998704437723,1.0000002283339553,-0.9999990174782072,0.9999988354638523
1.0000004852599607,-1.0000002591237196,-1.0000007503895552,1.000000033523974,1.0000001775359597,1.0000000007646148,1.0000002340098066,0.9999998159289486,-1.0000000275302654,-0.9999999822772442,-1.0000001051046894,-1.0000000295491267,0.9999999308639398,-0.9999995589774439,0.9999996987480312,-0.9999997993088297,-0.9999995654766323,0.9999993667239611,-0.9999995130919753,0.9999995047608651,0.9999995033202812,-1.000001455366034,0.9944527141581917,0.994452888283023,-0.9778688448203333,0.9504338508806301,-0.7254902329211224,0.15742786223952113,-0.912452165045663,0.475537684283028,1.0000011328641512,-1.0000009530910365,-1.0000012210770346,1.0000007001511837,1.0000012266018665,-1.000000415823142,-1.000001193243318,1.000000144269368,-0.9999995989898522,1.000001120931987,-0.9999999115496658,0.9999997297765288
0.9999996455416895,-0.9999994195161784,-0.9999999105511541,0.9999991940343828,0.9999993379240292,1.0000002340098066,0.9999999995688238,0.9999989763611193,-0.9999992703426579,-0.9999992250009939,-0.99999926549813,-0.9999991899323479,0.9999990912482011,-0.9999987199288419,0.9999988596968534,-0.9999989600357293,-0.9999987266502061,0.9999985283739129,-0.9999986747409255,0.9999986661676703,0.9999986652167269,-1.0000005325697885,0.9944518625974491,0.9944520680876048,-0.977867991635433,0.9504330056726902,-0.7254897253281901,0.15742787638650332,-0.9124513373155496,0.4755371541533569,1.000000296504423,-1.0000001165749552,-1.000000384845432,0.9999998634533243,1.0000003904687997,-0.9999995789217753,-1.0000003571791227,0.9999993071468474,-0.9999987611381763,1.0000002849049288,-0.999999074192451,0.9999988921750154
0.9999992275783296,-0.9999990015813134,-0.9999994101548139,0.9999987761444724,0.9999989199858952,0.9999998159289486,0.9999989763611193,0.9999999989738103,-0.9999988524243768,-0.9999987246739281,-0.9999988475738717,-0.9999987719945314,0.9999986733191246,-0.9999983022271195,0.9999984419816211,-0.9999985422329355,-0.9999983090220079,0.9999981109423013,-0.9999982572963333,0.9999982486295325,0.9999982478674593,-1.0000001143986044,0.9944514449190968,0.9944516539801055,-0.9778675791191003,0.9504326029476582,-0.7254894334195933,0.1574278269379011,-0.9124509488960197,0.4755369407167218,0.9999998797958386,-0.9999996998116254,-0.9999999681812792,0.99999944662565,0.9999999738392183,-0.9999991620213106,-0.9999999405768011,0.999998890166404,-0.9999983438864013,0.999999868323838,-0.99999865712607,0.999998475017876
-0.9999994391709548,0.9999992131776705,0.9999996217502196,-0.9999990701508504,-0.9999991315564464,-1.0000000275302654,-0.9999992703426579,-0.9999988524243768,0.999999999275042,0.9999989362327031,0.9999990591222302,0.9999989835476578,-0.9999988848524298,0.9999985138498297,-0.9999986536239421,0.9999987538605271,0.9999985206879072,-0.9999983226256374,0.9999984689944312,-0.9999984603146278,-0.9999984595771138,1.0000003260129862,-0.9944516581993872,-0.9944518615862258,0.9778677916930313,-0.9504328124534451,0.7254895683890354,-0.15742783365397517,0.9124511530102717,-0.4755370650303004,-1.000000091483384,0.9999999115095368,1.0000001798574216,-0.9999996583322842,-1.000000185502667,0.9999993737343683,1.0000001522244484,-0.9999991018832489,0.9999985556006321,-1.0000000799540967,0.9999988688441258,-0.9999986867349031
-0.9999993938238027,0.999999167796769,0.9999995764334502,-0.9999989423012575,-0.9999990862326347,-0.9999999822772442,-0.9999992250009939,-0.9999987246739281,0.9999989362327031,0.9999999992104763,0.9999990138295121,0.999998938259611,-0.9999988395962787,0.999998468188712,-0.9999986079367084,0.9999987082873989,0.9999984748686734,-0.9999982765825891,0.9999984229349358,-0.9999984143702061,-0.9999984134037058,1.0000002808202475,-0.994451608503445,-0.9944518214671317,0.9778677380226856,-0.9504327553579993,0.7254895671321718,-0.15742787180961207,0.9124510930744506,-0.47553700321875125,-1.000000044763242,0.9999998648173677,1.0000001331212045,-0.9999996116806513,-1.0000001387621502,0.9999993271361697,1.0000001054922185,-0.9999990553509231,0.9999985093260988,-1.000000033237614,0.9999988223888667,-0.9999986403661649
-0.9999995167169625,0.9999992907004581,0.9999996993076317,-0.9999990651698372,-0.9999992915713339,-1.0000001051046894,-0.99999926549813,-0.9999988475738717,0.9999990591222302,0.9999990138295121,0.999999999385502,0.9999990612227875,-0.999998962570573,0.9999985909381482,-0.9999987306840797,0.9999988310959035,0.9999985975528787,-0.9999983991490907,0.99999854550657,-0.9999985369950816,-0.9999985359337579,1.0000004035935823,-0.994451719369606,-0.9944519547303067,0.9778678357700313,-0.9504328389308194,0.7254897293593624,-0.15742799608951744,0.9124511615695996,-0.4755369681072976,-1.0000001672245147,0.9999999872684988,1.0000002555935825,-0.9999997341243383,-1.0000002612451664,0.9999994495768797,1.0000002279841405,-0.9999991777946285,0.9999986318227811,-1.0000001557349003,0.9999989448425737,-0.9999987628374492
-0.9999994411508348,0.999999215132341,0.9999996237466159,-0.9999989895835955,-0.9999992160137666,-1.0000000295491267,-0.9999991899323479,-0.9999987719945314,0.9999989835476578,0.999998938259611,0.9999990612227875,0.999999999277928,-0.9999989694123861,0.99999851527949,-0.9999986550303795,0.9999987554748379,0.9999985218658116,-0.9999983233941682,0.9999984697585541,-0.9999984612764351,-0.9999984601584027,1.0000003280470524,-0.9944516417556529,-0.994451882097292,0.9778677569469059,-0.9504327597660678,0.7254896908750477,-0.15742800763755294,0.9124510829340625,-0.47553691129657616,-1.0000000913400673,0.9999999113873566,1.0000001797079872,-0.9999996582490692,-1.000000185359808,0.9999993737103533,1.0000001520986577,-0.9999991019399193,0.9999985560225381,-1.000000079846654,0.9999988690028309,-0.9999986870158352
0.9999993424612712,-0.9999991164365252,-0.9999995250591582,0.9999988908655129,0.9999990349486519,0.9999999308639398,0.9999990912482011,0.9999986733191246,-0.9999988848524298,-0.9999988395962787,-0.999998962570573,-0.9999989694123861,0.9999999991374846,-0.9999984165114181,0.9999985562482542,-0.9999986567233289,-0.9999984230458767,0.9999982245234265,-0.9999983708787723,0.9999983624233648,0.999998361254777,-1.0000002293595662,0.9944515414120436,0.9944517861642038,-0.9778676560632873,0.9504326594605051,-0.7254896337153603,0.15742801280091565,-0.9124509843145353,0.47553684593854145,0.9999999924010518,-0.9999998124410121,-1.0000000807781746,0.9999995592980393,1.0000000864408989,-0.9999992747580316,-1.0000000531930593,0.9999990029901271,-0.9999984571023222,0.9999999809545151,-0.9999987700594213,0.9999985880823985
-0.9999989711256844,0.9999987452912725,0.9999991535407401,-0.999998520294436,-0.999998663423672,-0.9999995589774439,-0.9999987199288419,-0.9999983022271195,0.9999985138498297,0.999998468188712,0.9999985909381482,0.99999851527949,-0.9999984165114181,0.9999999986103302,-0.9999982700558055,0.9999982871492185,0.999998055530626,-0.9999978590641833,0.9999980054228892,-0.9999979959583918,-0.9999979967835938,0.9999998571027041,-0.9944512388832591,-0.9944513479359248,0.9778674267856332,-0.9504325062765008,0.7254889184227851,-0.15742731494631657,0.9124509092231788,-0.4755372384721045,-0.9999996331020479,0.9999994528189448,0.999999721706682,-0.999999199253185,-0.9999997275072378,0.9999989141895144,0.9999996943177866,-0.9999986418002929,0.9999980935513278,-0.9999996220893013,0.9999984081582696,-0.9999982253905481
0.9999991108983088,-0.9999988850697775,-0.9999992933129208,0.9999986600835293,0.9999988031859522,0.9999996987480312,0.9999988596968534,0.9999984419816211,-0.9999986536239421,-0.9999986079367084,-0.9999987306840797,-0.9999986550303795,0.9999985562482542,-0.9999982700558055,0.9999999988093788,-0.9999985093473199,-0.9999982777619569,0.9999979989209186,-0.9999981452921057,0.999998135812414,0.9999981366687096,-0.9999999968775048,0.9944513764103651,0.9944514884063828,-0.9778675605347675,0.9504326347606986,-0.725489029468657,0.15742735081222967,-0.9124510310172607,0.47553729257944904,0.9999997730579552,-0.9999995927715576,-0.9999998616639388,0.9999993392005819,0.9999998674632267,-0.9999990541297228,-0.9999998342679408,0.9999987817314713,-0.9999982334485266,0.9999997620293802,-0.999998548078924,0.9999983652996821
-0.9999992112526541,0.9999989853565245,0.9999993937324425,-0.9999988425873306,-0.9999989035743386,-0.9999997993088297,-0.9999989600357293,-0.9999985422329355,0.9999987538605271,0.9999987082873989,0.9999988310959035,0.9999987554748379,-0.9999986567233289,0.9999982871492185,-0.9999985093473199,0.9999999989512344,0.999998294499722,-0.9999980973684844,0.9999982437409061,-0.9999982346019071,-0.999998234778829,1.0000000975815244,-0.9944514571575596,-0.9944516080874036,0.9778676203636703,-0.9504326729001923,0.7254892303530504,-0.15742755022930707,0.9124510469419809,-0.4755371768954075,-0.9999998691721371,0.9999996890335777,0.999999957664775,-0.9999994356445945,-0.9999999633844624,0.9999991507885067,0.9999999301409573,-0.9999988786353032,0.9999983312313837,-0.9999998578799878,0.9999986452545768,-0.9999984627697646
-0.9999989778407221,0.9999987520845316,0.9999991601863326,-0.9999985272915076,-0.9999986700854128,-0.9999995654766323,-0.9999987266502061,-0.9999983090220079,0.9999985206879072,0.9999984748686734,0.9999985975528787,0.9999985218658116,-0.9999984230458767,0.999998055530626,-0.9999982777619569,0.999998294499722,0.999999998621555,-0.9999978679261493,0.9999980143009818,-0.9999980868476447,-0.9999980060474809,0.9999998634605219,-0.9944512603805793,-0.9944513389396666,0.9778674632446199,-0.9504325573995803,0.7254888228182265,-0.15742717202893955,0.9124509745512072,-0.4755373697318427,-0.9999996446168514,0.9999994641684761,0.9999997333466828,-0.999999210398032,-0.9999997392318973,0.9999989250918795,0.9999997060864235,-0.9999986524254009,0.9999981031833717,-0.9999996338685583,0.9999984184757182,-0.999998235375175
0.9999987795245436,-0.9999985539134415,-0.9999989617330219,0.9999983294933903,0.9999984717188806,0.9999993667239611,0.9999985283739129,0.9999981109423013,-0.9999983226256374,-0.9999982765825891,-0.9999983991490907,-0.9999983233941682,0.9999982245234265,-0.9999978590641833,0.9999979989209186,-0.9999980973684844,-0.9999978679261493,0.9999999983439977,-0.9999979025067669,0.9999978095011375,0.9999978126259861,-0.99999966440574,0.9944510913979174,0.9944511117390085,-0.9778673263455728,0.9504324543188589,-0.7254884870422902,0.15742686580482051,-0.912450906636594,0.47553752006654204,0.9999994560339225,-0.9999992751956226,-0.9999995450732273,0.9999990209585224,0.9999995511864247,-0.9999987351147722,-0.9999995181903774,0.9999984618473814,-0.9999979105183804,0.9999994460496182,-0.9999982272426263,0.9999980434429862
-0.9999989258941118,0.999998700287984,0.999999108102992,-0.9999984758685144,-0.9999986180882517,-0.9999995130919753,-0.9999986747409255,-0.9999982572963333,0.9999984689944312,0.9999984229349358,0.99999854550657,0.9999984697585541,-0.9999983708787723,0.9999980054228892,-0.9999981452921057,0.9999982437409061,0.9999980143009818,-0.9999979025067669,0.9999999985523987,-0.9999980382755339,-0.9999980414099745,0.9999998107774436,-0.9944512311816691,-0.9944512630747216,0.9778674579853706,-0.950432576347833,0.7254886310546111,-0.15742694315175956,0.9124510176968834,-0.47553754128523934,-0.9999996024891142,0.9999994216424511,0.9999996915355116,-0.9999991673961792,-0.9999996976534978,0.9999988815428053,0.9999996646576291,-0.9999986082657256,0.9999980569119078,-0.9999995925112207,0.9999983736516582,-0.9999981898435598
0.9999989173422881,-0.9999986916603664,-0.9999990996192542,0.999998467057316,0.9999986095547725,0.9999995047608651,0.9999986661676703,0.9999982486295325,-0.9999984603146278,-0.9999984143702061,-0.9999985369950816,-0.9999984612764351,0.9999983624233648,-0.9999979959583918,0.999998135812414,-0.9999982346019071,-0.9999980868476447,0.9999978095011375,-0.9999980382755339,0.9999999985375662,0.9999979480088657,-0.9999998025968554,0.9944512135447744,0.9944512645816522,-0.9778674310219114,0.9504325402542577,-0.7254886881739165,0.1574270324684652,-0.9124509727765109,0.47553745662646424,0.9999995889410384,-0.9999994083063627,-0.9999996778171467,0.9999991543111559,0.9999996838080211,-0.9999988687443435,-0.9999996507284182,0.9999985957849139,-0.9999980455180997,0.9999995785407784,-0.9999983615145218,0.9999981780706371
0.9999989163498239,-0.999998690821972,-0.999999098487892,0.9999984665820619,0.9999986085351679,0.9999995033202812,0.9999986652167269,0.9999982478674593,-0.9999984595771138,-0.9999984134037058,-0.9999985359337579,-0.9999984601584027,0.999998361254777,-0.9999979967835938,0.9999981366687096,-0.999998234778829,-0.9999980060474809,0.9999978126259861,-0.9999980414099745,0.9999979480088657,0.9999999985420351,-0.9999998008511052,0.9944512200960338,0.9944512542735311,-0.977867445927704,0.9504325635518807,-0.7254886309141074,0.15742695160478903,-0.9124510044001437,0.475537527694085,0.9999995981205505,-0.9999994170398875,-0.9999996873569539,0.9999991625193358,0.9999996936183793,-0.9999988763559926,-0.9999996607182459,0.9999986027385002,-0.999998132634807,0.9999995886197488,-0.9999983677593017,0.9999981835673483
-1.000000783829393,1.0000005576184086,1.0000009666503202,-1.0000003319414486,-1.000000476031934,-1.000001455366034,-1.0000005325697885,-1.0000001143986044,1.0000003260129862,1.0000002808202475,1.0000004035935823,1.0000003280470524,-1.0000002293595662,0.9999998571027041,-0.9999999968775048,1.0000000975815244,0.9999998634605219,-0.99999966440574,0.9999998107774436,-0.9999998025968554,-0.9999998008511052,1.0000000011902266,-0.9944530988700467,-0.9944532633555109,0.9778691469909083,-0.9504341494596089,0.7254904186819507,-0.15742786458400324,0.912452456629523,-0.4755378663834153,-1.0000014293422337,1.0000012496606296,1.0000015174815273,-1.0000009968285144,-1.0000015229512615,1.0000007126221557,1.00000148955494,-1.000000441201472,0.9999998963651744,-1.0000014172218255,1.0000002086237145,-1.0000000269989957
0.9944521136645343,-0.9944518856095305,-0.9944522999389923,0.9944516710911716,0.994451793948652,0.9944527141581917,0.9944518625974491,0.9944514449190968,-0.9944516581993872,-0.994451608503445,-0.994451719369606,-0.9944516417556529,0.9944515414120436,-0.9944512388832591,0.9944513764103651,-0.9944514571575596,-0.9944512603805793,0.9944510913979174,-0.9944512311816691,0.9944512135447744,0.9944512200960338,-0.9944530988700467,1.0000000008638683,0.977869242420958,-0.9944527128249543,0.9778688943278198,-0.6490659878776361,0.052670718952597236,-0.9504340124841353,0.5654391558412021,0.9944527113915732,-0.9944525497205116,-0.9944527848027424,0.9944523173952188,0.994452779285571,-0.9944520549828413,-0.9944527388093429,0.9944518051418546,-0.9944513087237615,0.994452663424614,-0.994451592370198,0.9944514272946438
0.9944523167556538,-0.9944520948246441,-0.9944524941818084,0.9944518604159442,0.9944520242256728,0.994452888283023,0.9944520680876048,0.9944516539801055,-0.9944518615862258,-0.9944518214671317,-0.9944519547303067,-0.994451882097292,0.9944517861642038,-0.9944513479359248,0.9944514884063828,-0.9944516080874036,-0.9944513389396666,0.9944511117390085,-0.9944512630747216,0.9944512645816522,0.9944512542735311,-0.9944532633555109,0.977869242420958,1.0000000011032724,-0.9504341154419182,0.9124523016895788,-0.793864102144335,0.2604380565912193,-0.8643453635582664,0.38035943358887975,0.9944530009601955,-0.9944528053383962,-0.9944531027898276,0.9944525348969617,0.994453119143275,-0.9944522321558806,-0.9944530931711281,0.9944519422843063,-0.9944513554723974,0.9944530246789126,-0.994451692607313,0.9944514965817178
-0.9778682397198639,0.9778680123783847,0.977868427353605,-0.9778678114321974,-0.9778679116587798,-0.9778688448203333,-0.977867991635433,-0.9778675791191003,0.9778677916930313,0.9778677380226856,0.9778678357700313,0.9778677569469059,-0.9778676560632873,0.9778674267856332,-0.9778675605347675,0.9778676203636703,0.9778674632446199,-0.9778673263455728,0.9778674579853706,-0.9778674310219114,-0.977867445927704,0.9778691469909083,-0.9944527128249543,-0.9504341154419182,1.0000000006447034,-0.9944525400325713,0.5654390176648633,0.052670908602137606,0.9778688260060849,-0.6490659048337004,-0.977868783890828,0.9778686419887243,0.9778688417889273,-0.9778684327072068,-0.9778688253695981,0.9778681949545687,0.9778687782800594,-0.977867969414943,0.9778675267491436,-0.9778687006912691,0.9778677787556153,-0.9778676320026575
0.9504332480224873,-0.9504330239591366,-0.9504334348872847,0.950432838872376,0.950432915285878,0.9504338508806301,0.9504330056726902,0.9504326029476582,-0.9504328124534451,-0.9504327553579993,-0.9504328389308194,-0.9504327597660678,0.9504326594605051,-0.9504325062765008,0.9504326347606986,-0.9504326729001923,-0.9504325573995803,0.9504324543188589,-0.950432576347833,0.9504325402542577,0.9504325635518807,-0.9504341494596089,0.9778688943278198,0.9124523016895788,-0.9944525400325713,1.0000000006152927,-0.4755375542178265,-0.15742803626625676,-0.9944525864849483,0.72549013582381,0.950433733905356,-0.9504336133037645,-0.9504337756814966,0.9504334293360659,0.9504337485662634,-0.9504332188204023,-0.9504336954014688,0.9504330200156701,-0.9504326357651065,0.9504336164791647,-0.9504328535077061,0.9504327266225268
-0.7254898997554384,0.725489755507107,0.7254900036261417,-0.7254895264635589,-0.7254897652838245,-0.7254902329211224,-0.7254897253281901,-0.7254894334195933,0.7254895683890354,0.7254895671321718,0.7254897293593624,0.7254896908750477,-0.7254896337153603,0.7254889184227851,-0.725489029468657,0.7254892303530504,0.7254888228182265,-0.7254884870422902,0.7254886310546111,-0.7254886881739165,-0.7254886309141074,0.7254904186819507,-0.6490659878776361,-0.793864102144335,0.5654390176648633,-0.4755375542178265,1.0000000002674534,-0.7938635651580441,0.3803592842493684,0.2604379805837207,-0.7254906456646066,0.7254904043942757,0.7254908024596051,-0.7254900964634182,-0.7254908778936799,0.725489758569055,0.7254909010635183,-0.7254894309615911,0.7254887409506352,-0.7254908711019623,0.7254891417920625,-0.7254889091015758
0.1574279046621647,-0.1574278975241074,-0.15742789220461445,0.1574277681992995,0.15742798365391292,0.15742786223952113,0.15742787638650332,0.1574278269379011,-0.15742783365397517,-0.15742787180961207,-0.15742799608951744,-0.15742800763755294,0.15742801280091565,-0.15742731494631657,0.15742735081222967,-0.15742755022930707,-0.15742717202893955,0.15742686580482051,-0.15742694315175956,0.1574270324684652,0.15742695160478903,-0.15742786458400324,0.052670718952597236,0.2604380565912193,0.052670908602137606,-0.15742803626625676,-0.7938635651580441,1.000000000008353,0.2604380903443034,-0.7938633607992153,0.1574284031525329,-0.15742821574759952,-0.1574285502344255,0.15742799733259352,0.15742865362116432,-0.15742776365304406,-0.157428716355978,0.1574275334471451,-0.15742702499605396,0.1574287372518306,-0.15742732408635787,0.157427150758278
-0.91245157124588,0.9124513529851765,0.91245175522433,-0.9124511858682257,-0.912451237545702,-0.912452165045663,-0.9124513373155496,-0.9124509488960197,0.9124511530102717,0.9124510930744506,0.9124511615695996,0.9124510829340625,-0.9124509843145353,0.9124509092231788,-0.9124510310172607,0.9124510469419809,0.9124509745512072,-0.912450906636594,0.9124510176968834,-0.9124509727765109,-0.9124510044001437,0.912452456629523,-0.9504340124841353,-0.8643453635582664,0.9778688260060849,-0.9944525864849483,0.3803592842493684,0.2604380903443034,1.0000000006903131,-0.7938637685471188,-0.9124519946784192,0.9124518966784414,0.9124520198967783,-0.9124517400196822,-0.9124519824047885,0.9124515590219625,0.9124519237645088,-0.9124513890949865,0.912451067292857,-0.912451844389738,0.9124512485154835,-0.9124511428289713
0.4755372836779917,-0.4755371507421392,-0.4755374073609868,0.47553712699588835,0.47553702378115253,0.475537684283028,0.4755371541533569,0.4755369407167218,-0.4755370650303004,-0.47553700321875125,-0.4755369681072976,-0.47553691129657616,0.47553684593854145,-0.4755372384721045,0.47553729257944904,-0.4755371768954075,-0.4755373697318427,0.47553752006654204,-0.47553754128523934,0.47553745662646424,0.475537527694085,-0.4755378663834153,0.5654391558412021,0.38035943358887975,-0.6490659048337004,0.72549013582381,0.2604379805837207,-0.7938633607992153,-0.7938637685471188,0.9999999999298695,0.4755372378246139,-0.4755372940803867,-0.4755371611160451,0.47553733291329986,0.4755370724217443,-0.47553736602257646,-0.4755369960035896,0.47553740390895133,-0.4755375211871054,0.4755369328708442,-0.47553744714309093,0.47553748965264053
1.0000005474332503,-1.0000003224385863,-1.0000007291180064,1.0000000991655598,1.0000002398632784,1.0000011328641512,1.000000296504423,0.9999998797958386,-1.000000091483384,-1.000000044763242,-1.0000001672245147,-1.0000000913400673,0.9999999924010518,-0.9999996331020479,0.9999997730579552,-0.9999998691721371,-0.9999996446168514,0.9999994560339225,-0.9999996024891142,0.9999995889410384,0.9999995981205505,-1.0000014293422337,0.9944527113915732,0.9944530009601955,-0.977868783890828,0.950433733905356,-0.7254906456646066,0.1574284031525329,-0.9124519946784192,0.4755372378246139,1.0000000009005183,-1.0000011643408213,-1.0000014383680451,1.0000008251443422,1.0000013635768934,-1.00000053648563,-1.000001331633097,1.0000002602096705,-0.9999996992423433,1.0000012600424324,-1.0000000224582646,0.9999998354276712
-1.000000367527555,1.0000001424869822,1.0000005492489448,-0.9999999191510188,-1.0000000599119794,-1.0000009530910365,-1.0000001165749552,-0.9999996998116254,0.9999999115095368,0.9999998648173677,0.9999999872684988,0.9999999113873566,-0.9999998124410121,0.9999994528189448,-0.9999995927715576,0.9999996890335777,0.9999994641684761,-0.9999992751956226,0.9999994216424511,-0.9999994083063627,-0.9999994170398875,1.0000012496606296,-0.9944525497205116,-0.9944528053383962,0.9778686419887243,-0.9504336133037645,0.7254904043942757,-0.15742821574759952,0.9124518966784414,-0.4755372940803867,-1.0000011643408213,1.0000000006399914,1.000001172696236,-1.0000007248929565,-1.0000011801522837,1.0000003540899427,1.0000011480992126,-1.0000000780759397,0.9999995179078842,-1.0000010764488898,0.9999998405918897,-0.999999653829318
-1.0000006357523301,1.0000004107944735,1.00000081740874,-1.000000187566786,-1.0000003282259657,-1.0000012210770346,-1.000000384845432,-0.9999999681812792,1.0000001798574216,1.0000001331212045,1.0000002555935825,1.0000001797079872,-1.0000000807781746,0.999999721706682,-0.9999998616639388,0.999999957664775,0.9999997333466828,-0.9999995450732273,0.9999996915355116,-0.9999996778171467,-0.9999996873569539,1.0000015174815273,-0.9944527848027424,-0.9944531027898276,0.9778688417889273,-0.9504337756814966,0.7254908024596051,-0.1574285502344255,0.9124520198967783,-0.4755371611160451,-1.0000014383680451,1.000001172696236,1.0000000010300971,-1.0000009156941407,-1.0000015371947744,1.0000006268213038,1.0000014229520566,-1.0000003503235437,0.9999997886878319,-1.000001351414711,1.0000001123471598,-0.9999999250924108
1.0000001144310346,-0.9999998893361883,-1.0000002961967838,0.9999996659191218,0.9999998067703005,1.0000007001511837,0.9999998634533243,0.99999944662565,-0.9999996583322842,-0.9999996116806513,-0.9999997341243383,-0.9999996582490692,0.9999995592980393,-0.999999199253185,0.9999993392005819,-0.9999994356445945,-0.999999210398032,0.9999990209585224,-0.9999991673961792,0.9999991543111559,0.9999991625193358,-1.0000009968285144,0.9944523173952188,0.9944525348969617,-0.9778684327072068,0.9504334293360659,-0.7254900964634182,0.15742799733259352,-0.9124517400196822,0.47553733291329986,1.0000008251443422,-1.0000007248929565,-1.0000009156941407,1.0000000002748946,1.0000009229878923,-1.000000180463051,-1.0000008908164868,0.9999998223489931,-0.999999263093531,1.000000819102132,-0.9999995851683879,0.9999993987118074
1.0000006413559246,-1.0000004164252247,-1.0000008229923847,1.0000001932262066,1.0000003338693626,1.0000012266018665,1.0000003904687997,0.9999999738392183,-1.000000185502667,-1.0000001387621502,-1.0000002612451664,-1.000000185359808,1.0000000864408989,-0.9999997275072378,0.9999998674632267,-0.9999999633844624,-0.9999997392318973,0.9999995511864247,-0.9999996976534978,0.9999996838080211,0.9999996936183793,-1.0000015229512615,0.994452779285571,0.994453119143275,-0.9778688253695981,0.9504337485662634,-0.7254908778936799,0.15742865362116432,-0.9124519824047885,0.4755370724217443,1.0000013635768934,-1.0000011801522837,-1.0000015371947744,1.0000009229878923,1.0000000010411856,-1.0000006339436305,-1.0000015132709237,1.0000003572695997,-0.9999997951102417,1.0000013593836807,-1.0000001191156973,0.9999999316853247
-0.9999998299253929,0.9999996047689385,1.0000000117423806,-0.9999993812525744,-0.9999995222224953,-1.000000415823142,-0.9999995789217753,-0.9999991620213106,0.9999993737343683,0.9999993271361697,0.9999994495768797,0.9999993737103533,-0.9999992747580316,0.9999989141895144,-0.9999990541297228,0.9999991507885067,0.9999989250918795,-0.9999987351147722,0.9999988815428053,-0.9999988687443435,-0.9999988763559926,1.0000007126221557,-0.9944520549828413,-0.9944522321558806,0.9778681949545687,-0.9504332188204023,0.725489758569055,-0.15742776365304406,0.9124515590219625,-0.47553736602257646,-1.00000053648563,1.0000003540899427,1.0000006268213038,-1.000000180463051,-1.0000006339436305,0.9999999998648971,1.0000006016484444,-0.9999996172466185,0.9999989766018932,-1.0000005298677235,0.9999992980030589,-0.9999991118838786
-1.000000608049213,1.0000003831353568,1.0000007896734016,-1.0000001599500077,-1.0000003005968605,-1.000001193243318,-1.0000003571791227,-0.9999999405768011,1.0000001522244484,1.0000001054922185,1.0000002279841405,1.0000001520986577,-1.0000000531930593,0.9999996943177866,-0.9999998342679408,0.9999999301409573,0.9999997060864235,-0.9999995181903774,0.9999996646576291,-0.9999996507284182,-0.9999996607182459,1.00000148955494,-0.9944527388093429,-0.9944530931711281,0.9778687782800594,-0.9504336954014688,0.7254909010635183,-0.157428716355978,0.9124519237645088,-0.4755369960035896,-1.000001331633097,1.0000011480992126,1.0000014229520566,-1.0000008908164868,-1.0000015132709237,1.0000006016484444,1.000000000996005,-1.000000324848345,0.9999997623210013,-1.0000014101145878,1.0000000865686463,-0.9999998990148767
0.9999995581767606,-0.9999993329526148,-0.9999997400507994,0.9999991093195074,0.9999992504367805,1.000000144269368,0.9999993071468474,0.999998890166404,-0.9999991018832489,-0.9999990553509231,-0.9999991777946285,-0.9999991019399193,0.9999990029901271,-0.9999986418002929,0.9999987817314713,-0.9999988786353032,-0.9999986524254009,0.9999984618473814,-0.9999986082657256,0.9999985957849139,0.9999986027385002,-1.000000441201472,0.9944518051418546,0.9944519422843063,-0.977867969414943,0.9504330200156701,-0.7254894309615911,0.1574275334471451,-0.9124513890949865,0.47553740390895133,1.0000002602096705,-1.0000000780759397,-1.0000003503235437,0.9999998223489931,1.0000003572695997,-0.9999996172466185,-1.000000324848345,0.9999999994730492,-0.999998702627573,1.0000002530006402,-0.9999991056991944,0.9999988375465214
-0.9999990122468433,0.9999987867970582,0.9999991943153789,-0.9999985627260691,-0.999998704437723,-0.9999995989898522,-0.9999987611381763,-0.9999983438864013,0.9999985556006321,0.9999985093260988,0.9999986318227811,0.9999985560225381,-0.9999984571023222,0.9999980935513278,-0.9999982334485266,0.9999983312313837,0.9999981031833717,-0.9999979105183804,0.9999980569119078,-0.9999980455180997,-0.999998132634807,0.9999998963651744,-0.9944513087237615,-0.9944513554723974,0.9778675267491436,-0.9504326357651065,0.7254887409506352,-0.15742702499605396,0.912451067292857,-0.4755375211871054,-0.9999996992423433,0.9999995179078842,0.9999997886878319,-0.999999263093531,-0.9999997951102417,0.9999989766018932,0.9999997623210013,-0.999998702627573,0.9999999986822773,-0.9999996902802758,0.999998467269145,-0.9999983650774136
1.0000005357642614,-1.0000003108566906,-1.000000717381945,1.0000000876750297,1.0000002283339553,1.000001120931987,1.0000002849049288,0.999999868323838,-1.0000000799540967,-1.000000033237614,-1.0000001557349003,-1.000000079846654,0.9999999809545151,-0.9999996220893013,0.9999997620293802,-0.9999998578799878,-0.9999996338685583,0.9999994460496182,-0.9999995925112207,0.9999995785407784,0.9999995886197488,-1.0000014172218255,0.994452663424614,0.9944530246789126,-0.9778687006912691,0.9504336164791647,-0.7254908711019623,0.1574287372518306,-0.912451844389738,0.4755369328708442,1.0000012600424324,-1.0000010764488898,-1.000001351414711,1.000000819102132,1.0000013593836807,-1.0000005298677235,-1.0000014101145878,1.0000002530006402,-0.9999996902802758,1.000000000894292,-1.000000014654622,0.9999998270361924
-0.9999993252487966,0.999999099952259,0.9999995071845191,-0.9999988761864559,-0.9999990174782072,-0.9999999115496658,-0.999999074192451,-0.99999865712607,0.9999988688441258,0.9999988223888667,0.9999989448425737,0.9999988690028309,-0.9999987700594213,0.9999984081582696,-0.999998548078924,0.9999986452545768,0.9999984184757182,-0.9999982272426263,0.9999983736516582,-0.9999983615145218,-0.9999983677593017,1.0000002086237145,-0.994451592370198,-0.994451692607313,0.9778677787556153,-0.9504328535077061,0.7254891417920625,-0.15742732408635787,0.9124512485154835,-0.47553744714309093,-1.0000000224582646,0.9999998405918897,1.0000001123471598,-0.9999995851683879,-1.0000001191156973,0.9999992980030589,1.0000000865686463,-0.9999991056991944,0.999998467269145,-1.000000014654622,0.9999999991366104,-0.9999986842003413
0.9999991432577316,-0.9999989178855149,-0.9999993252586135,0.9999986939730645,0.9999988354638523,0.9999997297765288,0.9999988921750154,0.999998475017876,-0.9999986867349031,-0.9999986403661649,-0.9999987628374492,-0.9999986870158352,0.9999985880823985,-0.9999982253905481,0.9999983652996821,-0.9999984627697646,-0.999998235375175,0.9999980434429862,-0.9999981898435598,0.9999981780706371,0.9999981835673483,-1.0000000269989957,0.9944514272946438,0.9944514965817178,-0.9778676320026575,0.9504327266225268,-0.7254889091015758,0.157427150758278,-0.9124511428289713,0.47553748965264053,0.9999998354276712,-0.999999653829318,-0.9999999250924108,0.9999993987118074,0.9999999316853247,-0.9999991118838786,-0.9999998990148767,0.9999988375465214,-0.9999983650774136,0.9999998270361924,-0.9999986842003413,0.9999999988729644
