1.000000000620455,-1.0000006695092547,1.0000006446906724,1.0000006358738276,1.000000505909561,-1.0000004966227911,1.0000003990186637,0.8846473871951887,-1.0000007336148486,-0.5651991685830682,1.0000011499543255,0.8846459210778747,-0.5651968537956786,0.8846470380972767,1.000000106397138,-1.0000001609732923,1.0000001063971384,0.8846461080351451,-1.0000004682520744,-0.8846462185845988,0.8846464312466168,-0.8846466384532355,0.8846468251084817,-1.0000005935059797,-0.8846469150323443,-0.884646915032341,-1.0000014079692099,1.0000015447863067
-1.0000006695092547,1.0000000004321723,-1.0000004452592968,-1.0000004370905513,-1.0000003745454482,1.0000003651955534,-1.0000002675922866,-0.8846472459394303,1.0000005996982473,0.5651990525024335,-1.000001015987746,-0.8846458252648385,0.5651968181522667,-0.8846468970326654,-0.9999999752591168,1.0000000297620295,-0.9999999752591168,-0.8846460118532474,1.0000003349819688,0.8846461212684141,-0.8846463329340137,0.8846465393427149,-0.8846467254278955,1.0000004617602367,0.8846468151723954,0.8846468151723915,1.0000012738985937,-1.0000014106422366
1.0000006446906724,-1.0000004452592968,1.0000000002980716,1.0000004135481126,1.000000285265052,-1.0000002755083535,1.0000001779307668,0.8846470612063343,-1.0000004939447558,-0.5651988311645103,1.0000009104710692,0.8846458218832037,-0.5651969184385027,0.8846467137153339,0.9999998877581429,-0.9999999417603875,0.9999998877581432,0.8846460062162149,-1.0000001654297108,-0.8846461098332631,0.8846463165753746,-0.8846465191775206,0.8846467026567948,-1.000000302498835,-0.8846467915306528,-0.88464679153065,-1.0000011681961334,1.0000013047054315
1.0000006358738276,-1.0000004370905513,1.0000004135481126,1.000000000287684,1.0000002720485848,-1.000000195717657,1.0000001653144888,0.884647224501113,-1.0000005071443563,-0.5651991072714269,1.0000009233382703,0.8846456835039935,-0.5651966595922177,0.8846468747105896,0.9999998717044064,-0.9999999265009575,0.9999998717044064,0.8846458713808341,-1.0000002403046668,-0.8846459841911691,0.8846461987299378,-0.8846464073427805,0.884646594918574,-1.0000003609026977,-0.8846466851591133,-0.8846466851591099,-1.0000011814031777,1.000001318313936
1.000000505909561,-1.0000003745454482,1.000000285265052,1.0000002720485848,1.0000000001004858,-1.0000000645318698,1.0000000341102873,0.8846471952845335,-1.0000003846549683,-0.5651991781706199,1.000000800818418,0.8846454964953765,-0.5651964510005907,0.8846468446799558,0.9999997394251424,-0.999999794465339,0.9999997394251421,0.8846456854530897,-1.0000001158173248,-0.8846458012124531,0.8846460182158818,-0.8846462286820568,0.8846464174735028,-1.0000002309208655,-0.8846465081107517,-0.8846465081107489,-1.0000010590879624,1.0000011961923678
-1.0000004966227911,1.0000003651955534,-1.0000002755083535,-1.000000195717657,-1.0000000645318698,1.0000000000876976,-0.9999999579195057,-0.8846471544598187,1.0000003731428981,0.5651991173944716,-1.0000007892393836,-0.8846455168326153,0.5651964984555875,-0.8846468040743306,-0.999999730723539,0.9999997856976005,-0.9999997307235402,-0.8846457054678107,1.0000001049897729,0.8846458201906869,-0.8846460363010537,0.8846462460729688,-0.8846464343884031,1.0000002216334936,0.8846465248786217,0.8846465248786199,1.0000010473830834,-1.000001184397473
1.0000003990186637,-1.0000002675922866,1.0000001779307668,1.0000001653144888,1.0000000341102873,-0.9999999579195057,0.9999999999481882,0.8846470700357216,-1.0000002756346067,-0.56519906553182,1.0000006917257735,0.8846454287155522,-0.5651964400189264,0.8846467196207373,0.9999996330600456,-0.9999996208215994,0.9999996330600462,0.8846456173302014,-1.00000000746628,-0.8846457319958624,0.8846459480524244,-0.8846461577759863,0.8846463460512936,-1.0000000568099263,-0.8846464365317078,-0.8846464365317049,-1.0000009498632645,1.0000010868755187
0.8846473871951887,-0.8846472459394303,0.8846470612063343,0.884647224501113,0.8846471952845335,-0.8846471544598187,0.8846470700357216,1.000000000086496,-0.8846464732556637,-0.8846460767795293,0.8846468624285123,0.5651979747686036,-0.11535414231580683,1.0000000127142694,0.8846469498482459,-0.8846469610242579,0.8846469498482452,0.5651983526262112,-0.8846466873520423,-0.5651985529625273,0.5651988341258736,-0.5651991058232457,0.5651993367570606,-0.8846471297708486,-0.5651994285957507,-0.5651994285957502,-0.8846470590758841,0.8846471665344555
-1.0000007336148486,1.0000005996982473,-1.0000004939447558,-1.0000005071443563,-1.0000003846549683,1.0000003731428981,-1.0000002756346067,-0.8846464732556637,1.0000000003804748,0.5651978700612065,-1.0000008829746225,-0.8846463395754992,0.5651979158504391,-0.8846461977071135,-0.9999999939674726,1.0000000458910927,-0.9999999939674733,-0.8846465813732631,1.0000002835680213,0.8846466602255423,-0.8846468455076367,0.884647030962559,-0.8846472021071456,1.0000004584222857,0.8846472868705137,0.8846472868705112,1.000001207612546,-1.000001343586738
-0.5651991685830682,0.5651990525024335,-0.5651988311645103,-0.5651991072714269,-0.5651991781706199,0.5651991173944716,-0.56519906553182,-0.8846460767795293,0.5651978700612065,0.9999999999652777,-0.5651980220018561,-0.11535400722270728,-0.3611027626079835,-0.884646227707836,-0.5651991346964609,0.565199102485572,-0.5651991346964574,-0.11535450044201971,0.5651983794208005,0.11535477406074511,-0.11535508445399935,0.11535537821354293,-0.11535561450796707,0.5651989882933717,0.11535569189216328,0.11535569189216502,0.5651981123928835,-0.5651981664820297
1.0000011499543255,-1.000001015987746,1.0000009104710692,1.0000009233382703,1.000000800818418,-1.0000007892393836,1.0000006917257735,0.8846468624285123,-1.0000008829746225,-0.5651980220018561,1.0000000009772336,0.8846468234688375,-0.5651982347317444,0.8846465192633209,1.0000004100414033,-1.000000461910545,1.0000004100414035,0.8846469973498609,-1.000000700873358,-0.8846470746267597,0.8846472584052184,-0.8846474424612639,0.8846476123761414,-1.000000874697733,-0.8846476967637338,-0.8846476967637327,-1.0000015581489194,1.0000017614600483
0.8846459210778747,-0.8846458252648385,0.8846458218832037,0.8846456835039935,0.8846454964953765,-0.8846455168326153,0.8846454287155522,0.5651979747686036,-0.8846463395754992,-0.11535400722270728,0.8846468234688375,0.9999999998542097,-0.8846458669795537,0.5651974773989334,0.8846450512030819,-0.8846451317718651,0.8846450512030837,0.9999997270780994,-0.8846458209319895,-0.9999996654400648,0.9999997112616827,-0.9999997670186285,0.9999998384837531,-0.8846456915690957,-0.9999998964469474,-0.999999896446944,-0.884647081948365,0.8846472148355246
-0.5651968537956786,0.5651968181522667,-0.5651969184385027,-0.5651966595922177,-0.5651964510005907,0.5651964984555875,-0.5651964400189264,-0.11535414231580683,0.5651979158504391,-0.3611027626079835,-0.5651982347317444,-0.8846458669795537,0.9999999997583051,-0.1153536047459151,-0.5651960534022519,0.5651961440464317,-0.5651960534022541,-0.8846455708178373,0.5651971285475469,0.8846454492060892,-0.884645343777763,0.88464525565007,-0.8846452097008033,0.5651967228006204,0.8846452271135695,0.8846452271135635,0.5651984342263536,-0.5651985332367456
0.8846470380972767,-0.8846468970326654,0.8846467137153339,0.8846468747105896,0.8846468446799558,-0.8846468040743306,0.8846467196207373,1.0000000127142694,-0.8846461977071135,-0.884646227707836,0.8846465192633209,0.5651974773989334,-0.1153536047459151,0.999999999931089,0.8846465981959732,-0.8846466096571953,0.884646598195971,0.5651978564673474,-0.8846462760590795,-0.5651980591885639,0.5651983422277932,-0.565198615283307,0.5651988470958973,-0.8846467806505526,-0.5651989392474679,-0.5651989392474677,-0.884646715744952,0.8846468231761051
1.000000106397138,-0.9999999752591168,0.9999998877581429,0.9999998717044064,0.9999997394251424,-0.999999730723539,0.9999996330600456,0.8846469498482459,-0.9999999939674726,-0.5651991346964609,1.0000004100414033,0.8846450512030819,-0.5651960534022519,0.8846465981959732,0.9999999995263406,-0.9999993251667793,0.999999337054806,0.8846452412852456,-0.9999997228441586,-0.8846453600332536,0.884645579481031,-0.8846457917253759,0.884645981621908,-0.9999998313740888,-0.8846460726335069,-0.8846460726335047,-1.0000006684996023,1.0000008058096952
-1.0000001609732923,1.0000000297620295,-0.9999999417603875,-0.9999999265009575,-0.999999794465339,0.9999997856976005,-0.9999996208215994,-0.8846469610242579,1.0000000458910927,0.565199102485572,-1.000000461910545,-0.8846451317718651,0.5651961440464317,-0.8846466096571953,-0.9999993251667793,0.9999999996053425,-0.9999993251667751,-0.8846453215031556,0.999999775548449,0.8846454391508866,-0.8846456576599345,0.8846458691848464,-0.8846460585984948,0.9999998859521118,0.8846461494571017,0.8846461494570979,1.000000720244804,-1.0000008574608938
1.0000001063971384,-0.9999999752591168,0.9999998877581432,0.9999998717044064,0.9999997394251421,-0.9999997307235402,0.9999996330600462,0.8846469498482452,-0.9999999939674733,-0.5651991346964574,1.0000004100414035,0.8846450512030837,-0.5651960534022541,0.884646598195971,0.999999337054806,-0.9999993251667751,0.9999999995263406,0.8846452412852468,-0.999999722844158,-0.8846453600332558,0.8846455794810328,-0.8846457917253764,0.8846459816219098,-0.9999998313740877,-0.8846460726335093,-0.8846460726335054,-1.0000006684996026,1.000000805809695
0.8846461080351451,-0.8846460118532474,0.8846460062162149,0.8846458713808341,0.8846456854530897,-0.8846457054678107,0.8846456173302014,0.5651983526262112,-0.8846465813732631,-0.11535450044201971,0.8846469973498609,0.9999997270780994,-0.8846455708178373,0.5651978564673474,0.8846452412852456,-0.8846453215031556,0.8846452412852468,0.9999999997548784,-0.8846459321905917,-0.9999995226399824,0.9999996307073572,-0.9999996824043181,0.9999997509706099,-0.8846458784534242,-0.9999998079985808,-0.9999998079985769,-0.8846472549546226,0.8846473872675185
-1.0000004682520744,1.0000003349819688,-1.0000001654297108,-1.0000002403046668,-1.0000001158173248,1.0000001049897729,-1.00000000746628,-0.8846466873520423,1.0000002835680213,0.5651983794208005,-1.000000700873358,-0.8846458209319895,0.5651971285475469,-0.8846462760590795,-0.9999997228441586,0.999999775548449,-0.999999722844158,-0.8846459321905917,1.0000000000217697,0.8846460882513264,-0.8846462823585034,0.8846464750771336,-0.8846466516754115,1.0000001932087832,0.8846467382283141,0.8846467382283112,1.0000009583464193,-1.0000010944101114
-0.8846462185845988,0.8846461212684141,-0.8846461098332631,-0.8846459841911691,-0.8846458012124531,0.8846458201906869,-0.8846457319958624,-0.5651985529625273,0.8846466602255423,0.11535477406074511,-0.8846470746267597,-0.9999996654400648,0.8846454492060892,-0.5651980591885639,-0.8846453600332536,0.8846454391508866,-0.8846453600332558,-0.9999995226399824,0.8846460882513264,0.9999999996456341,-0.9999994603274488,0.9999995647598676,-0.999999622485584,0.8846459886701162,0.9999996760574967,0.9999996760574921,0.884647330238273,-0.8846474613201241
0.8846464312466168,-0.8846463329340137,0.8846463165753746,0.8846461987299378,0.8846460182158818,-0.8846460363010537,0.8846459480524244,0.5651988341258736,-0.8846468455076367,-0.11535508445399935,0.8846472584052184,0.9999997112616827,-0.884645343777763,0.5651983422277932,0.884645579481031,-0.8846456576599345,0.8846455794810328,0.9999996307073572,-0.8846462823585034,-0.9999994603274488,0.9999999996678705,-0.9999994917148893,0.9999996065710226,-0.8846462010278638,-0.9999996569489678,-0.9999996569489632,-0.8846475121578933,0.8846476421120426
-0.8846466384532355,0.8846465393427149,-0.8846465191775206,-0.8846464073427805,-0.8846462286820568,0.8846462460729688,-0.8846461577759863,-0.5651991058232457,0.884647030962559,0.11535537821354293,-0.8846474424612639,-0.9999997670186285,0.88464525565007,-0.565198615283307,-0.8846457917253759,0.8846458691848464,-0.8846457917253764,-0.9999996824043181,0.8846464750771336,0.9999995647598676,-0.9999994917148893,0.999999999693814,-0.9999995433365334,0.8846464079802648,0.9999996582526844,0.9999996582526802,0.8846476945497141,-0.8846478235122233
0.8846468251084817,-0.8846467254278955,0.8846467026567948,0.884646594918574,0.8846464174735028,-0.8846464343884031,0.8846463460512936,0.5651993367570606,-0.8846472021071456,-0.11535561450796707,0.8846476123761414,0.9999998384837531,-0.8846452097008033,0.5651988470958973,0.884645981621908,-0.8846460585984948,0.8846459816219098,0.9999997509706099,-0.8846466516754115,-0.999999622485584,0.9999996065710226,-0.9999995433365334,0.9999999997450821,-0.8846465944452597,-0.9999996216841123,-0.9999996216841083,-0.8846478630722154,0.8846479912205938
-1.0000005935059797,1.0000004617602367,-1.000000302498835,-1.0000003609026977,-1.0000002309208655,1.0000002216334936,-1.0000000568099263,-0.8846471297708486,1.0000004584222857,0.5651989882933717,-1.000000874697733,-0.8846456915690957,0.5651967228006204,-0.8846467806505526,-0.9999998313740888,0.9999998859521118,-0.9999998313740877,-0.8846458784534242,1.0000001932087832,0.8846459886701162,-0.8846462010278638,0.8846464079802648,-0.8846465944452597,1.0000000002275713,0.8846466843186302,0.8846466843186277,1.0000011326406943,-1.0000012694179432
-0.8846469150323443,0.8846468151723954,-0.8846467915306528,-0.8846466851591133,-0.8846465081107517,0.8846465248786217,-0.8846464365317078,-0.5651994285957507,0.8846472868705137,0.11535569189216328,-0.8846476967637338,-0.9999998964469474,0.8846452271135695,-0.5651989392474679,-0.8846460726335069,0.8846461494571017,-0.8846460726335093,-0.9999998079985808,0.8846467382283141,0.9999996760574967,-0.9999996569489678,0.9999996582526844,-0.9999996216841123,0.8846466843186302,0.9999999998099222,0.999999733967365,0.8846479470124146,-0.8846480748916703
-0.884646915032341,0.8846468151723915,-0.88464679153065,-0.8846466851591099,-0.8846465081107489,0.8846465248786199,-0.8846464365317049,-0.5651994285957502,0.8846472868705112,0.11535569189216502,-0.8846476967637327,-0.999999896446944,0.8846452271135635,-0.5651989392474677,-0.8846460726335047,0.8846461494570979,-0.8846460726335054,-0.9999998079985769,0.8846467382283112,0.9999996760574921,-0.9999996569489632,0.9999996582526802,-0.9999996216841083,0.8846466843186277,0.999999733967365,0.9999999998099222,0.8846479470124119,-0.8846480748916677
-1.0000014079692099,1.0000012738985937,-1.0000011681961334,-1.0000011814031777,-1.0000010590879624,1.0000010473830834,-1.0000009498632645,-0.8846470590758841,1.000001207612546,0.5651981123928835,-1.0000015581489194,-0.884647081948365,0.5651984342263536,-0.884646715744952,-1.0000006684996023,1.000000720244804,-1.0000006684996026,-0.8846472549546226,1.0000009583464193,0.884647330238273,-0.8846475121578933,0.8846476945497141,-0.8846478630722154,1.0000011326406943,0.8846479470124146,0.8846479470124119,1.000000001345297,-1.0000019520104386
1.0000015447863067,-1.0000014106422366,1.0000013047054315,1.000001318313936,1.0000011961923678,-1.000001184397473,1.0000010868755187,0.8846471665344555,-1.000001343586738,-0.5651981664820297,1.0000017614600483,0.8846472148355246,-0.5651985332367456,0.8846468231761051,1.0000008058096952,-1.0000008574608938,1.000000805809695,0.8846473872675185,-1.0000010944101114,-0.8846474613201241,0.8846476421120426,-0.8846478235122233,0.8846479912205938,-1.0000012694179432,-0.8846480748916703,-0.8846480748916677,-1.0000019520104386,1.0000000015399804
