0.9999999882777021,-0.9999847284232745,0.999984847909728,0.9999848479097296,0.9999944255616666,-0.9999941982577897,-0.9999941982577876,-0.9999926960886276,-0.9999949691861271,0.9999910848378492,0.8093746866673949,0.8086748381453652,-0.3096921205213778,0.30981420681030564,-0.3084046814663317,-0.309970793535853,0.3099551538243906,-0.30997079353584706,-0.3099707935358507,-0.3098927792003879,-0.30984889622733364,0.3098746801736179,-0.3098910485237953,-0.9999888891274789,-0.9999907508109207,0.9999868496792708,-0.9999856357352485,-0.9999856357352471,0.3098973210754383
-0.9999847284232745,0.999999989623672,-0.9999859902545204,-0.9999859902545213,-0.9999953716922766,0.9999951443125226,0.9999951443125203,0.9999936412594581,0.9999959164978922,-0.9999920291258491,-0.8093697598778313,-0.8086812989685037,0.30968320089107765,-0.3098052876535171,0.3084141875786438,0.3099618750259734,-0.3099462352438441,0.3099618750259675,0.3099618750259707,0.30988386036092985,0.30983997720747347,-0.3098657612593853,0.30988212967725537,0.9999898326922156,0.9999916950188006,-0.999987792604728,0.9999865783848925,0.9999865783848915,-0.3098884022545348
0.999984847909728,-0.9999859902545204,0.9999999900800401,0.9999861099273185,0.9999956948841424,-0.9999954674291129,-0.9999954674291106,-0.9999939634984238,-0.9999962408633943,0.9999923504883192,0.8093643635738854,0.8086872213355135,-0.3096741444642127,0.3097962316219575,-0.30842344543867234,-0.30995281954086185,0.30993717969813195,-0.3099528195408562,-0.30995281954085885,-0.3098748045963163,-0.309830921290595,0.3098567054315818,-0.30987307390664154,-0.9999901533371421,-0.9999920163018478,0.9999881126154923,-0.9999870980029127,-0.9999868981222513,0.3098793465055428
0.9999848479097296,-0.9999859902545213,0.9999861099273185,0.9999999900800401,0.9999956948841454,-0.9999954674291146,-0.9999954674291126,-0.9999939634984258,-0.9999962408633969,0.999992350488322,0.8093643635738883,0.8086872213355135,-0.3096741444642151,0.30979623162195985,-0.3084234454386716,-0.30995281954086407,0.3099371796981342,-0.30995281954085835,-0.30995281954086124,-0.30987480459631894,-0.3098309212905969,0.3098567054315839,-0.3098730739066439,-0.9999901533371446,-0.9999920163018505,0.9999881126154948,-0.9999868981222545,-0.9999870980029046,0.30987934650554483
0.9999944255616666,-0.9999953716922766,0.9999956948841424,0.9999956948841454,1.0000000038726269,-1.0000053919857743,-1.0000053919857734,-1.0000038536393037,-1.0000062144006334,1.0000020063772146,0.8091503353831683,0.8089171117520763,-0.309318039836785,0.30944014213458354,-0.30878562813979016,-0.3095967510204607,0.30958110884718976,-0.30959675102045453,-0.30959675102045797,-0.3095187253448344,-0.30947483619722027,0.3095006237547809,-0.3095169944241431,-0.9999997810902106,-1.0000016690768065,0.9999977155023887,-0.9999964902896482,-0.9999964902896463,0.3095232678527122
-0.9999941982577897,0.9999951443125226,-0.9999954674291129,-0.9999954674291146,-1.0000053919857743,1.0000000035435672,1.0000049617592626,1.0000034241248537,1.000005783161028,-1.0000017774545407,-0.8091547388660367,-0.8089123329268738,0.30932539671731807,-0.30944749869822386,0.3087781274916401,0.3096041071455352,-0.30958846502095033,0.30960410714552955,0.3096041071455322,0.3095260816943087,0.30948219266892024,-0.30950798015501935,0.3095243507784837,0.9999995527496892,1.0000014402185593,-0.9999974876763615,0.9999962626854261,0.9999962626854244,-0.3095306241896834
-0.9999941982577876,0.9999951443125203,-0.9999954674291106,-0.9999954674291126,-1.0000053919857734,1.0000049617592626,1.0000000035435672,1.0000034241248514,1.0000057831610256,-1.0000017774545376,-0.8091547388660362,-0.8089123329268711,0.30932539671731757,-0.3094474986982236,0.3087781274916391,0.3096041071455346,-0.30958846502095,0.30960410714552916,0.30960410714553194,0.30952608169430806,0.3094821926689195,-0.30950798015501874,0.30952435077848334,0.9999995527496859,1.0000014402185555,-0.9999974876763587,0.999996262685423,0.9999962626854223,-0.3095306241896828
-0.9999926960886276,0.9999936412594581,-0.9999939634984238,-0.9999939634984258,-1.0000038536393037,1.0000034241248537,1.0000034241248514,1.0000000013532135,1.0000042337093296,-1.000000456295016,-0.8092070331887005,-0.8088575199484738,0.30941156652807006,-0.3095336649555287,0.3086909910435999,0.3096902684712397,-0.30967462689628267,0.3096902684712333,0.30969026847123704,0.30961224554587674,0.3095683578943961,-0.3095941445771874,0.3096105146845304,0.9999980384963336,0.999999919929414,-0.9999959794210873,0.9999947570155903,0.9999947570155888,-0.3096167879006025
-0.9999949691861271,0.9999959164978922,-0.9999962408633943,-0.9999962408633969,-1.0000062144006334,1.000005783161028,1.0000057831610256,1.0000042337093296,1.0000000047288327,-1.000002575237312,-0.8090793921082723,-0.8089894521809559,0.30920231227932776,-0.30932441915217396,0.3089017427320018,0.309481034407104,-0.3094653915213828,0.3094810344070982,0.3094810344071011,0.30940300546610355,0.30935911454431986,-0.3093849031388105,0.30940127447475574,1.0000003408737432,1.0000022369326615,-0.9999982672643771,0.9999970385944622,0.999997038594461,-0.30940754815532323
0.9999910848378492,-0.9999920291258491,0.9999923504883192,0.999992350488322,1.0000020063772146,-1.0000017774545407,-1.0000017774545376,-1.000000456295016,-1.000002575237312,0.9999999990189462,0.8092591684211077,0.8088026896744132,-0.3094975879267234,0.30961968279128665,-0.3086039356337602,-0.30977628136388996,0.30976064033962225,-0.3097762813638844,-0.309776281363887,-0.3096982609699974,-0.3096543746956437,0.3096801605731928,-0.30969653016320775,-0.9999966150574618,-0.9999984904625306,0.9999943620919178,-0.9999931422685634,-0.9999931422685624,0.30970280318370325
0.8093746866673949,-0.8093697598778313,0.8093643635738854,0.8093643635738883,0.8091503353831683,-0.8091547388660367,-0.8091547388660362,-0.8092070331887005,-0.8090793921082723,0.8092591684211077,1.0000000016588926,0.3090599926604201,-0.8090746143050443,0.8091515140622583,0.30904013992885215,-0.8092479900308375,0.809238721907913,-0.809247990030833,-0.8092479900308347,-0.8092003684952084,-0.8091732799688052,0.8091892234486259,-0.8091993045773498,-0.8093011241292272,-0.8092637361974735,0.8093381228139248,-0.8093537967209843,-0.8093537967209823,0.8092031840215783
0.8086748381453652,-0.8086812989685037,0.8086872213355135,0.8086872213355135,0.8089171117520763,-0.8089123329268738,-0.8089123329268711,-0.8088575199484738,-0.8089894521809559,0.8088026896744132,0.3090599926604201,1.0000000041875678,0.30888781782223873,-0.3087673368080021,-0.8089818002380195,0.30861039372429366,-0.3086264374249785,0.3086103937242987,0.3086103937242953,0.3086890308684726,0.30873296220596363,-0.3087071771886192,0.30869076786740457,-0.8087571091944242,-0.8087975734569804,0.8087167469449829,-0.8086990813826074,-0.8086990813826068,-0.30868449587589
-0.3096921205213778,0.30968320089107765,-0.3096741444642127,-0.3096741444642151,-0.309318039836785,0.30932539671731807,0.30932539671731757,0.30941156652807006,0.30920231227932776,-0.3094975879267234,-0.8090746143050443,0.30888781782223873,1.000000002690097,-1.0000066180636131,-0.8089791437520493,1.0000059149403748,-1.0000065606727289,1.000005914940374,1.0000059149403713,1.0000068853835224,1.0000069431677465,-1.000006953420873,1.0000068948031462,0.3095677131675257,0.3095053176061991,-0.3096296564179695,0.30965624791602003,0.3096562479160196,-1.0000068986220763
0.30981420681030564,-0.3098052876535171,0.3097962316219575,0.30979623162195985,0.30944014213458354,-0.30944749869822386,-0.3094474986982236,-0.3095336649555287,-0.30932441915217396,0.30961968279128665,0.8091515140622583,-0.3087673368080021,-1.0000066180636131,1.0000000064889507,0.808906117472968,-1.00000860369936,1.0000092473092288,-1.0000086036993585,-1.0000086036993578,-1.0000097635232237,-1.000009815420231,1.0000096292502574,-1.000009572829956,-0.30968980500906773,-0.30962741212509143,0.30975174557554314,-0.30977833587592984,-0.30977833587592896,1.0000095774898725
-0.3084046814663317,0.3084141875786438,-0.30842344543867234,-0.3084234454386716,-0.30878562813979016,0.3087781274916401,0.3087781274916391,0.3086909910435999,0.3089017427320018,-0.3086039356337602,0.30904013992885215,-0.8089818002380195,-0.8089791437520493,0.808906117472968,1.000000003016492,-0.8088088053081721,0.8088191204721817,-0.8088088053081742,-0.808808805308172,-0.8088580080214978,-0.8088851961865398,0.8088692656902644,-0.8088590874230192,0.308532422041299,0.30859599604150845,-0.3084691906487894,0.30844183693263705,0.30844183693263677,0.80885521328078
-0.309970793535853,0.3099618750259734,-0.30995281954086185,-0.30995281954086407,-0.3095967510204607,0.3096041071455352,0.3096041071455346,0.3096902684712397,0.309481034407104,-0.30977628136388996,-0.8092479900308375,0.30861039372429366,1.0000059149403748,-1.00000860369936,-0.8088088053081721,1.000000005819568,-1.0000089893885553,1.0000081486436243,1.000008148643624,1.0000090950129725,1.0000091393011945,-1.0000091574807988,1.0000091039007872,0.30984639939918673,0.30978401022044505,-0.30990833625362935,0.30993492490178737,0.3099349249017864,-1.0000091096474069
0.3099551538243906,-0.3099462352438441,0.30993717969813195,0.3099371796981342,0.30958110884718976,-0.30958846502095033,-0.30958846502095,-0.30967462689628267,-0.3094653915213828,0.30976064033962225,0.809238721907913,-0.3086264374249785,-1.0000065606727289,1.0000092473092288,0.8088191204721817,-1.0000089893885553,1.0000000067351473,-1.0000089893885553,-1.0000089893885526,-1.0000099371300823,-1.0000097823065395,1.0000098000345419,-1.0000097461674788,-0.309830758839266,-0.3097683692490107,0.3098926961056403,-0.309919284936563,-0.30991928493656234,1.0000097518043027
-0.30997079353584706,0.3099618750259675,-0.3099528195408562,-0.30995281954085835,-0.30959675102045453,0.30960410714552955,0.30960410714552916,0.3096902684712333,0.3094810344070982,-0.3097762813638844,-0.809247990030833,0.3086103937242987,1.000005914940374,-1.0000086036993585,-0.8088088053081742,1.0000081486436243,-1.0000089893885553,1.000000005819568,1.0000081486436225,1.0000090950129714,1.000009139301193,-1.0000091574807968,1.000009103900786,0.3098463993991813,0.3097840102204391,-0.3099083362536235,0.30993492490178104,0.3099349249017809,-1.0000091096474055
-0.3099707935358507,0.3099618750259707,-0.30995281954085885,-0.30995281954086124,-0.30959675102045797,0.3096041071455322,0.30960410714553194,0.30969026847123704,0.3094810344071011,-0.309776281363887,-0.8092479900308347,0.3086103937242953,1.0000059149403713,-1.0000086036993578,-0.808808805308172,1.000008148643624,-1.0000089893885526,1.0000081486436225,1.000000005819568,1.0000090950129696,1.000009139301193,-1.0000091574807963,1.000009103900786,0.30984639939918396,0.30978401022044255,-0.30990833625362646,0.30993492490178465,0.30993492490178354,-1.0000091096474049
-0.3098927792003879,0.30988386036092985,-0.3098748045963163,-0.30987480459631894,-0.3095187253448344,0.3095260816943087,0.30952608169430806,0.30961224554587674,0.30940300546610355,-0.3096982609699974,-0.8092003684952084,0.3086890308684726,1.0000068853835224,-1.0000097635232237,-0.8088580080214978,1.0000090950129725,-1.0000099371300823,1.0000090950129714,1.0000090950129696,1.0000000071761612,1.0000100962543792,-1.0000101122011535,1.000010057202027,0.3097683811452407,0.3097059900705732,-0.3098303198986846,0.30985690939137217,0.3098569093913716,-1.0000102622864082
-0.30984889622733364,0.30983997720747347,-0.309830921290595,-0.3098309212905969,-0.30947483619722027,0.30948219266892024,0.3094821926689195,0.3095683578943961,0.30935911454431986,-0.3096543746956437,-0.8091732799688052,0.30873296220596363,1.0000069431677465,-1.000009815420231,-0.8088851961865398,1.0000091393011945,-1.0000097823065395,1.000009139301193,1.000009139301193,1.0000100962543792,1.0000000072463717,-1.0000103610508033,1.000010105375544,0.309724496036277,0.30966210392924093,-0.30978643582403487,0.30981302577716935,0.3098130257771689,-1.0000101102749492
0.3098746801736179,-0.3098657612593853,0.3098567054315818,0.3098567054315839,0.3095006237547809,-0.30950798015501935,-0.30950798015501874,-0.3095941445771874,-0.3093849031388105,0.3096801605731928,0.8091892234486259,-0.3087071771886192,-1.000006953420873,1.0000096292502574,0.8088692656902644,-1.0000091574807988,1.0000098000345419,-1.0000091574807968,-1.0000091574807963,-1.0000101122011535,-1.0000103610508033,1.0000000072678863,-1.0000103211535838,-0.30975028123217707,-0.30968788972901135,0.3098122204149078,-0.30983881009864295,-0.3098388100986422,1.0000101263511247
-0.3098910485237953,0.30988212967725537,-0.30987307390664154,-0.3098730739066439,-0.3095169944241431,0.3095243507784837,0.30952435077848334,0.3096105146845304,0.30940127447475574,-0.30969653016320775,-0.8091993045773498,0.30869076786740457,1.0000068948031462,-1.000009572829956,-0.8088590874230192,1.0000091039007872,-1.0000097461674788,1.000009103900786,1.000009103900786,1.000010057202027,1.000010105375544,-1.0000103211535838,1.0000000071890711,0.3097666503844756,0.30970425926908585,-0.3098285891787231,0.30985517868954765,0.30985517868954704,-1.0000102713149333
-0.9999888891274789,0.9999898326922156,-0.9999901533371421,-0.9999901533371446,-0.9999997810902106,0.9999995527496892,0.9999995527496859,0.9999980384963336,1.0000003408737432,-0.9999966150574618,-0.8093011241292272,-0.8087571091944242,0.3095677131675257,-0.30968980500906773,0.308532422041299,0.30984639939918673,-0.309830758839266,0.3098463993991813,0.30984639939918396,0.3097683811452407,0.309724496036277,-0.30975028123217707,0.3097666503844756,0.9999999958646225,0.9999960800560893,-0.999992361285221,0.9999909436953215,0.99999094369532,-0.30977292323946487
-0.9999907508109207,0.9999916950188006,-0.9999920163018478,-0.9999920163018505,-1.0000016690768065,1.0000014402185593,1.0000014402185555,0.999999919929414,1.0000022369326615,-0.9999984904625306,-0.8092637361974735,-0.8087975734569804,0.3095053176061991,-0.30962741212509143,0.30859599604150845,0.30978401022044505,-0.3097683692490107,0.3097840102204391,0.30978401022044255,0.3097059900705732,0.30966210392924093,-0.30968788972901135,0.30970425926908585,0.9999960800560893,0.9999999985394468,-0.9999940275139889,0.9999928079246694,0.9999928079246686,-0.30971053227067374
0.9999868496792708,-0.999987792604728,0.9999881126154923,0.9999881126154948,0.9999977155023887,-0.9999974876763615,-0.9999974876763587,-0.9999959794210873,-0.9999982672643771,0.9999943620919178,0.8093381228139248,0.8087167469449829,-0.3096296564179695,0.30975174557554314,-0.3084691906487894,-0.30990833625362935,0.3098926961056403,-0.3099083362536235,-0.30990833625362646,-0.3098303198986846,-0.30978643582403487,0.3098122204149078,-0.3098285891787231,-0.999992361285221,-0.9999940275139889,0.999999992942194,-0.9999891015974911,-0.99998910159749,0.3098348618868293
-0.9999856357352485,0.9999865783848925,-0.9999870980029127,-0.9999868981222545,-0.9999964902896482,0.9999962626854261,0.999996262685423,0.9999947570155903,0.9999970385944622,-0.9999931422685634,-0.8093537967209843,-0.8086990813826074,0.30965624791602003,-0.30977833587592984,0.30844183693263705,0.30993492490178737,-0.309919284936563,0.30993492490178104,0.30993492490178465,0.30985690939137217,0.30981302577716935,-0.30983881009864295,0.30985517868954765,0.9999909436953215,0.9999928079246694,-0.9999891015974911,0.9999999912061203,0.9999876866816939,-0.3098614513322596
-0.9999856357352471,0.9999865783848915,-0.9999868981222513,-0.9999870980029046,-0.9999964902896463,0.9999962626854244,0.9999962626854223,0.9999947570155888,0.999997038594461,-0.9999931422685624,-0.8093537967209823,-0.8086990813826068,0.3096562479160196,-0.30977833587592896,0.30844183693263677,0.3099349249017864,-0.30991928493656234,0.3099349249017809,0.30993492490178354,0.3098569093913716,0.3098130257771689,-0.3098388100986422,0.30985517868954704,0.99999094369532,0.9999928079246686,-0.99998910159749,0.9999876866816939,0.9999999912061203,-0.3098614513322586
0.3098973210754383,-0.3098884022545348,0.3098793465055428,0.30987934650554483,0.3095232678527122,-0.3095306241896834,-0.3095306241896828,-0.3096167879006025,-0.30940754815532323,0.30970280318370325,0.8092031840215783,-0.30868449587589,-1.0000068986220763,1.0000095774898725,0.80885521328078,-1.0000091096474069,1.0000097518043027,-1.0000091096474055,-1.0000091096474049,-1.0000102622864082,-1.0000101102749492,1.0000101263511247,-1.0000102713149333,-0.30977292323946487,-0.30971053227067374,0.3098348618868293,-0.3098614513322596,-0.3098614513322586,1.0000000071965183
