1.0000000015475865,-0.999996254257743,-1.0000037105712267,0.9989209286552087,0.9989272143393836,1.0000076426673925,1.0000087060134053,0.9941665168515776,-0.994167030364393,0.9949703950664107,0.9933029191420264,-1.0000099205328743,1.0000103009639822,1.000010673893111,-0.11983522241520723,0.11983730952971436,-0.11992910210111105,-0.11974957336815707,-1.0000081102826415,-1.0000100026195764,0.11973898926709411,0.11968180517481108,1.0000093318561862,-0.11966426248490916,-0.11966426248490955,-0.11966426248490966,-1.0000094727878888,-1.0000108323634516,-0.9498371486335699,0.5464438451567439,0.33093786978941625,0.7138749563231597,-0.1200802961681335,-0.7511544201979949,-0.9842676156490647,-0.9989200645288095,-0.3309546072900374,0.12001631236310395,0.9007518550922795,0.9913976848480994,-0.12002854487055745,-0.9957121195775718,-0.9923797240517381,-0.9913974914893569,-0.9949696285703952,-0.994969628570394
-0.999996254257743,0.9999999970114177,1.0000032554111469,-0.9989151174752134,-0.9989211902135536,-1.0000044545242257,-1.0000055178683975,-0.9941630992926854,0.9941636128099787,-0.99496699260488,-0.9932994867187385,1.0000067323788997,-1.000007112809166,-1.0000074857360994,0.11983255858175211,-0.11983464569140469,0.11992643799507301,0.1197469097864226,1.00000492214234,1.0000068144676573,-0.11973632571596575,-0.11967914179012028,-1.000006143708423,0.1196615991521969,0.11966159915219743,0.11966159915219743,1.0000062846373676,1.0000076442067667,0.9498348391666448,-0.5464401781652286,-0.33093898357580964,-0.7138742898682167,0.1200776316110571,0.7511505082289671,0.9842640716671575,0.9989169863439897,0.33095572100280257,-0.12001364799878007,-0.9007479851620357,-0.9913942233128425,0.12002588047048932,0.9957087324397613,0.9923762769689543,0.9913940299574484,0.9949662261064056,0.9949662261064042
-1.0000037105712267,1.0000032554111469,1.0000000076205688,-0.9989250366629102,-0.9989316335109576,-1.0000091779294547,-1.0000102412788847,-0.9941711225924652,0.9941716360971343,-0.9949749784315236,-0.9933075469397832,1.0000141887856218,-1.000014569218666,-1.0000149421512508,0.1198390681384208,-0.11984115525960329,0.11993294818428116,0.11975341875966984,1.000012378520011,1.0000142708706163,-0.11974283461794621,-0.11968565030666549,-1.0000136001039057,0.11966810754792913,0.11966810754792939,0.11966810754792942,1.0000137410389174,1.0000151006226332,0.9498401524883371,-0.5464489901726609,-0.33093611307152576,-0.7138756514624419,0.12008414284871474,0.7511598432603872,0.9842724099885456,0.9989241725144409,0.33095285067270436,-0.12002015878784424,-0.9007571583230692,-0.9914023559301481,0.12003239134191719,0.9957166802627618,0.9923843736316759,0.9914021625698218,0.9949742119409927,0.9949742119409904
0.9989209286552087,-0.9989151174752134,-0.9989250366629102,0.9999999905666316,0.9957014757093171,0.9989261511208088,0.9989272228929944,0.988092304685553,-0.98809296774626,0.9892512759862551,0.9868745722534229,-0.9989283534605167,0.998928724659558,0.9989290694982497,-0.07371611078744017,0.07371822013700352,-0.07381045597896393,-0.07363006847242066,-0.9989266299496268,-0.9989284567662601,0.073619438142296,0.07356195614753411,0.9989277798480145,-0.07354435121811068,-0.07354435121811097,-0.07354435121811118,-0.9989278868145273,-0.9989292143991065,-0.9632933583520411,0.507057356281778,0.37429344754071475,0.7455418970236554,-0.0739621600199611,-0.7197631195964512,-0.9750172611721599,-0.9999833645287226,-0.374309769502687,0.07389800332783455,0.879658674438977,0.9842622079115148,-0.07391030864213517,-0.9903486855086363,-0.9855975797105498,-0.9842620101545352,-0.9892503811703652,-0.989250381170364
0.9989272143393836,-0.9989211902135536,-0.9989316335109576,0.9957014757093171,0.9999999991664297,0.9989329147010861,0.9989339673325326,0.9980965571133595,-0.9980969199833094,0.9985436478656006,0.997588917362772,-0.9989352631730449,0.9989356520174884,0.9989360522310619,-0.1656909126010954,0.16569297298469104,-0.16578412441523593,-0.16560584145409565,-0.9989333701075522,-0.9989353238699724,0.1655953263965081,0.16553856347391482,0.9989346607143468,-0.16552112084059312,-0.16552112084059353,-0.16552112084059348,-0.9989348353016927,-0.9989362239323967,-0.9343317493081619,0.5846478449456196,0.28687350610880624,0.6806723058668429,-0.16593448256926763,-0.7809227332316352,-0.9913920608642595,-0.9957003919400514,-0.2868906230134664,0.16587080958934217,0.9199006303079152,0.9963948435881613,-0.1658829429205509,-0.9989253940933782,-0.9970214714996155,-0.9963946550533653,-0.9985430113327507,-0.9985430113327486
1.0000076426673925,-1.0000044545242257,-1.0000091779294547,0.9989261511208088,0.9989329147010861,1.0000000093267438,1.0000141733912369,0.9941725089365978,-0.9941730224363087,0.9949763519107939,0.9933089460427931,-1.0000126549514594,1.000015768360834,1.0000161412948707,-0.11984099851050839,0.11984308563309709,-0.11993487864715668,-0.11975534904736111,-1.000013577655357,-1.0000154700111685,0.1197447648952719,0.11968758052898505,1.0000147992434658,-0.11967003775237942,-0.11967003775237985,-0.1196700377523799,-1.0000149401800813,-1.0000162997666757,-0.9498407286830636,0.5464511526209549,0.33093481165694816,0.7138752472486051,-0.12008607346718497,-0.7511619319726087,-0.9842739081644758,-0.9989252869616089,-0.33095154929375653,0.12002208933884695,0.9007590200580528,0.99140378030021,-0.120034321904476,-0.9957180407818441,-0.9923857854112411,-0.9914035869392752,-0.9949755854240713,-0.9949755854240703
1.0000087060134053,-1.0000055178683975,-1.0000102412788847,0.9989272228929944,0.9989339673325326,1.0000141733912369,1.0000000108397211,0.9941735437752156,-0.9941740572766459,0.9949773891927415,0.9933099783792115,-1.0000164512793408,1.0000168317130904,1.000017204647261,-0.11984092074896456,0.11984300787373522,-0.11993480098857073,-0.11975527119161124,-1.0000119080289114,-1.0000138003873809,0.11974468702804099,0.11968750259866648,1.0000158625937305,-0.11966995980295278,-0.11966995980295303,-0.11966995980295335,-1.0000160035305838,-1.0000173631186058,-0.9498418033201693,0.5464515605913993,0.33093535859080764,0.7138761510749375,-0.12008599597331582,-0.7511625942809786,-0.9842749182711462,-0.9989263587316856,-0.3309520962438275,0.12002201177556186,0.9007598881070528,0.9914048074462829,-0.12003424435488604,-0.9957190804425182,-0.992386815182782,-0.9914046140839676,-0.9949766227040552,-0.9949766227040536
0.9941665168515776,-0.9941630992926854,-0.9941711225924652,0.988092304685553,0.9980965571133595,0.9941725089365978,0.9941735437752156,1.0000000083370997,-1.0000091467930423,0.9999816211127713,0.9999803635299206,-0.994174943724116,0.9941753424900006,0.994175777748114,-0.22627768627493608,0.22627970415375276,-0.22636969713340604,-0.2261936690053474,-0.9941729465452249,-0.9941749756991697,0.22618328102986296,0.22612726872341027,0.9941743248939737,-0.2261100175970634,-0.22611001759706376,-0.22611001759706387,-0.9941745437728281,-0.9941759665169972,-0.9105463372272741,0.6336371727080644,0.22716756995263093,0.6341363671575807,-0.2265184399296249,-0.8180110877997437,-0.9975886073965885,-0.9880909316749793,-0.22718513569463758,0.22645539346491417,0.9423671748087676,0.9997384468117336,-0.22646735415137156,-0.99988850984292,-0.9998891229076604,-0.999738265334821,-0.999981159976976,-0.9999811599769759
-0.994167030364393,0.9941636128099787,0.9941716360971343,-0.98809296774626,-0.9980969199833094,-0.9941730224363087,-0.9941740572766459,-1.0000091467930423,1.000000008565917,-0.9999790742615128,-0.9999777660857724,0.9941754572199191,-0.9941758559857615,-0.9941762912423064,0.22627453083410407,-0.22627654871581382,0.2263665417796274,0.22619051348766522,0.994173460047763,0.9941754891970979,-0.22618012550274838,-0.22612411314253994,-0.9941748383921822,0.22610686200168076,0.22610686200168137,0.22610686200168106,0.994175057268446,0.9941764800110374,0.9105478382708152,-0.6336347395447759,-0.22717079765327658,-0.6341390028390625,0.22651528469939966,0.8180093345043088,0.9975885403962496,0.9880915947533577,0.2271883633758763,-0.22645223818527765,-0.9423662300045093,-0.9997385317573251,0.22646419888373637,0.9998887212851973,0.9998892331474196,0.9997383502814587,0.9999813460926912,0.9999813460926903
0.9949703950664107,-0.99496699260488,-0.9949749784315236,0.9892512759862551,0.9985436478656006,0.9949763519107939,0.9949773891927415,0.9999816211127713,-0.9999790742615128,1.0000000079799094,0.9998906723360875,-0.9949787764097088,0.9949791740182728,0.9949796049834148,-0.2187452268079882,0.2187472504273225,-0.21883740719064745,-0.2186610600897653,-0.9949767918395367,-0.9949788119853862,0.21865065403910228,0.21859453609101787,0.9949781594998306,-0.21857725739175543,-0.21857725739175607,-0.21857725739175596,-0.9949783728830373,-0.9949797916572801,-0.9137128330035618,0.6276409838816341,0.23468482718838932,0.6400912181923123,-0.218986383240927,-0.8135424274878899,-0.9970223682148645,-0.9892499388770316,-0.2347023404572822,0.2189232451864995,0.9397538665474141,0.9995295828678211,-0.2189352299776082,-0.9999751033138334,-0.9997398357120857,-0.9995294004713848,-1.0000080007246208,-1.0000080007246184
0.9933029191420264,-0.9932994867187385,-0.9933075469397832,0.9868745722534229,0.997588917362772,0.9933089460427931,0.9933099783792115,0.9999803635299206,-0.9999777660857724,0.9998906723360875,1.0000000060507235,-0.9933113909525207,0.9933117908498167,0.9933122303673082,-0.23378383392922716,0.23378584595367544,-0.23387566989263825,-0.23369997102269766,-0.9933093813104761,-0.9933114193316686,0.23368960173003803,0.23363369833176978,0.993310770245391,-0.23361647579199218,-0.23361647579199268,-0.2336164757919926,-0.9933109945970257,-0.9933124212170364,-0.907329151389196,0.6395845692825963,0.21964875660026298,0.6281523952104657,-0.23402417068473552,-0.8224221529788677,-0.9980926582331662,-0.9868731634884162,-0.21966637364989774,0.23396121953042776,0.9449183107667496,0.9998855795587104,-0.23397315541669156,-0.9997379345697679,-0.9999740348944595,-0.9998853990125568,-0.9998902332325376,-0.9998902332325353
-1.0000099205328743,1.0000067323788997,1.0000141887856218,-0.9989283534605167,-0.9989352631730449,-1.0000126549514594,-1.0000164512793408,-0.994174943724116,0.9941754572199191,-0.9949787764097088,-0.9933113909525207,1.0000000125678163,-1.0000153132800051,-1.0000156862158247,0.11984283732375443,-0.1198449244501407,0.11993671765487678,0.11975718768186755,1.0000158555419594,1.0000177479043113,-0.11974660350774825,-0.11968941902330212,-1.0000170771352528,0.1196718762095908,0.11967187620959112,0.11967187620959122,1.0000172180733569,1.000018577664104,0.9498423990640262,-0.5464537182527216,-0.3309340771394942,-0.713875768883936,0.12008791279639737,0.7511646841515817,0.9842764288159969,0.998927489291667,0.3309508148280176,-0.12002392853054637,-0.9007617568629832,-0.9914062450165205,0.12003616112125119,0.9957204548326787,0.9923882402981058,0.9914060516552776,0.9949780099255982,0.994978009925597
1.0000103009639822,-1.000007112809166,-1.000014569218666,0.998928724659558,0.9989356520174884,1.000015768360834,1.0000168317130904,0.9941753424900006,-0.9941758559857615,0.9949791740182728,0.9933117908498167,-1.0000153132800051,1.000000013109114,1.0000187996264556,-0.11984307198269364,0.11984515910967826,-0.11993695234766599,-0.11975742230951267,-1.0000162359747067,-1.000015395363044,0.11974683813161138,0.11968965362639582,1.0000174575687777,-0.11967211080626226,-0.11967211080626255,-0.11967211080626265,-1.0000148655315644,-1.000018958098731,-0.9498427008592383,0.5464540856343704,0.33093402332648897,0.7138759071045662,-0.12008814754464939,-0.7511650956328246,-0.9842768369066047,-0.9989278604878425,-0.33095076102314713,0.12002416325522587,0.9007621822529063,0.9914066471043669,-0.1200363958504424,-0.9957208512574749,-0.9923886413026246,-0.991406453742197,-0.9949784075339722,-0.9949784075339708
1.000010673893111,-1.0000074857360994,-1.0000149421512508,0.9989290694982497,0.9989360522310619,1.0000161412948707,1.000017204647261,0.994175777748114,-0.9941762912423064,0.9949796049834148,0.9933122303673082,-1.0000156862158247,1.0000187996264556,1.0000000136397427,-0.1198437100633714,0.11984579719080929,-0.11993759045628974,-0.11975806036422579,-1.0000166089082667,-1.0000185012741454,0.11974747618308934,0.11969029166099113,1.000017830503714,-0.11967274883529536,-0.11967274883529558,-0.11967274883529581,-1.0000179714427637,-1.0000165980594942,-0.9498428681732327,0.5464547899900786,0.3309335827205888,0.7138757547803665,-0.12008878570131155,-0.7511657703155487,-0.9842773095569187,-0.9989282053226098,-0.33095032042866807,0.12002480139104248,0.9007627777635135,0.9914070950616982,-0.1200370339897722,-0.9957212778993809,-0.9923890850535609,-0.9914069016990884,-0.9949788385002926,-0.9949788385002916
-0.11983522241520723,0.11983255858175211,0.1198390681384208,-0.07371611078744017,-0.1656909126010954,-0.11984099851050839,-0.11984092074896456,-0.22627768627493608,0.22627453083410407,-0.2187452268079882,-0.23378383392922716,0.11984283732375443,-0.11984307198269364,-0.1198437100633714,0.9999999883058287,-0.9999805544628216,0.9999826603129052,0.9999837115736784,0.11984080352391197,0.11984239054867674,-0.9999836792427479,-0.9999845362471338,-0.11984245770405838,0.9999841744222476,0.9999841744222482,0.9999841744222472,0.11984319922774461,0.1198440162493839,-0.19663136934272993,-0.8969305863489117,0.8971842193437558,0.6096640476763066,0.9999863455039918,0.7453698063232935,0.2933316387803446,0.07371127936307921,-0.8971736958754353,-0.999983865932893,-0.5391264689486859,-0.24875450072184993,0.9999834879683593,0.21119407367615223,0.24127699262330596,0.24875457640186,0.21874790285397266,0.21874790285397233
0.11983730952971436,-0.11983464569140469,-0.11984115525960329,0.07371822013700352,0.16569297298469104,0.11984308563309709,0.11984300787373522,0.22627970415375276,-0.22627654871581382,0.2187472504273225,0.23378584595367544,-0.1198449244501407,0.11984515910967826,0.11984579719080929,-0.9999805544628216,0.9999999879148778,-0.9999796527689747,-0.9999807036424783,-0.11984289064726604,-0.11984447767535908,0.9999834042656499,0.9999842611453474,0.11984454482910824,-0.9999838992838648,-0.9999838992838668,-0.9999838992838641,-0.11984528635274795,-0.11984610337689254,0.19662922160080118,0.896931284062637,-0.8971830297390526,-0.60966218751792,-0.9999860712588684,-0.7453710250687405,-0.29333359966083206,-0.07371338871269892,0.8971725062399565,0.9999835915514683,0.5391281193001536,0.24875650067673996,-0.9999832136147481,-0.21119610291260224,-0.2412789986721176,-0.24875657635661302,-0.2187499264701571,-0.21874992647015698
-0.11992910210111105,0.11992643799507301,0.11993294818428116,-0.07381045597896393,-0.16578412441523593,-0.11993487864715668,-0.11993480098857073,-0.22636969713340604,0.2263665417796274,-0.21883740719064745,-0.23387566989263825,0.11993671765487678,-0.11993695234766599,-0.11993759045628974,0.9999826603129052,-0.9999796527689747,0.9999999870289511,0.9999828015095624,0.11993468370983489,0.1199362708938929,-0.999982768170875,-0.9999836197118002,-0.11993633798596935,0.999983256219679,0.9999832562196798,0.9999832562196782,0.11993707951355864,0.1199378966545756,-0.19653837146142364,-0.8969716351077481,0.8971416005374482,0.6095884580596422,0.9999854669399053,0.7454322442856502,0.2934218789883411,0.07380562453511372,-0.8971310756027984,-0.9999802483229542,-0.5392057148886144,-0.24884597043267034,0.9999826045059758,0.21128641788857308,0.24136864816973846,0.2488460460957559,0.21884008313152084,0.2188400831315205
-0.11974957336815707,0.1197469097864226,0.11975341875966984,-0.07363006847242066,-0.16560584145409565,-0.11975534904736111,-0.11975527119161124,-0.2261936690053474,0.22619051348766522,-0.2186610600897653,-0.23369997102269766,0.11975718768186755,-0.11975742230951267,-0.11975806036422579,0.9999837115736784,-0.9999807036424783,0.9999828015095624,0.9999999885236465,0.11975515401485351,0.1197567408938598,-0.9999811039956292,-0.9999819659766246,-0.11975680810630861,0.9999843386490873,0.9999843386490886,0.999984338649088,0.11975754962610427,0.11975836653845319,-0.1967160017672263,-0.8968925683139998,0.8972224615384472,0.6097325351615784,0.9999864736003481,0.7453123946501451,0.29324919030116375,0.07362523706709609,-0.8972119394129349,-0.9999839995635875,-0.5390538760638907,-0.24867096157411733,0.9999836205337823,0.21110976271252316,0.24119328912146976,0.24867103726973336,0.21866373622942173,0.21866373622942153
-1.0000081102826415,1.00000492214234,1.000012378520011,-0.9989266299496268,-0.9989333701075522,-1.000013577655357,-1.0000119080289114,-0.9941729465452249,0.994173460047763,-0.9949767918395367,-0.9933093813104761,1.0000158555419594,-1.0000162359747067,-1.0000166089082667,0.11984080352391197,-0.11984289064726604,0.11993468370983489,0.11975515401485351,1.0000000099920803,1.000015937624462,-0.11974456985743424,-0.11968738546022245,-1.0000152668532707,0.1196698426745009,0.11966984267450131,0.11966984267450126,1.0000154077906094,1.0000167673780764,0.9498412519197924,-0.546451196403195,-0.3309352050108289,-0.7138757581354784,0.12008587860761342,0.7511621163324443,0.9842743237652967,0.998925765783609,0.33095194265388206,-0.1200218944469649,-0.9007593314616673,-0.9914042108049026,0.1200341270196679,0.9957184830014691,0.9923862183097527,0.9914040174397094,0.994976025349739,0.9949760253497377
-1.0000100026195764,1.0000068144676573,1.0000142708706163,-0.9989284567662601,-0.9989353238699724,-1.0000154700111685,-1.0000138003873809,-0.9941749756991697,0.9941754891970979,-0.9949788119853862,-0.9933114193316686,1.0000177479043113,-1.000015395363044,-1.0000185012741454,0.11984239054867674,-0.11984447767535908,0.1199362708938929,0.1197567408938598,1.000015937624462,1.0000000126846076,-0.11974615671828055,-0.11968897222482407,-1.0000144262415085,0.11967142940871216,0.1196714294087127,0.11967142940871268,1.0000173001552528,1.0000186597459433,0.9498426208618249,-0.5464533779265585,-0.33093453831914144,-0.7138761495585946,0.12008746605563722,0.7511644422094147,0.9842764283649675,0.998927592596986,0.33095127600528995,-0.12002348178177304,-0.9007616310517078,-0.9914062661976335,0.1200357143746353,0.9957204940080735,0.9923882650785483,0.9914060728349486,0.9949780454992585,0.9949780454992574
0.11973898926709411,-0.11973632571596575,-0.11974283461794621,0.073619438142296,0.1655953263965081,0.1197447648952719,0.11974468702804099,0.22618328102986296,-0.22618012550274838,0.21865065403910228,0.23368960173003803,-0.11974660350774825,0.11974683813161138,0.11974747618308934,-0.9999836792427479,0.9999834042656499,-0.999982768170875,-0.9999811039956292,-0.11974456985743424,-0.11974615671828055,0.999999988479035,0.9999846682705491,0.1197462239379108,-0.999984308154188,-0.9999843081541887,-0.9999843081541873,-0.11974696545714703,-0.11974778235594308,0.1967264442401157,0.8968878273819477,-0.8972271390509249,-0.6097409626927017,-0.9999864386437161,-0.745305266215415,-0.29323899267058834,-0.07361460674022342,0.8972166170922147,0.9999839652905811,0.5390448831574786,0.24866063150582887,-0.9999835861277641,-0.2110993392298377,-0.2411829391349294,-0.24866070720295558,-0.2186533301902534,-0.21865333019025315
0.11968180517481108,-0.11967914179012028,-0.11968565030666549,0.07356195614753411,0.16553856347391482,0.11968758052898505,0.11968750259866648,0.22612726872341027,-0.22612411314253994,0.21859453609101787,0.23363369833176978,-0.11968941902330212,0.11968965362639582,0.11969029166099113,-0.9999845362471338,0.9999842611453474,-0.9999836197118002,-0.9999819659766246,-0.11968738546022245,-0.11968897222482407,0.9999846682705491,0.9999999897087398,0.1196890394826314,-0.9999824421212637,-0.9999824421212663,-0.999982442121261,-0.1196897809998377,-0.11969059782617184,0.1967831881091543,0.8968630832390245,-0.8972533914782538,-0.6097872229159236,-0.9999872814270481,-0.745267438499724,-0.29318408020745135,-0.07355712475438833,0.897242870409445,0.9999848117729251,0.5389967473805095,0.24860495594498366,-0.9999844318977233,-0.2110431191055117,-0.2411271480064284,-0.2486050316526641,-0.2185972123068168,-0.21859721230681609
1.0000093318561862,-1.000006143708423,-1.0000136001039057,0.9989277798480145,0.9989346607143468,1.0000147992434658,1.0000158625937305,0.9941743248939737,-0.9941748383921822,0.9949781594998306,0.993310770245391,-1.0000170771352528,1.0000174575687777,1.000017830503714,-0.11984245770405838,0.11984454482910824,-0.11993633798596935,-0.11975680810630861,-1.0000152668532707,-1.0000144262415085,0.1197462239379108,0.1196890394826314,1.0000000117302077,-0.1196714966782022,-0.11967149667820248,-0.11967149667820252,-1.0000166293840744,-1.0000179889741994,-0.9498419372828505,0.5464531358598892,0.330934176106302,0.7138755666592502,-0.1200875330462699,-0.7511640364740911,-0.9842757944147806,-0.9989269156738586,-0.3309509137828427,0.12002354881542593,0.9007610914145524,0.9914056206636866,-0.12003578140029485,-0.9957198398802557,-0.9923876177491303,-0.9914054272985239,-0.9949773930133746,-0.9949773930133736
-0.11966426248490916,0.1196615991521969,0.11966810754792913,-0.07354435121811068,-0.16552112084059312,-0.11967003775237942,-0.11966995980295278,-0.2261100175970634,0.22610686200168076,-0.21857725739175543,-0.23361647579199218,0.1196718762095908,-0.11967211080626226,-0.11967274883529536,0.9999841744222476,-0.9999838992838648,0.999983256219679,0.9999843386490873,0.1196698426745009,0.11967142940871216,-0.999984308154188,-0.9999824421212637,-0.1196714966782022,0.99999998919802,0.9999848163080213,0.9999848163080202,0.11967223819430449,0.11967305499799052,-0.19680039896722532,-0.8968549653278484,0.8972608512709637,0.6098009737694435,0.9999869152577098,0.7452554184785528,0.29316712323024613,0.07353951983117629,-0.8972503304809676,-0.9999844467350331,-0.5389817071846781,-0.2485877936653618,0.9999840666410262,0.21102581390307903,0.24110995508810767,0.24858786937571245,0.2185799336256478,0.21857993362564745
-0.11966426248490955,0.11966159915219743,0.11966810754792939,-0.07354435121811097,-0.16552112084059353,-0.11967003775237985,-0.11966995980295303,-0.22611001759706376,0.22610686200168137,-0.21857725739175607,-0.23361647579199268,0.11967187620959112,-0.11967211080626255,-0.11967274883529558,0.9999841744222482,-0.9999838992838668,0.9999832562196798,0.9999843386490886,0.11966984267450131,0.1196714294087127,-0.9999843081541887,-0.9999824421212663,-0.11967149667820248,0.9999848163080213,0.99999998919802,0.9999848163080203,0.11967223819430484,0.11967305499799091,-0.19680039896722495,-0.8968549653278487,0.8972608512709639,0.6098009737694439,0.9999869152577117,0.7452554184785527,0.29316712323024635,0.07353951983117649,-0.8972503304809679,-0.9999844467350346,-0.5389817071846786,-0.24858779366536224,0.9999840666410267,0.21102581390307965,0.24110995508810804,0.24858786937571314,0.21857993362564804,0.2185799336256478
-0.11966426248490966,0.11966159915219743,0.11966810754792942,-0.07354435121811118,-0.16552112084059348,-0.1196700377523799,-0.11966995980295335,-0.22611001759706387,0.22610686200168106,-0.21857725739175596,-0.2336164757919926,0.11967187620959122,-0.11967211080626265,-0.11967274883529581,0.9999841744222472,-0.9999838992838641,0.9999832562196782,0.999984338649088,0.11966984267450126,0.11967142940871268,-0.9999843081541873,-0.999982442121261,-0.11967149667820252,0.9999848163080202,0.9999848163080203,0.99999998919802,0.11967223819430481,0.11967305499799095,-0.19680039896722482,-0.8968549653278479,0.8972608512709628,0.6098009737694433,0.9999869152577102,0.7452554184785519,0.29316712323024624,0.07353951983117664,-0.8972503304809669,-0.9999844467350326,-0.5389817071846782,-0.24858779366536207,0.9999840666410256,0.21102581390307948,0.24110995508810792,0.24858786937571295,0.21857993362564804,0.21857993362564782
-1.0000094727878888,1.0000062846373676,1.0000137410389174,-0.9989278868145273,-0.9989348353016927,-1.0000149401800813,-1.0000160035305838,-0.9941745437728281,0.994175057268446,-0.9949783728830373,-0.9933109945970257,1.0000172180733569,-1.0000148655315644,-1.0000179714427637,0.11984319922774461,-0.11984528635274795,0.11993707951355864,0.11975754962610427,1.0000154077906094,1.0000173001552528,-0.11974696545714703,-0.1196897809998377,-1.0000166293840744,0.11967223819430449,0.11967223819430484,0.11967223819430481,1.0000000119307413,1.0000181299138167,0.949841842894679,-0.5464538241530122,-0.3309335339741756,-0.7138751561422609,0.12008827458398595,0.7511646241527874,0.9842760620689812,0.9989270226380476,0.3309502716592429,-0.1200242903481192,-0.9007615353655454,-0.9914058559213776,0.12003652293322174,0.9957200477512987,0.992387847561158,0.9914056625569609,0.9949776063988449,0.9949776063988421
-1.0000108323634516,1.0000076442067667,1.0000151006226332,-0.9989292143991065,-0.9989362239323967,-1.0000162997666757,-1.0000173631186058,-0.9941759665169972,0.9941764800110374,-0.9949797916572801,-0.9933124212170364,1.000018577664104,-1.000018958098731,-1.0000165980594942,0.1198440162493839,-0.11984610337689254,0.1199378966545756,0.11975836653845319,1.0000167673780764,1.0000186597459433,-0.11974778235594308,-0.11969059782617184,-1.0000179889741994,0.11967305499799052,0.11967305499799091,0.11967305499799095,1.0000181299138167,1.000000013865223,0.9498429282364931,-0.5464551188620601,-0.33093336218389996,-0.7138756653377142,0.12008909192070527,0.7511660803189044,0.984277516641558,0.9989283502189212,0.33095009989733715,-0.1200251076013805,-0.9007630461525253,-0.9914072900377867,0.12003734020183196,0.99572146246388,0.9923892779722503,0.9914070966735097,0.9949790251740391,0.9949790251740381
-0.9498371486335699,0.9498348391666448,0.9498401524883371,-0.9632933583520411,-0.9343317493081619,-0.9498407286830636,-0.9498418033201693,-0.9105463372272741,0.9105478382708152,-0.9137128330035618,-0.907329151389196,0.9498423990640262,-0.9498427008592383,-0.9498428681732327,-0.19663136934272993,0.19662922160080118,-0.19653837146142364,-0.1967160017672263,0.9498412519197924,0.9498426208618249,0.1967264442401157,0.1967831881091543,-0.9498419372828505,-0.19680039896722532,-0.19680039896722495,-0.19680039896722482,0.949841842894679,0.9498429282364931,0.9999999835561427,-0.25713651310781716,-0.6094235314754873,-0.8970408453042397,-0.19639021583735294,0.5070466985333056,0.8796494772067918,0.9632967597688529,0.6094394793705394,0.1964526240088539,-0.719749560166784,-0.9007320641856676,-0.19644042436296602,0.9168238351599504,0.9040571996159874,0.900731849400397,0.913711233120706,0.9137112331207045
0.5464438451567439,-0.5464401781652286,-0.5464489901726609,0.507057356281778,0.5846478449456196,0.5464511526209549,0.5464515605913993,0.6336371727080644,-0.6336347395447759,0.6276409838816341,0.6395845692825963,-0.5464537182527216,0.5464540856343704,0.5464547899900786,-0.8969305863489117,0.896931284062637,-0.8969716351077481,-0.8968925683139998,-0.546451196403195,-0.5464533779265585,0.8968878273819477,0.8968630832390245,0.5464531358598892,-0.8968549653278484,-0.8968549653278487,-0.8968549653278479,-0.5464538241530122,-0.5464551188620601,-0.25713651310781716,0.9999999921555122,-0.6094557791820608,-0.1963714290287878,-0.8970393455631372,-0.9633017115282851,-0.6857937405823207,-0.5070528957912509,0.6094421807261244,0.8970114914685076,0.8559462576409179,0.6513649555295564,-0.8970166204066315,-0.6216013452194645,-0.6454944668324115,-0.6513649332707088,-0.6276428999731185,-0.6276428999731171
0.33093786978941625,-0.33093898357580964,-0.33093611307152576,0.37429344754071475,0.28687350610880624,0.33093481165694816,0.33093535859080764,0.22716756995263093,-0.22717079765327658,0.23468482718838932,0.21964875660026298,-0.3309340771394942,0.33093402332648897,0.3309335827205888,0.8971842193437558,-0.8971830297390526,0.8971416005374482,0.8972224615384472,-0.3309352050108289,-0.33093453831914144,-0.8972271390509249,-0.8972533914782538,0.330934176106302,0.8972608512709637,0.8972608512709639,0.8972608512709628,-0.3309335339741756,-0.33093336218389996,-0.6094235314754873,-0.6094557791820608,0.9999999965196124,0.8970512172077011,0.8970778459947077,0.3743351629501421,-0.1590288473204446,-0.3742976554514816,-0.999992550721913,-0.89710395177423,-0.11175222786042295,0.2045714990907335,0.8970981509929089,-0.24219220436808764,-0.21211577798399178,-0.20457134114535483,-0.23468194261898118,-0.23468194261898107
0.7138749563231597,-0.7138742898682167,-0.7138756514624419,0.7455418970236554,0.6806723058668429,0.7138752472486051,0.7138761510749375,0.6341363671575807,-0.6341390028390625,0.6400912181923123,0.6281523952104657,-0.713875768883936,0.7138759071045662,0.7138757547803665,0.6096640476763066,-0.60966218751792,0.6095884580596422,0.6097325351615784,-0.7138757581354784,-0.7138761495585946,-0.6097409626927017,-0.6097872229159236,0.7138755666592502,0.6098009737694435,0.6098009737694439,0.6098009737694433,-0.7138751561422609,-0.7138756653377142,-0.8970408453042397,-0.1963714290287878,0.8970512172077011,0.9999999893054939,0.6094703441962924,-0.07397303498495869,-0.5789364530891339,-0.7455446149741297,-0.8970544246898143,-0.6095196798445863,0.33888566096056366,0.6160716679776778,0.6095096468211988,-0.646009631378133,-0.6221300025528747,-0.6160714602278148,-0.64008871867189,-0.6400887186718891
-0.1200802961681335,0.1200776316110571,0.12008414284871474,-0.0739621600199611,-0.16593448256926763,-0.12008607346718497,-0.12008599597331582,-0.2265184399296249,0.22651528469939966,-0.218986383240927,-0.23402417068473552,0.12008791279639737,-0.12008814754464939,-0.12008878570131155,0.9999863455039918,-0.9999860712588684,0.9999854669399053,0.9999864736003481,0.12008587860761342,0.12008746605563722,-0.9999864386437161,-0.9999872814270481,-0.1200875330462699,0.9999869152577098,0.9999869152577117,0.9999869152577102,0.12008827458398595,0.12008909192070527,-0.19639021583735294,-0.8970393455631372,0.8970778459947077,0.6094703441962924,0.9999999923092453,0.74553621730976,0.293568125845732,0.07395732851977155,-0.8970645856787457,-0.99998396120353,-0.5393355887880003,-0.2489939605974208,0.9999863192628105,0.21143561796255525,0.24151689803387288,0.2489940362328005,0.21898905902675056,0.2189890590267502
-0.7511544201979949,0.7511505082289671,0.7511598432603872,-0.7197631195964512,-0.7809227332316352,-0.7511619319726087,-0.7511625942809786,-0.8180110877997437,0.8180093345043088,-0.8135424274878899,-0.8224221529788677,0.7511646841515817,-0.7511650956328246,-0.7511657703155487,0.7453698063232935,-0.7453710250687405,0.7454322442856502,0.7453123946501451,0.7511621163324443,0.7511644422094147,-0.745305266215415,-0.745267438499724,-0.7511640364740911,0.7452554184785528,0.7452554184785527,0.7452554184785519,0.7511646241527874,0.7511660803189044,0.5070466985333056,-0.9633017115282851,0.3743351629501421,-0.07397303498495869,0.74553621730976,0.9999999907782889,0.8559494004578422,0.7197593269024732,-0.3743169269688246,-0.7454916052278578,-0.9633006917833064,-0.8310970556823728,0.7454995677038527,0.8090196029754715,0.8267845635966251,0.8310969761821347,0.8135436921561493,0.8135436921561487
-0.9842676156490647,0.9842640716671575,0.9842724099885456,-0.9750172611721599,-0.9913920608642595,-0.9842739081644758,-0.9842749182711462,-0.9975886073965885,0.9975885403962496,-0.9970223682148645,-0.9980926582331662,0.9842764288159969,-0.9842768369066047,-0.9842773095569187,0.2933316387803446,-0.29333359966083206,0.2934218789883411,0.29324919030116375,0.9842743237652967,0.9842764283649675,-0.29323899267058834,-0.29318408020745135,-0.9842757944147806,0.29316712323024613,0.29316712323024635,0.29316712323024624,0.9842760620689812,0.984277516641558,0.8796494772067918,-0.6857937405823207,-0.1590288473204446,-0.5789364530891339,0.293568125845732,0.8559494004578422,0.9999999915573841,0.9750183023557241,0.159046837109236,-0.29350607193804656,-0.9633013441677943,-0.9989191784370036,0.29351778387430044,0.9963929522713519,0.9985370089931772,0.9989217386934778,0.9970221063038577,0.9970221063038566
-0.9989200645288095,0.9989169863439897,0.9989241725144409,-0.9999833645287226,-0.9957003919400514,-0.9989252869616089,-0.9989263587316856,-0.9880909316749793,0.9880915947533577,-0.9892499388770316,-0.9868731634884162,0.998927489291667,-0.9989278604878425,-0.9989282053226098,0.07371127936307921,-0.07371338871269892,0.07380562453511372,0.07362523706709609,0.998925765783609,0.998927592596986,-0.07361460674022342,-0.07355712475438833,-0.9989269156738586,0.07353951983117629,0.07353951983117649,0.07353951983117664,0.9989270226380476,0.9989283502189212,0.9632967597688529,-0.5070528957912509,-0.3742976554514816,-0.7455446149741297,0.07395732851977155,0.7197593269024732,0.9750183023557241,0.9999999896523536,0.37431397735904964,-0.07389317185643851,-0.8796558277781581,-0.9842607278842781,0.07390547717050266,0.9903473844038826,0.985596135267873,0.9842605301207678,0.9892490440454815,0.9892490440454798
-0.3309546072900374,0.33095572100280257,0.33095285067270436,-0.374309769502687,-0.2868906230134664,-0.33095154929375653,-0.3309520962438275,-0.22718513569463758,0.2271883633758763,-0.2347023404572822,-0.21966637364989774,0.3309508148280176,-0.33095076102314713,-0.33095032042866807,-0.8971736958754353,0.8971725062399565,-0.8971310756027984,-0.8972119394129349,0.33095194265388206,0.33095127600528995,0.8972166170922147,0.897242870409445,-0.3309509137828427,-0.8972503304809676,-0.8972503304809679,-0.8972503304809669,0.3309502716592429,0.33095009989733715,0.6094394793705394,0.6094421807261244,-0.999992550721913,-0.8970544246898143,-0.8970645856787457,-0.3743169269688246,0.159046837109236,0.37431397735904964,0.9999999928815111,0.8970934254599733,0.11173342527197781,-0.20458921560063614,-0.8970876244903172,0.2422096640265687,0.21213344529339118,0.2045890576531797,0.23469945589917665,0.23469945589917646
0.12001631236310395,-0.12001364799878007,-0.12002015878784424,0.07389800332783455,0.16587080958934217,0.12002208933884695,0.12002201177556186,0.22645539346491417,-0.22645223818527765,0.2189232451864995,0.23396121953042776,-0.12002392853054637,0.12002416325522587,0.12002480139104248,-0.999983865932893,0.9999835915514683,-0.9999802483229542,-0.9999839995635875,-0.1200218944469649,-0.12002348178177304,0.9999839652905811,0.9999848117729251,0.12002354881542593,-0.9999844467350331,-0.9999844467350346,-0.9999844467350326,-0.1200242903481192,-0.1200251076013805,0.1964526240088539,0.8970114914685076,-0.89710395177423,-0.6095196798445863,-0.99998396120353,-0.7454916052278578,-0.29350607193804656,-0.07389317185643851,0.8970934254599733,0.9999999887616361,0.5392802249701246,0.248931211348021,-0.9999810942253871,-0.21137239223535162,-0.2414540459720447,-0.24893128699536918,-0.2189259210355033,-0.21892592103550304
0.9007518550922795,-0.9007479851620357,-0.9007571583230692,0.879658674438977,0.9199006303079152,0.9007590200580528,0.9007598881070528,0.9423671748087676,-0.9423662300045093,0.9397538665474141,0.9449183107667496,-0.9007617568629832,0.9007621822529063,0.9007627777635135,-0.5391264689486859,0.5391281193001536,-0.5392057148886144,-0.5390538760638907,-0.9007593314616673,-0.9007616310517078,0.5390448831574786,0.5389967473805095,0.9007610914145524,-0.5389817071846781,-0.5389817071846786,-0.5389817071846782,-0.9007615353655454,-0.9007630461525253,-0.719749560166784,0.8559462576409179,-0.11175222786042295,0.33888566096056366,-0.5393355887880003,-0.9633006917833064,-0.9633013441677943,-0.8796558277781581,0.11173342527197781,0.5392802249701246,0.9999999889785864,0.9498513364227007,-0.5392904367578581,-0.937079653742785,-0.9474132064343441,-0.9498512055107474,-0.9397543870172884,-0.939754387017287
0.9913976848480994,-0.9913942233128425,-0.9914023559301481,0.9842622079115148,0.9963948435881613,0.99140378030021,0.9914048074462829,0.9997384468117336,-0.9997385317573251,0.9995295828678211,0.9998855795587104,-0.9914062450165205,0.9914066471043669,0.9914070950616982,-0.24875450072184993,0.24875650067673996,-0.24884597043267034,-0.24867096157411733,-0.9914042108049026,-0.9914062661976335,0.24866063150582887,0.24860495594498366,0.9914056206636866,-0.2485877936653618,-0.24858779366536224,-0.24858779366536207,-0.9914058559213776,-0.9914072900377867,-0.9007320641856676,0.6513649555295564,0.2045714990907335,0.6160716679776778,-0.2489939605974208,-0.8310970556823728,-0.9989191784370036,-0.9842607278842781,-0.20458921560063614,0.248931211348021,0.9498513364227007,1.0000000004713399,-0.24894309549435834,-0.9992548843788339,-0.9999701238388352,-0.9999977509029141,-0.9995291879070202,-0.999529187907019
-0.12002854487055745,0.12002588047048932,0.12003239134191719,-0.07391030864213517,-0.1658829429205509,-0.120034321904476,-0.12003424435488604,-0.22646735415137156,0.22646419888373637,-0.2189352299776082,-0.23397315541669156,0.12003616112125119,-0.1200363958504424,-0.1200370339897722,0.9999834879683593,-0.9999832136147481,0.9999826045059758,0.9999836205337823,0.1200341270196679,0.1200357143746353,-0.9999835861277641,-0.9999844318977233,-0.12003578140029485,0.9999840666410262,0.9999840666410267,0.9999840666410256,0.12003652293322174,0.12003734020183196,-0.19644042436296602,-0.8970166204066315,0.8970981509929089,0.6095096468211988,0.9999863192628105,0.7454995677038527,0.29351778387430044,0.07390547717050266,-0.8970876244903172,-0.9999810942253871,-0.5392904367578581,-0.24894309549435834,0.9999999882271711,0.2113844003918143,0.24146595634021534,0.24894317113924425,0.21893790581234684,0.21893790581234646
-0.9957121195775718,0.9957087324397613,0.9957166802627618,-0.9903486855086363,-0.9989253940933782,-0.9957180407818441,-0.9957190804425182,-0.99988850984292,0.9998887212851973,-0.9999751033138334,-0.9997379345697679,0.9957204548326787,-0.9957208512574749,-0.9957212778993809,0.21119407367615223,-0.21119610291260224,0.21128641788857308,0.21110976271252316,0.9957184830014691,0.9957204940080735,-0.2110993392298377,-0.2110431191055117,-0.9957198398802557,0.21102581390307903,0.21102581390307965,0.21102581390307948,0.9957200477512987,0.99572146246388,0.9168238351599504,-0.6216013452194645,-0.24219220436808764,-0.646009631378133,0.21143561796255525,0.8090196029754715,0.9963929522713519,0.9903473844038826,0.2422096640265687,-0.21137239223535162,-0.937079653742785,-0.9992548843788339,0.2113844003918143,1.000000003007496,0.9995274725676081,0.9992574340466733,0.9999773310897673,0.9999773310897658
-0.9923797240517381,0.9923762769689543,0.9923843736316759,-0.9855975797105498,-0.9970214714996155,-0.9923857854112411,-0.992386815182782,-0.9998891229076604,0.9998892331474196,-0.9997398357120857,-0.9999740348944595,0.9923882402981058,-0.9923886413026246,-0.9923890850535609,0.24127699262330596,-0.2412789986721176,0.24136864816973846,0.24119328912146976,0.9923862183097527,0.9923882650785483,-0.2411829391349294,-0.2411271480064284,-0.9923876177491303,0.24110995508810767,0.24110995508810804,0.24110995508810792,0.992387847561158,0.9923892779722503,0.9040571996159874,-0.6454944668324115,-0.21211577798399178,-0.6221300025528747,0.24151689803387288,0.8267845635966251,0.9985370089931772,0.985596135267873,0.21213344529339118,-0.2414540459720447,-0.9474132064343441,-0.9999701238388352,0.24146595634021534,0.9995274725676081,1.0000000032326017,0.9999726772084779,0.999739418669295,0.9997394186692945
-0.9913974914893569,0.9913940299574484,0.9914021625698218,-0.9842620101545352,-0.9963946550533653,-0.9914035869392752,-0.9914046140839676,-0.999738265334821,0.9997383502814587,-0.9995294004713848,-0.9998853990125568,0.9914060516552776,-0.991406453742197,-0.9914069016990884,0.24875457640186,-0.24875657635661302,0.2488460460957559,0.24867103726973336,0.9914040174397094,0.9914060728349486,-0.24866070720295558,-0.2486050316526641,-0.9914054272985239,0.24858786937571245,0.24858786937571314,0.24858786937571295,0.9914056625569609,0.9914070966735097,0.900731849400397,-0.6513649332707088,-0.20457134114535483,-0.6160714602278148,0.2489940362328005,0.8310969761821347,0.9989217386934778,0.9842605301207678,0.2045890576531797,-0.24893128699536918,-0.9498512055107474,-0.9999977509029141,0.24894317113924425,0.9992574340466733,0.9999726772084779,1.00000000021714,0.9995290055093176,0.9995290055093171
