0.9999999964407253,-0.9999948764101015,-0.999994876410101,0.9999954795415391,0.99999547954154,0.0,0.0,0.0,0.0,0.0,0.0,0.0,0.0,0.0,0.0,0.0,0.0,0.0,0.0,0.0,0.0,0.0,0.0,0.0,0.0,0.0,0.0
-0.9999948764101015,0.9999999965845167,0.9999952212464427,-0.9999953358899882,-0.9999955801339535,0.0,0.0,0.0,0.0,0.0,0.0,0.0,0.0,0.0,0.0,0.0,0.0,0.0,0.0,0.0,0.0,0.0,0.0,0.0,0.0,0.0,0.0
-0.999994876410101,0.9999952212464427,0.9999999965845167,-0.9999955801339528,-0.9999953358899889,0.0,0.0,0.0,0.0,0.0,0.0,0.0,0.0,0.0,0.0,0.0,0.0,0.0,0.0,0.0,0.0,0.0,0.0,0.0,0.0,0.0,0.0
0.9999954795415391,-0.9999953358899882,-0.9999955801339528,0.9999999970975264,0.9999959390216012,0.0,0.0,0.0,0.0,0.0,0.0,0.0,0.0,0.0,0.0,0.0,0.0,0.0,0.0,0.0,0.0,0.0,0.0,0.0,0.0,0.0,0.0
0.99999547954154,-0.9999955801339535,-0.9999953358899889,0.9999959390216012,0.9999999970975264,0.0,0.0,0.0,0.0,0.0,0.0,0.0,0.0,0.0,0.0,0.0,0.0,0.0,0.0,0.0,0.0,0.0,0.0,0.0,0.0,0.0,0.0
0.0,0.0,0.0,0.0,0.0,1.00000000266064,-1.000002628967977,1.0000025161218593,1.0000029680383111,-2.485894286329445e-16,2.926918032796354e-16,-2.4421536708650963e-16,-1.7334867773873114e-16,-1.000002777648683,1.0000029098413648,-1.0000024891791264,-1.00000290521909,2.1301360430826898e-16,-2.879480626111402e-16,3.5022628023219465e-16,1.675941960710607e-16,-1.0000029371297314,3.1523706026354493e-16,1.0000027767908843,1.000002762990041,-1.4439692843267308e-16,-3.4224882495439265e-16
0.0,0.0,0.0,0.0,0.0,-1.000002628967977,1.000000001446458,-1.000001422470664,-1.0000018743867236,2.406212562743512e-16,-2.7222620217500186e-16,1.9156761888737676e-16,1.8741593773252685e-16,1.0000019282412311,-1.0000020604338014,1.000001639771919,1.0000020558115308,-2.0165565089217097e-16,2.8630861049472787e-16,-3.183926853729184e-16,-1.4409780100992728e-16,1.0000020877221405,-3.29608556851573e-16,-1.0000019273834326,-1.0000019135826037,7.669946594435302e-17,2.983580763510795e-16
0.0,0.0,0.0,0.0,0.0,1.0000025161218593,-1.000001422470664,1.0000000009360177,1.0000017615408874,-3.250323483038508e-16,3.2549450597057676e-16,-2.5227616572526785e-16,-2.708692398895138e-16,-1.0000013269075374,1.000001703344021,-1.0000010384383264,-1.0000016987217537,2.810733088299083e-16,-3.4633529693179116e-16,3.946838955415871e-16,2.1947749414904403e-16,-1.000001730632349,3.8130101948470256e-16,1.0000015702936997,1.0000015564928784,-1.7962802622553058e-16,-3.8719827694064957e-16
0.0,0.0,0.0,0.0,0.0,1.0000029680383111,-1.0000018743867236,1.0000017615408874,1.0000000015820067,-2.5317115133766076e-16,2.7735070570091123e-16,-1.7610998152058348e-16,-1.8567053347242499e-16,-1.0000020230675144,1.0000021552600964,-1.0000017345981758,-1.0000021506378238,2.305109375818209e-16,-2.691916084428145e-16,3.492577017245279e-16,1.7285730019427364e-16,-1.000001938304472,3.096158839994179e-16,1.0000020222097161,1.0000020084088865,-1.3466575145158825e-16,-3.0458392732604625e-16
0.0,0.0,0.0,0.0,0.0,-2.485894286329445e-16,2.406212562743512e-16,-3.250323483038508e-16,-2.5317115133766076e-16,1.00000000266064,-1.0000026289679989,1.0000025161218866,1.0000029680383373,5.136754742566583e-16,5.941220916287658e-16,8.182688604397253e-16,-1.7791878081558252e-16,-1.0000027776487115,1.000002909841382,-1.0000024891791428,-1.0000029052191153,-1.6663825541508165e-16,-1.0000029371297554,-7.041065512204982e-16,-9.854363128439404e-16,1.0000027767909083,1.0000027629900659
0.0,0.0,0.0,0.0,0.0,2.926918032796354e-16,-2.7222620217500186e-16,3.2549450597057676e-16,2.7735070570091123e-16,-1.0000026289679989,1.000000001446458,-1.0000014224706855,-1.0000018743867467,-4.919578659399663e-16,-5.48628117395147e-16,-8.492626329341378e-16,1.767575315399761e-16,1.0000019282412564,-1.0000020604338153,1.0000016397719313,1.000002055811553,1.5446396562562128e-16,1.0000020877221596,7.20429043796446e-16,1.0025457252287252e-15,-1.000001927383453,-1.0000019135826232
0.0,0.0,0.0,0.0,0.0,-2.4421536708650963e-16,1.9156761888737676e-16,-2.5227616572526785e-16,-1.7610998152058348e-16,1.0000025161218866,-1.0000014224706855,1.0000000009360177,1.000001761540911,4.3564029228979594e-16,6.287880576373835e-16,7.8774679051016445e-16,-2.4031493533644095e-16,-1.0000013269075627,1.000001703344036,-1.000001038438341,-1.0000016987217766,-2.335679954084717e-16,-1.0000017306323699,-6.61243673877882e-16,-9.283158323310562e-16,1.0000015702937222,1.0000015564928983
0.0,0.0,0.0,0.0,0.0,-1.7334867773873114e-16,1.8741593773252685e-16,-2.708692398895138e-16,-1.8567053347242499e-16,1.0000029680383373,-1.0000018743867467,1.000001761540911,1.0000000015820067,4.3984955062902735e-16,6.464778077452437e-16,7.496425753567784e-16,-2.750581297091178e-16,-1.0000020230675408,1.0000021552601117,-1.0000017345981902,-1.0000021506378485,-2.3240223797292964e-16,-1.0000019383044971,-6.273873776878978e-16,-9.091823876446383e-16,1.0000020222097372,1.0000020084089072
0.0,0.0,0.0,0.0,0.0,-1.000002777648683,1.0000019282412311,-1.0000013269075374,-1.0000020230675144,5.136754742566583e-16,-4.919578659399663e-16,4.3564029228979594e-16,4.3984955062902735e-16,1.0000000013098558,-1.0000017206266678,1.0000015442087957,1.0000019602483616,-4.410594084447612e-16,5.160037312007129e-16,-5.82496927348313e-16,-3.913742859112504e-16,1.0000019921589685,-5.419551942293358e-16,-1.000001831820277,-1.0000018180194505,3.3909036269160183e-16,5.790389476114661e-16
0.0,0.0,0.0,0.0,0.0,1.0000029098413648,-1.0000020604338014,1.000001703344021,1.0000021552600964,5.941220916287658e-16,-5.48628117395147e-16,6.287880576373835e-16,6.464778077452437e-16,-1.0000017206266678,1.0000000014988175,-1.000001676401312,-1.000001848196966,-6.036398553450645e-16,5.511864798020824e-16,-4.788473666385989e-16,-6.63911640708956e-16,-1.0000021243515425,-5.02729164380822e-16,1.00000196401283,1.0000019502120008,6.94027855080764e-16,4.670626586386867e-16
0.0,0.0,0.0,0.0,0.0,-1.0000024891791264,1.000001639771919,-1.0000010384383264,-1.0000017345981758,8.182688604397253e-16,-8.492626329341378e-16,7.8774679051016445e-16,7.496425753567784e-16,1.0000015442087957,-1.000001676401312,1.0000000008975045,1.0000016717790436,-7.60103596426496e-16,8.739938930174754e-16,-8.793609502013828e-16,-7.39434792135778e-16,1.0000017036896385,-8.904592097477937e-16,-1.0000012991070333,-1.0000012853062126,7.096793840404842e-16,8.822115887391486e-16
0.0,0.0,0.0,0.0,0.0,-1.00000290521909,1.0000020558115308,-1.0000016987217537,-1.0000021506378238,-1.7791878081558252e-16,1.767575315399761e-16,-2.4031493533644095e-16,-2.750581297091178e-16,1.0000019602483616,-1.000001848196966,1.0000016717790436,1.0000000014922106,2.379783268497613e-16,-1.7010117090484996e-16,9.332111708104671e-17,2.8670161266354424e-16,1.0000021197292728,1.4834766336930516e-16,-1.0000019593905611,-1.0000017013457707,-3.4940746528722756e-16,-1.3508974452780617e-16
0.0,0.0,0.0,0.0,0.0,2.1301360430826898e-16,-2.0165565089217097e-16,2.810733088299083e-16,2.305109375818209e-16,-1.0000027776487115,1.0000019282412564,-1.0000013269075627,-1.0000020230675408,-4.410594084447612e-16,-6.036398553450645e-16,-7.60103596426496e-16,2.379783268497613e-16,1.0000000013098558,-1.0000017206266845,1.0000015442088124,1.0000019602483858,2.192341650716153e-16,1.0000019921589907,6.601751741995402e-16,9.566067205901429e-16,-1.0000018318202997,-1.0000018180194716
0.0,0.0,0.0,0.0,0.0,-2.879480626111402e-16,2.8630861049472787e-16,-3.4633529693179116e-16,-2.691916084428145e-16,1.000002909841382,-1.0000020604338153,1.000001703344036,1.0000021552601117,5.160037312007129e-16,5.511864798020824e-16,8.739938930174754e-16,-1.7010117090484996e-16,-1.0000017206266845,1.0000000014988175,-1.0000016764013175,-1.0000018481969843,-1.1226178778172473e-16,-1.0000021243515567,-7.510446359702948e-16,-1.0108382845122041e-15,1.0000019640128437,1.0000019502120125
0.0,0.0,0.0,0.0,0.0,3.5022628023219465e-16,-3.183926853729184e-16,3.946838955415871e-16,3.492577017245279e-16,-1.0000024891791428,1.0000016397719313,-1.000001038438341,-1.0000017345981902,-5.82496927348313e-16,-4.788473666385989e-16,-8.793609502013828e-16,9.332111708104671e-17,1.0000015442088124,-1.0000016764013175,1.000000000897505,1.0000016717790583,8.571768274855399e-17,1.00000170368965,7.734698005572997e-16,1.0657955284609482e-15,-1.0000012991070457,-1.00000128530622
0.0,0.0,0.0,0.0,0.0,1.675941960710607e-16,-1.4409780100992728e-16,2.1947749414904403e-16,1.7285730019427364e-16,-1.0000029052191153,1.000002055811553,-1.0000016987217766,-1.0000021506378485,-3.913742859112504e-16,-6.63911640708956e-16,-7.39434792135778e-16,2.8670161266354424e-16,1.0000019602483858,-1.0000018481969843,1.0000016717790583,1.0000000014922106,2.5808334265122437e-16,1.0000021197292939,6.417539960969887e-16,8.689072429072119e-16,-1.0000019593905825,-1.000001701345787
0.0,0.0,0.0,0.0,0.0,-1.0000029371297314,1.0000020877221405,-1.000001730632349,-1.000001938304472,-1.6663825541508165e-16,1.5446396562562128e-16,-2.335679954084717e-16,-2.3240223797292964e-16,1.0000019921589685,-1.0000021243515425,1.0000017036896385,1.0000021197292728,2.192341650716153e-16,-1.1226178778172473e-16,8.571768274855399e-17,2.5808334265122437e-16,1.0000000015378248,1.1704525374148658e-16,-1.000001747057203,-1.0000019775003381,-2.830880115409786e-16,-1.1018784802623589e-16
0.0,0.0,0.0,0.0,0.0,3.1523706026354493e-16,-3.29608556851573e-16,3.8130101948470256e-16,3.096158839994179e-16,-1.0000029371297554,1.0000020877221596,-1.0000017306323699,-1.0000019383044971,-5.419551942293358e-16,-5.02729164380822e-16,-8.904592097477937e-16,1.4834766336930516e-16,1.0000019921589907,-1.0000021243515567,1.00000170368965,1.0000021197292939,1.1704525374148658e-16,1.0000000015378248,7.801710379386154e-16,1.0065128794084809e-15,-1.0000017470572244,-1.0000019775003572
0.0,0.0,0.0,0.0,0.0,1.0000027767908843,-1.0000019273834326,1.0000015702936997,1.0000020222097161,-7.041065512204982e-16,7.20429043796446e-16,-6.61243673877882e-16,-6.273873776878978e-16,-1.000001831820277,1.00000196401283,-1.0000012991070333,-1.0000019593905611,6.601751741995402e-16,-7.510446359702948e-16,7.734698005572997e-16,6.417539960969887e-16,-1.000001747057203,7.801710379386154e-16,1.0000000013086292,1.0000018171616494,-5.861840912235359e-16,-7.72520377156578e-16
0.0,0.0,0.0,0.0,0.0,1.000002762990041,-1.0000019135826037,1.0000015564928784,1.0000020084088865,-9.854363128439404e-16,1.0025457252287252e-15,-9.283158323310562e-16,-9.091823876446383e-16,-1.0000018180194505,1.0000019502120008,-1.0000012853062126,-1.0000017013457707,9.566067205901429e-16,-1.0108382845122041e-15,1.0657955284609482e-15,8.689072429072119e-16,-1.0000019775003381,1.0065128794084809e-15,1.0000018171616494,1.0000000012889019,-8.442588166049844e-16,-1.0569614952801283e-15
0.0,0.0,0.0,0.0,0.0,-1.4439692843267308e-16,7.669946594435302e-17,-1.7962802622553058e-16,-1.3466575145158825e-16,1.0000027767909083,-1.000001927383453,1.0000015702937222,1.0000020222097372,3.3909036269160183e-16,6.94027855080764e-16,7.096793840404842e-16,-3.4940746528722756e-16,-1.0000018318202997,1.0000019640128437,-1.0000012991070457,-1.0000019593905825,-2.830880115409786e-16,-1.0000017470572244,-5.861840912235359e-16,-8.442588166049844e-16,1.0000000013086294,1.0000018171616694
0.0,0.0,0.0,0.0,0.0,-3.4224882495439265e-16,2.983580763510795e-16,-3.8719827694064957e-16,-3.0458392732604625e-16,1.0000027629900659,-1.0000019135826232,1.0000015564928983,1.0000020084089072,5.790389476114661e-16,4.670626586386867e-16,8.822115887391486e-16,-1.3508974452780617e-16,-1.0000018180194716,1.0000019502120125,-1.00000128530622,-1.000001701345787,-1.1018784802623589e-16,-1.0000019775003572,-7.72520377156578e-16,-1.0569614952801283e-15,1.0000018171616694,1.0000000012889019
