0.9999999999460258,-0.8090146320766017,-0.8090145372429417,0.30901131329967113,0.8090147270951329,0.8090119105160948,0.30901864842820687,-0.30901881354264,-0.8090145203602398,-0.3090014765226785,0.309001067041916,-0.3090063738622564,-0.3089953544807445,-0.3089765931521944,0.30897823191197543,0.3089758399070201,-0.30897951723814243,-0.3089795172381425,-0.6823924214693249,-0.6020942185945053,0.6323667036241444,0.3687747586096582,0.14695085987846832,-0.442792835225734,-0.5753246085730997,0.5118987504966742,0.30899561295781386,0.30898954452470007,0.4427921438046808,-0.4427920856535331,-0.44279208565353434,-0.30898395053038585,0.3089814608594397,0.3089814608594396
-0.8090146320766017,1.0000000004818719,0.3090112783376412,-0.8090159824213009,-1.0000004600389163,-0.30900681879061015,0.3090186869450949,-0.3090187584712306,1.0000013308507432,0.8090132926239532,-0.8090123521001542,0.8090149548402528,0.8090087760959489,0.8089953364828254,-0.8089963734535399,-0.8089950217293005,0.808997391644531,0.8089973916445303,0.31027383515098256,0.180341102195497,-0.2977059935571345,-0.21633814172795607,0.022672740150469987,0.24092533160983354,0.2818356596526761,-0.26283860273946924,-0.8090095222700194,-0.8090046626260533,-0.24092616982956605,0.2409265871545288,0.24092658715452958,0.8090005561655768,-0.8089988277927376,-0.8089988277927364
-0.8090145372429417,0.3090112783376412,0.9999999990195189,0.30902528384857264,-0.3090103264642455,-0.9999975130983012,-0.809018184091698,0.8090190274833835,0.3090096258565587,-0.30903800553343247,0.3090377275637385,-0.309031743713065,-0.3090433946533698,-0.30906031143342566,0.30905869684193,0.3090612154526311,-0.30905763533630204,-0.3090576353363017,0.7938572918009166,0.7938645697614143,-0.7254821058415425,-0.3803506339299749,-0.26044301671651177,0.475526824902513,0.6490567055815598,-0.5654289094769812,0.3090437226021393,0.309048681866682,-0.47552486794675936,0.4755243565329715,0.47552435653297237,-0.30905362665731406,0.3090559266467246,0.30905592664672443
0.30901131329967113,-0.8090159824213009,0.30902528384857264,1.0000000014375212,0.809017364401486,-0.30902936809185116,-0.8090197382270017,0.8090205237815984,-0.8090181635038622,-1.0000066838975006,1.000005571581013,-1.0000039713655564,-1.0000054980578734,-1.0000025136737396,1.0000025527653642,1.000002757637467,-1.0000029149040195,-1.0000029149040184,0.18035845097463224,0.3102981218822084,-0.15066770882165098,-0.01873092430718692,-0.18363820510167309,0.05296627173552423,0.11930414069400627,-0.08661596242797602,1.000006446913982,1.000004652292103,-0.0529642240465237,0.05296349064900058,0.05296349064900003,-1.0000036019056806,1.0000032950153936,1.0000032950153925
0.8090147270951329,-1.0000004600389163,-0.3090103264642455,0.809017364401486,1.0000000008940202,0.3090058669095892,-0.30901981741436185,0.30901988893888205,-1.0000011151394448,-0.8090141699057717,0.8090132293819158,-0.8090158321183593,-0.8090096533821235,-0.8089962137864142,0.8089972507550509,0.808995899034223,-0.8089982689449156,-0.8089982689449163,-0.3102719670144534,-0.18034145899976517,0.2977040438985064,0.21633608774456264,-0.022671221761878628,-0.24092326961379965,-0.28183365010805295,0.2628365556101997,0.8090103995564273,0.8090055399171949,0.2409241078337864,-0.24092452515800805,-0.2409245251580089,-0.8090014334616067,0.8089997050912628,0.8089997050912624
0.8090119105160948,-0.30900681879061015,-0.9999975130983012,-0.30902936809185116,0.3090058669095892,0.9999999981535531,0.8090208377094631,-0.8090211763923287,-0.3090051662964797,0.30904208976530373,-0.3090418117923406,0.3090358279511944,0.3090474788702548,0.3090643956120057,-0.30906278102256424,-0.30906529963128143,0.309061719519869,0.30906171951986877,-0.7938577479704242,-0.7938621401621945,0.7254832983878842,0.3803525974332796,0.2604405676876529,-0.4755286235051097,-0.6490581165590162,0.5654305232226143,-0.30904780682174415,-0.3090527660710964,0.4755266665474255,-0.47552615513356306,-0.4755261551335634,0.3090577108495325,-0.30906001083427176,-0.30906001083427104
0.30901864842820687,0.3090186869450949,-0.809018184091698,-0.8090197382270017,-0.30901981741436185,0.8090208377094631,0.9999999996666071,-0.9999994106513129,0.3090207442817407,0.8090309903029738,-0.8090301310617115,0.8090257557897855,0.80903358806552,0.8090421987322576,-0.8090412250232096,-0.8090429082221525,0.809040792792051,0.8090407927920501,-0.6020959200982743,-0.6824084991377255,0.5414879572614881,0.24664426551777124,0.2744573696877894,-0.32662478451204197,-0.47487085177765526,0.4029837919313489,-0.8090343771717052,-0.8090363330225914,0.32662230951284865,-0.32662154017906675,-0.3266215401790668,0.8090387398892444,-0.8090399716882402,-0.8090399716882389
-0.30901881354264,-0.3090187584712306,0.8090190274833835,0.8090205237815984,0.30901988893888205,-0.8090211763923287,-0.9999994106513129,1.000000000212678,-0.3090208158054612,-0.8090312711581104,0.8090304119160104,-0.8090260366414973,-0.8090338689211252,-0.8090424795874197,0.8090415058785541,0.8090431890772923,-0.8090410736476066,-0.8090410736476068,0.6020955167129487,0.6824094402559407,-0.5414874421267337,-0.24664337192724195,-0.2744585252435484,0.32662397306038543,0.4748702306102203,-0.40298307162491553,0.8090346580280394,0.8090366138784593,-0.32662149805884333,0.3266207287238684,0.3266207287238686,-0.8090390207450222,0.8090402525439694,0.809040252543968
-0.8090145203602398,1.0000013308507432,0.3090096258565587,-0.8090181635038622,-1.0000011151394448,-0.3090051662964797,0.3090207442817407,-0.3090208158054612,1.0000000014161547,0.8090149690149512,-0.8090140284907364,0.809016631224326,0.8090104524938667,0.8089970129085552,-0.8089980498758886,-0.8089966981572613,0.8089990680651213,0.8089990680651215,0.3102708018745565,0.1803415117539572,-0.2977028464125686,-0.21633489512880685,0.022670437389371995,0.2409220555212651,0.2818324335652053,-0.26283533351140737,-0.8090111986685796,-0.8090063390319308,-0.24092289374212655,0.24092331106617848,0.24092331106617937,0.8090022325792149,-0.809000504210381,-0.8090005042103802
-0.3090014765226785,0.8090132926239532,-0.30903800553343247,-1.0000066838975006,-0.8090141699057717,0.30904208976530373,0.8090309903029738,-0.8090312711581104,0.8090149690149512,1.000000008094974,-1.0000097350187904,1.000009144136872,1.0000101662738121,1.0000071820929373,-1.0000072211654165,-1.0000074260676484,1.0000075832917867,1.0000075832917865,-0.18036707806764815,-0.3103096933043098,0.15067527206509276,0.018733524105744845,0.18364385569654962,-0.05297019161921538,-0.11931055616423639,0.0866211589356537,-1.0000111151359046,-1.000009320572537,0.05296814390115054,-0.05296741049476098,-0.052967410494760434,1.0000082702455617,-1.0000079633829542,-1.0000079633829528
0.309001067041916,-0.8090123521001542,0.3090377275637385,1.000005571581013,0.8090132293819158,-0.3090418117923406,-0.8090301310617115,0.8090304119160104,-0.8090140284907364,-1.0000097350187904,1.0000000065086148,-1.0000075271111204,-1.000008549247292,-1.0000060697789148,1.0000061088510257,1.0000063137535338,-1.000006470976781,-1.0000064709767802,0.18036722883003592,0.31030910119528915,-0.15067549078197012,-0.018733983283591348,-0.18364319356345787,0.052970596767157686,0.1193108404093916,-0.0866215055553327,1.000010002814494,1.0000082082540427,-0.052968549051935654,0.05296781564675263,0.05296781564675212,-1.0000071579290577,1.0000068510672002,1.0000068510671982
-0.3090063738622564,0.8090149548402528,-0.309031743713065,-1.0000039713655564,-0.8090158321183593,0.3090358279511944,0.8090257557897855,-0.8090260366414973,0.809016631224326,1.000009144136872,-1.0000075271111204,1.0000000049461482,1.000007958330593,1.0000049740491332,-1.0000050131310487,-1.0000052180184549,1.0000053752635034,1.000005375263503,-0.180362866555494,-0.31030396278004013,0.1506715887940716,0.018732297495103998,0.18364101899797777,-0.05296831265175097,-0.11930744200469187,0.0866186484437567,-1.0000089071897904,-1.0000071125973853,0.052966264947936284,-0.05296553154590837,-0.052965531545907746,1.000006062240968,-1.0000057553646715,-1.0000057553646708
-0.3089953544807445,0.8090087760959489,-0.3090433946533698,-1.0000054980578734,-0.8090096533821235,0.3090474788702548,0.80903358806552,-0.8090338689211252,0.8090104524938667,1.0000101662738121,-1.000008549247292,1.000007958330593,1.0000000064038872,1.0000059964793262,-1.000006035541018,-1.0000062404592496,1.0000063976592586,1.0000063976592597,-0.18037197159630128,-0.3103133561849012,0.15067987820112594,0.018736509718661695,0.18364428225495358,-0.052973644467480145,-0.11931482379885469,0.0866250407138935,-1.0000094246941136,-1.0000076301691612,0.052971596744362054,-0.052970863337614776,-0.05297086333761422,1.0000070845843931,-1.0000067777379464,-1.000006777737945
-0.3089765931521944,0.8089953364828254,-0.30906031143342566,-1.0000025136737396,-0.8089962137864142,0.3090643956120057,0.8090421987322576,-0.8090424795874197,0.8089970129085552,1.0000071820929373,-1.0000060697789148,1.0000049740491332,1.0000059964793262,1.0000000021483815,-1.0000025471186076,-1.0000027520877788,1.0000034139177703,1.0000034139177703,-0.18038838233407778,-0.31032380456485903,0.15069552512184717,0.018747478115137096,0.18364395471535008,-0.05298600162594842,-0.11932953328462806,0.08663864954125233,-1.0000069453373972,-1.0000051509320889,0.05298395388822363,-0.05298322048139215,-0.0529832204813916,1.0000041007530756,-1.0000037939573487,-1.0000037939573485
0.30897823191197543,-0.8089963734535399,0.30905869684193,1.0000025527653642,0.8089972507550509,-0.30906278102256424,-0.8090412250232096,0.8090415058785541,-0.8089980498758886,-1.0000072211654165,1.0000061088510257,-1.0000050131310487,-1.000006035541018,-1.0000025471186076,1.0000000022040434,1.000003295820001,-1.0000029482443897,-1.0000029482443897,0.18038673886350373,0.31032288451174117,-0.15069394438171402,-0.018746313881325895,-0.18364410850937785,0.052984710573161155,0.11932803281519169,-0.08663724599277853,1.0000069843991743,1.0000051899832525,-0.05298266283700477,0.05298192943020486,0.05298192943020428,-1.0000041397941561,1.000003832993811,1.0000038329938081
0.3089758399070201,-0.8089950217293005,0.3090612154526311,1.000002757637467,0.808995899034223,-0.30906529963128143,-0.8090429082221525,0.8090431890772923,-0.8089966981572613,-1.0000074260676484,1.0000063137535338,-1.0000052180184549,-1.0000062404592496,-1.0000027520877788,1.000003295820001,1.0000000024963633,-1.0000036579117704,-1.0000036579117706,0.18038927332691998,0.31032434890665456,-0.15069637714404138,-0.01874808557159092,-0.18364391496308047,0.05298668225668301,0.11933033688167133,-0.08663939579566465,1.0000071893175086,1.0000053949171852,-0.052984634517622725,0.05298390111058601,0.05298390111058554,-1.0000043447430724,1.0000040379496329,1.0000040379496327
-0.30897951723814243,0.808997391644531,-0.30905763533630204,-1.0000029149040195,-0.8089982689449156,0.309061719519869,0.809040792792051,-0.8090410736476066,0.8089990680651213,1.0000075832917867,-1.000006470976781,1.0000053752635034,1.0000063976592586,1.0000034139177703,-1.0000029482443897,-1.0000036579117704,1.0000000027204534,1.0000038150475163,-0.1803856290901586,-0.3103223089120045,0.15069287199145,0.0187455039261002,0.1836442561148375,-0.05298381941539756,-0.11932700970714882,0.08663628351981911,-1.000007346517762,-1.0000055520936655,0.05298177167970986,-0.052981038272703555,-0.052981038272703,1.000004501897009,-1.0000036903869363,-1.000004195093252
-0.3089795172381425,0.8089973916445303,-0.3090576353363017,-1.0000029149040184,-0.8089982689449163,0.30906171951986877,0.8090407927920501,-0.8090410736476068,0.8089990680651215,1.0000075832917865,-1.0000064709767802,1.000005375263503,1.0000063976592597,1.0000034139177703,-1.0000029482443897,-1.0000036579117706,1.0000038150475163,1.0000000027204534,-0.18038562909015946,-0.3103223089120029,0.1506928719914512,0.018745503926101564,0.18364425611483595,-0.05298381941539892,-0.1193270097071499,0.08663628351982049,-1.0000073465177615,-1.0000055520936633,0.05298177167971108,-0.05298103827270477,-0.05298103827270422,1.0000045018970085,-1.0000041950932534,-1.0000036903869367
-0.6823924214693249,0.31027383515098256,0.7938572918009166,0.18035845097463224,-0.3102719670144534,-0.7938577479704242,-0.6020959200982743,0.6020955167129487,0.3102708018745565,-0.18036707806764815,0.18036722883003592,-0.180362866555494,-0.18037197159630128,-0.18038838233407778,0.18038673886350373,0.18038927332691998,-0.1803856290901586,-0.18038562909015946,0.9999999963214102,0.2604351415806821,-0.9944454619378823,-0.8643379144206618,0.38035750611583724,0.9124442587805061,0.9778620156240497,-0.9504265866540729,0.18037193827792306,0.180376898538886,-0.9124435840516052,0.912443704943392,0.9124437049433926,-0.1803816735728262,0.1803839092858983,0.1803839092858975
-0.6020942185945053,0.180341102195497,0.7938645697614143,0.3102981218822084,-0.18034145899976517,-0.7938621401621945,-0.6824084991377255,0.6824094402559407,0.1803415117539572,-0.3103096933043098,0.31030910119528915,-0.31030396278004013,-0.3103133561849012,-0.31032380456485903,0.31032288451174117,0.31032434890665456,-0.3103223089120045,-0.3103223089120029,0.2604351415806821,0.9999999993236552,-0.1574235734296289,0.26044098665990534,-0.7938628102927562,-0.15743357205299502,0.052665516691374,0.052676530156175704,0.3103139102017812,0.3103168238576821,0.1574360044360669,-0.15743693731221267,-0.15743693731221212,-0.3103198997666671,0.31032131579505534,0.31032131579505473
0.6323667036241444,-0.2977059935571345,-0.7254821058415425,-0.15066770882165098,0.2977040438985064,0.7254832983878842,0.5414879572614881,-0.5414874421267337,-0.2977028464125686,0.15067527206509276,-0.15067549078197012,0.1506715887940716,0.15067987820112594,0.15069552512184717,-0.15069394438171402,-0.15069637714404138,0.15069287199145,0.1506928719914512,-0.9944454619378823,-0.1574235734296289,0.999999995884913,0.9124458200186232,-0.4755368314585155,-0.9504264400891123,-0.9944453001780238,0.977861821215497,-0.15067978375937657,-0.15068453978358198,0.9504260149806153,-0.9504262402744797,-0.9504262402744796,0.15068908867491473,-0.15069122113642672,-0.15069122113642622
0.3687747586096582,-0.21633814172795607,-0.3803506339299749,-0.01873092430718692,0.21633608774456264,0.3803525974332796,0.24664426551777124,-0.24664337192724195,-0.21633489512880685,0.018733524105744845,-0.018733983283591348,0.018732297495103998,0.018736509718661695,0.018747478115137096,-0.018746313881325895,-0.01874808557159092,0.0187455039261002,0.018745503926101564,-0.8643379144206618,0.26044098665990534,0.9124458200186232,0.9999999958607252,-0.7938606812488469,-0.9944453338922462,-0.9504278705697381,0.9778626511471938,-0.018736187825925673,-0.018739630424398947,0.9944464308416728,-0.9944470376462765,-0.9944470376462771,0.0187428032822227,-0.018744301415840298,-0.01874430141583975
0.14695085987846832,0.022672740150469987,-0.26044301671651177,-0.18363820510167309,-0.022671221761878628,0.2604405676876529,0.2744573696877894,-0.2744585252435484,0.022670437389371995,0.18364385569654962,-0.18364319356345787,0.18364101899797777,0.18364428225495358,0.18364395471535008,-0.18364410850937785,-0.18364391496308047,0.1836442561148375,0.18364425611483595,0.38035750611583724,-0.7938628102927562,-0.4755368314585155,-0.7938606812488469,0.9999999982662284,0.7254894942576393,0.5654388853213694,-0.64906575306685,-0.18364483392993194,-0.18364450078012898,-0.7254913992594697,0.7254923689976818,0.7254923689976812,0.1836444397136487,-0.18364438799896068,-0.1836443879989607
-0.442792835225734,0.24092533160983354,0.475526824902513,0.05296627173552423,-0.24092326961379965,-0.4755286235051097,-0.32662478451204197,0.32662397306038543,0.2409220555212651,-0.05297019161921538,0.052970596767157686,-0.05296831265175097,-0.052973644467480145,-0.05298600162594842,0.052984710573161155,0.05298668225668301,-0.05298381941539756,-0.05298381941539892,0.9124442587805061,-0.15743357205299502,-0.9504264400891123,-0.9944453338922462,0.7254894942576393,0.9999999955554076,0.9778618495343042,-0.9944450887899757,0.05297337558829063,0.05297721422394247,-0.9999936031358274,0.9999946268591734,0.9999946268591752,-0.052980794639276185,0.05298248125187381,0.05298248125187319
-0.5753246085730997,0.2818356596526761,0.6490567055815598,0.11930414069400627,-0.28183365010805295,-0.6490581165590162,-0.47487085177765526,0.4748702306102203,0.2818324335652053,-0.11931055616423639,0.1193108404093916,-0.11930744200469187,-0.11931482379885469,-0.11932953328462806,0.11932803281519169,0.11933033688167133,-0.11932700970714882,-0.1193270097071499,0.9778620156240497,0.052665516691374,-0.9944453001780238,-0.9504278705697381,0.5654388853213694,0.9778618495343042,0.999999996030981,-0.9944453769763962,0.11931466928105339,0.1193191682965766,-0.9778616787640696,0.977862005960168,0.977862005960168,-0.11932344057113727,0.11932544611922004,0.11932544611921936
0.5118987504966742,-0.26283860273946924,-0.5654289094769812,-0.08661596242797602,0.2628365556101997,0.5654305232226143,0.4029837919313489,-0.40298307162491553,-0.26283533351140737,0.0866211589356537,-0.0866215055553327,0.0866186484437567,0.0866250407138935,0.08663864954125233,-0.08663724599277853,-0.08663939579566465,0.08663628351981911,0.08663628351982049,-0.9504265866540729,0.052676530156175704,0.977861821215497,0.9778626511471938,-0.64906575306685,-0.9944450887899757,-0.9944453769763962,0.9999999959259352,-0.08662482783430069,-0.08662901991850581,0.9944456789594776,-0.9944461044268523,-0.9944461044268539,0.0866329681692921,-0.08663482454932984,-0.08663482454932922
0.30899561295781386,-0.8090095222700194,0.3090437226021393,1.000006446913982,0.8090103995564273,-0.30904780682174415,-0.8090343771717052,0.8090346580280394,-0.8090111986685796,-1.0000111151359046,1.000010002814494,-1.0000089071897904,-1.0000094246941136,-1.0000069453373972,1.0000069843991743,1.0000071893175086,-1.000007346517762,-1.0000073465177615,0.18037193827792306,0.3103139102017812,-0.15067978375937657,-0.018736187825925673,-0.18364483392993194,0.05297337558829063,0.11931466928105339,-0.08662482783430069,1.0000000077571247,1.0000090837357656,-0.05297132786263993,0.05297059445485621,0.05297059445485565,-1.0000080334436379,1.0000077265968452,1.0000077265968446
0.30898954452470007,-0.8090046626260533,0.309048681866682,1.000004652292103,0.8090055399171949,-0.3090527660710964,-0.8090363330225914,0.8090366138784593,-0.8090063390319308,-1.000009320572537,1.0000082082540427,-1.0000071125973853,-1.0000076301691612,-1.0000051509320889,1.0000051899832525,1.0000053949171852,-1.0000055520936655,-1.0000055520936633,0.180376898538886,0.3103168238576821,-0.15068453978358198,-0.018739630424398947,-0.18364450078012898,0.05297721422394247,0.1193191682965766,-0.08662901991850581,1.0000090837357656,1.0000000051978526,-0.0529751664956702,0.05297443308856576,0.05297443308856523,-1.000005734284811,1.0000059321603063,1.0000059321603036
0.4427921438046808,-0.24092616982956605,-0.47552486794675936,-0.0529642240465237,0.2409241078337864,0.4755266665474255,0.32662230951284865,-0.32662149805884333,-0.24092289374212655,0.05296814390115054,-0.052968549051935654,0.052966264947936284,0.052971596744362054,0.05298395388822363,-0.05298266283700477,-0.052984634517622725,0.05298177167970986,0.05298177167971108,-0.9124435840516052,0.1574360044360669,0.9504260149806153,0.9944464308416728,-0.7254913992594697,-0.9999936031358274,-0.9778616787640696,0.9944456789594776,-0.05297132786263993,-0.0529751664956702,0.9999999960413778,-0.9999944629113051,-0.9999944629113033,0.05297874690693666,-0.05298043351740446,-0.05298043351740391
-0.4427920856535331,0.2409265871545288,0.4755243565329715,0.05296349064900058,-0.24092452515800805,-0.47552615513356306,-0.32662154017906675,0.3266207287238684,0.24092331106617848,-0.05296741049476098,0.05296781564675263,-0.05296553154590837,-0.052970863337614776,-0.05298322048139215,0.05298192943020486,0.05298390111058601,-0.052981038272703555,-0.05298103827270477,0.912443704943392,-0.15743693731221267,-0.9504262402744797,-0.9944470376462765,0.7254923689976818,0.9999946268591734,0.977862005960168,-0.9944461044268523,0.05297059445485621,0.05297443308856576,-0.9999944629113051,0.9999999967815894,0.9999954866388305,-0.0529780134998717,0.05297970011027648,0.05297970011027583
-0.44279208565353434,0.24092658715452958,0.47552435653297237,0.05296349064900003,-0.2409245251580089,-0.4755261551335634,-0.3266215401790668,0.3266207287238686,0.24092331106617937,-0.052967410494760434,0.05296781564675212,-0.052965531545907746,-0.05297086333761422,-0.0529832204813916,0.05298192943020428,0.05298390111058554,-0.052981038272703,-0.05298103827270422,0.9124437049433926,-0.15743693731221212,-0.9504262402744796,-0.9944470376462771,0.7254923689976812,0.9999946268591752,0.977862005960168,-0.9944461044268539,0.05297059445485565,0.05297443308856523,-0.9999944629113033,0.9999954866388305,0.9999999967815894,-0.05297801349987115,0.05297970011027591,0.05297970011027532
-0.30898395053038585,0.8090005561655768,-0.30905362665731406,-1.0000036019056806,-0.8090014334616067,0.3090577108495325,0.8090387398892444,-0.8090390207450222,0.8090022325792149,1.0000082702455617,-1.0000071579290577,1.000006062240968,1.0000070845843931,1.0000041007530756,-1.0000041397941561,-1.0000043447430724,1.000004501897009,1.0000045018970085,-0.1803816735728262,-0.3103198997666671,0.15068908867491473,0.0187428032822227,0.1836444397136487,-0.052980794639276185,-0.11932344057113727,0.0866329681692921,-1.0000080334436379,-1.000005734284811,0.05297874690693666,-0.0529780134998717,-0.05297801349987115,1.0000000037000325,-1.00000437724573,-1.0000043772457292
0.3089814608594397,-0.8089988277927376,0.3090559266467246,1.0000032950153936,0.8089997050912628,-0.30906001083427176,-0.8090399716882402,0.8090402525439694,-0.809000504210381,-1.0000079633829542,1.0000068510672002,-1.0000057553646715,-1.0000067777379464,-1.0000037939573487,1.000003832993811,1.0000040379496329,-1.0000036903869363,-1.0000041950932534,0.1803839092858983,0.31032131579505534,-0.15069122113642672,-0.018744301415840298,-0.18364438799896068,0.05298248125187381,0.11932544611922004,-0.08663482454932984,1.0000077265968452,1.0000059321603063,-0.05298043351740446,0.05297970011027648,0.05297970011027591,-1.00000437724573,1.0000000032624659,1.000004575143043
0.3089814608594396,-0.8089988277927364,0.30905592664672443,1.0000032950153925,0.8089997050912624,-0.30906001083427104,-0.8090399716882389,0.809040252543968,-0.8090005042103802,-1.0000079633829528,1.0000068510671982,-1.0000057553646708,-1.000006777737945,-1.0000037939573485,1.0000038329938081,1.0000040379496327,-1.000004195093252,-1.0000036903869367,0.1803839092858975,0.31032131579505473,-0.15069122113642622,-0.01874430141583975,-0.1836443879989607,0.05298248125187319,0.11932544611921936,-0.08663482454932922,1.0000077265968446,1.0000059321603036,-0.05298043351740391,0.05297970011027583,0.05297970011027532,-1.0000043772457292,1.000004575143043,1.0000000032624659
