1.0000000011543624,-1.0000054207490399,-1.0000023577450035,0.9999983693470014,0.9999998085008626,0.9999995423264505,0.9999995423264487,-0.5351693385837623,0.5349517052407773,0.5353518080395862,-0.5347049226943198,-0.5354936982951956,-0.999999221496161,0.9999991064019786,0.9385017283928693,-0.09022299548361737,-0.5356397608975015,0.5355907699055966,-0.9996317061043746,0.9980441220100258,0.9999662968885914,0.9908069979199717,-0.9853557541057684,-0.9990401190306972,-0.9999836141763127,-0.9999870490347249,-0.9999651794608134,-0.9703501321921709,0.6778883772415151,0.9996865010049637,-0.9385012766072924,-0.9999992214961613
-1.0000054207490399,1.0000000043124402,1.0000029385479565,-1.0000026778760653,-1.0000031767379425,-1.0000017158851076,-1.000001715885107,0.535042926913248,-0.5348252723279567,-0.5352254142250348,0.5345784658837884,0.5353673183930373,1.0000013900193565,-1.0000012732402546,-0.9384516450214214,0.09037361797433273,0.5355133954310909,-0.5354643995278093,0.9996297847557684,-0.9980557734675036,-0.9999671567439418,-0.9907887438449685,0.9853836812632967,0.9990489515630046,0.9999868070207298,0.9999883613373508,0.9999660370609235,0.9703157612096922,-0.6780009096103928,-0.9996925136248905,0.9384511928782538,1.0000013900193565
-1.0000023577450035,1.0000029385479565,0.9999999999376892,-0.9999970680791802,-0.9999993253501326,-1.0000003066601024,-1.0000003066601,0.5352798892854561,-0.5350622741953217,-0.5354623433977111,0.5348155121813774,0.5356042216981535,0.9999983891256041,-0.999998275497293,-0.9385462937480235,0.09009203918923925,0.5357502718943383,-0.5357012851240235,0.9996344318024414,-0.9980350368045603,-0.9999666031100024,-0.9908239248542393,0.9853324945975936,0.9990334875247988,0.999981890562811,0.9999869616192848,0.9999654876432569,0.970381060321226,-0.677791181472758,-0.9996823236889402,0.9385458422731036,0.9999983891256037
0.9999983693470014,-1.0000026778760653,-0.9999970680791802,1.0000000045173918,0.9999869261733063,0.9999956691539199,0.9999956691539187,-0.5323391878790581,0.5321210949697885,0.5325220436624598,-0.5318737955057894,-0.5326642349375745,-0.9999952367081442,0.9999950842665917,0.9373426260580994,-0.09355729557537722,-0.5328106099417022,0.5327615126275741,-0.9995370763806217,0.9982504566680863,0.9999333034006209,0.9903507640055841,-0.9859235487433938,-0.9991839119396345,-1.0000039385247346,-0.9999640842927683,-0.9999321360350705,-0.9695376838869009,0.6803477044112409,0.9997677484822329,-0.9373421663670131,-0.9999952367081454
0.9999998085008626,-1.0000031767379425,-0.9999993253501326,0.9999869261733063,1.0000000044790225,0.9999982696498408,0.9999982696498391,-0.537598924609323,0.5373816871889915,0.5377810612410496,-0.5371353499838246,-0.5379226921674868,-0.9999980447370023,0.9999979617375463,0.9394934678290754,-0.08735729862669138,-0.5380684856404999,0.5380195862401169,-0.9997084254086926,0.9978622193036406,0.999990048464863,0.9911944970659073,-0.9848632944586462,-0.9989119560761319,-0.999962923644597,-1.0000037835476037,-0.9999889739557717,-0.9710438330546217,0.675771871611142,0.9996120825750481,-0.9394930228393428,-0.9999980447370018
0.9999995423264505,-1.0000017158851076,-1.0000003066601024,0.9999956691539199,0.9999982696498408,0.9999999982173886,0.999997501528208,-0.5353258123263505,0.5351082050795833,0.5355082598457785,-0.5348614518902743,-0.5356501330095661,-0.999998788001982,0.999997073903696,0.9385641897895645,-0.0900370218899364,-0.535796177876347,0.5357471929189294,-0.9996347226304554,0.9980303739363463,0.999965878605062,0.9908301810809097,-0.9853218959808759,-0.9990298532121716,-0.9999803144626637,-0.9999860719534427,-0.9999647639619872,-0.9703932079450601,0.6777498265092204,0.9996797184358195,-0.9385637384453618,-0.9999971869169322
0.9999995423264487,-1.000001715885107,-1.0000003066601,0.9999956691539187,0.9999982696498391,0.999997501528208,0.9999999982173886,-0.5353258123263497,0.5351082050795831,0.5355082598457792,-0.5348614518902741,-0.5356501330095662,-0.9999971869169307,0.9999970739036954,0.9385641897895629,-0.09003702188993595,-0.5357961778763465,0.5357471929189292,-0.9996347226304546,0.9980303739363456,0.9999658786050616,0.9908301810809086,-0.9853218959808764,-0.9990298532121703,-0.9999803144626629,-0.9999860719534418,-0.9999647639619863,-0.9703932079450582,0.6777498265092202,0.9996797184358192,-0.9385637384453618,-0.9999987880019793
-0.5351693385837623,0.535042926913248,0.5352798892854561,-0.5323391878790581,-0.537598924609323,-0.5353258123263505,-0.5353258123263497,1.0000000015181119,-1.0000033833483288,-1.000003762385927,1.0000003305007577,1.0000020342725187,0.5353538011254101,-0.5353631622484307,-0.7939239302019369,-0.7930191911799378,1.000001265066606,-1.0000019113949388,0.5580267490073165,-0.4812463902571306,-0.5426549773848964,-0.6445424766422772,0.38327155746329616,0.4975576180706287,0.5296163143950192,0.5401358566128684,0.5426669794141759,0.723482750441238,0.2582489089437728,-0.5136829585248628,0.7939256833599894,0.5353538011254095
0.5349517052407773,-0.5348252723279567,-0.5350622741953217,0.5321210949697885,0.5373816871889915,0.5351082050795833,0.5351082050795831,-1.0000033833483288,1.0000000010723868,1.0000017602208562,-1.0000017273126751,-1.000001589938101,-0.5351361985312247,0.5351455612127242,0.7937671449002499,0.7931757337524046,-1.0000007761019025,1.000001437462949,-0.5578129480191821,0.48102057841764784,0.5424385729586707,0.6443454436188409,-0.3830336684066934,-0.49733415708740414,-0.5293977828835866,-0.5399190359209092,-0.5424505772814479,-0.723304797189303,-0.258497501848293,0.5134619246835491,-0.7937688984811158,-0.5351361985312251
0.5353518080395862,-0.5352254142250348,-0.5354623433977111,0.5325220436624598,0.5377810612410496,0.5355082598457785,0.5355082598457792,-1.000003762385927,1.0000017602208562,1.0000000015992672,-1.0000002455648542,-1.0000037518461298,-0.5355362447338713,0.5355456045468371,0.7940552783957732,0.7928876398644465,-1.0000014190026747,1.0000020527175557,-0.5582059970426356,0.48143573575481535,0.5428364137916817,0.6447076332336662,-0.3834710615408647,-0.49774498688631086,-0.5297995388883597,-0.5403176429357499,-0.5428484138935056,-0.7236318777943689,-0.25804025929206015,0.513868286698238,-0.7940570311986072,-0.5355362447338715
-0.5347049226943198,0.5345784658837884,0.5348155121813774,-0.5318737955057894,-0.5371353499838246,-0.5348614518902743,-0.5348614518902741,1.0000003305007577,-1.0000017273126751,-1.0000002455648542,0.9999999991682422,1.0000000263474327,0.5348894505757803,-0.5348988150104866,-0.7935905280448208,-0.793353594581178,0.9999991620206465,-0.9999998403879139,0.5575704768759974,-0.48076460051368197,-0.5421931727796935,-0.6441218507659499,0.3827641311459311,0.4970808214691254,0.5291499901053679,0.5396731674810731,0.5422051796844208,0.7231027060762789,0.258778468085974,-0.51321131785231,0.7935906810170941,0.5348894505757796
-0.5354936982951956,0.5353673183930373,0.5356042216981535,-0.5326642349375745,-0.5379226921674868,-0.5356501330095661,-0.5356501330095662,1.0000020342725187,-1.000001589938101,-1.0000037518461298,1.0000000263474327,1.0000000014899384,0.5356781148503982,-0.5356874736426265,-0.7941573536124396,-0.7927851635949427,1.00000138564177,-1.000003610627585,0.5583453773392777,-0.4815829842418122,-0.5429774991267924,-0.644836036291385,0.38362622901689064,0.4978906948980831,0.5299420174589469,0.5404590009123685,0.5429894977271011,0.7237477970527103,0.25787787777208515,-0.5140124044982883,0.7941591061386227,0.535678114850399
-0.999999221496161,1.0000013900193565,0.9999983891256041,-0.9999952367081442,-0.9999980447370023,-0.999998788001982,-0.9999971869169307,0.5353538011254101,-0.5351361985312247,-0.5355362447338713,0.5348894505757803,0.5356781148503982,0.9999999977692426,-0.9999983618606534,-0.9385753986981162,0.0900037927613541,0.5358241565550974,-0.5357751726736083,0.9996353117491128,-0.9980279671265455,-0.9999658539369488,-0.990834373553249,0.9853158948515074,0.9990280687343641,0.9999797748812852,0.9999859474287167,0.9999647397914488,0.970400954216804,-0.6777251013191843,-0.9996785564501687,0.9385749474327655,0.9999968734169784
0.9999991064019786,-1.0000012732402546,-0.999998275497293,0.9999950842665917,0.9999979617375463,0.999997073903696,0.9999970739036954,-0.5353631622484307,0.5351455612127242,0.5355456045468371,-0.5348988150104866,-0.5356874736426265,-0.9999983618606534,0.9999999976085969,0.9385791420188673,-0.08999267334224559,-0.5358335142881363,0.5357845307670405,-0.9996355011336705,0.9980271540628124,0.9999658379411677,0.9908357687158303,-0.9853138791991817,-0.999027463899968,-0.9999795865914529,-0.9999858980199887,-0.9999647239621707,-0.9704035386662254,0.6777168228333111,0.9996781599014055,-0.9385786907799046,-0.9999983618606542
0.9385017283928693,-0.9384516450214214,-0.9385462937480235,0.9373426260580994,0.9394934678290754,0.9385641897895645,0.9385641897895629,-0.7939239302019369,0.7937671449002499,0.7940552783957732,-0.7935905280448208,-0.7941573536124396,-0.9385753986981162,0.9385791420188673,0.9999999978132867,0.2591907555403769,-0.7942621694473547,0.794227171792489,-0.9475779622180299,0.9150529359169832,0.9415359018792726,0.9765877477659126,-0.865876802470492,-0.9224366848647836,-0.9362190890186463,-0.9405212012474405,-0.9415400031732007,-0.9941304497424753,0.38236414465554336,0.9294928168648887,-0.9999989276250808,-0.9385753986981156
-0.09022299548361737,0.09037361797433273,0.09009203918923925,-0.09355729557537722,-0.08735729862669138,-0.0900370218899364,-0.09003702188993595,-0.7930191911799378,0.7931757337524046,0.7928876398644465,-0.793353594581178,-0.7927851635949427,0.0900037927613541,-0.08999267334224559,0.2591907555403769,1.0000000043342279,-0.7926789212640168,0.7927150139270467,0.06300818696699327,-0.15238447379226638,-0.08137223217648885,0.045354737303356915,0.25874274542632303,0.13387242010867756,0.09675682163233744,0.08435714803845956,0.08135727637772291,-0.15317520625084294,-0.7933379977280782,-0.115327390021566,-0.2591931482602329,0.0900037927613543
-0.5356397608975015,0.5355133954310909,0.5357502718943383,-0.5328106099417022,-0.5380684856404999,-0.535796177876347,-0.5357961778763465,1.000001265066606,-1.0000007761019025,-1.0000014190026747,0.9999991620206465,1.00000138564177,0.5358241565550974,-0.5358335142881363,-0.7942621694473547,-0.7926789212640168,1.0000000005087724,-1.0000029279428855,0.5584888355492807,-0.48173460994388345,-0.5431227264256397,-0.644968112842375,0.38378608815077647,0.4980407207099855,0.5300886906357264,0.5406045111335503,0.5431347234690002,0.7238669422912449,0.25771016572166644,-0.5141607792199236,0.7942639216869557,0.5358241565550974
0.5355907699055966,-0.5354643995278093,-0.5357012851240235,0.5327615126275741,0.5380195862401169,0.5357471929189294,0.5357471929189292,-1.0000019113949388,1.000001437462949,1.0000020527175557,-0.9999998403879139,-1.000003610627585,-0.5357751726736083,0.5357845307670405,0.794227171792489,0.7927150139270467,-1.0000029279428855,1.0000000013870398,-0.5584407306452434,0.48168372425341216,0.5430740196873967,0.6449238751216368,-0.3837323912560973,-0.497990380226441,-0.5300394918337558,-0.5405557081231805,-0.5430860172598336,-0.7238270907896798,-0.25776675613223876,0.5141110011170354,-0.7942289241293029,-0.5357751726736083
-0.9996317061043746,0.9996297847557684,0.9996344318024414,-0.9995370763806217,-0.9997084254086926,-0.9996347226304554,-0.9996347226304546,0.5580267490073165,-0.5578129480191821,-0.5582059970426356,0.5575704768759974,0.5583453773392777,0.9996353117491128,-0.9996355011336705,-0.9475779622180299,0.06300818696699327,0.5584888355492807,-0.5584407306452434,1.0000000048662732,-0.9959682009301258,-0.9998404612325492,-0.9941347734633331,0.9803368749076984,0.9974720017211903,0.9994346092704757,0.9997778562698129,0.9998381502244126,0.9765880435017625,-0.6575728330491125,-0.9986279571512447,0.94757757505388,0.999635311749112
0.9980441220100258,-0.9980557734675036,-0.9980350368045603,0.9982504566680863,0.9978622193036406,0.9980303739363463,0.9980303739363456,-0.4812463902571306,0.48102057841764784,0.48143573575481535,-0.48076460051368197,-0.4815829842418122,-0.9980279671265455,0.9980271540628124,0.9150529359169832,-0.15238447379226638,-0.48173460994388345,0.48168372425341216,-0.9959682009301258,1.0000000059674616,0.9974528060016828,0.9803986707550129,-0.9941029272793773,-0.9998348947321904,-0.9984369020557486,-0.997660999763088,-0.9974507571362993,-0.9533214064267073,0.7225781341221531,0.999309202685298,-0.9150523371973031,-0.9980279671265454
0.9999662968885914,-0.9999671567439418,-0.9999666031100024,0.9999333034006209,0.999990048464863,0.999965878605062,0.9999658786050616,-0.5426549773848964,0.5424385729586707,0.5428364137916817,-0.5421931727796935,-0.5429774991267924,-0.9999658539369488,0.9999658379411677,0.9415359018792726,-0.08137223217648885,-0.5431227264256397,0.5430740196873967,-0.9998404612325492,0.9974528060016828,1.000000007062511,0.9919739733178842,-0.9838059446471216,-0.9986146994192578,-0.9998915977580686,-1.000005642008359,-1.0000105148608693,-0.9724631394708322,0.6713333312223457,0.9994270029226765,-0.9415354710897192,-0.999965853936948
0.9908069979199717,-0.9907887438449685,-0.9908239248542393,0.9903507640055841,0.9911944970659073,0.9908301810809097,0.9908301810809086,-0.6445424766422772,0.6443454436188409,0.6447076332336662,-0.6441218507659499,-0.644836036291385,-0.990834373553249,0.9908357687158303,0.9765877477659126,0.045354737303356915,-0.644968112842375,0.6449238751216368,-0.9941347734633331,0.9803986707550129,0.9919739733178842,1.0000000020620885,-0.953222332446708,-0.9839126399277396,-0.9899012977525259,-0.99158927861404,-0.9919748842617077,-0.9941327342159298,0.5721870849544176,0.9870804033222721,-0.9765876196559669,-0.9908343735532498
-0.9853557541057684,0.9853836812632967,0.9853324945975936,-0.9859235487433938,-0.9848632944586462,-0.9853218959808759,-0.9853218959808764,0.38327155746329616,-0.3830336684066934,-0.3834710615408647,0.3827641311459311,0.38362622901689064,0.9853158948515074,-0.9853138791991817,-0.865876802470492,0.25874274542632303,0.38378608815077647,-0.3837323912560973,0.9803368749076984,-0.9941029272793773,-0.9838059446471216,-0.953222332446708,1.0000000049695221,0.9918974560770687,0.9864571051931912,0.9843371912718296,0.9838022999080177,0.9149185896715516,-0.7933350341673219,-0.9893488459170394,0.8658743534821359,0.9853158948515063
-0.9990401190306972,0.9990489515630046,0.9990334875247988,-0.9991839119396345,-0.9989119560761319,-0.9990298532121716,-0.9990298532121703,0.4975576180706287,-0.49733415708740414,-0.49774498688631086,0.4970808214691254,0.4978906948980831,0.9990280687343641,-0.999027463899968,-0.9224366848647836,0.13387242010867756,0.4980407207099855,-0.497990380226441,0.9974720017211903,-0.9998348947321904,-0.9986146994192578,-0.9839126399277396,0.9918974560770687,1.0000000057680958,0.9993103122619614,0.9987669684601127,0.9986129280381058,0.9588025013036677,-0.7095217495812406,-0.9998351342188646,0.9224361298047555,0.9990280687343649
-0.9999836141763127,0.9999868070207298,0.999981890562811,-1.0000039385247346,-0.999962923644597,-0.9999803144626637,-0.9999803144626629,0.5296163143950192,-0.5293977828835866,-0.5297995388883597,0.5291499901053679,0.5299420174589469,0.9999797748812852,-0.9999795865914529,-0.9362190890186463,0.09675682163233744,0.5300886906357264,-0.5300394918337558,0.9994346092704757,-0.9984369020557486,-0.9998915977580686,-0.9899012977525259,0.9864571051931912,0.9993103122619614,1.00000000618812,0.9999304038600805,0.9998887813854132,0.9687465274912009,-0.6827005102891676,-0.9998357053579279,0.9362186217442908,0.9999797748812843
-0.9999870490347249,0.9999883613373508,0.9999869616192848,-0.9999640842927683,-1.0000037835476037,-0.9999860719534427,-0.9999860719534418,0.5401358566128684,-0.5399190359209092,-0.5403176429357499,0.5396731674810731,0.5404590009123685,0.9999859474287167,-0.9999858980199887,-0.9405212012474405,0.08435714803845956,0.5406045111335503,-0.5405557081231805,0.9997778562698129,-0.997660999763088,-1.000005642008359,-0.99158927861404,0.9843371912718296,0.9987669684601127,0.9999304038600805,1.000000005105065,1.0000030113439564,0.9717593003247988,-0.6735494213425333,-0.9995233356776261,0.9405207633749016,0.9999859474287179
-0.9999651794608134,0.9999660370609235,0.9999654876432569,-0.9999321360350705,-0.9999889739557717,-0.9999647639619872,-0.9999647639619863,0.5426669794141759,-0.5424505772814479,-0.5428484138935056,0.5422051796844208,0.5429894977271011,0.9999647397914488,-0.9999647239621707,-0.9415400031732007,0.08135727637772291,0.5431347234690002,-0.5430860172598336,0.9998381502244126,-0.9974507571362993,-1.0000105148608693,-0.9919748842617077,0.9838022999080177,0.9986129280381058,0.9998887813854132,1.0000030113439564,1.0000000056572809,0.9724656604374666,-0.6713216080855251,-0.9994255094378883,0.9415395724193627,0.9999647397914477
-0.9703501321921709,0.9703157612096922,0.970381060321226,-0.9695376838869009,-0.9710438330546217,-0.9703932079450601,-0.9703932079450582,0.723482750441238,-0.723304797189303,-0.7236318777943689,0.7231027060762789,0.7237477970527103,0.970400954216804,-0.9704035386662254,-0.9941304497424753,-0.15317520625084294,0.7238669422912449,-0.7238270907896798,0.9765880435017625,-0.9533214064267073,-0.9724631394708322,-0.9941327342159298,0.9149185896715516,0.9588025013036677,0.9687465274912009,0.9717593003247988,0.9724656604374666,1.0000000004393628,-0.48009118444509596,-0.9639446955408241,0.994128981082059,0.9704009542168043
0.6778883772415151,-0.6780009096103928,-0.677791181472758,0.6803477044112409,0.675771871611142,0.6777498265092204,0.6777498265092202,0.2582489089437728,-0.258497501848293,-0.25804025929206015,0.258778468085974,0.25787787777208515,-0.6777251013191843,0.6777168228333111,0.38236414465554336,-0.7933379977280782,0.25771016572166644,-0.25776675613223876,-0.6575728330491125,0.7225781341221531,0.6713333312223457,0.5721870849544176,-0.7933350341673219,-0.7095217495812406,-0.6827005102891676,-0.6735494213425333,-0.6713216080855251,-0.48009118444509596,1.00000000641009,0.6962273075335006,-0.38236210222815586,-0.6777251013191846
0.9996865010049637,-0.9996925136248905,-0.9996823236889402,0.9997677484822329,0.9996120825750481,0.9996797184358195,0.9996797184358192,-0.5136829585248628,0.5134619246835491,0.513868286698238,-0.51321131785231,-0.5140124044982883,-0.9996785564501687,0.9996781599014055,0.9294928168648887,-0.115327390021566,-0.5141607792199236,0.5141110011170354,-0.9986279571512447,0.999309202685298,0.9994270029226765,0.9870804033222721,-0.9893488459170394,-0.9998351342188646,-0.9998357053579279,-0.9995233356776261,-0.9994255094378883,-0.9639446955408241,0.6962273075335006,1.0000000059378735,-0.9294923056258754,-0.9996785564501687
-0.9385012766072924,0.9384511928782538,0.9385458422731036,-0.9373421663670131,-0.9394930228393428,-0.9385637384453618,-0.9385637384453618,0.7939256833599894,-0.7937688984811158,-0.7940570311986072,0.7935906810170941,0.7941591061386227,0.9385749474327655,-0.9385786907799046,-0.9999989276250808,-0.2591931482602329,0.7942639216869557,-0.7942289241293029,0.94757757505388,-0.9150523371973031,-0.9415354710897192,-0.9765876196559669,0.8658743534821359,0.9224361298047555,0.9362186217442908,0.9405207633749016,0.9415395724193627,0.994128981082059,-0.38236210222815586,-0.9294923056258754,0.9999999983717892,0.9385749474327654
-0.9999992214961613,1.0000013900193565,0.9999983891256037,-0.9999952367081454,-0.9999980447370018,-0.9999971869169322,-0.9999987880019793,0.5353538011254095,-0.5351361985312251,-0.5355362447338715,0.5348894505757796,0.535678114850399,0.9999968734169784,-0.9999983618606542,-0.9385753986981156,0.0900037927613543,0.5358241565550974,-0.5357751726736083,0.999635311749112,-0.9980279671265454,-0.999965853936948,-0.9908343735532498,0.9853158948515063,0.9990280687343649,0.9999797748812843,0.9999859474287179,0.9999647397914477,0.9704009542168043,-0.6777251013191846,-0.9996785564501687,0.9385749474327654,0.9999999977692426
