1.0000000027438698,-1.000012004146862,-1.0000120041468614,1.0000055595656885,1.0000055595656883,1.0266294386436055e-15,-1.0267386208716657e-15,1.027123702876376e-15,1.0265795131993046e-15,-1.0301535479713422e-15,1.0299475333501682e-15,-1.030153548085903e-15,-1.0293675208379121e-15,1.0286600095643417e-15,-1.027887902426271e-15,1.0278944838527042e-15,-1.00000746727042,-1.000007467270421,1.0000104354284935,1.0000104354284958,-1.0268261460178562e-15,-1.0265406367949565e-15,1.0266255324109166e-15
-1.000012004146862,1.000000003366214,1.0000047240800536,-1.0000137091624475,-1.000005974818566,-1.1431374255241256e-15,1.1432537917381326e-15,-1.143641211502836e-15,-1.1430936741598775e-15,1.1466678385274317e-15,-1.1464661132350048e-15,1.1466679469717666e-15,1.145885640398277e-15,-1.145176487158856e-15,1.1444033038167785e-15,-1.1443999807409915e-15,1.0000079221768965,1.0000078798925631,-1.0000108919633897,-1.0000108459813788,1.1433407282887744e-15,1.1430537513806466e-15,-1.1431388634270104e-15
-1.0000120041468614,1.0000047240800536,1.000000003366214,-1.0000059748185661,-1.0000137091624526,-1.171831154393186e-15,1.1719468771629326e-15,-1.1723346030703025e-15,-1.1717875697652489e-15,1.1753528870021413e-15,-1.1751509347014025e-15,1.1753527785520586e-15,1.1745736050660671e-15,-1.1738671868141539e-15,1.1730954545606415e-15,-1.1730937011821434e-15,1.0000078798925625,1.0000079221768985,-1.0000108459813772,-1.0000108919633912,1.1720349949969898e-15,1.1717481015407993e-15,-1.1718331384117972e-15
1.0000055595656885,-1.0000137091624475,-1.0000059748185661,1.0000000051859894,1.0000072235207027,-1.3726715572030079e-15,1.3725433200386485e-15,-1.372157224131154e-15,-1.372709417746426e-15,1.3691712346886223e-15,-1.369358818168757e-15,1.3691710386938662e-15,1.369933291304e-15,-1.3706354695360397e-15,1.3714009303714988e-15,-1.37141931778292e-15,-1.000016908758037,-1.0000091260183248,1.0000121822033226,1.0000120896785747,1.3724637927959241e-15,1.372751638056591e-15,-1.3726672864565859e-15
1.0000055595656883,-1.000005974818566,-1.0000137091624526,1.0000072235207027,1.0000000051859894,-6.590134051968369e-16,6.588932905341439e-16,-6.585145421109745e-16,-6.590554085580191e-16,6.555463714906576e-16,-6.55738085200045e-16,6.555465677047212e-16,6.563118984157354e-16,-6.570097320669962e-16,6.577677041734349e-16,-6.577790267494295e-16,-1.0000091260183226,-1.0000169087580357,1.0000120896785718,1.0000121822033248,6.588146632149069e-16,6.59095766911037e-16,-6.590135148257518e-16
1.0266294386436055e-15,-1.1431374255241256e-15,-1.171831154393186e-15,-1.3726715572030079e-15,-6.590134051968369e-16,0.9999999875487571,-0.9999874697679734,0.9999821127807904,0.9999799997723743,-1.0000048759560083,1.000000789526253,-1.0000048759560107,-0.9999976343513883,0.9999935410439127,-0.9999883563721846,0.9999931090491875,2.1275701586031395e-15,2.0045512283688845e-15,1.7545356869238157e-16,-1.1497653965644719e-15,-0.999981716785348,-0.9999803073823211,0.9999810008048563
-1.0267386208716657e-15,1.1432537917381326e-15,1.1719468771629326e-15,1.3725433200386485e-15,6.588932905341439e-16,-0.9999874697679734,0.9999999834048954,-0.9999868436850857,-0.9999848271355469,1.0000012750864355,-0.9999972365316595,1.0000012750864367,0.9999942077048782,-0.9999902666126738,0.9999852418959426,-0.999989995375038,-2.127446182365617e-15,-2.0044353154905405e-15,-1.7557472298934792e-16,1.1496528238947804e-15,0.9999787990148442,0.9999774402304281,-0.9999781173303627
1.027123702876376e-15,-1.143641211502836e-15,-1.1723346030703025e-15,-1.372157224131154e-15,-6.585145421109745e-16,0.9999821127807904,-0.9999868436850857,0.999999986472511,0.9999795145799039,-1.0000011918268588,0.9999972892276453,-1.0000011918268594,-0.999994647653375,0.9999911960508857,-0.9999944175674943,0.99999148279744,2.1270581254393086e-15,2.004060618035827e-15,1.7597095953189043e-16,-1.1492768042680672e-15,-0.999988722606097,-0.999979857827523,0.9999804792516026
1.0265795131993046e-15,-1.1430936741598775e-15,-1.1717875697652489e-15,-1.372709417746426e-15,-6.590554085580191e-16,0.9999799997723743,-0.9999848271355469,0.9999795145799039,0.9999999837431045,-1.0000025434869524,0.9999984447052953,-1.000002543486953,-0.9999952495229151,0.9999910992654718,-0.9999858417739322,0.9999905927452397,2.127610968798953e-15,2.00459348025125e-15,1.7540792049902902e-16,-1.1498121301025748e-15,-0.9999790826677863,-0.9999853459455221,0.9999783457824751
-1.0301535479713422e-15,1.1466678385274317e-15,1.1753528870021413e-15,1.3691712346886223e-15,6.555463714906576e-16,-1.0000048759560083,1.0000012750864355,-1.0000011918268588,-1.0000025434869524,0.9999999993987225,-1.0000046551906219,0.9999992053521404,0.9999990384152728,-1.0000010826491255,1.0000021437067879,-1.0000072951367582,-2.124050933664121e-15,-2.0011428722270327e-15,-1.7900344043729917e-16,1.1463559380115565e-15,1.0000027752767235,1.0000031136169176,-1.0000033145314378
1.0299475333501682e-15,-1.1464661132350048e-15,-1.1751509347014025e-15,-1.369358818168757e-15,-6.55738085200045e-16,1.000000789526253,-0.9999972365316595,0.9999972892276453,0.9999984447052953,-1.0000046551906219,0.9999999960852728,-1.0000046551906208,-1.0000039917617183,0.9999979132837518,-0.9999985608526775,1.0000036723352193,2.12424383555446e-15,2.0013340088734883e-15,1.7880746899514997e-16,-1.1465479619130907e-15,-0.9999987574893761,-0.9999990000144884,0.9999992265976382
-1.030153548085903e-15,1.1466679469717666e-15,1.1753527785520586e-15,1.3691710386938662e-15,6.555465677047212e-16,-1.0000048759560107,1.0000012750864367,-1.0000011918268594,-1.000002543486953,0.9999992053521404,-1.0000046551906208,0.9999999993987225,0.999999038415274,-1.000001082649127,1.0000021437067887,-1.0000072951367593,-2.1240506800937713e-15,-2.0011431257248695e-15,-1.7900372543480718e-16,1.146356222667172e-15,1.0000027752767242,1.000003113616919,-1.0000033145314386
-1.0293675208379121e-15,1.145885640398277e-15,1.1745736050660671e-15,1.369933291304e-15,6.563118984157354e-16,-0.9999976343513883,0.9999942077048782,-0.999994647653375,-0.9999952495229151,0.9999990384152728,-1.0000039917617183,0.999999038415274,0.9999999977786974,-1.0000050587317098,0.9999968300859033,-1.000001838971916,-2.1248203975350594e-15,-2.0018938303672463e-15,-1.7823213100964619e-16,1.1471067963604898e-15,0.9999957911900079,0.9999957622021243,-0.9999960616513288
1.0286600095643417e-15,-1.145176487158856e-15,-1.1738671868141539e-15,-1.3706354695360397e-15,-6.570097320669962e-16,0.9999935410439127,-0.9999902666126738,0.9999911960508857,0.9999910992654718,-1.0000010826491255,0.9999979132837518,-1.000001082649127,-1.0000050587317098,0.9999999973827207,-1.0000021875226037,0.9999993905416956,2.1255268797701897e-15,2.0025776568881783e-15,1.7752504536175024e-16,-1.1477888261433216e-15,-0.9999919344582077,-0.9999915587020868,0.9999919531663041
-1.027887902426271e-15,1.1444033038167785e-15,1.1730954545606415e-15,1.3714009303714988e-15,6.577677041734349e-16,-0.9999883563721846,0.9999852418959426,-0.9999944175674943,-0.9999858417739322,1.0000021437067879,-0.9999985608526775,1.0000021437067887,0.9999968300859033,-1.0000021875226037,0.9999999936628358,-1.000003708439105,-2.1262979677742087e-15,-2.0033234606098066e-15,-1.767478262427021e-16,1.1485342963555998e-15,0.9999870113881586,0.9999862422708572,-0.9999867474984113
1.0278944838527042e-15,-1.1443999807409915e-15,-1.1730937011821434e-15,-1.37141931778292e-15,-6.577790267494295e-16,0.9999931090491875,-0.999989995375038,0.99999148279744,0.9999905927452397,-1.0000072951367582,1.0000036723352193,-1.0000072951367593,-1.000001838971916,0.9999993905416956,-1.000003708439105,1.0000000005541352,2.126313291051713e-15,2.003327664272845e-15,1.7674297955209426e-16,-1.1485327672390447e-15,-0.9999917654782826,-0.9999909919076709,0.9999914974441867
-1.00000746727042,1.0000079221768965,1.0000078798925625,-1.000016908758037,-1.0000091260183226,2.1275701586031395e-15,-2.127446182365617e-15,2.1270581254393086e-15,2.127610968798953e-15,-2.124050933664121e-15,2.12424383555446e-15,-2.1240506800937713e-15,-2.1248203975350594e-15,2.1255268797701897e-15,-2.1262979677742087e-15,2.126313291051713e-15,1.000000007949063,1.000011026560088,-1.0000218235035705,-1.0000139891960607,-2.1273644549658694e-15,-2.1276535042691854e-15,2.1275686431111067e-15
-1.000007467270421,1.0000078798925631,1.0000079221768985,-1.0000091260183248,-1.0000169087580357,2.0045512283688845e-15,-2.0044353154905405e-15,2.004060618035827e-15,2.00459348025125e-15,-2.0011428722270327e-15,2.0013340088734883e-15,-2.0011431257248695e-15,-2.0018938303672463e-15,2.0025776568881783e-15,-2.0033234606098066e-15,2.003327664272845e-15,1.000011026560088,1.000000007949063,-1.00001398919606,-1.000021823503572,-2.0043539317083047e-15,-2.004633006836426e-15,2.004551145089723e-15
1.0000104354284935,-1.0000108919633897,-1.0000108459813772,1.0000121822033226,1.0000120896785718,1.7545356869238157e-16,-1.7557472298934792e-16,1.7597095953189043e-16,1.7540792049902902e-16,-1.7900344043729917e-16,1.7880746899514997e-16,-1.7900372543480718e-16,-1.7823213100964619e-16,1.7752504536175024e-16,-1.767478262427021e-16,1.7674297955209426e-16,-1.0000218235035705,-1.00001398919606,1.000000012219188,1.0000169514776212,-1.7566102512446854e-16,-1.7536631714551907e-16,1.7545376420939552e-16
1.0000104354284958,-1.0000108459813788,-1.0000108919633912,1.0000120896785747,1.0000121822033248,-1.1497653965644719e-15,1.1496528238947804e-15,-1.1492768042680672e-15,-1.1498121301025748e-15,1.1463559380115565e-15,-1.1465479619130907e-15,1.146356222667172e-15,1.1471067963604898e-15,-1.1477888261433216e-15,1.1485342963555998e-15,-1.1485327672390447e-15,-1.0000139891960607,-1.000021823503572,1.0000169514776212,1.000000012219188,1.1495711116391538e-15,1.149851116869669e-15,-1.1497686843815486e-15
-1.0268261460178562e-15,1.1433407282887744e-15,1.1720349949969898e-15,1.3724637927959241e-15,6.588146632149069e-16,-0.999981716785348,0.9999787990148442,-0.999988722606097,-0.9999790826677863,1.0000027752767235,-0.9999987574893761,1.0000027752767242,0.9999957911900079,-0.9999919344582077,0.9999870113881586,-0.9999917654782826,-2.1273644549658694e-15,-2.0043539317083047e-15,-1.7566102512446854e-16,1.1495711116391538e-15,0.9999999861680143,0.999979407190814,-0.9999877767397906
-1.0265406367949565e-15,1.1430537513806466e-15,1.1717481015407993e-15,1.372751638056591e-15,6.59095766911037e-16,-0.9999803073823211,0.9999774402304281,-0.999979857827523,-0.9999853459455221,1.0000031136169176,-0.9999990000144884,1.000003113616919,0.9999957622021243,-0.9999915587020868,0.9999862422708572,-0.9999909919076709,-2.1276535042691854e-15,-2.004633006836426e-15,-1.7536631714551907e-16,1.149851116869669e-15,0.999979407190814,0.9999999841776211,-0.9999863571437807
1.0266255324109166e-15,-1.1431388634270104e-15,-1.1718331384117972e-15,-1.3726672864565859e-15,-6.590135148257518e-16,0.9999810008048563,-0.9999781173303627,0.9999804792516026,0.9999783457824751,-1.0000033145314378,0.9999992265976382,-1.0000033145314386,-0.9999960616513288,0.9999919531663041,-0.9999867474984113,0.9999914974441867,2.1275686431111067e-15,2.004551145089723e-15,1.7545376420939552e-16,-1.1497686843815486e-15,-0.9999877767397906,-0.9999863571437807,0.9999999851846322
