0.9999999912380027,-0.9999906240772406,0.9999876690740622,-0.9999883857247269,0.999993078024293,-0.9999934040757857,0.9999930780243047,-0.9999934040757801,1.0000007232848103,-1.0000004426028806,-1.0000004426028803,-1.0000010962150623,0.9999896336432156,-0.9999904999526962,-0.9999883662534902,0.9999896336432117,-0.9999904999526967,-0.9999883662534953,0.9999957900081632,-0.9999978676781219,0.9999957900081621,-0.9999978676781209,0.9999926646597918,-0.9999912048444433,-0.9999941008930113,0.9999926646597953,-0.9999912048444525,-0.9999941008930208,-0.9999962952033398,0.9999953612767446,0.9999967974216145,0.9999967974216115,-0.9999962952033509,0.9999953612767419,0.9999967974216171,0.999996797421616,0.9999994690870321,0.9999994690870342,0.9999900063024201,0.9999917173548366,0.9999900063024189,0.999991717354837,-0.9999914176670387,-0.999991417667039,0.9999912110857758,0.9999912110857715,0.9999879822406099,0.9999879822406053,0.9999876522125632,0.9999876522125563,-0.9999874777795834,-0.9999874777795849,-0.9999871359826141,-0.9999871359826215,0.999987088881972,0.9999870888819652
-0.9999906240772406,0.9999999922564665,-0.9999883857247283,0.9999891023758881,-0.9999937946774425,0.9999941207292266,-0.9999937946774559,0.9999941207292192,-1.0000014399419561,1.0000011592599067,1.0000011592599076,1.0000018128723482,-0.9999903502950435,0.9999912166050045,0.9999890829046095,-0.9999903502950406,0.9999912166050056,0.9999890829046144,-0.9999965066628063,0.9999985843338409,-0.9999965066628035,0.999998584333842,-0.9999933813147114,0.9999919214977467,0.9999948175495419,-0.9999933813147157,0.9999919214977561,0.9999948175495509,0.9999970118624507,-0.9999960779347135,-0.9999975140812086,-0.9999975140812057,0.9999970118624639,-0.9999960779347107,-0.9999975140812101,-0.9999975140812101,-1.0000001857435785,-1.000000185743582,-0.9999929613071676,-0.9999924340076332,-0.9999907229546481,-0.9999924340076345,0.9999921343198415,0.9999921343198428,-0.9999919277387275,-0.9999919277387245,-0.999990937244036,-0.999988698891513,-0.99998836886326,-0.999988368863254,0.9999881944301972,0.9999881944302007,0.9999878526330149,0.9999878526330209,-0.9999878055323558,-0.9999878055323491
0.9999876690740622,-0.9999883857247283,0.9999999912380027,-0.9999906240772489,0.9999930780242974,-0.9999934040757916,0.9999930780243093,-0.9999934040757852,1.0000007232848154,-1.0000004426028843,-1.0000004426028857,-1.000001096215067,0.9999896336432205,-0.9999904999527008,-0.9999883662534944,0.9999896336432166,-0.9999904999527003,-0.9999883662535007,0.9999957900081686,-0.9999978676781255,0.9999957900081666,-0.9999978676781263,0.9999926646597961,-0.999991204844448,-0.999994100893017,0.999992664659801,-0.9999912048444562,-0.9999941008930254,-0.9999962952033443,0.9999953612767476,0.9999967974216176,0.9999967974216162,-0.9999962952033554,0.9999953612767466,0.9999967974216205,0.9999967974216213,0.9999994690870362,0.9999994690870381,0.9999900063024242,0.9999917173548414,0.9999900063024231,0.9999917173548414,-0.9999914176670419,-0.9999914176670425,0.9999912110857794,0.9999912110857762,0.9999879822406142,0.999987982240609,0.9999876522125679,0.9999876522125617,-0.9999874777795859,-0.9999874777795885,-0.999987135982619,-0.9999871359826239,0.9999870888819764,0.9999870888819701
-0.9999883857247269,0.9999891023758881,-0.9999906240772489,0.9999999922564665,-0.9999937946774476,0.9999941207292303,-0.9999937946774591,0.999994120729224,-1.00000143994196,1.00000115925991,1.0000011592599107,1.0000018128723531,-0.9999903502950487,0.9999912166050098,0.9999890829046125,-0.9999903502950449,0.999991216605009,0.9999890829046196,-0.9999965066628087,0.9999985843338451,-0.999996506662809,0.999998584333845,-0.9999933813147136,0.9999919214977498,0.9999948175495449,-0.9999933813147193,0.9999919214977601,0.9999948175495543,0.999997011862455,-0.9999960779347178,-0.9999975140812122,-0.9999975140812092,0.9999970118624666,-0.9999960779347156,-0.999997514081215,-0.999997514081215,-1.0000001857435825,-1.0000001857435852,-0.9999907229546527,-0.999992434007636,-0.9999929613071674,-0.9999924340076374,0.9999921343198442,0.9999921343198471,-0.9999919277387308,-0.9999919277387278,-0.9999886988915219,-0.999990937244035,-0.9999883688632641,-0.9999883688632576,0.9999881944302009,0.9999881944302039,0.9999878526330185,0.9999878526330244,-0.9999878055323596,-0.9999878055323518
0.999993078024293,-0.9999937946774425,0.9999930780242974,-0.9999937946774476,0.9999999989248465,-1.0000010513246547,0.9999984869156336,-0.9999988129721267,1.0000061321233316,-1.0000058514451777,-1.0000058514451788,-1.0000065050478963,0.9999950425884991,-0.9999959088935589,-0.999993775204284,0.9999950425884956,-0.9999959088935595,-0.9999937752042903,1.0000011988854045,-1.000003276540634,1.0000011988854036,-1.0000032765406341,0.9999980736807672,-0.999996613820662,-0.9999995099593623,0.9999980736807715,-0.9999966138206698,-0.9999995099593711,-1.0000017043466431,1.0000007703845613,1.0000022065758647,1.0000022065758618,-1.0000017043466551,1.000000770384559,1.000002206575867,1.0000022065758667,1.000004877937865,1.0000048779378663,0.9999954152580482,0.9999971262778622,0.9999954152580477,0.9999971262778637,-0.9999968266028129,-0.9999968266028143,0.9999966200393237,0.9999966200393196,0.9999933911933623,0.999993391193357,0.9999930611653359,0.9999930611653288,-0.9999928867341508,-0.9999928867341545,-0.9999925449372665,-0.9999925449372739,0.9999924978373799,0.9999924978373723
-0.9999934040757857,0.9999941207292266,-0.9999934040757916,0.9999941207292303,-1.0000010513246547,0.9999999993882202,-0.999998812972143,0.9999991390286276,-1.0000064581858112,1.0000061775073708,1.0000061775073714,1.00000683111078,-0.9999953686412087,0.9999962349468889,0.9999941012561273,-0.9999953686412054,0.9999962349468886,0.9999941012561329,-1.000003763296384,1.000003602600727,-1.0000015249438612,1.0000036026007268,-0.9999983997322596,0.9999969398730512,0.9999998360099247,-0.9999983997322653,0.9999969398730597,0.9999998360099341,1.0000020303955024,-1.0000010964342467,-1.0000025326245772,-1.000002532624574,1.0000020303955135,-1.000001096434244,-1.0000025326245796,-1.0000025326245803,-1.0000052039992307,-1.0000052039992329,-0.9999957413105753,-0.9999996906850152,-0.9999957413105736,-0.9999974523324934,0.9999971526568098,0.9999971526568128,-0.9999969460925544,-0.9999969460925507,-0.999993717244932,-0.9999937172449261,-0.999993387216728,-0.9999933872167234,0.9999932127853874,0.9999932127853894,0.9999928709883183,0.9999928709883241,-0.9999928238883796,-0.9999928238883705
0.9999930780243047,-0.9999937946774559,0.9999930780243093,-0.9999937946774591,0.9999984869156336,-0.999998812972143,0.9999999989248465,-1.0000010513246544,1.0000061321233409,-1.000005851445189,-1.0000058514451917,-1.0000065050479081,0.9999950425885095,-0.9999959088935705,-0.9999937752042966,0.9999950425885067,-0.9999959088935705,-0.9999937752043017,1.0000011988854174,-1.0000032765406452,1.0000011988854147,-1.0000032765406477,0.9999980736807781,-0.9999966138206746,-0.9999995099593734,0.9999980736807843,-0.9999966138206828,-0.9999995099593831,-1.0000017043466551,1.000000770384572,1.000002206575876,1.000002206575873,-1.0000017043466665,1.0000007703845715,1.0000022065758782,1.0000022065758785,1.0000048779378756,1.000004877937879,0.9999954152580602,0.9999971262778733,0.999995415258059,0.9999971262778743,-0.9999968266028246,-0.9999968266028267,0.9999966200393351,0.9999966200393312,0.999993391193374,0.999993391193368,0.9999930611653463,0.9999930611653405,-0.9999928867341621,-0.999992886734167,-0.999992544937279,-0.9999925449372842,0.9999924978373919,0.9999924978373848
-0.9999934040757801,0.9999941207292192,-0.9999934040757852,0.999994120729224,-0.9999988129721267,0.9999991390286276,-1.0000010513246544,0.9999999993882202,-1.0000064581858041,1.0000061775073645,1.0000061775073656,1.0000068311107737,-0.9999953686412022,0.9999962349468831,0.9999941012561212,-0.9999953686412003,0.9999962349468831,0.9999941012561271,-1.0000015249438576,1.0000036026007213,-1.0000037632963747,1.0000036026007202,-0.9999983997322539,0.9999969398730443,0.9999998360099197,-0.9999983997322586,0.999996939873053,0.9999998360099283,1.0000020303954962,-1.0000010964342405,-1.0000025326245718,-1.0000025326245696,1.0000020303955082,-1.0000010964342387,-1.0000025326245734,-1.0000025326245743,-1.0000052039992253,-1.0000052039992267,-0.9999957413105689,-0.9999974523324864,-0.9999957413105665,-0.9999996906850042,0.9999971526568042,0.9999971526568064,-0.999996946092548,-0.9999969460925445,-0.9999937172449269,-0.9999937172449205,-0.9999933872167234,-0.9999933872167169,0.9999932127853821,0.999993212785385,0.9999928709883132,0.9999928709883176,-0.9999928238883724,-0.9999928238883636
1.0000007232848103,-1.0000014399419561,1.0000007232848154,-1.00000143994196,1.0000061321233316,-1.0000064581858112,1.0000061321233409,-1.0000064581858041,1.000000009789742,-1.0000157349668015,-1.0000157349668002,-1.0000163885606317,1.0000026878473967,-1.0000035541493548,-1.0000014204667016,1.000002687847394,-1.0000035541493548,-1.0000014204667078,1.000008844083135,-1.0000109217265174,1.000008844083134,-1.0000109217265174,1.0000057190261755,-1.0000042591155374,-1.000007155355918,1.0000057190261804,-1.0000042591155451,-1.000007155355927,-1.0000093498294895,1.0000084158277602,1.0000098520713396,1.0000098520713367,-1.0000093498295,1.000008415827758,1.0000098520713425,1.0000098520713427,1.0000125231142636,1.0000125231142667,1.0000030605286947,1.0000047715168825,1.0000030605286925,1.0000047715168823,-1.0000044718548906,-1.0000044718548926,1.0000042653099959,1.0000042653099932,1.000001036457154,1.000001036457149,1.0000007064285326,1.000000706428527,-1.000000531998943,-1.000000531998946,-1.0000001902015065,-1.000000190201512,1.0000001431023358,1.0000001431023282
-1.0000004426028806,1.0000011592599067,-1.0000004426028843,1.00000115925991,-1.0000058514451777,1.0000061775073708,-1.000005851445189,1.0000061775073645,-1.0000157349668015,1.0000000093908632,1.0000132159393995,1.0000138695338292,-1.0000024071658509,1.000003273468112,1.0000011397847672,-1.0000024071658469,1.0000032734681117,1.0000011397847726,-1.0000085634059477,1.0000106410503062,-1.0000085634059472,1.0000106410503067,-1.000005438340221,1.0000039784322023,1.0000068746673056,-1.0000054383402264,1.000003978432211,1.000006874667314,1.0000090691363552,-1.0000081351367127,-1.0000095713775734,-1.0000095713775705,1.0000090691363668,-1.0000081351367118,-1.0000095713775743,-1.0000095713775745,-1.000014480791351,-1.0000122424388302,-1.0000027798465434,-1.0000044908367638,-1.0000027798465423,-1.0000044908367647,1.000004191173994,1.0000041911739972,-1.0000039846280244,-1.0000039846280209,-1.0000007557750838,-1.000000755775079,-1.0000004257464474,-1.0000004257464417,1.0000002513167427,1.0000002513167474,0.9999999095192854,0.9999999095192933,-0.9999998624200693,-0.9999998624200614
-1.0000004426028803,1.0000011592599076,-1.0000004426028857,1.0000011592599107,-1.0000058514451788,1.0000061775073714,-1.0000058514451917,1.0000061775073656,-1.0000157349668002,1.0000132159393995,1.0000000093908632,1.0000138695338305,-1.0000024071658506,1.0000032734681128,1.000001139784769,-1.0000024071658482,1.0000032734681128,1.0000011397847741,-1.0000085634059501,1.000010641050307,-1.0000085634059477,1.0000106410503085,-1.0000054383402226,1.0000039784322041,1.0000068746673072,-1.0000054383402281,1.000003978432213,1.0000068746673154,1.0000090691363568,-1.000008135136714,-1.0000095713775743,-1.0000095713775712,1.000009069136368,-1.0000081351367116,-1.0000095713775763,-1.0000095713775756,-1.0000122424388287,-1.0000144807913527,-1.0000027798465452,-1.0000044908367653,-1.000002779846544,-1.0000044908367651,1.000004191173996,1.000004191173998,-1.0000039846280249,-1.000003984628022,-1.0000007557750858,-1.0000007557750816,-1.000000425746451,-1.000000425746443,1.000000251316745,1.0000002513167483,0.9999999095192881,0.9999999095192936,-0.99999986242007,-0.9999998624200629
-1.0000010962150623,1.0000018128723482,-1.000001096215067,1.0000018128723531,-1.0000065050478963,1.00000683111078,-1.0000065050479081,1.0000068311107737,-1.0000163885606317,1.0000138695338292,1.0000138695338305,1.0000000103197115,-1.000003060777019,1.000003927078501,1.0000017933969283,-1.0000030607770158,1.0000039270785,1.0000017933969343,-1.000009217006199,1.000011294648087,-1.0000092170061956,1.000011294648087,-1.0000060919621276,1.000004632047711,1.0000075282957024,-1.0000060919621323,1.0000046320477192,1.0000075282957117,1.000009722775796,-1.000008788771051,-1.00001022501856,-1.000010225018557,1.0000097227758067,-1.000008788771049,-1.0000102250185616,-1.0000102250185618,-1.0000128960346555,-1.000012896034659,-1.0000034334591816,-1.0000051444443487,-1.0000034334591803,-1.0000051444443496,1.0000048447835044,1.0000048447835066,-1.0000046382401861,-1.0000046382401826,-1.0000014093875886,-1.0000014093875829,-1.0000010793590046,-1.0000010793589988,1.00000090492959,1.0000009049295935,1.0000005631321933,1.0000005631321998,-1.0000005160330951,-1.0000005160330863
0.9999896336432156,-0.9999903502950435,0.9999896336432205,-0.9999903502950487,0.9999950425884991,-0.9999953686412087,0.9999950425885095,-0.9999953686412022,1.0000026878473967,-1.0000024071658509,-1.0000024071658506,-1.000003060777019,0.9999999940299359,-0.999994702875578,-0.9999925691759668,0.9999915982134766,-0.9999924645230551,-0.9999903308234569,0.9999977545726149,-0.9999998322420669,0.9999977545726141,-0.9999998322420665,0.9999946292464811,-0.9999931694217574,-0.9999960654891629,0.9999946292464852,-0.9999931694217672,-0.9999960654891711,-0.999998259815295,0.9999973258814884,0.9999987620360065,0.9999987620360044,-0.999998259815306,0.9999973258814867,0.9999987620360095,0.9999987620360081,1.000001433650528,1.0000014336505323,0.9999919708748889,0.9999936819232724,0.9999919708748876,0.9999936819232741,-0.9999933822374206,-0.9999933822374225,0.9999931756590901,0.9999931756590862,0.9999899468105297,0.9999899468105248,0.9999896167821518,0.9999896167821465,-0.9999894423493135,-0.9999894423493175,-0.9999891005520171,-0.9999891005520214,0.9999890534514596,0.9999890534514515
-0.9999904999526962,0.9999912166050045,-0.9999904999527008,0.9999912166050098,-0.9999959088935589,0.9999962349468889,-0.9999959088935705,0.9999962349468831,-1.0000035541493548,1.000003273468112,1.0000032734681128,1.000003927078501,-0.999994702875578,0.9999999952610849,0.999991197133207,-0.9999924645230511,0.9999933308324418,0.9999911971332125,-0.9999986208770568,1.0000006985456236,-0.9999986208770548,1.0000006985456222,-0.9999954955648006,0.9999940357350089,0.9999969318126066,-0.9999954955648063,0.9999940357350185,0.9999969318126156,0.9999991261473559,-0.999998192209601,-0.9999996283693509,-0.9999996283693474,0.9999991261473689,-0.9999981922095992,-0.9999996283693536,-0.9999996283693525,-1.0000022999533724,-1.000002299953374,-0.99999507553817,-0.9999967865837112,-0.9999928371856469,-0.999994548231192,0.999994248546564,0.9999942485465656,-0.9999940419700025,-0.9999940419699994,-0.9999908131203702,-0.9999908131203659,-0.9999904830918925,-0.9999904830918869,0.9999903086591863,0.9999903086591881,0.9999899668617923,0.9999899668617983,-0.9999899197612996,-0.9999899197612907
-0.9999883662534902,0.9999890829046095,-0.9999883662534944,0.9999890829046125,-0.999993775204284,0.9999941012561273,-0.9999937752042966,0.9999941012561212,-1.0000014204667016,1.0000011397847672,1.000001139784769,1.0000017933969283,-0.9999925691759668,0.999991197133207,0.999999992228795,-0.9999903308234471,0.9999911971332061,0.9999890634333003,-0.9999964871889981,0.9999985648594594,-0.9999964871889965,0.9999985648594594,-0.9999933618442821,0.9999919020265859,0.9999947980798615,-0.9999933618442876,0.9999919020265948,0.9999947980798705,0.9999969923940716,-0.999996058465724,-0.9999974946129877,-0.9999974946129853,0.9999969923940832,-0.9999960584657226,-0.9999974946129893,-0.9999974946129909,-1.0000001662687443,-1.0000001662687463,-0.9999907034832191,-0.9999924145353071,-0.999990703483218,-0.9999924145353081,0.9999921148478188,0.9999921148478206,-0.9999919082670967,-0.9999919082670948,-0.9999909177728187,-0.9999886794202894,-0.9999905877445981,-0.9999883493920749,0.9999881749590788,0.9999881749590819,0.9999878331619441,0.9999878331619493,-0.9999877860613056,-0.999987786061299
0.9999896336432117,-0.9999903502950406,0.9999896336432166,-0.9999903502950449,0.9999950425884956,-0.9999953686412054,0.9999950425885067,-0.9999953686412003,1.000002687847394,-1.0000024071658469,-1.0000024071658482,-1.0000030607770158,0.9999915982134766,-0.9999924645230511,-0.9999903308234471,0.9999999940299359,-0.9999947028755715,-0.9999925691759725,0.9999977545726124,-0.9999998322420627,0.9999977545726105,-0.9999998322420635,0.9999946292464769,-0.9999931694217542,-0.9999960654891589,0.9999946292464825,-0.9999931694217629,-0.9999960654891679,-0.9999982598152918,0.9999973258814848,0.9999987620360027,0.9999987620360002,-0.9999982598153019,0.9999973258814826,0.9999987620360054,0.9999987620360055,1.000001433650525,1.000001433650528,0.9999919708748843,0.9999936819232691,0.9999919708748831,0.9999936819232704,-0.9999933822374171,-0.9999933822374196,0.9999931756590865,0.9999931756590827,0.9999899468105272,0.9999899468105211,0.9999896167821483,0.9999896167821426,-0.9999894423493083,-0.9999894423493128,-0.9999891005520122,-0.9999891005520174,0.9999890534514567,0.9999890534514483
-0.9999904999526967,0.9999912166050056,-0.9999904999527003,0.999991216605009,-0.9999959088935595,0.9999962349468886,-0.9999959088935705,0.9999962349468831,-1.0000035541493548,1.0000032734681117,1.0000032734681128,1.0000039270785,-0.9999924645230551,0.9999933308324418,0.9999911971332061,-0.9999947028755715,0.9999999952610849,0.999991197133213,-0.9999986208770559,1.0000006985456236,-0.9999986208770552,1.000000698545623,-0.9999954955648006,0.9999940357350099,0.9999969318126062,-0.999995495564806,0.9999940357350185,0.9999969318126154,0.9999991261473572,-0.9999981922096004,-0.9999996283693503,-0.999999628369348,0.9999991261473675,-0.999998192209598,-0.9999996283693525,-0.9999996283693525,-1.0000022999533726,-1.0000022999533744,-0.9999928371856478,-0.9999945482311899,-0.9999950755381662,-0.999996786583711,0.9999942485465624,0.9999942485465644,-0.9999940419700024,-0.9999940419700001,-0.9999908131203705,-0.9999908131203656,-0.9999904830918926,-0.9999904830918859,0.9999903086591855,0.9999903086591883,0.9999899668617923,0.9999899668617975,-0.9999899197612986,-0.9999899197612918
-0.9999883662534953,0.9999890829046144,-0.9999883662535007,0.9999890829046196,-0.9999937752042903,0.9999941012561329,-0.9999937752043017,0.9999941012561271,-1.0000014204667078,1.0000011397847726,1.0000011397847741,1.0000017933969343,-0.9999903308234569,0.9999911971332125,0.9999890634333003,-0.9999925691759725,0.999991197133213,0.999999992228795,-0.9999964871890042,0.9999985648594645,-0.9999964871890029,0.9999985648594645,-0.9999933618442891,0.9999919020265916,0.9999947980798666,-0.9999933618442932,0.9999919020265997,0.9999947980798753,0.999996992394077,-0.9999960584657299,-0.9999974946129938,-0.9999974946129923,0.9999969923940897,-0.9999960584657277,-0.9999974946129963,-0.9999974946129966,-1.0000001662687497,-1.0000001662687525,-0.9999907034832257,-0.9999924145353125,-0.9999907034832244,-0.9999924145353122,0.9999921148478237,0.9999921148478261,-0.9999919082671033,-0.9999919082670994,-0.9999886794203019,-0.9999909177728177,-0.9999883493920877,-0.9999905877445984,0.9999881749590851,0.9999881749590883,0.9999878331619497,0.9999878331619553,-0.9999877860613123,-0.9999877860613035
0.9999957900081632,-0.9999965066628063,0.9999957900081686,-0.9999965066628087,1.0000011988854045,-1.000003763296384,1.0000011988854174,-1.0000015249438576,1.000008844083135,-1.0000085634059477,-1.0000085634059501,-1.000009217006199,0.9999977545726149,-0.9999986208770568,-0.9999964871889981,0.9999977545726124,-0.9999986208770559,-0.9999964871890042,1.0000000027789393,-1.0000082268580759,1.0000039108531622,-1.0000059885055574,1.0000007856924418,-0.9999993258163561,-1.0000022219871965,1.0000007856924469,-0.999999325816364,-1.000002221987204,-1.0000044164016508,1.0000034824271111,1.0000049186349163,1.0000049186349136,-1.0000044164016617,1.0000034824271087,1.000004918634918,1.0000049186349178,1.000007589900496,1.0000075899004988,0.9999981272458957,0.999999838256694,0.9999981272458949,0.9999998382566958,-0.9999995385855187,-0.9999995385855206,0.9999993320276278,0.9999993320276264,0.9999961031783503,0.9999961031783459,0.9999957731500179,0.9999957731500119,-0.9999955987192564,-0.9999955987192599,-0.9999952569220708,-0.9999952569220782,0.9999952098223873,0.9999952098223795
-0.9999978676781219,0.9999985843338409,-0.9999978676781255,0.9999985843338451,-1.000003276540634,1.000003602600727,-1.0000032765406452,1.0000036026007213,-1.0000109217265174,1.0000106410503062,1.000010641050307,1.000011294648087,-0.9999998322420669,1.0000006985456236,0.9999985648594594,-0.9999998322420627,1.0000006985456236,0.9999985648594645,-1.0000082268580759,1.0000000057315757,-1.000005988505555,1.0000080661546213,-1.0000028633856637,1.0000014034956848,1.0000042996944827,-1.0000028633856697,1.0000014034956923,1.0000042996944927,1.0000064941326745,-1.000005560147226,-1.0000069963694116,-1.0000069963694076,1.0000064941326858,-1.0000055601472246,-1.000006996369413,-1.000006996369413,-1.0000119058994144,-1.0000096675468997,-1.000000204918574,-1.0000019159205997,-1.0000002049185732,-1.0000019159206013,1.0000016162530343,1.0000016162530379,-1.0000014097002803,-1.0000014097002783,-0.9999981808492022,-0.999998180849197,-0.9999978508207139,-0.9999978508207096,0.9999976763903982,0.9999976763904006,0.9999973345930734,0.9999973345930798,-0.999997287493587,-0.9999972874935802
0.9999957900081621,-0.9999965066628035,0.9999957900081666,-0.999996506662809,1.0000011988854036,-1.0000015249438612,1.0000011988854147,-1.0000037632963747,1.000008844083134,-1.0000085634059472,-1.0000085634059477,-1.0000092170061956,0.9999977545726141,-0.9999986208770548,-0.9999964871889965,0.9999977545726105,-0.9999986208770552,-0.9999964871890029,1.0000039108531622,-1.000005988505555,1.0000000027789393,-1.0000082268580743,1.0000007856924398,-0.9999993258163542,-1.0000022219871942,1.0000007856924449,-0.9999993258163632,-1.0000022219872031,-1.0000044164016493,1.0000034824271091,1.0000049186349136,1.0000049186349116,-1.0000044164016593,1.0000034824271058,1.0000049186349171,1.0000049186349171,1.0000075899004959,1.0000075899004968,0.999998127245893,0.9999998382566929,0.9999981272458922,0.9999998382566937,-0.9999995385855176,-0.9999995385855195,0.9999993320276273,0.9999993320276239,0.9999961031783497,0.9999961031783436,0.9999957731500165,0.9999957731500101,-0.9999955987192547,-0.9999955987192579,-0.9999952569220708,-0.9999952569220752,0.9999952098223839,0.9999952098223779
-0.9999978676781209,0.999998584333842,-0.9999978676781263,0.999998584333845,-1.0000032765406341,1.0000036026007268,-1.0000032765406477,1.0000036026007202,-1.0000109217265174,1.0000106410503067,1.0000106410503085,1.000011294648087,-0.9999998322420665,1.0000006985456222,0.9999985648594594,-0.9999998322420635,1.000000698545623,0.9999985648594645,-1.0000059885055574,1.0000080661546213,-1.0000082268580743,1.0000000057315757,-1.0000028633856646,1.0000014034956834,1.000004299694484,-1.0000028633856701,1.0000014034956926,1.0000042996944933,1.0000064941326756,-1.0000055601472275,-1.0000069963694116,-1.0000069963694078,1.0000064941326865,-1.0000055601472246,-1.0000069963694136,-1.0000069963694123,-1.0000096675468964,-1.0000119058994215,-1.0000002049185743,-1.0000019159205993,-1.0000002049185739,-1.0000019159206013,1.000001616253035,1.000001616253038,-1.0000014097002812,-1.0000014097002785,-0.999998180849202,-0.9999981808491955,-0.9999978508207146,-0.9999978508207091,0.9999976763903976,0.9999976763904009,0.9999973345930738,0.9999973345930785,-0.9999972874935866,-0.9999972874935796
0.9999926646597918,-0.9999933813147114,0.9999926646597961,-0.9999933813147136,0.9999980736807672,-0.9999983997322596,0.9999980736807781,-0.9999983997322539,1.0000057190261755,-1.000005438340221,-1.0000054383402226,-1.0000060919621276,0.9999946292464811,-0.9999954955648006,-0.9999933618442821,0.9999946292464769,-0.9999954955648006,-0.9999933618442891,1.0000007856924418,-1.0000028633856637,1.0000007856924398,-1.0000028633856646,0.9999999983374415,-0.9999984387969743,-1.000001334823161,0.9999976602488647,-0.9999962004444609,-0.9999990964706524,-1.000001290759718,1.0000003568435225,1.0000017929764455,1.0000017929764429,-1.0000012907597298,1.0000003568435198,1.0000017929764475,1.000001792976448,1.0000044648126671,1.0000044648126687,0.9999950019034141,0.9999967129851295,0.9999950019034132,0.9999967129851308,-0.9999964132887214,-0.9999964132887222,0.9999962066970695,0.999996206697067,0.9999929778274793,0.9999929778274739,0.9999926477968974,0.9999926477968918,-0.9999924733616841,-0.9999924733616892,-0.9999921315620558,-0.9999921315620617,0.9999920844606781,0.9999920844606699
-0.9999912048444433,0.9999919214977467,-0.999991204844448,0.9999919214977498,-0.999996613820662,0.9999969398730512,-0.9999966138206746,0.9999969398730443,-1.0000042591155374,1.0000039784322023,1.0000039784322041,1.000004632047711,-0.9999931694217574,0.9999940357350089,0.9999919020265859,-0.9999931694217542,0.9999940357350099,0.9999919020265916,-0.9999993258163561,1.0000014034956848,-0.9999993258163542,1.0000014034956834,-0.9999984387969743,0.9999999962628433,0.9999976366798342,-0.9999962004444574,0.9999947406268097,0.9999976366798441,0.9999998309928726,-0.9999988970653347,-1.000000333212288,-1.0000003332122847,0.9999998309928818,-0.9999988970653336,-1.0000003332122898,-1.00000033321229,-1.000003004911838,-1.0000030049118416,-0.9999957804341476,-0.999995253143354,-0.9999935420816294,-0.9999952531433545,0.999994953453378,0.9999949534533795,-0.9999969852224408,-0.9999947468699152,-0.9999915180120332,-0.9999915180120288,-0.9999911879826818,-0.9999911879826751,0.9999910135488701,0.9999910135488738,0.9999906717505458,0.9999906717505513,-0.9999906246496598,-0.9999906246496512
-0.9999941008930113,0.9999948175495419,-0.999994100893017,0.9999948175495449,-0.9999995099593623,0.9999998360099247,-0.9999995099593734,0.9999998360099197,-1.000007155355918,1.0000068746673056,1.0000068746673072,1.0000075282957024,-0.9999960654891629,0.9999969318126066,0.9999947980798615,-0.9999960654891589,0.9999969318126062,0.9999947980798666,-1.0000022219871965,1.0000042996944827,-1.0000022219871942,1.000004299694484,-1.000001334823161,0.9999976366798342,1.000000000378506,-0.9999990964706484,0.9999976366798426,1.0000005326784838,1.0000027269429799,-1.0000040313909289,-1.0000032291569365,-1.0000032291569334,1.0000027269429919,-1.000001793038405,-1.0000032291569392,-1.0000032291569376,-1.0000059011324647,-1.0000059011324685,-0.9999964381430763,-0.9999981492450994,-0.9999964381430752,-0.9999981492451003,0.9999978495421403,0.9999978495421428,-0.9999976429421404,-0.9999976429421374,-0.999994414060784,-0.9999944140607784,-0.9999940840289624,-0.9999940840289576,0.9999939095923318,0.9999939095923345,0.9999935677913875,0.9999935677913927,-0.9999935206895142,-0.9999935206895061
0.9999926646597953,-0.9999933813147157,0.999992664659801,-0.9999933813147193,0.9999980736807715,-0.9999983997322653,0.9999980736807843,-0.9999983997322586,1.0000057190261804,-1.0000054383402264,-1.0000054383402281,-1.0000060919621323,0.9999946292464852,-0.9999954955648063,-0.9999933618442876,0.9999946292464825,-0.999995495564806,-0.9999933618442932,1.0000007856924469,-1.0000028633856697,1.0000007856924449,-1.0000028633856701,0.9999976602488647,-0.9999962004444574,-0.9999990964706484,0.9999999983374415,-0.99999843879699,-1.000001334823175,-1.000001290759723,1.0000003568435283,1.0000017929764509,1.0000017929764489,-1.0000012907597342,1.000000356843526,1.0000017929764533,1.0000017929764544,1.0000044648126722,1.0000044648126745,0.9999950019034188,0.9999967129851346,0.9999950019034183,0.9999967129851357,-0.9999964132887268,-0.9999964132887282,0.9999962066970749,0.9999962066970713,0.9999929778274842,0.9999929778274788,0.9999926477969026,0.9999926477968969,-0.9999924733616897,-0.9999924733616938,-0.9999921315620609,-0.999992131562065,0.999992084460683,0.9999920844606749
-0.9999912048444525,0.9999919214977561,-0.9999912048444562,0.9999919214977601,-0.9999966138206698,0.9999969398730597,-0.9999966138206828,0.999996939873053,-1.0000042591155451,1.000003978432211,1.000003978432213,1.0000046320477192,-0.9999931694217672,0.9999940357350185,0.9999919020265948,-0.9999931694217629,0.9999940357350185,0.9999919020265997,-0.999999325816364,1.0000014034956923,-0.9999993258163632,1.0000014034956926,-0.9999962004444609,0.9999947406268097,0.9999976366798426,-0.99999843879699,0.9999999962628433,0.9999976366798532,0.999999830992881,-0.9999988970653442,-1.0000003332122969,-1.0000003332122938,0.9999998309928919,-0.9999988970653413,-1.000000333212299,-1.0000003332122984,-1.0000030049118478,-1.000003004911851,-0.9999935420816399,-0.9999952531433627,-0.9999957804341598,-0.9999952531433637,0.9999949534533872,0.9999949534533894,-0.9999947468699277,-0.9999969852224488,-0.9999915180120429,-0.9999915180120372,-0.9999911879826902,-0.9999911879826839,0.9999910135488793,0.9999910135488825,0.9999906717505547,0.9999906717505607,-0.9999906246496677,-0.9999906246496604
-0.9999941008930208,0.9999948175495509,-0.9999941008930254,0.9999948175495543,-0.9999995099593711,0.9999998360099341,-0.9999995099593831,0.9999998360099283,-1.000007155355927,1.000006874667314,1.0000068746673154,1.0000075282957117,-0.9999960654891711,0.9999969318126156,0.9999947980798705,-0.9999960654891679,0.9999969318126154,0.9999947980798753,-1.000002221987204,1.0000042996944927,-1.0000022219872031,1.0000042996944933,-0.9999990964706524,0.9999976366798441,1.0000005326784838,-1.000001334823175,0.9999976366798532,1.000000000378506,1.0000027269429885,-1.0000017930384175,-1.0000032291569454,-1.0000032291569434,1.000002726943,-1.000004031390937,-1.0000032291569467,-1.0000032291569476,-1.0000059011324745,-1.0000059011324762,-0.9999964381430848,-0.9999981492451094,-0.999996438143083,-0.9999981492451092,0.9999978495421498,0.9999978495421509,-0.9999976429421504,-0.9999976429421472,-0.9999944140607938,-0.9999944140607878,-0.9999940840289716,-0.999994084028966,0.9999939095923399,0.9999939095923426,0.9999935677913957,0.9999935677914019,-0.9999935206895231,-0.9999935206895147
-0.9999962952033398,0.9999970118624507,-0.9999962952033443,0.999997011862455,-1.0000017043466431,1.0000020303955024,-1.0000017043466551,1.0000020303954962,-1.0000093498294895,1.0000090691363552,1.0000090691363568,1.000009722775796,-0.999998259815295,0.9999991261473559,0.9999969923940716,-0.9999982598152918,0.9999991261473572,0.999996992394077,-1.0000044164016508,1.0000064941326745,-1.0000044164016493,1.0000064941326756,-1.000001290759718,0.9999998309928726,1.0000027269429799,-1.000001290759723,0.999999830992881,1.0000027269429885,1.0000000034968362,-1.000006225632652,-1.0000076617258395,-1.0000076617258367,1.0000049211643287,-1.0000039872801323,-1.0000054233733247,-1.0000054233733258,-1.0000080955891903,-1.000008095589194,-0.9999986324638729,-1.0000003436005465,-0.9999986324638721,-1.0000003436005487,1.0000000438863348,1.0000000438863368,-0.9999998372719473,-0.999999837271944,-0.9999966083711704,-0.999996608371165,-0.9999962783373022,-0.9999962783372961,0.9999961038982634,0.9999961038982664,0.9999957620951462,0.9999957620951527,-0.9999957149924233,-0.9999957149924158
0.9999953612767446,-0.9999960779347135,0.9999953612767476,-0.9999960779347178,1.0000007703845613,-1.0000010964342467,1.000000770384572,-1.0000010964342405,1.0000084158277602,-1.0000081351367127,-1.000008135136714,-1.000008788771051,0.9999973258814884,-0.999998192209601,-0.999996058465724,0.9999973258814848,-0.9999981922096004,-0.9999960584657299,1.0000034824271111,-1.000005560147226,1.0000034824271091,-1.0000055601472275,1.0000003568435225,-0.9999988970653347,-1.0000040313909289,1.0000003568435283,-0.9999988970653442,-1.0000017930384175,-1.000006225632652,1.0000000021696478,1.0000044894915012,1.0000044894915001,-1.0000039872801445,1.0000030533863264,1.0000044894915048,1.0000044894915057,1.0000071615952244,1.0000071615952253,0.9999976985325952,0.9999994096532248,0.9999976985325947,0.9999994096532266,-0.9999991099442473,-0.9999991099442501,0.9999989033365698,0.9999989033365668,0.9999956744445754,0.9999956744445707,0.9999953444116345,0.9999953444116285,-0.9999951699737071,-0.9999951699737107,-0.9999948281715736,-0.9999948281715799,0.9999947810692423,0.9999947810692353
0.9999967974216145,-0.9999975140812086,0.9999967974216176,-0.9999975140812122,1.0000022065758647,-1.0000025326245772,1.000002206575876,-1.0000025326245718,1.0000098520713396,-1.0000095713775734,-1.0000095713775743,-1.00001022501856,0.9999987620360065,-0.9999996283693509,-0.9999974946129877,0.9999987620360027,-0.9999996283693503,-0.9999974946129938,1.0000049186349163,-1.0000069963694116,1.0000049186349136,-1.0000069963694116,1.0000017929764455,-1.000000333212288,-1.0000032291569365,1.0000017929764509,-1.0000003332122969,-1.0000032291569454,-1.0000076617258395,1.0000044894915012,1.0000000042105452,1.0000059255818243,-1.0000054233733335,1.0000044894915006,1.0000059255818292,1.0000059255818288,1.0000085978286317,1.0000085978286342,0.999999134683992,1.000000845825431,0.9999991346839907,1.0000008458254332,-1.000000546109734,-1.0000005461097359,1.0000003394934838,1.00000033949348,0.9999971105895182,0.9999971105895109,0.999996780555317,0.9999967805553122,-0.9999966061159363,-0.9999966061159398,-0.9999962643124674,-0.9999962643124728,0.9999962172096274,0.9999962172096197
0.9999967974216115,-0.9999975140812057,0.9999967974216162,-0.9999975140812092,1.0000022065758618,-1.000002532624574,1.000002206575873,-1.0000025326245696,1.0000098520713367,-1.0000095713775705,-1.0000095713775712,-1.000010225018557,0.9999987620360044,-0.9999996283693474,-0.9999974946129853,0.9999987620360002,-0.999999628369348,-0.9999974946129923,1.0000049186349136,-1.0000069963694076,1.0000049186349116,-1.0000069963694078,1.0000017929764429,-1.0000003332122847,-1.0000032291569334,1.0000017929764489,-1.0000003332122938,-1.0000032291569434,-1.0000076617258367,1.0000044894915001,1.0000059255818243,1.0000000042105452,-1.0000054233733309,1.0000044894914961,1.000005925581827,1.0000059255818254,1.0000085978286293,1.0000085978286317,0.9999991346839894,1.000000845825429,0.9999991346839872,1.0000008458254304,-1.0000005461097314,-1.0000005461097328,1.0000003394934793,1.0000003394934778,0.9999971105895141,0.9999971105895087,0.9999967805553152,0.9999967805553088,-0.9999966061159347,-0.9999966061159368,-0.9999962643124651,-0.9999962643124706,0.9999962172096241,0.9999962172096154
-0.9999962952033509,0.9999970118624639,-0.9999962952033554,0.9999970118624666,-1.0000017043466551,1.0000020303955135,-1.0000017043466665,1.0000020303955082,-1.0000093498295,1.0000090691363668,1.000009069136368,1.0000097227758067,-0.999998259815306,0.9999991261473689,0.9999969923940832,-0.9999982598153019,0.9999991261473675,0.9999969923940897,-1.0000044164016617,1.0000064941326858,-1.0000044164016593,1.0000064941326865,-1.0000012907597298,0.9999998309928818,1.0000027269429919,-1.0000012907597342,0.9999998309928919,1.000002726943,1.0000049211643287,-1.0000039872801445,-1.0000054233733335,-1.0000054233733309,1.0000000034968362,-1.000006225632662,-1.0000076617258595,-1.000007661725857,-1.0000080955892021,-1.000008095589204,-0.9999986324638848,-1.0000003436005582,-0.9999986324638832,-1.0000003436005596,1.000000043886346,1.0000000438863474,-0.9999998372719587,-0.9999998372719562,-0.9999966083711808,-0.9999966083711772,-0.9999962783373126,-0.9999962783373065,0.9999961038982748,0.9999961038982775,0.9999957620951587,0.9999957620951646,-0.9999957149924348,-0.9999957149924273
0.9999953612767419,-0.9999960779347107,0.9999953612767466,-0.9999960779347156,1.000000770384559,-1.000001096434244,1.0000007703845715,-1.0000010964342387,1.000008415827758,-1.0000081351367118,-1.0000081351367116,-1.000008788771049,0.9999973258814867,-0.9999981922095992,-0.9999960584657226,0.9999973258814826,-0.999998192209598,-0.9999960584657277,1.0000034824271087,-1.0000055601472246,1.0000034824271058,-1.0000055601472246,1.0000003568435198,-0.9999988970653336,-1.000001793038405,1.000000356843526,-0.9999988970653413,-1.000004031390937,-1.0000039872801323,1.0000030533863264,1.0000044894915006,1.0000044894914961,-1.000006225632662,1.0000000021696478,1.0000044894915028,1.0000044894915026,1.0000071615952215,1.000007161595225,0.9999976985325938,0.9999994096532232,0.9999976985325925,0.9999994096532248,-0.9999991099442441,-0.9999991099442475,0.9999989033365674,0.9999989033365644,0.9999956744445746,0.999995674444568,0.9999953444116321,0.9999953444116264,-0.9999951699737042,-0.9999951699737074,-0.9999948281715723,-0.9999948281715767,0.999994781069241,0.9999947810692331
0.9999967974216171,-0.9999975140812101,0.9999967974216205,-0.999997514081215,1.000002206575867,-1.0000025326245796,1.0000022065758782,-1.0000025326245734,1.0000098520713425,-1.0000095713775743,-1.0000095713775763,-1.0000102250185616,0.9999987620360095,-0.9999996283693536,-0.9999974946129893,0.9999987620360054,-0.9999996283693525,-0.9999974946129963,1.000004918634918,-1.000006996369413,1.0000049186349171,-1.0000069963694136,1.0000017929764475,-1.0000003332122898,-1.0000032291569392,1.0000017929764533,-1.000000333212299,-1.0000032291569467,-1.0000054233733247,1.0000044894915048,1.0000059255818292,1.000005925581827,-1.0000076617258595,1.0000044894915028,1.0000000042105452,1.0000059255818305,1.0000085978286342,1.0000085978286375,0.9999991346839954,1.0000008458254348,0.9999991346839929,1.0000008458254348,-1.0000005461097357,-1.0000005461097379,1.0000003394934853,1.0000003394934827,0.9999971105895201,0.9999971105895141,0.9999967805553195,0.999996780555314,-0.9999966061159388,-0.9999966061159417,-0.9999962643124701,-0.999996264312476,0.9999962172096292,0.9999962172096212
0.999996797421616,-0.9999975140812101,0.9999967974216213,-0.999997514081215,1.0000022065758667,-1.0000025326245803,1.0000022065758785,-1.0000025326245743,1.0000098520713427,-1.0000095713775745,-1.0000095713775756,-1.0000102250185618,0.9999987620360081,-0.9999996283693525,-0.9999974946129909,0.9999987620360055,-0.9999996283693525,-0.9999974946129966,1.0000049186349178,-1.000006996369413,1.0000049186349171,-1.0000069963694123,1.000001792976448,-1.00000033321229,-1.0000032291569376,1.0000017929764544,-1.0000003332122984,-1.0000032291569476,-1.0000054233733258,1.0000044894915057,1.0000059255818288,1.0000059255818254,-1.000007661725857,1.0000044894915026,1.0000059255818305,1.0000000042105452,1.0000085978286346,1.0000085978286366,0.9999991346839954,1.0000008458254348,0.9999991346839932,1.0000008458254348,-1.0000005461097357,-1.0000005461097388,1.0000003394934842,1.0000003394934824,0.9999971105895188,0.9999971105895141,0.9999967805553203,0.9999967805553148,-0.9999966061159388,-0.9999966061159417,-0.9999962643124687,-0.9999962643124766,0.9999962172096282,0.9999962172096208
