1.000000006928804,-0.7960470197610051,-0.7960458880754173,0.26736633493977047,0.7960482254555908,0.26736264039279306,-0.796076944722953,0.2674004546260526,1.0000095911334388,-0.17960493788197227,0.2673347228383941,-0.7960208018692463,-0.17955843185122325,-0.1795529437790896,0.1795543522328307,0.17955228637413884,-0.17955728373401403,-0.17955364597812928,-0.179552943779093,0.17955435223282878,0.17955228637414264,-0.17955728373401691,0.1795530551403356,0.1795511767691886,-0.17957509855633766,-0.17952924270559234,0.09035320303707703,0.17950959331912653,-0.17949250580453638,0.17948541857144745,0.17948541857145076,-0.17948115262372105,-0.1794811526237198,-0.17956881104555264,0.09032697543870383,0.17956086989480932,0.1794797278688068
-0.7960470197610051,1.0000000055219784,0.2673656935605117,-0.796044757297156,-0.26736663927805837,0.37038031867310606,1.0000086393870624,-0.7960682175564313,-0.7960189224867656,0.7383770536182513,0.37040696135906764,0.26732450578183703,-0.4524723359389532,-0.4524746982525485,0.4524736655135221,0.4524751705964905,-0.4524713927337699,-0.45247425491587473,-0.4524746982525467,0.452473665513518,0.4524751705964883,-0.45247139273376935,0.4524747403693988,-0.7383400855409874,0.7383564296382772,0.7383251008541697,-0.6746952971404,-0.7383117951061507,0.7383003608176928,-0.7382956518530778,-0.73829565185308,0.7382928580445421,0.7382928580445398,-0.4524625630669508,0.5308672654059203,0.4524686407289467,-0.738291934568083
-0.7960458880754173,0.2673656935605117,1.0000000044414268,0.37037782228057664,-1.0000048612171633,-0.7960418259225766,0.2674098991967449,0.37034536123785583,-0.7960769743062635,-0.4524317433888056,-0.7960256216204173,1.0000049341689208,0.738344068564795,0.7383376934268259,-0.7383389030597035,-0.7383371191290519,0.7383412974659697,0.738338368047709,0.7383376934268298,-0.7383389030596964,-0.7383371191290562,0.7383412974659731,-0.7383379128398544,0.4524803673389735,-0.4524586260219846,-0.45250030345050796,0.5308459477456366,0.4525182811108878,-0.4525340515243537,0.452540626006777,0.4525406260067738,-0.45254462393133227,-0.4525446239313332,0.7383508202072199,-0.674675327832712,-0.7383442549179101,0.4525459687796991
0.26736633493977047,-0.796044757297156,0.37037782228057664,1.0000000031208083,-0.3703770539921665,-0.857035778953785,-0.796019449343588,1.0000050633404494,0.2673191870446606,-0.9959513799749982,-0.8570518787811077,0.37041671039798046,0.8999304993338764,0.8999287722694804,-0.8999285365156787,-0.8999288668760191,0.899927849560954,0.8999287686388169,0.8999287722694812,-0.8999285365156698,-0.8999288668760199,0.8999278495609548,-0.8999289506839337,0.9959462847943404,-0.9959467841791729,-0.9959443619739775,0.9838164042045846,0.9959428274884601,-0.9959417106520879,0.9959413008167656,0.9959413008167651,-0.9959411187857699,-0.9959411187857689,0.8999253193022072,-0.9355103129253582,-0.8999270542991202,0.9959410732882787
0.7960482254555908,-0.26736663927805837,-1.0000048612171633,-0.3703770539921665,1.0000000047666944,0.7960430519327024,-0.2674108449147125,-0.3703445929288863,0.796077711649309,0.45243102787204015,0.7960252475969021,-1.000005162366591,-0.7383436178792852,-0.7383372427375637,0.7383384523720787,0.738336668438831,-0.7383408467809153,-0.738337917359432,-0.7383372427375676,0.7383384523720716,0.7383366684388356,-0.7383408467809185,0.7383374621506237,-0.45247965185656447,0.4524579105245575,0.45249958798217815,-0.5308452908266029,-0.45251756565525025,0.452533336079794,-0.4525399105667543,-0.4525399105667519,0.45254390849405457,0.4525439084940551,-0.7383503695310907,0.674674804140646,0.7383438042358713,-0.4525452533433315
0.26736264039279306,0.37038031867310606,-0.7960418259225766,-0.857035778953785,0.7960430519327024,1.000000001906122,0.37033826467969566,-0.8570198180332275,0.267409717403785,0.899912487715425,1.000002246641939,-0.796068044299474,-0.995944800281319,-0.9959401386223447,0.99594065600157,0.9959398816991946,-0.9959415365889974,-0.9959405104738399,-0.9959401386223479,0.9959406560015601,0.9959398816991968,-0.995941536589001,0.9959403765843114,-0.8999361398787707,0.8999254477246026,0.8999459457226784,-0.9355025383119427,-0.8999549182303748,0.899962938493541,-0.8999663183699557,-0.8999663183699549,0.8999684174424556,0.8999684174424553,-0.9959435702449722,0.9838104342871116,0.9959426589311249,-0.8999691337952309
-0.796076944722953,1.0000086393870624,0.2674098991967449,-0.796019449343588,-0.2674108449147125,0.37033826467969566,1.0000000067918247,-0.7960397108719385,-0.7960456492023381,0.7383469390022497,0.3703649078886386,0.26736871186104105,-0.4524320478918213,-0.4524344104803819,0.4524333776969572,0.45243488284539735,-0.4524311048309977,-0.45243396711759654,-0.4524344104803803,0.45243337769695324,0.45243488284539557,-0.45243110483099586,0.4524344525863363,-0.7383099690560659,0.7383263139898448,0.7382949836020455,-0.674662218982149,-0.738281677159417,0.7382702422586929,-0.7382655330378168,-0.7382655330378189,0.7382627390726623,0.7382627390726598,-0.45242227481839253,0.5308290694915678,0.4524283527191416,-0.738261815543323
0.2674004546260526,-0.7960682175564313,0.37034536123785583,1.0000050633404494,-0.3703445929288863,-0.8570198180332275,-0.7960397108719385,1.000000004096033,0.26735330716216404,-0.9959472928702227,-0.8570327187304421,0.37038424997093466,0.899915757754947,0.8999140309068667,-0.8999137951041302,-0.8999141255362604,0.899913108048727,0.8999140272509183,0.8999140309068676,-0.8999137951041228,-0.8999141255362612,0.8999131080487287,-0.8999142093156413,0.9959437957788406,-0.9959458960269577,-0.9959418721744961,0.9838107653109418,0.9959403369848745,-0.9959392195342145,0.9959388094434956,0.9959388094434963,-0.995938627258208,-0.9959386272582059,0.8999105773921425,-0.9354985093288523,-0.8999123126633387,0.9959385817090465
1.0000095911334388,-0.7960189224867656,-0.7960769743062635,0.2673191870446606,0.796077711649309,0.267409717403785,-0.7960456492023381,0.26735330716216404,1.0000000067415902,-0.1795568167155609,0.26738180021812147,-0.7960486897227503,-0.17960650573509862,-0.17960101749831528,0.1796024259585028,0.1796003600897691,-0.17960535746412923,-0.17960171970612884,-0.17960101749831858,0.17960242595850118,0.17960036008977293,-0.17960535746413203,0.17960112887018528,0.17950305513700693,-0.17952697713817758,-0.17948112087660228,0.09030449864541448,0.17946147130359852,-0.17944438361539664,0.17943729630708954,0.17943729630709282,-0.17943303031081426,-0.17943303031081273,-0.17961688480170335,0.09037565594262044,0.17960894363241214,0.1794316055388997
-0.17960493788197227,0.7383770536182513,-0.4524317433888056,-0.9959513799749982,0.45243102787204015,0.899912487715425,0.7383469390022497,-0.9959472928702227,-0.1795568167155609,1.000000004396606,0.8999246845579078,-0.45246895332296244,-0.9355057954048741,-0.9355035199242704,0.9355034107211847,0.9355035551397356,-0.9355029830608811,-0.9355035817681246,-0.9355035199242718,0.9355034107211762,0.9355035551397378,-0.935502983060883,0.9355037124641741,-1.0000059869740745,1.000005897159169,1.000006071499358,-0.9959475489623754,-1.0000063392035068,1.0000067941375035,-1.0000070373271452,-1.000007037327145,1.0000072497166848,1.000007249716683,-0.9355014759796161,0.9634996742315329,0.9355025059416608,-1.0000073362688393
0.2673347228383941,0.37040696135906764,-0.7960256216204173,-0.8570518787811077,0.7960252475969021,1.000002246641939,0.3703649078886386,-0.8570327187304421,0.26738180021812147,0.8999246845579078,1.0000000012962438,-0.7960486409729296,-0.9959453703007257,-0.9959423087712482,0.9959428261128443,0.9959420518654838,-0.9959437066202188,-0.9959426806049069,-0.9959423087712507,0.9959428261128349,0.9959420518654873,-0.9959437066202217,0.9959425467317402,-0.8999483352934918,0.8999376437734384,0.899958140556246,-0.9355123323536697,-0.8999671125449847,0.8999751323586612,-0.8999785120491384,-0.8999785120491383,0.8999806110102331,0.8999806110102316,-0.9959473399703874,0.9838151842386943,0.9959448288646584,-0.8999813273259231
-0.7960208018692463,0.26732450578183703,1.0000049341689208,0.37041671039798046,-1.000005162366591,-0.796068044299474,0.26736871186104105,0.37038424997093466,-0.7960486897227503,-0.45246895332296244,-0.7960486409729296,1.0000000025917242,0.7383716941073944,0.7383653190006304,-0.738366528600817,-0.7383647447176491,0.7383689229326755,0.7383659936090409,0.7383653190006341,-0.7383665286008101,-0.7383647447176539,0.7383689229326791,-0.7383655384179001,0.45251757615824534,-0.4524958353329334,-0.4525375118195328,0.5308811769738685,0.4525554890836133,-0.45257125916024027,0.4525778335051531,0.4525778335051508,-0.4525818313491667,-0.45258183134916746,0.7383784453866127,-0.674705735482469,-0.7383718802949075,0.4525831761711656
-0.17955843185122325,-0.4524723359389532,0.738344068564795,0.8999304993338764,-0.7383436178792852,-0.995944800281319,-0.4524320478918213,0.899915757754947,-0.17960650573509862,-0.9355057954048741,-0.9959453703007257,0.7383716941073944,1.0000000017761543,0.9999982460153802,-0.9999986426724657,-0.9999980451173818,0.9999992678893899,0.9999985600616056,0.9999982460153825,-0.9999986426724576,-0.9999980451173842,0.9999992678893915,-0.9999984785531608,0.9355249211994664,-0.9355162396101208,-0.9355328835861975,0.9635044970165045,0.9355402085860197,-0.9355468006923474,0.9355495893416205,0.9355495893416202,-0.9355513338947695,-0.9355513338947677,1.0000019009562575,-0.9959464930231853,-1.0000000787751107,0.935551932163947
-0.1795529437790896,-0.4524746982525485,0.7383376934268259,0.8999287722694804,-0.7383372427375637,-0.9959401386223447,-0.4524344104803819,0.8999140309068667,-0.17960101749831528,-0.9355035199242704,-0.9959423087712482,0.7383653190006304,0.9999982460153802,0.9999999957242381,-0.9999927961550407,-0.999992198616652,0.99999502135646,0.9999943135579906,0.9999939995176174,-0.9999943961632838,-0.9999937986249076,0.9999950213564623,-0.9999942320540253,0.9355226453736281,-0.9355139639426308,-0.9355306076149954,0.9635016913748624,0.9355379324836666,-0.9355445244750816,0.9355473130762537,0.9355473130762523,-0.9355490576002452,-0.9355490576002433,0.9999976543292642,-0.995944295817459,-0.9999958322130327,0.935549655859625
0.1795543522328307,0.4524736655135221,-0.7383389030597035,-0.8999285365156787,0.7383384523720787,0.99594065600157,0.4524333776969572,-0.8999137951041302,0.1796024259585028,0.9355034107211847,0.9959428261128443,-0.738366528600817,-0.9999986426724657,-0.9999927961550407,0.9999999962895141,0.9999941952697959,-0.9999938180002997,-0.9999931101962521,-0.9999943961632958,0.9999947928108786,0.9999941952697988,-0.9999954180085571,0.9999946286998767,-0.9355225362486083,0.935513854782431,0.9355304985221918,-0.9635017096556697,-0.9355378234197925,0.9355444154363931,-0.9355472040481144,-0.9355472040481145,0.9355489485784447,0.9355489485784434,-0.9999980509994738,0.9959445685748166,0.9999962288706403,-0.9355495468399441
0.17955228637413884,0.4524751705964905,-0.7383371191290519,-0.8999288668760191,0.738336668438831,0.9959398816991946,0.45243488284539735,-0.8999141255362604,0.1796003600897691,0.9355035551397356,0.9959420518654838,-0.7383647447176491,-0.9999980451173818,-0.999992198616652,0.9999941952697959,0.9999999954379386,-0.9999948204609014,-0.9999941126649852,-0.9999937986249078,0.9999941952697871,0.9999935977324782,-0.9999948204609029,0.9999940311612355,-0.9355226805526065,0.9355139991381033,0.9355306427788797,-0.963501666891589,-0.9355379676339739,0.9355445596135675,-0.9355473482097496,-0.9355473482097486,0.9355490927307497,0.9355490927307489,-0.9999974534252649,0.9959441525556794,0.9999956313149493,-0.9355496909891278
-0.17955728373401403,-0.4524713927337699,0.7383412974659697,0.899927849560954,-0.7383408467809153,-0.9959415365889974,-0.4524311048309977,0.899913108048727,-0.17960535746412923,-0.9355029830608811,-0.9959437066202188,0.7383689229326755,0.9999992678893899,0.99999502135646,-0.9999938180002997,-0.9999948204609014,0.9999999971805146,0.9999953353998605,0.9999950213564621,-0.9999954180085465,-0.9999948204609032,0.9999960432157978,-0.9999952538933813,0.9355221087494258,-0.9355134272108819,-0.9355300710893162,0.9635015448570841,0.935537396046314,-0.9355439881145594,0.9355467767477297,0.93554677674773,-0.9355485212909661,-0.935548521290965,0.9999986762445638,-0.9959449334340525,-0.999995254081352,0.9355491195567763
-0.17955364597812928,-0.45247425491587473,0.738338368047709,0.8999287686388169,-0.738337917359432,-0.9959405104738399,-0.45243396711759654,0.8999140272509183,-0.17960171970612884,-0.9355035817681246,-0.9959426806049069,0.7383659936090409,0.9999985600616056,0.9999943135579906,-0.9999931101962521,-0.9999941126649852,0.9999953353998605,0.9999999961717888,0.9999943135579927,-0.9999931101962416,-0.9999941126649889,0.9999953353998643,-0.9999929460862509,0.9355227072573883,-0.9355140258083452,-0.9355306695152686,0.9635018182156774,0.9355379943988081,-0.9355445864031917,0.9355473750098396,0.9355473750098386,-0.9355491195371194,-0.9355491195371193,0.9999979683816679,-0.9959445495302144,-0.9999961462591224,0.9355497177976024
-0.179552943779093,-0.4524746982525467,0.7383376934268298,0.8999287722694812,-0.7383372427375676,-0.9959401386223479,-0.4524344104803803,0.8999140309068676,-0.17960101749831858,-0.9355035199242718,-0.9959423087712507,0.7383653190006341,0.9999982460153825,0.9999939995176174,-0.9999943961632958,-0.9999937986249078,0.9999950213564621,0.9999943135579927,0.9999999957242379,-0.9999927961550339,-0.9999921986166591,0.9999950213564652,-0.999994232054027,0.9355226453736284,-0.9355139639426315,-0.9355306076149977,0.9635016913748642,0.9355379324836669,-0.9355445244750821,0.9355473130762539,0.9355473130762539,-0.9355490576002455,-0.9355490576002444,0.9999976543292667,-0.9959442958174607,-0.9999958322130351,0.935549655859625
0.17955435223282878,0.452473665513518,-0.7383389030596964,-0.8999285365156698,0.7383384523720716,0.9959406560015601,0.45243337769695324,-0.8999137951041228,0.17960242595850118,0.9355034107211762,0.9959428261128349,-0.7383665286008101,-0.9999986426724576,-0.9999943961632838,0.9999947928108786,0.9999941952697871,-0.9999954180085465,-0.9999931101962416,-0.9999927961550339,0.9999999962895141,0.9999941952697887,-0.9999938180002905,0.9999946286998673,-0.9355225362485996,0.9355138547824224,0.9355304985221834,-0.9635017096556615,-0.935537823419784,0.9355444154363849,-0.9355472040481057,-0.9355472040481055,0.935548948578436,0.9355489485784347,-0.9999980509994647,0.9959445685748068,0.9999962288706308,-0.9355495468399351
0.17955228637414264,0.4524751705964883,-0.7383371191290562,-0.8999288668760199,0.7383366684388356,0.9959398816991968,0.45243488284539557,-0.8999141255362612,0.17960036008977293,0.9355035551397378,0.9959420518654873,-0.7383647447176539,-0.9999980451173842,-0.9999937986249076,0.9999941952697988,0.9999935977324782,-0.9999948204609032,-0.9999941126649889,-0.9999921986166591,0.9999941952697887,0.9999999954379386,-0.999994820460906,0.999994031161238,-0.9355226805526089,0.9355139991381057,0.9355306427788821,-0.9635016668915909,-0.9355379676339758,0.9355445596135697,-0.9355473482097508,-0.9355473482097504,0.9355490927307505,0.9355490927307508,-0.9999974534252675,0.9959441525556815,0.9999956313149518,-0.9355496909891289
-0.17955728373401691,-0.45247139273376935,0.7383412974659731,0.8999278495609548,-0.7383408467809185,-0.995941536589001,-0.45243110483099586,0.8999131080487287,-0.17960535746413203,-0.935502983060883,-0.9959437066202217,0.7383689229326791,0.9999992678893915,0.9999950213564623,-0.9999954180085571,-0.9999948204609029,0.9999960432157978,0.9999953353998643,0.9999950213564652,-0.9999938180002905,-0.999994820460906,0.9999999971805146,-0.9999952538933843,0.9355221087494269,-0.9355134272108829,-0.9355300710893162,0.9635015448570853,0.935537396046314,-0.9355439881145606,0.9355467767477325,0.935546776747731,-0.9355485212909664,-0.9355485212909656,0.999998676244565,-0.9959449334340534,-0.9999952540813556,0.9355491195567776
0.1795530551403356,0.4524747403693988,-0.7383379128398544,-0.8999289506839337,0.7383374621506237,0.9959403765843114,0.4524344525863363,-0.8999142093156413,0.17960112887018528,0.9355037124641741,0.9959425467317402,-0.7383655384179001,-0.9999984785531608,-0.9999942320540253,0.9999946286998767,0.9999940311612355,-0.9999952538933813,-0.9999929460862509,-0.999994232054027,0.9999946286998673,0.999994031161238,-0.9999952538933843,0.999999996055635,-0.9355228379216914,0.9355141564870086,0.935530800166402,-0.9635018964833862,-0.9355381250380709,0.9355447170321172,-0.9355475056343759,-0.9355475056343763,0.9355492501590348,0.9355492501590342,-0.9999978868676201,0.995944521046779,0.9999960647503925,-0.9355498484186408
0.1795511767691886,-0.7383400855409874,0.4524803673389735,0.9959462847943404,-0.45247965185656447,-0.8999361398787707,-0.7383099690560659,0.9959437957788406,0.17950305513700693,-1.0000059869740745,-0.8999483352934918,0.45251757615824534,0.9355249211994664,0.9355226453736281,-0.9355225362486083,-0.9355226805526065,0.9355221087494258,0.9355227072573883,0.9355226453736284,-0.9355225362485996,-0.9355226805526089,0.9355221087494269,-0.9355228379216914,1.0000000041377892,-1.0000041157035904,-1.0000042925985193,0.9959538812865545,1.0000061614082196,-1.0000066172988895,1.0000068608862271,1.0000068608862267,-1.0000070735157944,-1.0000070735157924,0.9355206023030516,-0.9635141200306159,-0.9355216318275494,1.0000071601482752
-0.17957509855633766,0.7383564296382772,-0.4524586260219846,-0.9959467841791729,0.4524579105245575,0.8999254477246026,0.7383263139898448,-0.9959458960269577,-0.17952697713817758,1.000005897159169,0.8999376437734384,-0.4524958353329334,-0.9355162396101208,-0.9355139639426308,0.935513854782431,0.9355139991381033,-0.9355134272108819,-0.9355140258083452,-0.9355139639426315,0.9355138547824224,0.9355139991381057,-0.9355134272108829,0.9355141564870086,-1.0000041157035904,1.0000000040083143,1.0000058009138988,-0.9959500021574449,-1.000006069225617,1.0000065246892662,-1.000006768099107,-1.000006768099107,1.0000069806215244,1.0000069806215226,-0.9355119204795499,0.9635075187549446,0.9355129502003745,-1.000007067218145
-0.17952924270559234,0.7383251008541697,-0.45250030345050796,-0.9959443619739775,0.45249958798217815,0.8999459457226784,0.7382949836020455,-0.9959418721744961,-0.17948112087660228,1.000006071499358,0.899958140556246,-0.4525375118195328,-0.9355328835861975,-0.9355306076149954,0.9355304985221918,0.9355306427788797,-0.9355300710893162,-0.9355306695152686,-0.9355306076149977,0.9355304985221834,0.9355306427788821,-0.9355300710893162,0.935530800166402,-1.0000042925985193,1.0000058009138988,1.0000000042603479,-0.9959559732296122,-1.0000046480964677,1.0000067043866763,-1.000006948136561,-1.0000069481365612,1.0000071608642405,1.0000071608642391,-0.9355285649043295,0.9635201749892027,0.9355295942487231,-1.0000072475295585
0.09035320303707703,-0.6746952971404,0.5308459477456366,0.9838164042045846,-0.5308452908266029,-0.9355025383119427,-0.674662218982149,0.9838107653109418,0.09030449864541448,-0.9959475489623754,-0.9355123323536697,0.5308811769738685,0.9635044970165045,0.9635016913748624,-0.9635017096556697,-0.963501666891589,0.9635015448570841,0.9635018182156774,0.9635016913748642,-0.9635017096556615,-0.9635016668915909,0.9635015448570853,-0.9635018964833862,0.9959538812865545,-0.9959500021574449,-0.9959559732296122,1.0000000043107828,0.995958041631972,-0.9959600652388021,0.9959609597270684,0.9959609597270684,-0.9959615649629453,-0.9959615649629445,0.963501073566338,-0.9836808530791344,-0.9635013898711839,0.995961782912404
0.17950959331912653,-0.7383117951061507,0.4525182811108878,0.9959428274884601,-0.45251756565525025,-0.8999549182303748,-0.738281677159417,0.9959403369848745,0.17946147130359852,-1.0000063392035068,-0.8999671125449847,0.4525554890836133,0.9355402085860197,0.9355379324836666,-0.9355378234197925,-0.9355379676339739,0.935537396046314,0.9355379943988081,0.9355379324836669,-0.935537823419784,-0.9355379676339758,0.935537396046314,-0.9355381250380709,1.0000061614082196,-1.000006069225617,-1.0000046480964677,0.995958041631972,1.0000000046443533,-1.0000053743823185,1.000007218286104,1.0000072182861046,-1.0000074311017038,-1.0000074311017026,0.9355358900957599,-0.96352579361496,-0.9355369192786362,1.0000075177964416
-0.17949250580453638,0.7383003608176928,-0.4525340515243537,-0.9959417106520879,0.452533336079794,0.899962938493541,0.7382702422586929,-0.9959392195342145,-0.17944438361539664,1.0000067941375035,0.8999751323586612,-0.45257125916024027,-0.9355468006923474,-0.9355445244750816,0.9355444154363931,0.9355445596135675,-0.9355439881145594,-0.9355445864031917,-0.9355445244750821,0.9355444154363849,0.9355445596135697,-0.9355439881145606,0.9355447170321172,-1.0000066172988895,1.0000065246892662,1.0000067043866763,-0.9959600652388021,-1.0000053743823185,1.0000000052953362,-1.0000060753433628,-1.0000060753433608,1.0000078882437946,1.0000078882437928,-0.9355424823680732,0.9635309045699643,0.9355435114103473,-1.000007974964163
0.17948541857144745,-0.7382956518530778,0.452540626006777,0.9959413008167656,-0.4525399105667543,-0.8999663183699557,-0.7382655330378168,0.9959388094434956,0.17943729630708954,-1.0000070373271452,-0.8999785120491384,0.4525778335051531,0.9355495893416205,0.9355473130762537,-0.9355472040481144,-0.9355473482097496,0.9355467767477297,0.9355473750098396,0.9355473130762539,-0.9355472040481057,-0.9355473482097508,0.9355467767477325,-0.9355475056343759,1.0000068608862271,-1.000006768099107,-1.000006948136561,0.9959609597270684,1.000007218286104,-1.0000060753433628,1.0000000056431388,1.0000079194265343,-1.0000065323421812,-1.0000081323504308,0.935545271086042,-0.9635330795696052,-0.9355463000699266,1.0000082190814132
0.17948541857145076,-0.73829565185308,0.4525406260067738,0.9959413008167651,-0.4525399105667519,-0.8999663183699549,-0.7382655330378189,0.9959388094434963,0.17943729630709282,-1.000007037327145,-0.8999785120491383,0.4525778335051508,0.9355495893416202,0.9355473130762523,-0.9355472040481145,-0.9355473482097486,0.93554677674773,0.9355473750098386,0.9355473130762539,-0.9355472040481055,-0.9355473482097504,0.935546776747731,-0.9355475056343763,1.0000068608862267,-1.000006768099107,-1.0000069481365612,0.9959609597270684,1.0000072182861046,-1.0000060753433608,1.0000079194265343,1.0000000056431388,-1.0000081323504315,-1.0000065323421783,0.935545271086041,-0.9635330795696054,-0.9355463000699252,1.000008219081414
-0.17948115262372105,0.7382928580445421,-0.45254462393133227,-0.9959411187857699,0.45254390849405457,0.8999684174424556,0.7382627390726623,-0.995938627258208,-0.17943303031081426,1.0000072497166848,0.8999806110102331,-0.4525818313491667,-0.9355513338947695,-0.9355490576002452,0.9355489485784447,0.9355490927307497,-0.9355485212909661,-0.9355491195371194,-0.9355490576002455,0.935548948578436,0.9355490927307505,-0.9355485212909664,0.9355492501590348,-1.0000070735157944,1.0000069806215244,1.0000071608642405,-0.9959615649629453,-1.0000074311017038,1.0000078882437946,-1.0000065323421812,-1.0000081323504315,1.0000000059465988,1.0000083452934794,-0.9355470156803521,0.963534455571017,0.935548044629058,-1.0000068320226172
-0.1794811526237198,0.7382928580445398,-0.4525446239313332,-0.9959411187857689,0.4525439084940551,0.8999684174424553,0.7382627390726598,-0.9959386272582059,-0.17943303031081273,1.000007249716683,0.8999806110102316,-0.45258183134916746,-0.9355513338947677,-0.9355490576002433,0.9355489485784434,0.9355490927307489,-0.935548521290965,-0.9355491195371193,-0.9355490576002444,0.9355489485784347,0.9355490927307508,-0.9355485212909656,0.9355492501590342,-1.0000070735157924,1.0000069806215226,1.0000071608642391,-0.9959615649629445,-1.0000074311017026,1.0000078882437928,-1.0000081323504308,-1.0000065323421783,1.0000083452934794,1.0000000059465988,-0.9355470156803514,0.963534455571017,0.9355480446290577,-1.0000068320226219
-0.17956881104555264,-0.4524625630669508,0.7383508202072199,0.8999253193022072,-0.7383503695310907,-0.9959435702449722,-0.45242227481839253,0.8999105773921425,-0.17961688480170335,-0.9355014759796161,-0.9959473399703874,0.7383784453866127,1.0000019009562575,0.9999976543292642,-0.9999980509994738,-0.9999974534252649,0.9999986762445638,0.9999979683816679,0.9999976543292667,-0.9999980509994647,-0.9999974534252675,0.999998676244565,-0.9999978868676201,0.9355206023030516,-0.9355119204795499,-0.9355285649043295,0.963501073566338,0.9355358900957599,-0.9355424823680732,0.935545271086042,0.935545271086041,-0.9355470156803521,-0.9355470156803514,1.0000000009330519,-0.9959449448676786,-0.9999978871564154,0.9355476139632365
0.09032697543870383,0.5308672654059203,-0.674675327832712,-0.9355103129253582,0.674674804140646,0.9838104342871116,0.5308290694915678,-0.9354985093288523,0.09037565594262044,0.9634996742315329,0.9838151842386943,-0.674705735482469,-0.9959464930231853,-0.995944295817459,0.9959445685748166,0.9959441525556794,-0.9959449334340525,-0.9959445495302144,-0.9959442958174607,0.9959445685748068,0.9959441525556815,-0.9959449334340534,0.995944521046779,-0.9635141200306159,0.9635075187549446,0.9635201749892027,-0.9836808530791344,-0.96352579361496,0.9635309045699643,-0.9635330795696052,-0.9635330795696054,0.963534455571017,0.963534455571017,-0.9959449448676786,1.0000000027547948,0.9959454263887084,-0.9635349309432394
0.17956086989480932,0.4524686407289467,-0.7383442549179101,-0.8999270542991202,0.7383438042358713,0.9959426589311249,0.4524283527191416,-0.8999123126633387,0.17960894363241214,0.9355025059416608,0.9959448288646584,-0.7383718802949075,-1.0000000787751107,-0.9999958322130327,0.9999962288706403,0.9999956313149493,-0.999995254081352,-0.9999961462591224,-0.9999958322130351,0.9999962288706308,0.9999956313149518,-0.9999952540813556,0.9999960647503925,-0.9355216318275494,0.9355129502003745,0.9355295942487231,-0.9635013898711839,-0.9355369192786362,0.9355435114103473,-0.9355463000699266,-0.9355463000699252,0.935548044629058,0.9355480446290577,-0.9999978871564154,0.9959454263887084,0.9999999983361327,-0.9355486429001829
0.1794797278688068,-0.738291934568083,0.4525459687796991,0.9959410732882787,-0.4525452533433315,-0.8999691337952309,-0.738261815543323,0.9959385817090465,0.1794316055388997,-1.0000073362688393,-0.8999813273259231,0.4525831761711656,0.935551932163947,0.935549655859625,-0.9355495468399441,-0.9355496909891278,0.9355491195567763,0.9355497177976024,0.935549655859625,-0.9355495468399351,-0.9355496909891289,0.9355491195567776,-0.9355498484186408,1.0000071601482752,-1.000007067218145,-1.0000072475295585,0.995961782912404,1.0000075177964416,-1.000007974964163,1.0000082190814132,1.000008219081414,-1.0000068320226172,-1.0000068320226219,0.9355476139632365,-0.9635349309432394,-0.9355486429001829,1.000000006070213
