0.9999999989344709,-0.6183223633345681,-0.6183203228182522,0.9865846139260854,-0.88670757447689,-0.9883695164300291,0.9534245540799643,-0.7210633395228431,0.5339485780868531,0.2874971243247547,0.5293291991987041,-0.5293248281117584,-0.5293327720566564,0.8627822680576424,-0.862780471240927,-0.7537036613766455,0.7537012163944746,-0.6183159859888712,0.6183170104176406,-0.4450596680840985,0.44506074390703704,0.5293343830614833,0.7537002842933417,0.9572223594894903,0.7338620479691735,-0.642500000245571,-0.7338626320839796,-0.2875018234620878,0.9883702852737529,0.1179829281287685,0.28750353870157036,0.28750353870156314,-0.1179841876205719,-0.9883707546784677,-0.9883707546784576,0.9883704952071438,0.9883704952071317,0.5293346680830587,-0.988370322584484,-0.5293356760007768,0.5293359515736877,-0.5293357104800911,0.5293350940460936,-0.5293350564322025,-0.5293350564322056,0.5293349371968018,0.5293349371968104,-0.5293348767825918
-0.6183223633345681,0.9999999976929069,-0.2353609170319888,-0.7383252565892474,0.9116231995073089,0.4916173446050792,-0.8265799179281517,0.9903889835765276,0.33436135842244824,-0.9305076588601351,-0.99408565508594,0.9940843596971672,0.9940867444229634,-0.13613638496233402,0.1361342689278534,-0.05049009074285786,0.05049186843724656,-0.23536603941743972,0.2353635632325755,-0.428602130210359,0.4286028087377659,-0.9940883727406805,-0.9825509805562773,-0.8192751064220193,-0.9876374353212615,0.9995167594681842,0.9876384564111844,0.9305084879531534,-0.4916247041764101,-0.8533892238572063,-0.9305093370430793,-0.9305093370430647,0.853392293720376,0.4916278074877709,0.49162780748776425,-0.4916293854957069,-0.49162938549570234,-0.9940873050261743,0.4916298696207717,0.994087420866357,-0.994087233811236,0.9940868850095056,-0.9940863098615906,0.9940865709596062,0.9940865709596118,-0.9940866253431364,-0.9940866253431553,0.9940866172728449
-0.6183203228182522,-0.2353609170319888,1.0000000006420562,-0.4817252311254176,0.1849139572886041,0.7306417650064837,-0.3524628861271351,-0.09869529067122605,-0.9946677548561573,0.5749809324540702,0.33949895252880247,-0.33950306637610117,-0.33949561961953206,-0.9308178591255397,0.9308177530379563,0.9825538785192357,-0.9825543024942355,1.0000043945461479,-1.0000048553081913,0.9789850497824942,-0.978987059292424,0.339495256004689,0.05049527657385659,-0.3644642727590739,0.080116273750858,-0.20497803979638793,-0.08011657308773866,-0.5749759498517653,-0.7306353560576704,0.7074908857520003,0.5749746776305202,0.5749746776305156,-0.7074923969723615,0.7306328331115384,0.7306328331115306,-0.7306309342837394,-0.7306309342837293,0.3394938313634846,0.7306302367283054,-0.33949269661060144,0.3394921646928846,-0.3394921101701074,0.3394922938171355,-0.3394925999840563,-0.33949259998405734,0.3394928009260206,0.33949280092602785,-0.3394928672638094
0.9865846139260854,-0.7383252565892474,-0.4817252311254176,0.9999999998799861,-0.9502877575694219,-0.9502890251286924,0.9898749706982423,-0.8244985458666265,0.38875884941698086,0.43999421197972566,0.6607291195209186,-0.660725094064009,-0.6607324172884357,0.768676583008266,-0.7686746025750459,-0.6363058605203654,0.6363033937587919,-0.4817215323114572,0.4817229253308059,-0.29290360080322564,0.2929043824106686,0.6607341383654075,0.8508776514572837,0.9916167731244622,0.8349102720516189,-0.7589751091929339,-0.8349109850651621,-0.43999841690059044,0.9502895423554036,0.27850662567684886,0.44000006530556995,0.44000006530556085,-0.2785083447668293,-0.9502905891928604,-0.9502905891928506,0.9502906941082008,0.9502906941081898,0.6607341661311452,-0.9502906464967725,-0.6607350603205401,0.6607352629149403,-0.6607349882131817,0.6607343439109572,-0.6607343677419507,-0.6607343677419552,0.6607342778613844,0.6607342778613973,-0.6607342247265579
-0.88670757447689,0.9116231995073089,0.1849139572886041,-0.9502877575694219,0.9999999976478016,0.8060916218320452,-0.9848606857746838,0.9597033108545556,-0.0825516223000495,-0.6977328250721103,-0.8616055265416486,0.8616024723373268,0.8616080421917098,-0.5312979233386405,0.5312957396965284,0.3644678721867121,-0.36446554830832084,0.18490856768125352,-0.1849105596971124,-0.01937305927865051,0.019372896179682665,-0.8616098427849781,-0.9721615736102174,-0.9825514015714364,-0.9647797821425941,0.9239860409361133,0.9647790182810579,0.6977357704957567,-0.8060963523134084,-0.5637153880869412,-0.697737167077687,-0.6977371670776769,0.563717853183245,0.8060984230633268,0.8060984230633189,-0.8060992156393021,-0.8060992156392933,-0.8616093696874716,0.8060994101834709,0.8616099709099364,-0.8616100106760438,0.8616096846920769,-0.8616090287099271,0.8616091646776152,0.861609164677621,-0.8616091355680737,-0.8616091355680889,0.8616090996503719
-0.9883695164300291,0.4916173446050792,0.7306417650064837,-0.9502890251286924,0.8060916218320452,1.0000000000623248,-0.896471158522036,0.6073160984057562,-0.6563163759577539,-0.13850720891682877,-0.3941577155996052,0.3941531187812982,0.39416146797608764,-0.929629634862529,0.9296280546201866,0.8448795724612972,-0.8448772081467579,0.7306401244269873,-0.7306407800808846,0.5760594711303225,-0.5760607936851121,-0.3941629383315493,-0.6449950051891205,-0.9020908860089812,-0.6220295750040569,0.5185011078391502,0.6220300242968798,0.13851225524308608,-1.0000011825336208,0.03439452272631259,-0.13851399154246918,-0.1385139915424638,-0.03439372059700865,0.9999994315971985,0.9999994315971885,-0.9999988383025996,-0.9999988383025878,-0.3941634646975356,0.9999985532284439,0.3941645633590288,-0.39416490904058715,0.394164713317374,-0.3941641451081162,0.3941640545542099,0.3941640545542124,-0.39416391291307346,-0.3941639129130799,0.39416384786949515
0.9534245540799643,-0.8265799179281517,-0.3524628861271351,0.9898749706982423,-0.9848606857746838,-0.896471158522036,0.9999999996332405,-0.896470421463411,0.2540478057466808,0.5630010308598583,0.7605826248851433,-0.7605789908499234,-0.7605856083135002,0.6701042525451089,-0.6701021547788557,-0.5203656347203162,0.5203632023020108,-0.3524583701133025,0.3524600536302864,-0.15422403892062755,0.15422454828985627,0.7605873872912365,0.9168319808948413,0.99991566965108,0.9045781679612779,-0.8437110172012126,-0.9045789777224531,-0.5630047145274568,0.8964728621485845,0.412011145514546,0.5630062688728295,0.5630062688728188,-0.4120132264155871,-0.8964743886393289,-0.8964743886393179,0.8964748082332782,0.8964748082332674,0.7605871878065751,-0.896474870381093,-0.7605879604112524,0.7605880920324368,-0.7605877911709632,0.7605871340513579,-0.760587209566675,-0.7605872095666788,0.760587146421782,0.7605871464217964,-0.7605871005228289
-0.7210633395228431,0.9903889835765276,-0.09869529067122605,-0.8244985458666265,0.9597033108545556,0.6073160984057562,-0.896470421463411,0.9999999978015536,0.2008204182721158,-0.8709193270017833,-0.9695193015572432,0.9695173820638416,0.9695208989958962,-0.27182807987787155,0.27182589885037933,0.0881061442373546,-0.08810414725673806,-0.0987017475608212,0.09869938453313641,-0.29954308081052217,0.29954348998607416,-0.9695226181921023,-0.9988297941574517,-0.8906971065575056,-0.9998231573201107,0.9942202932662756,0.9998241598841282,0.8709192158409083,-0.607322720655597,-0.7731035318172557,-0.8709202664614131,-0.8709202664613998,0.7731064606900923,0.607325538728396,0.6073255387283888,-0.6073268842163091,-0.6073268842163032,-0.9695217349600737,0.6073272806781341,0.9695220222776936,-0.9695219133010875,0.9695215702638196,-0.9695209608938683,0.9695211870861472,0.9695211870861523,-0.9695212156595845,-0.9695212156596031,0.9695211984571891
0.5339485780868531,0.33436135842244824,-0.9946677548561573,0.38875884941698086,-0.0825516223000495,-0.6563163759577539,0.2540478057466808,0.2008204182721158,1.0000000028955995,-0.6563142536304836,-0.4347168581910806,0.4347207037115842,0.4347137478161863,0.8881524521210243,-0.888152575652107,-0.9581281493504624,0.9581271312756684,-0.9946718648094752,0.9946704286569126,-0.9947991873235427,0.9948012071998347,-0.4347135678868281,-0.15324943266166022,0.2664607005993149,-0.18251255521765927,0.3048501617631692,0.18251295412991117,0.6563078416151095,0.6563077094361948,-0.7766205751796414,-0.6563066986313815,-0.6563066986313758,0.7766223676350555,-0.6563049332430976,-0.656304933243089,0.6563029242058694,0.6563029242058613,-0.43471207893382285,-0.6563021963023807,0.4347109963343218,-0.43471046578089706,0.434710380478987,-0.4347105015495758,0.4347108277874427,0.43471082778744374,-0.4347110294174564,-0.4347110294174653,0.4347110932188356
0.2874971243247547,-0.9305076588601351,0.5749809324540702,0.43999421197972566,-0.6977328250721103,-0.13850720891682877,0.5630010308598583,-0.8709193270017833,-0.6563142536304836,0.9999999983790714,0.9647768634435673,-0.964778978190367,-0.9647765390087781,-0.2361786432126398,0.23618038508349568,0.41278038862841515,-0.41278141614922936,0.5749879672844354,-0.5749854268550213,0.7297358042515562,-0.7297371326481547,0.9647777728586929,0.846153845291464,0.5523289854669767,0.8615998336123007,-0.9186543802102188,-0.8616008057451788,-0.9999982123395301,0.13851581880831482,0.9850148610201769,0.9999967787921709,0.9999967787921571,-0.9850180163541089,-0.1385193818225345,-0.1385193818225319,0.1385214259472624,0.13852142594726222,0.9647763510649724,-0.1385220964696635,-0.9647760344689862,0.9647756892949954,-0.9647753868177399,0.9647749822340662,-0.9647753217780395,-0.9647753217780443,0.9647754459524677,0.9647754459524859,-0.9647754650511404
0.5293291991987041,-0.99408565508594,0.33949895252880247,0.6607291195209186,-0.8616055265416486,-0.3941577155996052,0.7605826248851433,-0.9695193015572432,-0.4347168581910806,0.9647768634435673,0.9999999996175536,-1.0000002888326158,-1.0000018628310607,0.02776159453842704,-0.027759559170517624,0.1586344146753797,-0.15863599575556875,0.33950591569676386,-0.33950338452562207,0.5241704885301326,-0.5241713701447119,1.000001728977673,0.9565472212608485,0.7521722659819748,0.9647807456825871,-0.9902269414212047,-0.9647817657404021,-0.9647771079570693,0.3941655522488958,0.9049459614176257,0.9647777872805955,0.9647777872805836,-0.9049491038046635,-0.3941688371690387,-0.39416883716903345,0.39417057697771307,0.3941705769777102,1.0000005838774175,-0.3941711237331016,-1.0000006155012147,1.0000004188506038,-1.0000001155378897,0.9999996152720836,-0.9999999173355728,-0.9999999173355784,1.0000000016778492,1.0000000016778672,-1.0000000043924053
-0.5293248281117584,0.9940843596971672,-0.33950306637610117,-0.660725094064009,0.8616024723373268,0.3941531187812982,-0.7605789908499234,0.9695173820638416,0.4347207037115842,-0.964778978190367,-1.0000002888326158,0.9999999984344061,0.9999993277336235,-0.02775691747982035,0.027754881846359335,-0.15863888829063377,0.15864046941149135,-0.33951002991896717,0.3395074985444975,-0.5241740417614502,0.5241749231752544,-1.000000863255043,-0.9565450988315275,-0.7521685995844963,-0.9647804085411916,0.9902255074872235,0.9647797596841421,0.9647775545292232,-0.3941609560227697,-0.9049472277271642,-0.9647782342923447,-0.9647782342923312,0.9049503693219698,0.3941642409846181,0.3941642409846129,-0.3941659805756267,-0.3941659805756231,-0.9999996964097698,0.3941665272115271,0.9999997067909748,-0.9999994900436284,0.9999991682333175,-0.9999986515504743,0.9999989466591082,0.9999989466591119,-0.9999990267591959,-0.9999990267592143,0.999999028047431
-0.5293327720566564,0.9940867444229634,-0.33949561961953206,-0.6607324172884357,0.8616080421917098,0.39416146797608764,-0.7605856083135002,0.9695208989958962,0.4347137478161863,-0.9647765390087781,-1.0000018628310607,0.9999993277336235,1.0000000006733665,-0.027765398053266305,0.027763362974385117,-0.15863078299498598,0.1586323640296149,-0.33950258231640296,0.339500051376069,-0.5241676178580121,0.5241684997045326,-1.0000041523484677,-0.956548982552823,-0.7521752742059872,-0.9647824152919722,0.990228142661701,0.9647834346779699,0.9647767819440424,-0.394169303888266,-0.9049449638350613,-0.9647774607646992,-0.9647774607646841,0.9049481068923788,0.394172588697257,0.39417258869725164,-0.3941743286684425,-0.3941743286684397,-1.0000030290031754,0.3941748755222019,1.0000014122789984,-1.0000012357238652,1.0000009508969938,-1.0000004670351583,1.0000007760404783,1.0000007760404848,-1.0000008646187575,-1.0000008646187772,1.0000008687578654
0.8627822680576424,-0.13613638496233402,-0.9308178591255397,0.768676583008266,-0.5312979233386405,-0.929629634862529,0.6701042525451089,-0.27182807987787155,0.8881524521210243,-0.2361786432126398,0.02776159453842704,-0.02775691747982035,-0.027765398053266305,0.9999999978278271,-0.9999977112516055,-0.9825527602920772,0.9825508216663832,-0.9308188654990278,0.9308185641440655,-0.836727988365744,0.836729781361618,0.027766380950279137,0.31801137339685437,0.6795906016975783,0.28973138370776585,-0.16692413244038926,-0.28973146283785234,0.23617325302796094,0.9296258711249112,-0.40024899103413053,-0.2361716371170052,-0.23617163711700512,0.4002493777597548,-0.9296244670850448,-0.9296244670850353,0.9296231253099102,0.9296231253098979,0.027767428268431302,-0.9296225964300738,-0.027768625169563816,0.02776909380755821,-0.02776901520442404,0.02776860901736434,-0.02776839394363802,-0.027768393943638576,0.02776820884842265,0.027768208848422214,-0.027768137950526125
-0.862780471240927,0.1361342689278534,0.9308177530379563,-0.7686746025750459,0.5312957396965284,0.9296280546201866,-0.6701021547788557,0.27182589885037933,-0.888152575652107,0.23618038508349568,-0.027759559170517624,0.027754881846359335,0.027763362974385117,-0.9999977112516055,0.9999999965419244,0.9825522458267025,-0.9825519771154005,0.9308187592377604,-0.9308184579443065,0.8367283337893103,-0.8367317964467315,-0.027764345911710116,-0.31800917912902393,-0.679590181768567,-0.2897291973607737,0.16692199818035516,0.28972927645219143,-0.2361749950444097,-0.9296242902331909,0.40025047293131866,0.2361733791781957,0.2361733791781961,-0.40025085962619394,0.929622885889657,0.9296228858896481,-0.9296215439394321,-0.9296215439394183,-0.027765393441093102,0.9296210150032559,0.027766590584190003,-0.027767059454834896,0.027766981072873318,-0.02776657508896333,0.027766360105333503,0.027766360105334027,-0.027766175067279394,-0.027766175067278985,0.02776610418963229
-0.7537036613766455,-0.05049009074285786,0.9825538785192357,-0.6363058605203654,0.3644678721867121,0.8448795724612972,-0.5203656347203162,0.0881061442373546,-0.9581281493504624,0.41278038862841515,0.1586344146753797,-0.15863888829063377,-0.15863078299498598,-0.9825527602920772,0.9825522458267025,1.0000000019404587,-1.0000027773056508,0.9825561672292522,-0.9825553988328327,0.9239784479597313,-0.9239803831633031,0.15863009794743216,-0.13613587351755646,-0.5313002898962645,-0.10667124935020478,-0.019362453223183564,0.10667113715415041,-0.4127751099064442,-0.8448743965234368,0.5637042650210493,0.4127736401625168,0.4127736401625148,-0.563705230724113,0.844872398461043,0.8448723984610358,-0.844870749566809,-0.8448707495667986,0.15862883967094135,0.8448701255196204,-0.15862765294647044,0.15862714358506666,-0.15862715564501906,0.15862745561810837,-0.15862772083174254,-0.15862772083174329,0.1586279172573883,0.1586279172573926,-0.1586279870869137
0.7537012163944746,0.05049186843724656,-0.9825543024942355,0.6363033937587919,-0.36446554830832084,-0.8448772081467579,0.5203632023020108,-0.08810414725673806,0.9581271312756684,-0.41278141614922936,-0.15863599575556875,0.15864046941149135,0.1586323640296149,0.9825508216663832,-0.9825519771154005,-1.0000027773056508,0.99999999963543,-0.982554921641378,0.9825541532539476,-0.9239776632649292,0.9239795984331767,-0.15863167888171892,0.13613380865812422,0.5312978518756766,0.10666922587402097,0.019364283364021424,-0.10666911373610803,0.41277613763026505,0.844872031676012,-0.563704889810649,-0.412774667917098,-0.4127746679170958,0.5637058555225659,-0.8448700333615474,-0.8448700333615401,0.8448683843184465,0.844868384318436,-0.15863042070714814,-0.8448677602228342,0.15862923399172923,-0.15862872464504657,0.15862873672206992,-0.1586290367141142,0.15862930190965874,0.15862930190965913,-0.1586294983237315,-0.15862949832373552,0.1586295681491776
-0.6183159859888712,-0.23536603941743972,1.0000043945461479,-0.4817215323114572,0.18490856768125352,0.7306401244269873,-0.3524583701133025,-0.0987017475608212,-0.9946718648094752,0.5749879672844354,0.33950591569676386,-0.33951002991896717,-0.33950258231640296,-0.9308188654990278,0.9308187592377604,0.9825561672292522,-0.982554921641378,1.0000000056078082,-1.0000083460084814,0.9789897205438217,-0.9789917304096283,0.33950221888541243,0.05050158719031419,-0.3644598266740304,0.08012267562743139,-0.2049847677016371,-0.08012297505668707,-0.5749829845586082,-0.7306337138000847,0.7074976973344432,0.5749817123402402,0.574981712340236,-0.7074992082979786,0.7306311901315108,0.7306311901315047,-0.730629290859001,-0.7306292908589892,0.33950079345740286,0.7306285931527365,-0.3394996580259673,0.3394991253949212,-0.3394990701660201,0.3394992531353347,-0.33949955905269025,-0.3394995590526921,0.33949975982772346,0.33949975982773045,-0.3394998261078575
0.6183170104176406,0.2353635632325755,-1.0000048553081913,0.4817229253308059,-0.1849105596971124,-0.7306407800808846,0.3524600536302864,0.09869938453313641,0.9946704286569126,-0.5749854268550213,-0.33950338452562207,0.3395074985444975,0.339500051376069,0.9308185641440655,-0.9308184579443065,-0.9825553988328327,0.9825541532539476,-1.0000083460084814,1.0000000038889667,-0.9789880772308605,0.9789900870175045,-0.3394996879000079,-0.05049927427609488,0.36446148556167546,-0.08012033148267464,0.20498231270579412,0.08012063090969812,0.5749804441701908,0.7306343701465297,-0.7074952482428896,-0.5749791719446825,-0.5749791719446773,0.7074967592413884,-0.7306318467614801,-0.7306318467614742,0.7306299476644476,0.7306299476644369,-0.3394982627599878,-0.7306292500179498,0.33949712758581757,-0.3394965952125627,0.33949654023028686,-0.33949672343252285,0.3394970294342336,0.3394970294342349,-0.3394972302659108,-0.339497230265918,0.3394972965655468
-0.4450596680840985,-0.428602130210359,0.9789850497824942,-0.29290360080322564,-0.01937305927865051,0.5760594711303225,-0.15422403892062755,-0.29954308081052217,-0.9947991873235427,0.7297358042515562,0.5241704885301326,-0.5241740417614502,-0.5241676178580121,-0.836727988365744,0.8367283337893103,0.9239784479597313,-0.9239776632649292,0.9789897205438217,-0.9789880772308605,0.9999999952744018,-0.9999970357548783,0.52416762179148,0.2530913455095185,-0.16691320139211124,0.28169466308760654,-0.40025895977754017,-0.281695156035946,-0.7297313472168532,-0.5760519696565423,0.8367370663318714,0.7297303431621803,0.729730343162173,-0.8367391152510089,0.5760489734071929,0.5760489734071874,-0.5760468773555202,-0.576046877355512,0.5241660720499945,0.5760461274063163,-0.5241650404175893,0.5241645056388952,-0.5241643807494182,0.5241644298441981,-0.5241647689361423,-0.5241647689361453,0.5241649669487226,0.5241649669487337,-0.524165026853385
0.44506074390703704,0.4286028087377659,-0.978987059292424,0.2929043824106686,0.019372896179682665,-0.5760607936851121,0.15422454828985627,0.29954348998607416,0.9948012071998347,-0.7297371326481547,-0.5241713701447119,0.5241749231752544,0.5241684997045326,0.836729781361618,-0.8367317964467315,-0.9239803831633031,0.9239795984331767,-0.9789917304096283,0.9789900870175045,-0.9999970357548783,0.9999999981342542,-0.5241685034966836,-0.2530916585560471,0.16691373642121035,-0.2816950352645969,0.40025957844765575,0.2816955280731883,0.7297326754686417,0.5760532919853992,-0.8367403068507017,-0.729731671295011,-0.7297316712950038,0.8367406861430933,-0.5760502956360545,-0.5760502956360488,0.5760481995090164,0.5760481995090078,-0.5241669541486345,-0.5760474495319903,0.5241659227559685,-0.5241653882050782,0.524165263528132,-0.5241653128188493,0.5241656519411676,0.5241656519411697,-0.5241658499725952,-0.5241658499726064,0.5241659098845797
0.5293343830614833,-0.9940883727406805,0.339495256004689,0.6607341383654075,-0.8616098427849781,-0.3941629383315493,0.7605873872912365,-0.9695226181921023,-0.4347135678868281,0.9647777728586929,1.000001728977673,-1.000000863255043,-1.0000041523484677,0.027766380950279137,-0.027764345911710116,0.15863009794743216,-0.15863167888171892,0.33950221888541243,-0.3394996879000079,0.52416762179148,-0.5241685034966836,1.0000000028581733,0.9565507255606638,0.7521770490858566,0.9647841441657722,-0.990229794195565,-0.9647851634697875,-0.9647780158597723,0.3941707744640906,0.9049459530398408,0.964778694705608,0.9647786947055942,-0.9049490962517306,-0.39417405937224453,-0.39417405937223915,0.3941757994276504,0.39417579942764785,1.0000028957010745,-0.3941763463146306,-1.0000029488910447,1.0000027726515224,-1.0000024881339509,1.0000020045515876,-1.0000023136736684,-1.0000023136736729,1.0000024023192842,1.0000024023193037,-1.0000024064812065
0.7537002842933417,-0.9825509805562773,0.05049527657385659,0.8508776514572837,-0.9721615736102174,-0.6449950051891205,0.9168319808948413,-0.9988297941574517,-0.15324943266166022,0.846153845291464,0.9565472212608485,-0.9565450988315275,-0.956548982552823,0.31801137339685437,-0.31800917912902393,-0.13613587351755646,0.13613380865812422,0.05050158719031419,-0.05049927427609488,0.2530913455095185,-0.2530916585560471,0.9565507255606638,0.9999999968588381,0.9116221809340104,0.9995558948205744,-0.9878697424809182,-0.9995568866206324,-0.8461556509732803,0.6450013407486713,0.7415509134542033,0.8461567670471748,0.8461567670471615,-0.7415537791747167,-0.6450040466947136,-0.6450040466947053,0.6450053048679534,0.6450053048679468,0.9565499047684209,-0.6450056688815763,-0.956550244761264,0.9565501579471948,-0.9565498133017926,0.9565491901283184,-0.9565494011415417,-0.9565494011415465,0.9565494193702545,0.9565494193702718,-0.9565493986517515
0.9572223594894903,-0.8192751064220193,-0.3644642727590739,0.9916167731244622,-0.9825514015714364,-0.9020908860089812,0.99991566965108,-0.8906971065575056,0.2664607005993149,0.5523289854669767,0.7521722659819748,-0.7521685995844963,-0.7521752742059872,0.6795906016975783,-0.679590181768567,-0.5313002898962645,0.5312978518756766,-0.3644598266740304,0.36446148556167546,-0.16691320139211124,0.16691373642121035,0.7521770490858566,0.9116221809340104,0.9999999979633294,0.8990218047313557,-0.8367408510490677,-0.8990226067736028,-0.5523327190403191,0.9020941562106779,0.4002624855301541,0.5523342830230585,0.5523342830230487,-0.40026453456772737,-0.9020956411391896,-0.9020956411391803,0.9020960327973859,0.9020960327973758,0.7521768643549259,-0.9020960850995573,-0.7521776427991578,0.752177775408158,-0.7521774714978222,0.7521768103810618,-0.7521768792230057,-0.7521768792230088,0.7521768123527026,0.7521768123527174,-0.7521767653394575
0.7338620479691735,-0.9876374353212615,0.080116273750858,0.8349102720516189,-0.9647797821425941,-0.6220295750040569,0.9045781679612779,-0.9998231573201107,-0.18251255521765927,0.8615998336123007,0.9647807456825871,-0.9647804085411916,-0.9647824152919722,0.28973138370776585,-0.2897291973607737,-0.10667124935020478,0.10666922587402097,0.08012267562743139,-0.08012033148267464,0.28169466308760654,-0.2816950352645969,0.9647841441657722,0.9995558948205744,0.8990218047313557,0.9999999981295675,-0.9920446452295326,-1.0000000378008997,-0.8616014876021233,0.6220360884547714,0.7611379192309602,0.8616025636529542,0.8616025636529421,-0.7611408249605278,-0.6220388641571962,-0.622038864157188,0.6220401765420143,0.6220401765420087,0.9647832931391994,-0.6220405606932449,-0.9647836089792449,0.9647835162407473,-0.9647831796286814,0.964782571128776,-0.9647827942054321,-0.9647827942054373,0.9647828204320844,0.964782820432102,-0.9647828024206808
-0.642500000245571,0.9995167594681842,-0.20497803979638793,-0.7589751091929339,0.9239860409361133,0.5185011078391502,-0.8437110172012126,0.9942202932662756,0.3048501617631692,-0.9186543802102188,-0.9902269414212047,0.9902255074872235,0.990228142661701,-0.16692413244038926,0.16692199818035516,-0.019362453223183564,0.019364283364021424,-0.2049847677016371,0.20498231270579412,-0.40025895977754017,0.40025957844765575,-0.990229794195565,-0.9878697424809182,-0.8367408510490677,-0.9920446452295326,1.000000004895328,0.9920456643509797,0.9186553750530848,-0.5185083141697625,-0.8367469820799521,-0.9186562709940542,-0.9186562709940428,0.8367483549476431,0.5185113586270745,0.5185113586270687,-0.518512886893781,-0.5185128868937766,-0.9902287617390116,0.5185133520571636,0.9902289119146096,-0.9902287377648772,0.9902283855533717,-0.9902277979964483,0.9902280500540991,0.9902280500541055,-0.9902280977109865,-0.9902280977110037,0.9902280872300495
-0.7338626320839796,0.9876384564111844,-0.08011657308773866,-0.8349109850651621,0.9647790182810579,0.6220300242968798,-0.9045789777224531,0.9998241598841282,0.18251295412991117,-0.8616008057451788,-0.9647817657404021,0.9647797596841421,0.9647834346779699,-0.28973146283785234,0.28972927645219143,0.10667113715415041,-0.10666911373610803,-0.08012297505668707,0.08012063090969812,-0.281695156035946,0.2816955280731883,-0.9647851634697875,-0.9995568866206324,-0.8990226067736028,-1.0000000378008997,0.9920456643509797,0.9999999995493911,0.8616024598851427,-0.62203653820546,-0.7611388228678136,-0.8616035359882058,-0.861603535988194,0.7611417287734263,0.6220393141019457,0.6220393141019384,-0.6220406266200451,-0.6220406266200389,-0.9647843119982041,0.6220410108190588,0.9647846273563871,-0.9647845342010953,0.9647841972383574,-0.9647835884369871,0.9647838113910823,0.9647838113910874,-0.9647838375381051,-0.9647838375381224,0.9647838195002746
-0.2875018234620878,0.9305084879531534,-0.5749759498517653,-0.43999841690059044,0.6977357704957567,0.13851225524308608,-0.5630047145274568,0.8709192158409083,0.6563078416151095,-0.9999982123395301,-0.9647771079570693,0.9647775545292232,0.9647767819440424,0.23617325302796094,-0.2361749950444097,-0.4127751099064442,0.41277613763026505,-0.5749829845586082,0.5749804441701908,-0.7297313472168532,0.7297326754686417,-0.9647780158597723,-0.8461556509732803,-0.5523327190403191,-0.8616014876021233,0.9186553750530848,0.8616024598851427,0.9999999967050486,-0.13852086496443217,-0.9850127923460843,-0.9999972734970047,-0.9999972734969977,0.9850159480280724,0.13852442797762912,0.13852442797762618,-0.1385264721161027,-0.13852647211610317,-0.9647765923104894,0.1385271426459002,0.9647762740185135,-0.9647759272139907,0.9647756232295839,-0.9647752173016639,0.9647755562842448,0.9647755562842499,-0.9647756801108572,-0.9647756801108759,0.9647756990916786
0.9883702852737529,-0.4916247041764101,-0.7306353560576704,0.9502895423554036,-0.8060963523134084,-1.0000011825336208,0.8964728621485845,-0.607322720655597,0.6563077094361948,0.13851581880831482,0.3941655522488958,-0.3941609560227697,-0.394169303888266,0.9296258711249112,-0.9296242902331909,-0.8448743965234368,0.844872031676012,-0.7306337138000847,0.7306343701465297,-0.5760519696565423,0.5760532919853992,0.3941707744640906,0.6450013407486713,0.9020941562106779,0.6220360884547714,-0.5185083141697625,-0.62203653820546,-0.13852086496443217,0.9999999992439204,-0.034385733642009246,0.13852260132807462,0.13852260132806893,0.0343849314137466,-1.0000005244376715,-1.0000005244376668,0.9999982610031246,0.999998261003112,0.3941712998862229,-0.999997975728234,-0.3941723978438153,0.3941727428201289,-0.39417254639911886,0.3941719775204827,-0.39417188677650417,-0.39417188677650594,0.3941717450027299,0.3941717450027372,-0.3941716799055619
0.1179829281287685,-0.8533892238572063,0.7074908857520003,0.27850662567684886,-0.5637153880869412,0.03439452272631259,0.412011145514546,-0.7731035318172557,-0.7766205751796414,0.9850148610201769,0.9049459614176257,-0.9049472277271642,-0.9049449638350613,-0.40024899103413053,0.40025047293131866,0.5637042650210493,-0.563704889810649,0.7074976973344432,-0.7074952482428896,0.8367370663318714,-0.8367403068507017,0.9049459530398408,0.7415509134542033,0.4002624855301541,0.7611379192309602,-0.8367469820799521,-0.7611388228678136,-0.9850127923460843,-0.034385733642009246,1.0000000063778496,0.9850127277908084,0.9850127277907967,-1.0000136790876977,0.03438212385781262,0.03438212385781346,-0.0343799580679707,-0.03437995806796854,0.9049444099194487,0.03437923195398858,-0.9049438829765115,0.9049434590692947,-0.9049431736583239,0.9049428515802841,-0.9049432046467478,-0.904943204646753,0.9049433513307972,0.9049433513308138,-0.9049433808236222
0.28750353870157036,-0.9305093370430793,0.5749746776305202,0.44000006530556995,-0.697737167077687,-0.13851399154246918,0.5630062688728295,-0.8709202664614131,-0.6563066986313815,0.9999967787921709,0.9647777872805955,-0.9647782342923447,-0.9647774607646992,-0.2361716371170052,0.2361733791781957,0.4127736401625168,-0.412774667917098,0.5749817123402402,-0.5749791719446825,0.7297303431621803,-0.729731671295011,0.964778694705608,0.8461567670471748,0.5523342830230585,0.8616025636529542,-0.9186562709940542,-0.8616035359882058,-0.9999972734970047,0.13852260132807462,0.9850127277908084,0.999999997042211,0.9999958410916839,-0.9850158836644838,-0.13852616438557225,-0.13852616438556944,0.13852820855772413,0.13852820855772383,0.964777270619696,-0.13852887910040418,-0.9647769518141128,0.9647766045219875,-0.964776300092216,0.9647758937641527,-0.964776232590406,-0.9647762325904113,0.9647763563168282,0.9647763563168456,-0.9647763752634748
0.28750353870156314,-0.9305093370430647,0.5749746776305156,0.44000006530556085,-0.6977371670776769,-0.1385139915424638,0.5630062688728188,-0.8709202664613998,-0.6563066986313758,0.9999967787921571,0.9647777872805836,-0.9647782342923312,-0.9647774607646841,-0.23617163711700512,0.2361733791781961,0.4127736401625148,-0.4127746679170958,0.574981712340236,-0.5749791719446773,0.729730343162173,-0.7297316712950038,0.9647786947055942,0.8461567670471615,0.5523342830230487,0.8616025636529421,-0.9186562709940428,-0.861603535988194,-0.9999972734969977,0.13852260132806893,0.9850127277907967,0.9999958410916839,0.9999999970422108,-0.9850158836644713,-0.13852616438556709,-0.1385261643855638,0.13852820855771808,0.13852820855771847,0.9647772706196829,-0.13852887910039904,-0.9647769518141002,0.9647766045219747,-0.9647763000922023,0.9647758937641392,-0.9647762325903925,-0.9647762325903972,0.9647763563168142,0.9647763563168331,-0.9647763752634605
-0.1179841876205719,0.853392293720376,-0.7074923969723615,-0.2785083447668293,0.563717853183245,-0.03439372059700865,-0.4120132264155871,0.7731064606900923,0.7766223676350555,-0.9850180163541089,-0.9049491038046635,0.9049503693219698,0.9049481068923788,0.4002493777597548,-0.40025085962619394,-0.563705230724113,0.5637058555225659,-0.7074992082979786,0.7074967592413884,-0.8367391152510089,0.8367406861430933,-0.9049490962517306,-0.7415537791747167,-0.40026453456772737,-0.7611408249605278,0.8367483549476431,0.7611417287734263,0.9850159480280724,0.0343849314137466,-1.0000136790876977,-0.9850158836644838,-0.9850158836644713,1.000000010705282,-0.03438132159111577,-0.03438132159111661,0.034379155785212105,0.034379155785209725,-0.9049475535000886,-0.034378429666327745,0.904947026988467,-0.9049466034317969,0.9049463182987246,-0.9049459964255343,0.9049463496095578,0.9049463496095624,-0.9049464963539304,-0.9049464963539486,0.9049465258649783
-0.9883707546784677,0.4916278074877709,0.7306328331115384,-0.9502905891928604,0.8060984230633268,0.9999994315971985,-0.8964743886393289,0.607325538728396,-0.6563049332430976,-0.1385193818225345,-0.3941688371690387,0.3941642409846181,0.394172588697257,-0.9296244670850448,0.929622885889657,0.844872398461043,-0.8448700333615474,0.7306311901315108,-0.7306318467614801,0.5760489734071929,-0.5760502956360545,-0.39417405937224453,-0.6450040466947136,-0.9020956411391896,-0.6220388641571962,0.5185113586270745,0.6220393141019457,0.13852442797762912,-1.0000005244376715,0.03438212385781262,-0.13852616438557225,-0.13852616438556709,-0.03438132159111577,0.9999999991269918,0.9999987724797905,-0.9999998480052247,-0.999998178402513,-0.3941745845783196,0.9999978930359236,0.3941756824162638,-0.39417602726126283,0.3941758306985119,-0.3941752616717376,0.3941751709048734,0.3941751709048759,-0.3941750291091858,-0.3941750291091922,0.3941749640008544
-0.9883707546784576,0.49162780748776425,0.7306328331115306,-0.9502905891928506,0.8060984230633189,0.9999994315971885,-0.8964743886393179,0.6073255387283888,-0.656304933243089,-0.1385193818225319,-0.39416883716903345,0.3941642409846129,0.39417258869725164,-0.9296244670850353,0.9296228858896481,0.8448723984610358,-0.8448700333615401,0.7306311901315047,-0.7306318467614742,0.5760489734071874,-0.5760502956360488,-0.39417405937223915,-0.6450040466947053,-0.9020956411391803,-0.622038864157188,0.5185113586270687,0.6220393141019384,0.13852442797762618,-1.0000005244376668,0.03438212385781346,-0.13852616438556944,-0.1385261643855638,-0.03438132159111661,0.9999987724797905,0.9999999991269916,-0.9999981784025137,-0.9999998480052082,-0.3941745845783142,0.9999978930359139,0.39417568241625905,-0.3941760272612568,0.39417583069850626,-0.3941752616717325,0.394175170904868,0.3941751709048704,-0.3941750291091805,-0.3941750291091863,0.394174964000849
0.9883704952071438,-0.4916293854957069,-0.7306309342837394,0.9502906941082008,-0.8060992156393021,-0.9999988383025996,0.8964748082332782,-0.6073268842163091,0.6563029242058694,0.1385214259472624,0.39417057697771307,-0.3941659805756267,-0.3941743286684425,0.9296231253099102,-0.9296215439394321,-0.844870749566809,0.8448683843184465,-0.730629290859001,0.7306299476644476,-0.5760468773555202,0.5760481995090164,0.3941757994276504,0.6450053048679534,0.9020960327973859,0.6220401765420143,-0.518512886893781,-0.6220406266200451,-0.1385264721161027,0.9999982610031246,-0.0343799580679707,0.13852820855772413,0.13852820855771808,0.034379155785212105,-0.9999998480052247,-0.9999981784025137,0.9999999982818204,0.9999975841448308,0.39417632466965974,-0.9999989683146314,-0.39417742260854166,0.39417776752800954,-0.39417757101353795,0.39417700201208,-0.3941769112805761,-0.3941769112805786,0.3941767695015013,0.3941767695015082,-0.39417670439632935
0.9883704952071317,-0.49162938549570234,-0.7306309342837293,0.9502906941081898,-0.8060992156392933,-0.9999988383025878,0.8964748082332674,-0.6073268842163032,0.6563029242058613,0.13852142594726222,0.3941705769777102,-0.3941659805756231,-0.3941743286684397,0.9296231253098979,-0.9296215439394183,-0.8448707495667986,0.844868384318436,-0.7306292908589892,0.7306299476644369,-0.576046877355512,0.5760481995090078,0.39417579942764785,0.6450053048679468,0.9020960327973758,0.6220401765420087,-0.5185128868937766,-0.6220406266200389,-0.13852647211610317,0.999998261003112,-0.03437995806796854,0.13852820855772383,0.13852820855771847,0.034379155785209725,-0.999998178402513,-0.9999998480052082,0.9999975841448308,0.9999999982818205,0.39417632466965624,-0.9999989683146248,-0.3941774226085389,0.3941777675280063,-0.39417757101353523,0.3941770020120767,-0.394176911280573,-0.3941769112805757,0.3941767695014986,0.3941767695015047,-0.39417670439632585
0.5293346680830587,-0.9940873050261743,0.3394938313634846,0.6607341661311452,-0.8616093696874716,-0.3941634646975356,0.7605871878065751,-0.9695217349600737,-0.43471207893382285,0.9647763510649724,1.0000005838774175,-0.9999996964097698,-1.0000030290031754,0.027767428268431302,-0.027765393441093102,0.15862883967094135,-0.15863042070714814,0.33950079345740286,-0.3394982627599878,0.5241660720499945,-0.5241669541486345,1.0000028957010745,0.9565499047684209,0.7521768643549259,0.9647832931391994,-0.9902287617390116,-0.9647843119982041,-0.9647765923104894,0.3941712998862229,0.9049444099194487,0.964777270619696,0.9647772706196829,-0.9049475535000886,-0.3941745845783196,-0.3941745845783142,0.39417632466965974,0.39417632466965624,1.0000000012755939,-0.3941768716000861,-1.000003536637568,1.000001710018921,-1.00000144314861,1.0000009752039218,-1.0000012909673175,-1.0000012909673228,1.0000013836660533,1.0000013836660728,-1.000001389190123
-0.988370322584484,0.4916298696207717,0.7306302367283054,-0.9502906464967725,0.8060994101834709,0.9999985532284439,-0.896474870381093,0.6073272806781341,-0.6563021963023807,-0.1385220964696635,-0.3941711237331016,0.3941665272115271,0.3941748755222019,-0.9296225964300738,0.9296210150032559,0.8448701255196204,-0.8448677602228342,0.7306285931527365,-0.7306292500179498,0.5760461274063163,-0.5760474495319903,-0.3941763463146306,-0.6450056688815763,-0.9020960850995573,-0.6220405606932449,0.5185133520571636,0.6220410108190588,0.1385271426459002,-0.999997975728234,0.03437923195398858,-0.13852887910040418,-0.13852887910039904,-0.034378429666327745,0.9999978930359236,0.9999978930359139,-0.9999989683146314,-0.9999989683146248,-0.3941768716000861,0.9999999978757906,0.39417796960583085,-0.3941783145795654,0.3941781181067639,-0.3941775491356043,0.3941774584254317,0.3941774584254336,-0.3941773166576755,-0.3941773166576818,0.3941772515554689
-0.5293356760007768,0.994087420866357,-0.33949269661060144,-0.6607350603205401,0.8616099709099364,0.3941645633590288,-0.7605879604112524,0.9695220222776936,0.4347109963343218,-0.9647760344689862,-1.0000006155012147,0.9999997067909748,1.0000014122789984,-0.027768625169563816,0.027766590584190003,-0.15862765294647044,0.15862923399172923,-0.3394996580259673,0.33949712758581757,-0.5241650404175893,0.5241659227559685,-1.0000029488910447,-0.956550244761264,-0.7521776427991578,-0.9647836089792449,0.9902289119146096,0.9647846273563871,0.9647762740185135,-0.3941723978438153,-0.9049438829765115,-0.9647769518141128,-0.9647769518141002,0.904947026988467,0.3941756824162638,0.39417568241625905,-0.39417742260854166,-0.3941774226085389,-1.000003536637568,0.39417796960583085,1.0000000013945034,-1.000003491997789,1.0000015728408844,-1.0000011202411334,1.000001442519732,1.0000014425197385,-1.0000015391902228,-1.0000015391902424,1.0000015460492953
0.5293359515736877,-0.994087233811236,0.3394921646928846,0.6607352629149403,-0.8616100106760438,-0.39416490904058715,0.7605880920324368,-0.9695219133010875,-0.43471046578089706,0.9647756892949954,1.0000004188506038,-0.9999994900436284,-1.0000012357238652,0.02776909380755821,-0.027767059454834896,0.15862714358506666,-0.15862872464504657,0.3394991253949212,-0.3394965952125627,0.5241645056388952,-0.5241653882050782,1.0000027726515224,0.9565501579471948,0.752177775408158,0.9647835162407473,-0.9902287377648772,-0.9647845342010953,-0.9647759272139907,0.3941727428201289,0.9049434590692947,0.9647766045219875,0.9647766045219747,-0.9049466034317969,-0.39417602726126283,-0.3941760272612568,0.39417776752800954,0.3941777675280063,1.000001710018921,-0.3941783145795654,-1.000003491997789,1.000000001210726,-1.0000031384045,1.000001030674324,-1.000001359101675,-1.0000013591016808,1.0000014595197808,1.0000014595197986,-1.0000014676383968
-0.5293357104800911,0.9940868850095056,-0.3394921101701074,-0.6607349882131817,0.8616096846920769,0.394164713317374,-0.7605877911709632,0.9695215702638196,0.434710380478987,-0.9647753868177399,-1.0000001155378897,0.9999991682333175,1.0000009508969938,-0.02776901520442404,0.027766981072873318,-0.15862715564501906,0.15862873672206992,-0.3394990701660201,0.33949654023028686,-0.5241643807494182,0.524165263528132,-1.0000024881339509,-0.9565498133017926,-0.7521774714978222,-0.9647831796286814,0.9902283855533717,0.9647841972383574,0.9647756232295839,-0.39417254639911886,-0.9049431736583239,-0.964776300092216,-0.9647763000922023,0.9049463182987246,0.3941758306985119,0.39417583069850626,-0.39417757101353795,-0.39417757101353523,-1.00000144314861,0.3941781181067639,1.0000015728408844,-1.0000031384045,1.0000000008897807,-1.0000024953371365,1.0000011598075518,1.0000011598075564,-1.0000012636662248,-1.000001263666243,1.0000012729410774
