1.0000000017842265,-1.0000048603975424,1.0000034656426176,1.000003465642615,-0.2587890313396806,-0.3820604739515276,0.7929207423141397,0.47730991364571945,0.7949203289921817,-1.0000063987304457,-0.7929098419214571,0.5671492284064557,-0.5671350879584588,0.6506339798076676,1.0000064587170194,-1.0000061932410749,1.0000043174822837,1.0000050582448303,0.7268119585837086,-0.7268056961170775,0.792905149406769,0.7929051494067682,-0.4774099480837529,0.4774512364734036,0.4774512364734051,-0.6507386068574121,0.6507824589984312,0.6507824589984306,-0.4774761650511164,-0.4774761650511151,-0.650809674518945,-0.6508096745189441,0.47748446178346976,0.650818854047684,-1.0000036983580909,-1.0000036983580942
-1.0000048603975424,1.0000000042275525,-1.0000058271844854,-1.0000058271844803,0.25883545605970437,0.38201713681707283,-0.7929511068642832,-0.4772689008882753,-0.7948928093263029,1.0000081782505106,0.7929402068432917,-0.5671109935609966,0.567096852415924,-0.6505989447194926,-1.0000082194255326,1.0000079362015242,-1.0000060589170732,-1.0000067864832953,-0.7267805080902425,0.7267742451748653,-0.7929355144289095,-0.7929355144289099,0.47736893802049524,-0.47741022754768514,-0.47741022754768714,0.650703575734862,-0.6507474295739916,-0.6507474295739909,0.47743515677644255,0.4774351567764411,0.6507746461068251,0.6507746461068239,-0.4774434537232376,-0.6507838259741926,1.0000054201716262,1.0000054201716304
1.0000034656426176,-1.0000058271844854,1.000000003162305,1.0000044368756453,-0.25888066659128844,-0.3819734101484204,0.7929791542461062,0.47722723684092205,0.7948636935270185,-1.0000074933650116,-0.792968254618819,0.567071853193979,-0.5670577113950602,0.6505627601059718,1.0000075159643758,-1.0000072152154913,1.0000053364291153,1.0000060509625228,0.7267476770849446,-0.726741413741809,0.7929635623149378,0.7929635623149358,-0.4773272763893838,0.4773685669390687,0.4773685669390709,-0.6506673947819326,0.6507112501908785,0.6507112501908785,-0.4773934967498514,-0.4773934967498498,-0.6507384676569292,-0.6507384676569282,0.4774017938881437,0.6507476478362789,-1.0000053224251237,-1.0000046783097376
1.000003465642615,-1.0000058271844803,1.0000044368756453,1.000000003162305,-0.25888066659129005,-0.381973410148417,0.792979154246104,0.47722723684091795,0.7948636935270134,-1.000007493365007,-0.7929682546188171,0.5670718531939751,-0.5670577113950557,0.6505627601059679,1.000007515964371,-1.0000072152154875,1.0000053364291108,1.0000060509625182,0.7267476770849396,-0.726741413741804,0.792963562314936,0.7929635623149348,-0.4773272763893798,0.47736856693906426,0.4773685669390667,-0.6506673947819283,0.6507112501908744,0.6507112501908733,-0.47739349674984793,-0.47739349674984594,-0.6507384676569251,-0.6507384676569232,0.47740179388813947,0.6507476478362739,-1.0000046783097294,-1.0000053224251233
-0.2587890313396806,0.25883545605970437,-0.25888066659128844,-0.25888066659129005,0.9999999936861944,-0.793770537460194,-0.7937735642379242,0.7252665647274529,0.3803206202386684,0.26014136926827275,0.7937780291068439,0.6487725244139648,-0.6487898406254177,0.565142358441443,-0.2597596534619621,0.25939944112747426,-0.25936806349215064,-0.2591004338356579,0.47534031909244584,-0.4753508258370629,-0.7937790131873116,-0.7937790131873107,-0.7251894563305576,0.7251571119941704,0.7251571119941718,-0.5650384429837256,0.5649941574734374,0.564994157473439,-0.7251383096223029,-0.7251383096223036,-0.5649675160968319,-0.5649675160968345,0.7251320973023694,0.5649585873433975,0.2589697468405995,0.2589697468406016
-0.3820604739515276,0.38201713681707283,-0.3819734101484204,-0.381973410148417,-0.793770537460194,0.9999999879059781,0.26016051174610044,-0.9944185468019742,-0.8643832838456286,0.3807691116545688,-0.26017226306434027,-0.9778013856756674,0.9778090490077425,-0.9503564193911168,-0.38113434634381343,0.3814788031994638,-0.38150764188554714,-0.3817641561918785,-0.9124059703065989,0.9124120792158553,0.2601761591952323,0.2601761591952321,0.9944071177151423,-0.9944021702626257,-0.9944021702626283,0.9503228792121713,-0.9503081216219021,-0.9503081216219037,0.9943998778107376,0.9943998778107376,0.9502997693801658,0.9502997693801676,-0.9943991583559135,-0.9502970069008629,0.3818883314083658,0.38188833140836564
0.7929207423141397,-0.7929511068642832,0.7929791542461062,0.792979154246104,-0.7937735642379242,0.26016051174610044,1.0000000074526556,-0.15697121768391623,0.26061922158268647,-0.7937769308576096,-1.0000074598207231,-0.05214774652573618,0.052167573849870065,0.05317612283940263,0.7935355277742443,-0.7933081288476007,0.7932871538726899,0.7931187922249759,0.15779253801917428,-0.1577819668038022,1.0000044817633607,1.00000448176336,0.15685958714628523,-0.1568131854905599,-0.15681318549055984,-0.05330755585242366,0.053363104650449855,0.05336310465044886,0.156785627720814,0.1567856277208157,-0.05339704749958901,-0.05339704749958657,-0.1567764846353961,0.05340846005613253,-0.7930354950288542,-0.7930354950288593
0.47730991364571945,-0.4772689008882753,0.47722723684092205,0.47722723684091795,0.7252665647274529,-0.9944185468019742,-0.15697121768391623,0.9999999903293129,0.9125532060469715,-0.47608243768653336,0.15698363453783346,0.9944296488644212,-0.9944359675468335,0.9778518571197609,0.47642973592475624,-0.4767572399951425,0.4767844480181267,0.47702844472270695,0.9504515859857354,-0.9504566807355166,-0.15698787429550196,-0.15698787429550218,-0.9999882263282082,0.9999875854785213,0.9999875854785251,-0.9778318941873136,0.977822861590395,0.9778228615903954,-0.9999882479809689,-0.9999882479809679,-0.9778180227669713,-0.9778180227669727,0.9999885098563951,0.9778164426443949,-0.4771463643924761,-0.4771463643924759
0.7949203289921817,-0.7948928093263029,0.7948636935270185,0.7948636935270134,0.3803206202386684,-0.8643832838456286,0.26061922158268647,0.9125532060469715,0.9999999935548147,-0.7940752887731812,-0.2606055758309621,0.9505247378235426,-0.9505220752837171,0.977929740066447,0.7943144607777755,-0.7945404587723385,0.7945583713344565,0.794727180866671,0.9944621596990023,-0.9944634070911319,0.2606004648008669,0.26060046480086674,-0.9126005531361469,0.912619769593882,0.9126197695938842,-0.9779646467432216,0.9779788175781087,0.977978817578107,-0.9126318279178336,-0.9126318279178322,-0.9779881418412325,-0.9779881418412325,0.912635869741944,0.9779913227027013,-0.7948079643439268,-0.7948079643439288
-1.0000063987304457,1.0000081782505106,-1.0000074933650116,-1.000007493365007,0.26014136926827275,0.3807691116545688,-0.7937769308576096,-0.47608243768653336,-0.7940752887731812,1.0000000087318075,0.7937653977820289,-0.5659992188051319,0.5659850585253715,-0.6495741291350283,-1.0000124024374317,1.000010971264754,-1.000009050757161,-1.0000094036528342,-0.7258539160222562,0.7258476406630483,-0.7937607084322296,-0.7937607084322271,0.47618254666545934,-0.4762238665714704,-0.47622386657147187,0.6496788678819554,-0.6497227678969839,-0.6497227678969834,0.4762488131262185,0.47624881312621703,0.6497500119075253,0.6497500119075242,-0.47625711577580815,-0.6497592009628509,1.0000078550038036,1.0000078550038065
-0.7929098419214571,0.7929402068432917,-0.792968254618819,-0.7929682546188171,0.7937780291068439,-0.26017226306434027,-1.0000074598207231,0.15698363453783346,-0.2606055758309621,0.7937653977820289,1.000000002263029,0.05216069012628024,-0.052180517412122804,-0.05316279638768682,-0.7935246355718257,0.7932972335896245,-0.7932762583726848,-0.7931078944428602,-0.1577789768892624,0.15776840566671438,-1.0000014853841617,-1.0000014853841628,-0.15687200465804513,0.1568256032694896,0.1568256032694899,0.05329422891322055,-0.05334977751305643,-0.053349777513055294,-0.15679804566721645,-0.15679804566721797,0.0533837202319865,0.05338372023198404,0.15678890263792386,-0.05339513274411858,0.7930245961548836,0.7930245961548869
0.5671492284064557,-0.5671109935609966,0.567071853193979,0.5670718531939751,0.6487725244139648,-0.9778013856756674,-0.05214774652573618,0.9944296488644212,0.9505247378235426,-0.5659992188051319,0.05216069012628024,0.9999999875018717,-0.9999867334325002,0.994444466429335,0.5663247381536024,-0.5666316660410075,0.566656942620352,0.5668857221009158,0.9778876743047039,-0.9778916993372424,-0.05216522599621822,-0.052165225996218444,-0.9944427095748724,0.9944476581886645,0.9944476581886684,-0.9944382880815716,0.9944350747432682,0.9944350747432691,-0.9944512650951501,-0.9944512650951496,-0.9944337993554305,-0.994433799355431,0.994452504331639,0.9944334178850089,-0.5669960817622707,-0.566996081762271
-0.5671350879584588,0.567096852415924,-0.5670577113950602,-0.5670577113950557,-0.6487898406254177,0.9778090490077425,0.052167573849870065,-0.9944359675468335,-0.9505220752837171,0.5659850585253715,-0.052180517412122804,-0.9999867334325002,0.9999999926692457,-0.9944466470043258,-0.5663105834598795,0.566617516621853,-0.5666427936798936,-0.5668715770693777,-0.9778871076802784,0.9778911329314902,0.05218505324788777,0.0521850532478878,0.9944483819785174,-0.9944533296918168,-0.9944533296918205,0.9944398219374212,-0.994436607497133,-0.9944366074971345,0.9944569360652412,0.9944569360652404,0.9944353314377398,0.9944353314377405,-0.9944581751249837,-0.9944349497416483,0.5669819386573254,0.5669819386573266
0.6506339798076676,-0.6505989447194926,0.6505627601059718,0.6505627601059679,0.565142358441443,-0.9503564193911168,0.05317612283940263,0.9778518571197609,0.977929740066447,-0.6495741291350283,-0.05316279638768682,0.994444466429335,-0.9944466470043258,0.9999999996236378,0.6498742767513922,-0.6501572408423733,0.6501803071721958,0.6503913442624087,0.9944616784452998,-0.9944652340446235,0.05315801491379496,0.05315801491379473,-0.9778766742082221,0.9778865096377442,0.9778865096377473,-1.0000077805678576,1.0000097736826414,1.000009773682643,-0.9778930187752436,-0.9778930187752424,-1.0000120732275803,-1.0000120732275806,0.9778952209086809,1.000012893749638,-0.6504929259771572,-0.6504929259771571
1.0000064587170194,-1.0000082194255326,1.0000075159643758,1.000007515964371,-0.2597596534619621,-0.38113434634381343,0.7935355277742443,0.47642973592475624,0.7943144607777755,-1.0000124024374317,-0.7935246355718257,0.5663247381536024,-0.5663105834598795,0.6498742767513922,1.0000000081405664,-1.000011426031807,1.0000088740473543,1.0000093365115348,0.7261253927025729,-0.7261191209773188,0.7935199453227277,0.7935199453227277,-0.4765298239627826,0.47657113501374193,0.47657113501374415,-0.6499789840650866,0.6500228706065,0.6500228706064994,-0.4765960765191969,-0.4765960765191954,-0.65005010660014,-0.6500501066001386,0.4766043775069011,0.6500592929748459,-1.0000078411840507,-1.000007841184055
-1.0000061932410749,1.0000079362015242,-1.0000072152154913,-1.0000072152154875,0.25939944112747426,0.3814788031994638,-0.7933081288476007,-0.4767572399951425,-0.7945404587723385,1.000010971264754,0.7932972335896245,-0.5666316660410075,0.566617516621853,-0.6501572408423733,-1.000011426031807,1.0000000073277455,-1.000009029375873,-1.0000095952120298,-0.7263812827217664,0.7263750144275805,-0.7932925424934367,-0.793292542493435,0.47685730824367206,-0.47689861092673147,-0.4768986109267334,0.6502619184680922,-0.6503057922842871,-0.6503057922842869,0.47692354766017475,0.4769235476601733,0.6503330207059488,0.6503330207059479,-0.47693184707721875,-0.6503422045487723,1.0000075060756364,1.0000075060756395
1.0000043174822837,-1.0000060589170732,1.0000053364291153,1.0000053364291108,-0.25936806349215064,-0.38150764188554714,0.7932871538726899,0.4767844480181267,0.7945583713344565,-1.000009050757161,-0.7932762583726848,0.566656942620352,-0.5666427936798936,0.6501803071721958,1.0000088740473543,-1.000009029375873,1.000000004625876,1.000007065044516,0.7264018855498952,-0.7263956175615783,0.793271567212541,0.7932715672125401,-0.4768845143833307,0.47692581627190644,0.4769258162719079,-0.6502849820573519,0.65032885470068,0.6503288547006787,-0.47695075254971137,-0.4769507525497095,-0.6503560824223557,-0.6503560824223542,0.4769590518166167,0.6503652660309731,-1.0000056243414057,-1.0000056243414086
1.0000050582448303,-1.0000067864832953,1.0000060509625228,1.0000060509625182,-0.2591004338356579,-0.3817641561918785,0.7931187922249759,0.47702844472270695,0.794727180866671,-1.0000094036528342,-0.7931078944428602,0.5668857221009158,-0.5668715770693777,0.6503913442624087,1.0000093365115348,-1.0000095952120298,1.000007065044516,1.0000000054998832,0.7265928604328123,-0.726586594990532,0.7931032026482907,0.79310320264829,-0.47712849646661315,0.4771697921716682,0.47716979217166977,-0.6504959971692688,0.6505398603911072,0.6505398603911062,-0.47719472492443776,-0.4771947249244358,-0.6505670825077139,-0.650567082507712,0.4772030230311929,0.6505762642422086,-1.0000069574394548,-1.0000069574394612
0.7268119585837086,-0.7267805080902425,0.7267476770849446,0.7267476770849396,0.47534031909244584,-0.9124059703065989,0.15779253801917428,0.9504515859857354,0.9944621596990023,-0.7258539160222562,-0.1577789768892624,0.9778876743047039,-0.9778871076802784,0.9944616784452998,0.7261253927025729,-0.7263812827217664,0.7264018855498952,0.7265928604328123,0.9999999942573597,-0.9999943537936246,0.15777400309633577,0.15777400309633566,-0.9504878711519469,0.9505024788840516,0.950502478884055,-0.9944830853465976,0.9944915373579145,0.9944915373579144,-0.9505118148386983,-0.9505118148386978,-0.9944973823394545,-0.9944973823394558,0.9505149543767292,0.9944993944115776,-0.7266845478339787,-0.7266845478339813
-0.7268056961170775,0.7267742451748653,-0.726741413741809,-0.726741413741804,-0.4753508258370629,0.9124120792158553,-0.1577819668038022,-0.9504566807355166,-0.9944634070911319,0.7258476406630483,0.15776840566671438,-0.9778916993372424,0.9778911329314902,-0.9944652340446235,-0.7261191209773188,0.7263750144275805,-0.7263956175615783,-0.726586594990532,-0.9999943537936246,0.9999999967761066,-0.15776343188229713,-0.15776343188229722,0.9504929647878056,-0.9505075720552442,-0.9505075720552468,0.9944859954427403,-0.9944944468654306,-0.9944944468654313,0.9505169077362745,0.9505169077362737,0.9945002914897033,0.9945002914897051,-0.9505200471836781,-0.9945023034418718,0.726678283641532,0.7266782836415326
0.792905149406769,-0.7929355144289095,0.7929635623149378,0.792963562314936,-0.7937790131873116,0.2601761591952323,1.0000044817633607,-0.15698787429550196,0.2606004648008669,-0.7937607084322296,-1.0000014853841617,-0.05216522599621822,0.05218505324788777,0.05315801491379496,0.7935199453227277,-0.7932925424934367,0.793271567212541,0.7931032026482907,0.15777400309633577,-0.15776343188229713,0.9999999989361977,0.9999985074237816,0.15687624476464013,-0.15682984351889004,-0.15682984351889043,-0.05328944712963207,0.05334499560138364,0.053344995601382485,0.15680228600455304,0.15680228600455473,-0.05337893823882888,-0.053378938238826446,-0.15679314300463507,0.05339035072334089,-0.7930199040596376,-0.7930199040596404
0.7929051494067682,-0.7929355144289099,0.7929635623149358,0.7929635623149348,-0.7937790131873107,0.2601761591952321,1.00000448176336,-0.15698787429550218,0.26060046480086674,-0.7937607084322271,-1.0000014853841628,-0.052165225996218444,0.0521850532478878,0.05315801491379473,0.7935199453227277,-0.793292542493435,0.7932715672125401,0.79310320264829,0.15777400309633566,-0.15776343188229722,0.9999985074237816,0.9999999989361977,0.15687624476464032,-0.15682984351889004,-0.15682984351889054,-0.05328944712963173,0.05334499560138337,0.05334499560138233,0.15680228600455312,0.15680228600455468,-0.053378938238828486,-0.053378938238826196,-0.15679314300463515,0.05339035072334071,-0.7930199040596367,-0.7930199040596403
-0.4774099480837529,0.47736893802049524,-0.4773272763893838,-0.4773272763893798,-0.7251894563305576,0.9944071177151423,0.15685958714628523,-0.9999882263282082,-0.9126005531361469,0.47618254666545934,-0.15687200465804513,-0.9944427095748724,0.9944483819785174,-0.9778766742082221,-0.4765298239627826,0.47685730824367206,-0.4768845143833307,-0.47712849646661315,-0.9504878711519469,0.9504929647878056,0.15687624476464013,0.15687624476464032,0.9999999919787187,-0.9999893984156801,-0.9999893984156855,0.9778567259602328,-0.9778476995578569,-0.9778476995578571,0.99998941997213,0.9999894199721303,0.977842864532489,0.97784286453249,-0.9999896828998979,-0.9778412856878008,0.4772464088487382,0.47724640884873853
0.4774512364734036,-0.47741022754768514,0.4773685669390687,0.47736856693906426,0.7251571119941704,-0.9944021702626257,-0.1568131854905599,0.9999875854785213,0.912619769593882,-0.4762238665714704,0.1568256032694896,0.9944476581886645,-0.9944533296918168,0.9778865096377442,0.47657113501374193,-0.47689861092673147,0.47692581627190644,0.4771697921716682,0.9505024788840516,-0.9505075720552442,-0.15682984351889004,-0.15682984351889004,-0.9999893984156801,0.999999991992522,0.9999887650871179,-0.9778665674934028,0.9778575436660952,0.9778575436660959,-0.999990076189297,-0.999989432073907,-0.9778527102192436,-0.9778527102192449,0.9999896954382639,0.9778511319056378,-0.4772877014735078,-0.47728770147350763
0.4774512364734051,-0.47741022754768714,0.4773685669390709,0.4773685669390667,0.7251571119941718,-0.9944021702626283,-0.15681318549055984,0.9999875854785251,0.9126197695938842,-0.47622386657147187,0.1568256032694899,0.9944476581886684,-0.9944533296918205,0.9778865096377473,0.47657113501374415,-0.4768986109267334,0.4769258162719079,0.47716979217166977,0.950502478884055,-0.9505075720552468,-0.15682984351889043,-0.15682984351889054,-0.9999893984156855,0.9999887650871179,0.999999991992522,-0.9778665674934063,0.9778575436660981,0.9778575436660993,-0.999989432073912,-0.9999900761893056,-0.9778527102192471,-0.9778527102192484,0.9999896954382669,0.9778511319056408,-0.47728770147350963,-0.47728770147350963
-0.6507386068574121,0.650703575734862,-0.6506673947819326,-0.6506673947819283,-0.5650384429837256,0.9503228792121713,-0.05330755585242366,-0.9778318941873136,-0.9779646467432216,0.6496788678819554,0.05329422891322055,-0.9944382880815716,0.9944398219374212,-1.0000077805678576,-0.6499789840650866,0.6502619184680922,-0.6502849820573519,-0.6504959971692688,-0.9944830853465976,0.9944859954427403,-0.05328944712963207,-0.05328944712963173,0.9778567259602328,-0.9778665674934028,-0.9778665674934063,1.0000000105614317,-1.0000181068837248,-1.0000181068837297,0.9778730802563743,0.9778730802563724,1.0000197667745339,1.000019766774535,-0.9778752835927111,-1.0000205887966385,0.6505975680083809,0.6505975680083828
0.6507824589984312,-0.6507474295739916,0.6507112501908785,0.6507112501908744,0.5649941574734374,-0.9503081216219021,0.053363104650449855,0.977822861590395,0.9779788175781087,-0.6497227678969839,-0.05334977751305643,0.9944350747432682,-0.994436607497133,1.0000097736826414,0.6500228706065,-0.6503057922842871,0.65032885470068,0.6505398603911072,0.9944915373579145,-0.9944944468654306,0.05334499560138364,0.05334499560138337,-0.9778476995578569,0.9778575436660952,0.9778575436660981,-1.0000181068837248,1.0000000143333119,1.000020110384238,-0.9778640579582147,-0.9778640579582141,-1.000023060391022,-1.0000224162756335,0.9778662618018851,1.0000232389315815,-0.6506414265698484,-0.6506414265698499
0.6507824589984306,-0.6507474295739909,0.6507112501908785,0.6507112501908733,0.564994157473439,-0.9503081216219037,0.05336310465044886,0.9778228615903954,0.977978817578107,-0.6497227678969834,-0.053349777513055294,0.9944350747432691,-0.9944366074971345,1.000009773682643,0.6500228706064994,-0.6503057922842869,0.6503288547006787,0.6505398603911062,0.9944915373579144,-0.9944944468654313,0.053344995601382485,0.05334499560138233,-0.9778476995578571,0.9778575436660959,0.9778575436660993,-1.0000181068837297,1.000020110384238,1.0000000143333119,-0.9778640579582155,-0.9778640579582141,-1.000022416275633,-1.0000230603910227,0.9778662618018856,1.0000232389315828,-0.6506414265698475,-0.6506414265698489
-0.4774761650511164,0.47743515677644255,-0.4773934967498514,-0.47739349674984793,-0.7251383096223029,0.9943998778107376,0.156785627720814,-0.9999882479809689,-0.9126318279178336,0.4762488131262185,-0.15679804566721645,-0.9944512650951501,0.9944569360652412,-0.9778930187752436,-0.4765960765191969,0.47692354766017475,-0.47695075254971137,-0.47719472492443776,-0.9505118148386983,0.9505169077362745,0.15680228600455304,0.15680228600455312,0.99998941997213,-0.999990076189297,-0.999989432073912,0.9778730802563743,-0.9778640579582147,-0.9778640579582155,0.9999999929438461,0.9999900998450247,0.9778592254491926,0.9778592254491935,-0.9999910075852088,-0.9778576474511473,0.47731263246790195,0.4773126324679022
-0.4774761650511151,0.4774351567764411,-0.4773934967498498,-0.47739349674984594,-0.7251383096223036,0.9943998778107376,0.1567856277208157,-0.9999882479809679,-0.9126318279178322,0.47624881312621703,-0.15679804566721797,-0.9944512650951496,0.9944569360652404,-0.9778930187752424,-0.4765960765191954,0.4769235476601733,-0.4769507525497095,-0.4771947249244358,-0.9505118148386978,0.9505169077362737,0.15680228600455473,0.15680228600455468,0.9999894199721303,-0.999989432073907,-0.9999900761893056,0.9778730802563724,-0.9778640579582141,-0.9778640579582141,0.9999900998450247,0.9999999929438462,0.9778592254491919,0.9778592254491929,-0.9999910075852073,-0.9778576474511455,0.47731263246790034,0.4773126324679002
-0.650809674518945,0.6507746461068251,-0.6507384676569292,-0.6507384676569251,-0.5649675160968319,0.9502997693801658,-0.05339704749958901,-0.9778180227669713,-0.9779881418412325,0.6497500119075253,0.0533837202319865,-0.9944337993554305,0.9944353314377398,-1.0000120732275803,-0.65005010660014,0.6503330207059488,-0.6503560824223557,-0.6505670825077139,-0.9944973823394545,0.9945002914897033,-0.05337893823882888,-0.053378938238828486,0.977842864532489,-0.9778527102192436,-0.9778527102192471,1.0000197667745339,-1.000023060391022,-1.000022416275633,0.9778592254491926,0.9778592254491919,1.000000017621097,1.0000247233193178,-0.9778614296040412,-1.0000261904781178,0.6506686459119478,0.650668645911949
-0.6508096745189441,0.6507746461068239,-0.6507384676569282,-0.6507384676569232,-0.5649675160968345,0.9502997693801676,-0.05339704749958657,-0.9778180227669727,-0.9779881418412325,0.6497500119075242,0.05338372023198404,-0.994433799355431,0.9944353314377405,-1.0000120732275806,-0.6500501066001386,0.6503330207059479,-0.6503560824223542,-0.650567082507712,-0.9944973823394558,0.9945002914897051,-0.053378938238826446,-0.053378938238826196,0.97784286453249,-0.9778527102192449,-0.9778527102192484,1.000019766774535,-1.0000224162756335,-1.0000230603910227,0.9778592254491935,0.9778592254491929,1.0000247233193178,1.000000017621097,-0.9778614296040417,-1.0000261904781136,0.6506686459119468,0.6506686459119475
0.47748446178346976,-0.4774434537232376,0.4774017938881437,0.47740179388813947,0.7251320973023694,-0.9943991583559135,-0.1567764846353961,0.9999885098563951,0.912635869741944,-0.47625711577580815,0.15678890263792386,0.994452504331639,-0.9944581751249837,0.9778952209086809,0.4766043775069011,-0.47693184707721875,0.4769590518166167,0.4772030230311929,0.9505149543767292,-0.9505200471836781,-0.15679314300463507,-0.15679314300463515,-0.9999896828998979,0.9999896954382639,0.9999896954382669,-0.9778752835927111,0.9778662618018851,0.9778662618018856,-0.9999910075852088,-0.9999910075852073,-0.9778614296040412,-0.9778614296040417,0.9999999933196955,0.9778598517106993,-0.47732092999578607,-0.4773209299957865
0.650818854047684,-0.6507838259741926,0.6507476478362789,0.6507476478362739,0.5649585873433975,-0.9502970069008629,0.05340846005613253,0.9778164426443949,0.9779913227027013,-0.6497592009628509,-0.05339513274411858,0.9944334178850089,-0.9944349497416483,1.000012893749638,0.6500592929748459,-0.6503422045487723,0.6503652660309731,0.6505762642422086,0.9944993944115776,-0.9945023034418718,0.05339035072334089,0.05339035072334071,-0.9778412856878008,0.9778511319056378,0.9778511319056408,-1.0000205887966385,1.0000232389315815,1.0000232389315828,-0.9778576474511473,-0.9778576474511455,-1.0000261904781178,-1.0000261904781136,0.9778598517106993,1.0000000187944087,-0.6506778267186161,-0.6506778267186171
-1.0000036983580909,1.0000054201716262,-1.0000053224251237,-1.0000046783097294,0.2589697468405995,0.3818883314083658,-0.7930354950288542,-0.4771463643924761,-0.7948079643439268,1.0000078550038036,0.7930245961548836,-0.5669960817622707,0.5669819386573254,-0.6504929259771572,-1.0000078411840507,1.0000075060756364,-1.0000056243414057,-1.0000069574394548,-0.7266845478339787,0.726678283641532,-0.7930199040596376,-0.7930199040596367,0.4772464088487382,-0.4772877014735078,-0.47728770147350963,0.6505975680083809,-0.6506414265698484,-0.6506414265698475,0.47731263246790195,0.47731263246790034,0.6506686459119478,0.6506686459119468,-0.47732092999578607,-0.6506778267186161,1.0000000035125136,1.000004928236611
-1.0000036983580942,1.0000054201716304,-1.0000046783097376,-1.0000053224251233,0.2589697468406016,0.38188833140836564,-0.7930354950288593,-0.4771463643924759,-0.7948079643439288,1.0000078550038065,0.7930245961548869,-0.566996081762271,0.5669819386573266,-0.6504929259771571,-1.000007841184055,1.0000075060756395,-1.0000056243414086,-1.0000069574394612,-0.7266845478339813,0.7266782836415326,-0.7930199040596404,-0.7930199040596403,0.47724640884873853,-0.47728770147350763,-0.47728770147350963,0.6505975680083828,-0.6506414265698499,-0.6506414265698489,0.4773126324679022,0.4773126324679002,0.650668645911949,0.6506686459119475,-0.4773209299957865,-0.6506778267186171,1.000004928236611,1.0000000035125136
