0.999999998517588,-0.9999987644193123,0.9999986457331546,0.9999984144753615,-0.9999979413069875,0.9999984144753633,-0.9999986457331563,-0.9999984144753652,-0.9999988128635524,0.49999945381686456,0.4999994538168635,0.9999988128635495,-0.49999945381686517,-0.49999945381686534,0.9999979413069886,-0.9999979413069847
-0.9999987644193123,0.999999999199021,-0.9999994688457363,-0.9999992375878404,0.9999984144753615,-0.999998887643896,0.9999991189017948,0.9999988876438985,0.9999992860323325,-0.49999969040131426,-0.49999969040131403,-0.9999992860323289,0.49999969040131464,0.499999690401315,-0.9999984144753629,0.9999984144753608
0.9999986457331546,-0.9999994688457363,0.9999999995320668,0.9999991189017903,-0.9999986457331519,0.9999991189017917,-0.9999993501597448,-0.9999994688457357,-0.999999867234269,0.49999980603032973,0.4999998060303302,0.9999995172903293,-0.49999980603033056,-0.4999998060303304,0.9999986457331543,-0.9999986457331512
0.9999984144753615,-0.9999992375878404,0.9999991189017903,0.999999999199021,-0.9999984144753585,0.9999988876438927,-0.9999994688457337,-0.9999988876438957,-0.9999992860323288,0.4999996904013135,0.49999969040131187,0.9999992860323269,-0.4999996904013133,-0.4999996904013139,0.99999841447536,-0.9999987644193061
-0.9999979413069875,0.9999984144753615,-0.9999986457331519,-0.9999984144753585,0.999999998517588,-0.9999987644193014,0.9999986457331543,0.9999984144753618,0.9999988128635502,-0.49999945381686256,-0.4999994538168631,-0.9999988128635466,0.49999945381686334,0.49999945381686367,-0.999997941306986,0.9999979413069835
0.9999984144753633,-0.999998887643896,0.9999991189017917,0.9999988876438927,-0.9999987644193014,0.999999999199021,-0.9999994688457353,-0.9999992375878448,-0.9999992860323303,0.4999996904013147,0.49999969040131303,0.9999992860323283,-0.49999969040131487,-0.49999969040131464,0.9999984144753619,-0.99999841447536
-0.9999986457331563,0.9999991189017948,-0.9999993501597448,-0.9999994688457337,0.9999986457331543,-0.9999994688457353,0.9999999995320668,0.9999991189017964,0.9999995172903329,-0.4999998060303311,-0.49999980603033023,-0.9999998672342686,0.4999998060303312,0.4999998060303317,-0.9999986457331548,0.9999986457331534
-0.9999984144753652,0.9999988876438985,-0.9999994688457357,-0.9999988876438957,0.9999984144753618,-0.9999992375878448,0.9999991189017964,0.999999999199021,0.9999992860323322,-0.49999969040131514,-0.4999996904013146,-0.9999992860323297,0.49999969040131526,0.49999969040131576,-0.999998764419309,0.9999984144753611
-0.9999988128635524,0.9999992860323325,-0.999999867234269,-0.9999992860323288,0.9999988128635502,-0.9999992860323303,0.9999995172903329,0.9999992860323322,0.9999999997727601,-0.5000002395395359,-0.5000002395395373,-0.9999996844208989,0.49999988959559694,0.499999889595597,-0.999998812863551,0.9999988128635484
0.49999945381686456,-0.49999969040131426,0.49999980603032973,0.4999996904013135,-0.49999945381686256,0.4999996904013147,-0.4999998060303311,-0.49999969040131514,-0.5000002395395359,1.0000000004646705,-0.5000010582714768,0.49999988959559516,-0.24999996849035402,-0.24999996849036102,0.49999945381686384,-0.49999945381686334
0.4999994538168635,-0.49999969040131403,0.4999998060303302,0.49999969040131187,-0.4999994538168631,0.49999969040131303,-0.49999980603033023,-0.4999996904013146,-0.5000002395395373,-0.5000010582714768,1.0000000004646705,0.4999998895955947,-0.24999996849035824,-0.2499999684903518,0.49999945381686334,-0.4999994538168616
0.9999988128635495,-0.9999992860323289,0.9999995172903293,0.9999992860323269,-0.9999988128635466,0.9999992860323283,-0.9999998672342686,-0.9999992860323297,-0.9999996844208989,0.49999988959559516,0.4999998895955947,0.9999999997727601,-0.5000002395395391,-0.5000002395395374,0.9999988128635477,-0.9999988128635465
-0.49999945381686517,0.49999969040131464,-0.49999980603033056,-0.4999996904013133,0.49999945381686334,-0.49999969040131487,0.4999998060303312,0.49999969040131526,0.49999988959559694,-0.24999996849035402,-0.24999996849035824,-0.5000002395395391,1.0000000004646705,-0.5000010582714858,-0.4999994538168643,0.49999945381686334
-0.49999945381686534,0.499999690401315,-0.4999998060303304,-0.4999996904013139,0.49999945381686367,-0.49999969040131464,0.4999998060303317,0.49999969040131576,0.499999889595597,-0.24999996849036102,-0.2499999684903518,-0.5000002395395374,-0.5000010582714858,1.0000000004646705,-0.49999945381686456,0.4999994538168631
0.9999979413069886,-0.9999984144753629,0.9999986457331543,0.99999841447536,-0.999997941306986,0.9999984144753619,-0.9999986457331548,-0.999998764419309,-0.999998812863551,0.49999945381686384,0.49999945381686334,0.9999988128635477,-0.4999994538168643,-0.49999945381686456,0.999999998517588,-0.9999979413069847
-0.9999979413069847,0.9999984144753608,-0.9999986457331512,-0.9999987644193061,0.9999979413069835,-0.99999841447536,0.9999986457331534,0.9999984144753611,0.9999988128635484,-0.49999945381686334,-0.4999994538168616,-0.9999988128635465,0.49999945381686334,0.4999994538168631,-0.9999979413069847,0.999999998517588
