1.0000000009864445,-0.999995000763981,0.7939048330180346,0.7938950706340278,0.05241930565136763,-0.05245778483032687,-0.05239960993238114,0.15727530183952967,-0.05288674881890288,0.566156213579578,-0.5661392771885173,0.10478680199430133,0.794061482796034,0.5958310006333248,-0.5958237844307095,-0.5958347968714628,0.6488462642988805,0.5361798873411979,-0.26055469292934125,-0.26035770319083545,0.15760423941721974,0.39976983763746493,-0.6946614094423142,-0.47058535237080823,-0.7939828200567104,0.052907633529741
-0.999995000763981,0.9999999943635873,-0.7938968027900742,-0.7938922522915242,-0.05242334262754556,0.05246182163737629,0.0524036469958517,-0.15727880580164233,0.05288222423459646,-0.5661538690434409,0.5661369328669491,-0.10478415257929283,-0.794060410457847,-0.5958321712886373,0.5958249552237896,0.5958359674563819,-0.6488471752937234,-0.5361813051395196,0.2605493485979343,0.26036063532889586,-0.15759927741224056,-0.3997716997901343,0.6946620505929499,0.470587001484573,0.7939817484756556,-0.05290310885521676
0.7939048330180346,-0.7938968027900742,0.9999999986427768,0.26055287540177585,-0.5655898537596664,0.5655583844877209,0.5656061065573195,-0.4756137402585457,-0.6491780498402127,0.10503328803188895,-0.105005275244367,-0.09415259750545597,0.260819180303566,0.29713268698066814,-0.2971098287881549,-0.29714443890220377,0.3048533446326825,0.286036765053735,-0.7938932819420257,0.3803758373263621,0.7255658748001422,0.25451148226636844,-0.30920083669251874,-0.27178328552686215,-0.26069420349661526,0.6491945659196238
0.7938950706340278,-0.7938922522915242,0.26055287540177585,1.0000000008606165,0.6488363829369538,-0.6488660108469277,-0.6488213629043857,0.7253502111845551,0.5652198662423791,0.793909246964134,-0.7939103686756579,0.26052512333956657,0.9999991245174802,0.6489404362598331,-0.6489518369559055,-0.6489347118076936,0.7253972429836837,0.5653223526343037,0.3802016523572286,-0.793784224711838,-0.47533732939322554,0.38025540104122235,-0.793794728254249,-0.4754247205747976,-0.9999974545913289,-0.5652032216039117
0.05241930565136763,-0.05242334262754556,-0.5655898537596664,0.6488363829369538,1.0000000011832069,-1.0000004123381157,-0.9999998869188992,0.9944441073668722,0.9944574917246607,0.5953816677120211,-0.5954047040147253,0.29676694913494533,0.6486247173519826,0.32011556388835605,-0.3201433181200232,-0.32010141174287476,0.37934087223337704,0.2574335764462586,0.9504757663056658,-0.9778392517196776,-0.9778859550170876,0.12419552855747214,-0.4343407271859825,-0.1918765039773974,-0.6487232848804131,-0.9944562912636679
-0.05245778483032687,0.05246182163737629,0.5655583844877209,-0.6488660108469277,-1.0000004123381157,1.0000000019067266,1.0000021389641427,-0.9944469164967428,-0.9944521972615644,-0.5953999257863802,0.5954229614431199,-0.29676630114377184,-0.6486543521130084,-0.3201413929142968,0.3201691468056769,0.32012724094743794,-0.37936833738516385,-0.2574574815899915,-0.9504642787907562,0.9778478083852977,0.9778783955571025,-0.12421481504455884,0.4343695237050367,0.19189822026458717,0.6487529164020932,0.9944527436151178
-0.05239960993238114,0.0524036469958517,0.5656061065573195,-0.6488213629043857,-0.9999998869188992,1.0000021389641427,1.000000001154561,-0.9944420106844144,-0.9944595455347871,-0.5953725049775334,0.5953955416160215,-0.2967674258879068,-0.6486096937567005,-0.32010235278227983,0.32013010719530965,0.3200882005417036,-0.3793268428275761,-0.25742133084748947,-0.9504818766713852,0.9778351024064086,0.9778900600543268,-0.12418560908277389,0.434326035149678,0.19186535961636794,0.6487082629693657,0.9944583454887703
0.15727530183952967,-0.15727880580164233,-0.4756137402585457,0.7253502111845551,0.9944441073668722,-0.9944469164967428,-0.9944420106844144,1.0000000027547198,0.977858255491125,0.648469999251376,-0.6484909945823264,0.3045164178253503,0.7251584380282287,0.379397251298112,-0.37942393699102406,-0.37938365630898485,0.44355513599960344,0.3111212570036576,0.9124681814673848,-0.9944499930575915,-0.9504293187431203,0.16497840566333502,-0.5027751714828251,-0.23937530123061115,-0.7252476189097038,-0.9778548663023336
-0.05288674881890288,0.05288222423459646,-0.6491780498402127,0.5652198662423791,0.9944574917246607,-0.9944521972615644,-0.9944595455347871,0.977858255491125,1.0000000019156177,0.5357454466110142,-0.5357702658846933,0.28572054864187196,0.5649906819227373,0.25736775445288057,-0.2573962678916026,-0.25735320289968583,0.31100852580674193,0.20096913221225476,0.9778904151909682,-0.9503987457475032,-0.9944570331531859,0.08209940186178409,-0.36118211466426536,-0.14232131986168,-0.5650975305588275,-1.0000019302818592
0.566156213579578,-0.5661538690434409,0.10503328803188895,0.793909246964134,0.5953816677120211,-0.5953999257863802,-0.5953725049775334,0.648469999251376,0.5357454466110142,1.0000000019994668,-0.9999994743981272,0.7938752851284989,0.7938621096606958,0.05258154690815864,-0.05259619363629965,-0.05257407255550193,0.157368112397496,-0.05273805090670325,0.39939457617853547,-0.6943424677540755,-0.47017036435304227,-0.260475873419208,-0.2604003174862464,0.15748205840404098,-0.7938839984127797,-0.5357346078121745
-0.5661392771885173,0.5661369328669491,-0.105005275244367,-0.7939103686756579,-0.5954047040147253,0.5954229614431199,0.5953955416160215,-0.6484909945823264,-0.5357702658846933,-0.9999994743981272,0.9999999997487535,-0.7938699273317019,-0.7938614759052616,-0.052585338598384795,0.05259998607980927,0.05257786386049376,-0.15737169779374435,0.05273409241245094,-0.39942211869384014,0.6943611893218987,0.4701966913301258,0.2604717153657327,0.2604036564036966,-0.1574779775494384,0.7938851159466945,0.5357594274208736
0.10478680199430133,-0.10478415257929283,-0.09415259750545597,0.26052512333956657,0.29676694913494533,-0.29676630114377184,-0.2967674258879068,0.3045164178253503,0.28572054864187196,0.7938752851284989,-0.7938699273317019,1.0000000009743557,0.2604522560129161,-0.5654970499361418,0.565485185264157,0.565503198027814,-0.47557531979131085,-0.6491033141536137,0.2542860839438059,-0.30888410314482817,-0.2715072969688506,-0.7938751033713183,0.38037932264178015,0.7255156316573476,-0.26048698096868367,-0.2857199887812366
0.794061482796034,-0.794060410457847,0.260819180303566,0.9999991245174802,0.6486247173519826,-0.6486543521130084,-0.6486096937567005,0.7251584380282287,0.5649906819227373,0.7938621096606958,-0.7938614759052616,0.2604522560129161,0.999999997942483,0.6489961842280793,-0.6490075773875557,-0.64899046364331,0.7254473914333921,0.565383055709053,0.3799452238516919,-0.7936162172278116,-0.4750931680646337,0.380323955641034,-0.7938369765568605,-0.475489710477585,-0.9999954164295997,-0.5649740337863426
0.5958310006333248,-0.5958321712886373,0.29713268698066814,0.6489404362598331,0.32011556388835605,-0.3201413929142968,-0.32010235278227983,0.379397251298112,0.25736775445288057,0.05258154690815864,-0.052585338598384795,-0.5654970499361418,0.6489961842280793,0.9999999956361574,-0.9999925287441138,-0.9999921091817322,0.9944441105247989,0.9944492644517324,0.12405135753775932,-0.4344461354958228,-0.19176626405403324,0.9504451211769752,-0.9778533076148253,-0.977871180464888,-0.6489688383798268,-0.2573539724553774
-0.5958237844307095,0.5958249552237896,-0.2971098287881549,-0.6489518369559055,-0.3201433181200232,0.3201691468056769,0.32013010719530965,-0.37942393699102406,-0.2573962678916026,-0.05259619363629965,0.05259998607980927,0.565485185264157,-0.6490075773875557,-0.9999925287441138,0.9999999961793514,0.9999942357732152,-0.99444428279673,-0.9944463545122104,-0.12408043588052615,0.43447145644380863,0.19179522050684936,-0.9504409300231959,0.9778567462515215,0.9778684887290078,0.6489802350634032,0.25738248604978686
-0.5958347968714628,0.5958359674563819,-0.29714443890220377,-0.6489347118076936,-0.32010141174287476,0.32012724094743794,0.3200882005417036,-0.37938365630898485,-0.25735320289968583,-0.05257407255550193,0.05257786386049376,0.565503198027814,-0.64899046364331,-0.9999921091817322,0.9999942357732152,0.9999999955789013,-0.9944432825436914,-0.9944500110517589,-0.12403649391877064,0.4344332485611781,0.19175147445921592,-0.9504474083276476,0.9778517012188876,0.9778727058376083,0.648963115986451,0.2573394208201037
0.6488462642988805,-0.6488471752937234,0.3048533446326825,0.7253972429836837,0.37934087223337704,-0.37936833738516385,-0.3793268428275761,0.44355513599960344,0.31100852580674193,0.157368112397496,-0.15737169779374435,-0.47557531979131085,0.7254473914333921,0.9944441105247989,-0.99444428279673,-0.9944432825436914,0.999999997980374,0.9778635069539973,0.16480875321685237,-0.5028228025251217,-0.23922788568678502,0.9124581729957918,-0.9944450682785029,-0.9504324652832263,-0.7254226620134385,-0.3109937552321919
0.5361798873411979,-0.5361813051395196,0.286036765053735,0.5653223526343037,0.2574335764462586,-0.2574574815899915,-0.25742133084748947,0.3111212570036576,0.20096913221225476,-0.05273805090670325,0.05273409241245094,-0.6491033141536137,0.565383055709053,0.9944492644517324,-0.9944463545122104,-0.9944500110517589,0.9778635069539973,0.999999997726052,0.08201727316119148,-0.36133587789769434,-0.14227619853170806,0.9778717053193002,-0.9504215749923675,-0.9944486298549925,-0.5653534089409086,-0.2009564922454893
-0.26055469292934125,0.2605493485979343,-0.7938932819420257,0.3802016523572286,0.9504757663056658,-0.9504642787907562,-0.9504818766713852,0.9124681814673848,0.9778904151909682,0.39939457617853547,-0.39942211869384014,0.2542860839438059,0.3799452238516919,0.12405135753775932,-0.12408043588052615,-0.12403649391877064,0.16480875321685237,0.08201727316119148,1.0000000017330222,-0.8643304360936591,-0.9944589951584536,-0.004339290369348558,-0.20372184673917623,-0.03905326405926403,-0.380065000091992,-0.977895754583023
-0.26035770319083545,0.26036063532889586,0.3803758373263621,-0.793784224711838,-0.9778392517196776,0.9778478083852977,0.9778351024064086,-0.9944499930575915,-0.9503987457475032,-0.6943424677540755,0.6943611893218987,-0.30888410314482817,-0.7936162172278116,-0.4344461354958228,0.43447145644380863,0.4344332485611781,-0.5028228025251217,-0.36133587789769434,-0.8643304360936591,1.0000000080777578,0.9124198689313315,-0.20391479826936895,0.5656042914903288,0.28419951653669934,0.7936950230163831,0.9503932060388468
0.15760423941721974,-0.15759927741224056,0.7255658748001422,-0.47533732939322554,-0.9778859550170876,0.9778783955571025,0.9778900600543268,-0.9504293187431203,-0.9944570331531859,-0.47017036435304227,0.4701966913301258,-0.2715072969688506,-0.4750931680646337,-0.19176626405403324,0.19179522050684936,0.19175147445921592,-0.23922788568678502,-0.14227619853170806,-0.9944589951584536,0.9124198689313315,1.00000000270018,-0.03909250702480632,0.2840190379825648,0.09118777845657532,0.4752071128226566,0.9944619677553648
0.39976983763746493,-0.3997716997901343,0.25451148226636844,0.38025540104122235,0.12419552855747214,-0.12421481504455884,-0.12418560908277389,0.16497840566333502,0.08209940186178409,-0.260475873419208,0.2604717153657327,-0.7938751033713183,0.380323955641034,0.9504451211769752,-0.9504409300231959,-0.9504474083276476,0.9124581729957918,0.9778717053193002,-0.004339290369348558,-0.20391479826936895,-0.03909250702480632,0.9999999991901797,-0.8643409508905169,-0.994449987803802,-0.3802907113452533,-0.08208945221288406
-0.6946614094423142,0.6946620505929499,-0.30920083669251874,-0.793794728254249,-0.4343407271859825,0.4343695237050367,0.434326035149678,-0.5027751714828251,-0.36118211466426536,-0.2604003174862464,0.2604036564036966,0.38037932264178015,-0.7938369765568605,-0.9778533076148253,0.9778567462515215,0.9778517012188876,-0.9944450682785029,-0.9504215749923675,-0.20372184673917623,0.5656042914903288,0.2840190379825648,-0.8643409508905169,0.9999999984114025,0.9124428787747975,0.7938168839858899,0.3611665194232842
-0.47058535237080823,0.470587001484573,-0.27178328552686215,-0.4754247205747976,-0.1918765039773974,0.19189822026458717,0.19186535961636794,-0.23937530123061115,-0.14232131986168,0.15748205840404098,-0.1574779775494384,0.7255156316573476,-0.475489710477585,-0.977871180464888,0.9778684887290078,0.9778727058376083,-0.9504324652832263,-0.9944486298549925,-0.03905326405926403,0.28419951653669934,0.09118777845657532,-0.994449987803802,0.9124428787747975,0.9999999986473709,0.4754580892782475,0.14230996204828963
-0.7939828200567104,0.7939817484756556,-0.26069420349661526,-0.9999974545913289,-0.6487232848804131,0.6487529164020932,0.6487082629693657,-0.7252476189097038,-0.5650975305588275,-0.7938839984127797,0.7938851159466945,-0.26048698096868367,-0.9999954164295997,-0.6489688383798268,0.6489802350634032,0.648963115986451,-0.7254226620134385,-0.5653534089409086,-0.380065000091992,0.7936950230163831,0.4752071128226566,-0.3802907113452533,0.7938168839858899,0.4754580892782475,0.9999999980140554,0.565080884077197
0.052907633529741,-0.05290310885521676,0.6491945659196238,-0.5652032216039117,-0.9944562912636679,0.9944527436151178,0.9944583454887703,-0.9778548663023336,-1.0000019302818592,-0.5357346078121745,0.5357594274208736,-0.2857199887812366,-0.5649740337863426,-0.2573539724553774,0.25738248604978686,0.2573394208201037,-0.3109937552321919,-0.2009564922454893,-0.977895754583023,0.9503932060388468,0.9944619677553648,-0.08208945221288406,0.3611665194232842,0.14230996204828963,0.565080884077197,1.000000003344296
