0.9999999995621253,-0.9999996383561512,0.9999989870538031,1.0000002073110934,-0.9999993881949434,0.999999599372067,-0.9999989870538136,-1.0000002073110956,-0.9999986216743857,-0.9999986216743811,0.9999983993551886,0.9999983993551882,0.9999986216743846,0.9999986216743827,-0.9999983993551971,-0.9999983993551944,-1.0000007653040448,1.0000012032549026,1.0000007653040477,-1.0000012032548986,-1.000001220480153,1.0000012204801532,-0.9999983242870822,0.9999983242870831
-0.9999996383561512,0.9999999998644082,-0.9999992372149566,-1.0000004574724513,0.9999995993720643,-0.9999998105492363,0.9999991982308786,1.0000004184883622,0.9999988328513865,0.9999988328513846,-0.9999986105321523,-0.9999986105321514,-0.9999988328513867,-0.9999988328513849,0.9999986105321593,0.9999986105321563,1.000000976481405,-1.0000014144323368,-1.0000009764814084,1.000001414432334,1.0000014316575814,-1.000001431657582,0.9999985354640325,-0.999998535464031
0.9999989870538031,-0.9999992372149566,0.9999999989879234,0.9999998061709059,-0.9999989870538059,0.9999991982308738,-0.9999985859115771,-0.9999998061709076,-0.9999982595157884,-0.999998259515784,0.9999979982122037,0.9999979982122037,0.9999982205316944,0.9999982205316944,-0.9999979982122111,-0.9999979982122089,-1.0000003641647355,1.00000080211624,1.0000003641647404,-1.0000008021162365,-1.000000819341871,1.0000008193418723,-0.9999979231439948,0.9999979231439938
1.0000002073110934,-1.0000004574724513,0.9999998061709059,1.0000000007346237,-1.0000002073110963,1.0000004184883666,-0.999999806170917,-1.0000010264266186,-0.9999994407917963,-0.9999994407917938,0.999999218472809,0.9999992184728079,0.9999994407917944,0.9999994407917943,-0.9999992184728176,-0.9999992184728134,-1.0000016234030014,1.000002022369288,1.0000015844189127,-1.0000020223692854,-1.0000020395941602,1.0000020395941602,-0.9999991434047747,0.9999991434047747
-0.9999993881949434,0.9999995993720643,-0.9999989870538059,-1.0000002073110963,0.9999999995621253,-0.999999638356164,0.9999989870538172,1.000000207311098,0.9999986216743887,0.9999986216743839,-0.9999983993551924,-0.9999983993551922,-0.9999986216743864,-0.9999986216743852,0.9999983993552009,0.999998399355196,1.0000007653040484,-1.000001203254905,-1.0000007653040515,1.0000012032549013,1.0000012204801556,-1.0000012204801556,0.9999983242870856,-0.9999983242870863
0.999999599372067,-0.9999998105492363,0.9999991982308738,1.0000004184883666,-0.999999638356164,0.9999999998644082,-0.999999237214977,-1.0000004574724615,-0.9999988328513935,-0.9999988328513902,0.9999986105321577,0.999998610532158,0.9999988328513927,0.9999988328513917,-0.9999986105321664,-0.9999986105321623,-1.0000009764814117,1.0000014144323437,1.0000009764814148,-1.0000014144323404,-1.0000014316575876,1.0000014316575885,-0.9999985354640375,0.9999985354640388
-0.9999989870538136,0.9999991982308786,-0.9999985859115771,-0.999999806170917,0.9999989870538172,-0.999999237214977,0.9999999989879234,0.9999998061709192,0.9999982205317074,0.9999982205317044,-0.9999979982122155,-0.9999979982122146,-0.9999982595157983,-0.9999982595157944,0.9999979982122238,0.999997998212219,1.0000003641647466,-1.0000008021162536,-1.0000003641647508,1.000000802116249,1.0000008193418828,-1.0000008193418835,0.9999979231440057,-0.9999979231440076
-1.0000002073110956,1.0000004184883622,-0.9999998061709076,-1.0000010264266186,1.000000207311098,-1.0000004574724615,0.9999998061709192,1.0000000007346237,0.9999994407917973,0.9999994407917955,-0.9999992184728111,-0.9999992184728108,-0.9999994407917974,-0.9999994407917946,0.9999992184728187,0.9999992184728164,1.000001584418911,-1.0000020223692905,-1.0000016234030054,1.0000020223692863,1.0000020395941616,-1.0000020395941607,0.9999991434047765,-0.9999991434047777
-0.9999986216743857,0.9999988328513865,-0.9999982595157884,-0.9999994407917963,0.9999986216743887,-0.9999988328513935,0.9999982205317074,0.9999994407917973,0.9999999984649114,0.9999978551516737,-0.999997671816173,-0.9999976328320831,-0.9999978551516762,-0.9999978551516745,0.9999976328320903,0.9999976328320879,0.9999999987859447,-1.0000004367376807,-0.9999999987859481,1.0000004367376771,1.000000453963489,-1.0000004539634888,0.9999975577638376,-0.9999975577638381
-0.9999986216743811,0.9999988328513846,-0.999998259515784,-0.9999994407917938,0.9999986216743839,-0.9999988328513902,0.9999982205317044,0.9999994407917955,0.9999978551516737,0.9999999984649114,-0.9999976328320811,-0.99999767181617,-0.9999978551516728,-0.9999978551516713,0.9999976328320876,0.9999976328320843,0.9999999987859425,-1.0000004367376787,-0.999999998785946,1.000000436737675,1.0000004539634857,-1.0000004539634857,0.9999975577638351,-0.9999975577638357
0.9999983993551886,-0.9999986105321523,0.9999979982122037,0.999999218472809,-0.9999983993551924,0.9999986105321577,-0.9999979982122155,-0.9999992184728111,-0.999997671816173,-0.9999976328320811,0.9999999981466792,0.9999974105124206,0.999997632832082,0.9999976328320825,-0.999997410512429,-0.999997410512425,-0.9999997764671713,1.0000002144190625,0.9999997764671762,-1.0000002144190585,-1.0000002316449832,1.0000002316449845,-0.9999973744282412,0.9999973354441535
0.9999983993551882,-0.9999986105321514,0.9999979982122037,0.9999992184728079,-0.9999983993551922,0.999998610532158,-0.9999979982122146,-0.9999992184728108,-0.9999976328320831,-0.99999767181617,0.9999974105124206,0.999999998146679,0.9999976328320817,0.9999976328320811,-0.9999974105124273,-0.9999974105124254,-0.999999776467171,1.00000021441906,0.999999776467174,-1.0000002144190583,-1.0000002316449845,1.0000002316449836,-0.999997374428246,0.999997335444152
0.9999986216743846,-0.9999988328513867,0.9999982205316944,0.9999994407917944,-0.9999986216743864,0.9999988328513927,-0.9999982595157983,-0.9999994407917974,-0.9999978551516762,-0.9999978551516728,0.999997632832082,0.9999976328320817,0.9999999984649114,0.9999978551516737,-0.9999976718161774,-0.9999976328320868,-0.9999999987859444,1.0000004367376807,0.9999999987859476,-1.0000004367376778,-1.0000004539634881,1.0000004539634884,-0.9999975577638368,0.9999975577638381
0.9999986216743827,-0.9999988328513849,0.9999982205316944,0.9999994407917943,-0.9999986216743852,0.9999988328513917,-0.9999982595157944,-0.9999994407917946,-0.9999978551516745,-0.9999978551516713,0.9999976328320825,0.9999976328320811,0.9999978551516737,0.9999999984649114,-0.9999976328320899,-0.9999976718161755,-0.9999999987859438,1.0000004367376794,0.999999998785946,-1.0000004367376756,-1.000000453963488,1.0000004539634881,-0.9999975577638359,0.999997557763837
-0.9999983993551971,0.9999986105321593,-0.9999979982122111,-0.9999992184728176,0.9999983993552009,-0.9999986105321664,0.9999979982122238,0.9999992184728187,0.9999976328320903,0.9999976328320876,-0.999997410512429,-0.9999974105124273,-0.9999976718161774,-0.9999976328320899,0.9999999981466792,0.9999974105124328,0.9999997764671783,-1.0000002144190687,-0.9999997764671824,1.0000002144190658,1.0000002316449914,-1.000000231644992,0.9999973354441601,-0.999997374428246
-0.9999983993551944,0.9999986105321563,-0.9999979982122089,-0.9999992184728134,0.999998399355196,-0.9999986105321623,0.999997998212219,0.9999992184728164,0.9999976328320879,0.9999976328320843,-0.999997410512425,-0.9999974105124254,-0.9999976328320868,-0.9999976718161755,0.9999974105124328,0.9999999981466792,0.9999997764671755,-1.0000002144190658,-0.9999997764671794,1.0000002144190625,1.000000231644989,-1.000000231644989,0.9999973354441564,-0.9999973744282488
-1.0000007653040448,1.000000976481405,-1.0000003641647355,-1.0000016234030014,1.0000007653040484,-1.0000009764814117,1.0000003641647466,1.000001584418911,0.9999999987859447,0.9999999987859425,-0.9999997764671713,-0.999999776467171,-0.9999999987859444,-0.9999999987859438,0.9999997764671783,0.9999997764671755,1.000000001533344,-1.0000026193445484,-1.0000021424105512,1.0000025803604518,1.0000025975849933,-1.0000025975849942,0.9999997013992112,-0.9999997013992105
1.0000012032549026,-1.0000014144323368,1.00000080211624,1.000002022369288,-1.000001203254905,1.0000014144323437,-1.0000008021162536,-1.0000020223692905,-1.0000004367376807,-1.0000004367376787,1.0000002144190625,1.00000021441906,1.0000004367376807,1.0000004367376794,-1.0000002144190687,-1.0000002144190658,-1.0000026193445484,1.0000000021602335,1.0000025803604582,-1.000003057294097,-1.0000030745183976,1.0000030355343068,-1.0000001393511535,1.0000001393511546
1.0000007653040477,-1.0000009764814084,1.0000003641647404,1.0000015844189127,-1.0000007653040515,1.0000009764814148,-1.0000003641647508,-1.0000016234030054,-0.9999999987859481,-0.999999998785946,0.9999997764671762,0.999999776467174,0.9999999987859476,0.999999998785946,-0.9999997764671824,-0.9999997764671794,-1.0000021424105512,1.0000025803604582,1.000000001533344,-1.0000026193445437,-1.0000025975849969,1.0000025975849978,-0.9999997013992142,0.9999997013992141
-1.0000012032548986,1.000001414432334,-1.0000008021162365,-1.0000020223692854,1.0000012032549013,-1.0000014144323404,1.000000802116249,1.0000020223692863,1.0000004367376771,1.000000436737675,-1.0000002144190585,-1.0000002144190583,-1.0000004367376778,-1.0000004367376756,1.0000002144190658,1.0000002144190625,1.0000025803604518,-1.000003057294097,-1.0000026193445437,1.0000000021602335,1.0000030355343033,-1.0000030745183899,1.0000001393511508,-1.0000001393511504
-1.000001220480153,1.0000014316575814,-1.000000819341871,-1.0000020395941602,1.0000012204801556,-1.0000014316575876,1.0000008193418828,1.0000020395941616,1.000000453963489,1.0000004539634857,-1.0000002316449832,-1.0000002316449845,-1.0000004539634881,-1.000000453963488,1.0000002316449914,1.000000231644989,1.0000025975849933,-1.0000030745183976,-1.0000025975849969,1.0000030355343033,1.0000000021848887,-1.0000030527584838,1.000000156577116,-1.0000001565771182
1.0000012204801532,-1.000001431657582,1.0000008193418723,1.0000020395941602,-1.0000012204801556,1.0000014316575885,-1.0000008193418835,-1.0000020395941607,-1.0000004539634888,-1.0000004539634857,1.0000002316449845,1.0000002316449836,1.0000004539634884,1.0000004539634881,-1.000000231644992,-1.000000231644989,-1.0000025975849942,1.0000030355343068,1.0000025975849978,-1.0000030745183899,-1.0000030527584838,1.0000000021848887,-1.0000001565771177,1.000000156577118
-0.9999983242870822,0.9999985354640325,-0.9999979231439948,-0.9999991434047747,0.9999983242870856,-0.9999985354640375,0.9999979231440057,0.9999991434047765,0.9999975577638376,0.9999975577638351,-0.9999973744282412,-0.999997374428246,-0.9999975577638368,-0.9999975577638359,0.9999973354441601,0.9999973354441564,0.9999997013992112,-1.0000001393511535,-0.9999997013992142,1.0000001393511508,1.000000156577116,-1.0000001565771177,0.9999999980392245,-0.999997260375876
0.9999983242870831,-0.999998535464031,0.9999979231439938,0.9999991434047747,-0.9999983242870863,0.9999985354640388,-0.9999979231440076,-0.9999991434047777,-0.9999975577638381,-0.9999975577638357,0.9999973354441535,0.999997335444152,0.9999975577638381,0.999997557763837,-0.999997374428246,-0.9999973744282488,-0.9999997013992105,1.0000001393511546,0.9999997013992141,-1.0000001393511504,-1.0000001565771182,1.000000156577118,-0.999997260375876,0.9999999980392245
