0.9999999999499467,-1.000000055768048,-1.0000001044002054,0.9999999021131932,0.9999998591069543,0.9999999516232168,0.9999999516232169,-0.9999999715702474,0.9999999687049512,1.000000027817445,0.9999999777092965,-0.999999918101383,0.9999998821291363,0.9999999295581627,-1.0000000190766438,-0.9999999715702504,0.9999999541582032,-0.9999998628350972,0.9999997921301541,-0.9999999497259819,0.9999998607289665,-0.9999998579584815,-0.9999997912056323,-0.999999957939772,-0.999999957939772,0.9999998558758018,-0.9999997843132353,0.9999997394864465,-0.9999998544827022,0.9999997832724927,-0.9999997391313384,1.0000000278174457,-0.9999997499171716,0.9999997496664605,0.9999997629413465,-0.9999997628524676
-1.000000055768048,0.9999999999016521,0.9999999098403338,-1.0000000287078372,-0.999999985691431,-0.9999999169538957,-0.9999999169538968,0.9999999367505876,-0.9999999338308051,-0.9999999929592558,-0.9999999444477418,0.9999998847851393,-0.9999998487948699,-0.9999998963533551,0.9999999841561595,0.9999999367505876,-0.9999999207819871,0.999999829409862,-0.999999758702883,0.9999999164072713,-0.999999827362603,0.9999998245687708,0.9999997577952382,0.9999999247786696,0.9999999247786675,-0.999999822441046,0.9999997508602106,-0.9999997059938596,0.9999998210556509,-0.9999997498282789,0.9999997056412313,-0.9999999929592556,0.9999997163982348,-0.9999997161488774,-0.9999997294079406,0.9999997293194886
-1.0000001044002054,0.9999999098403338,0.9999999999709799,-0.9999999160614536,-0.9999998730653508,-1.000000126845492,-1.000000126845492,0.9999999868679019,-0.9999999840575117,-1.0000000431537255,-0.9999999914354863,0.9999999318829321,-0.9999998959287927,-0.9999999432271638,1.0000000344756979,0.9999999868679027,-0.9999999679996286,0.9999998767262146,-0.9999998060231685,0.9999999635093494,-0.9999998745606639,0.9999998718139961,0.9999998050816141,0.9999999715645157,0.9999999715645157,-0.9999998697758209,0.9999997982319592,-0.999999753444983,0.9999998683749322,-0.999999797182318,0.9999997530873672,-1.0000000431537257,0.9999997639020866,-0.9999997636500086,-0.9999997769407567,0.999999776851447
0.9999999021131932,-1.0000000287078372,-0.9999999160614536,0.9999999999111583,0.999999832328015,0.9999999230827167,0.9999999230827173,-0.9999999428046102,0.9999999398577113,0.9999999989936137,0.9999999512741352,-1.0000000516610672,0.9999998555855977,0.9999999032079504,-0.9999999901595166,-0.9999999428046111,0.9999999275506694,-0.9999998361549104,0.9999997654466563,-0.9999999232043395,0.9999998341367419,-0.9999998313319254,-0.9999997645473441,-0.9999999316544771,-0.9999999316544752,0.9999998291798929,-0.9999997575906887,0.9999997127046076,-0.9999998277982832,0.9999997565630974,-0.9999997123532034,0.9999999989936126,-0.9999997230955373,0.9999997228468446,0.9999997360978693,-0.9999997360096267
0.9999998591069543,-0.999999985691431,-0.9999998730653508,0.999999832328015,0.999999999849832,0.9999998800909023,0.9999998800909036,-0.9999998998161972,0.9999998968705077,0.999999956005387,0.999999908245934,-0.9999998485587995,0.9999998125597842,0.9999998601782297,-0.9999999471726432,-0.9999998998161972,0.9999998845242658,-0.9999999532067556,0.9999997224218797,-0.9999998801762177,0.9999997911107541,-0.9999999483835557,-0.9999997215220715,-0.9999998886229514,-0.9999998886229516,0.9999997861534853,-0.9999997145657007,0.9999996696803448,-0.999999784771607,0.9999997135378292,-0.9999996693288576,0.9999999560053867,-0.9999996800713282,0.9999996798225889,0.9999996930737167,-0.9999996929854574
0.9999999516232168,-0.9999999169538957,-1.000000126845492,0.9999999230827167,0.9999998800909023,0.9999999999817129,0.9999999743410989,-1.0000001545849995,0.9999999917235219,1.0000000508114584,0.9999999983534743,-0.9999999388272542,0.9999999028812434,0.9999999501188842,-1.0000000421620654,-0.9999999945088535,0.9999999749691667,-0.9999998837197416,0.9999998130170356,-0.9999999704519273,0.9999998815266605,-0.9999998787920023,-0.9999998120675769,-0.9999999784350599,-0.9999999784350597,0.9999998767707442,-0.9999998052366819,0.999999760467768,-0.9999998753662067,0.999999804182894,-0.9999997601089811,1.0000000508114573,-0.9999997709363063,0.9999997706835857,0.9999997839812852,-0.9999997838917759
0.9999999516232169,-0.9999999169538968,-1.000000126845492,0.9999999230827173,0.9999998800909036,0.9999999743410989,0.9999999999817129,-0.9999999945088532,0.9999999917235222,1.000000050811459,0.9999999983534746,-0.9999999388272548,0.9999999028812436,0.9999999501188848,-1.0000000421620652,-1.0000001545849935,0.9999999749691669,-0.9999998837197414,0.9999998130170357,-0.9999999704519285,0.9999998815266607,-0.9999998787920039,-0.9999998120675767,-0.9999999784350624,-0.999999978435062,0.9999998767707444,-0.9999998052366822,0.999999760467768,-0.9999998753662076,0.999999804182894,-0.9999997601089812,1.0000000508114577,-0.9999997709363065,0.9999997706835863,0.9999997839812863,-0.9999997838917765
-0.9999999715702474,0.9999999367505876,0.9999999868679019,-0.9999999428046102,-0.9999998998161972,-1.0000001545849995,-0.9999999945088532,1.0000000000105007,-1.0000001720436629,-1.000000231124754,-1.0000000179915063,0.9999999584867727,-0.9999999225473098,-0.9999999697356609,1.0000000624223724,1.0000000147325832,-0.9999999946486872,0.999999903418893,-0.9999998327163699,0.9999999901095654,-0.9999999012034798,0.9999998984787407,0.9999998317604981,0.9999999980345445,0.9999999980345444,-0.9999998964705417,0.9999998249446305,-0.9999997801902978,0.9999998950630367,-0.9999998238874716,0.9999997798305608,-1.0000000710486086,0.9999997906679678,-0.9999997904147288,-0.9999998037179921,0.9999998036283159
0.9999999687049512,-0.9999999338308051,-0.9999999840575117,0.9999999398577113,0.9999998968705077,0.9999999917235219,0.9999999917235222,-1.0000001720436629,1.000000000006565,1.0000000682883694,1.0000000150141728,-0.999999955517264,0.9999999195801587,0.9999999667506312,-1.0000002197466609,-1.0000001720436602,0.9999999916863128,-0.9999999004636787,0.9999998297611873,-0.9999999871392481,0.999999898240163,-0.9999998955190689,-0.999999828802989,-0.9999999950432148,-0.9999999950432142,0.9999998935154303,-0.9999998219925229,0.9999997772434589,-0.9999998921068461,0.9999998209341421,-0.9999997768833756,1.0000000682883687,-0.9999997877244029,0.9999997874709708,0.9999998007762348,-0.9999998006865012
1.000000027817445,-0.9999999929592558,-1.0000000431537255,0.9999999989936137,0.999999956005387,1.0000000508114584,1.000000050811459,-1.000000231124754,1.0000000682883694,1.000000000090778,1.0000000741567718,-1.000000014659229,0.9999999787210915,1.000000025895499,-1.0000001187454384,-1.000000071048611,1.0000000508218798,-0.9999999595992989,0.9999998888958194,-1.0000000462766403,0.999999957377768,-0.9999999546575848,-0.9999998879381741,-1.0000000541883591,-1.0000000541883582,0.9999999526459805,-0.9999998811244544,0.999999836373414,-0.9999999512375839,0.999999880066327,-0.9999998360133969,1.0000001273661914,-0.9999998468521,0.9999998465987008,0.9999998599027418,-0.999999859813015
0.9999999777092965,-0.9999999444477418,-0.9999999914354863,0.9999999512741352,0.999999908245934,0.9999999983534743,0.9999999983534746,-1.0000000179915063,1.0000000150141728,1.0000000741567718,1.0000000000194695,-1.0000001276756185,0.9999999315897408,0.9999999792815494,-1.0000000652878474,-1.0000000179915078,1.000000003526197,-0.9999999121065014,0.9999998413958043,-0.9999999992108103,0.999999910120168,-0.9999999073052598,-0.9999998405055922,-1.000000007749948,-1.000000007749948,0.9999999051193144,-0.9999998335232034,0.9999997886147965,-0.9999999037417666,0.9999998325003171,-0.9999997882647101,1.0000000741567703,-0.9999997989894505,0.9999997987414717,0.9999998119829133,-0.9999998118948934
-0.999999918101383,0.9999998847851393,0.9999999318829321,-1.0000000516610672,-0.9999998485587995,-0.9999999388272542,-0.9999999388272548,0.9999999584867727,-0.999999955517264,-1.000000014659229,-1.0000001276756185,0.9999999999343495,-1.000000031957483,-1.0000000796329354,1.0000000057992757,0.9999999584867733,-0.9999999438276496,0.9999998524124036,-0.9999997817029589,0.9999999395049121,-0.999999850418421,0.9999998476046636,0.9999997808105726,0.9999999480208484,0.9999999480208472,-0.9999998454316646,0.9999997738357068,-0.9999997289331197,0.9999998440531968,-0.9999997728117218,0.9999997285827282,-1.0000000146592292,0.9999997393126956,-0.9999997390645553,-0.9999997523088094,0.9999997522207391
0.9999998821291363,-0.9999998487948699,-0.9999998959287927,0.9999998555855977,0.9999998125597842,0.9999999028812434,0.9999999028812436,-0.9999999225473098,0.9999999195801587,0.9999999787210915,0.9999999315897408,-1.000000031957483,0.9999999998830233,0.9999998835444508,-0.9999999698638198,-0.9999999225473106,0.9999999078225338,-0.999999816409939,0.9999997457003299,-0.9999999034970691,0.9999998144132034,-0.9999999716770847,-0.999999744807149,-0.9999999120061718,-0.999999912006172,0.9999998094284653,-0.9999997378338181,0.999999692932887,-0.9999998080496116,0.9999997368094047,-0.9999996925823746,0.9999999787210917,-0.9999997033133545,0.9999997030651452,0.9999997163099708,-0.9999997162218787
0.9999999295581627,-0.9999998963533551,-0.9999999432271638,0.9999999032079504,0.9999998601782297,0.9999999501188842,0.9999999501188848,-0.9999999697356609,0.9999999667506312,1.000000025895499,0.9999999792815494,-1.0000000796329354,0.9999998835444508,0.9999999999510034,-1.0000000170177799,-0.9999999697356609,0.9999999554748934,-0.9999998640481915,0.9999997933371215,-0.9999999511676883,0.9999998620702282,-0.9999998592520398,-0.9999997924493089,-1.0000001198055943,-1.0000001198055968,0.9999998570594946,-0.9999997854607726,0.9999997405466519,-0.9999998556830422,0.9999997844391375,-0.9999997401969188,1.000000025895498,-0.9999997509174983,0.9999997506697105,0.9999997639088676,-0.9999997638209069
-1.0000000190766438,0.9999999841561595,1.0000000344756979,-0.9999999901595166,-0.9999999471726432,-1.0000000421620654,-1.0000000421620652,1.0000000624223724,-1.0000002197466609,-1.0000001187454384,-1.0000000652878474,1.0000000057992757,-0.9999999698638198,-1.0000000170177799,1.0000000000784968,1.0000000624223746,-1.000000041969977,0.9999999507556162,-0.9999998800521397,1.0000000374156484,-0.9999999485248154,0.9999999458088479,0.9999998790918297,1.0000000453034126,1.0000000453034126,-0.999999943802282,0.9999998722842321,-0.999999827539187,0.9999999423926482,-0.999999871224702,0.9999998271787756,-1.000000118745439,0.9999998380215815,-0.9999998377679641,-0.9999998510742718,0.9999998509844774
-0.9999999715702504,0.9999999367505876,0.9999999868679027,-0.9999999428046111,-0.9999998998161972,-0.9999999945088535,-1.0000001545849935,1.0000000147325832,-1.0000001720436602,-1.000000071048611,-1.0000000179915078,0.9999999584867733,-0.9999999225473106,-0.9999999697356609,1.0000000624223746,1.0000000000105007,-0.9999999946486879,0.9999999034188947,-0.9999998327163695,0.9999999901095658,-0.9999999012034798,0.9999998984787424,0.9999998317604976,0.9999999980345466,0.9999999980345444,-0.9999998964705409,0.9999998249446305,-0.9999997801902976,0.9999998950630369,-0.9999998238874712,0.9999997798305612,-1.0000002311247524,0.99999979066797,-0.9999997904147278,-0.9999998037179927,0.9999998036283169
0.9999999541582032,-0.9999999207819871,-0.9999999679996286,0.9999999275506694,0.9999998845242658,0.9999999749691667,0.9999999749691669,-0.9999999946486872,0.9999999916863128,1.0000000508218798,1.000000003526197,-0.9999999438276496,0.9999999078225338,0.9999999554748934,-1.000000041969977,-0.9999999946486879,0.9999999999855779,-1.000000048438478,0.9999998176504042,-0.9999999754316978,0.9999998863584286,-0.9999998835535705,-0.9999998167551185,-0.9999999839280873,-0.9999999839280862,0.9999998813691242,-0.9999998097820175,0.9999997648840703,-0.9999998799891233,0.9999998087564083,-0.999999764533208,1.0000000508218791,-0.9999997752640084,0.9999997750155968,0.9999997882604661,-0.9999997881723075
-0.9999998628350972,0.999999829409862,0.9999998767262146,-0.9999998361549104,-0.9999999532067556,-0.9999998837197416,-0.9999998837197414,0.999999903418893,-0.9999999004636787,-0.9999999595992989,-0.9999999121065014,0.9999998524124036,-0.999999816409939,-0.9999998640481915,0.9999999507556162,0.9999999034188947,-1.000000048438478,0.9999999998552899,-0.9999998863289479,0.999999884023159,-0.9999997949526586,0.9999997921480441,0.9999997253556225,0.9999998924981368,0.9999998924981363,-0.9999997899778075,0.9999997183899016,-0.999999673497303,0.9999997885970291,-0.9999997173633488,0.9999996731461815,-0.9999999595992987,0.9999996838821572,-0.9999996836336096,-0.9999996968812479,0.9999996967930485
0.9999997921301541,-0.999999758702883,-0.9999998060231685,0.9999997654466563,0.9999997224218797,0.9999998130170356,0.9999998130170357,-0.9999998327163699,0.9999998297611873,0.9999998888958194,0.9999998413958043,-0.9999997817029589,0.9999997457003299,0.9999997933371215,-0.9999998800521397,-0.9999998327163695,0.9999998176504042,-0.9999998863289479,0.9999999997544939,-0.9999998133105703,0.9999997242416253,-0.9999997214384958,-0.999999814720236,-0.9999998217858499,-0.9999998217858503,0.9999997192636837,-0.9999998077534173,0.9999996027843505,-0.9999997178827603,0.9999996466505987,-0.9999996024331902,0.9999998888958198,-0.9999996131683454,0.9999996129197728,0.9999996261670031,-0.9999996260787943
-0.9999999497259819,0.9999999164072713,0.9999999635093494,-0.9999999232043395,-0.9999998801762177,-0.9999999704519273,-0.9999999704519285,0.9999999901095654,-0.9999999871392481,-1.0000000462766403,-0.9999999992108103,0.9999999395049121,-0.9999999034970691,-0.9999999511676883,1.0000000374156484,0.9999999901095658,-0.9999999754316978,0.999999884023159,-0.9999998133105703,0.9999999999794074,-1.0000000421037318,0.999999879220033,0.999999812417668,0.9999999796266825,0.9999999796266814,-0.9999998770268811,0.9999998054378576,-0.9999997605340365,0.9999998756479438,-0.9999998044134798,0.9999997601835193,-1.000000046276641,0.9999997709097431,-0.9999997706615186,-0.9999997839038913,0.9999997838157917
0.9999998607289665,-0.999999827362603,-0.9999998745606639,0.9999998341367419,0.9999997911107541,0.9999998815266605,0.9999998815266607,-0.9999999012034798,0.999999898240163,0.999999957377768,0.999999910120168,-0.999999850418421,0.9999998144132034,0.9999998620702282,-0.9999999485248154,-0.9999999012034798,0.9999998863584286,-0.9999997949526586,0.9999997242416253,-1.0000000421037318,0.9999999998524298,-0.9999999502192217,-0.999999883423039,-0.9999998905262306,-0.9999998905262301,0.999999787964506,-0.9999997163744618,0.9999996714759063,-0.9999997865848279,0.9999997153491783,-0.9999996711251379,0.9999999573777667,-0.9999996818565421,0.9999996816081899,0.9999996948533311,-0.999999694765192
-0.9999998579584815,0.9999998245687708,0.9999998718139961,-0.9999998313319254,-0.9999999483835557,-0.9999998787920023,-0.9999998787920039,0.9999998984787407,-0.9999998955190689,-0.9999999546575848,-0.9999999073052598,0.9999998476046636,-0.9999999716770847,-0.9999998592520398,0.9999999458088479,0.9999998984787424,-0.9999998835535705,0.9999997921480441,-0.9999997214384958,0.999999879220033,-0.9999999502192217,0.9999999998484268,0.9999997205429496,0.9999998877074534,0.9999998877074532,-0.9999997851670058,0.9999997135752188,-0.9999996686796422,0.9999997837870549,-0.9999997125495618,0.9999996683287775,-0.9999999546575835,0.9999996790635266,-0.9999996788151237,-0.99999969206203,0.9999996919738765
-0.9999997912056323,0.9999997577952382,0.9999998050816141,-0.9999997645473441,-0.9999997215220715,-0.9999998120675769,-0.9999998120675767,0.9999998317604981,-0.999999828802989,-0.9999998879381741,-0.9999998405055922,0.9999997808105726,-0.999999744807149,-0.9999997924493089,0.9999998790918297,0.9999998317604976,-0.9999998167551185,0.9999997253556225,-0.999999814720236,0.999999812417668,-0.999999883423039,0.9999997205429496,0.999999999753215,0.9999998208997575,0.9999998208997571,-0.9999997183656606,0.9999996467786693,-0.9999996018840254,0.999999716985049,-0.9999998058284937,0.9999996015329651,-0.9999998879381741,0.9999996122667947,-0.9999996120182763,-0.9999996252647808,0.9999996251765892
-0.999999957939772,0.9999999247786696,0.9999999715645157,-0.9999999316544771,-0.9999998886229514,-0.9999999784350599,-0.9999999784350624,0.9999999980345445,-0.9999999950432148,-1.0000000541883591,-1.000000007749948,0.9999999480208484,-0.9999999120061718,-1.0000001198055943,1.0000000453034126,0.9999999980345466,-0.9999999839280873,0.9999998924981368,-0.9999998217858499,0.9999999796266825,-0.9999998905262306,0.9999998877074534,0.9999998208997575,0.9999999999915954,0.9999999882073568,-0.9999998855033773,0.9999998139048816,-0.9999997689859795,0.99999988412764,-0.9999998128841082,0.9999997686364827,-1.000000054188359,0.9999997793526426,-0.9999997791049807,-0.9999997923417661,0.9999997922538459
-0.999999957939772,0.9999999247786675,0.9999999715645157,-0.9999999316544752,-0.9999998886229516,-0.9999999784350597,-0.999999978435062,0.9999999980345444,-0.9999999950432142,-1.0000000541883582,-1.000000007749948,0.9999999480208472,-0.999999912006172,-1.0000001198055968,1.0000000453034126,0.9999999980345444,-0.9999999839280862,0.9999998924981363,-0.9999998217858503,0.9999999796266814,-0.9999998905262301,0.9999998877074532,0.9999998208997571,0.9999999882073568,0.9999999999915954,-0.9999998855033778,0.9999998139048816,-0.9999997689859803,0.9999998841276395,-0.9999998128841074,0.9999997686364821,-1.0000000541883578,0.9999997793526434,-0.9999997791049798,-0.9999997923417655,0.9999997922538454
0.9999998558758018,-0.999999822441046,-0.9999998697758209,0.9999998291798929,0.9999997861534853,0.9999998767707442,0.9999998767707444,-0.9999998964705417,0.9999998935154303,0.9999999526459805,0.9999999051193144,-0.9999998454316646,0.9999998094284653,0.9999998570594946,-0.999999943802282,-0.9999998964705409,0.9999998813691242,-0.9999997899778075,0.9999997192636837,-0.9999998770268811,0.999999787964506,-0.9999997851670058,-0.9999997183656606,-0.9999998855033773,-0.9999998855033778,0.9999999998453201,-0.9999998714711996,0.9999996665014793,-0.9999997815939231,0.9999997103679348,-0.9999996661501797,0.9999999526459792,-0.999999676882444,0.9999996766337826,0.999999689879569,-0.9999996897913289
-0.9999997843132353,0.9999997508602106,0.9999997982319592,-0.9999997575906887,-0.9999997145657007,-0.9999998052366819,-0.9999998052366822,0.9999998249446305,-0.9999998219925229,-0.9999998811244544,-0.9999998335232034,0.9999997738357068,-0.9999997378338181,-0.9999997854607726,0.9999998722842321,0.9999998249446305,-0.9999998097820175,0.9999997183899016,-0.9999998077534173,0.9999998054378576,-0.9999997163744618,0.9999997135752188,0.9999996467786693,0.9999998139048816,0.9999998139048816,-0.9999998714711996,0.9999999997432832,-0.9999997549974152,0.9999997100134717,-0.9999996387850281,0.9999995945699074,-0.9999998811244524,0.9999996053052947,-0.9999996050566033,-0.9999996183040298,0.9999996182157824
0.9999997394864465,-0.9999997059938596,-0.999999753444983,0.9999997127046076,0.9999996696803448,0.999999760467768,0.999999760467768,-0.9999997801902978,0.9999997772434589,0.999999836373414,0.9999997886147965,-0.9999997289331197,0.999999692932887,0.9999997405466519,-0.999999827539187,-0.9999997801902976,0.9999997648840703,-0.999999673497303,0.9999996027843505,-0.9999997605340365,0.9999996714759063,-0.9999996686796422,-0.9999996018840254,-0.9999997689859795,-0.9999997689859803,0.9999996665014793,-0.9999997549974152,0.999999999679295,-0.9999996651190669,0.9999995938929743,-0.9999997097582115,0.9999998363734122,-0.9999997204959392,0.9999995601709635,0.9999995734196931,-0.9999995733313984
-0.9999998544827022,0.9999998210556509,0.9999998683749322,-0.9999998277982832,-0.999999784771607,-0.9999998753662067,-0.9999998753662076,0.9999998950630367,-0.9999998921068461,-0.9999999512375839,-0.9999999037417666,0.9999998440531968,-0.9999998080496116,-0.9999998556830422,0.9999999423926482,0.9999998950630369,-0.9999998799891233,0.9999997885970291,-0.9999997178827603,0.9999998756479438,-0.9999997865848279,0.9999997837870549,0.999999716985049,0.99999988412764,0.9999998841276395,-0.9999997815939231,0.9999997100134717,-0.9999996651190669,0.9999999998433508,-0.9999998690626417,0.9999996647678112,-0.9999999512375828,0.9999996754994012,-0.999999675250762,-0.9999996884961834,0.9999996884079496
0.9999997832724927,-0.9999997498282789,-0.999999797182318,0.9999997565630974,0.9999997135378292,0.999999804182894,0.999999804182894,-0.9999998238874716,0.9999998209341421,0.999999880066327,0.9999998325003171,-0.9999997728117218,0.9999997368094047,0.9999997844391375,-0.999999871224702,-0.9999998238874712,0.9999998087564083,-0.9999997173633488,0.9999996466505987,-0.9999998044134798,0.9999997153491783,-0.9999997125495618,-0.9999998058284937,-0.9999998128841082,-0.9999998128841074,0.9999997103679348,-0.9999996387850281,0.9999995938929743,-0.9999998690626417,0.9999999997418186,-0.9999997536178022,0.9999998800663255,-0.9999996042763196,0.9999996040276556,0.9999996172746844,-0.9999996171864458
-0.9999997391313384,0.9999997056412313,0.9999997530873672,-0.9999997123532034,-0.9999996693288576,-0.9999997601089811,-0.9999997601089812,0.9999997798305608,-0.9999997768833756,-0.9999998360133969,-0.9999997882647101,0.9999997285827282,-0.9999996925823746,-0.9999997401969188,0.9999998271787756,0.9999997798305612,-0.999999764533208,0.9999996731461815,-0.9999996024331902,0.9999997601835193,-0.9999996711251379,0.9999996683287775,0.9999996015329651,0.9999997686364827,0.9999997686364821,-0.9999996661501797,0.9999995945699074,-0.9999997097582115,0.9999996647678112,-0.9999997536178022,0.9999999996787939,-0.9999998360133959,0.9999995600679772,-0.9999997198952901,-0.9999995730677645,0.9999995729794746
1.0000000278174457,-0.9999999929592556,-1.0000000431537257,0.9999999989936126,0.9999999560053867,1.0000000508114573,1.0000000508114577,-1.0000000710486086,1.0000000682883687,1.0000001273661914,1.0000000741567703,-1.0000000146592292,0.9999999787210917,1.000000025895498,-1.000000118745439,-1.0000002311247524,1.0000000508218791,-0.9999999595992987,0.9999998888958198,-1.000000046276641,0.9999999573777667,-0.9999999546575835,-0.9999998879381741,-1.000000054188359,-1.0000000541883578,0.9999999526459792,-0.9999998811244524,0.9999998363734122,-0.9999999512375828,0.9999998800663255,-0.9999998360133959,1.000000000090778,-0.9999998468521003,0.9999998465987001,0.9999998599027397,-0.9999998598130144
-0.9999997499171716,0.9999997163982348,0.9999997639020866,-0.9999997230955373,-0.9999996800713282,-0.9999997709363063,-0.9999997709363065,0.9999997906679678,-0.9999997877244029,-0.9999998468521,-0.9999997989894505,0.9999997393126956,-0.9999997033133545,-0.9999997509174983,0.9999998380215815,0.99999979066797,-0.9999997752640084,0.9999996838821572,-0.9999996131683454,0.9999997709097431,-0.9999996818565421,0.9999996790635266,0.9999996122667947,0.9999997793526426,0.9999997793526434,-0.999999676882444,0.9999996053052947,-0.9999997204959392,0.9999996754994012,-0.9999996042763196,0.9999995600679772,-0.9999998468521003,0.9999999996941,-0.9999995705575057,-0.999999743882836,0.9999995837183607
0.9999997496664605,-0.9999997161488774,-0.9999997636500086,0.9999997228468446,0.9999996798225889,0.9999997706835857,0.9999997706835863,-0.9999997904147288,0.9999997874709708,0.9999998465987008,0.9999997987414717,-0.9999997390645553,0.9999997030651452,0.9999997506697105,-0.9999998377679641,-0.9999997904147278,0.9999997750155968,-0.9999996836336096,0.9999996129197728,-0.9999997706615186,0.9999996816081899,-0.9999996788151237,-0.9999996120182763,-0.9999997791049807,-0.9999997791049798,0.9999996766337826,-0.9999996050566033,0.9999995601709635,-0.999999675250762,0.9999996040276556,-0.9999997198952901,0.9999998465987001,-0.9999995705575057,0.9999999996937455,0.9999995835576845,-0.999999743545496
0.9999997629413465,-0.9999997294079406,-0.9999997769407567,0.9999997360978693,0.9999996930737167,0.9999997839812852,0.9999997839812863,-0.9999998037179921,0.9999998007762348,0.9999998599027418,0.9999998119829133,-0.9999997523088094,0.9999997163099708,0.9999997639088676,-0.9999998510742718,-0.9999998037179927,0.9999997882604661,-0.9999996968812479,0.9999996261670031,-0.9999997839038913,0.9999996948533311,-0.99999969206203,-0.9999996252647808,-0.9999997923417661,-0.9999997923417655,0.999999689879569,-0.9999996183040298,0.9999995734196931,-0.9999996884961834,0.9999996172746844,-0.9999995730677645,0.9999998599027397,-0.999999743882836,0.9999995835576845,0.9999999997126321,-0.9999997567949346
-0.9999997628524676,0.9999997293194886,0.999999776851447,-0.9999997360096267,-0.9999996929854574,-0.9999997838917759,-0.9999997838917765,0.9999998036283159,-0.9999998006865012,-0.999999859813015,-0.9999998118948934,0.9999997522207391,-0.9999997162218787,-0.9999997638209069,0.9999998509844774,0.9999998036283169,-0.9999997881723075,0.9999996967930485,-0.9999996260787943,0.9999997838157917,-0.999999694765192,0.9999996919738765,0.9999996251765892,0.9999997922538459,0.9999997922538454,-0.9999996897913289,0.9999996182157824,-0.9999995733313984,0.9999996884079496,-0.9999996171864458,0.9999995729794746,-0.9999998598130144,0.9999995837183607,-0.999999743545496,-0.9999997567949346,0.999999999712506
