1.000000005972339,-1.0000086267716413,-1.0000086267716393,-1.0000064483542133,-1.0000094710373102,1.0000043008848092,1.000009851948027,1.0000098519480252,-1.0000021207673868,0.9999999842087803,-0.9999989816711163,-0.9999989816711159,0.9999984092834803,0.9999987328791826,0.9999984092834793,0.9999987328791832,-0.9999981192133038,0.999997784681966,-1.0000101080992212,-1.0000101080992205,1.0000101932974208
-1.0000086267716413,1.000000006328931,1.0000088273384977,1.0000066489204829,1.0000096716045042,-1.0000045495637164,-1.0000101006285866,-1.000010100628586,1.0000023694457174,-1.0000002328865607,0.9999992303486376,0.9999992303486376,-0.9999986579608584,-0.9999989815566296,-0.9999986579608587,-0.9999989815566304,0.999998367890611,-0.999998033359188,1.0000103567798773,1.0000103567798757,-1.0000104419781093
-1.0000086267716393,1.0000088273384977,1.000000006328931,1.0000066489204829,1.0000096716045028,-1.0000045495637164,-1.0000101006285875,-1.0000101006285858,1.000002369445717,-1.0000002328865603,0.9999992303486386,0.999999230348637,-0.9999986579608603,-0.9999989815566278,-0.9999986579608587,-0.9999989815566295,0.9999983678906122,-0.9999980333591872,1.0000103567798777,1.0000103567798762,-1.0000104419781102
-1.0000064483542133,1.0000066489204829,1.0000066489204829,1.000000003205217,1.0000074931848684,-1.000002419268185,-1.0000079222080942,-1.0000079222080942,1.0000001910417204,-0.9999980544872458,0.9999970519515203,0.9999970519515196,-0.9999964795650084,-0.9999968031600405,-0.9999964795650075,-0.9999968031600412,0.9999961894954044,-0.9999958549647143,1.0000081783588801,1.0000081783588786,-1.000008263556946
-1.0000094710373102,1.0000096716045042,1.0000096716045028,1.0000074931848684,1.0000000075395563,-1.0000053938265818,-1.0000109930078867,-1.0000109930078829,1.0000032137068897,-1.00000107714599,1.0000000746072517,1.0000000746072508,-0.9999995022189687,-0.9999998258150914,-0.9999995022189657,-0.9999998258150932,0.9999992121484591,-0.9999988776167624,1.0000112010459987,1.0000112010459963,-1.000011286244239
1.0000043008848092,-1.0000045495637164,-1.0000045495637164,-1.000002419268185,-1.0000053938265818,1.0000000001948777,1.0000058228489983,1.000005822848996,-0.9999981398116394,0.9999959551484592,-0.9999949526148504,-0.9999949526148498,0.9999943802295609,0.9999947038238748,0.9999943802295608,0.9999947038238763,-0.9999940901605769,0.9999937556305923,-1.000006078999305,-1.0000060789993033,1.0000061641972156
1.000009851948027,-1.0000101006285866,-1.0000101006285875,-1.0000079222080942,-1.0000109930078867,1.0000058228489983,1.0000000081547507,1.0000113739189385,-1.0000036427284191,1.000001506166622,-1.0000005036274637,-1.000000503627463,0.9999999312389267,1.0000002548352218,0.9999999312389267,1.0000002548352227,-0.9999996411682861,0.9999993066364519,-1.000011678183526,-1.0000116300703106,1.000011715268565
1.0000098519480252,-1.000010100628586,-1.0000101006285858,-1.0000079222080942,-1.0000109930078829,1.000005822848996,1.0000113739189385,1.0000000081547507,-1.000003642728418,1.000001506166621,-1.0000005036274613,-1.0000005036274613,0.9999999312389255,1.0000002548352214,0.999999931238926,1.0000002548352218,-0.9999996411682855,0.9999993066364501,-1.00001163007031,-1.000011678183528,1.0000117152685646
-1.0000021207673868,1.0000023694457174,1.000002369445717,1.0000001910417204,1.0000032137068897,-0.9999981398116394,-1.0000036427284191,-1.000003642728418,0.9999999970687391,-0.9999938231624707,0.9999927725178448,0.9999927725178452,-0.9999922001338235,-0.9999925237274064,-0.999992200133823,-0.9999925237274091,0.9999919100654834,-0.9999915755362343,1.0000038988782036,1.0000038988782032,-1.0000039840759398
0.9999999842087803,-1.0000002328865607,-1.0000002328865603,-0.9999980544872458,-1.00000107714599,0.9999959551484592,1.000001506166622,1.000001506166621,-0.9999938231624707,0.9999999940050676,-0.999990684092565,-0.9999906840925639,0.9999900635965645,0.9999903871894398,0.9999900635965627,0.9999903871894398,-0.9999897735288534,0.9999894390003289,-1.0000017623158746,-1.000001762315873,1.000001847513436
-0.9999989816711163,0.9999992303486376,0.9999992303486386,0.9999970519515203,1.0000000746072517,-0.9999949526148504,-1.0000005036274637,-1.0000005036274613,0.9999927725178448,-0.999990684092565,0.9999999925675028,0.9999896334511231,-0.9999891091821351,-0.9999894327746794,-0.9999890610689209,-0.9999893846614665,0.9999887710015053,-0.9999884364733174,1.0000007597764644,1.0000007597764624,-1.00000084497394
-0.9999989816711159,0.9999992303486376,0.999999230348637,0.9999970519515196,1.0000000746072508,-0.9999949526148498,-1.000000503627463,-1.0000005036274613,0.9999927725178452,-0.9999906840925639,0.9999896334511231,0.9999999925675028,-0.9999890610689209,-0.9999893846614646,-0.9999891091821387,-0.9999894327746782,0.9999887710015047,-0.9999884364733163,1.0000007597764635,1.0000007597764629,-1.0000008449739386
0.9999984092834803,-0.9999986579608584,-0.9999986579608603,-0.9999964795650084,-0.9999995022189687,0.9999943802295609,0.9999999312389267,0.9999999312389255,-0.9999922001338235,0.9999900635965645,-0.9999891091821351,-0.9999890610689209,0.9999999917467425,0.9999888122794093,0.9999884886870498,0.99998881227941,-0.9999882467330117,0.9999878640918093,-1.0000001873877766,-1.000000187387774,1.0000002725852026
0.9999987328791826,-0.9999989815566296,-0.9999989815566278,-0.9999968031600405,-0.9999998258150914,0.9999947038238748,1.0000002548352218,1.0000002548352214,-0.9999925237274064,0.9999903871894398,-0.9999894327746794,-0.9999893846614646,0.9999888122794093,0.9999999922107535,0.9999888122794067,0.9999891358718629,-0.9999885222120652,0.9999881876839599,-1.0000005109841739,-1.0000005109841719,1.0000005961816325
0.9999984092834793,-0.9999986579608587,-0.9999986579608587,-0.9999964795650075,-0.9999995022189657,0.9999943802295608,0.9999999312389267,0.999999931238926,-0.999992200133823,0.9999900635965627,-0.9999890610689209,-0.9999891091821387,0.9999884886870498,0.9999888122794067,0.9999999917467425,0.9999888122794078,-0.9999882467330168,0.9999878640918078,-1.0000001873877757,-1.0000001873877744,1.000000272585201
0.9999987328791832,-0.9999989815566304,-0.9999989815566295,-0.9999968031600412,-0.9999998258150932,0.9999947038238763,1.0000002548352227,1.0000002548352218,-0.9999925237274091,0.9999903871894398,-0.9999893846614665,-0.9999894327746782,0.99998881227941,0.9999891358718629,0.9999888122794078,0.9999999922107535,-0.9999885222120677,0.9999881876839615,-1.0000005109841745,-1.0000005109841732,1.000000596181635
-0.9999981192133038,0.999998367890611,0.9999983678906122,0.9999961894954044,0.9999992121484591,-0.9999940901605769,-0.9999996411682861,-0.9999996411682855,0.9999919100654834,-0.9999897735288534,0.9999887710015053,0.9999887710015047,-0.9999882467330117,-0.9999885222120652,-0.9999882467330168,-0.9999885222120677,0.9999999913308038,-0.9999876221379581,0.9999998973170572,0.9999998973170559,-0.9999999825144574
0.999997784681966,-0.999998033359188,-0.9999980333591872,-0.9999958549647143,-0.9999988776167624,0.9999937556305923,0.9999993066364519,0.9999993066364501,-0.9999915755362343,0.9999894390003289,-0.9999884364733174,-0.9999884364733163,0.9999878640918093,0.9999881876839599,0.9999878640918078,0.9999881876839615,-0.9999876221379581,0.9999999908511111,-0.9999995627851404,-0.9999995627851387,0.9999996479825112
-1.0000101080992212,1.0000103567798773,1.0000103567798777,1.0000081783588801,1.0000112010459987,-1.000006078999305,-1.000011678183526,-1.00001163007031,1.0000038988782036,-1.0000017623158746,1.0000007597764644,1.0000007597764635,-1.0000001873877766,-1.0000005109841739,-1.0000001873877757,-1.0000005109841745,0.9999998973170572,-0.9999995627851404,1.0000000085220555,1.0000118862217033,-1.0000120195331748
-1.0000101080992205,1.0000103567798757,1.0000103567798762,1.0000081783588786,1.0000112010459963,-1.0000060789993033,-1.0000116300703106,-1.000011678183528,1.0000038988782032,-1.000001762315873,1.0000007597764624,1.0000007597764629,-1.000000187387774,-1.0000005109841719,-1.0000001873877744,-1.0000005109841732,0.9999998973170559,-0.9999995627851387,1.0000118862217033,1.0000000085220555,-1.0000120195331739
1.0000101932974208,-1.0000104419781093,-1.0000104419781102,-1.000008263556946,-1.000011286244239,1.0000061641972156,1.000011715268565,1.0000117152685646,-1.0000039840759398,1.000001847513436,-1.00000084497394,-1.0000008449739386,1.0000002725852026,1.0000005961816325,1.000000272585201,1.000000596181635,-0.9999999825144574,0.9999996479825112,-1.0000120195331748,-1.0000120195331739,1.0000000086442247
