1.0000000005588643,-0.796043979852273,-0.7960445060157867,0.2673683216769788,0.7960444660680576,0.26736926219951906,-0.7960448828527446,0.26736927002012617,1.0000008705997616,-0.17958627369366675,0.26736650726682465,-0.7960425010131374,-0.17958411790702844,-0.1795975674893771,0.17959675597555183,0.17959796904236433,-0.17959513142412298,-0.17959716460510733,-0.17959756748937997,0.17959675597555239,0.17959796904236633,-0.17959513142412215,0.1795975819480743,0.17959171076841424,-0.17958731247975981,-0.17959551175068542,0.09034446145781036,0.17959713951940176,0.17959713951940198,-0.17959933883738965,0.17959877445441236,-0.17959823614257842,-0.17959823614257758,-0.17958859703127603,0.09034610677835683,0.17959310780611262
-0.796043979852273,1.000000000689347,0.2673697096798612,-0.7960434549699363,-0.26736987301731885,0.37036884604534087,0.2673707999648411,0.3703688794355611,-0.7960449521692967,-0.45244226091725037,-0.7960420981186858,1.0000010775878236,0.7383577149321177,-0.4524293427023738,0.4524304728865616,0.4524287420354679,-0.45243254416270945,-0.45242994367885114,-0.4524293427023727,0.45243047288656424,0.4524287420354681,-0.4524325441627107,0.4524293504932171,-0.7383618806467913,0.7383596835833386,0.7383631727692179,-0.6746835262915285,-0.7383635246901356,-0.7383635246901413,0.7383636843351399,-0.7383637063978944,0.7383636773334429,0.7383636773334387,-0.4524399446582914,0.5308458909856553,0.452434993694801
-0.7960445060157867,0.2673697096798612,1.000000001141426,0.37036941545596314,-1.0000021202992595,-0.7960440495346177,1.0000015411168117,-0.7960437657402533,-0.7960431022534962,0.7383590249964446,0.37037125827008543,0.26736769446129904,-0.4524440279161915,0.7383645729127896,-0.7383643751905383,-0.7383646298203521,0.7383637904287159,0.7383645138918067,0.7383645729127929,-0.7383643751905432,-0.7383646298203541,0.7383637904287164,-0.7383646029472789,0.4524358266182521,-0.45244080723708574,-0.4524309064153289,0.530847092565055,0.45242859590964873,0.45242859590965284,-0.4524251545680702,0.4524261010426689,-0.45242695388120113,-0.45242695388119847,0.738360522766274,-0.6746845891147053,-0.738362933876102
0.2673683216769788,-0.7960434549699363,0.37036941545596314,1.0000000005255347,-0.37036939169628397,-0.8570289218797355,0.3703683724583759,-0.8570287266480168,0.2673702260873677,0.8999135224463494,1.0000008378934166,-0.7960445433369288,-0.9959448176239384,0.8999039677426519,-0.8999049762072628,-0.8999034026758735,0.8999066905612739,0.8999045321029449,0.8999039677426525,-0.899904976207268,-0.8999034026758741,0.8999066905612749,-0.8999039954897952,0.9959439437275532,-0.9959450738304785,-0.9959422480694254,0.9838097797245927,0.9959412021816162,0.9959412021816225,-0.9959392867384701,0.9959398777137914,-0.995940362977687,-0.9959403629776804,0.8999120916994807,-0.9354985899257489,-0.8999086155569972
0.7960444660680576,-0.26736987301731885,-1.0000021202992595,-0.37036939169628397,1.0000000014771615,0.7960438898534193,-1.0000017659955864,0.7960438801976738,0.7960433443846489,-0.7383591232564599,-0.3703712383526514,-0.26736785808964075,0.45244402762561475,-0.7383647777924851,0.7383645722320041,0.7383648386438775,-0.7383639719800005,-0.7383647147709743,-0.7383647777924889,0.7383645722320076,0.7383648386438797,-0.7383639719800015,0.7383648075553552,-0.4524357824158756,0.452440790707126,0.4524308373087,-0.5308471121093723,-0.45242851573903103,-0.4524285157390353,0.4524250590044303,-0.45242600966968216,0.4524268662047828,0.4524268662047798,-0.7383606462255489,0.6746846691395749,0.7383630969489037
0.26736926219951906,0.37036884604534087,-0.7960440495346177,-0.8570289218797355,0.7960438898534193,1.0000000005840077,-0.7960430261266891,1.0000008097139965,0.26736740604699655,-0.9959448152621345,-0.857029770802956,0.3703708669855589,0.8999142159774538,-0.9959424157126155,0.9959429076504205,0.9959421074240957,-0.9959435934695358,-0.9959427218745549,-0.9959424157126185,0.9959429076504268,0.9959421074240996,-0.9959435934695385,0.9959424495012523,-0.8999086250437989,0.8999122356963806,0.8999045171134357,-0.9354989088343502,-0.8999024335165446,-0.8999024335165519,0.8998991070847809,-0.8999000607639488,0.8999008927426531,0.8999008927426476,-0.9959451760949151,0.9838098840347591,0.9959442425205909
-0.7960448828527446,0.2673707999648411,1.0000015411168117,0.3703683724583759,-1.0000017659955864,-0.7960430261266891,1.0000000010737844,-0.7960433387340848,-0.7960440516643248,0.7383582258617722,0.37037020410810045,0.26736877990525426,-0.45244302188493524,0.7383634553459749,-0.7383632812245472,-0.7383635004269666,0.7383627434523021,0.7383634082973478,0.7383634553459778,-0.7383632812245512,-0.7383635004269692,0.738362743452302,-0.7383634863243855,0.4524349313707991,-0.45243984313085056,-0.4524300716479156,0.5308461431601547,0.4524277880241299,0.45242778802413414,-0.45242438367470444,0.45242531971601846,-0.4524261639826755,-0.45242616398267316,0.7383596504762898,-0.6746837134363359,-0.7383619425401842
0.26736927002012617,0.3703688794355611,-0.7960437657402533,-0.8570287266480168,0.7960438801976738,1.0000008097139965,-0.7960433387340848,1.0000000006035483,0.2673674156179905,-0.9959451168503013,-0.8570301135753923,0.37037089551856706,0.8999142937556778,-0.9959418928816014,0.9959424248566852,0.9959415642824803,-0.9959431886914735,-0.9959422196789613,-0.9959418928816046,0.9959424248566913,0.9959415642824835,-0.9959431886914755,0.9959419276753947,-0.8999089964995145,0.8999124236944593,0.899905056134751,-0.9354990027422828,-0.8999030464710445,-0.8999030464710523,0.8998998236230142,-0.8999007500996946,0.8999015564048654,0.8999015564048607,-0.9959447823870601,0.9838098851991655,0.9959439318399324
1.0000008705997616,-0.7960449521692967,-0.7960431022534962,0.2673702260873677,0.7960433443846489,0.26736740604699655,-0.7960440516643248,0.2673674156179905,1.000000000678766,-0.17958437231119068,0.26736840683871743,-0.7960440329314733,-0.17958605028507194,-0.17959563870536682,0.17959482930184714,0.17959603926319095,-0.17959320940286652,-0.17959523679503916,-0.17959563870536974,0.17959482930184767,0.17959603926319267,-0.17959320940286574,0.17959565340952421,0.1795936691394718,-0.17958925476425128,-0.1795974866642688,0.09034640983421802,0.1795991217451948,0.17959912174519493,-0.17960133185223254,0.17960076503964084,-0.17960022369444034,-0.17960022369443954,-0.17958669026969654,0.09034417508987201,0.17959119075630892
-0.17958627369366675,-0.45244226091725037,0.7383590249964446,0.8999135224463494,-0.7383591232564599,-0.9959448152621345,0.7383582258617722,-0.9959451168503013,-0.17958437231119068,1.0000000004377292,0.8999144917175903,-0.4524442095770766,-0.9354990872605334,0.9999967888469113,-0.9999973906540127,-0.9999964245488767,0.9999982889596432,0.9999971512896603,0.9999967888469132,-0.9999973906540182,-0.9999964245488786,0.9999982889596448,-0.9999968226111948,0.9354942601643078,-0.9354974284426782,-0.9354905190458447,0.9634952269237785,0.9354885870434642,0.9354885870434716,-0.9354854568751051,0.9354863618755809,-0.9354871460355654,-0.93548714603556,1.0000004001875238,-0.9959448836479609,-0.999999196509999
0.26736650726682465,-0.7960420981186858,0.37037125827008543,1.0000008378934166,-0.3703712383526514,-0.857029770802956,0.37037020410810045,-0.8570301135753923,0.26736840683871743,0.8999144917175903,1.0000000006788392,-0.796043754345951,-0.9959453803266711,0.8999052423390334,-0.8999062282702704,-0.8999046887952489,0.8999078993278119,0.8999057949788035,0.8999052423390351,-0.8999062282702748,-0.8999046887952508,0.8999078993278147,-0.8999052697355703,0.9959440336092313,-0.9959449989513645,-0.9959422274374254,0.9838102219558372,0.9959411329918093,0.9959411329918159,-0.9959391492921899,0.9959397577523008,-0.9959402602731214,-0.9959402602731158,0.8999131348332242,-0.9354994172524764,-0.8999097715386114
-0.7960425010131374,1.0000010775878236,0.26736769446129904,-0.7960445433369288,-0.26736785808964075,0.3703708669855589,0.26736877990525426,0.37037089551856706,-0.7960440329314733,-0.4524442095770766,-0.796043754345951,1.0000000008418306,0.7383592271401486,-0.4524313298542572,0.4524324571311868,0.4524307307247584,-0.45243452313679844,-0.45243192927303827,-0.4524313298542563,0.4524324571311897,0.45243073072475776,-0.4524345231368002,0.4524313377075146,-0.738363362400536,0.7383611857339696,0.7383646357286598,-0.6746851675131996,-0.7383649796063764,-0.7383649796063814,0.7383651280054755,-0.7383651527562219,0.7383651266608273,0.7383651266608234,-0.4524419031693409,0.5308477570431344,0.452436966026345
-0.17958411790702844,0.7383577149321177,-0.4524440279161915,-0.9959448176239384,0.45244402762561475,0.8999142159774538,-0.45244302188493524,0.8999142937556778,-0.17958605028507194,-0.9354990872605334,-0.9959453803266711,0.7383592271401486,1.000000000651552,-0.9354905205223053,0.9354914644717154,0.935489986187045,-0.9354930442760713,-0.935491053921017,-0.9354905205223069,0.9354914644717199,0.9354899861870462,-0.9354930442760734,0.9354905501089522,-0.9999992226913758,1.0000005543448478,0.9999970831286262,-0.9959451446881956,-0.9999958399065239,-0.9999958399065314,0.99999364599215,-0.9999943103876126,0.9999948645031987,0.9999948645031924,-0.9354978761681725,0.9634954558014888,0.9354947975966031
-0.1795975674893771,-0.4524293427023738,0.7383645729127896,0.8999039677426519,-0.7383647777924851,-0.9959424157126155,0.7383634553459749,-0.9959418928816014,-0.17959563870536682,0.9999967888469113,0.8999052423390334,-0.4524313298542572,-0.9354905205223053,0.9999999991370393,-0.999999245054447,-0.9999989281894722,0.999999020767297,0.9999989296076875,0.9999987893198683,-0.9999989604967213,-0.9999986436317454,0.999999020767298,-0.9999988126771584,0.9354825191134319,-0.9354876823005022,-0.9354769521663402,0.96348744595496,0.9354742145398337,0.9354742145398407,-0.9354699549683413,0.9354711556652294,-0.9354722204793129,-0.9354722204793078,0.9999979523831019,-0.9959398757057527,-0.9999989163305607
0.17959675597555183,0.4524304728865616,-0.7383643751905383,-0.8999049762072628,0.7383645722320041,0.9959429076504205,-0.7383632812245472,0.9959424248566852,0.17959482930184714,-0.9999973906540127,-0.8999062282702704,0.4524324571311868,0.9354914644717154,-0.999999245054447,0.9999999994037354,0.9999987986509675,-0.9999995702509259,-0.9999994017624437,-0.999998960496718,0.9999991634988208,0.99999879865097,-0.9999992856931974,0.9999989846193004,-0.9354836981858882,0.9354887135697141,0.935478266548652,-0.9634883377516444,-0.9354755886261383,-0.9354755886261449,0.9354714127619802,-0.9354725915507067,0.9354736355570823,0.9354736355570772,-0.9999984522987894,0.9959405456314115,0.9999992560458713
0.17959796904236433,0.4524287420354679,-0.7383646298203521,-0.8999034026758735,0.7383648386438775,0.9959421074240957,-0.7383635004269666,0.9959415642824803,0.17959603926319095,-0.9999964245488767,-0.8999046887952489,0.4524307307247584,0.935489986187045,-0.9999989281894722,0.9999987986509675,0.9999999989352114,-0.9999988274949283,-0.9999987755808488,-0.9999986436317454,0.9999987986509739,0.999998506148596,-0.9999988274949309,0.9999986666046425,-0.9354818647000486,0.9354871033693374,0.9354762286278584,-0.9634869364604233,-0.9354734605040516,-0.9354734605040593,0.9354691581677268,-0.9354703700490039,0.9354714455000422,0.9354714455000364,-0.9999976398166133,0.9959394770787227,0.9999986850905569
-0.17959513142412298,-0.45243254416270945,0.7383637904287159,0.8999066905612739,-0.7383639719800005,-0.9959435934695358,0.7383627434523021,-0.9959431886914735,-0.17959320940286652,0.9999982889596432,0.8999078993278119,-0.45243452313679844,-0.9354930442760713,0.999999020767297,-0.9999995702509259,-0.9999988274949283,0.9999999996638713,0.999999209409867,0.9999990207672999,-0.9999992856932021,-0.9999988274949316,0.9999995284562265,-0.9999990464070082,0.9354857307391997,-0.935490461508182,-0.9354805595044419,0.9634898087413353,0.9354779965048674,0.9354779965048752,-0.9354739817243853,0.9354751182987157,-0.9354761223078637,-0.9354761223078573,0.9999991523578091,-0.9959415774430423,-0.9999999289065451
-0.17959716460510733,-0.45242994367885114,0.7383645138918067,0.8999045321029449,-0.7383647147709743,-0.9959427218745549,0.7383634082973478,-0.9959422196789613,-0.17959523679503916,0.9999971512896603,0.8999057949788035,-0.45243192927303827,-0.935491053921017,0.9999989296076875,-0.9999994017624437,-0.9999987755808488,0.999999209409867,0.999999999343057,0.9999989296076901,-0.9999994017624526,-0.9999987755808516,0.9999992094098689,-0.9999992379123922,0.935483174679447,-0.9354882610699353,-0.9354776780649188,0.9634879544626398,0.9354749714673527,0.9354749714673597,-0.9354707554071471,0.9354719447262394,-0.9354729987163006,-0.9354729987162954,0.9999982622548017,-0.99594027245927,-0.9999991435569221
-0.17959756748937997,-0.4524293427023727,0.7383645729127929,0.8999039677426525,-0.7383647777924889,-0.9959424157126185,0.7383634553459778,-0.9959418928816046,-0.17959563870536974,0.9999967888469132,0.8999052423390351,-0.4524313298542563,-0.9354905205223069,0.9999987893198683,-0.999998960496718,-0.9999986436317454,0.9999990207672999,0.9999989296076901,0.9999999991370393,-0.9999992450544523,-0.9999989281894803,0.9999990207673007,-0.9999988126771604,0.9354825191134333,-0.9354876823005027,-0.9354769521663421,0.9634874459549634,0.9354742145398351,0.9354742145398425,-0.9354699549683435,0.9354711556652316,-0.9354722204793154,-0.9354722204793086,0.9999979523831043,-0.9959398757057559,-0.9999989163305626
0.17959675597555239,0.45243047288656424,-0.7383643751905432,-0.899904976207268,0.7383645722320076,0.9959429076504268,-0.7383632812245512,0.9959424248566913,0.17959482930184767,-0.9999973906540182,-0.8999062282702748,0.4524324571311897,0.9354914644717199,-0.9999989604967213,0.9999991634988208,0.9999987986509739,-0.9999992856932021,-0.9999994017624526,-0.9999992450544523,0.9999999994037354,0.999998798650976,-0.9999995702509356,0.9999989846193059,-0.9354836981858937,0.9354887135697205,0.9354782665486586,-0.9634883377516497,-0.9354755886261437,-0.9354755886261502,0.935471412761986,-0.935472591550712,0.9354736355570881,0.9354736355570827,-0.9999984522987967,0.9959405456314169,0.9999992560458774
0.17959796904236633,0.4524287420354681,-0.7383646298203541,-0.8999034026758741,0.7383648386438797,0.9959421074240996,-0.7383635004269692,0.9959415642824835,0.17959603926319267,-0.9999964245488786,-0.8999046887952508,0.45243073072475776,0.9354899861870462,-0.9999986436317454,0.99999879865097,0.999998506148596,-0.9999988274949316,-0.9999987755808516,-0.9999989281894803,0.999998798650976,0.9999999989352114,-0.9999988274949333,0.9999986666046458,-0.935481864700049,0.9354871033693383,0.9354762286278607,-0.9634869364604252,-0.9354734605040532,-0.9354734605040605,0.9354691581677279,-0.9354703700490052,0.9354714455000436,0.9354714455000384,-0.9999976398166152,0.9959394770787233,0.9999986850905594
-0.17959513142412215,-0.4524325441627107,0.7383637904287164,0.8999066905612749,-0.7383639719800015,-0.9959435934695385,0.738362743452302,-0.9959431886914755,-0.17959320940286574,0.9999982889596448,0.8999078993278147,-0.4524345231368002,-0.9354930442760734,0.999999020767298,-0.9999992856931974,-0.9999988274949309,0.9999995284562265,0.9999992094098689,0.9999990207673007,-0.9999995702509356,-0.9999988274949333,0.9999999996638713,-0.9999990464070097,0.935485730739203,-0.9354904615081837,-0.9354805595044438,0.9634898087413358,0.9354779965048691,0.935477996504876,-0.9354739817243866,0.9354751182987178,-0.935476122307864,-0.935476122307859,0.9999991523578106,-0.9959415774430447,-0.9999999289065444
0.1795975819480743,0.4524293504932171,-0.7383646029472789,-0.8999039954897952,0.7383648075553552,0.9959424495012523,-0.7383634863243855,0.9959419276753947,0.17959565340952421,-0.9999968226111948,-0.8999052697355703,0.4524313377075146,0.9354905501089522,-0.9999988126771584,0.9999989846193004,0.9999986666046425,-0.9999990464070082,-0.9999992379123922,-0.9999988126771604,0.9999989846193059,0.9999986666046458,-0.9999990464070097,0.9999999991703572,-0.9354825527086851,0.9354877133725558,0.9354769880185151,-0.9634874774812249,-0.9354742513961131,-0.9354742513961205,0.9354699932177212,-0.9354711935309169,0.9354722580141124,0.9354722580141069,-0.999997983697763,0.9959399082977984,0.9999989437754812
0.17959171076841424,-0.7383618806467913,0.4524358266182521,0.9959439437275532,-0.4524357824158756,-0.8999086250437989,0.4524349313707991,-0.8999089964995145,0.1795936691394718,0.9354942601643078,0.9959440336092313,-0.738363362400536,-0.9999992226913758,0.9354825191134319,-0.9354836981858882,-0.9354818647000486,0.9354857307391997,0.935483174679447,0.9354825191134333,-0.9354836981858937,-0.935481864700049,0.935485730739203,-0.9354825527086851,0.9999999996618358,-0.9999998860204126,-0.9999988285665531,0.9959425261499366,0.9999978102018194,0.9999978102018263,-0.9999963327144643,0.9999968128331198,-0.9999971862957303,-0.9999971862957249,0.935492293953016,-0.9634911517987832,-0.935488035368167
-0.17958731247975981,0.7383596835833386,-0.45244080723708574,-0.9959450738304785,0.452440790707126,0.8999122356963806,-0.45243984313085056,0.8999124236944593,-0.17958925476425128,-0.9354974284426782,-0.9959449989513645,0.7383611857339696,1.0000005543448478,-0.9354876823005022,0.9354887135697141,0.9354871033693374,-0.935490461508182,-0.9354882610699353,-0.9354876823005027,0.9354887135697205,0.9354871033693383,-0.9354904615081837,0.9354877133725558,-0.9999998860204126,1.000000000333273,0.9999978911548092,-0.9959445147389022,-0.9999968367625182,-0.9999968367625253,0.9999949084000326,-0.9999955045018288,0.9999959916506928,0.9999959916506871,-0.9354959363320898,0.9634940267339592,0.9354924195668493
-0.17959551175068542,0.7383631727692179,-0.4524309064153289,-0.9959422480694254,0.4524308373087,0.8999045171134357,-0.4524300716479156,0.899905056134751,-0.1795974866642688,-0.9354905190458447,-0.9959422274374254,0.7383646357286598,0.9999970831286262,-0.9354769521663402,0.935478266548652,0.9354762286278584,-0.9354805595044419,-0.9354776780649188,-0.9354769521663421,0.9354782665486586,0.9354762286278607,-0.9354805595044438,0.9354769880185151,-0.9999988285665531,0.9999978911548092,0.9999999987416406,-0.9959400548627269,-0.9999980809947446,-0.9999980809947532,0.9999967348090435,-0.9999971080415182,0.9999973765770279,0.9999973765770221,-0.9354881189159701,0.9634876479526072,0.9354831813627933
0.09034446145781036,-0.6746835262915285,0.530847092565055,0.9838097797245927,-0.5308471121093723,-0.9354989088343502,0.5308461431601547,-0.9354990027422828,0.09034640983421802,0.9634952269237785,0.9838102219558372,-0.6746851675131996,-0.9959451446881956,0.96348744595496,-0.9634883377516444,-0.9634869364604233,0.9634898087413353,0.9634879544626398,0.9634874459549634,-0.9634883377516497,-0.9634869364604252,0.9634898087413358,-0.9634874774812249,0.9959425261499366,-0.9959445147389022,-0.9959400548627269,1.0000000004086556,0.99593866607483,0.9959386660748368,-0.9959362700364904,0.995936987420539,-0.995937591126369,-0.9959375911263634,0.9634941794114283,-0.9836761776970836,-0.9634914230798318
0.17959713951940176,-0.7383635246901356,0.45242859590964873,0.9959412021816162,-0.45242851573903103,-0.8999024335165446,0.4524277880241299,-0.8999030464710445,0.1795991217451948,0.9354885870434642,0.9959411329918093,-0.7383649796063764,-0.9999958399065239,0.9354742145398337,-0.9354755886261383,-0.9354734605040516,0.9354779965048674,0.9354749714673527,0.9354742145398351,-0.9354755886261437,-0.9354734605040532,0.9354779965048691,-0.9354742513961131,0.9999978102018194,-0.9999968367625182,-0.9999980809947446,0.99593866607483,0.9999999982097181,0.9999974883239697,-0.9999966095989237,0.9999969358073132,-0.9999974427631161,-0.9999971582053806,0.9354859954810975,-0.9634858127151449,-0.9354807583402148
0.17959713951940198,-0.7383635246901413,0.45242859590965284,0.9959412021816225,-0.4524285157390353,-0.8999024335165519,0.45242778802413414,-0.8999030464710523,0.17959912174519493,0.9354885870434716,0.9959411329918159,-0.7383649796063814,-0.9999958399065314,0.9354742145398407,-0.9354755886261449,-0.9354734605040593,0.9354779965048752,0.9354749714673597,0.9354742145398425,-0.9354755886261502,-0.9354734605040605,0.935477996504876,-0.9354742513961205,0.9999978102018263,-0.9999968367625253,-0.9999980809947532,0.9959386660748368,0.9999974883239697,0.9999999982097181,-0.9999966095989301,0.9999969358073201,-0.999997158205392,-0.9999974427631142,0.9354859954811036,-0.9634858127151503,-0.9354807583402225
-0.17959933883738965,0.7383636843351399,-0.4524251545680702,-0.9959392867384701,0.4524250590044303,0.8998991070847809,-0.45242438367470444,0.8998998236230142,-0.17960133185223254,-0.9354854568751051,-0.9959391492921899,0.7383651280054755,0.99999364599215,-0.9354699549683413,0.9354714127619802,0.9354691581677268,-0.9354739817243853,-0.9354707554071471,-0.9354699549683435,0.935471412761986,0.9354691581677279,-0.9354739817243866,0.9354699932177212,-0.9999963327144643,0.9999949084000326,0.9999967348090435,-0.9959362700364904,-0.9999966095989237,-0.9999966095989301,0.9999999971404271,-0.999996532785237,0.9999964057117172,0.9999964057117109,-0.9354825969310916,0.9634828053412652,0.9354769397998144
0.17959877445441236,-0.7383637063978944,0.4524261010426689,0.9959398777137914,-0.45242600966968216,-0.8999000607639488,0.45242531971601846,-0.8999007500996946,0.17960076503964084,0.9354863618755809,0.9959397577523008,-0.7383651527562219,-0.9999943103876126,0.9354711556652294,-0.9354725915507067,-0.9354703700490039,0.9354751182987157,0.9354719447262394,0.9354711556652316,-0.935472591550712,-0.9354703700490052,0.9354751182987178,-0.9354711935309169,0.9999968128331198,-0.9999955045018288,-0.9999971080415182,0.995936987420539,0.9999969358073132,0.9999969358073201,-0.999996532785237,0.9999999975233227,-0.999996984042202,-0.9999969840421992,0.9354835721766243,-0.9634836801808867,-0.9354780250003881
-0.17959823614257842,0.7383636773334429,-0.45242695388120113,-0.995940362977687,0.4524268662047828,0.8999008927426531,-0.4524261639826755,0.8999015564048654,-0.17960022369444034,-0.9354871460355654,-0.9959402602731214,0.7383651266608273,0.9999948645031987,-0.9354722204793129,0.9354736355570823,0.9354714455000422,-0.9354761223078637,-0.9354729987163006,-0.9354722204793154,0.9354736355570881,0.9354714455000436,-0.935476122307864,0.9354722580141124,-0.9999971862957303,0.9999959916506928,0.9999973765770279,-0.995937591126369,-0.9999974427631161,-0.999997158205392,0.9999964057117172,-0.999996984042202,0.9999999977832635,0.9999968900260813,-0.9354844230456972,0.9634844347477627,0.9354789802397931
-0.17959823614257758,0.7383636773334387,-0.45242695388119847,-0.9959403629776804,0.4524268662047798,0.8999008927426476,-0.45242616398267316,0.8999015564048607,-0.17960022369443954,-0.93548714603556,-0.9959402602731158,0.7383651266608234,0.9999948645031924,-0.9354722204793078,0.9354736355570772,0.9354714455000364,-0.9354761223078573,-0.9354729987162954,-0.9354722204793086,0.9354736355570827,0.9354714455000384,-0.935476122307859,0.9354722580141069,-0.9999971862957249,0.9999959916506871,0.9999973765770221,-0.9959375911263634,-0.9999971582053806,-0.9999974427631142,0.9999964057117109,-0.9999969840421992,0.9999968900260813,0.9999999977832635,-0.9354844230456925,0.9634844347477582,0.9354789802397876
-0.17958859703127603,-0.4524399446582914,0.738360522766274,0.8999120916994807,-0.7383606462255489,-0.9959451760949151,0.7383596504762898,-0.9959447823870601,-0.17958669026969654,1.0000004001875238,0.8999131348332242,-0.4524419031693409,-0.9354978761681725,0.9999979523831019,-0.9999984522987894,-0.9999976398166133,0.9999991523578091,0.9999982622548017,0.9999979523831043,-0.9999984522987967,-0.9999976398166152,0.9999991523578106,-0.999997983697763,0.935492293953016,-0.9354959363320898,-0.9354881189159701,0.9634941794114283,0.9354859954810975,0.9354859954811036,-0.9354825969310916,0.9354835721766243,-0.9354844230456972,-0.9354844230456925,1.0000000003644363,-0.9959444971428054,-1.0000001050379177
0.09034610677835683,0.5308458909856553,-0.6746845891147053,-0.9354985899257489,0.6746846691395749,0.9838098840347591,-0.6746837134363359,0.9838098851991655,0.09034417508987201,-0.9959448836479609,-0.9354994172524764,0.5308477570431344,0.9634954558014888,-0.9959398757057527,0.9959405456314115,0.9959394770787227,-0.9959415774430423,-0.99594027245927,-0.9959398757057559,0.9959405456314169,0.9959394770787233,-0.9959415774430447,0.9959399082977984,-0.9634911517987832,0.9634940267339592,0.9634876479526072,-0.9836761776970836,-0.9634858127151449,-0.9634858127151503,0.9634828053412652,-0.9634836801808867,0.9634844347477627,0.9634844347477582,-0.9959444971428054,1.000000000323198,0.9959426495132419
0.17959310780611262,0.452434993694801,-0.738362933876102,-0.8999086155569972,0.7383630969489037,0.9959442425205909,-0.7383619425401842,0.9959439318399324,0.17959119075630892,-0.999999196509999,-0.8999097715386114,0.452436966026345,0.9354947975966031,-0.9999989163305607,0.9999992560458713,0.9999986850905569,-0.9999999289065451,-0.9999991435569221,-0.9999989163305626,0.9999992560458774,0.9999986850905594,-0.9999999289065444,0.9999989437754812,-0.935488035368167,0.9354924195668493,0.9354831813627933,-0.9634914230798318,-0.9354807583402148,-0.9354807583402225,0.9354769397998144,-0.9354780250003881,0.9354789802397931,0.9354789802397876,-1.0000001050379177,0.9959426495132419,0.9999999999543533
