1.000000000045403,-0.9999999221568698,-0.9999999221568655,-0.999999922156868,-1.0000000267201519,0.9999999113615718,0.9999999363101011,-1.000000065595494,0.9999999016970479,0.9999999016970481,0.9999999016970479,1.0000000062046557,-0.9999999128872116,-0.9999999379279079,1.0000000704235956,-0.9999999179272231,-0.9999999179272246,-0.999999917927224,-0.9999999865639662,0.9999998898506642,-1.0000000720946443,0.9999999196103705,0.9999999196103722,0.9999999196103697,0.9999999881896336,-0.9999998914280845,-1.0000000671892952,0.9999999140202707,0.999999914020272,0.999999914020272,0.9999999730319284,-0.9999999607881811,-0.9999999166124088,1.0000000676635112,-0.9999999144966029,-0.9999999144966014,-0.9999999144966042,-0.9999999734985049,0.9999999611367486,0.999999917187479,-0.9999998279537183,0.9999998875531764,-0.9999998975218741,-0.9999999098124404,0.9999998293763777,-0.9999998889670141,0.9999998990306304,0.9999999111145337,-0.9999998438631121,0.9999998454512175,0.9999998919100586,-0.9999999122856188,1.0000000081702032,0.9999998688847813,-0.9999998930104024,0.9999999131784469,-1.0000000088512218,-0.9999998702699037,-0.9999999087102717,0.9999999092827465,-0.9999999174967973,0.999999918956695,0.9999999733099703,0.999999930722349,-0.9999999734263125,-0.9999999311838289
-0.9999999221568698,0.9999999998123154,0.9999997356496644,0.9999997356496655,0.9999998411748539,-0.9999997480600092,-0.9999997726349024,0.9999999016970544,-0.9999997373160471,-0.9999997373160474,-0.9999997373160482,-0.9999998427851663,0.999999749596535,0.9999997742642542,-0.9999999064576351,0.9999997534804378,0.9999997534804402,0.9999997534804401,0.9999998230606991,-0.999999726315593,0.9999999081406095,-0.9999997551755967,-0.9999997551755988,-0.9999997551755958,-0.9999998246979679,0.9999997279042704,0.9999999046576376,-0.9999997510309491,-0.9999997510309518,-0.9999997510309518,-0.9999998108666425,0.999999798560681,0.9999997541526534,-0.9999999051352374,0.9999997515106833,0.9999997515106833,0.9999997515106841,0.9999998113365502,-0.9999997989117334,-0.9999997547318249,0.9999996639368064,-0.9999997242589401,0.9999997342964119,0.9999997466855048,-0.9999996653696178,0.9999997256828664,-0.9999997358159333,-0.9999997479968891,0.9999996795772674,-0.9999996811767055,-0.9999997288128604,0.9999997494060482,-0.9999998456556729,-0.999999705428336,0.999999729921056,-0.9999997503052489,0.999999846341548,0.9999997068233457,0.9999997461171779,-0.9999997466937367,0.9999997539528004,-0.9999997554231164,-0.9999998108849721,-0.999999768209373,0.9999998110021462,0.9999997686741451
-0.9999999221568655,0.9999997356496644,0.9999999998123154,0.9999997356496623,0.999999841174852,-0.9999997480600055,-0.9999997726349008,0.999999901697052,-0.9999997373160446,-0.9999997373160444,-0.9999997373160441,-0.9999998427851635,0.9999997495965331,0.9999997742642521,-0.9999999064576333,0.9999997534804361,0.9999997534804383,0.9999997534804375,0.9999998230606962,-0.9999997263155908,0.9999999081406075,-0.9999997551755945,-0.999999755175596,-0.999999755175593,-0.9999998246979644,0.9999997279042674,0.9999999046576346,-0.9999997510309486,-0.99999975103095,-0.99999975103095,-0.9999998108666408,0.9999997985606786,0.9999997541526504,-0.9999999051352361,0.9999997515106817,0.9999997515106811,0.9999997515106809,0.9999998113365473,-0.9999997989117321,-0.9999997547318225,0.9999996639368037,-0.9999997242589366,0.99999973429641,0.9999997466855024,-0.999999665369614,0.9999997256828634,-0.999999735815929,-0.9999997479968864,0.9999996795772647,-0.9999996811767032,-0.9999997288128574,0.999999749406046,-0.9999998456556709,-0.9999997054283352,0.9999997299210528,-0.9999997503052473,0.9999998463415464,0.9999997068233435,0.9999997461171749,-0.999999746693735,0.999999753952799,-0.9999997554231137,-0.9999998108849693,-0.9999997682093703,0.9999998110021437,0.9999997686741424
-0.999999922156868,0.9999997356496655,0.9999997356496623,0.9999999998123154,0.999999841174853,-0.999999748060007,-0.9999997726349017,0.999999901697053,-0.9999997373160446,-0.9999997373160444,-0.9999997373160444,-0.9999998427851646,0.9999997495965335,0.9999997742642521,-0.9999999064576333,0.9999997534804359,0.9999997534804393,0.999999753480439,0.9999998230606979,-0.9999997263155926,0.9999999081406084,-0.999999755175595,-0.9999997551755967,-0.9999997551755941,-0.9999998246979649,0.9999997279042688,0.9999999046576357,-0.9999997510309477,-0.9999997510309496,-0.9999997510309496,-0.9999998108666406,0.9999997985606786,0.9999997541526514,-0.9999999051352361,0.9999997515106817,0.9999997515106803,0.999999751510682,0.9999998113365484,-0.9999997989117326,-0.9999997547318238,0.9999996639368042,-0.9999997242589388,0.9999997342964103,0.999999746685503,-0.9999996653696152,0.9999997256828645,-0.9999997358159306,-0.999999747996887,0.9999996795772652,-0.9999996811767038,-0.9999997288128584,0.9999997494060472,-0.9999998456556716,-0.9999997054283352,0.9999997299210528,-0.9999997503052479,0.9999998463415478,0.999999706823344,0.9999997461171752,-0.9999997466937353,0.9999997539528,-0.9999997554231148,-0.999999810884971,-0.9999997682093714,0.9999998110021449,0.9999997686741436
-1.0000000267201519,0.9999998411748539,0.999999841174852,0.999999841174853,0.9999999999609668,-0.9999998738108311,-0.9999998991289645,1.0000000062046575,-0.9999998427851601,-0.9999998427851616,-0.9999998427851614,-0.9999999465804119,0.9999998531812561,0.9999998785890866,-1.000000011127411,0.9999998591105891,0.9999998591105915,0.9999998591105891,0.9999999270318735,-0.9999998303283419,1.000000012753754,-0.9999998607487045,-0.9999998607487052,-0.9999998607487041,-0.9999999286140469,0.9999998318635606,1.0000000066015242,-0.9999998538914325,-0.999999853891433,-0.999999853891433,-0.999999912289162,0.9999999000940083,0.999999856179929,-1.000000007063053,0.9999998543550211,0.9999998543550196,0.9999998543550214,0.9999999127432548,-0.9999999004332474,-0.999999856739612,0.9999997687404698,-0.9999998277897573,0.9999998377893243,0.9999998499018018,-0.9999997701250664,0.9999998291657667,-0.9999998392577139,-0.9999998511690577,0.9999997848957276,-0.9999997864413449,-0.9999998319855707,0.9999998521542722,-0.9999999476956739,-0.9999998092827918,0.9999998330564744,-0.9999998530232144,0.9999999483584711,0.9999998106308579,0.9999998483204307,-0.9999998488775882,0.9999998579957501,-0.9999998594165874,-0.9999999127862376,-0.9999998702767484,0.9999999128994685,0.9999998707258804
0.9999999113615718,-0.9999997480600092,-0.9999997480600055,-0.999999748060007,-0.9999998738108311,0.9999999998284016,0.9999997837596861,-0.9999999128872091,0.9999997495965269,0.9999997495965272,0.9999997495965277,0.999999853181254,-0.9999997597230117,-0.9999997852620615,0.999999917912116,-0.9999997660238252,-0.9999997660238275,-0.9999997660238266,-0.9999998337337808,0.9999997370014372,-0.9999999194639374,0.9999997675868808,0.9999997675868829,0.9999997675868816,0.9999998352434574,-0.9999997384663069,-0.9999999126935489,0.9999997601000741,0.9999997601000746,0.9999997601000746,0.9999998183444794,-0.9999998061365302,-0.9999997623171613,0.9999999131339301,-0.9999997605424217,-0.9999997605424203,-0.9999997605424217,-0.9999998187777666,0.9999998064602249,0.9999997628511985,-0.9999996754077037,0.9999997343326781,-0.9999997664981917,-0.9999997563636168,0.9999996767288579,-0.9999997356456379,0.9999997457849045,0.9999997575728047,-0.9999996916905441,0.9999996931653384,0.9999997383764069,-0.9999997584321602,0.9999998538350685,0.9999997158373002,-0.9999997393982412,0.9999997592612858,-0.9999998544674936,-0.9999997171235948,-0.999999754454794,0.9999997549864227,-0.9999997867151214,0.9999997659564562,0.9999998188475011,0.9999997763819849,-0.9999998189555427,-0.9999997768105398
0.9999999363101011,-0.9999997726349024,-0.9999997726349008,-0.9999997726349017,-0.9999998991289645,0.9999997837596861,0.9999999998643144,-0.999999937927909,0.9999997742642478,0.9999997742642497,0.9999997742642491,0.9999998785890877,-0.9999997852620666,-0.999999810482806,0.9999999428029193,-0.9999997905432202,-0.999999790543223,-0.9999997905432207,-0.9999998810958268,0.9999997622575699,-0.99999994444849,0.9999997922007051,0.9999997922007074,0.9999997922007056,0.9999998605823072,-0.9999997638109412,-0.999999939017574,0.9999997860765969,0.9999997860765985,0.9999997860765985,0.9999998449286682,-0.999999832700916,-0.9999997886746268,0.9999999394845577,-0.9999997865456695,-0.9999997865456688,-0.9999997865456699,-0.999999845388132,0.9999998330441665,0.9999997892409288,-0.9999997003944813,0.9999997598386905,-0.9999997698916748,-0.9999997820381711,0.9999997017954494,-0.9999997612309711,0.9999997713774268,0.9999997833204108,-0.9999997164122044,0.9999997179760972,0.999999764138433,-0.9999997844177871,0.9999998801463753,0.9999997412506934,-0.9999997652219993,0.9999997852970043,-0.9999998808170077,-0.9999997426146995,-0.9999997807323898,0.9999997812961355,-0.9999997899229789,0.9999997913606161,0.9999998452902842,0.9999998027333258,-0.9999998454048543,-0.9999998031877712
-1.000000065595494,0.9999999016970544,0.999999901697052,0.999999901697053,1.0000000062046575,-0.9999999128872091,-0.999999937927909,1.000000000045403,-0.9999999221568662,-0.9999999221568674,-0.9999999221568648,-1.000000026720154,0.9999999113615761,0.9999999363101011,-1.0000000720946471,0.9999999196103717,0.9999999196103714,0.999999919610371,0.9999999881896344,-0.9999998914280864,1.0000000704235958,-0.9999999179272244,-0.9999999179272263,-0.9999999179272242,-0.9999999865639662,0.9999998898506652,1.0000000676635126,-0.9999999144966042,-0.9999999144966055,-0.9999999144966055,-0.9999999734985072,0.999999961136748,0.9999999171874799,-1.0000000671892952,0.9999999140202717,0.9999999140202703,0.999999914020272,0.9999999730319288,-0.9999999607881831,-0.9999999166124132,0.9999998293763777,-0.9999998889670132,0.999999899030633,0.9999999111145358,-0.9999998279537206,0.9999998875531769,-0.999999897521876,-0.9999999098124412,0.999999845451219,-0.9999998438631138,-0.9999998930104037,0.9999999131784456,-1.0000000088512204,-0.9999998702699046,0.9999998919100594,-0.9999999122856215,1.0000000081702043,0.9999998688847821,0.9999999092827478,-0.9999999087102728,0.9999999189566967,-0.9999999174967978,-0.9999999734263144,-0.9999999311838313,0.9999999733099721,0.9999999307223493
0.9999999016970479,-0.9999997373160471,-0.9999997373160446,-0.9999997373160446,-0.9999998427851601,0.9999997495965269,0.9999997742642478,-0.9999999221568662,0.9999999998123154,0.9999997356496569,0.9999997356496569,0.9999998411748506,-0.9999997480600057,-0.9999997726348991,0.9999999081406061,-0.9999997551755918,-0.9999997551755931,-0.9999997551755918,-0.999999824697963,0.9999997279042655,-0.9999999064576287,0.9999997534804359,0.9999997534804363,0.9999997534804341,0.9999998230606943,-0.9999997263155879,-0.9999999051352348,0.9999997515106782,0.9999997515106798,0.9999997515106795,0.9999998113365478,-0.9999997989117289,-0.9999997547318191,0.9999999046576308,-0.9999997510309464,-0.9999997510309447,-0.9999997510309464,-0.9999998108666378,0.9999997985606764,0.9999997541526493,-0.9999996653696097,0.9999997256828616,-0.9999997358159285,-0.999999747996886,0.9999996639368031,-0.9999997242589355,0.9999997342964064,0.9999997466854988,-0.9999996811767008,0.9999996795772628,0.9999997299210504,-0.9999997503052427,0.9999998463415427,0.9999997068233416,-0.9999997288128546,0.9999997494060463,-0.9999998456556691,-0.9999997054283329,-0.9999997466937328,0.9999997461171718,-0.999999755423112,0.999999753952796,0.999999811002141,0.9999997686741418,-0.999999810884968,-0.9999997682093668
0.9999999016970481,-0.9999997373160474,-0.9999997373160444,-0.9999997373160444,-0.9999998427851616,0.9999997495965272,0.9999997742642497,-0.9999999221568674,0.9999997356496569,0.9999999998123154,0.9999997356496572,0.999999841174852,-0.9999997480600074,-0.9999997726348987,0.999999908140607,-0.9999997551755909,-0.999999755175593,-0.9999997551755918,-0.9999998246979626,0.9999997279042664,-0.9999999064576292,0.9999997534804342,0.9999997534804366,0.9999997534804342,0.9999998230606948,-0.9999997263155891,-0.9999999051352341,0.999999751510679,0.99999975151068,0.99999975151068,0.999999811336547,-0.9999997989117291,-0.9999997547318183,0.9999999046576321,-0.9999997510309468,-0.999999751030945,-0.9999997510309462,-0.999999810866637,0.9999997985606767,0.9999997541526493,-0.9999996653696107,0.9999997256828616,-0.9999997358159293,-0.9999997479968851,0.9999996639368021,-0.9999997242589356,0.9999997342964059,0.9999997466854991,-0.9999996811766995,0.9999996795772631,0.9999997299210511,-0.9999997503052421,0.9999998463415424,0.9999997068233412,-0.9999997288128548,0.9999997494060466,-0.9999998456556677,-0.9999997054283333,-0.9999997466937324,0.999999746117172,-0.9999997554231128,0.999999753952796,0.9999998110021407,0.9999997686741415,-0.9999998108849681,-0.9999997682093676
0.9999999016970479,-0.9999997373160482,-0.9999997373160441,-0.9999997373160444,-0.9999998427851614,0.9999997495965277,0.9999997742642491,-0.9999999221568648,0.9999997356496569,0.9999997356496572,0.9999999998123154,0.9999998411748512,-0.9999997480600068,-0.9999997726348981,0.9999999081406062,-0.9999997551755917,-0.9999997551755924,-0.9999997551755917,-0.9999998246979626,0.9999997279042658,-0.9999999064576289,0.9999997534804342,0.9999997534804366,0.9999997534804337,0.9999998230606946,-0.9999997263155884,-0.999999905135235,0.9999997515106782,0.9999997515106801,0.9999997515106801,0.9999998113365467,-0.9999997989117289,-0.9999997547318197,0.9999999046576308,-0.9999997510309453,-0.9999997510309455,-0.9999997510309464,-0.9999998108666373,0.9999997985606759,0.9999997541526493,-0.9999996653696113,0.9999997256828608,-0.9999997358159274,-0.9999997479968858,0.9999996639368031,-0.9999997242589356,0.9999997342964062,0.9999997466854978,-0.9999996811766995,0.9999996795772618,0.9999997299210515,-0.9999997503052422,0.9999998463415424,0.9999997068233398,-0.9999997288128548,0.9999997494060457,-0.9999998456556675,-0.9999997054283319,-0.9999997466937321,0.9999997461171728,-0.9999997554231124,0.9999997539527952,0.999999811002141,0.999999768674141,-0.9999998108849686,-0.999999768209367
1.0000000062046557,-0.9999998427851663,-0.9999998427851635,-0.9999998427851646,-0.9999999465804119,0.999999853181254,0.9999998785890877,-1.000000026720154,0.9999998411748506,0.999999841174852,0.9999998411748512,0.9999999999609668,-0.9999998738108343,-0.9999998991289641,1.000000012753756,-0.9999998607487041,-0.999999860748707,-0.9999998607487051,-0.9999999286140482,0.9999998318635617,-1.0000000111274105,0.9999998591105904,0.9999998591105926,0.9999998591105905,0.9999999270318746,-0.9999998303283435,-1.0000000070630561,0.9999998543550209,0.999999854355023,0.999999854355023,0.9999999127432573,-0.9999999004332479,-0.9999998567396114,1.0000000066015242,-0.9999998538914328,-0.9999998538914328,-0.9999998538914338,-0.9999999122891617,0.99999990009401,0.9999998561799317,-0.9999997701250664,0.9999998291657674,-0.9999998392577157,-0.999999851169059,0.999999768740473,-0.9999998277897589,0.9999998377893261,0.9999998499018007,-0.999999786441344,0.99999978489573,0.9999998330564761,-0.9999998530232119,0.9999999483584718,0.9999998106308584,-0.9999998319855714,0.9999998521542766,-0.9999999476956776,-0.9999998092827934,-0.9999998488775884,0.9999998483204309,-0.9999998594165904,0.9999998579957503,0.9999999128994697,0.9999998707258824,-0.9999999127862392,-0.9999998702767484
-0.9999999128872116,0.999999749596535,0.9999997495965331,0.9999997495965335,0.9999998531812561,-0.9999997597230117,-0.9999997852620666,0.9999999113615761,-0.9999997480600057,-0.9999997480600074,-0.9999997480600068,-0.9999998738108343,0.9999999998284016,0.9999997837596892,-0.9999999194639425,0.9999997675868837,0.9999997675868851,0.9999997675868846,0.9999998352434598,-0.999999738466312,0.9999999179121186,-0.9999997660238307,-0.9999997660238318,-0.9999997660238293,-0.9999998337337831,0.9999997370014396,0.9999999131339342,-0.9999997605424251,-0.9999997605424255,-0.9999997605424255,-0.9999998187777713,0.9999998064602281,0.9999997628512004,-0.9999999126935517,0.9999997601000777,0.9999997601000771,0.9999997601000769,0.9999998183444807,-0.9999998061365346,-0.9999997623171659,0.9999996767288583,-0.9999997356456407,0.9999997457849086,0.999999757572809,-0.9999996754077083,0.9999997343326822,-0.9999997664981995,-0.9999997563636182,0.9999996931653407,-0.9999996916905481,-0.999999739398246,0.9999997592612869,-0.9999998544674957,-0.9999997171235973,0.9999997383764099,-0.9999997584321658,0.9999998538350733,0.9999997158373032,0.9999997549864251,-0.9999997544547965,0.9999997659564598,-0.9999997867151178,-0.9999998189555455,-0.9999997768105432,0.999999818847505,0.999999776381989
-0.9999999379279079,0.9999997742642542,0.9999997742642521,0.9999997742642521,0.9999998785890866,-0.9999997852620615,-0.999999810482806,0.9999999363101011,-0.9999997726348991,-0.9999997726348987,-0.9999997726348981,-0.9999998991289641,0.9999997837596892,0.9999999998643144,-0.9999999444484927,0.9999997922007037,0.9999997922007056,0.9999997922007056,0.9999998605823067,-0.9999997638109399,0.9999999428029168,-0.9999997905432211,-0.999999790543223,-0.9999997905432202,-0.999999881095823,0.9999997622575675,0.9999999394845595,-0.9999997865456682,-0.9999997865456697,-0.9999997865456697,-0.9999998453881329,0.9999998330441655,0.9999997892409269,-0.9999999390175716,0.9999997860765975,0.9999997860765973,0.9999997860765969,0.9999998449286661,-0.999999832700917,-0.9999997886746269,0.9999997017954483,-0.9999997612309707,0.9999997713774268,0.9999997833204108,-0.9999997003944818,0.9999997598386915,-0.9999997698916738,-0.9999997820381676,0.9999997179760953,-0.9999997164122044,-0.9999997652219993,0.9999997852970011,-0.9999998808170077,-0.9999997426146974,0.9999997641384316,-0.9999997844177898,0.9999998801463763,0.999999741250692,0.9999997812961369,-0.9999997807323899,0.9999997913606163,-0.9999997899229773,-0.9999998454048532,-0.9999998031877724,0.9999998452902844,0.9999998027333256
1.0000000704235956,-0.9999999064576351,-0.9999999064576333,-0.9999999064576333,-1.000000011127411,0.999999917912116,0.9999999428029193,-1.0000000720946471,0.9999999081406061,0.999999908140607,0.9999999081406062,1.000000012753756,-0.9999999194639425,-0.9999999444484927,1.0000000000545826,-0.9999999464447954,-0.9999999464447965,-0.9999999464447961,-1.0000000151860926,0.99999989636889,-1.0000000785818304,0.9999999260424354,0.9999999260424367,0.9999999260424346,0.9999999947252672,-0.9999998979733841,-1.0000000739468446,0.999999920727641,0.9999999207276423,0.9999999207276423,0.9999999798184681,-0.9999999675790218,-0.9999999233648652,1.0000000744292017,-0.9999999212121495,-0.9999999212121488,-0.9999999212121495,-0.9999999802930535,0.9999999679335675,0.999999923949803,-0.9999998344622273,0.9999998941260202,-0.9999999040795147,-0.9999999164205597,0.9999998359093051,-0.999999895564124,0.9999999056141669,0.9999999177450009,-0.9999998503166957,0.9999998519320605,0.9999998985482534,-0.9999999189718005,1.0000000149162243,0.9999998754521464,-0.9999998996674822,0.9999999198799531,-1.0000000156089277,-0.9999998768610434,-0.9999999154582809,0.9999999160405801,-0.9999999240438199,0.9999999255287718,0.9999999800906578,0.9999999374840337,-0.9999999802089965,-0.999999937953433
-0.9999999179272231,0.9999997534804378,0.9999997534804361,0.9999997534804359,0.9999998591105891,-0.9999997660238252,-0.9999997905432202,0.9999999196103717,-0.9999997551755918,-0.9999997551755909,-0.9999997551755917,-0.9999998607487041,0.9999997675868837,0.9999997922007037,-0.9999999464447954,0.9999999998376254,0.9999997712997173,0.9999997712997164,0.99999984098283,-0.9999997442475105,0.9999999260424314,-0.9999997730241438,-0.9999997730241441,-0.9999997730241438,-0.9999998426483654,0.9999997458636191,0.9999999228179838,-0.9999997691427639,-0.9999997691427652,-0.9999997691427652,-0.9999998290568577,0.9999998167549956,0.999999772310215,-0.9999999233038308,0.9999997696307787,0.9999997696307779,0.9999997696307787,0.9999998295348789,-0.9999998171121111,-0.9999997728993874,0.9999996818573713,-0.9999997422431154,0.9999997522670249,0.9999997647036969,-0.9999996833149212,0.9999997436916266,-0.9999997538127827,-0.9999997660377229,0.9999996974451388,-0.9999996990721952,-0.999999746859798,0.9999997674990784,-0.9999998638063948,-0.9999997234072457,0.999999747987129,-0.9999997684138024,0.9999998645041143,0.9999997248263404,0.999999764269734,-0.9999997648562486,0.9999997719124182,-0.9999997734081207,-0.9999998290693319,-0.9999997863752551,0.9999998291885298,0.999999786848053
-0.9999999179272246,0.9999997534804402,0.9999997534804383,0.9999997534804393,0.9999998591105915,-0.9999997660238275,-0.999999790543223,0.9999999196103714,-0.9999997551755931,-0.999999755175593,-0.9999997551755924,-0.999999860748707,0.9999997675868851,0.9999997922007056,-0.9999999464447965,0.9999997712997173,0.9999999998376254,0.9999997712997183,0.9999998409828307,-0.9999997442475135,0.9999999260424346,-0.9999997730241447,-0.9999997730241473,-0.999999773024146,-0.9999998426483692,0.9999997458636201,0.9999999228179876,-0.9999997691427652,-0.9999997691427661,-0.9999997691427661,-0.9999998290568595,0.9999998167549969,0.9999997723102169,-0.9999999233038317,0.9999997696307812,0.9999997696307796,0.9999997696307806,0.9999998295348796,-0.9999998171121126,-0.9999997728993887,0.9999996818573725,-0.9999997422431182,0.9999997522670266,0.9999997647036986,-0.9999996833149244,0.9999997436916279,-0.9999997538127857,-0.9999997660377247,0.999999697445141,-0.9999996990721968,-0.9999997468598015,0.9999997674990793,-0.9999998638063978,-0.9999997234072475,0.9999997479871313,-0.9999997684138043,0.9999998645041157,0.9999997248263428,0.9999997642697355,-0.9999997648562505,0.9999997719124205,-0.9999997734081219,-0.9999998290693352,-0.9999997863752578,0.9999998291885317,0.9999997868480549
-0.999999917927224,0.9999997534804401,0.9999997534804375,0.999999753480439,0.9999998591105891,-0.9999997660238266,-0.9999997905432207,0.999999919610371,-0.9999997551755918,-0.9999997551755918,-0.9999997551755917,-0.9999998607487051,0.9999997675868846,0.9999997922007056,-0.9999999464447961,0.9999997712997164,0.9999997712997183,0.9999999998376254,0.9999998409828297,-0.9999997442475113,0.9999999260424345,-0.9999997730241429,-0.999999773024146,-0.999999773024144,-0.9999998426483672,0.9999997458636196,0.999999922817985,-0.9999997691427652,-0.9999997691427661,-0.9999997691427663,-0.9999998290568589,0.9999998167549954,0.9999997723102169,-0.9999999233038321,0.9999997696307803,0.9999997696307787,0.9999997696307796,0.9999998295348783,-0.9999998171121111,-0.9999997728993878,0.9999996818573709,-0.9999997422431157,0.9999997522670244,0.9999997647036973,-0.9999996833149223,0.9999997436916266,-0.9999997538127846,-0.9999997660377233,0.999999697445141,-0.9999996990721957,-0.9999997468597999,0.9999997674990787,-0.9999998638063963,-0.9999997234072471,0.9999997479871298,-0.9999997684138043,0.9999998645041148,0.9999997248263408,0.9999997642697348,-0.999999764856249,0.9999997719124194,-0.9999997734081197,-0.9999998290693338,-0.9999997863752562,0.9999998291885296,0.9999997868480544
-0.9999999865639662,0.9999998230606991,0.9999998230606962,0.9999998230606979,0.9999999270318735,-0.9999998337337808,-0.9999998810958268,0.9999999881896344,-0.999999824697963,-0.9999998246979626,-0.9999998246979626,-0.9999999286140482,0.9999998352434598,0.9999998605823067,-1.0000000151860926,0.99999984098283,0.9999998409828307,0.9999998409828297,0.9999999999354082,-0.9999998344465134,0.9999999947252646,-0.9999998426483686,-0.9999998426483692,-0.9999998426483667,-0.9999999106335901,0.9999998138930377,0.999999988883181,-0.9999998361067676,-0.9999998361067691,-0.9999998361067689,-0.9999998945972021,0.999999882404503,0.9999998384420402,-0.9999999893524364,0.9999998365781192,0.9999998365781175,0.9999998365781183,0.9999998950588982,-0.9999998827494229,-0.9999998390110942,0.9999997507294822,-0.9999998098563811,0.9999998198361648,0.9999998320077434,-0.9999997521372576,0.9999998112554268,-0.9999998213291353,-0.999999833296214,0.9999997668220957,-0.9999997683935862,-0.9999998141210354,0.9999998343441767,-0.9999999299563239,-0.9999997913375578,0.9999998152098674,-0.999999835227665,0.9999999306302153,0.9999997927081926,0.9999998305796189,-0.9999998311461047,0.9999998400260434,-0.9999998414706678,-0.9999998950809046,-0.9999998525505605,0.9999998951960308,0.9999998530072112
0.9999998898506642,-0.999999726315593,-0.9999997263155908,-0.9999997263155926,-0.9999998303283419,0.9999997370014372,0.9999997622575699,-0.9999998914280864,0.9999997279042655,0.9999997279042664,0.9999997279042658,0.9999998318635617,-0.999999738466312,-0.9999997638109399,0.99999989636889,-0.9999997442475105,-0.9999997442475135,-0.9999997442475113,-0.9999998344465134,0.9999999997980872,-0.9999998979733828,0.9999997458636206,0.9999997458636225,0.9999997458636201,0.9999998138930369,-0.9999997171230901,-0.999999891952383,0.9999997391390325,0.9999997391390341,0.9999997391390341,0.9999997976929484,-0.9999997854728233,-0.999999741516757,0.9999998924077127,-0.9999997395963933,-0.9999997395963928,-0.9999997395963933,-0.9999997981409411,0.999999785807507,0.9999997420689224,-0.999999653893419,0.9999997130879567,-0.9999997452255941,-0.9999997352116362,0.9999996552594165,-0.9999997144454821,0.999999724559861,0.999999736461867,-0.9999996921402637,0.9999996715507248,0.9999997172640542,-0.9999997374482277,0.9999998330414233,0.9999996945291182,-0.9999997183205735,0.9999997383054933,-0.9999998336953158,-0.9999996958590736,-0.9999997336337031,0.999999734183378,-0.9999997432333843,0.9999997446351353,0.9999997981118723,0.9999997555965557,-0.999999798223582,-0.9999997560396554
-1.0000000720946443,0.9999999081406095,0.9999999081406075,0.9999999081406084,1.000000012753754,-0.9999999194639374,-0.99999994444849,1.0000000704235958,-0.9999999064576287,-0.9999999064576292,-0.9999999064576289,-1.0000000111274105,0.9999999179121186,0.9999999428029168,-1.0000000785818304,0.9999999260424314,0.9999999260424346,0.9999999260424345,0.9999999947252646,-0.9999998979733828,1.0000000000545826,-0.9999999464447905,-0.9999999464447963,-0.9999999464447936,-1.0000000151860948,0.999999896368887,1.0000000744292004,-0.9999999212121482,-0.9999999212121492,-0.9999999212121492,-0.9999999802930528,0.9999999679335663,0.9999999239497998,-1.0000000739468424,0.9999999207276404,0.9999999207276394,0.9999999207276394,0.999999979818465,-0.9999999675790203,-0.9999999233648644,0.9999998359093017,-0.999999895564121,0.9999999056141659,0.9999999177450009,-0.9999998344622283,0.9999998941260193,-0.9999999040795144,-0.9999999164205567,0.9999998519320589,-0.9999998503166949,-0.999999899667481,0.9999999198799495,-1.0000000156089262,-0.9999998768610423,0.9999998985482504,-0.9999999189718016,1.0000000149162225,0.9999998754521447,0.9999999160405783,-0.9999999154582783,0.9999999255287728,-0.9999999240438159,-0.9999999802089959,-0.9999999379534317,0.9999999800906567,0.9999999374840319
0.9999999196103705,-0.9999997551755967,-0.9999997551755945,-0.999999755175595,-0.9999998607487045,0.9999997675868808,0.9999997922007051,-0.9999999179272244,0.9999997534804359,0.9999997534804342,0.9999997534804342,0.9999998591105904,-0.9999997660238307,-0.9999997905432211,0.9999999260424354,-0.9999997730241438,-0.9999997730241447,-0.9999997730241429,-0.9999998426483686,0.9999997458636206,-0.9999999464447905,0.9999999998376254,0.999999771299719,0.9999997712997173,0.9999998409828297,-0.999999744247511,-0.999999923303833,0.9999997696307796,0.9999997696307799,0.9999997696307799,0.9999998295348808,-0.9999998171121107,-0.999999772899386,0.999999922817984,-0.9999997691427647,-0.9999997691427639,-0.9999997691427647,-0.999999829056857,0.9999998167549969,0.9999997723102176,-0.9999996833149216,0.9999997436916273,-0.9999997538127847,-0.9999997660377252,0.9999996818573728,-0.9999997422431163,0.999999752267025,0.999999764703696,-0.9999996990721957,0.9999996974451412,0.9999997479871309,-0.9999997684138016,0.9999998645041145,0.9999997248263408,-0.9999997468597995,0.9999997674990809,-0.9999998638063963,-0.9999997234072475,-0.9999997648562486,0.9999997642697348,-0.999999773408122,0.9999997719124187,0.9999998291885283,0.9999997868480546,-0.9999998290693347,-0.9999997863752556
0.9999999196103722,-0.9999997551755988,-0.999999755175596,-0.9999997551755967,-0.9999998607487052,0.9999997675868829,0.9999997922007074,-0.9999999179272263,0.9999997534804363,0.9999997534804366,0.9999997534804366,0.9999998591105926,-0.9999997660238318,-0.999999790543223,0.9999999260424367,-0.9999997730241441,-0.9999997730241473,-0.999999773024146,-0.9999998426483692,0.9999997458636225,-0.9999999464447963,0.999999771299719,0.9999999998376254,0.9999997712997178,0.9999998409828318,-0.9999997442475126,-0.9999999233038346,0.999999769630781,0.9999997696307827,0.9999997696307825,0.9999998295348833,-0.999999817112112,-0.9999997728993887,0.9999999228179856,-0.9999997691427667,-0.9999997691427648,-0.9999997691427667,-0.9999998290568592,0.9999998167549973,0.999999772310218,-0.9999996833149228,0.9999997436916279,-0.9999997538127852,-0.9999997660377266,0.9999996818573735,-0.9999997422431184,0.9999997522670266,0.9999997647036979,-0.9999996990721963,0.9999996974451432,0.9999997479871316,-0.9999997684138034,0.9999998645041157,0.9999997248263436,-0.9999997468598012,0.9999997674990825,-0.9999998638063995,-0.9999997234072476,-0.9999997648562516,0.9999997642697357,-0.9999997734081237,0.9999997719124203,0.9999998291885314,0.9999997868480572,-0.9999998290693347,-0.9999997863752569
0.9999999196103697,-0.9999997551755958,-0.999999755175593,-0.9999997551755941,-0.9999998607487041,0.9999997675868816,0.9999997922007056,-0.9999999179272242,0.9999997534804341,0.9999997534804342,0.9999997534804337,0.9999998591105905,-0.9999997660238293,-0.9999997905432202,0.9999999260424346,-0.9999997730241438,-0.999999773024146,-0.999999773024144,-0.9999998426483667,0.9999997458636201,-0.9999999464447936,0.9999997712997173,0.9999997712997178,0.9999999998376254,0.99999984098283,-0.9999997442475096,-0.9999999233038311,0.9999997696307774,0.999999769630779,0.999999769630779,0.9999998295348805,-0.9999998171121094,-0.9999997728993855,0.9999999228179838,-0.9999997691427648,-0.999999769142763,-0.9999997691427637,-0.9999998290568571,0.9999998167549969,0.9999997723102163,-0.9999996833149203,0.9999997436916254,-0.9999997538127842,-0.9999997660377233,0.9999996818573705,-0.999999742243116,0.9999997522670235,0.9999997647036949,-0.9999996990721949,0.9999996974451402,0.9999997479871298,-0.9999997684138013,0.9999998645041137,0.9999997248263395,-0.9999997468597985,0.9999997674990809,-0.9999998638063967,-0.9999997234072462,-0.999999764856249,0.999999764269733,-0.9999997734081219,0.9999997719124178,0.9999998291885287,0.9999997868480538,-0.9999998290693328,-0.9999997863752548
0.9999999881896336,-0.9999998246979679,-0.9999998246979644,-0.9999998246979649,-0.9999999286140469,0.9999998352434574,0.9999998605823072,-0.9999999865639662,0.9999998230606943,0.9999998230606948,0.9999998230606946,0.9999999270318746,-0.9999998337337831,-0.999999881095823,0.9999999947252672,-0.9999998426483654,-0.9999998426483692,-0.9999998426483672,-0.9999999106335901,0.9999998138930369,-1.0000000151860948,0.9999998409828297,0.9999998409828318,0.99999984098283,0.9999999999354082,-0.999999834446516,-0.9999999893524364,0.9999998365781183,0.9999998365781192,0.9999998365781192,0.999999895058898,-0.9999998827494213,-0.9999998390110918,0.999999988883178,-0.9999998361067689,-0.9999998361067669,-0.9999998361067689,-0.9999998945972007,0.999999882404503,0.9999998384420419,-0.9999997521372566,0.999999811255426,-0.9999998213291356,-0.9999998332962156,0.9999997507294819,-0.9999998098563816,0.9999998198361648,0.9999998320077429,-0.9999997683935857,0.9999997668220951,0.999999815209868,-0.9999998352276609,0.9999999306302142,0.9999997927081905,-0.9999998141210341,0.999999834344179,-0.9999999299563244,-0.9999997913375578,-0.9999998311461052,0.9999998305796193,-0.999999841470667,0.9999998400260434,0.9999998951960293,0.999999853007211,-0.999999895080904,-0.999999852550558
-0.9999998914280845,0.9999997279042704,0.9999997279042674,0.9999997279042688,0.9999998318635606,-0.9999997384663069,-0.9999997638109412,0.9999998898506652,-0.9999997263155879,-0.9999997263155891,-0.9999997263155884,-0.9999998303283435,0.9999997370014396,0.9999997622575675,-0.9999998979733841,0.9999997458636191,0.9999997458636201,0.9999997458636196,0.9999998138930377,-0.9999997171230901,0.999999896368887,-0.999999744247511,-0.9999997442475126,-0.9999997442475096,-0.999999834446516,0.9999999997980872,0.9999998924077138,-0.9999997395963933,-0.9999997395963942,-0.9999997395963939,-0.9999997981409432,0.9999997858075053,0.9999997420689204,-0.9999998919523808,0.9999997391390322,0.9999997391390303,0.9999997391390327,0.9999997976929447,-0.9999997854728236,-0.9999997415167577,0.999999655259415,-0.9999997144454789,0.999999724559862,0.9999997364618678,-0.9999996538934206,0.9999997130879557,-0.9999997452255913,-0.9999997352116337,0.9999996715507218,-0.9999996921402665,-0.999999718320573,0.9999997383054912,-0.999999833695314,-0.9999996958590739,0.9999997172640545,-0.999999737448228,0.9999998330414231,0.9999996945291174,0.9999997341833784,-0.9999997336337039,0.9999997446351367,-0.9999997432333829,-0.9999997982235812,-0.9999997560396556,0.9999997981118713,0.999999755596555
-1.0000000671892952,0.9999999046576376,0.9999999046576346,0.9999999046576357,1.0000000066015242,-0.9999999126935489,-0.999999939017574,1.0000000676635126,-0.9999999051352348,-0.9999999051352341,-0.999999905135235,-1.0000000070630561,0.9999999131339342,0.9999999394845595,-1.0000000739468446,0.9999999228179838,0.9999999228179876,0.999999922817985,0.999999988883181,-0.999999891952383,1.0000000744292004,-0.999999923303833,-0.9999999233038346,-0.9999999233038311,-0.9999999893524364,0.9999998924077138,1.000000000045278,-0.9999999339701838,-0.999999933970185,-0.9999999339701874,-0.9999999909889983,0.9999999565382854,0.9999999133021141,-1.0000000639115914,0.9999999119932875,0.999999911993287,0.999999911993287,0.9999999690092795,-0.9999999566389025,-0.9999999134681123,0.9999998304286687,-0.9999998883999275,0.9999998986781485,0.9999999098421869,-0.999999830839327,0.9999998888080381,-0.9999998991136586,-0.9999999102180421,0.9999998476031122,-0.9999998480615278,-0.9999998912862273,0.9999999105485106,-1.0000000050085085,-0.9999998699037193,0.9999998916038444,-0.9999999108062329,1.0000000052050886,0.9999998703035418,0.9999999055279354,-0.9999999056931829,0.9999999189831572,-0.9999999194045643,-0.99999996931158,-0.9999999272108612,0.9999999693451641,0.999999927344069
0.9999999140202707,-0.9999997510309491,-0.9999997510309486,-0.9999997510309477,-0.9999998538914325,0.9999997601000741,0.9999997860765969,-0.9999999144966042,0.9999997515106782,0.999999751510679,0.9999997515106782,0.9999998543550209,-0.9999997605424251,-0.9999997865456682,0.999999920727641,-0.9999997691427639,-0.9999997691427652,-0.9999997691427652,-0.9999998361067676,0.9999997391390325,-0.9999999212121482,0.9999997696307796,0.999999769630781,0.9999997696307774,0.9999998365781183,-0.9999997395963933,-0.9999999339701838,0.9999999998292515,0.999999759501709,0.999999759501709,0.999999817311204,-0.9999998049106613,-0.9999997614596972,0.999999911993286,-0.9999997596398162,-0.9999997596398154,-0.9999997596398162,-0.9999998174464839,0.9999998050117264,0.9999997616264362,-0.9999996771356875,0.9999997358025511,-0.9999997461575872,-0.999999757396357,0.9999996775481774,-0.999999736212482,0.9999997465950383,0.9999997577738887,-0.9999996940659692,0.9999996945264286,0.9999997388565889,-0.9999997583149322,0.9999998531132561,0.9999997171465788,-0.9999997391756238,0.9999997585738012,-0.9999998533107098,-0.9999997175481834,-0.9999997535532179,0.9999997537192017,-0.9999997661478985,0.999999766571185,0.9999998174909347,0.9999997753103896,-0.9999998175246678,-0.9999997754441908
0.999999914020272,-0.9999997510309518,-0.99999975103095,-0.9999997510309496,-0.999999853891433,0.9999997601000746,0.9999997860765985,-0.9999999144966055,0.9999997515106798,0.99999975151068,0.9999997515106801,0.999999854355023,-0.9999997605424255,-0.9999997865456697,0.9999999207276423,-0.9999997691427652,-0.9999997691427661,-0.9999997691427661,-0.9999998361067691,0.9999997391390341,-0.9999999212121492,0.9999997696307799,0.9999997696307827,0.999999769630779,0.9999998365781192,-0.9999997395963942,-0.999999933970185,0.999999759501709,0.9999999998292515,0.9999997595017102,0.9999998173112055,-0.9999998049106623,-0.9999997614596982,0.999999911993287,-0.9999997596398172,-0.9999997596398157,-0.9999997596398172,-0.9999998174464848,0.9999998050117272,0.9999997616264368,-0.9999996771356889,0.9999997358025511,-0.9999997461575884,-0.9999997573963572,0.9999996775481791,-0.9999997362124821,0.9999997465950399,0.9999997577738892,-0.999999694065971,0.9999996945264296,0.9999997388565903,-0.9999997583149325,0.9999998531132571,0.9999997171465793,-0.9999997391756257,0.9999997585738026,-0.9999998533107108,-0.9999997175481845,-0.9999997535532196,0.9999997537192034,-0.9999997661479004,0.9999997665711853,0.9999998174909351,0.9999997753103913,-0.9999998175246686,-0.9999997754441926
0.999999914020272,-0.9999997510309518,-0.99999975103095,-0.9999997510309496,-0.999999853891433,0.9999997601000746,0.9999997860765985,-0.9999999144966055,0.9999997515106795,0.99999975151068,0.9999997515106801,0.999999854355023,-0.9999997605424255,-0.9999997865456697,0.9999999207276423,-0.9999997691427652,-0.9999997691427661,-0.9999997691427663,-0.9999998361067689,0.9999997391390341,-0.9999999212121492,0.9999997696307799,0.9999997696307825,0.999999769630779,0.9999998365781192,-0.9999997395963939,-0.9999999339701874,0.999999759501709,0.9999997595017102,0.9999999998292515,0.9999998173112055,-0.9999998049106623,-0.9999997614596982,0.999999911993287,-0.9999997596398172,-0.9999997596398157,-0.9999997596398172,-0.9999998174464848,0.9999998050117272,0.9999997616264368,-0.9999996771356889,0.9999997358025511,-0.9999997461575884,-0.9999997573963572,0.9999996775481791,-0.9999997362124821,0.9999997465950399,0.9999997577738892,-0.999999694065971,0.9999996945264296,0.9999997388565903,-0.9999997583149323,0.9999998531132571,0.9999997171465793,-0.9999997391756257,0.9999997585738026,-0.9999998533107108,-0.9999997175481845,-0.9999997535532196,0.9999997537192034,-0.9999997661479003,0.9999997665711853,0.9999998174909351,0.9999997753103913,-0.9999998175246684,-0.9999997754441926
0.9999999730319284,-0.9999998108666425,-0.9999998108666408,-0.9999998108666406,-0.999999912289162,0.9999998183444794,0.9999998449286682,-0.9999999734985072,0.9999998113365478,0.999999811336547,0.9999998113365467,0.9999999127432573,-0.9999998187777713,-0.9999998453881329,0.9999999798184681,-0.9999998290568577,-0.9999998290568595,-0.9999998290568589,-0.9999998945972021,0.9999997976929484,-0.9999999802930528,0.9999998295348808,0.9999998295348833,0.9999998295348805,0.999999895058898,-0.9999997981409432,-0.9999999909889983,0.999999817311204,0.9999998173112055,0.9999998173112055,0.9999999999104447,-0.9999998836941143,-0.9999998406451854,0.9999999690092797,-0.9999998174464854,-0.9999998174464858,-0.9999998174464871,-0.9999998739956312,0.9999998616787119,0.9999998186941116,-0.9999997364533273,0.9999997939962821,-0.9999998042759175,-0.9999998153523675,0.9999997368573688,-0.9999997943978186,0.9999998047044113,0.9999998157221669,-0.99999975377729,0.9999997542283191,0.9999997968275941,-0.9999998159668685,0.9999999101929596,0.999999775643918,-0.9999997971400962,0.9999998162204369,-0.9999999103863706,-0.9999997760373021,-0.9999998107946265,0.9999998109572128,-0.9999998247869811,0.9999998252015997,0.9999998744985916,0.9999998324442579,-0.9999998745316345,-0.9999998325753179
