0.9999999982854556,-0.9998208357664852,-0.9998209933612537,0.9992910417608027,0.9998207743065167,0.9992911568568893,-0.999290741601676,-0.998408106455613,-0.9992908414277065,0.9886959928666831,-0.9886966907463164,0.9655172208868623,-0.1716182270582835,0.1716181663544495,-0.171619754292344,-0.17161645407118706,-0.1716116800456353,0.17161193599779387,-0.17161216350335304,-0.17161216350335265,-0.960453711091893,-0.5842196053455075,0.568863283760598,0.985704484784864,-0.059556392051040095,-0.4725996697005543,0.3703195305149846,-0.28150725227268547,-0.3527944147145398,0.17162122711815525,-0.17162249766562152,0.17162362300271972,0.17161641180948808,0.17161480908466697,0.9992905895620785,0.2994944645843402,-0.31737564953296654,0.3351443953161614,-0.17161331479017433,0.17161263525203987,0.1716126352520402
-0.9998208357664852,0.9999999982306412,0.9992910617631874,-0.9998209029176538,-0.9992907914496755,-0.9984080944562125,0.9984076787975182,0.9971722666722523,0.9984077862830748,-0.9913391222393555,0.9913398270144981,-0.9702399485351703,0.1530702919393467,-0.15307022839452716,0.1530718170281979,0.15306851797141188,0.15306372962737022,-0.15306398461425502,0.15306421601016434,0.153064216010164,0.9550504250883449,0.5993714818656206,-0.553303961157837,-0.9823636584903707,0.040782769162838635,0.4559512591614557,-0.35279394403684355,0.2634211539612613,0.33514415839082684,-0.1530732910139968,0.15307456708008893,-0.15307570009171656,-0.15306848129366468,-0.15306687248189793,-0.9984075382589678,-0.28150781963347254,0.29949481896139635,-0.31737570792719116,0.15306537130181425,-0.15306469059155267,-0.1530646905915532
-0.9998209933612537,0.9992910617631874,0.9999999984509059,-0.9984081296062246,-0.9999975107714967,-0.9998211565144267,0.9998207906347409,0.9992912402015794,0.9998208829328454,-0.9857036221559672,0.9857043127635151,-0.9604534574135462,0.19010537099516436,-0.1901053131708643,0.19010689997817218,0.19010359952294484,0.1900988412481948,-0.1900990980927754,0.1900993216365748,0.19009932163657442,0.9655176600349675,0.5688614816285653,-0.5842215113700321,-0.9886970731807354,0.07830880959827163,0.48908098147626666,-0.3877141418988833,0.2994937444545674,0.3703198857436375,-0.190108371261098,0.1901096359890138,-0.19011075341588082,-0.1901035516741788,-0.19010195552929646,-0.9998206274833504,-0.3173751500708323,0.33514420483079627,-0.35279453141315525,0.19010046857112922,-0.19009979040831632,-0.19009979040831687
0.9992910417608027,-0.9998209029176538,-0.9984081296062246,0.9999999983862325,0.9984078569547147,0.9971723878716897,-0.99717197211159,-0.9955841657757506,-0.9971720873801482,0.9936321429346617,-0.9936328055714907,0.9746200423518208,-0.13446808117824108,0.1344680148294783,-0.1344696036746869,-0.13446630680153088,-0.1344615056576276,0.13446175960483758,-0.13446199481517615,-0.13446199481517593,-0.949309754936432,-0.6143118326487205,0.5375490346629305,0.9786758253792136,-0.0219945285534127,-0.43914161712780103,0.33514355121360684,-0.2452418094924377,-0.3173753281935425,0.13447107838186872,-0.1344723596028294,0.1344734999839257,0.13446627570490752,0.1344646613309386,0.9971718434490535,0.2634215414009813,-0.2815080032693418,0.2994947211409263,-0.13446315374508283,0.13446247207708156,0.13446247207708215
0.9998207743065167,-0.9992907914496755,-0.9999975107714967,0.9984078569547147,0.9999999980736056,0.9998209435952901,-0.9998205288662878,-0.9992909826565307,-0.9998206209949507,0.9857033350139818,-0.985704025773517,0.9604531599534939,-0.19010548419465165,0.19010542633918287,-0.19010701288767562,-0.1901037129127217,-0.19009895513714734,0.1900992119502798,-0.19009943547488473,-0.1900994354748845,-0.9655174497909567,-0.568861198195805,0.5842214924071615,0.9886968377356173,-0.07830895286738652,-0.4890809975642553,0.38771419269905105,-0.299493823543033,-0.3703199422942675,0.19010848389053,-0.19010974831773653,0.19011086541836295,0.19010366509758508,0.190102069099216,0.9998203653588894,0.31737522359478226,-0.3351442727433138,0.35279459366801985,-0.19010058229460147,0.190099904202554,0.1900999042025544
0.9992911568568893,-0.9984080944562125,-0.9998211565144267,0.9971723878716897,0.9998209435952901,0.9999999985120777,-0.9999974481869011,-0.9998211637019536,-0.9999975332661699,0.9823629345000822,-0.9823636173141397,0.9550503218517367,-0.20852511817233205,0.2085250632871278,-0.20852664879369479,-0.20852334854677962,-0.20851860695849533,0.20851886464463237,-0.2085190841753966,-0.20851908417539625,-0.9702403320819669,-0.553302491837248,0.5993730959555185,0.9913402183564163,-0.09703333968382409,-0.505389260393036,0.4049715337144921,-0.31737418827180974,-0.3877142829220765,0.2085281184423844,-0.2085293773671451,0.20853048699474494,0.2085232950873946,0.20852170585231677,0.9999973233276069,0.3351434688572141,-0.3527941149057914,0.37031978583274744,-0.20852022652329297,0.20851954987023275,0.20851954987023316
-0.999290741601676,0.9984076787975182,0.9998207906347409,-0.99717197211159,-0.9998205288662878,-0.9999974481869011,0.9999999979233194,0.9998208009656842,0.9999971682229007,-0.9823625187917352,0.9823632017579699,-0.9550499119956609,0.20852509218777213,-0.20852503726960622,0.20852662247994497,0.2085233227817634,0.20851858175861895,-0.20851883941203211,0.20851905892069794,0.20851905892069766,0.9702399477953573,0.5533022161049578,-0.5993728977709172,-0.9913398179121975,0.09703335860443552,0.5053891046793877,-0.4049714223172023,0.31737411473731236,0.3877141790799855,-0.20852809180805185,0.20852935038917975,-0.20853045964714023,-0.208523269357407,-0.20852168029256082,-0.9999969094361921,-0.335143387733105,0.3527940261997734,-0.37031968955418443,0.20852020113917435,-0.20851952456564796,-0.2085195245656486
-0.998408106455613,0.9971722666722523,0.9992912402015794,-0.9955841657757506,-0.9992909826565307,-0.9998211637019536,0.9998208009656842,0.9999999984670402,0.999820879468981,-0.9786750110591969,0.9786756852705581,-0.949309563854457,0.2268714747071031,-0.22687142287991557,0.22687300754191497,0.22686970678694612,0.22686498164257626,-0.2268652401774848,0.22686545568795224,0.2268654556879521,0.9746201848605576,0.5375476886069547,-0.614313105815903,-0.9936330070499135,0.11572389426002914,0.521519198985038,-0.42208609060103935,0.3351427667080081,0.4049719464141884,-0.22687447615197062,0.22687573003204975,-0.22687683277422926,-0.226869647633321,-0.22686806526065514,-0.9998206184748302,-0.35279364009852743,0.370319637174541,-0.38771445633040724,0.226866593482528,-0.22686591830882916,-0.22686591830882935
-0.9992908414277065,0.9984077862830748,0.9998208829328454,-0.9971720873801482,-0.9998206209949507,-0.9999975332661699,0.9999971682229007,0.999820879468981,0.9999999980441125,-0.9823626773493329,0.9823633604636256,-0.95505011237683,0.20852472739299938,-0.20852467244832087,0.20852625745619424,0.2085229581357838,0.20851821749925525,-0.20851847512788207,0.20851869462607422,0.20851869462607403,0.970239937830667,0.5533025930222559,-0.5993726365286549,-0.9913398523587572,0.09703297575433123,0.50538881079142,-0.40497109935648207,0.31737377054997207,0.38771385168685135,-0.20852772655889928,0.20852898489453758,-0.20853009388018637,-0.20852290473943993,-0.20852131579231095,-0.9999969453395738,-0.33514304759501523,0.35279369021107654,-0.37031935781544506,0.20851983675659996,-0.20851916023904818,-0.2085191602390483
0.9886959928666831,-0.9913391222393555,-0.9857036221559672,0.9936321429346617,0.9857033350139818,0.9823629345000822,-0.9823625187917352,-0.9786750110591969,-0.9823626773493329,0.9999999972392142,-0.9999968209240422,0.993632714205889,-0.021989459688666644,0.021989376657653888,-0.021990951767544675,-0.021987698424258365,-0.021982862519709108,0.02198310796487734,-0.02198336404774714,-0.021983364047746562,-0.9078581595926521,-0.6992858197600943,0.4391408645469081,0.9493085124906179,0.09076384624492584,-0.33514337563454716,0.2268790046833235,-0.13447485519047053,-0.20853293398177233,0.021992416375357465,-0.021993715256044124,0.021994887317030767,0.02198770139822009,0.02198606755959981,0.9823624572151873,0.1530773353038432,-0.1716255697017248,0.1901129530666057,-0.02198453472100769,0.02198385327069454,0.021983853270694905
-0.9886966907463164,0.9913398270144981,0.9857043127635151,-0.9936328055714907,-0.985704025773517,-0.9823636173141397,0.9823632017579699,0.9786756852705581,0.9823633604636256,-0.9999968209240422,0.999999998303034,-0.9936334386749603,0.021989194895479094,-0.021989111897723932,0.021990687118308486,0.021987433556459348,0.021982597343118145,-0.021982842828240447,0.02198309892391239,0.021983098923912175,0.9078587194297578,0.699286541567849,-0.43914093953195704,-0.9493091335138675,-0.09076419337628217,0.335143360666194,-0.22687890006772168,0.13447467700489207,0.2085328145189962,-0.021992151831077857,0.021993450812749744,-0.021994622975643616,-0.021987436491634694,-0.02198580259769369,-0.982363140487118,-0.15307717169199592,0.17162542073766826,-0.19011281881991024,0.021984269674612207,-0.021983588176217865,-0.021983588176218562
0.9655172208868623,-0.9702399485351703,-0.9604534574135462,0.9746200423518208,0.9604531599534939,0.9550503218517367,-0.9550499119956609,-0.949309563854457,-0.95505011237683,0.993632714205889,-0.9936334386749603,0.9999999993636438,0.09077009991955011,-0.09077019858283758,0.09076865835393615,0.09077182478870609,0.0907766322159399,-0.09077639838604606,0.09077612476957508,0.09077612476957551,-0.8548513531137988,-0.7753604063088437,0.33514258652114604,0.907858596074891,0.20236809968319758,-0.22687860153367798,0.11572582074150004,-0.021995314608067897,-0.0970353967044385,-0.09076722371704057,0.09076592505806953,-0.09076473767510872,-0.09077178779004802,-0.09077341961361418,0.955049919381493,0.040783783681014193,-0.05955772212803184,0.07831047734179174,0.09077495761125337,-0.09077562996028585,-0.09077562996028549
-0.1716182270582835,0.1530702919393467,0.19010537099516436,-0.13446808117824108,-0.19010548419465165,-0.20852511817233205,0.20852509218777213,0.2268714747071031,0.20852472739299938,-0.021989459688666644,0.021989194895479094,0.09077009991955011,0.9999999997976712,-0.9999998148832866,1.000000181458642,0.9999994078195479,0.9999992091586993,-0.9999993092564438,0.9999991497016435,0.9999991497016438,0.4391338963706203,-0.6992904272805638,-0.907856057632862,-0.3351357154606128,0.9936350948831413,0.9493083841566169,-0.9786771460185226,0.993635498544295,0.9823660223090651,-1.0000004650264585,1.000000495538803,-1.0000003977038692,-0.9999990996639124,-0.9999991031012232,-0.2085245062239176,-0.9913432643950396,0.9887004290798237,-0.9857076403011531,0.9999991661449541,-0.9999990933800736,-0.9999990933800739
0.1716181663544495,-0.15307022839452716,-0.1901053131708643,0.1344680148294783,0.19010542633918287,0.2085250632871278,-0.20852503726960622,-0.22687142287991557,-0.20852467244832087,0.021989376657653888,-0.021989111897723932,-0.09077019858283758,-0.9999998148832866,1.0000000000079774,-1.0000002797425538,-0.999999507406022,-0.9999993586833132,0.9999994587309915,-0.9999992991198552,-0.9999992991198556,-0.43913388153285227,0.6992905887832787,0.9078561516029445,0.33513568185329456,-0.993635247264278,-0.9493084935126391,0.9786772693690423,-0.9936356322533216,-0.9823661479124507,1.0000006111983455,-1.0000006408719804,1.0000005421397367,0.9999992479668994,0.9999992518239126,0.20852445124409594,0.9913433962176997,-0.9887005589223903,0.9857077680698515,-0.9999993152762572,0.999999242683772,0.9999992426837706
-0.171619754292344,0.1530718170281979,0.19010689997817218,-0.1344696036746869,-0.19010701288767562,-0.20852664879369479,0.20852662247994497,0.22687300754191497,0.20852625745619424,-0.021990951767544675,0.021990687118308486,0.09076865835393615,1.000000181458642,-1.0000002797425538,1.000000000454489,0.9999998791208078,0.9999996938923209,-0.9999997934144502,0.9999996332699576,0.9999996332699587,0.43913540548877283,-0.6992896522147077,-0.9078570551727411,-0.3351372452073017,0.9936353428161829,0.9493092488431177,-0.9786778667222829,0.993636090523736,0.9823667193241298,-1.000000864455462,1.00000093406532,-1.0000008258991153,-0.9999995716911003,-0.9999995793752982,-0.20852603598489897,-0.9913438841879415,0.9887010756668605,-0.9857083126264758,0.9999996467014189,-0.999999575753136,-0.9999995757531353
-0.17161645407118706,0.15306851797141188,0.19010359952294484,-0.13446630680153088,-0.1901037129127217,-0.20852334854677962,0.2085233227817634,0.22686970678694612,0.2085229581357838,-0.021987698424258365,0.021987433556459348,0.09077182478870609,0.9999994078195479,-0.999999507406022,0.9999998791208078,0.9999999993565357,0.9999988892908134,-0.9999989897489291,0.9999988305542509,0.9999988305542512,0.4391322026143821,-0.6992914937633576,-0.9078550730592859,-0.33513397423558783,0.9936350180043755,0.949307568435552,-0.9786765096560003,0.9936350191458997,0.9823654157248006,-1.0000001683764737,1.0000002051370773,-1.000000114101349,-0.9999987389419348,-0.9999987397870123,-0.20852273716145323,-0.9913427519898778,0.9886998844581786,-0.9857070642865798,0.9999988488514803,-0.9999987749655253,-0.9999987749655248
-0.1716116800456353,0.15306372962737022,0.1900988412481948,-0.1344615056576276,-0.19009895513714734,-0.20851860695849533,0.20851858175861895,0.22686498164257626,0.20851821749925525,-0.021982862519709108,0.021982597343118145,0.0907766322159399,0.9999992091586993,-0.9999993586833132,0.9999996938923209,0.9999988892908134,0.9999999990480736,-0.999998715624006,0.9999986059229504,0.9999986059229514,0.439127816908347,-0.6992948754902942,-0.9078529402900557,-0.33512939129793123,0.9936354405864839,0.9493059282786551,-0.978675383305369,0.9936343351955057,0.98236437416952,-0.9999999966788818,1.0000000483815097,-0.999999973695094,-0.99999857946936,-0.9999985742562381,-0.20851799703835416,-0.9913419758798718,0.9886990179849516,-0.9857061093315936,0.9999986285076903,-0.999998552027173,-0.9999985520271729
0.17161193599779387,-0.15306398461425502,-0.1900990980927754,0.13446175960483758,0.1900992119502798,0.20851886464463237,-0.20851883941203211,-0.2268652401774848,-0.20851847512788207,0.02198310796487734,-0.021982842828240447,-0.09077639838604606,-0.9999993092564438,0.9999994587309915,-0.9999997934144502,-0.9999989897489291,-0.999998715624006,0.9999999991922572,-0.999998658463901,-0.9999986584638981,-0.4391280776070362,0.6992947686047536,0.9078531299387491,0.3351296525146388,-0.9936355092688657,-0.9493060968321729,0.9786755286005897,-0.9936344595419914,-0.982364515510694,1.000000095608112,-1.0000001466484154,1.0000000712279593,0.999998679970545,0.9999986750235093,0.2085182546329621,0.9913421046514781,-0.9886991510657934,0.9857062466022396,-0.9999987295354216,0.9999986531628772,0.999998653162876
-0.17161216350335304,0.15306421601016434,0.1900993216365748,-0.13446199481517615,-0.19009943547488473,-0.2085190841753966,0.20851905892069794,0.22686545568795224,0.20851869462607422,-0.02198336404774714,0.02198309892391239,0.09077612476957508,0.9999991497016435,-0.9999992991198552,0.9999996332699576,0.9999988305542509,0.9999986059229504,-0.999998658463901,0.9999999989666705,0.9999985486928387,0.43912823887523694,-0.6992944684990071,-0.9078530906691114,-0.3351298420344564,0.9936353181365549,0.9493060239959001,-0.9786754231097586,0.9936343277111943,0.9823644048103509,-0.9999999348686255,0.9999999852497509,-0.9999999091065347,-0.9999985208267711,-0.9999985161393701,-0.208518474113697,-0.9913419781456446,0.9886990298592927,-0.9857061306644507,0.9999985709157402,-0.9999984459888365,-0.9999984946539814
-0.17161216350335265,0.153064216010164,0.19009932163657442,-0.13446199481517593,-0.1900994354748845,-0.20851908417539625,0.20851905892069766,0.2268654556879521,0.20851869462607403,-0.021983364047746562,0.021983098923912175,0.09077612476957551,0.9999991497016438,-0.9999992991198556,0.9999996332699587,0.9999988305542512,0.9999986059229514,-0.9999986584638981,0.9999985486928387,0.9999999989666705,0.4391282388752366,-0.6992944684990069,-0.9078530906691119,-0.335129842034456,0.9936353181365559,0.9493060239959008,-0.9786754231097582,0.9936343277111952,0.9823644048103513,-0.999999934868627,0.9999999852497513,-0.9999999091065354,-0.9999985208267717,-0.9999985161393706,-0.2085184741136967,-0.9913419781456454,0.9886990298592934,-0.9857061306644509,0.9999985709157406,-0.9999984946539824,-0.9999984459888355
-0.960453711091893,0.9550504250883449,0.9655176600349675,-0.949309754936432,-0.9655174497909567,-0.9702403320819669,0.9702399477953573,0.9746201848605576,0.970239937830667,-0.9078581595926521,0.9078587194297578,-0.8548513531137988,0.4391338963706203,-0.43913388153285227,0.43913540548877283,0.4391322026143821,0.439127816908347,-0.4391280776070362,0.43912823887523694,0.4391282388752366,0.9999999989403296,0.33514240414140417,-0.7753599743893246,-0.9936333491578264,0.3351399880506197,0.6992877482822457,-0.6143135601815057,0.5375486521749159,0.5993740718966984,-0.43913681352745326,0.439137964356611,-0.43913894539441933,-0.43913207816628697,-0.439130625203067,-0.9702396475714633,-0.553304282411054,0.5688641305235638,-0.5842225322899893,0.43912928801833945,-0.43912865099471365,-0.43912865099471393
-0.5842196053455075,0.5993714818656206,0.5688614816285653,-0.6143118326487205,-0.568861198195805,-0.553302491837248,0.5533022161049578,0.5375476886069547,0.5533025930222559,-0.6992858197600943,0.699286541567849,-0.7753604063088437,-0.6992904272805638,0.6992905887832787,-0.6992896522147077,-0.6992914937633576,-0.6992948754902942,0.6992947686047536,-0.6992944684990071,-0.6992944684990069,0.33514240414140417,0.9999999993457198,0.33513829042198007,-0.43913995305802284,-0.7753592598066708,-0.43913665478114855,0.5375459788541374,-0.6143114209516712,-0.5533012308357421,0.6992887667278355,-0.6992878155030929,0.6992868600012697,0.6992912747091993,0.6992924662075886,-0.5533025966751255,0.5993714641251036,-0.5842196058552145,0.5688610320164491,-0.6992936282873891,0.6992940724978225,0.6992940724978223
0.568863283760598,-0.553303961157837,-0.5842215113700321,0.5375490346629305,0.5842214924071615,0.5993730959555185,-0.5993728977709172,-0.614313105815903,-0.5993726365286549,0.4391408645469081,-0.43914093953195704,0.33514258652114604,-0.907856057632862,0.9078561516029445,-0.9078570551727411,-0.9078550730592859,-0.9078529402900557,0.9078531299387491,-0.9078530906691114,-0.9078530906691119,-0.7753599743893246,0.33513829042198007,0.9999999986784807,0.6992872483465712,-0.8548495867785905,-0.9936339202229602,0.9746216377926769,-0.9493111008774626,-0.970242586234567,0.9078578776355748,-0.9078583993485492,0.9078587489189746,0.9078548012121472,0.9078541424343322,0.5993723451589087,0.9550527710726223,-0.9604566256571971,0.9655204764294135,-0.9078535797729526,0.9078532386110577,0.9078532386110577
0.985704484784864,-0.9823636584903707,-0.9886970731807354,0.9786758253792136,0.9886968377356173,0.9913402183564163,-0.9913398179121975,-0.9936330070499135,-0.9913398523587572,0.9493085124906179,-0.9493091335138675,0.907858596074891,-0.3351357154606128,0.33513568185329456,-0.3351372452073017,-0.33513397423558783,-0.33512939129793123,0.3351296525146388,-0.3351298420344564,-0.335129842034456,-0.9936333491578264,-0.43913995305802284,0.6992872483465712,0.9999999984186426,-0.22687594039537887,-0.6143133383194461,0.5215190974722826,-0.43914068028697223,-0.505389624592105,0.335138691759905,-0.3351399007634927,0.33514094821553203,0.3351338819069853,0.33513235507009886,0.9913395749107274,0.4559509217858507,-0.4725998070436723,0.48908131482183315,-0.3351309421300118,0.3351302820544878,0.33513028205448814
-0.059556392051040095,0.040782769162838635,0.07830880959827163,-0.0219945285534127,-0.07830895286738652,-0.09703333968382409,0.09703335860443552,0.11572389426002914,0.09703297575433123,0.09076384624492584,-0.09076419337628217,0.20236809968319758,0.9936350948831413,-0.993635247264278,0.9936353428161829,0.9936350180043755,0.9936354405864839,-0.9936355092688657,0.9936353181365549,0.9936353181365559,0.3351399880506197,-0.7753592598066708,-0.8548495867785905,-0.22687594039537887,0.9999999990575328,0.907858065754797,-0.9493106458198413,0.9746218777867397,0.9550522125017412,-0.9936354126084606,0.9936352450572817,-0.9936349114990334,-0.9936347147055848,-0.9936349260107656,-0.09703277833484263,-0.9702426506947357,0.9655202931344509,-0.9604561943726536,0.993635185568968,-0.9936352001400859,-0.9936352001400844
-0.4725996697005543,0.4559512591614557,0.48908098147626666,-0.43914161712780103,-0.4890809975642553,-0.505389260393036,0.5053891046793877,0.521519198985038,0.50538881079142,-0.33514337563454716,0.335143360666194,-0.22687860153367798,0.9493083841566169,-0.9493084935126391,0.9493092488431177,0.949307568435552,0.9493059282786551,-0.9493060968321729,0.9493060239959001,0.9493060239959008,0.6992877482822457,-0.43913665478114855,-0.9936339202229602,-0.6143133383194461,0.907858065754797,0.9999999995409853,-0.9936356081905813,0.9786784565002626,0.9913436381350859,-0.9493099333479043,0.9493103235815858,-0.9493105495002898,-0.9493072825584604,-0.9493067933976285,-0.5053885328039452,-0.9823672984166613,0.9857086759973763,-0.9887011226805594,0.9493063923834151,-0.9493061187040559,-0.9493061187040566
0.3703195305149846,-0.35279394403684355,-0.3877141418988833,0.33514355121360684,0.38771419269905105,0.4049715337144921,-0.4049714223172023,-0.42208609060103935,-0.40497109935648207,0.2268790046833235,-0.22687890006772168,0.11572582074150004,-0.9786771460185226,0.9786772693690423,-0.9786778667222829,-0.9786765096560003,-0.978675383305369,0.9786755286005897,-0.9786754231097586,-0.9786754231097582,-0.6143135601815057,0.5375459788541374,0.9746216377926769,0.5215190974722826,-0.9493106458198413,-0.9936356081905813,1.0000000012045374,-0.9955882504872422,-0.9998258485352328,0.9786784044327095,-0.9786786580989635,0.9786787573586081,0.9786762133945478,0.9786759001804406,0.404970838151982,0.9971773413542944,-0.9984136933507503,0.9992966288877851,-0.9786756660157956,0.9786754633473931,0.9786754633473935
-0.28150725227268547,0.2634211539612613,0.2994937444545674,-0.2452418094924377,-0.299493823543033,-0.31737418827180974,0.31737411473731236,0.3351427667080081,0.31737377054997207,-0.13447485519047053,0.13447467700489207,-0.021995314608067897,0.993635498544295,-0.9936356322533216,0.993636090523736,0.9936350191458997,0.9936343351955057,-0.9936344595419914,0.9936343277111943,0.9936343277111952,0.5375486521749159,-0.6143114209516712,-0.9493111008774626,-0.43914068028697223,0.9746218777867397,0.9786784565002626,-0.9955882504872422,1.0000000016196007,0.9971773267270809,-0.993636498961639,0.9936366345670439,-0.9936365767981559,-0.9936347172320958,-0.993634554738314,-0.317373525729131,-0.9998263972729716,0.9992970001873457,-0.9984138350607938,0.9936344629338457,-0.9936343218617999,-0.9936343218617991
-0.3527944147145398,0.33514415839082684,0.3703198857436375,-0.3173753281935425,-0.3703199422942675,-0.3877142829220765,0.3877141790799855,0.4049719464141884,0.38771385168685135,-0.20853293398177233,0.2085328145189962,-0.0970353967044385,0.9823660223090651,-0.9823661479124507,0.9823667193241298,0.9823654157248006,0.98236437416952,-0.982364515510694,0.9823644048103509,0.9823644048103513,0.5993740718966984,-0.5533012308357421,-0.970242586234567,-0.505389624592105,0.9550522125017412,0.9913436381350859,-0.9998258485352328,0.9971773267270809,1.000000002447211,-0.9823672330999225,0.9823674649446433,-0.982367544270644,-0.9823651180170831,-0.9823648337909835,-0.38771359362812885,-0.998414025354228,0.9992975984371474,-0.999827395482538,0.9823646270132823,-0.9823644361248437,-0.9823644361248441
0.17162122711815525,-0.1530732910139968,-0.190108371261098,0.13447107838186872,0.19010848389053,0.2085281184423844,-0.20852809180805185,-0.22687447615197062,-0.20852772655889928,0.021992416375357465,-0.021992151831077857,-0.09076722371704057,-1.0000004650264585,1.0000006111983455,-1.000000864455462,-1.0000001683764737,-0.9999999966788818,1.000000095608112,-0.9999999348686255,-0.999999934868627,-0.43913681352745326,0.6992887667278355,0.9078578776355748,0.335138691759905,-0.9936354126084606,-0.9493099333479043,0.9786784044327095,-0.993636498961639,-0.9823672330999225,1.000000000839542,-1.0000011418661263,1.0000010720704215,0.9999998616891315,0.9999998736272481,0.20852750479673055,0.9913443204121204,-0.9887015387264686,0.9857088015343921,-0.999999945261274,0.9999998761461101,0.9999998761461086
-0.17162249766562152,0.15307456708008893,0.1901096359890138,-0.1344723596028294,-0.19010974831773653,-0.2085293773671451,0.20852935038917975,0.22687573003204975,0.20852898489453758,-0.021993715256044124,0.021993450812749744,0.09076592505806953,1.000000495538803,-1.0000006408719804,1.00000093406532,1.0000002051370773,1.0000000483815097,-1.0000001466484154,0.9999999852497509,0.9999999852497513,0.439137964356611,-0.6992878155030929,-0.9078583993485492,-0.3351399007634927,0.9936352450572817,0.9493103235815858,-0.9786786580989635,0.9936366345670439,0.9823674649446433,-1.0000011418661263,1.00000000084839,-1.000001013295426,-0.9999998992576218,-0.9999999158907308,-0.20852876281918353,-0.9913444814356592,0.9887017242789959,-0.9857090106912118,0.999999992279579,-0.9999999251921766,-0.9999999251921766
0.17162362300271972,-0.15307570009171656,-0.19011075341588082,0.1344734999839257,0.19011086541836295,0.20853048699474494,-0.20853045964714023,-0.22687683277422926,-0.20853009388018637,0.021994887317030767,-0.021994622975643616,-0.09076473767510872,-1.0000003977038692,1.0000005421397367,-1.0000008258991153,-1.000000114101349,-0.999999973695094,1.0000000712279593,-0.9999999091065347,-0.9999999091065354,-0.43913894539441933,0.6992868600012697,0.9078587489189746,0.33514094821553203,-0.9936349114990334,-0.9493105495002898,0.9786787573586081,-0.9936365767981559,-0.982367544270644,1.0000010720704215,-1.000001013295426,1.000000000655316,0.9999998090931909,0.9999998308610599,0.20852987146278268,0.9913444957607118,-0.9887017611670128,0.9857090692431476,-0.9999999124491531,0.9999998475845912,0.9999998475845914
0.17161641180948808,-0.15306848129366468,-0.1901035516741788,0.13446627570490752,0.19010366509758508,0.2085232950873946,-0.208523269357407,-0.226869647633321,-0.20852290473943993,0.02198770139822009,-0.021987436491634694,-0.09077178779004802,-0.9999990996639124,0.9999992479668994,-0.9999995716911003,-0.9999987389419348,-0.99999857946936,0.999998679970545,-0.9999985208267711,-0.9999985208267717,-0.43913207816628697,0.6992912747091993,0.9078548012121472,0.3351338819069853,-0.9936347147055848,-0.9493072825584604,0.9786762133945478,-0.9936347172320958,-0.9823651180170831,0.9999998616891315,-0.9999998992576218,0.9999998090931909,0.9999999989169776,0.9999984793609542,0.2085226838031974,0.9913424508877329,-0.9886995843275389,0.9857067652880235,-0.9999985393850942,0.9999984653420584,0.9999984653420589
0.17161480908466697,-0.15306687248189793,-0.19010195552929646,0.1344646613309386,0.190102069099216,0.20852170585231677,-0.20852168029256082,-0.22686806526065514,-0.20852131579231095,0.02198606755959981,-0.02198580259769369,-0.09077341961361418,-0.9999991031012232,0.9999992518239126,-0.9999995793752982,-0.9999987397870123,-0.9999985742562381,0.9999986750235093,-0.9999985161393701,-0.9999985161393706,-0.439130625203067,0.6992924662075886,0.9078541424343322,0.33513235507009886,-0.9936349260107656,-0.9493067933976285,0.9786759001804406,-0.993634554738314,-0.9823648337909835,0.9999998736272481,-0.9999999158907308,0.9999998308610599,0.9999984793609542,0.9999999989162952,0.20852109500569285,0.99134225709633,-0.988699359800617,0.9857065106159422,-0.9999984873798743,0.9999984611856991,0.999998461185699
0.9992905895620785,-0.9984075382589678,-0.9998206274833504,0.9971718434490535,0.9998203653588894,0.9999973233276069,-0.9999969094361921,-0.9998206184748302,-0.9999969453395738,0.9823624572151873,-0.982363140487118,0.955049919381493,-0.2085245062239176,0.20852445124409594,-0.20852603598489897,-0.20852273716145323,-0.20851799703835416,0.2085182546329621,-0.208518474113697,-0.2085184741136967,-0.9702396475714633,-0.5533025966751255,0.5993723451589087,0.9913395749107274,-0.09703277833484263,-0.5053885328039452,0.404970838151982,-0.317373525729131,-0.38771359362812885,0.20852750479673055,-0.20852876281918353,0.20852987146278268,0.2085226838031974,0.20852109500569285,0.9999999976752272,0.3351427993655524,-0.35279343863851176,0.3703191029668276,-0.20851961612661343,0.20851893968258256,0.20851893968258295
0.2994944645843402,-0.28150781963347254,-0.3173751500708323,0.2634215414009813,0.31737522359478226,0.3351434688572141,-0.335143387733105,-0.35279364009852743,-0.33514304759501523,0.1530773353038432,-0.15307717169199592,0.040783783681014193,-0.9913432643950396,0.9913433962176997,-0.9913438841879415,-0.9913427519898778,-0.9913419758798718,0.9913421046514781,-0.9913419781456446,-0.9913419781456454,-0.553304282411054,0.5993714641251036,0.9550527710726223,0.4559509217858507,-0.9702426506947357,-0.9823672984166613,0.9971773413542944,-0.9998263972729716,-0.998414025354228,0.9913443204121204,-0.9913444814356592,0.9913444957607118,0.9913424508877329,0.99134225709633,0.3351427993655524,1.0000000028275584,-0.9998277662332098,0.999297749293802,-0.9913421357364659,0.9913419818064518,0.9913419818064523
-0.31737564953296654,0.29949481896139635,0.33514420483079627,-0.2815080032693418,-0.3351442727433138,-0.3527941149057914,0.3527940261997734,0.370319637174541,0.35279369021107654,-0.1716255697017248,0.17162542073766826,-0.05955772212803184,0.9887004290798237,-0.9887005589223903,0.9887010756668605,0.9886998844581786,0.9886990179849516,-0.9886991510657934,0.9886990298592927,0.9886990298592934,0.5688641305235638,-0.5842196058552145,-0.9604566256571971,-0.4725998070436723,0.9655202931344509,0.9857086759973763,-0.9984136933507503,0.9992970001873457,0.9992975984371474,-0.9887015387264686,0.9887017242789959,-0.9887017611670128,-0.9886995843275389,-0.988699359800617,-0.35279343863851176,-0.9998277662332098,1.000000003565773,-0.9998281788068032,0.9886992094129087,-0.9886990428884604,-0.9886990428884599
0.3351443953161614,-0.31737570792719116,-0.35279453141315525,0.2994947211409263,0.35279459366801985,0.37031978583274744,-0.37031968955418443,-0.38771445633040724,-0.37031935781544506,0.1901129530666057,-0.19011281881991024,0.07831047734179174,-0.9857076403011531,0.9857077680698515,-0.9857083126264758,-0.9857070642865798,-0.9857061093315936,0.9857062466022396,-0.9857061306644507,-0.9857061306644509,-0.5842225322899893,0.5688610320164491,0.9655204764294135,0.48908131482183315,-0.9604561943726536,-0.9887011226805594,0.9992966288877851,-0.9984138350607938,-0.999827395482538,0.9857088015343921,-0.9857090106912118,0.9857090692431476,0.9857067652880235,0.9857065106159422,0.3703191029668276,0.999297749293802,-0.9998281788068032,1.0000000034121865,-0.985706331755569,0.985706152911675,0.9857061529116751
-0.17161331479017433,0.15306537130181425,0.19010046857112922,-0.13446315374508283,-0.19010058229460147,-0.20852022652329297,0.20852020113917435,0.226866593482528,0.20851983675659996,-0.02198453472100769,0.021984269674612207,0.09077495761125337,0.9999991661449541,-0.9999993152762572,0.9999996467014189,0.9999988488514803,0.9999986285076903,-0.9999987295354216,0.9999985709157402,0.9999985709157406,0.43912928801833945,-0.6992936282873891,-0.9078535797729526,-0.3351309421300118,0.993635185568968,0.9493063923834151,-0.9786756660157956,0.9936344629338457,0.9823646270132823,-0.999999945261274,0.999999992279579,-0.9999999124491531,-0.9999985393850942,-0.9999984873798743,-0.20851961612661343,-0.9913421357364659,0.9886992094129087,-0.985706331755569,0.9999999989976366,-0.9999984678364364,-0.9999984678364348
0.17161263525203987,-0.15306469059155267,-0.19009979040831632,0.13446247207708156,0.190099904202554,0.20851954987023275,-0.20851952456564796,-0.22686591830882916,-0.20851916023904818,0.02198385327069454,-0.021983588176217865,-0.09077562996028585,-0.9999990933800736,0.999999242683772,-0.999999575753136,-0.9999987749655253,-0.999998552027173,0.9999986531628772,-0.9999984459888365,-0.9999984946539824,-0.43912865099471365,0.6992940724978225,0.9078532386110577,0.3351302820544878,-0.9936352001400859,-0.9493061187040559,0.9786754633473931,-0.9936343218617999,-0.9823644361248437,0.9999998761461101,-0.9999999251921766,0.9999998475845912,0.9999984653420584,0.9999984611856991,0.20851893968258256,0.9913419818064518,-0.9886990428884604,0.985706152911675,-0.9999984678364364,0.9999999988896134,0.9999984404669366
0.1716126352520402,-0.1530646905915532,-0.19009979040831687,0.13446247207708215,0.1900999042025544,0.20851954987023316,-0.2085195245656486,-0.22686591830882935,-0.2085191602390483,0.021983853270694905,-0.021983588176218562,-0.09077562996028549,-0.9999990933800739,0.9999992426837706,-0.9999995757531353,-0.9999987749655248,-0.9999985520271729,0.999998653162876,-0.9999984946539814,-0.9999984459888355,-0.43912865099471393,0.6992940724978223,0.9078532386110577,0.33513028205448814,-0.9936352001400844,-0.9493061187040566,0.9786754633473935,-0.9936343218617991,-0.9823644361248441,0.9999998761461086,-0.9999999251921766,0.9999998475845914,0.9999984653420589,0.999998461185699,0.20851893968258295,0.9913419818064523,-0.9886990428884599,0.9857061529116751,-0.9999984678364348,0.9999984404669366,0.9999999988896134
