1.000000014563978,-1.0000173955401122,1.000013092665692,1.0000183665594804,-1.0000222338447327,-1.0000152898805144,1.0000077612543135,-1.0000086513019826,-1.0000071565555109,1.0000060534832513,1.0000128996012478,1.000004482406952,1.0000093820600753,-1.0000032980513862,1.0000017195324669,-1.0000097105981336,1.000012087922705,-1.0000162396582986
-1.0000173955401122,1.0000000101486022,-1.0000102264475834,-1.000015506257245,1.0000191641731557,1.0000122156474232,-1.000004661823346,1.0000055536873578,1.0000040565973678,-1.0000029607454672,-1.000009799650054,-1.0000013839296196,-1.000006281084657,1.0000002021236964,-0.9999986232112303,1.0000066273258934,-1.0000090098927557,1.0000131384303397
1.000013092665692,-1.0000102264475834,1.0000000042532697,1.0000112016767566,-1.0000150761962885,-1.0000081160098189,1.0000005017922389,-1.0000013978473836,-0.9999998951761258,0.9999988162220128,1.0000056385684273,0.9999972259930269,1.0000021170232718,-0.999996050044719,0.9999944702653297,-1.0000027174973427,1.0000048999325024,-1.0000089745504728
1.0000183665594804,-1.000015506257245,1.0000112016767566,1.0000000118482806,-1.0000205556322384,-1.0000136101427137,1.0000058604936823,-1.00000675133384,-1.000005255570347,1.000004155704532,1.0000109985848142,1.0000025820892005,1.0000074806277415,-1.0000013988592114,0.9999998201879605,-1.000007816964012,1.0000101955856842,-1.0000143380331619
-1.0000222338447327,1.0000191641731557,-1.0000150761962885,-1.0000205556322384,1.0000000174057018,1.0000172696365528,-1.0000097592363886,1.0000106481299171,1.000009154792235,-1.0000080469382229,-1.0000148978739014,-1.000006479756603,-1.0000113809303006,1.000005293768685,-1.0000037155130306,1.0000116974703175,-1.000014071220558,1.000018238608058
-1.0000152898805144,1.0000122156474232,-1.0000081160098189,-1.0000136101427137,1.0000172696365528,1.0000000074218762,-1.0000027455718048,1.0000036387314193,1.0000021399786554,-1.0000010493490836,-1.000007883133168,-0.9999994683489517,-1.000004363706327,0.9999982883447246,-0.9999967092117868,1.0000047229424454,-1.0000073190420167,1.0000112211236816
1.0000077612543135,-1.000004661823346,1.0000005017922389,1.0000058604936823,-1.0000097592363886,-1.0000027455718048,0.9999999962604711,-0.9999959204608014,-0.9999943799260269,0.9999932048760138,0.9999999155036848,0.9999915217008378,0.9999963735361063,-0.9999903827476017,0.9999887921305144,-0.9999970337982488,0.9999994843045156,-1.000003234392668
-1.0000086513019826,1.0000055536873578,-1.0000013978473836,-1.00000675133384,1.0000106481299171,1.0000036387314193,-0.9999959204608014,0.9999999975864843,0.9999950939678991,-0.999994329995204,-1.0000010518195812,-0.9999924448823695,-0.9999973004059796,0.9999913018878382,-0.9999897128286017,0.9999979350438459,-1.0000003811742113,1.0000041610532946
-1.0000071565555109,1.0000040565973678,-0.9999998951761258,-1.000005255570347,1.000009154792235,1.0000021399786554,-0.9999943799260269,0.9999950939678991,0.9999999953735147,-0.9999925925440731,-0.999999298706102,-0.9999911166093857,-0.9999959670792017,0.9999897676151063,-0.9999881770016265,0.9999964254194894,-0.9999988774041033,1.0000026162004851
1.0000060534832513,-1.0000029607454672,0.9999988162220128,1.000004155704532,-1.0000080469382229,-1.0000010493490836,0.9999932048760138,-0.999994329995204,-0.9999925925440731,0.999999993962168,0.9999983373605996,0.9999899371046924,0.9999948031134059,-0.9999889960330092,0.9999871990052391,-0.9999955804860222,0.9999978018605571,-1.0000016625169563
1.0000128996012478,-1.000009799650054,1.0000056385684273,1.0000109985848142,-1.0000148978739014,-1.000007883133168,0.9999999155036848,-1.0000010518195812,-0.999999298706102,0.9999983373605996,1.0000000036341015,0.9999966515121562,1.000001502406878,-0.9999955133524676,0.9999939223150593,-1.0000021691482004,1.0000046208894926,-1.0000085755020298
1.000004482406952,-1.0000013839296196,0.9999972259930269,1.0000025820892005,-1.000006479756603,-0.9999994683489517,0.9999915217008378,-0.9999924448823695,-0.9999911166093857,0.9999899371046924,0.9999966515121562,0.9999999915693221,0.9999931109192064,-0.9999873276253793,0.9999855266804643,-0.9999937606371071,0.9999962088898471,-0.999999969988704
1.0000093820600753,-1.000006281084657,1.0000021170232718,1.0000074806277415,-1.0000113809303006,-1.000004363706327,0.9999963735361063,-0.9999973004059796,-0.9999959670792017,0.9999948031134059,1.000001502406878,0.9999931109192064,0.9999999985415371,-0.9999919751643241,0.999990383183082,-0.9999986435866234,1.000001098651135,-1.0000048185635524
-1.0000032980513862,1.0000002021236964,-0.999996050044719,-1.0000013988592114,1.000005293768685,0.9999982883447246,-0.9999903827476017,0.9999913018878382,0.9999897676151063,-0.9999889960330092,-0.9999955133524676,-0.9999873276253793,-0.9999919751643241,0.9999999899260104,-0.9999845940384379,0.9999925919967224,-0.9999950341023022,0.9999988343364707
1.0000017195324669,-0.9999986232112303,0.9999944702653297,0.9999998201879605,-1.0000037155130306,-0.9999967092117868,0.9999887921305144,-0.9999897128286017,-0.9999881770016265,0.9999871990052391,0.9999939223150593,0.9999855266804643,0.999990383183082,-0.9999845940384379,0.9999999876435205,-0.9999910110756415,0.9999934541808557,-0.9999972424078739
-1.0000097105981336,1.0000066273258934,-1.0000027174973427,-1.000007816964012,1.0000116974703175,1.0000047229424454,-0.9999970337982488,0.9999979350438459,0.9999964254194894,-0.9999955804860222,-1.0000021691482004,-0.9999937606371071,-0.9999986435866234,0.9999925919967224,-0.9999910110756415,0.9999999993533211,-1.0000017073687777,1.000005501667054
1.000012087922705,-1.0000090098927557,1.0000048999325024,1.0000101955856842,-1.000014071220558,-1.0000073190420167,0.9999994843045156,-1.0000003811742113,-0.9999988774041033,0.9999978018605571,1.0000046208894926,0.9999962088898471,1.000001098651135,-0.9999950341023022,0.9999934541808557,-1.0000017073687777,1.0000000028041047,-1.000007956377397
-1.0000162396582986,1.0000131384303397,-1.0000089745504728,-1.0000143380331619,1.000018238608058,1.0000112211236816,-1.000003234392668,1.0000041610532946,1.0000026162004851,-1.0000016625169563,-1.0000085755020298,-0.999999969988704,-1.0000048185635524,0.9999988343364707,-0.9999972424078739,1.000005501667054,-1.000007956377397,1.000000008403135
