1.0000000025439357,-1.0000037406095224,0.26045006837487783,-0.2604501202386758,-0.014991770854598033,0.014998901936413593,0.014988233800987995,0.2604525682018914,-0.7938724831118911,0.38034350695328795,-0.20595551713286753,0.2604470166416458,0.06657172806648119,-0.565421269338119,0.5654225810440832,1.000004433566211,-0.7938584966068389,0.7254813772121986,-0.47552023465833787,-0.6490532362390788,-0.207560292740481,0.06908659044871633,-0.04227546681541317,-0.03972421980902897,0.012433307045732766
-1.0000037406095224,1.0000000025857905,-0.26044765985685525,0.2604477120362266,0.015003226569628714,-0.015010357645415117,-0.014999689521706577,-0.2604501593044434,0.7938709835964012,-0.38034583288607304,0.20594655384450467,-0.2604446095868682,-0.06655990329429186,0.5654233518619692,-0.5654246633645332,-1.0000046232910749,0.7938600422453728,-0.7254831221883737,0.4755224512102088,0.6490551607591506,0.2075654353147336,-0.06909716208798834,0.04228654196699567,0.039712387223056964,-0.012421597942779286
0.26045006837487783,-0.26044765985685525,0.9999999967454299,-0.9999950549233411,-0.05230579174089163,0.052339758940952115,0.052288407897039424,0.9999970656137974,-0.7938634231061888,-0.793866202761384,-0.7939618966097967,0.9999911916545005,0.26067090395529385,0.649079131241051,-0.6490770554558627,0.26044262044482647,0.3803617707977524,-0.47554434849591837,0.7254981748060705,0.565449090395429,-0.7937464044128993,0.26019537942052795,-0.15713331485526408,-0.15770891950423582,0.05298565029501562
-0.2604501202386758,0.2604477120362266,-0.9999950549233411,0.9999999959572734,0.05231911733405293,-0.05235308439704616,-0.05230173356290109,-0.9999966714472804,0.7938631062081503,0.79386563517398,0.793953330734343,-0.9999908039063262,-0.26065785085677673,-0.6490786115306382,0.6490765360927394,-0.2604426730912761,-0.38036136859022224,0.4755439020237684,-0.7254976281948734,-0.5654486046808589,0.7937541020358099,-0.2602081483544459,0.15714643499164563,0.15769562806283316,-0.052972267677485974
-0.014991770854598033,0.015003226569628714,-0.05230579174089163,0.05231911733405293,0.9999999934968412,-0.9999919655415118,-0.9999907530797517,-0.05224426448604633,0.04235796135172639,0.04053314019185829,-0.5655891275289495,-0.05241997151587787,0.9504646328905161,-0.03269571312903456,0.03270563571020701,-0.015025632152795551,-0.018469124850693377,0.023487033134039513,-0.03681839614183585,-0.028249354529134102,0.6489266743834389,-0.9778406669091433,0.9944377941167016,-0.9778775023347271,0.9944486967371847
0.014998901936413593,-0.015010357645415117,0.052339758940952115,-0.05235308439704616,-0.9999919655415118,0.999999994786733,0.9999914931570332,0.052278231387017204,-0.042383846186242635,-0.04056118555616725,0.5655616259642552,0.05245393845241026,-0.9504549323813593,0.032719111799457135,-0.03272903431101539,0.015032763184325244,0.01848368764145227,-0.02350474880455944,0.036844261682851306,0.028270026405434752,-0.6489531027534516,0.9778486585374043,-0.9944424260348681,0.9778712796420448,-0.9944461818317981
0.014988233800987995,-0.014999689521706577,0.052288407897039424,-0.05230173356290109,-0.9999907530797517,0.9999914931570332,0.999999993051811,0.052226880772340945,-0.04234478477876052,-0.04051871613032672,0.5656032934324707,0.052402587817971566,-0.9504697420212509,0.032683649371842975,-0.03269357199391155,0.015022095132985393,0.018461564041106528,-0.0234778639903567,0.03680507833429188,0.028238678844873414,-0.6489132398902974,0.9778367215474237,-0.994435653830918,0.9778808348902327,-0.9944502157047214
0.2604525682018914,-0.2604501593044434,0.9999970656137974,-0.9999966714472804,-0.05224426448604633,0.052278231387017204,0.052226880772340945,0.9999999990527353,-0.7938661647357174,-0.7938663163319746,-0.7940007007426125,0.9999928113353326,0.2607308946324532,0.6490785220369165,-0.6490764464930406,0.2604451186273025,0.3803603801865676,-0.4755432065855159,0.7254978447986818,0.565448209965018,-0.7937101707423294,0.2601362308151043,-0.15707264017574396,-0.15777010345818732,0.0530473483481239
-0.7938724831118911,0.7938709835964012,-0.7938634231061888,0.7938631062081503,0.04235796135172639,-0.042383846186242635,-0.04234478477876052,-0.7938661647357174,1.0000000017440485,0.2604455131994025,0.6297926191657073,-0.7938588248109695,-0.2061334334026838,-0.05268689309530097,0.052684760811086466,-0.7938685050221356,0.26043546893758696,-0.1574208710243149,-0.15744017506485086,0.05265960227190264,0.6306336449194306,-0.20736390826612772,0.1255655685418994,0.12437644267831167,-0.041230571413381184
0.38034350695328795,-0.38034583288607304,-0.793866202761384,0.79386563517398,0.04053314019185829,-0.04056118555616725,-0.04051871613032672,-0.7938663163319746,0.2604455131994025,1.0000000023581446,0.6309053861503111,-0.793864045487458,-0.2078949008191868,-0.9778776987920658,0.9778765358689527,0.38035119859591915,-0.8643473065772934,0.9124575583763728,-0.9944581190206133,-0.9504415151999575,0.6295313318887852,-0.20560634809686656,0.12376579192393848,0.12617881388422947,-0.043053430439308676
-0.20595551713286753,0.20594655384450467,-0.7939618966097967,0.793953330734343,-0.5655891275289495,0.5655616259642552,0.5656032934324707,-0.7940007007426125,0.6297926191657073,0.6309053861503111,0.9999999895214765,-0.7938890292197699,-0.7938971529018545,-0.5161102227518375,0.5161024675023284,-0.20592875180720982,-0.3028619711901175,0.3784097580157932,-0.5767079287678163,-0.4497546632618129,0.2604232260125137,0.38042723881743673,-0.47564095746284657,0.7255587342639428,-0.6491656966308752
0.2604470166416458,-0.2604446095868682,0.9999911916545005,-0.9999908039063262,-0.05241997151587787,0.05245393845241026,0.052402587817971566,0.9999928113353326,-0.7938588248109695,-0.793864045487458,-0.7938890292197699,0.9999999906669037,0.2605591947526797,0.649077892631811,-0.6490758177515372,0.2604395731698525,0.3803620088655368,-0.47554408963151035,0.7254964674459362,0.5654483377175125,-0.7938128651066086,0.2603048850754172,-0.15724578194076788,-0.1575951218968102,0.05287102610748269
0.06657172806648119,-0.06655990329429186,0.26067090395529385,-0.26065785085677673,0.9504646328905161,-0.9504549323813593,-0.9504697420212509,0.2607308946324532,-0.2061334334026838,-0.2078949008191868,-0.7938971529018545,0.2605591947526797,0.9999999968168096,0.1704079125993531,-0.1703976737490747,0.06653667369703525,0.10052567742173238,-0.12529927235099173,0.19020710299039031,0.14867731631968345,0.38030691319246024,-0.8643476157392714,0.9124697232471697,-0.9944513848998777,0.9778775010104545
-0.565421269338119,0.5654233518619692,0.649079131241051,-0.6490786115306382,-0.03269571312903456,0.032719111799457135,0.032683649371842975,0.6490785220369165,-0.05268689309530097,-0.9778776987920658,-0.5161102227518375,0.649077892631811,0.1704079125993531,1.0000000093440187,-1.0000124772451062,-0.565428333594868,0.9504389598405965,-0.9778774246568508,0.9944627687016468,0.9944634888971642,-0.5144465611809855,0.1676785926532831,-0.10075412129477108,-0.10360540356977059,0.03564566372518124
0.5654225810440832,-0.5654246633645332,-0.6490770554558627,0.6490765360927394,0.03270563571020701,-0.03272903431101539,-0.03269357199391155,-0.6490764464930406,0.052684760811086466,0.9778765358689527,0.5161024675023284,-0.6490758177515372,-0.1703976737490747,-1.0000124772451062,1.0000000082850447,0.5654296445493986,-0.9504389083466241,0.9778771396124218,-0.9944619722806488,-0.9944631339844842,0.5144510230060594,-0.16768775147000106,0.1007637152717767,0.10359515692858834,-0.035635522912230266
1.000004433566211,-1.0000046232910749,0.26044262044482647,-0.2604426730912761,-0.015025632152795551,0.015032763184325244,0.015022095132985393,0.2604451186273025,-0.7938685050221356,0.38035119859591915,-0.20592875180720982,0.2604395731698525,0.06653667369703525,-0.565428333594868,0.5654296445493986,1.0000000038062882,-0.793864195517772,0.7254874947999007,-0.47552765375205397,-0.6490598641619049,-0.20757524309234898,0.06911776967057091,-0.042308168575915225,-0.03968917578276383,0.012398662215357514
-0.7938584966068389,0.7938600422453728,0.3803617707977524,-0.38036136859022224,-0.018469124850693377,0.01848368764145227,0.018461564041106528,0.3803603801865676,0.26043546893758696,-0.8643473065772934,-0.3028619711901175,0.3803620088655368,0.10052567742173238,0.9504389598405965,-0.9504389083466241,-0.793864195517772,1.000000005251445,-0.9944597989038978,0.9124553090035311,0.9778756285160225,-0.30104891196801314,0.09759471528153317,-0.05836093678462589,-0.061394864624722004,0.02157818170791444
0.7254813772121986,-0.7254831221883737,-0.47554434849591837,0.4755439020237684,0.023487033134039513,-0.02350474880455944,-0.0234778639903567,-0.4755432065855159,-0.1574208710243149,0.9124575583763728,0.3784097580157932,-0.47554408963151035,-0.12529927235099173,-0.9778774246568508,0.9778771396124218,0.7254874947999007,-0.9944597989038978,1.0000000069760844,-0.9504405425551194,-0.9944620706703051,0.37662375391606934,-0.1223986481268134,0.07335604072597979,0.07636732719285044,-0.026582313067802038
-0.47552023465833787,0.4755224512102088,0.7254981748060705,-0.7254976281948734,-0.03681839614183585,0.036844261682851306,0.03680507833429188,0.7254978447986818,-0.15744017506485086,-0.9944581190206133,-0.5767079287678163,0.7254964674459362,0.19020710299039031,0.9944627687016468,-0.9944619722806488,-0.47552765375205397,0.9124553090035311,-0.9504405425551194,1.000000006136561,0.9778778276846241,-0.5751802025076777,0.18768354269923268,-0.11288599931061563,-0.1155334771525239,0.03956942400740368
-0.6490532362390788,0.6490551607591506,0.565449090395429,-0.5654486046808589,-0.028249354529134102,0.028270026405434752,0.028238678844873414,0.565448209965018,0.05265960227190264,-0.9504415151999575,-0.4497546632618129,0.5654483377175125,0.14867731631968345,0.9944634888971642,-0.9944631339844842,-0.6490598641619049,0.9778756285160225,-0.9944620706703051,0.9778778276846241,1.0000000084290799,-0.44802172804824514,0.14584905354784633,-0.08754202951878717,-0.09048719841712798,0.031286336208952624
-0.207560292740481,0.2075654353147336,-0.7937464044128993,0.7937541020358099,0.6489266743834389,-0.6489531027534516,-0.6489132398902974,-0.7937101707423294,0.6306336449194306,0.6295313318887852,0.2604232260125137,-0.7938128651066086,0.38030691319246024,-0.5144465611809855,0.5144510230060594,-0.20757524309234898,-0.30104891196801314,0.37662375391606934,-0.5751802025076777,-0.44802172804824514,0.9999999981430212,-0.7938248398500013,0.7254115706170087,-0.47544941995998996,0.5653303770638006
0.06908659044871633,-0.06909716208798834,0.26019537942052795,-0.2602081483544459,-0.9778406669091433,0.9778486585374043,0.9778367215474237,0.2601362308151043,-0.20736390826612772,-0.20560634809686656,0.38042723881743673,0.2603048850754172,-0.8643476157392714,0.1676785926532831,-0.16768775147000106,0.06911776967057091,0.09759471528153317,-0.1223986481268134,0.18768354269923268,0.14584905354784633,-0.7938248398500013,1.000000001649475,-0.9944458315943583,0.9124357113750624,-0.9504105195421708
-0.04227546681541317,0.04228654196699567,-0.15713331485526408,0.15714643499164563,0.9944377941167016,-0.9944424260348681,-0.994435653830918,-0.15707264017574396,0.1255655685418994,0.12376579192393848,-0.47564095746284657,-0.15724578194076788,0.9124697232471697,-0.10075412129477108,0.1007637152717767,-0.042308168575915225,-0.05836093678462589,0.07335604072597979,-0.11288599931061563,-0.08754202951878717,0.7254115706170087,-0.9944458315943583,0.999999996911359,-0.9504321241810593,0.977858481444552
-0.03972421980902897,0.039712387223056964,-0.15770891950423582,0.15769562806283316,-0.9778775023347271,0.9778712796420448,0.9778808348902327,-0.15777010345818732,0.12437644267831167,0.12617881388422947,0.7255587342639428,-0.1575951218968102,-0.9944513848998777,-0.10360540356977059,0.10359515692858834,-0.03968917578276383,-0.061394864624722004,0.07636732719285044,-0.1155334771525239,-0.09048719841712798,-0.47544941995998996,0.9124357113750624,-0.9504321241810593,0.9999999961845444,-0.9944486962898381
0.012433307045732766,-0.012421597942779286,0.05298565029501562,-0.052972267677485974,0.9944486967371847,-0.9944461818317981,-0.9944502157047214,0.0530473483481239,-0.041230571413381184,-0.043053430439308676,-0.6491656966308752,0.05287102610748269,0.9778775010104545,0.03564566372518124,-0.035635522912230266,0.012398662215357514,0.02157818170791444,-0.026582313067802038,0.03956942400740368,0.031286336208952624,0.5653303770638006,-0.9504105195421708,0.977858481444552,-0.9944486962898381,0.9999999948737408
