0.9999999999601764,-0.9999999378901037,-0.9999999378900986,-0.9999999624899875,-0.9999999321977672,0.9999999793794583,0.9999999233650922,2.947203263308774e-15,-2.9472191261876265e-15,-2.94721819245255e-15,-2.9472187449284152e-15,-2.9472185101530896e-15,-0.9999999709766135,0.9999999822257033,0.9999999619720547,-0.9999999880888957,-0.9999999821762406,0.9999999856376061,-0.9999999807639028,0.999999975921094,0.9999999759210944,0.9999999893401681,0.9999999725896117,-0.9999999731863316,-0.9999999731863319,0.999999968350665,0.9999999683506658,-0.9999999864389683,-0.9999999703365832,-0.9999999703365836,0.9999999666508677,0.999999966650869,-0.9999999659285792,-0.9999999659285805
-0.9999999378901037,0.9999999999512267,0.9999999316018006,0.9999999562017416,0.9999999259094389,-0.9999999731041862,-0.9999999170896835,-3.2733487000962734e-15,3.2733645238449964e-15,3.273363590109949e-15,3.2733641425857678e-15,3.2733639078104764e-15,0.999999964701395,-0.9999999759504697,-0.999999955696852,0.9999999818136723,0.9999999759009999,-0.999999979362394,0.9999999744886777,-0.9999999696458673,-0.999999969645867,-0.9999999830649487,-0.9999999663143937,0.9999999669111065,0.9999999669111068,-0.9999999620754456,-0.9999999620754463,0.9999999801637331,0.9999999640613678,0.9999999640613669,-0.9999999603756523,-0.9999999603756524,0.9999999596533615,0.9999999596533631
-0.9999999378900986,0.9999999316018006,0.9999999999512267,0.9999999562017365,0.9999999259094337,-0.9999999731041798,-0.9999999170896784,-1.4162328097452088e-15,1.4162486818004584e-15,1.416247748065411e-15,1.4162483005412386e-15,1.4162480657659451e-15,0.9999999647013893,-0.9999999759504632,-0.9999999556968472,0.9999999818136661,0.9999999759009944,-0.9999999793623889,0.9999999744886723,-0.9999999696458614,-0.9999999696458622,-0.9999999830649419,-0.9999999663143879,0.9999999669111,0.9999999669111,-0.9999999620754398,-0.9999999620754412,0.999999980163726,0.9999999640613617,0.9999999640613625,-0.9999999603756464,-0.9999999603756465,0.9999999596533563,0.9999999596533573
-0.9999999624899875,0.9999999562017416,0.9999999562017365,0.9999999999863094,0.9999999505097464,-0.9999999977148499,-0.9999999416901324,-3.2740500117158455e-15,3.2740658789181364e-15,3.2740649451833984e-15,3.274065497659022e-15,3.274065262883781e-15,0.9999999892977772,-1.0000000005471397,-0.9999999802930186,1.000000006410112,1.000000000498149,-1.000000003958323,0.9999999990842668,-0.9999999942412707,-0.9999999942412712,-1.000000007661666,-0.9999999909096551,0.9999999915064184,0.9999999915064177,-0.9999999866706486,-0.9999999866706503,1.0000000047608948,0.9999999886566151,0.9999999886566164,-0.9999999849708284,-0.9999999849708288,0.9999999842485257,0.9999999842485269
-0.9999999321977672,0.9999999259094389,0.9999999259094337,0.9999999505097464,0.9999999999431083,-0.9999999674125581,-0.9999999114100692,-2.800040886944378e-15,2.800056744661886e-15,2.800055810926709e-15,2.8000563634026303e-15,2.8000561286272967e-15,0.9999999590102252,-0.9999999702592071,-0.9999999500057438,0.9999999761224905,0.999999970209569,-0.9999999736713926,0.9999999687978103,-0.9999999639550697,-0.9999999639550708,-0.999999977373662,-0.9999999606236418,0.999999961220343,0.999999961220343,-0.9999999563847126,-0.9999999563847158,0.999999974472293,0.9999999583706161,0.9999999583706161,-0.999999954684926,-0.9999999546849266,0.9999999539626419,0.9999999539626431
0.9999999793794583,-0.9999999731041862,-0.9999999731041798,-0.9999999977148499,-0.9999999674125581,1.000000000010413,0.9999999585930829,4.593642296374291e-16,-4.593800900004609e-16,-4.593791562661225e-16,-4.593797087414632e-16,-4.593794739663168e-16,-1.0000000061965517,1.000000017446236,0.999999997191558,-1.0000000233089756,-1.0000000174106767,1.0000000208566453,-1.0000000159822073,1.0000000111390015,1.0000000111390024,1.0000000245608343,1.0000000078072326,-1.0000000084040468,-1.0000000084040475,1.000000003568156,1.000000003568159,-1.0000000216734506,-1.0000000055541791,-1.0000000055541782,1.0000000018683066,1.000000001868305,-1.000000001145987,-1.0000000011459858
0.9999999233650922,-0.9999999170896835,-0.9999999170896784,-0.9999999416901324,-0.9999999114100692,0.9999999585930829,0.9999999999305297,2.0872144730833313e-15,-2.087230333116288e-15,-2.0872293993811358e-15,-2.0872299518570198e-15,-2.087229717081713e-15,-0.9999999501908916,0.9999999614398497,0.9999999411864318,-0.9999999673031652,-0.9999999613901674,0.9999999648521194,-0.9999999599785544,0.9999999551358228,0.9999999551358228,0.9999999685543165,0.9999999518044106,-0.9999999524010995,-0.9999999524011006,0.9999999475654816,0.9999999475654836,-0.9999999656528965,-0.9999999495513845,-0.999999949551384,0.9999999458656965,0.999999945865696,-0.9999999451434123,-0.9999999451434133
2.947203263308774e-15,-3.2733487000962734e-15,-1.4162328097452088e-15,-3.2740500117158455e-15,-2.800040886944378e-15,4.593642296374291e-16,2.0872144730833313e-15,1.0000000000024805,-1.0000000014460122,-1.0000000014460058,-1.0000000014460062,-1.0000000014460162,-1.2918879319778016e-15,2.0547263327560832e-15,1.2700887234581105e-15,-1.2018667820122595e-15,-4.549063524589042e-15,-4.79727103899424e-17,-4.0295883249668196e-16,3.3081707270647355e-15,3.9074013075734916e-15,3.684119073579233e-15,4.110451255940011e-15,-4.06661415008823e-15,-5.476773308267517e-15,1.2706666561123911e-15,3.008209908096366e-15,-3.0178364918017394e-15,-4.987258875624197e-15,-4.803653680370455e-15,1.2704754904052902e-15,1.2555984316440072e-15,-2.399480567081079e-15,-3.3915318693888093e-15
-2.9472191261876265e-15,3.2733645238449964e-15,1.4162486818004584e-15,3.2740658789181364e-15,2.800056744661886e-15,-4.593800900004609e-16,-2.087230333116288e-15,-1.0000000014460122,0.9999999999995639,0.9999999993880649,0.9999999993880637,0.9999999993880713,1.291903785059427e-15,-2.0547422105790846e-15,-1.2701045734582663e-15,1.2018826383050365e-15,4.549079356173935e-15,4.795682675436646e-17,4.029747074474472e-16,-3.308186588921378e-15,-3.9074171653511295e-15,-3.6841349150056586e-15,-4.1104671016451675e-15,4.066630007963894e-15,5.4767891716776915e-15,-1.270682509396185e-15,-3.008225755059989e-15,3.0178523498651414e-15,4.987274697608413e-15,4.8036695194333205e-15,-1.2704913714103786e-15,-1.2556143037937083e-15,2.3994964154375633e-15,3.3915477023866092e-15
-2.94721819245255e-15,3.273363590109949e-15,1.416247748065411e-15,3.2740649451833984e-15,2.800055810926709e-15,-4.593791562661225e-16,-2.0872293993811358e-15,-1.0000000014460058,0.9999999993880649,0.9999999999995639,0.9999999993880595,0.999999999388066,1.291902851325906e-15,-2.05474127684529e-15,-1.270103639724939e-15,1.2018817045713038e-15,4.549078422439874e-15,4.795776048777975e-17,4.0297377371428943e-16,-3.3081856551883755e-15,-3.907416231618128e-15,-3.68413398127175e-15,-4.110466167912273e-15,4.0666290742309716e-15,5.4767882379447664e-15,-1.2706815756633842e-15,-3.0082248213271872e-15,3.0178514161310262e-15,4.987273763875552e-15,4.80366858570046e-15,-1.2704904376776079e-15,-1.25561337006094e-15,2.399495481704803e-15,3.3915467686538505e-15
-2.9472187449284152e-15,3.2733641425857678e-15,1.4162483005412386e-15,3.274065497659022e-15,2.8000563634026303e-15,-4.593797087414632e-16,-2.0872299518570198e-15,-1.0000000014460062,0.9999999993880637,0.9999999993880595,0.9999999999995639,0.9999999993880654,1.2919034038005941e-15,-2.0547418293202133e-15,-1.2701041921994599e-15,1.201882257046184e-15,4.549078974914996e-15,4.79572080131547e-17,4.029743261887095e-16,-3.3081862076626565e-15,-3.907416784092409e-15,-3.6841345337467605e-15,-4.1104667203864595e-15,4.066629626705182e-15,5.476788790418982e-15,-1.270682128137493e-15,-3.008225373801298e-15,3.017851968606193e-15,4.9872743163496955e-15,4.803669138174612e-15,-1.2704909901516901e-15,-1.2556139225350193e-15,2.399496034178868e-15,3.3915473211279174e-15
-2.9472185101530896e-15,3.2733639078104764e-15,1.4162480657659451e-15,3.274065262883781e-15,2.8000561286272967e-15,-4.593794739663168e-16,-2.087229717081713e-15,-1.0000000014460162,0.9999999993880713,0.999999999388066,0.9999999993880654,0.9999999999995639,1.2919031690257151e-15,-2.0547415945452304e-15,-1.2701039574246517e-15,1.2018820222712309e-15,4.549078740139935e-15,4.7957442787988476e-17,4.0297409141398345e-16,-3.308185972887995e-15,-3.90741654931775e-15,-3.684134298971748e-15,-4.110466485611854e-15,4.066629391930556e-15,5.4767885556443525e-15,-1.2706818933629223e-15,-3.008225139026719e-15,3.0178517338311176e-15,4.987274081575106e-15,4.8036689034000146e-15,-1.2704907553771299e-15,-1.2556136877604569e-15,2.3994957994043256e-15,3.3915470863533613e-15
-0.9999999709766135,0.999999964701395,0.9999999647013893,0.9999999892977772,0.9999999590102252,-1.0000000061965517,-0.9999999501908916,-1.2918879319778016e-15,1.291903785059427e-15,1.291902851325906e-15,1.2919034038005941e-15,1.2919031690257151e-15,0.9999999999984234,-1.0000000090519747,-0.9999999887963521,1.0000000149015138,1.0000000089913088,-1.0000000124484114,1.00000000757338,-1.0000000027298372,-1.0000000027298368,-1.0000000161538183,-0.9999999993978412,0.9999999999947166,0.9999999999947173,-0.9999999951586186,-0.9999999951586207,1.000000013254143,0.9999999971447335,0.9999999971447326,-0.999999993458706,-0.9999999934587057,0.9999999927363568,0.9999999927363571
0.9999999822257033,-0.9999999759504697,-0.9999999759504632,-1.0000000005471397,-0.9999999702592071,1.000000017446236,0.9999999614398497,2.0547263327560832e-15,-2.0547422105790846e-15,-2.05474127684529e-15,-2.0547418293202133e-15,-2.0547415945452304e-15,-1.0000000090519747,1.0000000000144684,1.0000000000337725,-1.0000000261645632,-1.0000000202541122,1.000000023698735,-1.0000000188238736,1.0000000139804281,1.0000000139804293,1.000000027403826,1.000000010648489,-1.000000011245355,-1.000000011245356,1.000000006409317,1.0000000064093197,-1.0000000245039995,-1.000000008395403,-1.0000000083954024,1.0000000047094229,1.0000000047094242,-1.0000000039870829,-1.0000000039870849
0.9999999619720547,-0.999999955696852,-0.9999999556968472,-0.9999999802930186,-0.9999999500057438,0.999999997191558,0.9999999411864318,1.2700887234581105e-15,-1.2701045734582663e-15,-1.270103639724939e-15,-1.2701041921994599e-15,-1.2701039574246517e-15,-0.9999999887963521,1.0000000000337725,0.9999999999855803,-1.0000000058961929,-0.9999999999861715,1.0000000034429464,-0.9999999985677851,0.9999999937241676,0.9999999937241677,1.0000000071485922,0.9999999903921291,-0.9999999909890108,-0.9999999909890117,0.9999999861528726,0.9999999861528736,-1.0000000042490274,-0.9999999881390087,-0.9999999881390076,0.9999999844529445,0.9999999844529458,-0.9999999837305902,-0.9999999837305906
-0.9999999880888957,0.9999999818136723,0.9999999818136661,1.000000006410112,0.9999999761224905,-1.0000000233089756,-0.9999999673031652,-1.2018667820122595e-15,1.2018826383050365e-15,1.2018817045713038e-15,1.201882257046184e-15,1.2018820222712309e-15,1.0000000149015138,-1.0000000261645632,-1.0000000058961929,1.0000000000228293,1.0000000261038078,-1.000000029574013,1.0000000246861662,-1.0000000198426846,-1.0000000198426862,-1.0000000332792636,-1.0000000165107172,1.0000000171075936,1.0000000171075938,-1.000000012271534,-1.0000000122715351,1.0000000303666143,1.000000014257629,1.0000000142576297,-1.0000000105716358,-1.0000000105716358,1.0000000098492943,1.0000000098492943
-0.9999999821762406,0.9999999759009999,0.9999999759009944,1.000000000498149,0.999999970209569,-1.0000000174106767,-0.9999999613901674,-4.549063524589042e-15,4.549079356173935e-15,4.549078422439874e-15,4.549078974914996e-15,4.549078740139935e-15,1.0000000089913088,-1.0000000202541122,-0.9999999999861715,1.0000000261038078,1.0000000000143998,-1.000000023651163,1.000000018776495,-1.0000000139331602,-1.0000000139331604,-1.0000000273558451,-1.000000010601303,1.000000011198142,1.0000000111981422,-1.0000000063621781,-1.0000000063621792,1.0000000244557972,1.0000000083482325,1.000000008348234,-1.000000004662307,-1.0000000046623057,1.0000000039399772,1.0000000039399766
0.9999999856376061,-0.999999979362394,-0.9999999793623889,-1.000000003958323,-0.9999999736713926,1.0000000208566453,0.9999999648521194,-4.79727103899424e-17,4.795682675436646e-17,4.795776048777975e-17,4.79572080131547e-17,4.7957442787988476e-17,-1.0000000124484114,1.000000023698735,1.0000000034429464,-1.000000029574013,-1.000000023651163,1.0000000000193305,-1.0000000222455898,1.000000017389066,1.0000000173890677,1.0000000308134893,1.0000000140570133,-1.0000000146539167,-1.0000000146539167,1.0000000098177817,1.0000000098177826,-1.0000000279139885,-1.0000000118039083,-1.0000000118039076,1.0000000081178602,1.0000000081178615,-1.0000000073955084,-1.0000000073955086
-0.9999999807639028,0.9999999744886777,0.9999999744886723,0.9999999990842668,0.9999999687978103,-1.0000000159822073,-0.9999999599785544,-4.0295883249668196e-16,4.029747074474472e-16,4.0297377371428943e-16,4.029743261887095e-16,4.0297409141398345e-16,1.00000000757338,-1.0000000188238736,-0.9999999985677851,1.0000000246861662,1.000000018776495,-1.0000000222455898,1.0000000000123777,-1.00000001252663,-1.0000000125266275,-1.0000000259386672,-1.0000000091815842,1.0000000097785102,1.0000000097785111,-1.0000000049423035,-1.0000000049423057,1.000000023039333,1.0000000069284594,1.000000006928457,-1.000000003242362,-1.000000003242363,1.0000000025200029,1.000000002520004
0.999999975921094,-0.9999999696458673,-0.9999999696458614,-0.9999999942412707,-0.9999999639550697,1.0000000111390015,0.9999999551358228,3.3081707270647355e-15,-3.308186588921378e-15,-3.3081856551883755e-15,-3.3081862076626565e-15,-3.308185972887995e-15,-1.0000000027298372,1.0000000139804281,0.9999999937241676,-1.0000000198426846,-1.0000000139331602,1.000000017389066,-1.00000001252663,1.0000000000054696,1.0000000076699613,1.0000000210952509,1.0000000043378006,-1.00000000494766,-1.0000000049347397,1.000000000098494,1.0000000000984948,-1.0000000181960111,-1.0000000020975848,-1.000000002084661,0.9999999983985379,0.9999999983985385,-0.9999999976761729,-0.999999997676173
0.9999999759210944,-0.999999969645867,-0.9999999696458622,-0.9999999942412712,-0.9999999639550708,1.0000000111390024,0.9999999551358228,3.9074013075734916e-15,-3.9074171653511295e-15,-3.907416231618128e-15,-3.907416784092409e-15,-3.90741654931775e-15,-1.0000000027298368,1.0000000139804293,0.9999999937241677,-1.0000000198426862,-1.0000000139331604,1.0000000173890677,-1.0000000125266275,1.0000000076699613,1.0000000000054696,1.0000000210952504,1.0000000043378012,-1.0000000049347397,-1.0000000049476603,1.0000000000984937,1.000000000098496,-1.0000000181960103,-1.0000000020846622,-1.000000002097584,0.9999999983985385,0.9999999983985399,-0.9999999976761726,-0.9999999976761732
0.9999999893401681,-0.9999999830649487,-0.9999999830649419,-1.000000007661666,-0.999999977373662,1.0000000245608343,0.9999999685543165,3.684119073579233e-15,-3.6841349150056586e-15,-3.68413398127175e-15,-3.6841345337467605e-15,-3.684134298971748e-15,-1.0000000161538183,1.000000027403826,1.0000000071485922,-1.0000000332792636,-1.0000000273558451,1.0000000308134893,-1.0000000259386672,1.0000000210952509,1.0000000210952504,1.0000000000246148,1.0000000177633337,-1.0000000183601918,-1.000000018360192,1.0000000135241813,1.0000000135241822,-1.0000000316315638,-1.0000000155102597,-1.0000000155102593,1.0000000118242984,1.0000000118242993,-1.0000000111019614,-1.0000000111019616
0.9999999725896117,-0.9999999663143937,-0.9999999663143879,-0.9999999909096551,-0.9999999606236418,1.0000000078072326,0.9999999518044106,4.110451255940011e-15,-4.1104671016451675e-15,-4.110466167912273e-15,-4.1104667203864595e-15,-4.110466485611854e-15,-0.9999999993978412,1.000000010648489,0.9999999903921291,-1.0000000165107172,-1.000000010601303,1.0000000140570133,-1.0000000091815842,1.0000000043378006,1.0000000043378012,1.0000000177633337,1.0000000000007174,-1.0000000016154815,-1.0000000016154797,0.9999999967662918,0.9999999967662926,-1.0000000148641623,-0.9999999987524716,-0.9999999987524701,0.9999999950663296,0.999999995066331,-0.9999999943439616,-0.9999999943439626
-0.9999999731863316,0.9999999669111065,0.9999999669111,0.9999999915064184,0.999999961220343,-1.0000000084040468,-0.9999999524010995,-4.06661415008823e-15,4.066630007963894e-15,4.0666290742309716e-15,4.066629626705182e-15,4.066629391930556e-15,0.9999999999947166,-1.000000011245355,-0.9999999909890108,1.0000000171075936,1.000000011198142,-1.0000000146539167,1.0000000097785102,-1.00000000494766,-1.0000000049347397,-1.0000000183601918,-1.0000000016154815,1.000000000001569,1.0000000021995004,-0.9999999973761575,-0.9999999973632391,1.0000000154609983,0.9999999993494134,0.9999999993494126,-0.9999999956632769,-0.9999999956632782,0.9999999949409089,0.9999999949409096
-0.9999999731863319,0.9999999669111068,0.9999999669111,0.9999999915064177,0.999999961220343,-1.0000000084040475,-0.9999999524011006,-5.476773308267517e-15,5.4767891716776915e-15,5.4767882379447664e-15,5.476788790418982e-15,5.4767885556443525e-15,0.9999999999947173,-1.000000011245356,-0.9999999909890117,1.0000000171075938,1.0000000111981422,-1.0000000146539167,1.0000000097785111,-1.0000000049347397,-1.0000000049476603,-1.000000018360192,-1.0000000016154797,1.0000000021995004,1.000000000001569,-0.9999999973632376,-0.9999999973761602,1.0000000154610003,0.9999999993494134,0.9999999993494127,-0.9999999956632769,-0.9999999956632772,0.9999999949409096,0.9999999949409099
0.999999968350665,-0.9999999620754456,-0.9999999620754398,-0.9999999866706486,-0.9999999563847126,1.000000003568156,0.9999999475654816,1.2706666561123911e-15,-1.270682509396185e-15,-1.2706815756633842e-15,-1.270682128137493e-15,-1.2706818933629223e-15,-0.9999999951586186,1.000000006409317,0.9999999861528726,-1.000000012271534,-1.0000000063621781,1.0000000098177817,-1.0000000049423035,1.000000000098494,1.0000000000984937,1.0000000135241813,0.9999999967662918,-0.9999999973761575,-0.9999999973632376,0.9999999999946713,0.9999999925269516,-1.0000000106250453,-0.9999999945131399,-0.9999999945131394,0.999999990826982,0.9999999908269827,-0.9999999901175332,-0.9999999901046114
0.9999999683506658,-0.9999999620754463,-0.9999999620754412,-0.9999999866706503,-0.9999999563847158,1.000000003568159,0.9999999475654836,3.008209908096366e-15,-3.008225755059989e-15,-3.0082248213271872e-15,-3.008225373801298e-15,-3.008225139026719e-15,-0.9999999951586207,1.0000000064093197,0.9999999861528736,-1.0000000122715351,-1.0000000063621792,1.0000000098177826,-1.0000000049423057,1.0000000000984948,1.000000000098496,1.0000000135241822,0.9999999967662926,-0.9999999973632391,-0.9999999973761602,0.9999999925269516,0.9999999999946713,-1.0000000106250475,-0.9999999945131404,-0.9999999945131396,0.9999999908269843,0.9999999908269848,-0.9999999901046127,-0.9999999901175336
-0.9999999864389683,0.9999999801637331,0.999999980163726,1.0000000047608948,0.999999974472293,-1.0000000216734506,-0.9999999656528965,-3.0178364918017394e-15,3.0178523498651414e-15,3.0178514161310262e-15,3.017851968606193e-15,3.0178517338311176e-15,1.000000013254143,-1.0000000245039995,-1.0000000042490274,1.0000000303666143,1.0000000244557972,-1.0000000279139885,1.000000023039333,-1.0000000181960111,-1.0000000181960103,-1.0000000316315638,-1.0000000148641623,1.0000000154609983,1.0000000154610003,-1.0000000106250453,-1.0000000106250475,1.000000000020479,1.000000012611098,1.000000012611097,-1.0000000089251793,-1.0000000089251793,1.0000000082028508,1.0000000082028508
-0.9999999703365832,0.9999999640613678,0.9999999640613617,0.9999999886566151,0.9999999583706161,-1.0000000055541791,-0.9999999495513845,-4.987258875624197e-15,4.987274697608413e-15,4.987273763875552e-15,4.9872743163496955e-15,4.987274081575106e-15,0.9999999971447335,-1.000000008395403,-0.9999999881390087,1.000000014257629,1.0000000083482325,-1.0000000118039083,1.0000000069284594,-1.0000000020975848,-1.0000000020846622,-1.0000000155102597,-0.9999999987524716,0.9999999993494134,0.9999999993494134,-0.9999999945131399,-0.9999999945131404,1.000000012611098,0.9999999999975041,0.9999999964993214,-0.9999999928260924,-0.9999999928131741,0.9999999920908049,0.9999999920908049
-0.9999999703365836,0.9999999640613669,0.9999999640613625,0.9999999886566164,0.9999999583706161,-1.0000000055541782,-0.999999949551384,-4.803653680370455e-15,4.8036695194333205e-15,4.80366858570046e-15,4.803669138174612e-15,4.8036689034000146e-15,0.9999999971447326,-1.0000000083954024,-0.9999999881390076,1.0000000142576297,1.000000008348234,-1.0000000118039076,1.000000006928457,-1.000000002084661,-1.000000002097584,-1.0000000155102593,-0.9999999987524701,0.9999999993494126,0.9999999993494127,-0.9999999945131394,-0.9999999945131396,1.000000012611097,0.9999999964993214,0.9999999999975041,-0.9999999928131734,-0.9999999928260935,0.9999999920908046,0.9999999920908047
0.9999999666508677,-0.9999999603756523,-0.9999999603756464,-0.9999999849708284,-0.999999954684926,1.0000000018683066,0.9999999458656965,1.2704754904052902e-15,-1.2704913714103786e-15,-1.2704904376776079e-15,-1.2704909901516901e-15,-1.2704907553771299e-15,-0.999999993458706,1.0000000047094229,0.9999999844529445,-1.0000000105716358,-1.000000004662307,1.0000000081178602,-1.000000003242362,0.9999999983985379,0.9999999983985385,1.0000000118242984,0.9999999950663296,-0.9999999956632769,-0.9999999956632769,0.999999990826982,0.9999999908269843,-1.0000000089251793,-0.9999999928260924,-0.9999999928131734,0.9999999999922469,0.9999999891270116,-0.9999999884175593,-0.9999999884046398
0.999999966650869,-0.9999999603756524,-0.9999999603756465,-0.9999999849708288,-0.9999999546849266,1.000000001868305,0.999999945865696,1.2555984316440072e-15,-1.2556143037937083e-15,-1.25561337006094e-15,-1.2556139225350193e-15,-1.2556136877604569e-15,-0.9999999934587057,1.0000000047094242,0.9999999844529458,-1.0000000105716358,-1.0000000046623057,1.0000000081178615,-1.000000003242363,0.9999999983985385,0.9999999983985399,1.0000000118242993,0.999999995066331,-0.9999999956632782,-0.9999999956632772,0.9999999908269827,0.9999999908269848,-1.0000000089251793,-0.9999999928131741,-0.9999999928260935,0.9999999891270116,0.9999999999922469,-0.9999999884046391,-0.9999999884175598
-0.9999999659285792,0.9999999596533615,0.9999999596533563,0.9999999842485257,0.9999999539626419,-1.000000001145987,-0.9999999451434123,-2.399480567081079e-15,2.3994964154375633e-15,2.399495481704803e-15,2.399496034178868e-15,2.3994957994043256e-15,0.9999999927363568,-1.0000000039870829,-0.9999999837305902,1.0000000098492943,1.0000000039399772,-1.0000000073955084,1.0000000025200029,-0.9999999976761729,-0.9999999976761726,-1.0000000111019614,-0.9999999943439616,0.9999999949409089,0.9999999949409096,-0.9999999901175332,-0.9999999901046127,1.0000000082028508,0.9999999920908049,0.9999999920908046,-0.9999999884175593,-0.9999999884046391,0.9999999999912168,0.9999999876822656
-0.9999999659285805,0.9999999596533631,0.9999999596533573,0.9999999842485269,0.9999999539626431,-1.0000000011459858,-0.9999999451434133,-3.3915318693888093e-15,3.3915477023866092e-15,3.3915467686538505e-15,3.3915473211279174e-15,3.3915470863533613e-15,0.9999999927363571,-1.0000000039870849,-0.9999999837305906,1.0000000098492943,1.0000000039399766,-1.0000000073955086,1.000000002520004,-0.999999997676173,-0.9999999976761732,-1.0000000111019616,-0.9999999943439626,0.9999999949409096,0.9999999949409099,-0.9999999901046114,-0.9999999901175336,1.0000000082028508,0.9999999920908049,0.9999999920908047,-0.9999999884046398,-0.9999999884175598,0.9999999876822656,0.999999999991217
