0.9999999971512777,-0.9999967544000479,0.9999951322496337,0.9999974515933366,-0.99999444589194,0.9999944227228342,0.9999943394068075,-0.9999946749918105,-0.9999938298146439,-1.00000065403471,1.0000005896485513,1.000000409131323,-1.000000047340893,-1.0000000473408932,0.9999943565347221,-0.9999983989964208,0.9999991310088479,-0.999999910041027,-0.9999948737117754,0.9999940645548847,0.9999949510508253,0.99999982071468,0.9999998207146901
-0.9999967544000479,0.9999999979408436,-0.9999958640968968,-0.999998183511924,0.9999949986148233,-0.9999949744488671,-0.9999948929838232,0.9999952261611454,0.9999943815885003,1.0000012078714633,-1.0000011424119222,-1.0000009638193692,1.0000005996718309,1.000000599671829,-0.9999949080706244,0.9999989500626367,-0.9999996823083552,1.0000004617041172,0.9999954259229666,-0.9999946165378875,-0.9999955041514178,-1.0000003726832654,-1.0000003726832762
0.9999951322496337,-0.9999958640968968,0.9999999958770599,0.999996561058408,-0.9999935596359517,0.9999935349155575,0.9999934544243086,-0.999993967085927,-0.9999929422914249,-0.9999997679382145,0.9999997018857475,0.9999995243154896,-0.999999159029034,-0.9999991590290321,0.9999934684875953,-0.9999975085403505,0.9999982409373692,-0.9999990205036002,-0.9999939865785512,0.9999931773224912,0.9999940653353715,0.9999989318041804,0.9999989318041917
0.9999974515933366,-0.999998183511924,0.999996561058408,0.9999999991987034,-0.9999958768407716,0.999995852355864,0.9999957714232125,-0.9999961039673122,-0.9999952594505158,-1.0000020893012902,1.0000020231986446,1.000001845609555,-1.0000014801965242,-1.000001480196523,0.9999957859323894,-1.0000000099074426,1.0000005616764545,-1.00000134154568,-0.9999963037887823,0.9999954944166332,0.9999963822806848,1.0000012528828235,1.0000012528828333
-0.99999444589194,0.9999949986148233,-0.9999935596359517,-0.9999958768407716,0.9999999948938864,-0.9999930302355217,-0.999992941866068,0.9999931026368961,0.9999922574764187,0.9999990701096193,-0.9999990095162313,-0.9999988228464929,0.9999984693953031,0.9999984693953018,-0.9999927843044535,0.9999968240301689,-0.9999975556538608,0.9999983337657468,0.9999932998038078,-0.9999924918536423,-0.9999933754497432,-0.9999982440637623,-0.9999982440637728
0.9999944227228342,-0.9999949744488671,0.9999935349155575,0.999995852355864,-0.9999930302355217,0.9999999948631602,0.999992742566566,-0.9999932595899882,-0.9999924155112984,-0.9999990528860386,0.9999989894276822,0.999998807626164,-0.9999984479194036,-0.999998447919403,0.9999927608664025,-0.9999967996725719,0.9999975317223951,-0.9999983106738332,-0.9999932778871637,0.9999924692978823,0.9999933553160386,0.9999982215773319,0.9999982215773435
0.9999943394068075,-0.9999948929838232,0.9999934544243086,0.9999957714232125,-0.999992941866068,0.999992742566566,0.9999999947372953,-0.9999929969615744,-0.9999921509631315,-0.9999989594721308,0.9999989010613072,0.9999987106858956,-0.9999983619399554,-0.9999983619399544,0.9999926781375897,-0.9999967185603083,0.9999974499059828,-0.9999982274896327,-0.9999931924976081,0.9999923850206398,0.9999932666853123,0.9999981373366822,0.9999981373366932
-0.9999946749918105,0.9999952261611454,-0.999993967085927,-0.9999961039673122,0.9999931026368961,-0.9999932595899882,-0.9999929969615744,0.9999999952236551,0.9999924863107197,0.9999993085119593,-0.9999992434279114,-0.9999990643411414,0.9999987010986893,0.9999987010986893,-0.9999931934335573,0.9999970513627378,-0.9999977836275652,0.999998563004855,0.9999935302600355,-0.9999927212708531,-0.9999936086133393,-0.999998474195611,-0.9999984741956217
-0.9999938298146439,0.9999943815885003,-0.9999929422914249,-0.9999952594505158,0.9999922574764187,-0.9999924155112984,-0.9999921509631315,0.9999924863107197,0.9999999940152648,0.9999984615645906,-0.9999983977133554,-0.9999982165540321,0.9999978560008079,0.9999978560008059,-0.9999921686980595,0.9999962068487983,-0.9999969390927792,0.999997718337843,0.9999926858571635,-0.99999205826677,-0.9999927634105035,-0.99999762943717,-0.9999976294371803
-1.00000065403471,1.0000012078714633,-0.9999997679382145,-1.0000020893012902,0.9999990701096193,-0.9999990528860386,-0.9999989594721308,0.9999993085119593,0.9999984615645906,1.0000000037873833,-1.0000054112950074,-1.0000052213117014,1.0000046912582656,1.0000046912582647,-0.9999989892330076,1.0000030395057131,-1.0000037739997871,1.0000045544044471,0.999999502524445,-0.9999986954583477,-0.9999995764448218,-1.0000044658547043,-1.000004465854715
1.0000005896485513,-1.0000011424119222,0.9999997018857475,1.0000020231986446,-0.9999990095162313,0.9999989894276822,0.9999989010613072,-0.9999992434279114,-0.9999983977133554,-1.0000054112950074,1.0000000037010983,1.0000049839691512,-1.0000048086934759,-1.0000048086934716,0.9999989247796301,-1.0000029733030165,1.0000037080281663,-1.000004489217909,-0.9999994399143836,0.9999986320428924,0.999999515782973,1.0000044011963547,1.0000044011963665
1.000000409131323,-1.0000009638193692,0.9999995243154896,1.000001845609555,-0.9999988228464929,0.999998807626164,0.9999987106858956,-0.9999990643411414,-0.9999982165540321,-1.0000052213117014,1.0000049839691512,1.0000000034302317,-1.0000044459897133,-1.000004445989712,0.9999987445843768,-1.0000027959037663,1.00000353025787,-1.0000043102310459,-0.999999256652166,0.9999984501198279,0.9999993291133221,1.00000422131317,1.0000042213131812
-1.000000047340893,1.0000005996718309,-0.999999159029034,-1.0000014801965242,0.9999984693953031,-0.9999984479194036,-0.9999983619399554,0.9999987010986893,0.9999978560008079,1.0000046912582656,-1.0000048086934759,-1.0000044459897133,1.0000000029260805,1.00000408615339,-0.9999983827665393,1.0000024302492443,-1.0000031651379067,1.0000039467387987,0.9999988986871817,-0.999998090501938,-0.9999989754440038,-1.0000040400131232,-1.0000038590347216
-1.0000000473408932,1.000000599671829,-0.9999991590290321,-1.000001480196523,0.9999984693953018,-0.999998447919403,-0.9999983619399544,0.9999987010986893,0.9999978560008059,1.0000046912582647,-1.0000048086934716,-1.000004445989712,1.00000408615339,1.0000000029260805,-0.999998382766537,1.0000024302492434,-1.0000031651379035,1.000003946738798,0.9999988986871801,-0.9999980905019376,-0.9999989754440023,-1.0000038590347087,-1.0000040400131327
0.9999943565347221,-0.9999949080706244,0.9999934684875953,0.9999957859323894,-0.9999927843044535,0.9999927608664025,0.9999926781375897,-0.9999931934335573,-0.9999921686980595,-0.9999989892330076,0.9999989247796301,0.9999987445843768,-0.9999983827665393,-0.999998382766537,0.9999999947688485,-0.9999967333109112,0.9999974655747285,-0.9999982448723739,-0.9999933932541655,0.9999924035409348,0.9999932901692566,0.9999981560271294,0.999998156027139
-0.9999983989964208,0.9999989500626367,-0.9999975085403505,-1.0000000099074426,0.9999968240301689,-0.9999967996725719,-0.9999967185603083,0.9999970513627378,0.9999962068487983,1.0000030395057131,-1.0000029733030165,-1.0000027959037663,1.0000024302492443,1.0000024302492434,-0.9999967333109112,1.0000000005566532,-1.0000016916221985,1.0000022910900783,0.9999972510686306,-0.9999964417791636,-0.9999973294984157,-1.0000022027384823,-1.0000022027384943
0.9999991310088479,-0.9999996823083552,0.9999982409373692,1.0000005616764545,-0.9999975556538608,0.9999975317223951,0.9999974499059828,-0.9999977836275652,-0.9999969390927792,-1.0000037739997871,1.0000037080281663,1.00000353025787,-1.0000031651379067,-1.0000031651379035,0.9999974655747285,-1.0000016916221985,1.000000001607316,-1.0000032065259836,-0.9999979830167677,0.999997173952431,0.999998061239275,1.0000029375279127,1.0000029375279242
-0.999999910041027,1.0000004617041172,-0.9999990205036002,-1.00000134154568,0.9999983337657468,-0.9999983106738332,-0.9999982274896327,0.999998563004855,0.999997718337843,1.0000045544044471,-1.000004489217909,-1.0000043102310459,1.0000039467387987,1.000003946738798,-0.9999982448723739,1.0000022910900783,-1.0000032065259836,1.000000002726191,0.9999987618786862,-0.9999979530912833,-0.9999988396296008,-1.0000039001966425,-1.0000039001966532
-0.9999948737117754,0.9999954259229666,-0.9999939865785512,-0.9999963037887823,0.9999932998038078,-0.9999932778871637,-0.9999931924976081,0.9999935302600355,0.9999926858571635,0.999999502524445,-0.9999994399143836,-0.999999256652166,0.9999988986871817,0.9999988986871801,-0.9999933932541655,0.9999972510686306,-0.9999979830167677,0.9999987618786862,0.9999999955093334,-0.9999931014580107,-0.9999939866315359,-0.9999986725787223,-0.9999986725787325
0.9999940645548847,-0.9999946165378875,0.9999931773224912,0.9999954944166332,-0.9999924918536423,0.9999924692978823,0.9999923850206398,-0.9999927212708531,-0.99999205826677,-0.9999986954583477,0.9999986320428924,0.9999984501198279,-0.999998090501938,-0.9999980905019376,0.9999924035409348,-0.9999964417791636,0.999997173952431,-0.9999979530912833,-0.9999931014580107,0.9999999943514506,0.9999929977029755,0.9999978640790698,0.9999978640790812
0.9999949510508253,-0.9999955041514178,0.9999940653353715,0.9999963822806848,-0.9999933754497432,0.9999933553160386,0.9999932666853123,-0.9999936086133393,-0.9999927634105035,-0.9999995764448218,0.999999515782973,0.9999993291133221,-0.9999989754440038,-0.9999989754440023,0.9999932901692566,-0.9999973294984157,0.999998061239275,-0.9999988396296008,-0.9999939866315359,0.9999929977029755,0.9999999956181934,0.9999987499573688,0.999998749957379
0.99999982071468,-1.0000003726832654,0.9999989318041804,1.0000012528828235,-0.9999982440637623,0.9999982215773319,0.9999981373366822,-0.999998474195611,-0.99999762943717,-1.0000044658547043,1.0000044011963547,1.00000422131317,-1.0000040400131232,-1.0000038590347087,0.9999981560271294,-1.0000022027384823,1.0000029375279127,-1.0000039001966425,-0.9999986725787223,0.9999978640790698,0.9999987499573688,1.0000000026005609,1.0000036315788854
0.9999998207146901,-1.0000003726832762,0.9999989318041917,1.0000012528828333,-0.9999982440637728,0.9999982215773435,0.9999981373366932,-0.9999984741956217,-0.9999976294371803,-1.000004465854715,1.0000044011963665,1.0000042213131812,-1.0000038590347216,-1.0000040400131327,0.999998156027139,-1.0000022027384943,1.0000029375279242,-1.0000039001966532,-0.9999986725787325,0.9999978640790812,0.999998749957379,1.0000036315788854,1.0000000026005609
