1.0000000067002786,-1.000015119675502,1.0000093387546665,1.000009338754665,1.0000124398940444,1.000009338754664,-1.0000138711560473,1.0000093387546618,1.0000093387546618,0.8095555906663193,-0.8095364421754054,0.8094709847241589,0.8095555906663181,-1.0000077787838952,-1.0000017205802894,-0.8093905054272654,0.8092948289887218,-0.3094498144977899,0.8088229539374782,-0.3086350977473387
-1.000015119675502,1.0000000132042945,-1.0000151196755047,-1.000015119675501,-1.0000182226885268,-1.000013871156046,1.0000184039500182,-1.0000138711560442,-1.0000138711560427,-0.8095479218079293,0.8095287726150231,-0.8094633131690583,-0.8095479218079262,1.0000123127030838,1.0000062584568001,0.8093828313113867,-0.8092871519384642,0.30943285091999745,-0.8088379776999018,0.3086548678442144
1.0000093387546665,-1.0000151196755047,1.0000000067002786,1.0000093387546631,1.0000124398940438,1.0000093387546616,-1.000013871156045,1.0000093387546594,1.0000093387546598,0.8095555906663168,-0.8095364421754027,0.8094709847241554,0.8095555906663144,-1.0000077787838937,-1.0000017205802865,-0.8093905054272615,0.8092948289887186,-0.3094498144977861,0.8088229539374778,-0.3086350977473403
1.000009338754665,-1.000015119675501,1.0000093387546631,1.0000000067002786,1.000012439894041,1.0000093387546607,-1.0000138711560438,1.0000093387546602,1.0000093387546578,0.8095555906663161,-0.8095364421754012,0.809470984724155,0.8095555906663139,-1.0000077787838924,-1.000001720580286,-0.8093905054272612,0.8092948289887169,-0.3094498144977856,0.8088229539374775,-0.30863509774733994
1.0000124398940444,-1.0000182226885268,1.0000124398940438,1.000012439894041,1.0000000111569094,1.0000124398940389,-1.0000182226885226,1.000012439894037,1.0000124398940367,0.8095014847353236,-0.8094823331116419,0.8094168669715806,0.8095014847353215,-1.000012136053757,-1.0000060977355132,-0.8093363764499487,0.80924068721448,-0.3093590630759316,0.808882177722419,-0.3087277915794025
1.000009338754664,-1.000013871156046,1.0000093387546616,1.0000093387546607,1.0000124398940389,1.0000000067002786,-1.0000151196754947,1.0000093387546536,1.0000093387546538,0.8095555906663147,-0.8095364421753993,0.8094709847241529,0.8095555906663112,-1.0000077787838888,-1.0000017205802834,-0.8093905054272591,0.8092948289887159,-0.3094498144977867,0.808822953937473,-0.3086350977473367
-1.0000138711560473,1.0000184039500182,-1.000013871156045,-1.0000138711560438,-1.0000182226885226,-1.0000151196754947,1.0000000132042948,-1.0000151196754918,-1.0000151196754903,-0.8095479218079272,0.8095287726150209,-0.8094633131690561,-0.8095479218079243,1.0000123127030769,1.0000062584567952,0.8093828313113848,-0.8092871519384626,0.30943285091999984,-0.8088379776998953,0.308654867844208
1.0000093387546618,-1.0000138711560442,1.0000093387546594,1.0000093387546602,1.000012439894037,1.0000093387546536,-1.0000151196754918,1.0000000067002786,1.0000093387546511,0.8095555906663127,-0.8095364421753997,0.8094709847241532,0.8095555906663108,-1.0000077787838875,-1.0000017205802816,-0.80939050542726,0.809294828988715,-0.30944981449778786,0.8088229539374712,-0.30863509774733516
1.0000093387546618,-1.0000138711560427,1.0000093387546598,1.0000093387546578,1.0000124398940367,1.0000093387546538,-1.0000151196754903,1.0000093387546511,1.0000000067002786,0.8095555906663129,-0.8095364421753981,0.8094709847241502,0.8095555906663107,-1.0000077787838864,-1.0000017205802796,-0.809390505427258,0.8092948289887146,-0.30944981449778675,0.8088229539374702,-0.30863509774733533
0.8095555906663193,-0.8095479218079293,0.8095555906663168,0.8095555906663161,0.8095014847353236,0.8095555906663147,-0.8095479218079272,0.8095555906663127,0.8095555906663129,0.9999999884228563,-0.9999883541563409,0.9999858690675956,0.9999838639347703,-0.8095079173247118,-0.8093817246796738,-0.9999876552727589,0.999986446618514,-0.8087371111148867,0.3095672881219692,0.3085240710801479
-0.8095364421754054,0.8095287726150231,-0.8095364421754027,-0.8095364421754012,-0.8094823331116419,-0.8095364421753993,0.8095287726150209,-0.8095364421753997,-0.8095364421753981,-0.9999883541563409,0.9999999930755036,-0.999990364732186,-0.9999883541563428,0.8094887663441723,0.8093625672297275,0.9999909075889094,-0.9999897049011607,0.808761547317524,-0.3095330244247445,-0.3085603510556261
0.8094709847241589,-0.8094633131690583,0.8094709847241554,0.809470984724155,0.8094168669715806,0.8094709847241529,-0.8094633131690561,0.8094709847241532,0.8094709847241502,0.9999858690675956,-0.999990364732186,0.9999999913155562,0.9999858690675911,-0.8094233020374136,-0.8092970851358162,-0.9999909509204343,0.999988517387952,-0.8088251267752259,0.30942823655305174,0.3086644118386477
0.8095555906663181,-0.8095479218079262,0.8095555906663144,0.8095555906663139,0.8095014847353215,0.8095555906663112,-0.8095479218079243,0.8095555906663108,0.8095555906663107,0.9999838639347703,-0.9999883541563428,0.9999858690675911,0.9999999884228563,-0.8095079173247094,-0.8093817246796714,-0.9999876552727537,0.9999864466185101,-0.8087371111148829,0.3095672881219687,0.30852407108014573
-1.0000077787838952,1.0000123127030838,-1.0000077787838937,-1.0000077787838924,-1.000012136053757,-1.0000077787838888,1.0000123127030769,-1.0000077787838875,-1.0000077787838864,-0.8095079173247118,0.8094887663441723,-0.8094233020374136,-0.8095079173247094,1.0000000044662942,1.0000001831814378,0.8093428138671306,-0.809247127327691,0.3093741530177406,-0.8088681839133983,0.30870981607968656
-1.0000017205802894,1.0000062584568001,-1.0000017205802865,-1.000001720580286,-1.0000060977355132,-1.0000017205802834,1.0000062584567952,-1.0000017205802816,-1.0000017205802796,-0.8093817246796738,0.8093625672297275,-0.8092970851358162,-0.8093817246796714,1.0000001831814378,0.9999999958271801,0.8092165739348509,-0.8091221097074364,0.30917580759750923,-0.808986033007464,0.30890447203167537
-0.8093905054272654,0.8093828313113867,-0.8093905054272615,-0.8093905054272612,-0.8093363764499487,-0.8093905054272591,0.8093828313113848,-0.80939050542726,-0.809390505427258,-0.9999876552727589,0.9999909075889094,-0.9999909509204343,-0.9999876552727537,0.8093428138671306,0.8092165739348509,0.9999999939219577,-0.9999916144677415,0.8089086532627299,-0.30929608855544327,-0.3087977112168826
0.8092948289887218,-0.8092871519384642,0.8092948289887186,0.8092948289887169,0.80924068721448,0.8092948289887159,-0.8092871519384626,0.809294828988715,0.8092948289887146,0.999986446618514,-0.9999897049011607,0.999988517387952,0.9999864466185101,-0.809247127327691,-0.8091221097074364,-0.9999916144677415,0.9999999922723797,-0.8090038031657755,0.30914232466038644,0.3089507827392874
-0.3094498144977899,0.30943285091999745,-0.3094498144977861,-0.3094498144977856,-0.3093590630759316,-0.3094498144977867,0.30943285091999984,-0.30944981449778786,-0.30944981449778675,-0.8087371111148867,0.808761547317524,-0.8088251267752259,-0.8087371111148829,0.3093741530177406,0.30917580759750923,0.8089086532627299,-0.8090038031657755,1.000000004176258,0.3089132645515982,-0.8089959141239728
0.8088229539374782,-0.8088379776999018,0.8088229539374778,0.8088229539374775,0.808882177722419,0.808822953937473,-0.8088379776998953,0.8088229539374712,0.8088229539374702,0.3095672881219692,-0.3095330244247445,0.30942823655305174,0.3095672881219687,-0.8088681839133983,-0.808986033007464,-0.30929608855544327,0.30914232466038644,0.3089132645515982,1.00000000521663,-0.808987766025904
-0.3086350977473387,0.3086548678442144,-0.3086350977473403,-0.30863509774733994,-0.3087277915794025,-0.3086350977473367,0.308654867844208,-0.30863509774733516,-0.30863509774733533,0.3085240710801479,-0.3085603510556261,0.3086644118386477,0.30852407108014573,0.30870981607968656,0.30890447203167537,-0.3087977112168826,0.3089507827392874,-0.8089959141239728,-0.808987766025904,1.0000000064374341
