0.9999999998440589,-0.4999964890128242,-0.5000027250412515,-0.48963047119074854,0.4484365361841041,0.499370773050756,0.2291553251601444,-0.20412600242377701,-0.25348017804701,-0.4657784900281279,0.47515698338571527,0.45496216773643866,0.25347741414867536,-0.4549619568359924,0.442741181098489,-0.4427406349417014,-0.380599966281425,0.39803051230781034,0.3619932701105863,0.36198950925167594,-0.36199057647867183,0.44843729110388886,-0.4830689179899807,-0.44843595550880444,0.48807936744955877,-0.1695973451852473,-0.49787205232857434,-0.4922214741082916,0.49548777149736806,-0.4954881396717506,0.2770276549603931,-0.2997218783367847,0.4291497446738963,-0.41423060201551243,-0.42915063603777676,0.3214922731840645,-0.34227099768291475,0.3619895092516773
-0.4999964890128242,0.9999999968072154,-0.49999648901282073,0.9792623209586265,-0.8968738370224899,-0.9987428376327468,-0.4583108569635977,0.40825213489993156,0.5069606386975115,0.9315580434435755,-0.9503150781529176,-0.9099253475818305,-0.5069551108927083,0.9099249257833022,-0.885483319899929,0.8854822275827611,0.7612006447951417,-0.7960618020123635,-0.7239871850890204,-0.7239796633652534,0.7239817978208473,-0.8968749524696213,0.9661389919246175,0.8968728936824576,-0.9761599222904684,0.33919555602436124,0.9957453734980057,0.9844441649412993,-0.9909767868864344,0.9909775232378989,-0.5540556676274946,0.5994441883859701,-0.8583003896709397,0.828462044189854,0.8583021724012567,-0.6429850507591639,0.6845425708824876,-0.7239796633652547
-0.5000027250412515,-0.49999648901282073,0.9999999998440589,-0.4896304711907946,0.44843653618418877,0.49937077305075733,0.22915532515998055,-0.2041260024236038,-0.2534801780468493,-0.46577849002807076,0.47515698338566703,0.4549621677363698,0.2534774141485155,-0.45496195683592466,0.44274118109840527,-0.44274063494162025,-0.3805999662813082,0.3980305123077064,0.3619932701104611,0.3619895092515533,-0.3619905764785486,0.44843729110380715,-0.4830689179899448,-0.44843595550871795,0.4880793674495304,-0.16959734518542433,-0.4978720523285699,-0.49222147410827227,0.49548777149735423,-0.4954881396717384,0.2770276549602387,-0.2997218783366388,0.42914974467381356,-0.4142306020154214,-0.42915063603768927,0.32149227318392665,-0.34227099768278224,0.3619895092515531
-0.48963047119074854,0.9792623209586265,-0.4896304711907946,1.0000000011221999,-0.9678796442440507,-0.9678821021908772,-0.2687492444692403,0.2148499461814622,0.3218246031804393,0.83858718618304,-0.867551057777477,-0.8070339888585598,-0.32181883261287775,0.8070343842100791,-0.7729885864541426,0.7729865448661897,0.614035151091541,-0.6569451738336027,-0.5692282029745344,-0.5692219733900131,0.5692236930472602,-0.7886791657824815,0.8938367180207499,0.7886762995541623,-0.9119487305803915,0.5227418174539249,0.9564292225420663,0.9284376255729416,-0.9432737586884562,0.9432752155543249,-0.3739173463360988,0.4248602809456892,-0.7365462361188921,0.6978247147246437,0.7365486044680688,-0.4744952671375486,0.5226679029020957,-0.5692219733900131
0.4484365361841041,-0.8968738370224899,0.44843653618418877,-0.9678796442440507,0.9999999980162793,0.8735859332126003,0.017957689312779215,0.03758916983765177,-0.07345425489867738,-0.674693026620528,0.714647581887612,0.632654296005085,0.07344851694208268,-0.6326556825497303,0.5886611028763735,-0.5886580013845989,-0.3958787065181306,0.4462945136757956,0.3442408406927025,0.3442365750594841,-0.3442376804639991,0.6087780006766639,-0.7523952201115491,-0.6087750582517425,0.7795001761185409,-0.7202735566877235,-0.8523013570882134,-0.805216863568882,0.8294990968645377,-0.829501363582816,0.128735068298575,-0.18362345222882623,0.5428364858344684,-0.4953314781142455,-0.5428394438971197,0.23794933268262408,-0.29154401223080867,0.34423657505948313
0.499370773050756,-0.9987428376327468,0.49937077305075733,-0.9678821021908772,0.8735859332126003,1.0000000023483895,0.5022788613342385,-0.4534896543921669,-0.5495234048110168,-0.9486118727443206,0.9647242945460723,0.9295713089016393,0.5495179723357123,-0.9295706876528089,0.9076608920703998,-0.9076600415498579,-0.792748006228304,0.8253956083772127,0.7576504642063441,0.7576426708418814,-0.7576448942865843,0.917917137294243,-0.9778586427553215,-0.9179145313904725,0.9858147069793051,-0.2916262478658229,-0.9991161559340693,-0.9920164595053055,0.9964533142549653,-0.9964538676703423,0.5950815849679678,-0.6388064337537961,0.88294197830059,-0.8554915217190824,-0.8829436047855421,0.6805619045276852,-0.720217809698221,0.7576426708418836
0.2291553251601444,-0.4583108569635977,0.22915532515998055,-0.2687492444692403,0.017957689312779215,0.5022788613342385,0.9999999958434445,-0.9984534449563213,-0.9984496058431552,-0.7500864324836357,0.7121981269192179,0.7856621628699473,0.9984492526277366,-0.7856584229703919,0.8188145987340926,-0.8188183620458701,-0.925264236219448,0.9027591410890216,0.9449074050776571,0.9448989731573842,-0.9449015770331555,0.8041422070669908,-0.6721140074957347,-0.8041420814344671,0.640298565694525,0.6806374920047996,-0.5382754616805019,-0.607346898658536,0.5733180612371362,-0.5733151707446305,0.9938250847398561,-0.9861307441109414,0.8494511802912237,-0.8774616528630476,-0.8494492659985905,0.9753898802910067,-0.9616347683923565,0.9448989731573899
-0.20412600242377701,0.40825213489993156,-0.2041260024236038,0.2148499461814622,0.03758916983765177,-0.4534896543921669,-0.9984534449563213,0.9999999997904562,0.9938288205615694,0.7122086863404564,-0.6721219793996913,-0.750099822748296,-0.9938281741327346,0.750096007874439,-0.7856775254794333,0.7856814589972332,0.902775990464068,-0.8774831547592973,-0.9252763231202119,-0.925268132679472,0.9252706737504893,-0.7698952479308725,0.6299632166065056,0.7698958981872193,-0.5966597087544055,-0.7202694946285492,0.49064880330743776,0.5622976930406415,-0.5269387572819485,0.5269357424710879,-0.9861360522610769,0.9753975372383836,-0.8188424517647276,0.8494760187991336,0.8188403742267587,-0.9616453925529774,0.9449212447926418,-0.9252681326794766
-0.25348017804701,0.5069606386975115,-0.2534801780468493,0.3218246031804393,-0.07345425489867738,-0.5495234048110168,-0.9984496058431552,0.9938288205615694,0.9999999947315458,0.785654223203955,-0.7500813762030771,-0.818804612134218,-0.9999907105168566,0.818800958751011,-0.8494293095859046,0.8494328910692911,0.9449008299007421,-0.9252531414303914,-0.9616259893061374,-0.9616173418907019,0.9616200005459149,-0.835911545883458,0.7121957183533569,0.8359112571418116,-0.6819666046603784,-0.6389020118624833,0.5842463287793616,0.6505270455981438,-0.6179333806785059,0.6179306234306922,-0.9984490397689502,0.9938234959895508,-0.8774428248557616,0.9027435722055832,0.8774410797267033,-0.986127316199027,0.9753839360414138,-0.9616173418907069
-0.4657784900281279,0.9315580434435755,-0.46577849002807076,0.83858718618304,-0.674693026620528,-0.9486118727443206,-0.7500864324836357,0.7122086863404564,0.785654223203955,0.9999999937466817,-0.9984484484248369,-0.9984470454699458,-0.7856497150639392,0.9984458141510402,-0.9938224299566111,0.9938231566381451,0.944891263787195,-0.9616246580045084,-0.9252368424842131,-0.9252277964846757,0.9252304498549361,-0.9962971682448387,0.993826181925802,0.9962951292618804,-0.9882678696417195,-0.026038432137144657,0.9611065919468567,0.9809525273490899,-0.9718932011736483,0.9718925666693423,-0.8188047359480712,0.8494299527263717,-0.9861285922325098,0.975384652451952,0.9861291356454602,-0.8774341256471443,0.9027294976769061,-0.9252277964846799
0.47515698338571527,-0.9503150781529176,0.47515698338566703,-0.867551057777477,0.714647581887612,0.9647242945460723,0.7121981269192179,-0.6721219793996913,-0.7500813762030771,-0.9984484484248369,0.999999995844789,0.9938228184385289,0.7500766721165539,-0.9938211755022561,0.9861290512386583,-0.986129506516377,-0.9252507110165649,0.9449025279123554,0.9027387158270154,0.9027298220650821,-0.9027324198102514,0.9899881299726347,-0.9984530361036116,-0.9899859762383983,0.9952257669475917,-0.029524576668445032,-0.9749637008225136,-0.9902283040929285,0.9834701481045534,-0.9834697173646706,0.7856575683029481,-0.8188110410069808,0.9753893886725791,-0.961632735579665,-0.9753901262532737,0.8494382572082039,-0.8774433562159815,0.9027298220650847
0.45496216773643866,-0.9099253475818305,0.4549621677363698,-0.8070339888585598,0.632654296005085,0.9295713089016393,0.7856621628699473,-0.750099822748296,-0.818804612134218,-0.9984470454699458,0.9938228184385289,0.999999994088997,0.8188003138627805,-0.9999890516196788,0.9984494545350512,-0.9984498379850129,-0.9616171086214953,0.9753802842160839,0.9448810676400158,0.9448718973093048,-0.9448745981197657,0.9995321401225027,-0.9861316766301356,-0.9995302221888109,0.9782599583798685,0.08152412555659241,-0.9442829075495398,-0.9686491839978232,0.957316517547193,-0.9573156812253268,0.8494270159361996,-0.8774293342519828,0.9938253499545353,-0.9861274420985854,-0.9938256975119678,0.902723904293003,-0.9252313439294885,0.9448718973093081
0.25347741414867536,-0.5069551108927083,0.2534774141485155,-0.32181883261287775,0.07344851694208268,0.5495179723357123,0.9984492526277366,-0.9938281741327346,-0.9999907105168566,-0.7856497150639392,0.7500766721165539,0.8188003138627805,0.999999992905125,-0.818796660474998,0.8494252344582398,-0.8494288159561062,-0.9448977661146193,0.9252498085595281,0.9616232040674274,0.9616145566840689,-0.9616172153305971,0.8359073682978864,-0.7121908328440881,-0.8359070795730307,0.6819615914960657,0.6389055463161794,-0.5842409870443203,-0.6505219137035795,0.6179281391917898,-0.617925381933519,0.9984480579556493,-0.9938215943100612,0.8774389855229568,-0.902739980549918,-0.8774372403784784,0.986125112908821,-0.9753814379256635,0.9616145566840734
-0.4549619568359924,0.9099249257833022,-0.45496195683592466,0.8070343842100791,-0.6326556825497303,-0.9295706876528089,-0.7856584229703919,0.750096007874439,0.818800958751011,0.9984458141510402,-0.9938211755022561,-0.9999890516196788,-0.818796660474998,0.9999999911840093,-0.9984472268708002,0.9984482227098942,0.9616141997210411,-0.9753775333859134,-0.9448780096707718,-0.9448688393639421,0.9448715401666439,-0.9995299969680467,0.9861302395440514,0.9995280790314907,-0.9782586805278763,-0.08152051484627634,0.9442821197848604,0.9686480676394045,-0.9573155646526883,0.9573147283448725,-0.8494234603592682,0.8774258874692812,-0.9938229402760351,0.9861248578498536,0.9938232878464662,-0.9027205769597678,0.9252281463341872,-0.9448688393639455
0.442741181098489,-0.885483319899929,0.44274118109840527,-0.7729885864541426,0.5886611028763735,0.9076608920703998,0.8188145987340926,-0.7856775254794333,-0.8494293095859046,-0.9938224299566111,0.9861290512386583,0.9984494545350512,0.8494252344582398,-0.9984472268708002,0.9999999964957699,-0.9999957307601482,-0.9753757658838341,0.9861261138944876,0.9616098873196322,0.9616006209580932,-0.9616033608743912,0.9996823113472851,-0.9753932495842311,-0.99968052038625,0.965232318910711,0.13676064136588606,-0.9245440618631833,-0.9533556741726397,0.9397845445760408,-0.9397835090091526,0.8774289808101104,-0.9027218594610874,0.9984551163789462,-0.9938271329759475,-0.998455266997369,0.9252286387697971,-0.9448785568819197,0.9616006209580963
-0.4427406349417014,0.8854822275827611,-0.44274063494162025,0.7729865448661897,-0.5886580013845989,-0.9076600415498579,-0.8188183620458701,0.7856814589972332,0.8494328910692911,0.9938231566381451,-0.986129506516377,-0.9984498379850129,-0.8494288159561062,0.9984482227098942,-0.9999957307601482,0.9999999982938831,0.975378045660347,-0.9861281478730608,-0.9616124058348179,-0.9616031394542707,0.961605879377094,-0.9996834534924375,0.9753934320657744,0.9996816625405247,-0.9652322939233219,-0.1367655249234783,0.9245434163334718,0.9533554417766559,-0.9397841052038003,0.9397830696186802,-0.8774323693782496,0.9027250446330013,-0.9984560282521184,0.9938289148598012,0.9984567912619182,-0.9252316106903318,0.9448813063539796,-0.9616031394542741
-0.380599966281425,0.7612006447951417,-0.3805999662813082,0.614035151091541,-0.3958787065181306,-0.792748006228304,-0.925264236219448,0.902775990464068,0.9449008299007421,0.944891263787195,-0.9252507110165649,-0.9616171086214953,-0.9448977661146193,0.9616141997210411,-0.9753757658838341,0.975378045660347,1.0000000043655923,-0.9984626319674462,-0.998456211189099,-0.9984474609211721,0.9984502718437125,-0.9695318871034955,0.9027561239933956,0.9695306553955563,-0.8838182703341296,-0.351873833003931,0.8177342459206102,0.8633101527893476,-0.8412684884932209,0.8412666936630526,-0.9616256340301099,0.9753826219363719,-0.986128902598396,0.9938325545729411,0.9861282666486499,-0.9861281040578009,0.9938277221767042,-0.9984474609211763
0.39803051230781034,-0.7960618020123635,0.3980305123077064,-0.6569451738336027,0.4462945136757956,0.8253956083772127,0.9027591410890216,-0.8774831547592973,-0.9252531414303914,-0.9616246580045084,0.9449025279123554,0.9753802842160839,0.9252498085595281,-0.9753775333859134,0.9861261138944876,-0.9861281478730608,-0.9984626319674462,1.0000000073739757,0.9938288461164472,0.9938194640542557,-0.9938222701929551,0.9816485075806878,-0.9252655935350887,-0.9816471292286998,0.9084507189400772,0.2993183640613228,-0.8484568417090854,-0.890021614046166,0.8700112651191593,-0.8700096532110932,0.9448965397794232,-0.961624047284035,0.993832236498089,-0.9984643353879722,-0.9938317957507531,0.9753827972023537,-0.986129099509488,0.9938194640542595
0.3619932701105863,-0.7239871850890204,0.3619932701104611,-0.5692282029745344,0.3442408406927025,0.7576504642063441,0.9449074050776571,-0.9252763231202119,-0.9616259893061374,-0.9252368424842131,0.9027387158270154,0.9448810676400158,0.9616232040674274,-0.9448780096707718,0.9616098873196322,-0.9616124058348179,-0.998456211189099,0.9938288461164472,0.9999999980615579,0.9999879647155997,-0.999990159322056,0.9544178612638407,-0.8774561474680811,-0.9544167800021556,0.8564539585230917,0.4033391436146701,-0.7844843722395487,-0.8339303257497895,0.809925583466303,-0.809923611271288,0.9753806024625067,-0.9861246529220536,0.975376664984269,-0.986127312838643,-0.9753758358058876,0.9938237630245583,-0.9984523998132928,0.999987964715603
0.36198950925167594,-0.7239796633652534,0.3619895092515533,-0.5692219733900131,0.3442365750594841,0.7576426708418814,0.9448989731573842,-0.925268132679472,-0.9616173418907019,-0.9252277964846757,0.9027298220650821,0.9448718973093048,0.9616145566840689,-0.9448688393639421,0.9616006209580932,-0.9616031394542707,-0.9984474609211721,0.9938194640542557,0.9999879647155997,0.9999999847902677,-0.9999808450438105,0.9544086347374231,-0.8774474333786871,-0.9544075534904387,0.8564453987979946,0.40333641913241935,-0.7844763656115163,-0.8339219355982445,0.8099173777944961,-0.8099154056141917,0.9753717661923424,-0.9861156550649695,0.9753673311554222,-0.986117940403652,-0.9753665019833051,0.9938146313588888,-0.9984437749498642,0.9999786504633759
-0.36199057647867183,0.7239817978208473,-0.3619905764785486,0.5692236930472602,-0.3442376804639991,-0.7576448942865843,-0.9449015770331555,0.9252706737504893,0.9616200005459149,0.9252304498549361,-0.9027324198102514,-0.9448745981197657,-0.9616172153305971,0.9448715401666439,-0.9616033608743912,0.961605879377094,0.9984502718437125,-0.9938222701929551,-0.999990159322056,-0.9999808450438105,0.9999999887897546,-0.9544113580321381,0.8774499674859112,0.9544102767813456,-0.8564478793699607,-0.403337415731439,0.7844786595626388,0.8339243582280417,-0.8099197381788282,0.8099177659934833,-0.9753744714341339,0.9861183985442414,-0.9753701017352857,0.986120733080324,0.9753692725607402,-0.993817404605033,0.9984465693970003,-0.999980845043814
0.44843729110388886,-0.8968749524696213,0.44843729110380715,-0.7886791657824815,0.6087780006766639,0.917917137294243,0.8041422070669908,-0.7698952479308725,-0.835911545883458,-0.9962971682448387,0.9899881299726347,0.9995321401225027,0.8359073682978864,-0.9995299969680467,0.9996823113472851,-0.9996834534924375,-0.9695318871034955,0.9816485075806878,0.9544178612638407,0.9544086347374231,-0.9544113580321381,1.0000000002257476,-0.9806240858404396,-0.9999978554164572,0.9714948158209274,0.11184057924238867,-0.9338250403000942,-0.9606380038988118,0.9480736620000259,-0.9480727161135717,0.8651077832071187,-0.8916353840229722,0.9967473887054328,-0.9907296822763001,-0.9967476284257424,0.9154112331274383,-0.9363606440571531,0.9544086347374264
-0.4830689179899807,0.9661389919246175,-0.4830689179899448,0.8938367180207499,-0.7523952201115491,-0.9778586427553215,-0.6721140074957347,0.6299632166065056,0.7121957183533569,0.993826181925802,-0.9984530361036116,-0.9861316766301356,-0.7121908328440881,0.9861302395440514,-0.9753932495842311,0.9753934320657744,0.9027561239933956,-0.9252655935350887,-0.8774561474680811,-0.8774474333786871,0.8774499674859112,-0.9806240858404396,1.0000000000730829,0.9806224364135545,-0.9991118930634147,0.08499395471675271,0.985811856790666,0.9964482365281037,-0.9920119987086311,0.9920117730529313,-0.7500877063929324,0.7856670224127464,-0.9616410389075548,0.9449142568700298,0.9616419683716081,-0.8188226599166273,0.849450950711066,-0.8774474333786889
-0.44843595550880444,0.8968728936824576,-0.44843595550871795,0.7886762995541623,-0.6087750582517425,-0.9179145313904725,-0.8041420814344671,0.7698958981872193,0.8359112571418116,0.9962951292618804,-0.9899859762383983,-0.9995302221888109,-0.8359070795730307,0.9995280790314907,-0.99968052038625,0.9996816625405247,0.9695306553955563,-0.9816471292286998,-0.9544167800021556,-0.9544075534904387,0.9544102767813456,-0.9999978554164572,0.9806224364135545,0.9999999975911678,-0.9714924765836735,-0.11184264809490696,0.9338224943753078,0.9606355914251432,-0.948071180587438,0.9480702346946069,-0.8651073322151226,0.8916347721578819,-0.996745730288176,0.990728161539405,0.9967459699980754,-0.9154104622649503,0.9363597165667714,-0.9544075534904414
0.48807936744955877,-0.9761599222904684,0.4880793674495304,-0.9119487305803915,0.7795001761185409,0.9858147069793051,0.640298565694525,-0.5966597087544055,-0.6819666046603784,-0.9882678696417195,0.9952257669475917,0.9782599583798685,0.6819615914960657,-0.9782586805278763,0.965232318910711,-0.9652322939233219,-0.8838182703341296,0.9084507189400772,0.8564539585230917,0.8564453987979946,-0.8564478793699607,0.9714948158209274,-0.9991118930634147,-0.9714924765836735,1.000000002395794,-0.12692825770221022,-0.9920148880703374,-0.9991152161157691,0.9964514183490744,-0.9964513488480917,0.7215385093816621,-0.7588860522154497,0.9492214865794948,-0.9302744176937148,-0.9492225597941827,0.7938927851352752,-0.826449326610227,0.8564453987979962
-0.1695973451852473,0.33919555602436124,-0.16959734518542433,0.5227418174539249,-0.7202735566877235,-0.2916262478658229,0.6806374920047996,-0.7202694946285492,-0.6389020118624833,-0.026038432137144657,-0.029524576668445032,0.08152412555659241,0.6389055463161794,-0.08152051484627634,0.13676064136588606,-0.1367655249234783,-0.351873833003931,0.2993183640613228,0.4033391436146701,0.40333641913241935,-0.403337415731439,0.11184057924238867,0.08499395471675271,-0.11184264809490696,-0.12692825770221022,0.9999999974425566,0.2510558555453916,0.16863364018780103,-0.2100352881170681,0.21003895444437357,0.5951868946534222,-0.5496299091510712,0.1915936068919632,-0.2458358600913412,-0.1915901112767854,0.5023714126784385,-0.45355740825403434,0.4033364191324242
-0.49787205232857434,0.9957453734980057,-0.4978720523285699,0.9564292225420663,-0.8523013570882134,-0.9991161559340693,-0.5382754616805019,0.49064880330743776,0.5842463287793616,0.9611065919468567,-0.9749637008225136,-0.9442829075495398,-0.5842409870443203,0.9442821197848604,-0.9245440618631833,0.9245434163334718,0.8177342459206102,-0.8484568417090854,-0.7844843722395487,-0.7844763656115163,0.7844786595626388,-0.9338250403000942,0.985811856790666,0.9338224943753078,-0.9920148880703374,0.2510558555453916,1.0000000050782127,0.9964533279657718,-0.9991185278601094,0.9991195387685252,-0.628423439016432,0.6706641362386975,-0.9019453433795538,0.8765563805862296,0.9019468353070836,-0.7108369303968132,0.7488165093219518,-0.7844763656115178
-0.4922214741082916,0.9844441649412993,-0.49222147410827227,0.9284376255729416,-0.805216863568882,-0.9920164595053055,-0.607346898658536,0.5622976930406415,0.6505270455981438,0.9809525273490899,-0.9902283040929285,-0.9686491839978232,-0.6505219137035795,0.9686480676394045,-0.9533556741726397,0.9533554417766559,0.8633101527893476,-0.890021614046166,-0.8339303257497895,-0.8339219355982445,0.8339243582280417,-0.9606380038988118,0.9964482365281037,0.9606355914251432,-0.9991152161157691,0.16863364018780103,0.9964533279657718,1.00000000461028,-0.999117879289672,0.999118578462829,-0.691708367313886,0.7307575861541427,-0.9351148649838049,0.9139813726806137,0.9351160800302556,-0.7675530200592224,0.8019797691122129,-0.8339219355982461
0.49548777149736806,-0.9909767868864344,0.49548777149735423,-0.9432737586884562,0.8294990968645377,0.9964533142549653,0.5733180612371362,-0.5269387572819485,-0.6179333806785059,-0.9718932011736483,0.9834701481045534,0.957316517547193,0.6179281391917898,-0.9573155646526883,0.9397845445760408,-0.9397841052038003,-0.8412684884932209,0.8700112651191593,0.809925583466303,0.8099173777944961,-0.8099197381788282,0.9480736620000259,-0.9920119987086311,-0.948071180587438,0.9964514183490744,-0.2100352881170681,-0.9991185278601094,-0.999117879289672,1.0000000059553635,-1.0000079898567353,0.6606507299857056,-0.7013320189985373,0.9193464043155669,-0.8960642751190238,-0.9193477590200813,0.739850548517951,-0.7760861050986972,0.8099173777944979
-0.4954881396717506,0.9909775232378989,-0.4954881396717384,0.9432752155543249,-0.829501363582816,-0.9964538676703423,-0.5733151707446305,0.5269357424710879,0.6179306234306922,0.9718925666693423,-0.9834697173646706,-0.9573156812253268,-0.617925381933519,0.9573147283448725,-0.9397835090091526,0.9397830696186802,0.8412666936630526,-0.8700096532110932,-0.809923611271288,-0.8099154056141917,0.8099177659934833,-0.9480727161135717,0.9920117730529313,0.9480702346946069,-0.9964513488480917,0.21003895444437357,0.9991195387685252,0.999118578462829,-1.0000079898567353,1.0000000063014127,-0.6606481145166813,0.7013295533975057,-0.9193451726327451,0.8960628511227516,0.9193465273498754,-0.7398482404131426,0.7760839616324446,-0.8099154056141943
0.2770276549603931,-0.5540556676274946,0.2770276549602387,-0.3739173463360988,0.128735068298575,0.5950815849679678,0.9938250847398561,-0.9861360522610769,-0.9984490397689502,-0.8188047359480712,0.7856575683029481,0.8494270159361996,0.9984480579556493,-0.8494234603592682,0.8774289808101104,-0.8774323693782496,-0.9616256340301099,0.9448965397794232,0.9753806024625067,0.9753717661923424,-0.9753744714341339,0.8651077832071187,-0.7500877063929324,-0.8651073322151226,0.7215385093816621,0.5951868946534222,-0.628423439016432,-0.691708367313886,0.6606507299857056,-0.6606481145166813,0.999999995901496,-0.998450540425339,0.9027324741329652,-0.9252448942689683,-0.9027309035854686,0.9938240030730534,-0.9861260968228859,0.9753717661923476
-0.2997218783367847,0.5994441883859701,-0.2997218783366388,0.4248602809456892,-0.18362345222882623,-0.6388064337537961,-0.9861307441109414,0.9753975372383836,0.9938234959895508,0.8494299527263717,-0.8188110410069808,-0.8774293342519828,-0.9938215943100612,0.8774258874692812,-0.9027218594610874,0.9027250446330013,0.9753826219363719,-0.961624047284035,-0.9861246529220536,-0.9861156550649695,0.9861183985442414,-0.8916353840229722,0.7856670224127464,0.8916347721578819,-0.7588860522154497,-0.5496299091510712,0.6706641362386975,0.7307575861541427,-0.7013320189985373,0.7013295533975057,-0.998450540425339,0.9999999972707905,-0.9252369481937671,0.9448912696827642,0.9252355570931381,-0.9984520071758111,0.9938242373472939,-0.9861156550649747
0.4291497446738963,-0.8583003896709397,0.42914974467381356,-0.7365462361188921,0.5428364858344684,0.88294197830059,0.8494511802912237,-0.8188424517647276,-0.8774428248557616,-0.9861285922325098,0.9753893886725791,0.9938253499545353,0.8774389855229568,-0.9938229402760351,0.9984551163789462,-0.9984560282521184,-0.986128902598396,0.993832236498089,0.975376664984269,0.9753673311554222,-0.9753701017352857,0.9967473887054328,-0.9616410389075548,-0.996745730288176,0.9492214865794948,0.1915936068919632,-0.9019453433795538,-0.9351148649838049,0.9193464043155669,-0.9193451726327451,0.9027324741329652,-0.9252369481937671,1.0000000036171912,-0.9984617172891361,-1.0000044181065344,0.9448855438394481,-0.9616163407596344,0.9753673311554242
-0.41423060201551243,0.828462044189854,-0.4142306020154214,0.6978247147246437,-0.4953314781142455,-0.8554915217190824,-0.8774616528630476,0.8494760187991336,0.9027435722055832,0.975384652451952,-0.961632735579665,-0.9861274420985854,-0.902739980549918,0.9861248578498536,-0.9938271329759475,0.9938289148598012,0.9938325545729411,-0.9984643353879722,-0.986127312838643,-0.986117940403652,0.986120733080324,-0.9907296822763001,0.9449142568700298,0.990728161539405,-0.9302744176937148,-0.2458358600913412,0.8765563805862296,0.9139813726806137,-0.8960642751190238,0.8960628511227516,-0.9252448942689683,0.9448912696827642,-0.9984617172891361,1.0000000069050796,0.9984620855207081,-0.9616208177740614,0.9753806515765648,-0.986117940403656
-0.42915063603777676,0.8583021724012567,-0.42915063603768927,0.7365486044680688,-0.5428394438971197,-0.8829436047855421,-0.8494492659985905,0.8188403742267587,0.8774410797267033,0.9861291356454602,-0.9753901262532737,-0.9938256975119678,-0.8774372403784784,0.9938232878464662,-0.998455266997369,0.9984567912619182,0.9861282666486499,-0.9938317957507531,-0.9753758358058876,-0.9753665019833051,0.9753692725607402,-0.9967476284257424,0.9616419683716081,0.9967459699980754,-0.9492225597941827,-0.1915901112767854,0.9019468353070836,0.9351160800302556,-0.9193477590200813,0.9193465273498754,-0.9027309035854686,0.9252355570931381,-1.0000044181065344,0.9984620855207081,1.0000000035504453,-0.9448843364971498,0.9616153209186035,-0.9753665019833081
0.3214922731840645,-0.6429850507591639,0.32149227318392665,-0.4744952671375486,0.23794933268262408,0.6805619045276852,0.9753898802910067,-0.9616453925529774,-0.986127316199027,-0.8774341256471443,0.8494382572082039,0.902723904293003,0.986125112908821,-0.9027205769597678,0.9252286387697971,-0.9252316106903318,-0.9861281040578009,0.9753827972023537,0.9938237630245583,0.9938146313588888,-0.993817404605033,0.9154112331274383,-0.8188226599166273,-0.9154104622649503,0.7938927851352752,0.5023714126784385,-0.7108369303968132,-0.7675530200592224,0.739850548517951,-0.7398482404131426,0.9938240030730534,-0.9984520071758111,0.9448855438394481,-0.9616208177740614,-0.9448843364971498,0.9999999983610941,-0.9984527849682235,0.9938146313588934
-0.34227099768291475,0.6845425708824876,-0.34227099768278224,0.5226679029020957,-0.29154401223080867,-0.720217809698221,-0.9616347683923565,0.9449212447926418,0.9753839360414138,0.9027294976769061,-0.8774433562159815,-0.9252313439294885,-0.9753814379256635,0.9252281463341872,-0.9448785568819197,0.9448813063539796,0.9938277221767042,-0.986129099509488,-0.9984523998132928,-0.9984437749498642,0.9984465693970003,-0.9363606440571531,0.849450950711066,0.9363597165667714,-0.826449326610227,-0.45355740825403434,0.7488165093219518,0.8019797691122129,-0.7760861050986972,0.7760839616324446,-0.9861260968228859,0.9938242373472939,-0.9616163407596344,0.9753806515765648,0.9616153209186035,-0.9984527849682235,0.9999999986965451,-0.9984437749498678
0.3619895092516773,-0.7239796633652547,0.3619895092515531,-0.5692219733900131,0.34423657505948313,0.7576426708418836,0.9448989731573899,-0.9252681326794766,-0.9616173418907069,-0.9252277964846799,0.9027298220650847,0.9448718973093081,0.9616145566840734,-0.9448688393639455,0.9616006209580963,-0.9616031394542741,-0.9984474609211763,0.9938194640542595,0.999987964715603,0.9999786504633759,-0.999980845043814,0.9544086347374264,-0.8774474333786889,-0.9544075534904414,0.8564453987979962,0.4033364191324242,-0.7844763656115178,-0.8339219355982461,0.8099173777944979,-0.8099154056141943,0.9753717661923476,-0.9861156550649747,0.9753673311554242,-0.986117940403656,-0.9753665019833081,0.9938146313588934,-0.9984437749498678,0.9999999847902677
