1.0000000041897734,-0.8846546506931724,-0.8846472826648742,-0.11535122643485902,1.0000055270143742,0.5651971916326739,0.8846392277773174,-0.8846400752003444,-0.8846386428759345,0.8846419007669017,0.8846388226221311,-0.884637926945438,0.8846387728951197,0.8846373437690115,-0.8846398183038584,-0.8846383892889835,-0.8846380150118754,0.88463890139674,-0.8846380150118758,0.5652002413365032,-0.8846463975954642,-0.5652077074879401,0.5652147493745291,-0.5652209106090729,0.5652260126358197,-0.5652276082911477,-0.5652276082911472
-0.8846546506931724,1.0000000107279854,0.5652002480035079,-0.3611099160166339,-0.8846537378479339,-0.11535129801679059,-0.5651862989066446,0.565187530736988,0.5651855438348031,-0.5651904960723256,-0.5651858891423314,0.5651841173646327,-0.5651853758522465,-0.565183341540185,0.5651869641523942,0.5651851737037348,0.5651843689961892,-0.5651853493354425,0.5651843689961905,-0.1153553352622113,0.5651976994576634,0.11536548520248228,-0.11537491822372901,0.11538325359418931,-0.11539008997286115,0.11539271918728189,0.11539271918728079
-0.8846472826648742,0.5652002480035079,1.0000000004233902,0.565199300352218,-0.8846483196473749,-0.8846462088958171,-0.9999989223125119,0.9999991964213772,0.9999986390631632,-0.9999994782922527,-0.9999986137305981,0.9999987876212555,-0.9999990331594525,-0.9999985278243718,0.9999993034177829,0.9999985577813659,0.9999986939243587,-0.9999992857713466,0.9999986939243596,-0.8846483033859687,1.000000273125272,0.8846514157184214,-0.8846544895134589,0.8846570959549752,-0.8846593186118438,0.8846595233444321,0.8846595233444314
-0.11535122643485902,-0.3611099160166339,0.565199300352218,1.0000000062300083,-0.11535251715409553,-0.8846504134056424,-0.565211323015756,0.5652104049388135,0.5652117552612972,-0.565207765018038,-0.5652113836152318,0.5652133470044267,-0.5652123700613558,-0.5652138264812678,0.5652110905371331,0.5652120340824628,0.5652129889420747,-0.5652126815776249,0.5652129889420745,-0.8846479554046639,0.5652014755157075,0.8846421484256016,-0.8846362843131256,0.8846309770710823,-0.88462671921357,0.884624341461,0.8846243414610017
1.0000055270143742,-0.8846537378479339,-0.8846483196473749,-0.11535251715409553,1.000000003743759,0.5651980883199068,0.8846398203699217,-0.8846406488237886,-0.8846392447779486,0.8846424212263244,0.8846394201771539,-0.8846385653540569,0.8846393899806012,0.8846379926971057,-0.8846404076243698,-0.8846390014567186,-0.8846386454674818,0.8846395222837172,-0.8846386454674834,0.5652011158374844,-0.8846460660916555,-0.5652085060927444,0.5652154797579203,-0.5652215839314759,0.5652266429722057,-0.5652282220162561,-0.5652282220162551
0.5651971916326739,-0.11535129801679059,-0.8846462088958171,-0.8846504134056424,0.5651980883199068,1.0000000017682762,0.8846527225429175,-0.8846523625469832,-0.8846528048478782,0.8846510411629485,0.8846525813120757,-0.8846537805363187,0.884653371634707,0.8846539025271946,-0.8846528071591219,-0.8846529141974894,-0.884653526997194,0.8846536896642708,-0.8846535269971947,1.0000018639200332,-0.884647963629224,-0.9999999435783388,0.9999983758142195,-0.9999968569619407,0.9999957121610153,-0.9999944864401278,-0.9999944864401289
0.8846392277773174,-0.5651862989066446,-0.9999989223125119,-0.565211323015756,0.8846398203699217,0.8846527225429175,0.9999999996554565,-0.9999989113614084,-0.9999985931838938,0.9999994822747191,0.9999992483246782,-0.9999997536675764,0.9999998218696897,0.9999995835716967,-0.9999998671575646,-0.9999993107563419,-0.9999996000609186,1.0000001056904229,-0.9999996000609188,0.8846538396716163,-0.9999992189378413,-0.8846560461787087,0.8846583007104678,-0.8846602124156381,0.8846618979289775,-0.8846619119148759,-0.884661911914876
-0.8846400752003444,0.565187530736988,0.9999991964213772,0.5652104049388135,-0.8846406488237886,-0.8846523625469832,-0.9999989113614084,0.9999999998280968,0.9999994241532663,-0.9999989175409094,-0.9999986393499691,0.9999998428782618,-0.9999999235383109,-0.999999666468576,0.9999999845972568,0.9999994149067558,0.9999996934457128,-1.000000205168848,0.9999996934457133,-0.884653498019558,0.9999994498062862,0.8846557696399548,-0.8846580830786582,0.8846600447712183,-0.8846617689838013,0.8846617966499992,0.8846617966499986
-0.8846386428759345,0.5651855438348031,0.9999986390631632,0.5652117552612972,-0.8846392447779486,-0.8846528048478782,-0.9999985931838938,0.9999994241532663,0.9999999993673583,-0.9999992583315155,-0.9999990467344995,0.9999995638102301,-0.9999996257086425,-0.9999993969158345,0.9999996630348602,0.9999991133557078,0.9999994081106007,-0.9999999106358731,0.9999994081106018,-0.8846539124774749,0.9999989575500626,0.8846560851900311,-0.8846583091437894,0.8846601948843862,-0.8846618602694987,0.8846618671747164,0.8846618671747173
0.8846419007669017,-0.5651904960723256,-0.9999994782922527,-0.565207765018038,0.8846424212263244,0.8846510411629485,0.9999994822747191,-0.9999989175409094,-0.9999992583315155,0.9999999997151876,0.9999992027600252,-0.9999996215991168,0.9999997360961601,0.9999994280789342,-0.9999991186723468,-0.9999992342976629,-0.9999994836130666,1.000000011768387,-0.999999483613067,0.8846522252014107,-0.9999988926993766,-0.884654668828281,0.8846571378469924,-0.8846592314640936,0.8846610576548798,-0.8846611215676776,-0.8846611215676768
0.8846388226221311,-0.5651858891423314,-0.9999986137305981,-0.5652113836152318,0.8846394201771539,0.8846525813120757,0.9999992483246782,-0.9999986393499691,-0.9999990467344995,0.9999992027600252,0.9999999992710652,-0.9999994908421034,0.999999555973107,0.9999993222967172,-0.9999995973559117,-0.999998322808872,-0.999999336189003,0.9999998403359518,-0.9999993361890037,0.884653694113022,-0.9999989210475656,-0.8846558853429259,0.8846581260484627,-0.8846600260311983,0.8846617024917903,-0.884661713244286,-0.8846617132442849
-0.884637926945438,0.5651841173646327,0.9999987876212555,0.5652133470044267,-0.8846385653540569,-0.8846537805363187,-0.9999997536675764,0.9999998428782618,0.9999995638102301,-0.9999996215991168,-0.9999994908421034,1.0000000000364273,-0.9999993682100525,-0.9999991735816861,1.0000000980968398,0.9999995726503547,0.9999998870050992,-1.0000003785646072,0.9999998870051007,-0.8846548561901877,0.9999991850409453,0.8846569158958983,-0.8846590376390413,0.8846608367530591,-0.8846624352516591,0.8846624182805307,0.8846624182805304
0.8846387728951197,-0.5651853758522465,-0.9999990331594525,-0.5652123700613558,0.8846393899806012,0.884653371634707,0.9999998218696897,-0.9999999235383109,-0.9999996257086425,0.9999997360961601,0.999999555973107,-0.9999993682100525,1.0000000001023501,0.9999999271618195,-0.9999994473666955,-0.9999989070955443,-0.9999999308667944,1.0000004292121587,-0.9999999308667952,0.8846544676327137,-0.9999993823305379,-0.8846565995101615,0.8846587865473089,-0.8846606410618516,0.8846622824369081,-0.8846622806419606,-0.8846622806419605
0.8846373437690115,-0.565183341540185,-0.9999985278243718,-0.5652138264812678,0.8846379926971057,0.8846539025271946,0.9999995835716967,-0.999999666468576,-0.9999993969158345,0.9999994280789342,0.9999993222967172,-0.9999991735816861,0.9999999271618195,0.9999999998168044,-0.999999926726418,-0.9999994087872798,-0.999999729227425,1.0000002173290545,-0.9999997292274262,0.8846549676645347,-0.9999989496688847,-0.8846569899827119,0.8846590778964557,-0.8846608482904946,0.8846624245350321,-0.884662399721232,-0.884662399721231
-0.8846398183038584,0.5651869641523942,0.9999993034177829,0.5652110905371331,-0.8846404076243698,-0.8846528071591219,-0.9999998671575646,0.9999999845972568,0.9999996630348602,-0.9999991186723468,-0.9999995973559117,1.0000000980968398,-0.9999994473666955,-0.999999926726418,1.0000000001555096,0.9999996581447372,0.9999999452912922,-0.9999997307528286,0.9999999452912929,-0.8846539283410143,0.999999591433878,0.8846561493742695,-0.884658417051627,0.8846603399391257,-0.8846620341563932,0.8846620511569847,0.8846620511569848
-0.8846383892889835,0.5651851737037348,0.9999985577813659,0.5652120340824628,-0.8846390014567186,-0.8846529141974894,-0.9999993107563419,0.9999994149067558,0.9999991133557078,-0.9999992342976629,-0.999998322808872,0.9999995726503547,-0.9999989070955443,-0.9999994087872798,0.9999996581447372,0.9999999993677048,0.9999994148604859,-0.9999999145137358,0.9999994148604868,-0.8846540137430299,0.9999988972794716,0.8846561580540822,-0.8846583563199105,0.8846602203176758,-0.8846618689665002,0.8846618698263928,0.8846618698263915
-0.8846380150118754,0.5651843689961892,0.9999986939243587,0.5652129889420747,-0.8846386454674818,-0.884653526997194,-0.9999996000609186,0.9999996934457128,0.9999994081106007,-0.9999994836130666,-0.999999336189003,0.9999998870050992,-0.9999999308667944,-0.999999729227425,0.9999999452912922,0.9999994148604859,0.9999999998039153,-0.9999994975484094,0.9999997251919264,-0.8846546088734111,0.9999990750994494,0.8846566904526015,-0.8846588319669288,0.8846606478071152,-0.884662259173997,0.8846622468539063,0.8846622468539059
0.88463890139674,-0.5651853493354425,-0.9999992857713466,-0.5652126815776249,0.8846395222837172,0.8846536896642708,1.0000001056904229,-1.000000205168848,-0.9999999106358731,1.000000011768387,0.9999998403359518,-1.0000003785646072,1.0000004292121587,1.0000002173290545,-0.9999997307528286,-0.9999999145137358,-0.9999994975484094,1.0000000005121823,-0.9999994975484057,0.8846547821417515,-0.9999996434250003,-0.8846569015234296,0.8846590772638644,-0.884660922201057,0.8846625561717057,-0.8846625517490665,-0.8846625517490645
-0.8846380150118758,0.5651843689961905,0.9999986939243596,0.5652129889420745,-0.8846386454674834,-0.8846535269971947,-0.9999996000609188,0.9999996934457133,0.9999994081106018,-0.999999483613067,-0.9999993361890037,0.9999998870051007,-0.9999999308667952,-0.9999997292274262,0.9999999452912929,0.9999994148604868,0.9999997251919264,-0.9999994975484057,0.9999999998039153,-0.8846546088734111,0.9999990750994511,0.8846566904526022,-0.8846588319669285,0.8846606478071162,-0.8846622591739977,0.8846622468539066,0.8846622468539063
0.5652002413365032,-0.1153553352622113,-0.8846483033859687,-0.8846479554046639,0.5652011158374844,1.0000018639200332,0.8846538396716163,-0.884653498019558,-0.8846539124774749,0.8846522252014107,0.884653694113022,-0.8846548561901877,0.8846544676327137,0.8846549676645347,-0.8846539283410143,-0.8846540137430299,-0.8846546088734111,0.8846547821417515,-0.8846546088734111,1.0000000009221308,-0.8846485445745845,-0.9999987805709374,0.9999980541056903,-0.9999966374937201,0.9999955726887493,-0.9999943741584978,-0.9999943741584987
-0.8846463975954642,0.5651976994576634,1.000000273125272,0.5652014755157075,-0.8846460660916555,-0.884647963629224,-0.9999992189378413,0.9999994498062862,0.9999989575500626,-0.9999988926993766,-0.9999989210475656,0.9999991850409453,-0.9999993823305379,-0.9999989496688847,0.999999591433878,0.9999988972794716,0.9999990750994494,-0.9999996434250003,0.9999990750994511,-0.8846485445745845,1.000000000086802,0.8846521288711243,-0.8846549770414465,0.8846573921018945,-0.8846594667060895,0.8846596189717028,0.8846596189717028
-0.5652077074879401,0.11536548520248228,0.8846514157184214,0.8846421484256016,-0.5652085060927444,-0.9999999435783388,-0.8846560461787087,0.8846557696399548,0.8846560851900311,-0.884654668828281,-0.8846558853429259,0.8846569158958983,-0.8846565995101615,-0.8846569899827119,0.8846561493742695,0.8846561580540822,0.8846566904526015,-0.8846569015234296,0.8846566904526022,-0.9999987805709374,0.8846521288711243,0.9999999987091861,-0.9999964594260872,0.9999961355280513,-0.9999953615107313,0.9999942616284665,0.9999942616284669
0.5652147493745291,-0.11537491822372901,-0.8846544895134589,-0.8846362843131256,0.5652154797579203,0.9999983758142195,0.8846583007104678,-0.8846580830786582,-0.8846583091437894,0.8846571378469924,0.8846581260484627,-0.8846590376390413,0.8846587865473089,0.8846590778964557,-0.884658417051627,-0.8846583563199105,-0.8846588319669288,0.8846590772638644,-0.8846588319669285,0.9999980541056903,-0.8846549770414465,-0.9999964594260872,0.9999999975433304,-0.9999951319553338,0.9999953429228433,-0.999994332409842,-0.9999943324098417
-0.5652209106090729,0.11538325359418931,0.8846570959549752,0.8846309770710823,-0.5652215839314759,-0.9999968569619407,-0.8846602124156381,0.8846600447712183,0.8846601948843862,-0.8846592314640936,-0.8846600260311983,0.8846608367530591,-0.8846606410618516,-0.8846608482904946,0.8846603399391257,0.8846602203176758,0.8846606478071152,-0.884660922201057,0.8846606478071162,-0.9999966374937201,0.8846573921018945,0.9999961355280513,-0.9999951319553338,0.9999999967358666,-0.9999944249640574,0.9999942120983175,0.9999942120983172
0.5652260126358197,-0.11539008997286115,-0.8846593186118438,-0.88462671921357,0.5652266429722057,0.9999957121610153,0.8846618979289775,-0.8846617689838013,-0.8846618602694987,0.8846610576548798,0.8846617024917903,-0.8846624352516591,0.8846622824369081,0.8846624245350321,-0.8846620341563932,-0.8846618689665002,-0.884662259173997,0.8846625561717057,-0.8846622591739977,0.9999955726887493,-0.8846594667060895,-0.9999953615107313,0.9999953429228433,-0.9999944249640574,0.999999996454375,-0.9999934412240886,-0.9999934412240952
-0.5652276082911477,0.11539271918728189,0.8846595233444321,0.884624341461,-0.5652282220162561,-0.9999944864401278,-0.8846619119148759,0.8846617966499992,0.8846618671747164,-0.8846611215676776,-0.884661713244286,0.8846624182805307,-0.8846622806419606,-0.884662399721232,0.8846620511569847,0.8846618698263928,0.8846622468539063,-0.8846625517490665,0.8846622468539066,-0.9999943741584978,0.8846596189717028,0.9999942616284665,-0.999994332409842,0.9999942120983175,-0.9999934412240886,0.9999999952187032,0.9999933082772761
-0.5652276082911472,0.11539271918728079,0.8846595233444314,0.8846243414610017,-0.5652282220162551,-0.9999944864401289,-0.884661911914876,0.8846617966499986,0.8846618671747173,-0.8846611215676768,-0.8846617132442849,0.8846624182805304,-0.8846622806419605,-0.884662399721231,0.8846620511569848,0.8846618698263915,0.8846622468539059,-0.8846625517490645,0.8846622468539063,-0.9999943741584987,0.8846596189717028,0.9999942616284669,-0.9999943324098417,0.9999942120983172,-0.9999934412240952,0.9999933082772761,0.9999999952187032
