0.9999999993057096,-0.9999990590808557,0.999999143484216,0.999998931145441,0.9999990263568325,-0.9999990839725093,0.999998931145434,-0.9999994669172616,0.9999993603113869,-0.9999991925309387,-0.9999992664326462,0.999999163268982,-0.9999992928918031,0.9999991632689792,0.9999993899178835,-0.9999997188379829,0.999999829401049,-0.9999997188379814,-0.9999998194847264,-0.9999988475015921,0.9999989545939304,-0.9999988475015915,-0.9999989591315123,0.999999722546969,-0.9999996518893143,-0.9999998379317899,0.9999997309236577,0.9999998714503403,0.9999997668908325,-0.9999998185221076,-0.999999785209921,0.9999990595261296,-0.9999989707332335,0.9999997530014723
-0.9999990590808557,0.9999999993878537,-0.9999991761350672,-0.9999989638692711,-0.9999990839724974,0.9999991415524961,-0.9999989887609135,0.999999524373928,-0.9999994177497646,0.9999992500225448,0.9999993238456492,-0.9999992207160513,0.9999993503127246,-0.9999992207160494,-0.9999994473330118,0.9999997765231357,-0.9999998870402205,0.9999997765231339,0.9999998770570214,0.9999989052522656,-0.999999012298289,0.9999989052522645,0.9999990167687065,-0.9999997800148367,0.9999997093251952,0.9999998954220491,-0.9999997883836779,-0.9999999289422133,-0.9999998244298179,0.9999998760014498,0.9999998427409298,-0.9999991169463991,0.9999990281703468,-0.9999998105597546
0.999999143484216,-0.9999991761350672,0.9999999994726323,0.9999990482754536,0.9999991434842127,-0.9999991761350804,0.9999990482754452,-0.9999995836541076,0.9999994770209074,-0.9999992844607664,-0.9999993830906431,0.9999992800174226,-0.9999994095891923,0.9999992800174214,0.9999995065803023,-0.9999998361695894,0.9999999466325635,-0.9999998361695869,-0.9999999365307618,-0.9999989649851996,0.9999990719768966,-0.9999989649851978,-0.9999990763316433,0.9999998393037717,-0.9999997685851012,-0.9999999547568998,0.999999847663958,0.9999999882810706,0.9999998838323272,-0.9999999353109373,-0.9999999021307009,0.9999991762053503,-0.9999990874540556,0.9999998699949012
0.999998931145441,-0.9999989638692711,0.9999990482754536,0.9999999991699223,0.9999989311454375,-0.9999989887609287,0.9999988359344395,-0.9999993717058241,0.9999992650972475,-0.9999990973227006,-0.9999991712115329,0.9999990680326734,-0.99999919765737,0.9999990680326709,0.9999992946962907,-0.9999996236018754,0.9999997341672896,-0.9999996236018734,-0.9999997242622831,-0.9999987522750078,0.9999988593692429,-0.9999987522750065,-0.9999988390241675,0.9999996273379139,-0.9999995566753432,-0.9999997427198011,0.9999996357137942,0.9999997762384991,0.9999996716756786,-0.999999723312108,-0.9999996899959546,0.9999989642981729,-0.9999988755010376,0.9999996577838188
0.9999990263568325,-0.9999990839724974,0.9999991434842127,0.9999989311454375,0.9999999993057096,-0.9999990590808533,0.9999989311454291,-0.9999994669172584,0.9999993603113834,-0.9999991925309338,-0.9999992664326425,0.9999991632689773,-0.9999992928917992,0.9999991632689752,0.9999993899178793,-0.9999997188379793,0.9999998294010441,-0.9999997188379782,-0.9999998194847217,-0.9999988475015885,0.9999989545939258,-0.999998847501588,-0.9999989591315079,0.9999997225469659,-0.9999996518893105,-0.999999837931786,0.9999997309236558,0.999999871450336,0.9999997668908281,-0.9999998185221026,-0.9999997852099186,0.999999059526126,-0.999998970733229,0.99999975300147
-0.9999990839725093,0.9999991415524961,-0.9999991761350804,-0.9999989887609287,-0.9999990590808533,0.9999999993878537,-0.9999989638692687,0.9999995243739364,-0.999999417749773,0.999999250022551,0.9999993238456559,-0.9999992207160581,0.9999993503127315,-0.9999992207160576,-0.99999944733302,0.9999997765231439,-0.9999998870402282,0.9999997765231424,0.9999998770570295,0.9999989052522719,-0.999999012298297,0.9999989052522728,0.9999990167687159,-0.9999997800148439,0.999999709325203,0.9999998954220563,-0.9999997883836863,-0.9999999289422214,-0.9999998244298249,0.9999998760014569,0.9999998427409382,-0.999999116946407,0.9999990281703552,-0.999999810559762
0.999998931145434,-0.9999989887609135,0.9999990482754452,0.9999988359344395,0.9999989311454291,-0.9999989638692687,0.9999999991699223,-0.9999993717058179,0.9999992650972397,-0.999999097322693,-0.9999991712115238,0.999999068032665,-0.9999991976573631,0.9999990680326623,0.9999992946962822,-0.9999996236018668,0.9999997341672796,-0.9999996236018659,-0.9999997242622756,-0.9999987522749991,0.9999988593692357,-0.9999987522749978,-0.9999988390241612,0.9999996273379064,-0.9999995566753351,-0.9999997427197941,0.9999996357137863,0.9999997762384905,0.9999996716756707,-0.9999997233120984,-0.9999996899959467,0.9999989642981639,-0.9999988755010293,0.9999996577838115
-0.9999994669172616,0.999999524373928,-0.9999995836541076,-0.9999993717058241,-0.9999994669172584,0.9999995243739364,-0.9999993717058179,0.9999999999333842,-0.9999997750371288,0.999999632373382,0.9999997059542801,-0.9999996030408522,0.9999997325527117,-0.9999996030408514,-0.9999998294480942,1.000000159943929,-1.000000270283079,1.000000159943929,1.0000002598929716,0.9999992889351516,-0.9999993958029244,0.999999288935152,0.9999993998796112,-1.0000001622303718,1.0000000914606142,1.0000002777907464,-1.0000001705759431,-1.000000311325357,-1.000000207019828,1.0000002582875065,1.0000002252898685,-0.9999994991174079,0.9999994104335013,-1.000000193260788
0.9999993603113869,-0.9999994177497646,0.9999994770209074,0.9999992650972475,0.9999993603113834,-0.999999417749773,0.9999992650972397,-0.9999997750371288,0.99999999978127,-0.999999500839583,-0.9999995743837621,0.9999994963702524,-0.9999996258673729,0.9999994963702495,0.9999997227702137,-1.0000000533416469,1.00000016366078,-1.000000053341645,-1.0000001532611789,-0.9999991823564066,0.999999289203863,-0.999999182356406,-0.9999992932691342,1.0000000555844162,-0.9999999847969051,-1.0000001711445632,1.0000000639266882,1.0000002046790408,1.0000001003893497,-1.0000001516432697,-1.0000001186579306,0.9999993924398877,-0.9999993037616464,1.0000000866339058
-0.9999991925309387,0.9999992500225448,-0.9999992844607664,-0.9999990973227006,-0.9999991925309338,0.999999250022551,-0.999999097322693,0.999999632373382,-0.999999500839583,0.9999999995422969,0.9999994317688624,-0.9999993287852595,0.9999994583242481,-0.9999993287852562,-0.9999995552608044,0.9999998854235158,-0.9999999958126417,0.9999998854235149,0.9999999855300119,0.9999990143580348,-0.9999991212755455,0.9999990143580348,0.9999991254549662,-0.9999998880252604,0.9999998172735078,1.0000000035487233,-0.9999998963756657,-1.000000037080064,-0.9999999327195374,0.9999999840645984,0.9999999510001809,-0.9999992249085995,0.9999991361961931,-0.9999999189314359
-0.9999992664326462,0.9999993238456492,-0.9999993830906431,-0.9999991712115329,-0.9999992664326425,0.9999993238456559,-0.9999991712115238,0.9999997059542801,-0.9999995743837621,0.9999994317688624,0.9999999996472212,-0.999999402412681,0.9999995318901346,-0.9999994024126786,-0.9999996038818587,0.9999999595218807,-1.0000000698101605,0.9999999595218797,1.000000059356831,0.9999990885730737,-0.9999991953893758,0.999999088573073,0.9999991994016426,-0.9999999616043617,0.9999998908032076,1.0000000771803517,-0.9999999699446851,-1.0000001107170748,-1.000000006456524,1.0000000576729786,1.0000000247209937,-0.9999992735650667,0.9999992097964774,-0.9999999927162493
0.999999163268982,-0.9999992207160513,0.9999992800174226,0.9999990680326734,0.9999991632689773,-0.9999992207160581,0.999999068032665,-0.9999996030408522,0.9999994963702524,-0.9999993287852595,-0.999999402412681,0.9999999995005008,-0.9999994041293006,0.9999992995234771,0.9999995259044245,-0.9999998562512185,0.9999999665921131,-0.9999998562512182,-0.9999999562398038,-0.9999989851995164,0.9999990920685969,-0.9999989851995164,-0.9999990961810798,0.9999998586596194,-0.9999997879013499,-0.9999999741914695,0.9999998670144966,1.0000000077262738,0.9999999033990864,-0.99999995471172,-0.9999999216782113,0.9999991955946714,-0.9999991069223297,0.9999998896305857
-0.9999992928918031,0.9999993503127246,-0.9999994095891923,-0.99999919765737,-0.9999992928917992,0.9999993503127315,-0.9999991976573631,0.9999997325527117,-0.9999996258673729,0.9999994583242481,0.9999995318901346,-0.9999994041293006,0.9999999996851718,-0.9999994041292971,-0.999999630492098,0.9999999859148997,-1.000000096221747,0.9999999859148972,1.000000085828908,0.9999991149109732,-0.9999992217458364,0.9999991149109729,0.9999992258170869,-0.9999999881839207,0.999999917399511,1.0000001037284536,-0.9999999965320071,-1.0000001372634442,-1.000000032970663,1.000000084242249,1.0000000512438334,-0.9999993250751587,0.999999236412938,-1.0000000192140357
0.9999991632689792,-0.9999992207160494,0.9999992800174214,0.9999990680326709,0.9999991632689752,-0.9999992207160576,0.9999990680326623,-0.9999996030408514,0.9999994963702495,-0.9999993287852562,-0.9999994024126786,0.9999992995234771,-0.9999994041292971,0.9999999995005008,0.9999995259044232,-0.9999998562512158,0.999999966592109,-0.9999998562512147,-0.999999956239803,-0.9999989851995156,0.9999990920685974,-0.9999989851995145,-0.9999990961810781,0.999999858659618,-0.9999997879013478,-0.9999999741914662,0.9999998670144938,1.000000007726272,0.9999999033990851,-0.9999999547117169,-0.9999999216782087,0.9999991955946701,-0.9999991069223286,0.9999998896305828
0.9999993899178835,-0.9999994473330118,0.9999995065803023,0.9999992946962907,0.9999993899178793,-0.99999944733302,0.9999992946962822,-0.9999998294480942,0.9999997227702137,-0.9999995552608044,-0.9999996038818587,0.9999995259044245,-0.999999630492098,0.9999995259044232,0.9999999998233459,-1.0000000829919458,1.0000001932840188,-1.0000000829919429,-1.0000001828362974,-0.9999992120487525,0.9999993188684394,-0.9999992120487529,-0.9999993228850543,1.0000000850932613,-0.999999989403255,-1.0000002006670206,1.0000000934345503,1.0000002342038754,1.0000001299387966,-1.0000001811610864,-1.0000001482043017,0.999999421951475,-0.9999993332902428,1.0000001161970031
-0.9999997188379829,0.9999997765231357,-0.9999998361695894,-0.9999996236018754,-0.9999997188379793,0.9999997765231439,-0.9999996236018668,1.000000159943929,-1.0000000533416469,0.9999998854235158,0.9999999595218807,-0.9999998562512185,0.9999999859148997,-0.9999998562512158,-1.0000000829919458,1.0000000002930336,-1.0000004967244245,1.0000004109374325,1.000000511978035,0.9999995394624365,-0.9999996466681572,0.9999995394624375,0.9999996514699738,-1.000000415498339,1.00000034491533,1.0000005307614428,-1.0000004239020368,-1.0000005642719927,-1.0000004595591456,1.0000005114254926,1.0000004779126532,-0.9999997526012964,0.9999996637664167,-1.0000004455933151
0.999999829401049,-0.9999998870402205,0.9999999466325635,0.9999997341672896,0.9999998294010441,-0.9999998870402282,0.9999997341672796,-1.000000270283079,1.00000016366078,-0.9999999958126417,-1.0000000698101605,0.9999999665921131,-1.000000096221747,0.999999966592109,1.0000001932840188,-1.0000004967244245,1.0000000004508358,-1.000000496724431,-1.000000597601686,-0.9999996502250342,0.9999997573681264,-0.9999996502250342,-0.9999997620704776,1.0000005258558606,-1.0000004552321335,-1.0000006411543323,1.0000005342485838,1.0000006746670211,1.000000570021297,-1.0000006217996469,-1.0000005883624696,0.9999998629013854,-0.9999997740902749,1.000000556083985
-0.9999997188379814,0.9999997765231339,-0.9999998361695869,-0.9999996236018734,-0.9999997188379782,0.9999997765231424,-0.9999996236018659,1.000000159943929,-1.000000053341645,0.9999998854235149,0.9999999595218797,-0.9999998562512182,0.9999999859148972,-0.9999998562512147,-1.0000000829919429,1.0000004109374325,-1.000000496724431,1.0000000002930338,1.0000005119780342,0.9999995394624367,-0.999999646668156,0.9999995394624361,0.9999996514699727,-1.0000004154983373,1.0000003449153294,1.0000005307614412,-1.0000004239020357,-1.0000005642719905,-1.0000004595591434,1.000000511425491,1.0000004779126526,-0.9999997526012947,0.9999996637664156,-1.0000004455933151
-0.9999998194847264,0.9999998770570214,-0.9999999365307618,-0.9999997242622831,-0.9999998194847217,0.9999998770570295,-0.9999997242622756,1.0000002598929716,-1.0000001532611789,0.9999999855300119,1.000000059356831,-0.9999999562398038,1.000000085828908,-0.999999956239803,-1.0000001828362974,1.000000511978035,-1.000000597601686,1.0000005119780342,1.0000000004367744,0.9999996407590004,-0.9999997478009469,0.999999640759,0.9999997522684058,-1.0000005154918443,1.00000044481148,1.000000630889516,-1.0000005238661431,-1.0000006644108559,-1.0000005349992451,1.0000006114781028,1.0000005782056534,-0.9999998524690945,0.9999997637021257,-1.0000005211282244
-0.9999988475015921,0.9999989052522656,-0.9999989649851996,-0.9999987522750078,-0.9999988475015885,0.9999989052522719,-0.9999987522749991,0.9999992889351516,-0.9999991823564066,0.9999990143580348,0.9999990885730737,-0.9999989851995164,0.9999991149109732,-0.9999989851995156,-0.9999992120487525,0.9999995394624365,-0.9999996502250342,0.9999995394624367,0.9999996407590004,0.9999999990500328,-0.999998750207826,0.9999986678071501,0.9999987800748158,-0.9999995445263063,0.9999994739748017,0.9999996597340292,-0.9999995529362333,-0.9999996932376781,-0.9999995884385371,0.9999996404239228,0.9999996068068446,-0.9999988816158948,0.9999987927323714,-0.9999995744257232
0.9999989545939304,-0.999999012298289,0.9999990719768966,0.9999988593692429,0.9999989545939258,-0.999999012298297,0.9999988593692357,-0.9999993958029244,0.999999289203863,-0.9999991212755455,-0.9999991953893758,0.9999990920685969,-0.9999992217458364,0.9999990920685974,0.9999993188684394,-0.9999996466681572,0.9999997573681264,-0.999999646668156,-0.9999997478009469,-0.999998750207826,0.9999999992030051,-0.9999987502078219,-0.9999988623126644,0.9999996514105085,-0.9999995808186017,-0.9999997666534826,0.9999996598096661,0.9999998001593758,0.999999695427166,-0.9999997473248836,-0.9999997137832494,0.9999989884443194,-0.9999988995848882,0.9999996814429443
-0.9999988475015915,0.9999989052522645,-0.9999989649851978,-0.9999987522750065,-0.999998847501588,0.9999989052522728,-0.9999987522749978,0.999999288935152,-0.999999182356406,0.9999990143580348,0.999999088573073,-0.9999989851995164,0.9999991149109729,-0.9999989851995145,-0.9999992120487529,0.9999995394624375,-0.9999996502250342,0.9999995394624361,0.999999640759,0.9999986678071501,-0.9999987502078219,0.9999999990500328,0.9999987800748161,-0.9999995445263066,0.9999994739748023,0.9999996597340276,-0.9999995529362325,-0.9999996932376768,-0.9999995884385368,0.9999996404239222,0.9999996068068449,-0.9999988816158956,0.9999987927323718,-0.9999995744257232
-0.9999989591315123,0.9999990167687065,-0.9999990763316433,-0.9999988390241675,-0.9999989591315079,0.9999990167687159,-0.9999988390241612,0.9999993998796112,-0.9999992932691342,0.9999991254549662,0.9999991994016426,-0.9999990961810798,0.9999992258170869,-0.9999990961810781,-0.9999993228850543,0.9999996514699738,-0.9999997620704776,0.9999996514699727,0.9999997522684058,0.9999987800748158,-0.9999988623126644,0.9999987800748161,0.999999999209795,-0.9999996555068134,0.9999995848601227,0.9999997708449346,-0.9999996638886668,-0.999999804359396,-0.999999699749312,0.9999997514626108,0.9999997180801268,-0.9999989924787058,0.9999989036637679,-0.9999996858296101
0.999999722546969,-0.9999997800148367,0.9999998393037717,0.9999996273379139,0.9999997225469659,-0.9999997800148439,0.9999996273379064,-1.0000001622303718,1.0000000555844162,-0.9999998880252604,-0.9999999616043617,0.9999998586596194,-0.9999999881839207,0.999999858659618,1.0000000850932613,-1.000000415498339,1.0000005258558606,-1.0000004154983373,-1.0000005154918443,-0.9999995445263063,0.9999996514105085,-0.9999995445263066,-0.9999996555068134,1.000000000297974,-1.0000003222111982,-1.000000508527617,1.0000004262132922,1.0000005669545855,1.000000462630381,-1.0000005139195973,-1.0000004809041814,0.9999997547567249,-0.9999996660632652,1.0000004488644574
-0.9999996518893143,0.9999997093251952,-0.9999997685851012,-0.9999995566753432,-0.9999996518893105,0.999999709325203,-0.9999995566753351,1.0000000914606142,-0.9999999847969051,0.9999998172735078,0.9999998908032076,-0.9999997879013499,0.999999917399511,-0.9999997879013478,-0.999999989403255,1.00000034491533,-1.0000004552321335,1.0000003449153294,1.00000044481148,0.9999994739748017,-0.9999995808186017,0.9999994739748023,0.9999995848601227,-1.0000003222111982,1.0000000001970375,1.0000004626723362,-1.000000330553924,-1.0000004962088078,-1.0000003919235314,1.0000004431661778,1.0000004101912672,-0.9999996839689398,0.9999995952941652,-1.000000378173785
-0.9999998379317899,0.9999998954220491,-0.9999999547568998,-0.9999997427198011,-0.999999837931786,0.9999998954220563,-0.9999997427197941,1.0000002777907464,-1.0000001711445632,1.0000000035487233,1.0000000771803517,-0.9999999741914695,1.0000001037284536,-0.9999999741914662,-1.0000002006670206,1.0000005307614428,-1.0000006411543323,1.0000005307614412,1.000000630889516,0.9999996597340292,-0.9999997666534826,0.9999996597340276,0.9999997708449346,-1.000000508527617,1.0000004626723362,1.0000000004627434,-1.0000005417724651,-1.000000657571011,-1.0000005532006153,1.000000629455327,1.0000005963760688,-0.9999998703218801,0.9999997816100453,-1.000000564299408
0.9999997309236577,-0.9999997883836779,0.999999847663958,0.9999996357137942,0.9999997309236558,-0.9999997883836863,0.9999996357137863,-1.0000001705759431,1.0000000639266882,-0.9999998963756657,-0.9999999699446851,0.9999998670144966,-0.9999999965320071,0.9999998670144938,1.0000000934345503,-1.0000004239020368,1.0000005342485838,-1.0000004239020357,-1.0000005238661431,-0.9999995529362333,0.9999996598096661,-0.9999995529362325,-0.9999996638886668,1.0000004262132922,-1.000000330553924,-1.0000005417724651,1.0000000003098781,1.000000575308058,1.0000004709951122,-1.0000004973783687,-1.0000004892668624,0.9999997631018565,-0.9999996744140517,1.0000004572342394
0.9999998714503403,-0.9999999289422133,0.9999999882810706,0.9999997762384991,0.999999871450336,-0.9999999289422214,0.9999997762384905,-1.000000311325357,1.0000002046790408,-1.000000037080064,-1.0000001107170748,1.0000000077262738,-1.0000001372634442,1.000000007726272,1.0000002342038754,-1.0000005642719927,1.0000006746670211,-1.0000005642719905,-1.0000006644108559,-0.9999996932376781,0.9999998001593758,-0.9999996932376768,-0.999999804359396,1.0000005669545855,-1.0000004962088078,-1.000000657571011,1.000000575308058,1.0000000005105645,1.000000611619742,-1.0000006380970439,-1.0000006050125072,0.9999999038583912,-0.9999998151453037,1.0000005978244861
0.9999997668908325,-0.9999998244298179,0.9999998838323272,0.9999996716756786,0.9999997668908281,-0.9999998244298249,0.9999996716756707,-1.000000207019828,1.0000001003893497,-0.9999999327195374,-1.000000006456524,0.9999999033990864,-1.000000032970663,0.9999999033990851,1.0000001299387966,-1.0000004595591456,1.000000570021297,-1.0000004595591434,-1.0000005349992451,-0.9999995884385371,0.999999695427166,-0.9999995884385368,-0.999999699749312,1.000000462630381,-1.0000003919235314,-1.0000005532006153,1.0000004709951122,1.000000611619742,1.000000000361656,-1.0000005586436604,-1.0000005254698696,0.999999799581409,-0.9999997108399996,1.0000004933405875
-0.9999998185221076,0.9999998760014498,-0.9999999353109373,-0.999999723312108,-0.9999998185221026,0.9999998760014569,-0.9999997233120984,1.0000002582875065,-1.0000001516432697,0.9999999840645984,1.0000000576729786,-0.99999995471172,1.000000084242249,-0.9999999547117169,-1.0000001811610864,1.0000005114254926,-1.0000006217996469,1.000000511425491,1.0000006114781028,0.9999996404239228,-0.9999997473248836,0.9999996404239222,0.9999997514626108,-1.0000005139195973,1.0000004431661778,1.000000629455327,-1.0000004973783687,-1.0000006380970439,-1.0000005586436604,1.0000000004349572,1.0000005769216747,-0.9999998508220107,0.9999997621208815,-1.000000544865984
-0.999999785209921,0.9999998427409298,-0.9999999021307009,-0.9999996899959546,-0.9999997852099186,0.9999998427409382,-0.9999996899959467,1.0000002252898685,-1.0000001186579306,0.9999999510001809,1.0000000247209937,-0.9999999216782113,1.0000000512438334,-0.9999999216782087,-1.0000001482043017,1.0000004779126532,-1.0000005883624696,1.0000004779126526,1.0000005782056534,0.9999996068068446,-0.9999997137832494,0.9999996068068449,0.9999997180801268,-1.0000004809041814,1.0000004101912672,1.0000005963760688,-1.0000004892668624,-1.0000006050125072,-1.0000005254698696,1.0000005769216747,1.0000000003877516,-0.9999998178497732,0.9999997291140669,-1.00000048675524
0.9999990595261296,-0.9999991169463991,0.9999991762053503,0.9999989642981729,0.999999059526126,-0.999999116946407,0.9999989642981639,-0.9999994991174079,0.9999993924398877,-0.9999992249085995,-0.9999992735650667,0.9999991955946714,-0.9999993250751587,0.9999991955946701,0.999999421951475,-0.9999997526012964,0.9999998629013854,-0.9999997526012947,-0.9999998524690945,-0.9999988816158948,0.9999989884443194,-0.9999988816158956,-0.9999989924787058,0.9999997547567249,-0.9999996839689398,-0.9999998703218801,0.9999997631018565,0.9999999038583912,0.999999799581409,-0.9999998508220107,-0.9999998178497732,0.9999999993522621,-0.9999989780890938,0.9999997858351112
-0.9999989707332335,0.9999990281703468,-0.9999990874540556,-0.9999988755010376,-0.999998970733229,0.9999990281703552,-0.9999988755010293,0.9999994104335013,-0.9999993037616464,0.9999991361961931,0.9999992097964774,-0.9999991069223297,0.999999236412938,-0.9999991069223286,-0.9999993332902428,0.9999996637664167,-0.9999997740902749,0.9999996637664156,0.9999997637021257,0.9999987927323714,-0.9999988995848882,0.9999987927323718,0.9999989036637679,-0.9999996660632652,0.9999995952941652,0.9999997816100453,-0.9999996744140517,-0.9999998151453037,-0.9999997108399996,0.9999997621208815,0.9999997291140669,-0.9999989780890938,0.9999999992258133,-0.9999996970812075
0.9999997530014723,-0.9999998105597546,0.9999998699949012,0.9999996577838188,0.99999975300147,-0.999999810559762,0.9999996577838115,-1.000000193260788,1.0000000866339058,-0.9999999189314359,-0.9999999927162493,0.9999998896305857,-1.0000000192140357,0.9999998896305828,1.0000001161970031,-1.0000004455933151,1.000000556083985,-1.0000004455933151,-1.0000005211282244,-0.9999995744257232,0.9999996814429443,-0.9999995744257232,-0.9999996858296101,1.0000004488644574,-1.000000378173785,-1.000000564299408,1.0000004572342394,1.0000005978244861,1.0000004933405875,-1.000000544865984,-1.00000048675524,0.9999997858351112,-0.9999996970812075,1.000000000341919
