0.9999999999781171,-0.999999967216923,-0.9999999792721681,0.9999999600178086,-0.9999999630087334,-0.9999999876966498,0.9999999764557441,0.9999999941716403,-0.9999999815130518,-0.9999999959126262,0.9999999822690883,-0.9999999748109948,0.9999999647049349,0.9999999782390382,-0.9999999660715575,-0.9999999922597061,0.999999980433568,-1.00000001044127,0.9999999941854993,1.000000009525071,-0.999999994022899,-1.00000000254647,0.9999999881980521,-0.999999988430794,0.999999982443259,-0.9999999884307936,-0.9999999714832849,0.999999962385021,0.9999999733538232,-0.9999999774884041,0.9999999784782782,-0.9999999925637985,-0.9999999770215997,0.9999999991991707,0.9999999753504274,-1.0000000029576706,-0.9999999741855877,1.0000000026382632,-1.0000000009788965,0.9999999733793044,0.9999999998105622,-0.9999999720770271,-0.9999999990810797,0.999999998854054,0.999999970169063,-1.0000000016316584,-0.9999999721858992,1.000000009909836,-1.0000000191214984
-0.999999967216923,0.9999999999738315,0.9999999752559449,-0.9999999580075668,0.9999999599963532,0.9999999846830342,-0.9999999744445547,-0.9999999911577634,0.999999978499195,0.9999999928986895,-0.9999999792551635,0.9999999717990885,-0.9999999616929176,-0.9999999752273655,0.9999999630597969,0.9999999892472115,-0.9999999774210229,1.0000000074269968,-0.9999999911713822,-1.0000000065123065,0.9999999910101964,0.9999999995347324,-0.9999999851863124,0.9999999854160501,-0.9999999794285924,0.9999999854160498,0.9999999684716211,-0.9999999593734031,-0.9999999703421193,0.9999999744765113,-0.9999999754661116,0.9999999895520248,0.999999974009139,-0.9999999961873308,-0.9999999723376698,0.9999999999457284,0.9999999711725374,-0.9999999996262144,0.9999999979667648,-0.9999999703659594,-0.9999999967983545,0.999999969063386,0.9999999960687878,-0.9999999958416425,-0.999999967155095,0.9999999986190756,0.9999999691715639,-1.0000000068970891,1.0000000161086784
-0.9999999792721681,0.9999999752559449,0.9999999999909774,-0.9999999690582572,0.9999999720486479,0.9999999967387061,-0.9999999854978247,-1.000000003214158,0.9999999905555865,1.0000000049552669,-0.999999992314157,0.9999999838499367,-0.9999999737441431,-0.9999999872775306,0.9999999751102804,1.0000000012996855,-0.9999999894736922,1.0000000194844396,-1.0000000042308548,-1.0000000185654419,1.000000003063223,1.0000000115849916,-0.9999999972366673,0.9999999974750072,-0.9999999914873665,0.9999999974750069,0.9999999805218354,-0.9999999714235023,-0.999999982392458,0.9999999865273621,-0.9999999875177243,1.000000001602458,0.9999999860615856,-1.0000000082379394,-0.9999999843909724,1.0000000119966235,0.9999999832267008,-1.0000000116774033,1.0000000100182083,-0.9999999824209925,-1.0000000088500332,0.9999999811192962,1.0000000081207316,-1.000000007893935,-0.9999999792119418,1.0000000106718234,0.9999999812294414,-1.000000018950254,1.0000000281619996
0.9999999600178086,-0.9999999580075668,-0.9999999690582572,0.9999999999650195,-0.999999954804447,-0.9999999784859869,0.9999999672450643,0.9999999849601151,-0.9999999723014936,-0.9999999867008889,0.999999973057288,-0.9999999656060576,0.9999999554995135,0.9999999690349043,-0.9999999568670193,-0.999999983052826,0.9999999712264228,-1.0000000012284809,0.9999999849731366,1.0000000003173781,-0.9999999848153254,-0.9999999933421978,0.9999999789936427,-0.9999999792162675,0.9999999732289155,-0.9999999792162675,-0.9999999622790643,0.9999999531809675,0.9999999641494843,-0.9999999682834542,0.9999999692724221,-0.9999999833593164,-0.9999999678147524,0.9999999899944809,0.9999999661425724,-0.999999993752636,-0.9999999649767172,0.9999999934328827,-0.9999999917732187,0.9999999641694166,0.9999999906046091,-0.9999999628661096,-0.9999999898748221,0.999999989647383,0.9999999609570424,-0.9999999924244389,-0.9999999629726464,1.0000000007021081,-1.0000000099135966
-0.9999999630087334,0.9999999599963532,0.9999999720486479,-0.999999954804447,0.9999999999692746,0.9999999814766415,-0.9999999702357325,-0.9999999879504637,0.9999999752918395,0.9999999896911793,-0.9999999760475605,0.9999999685986721,-0.999999959494362,-0.9999999720277788,0.9999999598597714,0.9999999860447555,-0.9999999752206483,1.0000000042183586,-0.9999999879631954,-1.0000000033089693,0.9999999878069806,0.9999999963349786,-0.9999999819864005,0.9999999822056601,-0.9999999762183707,0.9999999822056609,0.9999999652719287,-0.9999999561739099,-0.9999999671423241,0.9999999712760795,-0.9999999722647267,0.9999999863520523,0.9999999708067223,-0.9999999929871383,-0.9999999691342106,0.999999996745169,0.9999999679680275,-0.9999999964252988,0.9999999947655436,-0.9999999671604008,-0.9999999935968557,0.9999999658567644,0.999999992866977,-0.9999999926394014,-0.9999999639473338,0.9999999954162563,0.9999999659625073,-1.0000000036937229,1.000000012905134
-0.9999999876966498,0.9999999846830342,0.9999999967387061,-0.9999999784859869,0.9999999814766415,1.0000000000043845,-0.9999999959268832,-1.000000012640689,0.9999999999819683,1.0000000143817234,-1.0000000007380603,0.9999999932786723,-0.9999999831725795,-0.9999999967065457,0.9999999845390288,1.0000000107277767,-0.999999998901571,1.0000000289105773,-1.0000000126546513,-1.0000000279932988,1.0000000124910309,1.0000000210139834,-1.000000006665481,1.000000006900534,-1.0000000009128562,1.0000000069005335,0.9999999899506858,-0.9999999808524415,-0.9999999918213189,0.9999999959560356,-0.9999999969460954,1.000000011031289,0.9999999954896273,-1.0000000176667139,-0.9999999938186712,1.0000000214252849,0.9999999926540548,-1.0000000211059448,1.000000019446647,-0.9999999918479979,-1.000000018278377,0.9999999905459491,1.0000000175489674,-1.0000000173220334,-0.9999999886382217,1.0000000200997468,0.9999999906553029,-1.0000000283780301,1.0000000375897922
0.9999999764557441,-0.9999999744445547,-0.9999999854978247,0.9999999672450643,-0.9999999702357325,-0.9999999959268832,0.9999999999883966,1.0000000013996608,-0.9999999897434635,-1.0000000031407044,0.9999999894971707,-0.999999982037593,0.999999971931635,0.9999999854654458,-0.9999999732980582,-0.9999999994867035,0.9999999876606159,-1.0000000176695285,1.0000000014136918,1.0000000167521865,-1.0000000012500054,-1.000000009772855,0.9999999954244824,-0.9999999956595494,0.9999999896719638,-0.9999999956595494,-0.999999978709718,0.9999999696114427,0.9999999805803079,-0.9999999847150138,0.9999999857050779,-0.9999999997902521,-0.999999984248617,1.0000000064256656,0.9999999825776772,-1.0000000101842348,-0.9999999814130799,1.0000000098649033,-1.0000000082056109,0.9999999806070409,1.0000000070373496,-0.9999999793050142,-1.0000000063079502,1.0000000060810206,0.9999999773973035,-1.0000000088587293,-0.9999999794143988,1.0000000171369918,-1.0000000263486817
0.9999999941716403,-0.9999999911577634,-1.000000003214158,0.9999999849601151,-0.9999999879504637,-1.000000012640689,1.0000000013996608,1.0000000000135938,-1.0000000074598254,-1.0000000208572526,1.0000000072136048,-0.999999999751915,0.9999999896459801,1.000000003179516,-0.99999999101213,-1.0000000172016732,1.0000000053755491,-1.0000000353864575,1.0000000191303893,1.0000000344674638,-1.0000000189651534,-1.000000027487,1.0000000131385391,-1.0000000133770055,1.0000000073892577,-1.0000000133770055,-0.9999999964236791,0.9999999873253836,0.9999999982943573,-1.0000000024292783,1.0000000034196446,-1.000000017504374,-1.0000000019635096,1.0000000241398694,1.000000000292895,-1.000000027898555,-0.999999999128618,1.000000027579334,-1.0000000259201354,0.9999999983229046,1.0000000247519567,-0.9999999970212032,-1.0000000240226503,1.0000000237958557,0.9999999951138485,-1.000000026573752,-0.9999999971313445,1.000000034852207,-1.0000000440640289
-0.9999999815130518,0.999999978499195,0.9999999905555865,-0.9999999723014936,0.9999999752918395,0.9999999999819683,-0.9999999897434635,-1.0000000074598254,0.9999999999955904,1.000000008198547,-0.9999999955574141,0.9999999870931144,-0.999999976987309,-0.9999999905206909,0.99999997835343,1.0000000045428834,-0.9999999927168747,1.0000000227277213,-1.000000006471739,-1.0000000218086342,1.0000000063064087,1.0000000148281367,-1.0000000004798038,1.0000000007183607,-0.9999999947306983,1.0000000007183605,0.9999999837649824,-0.999999974666662,-0.9999999856356223,0.9999999897705354,-0.9999999907609091,1.0000000048456037,0.9999999893047863,-1.0000000114810872,-0.9999999876341937,1.0000000152397752,0.9999999864699458,-1.0000000149205615,1.000000013261372,-0.9999999856642608,-1.00000001209321,0.9999999843625895,1.0000000113639163,-1.0000000111371283,-0.999999982455257,1.00000001391502,0.9999999844727728,-1.0000000221934504,1.0000000314052035
-0.9999999959126262,0.9999999928986895,1.0000000049552669,-0.9999999867008889,0.9999999896911793,1.0000000143817234,-1.0000000031407044,-1.0000000208572526,1.000000008198547,1.0000000000160703,-1.0000000099571291,1.0000000014924832,-0.9999999913865948,-1.0000000049200208,0.9999999927526737,1.0000000189424012,-1.0000000071163075,1.0000000371276716,-1.0000000208715671,-1.0000000362082633,1.0000000207059483,1.0000000292275184,-1.0000000148790735,1.0000000151183441,-1.0000000091305907,1.0000000151183444,0.9999999981641969,-0.9999999890658817,-1.0000000000348785,1.000000004169849,-1.0000000051602886,1.0000000192449139,1.000000003704235,-1.0000000258804262,-1.0000000020337,1.00000002963914,1.000000000869505,-1.0000000293199471,1.0000000276607728,-1.00000000006387,-1.0000000264926139,0.999999998762251,1.0000000257633301,-1.00000002553657,-0.999999996854985,1.0000000283145123,0.9999999988725824,-1.0000000365930102,1.0000000458048435
0.9999999822690883,-0.9999999792551635,-0.999999992314157,0.999999973057288,-0.9999999760475605,-1.0000000007380603,0.9999999894971707,1.0000000072136048,-0.9999999955574141,-1.0000000099571291,0.999999999996666,-0.9999999878486668,0.9999999777429115,0.9999999912761693,-0.9999999791089512,-1.000000005298622,0.999999993472642,-1.000000023484017,1.0000000072279944,1.0000000225644536,-1.0000000070622184,-1.000000015583634,1.000000001235316,-1.0000000014748058,0.9999999954871335,-1.000000001474807,-0.9999999845204732,0.9999999754221319,0.9999999863911205,-0.9999999905260903,0.9999999915165488,-1.0000000056011205,-0.9999999900605214,1.0000000122366253,0.9999999883900218,-1.0000000159953457,-0.9999999872258678,1.0000000156761626,-1.0000000140170016,0.9999999864202745,1.0000000128488626,-0.9999999851186985,-1.0000000121195975,1.0000000118928478,0.9999999832114695,-1.000000014670793,-0.9999999852291012,1.0000000229492738,-1.0000000321610414
-0.9999999748109948,0.9999999717990885,0.9999999838499367,-0.9999999656060576,0.9999999685986721,0.9999999932786723,-0.999999982037593,-0.999999999751915,0.9999999870931144,1.0000000014924832,-0.9999999878486668,0.9999999999860649,-0.9999999712997958,-0.9999999838342478,0.9999999716658236,0.9999999978493614,-0.9999999860225477,1.0000000160189824,-0.9999999997640061,-1.0000000151130606,0.9999999996110555,1.000000008141376,-0.9999999937925597,0.9999999940050814,-0.9999999880178041,0.9999999940050819,0.9999999770781892,-0.9999999679803212,-0.9999999789485606,0.9999999830819197,-0.9999999840699569,0.9999999981582071,0.9999999826112808,-1.0000000047931674,-0.9999999809380837,1.000000008550965,0.9999999797712056,-1.0000000082308593,1.000000006570899,-0.9999999789628804,-1.0000000054020217,0.9999999776585403,1.0000000046719328,-1.0000000044440767,-0.9999999757483602,1.0000000072205684,0.9999999777626903,-1.0000000154977131,1.0000000247090917
0.9999999647049349,-0.9999999616929176,-0.9999999737441431,0.9999999554995135,-0.999999959494362,-0.9999999831725795,0.999999971931635,0.9999999896459801,-0.999999976987309,-0.9999999913865948,0.9999999777429115,-0.9999999712997958,0.9999999999716901,0.9999999737268985,-0.9999999625610598,-0.9999999877425348,0.9999999759158802,-1.000000005913251,0.9999999896582832,1.0000000050063393,-0.9999999895043961,-0.9999999980340196,0.9999999836853498,-0.9999999838997422,0.9999999779125168,-0.9999999838997421,-0.9999999669709835,0.9999999578730585,0.999999968841338,-0.9999999729747975,0.9999999739630003,-0.9999999880509762,-0.9999999725045126,0.999999994685964,0.9999999708315143,-0.9999999984438253,-0.9999999696648411,0.9999999981237859,-0.9999999964638868,0.9999999688567263,0.9999999952950736,-0.9999999675525925,-0.9999999945650507,0.9999999943372713,0.9999999656426297,-0.9999999971138577,-0.9999999676571969,1.0000000053910698,-1.0000000146024113
0.9999999782390382,-0.9999999752273655,-0.9999999872775306,0.9999999690349043,-0.9999999720277788,-0.9999999967065457,0.9999999854654458,1.000000003179516,-0.9999999905206909,-1.0000000049200208,0.9999999912761693,-0.9999999838342478,0.9999999737268985,0.9999999999909427,-0.9999999760979833,-1.0000000012784078,0.9999999894514996,-1.0000000194461842,1.0000000031913365,1.0000000185418467,-1.0000000030398728,-1.000000011571231,0.9999999972223618,-0.9999999974317614,0.9999999914445273,-0.9999999974317612,-0.9999999805080568,0.9999999714102499,0.9999999823784003,-0.99999998651157,0.9999999874993235,-1.000000001587993,-0.999999986040338,1.0000000082228868,0.9999999843668284,-1.0000000119805783,-0.9999999831996371,1.000000011660366,-1.000000010000312,0.9999999823909991,1.0000000088313528,-0.9999999810863415,-1.0000000081011713,1.0000000078731843,0.9999999791758203,-1.0000000106495046,-0.9999999811897622,1.000000018926486,-1.000000028137817
-0.9999999660715575,0.9999999630597969,0.9999999751102804,-0.9999999568670193,0.9999999598597714,0.9999999845390288,-0.9999999732980582,-0.99999999101213,0.99999997835343,0.9999999927526737,-0.9999999791089512,0.9999999716658236,-0.9999999625610598,-0.9999999760979833,0.9999999999736362,0.9999999891102815,-0.9999999772835183,1.0000000072789668,-0.9999999910241365,-1.0000000063738068,0.9999999908718943,0.9999999994026619,-0.9999999850539317,0.9999999852648653,-0.9999999792776908,0.9999999852648646,0.9999999683396289,-0.9999999602441598,-0.9999999702099502,0.9999999743432006,-0.9999999753310944,0.9999999894195388,0.999999973872266,-0.9999999960544563,-0.999999972198921,0.9999999998121967,0.9999999710319003,-0.99999999949204,0.999999997832039,-0.9999999702234352,-0.9999999966631301,0.9999999689189509,0.9999999959330041,-0.9999999957050839,-0.9999999670086094,0.9999999984814809,0.999999969022751,-1.0000000067585193,1.0000000159698095
-0.9999999922597061,0.9999999892472115,1.0000000012996855,-0.999999983052826,0.9999999860447555,1.0000000107277767,-0.9999999994867035,-1.0000000172016732,1.0000000045428834,1.0000000189424012,-1.000000005298622,0.9999999978493614,-0.9999999877425348,-1.0000000012784078,0.9999999891102815,1.0000000000108769,-1.0000000044713657,1.0000000334696904,-1.000000017214389,-1.0000000325599043,1.0000000170578072,1.000000025585634,-1.0000000112369132,1.0000000114571244,-1.0000000054696974,1.0000000114571252,0.9999999945224088,-0.9999999854244235,-0.9999999963928801,1.0000000005266978,-1.000000001515421,1.000000015602623,1.0000000000574936,-1.000000022237741,-0.9999999983850627,1.000000025995801,0.9999999972189565,-1.000000025675956,1.000000024016221,-0.9999999964114068,-1.0000000228475543,0.99999999510785,1.000000022117698,-1.000000021890154,-0.9999999931985053,1.0000000246670593,0.9999999952137667,-1.0000000329445853,1.0000000421560968
0.999999980433568,-0.9999999774210229,-0.9999999894736922,0.9999999712264228,-0.9999999752206483,-0.999999998901571,0.9999999876606159,1.0000000053755491,-0.9999999927168747,-1.0000000071163075,0.999999993472642,-0.9999999860225477,0.9999999759158802,0.9999999894514996,-0.9999999772835183,-1.0000000044713657,0.9999999999940563,-1.0000000216436633,1.0000000053884024,1.00000002073332,-1.0000000062336778,-1.0000000137586997,0.9999999994101049,-0.9999999996313478,0.9999999936439787,-0.9999999996313478,-0.9999999826956184,0.9999999735975974,0.9999999845660712,-0.9999999886999378,0.9999999896887501,-1.0000000037757917,-0.99999998823093,1.0000000104109183,0.9999999865586114,-1.000000014169011,-0.999999985392625,1.0000000138492047,-1.0000000121895083,0.999999984585199,1.0000000110208813,-0.9999999832817646,-1.0000000102910662,1.0000000100635682,0.9999999813725441,-1.0000000128405175,-0.999999983387936,1.0000000211180695,-1.0000000303295378
-1.00000001044127,1.0000000074269968,1.0000000194844396,-1.0000000012284809,1.0000000042183586,1.0000000289105773,-1.0000000176695285,-1.0000000353864575,1.0000000227277213,1.0000000371276716,-1.000000023484017,1.0000000160189824,-1.000000005913251,-1.0000000194461842,1.0000000072789668,1.0000000334696904,-1.0000000216436633,1.000000000036735,-1.000000036403485,-1.0000000507358653,1.00000003523348,1.0000000437537184,-1.0000000294052969,1.0000000296488207,-1.000000023660954,1.0000000296488205,1.0000000126903565,-1.0000000035920005,-1.0000000145611174,1.0000000186963376,-1.0000000196871484,1.0000000337711814,1.0000000182315028,-1.0000000404067833,-1.0000000165613878,1.000000044165636,1.0000000153976187,-1.000000043846586,1.0000000421875364,-1.000000014592415,-1.0000000410194974,1.000000013291231,1.0000000402903475,-1.000000040063758,-1.0000000113844212,1.0000000428419173,1.0000000134025169,-1.0000000511206169,1.0000000603325372
0.9999999941854993,-0.9999999911713822,-1.0000000042308548,0.9999999849731366,-0.9999999879631954,-1.0000000126546513,1.0000000014136918,1.0000000191303893,-1.000000006471739,-1.0000000208715671,1.0000000072279944,-0.9999999997640061,0.9999999896582832,1.0000000031913365,-0.9999999910241365,-1.000000017214389,1.0000000053884024,-1.000000036403485,1.0000000000136144,1.000000034480416,-1.0000000189781086,-1.0000000274988425,1.0000000131504836,-1.00000001339224,1.0000000074044708,-1.0000000133922402,-0.9999999964355862,0.999999987337228,0.9999999983062869,-1.0000000024413984,1.0000000034320558,-1.0000000175163295,-1.0000000019762445,1.0000000241518874,1.0000000003059646,-1.000000027910683,-0.9999999991420291,1.0000000275915724,-1.0000000259324777,0.9999999983366556,1.000000024764393,-0.9999999970352983,-1.0000000240351923,1.0000000238085334,0.9999999951283086,-1.000000026586601,-0.9999999971462056,1.000000034865204,-1.0000000440770505
1.000000009525071,-1.0000000065123065,-1.0000000185654419,1.0000000003173781,-1.0000000033089693,-1.0000000279932988,1.0000000167521865,1.0000000344674638,-1.0000000218086342,-1.0000000362082633,1.0000000225644536,-1.0000000151130606,1.0000000050063393,1.0000000185418467,-1.0000000063738068,-1.0000000325599043,1.00000002073332,-1.0000000507358653,1.000000034480416,1.0000000000354317,-1.000000035324679,-1.0000000428490874,1.0000000285003767,-1.0000000287239137,1.0000000227363834,-1.0000000287239141,-1.0000000117858328,1.000000002687823,1.0000000136563751,-1.0000000177903852,1.000000018779393,-1.0000000328661307,-1.000000017321785,1.0000000395013164,1.0000000156496784,-1.0000000432594818,-1.000000014483907,1.0000000429397482,-1.0000000412801144,1.0000000136766931,1.0000000401115408,-1.0000000123734771,-1.00000003938179,1.000000039154381,1.0000000104644908,-1.0000000419314503,-1.0000000124801358,1.0000000502091284,-1.0000000594207137
-0.999999994022899,0.9999999910101964,1.000000003063223,-0.9999999848153254,0.9999999878069806,1.0000000124910309,-1.0000000012500054,-1.0000000189651534,1.0000000063064087,1.0000000207059483,-1.0000000070622184,0.9999999996110555,-0.9999999895043961,-1.0000000030398728,0.9999999908718943,1.0000000170578072,-1.0000000062336778,1.00000003523348,-1.0000000189781086,-1.000000035324679,1.0000000000133837,1.0000000273470988,-1.0000000129984612,1.0000000132214641,-1.0000000072340054,1.000000013221464,0.9999999962839393,-0.9999999871859172,-0.9999999981544441,1.0000000022884186,-1.000000003277382,1.0000000173641863,1.0000000018197275,-1.0000000239993543,-1.0000000001475755,1.0000000277575019,0.9999999989817585,-1.000000027437753,1.0000000257781059,-0.9999999981745018,-1.0000000246095226,0.9999999968712424,1.000000023879761,-1.0000000236523323,-0.9999999949622067,1.0000000264293736,0.9999999969777993,-1.0000000347070137,1.0000000439185466
-1.00000000254647,0.9999999995347324,1.0000000115849916,-0.9999999933421978,0.9999999963349786,1.0000000210139834,-1.000000009772855,-1.000000027487,1.0000000148281367,1.0000000292275184,-1.000000015583634,1.000000008141376,-0.9999999980340196,-1.000000011571231,0.9999999994026619,1.000000025585634,-1.0000000137586997,1.0000000437537184,-1.0000000274988425,-1.0000000428490874,1.0000000273470988,1.0000000000255143,-1.000000022531805,1.0000000217394538,-1.0000000157521725,1.000000021739453,1.0000000048151167,-0.9999999957173253,-1.000000006685495,1.0000000108186935,-1.000000011806493,1.000000025895069,1.0000000103475644,-1.0000000325299758,-1.0000000086741179,1.000000036287681,1.0000000075069888,-1.000000035967488,1.0000000343074562,-1.0000000066984172,-1.0000000331385184,1.0000000053938274,1.0000000324083587,-1.000000032180399,-1.000000003483375,1.0000000349567415,1.0000000054973783,-1.0000000432337386,1.0000000524450905
0.9999999881980521,-0.9999999851863124,-0.9999999972366673,0.9999999789936427,-0.9999999819864005,-1.000000006665481,0.9999999954244824,1.0000000131385391,-1.0000000004798038,-1.0000000148790735,1.000000001235316,-0.9999999937925597,0.9999999836853498,0.9999999972223618,-0.9999999850539317,-1.0000000112369132,0.9999999994101049,-1.0000000294052969,1.0000000131504836,1.0000000285003767,-1.0000000129984612,-1.000000022531805,1.0000000000051064,-1.0000000073911677,1.000000001403967,-1.0000000073911677,-0.9999999914687604,0.999999981368542,0.9999999923367138,-0.9999999964699325,0.9999999974577775,-1.0000000125486648,-0.9999999959989021,1.0000000181811788,0.9999999943255146,-1.0000000219389036,-0.9999999931584524,1.0000000216187264,-1.0000000199587178,0.9999999923499454,1.0000000187898022,-0.9999999910454207,-1.000000018059665,1.0000000178317265,0.9999999891350323,-1.0000000206080897,-0.9999999911491064,1.0000000288850932,-1.0000000380963858
-0.999999988430794,0.9999999854160501,0.9999999974750072,-0.9999999792162675,0.9999999822056601,1.000000006900534,-0.9999999956595494,-1.0000000133770055,1.0000000007183607,1.0000000151183441,-1.0000000014748058,0.9999999940050814,-0.9999999838997422,-0.9999999974317614,0.9999999852648653,1.0000000114571244,-0.9999999996313478,1.0000000296488207,-1.00000001339224,-1.0000000287239137,1.0000000132214641,1.0000000217394538,-1.0000000073911677,1.0000000000054337,-1.0000000026557303,1.0000000076412565,0.9999999906760384,-0.9999999815775072,-0.999999992546819,0.9999999966824566,-0.9999999976738857,1.0000000117570667,0.9999999962189013,-1.0000000183928122,-0.9999999945494469,1.0000000221519103,0.999999993386336,-1.0000000218330927,1.0000000201742298,-0.9999999925817834,-1.000000019006355,0.9999999912812625,1.0000000182773885,-1.0000000180510673,-0.99999998937517,1.0000000208296094,0.9999999913941064,-1.000000029108683,1.0000000383207
0.999999982443259,-0.9999999794285924,-0.9999999914873665,0.9999999732289155,-0.9999999762183707,-1.0000000009128562,0.9999999896719638,1.0000000073892577,-0.9999999947306983,-1.0000000091305907,0.9999999954871335,-0.9999999880178041,0.9999999779125168,0.9999999914445273,-0.9999999792776908,-1.0000000054696974,0.9999999936439787,-1.000000023660954,1.0000000074044708,1.0000000227363834,-1.0000000072340054,-1.0000000157521725,1.000000001403967,-1.0000000026557303,0.9999999999969175,-1.0000000026557312,-0.9999999846888876,0.999999975590353,0.9999999865596366,-0.9999999906952196,0.9999999916865823,-1.0000000057698344,-0.9999999902315282,1.0000000124055577,0.9999999885620118,-1.0000000161646276,-0.9999999873988428,1.0000000158457858,-1.0000000141869099,0.9999999865942352,1.0000000130190265,-0.9999999852936534,-1.0000000122900474,1.000000012063701,0.999999983387494,-1.0000000148421937,-0.9999999864087346,1.000000023121207,-1.000000032333162
-0.9999999884307936,0.9999999854160498,0.9999999974750069,-0.9999999792162675,0.9999999822056609,1.0000000069005335,-0.9999999956595494,-1.0000000133770055,1.0000000007183605,1.0000000151183444,-1.000000001474807,0.9999999940050819,-0.9999999838997421,-0.9999999974317612,0.9999999852648646,1.0000000114571252,-0.9999999996313478,1.0000000296488205,-1.0000000133922402,-1.0000000287239141,1.000000013221464,1.000000021739453,-1.0000000073911677,1.0000000076412565,-1.0000000026557312,1.0000000000054337,0.9999999906760384,-0.9999999815775071,-0.9999999925468204,0.9999999966824569,-0.9999999976738875,1.0000000117570662,0.9999999962189021,-1.000000018392813,-0.9999999945494477,1.00000002215191,0.9999999933863378,-1.0000000218330933,1.0000000201742305,-0.9999999925817842,-1.000000019006355,0.9999999912812625,1.0000000182773896,-1.0000000180510664,-0.9999999893751705,1.0000000208296098,0.9999999913941078,-1.000000029108683,1.0000000383207017
-0.9999999714832849,0.9999999684716211,0.9999999805218354,-0.9999999622790643,0.9999999652719287,0.9999999899506858,-0.999999978709718,-0.9999999964236791,0.9999999837649824,0.9999999981641969,-0.9999999845204732,0.9999999770781892,-0.9999999669709835,-0.9999999805080568,0.9999999683396289,0.9999999945224088,-0.9999999826956184,1.0000000126903565,-0.9999999964355862,-1.0000000117858328,0.9999999962839393,1.0000000048151167,-0.9999999914687604,0.9999999906760384,-0.9999999846888876,0.9999999906760384,0.9999999999813344,-0.9999999656566412,-0.9999999766247893,0.9999999797555712,-0.9999999807433508,0.9999999948319725,0.9999999792843999,-1.0000000014668637,-0.9999999776109302,1.0000000052245632,0.9999999764437821,-1.0000000049043631,1.0000000032443261,-0.9999999756351903,-1.0000000020753825,0.9999999743305754,1.0000000013452148,-1.0000000011172443,-0.9999999724200973,1.0000000038935724,0.9999999744340852,-1.0000000121705461,1.0000000213818103
0.999999962385021,-0.9999999593734031,-0.9999999714235023,0.9999999531809675,-0.9999999561739099,-0.9999999808524415,0.9999999696114427,0.9999999873253836,-0.999999974666662,-0.9999999890658817,0.9999999754221319,-0.9999999679803212,0.9999999578730585,0.9999999714102499,-0.9999999602441598,-0.9999999854244235,0.9999999735975974,-1.0000000035920005,0.999999987337228,1.000000002687823,-0.9999999871859172,-0.9999999957173253,0.999999981368542,-0.9999999815775072,0.999999975590353,-0.9999999815775071,-0.9999999656566412,0.999999999968395,0.9999999665245485,-0.9999999706576864,0.9999999716454094,-0.9999999857341433,-0.9999999701863925,0.9999999923690236,0.9999999685128504,-0.9999999961267011,-0.9999999673456255,0.9999999958064792,-0.9999999941464175,0.9999999665369536,0.9999999929774485,-0.9999999652322603,-0.9999999922472542,0.9999999920192519,0.9999999633217035,-0.9999999947955533,-0.9999999653356143,1.0000000030725067,-1.000000012283778
0.9999999733538232,-0.9999999703421193,-0.999999982392458,0.9999999641494843,-0.9999999671423241,-0.9999999918213189,0.9999999805803079,0.9999999982943573,-0.9999999856356223,-1.0000000000348785,0.9999999863911205,-0.9999999789485606,0.999999968841338,0.9999999823784003,-0.9999999702099502,-0.9999999963928801,0.9999999845660712,-1.0000000145611174,0.9999999983062869,1.0000000136563751,-0.9999999981544441,-1.000000006685495,0.9999999923367138,-0.999999992546819,0.9999999865596366,-0.9999999925468204,-0.9999999766247893,0.9999999665245485,0.9999999999839947,-0.999999982628315,0.9999999826137482,-0.999999996702326,-0.9999999811548407,1.0000000033372312,0.9999999794814105,-1.0000000070949486,-0.9999999783142972,1.0000000067747643,-1.0000000051147346,0.9999999775057392,1.0000000039457955,-0.9999999762011607,-1.0000000032156362,1.0000000029876814,0.9999999742907261,-1.0000000057640435,-0.9999999763047727,1.0000000140410572,-1.0000000232523545
-0.9999999774884041,0.9999999744765113,0.9999999865273621,-0.9999999682834542,0.9999999712760795,0.9999999959560356,-0.9999999847150138,-1.0000000024292783,0.9999999897705354,1.000000004169849,-0.9999999905260903,0.9999999830819197,-0.9999999729747975,-0.99999998651157,0.9999999743432006,1.0000000005266978,-0.9999999886999378,1.0000000186963376,-1.0000000024413984,-1.0000000177903852,1.0000000022884186,1.0000000108186935,-0.9999999964699325,0.9999999966824566,-0.9999999906952196,0.9999999966824569,0.9999999797555712,-0.9999999706576864,-0.999999982628315,0.9999999999898731,-0.9999999877497052,1.0000000008355656,0.9999999852886459,-1.000000007470521,-0.999999983615455,1.0000000112283227,0.9999999824485835,-1.000000010908218,1.000000009248261,-0.999999981640268,-1.000000008079388,0.9999999803359348,1.0000000073493016,-1.0000000071214448,-0.9999999784257606,1.0000000098979358,0.9999999804400966,-1.0000000181750714,1.0000000273864194
0.9999999784782782,-0.9999999754661116,-0.9999999875177243,0.9999999692724221,-0.9999999722647267,-0.9999999969460954,0.9999999857050779,1.0000000034196446,-0.9999999907609091,-1.0000000051602886,0.9999999915165488,-0.9999999840699569,0.9999999739630003,0.9999999874993235,-0.9999999753310944,-1.000000001515421,0.9999999896887501,-1.0000000196871484,1.0000000034320558,1.000000018779393,-1.000000003277382,-1.000000011806493,0.9999999974577775,-0.9999999976738857,0.9999999916865823,-0.9999999976738875,-0.9999999807433508,0.9999999716454094,0.9999999826137482,-0.9999999877497052,0.9999999999912785,-1.000000001823438,-0.9999999872797514,1.0000000084584686,0.9999999846045221,-1.0000000122163921,-0.9999999834380123,1.0000000118964096,-1.0000000102365585,0.9999999826300578,1.0000000090677814,-0.9999999813260871,-1.0000000083378051,1.0000000081100935,0.9999999794163039,-1.0000000108867766,-0.9999999814310767,1.0000000191640905,-1.0000000283755008
-0.9999999925637985,0.9999999895520248,1.000000001602458,-0.9999999833593164,0.9999999863520523,1.000000011031289,-0.9999999997902521,-1.000000017504374,1.0000000048456037,1.0000000192449139,-1.0000000056011205,0.9999999981582071,-0.9999999880509762,-1.000000001587993,0.9999999894195388,1.000000015602623,-1.0000000037757917,1.0000000337711814,-1.0000000175163295,-1.0000000328661307,1.0000000173641863,1.000000025895069,-1.0000000125486648,1.0000000117570667,-1.0000000057698344,1.0000000117570662,0.9999999948319725,-0.9999999857341433,-0.999999996702326,1.0000000008355656,-1.000000001823438,1.0000000000113154,1.0000000003645917,-1.0000000235492192,-0.999999998691226,1.0000000263045605,0.9999999975241848,-1.000000025984394,1.0000000243243898,-0.9999999967156987,-1.0000000231554762,0.9999999954111936,1.0000000224253416,-1.0000000221974126,-0.9999999935008312,1.0000000249737973,0.9999999955149426,-1.0000000332508263,1.000000042462144
-0.9999999770215997,0.999999974009139,0.9999999860615856,-0.9999999678147524,0.9999999708067223,0.9999999954896273,-0.999999984248617,-1.0000000019635096,0.9999999893047863,1.000000003704235,-0.9999999900605214,0.9999999826112808,-0.9999999725045126,-0.999999986040338,0.999999973872266,1.0000000000574936,-0.99999998823093,1.0000000182315028,-1.0000000019762445,-1.000000017321785,1.0000000018197275,1.0000000103475644,-0.9999999959989021,0.9999999962189013,-0.9999999902315282,0.9999999962189021,0.9999999792843999,-0.9999999701863925,-0.9999999811548407,0.9999999852886459,-0.9999999872797514,1.0000000003645917,0.9999999999892045,-1.0000000069997002,-0.999999984149358,1.0000000107577593,0.9999999819808494,-1.000000010437911,1.0000000087781706,-0.999999981173285,-1.0000000076095001,0.9999999798697143,1.0000000068796389,-1.0000000066520869,-0.9999999779603526,1.000000009428981,0.9999999799755995,-1.0000000177064947,1.0000000269179723
0.9999999991991707,-0.9999999961873308,-1.0000000082379394,0.9999999899944809,-0.9999999929871383,-1.0000000176667139,1.0000000064256656,1.0000000241398694,-1.0000000114810872,-1.0000000258804262,1.0000000122366253,-1.0000000047931674,0.999999994685964,1.0000000082228868,-0.9999999960544563,-1.000000022237741,1.0000000104109183,-1.0000000404067833,1.0000000241518874,1.0000000395013164,-1.0000000239993543,-1.0000000325299758,1.0000000181811788,-1.0000000183928122,1.0000000124055577,-1.000000018392813,-1.0000000014668637,0.9999999923690236,1.0000000033372312,-1.000000007470521,1.0000000084584686,-1.0000000235492192,-1.0000000069997002,1.0000000000207523,1.00000000532642,-1.0000000339419168,-1.0000000041594617,1.0000000326193839,-1.0000000309594042,1.0000000033510592,1.0000000297905123,-1.0000000020466389,-1.0000000290604052,1.0000000288325113,1.0000000001363674,-1.0000000316089404,-1.0000000021505773,1.000000039886009,-1.0000000490973497
0.9999999753504274,-0.9999999723376698,-0.9999999843909724,0.9999999661425724,-0.9999999691342106,-0.9999999938186712,0.9999999825776772,1.000000000292895,-0.9999999876341937,-1.0000000020337,0.9999999883900218,-0.9999999809380837,0.9999999708315143,0.9999999843668284,-0.999999972198921,-0.9999999983850627,0.9999999865586114,-1.0000000165613878,1.0000000003059646,1.0000000156496784,-1.0000000001475755,-1.0000000086741179,0.9999999943255146,-0.9999999945494469,0.9999999885620118,-0.9999999945494477,-0.9999999776109302,0.9999999685128504,0.9999999794814105,-0.999999983615455,0.9999999846045221,-0.999999998691226,-0.999999984149358,1.00000000532642,0.9999999999868263,-1.0000000090846133,-0.9999999813115777,1.0000000087648997,-1.0000000071052768,0.9999999795020197,1.0000000059367091,-0.9999999781988469,-1.0000000052069637,1.0000000049795745,0.9999999762899157,-1.000000007756686,-0.999999978305648,1.0000000160344025,-1.000000025245944
-1.0000000029576706,0.9999999999457284,1.0000000119966235,-0.999999993752636,0.999999996745169,1.0000000214252849,-1.0000000101842348,-1.000000027898555,1.0000000152397752,1.00000002963914,-1.0000000159953457,1.000000008550965,-0.9999999984438253,-1.0000000119805783,0.9999999998121967,1.000000025995801,-1.000000014169011,1.000000044165636,-1.000000027910683,-1.0000000432594818,1.0000000277575019,1.000000036287681,-1.0000000219389036,1.0000000221519103,-1.0000000161646276,1.00000002215191,1.0000000052245632,-0.9999999961267011,-1.0000000070949486,1.0000000112283227,-1.0000000122163921,1.0000000263045605,1.0000000107577593,-1.0000000339419168,-1.0000000090846133,1.0000000000260967,1.0000000079177926,-1.0000000373796343,1.0000000347172986,-1.000000007109529,-1.0000000335484456,1.0000000058052503,1.0000000328183811,-1.0000000325905416,-1.000000003895127,1.0000000353670446,1.0000000059095018,-1.0000000436441818,1.000000052855546
-0.9999999741855877,0.9999999711725374,0.9999999832267008,-0.9999999649767172,0.9999999679680275,0.9999999926540548,-0.9999999814130799,-0.999999999128618,0.9999999864699458,1.000000000869505,-0.9999999872258678,0.9999999797712056,-0.9999999696648411,-0.9999999831996371,0.9999999710319003,0.9999999972189565,-0.999999985392625,1.0000000153976187,-0.9999999991420291,-1.000000014483907,0.9999999989817585,1.0000000075069888,-0.9999999931584524,0.999999993386336,-0.9999999873988428,0.9999999933863378,0.9999999764437821,-0.9999999673456255,-0.9999999783142972,0.9999999824485835,-0.9999999834380123,0.9999999975241848,0.9999999819808494,-1.0000000041594617,-0.9999999813115777,1.0000000079177926,0.9999999999851686,-1.0000000075982163,1.0000000059387064,-0.9999999793394789,-1.0000000047702438,0.9999999770343141,1.0000000040406172,-1.00000000381339,-0.9999999751258123,1.000000006590718,0.9999999771420359,-1.0000000148686428,1.0000000240802476
1.0000000026382632,-0.9999999996262144,-1.0000000116774033,0.9999999934328827,-0.9999999964252988,-1.0000000211059448,1.0000000098649033,1.000000027579334,-1.0000000149205615,-1.0000000293199471,1.0000000156761626,-1.0000000082308593,0.9999999981237859,1.000000011660366,-0.99999999949204,-1.000000025675956,1.0000000138492047,-1.000000043846586,1.0000000275915724,1.0000000429397482,-1.000000027437753,-1.000000035967488,1.0000000216187264,-1.0000000218330927,1.0000000158457858,-1.0000000218330933,-1.0000000049043631,0.9999999958064792,1.0000000067747643,-1.000000010908218,1.0000000118964096,-1.000000025984394,-1.000000010437911,1.0000000326193839,1.0000000087648997,-1.0000000373796343,-1.0000000075982163,1.0000000000256415,-1.0000000353996885,1.0000000067900878,1.0000000332284786,-1.0000000054859468,-1.0000000324984555,1.0000000322706726,1.0000000035759704,-1.0000000350472478,-1.0000000055905132,1.0000000433244531,-1.0000000525358406
-1.0000000009788965,0.9999999979667648,1.0000000100182083,-0.9999999917732187,0.9999999947655436,1.000000019446647,-1.0000000082056109,-1.0000000259201354,1.000000013261372,1.0000000276607728,-1.0000000140170016,1.000000006570899,-0.9999999964638868,-1.000000010000312,0.999999997832039,1.000000024016221,-1.0000000121895083,1.0000000421875364,-1.0000000259324777,-1.0000000412801144,1.0000000257781059,1.0000000343074562,-1.0000000199587178,1.0000000201742298,-1.0000000141869099,1.0000000201742305,1.0000000032443261,-0.9999999941464175,-1.0000000051147346,1.000000009248261,-1.0000000102365585,1.0000000243243898,1.0000000087781706,-1.0000000309594042,-1.0000000071052768,1.0000000347172986,1.0000000059387064,-1.0000000353996885,1.0000000000232805,-1.0000000051306956,-1.000000032571031,1.00000000382667,1.0000000308386485,-1.0000000306109145,-1.000000001916819,1.0000000333875547,1.0000000039315078,-1.0000000416648231,1.0000000508762268
0.9999999733793044,-0.9999999703659594,-0.9999999824209925,0.9999999641694166,-0.9999999671604008,-0.9999999918479979,0.9999999806070409,0.9999999983229046,-0.9999999856642608,-1.00000000006387,0.9999999864202745,-0.9999999789628804,0.9999999688567263,0.9999999823909991,-0.9999999702234352,-0.9999999964114068,0.999999984585199,-1.000000014592415,0.9999999983366556,1.0000000136766931,-0.9999999981745018,-1.0000000066984172,0.9999999923499454,-0.9999999925817834,0.9999999865942352,-0.9999999925817842,-0.9999999756351903,0.9999999665369536,0.9999999775057392,-0.999999981640268,0.9999999826300578,-0.9999999967156987,-0.999999981173285,1.0000000033510592,0.9999999795020197,-1.000000007109529,-0.9999999793394789,1.0000000067900878,-1.0000000051306956,0.9999999999840214,1.0000000039623351,-0.9999999772307323,-1.0000000032328253,1.000000003005759,0.9999999743202701,-1.000000005783309,-0.9999999763369822,1.0000000140614422,-1.0000000232731119
0.9999999998105622,-0.9999999967983545,-1.0000000088500332,0.9999999906046091,-0.9999999935968557,-1.000000018278377,1.0000000070373496,1.0000000247519567,-1.00000001209321,-1.0000000264926139,1.0000000128488626,-1.0000000054020217,0.9999999952950736,1.0000000088313528,-0.9999999966631301,-1.0000000228475543,1.0000000110208813,-1.0000000410194974,1.000000024764393,1.0000000401115408,-1.0000000246095226,-1.0000000331385184,1.0000000187898022,-1.000000019006355,1.0000000130190265,-1.000000019006355,-1.0000000020753825,0.9999999929774485,1.0000000039457955,-1.000000008079388,1.0000000090677814,-1.0000000231554762,-1.0000000076095001,1.0000000297905123,1.0000000059367091,-1.0000000335484456,-1.0000000047702438,1.0000000332284786,-1.000000032571031,1.0000000039623351,1.0000000000216178,-1.0000000026584153,-1.0000000306723102,1.000000029442225,1.0000000007486805,-1.0000000322189262,-1.0000000027634977,1.0000000404962528,-1.0000000497076718
-0.9999999720770271,0.999999969063386,0.9999999811192962,-0.9999999628661096,0.9999999658567644,0.9999999905459491,-0.9999999793050142,-0.9999999970212032,0.9999999843625895,0.999999998762251,-0.9999999851186985,0.9999999776585403,-0.9999999675525925,-0.9999999810863415,0.9999999689189509,0.99999999510785,-0.9999999832817646,1.000000013291231,-0.9999999970352983,-1.0000000123734771,0.9999999968712424,1.0000000053938274,-0.9999999910454207,0.9999999912812625,-0.9999999852936534,0.9999999912812625,0.9999999743305754,-0.9999999652322603,-0.9999999762011607,0.9999999803359348,-0.9999999813260871,0.9999999954111936,0.9999999798697143,-1.0000000020466389,-0.9999999781988469,1.0000000058052503,0.9999999770343141,-1.0000000054859468,1.00000000382667,-0.9999999772307323,-1.0000000026584153,0.9999999999821693,1.0000000019290247,-1.0000000017021233,-0.9999999740211354,1.0000000044798945,0.9999999750359515,-1.0000000127582382,1.0000000219699718
