1.0000000010264103,-1.0000010903846017,1.0000007125096606,1.0000014269313233,-1.0000037106924378,1.000003330653775,-1.0000024931927092,-1.0000037106924367,0.9999989867121667,-0.9999992816049101,-0.999998884612355,0.9999999964971671,0.9999991964043986,0.9999989204984245,-1.0000002891378386,-1.000000723479145,1.0000015860504479
-1.0000010903846017,1.0000000006623178,-1.0000003759628955,-1.0000010903846048,1.0000034576039079,-1.0000030775655806,1.0000022401054363,1.0000034576039054,-0.999998733629944,0.9999990285220907,0.9999986315305268,-0.9999997434134347,-0.9999989433217241,-0.9999986674167846,1.0000000360542962,1.0000004703941974,-1.0000013329642887
1.0000007125096606,-1.0000003759628955,0.9999999999986234,1.0000007125096622,-1.0000029962522519,1.000002616214737,-1.0000017787568949,-1.000002996252249,0.999998272294242,-0.9999985671848559,-0.9999981701958778,0.9999992820738907,0.9999984819848541,0.9999982060826529,-0.9999994912519933,-1.0000000090515409,1.000000871618552
1.0000014269313233,-1.0000010903846048,1.0000007125096622,1.0000000010264103,-1.00000371069244,1.0000033306537774,-1.0000024931927107,-1.0000037106924378,0.9999989867121689,-0.9999992816049112,-0.9999988846123552,0.9999999964971689,0.9999991964043984,0.9999989204984264,-1.0000002891378406,-1.0000007234791455,1.0000015860504479
-1.0000037106924378,1.0000034576039079,-1.0000029962522519,-1.00000371069244,1.0000000043116584,-1.0000055306417923,1.0000047766935238,1.0000059941275303,-1.0000012705061887,1.0000015653620369,1.0000011684331633,-1.0000022802027937,-1.0000014801701385,-1.0000012043336821,1.0000025728634563,1.0000030071118338,-1.0000038696131717
1.000003330653775,-1.0000030775655806,1.000002616214737,1.0000033306537774,-1.0000055306417923,1.0000000037649472,-1.0000043132047045,-1.0000055306417894,1.0000008904664746,-1.000001185324151,-1.0000007883920918,1.0000019001673797,1.0000011001318299,1.0000008242918517,-1.0000021928269316,-1.000002627080002,1.00000348958473
-1.0000024931927092,1.0000022401054363,-1.0000017787568949,-1.0000024931927107,1.0000047766935238,-1.0000043132047045,1.0000000025602158,1.000004776693522,-1.0000000530015005,1.0000003478647579,0.9999999509230101,-1.0000010627156275,-1.0000002626711422,-0.9999999868205125,1.0000013553719334,1.000001789639208,-1.0000025686910274
-1.0000037106924367,1.0000034576039054,-1.000002996252249,-1.0000037106924378,1.0000059941275303,-1.0000055306417894,1.000004776693522,1.0000000043116584,-1.0000012705061871,1.0000015653620367,1.0000011684331624,-1.00000228020279,-1.000001480170135,-1.0000012043336797,1.0000025728634527,1.0000030071118327,-1.0000038696131683
0.9999989867121667,-0.999998733629944,0.999998272294242,0.9999989867121689,-1.0000012705061887,1.0000008904664746,-1.0000000530015005,-1.0000012705061871,0.9999999975158459,-0.9999967579276215,-0.9999963609285276,0.999997556287634,0.9999967561896321,0.9999964802761716,-0.9999978489253313,-0.999998283276497,0.9999991458540367
-0.9999992816049101,0.9999990285220907,-0.9999985671848559,-0.9999992816049112,1.0000015653620369,-1.000001185324151,1.0000003478647579,1.0000015653620367,-0.9999967579276215,0.999999997940089,0.9999967392912877,-0.999997767710693,-0.9999969676194816,-0.9999967751772355,0.9999981438140079,0.9999985781546489,-0.9999994407242846
-0.999998884612355,0.9999986315305268,-0.9999981701958778,-0.9999988846123552,1.0000011684331633,-1.0000007883920918,0.9999999509230101,1.0000011684331624,-0.9999963609285276,0.9999967392912877,0.9999999973689563,-0.9999974541922256,-0.9999966540892518,-0.9999962947067587,0.9999977468283162,0.9999981811870984,-0.9999990437704187
0.9999999964971671,-0.9999997434134347,0.9999992820738907,0.9999999964971689,-1.0000022802027937,1.0000019001673797,-1.0000010627156275,-1.00000228020279,0.999997556287634,-0.999997767710693,-0.9999974541922256,0.9999999989685453,0.9999977659750304,0.999997490080505,-0.9999987752368275,-0.9999992095627134,1.000000155584767
0.9999991964043986,-0.9999989433217241,0.9999984819848541,0.9999991964043984,-1.0000014801701385,1.0000011001318299,-1.0000002626711422,-1.000001480170135,0.9999967561896321,-0.9999969676194816,-0.9999966540892518,0.9999977659750304,0.9999999978175174,0.9999966899748138,-0.9999980586144668,-0.9999984929575678,0.9999993555290437
0.9999989204984245,-0.9999986674167846,0.9999982060826529,0.9999989204984264,-1.0000012043336821,1.0000008242918517,-0.9999999868205125,-1.0000012043336797,0.9999964802761716,-0.9999967751772355,-0.9999962947067587,0.999997490080505,0.9999966899748138,0.9999999974205783,-0.9999977827157692,-0.9999982170786382,0.99999907966511
-1.0000002891378386,1.0000000360542962,-0.9999994912519933,-1.0000002891378406,1.0000025728634563,-1.0000021928269316,1.0000013553719334,1.0000025728634527,-0.9999978489253313,0.9999981438140079,0.9999977468283162,-0.9999987752368275,-0.9999980586144668,-0.9999977827157692,0.9999999993895488,0.9999995856739027,-1.00000044823707
-1.000000723479145,1.0000004703941974,-1.0000000090515409,-1.0000007234791455,1.0000030071118338,-1.000002627080002,1.000001789639208,1.0000030071118327,-0.999998283276497,0.9999985781546489,0.9999981811870984,-0.9999992095627134,-0.9999984929575678,-0.9999982170786382,0.9999995856739027,1.0000000000143714,-1.0000007990587543
1.0000015860504479,-1.0000013329642887,1.000000871618552,1.0000015860504479,-1.0000038696131717,1.00000348958473,-1.0000025686910274,-1.0000038696131683,0.9999991458540367,-0.9999994407242846,-0.9999990437704187,1.000000155584767,0.9999993555290437,0.99999907966511,-1.00000044823707,-1.0000007990587543,1.0000000012552386
