1.000000000023706,-0.793427892902587,-0.7934283226919797,0.38233968079567165,0.7228889166974994,0.2590580791740661,-0.48008717549772095,0.4800880803561504,0.4800866842069916,-0.48008943419125927,0.48009998236284196,-0.48010395313417475,-0.48009616984629133,0.572231027093098,0.48009430732011665,0.4800943073201159,-0.6576343653237623,0.6711325171427495,0.4800915557229425,0.48008895277218505,-0.7102937550909744,0.6974665477653068,-0.6844113847879328,-0.4800927540848901,-0.48009275408488944
-0.793427892902587,0.9999999996925535,0.2590570628524053,-0.8657768238243216,-0.9941251024639444,0.3823412371238639,0.9148468676987663,-0.91484705791158,-0.9148467044898337,0.9148474355765976,-0.9148522902662503,0.9148544899770318,0.9148502901947889,-0.9531846254539006,-0.9148492589712505,-0.9148492589712508,0.9803148915253427,-0.9837209158260694,-0.9148481326247851,-0.9148470786282539,0.9920090269702834,-0.9895689326138805,0.9868059397190732,0.9148485293662267,0.9148485293662252
-0.7934283226919797,0.2590570628524053,1.0000000011886028,0.2590597104919423,-0.15299536787489143,-0.7934302605996374,-0.15301604510062095,0.1530148771744517,0.15301662386817283,-0.15301322080830704,0.15300234412045732,-0.15299863993024646,-0.15300601232314046,0.045136266164504134,0.153007760004184,0.1530077600041849,0.06325636756768103,-0.08127002533477784,0.1530107411124474,0.1530135920982689,0.13512517358283588,-0.11721036029995971,0.09925668488161879,-0.15300934929582738,-0.15300934929582763
0.38233968079567165,-0.8657768238243216,0.2590597104919423,0.9999999997151404,0.914855475319254,-0.7934295426803375,-0.9941260253028661,0.9941256412005944,0.9941261454484495,-0.9941252037240075,0.9941246184088918,-0.9941245378325767,-0.9941244731478986,0.9765698245582266,0.9941243181827869,0.9941243181827866,-0.9475401242223033,0.9416130179977011,0.9941246752920225,0.9941250283942954,-0.9219978926701011,0.9288397778959879,-0.9353788790379906,-0.9941243809708477,-0.9941243809708483
0.7228889166974994,-0.9941251024639444,-0.15299536787489143,0.914855475319254,1.0000000005787109,-0.4801066340176466,-0.9531796136160711,0.953179616534905,0.9531795420186607,-0.9531797268406809,0.9531826929344425,-0.9531842141049156,-0.9531813539407417,0.980314766901742,0.9531806317624559,0.9531806317624559,-0.9959262825186407,0.9973929478747082,0.9531800139962133,0.9531794321863,-0.9998375132316184,0.9993488686262136,-0.9985338077351517,-0.9531801764605559,-0.9531801764605559
0.2590580791740661,0.3823412371238639,-0.7934302605996374,-0.7934295426803375,-0.4801066340176466,1.0000000017741062,0.7229010043851517,-0.7229000822508245,-0.7229014175613792,0.72289884459952,-0.7228923124552046,0.7228904354391084,0.7228942758324866,-0.6438553294617451,-0.7228951587518562,-0.7228951587518566,0.5572550540590097,-0.5421681257127089,-0.722897082903937,-0.7228989427310758,0.49586893788557346,-0.5114699898030425,0.5269047447184785,0.722896099177951,0.7228960991779506
-0.48008717549772095,0.9148468676987663,-0.15301604510062095,-0.9941260253028661,-0.9531796136160711,0.7229010043851517,1.0000000006691943,-1.0000002916930057,-1.0000005922910271,1.000000413473063,-0.9999999147809396,0.999999951227915,0.9999999339889645,-0.9941240450091466,-0.9999998193505348,-0.9999998193505345,0.9765670226175475,-0.972521496503223,-1.000000072791842,-1.0000002213081576,0.9584859381387528,-0.9634794559012682,0.9681584977092231,0.9999998551265269,0.999999855126527
0.4800880803561504,-0.91484705791158,0.1530148771744517,0.9941256412005944,0.953179616534905,-0.7229000822508245,-1.0000002916930057,1.0000000002997549,1.0000007316923263,-0.9999997512353085,0.9999996077873203,-0.9999996451065803,-0.9999996313695754,0.9941238240835079,0.9999995202995896,0.9999995202995877,-0.9765669032432942,0.9725213723989059,0.9999997862301622,0.9999999503134392,-0.9584858870383761,0.9634793654997527,-0.9681583830144196,-0.99999956173295,-0.9999995617329501
0.4800866842069916,-0.9148467044898337,0.15301662386817283,0.9941261454484495,0.9531795420186607,-0.7229014175613792,-1.0000005922910271,1.0000007316923263,1.0000000007337944,-1.0000004696714047,0.999999992110394,-1.000000030076123,-1.0000000075116777,0.994124081860895,0.9999998903666779,0.9999998903666772,-0.9765670104383304,0.9725214873979002,1.000000136595485,1.0000002764667564,-0.9584858936264218,0.9634794308911618,-0.9681584844695885,-0.9999999227504055,-0.9999999227504036
-0.48008943419125927,0.9148474355765976,-0.15301322080830704,-0.9941252037240075,-0.9531797268406809,0.72289884459952,1.000000413473063,-0.9999997512353085,-1.0000004696714047,0.9999999998915481,-0.9999992751614701,0.9999993167987945,0.9999993017480205,-0.9941236173308886,-0.9999991942618298,-0.999999194261829,0.9765668398484438,-0.9725213006928581,-0.9999990862344627,-0.9999992706333226,0.9584859189543729,-0.9634793407579993,0.9681583238049515,0.9999992425015461,0.9999992425015466
0.48009998236284196,-0.9148522902662503,0.15300234412045732,0.9941246184088918,0.9531826929344425,-0.7228923124552046,-0.9999999147809396,0.9999996077873203,0.999999992110394,-0.9999992751614701,0.99999999926322,-0.9999988774029098,-0.9999984147887883,0.9941244063552201,0.9999986245860233,0.9999986245860233,-0.976568597771375,0.9725229601276055,0.9999988754748877,0.9999990837983969,-0.9584882993623838,0.9634813060067385,-0.9681600492240998,-0.9999986413321257,-0.9999986413321251
-0.48010395313417475,0.9148544899770318,-0.15299863993024646,-0.9941245378325767,-0.9531842141049156,0.7228904354391084,0.999999951227915,-0.9999996451065803,-1.000000030076123,0.9999993167987945,-0.9999988774029098,0.9999999997953068,0.9999989733831738,-0.9941247688539967,-0.9999987404616408,-0.9999987404616408,0.976569690073529,-0.9725240079874627,-0.9999989385719839,-0.9999991191201605,0.958489602833163,-0.9634824570482478,0.968161115318611,0.9999987227181467,0.9999987227181479
-0.48009616984629133,0.9148502901947889,-0.15300601232314046,-0.9941244731478986,-0.9531813539407417,0.7228942758324866,0.9999999339889645,-0.9999996313695754,-1.0000000075116777,0.9999993017480205,-0.9999984147887883,0.9999989733831738,0.9999999991009749,-0.9941238202698887,-0.9999982164620574,-0.9999982164620496,0.9765676786236493,-0.97252208141426,-0.9999988929734447,-0.9999991148045743,0.9584871701389004,-0.9634803243072311,0.9681591508410503,0.999998648001607,0.9999986480016075
0.572231027093098,-0.9531846254539006,0.045136266164504134,0.9765698245582266,0.980314766901742,-0.6438553294617451,-0.9941240450091466,0.9941238240835079,0.994124081860895,-0.9941236173308886,0.9941244063552201,-0.9941247688539967,-0.9941238202698887,1.000000000347044,0.9941234504022307,0.9941234504022294,-0.9941254757078888,0.9920090980737308,0.9941234228528576,0.994123391898928,-0.9837205711246445,0.986805576172528,-0.9895687329578904,-0.9941233111688756,-0.9941233111688741
0.48009430732011665,-0.9148492589712505,0.153007760004184,0.9941243181827869,0.9531806317624559,-0.7228951587518562,-0.9999998193505348,0.9999995202995896,0.9999998903666779,-0.9999991942618298,0.9999986245860233,-0.9999987404616408,-0.9999982164620574,0.9941234504022307,0.9999999989166778,0.9999984855751396,-0.9765671529340842,0.9725215748536432,0.9999987847890607,0.9999990087963869,-0.9584865463577799,0.9634797696589733,-0.9681586351781964,-0.9999981473455061,-0.9999985368531228
0.4800943073201159,-0.9148492589712508,0.1530077600041849,0.9941243181827866,0.9531806317624559,-0.7228951587518566,-0.9999998193505345,0.9999995202995877,0.9999998903666772,-0.999999194261829,0.9999986245860233,-0.9999987404616408,-0.9999982164620496,0.9941234504022294,0.9999984855751396,0.9999999989166778,-0.976567152934084,0.972521574853642,0.9999987847890605,0.9999990087963868,-0.9584865463577805,0.9634797696589728,-0.9681586351781954,-0.9999985368531219,-0.9999981473455097
-0.6576343653237623,0.9803148915253427,0.06325636756768103,-0.9475401242223033,-0.9959262825186407,0.5572550540590097,0.9765670226175475,-0.9765669032432942,-0.9765670104383304,0.9765668398484438,-0.976568597771375,0.976569690073529,0.9765676786236493,-0.9941254757078888,-0.9765671529340842,-0.976567152934084,1.000000000798423,-0.9998377445153189,-0.9765668618930313,-0.9765665842171516,0.9973928727582143,-0.9985337797492467,0.9993489689491004,0.9765668731380458,0.9765668731380451
0.6711325171427495,-0.9837209158260694,-0.08127002533477784,0.9416130179977011,0.9973929478747082,-0.5421681257127089,-0.972521496503223,0.9725213723989059,0.9725214873979002,-0.9725213006928581,0.9725229601276055,-0.9725240079874627,-0.97252208141426,0.9920090980737308,0.9725215748536432,0.972521574853642,-0.9998377445153189,1.0000000009487788,0.9725213074632456,0.9725210503241681,-0.9985338321878828,0.9993490499131327,-0.9998378919532366,-0.9725213094651421,-0.9725213094651424
0.4800915557229425,-0.9148481326247851,0.1530107411124474,0.9941246752920225,0.9531800139962133,-0.722897082903937,-1.000000072791842,0.9999997862301622,1.000000136595485,-0.9999990862344627,0.9999988754748877,-0.9999989385719839,-0.9999988929734447,0.9941234228528576,0.9999987847890607,0.9999987847890605,-0.9765668618930313,0.9725213074632456,0.9999999993429681,0.9999992897368527,-0.9584860839466404,0.9634794179516653,-0.9681583483571177,-0.9999984490043808,-0.9999984490043792
0.48008895277218505,-0.9148470786282539,0.1530135920982689,0.9941250283942954,0.9531794321863,-0.7228989427310758,-1.0000002213081576,0.9999999503134392,1.0000002764667564,-0.9999992706333226,0.9999990837983969,-0.9999991191201605,-0.9999991148045743,0.994123391898928,0.9999990087963869,0.9999990087963868,-0.9765665842171516,0.9725210503241681,0.9999992897368527,0.999999999622172,-0.9584856453923531,0.9634790816813217,-0.9681580724270773,-0.9999990572440718,-0.9999990572440716
-0.7102937550909744,0.9920090269702834,0.13512517358283588,-0.9219978926701011,-0.9998375132316184,0.49586893788557346,0.9584859381387528,-0.9584858870383761,-0.9584858936264218,0.9584859189543729,-0.9584882993623838,0.958489602833163,0.9584871701389004,-0.9837205711246445,-0.9584865463577799,-0.9584865463577805,0.9973928727582143,-0.9985338321878828,-0.9584860839466404,-0.9584856453923531,1.0000000007924357,-0.9998377572808997,0.9993490147746991,0.9584861762343935,0.9584861762343947
0.6974665477653068,-0.9895689326138805,-0.11721036029995971,0.9288397778959879,0.9993488686262136,-0.5114699898030425,-0.9634794559012682,0.9634793654997527,0.9634794308911618,-0.9634793407579993,0.9634813060067385,-0.9634824570482478,-0.9634803243072311,0.986805576172528,0.9634797696589733,0.9634797696589728,-0.9985337797492467,0.9993490499131327,0.9634794179516653,0.9634790816813217,-0.9998377572808997,1.000000000945753,-0.9998378962684449,-0.963479459886544,-0.9634794598865437
-0.6844113847879328,0.9868059397190732,0.09925668488161879,-0.9353788790379906,-0.9985338077351517,0.5269047447184785,0.9681584977092231,-0.9681583830144196,-0.9681584844695885,0.9681583238049515,-0.9681600492240998,0.968161115318611,0.9681591508410503,-0.9895687329578904,-0.9681586351781964,-0.9681586351781954,0.9993489689491004,-0.9998378919532366,-0.9681583483571177,-0.9681580724270773,0.9993490147746991,-0.9998378962684449,1.0000000010054861,0.9681583602473101,0.9681583602473103
-0.4800927540848901,0.9148485293662267,-0.15300934929582738,-0.9941243809708477,-0.9531801764605559,0.722896099177951,0.9999998551265269,-0.99999956173295,-0.9999999227504055,0.9999992425015461,-0.9999986413321257,0.9999987227181467,0.999998648001607,-0.9941233111688756,-0.9999981473455061,-0.9999985368531219,0.9765668731380458,-0.9725213094651421,-0.9999984490043808,-0.9999990572440718,0.9584861762343935,-0.963479459886544,0.9681583602473101,0.9999999989925457,0.9999985916137072
-0.48009275408488944,0.9148485293662252,-0.15300934929582763,-0.9941243809708483,-0.9531801764605559,0.7228960991779506,0.999999855126527,-0.9999995617329501,-0.9999999227504036,0.9999992425015466,-0.9999986413321251,0.9999987227181479,0.9999986480016075,-0.9941233111688741,-0.9999985368531228,-0.9999981473455097,0.9765668731380451,-0.9725213094651424,-0.9999984490043792,-0.9999990572440716,0.9584861762343947,-0.9634794598865437,0.9681583602473103,0.9999985916137072,0.9999999989925457
