1.0000000005024703,-1.0000006400300028,1.0000006758847861,1.0000002842006361,-1.000000278564008,1.0000004754781007,1.0000004754780978,0.9999999800219425,1.0000002314977876,-0.9999997613148716,-1.000000069784031,-1.0000004483508753,-1.0000010984358896,1.0000012480989364,1.0000012480989318,1.0000012480989353,-1.0000005509975802,1.0000004134140084,-1.000000605019739,-1.0000001203896474,-1.0000005509975776,1.0000004134140053,-1.0000006050197423,-1.000000960361793,1.0000007400746864,0.9999995112216709,-0.9999995677771427,0.9999993689253543,1.0000000203577049,0.9999998394893544,0.9999996770785212,-0.9999994004417564,-1.0000005488273918,1.0000004782204543,1.0000004782204517,-1.0000002825775895,-1.0000002825775904
-1.0000006400300028,1.0000000002719127,-1.0000006107811115,-1.0000002190355672,1.0000001167103425,-1.0000003136216262,-1.0000003136216238,-0.9999998181491186,-1.0000000696611937,0.9999995994419535,0.9999999079393739,1.0000002865493725,1.0000009367480773,-1.000001086424756,-1.0000010864247517,-1.0000010864247557,1.0000003890301739,-1.0000002514533726,1.0000004430455678,0.9999999584564324,1.0000003890301685,-1.0000002514533715,1.00000044304557,1.000000798385659,-1.0000005780998598,-0.9999993497300176,0.9999994062852641,-0.9999992072951922,-0.9999998590000384,-0.9999996776204375,-0.9999995152181114,0.9999992386865594,1.000000387585367,-1.0000003169638876,-1.0000003169638836,1.0000001212796794,1.00000012127968
1.0000006758847861,-1.0000006107811115,1.0000000004607597,1.0000002549849283,-1.0000002493760827,1.0000004462792846,1.0000004462792815,0.9999999508535247,1.000000202301597,-0.999999732151583,-1.000000040595788,-1.0000005157741931,-1.0000011657532986,1.0000012187416907,1.0000012187416847,1.00000121874169,-1.000000521889722,1.0000003843130634,-1.0000005759268407,-1.0000000912728009,-1.0000005218897194,1.0000003843130618,-1.0000005759268429,-1.0000009312564127,1.0000007109803972,0.9999994817137041,-0.9999995382800948,0.9999993395479382,0.9999999907442455,0.9999998103205961,0.9999996479042735,-0.9999993711732997,-1.0000005191047436,1.0000004485112612,1.0000004485112568,-1.0000002529072785,-1.00000025290728
1.0000002842006361,-1.0000002190355672,1.0000002549849283,0.9999999999024246,-0.9999998572925646,1.0000000542143177,1.000000054214315,0.9999995586746993,0.9999998102857917,-0.9999993399607816,-0.9999997451933773,-1.000000027280881,-1.0000006778138741,1.000000827544135,1.0000008275441308,1.0000008275441348,-1.000000129311352,0.9999999917365768,-1.0000001832954006,-0.9999996988086581,-1.0000001293113483,0.9999999917365744,-1.0000001832954026,-1.0000005386480697,1.0000003183493487,0.9999990913620658,-0.9999991479016104,0.9999989485163536,0.9999996010016072,0.9999994181543186,0.9999992557729326,-0.9999989795484333,-1.000000129930582,1.0000000592664835,1.0000000592664806,-0.9999998634599998,-0.9999998634600001
-1.000000278564008,1.0000001167103425,-1.0000002493760827,-0.9999998572925646,0.999999999894134,-1.000000145015288,-1.000000145015286,-0.9999996494098123,-0.9999999011130257,0.9999993340362131,0.9999996426912207,1.0000000215521403,1.000000672401881,-1.0000008221801437,-1.0000008221801389,-1.0000008221801429,1.000000123162967,-0.9999999855896637,1.0000001771151712,0.9999996927265955,1.0000001231629643,-0.9999999855896641,1.0000001771151745,1.0000005324812276,-1.0000003121702405,-0.9999990865020342,0.9999991430267744,-0.9999989432628689,-0.9999995964931947,-0.9999994122423256,-0.9999992498832518,0.9999989739513613,1.0000001257500906,-1.0000000550449244,-1.0000000550449226,0.9999998591211147,0.999999859121115
1.0000004754781007,-1.0000003136216262,1.0000004462792846,1.0000000542143177,-1.000000145015288,1.0000000001747926,1.000000245298838,0.9999997496935129,1.0000000013848351,-0.9999995309718791,-0.9999998396187599,-1.0000002184689574,-1.000000869287229,1.0000010190656166,1.0000010190656115,1.0000010190656148,-1.0000003201323566,1.0000001825526512,-1.0000003740832393,-0.9999998896800004,-1.000000320132353,1.0000001825526488,-1.0000003740832417,-1.0000007294541087,1.0000005091384876,0.9999992833384156,-0.9999993398592771,0.9999991401340321,0.9999997932889853,0.9999996091779021,0.9999994468156294,-0.9999991708566649,-1.0000003225172849,1.0000002518158961,1.0000002518158937,-1.0000000559025402,-1.0000000559025413
1.0000004754780978,-1.0000003136216238,1.0000004462792815,1.000000054214315,-1.000000145015286,1.000000245298838,1.0000000001747926,0.999999749693511,1.000000001384833,-0.9999995309718764,-0.9999998396187578,-1.0000002184689545,-1.0000008692872262,1.0000010190656135,1.0000010190656086,1.0000010190656128,-1.0000003201323548,1.000000182552648,-1.0000003740832366,-0.9999998896799978,-1.0000003201323506,1.0000001825526488,-1.0000003740832388,-1.0000007294541051,1.0000005091384854,0.9999992833384139,-0.9999993398592745,0.9999991401340305,0.999999793288982,0.9999996091778999,0.9999994468156264,-0.9999991708566629,-1.000000322517283,1.0000002518158935,1.0000002518158913,-1.000000055902538,-1.0000000559025393
0.9999999800219425,-0.9999998181491186,0.9999999508535247,0.9999995586746993,-0.9999996494098123,0.9999997496935129,0.999999749693511,0.9999999994684609,0.999999505810004,-0.9999991319818451,-0.999999344028508,-0.9999997229618519,-1.0000003739926604,1.0000005238009364,1.0000005238009329,1.0000005238009364,-0.9999998243265935,0.9999996867545918,-0.9999998782627836,-0.9999993939289108,-0.9999998243265911,0.9999996867545904,-0.999999878262786,-1.0000002336351435,1.0000000133171814,0.999998788391649,-0.9999988449079075,0.9999986449321417,0.9999992985818466,0.9999991135433707,0.9999989511946576,-0.9999986754278343,-0.9999998280234264,0.9999997572955122,0.9999997572955097,-0.9999995613062281,-0.9999995613062296
1.0000002314977876,-1.0000000696611937,1.000000202301597,0.9999998102857917,-0.9999999011130257,1.0000000013848351,1.000000001384833,0.999999505810004,0.9999999998271849,-0.9999992870932323,-0.9999996923702427,-1.000000071181096,-1.0000006252440563,1.0000007750012667,1.0000007750012627,1.0000007750012663,-1.0000000763084813,0.9999999387367917,-1.0000001302758914,-0.9999996458481694,-1.000000076308476,0.9999999387367928,-1.0000001302758943,-1.0000004856336822,1.0000002653298543,0.9999990391115011,-0.9999990956442175,0.9999988960387568,0.9999995489578364,0.9999993652940946,0.9999992029255892,-0.9999989268710235,-1.0000000780762992,1.0000000073885025,1.000000007388499,-0.9999998115143234,-0.9999998115143237
-0.9999997613148716,0.9999995994419535,-0.999999732151583,-0.9999993399607816,0.9999993340362131,-0.9999995309718791,-0.9999995309718764,-0.9999991319818451,-0.9999992870932323,0.9999999991567482,0.9999991253100265,0.9999995042515955,1.0000001553034903,-1.0000003051136541,-1.0000003051136492,-1.0000003051136535,0.9999996055859741,-0.9999994680160424,0.9999996595220317,0.9999991751950137,0.9999996055859707,-0.9999994680160403,0.9999996595220332,1.0000000148934125,-0.9999997945764373,-0.9999985697283085,0.9999986262452131,-0.9999984262467823,-0.9999990799409827,-0.9999989914733859,-0.9999988291258752,0.9999984567222543,0.9999996094006125,-0.9999995386704408,-0.9999995386704367,0.9999993426746928,0.9999993426746918
-1.000000069784031,0.9999999079393739,-1.000000040595788,-0.9999997451933773,0.9999996426912207,-0.9999998396187599,-0.9999998396187578,-0.999999344028508,-0.9999996923702427,0.9999991253100265,0.9999999995966523,0.9999998127933984,1.0000004635859054,-1.0000006133553085,-1.0000006133553059,-1.0000006133553085,0.9999999144728727,-0.9999997769016318,0.9999999684335048,0.9999994840281089,0.9999999144728692,-0.9999997769016319,0.999999968433506,1.00000032379432,-1.0000001034875234,-0.999998877575262,0.9999989341044068,-0.9999987344111302,-0.9999993875036012,-0.9999993001677224,-0.9999990411502452,0.9999987651636758,0.9999999166983512,-0.9999998460011164,-0.9999998460011134,0.9999996500998037,0.9999996500998054
-1.0000004483508753,1.0000002865493725,-1.0000005157741931,-1.000000027280881,1.0000000215521403,-1.0000002184689574,-1.0000002184689545,-0.9999997229618519,-1.000000071181096,0.9999995042515955,0.9999998127933984,1.0000000001364395,1.0000008418537845,-1.000000991560334,-1.00000099156033,-1.0000009915603343,1.000000293706731,-1.000000156131409,1.0000003477053254,0.9999998631734134,1.0000002937067263,-1.0000001561314078,1.0000003477053268,1.0000007030509561,-1.0000004827585134,-0.999999255149205,0.9999993116958503,-0.9999991124902841,-0.9999997646214246,-0.9999995824387263,-0.9999994200475268,0.9999991436850113,1.0000002933943388,-1.0000002227497184,-1.000000222749716,1.0000000269989988,1.0000000269989981
-1.0000010984358896,1.0000009367480773,-1.0000011657532986,-1.0000006778138741,1.000000672401881,-1.000000869287229,-1.0000008692872262,-1.0000003739926604,-1.0000006252440563,1.0000001553034903,1.0000004635859054,1.0000008418537845,1.0000000010625634,-1.000001737363816,-1.0000017373638141,-1.0000017373638148,1.0000009455150634,-1.0000008079318001,1.0000009996126398,1.0000005147541913,1.0000009455150598,-1.0000008079317988,1.0000009996126422,1.0000013549192293,-1.0000011346663746,-0.9999999026637938,0.9999999592584535,-0.9999997613103563,-1.0000004109589298,-1.000000233443807,-1.0000000709848318,0.9999997936474588,1.0000009386396256,-1.0000008681307044,-1.0000008681307015,1.0000006727689406,1.0000006727689394
1.0000012480989364,-1.000001086424756,1.0000012187416907,1.000000827544135,-1.0000008221801437,1.0000010190656166,1.0000010190656135,1.0000005238009364,1.0000007750012667,-1.0000003051136541,-1.0000006133553085,-1.000000991560334,-1.000001737363816,1.0000000012756618,1.0000017902276623,1.0000017902276646,-1.0000010954521603,1.0000009578631774,-1.0000011495628345,-1.0000006646489605,-1.0000010954521574,1.0000009578631752,-1.0000011495628363,-1.0000015048671214,1.000001284616198,1.0000000519173442,-1.0000001085155126,0.9999999107682337,1.0000005600219506,1.0000003832481519,1.000000220776776,-0.9999999432866973,-1.0000010875323833,1.0000010170449296,1.000001017044926,-1.0000008217442384,-1.0000008217442387
1.0000012480989318,-1.0000010864247517,1.0000012187416847,1.0000008275441308,-1.0000008221801389,1.0000010190656115,1.0000010190656086,1.0000005238009329,1.0000007750012627,-1.0000003051136492,-1.0000006133553059,-1.00000099156033,-1.0000017373638141,1.0000017902276623,1.0000000012756618,1.0000017902276626,-1.0000010954521577,1.0000009578631732,-1.0000011495628314,-1.0000006646489574,-1.0000010954521543,1.000000957863173,-1.000001149562834,-1.0000015048671176,1.0000012846161932,1.0000000519173409,-1.0000001085155077,0.9999999107682294,1.0000005600219468,1.000000383248149,1.0000002207767726,-0.999999943286694,-1.0000010875323795,1.0000010170449267,1.0000010170449234,-1.0000008217442342,-1.0000008217442355
1.0000012480989353,-1.0000010864247557,1.00000121874169,1.0000008275441348,-1.0000008221801429,1.0000010190656148,1.0000010190656128,1.0000005238009364,1.0000007750012663,-1.0000003051136535,-1.0000006133553085,-1.0000009915603343,-1.0000017373638148,1.0000017902276646,1.0000017902276626,1.0000000012756618,-1.0000010954521619,1.0000009578631777,-1.000001149562834,-1.0000006646489596,-1.0000010954521574,1.000000957863175,-1.0000011495628358,-1.0000015048671211,1.000001284616198,1.0000000519173442,-1.0000001085155126,0.9999999107682331,1.0000005600219506,1.0000003832481514,1.0000002207767758,-0.9999999432866962,-1.0000010875323833,1.0000010170449294,1.000001017044927,-1.000000821744237,-1.000000821744239
-1.0000005509975802,1.0000003890301739,-1.000000521889722,-1.000000129311352,1.000000123162967,-1.0000003201323566,-1.0000003201323548,-0.9999998243265935,-1.0000000763084813,0.9999996055859741,0.9999999144728727,1.000000293706731,1.0000009455150634,-1.0000010954521603,-1.0000010954521577,-1.0000010954521619,1.0000000002807763,-1.0000003531108852,1.0000004478858415,0.999999963792692,1.0000003940333948,-1.0000002564575343,1.0000004478858437,1.0000008032952135,-1.0000005829398884,-0.9999993613010971,0.999999417773227,-0.9999992168617209,-0.9999998723573712,-0.9999996838358133,-0.9999995215388504,0.9999992465045477,1.000000402617835,-1.0000003317881354,-1.0000003317881314,1.000000135507128,1.000000135507128
1.0000004134140084,-1.0000002514533726,1.0000003843130634,0.9999999917365768,-0.9999999855896637,1.0000001825526512,1.000000182552648,0.9999996867545918,0.9999999387367917,-0.9999994680160424,-0.9999997769016318,-1.000000156131409,-1.0000008079318001,1.0000009578631774,1.0000009578631732,1.0000009578631777,-1.0000003531108852,1.0000000000847156,-1.0000004069683315,-0.9999999228777021,-1.0000002564575317,1.0000001188875776,-1.0000003103149855,-1.000000665718157,1.0000004453686382,0.9999992237018026,-0.9999992801794554,0.9999990792751731,0.9999997347562201,0.9999995462644796,0.9999993839680649,-0.9999991089254663,-1.0000002650060436,1.0000001941774852,1.0000001941774825,-0.9999999979000926,-0.9999999979000929
-1.000000605019739,1.0000004430455678,-1.0000005759268407,-1.0000001832954006,1.0000001771151712,-1.0000003740832393,-1.0000003740832366,-0.9999998782627836,-1.0000001302758914,0.9999996595220317,0.9999999684335048,1.0000003477053254,1.0000009996126398,-1.0000011495628345,-1.0000011495628314,-1.000001149562834,1.0000004478858415,-1.0000004069683315,1.0000000003575182,1.0000000176746573,1.0000004478858389,-1.0000003103149817,1.0000005017314177,1.0000008571395602,-1.0000007334378371,-0.9999994155799307,0.9999994720510332,-0.9999992710161184,-0.9999999267556012,-0.9999997377757279,-0.9999995754862597,0.9999993005469213,1.000000457120546,-1.000000386277758,-1.0000003862777542,1.0000001899595174,1.0000001899595181
-1.0000001203896474,0.9999999584564324,-1.0000000912728009,-0.9999996988086581,0.9999996927265955,-0.9999998896800004,-0.9999998896799978,-0.9999993939289108,-0.9999996458481694,0.9999991751950137,0.9999994840281089,0.9999998631734134,1.0000005147541913,-1.0000006646489605,-1.0000006646489574,-1.0000006646489596,0.999999963792692,-0.9999999228777021,1.0000000176746573,0.9999999996675973,0.9999999637926895,-0.9999999228777023,1.000000017674657,1.000000373066972,-1.0000001527284264,-0.999998930125291,0.9999989866159001,-0.9999987859777612,-0.9999994409339567,-0.9999992534336044,-0.9999991877755907,0.9999988158708204,0.9999999709505831,-0.9999999001510371,-0.9999999001510336,0.999999703956755,0.999999703956756
-1.0000005509975776,1.0000003890301685,-1.0000005218897194,-1.0000001293113483,1.0000001231629643,-1.000000320132353,-1.0000003201323506,-0.9999998243265911,-1.000000076308476,0.9999996055859707,0.9999999144728692,1.0000002937067263,1.0000009455150598,-1.0000010954521574,-1.0000010954521543,-1.0000010954521574,1.0000003940333948,-1.0000002564575317,1.0000004478858389,0.9999999637926895,1.0000000002807763,-1.0000003531108796,1.0000004478858404,1.0000008032952117,-1.000000582939884,-0.9999993613010939,0.9999994177732229,-0.9999992168617177,-0.9999998723573682,-0.9999996838358095,-0.9999995215388481,0.9999992465045437,1.0000004026178302,-1.0000003317881316,-1.00000033178813,1.0000001355071249,1.000000135507124
1.0000004134140053,-1.0000002514533715,1.0000003843130618,0.9999999917365744,-0.9999999855896641,1.0000001825526488,1.0000001825526488,0.9999996867545904,0.9999999387367928,-0.9999994680160403,-0.9999997769016319,-1.0000001561314078,-1.0000008079317988,1.0000009578631752,1.000000957863173,1.000000957863175,-1.0000002564575343,1.0000001188875776,-1.0000003103149817,-0.9999999228777023,-1.0000003531108796,1.0000000000847156,-1.0000004069683315,-1.0000006657181562,1.0000004453686375,0.9999992237018013,-0.9999992801794545,0.9999990792751714,0.9999997347562182,0.9999995462644791,0.9999993839680649,-0.9999991089254654,-1.0000002650060429,1.0000001941774845,1.0000001941774805,-0.9999999979000913,-0.9999999979000926
-1.0000006050197423,1.00000044304557,-1.0000005759268429,-1.0000001832954026,1.0000001771151745,-1.0000003740832417,-1.0000003740832388,-0.999999878262786,-1.0000001302758943,0.9999996595220332,0.999999968433506,1.0000003477053268,1.0000009996126422,-1.0000011495628363,-1.000001149562834,-1.0000011495628358,1.0000004478858437,-1.0000003103149855,1.0000005017314177,1.000000017674657,1.0000004478858404,-1.0000004069683315,1.0000000003575182,1.000000857139562,-1.0000007334378376,-0.9999994155799332,0.9999994720510338,-0.9999992710161205,-0.9999999267556035,-0.9999997377757297,-0.9999995754862608,0.999999300546924,1.0000004571205476,-1.0000003862777598,-1.0000003862777553,1.0000001899595194,1.0000001899595214
-1.000000960361793,1.000000798385659,-1.0000009312564127,-1.0000005386480697,1.0000005324812276,-1.0000007294541087,-1.0000007294541051,-1.0000002336351435,-1.0000004856336822,1.0000000148934125,1.00000032379432,1.0000007030509561,1.0000013549192293,-1.0000015048671214,-1.0000015048671176,-1.0000015048671211,1.0000008032952135,-1.000000665718157,1.0000008571395602,1.000000373066972,1.0000008032952117,-1.0000006657181562,1.000000857139562,1.0000000008640273,-1.0000010888465451,-0.9999997708312821,0.9999998272991313,-0.9999996263099554,-1.000000281959042,-1.0000000931460733,-0.9999999308538152,0.9999996558814813,1.0000008122883948,-1.0000007414501053,-1.0000007414501018,1.0000005451445821,1.0000005451445837
1.0000007400746864,-1.0000005780998598,1.0000007109803972,1.0000003183493487,-1.0000003121702405,1.0000005091384876,1.0000005091384854,1.0000000133171814,1.0000002653298543,-0.9999997945764373,-1.0000001034875234,-1.0000004827585134,-1.0000011346663746,1.000001284616198,1.0000012846161932,1.000001284616198,-1.0000005829398884,1.0000004453686382,-1.0000007334378371,-1.0000001527284264,-1.000000582939884,1.0000004453686375,-1.0000007334378376,-1.0000010888465451,1.0000000005499883,0.999999550641288,-0.9999996071120915,0.999999406074794,1.000000061818293,0.9999998728297903,0.9999997105410197,-0.9999994356034633,-1.0000005921851722,1.0000005213420473,1.0000005213420429,-1.0000003250229643,-1.0000003250229645
0.9999995112216709,-0.9999993497300176,0.9999994817137041,0.9999990913620658,-0.9999990865020342,0.9999992833384156,0.9999992833384139,0.999998788391649,0.9999990391115011,-0.9999985697283085,-0.999998877575262,-0.999999255149205,-0.9999999026637938,1.0000000519173442,1.0000000519173409,1.0000000519173442,-0.9999993613010971,0.9999992237018026,-0.9999994155799307,-0.999998930125291,-0.9999993613010939,0.9999992237018013,-0.9999994155799332,-0.9999997708312821,0.999999550641288,0.9999999987963736,-0.9999984641965637,0.9999981717968323,0.9999988171019911,0.9999986477892473,0.9999984852051709,-0.9999982061425584,-0.9999993428733737,0.9999992726020565,0.9999992726020523,-0.9999990779202957,-0.9999990779202956
-0.9999995677771427,0.9999994062852641,-0.9999995382800948,-0.9999991479016104,0.9999991430267744,-0.9999993398592771,-0.9999993398592745,-0.9999988449079075,-0.9999990956442175,0.9999986262452131,0.9999989341044068,0.9999993116958503,0.9999999592584535,-1.0000001085155126,-1.0000001085155077,-1.0000001085155126,0.999999417773227,-0.9999992801794554,0.9999994720510332,0.9999989866159001,0.9999994177732229,-0.9999992801794545,0.9999994720510338,0.9999998272991313,-0.9999996071120915,-0.9999984641965637,0.9999999988771504,-0.9999983250707261,-0.9999989704953183,-0.9999987043072279,-0.9999985417274496,0.9999982627090211,0.9999993996624121,-0.9999993293847772,-0.999999329384775,0.9999991346853345,0.9999991346853341
0.9999993689253543,-0.9999992072951922,0.9999993395479382,0.9999989485163536,-0.9999989432628689,0.9999991401340321,0.9999991401340305,0.9999986449321417,0.9999988960387568,-0.9999984262467823,-0.9999987344111302,-0.9999991124902841,-0.9999997613103563,0.9999999107682337,0.9999999107682294,0.9999999107682331,-0.9999992168617209,0.9999990792751731,-0.9999992710161184,-0.9999987859777612,-0.9999992168617177,0.9999990792751714,-0.9999992710161205,-0.9999996263099554,0.999999406074794,0.9999981717968323,-0.9999983250707261,0.9999999985970253,0.999998679500534,0.9999985043646593,0.9999983418675402,-0.9999981606777651,-0.9999992066294532,0.9999991361892678,0.9999991361892643,-0.9999989410239045,-0.9999989410239053
1.0000000203577049,-0.9999998590000384,0.9999999907442455,0.9999996010016072,-0.9999995964931947,0.9999997932889853,0.999999793288982,0.9999992985818466,0.9999995489578364,-0.9999990799409827,-0.9999993875036012,-0.9999997646214246,-1.0000004109589298,1.0000005600219506,1.0000005600219468,1.0000005600219506,-0.9999998723573712,0.9999997347562201,-0.9999999267556012,-0.9999994409339567,-0.9999998723573682,0.9999997347562182,-0.9999999267556035,-1.000000281959042,1.000000061818293,0.9999988171019911,-0.9999989704953183,0.999998679500534,0.9999999995169027,0.9999991579493197,0.9999989952883731,-0.9999987151266752,-0.9999998465838066,0.9999997764642745,0.9999997764642715,-0.999999678871287,-0.9999996788712843
0.9999998394893544,-0.9999996776204375,0.9999998103205961,0.9999994181543186,-0.9999994122423256,0.9999996091779021,0.9999996091778999,0.9999991135433707,0.9999993652940946,-0.9999989914733859,-0.9999993001677224,-0.9999995824387263,-1.000000233443807,1.0000003832481519,1.000000383248149,1.0000003832481514,-0.9999996838358133,0.9999995462644796,-0.9999997377757279,-0.9999992534336044,-0.9999996838358095,0.9999995462644791,-0.9999997377757297,-1.0000000931460733,0.9999998728297903,0.9999986477892473,-0.9999987043072279,0.9999985043646593,0.9999991579493197,0.9999999992682156,0.9999988106829506,-0.9999985348904591,-0.9999996873616637,0.9999996166374883,0.9999996166374866,-0.9999994206587691,-0.9999994206587701
0.9999996770785212,-0.9999995152181114,0.9999996479042735,0.9999992557729326,-0.9999992498832518,0.9999994468156294,0.9999994468156264,0.9999989511946576,0.9999992029255892,-0.9999988291258752,-0.9999990411502452,-0.9999994200475268,-1.0000000709848318,1.000000220776776,1.0000002207767726,1.0000002207767758,-0.9999995215388504,0.9999993839680649,-0.9999995754862597,-0.9999991877755907,-0.9999995215388481,0.9999993839680649,-0.9999995754862608,-0.9999999308538152,0.9999997105410197,0.9999984852051709,-0.9999985417274496,0.9999983418675402,0.9999989952883731,0.9999988106829506,0.9999999990368398,-0.9999984691225959,-0.9999995246276987,0.9999994539124866,0.9999994539124822,-0.9999992579595807,-0.999999257959581
-0.9999994004417564,0.9999992386865594,-0.9999993711732997,-0.9999989795484333,0.9999989739513613,-0.9999991708566649,-0.9999991708566629,-0.9999986754278343,-0.9999989268710235,0.9999984567222543,0.9999987651636758,0.9999991436850113,0.9999997936474588,-0.9999999432866973,-0.999999943286694,-0.9999999432866962,0.9999992465045477,-0.9999991089254663,0.9999993005469213,0.9999988158708204,0.9999992465045437,-0.9999991089254654,0.999999300546924,0.9999996558814813,-0.9999994356034633,-0.9999982061425584,0.9999982627090211,-0.9999981606777651,-0.9999987151266752,-0.9999985348904591,-0.9999984691225959,0.9999999986430511,0.9999992434466445,-0.999999172858372,-0.9999991728583713,0.9999989772687673,0.9999989772687681
-1.0000005488273918,1.000000387585367,-1.0000005191047436,-1.000000129930582,1.0000001257500906,-1.0000003225172849,-1.000000322517283,-0.9999998280234264,-1.0000000780762992,0.9999996094006125,0.9999999166983512,1.0000002933943388,1.0000009386396256,-1.0000010875323833,-1.0000010875323795,-1.0000010875323833,1.000000402617835,-1.0000002650060436,1.000000457120546,0.9999999709505831,1.0000004026178302,-1.0000002650060429,1.0000004571205476,1.0000008122883948,-1.0000005921851722,-0.9999993428733737,0.9999993996624121,-0.9999992066294532,-0.9999998465838066,-0.9999996873616637,-0.9999995246276987,0.9999992434466445,1.0000000002636502,-1.0000003966746658,-1.0000003966746613,1.0000001061785484,1.0000001061785488
1.0000004782204543,-1.0000003169638876,1.0000004485112612,1.0000000592664835,-1.0000000550449244,1.0000002518158961,1.0000002518158935,0.9999997572955122,1.0000000073885025,-0.9999995386704408,-0.9999998460011164,-1.0000002227497184,-1.0000008681307044,1.0000010170449296,1.0000010170449267,1.0000010170449294,-1.0000003317881354,1.0000001941774852,-1.000000386277758,-0.9999999001510371,-1.0000003317881316,1.0000001941774845,-1.0000003862777598,-1.0000007414501053,1.0000005213420473,0.9999992726020565,-0.9999993293847772,0.9999991361892678,0.9999997764642745,0.9999996166374883,0.9999994539124866,-0.999999172858372,-1.0000003966746658,1.0000000001639084,1.0000002300251674,-1.000000132785592,-1.000000036132244
1.0000004782204517,-1.0000003169638836,1.0000004485112568,1.0000000592664806,-1.0000000550449226,1.0000002518158937,1.0000002518158913,0.9999997572955097,1.000000007388499,-0.9999995386704367,-0.9999998460011134,-1.000000222749716,-1.0000008681307015,1.000001017044926,1.0000010170449234,1.000001017044927,-1.0000003317881314,1.0000001941774825,-1.0000003862777542,-0.9999999001510336,-1.00000033178813,1.0000001941774805,-1.0000003862777553,-1.0000007414501018,1.0000005213420429,0.9999992726020523,-0.999999329384775,0.9999991361892643,0.9999997764642715,0.9999996166374866,0.9999994539124822,-0.9999991728583713,-1.0000003966746613,1.0000002300251674,1.0000000001639084,-1.000000036132239,-1.000000132785591
-1.0000002825775895,1.0000001212796794,-1.0000002529072785,-0.9999998634599998,0.9999998591211147,-1.0000000559025402,-1.000000055902538,-0.9999995613062281,-0.9999998115143234,0.9999993426746928,0.9999996500998037,1.0000000269989988,1.0000006727689406,-1.0000008217442384,-1.0000008217442342,-1.000000821744237,1.000000135507128,-0.9999999979000926,1.0000001899595174,0.999999703956755,1.0000001355071249,-0.9999999979000913,1.0000001899595194,1.0000005451445821,-1.0000003250229643,-0.9999990779202957,0.9999991346853345,-0.9999989410239045,-0.999999678871287,-0.9999994206587691,-0.9999992579595807,0.9999989772687673,1.0000001061785484,-1.000000132785592,-1.000000036132239,0.9999999998874816,0.9999998420955755
-1.0000002825775904,1.00000012127968,-1.00000025290728,-0.9999998634600001,0.999999859121115,-1.0000000559025413,-1.0000000559025393,-0.9999995613062296,-0.9999998115143237,0.9999993426746918,0.9999996500998054,1.0000000269989981,1.0000006727689394,-1.0000008217442387,-1.0000008217442355,-1.000000821744239,1.000000135507128,-0.9999999979000929,1.0000001899595181,0.999999703956756,1.000000135507124,-0.9999999979000926,1.0000001899595214,1.0000005451445837,-1.0000003250229645,-0.9999990779202956,0.9999991346853341,-0.9999989410239053,-0.9999996788712843,-0.9999994206587701,-0.999999257959581,0.9999989772687681,1.0000001061785488,-1.000000036132244,-1.000000132785591,0.9999998420955755,0.9999999998874816
