0.9999999948730053,-0.9999943784966744,-0.9999924867704986,-0.9999924867704986,-0.9999924867705011,0.9999969029421742,-0.9999972051933803,-0.9999966493134206,0.9999969029421731,-0.9999972051933798,-0.9999966493134206,-0.9999966787692695,0.9999970766956121,0.9999963733068503,0.999995756783557,0.9999961316784971,-0.9999962931387869,-0.9999959477506699,-0.9999976379439058,0.9999974661518314,0.999997466151831,0.9999976890000953,0.999997162184131,-0.9999975383664073,-0.9999965330294659,-0.9999970553362575,0.9999967512516436
-0.9999943784966744,0.999999996890638,0.9999937578308148,0.9999937578308138,0.9999937578308129,-0.999998314423197,0.9999986166748999,0.9999980607940201,-0.9999983144231965,0.9999986166748989,0.9999980607940211,0.9999980902500402,-0.9999984881769691,-0.9999977847871475,-0.9999973086802805,-0.999997543158399,0.9999977046192496,0.999997359230106,0.9999990494260421,-0.9999988776337155,-0.9999988776337148,-0.9999991004822977,-0.9999985736657722,0.9999989498484502,0.9999979445104519,0.9999984668176678,-0.9999981627326378
-0.9999924867704986,0.9999937578308148,0.9999999941865151,0.9999918661053997,0.9999918661053993,-0.999996422691874,0.9999967249429189,0.9999961690632546,-0.9999964226918739,0.9999967249429189,0.9999961690632546,0.9999961985190631,-0.9999965964452094,-0.9999958930567977,-0.9999952765336563,-0.9999956514285742,0.9999958128887205,0.9999954675008768,0.9999971576932348,-0.9999969859012462,-0.9999969859012462,-0.9999972087494023,-0.9999966819336548,0.999997058115775,0.9999960527792463,0.9999965750858516,-0.9999962710013776
-0.9999924867704986,0.9999937578308138,0.9999918661053997,0.9999999941865151,0.9999918661053984,-0.9999964226918728,0.9999967249429189,0.999996169063254,-0.9999964226918726,0.999996724942917,0.9999961690632538,0.9999961985190616,-0.9999965964452083,-0.9999958930567969,-0.9999952765336552,-0.9999956514285718,0.9999958128887191,0.9999954675008751,0.9999971576932339,-0.9999969859012452,-0.9999969859012451,-0.9999972087494002,-0.9999966819336533,0.9999970581157739,0.9999960527792461,0.9999965750858497,-0.9999962710013753
-0.9999924867705011,0.9999937578308129,0.9999918661053993,0.9999918661053984,0.9999999941865151,-0.9999964226918732,0.9999967249429179,0.9999961690632536,-0.9999964226918707,0.9999967249429171,0.9999961690632528,0.9999961985190611,-0.9999965964452073,-0.9999958930567975,-0.9999952765336557,-0.9999956514285713,0.9999958128887191,0.9999954675008753,0.9999971576932329,-0.9999969859012462,-0.9999969859012441,-0.999997208749399,-0.9999966819336544,0.9999970581157739,0.9999960527792459,0.9999965750858495,-0.9999962710013751
0.9999969029421742,-0.999998314423197,-0.999996422691874,-0.9999964226918728,-0.9999964226918732,1.0000000006999226,-1.0000014219603508,-1.0000008660776765,1.0000009792911337,-1.0000012815438046,-1.0000007256611294,-1.0000007551175272,1.0000011530455757,1.0000004496537285,0.9999998331304142,1.0000002080242119,-1.0000003694862616,-1.000000024094951,-1.000001714296114,1.000001542503306,1.000001542503305,1.0000017653524924,1.0000012385349841,-1.0000016147183641,-1.0000006093785299,-1.0000011316864086,1.0000008276006058
-0.9999972051933803,0.9999986166748999,0.9999967249429189,0.9999967249429189,0.9999967249429179,-1.0000014219603508,1.0000000011319763,1.0000010279137304,-1.0000012815438066,1.0000015837965601,1.0000010279137306,1.0000010573701237,-1.0000015957148365,-1.0000007519062346,-1.000000135382656,-1.00000051027665,1.0000006717387142,1.0000003263473531,1.0000020165490007,-1.0000018447561425,-1.0000019851726882,-1.0000020676053956,-1.000001540787709,1.0000019169712167,1.0000009116310384,1.000001433939108,-1.0000011298532103
-0.9999966493134206,0.9999980607940201,0.9999961690632546,0.999996169063254,0.9999961690632536,-1.0000008660776765,1.0000010279137304,1.0000000003373715,-1.0000007256611285,1.0000010279137301,1.0000004720311835,1.0000005014875861,-1.0000008994155354,-1.0000001960238625,-0.9999995795007786,-0.9999999543944027,1.0000001158564424,0.9999997704651672,1.0000014606659262,-1.0000012888731624,-1.0000012888731609,-1.0000015117222911,-1.0000009849049383,1.000001361088208,1.000000355748668,1.0000008780563818,-1.000000573970659
0.9999969029421731,-0.9999983144231965,-0.9999964226918739,-0.9999964226918726,-0.9999964226918707,1.0000009792911337,-1.0000012815438066,-1.0000007256611285,1.0000000006999226,-1.000001421960356,-1.0000008660776767,-1.000000755117526,1.0000011530455757,1.0000004496537271,0.9999998331304131,1.0000002080242119,-1.0000003694862623,-1.0000000240949505,-1.0000017142961128,1.000001542503306,1.000001542503305,1.0000017653524922,1.0000012385349832,-1.0000016147183635,-1.0000006093785287,-1.000001131686407,1.000000827600605
-0.9999972051933798,0.9999986166748989,0.9999967249429189,0.999996724942917,0.9999967249429171,-1.0000012815438046,1.0000015837965601,1.0000010279137301,-1.000001421960356,1.0000000011319763,1.0000010279137301,1.0000010573701228,-1.0000015957148347,-1.000000751906234,-1.0000001353826564,-1.0000005102766487,1.0000006717387135,1.000000326347352,1.0000020165489998,-1.0000019851726827,-1.0000018447561405,-1.0000020676053945,-1.0000015407877068,1.0000019169712155,1.0000009116310364,1.0000014339391063,-1.000001129853209
-0.9999966493134206,0.9999980607940211,0.9999961690632546,0.9999961690632538,0.9999961690632528,-1.0000007256611294,1.0000010279137306,1.0000004720311835,-1.0000008660776767,1.0000010279137301,1.0000000003373715,1.0000005014875852,-1.0000008994155354,-1.0000001960238625,-0.9999995795007786,-0.9999999543944024,1.000000115856442,0.9999997704651677,1.000001460665927,-1.0000012888731626,-1.0000012888731609,-1.0000015117222922,-1.000000984904938,1.0000013610882081,1.0000003557486674,1.0000008780563823,-1.000000573970659
-0.9999966787692695,0.9999980902500402,0.9999961985190631,0.9999961985190616,0.9999961985190611,-1.0000007551175272,1.0000010573701237,1.0000005014875861,-1.000000755117526,1.0000010573701228,1.0000005014875852,1.0000000003794778,-1.0000010692884684,-1.0000003658967829,-0.9999996089569894,-0.9999999838507804,1.000000145312763,0.999999799921582,1.0000014901223344,-1.0000013183295668,-1.0000013183295648,-1.0000015411787029,-1.0000010143612938,1.0000013905446015,1.0000003852049577,1.000000907512751,-1.0000006034270146
0.9999970766956121,-0.9999984881769691,-0.9999965964452094,-0.9999965964452083,-0.9999965964452073,1.0000011530455757,-1.0000015957148365,-1.0000008994155354,1.0000011530455757,-1.0000015957148347,-1.0000008994155354,-1.0000010692884684,1.0000000009482952,1.0000006234080738,1.0000000068845523,1.0000003817785206,-1.0000005432405559,-1.000000197849254,-1.0000018880506758,1.0000017162578396,1.0000017162578378,1.0000019391070631,1.0000014122894374,-1.0000017884729009,-1.0000007831328417,-1.000001305440853,1.0000010013549963
0.9999963733068503,-0.9999977847871475,-0.9999958930567977,-0.9999958930567969,-0.9999958930567975,1.0000004496537285,-1.0000007519062346,-1.0000001960238625,1.0000004496537271,-1.000000751906234,-1.0000001960238625,-1.0000003658967829,1.0000006234080738,0.999999999942834,0.9999993034935873,0.9999996783872184,-0.9999998398491681,-0.9999994944580648,-1.000001184658313,1.0000010128655972,1.0000010128655956,1.000001235714665,1.0000007088974288,-1.0000010850806136,-1.0000000797413005,-1.0000006020489138,1.0000002979632738
0.999995756783557,-0.9999973086802805,-0.9999952765336563,-0.9999952765336552,-0.9999952765336557,0.9999998331304142,-1.000000135382656,-0.9999995795007786,0.9999998331304131,-1.0000001353826564,-0.9999995795007786,-0.9999996089569894,1.0000000068845523,0.9999993034935873,0.999999999061547,0.9999990618644118,-0.9999993637424287,-0.9999988779356059,-1.0000005681344635,1.000000396341864,1.0000003963418627,1.0000006191907898,1.000000092373667,-1.000000468556771,-0.9999996036342019,-0.9999999855253094,0.9999996814398375
0.9999961316784971,-0.999997543158399,-0.9999956514285742,-0.9999956514285718,-0.9999956514285713,1.0000002080242119,-1.00000051027665,-0.9999999543944027,1.0000002080242119,-1.0000005102766487,-0.9999999543944024,-0.9999999838507804,1.0000003817785206,0.9999996783872184,0.9999990618644118,0.9999999995974378,-0.9999997386363719,-0.9999993932453144,-1.0000009430286216,1.0000007712359467,1.000000771235946,1.0000009940849601,1.00000046726787,-1.0000008434509513,-0.9999998381119135,-1.0000003604193743,1.0000000563338105
-0.9999962931387869,0.9999977046192496,0.9999958128887205,0.9999958128887191,0.9999958128887191,-1.0000003694862616,1.0000006717387142,1.0000001158564424,-1.0000003694862623,1.0000006717387135,1.000000115856442,1.000000145312763,-1.0000005432405559,-0.9999998398491681,-0.9999993637424287,-0.9999997386363719,0.999999999828239,0.9999994142907715,1.0000011044907542,-1.0000009326980572,-1.000000932698057,-1.0000011555471067,-1.0000006287298346,1.0000010049130457,0.9999999995736554,1.0000005218813626,-1.0000003582122845
-0.9999959477506699,0.999997359230106,0.9999954675008768,0.9999954675008751,0.9999954675008753,-1.000000024094951,1.0000003263473531,0.9999997704651672,-1.0000000240949505,1.000000326347352,0.9999997704651677,0.999999799921582,-1.000000197849254,-0.9999994944580648,-0.9999988779356059,-0.9999993932453144,0.9999994142907715,0.9999999993345212,1.0000007590992446,-1.0000005873066002,-1.0000005873065987,-1.0000008101555726,-1.0000002833386386,1.0000006595216093,0.9999996541828731,1.000000176490138,-0.9999998724046358
-0.9999976379439058,0.9999990494260421,0.9999971576932348,0.9999971576932339,0.9999971576932329,-1.000001714296114,1.0000020165490007,1.0000014606659262,-1.0000017142961128,1.0000020165489998,1.000001460665927,1.0000014901223344,-1.0000018880506758,-1.000001184658313,-1.0000005681344635,-1.0000009430286216,1.0000011044907542,1.0000007590992446,1.0000000017505728,-1.0000024179252427,-1.000002417925244,-1.0000026407745959,-1.000001973540128,1.0000023497237989,1.000001344383183,1.0000018666914816,-1.0000015626054521
0.9999974661518314,-0.9999988776337155,-0.9999969859012462,-0.9999969859012452,-0.9999969859012462,1.000001542503306,-1.0000018447561425,-1.0000012888731624,1.000001542503306,-1.0000019851726827,-1.0000012888731626,-1.0000013183295668,1.0000017162578396,1.0000010128655972,1.000000396341864,1.0000007712359467,-1.0000009326980572,-1.0000005873066002,-1.0000024179252427,1.0000000015050041,1.0000021057157895,1.0000023285651034,1.00000180174728,-1.0000021779308854,-1.0000011725904476,-1.0000016948986499,1.0000013908126733
0.999997466151831,-0.9999988776337148,-0.9999969859012462,-0.9999969859012451,-0.9999969859012441,1.000001542503305,-1.0000019851726882,-1.0000012888731609,1.000001542503305,-1.0000018447561405,-1.0000012888731609,-1.0000013183295648,1.0000017162578378,1.0000010128655956,1.0000003963418627,1.000000771235946,-1.000000932698057,-1.0000005873065987,-1.000002417925244,1.0000021057157895,1.0000000015050041,1.0000023285651025,1.0000018017472787,-1.0000021779308843,-1.0000011725904456,-1.0000016948986485,1.0000013908126721
0.9999976890000953,-0.9999991004822977,-0.9999972087494023,-0.9999972087494002,-0.999997208749399,1.0000017653524924,-1.0000020676053956,-1.0000015117222911,1.0000017653524922,-1.0000020676053945,-1.0000015117222922,-1.0000015411787029,1.0000019391070631,1.000001235714665,1.0000006191907898,1.0000009940849601,-1.0000011555471067,-1.0000008101555726,-1.0000026407745959,1.0000023285651034,1.0000023285651025,1.0000000018235555,1.0000020245965229,-1.0000025411967601,-1.0000013954395486,-1.0000019177478694,1.0000016136618246
0.999997162184131,-0.9999985736657722,-0.9999966819336548,-0.9999966819336533,-0.9999966819336544,1.0000012385349841,-1.000001540787709,-1.0000009849049383,1.0000012385349832,-1.0000015407877068,-1.000000984904938,-1.0000010143612938,1.0000014122894374,1.0000007088974288,1.000000092373667,1.00000046726787,-1.0000006287298346,-1.0000002833386386,-1.000001973540128,1.00000180174728,1.0000018017472787,1.0000020245965229,1.0000000010704977,-1.0000020143788828,-1.0000010090386462,-1.0000015313467818,1.000001086844344
-0.9999975383664073,0.9999989498484502,0.999997058115775,0.9999970581157739,0.9999970581157739,-1.0000016147183641,1.0000019169712167,1.000001361088208,-1.0000016147183635,1.0000019169712155,1.0000013610882081,1.0000013905446015,-1.0000017884729009,-1.0000010850806136,-1.000000468556771,-1.0000008434509513,1.0000010049130457,1.0000006595216093,1.0000023497237989,-1.0000021779308854,-1.0000021779308843,-1.0000025411967601,-1.0000020143788828,1.000000001608232,1.0000012448054347,1.0000017671137038,-1.0000014630277043
-0.9999965330294659,0.9999979445104519,0.9999960527792463,0.9999960527792461,0.9999960527792459,-1.0000006093785299,1.0000009116310384,1.000000355748668,-1.0000006093785287,1.0000009116310364,1.0000003557486674,1.0000003852049577,-1.0000007831328417,-1.0000000797413005,-0.9999996036342019,-0.9999998381119135,0.9999999995736554,0.9999996541828731,1.000001344383183,-1.0000011725904476,-1.0000011725904456,-1.0000013954395486,-1.0000010090386462,1.0000012448054347,1.0000000001711518,1.0000007617736208,-1.0000004576879176
-0.9999970553362575,0.9999984668176678,0.9999965750858516,0.9999965750858497,0.9999965750858495,-1.0000011316864086,1.000001433939108,1.0000008780563818,-1.000001131686407,1.0000014339391063,1.0000008780563823,1.000000907512751,-1.000001305440853,-1.0000006020489138,-0.9999999855253094,-1.0000003604193743,1.0000005218813626,1.000000176490138,1.0000018666914816,-1.0000016948986499,-1.0000016948986485,-1.0000019177478694,-1.0000015313467818,1.0000017671137038,1.0000007617736208,1.000000000917763,-1.0000011204123584
0.9999967512516436,-0.9999981627326378,-0.9999962710013776,-0.9999962710013753,-0.9999962710013751,1.0000008276006058,-1.0000011298532103,-1.000000573970659,1.000000827600605,-1.000001129853209,-1.000000573970659,-1.0000006034270146,1.0000010013549963,1.0000002979632738,0.9999996814398375,1.0000000563338105,-1.0000003582122845,-0.9999998724046358,-1.0000015626054521,1.0000013908126733,1.0000013908126721,1.0000016136618246,1.000001086844344,-1.0000014630277043,-1.0000004576879176,-1.0000011204123584,1.0000000004830887
