0.9999999991594505,-0.9999994341054812,-0.9999995888506061,0.9999993875187234,-0.9999990748599831,-0.999998920049606,-0.9999988456767551,0.999998945834915,-0.9999993706447531,0.99999914311123,-0.9999979130745299,0.9999986171088433,-0.9999986126395606,0.9999984777129387,-0.9999989693303626,0.9999991061120436,0.9999995972816249,-0.9999998347343265,0.9999999171923286,-0.9999979340950257,0.9999984154336787,0.9999988728653602,-0.9999985644351368,-0.9999999002002254,0.999999597281624,0.9999979561063017,-0.9999992098622265,-0.999998380242835,0.9999979636890606,-0.9999984088819176,0.9999981738718473,-0.9999979340950271,0.9999974516858663,-0.9999965839915391,-0.9999976703399653,0.9999980071368646,-0.9999987118143434,0.9999990823240045,0.9999988695319573,0.9999975429718113,-0.999999456875376,-0.9999984618066315,-0.9999987854992708,0.9999989041884024,-0.9999996431812517,0.999998535794398,-0.9999989693303603,-0.9999999002002239,-0.999997568039554,0.9999979329949221,0.9999974675448816,-0.9999976575345797,0.9999983958115147,-0.9999973828852926,-0.9999981098915399,0.9999973776123257
-0.9999994341054812,0.9999999989387769,0.9999986625697208,-0.999999232476317,0.9999989193905099,0.9999987656233729,0.9999986909716879,-0.9999995623284312,0.9999992159052654,-0.9999989875616614,0.999997758500238,-0.9999992337573791,0.9999984582189755,-0.9999983225252871,0.9999988144681973,-0.9999989509863006,-0.9999994428072673,0.9999996800653885,-0.9999997617967559,0.9999977798268449,-0.9999982607216443,-0.9999987189731983,0.9999984098989291,0.9999997463571129,-0.9999994428072665,-0.9999978020298508,0.9999990553379787,0.9999982268946439,-0.99999781011616,0.9999982547102025,-0.9999980210963006,0.9999977798268445,-0.9999980679884557,0.9999964282991662,0.9999975149128014,-0.9999978513172642,0.9999985559722067,-0.9999989265620802,-0.9999987146439431,-0.9999973879615961,0.9999993010765653,0.9999983063687209,0.9999986301224737,-0.9999987488730354,0.9999994877795157,-0.9999983812628682,0.9999988144681954,0.9999997463571121,0.9999974137379759,-0.9999977788689635,-0.9999973135155384,0.9999975035461528,-0.9999982429105353,0.9999972304683082,0.999997957364096,-0.9999972256563425
-0.9999995888506061,0.9999986625697208,0.9999999991584944,-0.9999993873787424,0.9999990752515069,0.9999989191699185,0.9999988451211717,-0.9999989462586019,0.9999993701480551,-0.9999991435884563,0.9999979123340007,-0.9999986173181933,0.9999986116956264,-0.999998477694892,0.9999989688524941,-0.999999105989896,-0.999999596310523,0.9999998341389498,-0.9999999174699347,0.9999979329613353,-0.9999984148458708,-0.9999988711931065,0.9999985635476264,0.9999998984628623,-0.999999596310522,-0.9999979545226689,0.9999992089055432,0.9999983777146981,-0.9999979615691813,0.9999984074956408,-0.9999981706397705,0.9999979329613349,-0.9999974523189048,0.9999965846200709,0.9999976706029009,-0.9999980079311324,0.9999987126327952,-0.999999083052429,-0.9999988692102929,-0.9999975426877034,0.9999994576434234,0.9999984621432199,0.999998785706562,-0.9999989043656187,0.9999996434424939,-0.9999985348563933,0.9999989688524926,0.9999998984628612,0.9999975668082397,-0.9999979315385317,-0.9999974659810146,0.9999976559160536,-0.999998392680717,0.999997379151161,0.9999981062687683,-0.9999973732854461
0.9999993875187234,-0.999999232476317,-0.9999993873787424,0.9999999999701222,-1.0000004172922659,-1.0000002625880937,-0.9999994161976135,0.9999995162290868,-0.9999999411641838,0.9999997135170469,-0.9999984836111429,0.9999991875058737,-0.9999991831806782,0.9999990481428067,-0.9999995397693698,0.9999996765440285,1.0000001677291024,-1.0000004052582976,1.000000487608552,-0.9999985046390286,0.9999989859115374,0.9999994434224349,-0.9999991349090384,-1.0000004707252181,1.0000001677291028,0.9999985265143744,-0.9999997802645785,-0.9999989506651902,0.9999985342455341,-0.9999989793506023,0.9999987443769331,-0.9999985046390281,0.9999980220873614,-0.9999971544374289,-0.9999982407608831,0.9999985775253202,-0.9999992821778751,0.9999996527014433,0.9999994400283063,0.9999981134295916,-1.000000027236445,-0.9999990322648545,-0.999999355875925,0.9999994746547138,-1.0000002135973185,0.9999991062243129,-0.999999539769368,-1.000000470725217,-0.9999981385145887,0.9999985034697731,0.9999980380577131,-0.9999982280421882,0.9999989662148858,-0.9999979533646707,-0.9999986803016857,0.9999979481011888
-0.9999990748599831,0.9999989193905099,0.9999990752515069,-1.0000004172922659,0.9999999995255492,0.9999991783560503,0.9999991037585141,-0.9999992031899031,0.99999962871359,-0.9999994004680322,0.9999981712480871,-0.9999988745614599,0.999998870917776,-0.9999987353169097,0.9999992271337415,-0.9999993637407567,-0.9999998553599635,1.0000000928505155,-1.0000001746638656,0.9999981924893624,-0.9999986734422026,-0.9999991314819813,0.9999988224997307,1.0000001588174723,-0.9999998553599616,-0.99999821433997,0.9999994678268057,0.9999986389783987,-0.999998222493472,0.9999986671666372,-0.999998433100261,0.9999981924893618,-0.9999977088894404,0.999996841262406,0.9999979277508326,-0.9999990362848674,0.999998968905435,-1.0000001115082389,-0.9999998994803194,-0.9999978006939696,0.9999997139988024,0.9999987192910039,0.9999990429132933,-0.9999991617632337,0.9999999006305237,-0.9999987937877985,0.999999227133741,1.0000001588174714,0.9999978262319438,-0.9999981913081766,-0.9999977259717185,0.9999979159828193,-0.9999986548118238,0.999997642300466,0.9999983691431642,-0.9999976373501859
-0.999998920049606,0.9999987656233729,0.9999989191699185,-1.0000002625880937,0.9999991783560503,0.9999999993054609,0.9999989484624952,-0.9999990493329008,0.999999473481955,-0.9999992466680651,0.999998015712474,-0.9999987204212097,0.9999987151049141,-0.999998580860106,0.9999990720774491,-0.9999992091623365,-0.9999996996088252,0.9999999374872552,-1.000000020584735,0.9999980363982832,-0.9999985181395572,-0.9999989747068302,0.9999986668665171,1.0000000019484345,-0.9999996996088238,-0.9999980578473167,0.9999993121499794,0.9999984811770389,-0.9999980651360258,0.9999985108712872,-0.9999982742836183,0.9999980363982842,-0.9999975553666234,0.9999966877147368,0.9999977737175394,-0.9999981109479077,0.9999988156206725,-0.9999991860675993,-0.999998972495674,-0.9999976459104265,0.999999560635434,0.9999985652930232,0.9999988887871816,-0.9999990075439845,0.9999997465551674,-0.9999986381327899,0.9999990720774483,1.0000000019484343,0.9999976701683202,-0.9999980349289207,-0.9999975694256424,0.9999977593624776,-0.9999984962003783,0.9999974828296763,0.9999982098591568,-0.9999974770520047
-0.9999988456767551,0.9999986909716879,0.9999988451211717,-0.9999994161976135,0.9999991037585141,0.9999989484624952,0.9999999992000363,-0.9999997467233896,0.9999993992119715,-0.9999991720352386,0.999997941501282,-0.9999986458682986,0.9999986409611217,-0.9999985063763108,0.9999989977779383,-0.999999134736725,-0.9999996254899256,0.9999998632630733,-0.9999999460349859,0.9999979623519816,-0.999998443891598,-0.9999989007959437,0.9999985926637669,0.9999999281151395,-0.9999996254899245,-0.9999979839131552,0.9999992380163525,0.9999984075783023,-0.9999979913631476,0.99999843683142,-0.9999982009362646,0.999997962351984,-0.9999974806402657,0.9999966129843392,0.9999976991150047,-0.9999980361853248,0.9999987408519225,-0.9999991113477875,-0.9999988981639384,-0.9999975714913943,0.9999994859008595,0.9999984907045918,0.9999988142369621,-0.9999989330161599,0.9999996720043353,-0.999998563936097,0.9999989977779368,0.9999999281151377,0.9999975960605957,-0.9999979609055963,-0.999997495436629,0.9999976853937725,-0.9999984228117603,0.9999974096483716,0.9999981366422602,-0.9999974040863238
0.999998945834915,-0.9999995623284312,-0.9999989462586019,0.9999995162290868,-0.9999992031899031,-0.9999990493329008,-0.9999997467233896,0.9999999993420896,-0.999999499651093,0.9999992713687618,-0.9999980422281859,0.9999987455179296,-0.9999987419254228,0.9999986062882975,-0.9999990982109679,0.999999234759529,0.9999997264957742,-0.9999999638105518,1.0000000455929494,-0.9999980635224144,0.9999985444447276,0.9999990026105804,-0.9999986935867183,-1.0000000299930705,0.9999997264957738,0.9999980856471343,-0.9999993390149267,-0.9999985104105658,0.9999980937051092,-0.9999985383402772,0.9999983045708403,-0.9999980635224157,0.9999975798021885,-0.9999967121459097,-0.9999977987067855,0.9999981351560715,-0.9999996118139058,0.9999992103908635,0.9999989984022783,0.9999976717142319,-0.9999995849021011,-0.9999985901911046,-0.9999989138905595,0.999999032684189,-0.9999997715810154,0.9999986649284253,-0.9999990982109644,-1.0000000299930683,-0.999997697391165,0.9999980624964192,0.999997597146779,-0.9999977871685013,0.9999985263511667,-0.9999975138772101,-0.9999982407541759,0.9999975090023728
-0.9999993706447531,0.9999992159052654,0.9999993701480551,-0.9999999411641838,0.99999962871359,0.999999473481955,0.9999993992119715,-0.999999499651093,0.9999999999461574,-1.0000004689964193,0.999998466521759,-0.9999991708088095,0.9999991659829188,-0.9999990313328917,0.9999995227163111,-0.9999996596762916,-1.0000001504284983,1.0000003882752573,-1.0000004709834949,0.999998487374806,-0.9999989688767077,-0.9999994258161204,0.9999991176351181,1.0000004530999527,-1.000000150428497,-0.9999985088081246,0.9999997629222649,0.9999989324712425,-0.999998516375365,0.999998961793833,-0.999998725875441,0.9999984873748057,-0.9999980055803458,0.9999971379497261,0.9999982240633268,-0.9999985611214421,0.9999992657748481,-0.9999996362772882,-0.9999994231654291,-0.9999980964562967,1.0000000108207183,0.9999990156767086,0.9999993391647524,-0.999999457990204,1.0000001969465118,-0.9999990888784139,0.9999995227163099,1.000000453099952,0.9999981210257047,-0.9999984858702259,-0.9999980204225314,0.9999982103765893,-0.9999989476859195,0.9999979345629851,0.9999986615157823,-0.9999979290020344
0.99999914311123,-0.9999989875616614,-0.9999991435884563,0.9999997135170469,-0.9999994004680322,-0.9999992466680651,-0.9999991720352386,0.9999992713687618,-1.0000004689964193,0.9999999996224298,-0.9999982395479587,0.9999989427661712,-0.9999989392398708,0.9999988035444658,-0.9999992954191511,0.9999994319824934,0.999999923692411,-1.0000001611329297,1.0000002428566772,-0.9999982608370932,0.9999987417284849,0.9999991998888906,-0.999998890823321,-1.0000002272301092,0.9999999236924098,0.999998282751798,-0.9999995361655578,-0.99999870748623,0.9999982909519329,-0.9999987355465234,0.9999985016823971,-0.9999982608370932,0.999997777051176,-0.9999969094218737,-0.9999979959517948,0.999998332413251,-0.9999998090579212,0.999999407643345,0.9999991957210059,0.9999978689577049,-1.0000005541572257,-0.9999987874779661,-0.999999111122557,0.999999229968187,-0.9999999688294968,0.9999988621238912,-0.9999992954191508,-1.0000002272301083,-0.9999978945988808,0.9999982596995433,0.999997794371287,-0.9999979843883463,0.9999987233853128,-0.9999977109385874,-0.9999984377714447,0.9999977060501206
-0.9999979130745299,0.999997758500238,0.9999979123340007,-0.9999984836111429,0.9999981712480871,0.999998015712474,0.999997941501282,-0.9999980422281859,0.999998466521759,-0.9999982395479587,0.9999999978745149,-0.9999984853677579,0.9999977081955125,-0.9999975738062542,0.9999980650999468,-0.9999982021143948,-0.9999986927365299,0.999998930542518,-0.9999990135017773,0.9999970295473046,-0.9999975112051677,-0.9999979679147258,0.9999976599410475,0.9999989952122222,-0.9999986927365297,-0.9999970510927659,0.9999983052912201,0.9999974746171906,-0.9999970584209601,0.9999975040466722,-0.9999972678264307,0.9999970295473062,-0.9999965481734823,0.9999956804854683,0.999996766584405,-0.9999971037503986,0.9999978084419511,-0.9999981789080838,-0.9999979655113252,-0.9999966388608854,0.9999985534789159,0.9999975581505971,0.9999978817347817,-0.9999980004300915,0.9999987394588321,-0.9999976312386203,0.9999980650999449,0.9999989952122205,0.9999966632927915,-0.9999970281092818,-0.9999965625975201,0.9999967525520448,-0.9999974897838072,0.9999964764880875,0.9999972035462985,-0.9999964708403751
0.9999986171088433,-0.9999992337573791,-0.9999986173181933,0.9999991875058737,-0.9999988745614599,-0.9999987204212097,-0.9999986458682986,0.9999987455179296,-0.9999991708088095,0.9999989427661712,-0.9999984853677579,0.999999998875096,-0.9999984130244228,0.9999982776159262,-0.999998769451416,0.9999989060521053,0.9999993976623142,-0.9999996349438265,0.9999997169469823,-0.9999977345799783,0.9999982156381166,0.999998673616352,-0.9999983647769941,-0.999999700982804,0.999999397662314,0.9999977567880493,-0.9999990102306127,-0.9999981814173023,0.9999977646660426,-0.9999982094808818,0.9999979754087561,-0.9999977345799789,0.9999972512430917,-0.9999963835451562,-0.9999974700869092,0.9999978066186108,-0.9999985112894028,0.9999988818451531,0.999998669604171,0.9999973429961198,-0.9999992563777084,-0.9999982615204965,-0.9999993573054203,0.9999987039828437,-0.9999994429346108,0.9999983361614849,-0.9999987694514145,-0.9999997009828018,-0.9999973685512289,0.999997733626671,0.99999726822809,-0.9999974582478112,0.9999981973018067,-0.9999971846819112,-0.9999979116380129,0.9999971797206691
-0.9999986126395606,0.9999984582189755,0.9999986116956264,-0.9999991831806782,0.999998870917776,0.9999987151049141,0.9999986409611217,-0.9999987419254228,0.9999991659829188,-0.9999989392398708,0.9999977081955125,-0.9999984130244228,0.9999999988684843,-0.9999990454404867,0.9999987646394954,-0.9999989017099978,-0.9999993921971728,0.999999629984776,-0.9999997131545448,0.9999977289130769,-0.9999982106998073,-0.9999986672180325,0.9999983594228298,0.9999996944996006,-0.9999993921971725,-0.9999977505087163,0.9999990047909673,0.999998173886651,-0.999997757671616,0.9999982034685396,-0.9999979669335696,0.9999977289130769,-0.999997247910619,0.9999963801905501,0.9999974662603619,-0.9999978035083069,0.9999985082195951,-0.9999988786561571,-0.9999986650150787,-0.9999973384390405,0.9999992532448331,0.9999982577879538,0.9999985814207615,-0.999998700038043,0.9999994391137045,-0.9999983307506657,0.9999987646394927,0.9999996944995987,0.9999973627366701,-0.9999977275194064,-0.9999972619661737,0.9999974519163035,-0.9999981889806195,0.9999971755455919,0.999997902667818,-0.9999971698034397
0.9999984777129387,-0.9999983225252871,-0.999998477694892,0.9999990481428067,-0.9999987353169097,-0.999998580860106,-0.9999985063763108,0.9999986062882975,-0.9999990313328917,0.9999988035444658,-0.9999975738062542,0.9999982776159262,-0.9999990454404867,0.9999999986771045,-0.9999986299529358,0.9999987666451201,0.9999992580441112,-0.9999994954341747,0.9999995776681405,-0.99999759493659,0.9999980761421886,0.9999985338280695,-0.9999982251924915,-0.9999995611688763,0.9999992580441108,0.9999976170097091,-0.9999988706197193,-0.9999980414070839,0.999997624763414,-0.9999980697757908,0.9999978352087625,-0.9999975949365908,0.9999971120448552,-0.9999962443294844,-0.99999810280664,0.9999976674694252,-0.9999983721576469,0.9999987426861443,0.9999985301745484,0.9999972035567336,-0.9999991172334436,-0.9999981222372447,-0.9999992180255215,0.9999985646561742,-0.999999303640129,0.9999981965742909,-0.9999986299529332,-0.9999995611688755,-0.9999972288758137,0.9999975939006568,0.9999971284630468,-0.9999973184725067,0.9999980571517172,-0.9999970443632464,-0.9999977713683389,0.9999970392598655
-0.9999989693303626,0.9999988144681973,0.9999989688524941,-0.9999995397693698,0.9999992271337415,0.9999990720774491,0.9999989977779383,-0.9999990982109679,0.9999995227163111,-0.9999992954191511,0.9999980650999468,-0.999998769451416,0.9999987646394954,-0.9999986299529358,0.9999999993753744,-1.0000000298768474,-1.000000520776272,0.9999999866478085,-1.0000000693348767,0.999998086030212,-0.9999985675296705,-0.9999990246729595,0.9999987164288853,1.0000000515174579,-0.9999997487626316,-0.9999981072850457,0.9999993613164608,0.9999985311573304,-0.9999981153899159,0.9999985607971276,-0.9999983245733667,0.9999980860302125,-0.9999976040054318,0.9999967362159686,0.9999978225769482,-0.9999981595014795,0.999998864245815,-0.9999992346523198,-0.9999990216513962,-0.9999976950627467,0.9999996092317454,0.9999986138902993,0.9999989378667888,-0.9999990561840081,0.9999997952036982,-0.9999986878346321,0.9999991209516783,1.0000000515174563,0.9999977199489135,-0.9999980848879855,-0.9999976193524512,0.9999978093491222,-0.9999985465962791,0.9999975334501624,0.9999982605653458,-0.9999975280470346
0.9999991061120436,-0.9999989509863006,-0.999999105989896,0.9999996765440285,-0.9999993637407567,-0.9999992091623365,-0.999999134736725,0.999999234759529,-0.9999996596762916,0.9999994319824934,-0.9999982021143948,0.9999989060521053,-0.9999989017099978,0.9999987666451201,-1.0000000298768474,0.9999999995698658,0.9999998858368738,-1.0000001236604612,1.0000002059861026,-0.999998223167727,0.9999987044468138,0.9999991619417632,-0.9999988533895279,-1.000000188890242,0.9999998858368738,0.9999982444941037,-0.9999994983404321,-0.9999986686650858,0.9999982527693714,-0.9999986978803013,0.9999984623647123,-0.9999982231677284,0.9999977404849187,-0.9999968727463748,-0.9999979591724377,0.9999982959418935,-0.9999990006544563,0.9999993711200825,0.9999991585358454,0.999997831837356,-0.9999997456719597,-0.9999987505567521,-0.9999990744433355,0.999999192911613,-1.0000007038789038,0.9999988247517907,-1.0000000298768463,-1.0000001888902412,-0.9999978569874439,0.9999982219897791,0.9999977565247308,-0.9999979465311124,0.9999986842619552,-0.9999976713615725,-0.9999983983780613,0.9999976661436458
0.9999995972816249,-0.9999994428072673,-0.999999596310523,1.0000001677291024,-0.9999998553599635,-0.9999996996088252,-0.9999996254899256,0.9999997264957742,-1.0000001504284983,0.999999923692411,-0.9999986927365299,0.9999993976623142,-0.9999993921971728,0.9999992580441112,-1.000000520776272,0.9999998858368738,1.0000000002674312,-1.0000006142952198,1.000000697493103,-0.9999987134899645,0.9999991953084193,0.9999996519570514,-0.9999993441535207,-1.000000678687925,1.0000003763607546,0.9999987346967943,-1.0000007609942485,-0.9999991581678045,0.9999987425214087,-0.9999991883493541,0.9999989511832835,-0.9999987134899645,0.9999982323931198,-0.9999973645385074,-0.9999984508067007,0.9999987879414687,-0.9999994927274765,0.999999863054633,0.9999996494646392,0.9999983230379363,-1.0000002376723274,-0.9999992420283251,-0.999999566105833,0.9999996842394896,-1.0000004233526016,0.9999993156102076,-0.9999997487626306,-1.0000014507015635,-0.9999983475589882,0.9999987124063909,0.999998246780067,-0.999998436761991,0.9999991733869574,-0.9999981598960467,-0.9999988871459201,0.9999981542367128
-0.9999998347343265,0.9999996800653885,0.9999998341389498,-1.0000004052582976,1.0000000928505155,0.9999999374872552,0.9999998632630733,-0.9999999638105518,1.0000003882752573,-1.0000001611329297,0.999998930542518,-0.9999996349438265,0.999999629984776,-0.9999994954341747,0.9999999866478085,-1.0000001236604612,-1.0000006142952198,1.0000000006056045,-1.0000017070960623,0.9999989513406488,-0.9999994329069456,-0.9999998897236567,0.9999995816257169,1.000000916890072,-1.0000006142952194,-0.9999989725595771,1.0000002267767012,0.9999993961003727,-0.9999989802269614,0.9999994257308535,-0.9999991894224418,0.9999989513406499,-0.9999984697418162,0.9999976020987079,0.9999986881826626,-0.9999990253029971,0.999999729970352,-1.000000100443844,-0.9999998872314235,-0.9999985605097974,1.000000474994361,0.9999994797748344,0.9999998033000942,-0.9999999220580498,1.0000006610164973,-0.9999995528688926,0.9999999866478072,1.000000916890071,0.9999985849749427,-0.9999989497996091,-0.9999984843315121,0.999998674282561,-0.9999994112424264,0.9999983980418272,0.9999991250156455,-0.9999983924117664
0.9999999171923286,-0.9999997617967559,-0.9999999174699347,1.000000487608552,-1.0000001746638656,-1.000000020584735,-0.9999999460349859,1.0000000455929494,-1.0000004709834949,1.0000002428566772,-0.9999990135017773,0.9999997169469823,-0.9999997131545448,0.9999995776681405,-1.0000000693348767,1.0000002059861026,1.000000697493103,-1.0000017070960623,1.0000000007226544,-0.9999990346974016,0.9999995157165241,0.9999999736432604,-0.9999996647523065,-1.0000010008639806,1.000000697493102,0.9999990563913368,-1.000000309964081,-0.9999994809081314,0.9999990646107272,-0.9999995093755715,0.9999992749410357,-0.9999990346974016,0.9999985513055711,-0.9999976836592275,-0.9999987701273018,0.9999991067005808,-0.999999811349311,1.0000001819081914,0.9999999697607319,0.9999986430115703,-1.0000013284351272,-0.9999995616291919,-0.9999998853068031,1.0000000040732084,-1.0000015149653159,0.9999996360546919,-1.000000069334876,-1.0000010008639801,-0.999998668456925,0.9999990335140717,0.9999985681511386,-0.999998758159963,0.9999994966769158,-0.999998484084599,-0.9999992109565721,0.9999984790658739
-0.9999979340950257,0.9999977798268449,0.9999979329613353,-0.9999985046390286,0.9999981924893624,0.9999980363982832,0.9999979623519816,-0.9999980635224144,0.999998487374806,-0.9999982608370932,0.9999970295473046,-0.9999977345799783,0.9999977289130769,-0.99999759493659,0.999998086030212,-0.999998223167727,-0.9999987134899645,0.9999989513406488,-0.9999990346974016,0.9999999979039313,-0.9999983040802157,-0.9999979884009382,0.9999976807699932,0.9999990156356753,-0.9999987134899639,-0.9999970717103539,0.9999983260986586,0.9999974949100635,-0.999997078781132,0.9999975247326801,-0.9999972878140269,0.9999970501626174,-0.9999965695513028,0.9999957018258926,0.9999967878304037,-0.999997125173726,0.9999978298979636,-0.9999982003001141,-0.9999979864414213,-0.9999966599046027,0.999998574901344,0.9999975793435019,0.9999979029761927,-0.9999980215566492,0.9999987606497454,-0.9999976521053558,0.9999980860302098,0.9999990156356744,0.9999966840371453,-0.9999970487770624,-0.9999965831963034,0.9999967731379237,-0.9999975099030161,0.9999964963481234,0.9999972235047567,-0.999996490493564
0.9999984154336787,-0.9999982607216443,-0.9999984148458708,0.9999989859115374,-0.9999986734422026,-0.9999985181395572,-0.999998443891598,0.9999985444447276,-0.9999989688767077,0.9999987417284849,-0.9999975112051677,0.9999982156381166,-0.9999982106998073,0.9999980761421886,-0.9999985675296705,0.9999987044468138,0.9999991953084193,-0.9999994329069456,0.9999995157165241,-0.9999983040802157,0.9999999985885459,0.9999984706509127,-0.9999981625301442,-0.999999497932235,0.999999195308418,0.9999975539153394,-0.999998807905676,-0.9999979777198028,0.9999975613160788,-0.9999980068089573,0.9999977710649229,-0.9999983040802143,0.999997050343656,-0.9999961826222574,-0.9999972688594793,0.9999976058622253,-0.99999831057097,0.9999986810295706,0.9999984678306594,0.9999971412772278,-0.9999990556061529,-0.9999980603246637,-0.9999991560470386,0.9999985026389824,-0.9999992416798932,0.9999981338939399,-0.99999856752967,-0.999999497932233,-0.9999971660124163,0.9999975308934766,0.9999970653834628,-0.9999972553594175,0.9999979930945686,-0.9999969799185524,-0.9999977070049542,0.9999969744401279
0.9999988728653602,-0.9999987189731983,-0.9999988711931065,0.9999994434224349,-0.9999991314819813,-0.9999989747068302,-0.9999989007959437,0.9999990026105804,-0.9999994258161204,0.9999991998888906,-0.9999979679147258,0.999998673616352,-0.9999986672180325,0.9999985338280695,-0.9999990246729595,0.9999991619417632,0.9999996519570514,-0.9999998897236567,0.9999999736432604,-0.9999979884009382,0.9999984706509127,0.9999999992371952,-0.9999993913389441,-0.9999999536546591,0.999999651957051,0.9999980101059859,-0.9999992646938335,-0.9999984329797207,0.9999980167648762,-0.9999984631766357,0.999998225444271,-0.9999979884009377,0.9999975087040415,-0.9999966408457458,-0.9999977268378827,0.9999980643816037,-0.9999987691806824,0.9999991394966757,0.9999989250000206,0.999997598667844,-0.9999995141548338,-0.9999985181982856,-0.9999988420746144,0.9999989603358241,-0.9999996995865928,0.999998590781392,-0.9999990246729583,-0.9999999536546567,-0.9999976225111077,0.9999979871867315,0.9999975214692831,-0.9999977114101498,0.999998447842008,-0.9999974338989998,-0.9999981612773569,0.9999974278386615
-0.9999985644351368,0.9999984098989291,0.9999985635476264,-0.9999991349090384,0.9999988224997307,0.9999986668665171,0.9999985926637669,-0.9999986935867183,0.9999991176351181,-0.999998890823321,0.9999976599410475,-0.9999983647769941,0.9999983594228298,-0.9999982251924915,0.9999987164288853,-0.9999988533895279,-0.9999993441535207,0.9999995816257169,-0.9999996647523065,0.9999976807699932,-0.9999981625301442,-0.9999993913389441,0.9999999988001674,0.9999996465439174,-0.9999993441535209,-0.9999977028136449,0.9999989568601345,0.9999981265241267,-0.9999977099856916,0.9999981557362025,-0.9999979196235637,0.9999976807699943,-0.9999971994847935,0.9999963316393914,0.9999974179459281,-0.9999977550250015,0.9999984598010643,-0.9999988301990137,-0.9999986166573038,-0.9999980622704618,0.9999992048196532,0.9999982092590249,0.9999985332294284,-0.9999986515364051,0.9999993907018496,-0.9999990549506574,0.9999987164288837,0.9999996465439147,0.9999973149301881,-0.9999976798045888,-0.9999972141896265,0.9999974041780835,-0.9999981419122471,0.999997128511735,0.999997855780062,-0.9999971229770209
-0.9999999002002254,0.9999997463571129,0.9999998984628623,-1.0000004707252181,1.0000001588174723,1.0000000019484345,0.9999999281151395,-1.0000000299930705,1.0000004530999527,-1.0000002272301092,0.9999989952122222,-0.999999700982804,0.9999996944996006,-0.9999995611688763,1.0000000515174579,-1.000000188890242,-1.000000678687925,1.000000916890072,-1.0000010008639806,0.9999990156356753,-0.999999497932235,-0.9999999536546591,0.9999996465439174,1.0000000006965974,-1.0000014507015627,-0.9999990365361588,1.0000002913408974,0.9999994591953084,-0.9999990438477122,0.9999994903210045,-0.9999992515907603,0.9999990156356763,-0.9999985360879152,0.9999976682203389,0.9999987541849079,-0.9999990917659517,0.9999997965721251,-1.0000001668204095,-0.9999999522947149,-0.9999986259505369,1.0000005414741437,0.9999995454474976,0.9999998694333305,-0.9999999875241058,1.000000726722412,-0.9999996179743111,1.0000000515174559,1.0000009803358045,0.999998649668043,-0.999999014321288,-0.9999985485961712,0.9999987385313528,-0.9999994739034598,0.999998459884203,0.9999991872409076,-0.9999984537131198
0.999999597281624,-0.9999994428072665,-0.999999596310522,1.0000001677291028,-0.9999998553599616,-0.9999996996088238,-0.9999996254899245,0.9999997264957738,-1.000000150428497,0.9999999236924098,-0.9999986927365297,0.999999397662314,-0.9999993921971725,0.9999992580441108,-0.9999997487626316,0.9999998858368738,1.0000003763607546,-1.0000006142952194,1.000000697493102,-0.9999987134899639,0.999999195308418,0.999999651957051,-0.9999993441535209,-1.0000014507015627,1.0000000002674312,0.9999987346967941,-1.0000007609942467,-0.9999991581678015,0.9999987425214082,-0.9999991883493528,0.9999989511832826,-0.9999987134899639,0.9999982323931191,-0.9999973645385066,-0.9999984508066997,0.9999987879414698,-0.9999994927274761,0.999999863054632,0.9999996494646382,0.9999983230379358,-1.0000002376723272,-0.9999992420283235,-0.9999995661058337,0.9999996842394888,-1.000000423352601,0.9999993156102076,-1.0000005207762732,-1.0000006786879236,-0.9999983475589891,0.9999987124063897,0.9999982467800669,-0.9999984367619904,0.9999991733869588,-0.9999981598960467,-0.9999988871459203,0.9999981542367119
0.9999979561063017,-0.9999978020298508,-0.9999979545226689,0.9999985265143744,-0.99999821433997,-0.9999980578473167,-0.9999979839131552,0.9999980856471343,-0.9999985088081246,0.999998282751798,-0.9999970510927659,0.9999977567880493,-0.9999977505087163,0.9999976170097091,-0.9999981072850457,0.9999982444941037,0.9999987346967943,-0.9999989725595771,0.9999990563913368,-0.9999970717103539,0.9999975539153394,0.9999980101059859,-0.9999977028136449,-0.9999990365361588,0.9999987346967941,0.9999999979343731,-0.9999991194962672,-0.9999982881656956,0.999997100612995,-0.9999975469542346,0.9999973086776469,-0.9999970717103555,0.9999965916090612,-0.9999957235622403,-0.9999968098895957,0.9999971471844255,-0.9999978520730624,0.9999982222596125,0.9999980079782924,0.9999966818855404,-0.9999985969479847,-0.999997600805919,-0.9999979253194584,0.9999980429201197,-0.9999987822174025,0.9999976744640016,-0.9999981072850437,-0.9999990365361588,-0.9999967061883149,0.9999970709868343,0.9999966051859358,-0.9999967951773716,0.9999975312797962,-0.9999965173527243,-0.9999972448884024,0.9999965114957836
-0.9999992098622265,0.9999990553379787,0.9999992089055432,-0.9999997802645785,0.9999994678268057,0.9999993121499794,0.9999992380163525,-0.9999993390149267,0.9999997629222649,-0.9999995361655578,0.9999983052912201,-0.9999990102306127,0.9999990047909673,-0.9999988706197193,0.9999993613164608,-0.9999994983404321,-1.0000007609942485,1.0000002267767012,-1.000000309964081,0.9999983260986586,-0.999998807905676,-0.9999992646938335,0.9999989568601345,1.0000002913408974,-1.0000007609942467,-0.9999991194962672,0.9999999997169502,0.9999987710937912,-0.9999983553618489,0.9999988011722266,-0.9999985641281648,0.9999983260986595,-0.9999978448850253,0.9999969769678057,0.9999980633524315,-0.999998400396453,0.9999991052111038,-0.9999994755119509,-0.9999992619585537,-0.9999979356506457,0.9999998501441454,0.9999988544456045,0.9999991787049234,-0.9999992966659228,1.0000000358197036,-0.9999989283994308,0.9999993613164592,1.0000002913408956,0.9999979603526908,-0.9999983252418583,-0.9999978595842577,0.9999980495838057,-0.9999987864438629,0.9999977729660318,0.9999985002840851,-0.9999977673958385
-0.999998380242835,0.9999982268946439,0.9999983777146981,-0.9999989506651902,0.9999986389783987,0.9999984811770389,0.9999984075783023,-0.9999985104105658,0.9999989324712425,-0.99999870748623,0.9999974746171906,-0.9999981814173023,0.999998173886651,-0.9999980414070839,0.9999985311573304,-0.9999986686650858,-0.9999991581678045,0.9999993961003727,-0.9999994809081314,0.9999974949100635,-0.9999979777198028,-0.9999984329797207,0.9999981265241267,0.9999994591953084,-0.9999991581678015,-0.9999982881656956,0.9999987710937912,0.9999999985351907,-0.9999975232091627,0.9999979703514242,-0.9999985023248029,0.999997494910064,-0.9999970165639823,0.9999961483818217,0.9999972345475371,-0.999997572236794,0.9999982772097618,-0.9999986472434828,-0.9999984318378655,-0.9999971060669511,0.9999990220075716,0.999998025274524,0.9999983500099877,-0.9999984672331833,0.999999206718089,-0.9999980982876325,0.9999985311573291,0.9999994591953084,0.999997129693867,-0.9999974943237817,-0.9999970283412649,0.9999972183073015,-0.9999987252908711,0.9999969386927535,0.9999976664985827,-0.999996932358929
0.9999979636890606,-0.99999781011616,-0.9999979615691813,0.9999985342455341,-0.999998222493472,-0.9999980651360258,-0.9999979913631476,0.9999980937051092,-0.999998516375365,0.9999982909519329,-0.9999970584209601,0.9999977646660426,-0.999997757671616,0.999997624763414,-0.9999981153899159,0.9999982527693714,0.9999987425214087,-0.9999989802269614,0.9999990646107272,-0.999997078781132,0.9999975613160788,0.9999980167648762,-0.9999977099856916,-0.9999990438477122,0.9999987425214082,0.999997100612995,-0.9999983553618489,-0.9999975232091627,0.9999999979442848,-0.9999983257568622,0.9999973153155467,-0.9999970787811326,0.9999965998655643,-0.9999957319079623,-0.999996817878563,0.9999971555821316,-0.9999978604386152,0.9999982306770218,0.9999980156543891,0.9999966895084347,-0.9999986053800776,-0.9999976091063945,-0.999997933170182,0.9999980511781174,-0.99999879054834,0.9999976815392334,-0.9999981153899147,-0.9999990438477117,-0.9999967131119416,0.9999970777297766,0.9999966119056785,-0.9999968018440182,0.9999975379571331,-0.9999965237022035,-0.9999972512531168,0.9999965174650235
-0.9999984088819176,0.9999982547102025,0.9999984074956408,-0.9999989793506023,0.9999986671666372,0.9999985108712872,0.99999843683142,-0.9999985383402772,0.999998961793833,-0.9999987355465234,0.9999975040466722,-0.9999982094808818,0.9999982034685396,-0.9999980697757908,0.9999985607971276,-0.9999986978803013,-0.9999991883493541,0.9999994257308535,-0.9999995093755715,0.9999975247326801,-0.9999980068089573,-0.9999984631766357,0.9999981557362025,0.9999994903210045,-0.9999991883493528,-0.9999975469542346,0.9999988011722266,0.9999979703514242,-0.9999983257568622,0.9999999985787961,-0.9999977630543079,0.9999975247326813,-0.9999970443288331,0.9999961763819561,0.9999972626563483,-0.9999975999071659,0.9999983047406672,-0.9999986750555678,-0.9999984609217332,-0.9999971347471495,0.9999990497242648,0.9999980538266673,0.9999983779821989,-0.999998496033469,0.9999992353285221,-0.9999988993384843,0.9999985607971253,0.999999490321004,0.9999971591504773,-0.9999982959693172,-0.9999970582282665,0.9999972482116466,-0.9999979856048441,0.9999969718630434,0.9999976993132705,-0.9999969661254225
0.9999981738718473,-0.9999980210963006,-0.9999981706397705,0.9999987443769331,-0.999998433100261,-0.9999982742836183,-0.9999982009362646,0.9999983045708403,-0.999998725875441,0.9999985016823971,-0.9999972678264307,0.9999979754087561,-0.9999979669335696,0.9999978352087625,-0.9999983245733667,0.9999984623647123,0.9999989511832835,-0.9999991894224418,0.9999992749410357,-0.9999972878140269,0.9999977710649229,0.999998225444271,-0.9999979196235637,-0.9999992515907603,0.9999989511832826,0.9999973086776469,-0.9999985641281648,-0.9999985023248029,0.9999973153155467,-0.9999977630543079,0.9999999982388453,-0.9999972878140276,0.9999968108874162,-0.9999959426890066,-0.9999970285719607,0.9999973666910185,-0.9999980716873009,0.9999984416468568,0.9999982253879518,0.9999968996513747,-0.9999988164444276,-0.9999978193451083,-0.9999981440070151,0.9999982611745976,-0.9999990007354546,0.9999978913575318,-0.9999983245733646,-0.9999992515907593,-0.9999969225185478,0.9999972869711318,0.9999968208935759,-0.9999970108173197,0.9999977445587002,-0.999996729478544,-0.9999974573856921,0.9999967226687876
-0.9999979340950271,0.9999977798268445,0.9999979329613349,-0.9999985046390281,0.9999981924893618,0.9999980363982842,0.999997962351984,-0.9999980635224157,0.9999984873748057,-0.9999982608370932,0.9999970295473062,-0.9999977345799789,0.9999977289130769,-0.9999975949365908,0.9999980860302125,-0.9999982231677284,-0.9999987134899645,0.9999989513406499,-0.9999990346974016,0.9999970501626174,-0.9999983040802143,-0.9999979884009377,0.9999976807699943,0.9999990156356763,-0.9999987134899639,-0.9999970717103555,0.9999983260986595,0.999997494910064,-0.9999970787811326,0.9999975247326813,-0.9999972878140276,0.9999999979039313,-0.9999965695513047,0.9999957018258918,0.999996787830405,-0.9999971251737263,0.9999978298979648,-0.9999982003001141,-0.9999979864414223,-0.999996659904602,0.9999985749013446,0.9999975793435038,0.9999979029761946,-0.9999980215566505,0.9999987606497454,-0.9999976521053558,0.9999980860302112,0.9999990156356747,0.9999966840371468,-0.9999970487770641,-0.9999965831963049,0.9999967731379246,-0.9999975099030154,0.9999964963481247,0.9999972235047564,-0.9999964904935653
0.9999974516858663,-0.9999980679884557,-0.9999974523189048,0.9999980220873614,-0.9999977088894404,-0.9999975553666234,-0.9999974806402657,0.9999975798021885,-0.9999980055803458,0.999997777051176,-0.9999965481734823,0.9999972512430917,-0.999997247910619,0.9999971120448552,-0.9999976040054318,0.9999977404849187,0.9999982323931198,-0.9999984697418162,0.9999985513055711,-0.9999965695513028,0.999997050343656,0.9999975087040415,-0.9999971994847935,-0.9999985360879152,0.9999982323931191,0.9999965916090612,-0.9999978448850253,-0.9999970165639823,0.9999965998655643,-0.9999970443288331,0.9999968108874162,-0.9999965695513047,0.9999999972184004,-0.9999959897562326,-0.9999970763872991,0.9999966407470577,-0.9999973453964222,0.999997716008595,0.9999975042886596,0.9999961774839418,-0.9999980905117016,-0.9999970958768927,-0.9999974196116281,0.999997538397568,-0.9999982772679292,0.9999971708238135,-0.99999760400543,-0.9999985360879132,-0.9999962033356777,0.9999965684961883,0.9999961031638199,-0.9999962931998251,0.9999970326281926,-0.9999960202826077,-0.9999967471380439,0.9999960155395177
-0.9999965839915391,0.9999964282991662,0.9999965846200709,-0.9999971544374289,0.999996841262406,0.9999966877147368,0.9999966129843392,-0.9999967121459097,0.9999971379497261,-0.9999969094218737,0.9999956804854683,-0.9999963835451562,0.9999963801905501,-0.9999962443294844,0.9999967362159686,-0.9999968727463748,-0.9999973645385074,0.9999976020987079,-0.9999976836592275,0.9999957018258926,-0.9999961826222574,-0.9999966408457458,0.9999963316393914,0.9999976682203389,-0.9999973645385066,-0.9999957235622403,0.9999969769678057,0.9999961483818217,-0.9999957319079623,0.9999961763819561,-0.9999959426890066,0.9999957018258918,-0.9999959897562326,0.999999995985362,0.9999954366658492,-0.9999965451411856,0.9999964777593577,-0.9999968483864751,-0.9999966366585077,-0.9999953097147767,0.9999972228768934,0.9999962282649544,0.9999965518909317,-0.9999966707696771,0.9999974096017378,-0.9999963029100692,0.9999967362159674,0.9999976682203373,0.9999953354050503,-0.9999957005370471,-0.9999952352233825,0.9999954252468846,-0.9999961643270664,0.9999951519608848,0.9999958787647096,-0.9999951471411201
-0.9999976703399653,0.9999975149128014,0.9999976706029009,-0.9999982407608831,0.9999979277508326,0.9999977737175394,0.9999976991150047,-0.9999977987067855,0.9999982240633268,-0.9999979959517948,0.999996766584405,-0.9999974700869092,0.9999974662603619,-0.99999810280664,0.9999978225769482,-0.9999979591724377,-0.9999984508067007,0.9999986881826626,-0.9999987701273018,0.9999967878304037,-0.9999972688594793,-0.9999977268378827,0.9999974179459281,0.9999987541849079,-0.9999984508066997,-0.9999968098895957,0.9999980633524315,0.9999972345475371,-0.999996817878563,0.9999972626563483,-0.9999970285719607,0.999996787830405,-0.9999970763872991,0.9999954366658492,0.9999999975295033,-0.9999968597683815,0.999997564450601,-0.999997935010776,-0.999997722847883,-0.9999971681511903,0.9999983095432461,0.999997314678169,0.9999976384768928,-0.9999977571400183,0.9999984960852346,-0.999997389322949,0.9999978225769456,0.9999987541849079,0.9999964217059324,-0.9999967867988054,-0.9999963213956298,0.9999965114209102,-0.9999972504523914,0.9999962378477081,0.9999969648082646,-0.9999962329156505
0.9999980071368646,-0.9999978513172642,-0.9999980079311324,0.9999985775253202,-0.9999990362848674,-0.9999981109479077,-0.9999980361853248,0.9999981351560715,-0.9999985611214421,0.999998332413251,-0.9999971037503986,0.9999978066186108,-0.9999978035083069,0.9999976674694252,-0.9999981595014795,0.9999982959418935,0.9999987879414687,-0.9999990253029971,0.9999991067005808,-0.999997125173726,0.9999976058622253,0.9999980643816037,-0.9999977550250015,-0.9999990917659517,0.9999987879414698,0.9999971471844255,-0.999998400396453,-0.999997572236794,0.9999971555821316,-0.9999975999071659,0.9999973666910185,-0.9999971251737263,0.9999966407470577,-0.9999965451411856,-0.9999968597683815,0.9999999980076072,-0.999998672704831,0.999998271327767,0.9999980597956722,0.9999967329580931,-0.999998645812757,-0.9999976513025338,-0.9999979749706335,0.9999980938468513,-0.999998832669908,0.999997726329894,-0.9999981595014793,-0.9999990917659508,-0.9999967589057617,0.9999971240849005,0.9999966587955721,-0.9999968488312617,0.9999975883374633,-0.9999965761090958,-0.99999730289493,0.9999965714259144
