1.0000000006673957,-1.0000007825052524,-1.0000010776669028,1.0000008504235651,-1.0000005421243423,1.00000051917865,1.0000005291055252,-1.0000005376791787,1.0000005230292275,-1.0000004759285586,1.0000004127847273,1.0000005878034346,-1.0000005227718212,-1.000000601606594,1.0000005608676,1.0000006050067864,-1.000000565568215,-1.0000005930479672,1.0000005561565088,1.000000585127743,-1.0000005519554316,-1.000000535196846,1.0000005306163502,1.0000005499949112,-0.9999998606890977,0.9999999494497692,-1.000000573358753,1.0000005230292281,1.0000000604745127,-0.9999999409323046,-1.0000002565048098,-1.0000004865234704,-1.0000005234464502,-1.0000005455973084,1.0000005512487022,-1.0000005376791794,-1.000000573358752,1.0000003516056564,-1.000000557970948,1.0000005579651348,-1.0000005417927953,1.00000054606773,-1.0000005617303602,-1.0000005501487013,1.0000005573326762,-1.0000002415562934,1.0000004842419379,1.0000004369904507,-1.0000006661316598
-1.0000007825052524,1.0000000004141274,1.0000008995797423,-1.0000006944309343,1.00000036411692,-1.000000341181853,-1.0000003510876763,1.0000003596561708,-1.0000003450023334,1.0000002979486304,-1.0000002348038708,-1.0000004097735131,1.0000003447432944,1.0000004236119289,-1.000000382872351,-1.0000004270138374,1.0000003875747505,1.0000004150515676,-1.0000003781597862,-1.00000040713175,1.0000003739590841,1.0000003572005929,-1.0000003526194772,-1.000000371999301,0.9999996827095813,-0.9999997714586505,1.0000003953308054,-1.0000003450023331,-0.9999998825055688,0.9999997629572746,1.0000000785338157,1.0000003085347662,1.0000003454601705,1.0000003676025613,-1.0000003732571126,1.0000003596561715,1.000000395330806,-1.0000001736383972,1.0000003799747417,-1.000000379969458,1.0000003637955703,-1.00000036807068,1.0000003837333877,1.000000372151813,-1.0000003793358883,1.0000000635283712,-1.0000003282755785,-1.0000002589448025,1.0000004880684166
-1.0000010776669028,1.0000008995797423,1.0000000008653318,-1.0000010116709859,1.0000006812205255,-1.000000658264307,-1.0000006682120102,1.0000006767907523,-1.0000006621446085,1.0000006149974952,-1.0000005518547057,-1.0000007269217854,1.0000006618887944,1.0000007406901295,-1.0000006999516904,-1.0000007440886007,1.0000007046505262,1.0000007321331912,-1.000000695242049,-1.000000724212561,1.0000006910405943,1.0000006742819942,-1.0000006697020838,-1.000000689079445,0.9999999997590917,-1.0000000885309293,1.0000007124751822,-1.0000006621446091,-1.0000001995335364,1.0000000799976083,1.000000395565386,1.0000006256011507,1.0000006625217055,1.0000006846809013,-1.0000006903291687,1.000000676790752,1.0000007124751815,-1.000000490662457,1.0000006970559716,-1.0000006970496296,1.000000680878843,-1.0000006851536043,1.0000007008161753,1.0000006892344535,-1.0000006964183255,1.0000003806732263,-1.0000006233803234,-1.0000005761245965,1.000000805282789
1.0000008504235651,-1.0000006944309343,-1.0000010116709859,1.0000000005421281,-1.0000004540694851,1.0000004311270136,1.0000004410475076,-1.000000449619585,1.0000004349684357,-1.0000003878819808,1.0000003247379667,1.0000004997416962,-1.0000004347105202,-1.0000005135556091,1.000000472816433,1.000000516956305,-1.0000004775175801,-1.0000005049964495,1.0000004681049035,1.0000004970763452,-1.000000463903936,-1.0000004471454427,1.0000004425647422,1.000000461943714,-0.9999997726435618,0.9999998614005311,-1.0000004852976336,1.0000004349684353,0.9999999724318707,-0.999999852887979,-1.0000001684612514,-1.0000003984742893,-1.0000004353979925,-1.0000004575462826,1.000000463198629,-1.000000449619586,-1.0000004852976327,1.000000263563162,-1.000000469919493,1.000000469913834,-1.0000004537410538,1.000000458016034,-1.000000473678698,-1.0000004620970813,1.0000004692810796,-1.000000153495507,1.0000003961741573,1.0000003489240812,-1.0000006001434014
-1.0000005421243423,1.00000036411692,1.0000006812205255,-1.0000004540694851,1.0000000001040854,-1.000000145595781,-1.0000001553401576,1.0000001417856494,-1.0000001271016767,1.0000000804109455,-1.000000017256994,-1.000000191850829,1.0000001268300496,1.000000205957912,-1.000000165212899,-1.0000002093731186,1.0000001699291108,1.0000001973834254,-1.0000001604880098,-1.0000001894668333,1.0000001562903014,1.0000001395314284,-1.0000001349455376,-1.0000001543354182,0.99999946517194,-0.9999995538314581,1.0000001774231801,-1.0000001271016774,-0.9999996650494026,0.9999995454538186,0.999999861062527,1.0000000909279403,1.0000001278717017,1.0000001499476543,-1.0000001556266302,1.0000001417856499,1.0000001774231793,-0.9999999561974675,1.0000001623072456,-1.0000001623060737,1.0000001461193264,-1.000000150396019,1.0000001660597322,1.0000001544783959,-1.0000001616635177,0.999999845619953,-1.0000000881147961,-1.0000000409015497,1.0000002698909243
1.00000051917865,-1.000000341181853,-1.000000658264307,1.0000004311270136,-1.000000145595781,1.0000000000715912,1.0000001103890146,-1.0000001189116356,1.0000001042225648,-1.0000000575926855,0.9999999944371979,1.0000001689680835,-1.0000001039488042,-1.0000001831201788,1.0000001423741687,1.0000001865375974,-1.000000147092684,-1.0000001745432907,1.0000001376471905,1.0000001666272351,-1.00000013344998,-1.0000001166911052,1.0000001121043713,1.0000001314960363,-0.9999994423546972,0.9999995309989496,-1.0000001545429735,1.0000001042225655,0.999999642245394,-0.9999995226420698,-0.9999998382556385,-1.0000000901818045,-1.0000001050449177,-1.000000149193393,1.000000132792753,-1.000000118911637,-1.0000001545429749,0.9999999333956797,-1.0000001394671414,1.0000001394666511,-1.000000123277749,1.0000001275547155,-1.0000001432186427,-1.0000001316373524,1.0000001388226538,-0.9999998227399737,1.0000000652063392,1.000000017998841,-1.0000002469654883
1.0000005291055252,-1.0000003510876763,-1.0000006682120102,1.0000004410475076,-1.0000001553401576,1.0000001103890146,1.0000000000854494,-1.000000150779707,1.0000001140170771,-1.0000000672658058,1.0000000041134796,1.0000001787698225,-1.0000001137475512,-1.000000192832178,1.000000152088144,1.0000001962451668,-1.0000001568020505,-1.0000001842600716,1.0000001473653337,1.0000001763429396,-1.0000001431671246,-1.0000001264083247,1.00000012182325,1.0000001412113992,-0.9999994520268569,0.9999995407013373,-1.0000001643396674,1.000000114017077,0.9999996518907774,-0.9999995323030806,-0.9999998479064319,-1.0000000777943625,-1.0000001147350688,-1.0000001368221347,1.000000142497033,-1.0000001507797025,-1.0000001643396672,0.9999999430362309,-1.0000001491838535,1.000000149181993,-1.0000001329974149,1.000000137273838,-1.0000001529373486,-1.0000001413559856,1.000000148540923,-0.9999998325365926,1.0000000750594455,1.000000027840566,-1.0000002568522546
-1.0000005376791787,1.0000003596561708,1.0000006767907523,-1.000000449619585,1.0000001417856494,-1.0000001189116356,-1.000000150779707,1.000000000097592,-1.0000001446421591,1.0000000757777292,-1.0000000126261233,-1.000000187312981,1.000000122289959,1.0000002013534883,-1.000000160609917,-1.0000002047654084,1.000000165322709,1.0000001927825317,-1.0000001558881009,-1.0000001848651408,1.0000001516896522,1.0000001349308423,-1.0000001303461759,-1.0000001497334732,0.9999994605383713,-0.9999995492202122,1.0000001728815942,-1.0000001225584538,-0.9999996603958333,0.9999995408119013,0.9999998564128479,1.0000000863118763,1.0000001232510924,1.0000001453435508,-1.0000001510164696,1.0000001372349157,1.000000172881594,-0.9999999515401937,1.0000001577062805,-1.0000001577040916,1.0000001415205435,-1.0000001457968375,1.000000161460253,1.0000001498788618,-1.0000001570637183,0.9999998410784419,-1.000000083615079,-1.0000000363934238,1.0000002654161015
1.0000005230292275,-1.0000003450023334,-1.0000006621446085,1.0000004349684357,-1.0000001271016767,1.0000001042225648,1.0000001140170771,-1.0000001446421591,1.0000000000767193,-1.0000000610803472,0.9999999979293704,1.000000172639778,-1.0000001296998717,-1.000000186663439,1.0000001459201986,1.0000001900745106,-1.0000001506321137,-1.0000001780933678,1.0000001411991648,1.0000001701757741,-1.0000001370005251,-1.0000001202417865,1.0000001156574019,1.0000001350440986,-0.999999445841544,0.999999534528887,-1.000000158207457,1.0000001078838772,0.9999996456936925,-0.9999995261128263,-0.9999998417114804,-1.0000000716188553,-1.000000108556911,-1.0000001306535367,1.00000013632492,-1.000000122558454,-1.000000180291164,0.9999999368368923,-1.0000001430170642,1.0000001430146137,-1.000000126831894,1.0000001311080864,-1.0000001467714514,-1.0000001351900558,1.0000001423748432,-0.9999998264045232,1.0000000689515762,1.0000000217278442,-1.000000250758792
-1.0000004759285586,1.0000002979486304,1.0000006149974952,-1.0000003878819808,1.0000000804109455,-1.0000000575926855,-1.0000000672658058,1.0000000757777292,-1.0000000610803472,1.0000000000103468,-0.9999999734751744,-1.0000001258200475,1.0000000608031339,1.0000001400461307,-1.0000000992983995,-1.0000001434671912,1.000000104020694,1.0000001314655411,-1.0000000945682468,-1.0000001235503433,1.0000000903718318,1.0000000736131616,-1.0000000690249538,-1.000000088419682,0.9999993993104617,-0.9999994879302805,1.000000111399044,-1.0000000610803474,-0.9999995992238255,0.999999479607323,0.9999997952302397,1.0000000250362477,1.000000061988205,1.000000084034956,-1.0000000897247108,1.0000000757777305,1.0000001113990424,-0.9999998903788117,1.000000096389259,-1.0000000963898885,1.0000000801976172,-1.0000000844750045,1.000000100139326,1.0000000885581457,-1.000000095743722,0.9999997795948965,-1.0000000220156218,-0.9999999748172742,1.0000002037476021
1.0000004127847273,-1.0000002348038708,-1.0000005518547057,1.0000003247379667,-1.000000017256994,0.9999999944371979,1.0000000041134796,-1.0000000126261233,0.9999999979293704,-0.9999999734751744,0.9999999999205199,1.000000062669331,-0.9999999976524031,-1.000000076890169,1.0000000361426935,1.000000080310954,-1.0000000408647047,-1.0000000683098558,1.0000000314127908,1.000000060394598,-1.0000000272163154,-1.0000000104576572,1.0000000058695901,1.0000000252640058,-0.9999993361532784,0.9999994247747804,-1.0000000482480518,0.9999999979293713,0.9999995360647599,-0.9999994164493726,-0.9999997541549108,-0.9999999839632067,-1.0000000209147817,-1.000000020879175,1.0000000265684361,-1.000000012626125,-1.000000048248052,0.9999998272189626,-1.000000033233728,1.0000000332342731,-1.000000017042287,1.0000000213196265,-1.0000000369838613,-1.0000000254027,1.0000000325882341,-0.9999997164444637,0.9999999588681096,0.9999999116691685,-1.000000140601825
1.0000005878034346,-1.0000004097735131,-1.0000007269217854,1.0000004997416962,-1.000000191850829,1.0000001689680835,1.0000001787698225,-1.000000187312981,1.000000172639778,-1.0000001258200475,1.000000062669331,1.0000000001688203,-1.0000001944563541,-1.0000002514082487,1.0000002106652457,1.0000002548187457,-1.0000002153765595,-1.0000002428388164,1.000000205944749,1.000000234921081,-1.000000201745981,-1.0000001849871736,1.0000001804030243,1.0000001997892372,-0.9999995105799742,0.9999995992715668,-1.0000002229636926,1.0000001726397774,0.9999997104289,-0.9999995908499266,-0.999999906447769,-1.0000001363615576,-1.0000001732988066,-1.0000001953983984,1.0000002010686952,-1.0000001873129802,-1.000000222963692,1.0000000015719286,-1.0000002077624661,1.00000020775984,-1.0000001915776535,1.0000001958537845,-1.000000211517096,-1.0000001999356651,1.000000207120418,-0.9999998911603201,1.0000001337153073,1.000000086489962,-1.0000003155272714
-1.0000005227718212,1.0000003447432944,1.0000006618887944,-1.0000004347105202,1.0000001268300496,-1.0000001039488042,-1.0000001137475512,1.000000122289959,-1.0000001296998717,1.0000000608031339,-0.9999999976524031,-1.0000001944563541,1.0000000000763392,1.0000001863892631,-1.0000001456461536,-1.000000189799984,1.0000001503577072,1.000000177819557,-1.000000140925438,-1.0000001699018763,1.0000001367267197,1.000000119968001,-1.0000001153837352,-1.000000134770181,0.9999994455645396,-0.9999995342541756,1.000000157939937,-1.0000001296998684,-0.9999996454144751,0.9999995258348858,0.9999998414325862,1.000000071343454,1.000000108281022,1.000000130379379,-1.000000136050119,1.0000001222899606,1.000000157939937,-0.9999999365572024,1.0000001427432246,-1.0000001427406655,1.0000001265582843,-1.0000001308344357,1.0000001464977804,1.0000001349163796,-1.0000001421011409,0.9999998261370905,-1.0000000686885018,-1.000000021463901,1.0000002504983059
-1.000000601606594,1.0000004236119289,1.0000007406901295,-1.0000005135556091,1.000000205957912,-1.0000001831201788,-1.000000192832178,1.0000002013534883,-1.000000186663439,1.0000001400461307,-1.000000076890169,-1.0000002514082487,1.0000001863892631,1.000000000188854,-1.000000246906273,-1.0000002689866185,1.0000002295415644,1.0000002569911621,-1.0000002200949092,-1.0000002490752447,1.0000002158978298,1.000000199138573,-1.0000001945517834,-1.0000002139436295,0.9999995248082538,-0.9999996134494562,1.0000002369836352,-1.0000001866634396,-0.9999997247015431,0.9999996050966649,0.9999999207112849,1.0000001505489111,1.0000001874962265,1.0000002095584615,-1.0000002152423755,1.0000002013534899,1.0000002369836345,-1.0000000158524442,1.000000221915107,-1.0000002219147692,1.0000002057251984,-1.0000002100022651,1.0000002256661937,1.000000214084823,-1.0000002212702155,0.9999999051810442,-1.0000001476417117,-1.0000001004353813,1.0000003293974864
1.0000005608676,-1.000000382872351,-1.0000006999516904,1.000000472816433,-1.000000165212899,1.0000001423741687,1.000000152088144,-1.000000160609917,1.0000001459201986,-1.0000000992983995,1.0000000361426935,1.0000002106652457,-1.0000001456461536,-1.000000246906273,1.0000000001309022,1.0000002282402676,-1.0000001887952634,-1.0000002162451669,1.0000001793489668,1.0000002083292034,-1.0000001751518413,-1.0000001583926987,1.000000153805936,1.0000001731977128,-0.9999994840618339,0.9999995727038669,-1.000000196240476,1.0000001459201977,0.9999996839536887,-0.9999995643496198,-0.9999998799631855,-1.0000001098021274,-1.0000001467492086,-1.0000001908959757,1.0000001744958733,-1.0000001606099176,-1.000000196240476,0.9999999751038784,-1.0000002032528037,1.0000001811687032,-1.0000001649793382,1.0000001692563762,-1.0000001849203106,-1.0000001733389647,1.0000001805243284,-0.9999998644383327,1.0000001069006659,1.0000000596940275,-1.0000002886574042
1.0000006050067864,-1.0000004270138374,-1.0000007440886007,1.000000516956305,-1.0000002093731186,1.0000001865375974,1.0000001962451668,-1.0000002047654084,1.0000001900745106,-1.0000001434671912,1.000000080310954,1.0000002548187457,-1.000000189799984,-1.0000002689866185,1.0000002282402676,1.0000000001937155,-1.0000002550433442,-1.0000002604086538,1.0000002235122663,1.000000252492823,-1.000000219315268,-1.0000002025560226,1.000000197969084,1.0000002173612441,-0.9999995282294666,0.9999996168681486,-1.0000002403945498,1.0000001900745112,0.9999997281249188,-0.9999996085187695,-0.9999999241341821,-1.0000001539680647,-1.0000001909158842,-1.0000002129762826,1.0000002186608667,-1.0000002047654089,-1.0000002403945498,1.0000000192762017,-1.0000002253325808,1.0000002253323546,-1.0000002091424292,1.0000002134195423,-1.0000002290835173,-1.0000002175021538,1.000000224687577,-0.999999908591965,1.0000001510479823,1.0000001038425934,-1.0000003328009799
-1.000000565568215,1.0000003875747505,1.0000007046505262,-1.0000004775175801,1.0000001699291108,-1.000000147092684,-1.0000001568020505,1.000000165322709,-1.0000001506321137,1.000000104020694,-1.0000000408647047,-1.0000002153765595,1.0000001503577072,1.0000002295415644,-1.0000001887952634,-1.0000002550433442,1.0000000001376144,1.0000002209637595,-1.0000001840674304,-1.000000213047886,1.0000001798703861,1.000000163111254,-1.000000158524337,-1.000000177916436,0.9999994887842278,-0.9999995774236582,1.0000002009522233,-1.0000001506321163,-0.9999996886783571,0.9999995690729532,0.999999884687379,1.0000001145224435,1.0000001514700492,1.0000001735312043,-1.000000201299216,1.0000001653227104,1.000000200952223,-0.9999999798289615,1.0000001858876797,-1.000000207971102,1.000000169697669,-1.0000001739747526,1.0000001896387327,1.000000178057394,-1.000000185242791,0.9999998691500678,-1.0000001116075776,-1.0000000644019131,1.0000002933614398
-1.0000005930479672,1.0000004150515676,1.0000007321331912,-1.0000005049964495,1.0000001973834254,-1.0000001745432907,-1.0000001842600716,1.0000001927825317,-1.0000001780933678,1.0000001314655411,-1.0000000683098558,-1.0000002428388164,1.000000177819557,1.0000002569911621,-1.0000002162451669,-1.0000002604086538,1.0000002209637595,1.000000000176655,-1.000000233601463,-1.0000002404979116,1.0000002073206016,1.000000190561246,-1.00000018597463,-1.0000002053661357,0.9999995162284281,-0.9999996048721015,1.0000002284137715,-1.000000178093369,-0.9999997161190205,0.9999995965156728,0.9999999121289818,1.0000001419702542,1.0000001789169675,1.000000200981023,-1.0000002066642244,1.0000001927825322,1.0000002284137721,-1.000000007269238,1.0000002133378743,-1.0000002133374157,1.0000001971481405,-1.0000002014251774,1.0000002170890703,1.0000002055076664,-1.0000002126930465,0.9999998966116287,-1.0000001390770032,-1.0000000918697523,1.0000003208355754
1.0000005561565088,-1.0000003781597862,-1.000000695242049,1.0000004681049035,-1.0000001604880098,1.0000001376471905,1.0000001473653337,-1.0000001558881009,1.0000001411991648,-1.0000000945682468,1.0000000314127908,1.000000205944749,-1.000000140925438,-1.0000002200949092,1.0000001793489668,1.0000002235122663,-1.0000001840674304,-1.000000233601463,1.0000000001241787,1.0000002036017268,-1.0000001704244765,-1.0000001536651952,1.0000001490786041,1.0000001684700448,-0.9999994793324393,0.9999995679766176,-1.000000191519602,1.0000001411991657,0.9999996792219148,-0.9999995596191931,-0.9999998752315833,-1.0000001050736314,-1.0000001420201716,-1.0000001640847809,1.0000001697677678,-1.0000001558881013,-1.000000191519602,0.9999999703714756,-1.000000198525447,1.0000001764412434,-1.0000001823358122,1.0000001645291208,-1.0000001801930114,-1.0000001686116267,1.0000001757969859,-0.9999998597179585,1.0000001021843496,1.0000000549769168,-1.0000002839434996
1.000000585127743,-1.00000040713175,-1.000000724212561,1.0000004970763452,-1.0000001894668333,1.0000001666272351,1.0000001763429396,-1.0000001848651408,1.0000001701757741,-1.0000001235503433,1.000000060394598,1.000000234921081,-1.0000001699018763,-1.0000002490752447,1.0000002083292034,1.000000252492823,-1.000000213047886,-1.0000002404979116,1.0000002036017268,1.0000000001653961,-1.0000002214882924,-1.00000018264525,1.0000001780585948,1.0000001974501793,-0.9999995083132098,0.9999995969562857,-1.000000220496135,1.0000001701757735,0.9999997082043509,-0.999999588600683,-0.9999999042142136,-1.0000001340546092,-1.0000001710014528,-1.0000001930650775,1.0000001987484397,-1.0000001848651412,-1.0000002204961345,0.999999999354675,-1.0000002054218629,1.0000002054214332,-1.0000001892320851,1.0000001935091283,-1.0000002091730333,-1.0000001975916355,1.0000002047770202,-0.9999998886939552,1.0000001311582225,1.000000083951194,-1.0000003129161326
-1.0000005519554316,1.0000003739590841,1.0000006910405943,-1.000000463903936,1.0000001562903014,-1.00000013344998,-1.0000001431671246,1.0000001516896522,-1.0000001370005251,1.0000000903718318,-1.0000000272163154,-1.000000201745981,1.0000001367267197,1.0000002158978298,-1.0000001751518413,-1.000000219315268,1.0000001798703861,1.0000002073206016,-1.0000001704244765,-1.0000002214882924,1.0000000001182094,1.000000149468042,-1.000000144881412,-1.0000001642729324,0.9999994751360212,-0.9999995637796393,1.0000001873209308,-1.0000001370005258,-0.9999996750259967,0.9999995554229821,0.9999998710355689,1.0000001008768002,1.0000001378234602,1.0000001598876709,-1.0000001655708073,1.0000001516896522,1.0000001873209305,-0.9999999661756547,1.0000001722445695,-1.000000194327804,1.0000001560548921,-1.0000001824156242,1.0000001759958186,1.0000001644144403,-1.0000001715998048,0.9999998555192504,-1.000000097984612,-1.0000000507773885,1.0000002797431478
-1.000000535196846,1.0000003572005929,1.0000006742819942,-1.0000004471454427,1.0000001395314284,-1.0000001166911052,-1.0000001264083247,1.0000001349308423,-1.0000001202417865,1.0000000736131616,-1.0000000104576572,-1.0000001849871736,1.000000119968001,1.000000199138573,-1.0000001583926987,-1.0000002025560226,1.000000163111254,1.000000190561246,-1.0000001536651952,-1.00000018264525,1.000000149468042,1.0000000000943734,-1.0000001502057128,-1.0000001695970486,0.9999994583773659,-0.9999995470210751,1.0000001705621102,-1.0000001202417865,-0.9999996582673069,0.9999995386643128,0.9999998542769486,1.0000000841179952,1.0000001210645777,1.0000001431286654,-1.0000001488118078,1.0000001349308443,1.0000001705621093,-0.9999999494169909,1.000000155485352,-1.0000001554848872,1.0000001392955604,-1.0000001435726011,1.000000159236438,1.0000001476550142,-1.0000001548404036,0.9999998387607425,-1.0000000812260743,-1.0000000340188497,1.0000002629846143
1.0000005306163502,-1.0000003526194772,-1.0000006697020838,1.0000004425647422,-1.0000001349455376,1.0000001121043713,1.00000012182325,-1.0000001303461759,1.0000001156574019,-1.0000000690249538,1.0000000058695901,1.0000001804030243,-1.0000001153837352,-1.0000001945517834,1.000000153805936,1.000000197969084,-1.000000158524337,-1.00000018597463,1.0000001490786041,1.0000001780585948,-1.000000144881412,-1.0000001502057128,1.0000000000878504,1.0000001429267937,-0.9999994537895668,0.9999995424341036,-1.0000001659778146,1.000000115657402,0.9999996536785334,-0.9999995340761006,-0.9999998496881783,-1.0000000795305806,-1.0000001164769903,-1.0000001385418107,1.0000001442246917,-1.0000001303461783,-1.0000001659778144,0.9999999448278813,-1.0000001508986958,1.0000001508981853,-1.0000001567927443,1.000000138986055,-1.0000001546499033,-1.0000001651522017,1.0000001502538638,-0.9999998341765104,1.000000076643479,1.0000000294359364,-1.000000258402979
1.0000005499949112,-1.000000371999301,-1.000000689079445,1.000000461943714,-1.0000001543354182,1.0000001314960363,1.0000001412113992,-1.0000001497334732,1.0000001350440986,-1.000000088419682,1.0000000252640058,1.0000001997892372,-1.000000134770181,-1.0000002139436295,1.0000001731977128,1.0000002173612441,-1.000000177916436,-1.0000002053661357,1.0000001684700448,1.0000001974501793,-1.0000001642729324,-1.0000001695970486,1.0000001429267937,1.0000000001154294,-0.9999994731832297,0.9999995618260513,-1.0000001853643328,1.0000001350440992,0.9999996730743224,-0.9999995534706685,-0.9999998690840182,-1.0000000989236555,-1.0000001358704476,-1.0000001579337552,1.0000001636171838,-1.0000001497334734,-1.0000001853643328,0.9999999642244508,-1.000000170290264,1.000000170289852,-1.0000001541003414,1.0000001583774072,-1.0000001740412412,-1.0000001624598023,1.0000001696452114,-0.9999998535627671,1.0000000960263518,1.0000000488194674,-1.0000002777838732
-0.9999998606890977,0.9999996827095813,0.9999999997590917,-0.9999997726435618,0.99999946517194,-0.9999994423546972,-0.9999994520268569,0.9999994605383713,-0.999999445841544,0.9999993993104617,-0.9999993361532784,-0.9999995105799742,0.9999994455645396,0.9999995248082538,-0.9999994840618339,-0.9999995282294666,0.9999994887842278,0.9999995162284281,-0.9999994793324393,-0.9999995083132098,0.9999994751360212,0.9999994583773659,-0.9999994537895668,-0.9999994731832297,0.9999999991353116,-0.9999988947687444,0.9999994961588899,-0.9999994458415445,-0.9999989839801303,0.9999988643618939,0.9999991799897995,0.999999409797676,0.9999994467500869,0.9999994687979726,-0.9999994744877214,0.9999994605383712,0.9999994961588903,-0.9999992751374245,0.9999994811533245,-0.9999994811539943,0.999999464962216,-0.99999946923942,0.999999484903054,0.9999994733220465,-0.9999994805074245,0.9999991643519571,-0.9999994067739941,-0.9999993595749033,0.999999588507017
0.9999999494497692,-0.9999997714586505,-1.0000000885309293,0.9999998614005311,-0.9999995538314581,0.9999995309989496,0.9999995407013373,-0.9999995492202122,0.999999534528887,-0.9999994879302805,0.9999994247747804,0.9999995992715668,-0.9999995342541756,-0.9999996134494562,0.9999995727038669,0.9999996168681486,-0.9999995774236582,-0.9999996048721015,0.9999995679766176,0.9999995969562857,-0.9999995637796393,-0.9999995470210751,0.9999995424341036,0.9999995618260513,-0.9999988947687444,0.9999999992613671,-0.9999995848477182,0.9999995345288875,0.9999990725863386,-0.9999989750611233,-0.9999992685978994,-0.9999994984303222,-0.9999995353792085,-0.9999995574392505,0.999999563124445,-0.9999995492202131,-0.9999995848477182,0.9999993637399163,-0.9999995697967373,0.9999995697966296,-0.9999995536071725,0.9999995578841061,-0.9999995735476612,-0.9999995619665907,0.9999995691517998,-0.9999992751255983,0.9999994954947058,0.9999994482895445,-0.9999996772459849
-1.000000573358753,1.0000003953308054,1.0000007124751822,-1.0000004852976336,1.0000001774231801,-1.0000001545429735,-1.0000001643396674,1.0000001728815942,-1.000000158207457,1.000000111399044,-1.0000000482480518,-1.0000002229636926,1.000000157939937,1.0000002369836352,-1.000000196240476,-1.0000002403945498,1.0000002009522233,1.0000002284137715,-1.000000191519602,-1.000000220496135,1.0000001873209308,1.0000001705621102,-1.0000001659778146,-1.0000001853643328,0.9999994961588899,-0.9999995848477182,1.0000000001482932,-1.0000001802911624,-0.9999996960103946,0.9999995764299328,0.9999998920288267,1.0000001219384058,1.0000001588762328,1.0000001809737635,-1.000000186644823,1.0000001728815942,1.0000002085311375,-0.9999999871539219,1.0000001933374518,-1.000000193334953,1.0000001771523728,-1.0000001814285524,1.0000001970918884,1.0000001855104672,-1.0000001926952504,0.9999998767277247,-1.0000001192774677,-1.000000072053168,1.0000003010863097
1.0000005230292281,-1.0000003450023331,-1.0000006621446091,1.0000004349684353,-1.0000001271016774,1.0000001042225655,1.000000114017077,-1.0000001225584538,1.0000001078838772,-1.0000000610803474,0.9999999979293713,1.0000001726397774,-1.0000001296998684,-1.0000001866634396,1.0000001459201977,1.0000001900745112,-1.0000001506321163,-1.000000178093369,1.0000001411991657,1.0000001701757735,-1.0000001370005258,-1.0000001202417865,1.000000115657402,1.0000001350440992,-0.9999994458415445,0.9999995345288875,-1.0000001802911624,1.0000000000767193,0.9999996456936917,-0.9999995261128282,-0.9999998417114797,-1.0000000716188555,-1.0000001085569106,-1.0000001306535375,1.0000001363249202,-1.0000001446421594,-1.000000158207457,0.999999936836893,-1.000000143017064,1.000000143014614,-1.0000001268318952,1.000000131108088,-1.0000001467714514,-1.000000135190057,1.0000001423748432,-0.9999998264045249,1.0000000689515776,1.0000000217278437,-1.0000002507587917
1.0000000604745127,-0.9999998825055688,-1.0000001995335364,0.9999999724318707,-0.9999996650494026,0.999999642245394,0.9999996518907774,-0.9999996603958333,0.9999996456936925,-0.9999995992238255,0.9999995360647599,0.9999997104289,-0.9999996454144751,-0.9999997247015431,0.9999996839536887,0.9999997281249188,-0.9999996886783571,-0.9999997161190205,0.9999996792219148,0.9999997082043509,-0.9999996750259967,-0.9999996582673069,0.9999996536785334,0.9999996730743224,-0.9999989839801303,0.9999990725863386,-0.9999996960103946,0.9999996456936917,0.9999999994196545,-0.9999990863678135,-0.9999994019987701,-0.9999996096991995,-0.9999996466545055,-0.9999996686907604,0.9999996743846136,-0.9999996603958338,-0.9999996960103957,0.9999994750681139,-0.9999996810435727,0.9999996810449155,-0.9999996648507895,0.9999996691283292,-0.9999996847924093,-0.9999996732113838,0.9999996803970097,-0.9999993642047369,0.9999996065976638,0.9999995594046182,-0.999999788313232
-0.9999999409323046,0.9999997629572746,1.0000000799976083,-0.999999852887979,0.9999995454538186,-0.9999995226420698,-0.9999995323030806,0.9999995408119013,-0.9999995261128263,0.999999479607323,-0.9999994164493726,-0.9999995908499266,0.9999995258348858,0.9999996050966649,-0.9999995643496198,-0.9999996085187695,0.9999995690729532,0.9999995965156728,-0.9999995596191931,-0.999999588600683,0.9999995554229821,0.9999995386643128,-0.9999995340761006,-0.9999995534706685,0.9999988643618939,-0.9999989750611233,0.9999995764299328,-0.9999995261128282,-0.9999990863678135,0.999999999249519,0.9999992602918261,0.999999490089598,0.999999527043192,0.9999995490861722,-0.9999995547776331,0.9999995408119003,0.9999995764299329,-0.9999993554417053,0.9999995614404138,-0.9999995614413603,0.9999995452485838,-0.9999995495259334,0.9999995651897711,0.9999995536087523,-0.9999995607942406,0.9999992446238062,-0.9999994870334946,-0.9999994398369914,0.9999996687590973
-1.0000002565048098,1.0000000785338157,1.000000395565386,-1.0000001684612514,0.999999861062527,-0.9999998382556385,-0.9999998479064319,0.9999998564128479,-0.9999998417114804,0.9999997952302397,-0.9999997541549108,-0.999999906447769,0.9999998414325862,0.9999999207112849,-0.9999998799631855,-0.9999999241341821,0.999999884687379,0.9999999121289818,-0.9999998752315833,-0.9999999042142136,0.9999998710355689,0.9999998542769486,-0.9999998496881783,-0.9999998690840182,0.9999991799897995,-0.9999992685978994,0.9999998920288267,-0.9999998417114797,-0.9999994019987701,0.9999992602918261,0.9999999996984247,0.9999998057076301,0.9999998426622124,0.999999864700221,-0.9999998703933045,0.9999998564128483,0.9999998920288253,-0.999999693155999,0.9999998770531308,-0.9999998770543274,0.9999998608604829,-0.9999998651380262,0.9999998808022995,0.9999998692212285,-0.9999998764068802,0.999999560224239,-0.9999998026219243,-0.999999755428084,0.999999984340241
-1.0000004865234704,1.0000003085347662,1.0000006256011507,-1.0000003984742893,1.0000000909279403,-1.0000000901818045,-1.0000000777943625,1.0000000863118763,-1.0000000716188553,1.0000000250362477,-0.9999999839632067,-1.0000001363615576,1.000000071343454,1.0000001505489111,-1.0000001098021274,-1.0000001539680647,1.0000001145224435,1.0000001419702542,-1.0000001050736314,-1.0000001340546092,1.0000001008768002,1.0000000841179952,-1.0000000795305806,-1.0000000989236555,0.999999409797676,-0.9999994984303222,1.0000001219384058,-1.0000000716188555,-0.9999996096991995,0.999999490089598,0.9999998057076301,1.0000000000252687,1.0000000724819578,1.0000000945381502,-1.000000100224402,1.0000000863118765,1.0000001219384056,-0.9999999008516913,1.0000001068940974,-1.0000001068941415,1.0000000907036268,-1.0000000949807915,1.000000110644883,1.0000000990636444,-1.0000001062490735,0.9999997901349233,-1.0000000325795124,-0.9999999853763726,1.0000002143256972
-1.0000005234464502,1.0000003454601705,1.0000006625217055,-1.0000004353979925,1.0000001278717017,-1.0000001050449177,-1.0000001147350688,1.0000001232510924,-1.000000108556911,1.000000061988205,-1.0000000209147817,-1.0000001732988066,1.000000108281022,1.0000001874962265,-1.0000001467492086,-1.0000001909158842,1.0000001514700492,1.0000001789169675,-1.0000001420201716,-1.0000001710014528,1.0000001378234602,1.0000001210645777,-1.0000001164769903,-1.0000001358704476,0.9999994467500869,-0.9999995353792085,1.0000001588762328,-1.0000001085569106,-0.9999996466545055,0.999999527043192,0.9999998426622124,1.0000000724819578,1.0000000000778206,1.00000013148546,-1.000000159256349,1.0000001232510924,1.0000001588762322,-0.9999999378074591,1.000000143840824,-1.0000001438410255,1.0000001276499686,-1.0000001319272043,1.0000001475913456,1.000000136010098,-1.0000001431955816,0.999999827072963,-1.0000000695110294,-1.0000000223092187,1.0000002512533268
-1.0000005455973084,1.0000003676025613,1.0000006846809013,-1.0000004575462826,1.0000001499476543,-1.000000149193393,-1.0000001368221347,1.0000001453435508,-1.0000001306535367,1.000000084034956,-1.000000020879175,-1.0000001953983984,1.000000130379379,1.0000002095584615,-1.0000001908959757,-1.0000002129762826,1.0000001735312043,1.000000200981023,-1.0000001640847809,-1.0000001930650775,1.0000001598876709,1.0000001431286654,-1.0000001385418107,-1.0000001579337552,0.9999994687979726,-0.9999995574392505,1.0000001809737635,-1.0000001306535375,-0.9999996686907604,0.9999995490861722,0.999999864700221,1.0000000945381502,1.00000013148546,1.000000000109193,-1.0000001813155637,1.0000001453435525,1.0000001809737633,-0.999999959841201,1.0000001659049085,-1.0000001659045457,1.000000149715153,-1.000000153992187,1.0000001696561516,1.0000001580748377,-1.0000001652601953,0.9999998491712794,-1.0000000916321938,-1.000000044425823,1.0000002733880828
1.0000005512487022,-1.0000003732571126,-1.0000006903291687,1.000000463198629,-1.0000001556266302,1.000000132792753,1.000000142497033,-1.0000001510164696,1.00000013632492,-1.0000000897247108,1.0000000265684361,1.0000002010686952,-1.000000136050119,-1.0000002152423755,1.0000001744958733,1.0000002186608667,-1.000000201299216,-1.0000002066642244,1.0000001697677678,1.0000001987484397,-1.0000001655708073,-1.0000001488118078,1.0000001442246917,1.0000001636171838,-0.9999994744877214,0.999999563124445,-1.000000186644823,1.0000001363249202,0.9999996743846136,-0.9999995547776331,-0.9999998703933045,-1.000000100224402,-1.000000159256349,-1.0000001813155637,1.0000000001172775,-1.0000001510164709,-1.0000001866448232,0.9999999655358469,-1.0000001715881055,1.0000001715879492,-1.0000001553979114,1.0000001596750268,-1.0000001753390588,-1.00000016375776,1.0000001709431685,-0.9999998548422648,1.000000097294673,1.000000050090014,-1.0000002790454978
-1.0000005376791794,1.0000003596561715,1.000000676790752,-1.000000449619586,1.0000001417856499,-1.000000118911637,-1.0000001507797025,1.0000001372349157,-1.000000122558454,1.0000000757777305,-1.000000012626125,-1.0000001873129802,1.0000001222899606,1.0000002013534899,-1.0000001606099176,-1.0000002047654089,1.0000001653227104,1.0000001927825322,-1.0000001558881013,-1.0000001848651412,1.0000001516896522,1.0000001349308443,-1.0000001303461783,-1.0000001497334734,0.9999994605383712,-0.9999995492202131,1.0000001728815942,-1.0000001446421594,-0.9999996603958338,0.9999995408119003,0.9999998564128483,1.0000000863118765,1.0000001232510924,1.0000001453435525,-1.0000001510164709,1.0000000000975922,1.0000001728815946,-0.9999999515401954,1.000000157706283,-1.0000001577040922,1.0000001415205446,-1.00000014579684,1.0000001614602536,1.000000149878863,-1.0000001570637174,0.9999998410784421,-1.0000000836150802,-1.0000000363934263,1.000000265416103
-1.000000573358752,1.000000395330806,1.0000007124751815,-1.0000004852976327,1.0000001774231793,-1.0000001545429749,-1.0000001643396672,1.000000172881594,-1.000000180291164,1.0000001113990424,-1.000000048248052,-1.000000222963692,1.000000157939937,1.0000002369836345,-1.000000196240476,-1.0000002403945498,1.000000200952223,1.0000002284137721,-1.000000191519602,-1.0000002204961345,1.0000001873209305,1.0000001705621093,-1.0000001659778144,-1.0000001853643328,0.9999994961588903,-0.9999995848477182,1.0000002085311375,-1.000000158207457,-0.9999996960103957,0.9999995764299329,0.9999998920288253,1.0000001219384056,1.0000001588762322,1.0000001809737633,-1.0000001866448232,1.0000001728815946,1.0000000001482932,-0.9999999871539222,1.0000001933374512,-1.0000001933349538,1.0000001771523732,-1.0000001814285522,1.0000001970918873,1.0000001855104672,-1.000000192695249,0.9999998767277241,-1.0000001192774677,-1.0000000720531683,1.0000003010863094
1.0000003516056564,-1.0000001736383972,-1.000000490662457,1.000000263563162,-0.9999999561974675,0.9999999333956797,0.9999999430362309,-0.9999999515401937,0.9999999368368923,-0.9999998903788117,0.9999998272189626,1.0000000015719286,-0.9999999365572024,-1.0000000158524442,0.9999999751038784,1.0000000192762017,-0.9999999798289615,-1.000000007269238,0.9999999703714756,0.999999999354675,-0.9999999661756547,-0.9999999494169909,0.9999999448278813,0.9999999642244508,-0.9999992751374245,0.9999993637399163,-0.9999999871539219,0.999999936836893,0.9999994750681139,-0.9999993554417053,-0.999999693155999,-0.9999999008516913,-0.9999999378074591,-0.999999959841201,0.9999999655358469,-0.9999999515401954,-0.9999999871539222,0.9999999998337574,-0.9999999721932897,0.9999999721947511,-0.9999999560000543,0.9999999602777137,-0.9999999759421047,-0.9999999643610247,0.9999999715467597,-0.9999996553488204,0.9999998977361533,0.9999998505443936,-1.0000000794483197
-1.000000557970948,1.0000003799747417,1.0000006970559716,-1.000000469919493,1.0000001623072456,-1.0000001394671414,-1.0000001491838535,1.0000001577062805,-1.0000001430170642,1.000000096389259,-1.000000033233728,-1.0000002077624661,1.0000001427432246,1.000000221915107,-1.0000002032528037,-1.0000002253325808,1.0000001858876797,1.0000002133378743,-1.000000198525447,-1.0000002054218629,1.0000001722445695,1.000000155485352,-1.0000001508986958,-1.000000170290264,0.9999994811533245,-0.9999995697967373,1.0000001933374518,-1.000000143017064,-0.9999996810435727,0.9999995614404138,0.9999998770531308,1.0000001068940974,1.000000143840824,1.0000001659049085,-1.0000001715881055,1.000000157706283,1.0000001933374512,-0.9999999721932897,1.0000000001267675,-1.0000002003450734,1.000000162072159,-1.0000001663491804,1.0000001820130904,1.000000170431723,-1.0000001776170824,0.9999998615356733,-1.0000001040006405,-1.0000000567934895,1.0000002857589383
1.0000005579651348,-1.000000379969458,-1.0000006970496296,1.000000469913834,-1.0000001623060737,1.0000001394666511,1.000000149181993,-1.0000001577040916,1.0000001430146137,-1.0000000963898885,1.0000000332342731,1.00000020775984,-1.0000001427406655,-1.0000002219147692,1.0000001811687032,1.0000002253323546,-1.000000207971102,-1.0000002133374157,1.0000001764412434,1.0000002054214332,-1.000000194327804,-1.0000001554848872,1.0000001508981853,1.000000170289852,-0.9999994811539943,0.9999995697966296,-1.000000193334953,1.000000143014614,0.9999996810449155,-0.9999995614413603,-0.9999998770543274,-1.0000001068941415,-1.0000001438410255,-1.0000001659045457,1.0000001715879492,-1.0000001577040922,-1.0000001933349538,0.9999999721947511,-1.0000002003450734,1.000000000126767,-1.000000162071625,1.000000166348658,-1.0000001820125843,-1.000000170431221,1.0000001776165877,-0.9999998615331677,1.0000001039966993,1.0000000567898406,-1.000000285754141
-1.0000005417927953,1.0000003637955703,1.000000680878843,-1.0000004537410538,1.0000001461193264,-1.000000123277749,-1.0000001329974149,1.0000001415205435,-1.000000126831894,1.0000000801976172,-1.000000017042287,-1.0000001915776535,1.0000001265582843,1.0000002057251984,-1.0000001649793382,-1.0000002091424292,1.000000169697669,1.0000001971481405,-1.0000001823358122,-1.0000001892320851,1.0000001560548921,1.0000001392955604,-1.0000001567927443,-1.0000001541003414,0.999999464962216,-0.9999995536071725,1.0000001771523728,-1.0000001268318952,-0.9999996648507895,0.9999995452485838,0.9999998608604829,1.0000000907036268,1.0000001276499686,1.000000149715153,-1.0000001553979114,1.0000001415205446,1.0000001771523732,-0.9999999560000543,1.000000162072159,-1.000000162071625,1.0000000001037417,-1.0000001722432867,1.0000001658234463,1.0000001542420487,-1.0000001614274034,0.999999845350975,-1.0000000878188036,-1.0000000406110896,1.0000002695788066
1.00000054606773,-1.00000036807068,-1.0000006851536043,1.000000458016034,-1.000000150396019,1.0000001275547155,1.000000137273838,-1.0000001457968375,1.0000001311080864,-1.0000000844750045,1.0000000213196265,1.0000001958537845,-1.0000001308344357,-1.0000002100022651,1.0000001692563762,1.0000002134195423,-1.0000001739747526,-1.0000002014251774,1.0000001645291208,1.0000001935091283,-1.0000001824156242,-1.0000001435726011,1.000000138986055,1.0000001583774072,-0.99999946923942,0.9999995578841061,-1.0000001814285524,1.000000131108088,0.9999996691283292,-0.9999995495259334,-0.9999998651380262,-1.0000000949807915,-1.0000001319272043,-1.000000153992187,1.0000001596750268,-1.00000014579684,-1.0000001814285522,0.9999999602777137,-1.0000001663491804,1.000000166348658,-1.0000001722432867,1.0000000001098248,-1.0000001921841681,-1.0000001585190714,1.0000001657044257,-0.9999998496270474,1.0000000920943732,1.0000000448867565,-1.0000002738540792
