1.0000000053819402,-1.0000074828051382,1.0000063666900312,1.000007655614916,0.8090208532141959,-1.0000058341343334,-0.30901821528008266,1.0000070720010537,0.8090208532142007,-0.3090182152800956,-1.0000080721611806,1.000007037815179,1.0000085135976327,-1.0000073247924262,-1.000005050477319,-0.9999924432946604,0.9999943353149091,0.9999913499243088,-0.9999933932307936,-0.9999976249275607,1.0000012988706843,-1.0000075608147898,-1.0000072361647914
-1.0000074828051382,1.0000000051666458,-1.0000063338069194,-1.0000076227316324,-0.8090207315985946,1.0000056838090348,0.3090181688270929,-1.0000069216755878,-0.8090207315985988,0.30901816882710637,1.0000079218354805,-1.000006887489648,-1.0000083632718642,1.00000717446685,1.0000049001521236,0.999992292971532,-0.9999941849914635,-0.9999911996013657,0.9999932429075052,0.9999974746035701,-1.0000011485460947,1.000007410489252,1.0000070858393204
1.0000063666900312,-1.0000063338069194,1.000000003736359,1.00000650661638,0.8090199236575154,-1.0000046851378797,-0.30901786022131617,1.0000059230032028,0.8090199236575204,-0.30901786022133015,-1.0000069231619868,1.0000058888172143,1.0000073645979208,-1.0000061757941257,-1.0000040189240071,-0.9999912943140902,0.9999931863320702,0.9999902009450546,-0.9999922442490864,-0.999996475940797,1.0000001498795534,-1.0000064118163754,-1.0000060871667962
1.000007655614916,-1.0000076227316324,1.00000650661638,1.000000005582341,0.8090209664168049,-1.0000059740606093,-0.3090182585195954,1.0000072119275123,0.8090209664168079,-0.30901825851960774,-1.0000082120877545,1.0000071777416086,1.000008653524268,-1.000007464718897,-1.0000051904034781,-0.9999925832190787,0.9999944752395856,0.9999914898485776,-0.9999935331553421,-0.9999977648526905,1.0000014387963214,-1.0000078181835925,-1.0000073760912793
0.8090208532141959,-0.8090207315985946,0.8090199236575154,0.8090209664168049,1.0000000010325996,-0.8090196102543974,-0.8090173861478281,0.8090204942645959,0.30901820169842886,0.30901666618501333,-0.8090213034086892,0.8090204666075541,0.809021660537281,-0.8090206987763731,-0.809018858822004,-0.8090086594257297,0.8090101900979342,0.8090077748730443,-0.8090094279380313,-0.8090128514429626,0.8090158237170136,-0.8090208897221174,-0.809020627075527
-1.0000058341343334,1.0000056838090348,-1.0000046851378797,-1.0000059740606093,-0.8090196102543974,1.0000000029736402,0.30901769565316384,-1.0000055078900254,-0.8090196102543923,0.3090176956531612,1.000006390606016,-1.0000053562618,-1.0000068320417121,1.0000056432385553,1.0000033689273888,0.999990761766508,-0.9999926537834781,-0.9999896683980594,0.9999917117009954,0.999995943390438,-0.9999996173272191,1.000005879260652,1.0000055546112443
-0.30901821528008266,0.3090181688270929,-0.30901786022131617,-0.3090182585195954,-0.8090173861478281,0.30901769565316384,0.9999999997440326,-0.3090180781736524,0.30901666618501195,-0.8090166806125846,0.309018387238923,-0.3090180676095991,-0.3090185236497939,0.30901815629012164,0.3090174534906792,0.30901355767121963,-0.30901414233548635,-0.30901321980243984,0.3090138512165522,0.3090151588779832,-0.3090162941846986,0.3090182292248562,0.3090181289028749
1.0000070720010537,-1.0000069216755878,1.0000059230032028,1.0000072119275123,0.8090204942645959,-1.0000055078900254,-0.3090180781736524,1.0000000047464965,0.8090204942645962,-0.3090180781736574,-1.0000076284735786,1.0000065941280436,1.0000080699098322,-1.000006881105163,-1.0000046067910815,-0.9999919996141177,0.9999938916335097,0.9999909062442583,-0.9999929495498202,-0.9999971812446744,1.0000008551861392,-1.0000072345697102,-1.0000069099198479
0.8090208532142007,-0.8090207315985988,0.8090199236575204,0.8090209664168079,0.30901820169842886,-0.8090196102543923,0.30901666618501195,0.8090204942645962,1.0000000010325996,-0.8090173861478256,-0.8090213034086949,0.8090204666075582,0.8090216605372875,-0.8090206987763794,-0.8090188588220085,-0.8090086594257372,0.8090101900979414,0.809007774873053,-0.8090094279380396,-0.8090128514429705,0.8090158237170205,-0.8090208897221206,-0.8090206270755281
-0.3090182152800956,0.30901816882710637,-0.30901786022133015,-0.30901825851960774,0.30901666618501333,0.3090176956531612,-0.8090166806125846,-0.3090180781736574,-0.8090173861478256,0.9999999997440326,0.3090183872389385,-0.30901806760961203,-0.30901852364980986,0.3090181562901387,0.3090174534906922,0.3090135576712382,-0.30901414233550484,-0.3090132198024617,0.309013851216571,0.3090151588780004,-0.3090162941847157,0.30901822922486794,0.30901812890288066
-1.0000080721611806,1.0000079218354805,-1.0000069231619868,-1.0000082120877545,-0.8090213034086892,1.000006390606016,0.309018387238923,-1.0000076284735786,-0.8090213034086949,0.3090183872389385,1.0000000061789134,-1.0000077117295016,-1.0000091875126935,1.0000078812646231,1.0000056069484577,0.9999929997596788,-0.9999948917807997,-0.999991906388846,0.9999939496962529,0.9999981813950252,-1.000001855339948,1.000008117287603,1.0000077926375444
1.000007037815179,-1.000006887489648,1.0000058888172143,1.0000071777416086,0.8090204666075541,-1.0000053562618,-0.3090180676095991,1.0000065941280436,0.8090204666075582,-0.30901806760961203,-1.0000077117295016,1.0000000046975352,1.0000080357234564,-1.0000069643611635,-1.000004690047352,-0.9999919654293687,0.9999938574485343,0.9999908720596604,-0.99999291536496,-0.9999971470593527,1.0000008210004636,-1.000007082941555,-1.0000067582918173
1.0000085135976327,-1.0000083632718642,1.0000073645979208,1.000008653524268,0.809021660537281,-1.0000068320417121,-0.3090185236497939,1.0000080699098322,0.8090216605372875,-0.30901852364980986,-1.0000091875126935,1.0000080357234564,1.000000006811134,-1.0000083227009802,-1.0000060483838011,-0.9999934411894055,0.9999953332113694,0.9999923478180843,-0.9999943911264033,-0.9999986228270611,1.0000022967736206,-1.0000085587240761,-1.000008234073874
-1.0000073247924262,1.00000717446685,-1.0000061757941257,-1.000007464718897,-0.8090206987763731,1.0000056432385553,0.30901815629012164,-1.000006881105163,-0.8090206987763794,0.3090181562901387,1.0000078812646231,-1.0000069643611635,-1.0000083227009802,1.0000000051085405,1.0000048595816036,0.999992252402253,-0.9999941444219641,-0.9999911590322302,0.9999932023381193,0.9999974340337322,-1.0000011079759057,1.000007369918816,1.0000070452689869
-1.000005050477319,1.0000049001521236,-1.0000040189240071,-1.0000051904034781,-0.809018858822004,1.0000033689273888,0.3090174534906792,-1.0000046067910815,-0.8090188588220085,0.3090174534906922,1.0000056069484577,-1.000004690047352,-1.0000060483838011,1.0000048595816036,1.000000001851298,0.9999899781215843,-0.9999918701370141,-0.9999888847540269,0.9999909280552987,0.999995159741314,-0.999998951117406,1.000005095603604,1.0000047709544728
-0.9999924432946604,0.999992292971532,-0.9999912943140902,-0.9999925832190787,-0.8090086594257297,0.999990761766508,0.30901355767121963,-0.9999919996141177,-0.8090086594257372,0.3090135576712382,0.9999929997596788,-0.9999919654293687,-0.9999934411894055,0.999992252402253,0.9999899781215843,0.9999999837956001,-0.9999793805640939,-0.9999763952186685,0.9999783210519687,0.9999825526845842,-0.9999862265719441,0.9999924884203657,0.9999921637751713
0.9999943353149091,-0.9999941849914635,0.9999931863320702,0.9999944752395856,0.8090101900979342,-0.9999926537834781,-0.30901414233548635,0.9999938916335097,0.8090101900979414,-0.30901414233550484,-0.9999948917807997,0.9999938574485343,0.9999953332113694,-0.9999941444219641,-0.9999918701370141,-0.9999793805640939,0.9999999865052903,0.9999781697659477,-0.9999803304876297,-0.9999845621282251,0.9999881185802644,-0.9999943804407008,-0.9999940557949274
0.9999913499243088,-0.9999911996013657,0.9999902009450546,0.9999914898485776,0.8090077748730443,-0.9999896683980594,-0.30901321980243984,0.9999909062442583,0.809007774873053,-0.3090132198024617,-0.999991906388846,0.9999908720596604,0.9999923478180843,-0.9999911590322302,-0.9999888847540269,-0.9999763952186685,0.9999781697659477,0.9999999822297122,-0.999977227697113,-0.9999814593251332,0.9999851332084863,-0.999991395049962,-0.9999910704050994
-0.9999933932307936,0.9999932429075052,-0.9999922442490864,-0.9999935331553421,-0.8090094279380313,0.9999917117009954,0.3090138512165522,-0.9999929495498202,-0.8090094279380396,0.309013851216571,0.9999939496962529,-0.99999291536496,-0.9999943911264033,0.9999932023381193,0.9999909280552987,0.9999783210519687,-0.9999803304876297,-0.999977227697113,0.9999999851560671,0.9999835026112397,-0.9999871765020888,0.9999934383565414,0.9999931137110548
-0.9999976249275607,0.9999974746035701,-0.999996475940797,-0.9999977648526905,-0.8090128514429626,0.999995943390438,0.3090151588779832,-0.9999971812446744,-0.8090128514429705,0.3090151588780004,0.9999981813950252,-0.9999971470593527,-0.9999986228270611,0.9999974340337322,0.999995159741314,0.9999825526845842,-0.9999845621282251,-0.9999814593251332,0.9999835026112397,0.99999999121658,-0.9999915256144484,0.9999976700535036,0.9999973454067074
1.0000012988706843,-1.0000011485460947,1.0000001498795534,1.0000014387963214,0.8090158237170136,-0.9999996173272191,-0.3090162941846986,1.0000008551861392,0.8090158237170205,-0.3090162941847157,-1.000001855339948,1.0000008210004636,1.0000022967736206,-1.0000011079759057,-0.999998951117406,-0.9999862265719441,0.9999881185802644,0.9999851332084863,-0.9999871765020888,-0.9999915256144484,0.999999996478315,-1.0000013439967952,-1.0000010193488493
-1.0000075608147898,1.000007410489252,-1.0000064118163754,-1.0000078181835925,-0.8090208897221174,1.000005879260652,0.3090182292248562,-1.0000072345697102,-0.8090208897221206,0.30901822922486794,1.000008117287603,-1.000007082941555,-1.0000085587240761,1.000007369918816,1.000005095603604,0.9999924884203657,-0.9999943804407008,-0.999991395049962,0.9999934383565414,0.9999976700535036,-1.0000013439967952,1.0000000054465696,1.0000072812911744
-1.0000072361647914,1.0000070858393204,-1.0000060871667962,-1.0000073760912793,-0.809020627075527,1.0000055546112443,0.3090181289028749,-1.0000069099198479,-0.8090206270755281,0.30901812890288066,1.0000077926375444,-1.0000067582918173,-1.000008234073874,1.0000070452689869,1.0000047709544728,0.9999921637751713,-0.9999940557949274,-0.9999910704050994,0.9999931137110548,0.9999973454067074,-1.0000010193488493,1.0000072812911744,1.0000000049816102
