1.0000000008717806,-1.0000002158085786,-1.0000015696459719,1.0000005048124232,1.0000001360151973,1.0000012192136996,-1.000000380900081,-1.000001734737471,1.0000005048124243,1.0000022630150287,-1.000001577074347,-1.0000010264936205,-1.0000036729189552,1.0000010068722558,1.0000001561072192,-1.0000007653870802,-0.9999993163540236,0.9999990560641221,0.999999703192719,-0.999999244337844,0.9999989770269416,1.0000002151273009,-0.9999993312459539,1.0000001473106632,-1.000000790300226,1.0000017416473759
-1.0000002158085786,0.9999999996681768,1.0000009038272946,-0.999999492114934,-0.9999991263124067,-1.0000003809000755,0.9999995359158554,1.0000009038272974,-0.9999996572064357,-1.000001410746866,1.000000723748419,1.0000001754276588,1.0000028272967025,-1.0000001531178582,-0.9999993073301473,0.9999999151830924,0.9999984661912127,-0.9999982100463086,-0.9999988511598005,0.9999984014296073,-0.9999981325766101,-0.9999993804021974,0.9999984853769099,-0.9999993105724218,0.9999999387118068,-1.0000008990780294
-1.0000015696459719,1.0000009038272946,1.0000000016033044,-1.0000010310031335,-1.000000658620798,-1.0000017347374668,1.0000009038272981,1.0000022422935229,-1.0000010310031349,-1.0000027948672683,1.0000021103278964,1.000001556577678,1.0000041980668755,-1.0000015405190938,-1.0000006844892928,1.0000012954126114,0.9999998458375796,-0.9999995809568988,-1.0000002345579642,0.9999997656259564,-0.9999995000319427,-1.0000007277499103,0.9999998558230032,-1.0000006623102713,1.0000013214849257,-1.0000022635391117
1.0000005048124232,-0.999999492114934,-1.0000010310031335,0.9999999998412419,0.9999994129884848,1.0000005048124216,-0.9999996572064387,-1.0000010310031369,0.99999977795998,1.00000153027064,-1.0000008432029166,-1.000000129770726,-1.0000029503559316,1.0000002723062509,0.9999994288996504,-1.000000036246606,-0.9999985866227831,0.999998332156396,0.9999989705686603,-0.9999985245466131,0.9999982551036583,0.9999995073375452,-0.9999986073146251,0.9999994368976628,-1.0000000586869529,1.0000010236030155
1.0000001360151973,-0.9999991263124067,-1.000000658620798,0.9999994129884848,0.9999999993185605,1.0000001360151969,-0.9999991263124137,-1.0000006586208001,0.9999994129884863,1.000001166749737,-1.000000479902654,-0.9999999313335345,-1.0000025831644015,0.9999999091845679,0.9999990632336498,-0.9999996711873941,-0.9999982219948557,0.999997965651038,0.9999986069860248,-0.999998156739151,0.9999978880299207,0.999999135425191,-0.999998240860731,0.9999990657661357,-0.9999996945987937,1.0000006547222648
1.0000012192136996,-1.0000003809000755,-1.0000017347374668,1.0000005048124216,1.0000001360151969,1.0000000008717806,-1.0000002158085777,-1.000001569645971,1.0000005048124216,1.0000022630150258,-1.0000015770743436,-1.0000010264936183,-1.0000036729189523,1.0000010068722534,1.0000001561072172,-1.0000007653870782,-0.9999993163540211,0.9999990560641212,0.9999997031927169,-0.9999992443378428,0.9999989770269397,1.0000002151272993,-0.9999993312459515,1.0000001473106603,-1.0000007903002246,1.0000017416473743
-1.000000380900081,0.9999995359158554,1.0000009038272981,-0.9999996572064387,-0.9999991263124137,-1.0000002158085777,0.9999999996681768,1.000000903827302,-0.9999994921149372,-1.0000014107468704,1.000000723748424,1.0000001754276635,1.0000028272967083,-1.0000001531178626,-0.9999993073301511,0.9999999151830966,0.9999984661912162,-0.9999982100463141,-0.9999988511598051,0.9999984014296115,-0.9999981325766142,-0.9999993804022012,0.999998485376913,-0.9999993105724267,0.9999999387118116,-1.000000899078034
-1.000001734737471,1.0000009038272974,1.0000022422935229,-1.0000010310031369,-1.0000006586208001,-1.000001569645971,1.000000903827302,1.0000000016033044,-1.0000010310031369,-1.0000027948672716,1.0000021103278989,1.0000015565776825,1.0000041980668777,-1.0000015405190956,-1.0000006844892952,1.000001295412614,0.999999845837582,-0.9999995809569026,-1.0000002345579666,0.9999997656259583,-0.9999995000319459,-1.000000727749913,0.9999998558230057,-1.0000006623102742,1.0000013214849266,-1.0000022635391153
1.0000005048124243,-0.9999996572064357,-1.0000010310031349,0.99999977795998,0.9999994129884863,1.0000005048124216,-0.9999994921149372,-1.0000010310031369,0.9999999998412419,1.000001530270642,-1.0000008432029175,-1.0000001297707266,-1.0000029503559325,1.000000272306252,0.9999994288996504,-1.0000000362466073,-0.9999985866227837,0.9999983321563968,0.9999989705686616,-0.9999985245466133,0.9999982551036594,0.9999995073375452,-0.9999986073146258,0.9999994368976631,-1.0000000586869535,1.0000010236030155
1.0000022630150287,-1.000001410746866,-1.0000027948672683,1.00000153027064,1.000001166749737,1.0000022630150258,-1.0000014107468704,-1.0000027948672716,1.000001530270642,1.0000000023461306,-1.0000024288544889,-1.0000018801243684,-1.0000045420897588,1.0000020231631546,1.0000011839375529,-1.0000017902611098,-1.0000003400422575,1.000000088515201,1.000000722307405,-1.0000002831388657,1.0000000123745725,1.000001272452359,-1.0000003637076567,1.0000012007505172,-1.000001811258803,1.000002783871675
-1.000001577074347,1.000000723748419,1.0000021103278964,-1.0000008432029166,-1.000000479902654,-1.0000015770743436,1.000000723748424,1.0000021103278989,-1.0000008432029175,-1.0000024288544889,1.0000000013636021,1.000001357673414,1.0000040215146115,-1.000001171381205,-1.0000004986139992,1.0000011045807635,0.9999996542949579,-0.9999994036327938,-1.000000036063675,0.999999598721538,-0.9999993277147374,-1.0000005897957296,0.9999996787024783,-1.000000517757496,1.000001125085529,-1.0000020997489465
-1.0000010264936205,1.0000001754276588,1.000001556577678,-1.000000129770726,-0.9999999313335345,-1.0000010264936183,1.0000001754276635,1.0000015565776825,-1.0000001297707266,-1.0000018801243684,1.000001357673414,1.0000000005792649,1.0000034688883481,-1.000000786731808,-0.9999999460016107,1.0000005525849096,0.9999991029738188,-0.9999988506475861,-0.9999994859147305,0.9999990447492325,-0.9999987744080486,-1.000000031860434,0.999999125942228,-0.9999999603693964,1.000000574325844,-1.0000015440733787
-1.0000036729189552,1.0000028272967025,1.0000041980668755,-1.0000029503559316,-1.0000025831644015,-1.0000036729189523,1.0000028272967083,1.0000041980668777,-1.0000029503559325,-1.0000045420897588,1.0000040215146115,1.0000034688883481,1.0000000043819706,-1.0000034508839022,-1.0000026073394417,1.000003215276944,1.0000017636081842,-1.000001507929237,-1.0000021472092064,1.0000016990378626,-1.0000014298003068,-1.0000026812996634,1.0000017825790024,-1.0000026120159156,1.0000032366240144,-1.0000042021935711
1.0000010068722558,-1.0000001531178582,-1.0000015405190938,1.0000002723062509,0.9999999091845679,1.0000010068722534,-1.0000001531178626,-1.0000015405190956,1.000000272306252,1.0000020231631546,-1.000001171381205,-1.000000786731808,-1.0000034508839022,1.00000000054799,0.9999999291209295,-1.0000003696877127,-0.9999990850687478,0.9999988348308001,0.9999994667750618,-0.9999990303889335,0.9999987591841405,1.0000000219303962,-0.9999991100394932,0.9999999495587246,-1.0000003903892314,1.0000015304925576
1.0000001561072192,-0.9999993073301473,-1.0000006844892928,0.9999994288996504,0.9999990632336498,1.0000001561072172,-0.9999993073301511,-1.0000006844892952,0.9999994288996504,1.0000011839375529,-1.0000004986139992,-0.9999999460016107,-1.0000026073394417,0.9999999291209295,0.9999999993484548,-0.9999995302833479,-0.9999980803806648,0.9999979923529617,0.9999986283512784,-0.9999981855221639,0.9999979154801684,0.9999991714993763,-0.9999982672699729,0.9999991006440099,-0.9999997167751858,1.0000006858137438
-1.0000007653870802,0.9999999151830924,1.0000012954126114,-1.000000036246606,-0.9999996711873941,-1.0000007653870782,0.9999999151830966,1.000001295412614,-1.0000000362466073,-1.0000017902611098,1.0000011045807635,1.0000005525849096,1.000003215276944,-1.0000003696877127,-0.9999995302833479,1.0000000002157823,0.9999988515745566,-0.9999985992415987,-0.999999234014121,0.9999987929813178,-0.9999985226128606,-0.9999997807557195,0.9999988741570377,-0.9999997095768811,1.0000003227502947,-1.0000012938884406
-0.9999993163540236,0.9999984661912127,0.9999998458375796,-0.9999985866227831,-0.9999982219948557,-0.9999993163540211,0.9999984661912162,0.999999845837582,-0.9999985866227837,-1.0000003400422575,0.9999996542949579,0.9999991029738188,1.0000017636081842,-0.9999990850687478,-0.9999980803806648,0.9999988515745566,0.9999999981429027,-0.9999969854849412,-0.9999976204936744,0.9999973447379074,-0.9999970743553154,-0.999998331726858,0.9999974258049977,-0.9999982601243479,0.9999988734135221,-0.99999984305576
0.9999990560641221,-0.9999982100463086,-0.9999995809568988,0.999998332156396,0.999997965651038,0.9999990560641212,-0.9999982100463141,-0.9999995809569026,0.9999983321563968,1.000000088515201,-0.9999994036327938,-0.9999988506475861,-1.000001507929237,0.9999988348308001,0.9999979923529617,-0.9999985992415987,-0.9999969854849412,0.9999999977805244,0.9999975345499935,-0.999996923106972,0.9999968188028238,0.9999980701770833,-0.9999971710464605,0.9999979997561144,-0.9999986219456927,0.9999995860023267
0.999999703192719,-0.9999988511598005,-1.0000002345579642,0.9999989705686603,0.9999986069860248,0.9999997031927169,-0.9999988511598051,-1.0000002345579666,0.9999989705686616,1.000000722307405,-1.000000036063675,-0.9999994859147305,-1.0000021472092064,0.9999994667750618,0.9999986283512784,-0.999999234014121,-0.9999976204936744,0.9999975345499935,0.9999999986901048,-0.9999977297126018,0.9999974588827575,0.9999987186605378,-0.999997644857172,0.9999986463841081,-0.999999090673762,1.0000002273701147
-0.999999244337844,0.9999984014296073,0.9999997656259564,-0.9999985245466131,-0.999998156739151,-0.9999992443378428,0.9999984014296115,0.9999997656259583,-0.9999985245466133,-1.0000002831388657,0.999999598721538,0.9999990447492325,1.0000016990378626,-0.9999990303889335,-0.9999981855221639,0.9999987929813178,0.9999973447379074,-0.999996923106972,-0.9999977297126018,0.9999999980545661,-0.999996845369319,-0.9999980920329178,0.9999973633875336,-0.9999981875044325,0.9999988166571744,-0.9999997760741448
0.9999989770269416,-0.9999981325766101,-0.9999995000319427,0.9999982551036583,0.9999978880299207,0.9999989770269397,-0.9999981325766142,-0.9999995000319459,0.9999982551036594,1.0000000123745725,-0.9999993277147374,-0.9999987744080486,-1.0000014298003068,0.9999987591841405,0.9999979154801684,-0.9999985226128606,-0.9999970743553154,0.9999968188028238,0.9999974588827575,-0.999996845369319,0.999999997670033,0.9999979902906218,-0.9999969288753452,0.9999979202114954,-0.9999985459047512,0.9999995074049306
1.0000002151273009,-0.9999993804021974,-1.0000007277499103,0.9999995073375452,0.999999135425191,1.0000002151272993,-0.9999993804022012,-1.000000727749913,0.9999995073375452,1.000001272452359,-1.0000005897957296,-1.000000031860434,-1.0000026812996634,1.0000000219303962,0.9999991714993763,-0.9999997807557195,-0.999998331726858,0.9999980701770833,0.9999987186605378,-0.9999980920329178,0.9999979902906218,0.9999999994463813,-0.9999983449133457,0.9999991587858208,-0.9999998055025406,1.0000007550569117
-0.9999993312459539,0.9999984853769099,0.9999998558230032,-0.9999986073146251,-0.999998240860731,-0.9999993312459515,0.999998485376913,0.9999998558230057,-0.9999986073146258,-1.0000003637076567,0.9999996787024783,0.999999125942228,1.0000017825790024,-0.9999991100394932,-0.9999982672699729,0.9999988741570377,0.9999974258049977,-0.9999971710464605,-0.999997644857172,0.9999973633875336,-0.9999969288753452,-0.9999983449133457,0.9999999981740373,-0.9999981093539321,0.9999988971770942,-0.9999998606008478
1.0000001473106632,-0.9999993105724218,-1.0000006623102713,0.9999994368976628,0.9999990657661357,1.0000001473106603,-0.9999993105724267,-1.0000006623102742,0.9999994368976631,1.0000012007505172,-1.000000517757496,-0.9999999603693964,-1.0000026120159156,0.9999999495587246,0.9999991006440099,-0.9999997095768811,-0.9999982601243479,0.9999979997561144,0.9999986463841081,-0.9999981875044325,0.9999979202114954,0.9999991587858208,-0.9999981093539321,0.9999999993503103,-0.9999997336462788,1.000000686337427
-1.000000790300226,0.9999999387118068,1.0000013214849257,-1.0000000586869529,-0.9999996945987937,-1.0000007903002246,0.9999999387118116,1.0000013214849266,-1.0000000586869535,-1.000001811258803,1.000001125085529,1.000000574325844,1.0000032366240144,-1.0000003903892314,-0.9999997167751858,1.0000003227502947,0.9999988734135221,-0.9999986219456927,-0.999999090673762,0.9999988166571744,-0.9999985459047512,-0.9999998055025406,0.9999988971770942,-0.9999997336462788,1.0000000002460294,-1.0000011509055504
1.0000017416473759,-1.0000008990780294,-1.0000022635391117,1.0000010236030155,1.0000006547222648,1.0000017416473743,-1.000000899078034,-1.0000022635391153,1.0000010236030155,1.000002783871675,-1.0000020997489465,-1.0000015440733787,-1.0000042021935711,1.0000015304925576,1.0000006858137438,-1.0000012938884406,-0.99999984305576,0.9999995860023267,1.0000002273701147,-0.9999997760741448,0.9999995074049306,1.0000007550569117,-0.9999998606008478,1.000000686337427,-1.0000011509055504,1.0000000016286916
