1.000000000437231,-0.7938643351973245,-0.7938634750665226,0.7938634018372306,-0.7938633905842183,-0.793863370819744,0.26043827932320146,0.38035933782490744,0.7938630056713516,-0.7938629988577955,0.7938632122436511,-0.7938633389558796,0.7938633257673795,0.7938633912328702,0.7938631805333275,-0.7938631634444344,-0.7938631473155798,-0.7938630742151601,0.7938630666808623,0.7254906981835851,-0.4755377909793947,-0.6490662985645499,0.5654393246980216
-0.7938643351973245,1.0000000012782837,0.26043820609906054,-0.2604382013096026,0.2604381976178974,0.2604381911338757,0.3803593378249105,-0.8643456562220915,-0.260438071341742,0.2604380691064558,-0.2604381391107266,0.2604381806804793,-0.26043817635380756,-0.260438197830692,-0.2604381287077069,0.2604381231014502,0.2604381178101508,0.26043809382851585,-0.2604380913567843,-0.9944534778096384,0.9124528062104142,0.9778696326157935,-0.9504346121773128
-0.7938634750665226,0.26043820609906054,0.9999999996352666,-0.9999994722725684,0.9999994580975362,0.9999994332010522,-0.7938634750665253,0.2604382060990646,-0.9999990318676182,0.9999989646546559,-0.9999992334486744,0.9999993930633677,-0.9999993764503237,-0.9999994589146628,-0.999999193504543,0.9999991719783242,0.9999991516612309,0.9999990595796171,-0.9999990500889515,-0.1574280756101817,-0.1574280756101916,0.05267085593108653,0.052670855931099395
0.7938634018372306,-0.2604382013096026,-0.9999994722725684,0.9999999996089284,-0.9999994983376277,-0.9999994734411721,0.7938634018372389,-0.260438201309613,0.9999989548474478,-0.9999989462645995,0.9999992150585975,-0.9999993746733442,0.9999993580603058,0.9999994405246202,0.9999991751145371,-0.9999991535883223,-0.9999991332711423,-0.9999990411896229,0.9999990316989568,0.1574280727150758,0.15742807271509204,-0.05267085496246525,-0.052670854962484866
-0.7938633905842183,0.2604381976178974,0.9999994580975362,-0.9999994983376277,0.9999999995886266,0.9999994006360201,-0.7938633905842156,0.2604381976178911,-0.9999989406723465,0.9999989320894422,-0.9999992595135777,0.9999993604983549,-0.9999993438853282,-0.9999994849797308,-0.9999991609395891,0.9999991394133827,0.9999991190959391,0.9999990270146993,-0.9999990175240374,-0.15742807048353338,-0.15742807048353227,0.05267085421586048,0.052670854215862546
-0.793863370819744,0.2604381911338757,0.9999994332010522,-0.9999994734411721,0.9999994006360201,0.9999999995529707,-0.7938633708197506,0.2604381911338842,-0.9999989157760208,0.9999989071932218,-0.9999991759872174,0.9999993356017961,-0.9999993776188925,-0.9999994014531156,-0.9999991360429631,0.9999991145167412,0.9999990941997959,0.9999990021180337,-0.999998992627366,-0.15742806656412178,-0.15742806656413602,0.05267085290453713,0.05267085290455445
0.26043827932320146,0.3803593378249105,-0.7938634750665253,0.7938634018372389,-0.7938633905842156,-0.7938633708197506,1.000000000437231,-0.7938643351973199,0.7938630056713537,-0.793862998857801,0.7938632122436546,-0.7938633389558873,0.7938633257673846,0.7938633912328772,0.7938631805333322,-0.7938631634444421,-0.7938631473155776,-0.7938630742151661,0.7938630666808657,-0.4755377909793966,0.7254906981835905,0.5654393246980316,-0.6490662985645519
0.38035933782490744,-0.8643456562220915,0.2604382060990646,-0.260438201309613,0.2604381976178911,0.2604381911338842,-0.7938643351973199,1.0000000012782837,-0.26043807134174274,0.26043806910646083,-0.26043813911073144,0.2604381806804914,-0.260438176353812,-0.2604381978307003,-0.2604381287077112,0.2604381231014595,0.26043811781014553,0.2604380938285226,-0.2604380913567865,0.912452806210409,-0.9944534778096379,-0.9504346121773152,0.9778696326157846
0.7938630056713516,-0.260438071341742,-0.9999990318676182,0.9999989548474478,-0.9999989406723465,-0.9999989157760208,0.7938630056713537,-0.26043807134174274,0.9999999988942161,-0.9999985058597728,0.9999987160234785,-0.9999988756383775,0.9999988590253638,0.999998941489555,0.9999986760797231,-0.9999986545535279,-0.999998634236024,-0.9999985421549019,0.9999985326642449,0.1574279941529007,0.15742799415290673,-0.052670828677847586,-0.05267082867785722
-0.7938629988577955,0.2604380691064558,0.9999989646546559,-0.9999989462645995,0.9999989320894422,0.9999989071932218,-0.793862998857801,0.26043806910646083,-0.9999985058597728,0.9999999988819235,-0.999998766070633,0.999998867055598,-0.9999988504425982,-0.9999989329067136,-0.9999986674969881,0.9999986459708037,0.9999986256529956,0.9999985335721943,-0.9999985240815424,-0.15742799280171935,-0.15742799280173037,0.05267082822577823,0.05267082822579246
0.7938632122436511,-0.2604381391107266,-0.9999992334486744,0.9999992150585975,-0.9999992595135777,-0.9999991759872174,0.7938632122436546,-0.26043813911073144,0.9999987160234785,-0.999998766070633,0.999999999266887,-0.999999135849583,0.999999119236582,0.999999201700708,0.9999989362909281,-0.9999989147647389,-0.9999989530770268,-0.9999988023661021,0.9999987928754471,0.15742803511746706,0.15742803511747752,-0.05267084238339677,-0.05267084238341042
-0.7938633389558796,0.2604381806804793,0.9999993930633677,-0.9999993746733442,0.9999993604983549,0.9999993356017961,-0.7938633389558873,0.2604381806804914,-0.9999988756383775,0.999998867055598,-0.999999135849583,0.9999999994954857,-0.9999993374812003,-0.9999994199455818,-0.9999991545354152,0.9999990743790412,0.9999990540621748,0.9999989619803332,-0.9999989524896656,-0.15742806024531897,-0.15742806024533645,0.05267085079044871,0.05267085079046966
0.7938633257673795,-0.26043817635380756,-0.9999993764503237,0.9999993580603058,-0.9999993438853282,-0.9999993776188925,0.7938633257673846,-0.260438176353812,0.9999988590253638,-0.9999988504425982,0.999999119236582,-0.9999993374812003,0.9999999994716927,0.9999993447023947,0.9999990792922051,-0.9999991163961292,-0.9999990374491853,-0.9999989453672715,0.999998935876602,0.15742805762996243,0.15742805762997233,-0.05267084991542943,-0.0526708499154427
0.7938633912328702,-0.260438197830692,-0.9999994589146628,0.9999994405246202,-0.9999994849797308,-0.9999994014531156,0.7938633912328772,-0.2604381978307003,0.999998941489555,-0.9999989329067136,0.999999201700708,-0.9999994199455818,0.9999993447023947,0.9999999995897974,0.9999991617566262,-0.9999991402304111,-0.9999991199132572,-0.9999990278317116,0.9999990183410452,0.1574280706121668,0.15742807061218053,-0.05267085425889398,-0.05267085425891124
0.7938631805333275,-0.2604381287077069,-0.999999193504543,0.9999991751145371,-0.9999991609395891,-0.9999991360429631,0.7938631805333322,-0.2604381287077112,0.9999986760797231,-0.9999986674969881,0.9999989362909281,-0.9999991545354152,0.9999990792922051,0.9999991617566262,0.9999999992096802,-0.9999988748202105,-0.9999988545035645,-0.9999988210516618,0.999998752930846,0.15742802882914542,0.15742802882915546,-0.05267084027951462,-0.0526708402795278
-0.7938631634444344,0.2604381231014502,0.9999991719783242,-0.9999991535883223,0.9999991394133827,0.9999991145167412,-0.7938631634444421,0.2604381231014595,-0.9999986545535279,0.9999986459708037,-0.9999989147647389,0.9999990743790412,-0.9999991163961292,-0.9999991402304111,-0.9999988748202105,0.9999999991788505,0.9999988329773855,0.9999987408952883,-0.9999987900347674,-0.15742802544031043,-0.15742802544032528,0.05267083914570751,0.05267083914572569
-0.7938631473155798,0.2604381178101508,0.9999991516612309,-0.9999991332711423,0.9999991190959391,0.9999990941997959,-0.7938631473155776,0.26043811781014553,-0.999998634236024,0.9999986256529956,-0.9999989530770268,0.9999990540621748,-0.9999990374491853,-0.9999991199132572,-0.9999988545035645,0.9999988329773855,0.9999999991497517,0.9999987205787674,-0.9999987110881156,-0.15742802224182378,-0.15742802224182384,0.05267083807558319,0.05267083807558645
-0.7938630742151601,0.26043809382851585,0.9999990595796171,-0.9999990411896229,0.9999990270146993,0.9999990021180337,-0.7938630742151661,0.2604380938285226,-0.9999985421549019,0.9999985335721943,-0.9999988023661021,0.9999989619803332,-0.9999989453672715,-0.9999990278317116,-0.9999988210516618,0.9999987408952883,0.9999987205787674,0.9999999990178746,-0.9999986776360844,-0.15742800774559024,-0.1574280077456032,0.052670833225569876,0.052670833225586036
0.7938630666808623,-0.2604380913567843,-0.9999990500889515,0.9999990316989568,-0.9999990175240374,-0.999998992627366,0.7938630666808657,-0.2604380913567865,0.9999985326642449,-0.9999985240815424,0.9999987928754471,-0.9999989524896656,0.999998935876602,0.9999990183410452,0.999998752930846,-0.9999987900347674,-0.9999987110881156,-0.9999986776360844,0.9999999990042822,0.15742800625149503,0.1574280062515028,-0.05267083272569089,-0.052670832725701756
0.7254906981835851,-0.9944534778096384,-0.1574280756101817,0.1574280727150758,-0.15742807048353338,-0.15742806656412178,-0.4755377909793966,0.912452806210409,0.1574279941529007,-0.15742799280171935,0.15742803511746706,-0.15742806024531897,0.15742805762996243,0.1574280706121668,0.15742802882914542,-0.15742802544031043,-0.15742802224182378,-0.15742800774559024,0.15742800625149503,1.0000000013654675,-0.9504346836006676,-0.9944534735020094,0.9778696634451755
-0.4755377909793947,0.9124528062104142,-0.1574280756101916,0.15742807271509204,-0.15742807048353227,-0.15742806656413602,0.7254906981835905,-0.9944534778096379,0.15742799415290673,-0.15742799280173037,0.15742803511747752,-0.15742806024533645,0.15742805762997233,0.15742807061218053,0.15742802882915546,-0.15742802544032528,-0.15742802224182384,-0.1574280077456032,0.1574280062515028,-0.9504346836006676,1.0000000013654675,0.9778696634451854,-0.9944534735020015
-0.6490662985645499,0.9778696326157935,0.05267085593108653,-0.05267085496246525,0.05267085421586048,0.05267085290453713,0.5654393246980316,-0.9504346121773152,-0.052670828677847586,0.05267082822577823,-0.05267084238339677,0.05267085079044871,-0.05267084991542943,-0.05267085425889398,-0.05267084027951462,0.05267083914570751,0.05267083807558319,0.052670833225569876,-0.05267083272569089,-0.9944534735020094,0.9778696634451854,1.0000000012899035,-0.9944534189804262
0.5654393246980216,-0.9504346121773128,0.052670855931099395,-0.052670854962484866,0.052670854215862546,0.05267085290455445,-0.6490662985645519,0.9778696326157846,-0.05267082867785722,0.05267082822579246,-0.05267084238341042,0.05267085079046966,-0.0526708499154427,-0.05267085425891124,-0.0526708402795278,0.05267083914572569,0.05267083807558645,0.052670833225586036,-0.052670832725701756,0.9778696634451755,-0.9944534735020015,-0.9944534189804262,1.0000000012899035
