1.0000000061718748,-1.0000069943163474,1.0000070439505038,1.0000080235337254,-1.0000058547637105,1.0000054375750798,1.0000060761277256,-1.0000051763443045,-1.000005176344308,0.7938626629238961,-0.2604375283045325,-1.0000014120558176,-0.26043752830453154,0.15742767910236216,0.7938626629238951,1.0000053554972295,0.15742767910235855,-0.052670763387568396,-0.05267076338756728,-1.0000071169745037,-1.0000064741242498,-1.000005891470761,1.0000053144574583,1.0000053144574574
-1.0000069943163474,1.0000000055470122,-1.000005414833061,-1.0000063944163384,1.000005418231221,-1.0000050010424155,-1.0000056395954595,1.0000047398116916,1.0000047398116958,-0.7938623163788034,0.2604374146155169,1.0000009755253292,0.2604374146155161,-0.1574276103802461,-0.7938623163788022,-1.0000049189654403,-0.1574276103802427,0.05267074039512254,0.05267074039512135,1.0000066804418173,1.0000060375925033,1.0000054549377126,-1.000004877924718,-1.0000048779247173
1.0000070439505038,-1.000005414833061,1.0000000039109733,1.0000064440512635,-1.0000042752845009,1.0000038580958086,1.0000044966488095,-1.0000035968653227,-1.0000035968653274,0.7938614090411567,-0.2604371169508172,-0.9999998325837913,-0.26043711695081734,0.1574274304496345,0.7938614090411563,1.0000037760197849,0.157427430449632,-0.052670680195519876,-0.05267068019551753,-1.0000055374939973,-1.0000048946460982,-1.0000031194063432,1.0000037349781243,1.0000037349781223
1.0000080235337254,-1.0000063944163384,1.0000064440512635,1.0000000053131661,-1.0000052548650749,1.0000048376768123,1.0000054762288506,-1.0000045764462147,-1.0000045764462182,0.793862186689701,-0.26043737206942724,-1.0000008121598742,-0.26043737206942463,0.15742758466234857,0.7938621866896983,1.0000047555987417,0.1574275846623431,-0.05267073179066268,-0.0526707317906633,-1.0000053244909304,-1.000005874224907,-1.0000052915722732,1.0000047145593056,1.0000047145593047
-1.0000058547637105,1.000005418231221,-1.0000042752845009,-1.0000052548650749,1.0000000022087527,-1.0000014763295553,-1.0000021148805625,1.000002407683547,1.000002407683551,-0.7938604649990824,0.26043680724514723,0.9999986434057435,0.26043680724514456,-0.1574272432407883,-0.7938604649990799,-1.0000025868361657,-0.15742724324078292,0.052670617560845345,0.052670617560846025,1.0000043483084582,1.0000037054601594,1.0000031228079638,-1.0000025457962973,-1.0000025457962958
1.0000054375750798,-1.0000050010424155,1.0000038580958086,1.0000048376768123,-1.0000014763295553,1.0000000016115822,1.000002890277525,-1.0000007979115175,-1.0000007979115195,0.7938601338108998,-0.2604366985940701,-0.9999982262201349,-0.26043669859406926,0.15742717756391894,0.7938601338108998,1.0000021696496584,0.1574271775639154,-0.052670595587247813,-0.05267059558724661,-1.0000039311210072,-1.0000032882741037,-1.0000027056194762,1.000002128608146,1.0000021286081444
1.0000060761277256,-1.0000056395954595,1.0000044966488095,1.0000054762288506,-1.0000021148805625,1.000002890277525,1.0000000025256157,-1.0000026290475066,-1.0000026290475108,0.7938606407307031,-0.260436864896539,-0.9999988647681629,-0.2604368648965403,0.15742727808966453,0.7938606407307031,1.0000028081987868,0.15742727808966292,-0.052670629220287535,-0.05267062922028434,-1.0000045696716524,-1.0000039268222112,-1.0000033441722624,1.0000027671603855,1.0000027671603844
-1.0000051763443045,1.0000047398116916,-1.0000035968653227,-1.0000045764462147,1.000002407683547,-1.0000007979115175,-1.0000026290475066,1.0000000012376522,1.0000017292655636,-0.7938599264312487,0.26043663056028743,0.9999979649912631,0.26043663056028893,-0.15742713643925157,-0.7938599264312487,-1.000001908419877,-0.15742713643924988,0.0526705818281189,0.052670581828115536,1.0000036698907242,1.0000030270441904,1.0000024443892457,-1.000000674794038,-1.0000018673780826
-1.000005176344308,1.0000047398116958,-1.0000035968653274,-1.0000045764462182,1.000002407683551,-1.0000007979115195,-1.0000026290475108,1.0000017292655636,1.0000000012376522,-0.7938599264312528,0.2604366305602894,0.9999979649912673,0.2604366305602895,-0.15742713643925277,-0.7938599264312525,-1.0000019084198826,-0.1574271364392503,0.05267058182811858,0.05267058182811628,1.0000036698907284,1.000003027044195,1.0000024443892517,-1.0000018673780895,-1.000000674794038
0.7938626629238961,-0.7938623163788034,0.7938614090411567,0.793862186689701,-0.7938604649990824,0.7938601338108998,0.7938606407307031,-0.7938599264312487,-0.7938599264312528,0.9999999954877518,-0.7938588586279713,-0.7938557455460425,0.38036035750934793,0.7254868943696494,0.26043129055651854,0.7938600686543091,-0.4755371366950945,0.5654374304199916,-0.6490634142388291,-0.7938614670129038,-0.7938609566836522,-0.7938604941382654,0.7938600360730543,0.7938600360730537
-0.2604375283045325,0.2604374146155169,-0.2604371169508172,-0.26043737206942724,0.26043680724514723,-0.2604366985940701,-0.260436864896539,0.26043663056028743,0.2604366305602894,-0.7938588586279713,0.9999999968724025,0.2604356502074691,-0.8643401949975743,-0.994445405211477,0.38036035750934516,-0.26043667721915126,0.9124471536485146,-0.9504282755731152,0.9778629258531787,0.26043713596976853,0.2604369685497278,0.2604368168042704,-0.26043666652973896,-0.26043666652974
-1.0000014120558176,1.0000009755253292,-0.9999998325837913,-1.0000008121598742,0.9999986434057435,-0.9999982262201349,-0.9999988647681629,0.9999979649912631,0.9999979649912673,-0.7938557455460425,0.2604356502074691,0.9999999958494059,0.26043565020746456,-0.15742654384175817,-0.7938557455460407,-0.9999969515588719,-0.15742654384175142,0.05267038356208824,0.05267038356209047,0.9999999056073027,0.9999992627617986,0.9999986801124724,-0.999998103103398,-0.9999981031033973
-0.26043752830453154,0.2604374146155161,-0.26043711695081734,-0.26043737206942463,0.26043680724514456,-0.26043669859406926,-0.2604368648965403,0.26043663056028893,0.2604366305602895,0.38036035750934793,-0.8643401949975743,0.26043565020746456,0.9999999968724025,0.9124471536485209,-0.7938588586279766,-0.2604366772191513,-0.994445405211469,0.977862925853186,-0.9504282755731176,0.2604371359697658,0.2604369685497252,0.26043681680427117,-0.26043666652973857,-0.26043666652973685
0.15742767910236216,-0.1574276103802461,0.1574274304496345,0.15742758466234857,-0.1574272432407883,0.15742717756391894,0.15742727808966453,-0.15742713643925157,-0.15742713643925277,0.7254868943696494,-0.994445405211477,-0.15742654384175817,0.9124471536485209,0.999999995862315,-0.4755371366950945,0.1574271646436468,-0.9504276979046542,0.9778621357920717,-0.9944444722741872,-0.15742744194636568,-0.1574273407455653,-0.1574272490188298,0.15742715818182207,0.15742715818182298
0.7938626629238951,-0.7938623163788022,0.7938614090411563,0.7938621866896983,-0.7938604649990799,0.7938601338108998,0.7938606407307031,-0.7938599264312487,-0.7938599264312525,0.26043129055651854,0.38036035750934516,-0.7938557455460407,-0.7938588586279766,-0.4755371366950945,0.9999999954877518,0.7938600686543079,0.7254868943696448,-0.6490634142388303,0.565437430419991,-0.7938614670129013,-0.7938609566836498,-0.7938604941382658,0.793860036073053,0.7938600360730512
1.0000053554972295,-1.0000049189654403,1.0000037760197849,1.0000047555987417,-1.0000025868361657,1.0000021696496584,1.0000028081987868,-1.000001908419877,-1.0000019084198826,0.7938600686543091,-0.26043667721915126,-0.9999969515588719,-0.2604366772191513,0.1574271646436468,0.7938600686543079,1.0000000014940933,0.1574271646436443,-0.05267059126452425,-0.052670591264521956,-1.0000026564579616,-1.000002013608492,-1.000002623544203,1.000002046532706,1.0000020465327046
0.15742767910235855,-0.1574276103802427,0.157427430449632,0.1574275846623431,-0.15742724324078292,0.1574271775639154,0.15742727808966292,-0.15742713643924988,-0.1574271364392503,-0.4755371366950945,0.9124471536485146,-0.15742654384175142,-0.994445405211469,-0.9504276979046542,0.7254868943696448,0.1574271646436443,0.999999995862315,-0.9944444722741853,0.9778621357920662,-0.1574274419463599,-0.1574273407455598,-0.1574272490188278,0.15742715818181885,0.15742715818181738
-0.052670763387568396,0.05267074039512254,-0.052670680195519876,-0.05267073179066268,0.052670617560845345,-0.052670595587247813,-0.052670629220287535,0.0526705818281189,0.05267058182811858,0.5654374304199916,-0.9504282755731152,0.05267038356208824,0.977862925853186,0.9778621357920717,-0.6490634142388303,-0.05267059126452425,-0.9944444722741853,0.999999995576614,-0.9944442562105188,0.05267068404201577,0.05267065018316544,0.05267061949399704,-0.05267058910255308,-0.05267058910255175
-0.05267076338756728,0.05267074039512135,-0.05267068019551753,-0.0526707317906633,0.052670617560846025,-0.05267059558724661,-0.05267062922028434,0.052670581828115536,0.05267058182811628,-0.6490634142388291,0.9778629258531787,0.05267038356209047,-0.9504282755731176,-0.9944444722741872,0.565437430419991,-0.052670591264521956,0.9778621357920662,-0.9944442562105188,0.999999995576614,0.05267068404201656,0.05267065018316612,0.05267061949399416,-0.052670589102551506,-0.05267058910255262
-1.0000071169745037,1.0000066804418173,-1.0000055374939973,-1.0000053244909304,1.0000043483084582,-1.0000039311210072,-1.0000045696716524,1.0000036698907242,1.0000036698907284,-0.7938614670129038,0.26043713596976853,0.9999999056073027,0.2604371359697658,-0.15742744194636568,-0.7938614670129013,-1.0000026564579616,-0.1574274419463599,0.05267068404201577,0.05267068404201656,1.0000000040155006,1.0000049676665106,1.0000043850162643,-1.0000038080037643,-1.0000038080037628
-1.0000064741242498,1.0000060375925033,-1.0000048946460982,-1.000005874224907,1.0000037054601594,-1.0000032882741037,-1.0000039268222112,1.0000030270441904,1.000003027044195,-0.7938609566836522,0.2604369685497278,0.9999992627617986,0.2604369685497252,-0.1574273407455653,-0.7938609566836498,-1.000002013608492,-0.1574273407455598,0.05267065018316544,0.05267065018316612,1.0000049676665106,1.0000000030953102,1.000003742169629,-1.000003165157341,-1.000003165157339
-1.000005891470761,1.0000054549377126,-1.0000031194063432,-1.0000052915722732,1.0000031228079638,-1.0000027056194762,-1.0000033441722624,1.0000024443892457,1.0000024443892517,-0.7938604941382654,0.2604368168042704,0.9999986801124724,0.26043681680427117,-0.1574272490188298,-0.7938604941382658,-1.000002623544203,-0.1574272490188278,0.05267061949399704,0.05267061949399416,1.0000043850162643,1.000003742169629,1.0000000022612947,-1.0000013899177826,-1.000001389917783
1.0000053144574583,-1.000004877924718,1.0000037349781243,1.0000047145593056,-1.0000025457962973,1.000002128608146,1.0000027671603855,-1.000000674794038,-1.0000018673780895,0.7938600360730543,-0.26043666652973896,-0.999998103103398,-0.26043666652973857,0.15742715818182207,0.793860036073053,1.000002046532706,0.15742715818181885,-0.05267058910255308,-0.052670589102551506,-1.0000038080037643,-1.000003165157341,-1.0000013899177826,1.0000000014353494,1.0000020054906074
1.0000053144574574,-1.0000048779247173,1.0000037349781223,1.0000047145593047,-1.0000025457962958,1.0000021286081444,1.0000027671603844,-1.0000018673780826,-1.000000674794038,0.7938600360730537,-0.26043666652974,-0.9999981031033973,-0.26043666652973685,0.15742715818182298,0.7938600360730512,1.0000020465327046,0.15742715818181738,-0.05267058910255175,-0.05267058910255262,-1.0000038080037628,-1.000003165157339,-1.000001389917783,1.0000020054906074,1.0000000014353494
