1.0000000021968165,-1.0000031129332596,-1.0000026138985598,1.0000034818495371,1.0000031947951065,1.000003065984501,-1.0000033221793236,-1.0000028231446232,1.000003481849536,-1.0000027541480985,1.0000024092067326,-1.000001997281636,1.0000028728568622,1.0000008181485192,-1.0000034087223602,-1.0000000905743844,-1.0000000905743853,0.9999992951640316,0.9999992951640312,-0.9999985719576144,0.9999972370170717,-0.9999964063213663
-1.0000031129332596,1.00000000256395,1.0000030793394261,-1.0000035287981743,-1.0000032417438451,-1.0000033221793214,1.0000035783741343,1.0000030793394206,-1.0000037380442415,1.0000030103428157,-1.0000026654013685,1.0000022534749553,-1.0000031290508413,-1.0000010743410828,1.0000036649168733,1.000000346766532,1.0000003467665324,-0.9999995513557736,-0.9999995513557731,0.9999988281490254,-0.9999974932079043,0.9999966625118577
-1.0000026138985598,1.0000030793394261,1.000000001848821,-1.0000032390096685,-1.0000029519552223,-1.000002823144624,1.000003079339423,1.0000025803047858,-1.000003239009669,1.0000025113083102,-1.0000021663670255,1.0000017544426358,-1.0000026300174303,-1.0000005753100332,1.0000031658825967,0.9999998477361969,0.9999998477361968,-0.9999990523261354,-0.9999990523261371,0.999998329119969,-0.9999969941798702,0.9999961634844373
1.0000034818495371,-1.0000035287981743,-1.0000032390096685,1.0000000027927611,1.0000036106600487,1.0000034818495325,-1.0000037380442384,-1.0000032390096625,1.0000038977140928,-1.0000031700129266,1.0000028250714421,-1.0000024131426957,1.0000032887195285,1.0000012340077915,-1.00000361534032,-1.0000005064326947,-1.0000005064326947,0.9999997110214379,0.9999997110214387,-0.9999989878143057,0.9999976528725392,-0.9999968221761182
1.0000031947951065,-1.0000032417438451,-1.0000029519552223,1.0000036106600487,1.000000002381405,1.0000031947951022,-1.0000032417438387,-1.0000029519552154,1.0000036106600465,-1.0000026737125707,1.0000025380172386,-1.0000021260913106,1.00000300166693,1.000000946957749,-1.0000035375327518,-1.0000002193833732,-1.0000002193833744,0.9999994239727867,0.9999994239727876,-0.9999987007661832,0.9999973658253171,-0.9999965351294212
1.000003065984501,-1.0000033221793214,-1.000002823144624,1.0000034818495325,1.0000031947951022,1.0000000021968165,-1.0000031129332463,-1.0000026138985492,1.0000034818495322,-1.000002754148095,1.0000024092067274,-1.0000019972816299,1.000002872856858,1.0000008181485125,-1.0000034087223557,-1.0000000905743807,-1.0000000905743816,0.9999992951640249,0.9999992951640257,-0.9999985719576097,0.9999972370170673,-0.999996406321362
-1.0000033221793236,1.0000035783741343,1.000003079339423,-1.0000037380442384,-1.0000032417438387,-1.0000031129332463,1.00000000256395,1.0000030793394157,-1.000003528798168,1.000003010342812,-1.0000026654013643,1.0000022534749529,-1.0000031290508362,-1.000001074341079,1.0000036649168695,1.000000346766529,1.0000003467665282,-0.9999995513557682,-0.9999995513557701,0.9999988281490222,-0.9999974932079015,0.9999966625118555
-1.0000028231446232,1.0000030793394206,1.0000025803047858,-1.0000032390096625,-1.0000029519552154,-1.0000026138985492,1.0000030793394157,1.000000001848821,-1.0000032390096631,1.0000025113083033,-1.000002166367018,1.0000017544426287,-1.0000026300174243,-1.0000005753100276,1.0000031658825907,0.9999998477361896,0.9999998477361903,-0.9999990523261283,-0.9999990523261311,0.9999983291199618,-0.9999969941798632,0.9999961634844287
1.000003481849536,-1.0000037380442415,-1.000003239009669,1.0000038977140928,1.0000036106600465,1.0000034818495322,-1.000003528798168,-1.0000032390096631,1.0000000027927611,-1.0000031700129266,1.000002825071442,-1.0000024131426946,1.000003288719528,1.0000012340077915,-1.0000036153403253,-1.0000005064326953,-1.0000005064326947,0.9999997110214381,0.9999997110214387,-0.9999989878143057,0.9999976528725394,-0.9999968221761186
-1.0000027541480985,1.0000030103428157,1.0000025113083102,-1.0000031700129266,-1.0000026737125707,-1.000002754148095,1.000003010342812,1.0000025113083033,-1.0000031700129266,1.000000001749947,-1.0000018881244597,1.0000016854451772,-1.0000025610202654,-1.0000005063122894,1.0000030968857203,0.9999997787383116,0.9999997787383118,-0.9999989833281461,-0.9999989833281461,0.9999982601219104,-0.9999969251817148,0.9999960944862318
1.0000024092067326,-1.0000026654013685,-1.0000021663670255,1.0000028250714421,1.0000025380172386,1.0000024092067274,-1.0000026654013643,-1.000002166367018,1.000002825071442,-1.0000018881244597,1.000000001255638,-1.000001340504335,1.000002216079064,1.0000001613719152,-1.000002751944282,-0.9999994337982201,-0.9999994337982201,0.9999986383883547,0.9999986383883552,-0.9999979151823901,0.9999965802426889,-0.999995749547512
-1.000001997281636,1.0000022534749553,1.0000017544426358,-1.0000024131426957,-1.0000021260913106,-1.0000019972816299,1.0000022534749529,1.0000017544426287,-1.0000024131426946,1.0000016854451772,-1.000001340504335,1.0000000006653256,-1.0000015948957248,-0.9999995401758782,1.0000023400129077,0.9999990218450311,0.9999990218450311,-0.999998226432448,-0.9999982264324491,0.9999975032245836,-0.9999961682818891,0.9999953375850892
1.0000028728568622,-1.0000031290508413,-1.0000026300174303,1.0000032887195285,1.00000300166693,1.000002872856858,-1.0000031290508362,-1.0000026300174243,1.000003288719528,-1.0000025610202654,1.000002216079064,-1.0000015948957248,1.0000000019200541,1.000000625004366,-1.0000030063445493,-0.9999998974280591,-0.9999998974280591,0.9999991020158565,0.9999991020158578,-0.999998378808134,0.9999970438655216,-0.9999962131686868
1.0000008181485192,-1.0000010743410828,-1.0000005753100332,1.0000012340077915,1.000000946957749,1.0000008181485125,-1.000001074341079,-1.0000005753100276,1.0000012340077915,-1.0000005063122894,1.0000001613719152,-0.9999995401758782,1.000000625004366,0.9999999989755892,-1.000001160877104,-0.9999976334585016,-0.9999976334585038,0.9999970472918034,0.999997047291805,-0.9999963240839805,0.9999949891415606,-0.9999941584450183
-1.0000034087223602,1.0000036649168733,1.0000031658825967,-1.00000361534032,-1.0000035375327518,-1.0000034087223557,1.0000036649168695,1.0000031658825907,-1.0000036153403253,1.0000030968857203,-1.000002751944282,1.0000023400129077,-1.0000030063445493,-1.000001160877104,1.000000002687967,1.0000004333015615,1.00000043330156,-0.9999996378899266,-0.9999996378899274,0.9999989146825347,-0.9999975797403615,0.9999967490437214
-1.0000000905743844,1.000000346766532,0.9999998477361969,-1.0000005064326947,-1.0000002193833732,-1.0000000905743807,1.000000346766529,0.9999998477361896,-1.0000005064326953,0.9999997787383116,-0.9999994337982201,0.9999990218450311,-0.9999998974280591,-0.9999976334585016,1.0000004333015615,0.9999999979329528,0.9999971151270786,-0.999996110468248,-0.9999963197143186,0.9999955965066104,-0.9999942615644999,0.9999934308681976
-1.0000000905743853,1.0000003467665324,0.9999998477361968,-1.0000005064326947,-1.0000002193833744,-1.0000000905743816,1.0000003467665282,0.9999998477361903,-1.0000005064326947,0.9999997787383118,-0.9999994337982201,0.9999990218450311,-0.9999998974280591,-0.9999976334585038,1.00000043330156,0.9999971151270786,0.9999999979329528,-0.999996319714318,-0.9999961104682499,0.9999955965066113,-0.999994261564501,0.9999934308681967
0.9999992951640316,-0.9999995513557736,-0.9999990523261354,0.9999997110214379,0.9999994239727867,0.9999992951640249,-0.9999995513557682,-0.9999990523261283,0.9999997110214381,-0.9999989833281461,0.9999986383883547,-0.999998226432448,0.9999991020158565,0.9999970472918034,-0.9999996378899266,-0.999996110468248,-0.999996319714318,0.9999999967931064,0.9999955243016998,-0.9999945918481403,0.9999934661525917,-0.9999926354566355
0.9999992951640312,-0.9999995513557731,-0.9999990523261371,0.9999997110214387,0.9999994239727876,0.9999992951640257,-0.9999995513557701,-0.9999990523261311,0.9999997110214387,-0.9999989833281461,0.9999986383883552,-0.9999982264324491,0.9999991020158578,0.999997047291805,-0.9999996378899274,-0.9999963197143186,-0.9999961104682499,0.9999955243016998,0.9999999967931064,-0.9999945918481433,0.9999934661525922,-0.9999926354566361
-0.9999985719576144,0.9999988281490254,0.999998329119969,-0.9999989878143057,-0.9999987007661832,-0.9999985719576097,0.9999988281490222,0.9999983291199618,-0.9999989878143057,0.9999982601219104,-0.9999979151823901,0.9999975032245836,-0.999998378808134,-0.9999963240839805,0.9999989146825347,0.9999955965066104,0.9999955965066113,-0.9999945918481403,-0.9999945918481433,0.9999999957567318,-0.9999925336998602,0.9999919122503456
0.9999972370170717,-0.9999974932079043,-0.9999969941798702,0.9999976528725392,0.9999973658253171,0.9999972370170673,-0.9999974932079015,-0.9999969941798632,0.9999976528725394,-0.9999969251817148,0.9999965802426889,-0.9999961682818891,0.9999970438655216,0.9999949891415606,-0.9999975797403615,-0.9999942615644999,-0.999994261564501,0.9999934661525917,0.9999934661525922,-0.9999925336998602,0.9999999938437286,-0.9999903680650855
-0.9999964063213663,0.9999966625118577,0.9999961634844373,-0.9999968221761182,-0.9999965351294212,-0.999996406321362,0.9999966625118555,0.9999961634844287,-0.9999968221761186,0.9999960944862318,-0.999995749547512,0.9999953375850892,-0.9999962131686868,-0.9999941584450183,0.9999967490437214,0.9999934308681976,0.9999934308681967,-0.9999926354566355,-0.9999926354566361,0.9999919122503456,-0.9999903680650855,0.9999999926533224
