0.9999999986173196,-0.8090198982149163,-0.8090087632454133,0.8090144097241014,0.30902851835107314,0.8090085773807513,0.3090035264653064,-0.6480414161443135,0.6480420641262498,-0.6480430543566723,-0.8090086717805824,-0.8090086717805813,0.8090061713185552,-0.8090095358159691,-0.6364350695656344,0.298885534781677,0.5803563152191584,0.2199100109550156,-0.37631606383918415,-0.5178370168004103,0.44957082705185675
-0.8090198982149163,1.0000000055169793,0.309009394028133,-1.0000037408400113,-0.8090293526537427,-0.3090062473754655,0.3090297171992652,0.7938487574527895,-0.7938485463885341,0.7938478445588854,0.30900519228169426,0.30900519228169415,-0.9999994014967302,1.0000004794324242,0.7938777836444989,-0.380383119505447,-0.7255080745676775,-0.2604126726154562,0.4755609508705437,0.6490866703554582,-0.5654613218445607
-0.8090087632454133,0.309009394028133,0.9999999961991413,-0.30900432644063636,0.30901540297064706,-0.9999974199131922,-0.8090111695126978,0.25470084144560434,-0.2547021428253404,0.25470453883426625,0.9999984332045914,0.9999984332045883,-0.3089948377041431,0.3089993642476535,0.23589118301896012,-0.1032210722943014,-0.21352406968388998,-0.09540906942154671,0.13332829200337157,0.18878760548759138,-0.16195633530666823
0.8090144097241014,-1.0000037408400113,-0.30900432644063636,0.9999999996454254,0.8090288793852792,0.30900124714398836,-0.30903285959331894,-0.7938469348521184,0.7938470160923127,-0.7938468945325725,-0.30900025783871615,-0.30900025783871604,0.999995214128707,-0.9999962411008886,-0.7938724883432927,0.38037788456426985,0.7255028137103533,0.26041578821944456,-0.47555568987767644,-0.6490814259743146,0.565456062287312
0.30902851835107314,-0.8090293526537427,0.30901540297064706,0.8090288793852792,1.0000000052398204,-0.30902053305624033,-0.8090198763343046,-0.6364357186117039,0.6364344699453827,-0.6364318343892266,0.3090224150467717,0.3090224150467686,0.8090309404257892,-0.8090291061826161,-0.6480907078001787,0.31659113160052416,0.593544961816912,0.20144522264635775,-0.3931618745591319,-0.532411770397156,0.4653691815460572
0.8090085773807513,-0.3090062473754655,-0.9999974199131922,0.30900124714398836,-0.30902053305624033,0.9999999999344467,0.8090159358999184,-0.2546987933133329,0.2546999714922005,-0.254702133803166,-1.0000009026277925,-1.000000902627793,0.3089917302597644,-0.30899631479437506,-0.23588905852417089,0.10322057604030976,0.21352245944211887,0.09540790209127123,-0.13332772192097742,-0.188786456531809,0.16195554940959891
0.3090035264653064,0.3090297171992652,-0.8090111695126978,-0.30903285959331894,-0.8090198763343046,0.8090159358999184,0.9999999976499627,0.23592610083874377,-0.23592446076979548,0.2359212255291803,-0.8090178190549097,-0.809017819054906,-0.3090403276912502,0.3090362581239302,0.2547542742288466,-0.131870602273362,-0.23486678620871124,-0.06553399528802269,0.16058676121805956,0.21237233982172446,-0.18752031910844602
-0.6480414161443135,0.7938487574527895,0.25470084144560434,-0.7938469348521184,-0.6364357186117039,-0.2546987933133329,0.23592610083874377,0.9999999908004108,-0.9999873922679238,0.9999876550898275,0.2546982442719726,0.25469824427197313,-0.7938493720184551,0.7938469967353012,0.26043301452603307,0.2604356520675098,-0.157427192389929,-0.7938558097796855,-0.1574244520137797,0.052673082122683595,0.052667186060467136
0.6480420641262498,-0.7938485463885341,-0.2547021428253404,0.7938470160923127,0.6364344699453827,0.2546999714922005,-0.23592446076979548,-0.9999873922679238,0.999999991196419,-0.9999881176268851,-0.2546993727909444,-0.2546993727909445,0.7938501431561731,-0.7938474130933266,-0.26043413031731993,-0.26043487332722254,0.1574283005759397,0.7938556295976014,0.1574235911821509,-0.05267413337421377,-0.05266622807672521
-0.6480430543566723,0.7938478445588854,0.25470453883426625,-0.7938468945325725,-0.6364318343892266,-0.254702133803166,0.2359212255291803,0.9999876550898275,-0.9999881176268851,0.9999999918798452,0.2547014409143855,0.2547014409143862,-0.7938515180862384,0.7938479558556852,0.26043610621620344,0.26043344848630706,-0.1574303005236868,-0.7938553812152301,-0.15742200364582637,0.05267605431875043,0.05266446450366118
-0.8090086717805824,0.30900519228169426,0.9999984332045914,-0.30900025783871615,0.3090224150467717,-1.0000009026277925,-0.8090178190549097,0.2546982442719726,-0.2546993727909444,0.2547014409143855,1.000000001386268,1.0000017795220815,-0.3089907969276661,0.308995371303739,0.2358884397262015,-0.10322045667421675,-0.21352201701693121,-0.09540755527747202,0.13332760098440183,0.18878616708631332,-0.16195537274457233
-0.8090086717805813,0.30900519228169415,0.9999984332045883,-0.30900025783871604,0.3090224150467686,-1.000000902627793,-0.809017819054906,0.25469824427197313,-0.2546993727909445,0.2547014409143862,1.0000017795220815,1.000000001386268,-0.30899079692766646,0.3089953713037393,0.23588843972620158,-0.1032204566742162,-0.2135220170169309,-0.09540755527747251,0.1333276009844013,0.18878616708631304,-0.16195537274457208
0.8090061713185552,-0.9999994014967302,-0.3089948377041431,0.999995214128707,0.8090309404257892,0.3089917302597644,-0.3090403276912502,-0.7938493720184551,0.7938501431561731,-0.7938515180862384,-0.3089907969276661,-0.30899079692766646,0.9999999952841215,-0.9999929069995306,-0.7938666836084324,0.38036836223903386,0.7254965251659278,0.2604258287498468,-0.47554706031440985,-0.6490745382337232,0.5654483372067416
-0.8090095358159691,1.0000004794324242,0.3089993642476535,-0.9999962411008886,-0.8090291061826161,-0.30899631479437506,0.3090362581239302,0.7938469967353012,-0.7938474130933266,0.7938479558556852,0.308995371303739,0.3089953713037393,-0.9999929069995306,0.9999999952021721,0.7938682987439597,-0.3803725802775209,-0.7254985348597869,-0.26042035517569506,0.4755506670009243,0.6490769668818068,-0.5654513308405013
-0.6364350695656344,0.7938777836444989,0.23589118301896012,-0.7938724883432927,-0.6480907078001787,-0.23588905852417089,0.2547542742288466,0.26043301452603307,-0.26043413031731993,0.26043610621620344,0.2358884397262015,0.23588843972620158,-0.7938666836084324,0.7938682987439597,1.0000000046578321,-0.8643509248477743,-0.9944594310379324,0.3803636368580735,0.9124583906105823,0.9778761048623531,-0.9504404710544128
0.298885534781677,-0.380383119505447,-0.1032210722943014,0.38037788456426985,0.31659113160052416,0.10322057604030976,-0.131870602273362,0.2604356520675098,-0.26043487332722254,0.26043344848630706,-0.10322045667421675,-0.1032204566742162,0.38036836223903386,-0.3803725802775209,-0.8643509248477743,1.0000000031106442,0.9124572837086249,-0.7938637024762678,-0.9944558900708355,-0.9504382900921936,0.977872163264991
0.5803563152191584,-0.7255080745676775,-0.21352406968388998,0.7255028137103533,0.593544961816912,0.21352245944211887,-0.23486678620871124,-0.157427192389929,0.1574283005759397,-0.1574303005236868,-0.21352201701693121,-0.2135220170169309,0.7254965251659278,-0.7254985348597869,-0.9944594310379324,0.9124572837086249,1.0000000064207009,-0.47553887459902716,-0.9504401009782665,-0.9944606515404039,0.9778757869672611
0.2199100109550156,-0.2604126726154562,-0.09540906942154671,0.26041578821944456,0.20144522264635775,0.09540790209127123,-0.06553399528802269,-0.7938558097796855,0.7938556295976014,-0.7938553812152301,-0.09540755527747202,-0.09540755527747251,0.2604258287498468,-0.26042035517569506,0.3803636368580735,-0.7938637024762678,-0.47553887459902716,0.9999999979446809,0.7254887192305962,0.5654381371052327,-0.6490638841305093
-0.37631606383918415,0.4755609508705437,0.13332829200337157,-0.47555568987767644,-0.3931618745591319,-0.13332772192097742,0.16058676121805956,-0.1574244520137797,0.1574235911821509,-0.15742200364582637,0.13332760098440183,0.1333276009844013,-0.47554706031440985,0.4755506670009243,0.9124583906105823,-0.9944558900708355,-0.9504401009782665,0.7254887192305962,1.0000000036372583,0.9778745405776252,-0.994457155574464
-0.5178370168004103,0.6490866703554582,0.18878760548759138,-0.6490814259743146,-0.532411770397156,-0.188786456531809,0.21237233982172446,0.052673082122683595,-0.05267413337421377,0.05267605431875043,0.18878616708631332,0.18878616708631304,-0.6490745382337232,0.6490769668818068,0.9778761048623531,-0.9504382900921936,-0.9944606515404039,0.5654381371052327,0.9778745405776252,1.00000000645281,-0.994459286826944
0.44957082705185675,-0.5654613218445607,-0.16195633530666823,0.565456062287312,0.4653691815460572,0.16195554940959891,-0.18752031910844602,0.052667186060467136,-0.05266622807672521,0.05266446450366118,-0.16195537274457233,-0.16195537274457208,0.5654483372067416,-0.5654513308405013,-0.9504404710544128,0.977872163264991,0.9778757869672611,-0.6490638841305093,-0.994457155574464,-0.994459286826944,1.0000000046318769
