0.9999999993763995,-0.9999986712568594,0.9999996337954022,1.000000139281762,-0.9999993256301469,0.999999134370562,-0.9999986663644742,0.9999983708173572,-0.999998666364471,-0.9999982748433041,1.0000007025616027,-1.0000005604952715,-1.0000008701983303,1.0000004857056444,0.9999996179382893,1.0000005941639971,1.0000005219966932,-1.0000002856424384,0.9999983708173599,-1.0000004629143262
-0.9999986712568594,1.0000000005613612,-0.9999991742180828,-0.9999996797054957,1.000000151420381,-0.9999999601597093,0.9999994921528652,-0.9999991966052152,0.9999994921528627,0.9999991006309782,-1.0000015283528796,1.0000013862860904,1.000001695990036,-1.0000013114964743,-1.00000044372823,-1.0000014199552758,-1.0000013477887133,1.0000011114346905,-0.999999196605219,1.0000012887052825
0.9999996337954022,-0.9999991742180828,1.0000000000981175,1.0000006422433125,-0.9999985432194418,0.9999996373262088,-0.9999991693190606,0.9999988737711444,-0.9999991693190579,-0.9999987777967999,1.0000012055199243,-1.0000010634527428,-1.000001373157395,1.0000009886632533,1.0000001208951108,1.00000109712248,1.0000010249569848,-1.0000007886036024,0.9999988737711462,-1.0000009658722604
1.000000139281762,-0.9999996797054957,1.0000006422433125,1.0000000008234624,-1.0000003340771562,1.000000142816683,-0.9999996748098408,0.999999379262209,-0.9999996748098382,-0.9999992832879777,1.0000017110099386,-1.0000015689432062,-1.0000018786470544,1.000001494153558,1.000000626385189,1.0000016026122893,1.000001530445512,-1.0000000087227399,0.9999993792622123,-1.0000014713623253
-0.9999993256301469,1.000000151420381,-0.9999985432194418,-1.0000003340771562,0.9999999996559154,-0.9999980437872719,0.9999988611481808,-0.9999985655998188,0.9999988611481784,0.9999984696253063,-1.0000008973506527,1.0000007552828658,1.0000010649886142,-1.0000006804935488,-0.9999998127254079,-1.000000788953425,-1.000000716789494,1.000000480437017,-0.9999985655998229,1.0000006577028446
0.999999134370562,-0.9999999601597093,0.9999996373262088,1.000000142816683,-0.9999980437872719,0.9999999993814623,-0.9999973845131948,0.9999983743328381,-0.9999973845131861,-0.9999982783581008,1.0000007060865488,-1.000000564018011,-1.0000008737251298,1.0000004892288885,0.9999996214605895,1.000000597689559,1.0000005255274904,-1.0000002891760538,0.9999983743328393,-1.0000004664385251
-0.9999986663644742,0.9999994921528652,-0.9999991693190606,-0.9999996748098408,0.9999988611481808,-0.9999973845131948,0.9999999987098983,-0.9999966209556524,0.9999982018732961,0.9999978103494681,-1.0000002380781068,1.0000000960093425,1.0000004057168514,-1.0000000212203246,-0.99999915345232,-1.0000001296812508,-1.000000057519917,0.9999998211689687,-0.9999979063242513,0.9999999984300979
0.9999983708173572,-0.9999991966052152,0.9999988737711444,0.999999379262209,-0.9999985655998188,0.9999983743328381,-0.9999966209556524,0.9999999982858032,-0.9999979063242446,-0.9999962294316781,0.9999999425292464,-0.9999998004602946,-1.0000001101681353,0.9999997256713508,0.9999988579035167,0.9999998341324918,0.9999997619717308,-0.9999995256211539,0.9999976107750971,-0.9999997028812356
-0.999998666364471,0.9999994921528627,-0.9999991693190579,-0.9999996748098382,0.9999988611481784,-0.9999973845131861,0.9999982018732961,-0.9999979063242446,0.9999999987098983,0.9999978103494653,-1.0000002380781041,1.00000009600934,1.0000004057168486,-1.0000000212203224,-0.9999991534523176,-1.0000001296812486,-1.000000057519914,0.9999998211689662,-0.9999966209556562,0.9999999984300955
-0.9999982748433041,0.9999991006309782,-0.9999987777967999,-0.9999992832879777,0.9999984696253063,-0.9999982783581008,0.9999978103494681,-0.9999962294316781,0.9999978103494653,0.999999998148085,-0.999999846554567,0.9999997044855421,1.0000000141935128,-0.9999996296966281,-0.9999987619288407,-0.999999738157847,-0.9999996659973006,0.9999994296468575,-0.9999962294316774,0.9999996069065509
1.0000007025616027,-1.0000015283528796,1.0000012055199243,1.0000017110099386,-1.0000008973506527,1.0000007060865488,-1.0000002380781068,0.9999999425292464,-1.0000002380781041,-0.999999846554567,1.0000000016317312,-1.0000008468470802,-1.0000011565534495,1.0000020574262782,1.0000011896568723,1.0000021658864107,1.0000020937226222,-1.0000018573699416,0.9999999425292494,-1.0000020346355845
-1.0000005604952715,1.0000013862860904,-1.0000010634527428,-1.0000015689432062,1.0000007552828658,-1.000000564018011,1.0000000960093425,-0.9999998004602946,1.00000009600934,0.9999997044855421,-1.0000008468470802,1.0000000014278723,1.00000229985417,-1.00000062998941,-0.9999997622200155,-1.0000020238184175,-1.0000019516553065,1.000001715303021,-0.9999998004602965,1.0000018925674363
-1.0000008701983303,1.000001695990036,-1.000001373157395,-1.0000018786470544,1.0000010649886142,-1.0000008737251298,1.0000004057168514,-1.0000001101681353,1.0000004057168486,1.0000000141935128,-1.0000011565534495,1.00000229985417,1.0000000018722819,-1.0000022250647032,-1.0000013572952444,-1.0000010481560146,-1.0000009759916497,1.0000020250072206,-1.0000001101681384,1.0000022022739035
1.0000004857056444,-1.0000013114964743,1.0000009886632533,1.000001494153558,-1.0000006804935488,1.0000004892288885,-1.0000000212203246,0.9999997256713508,-1.0000000212203224,-0.9999996296966281,1.0000020574262782,-1.00000062998941,-1.0000022250647032,1.000000001320554,1.0000009727993757,1.0000019490290097,1.0000018768657493,-1.000001640513401,0.9999997256713556,-1.0000005324094832
0.9999996179382893,-1.00000044372823,1.0000001208951108,1.000000626385189,-0.9999998127254079,0.9999996214605895,-0.99999915345232,0.9999988579035167,-0.9999991534523176,-0.9999987619288407,1.0000011896568723,-0.9999997622200155,-1.0000013572952444,1.0000009727993757,1.0000000000753584,1.0000010812597373,1.0000010090968199,-1.0000007727448328,0.99999885790352,-1.0000009500088525
1.0000005941639971,-1.0000014199552758,1.00000109712248,1.0000016026122893,-1.000000788953425,1.000000597689559,-1.0000001296812508,0.9999998341324918,-1.0000001296812486,-0.999999738157847,1.0000021658864107,-1.0000020238184175,-1.0000010481560146,1.0000019490290097,1.0000010812597373,1.0000000014761878,1.0000019853250766,-1.000001748972323,0.9999998341324949,-1.0000006408696913
1.0000005219966932,-1.0000013477887133,1.0000010249569848,1.000001530445512,-1.000000716789494,1.0000005255274904,-1.000000057519917,0.9999997619717308,-1.000000057519914,-0.9999996659973006,1.0000020937226222,-1.0000019516553065,-1.0000009759916497,1.0000018768657493,1.0000010090968199,1.0000019853250766,1.0000000013726353,-1.0000003914373419,0.999999761971735,-1.000001854074736
-1.0000002856424384,1.0000011114346905,-1.0000007886036024,-1.0000000087227399,1.000000480437017,-1.0000002891760538,0.9999998211689687,-0.9999995256211539,0.9999998211689662,0.9999994296468575,-1.0000018573699416,1.000001715303021,1.0000020250072206,-1.000001640513401,-1.0000007727448328,-1.000001748972323,-1.0000003914373419,1.0000000010334815,-0.9999995256211563,1.0000016177222377
0.9999983708173599,-0.999999196605219,0.9999988737711462,0.9999993792622123,-0.9999985655998229,0.9999983743328393,-0.9999979063242513,0.9999976107750971,-0.9999966209556562,-0.9999962294316774,0.9999999425292494,-0.9999998004602965,-1.0000001101681384,0.9999997256713556,0.99999885790352,0.9999998341324949,0.999999761971735,-0.9999995256211563,0.9999999982858032,-0.9999997028812385
-1.0000004629143262,1.0000012887052825,-1.0000009658722604,-1.0000014713623253,1.0000006577028446,-1.0000004664385251,0.9999999984300979,-0.9999997028812356,0.9999999984300955,0.9999996069065509,-1.0000020346355845,1.0000018925674363,1.0000022022739035,-1.0000005324094832,-1.0000009500088525,-1.0000006408696913,-1.000001854074736,1.0000016177222377,-0.9999997028812385,1.000000001287851
