0.9999999991117765,-0.999998803526558,0.9999987583465779,0.9999987583465816,0.9999990409999168,0.9999987583465779,-0.9999988305830575,0.9999987583465785,0.9999987583465785,-0.9999989564114485,-0.9999995642304804,-1.000000288400428,1.0000002714841199,1.0000000357411745,-1.0000000244421,0.9999998400253357,0.9999998400253385,0.9999995006187754,-0.9999994302170594,0.9999994154318312,-0.9999994583101366,0.9999995027515559,-0.9999996429077397,-0.9999996429077386,0.9999995574048782
-0.999998803526558,0.9999999992151721,-0.9999988035265558,-0.9999988035265618,-0.9999990861583151,-0.9999988305830616,0.9999989028838062,-0.9999988305830616,-0.9999988305830629,0.9999990285130719,0.9999996362097513,1.0000003600086835,-1.0000003431161075,-1.0000001074616542,1.000000096204638,-0.9999999118250773,-0.9999999118250809,-0.9999995726008261,0.9999995022794772,-0.9999994875945849,0.999999530542166,-0.9999995749795308,0.9999997147642901,0.9999997147642891,-0.9999996292874467
0.9999987583465779,-0.9999988035265558,0.9999999991117765,0.9999987583465796,0.999999040999914,0.9999987583465766,-0.9999988305830547,0.9999987583465756,0.9999987583465764,-0.9999989564114466,-0.9999995642304766,-1.0000002884004247,1.0000002714841174,1.0000000357411718,-1.0000000244420981,0.9999998400253336,0.999999840025336,0.9999995006187732,-0.9999994302170581,0.9999994154318294,-0.9999994583101347,0.9999995027515545,-0.9999996429077367,-0.9999996429077367,0.9999995574048752
0.9999987583465816,-0.9999988035265618,0.9999987583465796,0.9999999991117765,0.9999990409999178,0.9999987583465791,-0.9999988305830584,0.9999987583465799,0.9999987583465796,-0.9999989564114499,-0.9999995642304812,-1.0000002884004282,1.0000002714841207,1.0000000357411751,-1.0000000244421012,0.999999840025336,0.9999998400253398,0.9999995006187765,-0.9999994302170605,0.9999994154318312,-0.9999994583101389,0.9999995027515572,-0.999999642907742,-0.9999996429077385,0.9999995574048798
0.9999990409999168,-0.9999990861583151,0.999999040999914,0.9999990409999178,0.9999999995161296,0.9999990409999143,-0.9999990861583071,0.9999990409999141,0.9999990409999149,-0.9999992120143503,-0.9999998196317802,-1.0000005702110515,1.0000005529463136,1.000000317892071,-1.0000003055744782,1.0000001210234502,1.0000001210234535,0.9999997832174754,-0.9999997128864245,0.9999996981087956,-0.999999740962256,0.9999997853867661,-0.999999923824564,-0.9999999238245607,0.999999838294608
0.9999987583465779,-0.9999988305830616,0.9999987583465766,0.9999987583465791,0.9999990409999143,0.9999999991117765,-0.9999988035265479,0.9999987583465769,0.9999987583465764,-0.9999989564114465,-0.9999995642304779,-1.0000002884004255,1.000000271484118,1.0000000357411731,-1.0000000244420988,0.9999998400253336,0.999999840025336,0.9999995006187745,-0.9999994302170578,0.9999994154318288,-0.999999458310134,0.9999995027515527,-0.9999996429077388,-0.9999996429077367,0.9999995574048756
-0.9999988305830575,0.9999989028838062,-0.9999988305830547,-0.9999988305830584,-0.9999990861583071,-0.9999988035265479,0.9999999992151721,-0.999998803526552,-0.9999988035265488,0.9999990285130648,0.9999996362097455,1.000000360008676,-1.000000343116101,-1.000000107461647,1.0000000962046327,-0.9999999118250722,-0.9999999118250751,-0.9999995726008187,0.9999995022794703,-0.9999994875945789,0.9999995305421601,-0.9999995749795233,0.999999714764284,0.9999997147642815,-0.9999996292874392
0.9999987583465785,-0.9999988305830616,0.9999987583465756,0.9999987583465799,0.9999990409999141,0.9999987583465769,-0.999998803526552,0.9999999991117765,0.9999987583465755,-0.9999989564114466,-0.9999995642304771,-1.0000002884004255,1.0000002714841176,1.0000000357411718,-1.000000024442099,0.999999840025333,0.9999998400253365,0.9999995006187746,-0.9999994302170575,0.9999994154318285,-0.9999994583101347,0.9999995027515537,-0.9999996429077372,-0.9999996429077358,0.999999557404876
0.9999987583465785,-0.9999988305830629,0.9999987583465764,0.9999987583465796,0.9999990409999149,0.9999987583465764,-0.9999988035265488,0.9999987583465755,0.9999999991117765,-0.9999989564114471,-0.9999995642304776,-1.000000288400425,1.0000002714841196,1.0000000357411725,-1.0000000244420981,0.9999998400253334,0.9999998400253366,0.9999995006187735,-0.9999994302170577,0.9999994154318288,-0.9999994583101366,0.9999995027515542,-0.9999996429077396,-0.999999642907736,0.9999995574048766
-0.9999989564114485,0.9999990285130719,-0.9999989564114466,-0.9999989564114499,-0.9999992120143503,-0.9999989564114465,0.9999990285130648,-0.9999989564114466,-0.9999989564114471,0.9999999993953833,0.9999997625793813,1.0000004863836036,-1.0000004687706692,-1.0000002340969256,1.00000022083056,-1.0000000360611234,-1.000000036061128,-0.9999996991937553,0.9999996287314957,-0.9999996137272649,0.9999996563936463,-0.9999997007872713,0.9999998386586476,0.9999998386586465,-0.9999997530458443
-0.9999995642304804,0.9999996362097513,-0.9999995642304766,-0.9999995642304812,-0.9999998196317802,-0.9999995642304779,0.9999996362097455,-0.9999995642304771,-0.9999995642304776,0.9999997625793813,1.0000000002647416,1.000001093469372,-1.000001075667781,-1.000000814344671,1.0000008275599426,-1.000000642777847,-1.0000006427778498,-1.000000279793727,1.00000023646916,-1.000000221502346,1.000000264187139,-1.0000003086306906,1.0000004453619478,1.0000004453619458,-1.0000003597441514
-1.000000288400428,1.0000003600086835,-1.0000002884004247,-1.0000002884004282,-1.0000005702110515,-1.0000002884004255,1.000000360008676,-1.0000002884004255,-1.000000288400425,1.0000004863836036,1.000001093469372,1.0000000013001096,-1.000001773224162,-1.0000015379237421,1.0000015529170805,-1.0000013686521325,-1.0000013686521347,-1.0000010303087954,1.0000009600890944,-1.000000945401689,1.0000009883959722,-1.0000010331590403,1.0000011715521515,1.00000117155215,-1.0000010860429738
1.0000002714841199,-1.0000003431161075,1.0000002714841174,1.0000002714841207,1.0000005529463136,1.000000271484118,-1.000000343116101,1.0000002714841176,1.0000002714841196,-1.0000004687706692,-1.000001075667781,-1.000001773224162,1.0000000012764707,1.0000015471750434,-1.00000151157124,1.0000013550925315,1.0000013550925337,1.0000010122369993,-1.0000009422260312,1.00000092804052,-1.0000009715362617,1.0000010165447581,-1.0000011585433703,-1.0000011585433692,1.0000010732416198
1.0000000357411745,-1.0000001074616542,1.0000000357411718,1.0000000357411751,1.000000317892071,1.0000000357411731,-1.000000107461647,1.0000000357411718,1.0000000357411725,-1.0000002340969256,-1.000000814344671,-1.0000015379237421,1.0000015471750434,1.0000000009391705,-1.0000012989960112,1.0000011143010155,1.0000011143010195,1.00000077830748,-1.0000007079550095,1.0000006929939862,-1.000000735708026,1.0000007802807296,-1.000000916898989,-1.0000009168989867,1.0000008312791184
-1.0000000244421,1.000000096204638,-1.0000000244420981,-1.0000000244421012,-1.0000003055744782,-1.0000000244420988,1.0000000962046327,-1.000000024442099,-1.0000000244420981,1.00000022083056,1.0000008275599426,1.0000015529170805,-1.00000151157124,-1.0000012989960112,1.0000000009263468,-1.0000010852510768,-1.0000010852510814,-1.000000763732343,1.0000006939818513,-1.000000680441546,1.0000007245722027,-1.0000007698471731,1.0000009164566428,1.0000009164566404,-1.000000831420738
0.9999998400253357,-0.9999999118250773,0.9999998400253336,0.999999840025336,1.0000001210234502,0.9999998400253336,-0.9999999118250722,0.999999840025333,0.9999998400253334,-1.0000000360611234,-1.000000642777847,-1.0000013686521325,1.0000013550925315,1.0000011143010155,-1.0000010852510768,1.000000000665328,1.0000009300638566,1.0000005787616593,-1.000000509094013,1.0000004958063624,-1.0000005401994443,1.000000585597785,-1.000000707451045,-1.0000007345075501,1.0000006495819507
0.9999998400253385,-0.9999999118250809,0.999999840025336,0.9999998400253398,1.0000001210234535,0.999999840025336,-0.9999999118250751,0.9999998400253365,0.9999998400253366,-1.000000036061128,-1.0000006427778498,-1.0000013686521347,1.0000013550925337,1.0000011143010195,-1.0000010852510814,1.0000009300638566,1.000000000665328,1.0000005787616633,-1.0000005090940167,1.000000495806366,-1.000000540199448,1.0000005855977878,-1.0000007345075554,-1.0000007074510464,1.0000006495819531
0.9999995006187754,-0.9999995726008261,0.9999995006187732,0.9999995006187765,0.9999997832174754,0.9999995006187745,-0.9999995726008187,0.9999995006187746,0.9999995006187735,-0.9999996991937553,-1.000000279793727,-1.0000010303087954,1.0000010122369993,1.00000077830748,-1.000000763732343,1.0000005787616593,1.0000005787616633,1.0000000001742937,-1.0000001461099268,1.0000001580331974,-1.0000002005674353,1.0000002449407681,-1.0000003811957685,-1.000000381195767,1.0000002955199834
-0.9999994302170594,0.9999995022794772,-0.9999994302170581,-0.9999994302170605,-0.9999997128864245,-0.9999994302170578,0.9999995022794703,-0.9999994302170575,-0.9999994302170577,0.9999996287314957,1.00000023646916,1.0000009600890944,-1.0000009422260312,-1.0000007079550095,1.0000006939818513,-1.000000509094013,-1.0000005090940167,-1.0000001461099268,1.0000000000734515,-1.0000000605203063,1.0000001301432222,-1.0000001744992697,1.0000003116015124,1.000000311601511,-1.000000225954759
0.9999994154318312,-0.9999994875945849,0.9999994154318294,0.9999994154318312,0.9999996981087956,0.9999994154318288,-0.9999994875945789,0.9999994154318285,0.9999994154318288,-0.9999996137272649,-1.000000221502346,-1.000000945401689,1.00000092804052,1.0000006929939862,-1.000000680441546,1.0000004958063624,1.000000495806366,1.0000001580331974,-1.0000000605203063,1.0000000000519478,-1.0000000882633506,1.0000001597001682,-1.0000002985187768,-1.0000002985187748,1.0000002129511634
-0.9999994583101366,0.999999530542166,-0.9999994583101347,-0.9999994583101389,-0.999999740962256,-0.999999458310134,0.9999995305421601,-0.9999994583101347,-0.9999994583101366,0.9999996563936463,1.000000264187139,1.0000009883959722,-1.0000009715362617,-1.000000735708026,1.0000007245722027,-1.0000005401994443,-1.000000540199448,-1.0000002005674353,1.0000001301432222,-1.0000000882633506,1.0000000001131382,-1.0000001755171533,1.0000003431171913,1.00000034311719,-1.0000002576279259
0.9999995027515559,-0.9999995749795308,0.9999995027515545,0.9999995027515572,0.9999997853867661,0.9999995027515527,-0.9999995749795233,0.9999995027515537,0.9999995027515542,-0.9999997007872713,-1.0000003086306906,-1.0000010331590403,1.0000010165447581,1.0000007802807296,-1.0000007698471731,1.000000585597785,1.0000005855977878,1.0000002449407681,-1.0000001744992697,1.0000001597001682,-1.0000001755171533,1.0000000001767033,-1.000000388597992,-1.000000388597991,1.0000003031380706
-0.9999996429077397,0.9999997147642901,-0.9999996429077367,-0.999999642907742,-0.999999923824564,-0.9999996429077388,0.999999714764284,-0.9999996429077372,-0.9999996429077396,0.9999998386586476,1.0000004453619478,1.0000011715521515,-1.0000011585433703,-1.000000916898989,1.0000009164566428,-1.000000707451045,-1.0000007345075554,-1.0000003811957685,1.0000003116015124,-1.0000002985187768,1.0000003431171913,-1.000000388597992,1.0000000003857081,1.000000539180206,-1.0000004272851304
-0.9999996429077386,0.9999997147642891,-0.9999996429077367,-0.9999996429077385,-0.9999999238245607,-0.9999996429077367,0.9999997147642815,-0.9999996429077358,-0.999999642907736,0.9999998386586465,1.0000004453619458,1.00000117155215,-1.0000011585433692,-1.0000009168989867,1.0000009164566404,-1.0000007345075501,-1.0000007074510464,-1.000000381195767,1.000000311601511,-1.0000002985187748,1.00000034311719,-1.000000388597991,1.000000539180206,1.0000000003857081,-1.0000004272851277
0.9999995574048782,-0.9999996292874467,0.9999995574048752,0.9999995574048798,0.999999838294608,0.9999995574048756,-0.9999996292874392,0.999999557404876,0.9999995574048766,-0.9999997530458443,-1.0000003597441514,-1.0000010860429738,1.0000010732416198,1.0000008312791184,-1.000000831420738,1.0000006495819507,1.0000006495819531,1.0000002955199834,-1.000000225954759,1.0000002129511634,-1.0000002576279259,1.0000003031380706,-1.0000004272851304,-1.0000004272851277,1.0000000002643528
