1.0000000011520378,-1.000001211808093,-1.0000012118080919,-1.0000012118080917,-1.0000012118080917,0.0,0.0,0.0,0.0,0.0,0.0,0.0,0.0,0.0,0.0,0.0,0.0,0.0,0.0,0.0,0.0,0.0,0.0,0.0,0.0,0.0,0.0,0.0,0.0,0.0,0.0,0.0,0.0
-1.000001211808093,1.0000000003359506,1.0000004709947392,1.0000004709947412,1.0000004709947412,0.0,0.0,0.0,0.0,0.0,0.0,0.0,0.0,0.0,0.0,0.0,0.0,0.0,0.0,0.0,0.0,0.0,0.0,0.0,0.0,0.0,0.0,0.0,0.0,0.0,0.0,0.0,0.0
-1.0000012118080919,1.0000004709947392,1.0000000003359506,1.0000004709947412,1.0000004709947412,0.0,0.0,0.0,0.0,0.0,0.0,0.0,0.0,0.0,0.0,0.0,0.0,0.0,0.0,0.0,0.0,0.0,0.0,0.0,0.0,0.0,0.0,0.0,0.0,0.0,0.0,0.0,0.0
-1.0000012118080917,1.0000004709947412,1.0000004709947412,1.0000000003359506,1.0000004709947408,0.0,0.0,0.0,0.0,0.0,0.0,0.0,0.0,0.0,0.0,0.0,0.0,0.0,0.0,0.0,0.0,0.0,0.0,0.0,0.0,0.0,0.0,0.0,0.0,0.0,0.0,0.0,0.0
-1.0000012118080917,1.0000004709947412,1.0000004709947412,1.0000004709947408,1.0000000003359506,0.0,0.0,0.0,0.0,0.0,0.0,0.0,0.0,0.0,0.0,0.0,0.0,0.0,0.0,0.0,0.0,0.0,0.0,0.0,0.0,0.0,0.0,0.0,0.0,0.0,0.0,0.0,0.0
0.0,0.0,0.0,0.0,0.0,0.999999988627442,-0.9999860299822415,0.9999840559134151,0.9999889099952979,-0.9999937626304172,0.9999930109140035,0.999993010914008,0.9999937986984516,-0.9999919893800204,-0.9999919893800195,-0.9999919893800209,-0.9999919893800245,-0.9999934824653476,-0.9999924983270863,0.9999930046058892,0.999991965793396,-0.9999909759566373,-0.999991291199041,-0.9999908440745996,0.9999909231247693,0.999990917661451,-0.9999899626358281,-0.9999897883254625,-0.999988965083763,0.9999900643447797,-0.9999892856121592,0.9999892826094658,0.9999891842271827
0.0,0.0,0.0,0.0,0.0,-0.9999860299822415,0.9999999912028384,-0.999986029982238,-0.9999908840729307,0.9999955679723707,-0.9999948162546346,-0.9999948162546386,-0.9999956040403819,0.9999937947188139,0.999993794718812,0.9999937947188143,0.9999937947188164,0.9999952878066113,0.9999943036663753,-0.9999948099461906,-0.9999937711316275,0.9999927812930357,0.9999930965360024,0.9999926494107331,-0.9999927284610526,-0.9999927229977177,0.9999917679703672,0.9999915936596669,0.9999907704164949,-0.9999918696794982,0.9999910909454546,-0.9999910879427705,-0.9999909895602892
0.0,0.0,0.0,0.0,0.0,0.9999840559134151,-0.999986029982238,0.999999988627442,0.9999889099952979,-0.9999937626304183,0.9999930109140039,0.9999930109140092,0.999993798698452,-0.999991989380023,-0.9999919893800192,-0.9999919893800222,-0.999991989380024,-0.9999934824653482,-0.9999924983270874,0.9999930046058901,0.9999919657933962,-0.9999909759566376,-0.9999912911990408,-0.9999908440745996,0.9999909231247693,0.9999909176614508,-0.9999899626358277,-0.9999897883254623,-0.9999889650837642,0.9999900643447805,-0.9999892856121602,0.9999892826094655,0.9999891842271823
0.0,0.0,0.0,0.0,0.0,0.9999889099952979,-0.9999908840729307,0.9999889099952979,0.9999999955520739,-0.9999986167615444,0.9999978650416167,0.9999978650416209,0.9999986528294251,-0.9999968435027036,-0.9999968435027023,-0.9999968435027053,-0.9999968435027073,-0.9999983365944328,-0.9999973524506621,0.9999978587322876,0.9999968199140395,-0.9999959988172996,-0.9999961453162209,-0.9999956981895328,0.9999957772401167,0.9999957717767415,-0.9999948167464769,-0.9999946424351981,-0.9999939879345507,0.9999949184559049,-0.9999941397194448,0.9999941367167962,0.9999940383339592
0.0,0.0,0.0,0.0,0.0,-0.9999937626304172,0.9999955679723707,-0.9999937626304183,-0.9999986167615444,1.0000000024745919,-1.000002886337393,-1.0000028863374057,-1.0000036741603233,1.0000016960451763,1.0000016960451743,1.0000016960451779,1.0000016960451796,1.0000031892009635,1.0000022050972568,-1.0000027113590397,-1.0000016725791547,1.0000006827410985,1.0000009979887674,1.0000005508641996,-1.0000006299131299,-1.000000624451794,0.9999996694157384,0.9999994951072938,0.9999986718526579,-0.9999997711267922,0.9999989923889248,-0.9999989893824796,-0.9999988910037966
0.0,0.0,0.0,0.0,0.0,0.9999930109140035,-0.9999948162546346,0.9999930109140039,0.9999978650416167,-1.000002886337393,1.0000000014022026,1.0000019658587338,1.000002753683625,-1.000001113056997,-1.0000011130569941,-1.0000009443120064,-1.0000009443120077,-1.0000024374713132,-1.0000014533720247,1.0000019596315946,1.0000009208560567,-0.9999999310194452,-1.0000002462670556,-0.9999997991431783,0.999999878191882,0.9999998727307207,-0.9999989176952931,-0.9999987433872816,-0.9999979201328631,0.9999990194063623,-0.9999982406692802,0.999998237662528,0.9999981392842973
0.0,0.0,0.0,0.0,0.0,0.999993010914008,-0.9999948162546386,0.9999930109140092,0.9999978650416209,-1.0000028863374057,1.0000019658587338,1.0000000014022026,1.0000027536836285,-1.0000009443120086,-1.000000944312008,-1.0000011130570006,-1.000001113057005,-1.0000024374713163,-1.0000014533720278,1.0000019596315985,1.0000009208560594,-0.9999999310194497,-1.0000002462670596,-0.9999997991431824,0.999999878191886,0.9999998727307241,-0.9999989176952976,-0.9999987433872861,-0.999997920132867,0.9999990194063669,-0.999998240669285,0.9999982376625315,0.9999981392843023
0.0,0.0,0.0,0.0,0.0,0.9999937986984516,-0.9999956040403819,0.999993798698452,0.9999986528294251,-1.0000036741603233,1.000002753683625,1.0000027536836285,1.000000002526073,-1.0000017321369563,-1.0000017321369554,-1.0000017321369579,-1.0000017321369603,-1.0000033940276583,-1.0000022411709177,1.0000027474366984,1.0000017086490238,-1.000000718809412,-1.000001034056697,-1.0000005869313435,1.000000665980641,1.0000006605189358,-0.9999997054830476,-0.9999995311739381,-0.9999987079201612,0.9999998071939035,-0.9999990284555791,0.9999990254498091,0.9999989270702941
0.0,0.0,0.0,0.0,0.0,-0.9999919893800204,0.9999937947188139,-0.999991989380023,-0.9999968435027036,1.0000016960451763,-1.000001113056997,-1.0000009443120086,-1.0000017321369563,0.9999999999449105,0.9999999227662337,0.9999999227662365,0.9999999227662391,1.000001415925583,1.0000004318285507,-1.0000009380869828,-0.9999998993137145,0.9999989094783535,0.999999224725705,0.999998777602405,-0.9999988566509699,-0.9999988511898729,0.9999978961553929,0.9999977218476636,0.9999968985939508,-0.9999979978663907,0.9999972191301756,-0.9999972161233178,-0.9999971177453179
0.0,0.0,0.0,0.0,0.0,-0.9999919893800195,0.999993794718812,-0.9999919893800192,-0.9999968435027023,1.0000016960451743,-1.0000011130569941,-1.000000944312008,-1.0000017321369554,0.9999999227662337,0.9999999999449105,0.9999999227662347,0.9999999227662377,1.0000014159255814,1.0000004318285483,-1.0000009380869819,-0.9999998993137129,0.9999989094783519,0.9999992247257026,0.9999987776024031,-0.9999988566509678,-0.9999988511898698,0.999997896155391,0.9999977218476629,0.9999968985939495,-0.9999979978663888,0.9999972191301727,-0.9999972161233159,-0.9999971177453162
0.0,0.0,0.0,0.0,0.0,-0.9999919893800209,0.9999937947188143,-0.9999919893800222,-0.9999968435027053,1.0000016960451779,-1.0000009443120064,-1.0000011130570006,-1.0000017321369579,0.9999999227662365,0.9999999227662347,0.9999999999449105,0.9999999227662396,1.0000014159255834,1.0000004318285514,-1.0000009380869834,-0.999999899313716,0.9999989094783553,0.999999224725705,0.9999987776024061,-0.9999988566509715,-0.9999988511898731,0.9999978961553936,0.999997721847665,0.9999968985939529,-0.9999979978663915,0.9999972191301765,-0.99999721612332,-0.9999971177453192
0.0,0.0,0.0,0.0,0.0,-0.9999919893800245,0.9999937947188164,-0.999991989380024,-0.9999968435027073,1.0000016960451796,-1.0000009443120077,-1.000001113057005,-1.0000017321369603,0.9999999227662391,0.9999999227662377,0.9999999227662396,0.9999999999449105,1.0000014159255866,1.0000004318285538,-1.000000938086985,-0.9999998993137179,0.9999989094783582,0.9999992247257073,0.9999987776024081,-0.9999988566509723,-0.9999988511898747,0.9999978961553965,0.9999977218476681,0.9999968985939541,-0.999997997866393,0.9999972191301773,-0.9999972161233209,-0.9999971177453213
0.0,0.0,0.0,0.0,0.0,-0.9999934824653476,0.9999952878066113,-0.9999934824653482,-0.9999983365944328,1.0000031892009635,-1.0000024374713132,-1.0000024374713163,-1.0000033940276583,1.000001415925583,1.0000014159255814,1.0000014159255834,1.0000014159255866,1.000000002074967,1.0000019249406216,-1.0000025999553517,-1.0000013924149982,1.0000004025741307,1.0000007178209065,1.000000270694903,-1.0000003497445504,-1.000000344282467,0.9999993892470888,0.9999992149373557,0.9999983916847559,-0.9999994909577029,0.9999987122191859,-0.9999987092141156,-0.999998610833776
0.0,0.0,0.0,0.0,0.0,-0.9999924983270863,0.9999943036663753,-0.9999924983270874,-0.9999973524506621,1.0000022050972568,-1.0000014533720247,-1.0000014533720278,-1.0000022411709177,1.0000004318285507,1.0000004318285483,1.0000004318285514,1.0000004318285538,1.0000019249406216,1.0000000006710554,-1.0000016158276879,-1.000000577017121,0.999999418429062,0.9999997336746966,0.9999992865475289,-0.9999993655978593,-0.9999993601350079,0.999998405100997,0.9999982307900588,0.9999974075401346,-0.9999985068110901,0.9999977280724477,-0.9999977250687941,-0.9999976266868197
0.0,0.0,0.0,0.0,0.0,0.9999930046058892,-0.9999948099461906,0.9999930046058901,0.9999978587322876,-1.0000027113590397,1.0000019596315946,1.0000019596315985,1.0000027474366984,-1.0000009380869828,-1.0000009380869819,-1.0000009380869834,-1.000000938086985,-1.0000025999553517,-1.0000016158276879,1.0000000013932855,1.0000009145533555,-0.9999999247113693,-1.0000002399575751,-0.9999997928309802,0.9999998718809734,0.9999998664185,-0.9999989113837955,-0.9999987370734543,-0.9999979138221846,0.9999990130941496,-0.999998234355556,0.9999982313511978,0.9999981329700353
0.0,0.0,0.0,0.0,0.0,0.999991965793396,-0.9999937711316275,0.9999919657933962,0.9999968199140395,-1.0000016725791547,1.0000009208560567,1.0000009208560594,1.0000017086490238,-0.9999998993137145,-0.9999998993137129,-0.999999899313716,-0.9999998993137179,-1.0000013924149982,-1.000000577017121,1.0000009145533555,0.9999999999113656,-0.9999990546366706,-0.9999993698817458,-0.9999987540090701,0.9999988330597175,0.9999988275965044,-0.9999978725632048,-0.999997698251712,-0.999996875003104,0.9999979742730453,-0.9999971955343991,0.9999971925314115,0.9999970941486745
0.0,0.0,0.0,0.0,0.0,-0.9999909759566373,0.9999927812930357,-0.9999909759566376,-0.9999959988172996,1.0000006827410985,-0.9999999310194452,-0.9999999310194497,-1.000000718809412,0.9999989094783535,0.9999989094783519,0.9999989094783553,0.9999989094783582,1.0000004025741307,0.999999418429062,-0.9999999247113693,-0.9999990546366706,0.999999998499299,0.9999982112926377,0.9999977641650938,-0.9999980119607977,-0.9999978377524527,0.9999968827201856,0.9999967084086057,0.9999958851611711,-0.9999969844298444,0.999996205691805,-0.9999962026890878,-0.9999961043061224
0.0,0.0,0.0,0.0,0.0,-0.999991291199041,0.9999930965360024,-0.9999912911990408,-0.9999961453162209,1.0000009979887674,-1.0000002462670556,-1.0000002462670596,-1.000001034056697,0.999999224725705,0.9999992247257026,0.999999224725705,0.9999992247257073,1.0000007178209065,0.9999997336746966,-1.0000002399575751,-0.9999993698817458,0.9999982112926377,0.9999999989490127,0.9999980794095343,-0.9999981584603107,-0.999998321741909,0.9999971979643661,0.9999970236526633,0.9999962004050597,-0.9999974684190281,0.9999965209357049,-0.9999965179330588,-0.9999964195499758
0.0,0.0,0.0,0.0,0.0,-0.9999908440745996,0.9999926494107331,-0.9999908440745996,-0.9999956981895328,1.0000005508641996,-0.9999997991431783,-0.9999997991431824,-1.0000005869313435,0.999998777602405,0.9999987776024031,0.9999987776024061,0.9999987776024081,1.000000270694903,0.9999992865475289,-0.9999997928309802,-0.9999987540090701,0.9999977641650938,0.9999980794095343,0.9999999983111604,-0.9999978800776225,-0.9999978746141531,0.9999967508370837,0.9999965765253254,0.9999957532782671,-0.9999968525466668,0.9999960738086,-0.9999960708060901,-0.9999959724228854
0.0,0.0,0.0,0.0,0.0,0.9999909231247693,-0.9999927284610526,0.9999909231247693,0.9999957772401167,-1.0000006299131299,0.999999878191882,0.999999878191886,1.000000665980641,-0.9999988566509699,-0.9999988566509678,-0.9999988566509715,-0.9999988566509723,-1.0000003497445504,-0.9999993655978593,0.9999998718809734,0.9999988330597175,-0.9999980119607977,-0.9999981584603107,-0.9999978800776225,0.9999999984239305,0.9999977849199841,-0.9999969986328044,-0.9999966555761005,-0.9999958323288959,0.9999969315974211,-0.9999961528593311,0.9999961498567582,0.9999960514736232
0.0,0.0,0.0,0.0,0.0,0.999990917661451,-0.9999927229977177,0.9999909176614508,0.9999957717767415,-1.000000624451794,0.9999998727307207,0.9999998727307241,1.0000006605189358,-0.9999988511898729,-0.9999988511898698,-0.9999988511898731,-0.9999988511898747,-1.000000344282467,-0.9999993601350079,0.9999998664185,0.9999988275965044,-0.9999978377524527,-0.999998321741909,-0.9999978746141531,0.9999977849199841,0.9999999984161365,-0.9999968244243664,-0.9999968188575904,-0.9999958268654808,0.9999969261339583,-0.9999961473958326,0.9999961443933246,0.9999960460101103
0.0,0.0,0.0,0.0,0.0,-0.9999899626358281,0.9999917679703672,-0.9999899626358277,-0.9999948167464769,0.9999996694157384,-0.9999989176952931,-0.9999989176952976,-0.9999997054830476,0.9999978961553929,0.999997896155391,0.9999978961553936,0.9999978961553965,0.9999993892470888,0.999998405100997,-0.9999989113837955,-0.9999978725632048,0.9999968827201856,0.9999971979643661,0.9999967508370837,-0.9999969986328044,-0.9999968244243664,0.9999999970537312,0.9999956950815533,0.9999948718351822,-0.9999959711026277,0.9999951923652713,-0.9999953581077192,-0.9999950909796541
0.0,0.0,0.0,0.0,0.0,-0.9999897883254625,0.9999915936596669,-0.9999897883254623,-0.9999946424351981,0.9999994951072938,-0.9999987433872816,-0.9999987433872861,-0.9999995311739381,0.9999977218476636,0.9999977218476629,0.999997721847665,0.9999977218476681,0.9999992149373557,0.9999982307900588,-0.9999987370734543,-0.999997698251712,0.9999967084086057,0.9999970236526633,0.9999965765253254,-0.9999966555761005,-0.9999968188575904,0.9999956950815533,0.9999999968050662,0.9999946975238283,-0.9999957967910058,0.9999950180537153,-0.9999950150512882,-0.9999950854130791
0.0,0.0,0.0,0.0,0.0,-0.999988965083763,0.9999907704164949,-0.9999889650837642,-0.9999939879345507,0.9999986718526579,-0.9999979201328631,-0.999997920132867,-0.9999987079201612,0.9999968985939508,0.9999968985939495,0.9999968985939529,0.9999968985939541,0.9999983916847559,0.9999974075401346,-0.9999979138221846,-0.999996875003104,0.9999958851611711,0.9999962004050597,0.9999957532782671,-0.9999958323288959,-0.9999958268654808,0.9999948718351822,0.9999946975238283,0.9999999956306609,-0.9999949735445963,0.9999941948080486,-0.9999943605504634,-0.9999940934225418
0.0,0.0,0.0,0.0,0.0,0.9999900643447797,-0.9999918696794982,0.9999900643447805,0.9999949184559049,-0.9999997711267922,0.9999990194063623,0.9999990194063669,0.9999998071939035,-0.9999979978663907,-0.9999979978663888,-0.9999979978663915,-0.999997997866393,-0.9999994909577029,-0.9999985068110901,0.9999990130941496,0.9999979742730453,-0.9999969844298444,-0.9999974684190281,-0.9999968525466668,0.9999969315974211,0.9999969261339583,-0.9999959711026277,-0.9999957967910058,-0.9999949735445963,0.9999999971988256,-0.999995462819667,0.9999952910721658,0.999995192689039
0.0,0.0,0.0,0.0,0.0,-0.9999892856121592,0.9999910909454546,-0.9999892856121602,-0.9999941397194448,0.9999989923889248,-0.9999982406692802,-0.999998240669285,-0.9999990284555791,0.9999972191301756,0.9999972191301727,0.9999972191301765,0.9999972191301773,0.9999987122191859,0.9999977280724477,-0.999998234355556,-0.9999971955343991,0.999996205691805,0.9999965209357049,0.9999960738086,-0.9999961528593311,-0.9999961473958326,0.9999951923652713,0.9999950180537153,0.9999941948080486,-0.999995462819667,0.9999999960879142,-0.9999945123353496,-0.9999945826971999
0.0,0.0,0.0,0.0,0.0,0.9999892826094658,-0.9999910879427705,0.9999892826094655,0.9999941367167962,-0.9999989893824796,0.999998237662528,0.9999982376625315,0.9999990254498091,-0.9999972161233178,-0.9999972161233159,-0.99999721612332,-0.9999972161233209,-0.9999987092141156,-0.9999977250687941,0.9999982313511978,0.9999971925314115,-0.9999962026890878,-0.9999965179330588,-0.9999960708060901,0.9999961498567582,0.9999961443933246,-0.9999953581077192,-0.9999950150512882,-0.9999943605504634,0.9999952910721658,-0.9999945123353496,0.9999999960836308,0.9999944109498032
0.0,0.0,0.0,0.0,0.0,0.9999891842271827,-0.9999909895602892,0.9999891842271823,0.9999940383339592,-0.9999988910037966,0.9999981392842973,0.9999981392843023,0.9999989270702941,-0.9999971177453179,-0.9999971177453162,-0.9999971177453192,-0.9999971177453213,-0.999998610833776,-0.9999976266868197,0.9999981329700353,0.9999970941486745,-0.9999961043061224,-0.9999964195499758,-0.9999959724228854,0.9999960514736232,0.9999960460101103,-0.9999950909796541,-0.9999950854130791,-0.9999940934225418,0.999995192689039,-0.9999945826971999,0.9999944109498032,0.9999999959432819
