0.9999999996120958,-0.9999992553471959,0.9999996258501211,0.9999991837146462,-0.9940012404820635,-0.9940011483586486,0.9760772054603286,0.9940018632289531,0.9760779228942327,-0.6207577197436425,-0.012206096442886637,-0.946445078091631,0.531295687813093,0.12149043503457475,-0.99999891169408,0.9999986879613665,0.9999986879613666,0.9940021792549012,-0.9940020522783651,-0.9940022233571761,0.9940021792549018,-0.9940020522783648,-0.43545644343735845,0.3343928349506408,-0.22931726444983477
-0.9999992553471959,0.9999999996705708,-0.9999994455011568,-0.9999989706376285,0.9940013214335922,0.9940012108946236,-0.9760773217351308,-0.9940019288989544,-0.9760779872613637,0.6207578758198166,0.01220599452905992,0.9464451441751763,-0.5312956725885416,-0.1214903514217196,0.9999989299480944,-0.9999987026662623,-0.9999987026662623,-0.9940022345041913,0.9940021114729074,0.9940022772806159,-0.9940022345041926,0.9940021114729066,0.43545641615851655,-0.33439279119646487,0.22931720107620507
0.9999996258501211,-0.9999994455011568,0.9999999999753196,0.9999992677467647,-0.9940014972486801,-0.9940012497787881,0.9760779898004368,0.9940022416906159,0.9760782764412835,-0.6207589022705592,-0.012205230455305898,-0.946445442247215,0.5312954378710542,0.12148969445118248,-0.9999989139891116,0.9999986627128018,0.9999986627128034,0.9940024759453474,-0.9940023799363221,-0.994002509638965,0.9940024759453492,-0.9940023799363216,-0.43545610639434107,0.3343923787000934,-0.2293166670577157
0.9999991837146462,-0.9999989706376285,0.9999992677467647,0.9999999992497717,-0.9940008019975172,-0.9940007930853204,0.976076626171284,0.9940014840173087,0.9760775695094424,-0.6207569935043943,-0.012206553840824056,-0.9464447287166675,0.5312957377180786,0.1214908100146055,-0.9999984774621168,0.9999985090043704,0.9999985090043698,0.9940018403665061,-0.9940016981170218,-0.9940018896027507,0.9940018403665082,-0.9940016981170222,-0.43545655667583566,0.3343930278015938,-0.22931754790871933
-0.9940012404820635,0.9940013214335922,-0.9940014972486801,-0.9940008019975172,1.0000000003075555,0.976078467340996,-0.9940014520604323,-1.0000006385520546,-0.9464454899642314,0.7027786361098433,-0.09722571675212893,0.9054583929280062,-0.4354554533277954,-0.012205293415946998,0.9940003708707309,-0.9940000934932676,-0.9940000934932669,-1.000001080919908,1.0000009969792634,1.0000011106817022,-1.0000010809199105,1.0000009969792625,0.33439209628959554,-0.22931671089054834,0.12148985963267465
-0.9940011483586486,0.9940012108946236,-0.9940012497787881,-0.9940007930853204,0.976078467340996,0.999999999841899,-0.9464450175211676,-0.9760788996558858,-0.994001116322857,0.5312930764541127,0.12148888464249166,0.9760783003908746,-0.620761190047986,-0.2293158378903773,0.9940004414946237,-0.9940001925782558,-0.9940001925782569,-0.9760790855179438,0.9760790086069351,0.9760791126506669,-0.9760790855179446,0.9760790086069371,0.5312955879083573,-0.4354558671778578,0.334391754083783
0.9760772054603286,-0.9760773217351308,0.9760779898004368,0.976076626171284,-0.9940014520604323,-0.9464450175211676,1.0000000000822493,0.9940019943026026,0.9054578635039093,-0.7763669405664569,0.20549045340689315,-0.8536080649913758,0.3343911258529633,-0.09722575630661409,-0.9760760590654205,0.9760757376477421,0.9760757376477417,0.9940020958358381,-0.9940020488447702,-0.9940021132852038,0.9940020958358388,-0.9940020488447704,-0.22931620376665565,0.12148973687110436,-0.012205325464684981
0.9940018632289531,-0.9940019288989544,0.9940022416906159,0.9940014840173087,-1.0000006385520546,-0.9760788996558858,0.9940019943026026,1.0000000010105004,0.946445840830881,-0.7027787125708492,0.09722565569780574,-0.905458656217847,0.4354555523101894,0.012205359471665875,-0.9940011104150549,0.9940008523553415,0.9940008523553395,1.0000016687406568,-1.0000013219441535,-1.0000017055796173,1.0000016687406585,-1.000001321944155,-0.3343921628098889,0.22931676678236432,-0.12148991978402278
0.9760779228942327,-0.9760779872613637,0.9760782764412835,0.9760775695094424,-0.9464454899642314,-0.994001116322857,0.9054578635039093,0.946445840830881,0.9999999997786999,-0.43545355882284903,-0.22931502749439953,-0.994001186552762,0.7027798302982109,0.3343909245098494,-0.9760772192829872,0.9760769738886353,0.976076973888636,0.946445972080348,-0.9464459166751384,-0.9464459918280412,0.9464459720803496,-0.9464459166751388,-0.6207612632886127,0.5312953158992706,-0.4354552335757399
-0.6207577197436425,0.6207578758198166,-0.6207589022705592,-0.6207569935043943,0.7027786361098433,0.5312930764541127,-0.7763669405664569,-0.7027787125708492,-0.43545355882284903,1.0000000006839145,-0.7763667416685229,0.33439008320572766,0.3343886573957923,0.7027783087753136,0.6207562887822091,-0.6207559648707364,-0.6207559648707339,-0.7027787056571858,0.7027786987904983,0.7027787098010796,-0.7027787056571873,0.7027786987904974,-0.4354519773369266,0.5312919235185829,-0.6207585592162423
-0.012206096442886637,0.01220599452905992,-0.012205230455305898,-0.012206553840824056,-0.09722571675212893,0.12148888464249166,0.20549045340689315,0.09722565569780574,-0.22931502749439953,-0.7763667416685229,1.0000000002533653,0.33439019805448417,-0.8536076788646011,-0.9940014207170075,0.012206992938675627,-0.012207144238562576,-0.01220714423856511,0.09722562527698216,-0.0972256307392777,-0.09722562463247404,0.09722562527698286,-0.0972256307392758,0.9054574204993121,-0.946444798383984,0.9760781085769216
-0.946445078091631,0.9464451441751763,-0.946445442247215,-0.9464447287166675,0.9054583929280062,0.9760783003908746,-0.8536080649913758,-0.905458656217847,-0.994001186552762,0.33439008320572766,0.33439019805448417,0.9999999999470917,-0.7763672889179617,-0.43545450250505147,0.9464443820411521,-0.9464441423257515,-0.946444142325753,-0.9054587300169309,0.9054586972392954,0.9054587419890805,-0.9054587300169317,0.9054586972392954,0.7027799583791514,-0.6207610806191347,0.5312947848914585
0.531295687813093,-0.5312956725885416,0.5312954378710542,0.5312957377180786,-0.4354554533277954,-0.620761190047986,0.3343911258529633,0.4354555523101894,0.7027798302982109,0.3343886573957923,-0.8536076788646011,-0.7763672889179617,1.0000000000127436,0.905457900866639,-0.5312957787662744,0.5312957268416603,0.5312957268416626,0.43545555402853425,-0.43545555474081465,-0.4354555535209474,0.43545555402853475,-0.43545555474081643,-0.9940012509991956,0.9760783065649588,-0.9464452897487793
0.12149043503457475,-0.1214903514217196,0.12148969445118248,0.1214908100146055,-0.012205293415946998,-0.2293158378903773,-0.09722575630661409,0.012205359471665875,0.3343909245098494,0.7027783087753136,-0.9940014207170075,-0.43545450250505147,0.905457900866639,0.9999999999643533,-0.12149116870043998,0.12149127791137594,0.12149127791137858,0.012205381820849345,-0.012205378457307486,-0.01220538192813011,0.01220538182084886,-0.012205378457309242,-0.9464448923893661,0.9760779643349307,-0.9940011374502089
-0.99999891169408,0.9999989299480944,-0.9999989139891116,-0.9999984774621168,0.9940003708707309,0.9940004414946237,-0.9760760590654205,-0.9940011104150549,-0.9760772192829872,0.6207562887822091,0.012206992938675627,0.9464443820411521,-0.5312957787662744,-0.12149116870043998,0.9999999989459737,-0.9999980874220102,-0.9999980874220092,-0.9940015059209849,0.9940013488409702,0.9940015601421921,-0.9940015059209864,0.9940013488409709,0.43545665974417735,-0.33439320870610323,0.2293178172877134
0.9999986879613665,-0.9999987026662623,0.9999986627128018,0.9999985090043704,-0.9940000934932676,-0.9940001925782558,0.9760757376477421,0.9940008523553415,0.9760769738886353,-0.6207559648707364,-0.012207144238562576,-0.9464441423257515,0.5312957268416603,0.12149127791137594,-0.9999980874220102,0.9999999986671108,0.9999981365061567,0.9940012610197596,-0.9940010989569525,-0.9940013169157468,0.9940012610197604,-0.9940010989569521,-0.43545664111513777,0.33439322951842404,-0.22931788185296445
0.9999986879613666,-0.9999987026662623,0.9999986627128034,0.9999985090043698,-0.9940000934932669,-0.9940001925782569,0.9760757376477417,0.9940008523553395,0.976076973888636,-0.6207559648707339,-0.01220714423856511,-0.946444142325753,0.5312957268416626,0.12149127791137858,-0.9999980874220092,0.9999981365061567,0.9999999986671108,0.994001261019759,-0.9940010989569515,-0.994001316915746,0.9940012610197603,-0.9940010989569523,-0.43545664111514004,0.3343932295184263,-0.22931788185296675
0.9940021792549012,-0.9940022345041913,0.9940024759453474,0.9940018403665061,-1.000001080919908,-0.9760790855179438,0.9940020958358381,1.0000016687406568,0.946445972080348,-0.7027787056571858,0.09722562527698216,-0.9054587300169309,0.43545555402853425,0.012205381820849345,-0.9940015059209849,0.9940012610197596,0.994001261019759,1.0000000014040928,-1.000001601634021,-1.000001762621994,1.000001962761941,-1.0000018434284346,-0.33439215246877524,0.22931675983105074,-0.12148992678366212
-0.9940020522783651,0.9940021114729074,-0.9940023799363221,-0.9940016981170218,1.0000009969792634,0.9760790086069351,-0.9940020488447702,-1.0000013219441535,-0.9464459166751384,0.7027786987904983,-0.0972256307392777,0.9054586972392954,-0.43545555474081465,-0.012205378457307486,0.9940013488409702,-0.9940010989569525,-0.9940010989569515,-1.000001601634021,1.0000000012372388,1.0000018832591042,-1.0000018434284361,1.000001729522815,0.3343921586624953,-0.2293167656669292,0.12148992827753398
-0.9940022233571761,0.9940022772806159,-0.994002509638965,-0.9940018896027507,1.0000011106817022,0.9760791126506669,-0.9940021132852038,-1.0000017055796173,-0.9464459918280412,0.7027787098010796,-0.09722562463247404,0.9054587419890805,-0.4354555535209474,-0.01220538192813011,0.9940015601421921,-0.9940013169157468,-0.994001316915746,-1.000001762621994,1.0000018832591042,1.000000001464129,-1.0000017626219881,1.000001883259104,0.33439214992167837,-0.22931675721138697,0.12148992543680215
0.9940021792549018,-0.9940022345041926,0.9940024759453492,0.9940018403665082,-1.0000010809199105,-0.9760790855179446,0.9940020958358388,1.0000016687406585,0.9464459720803496,-0.7027787056571873,0.09722562527698286,-0.9054587300169317,0.43545555402853475,0.01220538182084886,-0.9940015059209864,0.9940012610197604,0.9940012610197603,1.000001962761941,-1.0000018434284361,-1.0000017626219881,1.0000000014040928,-1.0000016016340205,-0.3343921524687751,0.22931675983105024,-0.12148992678366198
-0.9940020522783648,0.9940021114729066,-0.9940023799363216,-0.9940016981170222,1.0000009969792625,0.9760790086069371,-0.9940020488447704,-1.000001321944155,-0.9464459166751388,0.7027786987904974,-0.0972256307392758,0.9054586972392954,-0.43545555474081643,-0.012205378457309242,0.9940013488409709,-0.9940010989569521,-0.9940010989569523,-1.0000018434284346,1.000001729522815,1.000001883259104,-1.0000016016340205,1.0000000012372388,0.33439215866249705,-0.22931676566693088,0.12148992827753592
-0.43545644343735845,0.43545641615851655,-0.43545610639434107,-0.43545655667583566,0.33439209628959554,0.5312955879083573,-0.22931620376665565,-0.3343921628098889,-0.6207612632886127,-0.4354519773369266,0.9054574204993121,0.7027799583791514,-0.9940012509991956,-0.9464448923893661,0.43545665974417735,-0.43545664111513777,-0.43545664111514004,-0.33439215246877524,0.3343921586624953,0.33439214992167837,-0.3343921524687751,0.33439215866249705,0.9999999997645095,-0.9940010206298545,0.976078020482234
0.3343928349506408,-0.33439279119646487,0.3343923787000934,0.3343930278015938,-0.22931671089054834,-0.4354558671778578,0.12148973687110436,0.22931676678236432,0.5312953158992706,0.5312919235185829,-0.946444798383984,-0.6207610806191347,0.9760783065649588,0.9760779643349307,-0.33439320870610323,0.33439322951842404,0.3343932295184263,0.22931675983105074,-0.2293167656669292,-0.22931675721138697,0.22931675983105024,-0.22931676566693088,-0.9940010206298545,0.9999999997432676,-0.9940010147243131
-0.22931726444983477,0.22931720107620507,-0.2293166670577157,-0.22931754790871933,0.12148985963267465,0.334391754083783,-0.012205325464684981,-0.12148991978402278,-0.4354552335757399,-0.6207585592162423,0.9760781085769216,0.5312947848914585,-0.9464452897487793,-0.9940011374502089,0.2293178172877134,-0.22931788185296445,-0.22931788185296675,-0.12148992678366212,0.12148992827753398,0.12148992543680215,-0.12148992678366198,0.12148992827753592,0.976078020482234,-0.9940010147243131,0.9999999998159085
