1.0000000003111178,-1.0000001914112118,0.7349473058241891,-0.7349469252447298,0.8568247327408629,-0.8568237657086664,-0.8568253909954513,0.8568246812695274,-0.856823705602143,-0.8568253619678065,-0.8861133757101508,0.886112975425597,0.8861138538286937,-0.8553843421161986,0.8553839162770028,0.8553848089195519,0.9350920696673154,-0.1764573583211267,-0.9863640506847249,0.5311423277222652,0.3038583205204286,-0.7974173111171118,0.5202741487435227,-0.18384136963073403,-0.7891661691429878,0.7585233695637106,-0.5680630536901335,-0.8505143601298042,-0.3431133247071611,-0.6658883014695764,0.7693644766688791,0.8468106288577233,-0.7693650118503219,-0.8468113516678787,0.9350909808216139,0.8433427172068853,-0.9122331432790958,-0.8508848649462062,0.8244694298798816,0.85519838204652,0.8568256141960727
-1.0000001914112118,0.9999999997306694,-0.7349469252447357,0.7349465446654727,-0.856824289462844,0.8568233224311587,0.8568249477170811,-0.856824237991511,0.8568232623246373,0.8568249186894364,0.8861129300012388,-0.8861125297168992,-0.8861134081195406,0.855383899542227,-0.8553834737032541,-0.8553843663453388,-0.9350919151956882,0.17645746587791675,0.986363618612087,-0.5311420523953898,-0.30385816396218296,0.7974168983206857,-0.5202737809465342,0.18384111545567763,0.7891657354704356,-0.7585229774607009,0.5680627603170557,0.8505139201985485,0.3431130135712733,0.6658879574044237,-0.7693640465763162,-0.8468101908641676,0.7693645817573942,0.846810913673946,-0.9350906971015542,-0.8433422807810054,0.9122326967332582,0.8508844246590729,-0.8244689906193144,-0.8551979396510041,-0.8568251709175764
0.7349473058241891,-0.7349469252447357,1.0000000003111178,-1.0000001914112142,0.8568246812695118,-0.8568237056021195,-0.8568253619677902,0.8568247327408544,-0.8568237657086636,-0.8568253909954453,-0.8553843421161803,0.855383916276991,0.855384808919533,-0.8861133757101468,0.8861129754255898,0.8861138538286898,0.5311423277222792,0.30385832052039435,-0.797417311117103,0.935092069667326,-0.17645735832114065,-0.9863640506847385,0.7585233695636777,-0.5680630536900949,-0.8505143601297787,0.5202741487435162,-0.18384136963072742,-0.7891661691429882,-0.6658883014695397,-0.3431133247071525,0.8468106288577062,0.769364476668873,-0.846811351667857,-0.7693650118503195,0.8433427172068753,0.9350909808216116,-0.8508848649461939,-0.9122331432790931,0.8551983820465028,0.824469429879872,0.8568256141960592
-0.7349469252447298,0.7349465446654727,-1.0000001914112142,0.9999999997306694,-0.8568242379914883,0.8568232623246057,0.856824918689414,-0.8568242894628276,0.8568233224311492,0.8568249477170663,0.8553838995422024,-0.8553834737032336,-0.8553843663453133,0.8861129300012284,-0.8861125297168831,-0.8861134081195298,-0.5311420523953997,-0.3038581639621452,0.7974168983206709,-0.9350919151956886,0.17645746587792485,0.986363618612091,-0.7585229774606623,0.5680627603170124,0.8505139201985159,-0.520273780946525,0.1838411154556731,0.7891657354704286,0.6658879574043812,0.34311301357126445,-0.846810190864144,-0.7693640465763028,0.8468109136739181,0.7693645817573851,-0.8433422807809886,-0.9350906971015435,0.8508844246590523,0.912232696733247,-0.8551979396509793,-0.8244689906192991,-0.8568251709175545
0.8568247327408629,-0.856824289462844,0.8568246812695118,-0.8568242379914883,1.000000001715754,-1.0000014393331906,-1.0000033549208516,1.0000024097767053,-1.000001277267341,-1.0000031928549662,-0.9982130912102835,0.998212587584273,0.9982136391236933,-0.9982130852430084,0.9982125816169822,0.9982136331564186,0.6184738070383186,0.3563268420506088,-0.9300018607692123,0.6184737285942115,0.35632693532453663,-0.9300018240772024,0.8861144419563701,-0.6643422003583718,-0.9928538515291708,0.8861144882227681,-0.6643422749715698,-0.9928538634426474,-0.7782976897460385,-0.7782977524267334,0.9885878906022999,0.9885879056418894,-0.988588729757994,-0.9885887447976197,0.9839441796210657,0.9839441618042878,-0.9928538016601017,-0.9928537897467824,0.9982126672412427,0.9982126732086625,1.000003471287736
-0.8568237657086664,0.8568233224311587,-0.8568237056021195,0.8568232623246057,-1.0000014393331906,1.0000000001030678,1.0000020603446902,-1.0000012772673337,1.000000144759215,1.000002060344723,0.998211961113006,-0.9982116195534964,-0.9982125090257805,0.9982119541446439,-0.9982114505192025,-0.9982125020574173,-0.6184731116839755,-0.35632643247776263,0.930000809907874,-0.6184730200795127,-0.356326541400044,0.9300007670601644,-0.8861134354345417,0.6643414431624537,0.9928527263452308,-0.8861134894629688,0.66434153029335,0.9928527402574303,0.7782968042661909,0.7782968774626996,-0.9885867700473934,-0.9885867876101724,0.9885876092021555,0.9885876267649742,-0.9839430664494783,-0.9839430456436516,0.9928526780166707,0.9928526641047114,-0.998211698438779,-0.998211543341456,-1.0000023387771786
-0.8568253909954513,0.8568249477170811,-0.8568253619677902,0.856824918689414,-1.0000033549208516,1.0000020603446902,1.0000000028308538,-1.0000031928549609,1.000002060344723,1.000003975933827,0.9982138714145145,-0.998213367788097,-0.9982144193283642,0.9982138680492203,-0.9982133644227918,-0.9982144159630678,-0.618474271988218,-0.3563271441046215,0.9300025799751037,-0.6184742277490668,-0.35632719670715324,0.9300025592823618,-0.8861151472716886,0.6643427390059296,0.992854631950235,-0.8861151733639665,0.6643427810846034,0.9928546386689252,0.7782983146841546,0.7782983500334021,-0.9885886684544603,-0.9885886769361397,0.9885895076108088,0.988589516092513,-0.9839449457268464,-0.9839449356789339,0.9928545761999352,0.9928545694813243,-0.9982134503909798,-0.9982134537563455,-1.0000044164327266
0.8568246812695274,-0.856824237991511,0.8568247327408544,-0.8568242894628276,1.0000024097767053,-1.0000012772673337,-1.0000031928549609,1.000000001715754,-1.0000014393331953,-1.0000033549208542,-0.9982130852430069,0.998212581616988,0.9982136331564204,-0.9982130912102839,0.9982125875842672,0.9982136391236923,0.6184737285942384,0.35632693532450954,-0.9300018240772104,0.6184738070383025,0.3563268420506191,-0.9300018607692091,0.8861144882227511,-0.6643422749715409,-0.9928538634426382,0.8861144419563781,-0.6643422003583884,-0.9928538515291752,-0.7782977524267087,-0.7782976897460497,0.9885879056418911,0.9885878906022941,-0.9885887447976168,-0.9885887297579925,0.9839441618042974,0.9839441796210582,-0.9928537897467862,-0.9928538016600983,0.9982126732086625,0.9982126672412405,1.0000034712877344
-0.856823705602143,0.8568232623246373,-0.8568237657086636,0.8568233224311492,-1.000001277267341,1.000000144759215,1.000002060344723,-1.0000014393331953,1.0000000001030678,1.000002060344701,0.9982119541446494,-0.9982114505192144,-0.9982125020574263,0.9982119611130132,-0.9982116195534967,-0.9982125090257838,-0.6184730200795473,-0.3563265414000155,0.930000767060182,-0.6184731116839652,-0.3563264324777751,0.9300008099078753,-0.8861134894629558,0.6643415302933212,0.992852740257427,-0.886113435434555,0.6643414431624731,0.9928527263452419,0.7782968774626796,0.7782968042662065,-0.988586787610181,-0.9885867700473947,0.9885876267649772,0.9885876092021616,-0.9839430456436684,-0.9839430664494766,0.9928526641047224,0.9928526780166739,-0.9982115433414636,-0.9982116984387831,-1.0000023387771857
-0.8568253619678065,0.8568249186894364,-0.8568253909954453,0.8568249477170663,-1.0000031928549662,1.000002060344723,1.000003975933827,-1.0000033549208542,1.000002060344701,1.0000000028308538,0.9982138680492244,-0.9982133644228021,-0.9982144159630749,0.9982138714145209,-0.9982133677880973,-0.998214419328368,-0.6184742277490918,-0.3563271967071362,0.9300025592823726,-0.6184742719882023,-0.35632714410463995,0.9300025799751034,-0.8861151733639584,0.6643427810845839,0.9928546386689233,-0.8861151472717033,0.6643427390059542,0.9928546319502473,0.7782983500333891,0.7782983146841757,-0.9885886769361498,-0.9885886684544598,0.9885895160925168,0.9885895076108143,-0.9839449356789484,-0.9839449457268444,0.9928545694813338,0.9928545761999378,-0.9982134537563515,-0.9982134503909842,-1.0000044164327322
-0.8861133757101508,0.8861129300012388,-0.8553843421161803,0.8553838995422024,-0.9982130912102835,0.998211961113006,0.9982138714145145,-0.9982130852430069,0.9982119541446494,0.9982138680492244,1.0000000002140446,-0.9999999635877228,-1.0000010106277493,0.9964377186574991,-0.9964372165910341,-0.9964382652819641,-0.6643405669043112,-0.2998356222937191,0.9503095180701633,-0.6175085029438252,-0.35552119962441214,0.9284039073624769,-0.8568240251145895,0.6184741582596855,0.9839434272606542,-0.8844455373709048,0.6630190424730448,0.9910558526588853,0.73937109562338,0.7767921329134846,-0.9778131504143364,-0.986791898947229,0.9778139667566614,0.9867927370423286,-0.9928525604847075,-0.9822156913307859,0.9982111689677801,0.9910987334433182,-0.9928532202121807,-0.9964157927402149,-0.9982141475675581
0.886112975425597,-0.8861125297168992,0.855383916276991,-0.8553834737032336,0.998212587584273,-0.9982116195534964,-0.998213367788097,0.998212581616988,-0.9982114505192144,-0.9982133644228021,-0.9999999635877228,0.9999999995033239,1.000000349457826,-0.9964372165910415,0.9964367145248285,0.9964377632152308,0.6643403030266312,0.2998353862387773,-0.9503090719635044,0.6175082001200255,0.3555210098782863,-0.9284034430388542,0.8568235507703804,-0.6184737784042172,-0.9839429200056612,0.884445085997073,-0.6630186996616432,-0.9910553513186666,-0.7393706656179105,-0.7767917340278251,0.9778126434108114,0.9867913994105683,-0.9778134597526673,-0.9867922375052367,0.9928520757575704,0.9822151977579024,-0.9982108382371391,-0.9910982347319766,0.9928527138664831,0.9964152893571887,0.9982136439409941
0.8861138538286937,-0.8861134081195406,0.855384808919533,-0.8553843663453133,0.9982136391236933,-0.9982125090257805,-0.9982144193283642,0.9982136331564204,-0.9982125020574263,-0.9982144159630749,-1.0000010106277493,1.000000349457826,1.0000000009943029,-0.9964382652819674,0.9964377632152257,0.9964388119067289,0.6643409189624581,0.29983580184725594,-0.9503100337984669,0.6175088377572516,0.355521399682745,-0.9284044150245898,0.8568245028485595,-0.6184745097159948,-0.9839439692542362,0.8844460252758031,-0.6630194103318797,-0.9910563972714435,-0.7393715115235105,-0.7767925625929506,0.9778136895449565,0.9867924413840278,-0.9778145058877536,-0.986793279479597,0.9928531025951541,0.9822162295244733,-0.9982117149673672,-0.9910992768239307,0.9928537661416498,0.9964163399815139,0.9982146954815624
-0.8553843421161986,0.855383899542227,-0.8861133757101468,0.8861129300012284,-0.9982130852430084,0.9982119541446439,0.9982138680492203,-0.9982130912102839,0.9982119611130132,0.9982138714145209,0.9964377186574991,-0.9964372165910415,-0.9964382652819674,1.0000000002140446,-0.9999999635877176,-1.0000010106277466,-0.6175085029438544,-0.3555211996243831,0.9284039073624871,-0.6643405669043017,-0.2998356222937275,0.9503095180701627,-0.8844455373708889,0.6630190424730139,0.9910558526588784,-0.8568240251145981,0.6184741582597011,0.9839434272606613,0.7767921329134595,0.7393710956233905,-0.9867918989472315,-0.9778131504143337,0.986792737042326,0.977813966756664,-0.9822156913307953,-0.992852560484703,0.9910987334433223,0.9982111689677802,-0.9964157927402152,-0.992853220212182,-0.9982141475675587
0.8553839162770028,-0.8553834737032541,0.8861129754255898,-0.8861125297168831,0.9982125816169822,-0.9982114505192025,-0.9982133644227918,0.9982125875842672,-0.9982116195534967,-0.9982133677880973,-0.9964372165910341,0.9964367145248285,0.9964377632152257,-0.9999999635877176,0.9999999995033239,1.000000349457821,0.6175082001200527,0.3555210098782543,-0.9284034430388585,0.664340303026619,0.2998353862387815,-0.9503090719634997,0.8844450859970502,-0.6630186996616076,-0.9910553513186515,0.8568235507703811,-0.6184737784042261,-0.9839429200056609,-0.7767917340277958,-0.7393706656179152,0.9867913994105639,0.9778126434108004,-0.986792237505228,-0.9778134597526617,0.9822151977579059,0.9928520757575608,-0.9910982347319748,-0.9982108382371371,0.9964152893571817,0.9928527138664758,0.9982136439409887
0.8553848089195519,-0.8553843663453388,0.8861138538286898,-0.8861134081195298,0.9982136331564186,-0.9982125020574173,-0.9982144159630678,0.9982136391236923,-0.9982125090257838,-0.998214419328368,-0.9964382652819641,0.9964377632152308,0.9964388119067289,-1.0000010106277466,1.000000349457821,1.0000000009943029,0.6175088377572842,0.35552139968271007,-0.9284044150245996,0.6643409189624492,0.2998358018472601,-0.9503100337984668,0.8844460252757814,-0.6630194103318431,-0.9910563972714317,0.8568245028485643,-0.6184745097160048,-0.9839439692542409,-0.7767925625929211,-0.7393715115235178,0.9867924413840263,0.9778136895449511,-0.986793279479592,-0.9778145058877521,0.9822162295244824,0.9928531025951491,-0.9910992768239332,-0.9982117149673626,0.9964163399815107,0.9928537661416471,0.9982146954815597
0.9350920696673154,-0.9350919151956882,0.5311423277222792,-0.5311420523953997,0.6184738070383186,-0.6184731116839755,-0.618474271988218,0.6184737285942384,-0.6184730200795473,-0.6184742277490918,-0.6643405669043112,0.6643403030266312,0.6643409189624581,-0.6175085029438544,0.6175082001200527,0.6175088377572842,1.0000000007105825,-0.5138496790241679,-0.8640113423864175,0.38436822538833654,0.21816747029564085,-0.5760500973439673,0.18384087541127073,0.17645784229516073,-0.5202734979796272,0.5469405711383983,-0.40910871734973864,-0.6137701709341652,0.012049841145454331,-0.47986990342831815,0.49302728572456056,0.6110577842007451,-0.4930275245618967,-0.611058308990428,0.7487918559200621,0.6089644664018129,-0.7078316888438732,-0.6143348827707755,0.5703934372049692,0.6172253770672943,0.6184744207714914
-0.1764573583211267,0.17645746587791675,0.30385832052039435,-0.3038581639621452,0.3563268420506088,-0.35632643247776263,-0.3563271441046215,0.35632693532450954,-0.3563265414000155,-0.3563271967071362,-0.2998356222937191,0.2998353862387773,0.29983580184725594,-0.3555211996243831,0.3555210098782543,0.35552139968271007,-0.5138496790241679,1.000000000517212,0.012049871659931615,0.21816747029560565,0.12959730825928897,-0.3303497109809403,0.7487926281599442,-0.9350922675540108,-0.4652875187087283,0.3170496197342226,-0.23882529207649789,-0.35411547605998456,-0.8640106502532433,-0.279094243625363,0.49302734495501976,0.3526834033387878,-0.4930279770885096,-0.35268369546120204,0.183841326290506,0.35010282009361077,-0.24227174402657417,-0.3534439449601559,0.41154282039307405,0.35585739062145416,0.35632727116466695
-0.9863640506847249,0.986363618612087,-0.797417311117103,0.7974168983206709,-0.9300018607692123,0.930000809907874,0.9300025799751037,-0.9300018240772104,0.930000767060182,0.9300025592823726,0.9503095180701633,-0.9503090719635044,-0.9503100337984669,0.9284039073624871,-0.9284034430388585,-0.9284044150245996,-0.8640113423864175,0.012049871659931615,1.000000001024053,-0.576050097343945,-0.33034971098097465,0.8653081779559619,-0.653733911733995,0.34311308464559515,0.8794886924477628,-0.8235731182536092,0.6170107524894507,0.9232215871147851,0.49302708338150786,0.723121627863098,-0.8640112438020163,-0.919219627604567,0.8640117311076074,0.9192204107297639,-0.980669213367748,-0.9152652123044693,0.9672186578109829,0.9234857008782866,-0.9063656500533506,-0.928271202714589,-0.9300028279630096
0.5311423277222652,-0.5311420523953898,0.935092069667326,-0.9350919151956886,0.6184737285942115,-0.6184730200795127,-0.6184742277490668,0.6184738070383025,-0.6184731116839652,-0.6184742719882023,-0.6175085029438252,0.6175082001200255,0.6175088377572516,-0.6643405669043017,0.664340303026619,0.6643409189624492,0.38436822538833654,0.21816747029560565,-0.576050097343945,1.0000000007105825,-0.5138496790241757,-0.8640113423864308,0.5469405711383578,-0.40910871734969706,-0.6137701709341296,0.1838408754112615,0.1764578422951687,-0.5202734979796219,-0.4798699034282764,0.01204984114546456,0.6110577842007144,0.4930272857245537,-0.6110583089903939,-0.4930275245618926,0.608964466401788,0.7487918559200556,-0.6143348827707494,-0.7078316888438655,0.6172253770672649,0.5703934372049545,0.6184744207714664
0.3038583205204286,-0.30385816396218296,-0.17645735832114065,0.17645746587792485,0.35632693532453663,-0.356326541400044,-0.35632719670715324,0.3563268420506191,-0.3563264324777751,-0.35632714410463995,-0.35552119962441214,0.3555210098782863,0.355521399682745,-0.2998356222937275,0.2998353862387815,0.2998358018472601,0.21816747029564085,0.12959730825928897,-0.33034971098097465,-0.5138496790241757,1.000000000517212,0.012049871659947226,0.31704961973424145,-0.2388252920765019,-0.3541154760600097,0.7487926281599449,-0.9350922675540096,-0.46528751870873075,-0.27909424362537605,-0.8640106502532452,0.3526834033388194,0.49302734495501244,-0.3526836954612325,-0.4930279770885029,0.350102820093646,0.18384132629050337,-0.35344394496018633,-0.24227174402657692,0.35585739062148114,0.41154282039308204,0.356327271164689
-0.7974173111171118,0.7974168983206857,-0.9863640506847385,0.986363618612091,-0.9300018240772024,0.9300007670601644,0.9300025592823618,-0.9300018607692091,0.9300008099078753,0.9300025799751034,0.9284039073624769,-0.9284034430388542,-0.9284044150245898,0.9503095180701627,-0.9503090719634997,-0.9503100337984668,-0.5760500973439673,-0.3303497109809403,0.8653081779559619,-0.8640113423864308,0.012049871659947226,1.000000001024053,-0.8235731182535807,0.6170107524894136,0.9232215871147668,-0.653733911733989,0.34311308464558926,0.8794886924477651,0.7231216278630654,0.49302708338150086,-0.9192196276045584,-0.8640112438020119,0.9192204107297506,0.8640117311076049,-0.9152652123044682,-0.980669213367749,0.9234857008782806,0.9672186578109844,-0.9282712027145807,-0.9063656500533455,-0.9300028279630015
0.5202741487435227,-0.5202737809465342,0.7585233695636777,-0.7585229774606623,0.8861144419563701,-0.8861134354345417,-0.8861151472716886,0.8861144882227511,-0.8861134894629558,-0.8861151733639584,-0.8568240251145895,0.8568235507703804,0.8568245028485595,-0.8844455373708889,0.8844450859970502,0.8844460252757814,0.18384087541127073,0.7487926281599442,-0.653733911733995,0.5469405711383578,0.31704961973424145,-0.8235731182535807,0.9999999997661443,-0.9350917801486377,-0.9350910379300583,0.7858437739119121,-0.5897249496903758,-0.8799466161517614,-0.9806693189588322,-0.690535463974276,0.9458244378049699,0.8762101482663361,-0.945825346627791,-0.8762108884346966,0.7891659222969094,0.8716359999894883,-0.8244691281109924,-0.8796134663370914,0.9122334439530388,0.8846120048901743,0.8861154078073893
-0.18384136963073403,0.18384111545567763,-0.5680630536900949,0.5680627603170124,-0.6643422003583718,0.6643414431624537,0.6643427390059296,-0.6643422749715409,0.6643415302933212,0.6643427810845839,0.6184741582596855,-0.6184737784042172,-0.6184745097159948,0.6630190424730139,-0.6630186996616076,-0.6630194103318431,0.17645784229516073,-0.9350922675540108,0.34311308464559515,-0.40910871734969706,-0.2388252920765019,0.6170107524894136,-0.9350917801486377,1.0000000003064946,0.748792278417265,-0.5897249496903576,0.4430317130473274,0.6598617868085023,0.9863633242357014,0.5184679079102249,-0.7693642679026117,-0.6570981313373173,0.7693650918628734,0.657098683310551,-0.5202739323816918,-0.6532724455623401,0.5703939586231781,0.6593245768497936,-0.7078325836961962,-0.6632878175207743,-0.6643429462561333
-0.7891661691429878,0.7891657354704356,-0.8505143601297787,0.8505139201985159,-0.9928538515291708,0.9928527263452308,0.992854631950235,-0.9928538634426382,0.992852740257427,0.9928546386689233,0.9839434272606542,-0.9839429200056612,-0.9839439692542362,0.9910558526588784,-0.9910553513186515,-0.9910563972714317,-0.5202734979796272,-0.4652875187087283,0.8794886924477628,-0.6137701709341296,-0.3541154760600097,0.9232215871147668,-0.9350910379300583,0.748792278417265,0.9999999990901677,-0.8799466161517707,0.6598617868085279,0.9857993028728889,0.8476679592260428,0.7729596890961978,-0.9995004723183706,-0.981575080095565,0.999501348023137,0.9815759123725025,-0.9556107296469006,-0.976846272191412,0.9715140223288038,0.9857134618136887,-0.9982109709016023,-0.9910984022847081,-0.9928549119494468
0.7585233695637106,-0.7585229774607009,0.5202741487435162,-0.520273780946525,0.8861144882227681,-0.8861134894629688,-0.8861151733639665,0.8861144419563781,-0.886113435434555,-0.8861151472717033,-0.8844455373709048,0.884445085997073,0.8844460252758031,-0.8568240251145981,0.8568235507703811,0.8568245028485643,0.5469405711383983,0.3170496197342226,-0.8235731182536092,0.1838408754112615,0.7487926281599449,-0.653733911733989,0.7858437739119121,-0.5897249496903576,-0.8799466161517707,0.9999999997661443,-0.9350917801486526,-0.9350910379300653,-0.690535463974267,-0.9806693189588406,0.8762101482663559,0.9458244378049634,-0.8762108884347133,-0.9458253466277896,0.8716359999895161,0.7891659222969077,-0.8796134663371118,-0.8244691281109957,0.8846120048901902,0.9122334439530428,0.8861154078074034
-0.5680630536901335,0.5680627603170557,-0.18384136963072742,0.1838411154556731,-0.6643422749715698,0.66434153029335,0.6643427810846034,-0.6643422003583884,0.6643414431624731,0.6643427390059542,0.6630190424730448,-0.6630186996616432,-0.6630194103318797,0.6184741582597011,-0.6184737784042261,-0.6184745097160048,-0.40910871734973864,-0.23882529207649789,0.6170107524894507,0.1764578422951687,-0.9350922675540096,0.34311308464558926,-0.5897249496903758,0.4430317130473274,0.6598617868085279,-0.9350917801486526,1.0000000003064946,0.7487922784172774,0.5184679079102343,0.9863633242357135,-0.6570981313373523,-0.769364267902611,0.6570986833105833,0.7693650918628762,-0.6532724455623791,-0.5202739323816947,0.6593245768498268,0.5703939586231872,-0.6632878175208051,-0.7078325836962086,-0.6643429462561589
-0.8505143601298042,0.8505139201985485,-0.7891661691429882,0.7891657354704286,-0.9928538634426474,0.9928527402574303,0.9928546386689252,-0.9928538515291752,0.9928527263452419,0.9928546319502473,0.9910558526588853,-0.9910553513186666,-0.9910563972714435,0.9839434272606613,-0.9839429200056609,-0.9839439692542409,-0.6137701709341652,-0.35411547605998456,0.9232215871147851,-0.5202734979796219,-0.46528751870873075,0.8794886924477651,-0.8799466161517614,0.6598617868085023,0.9857993028728889,-0.9350910379300653,0.7487922784172774,0.9999999990901677,0.7729596890961793,0.8476679592260524,-0.9815750800955747,-0.9995004723183676,0.9815759123725104,0.9995013480231384,-0.9768462721914307,-0.9556107296469032,0.9857134618137022,0.9715140223288059,-0.9910984022847161,-0.9982109709016023,-0.9928549119494527
-0.3431133247071611,0.3431130135712733,-0.6658883014695397,0.6658879574043812,-0.7782976897460385,0.7782968042661909,0.7782983146841546,-0.7782977524267087,0.7782968774626796,0.7782983500333891,0.73937109562338,-0.7393706656179105,-0.7393715115235105,0.7767921329134595,-0.7767917340277958,-0.7767925625929211,0.012049841145454331,-0.8640106502532433,0.49302708338150786,-0.4798699034282764,-0.27909424362537605,0.7231216278630654,-0.9806693189588322,0.9863633242357014,0.8476679592260428,-0.690535463974267,0.5184679079102343,0.7729596890961793,1.0000000000968727,0.6069329605254322,-0.8640107664925561,-0.7696986456684741,0.8640114813969849,0.7696992941493841,-0.6537335462185468,-0.7654622533227016,0.6978000160241069,0.7725083925225572,-0.8144387633414412,-0.7770178252121023,-0.7782985501007471
-0.6658883014695764,0.6658879574044237,-0.3431133247071525,0.34311301357126445,-0.7782977524267334,0.7782968774626996,0.7782983500334021,-0.7782976897460497,0.7782968042662065,0.7782983146841757,0.7767921329134846,-0.7767917340278251,-0.7767925625929506,0.7393710956233905,-0.7393706656179152,-0.7393715115235178,-0.47986990342831815,-0.279094243625363,0.723121627863098,0.01204984114546456,-0.8640106502532452,0.49302708338150086,-0.690535463974276,0.5184679079102249,0.7729596890961978,-0.9806693189588406,0.9863633242357135,0.8476679592260524,0.6069329605254322,1.0000000000968727,-0.7696986456685011,-0.864010766492552,0.7696992941494092,0.8640114813969847,-0.7654622533227352,-0.6537335462185458,0.7725083925225853,0.697800016024113,-0.7770178252121263,-0.81443876334145,-0.7782985501007667
0.7693644766688791,-0.7693640465763162,0.8468106288577062,-0.846810190864144,0.9885878906022999,-0.9885867700473934,-0.9885886684544603,0.9885879056418911,-0.988586787610181,-0.9885886769361498,-0.9778131504143364,0.9778126434108114,0.9778136895449565,-0.9867918989472315,0.9867913994105639,0.9867924413840263,0.49302728572456056,0.49302734495501976,-0.8640112438020163,0.6110577842007144,0.3526834033388194,-0.9192196276045584,0.9458244378049699,-0.7693642679026117,-0.9995004723183706,0.8762101482663559,-0.6570981313373523,-0.9815750800955747,-0.8640107664925561,-0.7696986456685011,1.0000000007646184,0.977372001528253,-1.000002119262141,-0.9773728299944603,0.9458239870077638,0.9726320083143863,-0.963541342325083,-0.9814667600701498,0.995824434307362,0.9868457095672111,0.9885889481992176
0.8468106288577233,-0.8468101908641676,0.769364476668873,-0.7693640465763028,0.9885879056418894,-0.9885867876101724,-0.9885886769361397,0.9885878906022941,-0.9885867700473947,-0.9885886684544598,-0.986791898947229,0.9867913994105683,0.9867924413840278,-0.9778131504143337,0.9778126434108004,0.9778136895449511,0.6110577842007451,0.3526834033387878,-0.919219627604567,0.4930272857245537,0.49302734495501244,-0.8640112438020119,0.8762101482663361,-0.6570981313373173,-0.981575080095565,0.9458244378049634,-0.769364267902611,-0.9995004723183676,-0.7696986456684741,-0.864010766492552,0.977372001528253,1.0000000007646184,-0.9773728299944563,-1.0000021192621305,0.972632008314396,0.9458239870077522,-0.981466760070152,-0.9635413423250758,0.9868457095672083,0.9958244343073528,0.9885889481992144
-0.7693650118503219,0.7693645817573942,-0.846811351667857,0.8468109136739181,-0.988588729757994,0.9885876092021555,0.9885895076108088,-0.9885887447976168,0.9885876267649772,0.9885895160925168,0.9778139667566614,-0.9778134597526673,-0.9778145058877536,0.986792737042326,-0.986792237505228,-0.986793279479592,-0.4930275245618967,-0.4930279770885096,0.8640117311076074,-0.6110583089903939,-0.3526836954612325,0.9192204107297506,-0.945825346627791,0.7693650918628734,0.999501348023137,-0.8762108884347133,0.6570986833105833,0.9815759123725104,0.8640114813969849,0.7696992941494092,-1.000002119262141,-0.9773728299944563,1.0000000020224187,0.9773736584613563,-0.9458247490566615,-0.9726328353110567,0.9635421329342821,0.9814675941072355,-0.9958252932731647,-0.9868465467802622,-0.9885897873558072
-0.8468113516678787,0.846810913673946,-0.7693650118503195,0.7693645817573851,-0.9885887447976197,0.9885876267649742,0.988589516092513,-0.9885887297579925,0.9885876092021616,0.9885895076108143,0.9867927370423286,-0.9867922375052367,-0.986793279479597,0.977813966756664,-0.9778134597526617,-0.9778145058877521,-0.611058308990428,-0.35268369546120204,0.9192204107297639,-0.4930275245618926,-0.4930279770885029,0.8640117311076049,-0.8762108884346966,0.657098683310551,0.9815759123725025,-0.9458253466277896,0.7693650918628762,0.9995013480231384,0.7696992941493841,0.8640114813969847,-0.9773728299944603,-1.0000021192621305,0.9773736584613563,1.0000000020224185,-0.9726328353110708,-0.945824749056656,0.9814675941072438,0.9635421329342804,-0.9868465467802651,-0.9958252932731616,-0.988589787355808
0.9350909808216139,-0.9350906971015542,0.8433427172068753,-0.8433422807809886,0.9839441796210657,-0.9839430664494783,-0.9839449457268464,0.9839441618042974,-0.9839430456436684,-0.9839449356789484,-0.9928525604847075,0.9928520757575704,0.9928531025951541,-0.9822156913307953,0.9822151977579059,0.9822162295244824,0.7487918559200621,0.183841326290506,-0.980669213367748,0.608964466401788,0.350102820093646,-0.9152652123044682,0.7891659222969094,-0.5202739323816918,-0.9556107296469006,0.8716359999895161,-0.6532724455623791,-0.9768462721914307,-0.6537335462185468,-0.7654622533227352,0.9458239870077638,0.972632008314396,-0.9458247490566615,-0.9726328353110708,0.9999999988637666,0.9682397003863418,-0.9982103681714092,-0.9769744712604022,0.9715141973313727,0.9821510382993786,0.9839452143692712
0.8433427172068853,-0.8433422807810054,0.9350909808216116,-0.9350906971015435,0.9839441618042878,-0.9839430456436516,-0.9839449356789339,0.9839441796210582,-0.9839430664494766,-0.9839449457268444,-0.9822156913307859,0.9822151977579024,0.9822162295244733,-0.992852560484703,0.9928520757575608,0.9928531025951491,0.6089644664018129,0.35010282009361077,-0.9152652123044693,0.7487918559200556,0.18384132629050337,-0.980669213367749,0.8716359999894883,-0.6532724455623401,-0.976846272191412,0.7891659222969077,-0.5202739323816947,-0.9556107296469032,-0.7654622533227016,-0.6537335462185458,0.9726320083143863,0.9458239870077522,-0.9726328353110567,-0.945824749056656,0.9682397003863418,0.9999999988637666,-0.9769744712603972,-0.9982103681713983,0.9821510382993682,0.9715141973313629,0.9839452143692609
-0.9122331432790958,0.9122326967332582,-0.8508848649461939,0.8508844246590523,-0.9928538016601017,0.9928526780166707,0.9928545761999352,-0.9928537897467862,0.9928526641047224,0.9928545694813338,0.9982111689677801,-0.9982108382371391,-0.9982117149673672,0.9910987334433223,-0.9910982347319748,-0.9910992768239332,-0.7078316888438732,-0.24227174402657417,0.9672186578109829,-0.6143348827707494,-0.35344394496018633,0.9234857008782806,-0.8244691281109924,0.5703939586231781,0.9715140223288038,-0.8796134663371118,0.6593245768498268,0.9857134618137022,0.6978000160241069,0.7725083925225853,-0.963541342325083,-0.981466760070152,0.9635421329342821,0.9814675941072438,-0.9982103681714092,-0.9769744712603972,0.999999999014115,0.9857991556231684,-0.9839429494186697,-0.9910553660964662,-0.9928548490855718
-0.8508848649462062,0.8508844246590729,-0.9122331432790931,0.912232696733247,-0.9928537897467824,0.9928526641047114,0.9928545694813243,-0.9928538016600983,0.9928526780166739,0.9928545761999378,0.9910987334433182,-0.9910982347319766,-0.9910992768239307,0.9982111689677802,-0.9982108382371371,-0.9982117149673626,-0.6143348827707755,-0.3534439449601559,0.9234857008782866,-0.7078316888438655,-0.24227174402657692,0.9672186578109844,-0.8796134663370914,0.6593245768497936,0.9857134618136887,-0.8244691281109957,0.5703939586231872,0.9715140223288059,0.7725083925225572,0.697800016024113,-0.9814667600701498,-0.9635413423250758,0.9814675941072355,0.9635421329342804,-0.9769744712604022,-0.9982103681713983,0.9857991556231684,0.999999999014115,-0.9910553660964613,-0.9839429494186659,-0.9928548490855688
0.8244694298798816,-0.8244689906193144,0.8551983820465028,-0.8551979396509793,0.9982126672412427,-0.998211698438779,-0.9982134503909798,0.9982126732086625,-0.9982115433414636,-0.9982134537563515,-0.9928532202121807,0.9928527138664831,0.9928537661416498,-0.9964157927402152,0.9964152893571817,0.9964163399815107,0.5703934372049692,0.41154282039307405,-0.9063656500533506,0.6172253770672649,0.35585739062148114,-0.9282712027145807,0.9122334439530388,-0.7078325836961962,-0.9982109709016023,0.8846120048901902,-0.6632878175208051,-0.9910984022847161,-0.8144387633414412,-0.7770178252121263,0.995824434307362,0.9868457095672083,-0.9958252932731647,-0.9868465467802651,0.9715141973313727,0.9821510382993682,-0.9839429494186697,-0.9910553660964613,0.9999999996178682,0.9964369002089183,0.9982137301070404
0.85519838204652,-0.8551979396510041,0.824469429879872,-0.8244689906192991,0.9982126732086625,-0.998211543341456,-0.9982134537563455,0.9982126672412405,-0.9982116984387831,-0.9982134503909842,-0.9964157927402149,0.9964152893571887,0.9964163399815139,-0.992853220212182,0.9928527138664758,0.9928537661416471,0.6172253770672943,0.35585739062145416,-0.928271202714589,0.5703934372049545,0.41154282039308204,-0.9063656500533455,0.8846120048901743,-0.6632878175207743,-0.9910984022847081,0.9122334439530428,-0.7078325836962086,-0.9982109709016023,-0.7770178252121023,-0.81443876334145,0.9868457095672111,0.9958244343073528,-0.9868465467802622,-0.9958252932731616,0.9821510382993786,0.9715141973313629,-0.9910553660964662,-0.9839429494186659,0.9964369002089183,0.9999999996178682,0.99821373010704
0.8568256141960727,-0.8568251709175764,0.8568256141960592,-0.8568251709175545,1.000003471287736,-1.0000023387771786,-1.0000044164327266,1.0000034712877344,-1.0000023387771857,-1.0000044164327322,-0.9982141475675581,0.9982136439409941,0.9982146954815624,-0.9982141475675587,0.9982136439409887,0.9982146954815597,0.6184744207714914,0.35632727116466695,-0.9300028279630096,0.6184744207714664,0.356327271164689,-0.9300028279630015,0.8861154078073893,-0.6643429462561333,-0.9928549119494468,0.8861154078074034,-0.6643429462561589,-0.9928549119494527,-0.7782985501007471,-0.7782985501007667,0.9885889481992176,0.9885889481992144,-0.9885897873558072,-0.988589787355808,0.9839452143692712,0.9839452143692609,-0.9928548490855718,-0.9928548490855688,0.9982137301070404,0.99821373010704,1.0000000032273408
