0.9999999930871291,-0.9998131886791262,-0.999813641204001,0.9992833554993069,0.9998139705642091,0.9992838126906461,-0.9992838520173467,-0.9984000095708429,-0.9992840987539917,0.9886899228266119,-0.9886900534360449,0.9655128787861497,-0.17143018881497127,0.17143380151688128,-0.1714670848395524,-0.1714075688430794,-0.9604443988884208,-0.5842319650356008,0.5688463200170427,0.985695704856771,-0.059527359872586234,-0.4725827913382977,0.3702990802365385,-0.28147786895204513,-0.35277675429453104,0.1713858075213395,-0.1713802829698363,-0.17138028296983598,-0.17138028296983568,0.17150268514967687,-0.1715394840608842,0.17157653020631755,0.9992843439373769,0.2994713854515832,-0.31735668030789543,0.3351272295390124
-0.9998131886791262,0.9999999927324704,0.9992837023797729,-0.9998127774300855,-0.9992838252623428,-0.9984005890121823,0.9984006353760565,0.9971639953715147,0.9984008882116798,-0.9913326429496022,0.9913327460923844,-0.9702349463738167,0.15288245809676962,-0.15288607776736937,0.15291950031701565,0.15285972328504813,0.9550410158128612,0.5993826755586656,-0.5532874601224712,-0.9823547705604571,0.040754660562770516,0.45593493018630166,-0.35277414741673896,0.2633924759127309,0.33512721420283004,-0.1528378502626994,0.15283230047113766,0.15283230047113722,0.1528323004711369,-0.1529552390123354,0.15299217533965476,-0.1530293599838549,-0.9984011398723526,-0.28148548954896974,0.29947662058586383,-0.3173593018355262
-0.999813641204001,0.9992837023797729,0.9999999933888271,-0.9984006068990755,-0.9999906257196621,-0.9998137415597441,0.9998139852538453,0.9992832606727937,0.9998142258041871,-0.9856977828189063,0.9856979408494557,-0.9604495339451389,0.18991776393953982,-0.1899213683960229,0.18995450072772016,0.18989526680293714,0.9655085251786285,0.5688744689805272,-0.5842045270125054,-0.9886884129109316,0.0782794502771054,0.4890640396142721,-0.38769356267059124,0.299464209858521,0.37030203845203324,-0.18987362487379433,0.18986812751504517,0.1898681275150447,0.18986812751504475,-0.1899899500699361,0.1900265985587946,-0.19006349311182708,-0.9998144644235027,-0.3173518688407069,0.335125005232929,-0.3527771405654014
0.9992833554993069,-0.9998127774300855,-0.9984006068990755,0.9999999924846465,0.9984007346790743,0.9971647434995515,-0.9971647968839937,-0.9955755961685562,-0.9971650557290892,0.9936251231584337,-0.9936249873803817,0.9746141585044933,-0.13428132970225407,0.1342849550627767,-0.1343185050295468,-0.13425848808464316,-0.949300473073738,-0.6143211824701782,0.537533676174978,0.9786669619332526,-0.021968176160955255,-0.4391265667923811,0.33512517884338755,-0.24521463632349147,-0.31735987557702205,0.134236511091144,-0.1342309380206,-0.13423093802059968,-0.13423093802059977,0.13435436948212282,-0.13439143017460642,0.13442874017886675,0.9971653137779412,0.2634007531305353,-0.2814913621626078,0.2994798553469509
0.9998139705642091,-0.9992838252623428,-0.9999906257196621,0.9984007346790743,0.999999993549846,0.9998140609142753,-0.9998140931898488,-0.9992833635471796,-0.9998143337403039,0.9856979390023263,-0.9856980970324968,0.9604497165426514,-0.1899175240742473,0.18992112853126195,-0.18995426086889788,-0.18989502693333038,-0.9655085649497421,-0.5688747521358416,0.5842043769867808,0.988688484690914,-0.07827919377579336,-0.48906386270032187,0.38769336112005487,-0.29946398973959953,-0.37030183304115744,0.1898733850000219,-0.18986788764025858,-0.18986788764025792,-0.18986788764025805,0.1899897102173233,-0.19002635871252713,0.19006325327195314,0.9998145723597376,0.31735165228615786,-0.3351247923187601,0.3527769313662312
0.9992838126906461,-0.9984005890121823,-0.9998137415597441,0.9971647434995515,0.9998140609142753,0.9999999932465009,-0.9999903382825682,-0.9998129307188045,-0.9999905725613346,0.9823569519296688,-0.9823571373263492,0.9550463600915112,-0.20833877430774222,0.20834236924379587,-0.208375338862398,-0.2083164079664446,-0.9702313620136118,-0.5533152910429502,0.5993566274756815,0.9913315666752028,-0.09700446559822035,-0.5053728644079607,0.404951501110129,-0.31734522844630064,-0.3876969334035972,0.20829489308737345,-0.20828942486638405,-0.20828942486638358,-0.20828942486638363,0.20841062469514715,-0.20844710979600706,0.20848383970390846,0.9999910159506155,0.33512070047324566,-0.3527753892600925,0.37030286414184205
-0.9992838520173467,0.9984006353760565,0.9998139852538453,-0.9971647968839937,-0.9998140931898488,-0.9999903382825682,0.9999999932824413,0.9998131602776532,0.9999908091928411,-0.9823570469943171,0.9823572323904551,-0.9550464956243447,0.20833841181943455,-0.20834200675578926,0.2083749763785531,0.20831604547493898,0.9702312954314688,0.553315618179492,-0.5993563416153362,-0.9913315422996553,0.0970040938285215,0.5053725527079868,-0.40495116753833904,0.3173448798927586,0.38769659659625794,-0.20829453059276049,0.20828906237104444,0.208289062371044,0.2082890623710438,-0.20841026221555853,0.20844674732072002,-0.2084834772329651,-0.9999910411636272,-0.33512035467472473,0.35277504633836215,-0.3703025242175291
-0.9984000095708429,0.9971639953715147,0.9992832606727937,-0.9955755961685562,-0.9992833635471796,-0.9998129307188045,0.9998131602776532,0.999999992275605,0.999813388201388,-0.9786681128758179,0.9786683255753207,-0.9493046716518952,0.22668758925002516,-0.22669117339230213,0.22672396861399585,0.22666536163178438,0.9746111616050889,0.5375589451672445,-0.6142978479333546,-0.9936238278260194,0.11569672032163668,0.521504174197538,-0.4220675508009902,0.3351154209108803,0.4049560587708068,-0.22664398142887465,0.2266385442836241,0.22663854428362346,0.2266385442836235,-0.22675907843346196,0.22679538721793643,-0.22683193946549912,-0.9998136134406939,-0.3527724045179687,0.3703023864616494,-0.387698986162011
-0.9992840987539917,0.9984008882116798,0.9998142258041871,-0.9971650557290892,-0.9998143337403039,-0.9999905725613346,0.9999908091928411,0.999813388201388,0.9999999936163969,-0.9823573399349036,0.9823575253305835,-0.955046818930153,0.20833813214158992,-0.20834172707896306,0.20837469671245493,0.2083157657894408,0.9702314414120325,0.5533160275665264,-0.599356213187734,-0.9913317304497739,0.09700378228391517,0.5053723812970143,-0.40495095532503905,0.31734463574543914,0.38769637783896643,-0.2082942508998826,0.20828878267634732,0.20828878267634665,0.2082887826763466,-0.20840998256075008,0.2084464676774835,-0.20848319760137954,-0.999991064024232,-0.3351201167524786,0.3527748147243778,-0.370302298992619
0.9886899228266119,-0.9913326429496022,-0.9856977828189063,0.9936251231584337,0.9856979390023263,0.9823569519296688,-0.9823570469943171,-0.9786681128758179,-0.9823573399349036,0.9999999928375456,-0.9999896495332169,0.993626516183285,-0.0218023707266668,0.021806003281254614,-0.02184006788894697,-0.02177905852031187,-0.9078498870439576,-0.6992927668998876,0.43912678248251646,0.9493010877156182,0.0907880870969514,-0.3351296326708148,0.22686213919764206,-0.13444922778492058,-0.20851926219478706,0.021756621510119964,-0.02175095028510892,-0.02175095028510848,-0.021750950285108327,0.021876419856326292,-0.021913950842035772,0.021951735251995806,0.9823576343548688,0.1530583627962898,-0.17161090518965308,0.19010005090184431
-0.9886900534360449,0.9913327460923844,0.9856979408494557,-0.9936249873803817,-0.9856980970324968,-0.9823571373263492,0.9823572323904551,0.9786683255753207,0.9823575253305835,-0.9999896495332169,0.9999999927096115,-0.9936260507742896,0.02180383161988654,-0.021807464174342973,0.02184152877502748,0.021780519419860058,0.9078504190445753,0.6992916582134517,-0.4391280576338056,-0.9493014624485044,-0.0907866218055456,0.33513098116971274,-0.2268635438770774,0.13445066562269045,0.2085206745063386,-0.021758082415861697,0.02175241119217944,0.02175241119217898,0.021752411192178762,-0.021877880735740398,0.02191541171500964,-0.021953196118475703,-0.982357819750061,-0.15305979500755307,0.1716123312693428,-0.19010147034749975
0.9655128787861497,-0.9702349463738167,-0.9604495339451389,0.9746141585044933,0.9604497165426514,0.9550463600915112,-0.9550464956243447,-0.9493046716518952,-0.955046818930153,0.993626516183285,-0.9936260507742896,0.9999999935799243,0.09094863172496148,-0.09094503821211167,0.09091089256603962,0.0909721177770913,-0.8548459143257452,-0.7753593610140626,0.33513542341668046,0.9078538574865888,0.20238331989914693,-0.22687218862732839,0.11571683410810546,-0.021977914276898734,-0.09702988102507297,-0.09099472920110377,0.09100042639189213,0.09100042639189254,0.09100042639189294,-0.09087451579870807,0.09083699224032138,-0.0907992143709539,0.9550471459720203,0.04077318838316009,-0.059551503455284656,0.07830594605191771
-0.17143018881497127,0.15288245809676962,0.18991776393953982,-0.13428132970225407,-0.1899175240742473,-0.20833877430774222,0.20833841181943455,0.22668758925002516,0.20833813214158992,-0.0218023707266668,0.02180383161988654,0.09094863172496148,1.0000000076295508,-1.0000107137910446,1.0000090245927997,1.000013056131979,0.4389726611157885,-0.6994123851964759,-0.9077884976592825,-0.334960535188157,0.9936567536136263,0.9492603853010964,-0.9786473851456103,0.9936217107288826,0.9823374867725676,-1.0000153823019255,1.0000158094431193,1.000015809443119,1.0000158094431197,-1.0000075438170377,1.0000063081978832,-1.0000050559178482,-0.20833783238230952,-0.9913242086188584,0.9886768853072226,-0.9856809475837214
0.17143380151688128,-0.15288607776736937,-0.1899213683960229,0.1342849550627767,0.18992112853126195,0.20834236924379587,-0.20834200675578926,-0.22669117339230213,-0.20834172707896306,0.021806003281254614,-0.021807464174342973,-0.09094503821211167,-1.0000107137910446,1.0000000079439526,-1.0000090338662389,-1.0000130651832493,-0.4389760182443745,0.6994099460203834,0.9077902198548661,0.33496402805471176,-0.9936565646227303,-0.9492617359036389,0.978648346946757,-0.9936223392343474,-0.9823383825201829,1.0000156026899827,-1.0000160298104595,-1.0000160298104595,-1.00001602981046,1.0000077646412042,-1.0000065291582583,1.0000052770151873,0.20834142732069902,0.991324904341625,-0.9886776479922988,0.9856817769516043
-0.1714670848395524,0.15291950031701565,0.18995450072772016,-0.1343185050295468,-0.18995426086889788,-0.208375338862398,0.2083749763785531,0.22672396861399585,0.20837469671245493,-0.02184006788894697,0.02184152877502748,0.09091089256603962,1.0000090245927997,-1.0000090338662389,1.0000000052357005,1.000011375187542,0.43900583556667694,-0.6993842346995873,-0.9078028033171178,-0.3349955348643665,0.9936508389256937,0.9492706610359225,-0.9786534999930191,0.9936242993109324,0.9823428998998577,-1.0000137005074492,1.0000141274342158,1.0000141274342151,1.0000141274342162,-1.0000056551367467,1.0000046323554226,-1.0000033815047977,-0.20837439696503857,-0.9913275054850926,0.9886808891972672,-0.9856856569772967
-0.1714075688430794,0.15285972328504813,0.18989526680293714,-0.13425848808464316,-0.18989502693333038,-0.2083164079664446,0.20831604547493898,0.22666536163178438,0.2083157657894408,-0.02177905852031187,0.021780519419860058,0.0909721177770913,1.000013056131979,-1.0000130651832493,1.000011375187542,1.0000000109818827,0.43895269622363114,-0.6994307321119354,-0.9077808304046736,-0.33493930379577436,0.9936617186985255,0.9492552676181397,-0.9786448822767324,0.9936214108376712,0.9823354232245685,-1.000017523431017,1.0000181621231452,1.0000181621231439,1.0000181621231459,-1.0000098935607595,1.000008657062194,-1.0000074038955515,-0.20831546602238626,-0.9913234671709514,0.9886757026236758,-0.9856793241481708
-0.9604443988884208,0.9550410158128612,0.9655085251786285,-0.949300473073738,-0.9655085649497421,-0.9702313620136118,0.9702312954314688,0.9746111616050889,0.9702314414120325,-0.9078498870439576,0.9078504190445753,-0.8548459143257452,0.4389726611157885,-0.4389760182443745,0.43900583556667694,0.43895269622363114,0.9999999947029807,0.3351498988431761,-0.7753527966573421,-0.9936252103828112,0.3351211814839978,0.6992813834282385,-0.614303846201524,0.5375307672737389,0.5993663498705462,-0.4389335072703746,0.4389285895845748,0.438928589584574,0.43892858958457415,-0.4390378846455815,0.4390710961394187,-0.4391045284027791,-0.9702315803004976,-0.5532915739090012,0.5688548139464552,-0.5842148785649542
-0.5842319650356008,0.5993826755586656,0.5688744689805272,-0.6143211824701782,-0.5688747521358416,-0.5533152910429502,0.553315618179492,0.5375589451672445,0.5533160275665264,-0.6992927668998876,0.6992916582134517,-0.7753593610140626,-0.6994123851964759,0.6994099460203834,-0.6993842346995873,-0.6994307321119354,0.3351498988431761,0.9999999927863662,0.3351339359350354,-0.4391506167860342,-0.7753587738513963,-0.43913232332913865,0.5375429441392283,-0.614314375057047,-0.553294444474761,0.6994484352647135,-0.699452794960825,-0.6994527949608242,-0.6994527949608255,0.6993571883549894,-0.6993294744293238,0.6993015674217785,-0.5533164523691969,0.599368226057908,-0.5842124154594057,0.5688526702515438
0.5688463200170427,-0.5532874601224712,-0.5842045270125054,0.537533676174978,0.5842043769867808,0.5993566274756815,-0.5993563416153362,-0.6142978479333546,-0.599356213187734,0.43912678248251646,-0.4391280576338056,0.33513542341668046,-0.9077884976592825,0.9077902198548661,-0.9078028033171178,-0.9077808304046736,-0.7753527966573421,0.3351339359350354,0.9999999988700736,0.6992747720735139,-0.8548423694940732,-0.9936353378909318,0.9746212434077615,-0.9493068586934879,-0.9702417399674691,0.9077735075859172,-0.9077715121315093,-0.9077715121315093,-0.9077715121315098,0.9078167236988768,-0.9078313590312105,0.9078460857137525,0.5993560673349689,0.9550495020724722,-0.9604540421542966,0.9655187088310541
0.985695704856771,-0.9823547705604571,-0.9886884129109316,0.9786669619332526,0.988688484690914,0.9913315666752028,-0.9913315422996553,-0.9936238278260194,-0.9913317304497739,0.9493010877156182,-0.9493014624485044,0.9078538574865888,-0.334960535188157,0.33496402805471176,-0.3349955348643665,-0.33493930379577436,-0.9936252103828112,-0.4391506167860342,0.6992747720735139,0.9999999921253344,-0.2268512758063289,-0.6143012180155933,0.5215034519462997,-0.4391164466437614,-0.5053763058153511,0.33491888927976904,-0.33491367869928174,-0.3349136786992809,-0.33491367869928096,0.33502932941162217,-0.33506431221152844,0.33509952861464865,0.9913319136803493,0.4559323755279038,-0.4725849813031654,0.4890682308675944
-0.059527359872586234,0.040754660562770516,0.0782794502771054,-0.021968176160955255,-0.07827919377579336,-0.09700446559822035,0.0970040938285215,0.11569672032163668,0.09700378228391517,0.0907880870969514,-0.0907866218055456,0.20238331989914693,0.9936567536136263,-0.9936565646227303,0.9936508389256937,0.9936617186985255,0.3351211814839978,-0.7753587738513963,-0.8548423694940732,-0.2268512758063289,0.9999999962595028,0.9078530459401215,-0.9493062078971527,0.9746191753087788,0.9550456080132461,-0.9936665601086937,0.993667623634635,0.9936676236346347,0.9936676236346357,-0.9936452740899933,0.993639820808428,-0.9936341110013502,-0.0970034505697781,-0.9702369864090786,0.9655127080005494,-0.960448307666856
-0.4725827913382977,0.45593493018630166,0.4890640396142721,-0.4391265667923811,-0.48906386270032187,-0.5053728644079607,0.5053725527079868,0.521504174197538,0.5053723812970143,-0.3351296326708148,0.33513098116971274,-0.22687218862732839,0.9492603853010964,-0.9492617359036389,0.9492706610359225,0.9492552676181397,0.6992813834282385,-0.43913232332913865,-0.9936353378909318,-0.6143012180155933,0.9078530459401215,1.0000000015787547,-0.9936365809200424,0.9786766231907218,0.9913438929156037,-0.9492504014093044,0.9492490198550071,0.9492490198550066,0.9492490198550066,-0.9492807013967866,0.9492913436962048,-0.9493020500198404,-0.5053721914268728,-0.982365657805137,0.9857072206009442,-0.9887003083807304
0.3702990802365385,-0.35277414741673896,-0.38769356267059124,0.33512517884338755,0.38769336112005487,0.404951501110129,-0.40495116753833904,-0.4220675508009902,-0.40495095532503905,0.22686213919764206,-0.2268635438770774,0.11571683410810546,-0.9786473851456103,0.978648346946757,-0.9786534999930191,-0.9786448822767324,-0.614303846201524,0.5375429441392283,0.9746212434077615,0.5215034519462997,-0.9493062078971527,-0.9936365809200424,1.0000000012191828,-0.9955863593213224,-0.9998244654440911,0.9786425347154168,-0.9786417846714764,-0.9786417846714748,-0.9786417846714767,0.9786595323702891,-0.9786660460063193,0.9786725955244732,0.40495072385355996,0.9971749600002855,-0.9984109327198412,0.999294265409633
-0.28147786895204513,0.2633924759127309,0.299464209858521,-0.24521463632349147,-0.29946398973959953,-0.31734522844630064,0.3173448798927586,0.3351154209108803,0.31734463574543914,-0.13444922778492058,0.13445066562269045,-0.021977914276898734,0.9936217107288826,-0.9936223392343474,0.9936242993109324,0.9936214108376712,0.5375307672737389,-0.614314375057047,-0.9493068586934879,-0.4391164466437614,0.9746191753087788,0.9786766231907218,-0.9955863593213224,1.0000000003056764,0.9971741911300903,-0.9936211846193015,0.9936209680368088,0.993620968036809,0.9936209680368095,-0.9936269336232315,0.9936299439666805,-0.9936327549766004,-0.3173443718613552,-0.9998229181250895,0.9992927186519295,-0.9984096245331825
-0.35277675429453104,0.33512721420283004,0.37030203845203324,-0.31735987557702205,-0.37030183304115744,-0.3876969334035972,0.38769659659625794,0.4049560587708068,0.38769637783896643,-0.20851926219478706,0.2085206745063386,-0.09702988102507297,0.9823374867725676,-0.9823383825201829,0.9823428998998577,0.9823354232245685,0.5993663498705462,-0.553294444474761,-0.9702417399674691,-0.5053763058153511,0.9550456080132461,0.9913438929156037,-0.9998244654440911,0.9971741911300903,1.0000000006013658,-0.9823334987484446,0.9823328549863135,0.9823328549863128,0.9823328549863135,-0.9823482561675955,0.982354072965669,-0.9823599209068251,-0.3876961397140641,-0.9984101704724264,0.9992933449628261,-0.9998234100461092
0.1713858075213395,-0.1528378502626994,-0.18987362487379433,0.134236511091144,0.1898733850000219,0.20829489308737345,-0.20829453059276049,-0.22664398142887465,-0.2082942508998826,0.021756621510119964,-0.021758082415861697,-0.09099472920110377,-1.0000153823019255,1.0000156026899827,-1.0000137005074492,-1.000017523431017,-0.4389335072703746,0.6994484352647135,0.9077735075859172,0.33491888927976904,-0.9936665601086937,-0.9492504014093044,0.9786425347154168,-0.9936211846193015,-0.9823334987484446,1.0000000142988619,-1.0000202780340524,-1.0000202780340515,-1.0000202780340546,1.0000122180611064,-1.0000109807158606,1.0000097266957553,0.20829395112533503,0.9913228158024718,-0.9886746263922374,0.9856778234974679
-0.1713802829698363,0.15283230047113766,0.18986812751504517,-0.1342309380206,-0.18986788764025858,-0.20828942486638405,0.20828906237104444,0.2266385442836241,0.20828878267634732,-0.02175095028510892,0.02175241119217944,0.09100042639189213,1.0000158094431193,-1.0000160298104595,1.0000141274342158,1.0000181621231452,0.4389285895845748,-0.699452794960825,-0.9077715121315093,-0.33491367869928174,0.993667623634635,0.9492490198550071,-0.9786417846714764,0.9936209680368088,0.9823328549863135,-1.0000202780340524,1.0000000149081296,1.0000209168858685,1.0000209168858687,-1.0000126447811086,1.0000114072221964,-1.000010152986707,-0.20828848289995427,-0.9913224921931243,0.9886741958846978,-0.9856772862597488
-0.17138028296983598,0.15283230047113722,0.1898681275150447,-0.13423093802059968,-0.18986788764025792,-0.20828942486638358,0.208289062371044,0.22663854428362346,0.20828878267634665,-0.02175095028510848,0.02175241119217898,0.09100042639189254,1.000015809443119,-1.0000160298104595,1.0000141274342151,1.0000181621231439,0.438928589584574,-0.6994527949608242,-0.9077715121315093,-0.3349136786992809,0.9936676236346347,0.9492490198550066,-0.9786417846714748,0.993620968036809,0.9823328549863128,-1.0000202780340515,1.0000209168858685,1.0000000149081296,1.0000209168858687,-1.0000126447811093,1.0000114072221964,-1.0000101529867063,-0.20828848289995383,-0.9913224921931236,0.9886741958846972,-0.9856772862597483
-0.17138028296983568,0.1528323004711369,0.18986812751504475,-0.13423093802059977,-0.18986788764025805,-0.20828942486638363,0.2082890623710438,0.2266385442836235,0.2082887826763466,-0.021750950285108327,0.021752411192178762,0.09100042639189294,1.0000158094431197,-1.00001602981046,1.0000141274342162,1.0000181621231459,0.43892858958457415,-0.6994527949608255,-0.9077715121315098,-0.33491367869928096,0.9936676236346357,0.9492490198550066,-0.9786417846714767,0.9936209680368095,0.9823328549863135,-1.0000202780340546,1.0000209168858687,1.0000209168858687,1.0000000149081296,-1.0000126447811093,1.0000114072221975,-1.0000101529867078,-0.2082884828999539,-0.9913224921931248,0.9886741958846983,-0.985677286259748
0.17150268514967687,-0.1529552390123354,-0.1899899500699361,0.13435436948212282,0.1899897102173233,0.20841062469514715,-0.20841026221555853,-0.22675907843346196,-0.20840998256075008,0.021876419856326292,-0.021877880735740398,-0.09087451579870807,-1.0000075438170377,1.0000077646412042,-1.0000056551367467,-1.0000098935607595,-0.4390378846455815,0.6993571883549894,0.9078167236988768,0.33502932941162217,-0.9936452740899933,-0.9492807013967866,0.9786595323702891,-0.9936269336232315,-0.9823482561675955,1.0000122180611064,-1.0000126447811086,-1.0000126447811093,-1.0000126447811093,1.0000000031278131,-1.000002944229228,1.000001906175376,0.20840968282473377,0.9913308224302475,-0.9886848875112462,0.985690335145624
-0.1715394840608842,0.15299217533965476,0.1900265985587946,-0.13439143017460642,-0.19002635871252713,-0.20844710979600706,0.20844674732072002,0.22679538721793643,0.2084464676774835,-0.021913950842035772,0.02191541171500964,0.09083699224032138,1.0000063081978832,-1.0000065291582583,1.0000046323554226,1.000008657062194,0.4390710961394187,-0.6993294744293238,-0.9078313590312105,-0.33506431221152844,0.993639820808428,0.9492913436962048,-0.9786660460063193,0.9936299439666805,0.982354072965669,-1.0000109807158606,1.0000114072221964,1.0000114072221964,1.0000114072221975,-1.000002944229228,1.0000000013714634,-1.000000464759869,-0.2084461679531397,-0.9913345367541889,0.9886893044081818,-0.9856954529499053
0.17157653020631755,-0.1530293599838549,-0.19006349311182708,0.13442874017886675,0.19006325327195314,0.20848383970390846,-0.2084834772329651,-0.22683193946549912,-0.20848319760137954,0.021951735251995806,-0.021953196118475703,-0.0907992143709539,-1.0000050559178482,1.0000052770151873,-1.0000033815047977,-1.0000074038955515,-0.4391045284027791,0.6993015674217785,0.9078460857137525,0.33509952861464865,-0.9936341110013502,-0.9493020500198404,0.9786725955244732,-0.9936327549766004,-0.9823599209068251,1.0000097266957553,-1.000010152986707,-1.0000101529867063,-1.0000101529867078,1.000001906175376,-1.000000464759869,0.9999999995934331,0.20848289788878258,0.991338267939605,-0.9886937429362007,0.9857005971463657
0.9992843439373769,-0.9984011398723526,-0.9998144644235027,0.9971653137779412,0.9998145723597376,0.9999910159506155,-0.9999910411636272,-0.9998136134406939,-0.999991064024232,0.9823576343548688,-0.982357819750061,0.9550471459720203,-0.20833783238230952,0.20834142732069902,-0.20837439696503857,-0.20831546602238626,-0.9702315803004976,-0.5533164523691969,0.5993560673349689,0.9913319136803493,-0.0970034505697781,-0.5053721914268728,0.40495072385355996,-0.3173443718613552,-0.3876961397140641,0.20829395112533503,-0.20828848289995427,-0.20828848289995383,-0.2082884828999539,0.20840968282473377,-0.2084461679531397,0.20848289788878258,0.9999999939470636,0.3351198591754006,-0.35277456354442377,0.3703020542974914
0.2994713854515832,-0.28148548954896974,-0.3173518688407069,0.2634007531305353,0.31735165228615786,0.33512070047324566,-0.33512035467472473,-0.3527724045179687,-0.3351201167524786,0.1530583627962898,-0.15305979500755307,0.04077318838316009,-0.9913242086188584,0.991324904341625,-0.9913275054850926,-0.9913234671709514,-0.5532915739090012,0.599368226057908,0.9550495020724722,0.4559323755279038,-0.9702369864090786,-0.982365657805137,0.9971749600002855,-0.9998229181250895,-0.9984101704724264,0.9913228158024718,-0.9913224921931243,-0.9913224921931236,-0.9913224921931248,0.9913308224302475,-0.9913345367541889,0.991338267939605,0.3351198591754006,0.9999999996040422,-0.9998223259656658,0.9992927064126336
-0.31735668030789543,0.29947662058586383,0.335125005232929,-0.2814913621626078,-0.3351247923187601,-0.3527753892600925,0.35277504633836215,0.3703023864616494,0.3527748147243778,-0.17161090518965308,0.1716123312693428,-0.059551503455284656,0.9886768853072226,-0.9886776479922988,0.9886808891972672,0.9886757026236758,0.5688548139464552,-0.5842124154594057,-0.9604540421542966,-0.4725849813031654,0.9655127080005494,0.9857072206009442,-0.9984109327198412,0.9992927186519295,0.9992933449628261,-0.9886746263922374,0.9886741958846978,0.9886741958846972,0.9886741958846983,-0.9886848875112462,0.9886893044081818,-0.9886937429362007,-0.35277456354442377,-0.9998223259656658,0.9999999993931324,-0.9998225083405627
0.3351272295390124,-0.3173593018355262,-0.3527771405654014,0.2994798553469509,0.3527769313662312,0.37030286414184205,-0.3703025242175291,-0.387698986162011,-0.370302298992619,0.19010005090184431,-0.19010147034749975,0.07830594605191771,-0.9856809475837214,0.9856817769516043,-0.9856856569772967,-0.9856793241481708,-0.5842148785649542,0.5688526702515438,0.9655187088310541,0.4890682308675944,-0.960448307666856,-0.9887003083807304,0.999294265409633,-0.9984096245331825,-0.9998234100461092,0.9856778234974679,-0.9856772862597488,-0.9856772862597483,-0.985677286259748,0.985690335145624,-0.9856954529499053,0.9857005971463657,0.3703020542974914,0.9992927064126336,-0.9998225083405627,0.9999999997874962
