0.9999999983726336,-0.9999969550001674,0.26070649221553427,-0.26068577668003584,0.047923930396888095,-0.04793841482392476,-0.04791700862288132,-0.020632043659188935,0.02065565731319323,0.02062032412695949,-0.006853633640157998,0.006820718636482798,0.006870236115213563,0.5655077970256573,-0.565494238914028,0.2605781196258908,-0.7939147432656354,0.38031435239190753,-0.21135917592796702,0.2607550508910348,0.07471026849342281,0.5654684807989123,0.9999943227069353,-0.7938496512326572,0.7254976755428261,-0.47553479534747795,-0.6490892130737127,-0.20269062022346288,0.061129480493402694,-0.03417296257659667
-0.9999969550001674,0.9999999981490123,-0.260694915607245,0.2606742044626577,-0.04798651107532032,0.04800099321363507,0.04797959050931604,0.020696549566407915,-0.020720161507537856,-0.02068483093164648,0.00678792172700089,-0.006755007587350069,-0.006804523761801293,-0.5655176344869448,0.5655040730584256,-0.26056652034980815,0.7939073424902677,-0.3803253894913347,0.21138967836750797,-0.26074351427372394,-0.0747702206002584,-0.5654783084525915,-0.9999935701328134,0.7938568329134702,-0.7255058345377428,0.4755452876000685,0.649098257640037,0.20264183928312932,-0.06106354510891316,0.03410677339951157
0.26070649221553427,-0.260694915607245,0.999999997416011,-0.9999936103244069,0.15568782577657525,-0.1557955207512561,-0.1556330145040315,-0.05076874879897716,0.05088451058362829,0.05070994000827832,-0.054531062860650716,0.054422636798030895,0.0545859488469207,-0.6487858389329021,0.6487976031868574,0.9999975763204589,-0.7939719293222982,-0.7937231125361567,-0.7932667609036069,0.9999927847108099,0.2591275358086448,-0.6488208768772505,0.2606720868165878,0.38011467810661664,-0.47527604342042185,0.725294944670925,0.565178049998081,-0.7944348598907028,0.2617131112627655,-0.15896806255706758
-0.26068577668003584,0.2606742044626577,-0.9999936103244069,0.9999999943303901,-0.15575446846708507,0.1558621624567686,0.15569965772979227,0.05083635825211158,-0.050952119558478295,-0.050777549726022816,0.05446323833810419,-0.054354812218464395,-0.05451812435172149,0.6488002431311449,-0.6488120107014589,-0.9999947855876853,0.7939575114416789,0.7937340432049126,0.7933063302496267,-0.9999900548784507,-0.25919246634453846,0.6488352909046543,-0.2606513843418091,-0.38013311858587556,0.47529332692891274,-0.7253076860822629,-0.5651939860963114,0.7943919585537279,-0.26164710086645737,0.1589007731521079
0.047923930396888095,-0.04798651107532032,0.15568782577657525,-0.15575446846708507,1.0000000043139134,-1.0000068999740717,-1.0000053276409522,-0.9944419807939983,0.9944545826577155,0.9944359818174462,0.9778519752832044,-0.9778745887632198,-0.9778405685088427,-0.09412115817697485,0.09417494174117284,0.15534945812799153,-0.1280824998508814,-0.11824096751854499,-0.7249660850812623,0.15629112858035502,0.9944219687255009,-0.0942803041455411,0.0481091407322415,0.051517900907204914,-0.06653591196564787,0.10682793243121749,0.08083862678703081,0.4762410550192089,-0.9126329087216363,0.9505021779181881
-0.04793841482392476,0.04800099321363507,-0.1557955207512561,0.1558621624567686,-1.0000068999740717,1.0000000064132135,1.000007392477552,0.9944319770982879,-0.9944439848583593,-0.9944259716888496,-0.9778306348151767,0.9778532598131183,0.9778192222088006,0.09420176054626202,-0.09425554441692571,-0.15545716035466395,0.12815944978193525,0.11833502306783052,0.7250420832776081,-0.15639881305580763,-0.9944343065665971,0.09436090745889222,-0.04812361841102887,-0.051571869860991,0.066599496525892,-0.10691574942812118,-0.08091112259753465,-0.4761460908449081,0.9125897728447918,-0.9504697641054696
-0.04791700862288132,0.04797959050931604,-0.1556330145040315,0.15569965772979227,-1.0000053276409522,1.000007392477552,1.000000004161793,0.9944477163032227,-0.9944603117260179,-0.9944417206043729,-0.9778634804904291,0.9778860881144931,0.977852076681238,0.09407978019284603,-0.09413356363991383,-0.1552946428829484,0.12804361956256077,0.11819281398699345,0.7249277985906619,-0.1562363230677818,-0.9944160035322476,0.09423892579544836,-0.04810222251913772,-0.051490001846457835,0.06650313998440778,-0.10678291654185354,-0.08080134493843164,-0.4762897786325527,0.9126554851557734,-0.950519311650464
-0.020632043659188935,0.020696549566407915,-0.05076874879897716,0.05083635825211158,-0.9944419807939983,0.9944319770982879,0.9944477163032227,1.000000003469181,-1.0000046490352146,-1.0000044585071526,-0.9944606894634072,0.9944719901266701,0.9944550097550674,0.025990380073033226,-0.02604350258160474,-0.050426521342113485,0.04481635494299209,0.03491750058378277,0.648375985376398,-0.05137909346879176,-0.9777656700395347,0.026147545738740487,-0.02082296720288839,-0.01157074891432049,0.016605797491879275,-0.030677160359940246,-0.02147830268194487,-0.5662147689267883,0.9506151996368728,-0.9779459511088586
0.02065565731319323,-0.020720161507537856,0.05088451058362829,-0.050952119558478295,0.9944545826577155,-0.9944439848583593,-0.9944603117260179,-1.0000046490352146,1.0000000040449535,1.0000054549104613,0.9944488975407066,-0.9944596039424406,-0.994443211511832,-0.026070666773516982,0.026123790284036923,0.05054228602551732,-0.044904132751983614,-0.03501352485554433,-0.6484644740299444,0.051494851168838514,0.9777903669168281,-0.02622783543634489,0.020846575790521075,0.011621046280894987,-0.016666804955500516,0.030765809227512254,0.021549344825910262,0.5661194710754348,-0.950579607075332,0.9779221309918041
0.02062032412695949,-0.02068483093164648,0.05070994000827832,-0.050777549726022816,0.9944359818174462,-0.9944259716888496,-0.9944417206043729,-1.0000044585071526,1.0000054549104613,1.0000000037657737,0.9944670872622235,-0.9944783815868161,-0.9944614107629525,-0.02594937472162215,0.02600249674564255,0.05036771090181979,-0.044771936550572426,-0.03486854420517064,-0.6483312801586796,0.051320287016012156,0.9777535176456286,-0.02610653893684022,0.020811250324419755,0.011544931832492685,-0.01657455237709278,0.030631927777552446,0.02144197546605912,0.566263429448654,-0.9506336749140121,0.9779584548354194
-0.006853633640157998,0.00678792172700089,-0.054531062860650716,0.05446323833810419,0.9778519752832044,-0.9778306348151767,-0.9778634804904291,-0.9944606894634072,0.9944488975407066,0.9944670872622235,1.0000000033201835,-1.000003925899086,-1.000004144278547,0.04230047658547233,-0.04224860363337687,-0.054873343936336506,0.0388099402955572,0.048640614201576934,-0.5647239978290037,-0.05392046236298111,0.950287801291922,0.0421470322788333,-0.006659125620826659,-0.02842343287801693,0.033410418897540414,-0.04567266578336605,-0.03800647886175134,0.6497483809472961,-0.9779820936944997,0.9944893768946383
0.006820718636482798,-0.006755007587350069,0.054422636798030895,-0.054354812218464395,-0.9778745887632198,0.9778532598131183,0.9778860881144931,0.9944719901266701,-0.9944596039424406,-0.9944783815868161,-1.000003925899086,1.0000000031602256,1.00000462711621,-0.04223380078807294,0.04218192620620183,0.05476492035525822,-0.03872092694536818,-0.048557486033476864,0.564813542755513,0.05381203292195361,-0.950321502850212,-0.04208035163881674,0.006626213204283766,0.028386674739626902,-0.03336312644179386,0.045597343770602344,0.03794917516133164,-0.6496657674266452,0.977959318002207,-0.9944772632794773
0.006870236115213563,-0.006804523761801293,0.0545859488469207,-0.05451812435172149,-0.9778405685088427,0.9778192222088006,0.977852076681238,0.9944550097550674,-0.994443211511832,-0.9944614107629525,-1.000004144278547,1.00000462711621,1.000000003465771,-0.042334275113353,0.04228240298345511,0.05492822868860866,-0.03885496209226552,-0.04868273163017223,0.5646786944518887,0.05397535003122091,-0.9502707807618834,-0.0421808332498336,0.006675726777919403,0.028442096945011233,-0.033434412739916056,0.04571083661565465,0.03803553709547189,-0.6497902252371163,0.9779936622878892,-0.9944952420398847
0.5655077970256573,-0.5655176344869448,-0.6487858389329021,0.6488002431311449,-0.09412115817697485,0.09420176054626202,0.09407978019284603,0.025990380073033226,-0.026070666773516982,-0.02594937472162215,0.04230047658547233,-0.04223380078807294,-0.042334275113353,0.9999999984423675,-0.9999965158819293,-0.6488884294954931,0.05249318204952139,0.9778405808559626,0.510395223491114,-0.6487438081152656,-0.1613989933257427,0.9999965866784747,0.5655347266130231,-0.9504608357072843,0.9778790231915645,-0.9944389461075146,-0.994453844708203,0.5195872109893073,-0.1764739182535858,0.10997302185257408
-0.565494238914028,0.5655040730584256,0.6487976031868574,-0.6488120107014589,0.09417494174117284,-0.09425554441692571,-0.09413356363991383,-0.02604350258160474,0.026123790284036923,0.02600249674564255,-0.04224860363337687,0.04218192620620183,0.04228240298345511,-0.9999965158819293,0.9999999974512986,0.6489001743795276,-0.05250912114714476,-0.9778432705532567,-0.5104365792563258,0.6487556049542909,0.16145283884637585,-0.999995293237624,-0.5655211587166982,0.9504552226115077,-0.9778750122777008,0.9944399517834202,0.9944514817813296,-0.5195646165127265,0.1764262378393213,-0.10992296808413134
0.2605781196258908,-0.26056652034980815,0.9999975763204589,-0.9999947855876853,0.15534945812799153,-0.15545716035466395,-0.1552946428829484,-0.050426521342113485,0.05054228602551732,0.05036771090181979,-0.054873343936336506,0.05476492035525822,0.05492822868860866,-0.6488884294954931,0.6489001743795276,0.9999999992193195,-0.7938912878781796,-0.7938047808138132,-0.7930590209498148,0.9999937648847524,0.2587968193414939,-0.6489234102524222,0.2605436475222494,0.38023864031600974,-0.4753941559969505,0.7253878738225233,0.565288994843535,-0.7946439494805722,0.26204420121589217,-0.15930661952184852
-0.7939147432656354,0.7939073424902677,-0.7939719293222982,0.7939575114416789,-0.1280824998508814,0.12815944978193525,0.12804361956256077,0.04481635494299209,-0.044904132751983614,-0.044771936550572426,0.0388099402955572,-0.03872092694536818,-0.03885496209226552,0.05249318204952139,-0.05250912114714476,-0.7938912878781796,0.9999999935052104,0.2603953631345306,0.6326065390909711,-0.79400015119828,-0.21010024563912036,0.05253998395394712,-0.793890299217182,0.2605084427727905,-0.15753286089023258,-0.15733674143452395,0.052796280795799864,0.6280665059251598,-0.20346719654854264,0.12178642176958153
0.38031435239190753,-0.3803253894913347,-0.7937231125361567,0.7937340432049126,-0.11824096751854499,0.11833502306783052,0.11819281398699345,0.03491750058378277,-0.03501352485554433,-0.03486854420517064,0.048640614201576934,-0.048557486033476864,-0.04868273163017223,0.9778405808559626,-0.9778432705532567,-0.7938047808138132,0.2603953631345306,1.0000000027914078,0.6263322426064364,-0.7936886327429342,-0.2004737015794917,0.9778492631065913,0.38034531032912294,-0.8643267156687886,0.9124245248215965,-0.9944454606788246,-0.9504071427836961,0.633788430247188,-0.21289732753324841,0.1314690370514032
-0.21135917592796702,0.21138967836750797,-0.7932667609036069,0.7933063302496267,-0.7249660850812623,0.7250420832776081,0.7249277985906619,0.648375985376398,-0.6484644740299444,-0.6483312801586796,-0.5647239978290037,0.564813542755513,0.5646786944518887,0.510395223491114,-0.5104365792563258,-0.7930590209498148,0.6326065390909711,0.6263322426064364,1.0000000121934045,-0.7936355242555434,-0.7936522906537777,0.5105177540705754,-0.21144934883871197,-0.29678463859040166,0.37239935394863954,-0.5715797878671969,-0.44390606927075993,0.2604066272248973,0.38005421239035325,-0.4750413087780406
0.2607550508910348,-0.26074351427372394,0.9999927847108099,-0.9999900548784507,0.15629112858035502,-0.15639881305580763,-0.1562363230677818,-0.05137909346879176,0.051494851168838514,0.051320287016012156,-0.05392046236298111,0.05381203292195361,0.05397535003122091,-0.6487438081152656,0.6487556049542909,0.9999937648847524,-0.79400015119828,-0.7936886327429342,-0.7936355242555434,0.9999999925498554,0.2597170436884927,-0.6487789424150512,0.2607207637225188,0.38006549843130416,-0.47522874724700387,0.7252565084679806,0.5651331750366887,-0.7940601309774521,0.26112216598786936,-0.15836395014833632
0.07471026849342281,-0.0747702206002584,0.2591275358086448,-0.25919246634453846,0.9944219687255009,-0.9944343065665971,-0.9944160035322476,-0.9777656700395347,0.9777903669168281,0.9777535176456286,0.950287801291922,-0.950321502850212,-0.9502707807618834,-0.1613989933257427,0.16145283884637585,0.2587968193414939,-0.21010024563912036,-0.2004737015794917,-0.7936522906537777,0.2597170436884927,1.0000000141199092,-0.1615583469521613,0.07488768412365299,0.09102465749895622,-0.11588082046686758,0.18200083902602227,0.13947517425594705,0.38073007221523775,-0.8643698751989406,0.9123815338331769
0.5654684807989123,-0.5654783084525915,-0.6488208768772505,0.6488352909046543,-0.0942803041455411,0.09436090745889222,0.09423892579544836,0.026147545738740487,-0.02622783543634489,-0.02610653893684022,0.0421470322788333,-0.04208035163881674,-0.0421808332498336,0.9999965866784747,-0.999995293237624,-0.6489234102524222,0.05253998395394712,0.9778492631065913,0.5105177540705754,-0.6487789424150512,-0.1615583469521613,0.9999999967026832,0.5654953814517067,-0.9504451384725248,0.9778680482184049,-0.9944420945569065,-0.9944471108754809,0.5195205561344179,-0.17633292560861388,0.10982498386619531
0.9999943227069353,-0.9999935701328134,0.2606720868165878,-0.2606513843418091,0.0481091407322415,-0.04812361841102887,-0.04810222251913772,-0.02082296720288839,0.020846575790521075,0.020811250324419755,-0.006659125620826659,0.006626213204283766,0.006675726777919403,0.5655347266130231,-0.5655211587166982,0.2605436475222494,-0.793890299217182,0.38034531032912294,-0.21144934883871197,0.2607207637225188,0.07488768412365299,0.5654953814517067,0.9999999935484033,-0.7938675845876131,0.7255192567809278,-0.4755638909786992,-0.649113592410298,-0.20254612247359358,0.06093428200058854,-0.033977027273411654
-0.7938496512326572,0.7938568329134702,0.38011467810661664,-0.38013311858587556,0.051517900907204914,-0.051571869860991,-0.051490001846457835,-0.01157074891432049,0.011621046280894987,0.011544931832492685,-0.02842343287801693,0.028386674739626902,0.028442096945011233,-0.9504608357072843,0.9504552226115077,0.38023864031600974,0.2605084427727905,-0.8643267156687886,-0.29678463859040166,0.38006549843130416,0.09102465749895622,-0.9504451384725248,-0.7938675845876131,0.9999999957019046,-0.9944489291202158,0.9124528110568904,0.9778735789648773,-0.3066062665765958,0.10690427045743918,-0.06802642955550005
0.7254976755428261,-0.7255058345377428,-0.47527604342042185,0.47529332692891274,-0.06653591196564787,0.066599496525892,0.06650313998440778,0.016605797491879275,-0.016666804955500516,-0.01657455237709278,0.033410418897540414,-0.03336312644179386,-0.033434412739916056,0.9778790231915645,-0.9778750122777008,-0.4753941559969505,-0.15753286089023258,0.9124245248215965,0.37239935394863954,-0.47522874724700387,-0.11588082046686758,0.9778680482184049,0.7255192567809278,-0.9944489291202158,0.9999999964766767,-0.9504232098616732,-0.9944484222317098,0.3820855325646983,-0.13161455641196493,0.08295451572784675
-0.47553479534747795,0.4755452876000685,0.725294944670925,-0.7253076860822629,0.10682793243121749,-0.10691574942812118,-0.10678291654185354,-0.030677160359940246,0.030765809227512254,0.030631927777552446,-0.04567266578336605,0.045597343770602344,0.04571083661565465,-0.9944389461075146,0.9944399517834202,0.7253878738225233,-0.15733674143452395,-0.9944454606788246,-0.5715797878671969,0.7252565084679806,0.18200083902602227,-0.9944420945569065,-0.4755638909786992,0.9124528110568904,-0.9504232098616732,0.9999999965202234,0.9778561900003663,-0.5798864318235587,0.19572540492111296,-0.12134529492315982
-0.6490892130737127,0.649098257640037,0.565178049998081,-0.5651939860963114,0.08083862678703081,-0.08091112259753465,-0.08080134493843164,-0.02147830268194487,0.021549344825910262,0.02144197546605912,-0.03800647886175134,0.03794917516133164,0.03803553709547189,-0.994453844708203,0.9944514817813296,0.565288994843535,0.052796280795799864,-0.9504071427836961,-0.44390606927075993,0.5651331750366887,0.13947517425594705,-0.9944471108754809,-0.649113592410298,0.9778735789648773,-0.9944484222317098,0.9778561900003663,0.999999997063089,-0.4533237782556618,0.1548479081196678,-0.09694366440862022
-0.20269062022346288,0.20264183928312932,-0.7944348598907028,0.7943919585537279,0.4762410550192089,-0.4761460908449081,-0.4762897786325527,-0.5662147689267883,0.5661194710754348,0.566263429448654,0.6497483809472961,-0.6496657674266452,-0.6497902252371163,0.5195872109893073,-0.5195646165127265,-0.7946439494805722,0.6280665059251598,0.633788430247188,0.2604066272248973,-0.7940601309774521,0.38073007221523775,0.5195205561344179,-0.20254612247359358,-0.3066062665765958,0.3820855325646983,-0.5798864318235587,-0.4533237782556618,0.9999999840542672,-0.7940744223464065,0.7258985706278954
0.061129480493402694,-0.06106354510891316,0.2617131112627655,-0.26164710086645737,-0.9126329087216363,0.9125897728447918,0.9126554851557734,0.9506151996368728,-0.950579607075332,-0.9506336749140121,-0.9779820936944997,0.977959318002207,0.9779936622878892,-0.1764739182535858,0.1764262378393213,0.26204420121589217,-0.20346719654854264,-0.21289732753324841,0.38005421239035325,0.26112216598786936,-0.8643698751989406,-0.17633292560861388,0.06093428200058854,0.10690427045743918,-0.13161455641196493,0.19572540492111296,0.1548479081196678,-0.7940744223464065,0.999999998323978,-0.9944784096649553
-0.03417296257659667,0.03410677339951157,-0.15896806255706758,0.1589007731521079,0.9505021779181881,-0.9504697641054696,-0.950519311650464,-0.9779459511088586,0.9779221309918041,0.9779584548354194,0.9944893768946383,-0.9944772632794773,-0.9944952420398847,0.10997302185257408,-0.10992296808413134,-0.15930661952184852,0.12178642176958153,0.1314690370514032,-0.4750413087780406,-0.15836395014833632,0.9123815338331769,0.10982498386619531,-0.033977027273411654,-0.06802642955550005,0.08295451572784675,-0.12134529492315982,-0.09694366440862022,0.7258985706278954,-0.9944784096649553,1.0000000051945122
