1.0000000021249362,-1.0000024276731914,1.0000018942504325,1.0000020299240246,-0.999999603682136,1.0000002933051844,0.9999993453138005,-1.0000010249768794,-1.0000004578935946,-0.9999993988776963,-1.0000019701519691,1.0000015900189918,-1.0000015204164026,0.9999993397329684,0.9999993349127391,1.0000013307949749,-1.0000020639832212,1.0000011302812881,-1.0000015099640374,-0.9999995987334473,1.0000002065016738,-1.0000011543588854,1.0000023710174089,1.000002371017411,-1.0000026973771237,-1.000002697377124,1.0000028201627238,1.0000015444908068,1.0000015444908024,-1.0000019320620228,-1.000001932062019,1.0000020840304087
-1.0000024276731914,1.000000001413046,-1.0000013435079707,-1.0000014791831464,0.9999991046281326,-0.9999997941888948,-0.9999988464251925,1.0000005259532125,0.999999958751633,0.9999989002438536,1.0000014711585112,-1.0000010909789232,1.0000010213593022,-0.9999988410684457,-0.999998836711376,-1.0000008319485905,1.000001565322773,-1.0000006311696463,1.0000010109136181,0.999999101024408,-0.9999997093510637,1.0000006577665275,-1.0000018724756572,-1.0000018724756579,1.0000021989101882,1.0000021989101862,-1.0000023217239444,-1.000001048177204,-1.0000010481772001,1.0000014359245175,1.0000014359245144,-1.0000015879560338
1.0000018942504325,-1.0000013435079707,1.0000000005779164,1.000000945695363,-0.9999985193792569,0.9999992089151111,0.9999982611981904,-0.9999999406668789,-0.9999993734648478,-0.9999983150419307,-1.0000008859552805,1.0000005057193073,-1.00000038431498,0.9999982559030669,0.9999982514641942,1.0000002466517854,-1.0000009800469392,1.000000045889037,-1.000000425647512,-0.9999985157438125,0.9999991240252447,-1.000000072407748,1.0000012872047082,1.00000128720471,-1.0000016136549352,-1.0000016136549352,1.0000017364740115,1.0000004628010133,1.0000004628010097,-1.0000008505524336,-1.0000008505524296,1.000001002585892
1.0000020299240246,-1.0000014791831464,1.000000945695363,1.0000000007715595,-0.9999986551072234,0.9999993446484275,0.9999983968693048,-1.0000000763685548,-0.9999995092249113,-0.9999984506183659,-1.000001021690371,1.0000006414261908,-1.0000005717848666,0.9999983915229241,0.9999983869260832,1.0000003823192603,-1.0000011156424966,1.0000001816215183,-1.0000005096175097,-0.9999986510657138,0.9999992591812721,-1.0000002073832615,1.0000014227783411,1.0000014227783423,-1.0000017492064397,-1.0000017492064377,1.0000018720162247,1.0000005977101893,1.0000005977101853,-1.000000985412288,-1.000000985412284,1.0000011374270745
-0.999999603682136,0.9999991046281326,-0.9999985193792569,-0.9999986551072234,0.9999999973093627,-0.9999968665919653,-0.9999959188645408,0.9999976500408199,0.9999970829503052,0.9999960243457903,0.9999985954792058,-0.9999982151095863,0.9999981454469327,-0.9999959653424941,-0.9999959606200188,-0.9999979560032043,0.9999986892931315,-0.9999977553058029,0.9999981350923318,0.9999962247098347,-0.9999968327481026,0.9999977808503022,-0.9999989964470589,-0.9999989964470598,0.9999993228786782,0.9999993228786771,-0.9999994456877317,-0.999998171170411,-0.9999981711704076,0.9999985588633387,0.9999985588633349,-0.9999987108734293
1.0000002933051844,-0.9999997941888948,0.9999992089151111,0.9999993446484275,-0.9999968665919653,0.9999999982932213,0.9999966601843758,-0.9999982877864677,-0.9999977206468786,-0.9999967140134957,-0.9999992850245009,0.9999989046167301,-0.999998834943571,0.9999966550067764,0.9999966504715446,0.9999986455893621,-0.9999993789622443,0.999998444778361,-0.9999988245989726,-0.9999969147742732,0.9999975230534964,-0.9999984713976997,0.9999996861715678,0.9999996861715679,-1.0000000126389823,-1.000000012638982,1.000000135461249,0.9999988618425251,0.9999988618425215,-0.9999992496157442,-0.9999992496157402,0.9999994016545118
0.9999993453138005,-0.9999988464251925,0.9999982611981904,0.9999983968693048,-0.9999959188645408,0.9999966601843758,0.9999999969408961,-0.9999973919266292,-0.9999968247202569,-0.9999957144870827,-0.9999983370634655,0.999997956940101,-0.9999978873218407,0.9999957070446256,0.9999957026540611,0.9999976978788367,-0.999998431242718,0.9999974971384795,-0.9999978768501304,-0.9999959668988934,0.9999965751497005,-0.9999975234980714,0.999998738365818,0.9999987383658182,-0.9999990647884447,-0.9999990647884422,0.9999991875987878,0.9999979138509236,0.9999979138509204,-0.99999830156753,-0.9999983015675264,0.9999984535891392
-1.0000010249768794,1.0000005259532125,-0.9999999406668789,-1.0000000763685548,0.9999976500408199,-0.9999982877864677,-0.9999973919266292,0.9999999993374117,0.9999985040859214,0.9999974458690889,1.000000016625051,-0.9999995846118228,0.9999995667218236,-0.9999973867208316,-0.99999738245902,-0.9999993256214051,1.0000001108444394,-0.9999991765166061,0.9999995562967524,0.999997646926254,-0.9999982554194051,0.9999992040108295,-1.000000418047311,-1.0000004180473125,1.0000007445246175,1.0000007445246162,-1.0000008673539433,-0.999999594509827,-0.9999995945098236,0.9999999823267496,0.9999999823267453,-1.0000001343837326
-1.0000004578935946,0.999999958751633,-0.9999993734648478,-0.9999995092249113,0.9999970829503052,-0.9999977206468786,-0.9999968247202569,0.9999985040859214,0.9999999985281026,0.9999968784409707,0.9999994496754878,-0.9999990691890849,0.9999989994992448,-0.9999968195174491,-0.9999968146905198,-0.9999988100651844,0.9999995433606883,-0.9999985576057432,0.999998989193599,0.9999970787627099,-0.9999976867671253,0.9999986348322677,-0.9999998505395238,-0.9999998505395243,1.0000001769899884,1.0000001769899867,-1.000000299804271,-0.9999990251634093,-0.9999990251634071,0.9999994128703027,0.9999994128702989,-0.9999995648846074
-0.9999993988776963,0.9999989002438536,-0.9999983150419307,-0.9999984506183659,0.9999960243457903,-0.9999967140134957,-0.9999957144870827,0.9999974458690889,0.9999968784409707,0.9999999970178505,0.9999983905088856,-0.9999980107901734,0.99999794124338,-0.999995708978537,-0.9999957052384573,-0.9999977518389893,0.9999984853676358,-0.9999975509755915,0.9999979305749419,0.9999960216034256,-0.9999966303267108,0.9999975792066229,-0.9999987924631525,-0.9999987924631538,0.999999118886746,0.9999991188867456,-0.9999992417055055,-0.9999979696719372,-0.9999979696719331,0.9999983574656156,0.9999983574656108,-0.9999985095201833
-1.0000019701519691,1.0000014711585112,-1.0000008859552805,-1.000001021690371,0.9999985954792058,-0.9999992850245009,-0.9999983370634655,1.000000016625051,0.9999994496754878,0.9999983905088856,1.0000000006864498,-1.0000005299620636,1.0000005120717432,-0.9999983315807274,-0.9999983263696588,-1.0000003224379945,1.0000010555326146,-1.0000001219887802,1.0000005017429618,0.9999985899851875,-0.9999991974792605,1.0000001450250668,-1.000001362589246,-1.000001362589248,1.0000016889521424,1.0000016889521421,-1.0000018117340128,-1.0000005350964687,-1.0000005350964658,1.0000009226265367,1.0000009226265316,-1.0000010745770485
1.0000015900189918,-1.0000010909789232,1.0000005057193073,1.0000006414261908,-0.9999982151095863,0.9999989046167301,0.999997956940101,-0.9999995846118228,-0.9999990691890849,-0.9999980107901734,-1.0000005299620636,1.0000000001437113,-1.0000000800115239,0.9999979516962594,0.9999979472861467,0.9999999424047841,-1.0000006757989717,0.9999997415894325,-1.0000001213776801,-0.9999982116355616,0.9999988199854221,-0.9999997684151513,1.0000009829899148,1.0000009829899168,-1.000001309449323,-1.0000013094493219,1.000001432270487,1.000000158865434,1.0000001588654301,-1.0000005466423958,-1.0000005466423918,1.0000006986836072
-1.0000015204164026,1.0000010213593022,-1.00000038431498,-1.0000005717848666,0.9999981454469327,-0.999998834943571,-0.9999978873218407,0.9999995667218236,0.9999989994992448,0.99999794124338,1.0000005120717432,-1.0000000800115239,1.0000000000443188,-0.9999978821306906,-0.99999787782628,-0.9999998727852666,1.0000006062343663,-0.9999996201567918,1.0000000517145047,0.9999981422824699,-0.9999987507559981,0.9999996993186262,-1.0000009134472931,-1.0000009134472954,1.000001239926576,1.0000012399265767,-1.0000013627555857,-1.0000000898235175,-1.000000089823513,1.000000477640922,1.000000477640917,-1.0000006296971644
0.9999993397329684,-0.9999988410684457,0.9999982559030669,0.9999983915229241,-0.9999959653424941,0.9999966550067764,0.9999957070446256,-0.9999973867208316,-0.9999968195174491,-0.999995708978537,-0.9999983315807274,0.9999979516962594,-0.9999978821306906,0.9999999969330263,0.9999956969274719,0.9999976925319349,-0.9999984258039892,0.9999974919571918,-0.9999978715599824,-0.9999959609227518,0.9999965689193115,-0.9999975170355956,0.9999987328107885,0.9999987328107892,-0.9999990591648439,-0.9999990591648427,0.9999991819530545,0.9999979072036782,0.9999979072036733,-0.9999982948019996,-0.9999982948019956,0.9999984467833377
0.9999993349127391,-0.999998836711376,0.9999982514641942,0.9999983869260832,-0.9999959606200188,0.9999966504715446,0.9999957026540611,-0.99999738245902,-0.9999968146905198,-0.9999957052384573,-0.9999983263696588,0.9999979472861467,-0.99999787782628,0.9999956969274719,0.9999999969276939,0.9999976883375599,-0.9999984221096178,0.9999974874390388,-0.999997866834802,-0.9999959070666871,0.9999965679965714,-0.9999975174594378,0.9999987291005269,0.999998729100528,-0.9999990555195818,-0.9999990555195812,0.9999991783502704,0.999997907935861,0.9999979079358575,-0.999998295781322,-0.999998295781318,0.9999984478655587
1.0000013307949749,-1.0000008319485905,1.0000002466517854,1.0000003823192603,-0.9999979560032043,0.9999986455893621,0.9999976978788367,-0.9999993256214051,-0.9999988100651844,-0.9999977518389893,-1.0000003224379945,0.9999999424047841,-0.9999998727852666,0.9999976925319349,0.9999976883375599,0.9999999997740675,-1.0000003650585854,0.9999994825591837,-0.9999998622522608,-0.9999979527244494,0.9999985611616385,-0.9999995097459747,1.00000072394553,1.000000723945531,-1.0000010503976486,-1.0000010503976484,1.0000011732220337,0.9999999001470622,0.9999999001470595,-1.000000287920072,-1.0000002879200685,1.000000439965195
-1.0000020639832212,1.000001565322773,-1.0000009800469392,-1.0000011156424966,0.9999986892931315,-0.9999993789622443,-0.999998431242718,1.0000001108444394,0.9999995433606883,0.9999984853676358,1.0000010555326146,-1.0000006757989717,1.0000006062343663,-0.9999984258039892,-0.9999984221096178,-1.0000003650585854,1.0000000008208085,-1.0000002159429182,1.000000595555655,0.9999986867800942,-0.9999992955885761,1.0000002445872913,-1.000001405775104,-1.0000014057751039,1.0000017839896818,1.00000178398968,-1.0000019068207953,-1.0000006350833568,-1.0000006350833532,1.0000010229194582,1.0000010229194536,-1.00000117499112
1.0000011302812881,-1.0000006311696463,1.000000045889037,1.0000001816215183,-0.9999977553058029,0.999998444778361,0.9999974971384795,-0.9999991765166061,-0.9999985576057432,-0.9999975509755915,-1.0000001219887802,0.9999997415894325,-0.9999996201567918,0.9999974919571918,0.9999974874390388,0.9999994825591837,-1.0000002159429182,0.9999999994875405,-0.9999996098063901,-0.9999977517532426,0.9999983600488069,-0.9999993084151886,1.0000005231518783,1.0000005231518805,-1.0000008496218942,-1.0000008496218933,1.0000009724453625,0.9999996988643151,0.9999996988643114,-1.0000000866429104,-1.000000086642907,1.0000002386838416
-1.0000015099640374,1.0000010109136181,-1.000000425647512,-1.0000005096175097,0.9999981350923318,-0.9999988245989726,-0.9999978768501304,0.9999995562967524,0.999998989193599,0.9999979305749419,1.0000005017429618,-1.0000001213776801,1.0000000517145047,-0.9999978715599824,-0.999997866834802,-0.9999998622522608,1.000000595555655,-0.9999996098063901,1.000000000029506,0.9999981309205278,-0.9999987389595771,0.9999996870742657,-1.0000009027060308,-1.0000009027060337,1.0000012291416391,1.0000012291416371,-1.0000013519524673,-1.0000000773905007,-1.0000000773904965,1.000000465087421,1.0000004650874177,-1.0000006170993916
-0.9999995987334473,0.999999101024408,-0.9999985157438125,-0.9999986510657138,0.9999962247098347,-0.9999969147742732,-0.9999959668988934,0.999997646926254,0.9999970787627099,0.9999960216034256,0.9999985899851875,-0.9999982116355616,0.9999981422824699,-0.9999959609227518,-0.9999959070666871,-0.9999979527244494,0.9999986867800942,-0.9999977517532426,0.9999981309205278,0.999999997305988,-0.9999967821187926,0.9999977840694948,-0.99999899366364,-0.9999989936636405,0.9999993200784131,0.9999993200784121,-0.9999994429231753,-0.9999981745948319,-0.9999981745948289,0.9999985625148963,0.9999985625148926,-0.9999987146382671
1.0000002065016738,-0.9999997093510637,0.9999991240252447,0.9999992591812721,-0.9999968327481026,0.9999975230534964,0.9999965751497005,-0.9999982554194051,-0.9999976867671253,-0.9999966303267108,-0.9999991974792605,0.9999988199854221,-0.9999987507559981,0.9999965689193115,0.9999965679965714,0.9999985611616385,-0.9999992955885761,0.9999983600488069,-0.9999987389595771,-0.9999967821187926,0.9999999981766459,-0.9999983438323081,0.9999996023697371,0.9999996023697398,-0.9999999287942375,-0.9999999287942348,1.000000051660945,0.999998786235441,0.9999987862354369,-0.9999991742804526,-0.9999991742804483,0.9999993264629353
-1.0000011543588854,1.0000006577665275,-1.000000072407748,-1.0000002073832615,0.9999977808503022,-0.9999984713976997,-0.9999975234980714,0.9999992040108295,0.9999986348322677,0.9999975792066229,1.0000001450250668,-0.9999997684151513,0.9999996993186262,-0.9999975170355956,-0.9999975174594378,-0.9999995097459747,1.0000002445872913,-0.9999993084151886,0.9999996870742657,0.9999977840694948,-0.9999983438323081,0.9999999995347431,-1.0000005512919716,-1.0000005512919725,1.0000008777379215,1.00000087773792,-1.0000010006315259,-0.9999996869854791,-0.9999996869854731,1.0000001269606662,1.0000001269606626,-1.0000002792182316
1.0000023710174089,-1.0000018724756572,1.0000012872047082,1.0000014227783411,-0.9999989964470589,0.9999996861715678,0.999998738365818,-1.000000418047311,-0.9999998505395238,-0.9999987924631525,-1.000001362589246,1.0000009829899148,-1.0000009134472931,0.9999987328107885,0.9999987291005269,1.00000072394553,-1.000001405775104,1.0000005231518783,-1.0000009027060308,-0.99999899366364,0.9999996023697371,-1.0000005512919716,1.0000000012590002,1.000001764585872,-1.000002039253439,-1.0000020910140277,1.0000022138379192,1.00000094169715,1.0000009416971463,-1.0000013294844319,-1.0000013294844283,1.000001481540608
1.000002371017411,-1.0000018724756579,1.00000128720471,1.0000014227783423,-0.9999989964470598,0.9999996861715679,0.9999987383658182,-1.0000004180473125,-0.9999998505395243,-0.9999987924631538,-1.000001362589248,1.0000009829899168,-1.0000009134472954,0.9999987328107892,0.999998729100528,1.000000723945531,-1.0000014057751039,1.0000005231518805,-1.0000009027060337,-0.9999989936636405,0.9999996023697398,-1.0000005512919725,1.000001764585872,1.0000000012590002,-1.000002091014029,-1.0000020392534408,1.000002213837921,1.0000009416971507,1.0000009416971467,-1.0000013294844332,-1.000001329484429,1.0000014815406104
-1.0000026973771237,1.0000021989101882,-1.0000016136549352,-1.0000017492064397,0.9999993228786782,-1.0000000126389823,-0.9999990647884447,1.0000007445246175,1.0000001769899884,0.999999118886746,1.0000016889521424,-1.000001309449323,1.000001239926576,-0.9999990591648439,-0.9999990555195818,-1.0000010503976486,1.0000017839896818,-1.0000008496218942,1.0000012291416391,0.9999993200784131,-0.9999999287942375,1.0000008777379215,-1.000002039253439,-1.000002091014029,1.0000000017247916,1.0000024174287832,-1.0000024884887946,-1.0000012681219346,-1.0000012681219308,1.0000016558959643,1.0000016558959595,-1.0000018079484891
-1.000002697377124,1.0000021989101862,-1.0000016136549352,-1.0000017492064377,0.9999993228786771,-1.000000012638982,-0.9999990647884422,1.0000007445246162,1.0000001769899867,0.9999991188867456,1.0000016889521421,-1.0000013094493219,1.0000012399265767,-0.9999990591648427,-0.9999990555195812,-1.0000010503976484,1.00000178398968,-1.0000008496218933,1.0000012291416371,0.9999993200784121,-0.9999999287942348,1.00000087773792,-1.0000020910140277,-1.0000020392534408,1.0000024174287832,1.0000000017247916,-1.0000024884887955,-1.0000012681219335,-1.0000012681219301,1.0000016558959632,1.0000016558959595,-1.0000018079484898
1.0000028201627238,-1.0000023217239444,1.0000017364740115,1.0000018720162247,-0.9999994456877317,1.000000135461249,0.9999991875987878,-1.0000008673539433,-1.000000299804271,-0.9999992417055055,-1.0000018117340128,1.000001432270487,-1.0000013627555857,0.9999991819530545,0.9999991783502704,1.0000011732220337,-1.0000019068207953,1.0000009724453625,-1.0000013519524673,-0.9999994429231753,1.000000051660945,-1.0000010006315259,1.0000022138379192,1.000002213837921,-1.0000024884887946,-1.0000024884887955,1.0000000019000517,1.0000013910154435,1.0000013910154402,-1.0000017787894986,-1.0000017787894948,1.0000019308424808
1.0000015444908068,-1.000001048177204,1.0000004628010133,1.0000005977101893,-0.999998171170411,0.9999988618425251,0.9999979138509236,-0.999999594509827,-0.9999990251634093,-0.9999979696719372,-1.0000005350964687,1.000000158865434,-1.0000000898235175,0.9999979072036782,0.999997907935861,0.9999999001470622,-1.0000006350833568,0.9999996988643151,-1.0000000773905007,-0.9999981745948319,0.999998786235441,-0.9999996869854791,1.00000094169715,1.0000009416971507,-1.0000012681219346,-1.0000012681219335,1.0000013910154435,1.0000000000924116,1.0000001295221812,-1.0000004659622947,-1.0000005177228763,1.0000006699818735
1.0000015444908024,-1.0000010481772001,1.0000004628010097,1.0000005977101853,-0.9999981711704076,0.9999988618425215,0.9999979138509204,-0.9999995945098236,-0.9999990251634071,-0.9999979696719331,-1.0000005350964658,1.0000001588654301,-1.000000089823513,0.9999979072036733,0.9999979079358575,0.9999999001470595,-1.0000006350833532,0.9999996988643114,-1.0000000773904965,-0.9999981745948289,0.9999987862354369,-0.9999996869854731,1.0000009416971463,1.0000009416971467,-1.0000012681219308,-1.0000012681219301,1.0000013910154402,1.0000001295221812,1.0000000000924116,-1.0000005177228777,-1.0000004659622843,1.0000006699818702
-1.0000019320620228,1.0000014359245175,-1.0000008505524336,-1.000000985412288,0.9999985588633387,-0.9999992496157442,-0.99999830156753,0.9999999823267496,0.9999994128703027,0.9999983574656156,1.0000009226265367,-1.0000005466423958,1.000000477640922,-0.9999982948019996,-0.999998295781322,-1.000000287920072,1.0000010229194582,-1.0000000866429104,1.000000465087421,0.9999985625148963,-0.9999991742804526,1.0000001269606662,-1.0000013294844319,-1.0000013294844332,1.0000016558959643,1.0000016558959632,-1.0000017787894986,-1.0000004659622947,-1.0000005177228777,1.000000000646361,1.000000905925645,-1.0000010064285656
-1.000001932062019,1.0000014359245144,-1.0000008505524296,-1.000000985412284,0.9999985588633349,-0.9999992496157402,-0.9999983015675264,0.9999999823267453,0.9999994128702989,0.9999983574656108,1.0000009226265316,-1.0000005466423918,1.000000477640917,-0.9999982948019956,-0.999998295781318,-1.0000002879200685,1.0000010229194536,-1.000000086642907,1.0000004650874177,0.9999985625148926,-0.9999991742804483,1.0000001269606626,-1.0000013294844283,-1.000001329484429,1.0000016558959595,1.0000016558959595,-1.0000017787894948,-1.0000005177228763,-1.0000004659622843,1.000000905925645,1.000000000646361,-1.0000010064285638
1.0000020840304087,-1.0000015879560338,1.000001002585892,1.0000011374270745,-0.9999987108734293,0.9999994016545118,0.9999984535891392,-1.0000001343837326,-0.9999995648846074,-0.9999985095201833,-1.0000010745770485,1.0000006986836072,-1.0000006296971644,0.9999984467833377,0.9999984478655587,1.000000439965195,-1.00000117499112,1.0000002386838416,-1.0000006170993916,-0.9999987146382671,0.9999993264629353,-1.0000002792182316,1.000001481540608,1.0000014815406104,-1.0000018079484891,-1.0000018079484898,1.0000019308424808,1.0000006699818735,1.0000006699818702,-1.0000010064285656,-1.0000010064285638,1.0000000008636378
