1.0000000017982038,-1.0000028989945002,-1.000003162207061,1.0000022689814572,1.0000015924177243,1.000002612986508,1.0000020917020447,1.000001098450342,-1.0000022984000934,0.9999987679324023,-1.0000000769844244,-1.0000001381192483,1.0000015148401333,-1.000001954610922,-1.0000016815153725,0.9999989062938236,-1.0000011123332593,-0.999996791181624,1.0000011916003437,0.9999948058846548,-0.9999929981048938,0.9999916910290685,0.9999916910290685,-1.0000013450029508
-1.0000028989945002,1.0000000016933388,1.0000026291699284,-1.0000026555002104,-1.0000019789370573,-1.000002539728063,-1.000002018444194,-1.000001025191826,1.0000022251410783,-0.9999986946741887,1.000000003725709,1.000000064862358,-1.000001441582702,1.0000018813530929,1.0000016082578456,-0.9999988330307344,1.00000103907197,0.9999967179168365,-1.0000011183397854,-0.9999947326183992,0.9999929248375216,-0.9999916177615108,-0.9999916177615108,1.0000012717430382
-1.000003162207061,1.0000026291699284,1.0000000020701068,-1.0000024589359688,-1.0000017823717364,-1.0000032627187168,-1.0000027414337591,-1.0000012884036553,1.0000024883539291,-0.9999989578851752,1.000000266937734,1.0000003280712717,-1.0000017047927332,1.0000021445638643,1.0000018714680619,-0.999999096250078,1.0000013022885452,0.9999969811387904,-1.0000013815551188,-0.9999949958425912,0.9999931880633639,-0.9999918809874908,-0.9999918809874908,1.0000015349572913
1.0000022689814572,-1.0000026555002104,-1.0000024589359688,1.0000000014496613,1.0000013489236141,1.000002369494078,1.0000018482107769,1.0000008549579407,-1.0000025146853622,0.9999985244408149,-0.9999998334917627,-0.9999998946299908,1.0000012713497133,-1.0000017111197155,-1.0000014380247615,0.999998662793115,-1.000001328614404,-0.9999965476779649,1.0000009481041177,0.9999945623784658,-0.999992754596816,0.9999914475207834,0.9999914475207834,-1.0000011015079115
1.0000015924177243,-1.0000019789370573,-1.0000017823717364,1.0000013489236141,1.0000000004812162,1.0000016929299462,1.0000011716465351,1.0000001783949968,-1.0000013783432127,0.9999978478793569,-0.9999996167084754,-0.9999992180663964,1.0000005947855495,-1.0000010345555557,-1.0000007614605495,0.9999979862356433,-1.0000001922750494,-0.9999958711234971,1.000000271542818,0.9999938858267121,-0.9999920780473445,0.9999907709724435,0.9999907709724435,-1.0000008847246895
1.000002612986508,-1.000002539728063,-1.0000032627187168,1.000002369494078,1.0000016929299462,1.0000000019420783,1.0000021922133113,1.0000011989619748,-1.00000285869084,0.9999988684437164,-1.000000177496125,-1.000000238629797,1.000001615351101,-1.0000025149008982,-1.0000017820264093,0.9999990068082302,-1.0000012128466498,-0.9999968916969918,1.0000012921132726,0.9999949064008447,-0.9999930986216878,0.9999917915459101,0.9999917915459101,-1.0000014455154833
1.0000020917020447,-1.000002018444194,-1.0000027414337591,1.0000018482107769,1.0000011716465351,1.0000021922133113,1.0000000011959007,1.0000006776780683,-1.0000018776279376,0.9999983471609194,-0.9999996562130005,-0.999999717345004,1.0000010940659787,-1.0000015338371355,-1.0000017205200056,0.9999984855297066,-1.0000006915652118,-0.9999963704212385,1.0000007708311318,0.9999943851275808,-0.9999925773504879,0.9999912702756514,0.9999912702756514,-1.0000009242326795
1.000001098450342,-1.000001025191826,-1.0000012884036553,1.0000008549579407,1.0000001783949968,1.0000011989619748,1.0000006776780683,0.9999999997741429,-1.0000013441549396,0.9999973539133793,-0.9999986629636668,-0.9999987240977853,1.0000001008168515,-1.0000005405871355,-1.0000002674918802,0.9999974922762452,-0.9999996983118692,-0.9999953771676936,0.9999997775785884,0.9999933918741082,-0.9999915840973471,0.9999902770234866,0.9999902770234866,-0.9999999309807577
-1.0000022984000934,1.0000022251410783,1.0000024883539291,-1.0000025146853622,-1.0000013783432127,-1.00000285869084,-1.0000018776279376,-1.0000013441549396,1.0000000014917731,-0.999998553858817,0.9999998629104238,0.999999924045827,-1.0000013007662711,1.0000017405368484,1.0000014674414486,-0.9999986922186382,1.0000008982582311,0.9999965771062969,-1.000000977525534,-0.9999945918092366,0.9999927840294599,-0.9999914769538275,-0.9999914769538275,1.0000011309283219
0.9999987679324023,-0.9999986946741887,-0.9999989578851752,0.9999985244408149,0.9999978478793569,0.9999988684437164,0.9999983471609194,0.9999973539133793,-0.999998553858817,0.9999999964382023,-0.999996792230204,-0.9999963935850615,0.999997770300981,-0.9999982100703062,-0.9999979369756358,0.9999951617677404,-0.99999736779776,-0.9999930466645534,0.9999974470641408,0.9999910613759763,-0.9999892536037289,0.9999879465330035,0.9999879465330035,-0.9999976004658112
-1.0000000769844244,1.000000003725709,1.000000266937734,-0.9999998334917627,-0.9999996167084754,-1.000000177496125,-0.9999996562130005,-0.9999986629636668,0.9999998629104238,-0.999996792230204,0.9999999983119994,0.9999977026350909,-0.9999990793525452,0.9999995191222164,0.9999992460273665,-0.999996470812056,0.9999986768462669,0.9999943557048678,-0.9999987561132304,-0.9999923704126181,0.9999905626371729,-0.9999892555645351,-0.9999892555645351,0.999998909515529
-1.0000001381192483,1.000000064862358,1.0000003280712717,-0.9999998946299908,-0.9999992180663964,-1.000000238629797,-0.999999717345004,-0.9999987240977853,0.999999924045827,-0.9999963935850615,0.9999977026350909,0.9999999983995054,-0.9999996002621316,0.9999995802541713,0.999999307158473,-0.9999965319599862,0.9999987379885551,0.9999944168581375,-0.9999988172533465,-0.9999924315705266,0.9999906237986406,-0.9999893167267583,-0.9999893167267583,0.9999989706537252
1.0000015148401333,-1.000001441582702,-1.0000017047927332,1.0000012713497133,1.0000005947855495,1.000001615351101,1.0000010940659787,1.0000001008168515,-1.0000013007662711,0.999997770300981,-0.9999990793525452,-0.9999996002621316,1.000000000370169,-1.0000014167536924,-1.0000011436578191,0.9999979086726462,-1.0000001147056743,-0.9999957935665396,1.0000001939710994,0.9999938082750199,-0.9999920004997366,0.9999906934258342,0.999990693425834,-1.0000003473721575
-1.000001954610922,1.0000018813530929,1.0000021445638643,-1.0000017111197155,-1.0000010345555557,-1.0000025149008982,-1.0000015338371355,-1.0000005405871355,1.0000017405368484,-0.9999982100703062,0.9999995191222164,0.9999995802541713,-1.0000014167536924,1.000000000999666,1.000001123650234,-0.9999983484391868,1.0000005544743407,0.9999962333310527,-1.0000006337402358,-0.999994248037708,0.9999924402608924,-0.9999911331862448,-0.9999911331862448,1.0000007871417431
-1.0000016815153725,1.0000016082578456,1.0000018714680619,-1.0000014380247615,-1.0000007614605495,-1.0000017820264093,-1.0000017205200056,-1.0000002674918802,1.0000014674414486,-0.9999979369756358,0.9999992460273665,0.999999307158473,-1.0000011436578191,1.000001123650234,1.000000000608751,-0.9999980753466878,1.0000002813803424,0.9999959602399824,-1.0000003606458787,-0.9999939749479175,0.9999921671721683,-0.9999908600980085,-0.9999908600980085,1.0000005140470491
0.9999989062938236,-0.9999988330307344,-0.999999096250078,0.999998662793115,0.9999979862356433,0.9999990068082302,0.9999984855297066,0.9999974922762452,-0.9999986922186382,0.9999951617677404,-0.999996470812056,-0.9999965319599862,0.9999979086726462,-0.9999983484391868,-0.9999980753466878,0.9999999966362308,-0.9999979659176446,-0.9999936447539274,0.9999975854110935,0.9999911996736849,-0.9999893918914204,0.9999880848182896,0.9999880848182896,-0.999997738817909
-1.0000011123332593,1.00000103907197,1.0000013022885452,-1.000001328614404,-1.0000001922750494,-1.0000012128466498,-1.0000006915652118,-0.9999996983118692,1.0000008982582311,-0.99999736779776,0.9999986768462669,0.9999987379885551,-1.0000001147056743,1.0000005544743407,1.0000002813803424,-0.9999979659176446,0.9999999997940072,0.9999953910220397,-1.0000002512320731,-0.9999934057212106,0.9999915979388566,-0.9999902908637105,-0.9999902908637105,0.9999999448584376
-0.999996791181624,0.9999967179168365,0.9999969811387904,-0.9999965476779649,-0.9999958711234971,-0.9999968916969918,-0.9999963704212385,-0.9999953771676936,0.9999965771062969,-0.9999930466645534,0.9999943557048678,0.9999944168581375,-0.9999957935665396,0.9999962333310527,0.9999959602399824,-0.9999936447539274,0.9999953910220397,0.9999999936086085,-0.9999954702962626,-0.9999895443327664,0.9999872767718988,-0.9999859697007125,-0.9999859697007125,0.9999956237047071
1.0000011916003437,-1.0000011183397854,-1.0000013815551188,1.0000009481041177,1.000000271542818,1.0000012921132726,1.0000007708311318,0.9999997775785884,-1.000000977525534,0.9999974470641408,-0.9999987561132304,-0.9999988172533465,1.0000001939710994,-1.0000006337402358,-1.0000003606458787,0.9999975854110935,-1.0000002512320731,-0.9999954702962626,0.9999999999074756,0.9999934849971981,-0.999991677216185,0.9999903701412712,0.9999903701412712,-1.000000483905552
0.9999948058846548,-0.9999947326183992,-0.9999949958425912,0.9999945623784658,0.9999938858267121,0.9999949064008447,0.9999943851275808,0.9999933918741082,-0.9999945918092366,0.9999910613759763,-0.9999923704126181,-0.9999924315705266,0.9999938082750199,-0.999994248037708,-0.9999939749479175,0.9999911996736849,-0.9999934057212106,-0.9999895443327664,0.9999934849971981,0.9999999907668078,-0.9999857512486852,0.9999839844006466,0.9999839844006466,-0.9999936384070383
-0.9999929981048938,0.9999929248375216,0.9999931880633639,-0.999992754596816,-0.9999920780473445,-0.9999930986216878,-0.9999925773504879,-0.9999915840973471,0.9999927840294599,-0.9999892536037289,0.9999905626371729,0.9999906237986406,-0.9999920004997366,0.9999924402608924,0.9999921671721683,-0.9999893918914204,0.9999915979388566,0.9999872767718988,-0.999991677216185,-0.9999857512486852,0.9999999881791135,-0.999982636400235,-0.999982636400234,0.9999918306270599
0.9999916910290685,-0.9999916177615108,-0.9999918809874908,0.9999914475207834,0.9999907709724435,0.9999917915459101,0.9999912702756514,0.9999902770234866,-0.9999914769538275,0.9999879465330035,-0.9999892555645351,-0.9999893167267583,0.9999906934258342,-0.9999911331862448,-0.9999908600980085,0.9999880848182896,-0.9999902908637105,-0.9999859697007125,0.9999903701412712,0.9999839844006466,-0.999982636400235,0.9999999863081522,0.9999808695556134,-0.9999905235522424
0.9999916910290685,-0.9999916177615108,-0.9999918809874908,0.9999914475207834,0.9999907709724435,0.9999917915459101,0.9999912702756514,0.9999902770234866,-0.9999914769538275,0.9999879465330035,-0.9999892555645351,-0.9999893167267583,0.999990693425834,-0.9999911331862448,-0.9999908600980085,0.9999880848182896,-0.9999902908637105,-0.9999859697007125,0.9999903701412712,0.9999839844006466,-0.999982636400234,0.9999808695556134,0.9999999863081522,-0.9999905235522424
-1.0000013450029508,1.0000012717430382,1.0000015349572913,-1.0000011015079115,-1.0000008847246895,-1.0000014455154833,-1.0000009242326795,-0.9999999309807577,1.0000011309283219,-0.9999976004658112,0.999998909515529,0.9999989706537252,-1.0000003473721575,1.0000007871417431,1.0000005140470491,-0.999997738817909,0.9999999448584376,0.9999956237047071,-1.000000483905552,-0.9999936384070383,0.9999918306270599,-0.9999905235522424,-0.9999905235522424,1.0000000001270613
