1.0000000011828318,-1.0000014956974603,1.0000021314602903,1.0000016199999837,1.0000018543554443,-1.0000013373263836,-1.0000021586968382,1.0000005052526952,1.0000024018078615,-1.0000024668752614,1.0000023904277626,-0.9999999461015374,-1.0000002309150247,0.9999997097758911,0.9999996648661409,0.9999999651074908,-0.9999998082659762,-0.9999995000816821,-0.9999994324139769,-1.0000023740796786,0.9999993746551492,-1.0000024044513158
-1.0000014956974603,1.0000000013480825,-1.0000019763392811,-1.0000014648785314,-1.0000019696716447,1.0000014526422285,1.0000022740133383,-1.000000620567978,-1.0000025171246034,1.0000025821921497,-1.0000025057446926,1.0000000614165017,1.0000003462301275,-0.9999998250907285,-0.9999997801809933,-1.0000000804224538,0.9999999235808521,0.9999996153964517,0.9999995477287497,1.0000024893964636,-0.9999994899698939,1.0000025197683946
1.0000021314602903,-1.0000019763392811,1.0000000018716027,1.0000021006423447,1.000002334997664,-1.0000018179692352,-1.0000023689008788,1.0000009858965464,1.000002882448911,-1.0000029475159276,1.0000028710682407,-1.0000004267458809,-1.0000007115591831,1.0000001904204134,1.0000001455105836,1.0000004457518552,-1.000000288910472,-0.9999999807262343,-0.9999999130584605,-1.0000025842830427,0.9999998552996701,-1.0000028850913638
1.0000016199999837,-1.0000014648785314,1.0000021006423447,1.0000000011386665,1.0000018235358812,-1.000001036067704,-1.0000021278786833,1.0000004744290694,1.0000023709908576,-1.0000024360590005,1.0000023596117698,-0.999999915276565,-1.0000002000906176,0.9999996789503919,0.9999996340407492,0.9999999342824947,-0.9999997774406155,-0.9999994692559555,-0.9999994015883167,-1.00000234326291,0.9999993438293726,-1.0000023736361165
1.0000018543554443,-1.0000019696716447,1.000002334997664,1.0000018235358812,1.0000000014745043,-1.0000012704239274,-1.0000020917965384,1.000000708785955,1.0000026053459186,-1.0000026704138243,1.000002593966484,-1.0000001496337825,-1.0000004344477071,0.9999999133077342,0.9999998683980463,1.0000001686397249,-1.0000000117979324,-0.9999997036133289,-0.9999996359456521,-1.0000025776178871,0.9999995781867353,-1.0000026079905637
-1.0000013373263836,1.0000014526422285,-1.0000018179692352,-1.000001036067704,-1.0000012704239274,1.000000000733586,1.000001845205391,-0.9999999213140216,-1.0000020883184833,1.0000021533872392,-1.0000020769402573,0.9999996325980585,0.9999999174125189,-0.9999993962715026,-0.9999993513619619,-0.9999996516039631,0.9999994947618143,0.9999991865769254,0.9999991189093618,1.000002060590739,-0.9999990611503342,1.0000020909652703
-1.0000021586968382,1.0000022740133383,-1.0000023689008788,-1.0000021278786833,-1.0000020917965384,1.000001845205391,1.0000000019106339,-1.0000010131322867,-1.0000026392482038,1.000002974752879,-1.000002898305232,1.0000004539813907,1.000000738794792,-1.0000002176558356,-1.0000001727460206,-1.0000004729873617,1.0000003161459166,1.000000007961615,0.9999999402938485,1.0000028819574547,-0.9999998825350374,1.000002912328477
1.0000005052526952,-1.000000620567978,1.0000009858965464,1.0000004744290694,1.000000708785955,-0.9999999213140216,-1.0000010131322867,0.9999999995411947,1.0000012562473535,-1.00000132131746,1.0000012448710467,-0.9999985300763058,-0.9999988148916081,0.9999985641864829,0.9999985192771808,0.999998819519691,-0.9999986626769762,-0.9999983544916415,-0.9999982868242564,-1.0000012285200752,0.9999982290650586,-1.0000012588975355
1.0000024018078615,-1.0000025171246034,1.000002882448911,1.0000023709908576,1.0000026053459186,-1.0000020883184833,-1.0000026392482038,1.0000012562473535,1.0000000022590159,-1.0000029474244456,1.0000031414140873,-1.0000006970975035,-1.0000009819104776,1.0000004607723543,1.0000004158624363,1.0000007161035052,-1.000000559262338,-1.0000002510782866,-1.0000001834104473,-1.0000031250669834,1.0000001256517232,-1.0000031554366502
-1.0000024668752614,1.0000025821921497,-1.0000029475159276,-1.0000024360590005,-1.0000026704138243,1.0000021533872392,1.000002974752879,-1.00000132131746,-1.0000029474244456,1.0000000023522575,-1.000002936042482,1.0000007621683358,1.000001046981006,-1.0000005258434679,-1.000000480933488,-1.000000781174349,1.0000006243333814,1.000000316149516,1.0000002484816344,1.0000031901333541,-1.0000001907229754,1.0000032205021472
1.0000023904277626,-1.0000025057446926,1.0000028710682407,1.0000023596117698,1.000002593966484,-1.0000020769402573,-1.000002898305232,1.0000012448710467,1.0000031414140873,-1.000002936042482,1.0000000022427056,-1.000000685722239,-1.0000009705347703,1.000000449397495,1.0000004044874988,1.0000007047282575,-1.0000005478873732,-1.0000002397036076,-1.0000001720357188,-1.0000028432478718,1.000000114277085,-1.0000028736163435
-0.9999999461015374,1.0000000614165017,-1.0000004267458809,-0.999999915276565,-1.0000001496337825,0.9999996325980585,1.0000004539813907,-0.9999985300763058,-1.0000006970975035,1.0000007621683358,-1.000000685722239,0.9999999987399105,0.9999985261728919,-0.9999977345918463,-0.9999976896826795,-0.9999982603629715,0.9999981035199679,0.999997795334424,0.9999977276671438,1.0000006693704795,-0.9999976699078577,1.0000006997495265
-1.0000002309150247,1.0000003462301275,-1.0000007115591831,-1.0000002000906176,-1.0000004344477071,0.9999999174125189,1.000000738794792,-0.9999988148916081,-1.0000009819104776,1.000001046981006,-1.0000009705347703,0.9999985261728919,0.9999999991480581,-0.9999982898452797,-0.9999982449360514,-0.9999982747411743,0.9999983883358267,0.9999980801503557,0.9999980124830273,1.0000009541833441,-0.9999979547237754,1.0000009845617226
0.9999997097758911,-0.9999998250907285,1.0000001904204134,0.9999996789503919,0.9999999133077342,-0.9999993962715026,-1.0000002176558356,0.9999985641864829,1.0000004607723543,-1.0000005258434679,1.000000449397495,-0.9999977345918463,-0.9999982898452797,0.9999999984012468,0.9999977237923398,0.9999980240351815,-0.9999975967545283,-0.9999972885689108,-0.9999974913392113,-1.0000004330454302,0.9999974335798929,-1.0000004634250954
0.9999996648661409,-0.9999997801809933,1.0000001455105836,0.9999996340407492,0.9999998683980463,-0.9999993513619619,-1.0000001727460206,0.9999985192771808,1.0000004158624363,-1.000000480933488,1.0000004044874988,-0.9999976896826795,-0.9999982449360514,0.9999977237923398,0.9999999983368906,0.999997979126013,-0.9999978222829358,-0.9999975140973598,-0.9999971759925825,-1.0000003881354946,0.9999973886708131,-1.0000004185150329
0.9999999651074908,-1.0000000804224538,1.0000004457518552,0.9999999342824947,1.0000001686397249,-0.9999996516039631,-1.0000004729873617,0.999998819519691,1.0000007161035052,-1.000000781174349,1.0000007047282575,-0.9999982603629715,-0.9999982747411743,0.9999980240351815,0.999997979126013,0.999999998767146,-0.9999978520882226,-0.9999978143402085,-0.999997746672928,-1.000000688376483,0.9999976889136385,-1.0000007187555584
-0.9999998082659762,0.9999999235808521,-1.000000288910472,-0.9999997774406155,-1.0000000117979324,0.9999994947618143,1.0000003161459166,-0.9999986626769762,-1.000000559262338,1.0000006243333814,-1.0000005478873732,0.9999981035199679,0.9999983883358267,-0.9999975967545283,-0.9999978222829358,-0.9999978520882226,0.9999999985423863,0.999997657497063,0.9999975898298111,1.0000005315353877,-0.9999975320704986,1.0000005619148917
-0.9999995000816821,0.9999996153964517,-0.9999999807262343,-0.9999994692559555,-0.9999997036133289,0.9999991865769254,1.000000007961615,-0.9999983544916415,-1.0000002510782866,1.000000316149516,-1.0000002397036076,0.999997795334424,0.9999980801503557,-0.9999972885689108,-0.9999975140973598,-0.9999978143402085,0.999997657497063,0.9999999981007485,0.999997281644232,1.0000002233514067,-0.9999969534473581,1.0000002537313417
-0.9999994324139769,0.9999995477287497,-0.9999999130584605,-0.9999994015883167,-0.9999996359456521,0.9999991189093618,0.9999999402938485,-0.9999982868242564,-1.0000001834104473,1.0000002484816344,-1.0000001720357188,0.9999977276671438,0.9999980124830273,-0.9999974913392113,-0.9999971759925825,-0.999997746672928,0.9999975898298111,0.999997281644232,0.9999999980037794,1.0000001556835578,-0.9999968857801591,1.0000001860634158
-1.0000023740796786,1.0000024893964636,-1.0000025842830427,-1.00000234326291,-1.0000025776178871,1.000002060590739,1.0000028819574547,-1.0000012285200752,-1.0000031250669834,1.0000031901333541,-1.0000028432478718,1.0000006693704795,1.0000009541833441,-1.0000004330454302,-1.0000003881354946,-1.000000688376483,1.0000005315353877,1.0000002233514067,1.0000001556835578,1.00000000221928,-1.0000000979248571,1.0000031277078367
0.9999993746551492,-0.9999994899698939,0.9999998552996701,0.9999993438293726,0.9999995781867353,-0.9999990611503342,-0.9999998825350374,0.9999982290650586,1.0000001256517232,-1.0000001907229754,1.000000114277085,-0.9999976699078577,-0.9999979547237754,0.9999974335798929,0.9999973886708131,0.9999976889136385,-0.9999975320704986,-0.9999969534473581,-0.9999968857801591,-1.0000000979248571,0.9999999979210089,-1.0000001283048503
-1.0000024044513158,1.0000025197683946,-1.0000028850913638,-1.0000023736361165,-1.0000026079905637,1.0000020909652703,1.000002912328477,-1.0000012588975355,-1.0000031554366502,1.0000032205021472,-1.0000028736163435,1.0000006997495265,1.0000009845617226,-1.0000004634250954,-1.0000004185150329,-1.0000007187555584,1.0000005619148917,1.0000002537313417,1.0000001860634158,1.0000031277078367,-1.0000001283048503,1.0000000022627988
