1.0000000051362268,-1.0000077629794353,1.0000049022522821,1.0000048749235857,-0.8090601687955148,0.809058511807803,-0.30908395613497963,-1.00000418567402,0.9999996687322535,-0.9999991690057813,0.9999996687322622,1.0000006699506505,-0.30895424577945224,0.8089841475298762,0.3089534232349163,0.3090868695235494,-0.808985098027627,-0.30908808434438517,-0.3090880843443847,-1.0000042666818398,1.0000041403917588,-1.0000035419795983,1.0000032436954533,1.0000032436954587,-1.0000022322275537,-1.0000022322275524,0.3090885788751315,0.30908857887512886,-0.309088699774145
-1.0000077629794353,1.0000000024681075,-1.0000054734294108,-1.000005446072853,0.8090590026745031,-0.8090573456897991,0.3090839372039637,1.0000023177763528,-0.9999978007354504,0.9999973010109858,-0.9999978007354573,-0.9999988019560919,0.30895311030064876,-0.8089822913429808,-0.30895228775733824,-0.30908685059672625,0.8089832418385258,0.3090880654200038,0.3090880654200034,1.0000023987463271,-1.0000022724749538,1.0000016739896467,-1.0000013757014021,-1.0000013757014068,1.0000003642321076,1.0000003642321065,-0.3090885599526729,-0.3090885599526699,0.3090886808524125
1.0000049022522821,-1.0000054734294108,1.0000000018664013,1.000002584753977,-0.8090497827817853,0.8090481257874113,-0.3090694378066704,-1.0000018988154151,0.9999973770469947,-0.9999968773999851,0.9999973770470031,0.9999983785731574,-0.30896735126407154,0.8089908340285623,0.30896652875689845,0.3090723513851488,-0.8089917845763989,-0.3090735662804497,-0.30907356628044896,-1.000004417593483,1.0000018528499166,-1.0000012512267895,1.0000009526743872,1.0000009526743918,-0.9999999409961513,-0.9999999409961492,0.3090740608586387,0.30907406085863537,-0.3090741817741773
1.0000048749235857,-1.000005446072853,1.000002584753977,1.0000000018272845,-0.809068100555626,0.8090664435819512,-0.30909910952650677,-1.000001866371788,0.9999973538272349,-0.9999968540282639,0.9999973538272422,0.9999983547514054,-0.3089376585232075,0.8089724624249615,0.30893683594534393,0.30910202273528375,-0.8089734128676194,-0.3091032374884793,-0.30910323748847895,-1.000001948585922,1.0000018216944337,-1.000003665317216,1.0000009281514677,1.0000009281514715,-0.9999999168841058,-0.9999999168841036,0.3091037319769777,0.30910373197697477,-0.30910385286140446
-0.8090601687955148,0.8090590026745031,-0.8090497827817853,-0.809068100555626,1.000000002595121,-1.0000048931203538,0.8090202265268144,0.8090246143842172,-0.8090894654124828,0.8090876292323227,-0.8090894654124882,-0.8090846462689477,-0.30901938396867534,-0.30902061453443824,0.30902101230791684,-0.8090211799267906,0.3090200498392562,0.8090219926530774,0.8090219926530747,0.8090407504740822,-0.8090324998348977,0.8090763214732405,-0.809080459224619,-0.8090804592246231,0.8090832577555719,0.80908325775557,-0.8090222364715149,-0.8090222364715148,0.809022267038918
0.809058511807803,-0.8090573456897991,0.8090481257874113,0.8090664435819512,-1.0000048931203538,1.0000000009100731,-0.8090224138502554,-0.8090253964944895,0.8090878084749463,-0.8090859722942478,0.8090878084749511,0.8090829893239875,0.3090201562634205,0.3090191131257522,-0.30902178460100016,0.8090209281125036,-0.30901854842842386,-0.8090217408360137,-0.8090217408360121,-0.8090390934708871,0.8090308428226645,-0.8090746645120066,0.8090788022686284,0.8090788022686347,-0.8090816008051476,-0.8090816008051446,0.8090219846531818,0.8090219846531793,-0.809022015220231
-0.30908395613497963,0.3090839372039637,-0.3090694378066704,-0.30909910952650677,0.8090202265268144,-0.8090224138502554,0.9999999996855344,0.30902942208395384,-0.30913889143299217,0.3091364198157662,-0.30913889143299245,-0.3091300913298671,-0.8090191976245111,0.3090118886225832,0.8090185708661469,-1.0000006274422506,-0.3090137530580557,0.9999982882743262,0.999998288274323,0.3090554558410168,-0.3090422293224748,0.3091137467539323,-0.30912074123303046,-0.3091207412330345,0.30912628174334705,0.3091262817433453,-0.9999981880986636,-0.9999981880986645,0.9999981166053966
-1.00000418567402,1.0000023177763528,-1.0000018988154151,-1.000001866371788,0.8090246143842172,-0.8090253964944895,0.30902942208395384,1.0000000008501566,-0.9999966540907258,0.9999961546779272,-0.9999966540907342,-0.9999976565437986,0.30900693063892315,-0.8090172973499482,-0.3090061082464469,-0.3090323361585204,0.8090158089215044,0.3090335512473627,0.3090335512473623,1.0000012659282884,-1.0000035814785206,1.0000005310874576,-1.0000002317290495,-1.0000002317290533,0.9999992194142355,0.9999992194142335,-0.30903404594798684,-0.3090340459479839,0.30903416690610486
0.9999996687322535,-0.9999978007354504,0.9999973770469947,0.9999973538272349,-0.8090894654124828,0.8090878084749463,-0.30913889143299217,-0.9999966540907258,0.9999999943956628,-0.9999940918512286,0.9999921527044825,0.9999931528801852,-0.30889465407497363,0.8089426623036614,0.3088938314148656,0.30914180415218856,-0.8089436126059253,-0.30914301872071065,-0.30914301872071026,-0.9999967393635386,0.9999966109474612,-0.9999960228064125,0.9999957254056153,0.9999957254056204,-0.9999947146474245,-0.9999947146474223,0.30914351309376215,0.3091435130937595,-0.3091436339383509
-0.9999991690057813,0.9999973010109858,-0.9999968773999851,-0.9999968540282639,0.8090876292323227,-0.8090859722942478,0.3091364198157662,0.9999961546779272,-0.9999940918512286,0.9999999936815198,-0.9999940918512382,-0.9999950920654411,0.3088968170972416,-0.8089436904966112,-0.30889599444206545,-0.30913933255914355,0.8089446408054725,0.30914054713655975,0.3091405471365587,0.9999962397946582,-0.9999961114565583,0.9999955229369214,-0.9999952255034111,-0.9999952255034169,0.9999942147194838,0.9999942147194811,-0.30914104151538735,-0.30914104151538435,0.30914116236201017
0.9999996687322622,-0.9999978007354573,0.9999973770470031,0.9999973538272422,-0.8090894654124882,0.8090878084749511,-0.30913889143299245,-0.9999966540907342,0.9999921527044825,-0.9999940918512382,0.9999999943956628,0.9999931528801933,-0.30889465407497807,0.8089426623036678,0.30889383141487026,0.30914180415218906,-0.8089436126059325,-0.30914301872071087,-0.3091430187207101,-0.999996739363546,0.9999966109474674,-0.9999960228064199,0.9999957254056228,0.9999957254056278,-0.999994714647433,-0.9999947146474298,0.3091435130937625,0.3091435130937592,-0.3091436339383513
1.0000006699506505,-0.9999988019560919,0.9999983785731574,0.9999983547514054,-0.8090846462689477,0.8090829893239875,-0.3091300913298671,-0.9999976565437986,0.9999931528801852,-0.9999950920654411,0.9999931528801933,0.9999999958243783,-0.30890407396611835,0.8089491037775183,0.3089032513230889,0.3091330041502491,-0.8089500541092743,-0.30913421875637076,-0.30913421875637026,-0.9999977411974189,0.9999976130901733,-0.9999970234474455,0.999996725916301,0.9999967259163046,-0.9999981541843171,-0.9999981541843117,0.3091347131530015,0.30913471315299856,-0.3091348340057427
-0.30895424577945224,0.30895311030064876,-0.30896735126407154,-0.3089376585232075,-0.30901938396867534,0.3090201562634205,-0.8090191976245111,0.30900693063892315,-0.30889465407497363,0.3088968170972416,-0.30889465407497807,-0.30890407396611835,1.0000000017399395,-0.8090195095261323,-1.0000061795156467,0.8090135860126785,0.8090195224290307,-0.8090129349616517,-0.8090129349616487,0.30898094258579695,-0.3089940932285142,0.30892219559518613,-0.308915015895624,-0.30891501589562315,0.30890884957610265,0.3089088495761029,0.8090125290148718,0.8090125290148741,-0.8090123827553773
0.8089841475298762,-0.8089822913429808,0.8089908340285623,0.8089724624249615,-0.30902061453443824,0.3090191131257522,0.3090118886225832,-0.8090172973499482,0.8089426623036614,-0.8089436904966112,0.8089426623036678,0.8089491037775183,-0.8090195095261323,1.0000000026827713,0.8090173681093681,-0.309008126805752,-1.0000082985529344,0.30900697342068983,0.3090069734206876,-0.8089988429980827,0.8090068943793979,-0.8089620803537569,0.8089574579475738,0.8089574579475757,-0.8089530212306312,-0.8089530212306298,-0.30900641676206747,-0.3090064167620708,0.30900625160322065
0.3089534232349163,-0.30895228775733824,0.30896652875689845,0.30893683594534393,0.30902101230791684,-0.30902178460100016,0.8090185708661469,-0.3090061082464469,0.3088938314148656,-0.30889599444206545,0.30889383141487026,0.3089032513230889,-1.0000061795156467,0.8090173681093681,1.000000003602683,-0.8090153984155927,-0.8090198201488011,0.8090147473776855,0.8090147473776828,-0.3089801201159127,0.3089932707966228,-0.30892137298551003,0.3089141932711521,0.3089141932711511,-0.30890802694038755,-0.30890802694038805,-0.8090143414385219,-0.8090143414385244,0.8090141951815121
0.3090868695235494,-0.30908685059672625,0.3090723513851488,0.30910202273528375,-0.8090211799267906,0.8090209281125036,-1.0000006274422506,-0.3090323361585204,0.30914180415218856,-0.30913933255914355,0.30914180415218906,0.3091330041502491,0.8090135860126785,-0.309008126805752,-0.8090153984155927,0.9999999977268532,0.3090099912412384,-0.99999935624498,-0.9999993562449775,-0.30905836959646366,0.3090451432441905,-0.30911665978030356,0.3091236541738483,0.3091236541738523,-0.30912919461455973,-0.3091291946145582,0.9999968169719614,0.9999968169719624,-0.999996745489802
-0.808985098027627,0.8089832418385258,-0.8089917845763989,-0.8089734128676194,0.3090200498392562,-0.30901854842842386,-0.3090137530580557,0.8090158089215044,-0.8089436126059253,0.8089446408054725,-0.8089436126059325,-0.8089500541092743,0.8090195224290307,-1.0000082985529344,-0.8090198201488011,0.3090099912412384,1.0000000056866216,-0.3090088378577732,-0.3090088378577715,0.8089997935976024,-0.8090078450305203,0.8089630307445023,-0.8089584083146386,-0.8089584083146408,0.8089539715777018,0.8089539715777003,0.3090082812001701,0.30900828120017304,-0.30900811604165224
-0.30908808434438517,0.3090880654200038,-0.3090735662804497,-0.3091032374884793,0.8090219926530774,-0.8090217408360137,0.9999982882743262,0.3090335512473627,-0.30914301872071065,0.30914054713655975,-0.30914301872071087,-0.30913421875637076,-0.8090129349616517,0.30900697342068983,0.8090147473776855,-0.99999935624498,-0.3090088378577732,0.9999999978697337,0.999997017157931,0.309059584560699,-0.309046358273383,0.3091178744641872,-0.30912486882531054,-0.3091248688253142,0.30913040923977825,0.30913040923977697,-0.9999993561606616,-0.9999969170296065,0.9999968455519256
-0.3090880843443847,0.3090880654200034,-0.30907356628044896,-0.30910323748847895,0.8090219926530747,-0.8090217408360121,0.999998288274323,0.3090335512473623,-0.30914301872071026,0.3091405471365587,-0.3091430187207101,-0.30913421875637026,-0.8090129349616487,0.3090069734206876,0.8090147473776828,-0.9999993562449775,-0.3090088378577715,0.999997017157931,0.9999999978697337,0.3090595845606985,-0.30904635827338256,0.30911787446418676,-0.30912486882531043,-0.30912486882531404,0.3091304092397778,0.30913040923977636,-0.9999969170296023,-0.9999993561606628,0.9999968455519224
-1.0000042666818398,1.0000023987463271,-1.000004417593483,-1.000001948585922,0.8090407504740822,-0.8090390934708871,0.3090554558410168,1.0000012659282884,-0.9999967393635386,0.9999962397946582,-0.999996739363546,-0.9999977411974189,0.30898094258579695,-0.8089988429980827,-0.3089801201159127,-0.30905836959646366,0.8089997935976024,0.309059584560699,0.3090595845606985,1.0000000009600212,-1.0000036584176306,1.0000006144769749,-1.000000315657442,-1.0000003156574468,0.9999993037683633,0.9999993037683611,-0.30906007918253464,-0.30906007918253187,0.30906020011324514
1.0000041403917588,-1.0000022724749538,1.0000018528499166,1.0000018216944337,-0.8090324998348977,0.8090308428226645,-0.3090422293224748,-1.0000035814785206,0.9999966109474612,-0.9999961114565583,0.9999966109474674,0.9999976130901733,-0.3089940932285142,0.8090068943793979,0.3089932707966228,0.3090451432441905,-0.8090078450305203,-0.309046358273383,-0.30904635827338256,-1.0000036584176306,1.0000000007820542,-1.0000004869997536,1.000000187911583,1.0000001879115876,-0.9999991758103062,-0.999999175810303,0.3090468529362711,0.30904685293626816,-0.30904697388125
-1.0000035419795983,1.0000016739896467,-1.0000012512267895,-1.000003665317216,0.8090763214732405,-0.8090746645120066,0.3091137467539323,1.0000005310874576,-0.9999960228064125,0.9999955229369214,-0.9999960228064199,-0.9999970234474455,0.30892219559518613,-0.8089620803537569,-0.30892137298551003,-0.30911665978030356,0.8089630307445023,0.3091178744641872,0.30911787446418676,1.0000006144769749,-1.0000004869997536,0.9999999999245278,-1.0000020356479282,-1.000002035647937,0.9999985854423966,0.9999985854423945,-0.30911836890923633,-0.30911836890923344,0.30911848977864786
1.0000032436954533,-1.0000013757014021,1.0000009526743872,1.0000009281514677,-0.809080459224619,0.8090788022686284,-0.30912074123303046,-1.0000002317290495,0.9999957254056153,-0.9999952255034111,0.9999957254056228,0.999996725916301,-0.308915015895624,0.8089574579475738,0.3089141932711521,0.3091236541738483,-0.8089584083146386,-0.30912486882531054,-0.30912486882531043,-1.000000315657442,1.000000187911583,-1.0000020356479282,0.9999999994992539,0.9999992988341646,-1.0000007269792806,-0.9999982878482255,0.30912536324995454,0.30912536324995127,-0.3091254841123008
1.0000032436954587,-1.0000013757014068,1.0000009526743918,1.0000009281514715,-0.8090804592246231,0.8090788022686347,-0.3091207412330345,-1.0000002317290533,0.9999957254056204,-0.9999952255034169,0.9999957254056278,0.9999967259163046,-0.30891501589562315,0.8089574579475757,0.3089141932711511,0.3091236541738523,-0.8089584083146408,-0.3091248688253142,-0.30912486882531404,-1.0000003156574468,1.0000001879115876,-1.000002035647937,0.9999992988341646,0.9999999994992539,-0.9999982878482333,-1.00000072697929,0.30912536324995826,0.3091253632499552,-0.30912548411230467
-1.0000022322275537,1.0000003642321076,-0.9999999409961513,-0.9999999168841058,0.8090832577555719,-0.8090816008051476,0.30912628174334705,0.9999992194142355,-0.9999947146474245,0.9999942147194838,-0.999994714647433,-0.9999981541843171,0.30890884957610265,-0.8089530212306312,-0.30890802694038755,-0.30912919461455973,0.8089539715777018,0.30913040923977825,0.3091304092397778,0.9999993037683633,-0.9999991758103062,0.9999985854423966,-1.0000007269792806,-0.9999982878482333,0.9999999980552632,0.9999972769336751,-0.3091309036480895,-0.3091309036480865,0.3091310245048138
-1.0000022322275524,1.0000003642321065,-0.9999999409961492,-0.9999999168841036,0.80908325775557,-0.8090816008051446,0.3091262817433453,0.9999992194142335,-0.9999947146474223,0.9999942147194811,-0.9999947146474298,-0.9999981541843117,0.3089088495761029,-0.8089530212306298,-0.30890802694038805,-0.3091291946145582,0.8089539715777003,0.30913040923977697,0.30913040923977636,0.9999993037683611,-0.999999175810303,0.9999985854423945,-0.9999982878482255,-1.00000072697929,0.9999972769336751,0.9999999980552632,-0.30913090364808776,-0.3091309036480846,0.3091310245048123
0.3090885788751315,-0.3090885599526729,0.3090740608586387,0.3091037319769777,-0.8090222364715149,0.8090219846531818,-0.9999981880986636,-0.30903404594798684,0.30914351309376215,-0.30914104151538735,0.3091435130937625,0.3091347131530015,0.8090125290148718,-0.30900641676206747,-0.8090143414385219,0.9999968169719614,0.3090082812001701,-0.9999993561606616,-0.9999969170296023,-0.30906007918253464,0.3090468529362711,-0.30911836890923633,0.30912536324995454,0.30912536324995826,-0.3091309036480895,-0.30913090364808776,0.9999999977267208,0.9999968169092776,-0.999999184565299
0.30908857887512886,-0.3090885599526699,0.30907406085863537,0.30910373197697477,-0.8090222364715148,0.8090219846531793,-0.9999981880986645,-0.3090340459479839,0.3091435130937595,-0.30914104151538435,0.3091435130937592,0.30913471315299856,0.8090125290148741,-0.3090064167620708,-0.8090143414385244,0.9999968169719624,0.30900828120017304,-0.9999969170296065,-0.9999993561606628,-0.30906007918253187,0.30904685293626816,-0.30911836890923344,0.30912536324995127,0.3091253632499552,-0.3091309036480865,-0.3091309036480846,0.9999968169092776,0.9999999977267208,-0.9999991845652961
-0.309088699774145,0.3090886808524125,-0.3090741817741773,-0.30910385286140446,0.809022267038918,-0.809022015220231,0.9999981166053966,0.30903416690610486,-0.3091436339383509,0.30914116236201017,-0.3091436339383513,-0.3091348340057427,-0.8090123827553773,0.30900625160322065,0.8090141951815121,-0.999996745489802,-0.30900811604165224,0.9999968455519256,0.9999968455519224,0.30906020011324514,-0.30904697388125,0.30911848977864786,-0.3091254841123008,-0.30912548411230467,0.3091310245048138,0.3091310245048123,-0.999999184565299,-0.9999991845652961,0.9999999976246301
