0.9999999969004892,-0.9999963979631727,0.9998197300509258,0.9998189914962249,-0.9605417983639439,0.9605407842222367,-0.9605392158356376,-0.6726437565022343,0.9887231015365038,0.05503672784498302,-0.9231349119631678,-0.9992916214189627,0.47366408141557587,0.05461102584866404,-0.9857327326502725,0.9605341486411406,0.9984093530750154,-0.9605344410079091,-0.9992903366597671,0.9605348117672051,-0.9605361088366282,-0.9605353131370935,0.960537108138025,0.9605403945133171,-0.37439586269335656,0.27062600537272896,-0.1636021678473875,0.960535911790138,-0.9605366456887201
-0.9999963979631727,0.9999999960410916,-0.9998203106283,-0.999819690831672,0.9605405864024408,-0.9605395976382705,0.9605380774678688,0.6726417824358033,-0.9887218920525634,-0.05503497782004412,0.9231345729681341,0.9992907438162574,-0.4736649976335306,-0.054612625474697994,0.9857321006539658,-0.9605335854818644,-0.9984086432070631,0.9605337208632895,0.9992896936908321,-0.9605339344029393,0.9605351397715043,0.9605343757695047,-0.9605360592064023,-0.9605392335583457,0.3743969390294746,-0.270627254106928,0.1636035966071492,-0.9605349244131366,0.9605356204204952
0.9998197300509258,-0.9998203106283,0.9999999971009698,0.999290385274367,-0.9551477215344931,0.9551467894429383,-0.9551453759686979,-0.6864159081641985,0.9913593391749856,0.07377141378568289,-0.9157536346730143,-0.9998212618914605,0.45704657695903295,0.0358563889967962,-0.9823989037725841,0.9551421170901432,0.9971760311592865,-0.9551419194855084,-0.9984092714026284,0.9551417997241972,-0.9551428061091985,-0.95514211160281,0.9551435531597896,0.9551464796275129,-0.35692174014446953,0.25250543031329536,-0.1450530507544724,0.9551425516623567,-0.9551431648650113
0.9998189914962249,-0.999819690831672,0.999290385274367,0.9999999963569565,-0.9655944917996602,0.9655934937277625,-0.9655919560389828,-0.6586287064264137,0.9857358413032697,0.036276524870250716,-0.9301911999545301,-0.9984097915752639,0.4901186869675635,0.07335220085876168,-0.9887186275826487,0.9655872822452247,0.9992900696976024,-0.965587463587154,-0.9998200740645536,0.9655877239739762,-0.9655889601626991,-0.9655881847309066,0.965589906419926,0.9655931218285836,-0.39174248384422944,0.2886561001601816,-0.1820989904502774,0.9655887505476558,-0.9655894600258736
-0.9605417983639439,0.9605405864024408,-0.9551477215344931,-0.9655944917996602,1.0000000039761183,-1.0000061287997866,1.000003758436205,0.44025279516281113,-0.9080489092747301,0.2248945931996077,0.993657006788026,0.9494172869803007,-0.6999650354445386,-0.33022082966203997,0.9936525749695693,-1.000005024751042,-0.9746772167788762,1.0000035823048676,0.9703072299866111,-1.0000021949288809,1.0000024947254684,1.0000020471245863,-1.0000026179094215,-1.000004721358498,0.6175671138388251,-0.5277443499414228,0.43157696536187096,-1.0000021060738677,1.0000024279759516
0.9605407842222367,-0.9605395976382705,0.9551467894429383,0.9655934937277625,-1.0000061287997866,1.0000000028930451,-1.0000042884782618,-0.4402530322263752,0.9080482549274761,-0.224893623077543,-0.9936559153018817,-0.9494164321342928,0.6999638199313448,0.3302197899569833,-0.9936515779936541,1.0000040045138399,0.9746762628152337,-1.000002626636332,-0.9703062443896846,1.00000130446502,-1.0000016422902531,-1.0000011813725402,1.000001798576022,1.0000039474436018,-0.6175659363112822,0.5277432123946967,-0.4315758712583494,1.0000012610319806,-1.0000015987519675
-0.9605392158356376,0.9605380774678688,-0.9551453759686979,-0.9655919560389828,1.000003758436205,-1.0000042884782618,1.0000000013275676,0.4402536785133841,-0.908047357586717,0.2248918312292257,0.9936541946420254,0.949415164161611,-0.6999617425140249,-0.33021791184304355,0.9936500441732307,-1.0000024262045688,-0.974674809640317,1.0000011737205117,0.9703047306380095,-0.999999978530408,1.0000003904359565,0.9999999033979434,-1.0000019243290819,-1.000004162160671,0.6175639050808137,-0.5277412263167198,0.4315739314789662,-1.0000000234513842,1.0000003921225888
-0.6726437565022343,0.6726417824358033,-0.6864159081641985,-0.6586287064264137,0.44025279516281113,-0.4402530322263752,0.4402536785133841,1.0000000003956229,-0.7758664044467632,-0.7758670333778515,0.3364410074182968,0.6999467149654102,0.3330878575528911,0.702129696093235,0.5385088224395671,-0.44026867354707183,-0.6299078843365796,0.4402640229584452,0.6443823065728654,-0.4402594090678819,0.4402572528847138,0.440257806646096,-0.44025530910974253,-0.44025358465814646,-0.43431614451899153,0.5303221689010754,-0.6199524596565522,-0.4402565559144854,0.44025576631439584
0.9887231015365038,-0.9887218920525634,0.9913593391749856,0.9857358413032697,-0.9080489092747301,0.9080482549274761,-0.908047357586717,-0.7758664044467632,0.9999999987070438,0.20393413501887786,-0.8551531640558951,-0.993647842859611,0.33644082117416724,-0.09552660503177557,-0.949415682395668,0.9080498006331167,0.9787207849520353,-0.9080480858406674,-0.9824017040055856,0.9080464465441284,-0.9080465219251286,-0.908046159145391,0.9080464650102527,0.908048197995517,-0.23131906541774996,0.12341617177242793,-0.01402930143017713,0.9080460924242055,-0.9080463140532327
0.05503672784498302,-0.05503497782004412,0.07377141378568289,0.036276524870250716,0.2248945931996077,-0.224893623077543,0.2248918312292257,-0.7758670333778515,0.20393413501887786,1.0000000002425609,0.3330871808526166,-0.0924806146862182,-0.8533051585359201,-0.9939906529590575,0.11379650633141866,-0.22487252087168377,-0.0012751078631185228,0.22487759740769622,-0.017504191266631348,-0.22488268920776452,0.2248858735863924,0.22488472901754794,-0.22488862427861622,-0.22489277211205935,0.9052608178755366,-0.9463331997915665,0.9760283019721836,-0.22488647112975832,0.2248878219539034
-0.9231349119631678,0.9231345729681341,-0.9157536346730143,-0.9301911999545301,0.993657006788026,-0.9936559153018817,0.9936541946420254,0.3364410074182968,-0.8551531640558951,0.3330871808526166,0.999999999487667,0.9080496820894938,-0.7758672262357047,-0.43431572140688124,0.9746734153756191,-0.9936485752823858,-0.9433180837119832,0.9936480494277256,0.9369198337016937,-0.9936489205500799,0.9936505256470484,0.9936496261194554,-0.9936517965418409,-0.9936554540609003,0.7021307169155055,-0.619953485622826,0.530322651647262,-0.9936504029445031,0.9936512672374035
-0.9992916214189627,0.9992907438162574,-0.9998212618914605,-0.9984097915752639,0.9494172869803007,-0.9494164321342928,0.949415164161611,0.6999467149654102,-0.993647842859611,-0.0924806146862182,0.9080496820894938,0.9999999972603635,-0.44026770199992776,-0.017088646017185297,0.9787190115607748,-0.9494135944472253,-0.9955927894388731,0.9494129396062246,0.9971765303358502,-0.9494123624182412,0.9494130968260589,0.9494124971498435,-0.9494136082194895,-0.9494161968460942,0.33932149472823997,-0.2342954890960747,0.12645239057692614,-0.949412788946299,0.9494132891620713
0.47366408141557587,-0.4736649976335306,0.45704657695903295,0.4901186869675635,-0.6999650354445386,0.6999638199313448,-0.6999617425140249,0.3330878575528911,0.33644082117416724,-0.8533051585359201,-0.7758672262357047,-0.44026770199992776,1.0000000016971577,0.9052606422550484,-0.6151318302618823,0.6999459278848057,0.5225036773923696,-0.699949498167453,-0.5064002277703897,0.6999531257684845,-0.6999559957227797,-0.6999547819806198,0.6999584099425408,0.6999630354112842,-0.9939932680982791,0.9760302042354819,-0.9463340622187401,0.6999562956675451,-0.6999576170754583
0.05461102584866404,-0.054612625474697994,0.0358563889967962,0.07335220085876168,-0.33022082966203997,0.3302197899569833,-0.33021791184304355,0.702129696093235,-0.09552660503177557,-0.9939906529590575,-0.43431572140688124,-0.017088646017185297,0.9052606422550484,1.0000000005512495,-0.2218838312550711,0.33019922397621765,0.11074991319833502,-0.33020400341659617,-0.09206692472436785,0.330208803705315,-0.33021194570595225,-0.330210774680769,0.3302146433630239,0.3302189457851694,-0.9463340695072006,0.9760291282807216,-0.9939912506797717,0.33021247970192236,-0.3302138359249582
-0.9857327326502725,0.9857321006539658,-0.9823989037725841,-0.9887186275826487,0.9936525749695693,-0.9936515779936541,0.9936500441732307,0.5385088224395671,-0.949415682395668,0.11379650633141866,0.9746734153756191,0.9787190115607748,-0.6151318302618823,-0.2218838312550711,0.9999999975849522,-0.9936468801520498,-0.9936457946324433,0.9936456750080972,0.9913563861153235,-0.9936458648364992,0.9936470801031875,0.9936463083717262,-0.9936480081968565,-0.9936512174237047,0.5251166457264328,-0.4287877456136272,0.327303474747613,-0.993646865671367,0.9936475704720773
0.9605341486411406,-0.9605335854818644,0.9551421170901432,0.9655872822452247,-1.000005024751042,1.0000040045138399,-1.0000024262045688,-0.44026867354707183,0.9080498006331167,-0.22487252087168377,-0.9936485752823858,-0.9494135944472253,0.6999459278848057,0.33019922397621765,-0.9936468801520498,0.9999999981387584,0.9746712056065334,-0.9999989662882683,-0.9703003709382446,0.999997993447232,-0.9999992993295163,-0.9999984982523512,1.0000003061465936,1.0000036234005811,-0.6175475574366588,0.5277241820175368,-0.43155604740272907,0.9999991075554104,-0.9999998497088288
0.9984093530750154,-0.9984086432070631,0.9971760311592865,0.9992900696976024,-0.9746772167788762,0.9746762628152337,-0.974674809640317,-0.6299078843365796,0.9787207849520353,-0.0012751078631185228,-0.9433180837119832,-0.9955927894388731,0.5225036773923696,0.11074991319833502,-0.9936457946324433,0.9746712056065334,0.9999999966093278,-0.9746710872100833,-0.999820296331595,0.9746710492375597,-0.9746721182669367,-0.9746713988460318,0.9746729193453755,0.9746759385049802,-0.4260151173258475,0.32440436218781543,-0.21889315132822046,0.9746718741996019,-0.974672516199248
-0.9605344410079091,0.9605337208632895,-0.9551419194855084,-0.965587463587154,1.0000035823048676,-1.000002626636332,1.0000011737205117,0.4402640229584452,-0.9080480858406674,0.22487759740769622,0.9936480494277256,0.9494129396062246,-0.699949498167453,-0.33020400341659617,0.9936456750080972,-0.9999989662882683,-0.9746710872100833,0.9999999982179174,0.9703004627723991,-0.9999987430765407,0.9999984946933679,0.9999977782413652,-0.99999928925777,-1.0000023141789298,0.6175513639393938,-0.5277282802980005,0.4315604867588968,-0.9999982553016001,0.9999988966632459
-0.9992903366597671,0.9992896936908321,-0.9984092714026284,-0.9998200740645536,0.9703072299866111,-0.9703062443896846,0.9703047306380095,0.6443823065728654,-0.9824017040055856,-0.017504191266631348,0.9369198337016937,0.9971765303358502,-0.5064002277703897,-0.09206692472436785,0.9913563861153235,-0.9703003709382446,-0.999820296331595,0.9703004627723991,0.9999999965676212,-0.9703006344394607,0.9703018222673785,0.9703010627117443,-0.9703027265668318,-0.9703058865554967,0.4089506410340996,-0.30658399279516,0.2005310980574902,-0.9703016025260609,0.9703022927982802
0.9605348117672051,-0.9605339344029393,0.9551417997241972,0.9655877239739762,-1.0000021949288809,1.00000130446502,-0.999999978530408,-0.4402594090678819,0.9080464465441284,-0.22488268920776452,-0.9936489205500799,-0.9494123624182412,0.6999531257684845,0.330208803705315,-0.9936458648364992,0.999997993447232,0.9746710492375597,-0.9999987430765407,-0.9703006344394607,0.9999999978105106,-0.9999990668198222,-0.9999984363194614,0.9999983330217711,1.0000010618456954,-0.6175552174615733,0.5277324155250771,-0.4315649541380635,0.9999974663537841,-0.9999980053735145
-0.9605361088366282,0.9605351397715043,-0.9551428061091985,-0.9655889601626991,1.0000024947254684,-1.0000016422902531,1.0000003904359565,0.4402572528847138,-0.9080465219251286,0.2248858735863924,0.9936505256470484,0.9494130968260589,-0.6999559957227797,-0.33021194570595225,0.9936470801031875,-0.9999992993295163,-0.9746721182669367,0.9999984946933679,0.9703018222673785,-0.9999990668198222,0.9999999988786741,0.9999978502741126,-1.00000019693141,-1.0000014403713575,0.6175581330578559,-0.5277353979769619,0.43156802144369727,-0.9999981149913121,0.99999859434989
-0.9605353131370935,0.9605343757695047,-0.95514211160281,-0.9655881847309066,1.0000020471245863,-1.0000011813725402,0.9999999033979434,0.440257806646096,-0.908046159145391,0.22488472901754794,0.9936496261194554,0.9494124971498435,-0.6999547819806198,-0.330210774680769,0.9936463083717262,-0.9999984982523512,-0.9746713988460318,0.9999977782413652,0.9703010627117443,-0.9999984363194614,0.9999978502741126,0.9999999980371236,-0.999998347996103,-1.0000009649243637,0.6175569327068434,-0.5277342071467911,0.4315668372832116,-0.9999988570123182,0.9999980446660085
0.960537108138025,-0.9605360592064023,0.9551435531597896,0.965589906419926,-1.0000026179094215,1.000001798576022,-1.0000019243290819,-0.44025530910974253,0.9080464650102527,-0.22488862427861622,-0.9936517965418409,-0.9494136082194895,0.6999584099425408,0.3302146433630239,-0.9936480081968565,1.0000003061465936,0.9746729193453755,-0.99999928925777,-0.9703027265668318,0.9999983330217711,-1.00000019693141,-0.999998347996103,0.9999999994474411,1.0000016325284093,-0.617560596144226,0.527737929841624,-0.43157063960362385,0.9999985440780722,-1.0000002837662398
0.9605403945133171,-0.9605392335583457,0.9551464796275129,0.9655931218285836,-1.000004721358498,1.0000039474436018,-1.000004162160671,-0.44025358465814646,0.908048197995517,-0.22489277211205935,-0.9936554540609003,-0.9494161968460942,0.6999630354112842,0.3302189457851694,-0.9936512174237047,1.0000036234005811,0.9746759385049802,-1.0000023141789298,-0.9703058865554967,1.0000010618456954,-1.0000014403713575,-1.0000009649243637,1.0000016325284093,1.0000000027343745,-0.6175651422672864,0.5277424034923599,-0.43157504308019534,1.0000010668057018,-1.0000014216587914
-0.37439586269335656,0.3743969390294746,-0.35692174014446953,-0.39174248384422944,0.6175671138388251,-0.6175659363112822,0.6175639050808137,-0.43431614451899153,-0.23131906541774996,0.9052608178755366,0.7021307169155055,0.33932149472823997,-0.9939932680982791,-0.9463340695072006,0.5251166457264328,-0.6175475574366588,-0.4260151173258475,0.6175513639393938,0.4089506410340996,-0.6175552174615733,0.6175581330578559,0.6175569327068434,-0.617560596144226,-0.6175651422672864,1.0000000027506242,-0.9939934706052734,0.9760302077109636,-0.6175584800202248,0.617559803569454
0.27062600537272896,-0.270627254106928,0.25250543031329536,0.2886561001601816,-0.5277443499414228,0.5277432123946967,-0.5277412263167198,0.5303221689010754,0.12341617177242793,-0.9463331997915665,-0.619953485622826,-0.2342954890960747,0.9760302042354819,0.9760291282807216,-0.4287877456136272,0.5277241820175368,0.32440436218781543,-0.5277282802980005,-0.30658399279516,0.5277324155250771,-0.5277353979769619,-0.5277342071467911,0.527737929841624,0.5277424034923599,-0.9939934706052734,1.0000000020019995,-0.9939922967900783,0.5277358008740222,-0.5277371334121217
-0.1636021678473875,0.1636035966071492,-0.1450530507544724,-0.1820989904502774,0.43157696536187096,-0.4315758712583494,0.4315739314789662,-0.6199524596565522,-0.01402930143017713,0.9760283019721836,0.530322651647262,0.12645239057692614,-0.9463340622187401,-0.9939912506797717,0.327303474747613,-0.43155604740272907,-0.21889315132822046,0.4315604867588968,0.2005310980574902,-0.4315649541380635,0.43156802144369727,0.4315668372832116,-0.43157063960362385,-0.43157504308019534,0.9760302077109636,-0.9939922967900783,1.0000000011331882,-0.43156848869054704,0.4315698358994305
0.960535911790138,-0.9605349244131366,0.9551425516623567,0.9655887505476558,-1.0000021060738677,1.0000012610319806,-1.0000000234513842,-0.4402565559144854,0.9080460924242055,-0.22488647112975832,-0.9936504029445031,-0.949412788946299,0.6999562956675451,0.33021247970192236,-0.993646865671367,0.9999991075554104,0.9746718741996019,-0.9999982553016001,-0.9703016025260609,0.9999974663537841,-0.9999981149913121,-0.9999988570123182,0.9999985440780722,1.0000010668057018,-0.6175584800202248,0.5277358008740222,-0.43156848869054704,0.9999999984236914,-0.9999995742055386
-0.9605366456887201,0.9605356204204952,-0.9551431648650113,-0.9655894600258736,1.0000024279759516,-1.0000015987519675,1.0000003921225888,0.44025576631439584,-0.9080463140532327,0.2248878219539034,0.9936512672374035,0.9494132891620713,-0.6999576170754583,-0.3302138359249582,0.9936475704720773,-0.9999998497088288,-0.974672516199248,0.9999988966632459,0.9703022927982802,-0.9999980053735145,0.99999859434989,0.9999980446660085,-1.0000002837662398,-1.0000014216587914,0.617559803569454,-0.5277371334121217,0.4315698358994305,-0.9999995742055386,0.9999999990739608
