0.9999999968222918,-0.9999957006003428,0.9999952609424059,0.999996725850685,-1.0000025442574252,1.00000189613791,1.000002852109679,-1.0000010102013634,-1.0000017884013344,0.9999965449837832,-0.9999977334504123,-0.9999954631453122,0.9999998962391005,0.9999947178012002,-0.9999942133272552,0.9999942979517257,0.9999938521272566,-1.0000007492245973,-0.9999946558094467,1.0000013958541063
-0.9999957006003428,0.9999999971716621,-0.9999953905875605,-0.9999968554962081,1.0000027877329136,-1.000002139613234,-1.0000030955852461,1.000001253676466,1.000002031876632,-0.9999967884577694,0.9999979769246959,0.9999957066190278,-1.0000001397139229,-0.9999949612747319,0.9999944568006625,-0.9999945414251521,-0.9999940956005732,1.0000009926996345,0.9999948992829633,-1.000001639329304
0.9999952609424059,-0.9999953905875605,0.999999996377442,0.9999964158376458,-1.0000022342427441,1.0000015861233997,1.0000025420949217,-1.0000007001871039,-1.0000014783868547,0.999996234970795,-0.9999974234370815,-0.999995039304127,0.9999995862251537,0.9999944077887456,-0.999993903314952,0.9999939879393938,0.9999935421150669,-1.0000004392104067,-0.9999942319684972,1.000001085839734
0.999996725850685,-0.9999968554962081,0.9999964158376458,0.9999999984794993,-1.0000036991609031,1.0000030510406706,1.0000040070134928,-1.0000021651031235,-1.000002943303974,0.999997699880484,-0.9999987745199509,-0.99999661804078,1.000001051139604,0.9999958726958134,-0.9999953682212875,0.9999954528458551,0.9999950070208632,-1.0000019041260635,-0.9999958107039891,1.0000025507563028
-1.0000025442574252,1.0000027877329136,-1.0000022342427441,-1.0000036991609031,1.0000000068286,-1.00000875565424,-1.0000097116321265,1.0000079835403137,1.0000087617454743,-1.0000035182927816,1.0000047067674331,1.0000024364470121,-1.0000068695706363,-1.0000016910977902,1.0000011866203826,-1.0000012712454427,-1.0000008254178079,1.0000077225618251,1.0000016291056313,-1.0000083691956405
1.00000189613791,-1.000002139613234,1.0000015861233997,1.0000030510406706,-1.00000875565424,1.0000000058985812,1.00000917733677,-1.0000072215889897,-1.0000079997936924,1.0000028701726582,-1.0000040586465864,-1.000001788327546,1.000006221448487,1.0000010429787882,-1.0000005385016972,1.000000623126704,1.0000001772993636,-1.0000070744391674,-1.0000009809866646,1.0000077210725973
1.000002852109679,-1.0000030955852461,1.0000025420949217,1.0000040070134928,-1.0000097116321265,1.00000917733677,1.0000000072703525,-1.000008291394094,-1.0000090695994677,1.00000382614532,-1.0000050146203083,-1.0000027442992456,1.0000071774241122,1.0000019989498066,-1.0000014944722504,1.0000015790973396,1.000001133269561,-1.0000080304155339,-1.000001936957631,1.0000086770495271
-1.0000010102013634,1.000001253676466,-1.0000007001871039,-1.0000021651031235,1.0000079835403137,-1.0000072215889897,-1.000008291394094,1.0000000046273076,1.0000072276803773,-1.0000019842352665,1.0000031727081848,1.0000009023910754,-1.0000052216797446,-1.000000157042966,0.9999996525663114,-0.999999737191243,-0.9999992913643057,1.000006188498214,1.0000000950508927,-1.000006835131102
-1.0000017884013344,1.000002031876632,-1.0000014783868547,-1.000002943303974,1.0000087617454743,-1.0000079997936924,-1.0000090695994677,1.0000072276803773,1.0000000057439846,-1.0000027624359813,1.0000039509097907,1.0000016805909793,-1.0000061137114713,-1.0000009352423005,1.0000004307652601,-1.0000005153902585,-1.000000069562965,1.0000069667020655,1.000000873250181,-1.0000074995069264
0.9999965449837832,-0.9999967884577694,0.999996234970795,0.999997699880484,-1.0000035182927816,1.0000028701726582,1.00000382614532,-1.0000019842352665,-1.0000027624359813,0.999999998219966,-0.9999985936526695,-0.9999963233453842,1.0000008702719392,0.999995691829061,-0.9999951873546251,0.9999952719791775,0.9999948261542673,-1.0000017232582508,-0.9999956298372465,1.0000023698883775
-0.9999977334504123,0.9999979769246959,-0.9999974234370815,-0.9999987745199509,1.0000047067674331,-1.0000040586465864,-1.0000050146203083,1.0000031727081848,1.0000039509097907,-0.9999985936526695,0.9999999999253475,0.999997625640415,-1.0000019449150706,-0.9999968802947041,0.9999963758196762,-0.9999964604443308,-0.9999960146188797,1.0000029117308709,0.9999968183028206,-1.0000035583617388
-0.9999954631453122,0.9999957066190278,-0.999995039304127,-0.99999661804078,1.0000024364470121,-1.000001788327546,-1.0000027442992456,1.0000009023910754,1.0000016805909793,-0.9999963233453842,0.999997625640415,0.9999999966675911,-0.9999997884289085,-0.9999944961629741,0.9999941055175889,-0.9999941901420484,-0.9999937443176294,1.0000006414143316,0.999994547999734,-1.0000012880437827
0.9999998962391005,-1.0000001397139229,0.9999995862251537,1.000001051139604,-1.0000068695706363,1.000006221448487,1.0000071774241122,-1.0000052216797446,-1.0000061137114713,1.0000008702719392,-1.0000019449150706,-0.9999997884289085,1.0000000030288307,0.999999043081612,-0.9999985386055089,0.9999986232303464,0.9999981774039154,-1.0000049607018988,-0.9999989810896034,1.0000057211626094
0.9999947178012002,-0.9999949612747319,0.9999944077887456,0.9999958726958134,-1.0000016910977902,1.0000010429787882,1.0000019989498066,-1.000000157042966,-1.0000009352423005,0.999995691829061,-0.9999968802947041,-0.9999944961629741,0.999999043081612,0.9999999955980674,-0.9999932463459701,0.9999934447988764,0.9999929989747948,-0.9999998960664105,-0.9999938026562945,1.0000005426953895
-0.9999942133272552,0.9999944568006625,-0.999993903314952,-0.9999953682212875,1.0000011866203826,-1.0000005385016972,-1.0000014944722504,0.9999996525663114,1.0000004307652601,-0.9999951873546251,0.9999963758196762,0.9999941055175889,-0.9999985386055089,-0.9999932463459701,0.9999999948741778,-0.9999928264970543,-0.999992380673203,0.9999993915898847,0.9999932981828038,-1.0000000382185443
0.9999942979517257,-0.9999945414251521,0.9999939879393938,0.9999954528458551,-1.0000012712454427,1.000000623126704,1.0000015790973396,-0.999999737191243,-1.0000005153902585,0.9999952719791775,-0.9999964604443308,-0.9999941901420484,0.9999986232303464,0.9999934447988764,-0.9999928264970543,0.999999994995609,0.9999925791260348,-0.9999994762147962,-0.9999932689786867,1.0000001228435091
0.9999938521272566,-0.9999940956005732,0.9999935421150669,0.9999950070208632,-1.0000008254178079,1.0000001772993636,1.000001133269561,-0.9999992913643057,-1.000000069562965,0.9999948261542673,-0.9999960146188797,-0.9999937443176294,0.9999981774039154,0.9999929989747948,-0.999992380673203,0.9999925791260348,0.9999999943558783,-0.9999990303879756,-0.9999929369831437,0.999999677016396
-1.0000007492245973,1.0000009926996345,-1.0000004392104067,-1.0000019041260635,1.0000077225618251,-1.0000070744391674,-1.0000080304155339,1.000006188498214,1.0000069667020655,-1.0000017232582508,1.0000029117308709,1.0000006414143316,-1.0000049607018988,-0.9999998960664105,0.9999993915898847,-0.9999994762147962,-0.9999990303879756,1.0000000042528197,0.9999998340743519,-1.0000064603243828
-0.9999946558094467,0.9999948992829633,-0.9999942319684972,-0.9999958107039891,1.0000016291056313,-1.0000009809866646,-1.000001936957631,1.0000000950508927,1.000000873250181,-0.9999956298372465,0.9999968183028206,0.999994547999734,-0.9999989810896034,-0.9999938026562945,0.9999932981828038,-0.9999932689786867,-0.9999929369831437,0.9999998340743519,0.9999999955091128,-1.0000004807032936
1.0000013958541063,-1.000001639329304,1.000001085839734,1.0000025507563028,-1.0000083691956405,1.0000077210725973,1.0000086770495271,-1.000006835131102,-1.0000074995069264,1.0000023698883775,-1.0000035583617388,-1.0000012880437827,1.0000057211626094,1.0000005426953895,-1.0000000382185443,1.0000001228435091,0.999999677016396,-1.0000064603243828,-1.0000004807032936,1.0000000051806996
