1.0000000017157513,-1.0000010747822303,0.9999996031851125,1.000001527014802,1.0000035942006178,-1.0000029229129381,1.0000022217357325,1.0000030467104872,-1.00000321805673,-1.0000032748214975,-0.9999989778807834,0.9999982300293058,0.9999982300293061,0.9999982300293069,-1.0000017232663725,-1.0000022911146462,-1.0000044327009998,1.0000034713022945,1.0000035725425556,-0.999998465769607,-0.9999984657696076,-0.9999984657696057,0.9999983071708626,0.9999983071708609,0.9999983071708631,1.0000024448514333,-1.000002721317236,-1.0000027213172344,1.0000031858915157,1.000003185891522,-1.0000033736484526
-1.0000010747822303,1.0000000001333547,-0.9999982758880921,-1.0000001991480887,-1.0000024926308186,1.0000018213376702,-1.0000011174975973,-1.0000019476223438,1.0000021192813073,1.000002177238308,0.9999978722809575,-0.9999971253316202,-0.9999971253316216,-0.9999971253316221,1.0000006168313,1.0000011833275317,1.0000033249307665,-1.000002363566837,-1.0000024755022472,0.9999973615019278,0.9999973615019266,0.999997361501927,-0.9999972031855286,-0.9999972031855264,-0.9999972031855279,-1.000001336841431,1.0000016132619522,1.000001613261951,-1.0000020778186376,-1.0000020778186434,1.0000022656184042
0.9999996031851125,-0.9999982758880921,0.9999999977403756,0.9999987020572848,1.0000007400881905,-1.0000000708023558,0.9999993757002436,1.0000001918952433,-1.0000003618521733,-1.0000004191234533,-0.9999960179723988,0.9999954996980491,0.9999954996980499,0.9999954996980499,-0.9999988861721592,-0.9999994544438747,-1.0000015931104391,1.0000006326410045,1.000000716272867,-0.9999957421427815,-0.9999957421427821,-0.9999957421427811,0.9999955853147301,0.9999955853147273,0.9999955853147294,0.9999995998366956,-0.9999998728201044,-0.9999998728201017,1.000000335527986,1.0000003355279916,-1.0000005227265834
1.000001527014802,-1.0000001991480887,0.9999987020572848,1.0000000004847385,1.000002804870564,-1.0000021316862937,1.0000014119199228,1.0000022693317667,-1.0000024433500658,-1.0000025048346088,-0.9999980536963349,0.9999972988369629,0.9999972988369635,0.9999972988369643,-1.00000067388063,-1.0000012320600273,-1.000003596760208,1.0000026343943378,1.0000028060496664,-0.9999975300945255,-0.9999975300945254,-0.9999975300945241,0.9999973702560165,0.9999973702560144,0.9999973702560165,1.000001612427721,-1.0000018915945945,-1.0000018915945932,1.000002358067859,1.0000023580678645,-1.0000025465515985
1.0000035942006178,-1.0000024926308186,1.0000007400881905,1.000002804870564,1.0000000036440728,-1.0000042043264568,1.0000036513757848,1.000004608167282,-1.0000047964174532,-1.0000048713807543,-1.000000058710673,0.9999992972262726,0.9999992972262747,0.9999992972262747,-1.0000030771964512,-1.0000035786100916,-1.0000057230283665,1.0000047603116209,1.0000051882844645,-0.9999995216941546,-0.9999995216941541,-0.9999995216941527,0.9999993615203147,0.9999993615203109,0.9999993615203139,1.0000037426019468,-1.000004024895286,-1.0000040248952846,1.0000044921206646,1.0000044921206688,-1.0000046806662277
-1.0000029229129381,1.0000018213376702,-1.0000000708023558,-1.0000021316862937,-1.0000042043264568,1.0000000026722038,-1.0000027527018764,-1.0000037054971347,1.0000041133220852,1.0000041879006303,0.9999993910964367,-0.9999986305014097,-0.9999986305014115,-0.9999986305014126,1.000002401187152,1.0000029060457831,1.0000050502872564,-1.000004087762365,-1.0000045039269125,0.9999988552534789,0.9999988552534791,0.9999988552534775,-0.9999986953219021,-0.9999986953219021,-0.9999986953219029,-1.0000030701788203,1.0000033524676533,1.0000033524676522,-1.000003819604329,-1.0000038196043348,1.0000040081529533
1.0000022217357325,-1.0000011174975973,0.9999993757002436,1.0000014119199228,1.0000036513757848,-1.0000027527018764,1.0000000015832025,1.0000031402827396,-1.0000033233146357,-1.000003393644636,-0.9999987048200486,0.9999979450839673,0.9999979450839673,0.9999979450839688,-1.000001443467407,-1.00000218659937,-1.000004332532685,1.0000033692707773,1.0000037050507808,-0.9999981718947817,-0.9999981718947825,-0.9999981718947808,0.9999980117096428,0.9999980117096403,0.9999980117096418,1.0000023497740425,-1.00000263127076,-1.000002631270759,1.00000309869001,1.0000030986900157,-1.0000032874160043
1.0000030467104872,-1.0000019476223438,1.0000001918952433,1.0000022693317667,1.000004608167282,-1.0000037054971347,1.0000031402827396,1.0000000029410963,-1.0000040917528015,-1.000004170414687,-0.9999995074939756,0.999998746657417,0.9999987466574194,0.9999987466574194,-1.00000255357388,-1.0000030420367543,-1.0000051850692986,1.0000042229704522,1.0000047109661538,-0.9999989704613844,-0.9999989704613849,-0.9999989704613833,0.9999988107646985,0.9999988107646961,0.999998810764698,1.0000032060177126,-1.0000034885899007,-1.0000034885898985,1.000003955483923,1.0000039554839286,-1.000004143899542
-1.00000321805673,1.0000021192813073,-1.0000003618521733,-1.0000024433500658,-1.0000047964174532,1.0000041133220852,-1.0000033233146357,-1.0000040917528015,1.0000000032151537,1.0000045844045584,0.9999996764710506,-0.9999989149905278,-0.9999989149905294,-0.9999989149905295,1.0000027320953446,1.0000032147686504,1.0000053582627506,-1.000004395785616,-1.0000049063631589,0.9999991387912625,0.9999991387912622,0.9999991387912617,-0.9999989789217252,-0.9999989789217241,-0.9999989789217262,-1.000003378220868,1.00000366072967,1.0000036607296685,-1.000004127755542,-1.0000041277555487,1.0000043161944927
-1.0000032748214975,1.000002177238308,-1.0000004191234533,-1.0000025048346088,-1.0000048713807543,1.0000041879006303,-1.000003393644636,-1.000004170414687,1.0000045844045584,1.000000003330075,0.9999997327873655,-0.9999989718200166,-0.9999989718200188,-0.9999989718200182,1.0000027979492352,1.0000032757457658,1.000005418060165,-1.000004456146365,-1.000004768382721,0.9999991952995402,0.9999991952995414,0.9999991952995407,-0.9999990356922707,-0.9999990356922691,-0.999999035692271,-1.0000034391503405,1.0000037216972208,1.0000037216972206,-1.0000041884152582,-1.000004188415263,1.0000043767333424
-0.9999989778807834,0.9999978722809575,-0.9999960179723988,-0.9999980536963349,-1.000000058710673,0.9999993910964367,-0.9999987048200486,-0.9999995074939756,0.9999996764710506,0.9999997327873655,0.9999999969096828,-0.999994720219217,-0.9999947202192192,-0.999994720219224,0.9999982258106306,0.9999987951947102,1.0000009295181924,-0.9999999707087063,-1.0000000288101185,0.9999951885683354,0.999995188568336,0.9999951885683351,-0.9999950336112347,-0.9999950336112322,-0.9999950336112349,-0.9999989331702432,0.9999992030463579,0.9999992030463575,-0.9999996634699752,-0.9999996634699804,0.9999998498625146
0.9999982300293058,-0.9999971253316202,0.9999954996980491,0.9999972988369629,0.9999992972262726,-0.9999986305014097,0.9999979450839673,0.999998746657417,-0.9999989149905278,-0.9999989718200166,-0.999994720219217,0.9999999958702662,0.9999942132909401,0.9999942132909401,-0.9999974680039364,-0.9999980360489471,-1.0000001691952898,0.9999992107241072,0.9999992678431464,-0.9999942434173106,-0.9999944636577641,-0.9999944636577643,0.9999943088961678,0.9999943088961644,0.9999943088961668,0.9999981710880937,-0.9999984395724313,-0.9999984395724294,0.9999988994796376,0.9999988994796436,-0.9999990857125223
0.9999982300293061,-0.9999971253316216,0.9999954996980499,0.9999972988369635,0.9999992972262747,-0.9999986305014115,0.9999979450839673,0.9999987466574194,-0.9999989149905294,-0.9999989718200188,-0.9999947202192192,0.9999942132909401,0.9999999958702662,0.9999942132909415,-0.9999974680039381,-0.999998036048949,-1.0000001691952902,0.9999992107241095,0.9999992678431469,-0.999994463657766,-0.9999942434173158,-0.9999944636577646,0.9999943088961676,0.9999943088961663,0.9999943088961681,0.9999981710880952,-0.9999984395724312,-0.9999984395724307,0.9999988994796406,0.9999988994796444,-0.9999990857125238
0.9999982300293069,-0.9999971253316221,0.9999954996980499,0.9999972988369643,0.9999992972262747,-0.9999986305014126,0.9999979450839688,0.9999987466574194,-0.9999989149905295,-0.9999989718200182,-0.999994720219224,0.9999942132909401,0.9999942132909415,0.9999999958702662,-0.9999974680039379,-0.9999980360489482,-1.000000169195291,0.9999992107241095,0.999999267843148,-0.9999944636577657,-0.999994463657766,-0.9999942434173088,0.9999943088961687,0.9999943088961659,0.999994308896169,0.9999981710880965,-0.9999984395724321,-0.9999984395724313,0.9999988994796395,0.9999988994796457,-0.9999990857125244
-1.0000017232663725,1.0000006168313,-0.9999988861721592,-1.00000067388063,-1.0000030771964512,1.000002401187152,-1.000001443467407,-1.00000255357388,1.0000027320953446,1.0000027979492352,0.9999982258106306,-0.9999974680039364,-0.9999974680039381,-0.9999974680039379,1.000000000804748,1.0000016684265693,1.000003814680415,-1.0000028513486239,-1.0000031044240525,0.9999976970106433,0.9999976970106448,0.9999976970106442,-0.9999975368651616,-0.9999975368651605,-0.9999975368651618,-1.0000018302710492,1.000002110766513,1.0000021107665111,-1.0000025780086224,-1.0000025780086281,1.0000027667286593
-1.0000022911146462,1.0000011833275317,-0.9999994544438747,-1.0000012320600273,-1.0000035786100916,1.0000029060457831,-1.00000218659937,-1.0000030420367543,1.0000032147686504,1.0000032757457658,0.9999987951947102,-0.9999980360489471,-0.999998036048949,-0.9999980360489482,1.0000016684265693,1.0000000015926878,1.0000043760820587,-1.0000031937683462,-1.000003575488458,0.9999982649271745,0.9999982649271756,0.9999982649271729,-0.9999981040242805,-0.999998104024278,-0.9999981040242795,-1.000002175368024,1.000002675870748,1.0000026758707476,-1.000003143110004,-1.0000031431100098,1.0000033318565449
-1.0000044327009998,1.0000033249307665,-1.0000015931104391,-1.000003596760208,-1.0000057230283665,1.0000050502872564,-1.000004332532685,-1.0000051850692986,1.0000053582627506,1.000005418060165,1.0000009295181924,-1.0000001691952898,-1.0000001691952902,-1.000000169195291,1.000003814680415,1.0000043760820587,1.000000004652369,-1.0000053372316093,-1.0000057175140016,1.000000396621069,1.0000003966210704,1.0000003966210689,-1.0000002354814523,-1.0000002354814497,-1.0000002354814512,-1.0000045407719194,1.0000048211729209,1.0000048211729204,-1.0000052879392904,-1.0000052879392964,1.000005476396425
1.0000034713022945,-1.000002363566837,1.0000006326410045,1.0000026343943378,1.0000047603116209,-1.000004087762365,1.0000033692707773,1.0000042229704522,-1.000004395785616,-1.000004456146365,-0.9999999707087063,0.9999992107241072,0.9999992107241095,0.9999992107241095,-1.0000028513486239,-1.0000031937683462,-1.0000053372316093,1.000000003280143,1.0000047555969147,-0.99999943876629,-0.9999994387662927,-0.9999994387662914,0.9999992776716778,0.999999277671676,0.9999992776716771,1.000003578598239,-1.0000038589594988,-1.0000038589594975,1.0000043259930933,1.0000043259930989,-1.0000045146065126
1.0000035725425556,-1.0000024755022472,1.000000716272867,1.0000028060496664,1.0000051882844645,-1.0000045039269125,1.0000037050507808,1.0000047109661538,-1.0000049063631589,-1.000004768382721,-1.0000000288101185,0.9999992678431464,0.9999992678431469,0.999999267843148,-1.0000031044240525,-1.000003575488458,-1.0000057175140016,1.0000047555969147,1.000000003792485,-0.9999994910720769,-0.9999994910720772,-0.9999994910720752,0.9999993315560074,0.9999993315560043,0.9999993315560056,1.0000037383815972,-1.0000040209425922,-1.0000040209425898,1.000004487506427,1.000004487506432,-1.0000046757243923
-0.999998465769607,0.9999973615019278,-0.9999957421427815,-0.9999975300945255,-0.9999995216941546,0.9999988552534789,-0.9999981718947817,-0.9999989704613844,0.9999991387912625,0.9999991952995402,0.9999951885683354,-0.9999942434173106,-0.999994463657766,-0.9999944636577657,0.9999976970106433,0.9999982649271745,1.000000396621069,-0.99999943876629,-0.9999994910720769,0.9999999962284379,0.9999947150835943,0.999994715083593,-0.999994340593537,-0.999994340593534,-0.9999945608339859,-0.9999983984398352,0.9999986662921154,0.9999986662921134,-0.9999991255387163,-0.9999991255387208,0.99999931152001
-0.9999984657696076,0.9999973615019266,-0.9999957421427821,-0.9999975300945254,-0.9999995216941541,0.9999988552534791,-0.9999981718947825,-0.9999989704613849,0.9999991387912622,0.9999991952995414,0.999995188568336,-0.9999944636577641,-0.9999942434173158,-0.999994463657766,0.9999976970106448,0.9999982649271756,1.0000003966210704,-0.9999994387662927,-0.9999994910720772,0.9999947150835943,0.9999999962284379,0.9999947150835944,-0.999994340593536,-0.9999945608339855,-0.9999943405935343,-0.9999983984398358,0.9999986662921149,0.9999986662921136,-0.9999991255387173,-0.9999991255387211,0.9999993115200099
-0.9999984657696057,0.999997361501927,-0.9999957421427811,-0.9999975300945241,-0.9999995216941527,0.9999988552534775,-0.9999981718947808,-0.9999989704613833,0.9999991387912617,0.9999991952995407,0.9999951885683351,-0.9999944636577643,-0.9999944636577646,-0.9999942434173088,0.9999976970106442,0.9999982649271729,1.0000003966210689,-0.9999994387662914,-0.9999994910720752,0.999994715083593,0.9999947150835944,0.9999999962284379,-0.9999945608339856,-0.9999943405935354,-0.9999943405935349,-0.999998398439834,0.9999986662921142,0.9999986662921119,-0.9999991255387146,-0.9999991255387194,0.9999993115200089
0.9999983071708626,-0.9999972031855286,0.9999955853147301,0.9999973702560165,0.9999993615203147,-0.9999986953219021,0.9999980117096428,0.9999988107646985,-0.9999989789217252,-0.9999990356922707,-0.9999950336112347,0.9999943088961678,0.9999943088961676,0.9999943088961687,-0.9999975368651616,-0.9999981040242805,-1.0000002354814523,0.9999992776716778,0.9999993315560074,-0.999994340593537,-0.999994340593536,-0.9999945608339856,0.9999999960082255,0.9999944065307796,0.9999944065307823,0.9999982368228575,-0.9999985043090793,-0.9999985043090781,0.9999989634841331,0.9999989634841387,-0.9999991494461952
0.9999983071708609,-0.9999972031855264,0.9999955853147273,0.9999973702560144,0.9999993615203109,-0.9999986953219021,0.9999980117096403,0.9999988107646961,-0.9999989789217241,-0.9999990356922691,-0.9999950336112322,0.9999943088961644,0.9999943088961663,0.9999943088961659,-0.9999975368651605,-0.999998104024278,-1.0000002354814497,0.999999277671676,0.9999993315560043,-0.999994340593534,-0.9999945608339855,-0.9999943405935354,0.9999944065307796,0.9999999960082255,0.9999944065307799,0.9999982368228538,-0.9999985043090784,-0.9999985043090754,0.9999989634841313,0.9999989634841369,-0.9999991494461925
0.9999983071708631,-0.9999972031855279,0.9999955853147294,0.9999973702560165,0.9999993615203139,-0.9999986953219029,0.9999980117096418,0.999998810764698,-0.9999989789217262,-0.999999035692271,-0.9999950336112349,0.9999943088961668,0.9999943088961681,0.999994308896169,-0.9999975368651618,-0.9999981040242795,-1.0000002354814512,0.9999992776716771,0.9999993315560056,-0.9999945608339859,-0.9999943405935343,-0.9999943405935349,0.9999944065307823,0.9999944065307799,0.9999999960082255,0.9999982368228562,-0.9999985043090799,-0.9999985043090777,0.9999989634841323,0.9999989634841375,-0.9999991494461944
1.0000024448514333,-1.000001336841431,0.9999995998366956,1.000001612427721,1.0000037426019468,-1.0000030701788203,1.0000023497740425,1.0000032060177126,-1.000003378220868,-1.0000034391503405,-0.9999989331702432,0.9999981710880937,0.9999981710880952,0.9999981710880965,-1.0000018302710492,-1.000002175368024,-1.0000045407719194,1.000003578598239,1.0000037383815972,-0.9999983984398352,-0.9999983984398358,-0.999998398439834,0.9999982368228575,0.9999982368228538,0.9999982368228562,1.0000000018287454,-1.0000026230948724,-1.0000026230948698,1.0000033112138984,1.000003311213903,-1.0000035001845937
-1.000002721317236,1.0000016132619522,-0.9999998728201044,-1.0000018915945945,-1.000004024895286,1.0000033524676533,-1.00000263127076,-1.0000034885899007,1.00000366072967,1.0000037216972208,0.9999992030463579,-0.9999984395724313,-0.9999984395724312,-0.9999984395724321,1.000002110766513,1.000002675870748,1.0000048211729209,-1.0000038589594988,-1.0000040209425922,0.9999986662921154,0.9999986662921149,0.9999986662921142,-0.9999985043090793,-0.9999985043090784,-0.9999985043090799,-1.0000026230948724,1.0000000022301108,1.0000031246367211,-1.000003372502533,-1.00000359274299,1.0000037817792988
-1.0000027213172344,1.000001613261951,-0.9999998728201017,-1.0000018915945932,-1.0000040248952846,1.0000033524676522,-1.000002631270759,-1.0000034885898985,1.0000036607296685,1.0000037216972206,0.9999992030463575,-0.9999984395724294,-0.9999984395724307,-0.9999984395724313,1.0000021107665111,1.0000026758707476,1.0000048211729204,-1.0000038589594975,-1.0000040209425898,0.9999986662921134,0.9999986662921136,0.9999986662921119,-0.9999985043090781,-0.9999985043090754,-0.9999985043090777,-1.0000026230948698,1.0000031246367211,1.0000000022301108,-1.0000035927429838,-1.0000033725025357,1.0000037817792966
1.0000031858915157,-1.0000020778186376,1.000000335527986,1.000002358067859,1.0000044921206646,-1.000003819604329,1.00000309869001,1.000003955483923,-1.000004127755542,-1.0000041884152582,-0.9999996634699752,0.9999988994796376,0.9999988994796406,0.9999988994796395,-1.0000025780086224,-1.000003143110004,-1.0000052879392904,1.0000043259930933,1.000004487506427,-0.9999991255387163,-0.9999991255387173,-0.9999991255387146,0.9999989634841331,0.9999989634841313,0.9999989634841323,1.0000033112138984,-1.000003372502533,-1.0000035927429838,1.0000000028982465,1.0000040607885827,-1.0000040295337487
1.000003185891522,-1.0000020778186434,1.0000003355279916,1.0000023580678645,1.0000044921206688,-1.0000038196043348,1.0000030986900157,1.0000039554839286,-1.0000041277555487,-1.000004188415263,-0.9999996634699804,0.9999988994796436,0.9999988994796444,0.9999988994796457,-1.0000025780086281,-1.0000031431100098,-1.0000052879392964,1.0000043259930989,1.000004487506432,-0.9999991255387208,-0.9999991255387211,-0.9999991255387194,0.9999989634841387,0.9999989634841369,0.9999989634841375,1.000003311213903,-1.00000359274299,-1.0000033725025357,1.0000040607885827,1.0000000028982465,-1.0000040295337518
-1.0000033736484526,1.0000022656184042,-1.0000005227265834,-1.0000025465515985,-1.0000046806662277,1.0000040081529533,-1.0000032874160043,-1.000004143899542,1.0000043161944927,1.0000043767333424,0.9999998498625146,-0.9999990857125223,-0.9999990857125238,-0.9999990857125244,1.0000027667286593,1.0000033318565449,1.000005476396425,-1.0000045146065126,-1.0000046757243923,0.99999931152001,0.9999993115200099,0.9999993115200089,-0.9999991494461952,-0.9999991494461925,-0.9999991494461944,-1.0000035001845937,1.0000037817792988,1.0000037817792966,-1.0000040295337487,-1.0000040295337518,1.000000003167985
