1.000000000167121,-1.0000004338413473,-1.0000000968788503,1.0000003552667267,1.0000006136114188,1.0000001962469809,0.9999998161814062,1.000000278916009,-1.0000001577207946,-0.9999994161077618,0.9999994509156122,-0.9999996817853674,-0.9999994073118835,1.000000904362607,-1.0000007823990111,1.000000728312413,1.0000003449628687,-1.0000002978984845,-1.0000004521795065,1.0000002340063143,1.0000002881226815,-0.9999988834164003,0.9999990573585497,-0.9999990120948572,-0.9999994113929098,-1.0000004248526018,1.0000003019066845,-1.0000004248526024,-1.0000001126384723,0.9999991842945807,1.0000000158094788,-1.000000209696645,0.9999999489746134,-1.0000001891592092,-1.0000001891592112,1.0000004193128404,1.0000004193128411,-1.0000006363840068,-1.0000004808098069
-1.0000004338413473,1.0000000004552383,1.0000003021838162,-1.0000005544941515,-1.0000008128211564,-1.0000003984866925,-1.000000018451497,-1.000000481153139,1.0000003599892895,0.9999996183637687,-0.9999996531967894,0.9999998840445153,0.9999996095871255,-1.0000011066008085,1.0000009846669535,-1.0000009305594282,-1.0000005472407092,1.0000005001850594,1.0000006544453446,-1.0000004362706778,-1.00000049038839,0.999999085699011,-0.9999992596654964,0.9999992143687659,0.9999996136842246,1.0000006271162056,-1.0000005042018927,1.0000006271162043,1.000000314923093,-0.9999993865561697,-1.000000218088708,1.0000004119593002,-1.000000151291055,1.0000003914632754,1.0000003914632756,-1.000000621622152,-1.0000006216221538,1.000000838627928,1.0000006831213502
-1.0000000968788503,1.0000003021838162,0.9999999999751993,-1.0000002205868521,-1.0000004788993355,-1.0000000583519533,-0.9999996784885578,-1.0000001440646626,1.0000000230133403,0.9999992812469216,-0.999999316168991,0.9999995470264709,0.9999992726332784,-1.0000007695274657,1.000000647648427,-1.0000005935723981,-1.000000210028367,1.0000001630289994,1.000000317150133,-1.000000099166666,-1.000000153247648,0.999998748369485,-0.9999989223812147,0.9999988772554363,0.999999276276426,1.0000002898685951,-1.0000001670070184,1.0000002898685936,0.9999999778362826,-0.9999990495405279,-0.99999988102161,1.0000000748443334,-0.9999998136588847,1.0000000537290954,1.0000000537290963,-1.000000283790934,-1.000000283790934,1.0000005016529758,1.0000003452596582
1.0000003552667267,-1.0000005544941515,-1.0000002205868521,1.0000000003389826,1.00000073424832,1.0000003169044864,0.9999999368411089,1.0000003995681517,-1.0000002753510022,-0.9999995367987283,0.9999995716199467,-0.9999998024712236,-0.9999995279895716,1.0000010250205236,-1.0000009030773482,1.0000008489582415,1.00000046574381,-1.0000004186701477,-1.0000005729686503,1.000000354739291,1.0000004088607424,-0.9999990041944744,0.9999991781548553,-0.9999991328126547,-0.9999995321999093,-1.0000005456245478,1.0000004227011903,-1.0000005456245475,-1.0000002333895714,0.999999304973218,1.00000013654016,-1.0000003304209362,1.0000000698599247,-1.0000003100521841,-1.0000003100521857,1.0000005402326118,1.000000540232612,-1.0000007539864526,-1.0000006017386656
1.0000006136114188,-1.0000008128211564,-1.0000004788993355,1.00000073424832,1.0000000007069934,1.0000005752338472,1.0000001951683928,1.0000006579014873,-1.0000005367053464,-0.9999997950987511,0.9999998299064671,-1.0000000607701132,-0.9999997863054227,1.0000012833506329,-1.000001158349443,1.0000011072952122,1.0000007239511335,-1.0000006768824805,-1.0000008311696236,1.000000612986018,1.0000006671046184,-0.9999992624442305,0.999999436385237,-0.9999993911111592,-0.9999997904218036,-1.0000008038406627,1.000000680895575,-1.0000008038406645,-1.0000004916225165,0.9999995632981965,1.0000003947925458,-1.0000005886779921,1.0000003280069598,-1.000000568192208,-1.000000568192208,1.0000007983471193,1.0000007983471189,-1.000001015363786,-1.0000008598450163
1.0000001962469809,-1.0000003984866925,-1.0000000583519533,1.0000003169044864,1.0000005752338472,1.0000000001121991,0.9999997778412891,1.0000002402230335,-1.0000001192655947,-0.9999993772697432,0.999999412258137,-0.9999996431485088,-0.9999993688752543,1.000000865689219,-1.0000007438256175,1.0000006898546636,1.0000003056902513,-1.000000258777287,-1.0000004126995536,1.0000001950578457,1.0000002490904312,-0.9999988439919126,0.9999990180102388,-0.9999989732420799,-0.999999371741675,-1.0000003855115507,1.000000262661758,-1.0000003855115511,-1.0000000737112813,0.9999991457162107,0.9999999769736779,-1.0000001707509725,0.99999990870005,-1.0000001486385988,-1.0000001486386,1.0000003785334783,1.000000378533479,-1.0000005979650695,-1.0000004399484996
0.9999998161814062,-1.000000018451497,-0.9999996784885578,0.9999999368411089,1.0000001951683928,0.9999997778412891,0.9999999995710565,0.9999998605013712,-0.9999997362837023,-0.9999989978004965,0.9999990326292285,-0.9999992635036,-0.9999989859293014,1.0000004859691738,-1.0000003640246091,1.0000003098865156,0.9999999269270716,-0.9999998798245912,-1.000000034173122,0.9999998158667522,0.9999998699847523,-0.9999984652830366,0.9999986392500093,-0.9999985938489057,-0.9999989933232643,-1.0000000068060264,0.999999883880518,-1.0000000068060262,-0.9999996945196548,0.9999987659687614,0.9999995976308507,-0.9999997915231895,0.9999995310441626,-0.9999997712521952,-0.9999997712521952,1.0000000014533403,1.0000000014533414,-1.0000002179413003,-1.0000000629666224
1.000000278916009,-1.000000481153139,-1.0000001440646626,1.0000003995681517,1.0000006579014873,1.0000002402230335,0.9999998605013712,1.000000000230007,-1.0000001989010185,-0.9999994599747706,0.9999994949423319,-0.999999725833647,-0.9999994515419403,1.0000009483830334,-1.0000008265059122,1.0000007725288504,1.0000003884245692,-1.0000003414978975,-1.0000004954535322,1.0000002777674326,1.000000331807777,-0.9999989267492339,0.9999991007569571,-0.9999990559478122,-0.9999994545224853,-1.0000004682541854,1.0000003453906852,-1.0000004682541865,-1.000000156415293,0.9999992283982565,1.0000000596717613,-1.000000253461667,0.9999999915365505,-1.0000002315014866,-1.0000002315014866,1.0000004614200046,1.000000461420004,-1.0000006806368644,-1.0000005228424669
-1.0000001577207946,1.0000003599892895,1.0000000230133403,-1.0000002753510022,-1.0000005367053464,-1.0000001192655947,-0.9999997362837023,-1.0000001989010185,1.0000000000575737,0.9999993391479386,-0.9999993740298463,0.9999996048871442,0.9999993304495945,-1.0000008273977437,1.0000007054926912,-1.0000006513950646,-1.0000002680248559,1.000000220990542,1.000000375192498,-1.000000157094893,-1.0000002111921527,0.9999988063974027,-0.9999989803894714,0.9999989351635302,0.9999993343508599,1.00000034788126,-1.0000002249945994,1.0000003478812596,1.0000000357573635,-0.9999991073906839,-0.9999999389222585,1.0000001327702908,-0.9999998718592512,1.0000001119823605,1.0000001119823607,-1.0000003420970567,-1.0000003420970571,1.0000005594671952,1.0000004035825227
-0.9999994161077618,0.9999996183637687,0.9999992812469216,-0.9999995367987283,-0.9999997950987511,-0.9999993772697432,-0.9999989978004965,-0.9999994599747706,0.9999993391479386,0.9999999990007645,-0.9999986291792768,0.9999988631216866,0.9999985888922731,-1.0000000854606672,0.99999996366309,-0.999999909698562,-0.999999525611905,0.999999478727438,0.9999996325529102,-0.9999994150241751,-0.9999994690187629,0.9999980639201604,-0.9999982380058315,0.9999981932879713,0.9999985916896343,0.9999996053911325,-0.9999994826060953,0.9999996053911329,0.9999992937119584,-0.9999983657520182,-0.9999991969543166,0.999999390684323,-0.9999991285352663,0.999999368401246,0.9999993684012458,-0.9999995982302956,-0.9999995982302953,0.9999998178104819,0.9999996596266109
0.9999994509156122,-0.9999996531967894,-0.999999316168991,0.9999995716199467,0.9999998299064671,0.999999412258137,0.9999990326292285,0.9999994949423319,-0.9999993740298463,-0.9999986291792768,0.9999999990507304,-0.9999988951049014,-0.9999986207637563,1.0000001204293856,-0.9999999986132233,0.9999999445543452,0.9999995610539311,-0.9999995140859474,-0.9999996680991453,0.9999994502537186,0.9999995042915483,-0.9999980993967764,0.9999982734718813,-0.9999982284376439,-0.9999986272934833,-0.9999996408522435,0.9999995180533626,-0.9999996408522431,-0.9999993289570893,0.9999984007276639,0.9999992321266491,-0.999999425898493,0.999999164505128,-0.9999994044842352,-0.9999994044842354,0.9999996344582924,0.9999996344582943,-0.9999998526371804,-0.9999996959013776
-0.9999996817853674,0.9999998840445153,0.9999995470264709,-0.9999998024712236,-1.0000000607701132,-0.9999996431485088,-0.9999992635036,-0.999999725833647,0.9999996048871442,0.9999988631216866,-0.9999988951049014,0.9999999993796223,0.9999988547104022,-1.0000003513072522,1.000000229457781,-1.0000001754194046,-0.999999791839696,0.9999997448649274,0.9999998988957715,-0.999999681053148,-0.9999997351013118,0.999998330431168,-0.9999985044766869,0.9999984594576922,0.9999988583133578,0.999999871659342,-0.99999974883154,0.9999998716593408,0.9999995597504049,-0.9999986317146821,-0.9999994599095058,0.9999996567223075,-0.999999395489465,0.9999996354758047,0.9999996354758051,-0.9999998654386479,-0.9999998654386479,1.0000000835026415,0.9999999268780531
-0.9999994073118835,0.9999996095871255,0.9999992726332784,-0.9999995279895716,-0.9999997863054227,-0.9999993688752543,-0.9999989859293014,-0.9999994515419403,0.9999993304495945,0.9999985888922731,-0.9999986207637563,0.9999988547104022,0.9999999989887028,-1.0000000770300868,0.9999999551224691,-0.999999901004227,-0.9999995180839425,0.999999471002254,0.9999996252774631,-0.9999994070736943,-0.9999994611588918,0.9999980562975378,-0.9999982303032444,0.9999981850050532,0.9999985843068049,0.9999995979346377,-0.9999994750439422,0.9999995979346358,0.9999992857405005,-0.9999983541283477,-0.9999991888367774,0.9999993827027246,-0.9999991218781171,0.9999993620170042,0.9999993620170055,-0.9999995921489135,-0.999999592148913,0.9999998090621018,0.9999996536414724
1.000000904362607,-1.0000011066008085,-1.0000007695274657,1.0000010250205236,1.0000012833506329,1.000000865689219,1.0000004859691738,1.0000009483830334,-1.0000008273977437,-1.0000000854606672,1.0000001204293856,-1.0000003513072522,-1.0000000770300868,1.0000000011210057,-1.000001448935268,1.0000013979833764,1.0000010139195006,-1.0000009669811623,-1.0000011209537074,1.0000009032362625,1.0000009572831066,-0.9999995523237483,0.9999997263313852,-0.9999996814930239,-1.000000080101138,-1.0000010937476276,1.00000097088815,-1.0000010937476278,-1.0000007818965329,0.9999998539104648,1.0000006851476573,-1.0000008789338486,1.0000006171281985,-1.0000008570944026,-1.0000008570944021,1.0000010870175322,1.0000010870175327,-1.0000013060831707,-1.0000011484428475
-1.0000007823990111,1.0000009846669535,1.000000647648427,-1.0000009030773482,-1.000001158349443,-1.0000007438256175,-1.0000003640246091,-1.0000008265059122,1.0000007054926912,0.99999996366309,-0.9999999986132233,1.000000229457781,0.9999999551224691,-1.000001448935268,1.0000000009473942,-1.0000012730111907,-1.000000892335502,1.0000008453602642,1.0000009994220935,-1.000000781521872,-1.0000008355947239,0.9999994307399043,-0.9999996047626901,0.9999995597052436,0.9999999586100967,1.000000972163833,-1.0000008493217154,1.0000009721638328,1.0000006602027158,-0.9999997320190499,-1.000000563408873,1.0000007572083531,-1.0000004958936854,1.0000007359239789,1.0000007359239798,-1.0000009659447755,-1.0000009659447764,1.0000011841305017,1.000001027401288
1.000000728312413,-1.0000009305594282,-1.0000005935723981,1.0000008489582415,1.0000011072952122,1.0000006898546636,1.0000003098865156,1.0000007725288504,-1.0000006513950646,-0.999999909698562,0.9999999445543452,-1.0000001754194046,-0.999999901004227,1.0000013979833764,-1.0000012730111907,1.0000000008703789,1.000000838460718,-1.0000007914278417,-1.000000945628785,1.0000007275668807,1.0000007816656256,-0.9999993769251702,0.9999995508890817,-0.9999995057197434,-0.9999999048566054,-1.0000009183310745,1.0000007954144996,-1.000000918331075,-1.0000006062124145,0.999999677964223,1.0000005094009572,-1.0000007032577702,1.0000004423054218,-1.0000006824327208,-1.000000682432723,1.0000009125294318,1.000000912529432,-1.0000011270207922,-1.0000009740091325
1.0000003449628687,-1.0000005472407092,-1.000000210028367,1.00000046574381,1.0000007239511335,1.0000003056902513,0.9999999269270716,1.0000003884245692,-1.0000002680248559,-0.999999525611905,0.9999995610539311,-0.999999791839696,-0.9999995180839425,1.0000010139195006,-1.000000892335502,1.000000838460718,1.0000000003228817,-1.0000004036248196,-1.0000005568974122,1.000000343114489,1.0000003970362585,-0.9999989921167438,0.9999991663657696,-0.999999122242489,-0.999999519482989,-1.000000532982041,1.0000004104385185,-1.0000005329820405,-1.0000002219542399,0.9999992949192921,1.0000001253584645,-1.0000003188458235,1.0000000553933854,-1.0000002948083475,-1.0000002948083475,1.000000524234418,1.0000005242344194,-1.000000746597819,-1.000000585506435
-1.0000002978984845,1.0000005001850594,1.0000001630289994,-1.0000004186701477,-1.0000006768824805,-1.000000258777287,-0.9999998798245912,-1.0000003414978975,1.000000220990542,0.999999478727438,-0.9999995140859474,0.9999997448649274,0.999999471002254,-1.0000009669811623,1.0000008453602642,-1.0000007914278417,-1.0000004036248196,1.0000000002563725,1.000000513372133,-1.0000002932754037,-1.0000003472325838,0.9999989454629666,-0.9999991196829585,0.9999990753127037,0.9999994729579339,1.000000486353808,-1.0000003637698498,1.0000004863538063,1.0000001751348329,-0.9999992478745577,-1.000000078492574,1.0000002720335275,-1.0000000091975898,1.0000002487392752,1.0000002487392754,-1.000000478300195,-1.0000004783001963,1.0000006995511608,1.0000005396142748
-1.0000004521795065,1.0000006544453446,1.000000317150133,-1.0000005729686503,-1.0000008311696236,-1.0000004126995536,-1.000000034173122,-1.0000004954535322,1.000000375192498,0.9999996325529102,-0.9999996680991453,0.9999998988957715,0.9999996252774631,-1.0000011209537074,1.0000009994220935,-1.000000945628785,-1.0000005568974122,1.000000513372133,1.0000000004746679,-1.0000004499429633,-1.0000005038178068,0.9999990987010257,-0.9999992729895787,0.9999992291947655,0.9999996259142004,1.0000006395605552,-1.000000517069532,1.0000006395605545,1.0000003287955301,-0.9999994020411009,-1.000000232268167,1.0000004256880661,-1.0000001614096856,1.0000004006689263,1.0000004006689263,-1.0000006299249964,-1.0000006299249968,1.0000008537902472,1.0000006911435106
1.0000002340063143,-1.0000004362706778,-1.000000099166666,1.000000354739291,1.000000612986018,1.0000001950578457,0.9999998158667522,1.0000002777674326,-1.000000157094893,-0.9999994150241751,0.9999994502537186,-0.999999681053148,-0.9999994070736943,1.0000009032362625,-1.000000781521872,1.0000007275668807,1.000000343114489,-1.0000002932754037,-1.0000004499429633,1.0000000001656963,1.0000002866312927,-0.9999988819893689,0.9999990561350549,-0.9999990115761468,-0.9999994095845897,-1.0000004228623003,1.0000003001838365,-1.0000004228623007,-1.000000108380213,0.9999991840284529,1.000000014741713,-1.000000208361194,0.9999999460922709,-1.0000001857753866,-1.000000185775388,1.0000004154558626,1.0000004154558626,-1.0000006356772349,-1.000000476807024
1.0000002881226815,-1.00000049038839,-1.000000153247648,1.0000004088607424,1.0000006671046184,1.0000002490904312,0.9999998699847523,1.000000331807777,-1.0000002111921527,-0.9999994690187629,0.9999995042915483,-0.9999997351013118,-0.9999994611588918,1.0000009572831066,-1.0000008355947239,1.0000007816656256,1.0000003970362585,-1.0000003472325838,-1.0000005038178068,1.0000002866312927,1.0000000002426006,-0.9999989358415975,0.9999991100069231,-0.9999990655514422,-0.9999994634013597,-1.0000004767666506,1.0000003541100586,-1.0000004767666504,-1.0000001654128128,0.9999992380702123,1.0000000687543702,-1.000000259315376,0.9999999997869777,-1.0000002394216976,-1.0000002394216976,1.0000004690499957,1.0000004690499964,-1.000000689787052,-1.0000005303842816
-0.9999988834164003,0.999999085699011,0.999998748369485,-0.9999990041944744,-0.9999992624442305,-0.9999988439919126,-0.9999984652830366,-0.9999989267492339,0.9999988063974027,0.9999980639201604,-0.9999980993967764,0.999998330431168,0.9999980562975378,-0.9999995523237483,0.9999994307399043,-0.9999993769251702,-0.9999989921167438,0.9999989454629666,0.9999990987010257,-0.9999988819893689,-0.9999989358415975,0.9999999982400595,-0.9999977003369469,0.9999976597105782,0.9999980561871938,0.999999071755324,-0.9999989491843516,0.9999990717553232,0.9999987607587552,-0.9999978327905423,-0.9999986640758272,0.9999988576202034,-0.9999985916744655,0.9999988309379516,0.9999988309379514,-0.999999060222767,-0.9999990602227686,0.9999992850758009,0.999999121446027
0.9999990573585497,-0.9999992596654964,-0.9999989223812147,0.9999991781548553,0.999999436385237,0.9999990180102388,0.9999986392500093,0.9999991007569571,-0.9999989803894714,-0.9999982380058315,0.9999982734718813,-0.9999985044766869,-0.9999982303032444,0.9999997263313852,-0.9999996047626901,0.9999995508890817,0.9999991663657696,-0.9999991196829585,-0.9999992729895787,0.9999990561350549,0.9999991100069231,-0.9999977003369469,0.9999999984883126,-0.9999978307831919,-0.999998227470727,-0.9999992460048616,0.9999991234506285,-0.9999992460048597,-0.999998934924659,0.9999980068152301,0.999998838206518,-0.9999990317573303,0.9999987661768972,-0.9999990054803714,-0.9999990054803727,0.9999992348347877,0.9999992348347896,-0.9999994590261022,-0.9999992960801654
-0.9999990120948572,0.9999992143687659,0.9999988772554363,-0.9999991328126547,-0.9999993911111592,-0.9999989732420799,-0.9999985938489057,-0.9999990559478122,0.9999989351635302,0.9999981932879713,-0.9999982284376439,0.9999984594576922,0.9999981850050532,-0.9999996814930239,0.9999995597052436,-0.9999995057197434,-0.999999122242489,0.9999990753127037,0.9999992291947655,-0.9999990115761468,-0.9999990655514422,0.9999976597105782,-0.9999978307831919,0.99999999842534,0.9999981873141752,0.9999992020059985,-0.999999079230699,0.9999992020059988,0.9999988902744789,-0.9999979587524565,-0.9999987934253177,0.9999989871765369,-0.9999987239782195,0.999998963744037,0.9999989637440367,-0.9999991935090233,-0.9999991935090242,0.9999994138111983,0.9999992548852351
-0.9999994113929098,0.9999996136842246,0.999999276276426,-0.9999995321999093,-0.9999997904218036,-0.999999371741675,-0.9999989933232643,-0.9999994545224853,0.9999993343508599,0.9999985916896343,-0.9999986272934833,0.9999988583133578,0.9999985843068049,-1.000000080101138,0.9999999586100967,-0.9999999048566054,-0.999999519482989,0.9999994729579339,0.9999996259142004,-0.9999994095845897,-0.9999994634013597,0.9999980561871938,-0.999998227470727,0.9999981873141752,0.9999999989906305,0.9999995990831269,-0.9999994766076726,0.9999995990831263,0.9999992883990994,-0.9999983606662998,-0.9999991918095518,0.9999993852567308,-0.9999991147181078,0.999999356736243,0.9999993567362456,-0.9999995857801456,-0.999999585780145,0.9999998130312885,0.9999996469236978
-1.0000004248526018,1.0000006271162056,1.0000002898685951,-1.0000005456245478,-1.0000008038406627,-1.0000003855115507,-1.0000000068060264,-1.0000004682541854,1.00000034788126,0.9999996053911325,-0.9999996408522435,0.999999871659342,0.9999995979346377,-1.0000010937476276,1.000000972163833,-1.0000009183310745,-1.000000532982041,1.000000486353808,1.0000006395605552,-1.0000004228623003,-1.0000004767666506,0.999999071755324,-0.9999992460048616,0.9999992020059985,0.9999995990831269,1.000000000436364,-1.0000004870602137,1.000000612641607,1.0000003016908838,-0.9999993747480181,-1.0000002051199133,1.000000398597333,-1.0000001348551588,1.0000003742342642,1.0000003742342634,-1.0000006036057225,-1.0000006036057225,1.0000008264796665,1.0000006648604103
1.0000003019066845,-1.0000005042018927,-1.0000001670070184,1.0000004227011903,1.000000680895575,1.000000262661758,0.999999883880518,1.0000003453906852,-1.0000002249945994,-0.9999994826060953,0.9999995180533626,-0.99999974883154,-0.9999994750439422,1.00000097088815,-1.0000008493217154,1.0000007954144996,1.0000004104385185,-1.0000003637698498,-1.000000517069532,1.0000003001838365,1.0000003541100586,-0.9999989491843516,0.9999991234506285,-0.999999079230699,-0.9999994766076726,-1.0000004870602137,1.000000000261806,-1.0000004870602157,-1.0000001759973622,0.9999992518692129,1.0000000824099105,-1.0000002759004585,1.000000012636517,-1.0000002520789641,-1.0000002520789646,1.000000481547659,1.0000004815476597,-1.0000007035457879,-1.0000005428336145
-1.0000004248526024,1.0000006271162043,1.0000002898685936,-1.0000005456245475,-1.0000008038406645,-1.0000003855115511,-1.0000000068060262,-1.0000004682541865,1.0000003478812596,0.9999996053911329,-0.9999996408522431,0.9999998716593408,0.9999995979346358,-1.0000010937476278,1.0000009721638328,-1.000000918331075,-1.0000005329820405,1.0000004863538063,1.0000006395605545,-1.0000004228623007,-1.0000004767666504,0.9999990717553232,-0.9999992460048597,0.9999992020059988,0.9999995990831263,1.000000612641607,-1.0000004870602157,1.000000000436364,1.0000003016908847,-0.9999993747480185,-1.0000002051199137,1.0000003985973323,-1.0000001348551597,1.0000003742342618,1.000000374234263,-1.0000006036057214,-1.0000006036057225,1.0000008264796665,1.0000006648604096
-1.0000001126384723,1.000000314923093,0.9999999778362826,-1.0000002333895714,-1.0000004916225165,-1.0000000737112813,-0.9999996945196548,-1.000000156415293,1.0000000357573635,0.9999992937119584,-0.9999993289570893,0.9999995597504049,0.9999992857405005,-1.0000007818965329,1.0000006602027158,-1.0000006062124145,-1.0000002219542399,1.0000001751348329,1.0000003287955301,-1.000000108380213,-1.0000001654128128,0.9999987607587552,-0.999998934924659,0.9999988902744789,0.9999992883990994,1.0000003016908838,-1.0000001759973622,1.0000003016908847,0.999999999993026,-0.9999990626871887,-0.9999998904677844,1.0000000871215657,-0.9999998250064785,1.0000000647054736,1.0000000647054763,-1.0000002944203699,-1.0000002944203708,1.0000005143143562,1.000000355783056
0.9999991842945807,-0.9999993865561697,-0.9999990495405279,0.999999304973218,0.9999995632981965,0.9999991457162107,0.9999987659687614,0.9999992283982565,-0.9999991073906839,-0.9999983657520182,0.9999984007276639,-0.9999986317146821,-0.9999983541283477,0.9999998539104648,-0.9999997320190499,0.999999677964223,0.9999992949192921,-0.9999992478745577,-0.9999994020411009,0.9999991840284529,0.9999992380702123,-0.9999978327905423,0.9999980068152301,-0.9999979587524565,-0.9999983606662998,-0.9999993747480181,0.9999992518692129,-0.9999993747480185,-0.9999990626871887,0.9999999986709708,0.9999989657904912,-0.9999991596369258,0.999998897909949,-0.9999991379342236,-0.9999991379342249,0.9999993679364294,0.9999993679364293,-0.999999586034354,-0.9999994293880026
1.0000000158094788,-1.000000218088708,-0.99999988102161,1.00000013654016,1.0000003947925458,0.9999999769736779,0.9999995976308507,1.0000000596717613,-0.9999999389222585,-0.9999991969543166,0.9999992321266491,-0.9999994599095058,-0.9999991888367774,1.0000006851476573,-1.000000563408873,1.0000005094009572,1.0000001253584645,-1.000000078492574,-1.000000232268167,1.000000014741713,1.0000000687543702,-0.9999986640758272,0.999998838206518,-0.9999987934253177,-0.9999991918095518,-1.0000002051199133,1.0000000824099105,-1.0000002051199137,-0.9999998904677844,0.9999989657904912,0.9999999998552396,-0.9999999873977444,0.9999997286239867,-0.9999999684233661,-0.9999999684233666,1.000000198226693,1.000000198226694,-1.0000004174990011,-1.0000002596165718
-1.000000209696645,1.0000004119593002,1.0000000748443334,-1.0000003304209362,-1.0000005886779921,-1.0000001707509725,-0.9999997915231895,-1.000000253461667,1.0000001327702908,0.999999390684323,-0.999999425898493,0.9999996567223075,0.9999993827027246,-1.0000008789338486,1.0000007572083531,-1.0000007032577702,-1.0000003188458235,1.0000002720335275,1.0000004256880661,-1.000000208361194,-1.000000259315376,0.9999988576202034,-0.9999990317573303,0.9999989871765369,0.9999993852567308,1.000000398597333,-1.0000002759004585,1.0000003985973323,1.0000000871215657,-0.9999991596369258,-0.9999999873977444,1.0000000001311067,-0.999999921821235,1.0000001615377092,1.0000001615377092,-1.0000003912414752,-1.0000003912414763,1.0000006113722388,1.0000004525993345
0.9999999489746134,-1.000000151291055,-0.9999998136588847,1.0000000698599247,1.0000003280069598,0.99999990870005,0.9999995310441626,0.9999999915365505,-0.9999998718592512,-0.9999991285352663,0.999999164505128,-0.999999395489465,-0.9999991218781171,1.0000006171281985,-1.0000004958936854,1.0000004423054218,1.0000000553933854,-1.0000000091975898,-1.0000001614096856,0.9999999460922709,0.9999999997869777,-0.9999985916744655,0.9999987661768972,-0.9999987239782195,-0.9999991147181078,-1.0000001348551588,1.000000012636517,-1.0000001348551597,-0.9999998250064785,0.999998897909949,0.9999997286239867,-0.999999921821235,0.9999999997516532,-0.9999998867056294,-0.99999988670563,1.0000001182595422,1.0000001182595417,-1.0000003505483344,-1.0000001792338837
-1.0000001891592092,1.0000003914632754,1.0000000537290954,-1.0000003100521841,-1.000000568192208,-1.0000001486385988,-0.9999997712521952,-1.0000002315014866,1.0000001119823605,0.999999368401246,-0.9999994044842352,0.9999996354758047,0.9999993620170042,-1.0000008570944026,1.0000007359239789,-1.0000006824327208,-1.0000002948083475,1.0000002487392752,1.0000004006689263,-1.0000001857753866,-1.0000002394216976,0.9999988309379516,-0.9999990054803714,0.999998963744037,0.999999356736243,1.0000003742342642,-1.0000002520789641,1.0000003742342618,1.0000000647054736,-0.9999991379342236,-0.9999999684233661,1.0000001615377092,-0.9999998867056294,1.0000000000911093,1.000000127920499,-1.0000003531758885,-1.0000003562114164,1.000000590707816,1.0000004171117156
-1.0000001891592112,1.0000003914632756,1.0000000537290963,-1.0000003100521857,-1.000000568192208,-1.0000001486386,-0.9999997712521952,-1.0000002315014866,1.0000001119823607,0.9999993684012458,-0.9999994044842354,0.9999996354758051,0.9999993620170055,-1.0000008570944021,1.0000007359239798,-1.000000682432723,-1.0000002948083475,1.0000002487392754,1.0000004006689263,-1.000000185775388,-1.0000002394216976,0.9999988309379514,-0.9999990054803727,0.9999989637440367,0.9999993567362456,1.0000003742342634,-1.0000002520789646,1.000000374234263,1.0000000647054763,-0.9999991379342249,-0.9999999684233666,1.0000001615377092,-0.99999988670563,1.000000127920499,1.0000000000911093,-1.0000003562114155,-1.0000003531758912,1.0000005907078167,1.0000004171117152
1.0000004193128404,-1.000000621622152,-1.000000283790934,1.0000005402326118,1.0000007983471193,1.0000003785334783,1.0000000014533403,1.0000004614200046,-1.0000003420970567,-0.9999995982302956,0.9999996344582924,-0.9999998654386479,-0.9999995921489135,1.0000010870175322,-1.0000009659447755,1.0000009125294318,1.000000524234418,-1.000000478300195,-1.0000006299249964,1.0000004154558626,1.0000004690499957,-0.999999060222767,0.9999992348347877,-0.9999991935090233,-0.9999995857801456,-1.0000006036057225,1.000000481547659,-1.0000006036057214,-1.0000002944203699,0.9999993679364294,1.000000198226693,-1.0000003912414752,1.0000001182595422,-1.0000003531758885,-1.0000003562114155,1.0000000004161653,1.000000584287705,-1.0000008208343363,-1.0000006420834877
1.0000004193128411,-1.0000006216221538,-1.000000283790934,1.000000540232612,1.0000007983471189,1.000000378533479,1.0000000014533414,1.000000461420004,-1.0000003420970571,-0.9999995982302953,0.9999996344582943,-0.9999998654386479,-0.999999592148913,1.0000010870175327,-1.0000009659447764,1.000000912529432,1.0000005242344194,-1.0000004783001963,-1.0000006299249968,1.0000004154558626,1.0000004690499964,-0.9999990602227686,0.9999992348347896,-0.9999991935090242,-0.999999585780145,-1.0000006036057225,1.0000004815476597,-1.0000006036057225,-1.0000002944203708,0.9999993679364293,1.000000198226694,-1.0000003912414763,1.0000001182595417,-1.0000003562114164,-1.0000003531758912,1.000000584287705,1.0000000004161653,-1.0000008208343374,-1.0000006420834884
-1.0000006363840068,1.000000838627928,1.0000005016529758,-1.0000007539864526,-1.000001015363786,-1.0000005979650695,-1.0000002179413003,-1.0000006806368644,1.0000005594671952,0.9999998178104819,-0.9999998526371804,1.0000000835026415,0.9999998090621018,-1.0000013060831707,1.0000011841305017,-1.0000011270207922,-1.000000746597819,1.0000006995511608,1.0000008537902472,-1.0000006356772349,-1.000000689787052,0.9999992850758009,-0.9999994590261022,0.9999994138111983,0.9999998130312885,1.0000008264796665,-1.0000007035457879,1.0000008264796665,1.0000005143143562,-0.999999586034354,-1.0000004174990011,1.0000006113722388,-1.0000003505483344,1.000000590707816,1.0000005907078167,-1.0000008208343363,-1.0000008208343374,1.0000000007394294,1.0000008823230593
-1.0000004808098069,1.0000006831213502,1.0000003452596582,-1.0000006017386656,-1.0000008598450163,-1.0000004399484996,-1.0000000629666224,-1.0000005228424669,1.0000004035825227,0.9999996596266109,-0.9999996959013776,0.9999999268780531,0.9999996536414724,-1.0000011484428475,1.000001027401288,-1.0000009740091325,-1.000000585506435,1.0000005396142748,1.0000006911435106,-1.000000476807024,-1.0000005303842816,0.999999121446027,-0.9999992960801654,0.9999992548852351,0.9999996469236978,1.0000006648604103,-1.0000005428336145,1.0000006648604096,1.000000355783056,-0.9999994293880026,-1.0000002596165718,1.0000004525993345,-1.0000001792338837,1.0000004171117156,1.0000004171117152,-1.0000006420834877,-1.0000006420834884,1.0000008823230593,1.0000000005028058
