0.9999999981196036,-0.9999774103706116,-0.9999787264166935,0.9999539522225935,0.9996046309757494,0.9999214092948698,-0.9998178128109594,0.9998175435851484,-0.9997573459402366,-0.999868972271904,0.9996867940345668,-0.9995110149785881,-0.9998237001727858,0.9992965428101369,0.9998239507765119,-0.6801740984648508,0.9858720049497846,0.09334474797990704,-0.9982449081872011,-0.9375623708965248,0.5320666239433612,0.9906175685975194,-0.9906166111944064,-0.990618413271659,0.9698536582741699,0.9906187617258251,0.9906187617258259,0.9999097309135755,-0.9999095593329776,0.9999110601987659,0.9999078360102084,-0.9999083932376956,0.9999087084353193,-0.9999054024562805,0.9999240075795796,-0.9999235681227678,-0.9999242701158817,0.9999230071323482,0.9999236343094253,-0.9999239546977956,-0.9999232769859314,-0.9999231503315162,0.999898005219846,-0.999898238382605,0.999884806359283,-0.999921965025652,0.999922372292642,-0.9999224005154759,-0.9999226389013838,-0.9998997149342842,0.9999025749976139,-0.9698542725393748,0.9999056954191121,0.9999227803666165
-0.9999774103706116,0.9999999974783308,0.9999199198395475,-0.9998760504642038,-0.9997594142012012,-0.9998236530765829,0.9996795283467037,-0.9996792599649398,0.9996008463653445,0.9997489074082351,-0.9995112449806347,0.9992965804869487,0.9996870441809641,-0.9990432322323679,-0.9996872940880425,0.6755877638569273,-0.9848076815328116,-0.08713200359421493,0.9978560071674297,0.9397134554081135,-0.5373379201414161,-0.9914503579841648,0.99144939677436,0.9914512057385434,-0.9713545132378384,-0.9914515554347807,-0.9914515554347827,-0.9998063144820188,0.9998061442980924,-0.9998086928282425,-0.9998033759154533,0.9998039302770659,-0.9998042439854087,0.9997999014196773,-0.999826229385457,0.9998257926073515,0.999826490536916,-0.9998252357197481,-0.9998258585862327,0.9998261775253035,0.9998255037602294,0.9998270407068536,-0.9997899169346718,0.9997901492273495,-0.9997709852516848,0.9998242037745873,-0.9998246071305696,0.9998246344431838,0.9998248709950154,0.9997921386437114,-0.9997960357302621,0.9713551279067556,-0.9998001929266459,-0.9998250109114453
-0.9999787264166935,0.9999199198395475,0.9999999993472332,-0.999993313662134,-0.9994113257010071,-0.9999806246785488,0.9999175910828613,-0.9999173211592283,0.9998753424114621,0.9999505287319674,-0.9998238418896825,0.9996869554909917,0.9999218493582338,-0.9995113682294539,-0.9999221005241908,0.684734205972062,-0.9868983579326077,-0.09955384713864823,0.9985953654234638,0.9353752043861935,-0.5267748858947385,-0.9897466406273663,0.9897456871062241,0.9897474821475537,-0.968315471321725,-0.9897478293317354,-0.9897478293317377,-0.9999746363892157,0.9999744635328981,-0.999974917158758,-0.9999737850638617,0.9999743449356431,-0.9999746615054239,0.9999723925622301,-0.9999832735230515,0.999982831570915,0.9999835373464016,-0.9999822667712871,-0.9999828979339641,0.9999832196595526,0.9999825382829571,0.999980749837166,-0.999967584048126,0.9999678179395007,-0.9999601181166984,0.999981215191964,-0.9999816260629453,0.9999816551904999,0.9999818952246156,0.9999687810658873,-0.9999706036717824,0.9683160851847898,-0.9999726868558118,-0.9999820381548784
0.9999539522225935,-0.9998760504642038,-0.999993313662134,0.9999999977802819,0.9993010664646722,0.9999939244632601,-0.9999507157115005,0.9999504467896617,-0.9999173679998442,-0.9999747259714262,0.9998752138554728,-0.9997573778377331,-0.9999541698164017,0.9996008390015081,0.9999544200078503,-0.6869554393067866,0.987385294058307,0.1025912697325153,-0.9987512665991166,-0.934290136033159,0.5241767128027552,0.989304900013958,-0.989303948238929,-0.9893057401410156,0.9675475048251218,0.9893060867967524,0.9893060867967528,0.9999906610772122,-0.9999904895021133,0.9999904397067897,0.999990317054582,-0.9999908739654727,0.9999911890491165,-0.9999894349543825,0.9999965240531999,-0.9999960844313753,-0.9999967867146841,0.999995523184103,0.9999961507136195,-0.9999964713491958,-0.9999957931947431,-0.9999931925793086,0.9999859180603647,-0.9999861508593528,0.999981251145618,-0.9999944804606621,0.9999948879513234,-0.9999949162320431,-0.9999951547231272,-0.9999868510278507,0.9999881591964375,-0.9675481193362818,0.9999897278941525,0.9999952962864822
0.9996046309757494,-0.9997594142012012,-0.9994113257010071,0.9993010664646722,0.9999999973966893,0.9991792971628205,-0.9988937829522712,0.9988935162044915,-0.998751551814065,-0.9990267240599515,0.9985955168714851,-0.9982452197472917,-0.9989069858168101,0.9978562819147178,0.9989072345097115,-0.6593794444275153,0.9807950697504241,0.0654271604932513,-0.9961962313848232,-0.9469341770197736,0.5555682098966905,0.9940554395257658,-0.9940544353753932,-0.9940562975583063,0.9762967800205521,0.9940566513601929,0.9940566513601937,0.9991422288397142,-0.9991420616388721,0.9991482557153273,0.9991356530020747,-0.999136201490221,0.9991365120765835,-0.9991285465089482,0.9991818257206101,-0.9991813948251027,-0.9991820837678783,0.9991808469006487,0.9991814602385176,-0.9991817757893202,-0.9991811109089397,-0.9991884200160452,0.9991095122014154,-0.9991097428837676,0.9990705896733146,-0.9991798369356978,0.999180231805922,-0.9991802572276157,-0.9991804897408637,-0.9991135331703912,0.9991210543776805,-0.9762973949920255,0.9991288348782991,0.9991806263314786
0.9999214092948698,-0.9998236530765829,-0.9999806246785488,0.9999939244632601,0.9991792971628205,1.0000000008161458,-0.999978620402556,0.9999783499249981,-0.9999545923994035,-0.9999933346435422,0.9999221444234037,-0.9998241565387943,-0.999981218816871,0.9996874616493376,0.9999815005792626,-0.6892677505951788,0.9878864663707905,0.10575904189128336,-0.9989071272979789,-0.9331518154514771,0.5214627809694702,0.9888373706318427,-0.9888364210687448,-0.9888382089251617,0.966739779391148,0.9888385548113369,0.9888385548113379,1.0000007892286984,-1.0000006152278191,1.0000000221367762,1.0000009813297535,-1.0000015435929377,1.0000018614024577,-1.0000006299608695,1.0000037856222548,-1.0000033413873615,-1.0000040506207257,1.0000027731125822,1.0000034078979019,-1.0000037308370362,-1.0000030461150555,-0.9999995979667711,0.9999984117166372,-0.9999986461951037,0.9999966785596776,-1.0000016826894187,1.0000021269919066,-1.00000212683082,-1.000002398487302,-0.9999990952626733,0.9999998799700125,-0.9667403928639976,1.000000925448191,1.000002542778596
-0.9998178128109594,0.9996795283467037,0.9999175910828613,-0.9999507157115005,-0.9988937829522712,-0.999978620402556,0.9999999988294479,-0.9999980534706611,0.9999933303329205,0.9999940662435668,-0.9999807234787808,0.9999232885231945,0.9999992737627947,-0.9998271434206827,-0.9999995242111487,0.6939614694233257,-0.9888728627023571,-0.11222004207813405,0.9991882505903542,0.9307943408475706,-0.5159049791177472,-0.9878466752055332,0.9878457294734598,0.9878475104346314,-0.9650556892766805,-0.9878478551382431,-0.9878478551382444,-0.9999841359181963,0.9999839634268977,-0.9999822929218706,-0.9999854100762938,0.9999859685432783,-0.9999862844534981,0.9999861448604632,-0.9999812349500294,0.9999807935822611,0.9999814985258941,-0.999980229577775,-0.999980860081623,0.999981181768969,0.9999805008859274,0.9999753680536655,-0.9999866612558,0.9999868944640875,-0.9999908914299055,0.9999791799455162,-0.9999795901617011,0.9999796189832638,0.9999798588150999,0.9999867907885742,-0.9999864843875798,0.9650563034941637,-0.999986438707626,-0.9999800014010701
0.9998175435851484,-0.9996792599649398,-0.9999173211592283,0.9999504467896617,0.9988935162044915,0.9999783499249981,-0.9999980534706611,0.9999999984466562,-0.9999930317906097,-0.9999937662116302,0.9999804545446129,-0.9999230205966138,-0.9999990039439796,0.9998268766287781,0.9999992542842557,-0.6939613068073406,0.9888726071480671,0.11222003663433731,-0.9991879867095635,-0.9307940883630146,0.5159048249507108,0.9878464100267704,-0.9878454643083896,-0.9878472452448082,0.9650554289626876,0.9878475899447736,0.9878475899447738,0.999983864951321,-0.9999836925568595,0.9999820224642105,0.9999851389882799,-0.9999856973074648,0.9999860131471858,-0.9999858737912397,0.9999809630500662,-0.9999805218222666,-0.9999812265588738,0.9999799580657585,0.999980588295355,-0.9999809099016669,-0.9999802292368272,-0.9999750982323835,0.9999863912957296,-0.9999866243881291,0.9999906211549463,-0.9999789090703523,0.9999793190004509,-0.9999793478125428,-0.9999795874733275,-0.9999865202183189,0.9999862135169586,-0.9650560432613253,0.9999861675490698,0.9999797299814105
-0.9997573459402366,0.9996008463653445,0.9998753424114621,-0.9999173679998442,-0.998751551814065,-0.9999545923994035,0.9999933303329205,-0.9999930317906097,0.9999999977651883,0.9999804996973842,-0.9999931656037425,0.9999539672845769,0.9999934796989831,-0.9998760282736127,-0.9999937291311445,0.6960621103047321,-0.9893026254216277,-0.1151232985421728,0.9993007738745225,0.9297215344415464,-0.5133990903301996,-0.9873875581975303,0.9873866147724085,0.987388391556043,-0.9642851503957202,-0.9873887355500067,-0.987388735550007,-0.9999627507673755,0.9999625792232083,-0.9999604253956283,-0.9999645111630582,0.9999650676800221,-0.9999653826388125,0.9999657342273013,-0.9999571908266811,0.9999567513007609,0.9999574535035393,-0.999956190235924,-0.9999568176730359,0.9999571384726369,0.9999564601936957,0.9999505798302801,-0.9999674828007128,0.9999677149854949,-0.9999743930758109,0.9999551480062835,-0.9999555552433853,0.9999555835353371,0.9999558218670417,0.99996736168382,-0.9999665640078618,0.9642857651991676,-0.9999660271218647,-0.9999559633804416
-0.999868972271904,0.9997489074082351,0.9999505287319674,-0.9999747259714262,-0.9990267240599515,-0.9999933346435422,0.9999940662435668,-0.9999937662116302,0.9999804996973842,0.9999999988069613,-0.9999589737962687,0.9998833067400119,0.9999957565492887,-0.9997689307438279,-0.9999960075775792,0.6918544714561701,-0.9884339383569116,-0.10931584951374831,0.999066446683761,0.9318584724603961,-0.5184059966953709,-0.9882965987830167,0.9882956508176056,0.9882974358197113,-0.9658172409831038,-0.9882977812131526,-0.988297781213156,-0.9999962052203453,0.999996032177354,-0.9999948466972859,-0.9999969926253114,0.9999975524178916,-0.999997868978484,0.9999972392063918,-0.9999959594982296,0.9999955168723618,0.9999962236907837,-0.9999949509494659,-0.9999955833947903,0.9999959056352755,0.9999952230521751,0.9999908451675315,-0.9999964977899144,0.9999967617226861,-0.9999980465488969,0.9999938965183459,-0.9999943085528844,0.9999943378556239,0.9999945785006352,0.9999969056516097,-0.9999970892987394,0.9658178549122988,-0.9999975336369874,-0.9999947218360977
0.9996867940345668,-0.9995112449806347,-0.9998238418896825,0.9998752138554728,0.9985955168714851,0.9999221444234037,-0.9999807234787808,0.9999804545446129,-0.9999931656037425,-0.9999589737962687,0.9999999991502236,-0.9999786182750517,-0.9999800451018976,0.9999197803862618,0.9999803251380611,-0.6982519542089434,0.9897443104142045,0.11815621187400946,-0.9994109312358284,-0.928593532589349,0.5107766738761362,0.9869004516255472,-0.9868995104963286,-0.9869012830999302,0.9634727689820882,0.9869016263372292,0.9869016263372314,0.9999330779533837,-0.9999329054294366,0.9999302372325428,0.9999353498594646,-0.9999359084676894,0.9999362245005534,-0.9999370823802,0.9999247570360333,-0.999924315786497,-0.999925020593025,0.9999237520809368,0.9999243822669771,-0.9999247039624946,-0.9999240231807413,-0.9999173260870303,0.9999400935308804,-0.9999403263125071,0.9999498115992225,-0.9999227032512362,0.999923113000522,-0.9999231419280876,-0.9999233814045315,-0.9999397239450577,0.9999384196627757,-0.9634733833558781,0.9999373762952374,0.999923523939867
-0.9995110149785881,0.9992965804869487,0.9996869554909917,-0.9997573778377331,-0.9982452197472917,-0.9998241565387943,0.9999232885231945,-0.9999230205966138,0.9999539672845769,0.9998833067400119,-0.9999786182750517,0.9999999981609548,0.9999210011747677,-0.999977433963826,-0.9999212499697008,0.7027033610884806,-0.9906153852871323,-0.12434806962406657,0.9996043954975345,0.9262600278875419,-0.5054036007169341,-0.9858742522798193,0.9858733154079612,0.9858750803082067,-0.9617828773432288,-0.9858754222103701,-0.9858754222103716,-0.9998407345290233,0.9998405629517166,-0.9998368582155575,-0.9998440459472441,0.9998446023573845,-0.9998449173196094,0.9998468203845545,-0.9998267538591411,0.9998263144154106,0.9998270165412736,-0.9998257535254182,-0.9998263808313785,0.999826701727655,0.9998260233954561,0.9998177055333692,-0.999852448479993,0.9998526801827503,-0.9998678910457439,0.9998247117375657,-0.9998251187156486,0.9998251470641076,0.9998253852022938,0.9998515510456282,-0.9998492016832187,0.9617834922736482,-0.9998471133082635,-0.9998255266876199
-0.9998237001727858,0.9996870441809641,0.9999218493582338,-0.9999541698164017,-0.9989069858168101,-0.999981218816871,0.9999992737627947,-0.9999990039439796,0.9999934796989831,0.9999957565492887,-0.9999800451018976,0.9999210011747677,1.0000000001878755,-0.999823216630069,-1.0000004850168358,0.6937734158897295,-0.9888347584446651,-0.11195978023966269,0.9991786092345585,0.9308909287658126,-0.5161298738160996,-0.9878882769447966,0.9878873315910013,0.9878891118350667,-0.965125196831961,-0.9878894563978218,-0.9878894563978224,-0.9999865369831017,0.9999863636156746,-0.9999847324873351,-0.9999877691555622,0.9999883297805645,-0.999988646794581,0.9999884597137139,-0.9999838754322783,0.9999834325300199,0.9999841397883671,-0.9999828662702948,-0.9999834990483975,0.9999838214542849,0.9999831384599822,0.9999780640322217,-0.9999888549384619,0.9999890886799782,-0.9999928478034253,0.9999818110474109,-0.9999822232812264,0.9999822527743882,0.9999824934206379,0.9999890125936723,-0.999988753135889,0.9651258106926559,-0.9999887545179993,-0.9999826369240209
0.9992965428101369,-0.9990432322323679,-0.9995113682294539,0.9996008390015081,0.9978562819147178,0.9996874616493376,-0.9998271434206827,0.9998268766287781,-0.9998760282736127,-0.9997689307438279,0.9999197803862618,-0.999977433963826,-0.999823216630069,0.9999999974678258,0.999823464235848,-0.7071275566025369,0.9914481139996002,0.1305350959764618,-0.9997591349384515,-0.9238906792302151,0.5000109833613066,0.9848098947816853,-0.9848089622135278,-0.9848107193211956,0.9600557636019523,0.984811059874249,0.98481105987425,0.999709682867599,-0.9997095123377542,0.9997047716215729,0.9997140335385788,-0.9997145875786957,0.9997149013851442,-0.9997178497964758,0.9996900422348474,-0.9996896047474161,-0.9996903039672217,0.9996890469321968,0.9996896710704948,-0.9996899910786318,-0.9996893154312141,-0.999679378814183,0.9997260956871,-0.9997263261889018,0.9997472618022887,-0.9996880128243665,0.9996884167445552,-0.999688444506571,-0.9996886811342485,-0.9997246698488589,0.9997212752109627,-0.9600563791251034,0.9997181416297447,0.9996888214909884
0.9998239507765119,-0.9996872940880425,-0.9999221005241908,0.9999544200078503,0.9989072345097115,0.9999815005792626,-0.9999995242111487,0.9999992542842557,-0.9999937291311445,-0.9999960075775792,0.9999803251380611,-0.9999212499697008,-1.0000004850168358,0.999823464235848,1.0000000005444862,-0.6937735537251387,0.9888349930267352,0.11195976726098368,-0.9991788536456752,-0.9308911698421477,0.5161300324475349,0.987888526066222,-0.9878875807220575,-0.9878893609473364,0.965125443347022,0.9878897055057495,0.9878897055057512,0.9999867892476308,-0.9999866157790603,0.9999849842050454,0.9999880215607722,-0.9999885823601543,0.9999888994586335,-0.999988712088119,0.9999841284723557,-0.9999836854206895,-0.9999843929005308,0.9999831189054856,0.9999837519610146,-0.9999840744492512,-0.9999833912281308,-0.9999783150928241,0.9999891060922506,-0.9999893399409783,0.999993099281947,-0.9999820630282826,0.9999824755441681,-0.9999825050616331,-0.999982745866904,-0.9999892644112442,0.9999890052846657,-0.965126057127674,0.9999890069891921,0.9999828894560795
-0.6801740984648508,0.6755877638569273,0.684734205972062,-0.6869554393067866,-0.6593794444275153,-0.6892677505951788,0.6939614694233257,-0.6939613068073406,0.6960621103047321,0.6918544714561701,-0.6982519542089434,0.7027033610884806,0.6937734158897295,-0.7071275566025369,-0.6937735537251387,0.9999999987785986,-0.7933370386922667,-0.7933383904215231,0.7223508482268669,0.3827465578809012,0.25877379405059087,-0.5736200335473355,0.5736198454195639,0.573620234807633,-0.4810423421517253,-0.5736203254241741,-0.5736203254241758,-0.6899239515449023,0.6899238224907541,-0.6898024497836434,-0.6900450409909128,0.6900454324189603,-0.6900456587922842,0.6901657740384214,-0.689269669905564,0.68926934533258,0.6892698665018893,-0.6892689312723106,-0.6892693971371545,0.6892696418258326,0.6892691295217289,0.6890763435841236,-0.6904667204722215,0.6904668550880351,-0.691130882502516,0.6892681522561711,-0.6892684511148263,0.6892684802770978,0.6892686498823262,0.6904066769485372,-0.6902862326336218,0.48104278482817764,-0.6901659877711341,-0.6892687584170969
0.9858720049497846,-0.9848076815328116,-0.9868983579326077,0.987385294058307,0.9807950697504241,0.9878864663707905,-0.9888728627023571,0.9888726071480671,-0.9893026254216277,-0.9884339383569116,0.9897443104142045,-0.9906153852871323,-0.9888347584446651,0.9914481139996002,0.9888349930267352,-0.7933370386922667,0.999999997055982,0.2587740982685568,-0.9940528950278464,-0.8660685273082341,0.3827465320850977,0.9537382045897931,-0.9537373686155398,-0.9537389501968748,0.9153431929386685,0.9537392596688881,0.9537392596688904,0.9880266516176566,-0.9880264858828532,0.9880000313007808,0.9880527326044942,-0.988053271645391,0.9880535784233175,-0.9880782978499841,0.9878889638654403,-0.9878885366660094,-0.9878892207562109,0.9878879945232822,0.9878886026713327,-0.9878889185819362,-0.987888255755838,-0.9878442206085191,0.9881409885849677,-0.9881412075554347,0.9882817459131785,-0.9878869964980082,0.9878873851841822,-0.9878874116235037,-0.9878876396888914,-0.9881286493400258,0.9881034858106661,-0.9153438066011967,0.9880785835051439,0.9878877752250161
0.09334474797990704,-0.08713200359421493,-0.09955384713864823,0.1025912697325153,0.0654271604932513,0.10575904189128336,-0.11222004207813405,0.11222003663433731,-0.1151232985421728,-0.10931584951374831,0.11815621187400946,-0.12434806962406657,-0.11195978023966269,0.1305350959764618,0.11195976726098368,-0.7933383904215231,0.2587740982685568,0.9999999996111371,-0.15208471327341658,0.2587740208621777,-0.7933384480298594,-0.04358867612326789,0.04358814086681118,0.04358910029845562,-0.1520847811747215,-0.04358926515106312,-0.04358926515106249,0.10666005829885804,-0.10666001572859127,0.1064938751278049,0.10682611310259024,-0.1068262026925979,0.1068262590866261,-0.10699211103563122,0.10575964201905859,-0.10575954758354457,-0.10575970056667736,0.1057594228950382,0.10575956422469864,-0.10575964008870088,-0.10575948057205273,-0.10549756628250884,0.10740688476042905,-0.10740688249279919,0.10831995096538281,-0.1057591611206958,0.1057592559300331,-0.10575927757799891,-0.10575932320927962,-0.10732397560037475,0.10715804393452497,0.15208469300498123,0.10699216828423803,0.10575936335913637
-0.9982449081872011,0.9978560071674297,0.9985953654234638,-0.9987512665991166,-0.9961962313848232,-0.9989071272979789,0.9991882505903542,-0.9991879867095635,0.9993007738745225,0.999066446683761,-0.9994109312358284,0.9996043954975345,0.9991786092345585,-0.9997591349384515,-0.9991788536456752,0.7223508482268669,-0.9940528950278464,-0.15208471327341658,0.9999999970095514,0.915342539301721,-0.4810419866174441,-0.9807969819766708,0.9807960648937236,0.9807977939259118,-0.9537377006516401,-0.9807981295812455,-0.9807981295812458,-0.9989490458286007,0.9989488774936429,-0.9989405160438586,-0.9989570242733286,0.9989575731592107,-0.9989578844987387,0.9989644741024137,-0.9989096711173625,0.9989092378950435,0.99890993081206,-0.998908686825199,-0.9989093040289233,0.9989096221841824,0.998908952275783,0.9988933460628221,-0.9989818328821136,0.9989820603243765,-0.9990229700660884,0.9989076694636588,-0.9989080666045715,0.9989080932285702,0.9989083264050214,0.9989785739401862,-0.9989715381176434,0.9537383173290946,-0.9989647636170542,-0.9989084643523418
-0.9375623708965248,0.9397134554081135,0.9353752043861935,-0.934290136033159,-0.9469341770197736,-0.9331518154514771,0.9307943408475706,-0.9307940883630146,0.9297215344415464,0.9318584724603961,-0.928593532589349,0.9262600278875419,0.9308909287658126,-0.9238906792302151,-0.9308911698421477,0.3827465578809012,-0.8660685273082341,0.2587740208621777,0.915342539301721,0.9999999982310679,-0.7933381308024867,-0.9762983189317183,0.9762972040338644,0.9762992860435344,-0.9940552757324241,-0.9762996818130386,-0.97629968181304,-0.9328256793013052,0.9328255358614047,-0.9328850699964469,-0.9327658177718151,0.9327663102496568,-0.9327665880471542,0.9327054709064201,-0.9331539898097253,0.9331536121901268,0.9331542163267966,-0.9331531365770352,-0.9331536695039117,0.9331539461047381,0.9331533669335044,0.933244903467419,-0.9325535046770134,0.9325537245732424,-0.9322217024413257,0.9331522803403495,-0.9331526173434334,0.9331526319625061,0.9331528352086942,0.9325840693019021,-0.9326447814991426,0.9940558757653022,-0.9327057269280767,-0.9331529489527309
0.5320666239433612,-0.5373379201414161,-0.5267748858947385,0.5241767128027552,0.5555682098966905,0.5214627809694702,-0.5159049791177472,0.5159048249507108,-0.5133990903301996,-0.5184059966953709,0.5107766738761362,-0.5054036007169341,-0.5161298738160996,0.5000109833613066,0.5161300324475349,0.25877379405059087,0.3827465320850977,-0.7933384480298594,-0.4810419866174441,-0.7933381308024867,0.9999999993820019,0.6427818308962493,-0.6427807914449792,-0.6427827072789255,0.7223525056277771,0.6427830604722017,0.6427830604722021,0.520689360193157,-0.5206892984626335,0.5208315380007644,0.5205469738680814,-0.5205472239186065,0.5205473615027836,-0.5204043213813498,0.521463743412165,-0.5214635684748468,-0.5214638474921772,0.5214633528055758,0.5214635938723852,-0.521463718604965,-0.5214634591834768,-0.5216862556182048,0.520047158086045,-0.5200472965044204,0.5192625764569394,-0.521462991831361,0.521463139098178,-0.5214631335532466,-0.5214632302860939,-0.5201186622911522,0.5202614977363368,-0.7223528100044089,0.5204044447616507,0.5214632746289419
0.9906175685975194,-0.9914503579841648,-0.9897466406273663,0.989304900013958,0.9940554395257658,0.9888373706318427,-0.9878466752055332,0.9878464100267704,-0.9873875581975303,-0.9882965987830167,0.9869004516255472,-0.9858742522798193,-0.9878882769447966,0.9848098947816853,0.987888526066222,-0.5736200335473355,0.9537382045897931,-0.04358867612326789,-0.9807969819766708,-0.9762983189317183,0.6427818308962493,1.0000000003253713,-0.999999393996053,-1.0000013332926025,0.9940568665060776,1.0000017358864142,1.000001735886416,0.9887019556628814,-0.9887017943391473,0.9887261280025456,0.9886772537366686,-0.9886777903094747,0.9886780938026778,-0.988652029753257,0.9888398097512303,-0.9888393915676346,-0.9888400603390886,0.9888388614750234,0.9888394550091237,-0.9888397612735749,-0.9888391172458408,-0.9888750430628255,0.9885877426002035,-0.9885879724768964,0.9884491572691149,-0.9888378914231087,0.9888382713817612,-0.988838293488808,-0.9888385188274873,-0.988600802560444,0.9886264298326949,-0.9940574737645733,0.9886523108516194,0.9888386493310295
-0.9906166111944064,0.99144939677436,0.9897456871062241,-0.989303948238929,-0.9940544353753932,-0.9888364210687448,0.9878457294734598,-0.9878454643083896,0.9873866147724085,0.9882956508176056,-0.9868995104963286,0.9858733154079612,0.9878873315910013,-0.9848089622135278,-0.9878875807220575,0.5736198454195639,-0.9537373686155398,0.04358814086681118,0.9807960648937236,0.9762972040338644,-0.6427807914449792,-0.999999393996053,0.9999999988560202,1.000000329775915,-0.9940557555065429,-1.000000702203881,-1.0000007022038804,-0.9887010051330005,0.988700843869264,-0.9887251777486135,-0.9886763031782015,0.988676839596133,-0.9886771430144431,0.9886510793411921,-0.9888388598660405,0.9888384417207824,0.9888391104383234,-0.9888379116826497,-0.9888385051690791,0.988838811421569,0.9888381674393326,0.9888740926211647,-0.9885867933671154,0.9885870232224073,-0.9884482083687127,0.9888369417999522,-0.9888373217112382,0.9888373437789411,0.9888375691126328,0.9885998527785707,-0.9886254796993798,0.9940563929895134,-0.9886513603741786,-0.988837699582502
-0.990618413271659,0.9914512057385434,0.9897474821475537,-0.9893057401410156,-0.9940562975583063,-0.9888382089251617,0.9878475104346314,-0.9878472452448082,0.987388391556043,0.9882974358197113,-0.9869012830999302,0.9858750803082067,0.9878891118350667,-0.9848107193211956,-0.9878893609473364,0.573620234807633,-0.9537389501968748,0.04358910029845562,0.9807977939259118,0.9762992860435344,-0.6427827072789255,-1.0000013332926025,1.000000329775915,1.0000000016126176,-0.9940578085695129,-1.0000026113181446,-1.0000026113181446,-0.9887027947400227,0.9887026333715097,-0.9887269668777036,-0.9886780928278226,0.9886786295110465,-0.9886789330557599,0.9886528687299118,-0.9888406482356981,0.9888402300346772,0.9888408988279359,-0.9888396999143935,-0.9888402934709112,0.9888405997383357,0.9888399556920315,0.9888758821045199,-0.9885885806645252,0.9885888105579175,-0.988449995056914,0.9888387297566696,-0.9888391097442978,0.9888391318779446,0.9888393572184697,0.9886016410523737,-0.9886272685968014,0.9940584157718735,-0.9886531498754917,-0.9888394877432469
0.9698536582741699,-0.9713545132378384,-0.968315471321725,0.9675475048251218,0.9762967800205521,0.966739779391148,-0.9650556892766805,0.9650554289626876,-0.9642851503957202,-0.9658172409831038,0.9634727689820882,-0.9617828773432288,-0.965125196831961,0.9600557636019523,0.965125443347022,-0.4810423421517253,0.9153431929386685,-0.1520847811747215,-0.9537377006516401,-0.9940552757324241,0.7223525056277771,0.9940568665060776,-0.9940557555065429,-0.9940578085695129,0.9999999991735733,0.994058195020263,0.994058195020263,0.9665076235230124,-0.9665074703048685,0.9665496552967292,0.9664650889129385,-0.96646560638307,0.9664658987204768,-0.9664220477787463,0.9667420985727562,-0.9667416983954753,-0.9667423385188323,0.9667411927612254,0.9667417591224046,-0.9667420522640594,-0.9667414371643245,-0.9668055507119984,0.9663132761111832,-0.9663135022757965,0.9660766761642482,-0.9667402748105313,0.9667406351630597,-0.9667406535831188,-0.966740869023869,-0.9663352180137682,0.9663786454448697,-0.9999993993437835,0.966422317885356,0.9667409917786842
0.9906187617258251,-0.9914515554347807,-0.9897478293317354,0.9893060867967524,0.9940566513601929,0.9888385548113369,-0.9878478551382431,0.9878475899447736,-0.9873887355500067,-0.9882977812131526,0.9869016263372292,-0.9858754222103701,-0.9878894563978218,0.984811059874249,0.9878897055057495,-0.5736203254241741,0.9537392596688881,-0.04358926515106312,-0.9807981295812455,-0.9762996818130386,0.6427830604722017,1.0000017358864142,-1.000000702203881,-1.0000026113181446,0.994058195020263,1.0000000021420041,1.0000030139173532,0.9887031408806363,-0.9887029794984089,0.9887273129657952,0.988678438963909,-0.9886789756797484,0.988679279239476,-0.9886532148233423,0.9888409941328009,-0.9888405759328923,-0.9888412447229915,0.9888400458137848,0.9888406393674984,-0.9888409456332238,-0.9888403015900473,-0.9888762282916994,0.9885889264625854,-0.9885891563612831,0.9884503407267526,-0.9888390756459978,0.9888394556343815,-0.9888394777734416,-0.9888397031114331,-0.9886019869836882,0.988627614618585,-0.9940588022027065,0.9886534959834186,0.9888398336388418
0.9906187617258259,-0.9914515554347827,-0.9897478293317377,0.9893060867967528,0.9940566513601937,0.9888385548113379,-0.9878478551382444,0.9878475899447738,-0.987388735550007,-0.988297781213156,0.9869016263372314,-0.9858754222103716,-0.9878894563978224,0.98481105987425,0.9878897055057512,-0.5736203254241758,0.9537392596688904,-0.04358926515106249,-0.9807981295812458,-0.97629968181304,0.6427830604722021,1.000001735886416,-1.0000007022038804,-1.0000026113181446,0.994058195020263,1.0000030139173532,1.0000000021420041,0.9887031408806392,-0.9887029794984106,0.9887273129657964,0.9886784389639107,-0.9886789756797475,0.9886792792394788,-0.9886532148233427,0.9888409941328018,-0.9888405759328953,-0.988841244722993,0.9888400458137866,0.9888406393675008,-0.9888409456332246,-0.988840301590048,-0.9888762282916991,0.9885889264625876,-0.9885891563612847,0.9884503407267535,-0.988839075645999,0.9888394556343818,-0.9888394777734406,-0.9888397031114339,-0.9886019869836893,0.9886276146185861,-0.9940588022027061,0.9886534959834203,0.9888398336388433
0.9999097309135755,-0.9998063144820188,-0.9999746363892157,0.9999906610772122,0.9991422288397142,1.0000007892286984,-0.9999841359181963,0.999983864951321,-0.9999627507673755,-0.9999962052203453,0.9999330779533837,-0.9998407345290233,-0.9999865369831017,0.999709682867599,0.9999867892476308,-0.6899239515449023,0.9880266516176566,0.10666005829885804,-0.9989490458286007,-0.9328256793013052,0.520689360193157,0.9887019556628814,-0.9887010051330005,-0.9887027947400227,0.9665076235230124,0.9887031408806363,0.9887031408806392,1.000000000885317,-1.000001040962003,1.0000003240723658,1.0000015900258874,-1.0000021533382621,1.0000024716429523,-1.0000013897870565,1.0000034430659812,-1.0000029968873,-1.0000037090166976,1.0000024255674058,1.0000030634935415,-1.000003387367667,-1.0000026998911022,-0.9999989879972596,0.9999995425820859,-0.9999997775763045,0.999998643766202,-1.000001357562894,1.000001774664399,-1.0000018054203808,-1.000002048263714,-1.0000001544672497,1.000000789800448,-0.9665082366574925,1.0000016858078522,1.0000021937533354
-0.9999095593329776,0.9998061442980924,0.9999744635328981,-0.9999904895021133,-0.9991420616388721,-1.0000006152278191,0.9999839634268977,-0.9999836925568595,0.9999625792232083,0.999996032177354,-0.9999329054294366,0.9998405629517166,0.9999863636156746,-0.9997095123377542,-0.9999866157790603,0.6899238224907541,-0.9880264858828532,-0.10666001572859127,0.9989488774936429,0.9328255358614047,-0.5206892984626335,-0.9887017943391473,0.988700843869264,0.9887026333715097,-0.9665074703048685,-0.9887029794984089,-0.9887029794984106,-1.000001040962003,1.000000000637293,-1.0000001201147857,-1.0000013850654865,1.0000019782658756,-1.0000022964322028,1.00000121504451,-1.000003266645969,1.0000028207560911,1.0000035324536884,-1.0000022498827115,-1.0000028873491347,1.0000032110836563,1.000002524014436,0.9999988151500864,-0.9999993695286249,0.999999604418508,-0.9999984701993133,1.0000011830064477,-1.000001599677552,1.0000016303240424,1.0000018729714013,0.9999999804980264,-1.0000006153770518,0.9665080835153685,-1.0000015109319118,-1.0000020182865217
0.9999110601987659,-0.9998086928282425,-0.999974917158758,0.9999904397067897,0.9991482557153273,1.0000000221367762,-0.9999822929218706,0.9999820224642105,-0.9999604253956283,-0.9999948466972859,0.9999302372325428,-0.9998368582155575,-0.9999847324873351,0.9997047716215729,0.9999849842050454,-0.6898024497836434,0.9880000313007808,0.1064938751278049,-0.9989405160438586,-0.9328850699964469,0.5208315380007644,0.9887261280025456,-0.9887251777486135,-0.9887269668777036,0.9665496552967292,0.9887273129657952,0.9887273129657964,1.0000003240723658,-1.0000001201147857,0.999999999598347,1.0000006390820602,-1.0000012006799266,1.0000015181293302,-1.000000411300783,1.0000026614642001,-1.000002217055657,-1.0000029265336812,1.0000016484340843,1.0000022836026667,-1.00000260663437,-1.0000019216335936,-0.9999982413940393,0.9999985045153915,-0.9999987389472718,0.9999974493756308,-1.000000587225181,1.0000010017836687,-1.000001031821012,-1.0000012735532982,-0.9999990947178963,0.9999997853741164,-0.9665502688233188,1.0000007065245697,1.0000014179678405
0.9999078360102084,-0.9998033759154533,-0.9999737850638617,0.999990317054582,0.9991356530020747,1.0000009813297535,-0.9999854100762938,0.9999851389882799,-0.9999645111630582,-0.9999969926253114,0.9999353498594646,-0.9998440459472441,-0.9999877691555622,0.9997140335385788,0.9999880215607722,-0.6900450409909128,0.9880527326044942,0.10682611310259024,-0.9989570242733286,-0.9327658177718151,0.5205469738680814,0.9886772537366686,-0.9886763031782015,-0.9886780928278226,0.9664650889129385,0.988678438963909,0.9886784389639107,1.0000015900258874,-1.0000013850654865,1.0000006390820602,1.0000000013949342,-1.0000024964604055,1.0000028452235594,-1.0000017600825297,1.0000036399786913,-1.0000031931931816,-1.0000039062330848,1.000002620968951,1.0000032598067505,-1.000003583961717,-1.0000028956485518,-0.999999134009491,1.000000009444791,-1.0000002445827167,0.999999264910329,-1.0000015506907611,1.0000019686126422,-1.000001999646256,-1.0000022428185171,-1.0000006091576255,1.000001217499506,-0.9664657019418614,1.0000020865280752,1.000002388682485
-0.9999083932376956,0.9998039302770659,0.9999743449356431,-0.9999908739654727,-0.999136201490221,-1.0000015435929377,0.9999859685432783,-0.9999856973074648,0.9999650676800221,0.9999975524178916,-0.9999359084676894,0.9998446023573845,0.9999883297805645,-0.9997145875786957,-0.9999885823601543,0.6900454324189603,-0.988053271645391,-0.1068262026925979,0.9989575731592107,0.9327663102496568,-0.5205472239186065,-0.9886777903094747,0.988676839596133,0.9886786295110465,-0.96646560638307,-0.9886789756797484,-0.9886789756797475,-1.0000021533382621,1.0000019782658756,-1.0000012006799266,-1.0000024964604055,1.000000002196946,-1.0000033799579717,1.000002353997515,-1.0000042079670641,1.0000037604659473,1.000004474576536,-1.0000031871703687,-1.0000038270867573,1.000004151569076,1.0000034622729175,0.999999693543199,-1.0000005692987497,1.000000804612179,-0.9999998259018462,1.0000021141839024,-1.0000025330844813,1.0000025644484636,1.000002808014113,1.0000011711086465,-1.000001780497007,0.9664662192610842,-1.0000026505741484,-1.0000029543232754
0.9999087084353193,-0.9998042439854087,-0.9999746615054239,0.9999911890491165,0.9991365120765835,1.0000018614024577,-0.9999862844534981,0.9999860131471858,-0.9999653826388125,-0.999997868978484,0.9999362245005534,-0.9998449173196094,-0.999988646794581,0.9997149013851442,0.9999888994586335,-0.6900456587922842,0.9880535784233175,0.1068262590866261,-0.9989578844987387,-0.9327665880471542,0.5205473615027836,0.9886780938026778,-0.9886771430144431,-0.9886789330557599,0.9664658987204768,0.988679279239476,0.9886792792394788,1.0000024716429523,-1.0000022964322028,1.0000015181293302,1.0000028452235594,-1.0000033799579717,1.0000000026504021,-1.0000026725220763,1.0000045286666657,-1.000004080805067,-1.0000047954543494,1.0000035069694642,1.0000041474286845,-1.000004472075009,-1.0000037822844183,-1.0000000099548307,1.0000008858785876,-1.0000011212767945,1.000000143057421,-1.0000024326132912,1.0000028520071504,-1.0000028835407444,-1.0000031273028167,-1.0000014887388844,1.0000020986490414,-0.9664665115168384,1.0000029692464452,1.0000032738379763
-0.9999054024562805,0.9997999014196773,0.9999723925622301,-0.9999894349543825,-0.9991285465089482,-1.0000006299608695,0.9999861448604632,-0.9999858737912397,0.9999657342273013,0.9999972392063918,-0.9999370823802,0.9998468203845545,0.9999884597137139,-0.9997178497964758,-0.999988712088119,0.6901657740384214,-0.9880782978499841,-0.10699211103563122,0.9989644741024137,0.9327054709064201,-0.5204043213813498,-0.988652029753257,0.9886510793411921,0.9886528687299118,-0.9664220477787463,-0.9886532148233423,-0.9886532148233427,-1.0000013897870565,1.00000121504451,-1.000000411300783,-1.0000017600825297,1.000002353997515,-1.0000026725220763,1.000000001169599,-1.0000032874400773,1.0000028408079311,1.0000035536188363,-1.0000022688056311,-1.0000029074266148,1.000003231517887,1.0000025434063027,0.9999987393442556,-0.9999999353711977,1.0000001704815966,-0.9999993439600097,1.0000011990882285,-1.00000161681867,1.0000016477698803,1.0000018908766428,1.0000005207192424,-1.0000010707993112,0.9664226608345949,-1.0000019117343735,-1.000002036643056
0.9999240075795796,-0.999826229385457,-0.9999832735230515,0.9999965240531999,0.9991818257206101,1.0000037856222548,-0.9999812349500294,0.9999809630500662,-0.9999571908266811,-0.9999959594982296,0.9999247570360333,-0.9998267538591411,-0.9999838754322783,0.9996900422348474,0.9999841284723557,-0.689269669905564,0.9878889638654403,0.10575964201905859,-0.9989096711173625,-0.9331539898097253,0.521463743412165,0.9888398097512303,-0.9888388598660405,-0.9888406482356981,0.9667420985727562,0.9888409941328009,0.9888409941328018,1.0000034430659812,-1.000003266645969,1.0000026614642001,1.0000036399786913,-1.0000042079670641,1.0000045286666657,-1.0000032874400773,1.0000000045944322,-1.0000059849260325,-1.0000067019942085,1.0000054390057687,1.0000060817158818,-1.0000064071068067,-1.000005715158017,-1.0000022199155683,1.0000010367875964,-1.000001272883569,0.9999993131785678,-1.0000043591916306,1.0000047805066863,-1.0000048127376822,-1.0000050572356654,-1.0000017376875339,1.0000025311303509,-0.9667427109600716,1.000003585514631,1.0000052046838956
-0.9999235681227678,0.9998257926073515,0.999982831570915,-0.9999960844313753,-0.9991813948251027,-1.0000033413873615,0.9999807935822611,-0.9999805218222666,0.9999567513007609,0.9999955168723618,-0.999924315786497,0.9998263144154106,0.9999834325300199,-0.9996896047474161,-0.9999836854206895,0.68926934533258,-0.9878885366660094,-0.10575954758354457,0.9989092378950435,0.9331536121901268,-0.5214635684748468,-0.9888393915676346,0.9888384417207824,0.9888402300346772,-0.9667416983954753,-0.9888405759328923,-0.9888405759328953,-1.0000029968873,1.0000028207560911,-1.000002217055657,-1.0000031931931816,1.0000037604659473,-1.000004080805067,1.0000028408079311,-1.0000059849260325,1.0000000039560428,1.0000062823777736,-1.0000049610346977,-1.0000056027589084,1.0000059580130187,1.000005266973852,1.0000017776201138,-1.0000005941475802,1.0000008300746885,-0.9999988693639917,1.0000039138562538,-1.0000043342891722,1.0000043662089895,1.0000046103612894,1.00000129291028,-1.000002085278633,0.966742310918334,-1.0000031385688724,-1.0000047573995767
-0.9999242701158817,0.999826490536916,0.9999835373464016,-0.9999967867146841,-0.9991820837678783,-1.0000040506207257,0.9999814985258941,-0.9999812265588738,0.9999574535035393,0.9999962236907837,-0.999925020593025,0.9998270165412736,0.9999841397883671,-0.9996903039672217,-0.9999843929005308,0.6892698665018893,-0.9878892207562109,-0.10575970056667736,0.99890993081206,0.9331542163267966,-0.5214638474921772,-0.9888400603390886,0.9888391104383234,0.9888408988279359,-0.9667423385188323,-0.9888412447229915,-0.988841244722993,-1.0000037090166976,1.0000035324536884,-1.0000029265336812,-1.0000039062330848,1.000004474576536,-1.0000047954543494,1.0000035536188363,-1.0000067019942085,1.0000062823777736,1.0000000049749487,-1.0000057057976763,-1.000006349001305,1.0000066745438227,1.000005982140062,1.0000024839259134,-1.0000013009772069,1.000001537154984,-0.9999995779601573,1.0000046247421261,-1.0000050464995611,1.0000050788890114,1.0000053235589357,1.0000020029447516,-1.000002796922195,0.9667429508327755,-1.0000038518485646,-1.0000054712139645
0.9999230071323482,-0.9998252357197481,-0.9999822667712871,0.999995523184103,0.9991808469006487,1.0000027731125822,-0.999980229577775,0.9999799580657585,-0.999956190235924,-0.9999949509494659,0.9999237520809368,-0.9998257535254182,-0.9999828662702948,0.9996890469321968,0.9999831189054856,-0.6892689312723106,0.9878879945232822,0.1057594228950382,-0.998908686825199,-0.9331531365770352,0.5214633528055758,0.9888388614750234,-0.9888379116826497,-0.9888396999143935,0.9667411927612254,0.9888400458137848,0.9888400458137866,1.0000024255674058,-1.0000022498827115,1.0000016484340843,1.000002620968951,-1.0000031871703687,1.0000035069694642,-1.0000022688056311,1.0000054390057687,-1.0000049610346977,-1.0000057057976763,1.000000003139618,1.0000050578055353,-1.0000053824349102,-1.0000046927517359,-1.0000012122311512,1.000000028192439,-1.0000002638328624,0.9999983016252263,-1.0000033438967715,1.0000037629905394,-1.0000037643099047,-1.0000040380798707,-1.0000007237151463,1.0000015144548975,-0.9667418054905682,1.0000025660872778,1.0000041845188288
