0.9999999980767381,-0.49998981782199814,-0.5000063791539563,0.4985653438428205,0.49856890998962083,-0.38662719553411556,0.4872311490080771,0.2055026642947948,-0.4942693005692333,-0.49430651254133096,-0.20552823455910857,0.018475024616164838,0.498588681592745,-0.4985781380547077,-0.4985960092756619,0.49860031749445183,0.4986003174944496,-0.12636595657517502,0.3308432804317644,-0.12636595657518992,-0.4089637419925553,0.33084328043177264,0.4091036889743566,-0.2386385497308926,-0.4090450627421993,-0.4090948284034848,0.23861069871971977,0.4089986758144159
-0.49998981782199814,0.9999999952705779,-0.49998981782198904,-0.9971378698632046,-0.9971421138138179,0.7732487688488411,-0.9744662094060409,-0.41099134366398454,0.9885498153697553,0.9886184734071104,0.41104248488842027,-0.03696948522929349,-0.9971871952565562,0.9971661133051194,0.9972018466047416,-0.9972104617201447,-0.9972104617201405,0.2527374442448788,-0.6617010416495642,0.2527374442449057,0.8179453829669565,-0.6617010416495795,-0.818225271893375,0.4772979366552228,0.8181080213869393,0.8182075508786111,-0.47724223477038,-0.8180152492906175
-0.5000063791539563,-0.49998981782198904,0.9999999980767381,0.4985653438428167,0.4985689099896161,-0.3866271955341086,0.4872311490080726,0.20550266429478642,-0.49426930056923135,-0.49430651254132635,-0.20552823455910008,0.01847502461617308,0.4985886815927435,-0.49857813805470474,-0.49859600927565967,0.49860031749444855,0.49860031749444755,-0.12636595657517682,0.33084328043176625,-0.12636595657518943,-0.4089637419925573,0.33084328043177313,0.4091036889743592,-0.23863854973089896,-0.40904506274220154,-0.40909482840348776,0.2386106987197256,0.4089986758144182
0.4985653438428205,-0.9971378698632046,0.4985653438428167,0.9999999962082226,0.9886054358610131,-0.7231752629174534,0.9547397230577107,0.3409993157782955,-0.9971193580854293,-0.9744440000288328,-0.34105135927831554,0.11230294322125589,0.9999956503283921,-0.9999929043277004,-0.9999939080152059,0.999996991255052,0.9999969912550485,-0.26543751708070473,0.6949500928838781,-0.2654375170807321,-0.8590410993100764,0.6949500928838925,0.8592909979465234,-0.5422730538856719,-0.8591857095201177,-0.8592744177261558,0.5422199044964049,0.8591032319215622
0.49856890998962083,-0.9971421138138179,0.4985689099896161,0.9886054358610131,0.9999999961760571,-0.8188778549787735,0.9886241282604873,0.4785887126703919,-0.9743499101701104,-0.9971452056577648,-0.4786386608196607,-0.03851841579038956,0.9886975068457058,-0.9886555637193417,-0.9887284561220792,0.9887425498854965,0.9887425498854925,-0.238606413705938,0.6247055472130071,-0.23860641370596727,-0.7722185902932621,0.6247055472130227,0.7725268519477012,-0.409651049491156,-0.7723983165384257,-0.7725080919881615,0.4095931144806621,0.7722957863660698
-0.38662719553411556,0.7732487688488411,-0.3866271955341086,-0.7231752629174534,-0.8188778549787735,0.9999999854805838,-0.8958484942916835,-0.8958457858542112,0.6687097699894582,0.8598213356197594,0.8958791879106952,0.6050604998836563,-0.72359414039134,0.7234019801087413,0.7237428167040391,-0.723795736796261,-0.7237957367962565,0.08270003677438537,-0.21653229285591896,0.08270003677441642,0.26769695902630763,-0.2165322928559363,-0.2681585800257751,-0.18812161144452202,0.26797025006274927,0.2681357197532385,0.18818478799074098,-0.26781426837019234
0.4872311490080771,-0.9744662094060409,0.4872311490080726,0.9547397230577107,0.9886241282604873,-0.8958484942916835,0.9999999882551583,0.6051451380923444,-0.9294350566164843,-0.9971420801639935,-0.605191856903609,-0.18830335911776827,0.9549207162706131,-0.9548379135063871,-0.9549836184194973,0.9550083904210128,0.9550083904210088,-0.20637605109972978,0.540324969208716,-0.20637605109976034,-0.667922068119727,0.5403249692087337,0.6682816185887649,-0.2678512795406672,-0.6681327847618113,-0.6682611079509003,0.26778988188187197,0.6680125556292326
0.2055026642947948,-0.41099134366398454,0.20550266429478642,0.3409993157782955,0.4785887126703919,-0.8958457858542112,0.6051451380923444,0.9999999849030327,-0.26871352637839807,-0.5434280200664606,-0.9999845687542803,-0.8958028129650801,0.3415688404267967,-0.3413073426893755,-0.341772326984518,0.34184237381805654,0.3418423738180537,0.05819947059625535,-0.15235640261611308,0.05819947059622597,0.18827995973246722,-0.15235640261609606,-0.18781240730047036,0.6049157237354292,0.1880010110220134,0.18783285623182805,-0.6049675217563841,-0.1881602598828517
-0.4942693005692333,0.9885498153697553,-0.49426930056923135,-0.9971193580854293,-0.9743499101701104,0.6687097699894582,-0.9294350566164843,-0.26871352637839807,1.0000000081065257,0.9546075645800444,0.26876617772653466,-0.18735360547757324,-0.99707704527237,0.9970980585522666,0.9970588406312497,-0.9970563477502088,-0.9970563477502051,0.27667483416637834,-0.7243694517739856,0.2766748341664009,0.8954028401665052,-0.7243694517739969,-0.8956185090187399,0.6044473393228125,0.8955285055230102,0.8956058312878735,-0.604397059783977,-0.8954568452832143
-0.49430651254133096,0.9886184734071104,-0.49430651254132635,-0.9744440000288328,-0.9971452056577648,0.8598213356197594,-0.9971420801639935,-0.5434280200664606,0.9546075645800444,0.9999999957861746,0.5434764912395346,0.11375082097763888,-0.9745809315679903,0.9745183761181586,0.9746279947159134,-0.9746474842399324,-0.9746474842399292,0.22312320487252604,-0.584169856828503,0.22312320487255552,0.7221156455442393,-0.5841698568285195,-0.7224505107123355,0.33970343744305304,0.7223114278461414,0.7224308191488502,-0.33964360033363244,-0.7221997282053841
-0.20552823455910857,0.41104248488842027,-0.20552823455910008,-0.34105135927831554,-0.4786386608196607,0.8958791879106952,-0.605191856903609,-0.9999845687542803,0.26876617772653466,0.5434764912395346,0.9999999968518597,0.8957897080599924,-0.34162087793598495,0.34135938296898655,0.3418243622373124,-0.34189440849894565,-0.3418944084989429,-0.05818407670218599,0.15231609957685815,-0.05818407670216142,-0.18823014091505974,0.15231609957684414,0.18776257954807826,-0.6048791128380208,-0.18795118712319317,-0.18778302918449,0.6049309132651246,0.18811043888057474
0.018475024616164838,-0.03696948522929349,0.01847502461617308,0.11230294322125589,-0.03851841579038956,0.6050604998836563,-0.18830335911776827,-0.8958028129650801,-0.18735360547757324,0.11375082097763888,0.8957897080599924,0.9999999935257996,0.11170138774852689,-0.11197776017782649,-0.11148547138989737,0.11141288696058686,0.11141288696058828,-0.18700568614531438,0.48958690720442527,-0.1870056861452992,-0.6051341433809497,0.48958690720441655,0.6047580641498199,-0.8957773323277787,-0.6049076495712548,-0.6047718410425135,0.8958096191592958,0.6050369897559817
0.498588681592745,-0.9971871952565562,0.4985886815927435,0.9999956503283921,0.9886975068457058,-0.72359414039134,0.9549207162706131,0.3415688404267967,-0.99707704527237,-0.9745809315679903,-0.34162087793598495,0.11170138774852689,0.9999999978382653,-0.9999940599926769,-0.9999927021828204,0.9999984908608676,0.9999984908608637,-0.26534198346004423,0.6946999845995294,-0.2653419834600715,-0.8587319683118245,0.6946999845995437,0.8589821131656782,-0.5417648357202413,-0.8588767263981268,-0.8589655234108927,0.5417116646138285,0.8587941643613441
-0.4985781380547077,0.9971661133051194,-0.49857813805470474,-0.9999929043277004,-0.9886555637193417,0.7234019801087413,-0.9548379135063871,-0.3413073426893755,0.9970980585522666,0.9745183761181586,0.34135938296898655,-0.11197776017782649,-0.9999940599926769,0.9999999975316932,0.9999950497111377,-0.999998156954359,-0.9999981569543552,0.26538596232810174,-0.6948151218697054,0.2653859623281293,0.8588742767019848,-0.6948151218697202,-0.8591243085411365,0.5419984850284658,0.8590189669105949,0.8591077231602374,-0.5419453238792751,-0.8589364436324115
-0.4985960092756619,0.9972018466047416,-0.49859600927565967,-0.9999939080152059,-0.9887284561220792,0.7237428167040391,-0.9549836184194973,-0.341772326984518,0.9970588406312497,0.9746279947159134,0.3418243622373124,-0.11148547138989737,-0.9999927021828204,0.9999950497111377,0.9999999955699685,-0.9999942818094665,-0.9999942818094651,0.2653071771478193,-0.6946088611481578,0.2653071771478508,0.858619340572054,-0.6946088611481754,-0.8588695731843492,0.5415814878040646,0.8587641513768047,0.8588529800456272,-0.5415283090218953,-0.8586815592372715
0.49860031749445183,-0.9972104617201447,0.49860031749444855,0.999996991255052,0.9887425498854965,-0.723795736796261,0.9550083904210128,0.34184237381805654,-0.9970563477502088,-0.9746474842399324,-0.34189440849894565,0.11141288696058686,0.9999984908608676,-0.999998156954359,-0.9999942818094665,1.000000000065578,1.000000091789639,-0.2652963846224541,0.694580606266154,-0.26529638462248756,-0.8585844181278083,0.6945806062661722,0.8588346813260128,-0.541521493068156,-0.8587292472859833,-0.8588180869824324,0.5414683114960038,0.8586466446668198
0.4986003174944496,-0.9972104617201405,0.49860031749444755,0.9999969912550485,0.9887425498854925,-0.7237957367962565,0.9550083904210088,0.3418423738180537,-0.9970563477502051,-0.9746474842399292,-0.3418944084989429,0.11141288696058828,0.9999984908608637,-0.9999981569543552,-0.9999942818094651,1.000000091789639,1.000000000065578,-0.2652963846224555,0.6945806062661528,-0.2652963846224845,-0.8585844181278056,0.6945806062661689,0.858834681326011,-0.5415214930681553,-0.8587292472859819,-0.8588180869824308,0.5414683114960038,0.8586466446668177
-0.12636595657517502,0.2527374442448788,-0.12636595657517682,-0.26543751708070473,-0.238606413705938,0.08270003677438537,-0.20637605109972978,0.05819947059625535,0.27667483416637834,0.22312320487252604,-0.05818407670218599,-0.18700568614531438,-0.26534198346004423,0.26538596232810174,0.2653071771478193,-0.2652963846224541,-0.2652963846224555,0.9999999959522375,-0.8090158804255094,-0.8090238161414338,0.30900452009563295,0.3090456068984389,-0.3090065112191596,0.276857958845599,0.3090042608002588,0.3090045999753312,-0.2768495177739258,-0.3090044342797559
0.3308432804317644,-0.6617010416495642,0.33084328043176625,0.6949500928838781,0.6247055472130071,-0.21653229285591896,0.540324969208716,-0.15235640261611308,-0.7243694517739856,-0.584169856828503,0.15231609957685815,0.48958690720442527,0.6946999845995294,-0.6948151218697054,-0.6946088611481578,0.694580606266154,0.6945806062661528,-0.8090158804255094,0.9999999992625592,0.3090456068984408,-0.8090020541414176,0.308980140450123,0.8090099357289983,-0.7248347371374282,-0.8090040408334186,-0.8090049315520238,0.7248126366472931,0.8090044924448447
-0.12636595657518992,0.2527374442449057,-0.12636595657518943,-0.2654375170807321,-0.23860641370596727,0.08270003677441642,-0.20637605109976034,0.05819947059622597,0.2766748341664009,0.22312320487255552,-0.05818407670216142,-0.1870056861452992,-0.2653419834600715,0.2653859623281293,0.2653071771478508,-0.26529638462248756,-0.2652963846224845,-0.8090238161414338,0.3090456068984408,0.9999999959522375,0.30900452009563195,-0.8090158804255185,-0.30900651121917344,0.27685795884559466,0.30900426080026056,0.30900459997534213,-0.27684951777392347,-0.3090044342797562
-0.4089637419925553,0.8179453829669565,-0.4089637419925573,-0.8590410993100764,-0.7722185902932621,0.26769695902630763,-0.667922068119727,0.18827995973246722,0.8954028401665052,0.7221156455442393,-0.18823014091505974,-0.6051341433809497,-0.8587319683118245,0.8588742767019848,0.858619340572054,-0.8585844181278083,-0.8585844181278056,0.30900452009563295,-0.8090020541414176,0.30900452009563195,0.9999999989918669,-0.8090020541414132,-1.000005064044949,0.8959367622119127,0.999997768502137,0.999998877438589,-0.8959094414449402,-0.9999956581921315
0.33084328043177264,-0.6617010416495795,0.33084328043177313,0.6949500928838925,0.6247055472130227,-0.2165322928559363,0.5403249692087337,-0.15235640261609606,-0.7243694517739969,-0.5841698568285195,0.15231609957684414,0.48958690720441655,0.6946999845995437,-0.6948151218697202,-0.6946088611481754,0.6945806062661722,0.6945806062661689,0.3090456068984389,0.308980140450123,-0.8090158804255185,-0.8090020541414132,0.9999999992625592,0.8090099357290049,-0.7248347371374249,-0.8090040408334184,-0.8090049315520287,0.724812636647291,0.8090044924448438
0.4091036889743566,-0.818225271893375,0.4091036889743592,0.8592909979465234,0.7725268519477012,-0.2681585800257751,0.6682816185887649,-0.18781240730047036,-0.8956185090187399,-0.7224505107123355,0.18776257954807826,0.6047580641498199,0.8589821131656782,-0.8591243085411365,-0.8588695731843492,0.8588346813260128,0.858834681326011,-0.3090065112191596,0.8090099357289983,-0.30900651121917344,-1.000005064044949,0.8090099357290049,1.0000000084066447,-0.8957278905919996,-1.0000017179016576,-1.0000029085659896,0.8957032030484279,1.0000048524325227
-0.2386385497308926,0.4772979366552228,-0.23863854973089896,-0.5422730538856719,-0.409651049491156,-0.18812161144452202,-0.2678512795406672,0.6049157237354292,0.6044473393228125,0.33970343744305304,-0.6048791128380208,-0.8957773323277787,-0.5417648357202413,0.5419984850284658,0.5415814878040646,-0.541521493068156,-0.5415214930681553,0.276857958845599,-0.7248347371374282,0.27685795884559466,0.8959367622119127,-0.7248347371374249,-0.8957278905919996,0.9999999980444199,0.895809936556646,0.8957347840930965,-0.9999958772425359,-0.8958824067576802
-0.4090450627421993,0.8181080213869393,-0.40904506274220154,-0.8591857095201177,-0.7723983165384257,0.26797025006274927,-0.6681327847618113,0.1880010110220134,0.8955285055230102,0.7223114278461414,-0.18795118712319317,-0.6049076495712548,-0.8588767263981268,0.8590189669105949,0.8587641513768047,-0.8587292472859833,-0.8587292472859819,0.3090042608002588,-0.8090040408334186,0.30900426080026056,0.999997768502137,-0.8090040408334184,-1.0000017179016576,0.895809936556646,0.9999999978770853,0.9999981861026992,-0.8957825993726143,-0.9999948723136969
-0.4090948284034848,0.8182075508786111,-0.40909482840348776,-0.8592744177261558,-0.7725080919881615,0.2681357197532385,-0.6682611079509003,0.18783285623182805,0.8956058312878735,0.7224308191488502,-0.18778302918449,-0.6047718410425135,-0.8589655234108927,0.8591077231602374,0.8588529800456272,-0.8588180869824324,-0.8588180869824308,0.3090045999753312,-0.8090049315520238,0.30900459997534213,0.999998877438589,-0.8090049315520287,-1.0000029085659896,0.8957347840930965,0.9999981861026992,0.9999999995520402,-0.8957074369510408,-0.9999986631500392
0.23861069871971977,-0.47724223477038,0.2386106987197256,0.5422199044964049,0.4095931144806621,0.18818478799074098,0.26778988188187197,-0.6049675217563841,-0.604397059783977,-0.33964360033363244,0.6049309132651246,0.8958096191592958,0.5417116646138285,-0.5419453238792751,-0.5415283090218953,0.5414683114960038,0.5414683114960038,-0.2768495177739258,0.7248126366472931,-0.27684951777392347,-0.8959094414449402,0.724812636647291,0.8957032030484279,-0.9999958772425359,-0.8957825993726143,-0.8957074369510408,0.9999999998698933,0.8958550789428172
0.4089986758144159,-0.8180152492906175,0.4089986758144182,0.8591032319215622,0.7722957863660698,-0.26781426837019234,0.6680125556292326,-0.1881602598828517,-0.8954568452832143,-0.7221997282053841,0.18811043888057474,0.6050369897559817,0.8587941643613441,-0.8589364436324115,-0.8586815592372715,0.8586466446668198,0.8586466446668177,-0.3090044342797559,0.8090044924448447,-0.3090044342797562,-0.9999956581921315,0.8090044924448438,1.0000048524325227,-0.8958824067576802,-0.9999948723136969,-0.9999986631500392,0.8958550789428172,0.9999999986171075
