1.000000004693979,-1.0000064738858132,1.0000061599299177,1.0000065721856324,-2.4346537302292064e-16,-1.7042626829072044e-16,9.997153663463305e-18,1.284422997933861e-18,1.000006533120869,-1.0000064711064038,1.000006063246667,-8.857823926577382e-17,1.9687140623440807e-16,-5.89004228722547e-16,1.0000004917325476,-1.0000007691302595,1.0000018177546375,1.000000054003011,-1.6172844582293482e-16,4.425225178175837e-16,-5.094431509063487e-16,-1.124412548941969e-16,-1.0000061849469344,-1.0000055525364546,2.0688811251117812e-16,3.76637166129313e-17,-1.0000029997966384,1.0000042672616392,2.7658717001489285e-16,1.5833781757726394e-16,-0.9999997202550508,-0.9999997202550508,4.583957420525857e-16,-2.3591396597183527e-16,0.9999995278650896,0.9999995278650816,6.642035401825276e-17,-3.022685226280653e-16,-0.9999994654038221,2.702238912406582e-16
-1.0000064738858132,1.0000000045988526,-1.0000060423462813,-1.0000064546020058,2.474996936638881e-16,1.663919991119323e-16,-5.962852026574453e-18,2.74985388923203e-18,-1.0000064663307866,1.0000064043163117,-1.0000059964565673,9.261251335771227e-17,-2.0090566627285134e-16,5.930385810053008e-16,-1.0000004249422352,1.0000007023399322,-1.0000017509643784,-0.9999999872126054,1.6576266483518358e-16,-4.465568168495106e-16,5.134774082947659e-16,1.1647542581444882e-16,1.0000061181568483,1.0000054857463374,-2.1092238544922335e-16,-4.1698012248497343e-17,1.000002933006439,-1.0000042004714862,-2.806214499938588e-16,-1.5430356975422704e-16,0.9999996534646128,0.9999996534646137,-4.624301125388956e-16,2.318797570118973e-16,-0.99999946107463,-0.9999994610746213,-6.23860425030008e-17,3.0630273355089863e-16,0.9999993986133522,-2.742581751845178e-16
1.0000061599299177,-1.0000060423462813,1.000000004079355,1.0000061406460987,-6.201120122075029e-16,2.0622023805505888e-16,-3.6664964795386305e-16,-3.753621794965199e-16,1.0000061015813668,-1.0000060395668822,1.0000056317072057,-4.652247483600825e-16,5.735178811778915e-16,-9.656511136220497e-16,1.0000000601935906,-1.0000003375911977,1.0000013862155743,0.9999996224638464,-5.383772144669675e-16,8.191715320019257e-16,-8.860914095231501e-16,-4.890905144050951e-16,-1.0000057026139566,-1.0000050702035104,5.835346464399324e-16,4.1431069669675904e-16,-1.0000025682575129,1.0000038357223946,6.532350044900517e-16,-2.1830945392048223e-16,-0.9999992887158508,-0.9999992887158501,8.350460190273672e-16,1.4073565430438084e-16,0.9999990963258585,0.9999990963258506,-3.102299765704528e-16,-6.789182654348788e-16,-0.999999033864579,6.468740391198276e-16
1.0000065721856324,-1.0000064546020058,1.0000061406460987,1.000000004666514,9.838051237898652e-17,-5.122722561158805e-16,3.5184324123739496e-16,3.4313039505962043e-16,1.0000065138370695,-1.000006401029057,1.0000060439628442,2.532676960445167e-16,-1.449746022946888e-16,-2.4715815203089084e-16,1.0000004724484446,-1.0000007498461518,1.0000017984706004,1.0000000347188345,1.8012012906545865e-16,1.006739692822557e-16,-1.6759521158095461e-16,2.294080243708559e-16,-1.0000061656631232,-1.0000055332526077,-1.3495790141009157e-16,-3.0418260453467434e-16,-1.0000029805126724,1.0000042479777356,-6.52601633415143e-17,5.001846409791747e-16,-0.999999700970844,-0.9999997009708437,1.1654631141164666e-16,-5.777634943959873e-16,0.9999995085808627,0.9999995085808551,4.082700136847378e-16,3.9581177849176465e-17,-0.9999994461195884,-7.162583389879681e-17
-2.4346537302292064e-16,2.474996936638881e-16,-6.201120122075029e-16,9.838051237898652e-17,1.0000000046939792,-1.0000064738858228,1.0000061599299166,1.0000065721856342,1.0806852419133522e-15,3.85394851311878e-16,-4.0761020440395464e-16,1.0000065331208603,-1.0000064711064083,1.0000060632466714,2.4812413632582356e-16,1.5198573702107718e-16,-2.2774439750873794e-16,8.729110065966006e-16,1.000000491732547,-1.0000007691302608,1.0000018177546366,1.000000054003013,2.2043291895625612e-16,9.042165989769943e-16,-1.0000061849469333,-1.0000055525364546,-8.423887302583721e-16,-5.636894204977128e-16,-1.0000029997966315,1.0000042672616365,-1.5815765443803188e-15,-3.2053777003392663e-16,-0.9999997202550535,-0.9999997202550515,-3.0137631063371478e-15,7.306027516905921e-16,0.9999995278650824,0.999999527865079,1.929120409440298e-17,-0.9999994654038253
-1.7042626829072044e-16,1.663919991119323e-16,2.0622023805505888e-16,-5.122722561158805e-16,-1.0000064738858228,1.0000000045988526,-1.0000060423462942,-1.0000064546020202,-1.4945769774858824e-15,2.849673371784567e-17,-6.2816012856285664e-18,-1.000006466330794,1.0000064043163301,-1.0000059964565857,-6.620184979754917e-16,2.619085712688751e-16,-1.8614945868227886e-16,-1.2868058352078829e-15,-1.0000004249422492,1.0000007023399482,-1.0000017509643924,-0.999999987212621,1.9345897480241645e-16,-4.90324571754955e-16,1.0000061181568627,1.0000054857463527,1.2562820392497262e-15,1.4979682843639246e-16,1.0000029330064453,-1.000004200471499,1.9954716296168536e-15,7.34432776872344e-16,0.9999996534646307,0.9999996534646285,2.5998683353975994e-15,-1.1444982356960976e-15,-0.9999994610746371,-0.9999994610746329,3.9460384180495723e-16,0.9999993986133716
9.997153663463305e-18,-5.962852026574453e-18,-3.6664964795386305e-16,3.5184324123739496e-16,1.0000061599299166,-1.0000060423462942,1.000000004079355,1.0000061406461007,1.3341476532454683e-15,1.3193279615638893e-16,-1.5414798110659393e-16,1.0000061015813584,-1.0000060395668873,1.0000056317072086,5.015864499820129e-16,-1.0147679816431309e-16,2.5718475640238e-17,1.1263737809795685e-15,1.0000000601935903,-1.0000003375911994,1.000001386215574,0.9999996224638477,-3.302998797051114e-17,6.507542518106062e-16,-1.0000057026139528,-1.00000507020351,-1.0958513482861464e-15,-3.1022701272065836e-16,-1.0000025682575056,1.0000038357223917,-1.8350391937212873e-15,-5.74000637093746e-16,-0.9999992887158532,-0.9999992887158521,-2.7603010236447288e-15,9.840670507186956e-16,0.9999990963258513,0.9999990963258486,-2.3417121388595855e-16,-0.999999033864582
1.284422997933861e-18,2.74985388923203e-18,-3.753621794965199e-16,3.4313039505962043e-16,1.0000065721856342,-1.0000064546020202,1.0000061406461007,1.000000004666514,1.325435129940191e-15,1.4064508499316763e-16,-1.6286035462714253e-16,1.000006513837065,-1.000006401029065,1.0000060439628515,4.928752191784319e-16,-9.276539086007385e-17,1.700641667334466e-17,1.1176625980167085e-15,1.0000004724484473,-1.0000007498461576,1.0000017984706042,1.0000000347188391,-2.431696095520047e-17,6.594666734290068e-16,-1.0000061656631258,-1.0000055332526108,-1.0871392708216673e-15,-3.1893927563449423e-16,-1.000002980512669,1.0000042479777365,-1.826328381656561e-15,-5.652895040125825e-16,-0.9999997009708503,-0.9999997009708488,-2.7690115430563746e-15,9.75354815055528e-16,0.9999995085808585,0.9999995085808557,-2.2546061083231226e-16,-0.9999994461195955
1.000006533120869,-1.0000064663307866,1.0000061015813668,1.0000065138370695,1.0806852419133522e-15,-1.4945769774858824e-15,1.3341476532454683e-15,1.325435129940191e-15,1.0000000046108755,-1.0000063619643045,1.0000060048981174,1.2355723609793766e-15,-1.1272792848412668e-15,7.35146230971706e-16,1.0000004333841177,-1.0000007107818143,1.0000017594061794,0.999999995654563,1.1624205889721844e-15,-8.81626888484263e-16,8.147061673941587e-16,1.2117086823985789e-15,-1.0000061265983848,-1.0000054941879175,-1.1172622652953638e-15,-1.2864865650401214e-15,-1.00000294144816,1.0000042089131345,-1.0475622566879083e-15,1.4824875973824266e-15,-0.9999996619066029,-0.9999996619066033,-8.65754286790701e-16,-1.5600640728788763e-15,0.9999994695166404,0.9999994695166324,1.3905705435722303e-15,1.021881744355729e-15,-0.9999994070553713,-1.0539263910982687e-15
-1.0000064711064038,1.0000064043163117,-1.0000060395668822,-1.000006401029057,3.85394851311878e-16,2.849673371784567e-17,1.3193279615638893e-16,1.4064508499316763e-16,-1.0000063619643045,1.0000000045225508,-1.0000058920900923,2.305077119503345e-16,-3.3880098056913196e-16,7.309343359107011e-16,-1.000000371369396,1.0000006487670787,-1.0000016973915173,-0.9999999336397474,3.036646952562121e-16,-5.844587512820296e-16,6.5137790406258705e-16,2.5437855667222623e-16,1.0000060645839137,1.0000054321734118,-3.4881788782775756e-16,-1.795943086456201e-16,1.0000028794335614,-1.0000041468985874,-4.185205107298822e-16,-1.6405940564861163e-17,0.9999995998917542,0.9999995998917546,-6.003338749055584e-16,9.397607092950643e-17,-0.9999994075017685,-0.9999994075017609,7.551805136640492e-17,4.442067542986623e-16,0.9999993450404917,-4.121623535576884e-16
1.000006063246667,-1.0000059964565673,1.0000056317072057,1.0000060439628442,-4.0761020440395464e-16,-6.2816012856285664e-18,-1.5414798110659393e-16,-1.6286035462714253e-16,1.0000060048981174,-1.0000058920900923,1.000000003941653,-2.5272293038267387e-16,3.6101605048116316e-16,-7.531494878549578e-16,0.9999999635105121,-1.0000002409080946,1.000001289532461,0.99999952578073,-3.2587730714709e-16,6.06671542832926e-16,-6.735910934152168e-16,-2.7659060524632435e-16,-1.0000056567242637,-1.0000049735202963,3.7103294525173725e-16,2.0180922651037346e-16,-1.0000024715743756,1.0000037390392205,4.40734361079478e-16,-5.808387506081558e-18,-0.9999991920327308,-0.9999991920327319,6.225463519213784e-16,-7.176415993425391e-17,0.9999989996427342,0.9999989996427254,-9.773032581831339e-17,-4.664184779115389e-16,-0.9999989371814519,4.3437434102568957e-16
-8.857823926577382e-17,9.261251335771227e-17,-4.652247483600825e-16,2.532676960445167e-16,1.0000065331208603,-1.000006466330794,1.0000061015813584,1.000006513837065,1.2355723609793766e-15,2.305077119503345e-16,-2.5272293038267387e-16,1.0000000046108755,-1.0000063619643025,1.0000060048981152,4.0301329163122084e-16,-2.903436778953935e-18,-7.285562976451908e-17,1.027800615213671e-15,1.0000004333841113,-1.00000071078181,1.0000017594061732,0.9999999956545571,6.554564077685348e-17,7.493291455443116e-16,-1.0000061265983784,-1.0000054941879108,-9.972770112584062e-16,-4.088015707863096e-16,-1.0000029414481477,1.0000042089131242,-1.7364663021103464e-15,-4.75427575755419e-16,-0.9999996619065981,-0.9999996619065982,-2.8588732515733023e-15,8.854928421614256e-16,0.9999994695166265,0.9999994695166237,-1.355987039403567e-16,-0.9999994070553693
1.9687140623440807e-16,-2.0090566627285134e-16,5.735178811778915e-16,-1.449746022946888e-16,-1.0000064711064083,1.0000064043163301,-1.0000060395668873,-1.000006401029065,-1.1272792848412668e-15,-3.3880098056913196e-16,3.6101605048116316e-16,-1.0000063619643025,1.0000000045225508,-1.0000058920901036,-2.947215713717778e-16,-1.0538834980447784e-16,1.8114757787981945e-16,-9.195090663282968e-16,-1.000000371369402,1.000000648767088,-1.0000016973915244,-0.9999999336397554,-1.7383861498657086e-16,-8.57622144177292e-16,1.0000060645839195,1.0000054321734195,8.889848047582642e-16,5.170942387638083e-16,1.0000028794335616,-1.000004146898591,1.628174894571142e-15,3.6713608111362104e-16,0.9999995998917641,0.9999995998917628,2.967165067502097e-15,-7.772017430303288e-16,-0.9999994075017674,-0.9999994075017653,2.7307145740507457e-17,0.9999993450405024
-5.89004228722547e-16,5.930385810053008e-16,-9.656511136220497e-16,-2.4715815203089084e-16,1.0000060632466714,-1.0000059964565857,1.0000056317072086,1.0000060439628515,7.35146230971706e-16,7.309343359107011e-16,-7.531494878549578e-16,1.0000060048981152,-1.0000058920901036,1.000000003941653,-9.741576154402097e-17,4.975255004788902e-16,-5.732833998158667e-16,5.273710589447638e-16,0.9999999635105182,-1.000000240908103,1.0000012895324677,0.9999995257807374,5.659712802512072e-16,1.2497557627080025e-15,-1.0000056567242688,-1.000004973520302,-4.968496645668972e-16,-9.09228576411443e-16,-1.0000024715743734,1.000003739039224,-1.2360362342499895e-15,2.5002256834803645e-17,-0.9999991920327396,-0.9999991920327383,-3.359304213342737e-15,3.8506433374368245e-16,0.9999989996427315,0.9999989996427291,3.6483196604265096e-16,-0.9999989371814609
1.0000004917325476,-1.0000004249422352,1.0000000601935906,1.0000004724484446,2.4812413632582356e-16,-6.620184979754917e-16,5.015864499820129e-16,4.928752191784319e-16,1.0000004333841177,-1.000000371369396,0.9999999635105121,4.0301329163122084e-16,-2.947215713717778e-16,-9.741576154402097e-17,0.9999999960063815,-0.9999946186065317,0.9999957180243543,0.9999939542714323,3.298608896593724e-16,-4.906417432151431e-17,-1.7853643892513667e-17,3.791505902321695e-16,-1.000000085211116,-0.9999994528011437,-2.8470372950613456e-16,-4.539255566083981e-16,-0.9999969000654066,0.9999981675286574,-2.1500118066674738e-16,6.499280835745482e-16,-0.9999936205230066,-0.9999936205230061,-3.318526498847453e-17,-7.275042437565978e-16,0.9999934281326149,0.9999934281326066,5.580030357366938e-16,1.8932247637540168e-16,-0.9999933656711762,-2.2136222635848497e-16
-1.0000007691302595,1.0000007023399322,-1.0000003375911977,-1.0000007498461518,1.5198573702107718e-16,2.619085712688751e-16,-1.0147679816431309e-16,-9.276539086007385e-17,-1.0000007107818143,1.0000006487670787,-1.0000002409080946,-2.903436778953935e-18,-1.0538834980447784e-16,4.975255004788902e-16,-0.9999946186065317,0.9999999964014653,-0.9999959446273677,-0.9999941808740463,7.024671219603969e-17,-3.5104365128810855e-16,4.179618038559573e-16,2.09570912007589e-17,1.000000362608724,0.999999730198601,-1.154060213135673e-16,5.381612237977628e-17,0.9999971774622388,-0.9999984449257986,-1.8510729578488296e-16,-2.4981918022706857e-16,0.9999938979190846,0.9999938979190846,-3.6692217663616596e-16,3.273966009002095e-16,-0.9999937055286524,-0.999993705528645,-1.5789568960976685e-16,2.107852082008228e-16,0.999993643067201,-1.787453047472783e-16
1.0000018177546375,-1.0000017509643784,1.0000013862155743,1.0000017984706004,-2.2774439750873794e-16,-1.8614945868227886e-16,2.5718475640238e-17,1.700641667334466e-17,1.0000017594061794,-1.0000016973915173,1.000001289532461,-7.285562976451908e-17,1.8114757787981945e-16,-5.732833998158667e-16,0.9999957180243543,-0.9999959446273677,0.9999999978949777,0.9999952802926096,-1.4600023541618727e-16,4.2679663722147946e-16,-4.93716393022072e-16,-9.671046573661745e-17,-1.000001411232983,-1.000000778822924,1.9116483953945026e-16,2.1941674656238665e-17,-0.9999981752928455,0.9999994935499699,2.6086276934822627e-16,1.7406215768495262e-16,-0.9999949465443005,-0.9999949465443012,4.426729373446075e-16,-2.516439879114197e-16,0.9999947541540145,0.9999947541540063,8.214469188639727e-17,-2.8653768009275963e-16,-0.9999946916926173,2.544967731988783e-16
1.000000054003011,-0.9999999872126054,0.9999996224638464,1.0000000347188345,8.729110065966006e-16,-1.2868058352078829e-15,1.1263737809795685e-15,1.1176625980167085e-15,0.999999995654563,-0.9999999336397474,0.99999952578073,1.027800615213671e-15,-9.195090663282968e-16,5.273710589447638e-16,0.9999939542714323,-0.9999941808740463,0.9999952802926096,0.9999999953829366,9.546522715080686e-16,-6.7385472238716e-16,6.069365053599809e-16,1.0039431462090849e-15,-0.9999996474814854,-0.999999015071152,-9.094911465888774e-16,-1.078713239426488e-15,-0.999996462334339,0.9999977297981779,-8.397903903591879e-16,1.2747169282698747e-15,-0.999993131995871,-0.9999931319958725,-6.579763816607242e-16,-1.3522967252909927e-15,0.9999929903987994,0.999992990398792,1.1827949508565013e-15,8.141151192104039e-16,-0.9999929279372841,-8.461543526712473e-16
-1.6172844582293482e-16,1.6576266483518358e-16,-5.383772144669675e-16,1.8012012906545865e-16,1.000000491732547,-1.0000004249422492,1.0000000601935903,1.0000004724484473,1.1624205889721844e-15,3.036646952562121e-16,-3.2587730714709e-16,1.0000004333841113,-1.000000371369402,0.9999999635105182,3.298608896593724e-16,7.024671219603969e-17,-1.4600023541618727e-16,9.546522715080686e-16,0.9999999960063815,-0.9999946186065402,0.9999957180243555,0.9999939542714373,1.3869025603037417e-16,8.22481553797835e-16,-1.0000000852111166,-0.999999452801146,-9.241292992715903e-16,-4.819526280559658e-16,-0.9999969000654018,0.9999981675286568,-1.6633157439790593e-15,-4.0227979280783575e-16,-0.9999936205230112,-0.9999936205230096,-2.932032627775085e-15,8.12364912249476e-16,0.9999934281326098,0.9999934281326066,-6.244408102669196e-17,-0.9999933656711815
4.425225178175837e-16,-4.465568168495106e-16,8.191715320019257e-16,1.006739692822557e-16,-1.0000007691302608,1.0000007023399482,-1.0000003375911994,-1.0000007498461576,-8.81626888484263e-16,-5.844587512820296e-16,6.06671542832926e-16,-1.00000071078181,1.000000648767088,-1.000000240908103,-4.906417432151431e-17,-3.5104365128810855e-16,4.2679663722147946e-16,-6.7385472238716e-16,-0.9999946186065402,0.9999999964014653,-0.999995944627369,-0.999994180874053,-4.194845817678006e-16,-1.103276147475649e-15,1.000000362608727,0.9999997301986056,6.4333389373367495e-16,7.62747761945029e-16,0.9999971774622362,-0.9999984449258001,1.3825183047142877e-15,1.2148179071747762e-16,0.9999938979190919,0.9999938979190901,3.212831160229464e-15,-5.315663359770404e-16,-0.9999937055286482,-0.999993705528646,-2.1835404431671336e-16,0.999993643067209
-5.094431509063487e-16,5.134774082947659e-16,-8.860914095231501e-16,-1.6759521158095461e-16,1.0000018177546366,-1.0000017509643924,1.000001386215574,1.0000017984706042,8.147061673941587e-16,6.5137790406258705e-16,-6.735910934152168e-16,1.0000017594061732,-1.0000016973915244,1.0000012895324677,-1.7853643892513667e-17,4.179618038559573e-16,-4.93716393022072e-16,6.069365053599809e-16,0.9999957180243555,-0.999995944627369,0.9999999978949777,0.9999952802926119,4.864061693592613e-16,1.1701957719455187e-15,-1.0000014112329842,-1.0000007788229255,-5.764138879198222e-16,-8.29667148539245e-16,-0.9999981752928355,0.999999493549969,-1.3156002917160622e-15,-5.456383406723154e-17,-0.9999949465443052,-0.9999949465443039,-3.2797459510118818e-15,4.646444116998797e-16,0.9999947541540096,0.9999947541540053,2.8527045262949286e-16,-0.9999946916926221
-1.124412548941969e-16,1.1647542581444882e-16,-4.890905144050951e-16,2.294080243708559e-16,1.000000054003013,-0.999999987212621,0.9999996224638477,1.0000000347188391,1.2117086823985789e-15,2.5437855667222623e-16,-2.7659060524632435e-16,0.9999999956545571,-0.9999999336397554,0.9999995257807374,3.791505902321695e-16,2.09570912007589e-17,-9.671046573661745e-17,1.0039431462090849e-15,0.9999939542714373,-0.999994180874053,0.9999952802926119,0.9999999953829366,8.940224017740412e-17,7.731947065110892e-16,-0.9999996474814886,-0.9999990150711554,-9.734189652932937e-16,-4.326651776085456e-16,-0.9999964623343343,0.9999977297981782,-1.712607695882636e-15,-4.515705486633992e-16,-0.999993131995879,-0.9999931319958765,-2.8827452862037424e-15,8.616589935999841e-16,0.9999929903987956,0.9999929903987925,-1.117340378916794e-16,-0.9999929279372902
-1.0000061849469344,1.0000061181568483,-1.0000057026139566,-1.0000061656631232,2.2043291895625612e-16,1.9345897480241645e-16,-3.302998797051114e-17,-2.431696095520047e-17,-1.0000061265983848,1.0000060645839137,-1.0000056567242637,6.554564077685348e-17,-1.7383861498657086e-16,5.659712802512072e-16,-1.000000085211116,1.000000362608724,-1.000001411232983,-0.9999996474814854,1.3869025603037417e-16,-4.194845817678006e-16,4.864061693592613e-16,8.940224017740412e-17,1.0000000041149861,1.0000051460141484,-1.8385517942217511e-16,-1.463031237484503e-17,1.0000025932748093,-1.0000038607395862,-2.5355144397185913e-16,-1.8137241682954247e-16,0.9999993137335381,0.9999993137335387,-4.3535691013192994e-16,2.589533129404681e-16,-0.9999991213435777,-0.9999991213435698,-8.945946247627524e-17,2.792288774926084e-16,0.9999990588823074,-2.471844575394153e-16
-1.0000055525364546,1.0000054857463374,-1.0000050702035104,-1.0000055332526077,9.042165989769943e-16,-4.90324571754955e-16,6.507542518106062e-16,6.594666734290068e-16,-1.0000054941879175,1.0000054321734118,-1.0000049735202963,7.493291455443116e-16,-8.57622144177292e-16,1.2497557627080025e-15,-0.9999994528011437,0.999999730198601,-1.000000778822924,-0.999999015071152,8.22481553797835e-16,-1.103276147475649e-15,1.1701957719455187e-15,7.731947065110892e-16,1.0000051460141484,1.00000000321427,-8.676389755364664e-16,-6.9841526650322305e-16,1.000001960864726,-1.0000031775358507,-9.373395212128088e-16,5.024138628439537e-16,0.999998681323128,0.9999986813231279,-1.119151242271349e-15,-4.2483999071213626e-16,-0.999998488933103,-0.9999984889330956,5.943350709935659e-16,9.630225354485157e-16,0.99999842647181,-9.309787872759627e-16
2.0688811251117812e-16,-2.1092238544922335e-16,5.835346464399324e-16,-1.3495790141009157e-16,-1.0000061849469333,1.0000061181568627,-1.0000057026139528,-1.0000061656631258,-1.1172622652953638e-15,-3.4881788782775756e-16,3.7103294525173725e-16,-1.0000061265983784,1.0000060645839195,-1.0000056567242688,-2.8470372950613456e-16,-1.154060213135673e-16,1.9116483953945026e-16,-9.094911465888774e-16,-1.0000000852111166,1.000000362608727,-1.0000014112329842,-0.9999996474814886,-1.8385517942217511e-16,-8.676389755364664e-16,1.0000000041149861,1.0000051460141492,8.789674616698333e-16,5.271112063086471e-16,1.0000025932748031,-1.0000038607395854,1.6181565520340395e-15,3.571181848165374e-16,0.9999993137335427,0.999999313733542,2.9771829501497864e-15,-7.671843431145369e-16,-0.9999991213435723,-0.9999991213435688,1.728896725581e-17,0.9999990588823129
3.76637166129313e-17,-4.1698012248497343e-17,4.1431069669675904e-16,-3.0418260453467434e-16,-1.0000055525364546,1.0000054857463527,-1.00000507020351,-1.0000055332526108,-1.2864865650401214e-15,-1.795943086456201e-16,2.0180922651037346e-16,-1.0000054941879108,1.0000054321734195,-1.000004973520302,-4.539255566083981e-16,5.381612237977628e-17,2.1941674656238665e-17,-1.078713239426488e-15,-0.999999452801146,0.9999997301986056,-1.0000007788229255,-0.9999990150711554,-1.463031237484503e-17,-6.9841526650322305e-16,1.0000051460141492,1.00000000321427,1.0481908108795754e-15,3.578878376274839e-16,1.0000019608647208,-1.000003177535852,1.787378357243299e-15,5.263401736347417e-16,0.9999986813231331,0.9999986813231313,2.807962495517929e-15,-9.364084733733949e-16,-0.9999984889330983,-0.9999984889330953,1.8651008183682944e-16,0.9999984264718157
-1.0000029997966384,1.000002933006439,-1.0000025682575129,-1.0000029805126724,-8.423887302583721e-16,1.2562820392497262e-15,-1.0958513482861464e-15,-1.0871392708216673e-15,-1.00000294144816,1.0000028794335614,-1.0000024715743756,-9.972770112584062e-16,8.889848047582642e-16,-4.968496645668972e-16,-0.9999969000654066,0.9999971774622388,-0.9999981752928455,-0.999996462334339,-9.241292992715903e-16,6.4333389373367495e-16,-5.764138879198222e-16,-9.734189652932937e-16,1.0000025932748093,1.000001960864726,8.789674616698333e-16,1.0481908108795754e-15,0.9999999995785103,-1.0000006247979039,8.092682906969003e-16,-1.2441935284246266e-15,0.9999961285861744,0.9999961285861751,6.274587752051123e-16,1.3217737777344162e-15,-0.9999959361960067,-0.9999959361959985,-1.1522760253575319e-15,-7.835920195961088e-16,0.999995873734654,8.156339318943273e-16
1.0000042672616392,-1.0000042004714862,1.0000038357223946,1.0000042479777356,-5.636894204977128e-16,1.4979682843639246e-16,-3.1022701272065836e-16,-3.1893927563449423e-16,1.0000042089131345,-1.0000041468985874,1.0000037390392205,-4.088015707863096e-16,5.170942387638083e-16,-9.09228576411443e-16,0.9999981675286574,-0.9999984449257986,0.9999994935499699,0.9999977297981779,-4.819526280559658e-16,7.62747761945029e-16,-8.29667148539245e-16,-4.326651776085456e-16,-1.0000038607395862,-1.0000031775358507,5.271112063086471e-16,3.578878376274839e-16,-1.0000006247979039,1.000000001383707,5.968115004039189e-16,-1.618858810364506e-16,-0.9999973960501053,-0.9999973960501056,7.786237298556296e-16,8.431064227937935e-17,0.9999972036600239,0.9999972036600161,-2.53807233309217e-16,-6.224929643613183e-16,-0.9999971411987058,5.904501882119453e-16
2.7658717001489285e-16,-2.806214499938588e-16,6.532350044900517e-16,-6.52601633415143e-17,-1.0000029997966315,1.0000029330064453,-1.0000025682575056,-1.000002980512669,-1.0475622566879083e-15,-4.185205107298822e-16,4.40734361079478e-16,-1.0000029414481477,1.0000028794335616,-1.0000024715743734,-2.1500118066674738e-16,-1.8510729578488296e-16,2.6086276934822627e-16,-8.397903903591879e-16,-0.9999969000654018,0.9999971774622362,-0.9999981752928355,-0.9999964623343343,-2.5355144397185913e-16,-9.373395212128088e-16,1.0000025932748031,1.0000019608647208,8.092682906969003e-16,5.968115004039189e-16,0.9999999995785103,-1.0000006247978959,1.5484543448936187e-15,2.874176037976133e-16,0.9999961285861723,0.9999961285861707,3.046889462591184e-15,-6.974939382645843e-16,-0.9999959361959936,-0.9999959361959909,-5.241531212697738e-17,0.9999958737346523
1.5833781757726394e-16,-1.5430356975422704e-16,-2.1830945392048223e-16,5.001846409791747e-16,1.0000042672616365,-1.000004200471499,1.0000038357223917,1.0000042479777365,1.4824875973824266e-15,-1.6405940564861163e-17,-5.808387506081558e-18,1.0000042089131242,-1.000004146898591,1.000003739039224,6.499280835745482e-16,-2.4981918022706857e-16,1.7406215768495262e-16,1.2747169282698747e-15,0.9999981675286568,-0.9999984449258001,0.999999493549969,0.9999977297981782,-1.8137241682954247e-16,5.024138628439537e-16,-1.0000038607395854,-1.000003177535852,-1.2441935284246266e-15,-1.618858810364506e-16,-1.0000006247978959,1.000000001383707,-1.9833815467734564e-15,-7.223442027718465e-16,-0.9999973960501074,-0.9999973960501061,-2.611960356411118e-15,1.1324165243775745e-15,0.9999972036600147,0.9999972036600123,-3.8251287738681897e-16,-0.9999971411987081
-0.9999997202550508,0.9999996534646128,-0.9999992887158508,-0.999999700970844,-1.5815765443803188e-15,1.9954716296168536e-15,-1.8350391937212873e-15,-1.826328381656561e-15,-0.9999996619066029,0.9999995998917542,-0.9999991920327308,-1.7364663021103464e-15,1.628174894571142e-15,-1.2360362342499895e-15,-0.9999936205230066,0.9999938979190846,-0.9999949465443005,-0.999993131995871,-1.6633157439790593e-15,1.3825183047142877e-15,-1.3156002917160622e-15,-1.712607695882636e-15,0.9999993137335381,0.999998681323128,1.6181565520340395e-15,1.787378357243299e-15,0.9999961285861744,-0.9999973960501053,1.5484543448936187e-15,-1.9833815467734564e-15,0.999999994907592,0.9999928490405479,1.3666402231077327e-15,2.0609612649666498e-15,-0.9999926058563204,-0.9999926566498547,-1.8914591518847397e-15,-1.5227798133686034e-15,0.9999925941883197,1.5548187695301723e-15
-0.9999997202550508,0.9999996534646137,-0.9999992887158501,-0.9999997009708437,-3.2053777003392663e-16,7.34432776872344e-16,-5.74000637093746e-16,-5.652895040125825e-16,-0.9999996619066033,0.9999995998917546,-0.9999991920327319,-4.75427575755419e-16,3.6713608111362104e-16,2.5002256834803645e-17,-0.9999936205230061,0.9999938979190846,-0.9999949465443012,-0.9999931319958725,-4.0227979280783575e-16,1.2148179071747762e-16,-5.456383406723154e-17,-4.515705486633992e-16,0.9999993137335387,0.9999986813231279,3.571181848165374e-16,5.263401736347417e-16,0.9999961285861751,-0.9999973960501056,2.874176037976133e-16,-7.223442027718465e-16,0.9999928490405479,0.999999994907592,1.0560284571287936e-16,7.999238875718058e-16,-0.9999926566498633,-0.9999926058563182,-6.30421573495341e-16,-2.617422349792134e-16,0.999992594188319,2.937811129333393e-16
4.583957420525857e-16,-4.624301125388956e-16,8.350460190273672e-16,1.1654631141164666e-16,-0.9999997202550535,0.9999996534646307,-0.9999992887158532,-0.9999997009708503,-8.65754286790701e-16,-6.003338749055584e-16,6.225463519213784e-16,-0.9999996619065981,0.9999995998917641,-0.9999991920327396,-3.318526498847453e-17,-3.6692217663616596e-16,4.426729373446075e-16,-6.579763816607242e-16,-0.9999936205230112,0.9999938979190919,-0.9999949465443052,-0.999993131995879,-4.3535691013192994e-16,-1.119151242271349e-15,0.9999993137335427,0.9999986813231331,6.274587752051123e-16,7.786237298556296e-16,0.9999961285861723,-0.9999973960501074,1.3666402231077327e-15,1.0560284571287936e-16,0.999999994907592,0.9999928490405545,3.228714908688464e-15,-5.156923290386849e-16,-0.9999926058563217,-0.9999926566498578,-2.342348988417026e-16,0.9999925941883292
-2.3591396597183527e-16,2.318797570118973e-16,1.4073565430438084e-16,-5.777634943959873e-16,-0.9999997202550515,0.9999996534646285,-0.9999992887158521,-0.9999997009708488,-1.5600640728788763e-15,9.397607092950643e-17,-7.176415993425391e-17,-0.9999996619065982,0.9999995998917628,-0.9999991920327383,-7.275042437565978e-16,3.273966009002095e-16,-2.516439879114197e-16,-1.3522967252909927e-15,-0.9999936205230096,0.9999938979190901,-0.9999949465443039,-0.9999931319958765,2.589533129404681e-16,-4.2483999071213626e-16,0.999999313733542,0.9999986813231313,1.3217737777344162e-15,8.431064227937935e-17,0.9999961285861707,-0.9999973960501061,2.0609612649666498e-15,7.999238875718058e-16,0.9999928490405545,0.999999994907592,2.5343934359106416e-15,-1.2100138018165173e-15,-0.9999926566498598,-0.9999926058563203,4.600867195086939e-16,0.9999925941883274
0.9999995278650896,-0.99999946107463,0.9999990963258585,0.9999995085808627,-3.0137631063371478e-15,2.5998683353975994e-15,-2.7603010236447288e-15,-2.7690115430563746e-15,0.9999994695166404,-0.9999994075017685,0.9999989996427342,-2.8588732515733023e-15,2.967165067502097e-15,-3.359304213342737e-15,0.9999934281326149,-0.9999937055286524,0.9999947541540145,0.9999929903987994,-2.932032627775085e-15,3.212831160229464e-15,-3.2797459510118818e-15,-2.8827452862037424e-15,-0.9999991213435777,-0.999998488933103,2.9771829501497864e-15,2.807962495517929e-15,-0.9999959361960067,0.9999972036600239,3.046889462591184e-15,-2.611960356411118e-15,-0.9999926058563204,-0.9999926566498633,3.228714908688464e-15,2.5343934359106416e-15,0.9999999946335778,0.9999924642591181,-2.7038969478883102e-15,-3.0725759991749196e-15,-0.9999923510040291,3.040537642736296e-15
0.9999995278650816,-0.9999994610746213,0.9999990963258506,0.9999995085808551,7.306027516905921e-16,-1.1444982356960976e-15,9.840670507186956e-16,9.75354815055528e-16,0.9999994695166324,-0.9999994075017609,0.9999989996427254,8.854928421614256e-16,-7.772017430303288e-16,3.8506433374368245e-16,0.9999934281326066,-0.999993705528645,0.9999947541540063,0.999992990398792,8.12364912249476e-16,-5.315663359770404e-16,4.646444116998797e-16,8.616589935999841e-16,-0.9999991213435698,-0.9999984889330956,-7.671843431145369e-16,-9.364084733733949e-16,-0.9999959361959985,0.9999972036600161,-6.974939382645843e-16,1.1324165243775745e-15,-0.9999926566498547,-0.9999926058563182,-5.156923290386849e-16,-1.2100138018165173e-15,0.9999924642591181,0.9999999946335778,1.0405121931839602e-15,6.718331418973516e-16,-0.9999923510040178,-7.038721548287219e-16
6.642035401825276e-17,-6.23860425030008e-17,-3.102299765704528e-16,4.082700136847378e-16,0.9999995278650824,-0.9999994610746371,0.9999990963258513,0.9999995085808585,1.3905705435722303e-15,7.551805136640492e-17,-9.773032581831339e-17,0.9999994695166265,-0.9999994075017674,0.9999989996427315,5.580030357366938e-16,-1.5789568960976685e-16,8.214469188639727e-17,1.1827949508565013e-15,0.9999934281326098,-0.9999937055286482,0.9999947541540096,0.9999929903987956,-8.945946247627524e-17,5.943350709935659e-16,-0.9999991213435723,-0.9999984889330983,-1.1522760253575319e-15,-2.53807233309217e-16,-0.9999959361959936,0.9999972036600147,-1.8914591518847397e-15,-6.30421573495341e-16,-0.9999926058563217,-0.9999926566498598,-2.7038969478883102e-15,1.0405121931839602e-15,0.9999999946335778,0.99999246425911,-2.9058371670269705e-16,-0.9999923510040286
-3.022685226280653e-16,3.0630273355089863e-16,-6.789182654348788e-16,3.9581177849176465e-17,0.999999527865079,-0.9999994610746329,0.9999990963258486,0.9999995085808557,1.021881744355729e-15,4.442067542986623e-16,-4.664184779115389e-16,0.9999994695166237,-0.9999994075017653,0.9999989996427291,1.8932247637540168e-16,2.107852082008228e-16,-2.8653768009275963e-16,8.141151192104039e-16,0.9999934281326066,-0.999993705528646,0.9999947541540053,0.9999929903987925,2.792288774926084e-16,9.630225354485157e-16,-0.9999991213435688,-0.9999984889330953,-7.835920195961088e-16,-6.224929643613183e-16,-0.9999959361959909,0.9999972036600123,-1.5227798133686034e-15,-2.617422349792134e-16,-0.9999926566498578,-0.9999926058563203,-3.0725759991749196e-15,6.718331418973516e-16,0.99999246425911,0.9999999946335778,7.809524061436618e-17,-0.9999923510040221
-0.9999994654038221,0.9999993986133522,-0.999999033864579,-0.9999994461195884,1.929120409440298e-17,3.9460384180495723e-16,-2.3417121388595855e-16,-2.2546061083231226e-16,-0.9999994070553713,0.9999993450404917,-0.9999989371814519,-1.355987039403567e-16,2.7307145740507457e-17,3.6483196604265096e-16,-0.9999933656711762,0.999993643067201,-0.9999946916926173,-0.9999929279372841,-6.244408102669196e-17,-2.1835404431671336e-16,2.8527045262949286e-16,-1.117340378916794e-16,0.9999990588823074,0.99999842647181,1.728896725581e-17,1.8651008183682944e-16,0.999995873734654,-0.9999971411987058,-5.241531212697738e-17,-3.8251287738681897e-16,0.9999925941883197,0.999992594188319,-2.342348988417026e-16,4.600867195086939e-16,-0.9999923510040291,-0.9999923510040178,-2.9058371670269705e-16,7.809524061436618e-17,0.9999999945446164,-4.605673616176871e-17
2.702238912406582e-16,-2.742581751845178e-16,6.468740391198276e-16,-7.162583389879681e-17,-0.9999994654038253,0.9999993986133716,-0.999999033864582,-0.9999994461195955,-1.0539263910982687e-15,-4.121623535576884e-16,4.3437434102568957e-16,-0.9999994070553693,0.9999993450405024,-0.9999989371814609,-2.2136222635848497e-16,-1.787453047472783e-16,2.544967731988783e-16,-8.461543526712473e-16,-0.9999933656711815,0.999993643067209,-0.9999946916926221,-0.9999929279372902,-2.471844575394153e-16,-9.309787872759627e-16,0.9999990588823129,0.9999984264718157,8.156339318943273e-16,5.904501882119453e-16,0.9999958737346523,-0.9999971411987081,1.5548187695301723e-15,2.937811129333393e-16,0.9999925941883292,0.9999925941883274,3.040537642736296e-15,-7.038721548287219e-16,-0.9999923510040286,-0.9999923510040221,-4.605673616176871e-17,0.9999999945446164
