0.9999999982322036,-0.9999980304873549,0.9999974203524324,0.9999977468669535,0.9999975154831484,-0.9999949376745928,-0.999997689604843,-0.3095562046468384,0.8097481495829776,-0.3091046831525961,-0.8104062419434578,0.30975648068359146,0.8089097104393893,0.811048805070005,-0.8116717595679211,0.8118914572495965,0.8118914572495987,0.8118299516962916,0.3101316391529624,-0.31005952573547324,0.3102185845228637,0.3103787679415974,-0.310304879233471,0.3102436854383129,0.812158254330381,-0.8121010320382985,-0.8121870063362325,0.8120583010432636,0.8120583010432646,0.8121582543303832,-0.8121010320382991,-0.8121870063362318,0.8120583010432636,0.8120583010432638,-0.3100358320097195,-0.8119882379229049,-0.8119882379229043,-0.8119882379229055,-0.8119882379229046,-0.8118961917266357,-0.8118961917266325,-0.3103171667378154,0.8119363029582872,0.8119363029582838,-0.8119497206797307
-0.9999980304873549,0.9999999988677187,-0.999997947599634,-0.9999982596208935,-0.9999980304873497,0.9999954072940151,0.9999981307639773,0.30951368003085344,-0.8097221840709605,0.30914748991175844,0.810380317394361,-0.30979927810717717,-0.8089364490269279,-0.8110229207350464,0.8116459142919316,-0.8118656257365027,-0.8118656257365054,-0.8118041164683797,-0.31017443121769706,0.3101023188443739,-0.3102613753635302,-0.3104215564995842,0.31034766885525533,-0.3102864759298431,-0.8121324394551375,0.8120752136070037,0.8121611932459198,-0.8120324799673952,-0.8120324799673964,-0.8121324394551387,0.8120752136070042,0.8121611932459182,-0.8120324799673952,-0.8120324799673956,0.31007862545052417,0.8119624124743751,0.8119624124743744,0.8119624124743747,0.8119624124743743,0.8118703607120029,0.811870360711999,0.3103599561696531,-0.8119104744858481,-0.8119104744858437,0.8119238930575591
0.9999974203524324,-0.999997947599634,0.9999999981498185,0.9999976380472704,0.9999974203524284,-0.9999950582080469,-0.9999975675827121,-0.3092966601046604,0.8095879302774086,-0.3093642082572105,-0.8102462699681856,0.3100159471715904,0.809070091056752,0.8108890759137639,-0.8115122662588801,0.8117320470436991,0.8117320470437022,0.8116705190655235,0.3103910719907356,-0.3103189651271922,0.31047800967074807,0.31063817875461336,-0.3105642967248344,0.3105031083919958,0.8119989445839052,-0.8119417008208951,-0.812027707366825,0.811898953858812,0.8118989538588125,0.811998944583906,-0.811941700820896,-0.8120277073668235,0.8118989538588118,0.8118989538588114,-0.3102952734868741,-0.8118288643361601,-0.81182886433616,-0.811828864336161,-0.8118288643361598,-0.8117367845392538,-0.8117367845392499,-0.31057658303926844,0.8117769111224458,0.8117769111224415,-0.811790333978382
0.9999977468669535,-0.9999982596208935,0.9999976380472704,0.9999999985632647,0.9999977468669495,-0.9999951421778229,-0.9999979953559145,-0.3096039776197988,0.8097777726217708,-0.30905704608331297,-0.8104358196615641,0.30970885452806,0.8088804039789129,0.8110783382933044,-0.8117012495737104,0.8119209320273251,0.8119209320273287,0.8118594305826713,0.31008401926292245,-0.3100119046253314,0.3101709660649038,0.31033115215279106,-0.3102572622013152,0.31019606738903904,0.8121877106999338,-0.8121304923421324,-0.8122164607310308,0.8120877642728235,0.8120877642728248,0.812187710699936,-0.8121304923421315,-0.812216460731029,0.8120877642728237,0.8120877642728233,-0.30998821051118636,-0.8120177059904327,-0.8120177059904322,-0.8120177059904327,-0.8120177059904324,-0.8119256659504479,-0.8119256659504438,-0.31026954992700256,0.8119657743689208,0.8119657743689165,-0.811979191149467
0.9999975154831484,-0.9999980304873497,0.9999974203524284,0.9999977468669495,0.9999999982322036,-0.9999949376745894,-0.9999976896048383,-0.3095562046468359,0.8097481495829739,-0.3091046831525961,-0.8104062419434525,0.30975648068359146,0.8089097104393875,0.8110488050700005,-0.8116717595679176,0.811891457249592,0.8118914572495948,0.8118299516962876,0.3101316391529622,-0.3100595257354723,0.3102185845228634,0.31037876794159774,-0.3103048792334711,0.31024368543831266,0.8121582543303776,-0.812101032038294,-0.8121870063362289,0.8120583010432605,0.81205830104326,0.8121582543303786,-0.8121010320382949,-0.8121870063362272,0.8120583010432597,0.8120583010432599,-0.31003583200971946,-0.8119882379229011,-0.8119882379228999,-0.8119882379229004,-0.8119882379229012,-0.8118961917266324,-0.8118961917266277,-0.3103171667378154,0.8119363029582823,0.8119363029582795,-0.8119497206797271
-0.9999949376745928,0.9999954072940151,-0.9999950582080469,-0.9999951421778229,-0.9999949376745894,0.9999999947681768,0.9999950589911731,0.3090458159149188,-0.8094316719910761,0.3096135544901811,0.8100901790181478,-0.31026523536167705,-0.8092227734038729,-0.810733217414384,0.8113566335388183,-0.8115764938789134,-0.8115764938789174,-0.8115149444382582,-0.3106403268576176,0.31056822648204446,-0.31072725691957576,-0.31088741180700447,0.31081353638931697,-0.3107523534664203,-0.8118434875869118,0.8117862232706627,0.8118722606862142,-0.8117434610244119,-0.8117434610244126,-0.8118434875869136,0.8117862232706636,0.8118722606862124,-0.8117434610244112,-0.8117434610244117,0.31054453690795575,0.8116733462272493,0.8116733462272484,0.8116733462272498,0.811673346227249,0.8115812342714633,0.811581234271459,0.31082582152774485,-0.8116213755518626,-0.8116213755518588,0.8116348033234383
-0.999997689604843,0.9999981307639773,-0.9999975675827121,-0.9999979953559145,-0.9999976896048383,0.9999950589911731,0.9999999984868964,0.3096499659013665,-0.8098061157650465,0.30901101538847026,0.8104641189102912,-0.3096628341762989,-0.8088519122534165,-0.811106594448373,0.8117294638725148,-0.8119491315776571,-0.8119491315776606,-0.811887634112904,-0.3100380048487682,0.30996588905465927,-0.31012495300754794,-0.3102851416248051,0.31021125049488973,-0.31015005471880525,-0.8122158924214752,0.8121586778741832,0.8122446405399344,-0.8121159526386101,-0.8121159526386127,-0.8122158924214771,0.8121586778741847,0.8122446405399336,-0.8121159526386119,-0.8121159526386119,0.30994219457257094,0.8120458990418987,0.812045899041898,0.8120458990418984,0.8120458990418988,0.8119538649652505,0.8119538649652467,0.3102235384306088,-0.8119939706592791,-0.8119939706592748,0.8120073865286063
-0.3095562046468384,0.30951368003085344,-0.3092966601046604,-0.3096039776197988,-0.3095562046468359,0.3090458159149188,0.3096499659013665,1.000000006204029,-0.8086191272113518,-0.8086353914214889,0.8079607816811334,0.8082295431912687,0.3086509258670321,-0.8073134255082325,0.8066842987487469,-0.8064626827977206,-0.8064626827977269,-0.8065217884756576,0.8079962915251633,-0.8080414265124911,0.8079426135760686,0.8078431352719023,-0.8078892526093086,0.8079272069692198,-0.8061951605354285,0.8062522746399652,0.8061665022631256,-0.8062946935452652,-0.8062946935452657,-0.8061951605354291,0.8062522746399664,0.8061665022631269,-0.806294693545266,-0.8062946935452633,-0.808056019299242,0.806365019826744,0.8063650198267439,0.8063650198267444,0.8063650198267418,0.8064536165923369,0.8064536165923327,-0.8078813065527829,-0.8064125290522689,-0.8064125290522655,0.8063987875062061
0.8097481495829776,-0.8097221840709605,0.8095879302774086,0.8097777726217708,0.8097481495829739,-0.8094316719910761,-0.8098061157650465,-0.8086191272113518,0.9999999989734749,0.3077430880466226,-0.9999995960812639,-0.30708940366273885,0.3100319193873301,0.999997626155935,-0.9999948423039011,0.9999940200426456,0.9999940200426514,0.9999924379202695,-0.30671334709003495,0.306785817692234,-0.30662642783216393,-0.3064659315441349,0.3065401067593657,-0.3066013900454932,0.9999940115098314,-0.999993850600266,-0.9999941166575012,0.9999935877091699,0.9999935877091713,0.9999940115098328,-0.9999938506002665,-0.999994116657502,0.9999935877091708,0.9999935877091684,0.3068094826172685,-0.9999936348258428,-0.9999936348258419,-0.9999936348258421,-0.999993634825841,-0.9999913547899092,-0.9999913547899051,0.3065276007634806,0.9999908183206382,0.9999908183206344,-0.9999906405698246
-0.3091046831525961,0.30914748991175844,-0.3093642082572105,-0.30905704608331297,-0.3091046831525961,0.3096135544901811,0.30901101538847026,-0.8086353914214889,0.3077430880466226,1.000000002981666,-0.30667754396504104,-1.000001692782851,-0.8091779891479194,0.3056325295577994,-0.30461787937728435,0.304260300722763,0.30426030072276744,0.30435746944957187,-1.000000450344109,1.0000009749357235,-1.0000005581612372,-1.000000171738179,1.0000005804400571,-1.0000006793871068,0.3038276679386434,-0.30392019469388026,-0.30378121617430087,0.30398905811466487,0.30398905811466587,0.3038276679386437,-0.3039201946938816,-0.3037812161743043,0.30398905811466553,0.30398905811466326,1.0000009104075178,-0.3041027437960004,-0.30410274379599983,-0.3041027437959993,-0.3041027437959971,-0.3042483038763249,-0.3042483038763233,1.000000235571615,0.3041823928958858,0.3041823928958858,-0.30416034759106336
-0.8104062419434578,0.810380317394361,-0.8102462699681856,-0.8104358196615641,-0.8104062419434525,0.8100901790181478,0.8104641189102912,0.8079607816811334,-0.9999995960812639,-0.30667754396504104,1.0000000012457848,0.3060236251293778,-0.31109722641113885,-1.0000011494183692,0.9999994897024799,-0.9999990881287211,-0.9999990881287256,-0.999997391031501,0.30564743332094474,-0.3057199296334271,0.30556048235967254,0.3053999282201185,-0.3054741299013192,0.3055354353344328,-0.9999995889421561,0.9999993190400549,0.9999997488168648,-0.9999989749788265,-0.9999989749788282,-0.9999995889421577,0.9999993190400549,0.9999997488168662,-0.9999989749788268,-0.9999989749788245,-0.30574360323164057,0.9999988882676432,0.999998888267642,0.9999988882676434,0.999998888267641,0.9999964360305708,0.9999964360305653,-0.30546161976797814,-0.9999959769647624,-0.9999959769647585,0.9999958251037628
0.30975648068359146,-0.30979927810717717,0.3100159471715904,0.30970885452806,0.30975648068359146,-0.31026523536167705,-0.3096628341762989,0.8082295431912687,-0.30708940366273885,-1.000001692782851,0.3060236251293778,0.9999999996634944,0.8095790272566643,-0.30497838284380796,0.30396351208327677,-0.30360585557888786,-0.303605855578892,-0.30370304676148824,0.999998625001664,-0.999999166867236,0.9999987955282328,0.9999985247696681,-0.9999988800663356,0.9999989348378376,-0.3031731278938471,0.3032656750626726,0.30312666586361003,-0.3033345537796304,-0.3033345537796317,-0.3031731278938472,0.3032656750626737,0.3031266658636133,-0.30333455377963126,-0.3033345537796288,-0.9999990852578255,0.30344826436635786,0.3034482643663574,0.3034482643663574,0.3034482643663552,0.3035938580209092,0.30359385802090755,-0.9999985441415215,-0.30352793296799,-0.30352793296798963,0.3035058829551196
0.8089097104393893,-0.8089364490269279,0.809070091056752,0.8088804039789129,0.8089097104393875,-0.8092227734038729,-0.8088519122534165,0.3086509258670321,0.3100319193873301,-0.8091779891479194,-0.31109722641113885,0.8095790272566643,0.9999999990865275,0.31214024761828674,-0.3131523829124945,0.31350917335273404,0.3135091733527334,0.31341110381945697,0.8098100830851468,-0.809765854165443,0.8098638664618482,0.8099625923432608,-0.8099171949672721,0.8098794492907819,0.31394146156442887,-0.3138489080085539,-0.3139879418300189,0.3137799362513606,0.31377993625136025,0.31394146156442965,-0.3138489080085535,-0.3139879418300156,0.31377993625136036,0.31377993625136136,-0.8097511757792519,-0.3136663688270078,-0.31366636882700794,-0.31366636882700877,-0.31366636882700943,-0.31351951490740243,-0.3135195149074013,-0.8099245732535895,0.3135850429077724,0.31358504290777056,-0.3136069611559385
0.811048805070005,-0.8110229207350464,0.8108890759137639,0.8110783382933044,0.8110488050700005,-0.810733217414384,-0.811106594448373,-0.8073134255082325,0.999997626155935,0.3056325295577994,-1.0000011494183692,-0.30497838284380796,0.31214024761828674,1.0000000011484418,-1.0000012627791555,1.0000012040193285,1.0000012040193347,0.9999993942620226,-0.3046020595885249,0.30467458088817045,-0.30451507780853304,-0.3043544674372161,0.3044286948412265,-0.30449002180169593,1.0000022039462302,-1.0000018272417603,-1.0000024174481787,1.0000014036418794,1.000001403641881,1.0000022039462324,-1.000001827241762,-1.0000024174481785,1.00000140364188,1.0000014036418787,0.3046982629178584,-1.0000011857913098,-1.0000011857913094,-1.0000011857913105,-1.0000011857913083,-0.9999985648196975,-0.9999985648196918,0.30441618068921483,0.999998181603972,0.9999981816039674,-0.9999980551132069
-0.8116717595679211,0.8116459142919316,-0.8115122662588801,-0.8117012495737104,-0.8116717595679176,0.8113566335388183,0.8117294638725148,0.8066842987487469,-0.9999948423039011,-0.30461787937728435,0.9999994897024799,0.30396351208327677,-0.3131523829124945,-1.0000012627791555,1.0000000013575479,-1.000002388175453,-1.000002388175462,-1.0000004690646538,0.303587061590087,-0.30365960707587636,0.3035000499770205,0.30333938517413733,-0.3034136374767579,0.3034749852755607,-1.0000038031506608,1.0000033227769098,1.0000040687066387,-1.000002821971793,-1.0000028219717936,-1.0000038031506628,1.000003322776911,1.0000040687066405,-1.0000028219717927,-1.000002821971791,-0.3036832972674915,1.000002476828568,1.000002476828567,1.000002476828568,1.0000024768285651,0.9999996920747086,0.999999692074704,-0.30340111943570464,-0.9999993824847487,-0.9999993824847456,0.9999992806202311
0.8118914572495965,-0.8118656257365027,0.8117320470436991,0.8119209320273251,0.811891457249592,-0.8115764938789134,-0.8119491315776571,-0.8064626827977206,0.9999940200426456,0.304260300722763,-0.9999990881287211,-0.30360585557888786,0.31350917335273404,1.0000012040193285,-1.000002388175453,1.0000000020425042,1.0000028705989625,1.0000009129466993,-0.30322936017950125,0.3033019142014752,-0.3031423380376135,-0.302981654024218,0.30305591511441,-0.303117270267656,1.0000045257561225,-1.0000040088431792,-1.0000048096589842,1.0000034808262828,1.000003480826284,1.0000045257561239,-1.0000040088431805,-1.000004809658985,1.0000034808262834,1.0000034808262817,0.303325607273616,-1.0000031602417612,-1.0000031602417592,-1.0000030908173692,-1.0000030908173674,-1.0000002483386636,-1.0000002483386587,0.30304339570064714,0.9999999646993528,0.9999999646993502,-0.9999998715147748
0.8118914572495987,-0.8118656257365054,0.8117320470437022,0.8119209320273287,0.8118914572495948,-0.8115764938789174,-0.8119491315776606,-0.8064626827977269,0.9999940200426514,0.30426030072276744,-0.9999990881287256,-0.303605855578892,0.3135091733527334,1.0000012040193347,-1.000002388175462,1.0000028705989625,1.0000000020425042,1.0000009129467042,-0.3032293601795055,0.3033019142014795,-0.3031423380376179,-0.30298165402422245,0.3030559151144142,-0.30311727026765994,1.0000045257561285,-1.0000040088431856,-1.0000048096589906,1.0000034808262896,1.0000034808262905,1.000004525756131,-1.000004008843186,-1.0000048096589906,1.0000034808262896,1.0000034808262874,0.30332560727362035,-1.0000030908173758,-1.0000030908173747,-1.000003160241764,-1.000003160241764,-1.0000002483386703,-1.000000248338665,0.303043395700652,0.9999999646993596,0.9999999646993556,-0.9999998715147804
0.8118299516962916,-0.8118041164683797,0.8116705190655235,0.8118594305826713,0.8118299516962876,-0.8115149444382582,-0.811887634112904,-0.8065217884756576,0.9999924379202695,0.30435746944957187,-0.999997391031501,-0.30370304676148824,0.31341110381945697,0.9999993942620226,-1.0000004690646538,1.0000009129466993,1.0000009129467042,0.9999999992641592,-0.3033265643133586,0.30339911587168755,-0.30323954520580687,-0.3030788667321407,0.3031531252869103,-0.3032144783196383,1.0000025214405859,-1.0000020145126196,-1.000002800329907,1.0000014939322353,1.0000014939322381,1.0000025214405883,-1.000002014512621,-1.000002800329908,1.0000014939322364,1.000001493932235,0.3034228081138861,-1.0000011161838924,-1.0000011161838922,-1.0000011161838922,-1.0000011161838906,-0.9999983589022857,-0.9999983589022836,0.3031406062708338,0.9999979987465456,0.9999979987465407,-0.9999979031898292
0.3101316391529624,-0.31017443121769706,0.3103910719907356,0.31008401926292245,0.3101316391529622,-0.3106403268576176,-0.3100380048487682,0.8079962915251633,-0.30671334709003495,-1.000000450344109,0.30564743332094474,0.999998625001664,0.8098100830851468,-0.3046020595885249,0.303587061590087,-0.30322936017950125,-0.3032293601795055,-0.3033265643133586,0.9999999984907529,-0.9999983907116458,0.9999980854664275,0.9999978812646576,-0.9999982058304517,0.9999982351820143,-0.302796577753719,0.3028891366973381,0.3027501098020222,-0.30295802423716567,-0.30295802423716683,-0.3027965777537191,0.30288913669733897,0.30275010980202516,-0.3029580242371662,-0.3029580242371635,-0.9999982298487691,0.3030717491898667,0.30307174918986624,0.30307174918986596,0.30307174918986374,0.30321736220826245,0.30321736220826073,-0.9999978750519618,-0.3031514290374858,-0.3031514290374856,0.30312937630873055
-0.31005952573547324,0.3101023188443739,-0.3103189651271922,-0.3100119046253314,-0.3100595257354723,0.31056822648204446,0.30996588905465927,-0.8080414265124911,0.306785817692234,1.0000009749357235,-0.3057199296334271,-0.999999166867236,-0.809765854165443,0.30467458088817045,-0.30365960707587636,0.3033019142014752,0.3033019142014795,0.30339911587168755,-0.9999983907116458,0.9999999991244661,-0.9999985903780478,-0.9999983039417605,0.9999986344223665,-0.9999986686664674,0.302869142182283,-0.302961698887276,-0.30282267535639823,0.3030305847495574,0.3030305847495588,0.30286914218228295,-0.30296169888727714,-0.3028226753564015,0.3030305847495589,0.3030305847495563,0.9999986799487799,-0.3031443069712315,-0.3031443069712312,-0.3031443069712312,-0.30314430697122857,-0.30328991630623486,-0.3032899163062329,0.9999983026532744,0.3032239846782035,0.303223984678203,-0.3032019324655864
0.3102185845228637,-0.3102613753635302,0.31047800967074807,0.3101709660649038,0.3102185845228634,-0.31072725691957576,-0.31012495300754794,0.8079426135760686,-0.30662642783216393,-1.0000005581612372,0.30556048235967254,0.9999987955282328,0.8098638664618482,-0.30451507780853304,0.3035000499770205,-0.3031423380376135,-0.3031423380376179,-0.30323954520580687,0.9999980854664275,-0.9999985903780478,0.9999999987907139,0.9999981116319201,-0.9999984985097903,0.9999984525537061,-0.30270954277841333,0.30280210448231293,0.302663073438621,-0.30287099409024515,-0.3028709940902465,-0.30270954277841394,0.30280210448231387,0.30266307343862436,-0.3028709940902462,-0.30287099409024393,-0.9999984272402725,0.30298472241096036,0.30298472241095964,0.30298472241095936,0.3029847224109573,0.30313033996619504,0.30313033996619326,-0.9999980994978627,-0.3030644048916063,-0.3030644048916059,0.30304235152592024
0.3103787679415974,-0.3104215564995842,0.31063817875461336,0.31033115215279106,0.31037876794159774,-0.31088741180700447,-0.3102851416248051,0.8078431352719023,-0.3064659315441349,-1.000000171738179,0.3053999282201185,0.9999985247696681,0.8099625923432608,-0.3043544674372161,0.30333938517413733,-0.302981654024218,-0.30298165402422245,-0.3030788667321407,0.9999978812646576,-0.9999983039417605,0.9999981116319201,0.9999999985422612,-0.9999983250054475,0.9999982681980825,-0.3025488353477489,0.3026414020886645,0.3025023634748861,-0.3027102954707884,-0.3027102954707892,-0.3025488353477491,0.3026414020886655,0.30250236347488924,-0.3027102954707892,-0.30271029547078665,-0.9999982060325197,0.30282402993706864,0.3028240299370683,0.30282402993706803,0.30282402993706603,0.3029696557749673,0.3029696557749652,-0.9999979281903467,-0.3029037172274703,-0.3029037172274696,0.302881662699899
-0.310304879233471,0.31034766885525533,-0.3105642967248344,-0.3102572622013152,-0.3103048792334711,0.31081353638931697,0.31021125049488973,-0.8078892526093086,0.3065401067593657,1.0000005804400571,-0.3054741299013192,-0.9999988800663356,-0.8099171949672721,0.3044286948412265,-0.3034136374767579,0.30305591511441,0.3030559151144142,0.3031531252869103,-0.9999982058304517,0.9999986344223665,-0.9999984985097903,-0.9999983250054475,0.999999998979655,-0.9999986530249546,0.3026231071505764,-0.30271567158710017,-0.30257663643658955,0.3027845632424564,0.302784563242457,0.3026231071505768,-0.3027156715871013,-0.3025766364365928,0.30278456324245695,0.30278456324245456,0.9999985384504199,-0.3028982948973745,-0.3028982948973743,-0.30289829489737413,-0.30289829489737186,-0.3030439169445292,-0.30304391694452737,0.9999982375681571,0.302977979985376,0.30297797998537573,-0.30295592598919807
0.3102436854383129,-0.3102864759298431,0.3105031083919958,0.31019606738903904,0.31024368543831266,-0.3107523534664203,-0.31015005471880525,0.8079272069692198,-0.3066013900454932,-1.0000006793871068,0.3055354353344328,0.9999989348378376,0.8098794492907819,-0.30449002180169593,0.3034749852755607,-0.303117270267656,-0.30311727026765994,-0.3032144783196383,0.9999982351820143,-0.9999986686664674,0.9999984525537061,0.9999982681980825,-0.9999986530249546,0.9999999990076882,-0.3026844712686006,0.30277703377684045,0.30263800152432646,-0.30284592398737303,-0.30284592398737425,-0.30268447126860065,0.30277703377684123,0.30263800152433007,-0.3028459239873739,-0.30284592398737165,-0.999998643721434,0.30295965328959196,0.30295965328959107,0.3029596532895915,0.3029596532895885,0.30310527216626554,0.30310527216626376,-0.9999983237808349,-0.30303933653672027,-0.30303933653672005,0.30301728298537073
0.812158254330381,-0.8121324394551375,0.8119989445839052,0.8121877106999338,0.8121582543303776,-0.8118434875869118,-0.8122158924214752,-0.8061951605354285,0.9999940115098314,0.3038276679386434,-0.9999995889421561,-0.3031731278938471,0.31394146156442887,1.0000022039462302,-1.0000038031506608,1.0000045257561225,1.0000045257561285,1.0000025214405859,-0.302796577753719,0.302869142182283,-0.30270954277841333,-0.3025488353477489,0.3026231071505764,-0.3026844712686006,1.0000000045449786,-1.0000058959275258,-1.0000067631956957,1.0000052655398284,1.0000052655398293,1.0000063876552874,-1.000005826503134,-1.000006693771303,1.0000052655398284,1.000005265539826,0.30289283876534184,-1.0000048212104946,-1.000004821210495,-1.000004821210495,-1.0000048212104935,-1.0000019088426362,-1.0000019088426308,0.302610586062493,1.0000016566227312,1.0000016566227268,-1.0000015739472703
-0.8121010320382985,0.8120752136070037,-0.8119417008208951,-0.8121304923421324,-0.812101032038294,0.8117862232706627,0.8121586778741832,0.8062522746399652,-0.999993850600266,-0.30392019469388026,0.9999993190400549,0.3032656750626726,-0.3138489080085539,-1.0000018272417603,1.0000033227769098,-1.0000040088431792,-1.0000040088431856,-1.0000020145126196,0.3028891366973381,-0.302961698887276,0.30280210448231293,0.3026414020886645,-0.30271567158710017,0.30277703377684045,-1.0000058959275258,1.0000000037531664,1.0000061278659367,-1.0000047903284583,-1.0000047903284628,-1.0000058265031353,1.0000052748173884,1.0000061278659373,-1.0000047209040666,-1.0000047209040643,-0.3029853947152058,1.0000042881983666,1.0000042881983664,1.000004288198367,1.000004288198365,1.0000013907853464,1.0000013907853422,-0.30270315085932564,-1.000001131842177,-1.000001131842174,1.0000010469179301
-0.8121870063362325,0.8121611932459198,-0.812027707366825,-0.8122164607310308,-0.8121870063362289,0.8118722606862142,0.8122446405399344,0.8061665022631256,-0.9999941166575012,-0.30378121617430087,0.9999997488168648,0.30312666586361003,-0.3139879418300189,-1.0000024174481787,1.0000040687066387,-1.0000048096589842,-1.0000048096589906,-1.000002800329907,0.3027501098020222,-0.30282267535639823,0.302663073438621,0.3025023634748861,-0.30257663643658955,0.30263800152432646,-1.0000067631956957,1.0000061278659367,1.0000000049822957,-1.0000055633627287,-1.0000055633627303,-1.0000066937713046,1.000006127865938,1.0000070022739733,-1.0000055633627287,-1.0000055633627265,-0.30284637231919487,1.0000051131969985,1.000005113196996,1.0000051131969974,1.000005113196996,1.0000021933201861,1.0000021933201806,-0.30256411516728615,-1.0000019444761492,-1.000001944476146,1.0000018629298473
0.8120583010432636,-0.8120324799673952,0.811898953858812,0.8120877642728235,0.8120583010432605,-0.8117434610244119,-0.8121159526386101,-0.8062946935452652,0.9999935877091699,0.30398905811466487,-0.9999989749788265,-0.3033345537796304,0.3137799362513606,1.0000014036418794,-1.000002821971793,1.0000034808262828,1.0000034808262896,1.0000014939322353,-0.30295802423716567,0.3030305847495574,-0.30287099409024515,-0.3027102954707884,0.3027845632424564,-0.30284592398737303,1.0000052655398284,-1.0000047903284583,-1.0000055633627287,1.0000000029686555,1.0000041722411503,1.0000052655398293,-1.0000047209040672,-1.0000055633627283,1.000004172241149,1.000004172241147,0.303054280011733,-1.0000038176163373,-1.000003748191945,-1.0000037481919457,-1.0000037481919435,-1.0000008619168235,-1.0000008619168184,0.30277204278480524,1.000000597966741,1.0000005979667372,-1.0000005113677877
0.8120583010432646,-0.8120324799673964,0.8118989538588125,0.8120877642728248,0.81205830104326,-0.8117434610244126,-0.8121159526386127,-0.8062946935452657,0.9999935877091713,0.30398905811466587,-0.9999989749788282,-0.3033345537796317,0.31377993625136025,1.000001403641881,-1.0000028219717936,1.000003480826284,1.0000034808262905,1.0000014939322381,-0.30295802423716683,0.3030305847495588,-0.3028709940902465,-0.3027102954707892,0.302784563242457,-0.30284592398737425,1.0000052655398293,-1.0000047903284628,-1.0000055633627303,1.0000041722411503,1.0000000029686555,1.000005265539831,-1.0000047209040683,-1.000005563362731,1.0000041722411508,1.000004172241149,0.3030542800117338,-1.000003748191947,-1.0000038176163406,-1.0000037481919484,-1.0000037481919453,-1.000000861916825,-1.000000861916819,0.3027720427848064,1.0000005979667428,1.0000005979667383,-1.0000005113677888
0.8121582543303832,-0.8121324394551387,0.811998944583906,0.812187710699936,0.8121582543303786,-0.8118434875869136,-0.8122158924214771,-0.8061951605354291,0.9999940115098328,0.3038276679386437,-0.9999995889421577,-0.3031731278938472,0.31394146156442965,1.0000022039462324,-1.0000038031506628,1.0000045257561239,1.000004525756131,1.0000025214405883,-0.3027965777537191,0.30286914218228295,-0.30270954277841394,-0.3025488353477491,0.3026231071505768,-0.30268447126860065,1.0000063876552874,-1.0000058265031353,-1.0000066937713046,1.0000052655398293,1.000005265539831,1.0000000045449786,-1.0000058959275262,-1.0000067631956986,1.00000526553983,1.0000052655398284,0.3028928387653423,-1.0000048212104968,-1.0000048212104964,-1.0000048212104973,-1.0000048212104946,-1.0000019088426382,-1.000001908842633,0.30261058606249325,1.0000016566227325,1.000001656622729,-1.000001573947273
-0.8121010320382991,0.8120752136070042,-0.811941700820896,-0.8121304923421315,-0.8121010320382949,0.8117862232706636,0.8121586778741847,0.8062522746399664,-0.9999938506002665,-0.3039201946938816,0.9999993190400549,0.3032656750626737,-0.3138489080085535,-1.000001827241762,1.000003322776911,-1.0000040088431805,-1.000004008843186,-1.000002014512621,0.30288913669733897,-0.30296169888727714,0.30280210448231387,0.3026414020886655,-0.3027156715871013,0.30277703377684123,-1.000005826503134,1.0000052748173884,1.000006127865938,-1.0000047209040672,-1.0000047209040683,-1.0000058959275262,1.0000000037531664,1.0000061278659378,-1.0000047903284586,-1.0000047903284595,-0.30298539471520697,1.0000042881983682,1.0000042881983666,1.0000042881983677,1.0000042881983655,1.0000013907853478,1.0000013907853424,-0.3027031508593264,-1.0000011318421782,-1.0000011318421747,1.0000010469179306
-0.8121870063362318,0.8121611932459182,-0.8120277073668235,-0.812216460731029,-0.8121870063362272,0.8118722606862124,0.8122446405399336,0.8061665022631269,-0.999994116657502,-0.3037812161743043,0.9999997488168662,0.3031266658636133,-0.3139879418300156,-1.0000024174481785,1.0000040687066405,-1.000004809658985,-1.0000048096589906,-1.000002800329908,0.30275010980202516,-0.3028226753564015,0.30266307343862436,0.30250236347488924,-0.3025766364365928,0.30263800152433007,-1.000006693771303,1.0000061278659373,1.0000070022739733,-1.0000055633627283,-1.000005563362731,-1.0000067631956986,1.0000061278659378,1.0000000049822955,-1.0000055633627292,-1.0000055633627276,-0.30284637231919836,1.0000051131969985,1.0000051131969974,1.0000051131969971,1.0000051131969967,1.0000021933201855,1.0000021933201813,-0.30256411516728937,-1.0000019444761503,-1.0000019444761459,1.0000018629298475
0.8120583010432636,-0.8120324799673952,0.8118989538588118,0.8120877642728237,0.8120583010432597,-0.8117434610244112,-0.8121159526386119,-0.806294693545266,0.9999935877091708,0.30398905811466553,-0.9999989749788268,-0.30333455377963126,0.31377993625136036,1.00000140364188,-1.0000028219717927,1.0000034808262834,1.0000034808262896,1.0000014939322364,-0.3029580242371662,0.3030305847495589,-0.3028709940902462,-0.3027102954707892,0.30278456324245695,-0.3028459239873739,1.0000052655398284,-1.0000047209040666,-1.0000055633627287,1.000004172241149,1.0000041722411508,1.00000526553983,-1.0000047903284586,-1.0000055633627292,1.0000000029686555,1.0000041722411481,0.3030542800117338,-1.0000037481919468,-1.0000037481919464,-1.0000038176163377,-1.0000037481919446,-1.0000008619168235,-1.0000008619168188,0.30277204278480596,1.0000005979667415,1.0000005979667366,-1.0000005113677881
0.8120583010432638,-0.8120324799673956,0.8118989538588114,0.8120877642728233,0.8120583010432599,-0.8117434610244117,-0.8121159526386119,-0.8062946935452633,0.9999935877091684,0.30398905811466326,-0.9999989749788245,-0.3033345537796288,0.31377993625136136,1.0000014036418787,-1.000002821971791,1.0000034808262817,1.0000034808262874,1.000001493932235,-0.3029580242371635,0.3030305847495563,-0.30287099409024393,-0.30271029547078665,0.30278456324245456,-0.30284592398737165,1.000005265539826,-1.0000047209040643,-1.0000055633627265,1.000004172241147,1.000004172241149,1.0000052655398284,-1.0000047903284595,-1.0000055633627276,1.0000041722411481,1.0000000029686555,0.3030542800117315,-1.0000037481919448,-1.0000037481919433,-1.0000037481919448,-1.0000038176163408,-1.0000008619168217,-1.000000861916817,0.3027720427848036,1.0000005979667392,1.0000005979667352,-1.0000005113677863
-0.3100358320097195,0.31007862545052417,-0.3102952734868741,-0.30998821051118636,-0.31003583200971946,0.31054453690795575,0.30994219457257094,-0.808056019299242,0.3068094826172685,1.0000009104075178,-0.30574360323164057,-0.9999990852578255,-0.8097511757792519,0.3046982629178584,-0.3036832972674915,0.303325607273616,0.30332560727362035,0.3034228081138861,-0.9999982298487691,0.9999986799487799,-0.9999984272402725,-0.9999982060325197,0.9999985384504199,-0.999998643721434,0.30289283876534184,-0.3029853947152058,-0.30284637231919487,0.303054280011733,0.3030542800117338,0.3028928387653423,-0.30298539471520697,-0.30284637231919836,0.3030542800117338,0.3030542800117315,0.9999999989974775,-0.30316800131199356,-0.3031680013119931,-0.3031680013119931,-0.3031680013119908,-0.3033136094060844,-0.30331360940608243,0.99999820635694,0.3032476782989512,0.3032476782989507,-0.3032256262606033
-0.8119882379229049,0.8119624124743751,-0.8118288643361601,-0.8120177059904327,-0.8119882379229011,0.8116733462272493,0.8120458990418987,0.806365019826744,-0.9999936348258428,-0.3041027437960004,0.9999988882676432,0.30344826436635786,-0.3136663688270078,-1.0000011857913098,1.000002476828568,-1.0000031602417612,-1.0000030908173758,-1.0000011161838924,0.3030717491898667,-0.3031443069712315,0.30298472241096036,0.30282402993706864,-0.3028982948973745,0.30295965328959196,-1.0000048212104946,1.0000042881983666,1.0000051131969985,-1.0000038176163373,-1.000003748191947,-1.0000048212104968,1.0000042881983682,1.0000051131969985,-1.0000037481919468,-1.0000037481919448,-0.30316800131199356,1.0000000023753675,1.000003338415157,1.0000033384151574,1.0000033384151559,1.0000004705030996,1.0000004705030956,-0.3028857748790821,-1.0000001982977373,-1.0000001982977342,1.0000001089375685
-0.8119882379229043,0.8119624124743744,-0.81182886433616,-0.8120177059904322,-0.8119882379228999,0.8116733462272484,0.812045899041898,0.8063650198267439,-0.9999936348258419,-0.30410274379599983,0.999998888267642,0.3034482643663574,-0.31366636882700794,-1.0000011857913094,1.000002476828567,-1.0000031602417592,-1.0000030908173747,-1.0000011161838922,0.30307174918986624,-0.3031443069712312,0.30298472241095964,0.3028240299370683,-0.3028982948973743,0.30295965328959107,-1.000004821210495,1.0000042881983664,1.000005113196996,-1.000003748191945,-1.0000038176163406,-1.0000048212104964,1.0000042881983666,1.0000051131969974,-1.0000037481919464,-1.0000037481919433,-0.3031680013119931,1.000003338415157,1.0000000023753675,1.0000033384151572,1.0000033384151559,1.0000004705031,1.0000004705030943,-0.30288577487908147,-1.0000001982977373,-1.0000001982977333,1.0000001089375676
-0.8119882379229055,0.8119624124743747,-0.811828864336161,-0.8120177059904327,-0.8119882379229004,0.8116733462272498,0.8120458990418984,0.8063650198267444,-0.9999936348258421,-0.3041027437959993,0.9999988882676434,0.3034482643663574,-0.31366636882700877,-1.0000011857913105,1.000002476828568,-1.0000030908173692,-1.000003160241764,-1.0000011161838922,0.30307174918986596,-0.3031443069712312,0.30298472241095936,0.30282402993706803,-0.30289829489737413,0.3029596532895915,-1.000004821210495,1.000004288198367,1.0000051131969974,-1.0000037481919457,-1.0000037481919484,-1.0000048212104973,1.0000042881983677,1.0000051131969971,-1.0000038176163377,-1.0000037481919448,-0.3031680013119931,1.0000033384151574,1.0000033384151572,1.0000000023753675,1.0000033384151565,1.0000004705031005,1.0000004705030952,-0.30288577487908147,-1.0000001982977385,-1.0000001982977338,1.000000108937569
-0.8119882379229046,0.8119624124743743,-0.8118288643361598,-0.8120177059904324,-0.8119882379229012,0.811673346227249,0.8120458990418988,0.8063650198267418,-0.999993634825841,-0.3041027437959971,0.999998888267641,0.3034482643663552,-0.31366636882700943,-1.0000011857913083,1.0000024768285651,-1.0000030908173674,-1.000003160241764,-1.0000011161838906,0.30307174918986374,-0.30314430697122857,0.3029847224109573,0.30282402993706603,-0.30289829489737186,0.3029596532895885,-1.0000048212104935,1.000004288198365,1.000005113196996,-1.0000037481919435,-1.0000037481919453,-1.0000048212104946,1.0000042881983655,1.0000051131969967,-1.0000037481919446,-1.0000038176163408,-0.3031680013119908,1.0000033384151559,1.0000033384151559,1.0000033384151565,1.0000000023753675,1.0000004705030985,1.0000004705030938,-0.3028857748790791,-1.0000001982977353,-1.0000001982977322,1.0000001089375667
-0.8118961917266357,0.8118703607120029,-0.8117367845392538,-0.8119256659504479,-0.8118961917266324,0.8115812342714633,0.8119538649652505,0.8064536165923369,-0.9999913547899092,-0.3042483038763249,0.9999964360305708,0.3035938580209092,-0.31351951490740243,-0.9999985648196975,0.9999996920747086,-1.0000002483386636,-1.0000002483386703,-0.9999983589022857,0.30321736220826245,-0.30328991630623486,0.30313033996619504,0.3029696557749673,-0.3030439169445292,0.30310527216626554,-1.0000019088426362,1.0000013907853464,1.0000021933201861,-1.0000008619168235,-1.000000861916825,-1.0000019088426382,1.0000013907853478,1.0000021933201855,-1.0000008619168235,-1.0000008619168217,-0.3033136094060844,1.0000004705030996,1.0000004705031,1.0000004705031005,1.0000004705030985,0.9999999983109925,0.9999976262143935,-0.3030313975207457,-0.9999974128114512,-0.9999973433870557,0.9999972504740656
-0.8118961917266325,0.811870360711999,-0.8117367845392499,-0.8119256659504438,-0.8118961917266277,0.811581234271459,0.8119538649652467,0.8064536165923327,-0.9999913547899051,-0.3042483038763233,0.9999964360305653,0.30359385802090755,-0.3135195149074013,-0.9999985648196918,0.999999692074704,-1.0000002483386587,-1.000000248338665,-0.9999983589022836,0.30321736220826073,-0.3032899163062329,0.30313033996619326,0.3029696557749652,-0.30304391694452737,0.30310527216626376,-1.0000019088426308,1.0000013907853422,1.0000021933201806,-1.0000008619168184,-1.000000861916819,-1.000001908842633,1.0000013907853424,1.0000021933201813,-1.0000008619168188,-1.000000861916817,-0.30331360940608243,1.0000004705030956,1.0000004705030943,1.0000004705030952,1.0000004705030938,0.9999976262143935,0.9999999983109922,-0.3030313975207436,-0.9999973433870549,-0.9999974128114442,0.9999972504740603
-0.3103171667378154,0.3103599561696531,-0.31057658303926844,-0.31026954992700256,-0.3103171667378154,0.31082582152774485,0.3102235384306088,-0.8078813065527829,0.3065276007634806,1.000000235571615,-0.30546161976797814,-0.9999985441415215,-0.8099245732535895,0.30441618068921483,-0.30340111943570464,0.30304339570064714,0.303043395700652,0.3031406062708338,-0.9999978750519618,0.9999983026532744,-0.9999980994978627,-0.9999979281903467,0.9999982375681571,-0.9999983237808349,0.302610586062493,-0.30270315085932564,-0.30256411516728615,0.30277204278480524,0.3027720427848064,0.30261058606249325,-0.3027031508593264,-0.30256411516728937,0.30277204278480596,0.3027720427848036,0.99999820635694,-0.3028857748790821,-0.30288577487908147,-0.30288577487908147,-0.3028857748790791,-0.3030313975207457,-0.3030313975207436,0.9999999985124388,0.3029654603138225,0.30296546031382177,-0.3029434062347488
0.8119363029582872,-0.8119104744858481,0.8117769111224458,0.8119657743689208,0.8119363029582823,-0.8116213755518626,-0.8119939706592791,-0.8064125290522689,0.9999908183206382,0.3041823928958858,-0.9999959769647624,-0.30352793296799,0.3135850429077724,0.999998181603972,-0.9999993824847487,0.9999999646993528,0.9999999646993596,0.9999979987465456,-0.3031514290374858,0.3032239846782035,-0.3030644048916063,-0.3029037172274703,0.302977979985376,-0.30303933653672027,1.0000016566227312,-1.000001131842177,-1.0000019444761492,1.000000597966741,1.0000005979667428,1.0000016566227325,-1.0000011318421782,-1.0000019444761503,1.0000005979667415,1.0000005979667392,0.3032476782989512,-1.0000001982977373,-1.0000001982977373,-1.0000001982977385,-1.0000001982977353,-0.9999974128114512,-0.9999973433870549,0.3029654603138225,0.9999999979119121,0.9999970653344934,-0.9999970434429577
0.8119363029582838,-0.8119104744858437,0.8117769111224415,0.8119657743689165,0.8119363029582795,-0.8116213755518588,-0.8119939706592748,-0.8064125290522655,0.9999908183206344,0.3041823928958858,-0.9999959769647585,-0.30352793296798963,0.31358504290777056,0.9999981816039674,-0.9999993824847456,0.9999999646993502,0.9999999646993556,0.9999979987465407,-0.3031514290374856,0.303223984678203,-0.3030644048916059,-0.3029037172274696,0.30297797998537573,-0.30303933653672005,1.0000016566227268,-1.000001131842174,-1.000001944476146,1.0000005979667372,1.0000005979667383,1.000001656622729,-1.0000011318421747,-1.0000019444761459,1.0000005979667366,1.0000005979667352,0.3032476782989507,-1.0000001982977342,-1.0000001982977333,-1.0000001982977338,-1.0000001982977322,-0.9999973433870557,-0.9999974128114442,0.30296546031382177,0.9999970653344934,0.9999999979119121,-0.9999970434429546
-0.8119497206797307,0.8119238930575591,-0.811790333978382,-0.811979191149467,-0.8119497206797271,0.8116348033234383,0.8120073865286063,0.8063987875062061,-0.9999906405698246,-0.30416034759106336,0.9999958251037628,0.3035058829551196,-0.3136069611559385,-0.9999980551132069,0.9999992806202311,-0.9999998715147748,-0.9999998715147804,-0.9999979031898292,0.30312937630873055,-0.3032019324655864,0.30304235152592024,0.302881662699899,-0.30295592598919807,0.30301728298537073,-1.0000015739472703,1.0000010469179301,1.0000018629298473,-1.0000005113677877,-1.0000005113677888,-1.000001573947273,1.0000010469179306,1.0000018629298475,-1.0000005113677881,-1.0000005113677863,-0.3032256262606033,1.0000001089375685,1.0000001089375676,1.000000108937569,1.0000001089375667,0.9999972504740656,0.9999972504740603,-0.3029434062347488,-0.9999970434429577,-0.9999970434429546,0.9999999977823448
