1.00000000493497,-1.0000066913819063,1.0000047390207176,-1.0000023060339045,-1.0000070681452657,1.0000085034224155,-1.0000095220436276,0.9999977563786813,1.000004436188069,1.0000075585659636,-1.000008698912064,-0.9999957129337901,-0.9999957129337914,1.0000093695861734,1.00001005322511,0.9999944161588523,0.9999944161588507,-0.9999939707648244
-1.0000066913819063,1.0000000043215236,-1.0000043122063513,1.0000018792198364,1.0000066413305861,-1.0000080766076223,1.0000090952287313,-0.9999973295652844,-1.0000042604112926,-1.000007382788796,1.0000082720972137,0.9999952861207222,0.9999952861207243,-1.000008942771284,-1.0000096264102398,-0.9999939893459872,-0.9999939893459853,0.9999935439520297
1.0000047390207176,-1.0000043122063513,1.0000000018762694,-1.000000428937722,-1.0000051910447683,1.000006375283293,-1.0000073939036949,0.999995628249366,1.0000023080521434,1.0000054304272425,-1.000006570772626,-0.999993584806607,-0.999993584806607,1.0000072414463241,1.0000079250850797,0.999992288032992,0.9999922880329918,-0.999991842639418
-1.0000023060339045,1.0000018792198364,-1.000000428937722,0.9999999983794225,1.000002507020754,-1.000003942296294,1.000004960916137,-0.9999934463076227,-1.00000012610493,-1.0000029974402678,1.0000041377852964,0.9999911518290806,0.9999911518290812,-1.0000048084587974,-1.000005492097685,-0.9999898550565884,-0.9999898550565873,0.9999894096633911
-1.0000070681452657,1.0000066413305861,-1.0000051910447683,1.000002507020754,1.000000005223841,-1.0000089554457905,1.0000097230291969,-0.9999979573661557,-1.0000046371746292,-1.0000080105896247,1.000008899897839,0.9999959139215143,0.9999959139215132,-1.0000095705717849,-1.0000102542104843,-0.9999946171467416,-0.9999946171467415,0.9999941717527727
1.0000085034224155,-1.0000080766076223,1.000006375283293,-1.000003942296294,-1.0000089554457905,1.0000000072867163,-1.000011409343933,0.9999993926401157,1.0000060724509297,1.000009194829134,-1.0000103351749723,-0.9999973491946487,-0.9999973491946504,1.000011005848916,1.00001168948739,0.9999960524193836,0.9999960524193844,-0.9999956070252488
-1.0000095220436276,1.0000090952287313,-1.0000073939036949,1.000004960916137,1.0000097230291969,-1.000011409343933,1.0000000087507468,-1.0000004112586027,-1.0000070910714194,-1.000010213450375,1.0000113537962976,0.9999983678124582,0.9999983678124585,-1.0000122755078962,-1.000012959146271,-0.9999970710367764,-0.9999970710367775,0.9999966256425029
0.9999977563786813,-0.9999973295652844,0.999995628249366,-0.9999934463076227,-0.9999979573661557,0.9999993926401157,-1.0000004112586027,0.9999999918403725,0.9999953254164328,0.9999984477844958,-0.9999995881284716,-0.9999868532317082,-0.9999868532317077,1.000000258801378,1.000000942440231,0.9999853054240223,0.9999853054240212,-0.9999848600316477
1.000004436188069,-1.0000042604112926,1.0000023080521434,-1.00000012610493,-1.0000046371746292,1.0000060724509297,-1.0000070910714194,0.9999953254164328,1.000000001441018,1.000005127594697,-1.0000062679402353,-0.9999932819736417,-0.9999932819736433,1.0000069386140251,1.000007622252944,0.9999919852000004,0.9999919851999999,-0.9999915398064146
1.0000075585659636,-1.000007382788796,1.0000054304272425,-1.0000029974402678,-1.0000080105896247,1.000009194829134,-1.000010213450375,0.9999984477844958,1.000005127594697,1.0000000059287062,-1.0000096413564805,-0.9999964043393004,-0.9999964043393023,1.0000100609929359,1.0000107446317128,0.9999951075641825,0.9999951075641824,-0.9999946621700965
-1.000008698912064,1.0000082720972137,-1.000006570772626,1.0000041377852964,1.000008899897839,-1.0000103351749723,1.0000113537962976,-0.9999995881284716,-1.0000062679402353,-1.0000096413564805,1.0000000075676876,0.999997544682713,0.9999975446827143,-1.000011452376488,-1.0000118849774229,-0.9999962479072599,-0.9999962479072588,0.9999958025130623
-0.9999957129337901,0.9999952861207222,-0.999993584806607,0.9999911518290806,0.9999959139215143,-0.9999973491946487,0.9999983678124582,-0.9999868532317082,-0.9999932819736417,-0.9999964043393004,0.999997544682713,0.9999999889034098,0.9999845587589815,-0.9999982153552953,-0.9999988989940618,-0.9999835130276886,-0.999983261990071,0.9999828165980961
-0.9999957129337914,0.9999952861207243,-0.999993584806607,0.9999911518290812,0.9999959139215132,-0.9999973491946504,0.9999983678124585,-0.9999868532317077,-0.9999932819736433,-0.9999964043393023,0.9999975446827143,0.9999845587589815,0.9999999889034098,-0.9999982153552953,-0.9999988989940636,-0.9999832619900746,-0.9999835130276846,0.9999828165980968
1.0000093695861734,-1.000008942771284,1.0000072414463241,-1.0000048084587974,-1.0000095705717849,1.000011005848916,-1.0000122755078962,1.000000258801378,1.0000069386140251,1.0000100609929359,-1.000011452376488,-0.9999982153552953,-0.9999982153552953,1.0000000085316252,1.0000125556512827,0.9999969185796503,0.999996918579649,-0.9999964731853886
1.00001005322511,-1.0000096264102398,1.0000079250850797,-1.000005492097685,-1.0000102542104843,1.00001168948739,-1.000012959146271,1.000000942440231,1.000007622252944,1.0000107446317128,-1.0000118849774229,-0.9999988989940618,-0.9999988989940636,1.0000125556512827,1.0000000095141954,0.9999976022183829,0.999997602218381,-0.9999971568241112
0.9999944161588523,-0.9999939893459872,0.999992288032992,-0.9999898550565884,-0.9999946171467416,0.9999960524193836,-0.9999970710367764,0.9999853054240223,0.9999919852000004,0.9999951075641825,-0.9999962479072599,-0.9999835130276886,-0.9999832619900746,0.9999969185796503,0.9999976022183829,0.9999999870396075,0.9999819652218883,-0.9999817708677645
0.9999944161588507,-0.9999939893459853,0.9999922880329918,-0.9999898550565873,-0.9999946171467415,0.9999960524193844,-0.9999970710367775,0.9999853054240212,0.9999919851999999,0.9999951075641824,-0.9999962479072588,-0.999983261990071,-0.9999835130276846,0.999996918579649,0.999997602218381,0.9999819652218883,0.9999999870396075,-0.9999817708677634
-0.9999939707648244,0.9999935439520297,-0.999991842639418,0.9999894096633911,0.9999941717527727,-0.9999956070252488,0.9999966256425029,-0.9999848600316477,-0.9999915398064146,-0.9999946621700965,0.9999958025130623,0.9999828165980961,0.9999828165980968,-0.9999964731853886,-0.9999971568241112,-0.9999817708677645,-0.9999817708677634,0.9999999863994609
