0.99999999822673,-0.999996909609123,0.994110341499616,0.865818089996346,0.7934156611071812,0.9854932428279615,-0.985491396056831,-0.9854953650341122,0.9860119035473356,0.9849602976228459,0.9854965423746811,0.985496542374684,0.1657853960456504,-0.33879123115865467,0.07054407949835434,0.3823913762188608,-0.07054376220685292,-0.27992880005833015,-0.9854976489473304,0.9854986535728288,0.9854978463584395,0.9854978463584496,-0.9854976489473378,-0.985500662202263,0.9855023904073938,-0.9855032053260642,-0.9855032053260595,0.9855037213862503,-0.985503859232304,-0.9855040502267428,0.9855040502028358,-0.9855039915385425,0.9855037213862475,0.9855039787389569,0.9855039787389583,-0.9855040502267386,-0.985503844641109,0.9855037802238443,0.9855039526410522,0.9855039526410624,-0.9855038446411111,-0.9855038565759445,-0.9803790331047028,-0.9919236324907064,-0.9149244296767042,-0.38239447321982606,-0.8658185357471517,-0.25902049418765577,0.9838714482100269,0.9532617307449182,0.989394328047596,-0.9865235180843195,-0.9844203287261252,-0.9838708876716439
-0.999996909609123,0.9999999973055861,-0.9941097255285506,-0.8658174687008711,-0.7934153369868193,-0.9854925659038616,0.9854907191324096,0.9854946881102271,-0.9860112269739439,-0.9849596203531337,-0.985495865450889,-0.9854958654508927,-0.16578491271617968,0.338790650430937,-0.07054428081479634,-0.3823909199108667,0.07054396352350654,0.27992864246543436,0.9854969720238211,-0.985497976649903,-0.9854971694346959,-0.9854971694347063,0.9854969720238277,0.985499985280614,-0.9855017134872127,0.9855025284066,0.9855025284065969,-0.9855030444675594,0.9855031823142263,0.985503373308078,-0.9855033732858762,0.9855033146227135,-0.985503044467558,-0.9855033018236152,-0.9855033018236159,0.9855033733080734,0.9855031677262163,-0.9855031033091064,-0.9855032757262366,-0.9855032757262474,0.9855031677262184,0.9855031796612806,0.9803783533048919,0.9919229610746665,0.9149237456906401,0.3823940169102384,0.8658178617549366,0.2590205442823508,-0.9838707702681156,-0.9532610448153301,-0.9893936541151293,0.9865228418681208,0.9844196511172375,0.9838702097301499
0.994110341499616,-0.9941097255285506,0.9999999940472238,0.9149205755990227,0.7228110317305533,0.9980710116923834,-0.9980692753540004,-0.9980730465498917,0.9982559690366961,0.9978720079972081,0.9980741912283504,0.9980741912283537,0.19360257435870978,-0.41645100062241625,0.10319466479115813,0.4802302895399507,-0.10319435229216418,-0.36057575547696885,-0.9980752834755545,0.9980763181410642,0.9980754585503779,0.998075458550389,-0.9980752834755604,-0.998078407068847,0.9980802344189442,-0.9980811105070766,-0.9980811105070738,0.9980817088302667,-0.9980819785446219,-0.998082011157245,0.9980824467604483,-0.9980826598123459,0.9980817088302643,0.9980827733692716,0.998082773369273,-0.9980820111572419,-0.9980827368583268,0.9980827072851074,0.9980828772137493,0.9980828772137605,-0.9980827368583283,-0.9980828203398044,-0.9959568294718918,-0.9998175790107426,-0.953259027732239,-0.48023322750489317,-0.9149209527554905,-0.1528698070009403,0.9974505513104328,0.9803774083876731,0.9992980702428881,-0.9984336669304978,-0.9976657808620829,-0.9974499517075669
0.865818089996346,-0.8658174687008711,0.9149205755990227,0.9999999982383634,0.382400248741057,0.9381572254523273,-0.9381560863943427,-0.9381587171038086,0.9370789824900821,0.9392238122399634,0.9381596175968464,0.9381596175968502,0.27654602492629293,-0.6612687373265606,0.21380699921915694,0.7934099474345709,-0.2138067380104569,-0.6224937230072245,-0.938160539590204,0.9381615754688652,0.938160612708884,0.9381606127088932,-0.9381605395902092,-0.9381637400603425,0.9381657412835679,-0.9381667515415973,-0.9381667515415929,0.9381675923500532,-0.9381683245454838,-0.9381677635374832,0.9381697756792994,-0.9381709783490683,0.9381675923500487,0.938171550560419,0.9381715505604196,-0.93816776353748,-0.9381718815638741,0.9381719849835883,0.9381721274592724,0.9381721274592815,-0.9381718815638757,-0.9381722226969457,-0.9474473936381569,-0.9222642958139621,-0.9941121045683589,-0.7934120311868562,-0.9999976552346107,0.2590133320204622,0.9413342183152472,0.9765263097314509,0.9292893123538541,-0.9359934620454596,-0.9402832040792627,-0.9413335373048427
0.7934156611071812,-0.7934153369868193,0.7228110317305533,0.382400248741057,0.9999999997027821,0.6786307236435263,-0.6786286989007171,-0.6786328280996479,0.6809002023154959,0.6763490457258544,0.6786339068297387,0.678633906829741,-0.03026364225711931,0.17878972114549593,-0.1298224382696957,-0.2590231001304556,0.1298227064476075,0.240320352871818,-0.6786348287191633,0.6786354238041971,0.6786351043262163,0.6786351043262243,-0.6786348287191671,-0.6786364998944655,0.6786372568665843,-0.6786375327907578,-0.678637532790758,0.6786374629524066,-0.6786368267992344,-0.6786378619682417,0.6786354141660088,-0.67863384279138,0.6786374629524047,0.6786331230630348,0.678633123063037,-0.6786378619682379,-0.6786324727632134,0.6786322279955077,0.6786323730746352,0.6786323730746445,-0.6786324727632158,-0.6786320798167764,-0.6578849599536161,-0.7098392776977084,-0.48024374290817967,0.2590198517190108,-0.3824009731008359,-0.7934171430684981,0.6717709884229903,0.57243355161698,0.6966225596951945,-0.683165521937343,-0.6740631498892068,-0.6717707817316707
0.9854932428279615,-0.9854925659038616,0.9980710116923834,0.9381572254523273,0.6786307236435263,0.9999999919417626,-0.9999870503991708,-0.999990688736819,0.99998187693886,0.9999816104636181,0.9999917560344733,0.9999917560344754,0.20846955004994858,-0.4586384413024458,0.12132681240840479,0.5336239901543954,-0.12132650430024423,-0.40478117021390725,-0.9999928343599167,0.9999938807752252,0.9999929957385503,0.9999929957385604,-0.9999928343599228,-0.9999960046592242,0.9999978791212466,-0.9999987855924505,-0.9999987855924461,0.9999994278214279,-0.9999997715266855,-0.999999713399038,1.000000395818843,-1.0000007631292502,0.999999427821424,1.000000948343814,1.0000009483438148,-0.9999997133990342,-1.0000009678309638,1.000000958339106,1.0000011259478094,1.0000011259478199,-1.0000009678309658,-1.0000010917844435,-0.9996005627110058,-0.9990483636666949,-0.9701375693600123,-0.5336268216903743,-0.9381575614014092,-0.09138008197959285,0.999943902222876,0.9906992770080446,0.9996806026272432,-0.9999677491251376,-0.9999672597236059,-0.9999432834529068
-0.985491396056831,0.9854907191324096,-0.9980692753540004,-0.9381560863943427,-0.6786286989007171,-0.9999870503991708,0.9999999895763821,0.9999889719110436,-0.9999802618122954,-0.9999800028897041,-0.9999900918888646,-0.9999900918888681,-0.20847445363097764,0.4586415603465884,-0.12132199729178984,-0.5336241332856072,0.12132168918412761,0.40477828276792627,0.9999911701969573,-0.9999922165933527,-0.9999913315760434,-0.9999913315760542,0.9999911701969637,0.9999943404388643,-0.9999962148630841,0.999997121315976,0.9999971213159713,-0.9999977635285652,0.9999981072218465,0.9999980491035596,-0.9999987314919492,0.9999990987827325,-0.9999977635285618,-0.9999992839884996,-0.999999283988501,0.999998049103555,0.9999993034691946,-0.999999293975258,-0.9999994615834841,-0.9999994615834942,0.9999993034691965,0.9999994274181631,0.9995989333220789,0.9990466483313661,0.9701362506934672,0.5336269648121454,0.9381564223429636,0.0913787158211434,-0.9999422495898743,-0.9906977942544108,-0.9996789088859247,0.9999660775610447,0.9999656032649406,0.9999416308218225
-0.9854953650341122,0.9854946881102271,-0.9980730465498917,-0.9381587171038086,-0.6786328280996479,-0.999990688736819,0.9999889719110436,0.9999999947480327,-0.9999838543483042,-0.9999835814235623,-0.9999937830208945,-0.9999937830208968,-0.20846456693943113,0.45863546844281494,-0.12133190239067211,-0.533624163084563,0.12133159428192987,0.404784422872749,0.9999948086679764,-0.9999958551029556,-0.9999949700462276,-0.999994970046239,0.9999948086679833,0.9999979790269133,-0.999999853528117,1.000000760018315,1.0000007600183105,-1.0000014022643002,1.0000017459821458,1.000001687844548,-1.0000023702975518,1.0000027376286609,-1.0000014022642962,-1.000002922852519,-1.0000029228525198,1.0000016878445444,1.0000029423464691,-1.0000029328568119,-1.0000031004660146,-1.000003100466025,1.0000029423464711,1.0000030663047323,0.9996025070826402,0.9990503811294233,0.970139232083003,0.5336269946306833,0.9381590530532649,0.09138129919448157,-0.9999458666361821,-0.9907010912318118,-0.9996826019999245,0.9999697297191191,0.999969227418506,0.999945247863955
0.9860119035473356,-0.9860112269739439,0.9982559690366961,0.9370789824900821,0.6809002023154959,0.99998187693886,-0.9999802618122954,-0.9999838543483042,0.9999999891108585,0.999965227413927,0.9999849756570812,0.999984975657084,0.2077516822206618,-0.4565742032321888,0.12042410986597367,0.5310018525340078,-0.12042380151066125,-0.40260269865223436,-0.9999860547534859,0.999987100650324,0.9999862168327251,0.9999862168327361,-0.9999860547534911,-0.9999892229261202,0.9999910951499468,-0.9999920001585161,-0.9999920001585112,0.9999926402268664,-0.9999929802452815,-0.9999929266648621,0.999993596755686,-0.9999939563551654,0.9999926402268636,0.9999941379895573,0.999994137989558,-0.9999929266648575,-0.9999941546680456,0.9999941441678037,0.9999943119072257,0.9999943119072381,-0.9999941546680481,-0.9999942766018626,-0.9995074366382061,-0.9991758356381113,-0.9693800809489442,-0.5310046896402164,-0.9370793205307406,-0.09446270752578859,0.9999083284317355,0.9902714539918359,0.9997505462190794,-0.9999801935460852,-0.9999412815967877,-0.999907710566701
0.9849602976228459,-0.9849596203531337,0.9978720079972081,0.9392238122399634,0.6763490457258544,0.9999816104636181,-0.9999800028897041,-0.9999835814235623,0.999965227413927,0.9999999887489261,0.9999847000447656,0.9999847000447694,0.20920009290501654,-0.46070794930831765,0.12221427627113357,0.5362419796540561,-0.12221396841436118,-0.40694766007953276,-0.999985777538314,0.9999868244068295,0.9999859382162385,0.9999859382162496,-0.99998577753832,-0.9999889497662594,0.9999908263379761,-0.9999917342096001,-0.999991734209595,0.999992378545091,-0.9999927258989328,-0.9999926632519445,0.9999933579025494,-0.9999937328630654,0.999992378545088,0.9999939216303693,0.99999392163037,-0.9999926632519401,-0.9999939439070984,0.9999939354176298,0.9999941028926854,0.9999941028926979,-0.9999939439070997,-0.9999940698659256,-0.9996799648190633,-0.9989069028240442,-0.9708825625474714,-0.5362448055662762,-0.93922414609295,-0.08829238275340029,0.9999656761629437,0.9911139128240732,0.9995967324713975,-0.9999414979470955,-0.9999794784929141,-0.9999650564991301
0.9854965423746811,-0.985495865450889,0.9980741912283504,0.9381596175968464,0.6786339068297387,0.9999917560344733,-0.9999900918888646,-0.9999937830208945,0.9999849756570812,0.9999847000447656,0.9999999963400589,0.9999948503448562,0.20846205569816081,-0.458634058978143,0.12133455619945975,0.5336243937680255,-0.12133424809039002,-0.40478620558697825,-0.9999959813944569,0.9999969751428872,0.999996090076041,0.9999960900760511,-0.9999959286979085,-0.9999990990870972,1.000000973608093,-1.000001880107889,-1.0000018801078845,1.000002522362467,-1.0000028660867635,-1.0000028079440002,1.0000034904141157,-1.0000038577558725,1.0000025223624631,1.0000040429845185,1.0000040429845198,-1.0000028079439962,-1.0000040624819604,1.0000040529934395,1.0000042206028856,1.000004220602897,-1.000004062481963,-1.0000041864426945,-0.9996036145070814,-0.9990515188497324,-0.9701402133746111,-0.5336272253195127,-0.9381599535464352,-0.09138183361859853,0.9999469825158821,0.9907021417720802,0.9996837323699391,-0.999970852349453,-0.9999703446736695,-0.9999463637423539
0.985496542374684,-0.9854958654508927,0.9980741912283537,0.9381596175968502,0.678633906829741,0.9999917560344754,-0.9999900918888681,-0.9999937830208968,0.999984975657084,0.9999847000447694,0.9999948503448562,0.9999999963400589,0.2084620556981627,-0.45863405897814397,0.12133455619945838,0.5336243937680252,-0.12133424809038877,-0.4047862055869779,-0.9999959286979044,0.9999969751428911,0.9999960900760434,0.9999960900760534,-0.9999959813944688,-0.9999990990870999,1.0000009736080957,-1.0000018801078918,-1.0000018801078878,1.00000252236247,-1.000002866086768,-1.0000028079440029,1.0000034904141186,-1.0000038577558752,1.000002522362467,1.000004042984522,1.0000040429845234,-1.0000028079439989,-1.0000040624819646,1.0000040529934429,1.000004220602889,1.0000042206029005,-1.000004062481966,-1.0000041864426965,-0.9996036145070845,-0.9990515188497355,-0.9701402133746144,-0.5336272253195132,-0.9381599535464373,-0.09138183361860017,0.9999469825158851,0.990702141772084,0.9996837323699418,-0.9999708523494565,-0.9999703446736729,-0.9999463637423577
0.1657853960456504,-0.16578491271617968,0.19360257435870978,0.27654602492629293,-0.03026364225711931,0.20846955004994858,-0.20847445363097764,-0.20846456693943113,0.2077516822206618,0.20920009290501654,0.20846205569816081,0.2084620556981627,1.0000000002856135,-0.8090173964800186,-0.8090177598784122,0.3090163167170571,0.8090177675216117,0.3090182331636917,-0.20845946924139971,0.20845681936044802,0.20845952965323503,0.20845952965323508,-0.2084594692414005,-0.20845153799126678,0.2084463111138786,-0.20844379229157398,-0.20844379229157223,0.208441466130953,-0.20843967094662308,-0.20844121897826687,0.20843636548003336,-0.20843332511452012,0.20844146613095182,0.20843197221469553,0.20843197221469492,-0.20844121897826368,-0.20843092520676068,0.20843057440433896,0.20843060242225633,0.20843060242225753,-0.20843092520675993,-0.2084302507146805,-0.21492215484051402,-0.19814661724375546,-0.2589718365021326,-0.30901597589710583,-0.2765461398376488,0.21380904290030642,0.21064514428123168,0.23834965349137183,0.20262184770802666,-0.2070268020273456,-0.20992366484805122,-0.2106452254051311
-0.33879123115865467,0.338790650430937,-0.41645100062241625,-0.6612687373265606,0.17878972114549593,-0.4586384413024458,0.4586415603465884,0.45863546844281494,-0.4565742032321888,-0.46070794930831765,-0.458634058978143,-0.45863405897814397,-0.8090173964800186,1.000000000216043,0.3090179427914782,-0.8090166595750131,-0.30901803965156616,0.3090157986394869,0.4586326807726038,-0.4586314699959639,-0.4586326531385056,-0.4586326531385089,0.45863268077260677,0.45862916623035505,-0.4586269205231036,0.45862590413404464,0.45862590413404014,-0.4586250381163053,0.4586246606574468,0.4586248335091132,-0.4586241303863391,0.45862366806749677,-0.4586250381163031,-0.4586234946257236,-0.45862349462572227,0.4586248335091101,0.45862332613867196,-0.45862327579693196,-0.4586233260918822,-0.4586233260918857,0.45862332613867046,0.45862328964672366,0.47707450686801056,0.42928496425035106,0.6067697044387915,0.8090163858538789,0.6612685659051986,-0.6225013876003109,-0.4648283322079204,-0.5451298269979876,-0.44197023602387464,0.4545026229950681,0.46277021805409496,0.4648280265341964
0.07054407949835434,-0.07054428081479634,0.10319466479115813,0.21380699921915694,-0.1298224382696957,0.12132681240840479,-0.12132199729178984,-0.12133190239067211,0.12042410986597367,0.12221427627113357,0.12133455619945975,0.12133455619945838,-0.8090177598784122,0.3090179427914782,1.000000000131117,0.3090170036751006,-1.0000002379545376,-0.8090174106802074,-0.121337362968598,0.12134043978904474,0.12133723758602936,0.1213372375860327,-0.1213373629685991,-0.12134668145748043,0.1213528930148252,-0.12135595216550472,-0.12135595216550325,0.12135884995445818,-0.1213613771646015,-0.12135904524861593,0.12136619525022596,-0.12137065234571809,0.12135884995445832,0.12137266794163536,0.12137266794163559,-0.12135904524861749,-0.12137419354893947,0.12137471081742361,0.1213747157783097,0.12137471577831127,-0.12137419354893957,-0.12137524840795186,-0.12932233562361478,-0.10867620593669323,-0.1877436072775189,-0.309017334107163,-0.21380664186722662,0.2765508491370589,0.12399651500348385,0.15947113978537691,0.11412039633891151,-0.11952541140733194,-0.12310578005360699,-0.12399607806907641
0.3823913762188608,-0.3823909199108667,0.4802302895399507,0.7934099474345709,-0.2590231001304556,0.5336239901543954,-0.5336241332856072,-0.533624163084563,0.5310018525340078,0.5362419796540561,0.5336243937680255,0.5336243937680252,0.3090163167170571,-0.8090166595750131,0.3090170036751006,1.0000000000244242,-0.3090169072916172,-0.8090168546647082,-0.5336247502453021,0.5336254410523348,0.533624645120748,0.533624645120753,-0.5336247502453059,-0.5336269948581006,0.5336285881120585,-0.5336294623857629,-0.5336294623857585,0.5336303873031008,-0.5336315717479347,-0.5336303033950937,0.5336340192209682,-0.5336363115414373,0.5336303873030991,0.5336373838077222,0.5336373838077212,-0.5336303033950912,-0.5336381581986177,0.5336384275466123,0.5336384809078184,0.5336384809078235,-0.5336381581986173,-0.533638773646062,-0.5570015483677966,-0.49645202541976585,-0.7228029431661694,-1.000000070261354,-0.7934095551581593,0.7934186547428412,0.5414638439675964,0.6436897951719844,0.51250198490813,-0.5283748474009092,-0.5388552266956236,-0.5414632682525422
-0.07054376220685292,0.07054396352350654,-0.10319435229216418,-0.2138067380104569,0.1298227064476075,-0.12132650430024423,0.12132168918412761,0.12133159428192987,-0.12042380151066125,-0.12221396841436118,-0.12133424809039002,-0.12133424809038877,0.8090177675216117,-0.30901803965156616,-1.0000002379545376,-0.3090169072916172,1.0000000001322145,0.8090172988926836,0.12133705485922036,-0.12134013167938494,-0.12133692947659264,-0.12133692947659587,0.12133705485922126,0.12134637334725458,-0.12135258490412011,0.12135564405457706,0.12135564405457563,-0.12135854184340579,0.12136106905355434,0.12135873713745358,-0.12136588713921878,0.12137034423482593,-0.12135854184340578,-0.12137235983079184,-0.1213723598307921,0.12135873713745494,0.12137388543817239,-0.12137440270668923,-0.1213744076675201,-0.1213744076675218,0.12137388543817261,0.12137494029720607,0.12932202987807434,0.1086758946299534,0.187743327876049,0.3090172377226769,0.21380638065837004,-0.27655095739909263,-0.1239962076568536,-0.15947084547984985,-0.11412008633194975,0.11952510280715627,0.12310547245050729,0.12399577072260787
-0.27992880005833015,0.27992864246543436,-0.36057575547696885,-0.6224937230072245,0.240320352871818,-0.40478117021390725,0.40477828276792627,0.404784422872749,-0.40260269865223436,-0.40694766007953276,-0.40478620558697825,-0.4047862055869779,0.3090182331636917,0.3090157986394869,-0.8090174106802074,-0.8090168546647082,0.8090172988926836,1.000000000085939,0.4047881605808372,-0.4047904891028545,-0.40478801811943654,-0.40478801811944143,0.40478816058084044,0.40479530697123556,-0.4048001306104466,0.4048025616006995,0.4048025616006958,-0.4048049241635711,0.40480721809311165,0.4048049930038216,-0.4048117084565164,0.4048158798262671,-0.40480492416357006,-0.4048177882306304,-0.4048177882306297,0.40480499300382067,0.4048192097082136,-0.40481969586412325,-0.40481973190903364,-0.4048197319090373,0.40481920970821267,0.4048202420146572,0.42417080598069107,0.37398912090321396,0.5627480924541787,0.8090169958007045,0.6224932597110211,-0.6612777562474459,-0.41127643492524124,-0.49638009953706946,-0.3872732388918487,0.40042369346863027,0.40911371575905786,0.41127580907374045
-0.9854976489473304,0.9854969720238211,-0.9980752834755545,-0.938160539590204,-0.6786348287191633,-0.9999928343599167,0.9999911701969573,0.9999948086679764,-0.9999860547534859,-0.999985777538314,-0.9999959813944569,-0.9999959286979044,-0.20845946924139971,0.4586326807726038,-0.121337362968598,-0.5336247502453021,0.12133705485922036,0.4047881605808372,0.9999999978728707,-0.9999981062119819,-0.9999972211352783,-0.9999971684387332,0.9999970070605713,1.0000001774794398,-1.0000020520197226,1.0000029585288703,1.0000029585288652,-1.0000036007918691,1.0000039445227162,1.0000038863744947,-1.0000045688622585,1.000004936214961,-1.000003600791865,-1.000005121448535,-1.0000051214485355,1.0000038863744902,1.0000051409495856,-1.000005131462258,-1.0000052990718789,-1.0000052990718904,1.0000051409495874,1.0000052649128655,0.9996046851570116,0.9990526073476093,0.970141196688629,0.5336275818018732,0.9381608755396981,0.09138218993051683,-0.9999480583534778,-0.9907031748333364,-0.9996848167434559,0.9999719322252111,0.9999714213437209,0.9999474395784941
0.9854986535728288,-0.985497976649903,0.9980763181410642,0.9381615754688652,0.6786354238041971,0.9999938807752252,-0.9999922165933527,-0.9999958551029556,0.999987100650324,0.9999868244068295,0.9999969751428872,0.9999969751428911,0.20845681936044802,-0.4586314699959639,0.12134043978904474,0.5336254410523348,-0.12134013167938494,-0.4047904891028545,-0.9999981062119819,0.9999999993603418,0.9999982148938533,0.9999982148938648,-0.9999981062119896,-1.0000012766591277,1.0000030985209791,-1.0000040050389236,-1.0000040050389207,1.0000046473099422,-1.0000049910475106,-1.0000049328932734,1.0000056153997068,-1.0000059827639165,1.000004647309937,1.0000061680026937,1.0000061680026957,-1.0000049328932692,-1.0000061875075716,1.0000061780215466,1.0000063456312136,1.0000063456312247,-1.0000061875075725,-1.0000063114735454,-0.9996057354897467,-0.9990536459454994,-0.9701422497984831,-0.5336282726134085,-0.9381619114178184,-0.0913821296051742,0.999949106140758,0.9907042327801285,0.9996858589160892,-0.999972977613934,-0.9999724686758641,-0.9999484873639833
0.9854978463584395,-0.9854971694346959,0.9980754585503779,0.938160612708884,0.6786351043262163,0.9999929957385503,-0.9999913315760434,-0.9999949700462276,0.9999862168327251,0.9999859382162385,0.999996090076041,0.9999960900760434,0.20845952965323503,-0.4586326531385056,0.12133723758602936,0.533624645120748,-0.12133692947659264,-0.40478801811943654,-0.9999972211352783,0.9999982148938533,0.9999999981022589,0.9999973298168151,-0.9999971684387289,-1.0000003388585446,1.0000022133995132,-1.0000031199089825,-1.000003119908979,1.0000037621721873,-1.0000041059029328,-1.0000040477550316,1.0000047302422104,-1.0000050975945685,1.0000037621721827,1.0000052828279797,1.0000052828279808,-1.0000040477550274,-1.0000053023288829,1.000005292841488,1.000005460451191,1.0000054604512016,-1.0000053023288846,-1.0000054262920737,-0.9996048401694424,-0.9990527783821151,-0.9701412984103444,-0.53362747667806,-0.9381609486586547,-0.09138242986194822,0.9999482176244605,0.9907033039604454,0.9996849836784989,-0.9999720950030894,-0.9999715813189456,-0.9999475988495464
0.9854978463584496,-0.9854971694347063,0.998075458550389,0.9381606127088932,0.6786351043262243,0.9999929957385604,-0.9999913315760542,-0.999994970046239,0.9999862168327361,0.9999859382162496,0.9999960900760511,0.9999960900760534,0.20845952965323508,-0.4586326531385089,0.1213372375860327,0.533624645120753,-0.12133692947659587,-0.40478801811944143,-0.9999971684387332,0.9999982148938648,0.9999973298168151,0.9999999981022589,-0.9999972211352939,-1.0000003388585557,1.0000022133995234,-1.0000031199089934,-1.000003119908989,1.0000037621721982,-1.0000041059029445,-1.0000040477550427,1.0000047302422208,-1.0000050975945782,1.0000037621721947,1.0000052828279913,1.0000052828279915,-1.0000040477550383,-1.000005302328894,1.0000052928414989,1.0000054604512012,1.000005460451212,-1.0000053023288957,-1.000005426292084,-0.999604840169452,-0.999052778382125,-0.9701412984103548,-0.5336274766780656,-0.9381609486586635,-0.09138242986194957,0.9999482176244705,0.9907033039604551,0.9996849836785084,-0.9999720950031,-0.9999715813189569,-0.9999475988495565
-0.9854976489473378,0.9854969720238277,-0.9980752834755604,-0.9381605395902092,-0.6786348287191671,-0.9999928343599228,0.9999911701969637,0.9999948086679833,-0.9999860547534911,-0.99998577753832,-0.9999959286979085,-0.9999959813944688,-0.2084594692414005,0.45863268077260677,-0.1213373629685991,-0.5336247502453059,0.12133705485922126,0.40478816058084044,0.9999970070605713,-0.9999981062119896,-0.9999971684387289,-0.9999972211352939,0.9999999978728707,1.0000001774794465,-1.0000020520197292,1.0000029585288768,1.0000029585288728,-1.0000036007918756,1.000003944522723,1.0000038863745002,-1.0000045688622654,1.0000049362149677,-1.0000036007918716,-1.000005121448541,-1.0000051214485426,1.0000038863744964,1.0000051409495925,-1.0000051314622647,-1.000005299071885,-1.0000052990718964,1.000005140949594,1.0000052649128703,0.9996046851570175,0.9990526073476156,0.970141196688635,0.5336275818018766,0.9381608755397045,0.09138218993051712,-0.9999480583534842,-0.9907031748333409,-0.9996848167434617,0.9999719322252171,0.9999714213437267,0.9999474395785003
-0.985500662202263,0.985499985280614,-0.998078407068847,-0.9381637400603425,-0.6786364998944655,-0.9999960046592242,0.9999943404388643,0.9999979790269133,-0.9999892229261202,-0.9999889497662594,-0.9999990990870972,-0.9999990990870999,-0.20845153799126678,0.45862916623035505,-0.12134668145748043,-0.5336269948581006,0.12134637334725458,0.40479530697123556,1.0000001774794398,-1.0000012766591277,-1.0000003388585446,-1.0000003388585557,1.0000001774794465,1.000000002379464,-1.0000052752723838,1.0000061291109525,1.0000061291109468,-1.0000067713976686,1.0000071151486338,1.000007056982218,-1.0000077395261135,1.00000810691337,-1.000006771397665,-1.0000082921625788,-1.00000829216258,1.000007056982213,1.0000083116751322,-1.0000083021917348,-1.000008469801435,-1.000008469801447,1.0000083116751328,1.0000084356465138,0.9996078723259644,0.9990557461844903,0.9701444307697238,0.533629826428041,0.9381640760080185,0.09138182855025397,-0.9999512344764538,-0.9907064044630745,-0.9996879697431408,0.9999750983026734,0.9999745955320236,0.9999506156959116
0.9855023904073938,-0.9855017134872127,0.9980802344189442,0.9381657412835679,0.6786372568665843,0.9999978791212466,-0.9999962148630841,-0.999999853528117,0.9999910951499468,0.9999908263379761,1.000000973608093,1.0000009736080957,0.2084463111138786,-0.4586269205231036,0.1213528930148252,0.5336285881120585,-0.12135258490412011,-0.4048001306104466,-1.0000020520197226,1.0000030985209791,1.0000022133995132,1.0000022133995234,-1.0000020520197292,-1.0000052752723838,1.0000000050440947,-1.0000080564519616,-1.000008056451959,1.0000086460573674,-1.000008989821585,-1.0000089316429193,1.0000096142241401,-1.0000099816343597,1.0000086460573632,1.0000101668939663,1.0000101668939663,-1.000008931642915,-1.0000101864141986,1.000010176933447,1.0000103445431094,1.0000103445431214,-1.0000101864141993,-1.000010310390975,-0.9996097655266767,-0.9990575883895517,-0.9701464192456244,-0.5336314196897999,-0.9381660772297308,-0.09138130153230963,0.9999531152984222,0.9907083567895895,0.9996898261691242,-0.9999769683110205,-0.9999764742363192,-0.9999524965141833
-0.9855032053260642,0.9855025284066,-0.9980811105070766,-0.9381667515415973,-0.6786375327907578,-0.9999987855924505,0.999997121315976,1.000000760018315,-0.9999920001585161,-0.9999917342096001,-1.000001880107889,-1.0000018801078918,-0.20844379229157398,0.45862590413404464,-0.12135595216550472,-0.5336294623857629,0.12135564405457706,0.4048025616006995,1.0000029585288703,-1.0000040050389236,-1.0000031199089825,-1.0000031199089934,1.0000029585288768,1.0000061291109525,-1.0000080564519616,1.0000000063327015,1.0000089103151626,-1.0000096053211274,1.0000098963953539,1.0000098382105627,-1.0000105208103607,1.0000108882320087,-1.0000095526245711,-1.0000110734967933,-1.0000110734967944,1.0000098382105584,1.0000110930208583,-1.0000110835414286,-1.0000112511510617,-1.0000112511510733,1.0000110930208592,1.000011217000325,0.9996106844817494,0.999058473939748,0.970147410616576,0.5336322939670758,0.9381670874869348,0.09138092445856073,-0.9999540259859832,-0.9907093176063346,-0.9996907208765874,0.9999778718679897,0.9999773835195016,0.999953407199905
-0.9855032053260595,0.9855025284065969,-0.9980811105070738,-0.9381667515415929,-0.678637532790758,-0.9999987855924461,0.9999971213159713,1.0000007600183105,-0.9999920001585112,-0.999991734209595,-1.0000018801078845,-1.0000018801078878,-0.20844379229157223,0.45862590413404014,-0.12135595216550325,-0.5336294623857585,0.12135564405457563,0.4048025616006958,1.0000029585288652,-1.0000040050389207,-1.000003119908979,-1.000003119908989,1.0000029585288728,1.0000061291109468,-1.000008056451959,1.0000089103151626,1.0000000063327015,-1.0000095526245696,1.00000989639535,1.0000098382105596,-1.0000105208103567,1.000010888232004,-1.0000096053211176,-1.0000110734967882,-1.0000110734967897,1.0000098382105558,1.0000110930208534,-1.000011083541425,-1.000011251151058,-1.000011251151069,1.0000110930208543,1.0000112170003201,0.9996106844817452,0.9990584739397448,0.9701474106165712,0.5336322939670707,0.9381670874869296,0.09138092445856344,-0.9999540259859787,-0.9907093176063294,-0.9996907208765824,0.9999778718679864,0.9999773835194977,0.9999534071999014
0.9855037213862503,-0.9855030444675594,0.9980817088302667,0.9381675923500532,0.6786374629524066,0.9999994278214279,-0.9999977635285652,-1.0000014022643002,0.9999926402268664,0.999992378545091,1.000002522362467,1.00000252236247,0.208441466130953,-0.4586250381163053,0.12135884995445818,0.5336303873031008,-0.12135854184340579,-0.4048049241635711,-1.0000036007918691,1.0000046473099422,1.0000037621721873,1.0000037621721982,-1.0000036007918756,-1.0000067713976686,1.0000086460573674,-1.0000096053211274,-1.0000095526245696,1.0000000072457056,-1.0000105914146526,-1.000010533223797,1.0000111631452182,-1.0000115305780741,1.0000101949409657,1.0000117158479398,1.000011715847941,-1.0000104805272365,-1.0000117353758038,1.0000117258976917,1.0000118935072528,1.0000118935072633,-1.000011735375806,-1.0000118593579204,-0.9996113456196852,-0.9990590856734394,-0.9701482005954031,-0.5336332188867007,-0.9381679282943788,-0.09138029757580043,0.9999546745528306,0.9907100474591185,0.9996913458104025,-0.9999785097871693,-0.9999780299730774,-0.9999540557650899
-0.985503859232304,0.9855031823142263,-0.9980819785446219,-0.9381683245454838,-0.6786368267992344,-0.9999997715266855,0.9999981072218465,1.0000017459821458,-0.9999929802452815,-0.9999927258989328,-1.0000028660867635,-1.000002866086768,-0.20843967094662308,0.4586246606574468,-0.1213613771646015,-0.5336315717479347,0.12136106905355434,0.40480721809311165,1.0000039445227162,-1.0000049910475106,-1.0000041059029328,-1.0000041059029445,1.000003944522723,1.0000071151486338,-1.000008989821585,1.0000098963953539,1.00000989639535,-1.0000105914146526,1.0000000077343654,1.0000108243044654,-1.000011559636648,1.0000118743838922,-1.0000105914146467,-1.0000120596587294,-1.0000120596587294,1.000010824304461,1.0000120791903606,-1.000012069713557,-1.0000122373230333,-1.000012237323044,1.0000120791903617,1.000012203175098,0.999611722168494,0.9990593776996226,0.970148821075838,0.5336344033317261,0.9381686604885533,0.09137915025982306,-0.9999550292212196,-0.9907105489238267,-0.9996916600480358,0.9999788461283685,0.9999783809852851,0.9999544104321129
-0.9855040502267428,0.985503373308078,-0.998082011157245,-0.9381677635374832,-0.6786378619682417,-0.999999713399038,0.9999980491035596,1.000001687844548,-0.9999929266648621,-0.9999926632519445,-1.0000028079440002,-1.0000028079440029,-0.20844121897826687,0.4586248335091132,-0.12135904524861593,-0.5336303033950937,0.12135873713745358,0.4048049930038216,1.0000038863744947,-1.0000049328932734,-1.0000040477550316,-1.0000040477550427,1.0000038863745002,1.000007056982218,-1.0000089316429193,1.0000098382105627,1.0000098382105596,-1.000010533223797,1.0000108243044654,1.0000000076516469,-1.0000114487316907,1.000011816164556,-1.0000104805272365,-1.0000120014344231,-1.0000120014344243,1.0000107661136137,1.0000120209622436,-1.0000120114841171,-1.0000121790936947,-1.000012179093706,1.0000120209622452,1.0000121449443469,0.9996116232901748,0.9990593830928146,0.9701484098806429,0.5336331349802025,0.9381680994819864,0.0913806019069262,-0.9999549575157887,-0.9907102923784795,-0.999691638219694,0.9999787970856502,0.999978313809253,0.9999543387278044
0.9855040502028358,-0.9855033732858762,0.9980824467604483,0.9381697756792994,0.6786354141660088,1.000000395818843,-0.9999987314919492,-1.0000023702975518,0.999993596755686,0.9999933579025494,1.0000034904141157,1.0000034904141186,0.20843636548003336,-0.4586241303863391,0.12136619525022596,0.5336340192209682,-0.12136588713921878,-0.4048117084565164,-1.0000045688622585,1.0000056153997068,1.0000047302422104,1.0000047302422208,-1.0000045688622654,-1.0000077395261135,1.0000096142241401,-1.0000105208103607,-1.0000105208103567,1.0000111631452182,-1.000011559636648,-1.0000114487316907,1.0000000086219787,-1.0000125515631577,1.0000111631452153,1.0000126841510963,1.0000126841510961,-1.0000114487316865,-1.0000127036900557,1.0000126942157954,1.0000128618251065,1.0000128618251176,-1.0000127036900561,-1.0000128276798947,-0.9996124158781365,-0.9990598929414402,-0.9701500330002286,-0.5336368508045474,-0.9381701116198126,-0.0913767176740298,0.9999556766802512,0.9907115073792359,0.9996922221386901,-0.9999794548748754,-0.9999790207185371,-0.9999550578885166
-0.9855039915385425,0.9855033146227135,-0.9980826598123459,-0.9381709783490683,-0.67863384279138,-1.0000007631292502,0.9999990987827325,1.0000027376286609,-0.9999939563551654,-0.9999937328630654,-1.0000038577558725,-1.0000038577558752,-0.20843332511452012,0.45862366806749677,-0.12137065234571809,-0.5336363115414373,0.12137034423482593,0.4048158798262671,1.000004936214961,-1.0000059827639165,-1.0000050975945685,-1.0000050975945782,1.0000049362149677,1.00000810691337,-1.0000099816343597,1.0000108882320087,1.000010888232004,-1.0000115305780741,1.0000118743838922,1.000011816164556,-1.0000125515631577,1.0000000091443189,-1.000011530578072,-1.000013104341735,-1.0000131043417326,1.000011816164552,1.000013071191063,-1.0000130617192122,-1.000013229328334,-1.0000132293283448,1.0000130711910644,1.000013195185703,0.9996128521165516,0.9990601523722671,0.9701509904513018,0.5336391431239009,0.9381713142870531,0.09137428282705985,-0.9999560669752392,-0.9907122083471224,-0.9996925278595127,0.9999798067810672,0.9999794033471149,0.999955448181178
0.9855037213862475,-0.985503044467558,0.9980817088302643,0.9381675923500487,0.6786374629524047,0.999999427821424,-0.9999977635285618,-1.0000014022642962,0.9999926402268636,0.999992378545088,1.0000025223624631,1.000002522362467,0.20844146613095182,-0.4586250381163031,0.12135884995445832,0.5336303873030991,-0.12135854184340578,-0.40480492416357006,-1.000003600791865,1.000004647309937,1.0000037621721827,1.0000037621721947,-1.0000036007918716,-1.000006771397665,1.0000086460573632,-1.0000095526245711,-1.0000096053211176,1.0000101949409657,-1.0000105914146467,-1.0000104805272365,1.0000111631452153,-1.000011530578072,1.0000000072457056,1.0000117158479362,1.0000117158479378,-1.0000105332237923,-1.000011735375801,1.0000117258976873,1.0000118935072493,1.0000118935072595,-1.0000117353758025,-1.0000118593579168,-0.9996113456196813,-0.9990590856734352,-0.9701482005953989,-0.5336332188866995,-0.9381679282943757,-0.09138029757579985,0.9999546745528278,0.990710047459115,0.999691345810398,-0.999978509787165,-0.9999780299730737,-0.9999540557650863
0.9855039787389569,-0.9855033018236152,0.9980827733692716,0.938171550560419,0.6786331230630348,1.000000948343814,-0.9999992839884996,-1.000002922852519,0.9999941379895573,0.9999939216303693,1.0000040429845185,1.000004042984522,0.20843197221469553,-0.4586234946257236,0.12137266794163536,0.5336373838077222,-0.12137235983079184,-0.4048177882306304,-1.000005121448535,1.0000061680026937,1.0000052828279797,1.0000052828279913,-1.000005121448541,-1.0000082921625788,1.0000101668939663,-1.0000110734967933,-1.0000110734967882,1.0000117158479398,-1.0000120596587294,-1.0000120014344231,1.0000126841510963,-1.000013104341735,1.0000117158479362,1.0000000094077044,1.0000132369428836,-1.0000120014344187,-1.0000133091884682,1.0000132470211536,1.000013414630193,1.0000134146302044,-1.0000132564919129,-1.0000133804887372,-0.9996130693332343,-0.9990602874796712,-0.9701514492631506,-0.5336402153896723,-0.9381718864972504,-0.09137315353695678,0.999956262862848,0.9907125483614245,0.9996926844710213,-0.999979984843013,-0.9999795956750288,-0.9999556440677188
0.9855039787389583,-0.9855033018236159,0.998082773369273,0.9381715505604196,0.678633123063037,1.0000009483438148,-0.999999283988501,-1.0000029228525198,0.999994137989558,0.99999392163037,1.0000040429845198,1.0000040429845234,0.20843197221469492,-0.45862349462572227,0.12137266794163559,0.5336373838077212,-0.1213723598307921,-0.4048177882306297,-1.0000051214485355,1.0000061680026957,1.0000052828279808,1.0000052828279915,-1.0000051214485426,-1.00000829216258,1.0000101668939663,-1.0000110734967944,-1.0000110734967897,1.000011715847941,-1.0000120596587294,-1.0000120014344243,1.0000126841510961,-1.0000131043417326,1.0000117158479378,1.0000132369428836,1.0000000094077044,-1.0000120014344211,-1.0000132564919118,1.0000132470211542,1.0000134146301944,1.0000134146302044,-1.0000133091884698,-1.0000133804887383,-0.9996130693332351,-0.9990602874796735,-0.9701514492631502,-0.5336402153896715,-0.9381718864972496,-0.09137315353695868,0.9999562628628481,0.9907125483614272,0.9996926844710218,-0.9999799848430138,-0.9999795956750298,-0.99995564406772
-0.9855040502267386,0.9855033733080734,-0.9980820111572419,-0.93816776353748,-0.6786378619682379,-0.9999997133990342,0.999998049103555,1.0000016878445444,-0.9999929266648575,-0.9999926632519401,-1.0000028079439962,-1.0000028079439989,-0.20844121897826368,0.4586248335091101,-0.12135904524861749,-0.5336303033950912,0.12135873713745494,0.40480499300382067,1.0000038863744902,-1.0000049328932692,-1.0000040477550274,-1.0000040477550383,1.0000038863744964,1.000007056982213,-1.000008931642915,1.0000098382105584,1.0000098382105558,-1.0000104805272365,1.000010824304461,1.0000107661136137,-1.0000114487316865,1.000011816164552,-1.0000105332237923,-1.0000120014344187,-1.0000120014344211,1.0000000076516469,1.0000120209622392,-1.0000120114841138,-1.0000121790936904,-1.000012179093702,1.0000120209622403,1.0000121449443427,0.9996116232901712,0.9990593830928097,0.9701484098806398,0.5336331349802004,0.9381680994819827,0.09138060190692608,-0.9999549575157848,-0.9907102923784747,-0.9996916382196899,0.9999787970856464,0.9999783138092485,0.9999543387278003
-0.985503844641109,0.9855031677262163,-0.9980827368583268,-0.9381718815638741,-0.6786324727632134,-1.0000009678309638,0.9999993034691946,1.0000029423464691,-0.9999941546680456,-0.9999939439070984,-1.0000040624819604,-1.0000040624819646,-0.20843092520676068,0.45862332613867196,-0.12137419354893947,-0.5336381581986177,0.12137388543817239,0.4048192097082136,1.0000051409495856,-1.0000061875075716,-1.0000053023288829,-1.000005302328894,1.0000051409495925,1.0000083116751322,-1.0000101864141986,1.0000110930208583,1.0000110930208534,-1.0000117353758038,1.0000120791903606,1.0000120209622436,-1.0000127036900557,1.000013071191063,-1.000011735375801,-1.0000133091884682,-1.0000132564919118,1.0000120209622392,1.000000009435494,-1.0000133192699887,-1.0000134868789452,-1.0000134341824032,1.0000132760433549,1.0000134000418424,0.999613113986529,0.9990602677594422,0.9701516872399537,0.5336409897797838,0.9381722174997674,0.0913722557168384,-0.9999562907328264,-0.9907126905122994,-0.9996926815485342,0.9999799987195788,0.9999796207481823,0.9999556719369532
