0.9999999993084301,-0.9999995256345701,1.000000080473194,-0.9999999090907867,-0.9999993010881751,0.9999990917328918,-0.9999986342352315,1.0000000150413384,-1.000000308540121,-0.9999999402638338,0.9999986302636699,0.9999978536218652,-0.9999983412176291,-0.9999977100848181,0.9999999610409223,1.0000000150413304,-0.9999999402638273,-0.9999983412176311,0.999997853621864,0.9999978536218551,0.9999978536218592,0.9999999333561237,-0.9999977100848252,-0.9999977100848222,-0.999997710084819,0.9999976869211581,0.9999976869211602
-0.9999995256345701,1.0000000004177272,-1.0000005737162567,1.0000006851230165,1.0000000771207982,-0.9999995849757578,0.9999994102677187,-1.0000007910720996,1.0000010845713565,1.0000007162943931,-0.9999994062960958,-0.9999986296537415,0.9999991172498379,0.9999984861166146,-1.0000007370725343,-1.0000007910720916,1.0000007162943865,0.9999991172498401,-0.9999986296537402,-0.9999986296537304,-0.9999986296537359,-1.0000007093866252,0.999998486116621,0.9999984861166187,0.9999984861166153,-0.9999984629529448,-0.9999984629529485
1.000000080473194,-1.0000005737162567,1.0000000008066054,-1.0000006743799912,-1.0000000663789366,1.0000001398142233,-0.9999996823161967,1.0000010631166798,-1.0000013566163801,-1.0000009883387324,0.9999996783444733,0.9999989017020056,-0.9999993892981537,-0.9999987581648908,1.000001009118457,1.0000010631166731,-1.0000009883387273,-0.9999993892981558,0.9999989017020029,0.9999989017019929,0.9999989017019988,1.000000981430886,-0.9999987581648989,-0.9999987581648956,-0.9999987581648924,0.9999987350012277,0.9999987350012318
-0.9999999090907867,1.0000006851230165,-1.0000006743799912,1.0000000005616203,1.0000001777853973,-0.9999999684315429,0.9999995109337059,-1.000000891727632,1.0000011852278188,1.0000008169493741,-0.9999995069618338,-0.9999987303196496,0.9999992179155903,0.9999985867826373,-1.0000005549414908,-1.000000891727624,1.0000008169493684,0.999999217915593,-0.9999987303196477,-0.9999987303196388,-0.9999987303196439,-1.0000008100414153,0.9999985867826435,0.9999985867826402,0.9999985867826383,-0.9999985636189977,-0.9999985636190002
-0.9999993010881751,1.0000000771207982,-1.0000000663789366,1.0000001777853973,0.9999999996925171,-0.9999993604292567,0.9999989029315497,-1.0000002837334512,1.000000577232702,1.000000208955693,-0.9999988989598818,-0.9999981223179727,0.9999986099137791,0.9999979787809419,-1.0000002297344739,-1.0000002837334419,1.0000002089556872,0.9999986099137821,-0.9999981223179708,-0.9999981223179601,-0.9999981223179659,-1.000000202047897,0.9999979787809496,0.9999979787809464,0.9999979787809438,-0.9999979556172885,-0.9999979556172919
0.9999990917328918,-0.9999995849757578,1.0000001398142233,-0.9999999684315429,-0.9999993604292567,0.999999999393255,-0.999998410786499,1.0000000743814539,-1.0000003678803542,-0.9999999996038844,0.9999986896048435,0.9999979129630163,-0.9999984005587893,-0.9999977694259753,1.0000000203814068,1.0000000743814463,-0.9999999996038801,-0.9999984005587934,0.9999979129630144,0.9999979129630053,0.9999979129630102,0.9999999926961544,-0.9999977694259832,-0.9999977694259806,-0.999997769425977,0.9999977462623176,0.9999977462623206
-0.9999986342352315,0.9999994102677187,-0.9999996823161967,0.9999995109337059,0.9999989029315497,-0.999998410786499,0.9999999987392865,-0.9999996168838343,0.9999999103825574,0.9999995421063248,-0.9999979493174511,-0.9999974554659106,0.9999979430614664,0.9999973119289295,-0.9999995628836574,-0.9999996168838264,0.9999995421063188,0.9999979430614689,-0.9999974554659073,-0.9999974554658995,-0.999997455465904,-0.9999995351986016,0.9999973119289363,0.9999973119289332,0.9999973119289295,-0.9999972887652784,-0.9999972887652825
1.0000000150413384,-1.0000007910720996,1.0000010631166798,-1.000000891727632,-1.0000002837334512,1.0000000743814539,-0.9999996168838343,1.000000000713054,-1.0000010083738813,-1.0000006400932588,0.9999996129116002,0.9999988362696964,-0.9999993238653885,-0.9999986927328588,1.000000943671017,1.0000009976622555,-1.0000009228831876,-0.999999323865393,0.9999988362696952,0.9999988362696859,0.9999988362696917,1.0000009159749514,-0.9999986927328656,-0.999998692732864,-0.999998692732861,0.9999986695692609,0.9999986695692669
-1.000000308540121,1.0000010845713565,-1.0000013566163801,1.0000011852278188,1.000000577232702,-1.0000003678803542,0.9999999103825574,-1.0000010083738813,1.0000000011325982,1.0000012163848466,-0.9999999064103808,-0.9999991297681887,0.9999996173640736,0.9999989862312774,-1.0000009543818524,-1.0000010083738782,1.0000012163848409,0.9999996173640773,-0.9999991297681879,-0.9999991297681782,-0.9999991297681838,-1.0000012094766464,0.9999989862312848,0.9999989862312828,0.9999989862312788,-0.9999989630676686,-0.9999989630676726
-0.9999999402638338,1.0000007162943931,-1.0000009883387324,1.0000008169493741,1.000000208955693,-0.9999999996038844,0.9999995421063248,-1.0000006400932588,1.0000012163848466,1.0000000006061611,-0.9999995381340568,-0.9999987614922476,0.9999992490878736,0.9999986179554373,-1.0000008688924138,-1.0000009228831852,1.00000084810405,0.9999992490878761,-0.9999987614922444,-0.9999987614922354,-0.9999987614922409,-1.0000005584058569,0.9999986179554449,0.999998617955442,0.9999986179554392,-0.9999985947918472,-0.9999985947918498
0.9999986302636699,-0.9999994062960958,0.9999996783444733,-0.9999995069618338,-0.9999988989598818,0.9999986896048435,-0.9999979493174511,0.9999996129116002,-0.9999999064103808,-0.9999995381340568,0.9999999987336087,0.9999974514943358,-0.9999976562999469,-0.9999973079573612,0.9999995589116332,0.9999996129115922,-0.9999995381340512,-0.999997656299945,0.9999974514943328,0.9999974514943243,0.9999974514943294,0.9999995312263242,-0.9999973079573682,-0.9999973079573646,-0.9999973079573622,0.999997284793715,0.999997284793719
0.9999978536218652,-0.9999986296537415,0.9999989017020056,-0.9999987303196496,-0.9999981223179727,0.9999979129630163,-0.9999974554659106,0.9999988362696964,-0.9999991297681887,-0.9999987614922476,0.9999974514943358,0.9999999976234418,-0.9999968796587005,-0.9999962485266659,0.9999987822695623,0.9999988362696898,-0.9999987614922409,-0.9999971624486406,0.9999966748534648,0.9999966748534571,0.9999966748534599,0.9999987545845307,-0.9999965313166049,-0.9999965313166025,-0.9999965313166,0.9999965081529651,0.9999965081529698
-0.9999983412176291,0.9999991172498379,-0.9999993892981537,0.9999992179155903,0.9999986099137791,-0.9999984005587893,0.9999979430614664,-0.9999993238653885,0.9999996173640736,0.9999992490878736,-0.9999976562999469,-0.9999968796587005,0.999999998320433,0.9999970189117053,-0.9999992698654014,-0.9999993238653806,0.999999249087868,0.9999976500440446,-0.9999971624486341,-0.9999971624486262,-0.9999968796586962,-0.9999992421801448,0.9999970189117113,0.9999970189117094,0.999997018911706,-0.9999969957480634,-0.999996995748067
-0.9999977100848181,0.9999984861166146,-0.9999987581648908,0.9999985867826373,0.9999979787809419,-0.9999977694259753,0.9999973119289295,-0.9999986927328588,0.9999989862312774,0.9999986179554373,-0.9999973079573612,-0.9999962485266659,0.9999970189117053,0.9999999974182638,-0.9999986387326225,-0.9999986927328516,0.9999986179554309,0.9999970189117079,-0.9999965313165965,-0.9999965313165873,-0.9999965313165913,-0.9999986110477282,0.9999963877797521,0.9999963877797491,0.9999963877797463,-0.9999963646161156,-0.9999960818261838
0.9999999610409223,-1.0000007370725343,1.000001009118457,-1.0000005549414908,-1.0000002297344739,1.0000000203814068,-0.9999995628836574,1.000000943671017,-1.0000009543818524,-1.0000008688924138,0.9999995589116332,0.9999987822695623,-0.9999992698654014,-0.9999986387326225,1.0000000006358747,1.0000009436710093,-1.000000868892408,-0.9999992698654037,0.9999987822695611,0.9999987822695516,0.9999987822695567,1.0000008619843355,-0.9999986387326305,-0.9999986387326275,-0.9999986387326232,0.999998615569001,0.9999986155690047
1.0000000150413304,-1.0000007910720916,1.0000010631166731,-1.000000891727624,-1.0000002837334419,1.0000000743814463,-0.9999996168838264,1.0000009976622555,-1.0000010083738782,-1.0000009228831852,0.9999996129115922,0.9999988362696898,-0.9999993238653806,-0.9999986927328516,1.0000009436710093,1.000000000713054,-1.0000006400932444,-0.9999993238653848,0.9999988362696876,0.9999988362696783,0.9999988362696829,1.0000009159749434,-0.9999986927328582,-0.9999986927328546,-0.9999986927328526,0.999998669569254,0.9999986695692575
-0.9999999402638273,1.0000007162943865,-1.0000009883387273,1.0000008169493684,1.0000002089556872,-0.9999999996038801,0.9999995421063188,-1.0000009228831876,1.0000012163848409,1.00000084810405,-0.9999995381340512,-0.9999987614922409,0.999999249087868,0.9999986179554309,-1.000000868892408,-1.0000006400932444,1.0000000006061611,0.9999992490878715,-0.9999987614922375,-0.9999987614922292,-0.9999987614922345,-1.000000558405848,0.9999986179554382,0.9999986179554357,0.9999986179554332,-0.9999985947918406,-0.9999985947918453
-0.9999983412176311,0.9999991172498401,-0.9999993892981558,0.999999217915593,0.9999986099137821,-0.9999984005587934,0.9999979430614689,-0.999999323865393,0.9999996173640773,0.9999992490878761,-0.999997656299945,-0.9999971624486406,0.9999976500440446,0.9999970189117079,-0.9999992698654037,-0.9999993238653848,0.9999992490878715,0.999999998320433,-0.9999968796587023,-0.9999968796586943,-0.9999971624486341,-0.9999992421801478,0.9999970189117149,0.9999970189117121,0.9999970189117081,-0.9999969957480666,-0.9999969957480687
0.999997853621864,-0.9999986296537402,0.9999989017020029,-0.9999987303196477,-0.9999981223179708,0.9999979129630144,-0.9999974554659073,0.9999988362696952,-0.9999991297681879,-0.9999987614922444,0.9999974514943328,0.9999966748534648,-0.9999971624486341,-0.9999965313165965,0.9999987822695611,0.9999988362696876,-0.9999987614922375,-0.9999968796587023,0.9999999976234418,0.9999966748534526,0.9999966748534586,0.9999987545845294,-0.9999962485266631,-0.9999965313165997,-0.9999965313165975,0.999996508152963,0.9999965081529667
0.9999978536218551,-0.9999986296537304,0.9999989017019929,-0.9999987303196388,-0.9999981223179601,0.9999979129630053,-0.9999974554658995,0.9999988362696859,-0.9999991297681782,-0.9999987614922354,0.9999974514943243,0.9999966748534571,-0.9999971624486262,-0.9999965313165873,0.9999987822695516,0.9999988362696783,-0.9999987614922292,-0.9999968796586943,0.9999966748534526,0.9999999976234418,0.9999966748534485,0.9999987545845206,-0.999996531316594,-0.9999962485266535,-0.9999965313165883,0.999996508152954,0.9999965081529594
0.9999978536218592,-0.9999986296537359,0.9999989017019988,-0.9999987303196439,-0.9999981223179659,0.9999979129630102,-0.999997455465904,0.9999988362696917,-0.9999991297681838,-0.9999987614922409,0.9999974514943294,0.9999966748534599,-0.9999968796586962,-0.9999965313165913,0.9999987822695567,0.9999988362696829,-0.9999987614922345,-0.9999971624486341,0.9999966748534586,0.9999966748534485,0.9999999976234418,0.9999987545845249,-0.9999965313165989,-0.9999965313165965,-0.9999962485266567,0.9999965081529594,0.9999965081529638
0.9999999333561237,-1.0000007093866252,1.000000981430886,-1.0000008100414153,-1.000000202047897,0.9999999926961544,-0.9999995351986016,1.0000009159749514,-1.0000012094766464,-1.0000005584058569,0.9999995312263242,0.9999987545845307,-0.9999992421801448,-0.9999986110477282,1.0000008619843355,1.0000009159749434,-1.000000558405848,-0.9999992421801478,0.9999987545845294,0.9999987545845206,0.9999987545845249,1.0000000005962861,-0.9999986110477352,-0.9999986110477334,-0.9999986110477299,0.9999985878841413,0.9999985878841454
-0.9999977100848252,0.999998486116621,-0.9999987581648989,0.9999985867826435,0.9999979787809496,-0.9999977694259832,0.9999973119289363,-0.9999986927328656,0.9999989862312848,0.9999986179554449,-0.9999973079573682,-0.9999965313166049,0.9999970189117113,0.9999963877797521,-0.9999986387326305,-0.9999986927328582,0.9999986179554382,0.9999970189117149,-0.9999962485266631,-0.999996531316594,-0.9999965313165989,-0.9999986110477352,0.9999999974182638,0.9999963877797561,0.9999963877797526,-0.9999960818261879,-0.9999963646161262
-0.9999977100848222,0.9999984861166187,-0.9999987581648956,0.9999985867826402,0.9999979787809464,-0.9999977694259806,0.9999973119289332,-0.999998692732864,0.9999989862312828,0.999998617955442,-0.9999973079573646,-0.9999965313166025,0.9999970189117094,0.9999963877797491,-0.9999986387326275,-0.9999986927328546,0.9999986179554357,0.9999970189117121,-0.9999965313165997,-0.9999962485266535,-0.9999965313165965,-0.9999986110477334,0.9999963877797561,0.9999999974182638,0.9999963877797501,-0.9999960818261883,-0.9999963646161242
-0.999997710084819,0.9999984861166153,-0.9999987581648924,0.9999985867826383,0.9999979787809438,-0.999997769425977,0.9999973119289295,-0.999998692732861,0.9999989862312788,0.9999986179554392,-0.9999973079573622,-0.9999965313166,0.999997018911706,0.9999963877797463,-0.9999986387326232,-0.9999986927328526,0.9999986179554332,0.9999970189117081,-0.9999965313165975,-0.9999965313165883,-0.9999962485266567,-0.9999986110477299,0.9999963877797526,0.9999963877797501,0.9999999974182638,-0.999996364616117,-0.9999960818261883
0.9999976869211581,-0.9999984629529448,0.9999987350012277,-0.9999985636189977,-0.9999979556172885,0.9999977462623176,-0.9999972887652784,0.9999986695692609,-0.9999989630676686,-0.9999985947918472,0.999997284793715,0.9999965081529651,-0.9999969957480634,-0.9999963646161156,0.999998615569001,0.999998669569254,-0.9999985947918406,-0.9999969957480666,0.999996508152963,0.999996508152954,0.9999965081529594,0.9999985878841413,-0.9999960818261879,-0.9999960818261883,-0.999996364616117,0.9999999973851524,0.9999963414524909
0.9999976869211602,-0.9999984629529485,0.9999987350012318,-0.9999985636190002,-0.9999979556172919,0.9999977462623206,-0.9999972887652825,0.9999986695692669,-0.9999989630676726,-0.9999985947918498,0.999997284793719,0.9999965081529698,-0.999996995748067,-0.9999960818261838,0.9999986155690047,0.9999986695692575,-0.9999985947918453,-0.9999969957480687,0.9999965081529667,0.9999965081529594,0.9999965081529638,0.9999985878841454,-0.9999963646161262,-0.9999963646161242,-0.9999960818261883,0.9999963414524909,0.9999999973851524
