0.999999997259004,-0.999996418517132,0.999996569784668,0.9999962063975221,-0.9999967778717097,0.9999969215602309,0.9999967365002901,-0.9999971289817291,0.9999973742354751,0.9999969310031309,-0.9999967974328103,-0.9999960186692961,-0.9999999725912542,0.9999995378929647,1.0000003951110545,-0.9999991075148242,-1.0000007931920543,0.9999986972994428,1.000001159581197,-0.9999983175056754,-1.000001486238645,0.9999979711133182,1.000001755510256,-0.999997656712331,-1.0000019384078853,-0.9999968442073933,-0.9999968442074043,-0.9999968442074015,1.000002005948283,-1.0000019357435364,0.9999967240356284,0.9999967240356311,0.9999967240356424,0.9999967240356303,0.9999967240356303,0.9999967240356303,-0.9999966515108536,-0.9999966515108619,-0.9999966515108548,-0.9999966515108579,-0.9999966515108603,-0.9999966515108536,0.9999966261443388,0.9999966261443471,0.9999966261443443
-0.999996418517132,0.9999999975903449,-0.9999968405842508,-0.9999964771970227,0.9999970107103553,-0.9999971543989126,-0.9999969693389253,0.9999973618204558,-0.9999976070742629,-0.9999971638418097,0.9999970302714597,0.9999962515077665,1.0000002054306703,-0.9999997707322769,-1.000000627950574,0.9999993403540312,1.0000010260316718,-0.9999989301385497,-1.000001392420907,0.9999985503446894,1.0000017190784354,-0.9999982039522476,-1.0000019883501121,0.9999978895511861,1.0000021712477907,0.9999970770460549,0.9999970770460656,0.9999970770460636,-1.0000022387882057,1.000002168583445,-0.9999969568742647,-0.999996956874267,-0.9999969568742785,-0.9999969568742676,-0.9999969568742672,-0.9999969568742668,0.9999968843494728,0.9999968843494792,0.9999968843494735,0.9999968843494752,0.9999968843494784,0.9999968843494728,-0.9999968589829528,-0.9999968589829612,-0.9999968589829588
0.999996569784668,-0.9999968405842508,0.9999999978596269,0.9999966284645734,-0.9999971999389791,0.9999973436275789,0.9999971585675359,-0.9999975510491527,0.9999977963030172,0.9999973530704621,-0.9999972574610742,-0.999996440736277,-1.0000003946600984,0.9999999599615873,1.0000008171801211,-0.9999995295832261,-1.0000012152613311,0.9999991193676355,1.000001581650673,-0.999998739573678,-1.0000019083082972,0.999998393181149,1.0000021775800618,-0.9999980787800088,-1.000002360477803,-0.9999972662747107,-0.9999972662747221,-0.9999972662747189,1.0000024280182562,-1.0000023578134958,0.9999971461029045,0.9999971461029056,0.9999971461029171,0.9999971461029045,0.9999971461029069,0.9999971461029045,-0.9999970735781032,-0.9999970735781109,-0.999997073578104,-0.9999970735781064,-0.9999970735781086,-0.9999970735781035,0.9999970482115804,0.9999970482115872,0.9999970482115855
0.9999962063975221,-0.9999964771970227,0.9999966284645734,0.9999999973425083,-0.9999968365516297,0.9999969802401512,0.9999967951802105,-0.9999971876616651,0.9999974329154216,0.9999969896830592,-0.9999968561127334,-0.9999961153101403,-1.0000000312712423,0.9999995965729507,1.0000004537910467,-0.9999991661948047,-1.0000008518720478,0.9999987559794169,1.0000012182611917,-0.9999983761856405,-1.0000015449186346,0.9999980297932782,1.0000018141902414,-0.9999977153922838,-1.0000019970878635,-0.9999969028873018,-0.9999969028873134,-0.9999969028873091,1.0000020646282524,-1.0000019944234932,0.999996782715531,0.9999967827155335,0.9999967827155446,0.9999967827155316,0.9999967827155335,0.9999967827155333,-0.9999967101907485,-0.9999967101907549,-0.9999967101907485,-0.9999967101907526,-0.9999967101907529,-0.999996710190748,0.9999966848242312,0.9999966848242392,0.9999966848242374
-0.9999967778717097,0.9999970107103553,-0.9999971999389791,-0.9999968365516297,0.9999999981557454,-0.9999975896757703,-0.9999974046156823,0.999997759136397,-0.999998004390315,-0.9999975611576626,0.9999974275872564,0.9999966488232941,1.0000006027479822,-1.0000001680493713,-1.0000010252681018,0.9999997376709127,1.0000014233494052,-0.9999993274552306,-1.0000017897388296,0.999998947661186,1.000002116396534,-0.9999986012685796,-1.0000023856683586,0.9999982868673687,1.0000025685661482,0.9999974743618999,0.999997474361911,0.9999974743619078,-1.0000026361066223,1.0000025659018488,-0.9999973541900679,-0.9999973541900687,-0.9999973541900808,-0.9999973541900687,-0.9999973541900697,-0.9999973541900692,0.9999972816652543,0.9999972816652616,0.9999972816652547,0.9999972816652585,0.9999972816652594,0.999997281665253,-0.9999972562987253,-0.9999972562987332,-0.9999972562987314
0.9999969215602309,-0.9999971543989126,0.9999973436275789,0.9999969802401512,-0.9999975896757703,0.9999999983602215,0.9999975103433284,-0.9999979028250722,0.9999981480790127,0.9999977048463209,-0.9999975712758967,-0.9999967925117829,-1.0000007464368252,1.0000003117381964,1.000001168956959,-0.9999998813597192,-1.0000015670382716,0.9999994711440169,1.0000019334277044,-0.9999990913499504,-1.0000022600854093,0.9999987449573202,1.000002529357234,-0.9999984305560891,-1.0000027122550075,-0.9999976560115053,-0.999997656011515,-0.999997656011512,1.000002779795461,-1.000002709590661,0.999997497878661,0.9999974978786637,0.9999974978786754,0.9999974978786638,0.999997497878664,0.9999974978786638,-0.9999974253538313,-0.9999974253538383,-0.9999974253538321,-0.9999974253538348,-0.9999974253538364,-0.9999974253538313,0.9999973999872964,0.9999973999873037,0.9999973999873033
0.9999967365002901,-0.9999969693389253,0.9999971585675359,0.9999967951802105,-0.9999974046156823,0.9999975103433284,0.9999999980968717,-0.9999977177649293,0.9999979630188457,0.9999975197862019,-0.9999974241767894,-0.9999966074518871,-1.0000005613764957,1.000000126677886,1.0000009838966173,-0.9999996962994283,-1.0000013819779225,0.9999992860837478,1.0000017483673518,-0.9999989062897063,-1.00000207502506,0.9999985598971008,1.0000023442968928,-0.9999982454958944,-1.0000025271946882,-0.9999974329904542,-0.9999974329904664,-0.9999974329904628,1.0000025947351723,-1.0000025245304085,0.9999973128186302,0.9999973128186314,0.9999973128186425,0.999997312818631,0.9999973128186316,0.9999973128186306,-0.9999972402938201,-0.999997240293827,-0.9999972402938204,-0.9999972402938231,-0.9999972402938258,-0.9999972402938201,0.9999972149272948,0.9999972149273015,0.9999972149273
-0.9999971289817291,0.9999973618204558,-0.9999975510491527,-0.9999971876616651,0.999997759136397,-0.9999979028250722,-0.9999977177649293,0.9999999986553934,-0.9999983934617561,-0.9999979502289523,0.9999977786975126,0.999996999933261,1.000000953859261,-1.000000519160513,-1.0000013763795108,1.0000000887819198,1.0000017744609357,-0.9999996785661063,-1.0000021408504745,0.9999992987719425,1.000002467508276,-0.999998952379222,-1.0000027367801814,0.9999986379779108,1.0000029196780174,0.9999978254721623,0.9999978254721719,0.9999978254721685,-1.0000029872185046,1.0000029170137006,-0.9999977053002838,-0.9999977053002868,-0.9999977053002982,-0.9999977053002854,-0.9999977053002865,-0.9999977053002873,0.9999976327754408,0.9999976327754487,0.999997632775442,0.999997632775446,0.9999976327754478,0.9999976327754424,-0.9999976074089054,-0.9999976074089135,-0.9999976074089117
0.9999973742354751,-0.9999976070742629,0.9999977963030172,0.9999974329154216,-0.999998004390315,0.9999981480790127,0.9999979630188457,-0.9999983934617561,0.9999999990044021,0.9999981575219244,-0.9999980239514403,-0.9999972451869656,-1.000001199113766,1.0000007644149473,1.0000016216340835,-1.000000334036282,-1.0000020197155692,0.9999999238203975,1.0000023861051592,-0.9999995440261668,-1.0000027127630047,0.9999991976333842,1.000002982034942,-0.9999989211930026,-1.000003164932793,-0.9999980707260755,-0.9999980707260875,-0.9999980707260834,1.0000032324732726,-1.0000031622684373,0.9999979505541663,0.9999979505541688,0.9999979505541807,0.999997950554168,0.9999979505541682,0.999997950554168,-0.9999978780293013,-0.9999978780293078,-0.9999978780293018,-0.9999978780293048,-0.9999978780293065,-0.9999978780293008,0.9999978526627564,0.9999978526627635,0.9999978526627624
0.9999969310031309,-0.9999971638418097,0.9999973530704621,0.9999969896830592,-0.9999975611576626,0.9999977048463209,0.9999975197862019,-0.9999979502289523,0.9999981575219244,0.9999999983736594,-0.9999976186797631,-0.9999968019546973,-1.0000007558800221,1.0000003211813375,1.0000011784002105,-0.9999998908028072,-1.0000015764815822,0.9999994805870566,1.0000019428710698,-0.9999991007929503,-1.0000022695288304,0.9999987544002842,1.000002538800704,-0.9999984399990232,-1.0000027216985254,-0.9999976274934289,-0.9999976274934393,-0.9999976274934368,1.000002789239014,-1.0000027190342313,0.9999975073215776,0.9999975073215809,0.9999975073215922,0.9999975073215788,0.9999975073215809,0.9999975073215795,-0.9999974347967525,-0.9999974347967593,-0.9999974347967533,-0.9999974347967555,-0.9999974347967577,-0.9999974347967523,0.9999974094302218,0.9999974094302296,0.9999974094302285
-0.9999967974328103,0.9999970302714597,-0.9999972574610742,-0.9999968561127334,0.9999974275872564,-0.9999975712758967,-0.9999974241767894,0.9999977786975126,-0.9999980239514403,-0.9999976186797631,0.9999999981835817,0.9999966683843949,1.000000622309213,-1.0000001876105828,-1.0000010448293513,0.9999997572321048,1.0000014429106727,-0.999999347016405,-1.0000018093001173,0.9999989672223469,1.000002135957838,-0.9999986208297267,-1.0000024052296805,0.9999983064285028,1.00000258812748,0.9999974939230157,0.9999974939230275,0.9999974939230236,-1.0000026556679615,1.0000025854631938,-0.9999973737511816,-0.999997373751184,-0.9999973737511959,-0.9999973737511837,-0.9999973737511846,-0.999997373751184,0.9999973012263673,0.9999973012263762,0.9999973012263678,0.999997301226372,0.9999973012263728,0.9999973012263673,-0.9999972758598422,-0.999997275859848,-0.9999972758598473
-0.9999960186692961,0.9999962515077665,-0.999996440736277,-0.9999961153101403,0.9999966488232941,-0.9999967925117829,-0.9999966074518871,0.999996999933261,-0.9999972451869656,-0.9999968019546973,0.9999966683843949,0.9999999970753616,0.9999998435422107,-0.9999994088440181,-1.0000002660619194,0.9999989784659695,1.0000006641428276,-0.999998568250673,-1.0000010305318838,0.9999981884569833,1.0000013571892512,-0.9999978420646924,-1.000001626460789,0.9999975276637678,1.0000018093583631,0.9999967151589441,0.999996715158955,0.9999967151589529,-1.0000018768987275,1.0000018066939764,-0.999996594987194,-0.9999965949871962,-0.9999965949872069,-0.9999965949871964,-0.9999965949871955,-0.9999965949871962,0.9999965224624227,0.9999965224624296,0.9999965224624225,0.9999965224624253,0.9999965224624278,0.9999965224624225,-0.9999964970959088,-0.9999964970959161,-0.9999964970959146
-0.9999999725912542,1.0000002054306703,-1.0000003946600984,-1.0000000312712423,1.0000006027479822,-1.0000007464368252,-1.0000005613764957,1.000000953859261,-1.000001199113766,-1.0000007558800221,1.000000622309213,0.9999998435422107,1.0000000027020013,-1.0000034007382177,-1.0000042579584347,1.0000029323979753,1.000004618079377,-1.000002522181502,-1.0000049844693384,1.0000021423866963,1.000005311127469,-1.0000017959933647,-1.0000055803995744,1.000001481591464,1.0000057632974222,1.0000006690835943,1.0000006690836065,1.0000006690836019,-1.0000058308376956,1.000005760632467,-1.000000548911308,-1.0000005489113097,-1.0000005489113202,-1.0000005489113093,-1.0000005489113093,-1.0000005489113093,1.0000004763861763,1.0000004763861838,1.0000004763861776,1.0000004763861807,1.0000004763861825,1.000000476386177,-1.0000004510195342,-1.0000004510195413,-1.0000004510195402
0.9999995378929647,-0.9999997707322769,0.9999999599615873,0.9999995965729507,-1.0000001680493713,1.0000003117381964,1.000000126677886,-1.000000519160513,1.0000007644149473,1.0000003211813375,-1.0000001876105828,-0.9999994088440181,-1.0000034007382177,1.000000002083402,1.000003785297995,-1.0000025356597426,-1.0000041833798696,1.0000020874823627,1.0000045497697867,-1.0000017076876415,-1.0000048764278877,1.000001361294389,1.0000051456999801,-1.0000010468925709,-1.0000053285978443,-1.0000002343850203,-1.0000002343850303,-1.000000234385026,1.000005396138163,-1.0000053259330057,1.0000001142127963,1.0000001142127977,1.00000011421281,1.000000114212797,1.0000001142127983,1.0000001142127983,-1.0000000416877126,-1.00000004168772,-1.0000000416877137,-1.000000041687716,-1.000000041687717,-1.000000041687712,1.000000016321087,1.0000000163210936,1.0000000163210918
1.0000003951110545,-1.000000627950574,1.0000008171801211,1.0000004537910467,-1.0000010252681018,1.000001168956959,1.0000009838966173,-1.0000013763795108,1.0000016216340835,1.0000011784002105,-1.0000010448293513,-1.0000002660619194,-1.0000042579584347,1.000003785297995,1.0000000033032699,-1.000003354918663,-1.0000050785612957,1.0000029447021135,1.000005406990308,-1.0000025649072322,-1.0000057336484633,1.0000022185138253,1.0000060029205726,-1.0000019041118524,-1.0000061858183988,-1.0000010916036768,-1.0000010916036888,-1.000001091603685,1.0000062533586227,-1.000006183153321,1.000000971431324,1.0000009714313258,1.000000971431337,1.000000971431325,1.000000971431327,1.0000009714313254,-1.0000008989061473,-1.0000008989061542,-1.0000008989061482,-1.0000008989061524,-1.0000008989061526,-1.0000008989061486,1.0000008735394879,1.000000873539496,1.0000008735394939
-0.9999991075148242,0.9999993403540312,-0.9999995295832261,-0.9999991661948047,0.9999997376709127,-0.9999998813597192,-0.9999996962994283,1.0000000887819198,-1.000000334036282,-0.9999998908028072,0.9999997572321048,0.9999989784659695,1.0000029323979753,-1.0000025356597426,-1.000003354918663,1.0000000014709507,1.0000037530004755,-1.000001695064354,-1.0000041193903426,1.00000127730873,1.0000044460484072,-1.0000009309155646,-1.0000047153204827,1.0000006165138264,1.0000048982183538,0.9999998040065918,0.999999804006603,0.9999998040065986,-1.0000049657587151,1.000004895553629,-0.9999996838344317,-0.9999996838344339,-0.9999996838344452,-0.9999996838344334,-0.999999683834435,-0.9999996838344323,0.9999996113093952,0.9999996113094022,0.9999996113093944,0.9999996113093973,0.9999996113093995,0.9999996113093944,-0.9999995859427843,-0.9999995859427924,-0.9999995859427916
-1.0000007931920543,1.0000010260316718,-1.0000012152613311,-1.0000008518720478,1.0000014233494052,-1.0000015670382716,-1.0000013819779225,1.0000017744609357,-1.0000020197155692,-1.0000015764815822,1.0000014429106727,1.0000006641428276,1.000004618079377,-1.0000041833798696,-1.0000050785612957,1.0000037530004755,1.000000003869761,-1.0000033427838588,-1.0000058430333396,1.0000029629889136,1.0000061317305184,-1.0000026165954399,-1.0000064010026237,1.0000023021934028,1.0000065839004262,1.000001489684941,1.000001489684951,1.0000014896849483,-1.0000066514405987,1.0000065812352246,-1.0000013695125272,-1.0000013695125287,-1.0000013695125403,-1.0000013695125287,-1.0000013695125285,-1.0000013695125296,1.000001296987305,1.0000012969873124,1.0000012969873062,1.0000012969873098,1.0000012969873109,1.000001296987306,-1.0000012716206281,-1.0000012716206346,-1.0000012716206343
0.9999986972994428,-0.9999989301385497,0.9999991193676355,0.9999987559794169,-0.9999993274552306,0.9999994711440169,0.9999992860837478,-0.9999996785661063,0.9999999238203975,0.9999994805870566,-0.999999347016405,-0.999998568250673,-1.000002522181502,1.0000020874823627,1.0000029447021135,-1.000001695064354,-1.0000033427838588,1.0000000008871923,1.0000037091736735,-1.0000009050535885,-1.0000040358316964,1.0000005206995235,1.0000043051037506,-1.0000002062978661,-1.000004488001628,-0.9999993937909356,-0.9999993937909458,-0.9999993937909432,1.0000045555420227,-1.000004485337001,0.9999992736188354,0.9999992736188373,0.9999992736188488,0.9999992736188363,0.9999992736188382,0.9999992736188362,-0.9999992010938397,-0.999999201093847,-0.9999992010938404,-0.9999992010938439,-0.9999992010938451,-0.9999992010938396,0.9999991757272467,0.9999991757272545,0.9999991757272523
1.000001159581197,-1.000001392420907,1.000001581650673,1.0000012182611917,-1.0000017897388296,1.0000019334277044,1.0000017483673518,-1.0000021408504745,1.0000023861051592,1.0000019428710698,-1.0000018093001173,-1.0000010305318838,-1.0000049844693384,1.0000045497697867,1.000005406990308,-1.0000041193903426,-1.0000058430333396,1.0000037091736735,1.0000000043911528,-1.0000033293786716,-1.0000065360815582,1.0000029829851425,1.0000067673926607,-1.000002668583048,-1.0000069502904303,-1.0000018560743271,-1.0000018560743376,-1.0000018560743338,1.0000070178305502,-1.0000069476251083,1.000001735901855,1.000001735901856,1.000001735901869,1.0000017359018565,1.000001735901858,1.0000017359018567,-1.0000016633765911,-1.0000016633765973,-1.000001663376591,-1.000001663376595,-1.0000016633765965,-1.0000016633765916,1.0000016380098988,1.0000016380099066,1.000001638009905
-0.9999983175056754,0.9999985503446894,-0.999998739573678,-0.9999983761856405,0.999998947661186,-0.9999990913499504,-0.9999989062897063,0.9999992987719425,-0.9999995440261668,-0.9999991007929503,0.9999989672223469,0.9999981884569833,1.0000021423866963,-1.0000017076876415,-1.0000025649072322,1.00000127730873,1.0000029629889136,-1.0000009050535885,-1.0000033293786716,1.0000000003467253,1.0000036560366523,-1.0000001788661277,-1.0000039253086812,0.9999998265035618,1.000004108206559,0.9999990139969113,0.9999990139969233,0.9999990139969197,-1.0000041757469837,1.0000041055420188,-0.9999988938248685,-0.9999988938248701,-0.9999988938248824,-0.9999988938248702,-0.9999988938248714,-0.9999988938248702,0.9999988212999114,0.9999988212999174,0.9999988212999115,0.9999988212999145,0.9999988212999164,0.9999988212999117,-0.9999987959333325,-0.9999987959333394,-0.9999987959333372
-1.000001486238645,1.0000017190784354,-1.0000019083082972,-1.0000015449186346,1.000002116396534,-1.0000022600854093,-1.00000207502506,1.000002467508276,-1.0000027127630047,-1.0000022695288304,1.000002135957838,1.0000013571892512,1.000005311127469,-1.0000048764278877,-1.0000057336484633,1.0000044460484072,1.0000061317305184,-1.0000040358316964,-1.0000065360815582,1.0000036560366523,1.0000000048560034,-1.0000033096430796,-1.000007132011802,1.0000029952409397,1.0000072769485504,1.0000021827319876,1.0000021827319971,1.0000021827319936,-1.000007344488616,1.0000072742831085,-1.0000020625594637,-1.0000020625594666,-1.000002062559476,-1.000002062559465,-1.000002062559465,-1.0000020625594641,1.0000019900341621,1.0000019900341692,1.0000019900341623,1.0000019900341652,1.0000019900341681,1.0000019900341628,-1.000001964667453,-1.0000019646674603,-1.0000019646674594
0.9999979711133182,-0.9999982039522476,0.999998393181149,0.9999980297932782,-0.9999986012685796,0.9999987449573202,0.9999985598971008,-0.999998952379222,0.9999991976333842,0.9999987544002842,-0.9999986208297267,-0.9999978420646924,-1.0000017959933647,1.000001361294389,1.0000022185138253,-1.0000009309155646,-1.0000026165954399,1.0000005206995235,1.0000029829851425,-1.0000001788661277,-1.0000033096430796,0.9999999998537904,1.000003578915081,-0.9999995180716967,-1.0000037618129531,-0.9999986676043203,-0.9999986676043325,-0.9999986676043288,1.000003829353403,-1.0000037591484863,0.9999985474323281,0.9999985474323289,0.9999985474323401,0.9999985474323294,0.9999985474323297,0.9999985474323289,-0.999998474907405,-0.9999984749074117,-0.9999984749074047,-0.9999984749074079,-0.9999984749074101,-0.999998474907405,0.999998449540837,0.9999984495408457,0.9999984495408432
1.000001755510256,-1.0000019883501121,1.0000021775800618,1.0000018141902414,-1.0000023856683586,1.000002529357234,1.0000023442968928,-1.0000027367801814,1.000002982034942,1.000002538800704,-1.0000024052296805,-1.000001626460789,-1.0000055803995744,1.0000051456999801,1.0000060029205726,-1.0000047153204827,-1.0000064010026237,1.0000043051037506,1.0000067673926607,-1.0000039253086812,-1.000007132011802,1.000003578915081,1.0000000052391909,-1.0000032645129102,-1.0000075841815501,-1.0000024520037714,-1.0000024520037825,-1.0000024520037794,1.0000076137605771,-1.0000075435550109,1.000002331831204,1.0000023318312061,1.0000023318312177,1.0000023318312061,1.0000023318312061,1.0000023318312066,-1.0000022593058695,-1.0000022593058755,-1.0000022593058695,-1.000002259305874,-1.0000022593058753,-1.00000225930587,1.000002233939148,1.0000022339391563,1.000002233939155
-0.999997656712331,0.9999978895511861,-0.9999980787800088,-0.9999977153922838,0.9999982868673687,-0.9999984305560891,-0.9999982454958944,0.9999986379779108,-0.9999989211930026,-0.9999984399990232,0.9999983064285028,0.9999975276637678,1.000001481591464,-1.0000010468925709,-1.0000019041118524,1.0000006165138264,1.0000023021934028,-1.0000002062978661,-1.000002668583048,0.9999998265035618,1.0000029952409397,-0.9999995180716967,-1.0000032645129102,0.9999999994063818,1.0000034474107742,0.9999983532031224,0.9999983532031335,0.9999983532031297,-1.00000351495124,1.0000034447463686,-0.9999982330311726,-0.9999982330311741,-0.999998233031186,-0.999998233031174,-0.9999982330311753,-0.9999982330311732,0.9999981605062802,0.999998160506289,0.9999981605062813,0.9999981605062853,0.9999981605062864,0.9999981605062808,-0.9999981351397242,-0.999998135139732,-0.9999981351397312
-1.0000019384078853,1.0000021712477907,-1.000002360477803,-1.0000019970878635,1.0000025685661482,-1.0000027122550075,-1.0000025271946882,1.0000029196780174,-1.000003164932793,-1.0000027216985254,1.00000258812748,1.0000018093583631,1.0000057632974222,-1.0000053285978443,-1.0000061858183988,1.0000048982183538,1.0000065839004262,-1.000004488001628,-1.0000069502904303,1.000004108206559,1.0000072769485504,-1.0000037618129531,-1.0000075841815501,1.0000034474107742,1.0000000054994636,1.000002634901517,1.0000026349015285,1.0000026349015252,-1.000007834619162,1.0000077264525589,-1.0000025147289175,-1.0000025147289193,-1.0000025147289298,-1.000002514728919,-1.0000025147289193,-1.000002514728919,1.0000024422035565,1.0000024422035623,1.0000024422035563,1.0000024422035594,1.0000024422035612,1.0000024422035563,-1.0000024168368231,-1.0000024168368318,-1.0000024168368318
-0.9999968442073933,0.9999970770460549,-0.9999972662747107,-0.9999969028873018,0.9999974743618999,-0.9999976560115053,-0.9999974329904542,0.9999978254721623,-0.9999980707260755,-0.9999976274934289,0.9999974939230157,0.9999967151589441,1.0000006690835943,-1.0000002343850203,-1.0000010916036768,0.9999998040065918,1.000001489684941,-0.9999993937909356,-1.0000018560743271,0.9999990139969113,1.0000021827319876,-0.9999986676043203,-1.0000024520037714,0.9999983532031224,1.000002634901517,0.9999999982501444,0.9999975406976305,0.9999975406976275,-1.0000027024419536,1.0000026322371527,-0.9999974584867587,-0.9999974584867617,-0.999997420525786,-0.9999974205257737,-0.9999974205257751,-0.9999974205257737,0.9999973480009441,0.9999973480009516,0.9999973480009443,0.9999973480009489,0.9999973480009516,0.9999973480009441,-0.9999973226344103,-0.9999973226344188,-0.9999973226344177
-0.9999968442074043,0.9999970770460656,-0.9999972662747221,-0.9999969028873134,0.999997474361911,-0.999997656011515,-0.9999974329904664,0.9999978254721719,-0.9999980707260875,-0.9999976274934393,0.9999974939230275,0.999996715158955,1.0000006690836065,-1.0000002343850303,-1.0000010916036888,0.999999804006603,1.000001489684951,-0.9999993937909458,-1.0000018560743376,0.9999990139969233,1.0000021827319971,-0.9999986676043325,-1.0000024520037825,0.9999983532031335,1.0000026349015285,0.9999975406976305,0.9999999982501444,0.9999975406976392,-1.0000027024419642,1.0000026322371633,-0.9999974205257846,-0.9999974205257866,-0.9999974584867867,-0.9999974584867731,-0.9999974205257866,-0.9999974205257857,0.9999973480009557,0.9999973480009631,0.9999973480009571,0.9999973480009603,0.9999973480009612,0.9999973480009562,-0.9999973226344236,-0.9999973226344299,-0.9999973226344282
-0.9999968442074015,0.9999970770460636,-0.9999972662747189,-0.9999969028873091,0.9999974743619078,-0.999997656011512,-0.9999974329904628,0.9999978254721685,-0.9999980707260834,-0.9999976274934368,0.9999974939230236,0.9999967151589529,1.0000006690836019,-1.000000234385026,-1.000001091603685,0.9999998040065986,1.0000014896849483,-0.9999993937909432,-1.0000018560743338,0.9999990139969197,1.0000021827319936,-0.9999986676043288,-1.0000024520037794,0.9999983532031297,1.0000026349015252,0.9999975406976275,0.9999975406976392,0.9999999982501444,-1.0000027024419618,1.0000026322371605,-0.9999974205257802,-0.9999974205257821,-0.9999974205257943,-0.9999974205257819,-0.9999974584867686,-0.9999974584867721,0.9999973480009524,0.9999973480009595,0.9999973480009525,0.9999973480009571,0.999997348000958,0.9999973480009533,-0.9999973226344193,-0.9999973226344248,-0.9999973226344248
1.000002005948283,-1.0000022387882057,1.0000024280182562,1.0000020646282524,-1.0000026361066223,1.000002779795461,1.0000025947351723,-1.0000029872185046,1.0000032324732726,1.000002789239014,-1.0000026556679615,-1.0000018768987275,-1.0000058308376956,1.000005396138163,1.0000062533586227,-1.0000049657587151,-1.0000066514405987,1.0000045555420227,1.0000070178305502,-1.0000041757469837,-1.000007344488616,1.000003829353403,1.0000076137605771,-1.00000351495124,-1.000007834619162,-1.0000027024419536,-1.0000027024419642,-1.0000027024419618,1.0000000055955764,-1.000007831953429,1.0000025822693348,1.000002582269337,1.0000025822693468,1.0000025822693357,1.0000025822693364,1.000002582269335,-1.000002509743959,-1.0000025097439662,-1.0000025097439593,-1.0000025097439629,-1.0000025097439642,-1.0000025097439598,1.0000024843772217,1.0000024843772297,1.000002484377228
-1.0000019357435364,1.000002168583445,-1.0000023578134958,-1.0000019944234932,1.0000025659018488,-1.000002709590661,-1.0000025245304085,1.0000029170137006,-1.0000031622684373,-1.0000027190342313,1.0000025854631938,1.0000018066939764,1.000005760632467,-1.0000053259330057,-1.000006183153321,1.000004895553629,1.0000065812352246,-1.000004485337001,-1.0000069476251083,1.0000041055420188,1.0000072742831085,-1.0000037591484863,-1.0000075435550109,1.0000034447463686,1.0000077264525589,1.0000026322371527,1.0000026322371633,1.0000026322371605,-1.000007831953429,1.0000000054956704,-1.0000025120645382,-1.0000025120645402,-1.0000025120645506,-1.0000025120645384,-1.0000025120645402,-1.0000025120645395,1.0000024395391596,1.0000024395391691,1.0000024395391611,1.0000024395391642,1.0000024395391673,1.0000024395391607,-1.000002414172425,-1.0000024141724322,-1.0000024141724302
0.9999967240356284,-0.9999969568742647,0.9999971461029045,0.999996782715531,-0.9999973541900679,0.999997497878661,0.9999973128186302,-0.9999977053002838,0.9999979505541663,0.9999975073215776,-0.9999973737511816,-0.999996594987194,-1.000000548911308,1.0000001142127963,1.000000971431324,-0.9999996838344317,-1.0000013695125272,0.9999992736188354,1.000001735901855,-0.9999988938248685,-1.0000020625594637,0.9999985474323281,1.000002331831204,-0.9999982330311726,-1.0000025147289175,-0.9999974584867587,-0.9999974205257846,-0.9999974205257802,1.0000025822693348,-1.0000025120645382,0.9999999980791338,0.9999973003539405,0.9999973003539517,0.9999973003539397,0.9999973003539417,0.9999973003539401,-0.9999972657901043,-0.9999972278291236,-0.9999972278291169,-0.9999972278291218,-0.9999972278291231,-0.9999972278291172,0.9999972024625866,0.999997202462594,0.9999972024625934
0.9999967240356311,-0.999996956874267,0.9999971461029056,0.9999967827155335,-0.9999973541900687,0.9999974978786637,0.9999973128186314,-0.9999977053002868,0.9999979505541688,0.9999975073215809,-0.999997373751184,-0.9999965949871962,-1.0000005489113097,1.0000001142127977,1.0000009714313258,-0.9999996838344339,-1.0000013695125287,0.9999992736188373,1.000001735901856,-0.9999988938248701,-1.0000020625594666,0.9999985474323289,1.0000023318312061,-0.9999982330311741,-1.0000025147289193,-0.9999974584867617,-0.9999974205257866,-0.9999974205257821,1.000002582269337,-1.0000025120645402,0.9999973003539405,0.9999999980791338,0.9999973003539542,0.9999973003539411,0.999997300353943,0.9999973003539416,-0.9999972278291183,-0.9999972278291256,-0.9999972278291187,-0.9999972657901068,-0.999997227829125,-0.999997227829119,0.9999972024625872,0.9999972024625958,0.9999972024625945
0.9999967240356424,-0.9999969568742785,0.9999971461029171,0.9999967827155446,-0.9999973541900808,0.9999974978786754,0.9999973128186425,-0.9999977053002982,0.9999979505541807,0.9999975073215922,-0.9999973737511959,-0.9999965949872069,-1.0000005489113202,1.00000011421281,1.000000971431337,-0.9999996838344452,-1.0000013695125403,0.9999992736188488,1.000001735901869,-0.9999988938248824,-1.000002062559476,0.9999985474323401,1.0000023318312177,-0.999998233031186,-1.0000025147289298,-0.999997420525786,-0.9999974584867867,-0.9999974205257943,1.0000025822693468,-1.0000025120645506,0.9999973003539517,0.9999973003539542,0.9999999980791338,0.9999973003539531,0.9999973003539545,0.9999973003539528,-0.9999972278291303,-0.9999972657901269,-0.9999972278291316,-0.9999972278291342,-0.9999972278291361,-0.9999972278291303,0.9999972024625988,0.9999972024626065,0.999997202462605
0.9999967240356303,-0.9999969568742676,0.9999971461029045,0.9999967827155316,-0.9999973541900687,0.9999974978786638,0.999997312818631,-0.9999977053002854,0.999997950554168,0.9999975073215788,-0.9999973737511837,-0.9999965949871964,-1.0000005489113093,1.000000114212797,1.000000971431325,-0.9999996838344334,-1.0000013695125287,0.9999992736188363,1.0000017359018565,-0.9999988938248702,-1.000002062559465,0.9999985474323294,1.0000023318312061,-0.999998233031174,-1.000002514728919,-0.9999974205257737,-0.9999974584867731,-0.9999974205257819,1.0000025822693357,-1.0000025120645384,0.9999973003539397,0.9999973003539411,0.9999973003539531,0.9999999980791338,0.9999973003539425,0.999997300353942,-0.9999972278291188,-0.9999972278291254,-0.9999972278291193,-0.9999972278291223,-0.9999972657901112,-0.999997227829119,0.9999972024625879,0.999997202462595,0.999997202462592
0.9999967240356303,-0.9999969568742672,0.9999971461029069,0.9999967827155335,-0.9999973541900697,0.999997497878664,0.9999973128186316,-0.9999977053002865,0.9999979505541682,0.9999975073215809,-0.9999973737511846,-0.9999965949871955,-1.0000005489113093,1.0000001142127983,1.000000971431327,-0.999999683834435,-1.0000013695125285,0.9999992736188382,1.000001735901858,-0.9999988938248714,-1.000002062559465,0.9999985474323297,1.0000023318312061,-0.9999982330311753,-1.0000025147289193,-0.9999974205257751,-0.9999974205257866,-0.9999974584867686,1.0000025822693364,-1.0000025120645402,0.9999973003539417,0.999997300353943,0.9999973003539545,0.9999973003539425,0.9999999980791338,0.9999973003539423,-0.9999972278291193,-0.9999972278291273,-0.9999972657901035,-0.9999972278291241,-0.9999972278291256,-0.9999972278291199,0.999997202462589,0.9999972024625973,0.9999972024625945
0.9999967240356303,-0.9999969568742668,0.9999971461029045,0.9999967827155333,-0.9999973541900692,0.9999974978786638,0.9999973128186306,-0.9999977053002873,0.999997950554168,0.9999975073215795,-0.999997373751184,-0.9999965949871962,-1.0000005489113093,1.0000001142127983,1.0000009714313254,-0.9999996838344323,-1.0000013695125296,0.9999992736188362,1.0000017359018567,-0.9999988938248702,-1.0000020625594641,0.9999985474323289,1.0000023318312066,-0.9999982330311732,-1.000002514728919,-0.9999974205257737,-0.9999974205257857,-0.9999974584867721,1.000002582269335,-1.0000025120645395,0.9999973003539401,0.9999973003539416,0.9999973003539528,0.999997300353942,0.9999973003539423,0.9999999980791338,-0.9999972278291183,-0.9999972278291269,-0.9999972278291196,-0.9999972278291241,-0.9999972278291237,-0.999997265790106,0.9999972024625866,0.9999972024625945,0.9999972024625934
-0.9999966515108536,0.9999968843494728,-0.9999970735781032,-0.9999967101907485,0.9999972816652543,-0.9999974253538313,-0.9999972402938201,0.9999976327754408,-0.9999978780293013,-0.9999974347967525,0.9999973012263673,0.9999965224624227,1.0000004763861763,-1.0000000416877126,-1.0000008989061473,0.9999996113093952,1.000001296987305,-0.9999992010938397,-1.0000016633765911,0.9999988212999114,1.0000019900341621,-0.999998474907405,-1.0000022593058695,0.9999981605062802,1.0000024422035565,0.9999973480009441,0.9999973480009557,0.9999973480009524,-1.000002509743959,1.0000024395391596,-0.9999972657901043,-0.9999972278291183,-0.9999972278291303,-0.9999972278291188,-0.9999972278291193,-0.9999972278291183,0.9999999979759272,0.9999971553043059,0.9999971553042991,0.9999971553043032,0.999997155304304,0.9999971553042983,-0.999997167898758,-0.9999971299377759,-0.9999971299377753
-0.9999966515108619,0.9999968843494792,-0.9999970735781109,-0.9999967101907549,0.9999972816652616,-0.9999974253538383,-0.999997240293827,0.9999976327754487,-0.9999978780293078,-0.9999974347967593,0.9999973012263762,0.9999965224624296,1.0000004763861838,-1.00000004168772,-1.0000008989061542,0.9999996113094022,1.0000012969873124,-0.999999201093847,-1.0000016633765973,0.9999988212999174,1.0000019900341692,-0.9999984749074117,-1.0000022593058755,0.999998160506289,1.0000024422035623,0.9999973480009516,0.9999973480009631,0.9999973480009595,-1.0000025097439662,1.0000024395391691,-0.9999972278291236,-0.9999972278291256,-0.9999972657901269,-0.9999972278291254,-0.9999972278291273,-0.9999972278291269,0.9999971553043059,0.9999999979759272,0.9999971553043073,0.9999971553043098,0.9999971553043113,0.9999971553043068,-0.9999971299377759,-0.9999971678987738,-0.9999971299377817
-0.9999966515108548,0.9999968843494735,-0.999997073578104,-0.9999967101907485,0.9999972816652547,-0.9999974253538321,-0.9999972402938204,0.999997632775442,-0.9999978780293018,-0.9999974347967533,0.9999973012263678,0.9999965224624225,1.0000004763861776,-1.0000000416877137,-1.0000008989061482,0.9999996113093944,1.0000012969873062,-0.9999992010938404,-1.000001663376591,0.9999988212999115,1.0000019900341623,-0.9999984749074047,-1.0000022593058695,0.9999981605062813,1.0000024422035563,0.9999973480009443,0.9999973480009571,0.9999973480009525,-1.0000025097439593,1.0000024395391611,-0.9999972278291169,-0.9999972278291187,-0.9999972278291316,-0.9999972278291193,-0.9999972657901035,-0.9999972278291196,0.9999971553042991,0.9999971553043073,0.9999999979759272,0.9999971553043032,0.9999971553043049,0.9999971553042999,-0.9999971299377687,-0.9999971299377762,-0.9999971678987631
-0.9999966515108579,0.9999968843494752,-0.9999970735781064,-0.9999967101907526,0.9999972816652585,-0.9999974253538348,-0.9999972402938231,0.999997632775446,-0.9999978780293048,-0.9999974347967555,0.999997301226372,0.9999965224624253,1.0000004763861807,-1.000000041687716,-1.0000008989061524,0.9999996113093973,1.0000012969873098,-0.9999992010938439,-1.000001663376595,0.9999988212999145,1.0000019900341652,-0.9999984749074079,-1.000002259305874,0.9999981605062853,1.0000024422035594,0.9999973480009489,0.9999973480009603,0.9999973480009571,-1.0000025097439629,1.0000024395391642,-0.9999972278291218,-0.9999972657901068,-0.9999972278291342,-0.9999972278291223,-0.9999972278291241,-0.9999972278291241,0.9999971553043032,0.9999971553043098,0.9999971553043032,0.9999999979759272,0.9999971553043073,0.999997155304304,-0.9999971678987604,-0.99999712993778,-0.999997129937779
-0.9999966515108603,0.9999968843494784,-0.9999970735781086,-0.9999967101907529,0.9999972816652594,-0.9999974253538364,-0.9999972402938258,0.9999976327754478,-0.9999978780293065,-0.9999974347967577,0.9999973012263728,0.9999965224624278,1.0000004763861825,-1.000000041687717,-1.0000008989061526,0.9999996113093995,1.0000012969873109,-0.9999992010938451,-1.0000016633765965,0.9999988212999164,1.0000019900341681,-0.9999984749074101,-1.0000022593058753,0.9999981605062864,1.0000024422035612,0.9999973480009516,0.9999973480009612,0.999997348000958,-1.0000025097439642,1.0000024395391673,-0.9999972278291231,-0.999997227829125,-0.9999972278291361,-0.9999972657901112,-0.9999972278291256,-0.9999972278291237,0.999997155304304,0.9999971553043113,0.9999971553043049,0.9999971553043073,0.9999999979759272,0.9999971553043046,-0.9999971299377753,-0.9999971678987751,-0.99999712993778
-0.9999966515108536,0.9999968843494728,-0.9999970735781035,-0.999996710190748,0.999997281665253,-0.9999974253538313,-0.9999972402938201,0.9999976327754424,-0.9999978780293008,-0.9999974347967523,0.9999973012263673,0.9999965224624225,1.000000476386177,-1.000000041687712,-1.0000008989061486,0.9999996113093944,1.000001296987306,-0.9999992010938396,-1.0000016633765916,0.9999988212999117,1.0000019900341628,-0.999998474907405,-1.00000225930587,0.9999981605062808,1.0000024422035563,0.9999973480009441,0.9999973480009562,0.9999973480009533,-1.0000025097439598,1.0000024395391607,-0.9999972278291172,-0.999997227829119,-0.9999972278291303,-0.999997227829119,-0.9999972278291199,-0.999997265790106,0.9999971553042983,0.9999971553043068,0.9999971553042999,0.999997155304304,0.9999971553043046,0.9999999979759272,-0.9999971299377689,-0.9999971299377755,-0.9999971678987628
0.9999966261443388,-0.9999968589829528,0.9999970482115804,0.9999966848242312,-0.9999972562987253,0.9999973999872964,0.9999972149272948,-0.9999976074089054,0.9999978526627564,0.9999974094302218,-0.9999972758598422,-0.9999964970959088,-1.0000004510195342,1.000000016321087,1.0000008735394879,-0.9999995859427843,-1.0000012716206281,0.9999991757272467,1.0000016380098988,-0.9999987959333325,-1.000001964667453,0.999998449540837,1.000002233939148,-0.9999981351397242,-1.0000024168368231,-0.9999973226344103,-0.9999973226344236,-0.9999973226344193,1.0000024843772217,-1.000002414172425,0.9999972024625866,0.9999972024625872,0.9999972024625988,0.9999972024625879,0.999997202462589,0.9999972024625866,-0.999997167898758,-0.9999971299377759,-0.9999971299377687,-0.9999971678987604,-0.9999971299377753,-0.9999971299377689,0.9999999979398291,0.9999971045712479,0.9999971045712451
0.9999966261443471,-0.9999968589829612,0.9999970482115872,0.9999966848242392,-0.9999972562987332,0.9999973999873037,0.9999972149273015,-0.9999976074089135,0.9999978526627635,0.9999974094302296,-0.999997275859848,-0.9999964970959161,-1.0000004510195413,1.0000000163210936,1.000000873539496,-0.9999995859427924,-1.0000012716206346,0.9999991757272545,1.0000016380099066,-0.9999987959333394,-1.0000019646674603,0.9999984495408457,1.0000022339391563,-0.999998135139732,-1.0000024168368318,-0.9999973226344188,-0.9999973226344299,-0.9999973226344248,1.0000024843772297,-1.0000024141724322,0.999997202462594,0.9999972024625958,0.9999972024626065,0.999997202462595,0.9999972024625973,0.9999972024625945,-0.9999971299377759,-0.9999971678987738,-0.9999971299377762,-0.99999712993778,-0.9999971678987751,-0.9999971299377755,0.9999971045712479,0.9999999979398291,0.9999971045712537
0.9999966261443443,-0.9999968589829588,0.9999970482115855,0.9999966848242374,-0.9999972562987314,0.9999973999873033,0.9999972149273,-0.9999976074089117,0.9999978526627624,0.9999974094302285,-0.9999972758598473,-0.9999964970959146,-1.0000004510195402,1.0000000163210918,1.0000008735394939,-0.9999995859427916,-1.0000012716206343,0.9999991757272523,1.000001638009905,-0.9999987959333372,-1.0000019646674594,0.9999984495408432,1.000002233939155,-0.9999981351397312,-1.0000024168368318,-0.9999973226344177,-0.9999973226344282,-0.9999973226344248,1.000002484377228,-1.0000024141724302,0.9999972024625934,0.9999972024625945,0.999997202462605,0.999997202462592,0.9999972024625945,0.9999972024625934,-0.9999971299377753,-0.9999971299377817,-0.9999971678987631,-0.999997129937779,-0.99999712993778,-0.9999971678987628,0.9999971045712451,0.9999971045712537,0.9999999979398291
