0.9999999997353266,-0.9999996692618175,0.999999685332395,0.9999997290199704,-0.999999968252091,0.9999999600165353,-0.9999999682520961,-0.9999999314957722,-0.9999998498869455,0.999999838672769,0.9999998519184464,0.9999998519184474,-0.9999998293694724,-0.9999998293694664,0.9999998358338399,-0.9999997991683912,-0.9999998778059361,0.9999997706388634,0.999999906369773,0.9999998904289316,-0.9999997188668318,-0.9999998011566786,0.9999999195717608,0.9999998160962604,0.9999998160962588,-0.9999999047217993,-0.9999997467231968,0.9999997557477411,0.9999997557477438,0.9999997248434086,-0.9999997511104493,-0.9999997511104425
-0.9999996692618175,0.9999999998004769,-0.9999997255589218,-0.99999976923708,1.0000000139012553,-1.0000000056665646,1.00000001390126,0.9999999771488325,0.9999998955622955,-0.9999998843479528,-0.999999897594008,-0.9999998975940084,0.9999998750444875,0.9999998750444796,-0.9999998814960708,0.9999998448337729,0.999999923464308,-0.9999998163064581,-0.9999999520254262,-0.9999999360861125,0.9999997645314127,0.999999846828825,-0.9999999652260685,-0.9999998617703305,-0.9999998617703294,0.9999999503775845,0.999999792369751,-0.9999998013951967,-0.9999998013951988,-0.9999997704892869,0.9999997967595579,0.9999997967595511
0.999999685332395,-0.9999997255589218,0.9999999998156557,0.9999997853212368,-1.0000000245544376,1.0000000163202833,-1.0000000245544411,-0.9999999877978214,-0.9999999061834272,0.9999998949679509,0.9999999082134063,0.9999999082134082,-0.999999885662516,-0.9999998856625079,0.9999998921278183,-0.9999998554608902,-0.9999999341032512,0.999999826931974,0.9999999626691588,0.999999946725867,-0.9999997697254497,-0.9999998574495268,0.9999999758714067,0.9999998723883298,0.9999998723883287,-0.9999999610195298,-0.9999998030265898,0.9999998120505161,0.9999998120505184,0.999999781144521,-0.9999998074123652,-0.9999998074123574
0.9999997290199704,-0.99999976923708,0.9999997853212368,0.9999999998779797,-1.0000000682051025,1.0000000599700427,-1.0000000682051084,-1.0000000314582749,-0.9999999499084292,0.9999999386952072,0.9999999519421131,0.9999999519421138,-0.9999999293938023,-0.9999999293937943,0.999999935826705,-0.9999998991703136,-0.9999999777860659,0.9999998706453691,1.0000000063412862,0.9999999904066625,-0.9999998188665227,-0.9999999011743244,1.0000000195398082,0.9999999161193587,0.9999999161193575,-1.0000000046953845,-0.9999998466687978,0.9999998556961677,0.9999998556961712,0.9999998247898806,-0.999999845629535,-0.9999998456295306
-0.999999968252091,1.0000000139012553,-1.0000000245544376,-1.0000000682051025,1.000000000219346,-1.0000002937602512,1.0000003074298718,1.0000002706847522,1.0000001891465808,-1.0000001779339842,-1.0000001911811311,-1.0000001911811311,1.0000001686336162,1.0000001686336082,-1.0000001750608292,1.0000001384064083,1.0000002170170064,-1.0000001098820168,-1.0000002455701487,-1.0000002296373514,1.0000000581020727,1.0000001404130112,-1.0000002587680177,-1.0000001553592615,-1.0000001553592595,1.0000002439251374,1.0000000858919824,-1.0000000949200465,-1.000000094920051,-1.0000000640139495,1.0000000902886546,1.0000000902886486
0.9999999600165353,-1.0000000056665646,1.0000000163202833,1.0000000599700427,-1.0000002937602512,1.0000000002075946,-1.000000293760254,-1.0000002570162354,-1.000000180917278,1.0000001697042806,1.000000182951449,1.0000001829514509,-1.0000001604032682,-1.0000001604032613,1.00000016682701,-1.0000001301731225,-1.0000002087829571,1.000000101649563,1.0000002373358343,1.0000002214028312,-1.0000000498686448,-1.0000001321818028,1.0000002505333752,1.0000001471283826,1.000000147128381,-1.0000002356904132,-1.0000000776560871,1.0000000866842331,1.000000086684236,1.000000055777213,-1.0000000820530992,-1.0000000820530954
-0.9999999682520961,1.00000001390126,-1.0000000245544411,-1.0000000682051084,1.0000003074298718,-1.000000293760254,1.000000000219346,1.0000002706847573,1.0000001891465842,-1.0000001779339884,-1.000000191181136,-1.0000001911811371,1.0000001686336204,1.0000001686336142,-1.0000001750608343,1.0000001384064132,1.0000002170170113,-1.0000001098820215,-1.0000002455701527,-1.0000002296373571,1.0000000581020767,1.0000001404130159,-1.0000002587680235,-1.0000001553592677,-1.000000155359265,1.000000243925141,1.0000000858919882,-1.0000000949200527,-1.0000000949200543,-1.000000064013955,1.0000000902886592,1.0000000902886526
-0.9999999314957722,0.9999999771488325,-0.9999999877978214,-1.0000000314582749,1.0000002706847522,-1.0000002570162354,1.0000002706847573,1.0000000001669105,1.0000001523871702,-1.0000001411733397,-1.0000001544201602,-1.000000154420159,1.0000001318709275,1.0000001318709206,-1.0000001383033204,1.0000001016464413,1.0000001802639922,-1.0000000731219318,-1.0000002033858315,-1.000000192884341,1.0000000213426898,1.0000001036511257,-1.0000002165843955,-1.0000001185959522,-1.0000001185959497,1.0000002071733471,1.0000000491487389,-1.0000000581758832,-1.0000000581758866,-1.0000000272687062,1.0000000535431253,1.0000000535431204
-0.9999998498869455,0.9999998955622955,-0.9999999061834272,-0.9999999499084292,1.0000001891465808,-1.000000180917278,1.0000001891465842,1.0000001523871702,1.0000000000504732,-1.0000000540874172,-1.0000000673317322,-1.0000000673317284,1.0000000502083115,1.0000000502083064,-1.0000000566828227,1.0000000200088979,1.000000098672526,-0.9999999914812355,-1.0000001272474133,-1.0000001112943193,0.999999939708974,1.0000000219958476,-1.0000001404512922,-1.0000000369309245,-1.0000000369309214,1.0000001255916067,0.9999999676240543,-0.9999999766452471,-0.9999999766452492,-0.9999999457338182,0.9999999720030814,0.9999999720030758
0.999999838672769,-0.9999998843479528,0.9999998949679509,0.9999999386952072,-1.0000001779339842,1.0000001697042806,-1.0000001779339884,-1.0000001411733397,-1.0000000540874172,1.0000000000344624,1.000000061545871,1.0000000615458713,-1.0000000335543322,-1.0000000335543233,1.0000000454668554,-1.0000000087920982,-1.0000000874574495,0.9999999802637097,1.0000001160329997,1.0000001000796352,-0.9999999284924209,-1.000000010776931,1.0000001292372644,1.000000025711478,1.0000000257114763,-1.000000114377285,-0.9999999564120821,0.9999999654330443,0.9999999654330447,0.9999999345222561,-0.999999960790452,-0.9999999607904464
0.9999998519184464,-0.999999897594008,0.9999999082134063,0.9999999519421131,-1.0000001911811311,1.000000182951449,-1.000000191181136,-1.0000001544201602,-1.0000000673317322,1.000000061545871,1.0000000000533618,1.0000000747900533,-1.00000005223269,-1.0000000522326853,1.0000000587122317,-1.0000000220370604,-1.000000100703438,0.9999999935084989,1.0000001292794116,1.0000001133257246,-0.9999999417374357,-1.000000024021332,1.0000001424838239,1.0000000389556811,1.0000000389556782,-1.0000001276235653,-0.9999999696596195,0.9999999786804756,0.9999999786804779,0.9999999477696906,-0.9999999740376593,-0.9999999740376527
0.9999998519184474,-0.9999998975940084,0.9999999082134082,0.9999999519421138,-1.0000001911811311,1.0000001829514509,-1.0000001911811371,-1.000000154420159,-1.0000000673317284,1.0000000615458713,1.0000000747900533,1.0000000000533618,-1.0000000522326917,-1.0000000522326855,1.000000058712231,-1.0000000220370602,-1.0000001007034407,0.9999999935084997,1.0000001292794118,1.000000113325724,-0.9999999417374364,-1.000000024021333,1.000000142483824,1.000000038955682,1.0000000389556791,-1.000000127623566,-0.9999999696596192,0.9999999786804763,0.9999999786804792,0.9999999477696914,-0.9999999740376596,-0.9999999740376527
-0.9999998293694724,0.9999998750444875,-0.999999885662516,-0.9999999293938023,1.0000001686336162,-1.0000001604032682,1.0000001686336204,1.0000001318709275,1.0000000502083115,-1.0000000335543322,-1.00000005223269,-1.0000000522326917,1.0000000000211733,1.0000000296757616,-1.0000000361606431,0.9999999994844281,1.0000000781528338,-0.9999999709548091,-1.0000001067295559,-1.0000000907756865,0.9999999191851441,1.0000000014656927,-1.0000001199344895,-1.0000000109651708,-1.0000000163993426,1.0000001050739669,0.9999999471128725,-0.9999999561334464,-0.999999956133449,-0.9999999252236975,0.9999999514901011,0.9999999514900949
-0.9999998293694664,0.9999998750444796,-0.9999998856625079,-0.9999999293937943,1.0000001686336082,-1.0000001604032613,1.0000001686336142,1.0000001318709206,1.0000000502083064,-1.0000000335543233,-1.0000000522326853,-1.0000000522326855,1.0000000296757616,1.0000000000211733,-1.0000000361606354,0.999999999484422,1.000000078152826,-0.9999999709548021,-1.000000106729548,-1.0000000907756796,0.9999999191851382,1.0000000014656858,-1.0000001199344828,-1.0000000163993379,-1.0000000109651626,1.00000010507396,0.9999999471128647,-0.9999999561334386,-0.9999999561334426,-0.9999999252236897,0.9999999514900951,0.9999999514900876
0.9999998358338399,-0.9999998814960708,0.9999998921278183,0.999999935826705,-1.0000001750608292,1.00000016682701,-1.0000001750608343,-1.0000001383033204,-1.0000000566828227,1.0000000454668554,1.0000000587122317,1.000000058712231,-1.0000000361606431,-1.0000000361606354,1.000000000030415,-1.0000000005263276,-1.0000000791717973,0.9999999774314015,1.000000113173174,1.0000000972286816,-0.9999999256594702,-1.0000000079480558,1.00000012637578,1.000000022886246,1.0000000228862458,-1.0000001115229122,-0.999999953533766,0.9999999625572914,0.9999999625572933,0.9999999316510031,-0.9999999579185035,-0.9999999579184972
-0.9999997991683912,0.9999998448337729,-0.9999998554608902,-0.9999998991703136,1.0000001384064083,-1.0000001301731225,1.0000001384064132,1.0000001016464413,1.0000000200088979,-1.0000000087920982,-1.0000000220370604,-1.0000000220370602,0.9999999994844281,0.999999999484422,-1.0000000005263276,0.9999999999780889,1.0000000479425781,-0.9999999353254168,-1.0000000765128525,-1.0000000605656978,0.9999998889891777,0.9999999712733935,-1.000000089716427,-0.9999999862098817,-0.9999999862098811,1.000000074861311,0.9999999168816656,-0.9999999259042099,-0.9999999259042124,-0.999999894997628,0.9999999212638363,0.9999999212638306
-0.9999998778059361,0.999999923464308,-0.9999999341032512,-0.9999999777860659,1.0000002170170064,-1.0000002087829571,1.0000002170170113,1.0000001802639922,1.000000098672526,-1.0000000874574495,-1.000000100703438,-1.0000001007034407,1.0000000781528338,1.000000078152826,-1.0000000791717973,1.0000000479425781,1.00000000009031,-1.0000000194153822,-1.000000149704724,-1.0000001337639286,0.9999999676404152,1.0000000499372512,-1.0000001683398194,-1.000000064878206,-1.0000000648782044,1.000000153490152,0.999999995486194,-1.0000000045112285,-1.000000004511231,-0.999999973604591,0.999999999874957,0.9999999998749516
0.9999997706388634,-0.9999998163064581,0.999999826931974,0.9999998706453691,-1.0000001098820168,1.000000101649563,-1.0000001098820215,-1.0000000731219318,-0.9999999914812355,0.9999999802637097,0.9999999935084989,0.9999999935084997,-0.9999999709548091,-0.9999999709548021,0.9999999774314015,-0.9999999353254168,-1.0000000194153822,0.999999999937378,1.0000000479868183,1.0000000320382734,-0.9999998550252295,-0.9999999373095031,1.0000000611905429,0.999999957679709,0.9999999576797073,-1.0000000463343346,-0.9999998883579294,0.99999989738011,0.9999998973801127,0.9999998664725668,-0.9999998927392469,-0.9999998927392411
0.999999906369773,-0.9999999520254262,0.9999999626691588,1.0000000063412862,-1.0000002455701487,1.0000002373358343,-1.0000002455701527,-1.0000002033858315,-1.0000001272474133,1.0000001160329997,1.0000001292794116,1.0000001292794118,-1.0000001067295559,-1.000000106729548,1.000000113173174,-1.0000000765128525,-1.000000149704724,1.0000000479868183,1.0000000001310658,1.0000001677600376,-0.9999999962099437,-1.000000078512048,1.0000001968981513,1.0000000934548372,1.0000000934548365,-1.0000001820506463,-1.000000024036865,1.0000000330629184,1.0000000330629208,1.0000000021561652,-1.0000000284283086,-1.0000000284283042
0.9999998904289316,-0.9999999360861125,0.999999946725867,0.9999999904066625,-1.0000002296373514,1.0000002214028312,-1.0000002296373571,-1.000000192884341,-1.0000001112943193,1.0000001000796352,1.0000001133257246,1.000000113325724,-1.0000000907756865,-1.0000000907756796,1.0000000972286816,-1.0000000605656978,-1.0000001337639286,1.0000000320382734,1.0000001677600376,1.0000000001083207,-0.9999999802634503,-1.000000062560178,1.0000001809609005,1.0000000775013624,1.0000000775013616,-1.000000160677631,-1.0000000081062121,1.0000000171314314,1.000000017131434,0.9999999862253433,-1.0000000124953987,-1.0000000124953938
-0.9999997188668318,0.9999997645314127,-0.9999997697254497,-0.9999998188665227,1.0000000581020727,-1.0000000498686448,1.0000000581020767,1.0000000213426898,0.999999939708974,-0.9999999284924209,-0.9999999417374357,-0.9999999417374364,0.9999999191851441,0.9999999191851382,-0.9999999256594702,0.9999998889891777,0.9999999676404152,-0.9999998550252295,-0.9999999962099437,-0.9999999802634503,0.9999999998635034,0.9999998909738104,-1.0000000094132921,-0.9999999059106753,-0.9999999059106728,0.99999999455873,0.9999998365768524,-0.9999998455996304,-0.9999998455996327,-0.9999998146931484,0.9999998409596357,0.9999998409596292
-0.9999998011566786,0.999999846828825,-0.9999998574495268,-0.9999999011743244,1.0000001404130112,-1.0000001321818028,1.0000001404130159,1.0000001036511257,1.0000000219958476,-1.000000010776931,-1.000000024021332,-1.000000024021333,1.0000000014656927,1.0000000014656858,-1.0000000079480558,0.9999999712733935,1.0000000499372512,-0.9999999373095031,-1.000000078512048,-1.000000062560178,0.9999998909738104,0.9999999999809185,-1.0000000917165792,-0.9999999827556674,-0.9999999827556642,1.0000000768576645,0.9999999188911001,-0.9999999279122411,-0.9999999279122457,-0.9999998970034426,0.9999999232697777,0.999999923269772
0.9999999195717608,-0.9999999652260685,0.9999999758714067,1.0000000195398082,-1.0000002587680177,1.0000002505333752,-1.0000002587680235,-1.0000002165843955,-1.0000001404512922,1.0000001292372644,1.0000001424838239,1.000000142483824,-1.0000001199344895,-1.0000001199344828,1.00000012637578,-1.000000089716427,-1.0000001683398194,1.0000000611905429,1.0000001968981513,1.0000001809609005,-1.0000000094132921,-1.0000000917165792,1.0000000001499012,1.0000001066599333,1.0000001066599316,-1.000000189816857,-1.0000000372339692,1.000000046260364,1.0000000462603662,1.0000000153539115,-1.0000000416262878,-1.0000000416262824
0.9999998160962604,-0.9999998617703305,0.9999998723883298,0.9999999161193587,-1.0000001553592615,1.0000001471283826,-1.0000001553592677,-1.0000001185959522,-1.0000000369309245,1.000000025711478,1.0000000389556811,1.000000038955682,-1.0000000109651708,-1.0000000163993379,1.000000022886246,-0.9999999862098817,-1.000000064878206,0.999999957679709,1.0000000934548372,1.0000000775013624,-0.9999999059106753,-0.9999999827556674,1.0000001066599333,1.0000000000022289,1.000000003123352,-1.0000000917996712,-0.9999999338386638,0.9999999428592435,0.9999999428592452,0.9999999119502269,-0.9999999382158447,-0.999999938215839
0.9999998160962588,-0.9999998617703294,0.9999998723883287,0.9999999161193575,-1.0000001553592595,1.000000147128381,-1.000000155359265,-1.0000001185959497,-1.0000000369309214,1.0000000257114763,1.0000000389556782,1.0000000389556791,-1.0000000163993426,-1.0000000109651626,1.0000000228862458,-0.9999999862098811,-1.0000000648782044,0.9999999576797073,1.0000000934548365,1.0000000775013616,-0.9999999059106728,-0.9999999827556642,1.0000001066599316,1.000000003123352,1.0000000000022287,-1.000000091799669,-0.9999999338386621,0.9999999428592425,0.9999999428592447,0.9999999119502239,-0.9999999382158429,-0.9999999382158379
-0.9999999047217993,0.9999999503775845,-0.9999999610195298,-1.0000000046953845,1.0000002439251374,-1.0000002356904132,1.000000243925141,1.0000002071733471,1.0000001255916067,-1.000000114377285,-1.0000001276235653,-1.000000127623566,1.0000001050739669,1.00000010507396,-1.0000001115229122,1.000000074861311,1.000000153490152,-1.0000000463343346,-1.0000001820506463,-1.000000160677631,0.99999999455873,1.0000000768576645,-1.000000189816857,-1.0000000917996712,-1.000000091799669,1.0000000001287144,1.0000000223928902,-1.0000000314185744,-1.000000031418575,-1.0000000005125527,1.0000000267832942,1.0000000267832885
-0.9999997467231968,0.999999792369751,-0.9999998030265898,-0.9999998466687978,1.0000000858919824,-1.0000000776560871,1.0000000858919882,1.0000000491487389,0.9999999676240543,-0.9999999564120821,-0.9999999696596195,-0.9999999696596192,0.9999999471128725,0.9999999471128647,-0.999999953533766,0.9999999168816656,0.999999995486194,-0.9999998883579294,-1.000000024036865,-1.0000000081062121,0.9999998365768524,0.9999999188911001,-1.0000000372339692,-0.9999999338386638,-0.9999999338386621,1.0000000223928902,0.9999999999032176,-0.9999998679468998,-0.9999998679468977,-0.9999998370411057,0.9999998687509426,0.9999998687509367
0.9999997557477411,-0.9999998013951967,0.9999998120505161,0.9999998556961677,-1.0000000949200465,1.0000000866842331,-1.0000000949200527,-1.0000000581758832,-0.9999999766452471,0.9999999654330443,0.9999999786804756,0.9999999786804763,-0.9999999561334464,-0.9999999561334386,0.9999999625572914,-0.9999999259042099,-1.0000000045112285,0.99999989738011,1.0000000330629184,1.0000000171314314,-0.9999998455996304,-0.9999999279122411,1.000000046260364,0.9999999428592435,0.9999999428592425,-1.0000000314185744,-0.9999998679468998,0.9999999999161014,0.9999998824095838,0.9999998515037961,-0.9999998723447491,-0.999999877778917
0.9999997557477438,-0.9999998013951988,0.9999998120505184,0.9999998556961712,-1.000000094920051,1.000000086684236,-1.0000000949200543,-1.0000000581758866,-0.9999999766452492,0.9999999654330447,0.9999999786804779,0.9999999786804792,-0.999999956133449,-0.9999999561334426,0.9999999625572933,-0.9999999259042124,-1.000000004511231,0.9999998973801127,1.0000000330629208,1.000000017131434,-0.9999998455996327,-0.9999999279122457,1.0000000462603662,0.9999999428592452,0.9999999428592447,-1.000000031418575,-0.9999998679468977,0.9999998824095838,0.9999999999161014,0.999999851503798,-0.9999998777789262,-0.9999998723447479
0.9999997248434086,-0.9999997704892869,0.999999781144521,0.9999998247898806,-1.0000000640139495,1.000000055777213,-1.000000064013955,-1.0000000272687062,-0.9999999457338182,0.9999999345222561,0.9999999477696906,0.9999999477696914,-0.9999999252236975,-0.9999999252236897,0.9999999316510031,-0.999999894997628,-0.999999973604591,0.9999998664725668,1.0000000021561652,0.9999999862253433,-0.9999998146931484,-0.9999998970034426,1.0000000153539115,0.9999999119502269,0.9999999119502239,-1.0000000005125527,-0.9999998370411057,0.9999998515037961,0.999999851503798,0.9999999998720012,-0.9999998468730161,-0.9999998468730104
-0.9999997511104493,0.9999997967595579,-0.9999998074123652,-0.999999845629535,1.0000000902886546,-1.0000000820530992,1.0000000902886592,1.0000000535431253,0.9999999720030814,-0.999999960790452,-0.9999999740376593,-0.9999999740376596,0.9999999514901011,0.9999999514900951,-0.9999999579185035,0.9999999212638363,0.999999999874957,-0.9999998927392469,-1.0000000284283086,-1.0000000124953987,0.9999998409596357,0.9999999232697777,-1.0000000416262878,-0.9999999382158447,-0.9999999382158429,1.0000000267832942,0.9999998687509426,-0.9999998723447491,-0.9999998777789262,-0.9999998468730161,0.9999999999094932,0.9999998731474035
-0.9999997511104425,0.9999997967595511,-0.9999998074123574,-0.9999998456295306,1.0000000902886486,-1.0000000820530954,1.0000000902886526,1.0000000535431204,0.9999999720030758,-0.9999999607904464,-0.9999999740376527,-0.9999999740376527,0.9999999514900949,0.9999999514900876,-0.9999999579184972,0.9999999212638306,0.9999999998749516,-0.9999998927392411,-1.0000000284283042,-1.0000000124953938,0.9999998409596292,0.999999923269772,-1.0000000416262824,-0.999999938215839,-0.9999999382158379,1.0000000267832885,0.9999998687509367,-0.999999877778917,-0.9999998723447479,-0.9999998468730104,0.9999998731474035,0.9999999999094932
