1.0000000091186803,-1.0000101891225188,-1.000013559332618,0.9998328510291118,1.0000133799088857,0.9998344121838925,1.0000157102022698,1.0000161602643967,-0.99930260973612,0.9984171255363792,-0.9971778446904743,-0.9998354752808958,-0.9823576801687319,0.9823549365558245,-0.9550155062965653,0.9702754600837444,0.5531593360173779,-0.9913601104673281,-0.5995267149190672,0.09723910596926594,0.5055841288598092,-0.4052062957542417,0.31762136496024057,0.38796887029998856,-1.0000180479409566,1.0000187067930315,1.000018706793031,-1.0000149136591872,-0.2087632564263543,-0.3354059518077449,0.3530630697094089,-0.3705860360599052
-1.0000101891225188,1.0000000073692343,1.0000136974708547,-0.9998297649939726,-1.0000107889975707,-0.9998323182218614,-1.0000144831729132,-1.000014932930874,0.9993023780595335,-0.9984173912517297,0.9971786077981857,0.9998347462974105,0.9823614164213825,-0.9823586728578546,0.9550221683036677,-0.9702678780556837,-0.5531806616560713,0.9913554290968606,0.5995048400936261,-0.09721269902181642,-0.505560720536617,0.40518165163705394,-0.31759593040060813,-0.3879440506062356,1.0000168203116335,-1.000017479066495,-1.0000174790664937,1.0000136877282808,0.20873716959539096,0.3353806577112987,-0.3530379249520083,0.37056104946006446
-1.000013559332618,1.0000136974708547,1.0000000121782613,-0.999835414244277,-1.0000155233504926,-0.9998361339064649,-1.0000164895830106,-1.0000169399028833,0.9993039091278597,-0.9984180020539332,0.9971782979429162,0.9998371970856985,0.9823555951894231,-0.9823528515313942,0.9550109094624765,-0.9702829621412089,-0.5531418577155446,0.991365175404484,0.5995459312106152,-0.09726161214057204,-0.5056045422121571,0.4052276465476621,-0.3176432895585108,-0.38799035099652773,1.0000201929058756,-1.0000208518411275,-1.000020851841126,1.0000170571819609,0.20878561415226615,0.3354277768904035,-0.3530847876071375,0.37060763914467254
0.9998328510291118,-0.9998297649939726,-0.999835414244277,1.0000000028133462,0.9998330907483788,0.9993018259319106,0.9998362648662674,0.9998369321346029,-0.9984179103116809,0.9971805566029055,-0.9955884126157568,-0.999302954699923,-0.9786763236437612,0.9786735485946223,-0.949287621429919,0.9746348265573416,0.5374524146259098,-0.9936385455677861,-0.6144131365759841,0.11586743255303025,0.5216568760855453,-0.4222609622666434,0.3353286332658714,0.405166168532424,-0.9998390284985462,0.9998397556011637,0.9998397556011637,-0.9998346884018132,-0.2270474528620144,-0.35299492096360385,0.3705275776475555,-0.3879199683866183
1.0000133799088857,-1.0000107889975707,-1.0000155233504926,0.9998330907483788,1.0000000099742201,0.999835372726991,1.0000163090781857,1.0000167589232756,-0.9993039307510091,0.9984188066272537,-0.9971798853307783,-0.9998364357553121,-0.982361858952292,0.9823591153719183,-0.9550217701297791,0.9702713972094985,0.5531756552526141,-0.9913581865805018,-0.5995117146069467,0.09722006409707909,0.5055678743270304,-0.40518899371472955,0.31760335806382817,0.3879514149995099,-1.0000186463894314,1.000019305171962,1.0000193051719608,-1.0000141482543266,-0.20874461335982483,-0.3353880734755376,0.35304532620041,-0.37056843358140723
0.9998344121838925,-0.9998323182218614,-0.9998361339064649,0.9993018259319106,0.999835372726991,1.000000007471807,0.9998368542762298,0.9998370859269055,-0.9998313140249248,0.999301086316272,-0.9984154507201091,-1.0000101039660114,-0.9857040350234618,0.9857013239875538,-0.9604281198316074,0.9655464955192166,0.5687436404862218,-0.9887132093112585,-0.5843528793769842,0.07848564980929837,0.4892519640060818,-0.3879235089846863,0.2997142736753185,0.3705489522128252,-0.9998387632311087,0.9998393532654158,0.9998393532654154,-0.9998368417106712,-0.19031554129485403,-0.31761134492738774,0.3353871849216277,-0.3530350655477389
1.0000157102022698,-1.0000144831729132,-1.0000164895830106,0.9998362648662674,1.0000163090781857,0.9998368542762298,1.000000013299686,1.0000190909081923,-0.9993045638842903,0.9984185909526635,-0.9971788207632267,-0.9998379174676958,-0.982355718394579,0.9823529747290117,-0.9550106314529626,0.9702845638178665,0.5531394033952218,-0.9913664094156952,-0.5995491778083738,0.09726513995915087,0.50560793145639,-0.4052311353302293,0.3176468273997001,0.3879938520617518,-1.000020978878935,1.000021637827466,1.0000216378274656,-1.0000178429220001,-0.20878916961973729,-0.33543130740129373,0.35308830954272263,-0.37061115126321936
1.0000161602643967,-1.000014932930874,-1.0000169399028833,0.9998369321346029,1.0000167589232756,0.9998370859269055,1.0000190909081923,1.0000000139424297,-0.9993045772575649,0.9984183860000925,-0.9971783975151634,-0.9998381491619487,-0.9823539909539493,0.9823512472655909,-0.9550076217322264,0.9702878072862973,0.5531299904205301,-0.991368377345724,-0.5995587300049652,0.0972767266195508,0.5056181653143677,-0.405241920699119,0.3176579675962598,0.38800471604995346,-1.0000200644226742,1.0000220884874411,1.0000220884874405,-1.0000182928096888,-0.20880060585505916,-0.33544238434750945,0.353099319352597,-0.37062209007666536
-0.99930260973612,0.9993023780595335,0.9993039091278597,-0.9984179103116809,-0.9993039307510091,-0.9998313140249248,-0.9993045638842903,-0.9993045772575649,1.000000006136957,-0.9998293665389412,0.9992986982864566,0.9998336091631034,0.9886984030861798,-0.9886957255520461,0.965495604755503,-0.9604808070670408,-0.5841110990161776,0.985719293716606,0.5689876580123205,-0.059723324583166267,-0.472763214598444,0.37052093222980026,-0.2817192183920075,-0.35301552716291645,0.9993060438061594,-0.9993065648832729,-0.9993065648832729,0.9993053345151195,0.17181909800552653,0.2997223310508261,-0.31761048673347736,0.33537691425012073
0.9984171255363792,-0.9984173912517297,-0.9984180020539332,0.9971805566029055,0.9984188066272537,0.999301086316272,0.9984185909526635,0.9984183860000925,-0.9998293665389412,1.0000000047927409,-0.9998271791706842,-0.9993019493802254,-0.9913435360589381,0.9913408929804078,-0.9702224726856417,0.955074279782274,0.5992749124971923,-0.9823760174443175,-0.55341808842013,0.04093617172622573,0.45610394212531363,-0.3529838281361219,0.2636209392088424,0.33535374282556035,-0.9984196412322707,0.9984200931542035,0.9984200931542027,-0.9984201446624523,-0.1532582173169515,-0.2817237442354135,0.2997179084779916,-0.3175966200545298
-0.9971778446904743,0.9971786077981857,0.9971782979429162,-0.9955884126157568,-0.9971798853307783,-0.9984154507201091,-0.9971788207632267,-0.9971783975151634,0.9992986982864566,-0.9998271791706842,1.0000000031117018,0.9984162464655696,0.9936380454276318,-0.9936340726733732,0.9746065915380981,-0.9493284525083796,-0.6142293364052445,0.9786841613503265,0.5376495595253422,-0.02213096700115471,-0.4392799719656631,0.3353183844523435,-0.24542586574329694,-0.3175698397178213,0.997179440945868,-0.9971798235394342,-0.997179823539433,0.9971811571509808,0.13463954422169827,0.2636219701600609,-0.28171578965887095,0.29970047407050343
-0.9998354752808958,0.9998347462974105,0.9998371970856985,-0.999302954699923,-0.9998364357553121,-1.0000101039660114,-0.9998379174676958,-0.9998381491619487,0.9998336091631034,-0.9993019493802254,0.9984162464655696,1.0000000088941023,0.985704421702406,-0.985701710658068,0.9604280924854928,-0.9655483778065427,-0.5687412997781356,0.9887147244895138,0.5843563304370829,-0.07848925211346353,-0.48925553464297705,0.38792715378191567,-0.29971794486718284,-0.37055260486844105,0.9998398265086164,-0.9998404165565451,-0.9998404165565439,0.999837904752007,0.19031920134738936,0.3176150134272406,-0.3353908494333391,0.3530387247767291
-0.9823576801687319,0.9823614164213825,0.9823555951894231,-0.9786763236437612,-0.982361858952292,-0.9857040350234618,-0.982355718394579,-0.9823539909539493,0.9886984030861798,-0.9913435360589381,0.9936380454276318,0.985704421702406,1.0000000053572173,-1.00000376714274,0.993631626208273,-0.9078742302862947,-0.6992321395200922,0.9493130826294409,0.43922514723028494,0.09065491400869456,-0.335264498886821,0.2270347611552854,-0.13463729826943022,-0.20870846031880513,0.9823537581990803,-0.9823537227570515,-0.9823537227570502,0.982362724782762,0.022136047873797752,0.1532571583901817,-0.17181355684264668,0.19029946498397343
0.9823549365558245,-0.9823586728578546,-0.9823528515313942,0.9786735485946223,0.9823591153719183,0.9857013239875538,0.9823529747290117,0.9823512472655909,-0.9886957255520461,0.9913408929804078,-0.9936340726733732,-0.985701710658068,-1.00000376714274,1.0000000019662774,-0.9936281464426879,0.9078711557833676,0.699232041777769,-0.9493101391238364,-0.43922213826710843,-0.09065687710734115,0.3352616412725655,-0.22703209124749235,0.13463481072066488,0.20870582500919652,-0.9823510144854799,0.9823509790352838,0.982350979035283,-0.9823599811927636,-0.022133808281589645,-0.15325463251904,0.17181099356163532,-0.19029686521966352
-0.9550155062965653,0.9550221683036677,0.9550109094624765,-0.949287621429919,-0.9550217701297791,-0.9604281198316074,-0.9550106314529626,-0.9550076217322264,0.965495604755503,-0.9702224726856417,0.9746065915380981,0.9604280924854928,0.993631626208273,-0.9936281464426879,0.9999999953985034,-0.8548439389670549,-0.7753278625032689,0.9078400571745162,0.3351949431546915,0.20229397505609115,-0.22696786070923267,0.11584911352437277,-0.02212418833261851,-0.09717859453417863,0.9550061156575687,-0.9550056625992052,-0.9550056625992047,0.955022218904892,-0.09065821091216296,0.040930512775486545,-0.059713010641327495,0.07846456438502768
0.9702754600837444,-0.9702678780556837,-0.9702829621412089,0.9746348265573416,0.9702713972094985,0.9655464955192166,0.9702845638178665,0.9702878072862973,-0.9604808070670408,0.955074279782274,-0.9493284525083796,-0.9655483778065427,-0.9078742302862947,0.9078711557833676,-0.8548439389670549,0.9999999930225308,0.33509969850786886,-0.9936324713193266,-0.7753878360570177,0.3352071621767624,0.6993463386881752,-0.6144041941062334,0.5376502655206344,0.5994817555250936,-0.9702923389435919,0.9702938613707529,0.9702938613707526,-0.97027371441051,-0.4392287910276318,-0.553419185183464,0.5689845309247678,-0.5843404191653836
0.5531593360173779,-0.5531806616560713,-0.5531418577155446,0.5374524146259098,0.5531756552526141,0.5687436404862218,0.5531394033952218,0.5531299904205301,-0.5841110990161776,0.5992749124971923,-0.6142293364052445,-0.5687412997781356,-0.6992321395200922,0.699232041777769,-0.7753278625032689,0.33509969850786886,0.9999999952112065,-0.43906583514454456,0.3351197399623091,-0.7753320095039934,-0.43908486573613176,0.5374688679606905,-0.6142350819659171,-0.5532082621273752,-0.5531217398728566,0.5531190641520864,0.5531190641520871,-0.5531736497372955,0.6992334289945318,0.5992793951287702,-0.5841191903162847,0.5687602304846832
-0.9913601104673281,0.9913554290968606,0.991365175404484,-0.9936385455677861,-0.9913581865805018,-0.9887132093112585,-0.9913664094156952,-0.991368377345724,0.985719293716606,-0.9823760174443175,0.9786841613503265,0.9887147244895138,0.9493130826294409,-0.9493101391238364,0.9078400571745162,-0.9936324713193266,-0.43906583514454456,0.9999999987586629,0.6993526496167399,-0.22698480840943494,-0.6144130254688666,0.521654155471564,-0.4392872235397725,-0.5055430857513057,0.9913717126133772,-0.9913728445921719,-0.9913728445921711,0.9913601565508785,0.3352743895711493,0.45611182431353675,-0.47276674205999475,0.48924567746367953
-0.5995267149190672,0.5995048400936261,0.5995459312106152,-0.6144131365759841,-0.5995117146069467,-0.5843528793769842,-0.5995491778083738,-0.5995587300049652,0.5689876580123205,-0.55341808842013,0.5376495595253422,0.5843563304370829,0.43922514723028494,-0.43922213826710843,0.3351949431546915,-0.7753878360570177,0.3351197399623091,0.6993526496167399,0.9999999895064557,-0.8548466303599598,-0.9936214069747091,0.9746204782572374,-0.9493176315713912,-0.9702470581769767,0.5995687912975887,-0.5995721070314088,-0.5995721070314087,0.5995153759230618,0.907864807130667,0.9550627806761467,-0.9604672858303751,0.9655291259673171
0.09723910596926594,-0.09721269902181642,-0.09726161214057204,0.11586743255303025,0.09722006409707909,0.07848564980929837,0.09726513995915087,0.0972767266195508,-0.059723324583166267,0.04093617172622573,-0.02213096700115471,-0.07848925211346353,0.09065491400869456,-0.09065687710734115,0.20229397505609115,0.3352071621767624,-0.7753320095039934,-0.22698480840943494,-0.8548466303599598,0.9999999922545977,0.9078372027324124,-0.9492803457105764,0.9745951813559449,0.955016568309562,-0.09728801437642455,0.09729171046359938,0.0972917104635989,-0.09722362274503558,-0.9936166965608981,-0.9702100279141607,0.9654839098684687,-0.9604186461707053
0.5055841288598092,-0.505560720536617,-0.5056045422121571,0.5216568760855453,0.5055678743270304,0.4892519640060818,0.50560793145639,0.5056181653143677,-0.472763214598444,0.45610394212531363,-0.4392799719656631,-0.48925553464297705,-0.335264498886821,0.3352616412725655,-0.22696786070923267,0.6993463386881752,-0.43908486573613176,-0.6144130254688666,-0.9936214069747091,0.9078372027324124,0.9999999868865349,-0.9936189696450721,0.9786671651578549,0.99133110785451,-0.5056287457042242,0.5056322273362829,0.505632227336283,-0.5055716053977438,-0.9492975679672409,-0.982358118988482,0.9856997963426387,-0.9886909587612288
-0.4052062957542417,0.40518165163705394,0.4052276465476621,-0.4222609622666434,-0.40518899371472955,-0.3879235089846863,-0.4052311353302293,-0.405241920699119,0.37052093222980026,-0.3529838281361219,0.3353183844523435,0.38792715378191567,0.2270347611552854,-0.22703209124749235,0.11584911352437277,-0.6144041941062334,0.5374688679606905,0.521654155471564,0.9746204782572374,-0.9492803457105764,-0.9936189696450721,0.9999999868013546,-0.9955672867109265,-0.9998043092263514,0.40525288561984846,-0.40525648886863236,-0.4052564888686317,0.4051927470807511,0.9786563829873067,0.9971583738518129,-0.998394629575697,0.9992769788914065
0.31762136496024057,-0.31759593040060813,-0.3176432895585108,0.3353286332658714,0.31760335806382817,0.2997142736753185,0.3176468273997001,0.3176579675962598,-0.2817192183920075,0.2636209392088424,-0.24542586574329694,-0.29971794486718284,-0.13463729826943022,0.13463481072066488,-0.02212418833261851,0.5376502655206344,-0.6142350819659171,-0.4392872235397725,-0.9493176315713912,0.9745951813559449,0.9786671651578549,-0.9955672867109265,0.9999999873905483,0.9971557112941233,-0.3176691464489154,0.3176728160437487,0.3176728160437484,-0.31760709354873917,-0.9936141543979325,-0.9998042032999854,0.9992752855432733,-0.9983917079183962
0.38796887029998856,-0.3879440506062356,-0.38799035099652773,0.405166168532424,0.3879514149995099,0.3705489522128252,0.3879938520617518,0.38800471604995346,-0.35301552716291645,0.33535374282556035,-0.3175698397178213,-0.37055260486844105,-0.20870846031880513,0.20870582500919652,-0.09717859453417863,0.5994817555250936,-0.5532082621273752,-0.5055430857513057,-0.9702470581769767,0.955016568309562,0.99133110785451,-0.9998043092263514,0.9971557112941233,0.9999999874717087,-0.3880157315268335,0.38801935059781656,0.3880193505978165,-0.3879551674420001,-0.982341414418289,-0.9983931209072996,0.9992768026353865,-0.9998050850031307
-1.0000180479409566,1.0000168203116335,1.0000201929058756,-0.9998390284985462,-1.0000186463894314,-0.9998387632311087,-1.000020978878935,-1.0000200644226742,0.9993060438061594,-0.9984196412322707,0.997179440945868,0.9998398265086164,0.9823537581990803,-0.9823510144854799,0.9550061156575687,-0.9702923389435919,-0.5531217398728566,0.9913717126133772,0.5995687912975887,-0.09728801437642455,-0.5056287457042242,0.40525288561984846,-0.3176691464489154,-0.3880157315268335,1.000000016636765,-1.0000226116793485,-1.0000226116793487,1.0000201803181235,0.20881191113856093,0.3354535282251692,-0.353110424331511,0.37063315224819365
1.0000187067930315,-1.000017479066495,-1.0000208518411275,0.9998397556011637,1.000019305171962,0.9998393532654158,1.000021637827466,1.0000220884874411,-0.9993065648832729,0.9984200931542035,-0.9971798235394342,-0.9998404165565451,-0.9823537227570515,0.9823509790352838,-0.9550056625992052,0.9702938613707529,0.5531190641520864,-0.9913728445921719,-0.5995721070314088,0.09729171046359938,0.5056322273362829,-0.40525648886863236,0.3176728160437487,0.38801935059781656,-1.0000226116793485,1.0000000175771906,1.000024635799762,-1.0000208391142555,-0.20881561757790162,-0.3354571871168858,0.35311407123144145,-0.3706367858722988
1.000018706793031,-1.0000174790664937,-1.000020851841126,0.9998397556011637,1.0000193051719608,0.9998393532654154,1.0000216378274656,1.0000220884874405,-0.9993065648832729,0.9984200931542027,-0.997179823539433,-0.9998404165565439,-0.9823537227570502,0.982350979035283,-0.9550056625992047,0.9702938613707526,0.5531190641520871,-0.9913728445921711,-0.5995721070314087,0.0972917104635989,0.505632227336283,-0.4052564888686317,0.3176728160437484,0.3880193505978165,-1.0000226116793487,1.000024635799762,1.0000000175771906,-1.000020839114254,-0.20881561757790124,-0.3354571871168851,0.35311407123144123,-0.3706367858722986
-1.0000149136591872,1.0000136877282808,1.0000170571819609,-0.9998346884018132,-1.0000141482543266,-0.9998368417106712,-1.0000178429220001,-1.0000182928096888,0.9993053345151195,-0.9984201446624523,0.9971811571509808,0.999837904752007,0.982362724782762,-0.9823599811927636,0.955022218904892,-0.97027371441051,-0.5531736497372955,0.9913601565508785,0.5995153759230618,-0.09722362274503558,-0.5055716053977438,0.4051927470807511,-0.31760709354873917,-0.3879551674420001,1.0000201803181235,-1.0000208391142555,-1.000020839114254,1.0000000121627393,0.2087482837987935,0.33539181519067335,-0.3530490728193195,0.37057218377581796
-0.2087632564263543,0.20873716959539096,0.20878561415226615,-0.2270474528620144,-0.20874461335982483,-0.19031554129485403,-0.20878916961973729,-0.20880060585505916,0.17181909800552653,-0.1532582173169515,0.13463954422169827,0.19031920134738936,0.022136047873797752,-0.022133808281589645,-0.09065821091216296,-0.4392287910276318,0.6992334289945318,0.3352743895711493,0.907864807130667,-0.9936166965608981,-0.9492975679672409,0.9786563829873067,-0.9936141543979325,-0.982341414418289,0.20881191113856093,-0.20881561757790162,-0.20881561757790124,0.2087482837987935,0.9999999883419767,0.9913200212787814,-0.9886750533322547,0.9856816464147128
-0.3354059518077449,0.3353806577112987,0.3354277768904035,-0.35299492096360385,-0.3353880734755376,-0.31761134492738774,-0.33543130740129373,-0.33544238434750945,0.2997223310508261,-0.2817237442354135,0.2636219701600609,0.3176150134272406,0.1532571583901817,-0.15325463251904,0.040930512775486545,-0.553419185183464,0.5992793951287702,0.45611182431353675,0.9550627806761467,-0.9702100279141607,-0.982358118988482,0.9971583738518129,-0.9998042032999854,-0.9983931209072996,0.3354535282251692,-0.3354571871168858,-0.3354571871168851,0.33539181519067335,0.9913200212787814,0.9999999877578241,-0.9998049867637316,0.9992761944447468
0.3530630697094089,-0.3530379249520083,-0.3530847876071375,0.3705275776475555,0.35304532620041,0.3353871849216277,0.35308830954272263,0.353099319352597,-0.31761048673347736,0.2997179084779916,-0.28171578965887095,-0.3353908494333391,-0.17181355684264668,0.17181099356163532,-0.059713010641327495,0.5689845309247678,-0.5841191903162847,-0.47276674205999475,-0.9604672858303751,0.9654839098684687,0.9856997963426387,-0.998394629575697,0.9992752855432733,0.9992768026353865,-0.353110424331511,0.35311407123144145,0.35311407123144123,-0.3530490728193195,-0.9886750533322547,-0.9998049867637316,0.9999999882572357,-0.9998054511541085
-0.3705860360599052,0.37056104946006446,0.37060763914467254,-0.3879199683866183,-0.37056843358140723,-0.3530350655477389,-0.37061115126321936,-0.37062209007666536,0.33537691425012073,-0.3175966200545298,0.29970047407050343,0.3530387247767291,0.19029946498397343,-0.19029686521966352,0.07846456438502768,-0.5843404191653836,0.5687602304846832,0.48924567746367953,0.9655291259673171,-0.9604186461707053,-0.9886909587612288,0.9992769788914065,-0.9983917079183962,-0.9998050850031307,0.37063315224819365,-0.3706367858722988,-0.3706367858722986,0.37057218377581796,0.9856816464147128,0.9992761944447468,-0.9998054511541085,0.9999999881567113
