0.9999999997415704,-1.000000025977277,0.2603426673035843,-0.2603484999811442,0.049627280492120125,-0.04965109969140133,-0.04961540118510253,-0.022430275627657554,0.022451764337084252,0.022419603531343386,-0.004983788537425031,0.004964390914987228,0.004993379892027288,0.26037291225697246,-0.7938358054566232,0.38040840794116676,-0.21209197149877487,0.2603352555706163,0.07633339843356395,-0.5654825469891566,0.5654807911293844,0.5654840284465836,0.5654856750249561,-0.5654851092722492,1.000000287588306,-0.7938882527729565,0.7255199396724329,-0.4755838170939169,-0.6491012600933102,-0.20124119446529937,0.05926083879282139,-0.03229596437138819
-1.000000025977277,0.9999999999696186,-0.2603526647229504,0.26035850064615956,-0.04969079126399556,0.049714610531432085,0.04967891194342437,0.022493423124834527,-0.022514912546281955,-0.02248275067337955,0.004921704684006246,-0.004902305733213959,-0.004931296725217099,-0.2603828896345839,0.793842193493899,-0.3803989739716688,0.21213808452035898,-0.2603452859049451,-0.07639656485081353,0.5654742029358583,-0.5654724360681392,-0.5654756930477008,-0.565477348632205,0.5654767798377823,-1.000000687739119,0.793882145745452,-0.7255130042644762,0.47557487401667925,0.6490935728196375,0.20121103854022623,-0.05920291776412525,0.03223562796365351
0.2603426673035843,-0.2603526647229504,0.9999999994473835,-0.999999148527756,0.15594697961918014,-0.1560328368694919,-0.15590350358896365,-0.05104089793849546,0.051138653654577294,0.05099129116320545,-0.05427809462534994,0.05418054398044349,0.05432762956983734,0.999999456096017,-0.7938330253190985,-0.7938893162481152,-0.79335532001268,0.9999982007474432,0.2593155963187101,0.6490982391977864,-0.6491011003363312,-0.6490955714522902,-0.6490924526540824,0.6490935428362846,0.2603712556330858,0.3804109854921078,-0.47558599755166564,0.7255209836970383,0.5654813229848272,-0.7943618159461072,0.2615389119915837,-0.1587571109796705
-0.2603484999811442,0.26035850064615956,-0.999999148527756,0.9999999990107906,-0.15599838296756044,0.15608423954910583,0.15595490729491965,0.05109290297691337,-0.05119065840981818,-0.05104329635242667,0.05422606607054774,-0.05412851521323792,-0.05427560113071388,-0.9999993627931613,0.7938364986452755,0.7938853132003678,0.7933867860358745,-0.9999981510543612,-0.2593658236125373,-0.6490933219102666,0.6490961921614962,0.6490906470040007,0.6490875207567973,-0.649088613454483,-0.2603770979289664,-0.38040517360745363,0.47558042559379415,-0.7255165023367641,-0.5654760531733012,0.7943299314848596,-0.26148855623213724,0.15870563417658431
0.049627280492120125,-0.04969079126399556,0.15594697961918014,-0.15599838296756044,1.0000000004250764,-1.0000018531005535,-1.0000006459260442,-0.9944377241254533,0.9944486007567407,0.9944323142955254,0.9778449255214814,-0.9778654015096111,-0.9778343516059003,0.1556329558602827,-0.1293518602197724,-0.11744759022570672,-0.7250436860834829,0.15646486615605987,0.9944217931792407,0.09298539364467834,-0.09315876453865274,-0.09284908989326775,-0.09270724595135411,0.09275515192593395,0.04981527398980964,0.05007850478669322,-0.0652043501644506,0.1058739232166473,0.07961366055260131,0.47612194978005395,-0.9125951685360048,0.9504808484503552
-0.04965109969140133,0.049714610531432085,-0.1560328368694919,0.15608423954910583,-1.0000018531005535,1.0000000018958395,1.0000014386441436,0.9944296073251636,-0.9944407227913985,-0.9944241932112428,-0.9778277684614319,0.9778482527463983,0.9778171903355164,-0.15571881716301508,0.12942094216586028,0.11751483614495316,0.7251041824250446,-0.15655071673790164,-0.9944322003761821,-0.09303998205785663,0.09321335100662241,0.09290367979910595,0.09276183738041908,-0.09280974284379717,-0.04983909330345765,-0.050109768398620046,0.06524385559425697,-0.10593517952110794,-0.07966096913388877,-0.47604614577889875,0.9125606337975047,-0.9504548613537037
-0.04961540118510253,0.04967891194342437,-0.15590350358896365,0.15595490729491965,-1.0000006459260442,1.0000014386441436,1.0000000001692544,0.994442177806352,-0.994453050161496,-0.994436770146959,-0.9778539569134184,0.9778744287009278,0.977843385129476,-0.155589477675226,0.12931699348567596,0.11741342357104512,0.7250132616013316,-0.1564213936803598,-0.9944169721034506,-0.09295760748870067,0.09313097942766603,0.0928213029343072,0.09267945817203248,-0.09272736442203157,-0.0498033946870562,-0.0500624989649576,0.0651841793556514,-0.10584277438204295,-0.07958954873378837,-0.4761605440335795,0.9126129880939834,-0.9504943473018435
-0.022430275627657554,0.022493423124834527,-0.05104089793849546,0.05109290297691337,-0.9944377241254533,0.9944296073251636,0.994442177806352,0.9999999997334722,-1.0000004298918226,-0.999999676835806,-0.9944535735132205,0.994463873988779,0.9944481646414316,-0.050723375096337016,0.046144590062975784,0.03408413638473845,0.648470080005144,-0.051564624527298035,-0.9777747962786061,-0.024788269533014915,0.02496325386518919,0.024650741907391385,0.02450766087962938,-0.024555980734908025,-0.02261730091863222,-0.010054708799238678,0.015199931781878246,-0.029671422929880995,-0.02018382154753999,-0.5660950290057756,0.9505823704169721,-0.9779274782231158
0.022451764337084252,-0.022514912546281955,0.051138653654577294,-0.05119065840981818,0.9944486007567407,-0.9944407227913985,-0.994453050161496,-1.0000004298918226,1.0000000005580474,1.0000000146308519,0.9944438517567358,-0.9944543921630579,-0.9944384380423964,0.050821132100694236,-0.046219697361049764,-0.0341642413781646,-0.6485449430457112,0.05166237787509609,0.9777958749481152,0.024854848637465007,-0.025029832477850376,-0.02471732135737219,-0.024574240655551152,0.02462256040439054,0.022638791635036203,0.010095693147636312,-0.0152500354251378,0.029745174038848767,0.020242488247635984,0.5660146892909712,-0.950552535180134,0.9779075926357091
0.022419603531343386,-0.02248275067337955,0.05099129116320545,-0.05104329635242667,0.9944323142955254,-0.9944241932112428,-0.994436770146959,-0.999999676835806,1.0000000146308519,0.9999999994783851,0.9944586176686027,-0.9944689133041622,-0.9944532112547021,0.05067376764040131,-0.046106622796041455,-0.03404334009360887,-0.6484321578029176,0.051515019008773644,0.977764206919606,0.024754300237333524,-0.02492928483825438,-0.024616772421293884,-0.024473691212446785,0.024522011127035104,0.022606627822280793,0.010033688269697968,-0.015174294462629129,0.0296338316439649,0.02015385205739846,0.5661358653129757,-0.9505976175874117,0.977937678835036
-0.004983788537425031,0.004921704684006246,-0.05427809462534994,0.05422606607054774,0.9778449255214814,-0.9778277684614319,-0.9778539569134184,-0.9944535735132205,0.9944438517567358,0.9944586176686027,0.9999999997492485,-0.9999999045252793,-0.9999996875642132,-0.05459558726355706,0.037458007143046035,0.04953057439522412,-0.5648107178683351,-0.053754349704046495,0.9502990604076488,-0.04357788840860046,0.04340323528995451,0.04371511158859052,0.043857839721232465,-0.04380964293157051,-0.004799805912526387,-0.03001449495518567,0.034892759103794566,-0.046743184000749165,-0.03937625705512699,0.6496527942140372,-0.9779626530227574,0.9944790996134287
0.004964390914987228,-0.004902305733213959,0.05418054398044349,-0.05412851521323792,-0.9778654015096111,0.9778482527463983,0.9778744287009278,0.994463873988779,-0.9944543921630579,-0.9944689133041622,-0.9999999045252793,0.9999999997925856,0.9999994778811021,0.054498038506048375,-0.037384347385964335,-0.04944935555486448,0.5648913541423372,0.05365679628614289,-0.9503295030478585,0.043509848119847296,-0.043335193785218495,-0.04364707229622914,-0.04378980149875848,0.043741604344175185,0.004780404457993543,0.029971642734374124,-0.034840903758097265,0.04666813749921226,0.03931597418747383,-0.6495785402112456,0.9779422826099405,-0.9944691039187114
0.004993379892027288,-0.004931296725217099,0.05432762956983734,-0.05427560113071388,-0.9778343516059003,0.9778171903355164,0.977843385129476,0.9944481646414316,-0.9944384380423964,-0.9944532112547021,-0.9999996875642132,0.9999994778811021,0.9999999994779195,0.05464512118342471,-0.037495247761104994,-0.04957197893939054,0.5647696630518731,0.053803886153978624,-0.9502834294797144,0.04361264184056041,-0.04343798937093179,-0.043749864489795336,-0.04389259205336771,0.043844395457718836,0.004809399248701661,0.030036502251791553,-0.03491932595666921,0.04678147573830666,0.039407088569953015,-0.6496903909071282,0.977972824412492,-0.9944841158958435
0.26037291225697246,-0.2603828896345839,0.999999456096017,-0.9999993627931613,0.1556329558602827,-0.15571881716301508,-0.155589477675226,-0.050723375096337016,0.050821132100694236,0.05067376764040131,-0.05459558726355706,0.054498038506048375,0.05464512118342471,0.9999999998494342,-0.7938524929456305,-0.7938709363700829,-0.7931619442268799,0.9999982642378996,0.25900858083279166,0.6490749701242141,-0.6490777755924397,-0.649072346125593,-0.6490692728344476,0.649070347649071,0.2604014412272939,0.38038235347230054,-0.47555884354539013,0.7254999046032922,0.5654559459397517,-0.794555131451633,0.26184585380172354,-0.15907106447936484
-0.7938358054566232,0.793842193493899,-0.7938330253190985,0.7938364986452755,-0.1293518602197724,0.12942094216586028,0.12931699348567596,0.046144590062975784,-0.046219697361049764,-0.046106622796041455,0.037458007143046035,-0.037384347385964335,-0.037495247761104994,-0.7938524929456305,1.0000000023103037,0.26043164529441615,0.6332060789498997,-0.7938276424239076,-0.21128301676485073,-0.0526639517892601,0.05266683676038353,0.052661356520539666,0.052658373881230215,-0.05265941051220396,-0.7938544271226049,0.26043318399279786,-0.15742441695672726,-0.1574225647202231,0.052670499114054255,0.627165889736134,-0.20218462685172187,0.12046591143555574
0.38040840794116676,-0.3803989739716688,-0.7938893162481152,0.7938853132003678,-0.11744759022570672,0.11751483614495316,0.11741342357104512,0.03408413638473845,-0.0341642413781646,-0.03404334009360887,0.04953057439522412,-0.04944935555486448,-0.04957197893939054,-0.7938709363700829,0.26043164529441615,0.999999998803426,0.6259290462513912,-0.7938926457809489,-0.1996550419941266,-0.9778662946531537,0.977867810349696,0.9778647658893503,0.9778629128400533,-0.9778635679101887,0.38038156028834635,-0.8643493568633003,0.9124556000336083,-0.9944515119085684,-0.9504349874725643,0.6345538184621361,-0.21384980004711962,0.13239737635443233
-0.21209197149877487,0.21213808452035898,-0.79335532001268,0.7933867860358745,-0.7250436860834829,0.7251041824250446,0.7250132616013316,0.648470080005144,-0.6485449430457112,-0.6484321578029176,-0.5648107178683351,0.5648913541423372,0.5647696630518731,-0.7931619442268799,0.6332060789498997,0.6259290462513912,1.0000000101114874,-0.7936740148413272,-0.7936788064332437,-0.5099005797230388,0.5100094248772724,0.509814714267706,0.5097251198433788,-0.509755404904782,-0.21222776697425208,-0.29611877021689137,0.37180044415726365,-0.5711280045648058,-0.4433591156133829,0.26042531176686673,0.380085235728736,-0.47509857569130376
0.2603352555706163,-0.2603452859049451,0.9999982007474432,-0.9999981510543612,0.15646486615605987,-0.15655071673790164,-0.1564213936803598,-0.051564624527298035,0.05166237787509609,0.051515019008773644,-0.053754349704046495,0.05365679628614289,0.053803886153978624,0.9999982642378996,-0.7938276424239076,-0.7938926457809489,-0.7936740148413272,0.9999999981814705,0.25982185579855305,0.6491026049632524,-0.6491055579021645,-0.6490998650796526,-0.6490966712402522,0.6490977867635634,0.2603639414078159,0.3804171217109991,-0.4755916285847911,0.7255248900436188,0.5654863902606977,-0.7940426570303813,0.26103243791014924,-0.15823913703856868
0.07633339843356395,-0.07639656485081353,0.2593155963187101,-0.2593658236125373,0.9944217931792407,-0.9944322003761821,-0.9944169721034506,-0.9777747962786061,0.9777958749481152,0.977764206919606,0.9502990604076488,-0.9503295030478585,-0.9502834294797144,0.25900858083279166,-0.21128301676485073,-0.1996550419941266,-0.7936788064332437,0.25982185579855305,1.000000007595064,0.16026854007724473,-0.16043836093391817,-0.16013498266372278,-0.1599959600828561,0.1600429171156608,0.0765202653363169,0.08961091745149792,-0.11456836766075663,0.18103487287643547,0.13826110856517562,0.38066598601837026,-0.8643575622952779,0.9123813364089632
-0.5654825469891566,0.5654742029358583,0.6490982391977864,-0.6490933219102666,0.09298539364467834,-0.09303998205785663,-0.09295760748870067,-0.024788269533014915,0.024854848637465007,0.024754300237333524,-0.04357788840860046,0.043509848119847296,0.04361264184056041,0.6490749701242141,-0.0526639517892601,-0.9778662946531537,-0.5099005797230388,0.6491026049632524,0.16026854007724473,0.9999999990672354,-0.9999997839813531,-0.9999979683526354,-0.9999965343738849,0.9999969647551272,-0.5654588503987029,0.9504356310668761,-0.9778703101328561,0.99445119296491,0.9944523262773163,-0.5206970092664904,0.177821908694283,-0.11129420755510755
0.5654807911293844,-0.5654724360681392,-0.6491011003363312,0.6490961921614962,-0.09315876453865274,0.09321335100662241,0.09313097942766603,0.02496325386518919,-0.025029832477850376,-0.02492928483825438,0.04340323528995451,-0.043335193785218495,-0.04343798937093179,-0.6490777755924397,0.05266683676038353,0.977867810349696,0.5100094248772724,-0.6491055579021645,-0.16043836093391817,-0.9999997839813531,1.000000000317618,0.9999985748018659,0.9999973461610481,-0.9999977850040012,0.5654570619305199,-0.9504356450674533,0.9778706191647987,-0.9944526307334097,-0.9944531586055609,0.5205929410402172,-0.17765368455566283,0.1111218154996292
0.5654840284465836,-0.5654756930477008,-0.6490955714522902,0.6490906470040007,-0.09284908989326775,0.09290367979910595,0.0928213029343072,0.024650741907391385,-0.02471732135737219,-0.024616772421293884,0.04371511158859052,-0.04364707229622914,-0.043749864489795336,-0.649072346125593,0.052661356520539666,0.9778647658893503,0.509814714267706,-0.6490998650796526,-0.16013498266372278,-0.9999979683526354,0.9999985748018659,0.999999997718422,0.9999956182956031,-0.9999962724217892,0.5654603574923439,-0.9504354533134565,0.9778698609726388,-0.9944499345371155,-0.9944516096743307,0.5207784550184298,-0.177953992925416,0.11142961012680394
0.5654856750249561,-0.565477348632205,-0.6490924526540824,0.6490875207567973,-0.09270724595135411,0.09276183738041908,0.09267945817203248,0.02450766087962938,-0.024574240655551152,-0.024473691212446785,0.043857839721232465,-0.04378980149875848,-0.04389259205336771,-0.6490692728344476,0.052658373881230215,0.9778629128400533,0.5097251198433788,-0.6490966712402522,-0.1599959600828561,-0.9999965343738849,0.9999973461610481,0.9999956182956031,0.9999999960436676,-0.9999951020965003,0.5654620307484503,-0.9504351530106343,0.9778692448804878,-0.9944483875310148,-0.9944506835689826,0.5208629061859797,-0.17809130402310347,0.11157040846030979
-0.5654851092722492,0.5654767798377823,0.6490935428362846,-0.649088613454483,0.09275515192593395,-0.09280974284379717,-0.09272736442203157,-0.024555980734908025,0.02462256040439054,0.024522011127035104,-0.04380964293157051,0.043741604344175185,0.043844395457718836,0.649070347649071,-0.05265941051220396,-0.9778635679101887,-0.509755404904782,0.6490977867635634,0.1600429171156608,0.9999969647551272,-0.9999977850040012,-0.9999962724217892,-0.9999951020965003,0.999999996640112,-0.5654614559856886,0.9504352684082017,-0.977869470441979,0.9944489367166485,0.9944510171494336,-0.5208344166902215,0.17804494421076986,-0.11152286722019443
1.000000287588306,-1.000000687739119,0.2603712556330858,-0.2603770979289664,0.04981527398980964,-0.04983909330345765,-0.0498033946870562,-0.02261730091863222,0.022638791635036203,0.022606627822280793,-0.004799805912526387,0.004780404457993543,0.004809399248701661,0.2604014412272939,-0.7938544271226049,0.38038156028834635,-0.21222776697425208,0.2603639414078159,0.0765202653363169,-0.5654588503987029,0.5654570619305199,0.5654603574923439,0.5654620307484503,-0.5654614559856886,1.0000000006940721,-0.7938712138099051,0.7255002931220702,-0.475558390727013,-0.6490794530404473,-0.2011510380760307,0.05908897537704068,-0.03211705108446517
-0.7938882527729565,0.793882145745452,0.3804109854921078,-0.38040517360745363,0.05007850478669322,-0.050109768398620046,-0.0500624989649576,-0.010054708799238678,0.010095693147636312,0.010033688269697968,-0.03001449495518567,0.029971642734374124,0.030036502251791553,0.38038235347230054,0.26043318399279786,-0.8643493568633003,-0.29611877021689137,0.3804171217109991,0.08961091745149792,0.9504356310668761,-0.9504356450674533,-0.9504354533134565,-0.9504351530106343,0.9504352684082017,-0.7938712138099051,0.9999999994448807,-0.9944524562836472,0.9124557187052328,0.9778691584524978,-0.3078828507355828,0.10853388922998454,-0.06964560522545565
0.7255199396724329,-0.7255130042644762,-0.47558599755166564,0.47558042559379415,-0.0652043501644506,0.06524385559425697,0.0651841793556514,0.015199931781878246,-0.0152500354251378,-0.015174294462629129,0.034892759103794566,-0.034840903758097265,-0.03491932595666921,-0.47555884354539013,-0.15742441695672726,0.9124556000336083,0.37180044415726365,-0.4755916285847911,-0.11456836766075663,-0.9778703101328561,0.9778706191647987,0.9778698609726388,0.9778692448804878,-0.977869470441979,0.7255002931220702,-0.9944524562836472,1.0000000012794314,-0.9504371829012198,-0.9944537259038951,0.3833112775325962,-0.13314842134173552,0.08447132479166436
-0.4755838170939169,0.47557487401667925,0.7255209836970383,-0.7255165023367641,0.1058739232166473,-0.10593517952110794,-0.10584277438204295,-0.029671422929880995,0.029745174038848767,0.0296338316439649,-0.046743184000749165,0.04666813749921226,0.04678147573830666,0.7254999046032922,-0.1574225647202231,-0.9944515119085684,-0.5711280045648058,0.7255248900436188,0.18103487287643547,0.99445119296491,-0.9944526307334097,-0.9944499345371155,-0.9944483875310148,0.9944489367166485,-0.475558390727013,0.9124557187052328,-0.9504371829012198,1.00000000062552,0.97787023717529,-0.5808064492506103,0.19686042841928605,-0.12245579991457176
-0.6491012600933102,0.6490935728196375,0.5654813229848272,-0.5654760531733012,0.07961366055260131,-0.07966096913388877,-0.07958954873378837,-0.02018382154753999,0.020242488247635984,0.02015385205739846,-0.03937625705512699,0.03931597418747383,0.039407088569953015,0.5654559459397517,0.052670499114054255,-0.9504349874725643,-0.4433591156133829,0.5654863902606977,0.13826110856517562,0.9944523262773163,-0.9944531586055609,-0.9944516096743307,-0.9944506835689826,0.9944510171494336,-0.6490794530404473,0.9778691584524978,-0.9944537259038951,0.97787023717529,1.00000000095341,-0.4544798938261313,0.15627765570514163,-0.0983519680741548
-0.20124119446529937,0.20121103854022623,-0.7943618159461072,0.7943299314848596,0.47612194978005395,-0.47604614577889875,-0.4761605440335795,-0.5660950290057756,0.5660146892909712,0.5661358653129757,0.6496527942140372,-0.6495785402112456,-0.6496903909071282,-0.794555131451633,0.627165889736134,0.6345538184621361,0.26042531176686673,-0.7940426570303813,0.38066598601837026,-0.5206970092664904,0.5205929410402172,0.5207784550184298,0.5208629061859797,-0.5208344166902215,-0.2011510380760307,-0.3078828507355828,0.3833112775325962,-0.5808064492506103,-0.4544798938261313,0.999999989049601,-0.7940439590878144,0.7258389036160904
0.05926083879282139,-0.05920291776412525,0.2615389119915837,-0.26148855623213724,-0.9125951685360048,0.9125606337975047,0.9126129880939834,0.9505823704169721,-0.950552535180134,-0.9505976175874117,-0.9779626530227574,0.9779422826099405,0.977972824412492,0.26184585380172354,-0.20218462685172187,-0.21384980004711962,0.380085235728736,0.26103243791014924,-0.8643575622952779,0.177821908694283,-0.17765368455566283,-0.177953992925416,-0.17809130402310347,0.17804494421076986,0.05908897537704068,0.10853388922998454,-0.13314842134173552,0.19686042841928605,0.15627765570514163,-0.7940439590878144,0.9999999957318141,-0.9944703861326256
-0.03229596437138819,0.03223562796365351,-0.1587571109796705,0.15870563417658431,0.9504808484503552,-0.9504548613537037,-0.9504943473018435,-0.9779274782231158,0.9779075926357091,0.977937678835036,0.9944790996134287,-0.9944691039187114,-0.9944841158958435,-0.15907106447936484,0.12046591143555574,0.13239737635443233,-0.47509857569130376,-0.15823913703856868,0.9123813364089632,-0.11129420755510755,0.1111218154996292,0.11142961012680394,0.11157040846030979,-0.11152286722019443,-0.03211705108446517,-0.06964560522545565,0.08447132479166436,-0.12245579991457176,-0.0983519680741548,0.7258389036160904,-0.9944703861326256,1.0000000000309017
