1.0000000013468726,-1.000001549921413,-0.5362663446856961,0.5362662430752044,0.5362662043397156,0.5125233420942173,-0.5125232134476707,-0.5125233224519458,0.5336486375676335,-0.5336485553223771,0.5125227876069266,0.7934189687926592,-0.382403340118416,-0.7228157402275547,-0.7934184138690497,0.48024667199290266,-0.25901435810504697,-0.5570197919661933,-0.4964706634732675,0.6437057707398052,0.5414855206426468,0.7934158045534819,-0.5283970797589764,-0.538878496491748,0.5310254636760715,-0.536266017826095
-1.000001549921413,1.000000001293066,0.5362649566360085,-0.5362648525933341,-0.5362648275855123,-0.5125220005558294,0.5125218845536567,0.5125219759775658,-0.5336472263555655,0.533647155690086,-0.5125214824431585,-0.7934176564324273,0.3824023123452467,0.722814685754044,0.7934175373623985,-0.4802455129600189,0.2590151455153664,0.5570185587900837,0.4964694289827257,-0.6437045974286215,-0.5414841977841209,-0.7934158504063468,0.5283957374220667,0.538877130208567,-0.5310240831793411,0.5362646505506689
-0.5362663446856961,0.5362649566360085,0.9999999970152345,-0.9999959986293899,-0.9999949901858393,-0.9996113868941863,0.9996111877867887,0.999611398709476,-0.99999176460269,0.9999919221530821,-0.9996106810979897,-0.9392389374431683,0.9849699049038323,0.9708960563671516,0.9392392498807856,-0.9978840988660449,-0.6763502490624766,0.9996926139284245,0.9989201205353903,-0.9911265956767172,-0.9999789481280983,0.08828144824938164,0.9999550804509989,0.9999921798098041,-0.9999781824662337,0.999995093441577
0.5362662430752044,-0.5362648525933341,-0.9999959986293899,0.9999999977342037,0.9999960101256782,0.9996117972688575,-0.9996115569674443,-0.99961182973854,0.9999922266041452,-0.9999919548814431,0.9996109888803592,0.9392387508948088,-0.9849697916656254,-0.9708959579795639,-0.9392390601106441,0.9978841792929037,0.6763500154619423,-0.9996927418971397,-0.9989203212459877,0.9911266057776007,0.9999792355436466,-0.08828128211083215,-0.9999554169471672,-0.999992148845861,0.9999785823292721,-0.9999957359337673
0.5362662043397156,-0.5362648275855123,-0.9999949901858393,0.9999960101256782,0.9999999963142138,0.9996110495240703,-0.9996108733077924,-0.9996110504769973,0.9999913668054863,-0.999991534268809,0.999610402506129,0.9392389335118654,-0.984969929203672,-0.9708960118326148,-0.9392392485118195,0.997883975760514,0.6763504729551446,-0.9996924467228,-0.9989199155237859,0.9911264940697876,0.9999786738826122,-0.08828173119766122,-0.9999547758716976,-0.999991835426795,0.9999778308691494,-0.9999941357352025
0.5125233420942173,-0.5125220005558294,-0.9996113868941863,0.9996117972688575,0.9996110495240703,1.0000000033547936,-1.0000039603137185,-1.0000044230553515,0.9996935240294225,-0.9996936836495272,1.000003658996727,0.9293046882277198,-0.9894069029364277,-0.9638431527735462,-0.9293050118831441,0.9993129257286422,0.6966285439142685,-0.9986165657894108,-0.9998311917649679,0.9870380601888645,0.9994213480990909,-0.11602293662015498,-0.9998295827659855,-0.9995210692316768,0.9997663201063673,-0.9996108198413576
-0.5125232134476707,0.5125218845536567,0.9996111877867887,-0.9996115569674443,-0.9996108733077924,-1.0000039603137185,1.0000000028326592,1.000004477317799,-0.999693299555914,0.99969343855122,-1.0000028574125737,-0.9293041451472319,0.989406191529774,0.9638426230600678,0.9293044673417371,-0.9993123761530982,-0.6966277464650407,0.9986160914638286,0.9998307279706337,-0.9870375552347417,-0.9994209808898585,0.11602246554725666,0.9998292400792552,0.9995207748252491,-0.999766034181686,0.9996106539469155
-0.5125233224519458,0.5125219759775658,0.999611398709476,-0.99961182973854,-0.9996110504769973,-1.0000044230553515,1.000004477317799,1.0000000034999275,-0.9996935483537456,0.9996937189112317,-1.0000037699625228,-0.9293048682161322,0.9894071843016521,0.963843327801054,0.9293051927236209,-0.9993131200749819,-0.6966289192691361,0.9986167176631829,0.9998313428208284,-0.9870382246664785,-0.9994214458766554,0.11602321061412162,0.9998296696544814,0.999521129177977,-0.9997663769884207,0.9996108159643308
0.5336486375676335,-0.5336472263555655,-0.99999176460269,0.9999922266041452,0.9999913668054863,0.9996935240294225,-0.999693299555914,-0.9996935483537456,0.9999999979474382,-0.9999969066154714,0.9996927538928915,0.9381709028281471,-0.9855005580577271,-0.9701494364414347,-0.9381712131512411,0.9980810915673908,0.6786292519892951,-0.9996113628818488,-0.9990596809665214,0.9907102019938971,0.9999554148474402,-0.09136723164510664,-0.9999795855918593,-0.9999783246632986,0.9999931402581128,-0.999991097651858
-0.5336485553223771,0.533647155690086,0.9999919221530821,-0.9999919548814431,-0.999991534268809,-0.9996936836495272,0.99969343855122,0.9996937189112317,-0.9999969066154714,0.99999999815481,-0.9996928648251668,-0.9381708419895542,0.98550052515651,0.9701494124045232,0.9381711527300518,-0.9980811223685836,-0.6786291922176231,0.9996114105836084,0.9990597545432757,-0.9907102150735675,-0.9999555108095237,0.09136721693208921,0.9999797009198572,0.9999784463834357,-0.9999928581638506,0.9999912704031807
0.5125227876069266,-0.5125214824431585,-0.9996106810979897,0.9996109888803592,0.999610402506129,1.000003658996727,-1.0000028574125737,-1.0000037699625228,0.9996927538928915,-0.9996928648251668,1.0000000017573614,0.9293031063804412,-0.9894049618399616,-0.9638416110865278,-0.9293034266313068,0.9993113699042491,0.6966265308872965,-0.9986151819333777,-0.9998294328647148,0.9870365884430228,0.9994202297978064,-0.11602189451290852,-0.9998281149235361,-0.9995201272286166,0.9997654039437495,-0.9996101994638488
0.7934189687926592,-0.7934176564324273,-0.9392389374431683,0.9392387508948088,0.9392389335118654,0.9293046882277198,-0.9293041451472319,-0.9293048682161322,0.9381709028281471,-0.9381708419895542,0.9293031063804412,1.0000000014393011,-0.8658222223753165,-0.9941175686523591,-1.000001636345417,0.9149296075391699,0.3824016520015471,-0.9474575252129874,-0.9222759283634956,0.9765341798746159,0.941347508440944,0.25901673365039624,-0.9360076876185917,-0.9402974964509977,0.9370937840378085,-0.9392388397521466
-0.382403340118416,0.3824023123452467,0.9849699049038323,-0.9849697916656254,-0.984969929203672,-0.9894069029364277,0.989406191529774,0.9894071843016521,-0.9855005580577271,0.98550052515651,-0.9894049618399616,-0.8658222223753165,1.000000001009187,0.9149286755670334,0.8658230246424269,-0.994116936422528,-0.7934169277331202,0.9803860766994494,0.9919327475262991,-0.9532668521635652,-0.9838805713114978,0.2590172789574255,0.9865336408497204,0.9844296779500276,-0.9860217839073332,0.9849698875253438
-0.7228157402275547,0.722814685754044,0.9708960563671516,-0.9708959579795639,-0.9708960118326148,-0.9638431527735462,0.9638426230600678,0.963843327801054,-0.9701494364414347,0.9701494124045232,-0.9638416110865278,-0.9941175686523591,0.9149286755670334,1.0000000017990935,0.9941180785191189,-0.9532675443694704,-0.48024345761641873,0.9765339308868872,0.9587204375557482,-0.9941177150259256,-0.9723614647653143,-0.1528645800605851,0.9686282999934359,0.971633191339369,-0.9693935024717896,0.9708959061680346
-0.7934184138690497,0.7934175373623985,0.9392392498807856,-0.9392390601106441,-0.9392392485118195,-0.9293050118831441,0.9293044673417371,0.9293051927236209,-0.9381712131512411,0.9381711527300518,-0.9293034266313068,-1.000001636345417,0.8658230246424269,0.9941180785191189,1.0000000014304868,-0.9149299375363792,-0.3824023755715722,0.94745780140347,0.9222762545029618,-0.9765343704288366,-0.9413478067620545,-0.2590159351216463,0.9360079982831854,0.9402978000884711,-0.9370940948265528,0.9392391557755941
0.48024667199290266,-0.4802455129600189,-0.9978840988660449,0.9978841792929037,0.997883975760514,0.9993129257286422,-0.9993123761530982,-0.9993131200749819,0.9980810915673908,-0.9980811223685836,0.9993113699042491,0.9149296075391699,-0.994116936422528,-0.9532675443694704,-0.9149299375363792,1.0000000011867776,0.7228133574383357,-0.9959667434496927,-0.9998290607050284,0.9803864142748975,0.997462676661871,-0.1528641831024467,-0.9984465785533784,-0.9976779687392506,0.9982685863712649,-0.9978838519631376
-0.25901435810504697,0.2590151455153664,-0.6763502490624766,0.6763500154619423,0.6763504729551446,0.6966285439142685,-0.6966277464650407,-0.6966289192691361,0.6786292519892951,-0.6786291922176231,0.6966265308872965,0.3824016520015471,-0.7934169277331202,-0.48024345761641873,-0.3824023755715722,0.7228133574383357,1.0000000012398287,-0.6578859950811088,-0.7098427291715956,0.5724331408894104,0.6717726338271078,-0.7934165952755013,-0.6831680954161041,-0.6740643435468908,0.6809018573379595,-0.6763505981367123
-0.5570197919661933,0.5570185587900837,0.9996926139284245,-0.9996927418971397,-0.9996924467228,-0.9986165657894108,0.9986160914638286,0.9986167176631829,-0.9996113628818488,0.9996114105836084,-0.9986151819333777,-0.9474575252129874,0.9803860766994494,0.9765339308868872,0.94745780140347,-0.9959667434496927,-0.6578859950811088,1.0000000008847678,0.997463694816422,-0.9941170535193631,-0.9998274142611004,0.06356640616933562,0.999420336229875,0.9997648372332979,-0.9995206116711958,0.9996922945704054
-0.4964706634732675,0.4964694289827257,0.9989201205353903,-0.9989203212459877,-0.9989199155237859,-0.9998311917649679,0.9998307279706337,0.9998313428208284,-0.9990596809665214,0.9990597545432757,-0.9998294328647148,-0.9222759283634956,0.9919327475262991,0.9587204375557482,0.9222762545029618,-0.9998290607050284,-0.7098427291715956,0.997463694816422,1.0000000018381145,-0.9838816954929815,-0.99861415627461,0.1344662727996139,0.9993103709817154,0.9987717679639788,-0.9991897834608414,0.998919750281983
0.6437057707398052,-0.6437045974286215,-0.9911265956767172,0.9911266057776007,0.9911264940697876,0.9870380601888645,-0.9870375552347417,-0.9870382246664785,0.9907102019938971,-0.9907102150735675,0.9870365884430228,0.9765341798746159,-0.9532668521635652,-0.9941177150259256,-0.9765343704288366,0.9803864142748975,0.5724331408894104,-0.9941170535193631,-0.9838816954929815,1.0000000016095716,0.9919316405138918,0.044913494164503416,-0.9898490565220374,-0.9915336644537301,0.9902843550654651,-0.9911263675803343
0.5414855206426468,-0.5414841977841209,-0.9999789481280983,0.9999792355436466,0.9999786738826122,0.9994213480990909,-0.9994209808898585,-0.9994214458766554,0.9999554148474402,-0.9999555108095237,0.9994202297978064,0.941347508440944,-0.9838805713114978,-0.9723614647653143,-0.9413478067620545,0.997462676661871,0.6717726338271078,-0.9998274142611004,-0.99861415627461,0.9919316405138918,0.9999999996573871,-0.08210731550967017,-0.9998794821127241,-0.9999935163931071,0.9999224180615186,-0.9999784689048278
0.7934158045534819,-0.7934158504063468,0.08828144824938164,-0.08828128211083215,-0.08828173119766122,-0.11602293662015498,0.11602246554725666,0.11602321061412162,-0.09136723164510664,0.09136721693208921,-0.11602189451290852,0.25901673365039624,0.2590172789574255,-0.1528645800605851,-0.2590159351216463,-0.1528641831024467,-0.7934165952755013,0.06356640616933562,0.1344662727996139,0.044913494164503416,-0.08210731550967017,1.0000000015789292,0.0975368306088507,0.08519456622076473,-0.09445239470007091,0.08828195305376153
-0.5283970797589764,0.5283957374220667,0.9999550804509989,-0.9999554169471672,-0.9999547758716976,-0.9998295827659855,0.9998292400792552,0.9998296696544814,-0.9999795855918593,0.9999797009198572,-0.9998281149235361,-0.9360076876185917,0.9865336408497204,0.9686282999934359,0.9360079982831854,-0.9984465785533784,-0.6831680954161041,0.999420336229875,0.9993103709817154,-0.9898490565220374,-0.9998794821127241,0.0975368306088507,1.000000000105763,0.9999221760205792,-0.9999942385314875,0.9999545569087926
-0.538878496491748,0.538877130208567,0.9999921798098041,-0.999992148845861,-0.999991835426795,-0.9995210692316768,0.9995207748252491,0.999521129177977,-0.9999783246632986,0.9999784463834357,-0.9995201272286166,-0.9402974964509977,0.9844296779500276,0.971633191339369,0.9402978000884711,-0.9976779687392506,-0.6740643435468908,0.9997648372332979,0.9987717679639788,-0.9915336644537301,-0.9999935163931071,0.08519456622076473,0.9999221760205792,0.9999999983707013,-0.9999550111030694,0.9999915937388895
0.5310254636760715,-0.5310240831793411,-0.9999781824662337,0.9999785823292721,0.9999778308691494,0.9997663201063673,-0.999766034181686,-0.9997663769884207,0.9999931402581128,-0.9999928581638506,0.9997654039437495,0.9370937840378085,-0.9860217839073332,-0.9693935024717896,-0.9370940948265528,0.9982685863712649,0.6809018573379595,-0.9995206116711958,-0.9991897834608414,0.9902843550654651,0.9999224180615186,-0.09445239470007091,-0.9999942385314875,-0.9999550111030694,0.9999999990100119,-0.9999775867873569
-0.536266017826095,0.5362646505506689,0.999995093441577,-0.9999957359337673,-0.9999941357352025,-0.9996108198413576,0.9996106539469155,0.9996108159643308,-0.999991097651858,0.9999912704031807,-0.9996101994638488,-0.9392388397521466,0.9849698875253438,0.9708959061680346,0.9392391557755941,-0.9978838519631376,-0.6763505981367123,0.9996922945704054,0.998919750281983,-0.9911263675803343,-0.9999784689048278,0.08828195305376153,0.9999545569087926,0.9999915937388895,-0.9999775867873569,0.9999999958163979
