1.0000000001002562,-0.9999997291556973,1.000000019262972,0.9999999089865298,-0.8088092002298707,1.0000001544147532,0.30859360890193355,-0.9999998887077926,-0.8092190351962089,0.3094212423060008,-0.30853214204850876,-0.30944661027958337,0.308500517579836,-1.0000001647267134,0.9999999214957219,-1.0000000245500162,-1.000000131579413
-0.9999997291556973,0.9999999997719662,-0.9999996101363506,-0.9999994988149592,0.8088190179524619,-0.9999999306188138,-0.30860971693931827,0.9999996625160302,0.8092088578815755,-0.3094049978103318,0.30854825040689365,0.3094303658661996,-0.3085166261237285,0.9999999371415488,-0.9999996941714612,0.9999997966052421,0.9999999029901802
1.000000019262972,-0.9999996101363506,0.9999999999304413,0.9999997890616962,-0.808847010105187,1.0000000515255871,0.30865488496545235,-0.9999995948582118,-0.8091810683786489,0.30935990967001986,-0.3085934192827617,-0.30938527797434456,0.3085617954935658,-1.0000000474771733,0.9999998052347686,-0.9999999059375274,-1.0000000105246374
0.9999999089865298,-0.9999994988149592,0.9999997890616962,0.9999999997688156,-0.8088107448197192,0.9999999248105023,0.30859633751964416,-0.9999996586889915,-0.8092171195356622,0.30941837210977585,-0.3085348707334989,-0.3094437400927571,0.30850324630296416,-0.9999999344667311,0.9999996912809361,-0.9999996123472908,-0.9999997192651405
-0.8088092002298707,0.8088190179524619,-0.808847010105187,-0.8088107448197192,1.0000000073853343,-0.8089663791695376,-0.8089723803409868,0.8088834030438565,0.30900737102530806,0.30895521393034575,0.8089334746368034,-0.3089316470969383,-0.8089140689113531,0.8088353902268008,-0.8088442237889678,0.8088228264441506,0.808800603282185
1.0000001544147532,-0.9999999306188138,1.0000000515255871,0.9999999248105023,-0.8089663791695376,1.0000000001733205,0.3088481188416705,-0.9999997556750347,-0.8090616720961139,0.3091668149646881,-0.3087866568163347,-0.30919218432416484,0.30875503515189284,-1.000000191655732,0.9999999525281524,-1.0000000458214824,-1.0000001427132048
0.30859360890193355,-0.30860971693931827,0.30865488496545235,0.30859633751964416,-0.8089723803409868,0.3088481188416705,1.0000000026266311,-0.30871387962625374,0.30910677689101335,-0.8090271335137704,-1.0000016907605842,0.8090145553828021,1.0000020971978978,-0.3086359448576968,0.30865047593838696,-0.30861576355462267,-0.30857971147029756
-0.9999998887077926,0.9999996625160302,-0.9999995948582118,-0.9999996586889915,0.8088834030438565,-0.9999997556750347,-0.30871387962625374,0.9999999997511361,0.8091445002143276,-0.3093008513279994,0.30865241507171437,0.30932621995039916,-0.308620791937221,0.9999999196803573,-0.999999496509272,0.9999997768284062,0.9999998790639711
-0.8092190351962089,0.8092088578815755,-0.8091810683786489,-0.8092171195356622,0.30900737102530806,-0.8090616720961139,0.30910677689101335,0.8091445002143276,0.9999999930468851,-0.8090547457027479,-0.30916713391056216,0.8090724098506384,0.3091988913707514,0.8091929120390245,-0.8091836938332596,0.8092052367259405,0.8092276110495316
0.3094212423060008,-0.3094049978103318,0.30935990967001986,0.30941837210977585,0.30895521393034575,0.3091668149646881,-0.8090271335137704,-0.3093008513279994,-0.8090547457027479,0.999999995221917,0.8090635189328538,-0.9999960947583015,-0.8090832850034322,-0.3093789342082891,0.3093642570142455,-0.3093990230797378,-0.3094351309162396
-0.30853214204850876,0.30854825040689365,-0.3085934192827617,-0.3085348707334989,0.8089334746368034,-0.3087866568163347,-1.0000016907605842,0.30865241507171437,-0.30916713391056216,0.8090635189328538,1.0000000000703537,-0.8090507603851045,-1.000000142612935,0.3085744788058503,-0.3085890101786206,0.3085542971292928,0.30851824435371106
-0.30944661027958337,0.3094303658661996,-0.30938527797434456,-0.3094437400927571,-0.3089316470969383,-0.30919218432416484,0.8090145553828021,0.30932621995039916,0.8090724098506384,-0.9999960947583015,-0.8090507603851045,0.9999999994220315,0.8090705272025746,0.3094043024129478,-0.30938962529225256,0.30942439117120896,0.309460498813979
0.308500517579836,-0.3085166261237285,0.3085617954935658,0.30850324630296416,-0.8089140689113531,0.30875503515189284,1.0000020971978978,-0.308620791937221,0.3091988913707514,-0.8090832850034322,-1.000000142612935,0.8090705272025746,1.0000000003972702,-0.30854285480283994,0.3085573863442603,-0.3085226729087907,-0.3084866197321613
-1.0000001647267134,0.9999999371415488,-1.0000000474771733,-0.9999999344667311,0.8088353902268008,-1.000000191655732,-0.3086359448576968,0.9999999196803573,0.8091929120390245,-0.3093789342082891,0.3085744788058503,0.3094043024129478,-0.30854285480283994,1.000000000138147,-0.9999997676247767,1.0000000509362206,1.00000015627957
0.9999999214957219,-0.9999996941714612,0.9999998052347686,0.9999996912809361,-0.8088442237889678,0.9999999525281524,0.30865047593838696,-0.999999496509272,-0.8091836938332596,0.3093642570142455,-0.3085890101786206,-0.30938962529225256,0.3085573863442603,-0.9999997676247767,0.9999999997893794,-0.9999996261824952,-0.9999999128245508
-1.0000000245500162,0.9999997966052421,-0.9999999059375274,-0.9999996123472908,0.8088228264441506,-1.0000000458214824,-0.30861576355462267,0.9999997768284062,0.8092052367259405,-0.3093990230797378,0.3085542971292928,0.30942439117120896,-0.3085226729087907,1.0000000509362206,-0.9999996261824952,0.9999999999354532,1.0000000164117535
-1.000000131579413,0.9999999029901802,-1.0000000105246374,-0.9999997192651405,0.808800603282185,-1.0000001427132048,-0.30857971147029756,0.9999998790639711,0.8092276110495316,-0.3094351309162396,0.30851824435371106,0.309460498813979,-0.3084866197321613,1.00000015627957,-0.9999999128245508,1.0000000164117535,1.000000000089191
