1.0000000081898075,-1.000010059572845,-1.0000114658632782,1.0000077496470308,1.0000118632028798,1.000011430099061,-1.0000104837786719,-1.0000118900690993,1.0000077496470317,-1.0000139296210402,1.000015006143441,-0.9999986489745625,1.0000005870414213,-1.0000051818262985,-0.9999991526873743,-1.0000025596820574,1.0000005799401162,1.0000037250120548,-0.9999995454481038,-0.9999995454481042,0.9999989335075469,0.9999989335075488
-1.000010059572845,1.0000000068337067,1.0000109437492646,-1.0000063791203928,-1.0000104926754418,-1.0000104837786745,1.0000095374576425,1.0000109437492608,-1.0000068033262226,1.000012983298817,-1.0000140598210616,0.9999977026548411,-0.9999996407194393,1.0000042355052328,0.9999982063613936,1.000001613346069,-0.9999996336073864,-1.000002778674424,0.9999985991175601,0.9999985991175582,-0.9999979871794262,-0.9999979871794284
-1.0000114658632782,1.0000109437492646,1.0000000088489551,-1.0000082096178786,-1.000012323173642,-1.000011890069103,1.000010943749261,1.0000123500387301,-1.0000082096178797,1.0000143895918963,-1.0000154661142384,0.9999991089460288,-1.0000010470140495,1.0000056417976781,0.9999996126627647,1.0000030196633363,-1.0000010399196069,-1.0000041849942147,1.0000000054263487,1.0000000054263483,-0.9999993934843329,-0.9999993934843335
1.0000077496470308,-1.0000063791203928,-1.0000082096178786,1.0000000029156308,1.0000081827471732,1.0000077496470303,-1.0000068033262184,-1.0000082096178742,1.0000040691986285,-1.0000102491611287,1.0000113256817542,-0.9999949685405769,0.9999969065991928,-1.000001077174704,-0.9999954722367798,-0.9999988792015867,0.9999968994704813,1.0000000445259043,-0.9999958649853699,-0.9999958649853674,0.9999952530517758,0.999995253051778
1.0000118632028798,-1.0000104926754418,-1.000012323173642,1.0000081827471732,1.0000000088104561,1.000011863202879,-1.0000104926754385,-1.0000123231736384,1.000008182747174,-1.0000139385204163,1.0000154392495708,-0.9999990820667375,1.0000010201342282,-1.000005614923896,-0.9999995857767411,-1.000002992769381,1.000001013027288,1.0000041580996128,-0.9999999785354508,-0.9999999785354499,0.9999993665955885,0.9999993665955913
1.000011430099061,-1.0000104837786745,-1.000011890069103,1.0000077496470303,1.000011863202879,1.0000000081898075,-1.0000100595728418,-1.0000114658632715,1.000007749647032,-1.0000139296210404,1.00001500614344,-0.9999986489745619,1.0000005870414204,-1.0000051818262985,-0.9999991526873729,-1.0000025596820576,1.000000579940117,1.0000037250120537,-0.999999545448104,-0.9999995454481038,0.9999989335075469,0.9999989335075496
-1.0000104837786719,1.0000095374576425,1.000010943749261,-1.0000068033262184,-1.0000104926754385,-1.0000100595728418,1.0000000068337067,1.000010943749258,-1.0000063791203948,1.0000129832988127,-1.00001405982106,0.9999977026548391,-0.9999996407194375,1.0000042355052314,0.9999982063613899,1.0000016133460663,-0.999999633607383,-1.000002778674422,0.999998599117557,0.999998599117556,-0.9999979871794236,-0.9999979871794263
-1.0000118900690993,1.0000109437492608,1.0000123500387301,-1.0000082096178742,-1.0000123231736384,-1.0000114658632715,1.000010943749258,1.0000000088489551,-1.0000082096178757,1.000014389591892,-1.0000154661142335,0.9999991089460237,-1.0000010470140452,1.0000056417976744,0.9999996126627608,1.0000030196633312,-1.0000010399196024,-1.0000041849942098,1.000000005426344,1.0000000054263427,-0.999999393484329,-0.9999993934843304
1.0000077496470317,-1.0000068033262226,-1.0000082096178797,1.0000040691986285,1.000008182747174,1.000007749647032,-1.0000063791203948,-1.0000082096178757,1.0000000029156308,-1.0000102491611282,1.0000113256817549,-0.9999949685405775,0.9999969065991945,-1.0000010771747092,-0.9999954722367811,-0.9999988792015884,0.9999968994704824,1.0000000445259059,-0.9999958649853703,-0.9999958649853695,0.9999952530517769,0.999995253051778
-1.0000139296210402,1.000012983298817,1.0000143895918963,-1.0000102491611287,-1.0000139385204163,-1.0000139296210404,1.0000129832988127,1.000014389591892,-1.0000102491611282,1.000000011771689,-1.0000170814681157,1.0000011484684042,-1.0000030865403016,1.0000076813348795,1.000001652184563,1.0000050591902818,-1.0000030794428476,-1.0000062245234176,1.0000020449477927,1.0000020449477922,-1.0000014330050282,-1.0000014330050304
1.000015006143441,-1.0000140598210616,-1.0000154661142384,1.0000113256817542,1.0000154392495708,1.00001500614344,-1.00001405982106,-1.0000154661142335,1.0000113256817549,-1.0000170814681157,1.0000000133143763,-1.0000022249834364,1.000004163057671,-1.0000087578542454,-1.0000027287034143,-1.0000061357166672,1.0000041559663073,1.0000073010513721,-1.000003121469446,-1.0000031214694463,1.000002509524972,1.0000025095249747
-0.9999986489745625,0.9999977026548411,0.9999991089460288,-0.9999949685405769,-0.9999990820667375,-0.9999986489745619,0.9999977026548391,0.9999991089460237,-0.9999949685405775,1.0000011484684042,-1.0000022249834364,0.999999989874194,-0.9999873817616739,0.999992400732745,0.9999863715918201,0.9999897784920927,-0.9999877987858897,-0.9999909438030894,0.9999867643161815,0.9999867643161804,-0.9999861523972643,-0.9999861523972656
1.0000005870414213,-0.9999996407194393,-1.0000010470140495,0.9999969065991928,1.0000010201342282,1.0000005870414204,-0.9999996407194375,-1.0000010470140452,0.9999969065991945,-1.0000030865403016,1.000004163057671,-0.9999873817616739,0.9999999926514552,-0.9999939145797969,-0.9999878854242775,-0.9999917165352891,0.9999897368255631,0.9999928818484323,-0.9999887023541454,-0.9999887023541435,0.9999880904345082,0.9999880904345103
-1.0000051818262985,1.0000042355052328,1.0000056417976781,-1.000001077174704,-1.000005614923896,-1.0000051818262985,1.0000042355052314,1.0000056417976744,-1.0000010771747092,1.0000076813348795,-1.0000087578542454,0.999992400732745,-0.9999939145797969,0.999999999235885,0.9999929044175191,0.9999963113616682,-0.9999943316380828,-0.9999974766820325,0.9999932971577525,0.9999932971577515,-0.999992685228968,-0.9999926852289692
-0.9999991526873743,0.9999982063613936,0.9999996126627647,-0.9999954722367798,-0.9999995857767411,-0.9999991526873729,0.9999982063613899,0.9999996126627608,-0.9999954722367811,1.000001652184563,-1.0000027287034143,0.9999863715918201,-0.9999878854242775,0.9999929044175191,0.9999999905959417,0.9999902821105168,-0.9999883024083669,-0.9999914474201453,0.9999872679425971,0.9999872679425966,-0.9999862318243967,-0.9999862318243994
-1.0000025596820574,1.000001613346069,1.0000030196633363,-0.9999988792015867,-1.000002992769381,-1.0000025596820576,1.0000016133460663,1.0000030196633312,-0.9999988792015884,1.0000050591902818,-1.0000061357166672,0.9999897784920927,-0.9999917165352891,0.9999963113616682,0.9999902821105168,0.9999999954780694,-0.9999912850609316,-0.9999944300753835,0.9999906748026273,0.9999906748026278,-0.9999900628961297,-0.9999900628961316
1.0000005799401162,-0.9999996336073864,-1.0000010399196069,0.9999968994704813,1.000001013027288,1.000000579940117,-0.999999633607383,-1.0000010399196024,0.9999968994704824,-1.0000030794428476,1.0000041559663073,-0.9999877987858897,0.9999897368255631,-0.9999943316380828,-0.9999883024083669,-0.9999912850609316,0.9999999926411072,0.9999928745762524,-0.9999882708975225,-0.9999882708975221,0.9999880831964719,0.999988083196473
1.0000037250120548,-1.000002778674424,-1.0000041849942147,1.0000000445259043,1.0000041580996128,1.0000037250120537,-1.000002778674422,-1.0000041849942098,1.0000000445259059,-1.0000062245234176,1.0000073010513721,-0.9999909438030894,0.9999928818484323,-0.9999974766820325,-0.9999914474201453,-0.9999944300753835,0.9999928745762524,0.9999999971479904,-0.9999918401113075,-0.9999918401113063,0.9999912282047079,0.9999912282047076
-0.9999995454481038,0.9999985991175601,1.0000000054263487,-0.9999958649853699,-0.9999999785354508,-0.999999545448104,0.999998599117557,1.000000005426344,-0.9999958649853703,1.0000020449477927,-1.000003121469446,0.9999867643161815,-0.9999887023541454,0.9999932971577525,0.9999872679425971,0.9999906748026273,-0.9999882708975225,-0.9999918401113075,0.9999999911586955,0.9999876606404018,-0.9999866245269164,-0.9999870487327438
-0.9999995454481042,0.9999985991175582,1.0000000054263483,-0.9999958649853674,-0.9999999785354499,-0.9999995454481038,0.999998599117556,1.0000000054263427,-0.9999958649853695,1.0000020449477922,-1.0000031214694463,0.9999867643161804,-0.9999887023541435,0.9999932971577515,0.9999872679425966,0.9999906748026278,-0.9999882708975221,-0.9999918401113063,0.9999876606404018,0.9999999911586955,-0.999987048732742,-0.9999866245269206
0.9999989335075469,-0.9999979871794262,-0.9999993934843329,0.9999952530517758,0.9999993665955885,0.9999989335075469,-0.9999979871794236,-0.999999393484329,0.9999952530517769,-1.0000014330050282,1.000002509524972,-0.9999861523972643,0.9999880904345082,-0.999992685228968,-0.9999862318243967,-0.9999900628961297,0.9999880831964719,0.9999912282047079,-0.9999866245269164,-0.999987048732742,0.9999999902818154,0.9999864368232879
0.9999989335075488,-0.9999979871794284,-0.9999993934843335,0.999995253051778,0.9999993665955913,0.9999989335075496,-0.9999979871794263,-0.9999993934843304,0.999995253051778,-1.0000014330050304,1.0000025095249747,-0.9999861523972656,0.9999880904345103,-0.9999926852289692,-0.9999862318243994,-0.9999900628961316,0.999988083196473,0.9999912282047076,-0.9999870487327438,-0.9999866245269206,0.9999864368232879,0.9999999902818154
