0.9999999995014496,-0.9999993576376769,0.9999995923312965,-0.9999992994295236,0.9999994623600332,-0.9999995923313992,-0.9999994984746464,0.9999997446014378,-0.9999996946098204,-0.9999997647189618,0.9999994984746797,-0.9999997446014756,0.999999694609869,0.9999997647189731,-0.9999996515374537,0.9999995536098352,0.9999995313807327,-0.9999994454548627,-0.9999994730950257,-0.9999993040817924,0.9999996515375592,-0.9999995536099278,-0.9999995313808344,0.9999994454549493,0.9999994730951122,0.9999993040818995,0.9999995700055403,-0.9999995996856323,-0.9999994060403219,-0.9999994060403273,0.9999995418403155,-0.9999995700056358,0.9999995996857308,0.9999994060404239,0.9999994060404225,-0.9999995418404095,0.9999995751230859,-0.9999994583025666,-0.9999995751231545,0.999999458302647,0.9999996797781328,0.9999996797781314,-0.9999996797781437,-0.999999679778144
-0.9999993576376769,0.9999999997333467,-0.9999996505478049,0.9999994623600232,-0.9999996252947743,0.9999997552701504,0.9999996614232387,-0.9999999075549552,0.9999998575612903,0.9999999276753118,-0.9999996614232721,0.9999999075549932,-0.9999998575613385,-0.9999999276753222,0.999999814480023,-0.9999997165566636,-0.9999996943185886,0.9999996084011183,0.9999996360429031,0.9999994670149519,-0.9999998144801269,0.9999997165567556,0.9999996943186884,-0.999999608401205,-0.9999996360429886,-0.9999994670150579,-0.9999997329445768,0.9999997626284386,0.9999995689750445,0.9999995689750488,-0.9999997047873013,0.9999997329446714,-0.9999997626285351,-0.9999995689751445,-0.9999995689751432,0.9999997047873945,-0.9999997380733933,0.9999996212504634,0.9999997380734587,-0.999999621250543,-0.9999998427339624,-0.999999842733959,0.9999998427339708,0.9999998427339708
0.9999995923312965,-0.9999996505478049,0.9999999999183398,-0.9999995923313985,0.999999755270159,-0.9999998852493082,-0.9999997914096846,1.0000000375461495,-0.9999999875509761,-1.0000000576690806,0.9999997914097173,-1.0000000375461835,0.9999999875510253,1.0000000576690915,-0.9999998397402958,0.9999998465428874,0.9999998242966635,-0.9999997383868053,-0.9999997660298741,-0.9999995969885479,0.9999999444626398,-0.9999998465429762,-0.9999998242967606,0.9999997383868877,0.9999997660299595,0.9999995969886503,0.9999998629235874,-0.9999998926109824,-0.9999996989501057,-0.9999996989501113,0.999999834773548,-0.9999998629236792,0.9999998926110779,0.9999996989502044,0.999999698950203,-0.9999998347736369,0.9999998680623245,-0.9999997512373868,-0.9999998680623893,0.9999997512374629,0.9999999727272451,0.9999999727272418,-0.9999999727272543,-0.9999999727272543
-0.9999992994295236,0.9999994623600232,-0.9999995923313985,0.9999999995014496,-0.9999993576376753,0.9999995923312897,0.9999994984746776,-0.9999997446014696,0.9999996946098726,0.9999997647189737,-0.9999994984746395,0.9999997446014363,-0.9999996946098101,-0.9999997647189538,0.9999996515375524,-0.999999553609925,-0.9999995313808345,0.9999994454549535,0.9999994730951054,0.9999993040818953,-0.9999996515374519,0.9999995536098303,0.9999995313807257,-0.9999994454548524,-0.9999994730950229,-0.999999304081788,-0.9999995700056382,0.9999995996857268,0.9999994060404197,0.9999994060404247,-0.9999995418404041,0.9999995700055322,-0.999999599685631,-0.9999994060403197,-0.9999994060403176,0.9999995418403141,-0.999999575123159,0.9999994583026465,0.9999995751230761,-0.9999994583025607,-0.9999996797781364,-0.9999996797781323,0.9999996797781346,0.9999996797781346
0.9999994623600332,-0.9999996252947743,0.999999755270159,-0.9999993576376753,0.9999999997333467,-0.9999996505478064,-0.9999996614232797,0.9999999075549951,-0.9999998575613496,-0.9999999276753316,0.9999996614232415,-0.9999999075549623,0.9999998575612892,0.9999999276753134,-0.9999998144801294,0.9999997165567623,0.9999996943186971,-0.999999608401216,-0.9999996360429914,-0.9999994670150635,0.9999998144800306,-0.9999997165566676,-0.9999996943185901,0.999999608401117,0.9999996360429099,0.9999994670149571,0.9999997329446811,-0.999999762628539,-0.9999995689751497,-0.9999995689751541,0.9999997047873972,-0.999999732944576,0.9999997626284456,0.9999995689750499,0.9999995689750477,-0.9999997047873079,0.9999997380734711,-0.9999996212505508,-0.9999997380733897,0.9999996212504654,0.9999998427339718,0.9999998427339694,-0.9999998427339708,-0.9999998427339716
-0.9999995923313992,0.9999997552701504,-0.9999998852493082,0.9999995923312897,-0.9999996505478064,0.9999999999183398,0.9999997914097158,-1.0000000375461786,0.9999999875510279,1.000000057669092,-0.9999997914096799,1.0000000375461469,-0.9999999875509676,-1.0000000576690737,0.9999999444626329,-0.9999998465429732,-0.9999998242967619,0.999999738386892,0.9999997660299519,0.9999995969886469,-0.9999998397402937,0.999999846542882,0.9999998242966559,-0.9999997383867952,-0.9999997660298735,-0.9999995969885447,-0.9999998629236806,0.9999998926110722,0.9999996989502006,0.9999996989502058,-0.9999998347736309,0.9999998629235789,-0.9999998926109809,-0.9999996989501042,-0.9999996989501019,0.9999998347735459,-0.9999998680623934,0.9999997512374633,0.9999998680623136,-0.9999997512373789,-0.9999999727272465,-0.9999999727272426,0.9999999727272462,0.9999999727272463
-0.9999994984746464,0.9999996614232387,-0.9999997914096846,0.9999994984746776,-0.9999996614232797,0.9999997914097158,0.9999999997848168,-0.9999998390468161,0.9999998937588074,0.9999999639007946,-0.999999697621393,0.9999999437690762,-0.9999998937588171,-0.9999999639007963,0.9999998506352227,-0.9999997527264692,-0.9999997304587793,0.9999996445672282,0.9999996722171396,0.999999503140539,-0.9999998506352585,0.9999997527264991,0.9999997304588084,-0.9999996445672513,-0.9999996722171718,-0.9999995031405736,-0.9999997690951383,0.9999997987863872,0.9999996051088292,0.9999996051088343,-0.9999997409592651,0.9999997690951671,-0.9999997987864201,-0.9999996051088632,-0.9999996051088608,0.9999997409592971,-0.9999997742613359,0.9999996574261018,0.999999774261353,-0.9999996574261263,-0.9999998789559335,-0.9999998789559305,0.9999998789559377,0.999999878955938
0.9999997446014378,-0.9999999075549552,1.0000000375461495,-0.9999997446014696,0.9999999075549951,-1.0000000375461786,-0.9999998390468161,1.0000000001351554,-1.0000000351878116,-1.0000001053351646,0.9999999437690714,-1.0000001899224793,1.0000001399100678,1.0000002100574064,-1.0000000967761424,0.9999999988724877,0.9999999765941916,-0.9999998907126322,-0.999999918364431,-0.9999997492704717,1.0000000967761788,-0.9999999988725158,-0.99999997659422,0.9999998907126562,0.9999999183644614,0.9999997492705065,1.000000015231709,-1.0000000449275575,-0.999999851240387,-0.9999998512403919,0.9999999871054526,-1.0000000152317359,1.0000000449275899,0.9999998512404196,0.999999851240419,-0.9999999871054854,1.0000000204113775,-0.9999999035733899,-1.0000000204113944,0.999999903573414,1.0000001251119706,1.000000125111969,-1.0000001251119768,-1.0000001251119779
-0.9999996946098204,0.9999998575612903,-0.9999999875509761,0.9999996946098726,-0.9999998575613496,0.9999999875510279,0.9999998937588074,-1.0000000351878116,1.0000000000639775,1.0000001600428867,-0.999999893758822,1.0000001399100762,-1.000000089901907,-1.0000001600428905,1.0000000467779242,-0.9999999488714509,-0.9999999265981805,0.9999998407123197,0.9999998683621687,0.9999996992764865,-1.0000000467779782,0.999999948871496,0.9999999265982278,-0.9999998407123605,-0.999999868362214,-0.999999699276541,-0.9999999652331836,0.9999999949283422,0.9999998012448085,0.9999998012448139,-0.999999937103699,0.9999999652332294,-0.9999999949283922,-0.9999998012448603,-0.9999998012448583,0.9999999371037466,-0.9999998656836525,0.9999998535706647,0.9999999704059293,-0.9999998535707048,-1.0000000750981335,-1.000000075098131,1.0000000750981417,1.0000000750981424
-0.9999997647189618,0.9999999276753118,-1.0000000576690806,0.9999997647189737,-0.9999999276753316,1.000000057669092,0.9999999639007946,-1.0000001053351646,1.0000001600428867,1.000000000163815,-0.9999999639007982,1.0000002100574117,-1.0000001600428885,-1.0000002301944602,1.0000001169018364,-1.0000000190011273,-0.9999999967167619,0.9999999108408114,0.9999999384939233,0.99999976938997,-1.0000001169018533,1.0000000190011393,0.9999999967167719,-0.9999999108408176,-0.9999999384939393,-0.9999997693899838,-1.000000035355552,1.0000000650536292,0.9999998713612241,0.9999998713612295,-1.000000007234333,1.0000000353555611,-1.0000000650536447,-0.9999998713612387,-0.9999998713612374,1.0000000072343465,-1.0000000405429048,0.9999999237029976,1.000000040542908,-0.9999999237030078,-1.0000000405263711,-1.0000000405263707,1.0000001452486227,1.0000001452486238
0.9999994984746797,-0.9999996614232721,0.9999997914097173,-0.9999994984746395,0.9999996614232415,-0.9999997914096799,-0.999999697621393,0.9999999437690714,-0.999999893758822,-0.9999999639007982,0.9999999997848168,-0.999999839046821,0.9999998937587973,0.9999999639007886,-0.9999998506352549,0.9999997527264982,0.9999997304588112,-0.9999996445672573,-0.9999996722171656,-0.9999995031405723,0.9999998506352235,-0.9999997527264665,-0.999999730458772,0.9999996445672192,0.9999996722171409,0.9999995031405364,0.9999997690951692,-0.9999997987864159,-0.9999996051088613,-0.9999996051088672,0.9999997409592933,-0.9999997690951323,0.9999997987863862,0.9999996051088285,0.9999996051088262,-0.9999997409592646,0.9999997742613567,-0.9999996574261275,-0.9999997742613239,0.999999657426097,0.9999998789559323,0.9999998789559293,-0.9999998789559345,-0.9999998789559359
-0.9999997446014756,0.9999999075549932,-1.0000000375461835,0.9999997446014363,-0.9999999075549623,1.0000000375461469,0.9999999437690762,-1.0000001899224793,1.0000001399100762,1.0000002100574117,-0.999999839046821,1.0000000001351554,-1.000000035187808,-1.0000001053351601,1.000000096776178,-0.9999999988725183,-0.9999999765942285,0.999999890712665,0.9999999183644603,0.999999749270507,-1.000000096776148,0.999999998872486,0.9999999765941884,-0.9999998907126276,-0.9999999183644355,-0.9999997492704732,-1.0000000152317434,1.0000000449275903,0.9999998512404218,0.9999998512404261,-0.9999999871054867,1.000000015231706,-1.0000000449275608,-0.9999998512403887,-0.9999998512403874,0.9999999871054582,-1.0000000204114035,0.9999999035734186,1.0000000204113715,-0.9999999035733892,-1.0000001251119761,-1.0000001251119721,1.0000001251119774,1.0000001251119779
0.999999694609869,-0.9999998575613385,0.9999999875510253,-0.9999996946098101,0.9999998575612892,-0.9999999875509676,-0.9999998937588171,1.0000001399100678,-1.000000089901907,-1.0000001600428885,0.9999998937587973,-1.000000035187808,1.0000000000639775,1.0000001600428765,-1.0000000467779688,0.9999999488714908,0.9999999265982258,-0.9999998407123605,-0.9999998683622044,-0.9999996992765331,1.00000004677792,-0.9999999488714436,-0.9999999265981684,0.9999998407123065,0.9999998683621636,0.9999996992764799,0.9999999652332265,-0.9999999949283832,-0.999999801244853,-0.9999998012448575,0.9999999371037384,-0.9999999652331725,0.9999999949283366,0.9999998012448027,0.9999998012448019,-0.9999999371036932,0.9999999704059298,-0.9999998535707004,-0.9999998656836427,0.9999998535706544,1.0000000750981304,1.0000000750981266,-1.000000075098131,-1.0000000750981322
0.9999997647189731,-0.9999999276753222,1.0000000576690915,-0.9999997647189538,0.9999999276753134,-1.0000000576690737,-0.9999999639007963,1.0000002100574064,-1.0000001600428905,-1.0000002301944602,0.9999999639007886,-1.0000001053351601,1.0000001600428765,1.000000000163815,-1.0000001169018453,1.0000000190011358,0.9999999967167713,-0.9999999108408201,-0.999999938493932,-0.9999997693899796,1.0000001169018349,-1.0000000190011222,-0.9999999967167532,0.9999999108408012,0.9999999384939227,0.9999997693899644,1.000000035355561,-1.0000000650536376,-0.9999998713612344,-0.9999998713612394,1.0000000072343413,-1.000000035355543,1.0000000650536267,0.9999998713612208,0.9999998713612198,-1.0000000072343296,1.0000000405429113,-0.999999923703005,-1.0000000405428928,0.9999999237029922,1.0000001452486142,1.000000145248613,-1.0000000405263745,-1.000000040526372
-0.9999996515374537,0.999999814480023,-0.9999998397402958,0.9999996515375524,-0.9999998144801294,0.9999999444626329,0.9999998506352227,-1.0000000967761424,1.0000000467779242,1.0000001169018364,-0.9999998506352549,1.000000096776178,-1.0000000467779688,-1.0000001169018453,1.0000000000026188,-0.9999998010418917,-0.9999997787874327,0.9999997976073021,0.9999998252522088,0.9999996561974182,-1.0000000036798653,0.9999999057642197,0.9999998835097659,-0.9999997976073801,-0.9999998252522904,-0.9999996561975164,-0.9999999221384152,0.9999999518286403,0.9999997581606391,0.9999997581606457,-0.9999998939951458,0.9999999221385022,-0.9999999518287317,-0.9999997581607338,-0.9999997581607325,0.9999998939952323,-0.9999999272875904,0.9999998104599064,0.999999927287653,-0.9999998104599812,-1.000000031959268,-1.0000000319592646,1.0000000319592766,1.0000000319592766
0.9999995536098352,-0.9999997165566636,0.9999998465428874,-0.999999553609925,0.9999997165567623,-0.9999998465429732,-0.9999997527264692,0.9999999988724877,-0.9999999488714509,-1.0000000190011273,0.9999997527264982,-0.9999999988725183,0.9999999488714908,1.0000000190011358,-0.9999998010418917,0.999999999863261,0.9999997855893519,-0.9999995949726712,-0.9999996226192923,-0.9999995582724314,0.9999999057642238,-0.9999998078526467,-0.9999997855894346,0.999999699694987,0.9999997273416076,0.999999558272521,0.9999998242198808,-0.9999998539132244,-0.9999996602374883,-0.9999996602374934,0.9999997960837981,-0.9999998242199604,0.9999998539133078,0.9999996602375762,0.9999996602375744,-0.9999997960838776,0.9999998293797262,-0.9999997125493525,-0.999999829379781,0.9999997125494189,0.999999934057751,0.999999934057748,-0.9999999340577599,-0.9999999340577594
0.9999995313807327,-0.9999996943185886,0.9999998242966635,-0.9999995313808345,0.9999996943186971,-0.9999998242967619,-0.9999997304587793,0.9999999765941916,-0.9999999265981805,-0.9999999967167619,0.9999997304588112,-0.9999999765942285,0.9999999265982258,0.9999999967167713,-0.9999997787874327,0.9999997855893519,0.999999999831588,-0.9999996774331614,-0.9999997050763108,-0.9999994313155538,0.9999998835097735,-0.9999997855894386,-0.9999997633449194,0.9999996774332425,0.999999705076394,0.999999536037897,0.9999998019722821,-0.9999998316583347,-0.999999637999304,-0.999999637999308,0.9999997738202135,-0.9999998019723714,0.9999998316584259,0.9999996379993995,0.9999996379993987,-0.9999997738203016,0.9999998071090509,-0.9999996902839975,-0.9999998071091127,0.9999996902840731,0.9999999117747935,0.9999999117747908,-0.9999999117748006,-0.9999999117748017
-0.9999994454548627,0.9999996084011183,-0.9999997383868053,0.9999994454549535,-0.999999608401216,0.999999738386892,0.9999996445672282,-0.9999998907126322,0.9999998407123197,0.9999999108408114,-0.9999996445672573,0.999999890712665,-0.9999998407123605,-0.9999999108408201,0.9999997976073021,-0.9999995949726712,-0.9999996774331614,0.9999999997093239,0.999999619183556,0.9999994501168532,-0.9999997976073919,0.9999996996949908,0.9999996774332444,-0.9999995915374537,-0.9999996191836297,-0.999999450116943,-0.9999997160633254,0.9999997457561993,0.999999552081669,0.9999995520816731,-0.9999995832037598,0.9999997160634047,-0.9999997457562829,-0.9999995520817542,-0.9999995520817528,0.9999996879260852,-0.9999997212210777,0.9999996043913038,0.9999997212211336,-0.9999996043913715,-0.9999998258975462,-0.9999998258975442,0.9999998258975541,0.9999998258975556
-0.9999994730950257,0.9999996360429031,-0.9999997660298741,0.9999994730951054,-0.9999996360429914,0.9999997660299519,0.9999996722171396,-0.999999918364431,0.9999998683621687,0.9999999384939233,-0.9999996722171656,0.9999999183644603,-0.9999998683622044,-0.999999938493932,0.9999998252522088,-0.9999996226192923,-0.9999997050763108,0.999999619183556,0.9999999997486723,0.9999994777582902,-0.9999998252522899,0.9999997273416049,0.9999997050763862,-0.9999996191836206,-0.9999996468307519,-0.9999994777583712,-0.9999997437076903,0.9999997734014153,0.9999995797240427,0.9999995797240465,-0.999999715572881,0.9999997437077633,-0.9999997734014905,-0.9999995797241199,-0.9999995797241188,0.9999997155729533,-0.9999996441475829,0.9999996320385974,0.9999997488698764,-0.9999996320386589,-0.9999998535502308,-0.9999998535502269,0.9999998535502378,0.9999998535502386
-0.9999993040817924,0.9999994670149519,-0.9999995969885479,0.9999993040818953,-0.9999994670150635,0.9999995969886469,0.999999503140539,-0.9999997492704717,0.9999996992764865,0.99999976938997,-0.9999995031405723,0.999999749270507,-0.9999996992765331,-0.9999997693899796,0.9999996561974182,-0.9999995582724314,-0.9999994313155538,0.9999994501168532,0.9999994777582902,0.9999999995080725,-0.9999996561975186,0.9999995582725201,0.9999995360378923,-0.9999994501169347,-0.9999994777583752,-0.9999993087360919,-0.999999574664092,0.9999996043458871,0.9999994106958376,0.9999994106958434,-0.9999995465031658,0.9999995746641834,-0.999999604345981,-0.9999994106959365,-0.999999410695935,0.9999995465032562,-0.9999995797884834,0.9999994629659884,0.9999995797885469,-0.999999462966066,-0.9999996844485517,-0.9999996844485489,0.9999996844485609,0.9999996844485619
0.9999996515375592,-0.9999998144801269,0.9999999444626398,-0.9999996515374519,0.9999998144800306,-0.9999998397402937,-0.9999998506352585,1.0000000967761788,-1.0000000467779782,-1.0000001169018533,0.9999998506352235,-1.000000096776148,1.00000004677792,1.0000001169018349,-1.0000000036798653,0.9999999057642238,0.9999998835097735,-0.9999997976073919,-0.9999998252522899,-0.9999996561975186,1.0000000000026188,-0.9999998010418899,-0.9999997787874292,0.9999997976072987,0.9999998252522148,0.9999996561974211,0.9999999221385106,-0.9999999518287314,-0.999999758160737,-0.999999758160743,0.9999998939952326,-0.9999999221384137,0.9999999518286465,0.9999997581606437,0.9999997581606432,-0.9999998939951511,0.9999999272876642,-0.9999998104599866,-0.9999999272875847,0.9999998104599068,1.0000000319592766,1.000000031959272,-1.0000000319592737,-1.0000000319592746
-0.9999995536099278,0.9999997165567556,-0.9999998465429762,0.9999995536098303,-0.9999997165566676,0.999999846542882,0.9999997527264991,-0.9999999988725158,0.999999948871496,1.0000000190011393,-0.9999997527264665,0.999999998872486,-0.9999999488714436,-1.0000000190011222,0.9999999057642197,-0.9999998078526467,-0.9999997855894386,0.9999996996949908,0.9999997273416049,0.9999995582725201,-0.9999998010418899,0.999999999863261,0.999999785589345,-0.9999995949726613,-0.9999996226192955,-0.9999995582724306,-0.9999998242199635,0.9999998539133045,0.999999660237573,0.9999996602375787,-0.9999997960838748,0.999999824219875,-0.9999998539132251,-0.9999996602374875,-0.9999996602374853,0.999999796083799,-0.9999998293797878,0.9999997125494211,0.9999998293797173,-0.9999997125493465,-0.9999999340577534,-0.9999999340577513,0.9999999340577526,0.9999999340577537
-0.9999995313808344,0.9999996943186884,-0.9999998242967606,0.9999995313807257,-0.9999996943185901,0.9999998242966559,0.9999997304588084,-0.99999997659422,0.9999999265982278,0.9999999967167719,-0.999999730458772,0.9999999765941884,-0.9999999265981684,-0.9999999967167532,0.9999998835097659,-0.9999997855894346,-0.9999997633449194,0.9999996774332444,0.9999997050763862,0.9999995360378923,-0.9999997787874292,0.999999785589345,0.999999999831588,-0.9999996774331498,-0.9999997050763092,-0.9999994313155433,-0.9999998019723721,0.9999998316584194,0.9999996379993956,0.9999996379993992,-0.9999997738202943,0.9999998019722716,-0.9999998316583304,-0.9999996379993001,-0.9999996379992986,0.9999997738202111,-0.9999998071091157,0.9999996902840704,0.9999998071090371,-0.9999996902839877,-0.999999911774792,-0.9999999117747889,0.9999999117747898,0.9999999117747909
0.9999994454549493,-0.999999608401205,0.9999997383868877,-0.9999994454548524,0.999999608401117,-0.9999997383867952,-0.9999996445672513,0.9999998907126562,-0.9999998407123605,-0.9999999108408176,0.9999996445672192,-0.9999998907126276,0.9999998407123065,0.9999999108408012,-0.9999997976073801,0.999999699694987,0.9999996774332425,-0.9999995915374537,-0.9999996191836206,-0.9999994501169347,0.9999997976072987,-0.9999995949726613,-0.9999996774331498,0.9999999997093239,0.9999996191835513,0.9999994501168459,0.9999997160634021,-0.9999997457562747,-0.9999995520817472,-0.9999995520817515,0.999999687926075,-0.9999997160633124,0.999999745756195,0.9999995520816615,0.9999995520816601,-0.9999995832037547,0.9999997212211338,-0.9999996043913673,-0.9999997212210634,0.9999996043912944,0.9999998258975437,0.9999998258975404,-0.9999998258975432,-0.9999998258975427
0.9999994730951122,-0.9999996360429886,0.9999997660299595,-0.9999994730950229,0.9999996360429099,-0.9999997660298735,-0.9999996722171718,0.9999999183644614,-0.999999868362214,-0.9999999384939393,0.9999996722171409,-0.9999999183644355,0.9999998683621636,0.9999999384939227,-0.9999998252522904,0.9999997273416076,0.999999705076394,-0.9999996191836297,-0.9999996468307519,-0.9999994777583752,0.9999998252522148,-0.9999996226192955,-0.9999997050763092,0.9999996191835513,0.9999999997486723,0.9999994777582946,0.9999997437077701,-0.9999997734014924,-0.9999995797241217,-0.9999995797241269,0.9999997155729539,-0.9999997437076886,0.9999997734014188,0.9999995797240442,0.9999995797240435,-0.9999997155728865,0.999999748869886,-0.9999996320386655,-0.9999996441475764,0.9999996320385977,0.9999998535502369,0.9999998535502346,-0.9999998535502361,-0.999999853550238
0.9999993040818995,-0.9999994670150579,0.9999995969886503,-0.999999304081788,0.9999994670149571,-0.9999995969885447,-0.9999995031405736,0.9999997492705065,-0.999999699276541,-0.9999997693899838,0.9999995031405364,-0.9999997492704732,0.9999996992764799,0.9999997693899644,-0.9999996561975164,0.999999558272521,0.999999536037897,-0.999999450116943,-0.9999994777583712,-0.9999993087360919,0.9999996561974211,-0.9999995582724306,-0.9999994313155433,0.9999994501168459,0.9999994777582946,0.9999999995080725,0.9999995746641885,-0.9999996043459783,-0.9999994106959356,-0.9999994106959407,0.9999995465032543,-0.999999574664088,0.999999604345889,0.999999410695839,0.9999994106958371,-0.9999995465031686,0.9999995797885552,-0.9999994629660696,-0.9999995797884746,0.9999994629659849,0.9999996844485577,0.9999996844485544,-0.9999996844485555,-0.9999996844485568
0.9999995700055403,-0.9999997329445768,0.9999998629235874,-0.9999995700056382,0.9999997329446811,-0.9999998629236806,-0.9999997690951383,1.000000015231709,-0.9999999652331836,-1.000000035355552,0.9999997690951692,-1.0000000152317434,0.9999999652332265,1.000000035355561,-0.9999999221384152,0.9999998242198808,0.9999998019722821,-0.9999997160633254,-0.9999997437076903,-0.999999574664092,0.9999999221385106,-0.9999998242199635,-0.9999998019723721,0.9999997160634021,0.9999997437077701,0.9999995746641885,0.9999999998865664,-0.9999997655655172,-0.9999995719042836,-0.9999995719042855,0.9999998124511997,-0.9999998406012671,0.9999998702878469,0.9999996766266178,0.9999996766266168,-0.9999998124512833,0.9999998457423531,-0.9999997289156581,-0.9999998457424137,0.9999997289157302,0.9999999504132543,0.9999999504132503,-0.9999999504132616,-0.9999999504132633
-0.9999995996856323,0.9999997626284386,-0.9999998926109824,0.9999995996857268,-0.999999762628539,0.9999998926110722,0.9999997987863872,-1.0000000449275575,0.9999999949283422,1.0000000650536292,-0.9999997987864159,1.0000000449275903,-0.9999999949283832,-1.0000000650536376,0.9999999518286403,-0.9999998539132244,-0.9999998316583347,0.9999997457561993,0.9999997734014153,0.9999996043458871,-0.9999999518287314,0.9999998539133045,0.9999998316584194,-0.9999997457562747,-0.9999997734014924,-0.9999996043459783,-0.9999997655655172,0.9999999999288207,0.999999706309553,0.9999997063095568,-0.9999997374221341,0.9999998702878413,-0.9999998999777905,-0.9999997063096416,-0.9999997063096397,0.9999998421444614,-0.9999998754374083,0.9999997586092297,0.9999998754374652,-0.9999997586092992,-0.9999999801108882,-0.999999980110885,0.9999999801108954,0.9999999801108961
-0.9999994060403219,0.9999995689750445,-0.9999996989501057,0.9999994060404197,-0.9999995689751497,0.9999996989502006,0.9999996051088292,-0.999999851240387,0.9999998012448085,0.9999998713612241,-0.9999996051088613,0.9999998512404218,-0.999999801244853,-0.9999998713612344,0.9999997581606391,-0.9999996602374883,-0.999999637999304,0.999999552081669,0.9999995797240427,0.9999994106958376,-0.999999758160737,0.999999660237573,0.9999996379993956,-0.9999995520817472,-0.9999995797241217,-0.9999994106959356,-0.9999995719042836,0.999999706309553,0.9999999996531896,0.9999995126565991,-0.9999996484684689,0.9999996766266133,-0.9999997063096422,-0.9999995126566884,-0.9999995126566867,0.9999996484685548,-0.99999968175564,0.999999564931863,0.9999996817557011,-0.9999995649319359,-0.9999997864196348,-0.9999997864196324,0.9999997864196432,0.9999997864196438
-0.9999994060403273,0.9999995689750488,-0.9999996989501113,0.9999994060404247,-0.9999995689751541,0.9999996989502058,0.9999996051088343,-0.9999998512403919,0.9999998012448139,0.9999998713612295,-0.9999996051088672,0.9999998512404261,-0.9999998012448575,-0.9999998713612394,0.9999997581606457,-0.9999996602374934,-0.999999637999308,0.9999995520816731,0.9999995797240465,0.9999994106958434,-0.999999758160743,0.9999996602375787,0.9999996379993992,-0.9999995520817515,-0.9999995797241269,-0.9999994106959407,-0.9999995719042855,0.9999997063095568,0.9999995126565991,0.9999999996531896,-0.9999996484684734,0.9999996766266195,-0.999999706309648,-0.9999995126566922,-0.9999995126566917,0.9999996484685599,-0.9999996817556439,0.9999995649318678,0.9999996817557057,-0.9999995649319414,-0.9999997864196403,-0.9999997864196378,0.9999997864196482,0.9999997864196492
0.9999995418403155,-0.9999997047873013,0.999999834773548,-0.9999995418404041,0.9999997047873972,-0.9999998347736309,-0.9999997409592651,0.9999999871054526,-0.999999937103699,-1.000000007234333,0.9999997409592933,-0.9999999871054867,0.9999999371037384,1.0000000072343413,-0.9999998939951458,0.9999997960837981,0.9999997738202135,-0.9999995832037598,-0.999999715572881,-0.9999995465031658,0.9999998939952326,-0.9999997960838748,-0.9999997738202943,0.999999687926075,0.9999997155729539,0.9999995465032543,0.9999998124511997,-0.9999997374221341,-0.9999996484684689,-0.9999996484684734,0.9999999998465112,-0.999999812451277,0.9999998421444578,0.9999996484685526,0.9999996484685518,-0.9999997843152224,0.999999817611545,-0.9999995960585404,-0.9999998176116,0.9999997007808521,0.9999999222908179,0.9999999222908144,-0.9999999222908249,-0.9999999222908258
-0.9999995700056358,0.9999997329446714,-0.9999998629236792,0.9999995700055322,-0.999999732944576,0.9999998629235789,0.9999997690951671,-1.0000000152317359,0.9999999652332294,1.0000000353555611,-0.9999997690951323,1.000000015231706,-0.9999999652331725,-1.000000035355543,0.9999999221385022,-0.9999998242199604,-0.9999998019723714,0.9999997160634047,0.9999997437077633,0.9999995746641834,-0.9999999221384137,0.999999824219875,0.9999998019722716,-0.9999997160633124,-0.9999997437076886,-0.999999574664088,-0.9999998406012671,0.9999998702878413,0.9999996766266133,0.9999996766266195,-0.999999812451277,0.9999999998865664,-0.999999765565515,-0.9999995719042779,-0.9999995719042777,0.999999812451196,-0.9999998457424165,0.9999997289157281,0.9999998457423402,-0.9999997289156503,-0.9999999504132538,-0.9999999504132505,0.9999999504132526,0.9999999504132537
0.9999995996857308,-0.9999997626285351,0.9999998926110779,-0.999999599685631,0.9999997626284456,-0.9999998926109809,-0.9999997987864201,1.0000000449275899,-0.9999999949283922,-1.0000000650536447,0.9999997987863862,-1.0000000449275608,0.9999999949283366,1.0000000650536267,-0.9999999518287317,0.9999998539133078,0.9999998316584259,-0.9999997457562829,-0.9999997734014905,-0.999999604345981,0.9999999518286465,-0.9999998539132251,-0.9999998316583304,0.999999745756195,0.9999997734014188,0.999999604345889,0.9999998702878469,-0.9999998999777905,-0.9999997063096422,-0.999999706309648,0.9999998421444578,-0.999999765565515,0.9999999999288207,0.9999997063095551,0.9999997063095538,-0.9999997374221403,0.9999998754374744,-0.999999758609305,-0.9999998754374022,0.9999997586092287,0.9999999801108957,0.999999980110892,-0.9999999801108931,-0.9999999801108941
0.9999994060404239,-0.9999995689751445,0.9999996989502044,-0.9999994060403197,0.9999995689750499,-0.9999996989501042,-0.9999996051088632,0.9999998512404196,-0.9999998012448603,-0.9999998713612387,0.9999996051088285,-0.9999998512403887,0.9999998012448027,0.9999998713612208,-0.9999997581607338,0.9999996602375762,0.9999996379993995,-0.9999995520817542,-0.9999995797241199,-0.9999994106959365,0.9999997581606437,-0.9999996602374875,-0.9999996379993001,0.9999995520816615,0.9999995797240442,0.999999410695839,0.9999996766266178,-0.9999997063096416,-0.9999995126566884,-0.9999995126566922,0.9999996484685526,-0.9999995719042779,0.9999997063095551,0.9999999996531896,0.9999995126565946,-0.9999996484684721,0.9999996817557086,-0.999999564931939,-0.9999996817556325,0.9999995649318603,0.9999997864196394,0.999999786419637,-0.9999997864196392,-0.9999997864196392
0.9999994060404225,-0.9999995689751432,0.999999698950203,-0.9999994060403176,0.9999995689750477,-0.9999996989501019,-0.9999996051088608,0.999999851240419,-0.9999998012448583,-0.9999998713612374,0.9999996051088262,-0.9999998512403874,0.9999998012448019,0.9999998713612198,-0.9999997581607325,0.9999996602375744,0.9999996379993987,-0.9999995520817528,-0.9999995797241188,-0.999999410695935,0.9999997581606432,-0.9999996602374853,-0.9999996379992986,0.9999995520816601,0.9999995797240435,0.9999994106958371,0.9999996766266168,-0.9999997063096397,-0.9999995126566867,-0.9999995126566917,0.9999996484685518,-0.9999995719042777,0.9999997063095538,0.9999995126565946,0.9999999996531896,-0.9999996484684699,0.9999996817557067,-0.9999995649319381,-0.9999996817556308,0.9999995649318589,0.9999997864196394,0.9999997864196353,-0.999999786419637,-0.9999997864196377
-0.9999995418404095,0.9999997047873945,-0.9999998347736369,0.9999995418403141,-0.9999997047873079,0.9999998347735459,0.9999997409592971,-0.9999999871054854,0.9999999371037466,1.0000000072343465,-0.9999997409592646,0.9999999871054582,-0.9999999371036932,-1.0000000072343296,0.9999998939952323,-0.9999997960838776,-0.9999997738203016,0.9999996879260852,0.9999997155729533,0.9999995465032562,-0.9999998939951511,0.999999796083799,0.9999997738202111,-0.9999995832037547,-0.9999997155728865,-0.9999995465031686,-0.9999998124512833,0.9999998421444614,0.9999996484685548,0.9999996484685599,-0.9999997843152224,0.999999812451196,-0.9999997374221403,-0.9999996484684721,-0.9999996484684699,0.9999999998465112,-0.9999998176116104,0.999999700780857,0.9999998176115409,-0.9999995960585414,-0.9999999222908241,-0.9999999222908206,0.9999999222908234,0.9999999222908232
0.9999995751230859,-0.9999997380733933,0.9999998680623245,-0.999999575123159,0.9999997380734711,-0.9999998680623934,-0.9999997742613359,1.0000000204113775,-0.9999998656836525,-1.0000000405429048,0.9999997742613567,-1.0000000204114035,0.9999999704059298,1.0000000405429113,-0.9999999272875904,0.9999998293797262,0.9999998071090509,-0.9999997212210777,-0.9999996441475829,-0.9999995797884834,0.9999999272876642,-0.9999998293797878,-0.9999998071091157,0.9999997212211338,0.999999748869886,0.9999995797885552,0.9999998457423531,-0.9999998754374083,-0.99999968175564,-0.9999996817556439,0.999999817611545,-0.9999998457424165,0.9999998754374744,0.9999996817557086,0.9999996817557067,-0.9999998176116104,0.9999999998939035,-0.9999996293557918,-0.999999850911679,0.9999997340780856,0.9999999555985719,0.9999999555985685,-0.9999999555985779,-0.9999999555985789
-0.9999994583025666,0.9999996212504634,-0.9999997512373868,0.9999994583026465,-0.9999996212505508,0.9999997512374633,0.9999996574261018,-0.9999999035733899,0.9999998535706647,0.9999999237029976,-0.9999996574261275,0.9999999035734186,-0.9999998535707004,-0.999999923703005,0.9999998104599064,-0.9999997125493525,-0.9999996902839975,0.9999996043913038,0.9999996320385974,0.9999994629659884,-0.9999998104599866,0.9999997125494211,0.9999996902840704,-0.9999996043913673,-0.9999996320386655,-0.9999994629660696,-0.9999997289156581,0.9999997586092297,0.999999564931863,0.9999995649318678,-0.9999995960585404,0.9999997289157281,-0.999999758609305,-0.999999564931939,-0.9999995649319381,0.999999700780857,-0.9999996293557918,0.9999999997276195,0.9999997340780802,-0.9999996172466338,-0.9999998387592356,-0.9999998387592328,0.9999998387592431,0.999999838759244
-0.9999995751231545,0.9999997380734587,-0.9999998680623893,0.9999995751230761,-0.9999997380733897,0.9999998680623136,0.999999774261353,-1.0000000204113944,0.9999999704059293,1.000000040542908,-0.9999997742613239,1.0000000204113715,-0.9999998656836427,-1.0000000405428928,0.999999927287653,-0.999999829379781,-0.9999998071091127,0.9999997212211336,0.9999997488698764,0.9999995797885469,-0.9999999272875847,0.9999998293797173,0.9999998071090371,-0.9999997212210634,-0.9999996441475764,-0.9999995797884746,-0.9999998457424137,0.9999998754374652,0.9999996817557011,0.9999996817557057,-0.9999998176116,0.9999998457423402,-0.9999998754374022,-0.9999996817556325,-0.9999996817556308,0.9999998176115409,-0.999999850911679,0.9999997340780802,0.9999999998939035,-0.9999996293557775,-0.9999999555985655,-0.999999955598563,0.9999999555985662,0.9999999555985672
0.999999458302647,-0.999999621250543,0.9999997512374629,-0.9999994583025607,0.9999996212504654,-0.9999997512373789,-0.9999996574261263,0.999999903573414,-0.9999998535707048,-0.9999999237030078,0.999999657426097,-0.9999999035733892,0.9999998535706544,0.9999999237029922,-0.9999998104599812,0.9999997125494189,0.9999996902840731,-0.9999996043913715,-0.9999996320386589,-0.999999462966066,0.9999998104599068,-0.9999997125493465,-0.9999996902839877,0.9999996043912944,0.9999996320385977,0.9999994629659849,0.9999997289157302,-0.9999997586092992,-0.9999995649319359,-0.9999995649319414,0.9999997007808521,-0.9999997289156503,0.9999997586092287,0.9999995649318603,0.9999995649318589,-0.9999995960585414,0.9999997340780856,-0.9999996172466338,-0.9999996293557775,0.9999999997276195,0.9999998387592367,0.9999998387592343,-0.9999998387592369,-0.9999998387592373
0.9999996797781328,-0.9999998427339624,0.9999999727272451,-0.9999996797781364,0.9999998427339718,-0.9999999727272465,-0.9999998789559335,1.0000001251119706,-1.0000000750981335,-1.0000000405263711,0.9999998789559323,-1.0000001251119761,1.0000000750981304,1.0000001452486142,-1.000000031959268,0.999999934057751,0.9999999117747935,-0.9999998258975462,-0.9999998535502308,-0.9999996844485517,1.0000000319592766,-0.9999999340577534,-0.999999911774792,0.9999998258975437,0.9999998535502369,0.9999996844485577,0.9999999504132543,-0.9999999801108882,-0.9999997864196348,-0.9999997864196403,0.9999999222908179,-0.9999999504132538,0.9999999801108957,0.9999997864196394,0.9999997864196394,-0.9999999222908241,0.9999999555985719,-0.9999998387592356,-0.9999999555985655,0.9999998387592367,1.0000000000429143,1.0000000603028865,-0.9999999555806482,-1.000000060302894
0.9999996797781314,-0.999999842733959,0.9999999727272418,-0.9999996797781323,0.9999998427339694,-0.9999999727272426,-0.9999998789559305,1.000000125111969,-1.000000075098131,-1.0000000405263707,0.9999998789559293,-1.0000001251119721,1.0000000750981266,1.000000145248613,-1.0000000319592646,0.999999934057748,0.9999999117747908,-0.9999998258975442,-0.9999998535502269,-0.9999996844485489,1.000000031959272,-0.9999999340577513,-0.9999999117747889,0.9999998258975404,0.9999998535502346,0.9999996844485544,0.9999999504132503,-0.999999980110885,-0.9999997864196324,-0.9999997864196378,0.9999999222908144,-0.9999999504132505,0.999999980110892,0.999999786419637,0.9999997864196353,-0.9999999222908206,0.9999999555985685,-0.9999998387592328,-0.999999955598563,0.9999998387592343,1.0000000603028865,1.0000000000429143,-1.0000000603028907,-0.9999999555806488
-0.9999996797781437,0.9999998427339708,-0.9999999727272543,0.9999996797781346,-0.9999998427339708,0.9999999727272462,0.9999998789559377,-1.0000001251119768,1.0000000750981417,1.0000001452486227,-0.9999998789559345,1.0000001251119774,-1.000000075098131,-1.0000000405263745,1.0000000319592766,-0.9999999340577599,-0.9999999117748006,0.9999998258975541,0.9999998535502378,0.9999996844485609,-1.0000000319592737,0.9999999340577526,0.9999999117747898,-0.9999998258975432,-0.9999998535502361,-0.9999996844485555,-0.9999999504132616,0.9999999801108954,0.9999997864196432,0.9999997864196482,-0.9999999222908249,0.9999999504132526,-0.9999999801108931,-0.9999997864196392,-0.999999786419637,0.9999999222908234,-0.9999999555985779,0.9999998387592431,0.9999999555985662,-0.9999998387592369,-0.9999999555806482,-1.0000000603028907,1.0000000000429143,1.000000060302897
-0.999999679778144,0.9999998427339708,-0.9999999727272543,0.9999996797781346,-0.9999998427339716,0.9999999727272463,0.999999878955938,-1.0000001251119779,1.0000000750981424,1.0000001452486238,-0.9999998789559359,1.0000001251119779,-1.0000000750981322,-1.000000040526372,1.0000000319592766,-0.9999999340577594,-0.9999999117748017,0.9999998258975556,0.9999998535502386,0.9999996844485619,-1.0000000319592746,0.9999999340577537,0.9999999117747909,-0.9999998258975427,-0.999999853550238,-0.9999996844485568,-0.9999999504132633,0.9999999801108961,0.9999997864196438,0.9999997864196492,-0.9999999222908258,0.9999999504132537,-0.9999999801108941,-0.9999997864196392,-0.9999997864196377,0.9999999222908232,-0.9999999555985789,0.999999838759244,0.9999999555985672,-0.9999998387592373,-1.000000060302894,-0.9999999555806488,1.000000060302897,1.0000000000429143
