1.0000000020244986,-1.0000027543637797,1.0000026671161135,1.0000026671161144,-0.8090610857347933,0.8090612046016157,-0.3090977609216608,-1.0000011370181805,1.0000019794913806,-1.0000021278978883,1.0000018258954848,1.0000024253089947,-0.30894250073483276,0.8089762168193851,0.30894184579854667,0.30910942880184056,-0.8089766345654713,-0.3091144516957315,-0.30911445169572777,-1.0000016568365895,1.0000015193612215,0.30911758050452626,0.3091175805045225,-0.309118642377503,-1.0000025151662493,-1.0000025151662493
-1.0000027543637797,1.000000002030033,-1.0000025901266074,-1.0000025901266063,0.809060334082759,-0.8090604529497419,0.30909654076239285,1.0000011409706402,-1.000001983381373,1.0000021317891725,-1.0000018298002769,-1.0000024291893723,0.3089437233512816,-0.8089769748848039,-0.308943068414454,-0.3091082086484143,0.8089773926308192,0.30911323154479137,0.30911323154478765,1.0000016607560982,-1.0000015232966064,-0.3091163603550877,-0.3091163603550837,0.30911742222856614,1.0000025190419006,1.0000025190419006
1.0000026671161135,-1.0000025901266074,1.0000000017896302,1.00000250288219,-0.8090594557572242,0.8090595746243563,-0.3090952876192012,-1.000000972943328,1.0000018152924017,-1.0000019637014548,1.0000016617259202,1.0000022610908523,-0.3089448726610845,0.8089775813540155,0.3089442177238232,0.30910695550894,-0.8089779990998729,-0.309111978406889,-0.3091119784068854,-1.000001492696261,1.0000013552524292,0.30911510721811736,0.309115107218114,-0.3091161690919058,-1.0000022700767484,-1.0000023509387048
1.0000026671161144,-1.0000025901266063,1.00000250288219,1.0000000017896302,-0.8090594557572255,0.809059574624358,-0.30909528761920263,-1.0000009729433288,1.0000018152924026,-1.0000019637014563,1.0000016617259224,1.0000022610908539,-0.30894487266108417,0.8089775813540163,0.3089442177238226,0.3091069555089414,-0.8089779990998733,-0.3091119784068906,-0.30911197840688637,-1.000001492696263,1.0000013552524314,0.30911510721811897,0.30911510721811486,-0.30911616909190703,-1.0000023509387062,-1.00000227007675
-0.8090610857347933,0.809060334082759,-0.8090594557572242,-0.8090594557572255,0.9999999988239073,-0.9999982844800758,0.8090219291142755,0.8090217156406343,-0.8090508879930558,0.8090504132113607,-0.8090440038646535,-0.8090556348188039,-0.30902103162680233,-0.3090192410801344,0.3090213026133287,-0.8090287548988031,0.3090196255193454,0.8090317069385654,0.8090317069385664,0.8090371551709659,-0.8090298032765325,-0.8090335670789024,-0.8090335670788976,0.8090342015971844,0.8090578692258305,0.8090578692258309
0.8090612046016157,-0.8090604529497419,0.8090595746243563,0.809059574624358,-0.9999982844800758,0.9999999988384441,-0.8090217458252708,-0.8090217536545261,0.8090510068620301,-0.8090505320804848,0.8090441227352381,0.809055753686763,0.30902085572806604,0.3090194232618706,-0.30902112671469584,0.809028652473838,-0.3090198077011513,-0.8090316045144962,-0.8090316045144951,-0.809037274043169,0.8090299221504963,0.8090334646553808,0.8090334646553764,-0.8090340991738484,-0.8090579880932887,-0.8090579880932882
-0.3090977609216608,0.30909654076239285,-0.3090952876192012,-0.30909528761920263,0.8090219291142755,-0.8090217458252708,0.9999999989980839,0.30903574847014365,-0.30908211132830676,0.30908119463847,-0.30907112534700365,-0.309089346574663,-0.8090127616331364,0.3090044459735719,0.8090126260011309,-0.9999978942060108,-0.30900424167348156,0.9999977286011,0.999997728601103,0.30906021216879054,-0.3090484531472122,-0.9999976095193188,-0.9999976095193147,0.9999975743041959,0.3090928723276628,0.30909287232766347
-1.0000011370181805,1.0000011409706402,-1.000000972943328,-1.0000009729433288,0.8090217156406343,-0.8090217536545261,0.30903574847014365,0.9999999996045078,-1.000000286205481,1.0000004346774147,-1.0000001333572404,-1.0000007315373054,0.30900346933940404,-0.8090127722662358,-0.3090028143759607,-0.30904741662035967,0.8090132708687869,0.30905243962902657,0.30905243962902307,0.9999999650408522,-0.9999997475044726,-0.30905556850694305,-0.3090555685069393,0.3090566304030211,1.0000008211554816,1.0000008211554814
1.0000019794913806,-1.000001983381373,1.0000018152924017,1.0000018152924026,-0.8090508879930558,0.8090510068620301,-0.30908211132830676,-1.000000286205481,1.0000000008064733,-1.0000011954506132,1.0000009744809586,1.0000015735856835,-0.3089576246732538,0.8089850381441662,0.3089569697304877,0.30909377927123466,-0.8089854558887417,-0.30909880219177166,-0.3090988021917677,-1.0000008056078822,1.0000006683329477,0.30910193101657096,0.30910193101656697,-0.3091029928948891,-1.000001663383117,-1.0000016633831166
-1.0000021278978883,1.0000021317891725,-1.0000019637014548,-1.0000019637014563,0.8090504132113607,-0.8090505320804848,0.30908119463847,1.0000004346774147,-1.0000011954506132,1.0000000010187267,-1.00000104205344,-1.000001641138996,0.3089586331359605,-0.8089857531730208,-0.30895797819266557,-0.30909286258768426,0.8089861709175945,0.30909788551090434,0.30909788551090045,1.0000009540539054,-1.000000816791475,-0.3091010143373376,-0.30910101433733367,0.3091020762162049,1.000001811794672,1.0000018117946705
1.0000018258954848,-1.0000018298002769,1.0000016617259202,1.0000016617259224,-0.8090440038646535,0.8090441227352381,-0.30907112534700365,-1.0000001333572404,1.0000009744809586,-1.00000104205344,1.0000000005871852,1.0000014200905059,-0.30896851631689554,0.8089916751208378,0.30896786136920973,0.30908279333973687,-0.8089920928645083,-0.30908781628145265,-0.3090878162814485,-1.0000005716021163,1.0000005153316027,0.3090909451190216,0.3090909451190181,-0.30909200700161027,-1.0000015098454305,-1.0000015098454296
1.0000024253089947,-1.0000024291893723,1.0000022610908523,1.0000022610908539,-0.8090556348188039,0.809055753686763,-0.309089346574663,-1.0000007315373054,1.0000015735856835,-1.000001641138996,1.0000014200905059,1.0000000014438828,-0.3089506645761612,0.808981011775935,0.30895000963637714,0.3091010144893034,-0.8089814295212548,-0.30910603739783243,-0.30910603739782844,-1.0000012511316738,1.0000011137642462,0.3091091662154249,0.30910916621542084,-0.30911022809133865,-1.0000020283008662,-1.0000020283008642
-0.30894250073483276,0.3089437233512816,-0.3089448726610845,-0.30894487266108417,-0.30902103162680233,0.30902085572806604,-0.8090127616331364,0.30900346933940404,-0.3089576246732538,0.3089586331359605,-0.30896851631689554,-0.3089506645761612,0.9999999998372379,-0.8090128401718252,-0.9999990702139198,0.8090050073633132,0.8090129749129888,-0.8090016564572271,-0.8090016564572325,0.3089793255965501,-0.3089910002855739,0.8089996035923407,0.8089996035923382,-0.8089989120791572,0.30894719416959265,0.3089471941695913
0.8089762168193851,-0.8089769748848039,0.8089775813540155,0.8089775813540163,-0.3090192410801344,0.3090194232618706,0.3090044459735719,-0.8090127722662358,0.8089850381441662,-0.8089857531730208,0.8089916751208378,0.808981011775935,-0.8090128401718252,1.0000000003408314,0.8090121322599344,-0.3089923922147606,-1.000000687285472,0.30898721682177743,0.30898721682178343,-0.8089982516335675,0.8090053825575009,-0.3089840143106289,-0.3089840143106304,0.30898293063802723,-0.8089789223224189,-0.8089789223224179
0.30894184579854667,-0.308943068414454,0.3089442177238232,0.3089442177238226,0.3090213026133287,-0.30902112671469584,0.8090126260011309,-0.3090028143759607,0.3089569697304877,-0.30895797819266557,0.30896786136920973,0.30895000963637714,-0.9999990702139198,0.8090121322599344,0.9999999989487571,-0.8090047908790866,-0.8090121861388696,0.8090014399771807,0.8090014399771858,-0.3089786706439767,0.30899034532769576,-0.8089993871148784,-0.8089993871148777,0.8089986956025689,-0.30894653923135035,-0.30894653923134935
0.30910942880184056,-0.3091082086484143,0.30910695550894,0.3091069555089414,-0.8090287548988031,0.809028652473838,-0.9999978942060108,-0.30904741662035967,0.30909377927123466,-0.30909286258768426,0.30908279333973687,0.3091010144893034,0.8090050073633132,-0.3089923922147606,-0.8090047908790866,0.9999999981062656,0.30899218791016464,-0.9999970242591865,-0.9999970242591895,-0.30907188021072535,0.30906012124270116,0.9999969860810954,0.9999969860810923,-0.9999969508801142,-0.3091045402268229,-0.3091045402268232
-0.8089766345654713,0.8089773926308192,-0.8089779990998729,-0.8089779990998733,0.3090196255193454,-0.3090198077011513,-0.30900424167348156,0.8090132708687869,-0.8089854558887417,0.8089861709175945,-0.8089920928645083,-0.8089814295212548,0.8090129749129888,-1.000000687285472,-0.8090121861388696,0.30899218791016464,1.0000000007576626,-0.3089870125152403,-0.3089870125152464,0.8089986693763133,-0.8090058002992658,0.30898381000288094,0.30898381000288244,-0.30898272632986873,0.8089793400680381,0.8089793400680361
-0.3091144516957315,0.30911323154479137,-0.309111978406889,-0.3091119784068906,0.8090317069385654,-0.8090316045144962,0.9999977286011,0.30905243962902657,-0.30909880219177166,0.30909788551090434,-0.30908781628145265,-0.30910603739783243,-0.8090016564572271,0.30898721682177743,0.8090014399771807,-0.9999970242591865,-0.3089870125152403,0.9999999977539221,0.9999968587504433,0.3090769031733615,-0.3090651442281111,-0.9999966588663776,-0.9999967397283314,0.9999967045334334,0.3091095631287709,0.30910956312877175
-0.30911445169572777,0.30911323154478765,-0.3091119784068854,-0.30911197840688637,0.8090317069385664,-0.8090316045144951,0.999997728601103,0.30905243962902307,-0.3090988021917677,0.30909788551090045,-0.3090878162814485,-0.30910603739782844,-0.8090016564572325,0.30898721682178343,0.8090014399771858,-0.9999970242591895,-0.3089870125152464,0.9999968587504433,0.9999999977539221,0.30907690317335756,-0.3090651442281072,-0.9999967397283386,-0.9999966588663757,0.9999967045334357,0.30910956312876753,0.30910956312876803
-1.0000016568365895,1.0000016607560982,-1.000001492696261,-1.000001492696263,0.8090371551709659,-0.809037274043169,0.30906021216879054,0.9999999650408522,-1.0000008056078822,1.0000009540539054,-1.0000005716021163,-1.0000012511316738,0.3089793255965501,-0.8089982516335675,-0.3089786706439767,-0.30907188021072535,0.8089986693763133,0.3090769031733615,0.30907690317335756,1.0000000003459701,-1.000000266001233,-0.30908003202354295,-0.3090800320235387,0.30908109391034866,1.0000013408443726,1.0000013408443718
1.0000015193612215,-1.0000015232966064,1.0000013552524292,1.0000013552524314,-0.8090298032765325,0.8090299221504963,-0.3090484531472122,-0.9999997475044726,1.0000006683329477,-1.000000816791475,1.0000005153316027,1.0000011137642462,-0.3089910002855739,0.8090053825575009,0.30899034532769576,0.30906012124270116,-0.8090058002992658,-0.3090651442281111,-0.3090651442281072,-1.000000266001233,1.0000000001501748,0.3090682730920253,0.30906827309202173,-0.3090693349834246,-1.000001203431393,-1.0000012034313925
0.30911758050452626,-0.3091163603550877,0.30911510721811736,0.30911510721811897,-0.8090335670789024,0.8090334646553808,-0.9999976095193188,-0.30905556850694305,0.30910193101657096,-0.3091010143373376,0.3090909451190216,0.3091091662154249,0.8089996035923407,-0.3089840143106289,-0.8089993871148784,0.9999969860810954,0.30898381000288094,-0.9999966588663776,-0.9999967397283386,-0.30908003202354295,0.3090682730920253,0.9999999975837223,0.9999966207173606,-0.9999965046642754,-0.30911269194239954,-0.30911269194239993
0.3091175805045225,-0.3091163603550837,0.309115107218114,0.30911510721811486,-0.8090335670788976,0.8090334646553764,-0.9999976095193147,-0.3090555685069393,0.30910193101656697,-0.30910101433733367,0.3090909451190181,0.30910916621542084,0.8089996035923382,-0.3089840143106304,-0.8089993871148777,0.9999969860810923,0.30898381000288244,-0.9999967397283314,-0.9999966588663757,-0.3090800320235387,0.30906827309202173,0.9999966207173606,0.9999999975837223,-0.9999965046642748,-0.30911269194239593,-0.30911269194239605
-0.309118642377503,0.30911742222856614,-0.3091161690919058,-0.30911616909190703,0.8090342015971844,-0.8090340991738484,0.9999975743041959,0.3090566304030211,-0.3091029928948891,0.3091020762162049,-0.30909200700161027,-0.30911022809133865,-0.8089989120791572,0.30898293063802723,0.8089986956025689,-0.9999969508801142,-0.30898272632986873,0.9999967045334334,0.9999967045334357,0.30908109391034866,-0.3090693349834246,-0.9999965046642754,-0.9999965046642748,0.999999997533398,0.30911375381698797,0.30911375381698897
-1.0000025151662493,1.0000025190419006,-1.0000022700767484,-1.0000023509387062,0.8090578692258305,-0.8090579880932887,0.3090928723276628,1.0000008211554816,-1.000001663383117,1.000001811794672,-1.0000015098454305,-1.0000020283008662,0.30894719416959265,-0.8089789223224189,-0.30894653923135035,-0.3091045402268229,0.8089793400680381,0.3091095631287709,0.30910956312876753,1.0000013408443726,-1.000001203431393,-0.30911269194239954,-0.30911269194239593,0.30911375381698797,1.0000000015723476,1.0000021990014678
-1.0000025151662493,1.0000025190419006,-1.0000023509387048,-1.00000227007675,0.8090578692258309,-0.8090579880932882,0.30909287232766347,1.0000008211554814,-1.0000016633831166,1.0000018117946705,-1.0000015098454296,-1.0000020283008642,0.3089471941695913,-0.8089789223224179,-0.30894653923134935,-0.3091045402268232,0.8089793400680361,0.30910956312877175,0.30910956312876803,1.0000013408443718,-1.0000012034313925,-0.30911269194239993,-0.30911269194239605,0.30911375381698897,1.0000021990014678,1.0000000015723476
