1.0000000004724465,-1.0000006504007828,-1.0000006462430386,1.000000623096645,1.00000062559549,1.0000006635503298,1.0000005326266403,1.000000515389554,-1.0000001999850785,-1.0000007652542346,1.0000000235044721,0.9999999983483484,1.0000006037834819,1.0000011944482938,0.9999998444163635,-0.9999998904644957,0.9999998444163635,-1.0000002527544816,-1.0000005564957302,-1.0000006384757523,1.0000001040187478,1.0000001384558417,1.0000004608131754,-0.9999999359287256,-1.0000002922660731,-1.0000000067094537,0.999999978241943,0.9999999562180873,0.9999997953799876,-1.0000000456910365,-1.0000006513472284,-1.0000006513472284,-0.9999999774122894,-1.000000003032305,0.9999998900671061,-0.9999997635288117,0.9999996213178682,0.9999996213178673,-1.000001537307154,1.0000016575510944,1.0000016575510944
-1.0000006504007828,1.000000000442661,1.0000006175589355,-1.0000006099470498,-1.0000006124459129,-1.0000006504007817,-1.0000005117098538,-1.0000004944724894,1.000000179068266,1.0000007443368941,-1.0000000025877858,-0.9999999774316202,-1.0000005828661387,-1.0000011735306664,-0.9999998234996907,0.9999998695478213,-0.9999998234996904,1.0000002318377612,1.0000005355789205,1.000000617558937,-1.0000000831020477,-1.0000001175391646,-1.0000004398964097,0.9999999150120721,1.0000002713493426,0.9999999857927468,-0.9999999573253003,-0.9999999353014513,-0.9999997744633369,1.000000024774389,1.0000006304303377,1.0000006304303382,0.999999956495642,0.9999999821156602,-0.9999998691504592,0.9999997426121374,-0.9999996004011944,-0.9999996004011938,1.0000015163892808,-1.0000016366331328,-1.0000016366331328
-1.0000006462430386,1.0000006175589355,1.00000000043674,-1.0000005980221254,-1.000000600520946,-1.000000638475749,-1.000000515319289,-1.000000490315213,1.000000174910462,1.0000007401802151,-0.9999999984297209,-0.9999999732736429,-1.0000005787094695,-1.0000011693745976,-0.9999998193416141,0.9999998653897462,-0.9999998193416146,1.0000002276797673,1.0000005314211147,1.0000006134011346,-1.0000000789440167,-1.0000001133810712,-1.0000004357385042,0.9999999108539435,1.0000002671913686,0.9999999816347347,-0.999999953167143,-0.9999999311432807,-0.9999997703052095,1.0000000206162383,1.0000006262727112,1.0000006262727108,0.9999999523374932,0.9999999779575006,-0.9999998649923123,0.9999997384540562,-0.9999995962431246,-0.9999995962431227,1.0000015122337431,-1.0000016324777847,-1.0000016324777847
1.000000623096645,-1.0000006099470498,-1.0000005980221254,1.0000000004148404,1.000000585141741,1.0000006230966432,1.0000004921730687,1.0000004749357154,-1.0000001595315822,-1.0000007247999818,0.9999999830511279,0.9999999578949552,1.0000005633292344,1.0000011539935765,0.9999998039629439,-0.9999998500111027,0.9999998039629444,-1.0000002123010272,-1.0000005160421024,-1.000000598022127,1.0000000635653217,1.000000098002475,1.0000004203596338,-0.9999998954753955,-1.000000251812592,-0.9999999662559946,0.9999999377886467,0.9999999157648041,0.9999997549266375,-1.0000000052377278,-1.0000006108934185,-1.000000610893418,-0.9999999369589994,-0.9999999625790219,0.9999998496138139,-0.9999997230754665,0.9999995808644905,0.9999995808644903,-1.0000014968520279,1.0000016170958108,1.000001617095812
1.00000062559549,-1.0000006124459129,-1.000000600520946,1.000000585141741,1.0000000004183989,1.0000006255954887,1.0000004946718724,1.0000004774345226,-1.0000001620303154,-1.0000007272989013,0.9999999855498374,0.9999999603936706,1.000000565828148,1.000001156492634,0.999999806461713,-0.9999998525098562,0.9999998064617128,-1.000000214799794,-1.0000005263082248,-1.0000006005209472,1.0000000660640833,1.0000001005012054,1.0000004228584285,-0.9999998979741197,-1.0000002543113684,-0.9999999687547729,0.9999999402873522,0.9999999182635038,0.9999997574253745,-1.0000000077364357,-1.000000621159611,-1.0000006211596073,-0.999999939457695,-0.9999999650777138,0.9999998521125113,-0.9999997255741855,0.9999995833632329,0.999999583363231,-1.0000014993512105,1.0000016195950436,1.0000016195950436
1.0000006635503298,-1.0000006504007817,-1.000000638475749,1.0000006230966432,1.0000006255954887,1.0000000004724465,1.0000005326266408,1.0000005153895508,-1.0000001999850763,-1.0000007652542338,1.0000000235044697,0.9999999983483464,1.0000006037834808,1.0000011944482912,0.9999998444163625,-0.9999998904644953,0.9999998444163617,-1.0000002527544805,-1.000000556495729,-1.000000646243046,1.0000001040187465,1.00000013845584,1.0000004608131734,-0.9999999359287244,-1.0000002922660713,-1.0000000067094512,0.9999999782419405,0.9999999562180862,0.9999997953799862,-1.0000000456910358,-1.0000006513472273,-1.0000006513472266,-0.9999999774122875,-1.000000003032303,0.9999998900671048,-0.9999997635288091,0.9999996213178652,0.9999996213178652,-1.0000015373071518,1.0000016575510928,1.0000016575510928
1.0000005326266403,-1.0000005117098538,-1.000000515319289,1.0000004921730687,1.0000004946718724,1.0000005326266408,1.0000000002860117,1.0000003844662537,-1.000000069061345,-1.0000006343314576,0.9999998925805332,0.9999998674244864,1.000000472860724,1.0000010635260324,0.9999997134924596,-0.9999997595405817,0.999999713492459,-1.0000001295978838,-1.0000004333392822,-1.00000051531929,0.9999999730948476,1.0000000075318627,1.0000003298893467,-0.9999998050047472,-1.0000001613421996,-0.9999998757855781,0.9999998473179272,0.9999998252940578,0.9999996644560258,-0.9999999147670147,-1.0000005204236553,-1.000000520423655,-0.9999998464882803,-0.9999998721082753,0.9999997591431082,-0.999999632604892,0.9999994903939805,0.9999994903939788,-1.0000014063853544,1.0000015266294582,1.0000015266294577
1.000000515389554,-1.0000004944724894,-1.000000490315213,1.0000004749357154,1.0000004774345226,1.0000005153895508,1.0000003844662537,1.0000000002614633,-1.0000000595908465,-1.000000624853,0.9999998753448384,0.9999998501881766,1.0000004556150852,1.000001046276333,0.9999996962578817,-0.9999997423056132,0.9999996962578805,-1.0000001045948526,-1.0000004083352105,-1.0000004903152144,0.9999999558594111,0.999999990296789,1.0000003126532337,-0.999999787769827,-1.0000001441065194,-0.9999998585504827,0.9999998300830418,0.9999998080593531,0.9999996472215434,-0.9999998975322472,-1.000000503186339,-1.000000503186339,-0.9999998292531849,-0.9999998548733475,0.9999997419081489,-0.9999996153696137,0.9999994731590774,0.9999994731590751,-1.000001389132312,1.0000015093753893,1.0000015093753898
-1.0000001999850785,1.000000179068266,1.000000174910462,-1.0000001595315822,-1.0000001620303154,-1.0000001999850763,-1.000000069061345,-1.0000000595908465,0.9999999998123316,1.000000301687901,-0.9999995677065271,-0.9999995425503669,-1.0000001402172778,-1.00000073088164,-0.9999993808516717,0.9999994268996182,-0.9999993808516715,0.9999997891893202,1.0000000929304822,1.0000001749104634,-0.9999996404536938,-0.999999674890744,-0.9999999972479894,0.9999994723637026,0.9999998287009676,0.9999995431446224,-0.9999995146768341,-0.9999994926530236,-0.9999993318152134,0.9999995821259581,1.000000187782182,1.000000187782183,0.9999995138471127,0.9999995394671509,-0.9999994265020258,0.9999992999638244,-0.9999991577531311,-0.9999991577531298,1.00000107374029,-1.0000011939842208,-1.0000011939842224
-1.0000007652542346,1.0000007443368941,1.0000007401802151,-1.0000007247999818,-1.0000007272989013,-1.0000007652542338,-1.0000006343314576,-1.000000624853,1.000000301687901,1.0000000006172614,-1.0000001252109088,-1.0000001000536922,-1.0000007132397875,-1.000001303897519,-0.9999999461245446,0.9999999921720725,-0.9999999461245432,1.0000003544607843,1.0000006582001992,1.0000007401802178,-1.0000002057255581,-1.000000240163299,-1.000000562518802,1.0000000376364482,1.0000003939724496,1.0000001084167547,-1.0000000799497692,-1.0000000579262094,-0.9999998970883687,1.0000001473990439,1.0000007530506219,1.0000007530506216,1.0000000791197736,1.0000001047400606,-0.9999999917747882,0.9999998652358846,-0.9999997230254939,-0.9999997230254937,1.0000016389831858,-1.0000017592252757,-1.0000017592252761
1.0000000235044721,-1.0000000025877858,-0.9999999984297209,0.9999999830511279,0.9999999855498374,1.0000000235044697,0.9999998925805332,0.9999998753448384,-0.9999995677065271,-1.0000001252109088,0.9999999995610244,0.9999993583022005,0.9999999637402819,1.0000005544062713,0.9999992043701461,-0.9999992581855205,0.9999992043701461,-0.9999996127081852,-0.999999916449754,-0.9999999984297223,0.9999994639724592,0.9999994984093434,0.9999998207669901,-0.9999992958822695,-0.999999652219812,-0.9999993666632859,0.9999993381953676,0.9999993161714865,0.9999991553336456,-0.9999994056444376,-1.0000000113017093,-1.0000000113017093,-0.999999345133018,-0.9999993707529825,0.9999992500206022,-0.9999991234825709,0.9999989812717693,0.9999989812717686,-1.0000008972663068,1.0000010175106722,1.0000010175106722
0.9999999983483484,-0.9999999774316202,-0.9999999732736429,0.9999999578949552,0.9999999603936706,0.9999999983483464,0.9999998674244864,0.9999998501881766,-0.9999995425503669,-1.0000001000536922,0.9999993583022005,0.9999999995252021,0.9999999385830844,1.0000005292485064,0.9999991792143761,-0.999999225262414,0.9999991792143766,-0.999999587552265,-0.9999998912936748,-0.9999999732736442,0.9999994388165818,0.9999994732535187,0.9999997956110088,-0.9999992707264704,-0.9999996270638937,-0.9999993415074484,0.9999993130395783,0.9999992910157249,0.9999991301779015,-0.9999993804886622,-0.9999999861455394,-0.9999999861455398,-0.9999993122099129,-0.9999993378299032,0.9999992248648091,-0.9999991060940233,0.9999989561159764,0.9999989561159751,-1.0000008721080786,1.0000009923522974,1.0000009923522972
1.0000006037834819,-1.0000005828661387,-1.0000005787094695,1.0000005633292344,1.000000565828148,1.0000006037834808,1.000000472860724,1.0000004556150852,-1.0000001402172778,-1.0000007132397875,0.9999999637402819,0.9999999385830844,1.0000000003873282,1.000001134659559,0.9999997846539316,-0.9999998307014506,0.9999997846539308,-1.0000001929900943,-1.000000496729458,-1.0000005787094708,1.000000044254892,1.0000000786926364,1.0000004010480839,-0.9999998761658171,-1.0000002325017567,-0.999999946946107,0.999999918479133,0.9999998964555817,0.9999997356177632,-0.9999999859283983,-1.0000005915798686,-1.0000005915798695,-0.9999999176491443,-0.9999999432694353,0.9999998303041804,-0.9999997037652962,0.9999995615549282,0.9999995615549275,-1.0000014775124835,1.000001597754565,1.0000015977545644
1.0000011944482938,-1.0000011735306664,-1.0000011693745976,1.0000011539935765,1.000001156492634,1.0000011944482912,1.0000010635260324,1.000001046276333,-1.00000073088164,-1.000001303897519,1.0000005544062713,1.0000005292485064,1.000001134659559,1.000000001228419,1.000000375320332,-1.0000004213677114,1.0000003753203306,-1.000000783656028,-1.0000010873945517,-1.0000011693745992,1.000000634920974,1.0000006693590888,1.0000009917137036,-1.0000004668323168,-1.0000008231676778,-1.000000537612233,1.0000005091457584,1.0000004871223118,1.0000003262843657,-1.0000005765950997,-1.000001182244228,-1.0000011822442274,-1.0000005083156325,-1.0000005339360425,1.000000420970663,-1.0000002944313575,1.000000152221041,1.0000001522210387,-1.0000020759312802,1.0000021884051107,1.0000021884051116
0.9999998444163635,-0.9999998234996907,-0.9999998193416141,0.9999998039629439,0.999999806461713,0.9999998444163625,0.9999997134924596,0.9999996962578817,-0.9999993808516717,-0.9999999461245446,0.9999992043701461,0.9999991792143761,0.9999997846539316,1.000000375320332,0.9999999993060037,-0.9999990790972983,0.99999902528178,-0.999999433620071,-0.9999997373616483,-0.999999819341616,0.9999992848843157,0.9999993193211847,0.9999996416788313,-0.9999991167941352,-0.9999994731316345,-0.9999991875750166,0.999999159107265,0.9999991370833554,0.9999989762453806,-0.9999992265562806,-0.99999983221349,-0.9999998322134906,-0.9999991582776891,-0.9999991838976239,0.9999990709325339,-0.9999989443945418,0.9999988021836017,0.9999988021836008,-1.0000007181806958,1.0000008384251222,1.0000008384251222
-0.9999998904644957,0.9999998695478213,0.9999998653897462,-0.9999998500111027,-0.9999998525098562,-0.9999998904644953,-0.9999997595405817,-0.9999997423056132,0.9999994268996182,0.9999999921720725,-0.9999992581855205,-0.999999225262414,-0.9999998307014506,-1.0000004213677114,-0.9999990790972983,0.9999999993715759,-0.9999990790972983,0.9999994796682103,0.9999997834097852,0.9999998653897475,-0.9999993309324667,-0.9999993653693346,-0.9999996877269814,0.9999991628422832,0.9999995191797945,0.9999992336232092,-0.9999992051554003,-0.9999991831315007,-0.999999022293571,0.9999992726044313,0.999999878261661,0.9999998782616613,0.9999992043258026,0.9999992299457463,-0.9999991169806571,0.9999989904426551,-0.9999988482317619,-0.9999988482317613,1.0000007642279618,-1.000000884472365,-1.0000008844723647
0.9999998444163635,-0.9999998234996904,-0.9999998193416146,0.9999998039629444,0.9999998064617128,0.9999998444163617,0.999999713492459,0.9999996962578805,-0.9999993808516715,-0.9999999461245432,0.9999992043701461,0.9999991792143766,0.9999997846539308,1.0000003753203306,0.99999902528178,-0.9999990790972983,0.9999999993060037,-0.9999994336200705,-0.9999997373616475,-0.9999998193416162,0.9999992848843151,0.9999993193211826,0.9999996416788306,-0.9999991167941362,-0.9999994731316361,-0.9999991875750174,0.9999991591072629,0.9999991370833556,0.9999989762453804,-0.9999992265562806,-0.9999998322134898,-0.9999998322134882,-0.9999991582776891,-0.9999991838976215,0.9999990709325337,-0.9999989443945411,0.9999988021836023,0.9999988021835998,-1.000000718180695,1.000000838425123,1.000000838425123
-1.0000002527544816,1.0000002318377612,1.0000002276797673,-1.0000002123010272,-1.000000214799794,-1.0000002527544805,-1.0000001295978838,-1.0000001045948526,0.9999997891893202,1.0000003544607843,-0.9999996127081852,-0.999999587552265,-1.0000001929900943,-1.000000783656028,-0.999999433620071,0.9999994796682103,-0.9999994336200705,0.9999999998874748,1.0000001456997831,1.0000002276797688,-0.9999997009897762,-0.999999735426702,-1.0000000500170372,0.999999525132313,0.9999998814698471,0.999999595913229,-0.9999995674454549,-0.9999995454215662,-0.9999993845836007,0.9999996348945177,1.0000002405516104,1.0000002405516109,0.9999995666158334,0.9999995922357985,-0.9999994792706746,0.9999993527325722,-0.9999992105216832,-0.9999992105216823,1.0000011265159365,-1.0000012467602368,-1.0000012467602375
-1.0000005564957302,1.0000005355789205,1.0000005314211147,-1.0000005160421024,-1.0000005263082248,-1.000000556495729,-1.0000004333392822,-1.0000004083352105,1.0000000929304822,1.0000006582001992,-0.999999916449754,-0.9999998912936748,-1.000000496729458,-1.0000010873945517,-0.9999997373616483,0.9999997834097852,-0.9999997373616475,1.0000001456997831,1.0000000003200011,1.000000531421116,-0.9999999969640435,-1.0000000314010897,-1.0000003615257902,0.9999998288739821,1.0000001852113767,0.9999998996547573,-0.9999998711871788,-0.9999998491633124,-0.9999996883252488,0.9999999386362624,1.0000005442926858,1.000000544292687,0.99999987035753,0.9999998959775303,-0.9999997830123515,0.9999996564741038,-0.9999995142631762,-0.9999995142631746,1.000001430253671,-1.0000015504976998,-1.000001550497699
-1.0000006384757523,1.000000617558937,1.0000006134011346,-1.000000598022127,-1.0000006005209472,-1.000000646243046,-1.00000051531929,-1.0000004903152144,1.0000001749104634,1.0000007401802178,-0.9999999984297223,-0.9999999732736442,-1.0000005787094708,-1.0000011693745992,-0.999999819341616,0.9999998653897475,-0.9999998193416162,1.0000002276797688,1.000000531421116,1.00000000043674,-1.0000000789440189,-1.0000001133810728,-1.0000004357385057,0.9999999108539444,1.0000002671913713,0.9999999816347356,-0.9999999531671446,-0.9999999311432822,-0.999999770305211,1.0000000206162383,1.0000006262727124,1.0000006262727121,0.9999999523374948,0.9999999779575022,-0.9999998649923145,0.9999997384540581,-0.9999995962431263,-0.9999995962431238,1.000001512233745,-1.0000016324777865,-1.000001632477786
1.0000001040187478,-1.0000000831020477,-1.0000000789440167,1.0000000635653217,1.0000000660640833,1.0000001040187465,0.9999999730948476,0.9999999558594111,-0.9999996404536938,-1.0000002057255581,0.9999994639724592,0.9999994388165818,1.000000044254892,1.000000634920974,0.9999992848843157,-0.9999993309324667,0.9999992848843151,-0.9999997009897762,-0.9999999969640435,-1.0000000789440189,0.9999999996756757,0.9999995789236333,0.9999999012812724,-0.9999993841638409,-0.9999997405013726,-0.9999994549447674,0.9999994187096872,0.9999993966857931,0.9999992358478443,-0.9999994861587351,-1.0000000918158993,-1.000000091815898,-0.9999994178800774,-0.9999994435000319,0.9999993305349286,-0.9999992039968654,0.9999990617859791,0.9999990617859773,-1.0000009777810321,1.0000010980253786,1.0000010980253793
1.0000001384558417,-1.0000001175391646,-1.0000001133810712,1.000000098002475,1.0000001005012054,1.00000013845584,1.0000000075318627,0.999999990296789,-0.999999674890744,-1.000000240163299,0.9999994984093434,0.9999994732535187,1.0000000786926364,1.0000006693590888,0.9999993193211847,-0.9999993653693346,0.9999993193211826,-0.999999735426702,-1.0000000314010897,-1.0000001133810728,0.9999995789236333,0.9999999997247141,0.999999935718261,-0.9999994108333935,-0.9999997671710257,-0.9999994816143883,0.9999994531465121,0.9999994311226118,0.999999270284682,-0.9999995283628631,-1.000000126253054,-1.0000001262530542,-0.9999994523169078,-0.999999477936861,0.9999993649717591,-0.9999992384337297,0.9999990962228449,0.9999990962228444,-1.0000010122194718,1.0000011324639384,1.0000011324639393
1.0000004608131754,-1.0000004398964097,-1.0000004357385042,1.0000004203596338,1.0000004228584285,1.0000004608131734,1.0000003298893467,1.0000003126532337,-0.9999999972479894,-1.000000562518802,0.9999998207669901,0.9999997956110088,1.0000004010480839,1.0000009917137036,0.9999996416788313,-0.9999996877269814,0.9999996416788306,-1.0000000500170372,-1.0000003615257902,-1.0000004357385057,0.9999999012812724,0.999999935718261,1.00000000018375,-0.9999997331911407,-1.0000000972959295,-0.9999998039719888,0.9999997755043156,0.9999997534804368,0.9999995926424016,-0.9999998429533925,-1.0000004486102128,-1.0000004486102123,-0.999999774674686,-0.9999998002946713,0.9999996873295112,-0.9999995607913333,0.9999994185804059,0.9999994185804048,-1.0000013345733025,1.0000014548174947,1.0000014548174947
-0.9999999359287256,0.9999999150120721,0.9999999108539435,-0.9999998954753955,-0.9999998979741197,-0.9999999359287244,-0.9999998050047472,-0.999999787769827,0.9999994723637026,1.0000000376364482,-0.9999992958822695,-0.9999992707264704,-0.9999998761658171,-1.0000004668323168,-0.9999991167941352,0.9999991628422832,-0.9999991167941362,0.999999525132313,0.9999998288739821,0.9999999108539444,-0.9999993841638409,-0.9999994108333935,-0.9999997331911407,0.9999999994363167,0.9999995646439191,0.9999992790873236,-0.9999992583867111,-0.9999992363628061,-0.9999990755249187,0.9999993180684604,0.9999999237259701,0.9999999237259707,0.9999992497898201,0.9999992754097604,-0.999999162444685,0.9999990359066988,-0.9999988936958405,-0.9999988936958383,1.000000809692774,-1.0000009299372605,-1.0000009299372603
-1.0000002922660731,1.0000002713493426,1.0000002671913686,-1.000000251812592,-1.0000002543113684,-1.0000002922660713,-1.0000001613421996,-1.0000001441065194,0.9999998287009676,1.0000003939724496,-0.999999652219812,-0.9999996270638937,-1.0000002325017567,-1.0000008231676778,-0.9999994731316345,0.9999995191797945,-0.9999994731316361,0.9999998814698471,1.0000001852113767,1.0000002671913713,-0.9999997405013726,-0.9999997671710257,-1.0000000972959295,0.9999995646439191,0.9999999999437393,0.9999996354248096,-0.9999996069570727,-0.9999995849331844,-0.9999994240951885,0.9999996744061368,1.0000002800631684,1.0000002800631693,0.9999996061274572,0.9999996317474273,-0.9999995187822933,0.999999392244176,-0.9999992500332625,-0.9999992500332606,1.000001166027563,-1.0000012862718506,-1.0000012862718501
-1.0000000067094537,0.9999999857927468,0.9999999816347347,-0.9999999662559946,-0.9999999687547729,-1.0000000067094512,-0.9999998757855781,-0.9999998585504827,0.9999995431446224,1.0000001084167547,-0.9999993666632859,-0.9999993415074484,-0.999999946946107,-1.000000537612233,-0.9999991875750166,0.9999992336232092,-0.9999991875750174,0.999999595913229,0.9999998996547573,0.9999999816347356,-0.9999994549447674,-0.9999994816143883,-0.9999998039719888,0.9999992790873236,0.9999996354248096,0.9999999995371084,-0.99999932140047,-0.9999992993765763,-0.999999138538585,0.9999993888495032,0.9999999945065562,0.9999999945065557,0.9999993205708829,0.9999993461908313,-0.9999992332257306,0.9999991066876803,-0.9999989644767588,-0.9999989644767585,1.0000008804723355,-1.0000010007166833,-1.0000010007166833
0.999999978241943,-0.9999999573253003,-0.999999953167143,0.9999999377886467,0.9999999402873522,0.9999999782419405,0.9999998473179272,0.9999998300830418,-0.9999995146768341,-1.0000000799497692,0.9999993381953676,0.9999993130395783,0.999999918479133,1.0000005091457584,0.999999159107265,-0.9999992051554003,0.9999991591072629,-0.9999995674454549,-0.9999998711871788,-0.9999999531671446,0.9999994187096872,0.9999994531465121,0.9999997755043156,-0.9999992583867111,-0.9999996069570727,-0.99999932140047,0.9999999994965703,0.9999992709086061,0.99999911007074,-0.9999993681488527,-0.9999999660392264,-0.9999999660392254,-0.9999992998701969,-0.9999993177228462,0.9999992047577708,-0.9999990782197967,0.9999989360089465,0.9999989360089468,-1.0000008520063248,1.0000009722508576,1.0000009722508592
0.9999999562180873,-0.9999999353014513,-0.9999999311432807,0.9999999157648041,0.9999999182635038,0.9999999562180862,0.9999998252940578,0.9999998080593531,-0.9999994926530236,-1.0000000579262094,0.9999993161714865,0.9999992910157249,0.9999998964555817,1.0000004871223118,0.9999991370833554,-0.9999991831315007,0.9999991370833556,-0.9999995454215662,-0.9999998491633124,-0.9999999311432822,0.9999993966857931,0.9999994311226118,0.9999997534804368,-0.9999992363628061,-0.9999995849331844,-0.9999992993765763,0.9999992709086061,0.9999999994652082,0.9999990880468317,-0.9999993383576552,-0.99999994401538,-0.9999999440153804,-0.9999992700790072,-0.9999993034662396,0.9999991827338709,-0.9999990561959117,0.9999989139850588,0.9999989139850585,-1.000000829982974,1.0000009502275424,1.0000009502275424
0.9999997953799876,-0.9999997744633369,-0.9999997703052095,0.9999997549266375,0.9999997574253745,0.9999997953799862,0.9999996644560258,0.9999996472215434,-0.9999993318152134,-0.9999998970883687,0.9999991553336456,0.9999991301779015,0.9999997356177632,1.0000003262843657,0.9999989762453806,-0.999999022293571,0.9999989762453804,-0.9999993845836007,-0.9999996883252488,-0.999999770305211,0.9999992358478443,0.999999270284682,0.9999995926424016,-0.9999990755249187,-0.9999994240951885,-0.999999138538585,0.99999911007074,0.9999990880468317,0.9999999992361759,-0.9999991775197601,-0.9999997831771954,-0.9999997831771958,-0.9999991092411668,-0.9999991348610963,0.9999990218960311,-0.9999988953580712,0.9999987531471775,0.9999987531471752,-1.0000006691449224,1.0000007893894298,1.0000007893894296
-1.0000000456910365,1.000000024774389,1.0000000206162383,-1.0000000052377278,-1.0000000077364357,-1.0000000456910358,-0.9999999147670147,-0.9999998975322472,0.9999995821259581,1.0000001473990439,-0.9999994056444376,-0.9999993804886622,-0.9999999859283983,-1.0000005765950997,-0.9999992265562806,0.9999992726044313,-0.9999992265562806,0.9999996348945177,0.9999999386362624,1.0000000206162383,-0.9999994861587351,-0.9999995283628631,-0.9999998429533925,0.9999993180684604,0.9999996744061368,0.9999993888495032,-0.9999993681488527,-0.9999993383576552,-0.9999991775197601,0.9999999995926173,1.0000000334883052,1.0000000334883052,0.9999993595519642,0.9999993851719087,-0.9999992722068217,0.9999991456688383,-0.9999990034579672,-0.9999990034579663,1.0000009194557204,-1.0000010397002703,-1.0000010397002705
-1.0000006513472284,1.0000006304303377,1.0000006262727112,-1.0000006108934185,-1.000000621159611,-1.0000006513472273,-1.0000005204236553,-1.000000503186339,1.000000187782182,1.0000007530506219,-1.0000000113017093,-0.9999999861455394,-1.0000005915798686,-1.000001182244228,-0.99999983221349,0.999999878261661,-0.9999998322134898,1.0000002405516104,1.0000005442926858,1.0000006262727124,-1.0000000918158993,-1.000000126253054,-1.0000004486102128,0.9999999237259701,1.0000002800631684,0.9999999945065562,-0.9999999660392264,-0.99999994401538,-0.9999997831771954,1.0000000334883052,1.000000000455069,1.0000006391439842,0.9999999652095795,0.9999999908296012,-0.9999998778643853,0.9999997513260342,-0.9999996091150432,-0.9999996091150412,1.0000015251026806,-1.0000016453464609,-1.0000016453464609
-1.0000006513472284,1.0000006304303382,1.0000006262727108,-1.000000610893418,-1.0000006211596073,-1.0000006513472266,-1.000000520423655,-1.000000503186339,1.000000187782183,1.0000007530506216,-1.0000000113017093,-0.9999999861455398,-1.0000005915798695,-1.0000011822442274,-0.9999998322134906,0.9999998782616613,-0.9999998322134882,1.0000002405516109,1.000000544292687,1.0000006262727121,-1.000000091815898,-1.0000001262530542,-1.0000004486102123,0.9999999237259707,1.0000002800631693,0.9999999945065557,-0.9999999660392254,-0.9999999440153804,-0.9999997831771958,1.0000000334883052,1.0000006391439842,1.000000000455069,0.99999996520958,0.9999999908296002,-0.9999998778643847,0.999999751326034,-0.999999609115043,-0.9999996091150409,1.00000152510268,-1.0000016453464617,-1.0000016453464602
-0.9999999774122894,0.999999956495642,0.9999999523374932,-0.9999999369589994,-0.999999939457695,-0.9999999774122875,-0.9999998464882803,-0.9999998292531849,0.9999995138471127,1.0000000791197736,-0.999999345133018,-0.9999993122099129,-0.9999999176491443,-1.0000005083156325,-0.9999991582776891,0.9999992043258026,-0.9999991582776891,0.9999995666158334,0.99999987035753,0.9999999523374948,-0.9999994178800774,-0.9999994523169078,-0.999999774674686,0.9999992497898201,0.9999996061274572,0.9999993205708829,-0.9999992998701969,-0.9999992700790072,-0.9999991092411668,0.9999993595519642,0.9999999652095795,0.99999996520958,0.9999999994953889,0.9999993168932334,-0.9999992116954498,0.9999990773901748,-0.9999989351793516,-0.9999989351793502,1.0000008511760945,-1.0000009714205986,-1.0000009714205988
-1.000000003032305,0.9999999821156602,0.9999999779575006,-0.9999999625790219,-0.9999999650777138,-1.000000003032303,-0.9999998721082753,-0.9999998548733475,0.9999995394671509,1.0000001047400606,-0.9999993707529825,-0.9999993378299032,-0.9999999432694353,-1.0000005339360425,-0.9999991838976239,0.9999992299457463,-0.9999991838976215,0.9999995922357985,0.9999998959775303,0.9999999779575022,-0.9999994435000319,-0.999999477936861,-0.9999998002946713,0.9999992754097604,0.9999996317474273,0.9999993461908313,-0.9999993177228462,-0.9999993034662396,-0.9999991348610963,0.9999993851719087,0.9999999908296012,0.9999999908296002,0.9999993168932334,0.9999999995318717,-0.9999992295481014,0.999999103010128,-0.9999989607992944,-0.9999989607992938,1.0000008767966078,-1.0000009970411465,-1.0000009970411456
0.9999998900671061,-0.9999998691504592,-0.9999998649923123,0.9999998496138139,0.9999998521125113,0.9999998900671048,0.9999997591431082,0.9999997419081489,-0.9999994265020258,-0.9999999917747882,0.9999992500206022,0.9999992248648091,0.9999998303041804,1.000000420970663,0.9999990709325339,-0.9999991169806571,0.9999990709325337,-0.9999994792706746,-0.9999997830123515,-0.9999998649923145,0.9999993305349286,0.9999993649717591,0.9999996873295112,-0.999999162444685,-0.9999995187822933,-0.9999992332257306,0.9999992047577708,0.9999991827338709,0.9999990218960311,-0.9999992722068217,-0.9999998778643853,-0.9999998778643847,-0.9999992116954498,-0.9999992295481014,0.99999999937101,-0.9999989978123541,0.9999988478342365,0.9999988478342355,-1.000000763831135,1.0000008840756407,1.0000008840756403
-0.9999997635288117,0.9999997426121374,0.9999997384540562,-0.9999997230754665,-0.9999997255741855,-0.9999997635288091,-0.999999632604892,-0.9999996153696137,0.9999992999638244,0.9999998652358846,-0.9999991234825709,-0.9999991060940233,-0.9999997037652962,-1.0000002944313575,-0.9999989443945418,0.9999989904426551,-0.9999989443945411,0.9999993527325722,0.9999996564741038,0.9999997384540581,-0.9999992039968654,-0.9999992384337297,-0.9999995607913333,0.9999990359066988,0.999999392244176,0.9999991066876803,-0.9999990782197967,-0.9999990561959117,-0.9999988953580712,0.9999991456688383,0.9999997513260342,0.999999751326034,0.9999990773901748,0.999999103010128,-0.9999989978123541,0.99999999919082,-0.9999987290635609,-0.9999987290635615,1.0000006372914847,-1.0000007575358683,-1.0000007575358687
0.9999996213178682,-0.9999996004011944,-0.9999995962431246,0.9999995808644905,0.9999995833632329,0.9999996213178652,0.9999994903939805,0.9999994731590774,-0.9999991577531311,-0.9999997230254939,0.9999989812717693,0.9999989561159764,0.9999995615549282,1.000000152221041,0.9999988021836017,-0.9999988482317619,0.9999988021836023,-0.9999992105216832,-0.9999995142631762,-0.9999995962431263,0.9999990617859791,0.9999990962228449,0.9999994185804059,-0.9999988936958405,-0.9999992500332625,-0.9999989644767588,0.9999989360089465,0.9999989139850588,0.9999987531471775,-0.9999990034579672,-0.9999996091150432,-0.999999609115043,-0.9999989351793516,-0.9999989607992944,0.9999988478342365,-0.9999987290635609,0.999999998988313,0.999998579085421,-1.0000004950812176,1.0000006153256005,1.0000006153256005
0.9999996213178673,-0.9999996004011938,-0.9999995962431227,0.9999995808644903,0.999999583363231,0.9999996213178652,0.9999994903939788,0.9999994731590751,-0.9999991577531298,-0.9999997230254937,0.9999989812717686,0.9999989561159751,0.9999995615549275,1.0000001522210387,0.9999988021836008,-0.9999988482317613,0.9999988021835998,-0.9999992105216823,-0.9999995142631746,-0.9999995962431238,0.9999990617859773,0.9999990962228444,0.9999994185804048,-0.9999988936958383,-0.9999992500332606,-0.9999989644767585,0.9999989360089468,0.9999989139850585,0.9999987531471752,-0.9999990034579663,-0.9999996091150412,-0.9999996091150409,-0.9999989351793502,-0.9999989607992938,0.9999988478342355,-0.9999987290635615,0.999998579085421,0.999999998988313,-1.000000495081217,1.0000006153255998,1.0000006153255994
-1.000001537307154,1.0000015163892808,1.0000015122337431,-1.0000014968520279,-1.0000014993512105,-1.0000015373071518,-1.0000014063853544,-1.000001389132312,1.00000107374029,1.0000016389831858,-1.0000008972663068,-1.0000008721080786,-1.0000014775124835,-1.0000020759312802,-1.0000007181806958,1.0000007642279618,-1.000000718180695,1.0000011265159365,1.000001430253671,1.000001512233745,-1.0000009777810321,-1.0000010122194718,-1.0000013345733025,1.000000809692774,1.000001166027563,1.0000008804723355,-1.0000008520063248,-1.000000829982974,-1.0000006691449224,1.0000009194557204,1.0000015251026806,1.00000152510268,1.0000008511760945,1.0000008767966078,-1.000000763831135,1.0000006372914847,-1.0000004950812176,-1.000000495081217,1.000000001716634,-1.0000025390190475,-1.0000025390190421
1.0000016575510944,-1.0000016366331328,-1.0000016324777847,1.0000016170958108,1.0000016195950436,1.0000016575510928,1.0000015266294582,1.0000015093753893,-1.0000011939842208,-1.0000017592252757,1.0000010175106722,1.0000009923522974,1.000001597754565,1.0000021884051107,1.0000008384251222,-1.000000884472365,1.000000838425123,-1.0000012467602368,-1.0000015504976998,-1.0000016324777865,1.0000010980253786,1.0000011324639384,1.0000014548174947,-1.0000009299372605,-1.0000012862718506,-1.0000010007166833,1.0000009722508576,1.0000009502275424,1.0000007893894298,-1.0000010397002703,-1.0000016453464609,-1.0000016453464617,-1.0000009714205986,-1.0000009970411465,1.0000008840756407,-1.0000007575358683,1.0000006153256005,1.0000006153255998,-1.0000025390190475,1.0000000018878552,1.0000026514917355
1.0000016575510944,-1.0000016366331328,-1.0000016324777847,1.000001617095812,1.0000016195950436,1.0000016575510928,1.0000015266294577,1.0000015093753898,-1.0000011939842224,-1.0000017592252761,1.0000010175106722,1.0000009923522972,1.0000015977545644,1.0000021884051116,1.0000008384251222,-1.0000008844723647,1.000000838425123,-1.0000012467602375,-1.000001550497699,-1.000001632477786,1.0000010980253793,1.0000011324639393,1.0000014548174947,-1.0000009299372603,-1.0000012862718501,-1.0000010007166833,1.0000009722508592,1.0000009502275424,1.0000007893894296,-1.0000010397002705,-1.0000016453464609,-1.0000016453464602,-1.0000009714205988,-1.0000009970411456,1.0000008840756403,-1.0000007575358687,1.0000006153256005,1.0000006153255994,-1.0000025390190421,1.0000026514917355,1.0000000018878552
