1.000000000954371,-1.0000010406088398,-1.0000015779127203,1.0000004774986888,1.0000015869327301,1.0000015365702395,1.0000008283153266,-1.0000011773332973,-1.0000006144356073,1.0000013615614771,1.0000013615614758,-0.9999992264480534,0.9999996389054219,0.9999990809562389,0.9999990809562386,-1.0000000627385246,-1.0000003134391977,1.0000000504091826,-1.0000000619389557,1.0000001518391843,-1.0000014944671198,-1.0000014944671187
-1.0000010406088398,1.0000000004537133,1.0000011705357403,-1.0000001861412282,-1.000001237561029,-1.0000011872207781,-1.0000004790015378,1.000000828008303,1.000000265127639,-1.0000010122289398,-1.0000010122289396,0.9999988771357816,-0.9999992895724642,-0.9999987316504633,-0.9999987316504633,0.9999997133816889,0.9999999640623332,-0.9999997010409597,0.9999997125626462,-0.9999998024597885,1.000001145125877,1.0000011451258766
-1.0000015779127203,1.0000011705357403,1.0000000012236263,-1.000000665364153,-1.0000018328637252,-1.0000017822513532,-1.000001015458771,1.0000013646641632,1.0000008014798525,-1.00000154900982,-1.000001549009819,0.9999994136244817,-0.999999826331746,-0.9999992680521812,-0.9999992680521812,1.0000002504409704,1.0000005013545339,-1.0000002382143478,1.0000002498160272,-1.0000003397548523,1.0000016820363586,1.0000016820363586
1.0000004774986888,-1.0000001861412282,-1.000000665364153,0.9999999997298452,1.0000007324464437,1.0000006818873748,0.9999999731865412,-1.000000322368116,-0.9999997592207881,1.0000005066979527,1.0000005066979523,-0.9999983713617318,0.9999987840172504,0.9999982258065212,0.9999982258065212,-0.999999266077678,-0.9999995169395781,0.9999991958079607,-0.9999992073873154,0.999999297318741,-1.0000006397046541,-1.0000006397046532
1.0000015869327301,-1.000001237561029,-1.0000018328637252,1.0000007324464437,1.0000000013197985,1.0000017914693662,1.0000010831987183,-1.0000014321939112,-1.0000008693615359,1.000001616446881,1.0000016164468795,-0.9999994812794977,0.9999998937705096,0.9999993358226346,0.9999993358226346,-1.000000317653088,-1.0000005684562168,1.000000305402534,-1.0000003169826752,1.0000004068914796,-1.0000017493675062,-1.0000017493675046
1.0000015365702395,-1.0000011872207781,-1.0000017822513532,1.0000006818873748,1.0000017914693662,1.000000001246951,1.0000010302858529,-1.0000013799415193,-1.0000008160587792,1.0000015645587936,1.0000015645587932,-0.9999994285290953,0.9999998418275335,0.999999282754729,0.9999992827547275,-1.000000266586499,-1.0000005179868354,1.0000002545917503,-1.0000002663565093,1.000000356384655,-1.0000017558790721,-1.0000017558790684
1.0000008283153266,-1.0000004790015378,-1.000001015458771,0.9999999731865412,1.0000010831987183,1.0000010302858529,1.000000000226999,-1.0000007256889192,-1.0000001599790453,1.00000085308242,1.00000085308242,-0.9999987151983731,0.9999991301683097,0.9999985689224745,0.999998568922474,-0.999999556789943,-0.9999998096855004,0.9999995455484648,-0.9999995578377388,0.9999996481262686,-1.000000987193505,-1.0000009871935052
-1.0000011773332973,1.000000828008303,1.0000013646641632,-1.000000322368116,-1.0000014321939112,-1.0000013799415193,-1.0000007256889192,1.0000000007295011,1.0000004530323279,-1.0000012612622593,-1.000001261262261,0.9999990660305483,-0.9999994804082724,-0.9999989199167914,-0.9999989199167911,0.9999999063649574,1.0000001587049652,-0.9999998948348138,0.9999999069243332,-0.9999999971191172,1.0000013370763614,1.000001337076361
-1.0000006144356073,1.000000265127639,1.0000008014798525,-0.9999997592207881,-1.0000008693615359,-1.0000008160587792,-1.0000001599790453,1.0000004530323279,0.999999999919059,-1.0000006385900226,-1.0000006385900218,0.9999985003455215,-0.9999989156307808,-0.9999983539994312,-0.9999983539994303,0.9999993426118164,0.9999995958314474,-0.9999993315498096,0.999999343961929,-0.9999994343014039,1.0000007728511278,1.0000007728511289
1.0000013615614771,-1.0000010122289398,-1.00000154900982,1.0000005066979527,1.000001616446881,1.0000015645587936,1.00000085308242,-1.0000012612622593,-1.0000006385900226,1.0000000009946612,1.0000013881982288,-0.9999992513841081,0.9999996653909352,0.9999991053936651,0.9999991053936647,-1.000000090937146,-1.000000342965159,1.0000000792588213,-1.0000000912437215,1.0000001813811243,-1.0000015798558681,-1.0000015218439284
1.0000013615614758,-1.0000010122289396,-1.000001549009819,1.0000005066979523,1.0000016164468795,1.0000015645587932,1.00000085308242,-1.000001261262261,-1.0000006385900218,1.0000013881982288,1.0000000009946612,-0.9999992513841065,0.9999996653909338,0.9999991053936639,0.9999991053936641,-1.0000000909371445,-1.000000342965158,1.0000000792588197,-1.0000000912437212,1.0000001813811241,-1.0000015218439262,-1.000001579855863
-0.9999992264480534,0.9999988771357816,0.9999994136244817,-0.9999983713617318,-0.9999994812794977,-0.9999994285290953,-0.9999987151983731,0.9999990660305483,0.9999985003455215,-0.9999992513841081,-0.9999992513841065,0.9999999979318621,-0.9999975865090813,-0.9999970253294155,-0.9999970253294166,0.9999979550278573,0.9999982078064712,-0.9999979437120681,0.9999979559546424,-0.9999980462282458,0.9999993854546292,0.9999993854546287
0.9999996389054219,-0.9999992895724642,-0.999999826331746,0.9999987840172504,0.9999998937705096,0.9999998418275335,0.9999991301683097,-0.9999994804082724,-0.9999989156307808,0.9999996653909352,0.9999996653909338,-0.9999975865090813,0.9999999985258314,0.999997382470377,0.999997382470377,-0.9999984262187299,-0.9999986202826828,0.9999983565427747,-0.9999983685402565,0.9999984586893575,-0.9999997990759789,-0.9999997990759785
0.9999990809562389,-0.9999987316504633,-0.9999992680521812,0.9999982258065212,0.9999993358226346,0.999999282754729,0.9999985689224745,-0.9999989199167914,-0.9999983539994312,0.9999991053936651,0.9999991053936639,-0.9999970253294155,0.999997382470377,0.9999999977221845,0.9999968209697723,-0.9999978092994164,-0.9999980623476595,0.9999977981352839,-0.9999978104814563,0.9999979007966884,-0.9999992395860399,-0.9999992395860405
0.9999990809562386,-0.9999987316504633,-0.9999992680521812,0.9999982258065212,0.9999993358226346,0.9999992827547275,0.999998568922474,-0.9999989199167911,-0.9999983539994303,0.9999991053936647,0.9999991053936641,-0.9999970253294166,0.999997382470377,0.9999968209697723,0.9999999977221845,-0.9999978092994157,-0.9999980623476595,0.9999977981352832,-0.9999978104814558,0.999997900796688,-0.9999992395860389,-0.9999992395860408
-1.0000000627385246,0.9999997133816889,1.0000002504409704,-0.999999266077678,-1.000000317653088,-1.000000266586499,-0.999999556789943,0.9999999063649574,0.9999993426118164,-1.000000090937146,-1.0000000909371445,0.9999979550278573,-0.9999984262187299,-0.9999978092994164,-0.9999978092994157,0.9999999991350507,0.9999990441387153,-0.9999988388025423,0.9999987925206171,-0.9999988825321389,1.0000002241946278,1.0000002241946282
-1.0000003134391977,0.9999999640623332,1.0000005013545339,-0.9999995169395781,-1.0000005684562168,-1.0000005179868354,-0.9999998096855004,1.0000001587049652,0.9999995958314474,-1.000000342965159,-1.000000342965158,0.9999982078064712,-0.9999986202826828,-0.9999980623476595,-0.9999980623476595,0.9999990441387153,0.9999999994947871,-0.9999990318513398,0.9999990434051402,-0.9999991913239084,1.0000004758881835,1.0000004758881822
1.0000000504091826,-0.9999997010409597,-1.0000002382143478,0.9999991958079607,1.000000305402534,1.0000002545917503,0.9999995455484648,-0.9999998948348138,-0.9999993315498096,1.0000000792588213,1.0000000792588197,-0.9999979437120681,0.9999983565427747,0.9999977981352839,0.9999977981352832,-0.9999988388025423,-0.9999990318513398,0.9999999991177205,-0.9999988383148637,0.9999988702638813,-1.0000002123514633,-1.0000002123514624
-1.0000000619389557,0.9999997125626462,1.0000002498160272,-0.9999992073873154,-1.0000003169826752,-1.0000002663565093,-0.9999995578377388,0.9999999069243332,0.999999343961929,-1.0000000912437215,-1.0000000912437212,0.9999979559546424,-0.9999983685402565,-0.9999978104814563,-0.9999978104814558,0.9999987925206171,0.9999990434051402,-0.9999988383148637,0.999999999134383,-0.999998939840258,1.0000002242210764,1.0000002242210762
1.0000001518391843,-0.9999998024597885,-1.0000003397548523,0.999999297318741,1.0000004068914796,1.000000356384655,0.9999996481262686,-0.9999999971191172,-0.9999994343014039,1.0000001813811243,1.0000001813811241,-0.9999980462282458,0.9999984586893575,0.9999979007966884,0.999997900796688,-0.9999988825321389,-0.9999991913239084,0.9999988702638813,-0.999998939840258,0.9999999992632348,-1.000000314298992,-1.000000314298991
-1.0000014944671198,1.000001145125877,1.0000016820363586,-1.0000006397046541,-1.0000017493675062,-1.0000017558790721,-1.000000987193505,1.0000013370763614,1.0000007728511278,-1.0000015798558681,-1.0000015218439262,0.9999993854546292,-0.9999997990759789,-0.9999992395860399,-0.9999992395860389,1.0000002241946278,1.0000004758881835,-1.0000002123514633,1.0000002242210764,-1.000000314298992,1.0000000011860462,1.0000016553045898
-1.0000014944671187,1.0000011451258766,1.0000016820363586,-1.0000006397046532,-1.0000017493675046,-1.0000017558790684,-1.0000009871935052,1.000001337076361,1.0000007728511289,-1.0000015218439284,-1.000001579855863,0.9999993854546287,-0.9999997990759785,-0.9999992395860405,-0.9999992395860408,1.0000002241946282,1.0000004758881822,-1.0000002123514624,1.0000002242210762,-1.000000314298991,1.0000016553045898,1.0000000011860462
