0.9999999985057835,-0.9999996328773392,1.0000045658872343,-1.0000026916166376,0.9999991796334102,-0.9999997851707255,-0.999998064372932,0.9999976305072968,-0.999997474745859,0.9999972669037828,0.9999979112153894,0.9999993130873667,-0.8089120303609375,-0.8091120796674578,0.30882601624943834,0.30919110019508933,-0.3087995514476497,0.3087770554484755,-0.3087579722033698,0.30875013192495754,0.30875013192495593,0.9999976305073167,-0.3087454703092842,-0.30874547030929045,0.3087439214766635
-0.9999996328773392,0.9999999978813401,-1.000004130134442,1.0000022558653805,-0.9999987435013614,0.9999993492275103,0.9999976280643152,-0.9999971941198255,0.999997038299613,-0.999998988577613,-0.9999974747458565,-0.9999988773397954,0.80891448440573,0.8091089207726635,-0.3088304226147445,-0.3091864246737044,0.3088039578594258,-0.30878146190445277,0.3087623786993217,-0.3087545384377736,-0.3087545384377719,-0.9999993522513065,0.3087498768326614,0.30874987683266797,-0.30874832800365826
1.0000045658872343,-1.000004130134442,1.0000000080425284,-1.0000115265676068,1.0000058446800764,-1.0000064560180895,-1.0000047239900023,1.0000042876951056,-1.0000041301344478,1.0000039219367542,1.0000045658872392,1.0000059899216032,-0.8090031425744434,-0.809031776810195,0.30896675830152875,0.30905448889048115,-0.3089402943842553,0.30891779928652013,-0.30889871688354587,0.30889087696464057,0.308890876964639,1.000004287695109,-0.3088862155796703,-0.3088862155796767,0.30888466682706045
-1.0000026916166376,1.0000022558653805,-1.0000115265676068,1.000000005360994,-1.0000039704128014,1.0000045817529015,1.0000028497220512,-1.0000024134266208,1.0000022558653876,-1.0000020476678857,-1.0000026916166416,-1.000006273792294,0.8090015992106604,0.8090302875757329,-0.3089661353846147,-0.30905395348282994,0.3089396715155791,-0.30891717645859695,0.3088980940899652,-0.30889025418511296,-0.30889025418511173,-1.0000024134266228,0.30888559280847555,0.30888559280848193,-0.3088840440586293
0.9999991796334102,-0.9999987435013614,1.0000058446800764,-1.0000039704128014,1.000000000324001,-1.0000032193027604,-1.0000014932417862,0.9999989001061612,-0.9999987435013693,0.9999985354928678,0.9999991796334146,1.0000005918965287,-0.8089532160863321,-0.8090729659317392,0.3088913756115998,0.30912653319402283,-0.3088649112677251,0.30884241572758586,-0.3088233329079616,0.3088154928106004,0.30881549281059906,0.9999989001061633,-0.30881083131050063,-0.30881083131050724,0.3088092825178504
-0.9999997851707255,0.9999993492275103,-1.0000064560180895,1.0000045817529015,-1.0000032193027604,1.0000000011953265,0.9999999419445311,-0.9999995063037642,0.9999993492275172,-0.9999991411259669,-0.9999997851707304,-1.0000033613756893,0.8089761181065425,0.80905105467814,-0.3089278195463501,-0.3090904682215941,0.3089013554633302,-0.30887886018395083,0.30885977760562866,-0.3088519376109062,-0.30885193761090457,-0.9999995063037677,0.30884727617625735,0.3088472761762636,-0.30884572740622823
-0.999998064372932,0.9999976280643152,-1.0000047239900023,1.0000028497220512,-1.0000014932417862,0.9999999419445311,0.9999999987256998,-0.9999999423596175,0.9999976280643227,-0.9999974201429976,-0.9999980643729369,-0.9999994712011762,0.8089313303435486,0.8090930368755008,-0.3088570853459569,-0.3091601297873944,0.30883062077464873,-0.308808125004594,0.30878904197106444,-0.30878120178255347,-0.30878120178255214,-0.999999942359622,0.3087765402241045,0.30877654022411105,-0.3087749914112457
0.9999976305072968,-0.9999971941198255,1.0000042876951056,-1.0000024134266208,0.9999989001061612,-0.9999995063037642,-0.9999999423596175,0.9999999981043782,-0.9999993522513082,0.9999969862374899,0.9999976305073187,0.999999034903059,-0.8089215772793253,-0.8091020833322816,0.3088417412634633,0.30917520375363067,-0.30881527658876673,0.30879278071456007,-0.30877369758426715,0.3087658573545162,0.30876585735451456,0.9999973500862098,-0.30876119576969746,-0.30876119576970384,0.30875964694771113
-0.999997474745859,0.999997038299613,-1.0000041301344478,1.0000022558653876,-0.9999987435013693,0.9999993492275172,0.9999976280643227,-0.9999993522513082,0.9999999978813401,-0.9999989885776169,-0.9999996328773512,-0.9999988773398022,0.808914484405735,0.8091089207726696,-0.30883042261474547,-0.3091864246737082,0.30880395785942655,-0.3087814619044538,0.3087623786993227,-0.3087545384377741,-0.30875453843777256,-0.9999971941198337,0.3087498768326624,0.308749876832669,-0.3087483280036593
0.9999972669037828,-0.999998988577613,1.0000039219367542,-1.0000020476678857,0.9999985354928678,-0.9999991411259669,-0.9999974201429976,0.9999969862374899,-0.9999989885776169,0.9999999975839664,0.9999972669037873,0.9999986691423268,-0.8089129421144449,-0.8091101260976364,0.3088281353954462,0.30918858315356884,-0.3088016706288022,0.3087791746618783,-0.308760091445407,0.3087522511789542,0.30875225117895255,0.9999969862374921,-0.30874758957066006,-0.30874758957066667,0.30874604074054635
0.9999979112153894,-0.9999974747458565,1.0000045658872392,-1.0000026916166416,0.9999991796334146,-0.9999997851707304,-0.9999980643729369,0.9999976305073187,-0.9999996328773512,0.9999972669037873,0.9999999985057835,0.9999993130873707,-0.8089120303609408,-0.8091120796674608,0.30882601624943995,0.3091911001950905,-0.3087995514476513,0.30877705544847645,-0.308757972203371,0.30875013192495887,0.3087501319249568,0.9999976305073028,-0.3087454703092846,-0.3087454703092919,0.308743921476664
0.9999993130873667,-0.9999988773397954,1.0000059899216032,-1.000006273792294,1.0000005918965287,-1.0000033613756893,-0.9999994712011762,0.999999034903059,-0.9999988773398022,0.9999986691423268,0.9999993130873707,1.0000000005273393,-0.8090010084878211,-0.8090297280752164,0.30896506620807307,0.3090529346927512,-0.30893860242627086,0.3089161074432101,-0.3088970251369277,0.3088891852576003,0.30888918525759923,0.9999990349030615,-0.3088845238961219,-0.3088845238961285,0.30888297515130575
-0.8089120303609375,0.80891448440573,-0.8090031425744434,0.8090015992106604,-0.8089532160863321,0.8089761181065425,0.8089313303435486,-0.8089215772793253,0.808914484405735,-0.8089129421144449,-0.8089120303609408,-0.8090010084878211,0.9999999984755598,0.30900582557598816,-0.8090023101118184,0.3090081390031615,0.808982736864444,-0.8089685694986039,0.8089568981989219,-0.808952169100305,-0.8089521691003001,-0.8089215772793263,0.8089494292620337,0.8089494292620436,-0.8089485332391972
-0.8091120796674578,0.8091089207726635,-0.809031776810195,0.8090302875757329,-0.8090729659317392,0.80905105467814,0.8090930368755008,-0.8091020833322816,0.8091089207726696,-0.8091101260976364,-0.8091120796674608,-0.8090297280752164,0.30900582557598816,0.9999999986039466,0.30904943102658006,-0.8090282939121638,-0.309074834671312,0.30909706445346663,-0.30911626852936835,0.309124224435706,0.30912422443570386,-0.8091020833322843,-0.3091290267232805,-0.3091290267232808,0.3091306365829214
0.30882601624943834,-0.3088304226147445,0.30896675830152875,-0.3089661353846147,0.3088913756115998,-0.3089278195463501,-0.3088570853459569,0.3088417412634633,-0.30883042261474547,0.3088281353954462,0.30882601624943995,0.30896506620807307,-0.8090023101118184,0.30904943102658006,0.9999999967673279,-0.8090250630136613,-0.9999959251538555,0.9999933391137575,-0.999993537179379,0.9999937253460042,0.9999937253459978,0.3088417412634634,-0.9999939536306549,-0.9999939536306655,0.9999940526043745
0.30919110019508933,-0.3091864246737044,0.30905448889048115,-0.30905395348282994,0.30912653319402283,-0.3090904682215941,-0.3091601297873944,0.30917520375363067,-0.3091864246737082,0.30918858315356884,0.3091911001950905,0.3090529346927512,0.3090081390031615,-0.8090282939121638,-0.8090250630136613,0.9999999973514198,0.8090375457180876,-0.8090510198529555,0.8090630108899814,-0.8090680441423851,-0.8090680441423787,0.30917520375363217,0.8090711531689034,0.8090711531689099,-0.8090722092730447
-0.3087995514476497,0.3088039578594258,-0.3089402943842553,0.3089396715155791,-0.3088649112677251,0.3089013554633302,0.30883062077464873,-0.30881527658876673,0.30880395785942655,-0.3088016706288022,-0.3087995514476513,-0.30893860242627086,0.808982736864444,-0.309074834671312,-0.9999959251538555,0.8090375457180876,0.9999999943157095,-0.9999937848330878,0.9999918253937782,-0.9999920138197143,-0.9999920138197067,-0.30881527658876684,0.9999922422597655,0.9999922422597755,-0.999992341285336
0.3087770554484755,-0.30878146190445277,0.30891779928652013,-0.30891717645859695,0.30884241572758586,-0.30887886018395083,-0.308808125004594,0.30879278071456007,-0.3087814619044538,0.3087791746618783,0.30877705544847645,0.3089161074432101,-0.8089685694986039,0.30909706445346663,0.9999933391137575,-0.8090510198529555,-0.9999937848330878,0.9999999937049948,-0.9999935575250213,0.9999915880448849,0.9999915880448794,0.3087927807145603,-0.9999918166201199,-0.9999918166201308,0.9999919156908182
-0.3087579722033698,0.3087623786993217,-0.30889871688354587,0.3088980940899652,-0.3088233329079616,0.30885977760562866,0.30878904197106444,-0.30877369758426715,0.3087623786993227,-0.308760091445407,-0.308757972203371,-0.3088970251369277,0.8089568981989219,-0.30911626852936835,-0.999993537179379,0.8090630108899814,0.9999918253937782,-0.9999935575250213,0.9999999939903766,-0.999993946072301,-0.9999939460722961,-0.3087736975842669,0.9999920166323296,0.9999920166323394,-0.999992115741845
0.30875013192495754,-0.3087545384377736,0.30889087696464057,-0.30889025418511296,0.3088154928106004,-0.3088519376109062,-0.30878120178255347,0.3087658573545162,-0.3087545384377741,0.3087522511789542,0.30875013192495887,0.3088891852576003,-0.808952169100305,0.309124224435706,0.9999937253460042,-0.8090680441423851,-0.9999920138197143,0.9999915880448849,-0.999993946072301,0.9999999942606167,0.9999919768660915,0.30876585735451634,-0.999994363737243,-0.9999922056057774,0.9999923047313959
0.30875013192495593,-0.3087545384377719,0.308890876964639,-0.30889025418511173,0.30881549281059906,-0.30885193761090457,-0.30878120178255214,0.30876585735451456,-0.30875453843777256,0.30875225117895255,0.3087501319249568,0.30888918525759923,-0.8089521691003001,0.30912422443570386,0.9999937253459978,-0.8090680441423787,-0.9999920138197067,0.9999915880448794,-0.9999939460722961,0.9999919768660915,0.9999999942606167,0.3087658573545147,-0.9999922056057605,-0.9999943637372489,0.9999923047313896
0.9999976305073167,-0.9999993522513065,1.000004287695109,-1.0000024134266228,0.9999989001061633,-0.9999995063037677,-0.999999942359622,0.9999973500862098,-0.9999971941198337,0.9999969862374921,0.9999976305073028,0.9999990349030615,-0.8089215772793263,-0.8091020833322843,0.3088417412634634,0.30917520375363217,-0.30881527658876684,0.3087927807145603,-0.3087736975842669,0.30876585735451634,0.3087658573545147,0.9999999981043785,-0.30876119576969685,-0.30876119576970396,0.3087596469477107
-0.3087454703092842,0.3087498768326614,-0.3088862155796703,0.30888559280847555,-0.30881083131050063,0.30884727617625735,0.3087765402241045,-0.30876119576969746,0.3087498768326624,-0.30874758957066006,-0.3087454703092846,-0.3088845238961219,0.8089494292620337,-0.3091290267232805,-0.9999939536306549,0.8090711531689034,0.9999922422597655,-0.9999918166201199,0.9999920166323296,-0.999994363737243,-0.9999922056057605,-0.30876119576969685,0.9999999945878978,0.9999924343744138,-0.9999946916411607
-0.30874547030929045,0.30874987683266797,-0.3088862155796767,0.30888559280848193,-0.30881083131050724,0.3088472761762636,0.30877654022411105,-0.30876119576970384,0.308749876832669,-0.30874758957066667,-0.3087454703092919,-0.3088845238961285,0.8089494292620436,-0.3091290267232808,-0.9999939536306655,0.8090711531689099,0.9999922422597755,-0.9999918166201308,0.9999920166323394,-0.9999922056057774,-0.9999943637372489,-0.30876119576970396,0.9999924343744138,0.9999999945878978,-0.999994691641174
0.3087439214766635,-0.30874832800365826,0.30888466682706045,-0.3088840440586293,0.3088092825178504,-0.30884572740622823,-0.3087749914112457,0.30875964694771113,-0.3087483280036593,0.30874604074054635,0.308743921476664,0.30888297515130575,-0.8089485332391972,0.3091306365829214,0.9999940526043745,-0.8090722092730447,-0.999992341285336,0.9999919156908182,-0.999992115741845,0.9999923047313959,0.9999923047313896,0.3087596469477107,-0.9999946916411607,-0.999994691641174,0.999999994729734
