0.9999999925738933,-0.9999897236513622,0.9999933653180259,0.9999885407172897,0.9999860716964287,-0.999987440264105,0.9999888067598546,-1.0000008105126432,1.0000016279854258,1.0000016279854278,1.0000030911056665,0.9999963368565433,-1.0000039539783439,-0.9999941720025161,-0.9999941720025136,-0.9999987682648684,1.000003110365909,-0.9999909135575714,-1.0000050414922628,0.9999926016678495,0.9999926016678482,-0.9999920334634452
-0.9999897236513622,0.9999999935864128,-0.99999345321108,-0.9999886286067458,-0.9999867782543803,0.9999881468230414,-0.9999895133198214,1.0000015170815637,-1.0000023345550033,-1.0000023345550042,-1.0000037976763134,-0.9999970434220932,1.000004660549649,0.999994878566453,0.9999948785664492,0.9999994748322913,-1.0000038169365848,0.9999916201191138,1.000005748064427,-0.9999933082306146,-0.999993308230614,0.9999927400257858
0.9999933653180259,-0.99999345321108,0.9999999979184505,0.999992270270409,0.999989801240371,-0.9999911698131929,0.9999925363139288,-1.0000045401107234,1.0000053575863386,1.0000053575863401,1.0000068207120263,1.0000000664383444,-1.0000076835878207,-0.9999979015763677,-0.9999979015763655,-1.0000018791850749,1.000006839972289,-0.9999940244490519,-1.0000087711055456,0.9999963312359426,0.9999963312359404,-0.9999957630294545
0.9999885407172897,-0.9999886286067458,0.999992270270409,0.999999991004669,0.9999849766561694,-0.9999857265520474,0.9999877117167776,-0.9999997154576563,1.0000005329298007,1.0000005329298027,1.0000019960485065,0.999995241805867,-1.000002858920378,-0.9999930769539985,-0.9999930769539966,-0.9999976732119941,1.0000020153087839,-0.999989818512415,-1.0000039464334052,0.9999915066208916,0.999991506620889,-0.9999909384170474
0.9999860716964287,-0.9999867782543803,0.999989801240371,0.9999849766561694,0.999999987466509,-0.9999832575364387,0.9999852426978577,-0.9999972464094894,0.9999980638797379,0.9999980638797391,0.9999995269948271,0.9999927727685287,-1.0000003898646244,-0.999990607921943,-0.9999906079219417,-0.9999952041688446,0.9999995462550878,-0.9999873494883649,-1.0000014773751091,0.999989037592664,0.9999890375926629,-0.9999884693902039
-0.999987440264105,0.9999881468230414,-0.9999911698131929,-0.9999857265520474,-0.9999832575364387,0.9999999894276946,-0.9999859925940924,0.9999986149925496,-0.9999994324639055,-0.9999994324639069,-1.0000008955810173,-0.999994141345445,1.0000017584519985,0.9999919764958808,0.9999919764958778,0.999996572749091,-1.0000009148413003,0.9999887180578102,1.0000028459639598,-0.9999904061644402,-0.9999904061644386,0.9999898379611972
0.9999888067598546,-0.9999895133198214,0.9999925363139288,0.9999877117167776,0.9999852426978577,-0.9999859925940924,0.9999999913859143,-0.9999999815030197,1.000000798975334,1.000000798975335,1.0000022620944171,0.9999955078501441,-1.0000031249664945,-0.9999933429977386,-0.9999933429977347,-0.9999979392568339,1.0000022813546883,-0.9999894658850096,-1.000004212479757,0.9999917726642402,0.9999917726642376,-0.9999912044602552
-1.0000008105126432,1.0000015170815637,-1.0000045401107234,-0.9999997154576563,-0.9999972464094894,0.9999986149925496,-0.9999999815030197,1.0000000085876777,-1.0000121841966965,-1.000012184196703,-1.0000136473331618,-1.0000068930116102,1.0000151288853079,1.0000053468043488,1.000005346804346,1.0000099431157883,-1.0000142852637013,1.0000020883235572,1.0000162164102715,-1.0000037764526382,-1.0000037764526364,1.0000032082420753
1.0000016279854258,-1.0000023345550033,1.0000053575863386,1.0000005329298007,0.9999980638797379,-0.9999994324639055,1.000000798975334,-1.0000121841966965,1.0000000097591486,1.0000136203484074,1.0000150834859984,1.0000083291597779,-1.0000159463684113,-1.0000061642806377,-1.0000061642806353,-1.0000107605952004,1.0000151027461939,-1.0000029057973818,-1.0000170338939842,1.0000045939277942,1.000004593927794,-1.0000040257168248
1.0000016279854278,-1.0000023345550042,1.0000053575863401,1.0000005329298027,0.9999980638797391,-0.9999994324639069,1.000000798975335,-1.000012184196703,1.0000136203484074,1.0000000097591486,1.0000150834859978,1.000008329159778,-1.000015946368411,-1.0000061642806395,-1.0000061642806362,-1.0000107605952024,1.0000151027461937,-1.0000029057973827,-1.0000170338939853,1.0000045939277964,1.000004593927794,-1.000004025716826
1.0000030911056665,-1.0000037976763134,1.0000068207120263,1.0000019960485065,0.9999995269948271,-1.0000008955810173,1.0000022620944171,-1.0000136473331618,1.0000150834859984,1.0000150834859978,1.000000011855862,1.0000097922897984,-1.000016790839069,-1.0000076274075231,-1.0000076274075194,-1.0000122237286806,1.0000165658859406,-1.0000043689195124,-1.0000184970364707,1.0000060570524063,1.0000060570524039,-1.000005488840613
0.9999963368565433,-0.9999970434220932,1.0000000664383444,0.999995241805867,0.9999927727685287,-0.999994141345445,0.9999955078501441,-1.0000068930116102,1.0000083291597779,1.000008329159778,1.0000097922897984,1.0000000021767619,-1.000010655168068,-1.000000254458002,-1.0000002544579942,-1.0000054694205653,1.0000098115500735,-0.9999976146617079,-1.0000117426888109,0.9999993027833025,0.9999993027833015,-0.9999987345751609
-1.0000039539783439,1.000004660549649,-1.0000076835878207,-1.000002858920378,-1.0000003898646244,1.0000017584519985,-1.0000031249664945,1.0000151288853079,-1.0000159463684113,-1.000015946368411,-1.000016790839069,-1.000010655168068,1.0000000130923967,1.0000084902840245,1.0000084902840214,1.0000130866088137,-1.0000168100992697,1.0000052317932975,1.0000193599215765,-1.000006919927628,-1.0000069199276265,1.0000063517153743
-0.9999941720025161,0.999994878566453,-0.9999979015763677,-0.9999930769539985,-0.999990607921943,0.9999919764958808,-0.9999933429977386,1.0000053468043488,-1.0000061642806377,-1.0000061642806395,-1.0000076274075231,-1.000000254458002,1.0000084902840245,0.9999999990744549,0.9999987082645575,1.0000033045473458,-1.0000076466677994,0.999995449804894,1.0000095778026412,-0.9999965192525438,-0.9999971379228466,0.9999965697158953
-0.9999941720025136,0.9999948785664492,-0.9999979015763655,-0.9999930769539966,-0.9999906079219417,0.9999919764958778,-0.9999933429977347,1.000005346804346,-1.0000061642806353,-1.0000061642806362,-1.0000076274075194,-1.0000002544579942,1.0000084902840214,0.9999987082645575,0.9999999990744549,1.000003304547343,-1.000007646667797,0.9999954498048911,1.0000095778026383,-0.9999971379228455,-0.9999965192525354,0.9999965697158938
-0.9999987682648684,0.9999994748322913,-1.0000018791850749,-0.9999976732119941,-0.9999952041688446,0.999996572749091,-0.9999979392568339,1.0000099431157883,-1.0000107605952004,-1.0000107605952024,-1.0000122237286806,-1.0000054694205653,1.0000130866088137,1.0000033045473458,1.000003304547343,1.0000000056610563,-1.0000116243185935,1.0000000460731524,1.000014174131694,-1.0000017341987861,-1.0000017341987832,1.0000011659893606
1.000003110365909,-1.0000038169365848,1.000006839972289,1.0000020153087839,0.9999995462550878,-1.0000009148413003,1.0000022813546883,-1.0000142852637013,1.0000151027461939,1.0000151027461937,1.0000165658859406,1.0000098115500735,-1.0000168100992697,-1.0000076466677994,-1.000007646667797,-1.0000116243185935,1.0000000118834629,-1.0000043881797747,-1.000017897626318,1.0000060763126886,1.0000060763126861,-1.0000055081008978
-0.9999909135575714,0.9999916201191138,-0.9999940244490519,-0.999989818512415,-0.9999873494883649,0.9999887180578102,-0.9999894658850096,1.0000020883235572,-1.0000029057973818,-1.0000029057973827,-1.0000043689195124,-0.9999976146617079,1.0000052317932975,0.999995449804894,0.9999954498048911,1.0000000460731524,-1.0000043881797747,0.9999999944050084,1.0000063193086017,-0.9999938794682064,-0.9999938794682042,0.9999933112630688
-1.0000050414922628,1.000005748064427,-1.0000087711055456,-1.0000039464334052,-1.0000014773751091,1.0000028459639598,-1.000004212479757,1.0000162164102715,-1.0000170338939842,-1.0000170338939853,-1.0000184970364707,-1.0000117426888109,1.0000193599215765,1.0000095778026412,1.0000095778026383,1.000014174131694,-1.000017897626318,1.0000063193086017,1.0000000146508516,-1.0000080074447169,-1.0000080074447146,1.0000074392319107
0.9999926016678495,-0.9999933082306146,0.9999963312359426,0.9999915066208916,0.999989037592664,-0.9999904061644402,0.9999917726642402,-1.0000037764526382,1.0000045939277942,1.0000045939277964,1.0000060570524063,0.9999993027833025,-1.000006919927628,-0.9999965192525438,-0.9999971379228455,-1.0000017341987861,1.0000060763126886,-0.9999938794682064,-1.0000080074447169,0.9999999968241181,0.9999955675835195,-0.99999438070712
0.9999926016678482,-0.999993308230614,0.9999963312359404,0.999991506620889,0.9999890375926629,-0.9999904061644386,0.9999917726642376,-1.0000037764526364,1.000004593927794,1.000004593927794,1.0000060570524039,0.9999993027833015,-1.0000069199276265,-0.9999971379228466,-0.9999965192525354,-1.0000017341987832,1.0000060763126861,-0.9999938794682042,-1.0000080074447146,0.9999955675835195,0.9999999968241181,-0.9999943807071194
-0.9999920334634452,0.9999927400257858,-0.9999957630294545,-0.9999909384170474,-0.9999884693902039,0.9999898379611972,-0.9999912044602552,1.0000032082420753,-1.0000040257168248,-1.000004025716826,-1.000005488840613,-0.9999987345751609,1.0000063517153743,0.9999965697158953,0.9999965697158938,1.0000011659893606,-1.0000055081008978,0.9999933112630688,1.0000074392319107,-0.99999438070712,-0.9999943807071194,0.9999999960098647
