1.0000000000027645,-1.0000000040302153,0.9009688700778139,0.9009688692775664,-0.9009688709143389,-0.6234898026495639,9.908899444552485e-17,-6.846022752649078e-17,-7.013480891647217e-17,5.828338934833998e-17,5.6739624943729e-17,-1.801557105750534e-17,1.8015571059441213e-17,1.8015571056010146e-17,-1.801557105937218e-17,-1.8015571056593885e-17,-3.901272574959419e-18,3.90127257519929e-18,3.9012725743917155e-18,-3.9012725750937786e-18,-3.901272574164999e-18,-5.541320270813349e-17,1.8015571058349756e-17,3.901272574683101e-18,-0.6234898020224727,0.22252093382265128,0.22252093400131234
-1.0000000040302153,1.0000000000011073,-0.9009688707205623,-0.9009688694746428,0.9009688700778173,0.6234898023134713,-8.864660852666822e-17,5.801784130797239e-17,5.96924230350247e-17,-4.784100318807135e-17,-4.629723916915489e-17,1.78786563836495e-17,-1.7878656384227785e-17,-1.7878656383168804e-17,1.7878656384317136e-17,1.7878656383224036e-17,3.772431198293188e-18,-3.772431198396621e-18,-3.772431198090251e-18,3.772431198354121e-18,3.772431197902388e-18,4.497081681166803e-17,-1.7878656383979744e-17,-3.772431198242551e-18,0.623489800870089,-0.22252093406607093,-0.22252093322257932
0.9009688700778139,-0.9009688707205623,1.0000000000011073,0.6234898023134688,-1.000000004030222,-0.9009688694746428,1.8843233225364758e-16,-2.9316308351858317e-16,-3.082422403554776e-16,3.265593672081647e-16,3.436829327897356e-16,3.002301375820779e-17,-3.002301375541163e-17,-3.002301376035276e-17,3.002301375427129e-17,3.0023013759119724e-17,1.5202579526919918e-17,-1.5202579526259648e-17,-1.5202579527604147e-17,1.5202579526562268e-17,1.5202579528156735e-17,-3.421669431352377e-16,-3.0023013756275326e-17,-1.520257952737133e-17,-0.22252093406606446,0.623489800870094,-0.22252093322258204
0.9009688692775664,-0.9009688694746428,0.6234898023134688,0.999999999998895,-0.6234898026495639,-0.22252093473979018,-5.330226508747441e-17,2.1322414846879203e-16,2.252858126076869e-16,-2.6495846071490234e-16,-2.84863792078093e-16,-6.203522540283679e-17,6.203522539721338e-17,6.203522540703455e-17,-6.203522539556374e-17,-6.2035225405022e-17,-2.1873145977194296e-17,2.1873145975998987e-17,2.18731459787143e-17,-2.187314597649413e-17,-2.1873145979556285e-17,2.857379332066285e-16,6.203522539954331e-17,2.187314597807459e-17,-0.9009688659889404,-0.2225209320587077,0.6234897985552713
-0.9009688709143389,0.9009688700778173,-1.000000004030222,-0.6234898026495639,1.0000000000027645,0.90096886927757,-1.0249452409417958e-16,2.072252753508229e-16,2.223044325660739e-16,-2.4062155914047423e-16,-2.5774512514032533e-16,1.3262418460330549e-17,-1.3262418465820463e-17,-1.3262418456238315e-17,1.3262418467156857e-17,1.3262418458185233e-17,1.4697738251989923e-17,-1.4697738253251697e-17,-1.4697738250515887e-17,1.4697738252776433e-17,1.4697738249824913e-17,2.5622913535307184e-16,-1.3262418463397026e-17,-1.469773825116257e-17,0.22252093382264576,-0.62348980202248,0.22252093400131606
-0.6234898026495639,0.6234898023134713,-0.9009688694746428,-0.22252093473979018,0.90096886927757,0.999999999998895,7.82910064830075e-16,-5.635630040228359e-16,-5.380658849288627e-16,4.932081422307664e-16,4.608087803052037e-16,-1.2735929407792368e-16,1.2735929408154398e-16,1.2735929407551795e-16,-1.2735929408223293e-16,-1.273592940765765e-16,-3.6721590659814e-17,3.6721590660451057e-17,3.6721590658912655e-17,-3.672159066017313e-17,-3.672159065839932e-17,-4.622140765614049e-16,1.273592940799653e-16,3.6721590659340464e-17,-0.22252093205870838,-0.9009688659889372,0.6234897985552683
9.908899444552485e-17,-8.864660852666822e-17,1.8843233225364758e-16,-5.330226508747441e-17,-1.0249452409417958e-16,7.82910064830075e-16,0.9999999999993424,-1.0000000003994804,-1.0000000003994713,0.9999999989315671,0.9999999989315677,9.12567927160684e-15,-8.706306518963434e-15,-9.659525067890626e-15,9.267912483658281e-15,8.985095272054755e-15,4.7421292275013254e-15,-4.727322471016917e-15,-4.37945928532875e-15,4.574194095620896e-15,4.653765413308973e-15,-0.9999999989395176,-9.025371246133079e-15,-4.685336172828606e-15,-9.118552811727617e-16,-1.1642886780072794e-15,1.0935831150984795e-16
-6.846022752649078e-17,5.801784130797239e-17,-2.9316308351858317e-16,2.1322414846879203e-16,2.072252753508229e-16,-5.635630040228359e-16,-1.0000000003994804,0.9999999999993424,0.9999999989315614,-1.0000000003994736,-0.9999999989395121,-9.012665573021803e-15,8.7638868148256e-15,9.596334109066906e-15,-9.149946496449901e-15,-8.869017284518227e-15,-6.0955644537855455e-15,6.080090120789316e-15,5.711289974325485e-15,-5.990372197265501e-15,-6.042503241410034e-15,0.9999999989315698,8.989735943033833e-15,6.248076756835854e-15,6.543147715940415e-16,8.737696828883135e-16,1.9479176777275764e-16
-7.013480891647217e-17,5.96924230350247e-17,-3.082422403554776e-16,2.252858126076869e-16,2.223044325660739e-16,-5.380658849288627e-16,-1.0000000003994713,0.9999999989315614,0.9999999999993424,-0.9999999989395068,-1.0000000003994687,-9.382279765909737e-15,9.215942992605285e-15,9.848786343845253e-15,-9.60443283434765e-15,-9.295683075586812e-15,-5.778235844094206e-15,5.767030963898415e-15,5.615631286761723e-15,-5.5207713777115915e-15,-5.7061735207468465e-15,0.9999999989315655,9.294438054441981e-15,6.118613404231236e-15,6.309058226459993e-16,8.429046190778318e-16,2.249115721796146e-16
5.828338934833998e-17,-4.784100318807135e-17,3.265593672081647e-16,-2.6495846071490234e-16,-2.4062155914047423e-16,4.932081422307664e-16,0.9999999989315671,-1.0000000003994736,-0.9999999989395068,0.9999999999993424,0.9999999989315662,1.0344183089075783e-14,-1.0178157202192806e-14,-1.0783396420927969e-14,1.0451197944580162e-14,1.0170813848420536e-14,5.871898189103552e-15,-5.824063629882695e-15,-5.65584754007621e-15,5.76261232752183e-15,5.828873484096956e-15,-1.0000000003994767,-1.0290902538092498e-14,-6.087897191378141e-15,-5.712696003219525e-16,-7.803908862618685e-16,-2.9269968341169193e-16
5.6739624943729e-17,-4.629723916915489e-17,3.436829327897356e-16,-2.84863792078093e-16,-2.5774512514032533e-16,4.608087803052037e-16,0.9999999989315677,-0.9999999989395121,-1.0000000003994687,0.9999999989315662,0.9999999999993424,9.217357983794774e-15,-8.97984830160832e-15,-9.818370891398162e-15,9.419019886819143e-15,9.103402057246932e-15,6.078391317442761e-15,-5.970551828037341e-15,-5.752561414458873e-15,5.724311121377167e-15,6.045732031726355e-15,-1.000000000399478,-9.205613324003395e-15,-6.2705701901347244e-15,-5.369451973973695e-16,-7.391328196088344e-16,-3.3464478906760563e-16
-1.801557105750534e-17,1.78786563836495e-17,3.002301375820779e-17,-6.203522540283679e-17,1.3262418460330549e-17,-1.2735929407792368e-16,9.12567927160684e-15,-9.012665573021803e-15,-9.382279765909737e-15,1.0344183089075783e-14,9.217357983794774e-15,0.9999999999993424,-1.0000000003994833,-1.000000000399486,0.9999999989315727,0.9999999989315698,2.3791425208904994e-14,-2.5063222454672257e-14,-2.2889815116704243e-14,2.4121171326737493e-14,2.2700781102038892e-14,-1.0101900913324802e-14,-0.9999999989395157,-2.4694760316277575e-14,1.0566688172915872e-16,7.743363972151529e-17,-3.397117709481078e-17
1.8015571059441213e-17,-1.7878656384227785e-17,-3.002301375541163e-17,6.203522539721338e-17,-1.3262418465820463e-17,1.2735929408154398e-16,-8.706306518963434e-15,8.7638868148256e-15,9.215942992605285e-15,-1.0178157202192806e-14,-8.97984830160832e-15,-1.0000000003994833,0.9999999999993424,0.9999999989315717,-1.0000000003994785,-0.9999999989395134,-2.5176864823351604e-14,2.579821962254336e-14,2.4377240189072785e-14,-2.5417224232042023e-14,-2.4347152655094718e-14,9.916634062549755e-15,0.9999999989315684,2.652156566647051e-14,-1.056668817247608e-16,-7.743363972684475e-17,3.397117709639853e-17
1.8015571056010146e-17,-1.7878656383168804e-17,-3.002301376035276e-17,6.203522540703455e-17,-1.3262418456238315e-17,1.2735929407551795e-16,-9.659525067890626e-15,9.596334109066906e-15,9.848786343845253e-15,-1.0783396420927969e-14,-9.818370891398162e-15,-1.000000000399486,0.9999999989315717,0.9999999999993424,-0.9999999989395203,-1.000000000399483,-2.4564333151834445e-14,2.5590954500212958e-14,2.4165885078718024e-14,-2.5066458853056914e-14,-2.3737530295836185e-14,1.0458480037458935e-14,0.999999998931574,2.5911527976157398e-14,-1.0566688173247864e-16,-7.743363971753205e-17,3.3971177093370046e-17
-1.801557105937218e-17,1.7878656384317136e-17,3.002301375427129e-17,-6.203522539556374e-17,1.3262418467156857e-17,-1.2735929408223293e-16,9.267912483658281e-15,-9.149946496449901e-15,-9.60443283434765e-15,1.0451197944580162e-14,9.419019886819143e-15,0.9999999989315727,-1.0000000003994785,-0.9999999989395203,0.9999999999993424,0.999999998931571,2.5081546075783464e-14,-2.6422224193613842e-14,-2.4185943625152815e-14,2.5163275560797252e-14,2.4216545104486852e-14,-1.0271763446056198e-14,-1.000000000399481,-2.6036126115820658e-14,1.0566688172415425e-16,7.743363972831609e-17,-3.3971177097295904e-17
-1.8015571056593885e-17,1.7878656383224036e-17,3.0023013759119724e-17,-6.2035225405022e-17,1.3262418458185233e-17,-1.273592940765765e-16,8.985095272054755e-15,-8.869017284518227e-15,-9.295683075586812e-15,1.0170813848420536e-14,9.103402057246932e-15,0.9999999989315698,-0.9999999989395134,-1.000000000399483,0.999999998931571,0.9999999999993424,2.6877800352350854e-14,-2.8008711642237614e-14,-2.633239280217604e-14,2.7346191661722184e-14,2.599413455307328e-14,-9.860862587271416e-15,-1.0000000003994798,-2.7779348752213895e-14,1.0566688173111278e-16,7.743363971928e-17,-3.397117709387489e-17
-3.901272574959419e-18,3.772431198293188e-18,1.5202579526919918e-17,-2.1873145977194296e-17,1.4697738251989923e-17,-3.6721590659814e-17,4.7421292275013254e-15,-6.0955644537855455e-15,-5.778235844094206e-15,5.871898189103552e-15,6.078391317442761e-15,2.3791425208904994e-14,-2.5176864823351604e-14,-2.4564333151834445e-14,2.5081546075783464e-14,2.6877800352350854e-14,0.9999999999993424,-1.0000000003994856,-1.0000000003994876,0.9999999989315727,0.9999999989315793,-5.8845896831991636e-15,-2.3081966557396412e-14,-0.9999999989395184,1.1718565028734817e-17,2.0005475876775936e-17,-2.3317733585954998e-17
3.90127257519929e-18,-3.772431198396621e-18,-1.5202579526259648e-17,2.1873145975998987e-17,-1.4697738253251697e-17,3.6721590660451057e-17,-4.727322471016917e-15,6.080090120789316e-15,5.767030963898415e-15,-5.824063629882695e-15,-5.970551828037341e-15,-2.5063222454672257e-14,2.579821962254336e-14,2.5590954500212958e-14,-2.6422224193613842e-14,-2.8008711642237614e-14,-1.0000000003994856,0.9999999999993424,0.9999999989315731,-1.000000000399478,-0.9999999989395169,5.969823600444204e-15,2.424785036711256e-14,0.9999999989315655,-1.1718565027836165e-17,-2.0005475877979907e-17,2.3317733586509043e-17
3.9012725743917155e-18,-3.772431198090251e-18,-1.5202579527604147e-17,2.18731459787143e-17,-1.4697738250515887e-17,3.6721590658912655e-17,-4.37945928532875e-15,5.711289974325485e-15,5.615631286761723e-15,-5.65584754007621e-15,-5.752561414458873e-15,-2.2889815116704243e-14,2.4377240189072785e-14,2.4165885078718024e-14,-2.4185943625152815e-14,-2.633239280217604e-14,-1.0000000003994876,0.9999999989315731,0.9999999999993424,-0.999999998939516,-1.0000000003994833,5.462382742493429e-15,2.204670655437781e-14,0.9999999989315703,-1.1718565029972322e-17,-2.000547587531179e-17,2.3317733585412123e-17
-3.9012725750937786e-18,3.772431198354121e-18,1.5202579526562268e-17,-2.187314597649413e-17,1.4697738252776433e-17,-3.672159066017313e-17,4.574194095620896e-15,-5.990372197265501e-15,-5.5207713777115915e-15,5.76261232752183e-15,5.724311121377167e-15,2.4121171326737493e-14,-2.5417224232042023e-14,-2.5066458853056914e-14,2.5163275560797252e-14,2.7346191661722184e-14,0.9999999989315727,-1.000000000399478,-0.999999998939516,0.9999999999993424,0.9999999989315698,-5.587297085508305e-15,-2.3251352040530195e-14,-1.0000000003994762,1.1718565028189587e-17,2.000547587750012e-17,-2.3317733586334196e-17
-3.901272574164999e-18,3.772431197902388e-18,1.5202579528156735e-17,-2.1873145979556285e-17,1.4697738249824913e-17,-3.672159065839932e-17,4.653765413308973e-15,-6.042503241410034e-15,-5.7061735207468465e-15,5.828873484096956e-15,6.045732031726355e-15,2.2700781102038892e-14,-2.4347152655094718e-14,-2.3737530295836185e-14,2.4216545104486852e-14,2.599413455307328e-14,0.9999999989315793,-0.9999999989395169,-1.0000000003994833,0.9999999989315698,0.9999999999993424,-5.925776750810551e-15,-2.231043263707539e-14,-1.0000000003994847,1.1718565030663959e-17,2.0005475874405378e-17,-2.3317733585128848e-17
-5.541320270813349e-17,4.497081681166803e-17,-3.421669431352377e-16,2.857379332066285e-16,2.5622913535307184e-16,-4.622140765614049e-16,-0.9999999989395176,0.9999999989315698,0.9999999989315655,-1.0000000003994767,-1.000000000399478,-1.0101900913324802e-14,9.916634062549755e-15,1.0458480037458935e-14,-1.0271763446056198e-14,-9.860862587271416e-15,-5.8845896831991636e-15,5.969823600444204e-15,5.462382742493429e-15,-5.587297085508305e-15,-5.925776750810551e-15,0.9999999999993424,9.868207592874993e-15,5.9145178829513386e-15,5.366964716222256e-16,7.401490861099854e-16,3.342188362484467e-16
1.8015571058349756e-17,-1.7878656383979744e-17,-3.0023013756275326e-17,6.203522539954331e-17,-1.3262418463397026e-17,1.273592940799653e-16,-9.025371246133079e-15,8.989735943033833e-15,9.294438054441981e-15,-1.0290902538092498e-14,-9.205613324003395e-15,-0.9999999989395157,0.9999999989315684,0.999999998931574,-1.000000000399481,-1.0000000003994798,-2.3081966557396412e-14,2.424785036711256e-14,2.204670655437781e-14,-2.3251352040530195e-14,-2.231043263707539e-14,9.868207592874993e-15,0.9999999999993424,2.4321518101771992e-14,-1.056668817270762e-16,-7.743363972452943e-17,3.397117709573656e-17
3.901272574683101e-18,-3.772431198242551e-18,-1.520257952737133e-17,2.187314597807459e-17,-1.469773825116257e-17,3.6721590659340464e-17,-4.685336172828606e-15,6.248076756835854e-15,6.118613404231236e-15,-6.087897191378141e-15,-6.2705701901347244e-15,-2.4694760316277575e-14,2.652156566647051e-14,2.5911527976157398e-14,-2.6036126115820658e-14,-2.7779348752213895e-14,-0.9999999989395184,0.9999999989315655,0.9999999989315703,-1.0000000003994762,-1.0000000003994847,5.9145178829513386e-15,2.4321518101771992e-14,0.9999999999993424,-1.1718565029349758e-17,-2.000547587596385e-17,2.3317733585644338e-17
-0.6234898020224727,0.623489800870089,-0.22252093406606446,-0.9009688659889404,0.22252093382264576,-0.22252093205870838,-9.118552811727617e-16,6.543147715940415e-16,6.309058226459993e-16,-5.712696003219525e-16,-5.369451973973695e-16,1.0566688172915872e-16,-1.056668817247608e-16,-1.0566688173247864e-16,1.0566688172415425e-16,1.0566688173111278e-16,1.1718565028734817e-17,-1.1718565027836165e-17,-1.1718565029972322e-17,1.1718565028189587e-17,1.1718565030663959e-17,5.366964716222256e-16,-1.056668817270762e-16,-1.1718565029349758e-17,0.9999999999959902,0.6234897974721298,-0.9009688631951166
0.22252093382265128,-0.22252093406607093,0.623489800870094,-0.2225209320587077,-0.62348980202248,-0.9009688659889372,-1.1642886780072794e-15,8.737696828883135e-16,8.429046190778318e-16,-7.803908862618685e-16,-7.391328196088344e-16,7.743363972151529e-17,-7.743363972684475e-17,-7.743363971753205e-17,7.743363972831609e-17,7.743363971928e-17,2.0005475876775936e-17,-2.0005475877979907e-17,-2.000547587531179e-17,2.000547587750012e-17,2.0005475874405378e-17,7.401490861099854e-16,-7.743363972452943e-17,-2.000547587596385e-17,0.6234897974721298,0.9999999999959902,-0.9009688631951182
0.22252093400131234,-0.22252093322257932,-0.22252093322258204,0.6234897985552713,0.22252093400131606,0.6234897985552683,1.0935831150984795e-16,1.9479176777275764e-16,2.249115721796146e-16,-2.9269968341169193e-16,-3.3464478906760563e-16,-3.397117709481078e-17,3.397117709639853e-17,3.3971177093370046e-17,-3.3971177097295904e-17,-3.397117709387489e-17,-2.3317733585954998e-17,2.3317733586509043e-17,2.3317733585412123e-17,-2.3317733586334196e-17,-2.3317733585128848e-17,3.342188362484467e-16,3.397117709573656e-17,2.3317733585644338e-17,-0.9009688631951166,-0.9009688631951182,0.999999999994771
