1.000000000048087,-1.0000000839956085,1.000000067221822,1.0000000672218226,0.0,0.0,0.0,0.0,0.0,0.0,0.0,0.0,0.0,0.0,0.0,0.0,0.0,0.0,0.0,0.0,0.0,0.0,0.0,0.0,0.0
-1.0000000839956085,1.0000000000587548,-1.000000083995611,-1.00000008399561,0.0,0.0,0.0,0.0,0.0,0.0,0.0,0.0,0.0,0.0,0.0,0.0,0.0,0.0,0.0,0.0,0.0,0.0,0.0,0.0,0.0
1.000000067221822,-1.000000083995611,1.000000000048087,1.0000000672218239,0.0,0.0,0.0,0.0,0.0,0.0,0.0,0.0,0.0,0.0,0.0,0.0,0.0,0.0,0.0,0.0,0.0,0.0,0.0,0.0,0.0
1.0000000672218226,-1.00000008399561,1.0000000672218239,1.000000000048087,0.0,0.0,0.0,0.0,0.0,0.0,0.0,0.0,0.0,0.0,0.0,0.0,0.0,0.0,0.0,0.0,0.0,0.0,0.0,0.0,0.0
0.0,0.0,0.0,0.0,0.9999999999865807,-0.9999999781159729,-1.0000000055414002,0.9999999423504672,0.9999999812412154,1.0000000026861482,-0.9999999024592707,0.9999999043358136,-0.9999999428996499,-0.9999999688019225,0.9999999626303951,-0.9999999839529297,0.9999999626303943,0.9999999929169973,-0.9999999962273508,0.9999999812412135,0.9999999812412145,-0.9999999962273476,-0.9999999962273459,1.0000000026861475,-0.999999983952926
0.0,0.0,0.0,0.0,-0.9999999781159729,0.9999999999687336,0.9999999838288662,-0.9999999390508233,-0.9999999781159743,-0.9999999903008893,0.9999998896746721,-0.9999998913596267,0.9999999297251331,0.9999999562925704,-0.9999999493949417,0.9999999706767159,-0.9999999493949393,-0.999999979626356,0.9999999838288718,-0.999999968801923,-0.999999968801923,0.9999999838288682,0.9999999838288668,-0.9999999903008884,0.9999999706767143
0.0,0.0,0.0,0.0,-1.0000000055414002,0.9999999838288662,1.0000000000080045,-0.9999999574387218,-0.9999999962273481,-1.0000000269548988,0.9999999176486178,-0.9999999196380206,0.9999999583182853,0.9999999838288657,-0.9999999780850746,0.9999999994316837,-0.9999999780850735,-1.000000008404267,1.0000000111897425,-0.9999999962273451,-0.9999999962273451,1.0000000111897398,1.0000000111897391,-1.0000000176408497,0.9999999994316823
0.0,0.0,0.0,0.0,0.9999999423504672,-0.9999999390508233,-0.9999999574387218,0.9999999999306269,0.9999999423504659,0.9999999639307119,-0.9999998720123,0.9999998640928552,-0.9999999021606354,-0.9999999390508217,0.9999999217374024,-0.9999999429575345,0.9999999217374004,0.9999999518854547,-0.9999999574387246,0.9999999423504644,0.9999999423504652,-0.9999999574387216,-0.9999999574387214,0.9999999639307113,-0.9999999429575309
0.0,0.0,0.0,0.0,0.9999999812412154,-0.9999999781159743,-0.9999999962273481,0.9999999423504659,0.9999999999865807,1.0000000026861482,-0.9999999024592712,0.9999999043358128,-0.9999999428996502,-0.9999999688019225,0.9999999626303961,-0.9999999839529294,0.9999999626303955,0.9999999929169977,-1.000000005541404,0.9999999812412131,0.9999999812412144,-0.9999999962273476,-0.9999999962273476,1.0000000026861475,-0.9999999839529263
0.0,0.0,0.0,0.0,1.0000000026861482,-0.9999999903008893,-1.0000000269548988,0.9999999639307119,1.0000000026861482,1.000000000017232,-0.9999999241736665,0.9999999261998757,-0.99999996491803,-0.9999999903008869,0.9999999846966071,-1.0000000060510792,0.9999999846966047,1.0000000150264408,-1.0000000269549052,1.0000000026861469,1.0000000026861466,-1.000000017640852,-1.0000000176408508,1.000000024089471,-1.0000000060510768
0.0,0.0,0.0,0.0,-0.9999999024592707,0.9999998896746721,0.9999999176486178,-0.9999998720123,-0.9999999024592712,-0.9999999241736665,0.999999999872621,-0.9999998321641451,0.9999998604282896,0.9999998896746694,-0.9999998798504245,0.9999999009687894,-0.9999998798504225,-0.9999999098609723,0.9999999176486205,-0.9999999024592687,-0.9999999024592701,0.9999999176486178,0.9999999176486171,-0.999999924173666,0.999999900968787
0.0,0.0,0.0,0.0,0.9999999043358136,-0.9999998913596267,-0.9999999196380206,0.9999998640928552,0.9999999043358128,0.9999999261998757,-0.9999998321641451,0.9999999998735485,-0.9999998695807569,-0.9999998913596251,0.9999998795189977,-0.999999900525013,0.9999998795189957,0.9999999093776292,-0.9999999196380237,0.9999999043358105,0.9999999043358105,-0.9999999196380216,-0.99999991963802,0.999999926199876,-0.99999990052501
0.0,0.0,0.0,0.0,-0.9999999428996499,0.9999999297251331,0.9999999583182853,-0.9999999021606354,-0.9999999428996502,-0.99999996491803,0.9999998604282896,-0.9999998695807569,0.9999999999261316,0.9999999297251317,-0.9999999251334186,0.9999999367103699,-0.9999999251334184,-0.9999999455224011,0.9999999583182896,-0.9999999428996489,-0.999999942899649,0.9999999583182869,0.9999999583182849,-0.9999999649180307,0.9999999367103672
0.0,0.0,0.0,0.0,-0.9999999688019225,0.9999999562925704,0.9999999838288657,-0.9999999390508217,-0.9999999688019225,-0.9999999903008869,0.9999998896746694,-0.9999998913596251,0.9999999297251317,0.9999999999687336,-0.9999999493949383,0.9999999706767143,-0.9999999493949372,-0.9999999796263542,0.999999983828869,-0.9999999781159701,-0.9999999781159704,0.999999983828866,0.9999999838288658,-0.9999999903008872,0.9999999706767119
0.0,0.0,0.0,0.0,0.9999999626303951,-0.9999999493949417,-0.9999999780850746,0.9999999217374024,0.9999999626303961,0.9999999846966071,-0.9999998798504245,0.9999998795189977,-0.9999999251334186,-0.9999999493949383,0.9999999999533894,-0.9999999650135145,0.9999999348442032,0.9999999644989398,-0.9999999780850785,0.9999999626303936,0.999999962630394,-0.9999999780850749,-0.9999999780850752,0.9999999846966064,-0.9999999556994599
0.0,0.0,0.0,0.0,-0.9999999839529297,0.9999999706767159,0.9999999994316837,-0.9999999429575345,-0.9999999839529294,-1.0000000060510792,0.9999999009687894,-0.999999900525013,0.9999999367103699,0.9999999706767143,-0.9999999650135145,0.99999999998321,-0.9999999556994602,-0.9999999946363468,0.9999999994316878,-0.999999983952927,-0.9999999839529276,0.999999999431684,0.9999999994316843,-1.0000000060510792,0.9999999765311165
0.0,0.0,0.0,0.0,0.9999999626303943,-0.9999999493949393,-0.9999999780850735,0.9999999217374004,0.9999999626303955,0.9999999846966047,-0.9999998798504225,0.9999998795189957,-0.9999999251334184,-0.9999999493949372,0.9999999348442032,-0.9999999556994602,0.9999999999533894,0.9999999644989381,-0.9999999780850769,0.9999999626303919,0.9999999626303921,-0.9999999780850738,-0.9999999780850717,0.9999999846966051,-0.9999999650135122
0.0,0.0,0.0,0.0,0.9999999929169973,-0.999999979626356,-1.000000008404267,0.9999999518854547,0.9999999929169977,1.0000000150264408,-0.9999999098609723,0.9999999093776292,-0.9999999455224011,-0.9999999796263542,0.9999999644989398,-0.9999999946363468,0.9999999644989381,0.9999999999957856,-1.0000000084042704,0.9999999929169958,0.9999999929169958,-1.000000008404267,-1.000000008404266,1.0000000150264388,-0.9999999946363373
0.0,0.0,0.0,0.0,-0.9999999962273508,0.9999999838288718,1.0000000111897425,-0.9999999574387246,-1.000000005541404,-1.0000000269549052,0.9999999176486205,-0.9999999196380237,0.9999999583182896,0.999999983828869,-0.9999999780850785,0.9999999994316878,-0.9999999780850769,-1.0000000084042704,1.0000000000080045,-0.9999999962273486,-0.9999999962273486,1.0000000111897425,1.0000000111897425,-1.0000000176408539,0.999999999431685
0.0,0.0,0.0,0.0,0.9999999812412135,-0.999999968801923,-0.9999999962273451,0.9999999423504644,0.9999999812412131,1.0000000026861469,-0.9999999024592687,0.9999999043358105,-0.9999999428996489,-0.9999999781159701,0.9999999626303936,-0.999999983952927,0.9999999626303919,0.9999999929169958,-0.9999999962273486,0.9999999999865807,0.9999999812412114,-1.0000000055413978,-0.9999999962273451,1.0000000026861462,-0.9999999839529249
0.0,0.0,0.0,0.0,0.9999999812412145,-0.999999968801923,-0.9999999962273451,0.9999999423504652,0.9999999812412144,1.0000000026861466,-0.9999999024592701,0.9999999043358105,-0.999999942899649,-0.9999999781159704,0.999999962630394,-0.9999999839529276,0.9999999626303921,0.9999999929169958,-0.9999999962273486,0.9999999812412114,0.9999999999865807,-0.9999999962273466,-1.0000000055413996,1.000000002686146,-0.9999999839529252
0.0,0.0,0.0,0.0,-0.9999999962273476,0.9999999838288682,1.0000000111897398,-0.9999999574387216,-0.9999999962273476,-1.000000017640852,0.9999999176486178,-0.9999999196380216,0.9999999583182869,0.999999983828866,-0.9999999780850749,0.999999999431684,-0.9999999780850738,-1.000000008404267,1.0000000111897425,-1.0000000055413978,-0.9999999962273466,1.0000000000080045,1.00000001118974,-1.0000000269548988,0.9999999994316816
0.0,0.0,0.0,0.0,-0.9999999962273459,0.9999999838288668,1.0000000111897391,-0.9999999574387214,-0.9999999962273476,-1.0000000176408508,0.9999999176486171,-0.99999991963802,0.9999999583182849,0.9999999838288658,-0.9999999780850752,0.9999999994316843,-0.9999999780850717,-1.000000008404266,1.0000000111897425,-0.9999999962273451,-1.0000000055413996,1.00000001118974,1.0000000000080045,-1.0000000269548992,0.9999999994316823
0.0,0.0,0.0,0.0,1.0000000026861475,-0.9999999903008884,-1.0000000176408497,0.9999999639307113,1.0000000026861475,1.000000024089471,-0.999999924173666,0.999999926199876,-0.9999999649180307,-0.9999999903008872,0.9999999846966064,-1.0000000060510792,0.9999999846966051,1.0000000150264388,-1.0000000176408539,1.0000000026861462,1.000000002686146,-1.0000000269548988,-1.0000000269548992,1.000000000017232,-1.000000006051076
0.0,0.0,0.0,0.0,-0.999999983952926,0.9999999706767143,0.9999999994316823,-0.9999999429575309,-0.9999999839529263,-1.0000000060510768,0.999999900968787,-0.99999990052501,0.9999999367103672,0.9999999706767119,-0.9999999556994599,0.9999999765311165,-0.9999999650135122,-0.9999999946363373,0.999999999431685,-0.9999999839529249,-0.9999999839529252,0.9999999994316816,0.9999999994316823,-1.000000006051076,0.99999999998321
