0.9999999995695141,-0.9999994818207404,-0.9999995323632082,-1.0000000017664301,0.999999850265712,1.0000001609043079,-1.000000001766431,0.9999998502657116,1.0000001609043079,1.0000000561004045,-0.9999998609264353,-1.0000002514660855,-0.9999996097079304,0.9999994854531334,0.9999997448706044,0.9999996566638597,-0.9999996520505772,0.9999995223249732,0.9999997736881668,0.9999997736881663,0.9999994321358718,-0.9999994471582482,0.9999998446682754,-0.9999999038273656,-0.9999998437819915,-0.999999843781992,-0.9999996560631791,0.9999995181284136,0.9999998413270219,0.9999996514808841,-0.9999995803132464
-0.9999994818207404,0.9999999995853963,0.9999994696199845,1.0000000128928368,-0.9999998613920595,-1.0000001720307834,1.0000000128928375,-0.9999998613920599,-1.000000172030783,-1.0000000672268252,0.9999998720527807,1.0000002625925781,0.9999996208340349,-0.9999995704490993,-0.9999997559967392,-0.9999996677905915,0.9999996631778089,-0.9999995334521548,-0.999999784815573,-0.9999997848155732,-0.999999443262735,0.9999994582853009,-0.9999998557946015,0.9999999149536977,0.9999998549084057,0.9999998549084029,0.9999996671893725,-0.9999996031245336,-0.9999998524533077,-0.9999996626071054,0.9999995914394518
-0.9999995323632082,0.9999994696199845,0.9999999996575405,1.0000000634358244,-0.9999999119350823,-1.0000002225736822,1.0000000634358248,-0.9999999119350825,-1.000000222573681,-1.0000001177698177,0.9999999225958538,1.0000003131354744,0.9999996713771873,-0.9999995471223198,-0.9999998065398531,-0.9999997922026386,0.9999997137199071,-0.9999995839941016,-0.9999998353573353,-0.9999998353573349,-0.9999995676747047,0.9999995088272672,-0.9999999063374552,0.9999999654964077,0.999999905451133,0.9999999054511322,0.9999997177322487,-0.99999957979736,-0.9999999029960336,-0.9999997131498735,0.9999996419822648
-1.0000000017664301,1.0000000128928368,1.0000000634358244,1.0000000004330063,-1.0000005290765195,-1.0000008397154756,1.0000006067076157,-1.0000004552066868,-1.0000007658456447,-1.0000006610414685,1.0000004658674184,1.0000008564072433,1.0000002146501106,-1.000000090395153,-1.000000349812859,-1.0000002616064354,1.000000256993394,-1.0000001272674008,-1.000000378630878,-1.000000378630878,-1.0000000370781255,1.0000000521004837,-1.0000004496092303,1.0000005087686188,1.0000004487227192,1.00000044872272,1.000000261004981,-1.0000001230701137,-1.000000446268585,-1.000000256422647,1.0000001852550502
0.999999850265712,-0.9999998613920595,-0.9999999119350823,-1.0000005290765195,1.0000000002167546,1.0000006143447322,-1.000000455206686,1.0000003037057454,1.0000006143447329,1.0000005095405209,-1.0000003882362998,-1.0000007049063058,-1.000000063149292,0.9999999388943395,1.0000001983120532,1.0000001101057447,-1.0000001054926329,0.999999975766692,1.0000002271301722,1.0000002271301722,0.999999885577432,-0.9999999005997943,1.0000002981083325,-1.000000357267769,-1.0000002972218387,-1.0000003710916692,-1.0000001095041584,0.9999999715693545,1.0000002947677578,1.0000001049218608,-1.0000000337542665
1.0000001609043079,-1.0000001720307834,-1.0000002225736822,-1.0000008397154756,1.0000006143447322,1.0000000006601595,-1.000000765845647,1.0000006143447333,1.0000009249836594,1.000000820179512,-1.000000625005469,-1.000001015545276,-1.0000003737880863,1.0000002495331326,1.000000508950823,1.0000004207442619,-1.0000004161311422,1.0000002864051432,1.000000537768584,1.0000005377685834,1.0000001962159233,-1.0000002112382451,1.000000608747277,-1.00000066790665,-1.0000006078607477,-1.000000607860748,-1.0000004201429873,1.0000002822080674,1.0000006054066004,1.0000004155606321,-1.0000003443930243
-1.000000001766431,1.0000000128928375,1.0000000634358248,1.0000006067076157,-1.000000455206686,-1.000000765845647,1.0000000004330063,-1.0000005290765188,-1.0000008397154787,-1.000000661041469,1.0000004658674204,1.0000008564072433,1.0000002146501117,-1.000000090395154,-1.0000003498128607,-1.000000261606435,1.000000256993394,-1.0000001272674004,-1.0000003786308784,-1.0000003786308769,-1.000000037078126,1.0000000521004833,-1.000000449609231,1.0000005087686206,1.00000044872272,1.0000004487227192,1.0000002610049816,-1.0000001230701139,-1.0000004462685848,-1.0000002564226478,1.0000001852550502
0.9999998502657116,-0.9999998613920599,-0.9999999119350825,-1.0000004552066868,1.0000003037057454,1.0000006143447333,-1.0000005290765188,1.0000000002167546,1.0000006143447333,1.0000005095405209,-1.0000003882363002,-1.0000007049063067,-1.0000000631492931,0.9999999388943395,1.0000001983120532,1.0000001101057439,-1.0000001054926335,0.9999999757666922,1.0000002271301716,1.000000227130172,0.9999998855774312,-0.9999999005997952,1.0000002981083316,-1.0000003572677671,-1.0000003710916698,-1.0000002972218383,-1.0000001095041593,0.9999999715693537,1.0000002947677578,1.00000010492186,-1.0000000337542672
1.0000001609043079,-1.000000172030783,-1.000000222573681,-1.0000007658456447,1.0000006143447329,1.0000009249836594,-1.0000008397154787,1.0000006143447333,1.0000000006601595,1.000000820179512,-1.0000006250054676,-1.0000010155452752,-1.0000003737880852,1.000000249533132,1.0000005089508244,1.0000004207442614,-1.0000004161311418,1.0000002864051434,1.0000005377685828,1.000000537768583,1.0000001962159233,-1.000000211238244,1.0000006087472773,-1.0000006679066502,-1.0000006078607486,-1.000000607860747,-1.0000004201429855,1.000000282208068,1.0000006054066009,1.0000004155606321,-1.0000003443930243
1.0000000561004045,-1.0000000672268252,-1.0000001177698177,-1.0000006610414685,1.0000005095405209,1.000000820179512,-1.000000661041469,1.0000005095405209,1.000000820179512,1.0000000005105623,-1.0000005940710839,-1.0000009846109161,-1.00000026898414,1.0000001447291644,1.0000004041468988,1.0000003159404403,-1.0000003113273142,1.0000001816013002,1.0000004329647736,1.0000004329647734,1.000000091412067,-1.0000001064343904,1.0000005039430835,-1.000000563102521,-1.0000005030565378,-1.000000503056537,-1.0000003153389645,1.000000177404084,1.0000005006025314,1.0000003107566318,-1.0000002395890388
-0.9999998609264353,0.9999998720527807,0.9999999225958538,1.0000004658674184,-1.0000003882362998,-1.000000625005469,1.0000004658674204,-1.0000003882363002,-1.0000006250054676,-1.0000005940710839,1.000000000231971,1.0000007155670365,1.0000000738100376,-0.9999999495550723,-1.0000002089728002,-1.0000001207664995,1.0000001161534913,-0.9999999864275001,-1.0000002377910078,-1.0000002377910073,-0.9999998962381931,0.9999999112605703,-1.0000003087690215,1.0000003679284475,1.000000307882517,1.0000003078825157,1.0000001201648658,-0.9999999822300434,-1.0000003054284434,-1.0000001155825544,1.0000000444149675
-1.0000002514660855,1.0000002625925781,1.0000003131354744,1.0000008564072433,-1.0000007049063058,-1.000001015545276,1.0000008564072433,-1.0000007049063067,-1.0000010155452752,-1.0000009846109161,1.0000007155670365,1.0000000007894267,1.0000004643499365,-1.000000340094956,-1.0000005995126897,-1.0000005113060848,1.0000005066928057,-1.0000003769667936,-1.0000006283302294,-1.0000006283302287,-1.0000002867776447,1.0000003017999173,-1.0000006993088897,1.000000758468336,1.000000698422313,1.0000006984223109,1.0000005107047838,-1.0000003727698508,-1.0000006959683527,-1.000000506122436,1.000000434954831
-0.9999996097079304,0.9999996208340349,0.9999996713771873,1.0000002146501106,-1.000000063149292,-1.0000003737880863,1.0000002146501117,-1.0000000631492931,-1.0000003737880852,-1.00000026898414,1.0000000738100376,1.0000004643499365,0.9999999998733831,-0.9999997722058871,-1.0000000316233257,-0.9999998695478111,0.9999998649357558,-0.9999997352099416,-0.9999999865735912,-0.9999999865735918,-0.9999996450201354,0.9999996600429004,-1.0000000575517265,1.0000001167107295,1.0000000566655844,1.0000000566655844,0.9999998689462194,-0.9999997310115413,-1.0000000542102447,-0.9999998643639113,0.9999997931962363
0.9999994854531334,-0.9999995704490993,-0.9999995471223198,-1.000000090395153,0.9999999388943395,1.0000002495331326,-1.000000090395154,0.9999999388943395,1.000000249533132,1.0000001447291644,-0.9999999495550723,-1.000000340094956,-0.9999997722058871,0.999999999696022,0.9999998334987612,0.9999997452929636,-0.999999740680639,0.9999996109548976,0.9999998623184775,0.9999998623184775,0.9999995207652218,-0.9999995357879231,0.9999999332968235,-0.9999999924558765,-0.9999999324106731,-0.9999999324106726,-0.9999997446914352,0.9999996067567876,0.9999999299554326,0.9999997401091576,-0.9999997428113266
0.9999997448706044,-0.9999997559967392,-0.9999998065398531,-1.000000349812859,1.0000001983120532,1.000000508950823,-1.0000003498128607,1.0000001983120532,1.0000005089508244,1.0000004041468988,-1.0000002089728002,-1.0000005995126897,-1.0000000316233257,0.9999998334987612,1.0000000000663143,1.0000000047104658,-1.0000000000983744,0.99999987037256,1.0000001217361933,1.0000001217361933,0.9999997801827754,-0.9999997952055241,1.0000001927145008,-1.0000002518734994,-1.0000001918283477,-1.000000191828347,-1.0000000041089652,0.9999998661742574,1.0000001893730046,0.9999999995266431,-0.9999999283589562
0.9999996566638597,-0.9999996677905915,-0.9999997922026386,-1.0000002616064354,1.0000001101057447,1.0000004207442619,-1.000000261606435,1.0000001101057439,1.0000004207442614,1.0000003159404403,-1.0000001207664995,-1.0000005113060848,-0.9999998695478111,0.9999997452929636,1.0000000047104658,0.9999999999404086,-0.9999999118897652,0.9999997821640806,1.000000033527174,1.0000000335271733,0.9999996919750963,-0.9999997069973717,1.000000104508211,-1.0000001636671882,-1.0000001036218684,-1.0000001036218673,-0.9999999159029823,0.9999997779680503,1.0000001011668045,0.9999999113206138,-0.9999998401529792
-0.9999996520505772,0.9999996631778089,0.9999997137199071,1.000000256993394,-1.0000001054926329,-1.0000004161311422,1.000000256993394,-1.0000001054926335,-1.0000004161311418,-1.0000003113273142,1.0000001161534913,1.0000005066928057,0.9999998649357558,-0.999999740680639,-1.0000000000983744,-0.9999999118897652,0.9999999999338236,-0.9999998514202284,-1.0000001027831826,-1.0000001027831849,-0.9999996873615175,0.9999997023835457,-1.000000099894709,1.0000001590535659,1.0000000990080213,1.00000009900802,0.9999999112900874,-0.9999997733547569,-1.0000000965534113,-0.9999999067074907,0.999999835540003
0.9999995223249732,-0.9999995334521548,-0.9999995839941016,-1.0000001272674008,0.999999975766692,1.0000002864051432,-1.0000001272674004,0.9999999757666922,1.0000002864051434,1.0000001816013002,-0.9999999864275001,-1.0000003769667936,-0.9999997352099416,0.9999996109548976,0.99999987037256,0.9999997821640806,-0.9999998514202284,0.9999999997486528,0.9999998991872372,0.9999998991872364,0.9999995576357579,-0.9999996465275485,0.9999999701689719,-1.0000000293279554,-0.999999969282317,-0.999999969282316,-0.9999997815644549,0.9999996436292444,0.9999999668278325,0.9999997769819466,-0.9999997058144324
0.9999997736881668,-0.999999784815573,-0.9999998353573353,-1.000000378630878,1.0000002271301722,1.000000537768584,-1.0000003786308784,1.0000002271301716,1.0000005377685828,1.0000004329647736,-1.0000002377910078,-1.0000006283302294,-0.9999999865735912,0.9999998623184775,1.0000001217361933,1.000000033527174,-1.0000001027831826,0.9999998991872372,1.0000000001074472,1.000000150549978,0.9999998089987333,-0.9999998240205653,1.0000002215323789,-1.0000002806913195,-1.0000002206456136,-1.0000002206456111,-1.0000000329279517,0.9999998949925708,1.0000002181912326,1.000000028345367,-0.9999999571778695
0.9999997736881663,-0.9999997848155732,-0.9999998353573349,-1.000000378630878,1.0000002271301722,1.0000005377685834,-1.0000003786308769,1.000000227130172,1.000000537768583,1.0000004329647734,-1.0000002377910073,-1.0000006283302287,-0.9999999865735918,0.9999998623184775,1.0000001217361933,1.0000000335271733,-1.0000001027831849,0.9999998991872364,1.000000150549978,1.0000000001074472,0.9999998089987324,-0.9999998240205653,1.0000002215323787,-1.0000002806913193,-1.0000002206456113,-1.0000002206456113,-1.0000000329279508,0.9999998949925708,1.0000002181912335,1.0000000283453672,-0.9999999571778699
0.9999994321358718,-0.999999443262735,-0.9999995676747047,-1.0000000370781255,0.999999885577432,1.0000001962159233,-1.000000037078126,0.9999998855774312,1.0000001962159233,1.000000091412067,-0.9999998962381931,-1.0000002867776447,-0.9999996450201354,0.9999995207652218,0.9999997801827754,0.9999996919750963,-0.9999996873615175,0.9999995576357579,0.9999998089987333,0.9999998089987324,0.9999999996199173,-0.9999995563389158,0.9999998799798661,-0.9999999391388944,-0.9999998790934032,-0.9999998790934017,-0.9999996913750339,0.9999995534400508,0.9999998766386532,0.9999996867926398,-0.9999996156250621
-0.9999994471582482,0.9999994582853009,0.9999995088272672,1.0000000521004837,-0.9999999005997943,-1.0000002112382451,1.0000000521004833,-0.9999999005997952,-1.000000211238244,-1.0000001064343904,0.9999999112605703,1.0000003017999173,0.9999996600429004,-0.9999995357879231,-0.9999997952055241,-0.9999997069973717,0.9999997023835457,-0.9999996465275485,-0.9999998240205653,-0.9999998240205653,-0.9999995563389158,0.9999999996413601,-0.9999998950021958,0.9999999541612372,0.9999998941156213,0.999999894115621,0.9999997063976064,-0.9999995684625148,-0.9999998916610835,-0.9999997018151667,0.9999996306476224
0.9999998446682754,-0.9999998557946015,-0.9999999063374552,-1.0000004496092303,1.0000002981083325,1.000000608747277,-1.000000449609231,1.0000002981083316,1.0000006087472773,1.0000005039430835,-1.0000003087690215,-1.0000006993088897,-1.0000000575517265,0.9999999332968235,1.0000001927145008,1.000000104508211,-1.000000099894709,0.9999999701689719,1.0000002215323789,1.0000002215323787,0.9999998799798661,-0.9999998950021958,1.0000000002087648,-1.0000004255403594,-1.000000365494448,-1.0000003654944478,-1.000000103906774,0.9999999659720435,1.0000002891704771,1.0000000993245408,-1.000000028156915
-0.9999999038273656,0.9999999149536977,0.9999999654964077,1.0000005087686188,-1.000000357267769,-1.00000066790665,1.0000005087686206,-1.0000003572677671,-1.0000006679066502,-1.000000563102521,1.0000003679284475,1.000000758468336,1.0000001167107295,-0.9999999924558765,-1.0000002518734994,-1.0000001636671882,1.0000001590535659,-1.0000000293279554,-1.0000002806913195,-1.0000002806913193,-0.9999999391388944,0.9999999541612372,-1.0000004255403594,1.000000000293209,1.0000003507841733,1.0000003507841728,1.0000001630659687,-1.0000000251312564,-1.0000004221996313,-1.0000001584837541,1.000000087316091
-0.9999998437819915,0.9999998549084057,0.999999905451133,1.0000004487227192,-1.0000002972218387,-1.0000006078607477,1.00000044872272,-1.0000003710916698,-1.0000006078607486,-1.0000005030565378,1.000000307882517,1.000000698422313,1.0000000566655844,-0.9999999324106731,-1.0000001918283477,-1.0000001036218684,1.0000000990080213,-0.999999969282317,-1.0000002206456136,-1.0000002206456113,-0.9999998790934032,0.9999998941156213,-1.000000365494448,1.0000003507841733,1.0000000002074991,1.0000002907381174,1.000000103020583,-0.999999965085827,-1.0000002882842076,-1.0000000984383497,1.0000000272707334
-0.999999843781992,0.9999998549084029,0.9999999054511322,1.00000044872272,-1.0000003710916692,-1.000000607860748,1.0000004487227192,-1.0000002972218383,-1.000000607860747,-1.000000503056537,1.0000003078825157,1.0000006984223109,1.0000000566655844,-0.9999999324106726,-1.000000191828347,-1.0000001036218673,1.00000009900802,-0.999999969282316,-1.0000002206456111,-1.0000002206456113,-0.9999998790934017,0.999999894115621,-1.0000003654944478,1.0000003507841728,1.0000002907381174,1.0000000002074991,1.0000001030205814,-0.9999999650858262,-1.000000288284207,-1.0000000984383506,1.000000027270732
-0.9999996560631791,0.9999996671893725,0.9999997177322487,1.000000261004981,-1.0000001095041584,-1.0000004201429873,1.0000002610049816,-1.0000001095041593,-1.0000004201429855,-1.0000003153389645,1.0000001201648658,1.0000005107047838,0.9999998689462194,-0.9999997446914352,-1.0000000041089652,-0.9999999159029823,0.9999999112900874,-0.9999997815644549,-1.0000000329279517,-1.0000000329279508,-0.9999996913750339,0.9999997063976064,-1.000000103906774,1.0000001630659687,1.000000103020583,1.0000001030205814,0.9999999999395507,-0.9999998512367957,-1.0000001744354312,-0.9999999845892109,0.999999839551703
0.9999995181284136,-0.9999996031245336,-0.99999957979736,-1.0000001230701137,0.9999999715693545,1.0000002822080674,-1.0000001230701139,0.9999999715693537,1.000000282208068,1.000000177404084,-0.9999999822300434,-1.0000003727698508,-0.9999997310115413,0.9999996067567876,0.9999998661742574,0.9999997779680503,-0.9999997733547569,0.9999996436292444,0.9999998949925708,0.9999998949925708,0.9999995534400508,-0.9999995684625148,0.9999999659720435,-1.0000000251312564,-0.999999965085827,-0.9999999650858262,-0.9999998512367957,0.9999999997426634,0.999999962630918,0.9999997727847446,-0.9999997016170686
0.9999998413270219,-0.9999998524533077,-0.9999999029960336,-1.000000446268585,1.0000002947677578,1.0000006054066004,-1.0000004462685848,1.0000002947677578,1.0000006054066009,1.0000005006025314,-1.0000003054284434,-1.0000006959683527,-1.0000000542102447,0.9999999299554326,1.0000001893730046,1.0000001011668045,-1.0000000965534113,0.9999999668278325,1.0000002181912326,1.0000002181912335,0.9999998766386532,-0.9999998916610835,1.0000002891704771,-1.0000004221996313,-1.0000002882842076,-1.000000288284207,-1.0000001744354312,0.999999962630918,1.000000000203996,1.000000095983385,-1.0000000248157057
0.9999996514808841,-0.9999996626071054,-0.9999997131498735,-1.000000256422647,1.0000001049218608,1.0000004155606321,-1.0000002564226478,1.00000010492186,1.0000004155606321,1.0000003107566318,-1.0000001155825544,-1.000000506122436,-0.9999998643639113,0.9999997401091576,0.9999999995266431,0.9999999113206138,-0.9999999067074907,0.9999997769819466,1.000000028345367,1.0000000283453672,0.9999996867926398,-0.9999997018151667,1.0000000993245408,-1.0000001584837541,-1.0000000984383497,-1.0000000984383506,-0.9999999845892109,0.9999997727847446,1.000000095983385,0.9999999999330101,-0.9999999088393046
-0.9999995803132464,0.9999995914394518,0.9999996419822648,1.0000001852550502,-1.0000000337542665,-1.0000003443930243,1.0000001852550502,-1.0000000337542672,-1.0000003443930243,-1.0000002395890388,1.0000000444149675,1.000000434954831,0.9999997931962363,-0.9999997428113266,-0.9999999283589562,-0.9999998401529792,0.999999835540003,-0.9999997058144324,-0.9999999571778695,-0.9999999571778699,-0.9999996156250621,0.9999996306476224,-1.000000028156915,1.000000087316091,1.0000000272707334,1.000000027270732,0.999999839551703,-0.9999997016170686,-1.0000000248157057,-0.9999999088393046,0.9999999998314256
