0.999999990442971,-0.7772394279378161,-0.7772280444570874,0.8139683745081229,0.9256022926260303,0.9478870184592144,-0.9479007469866393,-0.9994804751267518,0.8200274891046506,-0.8200027061561483,-0.8200478080496413,0.8259168288225536,0.8200529460682715,0.8200529460682718,0.3088633549443734,-0.8086033275205007,0.3088633549443729,0.9994815216820337,-0.8086033275205016,0.8336846854142935,-0.833679774021785,0.8327198813165693,0.8346248666827053,-0.8420894551513609,-0.8139708998829723,-0.9010295534801688,-0.9256034663249312,0.8364931066541018,0.8731578787236044,-0.8317372199225364,-0.8364963218109663,-0.8355622577721186,-0.8327239265555708,-0.8327239265555706
-0.7772394279378161,1.0000000131363966,0.20817656087191247,-0.9981727778522742,-0.9575712265483863,-0.5362830298508382,0.5363200405236995,0.7969677521876051,-0.9974778756155734,0.9974809239792541,0.9974772608609304,-0.9966849011194361,-0.9974750190578101,-0.9974750190578082,-0.24629427550085897,0.644794227439292,-0.24629427550085464,-0.7969940454637676,0.6447942274392898,-0.9954513713323919,0.9954542602428965,-0.9956195393015433,-0.9952886316944606,0.9938685539781027,0.9981680528440375,0.973244320211545,0.9575699118904223,-0.9949556344205291,-0.9853581684394344,0.9957834063054257,0.9949520421456557,0.9951221069823545,0.9956157165447803,0.9956157165447822
-0.7772280444570874,0.20817656087191247,1.0000000119607988,-0.26712312656333187,-0.4812605209784773,-0.9371988804347995,0.9371816048245216,0.7567093421060943,-0.2772353364179646,0.2771937628819171,0.27726753699918794,-0.28718331056486723,-0.2772777659011513,-0.27727776590115116,-0.23382908012040385,0.6121672630804936,-0.23382908012040796,-0.7566846751686004,0.6121672630804954,-0.30049200499276085,0.3004814812611915,-0.29882404483045355,-0.3021162605099389,0.3151400761191288,0.26713017213839974,0.42738716064220605,0.48126205495341934,-0.30535344515722707,-0.37194652489429014,0.2971326265410607,0.3053620354678511,0.3037399638422468,0.2988341559909972,0.2988341559909971
0.8139683745081229,-0.9981727778522742,-0.26712312656333187,1.000000004791578,0.9732843027995409,0.5864902057033072,-0.5865256983812862,-0.8321347520544555,0.9999507733253361,-0.9999528036739114,-0.9999521645923333,0.9997864354406795,0.9999505902272587,0.9999505902272587,0.2571607829261954,-0.6732429750365863,0.2571607829261915,0.83215912756829,-0.6732429750365838,0.9993964624008292,-0.9993986560390233,0.9994587082986941,0.9993368543394966,-0.998747024473435,-1.000005687853964,-0.9853866695097785,-0.9732846841777744,0.9992095287475091,0.9938835381071202,-0.9995152619232067,-0.9992065222216387,-0.9992734828173945,-0.9994555690092749,-0.9994555690092763
0.9256022926260303,-0.9575712265483863,-0.4812605209784773,0.9732843027995409,1.0000000000204643,0.756798142866352,-0.7568266942219578,-0.9372398999593322,0.9756428826241459,-0.9756333634866524,-0.9756518207073193,0.9778637330980656,0.9756528258941262,0.9756528258941262,0.289636367329572,-0.7582650631892719,0.28963636732956854,0.9372545899847929,-0.7582650631892704,0.9806801091869684,-0.980679597059632,0.9803392994572969,0.981012904713833,-0.9835781458741035,-0.973283583027644,-0.9981737220995749,-1.0000023463097747,0.98166842037475,0.9926910963790851,-0.9799877224163602,-0.981667732392347,-0.9813421453134954,-0.9803388530873148,-0.9803388530873159
0.9478870184592144,-0.5362830298508382,-0.9371988804347995,0.5864902057033072,0.756798142866352,1.0000000001785563,-1.0000015321216162,-0.9372199088019186,0.5949691844471708,-0.5949343961181945,-0.5949967523786344,0.6032708895300973,0.595004779811234,0.5950047798112341,0.2896166826583675,-0.7582173393743509,0.28961668265836915,0.9372063945225347,-0.7582173393743521,0.614315578724356,-0.6143075276504409,0.6129362031718989,0.6156591757002156,-0.6263915027440494,-0.5864951729889154,-0.7158987534706591,-0.7567995702085918,0.6183339145063276,0.6723769890453569,-0.6115350508036227,-0.6183400463122664,-0.6170009462981596,-0.6129435651830778,-0.6129435651830789
-0.9479007469866393,0.5363200405236995,0.9371816048245216,-0.5865256983812862,-0.7568266942219578,-1.0000015321216162,0.9999999997186148,0.9372333640001287,-0.5950044008659896,0.5949696136797276,0.5950319679858452,-0.6033058295021337,-0.5950399950745241,-0.5950399950745242,-0.28962133748950075,0.758229525479688,-0.2896213374895023,-0.9372214566216825,0.7582295254796896,-0.6143501415913225,0.6143420908960108,-0.6129708138721195,-0.6156936920297225,0.6264256410728551,0.5865306653635776,0.715929280994696,0.7568281215389613,-0.6183683377209478,-0.6724093811325678,0.6115697097289261,0.6183744691659152,0.6170354159443387,0.6129781754755077,0.6129781754755076
-0.9994804751267518,0.7969677521876051,0.7567093421060943,-0.8321347520544555,-0.9372398999593322,-0.9372199088019186,0.9372333640001287,0.9999999981688348,-0.837916191029187,0.8378925546334681,0.837935665729157,-0.8435295817548534,-0.8379404842205006,-0.8379404842204999,-0.30902372668754985,0.8090230054284833,-0.30902372668754957,-1.0000013783548636,0.8090230054284826,-0.8509239338222601,0.8509193657806005,-0.8500062810040107,-0.8518182249267414,0.8589119613897024,0.8321370178112354,0.9144454685213796,0.9372394362707852,-0.8535947874939718,-0.8883047133199631,0.8490712667851196,0.8535976914191827,0.8527096451057438,0.8500099700833441,0.8500099700833446
0.8200274891046506,-0.9974778756155734,-0.2772353364179646,0.9999507733253361,0.9756428826241459,0.5949691844471708,-0.5950044008659896,-0.837916191029187,1.0000000037564352,-1.0000068435915994,-1.0000086113374933,0.999949901508917,1.000005547999373,1.0000055479993724,0.2589472193734589,-0.6779199071819297,0.25894721937345294,0.8379402251829452,-0.6779199071819269,0.9997062188641339,-0.9997082912283556,0.9997500906931223,0.9996645004411463,-0.9992168472959795,-0.9999482211484714,-0.9871218240440025,-0.9756432795980561,0.9995728546880253,0.9949888805319838,-0.9997880313378398,-0.9995699507654742,-0.9996190237092093,-0.9997470709860684,-0.9997470709860687
-0.8200027061561483,0.9974809239792541,0.2771937628819171,-0.9999528036739114,-0.9756333634866524,-0.5949343961181945,0.5949696136797276,0.8378925546334681,-1.0000068435915994,1.0000000037157495,1.0000069752545238,-0.9999510286378294,-1.0000055166310677,-1.0000055166310682,-0.2589399158485984,0.6779007863822127,-0.25893991584859505,-0.8379165901954587,0.6779007863822122,-0.9997051385417677,0.9997072114052369,-0.99974908601671,-0.9996633464658702,0.9992151013405489,0.9999486459556125,0.9871148735160059,0.9756337603965012,-0.9995715538142759,-0.9949845242012701,0.9997871032889124,0.9995686494691474,0.9996177960590793,0.9997460658172118,0.9997460658172123
-0.8200478080496413,0.9974772608609304,0.27726753699918794,-0.9999521645923333,-0.9756518207073193,-0.5949967523786344,0.5950319679858452,0.837935665729157,-1.0000086113374933,1.0000069752545238,1.0000000062363008,-0.9999519820243461,-1.00000889292819,-1.0000088929281952,-0.2589532370164713,0.6779356614956102,-0.2589532370164679,-0.8379596988495127,0.6779356614956089,-0.9997087585468927,0.999710830533698,-0.9997525727254825,-0.9996670962571145,0.9992198940859294,0.9999496126771462,0.9871288217081454,0.9756522177307956,-0.999575562445478,-0.9949939120537312,0.9997904549606191,0.9995726588404124,0.9996216756686818,0.9997495533890304,0.9997495533890313
0.8259168288225536,-0.9966849011194361,-0.28718331056486723,0.9997864354406795,0.9778637330980656,0.6032708895300973,-0.6033058295021337,-0.8435295817548534,0.999949901508917,-0.9999510286378294,-0.9999519820243461,1.0000000014753316,0.99995063871995,0.9999506387199496,0.26068172588708827,-0.6824608866381133,0.2606817258870833,0.8435532764428935,-0.6824608866381104,0.999902765062961,-0.9999047175325667,0.9999285014747107,0.9998787038049423,-0.9995729764163687,-0.9997839670820876,-0.9887262563310512,-0.9778641454179007,0.999822275156053,0.9959709866280331,-0.999949676794168,-0.9998194727955005,-0.9998508897317059,-0.9999256000965414,-0.9999256000965429
0.8200529460682715,-0.9974750190578101,-0.2772777659011513,0.9999505902272587,0.9756528258941262,0.595004779811234,-0.5950399950745241,-0.8379404842205006,1.000005547999373,-1.0000055166310677,-1.00000889292819,0.99995063871995,1.000000004157341,1.000005830076888,0.25895472585363855,-0.6779395593209521,0.2589547258536388,0.8379645169453955,-0.6779395593209531,0.9997075696679311,-0.9997096415239822,0.9997513644306587,0.9996659262810018,-0.9992188762048282,-0.9999480384050051,-0.987129152975247,-0.9756532229334084,0.9995744301828929,0.9949935681491752,-0.9997892270075334,-0.9995715266901869,-0.9996205246065419,-0.9997483452246071,-0.9997483452246085
0.8200529460682718,-0.9974750190578082,-0.27727776590115116,0.9999505902272587,0.9756528258941262,0.5950047798112341,-0.5950399950745242,-0.8379404842204999,1.0000055479993724,-1.0000055166310682,-1.0000088929281952,0.9999506387199496,1.000005830076888,1.000000004157341,0.2589547258536419,-0.6779395593209541,0.25895472585363505,0.8379645169453952,-0.6779395593209501,0.9997075696679303,-0.9997096415239819,0.9997513644306586,0.9996659262810024,-0.9992188762048271,-0.9999480384050041,-0.987129152975245,-0.9756532229334075,0.9995744301828915,0.9949935681491755,-0.9997892270075331,-0.9995715266901857,-0.9996205246065409,-0.9997483452246069,-0.9997483452246071
0.3088633549443734,-0.24629427550085897,-0.23382908012040385,0.2571607829261954,0.289636367329572,0.2896166826583675,-0.28962133748950075,-0.30902372668754985,0.2589472193734589,-0.2589399158485984,-0.2589532370164713,0.26068172588708827,0.25895472585363855,0.2589547258536419,1.0000000023027211,-0.8090180117712461,-0.8090130159092828,0.3090244509296318,0.30900051258750627,0.2629665334923246,-0.2629651220647208,0.26268298511064975,0.26324286330230995,-0.2654347750132964,-0.25716148294275804,-0.2825939101199905,-0.28963672006252417,0.2637918086242274,0.2745168321502503,-0.2623940719360549,-0.26379270581901737,-0.26351830587791425,-0.26268412490988313,-0.26268412490988424
-0.8086033275205007,0.644794227439292,0.6121672630804936,-0.6732429750365863,-0.7582650631892719,-0.7582173393743509,0.758229525479688,0.8090230054284833,-0.6779199071819297,0.6779007863822127,0.6779356614956102,-0.6824608866381133,-0.6779395593209521,-0.6779395593209541,-0.8090180117712461,1.0000000009334864,0.30900051258750416,-0.8090265064637139,0.30903850317662007,-0.6884425691976064,0.6884388740261147,-0.6877002324173053,-0.6891660075655233,0.6949044885275295,0.6732448077219975,0.7398276294375418,0.7582659866484828,-0.6906031602637756,-0.7186815703300358,0.6869438505420961,0.6906055091699657,0.6898871231705764,0.6877032164687951,0.6877032164687968
0.3088633549443729,-0.24629427550085464,-0.23382908012040796,0.2571607829261915,0.28963636732956854,0.28961668265836915,-0.2896213374895023,-0.30902372668754957,0.25894721937345294,-0.25893991584859505,-0.2589532370164679,0.2606817258870833,0.2589547258536388,0.25895472585363505,-0.8090130159092828,0.30900051258750416,1.000000002302721,0.3090244509296334,-0.8090180117712461,0.26296653349232385,-0.262965122064718,0.262682985110647,0.2632428633023067,-0.26543477501329316,-0.2571614829427543,-0.28259391011998897,-0.2896367200625186,0.2637918086242242,0.27451683215024797,-0.2623940719360483,-0.26379270581901454,-0.26351830587791214,-0.2626841249098828,-0.26268412490988186
0.9994815216820337,-0.7969940454637676,-0.7566846751686004,0.83215912756829,0.9372545899847929,0.9372063945225347,-0.9372214566216825,-1.0000013783548636,0.8379402251829452,-0.8379165901954587,-0.8379596988495127,0.8435532764428935,0.8379645169453955,0.8379645169453952,0.3090244509296318,-0.8090265064637139,0.3090244509296334,1.0000000015088244,-0.8090265064637122,0.8509471686936663,-0.8509426010782286,0.8500295739492633,0.8518414032786019,-0.8589346827666275,-0.8321613930008404,-0.9144639759764557,-0.9372557314502754,0.8536178529163176,0.8883253654102982,-0.8490946184014968,-0.8536207564531034,-0.8527327668310983,-0.8500332625847276,-0.8500332625847291
-0.8086033275205016,0.6447942274392898,0.6121672630804954,-0.6732429750365838,-0.7582650631892704,-0.7582173393743521,0.7582295254796896,0.8090230054284826,-0.6779199071819269,0.6779007863822122,0.6779356614956089,-0.6824608866381104,-0.6779395593209531,-0.6779395593209501,0.30900051258750627,0.30903850317662007,-0.8090180117712461,-0.8090265064637122,1.0000000009334864,-0.6884425691976062,0.6884388740261131,-0.6877002324173037,-0.6891660075655212,0.6949044885275281,0.6732448077219952,0.7398276294375424,0.7582659866484793,-0.6906031602637738,-0.718681570330035,0.6869438505420923,0.6906055091699638,0.6898871231705751,0.6877032164687953,0.6877032164687953
0.8336846854142935,-0.9954513713323919,-0.30049200499276085,0.9993964624008292,0.9806801091869684,0.614315578724356,-0.6143501415913225,-0.8509239338222601,0.9997062188641339,-0.9997051385417677,-0.9997087585468927,0.999902765062961,0.9997075696679311,0.9997075696679303,0.2629665334923246,-0.6884425691976064,0.26296653349232385,0.8509471686936663,-0.6884425691976062,0.9999999981017967,-1.0000007343871997,0.9999987193338802,0.9999969894599419,-0.999881880194895,-0.9993941070038916,-0.9907131167521083,-0.9806805420420974,0.9999878570288306,0.9971210112671639,-0.9999936197149831,-0.999985191511304,-0.9999928960773437,-0.9999959773286252,-0.999995977328626
-0.833679774021785,0.9954542602428965,0.3004814812611915,-0.9993986560390233,-0.980679597059632,-0.6143075276504409,0.6143420908960108,0.8509193657806005,-0.9997082912283556,0.9997072114052369,0.999710830533698,-0.9999047175325667,-0.9997096415239822,-0.9997096415239819,-0.2629651220647208,0.6884388740261147,-0.262965122064718,-0.8509426010782286,0.6884388740261131,-1.0000007343871997,1.0000000006563887,-1.0000021359710258,-1.0000003660551582,0.9998834926033994,0.999396300543657,0.9907133143410911,0.9806800298984827,-0.9999895890177947,-0.9971219178911158,0.999995451698468,0.9999869233813711,0.9999946477135034,0.9999977886351862,0.999997788635188
0.8327198813165693,-0.9956195393015433,-0.29882404483045355,0.9994587082986941,0.9803392994572969,0.6129362031718989,-0.6129708138721195,-0.8500062810040107,0.9997500906931223,-0.99974908601671,-0.9997525727254825,0.9999285014747107,0.9997513644306587,0.9997513644306586,0.26268298511064975,-0.6877002324173053,0.262682985110647,0.8500295739492633,-0.6877002324173037,0.9999987193338802,-1.0000021359710258,1.00000000225359,0.9999953917719914,-0.9998563339954989,-0.9994563386794151,-0.9904766505237561,-0.9803397297383706,0.9999803174876052,0.9969897600743098,-1.0000027650507965,-0.999977634743456,-0.9999883183507495,-1.0000020034621144,-1.0000020034621169
0.8346248666827053,-0.9952886316944606,-0.3021162605099389,0.9993368543394966,0.981012904713833,0.6156591757002156,-0.6156936920297225,-0.8518182249267414,0.9996645004411463,-0.9996633464658702,-0.9996670962571145,0.9998787038049423,0.9996659262810018,0.9996659262810024,0.26324286330230995,-0.6891660075655233,0.2632428633023067,0.8518414032786019,-0.6891660075655212,0.9999969894599419,-1.0000003660551582,0.9999953917719914,0.9999999996728888,-0.999907748589795,-0.9993345127876154,-0.990944331558815,-0.9810133400756026,0.9999961939241719,0.9972497932006874,-0.9999872747639724,-0.9999935451764292,-0.9999999544953097,-0.9999926692931694,-0.9999926692931699
-0.8420894551513609,0.9938685539781027,0.3151400761191288,-0.998747024473435,-0.9835781458741035,-0.6263915027440494,0.6264256410728551,0.8589119613897024,-0.9992168472959795,0.9992151013405489,0.9992198940859294,-0.9995729764163687,-0.9992188762048282,-0.9992188762048271,-0.2654347750132964,0.6949044885275295,-0.26543477501329316,-0.8589346827666275,0.6949044885275281,-0.999881880194895,0.9998834926033994,-0.9998563339954989,-0.999907748589795,1.0000000024340099,0.9987431892947918,0.9926918277106773,0.9835786013383165,-0.9999525143770271,-0.9981747061145795,0.9998239604494183,0.9999483955495202,0.9999298818637198,0.9998537687992534,0.9998537687992551
-0.8139708998829723,0.9981680528440375,0.26713017213839974,-1.000005687853964,-0.973283583027644,-0.5864951729889154,0.5865306653635776,0.8321370178112354,-0.9999482211484714,0.9999486459556125,0.9999496126771462,-0.9997839670820876,-0.9999480384050051,-0.9999480384050041,-0.25716148294275804,0.6732448077219975,-0.2571614829427543,-0.8321613930008404,0.6732448077219952,-0.9993941070038916,0.999396300543657,-0.9994563386794151,-0.9993345127876154,0.9987431892947918,1.0000000010310475,0.9853854412598684,0.97328396441681,-0.9992072148307422,-0.9938818058442981,0.9995128779136623,0.9992042083911253,0.999271155124274,0.9994531994895808,0.9994531994895817
-0.9010295534801688,0.973244320211545,0.42738716064220605,-0.9853866695097785,-0.9981737220995749,-0.7158987534706591,0.715929280994696,0.9144454685213796,-0.9871218240440025,0.9871148735160059,0.9871288217081454,-0.9887262563310512,-0.987129152975247,-0.987129152975245,-0.2825939101199905,0.7398276294375418,-0.28259391011998897,-0.9144639759764557,0.7398276294375424,-0.9907131167521083,0.9907133143410911,-0.9904766505237561,-0.990944331558815,0.9926918277106773,0.9853854412598684,1.000000001636902,0.9981727458768436,-0.9913971509226068,-0.998174487989654,0.9902306971026011,0.9913958489252699,0.9911719180284234,0.9904754928297697,0.9904754928297717
-0.9256034663249312,0.9575699118904223,0.48126205495341934,-0.9732846841777744,-1.0000023463097747,-0.7567995702085918,0.7568281215389613,0.9372394362707852,-0.9756432795980561,0.9756337603965012,0.9756522177307956,-0.9778641454179007,-0.9756532229334084,-0.9756532229334075,-0.28963672006252417,0.7582659866484828,-0.2896367200625186,-0.9372557314502754,0.7582659866484793,-0.9806805420420974,0.9806800298984827,-0.9803397297383706,-0.9810133400756026,0.9835786013383165,0.97328396441681,0.9981727458768436,1.0000000010364973,-0.9816688607325915,-0.992691639593803,0.9799881500874053,0.9816681727635149,0.9813425831811673,0.9803392833840608,0.9803392833840614
0.8364931066541018,-0.9949556344205291,-0.30535344515722707,0.9992095287475091,0.98166842037475,0.6183339145063276,-0.6183683377209478,-0.8535947874939718,0.9995728546880253,-0.9995715538142759,-0.999575562445478,0.999822275156053,0.9995744301828929,0.9995744301828915,0.2637918086242274,-0.6906031602637756,0.2637918086242242,0.8536178529163176,-0.6906031602637738,0.9999878570288306,-0.9999895890177947,0.9999803174876052,0.9999961939241719,-0.9999525143770271,-0.9992072148307422,-0.9913971509226068,-0.9816688607325915,1.0000000031272478,0.997498247159188,-0.999967787268134,-1.000003375429397,-1.000002394309049,-0.9999776339791743,-0.9999776339791764
0.8731578787236044,-0.9853581684394344,-0.37194652489429014,0.9938835381071202,0.9926910963790851,0.6723769890453569,-0.6724093811325678,-0.8883047133199631,0.9949888805319838,-0.9949845242012701,-0.9949939120537312,0.9959709866280331,0.9949935681491752,0.9949935681491755,0.2745168321502503,-0.7186815703300358,0.27451683215024797,0.8883253654102982,-0.718681570330035,0.9971210112671639,-0.9971219178911158,0.9969897600743098,0.9972497932006874,-0.9981747061145795,-0.9938818058442981,-0.998174487989654,-0.992691639593803,0.997498247159188,1.0000000014175252,-0.9968503366026374,-0.9974963358756933,-0.997374886661479,-0.9969878952512728,-0.9969878952512737
-0.8317372199225364,0.9957834063054257,0.2971326265410607,-0.9995152619232067,-0.9799877224163602,-0.6115350508036227,0.6115697097289261,0.8490712667851196,-0.9997880313378398,0.9997871032889124,0.9997904549606191,-0.999949676794168,-0.9997892270075334,-0.9997892270075331,-0.2623940719360549,0.6869438505420961,-0.2623940719360483,-0.8490946184014968,0.6869438505420923,-0.9999936197149831,0.999995451698468,-1.0000027650507965,-0.9999872747639724,0.9998239604494183,0.9995128779136623,0.9902306971026011,0.9799881500874053,-0.999967787268134,-0.9968503366026374,1.0000000016390416,0.9999634818999464,0.9999771829081279,0.9999983774960939,0.9999983774960944
-0.8364963218109663,0.9949520421456557,0.3053620354678511,-0.9992065222216387,-0.981667732392347,-0.6183400463122664,0.6183744691659152,0.8535976914191827,-0.9995699507654742,0.9995686494691474,0.9995726588404124,-0.9998194727955005,-0.9995715266901869,-0.9995715266901857,-0.26379270581901737,0.6906055091699657,-0.26379270581901454,-0.8536207564531034,0.6906055091699638,-0.999985191511304,0.9999869233813711,-0.999977634743456,-0.9999935451764292,0.9999483955495202,0.9992042083911253,0.9913958489252699,0.9816681727635149,-1.000003375429397,-0.9974963358756933,0.9999634818999464,0.99999999939749,0.9999981571542037,0.9999749513551458,0.9999749513551462
-0.8355622577721186,0.9951221069823545,0.3037399638422468,-0.9992734828173945,-0.9813421453134954,-0.6170009462981596,0.6170354159443387,0.8527096451057438,-0.9996190237092093,0.9996177960590793,0.9996216756686818,-0.9998508897317059,-0.9996205246065419,-0.9996205246065409,-0.26351830587791425,0.6898871231705764,-0.26351830587791214,-0.8527327668310983,0.6898871231705751,-0.9999928960773437,0.9999946477135034,-0.9999883183507495,-0.9999999544953097,0.9999298818637198,0.999271155124274,0.9911719180284234,0.9813425831811673,-1.000002394309049,-0.997374886661479,0.9999771829081279,0.9999981571542037,1.000000000042636,0.9999856154155169,0.9999856154155182
-0.8327239265555708,0.9956157165447803,0.2988341559909972,-0.9994555690092749,-0.9803388530873148,-0.6129435651830778,0.6129781754755077,0.8500099700833441,-0.9997470709860684,0.9997460658172118,0.9997495533890304,-0.9999256000965414,-0.9997483452246071,-0.9997483452246069,-0.26268412490988313,0.6877032164687951,-0.2626841249098828,-0.8500332625847276,0.6877032164687953,-0.9999959773286252,0.9999977886351862,-1.0000020034621144,-0.9999926692931694,0.9998537687992534,0.9994531994895808,0.9904754928297697,0.9803392833840608,-0.9999776339791743,-0.9969878952512728,0.9999983774960939,0.9999749513551458,0.9999856154155169,0.999999998314514,0.9999976363449382
-0.8327239265555706,0.9956157165447822,0.2988341559909971,-0.9994555690092763,-0.9803388530873159,-0.6129435651830789,0.6129781754755076,0.8500099700833446,-0.9997470709860687,0.9997460658172123,0.9997495533890313,-0.9999256000965429,-0.9997483452246085,-0.9997483452246071,-0.26268412490988424,0.6877032164687968,-0.26268412490988186,-0.8500332625847291,0.6877032164687953,-0.999995977328626,0.999997788635188,-1.0000020034621169,-0.9999926692931699,0.9998537687992551,0.9994531994895817,0.9904754928297717,0.9803392833840614,-0.9999776339791764,-0.9969878952512737,0.9999983774960944,0.9999749513551462,0.9999856154155182,0.9999976363449382,0.999999998314514
