0.999999998375785,-0.499998335519776,-0.5000002029097251,-0.48963205802157767,0.4484384926175626,0.4993695972702321,0.22916885623576783,-0.2041324774138794,-0.25349778100678777,-0.4657651415367544,0.4751487236255801,0.45494366192762437,0.49221676697777456,-0.49221665143989685,0.25349825075738996,-0.4549426164141646,0.41421035337272843,-0.41420997530271775,-0.38058726501188145,0.3980131405007236,0.36198651298217727,0.36198431117378144,-0.3619848226281806,0.44843665392356274,-0.4830647700554761,-0.4484379876418538,0.4880746922596845,-0.16959424327520675,-0.49786911081411134,0.4954834263334913,-0.49548365900373714,0.27704340688708934,-0.4427189233902787,-0.29973347264787015,0.42912719738682914,-0.42912740277547884,0.3214981158487402,-0.34227043036444493,0.36198431117378455
-0.499998335519776,0.9999999998551099,-0.4999983355197748,0.9792664733940003,-0.896878624033741,-0.998741843324162,-0.458340061826313,0.40826712764746664,0.5069980602016685,0.9315330794860186,-0.9503002300083868,-0.9098901397673261,-0.9844362416307515,0.9844360180387915,-0.5069990022062482,0.9098880430125826,-0.8284235811895718,0.8284228268883496,0.761177405906554,-0.7960291623576431,-0.7239758853600183,-0.7239714821326199,0.7239725066288456,-0.8968758934068758,0.9661323179472057,0.8968788057973174,-0.976152128218001,0.33918831386037385,0.995740896206015,-0.9909695469890438,0.9909700069251727,-0.5540894272765474,0.8854406859322128,0.5994696502530275,-0.8582572555501534,0.8582576632933763,-0.6429990060021044,0.6845436852641081,-0.7239714821326219
-0.5000002029097251,-0.4999983355197748,0.999999998375785,-0.4896320580215669,0.44843849261752555,0.4993695972702403,0.22916885623583402,-0.20413247741395107,-0.2534977810068551,-0.46576514153678444,0.4751487236256101,0.4549436619276574,0.4922167669777917,-0.49221665143991306,0.2534982507574584,-0.45494261641419675,0.41421035337277,-0.4142099753027611,-0.3805872650119327,0.3980131405007729,0.36198651298223067,0.3619843111738376,-0.361984822628234,0.4484366539235928,-0.483064770055495,-0.44843798764189363,0.48807469225970485,-0.16959424327513511,-0.49786911081412194,0.4954834263335032,-0.49548365900375185,0.2770434068871563,-0.4427189233903149,-0.29973347264793415,0.4291271973868676,-0.4291274027755177,0.3214981158488001,-0.34227043036450044,0.3619843111738344
-0.48963205802157767,0.9792664733940003,-0.4896320580215669,1.0000000008488175,-0.9678797241855516,-0.967876794893475,-0.26879080500153407,0.21487631784198577,0.32187551113955193,0.8385517891009433,-0.8675287712243765,-0.8069865644222713,-0.9284244071758675,0.9284239972184596,-0.3218766729809634,0.8069842596441257,-0.6977796565736882,0.697779349540885,0.6140131777157574,-0.6569102792814485,-0.5692211494669229,-0.5692160819246582,0.5692172849162395,-0.7886835774390495,0.8938266894559894,0.7886859801529934,-0.9119362403262544,0.5227252694280288,0.9564192980472987,-0.9432606346610706,0.9432614173057698,-0.37396461474107057,0.7729331545434843,0.42489839924272654,-0.7364934631125369,0.7364936183064,-0.47452000745007067,0.522676932173139,-0.5692160819246583
0.4484384926175626,-0.896878624033741,0.44843849261752555,-0.9678797241855516,1.0000000023743159,0.8735735800773331,0.01798913676688333,0.037573738298812685,-0.07349640815509995,-0.6746374066374072,0.7146093796578783,0.6325837981104696,0.8051926979475803,-0.8051922100924809,0.0734977413898322,-0.6325813083263402,0.4952661459929497,-0.4952664564430491,-0.39584219332843606,0.4462428295711231,0.344220735534435,0.3442147762630667,-0.34421622943166497,0.6087759092974824,-0.7523750344840459,-0.6087777916755434,0.7794767415883431,-0.720271813251835,-0.8522826256092848,0.8294754933281486,-0.8294765080084354,0.12877437505764883,-0.5885810448671794,-0.18365371518774204,0.5427615098956458,-0.5427612968121558,0.2379654121291311,-0.29154259996018095,0.34421477626306624
0.4993695972702321,-0.998741843324162,0.4993695972702403,-0.967876794893475,0.8735735800773331,1.0000000001823617,0.5023283648632857,-0.4535264134149075,-0.5495796338898307,-0.9485954321667392,0.9647157848771417,0.9295464856064314,0.992011198066627,-0.9920108776389179,0.5495805115459204,-0.9295445043386356,0.8554661609984943,-0.8554652914747315,-0.7927387766977005,0.8253764053631922,0.7576538920807157,0.7576497223853105,-0.7576506826780047,0.9179251404848735,-0.9778561677213518,-0.9179279115064647,0.9858102409845801,-0.2915914640551363,-0.9991118283119895,0.9964474967467964,-0.9964480163520403,0.5951329770953978,-0.9076301480965117,-0.6388485367428196,0.8829113168658084,-0.8829118047342386,0.680591707215547,-0.7202341529346304,0.7576497223853106
0.22916885623576783,-0.458340061826313,0.22916885623583402,-0.26879080500153407,0.01798913676688333,0.5023283648632857,0.9999999961299413,-0.9984518825907595,-0.9984497563203032,-0.7501596633807166,0.7122609932639328,0.785740561369511,0.6074009733234463,-0.6074014967866656,0.9984495917797468,-0.7857406556352858,0.8775193300143197,-0.8775170197141595,-0.9252967701890041,0.9028018043710296,0.9449328567513813,0.9449359184056475,-0.9449350289189794,0.8041644671940769,-0.6721610621187605,-0.8041665899960747,0.6403504886875508,0.6806231580456541,-0.5383287939618481,0.5733737662068067,-0.5733727606968575,0.9938245110846873,-0.8188942688223133,-0.9861317698975124,0.8495185024153189,-0.8495197656595967,0.9753955655351015,-0.9616486984752525,0.9449359184056493
-0.2041324774138794,0.40826712764746664,-0.20413247741395107,0.21487631784198577,0.037573738298812685,-0.4535264134149075,-0.9984518825907595,0.9999999981329378,0.9938247218881971,0.7122758987346017,-0.6721769001629438,-0.7501738754903994,-0.5623410109096271,0.5623415685753935,-0.9938241798546048,0.7501741993546032,-0.8495306108679569,0.8495282540502659,0.9028044788213273,-0.8775222657834062,-0.9252972353011786,-0.9253002447138859,0.9252993790276078,-0.7699088965700256,0.6300002848386591,0.7699112151580949,-0.5967013608726458,-0.7202663441632926,0.49069011577418087,-0.5269831572359525,0.5269820606547864,-0.9861308776923391,0.7857539966853601,0.9753936186037269,-0.8189068135933208,0.8189081482442412,-0.9616460943346209,0.9449303601869046,-0.9253002447138885
-0.25349778100678777,0.5069980602016685,-0.2534977810068551,0.32187551113955193,-0.07349640815509995,-0.5495796338898307,-0.9984497563203032,0.9938247218881971,0.9999999949961489,0.7857274959572259,-0.7501462339911094,-0.8188813924725866,-0.6505859720841339,0.6505864466811316,-0.9999924279921644,0.8188812560192383,-0.9027986366991857,0.9027963912458649,0.9449321010669446,-0.9252938509440174,-0.9616508958248137,-0.9616538974020188,0.9616530152231446,-0.8359373241890216,0.712246862438262,0.8359394984225114,-0.6820228878373537,-0.6388787727741018,0.58430570143489,-0.6179944474320588,0.6179935514454808,-0.9984497638891519,0.8495062562200231,0.9938254388380245,-0.8775072923463323,0.8775084727652382,-0.9861335962431115,0.9753979368175408,-0.9616538974020207
-0.4657651415367544,0.9315330794860186,-0.46576514153678444,0.8385517891009433,-0.6746374066374072,-0.9485954321667392,-0.7501596633807166,0.7122758987346017,0.7857274959572259,0.999999993761029,-0.9984485792140853,-0.9984454750346001,-0.9809438861556086,0.9809438350039111,-0.7857278572969125,0.9984441131790479,-0.9753828362351045,0.9753815274223573,0.9448990534346094,-0.9616253537216521,-0.9252550298416886,-0.9252515458857555,0.9252523320078915,-0.9963061544842253,0.9938220392922644,0.996308995949958,-0.9882616484890699,-0.02612799920751836,0.961092934531531,-0.9718821603313902,0.9718822296526518,-0.818869232323532,0.993819146361054,0.8494829534068292,-0.9861235709105256,0.9861242297236319,-0.8774745159677109,0.9027578628881928,-0.9252515458857571
0.4751487236255801,-0.9503002300083868,0.4751487236256101,-0.8675287712243765,0.7146093796578783,0.9647157848771417,0.7122609932639328,-0.6721769001629438,-0.7501462339911094,-0.9984485792140853,0.9999999968250385,0.9938190182890744,0.9902246069368208,-0.990224497310711,0.7501466956035191,-0.9938173802038497,0.9616271170613357,-0.9616258361536578,-0.925254431288909,0.9448993178656192,0.9027525896166314,0.9027490577181712,-0.902749854361969,0.9899978369374034,-0.9984528858575799,-0.9900007160943666,0.995223743860748,-0.02945636016826178,-0.9749567797316993,0.9834647773972746,-0.9834649223212135,0.7857150978019859,-0.9861225121816243,-0.8188582150817566,0.9753808090742331,-0.9753814883128105,0.8494736172979996,-0.8774671691108017,0.9027490577181719
0.45494366192762437,-0.9098901397673261,0.4549436619276574,-0.8069865644222713,0.6325837981104696,0.9295464856064314,0.785740561369511,-0.7501738754903994,-0.8188813924725866,-0.9984454750346001,0.9938190182890744,0.9999999923329481,0.9686343633390417,-0.9686343738819633,0.818881671916406,-0.999987400685929,0.9861265821370025,-0.9861252383064595,-0.9616258201170403,0.9753818905066489,0.9449002485174931,0.9448969806777818,-0.9448977119721444,0.9995376382592911,-0.986122213456227,-0.9995404286324083,0.9782480682728558,0.08162946341850656,-0.9442617962983666,0.9572988274779716,-0.957298818614236,0.8494938847064687,-0.9984466040318832,-0.8774838931493913,0.9938211714867384,-0.9938218128144043,0.9027653851262609,-0.9252606412711167,0.9448969806777818
0.49221676697777456,-0.9844362416307515,0.4922167669777917,-0.9284244071758675,0.8051926979475803,0.992011198066627,0.6074009733234463,-0.5623410109096271,-0.6505859720841339,-0.9809438861556086,0.9902246069368208,0.9686343633390417,1.0000000021355915,-1.0000023609780866,0.6505866802938817,-0.9686326525290964,0.9139650780565327,-0.9139639277621279,-0.8633066846440216,0.8900095581115236,0.8339384721696791,0.8339348872982999,-0.8339356914658637,0.9606458185008888,-0.9964465213789448,-0.9606487682263442,0.9991130423836676,-0.1685845751998846,-0.99644827226677,0.9991138071838811,-0.999114293772491,0.69176162084071,-0.9533362425231747,-0.7308013585519519,0.935094387171034,-0.9350950620162644,0.7675849712862823,-0.8019993346358405,0.8339348872983011
-0.49221665143989685,0.9844360180387915,-0.49221665143991306,0.9284239972184596,-0.8051922100924809,-0.9920108776389179,-0.6074014967866656,0.5623415685753935,0.6505864466811316,0.9809438350039111,-0.990224497310711,-0.9686343738819633,-1.0000023609780866,1.0000000016051773,-0.6505871531692676,0.9686326479061241,-0.913965263196645,0.913964119814888,0.8633069347904837,-0.8900097880982697,-0.8339387286731808,-0.8339351129001392,0.8339359254319505,-0.9606459018994004,0.996446363744428,0.960648836973783,-0.9991125229418155,0.16858389502075402,0.9964479068041218,-0.9991131682093148,0.9991138775241645,-0.6917620403685635,0.9533363259084003,0.7308017243261953,-0.9350945293022787,0.9350951949324993,-0.7675852901806807,0.8019996168756937,-0.8339351129001399
0.25349825075738996,-0.5069990022062482,0.2534982507574584,-0.3218766729809634,0.0734977413898322,0.5495805115459204,0.9984495917797468,-0.9938241798546048,-0.9999924279921644,-0.7857278572969125,0.7501466956035191,0.818881671916406,0.6505866802938817,-0.6505871531692676,0.9999999945779574,-0.818881526788498,0.9027988030848335,-0.9027965592953029,-0.944932243540368,0.9252940064492715,0.9616510194524539,0.9616540744338461,-0.961653178424429,0.8359376597633449,-0.7122474394659885,-0.8359398289121741,0.6820235256953897,0.6388774904043314,-0.5843065318467271,0.6179952215014362,-0.6179943303345317,0.9984498167973377,-0.8495064816514407,-0.9938253338241138,0.8775074805102016,-0.8775086558599542,0.9861335757650812,-0.9753979927680752,0.9616540744338483
-0.4549426164141646,0.9098880430125826,-0.45494261641419675,0.8069842596441257,-0.6325813083263402,-0.9295445043386356,-0.7857406556352858,0.7501741993546032,0.8188812560192383,0.9984441131790479,-0.9938173802038497,-0.999987400685929,-0.9686326525290964,0.9686326479061241,-0.818881526788498,0.9999999900758954,-0.9861251208416636,0.986123785161409,0.9616245454466322,-0.975380518060389,-0.9448990903252265,-0.9448957572490558,0.944896505500772,-0.9995363420542241,0.9861205470514547,0.9995391369939609,-0.9782463774069095,-0.08163147595609352,0.9442599173111937,-0.9572970392405792,0.9572970468670396,-0.8494935267777409,0.9984453015894874,0.877483319588198,-0.9938196599635364,0.9938202957858325,-0.9027646044420812,0.9252596647933994,-0.9448957572490567
0.41421035337272843,-0.8284235811895718,0.41421035337277,-0.6977796565736882,0.4952661459929497,0.8554661609984943,0.8775193300143197,-0.8495306108679569,-0.9027986366991857,-0.9753828362351045,0.9616271170613357,0.9861265821370025,0.9139650780565327,-0.913965263196645,0.9027988030848335,-0.9861251208416636,1.0000000052684683,-1.0000056270956272,-0.9938344499171613,0.9984623479212092,0.9861371023682683,0.986135640665455,-0.9861359054418628,0.9907243201285474,-0.9449008016955794,-0.990726900459158,0.9302600027078368,0.24592590391905098,-0.8765350385581162,0.8960462496376629,-0.8960460156074691,0.9252907162735461,-0.9938271599384783,-0.9449264442490514,0.9984587909564108,-0.9984594289910175,0.9616455622409107,-0.9753966537654992,0.9861356406654576
-0.41420997530271775,0.8284228268883496,-0.4142099753027611,0.697779349540885,-0.4952664564430491,-0.8554652914747315,-0.8775170197141595,0.8495282540502659,0.9027963912458649,0.9753815274223573,-0.9616258361536578,-0.9861252383064595,-0.9139639277621279,0.913964119814888,-0.9027965592953029,0.986123785161409,-1.0000056270956272,1.0000000030967895,0.9938327483908501,-0.998460483309344,-0.9861353138774929,-0.9861338715939939,0.9861341311137157,-0.9907226879735685,0.9448995447782138,0.990725271071418,-0.9302588015197335,-0.24592400505179482,0.8765340609503617,-0.8960451780359509,0.8960449337380436,-0.9252885498006231,0.9938257647883776,0.9449243656896565,-0.9984570862000559,0.998457983522157,-0.9616435775475142,0.9753947663908307,-0.9861338715939947
-0.38058726501188145,0.761177405906554,-0.3805872650119327,0.6140131777157574,-0.39584219332843606,-0.7927387766977005,-0.9252967701890041,0.9028044788213273,0.9449321010669446,0.9448990534346094,-0.925254431288909,-0.9616258201170403,-0.8633066846440216,0.8633069347904837,-0.944932243540368,0.9616245454466322,-0.9938344499171613,0.9938327483908501,1.0000000042001564,-0.9984613704289512,-0.9984610744123209,-0.9984616020930326,0.998461415326718,-0.9695253133478395,0.9027515816948859,0.9695277639719093,-0.8838148628211364,-0.35192669929265913,0.817728360200557,-0.841264952920146,0.8412646000936477,-0.9616502544338592,0.9753849072741819,0.97539986906394,-0.9861320760244257,0.9861327871037899,-0.9861388017199493,0.9938339766429234,-0.9984616020930331
0.3980131405007236,-0.7960291623576431,0.3980131405007729,-0.6569102792814485,0.4462428295711231,0.8253764053631922,0.9028018043710296,-0.8775222657834062,-0.9252938509440174,-0.9616253537216521,0.9448993178656192,0.9753818905066489,0.8900095581115236,-0.8900097880982697,0.9252940064492715,-0.975380518060389,0.9984623479212092,-0.998460483309344,-0.9984613704289512,1.0000000041354635,0.9938335179204416,0.9938329265664632,-0.9938329654156457,0.9816401020451629,-0.925254367235102,-0.9816426172969773,0.9084396073787355,0.29938863908634666,-0.8484412184424336,0.8699983863864437,-0.8699980800942624,0.9449292828283431,-0.9861283549971697,-0.9616477657904385,0.9938296788065883,-0.9938303546362116,0.9753980205705605,-0.9861377361026332,0.9938329265664652
0.36198651298217727,-0.7239758853600183,0.36198651298223067,-0.5692211494669229,0.344220735534435,0.7576538920807157,0.9449328567513813,-0.9252972353011786,-0.9616508958248137,-0.9252550298416886,0.9027525896166314,0.9449002485174931,0.8339384721696791,-0.8339387286731808,0.9616510194524539,-0.9448990903252265,0.9861371023682683,-0.9861353138774929,-0.9984610744123209,0.9938335179204416,1.00000000349108,1.000006022306009,-1.0000053659636632,0.9544164542068942,-0.8774614135737683,-0.9544188442188265,0.8564613345096144,0.4033758426629935,-0.7844910259774756,0.8099343063224063,-0.8099339173792544,0.9754002292291161,-0.9616293147613273,-0.9861386141750951,0.97538897724916,-0.9753897303077809,0.9938331700313587,-0.9984599057499594,1.0000060223060092
0.36198431117378144,-0.7239714821326199,0.3619843111738376,-0.5692160819246582,0.3442147762630667,0.7576497223853105,0.9449359184056475,-0.9253002447138859,-0.9616538974020188,-0.9252515458857555,0.9027490577181712,0.9448969806777818,0.8339348872982999,-0.8339351129001392,0.9616540744338461,-0.9448957572490558,0.986135640665455,-0.9861338715939939,-0.9984616020930326,0.9938329265664632,1.000006022306009,1.0000000053371383,-1.0000067467948286,0.9544143495177999,-0.877457976667102,-0.9544167061707032,0.85645777685634,0.40338226596325294,-0.7844871267968052,0.8099306041728509,-0.8099302720709355,0.9754030098229484,-0.9616264986448038,-0.9861410907398652,0.9753867690162962,-0.9753874793192746,0.9938352657616126,-0.9984617986705007,1.0000074922321298
-0.3619848226281806,0.7239725066288456,-0.361984822628234,0.5692172849162395,-0.34421622943166497,-0.7576506826780047,-0.9449350289189794,0.9252993790276078,0.9616530152231446,0.9252523320078915,-0.902749854361969,-0.9448977119721444,-0.8339356914658637,0.8339359254319505,-0.961653178424429,0.944896505500772,-0.9861359054418628,0.9861341311137157,0.998461415326718,-0.9938329654156457,-1.0000053659636632,-1.0000067467948286,1.0000000046476072,-0.9544147754838819,0.877458745996696,0.9544171408198414,-0.8564585758160582,-0.40338060521822544,0.7844880141597266,-0.8099314388745046,0.8099310915249891,-0.9754021791936435,0.9616271138731076,0.9861403350914616,-0.9753872270175229,0.9753879485883681,-0.9938346068326313,0.9984612567228806,-1.0000067467948317
0.44843665392356274,-0.8968758934068758,0.4484366539235928,-0.7886835774390495,0.6087759092974824,0.9179251404848735,0.8041644671940769,-0.7699088965700256,-0.8359373241890216,-0.9963061544842253,0.9899978369374034,0.9995376382592911,0.9606458185008888,-0.9606459018994004,0.8359376597633449,-0.9995363420542241,0.9907243201285474,-0.9907226879735685,-0.9695253133478395,0.9816401020451629,0.9544164542068942,0.9544143495177999,-0.9544147754838819,1.0000000017483919,-0.9806307908691247,-1.000005087927492,0.9715022629934277,0.11185557653643102,-0.9338333224458947,0.9480820030736133,-0.9480818234775842,0.8651293536244317,-0.999684092990388,-0.8916506557432454,0.9967432378440374,-0.996744152233342,0.915419630569174,-0.9363631305978557,0.9544143495178012
-0.4830647700554761,0.9661323179472057,-0.483064770055495,0.8938266894559894,-0.7523750344840459,-0.9778561677213518,-0.6721610621187605,0.6300002848386591,0.712246862438262,0.9938220392922644,-0.9984528858575799,-0.986122213456227,-0.9964465213789448,0.996446363744428,-0.7122474394659885,0.9861205470514547,-0.9449008016955794,0.9448995447782138,0.9027515816948859,-0.925254367235102,-0.8774614135737683,-0.877457976667102,0.877458745996696,-0.9806307908691247,0.9999999999536028,0.9806339410682111,-0.9991112989403341,0.08495140015870804,0.9858091659264949,-0.9920095570258887,0.9920097680114671,-0.7501331491874952,0.9753795625028209,0.7857034489996176,-0.9616249324166474,0.9616256317124207,-0.8188482796746719,0.849465713462686,-0.8774579766671028
-0.4484379876418538,0.8968788057973174,-0.44843798764189363,0.7886859801529934,-0.6087777916755434,-0.9179279115064647,-0.8041665899960747,0.7699112151580949,0.8359394984225114,0.996308995949958,-0.9900007160943666,-0.9995404286324083,-0.9606487682263442,0.960648836973783,-0.8359398289121741,0.9995391369939609,-0.990726900459158,0.990725271071418,0.9695277639719093,-0.9816426172969773,-0.9544188442188265,-0.9544167061707032,0.9544171408198414,-1.000005087927492,0.9806339410682111,1.0000000058598781,-0.9715051898464311,-0.11185574559017909,0.9338361708493728,-0.9480849116833773,0.9480847467332522,-0.8651315798463192,0.999686817672292,0.891652929571361,-0.9967458923103274,0.996746806194856,-0.9154219472355165,0.9363654856568502,-0.9544167061707032
0.4880746922596845,-0.976152128218001,0.48807469225970485,-0.9119362403262544,0.7794767415883431,0.9858102409845801,0.6403504886875508,-0.5967013608726458,-0.6820228878373537,-0.9882616484890699,0.995223743860748,0.9782480682728558,0.9991130423836676,-0.9991125229418155,0.6820235256953897,-0.9782463774069095,0.9302600027078368,-0.9302588015197335,-0.8838148628211364,0.9084396073787355,0.8564613345096144,0.85645777685634,-0.8564585758160582,0.9715022629934277,-0.9991112989403341,-0.9715051898464311,1.0000000009903043,-0.12688056027938144,-0.9920106690266934,0.9964475841506744,-0.9964479298204422,0.721588988339597,-0.9652160861309763,-0.7589271627630557,0.9492035898002855,-0.9492042752962001,0.7939224627344109,-0.8264672681623103,0.8564577768563406
-0.16959424327520675,0.33918831386037385,-0.16959424327513511,0.5227252694280288,-0.720271813251835,-0.2915914640551363,0.6806231580456541,-0.7202663441632926,-0.6388787727741018,-0.02612799920751836,-0.02945636016826178,0.08162946341850656,-0.1685845751998846,0.16858389502075402,0.6388774904043314,-0.08163147595609352,0.24592590391905098,-0.24592400505179482,-0.35192669929265913,0.29938863908634666,0.4033758426629935,0.40338226596325294,-0.40338060521822544,0.11185557653643102,0.08495140015870804,-0.11185574559017909,-0.12688056027938144,1.0000000011314778,0.25101295167385945,-0.20998634721279807,0.20998778009759372,0.5951648906600737,-0.13687490082186007,-0.5496150114512128,0.19169653295542974,-0.19169765962945787,0.5023694529551003,-0.45357323093761326,0.4033822659632559
-0.49786911081411134,0.995740896206015,-0.49786911081412194,0.9564192980472987,-0.8522826256092848,-0.9991118283119895,-0.5383287939618481,0.49069011577418087,0.58430570143489,0.961092934531531,-0.9749567797316993,-0.9442617962983666,-0.99644827226677,0.9964479068041218,-0.5843065318467271,0.9442599173111937,-0.8765350385581162,0.8765340609503617,0.817728360200557,-0.8484412184424336,-0.7844910259774756,-0.7844871267968052,0.7844880141597266,-0.9338333224458947,0.9858091659264949,0.9338361708493728,-0.9920106690266934,0.25101295167385945,1.0000000011326773,-0.9991128975838626,0.9991136767475427,-0.6284776145229952,0.9245176533347919,0.6707088620966667,-0.9019188463109283,0.9019194106715305,-0.7108693996929842,0.7488357393786496,-0.7844871267968054
0.4954834263334913,-0.9909695469890438,0.4954834263335032,-0.9432606346610706,0.8294754933281486,0.9964474967467964,0.5733737662068067,-0.5269831572359525,-0.6179944474320588,-0.9718821603313902,0.9834647773972746,0.9572988274779716,0.9991138071838811,-0.9991131682093148,0.6179952215014362,-0.9572970392405792,0.8960462496376629,-0.8960451780359509,-0.841264952920146,0.8699983863864437,0.8099343063224063,0.8099306041728509,-0.8099314388745046,0.9480820030736133,-0.9920095570258887,-0.9480849116833773,0.9964475841506744,-0.20998634721279807,-0.9991128975838626,1.0000000017563515,-1.0000027346951863,0.6607062651785153,-0.9397620632845929,-0.7013779828266573,0.9193235272814712,-0.9193241544132248,0.7398843557620289,-0.7761069692635715,0.8099306041728515
-0.49548365900373714,0.9909700069251727,-0.49548365900375185,0.9432614173057698,-0.8294765080084354,-0.9964480163520403,-0.5733727606968575,0.5269820606547864,0.6179935514454808,0.9718822296526518,-0.9834649223212135,-0.957298818614236,-0.999114293772491,0.9991138775241645,-0.6179943303345317,0.9572970468670396,-0.8960460156074691,0.8960449337380436,0.8412646000936477,-0.8699980800942624,-0.8099339173792544,-0.8099302720709355,0.8099310915249891,-0.9480818234775842,0.9920097680114671,0.9480847467332522,-0.9964479298204422,0.20998778009759372,0.9991136767475427,-1.0000027346951863,1.0000000025136484,-0.6607054847622799,0.9397619645000043,0.701377316711496,-0.9193233527198991,0.9193239917249003,-0.7398837956801644,0.7761065022012449,-0.8099302720709378
0.27704340688708934,-0.5540894272765474,0.2770434068871563,-0.37396461474107057,0.12877437505764883,0.5951329770953978,0.9938245110846873,-0.9861308776923391,-0.9984497638891519,-0.818869232323532,0.7857150978019859,0.8494938847064687,0.69176162084071,-0.6917620403685635,0.9984498167973377,-0.8494935267777409,0.9252907162735461,-0.9252885498006231,-0.9616502544338592,0.9449292828283431,0.9754002292291161,0.9754030098229484,-0.9754021791936435,0.8651293536244317,-0.7501331491874952,-0.8651315798463192,0.721588988339597,0.5951648906600737,-0.6284776145229952,0.6607062651785153,-0.6607054847622799,0.9999999958111607,-0.8774954363304995,-0.9984515016323671,0.9027868924624455,-0.9027879861671475,0.9938277817391572,-0.9861362439431656,0.9754030098229499
-0.4427189233902787,0.8854406859322128,-0.4427189233903149,0.7729331545434843,-0.5885810448671794,-0.9076301480965117,-0.8188942688223133,0.7857539966853601,0.8495062562200231,0.993819146361054,-0.9861225121816243,-0.9984466040318832,-0.9533362425231747,0.9533363259084003,-0.8495064816514407,0.9984453015894874,-0.9938271599384783,0.9938257647883776,0.9753849072741819,-0.9861283549971697,-0.9616293147613273,-0.9616264986448038,0.9616271138731076,-0.999684092990388,0.9753795625028209,0.999686817672292,-0.9652160861309763,-0.13687490082186007,0.9245176533347919,-0.9397620632845929,0.9397619645000043,-0.8774954363304995,0.999999995293496,0.9027757420862609,-0.9984516080120933,0.9984524923648502,-0.9252695080215657,0.9449075838263008,-0.9616264986448059
-0.29973347264787015,0.5994696502530275,-0.29973347264793415,0.42489839924272654,-0.18365371518774204,-0.6388485367428196,-0.9861317698975124,0.9753936186037269,0.9938254388380245,0.8494829534068292,-0.8188582150817566,-0.8774838931493913,-0.7308013585519519,0.7308017243261953,-0.9938253338241138,0.877483319588198,-0.9449264442490514,0.9449243656896565,0.97539986906394,-0.9616477657904385,-0.9861386141750951,-0.9861410907398652,0.9861403350914616,-0.8916506557432454,0.7857034489996176,0.891652929571361,-0.7589271627630557,-0.5496150114512128,0.6707088620966667,-0.7013779828266573,0.701377316711496,-0.9984515016323671,0.9027757420862609,0.9999999973329554,-0.9252795839330139,0.9252805886935627,-0.9984540802549337,0.9938305567566601,-0.9861410907398676
0.42912719738682914,-0.8582572555501534,0.4291271973868676,-0.7364934631125369,0.5427615098956458,0.8829113168658084,0.8495185024153189,-0.8189068135933208,-0.8775072923463323,-0.9861235709105256,0.9753808090742331,0.9938211714867384,0.935094387171034,-0.9350945293022787,0.8775074805102016,-0.9938196599635364,0.9984587909564108,-0.9984570862000559,-0.9861320760244257,0.9938296788065883,0.97538897724916,0.9753867690162962,-0.9753872270175229,0.9967432378440374,-0.9616249324166474,-0.9967458923103274,0.9492035898002855,0.19169653295542974,-0.9019188463109283,0.9193235272814712,-0.9193233527198991,0.9027868924624455,-0.9984516080120933,-0.9252795839330139,0.9999999994738641,-0.9999996450714711,0.9449163012965095,-0.9616366704000282,0.9753867690162981
-0.42912740277547884,0.8582576632933763,-0.4291274027755177,0.7364936183064,-0.5427612968121558,-0.8829118047342386,-0.8495197656595967,0.8189081482442412,0.8775084727652382,0.9861242297236319,-0.9753814883128105,-0.9938218128144043,-0.9350950620162644,0.9350951949324993,-0.8775086558599542,0.9938202957858325,-0.9984594289910175,0.998457983522157,0.9861327871037899,-0.9938303546362116,-0.9753897303077809,-0.9753874793192746,0.9753879485883681,-0.996744152233342,0.9616256317124207,0.996746806194856,-0.9492042752962001,-0.19169765962945787,0.9019194106715305,-0.9193241544132248,0.9193239917249003,-0.9027879861671475,0.9984524923648502,0.9252805886935627,-0.9999996450714711,1.000000000370026,-0.9449172179327494,0.9616375024207987,-0.9753874793192758
0.3214981158487402,-0.6429990060021044,0.3214981158488001,-0.47452000745007067,0.2379654121291311,0.680591707215547,0.9753955655351015,-0.9616460943346209,-0.9861335962431115,-0.8774745159677109,0.8494736172979996,0.9027653851262609,0.7675849712862823,-0.7675852901806807,0.9861335757650812,-0.9027646044420812,0.9616455622409107,-0.9616435775475142,-0.9861388017199493,0.9753980205705605,0.9938331700313587,0.9938352657616126,-0.9938346068326313,0.915419630569174,-0.8188482796746719,-0.9154219472355165,0.7939224627344109,0.5023694529551003,-0.7108693996929842,0.7398843557620289,-0.7398837956801644,0.9938277817391572,-0.9252695080215657,-0.9984540802549337,0.9449163012965095,-0.9449172179327494,0.99999999939455,-0.9984571023069256,0.9938352657616144
-0.34227043036444493,0.6845436852641081,-0.34227043036450044,0.522676932173139,-0.29154259996018095,-0.7202341529346304,-0.9616486984752525,0.9449303601869046,0.9753979368175408,0.9027578628881928,-0.8774671691108017,-0.9252606412711167,-0.8019993346358405,0.8019996168756937,-0.9753979927680752,0.9252596647933994,-0.9753966537654992,0.9753947663908307,0.9938339766429234,-0.9861377361026332,-0.9984599057499594,-0.9984617986705007,0.9984612567228806,-0.9363631305978557,0.849465713462686,0.9363654856568502,-0.8264672681623103,-0.45357323093761326,0.7488357393786496,-0.7761069692635715,0.7761065022012449,-0.9861362439431656,0.9449075838263008,0.9938305567566601,-0.9616366704000282,0.9616375024207987,-0.9984571023069256,1.000000001635105,-0.9984617986705026
0.36198431117378455,-0.7239714821326219,0.3619843111738344,-0.5692160819246583,0.34421477626306624,0.7576497223853106,0.9449359184056493,-0.9253002447138885,-0.9616538974020207,-0.9252515458857571,0.9027490577181719,0.9448969806777818,0.8339348872983011,-0.8339351129001399,0.9616540744338483,-0.9448957572490567,0.9861356406654576,-0.9861338715939947,-0.9984616020930331,0.9938329265664652,1.0000060223060092,1.0000074922321298,-1.0000067467948317,0.9544143495178012,-0.8774579766671028,-0.9544167061707032,0.8564577768563406,0.4033822659632559,-0.7844871267968054,0.8099306041728515,-0.8099302720709378,0.9754030098229499,-0.9616264986448059,-0.9861410907398676,0.9753867690162981,-0.9753874793192758,0.9938352657616144,-0.9984617986705026,1.0000000053371383
