0.9999999993310604,-0.99999972696402,0.9999997297596012,-0.9009692856231374,-0.9009692856231368,0.999998697516825,-0.9999986700530353,0.9999987257962087,0.9999987290466302,-0.99999858400657,-0.9999988159442998,-0.2225212047059515,-0.22252120470595288,0.6234904352508284,0.6234904352508329,-0.9999993630983693,0.9999987290466331,-0.9999988159442991,0.9999988454468084
-0.99999972696402,0.9999999991216447,-1.0000003883653525,0.9009691542361479,0.9009691542361483,-0.999999356123069,0.9999985242252293,-0.9999985799684763,-0.9999985832190801,0.9999984381789421,0.9999986701168078,0.22252117225600324,0.22252117225600482,-0.6234903443281299,-0.6234903443281339,0.999999217270673,-0.9999985832190827,0.9999986701168061,-0.9999986996193354
0.9999997297596012,-1.0000003883653525,1.000000000280862,-0.900970685959735,-0.9009706859597318,0.9999993589182359,-0.9999993314546121,0.9999993871979899,0.9999993904487842,-0.9999992454084221,-0.9999994773466596,-0.2225213518817816,-0.222521351881785,0.6234908476282922,0.6234908476282975,-1.0000000245008553,0.9999993904487879,-0.9999994773466594,0.9999995068492389
-0.9009692856231374,0.9009691542361479,-0.900970685959735,1.0000000014048975,0.6234908631621673,-0.9009689515063382,0.9009689267624678,-0.9009689769855727,-0.900968979914478,0.9009688492375064,0.9009690582068323,0.6234915266196879,-0.2225216113798023,-0.9009719482088866,-0.22252136699869002,0.9009695511760762,-0.9009689799144811,0.9009690582068319,-0.900969084787763
-0.9009692856231368,0.9009691542361483,-0.9009706859597318,0.6234908631621673,1.0000000014048975,-0.9009689515063366,0.900968926762467,-0.9009689769855718,-0.9009689799144772,0.9009688492375071,0.9009690582068328,-0.2225216113798052,0.6234915266196907,-0.22252136699868597,-0.9009719482088869,0.9009695511760751,-0.9009689799144803,0.9009690582068309,-0.900969084787763
0.999998697516825,-0.999999356123069,0.9999993589182359,-0.9009689515063382,-0.9009689515063366,0.9999999987985162,-0.999999103646437,0.9999983549554886,0.9999983582059977,-0.9999982131659461,-0.9999984451036695,-0.22252112218584588,-0.2225211221858456,0.6234902040346849,0.6234902040346879,-0.9999989922574687,0.9999983582060012,-0.9999984451036696,0.9999984746061783
-0.9999986700530353,0.9999985242252293,-0.9999993314546121,0.9009689267624678,0.900968926762467,-0.999999103646437,0.9999999987590773,-0.9999991319258454,-0.9999983307421395,0.9999981857021311,0.9999984176397789,0.2225211160746169,0.22252111607461716,-0.6234901869113996,-0.6234901869114028,0.9999989647936076,-0.9999983307421427,0.9999984176397785,-0.9999984471422754
0.9999987257962087,-0.9999985799684763,0.9999993871979899,-0.9009689769855727,-0.9009689769855718,0.9999983549554886,-0.9999991319258454,0.9999999988391266,0.9999983864852214,-0.9999990458793903,-0.9999984733828424,-0.22252112847871558,-0.22252112847871605,0.6234902216668975,0.6234902216669013,-0.9999998249708854,0.9999983864852248,-0.9999984733828416,0.99999850288533
0.9999987290466302,-0.9999985832190801,0.9999993904487842,-0.900968979914478,-0.9009689799144772,0.9999983582059977,-0.9999983307421395,0.9999983864852214,0.9999999988437946,-0.9999990491297018,-0.9999992810671611,-0.2225211292021105,-0.22252112920211098,0.62349022369379,0.6234902236937931,-0.9999990237870086,0.9999983897354573,-0.9999984766330148,0.9999985061354839
-0.99999858400657,0.9999984381789421,-0.9999992454084221,0.9009688492375064,0.9009688492375071,-0.9999982131659461,0.9999981857021311,-0.9999990458793903,-0.9999990491297018,0.9999999986355107,0.9999983315931364,0.22252109692753036,0.22252109692753225,-0.623490133262453,-0.6234901332624578,0.9999988787469949,-0.9999990491297058,0.9999983315931358,-0.9999983610956115
-0.9999988159442998,0.9999986701168078,-0.9999994773466596,0.9009690582068323,0.9009690582068328,-0.9999984451036695,0.9999984176397789,-0.9999984733828424,-0.9999992810671611,0.9999983315931364,0.999999998968583,0.22252114853874366,0.22252114853874808,-0.6234902778738192,-0.6234902778738247,0.9999991106846414,-0.9999984766330183,0.9999985635305598,-0.9999993974671744
-0.2225212047059515,0.22252117225600324,-0.2225213518817816,0.6234915266196879,-0.2225216113798052,-0.22252112218584588,0.2225211160746169,-0.22252112847871558,-0.2225211292021105,0.22252109692753036,0.22252114853874366,1.0000000023724063,-0.900972643172503,-0.9009725335014891,0.6234917850063525,0.2225212702921791,-0.22252112920210962,0.22252114853874583,-0.22252115510369921
-0.22252120470595288,0.22252117225600482,-0.222521351881785,-0.2225216113798023,0.6234915266196907,-0.2225211221858456,0.22252111607461716,-0.22252112847871605,-0.22252112920211098,0.22252109692753225,0.22252114853874808,-0.900972643172503,1.0000000023724063,0.6234917850063495,-0.900972533501495,0.22252127029218002,-0.2225211292021135,0.22252114853874566,-0.22252115510370293
0.6234904352508284,-0.6234903443281299,0.6234908476282922,-0.9009719482088866,-0.22252136699868597,0.6234902040346849,-0.6234901869113996,0.6234902216668975,0.62349022369379,-0.623490133262453,-0.6234902778738192,-0.9009725335014891,0.6234917850063495,1.0000000021677906,-0.22252164908448419,-0.6234906190192998,0.6234902236937901,-0.6234902778738192,0.623490296268409
0.6234904352508329,-0.6234903443281339,0.6234908476282975,-0.22252136699869002,-0.9009719482088869,0.6234902040346879,-0.6234901869114028,0.6234902216669013,0.6234902236937931,-0.6234901332624578,-0.6234902778738247,0.6234917850063525,-0.900972533501495,-0.22252164908448419,1.0000000021677906,-0.6234906190193034,0.6234902236937967,-0.6234902778738232,0.6234902962684142
-0.9999993630983693,0.999999217270673,-1.0000000245008553,0.9009695511760762,0.9009695511760751,-0.9999989922574687,0.9999989647936076,-0.9999998249708854,-0.9999990237870086,0.9999988787469949,0.9999991106846414,0.2225212702921791,0.22252127029218002,-0.6234906190192998,-0.6234906190193034,0.9999999997543206,-0.9999990237870118,0.9999991106846404,-0.9999991401871346
0.9999987290466331,-0.9999985832190827,0.9999993904487879,-0.9009689799144811,-0.9009689799144803,0.9999983582060012,-0.9999983307421427,0.9999983864852248,0.9999983897354573,-0.9999990491297058,-0.9999984766330183,-0.22252112920210962,-0.2225211292021135,0.6234902236937901,0.6234902236937967,-0.9999990237870118,0.9999999988437946,-0.9999992810671667,0.9999985061354866
-0.9999988159442991,0.9999986701168061,-0.9999994773466594,0.9009690582068319,0.9009690582068309,-0.9999984451036696,0.9999984176397785,-0.9999984733828416,-0.9999984766330148,0.9999983315931358,0.9999985635305598,0.22252114853874583,0.22252114853874566,-0.6234902778738192,-0.6234902778738232,0.9999991106846404,-0.9999992810671667,0.999999998968583,-0.9999993974671728
0.9999988454468084,-0.9999986996193354,0.9999995068492389,-0.900969084787763,-0.900969084787763,0.9999984746061783,-0.9999984471422754,0.99999850288533,0.9999985061354839,-0.9999983610956115,-0.9999993974671744,-0.22252115510369921,-0.22252115510370293,0.623490296268409,0.6234902962684142,-0.9999991401871346,0.9999985061354866,-0.9999993974671728,0.99999999901095
