1.0000000004084615,-1.0000007297714772,-1.0000007297714755,-1.0000007297714733,-1.0000007065312726,1.000000587851899,8.657469730992565e-16,-9.960570910253653e-16,-1.0727003340736105e-15,1.4315980136178196e-15,9.131158858908528e-16,9.119514081276993e-16,-1.0000006162625898,1.3914588361516442e-15,-4.771272277241996e-16,-6.981374597804107e-16,1.5117071246145164e-15,6.383471646446024e-16,1.2027607132037853e-15,7.166202705774755e-16,-9.15579899562247e-16,-8.796111733008574e-16,-5.790169339440089e-16,1.4364346212339803e-15,-5.489551629812496e-16,7.827487151680288e-16,1.2980670697378068e-15,1.1912835386101332e-15,-1.0113602166889055e-15,-7.860395328649989e-16,8.781388066904416e-16
-1.0000007297714772,1.000000000441528,1.0000006186481754,1.000000618648174,1.0000005953233264,-1.0000006110186208,-2.4473869465802283e-15,2.5776962996364526e-15,2.6543427079520555e-15,-3.013244224544379e-15,-2.4947559896736517e-15,-2.493598399872183e-15,1.0000006395064203,-2.973107426134634e-15,2.058778143817777e-15,2.2797810746891225e-15,-3.093356603978991e-15,-2.220009025982157e-15,-2.7844044349015238e-15,-2.298263411941216e-15,2.497227545227831e-15,2.4612631883830954e-15,2.160664039447216e-15,-3.0180794267491228e-15,2.1305956410351906e-15,-2.364406541302616e-15,-2.8797245958135954e-15,-2.772941189526272e-15,2.593020107723333e-15,2.3676984359872268e-15,-2.4597999907363546e-15
-1.0000007297714755,1.0000006186481754,1.000000000441528,1.0000006186481767,1.0000005953233277,-1.0000006110186221,-9.3394507531265e-16,1.0642872036814467e-15,1.1408714046079538e-15,-1.4998186126104455e-15,-9.813835120853356e-16,-9.80104080814122e-16,1.000000639506422,-1.4597887105614162e-15,5.454546785849862e-16,7.664676722607311e-16,-1.5800358378208888e-15,-7.06666320438951e-16,-1.2710923644639014e-15,-7.849391026674403e-16,9.83910943759033e-16,9.479281864507088e-16,6.473428748866654e-16,-1.5047511510715632e-15,6.172590481669883e-16,-8.510691288685257e-16,-1.366376965613829e-15,-1.2595935593264993e-15,1.079664221965846e-15,8.543425502297369e-16,-9.464412677489685e-16
-1.0000007297714733,1.000000618648174,1.0000006186481767,1.000000000441528,1.0000005953233262,-1.0000006110186204,-1.6010066701688024e-15,1.7313332962655834e-15,1.8079470378745846e-15,-2.1668737516971634e-15,-1.6484120391358937e-15,-1.64719112055006e-15,1.00000063950642,-2.1267901356980563e-15,1.2124578648998363e-15,1.4334666934279193e-15,-2.2470371463872317e-15,-1.3736796542010379e-15,-1.938090721658519e-15,-1.4519440355483853e-15,1.6509110939944607e-15,1.6149356198201525e-15,1.3143464637871733e-15,-2.1717583773429207e-15,1.284269989845905e-15,-1.5180817639662724e-15,-2.033390526512497e-15,-1.926607120225166e-15,1.7466817225000894e-15,1.5213600507639808e-15,-1.6134601119373223e-15
-1.0000007065312726,1.0000005953233264,1.0000005953233277,1.0000005953233262,1.0000000004082876,-1.0000007220679015,-2.1306869305142064e-15,2.260974638002094e-15,2.3376591370368794e-15,-2.696520678791616e-15,-2.178010208346274e-15,-2.176923674664154e-15,1.0000006161542485,-2.6563175748664086e-15,1.741986859706255e-15,1.9629955872607607e-15,-2.776566545729204e-15,-1.903213610157568e-15,-2.4676171774541283e-15,-1.98148492609934e-15,2.180438422168238e-15,2.144475609425026e-15,1.843876720858702e-15,-2.7013002695113396e-15,1.813827092793906e-15,-2.0476132494802317e-15,-2.5629362359619682e-15,-2.4561527176904324e-15,2.2762318541683102e-15,2.0509110387852562e-15,-2.143011940726972e-15
1.000000587851899,-1.0000006110186208,-1.0000006110186221,-1.0000006110186204,-1.0000007220679015,1.0000000004306528,-3.0187422309091167e-15,2.8884180755855743e-15,2.811799715199617e-15,-2.4528798136858403e-15,-2.971340090155061e-15,-2.9725545856994227e-15,-1.0000007661955266,-2.492958731929856e-15,3.407289772380345e-15,3.1862830794304748e-15,-2.372710656585455e-15,-3.2460686268198695e-15,-2.6816585225794854e-15,-3.1678072459726586e-15,2.9688374526870965e-15,3.0048110696003917e-15,3.305404328931235e-15,-2.4479932187149475e-15,3.3354817739549668e-15,-3.1016702162955705e-15,-2.586356722598989e-15,-2.6931401808898025e-15,2.873065460913065e-15,3.098386689106835e-15,-3.0062871867148565e-15
8.657469730992565e-16,-2.4473869465802283e-15,-9.3394507531265e-16,-1.6010066701688024e-15,-2.1306869305142064e-15,-3.0187422309091167e-15,1.0000000006714662,-1.0000008256975423,-1.0000012408411896,1.0000006669763852,1.0000004826010644,1.0000011912386648,8.494973898996716e-16,1.000000162437523,-1.0000001805613485,-1.000000141435093,1.0000002523409326,1.0000001578555495,1.0000001115861512,1.0000001890952155,-1.0000001869047486,-1.000000383216524,-1.0000000399905615,1.0000001371624343,-1.0000002542298914,0.9999999496728194,1.0000004412645036,1.0000004412645045,-1.000000465229848,-1.0000004652298475,1.0000004723321465
-9.960570910253653e-16,2.5776962996364526e-15,1.0642872036814467e-15,1.7313332962655834e-15,2.260974638002094e-15,2.8884180755855743e-15,-1.0000008256975423,1.0000000003151865,1.0000008572255041,-1.0000005513155286,-1.0000003668868946,-1.000000941943236,-7.192099559033284e-16,-0.9999999118838208,0.9999999300044073,0.9999998910024515,-1.0000000019047697,-0.999999906978381,-0.9999998611259858,-0.9999999386682148,0.9999999363972842,1.0000001327918595,0.9999997894061191,-0.999999886661366,1.0000000039552022,-0.9999996987232691,-1.0000001907408984,-1.0000001907408993,1.0000002146590972,1.000000214659095,-1.000000221747365
-1.0727003340736105e-15,2.6543427079520555e-15,1.1408714046079538e-15,1.8079470378745846e-15,2.3376591370368794e-15,2.811799715199617e-15,-1.0000012408411896,1.0000008572255041,1.0000000009078758,-1.0000008330571724,-1.000000648668186,-1.0000014911715123,-6.425271724266203e-16,-1.0000003288257486,1.0000003469480985,1.0000003077291806,-1.0000004186294746,-1.0000003245087907,-1.0000002778984314,-1.0000003554031613,1.0000003532539432,1.000000549500803,1.000000206411084,-1.000000303531539,1.000000420433201,-1.0000001163936059,-1.0000006076351204,-1.000000607635121,1.0000006316419305,1.00000063164193,-1.0000006387566258
1.4315980136178196e-15,-3.013244224544379e-15,-1.4998186126104455e-15,-2.1668737516971634e-15,-2.696520678791616e-15,-2.4528798136858403e-15,1.0000006669763852,-1.0000005513155286,-1.0000008330571724,1.0000000002800757,1.0000002076364753,1.0000009179339278,2.8367403183125677e-16,0.9999998865113751,-0.9999999046341903,-0.9999998656217458,0.9999999765171618,0.9999998817035272,0.9999998357289599,0.9999999133809415,-0.9999999110102211,-1.0000001074575342,-0.9999997640668934,0.9999998613932639,-0.999999978766861,0.9999996734622988,1.0000001654655855,1.0000001654655855,-1.0000001894193922,-1.0000001894193908,1.000000196519515
9.131158858908528e-16,-2.4947559896736517e-15,-9.813835120853356e-16,-1.6484120391358937e-15,-2.178010208346274e-15,-2.971340090155061e-15,1.0000004826010644,-1.0000003668868946,-1.000000648668186,1.0000002076364753,1.0000000000165103,1.0000007333768852,8.021744650688383e-16,0.9999997018853111,-0.9999997199975198,-0.9999996811384848,0.9999997920286866,0.9999996966251669,0.9999996512300702,0.9999997288185211,-0.9999997264484876,-0.9999999229264659,-0.9999995793778842,0.9999996767308297,-0.9999999286101043,0.9999994882999949,0.999999980768974,0.9999999807689746,-1.0000000046356525,-1.000000004635651,1.0000000117084311
9.119514081276993e-16,-2.493598399872183e-15,-9.80104080814122e-16,-1.64719112055006e-15,-2.176923674664154e-15,-2.9725545856994227e-15,1.0000011912386648,-1.000000941943236,-1.0000014911715123,1.0000009179339278,1.0000007333768852,1.0000000010289303,8.032701285430216e-16,1.0000004135016276,-1.0000004316217856,-1.0000003923522343,1.000000503242614,1.0000004093672534,1.0000003625234872,1.0000004400769547,-1.000000437902293,-1.0000006341332508,-1.0000002911203425,1.0000003882463808,-1.0000005050945613,1.0000002012987401,1.0000006923395088,1.0000006923395093,-1.0000007163835956,-1.000000716383595,1.0000007235098782
-1.0000006162625898,1.0000006395064203,1.000000639506422,1.00000063950642,1.0000006161542485,-1.0000007661955266,8.494973898996716e-16,-7.192099559033284e-16,-6.425271724266203e-16,2.8367403183125677e-16,8.021744650688383e-16,8.032701285430216e-16,1.0000000004713072,3.23870170195963e-16,-1.2382021574846609e-15,-1.0171882494402764e-15,2.036171203961003e-16,1.0769890031689938e-15,5.125673634184625e-16,9.987010722033432e-16,-7.997485454063096e-16,-8.357117275618553e-16,-1.136312811082667e-15,2.7888904673703336e-16,-1.166356123759223e-15,9.325908023253556e-16,4.1725563339292674e-16,5.240389797684691e-16,-7.039630001311681e-16,-9.292850248546783e-16,8.371844134708496e-16
1.3914588361516442e-15,-2.973107426134634e-15,-1.4597887105614162e-15,-2.1267901356980563e-15,-2.6563175748664086e-15,-2.492958731929856e-15,1.000000162437523,-0.9999999118838208,-1.0000003288257486,0.9999998865113751,0.9999997018853111,1.0000004135016276,3.23870170195963e-16,0.9999999995572102,-0.9999995319869872,-0.9999994934233981,0.9999994699089735,0.9999993736734576,0.999999329118832,0.9999994068198662,-0.9999994042315739,-0.9999996008016449,-0.9999992570461621,0.9999993545906923,-0.9999994725750545,0.9999991652835633,0.9999996584531572,0.9999996584531571,-0.9999996822221071,-0.9999996822221051,0.9999996892646095
-4.771272277241996e-16,2.058778143817777e-15,5.454546785849862e-16,1.2124578648998363e-15,1.741986859706255e-15,3.407289772380345e-15,-1.0000001805613485,0.9999999300044073,1.0000003469480985,-0.9999999046341903,-0.9999997199975198,-1.0000004316217856,-1.2382021574846609e-15,-0.9999995319869872,0.9999999995829941,0.9999993771671426,-0.9999996223036046,-0.9999995260584575,-0.9999993471931659,-0.9999994249094485,0.9999994222998495,0.9999996188563139,0.9999992751224561,-0.9999993726788394,0.9999994906726036,-0.999999183352752,-0.9999996765049193,-0.9999996765049207,0.9999997002710241,0.9999997002710221,-0.999999707312445
-6.981374597804107e-16,2.2797810746891225e-15,7.664676722607311e-16,1.4334666934279193e-15,1.9629955872607607e-15,3.1862830794304748e-15,-1.000000141435093,0.9999998910024515,1.0000003077291806,-0.9999998656217458,-0.9999996811384848,-1.0000003923522343,-1.0171882494402764e-15,-0.9999994934233981,0.9999993771671426,0.9999999995279425,-0.9999994494153808,-0.9999993531937913,-0.9999994429514394,-0.9999995205959793,0.9999993837369947,0.9999995802944764,0.9999992365353999,-0.999999334035231,0.9999994519600083,-0.9999991447887324,-0.9999996379381946,-0.999999637938195,0.9999996617024001,0.9999996617023987,-0.9999996687433297
1.5117071246145164e-15,-3.093356603978991e-15,-1.5800358378208888e-15,-2.2470371463872317e-15,-2.776566545729204e-15,-2.372710656585455e-15,1.0000002523409326,-1.0000000019047697,-1.0000004186294746,0.9999999765171618,0.9999997920286866,1.000000503242614,2.036171203961003e-16,0.9999994699089735,-0.9999996223036046,-0.9999994494153808,0.999999999686133,0.9999994639703702,0.9999994194506415,0.9999994971179683,-0.9999996288921674,-0.9999998254253494,-0.9999993473662019,0.9999994448858055,-0.9999995628297538,0.9999992555943369,0.9999997487247297,0.9999997487247302,-0.9999997724810995,-0.9999997724810991,0.9999997795192003
6.383471646446024e-16,-2.220009025982157e-15,-7.06666320438951e-16,-1.3736796542010379e-15,-1.903213610157568e-15,-3.2460686268198695e-15,1.0000001578555495,-0.999999906978381,-1.0000003245087907,0.9999998817035272,0.9999996966251669,1.0000004093672534,1.0769890031689938e-15,0.9999993736734576,-0.9999995260584575,-0.9999993531937913,0.9999994639703702,0.9999999995488168,0.9999993231955597,0.9999994010581886,-0.9999993983056567,-0.9999995949140775,-0.9999992511876407,0.9999993488442347,-0.9999994669534958,0.9999991594830985,0.9999996526237515,0.9999996526237518,-0.9999996764261008,-0.9999996764260987,0.9999996834794935
1.2027607132037853e-15,-2.7844044349015238e-15,-1.2710923644639014e-15,-1.938090721658519e-15,-2.4676171774541283e-15,-2.6816585225794854e-15,1.0000001115861512,-0.9999998611259858,-1.0000002778984314,0.9999998357289599,0.9999996512300702,1.0000003625234872,5.125673634184625e-16,0.999999329118832,-0.9999993471931659,-0.9999994429514394,0.9999994194506415,0.9999993231955597,0.9999999994851771,0.9999993563096677,-0.9999994881035931,-0.9999995503297866,-0.9999993408998252,0.9999993040773146,-0.9999994220238257,0.9999991147913687,0.9999996079664997,0.9999996079665011,-0.9999996317270242,-0.9999996317270229,0.9999996387668004
7.166202705774755e-16,-2.298263411941216e-15,-7.849391026674403e-16,-1.4519440355483853e-15,-1.98148492609934e-15,-3.1678072459726586e-15,1.0000001890952155,-0.9999999386682148,-1.0000003554031613,0.9999999133809415,0.9999997288185211,1.0000004400769547,9.987010722033432e-16,0.9999994068198662,-0.9999994249094485,-0.9999995205959793,0.9999994971179683,0.9999994010581886,0.9999993563096677,0.9999999995960186,-0.9999994314507806,-0.9999996280156286,-0.9999992842763532,0.9999993817618049,-0.9999996339724903,0.9999991926583423,0.9999996857061422,0.9999996857061443,-0.9999997094964714,-0.9999997094964702,0.9999997165458245
-9.15579899562247e-16,2.497227545227831e-15,9.83910943759033e-16,1.6509110939944607e-15,2.180438422168238e-15,2.9688374526870965e-15,-1.0000001869047486,0.9999999363972842,1.0000003532539432,-0.9999999110102211,-0.9999997264484876,-1.000000437902293,-7.997485454063096e-16,-0.9999994042315739,0.9999994222998495,0.9999993837369947,-0.9999996288921674,-0.9999993983056567,-0.9999994881035931,-0.9999994314507806,0.999999999592393,0.99999962544136,0.9999992816873867,-0.9999993792186503,0.9999994971875269,-0.9999991899133435,-0.999999683083073,-0.9999996830830731,0.9999997068460444,0.999999706846042,-0.9999997138865405
-8.796111733008574e-16,2.4612631883830954e-15,9.479281864507088e-16,1.6149356198201525e-15,2.144475609425026e-15,3.0048110696003917e-15,-1.000000383216524,1.0000001327918595,1.000000549500803,-1.0000001074575342,-0.9999999229264659,-1.0000006341332508,-8.357117275618553e-16,-0.9999996008016449,0.9999996188563139,0.9999995802944764,-0.9999998254253494,-0.9999995949140775,-0.9999995503297866,-0.9999996280156286,0.99999962544136,0.9999999998729316,0.9999994782738127,-0.9999995757968376,0.9999996937208556,-0.9999993865645302,-1.0000000139460152,-1.0000000139460181,0.9999999033781409,0.9999999033781394,-0.9999999104191543
-5.790169339440089e-16,2.160664039447216e-15,6.473428748866654e-16,1.3143464637871733e-15,1.843876720858702e-15,3.305404328931235e-15,-1.0000000399905615,0.9999997894061191,1.000000206411084,-0.9999997640668934,-0.9999995793778842,-1.0000002911203425,-1.136312811082667e-15,-0.9999992570461621,0.9999992751224561,0.9999992365353999,-0.9999993473662019,-0.9999992511876407,-0.9999993408998252,-0.9999992842763532,0.9999992816873867,0.9999994782738127,0.9999999993823022,-0.9999993663912272,0.9999993500369531,-0.9999991771266871,-0.9999995359457655,-0.9999995359457658,0.999999559727226,0.9999995597272239,-0.9999995667739382
1.4364346212339803e-15,-3.0180794267491228e-15,-1.5047511510715632e-15,-2.1717583773429207e-15,-2.7013002695113396e-15,-2.4479932187149475e-15,1.0000001371624343,-0.999999886661366,-1.000000303531539,0.9999998613932639,0.9999996767308297,1.0000003882463808,2.7888904673703336e-16,0.9999993545906923,-0.9999993726788394,-0.999999334035231,0.9999994448858055,0.9999993488442347,0.9999993040773146,0.9999993817618049,-0.9999993792186503,-0.9999995757968376,-0.9999993663912272,0.9999999995215121,-0.9999995818046321,0.9999991404504566,0.9999996335003336,0.9999996335003348,-0.9999996572986061,-0.9999996572986048,0.999999664350622
-5.489551629812496e-16,2.1305956410351906e-15,6.172590481669883e-16,1.284269989845905e-15,1.813827092793906e-15,3.3354817739549668e-15,-1.0000002542298914,1.0000000039552022,1.000000420433201,-0.999999978766861,-0.9999999286101043,-1.0000005050945613,-1.166356123759223e-15,-0.9999994725750545,0.9999994906726036,0.9999994519600083,-0.9999995628297538,-0.9999994669534958,-0.9999994220238257,-0.9999996339724903,0.9999994971875269,0.9999996937208556,0.9999993500369531,-0.9999995818046321,0.9999999996897082,-0.9999992585719538,-0.9999997514493473,-0.9999997514493482,0.9999997752581701,0.99999977525817,-0.9999997823131187
7.827487151680288e-16,-2.364406541302616e-15,-8.510691288685257e-16,-1.5180817639662724e-15,-2.0476132494802317e-15,-3.1016702162955705e-15,0.9999999496728194,-0.9999996987232691,-1.0000001163936059,0.9999996734622988,0.9999994882999949,1.0000002012987401,9.325908023253556e-16,0.9999991652835633,-0.999999183352752,-0.9999991447887324,0.9999992555943369,0.9999991594830985,0.9999991147913687,0.9999991926583423,-0.9999991899133435,-0.9999993865645302,-0.9999991771266871,0.9999991404504566,-0.9999992585719538,0.9999999992514095,0.9999994442930994,0.9999994442930997,-0.9999994681093459,-0.999999468109344,0.9999994751677093
1.2980670697378068e-15,-2.8797245958135954e-15,-1.366376965613829e-15,-2.033390526512497e-15,-2.5629362359619682e-15,-2.586356722598989e-15,1.0000004412645036,-1.0000001907408984,-1.0000006076351204,1.0000001654655855,0.999999980768974,1.0000006923395088,4.1725563339292674e-16,0.9999996584531572,-0.9999996765049193,-0.9999996379381946,0.9999997487247297,0.9999996526237515,0.9999996079664997,0.9999996857061422,-0.999999683083073,-1.0000000139460152,-0.9999995359457655,0.9999996335003336,-0.9999997514493473,0.9999994442930994,0.9999999999552495,0.9999999372978934,-1.0000000954160468,-0.9999999610820093,0.9999999681288319
1.1912835386101332e-15,-2.772941189526272e-15,-1.2595935593264993e-15,-1.926607120225166e-15,-2.4561527176904324e-15,-2.6931401808898025e-15,1.0000004412645045,-1.0000001907408993,-1.000000607635121,1.0000001654655855,0.9999999807689746,1.0000006923395093,5.240389797684691e-16,0.9999996584531571,-0.9999996765049207,-0.999999637938195,0.9999997487247302,0.9999996526237518,0.9999996079665011,0.9999996857061443,-0.9999996830830731,-1.0000000139460181,-0.9999995359457658,0.9999996335003348,-0.9999997514493482,0.9999994442930997,0.9999999372978934,0.9999999999552495,-0.999999961082013,-1.0000000954160464,0.999999968128832
-1.0113602166889055e-15,2.593020107723333e-15,1.079664221965846e-15,1.7466817225000894e-15,2.2762318541683102e-15,2.873065460913065e-15,-1.000000465229848,1.0000002146590972,1.0000006316419305,-1.0000001894193922,-1.0000000046356525,-1.0000007163835956,-7.039630001311681e-16,-0.9999996822221071,0.9999997002710241,0.9999996617024001,-0.9999997724810995,-0.9999996764261008,-0.9999996317270242,-0.9999997094964714,0.9999997068460444,0.9999999033781409,0.999999559727226,-0.9999996572986061,0.9999997752581701,-0.9999994681093459,-1.0000000954160468,-0.999999961082013,0.9999999999892057,0.9999999848759576,-1.000000126259958
-7.860395328649989e-16,2.3676984359872268e-15,8.543425502297369e-16,1.5213600507639808e-15,2.0509110387852562e-15,3.098386689106835e-15,-1.0000004652298475,1.000000214659095,1.00000063164193,-1.0000001894193908,-1.000000004635651,-1.000000716383595,-9.292850248546783e-16,-0.9999996822221051,0.9999997002710221,0.9999996617023987,-0.9999997724810991,-0.9999996764260987,-0.9999996317270229,-0.9999997094964702,0.999999706846042,0.9999999033781394,0.9999995597272239,-0.9999996572986048,0.99999977525817,-0.999999468109344,-0.9999999610820093,-1.0000000954160464,0.9999999848759576,0.9999999999892057,-1.0000001262599552
8.781388066904416e-16,-2.4597999907363546e-15,-9.464412677489685e-16,-1.6134601119373223e-15,-2.143011940726972e-15,-3.0062871867148565e-15,1.0000004723321465,-1.000000221747365,-1.0000006387566258,1.000000196519515,1.0000000117084311,1.0000007235098782,8.371844134708496e-16,0.9999996892646095,-0.999999707312445,-0.9999996687433297,0.9999997795192003,0.9999996834794935,0.9999996387668004,0.9999997165458245,-0.9999997138865405,-0.9999999104191543,-0.9999995667739382,0.999999664350622,-0.9999997823131187,0.9999994751677093,0.9999999681288319,0.999999968128832,-1.000000126259958,-1.0000001262599552,0.9999999999992696
