1.0000000003855418,-1.0000003238143333,-1.000000775352507,1.0000000231808388,1.0000000726241616,1.0000008262504234,1.0000008262504239,0.9376956334993916,-0.9376955821171773,-0.9376956821712724,0.9376955086865908,0.9376956951971122,0.9376956951971114,0.9999437117850524,-0.9995729091175489,-0.999988723869798,-0.9999724873464516,-0.9999437137305333,0.9981642955094053,0.9905239181688712,0.9995729404464244,0.9999988609840786,0.9997265952826949,0.9999911034956123,-0.985729066355111,-0.9991183857545632,-0.9698168918178637,-0.9999995748808499,-0.9999995898540135,-0.9999988145850184,0.679626601041878,-0.5324904882281023,-0.09272320434506753,-0.6796266733852016,-0.9999999747472917,-0.999999974747292,0.6796267047937903,0.6796267047937907
-1.0000003238143333,1.0000000000477558,1.0000005199638884,-0.9999998043876677,-0.9999998542157807,-1.000000590392163,-1.0000005903921625,-0.9376952810452869,0.93769523692463,0.9376953239752972,-0.9376951718329427,-0.937695335023572,-0.9376953350235725,-0.9999434678015542,0.9995726582593794,0.9999884851961812,0.9999722450193825,0.9999434697462569,-0.9981640728806728,-0.9905236348924162,-0.9995726895168944,-0.9999986223993599,-0.9997263618769903,-0.9999908628043347,0.985728879704227,0.9991181576901047,0.9698165796990672,0.9999993357773969,0.9999993517479758,0.9999985760808238,-0.6796266638050048,0.5324901023322506,0.09272348380456642,0.6796267408169389,0.9999997367632786,0.9999997367632792,-0.6796267739298704,-0.6796267739298697
-1.000000775352507,1.0000005199638884,1.000000000691335,-1.0000002391587695,-1.0000002882919032,-1.0000010597813718,-1.000001059781371,-0.9376959404138842,0.937695883525782,0.9376959934386271,-0.9376958037747367,-0.9376960079647836,-0.9376960079647829,-0.9999439324938698,0.9995731354128944,0.9999889402511629,0.9999727067174005,0.9999439344375181,-0.9981644987222221,-0.9905241707236633,-0.9995731667945645,-0.9999990773180686,-0.9997268073406381,-0.9999913215454083,0.9857292399629948,0.99911859342865,0.9698171674417809,0.9999997916483637,0.9999998058160866,0.9999990308542973,-0.6796265645633593,0.5324908149128483,0.09272297802698565,0.6796266334005635,1.0000001906253733,1.0000001906253742,-0.6796266635272078,-0.6796266635272078
1.0000000231808388,-0.9999998043876677,-1.0000002391587695,0.9999999998469798,0.999999270089235,1.0000003097660184,1.000000309766018,0.9378796478530599,-0.93787960823756,-0.9378796872259727,0.9378795483238895,0.9378796970481564,0.9378796970481554,0.9999488333937516,-0.99958790888046,-0.9999856586842204,-0.9999759161281069,-0.9999488353238197,0.9981316018814589,0.9905963383697268,0.9995879400857097,0.9999974916745646,0.9997136483090767,0.9999928393881703,-0.9856391400509791,-0.9990955614800211,-0.9699458804673752,-0.9999996371102116,-0.9999985040122998,-0.9999974454004517,0.6792366466062861,-0.5329397625788196,-0.09219432798955225,-0.67923672667972,-0.9999997563034221,-0.9999997563034237,0.6792367609132317,0.6792367609132309
1.0000000726241616,-0.9999998542157807,-1.0000002882919032,0.999999270089235,0.9999999999182794,1.0000003587898887,1.000000358789888,0.937510288593451,-0.937510248772358,-0.9375103281187991,0.937510188614347,0.9375103379948507,0.9375103379948507,0.9999375808130881,-0.9995568787920567,-0.9999907961179721,-0.9999680543469642,-0.9999375827651724,0.9981960461682204,0.9904503695176499,0.9995569100102533,0.9999992376915806,0.9997385656333052,0.9999883684732659,-0.9858181640322238,-0.9991402500397135,-0.9696866908936512,-0.9999985377820483,-0.9999997039313976,-0.9999991914184917,0.6800165755325674,-0.5320398866363428,-0.09325291919324825,-0.6800166552242988,-0.9999992218425814,-0.9999992218425813,0.6800166893109811,0.6800166893109811
1.0000008262504234,-1.000000590392163,-1.0000010597813718,1.0000003097660184,1.0000003587898887,1.0000000007911014,1.0000011104552016,0.9376960429910688,-0.9376959842075245,-0.9376960975150879,0.9376959022791359,0.9376961125568546,0.9376961125568543,0.9999440047381802,-0.999573209599975,-0.9999890109946661,-0.9999727784970104,-0.999944006680635,0.9981645648893702,0.9905242540925087,0.9995732409989072,0.9999991480476641,0.9997268765837514,0.9999913928677056,-0.9857292958549682,-0.9991186611480763,-0.9698172589659034,-0.9999998625273802,-0.999999876416087,-0.9999991015613389,0.6796265485504907,-0.5324909265377726,-0.09272289841279457,-0.679626616189684,-1.0000002611977332,-1.0000002611977332,0.6796266458792036,0.6796266458792043
1.0000008262504239,-1.0000005903921625,-1.000001059781371,1.000000309766018,1.000000358789888,1.0000011104552016,1.0000000007911014,0.9376960429910692,-0.937695984207525,-0.9376960975150875,0.9376959022791366,0.9376961125568546,0.9376961125568548,0.9999440047381796,-0.9995732095999742,-0.9999890109946662,-0.9999727784970108,-0.9999440066806341,0.9981645648893711,0.9905242540925085,0.9995732409989074,0.9999991480476637,0.999726876583752,0.9999913928677049,-0.9857292958549683,-0.999118661148076,-0.9698172589659025,-0.999999862527381,-0.9999998764160872,-0.999999101561339,0.6796265485504895,-0.5324909265377742,-0.09272289841279281,-0.6796266161896828,-1.0000002611977332,-1.0000002611977334,0.6796266458792025,0.679626645879202
0.9376956334993916,-0.9376952810452869,-0.9376959404138842,0.9378796478530599,0.937510288593451,0.9376960429910688,0.9376960429910692,0.999999999870478,-0.9999998901266441,-0.9999998069530811,0.9999999194649264,0.9999997727476011,0.9999997727476015,0.9413359889503476,-0.9474518611166793,-0.936021701240521,-0.9402548117975406,-0.941335982996888,0.9149285420416612,0.9765302179671121,0.9474518852917144,0.9371395784235287,0.9293115359107971,0.9391640868409021,-0.8658215195056135,-0.9222796735624708,-0.9941152359181411,-0.9380638368992523,-0.9373250513564032,-0.9371395344945725,0.382400993129984,-0.7934153712921529,0.25901601870370566,-0.3824011871663734,-0.9378796102465058,-0.9378796102465055,0.38240126603302915,0.38240126603302965
-0.9376955821171773,0.93769523692463,0.937695883525782,-0.93787960823756,-0.937510248772358,-0.9376959842075245,-0.937695984207525,-0.9999998901266441,0.9999999999355529,0.9999998512567534,-0.9999999615359287,-0.9999998401100673,-0.9999998401100685,-0.9413359800829695,0.9474518671512979,0.9360216876730797,0.9402547945134364,0.9413359732523852,-0.9149285591871739,-0.9765302291444727,-0.9474518907648338,-0.9371395515074514,-0.9293115319700282,-0.9391640621973628,0.8658215575249365,0.9222796799146337,0.9941152529866043,0.938063806061222,0.9373250172966644,0.9371395063254635,-0.3824010533317047,0.7934153595820613,-0.25901597159836093,0.3824012476090326,0.9378795691266729,0.9378795691266713,-0.3824013264546148,-0.38240132645461555
-0.9376956821712724,0.9376953239752972,0.9376959934386271,-0.9378796872259727,-0.9375103281187991,-0.9376960975150879,-0.9376960975150875,-0.9999998069530811,0.9999998512567534,0.9999999998207358,-0.9999999125606962,-0.9999997498363739,-0.9999997498363765,-0.9413360041243505,0.9474518647013234,0.93602171996756,0.9402548335921572,0.9413359988645799,-0.9149285358988538,-0.9765302185297998,-0.9474518893206167,-0.9371396077351372,-0.929311546830809,-0.9391641144192758,0.8658214956695632,0.9222796761489619,0.9941152327357702,0.9380638693400563,0.9373250863215015,0.9371395647969536,-0.3824009435843938,0.7934153933724274,-0.2590160652238348,0.38240113744524534,0.9378796508090216,0.9378796508090212,-0.3824012163331911,-0.38240121633319224
0.9376955086865908,-0.9376951718329427,-0.9376958037747367,0.9378795483238895,0.937510188614347,0.9376959022791359,0.9376959022791366,0.9999999194649264,-0.9999999615359287,-0.9999999125606962,0.9999999999690382,0.999999905714161,0.9999999057141614,0.9413359555346169,-0.9474518598197652,-0.9360216576447625,-0.9402547602793526,-0.9413359476945348,0.9149285641921995,0.9765302283913069,0.9474518827859363,0.937139506165471,0.9293115129082207,0.9391640194943289,-0.8658216055004927,-0.922279672594082,-0.9941152791390504,-0.9380637562279992,-0.9373249637518373,-0.9371394595431402,0.3824011094368167,-0.7934153617939985,0.25901592336935664,-0.3824013042317365,-0.9378795074843799,-0.9378795074843791,0.38240138313420935,0.38240138313420996
0.9376956951971122,-0.937695335023572,-0.9376960079647836,0.9378796970481564,0.9375103379948507,0.9376961125568546,0.9376961125568546,0.9999997727476011,-0.9999998401100673,-0.9999997498363739,0.999999905714161,0.9999999997945831,0.9999997116604393,0.9413360055619465,-0.9474518620835167,-0.9360217226809722,-0.9402548373239803,-0.9413360005416196,0.9149285301980312,0.9765302145881045,0.9474518868561674,0.9371396140926829,0.9293115469093,0.939164120157747,-0.8658214841911536,-0.9222796734075024,-0.9941152272994457,-0.9380638767674717,-0.9373250946265688,-0.9371395714964025,0.38240092586478397,-0.7934153967834146,0.2590160790480727,-0.3824011196352722,-0.9378796610413097,-0.9378796610413095,0.3824011985207407,0.382401198520741
0.9376956951971114,-0.9376953350235725,-0.9376960079647829,0.9378796970481554,0.9375103379948507,0.9376961125568543,0.9376961125568548,0.9999997727476015,-0.9999998401100685,-0.9999997498363765,0.9999999057141614,0.9999997116604393,0.9999999997945831,0.9413360055619469,-0.9474518620835174,-0.9360217226809725,-0.9402548373239806,-0.9413360005416193,0.9149285301980312,0.9765302145881031,0.9474518868561681,0.9371396140926824,0.9293115469093,0.9391641201577472,-0.865821484191154,-0.9222796734075017,-0.9941152272994453,-0.938063876767472,-0.9373250946265694,-0.9371395714964027,0.38240092586478325,-0.7934153967834147,0.2590160790480738,-0.38240111963527174,-0.9378796610413094,-0.9378796610413094,0.3824011985207399,0.38240119852074067
0.9999437117850524,-0.9999434678015542,-0.9999439324938698,0.9999488333937516,0.9999375808130881,0.9999440047381802,0.9999440047381796,0.9413359889503476,-0.9413359800829695,-0.9413360041243505,0.9413359555346169,0.9413360055619465,0.9413360055619469,0.9999999999144418,-0.9998268721296116,-0.9998810242403638,-0.9999947704390247,-0.9999999007418864,0.9974636536264779,0.9919276618815988,0.9998268834412141,0.9999250570871795,0.9994211063983215,0.999979462923285,-0.9838834206946401,-0.9986152330127296,-0.9723539156300254,-0.9999540300832132,-0.9999314422257339,-0.9999250109014152,0.6717896404927804,-0.5414585516004676,-0.08213287674664455,-0.6717897445522826,-0.9999487856522251,-0.9999487856522251,0.6717897875963137,0.671789787596313
-0.9995729091175489,0.9995726582593794,0.9995731354128944,-0.99958790888046,-0.9995568787920567,-0.999573209599975,-0.9995732095999742,-0.9474518611166793,0.9474518671512979,0.9474518647013234,-0.9474518598197652,-0.9474518620835167,-0.9474518620835174,-0.9998268721296116,1.0000000000114129,0.9994211807407374,0.9997623833333213,0.9998268537300006,-0.9959668173802314,-0.9941153070562022,-1.0000000654316643,-0.9995245693706363,-0.9986152856259778,-0.9996877572354196,0.9803863343842126,0.9974636951574707,0.9765302571553864,0.9996029897426777,0.9995408473903167,0.9995245230617504,-0.657891588413299,0.5570069636682934,0.06357609041604244,0.6578917077145723,0.9995878614899959,0.9995878614899962,-0.6578917564594876,-0.6578917564594873
-0.999988723869798,0.9999884851961812,0.9999889402511629,-0.9999856586842204,-0.9999907961179721,-0.9999890109946661,-0.9999890109946662,-0.936021701240521,0.9360216876730797,0.93602171996756,-0.9360216576447625,-0.9360217226809722,-0.9360217226809725,-0.9998810242403638,0.9994211807407374,0.9999999998519702,0.9999250454912381,0.9998810068773243,-0.9984423255439617,-0.9898549418510432,-0.9994212116782752,-0.9999946882372365,-0.9998267151577988,-0.9999589270320913,0.986522981231742,0.999307483788672,0.9686385426036735,0.9999826639235804,0.999992855746049,0.9999946228511014,-0.6831289496542943,0.5284336536955737,0.09748688579294672,0.6831290463386882,0.9999856107057217,0.9999856107057222,-0.6831290865713702,-0.6831290865713693
-0.9999724873464516,0.9999722450193825,0.9999727067174005,-0.9999759161281069,-0.9999680543469642,-0.9999727784970104,-0.9999727784970108,-0.9402548117975406,0.9402547945134364,0.9402548335921572,-0.9402547602793526,-0.9402548373239803,-0.9402548373239806,-0.9999947704390247,0.9997623833333213,0.9999250454912381,0.99999999985392,0.999994752779854,-0.997685556777317,-0.9915181293033459,-0.9997624141370276,-0.9999589235590465,-0.9995244772528402,-0.9999946985374623,0.9844486949307688,0.9987778982525897,0.9716041396895465,0.999979418651282,0.9999636121981728,0.9999588773703417,-0.6741488056385536,0.538774250944279,0.0853112073343093,0.6741489029087663,0.9999758682689929,0.9999758682689925,-0.6741489434594097,-0.6741489434594097
-0.9999437137305333,0.9999434697462569,0.9999439344375181,-0.9999488353238197,-0.9999375827651724,-0.999944006680635,-0.9999440066806341,-0.941335982996888,0.9413359732523852,0.9413359988645799,-0.9413359476945348,-0.9413360005416196,-0.9413360005416193,-0.9999999007418864,0.9998268537300006,0.9998810068773243,0.999994752779854,0.9999999999166225,-0.9974636568225119,-0.9919276598691987,-0.9998268843819668,-0.9999250590264297,-0.9994211087850545,-0.9999794647025857,0.9838834264966422,0.9986152358135102,0.9723539106924626,0.9999540319696847,0.9999314441764919,0.9999250128535004,-0.6717896606654682,0.541458528957752,0.0821329041391596,0.6717897639554152,0.9999487875916583,0.999948787591659,-0.6717898067233831,-0.6717898067233831
0.9981642955094053,-0.9981640728806728,-0.9981644987222221,0.9981316018814589,0.9981960461682204,0.9981645648893702,0.9981645648893711,0.9149285420416612,-0.9149285591871739,-0.9149285358988538,0.9149285641921995,0.9149285301980312,0.9149285301980312,0.9974636536264779,-0.9959668173802314,-0.9984423255439617,-0.997685556777317,-0.9974636568225119,0.9999999999572541,0.9803863887201719,0.9959668293237758,0.9982592466424417,0.9993075310654723,0.9978973226788327,-0.9941151910759978,-0.9998268186576174,-0.9532672614879418,-0.9980989640587022,-0.9982277693503172,-0.9982592012492282,0.7228091742558821,-0.48024537437350334,-0.15286046134041478,-0.7228092798603208,-0.9981315535707104,-0.9981315535707104,0.7228093227980312,0.7228093227980306
0.9905239181688712,-0.9905236348924162,-0.9905241707236633,0.9905963383697268,0.9904503695176499,0.9905242540925087,0.9905242540925085,0.9765302179671121,-0.9765302291444727,-0.9765302185297998,0.9765302283913069,0.9765302145881045,0.9765302145881031,0.9919276618815988,-0.9941153070562022,-0.9898549418510432,-0.9915181293033459,-0.9919276598691987,0.9803863887201719,1.0000000000638833,0.9941153157889945,0.9903030908511226,0.9870400816764314,0.9910985260594924,-0.9532672209974249,-0.9838835360451279,-0.9941153461580634,-0.990668870174508,-0.9903768526288357,-0.9903030439305469,0.572437076022106,-0.6436961698918398,0.04490664690510344,-0.572437223745448,-0.9905962926884863,-0.9905962926884855,0.572437283763129,0.5724372837631285
0.9995729404464244,-0.9995726895168944,-0.9995731667945645,0.9995879400857097,0.9995569100102533,0.9995732409989072,0.9995732409989074,0.9474518852917144,-0.9474518907648338,-0.9474518893206167,0.9474518827859363,0.9474518868561674,0.9474518868561681,0.9998268834412141,-1.0000000654316643,-0.9994212116782752,-0.9997624141370276,-0.9998268843819668,0.9959668293237758,0.9941153157889945,1.0000000000543088,0.9995246004462431,0.9986153167038767,0.9996877881916663,-0.9803863665363646,-0.9974637263424856,-0.9765302828221198,-0.9996030208287573,-0.9995408785478833,-0.9995245541598645,0.6578916195882066,-0.5570069662289069,-0.0635761087310029,-0.6578917382793902,-0.999587892717403,-0.9995878927174024,0.6578917868069878,0.6578917868069879
0.9999988609840786,-0.9999986223993599,-0.9999990773180686,0.9999974916745646,0.9999992376915806,0.9999991480476641,0.9999991480476637,0.9371395784235287,-0.9371395515074514,-0.9371396077351372,0.937139506165471,0.9371396140926829,0.9371396140926824,0.9999250570871795,-0.9995245693706363,-0.9999946882372365,-0.9999589235590465,-0.9999250590264297,0.9982592466424417,0.9903030908511226,0.9995246004462431,0.999999999800154,0.999762224799845,0.9999826306943086,-0.9859959998501889,-0.9991836873697657,-0.9694261768679203,-0.9999962123240845,-0.99999962108797,-0.9999996926301955,0.680795915864815,-0.531139029893859,-0.09431175160115919,-0.6807960040174237,-0.9999974435887123,-0.9999974435887127,0.6807960411754455,0.6807960411754455
0.9997265952826949,-0.9997263618769903,-0.9997268073406381,0.9997136483090767,0.9997385656333052,0.9997268765837514,0.999726876583752,0.9293115359107971,-0.9293115319700282,-0.929311546830809,0.9293115129082207,0.9293115469093,0.9293115469093,0.9994211063983215,-0.9986152856259778,-0.9998267151577988,-0.9995244772528402,-0.9994211087850545,0.9993075310654723,0.9870400816764314,0.9986153167038767,0.999762224799845,0.9999999998578393,0.999617692807686,-0.9893965161608489,-0.9998267483321573,-0.9638478475836385,-0.9997007669004606,-0.9997505183979921,-0.9997621789521497,0.6965983855297245,-0.5125464478275689,-0.11598705561588685,-0.6965984842804495,-0.9997136002121972,-0.9997136002121969,0.6965985250984281,0.6965985250984277
0.9999911034956123,-0.9999908628043347,-0.9999913215454083,0.9999928393881703,0.9999883684732659,0.9999913928677056,0.9999913928677049,0.9391640868409021,-0.9391640621973628,-0.9391641144192758,0.9391640194943289,0.939164120157747,0.9391641201577472,0.999979462923285,-0.9996877572354196,-0.9999589270320913,-0.9999946985374623,-0.9999794647025857,0.9978973226788327,0.9910985260594924,0.9996877881916663,0.9999826306943086,0.999617692807686,0.9999999998118757,-0.9850039644209455,-0.998930415452689,-0.9708444975737527,-0.9999946670401821,-0.9999856227947739,-0.9999825844949375,0.6765011072457964,-0.5360844947247391,-0.0884886501691447,-0.6765011985393464,-0.9999927914082213,-0.999992791408221,0.6765012368896574,0.6765012368896576
-0.985729066355111,0.985728879704227,0.9857292399629948,-0.9856391400509791,-0.9858181640322238,-0.9857292958549682,-0.9857292958549683,-0.8658215195056135,0.8658215575249365,0.8658214956695632,-0.8658216055004927,-0.8658214841911536,-0.865821484191154,-0.9838834206946401,0.9803863343842126,0.986522981231742,0.9844486949307688,0.9838834264966422,-0.9941151910759978,-0.9532672209974249,-0.9803863665363646,-0.9859959998501889,-0.9893965161608489,-0.9850039644209455,0.9999999999766189,0.9919275421620458,0.9149285725006292,0.9855492386800807,0.9859072031172473,0.985995956030153,-0.7934153663032526,0.38240118082615776,0.25901568539240283,0.7934154443331081,0.9856390911731117,0.9856390911731127,-0.7934154831288489,-0.7934154831288479
-0.9991183857545632,0.9991181576901047,0.99911859342865,-0.9990955614800211,-0.9991402500397135,-0.9991186611480763,-0.999118661148076,-0.9222796735624708,0.9222796799146337,0.9222796761489619,-0.922279672594082,-0.9222796734075024,-0.9222796734075017,-0.9986152330127296,0.9974636951574707,0.999307483788672,0.9987778982525897,0.9986152358135102,-0.9998268186576174,-0.9838835360451279,-0.9974637263424856,-0.9991836873697657,-0.9998267483321573,-0.998930415452689,0.9919275421620458,0.9999999998986047,0.9587234985356643,0.9990727979001122,0.9991620917925944,0.9991836417481401,-0.7098266576933252,0.4964818339880013,0.13444704709362146,0.709826759459107,0.9990955132735753,0.9990955132735753,-0.709826801193856,-0.7098268011938562
-0.9698168918178637,0.9698165796990672,0.9698171674417809,-0.9699458804673752,-0.9696866908936512,-0.9698172589659034,-0.9698172589659025,-0.9941152359181411,0.9941152529866043,0.9941152327357702,-0.9941152791390504,-0.9941152272994457,-0.9941152272994453,-0.9723539156300254,0.9765302571553864,0.9686385426036735,0.9716041396895465,0.9723539106924626,-0.9532672614879418,-0.9941153461580634,-0.9765302828221198,-0.9694261768679203,-0.9638478475836385,-0.9708444975737527,0.9149285725006292,0.9587234985356643,1.0000000000653468,0.9700750099253039,0.9695565540061949,0.9694261298519956,-0.48024523796894303,0.7228093440784978,-0.1528608415008408,0.48024541104217827,0.969945836990715,0.9699458369907158,-0.48024548118455007,-0.4802454811845497
-0.9999995748808499,0.9999993357773969,0.9999997916483637,-0.9999996371102116,-0.9999985377820483,-0.9999998625273802,-0.999999862527381,-0.9380638368992523,0.938063806061222,0.9380638693400563,-0.9380637562279992,-0.9380638767674717,-0.938063876767472,-0.9999540300832132,0.9996029897426777,0.9999826639235804,0.999979418651282,0.9999540319696847,-0.9980989640587022,-0.990668870174508,-0.9996030208287573,-0.9999962123240845,-0.9997007669004606,-0.9999946670401821,0.9855492386800807,0.9990727979001122,0.9700750099253039,0.9999999998089998,0.9999974885695109,0.9999961467929908,-0.6788465347234153,0.533389314178056,0.09166517880203114,0.6788466209039584,0.9999995696939652,0.9999995696939665,-0.6788466573668362,-0.6788466573668361
-0.9999995898540135,0.9999993517479758,0.9999998058160866,-0.9999985040122998,-0.9999997039313976,-0.999999876416087,-0.9999998764160872,-0.9373250513564032,0.9373250172966644,0.9373250863215015,-0.9373249637518373,-0.9373250946265688,-0.9373250946265694,-0.9999314422257339,0.9995408473903167,0.999992855746049,0.9999636121981728,0.9999314441764919,-0.9982277693503172,-0.9903768526288357,-0.9995408785478833,-0.99999962108797,-0.9997505183979921,-0.9999856227947739,0.9859072031172473,0.9991620917925944,0.9695565540061949,0.9999974885695109,0.9999999998335408,0.9999995555492619,-0.6804063280218995,0.5315895249038313,0.09378234558447116,0.6804064114376648,0.9999984558407242,0.9999984558407244,-0.6804064468769407,-0.6804064468769407
-0.9999988145850184,0.9999985760808238,0.9999990308542973,-0.9999974454004517,-0.9999991914184917,-0.9999991015613389,-0.999999101561339,-0.9371395344945725,0.9371395063254635,0.9371395647969536,-0.9371394595431402,-0.9371395714964025,-0.9371395714964027,-0.9999250109014152,0.9995245230617504,0.9999946228511014,0.9999588773703417,0.9999250128535004,-0.9982592012492282,-0.9903030439305469,-0.9995245541598645,-0.9999996926301955,-0.9997621789521497,-0.9999825844949375,0.985995956030153,0.9991836417481401,0.9694261298519956,0.9999961467929908,0.9999995555492619,0.9999999997343749,-0.6807958918254836,0.5311389955295797,0.09431175868244117,0.6807959790347247,0.9999973973086873,0.9999973973086875,-0.6807960158518603,-0.6807960158518599
0.679626601041878,-0.6796266638050048,-0.6796265645633593,0.6792366466062861,0.6800165755325674,0.6796265485504907,0.6796265485504895,0.382400993129984,-0.3824010533317047,-0.3824009435843938,0.3824011094368167,0.38240092586478397,0.38240092586478325,0.6717896404927804,-0.657891588413299,-0.6831289496542943,-0.6741488056385536,-0.6717896606654682,0.7228091742558821,0.572437076022106,0.6578916195882066,0.680795915864815,0.6965983855297245,0.6765011072457964,-0.7934153663032526,-0.7098266576933252,-0.48024523796894303,-0.6788465347234153,-0.6804063280218995,-0.6807958918254836,1.0000000000370226,0.25901567193215924,-0.7934152937354927,-1.000000041028108,-0.6792366063387645,-0.6792366063387653,1.00000000670539,1.0000000067053876
-0.5324904882281023,0.5324901023322506,0.5324908149128483,-0.5329397625788196,-0.5320398866363428,-0.5324909265377726,-0.5324909265377742,-0.7934153712921529,0.7934153595820613,0.7934153933724274,-0.7934153617939985,-0.7934153967834146,-0.7934153967834147,-0.5414585516004676,0.5570069636682934,0.5284336536955737,0.538774250944279,0.541458528957752,-0.48024537437350334,-0.6436961698918398,-0.5570069662289069,-0.531139029893859,-0.5125464478275689,-0.5360844947247391,0.38240118082615776,0.4964818339880013,0.7228093440784978,0.533389314178056,0.5315895249038313,0.5311389955295797,0.25901567193215924,0.9999999999055684,-0.7934153055056626,-0.2590154354497239,0.5329397447502585,0.5329397447502583,0.25901533854938247,0.2590153385493807
-0.09272320434506753,0.09272348380456642,0.09272297802698565,-0.09219432798955225,-0.09325291919324825,-0.09272289841279457,-0.09272289841279281,0.25901601870370566,-0.25901597159836093,-0.2590160652238348,0.25901592336935664,0.2590160790480727,0.2590160790480738,-0.08213287674664455,0.06357609041604244,0.09748688579294672,0.0853112073343093,0.0821329041391596,-0.15286046134041478,0.04490664690510344,-0.0635761087310029,-0.09431175160115919,-0.11598705561588685,-0.0884886501691447,0.25901568539240283,0.13444704709362146,-0.1528608415008408,0.09166517880203114,0.09378234558447116,0.09431175868244117,-0.7934152937354927,-0.7934153055056626,0.9999999999908146,0.7934151075675113,0.09219431452732492,0.09219431452732557,-0.7934150374441428,-0.7934150374441392
-0.6796266733852016,0.6796267408169389,0.6796266334005635,-0.67923672667972,-0.6800166552242988,-0.679626616189684,-0.6796266161896828,-0.3824011871663734,0.3824012476090326,0.38240113744524534,-0.3824013042317365,-0.3824011196352722,-0.38240111963527174,-0.6717897445522826,0.6578917077145723,0.6831290463386882,0.6741489029087663,0.6717897639554152,-0.7228092798603208,-0.572437223745448,-0.6578917382793902,-0.6807960040174237,-0.6965984842804495,-0.6765011985393464,0.7934154443331081,0.709826759459107,0.48024541104217827,0.6788466209039584,0.6804064114376648,0.6807959790347247,-1.000000041028108,-0.2590154354497239,0.7934151075675113,1.000000000006234,0.6792366853514876,0.6792366853514885,-1.0000000189547376,-1.0000000189547351
-0.9999999747472917,0.9999997367632786,1.0000001906253733,-0.9999997563034221,-0.9999992218425814,-1.0000002611977332,-1.0000002611977332,-0.9378796102465058,0.9378795691266729,0.9378796508090216,-0.9378795074843799,-0.9378796610413097,-0.9378796610413094,-0.9999487856522251,0.9995878614899959,0.9999856107057217,0.9999758682689929,0.9999487875916583,-0.9981315535707104,-0.9905962926884863,-0.999587892717403,-0.9999974435887123,-0.9997136002121972,-0.9999927914082213,0.9856390911731117,0.9990955132735753,0.969945836990715,0.9999995696939652,0.9999984558407242,0.9999973973086873,-0.6792366063387645,0.5329397447502585,0.09219431452732492,0.6792366853514876,0.9999999997782595,0.999999688747895,-0.679236719200373,-0.6792367192003729
-0.999999974747292,0.9999997367632792,1.0000001906253742,-0.9999997563034237,-0.9999992218425813,-1.0000002611977332,-1.0000002611977334,-0.9378796102465055,0.9378795691266713,0.9378796508090212,-0.9378795074843791,-0.9378796610413095,-0.9378796610413094,-0.9999487856522251,0.9995878614899962,0.9999856107057222,0.9999758682689925,0.999948787591659,-0.9981315535707104,-0.9905962926884855,-0.9995878927174024,-0.9999974435887127,-0.9997136002121969,-0.999992791408221,0.9856390911731127,0.9990955132735753,0.9699458369907158,0.9999995696939665,0.9999984558407244,0.9999973973086875,-0.6792366063387653,0.5329397447502583,0.09219431452732557,0.6792366853514885,0.999999688747895,0.9999999997782595,-0.6792367192003734,-0.679236719200373
0.6796267047937903,-0.6796267739298704,-0.6796266635272078,0.6792367609132317,0.6800166893109811,0.6796266458792036,0.6796266458792025,0.38240126603302915,-0.3824013264546148,-0.3824012163331911,0.38240138313420935,0.3824011985207407,0.3824011985207399,0.6717897875963137,-0.6578917564594876,-0.6831290865713702,-0.6741489434594097,-0.6717898067233831,0.7228093227980312,0.572437283763129,0.6578917868069878,0.6807960411754455,0.6965985250984281,0.6765012368896574,-0.7934154831288489,-0.709826801193856,-0.48024548118455007,-0.6788466573668362,-0.6804064468769407,-0.6807960158518603,1.00000000670539,0.25901533854938247,-0.7934150374441428,-1.0000000189547376,-0.679236719200373,-0.6792367192003734,0.9999999999946596,0.9999999925173144
0.6796267047937907,-0.6796267739298697,-0.6796266635272078,0.6792367609132309,0.6800166893109811,0.6796266458792043,0.679626645879202,0.38240126603302965,-0.38240132645461555,-0.38240121633319224,0.38240138313420996,0.382401198520741,0.38240119852074067,0.671789787596313,-0.6578917564594873,-0.6831290865713693,-0.6741489434594097,-0.6717898067233831,0.7228093227980306,0.5724372837631285,0.6578917868069879,0.6807960411754455,0.6965985250984277,0.6765012368896576,-0.7934154831288479,-0.7098268011938562,-0.4802454811845497,-0.6788466573668361,-0.6804064468769407,-0.6807960158518599,1.0000000067053876,0.2590153385493807,-0.7934150374441392,-1.0000000189547351,-0.6792367192003729,-0.679236719200373,0.9999999925173144,0.9999999999946596
