1.0000000006947039,-0.9959509960735103,-0.995945179274188,0.8997891683935647,0.738217276344796,0.963429446521771,1.0000017137481532,-0.17932467173414254,-0.4525223224566549,0.4525985272611945,-0.4530576799153157,0.9000793116142034,-0.17872742966525695,-0.9355212017855358,-0.9959075245728485,0.7378373430057432,-0.934455191355829,0.9344930991580215,0.9344362243573874,-0.9346591255017414,-0.9343838031791607,-0.9344551913558288,0.9344930991580221,0.9344362243573885,-0.9346591255017406,0.9341853408213994,-0.9340095611227266,0.9338593385089096,-0.9337671743323951,0.93370461539088,-0.93383099592475,-0.9336733921296028,-0.9352142580260647,0.9348399474244627
-0.9959509960735103,1.0000000080922111,0.9838188330689005,-0.8568941291740972,-0.7959111980548748,-0.9354220773744588,-0.9959742053921496,0.26709943013394705,0.370469215393647,-0.37054790952307065,0.37102672183337204,-0.8572376525753033,0.26651440829105816,0.8999531818569295,1.000010515051551,-0.795570944323898,0.8986385409093456,-0.8986853152331278,-0.8986151003812619,0.8988897906841002,0.8985506720742006,0.8986385409093466,-0.898685315233128,-0.8986151003812625,0.8988897906841009,-0.8983061694882328,0.898089757798953,-0.8979049540976239,0.8977914507428101,-0.8977144854596546,0.8978699023164243,0.8976759895301085,0.8995742978594681,-0.8991127421196331
-0.995945179274188,0.9838188330689005,1.0000000017495991,-0.9353977530304726,-0.6745297435545986,-0.9836320685877192,-0.9959240618582976,0.09008185517585376,0.5309212939187407,-0.5309943913297737,0.5314301595375185,-0.9356327781095546,0.08947723161198604,0.9635125561782197,0.9837318284188512,-0.6741138260249203,0.9627038578264124,-0.962732590382739,-0.9626895188326077,0.9628588155507292,0.9626495316634086,0.9627038578264139,-0.9627325903827384,-0.9626895188326094,0.9628588155507298,-0.9624987257646518,0.9623650095408303,-0.9622505913475806,0.9621805169058575,-0.9621328737536136,0.9622291887981076,0.9621091774403815,0.9632800524567007,-0.9629960353592041
0.8997891683935647,-0.8568941291740972,-0.9353977530304726,0.9999999948573532,0.3699127349669779,0.9838010656938877,0.8996838562628044,0.26788956229916516,-0.7962570428822684,0.7963126632600479,-0.7966214331620456,0.9999922738227432,0.26847449396708895,-0.9959080589394138,-0.8566461201786597,0.36938890386690637,-0.9961757100175609,0.9961660704371866,0.9961807135905991,-0.9961257138340508,-0.9961928117022377,-0.996175710017561,0.9961660704371872,0.9961807135906006,-0.9961257138340506,0.9962414379706961,-0.9962837975133216,0.9963193032191637,-0.9963416835521695,0.9963564955000317,-0.9963268982358764,-0.9963642880205276,-0.9959862022591008,0.996080528970639
0.738217276344796,-0.7959111980548748,-0.6745297435545986,0.3699127349669779,1.000000005857967,0.5304574888308646,0.7383816690395048,-0.7960128876545023,0.2674835087644092,-0.26740627273869944,0.26690595677506856,0.37053134254094355,-0.7956461157927543,-0.4523134310541451,-0.7962023267512227,1.0000090792405745,-0.44962973444927506,0.4497253561801495,0.449581611557455,-0.4501412754173577,-0.44945128495792336,-0.44962973444927523,0.4497253561801499,0.44958161155745535,-0.45014127541735666,0.4489535132235307,-0.44851372916995924,0.44813896111888685,-0.44790811148365417,0.4477520024508175,-0.44806686795048345,-0.44767347000232893,-0.45153806871580326,0.4505961641510199
0.963429446521771,-0.9354220773744588,-0.9836320685877192,0.9838010656938877,0.5304574888308646,1.0000000010572636,0.9633650723760192,0.09085568567989946,-0.6749303708333311,0.6749954544542655,-0.6753737156953132,0.9839199461924658,0.09146028278892543,-0.9959711890654122,-0.9352512644953784,0.5299796915210033,-0.9956982532440045,0.9957079063003836,0.9956935342063004,-0.9957513278996817,-0.9956794286959262,-0.9956982532440053,0.9957079063003833,0.9956935342063012,-0.9957513278996818,0.9956277606156789,-0.9955815622662834,0.9955416539398811,-0.9955175361204687,0.9955009325383448,-0.9955346747796446,-0.9954928912386573,-0.9958934650857177,0.995797862506822
1.0000017137481532,-0.9959742053921496,-0.9959240618582976,0.8996838562628044,0.7383816690395048,0.9633650723760192,1.0000000017914574,-0.17956375736368654,-0.4523060607416146,0.45238227315551677,-0.4528414842422242,0.8999741452935291,-0.17896654131422182,-0.9354360880547664,-0.9959296052077645,0.738001836705406,-0.934369393994156,0.9344073261742842,0.9343504146979006,-0.934573458250638,-0.9342979604940818,-0.9343693939941562,0.9344073261742848,0.934350414697903,-0.9345734582506386,0.9340993715326193,-0.9339234800947348,0.9337731623746438,-0.9336809395165324,0.9336183409544186,-0.933744801347973,-0.9335870976958972,-0.9351289465061212,0.934754396014087
-0.17932467173414254,0.26709943013394705,0.09008185517585376,0.26788956229916516,-0.7960128876545023,0.09085568567989946,-0.17956375736368654,0.999999996615123,-0.7961372238898778,0.7960935833380496,-0.7957759169514728,0.2672477305060773,0.9999953444419734,-0.17977878388177812,0.2675626673289668,-0.7963556792873031,-0.18273615315682748,0.18263071319249088,0.18278931644411353,-0.18217311242080408,-0.18293234711232376,-0.182736153156828,0.1826307131924904,0.18278931644411406,-0.18217311242080567,0.18348021664729733,-0.18396387016184104,0.18437563677971422,-0.18462960874725343,0.18480114387382787,-0.18445534557915264,-0.1848876588859778,-0.1806341508860085,0.18167195465754304
-0.4525223224566549,0.370469215393647,0.5309212939187407,-0.7962570428822684,0.2674835087644092,-0.6749303708333311,-0.4523060607416146,-0.7961372238898778,0.9999999877181865,-0.9999889034908083,0.9999839911246655,-0.7958543418974143,-0.7965052739500541,0.7383682607675296,0.3700221982416252,0.2680273493678468,0.7403932664531857,-0.7403210074425135,-0.7404297897319055,0.7400083377886686,0.7405271957051525,0.740393266453187,-0.7403210074425136,-0.740429789731907,0.7400083377886689,-0.7409017381243309,0.7412320240212547,-0.7415128681825983,0.7416863910204624,-0.7418033991305069,0.7415676867238027,0.7418626152751612,0.7389548074207933,-0.7396652866693398
0.4525985272611945,-0.37054790952307065,-0.5309943913297737,0.7963126632600479,-0.26740627273869944,0.6749954544542655,0.45238227315551677,0.7960935833380496,-0.9999889034908083,0.9999999973488799,-0.9999907897636161,0.795909380545928,0.7964610530365489,-0.7384285646112542,-0.3701009039038234,-0.26795012932044854,-0.7404534016445103,0.740381148639899,0.7404899219052514,-0.7400685051581414,-0.7405873196609274,-0.7404534016445103,0.7403811486398993,0.7404899219052523,-0.740068505158143,0.7409618307674463,-0.7412920889810404,0.741572909533547,-0.741746417844433,0.7418634161209195,-0.7416277235565765,-0.7419226273291241,-0.7390150625819374,0.7397254826310454
-0.4530576799153157,0.37102672183337204,0.5314301595375185,-0.7966214331620456,0.26690595677506856,-0.6753737156953132,-0.4528414842422242,-0.7957759169514728,0.9999839911246655,-0.9999907897636161,0.999999989706856,-0.7962178045591823,-0.7961430123002567,0.738773606992897,0.37057981051344996,0.2674498880296343,0.7407972821483124,-0.7407250705274631,-0.7408337816039071,0.7404126072742223,0.7409311228077329,0.7407972821483128,-0.7407250705274633,-0.7408337816039087,0.7404126072742223,-0.7413054182640687,0.7416354858633126,-0.741916143896416,0.7420895521715845,-0.7422064827539995,0.7419709267655208,0.7422656599567644,0.7393597694833953,-0.7400697817121364
0.9000793116142034,-0.8572376525753033,-0.9356327781095546,0.9999922738227432,0.37053134254094355,0.9839199461924658,0.8999741452935291,0.2672477305060773,-0.7958543418974143,0.795909380545928,-0.7962178045591823,0.9999999944400731,0.26783277012073103,-0.995967079496802,-0.856988672903351,0.3700076512227967,-0.9962333583797685,0.9962237898981208,0.9962383261309653,-0.9961837421302175,-0.9962503276160157,-0.9962333583797698,0.9962237898981209,0.9962383261309666,-0.9961837421302169,0.9962985841839773,-0.9963406172541519,0.9963758449091616,-0.9963980538330615,0.996412749953429,-0.9963833862347354,-0.9964204841149217,-0.996045891095651,0.9961388953164996
-0.17872742966525695,0.26651440829105816,0.08947723161198604,0.26847449396708895,-0.7956461157927543,0.09146028278892543,-0.17896654131422182,0.9999953444419734,-0.7965052739500541,0.7964610530365489,-0.7961430123002567,0.26783277012073103,0.9999999970080391,-0.18037600728746728,0.26697772399020164,-0.7959879347857388,-0.18333304631716607,0.1832276180663544,0.18338620378860487,-0.1827700690605592,-0.1835292179521314,-0.1833330463171665,0.1832276180663544,0.18338620378860535,-0.18277006906056065,0.18407702570429949,-0.1845606243202891,0.18497234384791497,-0.1852262870737768,0.18539780259639502,-0.1850520439864235,-0.18548430792393414,-0.1812312796258706,0.18226896736881915
-0.9355212017855358,0.8999531818569295,0.9635125561782197,-0.9959080589394138,-0.4523134310541451,-0.9959711890654122,-0.9354360880547664,-0.17977878388177812,0.7383682607675296,-0.7384285646112542,0.738773606992897,-0.995967079496802,-0.18037600728746728,0.9999999981035403,0.8997427479585882,-0.45181066100366085,0.9999933827693496,-0.9999934248995809,-0.999993507794352,0.999995117212104,0.999992451973093,0.9999933827693503,-0.9999934248995809,-0.9999935077943535,0.999995117212104,-0.9999907410248242,0.9999886514694055,-0.9999863029522607,0.9999853454356461,-0.9999843883822918,0.9999865854194729,0.9999842344614797,0.9999975766616449,-0.9999959629615048
-0.9959075245728485,1.000010515051551,0.9837318284188512,-0.8566461201786597,-0.7962023267512227,-0.9352512644953784,-0.9959296052077645,0.2675626673289668,0.3700221982416252,-0.3701009039038234,0.37057981051344996,-0.856988672903351,0.26697772399020164,0.8997427479585882,1.0000000070689636,-0.7958610445199938,0.8984268076450751,-0.8984736283083853,-0.8984033437332188,0.8986783046711007,0.8983388526969447,0.8984268076450751,-0.8984736283083834,-0.8984033437332207,0.8986783046711012,-0.8980941095249596,0.8978774855249465,-0.897692501144112,0.8975788862841926,-0.8975018457302049,0.8976574142906141,0.8974633117940959,0.8993634879593421,-0.8989014762746668
0.7378373430057432,-0.795570944323898,-0.6741138260249203,0.36938890386690637,1.0000090792405745,0.5299796915210033,0.738001836705406,-0.7963556792873031,0.2680273493678468,-0.26795012932044854,0.2674498880296343,0.3700076512227967,-0.7959879347857388,-0.45181066100366085,-0.7958610445199938,1.0000000073175215,-0.44912619684431093,0.44922184598589443,0.44907806006528617,-0.4496378834960972,-0.44894769673726637,-0.44912619684431104,0.44922184598589504,0.4490780600652864,-0.44963788349609657,0.44844978325493134,-0.44800987433178835,0.44763500023055947,-0.4474040849612385,0.44724793174004007,-0.4475628861972799,-0.4471693768550007,-0.45103507603310977,0.45009290222002535
-0.934455191355829,0.8986385409093456,0.9627038578264124,-0.9961757100175609,-0.44962973444927506,-0.9956982532440045,-0.934369393994156,-0.18273615315682748,0.7403932664531857,-0.7404534016445103,0.7407972821483124,-0.9962333583797685,-0.18333304631716607,0.9999933827693496,0.8984268076450751,-0.44912619684431093,0.9999999989060337,-0.9999975632418175,-0.9999981308303765,0.9999984785301042,0.9999981352154519,0.9999984658694734,-0.9999981857198532,-0.9999987533084216,0.9999984785301044,-0.9999980996673409,0.9999974894580789,-0.9999964007224568,0.9999962199498795,-0.9999957876886894,0.9999969266472882,0.9999958982687318,0.9999962330882626,-0.9999977921223039
0.9344930991580215,-0.8986853152331278,-0.962732590382739,0.9961660704371866,0.4497253561801495,0.9957079063003836,0.9344073261742842,0.18263071319249088,-0.7403210074425135,0.740381148639899,-0.7407250705274631,0.9962237898981208,0.1832276180663544,-0.9999934248995809,-0.8984736283083853,0.44922184598589443,-0.9999975632418175,0.9999999985146845,0.9999984673691792,-0.9999976372790366,-0.9999972111944642,-0.9999981857198542,0.9999979170586121,0.9999984673691804,-0.9999982597570867,0.9999977384011798,-0.9999970754575208,0.9999959418144005,-0.9999957333531392,0.9999952823846542,-0.9999964590606123,-0.9999953835359876,-0.999996182031375,0.9999976279663706
0.9344362243573874,-0.8986151003812619,-0.9626895188326077,0.9961807135905991,0.449581611557455,0.9956935342063004,0.9343504146979006,0.18278931644411353,-0.7404297897319055,0.7404899219052514,-0.7408337816039071,0.9962383261309653,0.18338620378860487,-0.999993507794352,-0.8984033437332188,0.44907806006528617,-0.9999981308303765,0.9999984673691792,0.9999999993180513,-0.9999987350382632,-0.999998433435533,-0.99999875330842,0.9999984673691783,0.9999990436650914,-0.9999987350382636,0.9999984279849827,-0.9999978443511756,0.9999967782465679,-0.9999966114276977,0.9999961885940042,-0.9999973085450697,-0.9999963039256683,-0.9999964050754074,0.999998021106036
-0.9346591255017414,0.8988897906841002,0.9628588155507292,-0.9961257138340508,-0.4501412754173577,-0.9957513278996817,-0.934573458250638,-0.18217311242080408,0.7400083377886686,-0.7400685051581414,0.7404126072742223,-0.9961837421302175,-0.1827700690605592,0.999995117212104,0.8986783046711007,-0.4496378834960972,0.9999984785301042,-0.9999976372790366,-0.9999987350382632,0.9999999991579147,0.9999980335811296,0.9999984785301048,-0.999998259757086,-0.9999987350382646,0.9999988190970951,-0.9999976789598943,0.9999967870146225,-0.9999954583577069,0.9999951296572344,-0.9999945974511057,0.9999959379175485,0.9999946576581543,0.9999974696803292,-0.999997802003639
-0.9343838031791607,0.8985506720742006,0.9626495316634086,-0.9961928117022377,-0.44945128495792336,-0.9956794286959262,-0.9342979604940818,-0.18293234711232376,0.7405271957051525,-0.7405873196609274,0.7409311228077329,-0.9962503276160157,-0.1835292179521314,0.999992451973093,0.8983388526969447,-0.44894769673726637,0.9999981352154519,-0.9999972111944642,-0.999998433435533,0.9999980335811296,0.9999999984628728,0.999998135215452,-0.9999972111944659,-0.9999984334355355,0.9999980335811309,-0.9999972975900422,0.9999974080608363,-0.9999964029524637,0.9999962737416475,-0.9999958763173767,0.9999969450380898,0.9999960044553805,0.9999954758217776,-0.9999972454664824
-0.9344551913558288,0.8986385409093466,0.9627038578264139,-0.996175710017561,-0.44962973444927523,-0.9956982532440053,-0.9343693939941562,-0.182736153156828,0.740393266453187,-0.7404534016445103,0.7407972821483128,-0.9962333583797698,-0.1833330463171665,0.9999933827693503,0.8984268076450751,-0.44912619684431104,0.9999984658694734,-0.9999981857198542,-0.99999875330842,0.9999984785301048,0.999998135215452,0.9999999989060337,-0.999997563241813,-0.9999981308303779,0.999998478530105,-0.9999980996673421,0.9999974894580789,-0.9999964007224581,0.9999962199498802,-0.9999957876886896,0.9999969266472882,0.9999958982687318,0.9999962330882635,-0.9999977921223051
0.9344930991580221,-0.898685315233128,-0.9627325903827384,0.9961660704371872,0.4497253561801499,0.9957079063003833,0.9344073261742848,0.1826307131924904,-0.7403210074425136,0.7403811486398993,-0.7407250705274633,0.9962237898981209,0.1832276180663544,-0.9999934248995809,-0.8984736283083834,0.44922184598589504,-0.9999981857198532,0.9999979170586121,0.9999984673691783,-0.999998259757086,-0.9999972111944659,-0.999997563241813,0.9999999985146845,0.9999984673691806,-0.999997637279039,0.9999977384011809,-0.9999970754575211,0.9999959418144014,-0.9999957333531395,0.9999952823846545,-0.9999964590606126,-0.9999953835359883,-0.9999961820313761,0.9999976279663706
0.9344362243573885,-0.8986151003812625,-0.9626895188326094,0.9961807135906006,0.44958161155745535,0.9956935342063012,0.934350414697903,0.18278931644411406,-0.740429789731907,0.7404899219052523,-0.7408337816039087,0.9962383261309666,0.18338620378860535,-0.9999935077943535,-0.8984033437332207,0.4490780600652864,-0.9999987533084216,0.9999984673691804,0.9999990436650914,-0.9999987350382646,-0.9999984334355355,-0.9999981308303779,0.9999984673691806,0.9999999993180513,-0.9999987350382651,0.9999984279849843,-0.9999978443511769,0.9999967782465686,-0.9999966114277005,0.9999961885940056,-0.9999973085450717,-0.9999963039256694,-0.9999964050754093,0.9999980211060384
-0.9346591255017406,0.8988897906841009,0.9628588155507298,-0.9961257138340506,-0.45014127541735666,-0.9957513278996818,-0.9345734582506386,-0.18217311242080567,0.7400083377886689,-0.740068505158143,0.7404126072742223,-0.9961837421302169,-0.18277006906056065,0.999995117212104,0.8986783046711012,-0.44963788349609657,0.9999984785301044,-0.9999982597570867,-0.9999987350382636,0.9999988190970951,0.9999980335811309,0.999998478530105,-0.999997637279039,-0.9999987350382651,0.9999999991579147,-0.9999976789598947,0.999996787014623,-0.9999954583577075,0.9999951296572344,-0.9999945974511069,0.999995937917549,0.999994657658155,0.9999974696803307,-0.9999978020036413
0.9341853408213994,-0.8983061694882328,-0.9624987257646518,0.9962414379706961,0.4489535132235307,0.9956277606156789,0.9340993715326193,0.18348021664729733,-0.7409017381243309,0.7409618307674463,-0.7413054182640687,0.9962985841839773,0.18407702570429949,-0.9999907410248242,-0.8980941095249596,0.44844978325493134,-0.9999980996673409,0.9999977384011798,0.9999984279849827,-0.9999976789598943,-0.9999972975900422,-0.9999980996673421,0.9999977384011809,0.9999984279849843,-0.9999976789598947,0.9999999987921856,-0.9999974458751016,0.9999972967030175,-0.9999973114351725,0.999997011263506,-0.9999978839046284,-0.9999971884175403,-0.9999942493128995,0.999996606913265
-0.9340095611227266,0.898089757798953,0.9623650095408303,-0.9962837975133216,-0.44851372916995924,-0.9955815622662834,-0.9339234800947348,-0.18396387016184104,0.7412320240212547,-0.7412920889810404,0.7416354858633126,-0.9963406172541519,-0.1845606243202891,0.9999886514694055,0.8978774855249465,-0.44800987433178835,0.9999974894580789,-0.9999970754575208,-0.9999978443511756,0.9999967870146225,0.9999974080608363,0.9999974894580789,-0.9999970754575211,-0.9999978443511769,0.999996787014623,-0.9999974458751016,0.99999999862557,-0.9999968845714062,0.999997648880842,-0.9999974345817753,0.9999981340873828,0.9999976550160444,0.9999925875073574,-0.9999954642614063
0.9338593385089096,-0.8979049540976239,-0.9622505913475806,0.9963193032191637,0.44813896111888685,0.9955416539398811,0.9337731623746438,0.18437563677971422,-0.7415128681825983,0.741572909533547,-0.741916143896416,0.9963758449091616,0.18497234384791497,-0.9999863029522607,-0.897692501144112,0.44763500023055947,-0.9999964007224568,0.9999959418144005,0.9999967782465679,-0.9999954583577069,-0.9999964029524637,-0.9999964007224581,0.9999959418144014,0.9999967782465686,-0.9999954583577075,0.9999972967030175,-0.9999968845714062,0.9999999979442352,-0.9999967446742433,0.9999972259810183,-0.9999971555688681,-0.9999974832718905,-0.9999906032526459,0.9999939221076889
-0.9337671743323951,0.8977914507428101,0.9621805169058575,-0.9963416835521695,-0.44790811148365417,-0.9955175361204687,-0.9336809395165324,-0.18462960874725343,0.7416863910204624,-0.741746417844433,0.7420895521715845,-0.9963980538330615,-0.1852262870737768,0.9999853454356461,0.8975788862841926,-0.4474040849612385,0.9999962199498795,-0.9999957333531392,-0.9999966114276977,0.9999951296572344,0.9999962737416475,0.9999962199498802,-0.9999957333531395,-0.9999966114277005,0.9999951296572344,-0.9999973114351725,0.999997648880842,-0.9999967446742433,0.9999999983484612,-0.9999969653924786,0.9999980490302852,0.999997867886064,0.9999898703301553,-0.9999934617714872
0.93370461539088,-0.8977144854596546,-0.9621328737536136,0.9963564955000317,0.4477520024508175,0.9955009325383448,0.9336183409544186,0.18480114387382787,-0.7418033991305069,0.7418634161209195,-0.7422064827539995,0.996412749953429,0.18539780259639502,-0.9999843883822918,-0.8975018457302049,0.44724793174004007,-0.9999957876886894,0.9999952823846542,0.9999961885940042,-0.9999945974511057,-0.9999958763173767,-0.9999957876886896,0.9999952823846545,0.9999961885940056,-0.9999945974511069,0.999997011263506,-0.9999974345817753,0.9999972259810183,-0.9999969653924786,0.9999999982331531,-0.9999979219907102,-0.9999971951414524,-0.9999890650190721,0.9999928406281572
-0.93383099592475,0.8978699023164243,0.9622291887981076,-0.9963268982358764,-0.44806686795048345,-0.9955346747796446,-0.933744801347973,-0.18445534557915264,0.7415676867238027,-0.7416277235565765,0.7419709267655208,-0.9963833862347354,-0.1850520439864235,0.9999865854194729,0.8976574142906141,-0.4475628861972799,0.9999969266472882,-0.9999964590606123,-0.9999973085450697,0.9999959379175485,0.9999969450380898,0.9999969266472882,-0.9999964590606126,-0.9999973085450717,0.999995937917549,-0.9999978839046284,0.9999981340873828,-0.9999971555688681,0.9999980490302852,-0.9999979219907102,0.9999999988915548,0.9999981864042345,0.9999909561159901,-0.9999943604085814
-0.9336733921296028,0.8976759895301085,0.9621091774403815,-0.9963642880205276,-0.44767347000232893,-0.9954928912386573,-0.9335870976958972,-0.1848876588859778,0.7418626152751612,-0.7419226273291241,0.7422656599567644,-0.9964204841149217,-0.18548430792393414,0.9999842344614797,0.8974633117940959,-0.4471693768550007,0.9999958982687318,-0.9999953835359876,-0.9999963039256683,0.9999946576581543,0.9999960044553805,0.9999958982687318,-0.9999953835359883,-0.9999963039256694,0.999994657658155,-0.9999971884175403,0.9999976550160444,-0.9999974832718905,0.999997867886064,-0.9999971951414524,0.9999981864042345,0.9999999986599181,0.9999889875784381,-0.9999928560099631
-0.9352142580260647,0.8995742978594681,0.9632800524567007,-0.9959862022591008,-0.45153806871580326,-0.9958934650857177,-0.9351289465061212,-0.1806341508860085,0.7389548074207933,-0.7390150625819374,0.7393597694833953,-0.996045891095651,-0.1812312796258706,0.9999975766616449,0.8993634879593421,-0.45103507603310977,0.9999962330882626,-0.999996182031375,-0.9999964050754074,0.9999974696803292,0.9999954758217776,0.9999962330882635,-0.9999961820313761,-0.9999964050754093,0.9999974696803307,-0.9999942493128995,0.9999925875073574,-0.9999906032526459,0.9999898703301553,-0.9999890650190721,0.9999909561159901,0.9999889875784381,0.9999999989793704,-0.999997249929793
0.9348399474244627,-0.8991127421196331,-0.9629960353592041,0.996080528970639,0.4505961641510199,0.995797862506822,0.934754396014087,0.18167195465754304,-0.7396652866693398,0.7397254826310454,-0.7400697817121364,0.9961388953164996,0.18226896736881915,-0.9999959629615048,-0.8989014762746668,0.45009290222002535,-0.9999977921223039,0.9999976279663706,0.999998021106036,-0.999997802003639,-0.9999972454664824,-0.9999977921223051,0.9999976279663706,0.9999980211060384,-0.9999978020036413,0.999996606913265,-0.9999954642614063,0.9999939221076889,-0.9999934617714872,0.9999928406281572,-0.9999943604085814,-0.9999928560099631,-0.999997249929793,0.9999999987802829
