1.0000000049959894,-0.8090195039092584,-0.8090157667376136,0.3090210384975571,0.3090012745545787,-0.30894907400980803,0.308958162353118,-0.30894907400980925,-0.3089840500875703,0.8090117579185468,-1.0000067460275412,-0.30901426670719795,0.8090267068520617,-0.3090140655002903,0.3089969853154181
-0.8090195039092584,1.0000000029877538,0.3090115285352802,-0.8090176421566472,0.3090335892618407,-0.30909039916519987,0.3090805768541028,-0.3090903991651997,-0.30905219575259996,-1.0000030313561068,0.8090313963798712,0.8090148477611357,-0.30902702421840456,-0.309020725589514,0.3090372681629891
-0.8090157667376136,0.3090115285352802,1.000000002805236,0.3090195095538853,-0.8090091175363366,0.8089831803728331,-0.8089880632329718,0.808983180372835,0.8090015691421922,-0.3089973336905042,0.8090070061674182,-0.3090259573697949,-1.0000033222662361,0.80901866468899,-0.8090075710728736
0.3090210384975571,-0.8090176421566472,0.3090195095538853,0.9999999967178291,-0.809019521715643,0.809060956324499,-0.8090541518244363,0.8090609563244999,0.8090341179454907,0.809027016757579,-0.30903769017010146,-0.9999932084193985,-0.3090036624268366,0.8090132135174797,-0.8090228998194182
0.3090012745545787,0.3090335892618407,-0.8090091175363366,-0.809019521715643,0.9999999970861086,-1.0000034172919827,1.0000022295311382,-1.0000034172919845,-0.99999647993126,-0.30904709610507825,-0.3089845091307868,0.8090248973774524,0.8090006865086526,-0.9999958402467092,0.9999949707078494
-0.30894907400980803,-0.30909039916519987,0.8089831803728331,0.809060956324499,-1.0000034172919827,1.0000000078434408,-1.0000079765330026,1.0000108795770881,1.0000056548374219,0.30910390582060315,0.3089323081382365,-0.8090646169500114,-0.8089730337880657,1.000003298621816,-1.0000024300449708
0.308958162353118,0.3090805768541028,-0.8089880632329718,-0.8090541518244363,1.0000022295311382,-1.0000079765330026,1.000000006130135,-1.0000079765330068,-1.0000027521559471,-0.3090940835424613,-0.30894139655855546,0.8090578125009616,0.8089779167889015,-1.0000021109891508,1.0000012422468179
-0.30894907400980925,-0.3090903991651997,0.808983180372835,0.8090609563244999,-1.0000034172919845,1.0000108795770881,-1.0000079765330068,1.0000000078434408,1.0000056548374228,0.30910390582060326,0.3089323081382374,-0.8090646169500114,-0.8089730337880672,1.0000032986218172,-1.0000024300449715
-0.3089840500875703,-0.30905219575259996,0.8090015691421922,0.8090341179454907,-0.99999647993126,1.0000056548374219,-1.0000027521559471,1.0000056548374228,1.000000000311092,0.30906570253003274,0.30896728452131633,-0.8090377787676746,-0.8089914231074661,0.9999980765009958,-0.9999954925389123
0.8090117579185468,-1.0000030313561068,-0.3089973336905042,0.809027016757579,-0.30904709610507825,0.30910390582060315,-0.3090940835424613,0.30910390582060326,0.30906570253003274,1.0000000013831927,-0.8090202211001047,-0.8090207929589295,0.3090128294392056,0.3090342325009678,-0.3090507749720624
-1.0000067460275412,0.8090313963798712,0.8090070061674182,-0.30903769017010146,-0.3089845091307868,0.3089323081382365,-0.30894139655855546,0.3089323081382374,0.30896728452131633,-0.8090202211001047,1.0000000047311028,0.3090309184080493,-0.8090145170366273,0.3089973001522841,-0.3089802198840458
-0.30901426670719795,0.8090148477611357,-0.3090259573697949,-0.9999932084193985,0.8090248973774524,-0.8090646169500114,0.8090578125009616,-0.8090646169500114,-0.8090377787676746,-0.8090207929589295,0.3090309184080493,0.9999999959620598,0.3090101102818466,-0.8090151597731707,0.80902656071292
0.8090267068520617,-0.30902702421840456,-1.0000033222662361,-0.3090036624268366,0.8090006865086526,-0.8089730337880657,0.8089779167889015,-0.8089730337880672,-0.8089914231074661,0.3090128294392056,-0.8090145170366273,0.3090101102818466,1.0000000019852389,-0.8090068043535467,0.808997425259526
-0.3090140655002903,-0.309020725589514,0.80901866468899,0.8090132135174797,-0.9999958402467092,1.000003298621816,-1.0000021109891508,1.0000032986218172,0.9999980765009958,0.3090342325009678,0.3089973001522841,-0.8090151597731707,-0.8090068043535467,0.9999999969162084,-0.9999931379866429
0.3089969853154181,0.3090372681629891,-0.8090075710728736,-0.8090228998194182,0.9999949707078494,-1.0000024300449708,1.0000012422468179,-1.0000024300449715,-0.9999954925389123,-0.3090507749720624,-0.3089802198840458,0.80902656071292,0.808997425259526,-0.9999931379866429,0.9999999956623283
