1.0000000044254105,-0.8089989718288643,-0.8089940029797591,0.8089961965298953,0.3089439320135176,0.3090327702601731,0.8089402681568634,-0.30903417581364234,0.30880009059559993,-0.3088139048201795,-0.30879324854818735,0.3088404963868434,0.30880812496071197,-0.3087941657674134,0.30878723646650474,-0.30882327784115804,0.8088253824219512,-0.8088376378704524,-0.8088193118041732,0.8088606298922364,0.8088325958671535,-0.8088192538742819,0.8088125797270984,-0.8088468331943006,-0.8089968368622524,0.8089442643553284,-0.8089424822610913,-0.3088741411519205,0.3088453024072512,-0.8088878392473716,0.808865611366771
-0.8089989718288643,1.0000000062493737,0.30892977078200484,-1.0000137854545563,-0.8090035535208808,0.3090456272130474,-0.30884482534742125,-0.3090439379839721,-0.8089087125047186,0.8089172002379257,0.8089046977729449,-0.8089340874650495,-0.8089135503016204,0.8089048471479071,-0.8089006917228069,0.8089232719694931,-0.308662535124392,0.30868203412981504,0.3086526018580421,-0.3087181505193438,-0.3086740247982136,0.3086531240099114,-0.3086424233971391,0.3086959028702576,1.0000132715805894,-0.30884732880213367,0.3088460389259933,0.808955725014104,-0.8089373326223446,0.3087611263553562,-0.30872541966417444
-0.8089940029797591,0.30892977078200484,1.0000000012137722,-0.3089263332596294,0.3091374496101957,-0.8090570612721725,-1.0000057863827319,0.809055323035903,0.3092776640753516,-0.3092638006896506,-0.3092847196298383,0.3092376633337019,0.3092695024417464,-0.3092833849630158,0.30929044099832426,-0.3092547070751263,-0.9999998709499696,1.0000002009803661,0.9999999820956277,-1.0000012851572597,-1.0000000524658077,0.9999993662138561,-0.9999992682088703,1.000001210064702,0.30892556001432064,-1.00000742553022,1.0000058320165162,-0.30920486437651107,0.3092331324536748,1.0000023334366317,-1.00000207592525
0.8089961965298953,-1.0000137854545563,-0.3089263332596294,1.000000010111879,0.8090060606601099,-0.30905073676553885,0.30884138746220097,0.3090490475331543,0.8089135430837439,-0.8089220307862703,-0.8089095283690482,0.8089389179599662,0.8089183808618152,-0.8089096777379533,0.8089055223293257,-0.8089281025002245,0.3086590964909935,-0.3086785955770375,-0.30864916318203267,0.3087147121128317,0.308670586212483,-0.3086496853392922,0.30863898468163165,-0.3086924643706514,-1.0000183007481172,0.30884389090949893,-0.3088426010353549,-0.8089605554437161,0.8089421631093939,-0.3087576881244508,0.30872198128438705
0.3089439320135176,-0.8090035535208808,0.3091374496101957,0.8090060606601099,1.0000000001062277,-0.8090549916922742,-0.309223477936613,0.8090513409379231,0.9999942965276092,-0.9999942154532449,-0.9999946427335313,0.9999949473967851,0.9999940897200369,-0.9999939672168782,0.9999941730373479,-0.9999946664814753,-0.30940353416479965,0.30938424061052455,0.30941353537074084,-0.30934879702616774,-0.30939215754664645,0.30941263261732466,-0.3094232718474416,0.30937099657845996,-0.8090083477085797,-0.3092234235487623,0.3092237284672966,-0.9999986353093705,0.9999953920302619,0.3093064723293054,-0.30934201716079535
0.3090327702601731,0.3090456272130474,-0.8090570612721725,-0.30905073676553885,-0.8090549916922742,0.999999998590938,0.8091089932145162,-0.9999998898766054,-0.8091357050940622,0.8091270873407526,0.8091402794225161,-0.8091113866546444,-0.8091305333514078,0.8091390371188786,-0.80914352498571,0.8091217461741997,0.8092180486211292,-0.809206329090201,-0.8092242980937431,0.8091850948440895,0.8092111300047461,-0.8092233595705567,0.8092298740883533,-0.8091987678462133,0.30905262804069394,0.8091114083303456,-0.8091106119713012,0.809091960139945,-0.8091088613311356,-0.8091595858590408,0.809181393559729
0.8089402681568634,-0.30884482534742125,-1.0000057863827319,0.30884138746220097,-0.309223477936613,0.8091089932145162,1.0000000037353975,-0.8091095779968963,-0.3093636879961624,0.30934982498355695,0.3093707433897606,-0.30932368841512925,-0.3093555265671127,0.30936940869548635,-0.3093764645566065,0.3093407316617798,1.0000016587086908,-1.0000019869058825,-1.0000017707966375,1.000003067701115,1.0000018391440209,-1.0000011548467411,1.0000010578500866,-1.000002994709804,-0.30884061402128277,1.000009196050032,-1.0000099257699173,0.3092908904881157,-0.30931915770178514,-1.0000064351104383,1.000003857806151
-0.30903417581364234,-0.3090439379839721,0.809055323035903,0.3090490475331543,0.8090513409379231,-0.9999998898766054,-0.8091095779968963,0.999999997935804,0.8091343776650802,-0.809125759896624,-0.8091389520007659,0.8091100591805139,0.8091292059137705,-0.8091377096967332,0.8091421975710265,-0.8091204187193278,-0.8092186330945385,0.8092069135970095,0.8092248825498872,-0.8091856794118619,-0.8092117144979523,0.8092239440279405,-0.8092304585271398,0.8091993523762044,-0.3090509388059842,-0.8091119931171804,0.8091111967560458,-0.8090906326274232,0.8091075338513241,0.8091601704998076,-0.8091819781397273
0.30880009059559993,-0.8089087125047186,0.3092776640753516,0.8089135430837439,0.9999942965276092,-0.8091357050940622,-0.3093636879961624,0.8091343776650802,0.9999999917686083,-0.9999907064766468,-0.9999911370154339,0.9999891111126302,0.9999882584847106,-0.999988138167173,0.9999883450825936,-0.9999888328890901,-0.3095437338495406,0.3095244413984728,0.3095537345281142,-0.3094889999160836,-0.3095323578798164,0.30955283172677167,-0.30956347036181514,0.3095111982470177,-0.8089158301282237,-0.30936363423752505,0.30936393888781255,-0.9999904706382042,0.9999895550092438,0.30944667769019346,-0.30948222054472263
-0.3088139048201795,0.8089172002379257,-0.3092638006896506,-0.8089220307862703,-0.9999942154532449,0.8091270873407526,0.30934982498355695,-0.809125759896624,-0.9999907064766468,0.9999999916499357,0.9999887305028635,-0.9999913516424728,-0.9999904985234997,0.9999880548324421,-0.9999882616413558,0.9999887499961435,0.3095298717318494,-0.30951057918567665,-0.30953987245538056,0.30947513752125494,0.30951849570624623,-0.30953896965931693,0.30954960834551853,-0.3094973359568993,0.8089243178296552,0.30934977116305795,-0.309350075839478,0.9999903885148673,-0.9999894724496244,-0.30943281508183307,0.30946835810608114
-0.30879324854818735,0.8089046977729449,-0.3092847196298383,-0.8089095283690482,-0.9999946427335313,0.8091402794225161,0.3093707433897606,-0.8091389520007659,-0.9999911370154339,0.9999887305028635,0.9999999922643704,-0.999989458097725,-0.9999886057158691,0.9999884855047384,-0.9999886924734686,0.9999891800053239,0.3095507888481252,-0.3095314964390019,-0.3095607895071537,0.30949605503736527,0.3095394129030301,-0.30955988670284884,0.3095705253154171,-0.3095182533224255,0.80891181541473,0.3093706896626025,-0.30937099429970916,0.9999908173690872,-0.9999899019585322,-0.3094537329059362,0.30948927568599677
0.3088404963868434,-0.8089340874650495,0.3092376633337019,0.8089389179599662,0.9999949473967851,-0.8091113866546444,-0.30932368841512925,0.8091100591805139,0.9999891111126302,-0.9999913516424728,-0.999989458097725,0.9999999926899154,0.999988903395305,-0.9999887824593622,0.9999889890647561,-0.9999894784663027,-0.3095037370252262,0.3094844442811272,0.3095137378431162,-0.30944900223917154,-0.30949236088329446,0.3095128350562268,-0.3095234738491205,0.30947120089364427,-0.8089412050031762,-0.3093236344782011,0.3093239392041775,-0.9999934416156541,0.9999902015561322,0.3094066793561324,-0.3094422227347428
0.30880812496071197,-0.8089135503016204,0.3092695024417464,0.8089183808618152,0.9999940897200369,-0.8091305333514078,-0.3093555265671127,0.8091292059137705,0.9999882584847106,-0.9999904985234997,-0.9999886057158691,0.999988903395305,0.9999999914716532,-0.9999902531995138,0.9999881368916627,-0.999990948179716,-0.30953557291580563,0.3095162804121159,0.30954557361911134,-0.30948083882877175,-0.3095241969151695,0.3095446708210124,-0.30955530948432075,0.3095030372174823,-0.8089206679052916,-0.3093554727721065,0.3093557774376981,-0.9999902632176695,0.9999893473337181,0.3094385164845886,-0.30947405943282624
-0.3087941657674134,0.8089048471479071,-0.3092833849630158,-0.8089096777379533,-0.9999939672168782,0.8091390371188786,0.30936940869548635,-0.8091377096967332,-0.999988138167173,0.9999880548324421,0.9999884855047384,-0.9999887824593622,-0.9999902531995138,0.9999999912998866,-0.9999903399318396,0.9999885043461927,0.30954945410721546,-0.3095301617031346,-0.3095594547632528,0.3094947203101268,0.3095380781651141,-0.3095585519600339,0.3095691905697055,-0.30951691858897584,0.8089119647820646,0.3093693549626816,-0.30936965960193746,0.9999901417705704,-0.9999892263257225,-0.30945239818937825,0.30948794095963295
0.30878723646650474,-0.8089006917228069,0.30929044099832426,0.8089055223293257,0.9999941730373479,-0.80914352498571,-0.3093764645566065,0.8091421975710265,0.9999883450825936,-0.9999882616413558,-0.9999886924734686,0.9999889890647561,0.9999881368916627,-0.9999903399318396,0.9999999915953385,-0.999988711083612,-0.3095565095451921,0.3095372171860657,0.3095665101801361,-0.3095017758793637,-0.30954513362949465,0.30956560737406796,-0.30957624595960637,0.3095239741088885,-0.8089078093743182,-0.30937641085545753,0.30937671548141704,-0.9999903481199205,0.9999894328950181,0.3094594538596983,-0.3094949965499515
-0.30882327784115804,0.8089232719694931,-0.3092547070751263,-0.8089281025002245,-0.9999946664814753,0.8091217461741997,0.3093407316617798,-0.8091204187193278,-0.9999888328890901,0.9999887499961435,0.9999891800053239,-0.9999894784663027,-0.999990948179716,0.9999885043461927,-0.999988711083612,0.999999992291925,0.30952077909650855,-0.3095014864773467,-0.309530779855005,0.30946604467398237,0.3095094030279971,-0.3095298770619432,0.3095405157875402,-0.3094882431905084,0.8089303895439185,0.30934067780095326,-0.30934098249462827,0.9999908388400058,-0.9999922456433556,-0.30942372207112895,0.30945926522629474
0.8088253824219512,-0.308662535124392,-0.9999998709499696,0.3086590964909935,-0.30940353416479965,0.8092180486211292,1.0000016587086908,-0.8092186330945385,-0.3095437338495406,0.3095298717318494,0.3095507888481252,-0.3095037370252262,-0.30953557291580563,0.30954945410721546,-0.3095565095451921,0.30952077909650855,0.9999999986581503,-1.000000767331874,-1.0000005570993304,0.9999995177958666,0.999998298003999,-0.9999976178497747,0.9999975229876407,-0.9999994492548284,-0.30865832263990534,1.0000056206375731,-1.000004027361348,0.3094709415247291,-0.30949920669813563,-1.0000005535000873,1.000000306490916
-0.8088376378704524,0.30868203412981504,1.0000002009803661,-0.3086785955770375,0.30938424061052455,-0.809206329090201,-1.0000019869058825,0.8092069135970095,0.3095244413984728,-0.30951057918567665,-0.3095314964390019,0.3094844442811272,0.3095162804121159,-0.3095301617031346,0.3095372171860657,-0.3095014864773467,-1.000000767331874,0.9999999991213719,0.9999985580389403,-1.000002166453281,-1.000000945723505,0.999997941965142,-0.9999978468747749,0.9999997742750828,0.3086778217700852,-1.0000059488628565,1.00000435556907,-0.3094516485225803,0.3094799139129205,1.0000008799106221,-1.0000006321381871
-0.8088193118041732,0.3086526018580421,0.9999999820956277,-0.30864916318203267,0.30941353537074084,-0.8092242980937431,-1.0000017707966375,0.8092248825498872,0.3095537345281142,-0.30953987245538056,-0.3095607895071537,0.3095137378431162,0.30954557361911134,-0.3095594547632528,0.3095665101801361,-0.309530779855005,-1.0000005570993304,0.9999985580389403,0.9999999988210665,-0.9999996312701498,-0.9999984119596513,0.9999977320327024,-0.9999976372876277,0.9999995629735969,0.30864838930789584,-1.0000057327122485,1.0000041394446235,-0.3094809424659869,0.30950920753589817,1.0000006665052759,-1.0000004198879244
0.8088606298922364,-0.3087181505193438,-1.0000012851572597,0.3087147121128317,-0.30934879702616774,0.8091850948440895,1.000003067701115,-0.8091856794118619,-0.3094889999160836,0.30947513752125494,0.30949605503736527,-0.30944900223917154,-0.30948083882877175,0.3094947203101268,-0.3095017758793637,0.30946604467398237,0.9999995177958666,-1.000002166453281,-0.9999996312701498,1.0000000006559668,0.9999996966396596,-0.9999990152236181,0.9999989197114849,-1.0000008492048478,-0.30871393838640265,1.0000070297120338,-1.0000054363851625,0.3094162059890081,-0.30944447179301177,-1.0000042805685052,1.000001708225766
0.8088325958671535,-0.3086740247982136,-1.0000000524658077,0.308670586212483,-0.30939215754664645,0.8092111300047461,1.0000018391440209,-0.8092117144979523,-0.3095323578798164,0.30951849570624623,0.3095394129030301,-0.30949236088329446,-0.3095241969151695,0.3095380781651141,-0.30954513362949465,0.3095094030279971,0.999998298003999,-1.000000945723505,-0.9999984119596513,0.9999996966396596,0.9999999989125404,-1.000000119040767,0.9999977008831853,-1.000001950979031,-0.3086698123874855,1.0000058010893758,-1.0000042078028146,0.309459565231118,-0.3094878305320215,-1.0000007328825358,1.000000485423609
-0.8088192538742819,0.3086531240099114,0.9999993662138561,-0.3086496853392922,0.30941263261732466,-0.8092233595705567,-1.0000011548467411,0.8092239440279405,0.30955283172677167,-0.30953896965931693,-0.30955988670284884,0.3095128350562268,0.3095446708210124,-0.3095585519600339,0.30956560737406796,-0.3095298770619432,-0.9999976178497747,0.999997941965142,0.9999977320327024,-0.9999990152236181,-1.000000119040767,0.9999999979416546,-0.9999993443451585,0.9999989469098547,0.30864891146747214,-1.000005116760825,1.0000035234935267,-0.30948003969029453,0.30950830475031543,1.0000000504911941,-0.9999998038464045
0.8088125797270984,-0.3086424233971391,-0.9999992682088703,0.30863898468163165,-0.3094232718474416,0.8092298740883533,1.0000010578500866,-0.8092304585271398,-0.30956347036181514,0.30954960834551853,0.3095705253154171,-0.3095234738491205,-0.30955530948432075,0.3095691905697055,-0.30957624595960637,0.3095405157875402,0.9999975229876407,-0.9999978468747749,-0.9999976372876277,0.9999989197114849,0.9999977008831853,-0.9999993443451585,0.9999999978064928,-0.9999988516594499,-0.3086382107853063,1.0000050197491077,-1.000003426491361,0.309490678622396,-0.30951894356546117,-0.9999999544766754,0.9999997082513766
-0.8088468331943006,0.3086959028702576,1.000001210064702,-0.3086924643706514,0.30937099657845996,-0.8091987678462133,-1.000002994709804,0.8091993523762044,0.3095111982470177,-0.3094973359568993,-0.3095182533224255,0.30947120089364427,0.3095030372174823,-0.30951691858897584,0.3095239741088885,-0.3094882431905084,-0.9999994492548284,0.9999997742750828,0.9999995629735969,-1.0000008492048478,-1.000001950979031,0.9999989469098547,-0.9999988516594499,1.0000000005565866,0.3086916905935878,-1.0000069566895964,1.000005363382358,-0.30943840492914226,0.3094666704932137,1.0000018864636964,-1.0000039613178586
-0.8089968368622524,1.0000132715805894,0.30892556001432064,-1.0000183007481172,-0.8090083477085797,0.30905262804069394,-0.30884061402128277,-0.3090509388059842,-0.8089158301282237,0.8089243178296552,0.80891181541473,-0.8089412050031762,-0.8089206679052916,0.8089119647820646,-0.8089078093743182,0.8089303895439185,-0.30865832263990534,0.3086778217700852,0.30864838930789584,-0.30871393838640265,-0.3086698123874855,0.30864891146747214,-0.3086382107853063,0.3086916905935878,1.0000000126944661,-0.30884311746836207,0.3088418275937506,0.8089628424878533,-0.8089444501532511,0.30875691449451026,-0.3087212075732811
0.8089442643553284,-0.30884732880213367,-1.00000742553022,0.30884389090949893,-0.3092234235487623,0.8091114083303456,1.000009196050032,-0.8091119931171804,-0.30936363423752505,0.30934977116305795,0.3093706896626025,-0.3093236344782011,-0.3093554727721065,0.3093693549626816,-0.30937641085545753,0.30934067780095326,1.0000056206375731,-1.0000059488628565,-1.0000057327122485,1.0000070297120338,1.0000058010893758,-1.000005116760825,1.0000050197491077,-1.0000069566895964,-0.30884311746836207,1.0000000093910297,-1.0000138879742513,0.3092908364038918,-0.3093191037444496,-1.0000080740237494,1.00000781982994
-0.8089424822610913,0.3088460389259933,1.0000058320165162,-0.3088426010353549,0.3092237284672966,-0.8091106119713012,-1.0000099257699173,0.8091111967560458,0.30936393888781255,-0.309350075839478,-0.30937099429970916,0.3093239392041775,0.3093557774376981,-0.30936965960193746,0.30937671548141704,-0.30934098249462827,-1.000004027361348,1.00000435556907,1.0000041394446235,-1.0000054363851625,-1.0000042078028146,1.0000035234935267,-1.000003426491361,1.000005363382358,0.3088418275937506,-1.0000138879742513,1.000000007116551,-0.3092911411926429,0.3093194084792114,1.0000064806577267,-1.00000622649566
-0.3088741411519205,0.808955725014104,-0.30920486437651107,-0.8089605554437161,-0.9999986353093705,0.809091960139945,0.3092908904881157,-0.8090906326274232,-0.9999904706382042,0.9999903885148673,0.9999908173690872,-0.9999934416156541,-0.9999902632176695,0.9999901417705704,-0.9999903481199205,0.9999908388400058,0.3094709415247291,-0.3094516485225803,-0.3094809424659869,0.3094162059890081,0.309459565231118,-0.30948003969029453,0.309490678622396,-0.30943840492914226,0.8089628424878533,0.3092908364038918,-0.3092911411926429,0.9999999946334782,-0.9999938858927759,-0.3093738825280309,0.30940942636903196
0.3088453024072512,-0.8089373326223446,0.3092331324536748,0.8089421631093939,0.9999953920302619,-0.8091088613311356,-0.30931915770178514,0.8091075338513241,0.9999895550092438,-0.9999894724496244,-0.9999899019585322,0.9999902015561322,0.9999893473337181,-0.9999892263257225,0.9999894328950181,-0.9999922456433556,-0.30949920669813563,0.3094799139129205,0.30950920753589817,-0.30944447179301177,-0.3094878305320215,0.30950830475031543,-0.30951894356546117,0.3094666704932137,-0.8089444501532511,-0.3093191037444496,0.3093194084792114,-0.9999938858927759,0.9999999933238463,0.3094021488181242,-0.3094376922706726
-0.8088878392473716,0.3087611263553562,1.0000023334366317,-0.3087576881244508,0.3093064723293054,-0.8091595858590408,-1.0000064351104383,0.8091601704998076,0.30944667769019346,-0.30943281508183307,-0.3094537329059362,0.3094066793561324,0.3094385164845886,-0.30945239818937825,0.3094594538596983,-0.30942372207112895,-1.0000005535000873,1.0000008799106221,1.0000006665052759,-1.0000042805685052,-1.0000007328825358,1.0000000504911941,-0.9999999544766754,1.0000018864636964,0.30875691449451026,-1.0000080740237494,1.0000064806577267,-0.3093738825280309,0.3094021488181242,1.0000000021394768,-1.0000050700252303
0.808865611366771,-0.30872541966417444,-1.00000207592525,0.30872198128438705,-0.30934201716079535,0.809181393559729,1.000003857806151,-0.8091819781397273,-0.30948222054472263,0.30946835810608114,0.30948927568599677,-0.3094422227347428,-0.30947405943282624,0.30948794095963295,-0.3094949965499515,0.30945926522629474,1.000000306490916,-1.0000006321381871,-1.0000004198879244,1.000001708225766,1.000000485423609,-0.9999998038464045,0.9999997082513766,-1.0000039613178586,-0.3087212075732811,1.00000781982994,-1.00000622649566,0.30940942636903196,-0.3094376922706726,-1.0000050700252303,1.0000000017823998
