1.000000000857251,-1.0000011320972233,-1.000001257198328,1.0000011124772947,1.0000010212039028,-1.0000012043689421,1.0000010360405658,-1.0000010924673257,-1.0000010844849587,-1.0000010844849594,-1.0000011238336,1.0000010400491945,1.0000009558617067,-1.0000007355553702,-1.0000008707820056,-1.0000010398133738,1.0000007577210264,1.0000005813366588,1.0000008493265025,1.0000007278087832,-1.000000817147202,1.0000008782732943,-1.0000011312998793,1.0000009909570995,1.0000009789996784,-1.0000009262354825,-1.0000007857879945,-1.0000010241276163,-1.0000010241276178,1.0000009288374248,1.0000005554956453,-1.000000681977367,-1.0000002631478875,1.0000006483975077,1.0000001725053884,1.000000277822448,-1.000000246402058,-1.000000460270507,1.000000416094383,-1.000000504413288,1.0000005856470549,1.0000006967314583,1.0000004725063067,-1.0000010096405407,1.0000009721550656,1.000000909084932,-1.0000009701433021,-1.0000009047705187,-1.000000885739537,-1.0000009585534955,-1.0000006045872594,-1.0000006045872578,-1.0000005720872587,1.0000011184177207,1.0000011184177213,-1.000001108774068,-1.000001108774069,1.0000010991471955,-1.0000004844296408,-1.000000484429642,1.0000003987790924,1.0000003987790926,-1.0000003561562048,-1.0000007618301017,1.00000080162391
-1.0000011320972233,1.0000000007166558,1.0000011344354265,-1.0000010372302177,-1.000000945953992,1.000001105369799,-1.0000009370455683,1.0000009934634155,1.000000985490143,1.0000009854901437,1.0000010248303912,-1.0000009410446358,-1.0000008568610355,1.0000006365483052,1.0000007717794448,1.00000094081548,-1.0000006587101007,-1.0000004823297186,-1.0000007503181434,-1.0000006288018866,1.0000007181419355,-1.0000007792688521,1.0000010322999429,-1.000000891954355,-1.0000008800023472,1.0000008272310157,1.0000006867824296,1.0000009251299173,1.0000009251299184,-1.000000829830038,-1.0000004564891383,1.0000005829698142,1.0000001641440788,-1.0000005493894522,-1.000000073498733,-1.0000001788232387,1.0000001473999018,1.000000361277844,-1.000000317114424,1.0000004054356524,-1.0000004866615069,-1.0000005977625925,-1.0000003735119758,1.0000009106896246,-1.0000008732091803,-1.0000008101272078,1.000000871199296,1.000000805807076,1.0000007867782803,1.0000008595460088,1.0000005055779573,1.0000005055779575,1.0000004730756011,-1.0000010194202178,-1.0000010194202171,1.0000010097768077,1.000001009776808,-1.0000010001500008,1.0000003854338932,1.0000003854338935,-1.000000299782706,-1.0000002997827062,1.000000257159647,1.0000006628631268,-1.0000007026594975
-1.000001257198328,1.0000011344354265,1.0000000008943057,-1.0000011623300846,-1.0000010472978373,1.000001230473949,-1.0000010621528723,1.0000011185611488,1.0000011105999633,1.0000011105999644,1.0000011499320705,-1.000001066141707,-1.0000009819665543,1.0000007616415127,1.0000008968874126,1.0000010659239824,-1.0000007838051894,-1.0000006074215584,-1.0000008754115057,-1.0000007539032507,1.0000008432409202,-1.0000009043660103,1.0000011573959993,-1.0000010170484026,-1.0000010051000419,1.0000009523269662,1.0000008118744101,1.0000010502296321,1.0000010502296328,-1.0000009549282871,-1.0000005815876083,1.0000007080634494,1.0000002892485123,-1.0000006744814562,-1.000000198603059,-1.000000303937647,1.0000002725145494,1.00000048640548,-1.000000442285025,1.000000530603928,-1.000000611809521,-1.0000007229504553,-1.0000004986350806,1.0000010359095772,-1.0000009984371012,-1.0000009353361963,1.0000009964322523,1.0000009310066529,1.0000009119854112,1.0000009846458005,1.0000006306714673,1.0000006306714673,1.000000598168744,-1.0000011445308603,-1.0000011445308596,1.0000011348886753,1.000001134888675,-1.0000011252622862,1.000000510556013,1.000000510556013,-1.000000424904164,-1.0000004249041634,1.0000003822808838,1.000000788059415,-1.000000827862265
1.0000011124772947,-1.0000010372302177,-1.0000011623300846,1.0000000007225376,1.0000009263353618,-1.0000011332929997,1.0000009412316415,-1.00000102135753,-1.0000009896830797,-1.00000098968308,-1.0000010289804133,1.0000009451793876,1.0000008610273756,-1.0000006406664792,-1.000000775946653,-1.00000094499698,1.0000006628224414,1.0000004864445116,1.0000007544338176,1.000000632940083,-1.0000007222787934,1.0000007834035516,-1.0000010364446117,1.0000008960863374,1.0000008841579064,-1.0000008313627713,-1.0000006909017012,-1.0000009292895609,-1.000000929289561,1.0000008339594908,1.0000004606236739,-1.0000005870886313,-1.0000001683013238,1.000000553502293,1.0000000776480011,1.0000001830184793,-1.0000001515877905,-1.000000365524458,1.0000003215047397,-1.0000004098264483,1.000000490979462,1.000000602226962,1.0000003777420317,-1.0000009152838987,1.0000008778370728,1.0000008146753152,-1.0000008758449044,-1.0000008103159606,-1.0000007913120943,-1.0000008636790152,-1.0000005096904374,-1.0000005096904367,-1.0000004771813689,1.000001023608244,1.0000010236082435,-1.0000010139685394,-1.0000010139685405,1.0000010043429404,-1.0000003896573209,-1.0000003896573209,1.0000003040024192,1.00000030400242,-1.000000261378221,-1.0000006673539745,1.000000707173665
1.0000010212039028,-1.000000945953992,-1.0000010472978373,1.0000009263353618,1.0000000005929162,-1.0000010182282029,1.0000008499011128,-1.0000009063262092,-1.00000089834518,-1.0000008983451798,-1.0000009376912484,1.000000853907965,1.0000007697189814,-1.000000549414498,-1.0000006846379845,-1.0000008536707194,1.0000005715780638,1.0000003951971594,1.0000006631848044,1.00000054166604,-1.0000006547615743,1.0000006921324447,-1.0000009451632106,1.000000804819131,1.0000007928641268,-1.0000007400955528,-1.000000599649097,-1.0000008379917062,-1.0000008379917078,1.0000007426955306,1.0000003693518076,-1.0000004958355717,-1.000000077002129,1.0000004622568281,0.9999999863588921,1.0000000916739247,-1.0000000602524952,-1.0000002741187184,1.0000002299277935,-1.000000318248391,1.0000003994886042,1.0000005105611602,1.0000002863565631,-1.0000008234649163,1.0000007859788098,1.0000007229102894,-1.0000007839662248,-1.0000007185975204,-1.0000006995639583,-1.0000007724105924,-1.0000004184468128,-1.0000004184468123,-1.0000003859448292,1.0000009322745607,1.0000009322745596,-1.0000009226304851,-1.0000009226304847,1.0000009130034464,-1.0000002982803013,-1.0000002982803025,1.0000002126301524,1.0000002126301537,-1.0000001700074435,-1.0000005756568102,1.0000006154487824
-1.0000012043689421,1.000001105369799,1.000001230473949,-1.0000011332929997,-1.0000010182282029,1.00000000085313,-1.000001057070059,1.0000010894894895,1.0000010817988587,1.0000010817988572,1.0000011209234372,-1.0000010370553185,-1.0000009530361147,1.0000007324735174,1.0000008679676482,1.0000010370668775,-1.000000754618085,-1.0000005782357382,-1.000000846236715,-1.0000007248398433,1.0000008141651007,-1.0000008752768546,1.0000011283542294,-1.000000987944893,-1.0000009761086728,1.0000009232242935,1.0000007827106934,1.0000010212627664,1.000001021262767,-1.000000925821756,-1.0000005525101312,1.0000006789033853,1.0000002602838183,-1.0000006452903423,-1.0000001696055338,-1.0000002751617383,1.000000243709302,1.0000004578834416,-1.0000004144877956,1.0000005028019838,-1.0000005836459496,-1.000000695513355,-1.0000004700293166,1.0000010091128164,-1.0000009718049312,-1.000000908312008,1.0000009698895544,1.000000903791347,1.0000008848950546,1.0000009555571798,1.0000006014817984,1.0000006014817986,1.0000005689503924,-1.0000011157082653,-1.0000011157082656,1.000001106084801,1.0000011060848015,-1.000001096464454,1.0000004819193375,1.0000004819193375,-1.0000003962491095,-1.0000003962491095,1.0000003536200868,1.00000076075737,-1.0000008006762207
1.0000010360405658,-1.0000009370455683,-1.0000010621528723,1.0000009412316415,1.0000008499011128,-1.000001057070059,1.000000000614274,-1.0000009211615215,-1.0000009374089598,-1.000000937408961,-1.0000009526394207,1.0000008687182915,1.0000007848036727,-1.0000005640812062,-1.0000006997429862,-1.0000008688841284,1.0000005862143235,1.0000004098301212,1.0000006778430364,1.000000556515767,-1.0000006458324224,1.0000007069354064,-1.0000009600461406,1.0000008195952739,1.0000008078329188,-1.0000007548744327,-1.0000006143213849,-1.0000008530043314,-1.0000008530043316,1.0000007574700907,1.0000003841864997,-1.0000005105205012,-1.000000092037922,1.0000004768843627,1.0000000013386852,1.000000107045167,-1.0000000755743188,-1.0000002899397067,1.0000002470408793,-1.0000003353506917,1.0000004159483975,1.0000005283107647,1.0000003020263695,-1.0000008423443796,1.0000008051471214,1.0000007413896577,-1.000000803292356,-1.0000007367401778,-1.0000007179286996,-1.0000007872174965,-1.0000004330745544,-1.0000004330745538,-1.000000400526797,1.0000009475495233,1.0000009475495226,-1.0000009379386616,-1.0000009379386634,1.0000009283223414,-1.0000003138947289,-1.00000031389473,1.0000002282109541,1.0000002282109546,-1.0000001855775942,-1.00000059364741,1.000000633645064
-1.0000010924673257,1.0000009934634155,1.0000011185611488,-1.00000102135753,-1.0000009063262092,1.0000010894894895,-1.0000009211615215,1.0000000006941177,1.0000009696019756,1.0000009696019752,1.000001008953082,-1.0000009489301531,-1.000000840979611,1.0000006206837622,1.0000007558952826,1.0000009249290234,-1.0000006428432533,-1.0000004664683124,-1.0000007344500148,-1.0000006129304972,1.0000007022728807,-1.0000007871573948,1.0000010164298034,-1.0000008760877432,-1.0000008641312106,1.0000008113639656,1.0000006709184472,1.0000009092555628,1.0000009092555637,-1.0000008139605991,-1.0000004406089777,1.0000005671000487,1.0000001482538534,-1.0000005335244206,-1.000000057608448,-1.0000001629168889,1.0000001314928904,1.0000003453511073,-1.0000003011222023,1.000000389446566,-1.0000004707024055,-1.0000005817434627,-1.0000003575945626,1.0000008946221457,-1.000000857130642,-1.0000007940762548,1.0000008551137007,1.0000007897695364,1.0000007707302878,1.0000008436749361,1.000000489714401,1.000000489714402,1.00000045720991,-1.0000010035301528,-1.0000010035301532,1.000000993885239,1.0000009938852392,-1.000000984257978,1.0000003695192097,1.0000003695192086,-1.0000002838704987,-1.0000002838704987,1.0000002412483435,1.000000646831399,-1.0000006866183622
-1.0000010844849587,1.000000985490143,1.0000011105999633,-1.0000009896830797,-1.00000089834518,1.0000010817988587,-1.0000009374089598,1.0000009696019756,1.0000000006831726,1.000000962177588,1.0000010011011704,-1.0000009171544195,-1.000000833289488,1.0000006124919274,1.0000007482354083,1.0000009173920585,-1.000000634623755,-1.0000004582348345,-1.0000007262531274,-1.0000006049636951,1.0000006942734123,-1.000000755370505,1.0000010084930822,-1.0000008680237202,-1.0000008562944214,1.0000008033051324,1.0000006627321432,1.0000009014753466,1.0000009014753473,-1.0000008059034966,-1.0000004326279597,1.0000005589345249,1.0000001405150505,-1.0000005252884714,-1.0000000498084098,-1.0000001555820988,1.0000001241051426,1.0000003385566683,-1.0000002958939438,1.000000384198804,-1.0000004646810154,-1.000000577274626,-1.000000350616612,1.0000008915092071,-1.0000008543632697,-1.0000007904833559,1.0000008525376791,1.000000785774583,1.0000007670037974,1.0000008356570966,1.0000004814815704,1.00000048148157,1.0000004489263326,-1.0000009960691976,-1.0000009960691982,1.0000009864645667,1.0000009864645674,-1.000000976850261,1.000000362476352,1.0000003624763518,-1.0000002767871714,-1.0000002767871718,1.0000002341521015,1.0000006426559886,-1.0000006826907812
-1.0000010844849594,1.0000009854901437,1.0000011105999644,-1.00000098968308,-1.0000008983451798,1.0000010817988572,-1.000000937408961,1.0000009696019752,1.000000962177588,1.0000000006831726,1.0000010011011706,-1.0000009171544195,-1.0000008332894876,1.000000612491928,1.000000748235407,1.0000009173920583,-1.0000006346237544,-1.0000004582348352,-1.0000007262531272,-1.000000604963697,1.0000006942734128,-1.0000007553705053,1.0000010084930833,-1.0000008680237211,-1.000000856294421,1.000000803305132,1.0000006627321427,1.000000901475347,1.0000009014753477,-1.000000805903496,-1.0000004326279601,1.0000005589345262,1.0000001405150505,-1.0000005252884714,-1.00000004980841,-1.0000001555821003,1.0000001241051437,1.0000003385566676,-1.0000002958939445,1.0000003841988043,-1.000000464681016,-1.0000005772746254,-1.0000003506166115,1.000000891509206,-1.0000008543632715,-1.000000790483356,1.0000008525376802,1.000000785774583,1.0000007670037967,1.0000008356570964,1.0000004814815695,1.000000481481569,1.000000448926332,-1.0000009960691982,-1.0000009960691976,1.0000009864645663,1.0000009864645678,-1.0000009768502607,1.000000362476351,1.0000003624763525,-1.0000002767871714,-1.0000002767871723,1.0000002341521015,1.000000642655988,-1.0000006826907812
-1.0000011238336,1.0000010248303912,1.0000011499320705,-1.0000010289804133,-1.0000009376912484,1.0000011209234372,-1.0000009526394207,1.000001008953082,1.0000010011011704,1.0000010011011706,1.000000000738676,-1.0000009802832737,-1.0000008961717253,1.000000651994416,1.0000007873406225,1.0000009564023542,-1.0000006741497014,-1.0000004977680295,-1.0000007657594778,-1.0000006443002096,1.0000007336328074,-1.0000007947521905,1.000001047799444,-1.0000009074271732,-1.0000008955248985,1.000000842707015,1.0000007022285473,1.0000009406638206,1.000000940663822,-1.000000845306568,-1.0000004719722786,1.0000005984169005,1.0000001796779798,-1.0000005648237111,-1.000000089018655,-1.000000194442211,1.0000001630065447,1.000000377011592,-1.0000003331801077,1.0000004214976042,-1.0000005025580077,-1.000000613990031,-1.0000003892089853,1.0000009272062407,-1.0000008898005037,-1.000000826541499,1.0000008878316669,1.0000008221346097,1.0000008031637648,1.0000008750315101,1.0000005210158234,1.0000005210158225,1.000000488499843,-1.0000010350226607,-1.0000010350226598,1.000001025388126,1.000001025388126,-1.0000010157642418,1.000000401117928,1.0000004011179284,-1.0000003154594481,-1.0000003154594492,1.0000002728341668,1.0000006791527623,-1.0000007190022349
1.0000010400491945,-1.0000009410446358,-1.000001066141707,1.0000009451793876,1.000000853907965,-1.0000010370553185,1.0000008687182915,-1.0000009489301531,-1.0000009171544195,-1.0000009171544195,-1.0000009802832737,1.0000000006196808,1.0000007885460238,-1.0000005920313202,-1.0000007034607268,-1.0000008724873564,1.0000005904366425,1.0000004140621572,1.0000006820407523,1.000000560512501,-1.0000006498558998,1.0000007109853366,-1.0000009640071827,1.0000008236719657,1.0000008117038806,-1.000000758948951,-1.0000006185089596,-1.0000008568253738,-1.0000008568253747,1.000000761546175,1.0000003881876436,-1.0000005146888498,-1.0000000958200683,1.0000004811174459,1.000000005177961,1.0000001104623109,-1.0000000790411778,-1.0000002928689173,1.0000002485612174,-1.0000003368861328,1.0000004181807582,1.0000005291433922,1.0000003051223434,-1.0000008419530113,1.0000008044441968,1.0000007414316412,-1.000000802417763,-1.0000007371451507,-1.000000718092726,-1.0000007912588078,-1.0000004373085452,-1.000000437308546,-1.0000004048060553,1.000000951084531,1.0000009510845325,-1.0000009414377249,-1.000000941437725,1.0000009318098793,-1.0000003170507028,-1.0000003170507028,1.0000002314045338,1.000000231404534,-1.0000001887832208,-1.000000594216645,1.0000006339912006
1.0000009558617067,-1.0000008568610355,-1.0000009819665543,1.0000008610273756,1.0000007697189814,-1.0000009530361147,1.0000007848036727,-1.000000840979611,-1.000000833289488,-1.0000008332894876,-1.0000008961717253,1.0000007885460238,1.0000000005002343,-1.0000004839635184,-1.0000006432171382,-1.0000008123156956,1.000000506110061,1.0000003297240019,1.0000005977291637,1.0000004763299815,-1.000000565654439,1.0000006267657464,-1.0000008798416515,1.000000739432855,1.0000007275947522,-1.0000006747129593,-1.0000005341995108,-1.0000007727496287,-1.00000077274963,1.0000006773120627,1.0000003040074166,-1.000000430396637,-1.0000000117841328,1.000000396781329,0.9999999211068547,1.0000000266660813,-0.9999999952149669,-1.0000002093921592,1.000000166014772,-1.0000002543271607,1.0000003351635502,1.0000004470455075,1.0000002215344894,-1.000000760653236,1.0000007233464732,1.0000006598502362,-1.0000007214322657,-1.0000006553274883,-1.0000006364338259,-1.0000007070481238,-1.000000352971116,-1.0000003529711154,-1.0000003204427408,1.000000867201894,1.0000008672018934,-1.0000008575787982,-1.0000008575787984,1.0000008479585631,-1.000000233423497,-1.0000002334234976,1.0000001477521743,1.0000001477521756,-1.0000001051227119,-1.0000005122930318,1.0000005522140143
-1.0000007355553702,1.0000006365483052,1.0000007616415127,-1.0000006406664792,-1.000000549414498,1.0000007324735174,-1.0000005640812062,1.0000006206837622,1.0000006124919274,1.000000612491928,1.000000651994416,-1.0000005920313202,-1.0000004839635184,1.0000000001873384,1.000000398869202,1.0000005678579131,-1.0000003097730608,-1.0000001334032236,-1.0000004013704469,-1.0000002560151937,1.0000003453682653,-1.0000004065073342,1.0000006595021578,-1.0000005192053638,-1.0000005071685392,1.0000004544800627,1.0000003140797127,1.000000552273098,1.0000005522730975,-1.0000004570767476,-1.0000000836952807,1.000000210252903,0.9999997912532427,-1.000000176703228,-0.999999700630379,-0.9999998057710576,0.9999997743665174,0.9999999880111072,-0.9999999432205305,1.0000000315512432,-1.000000113084679,-1.0000002235683054,-1.000000000321088,1.0000005359612891,-1.0000004983465671,-1.0000004355869767,1.0000004962616025,1.0000004314242918,1.000000412288927,1.0000004867769392,1.0000001328937576,1.0000001328937576,1.0000001004065295,-1.000000646431898,-1.0000006464318978,1.0000006367726617,1.000000636772662,-1.0000006271407953,1.000000012269579,1.0000000122695791,-0.9999999266359281,-0.9999999266359288,0.9999998840186224,1.000000288551071,-1.0000003282491967
-1.0000008707820056,1.0000007717794448,1.0000008968874126,-1.000000775946653,-1.0000006846379845,1.0000008679676482,-1.0000006997429862,1.0000007558952826,1.0000007482354083,1.000000748235407,1.0000007873406225,-1.0000007034607268,-1.0000006432171382,1.000000398869202,1.0000000003794376,1.0000007034996086,-1.0000004210195381,-1.0000002446270115,-1.0000005126370866,-1.0000003912516506,1.0000004805710045,-1.0000005416789792,1.0000007947582952,-1.0000006543432296,-1.000000642515183,1.0000005896250355,1.00000044910467,1.0000006876753997,1.0000006876754006,-1.0000005922284363,-1.0000002189286665,1.0000003453056865,0.9999999267186704,-1.0000003116860663,-0.9999998360416348,-0.9999999416227874,0.9999999101725562,1.000000124377863,-1.0000000810927474,1.0000001694001783,-1.0000002501938685,-1.000000362161061,-1.000000136509568,1.000000675840985,-1.0000006385521916,-1.0000005750124896,1.000000636649435,1.0000005704694133,1.0000005515912795,1.000000621966917,1.0000002678782889,1.0000002678782896,1.0000002353492319,-1.0000007821471713,-1.0000007821471708,1.0000007725265203,1.0000007725265214,-1.0000007629070544,1.0000001483962146,1.0000001483962149,-1.0000000627228995,-1.000000062722899,1.00000002009276,1.0000004274266447,-1.0000004673614349
-1.0000010398133738,1.00000094081548,1.0000010659239824,-1.00000094499698,-1.0000008536707194,1.0000010370668775,-1.0000008688841284,1.0000009249290234,1.0000009173920585,1.0000009173920583,1.0000009564023542,-1.0000008724873564,-1.0000008123156956,1.0000005678579131,1.0000007034996086,1.0000000006195928,-1.0000005899956934,-1.0000004136067988,-1.0000006816212466,-1.0000005602849649,1.000000649601439,-1.0000007107044884,1.0000009638045848,-1.0000008233615825,-1.0000008115850756,1.0000007586434894,1.000000618094846,1.0000008567544836,1.000000856754484,-1.0000007612422308,-1.000000387957778,1.000000514297366,1.0000000958006796,-1.000000480662914,-1.000000005105633,-1.0000001107929628,1.0000000793263681,1.0000002936667964,-1.0000002507164645,1.000000339024459,-1.0000004196490109,-1.0000005319557947,-1.0000003057590754,1.0000008459334793,-1.0000008087209573,-1.0000007449998614,1.0000008068585158,1.0000007403668945,1.0000007215466538,1.000000790989269,1.0000004368528186,1.0000004368528177,1.0000004043104387,-1.0000009750514118,-1.0000009750514158,1.000000941683205,1.0000009416832045,-1.0000009320665333,1.000000317629964,1.0000003176299659,-1.000000231947542,-1.0000002319475425,1.0000001893145392,1.0000005972831234,-1.0000006372718486
1.0000007577210264,-1.0000006587101007,-1.0000007838051894,1.0000006628224414,1.0000005715780638,-1.000000754618085,1.0000005862143235,-1.0000006428432533,-1.000000634623755,-1.0000006346237544,-1.0000006741497014,1.0000005904366425,1.000000506110061,-1.0000003097730608,-1.0000004210195381,-1.0000005899956934,1.0000000002188272,1.0000001318186713,1.000000399787327,1.0000002781811905,-1.000000367530892,1.000000428668829,-1.0000006816553793,1.0000005413657815,1.0000005293149812,-1.0000004766429693,-1.0000003362478527,-1.0000005744199372,-1.0000005744199383,1.0000004792457575,1.0000001058593642,-1.0000002324233206,-0.9999998134059318,1.000000198876753,0.9999997227908436,0.9999998279049337,-0.9999997965080504,-1.0000000101191555,0.9999999652655316,-1.0000000535916092,1.0000001351599739,1.0000002455725263,1.0000000224373407,-1.0000005578997968,1.0000005202678621,1.0000004575489396,-1.0000005181754583,-1.0000004534070206,-1.0000004342607278,-1.0000005089447628,-1.000000155071087,-1.0000001550710873,-1.0000001225886563,1.0000006685675613,1.0000006685675615,-1.0000006589068868,-1.0000006589068877,1.0000006492745526,-1.0000000343907602,-1.000000034390761,0.9999999487596184,0.9999999487596182,-0.9999999061430754,-1.000000310544629,1.0000003502317605
1.0000005813366588,-1.0000004823297186,-1.0000006074215584,1.0000004864445116,1.0000003951971594,-1.0000005782357382,1.0000004098301212,-1.0000004664683124,-1.0000004582348345,-1.0000004582348352,-1.0000004977680295,1.0000004140621572,1.0000003297240019,-1.0000001334032236,-1.0000002446270115,-1.0000004136067988,1.0000001318186713,0.9999999999683684,1.0000002234155239,1.0000001017968028,-1.000000191152581,1.0000002522946023,-1.0000005052865062,1.0000003649981797,1.0000003529456227,-1.000000300270621,-1.0000001836374623,-1.0000003980462568,-1.0000003980462573,1.0000003028663114,0.9999999294795616,-1.0000000560517097,-0.9999996370177984,1.0000000225077588,0.9999995463998645,0.9999996515030333,-0.9999996201025972,-0.9999998336995496,0.9999997887799958,-0.9999998771127331,0.9999999587100639,1.0000000690665647,0.999999846024502,-1.0000003813525007,1.000000343710838,1.0000002810152697,-1.0000003416109355,-1.0000002768848435,-1.0000002577270395,-1.0000003325626026,-1.0000000024542726,-1.0000000024542703,-0.999999946214003,1.000000492174997,1.000000492174997,-1.0000004825123452,-1.0000004825123467,1.0000004728793384,-0.9999998579783077,-0.9999998579783086,0.9999997723478204,0.9999997723478208,-0.9999997297315367,-1.0000001340251365,1.0000001737030022
1.0000008493265025,-1.0000007503181434,-1.0000008754115057,1.0000007544338176,1.0000006631848044,-1.000000846236715,1.0000006778430364,-1.0000007344500148,-1.0000007262531274,-1.0000007262531272,-1.0000007657594778,1.0000006820407523,1.0000005977291637,-1.0000004013704469,-1.0000005126370866,-1.0000006816212466,1.000000399787327,1.0000002234155239,1.0000000003488918,1.000000369788753,-1.0000004591394387,1.0000005202765072,-1.0000007732629164,1.000000632968686,1.000000620929392,-1.0000005682475295,-1.00000042784436,-1.000000666033815,-1.000000666033816,1.000000570847302,1.0000001974538593,-1.0000003477715471,-0.9999999050094058,1.0000002904685124,0.9999998143879403,0.9999999195235884,-0.9999998881204478,-1.000000101759587,1.000000056962501,-1.000000145291319,1.0000002268278225,1.0000003373032293,1.0000001140731156,-1.000000649686018,1.0000006120694622,1.0000005493157829,-1.0000006099840062,-1.0000005451553209,-1.0000005260200928,-1.0000006005484825,-1.0000002466638445,-1.0000002466638436,-1.0000002141752762,1.00000076019451,1.00000076019451,-1.0000007505355932,-1.0000007505355932,1.0000007409039218,-1.0000001260237148,-1.000000126023715,1.0000000403920883,1.0000000403920883,-0.9999999977755198,-1.00000040228528,1.0000004419825275
1.0000007278087832,-1.0000006288018866,-1.0000007539032507,1.000000632940083,1.00000054166604,-1.0000007248398433,1.000000556515767,-1.0000006129304972,-1.0000006049636951,-1.000000604963697,-1.0000006443002096,1.000000560512501,1.0000004763299815,-1.0000002560151937,-1.0000003912516506,-1.0000005602849649,1.0000002781811905,1.0000001017968028,1.000000369788753,1.0000000001762794,-1.000000361364783,1.000000398734606,-1.0000006517709545,1.0000005114232113,1.0000004994729168,-1.0000004466985644,-1.000000306251081,-1.0000005446037867,-1.000000544603788,1.000000449300551,1.0000000759634968,-1.0000002024403924,-0.999999783619406,1.0000001688590103,0.9999996929774776,0.9999997983003455,-0.9999997668804431,-0.9999999807565259,0.9999999366023471,-1.0000000249202265,1.000000106144752,1.0000002172495561,0.9999999929892259,-1.0000005301825936,1.0000004927035675,1.000000429617087,-1.0000004906959299,-1.0000004252970047,-1.0000004062689292,-1.0000004790158503,-1.0000001250493593,-1.0000001250493593,-1.000000092548064,1.0000006388915712,1.0000006388915705,-1.0000006292482966,-1.000000629248298,1.0000006196214457,-1.0000000049120055,-1.0000000049120068,0.9999999192605599,0.9999999192605602,-0.9999998766373819,-1.0000002823525151,1.0000003221496703
-1.000000817147202,1.0000007181419355,1.0000008432409202,-1.0000007222787934,-1.0000006547615743,1.0000008141651007,-1.0000006458324224,1.0000007022728807,1.0000006942734123,1.0000006942734128,1.0000007336328074,-1.0000006498558998,-1.000000565654439,1.0000003453682653,1.0000004805710045,1.000000649601439,-1.000000367530892,-1.000000191152581,-1.0000004591394387,-1.000000361364783,1.0000000003031466,-1.0000005118358433,1.0000007411112823,-1.000000600770563,-1.00000058880901,1.0000005360446977,1.0000003956042336,1.0000006339343217,1.0000006339343224,-1.0000005386427344,-1.0000001652999493,1.0000002917897475,0.9999998729417997,-1.0000002582129675,-0.9999997822999369,-0.9999998875992685,0.9999998561787977,1.0000000700247222,-1.0000000257741133,1.0000001140967674,-1.000000195366086,-1.0000003063811975,-1.0000000822686572,1.0000006192373927,-1.0000005817391842,-1.0000005186991638,1.0000005797194889,1.0000005144007027,1.0000004953564763,1.0000005683556787,1.000000214401105,1.0000002144011055,1.0000001819007747,-1.0000007282025216,-1.0000007282025205,1.0000007185567332,1.0000007185567341,-1.000000708929102,1.0000000941940768,1.0000000941940774,-1.0000000085448313,-1.000000008544832,0.9999999659223969,1.000000371465351,-1.000000411248007
1.0000008782732943,-1.0000007792688521,-1.0000009043660103,1.0000007834035516,1.0000006921324447,-1.0000008752768546,1.0000007069354064,-1.0000007871573948,-1.000000755370505,-1.0000007553705053,-1.0000007947521905,1.0000007109853366,1.0000006267657464,-1.0000004065073342,-1.0000005416789792,-1.0000007107044884,1.000000428668829,1.0000002522946023,1.0000005202765072,1.000000398734606,-1.0000005118358433,1.0000000003899552,-1.0000008022373184,1.0000006619035127,1.0000006499307537,-1.0000006209333232,-1.0000004567431635,-1.000000695051646,-1.0000006950516471,1.0000005997731825,1.0000002264227412,-1.000000352925011,-0.9999999340505065,1.0000003193531504,0.9999998434101698,0.9999999486846426,-0.9999999172650891,-1.0000001310795166,1.000000086736009,-1.0000001750617393,1.0000002563751658,1.0000003673017157,1.0000001433349206,-1.0000006800820094,1.000000642565008,1.0000005795705573,-1.0000006405341144,-1.000000575293834,-1.0000005562341134,-1.000000653240029,-1.0000002755410242,-1.0000002755410242,-1.0000002430416126,1.0000007893005725,1.0000007893005731,-1.0000007796524615,-1.0000007796524615,1.000000770024109,-1.0000001552637563,-1.0000001552637572,1.000000069617124,1.0000000696171245,-1.0000000269955778,-1.000000432368104,1.0000004721366176
-1.0000011312998793,1.0000010322999429,1.0000011573959993,-1.0000010364446117,-1.0000009451632106,1.0000011283542294,-1.0000009600461406,1.0000010164298034,1.0000010084930822,1.0000010084930833,1.000001047799444,-1.0000009640071827,-1.0000008798416515,1.0000006595021578,1.0000007947582952,1.0000009638045848,-1.0000006816553793,-1.0000005052865062,-1.0000007732629164,-1.0000006517709545,1.0000007411112823,-1.0000008022373184,1.000000000749276,-1.0000009386784041,-1.000000926747752,1.000000850197766,1.0000007097397072,1.0000009481200307,1.0000009481200316,-1.0000008527916395,-1.000000479433041,1.000000605914422,1.0000001870952206,-1.0000005723367371,-1.0000000964423685,-1.0000002017886427,1.000000170357295,1.000000384265354,-1.000000340149771,1.0000004284754496,-1.000000509672574,-1.0000006208323904,-1.000000396498419,1.0000009338239833,-1.0000008963635278,-1.000000833236492,1.0000008943627896,1.000000828895557,1.0000008098767155,1.00000088250842,1.000000528530902,1.000000528530904,1.0000004960153628,-1.0000010424111603,-1.0000010424111596,1.000001032769428,1.0000010327694275,-1.0000010231431988,1.0000004084190275,1.0000004084190273,-1.000000322768805,-1.0000003227688048,1.0000002801463626,1.0000006859413033,-1.0000007257476342
1.0000009909570995,-1.000000891954355,-1.0000010170484026,1.0000008960863374,1.000000804819131,-1.000000987944893,1.0000008195952739,-1.0000008760877432,-1.0000008680237202,-1.0000008680237211,-1.0000009074271732,1.0000008236719657,1.000000739432855,-1.0000005192053638,-1.0000006543432296,-1.0000008233615825,1.0000005413657815,1.0000003649981797,1.000000632968686,1.0000005114232113,-1.000000600770563,1.0000006619035127,-1.0000009386784041,1.0000000005499843,1.0000007626130252,-1.0000007336263808,-1.0000005931972926,-1.0000008077290974,-1.0000008077290978,1.0000007124645116,1.0000003390928667,-1.0000004656136035,-1.0000000467020669,1.0000004320505256,0.9999999560635358,1.0000000613065736,-1.0000000298878398,-1.0000002436637974,1.000000199204587,-1.0000002875337766,1.000000368901423,1.000000479718797,1.0000002559363041,-1.0000007924091587,1.000000754871387,1.0000006919286528,-1.0000007528281138,-1.0000006876772758,-1.0000006685992229,-1.0000007421727,-1.000000388242956,-1.0000003882429565,-1.0000003557405046,1.000000901951533,1.0000009019515326,-1.000000892300889,-1.000000892300889,1.0000008826717874,-1.0000002678709703,-1.0000002678709705,1.0000001822292435,1.0000001822292437,-1.0000001396094609,-1.0000005447633686,1.0000005845149287
1.0000009789996784,-1.0000008800023472,-1.0000010051000419,1.0000008841579064,1.0000007928641268,-1.0000009761086728,1.0000008078329188,-1.0000008641312106,-1.0000008562944214,-1.000000856294421,-1.0000008955248985,1.0000008117038806,1.0000007275947522,-1.0000005071685392,-1.000000642515183,-1.0000008115850756,1.0000005293149812,1.0000003529456227,1.000000620929392,1.0000004994729168,-1.00000058880901,1.0000006499307537,-1.000000926747752,1.0000007626130252,1.000000000533034,-1.000000697887212,-1.0000005574086048,-1.0000008196171595,-1.000000819617163,1.0000007004794267,1.0000003271386049,-1.0000004535870883,-1.0000000348431646,1.0000004199963675,0.999999944178823,1.0000000496070687,-1.0000000181655748,-1.0000002321777957,1.000000188331142,-1.0000002766548262,1.0000003577188,1.0000004691468474,1.0000002443781928,-1.0000007823750394,1.0000007449747732,1.0000006817034124,-1.0000007430069437,-1.0000006772925747,-1.0000006583193035,-1.0000007302023497,-1.0000003761889473,-1.000000376188946,-1.0000003436647253,1.0000008902048392,1.0000008902048385,-1.0000008805698104,-1.000000880569811,1.0000008709456993,-1.0000002562867185,-1.0000002562867198,1.0000001706287494,1.0000001706287496,-1.000000128003809,-1.0000005343057976,1.0000005741547549
-1.0000009262354825,1.0000008272310157,1.0000009523269662,-1.0000008313627713,-1.0000007400955528,1.0000009232242935,-1.0000007548744327,1.0000008113639656,1.0000008033051324,1.000000803305132,1.000000842707015,-1.000000758948951,-1.0000006747129593,1.0000004544800627,1.0000005896250355,1.0000007586434894,-1.0000004766429693,-1.000000300270621,-1.0000005682475295,-1.0000004466985644,1.0000005360446977,-1.0000006209333232,1.000000850197766,-1.0000007336263808,-1.000000697887212,1.0000000004580702,1.0000005047156562,1.0000007430052198,1.0000007430052213,-1.0000006714966134,-1.0000002743795293,1.0000004008936219,0.9999999819934837,-1.0000003673270796,-0.9999998913562395,-0.9999999966051795,0.9999999651881355,1.000000178970727,-1.0000001345411595,1.0000002228679687,-1.0000003042233423,-1.00000041506552,-1.000000191237731,1.0000007277740508,-1.000000690239561,-1.0000006272876116,1.0000006881989547,1.0000006230318903,1.0000006039579652,1.0000006774492156,1.0000003235172867,1.0000003235172865,1.0000002910183037,-1.000000837235381,-1.0000008372353804,1.000000827585248,1.0000008275852486,-1.0000008179562658,1.0000002031708979,1.0000002031708985,-1.000000117527366,-1.0000001175273663,1.0000000749068823,1.0000004801159093,-1.0000005198711965
-1.0000007857879945,1.0000006867824296,1.0000008118744101,-1.0000006909017012,-1.000000599649097,1.0000007827106934,-1.0000006143213849,1.0000006709184472,1.0000006627321432,1.0000006627321427,1.0000007022285473,-1.0000006185089596,-1.0000005341995108,1.0000003140797127,1.00000044910467,1.000000618094846,-1.0000003362478527,-1.0000001836374623,-1.00000042784436,-1.000000306251081,1.0000003956042336,-1.0000004567431635,1.0000007097397072,-1.0000005931972926,-1.0000005574086048,1.0000005047156562,1.000000000258672,1.0000006025130463,1.0000006025130477,-1.0000005073111184,-1.0000001339224267,1.0000002604823466,0.9999998414798742,-1.0000002506905317,-0.9999997508555857,-0.999999855997738,0.9999998245915427,1.000000038238885,-0.9999999934468078,1.0000000817788075,-1.000000163311584,-1.0000002737968905,-1.0000000505506872,1.0000005861955632,-1.0000005485834174,-1.0000004858185088,1.0000005464994106,1.0000004816537011,1.000000462518678,1.0000005370111829,1.000000183127191,1.0000001831271907,1.0000001506362721,-1.0000006966686936,-1.0000006966686938,1.0000006870095826,1.0000006870095826,-1.000000677377771,1.0000000624996912,1.0000000624996919,-0.9999999768668955,-0.9999999768668955,0.9999999342499625,1.000000338779306,-1.000000378477939
-1.0000010241276163,1.0000009251299173,1.0000010502296321,-1.0000009292895609,-1.0000008379917062,1.0000010212627664,-1.0000008530043314,1.0000009092555628,1.0000009014753466,1.000000901475347,1.0000009406638206,-1.0000008568253738,-1.0000007727496287,1.000000552273098,1.0000006876753997,1.0000008567544836,-1.0000005744199372,-1.0000003980462568,-1.000000666033815,-1.0000005446037867,1.0000006339343217,-1.000000695051646,1.0000009481200307,-1.0000008077290974,-1.0000008196171595,1.0000007430052198,1.0000006025130463,1.000000000597137,1.0000008410059273,-1.0000007456002782,-1.0000003722638418,1.0000004986938449,1.0000000799920372,-1.0000004650966645,-0.9999999893235783,-1.0000000947957473,1.0000000633510233,1.0000002774197236,-1.0000002337318625,1.000000322051322,-1.0000004030382241,-1.0000005146204962,-1.000000289602452,1.0000008279826218,-1.00000079061659,-1.0000007272635199,1.0000007886685818,1.0000007228134005,1.0000007038675127,1.0000007753274123,1.0000004212921738,1.000000421292173,1.0000003887630302,-1.0000009353823471,-1.000000935382347,1.0000009257515534,1.0000009257515543,-1.0000009161288126,1.000000301505666,1.0000003015056647,-1.0000002158442896,-1.0000002158442913,1.0000001732182764,1.0000005798097336,-1.0000006196835545
-1.0000010241276178,1.0000009251299184,1.0000010502296328,-1.000000929289561,-1.0000008379917078,1.000001021262767,-1.0000008530043316,1.0000009092555637,1.0000009014753473,1.0000009014753477,1.000000940663822,-1.0000008568253747,-1.00000077274963,1.0000005522730975,1.0000006876754006,1.000000856754484,-1.0000005744199383,-1.0000003980462573,-1.000000666033816,-1.000000544603788,1.0000006339343224,-1.0000006950516471,1.0000009481200316,-1.0000008077290978,-1.000000819617163,1.0000007430052213,1.0000006025130477,1.0000008410059273,1.000000000597137,-1.000000745600279,-1.000000372263842,1.0000004986938462,1.000000079992038,-1.0000004650966658,-0.9999999893235804,-1.0000000947957488,1.000000063351024,1.000000277419724,-1.0000002337318636,1.0000003220513223,-1.0000004030382241,-1.0000005146204958,-1.0000002896024522,1.000000827982622,-1.0000007906165913,-1.0000007272635207,1.0000007886685818,1.0000007228134016,1.0000007038675132,1.0000007753274132,1.0000004212921743,1.0000004212921745,1.0000003887630318,-1.000000935382348,-1.0000009353823482,1.0000009257515543,1.0000009257515554,-1.0000009161288135,1.0000003015056649,1.0000003015056662,-1.00000021584429,-1.0000002158442922,1.000000173218277,1.0000005798097347,-1.0000006196835556
1.0000009288374248,-1.000000829830038,-1.0000009549282871,1.0000008339594908,1.0000007426955306,-1.000000925821756,1.0000007574700907,-1.0000008139605991,-1.0000008059034966,-1.000000805903496,-1.000000845306568,1.000000761546175,1.0000006773120627,-1.0000004570767476,-1.0000005922284363,-1.0000007612422308,1.0000004792457575,1.0000003028663114,1.000000570847302,1.000000449300551,-1.0000005386427344,1.0000005997731825,-1.0000008527916395,1.0000007124645116,1.0000007004794267,-1.0000006714966134,-1.0000005073111184,-1.0000007456002782,-1.000000745600279,1.0000000004617602,1.0000002769827592,-1.0000004034929926,-0.9999999845984663,1.0000003699252296,0.9999998939650148,0.9999999992129761,-0.9999999678000392,-1.0000001815814308,1.0000001371703815,-1.00000022549248,1.0000003068420955,1.0000004176951611,1.0000001938462888,-1.0000007304096385,1.0000006928759742,1.0000006299213566,-1.0000006908375711,-1.0000006256650844,-1.0000006065939768,-1.0000006800509886,-1.000000326117695,-1.000000326117695,-1.0000002936213086,1.0000008398358387,1.0000008398358382,-1.000000830186245,-1.0000008301862449,1.000000820557422,-1.0000002057802848,-1.0000002057802853,1.000000120136629,1.0000001201366282,-1.000000077516047,-1.0000004827499114,1.0000005225071247
1.0000005554956453,-1.0000004564891383,-1.0000005815876083,1.0000004606236739,1.0000003693518076,-1.0000005525101312,1.0000003841864997,-1.0000004406089777,-1.0000004326279597,-1.0000004326279601,-1.0000004719722786,1.0000003881876436,1.0000003040074166,-1.0000000836952807,-1.0000002189286665,-1.000000387957778,1.0000001058593642,0.9999999294795616,1.0000001974538593,1.0000000759634968,-1.0000001652999493,1.0000002264227412,-1.000000479433041,1.0000003390928667,1.0000003271386049,-1.0000002743795293,-1.0000001339224267,-1.0000003722638418,-1.000000372263842,1.0000002769827592,0.9999999999315607,-1.0000000538582599,-0.9999996350178826,0.9999999965289613,0.9999995206163086,0.9999996259343569,-0.9999995945107274,-0.999999808382573,0.9999997642084368,-0.9999998525280629,0.9999999337558312,1.0000000448471797,0.9999998206250122,-1.0000003577593217,1.0000003202778973,1.0000002572033666,-1.0000003182673456,-1.0000002528841818,-1.0000002338571565,-1.000000306701414,-0.9999999527280253,-0.999999952728026,-0.999999920219866,1.000000466559947,1.0000004665599458,-1.0000004569175789,-1.0000004569175782,1.0000004472913753,-0.9999998325506769,-0.9999998325506774,0.9999997469044362,0.9999997469044359,-0.9999997042832537,-1.0000001099459985,1.000000149741742
