0.9999999990688295,-0.999998173781858,-0.9857399416259469,0.9981692173303655,0.9617111349180019,-0.596200561814263,-0.01565645905544944,0.5962124009078502,0.6210392237298706,-0.9999893001339941,0.9999448022717906,0.9999983455135699,0.9997279982453007,-0.9995760225785528,-0.9999726827701655,-0.9999990373817345,-0.9999987881451192,-0.9999979615979453,0.9905277367156661,-0.9991212361045934,-0.9981686662436478,0.9999907921285184,0.9999991416034023,0.9999990012398272,-0.9698215992916535,-0.5962180415494436,-0.5962180415494454,0.5962215832438384,0.5962215832438394,-0.5962228106422518
-0.999998173781858,0.9999999995031433,0.9857395406081185,-0.9981690521056056,-0.9617104990153589,0.5961994050143221,0.015657420658559195,-0.5962111016357914,-0.6210396964282333,0.9999894069285854,-0.9999448709124152,-0.9999985530972618,-0.9997280275062247,0.9995759702692412,0.9999728203444053,0.9999992661588388,0.9999990423126257,0.9999981858975305,-0.9905276661861314,0.9991211741891678,0.9981685115926529,-0.9999909833803028,-0.9999985770089925,-0.9999984494262028,0.9698215063710122,0.5962166801866172,0.5962166801866167,-0.5962201839344893,-0.5962201839344902,0.5962213985085109
-0.9857399416259469,0.9857395406081185,0.9999999997133073,-0.9941148858765804,-0.9941152487913713,0.7228185183761491,-0.1528675239758892,-0.7228264798797396,-0.48024186798152674,0.986528344900046,-0.983887676719376,-0.9860040332564629,-0.9894000639731508,0.9803879645420106,0.9844546397552911,0.985558018238616,0.9859167429572503,0.986004257567405,-0.9532675070845069,0.991929460225175,0.9941154575991393,-0.9850114714566298,-0.9856492273844956,-0.985828581178204,0.9149276520073616,0.7228305423947726,0.722830542394773,-0.722833146938004,-0.7228331469380055,0.7228340641229808
0.9981692173303655,-0.9981690521056056,-0.9941148858765804,0.9999999997974168,0.9765335989836832,-0.6437100651498898,0.044916104463384246,0.643718998634552,0.5724329530004616,-0.9984443052094472,0.9974650849724941,0.9982627160156825,0.9993084571862898,-0.9959662478254836,-0.9976878673071018,-0.9981029441140676,-0.9982321644809565,-0.9982627538526374,0.9803862986026074,-0.9998261394192655,-0.999998559797387,0.9979005289902853,0.9981363426046197,0.9982009409009911,-0.953266899658788,-0.6437234117693329,-0.6437234117693333,0.6437262139854574,0.643726213985459,-0.6437271938652522
0.9617111349180019,-0.9617104990153589,-0.9941152487913713,0.9765335989836832,1.0000000002399294,-0.7934199179519499,0.2590195655059664,0.7934273510609168,0.3823998531267286,-0.963003555101036,0.9587324992441459,0.96214269872706,0.9678490512548726,-0.9532722422758928,-0.9596369805857289,-0.9614156902067135,-0.9619997036013138,-0.9621431114399845,0.9149312374154625,-0.9723595576970719,-0.9765334005217716,0.9605314374967197,0.9615636426993417,0.961855643818698,-0.8658212843841157,-0.7934308897724375,-0.7934308897724375,0.7934331885061562,0.7934331885061587,-0.7934340060651831
-0.596200561814263,0.5961994050143221,0.7228185183761491,-0.6437100651498898,-0.7934199179519499,1.0000000010509456,-0.7934143338867591,-1.0000020048201754,0.2590125222939985,0.6000225840016625,-0.587615758230667,-0.5974734621296716,-0.6147997457617663,0.5724526644898054,0.5901974289265692,0.5953410983859542,0.597050082719441,0.5974742431647463,-0.4802559306020251,0.6293638753599033,0.6437099109385537,-0.5927726265216681,-0.5957709199565134,-0.5966254199997907,0.3824077940096214,1.0000043534752454,1.0000043534752454,-1.0000054589529985,-1.000005458953,1.000005884642161
-0.01565645905544944,0.015657420658559195,-0.1528675239758892,0.044916104463384246,0.2590195655059664,-0.7934143338867591,1.000000000883001,0.7934136486321176,-0.7934146023196496,0.010881406518016152,-0.026297227369971102,-0.014066812990590077,0.007722730787372222,0.04489651868971324,0.02310594354380412,0.016723745788562495,0.014596241976745472,0.014066209658329162,-0.152854812430323,-0.026324009288028506,-0.04491591083050478,-0.01991471338030149,-0.016190186013516808,-0.015126415356686351,0.2590128265101517,-0.7934137602183612,-0.7934137602183614,0.7934139823232513,0.7934139823232533,-0.793414099168934
0.5962124009078502,-0.5962111016357914,-0.7228264798797396,0.643718998634552,0.7934273510609168,-1.0000020048201754,0.7934136486321176,1.000000001128018,-0.2590082840414056,-0.6000329724014769,0.5876256938989832,0.5974845384869466,0.6148097809203407,-0.5724615505207906,-0.5902079000209687,-0.5953523008026629,-0.5970615021627936,-0.5974854566060208,0.4802636832058217,-0.6293734251637066,-0.6437189397924551,0.5927835224435981,0.5957824386398684,0.5966370452946117,-0.3824145419539045,-1.0000011383958312,-1.0000011383958343,1.000002389935605,1.0000023899356079,-1.0000025829626318
0.6210392237298706,-0.6210396964282333,-0.48024186798152674,0.5724329530004616,0.3823998531267286,0.2590125222939985,-0.7934146023196496,-0.2590082840414056,1.0000000007651282,-0.6172852350771214,0.6293409639194429,0.619790233182237,0.6025411905297265,-0.6436925534214465,-0.6268581987906403,-0.6218738552339247,-0.6202067005916078,-0.6197899629292014,0.722807810358144,-0.5875887240787516,-0.5724330485338667,0.6243691346265097,0.6214567639722117,0.620623163703132,-0.7934142122487154,0.2590067426791389,0.2590067426791398,-0.2590058654537014,-0.2590058654537017,0.2590055831401399
-0.9999893001339941,0.9999894069285854,0.986528344900046,-0.9984443052094472,-0.963003555101036,0.6000225840016625,0.010881406518016152,-0.6000329724014769,-0.6172852350771214,1.0000000003289546,-0.9998809171134593,-0.9999945476002701,-0.9998264880684437,0.9994225801519945,0.9999256762311587,0.9999835938339822,0.9999938091764549,0.9999951872265918,-0.9898567917922145,0.9993085411566769,0.9984438698361002,-0.999959657976448,-0.9999867178907582,-0.9999918110460946,0.9686409756679809,0.6000379824406253,0.6000379824406247,-0.6000411398802518,-0.6000411398802535,0.6000422375836237
0.9999448022717906,-0.9999448709124152,-0.983887676719376,0.9974650849724941,0.9587324992441459,-0.587615758230667,-0.026297227369971102,0.5876256938989832,0.6293409639194429,-0.9998809171134593,1.0000000004406693,0.9999260721558234,0.9994216412588686,-0.9998271197650123,-0.9999946952992708,-0.9999553067407105,-0.9999327952660694,-0.9999259162534824,0.9919291466721869,-0.9986159879601975,-0.9974646841095032,0.9999804614833881,0.9999503256741163,0.9999390552741504,-0.9723558960425883,-0.587630495603135,-0.5876304956031355,0.5876335231153366,0.5876335231153383,-0.5876345762634245
0.9999983455135699,-0.9999985530972618,-0.9860040332564629,0.9982627160156825,0.96214269872706,-0.5974734621296716,-0.014066812990590077,0.5974845384869466,0.619790233182237,-0.9999945476002701,0.9999260721558234,0.9999999999465508,0.9997633097587438,-0.9995269170438285,-0.9999594399881143,-0.9999956646559343,-0.9999989548585144,-0.9999988026186559,0.9903060818822534,-0.9991856866154376,-0.9982622248969472,0.9999829487159367,0.9999976957073518,0.999999325657482,-0.9694299678544558,-0.5974898471182747,-0.5974898471182747,0.5974931863084183,0.5974931863084201,-0.5974943453216273
0.9997279982453007,-0.9997280275062247,-0.9894000639731508,0.9993084571862898,0.9678490512548726,-0.6147997457617663,0.007722730787372222,0.6148097809203407,0.6025411905297265,-0.9998264880684437,0.9994216412588686,0.9997633097587438,1.0000000000658116,-0.9986159711605541,-0.9995251761407892,-0.9997021527800503,-0.9997520387089747,-0.9997631797015769,0.9870410263605095,-0.9998262750744847,-0.9993080518741919,0.9996187168339125,0.9997153437289829,0.9997402730306366,-0.9638491766781204,-0.6148146491341393,-0.6148146491341394,0.6148177232045644,0.6148177232045644,-0.6148187934814123
-0.9995760225785528,0.9995759702692412,0.9803879645420106,-0.9959662478254836,-0.9532722422758928,0.5724526644898054,0.04489651868971324,-0.5724615505207906,-0.6436925534214465,0.9994225801519945,-0.9998271197650123,-0.9995269170438285,-0.9986159711605541,1.0000000004336114,0.9997640092488673,0.9996057377069678,0.999543843018717,0.9995268778160864,-0.9941150966540834,0.9974639982967021,0.9959667670534036,-0.9996899721390476,-0.9995911501443746,-0.9995601884471627,0.9765310127573054,0.572465879971467,0.572465879971466,-0.5724686159567367,-0.5724686159567378,0.5724695697730429
-0.9999726827701655,0.9999728203444053,0.9844546397552911,-0.9976878673071018,-0.9596369805857289,0.5901974289265692,0.02310594354380412,-0.5902079000209687,-0.6268581987906403,0.9999256762311587,-0.9999946952992708,-0.9999594399881143,-0.9995251761407892,0.9997640092488673,1.0000000002495135,0.9999801183310602,0.9999642905980753,0.9999592197959409,-0.9915203050964738,0.9987791511077947,0.997687423981649,-0.9999944102438482,-0.9999766727882876,-0.9999687439513202,0.9716069984892723,0.590212937906162,0.5902129379061616,-0.5902161101944167,-0.5902161101944172,0.5902172124142269
-0.9999990373817345,0.9999992661588388,0.985558018238616,-0.9981029441140676,-0.9614156902067135,0.5953410983859542,0.016723745788562495,-0.5953523008026629,-0.6218738552339247,0.9999835938339822,-0.9999553067407105,-0.9999956646559343,-0.9997021527800503,0.9996057377069678,0.9999801183310602,1.0000000000829221,0.9999977244412712,0.9999961939992325,-0.9906722973403899,0.9990751969917921,0.9981024428437387,-0.9999942518344994,-0.9999990150350587,-0.9999986391200314,0.9700792737440987,0.5953576626705577,0.5953576626705563,-0.5953610339113639,-0.5953610339113643,0.5953622036492592
-0.9999987881451192,0.9999990423126257,0.9859167429572503,-0.9982321644809565,-0.9619997036013138,0.597050082719441,0.014596241976745472,-0.5970615021627936,-0.6202067005916078,0.9999938091764549,-0.9999327952660694,-0.9999989548585144,-0.9997520387089747,0.999543843018717,0.9999642905980753,0.9999977244412712,0.9999999998705177,0.9999994602010036,-0.9903805458243146,0.9991647564888078,0.998231646746849,-0.9999859656640087,-0.999998530151803,-0.9999987265891924,0.9695611085199836,0.597066960171148,0.5970669601711486,-0.5970703905207139,-0.5970703905207148,0.5970715803250066
-0.9999979615979453,0.9999981858975305,0.986004257567405,-0.9982627538526374,-0.9621431114399845,0.5974742431647463,0.014066209658329162,-0.5974854566060208,-0.6197899629292014,0.9999951872265918,-0.9999259162534824,-0.9999988026186559,-0.9997631797015769,0.9995268778160864,0.9999592197959409,0.9999961939992325,0.9999994602010036,0.9999999995253926,-0.9903060919880489,0.9991856348424791,0.9982622529913143,-0.9999826782300895,-0.9999973510540857,-0.9999989689320571,0.9694300307028508,0.5974908248792852,0.597490824879285,-0.5974942005337226,-0.5974942005337239,0.5974953718685422
0.9905277367156661,-0.9905276661861314,-0.9532675070845069,0.9803862986026074,0.9149312374154625,-0.4802559306020251,-0.152854812430323,0.4802636832058217,0.722807810358144,-0.9898567917922145,0.9919291466721869,0.9903060818822534,0.9870410263605095,-0.9941150966540834,-0.9915203050964738,-0.9906722973403899,-0.9903805458243146,-0.9903060919880489,1.0000000005474428,-0.9838838248532865,-0.9803860807811177,0.9911013847767195,0.9906002910130182,0.9904543991691561,-0.9941151322210166,-0.48026743399973926,-0.4802674339997394,0.4802697978763559,0.4802697978763577,-0.48027062112756486
-0.9991212361045934,0.9991211741891678,0.991929460225175,-0.9998261394192655,-0.9723595576970719,0.6293638753599033,-0.026324009288028506,-0.6293734251637066,-0.5875887240787516,0.9993085411566769,-0.9986159879601975,-0.9991856866154376,-0.9998262750744847,0.9974639982967021,0.9987791511077947,0.9990751969917921,0.9991647564888078,0.9991856348424791,-0.9838838248532865,0.9999999999514885,0.9998266077302115,-0.9989322601007029,-0.9990984817460591,-0.999143248716334,0.9587238879274118,0.629378094185071,0.6293780941850712,-0.6293810497220632,-0.6293810497220645,0.6293820806813298
-0.9981686662436478,0.9981685115926529,0.9941154575991393,-0.999998559797387,-0.9765334005217716,0.6437099109385537,-0.04491591083050478,-0.6437189397924551,-0.5724330485338667,0.9984438698361002,-0.9974646841095032,-0.9982622248969472,-0.9993080518741919,0.9959667670534036,0.997687423981649,0.9981024428437387,0.998231646746849,0.9982622529913143,-0.9803860807811177,0.9998266077302115,0.9999999993343778,-0.9979000520195263,-0.9981358165970083,-0.9982004066288623,0.9532667834129043,0.643723394285739,0.6437233942857381,-0.6437262218109889,-0.6437262218109897,0.6437272102408921
0.9999907921285184,-0.9999909833803028,-0.9850114714566298,0.9979005289902853,0.9605314374967197,-0.5927726265216681,-0.01991471338030149,0.5927835224435981,0.6243691346265097,-0.999959657976448,0.9999804614833881,0.9999829487159367,0.9996187168339125,-0.9996899721390476,-0.9999944102438482,-0.9999942518344994,-0.9999859656640087,-0.9999826782300895,0.9911013847767195,-0.9989322601007029,-0.9979000520195263,1.0000000001095593,0.9999932126610468,0.9999886367359405,-0.9708481476596248,-0.5927887481697232,-0.5927887481697233,0.5927920357194856,0.5927920357194874,-0.5927931770341642
0.9999991416034023,-0.9999985770089925,-0.9856492273844956,0.9981363426046197,0.9615636426993417,-0.5957709199565134,-0.016190186013516808,0.5957824386398684,0.6214567639722117,-0.9999867178907582,0.9999503256741163,0.9999976957073518,0.9997153437289829,-0.9995911501443746,-0.9999766727882876,-0.9999990150350587,-0.999998530151803,-0.9999973510540857,0.9906002910130182,-0.9990984817460591,-0.9981358165970083,0.9999932126610468,0.9999999998359048,0.9999990946136238,-0.9699507110963717,-0.5957879389784592,-0.5957879389784586,0.5957913948889264,0.5957913948889272,-0.5957925932689738
0.9999990012398272,-0.9999984494262028,-0.985828581178204,0.9982009409009911,0.961855643818698,-0.5966254199997907,-0.015126415356686351,0.5966370452946117,0.620623163703132,-0.9999918110460946,0.9999390552741504,0.999999325657482,0.9997402730306366,-0.9995601884471627,-0.9999687439513202,-0.9999986391200314,-0.9999987265891924,-0.9999989689320571,0.9904543991691561,-0.999143248716334,-0.9982004066288623,0.9999886367359405,0.9999990946136238,0.9999999996718291,-0.9696916113194702,-0.596642592916866,-0.5966425929168662,0.5966460778932876,0.5966460778932885,-0.5966472861420269
-0.9698215992916535,0.9698215063710122,0.9149276520073616,-0.953266899658788,-0.8658212843841157,0.3824077940096214,0.2590128265101517,-0.3824145419539045,-0.7934142122487154,0.9686409756679809,-0.9723558960425883,-0.9694299678544558,-0.9638491766781204,0.9765310127573054,0.9716069984892723,0.9700792737440987,0.9695611085199836,0.9694300307028508,-0.9941151322210166,0.9587238879274118,0.9532667834129043,-0.9708481476596248,-0.9699507110963717,-0.9696916113194702,1.0000000002682143,0.3824177614920122,0.38241776149201284,-0.38241978223231615,-0.3824197822323164,0.38242048437693993
-0.5962180415494436,0.5962166801866172,0.7228305423947726,-0.6437234117693329,-0.7934308897724375,1.0000043534752454,-0.7934137602183612,-1.0000011383958312,0.2590067426791389,0.6000379824406253,-0.587630495603135,-0.5974898471182747,-0.6148146491341393,0.572465879971467,0.590212937906162,0.5953576626705577,0.597066960171148,0.5974908248792852,-0.48026743399973926,0.629378094185071,0.643723394285739,-0.5927887481697232,-0.5957879389784592,-0.596642592916866,0.3824177614920122,1.0000000013493329,1.0000018900810494,-1.0000011773016155,-1.0000020125977807,1.0000021064701505
-0.5962180415494454,0.5962166801866167,0.722830542394773,-0.6437234117693333,-0.7934308897724375,1.0000043534752454,-0.7934137602183614,-1.0000011383958343,0.2590067426791398,0.6000379824406247,-0.5876304956031355,-0.5974898471182747,-0.6148146491341394,0.572465879971466,0.5902129379061616,0.5953576626705563,0.5970669601711486,0.597490824879285,-0.4802674339997394,0.6293780941850712,0.6437233942857381,-0.5927887481697233,-0.5957879389784586,-0.5966425929168662,0.38241776149201284,1.0000018900810494,1.0000000013493329,-1.0000020125977804,-1.0000011773016126,1.0000021064701505
0.5962215832438384,-0.5962201839344893,-0.722833146938004,0.6437262139854574,0.7934331885061562,-1.0000054589529985,0.7934139823232513,1.000002389935605,-0.2590058654537014,-0.6000411398802518,0.5876335231153366,0.5974931863084183,0.6148177232045644,-0.5724686159567367,-0.5902161101944167,-0.5953610339113639,-0.5970703905207139,-0.5974942005337226,0.4802697978763559,-0.6293810497220632,-0.6437262218109889,0.5927920357194856,0.5957913948889264,0.5966460778932876,-0.38241978223231615,-1.0000011773016155,-1.0000020125977804,1.0000000013951769,1.0000019543278245,-1.000001151875463
0.5962215832438394,-0.5962201839344902,-0.7228331469380055,0.643726213985459,0.7934331885061587,-1.000005458953,0.7934139823232533,1.0000023899356079,-0.2590058654537017,-0.6000411398802535,0.5876335231153383,0.5974931863084201,0.6148177232045644,-0.5724686159567378,-0.5902161101944172,-0.5953610339113643,-0.5970703905207148,-0.5974942005337239,0.4802697978763577,-0.6293810497220645,-0.6437262218109897,0.5927920357194874,0.5957913948889272,0.5966460778932885,-0.3824197822323164,-1.0000020125977807,-1.0000011773016126,1.0000019543278245,1.0000000013951769,-1.000001151875457
-0.5962228106422518,0.5962213985085109,0.7228340641229808,-0.6437271938652522,-0.7934340060651831,1.000005884642161,-0.793414099168934,-1.0000025829626318,0.2590055831401399,0.6000422375836237,-0.5876345762634245,-0.5974943453216273,-0.6148187934814123,0.5724695697730429,0.5902172124142269,0.5953622036492592,0.5970715803250066,0.5974953718685422,-0.48027062112756486,0.6293820806813298,0.6437272102408921,-0.5927931770341642,-0.5957925932689738,-0.5966472861420269,0.38242048437693993,1.0000021064701505,1.0000021064701505,-1.000001151875463,-1.000001151875457,1.0000000014273553
