1.0000000060988938,-0.9944184736422972,-0.9764822452818915,-0.9977221157858959,-0.9940591781266569,-0.9959838806881154,-0.9949148637283313,0.9443164824156255,0.9757524145988052,-0.8672190748088303,-0.9418351075920752,0.8801202402500319,0.994147643356769,0.9915554734290537,0.9420944932597402,0.9801415214845733,0.8818281500328281,0.946032382399398,0.9672930026776203,0.9810539884654624,0.9333516214574837,0.9994337108942581,0.9486332241612139,-0.9445977258968302,0.9927501837209155,-0.9953626713569632,-0.9041930295125323,-0.9852913390746549,-0.6345221867641231,-0.96348341981724,-0.9711661083339241,-0.545446318209716,-0.8079733228328828,0.677410521829475,0.9776424812018054,0.6766845052822924,0.99902813331388,0.9712646975684133,0.892478835153889,0.6492425570297742,-0.9243700103681671,-0.9558332536292569,0.9973387693995728,-0.8860495340129889,-0.8022940131258121,-0.9892476123433291,0.9773580723141547,-0.9203795344913746,-0.6570917642034725,-0.9889372697253976,-0.9882552650015768,-0.9032121110626957,0.9915913722877268,0.3092224865736839,-0.7455296869586324,0.9927912187033591,0.0068461994373161614,-0.9966753659552526,0.8688576857133593,0.8496358711601449,0.9581415695407075,-0.9288984119942849,0.6344787516969225,-0.8453100081930673,-0.9699141494106926,-0.969679922986348,-0.9938943986946598,0.890775122526371,0.6715388733090009,0.9874282840808596,0.9348230839857204,0.6629527064415435,0.8666190336813807,0.8262056566158018,0.9162571235895023,0.8840498491469688,0.9312509166736599,0.6411718451812753,0.8473853905576995,-0.9855002232200631,-0.9715408934119247,-0.313123438165144,-0.5099375246567532,-0.8957170331416205,-0.8511815538031894,-0.15690141354222914,-0.19018557800024383,0.9676741944706632,0.993296723314587,-0.9770479510642119,-0.9978336537102115,-0.06734480808852067,-0.9941999929863333,0.9953458752087693,-0.8648846707663402,0.933246767575889,-0.9215021046761238,0.9459957910585605,0.9674059900365124,0.9657860852984173,0.6586180486795951,-0.901266141171674,-0.7833075670919402,-0.9369321010385679,0.9723617644310244,-0.9400231013169819,0.4846726282334236,-0.9220473059708189,-0.9800067276811057,-0.9537557393359641,-0.947433616661843,0.8655357583000391,-0.47208830912234545,0.9948739174830024,0.9896918051171685,-0.34614648742688625,0.9887726780678937,0.9897170112533791,-0.9822688206016477,-0.977182749895113,0.623393617605062,0.980266440322034,-0.9492832284976847,-0.8263681138858909,-0.9444307421567939,-0.9814799267087677,-0.9060712665693899,0.9222966327677333,0.0
-0.9944184736422972,1.0000000017389234,0.9554118379587083,0.9889636196919673,0.9884477932003995,0.9981331761971819,0.9805137702845956,-0.9112778370684481,-0.9905465022197858,0.914101881965305,0.9547779393305547,-0.8353199674665341,-0.9918669476855072,-0.9745374465442503,-0.9507821686332183,-0.978360677971573,-0.9125544158073603,-0.9478708319419544,-0.9587982268384532,-0.9833169157329277,-0.8911146749899967,-0.997046647634082,-0.9624165097292425,0.9217221014242922,-0.9971714786119048,0.9891251798068319,0.9393029938159633,0.9627532419217902,0.6492166088979252,0.9768186528584637,0.9579594234038485,0.6189542528705892,0.839735541086125,-0.7039773787824753,-0.9905989846029328,-0.7073984923643554,-0.9980071430458421,-0.9708226170943367,-0.9324685087048868,-0.6798261597363039,0.9150102887283399,0.9238255841831167,-0.9931156947547283,0.8664909101994124,0.7768539368183882,0.9950637161459325,-0.963290302744306,0.9339426365966875,0.5864072758526099,0.9919250865566844,0.9844555131910967,0.8997817386926203,-0.9882036269725402,-0.33902349262720693,0.6894162841969839,-0.9940922641219493,0.016302735871092978,0.9884137876988075,-0.8138895603739887,-0.8853130087163309,-0.9354130264254035,0.9547713410268984,-0.6092461691007736,0.8698742649559243,0.9431510200504176,0.9772594129421026,0.9893950583858189,-0.9189939181221386,-0.6876029603342015,-0.9782237677857542,-0.9010533021171256,-0.6174426425800694,-0.8347521353242476,-0.8445638771891609,-0.9524762832069846,-0.8816018758518757,-0.935228003691967,-0.7039827296553762,-0.8934034562990896,0.990007318560863,0.9746050715576476,0.40417860470479106,0.5457731823552991,0.9364783928780946,0.8763163144891154,0.06514005392268105,0.1815563274703208,-0.9871731911031105,-0.9923487172934722,0.9689512013400535,0.9932083180137985,0.040270794473798784,0.9815826616628781,-0.9918465554362693,0.901046164308154,-0.9575598380883836,0.9188201122008505,-0.9636613775277671,-0.9768084286100015,-0.9810883010285585,-0.7313146319779029,0.9366861532908779,0.8101717037741277,0.9589270897886685,-0.9648953223472212,0.9583260663580557,-0.45335354288857727,0.9335601673909281,0.9832998885308138,0.9577839556646791,0.9392107830501908,-0.8513073264212526,0.54411273544433,-0.9923961451267452,-0.9861786015732609,0.3476097482161731,-0.9874871839052042,-0.9799776580237997,0.9681152671649332,0.9698295853487986,-0.5904289066730477,-0.9818252839559457,0.9151559868442459,0.8019698033998865,0.9146496851722118,0.970222278935283,0.8768569876434493,-0.9531879898420221,0.0
-0.9764822452818915,0.9554118379587083,0.9999999987595927,0.975560754606524,0.9572831335914832,0.9537654305197409,0.9775140093779792,-0.976576723446675,-0.9399097571853942,0.7880492062216713,0.9051883678236619,-0.8853496238745184,-0.9507005799496281,-0.9755475970693969,-0.9393583228316166,-0.9717086354894496,-0.768385074635435,-0.950817699637782,-0.909711911023492,-0.9235722808755208,-0.9544396073394554,-0.9696919607037195,-0.9225247901687381,0.9873451853692422,-0.9447403857921236,0.9614579893202815,0.8068822999287957,0.9933785205898447,0.6418091193647076,0.9068768658825208,0.993956831857849,0.4666434590076281,0.702431261936326,-0.574809408401423,-0.9469181531869691,-0.5299055559584803,-0.9688218646205914,-0.9589672022254502,-0.7871072063302221,-0.5620904522930209,0.8490257666091072,0.9471840796337968,-0.9615343104220796,0.9439831284577346,0.8192530338346768,0.9346352040302786,-0.9693798381779343,0.9095494566096204,0.6744675895430245,0.9525034314969215,0.965790300970366,0.9454792044563947,-0.9774338186360134,-0.35764930964932046,0.7304957439708277,-0.9655669334363903,-0.1833616905104303,0.9883215074544437,-0.9401169799296792,-0.7495011510433749,-0.9963160266133267,0.8369651838846872,-0.7662923084908424,0.8440529084898579,0.9853238557491307,0.9475233109682978,0.9753940782994981,-0.7743999475023331,-0.7403559477352609,-0.9910867391173598,-0.9167366321156494,-0.6283339779767412,-0.9466896248378512,-0.847165957957307,-0.8447306913887911,-0.813393821886526,-0.8523364312393868,-0.5980642451865554,-0.7821118073002351,0.9621970586975163,0.914295509607017,0.13719284586983851,0.3452134597914776,0.8257540906501549,0.8528062819796561,0.20589810338527242,0.08566616117117554,-0.9129846507625995,-0.9629977152550868,0.9251431813422156,0.9763728559193475,0.23831570477087738,0.9675194243431825,-0.9762769056704322,0.836292169119903,-0.8785768989936248,0.8487241360475628,-0.9209583951654621,-0.9504253324985472,-0.9257454497489427,-0.5580452706882859,0.8548312260090568,0.7175484262618635,0.9105763986184698,-0.963478142667761,0.8560606511083207,-0.3904828389766943,0.8245322467931555,0.971655811652234,0.9631806573312008,0.9755883597717568,-0.781092572399319,0.4321411670090814,-0.9532493019060658,-0.9684324499390563,0.4602766912950767,-0.9605581148373856,-0.9719905619778854,0.9607093624348025,0.9894181476400525,-0.6949937407115785,-0.9336450341996732,0.9890866500622802,0.7516578550128841,0.9201182066562499,0.9491248513705488,0.8759790715912704,-0.8612909381441693,0.0
-0.9977221157858959,0.9889636196919673,0.975560754606524,1.0000000024174416,0.9897159424987427,0.9930961550110439,0.9981783985618873,-0.9578404367226999,-0.9678600641243226,0.8491530075255095,0.9490076553242325,-0.9055834796652716,-0.9947198835037896,-0.991222248591391,-0.9413408466688312,-0.9827883439615815,-0.8645832925457388,-0.9491384206777925,-0.969022207283045,-0.9740262008366299,-0.9458677410744519,-0.9970240804859372,-0.9502874969686151,0.9490218959475467,-0.990710228068637,0.9983085250359371,0.8847698450016196,0.9887133817749402,0.6609932372241415,0.9680035822595499,0.9694923637569991,0.5356618937503513,0.7763443125682838,-0.6377538341203051,-0.9666019051436688,-0.6531669472738083,-0.9960041532280095,-0.9770378331162326,-0.877002657477612,-0.6028216009674711,0.9318548332941828,0.9646543049598374,-0.9975479252343368,0.8943985644489226,0.837609667210458,0.9850199873868998,-0.9882793372687216,0.9227907643612253,0.6891788499388029,0.9914835195652894,0.9936748930513974,0.8973802575167634,-0.9929305644273752,-0.3231660776647756,0.7695488459174863,-0.9931846780865898,-0.013477112790352191,0.9953171665281167,-0.8766951222562467,-0.8579638743553593,-0.9581620784057326,0.929731077785944,-0.628349624299929,0.8417395159051777,0.9798401310720309,0.9712138567070303,0.9963275603392633,-0.8796953441521206,-0.6489092798955565,-0.9873026092824398,-0.9454404122722595,-0.6606263608967661,-0.8732070067636224,-0.7949932443398059,-0.9051416155073762,-0.9078446817631829,-0.9199296758873149,-0.6207103537837885,-0.836400070731609,0.9848246727303404,0.9600574868573855,0.2758951290383875,0.484157498150977,0.8778004503650819,0.8426066624899056,0.18726058984206906,0.16740714079413552,-0.9530073126402364,-0.9958728327643516,0.9775222755057039,0.9983667402428535,0.08228386737001599,0.9959704886480827,-0.9962464557672585,0.8419378902239042,-0.9091172071786358,0.9110698769392214,-0.942093694812065,-0.9647314145064745,-0.964852198181962,-0.6238364739903685,0.8849460665347076,0.7419244216697648,0.9280822348640843,-0.9819183197999427,0.9245253745342833,-0.5233838408307224,0.9154010040593058,0.9749541441256794,0.9440530885061459,0.9469831083028185,-0.8773051892738548,0.4517986621343798,-0.9957309565675296,-0.9941273284976853,0.35502080856674467,-0.9933693239325753,-0.9965297270474527,0.9926597461887209,0.9736485454645429,-0.6629074865998141,-0.9871375386517296,0.9484996143200565,0.8433387856875555,0.9547386290039847,0.9914608661830268,0.9294612274252972,-0.9179229381026062,0.0
-0.9940591781266569,0.9884477932003995,0.9572831335914832,0.9897159424987427,1.0000000065118,0.9937200109521186,0.9899622266258382,-0.9188649703465169,-0.9588846079824404,0.8537375301731047,0.9113667915341935,-0.8771101884817227,-0.9945738253596387,-0.9934186051221116,-0.9028688484693443,-0.9534781256472891,-0.912155566765081,-0.905928321293597,-0.9852988145142927,-0.9946423998446227,-0.9293764020490488,-0.9937626872277138,-0.915961807601033,0.9090993116131539,-0.9906341629983739,0.9915196902039338,0.9193085110776952,0.9734057487236702,0.5583514375631148,0.9488485814142429,0.9431483201514971,0.49727783247394985,0.8507203366931197,-0.7386284716144759,-0.9632647094622151,-0.744329904673546,-0.9926156208968848,-0.9421464956230574,-0.9025243529523804,-0.7032385373310365,0.9505484568409637,0.962738724973146,-0.9953142851953672,0.8328569337915526,0.756493138567007,0.9925871213963532,-0.956954081515377,0.8773578347062155,0.6792069278141446,0.9753648745771266,0.9705311892411004,0.8557864245210212,-0.9722101183836359,-0.2096667037954343,0.7776603686772975,-0.9774174008014407,0.09386831032759795,0.9826794984118158,-0.854244045453154,-0.8351273206970797,-0.93037848314513,0.9278394236858112,-0.5623647429120023,0.7905529716936313,0.951345529657082,0.9418943921526223,0.9776524991020236,-0.9189223218098492,-0.6071062080641092,-0.9651380538585632,-0.9492102508417652,-0.7284066396637673,-0.8169101092150745,-0.7972319260418279,-0.901748863593943,-0.8799709252789615,-0.9641994259829382,-0.5916386240757041,-0.8176618406179811,0.9646540400910298,0.989452388416537,0.34940709624873845,0.5914231529892616,0.8827847184328775,0.7993509674252856,0.2030050242839597,0.29515291119813686,-0.9659814484113113,-0.9804579849337224,0.9917251715204565,0.9859305102457264,-0.03604608629149388,0.9951507910533499,-0.979934443643863,0.8360489813956933,-0.9374262458781671,0.9582285829160069,-0.9140697496710944,-0.9386185987534681,-0.9433235943605403,-0.6524295447254718,0.8768980862633221,0.8170053374272085,0.9063254540207796,-0.9456454824679802,0.9622206855580545,-0.5305459890820267,0.9528471295775061,0.9556455655252444,0.9223289274099322,0.9084261355454403,-0.9013641907292982,0.4134743063505535,-0.9939296175584001,-0.9718567010186582,0.24287106889939702,-0.9726958217845052,-0.9748373682977269,0.9719262391048676,0.950802251410011,-0.550239087384069,-0.9708908533357377,0.93665650731023,0.8639778777763613,0.9579567275007699,0.9753611126341488,0.9087531600448882,-0.8993548410342125,0.0
-0.9959838806881154,0.9981331761971819,0.9537654305197409,0.9930961550110439,0.9937200109521186,1.0000000042502115,0.9872450014457299,-0.917955206754424,-0.9811950165669736,0.8951789745633654,0.9498736960920281,-0.8608234614909288,-0.9977456287685095,-0.9820278442202978,-0.9371484540356717,-0.9738239371263571,-0.914978731238794,-0.9372672463164884,-0.9736133790410982,-0.9891243316401336,-0.9073408153482088,-0.9982935129315933,-0.9527309903890937,0.9167223453474805,-0.9994215779563062,0.9952228179417584,0.9332960701032752,0.967443089813235,0.6359947721760543,0.9770118039553068,0.951096653218321,0.5861345862678737,0.8372075144044895,-0.7038549002868385,-0.9803829294715933,-0.7206227516145937,-0.9983602998371895,-0.9671688817827264,-0.9263699438615,-0.6713745894714469,0.9371666361603203,0.941218015641572,-0.9979183252492954,0.8558637139397632,0.7880700759554359,0.9980059893715597,-0.9684519296777883,0.9201831359373995,0.6290091526075865,0.9924970836639608,0.9859402331958138,0.880268900786136,-0.9861554629905913,-0.3038199623738336,0.7296794743007384,-0.992620678948106,0.05271500809277455,0.9874119507742098,-0.8233945374754198,-0.8851260998019822,-0.9307996903610959,0.9567567853245901,-0.5798939877337013,0.845363436221232,0.9497838498063406,0.9703940339545478,0.9895852036650532,-0.9250090609128108,-0.6459400317398114,-0.9745379489381885,-0.9229955519871456,-0.6525186988069873,-0.8256838120281345,-0.8128926554946007,-0.9392830123537675,-0.9008627703666345,-0.9460289883637747,-0.6649419379038997,-0.8722952408074773,0.9850495792348785,0.9790995636000442,0.385991226475603,0.5620205374091102,0.9187134571412435,0.8496175645730768,0.11670529994984245,0.21327068287156664,-0.9791917805210778,-0.9937134468069772,0.981475297448283,0.9940090257970454,0.009119769134436241,0.9896449938010413,-0.9912461787949913,0.8733204368725875,-0.9449452610998017,0.93254214666283,-0.9500616724787754,-0.9664234118756969,-0.9739673923244734,-0.7002203298638376,0.9156859912796103,0.7974811288456856,0.9419927600616459,-0.9656440506094588,0.9600926199288304,-0.5055412748188225,0.9457486970290858,0.9739372348507472,0.941976385285064,0.9277654450807894,-0.8807986642958497,0.4993906161049382,-0.9979022398426584,-0.9869191468062848,0.31063988753558575,-0.9888473582084422,-0.9843046407461735,0.9772960478809285,0.9617895185531498,-0.5926112212319564,-0.9872783285354088,0.9177439335816974,0.8367052329251722,0.9356163283064404,0.9806255953119422,0.9018193198585707,-0.94157287898836,0.0
-0.9949148637283313,0.9805137702845956,0.9775140093779792,0.9981783985618873,0.9899622266258382,0.9872450014457299,1.0000000006939536,-0.9640750082130194,-0.9521167063869663,0.8184969438945148,0.9304931955912772,-0.9233255999165173,-0.9917135129262121,-0.9962180120488296,-0.9231138851945819,-0.9728006304353904,-0.8530283709228202,-0.9340844565230056,-0.9736558971769073,-0.9722455967128751,-0.9622532798467714,-0.9926378918766587,-0.9309483705769809,0.9478257093276123,-0.9837087181789297,0.9962017647324494,0.8671614150229467,0.9930532216383889,0.6309247051937128,0.9532055844220613,0.9652495921859937,0.48377378471358895,0.7681318009707091,-0.637628929648419,-0.9525221335301939,-0.6519579242754743,-0.9907532903882728,-0.9656858222056819,-0.855538065619082,-0.5991806256527831,0.9389523795630523,0.9784840186285715,-0.9949362731977894,0.8872261489678409,0.8347635522895521,0.9787383936781565,-0.9859199653548728,0.9010964220190902,0.7272439628097266,0.9822457088482756,0.9868181106491831,0.8837134004709513,-0.9855724096479144,-0.28132298214259055,0.8024657383506444,-0.9844274370252472,-0.0002146059440384876,0.9918770572039304,-0.897447815026091,-0.8320292487358504,-0.9588957625959421,0.9120989381211806,-0.6209803682456582,0.811981783343288,0.9845531346910512,0.9562007415585054,0.9902746176095931,-0.8686510871773873,-0.6225226452619477,-0.9822919255151339,-0.9620643522571324,-0.6975627969020063,-0.8733914896922567,-0.775832102637414,-0.879289821338541,-0.9035050887971424,-0.9224213929748393,-0.5739492629353722,-0.8020122597459011,0.9731226158397871,0.9591255203635032,0.23779379025696198,0.48452742735924403,0.8503110186351783,0.8134215998356197,0.24435351585475887,0.1978163311190598,-0.9388585348290941,-0.9888282802866427,0.9811257357199196,0.9935005404735728,0.06984649047180004,0.9983883828518753,-0.989928465857743,0.8131816699823466,-0.8944030550077683,0.9179457381358309,-0.9211325915982783,-0.9486809970535232,-0.947271833350501,-0.5831188137783442,0.8573021070486558,0.7344288064179202,0.9054164937448275,-0.9746558658159789,0.9170606398701336,-0.5475404544774569,0.9133538392442047,0.9631769641995511,0.930413930181912,0.9375060199154135,-0.8894163467454244,0.39875348050110443,-0.9924743777432846,-0.9871221387523541,0.3268898025076335,-0.9856484599030643,-0.9933902990772614,0.9928352126751068,0.9668269527412122,-0.6577942676828794,-0.9795700300653737,0.9589317180052696,0.8611343236622179,0.9690592157908984,0.9912056116356593,0.9405299551241425,-0.8924803124335067,0.0
0.9443164824156255,-0.9112778370684481,-0.976576723446675,-0.9578404367226999,-0.9188649703465169,-0.917955206754424,-0.9640750082130194,0.9999999995901783,0.8870867397912265,-0.7000825785777782,-0.8988348161509118,0.9482597903691388,0.9262313934857694,0.9519707281042286,0.9106868305998859,0.9543330355098865,0.6852712344973411,0.9351906072810728,0.8904631946527463,0.8754387815425567,0.9768486902238408,0.936395260323217,0.8994428190202512,-0.9815136926373641,0.9109885699733391,-0.9450679499830844,-0.7160143098352235,-0.9828051282830708,-0.7017929746086489,-0.8915724644195234,-0.9667681301637201,-0.40638279547497624,-0.5779886848096993,0.43080722550555844,0.8850681006293163,0.43273169728837985,0.9333994701387246,0.9508606358011065,0.7072352037184271,0.3979517464887205,-0.8480375127085656,-0.9552641746176741,0.936430810594056,-0.9510304673163338,-0.9099369046362125,-0.8940030035253738,0.9794787640824941,-0.8897875729396192,-0.7686719452468201,-0.9331165143561155,-0.9567020711555387,-0.905885336776682,0.9560711186772244,0.38608358337661375,-0.7945823803027673,0.9401342189936955,0.2109779606751567,-0.959844642614081,0.953684112939972,0.7431835924507502,0.9768036633005213,-0.8082686483332145,0.7389090157975274,-0.8061691107822689,-0.9956801079078307,-0.9248909612796984,-0.9574095989293064,0.7100274460072302,0.6527849243544711,0.9669554512603336,0.9309618722000403,0.6129483925307605,0.9519065215157889,0.7284908113635197,0.7787014680197609,0.8610546063567325,0.7918874247625464,0.5061108258598059,0.716336738326576,-0.9331403513084099,-0.8528735717214401,0.004730471549334089,-0.24421598550585258,-0.738928273123653,-0.7996788083802773,-0.3128920249927475,-0.012317522637172524,0.8387306174697295,0.9445130878845233,-0.9018848025612403,-0.9525561146545304,-0.29001196629088805,-0.9490847586014356,0.9534375960297629,-0.7368493691218422,0.7758156101191291,-0.7926876020424923,0.8804778544958524,0.9149355904721148,0.89388930055998,0.4195957400366336,-0.7741743651957241,-0.5661836172721599,-0.8545532275152472,0.9682210330636469,-0.7797730768727087,0.4989262032305619,-0.7764589006393567,-0.9301186954147969,-0.9085266894471784,-0.9517465381321241,0.7953546081663148,-0.34324574795426455,0.929685179730281,0.9563142838974868,-0.4795734414797786,0.9483626238094034,0.9683648308141714,-0.9688702474004373,-0.9550871136230291,0.8054587612125553,0.9275854801090923,-0.9697933511381301,-0.7848392644021617,-0.9322220362718281,-0.9552848576910256,-0.9281301626173409,0.8166327140163908,0.0
0.9757524145988052,-0.9905465022197858,-0.9399097571853942,-0.9678600641243226,-0.9588846079824404,-0.9811950165669736,-0.9521167063869663,0.8870867397912265,1.0000000043917805,-0.9491454120150805,-0.9693758285034636,0.7753783104254753,0.9674155984983529,0.9395224099542514,0.9758938766533876,0.9810664262123704,0.891511292735315,0.9671783056959287,0.9122913522850016,0.952879486561525,0.8397710696063784,0.9802760557097122,0.9827003781130312,-0.9194465498045984,0.9811737244097368,-0.965108040784939,-0.9373596993749039,-0.9362341603114124,-0.7078657849337676,-0.976484736141647,-0.9571432627100888,-0.7094801048599364,-0.8162560727245002,0.6655705744677357,0.9980035456022016,0.6562824787875922,0.9832335673745659,0.9753889560002343,0.9369866538132761,0.6557774635550319,-0.8573840637863877,-0.8696050630069065,0.970022845833521,-0.8836008166789143,-0.7695933852703211,-0.9756931182427618,0.947067406354496,-0.9648642657134081,-0.48519270115192986,-0.9842460386728874,-0.9750033164728197,-0.9289906050722192,0.9828859573317056,0.4456040661628994,-0.5899848730312829,0.988247121170852,0.06756233062892779,-0.9757767453473563,0.7690859151987376,0.8999302034461274,0.9274587524791624,-0.951589381870484,0.6555484711280651,-0.9249522854314896,-0.9174514574561524,-0.9880865407182357,-0.9794904866725389,0.8949411080850909,0.7613669746720241,0.9729664666480606,0.8375218394254389,0.5072815652304332,0.8416504188023896,0.8848967784993511,0.9766645452931411,0.8513198701780902,0.889622727154047,0.7926366655529005,0.9410109783767666,-0.9926011710343322,-0.9429436734216057,-0.4402683331010932,-0.4888478416797084,-0.966233020628977,-0.9314024039341363,0.062246751611762935,-0.07702409360745836,0.988130288974578,0.9812301979302999,-0.9265769649238523,-0.979749295979811,-0.11837191344646818,-0.9491655462736354,0.9825590118630118,-0.9474827848736509,0.9616521661027105,-0.8647244745206324,0.9888443456657293,0.9922190519971821,0.9929852945828022,0.7896795464603096,-0.9736154389901236,-0.7986422387928361,-0.9885263499297896,0.9603003890511804,-0.9351818685531986,0.3538712142115513,-0.8927152898320294,-0.9912206547264368,-0.9765448533438343,-0.9527359819575228,0.7795955648829793,-0.6517528613311557,0.9690414134459476,0.9775370197762274,-0.44139421524644495,0.9784425701596335,0.9629328716712008,-0.9417438567025205,-0.9720652582624585,0.6078531124234302,0.9667397277938556,-0.8849224997741031,-0.7197904093625694,-0.8545643215876875,-0.9416784436399845,-0.8218704513583055,0.9786494337591819,0.0
-0.8672190748088303,0.914101881965305,0.7880492062216713,0.8491530075255095,0.8537375301731047,0.8951789745633654,0.8184969438945148,-0.7000825785777782,-0.9491454120150805,0.9999999960689763,0.9097170122622487,-0.5630739144557285,-0.868964307725864,-0.8013569416059204,-0.905017882719381,-0.8794098623418727,-0.9049611487270232,-0.8758699243043511,-0.8023716027772965,-0.8728154071422886,-0.6329923280739957,-0.8806843522438814,-0.9258254999659025,0.7609086743479889,-0.9014942884957335,0.854177897283345,0.9584095894915139,0.7797487855355476,0.6671775748484366,0.9197327899116253,0.8258677237834883,0.8541994535659445,0.8458269772114373,-0.6988134371417039,-0.9432819100533253,-0.6977491996183325,-0.8874553240743259,-0.8768831444872577,-0.9704370796167584,-0.703137119439,0.7490601607891615,0.6920038207231685,-0.8655614633803316,0.7350469101564833,0.6065738732830928,0.9018473828641376,-0.8108362680087273,0.9077673264117502,0.22550733200038284,0.8974659604752225,0.8680265434697672,0.8282327205811323,-0.877543371772012,-0.47547414396148086,0.3663417660491349,-0.8967217426110807,0.01821281774043492,0.8583776586683599,-0.5325292554692947,-0.9140697371430655,-0.7708082441322275,0.9361690354946497,-0.5150464047166269,0.9044056698921025,0.7476646886911583,0.9132080269524605,0.8711897970116711,-0.8985295253663339,-0.7369880337843046,-0.851871782892855,-0.6579917924834432,-0.3342785422250773,-0.6622559169706054,-0.8618153863000092,-0.9915400954110755,-0.7552635467946031,-0.8238673993319835,-0.9018080940951424,-0.9861754347525455,0.9097873243355996,0.8680488213778998,0.67888011374709,0.5631693912361705,0.997689886208312,0.9138466183204492,-0.32832253934292377,0.06256765829429659,-0.9557984654074514,-0.8833672094208789,0.8165458812171257,0.8721152167260073,0.013372777040248715,0.8220805212508854,-0.8774607605065265,0.9674502484505868,-0.9495201056326843,0.7820657471647962,-0.944572072230877,-0.9235345361945863,-0.9414103092622678,-0.936855596954829,0.9872027752919026,0.81799053244575,0.9586256246567794,-0.8418108189426226,0.9070305461231399,-0.22110840291590916,0.8467914506611156,0.9061123742903717,0.8958020208494257,0.8348617016832419,-0.6640404210606972,0.8000768984891531,-0.8696334362725007,-0.8714658436489234,0.3906754595545938,-0.8788754945206089,-0.8396696813433328,0.8069340438883913,0.8571521724753977,-0.43421785336943053,-0.8764519599729497,0.7009608407198943,0.5788238151496439,0.6850172465982214,0.8158378734421183,0.6516698562983452,-0.9747977806338857,0.0
-0.9418351075920752,0.9547779393305547,0.9051883678236619,0.9490076553242325,0.9113667915341935,0.9498736960920281,0.9304931955912772,-0.8988348161509118,-0.9693758285034636,0.9097170122622487,1.0000000064222923,-0.8104083798422661,-0.9435666883742412,-0.899059634263688,-0.9785512006884333,-0.9796893533600999,-0.8180156633296164,-0.9784129509104105,-0.8788015077356389,-0.8986405170145838,-0.8290181514920941,-0.948521218256818,-0.9949211639949779,0.9119541745990777,-0.9548935267061258,0.9487232754731991,0.8670829415198135,0.9120701195432458,0.8415924571747775,0.9889997137927068,0.9311493466039541,0.748856975643573,0.6864712178706791,-0.49553662945794397,-0.9529747893114496,-0.5453144579910334,-0.9508039896336531,-0.9880530701606145,-0.8882093674333394,-0.46896146500461233,0.8408958587982039,0.8479115458595001,-0.9443892094216579,0.9039019279510009,0.8813375670819601,0.9398645656758968,-0.9621426288845787,0.9857379370941827,0.5144245369423034,0.9795391420883958,0.9771476208516153,0.9079647074388291,-0.9712875698433925,-0.5665756169150082,0.5949268394797066,-0.9750973182983323,-0.12435779587240901,0.9472346113646549,-0.7374641213710276,-0.9481144727404697,-0.8996687159594656,0.9551281798505167,-0.6340889004510292,0.9413555363836558,0.9172455145259166,0.9915029898048967,0.9692350304202695,-0.8427041422254509,-0.7101981354803079,-0.9526649266470869,-0.8174701506769928,-0.4098001801173713,-0.843635794065174,-0.7821771115547063,-0.9528171132739165,-0.9169931076365323,-0.8122787209904304,-0.782344223217178,-0.9356211877377542,0.9813261139069841,0.871112159911905,0.3560374279106406,0.3707724780285455,0.9211403421824294,0.9283771713683195,-0.05793414304729397,-0.07279638307795505,-0.9290926911625199,-0.9727736755492139,0.8903526593319047,0.9600968391448902,0.20205652074809083,0.920556217631435,-0.9671019249114495,0.8891510083605881,-0.8699852853073465,0.7831759146621208,-0.983800748225933,-0.9824282407522951,-0.9913266021331736,-0.7125750899868867,0.9356112174615182,0.634410372704126,0.9686706374731816,-0.9794644817468944,0.8602753570203229,-0.43267682864680973,0.8402101932754549,0.9649123076204066,0.9382256791788702,0.9417781936914454,-0.7709297285381608,0.6587593904128626,-0.9467557467242304,-0.9763585975886919,0.5206720248398697,-0.978863439219208,-0.9635499888510204,0.9494384677333454,0.9432998384712649,-0.747026583601854,-0.9745948257917987,0.8367467486060403,0.7213900628705499,0.8370141569081901,0.948170419780992,0.8590921238473775,-0.979084587392692,0.0
0.8801202402500319,-0.8353199674665341,-0.8853496238745184,-0.9055834796652716,-0.8771101884817227,-0.8608234614909288,-0.9233255999165173,0.9482597903691388,0.7753783104254753,-0.5630739144557285,-0.8104083798422661,0.9999999932974972,0.8888559802202468,0.9151258996338352,0.7708660090634155,0.8572553473465176,0.6608539165698766,0.8074450813355862,0.9026774053207043,0.8433097150090548,0.9758217828887255,0.8724197644803067,0.7846889472750888,-0.8705927504253321,0.8574933633035562,-0.9058002928173602,-0.6443581148062709,-0.925742975948279,-0.5829652042955981,-0.832128673732021,-0.8507417658719423,-0.22592787318814464,-0.5342623196370806,0.40898970396750817,0.7678486651605522,0.4870160514543508,0.8652786574940365,0.8595913829415661,0.6379485289180706,0.33396114552929285,-0.903917977885056,-0.9667509249822333,0.8914503269572371,-0.8126500887992965,-0.8938539918622237,-0.8461855326129533,0.9291390788200945,-0.7530325325732468,-0.9175137669648311,-0.8680947035260256,-0.8920585720098165,-0.7283504024423127,0.8719579168628301,0.17510193794709483,-0.9347641891090073,0.8624570348536572,-0.01708105104455889,-0.879071040529316,0.9113591445196362,0.7025832193270992,0.8683665326835607,-0.7704387394990557,0.5095705887355471,-0.6206550303084357,-0.9467106208593428,-0.8211700457156994,-0.8851610861398712,0.7027255227422584,0.3793408596277479,0.8703434692443528,0.9687854646692606,0.7420424981517395,0.8166701902587244,0.5057696225586643,0.6630886534302272,0.9032036966910689,0.7943970502932355,0.2787615980297476,0.5657169268994034,-0.8380097754523458,-0.8154062287879296,0.0660297225580547,-0.33156330760919017,-0.6027670760556014,-0.6026573971775703,-0.5362003601529133,-0.18337130267878385,0.7401846621375885,0.8813150470757137,-0.9006745358426811,-0.8839728844071794,-0.08370413481765472,-0.9176060511774843,0.8775051636181733,-0.543398432510702,0.6581707008086949,-0.8084575148248276,0.7469959982278513,0.7931307513881528,0.7944109821400692,0.2469376430700862,-0.61509364317492,-0.46455758918339696,-0.7062957419503091,0.8970917289216598,-0.7392311701234581,0.7385539715780496,-0.7912298767763459,-0.8101321856596065,-0.7545885873741441,-0.8135962425642888,0.8938423383441032,-0.10053953224770562,0.8899009814965453,0.8876742683856429,-0.2392583280655066,0.8847399372945735,0.916053509488064,-0.9416066761079321,-0.835931512515076,0.7437470681251633,0.8895455279776991,-0.8968547984793858,-0.9088609656897886,-0.9662856809356125,-0.9370901891663852,-0.985177423758568,0.704743575638803,0.0
0.994147643356769,-0.9918669476855072,-0.9507005799496281,-0.9947198835037896,-0.9945738253596387,-0.9977456287685095,-0.9917135129262121,0.9262313934857694,0.9674155984983529,-0.868964307725864,-0.9435666883742412,0.8888559802202468,1.0000000050223798,0.9865130100768087,0.9219173120357241,0.9677301156231192,0.9081793635261544,0.925979228820413,0.9842485664518327,0.9892888908606753,0.9241833332573077,0.9959280670465733,0.941020302418675,-0.912267207161636,0.9975263473968615,-0.9984939132162337,-0.9184586789941628,-0.9708313669746156,-0.6278770512137409,-0.9743246618501303,-0.9428845423342471,-0.5490992359928334,-0.8230509476130391,0.6906641243992727,0.9652747481534162,0.7221688158230293,0.9949995544166704,0.9624737363507117,0.9120493900494441,0.6493593258123046,-0.9555457540030279,-0.957394519394912,0.9993110654409705,-0.8474775039411526,-0.8050928212443701,-0.9961032562768461,0.9733788594018674,-0.9052896677305596,-0.6756104061359595,-0.9903449337132332,-0.9857128911685621,-0.8598726617807193,0.9819529723581705,0.2740770462803618,-0.7711256079831793,0.9883495982599675,-0.08043990520488906,-0.9838118204336871,0.834567805561819,0.8817338407343259,0.9256094105574194,-0.9539466423705041,0.5534659486280318,-0.8194099017379827,-0.9566662197678524,-0.9614278882914035,-0.9876060759582584,0.9228287011525907,0.6021924890409073,0.9690388824287123,0.9436347981549745,0.6829952762969105,0.8191578108762154,0.7750157448402873,0.920143383470419,0.9201599189667973,0.9494704885060227,0.6206503867750139,0.8459758095323927,-0.9773665839437824,-0.977097241268444,-0.35450613993471414,-0.5657514823968992,-0.8938688108869173,-0.8205996185176652,-0.17354995133739023,-0.234980746463002,0.9647049077511712,0.9925103010515147,-0.9898185106775721,-0.9921081406985613,0.012135594925148195,-0.9947747379820955,0.988167749463284,-0.8392929710235493,0.9241096943147259,-0.9391752783676381,0.9334795893155992,0.9533798537044977,0.9636739525559941,0.658615960972325,-0.888830598551394,-0.7728872059712357,-0.9211590540350466,0.966055229743885,-0.9538537584704438,0.5594935243943179,-0.9509282326916396,-0.961614778669503,-0.9231440376044667,-0.9156595437351015,0.906914663188403,-0.4501718234433032,0.9999247542442339,0.9858092384768595,-0.2801568814042571,0.9881428867154946,0.9872313448435605,-0.9855032240142112,-0.95171190571811,0.6040197841617353,0.9903928187482227,-0.9193244518564676,-0.8693160784869578,-0.9550416827649197,-0.9895699987935059,-0.9277169531543537,0.9256877224679233,0.0
0.9915554734290537,-0.9745374465442503,-0.9755475970693969,-0.991222248591391,-0.9934186051221116,-0.9820278442202978,-0.9962180120488296,0.9519707281042286,0.9395224099542514,-0.8013569416059204,-0.899059634263688,0.9151258996338352,0.9865130100768087,0.999999999626746,0.8979653809443148,0.9545362623479996,0.8608689055194803,0.9083304768473083,0.97774122259372,0.9774252901013821,0.9645128026944972,0.9878801087857146,0.9034777027741754,-0.9352639064269576,0.9765943639362609,-0.9890060294368679,-0.8686122732554143,-0.9905371163483034,-0.5634708416781696,-0.9303651923518221,-0.9564810871055462,-0.43306492436167193,-0.7947432268778216,0.6828398684807941,0.9448872208921514,0.6820916872175643,0.9855945603742979,0.9427913539126245,0.8487290196857098,0.6461256449763834,-0.941478178696733,-0.9833291034479132,0.990069947330039,-0.8624269804221669,-0.7904563158498117,-0.9752356234134276,0.9684800534322203,-0.8690146050141662,-0.7373068534724604,-0.9668578724098079,-0.9704567596643208,-0.8665698211103438,0.9722461332977081,0.21078872750551425,-0.8163689912054081,0.9712263145425969,-0.03492014254022711,-0.9857691814590593,0.9068162844030209,0.7948644973823775,0.95353180335364,-0.8920877753597218,0.6069287494060841,-0.7757862682237252,-0.9753277932924008,-0.9338464789576938,-0.977709809853302,0.8708977793089469,0.6061795380429196,0.9721979441813119,0.9692109259986821,0.7453441307555604,0.8580824633307526,0.7799200624330207,0.8601822418642104,0.8748635299763812,0.9389479973057998,0.5378570011019584,0.7720778470591633,-0.9571596849028906,-0.9699835441049365,-0.2399467823420876,-0.5208005273475212,-0.8361987778968971,-0.782898920025826,-0.27948676318359283,-0.26523797946551003,0.9365438111439358,0.9756873213773243,-0.9848185528602678,-0.984550962145371,-0.027267102452150808,-0.9975144064057665,0.9786562597216402,-0.8000509367236543,0.9013206061558043,-0.9385893405904274,0.8973507726048917,0.9290624635431083,0.9255221480671909,0.5731131794364892,-0.8397421287349216,-0.7694452210839402,-0.8847805473921958,0.9526573791409106,-0.9259314669545763,0.5417421563334741,-0.9207259620544834,-0.9506693888985912,-0.9193288485690562,-0.9207404404397731,0.8945314801540308,-0.3551637741809551,0.9865447963453257,0.971510105321961,-0.27397191062630005,0.9694575244536175,0.9798503625283852,-0.9799678199048621,-0.9574900060106326,0.6033535487269992,0.9624836972225564,-0.9662945695474424,-0.8673741905072677,-0.9740677395716856,-0.9789602448815801,-0.9285134807822937,0.866165424840352,0.0
0.9420944932597402,-0.9507821686332183,-0.9393583228316166,-0.9413408466688312,-0.9028688484693443,-0.9371484540356717,-0.9231138851945819,0.9106868305998859,0.9758938766533876,-0.905017882719381,-0.9785512006884333,0.7708660090634155,0.9219173120357241,0.8979653809443148,0.9999999970268674,0.9865215865739038,0.7740851946523432,0.9973895048589518,0.8390931651819439,0.8787502631620381,0.8283165415801214,0.9446065181873049,0.9930557743042997,-0.9532139177185663,0.936282190408529,-0.9301482680454249,-0.8439423041128647,-0.9242273145348271,-0.8218929605182476,-0.9543779457887808,-0.9690921029029068,-0.7348398932567698,-0.6733408661854251,0.4940490973571218,0.9688505415392324,0.4773966534475235,0.9480722273525517,0.9863654685072678,0.8527060444128973,0.4943126758107643,-0.7738227000749344,-0.8309609829413713,0.9296313778910372,-0.9525596661353091,-0.8421321640640341,-0.9194504681247467,0.9500818156168053,-0.9959236951597096,-0.4594437179614144,-0.9630214223436719,-0.9656944363904061,-0.9735596723960415,0.9746756669313223,0.6057177104604223,-0.5318639387662744,0.9700874426984543,0.26541369284928906,-0.9586438639850263,0.7841981917519676,0.8740146140498425,0.9446089593325427,-0.8989198813112181,0.7678334648273019,-0.9735973571352968,-0.9229228725130053,-0.9913226349840148,-0.9663533628426206,0.7846757584659471,0.8322817914772148,0.972402085583693,0.787634467908891,0.37659864732172293,0.910114206225375,0.8791477528169478,0.9398040765746354,0.8283512747814613,0.7797851988943163,0.8168393248143498,0.9307854834024378,-0.9829222998171254,-0.8592046330968609,-0.30250168467630506,-0.2890196831250824,-0.9226680564682863,-0.9721813932954085,0.09981658971486845,0.12937647841040167,0.9317092934360659,0.9602877057274881,-0.8583616132219576,-0.9577791134316526,-0.3234052937943952,-0.9079503164693221,0.9667658163254474,-0.9346930531384064,0.8901149198593348,-0.7518328032319997,0.993983358688875,0.9949060950617212,0.9820923554994336,0.7233363241894082,-0.9538786008544179,-0.6719268604183158,-0.9877258440377278,0.9715442185009769,-0.8364166939595549,0.2768776800983988,-0.7855963555180694,-0.9870981792678787,-0.9844429502414266,-0.9841282290672652,0.6849714715713691,-0.6962540652471653,0.9262250996471131,0.9678443693633574,-0.6177464373031581,0.9646001688497541,0.9516258945380516,-0.9258940133677414,-0.9772953221631874,0.7440026698998302,0.9405652000622369,-0.879654831297709,-0.6304473850633072,-0.8038476951705841,-0.9166136357749746,-0.7976924025900535,0.9620931541036752,0.0
0.9801415214845733,-0.978360677971573,-0.9717086354894496,-0.9827883439615815,-0.9534781256472891,-0.9738239371263571,-0.9728006304353904,0.9543330355098865,0.9810664262123704,-0.8794098623418727,-0.9796893533600999,0.8572553473465176,0.9677301156231192,0.9545362623479996,0.9865215865739038,1.0000000010616272,0.8142706254238546,0.9908990938584897,0.9104083573102307,0.9305729471113884,0.9030826055457725,0.9807143353885491,0.9865245968172925,-0.9699982432461045,0.9722000090586983,-0.9754659864128543,-0.8616853564303081,-0.9706027089657723,-0.7690002706876704,-0.9733120757815219,-0.984502926434193,-0.6419760982933369,-0.7125515081228074,0.546824322968724,0.9757007535431254,0.5489867759865545,0.9818154305308429,0.9982226213386769,0.8638268214360781,0.5285581917797451,-0.8587600339710953,-0.9100082637925606,0.9735768129135295,-0.9462611090171394,-0.8681786436584884,-0.9590892059164157,0.9863989552545794,-0.9762877604870202,-0.5898887577539282,-0.9896225027572431,-0.9941876230429308,-0.952154878567288,0.9975295775737502,0.48922954971100513,-0.6617628762838427,0.9939479349206999,0.16362470601324794,-0.9892780639771926,0.8476845932413928,0.8764108014131489,0.9675962892325941,-0.9214117694494868,0.7188846866092922,-0.9238501245284273,-0.9688298518687675,-0.9957462028314319,-0.994828470065647,0.829521690033342,0.7525752754214741,0.9941673811961882,0.8776396636530401,0.5141071773613268,0.9139868814149902,0.8407149363287156,0.9281544638776894,0.8837726750906308,0.8483262131869721,0.7245405832897512,0.8910537803211576,-0.9967032148768946,-0.9115672219912515,-0.2677161221450091,-0.36492745529087495,-0.9032061547660787,-0.9216222752659141,-0.05088095503724485,0.0062615194054765275,0.9461704550062162,0.9906419238429489,-0.9246892238308974,-0.9902013912626878,-0.23069071678299669,-0.9623604927706251,0.994344246502602,-0.8932221996869234,0.8989659206065125,-0.8297965809168973,0.9809070902894426,0.9931951391697169,0.9855769286444593,0.6660061825566317,-0.9256081411828138,-0.6939550662662133,-0.9687439790139133,0.9943285522721454,-0.8790084398332776,0.4081412416727941,-0.8500374035121955,-0.9934190388871437,-0.9765172030630533,-0.9827567114602981,0.7860786359787796,-0.5794485704233375,0.9707676330681054,0.9952341977877167,-0.5129963061756739,0.9927436924325771,0.988836179342731,-0.9743455856509096,-0.9894591047162957,0.7374089942706628,0.9765722912015009,-0.927742613391186,-0.7432870893254412,-0.8902774857415258,-0.9679084559845582,-0.879956292237033,0.9497081627684072,0.0
