1.0000000007713543,0.9283990725480158,-0.5912040053944351,-0.9159012419476488,0.7814880877881452,-0.6862011976085579,-0.5844683960815624,0.49162468647008917,-0.6854653444523867,-0.9480467735865895,-0.6839696074265296,-0.8175257083256515,-0.8959194738498844,0.4344746033120554,-0.819080616659654,0.40844441648419944,-0.8278713950396683,-0.9264850655223114,-0.8063447294415872,-0.9162639379001357,0.7051342569094904,0.2133241485336691,-0.5546495415198403,0.8628770992081614,0.9410362960597826,0.5215687218188497,0.7893707230342982,0.9024786521166441,0.8983280513736195,0.8913842416005446,0.9394882155885063,-0.7858643737007771,-0.8006643087295747,-0.2767563600302754,-0.7790422780595846,-0.8566001440332365,-0.30421870009366625,-0.9864002231098087,-0.8914618885442329,-0.8979962070273452,0.9729890234286318,0.9826562636363312,0.8354312276437967,0.6421873713372191,0.7765766579964781,0.5104919915201068,0.6176816459354381,-0.03974009614860151,0.7463054510235316,0.7417325357449605,0.783177613751983,0.8512291321885809,-0.9655935634436552,0.5799495183052917,-0.18146461636306466,-0.5322623580607903,0.08337871319497835,-0.6015736084607535,0.8506603165433975,-0.9744040789570935,-0.8161098279238411,-0.6447958011695843,0.8290934059460657,-0.7644449801611882,-0.5920459229388645,-0.44156699746346834,-0.6945004754505274,0.8070947196840481,0.8657542487401875,0.9662820095551098,-0.866129358369083,-0.9205205345118319,-0.17313327398969316,0.35688030800724735,-0.729354379607366,0.5864452882511352,-0.7759069116929762,0.9666347729202202,-0.6107529286383501,-0.8677820700708664,0.8498517699439795,0.7617351517073973,0.6584507490877499,-0.884787020187831,-0.9223888595779899,-0.9231390778687505,-0.78543234348959,-0.9253654511391716,0.6882902063245884,0.1146847559477026,-0.91337160978881,-0.3571850986976572,0.049909665011370896,0.9618910378016386,0.5030208912503062,0.724554077259093,0.8003284533115816,0.5226358870817676,-0.6823600717142714,-0.8769911532440023,-0.7671398429856067,0.7941562634128384,-0.9308083194060204,0.8961148461120721,-0.6668482146289916,-0.8542177642627644,0.6759358833433478,0.6369741678006886,0.7344899609439189,0.7710556704777194,-0.7571238865668096,0.8349429455636291,-0.9054092693584274,-0.6718715150490502,0.702012377570144,0.3492626756877296,0.7675076862522925,0.9726167403151948,-0.38533659799249326,0.3390495627749059,0.17064021122989015,0.4285515829772861,0.4603199635274136,-0.5808373698092758,0.8829568792198255,-0.8662810360105716,-0.1588166951328231,-0.0654591801835916,0.0
0.9283990725480158,1.0000000002729317,-0.6528440711024334,-0.7138598930206066,0.9505332411052525,-0.8781026797063042,-0.7604230994276484,0.23554887402639305,-0.7395325079668309,-0.9745494497514787,-0.5785403562276704,-0.9716618231087535,-0.6884754355953158,0.7235752940828679,-0.949648337119001,0.7118898785171052,-0.6020806459265889,-0.9863535020919844,-0.7579959215799899,-0.9295624125068052,0.8867167558059647,-0.11677590225345934,-0.7814412860104152,0.894263449022954,0.9841572798840211,0.7628408492235892,0.9459473995969054,0.9304342520170921,0.9960432848303346,0.7224105268206701,0.9979851384379582,-0.9268421458972429,-0.9639064952941829,-0.046542541061417315,-0.9549277656623878,-0.9341676053616917,-0.42645268640843575,-0.9687220114771763,-0.9862389232988013,-0.9890131166742829,0.9632718884879233,0.8977384315298839,0.9383726957572811,0.5058587934356235,0.9433350338147353,0.7185515094021174,0.8483218619342038,-0.3955130850219506,0.9263531396805416,0.9306559761129689,0.9153145233516523,0.9785921498043729,-0.9844213401481307,0.7930852142291661,-0.44894610996304385,-0.7308788508636206,-0.13099030484457014,-0.8540640031158644,0.6449060545273864,-0.9096912173038155,-0.9656622050074298,-0.879893811726651,0.9357644154298616,-0.9492111895296904,-0.47985360427836987,-0.7272563544884804,-0.8945956865575861,0.9357712270416992,0.9885433330283923,0.8137534238704618,-0.9897409949927046,-0.9966785957247936,-0.4619336702799127,0.05358836901077356,-0.9244684157458997,0.8296744998198712,-0.9540348192580144,0.9496733126984901,-0.5720030908630482,-0.9012021477297821,0.9846084341982888,0.7640455896785611,0.8850311547219867,-0.8635057038793608,-0.7198084410735777,-0.952269900572235,-0.9584550195718133,-0.9976561665987504,0.8377501043672105,-0.09024043518691234,-0.985985923612404,-0.6700250465138122,0.40151221929674324,0.8942161751565181,0.5785383042990813,0.8488192672315148,0.8880315027659936,0.6946368706395039,-0.9022947616915491,-0.8131608358719857,-0.6969962652586963,0.9443158973431196,-0.9724834901675695,0.9535223667721051,-0.778508522685111,-0.9767251075360802,0.9012723857353947,0.8590614134194499,0.7841850254144078,0.8479728014780862,-0.8336026720345983,0.9248760025736874,-0.9575486918161157,-0.8907634125699408,0.9027441924026306,0.6218963694381028,0.9179036033968947,0.9026941950539711,-0.6787358055400627,0.6292071799222936,0.4553313144961623,0.6689860240538812,0.6399089112063262,-0.8223835724019221,0.9891196434267059,-0.9359900456265479,-0.3286903488380481,0.03638441724773104,0.0
-0.5912040053944351,-0.6528440711024334,1.0000000015316315,0.39687324712507716,-0.5272453514944445,0.8315453538180378,0.9209458066546369,0.35089638205141993,-0.014051420332530623,0.49168678826599954,-0.1741665079616755,0.6323677470215453,0.26838660015554683,-0.6908888732527264,0.43415836978171707,-0.6152578005536762,0.12600991667535996,0.5214552708542195,0.9237054279578216,0.37123127389333704,-0.343561311836187,0.4564970574699365,0.2347753651504644,-0.25763217235551095,-0.5718744222059712,-0.8127210676132139,-0.7877032228419176,-0.33948899930557364,-0.6133251725498368,-0.4050398214269075,-0.6644681849102981,0.37367190264281,0.659413100607083,-0.5266778965768016,0.5878012438065184,0.3447927867744533,0.9464122885182256,0.6371134579684146,0.647441311480801,0.7301297595402086,-0.7373174030829611,-0.6146497901955409,-0.8664622337858874,-0.5276267832169466,-0.4778427893976993,-0.898440272349207,-0.7599662944004798,0.40590463905041185,-0.5329356419006261,-0.7018159651354097,-0.33929809380244863,-0.6336479110969879,0.5752368329129488,-0.861983306869901,0.7912043607098473,0.09775255108525634,0.7177272833028856,0.6218057041589373,-0.19561951271740205,0.7493939168600904,0.7213481970602776,0.5204468425511939,-0.36134680184298784,0.6409403714664079,-0.2892450452031492,0.5484812394242602,0.4306986613880336,-0.39183123795882485,-0.6186633975129654,-0.41285228813171404,0.6402103764542945,0.5907457126332727,0.6766432841820129,-0.42569392026039826,0.4989181941741201,-0.708318292320097,0.6151156518609895,-0.4526710999615992,-0.23394122882330967,0.2751493011968464,-0.6363275987445303,-0.021178458291145896,-0.6634076802883293,0.2155694244168216,0.5173673948183685,0.7440775510768224,0.6558507601622331,0.6020601153890597,-0.18802633467270194,0.7104216471257716,0.7604114009092382,0.3099484033356332,-0.08157361668131849,-0.7748991758107128,-0.9944055337864447,-0.915870624824355,-0.23822228192409473,-0.9505442819170118,0.5309755250773311,0.2992906240755757,-0.03386207592892676,-0.5067670394081352,0.47244665691678583,-0.3967303436195034,0.0830203715415514,0.6670667678679839,-0.5901581674578315,-0.3937779102479568,-0.0645490440539091,-0.28786093293811876,0.13779353696444302,-0.32278768920608475,0.41121877315196226,0.6119585791685973,-0.43478374780085355,-0.15944963042997742,-0.3914325046499123,-0.45324428235411873,0.7125274791078302,-0.6221867669369053,0.02112002288896501,-0.8400499473244525,-0.9444451273375584,0.7249814559418603,-0.7324818462848041,0.4366376724216502,0.8785446829160202,-0.7550674571260086,0.0
-0.9159012419476488,-0.7138598930206066,0.39687324712507716,1.0000000012976942,-0.49181250221847506,0.3627618077624792,0.26894814838897935,-0.7187817644251621,0.5845350176088755,0.7928815236897213,0.7341666922012469,0.5299248486661322,0.9602155610385992,-0.05821436888220344,0.5665015654414686,-0.04706167347417175,0.9587499367636866,0.7362698686312099,0.6811409315876531,0.801145925043559,-0.44558857049447603,-0.5572839024146957,0.2410313852910543,-0.7061321476185056,-0.7780815184187774,-0.19889387723603724,-0.4923460489571971,-0.7477926095723153,-0.6641392540072025,-0.9767058930523106,-0.7426734863080795,0.5454999066938104,0.5255658458585432,0.5504785836415846,0.4846033175899577,0.6589353830491607,0.08551278796098864,0.8622361159712713,0.6828202179044942,0.6501535036503752,-0.8145232065244956,-0.9372388879920428,-0.5812688207462889,-0.5598375484514999,-0.504427579057331,-0.1813830515524742,-0.2953019394490386,-0.2939575480920446,-0.4300994540480671,-0.4161401450006371,-0.5634007265148362,-0.6150027368937603,0.8126395290313408,-0.2430872156066103,-0.1581261449481719,0.25279111475568294,-0.3524433106761331,0.24869179838798386,-0.9727395857999411,0.8733011321394657,0.5502330315949604,0.31093656898566824,-0.6166369588622702,0.4616100624486929,0.6712619927698287,0.04649572985897307,0.3820174736043948,-0.5580551666149157,-0.6183249564102505,-0.974719251050196,0.6098689194379678,0.708481315878226,-0.11587719430941548,-0.5697848365499398,0.4353946590820116,-0.2184582566192494,0.4746591471717081,-0.8382373860431784,0.596029376761224,0.7056281051262063,-0.588797356037949,-0.6632228198400444,-0.3084817906269585,0.8022976480890944,0.9641791668013437,0.7066898730026616,0.48493487919837486,0.7110938661140547,-0.452865576685405,-0.36272971629374295,0.7013705540508726,0.007266949043371782,0.28147953540038123,-0.8697996601721564,-0.30421174386890615,-0.4900546194467805,-0.6126032378968022,-0.2373508937962166,0.3703681980132214,0.7617346943346764,0.770460198711465,-0.5032245597264365,0.7670061543476292,-0.7106059669307483,0.4520140137670904,0.5750319524185629,-0.3492513139063401,-0.3131476929194913,-0.6332128127050063,-0.5354201762502242,0.577595415190573,-0.6378006207000296,0.7215695150433226,0.3232568450344894,-0.40285613152299654,0.004471220873732719,-0.4926444387336544,-0.8744135036374486,0.024888233814386613,-0.03658533425025837,0.16544461086087195,-0.07098099106378018,-0.1667305830564623,0.21239395915039602,-0.6388958010476925,0.6355598888046212,-0.08887655116341005,0.2301350594499776,0.0
0.7814880877881452,0.9505332411052525,-0.5272453514944445,-0.49181250221847506,0.999999999594982,-0.8883590090090665,-0.7450958151272633,0.10468581490590129,-0.785416866901957,-0.9171407344237591,-0.535084102172291,-0.9912248138746178,-0.4998127746970764,0.8298309588108918,-0.9877788315242323,0.834601346250552,-0.41162968744704176,-0.9503761125824493,-0.5716541245781122,-0.8773221978272842,0.9700462807266303,-0.2934947490318053,-0.9311885597097002,0.8911390573281119,0.9196863145322117,0.800795877617823,0.938183494123741,0.9067785085442134,0.9738817009616227,0.511925925348984,0.9335365568489217,-0.9779227538688967,-0.9768649427718176,0.049614487974580276,-0.9962764805099401,-0.9473527377404232,-0.35362913221112935,-0.849757574257303,-0.9457591902577736,-0.9449620777398965,0.840280468013969,0.7257204452562748,0.874466260122538,0.35570820999217717,0.9955039851849735,0.7280965085895779,0.8904809160490357,-0.5821658209274162,0.990458493607517,0.9664721211987818,0.9620520245545655,0.9659756694171735,-0.9049778069463765,0.8135350977475528,-0.5177539473471031,-0.8854448350635975,-0.1734464556406547,-0.9465926935064775,0.45057502519921333,-0.7395517693469126,-0.9560406801454814,-0.9782101074608648,0.9636045821641785,-0.9865874600600228,-0.4489879763773149,-0.8694979445134552,-0.9881584584608463,0.9810089062167271,0.9813291707920064,0.6366158452677835,-0.9817973694245192,-0.9613499767014076,-0.5435357683042372,-0.2506478674221117,-0.9933601497141571,0.9066698719031858,-0.9932920006973314,0.8721490505549446,-0.5953393561382332,-0.8971988121941472,0.9842453587382807,0.778951645888382,0.955810236041412,-0.8183290527184378,-0.48871958141317123,-0.8676062336579786,-0.9865324106572139,-0.9591602372203919,0.9320700461641256,-0.1230030953172915,-0.9136094107173722,-0.8577589885333732,0.6537964352804313,0.7142811808112273,0.46378670045531795,0.778134240131444,0.92531430746666,0.6611709109905958,-0.9826840553318175,-0.746654758547149,-0.6542519759289145,0.9907750564376443,-0.9290446940871193,0.9418577076106295,-0.8724258161857694,-0.9720926162446483,0.9773113674030602,0.9751949880104269,0.8105516409486087,0.8903023247000564,-0.8855573527953374,0.9479877452517609,-0.9398229589653418,-0.9684565260202206,0.9902056001304195,0.8271964559488344,0.9831528992002948,0.791913530210656,-0.7771835628903784,0.723690180295732,0.7013682144267918,0.7172035380825762,0.6157207649477533,-0.895526669359473,0.9494823987289375,-0.9395229070966252,-0.3045181083641645,-0.015550933680227195,0.0
-0.6862011976085579,-0.8781026797063042,0.8315453538180378,0.3627618077624792,-0.8883590090090665,1.0000000004545468,0.9657009691470587,0.25759148812330906,0.4289220049251655,0.7524154571296587,0.13658990201887763,0.9314377514113016,0.3046140937136996,-0.9432996849181658,0.8146009372658182,-0.9092042148410044,0.16805171634004248,0.8027791506030165,0.764195908850772,0.6587072029117026,-0.7784855148029016,0.5613560833857696,0.7307715410805585,-0.6234761207759553,-0.8012405995039152,-0.9625549341846863,-0.9856770229626295,-0.6709779167042597,-0.8828905085874693,-0.3877269523994644,-0.8672129496412454,0.7800138136614407,0.9381303602390838,-0.4253534195316652,0.9202471388696786,0.7198297955095658,0.742316316035797,0.7702643665180431,0.8793931077301023,0.9277918359889136,-0.825930586637865,-0.6571141734780197,-0.966138546373678,-0.417506975634503,-0.8566994115523667,-0.9593725881288537,-0.9776741677581796,0.687871552867754,-0.8957686918678454,-0.973612047062712,-0.7473436411746858,-0.899400860166843,0.7852992717607169,-0.9874933231904129,0.8212363507358108,0.6220406672069168,0.5777200598704173,0.9502790100515504,-0.23127279617449045,0.7505875721747732,0.9522623816324294,0.9053645444106242,-0.7491991057518589,0.9468512968964247,0.02674589676535417,0.8945728209898394,0.8490099787740367,-0.7884960767149792,-0.9005023907539987,-0.4765838793380201,0.9137551555029606,0.8532857531465239,0.7727815340575931,0.05870334277599529,0.8803238692601033,-0.973847124614604,0.9346955553227679,-0.6898992161526827,0.1730096529893681,0.6371876953631893,-0.9177655534083433,-0.4256986908068599,-0.9666431074050922,0.532113628323489,0.43076402466068886,0.8684894068504605,0.9499278820504264,0.8570720560556373,-0.6652075193667186,0.54093206364542,0.9133890696259802,0.7679033484312524,-0.5589302843077626,-0.7477479288179657,-0.8022743099270611,-0.9452317745657769,-0.6563040387226783,-0.9304256835765562,0.9031831820442966,0.5310147536231851,0.2891217612963309,-0.8674051978701284,0.755632698489454,-0.7338883917123323,0.5652991788964911,0.926941104975125,-0.935208033511042,-0.8336264485557442,-0.4797822530535757,-0.6703507452055468,0.580217690139764,-0.7130664145024062,0.7380454489032614,0.9442929551356979,-0.8494410501415459,-0.6642331623079231,-0.8021408555585753,-0.6256321480431123,0.9256439674427682,-0.8396329769970504,-0.5100744214352398,-0.9413592761368703,-0.9087263673978435,0.9761490569580398,-0.9354665895490429,0.7666051458778237,0.7054252931309448,-0.44134222261705947,0.0
-0.5844683960815624,-0.7604230994276484,0.9209458066546369,0.26894814838897935,-0.7450958151272633,0.9657009691470587,1.0000000010033614,0.4167519731435146,0.1858159880411532,0.5955214545247826,-0.08620741835536966,0.8138927275310128,0.19927238631360533,-0.9060248252337372,0.6485091002775816,-0.8423753982204162,0.03326998273123022,0.6501303332618172,0.81682371570905,0.4737787047200345,-0.5899097323596516,0.643460181230746,0.5560306015519749,-0.4335225115147707,-0.6571333041261532,-0.9397375674592979,-0.9204566145238545,-0.48982132437012393,-0.7533154790208837,-0.2761422612699436,-0.7509649192620569,0.5954294777705548,0.8196633183120986,-0.5979709053199088,0.7899087183505737,0.5354329471480485,0.8805572256305686,0.6591576813065325,0.7509479983026153,0.8406032724291336,-0.7553293176635872,-0.5598333599586297,-0.9290782804772121,-0.48036563459937903,-0.6958687432066704,-0.993678055850463,-0.9160838736946578,0.640463389592559,-0.7701538246058924,-0.8899598657561099,-0.552292383952855,-0.7676719009130187,0.6489779100582973,-0.9873217154104873,0.8997448607433542,0.42724222433345205,0.7417420298244626,0.8555071130342299,-0.0935977264359099,0.7009569254887158,0.851227945093338,0.77467949873085,-0.5614441214205755,0.8319070336046229,-0.2014041038947413,0.8304253012574966,0.6968229699271654,-0.6156837122953325,-0.7691428769602905,-0.36421160323876794,0.7914147189619753,0.717421964207015,0.7820808786987368,-0.07572895064013217,0.7283645052049078,-0.9218355936851881,0.8139063727761316,-0.5400490507949529,-0.06366333425930562,0.4509112785128202,-0.7931334405898464,-0.20712922841924206,-0.882820975845626,0.3317416684984204,0.3867047084284531,0.8128908728779854,0.8401382042096721,0.7267511408080057,-0.45812136056594194,0.711873379958323,0.8264850480499513,0.627523102353052,-0.4272600581212686,-0.7071749009111217,-0.9119987550084124,-0.9324989632761891,-0.45114467190748064,-0.9827672486739837,0.7639627962959898,0.40689789433409806,0.06587882266632519,-0.7309893869660332,0.5913343170724293,-0.5598547143036571,0.3608050838793318,0.8278804960786712,-0.8160583427333494,-0.6793661161155654,-0.24327093755869011,-0.5209058406013469,0.3701491473370977,-0.5200076920644607,0.5680597789670087,0.8483716983607922,-0.6885607103089242,-0.524000970738989,-0.6375712821325487,-0.5037880484590939,0.8999605525078823,-0.7815528437853353,-0.3681491709751276,-0.9763721969806131,-0.9792778945706392,0.9320417481932404,-0.8395548752749166,0.625145477345389,0.8518183830926881,-0.6525385135581018,0.0
0.49162468647008917,0.23554887402639305,0.35089638205141993,-0.7187817644251621,0.10468581490590129,0.25759148812330906,0.4167519731435146,1.0000000014925825,-0.5995979315596959,-0.43634032705740705,-0.8802192243283506,-0.06462166783843007,-0.788282639701494,-0.4649357507172847,-0.252755725217065,-0.4265890358771817,-0.8834074715878425,-0.35672512432592457,-0.005418458369772429,-0.5305491560010486,0.18875821220345648,0.9124498690167283,-0.07368900369843369,0.5327008695433765,0.35569381260514155,-0.4218798667016476,-0.09168201575568714,0.5102747514278054,0.21454014181044478,0.677402528405153,0.25380492854159475,-0.27180195822179387,-0.031986941121450375,-0.9477591519370143,-0.04934749738154666,-0.4148329702249076,0.6291698955189317,-0.3966351423727562,-0.19915432422016105,-0.11616348345567565,0.27943830394087127,0.48667249426890125,-0.06044196337026079,0.21303995173734355,0.15095184861811897,-0.4923687358438155,-0.2820552821170157,0.6259585747803313,0.04404873566025121,-0.10187214101564232,0.3128593703073109,0.14046001718684703,-0.3924748865506012,-0.402432722437304,0.7604293361539783,-0.19145533887131058,0.8980399785776886,0.2179165064716237,0.8384926703115738,-0.32899150474707933,-0.009742281847494778,0.0773112727149387,0.3546890907269189,0.015294964200077312,-0.901394291362061,0.3579353845422343,-0.06837988475044401,0.27707158289478995,0.1606310287716495,0.6880401297966166,-0.13798363583416098,-0.2763991278445296,0.6529074795146781,0.2673405982768433,-0.06345168465860791,-0.30724019667077174,-0.019580128214749897,0.5183061689944163,-0.7881085416854575,-0.5195153789673665,0.11786790120817733,0.6670208136708075,-0.183360023210606,-0.655187658318459,-0.6029801763855938,-0.17275480848638744,0.0005883610475689703,-0.2722015361837888,0.3211726876281106,0.9058229506034785,-0.13798580221819481,0.23403745003489795,-0.3593638873725317,0.3037761255759956,-0.4412227804053605,-0.20267026142402966,0.4457913728456813,-0.47924448049629176,0.02864675173746385,-0.5752512463508289,-0.8087476975220487,0.1389968214723352,-0.4233055535642849,0.42833962821506016,-0.4092070576993043,-0.0903829206764846,-0.09293234468912422,0.02529324243160118,0.5877259412494236,0.3500649953921527,-0.49119018591277674,0.4066985794442409,-0.42913350129739264,0.12630674579745604,0.08123133784292871,-0.11252616208569595,0.2135477004129267,0.5625408740884812,0.5212222258451684,-0.4564107382539556,-0.1397215398486873,-0.5577696262396388,-0.5440381043344287,0.32549950281360696,0.09669075378934247,-0.33331899901226303,0.7553805286286839,-0.8003761029536568,0.0
-0.6854653444523867,-0.7395325079668309,-0.014051420332530623,0.5845350176088755,-0.785416866901957,0.4289220049251655,0.1858159880411532,-0.5995979315596959,1.000000000914703,0.8491668534989152,0.904441763247097,0.7197900022155173,0.6276090423768214,-0.36068333602969516,0.8596889447713673,-0.4318091396202274,0.6676460753578257,0.8381443651743714,0.16232346639187928,0.9088864247161438,-0.8827090131993677,-0.23566268433696327,0.810363492006998,-0.9262238880969551,-0.80602932508559,-0.3272040402028028,-0.5528519514886148,-0.9105313283329841,-0.7700192458978795,-0.6207948873335365,-0.7327328354623494,0.897042590869162,0.7074961098651334,0.5427000026230707,0.7447905581866817,0.9146407061923997,-0.2580286743342075,0.7151521066509336,0.7509632278079035,0.6477974069744733,-0.6016740948793169,-0.6490048122350867,-0.4725391284679023,-0.08720488243880092,-0.8295554817466275,-0.16072761736209948,-0.47998856855540956,0.22858313758390575,-0.7313019203806864,-0.6014584373690046,-0.9201857094977727,-0.7539061343333625,0.7915768817088888,-0.29147429718568907,-0.0887405742909169,0.8564082263844154,-0.4558695229489743,0.5885672992660985,-0.6816390751443402,0.5227741435674944,0.6571283449918811,0.708421461288784,-0.9155071326871714,0.6942353348187468,0.879705470061902,0.458380381142905,0.7898910392953429,-0.8757180235386335,-0.7649604552770612,-0.6835036789428075,0.7416874544584203,0.790924689350733,0.08863952318825499,0.33152241356499135,0.7906895509141237,-0.4624835433459214,0.7171972219674917,-0.8322283649898864,0.9402787481091529,0.9185955373896671,-0.7429582587975927,-0.96224580192136,-0.5783994704491645,0.9408792948939401,0.455539745926171,0.5598868667752246,0.6870319480668704,0.7776555131476808,-0.9325957502099996,-0.49544981140991357,0.6373582483623652,0.6362192729325397,-0.4943705528667861,-0.4867187298216964,0.10569808146541897,-0.3454741171908652,-0.9536198815318481,-0.09543319796838312,0.7388857608440734,0.733827097745346,0.94514596122023,-0.7749231220496108,0.866909244581553,-0.8939680709093762,0.9192581461424101,0.6789632968337774,-0.6809227215616305,-0.778302417558227,-0.9956502862676984,-0.8020855751041013,0.9552614641030164,-0.9307464159936797,0.8849385857895427,0.6219255308830164,-0.8114430194019163,-0.6491654624574433,-0.8455939483606564,-0.7474737363942338,0.29956144075152935,-0.35503717805142654,-0.5874090089875064,-0.13943360965644955,-0.022341160021064368,0.4370093329818903,-0.6632671892217746,0.8050684661293768,-0.32620389275144956,0.6187896028519606,0.0
-0.9480467735865895,-0.9745494497514787,0.49168678826599954,0.7928815236897213,-0.9171407344237591,0.7524154571296587,0.5955214545247826,-0.43634032705740705,0.8491668534989152,1.0000000008097616,0.7450469386034685,0.9200317506833724,0.784585213420895,-0.5806288902162734,0.949402878673139,-0.5880468056357041,0.7353063435424736,0.9954451903487264,0.6580990013095519,0.9863748797887569,-0.8913756885943304,-0.07986914061657466,0.7716018816173532,-0.9554577174010709,-0.9909334042617659,-0.6188554456776465,-0.85205564983127,-0.981187962755623,-0.9716825845633381,-0.8011244938141058,-0.9756169964071912,0.93943774771955,0.908796907363079,0.26503287502787676,0.9073474542454325,0.9695569870875658,0.22511192293618668,0.9718936847690486,0.9609258746166671,0.933194376195175,-0.931932837089824,-0.9193005675436924,-0.8406107079290092,-0.46084466964502147,-0.9252539596129078,-0.545677241240374,-0.7324780669339715,0.26594290793933306,-0.8782270540639812,-0.8428950561778182,-0.9401961322338608,-0.9452885509147317,0.99417994950233,-0.639784889266599,0.24408111796705137,0.7532978855157283,-0.09409599167264243,0.7594056986930194,-0.7677138548986643,0.8852200567668812,0.9004799717056894,0.8190114292066815,-0.9624844649772256,0.885931702817553,0.6626080244340719,0.6102841660761273,0.8638711681772242,-0.9434117132116405,-0.9568312691178902,-0.8826055159475591,0.9505948489004337,0.9850327822070765,0.3010472018907544,-0.044689763250214135,0.8905412050409769,-0.7065022541771435,0.8979927897618385,-0.9884840225708718,0.728063761396024,0.9580453060067785,-0.9435900735626118,-0.872199777977388,-0.7884601948228053,0.9533459947510248,0.759521129186976,0.8976945492402583,0.8946014698018172,0.9830316160391015,-0.8758249504247794,-0.1339283528118893,0.9349756263047669,0.6091416718462919,-0.3454044124053247,-0.8641871010455144,-0.40280115073698153,-0.7292571500368029,-0.9412454795749927,-0.5206955466006957,0.8507690836517999,0.8649105188217133,0.8391303002213761,-0.9141483787836906,0.9987049078160453,-0.9854546001120681,0.8358406547502221,0.9216793797636761,-0.8315968822433331,-0.8256463050104418,-0.884934188995398,-0.8670822235048141,0.9014835886573073,-0.963322892866237,0.9876848218047597,0.8071918687001407,-0.8770309697851579,-0.5844399131400528,-0.9134116230142696,-0.9432140939308137,0.527618441334378,-0.507674927772659,-0.4316264175067013,-0.48970229349378475,-0.4540645877589564,0.6940298713653145,-0.9337996808485338,0.9407570115236263,0.11345216622615148,0.1788385734677808,0.0
-0.6839696074265296,-0.5785403562276704,-0.1741665079616755,0.7341666922012469,-0.535084102172291,0.13658990201887763,-0.08620741835536966,-0.8802192243283506,0.904441763247097,0.7450469386034685,1.0000000009497143,0.4774111500426723,0.8078266642527948,0.019483804987090313,0.6573454456248401,-0.03376818547990501,0.867470054089325,0.6976842209684025,0.1268306532154998,0.8224462179380129,-0.6257970414622003,-0.6123020976143556,0.5318956213720888,-0.8457475890227365,-0.673060154388055,0.023215340085137055,-0.2978197301993913,-0.8228989916776148,-0.5846725899256284,-0.721914553543717,-0.5818583983149237,0.6829075773276122,0.4451436535177249,0.8010501370575474,0.4804760088277041,0.7742042446344912,-0.4687718181330093,0.6464872151994633,0.5566564238998332,0.4666023360818503,-0.5265926417075587,-0.6505237408104141,-0.2680608300468025,-0.21803256954472425,-0.5806668532799345,0.14503842755641377,-0.1423423209372917,-0.20702242415959068,-0.47796042234736624,-0.3225250419100356,-0.7143284437467199,-0.5272075127966056,0.6882656350414397,0.020947412286322364,-0.44028554202584214,0.6212058934171611,-0.7277349918479651,0.24593869735888957,-0.8464537604945747,0.5046306136970714,0.40395717012645305,0.39016839041425455,-0.7385130595405337,0.41616029429517915,0.9924717075585373,0.10449716358885729,0.5195926201434017,-0.6799141102940887,-0.5499544062502578,-0.7847817265303635,0.5269526874486554,0.6288913555118916,-0.30359789210145444,0.03970644249721613,0.5104849751845691,-0.13266315627234673,0.4499311370316871,-0.784084902915455,0.9753952004108782,0.8351835964245883,-0.5153573895342846,-0.9328869973442169,-0.2642632100945291,0.9104831003606716,0.6110491140104671,0.4544386756885569,0.4222451758462199,0.6207836529674601,-0.7303299477797013,-0.75855776429572,0.4644868312409802,0.253850655180994,-0.09510554098819565,-0.46781263755684377,0.2766187719140164,-0.10561899826081188,-0.8092336517475033,0.18087166784279993,0.42997061046710683,0.7728026425737423,0.9866315906261481,-0.5541978014188357,0.7471039560851876,-0.7700871608342672,0.7769719044410092,0.4737156257963439,-0.3647468862317522,-0.4884296180256843,-0.8948544060878715,-0.691171453768287,0.8377665342288271,-0.7756681252220533,0.766004189229467,0.32261721970344326,-0.5336479212062373,-0.3437867198429731,-0.6314909899504246,-0.7652129934202893,-0.09151528132372472,0.0423588356025889,-0.2896859542018314,0.19012048862117586,0.2559574407130117,0.10871998392027707,-0.4589797957469707,0.6801429258565658,-0.5769554468180002,0.7713072458714385,0.0
-0.8175257083256515,-0.9716618231087535,0.6323677470215453,0.5299248486661322,-0.9912248138746178,0.9314377514113016,0.8138927275310128,-0.06462166783843007,0.7197900022155173,0.9200317506833724,0.4774111500426723,1.0000000007135146,0.5200895391671949,-0.8483911335005629,0.9691945644251677,-0.8395475969470243,0.417385296657891,0.9527147220013951,0.6716381135602199,0.8656256600240766,-0.9342471794341949,0.31421593443028406,0.8798647663711344,-0.8615979014930166,-0.9324845155016724,-0.842434547590699,-0.9738242164757835,-0.8881946330035989,-0.9853303823387471,-0.5458625922880617,-0.9584096245235774,0.949632663123836,0.9891382041075993,-0.10797445700934963,0.9960233131084929,0.922593499823692,0.4588448306871104,0.8827273077665584,0.9636143987122622,0.9769913979875173,-0.8891209337918271,-0.769397765193219,-0.9307718730771561,-0.42323936676445867,-0.9794153534958797,-0.791925456081417,-0.9185847613842697,0.5694881681540395,-0.9831563571898663,-0.984988405421247,-0.9301338287098195,-0.9777441410312667,0.9217319639411113,-0.8651045409288984,0.5763121511189927,0.819533165842601,0.2513969202709688,0.9490555710863329,-0.46149464454632416,0.8018173096242246,0.9800971007747032,0.9646088846719342,-0.9373236022379767,0.9941734779032767,0.38089637069324916,0.8654413717728234,0.9637688533118687,-0.9568712192013695,-0.9907077233284225,-0.663310631565818,0.9945538894505527,0.9719870253752647,0.5788583608304972,0.14401884220702602,0.9782388156549545,-0.9265304242320452,0.9972796580933767,-0.8766672567692538,0.5195050760262973,0.8697272424594213,-0.995194286153413,-0.7246803715064293,-0.9663858122892116,0.7911669586848598,0.5464480338398817,0.9133807480549617,0.9975119960701767,0.972144482334451,-0.8792566906001955,0.20402731295410065,0.9530449458720599,0.8149880004020571,-0.5887445461537895,-0.7821883767413265,-0.5717178714840596,-0.8459528711087718,-0.8852427474973898,-0.7400235953041596,0.9710333265824166,0.7434910337865394,0.6056085196143418,-0.9819341571545991,0.9268639773820195,-0.9268267019994082,0.812433642289779,0.9906189714000476,-0.9746994486593026,-0.9444697925844306,-0.7548708452530607,-0.8634616025384342,0.8349418665257093,-0.918566345351243,0.9275788096183005,0.9713725849096784,-0.9656064613708735,-0.7696657631518673,-0.9574456382388428,-0.8075063631714765,0.8018689227114562,-0.7373479596918532,-0.6253986104713146,-0.77097783902862,-0.6967645374625698,0.9188936633338022,-0.9796288128253866,0.9310201764447709,0.39961226621417695,-0.09091246436530523,0.0
-0.8959194738498844,-0.6884754355953158,0.26838660015554683,0.9602155610385992,-0.4998127746970764,0.3046140937136996,0.19927238631360533,-0.788282639701494,0.6276090423768214,0.784585213420895,0.8078266642527948,0.5200895391671949,1.0000000008615602,-0.010432775101230186,0.5952122295896131,0.01850697716580437,0.9677878180505445,0.729576659974378,0.6038112307086738,0.7874934604955084,-0.45116132673025927,-0.5959827574895836,0.31336554016809093,-0.7717986266667963,-0.734929426903652,-0.08888219592203109,-0.44773477938107964,-0.7869286090324046,-0.6481329673874022,-0.8889177543549128,-0.7030544930270681,0.5617681104820961,0.4764224794034932,0.5803498016769388,0.472138219748245,0.6991066684040796,-0.051813403373804766,0.8180979195059991,0.6206465673897302,0.6285727245877921,-0.7831792666719105,-0.8686700647818014,-0.5152601269730952,-0.6691223676981436,-0.503684443851993,-0.10105029934600583,-0.20928394304151984,-0.38505256999429865,-0.46526561441247244,-0.40190929756646104,-0.5702789627032562,-0.5585217729571903,0.7843212800328087,-0.17463690699079815,-0.24807580288708322,0.3539891211717534,-0.44002448280492484,0.22451859964854395,-0.945122455228829,0.823298582358114,0.4851239287621137,0.30919670796696547,-0.6369452845973957,0.43469686914359235,0.7504089582072871,0.07651091290599576,0.41905889750904207,-0.5977048515472203,-0.5893407126409199,-0.9776516527637121,0.5869168974776577,0.6927022002780782,-0.27827819036791024,-0.4946768905411227,0.4267362438743455,-0.20485707516168758,0.46156128274146824,-0.8581939341414975,0.7037956115734062,0.7712487966008582,-0.5604218493911368,-0.7572429180068736,-0.29847388072217373,0.8350219684706358,0.9537574784671096,0.7144440716405637,0.4643878676488968,0.700275453399238,-0.5137875999310779,-0.4660279256488155,0.6383122928922383,0.00883626849881256,0.2707405847785718,-0.8026449895374683,-0.1713991335589003,-0.35615226008720985,-0.6600841956251621,-0.1206065440122339,0.34928241988468783,0.8786066534004603,0.8204384551666983,-0.5445020590939621,0.7586307562216176,-0.7405417094561636,0.566242106480745,0.5820304514682613,-0.32593337976432124,-0.35319743325021175,-0.655197079825227,-0.6593807420353576,0.6615385547080805,-0.6685111007941505,0.7509802521625966,0.33666897771342513,-0.41635559712662007,-0.10516556013750498,-0.5458844135242364,-0.9188083767775548,-0.05699632846250533,0.10076755611469979,0.03214400353568988,-0.0145966451135546,-0.05868778898268084,0.19702286116921736,-0.5909578014394359,0.7092406400522897,-0.21512462402222593,0.3404445476207771,0.0
0.4344746033120554,0.7235752940828679,-0.6908888732527264,-0.05821436888220344,0.8298309588108918,-0.9432996849181658,-0.9060248252337372,-0.4649357507172847,-0.36068333602969516,-0.5806288902162734,0.019483804987090313,-0.8483911335005629,-0.010432775101230186,1.000000001489344,-0.7340026169723176,0.9863023853081808,0.11402611742637254,-0.6529125285847387,-0.5267017714901454,-0.4944684539150253,0.756598406217372,-0.7639652524350178,-0.7698573481105122,0.4883733372335136,0.634240785623881,0.9649218288545488,0.8945498617915025,0.5204630597984765,0.7532198436574091,0.10802747569893156,0.701706387716998,-0.7168959052092342,-0.8615140998825219,0.566770149725715,-0.8611557583195641,-0.6076229705071694,-0.6890809976359199,-0.5513163408531341,-0.7463416229344687,-0.783131282186253,0.6046766684240032,0.3979454906457321,0.82658571197674,0.18245546933206402,0.8021368637145656,0.933740284752594,0.9632295534079681,-0.8740871215585422,0.848736121655942,0.9180104229962254,0.6822616655821132,0.7945697640512902,-0.5984650460969885,0.9578289159506209,-0.8936086106344803,-0.6587043096627718,-0.6628028910432131,-0.9642590152594772,-0.04732644282453757,-0.49292289383650967,-0.8589980580504976,-0.9107109443541788,0.6585876647336845,-0.8909504334390148,0.10918932372482222,-0.9601380950035037,-0.8321319727023014,0.712265605594597,0.7915496783079138,0.19416596013131887,-0.803197689769038,-0.7084957454371046,-0.871697922785268,-0.34592454618351737,-0.8492783172190981,0.9760139540902047,-0.8749992366959974,0.4906056252584396,-0.07592004871727374,-0.5010285114584875,0.8172635463628797,0.3087194172263174,0.9513303419026621,-0.36420079640557845,-0.1133365567632252,-0.6785779265830498,-0.8818411179172477,-0.7079499511211732,0.6388781476795958,-0.6255727661906161,-0.7523394248680542,-0.8861422330650467,0.7695696811315352,0.48794482852997195,0.6844494384663693,0.8324979005872771,0.5688869037906037,0.8754612983904875,-0.8923933963584483,-0.3280544582594121,-0.1304694729187635,0.7962722210518283,-0.5979833294890773,0.5980835562426665,-0.5269262489512351,-0.8145839209186214,0.9234122635341134,0.8429559545339628,0.39432886873806433,0.5747999593163388,-0.5009270342159228,0.6142452189200462,-0.5961162314094001,-0.9264555408558758,0.8317767920400344,0.7703055603052398,0.7457048530574848,0.3910245333968546,-0.9910008042596177,0.9190241880326558,0.667307434301039,0.9540015072503909,0.8685100466543785,-0.9765645892380729,0.8029511337029622,-0.6389288006092028,-0.7109230955303151,0.4482744403747408,0.0
-0.819080616659654,-0.949648337119001,0.43415836978171707,0.5665015654414686,-0.9877788315242323,0.8146009372658182,0.6485091002775816,-0.252755725217065,0.8596889447713673,0.949402878673139,0.6573454456248401,0.9691945644251677,0.5952122295896131,-0.7340026169723176,0.9999999994082251,-0.7439637585851318,0.5214137073977769,0.9709900388767779,0.5326747052962344,0.9252519984117399,-0.9739735843091154,0.1522435178668594,0.9300421201295215,-0.9503231779165976,-0.9354891406662497,-0.701475124012904,-0.8883943730481242,-0.9578931801813131,-0.9718956308408917,-0.5756839747069782,-0.933533673535058,0.9931111375271017,0.9459216136605323,0.09405743566544623,0.973044218270879,0.9851988501034167,0.2262853360188009,0.8701174152244368,0.9364447417333926,0.9266275241719891,-0.8438591501641912,-0.7577672212916934,-0.8254042697352462,-0.3768099887902042,-0.9898942110143473,-0.6211617052411746,-0.8124441291995956,0.4711734711156628,-0.9729428790934928,-0.9203358276850546,-0.9828472397455202,-0.9495317225655663,0.9273093001037773,-0.7196254625090581,0.3797308637973137,0.9071389923677692,0.023808886525778075,0.8863466976755652,-0.548268025519789,0.7488117683487039,0.9191426209902196,0.9412291295884733,-0.9907522164941751,0.9519980934560949,0.5787820359034983,0.7991360214370726,0.9767842751425302,-0.9987909661463129,-0.9705933388606451,-0.7092906591387211,0.9680979250324638,0.9683765964296014,0.4150221523024079,0.23066638024815728,0.974765383226932,-0.8338826159023385,0.965356133152422,-0.9198453956999532,0.7096296179759338,0.9540842768271721,-0.9673795544910267,-0.8666072293438277,-0.9004109233256088,0.892481293189621,0.5479043620228959,0.8604776145546368,0.9541660739595328,0.9658716007704373,-0.9638991283736272,-0.02843424310432641,0.8935247542337267,0.8073628587556978,-0.5963352272293962,-0.7180821625373319,-0.3592142291692032,-0.7031209229924387,-0.9711171241641735,-0.5517462978979695,0.9498518623747855,0.8175860516129345,0.7593158851083219,-0.9872073675199021,0.9599117207684094,-0.9791577937193949,0.9250002795724332,0.9545672694716837,-0.9342128809781577,-0.9595349331451986,-0.8786799404751245,-0.9304037518554275,0.9443142859545628,-0.9843450244185975,0.9768216077065441,0.9242454182377708,-0.977982516080094,-0.8084526935786813,-0.9938631067724749,-0.849055383764017,0.670476183300614,-0.6229657942486123,-0.6878317711670445,-0.6057057210019151,-0.4993271774273475,0.8198367887858067,-0.925719694725259,0.967668228001263,0.16394351106119093,0.15302411436652794,0.0
