0.9999999997983607,-0.924563621546112,-0.9429116909216472,-0.9984914688546596,0.606238634318952,0.9179468795941083,-0.9704536259947967,-0.901463012497845,-0.9732187360263725,-0.9376751849981165,-0.508718669797169,0.7326462888619591,-0.8983201501558441,0.8116705561516705,0.9234461988506899,-0.9082295610155948,0.9804685297589665,-0.9095124494590839,0.9923245140506957,0.8502235429366424,-0.37422595897814775,-0.9093311037944788,-0.9837638302886685,0.9180664721992675,-0.9031751068080054,0.41805267573430877,-0.8828705758135529,-0.6863490428018889,-0.7757818438601257,0.8912433809085469,0.7888416819831084,0.7197653713047272,0.9927884353161033,-0.36982462052723425,0.6910633099518174,0.9231069825432858,0.9065405422834827,-0.890564471069585,-0.8940672733119186,-0.9570617572224239,0.8698922531706849,-0.9433217173565402,-0.699929906012518,0.7468512627267014,0.8892123680070695,0.9401168707793012,-0.9464080888665226,-0.12650362028734236,-0.8740309536256902,0.9903347145335114,0.8893142495242764,0.9559702129425113,0.9479645083023798,0.9959131358478381,-0.9746438050522082,-0.990541480236022,-0.9501037591967835,0.8943733676501339,-0.945029383400007,-0.9806973999264748,0.9932428944218504,-0.9511908061689874,0.9723605302207186,0.9695506829185851,0.8690418868379116,0.9870692666149529,0.9667584405481743,0.8701993075029695,0.9317683230981608,-0.9471096699049292,-0.9361884355846614,-0.9448441860995657,0.8721969073351677,0.9641448918902986,0.8395218212387444,0.8343350411579094,-0.915485699843914,-0.8614528158974301,-0.9599564694391518,-0.9261861769534497,0.8917519107867841,-0.45573049006632554,-0.9340929306584055,-0.9348922322667377,0.9434658656598628,0.9765349631970857,0.957756400303893,0.8927697987827081,-0.6067575019758459,0.7450660046398935,-0.882002894152466,-0.7755855555007104,-0.8590907290739807,0.7838439253178044,0.8803968267281603,0.9436528339986113,-0.661309240548158,-0.6760102979984659,-0.9091303920650222,-0.9218526680032066,-0.04599549129475286,-0.96334547533882,-0.9687986522839731,-0.8912472087859511,-0.9686456652673142,-0.9546513683816988,0.9670333265588359,-0.8603456265694556,0.8024824081046562,0.8745253824995554,0.8336784631484884,0.9092309618382951,0.872261588634769,0.8886445961287148,0.9351821358286088,0.8436794379828518,0.920555017931947,-0.8785200998629589,-0.8266932454634605,-0.39304362279483057,0.7655605091402455,-0.8115218603481408,0.8696100307363774,-0.6189490473531526,-0.8319899723361674,0.9822376135688003,-0.9674465324568249,0.9331698271726059,0.0
-0.924563621546112,1.0000000083415472,0.9916303375560656,0.9310842292847942,-0.8533764613127295,-0.9836978121167136,0.9870980719419539,0.6839468819007071,0.9825539358335752,0.9987642425029825,0.7549084585124699,-0.9069083669232796,0.9330317953752457,-0.9641351194657939,-0.9979192716360703,0.8887232522553971,-0.9580631982331906,0.7558675000937238,-0.9345604865748502,-0.9829886194285428,0.5467714051938853,0.9685064853074359,0.9397220359496768,-0.9894996540818272,0.800285223761495,-0.06736438091286166,0.9881045228835218,0.9014353394034663,0.9327392249187545,-0.9869391295631844,-0.9579087021624263,-0.9200995130630182,-0.9516728965185931,0.13738522235573752,-0.773610463292163,-0.9997963584463807,-0.998741902558016,0.9937063986523585,0.9936500130680452,0.9902082569790119,-0.974942756275526,0.9715913661832116,0.8084451517436058,-0.7797280372758096,-0.9826005485577213,-0.9900731034468752,0.9965023376521089,-0.0020222301004240687,0.9923377648245109,-0.966329181163658,-0.9818586370561309,-0.9843590810278682,-0.9317072062622078,-0.9505436643673811,0.9857809623481134,0.9679026283110328,0.9185162048387358,-0.9884194934314077,0.9957250726605168,0.9649120169931085,-0.958494003820752,0.9765367958701789,-0.9386086462191955,-0.9761327205672354,-0.7097249453632314,-0.9648602399996288,-0.9838512072204093,-0.9261005605275353,-0.8353641690564111,0.9113914055329428,0.9975462767696487,0.9449152183716157,-0.9900885427571097,-0.9909126275267157,-0.9703185575978907,-0.9610898525207073,0.9293464271027037,0.985569476860863,0.9728162096317359,0.749190617790913,-0.9449212112300549,0.523385893957737,0.997522070331784,0.9877975067799691,-0.9184075393708474,-0.9102967452742908,-0.9950695126402839,-0.996450836039465,0.8594297181727578,-0.923131937756241,0.9753197599027565,0.9300595894091549,0.987906746130117,-0.8698525712574657,-0.8626609805441962,-0.7609991491323488,0.835250240305992,0.5209707479341505,0.9952377285280282,0.995719218643852,-0.30562525365815346,0.8311097960573837,0.934224042970037,0.810555584344444,0.9025322968129946,0.9923557012038592,-0.9893807854052019,0.9841487173514663,-0.9451154437361375,-0.9876665135457816,-0.859853653746999,-0.9977557791451916,-0.990872781438449,-0.9586789326524923,-0.9764243180966375,-0.7633885687185795,-0.9807156819193268,0.9907805620414312,0.9744890330963303,0.649340461593197,-0.8979735370127181,0.9624583217271105,-0.6945427651680115,0.8576109029838588,0.9720373639579762,-0.9399667663224326,0.9798703609207335,-0.9900422734044295,0.0
-0.9429116909216472,0.9916303375560656,1.0000000032499718,0.9443323765870691,-0.807120133904037,-0.995003960041717,0.9934505875914861,0.7157649565548,0.994220212435216,0.9947625625939542,0.712571536840479,-0.8826276540703033,0.9526957792907214,-0.9485985137610286,-0.9886822762330125,0.9032246641498511,-0.9774998382490243,0.8187771767001821,-0.962037558513898,-0.9747710204135875,0.5243842812581198,0.9555925199215721,0.9695169774560098,-0.9936110860317581,0.8121675720604894,-0.12618548034620133,0.9881679872743819,0.8706069344413688,0.9363762922002536,-0.9897461145425304,-0.9417130142625914,-0.9080551745501434,-0.9691256843829166,0.18555047299773117,-0.8310887976490203,-0.993230864133177,-0.984824118393809,0.9871975461983225,0.9878232507086806,0.9858730008429735,-0.9669731391480572,0.9811822696900325,0.7480897360187715,-0.8169180469444309,-0.9838580422137038,-0.9981078937933039,0.9968632305214684,0.04450088508267913,0.9792893107445684,-0.9786625876809101,-0.9760313174296502,-0.9968614122925598,-0.9470797134505736,-0.9685672789767177,0.9915805188815968,0.9783168262636669,0.9604308368197225,-0.9711298219019738,0.9895802578256446,0.985287610621846,-0.9748408155241292,0.9950233231507064,-0.9663002111098211,-0.978018615901872,-0.7456642382866708,-0.9678964571278879,-0.9905832666898559,-0.9088670439827462,-0.8685395840339567,0.9428369692501103,0.9870091399539036,0.94770702779297,-0.9768132434670304,-0.987545344943875,-0.9539313844103015,-0.9452477767304343,0.9332664384332336,0.979614206079818,0.9666275841420217,0.7733953757414097,-0.9307091022845632,0.4728721067521838,0.9882521787441257,0.9768610490915803,-0.9174154205994302,-0.9074598840196321,-0.9937439109508355,-0.9862570956570212,0.8321549177205458,-0.8687165322826196,0.9595659536712343,0.9118046170303575,0.96339356416319,-0.8501658300164381,-0.8858466163886823,-0.8108809995805869,0.8074052329186322,0.5548847821679649,0.9946760386430945,0.9955889002443241,-0.24572776605013105,0.8387028720264456,0.9700622324888427,0.8464378518725788,0.9242953232019291,0.9837382134164895,-0.9946362824083388,0.9628932931771401,-0.9461829820788764,-0.9846031826471234,-0.8153850822472138,-0.9897747112819876,-0.9808991927814621,-0.9443084659760579,-0.9779710579312839,-0.7772416855913046,-0.9885932540444458,0.983082733934509,0.9644232070582304,0.6064176577046049,-0.8906220705383223,0.9595078122560132,-0.6988016690810435,0.8382323974662169,0.9688433581923681,-0.9365098750647346,0.9818686525358096,-0.9811450951116428,0.0
-0.9984914688546596,0.9310842292847942,0.9443323765870691,0.9999999981022369,-0.6306657734039558,-0.9157532393963204,0.971308456663753,0.9011263179266733,0.9736301115061934,0.9418065261580963,0.5078120899443815,-0.7313181250661053,0.907063198155596,-0.8142489986585189,-0.9277974063914868,0.9225362796044233,-0.9826225518720615,0.9015375760088707,-0.9890421294325759,-0.857506450999434,0.3538900961069936,0.9261823691542813,0.977070881056197,-0.924351048537663,0.8877286580083908,-0.41470176946096027,0.885333840474036,0.7062578231545016,0.7730145505630057,-0.8916930093127422,-0.801216932173376,-0.7240599441937046,-0.9940456389197867,0.3851261456943605,-0.6798474620153793,-0.9293338922922739,-0.9149205020174186,0.8942555305199117,0.897140630592409,0.9593556871534459,-0.8836626911432935,0.9373131837608135,0.7368101141679417,-0.7191833992558265,-0.8977273478393731,-0.9439650318308493,0.9516239409044466,0.0777693605648724,0.8803376936561385,-0.9896199032778341,-0.9015946385237611,-0.9584112846516438,-0.9576431558552663,-0.9946565456989105,0.9773539234345974,0.9914630501737628,0.9434577700651932,-0.9086072522608422,0.9533453020903114,0.9801479492381294,-0.9919015960388834,0.947319028229581,-0.9733077715891997,-0.9682580823699521,-0.8452408662593143,-0.9878780098312694,-0.9720968400203241,-0.8928510860945551,-0.9124481829965745,0.9506772287294233,0.9450030714722192,0.9581388667381938,-0.877036167437225,-0.9679876414676907,-0.8410541676882974,-0.8338409154749924,0.9309838461939615,0.8657567565918326,0.9602914371674525,0.9311626389266252,-0.9117634367888903,0.4442941958478701,0.9387548926240498,0.9371993007222239,-0.9365366582251111,-0.9860185941275202,-0.9620989263634567,-0.9006637185419916,0.6158974446399096,-0.767827641185004,0.8986655751701933,0.7735518486548839,0.8709597392372909,-0.811650802664143,-0.8604445916852234,-0.9358451259912214,0.6905188342730157,0.6423024136620471,0.9142203848173172,0.9236601613984846,0.01214194094575073,0.9692068543752252,0.9619120137602994,0.8677665771388511,0.9567202305017993,0.96289177155411,-0.9706089779843071,0.8749546553486126,-0.7988300256656125,-0.877563963648069,-0.8621121068308797,-0.9175277384761964,-0.8806567827459726,-0.9074060030241328,-0.9460816814819625,-0.8226195166044376,-0.9276082543723274,0.8871242427003542,0.8319254183635834,0.4283007624875823,-0.7562634261512831,0.816983662089624,-0.8827011092927536,0.6216026476583407,0.837481544243925,-0.9841908717076558,0.9753602021045806,-0.934998362802604,0.0
0.606238634318952,-0.8533764613127295,-0.807120133904037,-0.6306657734039558,0.9999999947624754,0.8058747908288315,-0.7607664042366825,-0.28070726804671114,-0.7521394530161758,-0.8278166210829978,-0.7995226208891747,0.843936244463393,-0.7970434869820848,0.8899547084374889,0.8385736735165513,-0.7233705524642323,0.7137728721725858,-0.4031504827863686,0.6351037694597784,0.9126763453693951,-0.47955103146522116,-0.8593110459716431,-0.6400202543343569,0.8529589180363217,-0.4030674434502455,-0.3194622975601832,-0.8678637215260934,-0.9907588647934578,-0.8649072163751754,0.848258223549449,0.9548281513602559,0.9265755748547518,0.6801820273992357,0.04297619870202157,0.6730546977466944,0.8551081718871182,0.8759430717200422,-0.868860919617465,-0.8621507125289606,-0.7786134871663741,0.9076923352540884,-0.7310879183595923,-0.8520686695181011,0.5123299930572971,0.8822839304938918,0.8195965831328241,-0.8233903481584647,0.3553345991697965,-0.8923063630735543,0.6956190195136313,0.8926134077968773,0.7873703332141258,0.7360461268721913,0.6619552457395391,-0.7622647557253215,-0.7047956214418769,-0.6522285684505961,0.8971011390011122,-0.8325858187837565,-0.7137172324183344,0.6781671628476409,-0.7517950786126572,0.6885431704301809,0.7249195242209439,0.2519165209243128,0.6946072289894606,0.7824353056509447,0.8494065469896869,0.439388216061932,-0.6836139137615121,-0.8444324508617054,-0.7703674436639163,0.882338770084136,0.7806146578337897,0.8626005213822928,0.8411223076931534,-0.7877331901531477,-0.8913992541804391,-0.729680827138878,-0.39616648411013516,0.8496908801361851,-0.3541625186521918,-0.826788438705801,-0.7932265386666348,0.6126698160726807,0.640694863123448,0.8009133814525313,0.8892863784776063,-0.9523678695632583,0.95260207552277,-0.9007207636176533,-0.8404390061782913,-0.9179347629195577,0.8673995223674328,0.5386860972231888,0.3596187583979543,-0.9443336157427684,-0.06412621219530484,-0.8634075014506222,-0.8328124205897202,0.7526049006986777,-0.496527499947631,-0.6525923725454934,-0.42104132795008425,-0.5508613339940229,-0.8117078490022085,0.7820686365931379,-0.9268383733515704,0.8498158172211936,0.8765255823369129,0.7660697973231965,0.8767664139144716,0.9056366986345291,0.873188064837567,0.8286673254652758,0.3756450333984803,0.8411134259322566,-0.9015625783022899,-0.9116127109395386,-0.9193794056367763,0.7647727491347245,-0.9152001544483598,0.3786440900317223,-0.9094061835858687,-0.9093022665731544,0.6514617737955137,-0.7822120069862147,0.7992835698680394,0.0
0.9179468795941083,-0.9836978121167136,-0.995003960041717,-0.9157532393963204,0.8058747908288315,0.9999999983530575,-0.9830450387054817,-0.6616147778727087,-0.9828778411820409,-0.9879844035534349,-0.7580671387186823,0.9112609070757047,-0.9316152641022395,0.964487285491053,0.9845566507248709,-0.8617176269947244,0.9563343753840372,-0.7890402438369789,0.9433027381121386,0.9774415072199877,-0.5913965631140993,-0.9262001721293721,-0.9596022872044483,0.9847184446100263,-0.8087005925084717,0.056073433056657046,-0.9934011922286313,-0.8695359552219799,-0.9622109927155882,0.9965334970262243,0.9433547711574092,0.9310169733210591,0.9459246656393933,-0.1056633588646552,0.8559012809658624,0.98598831517727,0.9772842874387757,-0.9900673172128792,-0.9910444201416047,-0.9768019399654804,0.9522565065781549,-0.9856283406851547,-0.6970573357318347,0.862405073538836,0.9756761710029052,0.9889949926529104,-0.9856422703936978,-0.10393947130870952,-0.980909888159841,0.9626643478024728,0.9612440216854767,0.9856878031689263,0.9140699295973662,0.9490342365857818,-0.9767222148562525,-0.9597174470863193,-0.9525813409661342,0.9536594005262056,-0.9732272532017335,-0.9702538592062562,0.9576428303962529,-0.9944413497619581,0.9447704480367382,0.9698173806554699,0.7455163233525393,0.9500334311115973,0.9721536775321864,0.8690282000524121,0.871837029420777,-0.9162709622474623,-0.9721641137709763,-0.9120291743050388,0.9810504409525763,0.974290418995498,0.967233016203147,0.9614761802088474,-0.8965535266222573,-0.9857544097297418,-0.9572498255859507,-0.7175716229129526,0.8947046435785784,-0.5039948546098294,-0.9812975907021094,-0.9722233499138309,0.9137880601908022,0.8657847820202005,0.9815887435336632,0.9817822431737474,-0.858664337550537,0.8558920199625395,-0.9376127671993058,-0.9370357275362138,-0.9577698403458216,0.8079824567938623,0.9066938200089334,0.7755290035617323,-0.7816323342530379,-0.575982443424673,-0.9911576537645705,-0.995477970012642,0.2562446864014893,-0.7904060102294501,-0.9621796069568763,-0.8606665412590548,-0.9202253631200159,-0.965026414011521,0.9805001355557046,-0.9511333260762327,0.9706685547313118,0.9905967000597143,0.7612430146719577,0.9813136751390045,0.9786419680528032,0.913883600512798,0.9547948296031556,0.7889447539552921,0.9758864126951704,-0.9790153676323728,-0.9741109737136017,-0.5896911004777486,0.9242796893121937,-0.9691783980189975,0.630412095536291,-0.87321453302916,-0.9761172860879086,0.9131018592140953,-0.9581154427804509,0.9780517128547799,0.0
-0.9704536259947967,0.9870980719419539,0.9934505875914861,0.971308456663753,-0.7607664042366825,-0.9830450387054817,1.0000000052940223,0.773317613794864,0.9986671787627424,0.9931450287840969,0.6834726083346763,-0.8644961351296794,0.9329022923931891,-0.9274257582293101,-0.9871447995080008,0.9007331126953353,-0.9835198935351483,0.8342868147117233,-0.9769747592245355,-0.9497223174283904,0.5150555265066379,0.9509875116858886,0.9808016556769725,-0.9789575183993788,0.8648968057807688,-0.19484652808427333,0.9691690985683671,0.825810409994803,0.9001885744079468,-0.9732069885188853,-0.9067513113969359,-0.8651407248355096,-0.9839633875145352,0.20888455314069,-0.7749883283952547,-0.9868649606837586,-0.9780518891804062,0.9739686343280407,0.9757152099577199,0.9954661943724284,-0.9451691706371897,0.9866098325569445,0.7496683638417848,-0.8109244275341687,-0.9623059645235187,-0.989270527088206,0.9939471102929012,0.08822810249438875,0.9646089161513828,-0.9944492160304651,-0.9579330239699626,-0.992339867913086,-0.9476011966140766,-0.9865198280455824,0.9988401314544023,0.9939885401918497,0.9559193709183559,-0.9614595352758002,0.9896853743947203,0.9907293551643637,-0.990972764375771,0.9914639103364719,-0.969262009714985,-0.993772985374031,-0.8010096062482845,-0.9902482625893916,-0.9926114171390871,-0.9034018689617911,-0.903594081278978,0.9401760020876389,0.9871431747742105,0.9513305114495814,-0.9637370713879283,-0.9970472154016198,-0.9419049978475587,-0.935703086577015,0.9289477741193487,0.9580921002194948,0.986181679636955,0.820796799260599,-0.9260827661523253,0.5165276174158404,0.9901942818289293,0.9857895712086391,-0.9503952920884305,-0.9413768156497644,-0.997442365843545,-0.9725680224894518,0.780118291866535,-0.856004211562366,0.9463320990366857,0.8958838018169097,0.9506981720051533,-0.8311527255656523,-0.9045825426942848,-0.848120022177428,0.7642818592843883,0.6158200038343693,0.9805267654093541,0.9880920454572746,-0.15785344190301437,0.8870286092874969,0.9726585166790649,0.8769031640255176,0.9543438137147439,0.9905089573413486,-0.9979110096784182,0.9464011714165297,-0.918216182335342,-0.9652900320615465,-0.8386294645240686,-0.9788409538226283,-0.9614135512315078,-0.935496479773314,-0.9715456876751498,-0.8247867629632638,-0.9734391295932753,0.9634640055261796,0.9376476068624467,0.5404429798459186,-0.8779457184032048,0.9246971014926312,-0.7556720647139167,0.7893732104840163,0.9380915711174576,-0.9701241066504566,0.9874728358659932,-0.9873240078988926,0.0
-0.901463012497845,0.6839468819007071,0.7157649565548,0.9011263179266733,-0.28070726804671114,-0.6616147778727087,0.773317613794864,0.9999999972867575,0.7842882511982024,0.7035167367213263,0.10156821336383359,-0.37338479195492447,0.7297386507406104,-0.48225566171498413,-0.6751340640345198,0.8230630805196218,-0.8376670350928722,0.9102380890153153,-0.870144726368649,-0.558527496433939,0.008342072964119804,0.7311951484666876,0.8338597560961516,-0.6867785112500967,0.7969827236630673,-0.763311154772844,0.6011351605545815,0.37087537628548106,0.4327243130727395,-0.6120781648051922,-0.4833676287939311,-0.35882603336448693,-0.8656331152471879,0.6552016204923029,-0.43681921670345697,-0.6807218921656865,-0.6550039748149109,0.6125853893663155,0.6173999331535708,0.7449678465512829,-0.633808149866884,0.7108082782675172,0.567307864169118,-0.46772968202653337,-0.6452704940462203,-0.7217269180819618,0.7295730885111691,0.07446243479103322,0.5894568310129482,-0.833542773064235,-0.6591636680697491,-0.756104728070327,-0.8330169369133972,-0.8632601363509066,0.7905898883740148,0.8380455224270082,0.7960575001082805,-0.6654587715926684,0.7380498758516157,0.8193581021154793,-0.8475320576017478,0.7323628148467695,-0.8425402047488165,-0.7743493389496101,-0.8109015928104905,-0.8317339813347606,-0.7880514299295043,-0.7253223846103869,-0.8040854176090511,0.8362747085298483,0.7186971357409356,0.8213664141083146,-0.5824493076633864,-0.7649056971637951,-0.526129405003357,-0.5187220613654129,0.7904252776711854,0.5666605891809573,0.762909672574933,0.9907048443904782,-0.7364188390462427,0.22572121737857778,0.6981673752391615,0.7012486564130845,-0.7670643615195014,-0.908680866423303,-0.7498879078822996,-0.6294729461002535,0.2192004411597696,-0.46606045705481974,0.6666389978101017,0.43099528004372795,0.5833964938020726,-0.6394167156710574,-0.6627676268286213,-0.9686942110347965,0.4381814595573989,0.608402845126685,0.6556250668706484,0.6673918358720242,0.33949318951924456,0.9654656494389783,0.8117305459312412,0.7365946926422197,0.8239531676236139,0.7601729818706903,-0.7743832140343677,0.6025809943031241,-0.4669850251547006,-0.586206350533523,-0.7451392321661643,-0.6632610493619588,-0.5971589676438911,-0.7087089478811455,-0.754398741392432,-0.6997678447580646,-0.7066151486191073,0.6114222041941783,0.5126106466857037,0.14174698369167651,-0.4234761837823655,0.49992501265851896,-0.9684939615066899,0.22223902950769142,0.5295357142436733,-0.8541042560373947,0.8029644341922657,-0.6938914848520474,0.0
-0.9732187360263725,0.9825539358335752,0.994220212435216,0.9736301115061934,-0.7521394530161758,-0.9828778411820409,0.9986671787627424,0.7842882511982024,1.0000000033420238,0.9890059274430223,0.6569418667928341,-0.8462218413206418,0.946467295191099,-0.9168208848532807,-0.9803153953118943,0.9152813153621672,-0.9905272639998485,0.8577948861754962,-0.9838570081705158,-0.9468701327579144,0.484465785303561,0.9522051927484156,0.9864229535588084,-0.9815692983621869,0.8527632257824945,-0.2209753685971118,0.9667829738481791,0.8217682404619546,0.8967293771498982,-0.9706441066061023,-0.9040894286247424,-0.8589899057679777,-0.9888245577142133,0.24541658669207567,-0.796100815973698,-0.983167819574464,-0.9720397761505541,0.9686600435931814,0.9702472449585595,0.9892532111819164,-0.947418539728944,0.9818103862650102,0.7411538048124664,-0.8058156353898214,-0.9654438070832146,-0.9918615231865886,0.993111371878433,0.07365172007304895,0.9578394992802433,-0.9948505420268959,-0.9599879039010001,-0.9961121967903538,-0.9586489935229752,-0.9895962335802211,0.9986226739562342,0.9946154877755283,0.9690231151875459,-0.9583606926568798,0.987582622164012,0.9961278354583363,-0.9931053216872627,0.993574640910826,-0.9800801271809869,-0.9879588405489785,-0.7958645604611,-0.986469449869632,-0.9952013975926661,-0.9070505316660858,-0.9006849238894046,0.9554888528502907,0.9830174341987805,0.9581152582536017,-0.9556369331691293,-0.9925738779600665,-0.929576479333175,-0.922027124909645,0.9385079193782818,0.9539785242761829,0.9770707883063765,0.8318657534450269,-0.9291845695843615,0.47526357611344483,0.9834361708078869,0.9760189953646121,-0.9381367160832479,-0.9409337422479276,-0.9947138554010427,-0.9685341999543817,0.7701502010787938,-0.8397432012061854,0.946199126119595,0.8801332680955543,0.941939067187228,-0.8383886034481128,-0.896301888212757,-0.8636355699354171,0.7694113077993118,0.6025693319277055,0.979596795296369,0.9845335106337173,-0.15386578616877397,0.8892319715245195,0.9818507676748247,0.8725591005031056,0.9508411493869888,0.9867148844884522,-0.9982314167641577,0.9417539934055448,-0.9122275236613291,-0.9616596923676067,-0.8309657452548989,-0.9762020130348393,-0.9581801163714406,-0.9376500402764345,-0.9760617861556428,-0.8097705660501285,-0.9787797942614127,0.9616447469641883,0.9323040345194361,0.5440498809479896,-0.8625071066397975,0.923846692312022,-0.7620366513829778,0.7785233643286039,0.9368996781650796,-0.9633161123659427,0.9893470858426544,-0.9784061064588315,0.0
-0.9376751849981165,0.9987642425029825,0.9947625625939542,0.9418065261580963,-0.8278166210829978,-0.9879844035534349,0.9931450287840969,0.7035167367213263,0.9890059274430223,1.0000000046193844,0.7472916994472658,-0.9047552966488243,0.9302862574628131,-0.9604391801545091,-0.9984241654117257,0.8858348372348871,-0.9647113794139259,0.7745721705522576,-0.9470511178900574,-0.9767822851592264,0.5557949326445102,0.9607951077587312,0.9536197695812116,-0.9876280024810881,0.8253513818411592,-0.09157812281350128,0.9869252812657826,0.880800389517522,0.9309135526757994,-0.9877450089759826,-0.9456291791623679,-0.910926455164975,-0.960479746144116,0.14032446963893877,-0.777920065962942,-0.9985293245116204,-0.9952974500640036,0.9923367700265038,0.9929513971821251,0.9948450770938452,-0.9658189817363181,0.9815427925937558,0.784507551937096,-0.8017462899208465,-0.977606145506026,-0.9913045274019568,0.9973696862226737,0.040296006534616166,0.9884004075874944,-0.9758934225328372,-0.9746623129110128,-0.9878291122133505,-0.9323523790662274,-0.9614968071905665,0.9908738341449054,0.976305056997357,0.9303022109046116,-0.9806254684197147,0.9947373687643227,0.97308550349405,-0.9689305081306259,0.9844240058358834,-0.946168596664755,-0.9848010258019974,-0.7425157214020008,-0.9738842102076403,-0.9864387472432679,-0.9142596614495059,-0.8614447795948751,0.916593127849746,0.9957670598279152,0.9427668462694422,-0.9872831857277855,-0.9947842314559993,-0.9691274899813553,-0.961596074162451,0.9243020711947949,0.9820785252596077,0.980421516083687,0.7629517122570585,-0.9351821856805271,0.5355274332397049,0.9986070391619268,0.9914787798229794,-0.9333825550535465,-0.916059370440397,-0.9976589265926744,-0.9922047364553741,0.8434668003811441,-0.9051707347039833,0.9655192329335502,0.9296078056563611,0.9799025097490008,-0.8516364904295463,-0.8844531894814897,-0.7828111201697631,0.8098577597955835,0.5594392133906588,0.9936072699090754,0.9974267317799868,-0.2617021570385901,0.8429436583909039,0.9470350167339352,0.8381727430653377,0.9223180364405104,0.9925531802217684,-0.993071125556024,0.9741613251218354,-0.9453236297668478,-0.985720272036033,-0.8474913290304245,-0.9941576124394562,-0.9850836204877017,-0.9487653829629722,-0.9734079736490466,-0.790530760737391,-0.9787195836532222,0.985118831643883,0.9687914280113543,0.6129596582961062,-0.903451784912571,0.9556803572830403,-0.7032074450739857,0.8469014566223434,0.9661413353004829,-0.9499214382443897,0.9812153792873597,-0.9936450425361557,0.0
-0.508718669797169,0.7549084585124699,0.712571536840479,0.5078120899443815,-0.7995226208891747,-0.7580671387186823,0.6834726083346763,0.10156821336383359,0.6569418667928341,0.7472916994472658,0.9999999974448683,-0.9574531510060392,0.530531908341875,-0.8951203085634937,-0.7797597369381043,0.38843625412117105,-0.5526399404903021,0.20425695551797024,-0.5244241184708653,-0.804525309864172,0.9087001097985838,0.612734864858051,0.5749984938856403,-0.6998314610141655,0.5676542965449863,0.5615321987994779,0.7983269951304099,0.788665242353224,0.8691217003083748,-0.7984380342962443,-0.8033183970728278,-0.8912112243018186,-0.5423253393748568,-0.5374688492136711,-0.5647136834525989,-0.7529997360660996,-0.7738676141649203,0.8097288009892544,0.8097716427655761,0.7286466326902841,-0.6906738064038181,0.7524260525405021,0.5076111821254413,-0.7665882426129941,-0.7073396497408718,-0.6868993726853709,0.704063168802677,0.21965592744545684,0.8217873384446631,-0.6145821986620831,-0.6890976658604966,-0.6558560634443513,-0.4716894249444954,-0.5625073709590916,0.6568566262805283,0.6059225179730214,0.530904100759859,-0.7151999977480168,0.6929752949926019,0.592675489250493,-0.588272943582767,0.6959407332282507,-0.5085314632353398,-0.7037123082438436,-0.440864991502907,-0.6323685134056088,-0.6298724207805952,-0.5291768782155506,-0.5666881872374184,0.4437873948508766,0.7177581367939523,0.5061275458712503,-0.8370371494451305,-0.7003096032519845,-0.887580534234527,-0.8969229054923339,0.4832813914181841,0.8209911846616563,0.7201203097999564,0.1654089768648468,-0.5578243959311685,0.7645771146559903,0.7624578628611582,0.775173653181846,-0.6978720979244749,-0.4631782965486369,-0.7032237047116449,-0.7783807950815789,0.9138450444442812,-0.8117461570009945,0.6721415631806142,0.9353918840624653,0.8106408701295653,-0.47758761497129876,-0.7264852498282056,-0.21745963982144026,0.5756426370495915,0.43204110264805634,0.7524215596050848,0.773036371926246,-0.48597251408270004,0.32877418532752284,0.5630563772107022,0.6056354418638829,0.6096101236854663,0.684379978911103,-0.6654695339839625,0.7591192884908474,-0.8794445837441551,-0.8126600149184117,-0.4795589737345193,-0.7480095792182372,-0.7864493857028643,-0.6030013240333199,-0.6106731106305522,-0.6256199553065666,-0.6573908676662031,0.7679251469153456,0.8469063532148492,0.5330069100816774,-0.9277288395502845,0.8138871336226254,-0.11033032527091004,0.9396244693101553,0.8077337745830826,-0.600732062560222,0.6094901000207169,-0.7796370304428939,0.0
0.7326462888619591,-0.9069083669232796,-0.8826276540703033,-0.7313181250661053,0.843936244463393,0.9112609070757047,-0.8644961351296794,-0.37338479195492447,-0.8462218413206418,-0.9047552966488243,-0.9574531510060392,0.9999999992720121,-0.7328305596584159,0.9814948301046948,0.9243992704197093,-0.6196159187407535,0.7683121396885925,-0.474130728646518,0.747685978225808,0.9272741411204843,-0.8333358469029725,-0.7918167639457718,-0.7852421513079635,0.8670736326712477,-0.7335642386464499,-0.30952916104679723,-0.9320596066179486,-0.8640408844528852,-0.9561339749427084,0.934272872955226,0.9082741374155701,0.9551845979977158,0.7610295737200269,0.2904386468817515,0.7034370885586456,0.9057788581545108,0.9157287379474276,-0.9408046057877275,-0.9416609437968251,-0.8926834888312809,0.8452126856939788,-0.9087406817613254,-0.6318892903889359,0.8570863100672923,0.8653154564420243,0.8627704638246964,-0.875329085722137,-0.19899596028850797,-0.9444529290388215,0.8151040470841101,0.8494641784766255,0.8429827105201013,0.696514049450068,0.7764563368648474,-0.8451519475802528,-0.808430408137035,-0.7465875431100132,0.8672261405145572,-0.8646782109198898,-0.7995152490414275,0.7959832125241139,-0.8721744200980219,0.7332565814195353,0.8757936211730878,0.6244515640975363,0.8244276877064157,0.8237619022659802,0.7138116416040315,0.7512994838643785,-0.6770353780958573,-0.8803683982776043,-0.7198885539823049,0.9548960512231308,0.8734446078936593,0.9817378004419864,0.9861538821403608,-0.6952522591410532,-0.9426252242820646,-0.8830227547597349,-0.4347972153547099,0.7432903450290276,-0.7278993269438804,-0.913413253202185,-0.9205796415414251,0.8550606065029441,0.6854301233898621,0.8759044042981234,0.9173848430976748,-0.9356537964315615,0.8880392491282828,-0.8312549309999804,-0.9975718867820226,-0.9290967358536194,0.649065091627881,0.862235206043764,0.4867292852345866,-0.6907335272190078,-0.5475820459743397,-0.9039357876604105,-0.9216356995790617,0.3894667479441971,-0.5721982966525574,-0.7746664427090839,-0.7690925306543749,-0.7985597791860501,-0.85860434368115,0.8506769228246225,-0.8915912305804238,0.9699896310931276,0.9400954524263551,0.6495387677171282,0.8988082253085673,0.9187419454837411,0.7786575856518224,0.8009551771108135,0.7595392634588627,0.8357058184072209,-0.9068712491482008,-0.9522311611517004,-0.571994221409422,0.9875554031388092,-0.9251588107973624,0.3674621714416543,-0.9590168716740131,-0.9259573443344191,0.7934404218748395,-0.8065700031859816,0.924645443216387,0.0
-0.8983201501558441,0.9330317953752457,0.9526957792907214,0.907063198155596,-0.7970434869820848,-0.9316152641022395,0.9329022923931891,0.7297386507406104,0.946467295191099,0.9302862574628131,0.530531908341875,-0.7328305596584159,1.0000000030274967,-0.8484185305779057,-0.9110173286788682,0.9756532600208594,-0.9662385918580498,0.8706372530189347,-0.9330253645907095,-0.9295019083637193,0.26784250052034636,0.9628439073484956,0.9225807336228327,-0.9724860234214908,0.6499413965454065,-0.24329945476587553,0.928777366156406,0.8665665270854414,0.858156915609695,-0.9227189117653173,-0.9162072908244723,-0.8402870867131464,-0.9436720134610449,0.4166848276900892,-0.8624993015523418,-0.9381645848671449,-0.9249465620599883,0.9160862273646606,0.9137877545524942,0.9044674328617545,-0.9699148914638318,0.8809318953364282,0.7798437573747727,-0.6549366504147981,-0.9735853007911675,-0.9684832113275178,0.9533095801701903,-0.19441949882410203,0.9094001932201612,-0.9226640893587321,-0.9724536260782058,-0.9688137965283425,-0.9834460739729406,-0.9254431911501813,0.9430320419148741,0.9288162874415009,0.9544956978030291,-0.9464605471570432,0.9495898379023457,0.9563800900620143,-0.9261810803499688,0.9378766895737639,-0.9720848466766158,-0.8873044173321937,-0.5970841539978987,-0.8949901403363336,-0.9656723997614064,-0.9503652625418532,-0.7402894815706091,0.9824445840543511,0.9380657647463065,0.9729985900375456,-0.895212965090056,-0.9202533208849103,-0.8405247895395656,-0.8185453360003202,0.9815398288033191,0.9176212696666789,0.8641811620457054,0.8022665666525555,-0.9595271117976742,0.1889589318258371,0.9118284334800594,0.877211171360997,-0.7770140487733667,-0.8830469417573721,-0.937220597912892,-0.9355256492553882,0.7645205368932844,-0.8078172753404398,0.9592450592393238,0.7713398518282175,0.9017212895468374,-0.9312189375174376,-0.7269271291060773,-0.8204095964291991,0.8853802286421526,0.3419244087044613,0.9508700866863343,0.9269190191630828,-0.3241578435836798,0.8197976763366652,0.9417758524990615,0.6986318532927939,0.8138587312847221,0.9345697552743274,-0.9517421595987094,0.9320262699465671,-0.8507860248922055,-0.9207002117278332,-0.8195835866148987,-0.9473961861533993,-0.9365944454585774,-0.9635067767347565,-0.9823023320071014,-0.5838631339385826,-0.984691999307374,0.9468184301892993,0.9000180359526139,0.7082335506775529,-0.7294142303317334,0.9202745929275847,-0.7327096193102695,0.7445145348248731,0.9271832824576773,-0.8525029300376386,0.9618004754710673,-0.8843526527149264,0.0
0.8116705561516705,-0.9641351194657939,-0.9485985137610286,-0.8142489986585189,0.8899547084374889,0.964487285491053,-0.9274257582293101,-0.48225566171498413,-0.9168208848532807,-0.9604391801545091,-0.8951203085634937,0.9814948301046948,-0.8484185305779057,0.9999999990288199,0.9707132844070091,-0.7535739814518455,0.8616709344385639,-0.600557799260964,0.8334443132492657,0.9816666470062589,-0.7173594286126639,-0.8861890702273229,-0.8590710675599329,0.9445709034611908,-0.7372538295832259,-0.1856775537842325,-0.9826337434790166,-0.9224240074261623,-0.9822607397179266,0.981664251094238,0.9663284304729377,0.9802639099782219,0.84858050088385,0.11169789261708116,0.7843850325472667,0.9647143002410135,0.9698524391140387,-0.9859286859132039,-0.9856119073902221,-0.9420880468541052,0.9305341810039203,-0.9454619815277913,-0.7190801041557904,0.8368057849543221,0.9451322174523222,0.9385187520983371,-0.944170720861182,-0.07925043450495897,-0.9881890683384575,0.8843714368283984,0.9335471125385408,0.9220841738342561,0.8136960126242889,0.8544101108470232,-0.9156718637397877,-0.8814683319770199,-0.839132073155415,0.9403232683726744,-0.9357417456050732,-0.8824296121961618,0.8700601432764046,-0.9339869336081102,0.8356495883691247,0.9221438834221988,0.6339859069806644,0.8841199087413997,0.9066365998203374,0.8241739425369965,0.7758207627964886,-0.7960807121205222,-0.9451212129399084,-0.8302924989763694,0.9917871760046154,0.9319021554968365,0.9966519316260328,0.9931159429981197,-0.8150475970084715,-0.9889141599019561,-0.9218191965033619,-0.5530759239430515,0.8485710171127465,-0.6113837066367918,-0.9620763513192464,-0.9566720821059038,0.872112583997749,0.7742957003810425,0.9392239322324002,0.9745535121729233,-0.9475177423538721,0.9230555706890047,-0.9169597254877679,-0.9894326936264868,-0.9761082480376507,0.7718674185690196,0.8605986800011699,0.5946108719202996,-0.7953398373644727,-0.5005885192696806,-0.9670820747918883,-0.9724596857601259,0.4152119100896928,-0.6656156189025748,-0.8568233837604269,-0.7773793903610984,-0.8361136179113103,-0.9261902846874084,0.9231201411412497,-0.9564070508783592,0.9898771280630944,0.9870159819334166,0.7378568154348973,0.9630650262350817,0.9767343905567413,0.8772861087811066,0.8963979138388725,0.7381317534703975,0.9236590469642115,-0.9702896070280272,-0.9926408967228184,-0.6596228108084471,0.9670554464166722,-0.9778620251269154,0.48385905260390727,-0.9574879769706971,-0.9799163648425305,0.8476616427027399,-0.8927757146047449,0.9618844981639906,0.0
0.9234461988506899,-0.9979192716360703,-0.9886822762330125,-0.9277974063914868,0.8385736735165513,0.9845566507248709,-0.9871447995080008,-0.6751340640345198,-0.9803153953118943,-0.9984241654117257,-0.7797597369381043,0.9243992704197093,-0.9110173286788682,0.9707132844070091,0.9999999999870276,-0.8616542432144301,0.9489214822489028,-0.7398897408843633,0.9305164327108006,0.9778913684096475,-0.5930037208818835,-0.9520357389945138,-0.9396773440455959,0.9803283248324661,-0.8264833354085481,0.04731414850701924,-0.9868820143540146,-0.8860705680877247,-0.9364539463537646,0.9876958180997016,0.947946204031326,0.9201612633090754,0.9456924705809282,-0.08967298922198687,0.760163071454983,0.9970699166749114,0.9964045665583489,-0.9944656867487104,-0.9951311151168934,-0.9938492082203451,0.959488305967691,-0.9808193876052508,-0.7846371470135486,0.8074905471091193,0.9707761666506689,0.9832087671428003,-0.9919933218742216,-0.05525719061567625,-0.9922277460082403,0.966373543828515,0.967990625927082,0.9777102759645082,0.9120532052649746,0.9485493697398838,-0.9831823900188531,-0.9663260294697332,-0.9106421461924975,0.9781680655276321,-0.9899036091847232,-0.959610657970258,0.9574153552292053,-0.9769267209967055,0.9267142538696497,0.982679667500506,0.7364524017336658,0.9678851940716805,0.9761059808912317,0.9023251417628837,0.8552841161711108,-0.8927286947301167,-0.9932575428735839,-0.9264014332426355,0.9925784168251758,0.9915429954041184,0.9797786146684198,0.9736799980611215,-0.9059939024627469,-0.9843603883896647,-0.9813028319852314,-0.735335431548329,0.9239450826538513,-0.5742534577301615,-0.9993915797577245,-0.9948501934345733,0.9366628787718491,0.90313722393202,0.9933747624806476,0.9923688320375238,-0.8587725205534695,0.9182843105817857,-0.9600061405528377,-0.9457702274326159,-0.9850476299470843,0.8377641359549726,0.8877214842263739,0.7533843240962079,-0.8031738233204316,-0.5643478426726836,-0.9905294969276699,-0.9965946286655225,0.2772261802773348,-0.8250529969582789,-0.9305829937584433,-0.835273475302737,-0.9164839837323637,-0.9884755645566161,0.9853781553823634,-0.9748368676307435,0.9523172255281095,0.9871470605122761,0.8431641090554317,0.9920761020619123,0.9853864355303197,0.9395294116717214,0.9617710700253542,0.7970146310674697,0.9682354887797279,-0.983741941778141,-0.9735003660283447,-0.6129049725847665,0.9197237848330435,-0.9566471404837875,0.6786916090677593,-0.8634600684040281,-0.9666680070534754,0.9453660747007103,-0.9707489827491464,0.9965784459193602,0.0
-0.9082295610155948,0.8887232522553971,0.9032246641498511,0.9225362796044233,-0.7233705524642323,-0.8617176269947244,0.9007331126953353,0.8230630805196218,0.9152813153621672,0.8858348372348871,0.38843625412117105,-0.6196159187407535,0.9756532600208594,-0.7535739814518455,-0.8616542432144301,1.0000000032780831,-0.9552964855392942,0.893729499828468,-0.9244661688593344,-0.8554698105972651,0.11085948098019832,0.9585433777012303,0.8959411191840525,-0.9253194214164766,0.6421809566498377,-0.4071026445783184,0.853683330264989,0.7915129941471869,0.739576418980538,-0.8464255617255881,-0.8394138704302385,-0.7230137506533314,-0.9416528331137888,0.5679016240338783,-0.7457992406494032,-0.8916732163138744,-0.8784741555403096,0.8478922446935306,0.8456344284379753,0.8709567304612436,-0.9293847084933367,0.822483022495885,0.8245721851506573,-0.5283046372628668,-0.9214764643291073,-0.925165876119263,0.9164217256185752,-0.27397030909082687,0.8423946827287679,-0.9072057625751841,-0.9338705792905985,-0.9321711088069489,-0.9919117617519257,-0.9187003033466234,0.9192997933094248,0.917783012745669,0.9169235436214125,-0.9165791008074952,0.923367687703751,0.933769186364611,-0.9136940756652405,0.8834865962789796,-0.961526037828698,-0.8568037570435353,-0.5910077020587918,-0.8862540678453762,-0.9455287778647335,-0.9664780001128808,-0.7093963031460162,0.9794179998794184,0.9088480403255378,0.9866931856405844,-0.8245375837657656,-0.8942046541478715,-0.7551332010718478,-0.7298495445221513,0.993499667954611,0.8393271673705532,0.8377574764614365,0.8888487455018831,-0.968330619331931,0.12645626509135063,0.8695384926311261,0.8351936997962948,-0.7511613949252618,-0.9263675105479664,-0.9057670107682747,-0.8799259781781448,0.6383629602178524,-0.7697695769836277,0.9361839731610336,0.6644798493457275,0.8485552399178345,-0.9468574186056381,-0.6532917255736078,-0.8650249143658497,0.8594218112530085,0.3112933311867113,0.8938090581170993,0.8675139064626018,-0.23560702801307892,0.8880705943398499,0.9071427226617913,0.6470215688211985,0.7890786104950317,0.9164376206299388,-0.9242257124801431,0.8880761373266648,-0.7384872367287291,-0.8439417215471179,-0.8800789726630663,-0.9005449408862923,-0.8740441811844549,-0.9591488590175274,-0.9660472084216808,-0.5480787410844297,-0.944749445607015,0.8875513652300002,0.8127988438715419,0.6626949849513973,-0.6115667783915246,0.829523681911247,-0.8493257820404215,0.6054261647001188,0.8424943307921524,-0.8611937218670009,0.9532413765313302,-0.8379728006700403,0.0
