1.000000000360465,0.20073768972817785,-0.8901990307071747,-0.9010541127781677,-0.9363310547995541,-0.8078048274254732,-0.6896405546927058,-0.8676073500684285,0.8291932158027404,0.36746962806925826,-0.963615306171504,-0.8856465191328577,-0.6303912459174716,0.8109618770269336,0.6951814722353848,-0.8594649483931646,0.8449396431035984,0.6010473066870906,0.2543754111108491,0.8641002322487076,0.777035123758473,-0.8247286018807927,-0.7560968352254498,0.6132984600164345,0.5837764499545393,0.8268566700399985,-0.30723210209470153,-0.8895872157414547,-0.8620014924487622,-0.8747040817710724,-0.549370560684338,-0.8970273147940863,0.9009547932522505,0.29447075260130573,0.9687382536954094,-0.2886488176712246,0.8710316021052394,0.7369333498427394,0.9191185548328307,-0.5727601605748075,0.894136718684125,-0.25249279123562834,-0.3544972126777442,0.8904877397018234,0.8580082882427978,-0.8120025323781849,-0.7523187690308437,-0.7489792843665256,0.865289456602452,-0.7410003277811112,-0.7508461174431126,0.5150063309094258,-0.007101047488048131,0.6957181940809652,0.7971335747252608,0.8203208606505059,0.8657900040082099,0.8080417750501191,-0.8075244618734052,0.7314138285460371,-0.8344202539559955,0.6338347234017062,-0.9069353746955485,0.8285221486135047,0.6267521082020621,-0.5372526436738357,0.6899888907716497,-0.9491960553190602,0.7814771878345182,0.8435465833309282,0.8257067603687936,-0.8985106313763506,0.597765302156315,0.7154253665347136,-0.5512659069774297,0.8349010022484575,-0.8679338238941066,-0.3504465931557726,0.7713631681779131,0.5657657416046604,-0.8446274216816582,-0.4831197292500815,-0.3822168050767399,-0.8541316879584592,-0.8770107100686796,0.7764800849066763,0.8773274928923201,0.895613714204046,-0.7451172211946828,-0.9237392361000656,-0.7332659686513128,-0.7909683855744438,-0.5679431663639871,-0.8122869668370254,0.9016399033001109,-0.8324873805256484,-0.7758114096136343,-0.8225024090789607,-0.8078392468625639,-0.029928585827931568,0.7200070997307845,0.6151239467804159,0.6649428043807174,-0.8372596614773176,0.8877878947369328,0.7698708222013548,0.9005799098620931,-0.658233974572265,-0.7348158879852831,-0.5864221524329508,-0.8474176907066888,-0.8425972091975162,0.9802892624773621,0.8920422946065689,0.9207460230891863,0.7673940253092639,0.37759410714435016,0.8733756916152385,0.8439091034749988,0.8669940449320176,-0.8558488853326623,-0.6648166252999411,-0.6294037080315926,0.09273225316377068,0.5906958575983858,-0.8050826539173732,-0.6991427169404366,-0.6920925372558397,0.0
0.20073768972817785,1.0000000056965523,-0.577883092279004,-0.5936504872670663,-0.5198244746840167,-0.2333301784407876,-0.538147673398503,-0.43603905576620333,0.6987758365156636,0.9294889466062588,-0.4462925223197164,-0.396100008903789,-0.7131933219085946,0.5785351737554193,0.8349147469704866,-0.45513737987728,0.5254732376059561,0.9029658846401332,0.996557411041125,0.6060613857903967,0.6730371247817576,-0.7154023231373984,-0.7561846793360274,0.8529029543448117,0.034142164182118365,0.7155978807047236,-0.7849332704322816,-0.28596204982621476,-0.6659831819430789,-0.46078213523639766,-0.8165888672545527,-0.051369385616044275,0.40259629923916096,-0.8733035334465428,0.07717719970045775,-0.9931566041138112,0.342254437447301,0.35155152654532046,0.4475237794256957,-0.9012149947933348,0.5847889317163125,-0.9670215576618245,-0.8347949601078951,0.5103280390127468,-0.27245383255812905,-0.7297180036193541,-0.7122835466649688,-0.7436311398137311,0.607205130443674,-0.8035823164805478,-0.650606243096188,0.8521771863031561,-0.865263753800812,0.8366943671104504,0.7345155634919208,0.6768477901414778,0.5826592682747513,0.7305135990324755,-0.37656028565797833,0.2642327004575622,-0.668870382428011,0.6618868858507458,-0.5701778619639457,0.7094395188327356,0.8399470386366324,0.7143263408048848,0.398364161029749,-0.48237018707168966,0.7409301670555538,0.6869401031716827,0.5326671721156181,-0.607182130242072,0.849501455569427,0.8203612544240393,-0.8546311258533711,0.6985713379184465,-0.2119881850605086,-0.622292771622361,0.6700055133370469,0.2423751454515433,-0.6112710188400693,-0.9369766016660228,0.5098241901034127,-0.3366875291291622,-0.6159621931922953,0.6976042064936747,0.6050003583368955,0.597464597284244,-0.6418512178844905,-0.4240175720434761,-0.7622765785784972,-0.7527737165978438,-0.9063943470100714,-0.6883371063679489,0.5908207528818371,-0.6647599487351444,-0.6609166614615318,-0.673000621304248,-0.6861065224615545,0.40957755292934467,0.817332535072877,0.8471714932731348,0.4816961725446052,-0.6502751792264423,0.6088791881964566,0.7230099919004894,0.48105975903116116,-0.7792016002186469,-0.7888058130904507,-0.6712213688026766,-0.6704210555630141,-0.28544095801895686,0.17815209047337835,0.5846329088156492,0.4928081285048744,0.7736973325404602,0.3091066473156988,0.6520579106658622,0.6924563934647032,0.572724518056151,-0.6645113589769288,0.04659238905210556,-0.8344401142276308,0.594635800728006,0.28891240691252573,-0.6621128702143844,-0.8090700303004085,-0.7423449967771041,0.0
-0.8901990307071747,-0.577883092279004,0.9999999966867807,0.9703043128098507,0.9565394233614185,0.838543999037683,0.6733906256787107,0.8206811348488249,-0.9369518038078569,-0.7174198824044143,0.9569479130412871,0.9515621014899305,0.8935671795025482,-0.9646933624686821,-0.9203689818610172,0.7969929792619309,-0.9621197186381383,-0.860155354974459,-0.6281980742878465,-0.9965414721461673,-0.9741935061294508,0.9621670173249757,0.9456017997902997,-0.8968035180711462,-0.610887933761126,-0.9631823158295447,0.4768588549753628,0.7661585416296883,0.9834172100921332,0.9654683640480943,0.8652252294347251,0.8205936289847845,-0.954551428920995,0.12630059891090903,-0.852975131199423,0.6479724477563039,-0.9262097739745156,-0.8631379257085877,-0.9767395463283554,0.8683681885826344,-0.9946775944409236,0.6487650380842563,0.5764901049885107,-0.9716655007692657,-0.6054158366971375,0.9728217429444583,0.9601452445706745,0.8595338589634928,-0.9816298351027168,0.9270241938133995,0.9556937978291691,-0.787683015242843,0.2873137267018444,-0.9285166130225831,-0.9778158775161796,-0.981295011087959,-0.9921746681951725,-0.9455871455560285,0.7169294655903601,-0.574101373561222,0.9841560882163722,-0.7908109381054886,0.939858192119505,-0.9783048399094584,-0.9067789061143733,0.14011334152966567,-0.8110992582575817,0.9778681810933869,-0.9750819433237291,-0.9618077314768995,-0.9656673614008723,0.9877416959607435,-0.7973823485435947,-0.9179720344786373,0.8476534524672761,-0.9766208653865254,0.7027069082792641,0.6526485610420406,-0.9653120621091613,-0.4113205198727699,0.9838694827597795,0.7547072440478657,0.21784345921487497,0.9186264331363226,0.9960205414803277,-0.9735757476089482,-0.9963683442400241,-0.9928687150126062,0.9515212059847559,0.965845927892793,0.9208634251377271,0.9608144682887572,0.8431899292985708,0.9822220091299534,-0.9953824903757842,0.9615527017864018,0.9665246641482271,0.9385733836451449,0.9855041742073208,-0.01750758569528056,-0.927804183853149,-0.8407564441231227,-0.6215672205721191,0.9930310070445844,-0.9746567345255844,-0.9701265903429063,-0.9867765707859388,0.8135321996637767,0.9503322654329759,0.6613628702618894,0.9904019110596228,0.8955221732635239,-0.9018677526183485,-0.9327922031512375,-0.9185411816515108,-0.9582037098778876,-0.27189272794320946,-0.9769856720980248,-0.9738995641455288,-0.8883900033716402,0.9891481061638291,0.641103680177035,0.8618392513673727,-0.4744503912772078,-0.7399823495051705,0.9851058645931178,0.9424040643817513,0.9255745399837237,0.0
-0.9010541127781677,-0.5936504872670663,0.9703043128098507,0.9999999986797496,0.9901891230730507,0.7122508462414882,0.8301555667434606,0.92945612765452,-0.9779764773019157,-0.7214761715995526,0.9776978239130811,0.8789465418737241,0.7891990802850046,-0.8825831477593091,-0.9334587475309358,0.9059492577784511,-0.8848748713789509,-0.8813038820907746,-0.6317204070720128,-0.9555162238094214,-0.9142343034771369,0.9866324230830604,0.9579456752275679,-0.852018688504296,-0.4272667980323513,-0.9790851784877775,0.6306124230975072,0.8312253100285835,0.9902980719138345,0.8857928483417242,0.7861854241694437,0.7261759585485276,-0.8795876730918544,0.1412936484783379,-0.8091015407122422,0.6683579612437908,-0.8267805711250626,-0.7196826691561242,-0.9236512240865496,0.852039042917104,-0.9861494326458686,0.6047675481364055,0.6963558063054631,-0.9193750457646263,-0.5900978375071619,0.9714692161025416,0.9001011392114885,0.9324560564757086,-0.9775541282400695,0.9541096905721366,0.8748326877900042,-0.8074148219801155,0.4113180179138495,-0.9275624921480998,-0.9623229975769064,-0.9660631365058818,-0.9407743094186766,-0.9824250085094663,0.8548282351965979,-0.6961853189868482,0.9531227831671482,-0.8557098333817088,0.9862752874067767,-0.9815600098684689,-0.8661602859380253,0.13340588933303804,-0.6765012195534051,0.9881618702786814,-0.9548955848245078,-0.9922984657918102,-0.8830520899177233,0.9919237353139607,-0.8789373969037926,-0.9462491802810087,0.8345770997433976,-0.9869281132864792,0.8264033340204905,0.49233621051390564,-0.89581603172641,-0.6053394123196366,0.9328503952225397,0.809874391468592,0.04586396829721824,0.8140652884296707,0.977202238298867,-0.9175091214890548,-0.9655205585043719,-0.9779416699568766,0.87060006595953,0.9111758614772791,0.9494473865243003,0.9736907156740591,0.8638392161483713,0.9446592967723989,-0.9861692818176159,0.9844038039946972,0.9080733748588864,0.9812443406721802,0.9436877756822937,-0.22811265718371856,-0.9467598182515964,-0.8938009411513266,-0.7880458829736915,0.9546974193286524,-0.9954992653825093,-0.9310539195296487,-0.944445421299298,0.9048130147372793,0.9387061776011331,0.7844031225244981,0.9797691729504275,0.8234004243352828,-0.8726841413984024,-0.9913916036688,-0.9827731533216282,-0.9612106752957508,-0.4958258225428168,-0.9903027433339902,-0.9864421946195348,-0.9714136395724755,0.9781274654985177,0.48510736284309675,0.8990044056395908,-0.29786977595048064,-0.566964475880607,0.9305531344388847,0.9092884942411638,0.8996945767078208,0.0
-0.9363310547995541,-0.5198244746840167,0.9565394233614185,0.9901891230730507,0.9999999993352064,0.7367154448956988,0.8337657210184068,0.9319491652816714,-0.972122125565131,-0.6283247124403594,0.995052317207683,0.8675488016852293,0.7536410389616885,-0.8707524873236354,-0.8873149286832527,0.9353509317240252,-0.8826340138158567,-0.8344126834045277,-0.5627466505431648,-0.9382522491870604,-0.8770175585558582,0.964741005590054,0.9108105785983787,-0.8102107300253986,-0.4566986617917988,-0.965698213075466,0.5877137460507597,0.8984216822805499,0.9734753286061703,0.8860607056018558,0.7220539651868947,0.7627887837307912,-0.8923645291661964,0.04460029848174718,-0.8493967968940191,0.5925157135779466,-0.8370111626693171,-0.7066245708461578,-0.9262583532825375,0.7937669392279172,-0.9680901645732714,0.5345134111305818,0.6299635978432314,-0.9314029505050117,-0.6339100697371337,0.9494819982556849,0.8700908726892282,0.9274584580350808,-0.9466071855591229,0.9211041989414535,0.8387830226378523,-0.7251422746001884,0.3436869609422801,-0.8854453180303032,-0.9340122051987848,-0.9289810418566843,-0.9291583558039187,-0.9585003138100129,0.8781372724399158,-0.7708499587771797,0.9373544486023605,-0.7939195540237687,0.994700761489086,-0.9581975620202904,-0.8095065651521034,0.2144072126223066,-0.6996367969068784,0.9866410977189479,-0.9194550565113155,-0.9738104728482381,-0.8623516862949497,0.9858553053865914,-0.8316677259554504,-0.9058995896841574,0.754810882745245,-0.963240738167131,0.8698428258828106,0.46962902986529104,-0.8696160010548208,-0.6474306873444233,0.9183057206484596,0.7578275977760528,0.09658155892064245,0.8140734915813584,0.9585650474714131,-0.8887101192934597,-0.9527602202864983,-0.9734380907104132,0.829060050013406,0.9280975065910781,0.8984673988558913,0.9428353176813549,0.8014212042341007,0.9221327298534151,-0.9774523716583329,0.9518179817033712,0.8684264729302943,0.9477019146799097,0.9165487844133798,-0.18071821304091512,-0.9054345567783655,-0.8351677520504555,-0.8001314038581208,0.9305273235803802,-0.9768621247416865,-0.8934341039714153,-0.9276826939294737,0.8645059187728699,0.89505353782936,0.7936653956968006,0.9554867735550752,0.8002792157509123,-0.8944158207974153,-0.9895659139469658,-0.9848104237946845,-0.9256664785501413,-0.5063082379122423,-0.9812831656307197,-0.9673973033664333,-0.9740147568431928,0.9649172765378949,0.4942844983798472,0.8351691154328568,-0.2152657580601356,-0.5417038810971134,0.9023734645573749,0.870944754450016,0.8348140468476106,0.0
-0.8078048274254732,-0.2333301784407876,0.838543999037683,0.7122508462414882,0.7367154448956988,0.999999997961702,0.24671228635902615,0.47659369944736596,-0.6571997168757725,-0.3448416564341331,0.7805187077611665,0.9229138495866027,0.8347994076852203,-0.9182060821132618,-0.6074921534322734,0.5183703001687612,-0.9375027801846287,-0.5305504494341151,-0.30542927593320246,-0.8539647467142205,-0.8258712285500781,0.678860078726799,0.6345842427914611,-0.6882972327978203,-0.937680536551578,-0.7133669796650657,-0.04488023614575875,0.6508600782005235,0.7480217583086757,0.949950791028204,0.7009010266295629,0.9556271694835835,-0.960021530708928,-0.185569641032983,-0.8971976039613372,0.28538573230679914,-0.9804940002709891,-0.9606311409963669,-0.92316546985175,0.5903911839355728,-0.785257321489587,0.414563109643817,0.053058763428176246,-0.9130984573491284,-0.6863516303329168,0.740026844552637,0.8308440921458223,0.5383697831138525,-0.7508178438309528,0.6218561859637124,0.8587678464187571,-0.4385090412415437,-0.20376462753376087,-0.6465526673748104,-0.7522514376572511,-0.7505198121342664,-0.8833947607708241,-0.6393772758648102,0.3604933322956509,-0.4120345280300311,0.8284202506700493,-0.3502361484261677,0.6990544135742784,-0.7322697952215803,-0.6814259030223638,0.37260493390933164,-0.9476119168712853,0.7827810840150673,-0.7452800794767847,-0.6744658586965272,-0.915049714909124,0.7805761765157715,-0.3663156793997605,-0.5883734179828771,0.527286613206861,-0.7127807742009632,0.4323564528329934,0.7549822343444581,-0.8620180606899912,-0.033127891584575846,0.8767991430683864,0.3537363195268507,0.6692981732736997,0.9732723478772757,0.8121927772932549,-0.8321089753378154,-0.8464154992358397,-0.8275863197788107,0.8466031192550691,0.9337149650447838,0.5719429608747387,0.6812168178246458,0.4940354540623709,0.8226258106639384,-0.8096524533374793,0.6581423745052578,0.8244968914267796,0.6162268953600447,0.8189559171868912,0.5207785338710436,-0.613042226836574,-0.4302122691940274,-0.19510099208516682,0.8281606726625771,-0.7237171867050692,-0.7856681827536701,-0.8462995180382367,0.37521057275668807,0.697254744005799,0.2625037837568008,0.7710203948358884,0.8144938292355067,-0.8721102904782462,-0.6450789367498941,-0.6337563388543987,-0.6876021410653645,0.18687036209595528,-0.7500043654710072,-0.7279471111021809,-0.5656630464631313,0.7858841895835015,0.904275505481712,0.4741571709695944,-0.5348251806137372,-0.9108915134904936,0.8382892160376663,0.7216164631019375,0.6551623066343841,0.0
-0.6896405546927058,-0.538147673398503,0.6733906256787107,0.8301555667434606,0.8337657210184068,0.24671228635902615,1.0000000019550674,0.9440901284021739,-0.8577952632083438,-0.5802222813858648,0.791381684036701,0.48037836080370766,0.38446780739552655,-0.4922311627657247,-0.7586558777369294,0.9403907332974558,-0.5000052165887393,-0.7502228417018695,-0.5408006399449634,-0.6366426507082823,-0.563055240177046,0.8192203593731594,0.7635701947073605,-0.5826010810880345,0.10273797078110557,-0.7989282160038749,0.8684348739858432,0.7932811582355892,0.7769048201216169,0.490460853529957,0.4361725794499274,0.31482214514476914,-0.496516843462486,0.19321386219583148,-0.49002263813982505,0.5967532395058579,-0.39612153747664614,-0.2120473127667771,-0.5729033530239904,0.6371542365850097,-0.730631560571676,0.40956812983460533,0.831836157565484,-0.5922866282495789,-0.35123171988913376,0.7502254161271104,0.5594395814729778,0.9002393129025739,-0.725418471820686,0.8048130637101112,0.48409057673663597,-0.6562793929585572,0.6448510001067296,-0.7261943537284085,-0.7116840073258223,-0.6992623027965612,-0.6027967267482309,-0.8436515659439763,0.969215683215044,-0.8222284065571349,0.6637610022234199,-0.8045475258296455,0.8623370924172222,-0.7654524602651784,-0.5834613261148901,0.02041756192311072,-0.2355652435345649,0.7675333313534458,-0.6924707341393039,-0.8356821008380895,-0.4770790391423731,0.771147927718778,-0.8778866320704679,-0.8034857854080515,0.6151774562352378,-0.7856454968677528,0.9054422258573767,0.05227622416140797,-0.5326478653086701,-0.9186991887318875,0.596273727464755,0.782906389784147,-0.40114057537749376,0.36558427863557125,0.7006070760447787,-0.5819615436061837,-0.6676297556858221,-0.7167786089733077,0.47636004318752745,0.5709485223451393,0.7941847898732696,0.7830468981795509,0.7257075641642275,0.6426701147466907,-0.7329350408240191,0.8045010849902172,0.5543075131361719,0.8400499573998542,0.6320154760755661,-0.6654518288499184,-0.7817576212009139,-0.8195529633152658,-0.9943259825769029,0.6443032388537923,-0.8001690740022334,-0.624823556743036,-0.6158059800253124,0.9151254759516241,0.698256841098312,0.9281821197358219,0.7270535246474149,0.441747456661522,-0.5679184800837594,-0.891236548513214,-0.8898281205798021,-0.7518661563509452,-0.8916817772461009,-0.7925100923050195,-0.7869421302143188,-0.9354349119328467,0.7332262726113274,-0.03248469891008104,0.7807482007604694,0.16260792319530668,-0.01669763299187409,0.5923410268810649,0.6424852392687923,0.6258146824138726,0.0
-0.8676073500684285,-0.43603905576620333,0.8206811348488249,0.92945612765452,0.9319491652816714,0.47659369944736596,0.9440901284021739,0.9999999970356451,-0.8973130368934541,-0.5761068483350756,0.9140869707949623,0.7030540069633693,0.509076890974853,-0.6538223367783016,-0.8014007769528737,0.9557374464949284,-0.6691741530156139,-0.7447706778832205,-0.4561976416163751,-0.7837145324009777,-0.7095513904283505,0.8868694287001674,0.8442257585363271,-0.6313604454839076,-0.14762056091337442,-0.8622102427715037,0.7062678592499795,0.8377381214984515,0.8736428361675364,0.6811572323071872,0.5330057825522699,0.5734470225493621,-0.6885885562838012,0.0147705303041809,-0.7218063219396442,0.5209115742334028,-0.6152842986883937,-0.453609587320943,-0.7584172742882526,0.6670705300136238,-0.8677896540503468,0.3679310842925654,0.7259714741923661,-0.7383239283454913,-0.6155238364575545,0.8304351595474495,0.681113539421215,0.8841042870885039,-0.8651216012253062,0.8417370885470857,0.6432098986254928,-0.6928807398219048,0.43400604854628383,-0.7730674704483136,-0.8040483164436182,-0.8250248273375909,-0.7561612828464396,-0.8973350349110895,0.9710717242671536,-0.7799531826904401,0.7792099904621753,-0.8497779641612268,0.9340709877727825,-0.8532021051930997,-0.6594618184545405,0.24596424750524845,-0.39501295527957536,0.910748210265756,-0.7918970826866026,-0.9063500662112292,-0.6676047467937573,0.8797208033733397,-0.8414537757831223,-0.8366375157375672,0.676322661915061,-0.8722552150534544,0.9486099355984878,0.14216987355554422,-0.6713320358710161,-0.8191419635910656,0.7420660260323976,0.7168674450588003,-0.11043842722656035,0.6002632585801279,0.8354162263307963,-0.7083292151548145,-0.8058855982207824,-0.8391080938406713,0.6435535967709356,0.7433165735275766,0.859858814621394,0.8528027923557836,0.7324813339833056,0.76055384039781,-0.859719708650692,0.9007607206476532,0.7076831905071893,0.9217169843874026,0.757334749031186,-0.46606678260205375,-0.8249921462148855,-0.8231929790092427,-0.9252164177072433,0.7802154260331549,-0.9118547219410731,-0.7440152976716734,-0.8013808578413056,0.895357539851684,0.7794013589289807,0.8210944286118733,0.8409376994868905,0.6861862928444701,-0.793276601171549,-0.9593966150687687,-0.9785171405040456,-0.8234322465748412,-0.7478487480176784,-0.8814395808384657,-0.8720093643182956,-0.9751489095837937,0.8352800123522985,0.27167683956984956,0.8107131953030775,0.04390605788004119,-0.2735677259297567,0.7325076286115172,0.7139303982878678,0.7428583720150744,0.0
0.8291932158027404,0.6987758365156636,-0.9369518038078569,-0.9779764773019157,-0.972122125565131,-0.6571997168757725,-0.8577952632083438,-0.8973130368934541,1.0000000031881562,0.7530416372981327,-0.9469407729385478,-0.8029841272882372,-0.7976201397194307,0.8623481630988967,0.9528802140538448,-0.9177783000513292,0.859807995672311,0.9327661037771131,0.7328835314503496,0.9278267461530368,0.8883569312375139,-0.9898167857286122,-0.9464209222343243,0.8921780308815386,0.36556759846329745,0.9933904165693997,-0.7176984049055875,-0.8472977488049666,-0.9811624931388547,-0.8433163286393341,-0.7948954842348941,-0.6308722900758355,0.8364333331256393,-0.2680994972461496,0.7162101418610448,-0.7542603516890107,0.7689652403258891,0.6514338342208174,0.8753788143006532,-0.8895114678911505,0.9490955958632072,-0.6942721685513559,-0.7521988423175289,0.9044891761551369,0.4382013707359786,-0.9785376874908561,-0.8981283703480785,-0.9823370492831474,0.9330346265964974,-0.9775196877513186,-0.848325054052479,0.8114472517513661,-0.5324651017026327,0.9520955016091427,0.9632711483316144,0.9367536373304832,0.914420054934363,0.9900589943568935,-0.849652877656946,0.7482284639096876,-0.948496249473759,0.8248240234963437,-0.9843269764299054,0.9792355329653717,0.8802964614769708,0.017879883948497984,0.6791126824634355,-0.941378570990072,0.9497372392462451,0.9905371363311568,0.8366774415218566,-0.9772607814931493,0.9213069094436294,0.9678060583763595,-0.8343577552523478,0.980853152167654,-0.7984673970812483,-0.5410826530536317,0.8850970362241194,0.6389630333334668,-0.9129788298599162,-0.8846138723464624,0.08252402189611314,-0.7430927058209984,-0.9491967987573463,0.909786176325048,0.9423127456502828,0.9624155542534188,-0.8352159065418933,-0.8764361467458421,-0.9389107969726656,-0.9783504487287998,-0.8999138031908196,-0.9385959315136835,0.9624257279950337,-0.9587970530642543,-0.8761766011892335,-0.959311154143597,-0.9310589232029041,0.2791260247709269,0.9648330346234361,0.9148027858862282,0.8187458490518726,-0.9327572942479113,0.9664696562048337,0.9193012962830284,0.8807959962615318,-0.9302085443463062,-0.9421380990516643,-0.8676490817895512,-0.9625779533327111,-0.7113434724579863,0.7771017104007604,0.9818176107697774,0.9518181463872745,0.9677438605388278,0.5352477081985224,0.987257445122299,0.9840643829245773,0.9710080576938899,-0.9736116810120253,-0.3632886159052821,-0.9061569285648341,0.29861622649551095,0.4895189100802447,-0.9102890606706313,-0.9297860290269669,-0.868326819875194,0.0
0.36746962806925826,0.9294889466062588,-0.7174198824044143,-0.7214761715995526,-0.6283247124403594,-0.3448416564341331,-0.5802222813858648,-0.5761068483350756,0.7530416372981327,1.000000001974039,-0.5682085526365178,-0.583372474687563,-0.7735085128100574,0.6790208647228774,0.9117197379231651,-0.5009970563136563,0.626422808611847,0.9256258559628091,0.9318388747327383,0.7342249778465431,0.8052836879569202,-0.8088886066936053,-0.8861482293261187,0.8824281015194205,0.1222027195386087,0.7833702492880459,-0.7481904969808828,-0.2911603302956917,-0.7731270563681234,-0.5896218586933415,-0.8976214978804046,-0.22814206713771265,0.5247631558718209,-0.7445819962541979,0.26032199338408624,-0.9610230238939229,0.48262924885292746,0.5099121149755305,0.5889249434825049,-0.9454215860656373,0.7373366439844166,-0.9128781179571956,-0.8654629411242964,0.5955558707363913,-0.014789953071792462,-0.8108817866633832,-0.798071716234158,-0.7499474016332596,0.7769847188975779,-0.8671304288611144,-0.7756052406913617,0.9603133293525244,-0.7662517333720792,0.9006930320995095,0.8286785742495448,0.8242339586759957,0.702148783504228,0.8185456249411496,-0.4616586266118246,0.19804938665999822,-0.7579820135679458,0.840182664855805,-0.65270871758357,0.8090157258013804,0.9178921692694844,0.5164237688135712,0.42018116998316934,-0.6409660877834075,0.8481798680555918,0.7880246730327407,0.6792322641419738,-0.7166495436191359,0.8953716366483251,0.8932987010002233,-0.9735944520843577,0.8072210125076225,-0.3156055077572804,-0.5793003220006891,0.7664545433940343,0.24098874789820438,-0.7190115922173557,-0.9263107411824003,0.35792841563551,-0.5009955647977952,-0.7492947270927907,0.7956494978578972,0.7243681004007283,0.7028163983244886,-0.7841980492508217,-0.536237034847006,-0.8954068038715318,-0.8464385444729143,-0.960701436504298,-0.7830407285747609,0.7142172113487083,-0.8134950393556467,-0.8011156169813499,-0.81410602835881,-0.795372623038861,0.4083270818657102,0.8952647224712275,0.9339531521383894,0.5137936490591809,-0.7740242867488017,0.7497561574335996,0.834724189689548,0.6699116419496223,-0.8532820330896141,-0.8847536438493505,-0.6205539702752358,-0.7925777644551406,-0.5468625541427558,0.383649406049513,0.6893698712470281,0.6309080372064501,0.8647403380426338,0.30774409664129154,0.7442027234090348,0.7890796199397405,0.6626379749971306,-0.7604352514801794,-0.15441719419089023,-0.9441028232446966,0.6462132909523889,0.44854212937931653,-0.7828172538616438,-0.8731689112116888,-0.9063899790353833,0.0
-0.963615306171504,-0.4462925223197164,0.9569479130412871,0.9776978239130811,0.995052317207683,0.7805187077611665,0.791381684036701,0.9140869707949623,-0.9469407729385478,-0.5682085526365178,0.999999999167446,0.8885223182608583,0.746608196179087,-0.8780547218097052,-0.8491712903092685,0.9166884584161513,-0.8944770490202822,-0.7856663739603469,-0.4948606739718306,-0.9371129484288236,-0.8697127931013288,0.9403538247604708,0.881266365451796,-0.7803384423741038,-0.5178399955373333,-0.9436393346064665,0.5092505359629724,0.9058925956585373,0.9580415699903505,0.9050126721044767,0.6966112687770231,0.8187702628298784,-0.9167006172190153,-0.04219886736569836,-0.896179323591652,0.5219228104616027,-0.8694770340588089,-0.7402681194412815,-0.94228766872634,0.7505608774316246,-0.9635358297128729,0.478241191591096,0.5552869206587456,-0.9431560558887166,-0.6950463165708587,0.9284359494390675,0.8588915194907771,0.8883756991716183,-0.9365669089519747,0.8848122308234672,0.8360216576793771,-0.6722616942901312,0.2506288577025504,-0.8504708432412401,-0.9148436459756835,-0.9139217456443256,-0.9322836074449059,-0.929388280391,0.8587379870192824,-0.7608423121202285,0.9279060525535756,-0.7565603629337313,0.9815331645890267,-0.9385235848507094,-0.7779781234847735,0.2958653218424048,-0.729602060440519,0.9888740731848757,-0.899559078663419,-0.9514594379153414,-0.8726424540771929,0.9777702862851994,-0.7744017788385247,-0.8670512623846162,0.7121367485758847,-0.943523308838283,0.8692282393003441,0.4703784743315854,-0.8647004363759386,-0.6178914606939389,0.9174943355526869,0.694819025298549,0.18830689646330537,0.8459900324717475,0.9523423056390197,-0.8793334709730052,-0.9502904126107006,-0.969777982574524,0.8262667441333216,0.9482160471551097,0.8641033496818346,0.915840762170225,0.7495570964982501,0.9112824012995486,-0.9732092093618119,0.9315959697025251,0.8607110777840052,0.9211345689623974,0.9066197399896929,-0.10359536825454799,-0.8688278598625979,-0.7842367423793135,-0.7601392413073399,0.92397619725285,-0.9632524918929912,-0.8772971386299053,-0.9385922099716695,0.8139471465891933,0.8666706595824331,0.7467267120890808,0.94225527933011,0.8298320307870609,-0.92959513912197,-0.9717661231571793,-0.9744253644189524,-0.8977485075229997,-0.45395727276107173,-0.9663569180620898,-0.9475566834425445,-0.9516560135255229,0.9537620902417515,0.5562106164087273,0.7883632078049668,-0.20525163559326362,-0.5777023413290179,0.8969343538635023,0.8454756023117145,0.8102446155643843,0.0
-0.8856465191328577,-0.396100008903789,0.9515621014899305,0.8789465418737241,0.8675488016852293,0.9229138495866027,0.48037836080370766,0.7030540069633693,-0.8029841272882372,-0.583372474687563,0.8885223182608583,0.999999998983454,0.868169741794417,-0.9559399968382115,-0.7960879833091242,0.6697341865738345,-0.9656843444461399,-0.7067851998003521,-0.4517160440821584,-0.9573725853604333,-0.9413147459217878,0.8479723629323294,0.8429299811423959,-0.7863156586114887,-0.7634041589113338,-0.8507559175113353,0.22001481642503,0.673156355410719,0.8958393296794999,0.9796140589978733,0.8149399823645995,0.9117245767746903,-0.9708050107178231,-0.03911145139097198,-0.9081962422102356,0.475038946197134,-0.9719046953281192,-0.9428236590558156,-0.9844567726766456,0.7524698104470614,-0.9326309923057199,0.5157745552728953,0.34900702951252444,-0.9383734109686038,-0.7306019525504214,0.8783909505461192,0.9190917586730395,0.6980951158726382,-0.9311062308516344,0.8012543441051383,0.9462059643065815,-0.6992228593974468,0.03531659096340122,-0.8090848278791211,-0.8891956141720957,-0.9210377455220209,-0.9628578809340836,-0.8230418005246039,0.5557752374657181,-0.4496361416194862,0.9278623876096156,-0.6396290193093481,0.8378864301884471,-0.883922225738622,-0.8283932353421872,0.30738212725319486,-0.828272324026561,0.924923762380518,-0.8931098863512842,-0.8466720687059026,-0.9832616530353728,0.9081491063416823,-0.6124464836388119,-0.7824751502613896,0.7511161222955831,-0.8747605040757793,0.5837266812945886,0.6513106115320964,-0.936939483617138,-0.20626047010033693,0.9586405963602742,0.5558237722675802,0.4626064107036297,0.9846337079791386,0.9446942450906846,-0.9267070165112113,-0.9511537882620129,-0.9309276708931972,0.9486050713584707,0.9570470262827281,0.8033210557693696,0.8528408857637155,0.7057421544840782,0.9275543777094959,-0.9320855363743893,0.8600046623376906,0.9494739497219167,0.8401351278527363,0.9309379610928433,0.20958170381583469,-0.8008934774652379,-0.6795646388664751,-0.4164821405413663,0.9443329429091939,-0.9014335877104931,-0.9191675255416024,-0.9640491540813447,0.6297802290849248,0.8642111849079869,0.41290409080092116,0.9171606451191795,0.9239652357556831,-0.9422463656499283,-0.8205201608583542,-0.8179574194572409,-0.8552695553220275,-0.06502265628825955,-0.8870674261947059,-0.8824608643647331,-0.7516965509945367,0.9034678973429603,0.837014293206648,0.7244368376819642,-0.5324761282793449,-0.8745780232055502,0.9408969007025854,0.842279622805879,0.860208247919686,0.0
-0.6303912459174716,-0.7131933219085946,0.8935671795025482,0.7891990802850046,0.7536410389616885,0.8347994076852203,0.38446780739552655,0.509076890974853,-0.7976201397194307,-0.7735085128100574,0.746608196179087,0.868169741794417,0.9999999998765897,-0.963996342614626,-0.8699237805868134,0.5249849843476644,-0.9403308573924791,-0.8488824095952945,-0.7632215091221815,-0.9233449872884324,-0.958484424791649,0.8381544016641287,0.8505535232734025,-0.9553380928904419,-0.7079241585212919,-0.8586951459467599,0.3443532741847438,0.5224850476581625,0.8629420673802453,0.916904157630098,0.970321657245771,0.694939296530862,-0.8841967993210805,0.37488242885845485,-0.6462472154909473,0.7449857403718874,-0.8788228965761056,-0.9024400339215662,-0.8789028242664636,0.9098398356025722,-0.8558436092478644,0.8411203518556575,0.46676341192267634,-0.9002674925752978,-0.3074908513165762,0.8956328795738259,0.9748064189037287,0.723412796051233,-0.848128367884796,0.8481421872731711,0.9751672490580963,-0.7781819794557581,0.3016094043759613,-0.9003382003401981,-0.9174817061489239,-0.8918722597052043,-0.9313409006323213,-0.8147023421682104,0.3774516335009645,-0.31618752073218137,0.9309462673945196,-0.6059405202774933,0.7474219574840304,-0.8802101465500153,-0.9487100482663253,-0.16063707419759002,-0.8914667079542479,0.7826636281521386,-0.9224649512071861,-0.8167143265528305,-0.9435186058850994,0.8496971925609199,-0.687511965114232,-0.8401066721924432,0.8576401962121235,-0.8602552674429579,0.3341182209282175,0.9111811103146609,-0.9762713547805355,-0.05104545683848787,0.940826417504425,0.7372079110492497,0.22825640854592832,0.8781082546637944,0.891677488469355,-0.9676351346240929,-0.9100588792987421,-0.8822709369536746,0.9660819004670825,0.867594883431893,0.8079543178752097,0.8685043175342628,0.8349463490751724,0.9442585105609846,-0.8680256106415117,0.8084447363438756,0.9498956006081491,0.7730387200673547,0.9468215696515109,0.19162485880650434,-0.8595943038032297,-0.7501923843372712,-0.31315046896800874,0.9318055153888877,-0.8120299016603157,-0.946818190260872,-0.8587468605026359,0.6515653802293296,0.9138427892288821,0.4783749767756959,0.8929190942108156,0.7568765494048783,-0.6867141488466504,-0.7213892452323827,-0.663694075757902,-0.89001945073213,0.06128746072317052,-0.8486143012112882,-0.8606282209005789,-0.6497145044823178,0.8939335022776018,0.6436662960238503,0.7824738156669372,-0.789759410420303,-0.8509876970922551,0.9544349848352985,0.9486984039315824,0.8842889108657713,0.0
0.8109618770269336,0.5785351737554193,-0.9646933624686821,-0.8825831477593091,-0.8707524873236354,-0.9182060821132618,-0.4922311627657247,-0.6538223367783016,0.8623481630988967,0.6790208647228774,-0.8780547218097052,-0.9559399968382115,-0.963996342614626,0.9999999962343665,0.8685926659582074,-0.6686931870737638,0.9959439123068944,0.819037489772238,0.6359911556573935,0.9800372671969714,0.9763119807453201,-0.8912168329836831,-0.8749902410977874,0.9120519136717045,0.7588371129961332,0.9100355627571429,-0.32283291309351486,-0.6889989289862272,-0.9265864852515343,-0.9888827807051845,-0.9059617511362703,-0.8409094593535063,0.9747796160213199,-0.15710973405396408,0.821948882708434,-0.6314078136747676,0.9642348387281715,0.9394303121235186,0.972995018668845,-0.859575938319898,0.9339311618170407,-0.7010203267599273,-0.43103535957908445,0.9777689494744831,0.5331453098905816,-0.9343539463496647,-0.9819529860290259,-0.776391162055462,0.9173822553992212,-0.8688426584350156,-0.9842309216601076,0.7369905697049881,-0.19057318626312217,0.893932440653266,0.9459365099996593,0.9347360572965221,0.9892873505751466,0.8662743904291285,-0.5320390676320693,0.4769351365255978,-0.9749376315340198,0.6370466262753354,-0.8548376501794427,0.9272063513310644,0.9116699938908372,-0.08222185850476493,0.916840727302205,-0.8991574704042331,0.944089569484237,0.8810875356124168,0.9898776889942986,-0.9311449806720453,0.6885300589200471,0.8516911519827292,-0.809657679601728,0.9126762982315568,-0.527010022845232,-0.8131430061379425,0.991467578576685,0.20138397734440902,-0.989898266922891,-0.6884905369326876,-0.3387337990394315,-0.9585456912701931,-0.9576549817203,0.9834847774145699,0.9741464684943815,0.9581001891588159,-0.9749136926362982,-0.966879361418254,-0.8319993022730782,-0.9029699467868555,-0.7962330970355326,-0.9770084940052162,0.9477649741002008,-0.8695960841261714,-0.9706540042061551,-0.839138989073388,-0.9765461599053318,-0.19705871916694317,0.8691096924506527,0.7429955356018533,0.4294629793688276,-0.9754697051285042,0.8964055092044653,0.9627199193620044,0.9432761375084215,-0.6812124647361325,-0.920415270820238,-0.5274143053095235,-0.9453751941463198,-0.8506138085850223,0.8509881269821925,0.8263016407477173,0.7926992610081472,0.9118711235073411,0.0476921925428801,0.9205162765244902,0.9181594070759264,0.7607258198216242,-0.9498092162234548,-0.7349200696702314,-0.7742991209008347,0.631556729020041,0.8575856668853431,-0.9826174039401154,-0.9358269070834772,-0.8816755025522629,0.0
0.6951814722353848,0.8349147469704866,-0.9203689818610172,-0.9334587475309358,-0.8873149286832527,-0.6074921534322734,-0.7586558777369294,-0.8014007769528737,0.9528802140538448,0.9117197379231651,-0.8491712903092685,-0.7960879833091242,-0.8699237805868134,0.8685926659582074,0.9999999957319367,-0.7784155201471481,0.8445893723265845,0.9872562710137324,0.8602890904762389,0.9251344068190115,0.9356255007192235,-0.9773151033250144,-0.9882417120913951,0.9575284840358894,0.3389774469999836,0.9693375618949428,-0.7344750286774342,-0.6495635350931945,-0.9624042313106752,-0.8195849496811627,-0.9170270960863275,-0.5350662131367567,0.7855141738060665,-0.47839558005714444,0.5916342829128945,-0.8857342920596434,0.731497107177089,0.6802231265251254,0.8352973755320373,-0.9798363451440628,0.9321752161134556,-0.8405463326260297,-0.8192917816860715,0.8496505761943909,0.29765858099381426,-0.9776344393384925,-0.9370452270855377,-0.931221127531069,0.9413152767895278,-0.9934280472312975,-0.9032077035042623,0.9369106010544791,-0.6286380635304459,0.9970781584757651,0.9788004347286846,0.9648091708843707,0.9049984706887537,0.978813446959416,-0.707721780491979,0.5310518052399071,-0.944770404500392,0.8748720305985388,-0.9022179349729224,0.9767224873945535,0.9710871569698382,0.21549997784280844,0.6449917081465144,-0.8827021665900749,0.9807678209237555,0.967414555589216,0.8569819795019245,-0.9360252222859022,0.9531719810313855,0.9973152750169103,-0.9604955560364308,0.9748048827960031,-0.6178519460691482,-0.6287746073746933,0.917794705002046,0.45799163004385024,-0.9123121614392066,-0.9445542516038761,0.150738452723188,-0.7274718578244842,-0.9407227158330289,0.9419539603868964,0.9275567559475701,0.9257017997885068,-0.8999090443094082,-0.8093919828267875,-0.9830360073390698,-0.9895497936550374,-0.9850307051353829,-0.9509369954493163,0.9299804101302931,-0.9621407715293588,-0.9284621893662233,-0.9606795968557297,-0.9523324941298308,0.2978858045848845,0.9989816912922255,0.9743610752590528,0.7002503637205337,-0.9443451515547348,0.9431790918198124,0.9629121277881849,0.8691161723675291,-0.9388485225484764,-0.9906287821228276,-0.7778403728568959,-0.9640838155334536,-0.7178094238972448,0.6821350703845885,0.9140009845448639,0.869712113569723,0.9931782778819739,0.41775775465213866,0.9519058233172109,0.9700613293425203,0.887631296562391,-0.9544138806874134,-0.35634274358861023,-0.9795990737406597,0.5165927530333565,0.5619983722355316,-0.9368067109360451,-0.9777622146318752,-0.9588681027931253,0.0
-0.8594649483931646,-0.45513737987728,0.7969929792619309,0.9059492577784511,0.9353509317240252,0.5183703001687612,0.9403907332974558,0.9557374464949284,-0.9177783000513292,-0.5009970563136563,0.9166884584161513,0.6697341865738345,0.5249849843476644,-0.6686931870737638,-0.7784155201471481,0.9999999987214857,-0.6950899669281267,-0.7485264164023087,-0.47937801662591417,-0.7699006765428843,-0.6781599909910954,0.874279678770236,0.7876844206404928,-0.6432098837092933,-0.20232596513902126,-0.8756564450583981,0.6904838939299517,0.9396036844731512,0.863578142585377,0.6888192040893054,0.5059650269525914,0.5714708031851289,-0.708901336309675,0.020143733950200388,-0.7138906525336806,0.5200189298545612,-0.6234701513229038,-0.4328259348224271,-0.760314952777384,0.6574406684542792,-0.8277237349487203,0.39485440319503146,0.6596366560874529,-0.7739415216702135,-0.5501854315391744,0.8341483974206947,0.6883375695849046,0.9302367675849985,-0.8082563732445016,0.8401621742936947,0.6231339666093393,-0.6251337371409619,0.4309554460070664,-0.7638052298817051,-0.7936195680723815,-0.7776594932452765,-0.7547560778451721,-0.8848932579964153,0.9565929778876723,-0.9192976780605294,0.7926949154104164,-0.7100476372927479,0.9538412572209445,-0.8417702440043393,-0.6391341962812824,0.21077294828529164,-0.4769661559830763,0.8797684684070791,-0.7682423921901891,-0.8895487083974147,-0.6502992031896946,0.8768409598667707,-0.8137068433479745,-0.8174345781112963,0.5974345966465903,-0.8503216168786852,0.9433234613757064,0.22234911638034208,-0.6758854232204994,-0.8393766700063039,0.7504991570679108,0.7182860899130745,-0.10752229134439686,0.5900188631205344,0.8151723827270332,-0.7052111558494013,-0.8012921455018869,-0.8457919851236841,0.6080778234330836,0.7681859541538717,0.7915223334765832,0.8359433640883489,0.7059619642650183,0.7648723886842503,-0.8493241430552974,0.8398892952363565,0.6750556921602342,0.869754822905037,0.7461071817187769,-0.38100114360977216,-0.8044056419138774,-0.765046847063227,-0.923692565246189,0.762329431025292,-0.8799624614948752,-0.7256769999642092,-0.7407209726898859,0.8510815018519352,0.7580872010801124,0.8660540683600084,0.8180813590320072,0.564458343610718,-0.7590443868978533,-0.9511624611866407,-0.9477622762506724,-0.8065204316446075,-0.7389588783600252,-0.8878442048596057,-0.8681601392845407,-0.9695277952560597,0.8347383608873792,0.24795934408018044,0.7408314285365447,0.07571041170076001,-0.24917100993734123,0.7129186182354162,0.7107956109289508,0.6546384586636379,0.0
