0.9999999996719161,-0.35235735194077134,-0.9127364589578438,0.05389824919035863,-0.8820091167501709,0.40708877375209873,-0.13245207536520695,-0.6067657443218025,-0.4070876976900929,-0.5059935642340881,-0.7963173513589361,0.7737289836975212,0.9621407950604609,-0.9621405402204668,-0.9991750242141006,0.9991760286100346,-0.9621405402204677,0.9127365996887399,0.5652603421075917,-0.5488185293486392,-0.8765540555180601,-0.9991750242140999,0.40708712302442734,-0.21015207325583202,0.36118321693568584,-0.3582442333326933,0.35530235482804984,0.3523567505385594,0.8792958954555035,0.7210528000456127,0.0
-0.35235735194077134,0.9999999958415458,-0.06073734372310041,-0.9534942195076724,0.7517915247672857,-0.9982467869301099,0.9742881569987697,0.9576976326269712,0.9982500464829568,0.9855069275127052,0.8466743409253019,-0.8655135254170578,-0.08393918429331783,0.0839355258656421,0.3900913700618602,-0.39009078584587414,0.08393552586564171,0.060739691458166684,-0.9711797927235309,-0.5889464598950686,0.7592951742881702,0.39009137006186,-0.9982521870125269,0.989012573520962,-0.9999518644166493,0.9999756577060676,-0.9999899447480994,-0.9999932806498322,-0.7555560554457795,-0.9025089778892855,0.0
-0.9127364589578438,-0.06073734372310041,0.9999999993694215,0.35876177616961813,0.6125202848128827,0.0016001608121451016,-0.28405655707920424,0.22906886325401218,-0.0016034250285349237,0.10944907437065964,0.4797038781397876,-0.44738793423238377,-0.9895339651228666,0.9895347910603743,0.8953827340249966,-0.8953844059527539,0.9895347910603742,-1.0000002355677569,-0.17891587994462427,0.8424494154461538,0.603426411268168,0.8953827340249957,0.0016053070437099615,-0.20761391090140435,0.05130593234973453,-0.054451037834702544,0.05759471707683039,0.0607376240598222,-0.6079830552734011,-0.3750554105267871,0.0
0.05389824919035863,-0.9534942195076724,0.35876177616961813,0.9999999998879354,-0.5180863632474829,0.9340024922730492,-0.9968879293223631,-0.8264292327302191,-0.9340068781201243,-0.8885561612975146,-0.6469217509048766,0.6742980213948025,-0.22030646887004768,0.2203104775482984,-0.09442363078020083,0.09442298448847966,0.22031047754829913,-0.35876469120104454,0.8541807974863945,0.8051461721847146,-0.5278486038668433,-0.0944236307802019,0.9340096001436348,-0.9875748384483075,0.9506062321634576,-0.95157851205861,0.9525412772003686,0.9534936769392163,0.5229763925973957,0.7307368168462773,0.0
-0.8820091167501709,0.7517915247672857,0.6125202848128827,-0.5180863632474829,1.0000000000744882,-0.7894745016388596,0.5839047012689244,0.9097466170218648,0.789475725686287,0.8527467371864127,0.9873986126175591,-0.9809694749994894,-0.7201782847866578,0.7201763700164829,0.9004280676908071,-0.9004284382141623,0.7201763700164829,-0.6125192782203494,-0.8872906842393091,0.09014043845367746,0.999934677107884,0.9004280676908067,-0.7894765505395744,0.646065599147746,-0.7579887078361078,0.7559301170101596,-0.7538645093722632,-0.751790820727255,-0.9999839891280907,-0.9624829245390629,0.0
0.40708877375209873,-0.9982467869301099,0.0016001608121451016,0.9340024922730492,-0.7894745016388596,0.9999999997310426,-0.9592613365452343,-0.97304250493808,-1.0000029058842517,-0.993815932835226,-0.876663461602325,0.8936229042746329,0.14272393818388798,-0.14272038599661385,-0.4438645278967083,0.4438639752847293,-0.14272038599661369,-0.0016024615765639755,0.9835779650818083,0.5401218402985486,-0.7964532250744929,-0.443864527896708,1.0000048692938792,-0.978542102463898,0.998762892713007,-0.9986004772546331,0.9984285187043295,0.9982457343849034,0.7929771686246807,0.9264012581062472,0.0
-0.13245207536520695,0.9742881569987697,-0.28405655707920424,-0.9968879293223631,0.5839047012689244,-0.9592613365452343,1.0000000002611478,0.8682452155435314,0.9592656981810948,0.9219584071075877,0.7050255917319245,-0.7304167438985868,0.14272086050288357,-0.14272475419194472,0.17261423465588432,-0.17261360299455958,-0.1427247541919455,0.2840593739360355,-0.8925153895194804,-0.7558840713547745,0.5931644270512745,0.1726142346558852,-0.9592684407457186,0.9968907071096618,-0.9721185334034813,0.9728515940889616,-0.9735748977887819,-0.9742876099698837,-0.5885445498507603,-0.7822808162741125,0.0
-0.6067657443218025,0.9576976326269712,0.22906886325401218,-0.8264292327302191,0.9097466170218648,-0.97304250493808,0.8682452155435314,1.0000000000200746,0.973045026965923,0.9926338612127461,0.963986378225815,-0.9730421529016111,-0.367141817050636,0.36713875542950813,0.6385619365645867,-0.63856164092076,0.36713875542950763,-0.22906699340816966,-0.9986886503052044,-0.33146975494336467,0.9144425008616451,0.6385619365645869,-0.9730467125621586,0.9046434077656936,-0.9603752699203602,0.9594919288136635,-0.9585994963288986,-0.9576967082306979,-0.9121097690816243,-0.9882672078760067,0.0
-0.4070876976900929,0.9982500464829568,-0.0016034250285349237,-0.9340068781201243,0.789475725686287,-1.0000029058842517,0.9592656981810948,0.973045026965923,1.0000000039261072,0.9938186488126391,0.8766654406271077,-0.8936248763244581,-0.1427215284000773,0.14271798132323946,0.44386412332027414,-0.4438634424608159,0.14271798132323874,0.0016056082917380416,-0.9835814115989094,-0.5401268155798408,0.7964549298129414,0.4438641233202743,-1.0000073762430688,0.9785458173626225,-0.9987660089026443,0.9986034366268846,-0.9984315501274708,-0.9982488388391758,-0.7929786364525174,-0.9264033487939118,0.0
-0.5059935642340881,0.9855069275127052,0.10944907437065964,-0.8885561612975146,0.8527467371864127,-0.993815932835226,0.9219584071075877,0.9926338612127461,0.9938186488126391,1.000000000008349,0.924664159465639,-0.9379333847318151,-0.2517442509745142,0.2517409212461326,0.5406218914840991,-0.5406214170700955,0.251740921246132,-0.10944700433152053,-0.9975372375373251,-0.4433326589444833,0.8586738917779568,0.5406218914840994,-0.9938204658780839,0.9496116128903102,-0.9870673365147029,0.986556584580256,-0.9860365836796898,-0.985505910499209,-0.8557246298190655,-0.9624831582995114,0.0
-0.7963173513589361,0.8466743409253019,0.4797038781397876,-0.6469217509048766,0.9873986126175591,-0.876663461602325,0.7050255917319245,0.963986378225815,0.8766654406271077,0.924664159465639,1.000000001214346,-0.9993355529281179,-0.6013030848946453,0.6013005586882479,0.8202364721921633,-0.820236718471286,0.6013005586882483,-0.4797024307117499,-0.9491007177094362,-0.06861130040709147,0.9891463432836094,0.8202364721921643,-0.8766667283381682,0.7587211959299772,-0.8516648121104381,0.850009519907861,-0.8483461675318626,-0.8466736978101529,-0.988288849937026,-0.9932969529174853,0.0
0.7737289836975212,-0.8655135254170578,-0.44738793423238377,0.6742980213948025,-0.9809694749994894,0.8936229042746329,-0.7304167438985868,-0.9730421529016111,-0.8936248763244581,-0.9379333847318151,-0.9993355529281179,0.9999999994179615,0.571765404867943,-0.5717629067926635,-0.798830839626355,0.798830930756309,-0.5717629067926632,0.44738648651563634,0.9599542378400738,0.1049455668053473,-0.9831290583978424,-0.7988308396263556,0.893626163306262,-0.7819699766062789,0.8702082808862955,-0.8686516728561893,0.867086878153302,0.8655127565864702,0.9820655099523634,0.9968502609595032,0.0
0.9621407950604609,-0.08393918429331783,-0.9895339651228666,-0.22030646887004768,-0.7201782847866578,0.14272393818388798,0.14272086050288357,-0.367141817050636,-0.1427215284000773,-0.2517442509745142,-0.6013030848946453,0.571765404867943,1.000000001739661,-1.000002971695144,-0.9502714421289721,0.9502729831458563,-1.0000029716951409,0.9895345264652853,0.31902201881410397,-0.7558840169206744,-0.712184238271491,-0.9502714421289724,0.14272015671617158,0.06427782391938348,0.09334856127890759,-0.0902123512675865,0.0870760041921706,0.08393885165099786,0.7161927983373627,0.5049035275105054,0.0
-0.9621405402204668,0.0839355258656421,0.9895347910603743,0.2203104775482984,0.7201763700164829,-0.14272038599661385,-0.14272475419194472,0.36713875542950813,0.14271798132323946,0.2517409212461326,0.6013005586882479,-0.5717629067926635,-1.000002971695144,1.0000000022497226,0.950270347089444,-0.9502720553155963,1.0000031640415077,-0.9895352645549215,-0.3190187375443296,0.7558869223442793,0.7121820679432636,0.9502703470894432,-0.1427166161622633,-0.06428173061438495,-0.09334489781030801,0.09020869014269528,-0.08707235530116171,-0.08393521292390037,-0.7161907372302316,-0.5049008742995191,0.0
-0.9991750242141006,0.3900913700618602,0.8953827340249966,-0.09442363078020083,0.9004280676908071,-0.4438645278967083,0.17261423465588432,0.6385619365645867,0.44386412332027414,0.5406218914840991,0.8202364721921633,-0.798830839626355,-0.9502714421289721,0.950270347089444,0.9999999986341219,-0.9999999778550119,0.9502703470894448,-0.8953820348942311,-0.5983097630340786,0.514401791075962,0.8953852372320209,0.9999980983746773,-0.44386394555857134,0.24970107368404118,-0.39877302055129404,0.3958827631703881,-0.39298904327104894,-0.3900911763994317,-0.8979212425265775,-0.748610663572507,0.0
0.9991760286100346,-0.39009078584587414,-0.8953844059527539,0.09442298448847966,-0.9004284382141623,0.4438639752847293,-0.17261360299455958,-0.63856164092076,-0.4438634424608159,-0.5406214170700955,-0.820236718471286,0.798830930756309,0.9502729831458563,-0.9502720553155963,-0.9999999778550119,1.000000001054788,-0.9502720553155959,0.8953838269769074,0.598309691150602,-0.5144029995311464,-0.8953860167196289,-0.9999999778550088,0.4438631907739635,-0.24970043180959348,0.3987724039155329,-0.3958820955905364,0.39298837361597133,0.3900905090125788,0.8979217933962762,0.7486105378021832,0.0
-0.9621405402204677,0.08393552586564171,0.9895347910603742,0.22031047754829913,0.7201763700164829,-0.14272038599661369,-0.1427247541919455,0.36713875542950763,0.14271798132323874,0.251740921246132,0.6013005586882483,-0.5717629067926632,-1.0000029716951409,1.0000031640415077,0.9502703470894448,-0.9502720553155959,1.0000000022497226,-0.9895352645549227,-0.31901873754432913,0.7558869223442801,0.712182067943264,0.950270347089444,-0.14271661616226283,-0.06428173061438561,-0.09334489781030758,0.09020869014269482,-0.08707235530116146,-0.08393521292389992,-0.7161907372302313,-0.5049008742995191,0.0
0.9127365996887399,0.060739691458166684,-1.0000002355677569,-0.35876469120104454,-0.6125192782203494,-0.0016024615765639755,0.2840593739360355,-0.22906699340816966,0.0016056082917380416,-0.10944700433152053,-0.4797024307117499,0.44738648651563634,0.9895345264652853,-0.9895352645549215,-0.8953820348942311,0.8953838269769074,-0.9895352645549227,1.0000000006874488,0.17891366012260285,-0.8424519229966465,-0.603425057129661,-0.8953820348942314,-0.0016074235430502024,0.20761658478011247,-0.05130829718138819,0.054453373206242314,-0.05759706270844064,-0.060739987102705534,0.6079818566153848,0.3750538829671135,0.0
0.5652603421075917,-0.9711797927235309,-0.17891587994462427,0.8541807974863945,-0.8872906842393091,0.9835779650818083,-0.8925153895194804,-0.9986886503052044,-0.9835814115989094,-0.9975372375373251,-0.9491007177094362,0.9599542378400738,0.31902201881410397,-0.3190187375443296,-0.5983097630340786,0.598309691150602,-0.31901873754432913,0.17891366012260285,1.0000000006381693,0.37935326814647713,-0.892514760248864,-0.5983097630340796,0.9835835613968282,-0.9252832169927249,0.9733901712626856,-0.972663065681523,0.97192640123919,0.9711792267685365,0.889917527405662,0.9791489090375031,0.0
-0.5488185293486392,-0.5889464598950686,0.8424494154461538,0.8051461721847146,0.09014043845367746,0.5401218402985486,-0.7558840713547745,-0.33146975494336467,-0.5401268155798408,-0.4433326589444833,-0.06861130040709147,0.1049455668053473,-0.7558840169206744,0.7558869223442793,0.514401791075962,-0.5144029995311464,0.7558869223442801,-0.8424519229966465,0.37935326814647713,0.9999999989414962,0.07872801263771284,0.514401791075961,0.5401297738252088,-0.7019393434126768,0.5812873930350354,-0.5838469747628195,0.5863999964266087,0.5889465419431871,-0.08443526597390594,0.18348020692015807,0.0
-0.8765540555180601,0.7592951742881702,0.603426411268168,-0.5278486038668433,0.999934677107884,-0.7964532250744929,0.5931644270512745,0.9144425008616451,0.7964549298129414,0.8586738917779568,0.9891463432836094,-0.9831290583978424,-0.712184238271491,0.7121820679432636,0.8953852372320209,-0.8953860167196289,0.712182067943264,-0.603425057129661,-0.892514760248864,0.07872801263771284,0.9999999997622022,0.8953852372320197,-0.7964560239785982,0.6547657058680731,-0.7654103558016131,0.7633793896924358,-0.7613411385159033,-0.7592947163927306,-0.9999837494939314,-0.9655280409568925,0.0
-0.9991750242140999,0.39009137006186,0.8953827340249957,-0.0944236307802019,0.9004280676908067,-0.443864527896708,0.1726142346558852,0.6385619365645869,0.4438641233202743,0.5406218914840994,0.8202364721921643,-0.7988308396263556,-0.9502714421289724,0.9502703470894432,0.9999980983746773,-0.9999999778550088,0.950270347089444,-0.8953820348942314,-0.5983097630340796,0.514401791075961,0.8953852372320197,0.9999999986341219,-0.44386394555857117,0.2497010736840418,-0.39877302055129427,0.3958827631703881,-0.39298904327104983,-0.3900911763994323,-0.8979212425265763,-0.7486106635725064,0.0
0.40708712302442734,-0.9982521870125269,0.0016053070437099615,0.9340096001436348,-0.7894765505395744,1.0000048692938792,-0.9592684407457186,-0.9730467125621586,-1.0000073762430688,-0.9938204658780839,-0.8766667283381682,0.893626163306262,0.14272015671617158,-0.1427166161622633,-0.44386394555857134,0.4438631907739635,-0.14271661616226283,-0.0016074235430502024,0.9835835613968282,0.5401297738252088,-0.7964560239785982,-0.44386394555857117,1.0000000063684575,-0.9785481716544486,0.9987680256721092,-0.9986053710754574,0.9984335232677047,0.9982508520498337,0.792979597194813,0.9264047200137173,0.0
-0.21015207325583202,0.989012573520962,-0.20761391090140435,-0.9875748384483075,0.646065599147746,-0.978542102463898,0.9968907071096618,0.9046434077656936,0.9785458173626225,0.9496116128903102,0.7587211959299772,-0.7819699766062789,0.06427782391938348,-0.06428173061438495,0.24970107368404118,-0.24970043180959348,-0.06428173061438561,0.20761658478011247,-0.9252832169927249,-0.7019393434126768,0.6547657058680731,0.2497010736840418,-0.9785481716544486,1.0000000002552556,-0.9875739868949484,0.9880631487784884,-0.9885428114035472,-0.9890117397790731,-0.6504266425065119,-0.828938316066761,0.0
0.36118321693568584,-0.9999518644166493,0.05130593234973453,0.9506062321634576,-0.7579887078361078,0.998762892713007,-0.9721185334034813,-0.9603752699203602,-0.9987660089026443,-0.9870673365147029,-0.8516648121104381,0.8702082808862955,0.09334856127890759,-0.09334489781030801,-0.39877302055129404,0.3987724039155329,-0.09334489781030758,-0.05130829718138819,0.9733901712626856,0.5812873930350354,-0.7654103558016131,-0.39877302055129427,0.9987680256721092,-0.9875739868949484,0.9999999988387346,-0.9999925559758797,0.9999770733793638,0.9999508279803656,0.7617123320347486,0.9065389313928842,0.0
-0.3582442333326933,0.9999756577060676,-0.054451037834702544,-0.95157851205861,0.7559301170101596,-0.9986004772546331,0.9728515940889616,0.9594919288136635,0.9986034366268846,0.986556584580256,0.850009519907861,-0.8686516728561893,-0.0902123512675865,0.09020869014269528,0.3958827631703881,-0.3958820955905364,0.09020869014269482,0.054453373206242314,-0.972663065681523,-0.5838469747628195,0.7633793896924358,0.3958827631703881,-0.9986053710754574,0.9880631487784884,-0.9999925559758797,0.9999999974099001,-0.999990959143315,-0.999974517348834,-0.7596675217827167,-0.9052042239049536,0.0
0.35530235482804984,-0.9999899447480994,0.05759471707683039,0.9525412772003686,-0.7538645093722632,0.9984285187043295,-0.9735748977887819,-0.9585994963288986,-0.9984315501274708,-0.9860365836796898,-0.8483461675318626,0.867086878153302,0.0870760041921706,-0.08707235530116171,-0.39298904327104894,0.39298837361597133,-0.08707235530116146,-0.05759706270844064,0.97192640123919,0.5863999964266087,-0.7613411385159033,-0.39298904327104983,0.9984335232677047,-0.9885428114035472,0.9999770733793638,-0.999990959143315,0.999999996591782,0.9999887321058611,0.7576155608746568,0.9038610192392988,0.0
0.3523567505385594,-0.9999932806498322,0.0607376240598222,0.9534936769392163,-0.751790820727255,0.9982457343849034,-0.9742876099698837,-0.9576967082306979,-0.9982488388391758,-0.985505910499209,-0.8466736978101529,0.8655127565864702,0.08393885165099786,-0.08393521292390037,-0.3900911763994317,0.3900905090125788,-0.08393521292389992,-0.060739987102705534,0.9711792267685365,0.5889465419431871,-0.7592947163927306,-0.3900911763994323,0.9982508520498337,-0.9890117397790731,0.9999508279803656,-0.999974517348834,0.9999887321058611,0.9999999943322863,0.7555554730863565,0.9025080723007582,0.0
0.8792958954555035,-0.7555560554457795,-0.6079830552734011,0.5229763925973957,-0.9999839891280907,0.7929771686246807,-0.5885445498507603,-0.9121097690816243,-0.7929786364525174,-0.8557246298190655,-0.988288849937026,0.9820655099523634,0.7161927983373627,-0.7161907372302316,-0.8979212425265775,0.8979217933962762,-0.7161907372302313,0.6079818566153848,0.889917527405662,-0.08443526597390594,-0.9999837494939314,-0.8979212425265763,0.792979597194813,-0.6504266425065119,0.7617123320347486,-0.7596675217827167,0.7576155608746568,0.7555554730863565,1.000000000194273,0.9640214625579597,0.0
0.7210528000456127,-0.9025089778892855,-0.3750554105267871,0.7307368168462773,-0.9624829245390629,0.9264012581062472,-0.7822808162741125,-0.9882672078760067,-0.9264033487939118,-0.9624831582995114,-0.9932969529174853,0.9968502609595032,0.5049035275105054,-0.5049008742995191,-0.748610663572507,0.7486105378021832,-0.5049008742995191,0.3750538829671135,0.9791489090375031,0.18348020692015807,-0.9655280409568925,-0.7486106635725064,0.9264047200137173,-0.828938316066761,0.9065389313928842,-0.9052042239049536,0.9038610192392988,0.9025080723007582,0.9640214625579597,1.000000000003048,0.0
0.0,0.0,0.0,0.0,0.0,0.0,0.0,0.0,0.0,0.0,0.0,0.0,0.0,0.0,0.0,0.0,0.0,0.0,0.0,0.0,0.0,0.0,0.0,0.0,0.0,0.0,0.0,0.0,0.0,0.0,0.9999999992681399
