1.0000000000579834,-0.9597568489487127,-0.9630835116060181,-0.9795086767970121,-0.9614315174639972,0.8040151854709355,-0.26467827606123145,0.9750090410448761,0.7796838213953485,0.7380980468972531,-0.5949638615000092,-0.8395605714445837,-0.93193547505528,0.9319355784709432,0.9376502650137447,0.890561358732376,0.9592033201407071,-0.8258669738604164,0.23488630257842277,-0.5670630167065901,-0.7758970212736664,0.6230323146295498,0.7733454699649067,-0.7733457456502993,-0.8916048229483946,0.9828168006184531,0.7169482524331052,0.17815199996933828,-0.8456867253767681,0.8398020881245876,-0.9584694710524887,0.3294027251828436,0.0
-0.9597568489487127,0.9999999996199729,0.8747937176794728,0.8858395210817461,0.9476571238021086,-0.6876641790926386,0.009431458965094583,-0.8768385964262416,-0.9173201273304357,-0.5212141503310107,0.35858619298762145,0.6544153155935007,0.8001053953321258,-0.8001055273233105,-0.8112225130345038,-0.7358461669977236,-0.8460430070281355,0.6926589254924521,-0.2699278344866995,0.3375176802109092,0.5726341340339638,-0.3812291518537666,-0.5835518014030964,0.5835520420941586,0.736270733041996,-0.8916400231285869,-0.5115573438939247,0.10307529859336513,0.6827446232974981,-0.6910138610368503,0.845919121998859,-0.13249957439255072,0.0
-0.9630835116060181,0.8747937176794728,0.9999999998264305,0.9890064793887314,0.857343340119445,-0.9316027783545447,0.49271399874225613,-0.9908614354566302,-0.6095896650204645,-0.807119933471098,0.6511700240766918,0.9175013318597809,0.9845702655231676,-0.9845703323014586,-0.9882585060795969,-0.9662041830753679,-0.9903827452048672,0.9470990516115311,-0.003229968305245441,0.7511211852747885,0.8859445766894739,-0.7620665380302495,-0.9029371901407329,0.9029374826014702,0.9652944355738408,-0.9755647657291014,-0.8626435136946096,-0.3693577312736998,0.9507933587966695,-0.9535164967470808,0.9917741539133011,-0.5710943837513468,0.0
-0.9795086767970121,0.8858395210817461,0.9890064793887314,1.0000000002967573,0.9097601073569035,-0.8745939231589964,0.45108879679827657,-0.9997235537501474,-0.6375969593949063,-0.8457680006287263,0.7134259418489949,0.9303595490357367,0.985510028087207,-0.9855101034638882,-0.9877156124240101,-0.9635692687480433,-0.9963712979802464,0.9026235815526424,-0.14483424653881036,0.7186975567009564,0.8869227125440856,-0.7666095616109262,-0.8830284088670526,0.883028698938994,0.9643503839322988,-0.9972389808694903,-0.8408614742360756,-0.37020808712882086,0.9325395600172536,-0.922000796002592,0.995943075337667,-0.48777829006353624,0.0
-0.9614315174639972,0.9476571238021086,0.857343340119445,0.9097601073569035,0.9999999998566195,-0.6126771216886276,0.06942444453102412,-0.8997970967971277,-0.8480202656373809,-0.6777466283509825,0.5756274983907034,0.7416014300396641,0.8306082871216078,-0.8306084112411647,-0.8356780058332477,-0.7753138541833454,-0.8733538621097312,0.6485870205698093,-0.48955703592951866,0.3836704809349261,0.6523942210270735,-0.4973547314025571,-0.618519611056486,0.6185198530287764,0.7790496370495889,-0.9329444181515364,-0.5550682124482023,-0.051849624617968694,0.7014701993059161,-0.6782796437103652,0.8696791648135852,-0.08136748016574243,0.0
0.8040151854709355,-0.6876641790926386,-0.9316027783545447,-0.8745939231589964,-0.6126771216886276,1.0000000000665907,-0.6860416736558682,0.8841698576389552,0.3580234516790536,0.7389976665396061,-0.564996188032486,-0.8712766914098492,-0.9199903250366802,0.9199903419768554,0.9229374169327763,0.928189266455988,0.9005604916570001,-0.9952071738932139,-0.3513865196966518,-0.8660126755527586,-0.8844875814705359,0.7972391977555112,0.9385620662300971,-0.9385623435307737,-0.9238888113027383,0.8366074615048081,0.9193224522636485,0.4999554593014984,-0.9571386301891209,0.9808743574532426,-0.9055753536271934,0.8104421737196378,0.0
-0.26467827606123145,0.009431458965094583,0.49271399874225613,0.45108879679827657,0.06942444453102412,-0.6860416736558682,0.9999999998066803,-0.47103020720990657,0.38938040015951814,-0.7325453712924562,0.703858687327757,0.7198738855044404,0.5957837831404136,-0.595783681227856,-0.5833330031771812,-0.6733110837095955,-0.5253428582706309,0.7096588214606655,0.47281694675099795,0.944203484144164,0.801290748462784,-0.8898197490106639,-0.8158370043991775,0.8158371729106266,0.6707417552262116,-0.413333350324306,-0.8620216216452457,-0.9493423785324069,0.736323639558061,-0.7264732942792307,0.5283611687603796,-0.9386793413025216,0.0
0.9750090410448761,-0.8768385964262416,-0.9908614354566302,-0.9997235537501474,-0.8997970967971277,0.8841698576389552,-0.47103020720990657,0.9999999999683475,0.6212932932872014,0.8518879989723757,-0.7190226193598814,-0.9366573107973687,-0.9890994782216712,0.9890995505732197,0.9910801943641194,0.9692784295992406,0.9980336580000037,-0.911826101296139,0.1258204351602503,-0.7343208994137553,-0.8960514599934635,0.778708452148951,0.8935615446807857,-0.893561801044539,-0.9699103016484811,0.995615207741136,0.8529290190009596,0.38769217505060755,-0.9407350244126693,0.930741685193928,-0.9977675887248685,0.5080756805763571,0.0
0.7796838213953485,-0.9173201273304357,-0.6095896650204645,-0.6375969593949063,-0.8480202656373809,0.3580234516790536,0.38938040015951814,0.6212932932872014,0.9999999997878921,0.1924469228068801,-0.05559769476215786,-0.3184309607184648,-0.5008404460591986,0.5008406046555246,0.5159026882932325,0.41081663940232593,0.571292119000812,-0.35406805166280714,0.4442957671077851,0.06478177109008686,-0.21022106217448616,-0.0007244724008860891,0.2132053786402775,-0.21320552883397592,-0.4123296036513215,0.6585364262627099,0.1285635864945165,-0.4702271679101851,-0.3360453909111468,0.3467185654102583,-0.5698702601818185,-0.254482781400384,0.0
0.7380980468972531,-0.5212141503310107,-0.807119933471098,-0.8457680006287263,-0.6777466283509825,0.7389976665396061,-0.7325453712924562,0.8518879989723757,0.1924469228068801,0.9999999994828214,-0.9717700028585511,-0.9717703529189105,-0.8974245071728013,0.8974245197036114,0.8873886445959254,0.9220332335450968,0.8747710277324893,-0.801069061268371,0.16815930189560513,-0.8705014494176205,-0.9652301287617826,0.9609050290370292,0.9172903824868648,-0.9172906393705093,-0.9253446710384512,0.8496881590122671,0.9166273760276875,0.7687325274979817,-0.9016534409344086,0.8554615353559232,-0.8715841560982629,0.6077019396935556,0.0
-0.5949638615000092,0.35858619298762145,0.6511700240766918,0.7134259418489949,0.5756274983907034,-0.564996188032486,0.703858687327757,-0.7190226193598814,-0.05559769476215786,-0.9717700028585511,0.9999999993412155,0.8886766358444174,0.7714137218678327,-0.7714137249383192,-0.7573425929591232,-0.8048285056653132,-0.74512408282266,0.6418515394571341,-0.2804348034208111,0.7938208156551924,0.8841023437121432,-0.9198483709868654,-0.8093848732844591,0.8093850927271645,0.810044925339052,-0.7283305398385913,-0.8202162299805218,-0.809921194868901,0.7764262945699231,-0.7125542232610854,0.7398343053432117,-0.5056301343959503,0.0
-0.8395605714445837,0.6544153155935007,0.9175013318597809,0.9303595490357367,0.7416014300396641,-0.8712766914098492,0.7198738855044404,-0.9366573107973687,-0.3184309607184648,-0.9717703529189105,0.8886766358444174,0.99999999983221,0.9727683513822336,-0.9727683733877937,-0.9673343600888651,-0.9871816211804285,-0.9550300053438304,0.9150596905841709,-0.0463897987814529,0.8980351708543516,0.991862789476015,-0.9477106782576661,-0.9734073549637928,0.9734076363056535,0.9884011515760057,-0.9230739423580451,-0.9612874175270206,-0.6841425884431127,0.9759748843902655,-0.9500710544046609,0.9541259635942387,-0.6754640075997377,0.0
-0.93193547505528,0.8001053953321258,0.9845702655231676,0.985510028087207,0.8306082871216078,-0.9199903250366802,0.5957837831404136,-0.9890994782216712,-0.5008404460591986,-0.8974245071728013,0.7714137218678327,0.9727683513822336,1.000000000606781,-1.0000008646789849,-0.9997474024336803,-0.9948792683665433,-0.9963715067264246,0.9489914070006219,-0.03460520333073343,0.8262242768907749,0.9494408264374155,-0.8572577475265201,-0.9497894808355244,0.9497897742936832,0.9950114596888137,-0.9753862562333194,-0.9204819977361857,-0.5110506760256417,0.9795117458112883,-0.9688955758044233,0.9966485037927967,-0.6197157480975889,0.0
0.9319355784709432,-0.8001055273233105,-0.9845703323014586,-0.9855101034638882,-0.8306084112411647,0.9199903419768554,-0.595783681227856,0.9890995505732197,0.5008406046555246,0.8974245197036114,-0.7714137249383192,-0.9727683733877937,-1.0000008646789849,1.000000000674844,0.9997474877160002,0.9948793359904393,0.9963716026785562,-0.9489914224515311,0.03460531732429207,-0.8262242294243701,-0.9494408278014694,0.8572577183248203,0.9497894773034019,-0.9497897709937746,-0.9950114933355619,0.9753863383264004,0.9204819800271751,0.511050583042894,-0.979511762561903,0.9688955918432001,-0.9966485656359366,0.6197156573139372,0.0
0.9376502650137447,-0.8112225130345038,-0.9882585060795969,-0.9877156124240101,-0.8356780058332477,0.9229374169327763,-0.5833330031771812,0.9910801943641194,0.5159026882932325,0.8873886445959254,-0.7573425929591232,-0.9673343600888651,-0.9997474024336803,0.9997474877160002,1.0000000004239409,0.9928885191493699,0.9973511997456357,-0.9502735827490765,0.031005773714908893,-0.8178302076551803,-0.9428642145981081,0.8464190984360155,0.9453120257418272,-0.9453123196517447,-0.9928906491180989,0.9771747370371862,0.9145228369542462,0.4935648364132737,-0.9774432516907561,0.9685005410366078,-0.9977679057124864,0.6142490095286469,0.0
0.890561358732376,-0.7358461669977236,-0.9662041830753679,-0.9635692687480433,-0.7753138541833454,0.928189266455988,-0.6733110837095955,0.9692784295992406,0.41081663940232593,0.9220332335450968,-0.8048285056653132,-0.9871816211804285,-0.9948792683665433,0.9948793359904393,0.9928885191493699,1.000000000109535,0.9827910958820387,-0.9589759832468295,-0.017548506885115302,-0.8781286334784734,-0.9753830488169869,0.9027442025103173,0.9757573883941146,-0.97575764560789,-0.9999349700442559,0.9502960588435666,0.9547554253966668,0.5927513760284335,-0.9927642530570275,0.9805700757895385,-0.9832786699882303,0.6835543369509003,0.0
0.9592033201407071,-0.8460430070281355,-0.9903827452048672,-0.9963712979802464,-0.8733538621097312,0.9005604916570001,-0.5253428582706309,0.9980336580000037,0.571292119000812,0.8747710277324893,-0.74512408282266,-0.9550300053438304,-0.9963715067264246,0.9963716026785562,0.9973511997456357,0.9827910958820387,1.0000000005090244,-0.929179727838383,0.09004657081100359,-0.7752745706970962,-0.9215262237199566,0.8148910935843648,0.9197469390939308,-0.9197472319617953,-0.9832493951609628,0.9899052813320651,0.8838795533709238,0.4422343352346224,-0.9595079563501823,0.9488919605552997,-0.9999247915195043,0.5557639947828314,0.0
-0.8258669738604164,0.6926589254924521,0.9470990516115311,0.9026235815526424,0.6485870205698093,-0.9952071738932139,0.7096588214606655,-0.911826101296139,-0.35406805166280714,-0.801069061268371,0.6418515394571341,0.9150596905841709,0.9489914070006219,-0.9489914224515311,-0.9502735827490765,-0.9589759832468295,-0.929179727838383,1.0000000002127556,0.2817820014904482,0.891967464976865,0.9247509885223159,-0.8449969698852038,-0.9655705581360589,0.9655708410488612,0.9556731260433783,-0.8698210674003533,-0.9476632013635188,-0.5497026421201008,0.9808744199207424,-0.9952074573265168,0.9331330820573148,-0.8026580737291356,0.0
0.23488630257842277,-0.2699278344866995,-0.003229968305245441,-0.14483424653881036,-0.48955703592951866,-0.3513865196966518,0.47281694675099795,0.1258204351602503,0.4442957671077851,0.16815930189560513,-0.2804348034208111,-0.0463897987814529,-0.03460520333073343,0.03460531732429207,0.031005773714908893,-0.017548506885115302,0.09004657081100359,0.2817820014904482,1.0000000000136837,0.33784453237409706,0.05930430986784387,-0.0981403514192493,-0.18366697007861163,0.18366696824871429,0.006891462843819186,0.21772555882320466,-0.22019844529151217,-0.23376866758220913,0.1351623714864185,-0.20947628151747777,-0.07858857630618213,-0.679398158695055,0.0
-0.5670630167065901,0.3375176802109092,0.7511211852747885,0.7186975567009564,0.3836704809349261,-0.8660126755527586,0.944203484144164,-0.7343208994137553,0.06478177109008686,-0.8705014494176205,0.7938208156551924,0.8980351708543516,0.8262242768907749,-0.8262242294243701,-0.8178302076551803,-0.8781286334784734,-0.7752745706970962,0.891967464976865,0.33784453237409706,0.9999999999794013,0.9466101726455257,-0.9684864609959586,-0.9607242453298297,0.960724484145087,0.8760949243274454,-0.6864732977589391,-0.9806644990465487,-0.8660121886235701,0.9180590023735155,-0.9093719428148451,0.7778120291201154,-0.9198613832753029,0.0
-0.7758970212736664,0.5726341340339638,0.8859445766894739,0.8869227125440856,0.6523942210270735,-0.8844875814705359,0.801290748462784,-0.8960514599934635,-0.21022106217448616,-0.9652301287617826,0.8841023437121432,0.991862789476015,0.9494408264374155,-0.9494408278014694,-0.9428642145981081,-0.9753830488169869,-0.9215262237199566,0.9247509885223159,0.05930430986784387,0.9466101726455257,0.9999999997588812,-0.9753823841660578,-0.9894907103663427,0.9894909850860573,0.9757642690396043,-0.8726653722090083,-0.98678137980124,-0.7550648214516401,0.9783829186348477,-0.9561498611672845,0.9215151405377832,-0.7588030928468853,0.0
0.6230323146295498,-0.3812291518537666,-0.7620665380302495,-0.7666095616109262,-0.4973547314025571,0.7972391977555112,-0.8898197490106639,0.778708452148951,-0.0007244724008860891,0.9609050290370292,-0.9198483709868654,-0.9477106782576661,-0.8572577475265201,0.8572577183248203,0.8464190984360155,0.9027442025103173,0.8148910935843648,-0.8449969698852038,-0.0981403514192493,-0.9684864609959586,-0.9753823841660578,0.9999999991704592,0.954507608669015,-0.9545078207379061,-0.903552919513071,0.7520700307840467,0.9702242987030428,0.8802035001065946,-0.9158320453949235,0.8846547304207256,-0.8143818973699327,0.7966930657855906,0.0
0.7733454699649067,-0.5835518014030964,-0.9029371901407329,-0.8830284088670526,-0.618519611056486,0.9385620662300971,-0.8158370043991775,0.8935615446807857,0.2132053786402775,0.9172903824868648,-0.8093848732844591,-0.9734073549637928,-0.9497894808355244,0.9497894773034019,0.9453120257418272,0.9757573883941146,0.9197469390939308,-0.9655705581360589,-0.18366697007861163,-0.9607242453298297,-0.9894907103663427,0.954507608669015,0.9999999994942831,-0.9999995347609779,-0.9745052111794955,0.8591237153334091,0.996290872288691,0.725436246751456,-0.9916495446665895,0.9833232117528459,-0.9214940396600679,0.8200858963936686,0.0
-0.7733457456502993,0.5835520420941586,0.9029374826014702,0.883028698938994,0.6185198530287764,-0.9385623435307737,0.8158371729106266,-0.893561801044539,-0.21320552883397592,-0.9172906393705093,0.8093850927271645,0.9734076363056535,0.9497897742936832,-0.9497897709937746,-0.9453123196517447,-0.97575764560789,-0.9197472319617953,0.9655708410488612,0.18366696824871429,0.960724484145087,0.9894909850860573,-0.9545078207379061,-0.9999995347609779,0.9999999998904979,0.9745055021609413,-0.8591240013927576,-0.9962911400954201,-0.7254363920106411,0.9916498322257234,-0.9833234983077862,0.9214943328342489,-0.8200860439426434,0.0
-0.8916048229483946,0.736270733041996,0.9652944355738408,0.9643503839322988,0.7790496370495889,-0.9238888113027383,0.6707417552262116,-0.9699103016484811,-0.4123296036513215,-0.9253446710384512,0.810044925339052,0.9884011515760057,0.9950114596888137,-0.9950114933355619,-0.9928906491180989,-0.9999349700442559,-0.9832493951609628,0.9556731260433783,0.006891462843819186,0.8760949243274454,0.9757642690396043,-0.903552919513071,-0.9745052111794955,0.9745055021609413,1.0000000003704013,-0.9518859983651355,-0.9534209034991141,-0.5935293898902301,0.9915417114024843,-0.9782964783089398,0.983596380125155,-0.6776160357573328,0.0
0.9828168006184531,-0.8916400231285869,-0.9755647657291014,-0.9972389808694903,-0.9329444181515364,0.8366074615048081,-0.413333350324306,0.995615207741136,0.6585364262627099,0.8496881590122671,-0.7283305398385913,-0.9230739423580451,-0.9753862562333194,0.9753863383264004,0.9771747370371862,0.9502960588435666,0.9899052813320651,-0.8698210674003533,0.21772555882320466,-0.6864732977589391,-0.8726653722090083,0.7520700307840467,0.8591237153334091,-0.8591240013927576,-0.9518859983651355,1.0000000003092548,0.8151613247513728,0.35238132103285685,-0.9109955782880231,0.8946966731715599,-0.9886020594772399,0.43259271659143167,0.0
0.7169482524331052,-0.5115573438939247,-0.8626435136946096,-0.8408614742360756,-0.5550682124482023,0.9193224522636485,-0.8620216216452457,0.8529290190009596,0.1285635864945165,0.9166273760276875,-0.8202162299805218,-0.9612874175270206,-0.9204819977361857,0.9204819800271751,0.9145228369542462,0.9547554253966668,0.8838795533709238,-0.9476632013635188,-0.22019844529151217,-0.9806644990465487,-0.98678137980124,0.9702242987030428,0.996290872288691,-0.9962911400954201,-0.9534209034991141,0.8151613247513728,1.0000000002429918,0.7792128966184038,-0.9769072418010187,0.9669197765118674,-0.8857032767050361,0.8524904893133467,0.0
0.17815199996933828,0.10307529859336513,-0.3693577312736998,-0.37020808712882086,-0.051849624617968694,0.4999554593014984,-0.9493423785324069,0.38769217505060755,-0.4702271679101851,0.7687325274979817,-0.809921194868901,-0.6841425884431127,-0.5110506760256417,0.511050583042894,0.4935648364132737,0.5927513760284335,0.4422343352346224,-0.5497026421201008,-0.23376866758220913,-0.8660121886235701,-0.7550648214516401,0.8802035001065946,0.725436246751456,-0.7254363920106411,-0.5935293898902301,0.35238132103285685,0.7792128966184038,0.999999999536238,-0.632962413072429,0.5941804815464556,-0.44161440758737247,0.7827807335608655,0.0
-0.8456867253767681,0.6827446232974981,0.9507933587966695,0.9325395600172536,0.7014701993059161,-0.9571386301891209,0.736323639558061,-0.9407350244126693,-0.3360453909111468,-0.9016534409344086,0.7764262945699231,0.9759748843902655,0.9795117458112883,-0.979511762561903,-0.9774432516907561,-0.9927642530570275,-0.9595079563501823,0.9808744199207424,0.1351623714864185,0.9180590023735155,0.9783829186348477,-0.9158320453949235,-0.9916495446665895,0.9916498322257234,0.9915417114024843,-0.9109955782880231,-0.9769072418010187,-0.632962413072429,1.000000000477342,-0.9952076332877284,0.961235135027149,-0.7641553987995029,0.0
0.8398020881245876,-0.6910138610368503,-0.9535164967470808,-0.922000796002592,-0.6782796437103652,0.9808743574532426,-0.7264732942792307,0.930741685193928,0.3467185654102583,0.8554615353559232,-0.7125542232610854,-0.9500710544046609,-0.9688955758044233,0.9688955918432001,0.9685005410366078,0.9805700757895385,0.9488919605552997,-0.9952074573265168,-0.20947628151747777,-0.9093719428148451,-0.9561498611672845,0.8846547304207256,0.9833232117528459,-0.9833234983077862,-0.9782964783089398,0.8946966731715599,0.9669197765118674,0.5941804815464556,-0.9952076332877284,1.0000000004855134,-0.9517459071610413,0.7871797893883997,0.0
-0.9584694710524887,0.845919121998859,0.9917741539133011,0.995943075337667,0.8696791648135852,-0.9055753536271934,0.5283611687603796,-0.9977675887248685,-0.5698702601818185,-0.8715841560982629,0.7398343053432117,0.9541259635942387,0.9966485037927967,-0.9966485656359366,-0.9977679057124864,-0.9832786699882303,-0.9999247915195043,0.9331330820573148,-0.07858857630618213,0.7778120291201154,0.9215151405377832,-0.8143818973699327,-0.9214940396600679,0.9214943328342489,0.983596380125155,-0.9886020594772399,-0.8857032767050361,-0.44161440758737247,0.961235135027149,-0.9517459071610413,1.0000000002226634,-0.5624179406572963,0.0
0.3294027251828436,-0.13249957439255072,-0.5710943837513468,-0.48777829006353624,-0.08136748016574243,0.8104421737196378,-0.9386793413025216,0.5080756805763571,-0.254482781400384,0.6077019396935556,-0.5056301343959503,-0.6754640075997377,-0.6197157480975889,0.6197156573139372,0.6142490095286469,0.6835543369509003,0.5557639947828314,-0.8026580737291356,-0.679398158695055,-0.9198613832753029,-0.7588030928468853,0.7966930657855906,0.8200858963936686,-0.8200860439426434,-0.6776160357573328,0.43259271659143167,0.8524904893133467,0.7827807335608655,-0.7641553987995029,0.7871797893883997,-0.5624179406572963,1.0000000000226539,0.0
0.0,0.0,0.0,0.0,0.0,0.0,0.0,0.0,0.0,0.0,0.0,0.0,0.0,0.0,0.0,0.0,0.0,0.0,0.0,0.0,0.0,0.0,0.0,0.0,0.0,0.0,0.0,0.0,0.0,0.0,0.0,0.0,0.9999999999910751
