0.9999999882671501,2.1323167499671587e-07,3.528238620677721e-07,9.27530694813422e-07,0.9999712929083256,2.2893441262073316e-07,3.2705605011883145e-07,2.2307299099729918e-07,2.331877250595283e-07,2.975235486015763e-07,3.2953567040145226e-07,0.9999731599672921,3.5399645951822337e-07,2.9161038001234593e-07,4.032298713413707e-07,6.348742776108389e-07,2.7869400012040517e-07,5.589238342186074e-07,4.697580918946467e-07,0.9999722949465,2.2937907149103172e-07,0.9999718466288797,6.148984289878638e-07,2.2528319266636357e-07,5.407828229483237e-07,2.1801754610650556e-07,0.9999727831636314,4.7179781169243475e-07,2.7140332291776215e-07,2.3299006569812275e-07,3.109914362830586e-07,0.9999743321936819,2.713354284989869e-07,2.6555793873087894e-07,3.545832891331864e-07,1.2498903436421813e-06,2.0463129723957503e-07,7.259135862080447e-07,1.0964806261688707e-06,3.92962275281611e-07,2.527865959265987e-07,7.3128998122581e-07,7.389904362816383e-07,1.986575599891457e-07,2.2928949047392773e-07,1.2830992229210452e-06,4.2523303541413326e-07,7.514779023991745e-07,3.2628098722515964e-07,2.2300661344736906e-07,2.861348828923577e-07,2.3040749053568654e-07,2.262027193983286e-07,2.9305384976354973e-07,4.543365103400082e-07,0.999969279108193,3.18786886346858e-07,2.2821147827451898e-07,3.696339808973897e-07,2.5878952481577624e-07,4.789163824169004e-07,3.6372879133111163e-07,2.636882191841821e-07,2.8692181825821525e-07,2.3808319056384837e-07,2.149698977573867e-07,2.929745432098e-07,0.9999707246847099,2.2929892348767795e-07,3.606155160625497e-07,3.134697579409087e-07,2.0281605469702287e-07,2.498901194586403e-07,2.2979088303086262e-07,0.9999700576386646,2.704016069509496e-07,2.753121170030276e-07,2.4006618052612405e-07,2.633565909019341e-07,2.351137959158284e-07,2.3511379591582864e-07,2.3487592834596827e-07,2.810850197723755e-07,2.249809382518203e-07,2.555470998499401e-07,2.798451981620027e-07,3.58183082272583e-07,2.484417304301942e-07,2.0596528796328167e-07,2.8755982116011136e-07,5.501831972628297e-07,2.189952096471213e-07,2.344376119888881e-07,3.5956197971560933e-07,2.72019579702228e-07,2.31943537389697e-07,2.7298012136783413e-07,2.865365948445903e-07,4.0163951172000655e-07,2.5579151554717564e-07,2.347643306100273e-07,2.295251620854119e-07,2.2453527620747732e-07,2.3511379703565127e-07,2.351137959172277e-07,2.3317650772278474e-07,2.6081878858765073e-07,2.3631894840886416e-07,2.1038547349975892e-07,3.205740089097318e-07,2.1425589721927688e-07,2.4069110309227614e-07,2.3075257308540404e-07,2.7402583794719397e-07,2.475770757558059e-07,2.3151076630899422e-07,3.133658520258662e-07,2.3489461731376348e-07,2.601350070332708e-07,2.2590229746755353e-07,2.3089126310449838e-07,2.3297573773255952e-07,3.0941440285236285e-07,2.2246362192976832e-07,2.2115768797572576e-07,2.311376829457851e-07,2.2805255415422975e-07,2.3497071853772264e-07,2.3511379591127422e-07,2.3511379591722834e-07,2.3579682945540522e-07,2.3403417351973808e-07,2.357328875804269e-07,2.3597861027491774e-07,2.3151778274327636e-07,2.34208267359415e-07,2.398559812128577e-07,2.3442154179166734e-07,2.3725856577717907e-07,2.348759288732395e-07,2.338019818848043e-07,2.3487592885972361e-07,2.351137997696516e-07,2.3511379592026392e-07
2.1323167499671587e-07,9.737768117118551e-07,5.748640738238063e-14,7.080461158175359e-17,1.0503202987332867e-10,1.8454483076393056e-17,2.5963809040608258e-17,1.8013129025971324e-17,1.8186578369829887e-17,2.411312448238873e-17,2.620064895797282e-17,1.0503221271922824e-10,2.8776805972084086e-17,2.2566772578178893e-17,3.007531884864207e-17,4.99981585625013e-17,2.204262949004699e-17,4.219212434735562e-17,3.660897945059833e-17,1.0503212839282903e-10,1.8124772765404322e-17,1.0503208485648781e-10,4.808389225026203e-17,1.7561937887461078e-17,4.3859712706298826e-17,1.7216365059016694e-17,1.0503217537974443e-10,3.670173073633552e-17,2.247934656666838e-17,1.884684023332047e-17,2.302004833815589e-17,1.050323258619466e-10,2.2360177658202203e-17,2.0722408234311108e-17,2.7324825649289246e-17,1.0404049312818593e-16,1.5876339784397364e-17,5.974142739088524e-17,8.876664704534152e-17,3.136765033624403e-17,2.0569691904002903e-17,5.904767180408074e-17,6.063303144348281e-17,1.5311008577173363e-17,1.8504557407077058e-17,1.0821607820528774e-16,3.448373572323477e-17,6.231136849356351e-17,2.6184502810340186e-17,1.7913858993243627e-17,2.3158765212749165e-17,1.8633492521384327e-17,1.8189403427582258e-17,2.3725652769622768e-17,3.483530153965954e-17,1.050318314791483e-10,2.50606929533663e-17,1.7531059693694424e-17,2.894540342955411e-17,2.1060746438800353e-17,3.7548377125487876e-17,2.826129895569297e-17,2.125228582160554e-17,2.2960265560708834e-17,1.8702659658342437e-17,1.7093597552137315e-17,2.3662694712576653e-17,1.0503197500344047e-10,1.8704044261995764e-17,2.936952608635484e-17,2.4437714445033707e-17,1.5656132355160258e-17,1.976188887020282e-17,1.835394927287387e-17,1.0503190847296615e-10,2.1171933978981062e-17,2.0789162911319078e-17,1.8197968033220108e-17,2.1421539605625108e-17,1.913487782847049e-17,1.915401257828646e-17,1.900275924402655e-17,2.3315374665895808e-17,1.802041896458825e-17,2.0611530937655244e-17,2.2381203201901768e-17,2.80421918530584e-17,1.9909122176319598e-17,1.6265544572103157e-17,2.2908432086932386e-17,4.494309594371844e-17,1.7617827726010896e-17,1.898624209922579e-17,2.776699055851167e-17,2.1386884805143176e-17,1.873916061002498e-17,2.2530779170527368e-17,4.5873437008233276e-14,3.2078014587111615e-17,4.128885083003961e-14,1.917201334162055e-17,1.7904645149971007e-17,1.8155331125192216e-17,1.913487782847049e-17,1.903783381600959e-17,1.8677560685827762e-17,2.0306712030824435e-17,1.857078741323412e-17,1.6642013825068018e-17,2.5260412776304152e-17,1.6995381682080403e-17,1.8835793302910735e-17,1.8759686762991458e-17,2.2607999481179016e-17,1.9696316962603702e-17,1.8707543799813428e-17,2.5875589735626977e-17,1.9581162593994742e-17,2.122522406792494e-17,1.8247530161356677e-17,1.8751442076318685e-17,1.901190259801841e-17,5.078216165815732e-14,3.5610931819221936e-14,3.530573102465334e-14,3.7446400131071346e-14,1.8700769765863018e-17,1.9234777951523968e-17,1.920167282087449e-17,1.9015594964420953e-17,1.9344566560754018e-17,1.9029075577095933e-17,1.9236932041324333e-17,1.929803632105329e-17,1.8891495566825834e-17,1.8773227330578395e-17,1.9800937996361448e-17,1.9076261342407485e-17,1.9531998546320065e-17,1.9207229820028698e-17,1.8772630448748166e-17,1.9052488554994732e-17,1.9050813632494476e-17,1.932874739234452e-17
3.528238620677721e-07,5.748640738238063e-14,9.737768750130085e-07,2.4289999396727325e-13,1.7494584143263614e-10,3.160296724117023e-17,4.432432110672262e-17,3.038266580860547e-17,3.1273466968972413e-17,4.109560341513266e-17,4.496341585508045e-17,3.4929939250607074e-07,4.933330005694185e-17,3.843817879381237e-17,5.168683446430694e-17,8.545051883558965e-17,3.769498451740118e-17,1.4512624380773294e-13,6.289951170893731e-17,1.749460067662718e-10,6.321934601709574e-14,1.7494593289680014e-10,8.228237521390674e-17,3.000857814416474e-17,7.480955938815529e-17,2.9549735334389336e-17,1.7494608538840093e-10,6.295349667600507e-17,3.813576660461482e-17,3.226614444074419e-17,3.970882465958831e-17,3.4929977229425766e-07,3.794419113185469e-17,3.5351578951500833e-17,4.678346859063672e-17,1.7695152357571022e-16,2.7386237215720303e-17,2.0350114804568412e-13,3.01952638739978e-13,5.338821699204106e-17,3.479269775908534e-17,1.008436035158903e-16,1.0336234522194121e-16,2.6393407504421632e-17,3.149110366583911e-17,1.8390678995993671e-16,5.880388087426652e-17,1.0593370723675925e-16,4.4656328675585595e-17,3.0547667167776554e-17,3.9607147920353285e-17,3.1741404186916454e-17,3.1228372497414004e-17,4.0275558858226074e-17,5.999228799607646e-17,1.7494550947361047e-10,4.313095686164689e-17,3.037924044925603e-17,4.943816167841983e-17,3.602125525806132e-17,6.394047164757863e-17,4.863272519539446e-17,3.65687459958453e-17,3.917986453699602e-17,3.22882913795356e-17,2.918145600513718e-17,4.022986012858494e-17,3.4929859743474715e-07,3.1739947667687955e-17,5.0218942583830515e-17,4.170341233064641e-17,2.7157615782802637e-17,3.4174814258466144e-17,3.1874274810868436e-17,1.749456383793575e-10,3.6494597725603865e-17,3.5895077302487324e-17,3.120572127739257e-17,3.676559684760804e-17,3.2609901997502734e-17,3.2609901038422575e-17,3.2740095042896245e-17,3.987235299550181e-17,3.1058347798154036e-17,3.517816732789198e-17,7.627721638816836e-14,4.786542506684622e-17,3.405744743633889e-17,2.761859015649802e-17,3.916975845988671e-17,7.665875122124821e-17,2.983231871764492e-17,3.253569065993003e-17,4.7575422327945103e-17,3.661911619628818e-17,3.225361166195767e-17,3.809862340232834e-17,3.918215942107937e-17,5.531275683104707e-17,7.043023761512892e-14,3.260101612922268e-17,3.074082532332699e-17,3.0719014087131327e-17,3.2609901038422575e-17,3.276674556423405e-17,3.245742560177822e-17,3.4645144371136787e-17,3.183183430470619e-17,2.8446452626080264e-17,4.2817388297551435e-17,2.907761156058322e-17,3.2411326966554224e-17,3.196646899306477e-17,3.8436213833900786e-17,3.387725412123004e-17,3.200973093655453e-17,4.3965757938871304e-17,3.2742882028554797e-17,3.589417096497498e-17,3.098328962699331e-17,3.2029733372895415e-17,3.211082775659233e-17,4.342816859340306e-17,3.034275053809895e-17,6.028172928346446e-14,3.199303540406551e-17,3.152406276066135e-17,3.267804457309072e-17,3.2791714581762204e-17,3.276674556423408e-17,3.286687662521646e-17,3.245858847358248e-17,3.262352730611512e-17,3.2893574732053675e-17,3.210658957832256e-17,3.287777931580161e-17,3.352020134639591e-17,3.23866588869851e-17,3.313704608740548e-17,3.26103410551377e-17,3.252501801566005e-17,3.2624621061161614e-17,3.267989533297335e-17,3.276674556423405e-17
9.27530694813422e-07,7.080461158175359e-17,2.4289999396727325e-13,9.737773629441317e-07,9.239995457314055e-07,7.841445348322728e-17,1.0820358227074177e-16,7.553513229109743e-17,7.676481092231528e-17,1.0215331090848869e-16,2.2121207657353298e-13,9.240011381494772e-07,2.4369923944503946e-13,1.8876088682682533e-13,2.4787996711575736e-13,2.0999805403405946e-16,9.284854532342931e-17,3.506435885165033e-13,3.053910172023981e-13,9.240004050077411e-07,7.842712234484323e-17,4.6278421747063984e-10,4.0127211292078025e-13,7.342226146313912e-17,1.846931221597286e-16,7.278059079671329e-17,9.240008125341771e-07,3.0569467701663635e-13,9.486097147507787e-17,1.6038319086074637e-13,9.585013036267145e-17,9.240021225289076e-07,9.470645153593624e-17,1.7306639783877694e-13,2.2705973128952498e-13,8.806605434593971e-13,6.669954246758716e-17,5.050743794691755e-13,3.7276196045427754e-16,1.3159497727550591e-16,8.608309349289854e-17,4.972339624723158e-13,5.112164516423458e-13,6.412290436856512e-17,7.829720817590186e-17,9.16564290294756e-13,2.90596808835365e-13,5.25414758031653e-13,1.0943001393811365e-16,7.531699311317666e-17,9.778919570810095e-17,7.888681341523193e-17,7.699280340298577e-17,9.964562716841423e-17,2.9081745723771985e-13,9.239978194076811e-07,1.0540153488410995e-16,7.411307130153219e-17,2.411083739811696e-13,8.919499586789566e-17,3.128033026060154e-13,1.1825651806443174e-16,9.032901090186072e-17,9.694964294070888e-17,7.897954691849759e-17,1.4359645515001714e-13,9.922766056960934e-17,9.239990729420923e-07,7.848947747611792e-17,1.2464936915250795e-16,1.0241078269886543e-16,6.637547822722197e-17,8.406506219009601e-17,7.859403603593229e-17,4.6278344880775107e-10,1.7852461217272616e-13,8.669879897488095e-17,7.53533595562939e-17,9.093754983288962e-17,8.123430696319158e-17,8.10393671342839e-17,8.089746085156839e-17,1.9915949772496813e-13,7.644200635304613e-17,8.668624482614043e-17,9.442491650932786e-17,1.1700258113522294e-16,8.364804053504742e-17,6.768980810383091e-17,9.626364956964907e-17,3.7819440160686437e-13,7.347959108948117e-17,8.088733093425225e-17,2.313727181629668e-13,8.994090704435973e-17,7.968148994729417e-17,9.472282747815914e-17,1.932411110067004e-13,2.718594060105979e-13,8.716137623656197e-17,8.103177354346095e-17,7.514315724657989e-17,7.592146116437131e-17,8.10393671342839e-17,8.109069561712825e-17,8.024066215599466e-17,8.449957863384786e-17,7.849184346414165e-17,6.914712672250048e-17,1.0516738976721339e-16,7.112031120447092e-17,8.010206957453998e-17,7.904696049200212e-17,9.513061308369328e-17,8.288051797013646e-17,7.972763602052605e-17,1.095873901820423e-16,8.114221764466287e-17,8.911395921860258e-17,7.6776314122148e-17,7.930036507614535e-17,8.010439687538967e-17,1.0764650828078034e-16,7.489357968690912e-17,7.460385305823806e-17,7.922753667964763e-17,7.790346658591459e-17,8.110836903346909e-17,8.10393671342839e-17,8.11020224804304e-17,8.139991188964015e-17,8.073226004994897e-17,8.134235949341738e-17,8.171780040941389e-17,7.933690735687904e-17,8.075236617501438e-17,8.355098704895675e-17,8.097821701141085e-17,8.231260850288121e-17,8.099279746063436e-17,8.068476439479273e-17,8.087102678157048e-17,8.11020224804304e-17,8.119946427510482e-17
0.9999712929083256,1.0503202987332867e-10,1.7494584143263614e-10,9.239995457314055e-07,0.9999611015686687,1.1289663722380091e-10,1.6204021249010905e-10,1.0996098483437275e-10,1.1502688638219076e-10,1.472490477805314e-10,3.260108471420765e-07,0.999961994830702,1.75533125897984e-10,1.442874891415954e-10,3.997043032273998e-07,6.313462090058787e-07,1.3781839982515995e-10,5.553966060228562e-07,4.662317890760609e-07,0.9999611298194427,1.1311933977553259e-10,0.9999606815067679,6.113705805272902e-07,1.1106795506450577e-10,5.372557309008576e-07,1.0742900186213929e-10,0.9999616180312045,4.682714886163828e-07,1.3416690207406776e-10,1.1492788292834465e-10,1.5399437348257307e-10,0.9999631670441806,2.6781121551929443e-07,1.3123929662222202e-10,1.7582705558385645e-10,1.2463556048004221e-06,1.0072458854408243e-10,3.6180533724913207e-10,5.474013853791418e-10,1.9504890578518674e-10,1.2484284521814271e-10,7.277608517837866e-07,7.354612075531364e-07,9.773268523756663e-11,1.1307447503185216e-10,1.279564105380862e-06,4.2170717840378645e-07,3.7460905275830005e-10,1.61652024013569e-10,1.0992773903205644e-10,1.4154511258366062e-10,1.1363441796820573e-10,1.115284878156086e-10,1.4501042991689836e-10,2.2578779679487158e-10,0.9999581140144538,1.57898659428475e-10,1.1253456854465385e-10,1.8336508965627932e-10,1.278493692771948e-10,4.75389981814139e-07,1.8040751520777828e-10,1.303028474363697e-10,1.419392465127054e-10,1.1747874459398769e-10,1.0590260643412792e-10,1.4497071029288628e-10,0.9999595595749725,1.1307919846306658e-10,1.7884823974040495e-10,1.5523561142729052e-10,9.981543866439049e-11,1.233921652284033e-10,1.1332559487590522e-10,0.9999588925363152,1.3366521023850828e-10,1.361246171879694e-10,1.184719217220857e-10,1.3013675472980644e-10,1.1599154043279717e-10,1.1599154047845766e-10,1.1587240552481205e-10,2.775606918663109e-07,1.1091656652469882e-10,1.2622542657817228e-10,1.383949679386853e-10,1.776299825846093e-10,1.226667493630379e-10,1.0139271058388531e-10,1.4225878705051012e-10,5.466560036150415e-07,1.0791865566246778e-10,1.1565287605992654e-10,1.7832059784503348e-10,1.3447556292455895e-10,1.1440373713080235e-10,1.349566327951949e-10,1.4174630946807613e-10,3.9811391286588373e-07,2.522674744150023e-07,1.1581651134434119e-10,1.1319251570695364e-10,1.1069335816700172e-10,1.1599153949208729e-10,1.1599153993675623e-10,1.150212609225595e-10,1.2886572586372809e-10,1.165951357442534e-10,1.0360652910031368e-10,1.5879372755939835e-10,1.0554500501891523e-10,1.1878490386817066e-10,1.1380725007969372e-10,1.3548037405513642e-10,1.2223369238389128e-10,1.1418698555460827e-10,3.0984118947006464e-07,1.158817630891046e-10,1.285232453526664e-10,1.1137802236881115e-10,1.1387671167935096e-10,1.1492070815925645e-10,1.5320450012642798e-10,1.0965578663656736e-10,1.0900171653710885e-10,1.1400012945492143e-10,1.1245496244043342e-10,1.1591987909807616e-10,1.1599153979351407e-10,1.1599154052525182e-10,1.1633363177889866e-10,1.1545081543258935e-10,1.1630160622104862e-10,1.1642467511777996e-10,1.1419049896896016e-10,1.1553801094700712e-10,1.183666286451608e-10,1.1564482965963985e-10,1.1706573311334285e-10,1.1587240542944724e-10,1.1533452452540367e-10,1.158724055512773e-10,1.1599153916093924e-10,1.1599153984766323e-10
2.2893441262073316e-07,1.8454483076393056e-17,3.160296724117023e-17,7.841445348322728e-17,1.1289663722380091e-10,9.73776813149223e-07,5.675865186085625e-14,1.9728377985714184e-17,2.005669349244487e-17,2.646471918916365e-17,2.909894129279435e-17,1.128968350767324e-10,3.167277680594516e-17,2.5221593724358184e-17,3.322128106561907e-17,5.504380790796866e-17,2.4317705622406866e-17,4.675172059507558e-17,4.0228821557871444e-17,1.1289674380801271e-10,2.034274752160374e-17,1.128966966821207e-10,5.2936103819825304e-17,1.9318075707071385e-17,4.8263009304547327e-17,1.917542189778199e-17,1.1289679494848683e-10,4.050806595975226e-17,2.442950081039399e-17,2.070220076416145e-17,2.5599643866142905e-17,1.1289695800423932e-10,2.4413490537102507e-17,2.274216686392073e-17,3.016124815310077e-17,1.1424914287405338e-16,1.74984181796392e-17,6.559502132971764e-17,9.769387203856653e-17,3.434672978840085e-17,2.2554726610277497e-17,6.500516447248846e-17,6.65626850583498e-17,1.7100449135512e-17,2.0391132951665996e-17,1.185715584414695e-16,3.800516331592378e-17,6.813379652029236e-17,2.852963091117114e-17,1.9738508121186417e-17,2.5429305630114074e-17,2.0384101044817798e-17,2.0032974397245085e-17,2.6016272970167276e-17,3.855617325009963e-17,1.1289642323956101e-10,2.766408291144174e-17,1.9598783551920642e-17,3.1910068679708744e-17,2.3138000669272077e-17,4.1237398880325787e-17,3.1081660591381473e-17,2.3506519041964653e-17,2.5285864190275276e-17,2.0542956554235497e-17,1.8741492499393865e-17,2.602000090874388e-17,1.1289657837853583e-10,2.0333934447313744e-17,3.229417812986874e-17,2.6825598051373874e-17,1.7285833360633644e-17,2.2041800618967617e-17,2.0398384936289612e-17,1.1289650652633577e-10,2.339684091975771e-17,2.305364407002638e-17,1.9883884355122002e-17,2.3802666042506656e-17,2.0989701933122213e-17,2.077488158408369e-17,2.0869686968432854e-17,2.588092517994739e-17,1.997727378614506e-17,4.5162302682216114e-14,2.456085746347823e-17,3.087606090158861e-17,2.1833019985449066e-17,1.755781003365135e-17,2.5201164950277183e-17,4.942439978913511e-17,3.836232152639488e-14,2.1189212460126895e-17,3.0594814640556364e-17,2.37309317994814e-17,2.045545964667325e-17,2.4612634591091997e-17,2.5278282155264733e-17,3.545670638092653e-17,2.2756143888332815e-17,2.09679276729532e-17,1.968230969341969e-17,1.9899199953727924e-17,2.112750794351574e-17,2.0992213284662775e-17,2.080483051865896e-17,2.203550793827028e-17,2.0627856883674268e-17,1.8282693890043595e-17,2.8213911178434365e-17,1.8517725533451502e-17,2.0999733390810412e-17,2.0554863084603566e-17,2.467855468937512e-17,2.18229624404441e-17,2.0713133144922406e-17,2.834213708289074e-17,2.109070497634086e-17,2.3370331525281398e-17,1.9854262154271895e-17,2.043551084328845e-17,2.074890874548534e-17,2.7850339461489557e-17,1.9535347419063492e-17,1.940176601109189e-17,2.0525670326914566e-17,2.0255004756149367e-17,2.0926105880420568e-17,2.0989701933122213e-17,2.099945800202908e-17,2.1030741103533002e-17,2.0518841593356233e-17,2.140385790306622e-17,2.110644197429696e-17,2.0252627337398176e-17,2.0787011122675862e-17,2.1719073377629025e-17,2.1155560833780623e-17,2.1285919525019646e-17,2.093691739550385e-17,2.0908951017814257e-17,2.0807385973704862e-17,2.0989701933122213e-17,2.0984704901393337e-17
3.2705605011883145e-07,2.5963809040608258e-17,4.432432110672262e-17,1.0820358227074177e-16,1.6204021249010905e-10,5.675865186085625e-14,9.737768566577355e-07,5.48159264288679e-14,2.79583211126283e-17,3.713182003480011e-17,4.031270348699258e-17,3.235318221576069e-07,8.844506671674769e-14,3.476375665197367e-17,4.6010320671242415e-17,7.614116585033985e-17,3.42677493828306e-17,6.461429999341292e-17,5.628623908421925e-17,3.2353156287356857e-07,2.8131014079680216e-17,1.6204029704060157e-10,7.360383517082139e-17,2.6747121381944805e-17,6.720370712596344e-17,2.6777146870227074e-17,1.6204043692529003e-10,5.595758662920296e-17,3.442717554802687e-17,2.899875198789274e-17,3.524950599335948e-17,3.235321706818952e-07,3.4171946147678815e-17,3.170431635295907e-17,4.170402167500315e-17,1.5961314640944343e-16,2.4401573663851486e-17,1.8316307316408354e-13,1.3606327402789503e-16,4.790387030535954e-17,3.129188841316244e-17,9.024721482552422e-17,9.307140014479277e-17,2.341477822226475e-17,2.843511867695395e-17,1.6559290565100952e-16,5.2795724891884285e-17,9.540000536521947e-17,3.994018636929391e-17,2.748970156405713e-17,7.091056429707962e-14,2.865576368920081e-17,2.783611447670176e-17,3.608996122784471e-17,5.3135849154259e-17,1.6203990708016432e-10,3.875574306137872e-17,2.710166829386287e-17,8.819961486988053e-14,3.247127597002714e-17,5.729439777597537e-17,4.3213136140203036e-17,3.2525186471646957e-17,3.5135561220736885e-17,2.8866234719030186e-17,5.229215424323672e-14,3.642157533180717e-17,1.6204012844406766e-10,2.832083983024664e-17,4.5120498997055843e-17,3.738516809155549e-17,2.4225061025704507e-17,3.0662342806226866e-17,2.8657160111111385e-17,1.6204002585463396e-10,3.267353408550887e-17,3.1987946625158584e-17,2.7779090971329957e-17,3.284669992580503e-17,2.935386520162193e-17,2.930683538127842e-17,2.932956675218275e-17,3.608597131697553e-17,2.7819870995005236e-17,3.180981150401018e-17,3.4344577422972647e-17,4.299088094926101e-17,3.062272252052176e-17,2.4654592801684264e-17,3.5299426226872774e-17,6.89063835245664e-17,2.6387419104341273e-17,2.939635536043261e-17,4.2710062456976466e-17,3.2792899900011585e-17,2.888963844730365e-17,3.44128330062908e-17,3.517279036094055e-17,4.9445530415181893e-17,3.157800113248261e-17,2.9397431576672916e-17,2.7338932073873226e-17,2.7719594826197422e-17,2.938731240123119e-17,2.938731240123119e-17,2.9025228979775284e-17,3.092892302032959e-17,2.8503640299495534e-17,2.511969646134297e-17,7.689780046510566e-14,2.5926197467848202e-17,2.920809788380784e-17,2.8738843360784643e-17,3.460174862512425e-17,3.0317424030689955e-17,5.763359716872107e-14,3.9617859879112884e-17,2.9312432219802635e-17,3.2378566841095936e-17,5.576524589060546e-14,2.8524110053976044e-17,2.904979054960576e-17,3.9114085134908034e-17,2.7434599668378434e-17,2.7221654434681472e-17,2.882787741561184e-17,5.649902666030948e-14,2.9639680236829037e-17,2.928514210751428e-17,2.935386520162193e-17,2.944298728181016e-17,2.906456168671554e-17,2.942985058719625e-17,2.9595561569842613e-17,2.892493322946344e-17,2.920223060475507e-17,3.0055395108726356e-17,2.9265392468333394e-17,2.982218367088383e-17,2.9400288774017244e-17,2.9269381837316225e-17,2.9526385137075515e-17,2.938731240123119e-17,2.935386520162193e-17
2.2307299099729918e-07,1.8013129025971324e-17,3.038266580860547e-17,7.553513229109743e-17,1.0996098483437275e-10,1.9728377985714184e-17,5.48159264288679e-14,9.737768108635347e-07,3.8870837583739756e-14,2.5747759833648644e-17,2.804625370547646e-17,1.0996117716204032e-10,3.077755073391365e-17,2.3842741867991115e-17,3.213414783594119e-17,5.317508674102142e-17,2.3399050124638057e-17,4.5058923569940146e-17,3.8875970532167534e-17,1.0996108875104839e-10,3.93622157813807e-14,1.0996104270823794e-10,5.132888616456523e-17,1.855330698275827e-17,4.660819007820321e-17,1.8633549430720986e-17,1.0996113830285092e-10,3.9061277404836804e-17,2.3903217252549388e-17,2.005904969995906e-17,2.4780335985906382e-17,1.0996129641455354e-10,2.3793686378679215e-17,2.2039486405587646e-17,2.8839222675291816e-17,1.1033809373992187e-16,1.7093678655366278e-17,6.338214774918662e-17,9.440311915506015e-17,3.335119716595848e-17,2.1775288808107673e-17,6.299722847885068e-17,6.44332564118776e-17,1.6153858981274e-17,1.9713017489182122e-17,1.146337926835813e-16,3.6594170477010466e-17,6.582218214601042e-17,2.764467381604147e-17,1.9073747513110956e-17,2.4661573572878765e-17,1.9810369285282205e-17,1.9329908133774826e-17,2.5267798104986442e-17,3.7268834206351116e-17,1.0996077720135466e-10,5.334194123658781e-14,1.910403631881644e-17,3.052810092683318e-17,2.2519572035164692e-17,3.9816933198199146e-17,3.01419812611687e-17,2.2709134451989273e-17,2.4428014505191543e-17,1.9875380901514025e-17,1.833878772032454e-17,2.4912567056139943e-17,1.0996092759618426e-10,1.9735544113660787e-17,3.113909195957988e-17,2.5990373637766138e-17,3.3547848142772044e-14,2.1056646362051162e-17,1.9759269933461242e-17,1.0996085791214818e-10,2.252626252570808e-17,2.2212704249683675e-17,1.9195321181633235e-17,2.264582315401829e-17,2.0357287261205334e-17,2.0377704574383316e-17,2.0356375299799628e-17,2.4844995309450114e-17,1.9158076475660824e-17,2.196391606720187e-17,2.3639328774999974e-17,2.980980578280184e-17,2.125516867675481e-17,1.7159300281011425e-17,2.444617759091087e-17,4.773598006594309e-17,1.8492252668648327e-17,1.9953267639642077e-17,2.9496977592783965e-17,2.288776656938743e-17,1.996071373234333e-17,2.375945658067545e-17,2.4602355689140437e-17,3.434598029219016e-17,2.1742314190002934e-17,2.035370604455341e-17,3.8086806626078605e-14,1.9214096892269032e-17,2.045978656361379e-17,2.0349075346205263e-17,2.0230570256475545e-17,2.148301354573948e-17,1.9980928259724635e-17,1.7696535352764466e-17,2.6965385184912696e-17,1.8031977076673503e-17,2.0301718666236457e-17,1.9660190955214135e-17,2.3935181380393006e-17,2.125958151370322e-17,1.9926628622107218e-17,2.7331036253652355e-17,2.0248600483172148e-17,2.235795153924584e-17,1.9484641069151755e-17,1.979713753260107e-17,2.005728070110947e-17,2.69991540218304e-17,1.870579432786619e-17,1.8567331661290125e-17,1.9719421041792514e-17,3.912246754271942e-14,2.0266440589598216e-17,2.0349075346205263e-17,2.0521403815710744e-17,2.0331564364579185e-17,2.0300024243775065e-17,2.0504009129172412e-17,2.046488750227667e-17,1.9757012147463153e-17,2.0324977658649083e-17,2.0937153786733674e-17,2.031896812580854e-17,2.094056375657124e-17,2.0410864138775303e-17,2.0120142348435005e-17,2.0362952896052965e-17,2.0349075346205263e-17,2.0166824434063832e-17
2.331877250595283e-07,1.8186578369829887e-17,3.1273466968972413e-17,7.676481092231528e-17,1.1502688638219076e-10,2.005669349244487e-17,2.79583211126283e-17,3.8870837583739756e-14,9.73776814926287e-07,2.6235939909218065e-17,2.867351872918943e-17,1.1502708632833851e-10,3.141406541294134e-17,2.4528861562209486e-17,3.232052358704945e-17,5.423612666460577e-17,4.787442017541884e-14,4.5811922573467415e-17,4.00499284514472e-17,1.1502699419646108e-10,2.0247375096743905e-17,2.29664058691146e-07,5.208617139907445e-17,1.912976665214827e-17,4.762089033478026e-17,1.88752467392534e-17,1.1502704566660625e-10,3.977803297940768e-17,2.432026985932966e-17,2.0802650606123773e-17,5.004696798334574e-14,1.1502721028959917e-10,2.425327197728099e-17,2.1820961175574507e-17,5.904502669219636e-14,1.135753713314376e-16,1.7145012971367135e-17,6.51159291476891e-17,1.9214460876168971e-13,6.790426503261055e-14,2.215652654576627e-17,6.422511316307356e-17,6.527239245658384e-17,1.6529031000654795e-17,2.0192475055947685e-17,1.1745632538971167e-16,3.7590733840888974e-17,6.768999224638278e-17,5.656948751201972e-14,1.943714804873457e-17,5.028464454217952e-14,2.0351561019440513e-17,1.9741035272979612e-17,2.5646877211729243e-17,3.7961120326308566e-17,1.1502666967553396e-10,5.445878529836843e-14,3.8377366831936835e-14,3.1415805864686565e-17,2.3068379049322147e-17,4.075248634398606e-17,3.0976446363480395e-17,2.339263307430178e-17,4.9852335938665307e-14,2.025391093353942e-17,3.7079515139209764e-14,2.5511175790388927e-17,1.1502682673705779e-10,2.01718797806706e-17,3.223944690712263e-17,2.7033307039090388e-17,3.423168103298177e-14,2.1568312670203304e-17,2.015935732692756e-17,1.1502675408539689e-10,2.3163331101066057e-17,4.511062096298528e-14,2.010835803551458e-17,2.347426424300741e-17,2.1070153462671818e-17,2.0903179677192653e-17,2.064992687523329e-17,2.548181545048262e-17,1.9700246585134663e-17,2.2521153349464404e-17,2.4323261487311444e-17,3.063850579518359e-17,4.313327254669325e-14,3.491459531707591e-14,2.4913999623198316e-17,4.88144767074813e-17,1.892775918203749e-17,2.0576606141683784e-17,3.010943007461574e-17,2.337839952734341e-17,2.0384688054095726e-17,2.4545048102926024e-17,2.4910323803217575e-17,3.4950605598168605e-17,2.2520369415702408e-17,2.0742196503148932e-17,3.8867820946144665e-14,1.9473876975422804e-17,2.0818284833034307e-17,2.0903179677192653e-17,2.0514480430580035e-17,2.2168138488108888e-17,2.0029130653156154e-17,1.788760113961785e-17,2.7586582180217348e-17,1.8456509512716017e-17,2.0494760116460926e-17,2.026567037040288e-17,2.455085058002296e-17,4.2877415713965114e-14,2.0438176951777944e-17,2.8052564313738777e-17,2.0830088784281757e-17,2.2991175311436085e-17,2.0012612635044792e-17,2.0202838506264168e-17,2.055863805320319e-17,2.7622480474364162e-17,1.9272301546349104e-17,1.903411101543994e-17,2.03801983769358e-17,1.993465528613192e-17,2.0578843467223707e-17,2.0818284833034307e-17,2.0849098611220263e-17,2.1003690794901174e-17,2.0676539664486303e-17,2.101122666544842e-17,2.079706515448802e-17,2.0446578521036698e-17,2.065725002309436e-17,2.1345649666164944e-17,2.092754442950253e-17,2.116383385412091e-17,2.0866615076557034e-17,2.0798691249966124e-17,2.103617040806947e-17,2.0818284833034307e-17,2.0903179677192653e-17
2.975235486015763e-07,2.411312448238873e-17,4.109560341513266e-17,1.0215331090848869e-16,1.472490477805314e-10,2.646471918916365e-17,3.713182003480011e-17,2.5747759833648644e-17,2.6235939909218065e-17,9.737768460583868e-07,7.537630677106303e-14,1.4724930532491167e-10,4.1458924359857614e-17,3.250481702367639e-17,4.3209319469662307e-17,7.187249346379888e-17,3.1589592345967536e-17,6.084826521655315e-17,5.247880863695602e-17,1.4724918662425324e-10,2.6820934339440947e-17,2.939992129933366e-07,6.889897711496425e-17,2.5147947526165474e-17,6.294023028261154e-17,2.4706096800895003e-17,2.9399946854607313e-07,5.268178394469465e-17,3.203399360149322e-17,2.7158955914842418e-17,3.33285772240325e-17,1.4724946554462427e-10,3.1861662544294445e-17,5.937265034129774e-14,3.934656698024617e-17,1.4880038781417507e-16,2.2710676863397996e-17,8.566798294535871e-17,1.2714944686739014e-16,4.464598995434503e-17,2.933778936266353e-17,8.459526994512675e-17,1.731598413115942e-13,2.1935850628618428e-17,2.6867969102800594e-17,1.5442411420475403e-16,9.864119813011633e-14,8.886588867350897e-17,3.752879658978568e-17,2.5654991196536123e-17,3.3305994520161086e-17,2.678239392255393e-17,2.6087570857393423e-17,3.391194853178375e-17,5.022548024003492e-17,1.4724876831781804e-10,3.6189796303834594e-17,2.544643885876911e-17,4.148546002917384e-17,3.01577489683617e-17,5.371046999159563e-17,4.088577227143378e-17,3.058748192192673e-17,3.2972842250337796e-17,2.706983686928145e-17,2.4600981074484803e-17,3.371406947024879e-17,1.4724897077504248e-10,2.6505183033505632e-17,4.230801538536574e-17,3.5043557860221696e-17,2.2610097846452675e-17,2.8662770547557556e-17,2.661791335553936e-17,1.4724887676276437e-10,3.0405213122631725e-17,2.997679609500725e-17,2.6148818517984705e-17,3.0465247310553166e-17,2.714986321768864e-17,2.7130216623066772e-17,2.7265857428040232e-17,3.346408439228208e-17,2.600275785224767e-17,2.9591276495133826e-17,3.214508532088875e-17,4.020984093160458e-17,2.8439910260767873e-17,2.312894951459536e-17,3.316385767013078e-17,6.42390496508231e-17,2.4877880093308924e-17,2.7597624835775858e-17,3.975168559594182e-17,3.081117481718273e-17,2.704258390439175e-17,3.1922341995401856e-17,3.2796547793448174e-17,4.628722838309571e-17,2.976821184794877e-17,2.7034834768413547e-17,2.58432735884344e-17,2.5835909428889093e-17,2.7130216623066772e-17,2.7306496588192367e-17,2.713632946995358e-17,2.9000915098400295e-17,2.6835750392470004e-17,2.39054224060507e-17,3.603307670197444e-17,2.4318881127020916e-17,2.7290283468716776e-17,2.6701582449589073e-17,3.2117426816273496e-17,2.839115815522992e-17,2.693093214603068e-17,3.700765347387473e-17,2.7296069893099878e-17,6.042702565495885e-14,2.5666620186782416e-17,2.670037026139649e-17,2.7042814702865405e-17,3.638989036356359e-17,2.560633393727002e-17,2.5484602081233654e-17,2.6941775351850395e-17,2.641388733810277e-17,2.7397944343226278e-17,2.7159873872084534e-17,2.7149728496876406e-17,2.7605876316308628e-17,2.7431521772584312e-17,2.7141929720213094e-17,2.7328134532337308e-17,2.6866023967796734e-17,2.742987837322061e-17,2.813640949872872e-17,2.722013549375766e-17,2.7745483462314813e-17,2.7250759726641248e-17,2.71998840628027e-17,2.7250759726641248e-17,2.7443205874980722e-17,2.7130216623066772e-17
3.2953567040145226e-07,2.620064895797282e-17,4.496341585508045e-17,2.2121207657353298e-13,3.260108471420765e-07,2.909894129279435e-17,4.031270348699258e-17,2.804625370547646e-17,2.867351872918943e-17,7.537630677106303e-14,9.737768576499332e-07,1.6328239551233752e-10,4.5175346909864035e-17,7.058848204475075e-14,4.696867189277759e-17,1.559195098917929e-13,3.46721870167907e-17,1.3208835397931327e-13,1.1421050847142286e-13,1.6328226452023066e-10,2.9082075679642446e-17,1.6328219628520092e-10,1.5000817356159157e-13,2.7498010779594746e-17,6.866430866254698e-17,2.721040442317272e-17,3.2601129979992436e-07,5.772234102360284e-17,3.5145076817465564e-17,2.989520457295394e-17,7.229138287459138e-14,3.260117682700464e-07,3.498759570165997e-17,3.260137032661912e-17,8.512551291750886e-14,3.246848043069419e-13,2.475599110194223e-17,9.349607818603103e-17,2.763279715584239e-13,4.908221325481863e-17,3.185048116352203e-17,9.224975840283176e-17,1.890445206053163e-13,2.4049077723819404e-17,2.8899938635869346e-17,1.6942567586883968e-16,1.0763421469985067e-13,9.692503354171676e-17,8.13673412966743e-14,2.796540099594925e-17,3.614214635065628e-17,2.913868115321083e-17,2.8363245382891157e-17,3.693337161332957e-17,1.0908415412122107e-13,1.6328180182183274e-10,3.917944931265212e-17,2.7530321712850148e-17,4.5178250925510185e-17,3.2911941194434835e-17,5.890540095359014e-17,4.435997609579591e-17,3.372633513240302e-17,3.5850300142794086e-17,2.948768759387403e-17,2.6582453500389268e-17,3.6813148190440043e-17,1.6328202550272217e-10,2.909985285976124e-17,4.602495520431219e-17,3.815998454959858e-17,2.4800833565457064e-17,3.120644626562073e-17,2.912941310406485e-17,1.632819218519208e-10,3.309789269482166e-17,6.508632500116276e-14,2.826679231700157e-17,3.35706314348687e-17,2.987955477235913e-17,2.987955477235913e-17,2.995572092302877e-17,3.6480050316705596e-17,2.8316172216988147e-17,3.221714553003384e-17,6.979878711512968e-14,4.378887928573565e-17,3.1000918741201125e-17,2.5205928563313805e-17,3.6010969116309555e-17,7.008817979168234e-17,2.7341923732394926e-17,2.989098825749675e-17,4.336212082711436e-17,3.3551305774063696e-17,2.945522168347708e-17,3.511359978623041e-17,3.5811843675079726e-17,5.078814522669289e-17,3.2434987878089223e-17,2.9904412375844896e-17,2.811266362198198e-17,2.804407991949062e-17,2.987955477235913e-17,2.987955477235913e-17,2.965148149630858e-17,3.1477252132684525e-17,5.814098644242794e-14,2.586834508942639e-17,3.971947297077662e-17,2.6572751640734837e-17,2.967987637063368e-17,2.9162955777159836e-17,3.5405611296511664e-17,3.078279087194902e-17,2.94422922283029e-17,4.016834700386765e-17,2.991626301876459e-17,3.287499344761768e-17,2.8520220936576764e-17,2.9205580381475377e-17,2.9555272915935147e-17,3.960662235319461e-17,2.786610529526956e-17,2.786766946417466e-17,2.9383807263082225e-17,2.8704215789986476e-17,2.9878148248046843e-17,2.987955477235913e-17,2.987667744509304e-17,3.009647098896545e-17,2.972354319503303e-17,3.014083717251073e-17,3.016393723503273e-17,2.9352558817371994e-17,2.974582630057239e-17,3.0570273981814545e-17,2.9888891242255635e-17,3.042926838644604e-17,2.9938695415752056e-17,2.974429610637676e-17,3.006972628346223e-17,2.9839513581064965e-17,2.987955477235913e-17
0.9999731599672921,1.0503221271922824e-10,3.4929939250607074e-07,9.240011381494772e-07,0.999961994830702,1.128968350767324e-10,3.235318221576069e-07,1.0996117716204032e-10,1.1502708632833851e-10,1.4724930532491167e-10,1.6328239551233752e-10,0.9999648356488862,3.5047197354137576e-07,1.442877394283346e-10,3.9970498879827053e-07,6.313473049998888e-07,1.3781863977286353e-10,2.781701504285484e-10,2.3351199220179957e-10,0.9999629968596438,1.1311953769149885e-10,0.9999625485461477,6.1137164021431e-07,1.1106814811937558e-10,5.372566705492565e-07,1.0742918925605198e-10,0.9999634850722959,4.6827229945615967e-07,1.3416713819086735e-10,1.1492808478665372e-10,1.5399463757893617e-10,0.9999650340881044,1.3413313587842116e-10,1.3123952471354348e-10,1.7582735956351295e-10,1.246357796598052e-06,1.0072476354272886e-10,3.6180597262755173e-10,1.0929495001357774e-06,3.894374563843936e-07,1.2484306351764363e-10,7.277621230188334e-07,7.354624966338226e-07,9.773285464164845e-11,1.1307467303077834e-10,1.2795663617350267e-06,4.2170791628796975e-07,7.47949845339026e-07,1.6165230588089952e-10,1.0992793134971691e-10,1.4154536066436606e-10,1.1363461711682075e-10,1.1152868308809845e-10,1.4501068360368245e-10,4.5081116091136597e-07,0.9999599810491246,1.5789893433320408e-10,1.125347638363841e-10,3.6610937602919315e-07,1.278495933212468e-10,4.75390806215586e-07,1.804078280767049e-10,1.3030307564025119e-10,1.419394940573222e-10,1.174789491090253e-10,1.0590279110246142e-10,2.89450611266148e-07,0.9999614266123015,1.1307939665314754e-10,3.57090977464054e-07,1.5523588102477123e-10,9.981561206594648e-11,1.2339238073837753e-10,1.1332579321560342e-10,0.9999607595724144,1.3366544282000193e-10,1.3612485215231598e-10,1.1847212586860216e-10,1.3013698284004723e-10,1.1599174383546803e-10,1.1599174369854508e-10,1.1587260886968371e-10,1.390161577462029e-10,1.1091676056453458e-10,1.262256476956993e-10,1.3839520945099759e-10,1.7763029103121323e-10,1.226669638504122e-10,1.0139288669604871e-10,1.4225903549504335e-10,5.466569608665367e-07,1.0791884415610773e-10,1.1565307872091538e-10,3.560374705192997e-07,1.344757966847245e-10,1.1440393763249423e-10,1.3495686982163596e-10,2.8301272574460393e-07,3.9811460821772103e-07,1.2634805892389337e-10,1.1581671455120821e-10,1.1319271236725257e-10,1.1069355177681456e-10,1.1599174286453127e-10,1.1599174316871969e-10,1.150214628566098e-10,1.2886594928867918e-10,1.1659533902887061e-10,1.036067095299252e-10,3.170498431179206e-07,1.0554518859576128e-10,2.37167650427164e-07,1.1380744947173816e-10,1.3548061209515612e-10,1.2223390584550346e-10,1.1418718557601529e-10,1.5518383095337793e-10,1.1588196642840073e-10,1.285234708193843e-10,1.1137821708958319e-10,1.1387691138481133e-10,1.1492090931129295e-10,1.5320476939445486e-10,1.0965597823313564e-10,1.0900190717430376e-10,1.1400032933445428e-10,1.1245515960116691e-10,1.1592008266102842e-10,1.1599174356145708e-10,1.1599174404140679e-10,1.1633383601179387e-10,1.1545101818843426e-10,1.1630181028418929e-10,1.164248795864064e-10,1.1419069926675815e-10,1.1553821365813421e-10,1.1836683682922696e-10,1.1564503262371067e-10,1.1706593876231694e-10,1.1587260874060022e-10,1.1533472688908822e-10,1.1587260879403385e-10,1.1599174241058688e-10,1.1599174334881145e-10
