0.9999999967557908,0.8908795007843531,3.948639959655043e-06,2.70503952488035e-05,9.354884324355962e-06,1.2852369371256417e-05,0.6272647161791002,8.962483437573535e-06,4.2651710794468025e-05,0.020347150337543713,-3.684058518674571e-07,0.9554134703675451,0.7624277150471362,0.002201668816746766,0.23470398278418778,1.304858783150216e-05,0.0870168806886176,6.387885101785583e-07,0.10326541811885556,0.911222749565219,0.9999821333455328,0.0004076476737700675,-5.7883678492779265e-08,3.2062733220117823e-06,6.591331399912673e-05,0.6146312612611806,2.7909755901814354e-05,6.957724328896036e-07,0.004031012388135881,1.0000088459215852,-7.854162652842598e-07,0.0037278979794272073,1.5819280320057913e-06,-7.276248931597177e-07,0.8865535724146377,1.5776680399704507e-05,-1.3119987488657462e-07,1.2333040933724076e-05,1.9393915198931547e-07,1.0682976412931312e-06,0.00583979564222432,0.10964135953738795,0.31173409100755667,0.0818366338499744,5.0530279360582575e-06,7.143831588042225e-06,9.343449957271504e-07,0.03802150138674712,4.985552517396308e-05,3.7431963317002306e-06,1.1095190084930103e-06,2.8485513942843665e-05,7.304562104488663e-06,0.27455943844382436,1.7838170253496046e-07,0.8908716213119947,6.453997507452992e-07,1.133622445292252e-06,-1.3062431764385444e-07,9.016293104129658e-06,0.5816119201121692,0.10154828076170978,2.572002173365935e-06,-4.293010100353015e-08,-9.414165785766644e-07,0.03837172636854443,7.069083785728983e-07,8.940767475886306e-07,0.03111012772790434,0.7217021962862732,4.1509496246951624e-06,9.495339927832699e-07,8.188229223708042e-06,1.983064346634294e-06,0.009903062934573168,3.845997444955335e-07,0.2526626316714177,2.8349401092112435e-06,2.7995697443830624e-06,3.8726058316599864e-07,6.499968042525467e-06,1.4888908828067049e-05,0.010233264368190553,-2.7078546544566386e-07,-2.948403369928491e-07,1.3981442821174302e-06,0.06947680439792689,8.773373836366604e-06,1.8320837755717209e-06,0.0008682555397817449,-3.9819733832835183e-07,-2.9346984859193386e-07,-2.847072049146692e-07,0.33986706915788106,7.68610242912959e-07,0.08158491583325739,-2.671463067445035e-07,-1.9788563747871683e-07,-3.1371422177484476e-07,1.3177581849582764e-06,-2.082062252843827e-07,-2.1575772876057985e-07,2.8579808177379757e-08,1.7619582695386123e-06,-2.805618514435763e-07,-4.82244347941657e-07,-8.152623433990534e-08,-3.77138787382851e-07,-1.1833077718316556e-07,1.1548668874647558e-07,-6.863672577080928e-07,-4.914826806087924e-07,-2.1016902824850039e-07,-1.1047447670780422e-07,-1.3639661932988e-07,-2.6089630378095727e-08
0.8908795007843531,0.8908927865655136,2.3325643043733167e-06,-1.5948706733597183e-09,1.3389886876814862e-05,5.309327361371359e-06,0.6050650740882497,1.348149196050232e-05,2.9586784919169647e-05,-7.583639249559424e-10,-2.0901188503406964e-10,0.8428341584429564,0.6847146093827975,-0.0014230015927878697,0.21779528139153898,1.301520577628024e-05,-2.038520359400007e-10,-1.2180745239754194e-10,-3.9429085170009754e-11,0.8531478558732432,0.8908917204856169,0.0004268054494530001,-2.422984859993835e-10,1.0498797362415967e-07,1.7022156489362488e-05,0.5757493765505559,-4.681416716511323e-10,1.1754538659184177e-10,0.0013771362717016954,0.89089279052985,4.616606516562353e-11,0.0035077363325481123,2.519600544713854e-10,-2.735214263081471e-10,0.7933869730434678,-7.286245674364989e-10,-4.657961705464187e-11,-6.839362442562264e-11,7.011944310778552e-11,1.9041721731729274e-06,0.005393741959247861,0.0976984335655715,0.29329028889472686,0.042758808380632556,1.6663560119527202e-06,5.594723636132242e-06,-5.785552318125033e-11,0.0484333273122663,1.1653929657270073e-09,3.518070038793423e-06,-1.3929578740820534e-10,2.3638653356759224e-10,1.288139233079468e-06,0.22720152781961858,-2.4338187791315375e-07,0.8908830274251563,5.919798986878769e-07,9.79667608452901e-06,6.425072901316785e-07,3.4476169580116875e-06,0.5083179316646174,0.09738336855897636,-1.4047980176006744e-10,1.3411324449915206e-10,5.491576109763375e-07,0.047544912545853295,1.6047913326103794e-10,6.514055877486677e-10,0.025538628661273956,0.6669335858022135,-2.0451390360159387e-10,-2.6707113899469587e-10,1.0597768187709237e-09,-1.0750614737664882e-10,7.693023729249092e-10,3.917682922237172e-10,0.19526296084284048,4.181959090596985e-06,4.72274037600636e-10,2.0507067297064392e-10,6.424950824224749e-10,1.801441626180734e-05,6.300640177354143e-11,1.3447127147693116e-10,-5.062364927871325e-10,-9.405887295857886e-11,1.8290002103811508e-10,-1.7906976434739427e-10,9.834461750159243e-11,0.0012777693351679691,-3.9963656488223655e-10,5.830859599716379e-11,5.835285400415863e-11,0.26321068289497707,-1.2081872088293387e-10,0.07994387583970351,4.495958641513685e-11,-3.7866724388409326e-10,1.3279066910419882e-11,1.1067179467399156e-09,1.2037575942662938e-10,5.3977574428364094e-11,2.831628388260851e-10,-3.914131970560477e-10,5.4217250879730954e-11,-9.915935757978526e-12,1.2703411093416395e-10,2.996244490401948e-11,-1.1635572488886406e-10,2.3067998463167796e-10,3.509655478980301e-10,6.000903919036588e-11,3.698536051496838e-11,4.1600190393852985e-11,7.462003434725558e-11,-2.434146079972311e-11
3.948639959655043e-06,2.3325643043733167e-06,2.6571947228771508e-06,-5.137025837068408e-10,-6.340155939321646e-10,-2.447335696558253e-11,5.184915103178011e-08,2.9123623836349857e-06,-1.4824056203982296e-06,-3.0046097698912436e-06,-9.049564511096612e-11,-1.294074503716288e-10,7.767289817434785e-06,1.69779028567018e-09,-6.471238824527098e-10,-4.4834285839942583e-10,4.770146314247113e-06,2.2719098561183658e-11,5.08420936134965e-10,-2.5700555001968705e-06,4.572341587129997e-06,2.0755756664777433e-09,-1.1371648813722016e-11,5.826599999405363e-07,1.1280131086058052e-09,4.609253029121195e-10,-3.1487223782999218e-06,-3.255785843392443e-11,4.320802292021569e-10,3.962352930575565e-06,-7.55508841899306e-11,-6.106843670057848e-10,7.836767547597906e-11,-8.577993925243888e-08,3.4480243254530284e-10,1.5698305983342262e-11,1.5049670398400644e-10,5.915114992431987e-07,2.000957332693093e-10,6.209483880986456e-11,7.207001986898122e-06,7.598607734970152e-11,1.1095644008839187e-10,7.890069932378787e-06,1.9850677183918517e-10,2.043322529065857e-10,-4.415059410607485e-10,-5.810003434636748e-10,3.9665255842539605e-06,-6.026980435797977e-10,4.217909758652105e-12,-1.0555546994287105e-10,1.4355573155063996e-10,-7.392633052745968e-10,1.0428170793770363e-11,1.331566691731198e-06,3.2025018595164917e-10,1.080082360918863e-10,-3.964123811946387e-11,-5.11188284602073e-08,-9.689740020861297e-10,-1.5742530582908544e-10,4.0921251012940516e-10,-4.199066011942854e-11,-7.023291876077779e-11,4.991705057319247e-10,8.860960909269956e-11,3.0075645653084006e-07,1.0456503297014912e-09,4.914735604524025e-10,-2.7321021566808303e-10,-1.1560006796064684e-10,4.285581696725787e-10,-8.941980202271657e-11,6.963626433096919e-10,4.5132607617048654e-11,-3.423033492468489e-10,1.386418296748024e-10,1.4786925472307055e-10,-2.7284376926557405e-10,1.002171792091538e-06,3.607498481673601e-10,-1.6042849785323283e-09,6.337772782196382e-11,-4.199669516563646e-11,-5.05960534560914e-07,-4.13294276931603e-11,2.9662456510541595e-06,1.1023713471667926e-10,4.756266758826307e-06,2.7881531371205216e-11,3.916339250037353e-11,3.2668179321389754e-11,-1.9021924598853869e-06,1.0779928718524137e-08,-1.0285712501268486e-09,5.231625890078745e-11,-5.070700454692695e-11,2.0513211259487215e-11,-3.46519396688968e-10,-2.0437465097818466e-11,5.051718236943376e-11,-3.705908600440421e-11,2.4479581373095283e-10,4.680587926012172e-11,-4.3970234882632833e-11,7.781707181423481e-11,1.522956547636716e-11,9.799639976322601e-11,3.6423587521900975e-12,3.611151988100532e-11,2.2557276370754843e-12,6.597366163975523e-11,1.7806504615240056e-11,8.365424944076062e-11,1.0353271602771902e-10
2.70503952488035e-05,-1.5948706733597183e-09,-5.137025837068408e-10,2.7245960793804723e-05,-3.02938352155568e-06,-1.6010408973109311e-09,1.2489500214628923e-09,1.0308536608254807e-10,-3.0986946613258016e-09,2.6498894780422678e-05,7.367544918457691e-11,6.707767929906608e-05,-8.769452228393964e-05,-4.935833223647562e-05,0.00011228838382002934,-5.302666027446764e-06,-9.025485522490314e-10,1.0333881911238739e-06,5.761728278401505e-10,-8.635272018732919e-10,2.0591692568091943e-09,-7.785461721960964e-05,2.8075405679614914e-10,8.068276200463314e-10,2.2305815847037655e-10,8.481152026314619e-10,-1.3885591132609805e-09,8.209656102176186e-12,-3.231533464834605e-09,2.817951296884127e-05,-1.192016057922172e-10,3.3388342716959693e-10,4.199478703950439e-07,-4.790531063656824e-10,3.893009749619911e-06,3.0240664618502136e-10,-3.432774014931706e-11,3.19063579869276e-10,2.9368855019404206e-11,-5.665851782193348e-10,-1.5391352807688855e-09,8.054790461940575e-06,1.2895553084617477e-05,5.515719585312144e-05,2.799767612200312e-09,-1.8466111368112657e-06,-7.100232828861182e-10,4.483840777692107e-05,-3.166688215683907e-09,2.8747950374841557e-06,-9.435307675192762e-12,1.418182964438371e-10,-1.3309418905687858e-10,-1.3109207603983955e-09,-5.0738261252051033e-11,5.374313261090289e-06,1.5478852868171637e-10,-1.5797247470857962e-06,-2.91977677836155e-10,4.1236728529095685e-10,-1.6636693343751814e-09,3.0799947617543585e-05,4.839074046142141e-10,-1.0004690512008559e-10,-2.9123894474314674e-10,2.8713880893490493e-09,-1.6830708623782394e-10,-1.1879805355465073e-10,-3.5175216214669013e-09,8.817397481405536e-05,2.4937717269178545e-06,8.085799852145393e-07,2.584358205572187e-10,1.5717025203871251e-06,9.720085411578678e-07,-4.4880369032227974e-10,1.9598635279452973e-10,-9.473739231899422e-11,1.1714267260476446e-06,6.037178308125554e-07,1.532169689867368e-09,-1.03722849198399e-09,-8.328827800444864e-10,-2.0300079034521447e-10,-5.024643798404145e-11,-5.2575521360884193e-11,5.674723143247075e-05,-1.4320598712042215e-10,-8.109452904504613e-10,-6.494783131204841e-05,3.581112616594952e-10,-6.21645159209406e-11,-7.802552869064775e-11,5.558302027694356e-05,4.47406330033376e-10,1.8761980399071038e-05,-5.223683680185368e-11,1.2314927786475356e-10,-6.944118787338115e-11,-1.6817187324959132e-10,-5.427325035024955e-11,-9.658320551592583e-11,-2.7440743719816086e-10,6.251679232935996e-10,-5.310601328616245e-11,-6.381677853487698e-11,-1.2341339691797696e-10,-1.0059034801199671e-10,8.778309879463834e-11,-2.522100414497359e-10,-6.46384504878748e-10,-1.0756804187030257e-10,-5.0118106444014826e-11,-2.506890945098279e-11,-4.774583103099297e-11,8.683009620798604e-11
9.354884324355962e-06,1.3389886876814862e-05,-6.340155939321646e-10,-3.02938352155568e-06,3.4728417921695163e-06,5.22471995365934e-10,-5.637495866590811e-06,-7.434030936046091e-10,1.5525693846147303e-09,8.677702933395588e-06,6.526348074527638e-08,-2.0092347681183693e-09,2.02481255774776e-09,3.4183512703581067e-09,1.1116004827060947e-09,3.987499700992566e-10,-1.1273267055976425e-05,9.765353007080453e-11,-1.7047245256091195e-10,4.252056815909867e-10,1.1633395705602568e-05,1.9159939438252078e-05,1.8162153008249554e-12,-4.5080635432140586e-10,4.892039039719376e-10,6.33044825287882e-10,9.864531516707491e-10,1.5193237581105387e-10,3.231330450475585e-09,9.83278654212735e-06,6.499279454761347e-11,-7.457813174784567e-10,9.334865848253027e-11,-2.922566700757347e-10,8.113328774682634e-06,2.98548889765974e-10,-1.9765388343503776e-10,-2.6780280318638203e-10,-1.1606401158416917e-10,4.195012097473162e-07,1.8583325579623818e-09,-2.3486228814233734e-10,-1.0379539650111836e-09,1.0585409747941125e-09,-1.0887080750148095e-06,-7.1879583815260534e-12,1.9990607117639447e-11,-1.87918974386746e-09,-7.810607582054022e-11,9.073543803445035e-10,5.7859240858707615e-11,-5.244915512737632e-10,-4.4974164375217176e-10,-3.227094317229511e-10,-5.91174870542485e-11,1.2039610916979835e-05,-1.4210331314425347e-10,1.6832724851100932e-10,1.3982872558462888e-10,-2.98865243679998e-07,5.665720792670519e-10,1.3154707676133752e-09,-3.863076685802333e-10,6.652211104189076e-11,8.016207469950131e-12,-8.090763590110897e-11,-3.7018902153543275e-12,1.823523747952412e-10,1.7818831185984962e-09,-1.22984983843576e-09,1.6295054903947507e-10,1.4852486466998154e-10,-2.2877967282329276e-10,1.9992909645432884e-10,-6.75166174348113e-10,8.08654342666897e-11,1.5406975751185936e-05,4.375315198962576e-10,-3.112945668736146e-11,3.5064539612298814e-10,-2.7515013714568463e-07,1.0043597337602897e-09,-1.370272374533505e-09,-8.134436278230494e-12,-1.0291216295937429e-07,1.6148533935476777e-10,-3.272176980763656e-10,-1.324917440902936e-09,-1.2964567359400743e-10,1.3304235448482896e-05,-1.2426135209396322e-10,-1.2787380121050866e-11,-7.380826633744374e-12,-3.428637008017857e-06,-1.1031924180311446e-10,6.636240027435782e-06,-2.1676388560423216e-11,5.9801349961681605e-12,-1.5045176346952584e-11,6.253438201637966e-10,6.198937177783437e-11,-2.7967080046933478e-11,1.3110977107697417e-10,-3.86872552376957e-10,-2.1869318468364056e-11,4.8213102209140535e-11,8.959249163353487e-12,-6.857369298274832e-12,-9.291976787192244e-11,7.55330758339321e-11,1.4644298401848354e-10,1.546312434550151e-11,-4.5883942491606927e-11,8.620226627134789e-12,-4.236548641772254e-11,-7.167243224899043e-11
1.2852369371256417e-05,5.309327361371359e-06,-2.447335696558253e-11,-1.6010408973109311e-09,5.22471995365934e-10,9.166636665196673e-06,8.264395106004052e-07,-7.425381147717399e-10,-5.538555730406006e-11,-1.3732298653965618e-10,1.268625807492461e-10,-8.856506856956545e-10,1.6072638912136157e-05,5.432644623820992e-10,-1.4059142374544034e-09,1.3513634991505452e-06,9.889125972025007e-06,-2.5655715953465187e-10,-6.389978168711636e-10,-1.26165746785786e-09,1.587379186464658e-05,1.436041912592602e-05,1.5466580847491163e-11,-5.260881188527094e-10,1.1450184660360644e-05,3.119403890939089e-10,-1.1472370436364323e-09,-2.114287505024878e-10,2.6853712794829494e-09,1.3015854899850135e-05,-3.5874942622793235e-10,5.978429781272594e-07,4.0544932803676366e-11,-2.8369255392048457e-10,8.109391022942066e-10,7.4155145488386205e-06,-1.6449887733982484e-10,4.705595197328351e-06,-7.367307973853412e-11,7.932357271574708e-07,1.00517339890749e-09,1.5823129062026543e-09,-4.996041183634702e-10,1.2843919253927567e-05,-4.913363684841507e-10,1.0284961997465288e-09,1.8562154167245855e-10,-4.058721581240095e-06,2.0102559938621656e-09,1.3644072946427675e-10,-3.8671727589783036e-11,5.9460979400568785e-06,-6.673544710690745e-10,-4.488387057826539e-10,-1.3228664601983272e-10,4.896166076336225e-10,-2.414511818468487e-10,-1.8051825261163838e-06,3.9838193237730576e-11,-1.0774500386840806e-09,1.0100691908378456e-09,3.436197961019209e-10,2.0065950679578802e-10,1.923621300116201e-10,-2.233409353113221e-10,-8.227857770871012e-10,-1.406830120937943e-10,5.700780429089191e-10,1.3987081299945234e-09,1.1024581205800598e-05,-2.69536597254303e-06,-8.535932838754415e-12,6.378699911659036e-10,-2.344519867499874e-10,1.423813263661536e-09,1.5638457947108116e-10,1.5818377587457044e-09,4.2163585910633315e-11,6.463216626352552e-11,-2.1092904873029598e-10,-2.0765718977536998e-10,7.660817881589099e-10,-1.355900310578766e-09,7.431099666578298e-12,7.151080441045067e-07,-4.157754182310467e-11,-1.446351594971159e-10,-1.2355806558086372e-09,1.0945836278661093e-10,1.2772968442618298e-05,-2.0911500695424553e-10,-3.542752503147931e-11,-1.656891771846429e-11,-1.5570187068555635e-10,5.390845026909531e-10,6.2014106436579974e-06,-5.318720089030702e-11,3.421707181969925e-10,1.4373656254883637e-11,9.15340899102994e-10,6.426837808419046e-11,-4.682513045923233e-11,1.0020096680581721e-10,2.8308111348123147e-11,-5.949581237826795e-11,4.1467446168379023e-11,-1.1240366107883067e-10,5.966383258017312e-12,1.2019415916225223e-11,2.57954556282954e-10,2.6974631308831834e-10,4.564846922354843e-11,-9.553943960957284e-11,1.0855555822249334e-10,-1.2432791154157067e-10,-2.694090438564631e-11
0.6272647161791002,0.6050650740882497,5.184915103178011e-08,1.2489500214628923e-09,-5.637495866590811e-06,8.264395106004052e-07,0.6272737398908731,5.586749110416257e-10,1.1678841742871992e-05,-0.0009720362950513686,1.0961372817789137e-06,0.6021412055549707,0.4765025190455876,-4.009866079789657e-09,0.155916500722948,7.34579608933643e-10,0.041143556803661836,-9.841144850392057e-11,-3.4908502501226307e-12,0.614943279420746,0.627274677000456,0.00027791653058608073,3.718400029008992e-11,-3.6713173739696167e-11,5.977105189426253e-10,0.321792414619089,3.248082013240094e-10,-5.608725336924283e-10,-1.2712190704101243e-09,0.6272761408605071,-1.0733105614642963e-10,0.0035989570530462886,-4.899094812987247e-10,3.1060509840863734e-11,0.6275013476687247,5.031120129101681e-10,-7.830664954745116e-11,5.2913894585828395e-06,-8.547731304681673e-11,-2.341687331114334e-06,-7.188161379841537e-10,-2.174863011972769e-10,-1.183344235232446e-10,-3.064162385639906e-11,7.93369697492523e-10,-5.801564687232539e-10,-3.356685649573576e-10,0.031221575679125816,-4.955723084725357e-09,-6.061161594009734e-10,7.363945066863697e-11,8.48603215205683e-06,2.4971374162461774e-06,-2.992798314904541e-10,-1.5529239363154159e-10,0.6051677057678466,-6.499673524511476e-11,-7.869714573397793e-10,-4.3135389934510644e-10,4.295082410606511e-06,0.5477752534288004,1.0379703939632743e-10,1.9841482343106986e-10,-2.2024565323159553e-10,-2.1435603481164773e-10,0.019553427388313897,-4.859998588952405e-10,-1.8036417607732228e-09,0.01893902728891732,0.6272454057600365,1.3952210513618764e-06,-2.0053085602339764e-10,1.933811062194114e-10,-3.7484080696086187e-10,-0.00028224963112703934,-4.503931068120595e-10,2.371928498441628e-10,6.097516265523715e-10,-4.687222448311128e-10,-4.821024585169489e-10,-4.488830734562433e-11,3.9093742713114084e-10,1.722857599507303e-09,-1.8476706863853857e-10,4.521978918931351e-07,-9.094693588918175e-10,0.015370340739539008,7.669857990167676e-06,-1.345675991601469e-09,0.0023444331763184667,2.0895541762322326e-10,-1.0052713448263865e-10,-1.116569026311325e-10,0.289120381089055,5.165563798866855e-10,0.07613925467745082,-9.821161144870519e-11,2.331963526178777e-10,-9.639217556464306e-11,-9.142912311220529e-10,-1.9013028489073228e-10,-1.8117269190504236e-10,-3.7059366579124173e-10,2.0483910128803076e-10,-1.0126185340353316e-10,-3.375796002384275e-11,-3.100305311451549e-10,-1.0098855414276607e-10,8.303264733003854e-11,-3.6729759788351657e-10,-2.848040585913653e-10,-3.75704719427278e-11,-1.194087224194443e-10,-1.183357085098125e-10,-1.410467873356715e-10,-4.6886686643431685e-08
8.962483437573535e-06,1.348149196050232e-05,2.9123623836349857e-06,1.0308536608254807e-10,-7.434030936046091e-10,-7.425381147717399e-10,5.586749110416257e-10,8.732777188025281e-06,-5.901599139804058e-06,3.0391232584434947e-06,-1.6659121623975253e-10,1.0699041530656527e-05,3.3393782221639803e-10,1.2252779597361159e-09,1.4160783354584595e-05,-8.029454783493111e-10,-7.927560319377702e-06,2.5426505673280197e-10,-5.0384133508708865e-06,5.632293119718159e-10,9.475293969761697e-06,9.210113837477054e-10,1.2618740991966646e-10,1.307683318157963e-10,-8.457923739664536e-10,-1.143921457782832e-09,-2.6930656264619627e-09,-2.805298994345387e-10,-8.126212721483328e-10,9.236137478013261e-06,-1.9544792683276572e-10,9.846033034709219e-12,-5.393205891733261e-10,5.893339676779934e-10,-6.084207815568708e-11,5.878303806530935e-10,1.4905986674174026e-10,-3.6400365038941343e-10,8.370694808733944e-11,-2.3001243472209916e-11,1.6529656146854322e-05,-1.787379079790635e-10,5.975367697497309e-10,7.113439458958096e-06,2.332296683701236e-10,1.628771213089634e-10,-3.6487521697703277e-10,1.6095522570104556e-09,3.451051171549054e-06,-3.124773798561618e-06,1.28560375748687e-10,-1.493643159429508e-06,3.9804520728919585e-10,-9.271450564033672e-10,3.238827060123722e-10,1.4542688905476168e-05,6.516915196365855e-10,1.8754178438195815e-10,-1.2073758943741454e-10,1.432619698087946e-09,-4.5068745764603876e-10,1.1152057455037892e-05,5.288810328932043e-10,-1.8018611084363615e-10,8.186574884408216e-11,-8.008839644432277e-10,1.6685493364848858e-10,2.774396612808981e-10,-1.3900307889065576e-09,1.0679651078151213e-05,-4.334932931488678e-10,5.565429577774335e-10,-1.0126846861798573e-09,-1.5474982467374252e-10,-5.875715586103736e-10,-5.925011003392547e-10,5.955442295537038e-10,2.939796116272394e-10,-3.406480581789828e-11,9.122917072089252e-11,1.5410366900949704e-06,9.449774641809104e-10,-4.873462892562223e-10,-4.428861850284679e-11,-1.9578768907238075e-12,-1.1575495547758225e-09,1.407654018217896e-09,3.254777380020112e-06,-7.376196824973975e-10,2.65099266546801e-09,2.621194233480211e-10,-3.734730386982857e-12,-3.740330016077825e-12,-9.954661673104907e-10,2.3470349284628807e-10,-7.817196418315826e-10,-2.58281750896625e-11,-4.337148536226609e-11,3.737501838466573e-12,-1.1714313457993146e-09,-1.4085497595688728e-10,4.38895968723582e-08,-1.0365193627900699e-10,5.97812935925217e-10,3.028576440441809e-12,-5.912589483195359e-11,-9.722816574076945e-12,4.2472865516342374e-11,2.2881718082367457e-10,-1.6513739052956795e-10,3.872372749932843e-11,-4.451151959840033e-11,3.4939444465590595e-11,-5.218953017825689e-12,9.998314245778147e-11,1.1742089451433073e-10
4.2651710794468025e-05,2.9586784919169647e-05,-1.4824056203982296e-06,-3.0986946613258016e-09,1.5525693846147303e-09,-5.538555730406006e-11,1.1678841742871992e-05,-5.901599139804058e-06,2.8568198443493813e-05,8.636303302427829e-05,9.323149654397886e-11,7.839184518264202e-06,2.4235217892077473e-09,7.45435592572661e-09,2.4934323063623805e-09,9.838422933844994e-11,-6.49310170620121e-05,4.2958168060144847e-10,-2.473410493863649e-09,-1.1310657265455603e-09,4.580874413592035e-05,3.1786037008191e-05,1.2203430350289663e-10,3.234026091412387e-10,7.834642187782708e-06,-2.4502224334853186e-09,1.9356913139978578e-05,3.7642150526253825e-10,3.3866638397467786e-09,4.275146686507093e-05,-8.790405499315587e-11,6.065051896507842e-05,1.545652331590736e-09,-1.3558856526828648e-09,-1.0380163059738969e-05,-6.782113605093515e-10,-2.291361191001967e-10,4.40513321417435e-06,-1.250932499868848e-10,-8.620192251121271e-11,-4.406118867246349e-05,3.9514200044759974e-05,-2.2960981028589337e-09,2.2416107790666723e-05,-4.835642111269077e-10,1.011918691268061e-09,2.7247161477985583e-06,-2.6328867309161128e-05,-1.874201361489649e-09,4.576835066018873e-06,4.795719698763628e-10,1.5069137133258929e-05,1.7996808174592356e-09,2.823584336235264e-09,9.961056362048325e-11,2.9122798836761158e-05,-5.475656963442277e-10,4.515069809890165e-10,2.358197872628893e-10,9.81189870835047e-10,5.998211656489938e-05,4.807070227512531e-05,7.769129991573182e-07,1.551355009709258e-10,1.3621636288749216e-10,-3.8350730716798226e-09,-3.1180789565457687e-11,-6.985316581025821e-10,3.5598619308908423e-05,5.546374379568696e-10,4.55887900776163e-06,1.3177919583854984e-06,5.562096399699598e-10,4.865728578264414e-10,-3.604418765215851e-09,8.78566750927722e-10,1.555659525625075e-09,-1.044314178172369e-09,5.111901776990185e-10,7.770564639058536e-10,-2.186816198265016e-06,-2.831264842155223e-09,4.697220761090322e-10,3.34598952341563e-11,5.949462337449538e-11,2.5850967590037628e-06,2.2511708071168123e-05,5.73355297895375e-10,1.973575310829226e-06,1.0183485997302248e-09,-9.424521941068132e-11,-1.5961786491633492e-12,1.3193793904796662e-11,-1.1487468297563696e-09,-4.355460309061478e-10,-1.497278947295148e-09,5.2714441760300866e-11,-2.274547355785933e-10,1.0477057324043553e-10,3.3476092378155327e-13,1.074577171667624e-10,4.353884609798383e-11,1.9260869704209572e-10,-1.4288151756817976e-10,1.328854257023299e-12,9.519665777616865e-12,1.3733297099675825e-10,-7.044844292372336e-11,-1.0444088640064702e-10,-1.9347991926451996e-11,-4.099163445158977e-10,-7.586340766532933e-11,4.632737133283506e-11,-2.8500456636696408e-11,1.6644722883733906e-12,-9.56686164074682e-11
0.020347150337543713,-7.583639249559424e-10,-3.0046097698912436e-06,2.6498894780422678e-05,8.677702933395588e-06,-1.3732298653965618e-10,-0.0009720362950513686,3.0391232584434947e-06,8.636303302427829e-05,0.0203482252639356,-5.5731581278182394e-06,0.022602861545142145,0.0035223486481357346,0.004279038059466908,0.015378408006833358,5.193611980382054e-10,-4.2920139452251174e-10,7.322530335856293e-07,0.017744000080157515,0.00705008815829266,0.020328075512806812,3.6031611415013457e-06,-2.3152184273101834e-10,2.336735689387299e-10,0.00023913701663310564,0.011414902402929531,-3.0261721255720608e-05,2.303219047412739e-10,0.0017205506032703813,0.020348488322250186,8.661999833873998e-11,-0.0009001680503463439,8.365892926771852e-11,-1.2654818448596304e-06,5.055950017194923e-10,-4.2871564480606314e-10,1.7776730360784012e-11,-1.3947393854857638e-05,2.3423474687389586e-10,1.392357302139752e-10,1.0805119736990842e-09,0.016578578309897913,7.550868696968158e-10,0.013760066074587072,3.596431132631933e-10,2.9711913835084605e-06,-3.5330478586283414e-06,0.0013743618176361766,2.8816070488010702e-05,-4.929803079760039e-10,-5.436058489126325e-10,-8.88515987366517e-06,-6.153441592850275e-06,-3.9427481024378103e-10,6.811652952776749e-12,5.87665641500657e-11,1.5940567646970997e-10,1.8441503432963166e-05,9.994544600413069e-12,-1.9136355169026896e-06,0.018827834478719194,0.00833562199296281,-7.350568906139587e-10,-6.8184353022717e-11,-4.527773536020892e-11,-0.004756138048119957,2.557667028273597e-10,2.1301711255840382e-05,2.644506757043049e-10,0.016045297654878356,-3.632008647937847e-10,5.445793389751983e-07,1.1412547363406125e-05,3.2134319110943047e-06,0.009735575759012693,9.216760087144666e-07,-3.771237955361014e-10,-3.511219840192649e-10,4.71546372193313e-10,-2.831022990822845e-07,7.399813448600903e-10,4.3509665231661003e-10,0.010525515643491959,6.49949899086147e-11,-3.4155182674314933e-10,1.3358283521461116e-11,0.01288513280899275,-3.81354881784279e-10,3.096244098131327e-11,-0.0006223086991866404,-8.597671807698622e-07,5.704373410417728e-12,2.515141237564281e-12,0.007262927370822101,3.302488319406388e-10,-0.007889926222040697,5.5421847956091135e-11,-2.7281039878990206e-10,-2.1539577362668456e-11,5.488654086705833e-11,-2.074561216716936e-11,7.529972222756437e-11,4.9241269261771003e-11,1.3344817041392338e-06,1.2957742074218864e-11,-4.1931268458890335e-11,4.381325274944498e-11,-2.4895597561272184e-12,2.44565358684496e-11,2.7273978964292593e-07,-1.4591076424578345e-10,-9.213457318378367e-11,4.8529985734774906e-11,-7.357007352989778e-11,3.8881217747367865e-11,5.293267253660795e-11
-3.684058518674571e-07,-2.0901188503406964e-10,-9.049564511096612e-11,7.367544918457691e-11,6.526348074527638e-08,1.268625807492461e-10,1.0961372817789137e-06,-1.6659121623975253e-10,9.323149654397886e-11,-5.5731581278182394e-06,4.3834432560985505e-07,-3.2538896145766855e-10,3.4196721600065e-07,-3.917848099748727e-10,-3.1838757271987734e-10,1.387413306021232e-10,5.461891170557268e-06,2.630040377343827e-11,9.319274482523993e-11,-5.093215191945194e-07,-1.3260312178293164e-07,-4.379071565040469e-10,-1.6039914858026723e-11,-8.461790806798454e-11,-8.638479059966647e-11,4.4210340450031474e-10,2.2630932275483328e-10,-3.5857015324831405e-11,-3.600981789236627e-10,-1.1054594608103524e-11,-8.4372010810884e-12,-2.2909813079370664e-10,-1.3074234276945001e-11,-2.1616048740904434e-12,2.124296334537893e-06,1.2590533605781763e-10,-6.43609964812577e-12,-8.644006499089054e-08,-1.2533177617892993e-11,4.8489265578235904e-11,5.90678516086919e-11,1.5133142092388966e-10,6.038832294417759e-10,3.617666212870131e-10,-2.231557575956604e-08,-1.6138443878388797e-11,4.8467017224901463e-11,9.635542801133898e-11,-5.9430393957191094e-12,6.258097665021214e-11,3.906962571771267e-11,6.037978587718765e-11,-5.5022648577511284e-11,9.075228841371123e-11,-2.034900058227017e-11,-1.2324126107739909e-10,-1.1967930979504331e-07,-1.3741764334616233e-12,7.853918214414015e-12,-1.0610484089515926e-10,-1.8200497290421384e-10,-8.150739097688785e-10,-1.824592428683345e-11,4.022267581803967e-12,1.775553281352405e-11,1.4058435418585986e-06,-1.3149104205630684e-11,-5.0313180490423674e-11,2.511887362665265e-10,4.0301850290792145e-10,5.2738943067467424e-11,8.599741421798443e-11,6.783203554907567e-11,2.713888457477401e-11,2.933428635391821e-11,5.596718605040853e-11,-7.039374357534204e-10,-1.481078861836233e-10,-4.9732903470308324e-11,5.371045580154465e-11,4.553825815609303e-12,-2.3105657401401415e-10,-3.048208607715647e-10,2.056667331252485e-12,2.5571414921395713e-11,3.9891025479162995e-11,-1.269082942444631e-10,-5.1451676057897524e-11,9.1152197810522e-12,-3.5742397939242663e-10,-3.067961366342787e-11,-7.816732953908851e-12,-4.4775078065453165e-12,1.8342430833058633e-10,-1.8146283173274156e-11,-6.068428823682689e-07,-7.244704115023741e-12,5.185173014883828e-12,8.080709673966875e-12,8.647943234716458e-11,3.987340802023377e-12,1.023752988463559e-12,6.197171854386654e-12,-3.841655870153345e-11,-1.0035091171507455e-11,6.3655084999614666e-12,-3.2703967092340183e-12,1.892884861822121e-12,-3.66685777565163e-12,7.293879303538338e-12,1.7748664964118732e-11,2.2093424679221073e-12,-9.294147819585476e-12,-2.9809934163130402e-12,-1.4684814156561565e-11,-1.1433591397777022e-11
0.9554134703675451,0.8428341584429564,-1.294074503716288e-10,6.707767929906608e-05,-2.0092347681183693e-09,-8.856506856956545e-10,0.6021412055549707,1.0699041530656527e-05,7.839184518264202e-06,0.022602861545142145,-3.2538896145766855e-10,0.9554270313413922,0.7751750562081196,0.0015724095067112997,0.17871998816100793,-6.768406808041207e-07,0.08943990388128796,-6.960599741856766e-11,0.11026424196124895,0.8894706045209785,0.9553840069606894,4.5701002078389394e-09,1.7793012957062296e-10,2.272659756510457e-10,-4.5389872008754716e-05,0.61464036702844,1.89566839868571e-05,-9.318718789568081e-10,2.211265928090484e-10,0.9554301389425378,5.947075078228927e-07,0.0030883917441566966,-3.061083012517748e-06,1.5332843375722784e-06,0.8442989049920345,5.095257663862788e-06,-1.2173166837206052e-10,3.755563930232789e-06,-2.8267670022016367e-10,-1.0491948973760616e-09,0.00345057909420245,0.10211590906553174,0.29976609015885014,0.06846301161980446,4.049626111047157e-10,-2.9171294814131563e-10,1.5976354781967534e-06,1.7567936813110957e-11,2.289651174509098e-05,7.272772960588351e-07,2.4469187397284434e-06,4.5072597119974503e-10,5.514282944221988e-06,0.2602344054448117,5.254013652030759e-07,0.8430389565422379,-2.5739121254783353e-10,6.936535513433164e-07,-7.657155173422826e-10,1.3345280646404951e-05,0.5816216776694998,0.10209745358975615,3.4425442997272194e-07,-6.300395813162526e-10,5.055901016405569e-12,1.4170076210164504e-11,-9.482648820486822e-10,-2.0609241424946966e-06,-2.8012565407812285e-10,0.6916816385504233,8.901112966468845e-06,4.689033193978605e-10,7.694202880005038e-06,-1.9441604840855774e-10,0.009420704635585996,-6.59555412771007e-10,0.24161964776001427,2.452623601576537e-06,-8.003902552773524e-10,-1.795178945804576e-10,3.976738118665768e-06,1.3199299565115462e-05,0.008757624677208477,-3.813716407597528e-10,1.2378803276715904e-10,2.189903784267721e-06,0.06083041441822283,1.0138964790950114e-05,-1.5950713622319096e-06,-5.5578540980128575e-05,1.3891604257088299e-06,-1.602312951943141e-10,-1.9518734216146512e-10,0.3365849719003043,-1.0448473754194586e-10,0.06824723265898197,-1.9527241745341156e-10,3.650376590691771e-08,-2.2713566363687392e-10,-3.9354541135215505e-10,-3.602453947789948e-10,-2.0625335646453076e-10,-6.904990853256423e-10,3.079779957259019e-10,-1.4636846813328023e-10,-9.751840225886311e-11,-5.146670158836974e-10,-1.5377966598767052e-10,4.722743372840699e-11,-6.188792868870902e-10,-8.364854556848641e-10,-1.2671403501533087e-10,-1.717898916730107e-10,-3.209387677153218e-10,-2.5887053326094986e-10,-1.3164910537726498e-10
0.7624277150471362,0.6847146093827975,7.767289817434785e-06,-8.769452228393964e-05,2.02481255774776e-09,1.6072638912136157e-05,0.4765025190455876,3.3393782221639803e-10,2.4235217892077473e-09,0.0035223486481357346,3.4196721600065e-07,0.7751750562081196,0.7624332481035135,0.001801129233401674,-1.386030162469518e-10,7.037107479692647e-10,0.07419119049551931,6.914032211922235e-12,0.09043040175396908,0.7704808904703133,0.7624986713421635,0.00041376316288471455,-2.2569527410380125e-10,1.8118976173196606e-06,3.925410186627636e-05,0.4461676409233595,-1.2623303736803295e-10,5.808255012845848e-10,0.0005310652003662847,0.7624370738832027,6.743113270581868e-12,0.003601713555886766,1.858232979978074e-10,-4.735314839521534e-06,0.6645180077098106,1.241991654568549e-05,-1.617838856920024e-06,7.743499163036746e-10,2.2962362429812607e-06,3.8393405277656805e-06,5.125146896169519e-10,0.09221039404661326,0.2751691866405962,-1.3507586886467392e-10,-1.03443726277703e-05,7.264190805563353e-06,-3.7343408900013433e-06,-0.01167778552576888,8.372827436963512e-05,-1.111045519500466e-10,-3.5019164254316764e-10,-1.450889116660023e-10,-7.888611981171577e-10,0.2726540353233963,-2.6755597599445216e-10,0.6847313474028404,2.782616598340282e-06,6.131932275282448e-10,3.712148481847338e-10,-6.030650646408079e-10,0.39329199086762323,0.0868081321717139,1.8449659282104587e-06,2.9308422218947787e-10,-1.3007070650088866e-06,-5.351704870658684e-12,5.547485264726363e-10,9.0246209107248e-10,-0.02415440912377743,0.49446645308849085,-7.544183378613199e-10,-1.9350422339105734e-06,1.149790600067998e-05,4.415547461755371e-10,0.01394623053398294,3.1991063546542342e-06,0.21316360310036483,9.114874052259013e-10,6.270129785701087e-10,-2.0222903388992153e-06,1.119684643869604e-05,1.934601093584215e-05,0.01023629846076956,3.940827890036025e-10,-6.309038275703883e-07,2.876822713159111e-10,3.2106694905429324e-11,9.796124404311053e-06,3.6683756600576598e-06,0.0009160269088041704,-9.844132110541868e-07,1.6371210762545163e-10,1.7532535834684014e-10,0.32514868826760945,-6.153285361733831e-06,0.08538661423386765,2.0663730116497219e-10,-3.857403654241153e-11,1.20957564695405e-10,4.858907498194586e-10,2.2308820325543514e-10,3.019526856746756e-10,3.4008356769747686e-10,-7.486438510166906e-11,1.6702407683847133e-10,-1.0810513259471067e-12,4.3766177469164864e-10,1.5952047342886328e-10,3.415537828406052e-11,4.572266543180172e-10,5.31752416363871e-10,9.502531984799114e-11,2.0772530935357842e-10,2.4882031116956857e-10,2.8758611444818275e-10,2.7630667101724185e-10
0.002201668816746766,-0.0014230015927878697,1.69779028567018e-09,-4.935833223647562e-05,3.4183512703581067e-09,5.432644623820992e-10,-4.009866079789657e-09,1.2252779597361159e-09,7.45435592572661e-09,0.004279038059466908,-3.917848099748727e-10,0.0015724095067112997,0.001801129233401674,0.002187359543878696,0.000346647053027445,2.1976763346297282e-05,-0.0006257007429359621,3.9127045136206886e-11,0.003589808444110085,0.0019375735962999974,0.0022296823677781254,0.0002916355076583484,-1.7469575415767222e-10,7.814450741494932e-06,-2.947159317861529e-05,-1.5753657874806806e-09,-3.190484219675522e-09,5.790654336742445e-10,-5.855499631028439e-09,0.0022005699165273565,-1.1585631034863423e-10,-1.1372143232881092e-09,1.0211193118021022e-09,7.982870905597517e-10,-0.0006380495603374316,-1.9255494053923255e-09,6.805455828790629e-10,-3.602150555799326e-06,2.2518707498780263e-10,7.135371166946745e-10,0.0013981377028397493,0.0016058982335948957,-0.002547315700953792,-5.921532608548695e-09,2.2232601205478114e-10,-5.530641003328792e-07,-1.651301200598933e-09,0.002241393176817888,-3.37836441423753e-09,-4.286459059737467e-10,5.43998201288844e-10,2.826644936948806e-06,2.827908489330628e-09,1.6974873517019238e-09,8.671986564234662e-11,-0.001430755841949991,4.488644940422596e-10,2.1549760449663253e-06,2.4286458510947165e-10,1.9952195519435955e-10,8.893707473902162e-05,-0.0012854088997049191,7.642651830262387e-10,3.7254877678786827e-10,2.4029099186233554e-10,-0.0002939377926577204,-3.413350815283579e-10,-8.439302945102634e-12,0.000772697217198929,5.35569501299353e-09,-2.193892088024607e-09,-1.577580493516728e-06,9.611007767725092e-06,1.9109627285440547e-06,0.0041913171661187125,4.042539829647557e-11,-4.3049626109447555e-10,-2.0153246379919876e-09,5.8245993373637224e-06,1.2752951993709713e-10,-5.363016988847114e-11,-3.042674382871462e-09,0.0034297460187752253,8.141329855758276e-11,-2.798616640579136e-10,-1.0175147567921801e-10,2.243964234326005e-09,2.483888761235957e-09,2.921763183342406e-11,2.55873229037374e-09,-3.890136560441394e-10,1.2925975098787203e-10,1.2717123642439052e-10,-1.6608133343228071e-09,1.0390463489686573e-09,0.0006493296942210714,3.3004743460571535e-11,-3.4948575200348644e-10,2.965787474877354e-11,6.055838744880936e-10,1.5852999978417903e-10,1.2570928514678076e-10,5.132382721924649e-10,3.7377954781323137e-06,1.3612694480798952e-10,-2.6107884860004726e-10,2.8750804175976604e-10,6.883785945572854e-11,2.806807497495242e-10,4.0304136861795386e-10,7.502585917484709e-10,5.835740110194351e-11,1.754696459661256e-10,2.310270199704919e-10,2.5389075656032593e-10,2.625204942878751e-10
0.23470398278418778,0.21779528139153898,-6.471238824527098e-10,0.00011228838382002934,1.1116004827060947e-09,-1.4059142374544034e-09,0.155916500722948,1.4160783354584595e-05,2.4934323063623805e-09,0.015378408006833358,-3.1838757271987734e-10,0.17871998816100793,-1.386030162469518e-10,0.000346647053027445,0.23470677465883194,1.31884024577077e-05,1.3836301565224708e-10,-3.1404409648715874e-10,-1.4680758197893413e-10,0.14814246797483502,0.23462453781473136,-2.9024472268494262e-05,-7.466164368085368e-11,2.2885147555464155e-10,2.1280725593980986e-09,0.18072688557460015,-1.9646047614091375e-09,-5.547334206826602e-10,0.003406110014823464,0.23470844850320746,-2.418311465532592e-10,-2.1354734181800864e-10,-6.22361594427804e-10,7.455142196148014e-06,0.22326244364869097,-4.38677044085039e-10,2.5503156253457176e-06,3.107977048475049e-10,-4.974222453912606e-10,-3.717965952482435e-10,0.0056663056967787935,0.013397775374310871,0.038449023199831484,0.0734601789286042,1.5536554608783298e-05,-7.926784875186424e-10,1.910109323892482e-11,0.05052210648987583,-3.390593585854659e-05,-8.98090265924023e-11,2.6929542591908444e-10,3.9256084264965845e-10,6.154231979741375e-10,5.853828740869448e-12,-1.9569610995371733e-10,0.21778444568011135,-7.493765305247158e-10,5.55464487995278e-10,-2.834864488981849e-10,9.158220880496239e-10,0.18706836242508115,0.011156039768906122,-1.9908334219703776e-10,-2.131556897104434e-10,3.862235559247481e-10,0.0376964503675895,-3.015736800319314e-10,5.682511954889906e-10,0.0532306895081152,0.22638354566528368,-4.3031462028350265e-10,3.41541626399724e-11,-1.4338742007117743e-09,-4.0272027929200943e-10,-0.00451915432742047,-1.3258142535874467e-09,0.037788398215908486,6.801396198168251e-10,8.480898723046586e-11,1.5281622754904087e-10,-1.447325304178011e-09,-9.470162973958294e-10,2.4502553761702626e-10,-2.6763316130160385e-10,1.0100688796293628e-10,-3.6939019180613085e-10,0.05758330281938664,-6.15082157718549e-10,-5.801731385392757e-10,-7.738667501224259e-10,2.092996086884352e-10,-1.1953380656986991e-10,-1.358888832430304e-10,-6.29804349718522e-11,7.677222404248604e-06,-0.0038919989070979872,-2.148701889024384e-10,9.208655623689459e-11,-1.501075940544801e-10,2.98373651192024e-06,-1.7412675256397643e-10,-2.73407776781433e-10,-3.1086843891980667e-10,6.94083596631885e-10,-1.3828571622531291e-10,-1.357528561026822e-10,-3.2905838481333547e-10,-8.401600393151923e-11,1.0786266246935619e-10,6.047994366206201e-12,3.415421209165448e-10,2.935207813282782e-11,-2.1750623071622474e-10,-8.138346392501803e-11,-2.397170239469924e-10,-9.627677856435915e-11
