0.9999999997837312,0.9999863910282957,2.2948415541366677e-08,1.072483999849443e-06,3.829912174510272e-06,0.6556656543712389,1.0000088674159398,1.672191099232846e-07,1.0000029796141199,0.396156808860966,0.9924330646388644,3.199415578684533e-07,0.6634532725249688,1.668106557639519e-06,7.005416690690262e-05,0.9999938799651672,9.076439460079315e-07,9.227097750372265e-06,1.0000088674159417,1.1862129160496736e-06,0.45783038143237526,1.7396621123778356e-06,7.680027369514542e-06,3.953393376124927e-07,0.46712863280780936,4.986231680923046e-05,7.713208934735037e-08,1.10287272264028e-05,1.8762876085752263e-06,4.386052074969684e-07,1.0078686005016415e-07,0.6557600880705534,6.839652076928123e-06,0.007981810486134642,2.2098821334311918e-07,1.3186671744100353e-05,9.835462789829102e-08,1.0000072177332318,2.805040350075959e-06,0.9999177885984718,0.007598730393136939,-5.609801775604069e-08,3.4406826937529447e-07,1.4388451275789938e-06,2.2573846843799126e-06,4.866182828301999e-07,2.958634921428262e-07,1.2791682502107755e-06,0.6627925861340445,0.6557451795745174,0.9999527387052927,5.786352090849755e-06,0.9999702463969058,1.118901383257843e-05,-2.829821770673589e-08,3.479773850731792e-06,2.8042586549804387e-05,1.744896608919768e-07,-1.378556215556917e-08,0.9999901782459285,3.879452253501073e-07,0.3292443377074425,2.1716568403352104e-06,0.9999896413629531,1.4496926195526017e-07,-1.4401540327579574e-07,-2.9194500893165773e-08,0.3279020706277936,6.086620027213958e-06,4.950534738433414e-06,2.777332966348574e-07,-4.2558910960240855e-08,3.564800956119555e-08,9.256415724335914e-07,1.2187797867945022e-05,1.0000062010184942,-3.757209278929058e-08,-2.1722179820956735e-08,1.000008904756561,6.431484493258499e-06,1.1576590967580456e-06,6.19356160113163e-08,5.033672225798018e-06,-2.7956946450662615e-08,-4.568348806138422e-08,1.8395600543787689e-07,7.712161535614529e-07,5.69645593504843e-07,0.3365224296527459,0.9999842327868944,2.059254760521925e-06,0.32790103791486336,5.369517153975301e-07,-3.607864667885364e-08,7.140148853968818e-07,1.9424292510421313e-07,0.32091094448779767,5.125091721330053e-07,5.208153210431656e-07,9.499997023139773e-07,-4.324029889764019e-08,0.5397433502320408,2.0863572193692476e-05,3.0512731599952266e-05,4.2584899469227576e-07,3.648667336801511e-07,1.6098840952389932e-08,9.659239051511974e-07,-2.0445514321662215e-08,6.450046641923101e-07,-3.3936151540119405e-08,1.0285425749079184e-06,2.9083105659116576e-06,2.4133227934103955e-08,-2.200481833143937e-08,-2.3169049727333755e-08,8.078750637763265e-08,4.7809177044570875e-08,8.934469238085966e-08,0.3209080768953238,-2.88389823042784e-08,3.762360876752316e-08,-2.2280496623505893e-08,3.3238043029093066e-07,2.630285821690121e-07,-2.3513238522234173e-08,-2.314550291339585e-08,-3.105188514587925e-08,1.1268619236267685e-08,-7.87044667786196e-08,-2.4132799047015746e-08,-2.9147886900849537e-08
0.9999863910282957,0.9999866114922527,-2.298945831989376e-07,1.1555923466840293e-06,1.3657105721489877e-06,0.6556608088252338,0.9999953767983607,-2.1101085365643378e-07,0.9999901337269146,0.3961502915336521,0.9924197706535764,4.9457818563952564e-08,0.6634138633818921,-4.5234274656747056e-07,6.542647043857105e-05,0.9999809234873688,1.119857578576601e-06,8.736714981867164e-06,0.9999953767983639,1.550068456066114e-06,0.4578210146964692,4.2311641932907264e-07,7.481616847874139e-06,4.070604717724891e-07,0.4671286445196808,4.967621288198831e-05,2.423004939785165e-07,-2.9664641073124424e-10,9.807771665354779e-07,1.7075864373040338e-08,-1.9487249640543312e-11,0.6557513917316996,1.2926075219832267e-06,0.007986799405074074,2.2048760181382083e-10,1.0100618439985532e-05,1.01340839128253e-10,0.9999939938720835,2.694438835372471e-06,0.9999051141392621,0.007598663973699132,4.643129540829911e-11,3.8801966885747037e-07,3.519435831040937e-10,3.3080003420090413e-06,1.528799309410047e-10,4.827947724021649e-07,-2.6858842901380026e-10,0.6627626670211514,0.6557445113262097,0.999941122823381,4.006883764054689e-06,0.9999566214293171,3.4872630293599023e-06,5.200205595433744e-07,3.7722177800028212e-06,3.039716510914616e-05,5.59123270228412e-07,-1.5933738653172126e-11,0.9999767464660949,7.011215845573201e-07,0.3292567908458846,9.204053352641201e-07,0.9999822756523553,-1.0425527134093973e-10,6.027941904504632e-08,2.899087059142388e-07,0.3278991063703855,3.786376959397621e-06,4.9858329923272605e-06,4.710565585330511e-07,-1.9329478414466846e-07,-1.122209852248374e-07,1.0349575085467255e-06,1.9710992384771167e-10,0.9999940827625484,5.213708884864621e-11,3.178295801070778e-12,0.9999954708646789,7.288941653996397e-06,1.7958918945431375e-06,8.771530737446218e-08,5.380100319452185e-06,1.5965104423943372e-11,-4.695434209809967e-12,1.0579616961499809e-10,4.1423690985749385e-07,-4.299777509166737e-08,0.33654657132760296,0.9999821870445958,1.9940104243137092e-06,0.3278984328822778,5.75417620141095e-07,1.359709420735547e-10,1.612220296959924e-10,2.2639885783840933e-10,0.32090619161431694,1.0071952300613526e-06,7.943255626338941e-11,3.0552314904834434e-07,4.6808490060201965e-07,0.5397399633692789,2.171573108068537e-05,3.147356989125481e-05,3.793605173595945e-07,-1.5566204369787817e-10,1.849190441052681e-08,2.4511153564530863e-10,3.261635241486475e-07,-2.0956405655655412e-07,2.7711065065562673e-11,1.2286893653935729e-06,3.688847912408647e-06,-9.725469856637253e-08,-4.8253491421024945e-12,7.484392606715269e-12,1.599199050051692e-11,3.29684954358212e-11,3.5274802451198616e-07,0.3209034202211361,1.80270947033782e-11,-9.377190092808154e-08,3.2163727691180005e-14,2.321896276889458e-10,3.511892600723665e-07,5.845277593572953e-11,-5.561355894031838e-13,1.1986521057286486e-11,1.0390739995543878e-11,1.165700051905178e-07,1.1550306475276007e-12,1.0893801025593273e-11
2.2948415541366677e-08,-2.298945831989376e-07,6.775635661834117e-08,-3.86555460708184e-11,-4.5513183724889896e-11,3.3556984583819214e-10,1.2075203379443633e-11,1.486029497098804e-11,5.984330625200258e-11,-3.9358758693180734e-11,-2.407237401613591e-10,-1.9561069395591468e-11,-1.049750800827729e-11,5.4871124512869425e-11,-2.6425814602173415e-10,3.717098403742603e-08,4.5429664008739394e-11,1.0918355457674827e-11,1.2075203370101197e-11,-2.2666546488975978e-11,-2.607970766550375e-11,1.7830511963084797e-11,-1.6087307882972793e-12,-4.439188263962318e-11,1.2431564731294638e-07,-2.555341052790749e-10,-2.3121391736132208e-11,1.265751105913902e-10,1.5822460096094512e-12,4.2960816456305395e-11,2.814637607455069e-12,-5.73722881961687e-11,7.50795990494186e-11,-9.152627599621612e-11,1.2464456555588127e-13,-8.424916552468383e-11,-7.964440089229165e-12,4.521131139501597e-11,7.82113222333046e-11,3.365929783493429e-07,5.405565712882455e-07,2.5619982277989338e-14,-3.791172593117892e-11,1.5085074634525446e-11,-3.526667260031239e-11,-2.7857076132561658e-11,3.711253713150343e-11,-3.659080104667489e-11,-1.2282974074747794e-10,-1.0748178782027733e-10,6.835904036506398e-07,3.51941393334683e-07,6.488234121697788e-11,7.348717889913048e-11,1.2264043288511328e-11,5.86591563738735e-11,1.9499760136795502e-11,-2.5105063900534452e-08,1.233169434296439e-11,1.2764700792450433e-11,-1.210626894004701e-12,2.524395531847075e-10,-5.113594748737282e-11,-8.718088950956919e-12,-5.407809916444373e-08,-2.3696328295963507e-11,-4.046055213776067e-11,-1.0055395008533023e-10,7.868299396237233e-08,-3.9548094867795414e-08,-4.739978067963514e-08,1.6182049756178527e-08,-3.7556301311354177e-11,1.242808167471737e-11,8.135063785480522e-11,-3.0450135196941657e-08,-3.645402370154633e-12,-3.652935066258465e-13,3.50035717917619e-08,2.762113560262077e-11,-5.0387623843698354e-11,-6.25643158040574e-12,1.0549056885573789e-10,-2.9065587844946976e-13,1.3531905051092906e-13,-2.32884245628948e-12,-1.7593746130259706e-11,8.208545066898916e-12,-8.129010436524584e-12,-8.672798230179042e-08,-4.868914354464958e-08,-7.127159542019353e-11,9.431775236665106e-12,-1.2025563141143814e-11,2.1742131415528578e-11,7.46557923218697e-12,-3.203043029689062e-11,-1.0317119371102296e-11,-1.2207895859189787e-11,-8.433251759209069e-13,-9.834929000642309e-08,3.6707471308430753e-11,-3.36617724063331e-11,-3.080768435738634e-10,6.9176880270238156e-12,3.6881626361191485e-11,-2.6499922660153157e-09,3.963458963971776e-11,-2.5200129940577855e-08,-1.6017634231088724e-08,-1.5494633772888032e-12,-8.437801290196074e-12,2.468243447094203e-11,2.1194238089768923e-08,2.046637322555865e-12,9.186669527376902e-13,-3.3174705219016472e-09,-3.311884288136889e-09,5.977692288472529e-12,4.211321468104487e-11,1.7467079422034065e-11,4.5179842200367444e-08,2.778103208249819e-12,1.6328727923647477e-11,1.669100332080055e-08,-5.12074112588835e-12,2.8581474795647224e-13,6.916695837374706e-13,1.795103275993671e-11,-8.945111952559422e-12,9.6821110675329e-13,6.167352594539194e-13
1.072483999849443e-06,1.1555923466840293e-06,-3.86555460708184e-11,1.7458224800422645e-06,-5.659771611297281e-08,4.455276374978195e-10,1.167672044029261e-06,-7.624845917047919e-11,9.463107305701601e-07,8.754903582109139e-11,4.495607347344047e-06,5.107882175824451e-12,2.8799814831110926e-07,6.695456219887835e-07,-3.16212475335794e-10,1.6300301946607904e-06,1.148529126715397e-10,-1.8878399864910446e-10,1.1676720440291575e-06,1.2341305164638563e-10,-1.3236830763491762e-07,-8.415278284929299e-11,-2.0622964427422883e-10,8.361150071138002e-08,1.3954830060197253e-06,1.2543616852581412e-06,-1.775797257744872e-11,-1.6882689414576458e-10,-1.0667437814934185e-10,-3.717595199116758e-11,-8.477970408462968e-08,9.890899982124428e-07,-1.0608262609848604e-10,-3.4452673975142774e-06,-5.696462604735578e-11,-7.310315793593463e-07,-1.0777662648976288e-10,7.242210597961263e-11,1.1541547320348006e-10,-5.468431540935993e-10,-3.4150471700862078e-06,-1.1898073463638047e-12,4.1320738444275604e-11,-1.1496728522082257e-10,1.7209709993269644e-11,-1.2089728596600338e-10,5.492999573397803e-11,-1.5428163203098654e-10,3.284475660313258e-06,1.24898954702167e-06,2.7747870392625635e-06,-2.0010952720691743e-07,1.6260502907360683e-06,-4.0085486249081526e-10,1.0727187701874015e-10,-1.6425753715831395e-10,9.686121901091905e-07,2.6159760784394495e-11,-1.5955055347686e-11,1.262467541273507e-06,-2.8091832308031042e-08,4.848128164023176e-10,8.49543228143622e-07,3.0125360076666483e-07,-1.0600292760672117e-10,9.697597885571631e-12,-4.02608300037872e-11,2.7375681315897624e-07,8.787315862886962e-07,5.332556072511257e-07,-1.7112730749410702e-10,-2.112941368969963e-11,-1.8540204344026758e-10,8.095847590088572e-08,7.003461580017686e-07,7.152474102385698e-07,2.4508579072226615e-12,-7.905488812328137e-13,1.1544947514434275e-06,7.331197965009016e-11,2.2234618388841443e-10,-4.4831179716809216e-11,4.166963726671353e-07,-2.3521697128484e-12,4.536997430864385e-11,-2.1192247321219378e-11,3.131363274662553e-11,3.5092717302471403e-07,2.9638132527108674e-13,-9.18579139777603e-13,-1.1474988974708238e-07,5.0542608324953065e-08,7.977840806214707e-12,3.706656439278693e-12,5.872247552040434e-11,4.3182298450382235e-11,-1.4307828019699917e-11,-3.3578750380236695e-07,-7.049483368479239e-11,-6.323495662924418e-11,2.4229962480871016e-07,1.3704734019088401e-06,-3.0025926399607083e-10,-5.920963202663029e-10,3.698242459394082e-11,4.955276420814754e-12,-2.4072772785580137e-11,2.2754207718756655e-07,2.576960345947537e-07,5.221070985743535e-07,-3.8442510985148024e-11,4.233724732959163e-07,6.172775446146038e-11,-6.574865756463274e-11,-2.8710362805856684e-11,-3.0683921556118915e-11,-1.3588894069326403e-11,2.9091946359839265e-11,2.2857559816242838e-07,-3.1148684004275226e-07,4.7241225497665305e-11,-3.967245995460341e-11,-1.4543706218376768e-11,8.519701825235139e-12,3.8997600919144516e-11,-1.055304358798484e-12,-2.5567005907139066e-12,3.017715563198869e-12,6.992387065910877e-11,-6.013582324656673e-11,-7.990890167690794e-13,4.804097286271619e-12
3.829912174510272e-06,1.3657105721489877e-06,-4.5513183724889896e-11,-5.659771611297281e-08,4.45375175927902e-06,1.3011657632098318e-11,3.996220372047809e-06,-8.474504522579222e-11,3.3741654910133023e-06,-1.3118751326090127e-13,-4.906937358033287e-06,-1.1628592090213207e-10,5.5754976648196215e-06,-7.92943794114116e-11,6.958956801736398e-11,3.6817728841852037e-06,4.1163031694020006e-11,9.259819688502241e-11,3.99622037204799e-06,3.065897376101353e-11,4.263490909747908e-06,1.2759074730009784e-06,1.639632964686285e-10,9.547525060275661e-11,-3.82548423817231e-12,-2.305629372635616e-10,3.2958417419361267e-11,2.824336982639445e-06,-2.5916461627079685e-10,5.191844658755944e-11,-8.481550707845544e-11,5.724493757035072e-07,2.207147178355455e-06,-7.987811979991302e-06,-1.9330062116225997e-10,5.347364099464713e-10,6.2489901784563375e-12,3.775255863324375e-06,-2.907308252557503e-10,3.5525352969521603e-06,8.82870513208676e-06,2.2698699888796584e-12,-1.1242949542128482e-10,-1.5798223930823292e-10,-7.729182882539802e-11,-2.0990158209259967e-07,-1.4043710218074425e-11,1.0975624648663564e-10,1.7669166715461467e-05,9.251143051420009e-11,3.2097013930240128e-06,1.249796132005681e-10,-1.7480407366782908e-11,5.091747498920692e-10,1.9851739913214482e-10,-3.907539019415517e-10,-1.8154316388078344e-06,-1.7505989746766313e-10,-3.8578691393893e-11,4.095766008606994e-06,-2.8835713981766517e-07,-6.156579078210246e-06,2.6902220259574667e-11,-3.1600802001444314e-10,2.0663192678678052e-10,6.02578487971173e-11,8.356658001675196e-11,3.5724882390255786e-06,2.55691664937119e-06,2.1567817245809038e-10,6.559509786850507e-11,-7.885858267707546e-11,5.354997136702906e-11,-2.4895769937210675e-07,2.008870591558989e-06,3.908153908856084e-06,6.314334075052616e-12,-1.757437881045016e-14,4.024867882133734e-06,-2.724555465946493e-10,-1.9048203179202948e-10,-2.481674722911865e-11,-2.1879043169914776e-10,-8.662529924320799e-12,-4.862129408752663e-11,-4.39637371636689e-11,-3.239460894329178e-12,-2.3510760524752815e-11,-6.270034166754311e-13,2.6410564748018576e-06,4.583009797604918e-07,3.880948066919642e-10,-9.303509050535353e-11,-8.227661729847104e-11,8.665166068292137e-11,-5.876835361870328e-11,3.325742144760821e-06,-2.8330218556664297e-10,2.7487293979844273e-11,5.5686185522296345e-11,6.206026335883212e-07,2.4335326389051056e-10,3.784221613789081e-06,-8.946352449847948e-08,2.578368693870277e-11,-6.950551844060401e-11,-6.65119424218579e-11,-1.4419432599597928e-10,4.3689182129980826e-09,7.212176845864244e-07,-2.7194266060383237e-11,-2.5801150930466073e-10,-2.9290923124620664e-10,-1.2209989583584486e-11,1.8664313016414298e-12,-3.727173099182684e-12,-2.2955090999780307e-11,-1.121391601040266e-10,2.6883025650093505e-07,3.4548668612678294e-06,-4.2591324396190743e-11,-3.340198634011199e-11,2.18469462206196e-12,-1.133253435107266e-10,-1.011832490737557e-10,7.1779016381821345e-12,-3.706653073960252e-12,-1.5709904664222567e-11,2.1141825880217915e-12,3.507540665544451e-11,-4.852458318681776e-12,-1.459081353174413e-11
0.6556656543712389,0.6556608088252338,3.3556984583819214e-10,4.455276374978195e-10,1.3011657632098318e-11,0.6556807539272519,0.6556737510428601,2.4918207351347496e-10,0.6556677810884145,0.33553038419371783,0.6557660815756791,1.360745843430933e-10,0.4108962198895108,1.8639481207336683e-06,-6.614565203571566e-11,0.6556570994592218,4.3010343148797294e-10,1.2801338959536076e-05,0.6556737510428605,-1.893435654205719e-07,0.09324429374869915,3.693780200280484e-10,1.2289454465488895e-05,-1.0787449661353838e-06,0.3937382079084231,-8.568543222624827e-10,-3.565911638247055e-07,5.936508823241068e-06,2.807319992129484e-10,6.764248494682185e-10,1.1723304481542582e-10,0.6557038407125411,-1.2205010569242547e-09,-6.228109179143034e-10,-2.0570697069241966e-10,-7.551362787453647e-10,5.849016564283391e-11,0.6556725162014101,1.0427432860210617e-09,0.6556612230087097,-7.660103015002723e-05,2.503776840831866e-10,1.1887977664522317e-10,4.345163548137359e-10,-1.5997789644882196e-11,-1.5892864766580117e-06,2.4456851693656347e-10,-5.023242925010781e-10,0.6556986659240174,0.6556979121722181,0.6556601247185927,5.873701781076276e-06,0.6556506845205478,3.2061431464737697e-10,7.053957086649722e-10,-9.631970262207275e-10,-5.28757432916032e-05,1.5771319160221618e-10,6.656538775620978e-07,0.6556564294206589,5.305094240560579e-10,-3.466294809740777e-10,-2.2452424367157813e-06,0.6556659368003276,-1.0222373130277772e-06,-5.026622085788948e-07,-2.9826525665456973e-07,-4.4801713980198345e-12,-7.215960620617236e-11,7.555761532624136e-06,-1.727530236944084e-10,-4.5494048707384723e-11,-4.58261835092348e-11,8.473791040630457e-10,3.821287782524657e-06,0.6556704562532816,1.815525323963116e-10,1.7536450759024158e-10,0.6556740977187897,2.7907981205249575e-06,-1.2369973439290305e-10,7.309088165323183e-11,1.1668853172828613e-09,1.963492338024708e-10,3.160784677707036e-10,2.918019760285976e-10,9.125315561127277e-11,-1.8083391539504575e-10,0.24480695110487197,0.6556645705794991,2.779763722228614e-06,2.1040197949674298e-10,7.037596729795748e-10,4.812395644101232e-11,8.551865470555832e-07,5.479513709680329e-10,-1.9887836579219394e-10,9.713668312840245e-11,-1.9462724703440554e-11,1.8421593877936025e-10,4.864074401004663e-10,0.5711239130260496,1.14790036114717e-05,9.295057660660897e-10,1.4792876916075387e-06,2.7803596637287634e-06,-6.977325038524572e-11,4.1080858376579895e-06,2.9241988841629663e-10,1.5889082020969805e-10,1.1921063599910814e-10,-9.420586825665236e-07,1.1781115603932864e-09,1.0527911207746712e-11,1.5663204535326365e-10,1.5940499354161612e-10,2.1652573211213275e-10,1.0897416431139793e-10,3.7432881624315494e-10,3.4742721928796456e-10,4.962271928623958e-10,3.119197257228824e-10,1.7454017796835893e-10,6.771650139622394e-10,2.9288039882065334e-10,2.2655203507675176e-10,1.8938436763539658e-10,2.206621078378747e-10,4.2795538708912927e-10,1.9922096218534182e-10,2.0016474624368828e-10,2.191661769158417e-10
1.0000088674159398,0.9999953767983607,1.2075203379443633e-11,1.167672044029261e-06,3.996220372047809e-06,0.6556737510428601,1.0000180875648836,1.4230042223471491e-07,1.0000121862956215,0.39615737976751764,0.9924422820723924,3.3801759953365705e-07,0.6634587194746943,1.6612197312849848e-06,7.034208055873888e-05,1.000003161833029,9.232783642732844e-07,9.110868934246113e-06,1.000018080399275,1.2037210733616925e-06,0.4578345564584595,1.8452184643872622e-06,7.5567885021082e-06,4.277994979772185e-07,0.4671375078617202,5.008150472744082e-05,1.0120195275450468e-07,1.1247528165529056e-05,1.9586169161904585e-06,4.683537478696778e-07,8.709409747466681e-08,0.6557684766026338,6.98401197889957e-06,0.00798170897957006,2.2137618502703543e-07,1.3199741861083705e-05,9.60443845479176e-08,1.000016339649757,2.867738862579103e-06,0.9999267350126102,0.007598696981546172,-2.2918155217545417e-11,3.719036169504705e-07,1.3316372423820678e-06,2.233104695541018e-06,4.861909603848684e-07,3.559030889840414e-07,1.2767837209660907e-06,0.6628024596436762,0.6557533576281108,0.9999620006202435,5.8905528747286846e-06,0.9999790244014759,1.1400024453697105e-05,-5.695067415607772e-12,3.507682457782712e-06,2.7967288885230338e-05,1.8364950920215852e-07,-3.1917692420329047e-12,0.9999994813234602,1.936807273621783e-10,0.32924374692836866,2.252919133785961e-06,0.999998656927417,1.4919092139313502e-07,-1.173182206874548e-07,-1.6764845542527394e-08,0.3279038654427983,6.190583046675501e-06,4.948926771186833e-06,3.383241096811359e-07,-2.135463747417245e-11,4.912192648659888e-08,9.034531757578867e-07,1.2491206156344931e-05,1.0000153926141828,-1.796061168522323e-11,-6.514309582524579e-12,1.0000181142320304,6.3448684345540735e-06,1.2543034690144552e-06,6.442865459366561e-08,5.0763160201197545e-06,-1.0747165613385295e-11,-4.9239052087708784e-08,1.8887936881613323e-07,8.162871301370493e-07,6.147596467526486e-07,0.3365262103770574,0.999993052527919,2.025409857430321e-06,0.32790277503756027,5.383428921367299e-07,-3.93208463511009e-08,6.966890113908685e-07,1.0249015816399078e-10,0.3209103405075159,2.0208115635816464e-10,5.198735414351715e-07,1.0108139075930157e-06,-1.6204983580912095e-09,0.5397487349098018,2.1230454833216488e-05,3.045502416826946e-05,4.5935624939709736e-07,3.196594631858689e-07,5.9967648109279795e-12,9.827170800518145e-07,-1.0758606534214954e-08,7.43044684862456e-07,-1.06860694925848e-11,1.112459080806195e-06,2.9839741063288928e-06,6.377935708603473e-12,-1.0982467403604635e-11,-1.2628274689772918e-11,8.645596757099483e-08,2.5289103916970738e-11,9.261607634427798e-08,0.32090747772359546,-2.997693597510473e-08,1.9283403368846256e-11,-8.910493730931505e-12,3.3769373066857087e-07,1.351121637401122e-10,-2.5075795110930326e-08,-7.708841752198874e-12,-1.1928896503235897e-11,3.1338549612160596e-08,-8.803576187249862e-08,-7.9157974985643e-12,-1.065619677277945e-11
1.672191099232846e-07,-2.1101085365643378e-07,1.486029497098804e-11,-7.624845917047919e-11,-8.474504522579222e-11,2.4918207351347496e-10,1.4230042223471491e-07,1.150241637002073e-07,8.03292159853521e-12,1.848762589137703e-10,-2.9931111086781725e-06,-9.736689879666885e-12,5.2075097982061765e-11,2.2210650906061988e-07,2.2473080861262564e-10,-1.6031955624413134e-11,1.6725841709400336e-08,1.165727042887675e-10,1.4230042223479332e-07,1.5240080671623577e-11,5.163604611907277e-09,-4.9231171850036283e-11,8.361494324621376e-11,-1.4269756885240678e-12,7.026713575811556e-11,-8.094903318427066e-08,-3.153121128163136e-11,9.979853114728141e-11,1.6434692629369322e-11,1.3426757284657982e-11,3.1603584753238854e-11,8.955141869269478e-07,1.3780173074854735e-07,3.889611108229738e-10,1.4903288502200925e-08,2.8666661744872526e-07,1.2095607450420899e-11,2.500038897323298e-07,-7.47932905725859e-11,1.0069076292909634e-10,3.1715736080661184e-06,-2.1942773912422717e-08,-2.815824240850532e-08,2.307690084049218e-07,6.796865344905202e-12,2.666802634666526e-08,-3.343075903775581e-08,5.61514720347172e-11,-1.0183320741746435e-09,4.175244923424134e-10,-3.6602347628458973e-07,-1.1523726424244434e-10,4.331694353183653e-07,1.2782778367138498e-10,-9.302103493825546e-12,-2.111601549758473e-11,1.165910560965218e-12,-3.790356395727655e-12,2.9083967292468193e-12,-1.677832477547127e-11,-3.115258879014711e-08,6.959891146944983e-10,-2.1177936316921985e-11,-2.0443911630356823e-11,1.8668196331113542e-08,-3.0723439383541626e-11,-2.947843753090222e-11,-3.18974189643312e-10,4.109308578977734e-11,8.416127252630042e-11,6.934067501143295e-09,1.0034201042518453e-11,1.0080816023052464e-11,1.397451111149666e-11,2.2898643871075168e-07,1.9649402537607022e-08,4.838629794314518e-13,-1.3382714557192273e-12,1.4488807267899918e-07,1.0396544171203578e-07,-9.758010707059143e-11,9.099094909175637e-12,-4.6371020666534284e-11,-1.6008401940821393e-12,-2.8228586825819375e-12,1.2862475740570964e-11,-2.8793916913286428e-11,1.099539817841119e-11,5.378555156927687e-11,9.65910719289323e-13,6.258145088063126e-11,-2.71141168693055e-10,2.9872796092478905e-12,-3.493269378997924e-12,4.855353639327941e-11,-1.0479124249773192e-11,-2.6208891303734923e-10,1.2778174756748958e-07,1.6612238365350552e-11,3.088630114475574e-11,-7.15826647647579e-11,1.140960499806639e-10,-1.2500870837313786e-10,3.2253005211812504e-07,-8.01429985154778e-12,5.200880620768861e-11,1.6140918605813033e-11,4.504438265516797e-12,-2.6784867704231095e-08,-8.836352035983499e-08,-1.0275651218071762e-12,-5.4527288460559867e-11,-2.011110183315701e-07,2.754332667359288e-11,5.033416098593841e-12,5.575752541347813e-12,1.0015771470594921e-11,2.6639595633799045e-12,-2.0444733171514576e-11,-4.296700201032553e-07,-2.6456152912915693e-13,1.0045225157152135e-11,2.3259826410806945e-12,1.866277773187235e-12,2.558344867592448e-13,-5.440886553308403e-12,-1.5345605807194309e-12,-3.5721647497579143e-12,-1.4346164094453361e-11,1.5389696819169508e-12,-1.7327257001552e-12,-3.617100938006097e-12
1.0000029796141199,0.9999901337269146,5.984330625200258e-11,9.463107305701601e-07,3.3741654910133023e-06,0.6556677810884145,1.0000121862956215,8.03292159853521e-12,1.0000076975605303,0.39615411128415706,0.9924567425703675,7.54265455678033e-08,0.6634551767966012,8.678468979554594e-07,6.60201141682589e-05,0.9999966568694308,1.0222193173208057e-06,9.75675790113745e-06,1.0000121862956246,3.8577407008610003e-10,0.4578338300764801,1.7743559241016549e-06,8.472245232638949e-06,4.3355746375941595e-07,0.46713188318243487,4.659725968683591e-05,2.2304163723292093e-07,1.0885395071519844e-05,2.2026939120629236e-06,8.076174693390578e-07,-3.280711836315434e-08,0.6557574613783962,6.607447423320577e-06,0.0079693704632135,7.072285851783204e-11,1.223605458351631e-05,-3.401977806912035e-11,1.0000106011112502,3.5196225346862457e-06,0.9999252076189716,0.007578378153789676,1.791217932358124e-11,1.2170720257574599e-07,1.1307816140296398e-06,8.138307731320406e-10,7.460218454969175e-11,5.65540813779348e-07,3.6347900466573707e-10,0.6628054956120814,0.65574194104315,0.999959997258727,7.3072889294452965e-06,0.9999736808827464,1.155507793728057e-05,1.016011672857933e-07,3.6144193466435627e-06,2.6587081648003284e-05,1.213270105132379e-07,1.1946320532709457e-11,0.9999931935186529,5.186669574403768e-07,0.32924686853863816,2.27864249290684e-06,0.9999954220382965,3.529146553380683e-11,-1.65054018416193e-07,-3.9533148634453093e-11,0.3279072946311461,4.4295494804423795e-06,1.596434786220625e-09,1.1514945233058851e-07,7.653283852088392e-12,-1.8749526789010128e-07,1.0876779337148165e-06,1.1963760797859526e-05,1.0000097197531699,-3.771437472855194e-11,-2.2820270291213672e-12,1.000012252458206,6.288173759792531e-06,1.08250980039447e-06,-2.5043519193394395e-11,5.695897648382193e-06,-4.5306316300230734e-12,3.510768469042348e-08,2.986349290470251e-11,8.895341756368225e-07,2.7526231314630167e-07,0.33652484379883646,0.9999876472175642,7.232605044337459e-10,0.3279070058605751,2.8486804134100373e-10,-2.0661662165989913e-11,1.8336423657909564e-10,1.2702264720707053e-10,0.32091528285301707,2.613104828150528e-07,4.351830122524762e-07,1.3323823106733911e-06,5.12087387718175e-11,0.5397431224655425,2.083476317196368e-05,2.6764108476346273e-05,2.8819895191635246e-10,4.806992211506976e-07,-4.019988738276525e-11,5.646253945694627e-10,1.0106402731085495e-07,7.363458691774708e-07,-3.8580410989873256e-11,1.1978545428163495e-06,3.364501030458184e-06,-2.0621508565577073e-11,-1.489737167571309e-11,-2.1772806123599418e-11,3.467073688474054e-11,3.7248545247133037e-11,1.1182068038707537e-10,0.3209124163925587,6.920397888970877e-11,6.176215960158116e-11,-8.205938671235094e-12,2.0024272110941005e-10,1.4498922536169733e-10,-1.068483009135866e-11,1.8823584746340873e-12,4.099347284923309e-12,1.2634098730902372e-10,-1.4035434701350406e-07,2.834461769011164e-12,4.668730261148092e-12
0.396156808860966,0.3961502915336521,-3.9358758693180734e-11,8.754903582109139e-11,-1.3118751326090127e-13,0.33553038419371783,0.39615737976751764,1.848762589137703e-10,0.39615411128415706,0.396119515845055,0.37931983069162795,2.5346189320850054e-10,0.28603655415068957,-2.79958564429991e-05,5.294458524536085e-05,0.3961538396320767,2.0834340805616278e-10,8.252848129878447e-10,0.3961573797675189,2.156932892109657e-06,-5.007258332015061e-11,6.874367276263395e-11,-1.3396833027892942e-10,6.54943361779761e-11,9.467289088655933e-12,4.249385881754716e-05,1.1491815880685839e-07,5.955840612163507e-06,-1.7003833766398433e-11,-1.68240691687426e-10,2.1411291977495184e-10,0.33560099156699413,3.304091316603564e-10,0.017579464678355344,3.723014841949138e-11,9.782281437249164e-06,2.7084972919358373e-10,0.3961567304869215,9.384509766440083e-10,0.3961176986265696,0.01684611500073977,7.136743267235003e-11,-1.640386955890738e-11,6.186355532035827e-11,9.602914109113966e-10,5.985029897687386e-11,6.934452323004406e-11,3.99810801443824e-10,0.3617254146592728,0.3355849040373621,0.3961160797900732,6.59715124329067e-11,0.3961499548299383,9.82106456534959e-10,7.971766532882333e-11,5.286362952123728e-10,-3.4795513519795926e-09,3.957143565713671e-10,7.576611260932002e-11,0.39614960429609036,1.003246380166754e-06,0.016876728940036785,1.1812150867381305e-07,0.3961730744272376,3.069678188851054e-07,9.202713669813183e-08,-4.738053348056383e-12,4.793413759699184e-11,-2.037978421508856e-05,5.660968003593891e-10,-1.4623366253759565e-12,-8.399219860225003e-11,1.4194489182322862e-10,5.153316309330915e-10,1.1120273781602632e-06,0.3961686052538693,1.0739455926267457e-10,6.007256123075372e-11,0.39615740459548415,6.094689521507349e-06,5.772589064741119e-10,1.4373349346151674e-10,1.2474328619403439e-09,7.261829862267134e-11,1.3315756547799533e-10,2.6402529972062985e-10,1.169535341087555e-06,2.0112079681972357e-07,0.11012204899187376,0.396158580140442,1.7502657166808718e-09,7.90093404018735e-11,4.300917798472336e-10,1.5753385814073539e-10,1.8821448012050126e-10,2.6519339324182675e-10,0.12466670901855777,1.0407523086619311e-06,2.740735624508163e-10,-5.102281423079361e-10,2.0929109386671159e-10,0.3783891254120446,1.9455805722412408e-10,3.01063400682213e-05,1.6570229361438683e-10,-2.179978774549141e-06,4.287306926342501e-11,-3.5495948421928436e-10,6.718691527024878e-11,-9.86416755473936e-11,8.711721728983998e-11,-1.0225154900188259e-10,2.788684397893074e-06,-1.2053989953529663e-10,4.2086674791317415e-11,6.222492307024478e-11,2.105036718436706e-10,2.2097929682750815e-10,1.8799802657801004e-11,0.12466377162854814,2.9093706702727383e-11,-3.5453938205215674e-11,4.205933790022101e-11,3.372904889204753e-10,3.5076032521358117e-10,1.0707145296733942e-10,5.694725564355798e-11,7.2412247895913e-11,-7.715269699888003e-09,1.1547041910982859e-10,5.815357077769848e-11,7.204841682517059e-11
0.9924330646388644,0.9924197706535764,-2.407237401613591e-10,4.495607347344047e-06,-4.906937358033287e-06,0.6557660815756791,0.9924422820723924,-2.9931111086781725e-06,0.9924567425703675,0.37931983069162795,0.9924644338475286,-4.650305724860636e-06,0.6558745959728183,2.100036893801343e-06,1.5686462232599854e-05,0.9924264791658577,-5.745109788918679e-06,1.0487289980409125e-05,0.9924422820723949,7.524167113427365e-10,0.45784505939281944,-1.2232188101982357e-05,2.1309734817576472e-05,3.076771589591895e-11,0.48111449857341104,-7.811368010493896e-10,4.152182895956553e-11,1.131397887561369e-05,3.151489547431377e-06,-9.20887573188646e-10,2.792967252911343e-10,0.655796388087041,8.385474812413525e-06,0.004409997867110583,-1.8499867568625573e-06,2.341858647663835e-05,5.991687766569594e-10,0.992440276998402,3.9680773320708294e-06,0.9924135839464961,2.8564755381622827e-11,2.2876818982932023e-10,1.6795365562190345e-06,-5.509140392355812e-10,5.965489689588042e-06,-3.6125749427411046e-06,-9.28426184953725e-06,-6.186820012604626e-06,0.6628208008545432,0.6557679325344453,0.9924319601512092,-9.859249565103053e-10,0.9924269407206755,8.035824603550619e-06,-4.628305637149468e-07,1.7307966276861855e-05,2.96037741851486e-05,6.31540687707016e-10,9.14792892218246e-11,0.9924223973318389,1.0099146636534421e-07,0.325224470311903,7.713712875976868e-06,0.9924451441298298,4.3457531271336867e-10,2.6195082956962706e-10,3.633072315772092e-07,0.3248498972359006,-1.4500640850797682e-06,-2.160905341777904e-05,-1.1350960568449809e-05,-4.140516399847779e-11,-1.2456699145777814e-05,-4.5363391126242475e-07,1.9501588983520774e-05,0.9924444619794064,2.7214845292448006e-10,1.5788656280690166e-10,0.9924421599996952,7.608280859957915e-06,2.6145239033903747e-06,2.769226532839998e-10,7.276673442616125e-06,1.7218984964563855e-10,-3.1167798176344305e-06,2.2710534825082547e-06,4.674879623231769e-10,-1.013193364344032e-05,0.33653388250241023,0.9924133935530193,-8.535694656251792e-06,0.32487645249783187,6.314483945053682e-10,4.467255252990992e-10,-7.70472725711251e-10,2.442638413734251e-10,0.30888226976236666,1.8356363756991028e-06,3.8479757268044965e-10,-1.0493452969466078e-09,-8.123329510220943e-06,0.5338798156283096,7.725978406126981e-07,-3.532074800857409e-05,1.516845021432212e-10,1.255775679984895e-07,2.962949451172335e-10,1.3468896799423747e-10,-6.810655170862898e-06,-5.103958319725482e-06,3.065493796237617e-10,4.530562138865561e-06,-6.316097188139763e-07,-3.9069933458080636e-10,1.246182584508104e-10,1.6943663261902488e-10,4.075170324340825e-10,3.3086350695439776e-10,6.630433367347009e-07,0.3088844089870627,-1.2990669239312953e-07,-7.649001473459233e-11,1.1233644785082842e-10,4.4595486220962646e-10,4.59418120765686e-10,2.8327474735853423e-10,1.3615967757212956e-10,1.5233341389943526e-10,2.0114593606027876e-11,2.9879849835627976e-10,1.3662485190466694e-10,1.507075858428192e-10
3.199415578684533e-07,4.9457818563952564e-08,-1.9561069395591468e-11,5.107882175824451e-12,-1.1628592090213207e-10,1.360745843430933e-10,3.3801759953365705e-07,-9.736689879666885e-12,7.54265455678033e-08,2.5346189320850054e-10,-4.650305724860636e-06,3.3575566849142786e-07,6.654461757242041e-07,9.760093664349663e-11,2.9524380536460906e-10,9.7967481154397e-07,-1.7230798601434788e-07,-3.6754492472214323e-10,3.3801759953374503e-07,-1.1356073853473576e-11,2.52899649906497e-07,1.0039425118371477e-07,-3.859117000769823e-10,-2.0425917801639824e-11,1.0750767318142377e-07,9.544342316869182e-11,3.3526520840838787e-11,2.6856249003303e-07,-1.1768860721867535e-07,-8.237109051834941e-11,-2.18468298473172e-12,3.625531596204497e-10,-8.913027300918211e-11,2.7133241651654596e-06,2.323344635522673e-11,8.16017523784708e-11,2.0371906316902775e-11,3.3400097798094075e-07,-4.756687349659885e-11,9.128297343067987e-11,4.959447554075977e-06,-8.981129887783185e-09,2.2796751990739945e-07,-1.257945161828536e-07,4.212123251776466e-11,6.486143876462518e-11,-6.67450612259906e-11,1.3548295425494696e-10,-1.2909033527561139e-09,4.985656041902594e-07,-4.104806071907462e-07,-4.895752164708882e-08,8.12357744582027e-07,1.18794675266293e-07,-9.891491842930302e-11,-9.536596658194303e-11,-4.80484751258911e-07,4.287784530132043e-11,8.978899128312547e-14,4.1550229053885086e-10,9.53120919119751e-08,5.905393392171127e-07,-1.129792394173534e-10,9.929944493633773e-11,8.187665705100188e-12,4.87848465701998e-11,5.1778328071775637e-11,-2.1100212648472295e-10,8.772240051852928e-12,1.7845299168110937e-10,5.983898820335165e-11,-7.245172893351825e-12,1.173484093137348e-10,-4.5663967233884184e-11,8.688164528854889e-11,3.1849137239456795e-07,7.132272317838108e-12,3.3350185577060877e-12,3.1585893955788537e-07,-1.3544078535127488e-07,3.940259633768774e-07,2.6360979615642674e-11,-1.728326701661175e-10,2.7276769747201987e-12,-6.638665839731438e-12,2.349340344238621e-11,-6.8117840698089265e-12,7.243111263549025e-11,-1.6559022955318983e-12,3.845066477859181e-11,-4.8110800752969734e-11,-1.2576348344798743e-07,1.1795165798537572e-11,-3.5609247846362385e-13,2.202408816724665e-11,3.705381967697508e-12,-2.67743358235678e-10,2.734563242409168e-08,2.3039778512352805e-11,-6.4614127298402e-11,-2.161060710345043e-11,2.1146309065376654e-11,-2.531568048034183e-10,3.5404968944040244e-10,-1.1424196266454177e-11,-1.6534155322916064e-11,3.3598020557575364e-12,-3.280764499557223e-08,-2.818260294807944e-11,-1.4325092671692538e-11,2.7375208469147478e-11,3.0256716079049187e-07,1.2631525901177064e-10,-1.695186047313666e-11,-9.066377520745365e-13,5.590530562046549e-13,-8.8850577597097e-12,-1.564489045457676e-12,-7.307431694711011e-11,-2.4598278676249876e-10,-4.1197139123444997e-11,-2.499093600265089e-11,-5.891338084866501e-13,-2.1888191738009778e-12,-4.335733035854032e-12,-2.124116149007855e-12,2.0330544434899535e-12,2.310758022511161e-12,-4.479978486036354e-11,1.1915210401265362e-08,1.7176323752705997e-12,2.6026437987068777e-12
0.6634532725249688,0.6634138633818921,-1.049750800827729e-11,2.8799814831110926e-07,5.5754976648196215e-06,0.4108962198895108,0.6634587194746943,5.2075097982061765e-11,0.6634551767966012,0.28603655415068957,0.6558745959728183,6.654461757242041e-07,0.6634482290344393,3.510870182098307e-06,-1.7133129756612485e-05,0.663443002121856,1.1526799394290954e-10,8.550019146397795e-06,0.6634587194746953,2.6119865305465656e-12,0.3094377538225673,2.5019321672194824e-06,1.3741127417343706e-05,1.3282224583359203e-06,0.2691472041902082,-9.704419488560506e-06,-1.0122591076093821e-12,3.939100129574339e-05,1.9250415923308768e-06,1.3129825577994762e-06,-4.10083275534068e-11,0.4108987427097223,7.4957987249641966e-06,0.008846261287247068,-1.6699126560085511e-10,-9.490650194882959e-06,-3.824123999519429e-11,0.6634575087282336,3.023152666732276e-10,0.6634294565041622,0.007599364751188339,1.5325619650188084e-11,1.426580656038505e-11,5.697418874079474e-07,8.86707836146427e-11,5.807826905632825e-13,-5.0603019686873216e-12,-2.685780709473702e-12,0.4194125101522566,0.41086758793095424,0.6634602611404546,6.021476689201782e-06,0.6634880306801355,1.548983475098944e-05,-1.2697597636791753e-06,-2.7962491703405107e-10,2.251010542175594e-09,-4.2308703971608343e-13,1.1506975771241307e-11,0.6634398454225312,7.041749629212598e-07,0.2352054940806283,6.345419048885737e-07,0.6634410069482216,2.0524566345679666e-12,-1.2548718624089204e-06,3.0724367093630965e-07,0.23210239305610555,7.982307912107574e-06,4.427400062402357e-06,1.6012306517877435e-06,-5.577470178016344e-11,2.1747193556979303e-06,7.539100699742671e-07,3.1354943081041894e-05,0.6634558616105766,4.724257635370519e-12,1.630244061339479e-11,0.6634586496342785,8.18226762035306e-06,1.0386800273689961e-06,2.683163176874114e-11,1.9790576350080853e-06,8.39280052467651e-12,-3.930523392119679e-12,6.277208521719923e-11,-1.8511481163393677e-12,3.156263970285221e-06,-3.666835001445128e-12,0.6634254655711326,2.1164683461576078e-10,0.23210375755489973,1.1617231590592729e-10,-1.1304631645262526e-10,1.3363558310318151e-12,2.883084441639606e-11,0.24544173552669962,1.9165171324018495e-07,-3.301804114998368e-12,3.043172549630847e-06,6.42833110020493e-11,0.3483426624748118,-4.3428063474357164e-05,-8.028589250852491e-06,-9.439207781914691e-13,-8.739986114913553e-07,-7.15541293621302e-11,1.3299460848760438e-10,5.937173614090962e-07,1.726570199576345e-06,2.0789468227701002e-11,3.768019318551169e-10,2.5281353197247755e-06,-2.1720937889030796e-11,3.6235357673059893e-12,-2.9242129530242367e-12,4.049432997767021e-11,-6.457521538644354e-11,-5.3905518564202624e-11,0.24543206535610854,-3.706448527511928e-11,-4.678541068397711e-11,9.41654746274523e-12,3.4157431139121276e-11,-2.3363892285701542e-11,-5.165403755228055e-11,1.3094302686729326e-11,6.076228908505964e-12,-1.743485880738431e-12,-2.0585013753914935e-11,1.3837257016478115e-11,7.181305306371987e-12
