1.0000000155802788,5.925041604614333e-07,5.781637801624769e-07,1.000039652536678,1.0000414289581772,1.0000404235745128,1.0000405481254688,1.000040656536243,5.68804090075737e-07,5.486578756813039e-07,5.80592122199169e-07,5.655414364465974e-07,1.0000372049832582,5.834374438952821e-07,5.775039073381417e-07,2.525699705005557e-06,5.702181403740365e-07,5.925428214160088e-07,5.804778056053401e-07,5.892139668892183e-07,1.0000387203523389,1.0000383606308125,5.963661839559184e-07,5.757204402949497e-07,5.840601608700461e-07,1.0000395122901524,5.699281889451941e-07,1.0000433485906188,5.811037530839585e-07,1.0000350692697781,5.646185731723876e-07,5.870585412723948e-07,1.0000380613880764,1.0000372301882896,5.732412479728647e-07,5.753517621234322e-07,1.0000350642297666,7.363035701842868e-07,5.85790245768942e-07,5.720126343158972e-07,5.76423381603375e-07,5.863427361885798e-07,5.767129020640142e-07,1.0000360313717924,5.762990025665111e-07,3.110070106613353e-07,1.00004251478255,9.334275670376219e-07,1.0000398235007124,1.000038961045208,1.0000402382216311,5.879108525588133e-07,1.0000391832993016,5.414910853704509e-07,5.69609920614337e-07,1.0000386186107229,1.0000370359247392,5.776582125267124e-07,5.785493370110236e-07,5.777451367306698e-07,5.837495152612149e-07,5.736352249602304e-07,5.752881900392405e-07,5.791695806316545e-07,1.0000437569900653,5.741162709252859e-07,5.745095406075696e-07,5.664218876503437e-07,5.717782482267381e-07,5.747505555368949e-07,5.888193387336137e-07,9.838043148182093e-06,5.855485971448504e-07,5.833754147243497e-07,5.925363239655494e-07,5.752206041723044e-07,5.800419906430331e-07,5.27258829024084e-07,5.823787974537229e-07,5.78298931483922e-07,5.849221809329222e-07,5.67427906742656e-07,-9.595383097062307e-07,5.753177707819049e-07,3.357314035317198e-07,5.635979319433688e-07,5.782317839019769e-07,5.550647046046721e-07,5.714299404017707e-07,5.759622689371945e-07,5.721718357142466e-07,5.701617136090984e-07,5.695294324407854e-07,1.000039727508927,1.0000409407293076,5.788130317235069e-07,5.726856044935132e-07,1.0000401033543125,5.806024526312951e-07,5.83610387949714e-07,5.896647718251012e-07,5.799626765182887e-07,5.806375844030877e-07,5.675943184794537e-07,5.793347272851358e-07,5.751933432370151e-07,5.743832185004097e-07,5.810073046318811e-07,5.811463490000553e-07,5.732935143049528e-07,5.23967385729227e-07,5.729312568728709e-07,5.802068003331441e-07,5.801924002509466e-07,5.738907344349209e-07,5.746238171711556e-07,5.726904387119681e-07,5.744659847614502e-07,5.737264513791525e-07,5.742538954220839e-07,5.657747229513125e-07,5.82527515494363e-07,5.717341533911352e-07,5.806789310556432e-07,5.759455071033907e-07,5.758916063314534e-07,5.807545225806732e-07,5.69450663088572e-07,5.777953870091142e-07,5.7302497514338e-07,5.709729818670032e-07,5.720503212012976e-07,5.726192499116237e-07,5.720466639290268e-07,5.725780563011481e-07,5.715697993487345e-07,5.713452712964787e-07,5.717341535736143e-07
5.925041604614333e-07,-2.3110233962019413e-06,-2.8853778907683836e-15,2.0761856876902748e-12,2.0761927576826736e-12,2.076189404486512e-12,2.076190206433043e-12,2.0761891568661587e-12,-4.675428187099835e-18,-5.29117965632005e-18,-4.741500302365982e-15,-2.0226675518370424e-18,4.1449292486928435e-09,-3.59265199579346e-15,-1.5602302665419213e-18,3.7550262295045974e-18,-4.4564376450568334e-15,-1.1698726848182651e-14,-2.6291126426938407e-18,-6.295402602172948e-15,2.0761834529272437e-12,4.144937259518846e-09,-4.04355175843161e-15,-3.627298070435152e-15,-3.1542997593703226e-15,2.076186329193954e-12,-4.2204962620105474e-15,2.0762044880021008e-12,-3.147327264408999e-15,4.144914611061561e-09,-4.6216930169716284e-18,-1.9490603102461806e-18,4.144935227853519e-09,4.144929496361865e-09,-2.482821163716957e-18,-2.638334046457335e-18,4.144914606436235e-09,-2.93626149651269e-14,-1.3089459092950356e-18,-3.062789833938555e-15,-4.706015339622196e-15,-2.9223729971149996e-15,-6.478884779084743e-15,2.076174216191955e-12,-2.717942521004496e-18,-1.1228955153989456e-17,2.0761982894699712e-12,-1.2033517144337485e-14,2.076187228312534e-12,4.144941474227864e-09,2.076188543545829e-12,-3.677807227965962e-15,2.076185029611457e-12,-3.2883115262511125e-18,-1.64015532581074e-18,2.076183157703575e-12,4.14492814007284e-09,-2.971411501851073e-15,-5.132645526555547e-15,-3.2024244268055268e-15,-2.6328027370625997e-18,-2.1201752399346824e-18,-2.9172249869760224e-15,-4.019122820460777e-15,2.0762069406004167e-12,-1.8282702706769002e-18,-5.293390324989022e-15,-5.317381845505123e-15,-1.809408189144138e-18,-3.1499645826021713e-15,-3.942519196154542e-15,-9.133274171862771e-17,-2.3058913873499418e-18,-4.073729520836122e-15,-3.0153405094717962e-15,-3.742556612290593e-15,-3.301122475704324e-15,-1.031343868096731e-14,-2.7956379373067312e-15,-2.9187966410151936e-15,-2.8735374288131085e-15,-3.739708717326744e-15,-3.4463134971403015e-17,-1.4456200604707633e-18,-6.997668199532579e-18,-5.012409252457671e-15,-2.9725874133371393e-15,-3.7685294547789375e-18,-1.680854476914993e-18,-1.4628742105773546e-18,-3.658226464400111e-15,-1.552586188942404e-18,-1.5678910107880913e-18,2.0761869566917883e-12,2.076191000082283e-12,-1.3830378082769915e-18,-1.6386913568223124e-18,2.076188050220333e-12,-1.513440281280463e-18,-2.9102400009312946e-15,-3.733666446689298e-15,-1.423102879899155e-18,-2.6580607413173254e-15,-1.6141832775433254e-18,-1.3566276406832518e-18,-1.4610924826538434e-18,-1.4692829268708301e-18,-2.9957481119660766e-15,-3.2970110347906514e-15,-3.326719299354753e-15,-4.966100086840608e-18,-3.477863593629263e-15,-1.3895970880382635e-18,-1.4544619924070402e-18,-1.529318817632588e-18,-4.1037069435797036e-15,-4.377107524406411e-15,-1.476817550620308e-18,-1.5438567627825178e-18,-1.494407110948292e-18,-2.2704074761551674e-18,-1.3766561175557238e-18,-1.465893653815981e-18,-1.3780687644226421e-18,-1.439774752966873e-18,-1.474835590860365e-18,-1.4607374085569104e-18,-1.5397419715248736e-18,-1.4885206707070551e-18,-1.534715073948094e-18,-1.5192179698907786e-18,-1.5036810932121618e-18,-1.492525496744714e-18,-1.520604308639345e-18,-1.4648338939264286e-18,-1.5335718131031946e-18,-1.4734762866101966e-18,-1.4677353575555064e-18
5.781637801624769e-07,-2.8853778907683836e-15,-2.3110233937165175e-06,-5.10696163464291e-12,-5.106968322615708e-12,-5.106964073957582e-12,-5.1069642460953855e-12,-5.106965786406504e-12,-3.1720995569330777e-18,-3.4381010655233797e-18,-1.6552658154602312e-18,-1.3376018535586e-18,-5.106950841157474e-12,-1.3218593410939437e-18,-1.015787701088737e-18,-2.028040695290423e-14,-1.4378850693204705e-18,-4.166453577630649e-18,-1.777618465553964e-18,-2.158692135658974e-18,-5.106957056736541e-12,-5.106955591584946e-12,-1.438912239692103e-18,-1.2042543264939813e-18,-9.953685406469544e-19,-5.106960223781539e-12,-1.416585892877186e-18,-5.1069726035973094e-12,-1.0876495304832584e-18,-5.1069419648327244e-12,-3.0769561267297604e-18,-1.2937050011193691e-18,-5.1069543432962176e-12,-5.106950922589284e-12,-1.5991061922453279e-18,-1.75765772785595e-18,-5.1069419152989174e-12,-1.1362315067419953e-17,-1.9453737090527548e-15,-1.0011588137478274e-18,-1.5899975564186508e-18,-1.015090743416821e-18,-2.186831717127202e-18,-1.0195614768613244e-08,-3.705442625759727e-15,-6.0720537522603485e-18,-5.106971518926266e-12,-6.540622442917889e-18,-5.1069616348569075e-12,-5.1069580655855626e-12,-5.106963480812053e-12,-1.2549974212982452e-18,-5.106958997115483e-12,-1.954765709966614e-18,-1.0374035974426726e-18,-5.1069566256351406e-12,-5.106950111431635e-12,-8.994145599126904e-19,-3.5072291604553204e-15,-1.012831555708982e-18,-1.863919754081347e-18,-1.2910853356591716e-18,-9.60771859176102e-19,-1.4294536543605918e-18,-5.106973554572011e-12,-1.1361960253323732e-18,-1.842743373278706e-18,-1.7871770330813062e-18,-1.0577285032699992e-18,-9.154804390751556e-19,-1.4464610159153656e-18,-2.5066313509583015e-13,-1.6024900666831423e-18,-1.427243558978334e-18,-2.185157376259134e-15,-1.2213732348996206e-18,-1.1938408771073553e-18,-3.230523456175456e-18,-8.93131680053499e-19,-1.011541921464407e-18,-9.227474638936765e-19,-1.1396257694612954e-18,-1.4137952952281837e-17,-8.827613105043344e-19,-3.3877715739147082e-18,-1.7113219745876012e-18,-9.125892119278146e-19,-4.88092489642593e-15,-1.0397164439089093e-18,-8.919819483207652e-19,-1.0834739046349334e-18,-8.56464993973881e-19,-8.5595135338229925e-19,-5.1069612757298926e-12,-5.106966368093112e-12,-8.285634355200092e-19,-1.0551591226915398e-18,-5.106962889529188e-12,-9.576996455056066e-19,-1.029513242727432e-18,-1.2852313116746889e-18,-1.8495324801190457e-15,-8.139837867131067e-19,-1.9692887925305572e-15,-8.686832436966286e-19,-8.776027866974881e-19,-9.59641457072628e-19,-1.0134855898107554e-18,-1.0468392862567386e-18,-1.0360438610572772e-18,-3.1797266311998913e-18,-1.0323723704056464e-18,-8.75003146310597e-19,-9.304274534592295e-19,-9.29179791545984e-19,-1.251635861768064e-18,-1.384393667610934e-18,-9.510443342951967e-19,-9.707891675819534e-19,-7.900078605089343e-19,-1.4732791824458592e-18,-1.0788619123033076e-18,-8.151586046822728e-19,-8.78632702563143e-19,-8.022949974960397e-19,-8.827250290586899e-19,-8.393329004128867e-19,-9.221559067502886e-19,-8.645857050228939e-19,-9.049954938726226e-19,-9.588774229873977e-19,-9.910048468018957e-19,-9.576695009878341e-19,-9.08498511231768e-19,-8.494708438831916e-19,-1.9326125420476313e-15,-9.09460266043818e-19,-9.253179788863818e-19
1.000039652536678,2.0761856876902748e-12,-5.10696163464291e-12,1.000052684298243,1.0000567717714777,1.000055766371758,1.0000558909247177,1.0000559993371796,-1.955558208303878e-08,-3.970213210531417e-08,-7.767293561283286e-09,-1.1429555035794606e-11,1.0000525477290936,-2.4653683317697175e-12,-5.437496529827323e-12,1.937371383828273e-06,-9.086977764541113e-12,4.1834919120626555e-09,-3.9478727676425554e-12,8.54669197576774e-10,1.000054063122377,1.0000537033951056,4.010691243877068e-12,-6.330847304673363e-12,-2.1534415773761977e-12,1.0000548550728465,-9.232214363188151e-12,1.0000586914347458,-3.634319402598588e-12,1.0000504119815028,-2.374116231220034e-08,-1.3007590463316464e-09,1.0000534041475901,1.0000525729345269,-1.5118285518275067e-08,-1.30077450959549e-08,1.0000504069414107,1.4794626646209867e-07,-1.2868334429285388e-12,-8.188096582465365e-12,-5.978748531021897e-12,-1.010088286274508e-12,-5.833740646837858e-12,1.0000513740988832,-1.2060491269592562e-08,-2.773569584490019e-07,1.0000578576132455,3.4507365796453895e-07,1.0000551662883708,1.0000543038190923,1.00005558101591,-2.24618025514892e-13,1.000054526076733,-4.686897745926841e-08,-9.391628156908403e-12,1.000053961379137,1.000052378667874,-5.360202823220098e-12,-4.913851973461277e-12,-5.3166647780022315e-12,-4.60985847543996e-09,-1.472429428036554e-08,-6.547357730837797e-12,-4.603162259242337e-12,1.0000590998407455,-7.13438399492294e-12,-1.3849980986131725e-08,-1.0988541471184367e-11,-8.305507044571665e-12,-6.816662417284806e-12,2.304440116799031e-13,9.24982814717674e-06,-2.8107369470580635e-09,-2.496440885681673e-12,2.0923048826857336e-12,-6.5812186412797195e-12,-4.166161392176687e-12,-6.110151721945142e-08,-2.9956418339702937e-12,-5.039263724440148e-12,-1.7216502977410265e-12,-1.048461167199952e-11,-7.753488573884005e-10,-6.53253955309667e-12,-1.2654243354878968e-10,-2.4761756528952076e-08,-5.072899103408578e-12,-1.6677421766963068e-11,-8.47997406120179e-12,-6.209707839286311e-12,-8.108358799252634e-12,-9.115231670026736e-12,-9.431943799896343e-12,1.000055070295053,1.0000562835348084,-4.781749206716257e-12,-7.851005017849885e-12,1.0000554461464355,-3.885421841827838e-12,-2.3787336779084034e-12,6.539266099439199e-13,-4.2058859061842705e-12,-3.867823253714381e-12,-1.040125166540844e-11,-4.520428747790213e-12,-6.594865953826264e-12,-7.000660904470833e-12,-3.682630207318755e-12,-3.612982474464854e-12,-7.546501663494929e-12,-6.439300591362306e-08,-7.727958718251162e-12,-4.083603679400822e-12,-4.0908167024424126e-12,-7.247349192203899e-12,-6.8801520882018215e-12,-1.5669098408730443e-08,-6.9592025850004225e-12,-7.329639755614064e-12,-7.065439413207689e-12,-1.1312704848286957e-11,-2.9211473828190197e-12,-8.32759021184249e-12,-3.847111628461972e-12,-6.218103951805883e-12,-6.245102618578861e-12,-3.809247581477676e-12,-9.47140046879739e-12,-5.291491581373495e-12,-7.68101175809307e-12,-8.708863275953858e-12,-8.169219335311689e-12,-7.884240700913889e-12,-8.17105166712629e-12,-7.904874994412374e-12,-8.409914962873017e-12,-8.52238293910391e-12,-8.327589512142937e-12
1.0000414289581772,2.0761927576826736e-12,-5.106968322615708e-12,1.0000567717714777,1.0000562372011768,1.0000575428230174,1.000057667376197,1.0000577757888554,-1.9555601292404606e-08,-3.970218518627253e-08,-3.890612597283529e-12,-1.1429571994533683e-11,1.0000543241746505,-2.4653694094043437e-12,-5.437503579526792e-12,1.937374826700451e-06,-9.086990252043464e-12,4.183519209649116e-09,-3.947875510409405e-12,4.281046233978077e-13,1.0000558395706203,1.0000554798427108,4.010701589868107e-12,-6.330855526617566e-12,-2.153442760048898e-12,1.0000566315224904,-9.232227267021084e-12,1.00006046789117,-3.6343232118534174e-12,1.0000521884232765,-1.189187538365258e-11,-6.515445599270786e-13,1.0000551805946645,1.0000543493801288,-7.57270321465536e-12,-6.515539459455483e-12,1.0000521833831741,7.410586820875915e-11,-1.2868332644453993e-12,-8.188108615534386e-12,-5.978755143747191e-12,-1.0100875589814501e-12,-1.164661147827767e-08,1.0000531505423615,-6.041062602793922e-12,-1.3892727912446707e-10,1.000059634068205,3.4507429414203336e-07,1.000056942738566,1.0000560802677603,1.000057357466841,-2.2461544464038458e-13,1.0000563025257962,-2.3476532072162074e-11,-9.391642099789968e-12,1.0000557378272001,1.0000541551131343,-5.360209967460682e-12,-4.913856343752065e-12,-5.316671552036249e-12,-2.309062107972199e-12,-7.375354415475654e-12,-6.5473667713826e-12,-9.189858910360339e-09,1.0000608762978902,-7.13439348172611e-12,-6.9374125703115095e-12,-2.1937787772141466e-08,-8.305518773309101e-12,-6.816671917027875e-12,2.3044768919833707e-13,9.249844953468317e-06,-1.4078877390903229e-12,-2.4964418866611885e-12,2.0923111410323793e-12,-6.581227091038771e-12,-4.1661660096054696e-12,-3.060556832475857e-11,-2.9956447960663744e-12,-5.039270203325596e-12,-1.7216510489523104e-12,-1.048462719195587e-11,-1.5479258238342057e-06,-6.532548746812562e-12,-2.526324756273176e-07,-1.2403089804328233e-11,-5.0729056508068294e-12,-1.6677444994997867e-11,-8.479986341393794e-12,-6.209716415229914e-12,-8.108370085995783e-12,-9.115245312080004e-12,-9.431957973980107e-12,1.0000568467450799,1.0000580599869853,-4.78175535152017e-12,-7.851016251192416e-12,1.0000572225971298,-3.885426220087078e-12,-2.3787355495725826e-12,6.539309373791938e-13,-4.205891045765614e-12,-3.867827678884913e-12,-1.0401267578479233e-11,-4.5204344828849616e-12,-6.594875284170579e-12,-7.000670917267291e-12,-3.6826341721512974e-12,-3.61298624226109e-12,-7.54651233432264e-12,-3.225426602745243e-11,-7.727969595491822e-12,-4.083608539242944e-12,-4.090821560528391e-12,-7.247359513875565e-12,-6.880160982447241e-12,-7.848603905216674e-12,-6.959212529540661e-12,-7.329650129769e-12,-7.065449575552239e-12,-1.1312721124050216e-11,-2.9211502867449256e-12,-8.32760252408125e-12,-3.847116161964681e-12,-6.2181126222124764e-12,-6.245111333509117e-12,-3.809251919717522e-12,-9.471414746558192e-12,-5.291498523167483e-12,-7.681022862442739e-12,-8.708876249270948e-12,-8.16923135108721e-12,-7.884252266635599e-12,-8.171063710678148e-12,-7.90488658814068e-12,-8.4099274040184e-12,-8.522395596887245e-12,-8.327601819938415e-12
1.0000404235745128,2.076189404486512e-12,-5.106964073957582e-12,1.000055766371758,1.0000575428230174,1.0000542263991816,1.0000566619755829,1.0000567703881291,-9.79532285066582e-12,-1.988666167676838e-11,-3.890610139453016e-12,-1.1429561677661999e-11,1.0000533187773908,-2.465368183188216e-12,-5.437499090221711e-12,1.9373728776278827e-06,-9.08698240544027e-12,2.095500648069902e-12,-3.947873084577605e-12,4.2810228174725835e-13,1.0000548341718383,1.0000544744442903,4.010696350687132e-12,-6.3308502410345225e-12,-2.153441586612289e-12,1.0000556261229152,-1.8431398415571383e-08,1.0000594624877495,-3.634320514943555e-12,1.0000511830281582,-2.374117085925039e-08,-6.515451355719991e-13,1.0000541751965453,1.0000533439828427,-1.511829187067013e-08,-1.300774945540873e-08,1.0000511779880636,1.479464126079715e-07,-1.286832840849292e-12,-8.188101279236693e-12,-5.978750505080864e-12,-1.0100874824885745e-12,-5.833741666917717e-12,1.000052145146279,-6.04105822495722e-12,-2.7735714927738346e-07,1.0000586286656166,1.7284621740077052e-10,1.0000559373386793,1.0000550748687376,1.0000563520665362,-2.2461628446503405e-13,1.0000552971265502,-2.3476510392024436e-11,-9.391633709900228e-12,1.0000547324285198,1.000053149716042,-5.3602054916288575e-12,-4.9138529939147725e-12,-5.316667189396046e-12,-2.3090614964409834e-12,-7.375348351056965e-12,-6.5473611742236275e-12,-4.603163575030131e-12,1.0000598708940613,-7.134387495077986e-12,-6.937407274963953e-12,-1.0988547264751234e-11,-8.305511526030823e-12,-6.8166660162813855e-12,2.3044625671723977e-13,9.249835514806364e-06,-1.4078878060407398e-12,-2.4964406670064196e-12,2.0923081432076934e-12,-6.581221653598902e-12,-4.166162855989766e-12,-6.110155335362692e-08,-2.995642620248895e-12,-5.039266037835288e-12,-1.721650163358824e-12,-1.0484617820290898e-11,-1.5479243048915203e-06,-6.532543035553043e-12,-2.5263222947814294e-07,-1.2403078827033916e-11,-5.072901459910186e-12,-1.6677430535393537e-11,-8.479978810136882e-12,-6.209711106783595e-12,-8.108363061881799e-12,-9.115237041102059e-12,-9.431949433995163e-12,1.0000558413452865,1.000057054585975,-4.781751385259817e-12,-7.851009356531276e-12,1.0000562171969591,-3.885423221543928e-12,-2.378733936278575e-12,6.539291220134959e-13,-4.2058876607080245e-12,-3.867824663553104e-12,-1.0401258007697961e-11,-4.520430816207237e-12,-6.594869508616805e-12,-7.0006647632445455e-12,-3.682631415618376e-12,-3.612983591317367e-12,-7.54650571362037e-12,-6.439304522892843e-08,-7.727962896490692e-12,-4.08360535444265e-12,-4.090818375799779e-12,-7.247353200165489e-12,-6.880155311611755e-12,-7.848597380412347e-12,-6.959206398318934e-12,-7.329643764038013e-12,-7.065443348914797e-12,-1.1312711150255355e-11,-2.921148126033559e-12,-8.32759505341721e-12,-3.847113079952952e-12,-6.218107193999879e-12,-6.245105898170398e-12,-3.8092489488757876e-12,-9.471406175276242e-12,-5.291494190181758e-12,-7.681016021898789e-12,-8.708868439850115e-12,-8.16922407125637e-12,-7.884245269185848e-12,-8.171056373418835e-12,-7.904879566048074e-12,-8.409919815820974e-12,-8.522387875004118e-12,-8.327594315890404e-12
1.0000405481254688,2.076190206433043e-12,-5.1069642460953855e-12,1.0000558909247177,1.000057667376197,1.0000566619755829,1.0000544755053107,1.000056894941214,-1.955558659022049e-08,-1.9886662669747744e-11,-7.767293835974856e-09,-1.142956246860694e-11,1.0000534433300472,-4.921910950788653e-09,-5.4374991792548855e-12,9.704228651360754e-10,-9.08698278890807e-12,4.183512069963313e-09,-3.947872686943309e-12,8.546784293230815e-10,1.0000549587246819,1.0000545989970888,8.007045167768513e-09,-6.330850427000579e-12,-4.29917446661607e-09,1.0000557506758567,-9.232219730074368e-12,1.0000595870411628,-3.6343204134738416e-12,1.0000513075805517,-1.1891866283716413e-11,-6.515445278706131e-13,1.0000542997493074,1.000053468535503,-7.572697226936528e-12,-6.515534437901623e-12,1.0000513025404547,1.479464410980522e-07,-1.286832625938863e-12,-8.18810181960966e-12,-1.1936103047466965e-08,-2.0165577482293116e-09,-1.1646603065689998e-08,1.0000522696987908,-1.2060494534444549e-08,-2.7735717696134477e-07,1.000058753218929,1.7284624136832869e-10,1.0000560618916594,1.0000551994216116,1.0000564766195694,-4.4842527345740707e-10,1.0000554216794508,-4.686901055720075e-08,-9.391634326984334e-12,1.0000548569813508,1.0000532742686774,-5.360205718573902e-12,-9.810118248550323e-09,-1.0614306880850953e-08,-2.3090607569906923e-12,-7.375348496309071e-12,-6.547361510988283e-12,-9.189852022900757e-09,1.0000599954475236,-7.134387686971187e-12,-6.937407351139884e-12,-1.098854768689561e-11,-8.305512041178331e-12,-1.3608937287116671e-08,4.6007172706018805e-10,9.249836742263956e-06,-1.4078871913093923e-12,-4.983944722380686e-09,4.177132597498973e-09,-1.3138890569087752e-08,-4.166162890090987e-12,-6.110155773866057e-08,-5.980563077213246e-09,-5.039266199406715e-12,-1.721649884215263e-12,-1.0484618577377243e-11,-7.753495077624848e-10,-6.532543413825694e-12,-2.5263225692011483e-07,-2.4761771725656673e-08,-1.0127647879052334e-08,-3.329517837558069e-08,-1.6929610979699405e-08,-6.2097113852477695e-12,-1.6187708701276638e-08,-9.115237676707234e-12,-9.431950086137312e-12,1.0000559658982549,1.0000571791390942,-4.781751549633379e-12,-1.5673922851422292e-08,1.0000563417499753,-3.885423207559563e-12,-4.7489532678881315e-09,1.3055220301223733e-09,-4.2058877625613865e-12,-7.72180645649735e-09,-1.0401258815696754e-11,-4.520430874639911e-12,-6.594869892283261e-12,-7.000665218829249e-12,-7.352082480665787e-09,-3.612983466462831e-12,-1.5066005068525987e-08,-6.439305015230057e-08,-1.542826991807767e-08,-4.0836053892040595e-12,-4.090818374195498e-12,-7.247353650203275e-12,-6.880155513398779e-12,-1.566910618128024e-08,-6.959206843780462e-12,-7.32964414052874e-12,-7.065443723822603e-12,-1.1312711842774232e-11,-2.9211480807626632e-12,-8.327595621083194e-12,-3.84711314949572e-12,-6.218107504507217e-12,-6.245106151012572e-12,-3.809248973876708e-12,-9.471406828512688e-12,-5.291494329833337e-12,-1.5334544644950393e-08,-8.708868988078804e-12,-8.169224605763401e-12,-7.884245730921303e-12,-8.171056942028007e-12,-7.904880049178769e-12,-8.409920395998645e-12,-8.522388503709806e-12,-8.327594885505739e-12
1.000040656536243,2.0761891568661587e-12,-5.106965786406504e-12,1.0000559993371796,1.0000577757888554,1.0000567703881291,1.000056894941214,1.0000546923304507,-1.955559512316921e-08,-3.970216461950514e-08,-3.890611880588857e-12,-1.1429565113678104e-11,1.0000535517422384,-2.465369374127617e-12,-1.0855541663195346e-08,1.9373733299100763e-06,-9.086985283084976e-12,4.18350427087671e-09,-7.881619452767264e-09,4.281012119414598e-13,1.0000550671370414,1.00005470740941,4.010696634370813e-12,-1.2639047613740683e-08,-2.1534426286599843e-12,1.0000558590883037,-9.232222190426523e-12,1.00005969545404,-3.6343218285048346e-12,1.0000514159925076,-2.3741179748781746e-08,-6.515459753401252e-13,1.000054408161594,1.000053576947698,-1.5118297274740442e-08,-6.515536986626771e-12,1.0000514109524112,1.4794643621477528e-07,-1.2868336852600668e-12,-8.188103761976635e-12,-1.1936107642888064e-08,-1.0100883383851707e-12,-1.164660883615889e-08,1.0000523781108541,-1.2060499594112981e-08,-2.7735722204221456e-07,1.0000588616317105,3.45074013963662e-07,1.0000561703041422,1.0000553078339969,1.0000565850320953,-4.4842785213361386e-10,1.0000555300918632,-2.347651718692261e-11,-1.8749662995361215e-08,1.000054965393701,1.0000533826808509,-5.360207165015288e-12,-9.810122877780355e-09,-1.0614310203021318e-08,-2.309063169143284e-12,-1.4724306106620368e-08,-6.547363241557429e-12,-9.189855913844727e-09,1.0000601038604482,-7.13438981468709e-12,-6.937409945527376e-12,-1.0988550739450889e-11,-8.305514142853982e-12,-6.816668181047574e-12,2.3044560094832504e-13,9.249837590618685e-06,-2.8107364902357717e-09,-2.496441969366753e-12,2.0923080148639066e-12,-1.3138894653359675e-08,-4.166164471999091e-12,-3.060554983340887e-11,-2.9956438361388215e-12,-1.0060500517806043e-08,-1.7216510451104545e-12,-1.0484620972896993e-11,-7.753496139741033e-10,-6.532545100906528e-12,-1.2654255616448992e-10,-1.2403082690009178e-11,-5.07290315744521e-12,-3.329518726835633e-08,-8.479981402263748e-12,-6.209713032415466e-12,-8.108365591530703e-12,-9.115239731971306e-12,-9.431952167950667e-12,1.0000560743107267,1.000057287551698,-4.781753061617062e-12,-1.567392678869643e-08,1.0000564501624871,-3.885424641979214e-12,-2.378735038287177e-12,1.3055195404047782e-09,-4.205889178417324e-12,-3.8678261328689715e-12,-1.0401261041148756e-11,-4.520432305573437e-12,-6.59487162410647e-12,-7.0006669337023025e-12,-3.682632840522137e-12,-7.213038913010545e-09,-7.546508093569552e-12,-6.439306390407259e-08,-1.542827395999588e-08,-4.083606799823515e-12,-4.090819815965566e-12,-7.247355461673772e-12,-6.8801576644282645e-12,-1.5669110963627008e-08,-6.959208593863409e-12,-7.329646052329116e-12,-7.065445500923564e-12,-1.1312714674277232e-11,-2.9211493673507175e-12,-8.327597538831722e-12,-3.847114532744902e-12,-6.218109206234967e-12,-6.245107914530781e-12,-3.809250370149198e-12,-9.471408902804896e-12,-5.2914959234329236e-12,-7.681018419989338e-12,-8.708870961107065e-12,-8.169226519319448e-12,-7.884247593996582e-12,-8.171058845587809e-12,-7.904881924681196e-12,-8.409922361612726e-12,-8.522390448309763e-12,-8.32759682400252e-12
5.68804090075737e-07,-4.675428187099835e-18,-3.1720995569330777e-18,-1.955558208303878e-08,-1.9555601292404606e-08,-9.79532285066582e-12,-1.955558659022049e-08,-1.955559512316921e-08,-2.3110234145811116e-06,-1.1659555912158741e-17,-5.438240381425134e-18,-4.429751508903022e-18,-1.955554539461917e-08,-4.379203512287421e-18,-3.4330454038012066e-18,-1.9855687776596056e-17,-4.924561638988352e-18,-1.3626855358874296e-17,-5.766393831496303e-18,-7.06339283320433e-18,-1.9555565235735516e-08,-9.795309553184078e-12,-4.5941101363448436e-18,-4.073294797374037e-18,-3.5554068164510054e-18,-9.79531678666943e-12,-4.651580540644686e-18,-9.79533059125829e-12,-3.6208097747084435e-18,-1.9555516894338633e-08,-2.081334545723047e-14,-9.278496520216721e-15,-1.9555556495310173e-08,-1.9555545515214312e-08,-5.439054922227114e-18,-5.901479441726353e-18,-1.9555516806880083e-08,-7.249081054779199e-14,-3.2586291250695588e-18,-3.288739156802469e-18,-5.2754522388818106e-18,-3.3844531643034315e-18,-7.323262669828147e-18,-1.9555529689418977e-08,-1.2339529325331758e-14,-4.391221206971657e-14,-1.955560699487898e-08,-1.9105659742077464e-17,-1.955557986763135e-08,-1.9555568317018033e-08,-1.9555585931406207e-08,-4.092836003367374e-18,-1.955557143817679e-08,-6.819277746712403e-18,-3.5041382331084865e-18,-9.795311061505488e-12,-1.9555542907571847e-08,-3.2378276219643766e-18,-5.880089851728376e-18,-3.598504967746128e-18,-1.2440434626526821e-14,-9.645960731198155e-15,-3.345769252048556e-18,-4.748838964433458e-18,-9.795330891450317e-12,-4.2257920115121056e-18,-6.0751794615816025e-18,-5.696847465320248e-18,-3.985834845151717e-18,-3.4054713761323837e-18,-4.606077797986169e-18,-3.482450787861605e-16,-1.0823312703028216e-14,-4.5452875616957074e-18,-3.5897173356524724e-18,-4.249688834825495e-18,-3.70389587330782e-18,-1.1148492134965155e-17,-3.332335621080822e-18,-3.2631450777447567e-18,-3.199573885831187e-18,-3.91242171144258e-18,-5.742720615740637e-17,-3.1580244835258318e-18,-1.2638326332799654e-17,-5.450916369648834e-18,-3.354984908374001e-18,-1.643715738401599e-14,-3.7034833808703406e-18,-3.2249699592367654e-18,-4.1737066704987834e-18,-3.1476072248748357e-18,-3.3483535582749217e-18,-9.795318651690941e-12,-9.795326821974785e-12,-3.0692658640519806e-18,-3.4922743536947585e-18,-9.795321232704674e-12,-3.452227005861638e-18,-3.350511465085879e-18,-4.3871094172502755e-18,-3.072350956120551e-18,-3.299369098194077e-18,-3.422696487864833e-18,-3.1519237396586176e-18,-3.258916834081195e-18,-3.1504456964290555e-18,-3.4174808265528405e-18,-3.523526873051464e-18,-3.588353637214576e-18,-1.0459811996518993e-17,-3.755127228093816e-18,-3.0870651720178454e-18,-3.2316178795432304e-18,-3.1957616891220275e-18,-4.406212651127542e-18,-5.0276152246807535e-18,-3.0624678461265817e-18,-3.3891151750519615e-18,-3.1784414566233173e-18,-5.028362238760834e-18,-3.1158889636800748e-18,-3.228257906918763e-18,-3.0864091210087074e-18,-3.1960501281228798e-18,-3.122302612173636e-18,-3.1774485371339172e-18,-3.204489864181802e-18,-3.256100548628294e-18,-3.3670727789461202e-18,-3.056694331196894e-18,-3.2328303520454005e-18,-3.1793171536520833e-18,-3.1505436867098272e-18,-3.2000230080167387e-18,-3.2403066305914442e-18,-3.262372257707569e-18,-3.1839000074939845e-18
5.486578756813039e-07,-5.29117965632005e-18,-3.4381010655233797e-18,-3.970213210531417e-08,-3.970218518627253e-08,-1.988666167676838e-11,-1.9886662669747744e-11,-3.970216461950514e-08,-1.1659555912158741e-17,-2.311023417443519e-06,-5.913501189944243e-18,-4.709526641763565e-18,-3.9702047423922274e-08,-4.813603712256606e-18,-3.747820167632186e-18,-3.9416242604747515e-17,-5.306897141296916e-18,-1.537681799266114e-17,-1.2679519675496064e-14,-7.95447278211305e-18,-1.988663444458305e-11,-3.9702084829513375e-08,-5.2055943057874555e-18,-4.42098222583499e-18,-3.894011193980762e-18,-1.988664692216753e-11,-5.035027660658218e-18,-3.970222082151531e-08,-3.976079961451695e-18,-3.970197745494466e-08,-1.1347257437559964e-17,-5.2076201281547005e-18,-3.97020750920599e-08,-3.9702048025702635e-08,-5.941125576589794e-18,-6.473337470919806e-18,-3.9701977325330045e-08,-4.175635632016459e-17,-3.632158495384709e-18,-3.5355131680948135e-18,-5.786598861882852e-18,-3.8096877150843816e-18,-8.087684686075257e-18,-3.970200889377851e-08,-6.7413986523919665e-18,-2.2131795020514148e-17,-1.9886691684712295e-11,-2.446632973265175e-17,-3.9702132636858466e-08,-1.9886638328097015e-11,-1.9886659593689606e-11,-4.551608699905693e-18,-3.970211178636698e-08,-7.272189714628927e-18,-3.714577151676896e-18,-3.970209302960163e-08,-3.970204168508538e-08,-3.5696127919171906e-18,-6.456470608742179e-18,-3.962479858393724e-18,-6.8324004577719465e-18,-5.166309229314715e-18,-3.670723361287768e-18,-5.166497963074915e-18,-3.9702228942883454e-08,-4.533202837219446e-18,-6.5015677061271935e-18,-6.067558909316747e-18,-4.2228870998056e-18,-3.759196067857324e-18,-5.1394295499638105e-18,-4.708974898809676e-16,-6.032549832499839e-18,-5.092980189540535e-18,-3.998193235437245e-18,-4.677989823187842e-18,-4.17729698052548e-18,-1.202963318936434e-17,-3.52887635072901e-18,-3.645597253532022e-18,-3.53315431280903e-18,-4.284151150462836e-18,-1.0069239671022208e-13,-3.3848161351539317e-18,-1.1750824001001605e-17,-5.926711499226404e-18,-3.6438295535990495e-18,-8.902087407157766e-18,-3.944619338076446e-18,-3.4412051908314053e-18,-4.452777665825785e-18,-3.5667709680511145e-18,-3.5040981985548646e-18,-3.970212956168791e-08,-3.9702169663741646e-08,-3.4550579280141894e-18,-3.7941031129769686e-18,-1.9886657393017634e-11,-3.766583062782372e-18,-3.6703248257940264e-18,-4.867125836000006e-18,-3.4314302868749544e-18,-3.7000676729998725e-18,-3.572651410324599e-18,-3.3882313887914084e-18,-3.4490507239538083e-18,-3.550775287294589e-18,-3.747232735329739e-18,-3.9629025147639435e-18,-3.844696842471022e-18,-1.1145781162156442e-17,-4.116434728953529e-18,-3.3623710952350755e-18,-3.6425913031896054e-18,-3.401395512400524e-18,-4.859078524716014e-18,-5.488609718940203e-18,-3.441225727384587e-18,-3.651343989673181e-18,-3.4526739009352028e-18,-5.302312055709304e-18,-3.4203073027643927e-18,-3.461304618392471e-18,-3.4094753782005232e-18,-3.462161258652767e-18,-3.4642950954132094e-18,-3.528297896890293e-18,-3.5121785012163066e-18,-3.4316544013054244e-18,-3.622727128119738e-18,-3.4559809019450228e-18,-3.4035080372757997e-18,-3.4091651634846596e-18,-3.3955681396930276e-18,-3.4494841979850306e-18,-3.508047079714244e-18,-3.470586338377523e-18,-3.328704002839706e-18
5.80592122199169e-07,-4.741500302365982e-15,-1.6552658154602312e-18,-7.767293561283286e-09,-3.890612597283529e-12,-3.890610139453016e-12,-7.767293835974856e-09,-3.890611880588857e-12,-5.438240381425134e-18,-5.913501189944243e-18,-2.3110233973307342e-06,-4.554832671298422e-15,-7.767280204210057e-09,-2.216545088413841e-18,-1.7215449137660361e-18,-8.027697115238286e-18,-5.182002815540969e-15,-6.930503099809024e-18,-5.8937539693426154e-15,-3.512736072830081e-18,-7.767286990104688e-09,-7.7672853006508e-09,-4.683924490670066e-15,-4.1746316920984775e-15,-1.8138267111297582e-18,-3.890607972428178e-12,-4.757770768732946e-15,-3.890610664027711e-12,-3.882914910815474e-15,-7.767270442422121e-09,-5.329887374269422e-18,-2.4385020755875684e-18,-3.890604831647529e-12,-3.890602935653003e-12,-2.705820137102078e-18,-6.087700682501251e-15,-7.767270375582895e-09,-1.8377063348906986e-17,-1.6583144108343981e-18,-1.6891306480251573e-18,-2.6748191001179553e-18,-3.3610597579893985e-15,-3.731518560430689e-18,-3.89060025715253e-12,-3.1298179703992207e-18,-1.1480862526259088e-17,-3.890612811080989e-12,-1.8670623388950895e-14,-3.890608829225842e-12,-7.76728802156155e-09,-3.89060999421303e-12,-2.114171707336141e-18,-3.890607421754157e-12,-3.4642523539422834e-18,-1.7042395522915777e-18,-3.89060608914039e-12,-7.767279294808046e-09,-1.695103613680355e-18,-5.999517620301094e-15,-3.754610172512004e-15,-3.192089411698971e-18,-2.582692846725025e-18,-1.7974922815393645e-18,-2.4498223599773885e-18,-7.767295073363104e-09,-2.173085726104675e-18,-3.0244501104043895e-18,-5.9370546894581745e-15,-2.0146796139710627e-18,-1.7835262126402837e-18,-4.689230648544053e-15,-3.341471797112578e-13,-2.8444418175473903e-18,-4.615353782013709e-15,-1.8514671509239686e-18,-4.407147728086502e-15,-1.958461940044878e-18,-5.708883916064868e-18,-3.4195659780506064e-15,-3.368603042133665e-15,-1.6404026731438858e-18,-1.8575215842380344e-18,-3.102313145024235e-17,-1.6187300002226341e-18,-6.79925929587099e-18,-5.6782884058135796e-15,-3.353423877663538e-15,-4.215696031022302e-18,-3.748214878697256e-15,-1.6812000134583788e-18,-4.328254074602107e-15,-1.7551269957068282e-18,-1.78972956007476e-18,-3.890608700703078e-12,-3.890611529947214e-12,-1.5112529748632017e-18,-1.7359685164229087e-18,-7.767293641547593e-09,-1.7715610439890404e-18,-1.7161450058358016e-18,-2.218646708147055e-18,-1.5436126862686841e-18,-1.7066859265448817e-18,-1.7643753107153014e-18,-1.5453957387023721e-18,-1.7193527021631735e-18,-1.6314004093791245e-18,-1.7328624049754875e-18,-1.823036611675225e-18,-1.8000886231289264e-18,-5.59741206616156e-18,-2.066020281315045e-18,-1.6161245498466569e-18,-1.5607990580358313e-18,-1.6288042027920917e-18,-4.456160747257969e-15,-2.7183234081172886e-18,-1.6232793517555868e-18,-1.8003465424087582e-18,-1.6295901695788764e-18,-2.592843107940686e-18,-1.60793849447932e-18,-1.694214237618616e-18,-1.6688923619433814e-18,-1.6163128103818257e-18,-1.604411913207482e-18,-1.665064268773857e-18,-1.6251925315956167e-18,-1.6555507211980935e-18,-1.6516470030240712e-18,-1.701906279532137e-18,-1.6993358672494533e-18,-1.6654199603214057e-18,-1.6601166579838384e-18,-1.613618920279678e-18,-1.6747416127536678e-18,-1.6842478859017921e-18,-1.694214237618616e-18
5.655414364465974e-07,-2.0226675518370424e-18,-1.3376018535586e-18,-1.1429555035794606e-11,-1.1429571994533683e-11,-1.1429561677661999e-11,-1.142956246860694e-11,-1.1429565113678104e-11,-4.429751508903022e-18,-4.709526641763565e-18,-4.554832671298422e-15,-2.3110233967284968e-06,-2.2818155840201348e-08,-1.8466456752485986e-18,-1.3695596921473467e-18,-2.2617156361808247e-17,-3.949308011452201e-15,-5.915940482549241e-18,-2.5371709258251187e-18,-3.0779257357879568e-18,-1.142954464980153e-11,-1.1429541048984165e-11,-4.045488020471935e-15,-1.6197549206817364e-18,-1.4804863501908286e-18,-1.142955243774364e-11,-3.713796039210059e-15,-2.281826888004743e-08,-1.4751428372705444e-18,-2.2818112853788047e-08,-4.2276621068013915e-18,-1.9897081226656727e-18,-1.1429538010544794e-11,-1.142952965013868e-11,-2.3430571069437113e-18,-2.4362678054639792e-18,-2.2818112747478543e-08,-1.6650932931718942e-17,-2.7596861118755022e-15,-1.2306731621606484e-18,-2.3370696841437036e-18,-1.4420455424970924e-18,-3.054285446936081e-18,-2.2818132191909408e-08,-2.548492089870843e-18,-7.413868120610334e-18,-1.1429581038690376e-11,-2.1507416843186792e-14,-1.142955577609113e-11,-2.281819106916213e-08,-1.1429560121489478e-11,-1.7770539213587238e-18,-1.1429549288143165e-11,-2.5973811404564656e-18,-1.2746887964454779e-18,-1.1429543591401967e-11,-1.142952770288746e-11,-1.3304466698454766e-18,-2.3791806329369538e-18,-1.5224790017173714e-18,-2.66693172035868e-18,-1.908840505838174e-18,-1.3258435490381749e-18,-1.9384260209398093e-18,-1.1429589119212543e-11,-1.7249654351642147e-18,-2.4642419622943318e-18,-2.373952401465413e-18,-1.6951121029588995e-18,-1.3389800383551994e-18,-1.956780492234709e-18,-2.1661697081430972e-16,-2.2761115893299448e-18,-1.9180907865845016e-18,-1.54366669337317e-18,-1.6421251810871462e-18,-1.4769545846501074e-18,-4.343425576374725e-18,-1.408516090674599e-18,-1.3488925840647987e-18,-1.3446879209881803e-18,-1.4153883998967185e-18,-1.3291933266596169e-17,-1.2557821104933754e-18,-3.678024365444787e-18,-4.365511829278965e-15,-1.2854027138737242e-18,-6.582256259395298e-15,-1.4300112436602783e-18,-1.2487595307678928e-18,-1.4005266216103705e-18,-1.3614420929111242e-18,-1.271684688674864e-18,-1.1429554798567531e-11,-2.281823107784538e-08,-1.2354004329534235e-18,-1.4226228821924825e-18,-1.1429558632449473e-11,-1.4103404812526666e-18,-1.4196993409548599e-18,-1.8652283016944283e-18,-1.1493419554017459e-18,-1.3831862301849822e-18,-1.30710667809046e-18,-1.2772354274204035e-18,-1.4486577227470465e-18,-1.2846799074464299e-18,-1.3761461069045552e-18,-1.4387569113653297e-18,-1.415132586935632e-18,-4.054946475656867e-18,-1.5346310403796383e-18,-1.2848634799228641e-18,-1.2487865565327354e-18,-1.1999820303795081e-18,-1.834777941518444e-18,-2.0820304402511303e-18,-1.3555562573239446e-18,-1.4114421043759114e-18,-1.2538287878558321e-18,-2.1620090476180782e-18,-1.344851326257907e-18,-1.1673587614192577e-18,-1.3403955095301911e-18,-1.3422494396263598e-18,-1.2784194666511983e-18,-1.3220900802604695e-18,-1.2586226406476014e-18,-1.2773235868097209e-18,-1.1903565951692665e-18,-1.184210758636044e-18,-1.33124970817119e-18,-1.2727847516993164e-18,-1.1519701918548105e-18,-1.1899014195032752e-18,-1.2760758388861919e-18,-1.263272464193212e-18,-1.2173866559391285e-18
