1.000000000951638,-0.7822706359818387,-0.5289003695142325,0.6703804809303111,-0.9405180653029437,-0.9235581877199273,-0.9826485628962771,-0.9000389053088262,-0.8015750122191597,-0.8342713383365361,-0.817431656291401,-0.6943101581209878,-0.9971788123254126,-0.9002043841401864,-0.9139209499475072,-0.8765982119807073,-0.8302219705186665,-0.9914241095513807,0.3360284246913577,0.8888005032577629,0.9839093563549963,0.8664448287917207,0.9601961977538332,0.4626361247360827,0.9774174668424813,0.9204346065331485,-0.9409144791590806,0.805832090846646,-0.6178732461315238,-0.8816708996051263,-0.7192354835628286,-0.9173979519380238,-0.8999713420936233,0.934031172441968,0.7534563724812898,-0.9438071911493869,0.9880850671345546,0.13732676092160367,0.9340117853810133,0.5568090121311668,0.8810276927054934,0.8803988388692634,-0.9803053333051841,-0.9134323076538468,0.9778394489018097,-0.9466640416586346,-0.809000778123273,0.574189317625367,-0.9771595697664637,-0.5382009500024355,-0.9048160585425814,0.6756491466713667,-0.4030173244226131,0.9510657359873763,-0.9477606924412301,0.1462712075250603,0.698264329617637,0.9658005144557578,-0.42671136644966456,0.8883772442704924,0.9845322878943896,0.8287151507220222,0.9367984523157692,0.28993847601399575,0.7180991845457688,-0.8121704205113689,0.8081077082446365,0.9964626696684934,0.35173355721742733,-0.7884805263138108,0.8448335986763738,-0.30625784990885674,-0.9854229943493106,-0.8904196050014795,-0.8408759577193186,0.4245092324380997,0.965628449113286,0.9062882698675749,0.9524377736732802,0.9597521325476901,-0.9158946522319964,-0.7220831194635827,-0.72937271009557,0.9842386616904104,-0.973974132530273,-0.9742404423928491,0.9895462265218665,-0.9258395406059444,0.9636986833735323,0.9722530472936886,-0.9930184318654449,-0.8908208759194667,0.6487368938974076,0.9028609263430957,-0.7539647931999935,-0.7346373981238696,-0.8575308527510781,0.849436244721393,0.5446831870350204,0.9872569820118781,-0.9882394940506424,-0.21797507978001565,0.2794497964342319,0.8853816971926504,-0.977892666085553,-0.9427880132255602,0.21404442213793898,0.7623023528381874,0.6340316223524048,0.4381200506081398,0.9411943917743885,0.19496425022375047,-0.7421983796120843,0.9470995731743659,0.7076418586599059,0.7212490701003796,0.9290877174721474,-0.779864862297449,-0.9126687325612067,0.6676554471134539,0.2471929129050851,0.7024991538924347,0.1402812643836444,-0.7434344627637677,-0.14058803956884758,-0.9617087264096573
-0.7822706359818387,0.9999999997187551,0.053342030100487686,-0.8578779367914545,0.791769463136583,0.8403360282777943,0.8833383338689708,0.6175655101207118,0.9545936739030446,0.371250002998072,0.7921634253786507,0.16592925571048545,0.8183437720199475,0.6121361981578769,0.9071400606872112,0.6713419575159274,0.7357164565568255,0.8473755431196328,-0.8001695681856512,-0.9389360943094525,-0.8572280628526184,-0.9665141793533634,-0.9190731091951454,-0.7684986699662237,-0.8838006345211048,-0.7601706657414923,0.6797207526145669,-0.35996903845769535,0.9122102575250607,0.4337624875754826,0.34050933573630077,0.7077886497002007,0.4428669569635204,-0.7210669826377554,-0.9152089651662411,0.8960236671518481,-0.6830381107091156,0.3687018128910715,-0.7764643791608363,-0.7691500483238299,-0.471445187654896,-0.916036869298437,0.808764075014791,0.516398456498808,-0.6964404073610019,0.6959657696975203,0.5867724958036344,-0.43403885978521844,0.8585010601820401,0.13875003282531856,0.5355439689727627,-0.8537370611631325,0.7347542218947906,-0.6649652684272703,0.6122150192806086,0.3800649594085747,-0.3918995157420084,-0.6948899700616082,0.5087745167207924,-0.750570739644222,-0.7371587073228646,-0.6442905237550314,-0.5601941023903385,-0.4779704523200646,-0.21443603231392974,0.7959094632856608,-0.2681646234928609,-0.7291332289806147,0.0028145896100595625,0.7928015547575767,-0.4414009180818022,0.08895013702841625,0.8141605144472245,0.7981656367221418,0.9004391389418057,-0.13830628002886985,-0.630548325859354,-0.473735055613804,-0.6170325641720238,-0.7534313917406024,0.8718313681036907,0.4886339363138377,0.25470695126344567,-0.8111765573532335,0.8715282855629998,0.7128922902474756,-0.7653339440023543,0.7241785994577633,-0.8925895378686485,-0.8295341690931732,0.7464930455968436,0.668703070834677,-0.6641649068878694,-0.7359726694354107,0.5444655057888378,0.9537749085680534,0.4294924383094911,-0.350335441449038,-0.4798776890218528,-0.7562663426881534,0.6920118061768478,-0.36257520741416105,-0.7916986149947647,-0.8429848747607598,0.6566262943347756,0.7018901755089086,-0.03533297092322307,-0.4586244722725816,-0.684129019084301,-0.30843372260607566,-0.6132189851585328,-0.17908827662764515,0.8860070363263476,-0.5571190266995582,-0.23717109856252033,-0.7465342838720598,-0.5233246976466266,0.5904255441183476,0.5075502843747428,-0.30511748547714646,-0.28148641658010926,-0.7467750460030536,-0.039584437903291504,0.4143124574294143,0.20588020884191713,0.872639992441173
-0.5289003695142325,0.053342030100487686,1.0000000004131433,-0.2543582421046664,0.6143745428922093,0.19544486982491324,0.4166742499573362,0.8006730150399665,-0.05589062585711049,0.5930098705467175,0.5388224258115262,0.4940665598572194,0.5139864598582659,0.3322660723210976,0.45337322889610115,0.7377296581125519,0.045835115774013745,0.4199812050311152,0.5445590401968028,-0.3313112259421447,-0.4546953520065957,-0.29572619926289284,-0.3342046747944029,0.07301421512803126,-0.35562632487451523,-0.6818265325276684,0.7385237097632893,-0.4512254067605883,-0.24050909799663378,0.7709793971536181,0.9308750895837726,0.24839000918148862,0.7802508369417291,-0.7213056666355068,-0.3212994472878449,0.23110950785814482,-0.5787919959055672,-0.3092050684643761,-0.2371076672261445,0.4024497701939558,-0.8661013104412233,-0.09034977281128848,0.5073904073154794,0.5110156294787159,-0.6912609929936566,0.7347325755498193,0.8183751093116303,-0.5742899188227902,0.3403631852959858,0.14948232613174095,0.8287816217088931,0.09918886405455485,-0.30376335990611414,-0.7462744865232891,0.7498136278105006,-0.8932087292403224,-0.10500834622139327,-0.7013391085168328,-0.470562893327674,-0.6939140410318817,-0.6083919010936071,-0.7888153799444872,-0.7883167677371693,-0.41964440006401627,-0.9513720768749586,0.5765891242354302,-0.8103955220531867,-0.5595810805942087,-0.9483135848380732,-0.07814042788167752,-0.403133140131136,-0.2152663701439199,0.5168986016342552,0.530487414027373,0.39564612791087844,0.03882815573847911,-0.5780218499913332,-0.5870683940006362,-0.5124919205483193,-0.6067922050533409,0.46677138845564653,0.036532706185192686,0.9454768449413313,-0.5736557291420475,0.3265014404924162,0.6750415125379271,-0.5223622666692952,0.6744146725639333,-0.4093329073682558,-0.5140490748689143,0.6157544541585444,0.2166963991309021,-0.5967745771210339,-0.6829078704817477,0.8305481017830784,0.2187231939744436,0.8802135560032673,-0.6551359222681192,-0.7507471167650105,-0.5752668640409382,0.5579622525456364,0.6954438666678245,0.3940616411879489,-0.24344538983251846,0.6894677007126382,0.6949132493606457,0.32932888889483547,-0.905805720357559,-0.5717117593879559,0.2538219542357292,-0.4683502054255674,0.5273841535757035,0.2829273432252458,-0.6103070622001544,-0.40262891086467734,-0.4626607071589056,-0.6149038744440815,0.8111340068214579,0.8044371133783674,-0.963074763906287,0.5409384013908466,-0.55921263404575,0.45984323394533033,0.9273932469356811,-0.6027751975485912,0.44636412413863963
0.6703804809303111,-0.8578779367914545,-0.2543582421046664,1.000000001859395,-0.841168349178465,-0.6805305447575365,-0.767776796113421,-0.7105554318811906,-0.7111857861263687,-0.15626674672231575,-0.9437235040622617,0.037252517024743394,-0.7227980409563309,-0.3311184966118568,-0.9015884035552896,-0.8076187590188898,-0.38577745438166605,-0.7098054322463613,0.6112439242144658,0.9274922373522575,0.7849367327993164,0.9151633284163547,0.8045143521300101,0.4625851037592734,0.7446303103427504,0.8138876002629399,-0.7311471169122442,0.2516499669635396,-0.793593265430135,-0.48713687458644467,-0.5634842652697727,-0.486260195084994,-0.3866834170761337,0.7599858632536655,0.9712374074033636,-0.6702442637546729,0.5585140909582931,-0.63654811958739,0.5276202844880102,0.4961948110687506,0.5091040444992786,0.7536081264995487,-0.7781399275330746,-0.3436090983771725,0.6601694411274872,-0.7201909885030098,-0.7547341061922219,0.7851065068742583,-0.7038495489486616,0.2174586851041463,-0.5213099257753172,0.4712218770746111,-0.7881412539866377,0.6880693288373576,-0.5453622837185017,-0.1860618778446247,0.05910036791642156,0.7090017880929912,-0.15046633150981822,0.8222891453866542,0.7166851728338935,0.7269507039533989,0.5486723376867801,0.8078766881336326,0.3618618975450848,-0.9268886512918555,0.24669683746811016,0.6175762871647561,0.32286220691661816,-0.5439155986196497,0.22141139703298165,0.35726339045922345,-0.7731760074185031,-0.9016268966910075,-0.96342310173371,-0.30180838708934427,0.5701633890066207,0.31997954518010024,0.5222499804019539,0.7893343244829922,-0.9091188161506142,-0.1459353021648486,-0.4258274592072099,0.7729460142693286,-0.7112880825473377,-0.7132010842511932,0.595533205291843,-0.6305576414455253,0.8349651337074899,0.8149598646033605,-0.6882992709522371,-0.41558099640647905,0.9105806689838669,0.8366071624696136,-0.747985993890743,-0.8933068510700316,-0.5125635493660614,0.22542795369706697,0.7362386759449191,0.7247934016915315,-0.5525197464011037,0.43968091415553884,0.780938748511581,0.8209916472836887,-0.6062446960476496,-0.7664411430433828,-0.3871586030957442,0.6258462942235272,0.9114765218123693,-0.14584466705098045,0.5040340843317678,-0.21080708086676672,-0.9944211341359954,0.47430433710437697,-0.03545928837573456,0.9627303375754366,0.3590096197746461,-0.7608082270477173,-0.4602665643574155,0.47511013673163377,-0.12884835182862603,0.9282127991196948,-0.3657803488440912,-0.581529187244397,0.23747576465306422,-0.8437350029414434
-0.9405180653029437,0.791769463136583,0.6143745428922093,-0.841168349178465,0.9999999974051086,0.8333628079733979,0.9463249376243298,0.9640397380331556,0.7184683790951294,0.6481386005696658,0.9606765420766974,0.47370988097430766,0.9575093728970709,0.7005452827981953,0.9726619883765955,0.9793189798872318,0.6208619855383392,0.9281584863001686,-0.3172230136022226,-0.9446417369554283,-0.9644612531617909,-0.9164492805597315,-0.9318725721929112,-0.4120637398766754,-0.9211111298408461,-0.9902933109682105,0.9812560547750685,-0.6511318290273902,0.6173060101286031,0.8590985681853107,0.8353166773623343,0.7598993163483633,0.823653180818454,-0.9838180774905991,-0.88444269365949,0.8421236765713503,-0.8988161261651021,0.1274844908537511,-0.7810450459950146,-0.42413010922756217,-0.8830024307129306,-0.8158568315474651,0.973108646762034,0.7556463695869877,-0.9598371005587493,0.9773820610134453,0.9362949588656966,-0.7791497162775318,0.9012671728434056,0.23490458482184112,0.8903877047709052,-0.5312884946803659,0.490502789671063,-0.969814932530092,0.9060885995877936,-0.1975298982295808,-0.4299567099195029,-0.977586173438995,0.19458432155282235,-0.9781116402331662,-0.9716356943851358,-0.9244292416416534,-0.912815171541124,-0.5873156301428671,-0.7548947543729497,0.9561540689690873,-0.7240340826873615,-0.923955310813294,-0.5360948171967778,0.6424805790278628,-0.6441210441732647,-0.0319632852291457,0.9750860258505215,0.9825385997800853,0.9480612486103869,-0.092739106032923,-0.8954534074655509,-0.7579878248206742,-0.8542600433625365,-0.9892137200860339,0.9830317635711295,0.46384412607623665,0.787035066859633,-0.9848977964968495,0.8991496176230226,0.9781905071257557,-0.8993642798466193,0.9091504369798894,-0.9644145987888613,-0.9849478708558412,0.9638594957183689,0.7084596560396488,-0.8661486882683677,-0.9928434393937924,0.9061892633145194,0.8142705611118429,0.876923931698242,-0.7030120734955531,-0.7665236817858522,-0.9693086130595101,0.8914728586877958,0.08344943480597651,-0.3914230734137035,-0.8851165533489181,0.9377658566909823,0.9890233557379894,0.11726042484537576,-0.8752072466005504,-0.851375465884782,-0.11965729104275541,-0.8312367627232338,0.09485786510742034,0.8842481286463638,-0.85177294791662,-0.4594031528778749,-0.9022120640115278,-0.7906119470939724,0.9200407432590381,0.8644536585935788,-0.7718923733363827,0.03672830209900276,-0.8923304485801898,0.17561036225441226,0.8509938251654349,-0.15618338688479239,0.9759151459650581
-0.9235581877199273,0.8403360282777943,0.19544486982491324,-0.6805305447575365,0.8333628079733979,0.999999998433647,0.9441701988004481,0.7080870247250188,0.9185456371817268,0.6966777253406767,0.7347374344586033,0.6103006210522894,0.9257819818385007,0.885281501959713,0.84888485588921,0.7172072669131758,0.9122664151060579,0.9569609738334305,-0.5979970910171398,-0.882972189890941,-0.9444407039956324,-0.8491110213372591,-0.9566187328436291,-0.4307969476109679,-0.9687736704811721,-0.7660695491076931,0.780562984637797,-0.79631736865727,0.8222723077634497,0.7363841981009026,0.4668690451251504,0.9667200792569816,0.7122089482435249,-0.7650732634089437,-0.7128942194447001,0.9647364417486929,-0.8935533533820894,0.0026580347100647115,-0.9700384172352694,-0.8184611513353841,-0.6525591011666291,-0.9831193880945491,0.9326748486252942,0.8523250821915886,-0.8310780190408522,0.7766934525552237,0.5927541883297051,-0.5126451467279347,0.9799464587204181,0.5527552837370378,0.6765805780752077,-0.7257318709881431,0.6505592032472457,-0.7838900016691949,0.7554054838963684,0.20597812206873067,-0.7702177979659431,-0.8258770193674263,0.7029760183462236,-0.7177040103392135,-0.893640744722667,-0.5936153183902447,-0.7484705791851854,-0.15651964193277962,-0.45653895574362,0.6911308763285291,-0.6117258256758455,-0.911996586698298,-0.021125459285014754,0.957256358518824,-0.8227435701060459,0.4226859668405751,0.9283959138021642,0.833227647182457,0.8044013393851598,-0.4729470052872443,-0.899573913454772,-0.8082106581436127,-0.914558344932552,-0.8740360702440828,0.8697541007251842,0.8233462257753382,0.4761916191565091,-0.8891861914251438,0.9786705347065072,0.8466222820560048,-0.8935430646734746,0.7311109955470414,-0.9402273963818574,-0.9160396943574216,0.8840724443444983,0.9458028433996031,-0.5061548951668897,-0.7635253967233733,0.5248369038754119,0.697303869340588,0.636205160853202,-0.7190670961308743,-0.2937862584963594,-0.9110245137705394,0.8997127524169826,-0.07039987466405709,-0.47910516724675667,-0.9615019541356692,0.838066127957842,0.8126284033158457,-0.382833570661256,-0.49555777052463684,-0.48737266926808487,-0.5891652496569125,-0.9229764480750201,-0.46255322259732873,0.7511009429633871,-0.860255802722471,-0.6465120066809421,-0.6764957885201341,-0.8061484183123474,0.5523575042107615,0.7004284184131825,-0.3532210845924121,-0.5160494409528,-0.5665284906134785,-0.3640567724166007,0.46380270512730837,0.4012539411042376,0.9285806642603924
-0.9826485628962771,0.8833383338689708,0.4166742499573362,-0.767776796113421,0.9463249376243298,0.9441701988004481,0.9999999961355022,0.8638443748316451,0.8821688298149701,0.7298358177309584,0.8580338463424345,0.5655466298137878,0.9919217709877306,0.8513931983828571,0.9586451809512702,0.8646737843355062,0.8342101709942552,0.9953284781361618,-0.48957578837039073,-0.9504428604916307,-0.9952365262259059,-0.9393053171882837,-0.9944958125672129,-0.5620372634007423,-0.9960547173682731,-0.92046702397315,0.9122899003787048,-0.713794149438446,0.7382657701386208,0.7959414067273248,0.6490972096188309,0.89715074909241,0.8062660765484444,-0.918276798368485,-0.8423058851349892,0.9711032039510128,-0.9434555848383422,0.01951355749001556,-0.9282007543632956,-0.6449425019352322,-0.8030549098140831,-0.9341214891460745,0.9799439080910074,0.8368697421608344,-0.9418179204831212,0.9198838704812276,0.7880701491143445,-0.5778077649279374,0.9881514670915941,0.4350392384597751,0.8375734641871835,-0.7484154853966232,0.5318811651618461,-0.9142287351004237,0.8914763403723124,0.002236949660819093,-0.6337700736657955,-0.9346683589544341,0.4664916018868634,-0.8935209914314841,-0.9613166288321155,-0.8154526675890589,-0.8705456388946516,-0.370818187819064,-0.6077566943102661,0.8529577159325185,-0.6865650975153794,-0.9641978866262688,-0.2709852134061897,0.8264007373459573,-0.7618736698014229,0.24308474476058933,0.984650183211907,0.9140622766323115,0.9050335066620262,-0.3456456378535282,-0.9148170982934176,-0.8186288014114502,-0.9001975445762047,-0.9498775224815419,0.9523698672304503,0.680656756243952,0.6294300830374213,-0.9817691168696802,0.9893392352443681,0.946133637576379,-0.9665176296715972,0.9061840002555515,-0.9913355250911675,-0.9803121497473498,0.9682347405199868,0.8642665408918447,-0.6944653276899685,-0.902600943527156,0.734968368284973,0.8341221247072542,0.775171591631994,-0.739545221970672,-0.5583452602632643,-0.9689522831121982,0.9457176484549321,0.047436778849138286,-0.4499513902133635,-0.9220127851621874,0.9298307172779136,0.9217523754682726,-0.1599430909146522,-0.7134230743859894,-0.6881056498535512,-0.4083606422831082,-0.8905118296827755,-0.1920243672891616,0.829149727933142,-0.8775929427076539,-0.5941325555245933,-0.7755628668897456,-0.8491947616660998,0.7666846691132341,0.8344245798609117,-0.5950952318998297,-0.26082748058497257,-0.7568423321731637,-0.10753788928737744,0.6856981499598886,0.15580672757019304,0.9849681241249276
-0.9000389053088262,0.6175655101207118,0.8006730150399665,-0.7105554318811906,0.9640397380331556,0.7080870247250188,0.8638443748316451,0.9999999960249116,0.5331736194796504,0.7111559971676877,0.9010986137477827,0.5488335951028508,0.9060372704141093,0.663126247935363,0.8877994585036928,0.9868319975660242,0.5052961270098333,0.8537099630573185,-0.05598742290773823,-0.8253590115745331,-0.8894517200824005,-0.7917511392016201,-0.8240555746868832,-0.2891863247518535,-0.8257602874713543,-0.9784011778842122,0.9939390917562457,-0.6639311091875222,0.38676354551063036,0.9188825909368002,0.9426053101394225,0.6763739768490192,0.8989652238406416,-0.988784495042882,-0.7690089731058958,0.7268897879457702,-0.88822810945171,-0.03198658001747973,-0.6876582180627255,-0.1966198382514365,-0.9662676990287035,-0.6562877722754114,0.9132800504879299,0.7629403836430247,-0.9664893053589659,0.9902719215241819,0.979201973559424,-0.7716350156048616,0.8073670364119585,0.25665592591026526,0.96012919038961,-0.38015978035686626,0.2621490970581502,-0.9897214511620809,0.9474219483232083,-0.4506410701382061,-0.38674707509491313,-0.9810426212308624,0.008165876888856966,-0.9713361179074208,-0.9471582995310268,-0.9620929966029194,-0.9646322834934195,-0.5625036815845739,-0.8956860111105404,0.9099724083898293,-0.8347757066228845,-0.8992562186131623,-0.7148633011778484,0.4746381394380664,-0.6453655461148609,-0.06786734819159405,0.9181618325445873,0.9197237105341289,0.8454064538831665,-0.08623892224961367,-0.8844680105416288,-0.7897589517966929,-0.8333852072631263,-0.9563438962995735,0.900091125358872,0.3880896568540177,0.9162959236464652,-0.943673614699152,0.8008411920428278,0.9732192606418941,-0.8688155357772182,0.9209705656653426,-0.8720962416224076,-0.9226397575450798,0.9448361214166325,0.6286389430503581,-0.8422094266114458,-0.9793402528473816,0.9582733507899529,0.6843916196979688,0.9653158028607715,-0.7712355543092562,-0.8181103481872273,-0.9345336609853101,0.8761413540979346,0.3124380699564179,-0.15220723447834708,-0.7563126843095586,0.9512648300247794,0.984685625338872,0.17177961236015135,-0.96383580502386,-0.8221292233646207,-0.032250342124069416,-0.8019500048112681,0.2257427530556418,0.7556126035515576,-0.8644963809045385,-0.5087793835812683,-0.8277881284561491,-0.8227468889664259,0.9629827183139186,0.9352761571665479,-0.905522118766921,0.18707736587858223,-0.8513085517834219,0.26179553497825697,0.9532883704466706,-0.29818946056428197,0.8924208945665764
-0.8015750122191597,0.9545936739030446,-0.05589062585711049,-0.7111857861263687,0.7184683790951294,0.9185456371817268,0.8821688298149701,0.5331736194796504,0.9999999995566163,0.48940059291008603,0.6604842766092571,0.3445986964469428,0.8207794403392402,0.7539293545951357,0.8236598137325197,0.5643663742230798,0.8870266035354032,0.8721642969686533,-0.8208852647353403,-0.872162170570752,-0.8520763332383148,-0.8877680145380871,-0.9173514825859836,-0.7053812576585254,-0.9059709672711833,-0.6629226749072091,0.6170043138130054,-0.5152820771704911,0.9259124189997853,0.45371647820177424,0.22531764723067868,0.8380073757984777,0.4749395787169258,-0.6392060316361518,-0.7711033109647921,0.9476388895244792,-0.729529598014162,0.18125972162977882,-0.8867357916777242,-0.9004621055522041,-0.4324138511393474,-0.9677205529581135,0.8028063300908648,0.637161439059963,-0.6753893402576904,0.6318740956113295,0.4460569862497335,-0.30836836405661866,0.90193975633731,0.38388959718435095,0.4965070615686699,-0.9008606663719323,0.7167142270434428,-0.6161441162537775,0.596056029057765,0.45828463534646663,-0.6196037200546448,-0.6585342004877711,0.7325506158658232,-0.6310802310997298,-0.7309463334833393,-0.5040276329705332,-0.5450731296615582,-0.20657263784853105,-0.1654729426513409,0.6448464564003469,-0.32059306015656613,-0.7626572495321905,0.18656463679965804,0.9280915241490617,-0.6064776589515233,0.3662941797610293,0.8055331054693053,0.7185242638670167,0.7907861209718411,-0.3932126557350896,-0.6862183558039952,-0.5804059141550362,-0.7012085963165224,-0.7180599575521022,0.8000570467945178,0.7078273348820354,0.1915312164768525,-0.7798354794552402,0.9118712673543019,0.6841360153199127,-0.7944630755671502,0.6652800192409577,-0.8721885933962096,-0.8028255314333864,0.740768001456603,0.8185253568569055,-0.4603277471341711,-0.6362068810328597,0.3829054025666607,0.8277687049989424,0.38856451506013456,-0.4570732185220744,-0.24471420546045133,-0.755868778888059,0.7434598567306606,-0.2998621887612057,-0.7034701988099127,-0.863689243540228,0.6593701499938092,0.645100462586015,-0.3264944336561179,-0.3216996883632497,-0.471512251958427,-0.5684163465492809,-0.7114269392812655,-0.4575501064463649,0.7620737592108914,-0.6294893073273303,-0.4287246799713242,-0.6027565788205715,-0.6071480828590632,0.43132465599525194,0.5017592537377699,-0.16650827857156575,-0.5452695465151172,-0.5536356399797989,-0.33220508604447285,0.28044580234094807,0.46922187419692685,0.8443233099938071
-0.8342713383365361,0.371250002998072,0.5930098705467175,-0.15626674672231575,0.6481386005696658,0.6966777253406767,0.7298358177309584,0.7111559971676877,0.48940059291008603,1.0000000041224322,0.41294287888494813,0.9549361564780211,0.7915141786265225,0.9294010877797437,0.5517414172510241,0.6062895717919705,0.7696773812270817,0.7830845900576289,0.07666763598370821,-0.4893687428976383,-0.7247478591419797,-0.46397158708452363,-0.6666388931275656,-0.2294854461199376,-0.7335917431271382,-0.6483131186063958,0.7408773499020034,-0.8874779139390276,0.1830182113850476,0.8481965816999549,0.605626223638986,0.8333464183024932,0.9400807860529007,-0.7082838267649226,-0.285176548210151,0.7291954542011005,-0.9052570250737301,-0.6588674922457246,-0.8214120937659175,-0.30109983906279136,-0.8379769459474014,-0.5775428480682504,0.7322722667103729,0.9593204625347552,-0.8316999148358819,0.7543572598081117,0.5668385893044663,-0.23175469050481606,0.7612490034316569,0.8476894768927667,0.8531934995174365,-0.4917475144848934,-0.08521403964336542,-0.7848048281006663,0.8808915339129256,-0.4150981963563569,-0.8474405276460985,-0.7839942699485549,0.37804027115085287,-0.6027463016044506,-0.7925021621249075,-0.604931254568034,-0.8710897513333247,0.1676469948923487,-0.7506388449771961,0.42043916225505673,-0.9298578349496014,-0.8714906930825123,-0.3165303982892791,0.5944385554254826,-0.9490925594029707,0.6146699974679871,0.7427023398892645,0.5348838696146883,0.4108833064765164,-0.7418104503836647,-0.871667047246507,-0.9752284419102758,-0.8824227323802764,-0.7100235087072506,0.5526393560625587,0.8074255571002014,0.7188004555496071,-0.7462687792299577,0.7500723247772193,0.7887005853386316,-0.8719638713364009,0.7811645402533115,-0.6585860848820255,-0.6961104257997371,0.8227128297813874,0.8466855988024885,-0.23013840517826542,-0.6118505209335174,0.5039203287431638,0.30244357581999937,0.8091371770522232,-0.9793992033973141,-0.23837411089521002,-0.7865160405384936,0.9071829736344654,0.6619654743460534,0.25167784166550417,-0.5559864846798616,0.8707382064949438,0.7143066338834924,-0.5094497645744864,-0.6093366416161526,-0.20707772993299403,-0.6246981501368847,-0.8767488664126079,-0.3393428942919376,0.25360745415488894,-0.920084285856509,-0.9586613138197456,-0.272123451670675,-0.9774093423316591,0.5241438875623025,0.9044897604614134,-0.6036636802704967,-0.34364891166643907,-0.27926819484018406,-0.38823978732913106,0.6196157577930921,0.27890115641186236,0.6544800736874735
-0.817431656291401,0.7921634253786507,0.5388224258115262,-0.9437235040622617,0.9606765420766974,0.7347374344586033,0.8580338463424345,0.9010986137477827,0.6604842766092571,0.41294287888494813,1.0000000004315996,0.22588802724667012,0.8525422812424922,0.49270880455054833,0.9554945666461788,0.9570271980639107,0.44642035592595314,0.817809387717222,-0.3816488363656896,-0.9432486713802227,-0.8846979778114262,-0.9147679008374732,-0.8621233304019652,-0.3787902411046056,-0.8257554325052712,-0.9489668447407278,0.9083691497286087,-0.4641744282623321,0.6535736317950458,0.7318042849373604,0.7956645837773371,0.5991515138311431,0.650417444650673,-0.9205789084919778,-0.9442244818383837,0.7277131919700104,-0.7445595183598462,0.386752583813619,-0.624988753279407,-0.3773138150231436,-0.7602762173711265,-0.7527913128495913,0.8959863157734745,0.5563766097672075,-0.8465100503297712,0.8969227767422426,0.9215094669089374,-0.8648147425064885,0.7925034280924861,-0.030390629102165334,0.7593332773675121,-0.4278885650233272,0.6080593542492824,-0.8782504892930564,0.7645583818925552,-0.10895115537653983,-0.20015956733545903,-0.8871844864623084,0.07741367435229428,-0.9507783394138373,-0.8751522982422254,-0.8874618366407316,-0.7805931800882873,-0.7664870857175015,-0.6483125744677236,0.9898756145946852,-0.540511930426931,-0.7860555240847485,-0.547673315242122,0.5383956894890397,-0.42595131109971646,-0.2732417602988121,0.8938628590778349,0.9823586816899117,0.9786935371854588,0.16917852684689066,-0.7576436508219316,-0.5551366029489002,-0.7034824860328366,-0.9273204901381934,0.9714432921478724,0.2521063754981768,0.6982928589209294,-0.9038226031376191,0.7931538177883081,0.885323915817889,-0.7518077014995955,0.7977479817625017,-0.907479988450181,-0.9227317815531059,0.8527001936042929,0.5321160039513381,-0.9561398800078469,-0.9681149453866562,0.9096271121680514,0.8464052058047815,0.7666534753940685,-0.4917777820112794,-0.8365326370632409,-0.8735988586495343,0.7341221403335563,-0.12686870636388262,-0.539519596703082,-0.8527194001857634,0.8070556388572934,0.927615033642761,0.3359534910565551,-0.8357589902548767,-0.9445467870059532,0.09982947146747574,-0.6774622292794749,0.2506855818428378,0.9596191612761115,-0.6887973406354606,-0.20211016889713082,-0.9834865492183349,-0.5911519185772237,0.9163239970042861,0.7098684774424113,-0.7166066422314503,0.1860944505826439,-0.9651365175648969,0.36264973279481344,0.8040164104818153,-0.3076899567992817,0.9246475566593719
-0.6943101581209878,0.16592925571048545,0.4940665598572194,0.037252517024743394,0.47370988097430766,0.6103006210522894,0.5655466298137878,0.5488335951028508,0.3445986964469428,0.9549361564780211,0.22588802724667012,1.0000000017765067,0.6387393242042427,0.8735591754559595,0.3452488851858517,0.43700836727638764,0.7025338729861751,0.6388927495146808,0.17689884679546533,-0.3011065104115137,-0.573154539731573,-0.24874687525290437,-0.5037390805251513,0.021460789554546715,-0.5866065034008802,-0.4516552413009445,0.5811219111676947,-0.9280625352387385,0.07102084511383328,0.7918407145123983,0.4833906244073295,0.7840373736616542,0.8527380276515196,-0.5223435441861445,-0.05156228537174598,0.5846120992868556,-0.7937437800159408,-0.7563682844963538,-0.7363497716859039,-0.26901502479965145,-0.7094017519781572,-0.463674150003176,0.5972157219679216,0.9225020744784068,-0.6801457924888711,0.5816459564581858,0.3809632509110245,-0.16053743257978395,0.6324020351606725,0.9239339005200472,0.700844220112182,-0.3099625748598921,-0.14035267246233715,-0.6287605233927986,0.7276722575697173,-0.39566796583732317,-0.8919919325508034,-0.6362096376599047,0.4340267849467459,-0.3918476291987679,-0.6620483388835535,-0.3834147518406099,-0.7425657848298903,0.3804163785155779,-0.6752638990404237,0.20437586702740934,-0.8913899478792159,-0.7488403862742858,-0.20241417691259925,0.5517846004494168,-0.9517217010218304,0.7166778875544206,0.600043407696017,0.37935913008742506,0.2094951835881732,-0.8081453473934551,-0.7984837520456767,-0.9316959616778886,-0.8291954575589142,-0.571243259712497,0.37619534931662985,0.8343672695104628,0.6348712376069381,-0.5796431940362362,0.6157015850649746,0.6427933804158311,-0.72191270917842,0.5702264866657134,-0.4971304555233805,-0.5446530579113132,0.6771545246619525,0.8104104798611783,-0.019527463545567825,-0.4328251964845084,0.31514805247648586,0.045042592519110976,0.6992569018721229,-0.9553508783669531,-0.011130696463638474,-0.6576096136644978,0.7951910612763666,0.6863830008451092,0.3979332505718646,-0.4629627718554703,0.7409075835698031,0.5655823522580603,-0.646501437991691,-0.43468165945510306,0.019530022940644636,-0.6864770193184824,-0.8347568805315013,-0.4740714448194987,0.06437427797106918,-0.860097633982505,-0.9884070694569924,-0.10742488286499283,-0.9011209038531933,0.3217239359649886,0.7759959780202432,-0.4409361985102631,-0.44681157556995493,-0.04825816411017585,-0.541041973770255,0.45115707278853445,0.3812400443750973,0.495940236348668
-0.9971788123254126,0.8183437720199475,0.5139864598582659,-0.7227980409563309,0.9575093728970709,0.9257819818385007,0.9919217709877306,0.9060372704141093,0.8207794403392402,0.7915141786265225,0.8525422812424922,0.6387393242042427,0.9999999984309219,0.8711261107551956,0.9415184090186896,0.8933373554014223,0.8137392859368833,0.9937930651264083,-0.3781167161767299,-0.9200225555237871,-0.9932667078325226,-0.9003457211881342,-0.9746705034176144,-0.49053645432976883,-0.9844154613437548,-0.9373896032041575,0.9464214116486915,-0.7680680522989428,0.6551526516857231,0.8627545563022627,0.7203741443134751,0.900551589009818,0.8736012292254958,-0.9444478005938062,-0.800389504702987,0.9477263531737865,-0.9741227535251562,-0.06518232090911218,-0.9222517157478933,-0.5688349952650382,-0.8682989793498744,-0.8944944231025331,0.9876337996896083,0.8814921472688484,-0.9748814436119926,0.9518527069775533,0.8260724870683549,-0.6029140375149086,0.9795912138063975,0.47853992676313006,0.8936514463685746,-0.6858775678159081,0.4501197115451382,-0.9519680450293825,0.9366688504621296,-0.11423790382537688,-0.6542378801705542,-0.9673432846063943,0.4123823357325306,-0.9090045190830758,-0.9851485212076753,-0.8450399374702949,-0.9245437332582105,-0.35046391364937224,-0.6988301917061139,0.8479395033363876,-0.7720814281702298,-0.9879007879254468,-0.3555091179602803,0.7873460224017388,-0.8052218614985488,0.25133920778952656,0.992464773669217,0.9151258368337111,0.8785222299479057,-0.3675597894423534,-0.9513287719022518,-0.8725889121023328,-0.9341473390113196,-0.9686657744964625,0.9417054115618292,0.6857285443808459,0.7154176473706219,-0.992527182860427,0.977763045690659,0.9757075939397755,-0.9819054205546308,0.9281708425913885,-0.9796876565696798,-0.9843047918978116,0.9917283695111149,0.8691115782851353,-0.6930355370718387,-0.9215677566372941,0.7740936242346832,0.7789252252517158,0.845118671814957,-0.8094050476194776,-0.580774781922295,-0.9885803158247698,0.9739959430788452,0.15878305350985222,-0.34129176936353744,-0.9018594101988933,0.9688602387883907,0.9507525744045435,-0.16108589555590375,-0.7699235407785628,-0.6807381064275679,-0.3957402052120042,-0.9217051603327546,-0.16006067925999343,0.7889630003577282,-0.9246922286601993,-0.6533351912179803,-0.7632316099677778,-0.8992966780070157,0.8005750851282291,0.8943921322484092,-0.6673029306544093,-0.21821646681389434,-0.7466538747173761,-0.09394571515997419,0.7478981039311634,0.109981692013115,0.9780005388800479
-0.9002043841401864,0.6121361981578769,0.3322660723210976,-0.3311184966118568,0.7005452827981953,0.885281501959713,0.8513931983828571,0.663126247935363,0.7539293545951357,0.9294010877797437,0.49270880455054833,0.8735591754559595,0.8711261107551956,0.9999999997063502,0.6690979370712804,0.5960095703332872,0.9473449666315054,0.8960633841809165,-0.2870153373764164,-0.6560928917780885,-0.8366417851706603,-0.6354804657852342,-0.8231131908333207,-0.389200747026867,-0.8751013408193044,-0.664360377493055,0.72704387398987,-0.8936275818189725,0.508090093158757,0.7781931432637247,0.45649675710436094,0.9684002276625266,0.8471709316425476,-0.7024840757023587,-0.4377875905096739,0.8991178324523506,-0.9324351044461671,-0.45380713027430036,-0.9672275486498426,-0.6311024628647972,-0.7279243005584347,-0.8101050466687574,0.8240773732326064,0.9683915504858427,-0.8291984116264485,0.7393960723577668,0.5035459954731821,-0.24278813935236038,0.9028464868540127,0.8425542872935184,0.7607655697850939,-0.7039401317741111,0.23546558004635443,-0.7619267207717526,0.8296587786867594,-0.061050622347865034,-0.9327675271229142,-0.7853540582038259,0.6582750665248579,-0.6091992305962804,-0.8354969694724665,-0.5468687205892782,-0.8068042476360808,0.1534357205131241,-0.5607810220070871,0.47868459911150646,-0.7901371927643223,-0.9171670061193284,-0.05892495138765165,0.8451141418088084,-0.9698308269776628,0.6885725913779985,0.8299292086609587,0.6247831666648863,0.5509382795933936,-0.7736109944672528,-0.9019903915803996,-0.949071258172548,-0.9287958602183072,-0.7624815083316092,0.6698982134291486,0.9369244710960873,0.5440298401635584,-0.8090552964108705,0.8972402590909865,0.8023821200364964,-0.9235918761680454,0.7648940068840118,-0.792896224710071,-0.7892463965559965,0.8572566019422745,0.9777875048108501,-0.2526461502913319,-0.630924512807396,0.42579535997269674,0.4739123178376824,0.6927242796385144,-0.9028086542324083,-0.15144600979097012,-0.8442337620281637,0.9411335485085869,0.35155566002497673,-0.0727247208436236,-0.7459992002733102,0.8611705083068372,0.7251924272787038,-0.6105267235373472,-0.482483081936894,-0.23524354803377065,-0.7692318105555265,-0.9359634771058045,-0.5456610070528081,0.42825184162995733,-0.9186594444139896,-0.9128318186233684,-0.37181929878320563,-0.9479862245688413,0.45838096283753416,0.8136939125412809,-0.4131933430911456,-0.5752500708181149,-0.32557298079551095,-0.5331642856800733,0.4739470633746727,0.49685299961550783,0.7763521640855818
-0.9139209499475072,0.9071400606872112,0.45337322889610115,-0.9015884035552896,0.9726619883765955,0.84888485588921,0.9586451809512702,0.8877994585036928,0.8236598137325197,0.5517414172510241,0.9554945666461788,0.3452488851858517,0.9415184090186896,0.6690979370712804,0.999999998669525,0.9204270871376456,0.6594301454107572,0.9282656365222112,-0.5002973792912142,-0.9881059719217499,-0.9605221820866704,-0.9838114945842884,-0.9614010007652449,-0.5815067078600191,-0.9369666757240102,-0.9609202864559552,0.9179297569541748,-0.5345352961777088,0.7414402365367241,0.7276210604817724,0.7042913419346836,0.742627791933636,0.7095382552731437,-0.9397077048736824,-0.9550474175190772,0.8846943943455433,-0.8446014662201274,0.24907037995224812,-0.7876002014891917,-0.5383419470547761,-0.7730059996178138,-0.8703873844959343,0.9474074190098178,0.6726101620754454,-0.903290406248281,0.9228009706070796,0.868543508684487,-0.6945563714903472,0.9100226708906552,0.1646754602799318,0.8032467488999214,-0.6682566370123534,0.5920229745024005,-0.9029680331152989,0.8377122659956828,-0.010935456800240174,-0.38896351042137656,-0.9160057614480732,0.2722137072417035,-0.9540069515055162,-0.9208886887042556,-0.8850894836257834,-0.8208358456426709,-0.6179927806016429,-0.5926734871964303,0.959810414388087,-0.5736507691299938,-0.8804247157316205,-0.39286860869099527,0.6927138766159797,-0.5617843771742417,-0.03751666040541851,0.9518832248318476,0.9617274610155324,0.983926310515929,-0.06992377772989551,-0.8181403818389584,-0.6618661574635132,-0.7799737994484507,-0.9429433891196256,0.9893843599294019,0.4485334071317651,0.6309575928966902,-0.9631795133466057,0.9142332640813635,0.9215108230321761,-0.8806445133473559,0.8913347197261627,-0.9759651240686145,-0.9671633132171852,0.9207839895603899,0.6906858309605499,-0.8598390521647269,-0.9522985023423104,0.8367027571005178,0.9225018853675606,0.752233995973851,-0.5797761704043315,-0.7351783609129866,-0.9250928338685646,0.8422878029513514,-0.08192010654620593,-0.5660353552113297,-0.8922595947123478,0.8690366444758726,0.9287308717627051,0.1190672223325487,-0.7812872752001365,-0.8600581417902193,-0.14716442408323113,-0.7601754075890894,0.052094194255892505,0.9367012950387082,-0.7597138650411585,-0.36089009331179306,-0.8993999061504424,-0.7078042055320499,0.8633505699532478,0.769104048529521,-0.6576736450350098,-0.028085572872160826,-0.907295116452833,0.15854624940162365,0.7485533214937375,-0.07764567940990237,0.9772810126070682
-0.8765982119807073,0.6713419575159274,0.7377296581125519,-0.8076187590188898,0.9793189798872318,0.7172072669131758,0.8646737843355062,0.9868319975660242,0.5643663742230798,0.6062895717919705,0.9570271980639107,0.43700836727638764,0.8933373554014223,0.5960095703332872,0.9204270871376456,0.9999999983768945,0.46767854890529165,0.8433086766019398,-0.15115414535836078,-0.8743690540232723,-0.894929876625172,-0.8376335554536299,-0.8392825861510379,-0.2924644979957889,-0.82687713375038,-0.9842583494525582,0.982366567788844,-0.6037431638545069,0.4734049895698564,0.8757093026668556,0.9228852727420706,0.6462877305956244,0.8247860361028241,-0.9809412661956055,-0.8392581914155923,0.7199937480032222,-0.843910788008531,0.12639500321395875,-0.6591705639146673,-0.24206248221185955,-0.9130457602739744,-0.6868657145491297,0.9187454609971789,0.6942530749198987,-0.9365168553575983,0.9733597104513185,0.9840761652224285,-0.8426313892193383,0.8027020576793645,0.14124983313183956,0.9036944524484349,-0.3687621840807265,0.38843285233138103,-0.9672588923875725,0.8930596467676005,-0.35574956421892473,-0.3090254779233452,-0.9642085958932258,0.00906988268171696,-0.9807197205005844,-0.9354483721026824,-0.9529078367938228,-0.9154040661517223,-0.6588664498372908,-0.8370812712104823,0.9566810092382895,-0.7482454200528175,-0.8660940870942124,-0.6909444809193703,0.4870886925541975,-0.5681382742687603,-0.16749389688871033,0.9202103601764159,0.9615863708126507,0.9049064645776567,0.02851899143095221,-0.8523220341654039,-0.7130359884109128,-0.7975257332351864,-0.9633266662051112,0.9387658030934779,0.3262997268134205,0.8695741027176717,-0.93997761076199,0.7978425140906403,0.9573645152376281,-0.8281717952536458,0.8819233915493362,-0.8916240772758882,-0.9346836434751111,0.9226962701997008,0.5891908469145709,-0.907743176261941,-0.9957175126598339,0.9682325313923867,0.7387032737731039,0.918762117196538,-0.6816476992729397,-0.8501009497361196,-0.9256457863725356,0.8310260911119702,0.16339256478339825,-0.28140048617839175,-0.8001653146944953,0.9126174394144209,0.9842092875091779,0.25610304681931884,-0.9445778613890825,-0.8880143786537147,0.04239278187265982,-0.7667640394627969,0.2609935975314324,0.841382587728375,-0.8140666313194183,-0.39595494957840144,-0.9074158250755494,-0.7454740552697736,0.9706939195103464,0.8685599375211642,-0.8647677455496018,0.2155112919632257,-0.9113544416876186,0.32427460785561774,0.9267830964697938,-0.33509805938615406,0.9135145283133993
