0.9999999922866979,0.9428140259021228,-0.8885268416310224,0.797985581544014,0.5744685664498783,-0.9172320078112078,-0.9619486183464232,-0.9554958844306845,-0.9501994464519495,-0.9088938105266018,-0.9396708976212461,-0.9594464209763528,-0.9959456608313408,-0.630768019941331,-0.9854772556370738,-0.5129535072429432,-0.9378201870852397,0.8150756487238442,0.9253938328478498,0.9800182002570225,0.9357025232686764,0.8468310922127911,0.8815926302414848,0.9889924552633639,0.9594466993626914,0.8778966315988219,-0.9942847408055867,-0.7854109947001371,-0.8123917555930018,0.726899291949998,-0.9299430014739329,-0.947216772137197,-0.10975972562241355,-0.977971569517488,-0.6164875008319903,0.9507604700740369,-0.9232101375631697,-0.7037936429861059,0.15683541276863425,0.3246820447579792,-0.9136171688554837,-0.9296083735774772,0.6304314148078806,0.7520101522433623,-0.9640203650966271,-0.9691239926137746,-0.8490640609566361,0.7495707360751757,0.8701690289193498,0.9322671501571149,0.9169761011221607,-0.2314322403621261,0.8127763479254486,0.30061854689108586,0.7935328133619337,0.7986683106121377,-0.7387246530348355,0.5041882032203402,-0.655007297843961,-0.9797020009456106,0.9945411116238462,-0.12769148035908734,0.9340123787455177,-0.957491169189085,-0.6138633571039058,0.6997184093853824,0.9370929444446119,-0.9034247120900054,0.809950417321559,0.6665582117780132,0.7323439356194306,0.9220986360780985,-0.60953491243138,-0.8126981301046112,0.938585979071055,-0.9556474240868772,-0.4031632298433828,-0.8361057701383712,0.9864232048765016,0.8295658127952299,0.7796151549823731,0.6163403034540211,0.9603827100948276,-0.5803217306725977,-0.6889996743250997,0.7955144469540486,-0.7381141555196287,-0.7830186697111625,0.9236627955733063,-0.9751456125650823,-0.9194153348157454,0.9235902922381892,0.05327352171918107,0.9394540994270663,0.5838864125381525,0.32861877842208065,-0.6199712787580677,0.7637709913458421,-0.3824050636492061,-0.4064824701061871,0.9884507693365048,-0.8858828880785768,0.8180981982432532,-0.8769093810322283,0.8837384651623991,0.8051576836505114,0.9459775832829492,0.8623007801437793,-0.9073856977697217,-0.06275169012461773,-0.855577222833899,-0.8055879659067452,0.8800801152332286,0.9353362257759341,0.6046793324377318,-0.8751422181432678,0.026304489278683896,0.9625330963143615,-0.694184192124075,0.9169661044420561,-0.6869486547811873,-0.8508966946810589,-0.3719296069717609,-0.9388932969344688,-0.417620283416904,0.9553493373824449
0.9428140259021228,0.9999999984555479,-0.8008301613978087,0.7293821972809351,0.5242523834934282,-0.8105536243187802,-0.9059071478683396,-0.9077300195277047,-0.9920118481208064,-0.8348609075827574,-0.8014986478170066,-0.8992718505938331,-0.9500046658494098,-0.7630017831208602,-0.9848528014456394,-0.42034200636951746,-0.8797499457748914,0.8052236948985708,0.7933135647917012,0.8967448086715984,0.8799464194400994,0.7486877254309494,0.8056072638036637,0.9071137993189671,0.9443104786872094,0.8429847598880272,-0.921765025539589,-0.6182718833071765,-0.631984707518318,0.66568735635106,-0.9918162554540743,-0.8766345740232511,-0.371966051978312,-0.9625457127465405,-0.6191095962727053,0.8152258114263617,-0.8022598641391797,-0.7371740726120798,-0.07009310778608524,0.03382509796229096,-0.8133752208303257,-0.9348861884403747,0.4349693259517459,0.5378511589604844,-0.8688379743445908,-0.9490350670380251,-0.6915864982074621,0.5410565037020433,0.7491150084285045,0.9690437496630493,0.8113488192528039,-0.4116929512226611,0.6654238279517718,0.03195739596809979,0.6257061071172512,0.8631792552376206,-0.6807472185166236,0.6458722087092971,-0.8454797612170927,-0.9271890923785845,0.9117745048027025,-0.2558064463945828,0.793722439948095,-0.9295821987917962,-0.5344115765214814,0.8495952469983841,0.8337381586393718,-0.788600577525495,0.9211332980205345,0.7515182748604351,0.7329591390461403,0.9521046790847655,-0.3522448854189188,-0.5942180149619218,0.9529074735897012,-0.8623789871380105,-0.5026330003689242,-0.8059524525689508,0.9811338038619477,0.8118461364766189,0.663357048774455,0.483913513182404,0.9295714906587143,-0.4022411475960062,-0.7056524211108836,0.5764212186611228,-0.6273920479817124,-0.8144895693588357,0.8938757069861899,-0.9155563524470806,-0.8866453907541821,0.9216799221121877,0.33243184619393445,0.7760474806512588,0.4026641893317509,0.2680696721395235,-0.3587095298951096,0.8815609860137431,-0.21371051193137186,-0.24451442226676792,0.9259624514848744,-0.708398646300898,0.6538925426693318,-0.8063146772527301,0.7106508500177032,0.6500210648147947,0.8696330861983059,0.9570179502953562,-0.7502171630115255,0.07306306545882786,-0.7165963714079455,-0.643109961040911,0.9595650935042555,0.8664101898172498,0.5044148237842289,-0.74836143982441,0.19877982429440197,0.889424093941937,-0.5226619905285459,0.9390020722409708,-0.8722959985376245,-0.7436406625320888,-0.37096819006792525,-0.8953937738874522,-0.6408161597267404,0.8670322363835935
-0.8885268416310224,-0.8008301613978087,1.000000004156584,-0.9824152682489666,-0.7689556264830011,0.8088068335412071,0.8742853723676864,0.977202340767448,0.7934890487912998,0.9651540063811941,0.8106960541861077,0.8785402267100191,0.9139491841021011,0.7667690571585606,0.8477544409548385,0.28270430683619446,0.9783743183771649,-0.8874566363983769,-0.979990504622101,-0.9379072561160544,-0.9537308300901506,-0.9961612867758457,-0.890951575295987,-0.8964965396204028,-0.8470365466041186,-0.8698874083581436,0.8620251426378006,0.9540316850193994,0.8582061489349568,-0.9296366009912982,0.758496409336311,0.9430647808679369,-0.22325667292308193,0.8903047502087686,0.47713513983795147,-0.9126510495815324,0.9568623274588478,0.7946913713854623,-0.5379352864981716,-0.41393738460125235,0.9472326223927792,0.9086863243376501,-0.7912420942742109,-0.9078996568721152,0.9732465194377984,0.9453489917224643,0.9753433590727031,-0.8597889033223751,-0.9783219509974943,-0.7347553463875666,-0.9772631011689845,0.23983214163282754,-0.9501089604881521,-0.4951382264024448,-0.8689066975810956,-0.696443771893351,0.6284719534726538,-0.6361000623078598,0.6111522558994977,0.8103927884701672,-0.8652120445670873,0.42348322469413896,-0.7675919485496864,0.9641040946686797,0.8082105703628054,-0.4910803116623497,-0.9792573740009431,0.8920713333388923,-0.6926740232709253,-0.6440379458788823,-0.7457759208355992,-0.8611737203121549,0.7562680928052555,0.8193959974515644,-0.8970151086613585,0.982469650165855,-0.053822842299830996,0.8525475886827723,-0.8393179586982736,-0.8411678142839624,-0.9612686892375804,-0.7543932618307039,-0.9514781434852192,0.8207275936346966,0.8152951108965636,-0.646149166720638,0.8573849996954311,0.7712441667384912,-0.9694100250308172,0.9024954480575771,0.7049019987445154,-0.8536271383673063,0.2489218969896581,-0.8572135686197208,-0.5354933472281479,0.041668753483962956,0.7986489968825121,-0.7626063482638689,0.6705621608680407,0.5882200814105609,-0.899680679083706,0.8948933052930474,-0.9207964199919464,0.9982257202685516,-0.950017423106628,-0.9457232936536739,-0.9504422986911101,-0.8157327723819263,0.9077175873088488,0.4349442301802224,0.9153645605952277,0.8705621328522837,-0.6186550474738647,-0.9645041545041231,-0.888126396158692,0.7017444566156141,0.4068278099898568,-0.9180130635809969,0.9174300680521502,-0.6908799043365929,0.415268296806895,0.9289857729524885,0.7295251845152136,0.8483108976639463,0.08290394425628851,-0.9529059356580122
0.797985581544014,0.7293821972809351,-0.9824152682489666,1.0000000071241828,0.7727956722764124,-0.6935847279294717,-0.7807340319735095,-0.9346925011475077,-0.7183211266744576,-0.9199808025358007,-0.6878162842726288,-0.786100034086221,-0.8343587051979537,-0.8209593668908592,-0.7633016040627503,-0.19633034930869697,-0.9357003486929452,0.8584255589309796,0.9314183711568733,0.8595235123110648,0.9207524347402726,0.9913302851950824,0.8221644239925299,0.8129150691324398,0.7556212553238714,0.8042997625821761,-0.7645331231332129,-0.9352870139592284,-0.7815631353457614,0.9692472679086236,-0.6734949369298945,-0.8768428664989776,0.26591495518159647,-0.8258487853268298,-0.4429131182248104,0.8383344371562069,-0.91308389562779,-0.7815492686643036,0.6024342646479087,0.33993032279467483,-0.8863334142185821,-0.8775121344890565,0.752781286286195,0.8784283645568839,-0.9138367857701798,-0.8920406990621685,-0.9482574377002344,0.8330073681267862,0.943982799303156,0.6307401780051114,0.9289078154215233,-0.2409452913068554,0.9186607328513249,0.4624879212183283,0.8046351015939812,0.6697319506789403,-0.5164761151339474,0.674782619166091,-0.6056576600963692,-0.6949034200383091,0.7610872343089248,-0.529329987841282,0.6347539917813351,-0.9206419759446113,-0.8056004870708677,0.4477444087308439,0.9267701422924122,-0.8424332863687068,0.6313463126180374,0.6598725161512827,0.6922834891833204,0.7995983593345948,-0.7073907197457237,-0.7257683373504639,0.8401061108408487,-0.9324524094671228,0.19746463472833692,-0.7954609463300595,0.7513126242758793,0.7852870676084935,0.9749833851486056,0.7163552441722985,0.897718960876398,-0.8195831167135608,-0.8116070021658741,0.5045125966425223,-0.8189079720260961,-0.7188453752772553,0.935348378008716,-0.8156876982999505,-0.6029329783740359,0.7774691819787196,-0.27440953151136266,0.7493605344547318,0.4208454197901288,-0.21958493549481972,-0.7693242355790528,0.7464933736120354,-0.6892954494390312,-0.562049831811098,0.8229063242911171,-0.8106116322266204,0.8707832978701571,-0.9884278623868732,0.89314193946221,0.9140733609368472,0.8864880144289344,0.7817914001235043,-0.8238692337324106,-0.5019683677863267,-0.8530166666022047,-0.8034239014298483,0.5128908373646976,0.9120160927308097,0.9265386034265977,-0.5612528652892882,-0.506301584765731,0.8368057746740303,-0.9335913437740506,0.571790140701841,-0.3389565836496841,-0.8798985474753978,-0.8444090138559341,-0.7542789091965333,-0.01774326442390196,0.8850506876805234
0.5744685664498783,0.5242523834934282,-0.7689556264830011,0.7727956722764124,1.0000000036277559,-0.7157305906295139,-0.7357332370381092,-0.7298214546716277,-0.44212374907526,-0.8557213431595928,-0.6024127023919114,-0.745121357612425,-0.6356014432694712,-0.6583745919079395,-0.5332980638562852,0.36270163427748586,-0.7974825104896508,0.9270932759983203,0.7067066156216344,0.7152664422318408,0.5617134605491634,0.774797282111037,0.877114474707086,0.5104681769660547,0.70450743802639,0.8733687018393282,-0.495701543658267,-0.8152508499536282,-0.8213325958133444,0.607439900563105,-0.5419091533522359,-0.805428746993823,0.4279658455162471,-0.5113310693181388,0.1769990570006925,0.5122159579771471,-0.5681758193696015,-0.9430766985260888,0.6018937585752954,0.5498767966850443,-0.8428941609045874,-0.5204472103823485,0.8857583024398776,0.7187652244212693,-0.7200557924861626,-0.7062619633185496,-0.7334164452875425,0.45327037850630436,0.8457056012971882,0.5538525014186633,0.8177993403769086,-0.6680104752387307,0.8709462562102561,0.6810401620140032,0.8661118581864172,0.17763373711038763,-0.777110370434984,0.8255724350220449,-0.6028861196547516,-0.5753022839529341,0.5607204142877386,-0.7560374485962804,0.5121513294799291,-0.7231446936611253,-0.9949219097623889,0.04911204316623579,0.7819386598131239,-0.4088994663859881,0.6742651532091979,0.12156164197746956,0.9188158773468871,0.7536299144529489,-0.7337717332656498,-0.6947713869807963,0.7558724974969009,-0.7045724677522367,0.30925386133721716,-0.9070259485841569,0.5110910044380094,0.9039739913376065,0.6481309018911807,0.9545443324125864,0.7566244219743117,-0.9043385580017008,-0.9628546639671133,0.4265294377836004,-0.9573669726485017,-0.8790849401092364,0.8068178616554731,-0.7267065169328203,-0.20954811493824987,0.7820095774116469,-0.4308620441445794,0.5919976187731952,0.7143458516203478,0.05588536229907532,-0.6574395270037541,0.7616987174701125,-0.9008517745999944,-0.8997584528195753,0.5089563954505611,-0.7420109328554333,0.8576320149186448,-0.7786193246804318,0.7310551105658262,0.864256966393218,0.8058322736465551,0.6839218643085119,-0.7597070912036565,-0.7903429906849643,-0.8651872154656223,-0.8647272654170277,0.34952473970361525,0.8207384586726165,0.9077494494937256,-0.5967851915515671,-0.5839040334746074,0.7650556089600691,-0.6468753800630643,0.5322221694265922,-0.22111327485270238,-0.9023482913592658,-0.6305748127498634,-0.7600890672343973,0.20753690121288115,0.7801159587668177
-0.9172320078112078,-0.8105536243187802,0.8088068335412071,-0.6935847279294717,-0.7157305906295139,1.0000000029401155,0.9774903849652341,0.8667145527978631,0.7873665922136754,0.9109417571200468,0.9805406958119816,0.9789354507854926,0.9185685939580644,0.45709511757285254,0.8704177193928182,0.26814635755029315,0.8907274798506565,-0.8557266453212415,-0.8684388857537996,-0.9503970974985513,-0.7642515853570245,-0.7677144301822528,-0.9560824417956886,-0.8733725550575805,-0.9513254884328229,-0.9394586395737142,0.8959877197242613,0.7966878287860311,0.9318820327717172,-0.5405045278642412,0.8392237411869797,0.9485846832717617,-0.09623172870786821,0.8188559279115497,0.2779152337977869,-0.8462417772303974,0.7939213457970477,0.7715258937710728,-0.2483130885064567,-0.5954780438476562,0.9436704865524241,0.7293020747794593,-0.8005482735312215,-0.7674586624123426,0.9084415417744977,0.8799715093081348,0.8052081017921092,-0.6412356952516397,-0.8740526728641461,-0.8884116113372563,-0.9094033220523365,0.3749605999454016,-0.8569552284125668,-0.5551669492640393,-0.9158833058151303,-0.4961391314212459,0.9295508420542916,-0.5027071494128331,0.5554182174602174,0.9580823801303537,-0.9403360850034934,0.1614728395907006,-0.9581389735179716,0.863348165917181,0.7497482033187981,-0.41230654696476987,-0.9107948687921777,0.7243901819686785,-0.7861628857744158,-0.3195368425627239,-0.8614038020952739,-0.8877979498805096,0.7541346887506374,0.9162038660839055,-0.8895792208648202,0.8782022762295192,0.32576961994113346,0.9169226113805163,-0.8689198816029924,-0.9080294935700852,-0.6449631474559546,-0.813550777158263,-0.9010755789751244,0.7067479371844455,0.7569757742532314,-0.8859632560762507,0.8690193488910006,0.8600366263530159,-0.8661524919962414,0.9664872759510479,0.7357031228187282,-0.9360482978643406,0.16158175450514997,-0.9493678195514558,-0.854740298148031,-0.5500527618721098,0.6857844729284781,-0.7106833501733745,0.570816225763835,0.6717583918924555,-0.8554324948529237,0.9457932039195333,-0.8939869685040571,0.7890605929186985,-0.883459089889033,-0.8520902667413037,-0.9445192616428946,-0.7619455399453593,0.9595418395769417,0.2685850695178136,0.9358170148009385,0.9258486871719241,-0.7692624115223966,-0.9216896091283963,-0.6265006879797741,0.9818333458731093,0.07473461853709996,-0.9685670661012008,0.6085683326497345,-0.9046500278455682,0.5444717992741158,0.9180959957416908,0.22218937542270173,0.9765356617307193,0.19820873123891905,-0.9472884698367724
-0.9619486183464232,-0.9059071478683396,0.8742853723676864,-0.7807340319735095,-0.7357332370381092,0.9774903849652341,1.0000000046254462,0.9389121977367006,0.8816365771270831,0.9527419043610672,0.9529479615049519,0.9998322954640831,0.9719319458868783,0.6251246222573299,0.9409736387706059,0.28241753602593195,0.9505270299257582,-0.9113802116826094,-0.9014370913876157,-0.9825943638153076,-0.8516721827658028,-0.8329149133337963,-0.9682566250931367,-0.9187433247740115,-0.9920747326721424,-0.96856246427225,0.9338315792799599,0.8097713837633734,0.8911025384802608,-0.6497620990104503,0.9197353963491257,0.9832624163552189,0.010010293203974658,0.9031157299103556,0.3798341804884288,-0.8739391720654409,0.8455451665787614,0.8343647203158264,-0.2129313560438659,-0.44509409303450653,0.9635438633220119,0.8417713452856589,-0.7499237242916421,-0.755064673053295,0.9506940386293227,0.9562438354015981,0.8325209994220819,-0.6533304509961185,-0.9027713602448338,-0.9419425830630473,-0.9416658098797268,0.4323350883594303,-0.86611792922239,-0.4363336244362864,-0.8839383685328863,-0.6346081601087233,0.8878277305568428,-0.6222094370797087,0.6971639513826026,0.9771906491057617,-0.9634463049891785,0.27136952567855943,-0.9263878489956955,0.9425089177465356,0.7615219050933483,-0.5559278483979082,-0.9466580655386295,0.7811520982798623,-0.8725805591741351,-0.4835917717472038,-0.8825561251198295,-0.9611449475424141,0.6798416454802119,0.8560866051126403,-0.9648046254719658,0.9294536292408747,0.3285255261077824,0.9449397995243562,-0.9364253348156251,-0.9404876819147928,-0.7178762220461158,-0.7773500161929762,-0.9675996877170339,0.6858653453666318,0.8183850366998608,-0.7982437652987727,0.863344877859761,0.9058737508100223,-0.9404218925788456,0.9972964408692785,0.7908703330787844,-0.9827318469613562,0.04410664129529047,-0.9277071209612403,-0.7422975083925438,-0.42227296399478403,0.6362328481907904,-0.8258842090841363,0.533732504706015,0.5999141050629565,-0.9139467231137393,0.9192488711361338,-0.8820042579504067,0.8647962735924898,-0.8844300925094852,-0.8573845988271273,-0.9790225863618074,-0.8775100437522286,0.9433062115629477,0.23471175162967853,0.9278318875652838,0.8955404749946452,-0.8417753516754388,-0.9662694255327231,-0.6741735869122071,0.9297612937340265,0.056976347374859834,-0.9944677049305043,0.6479936089772624,-0.9376786523996514,0.6540338727224911,0.9298035380557663,0.35225364934508924,0.9966549852444903,0.31237253987215724,-0.9777596657334232
-0.9554958844306845,-0.9077300195277047,0.977202340767448,-0.9346925011475077,-0.7298214546716277,0.8667145527978631,0.9389121977367006,0.9999999988555881,0.8985153630563297,0.9722533666242015,0.8634946968219392,0.9397535428636438,0.9748818802347763,0.7851316037707875,0.9383546262425237,0.33945248574766373,0.9937328072805567,-0.907467017114615,-0.9656227975474534,-0.9763083883435518,-0.9680014119253932,-0.9552025784770936,-0.9169195893340425,-0.9462289312593958,-0.9310811998377712,-0.9136018613788254,0.9295534107673169,0.8879695627905029,0.8382530510279838,-0.8682518294078354,0.8790782525903184,0.9734031258485971,-0.03794041767767584,0.9558485254530847,0.5327380160841995,-0.9258869772020831,0.9475470459325349,0.8183183401628388,-0.3538775872172971,-0.3289691168619008,0.9558252066066101,0.9529555263893995,-0.722077392334021,-0.8295467168864404,0.9879671567210595,0.9928378825232402,0.925831366930364,-0.7891402357266973,-0.9511625624718727,-0.8595898864616459,-0.9726539316401618,0.3178232333854056,-0.9047013421685705,-0.37972082332341833,-0.8423235508179033,-0.7720210874767873,0.7008613720080472,-0.664724185446772,0.7147826534723412,0.9015307020694415,-0.9317699109247879,0.3754089635198914,-0.8306293456514298,0.9979794630627529,0.7615212472950277,-0.6250988106643531,-0.9811090699459096,0.8949338387394018,-0.8094267629410198,-0.6891584907975121,-0.7908050167070607,-0.9385421142363577,0.6690115503123966,0.799128267082392,-0.9627365072430364,0.9898715389302994,0.1461975305976735,0.8888014387143482,-0.9314211234366263,-0.8824784507376264,-0.8960069747423667,-0.7141890065108121,-0.9923283611590654,0.7246742826481808,0.8210110780726855,-0.6757251886087549,0.8320646497329586,0.8334179272513134,-0.9905377745837685,0.9599158391639291,0.8021177717262533,-0.927348836431392,0.07217085682108285,-0.8840915397738109,-0.5454393671474994,-0.09645106291210095,0.6942260064989044,-0.8381513390249217,0.5554645356891438,0.5176876203239684,-0.9530528346143632,0.8876988522424297,-0.8841691205887866,0.9763803546376102,-0.9205949286491514,-0.8965446892573861,-0.9757946210348873,-0.9008632697662498,0.9104956296389726,0.286326560035757,0.9034346115054896,0.8496485276848678,-0.7706148696203297,-0.9825235875175147,-0.7961888409545148,0.7743392608015076,0.21362169537177522,-0.9621550549322961,0.819661162227351,-0.8220181129928668,0.5916409408426491,0.9198820900695475,0.6193043477793502,0.9183014536455032,0.2720350322068495,-0.9767514838140932
-0.9501994464519495,-0.9920118481208064,0.7934890487912998,-0.7183211266744576,-0.44212374907526,0.7873665922136754,0.8816365771270831,0.8985153630563297,1.0000000021229862,0.8042768815226559,0.8030411720762488,0.8743807162059977,0.9483657185839005,0.7222888281071882,0.9878089450225755,0.5297886128778275,0.8595638724192687,-0.7444551182394907,-0.7992054153980892,-0.8882636801538863,-0.9001671882462033,-0.7417168762923289,-0.7611055231547618,-0.9307185815707245,-0.9172686704524186,-0.7914581719968627,0.9419964624590897,0.6068692792826379,0.606696228368357,-0.6785359537691923,0.9741448007402922,0.8511605482841509,0.3875014108886828,0.9775951078999743,0.7086386703516897,-0.8477945448127162,0.8295355136670004,0.6572068283449531,0.08224280087909007,-0.01779759593896321,0.7855731807175762,0.9493955583585169,-0.3932419390905875,-0.5440002980801707,0.8662302360208359,0.9361812839339426,0.6962275833640287,-0.5894325845131021,-0.7285072142783603,-0.9485929348305141,-0.7931229426597353,0.2955852442407669,-0.6401944833228265,-0.0009076144311005103,-0.5924653682335655,-0.9070679482017187,0.6179331032811086,-0.5563984194751181,0.7855723559668968,0.9230443449645697,-0.9214669062236147,0.1576488416967963,-0.8063389037114377,0.9173912386172735,0.461512402255247,-0.8800477759991995,-0.8218661278676701,0.8360786450029521,-0.8657888633618172,-0.7985528445188548,-0.6537641520459656,-0.9133675835425121,0.34155683596024616,0.5914823807950959,-0.9204021671484388,0.8639349115704805,0.5335167242117536,0.7458808477467762,-0.9875609177419662,-0.7493935346208519,-0.6785064050478217,-0.4169542777830191,-0.9095752032234173,0.3602184405674223,0.6271665426465476,-0.5994565578869439,0.5698321383128635,0.7418383811485502,-0.867639778969705,0.8971864963196555,0.9347433214687465,-0.8802201858501287,-0.3439385904575663,-0.7891588633692752,-0.3555538538454872,-0.25231149191951596,0.3686728389237925,-0.8200044800776157,0.1534891521402308,0.17142196219125405,-0.9480661470262048,0.7014856465748492,-0.6288016570066585,0.7951459422369901,-0.7132410769399893,-0.6264661083525033,-0.8458351422324566,-0.9184464570182482,0.7390564215859804,-0.14408861669191336,0.6856566348426939,0.6095127525317058,-0.9567603336593679,-0.8411829586348589,-0.46192554446538153,0.7352251961633413,-0.22918966766252097,-0.8679103264485354,0.5398147329363846,-0.9183074233603148,0.855756321560257,0.70409991698627,0.3505756546211442,0.8618138765405117,0.6576337830220985,-0.8496168481541937
-0.9088938105266018,-0.8348609075827574,0.9651540063811941,-0.9199808025358007,-0.8557213431595928,0.9109417571200468,0.9527419043610672,0.9722533666242015,0.8042768815226559,1.0000000038782901,0.8778430432742514,0.9566389820524498,0.9372429164558214,0.7337746200484888,0.8726471442005083,0.16307139037941373,0.9922068390869258,-0.9632557218158073,-0.9544749316814856,-0.9698767924014059,-0.8903503639489865,-0.9480750728232704,-0.9780057405746074,-0.8814596945615382,-0.930142013081897,-0.9674091377018661,0.868971142716554,0.9296627668899118,0.9216081244663149,-0.8077212566898484,0.8254231230647809,0.9916931539541682,-0.19084488007254663,0.8716512804490633,0.32755738344788554,-0.8715790525306107,0.8915443267305142,0.8937134134210177,-0.4578731450191859,-0.4866480851524645,0.9940290756106186,0.8566141756245513,-0.8487420702283659,-0.8668658230887322,0.9738225636584656,0.9596879465783403,0.9305763350019313,-0.7469766865742953,-0.9840772796311885,-0.8268114702327041,-0.9931497365176936,0.4231919305095015,-0.962498407849113,-0.547089568328984,-0.9329286174482093,-0.6037460057522505,0.8071194485620113,-0.7105076838598198,0.6811680343438774,0.880517594343267,-0.8965448719512631,0.45911199529463426,-0.8285253188708512,0.9661872328925846,0.8829030595065924,-0.4518433144073285,-0.9883014988240618,0.8022770097572135,-0.8049389943832033,-0.5068964463747786,-0.8867685298285438,-0.9338405561689175,0.7729052448333318,0.8634388886333403,-0.9519275580303092,0.9659406037033051,0.04130585536394639,0.9573244834674745,-0.8623387008740849,-0.9496423760723189,-0.8589027068736641,-0.8574651339173498,-0.978012848585835,0.8396193458997737,0.9008697289305465,-0.7053101969788409,0.9383458173907456,0.8985381115621386,-0.9857526725002925,0.9622647496014611,0.6790712610288949,-0.9457987864763602,0.22503296378261076,-0.8863546892423851,-0.6950255248650828,-0.1655952384628599,0.7576363152601645,-0.8357879857032371,0.7104195852352884,0.7003847481414944,-0.880336805386393,0.9321665739356694,-0.9532937476257262,0.9623621655496855,-0.9400897049387209,-0.9556761438308217,-0.9934141964823919,-0.8638534507427115,0.9511454956448849,0.4603576556617465,0.9707452401111616,0.9379953512701291,-0.6900582338728611,-0.9975936883301597,-0.8644520231625985,0.81872444388872,0.33183485997668444,-0.9764521760801187,0.8116039131444719,-0.8011540054409096,0.49455580296525864,0.9851608683905048,0.6024533572663403,0.9449323261419301,0.11564708485949297,-0.9886172652555812
-0.9396708976212461,-0.8014986478170066,0.8106960541861077,-0.6878162842726288,-0.6024127023919114,0.9805406958119816,0.9529479615049519,0.8634946968219392,0.8030411720762488,0.8778430432742514,1.0000000011315062,0.9537617208226565,0.9268093967060492,0.39163668238928284,0.8820606808977414,0.4401061655102266,0.871972859634748,-0.7727445529798156,-0.8934551048169593,-0.9511725222479045,-0.80480335160214,-0.7705685911708241,-0.9025314948415327,-0.9214028631450296,-0.9196893919211291,-0.8725171940714063,0.9384574097753883,0.797683959787616,0.9138191451286881,-0.5688363851076418,0.8155200897844765,0.9231167279601926,-0.09157997311200392,0.8492623850090387,0.4140732454928777,-0.9110966248024994,0.8495872780642946,0.6562507682567755,-0.24784459233131567,-0.5957165182038265,0.9166867026652864,0.7569229787532505,-0.7579426874112019,-0.797570095147781,0.9185496000450599,0.8695032184831376,0.8296163020458825,-0.733110864104097,-0.8587771332620036,-0.8625462676240715,-0.8968940394353736,0.1923382280897848,-0.8363808865296763,-0.5313125510294802,-0.8850062911970216,-0.561778536860136,0.8468830024890478,-0.36390039013042524,0.45783651897270466,0.9631492854138914,-0.9680579249177046,0.00795247111477889,-0.9940723950952498,0.8543090049126212,0.652469860863916,-0.4512867662788345,-0.9076378997599329,0.809261197116737,-0.7024171701751203,-0.3872178087324756,-0.750030009086493,-0.8352415025129444,0.7616731639048753,0.9342260813993176,-0.8474495226613797,0.894209788313598,0.3674077548546171,0.8367150123104848,-0.8860414526324788,-0.82335228438608,-0.6811834791565853,-0.729059536128699,-0.8808141268198267,0.6619260306196239,0.644966648763754,-0.9420748424869424,0.7976420691092307,0.7563959524472115,-0.8362836629949498,0.9509645729130007,0.8158140504483657,-0.8818856698998019,0.1645656668402651,-0.9876550905161825,-0.8031488887645867,-0.5342977595880295,0.7240300226244265,-0.6167928318614389,0.4970325801744777,0.5788744728341679,-0.8998013262033472,0.9551364647914438,-0.8749612691537522,0.7839438204139921,-0.9063531496317799,-0.8344995076163816,-0.9219267074151659,-0.7043704588093023,0.9612900591495295,0.17404165288912807,0.9066447028074412,0.8941497328784603,-0.7659148985182641,-0.896327039071796,-0.5753100347324582,0.9784568575077414,0.04195347630770485,-0.9492926760210376,0.651173984553091,-0.8794569011934146,0.511671491445102,0.873844664073423,0.1943453524633561,0.9372044134291542,0.20985263155801523,-0.9350562256855252
-0.9594464209763528,-0.8992718505938331,0.8785402267100191,-0.786100034086221,-0.745121357612425,0.9789354507854926,0.9998322954640831,0.9397535428636438,0.8743807162059977,0.9566389820524498,0.9537617208226565,0.999999998513763,0.9701022323677128,0.6236256731848766,0.9359920771508241,0.2741087411597073,0.95282036135361,-0.9149896151738475,-0.905471053614853,-0.9834673658666332,-0.8511095994098735,-0.8384085840759145,-0.9721461882705568,-0.9166918904461044,-0.9899498285563268,-0.9708910295356521,0.930794977464574,0.8187653480270163,0.8988986905365278,-0.6539813090119342,0.9129046455779866,0.9854379397424492,-0.008163592296753444,0.8990457190617738,0.3705038845768866,-0.874667761036339,0.8474971426970946,0.8379701311916897,-0.2299178531762078,-0.4586274501995921,0.9678526835705953,0.8383532048626311,-0.7619471266908382,-0.764727513218703,0.9527644660951086,0.9552581581943207,0.8392295927341955,-0.6594378849241384,-0.9090806341209775,-0.9357367304872178,-0.9461679862036435,0.4315420459347993,-0.8744386901422316,-0.4520114963626161,-0.8923251434309435,-0.6258071135080882,0.8899575443295694,-0.623317300516418,0.6908041714731737,0.9740481867128925,-0.9614777427706374,0.2775928712026781,-0.9259132164516766,0.9424283973390937,0.771450010415108,-0.5425942982479316,-0.9503002276562847,0.7808424040330223,-0.8672979721697629,-0.47567740788837315,-0.8858003325563006,-0.9590173879455189,0.6922932002359419,0.8633109121184819,-0.9632917359516957,0.9315799596227486,0.3128069440417246,0.9481465610222852,-0.9312391696946551,-0.9432540490523136,-0.7236078047180504,-0.7878996832682624,-0.9677626574488132,0.6989194986073716,0.823308221984695,-0.800921556812162,0.871863644416516,0.9069097958891301,-0.9420770080124572,0.997197354891171,0.7831713604547907,-0.9818371342594643,0.06198345603876684,-0.929795027670436,-0.749969665754357,-0.41745603239372847,0.6482757781536761,-0.8231199707371053,0.5488330459992465,0.6133021812338229,-0.9112899884829128,0.9249828705884641,-0.8902765092870664,0.8688157277755322,-0.8905979072518623,-0.8659964289629466,-0.9815053368619854,-0.8732244454185623,0.9482606731881899,0.2514890291200818,0.9345021695929038,0.9035021551865977,-0.8316959943431629,-0.9690565501330916,-0.6849870922545827,0.9302112862161886,0.07428264213341007,-0.9956743265952424,0.6568107828609565,-0.9315310752570848,0.6407546848202342,0.9360885985552987,0.3598476694766592,0.9965083203528069,0.2949861848886174,-0.9801936506548315
-0.9959456608313408,-0.9500046658494098,0.9139491841021011,-0.8343587051979537,-0.6356014432694712,0.9185685939580644,0.9719319458868783,0.9748818802347763,0.9483657185839005,0.9372429164558214,0.9268093967060492,0.9701022323677128,0.9999999995524854,0.6872788528128763,0.9846411397143241,0.444001291968008,0.9623626802842511,-0.8607600259647253,-0.935138070769587,-0.98797311211814,-0.9427834791517362,-0.8752971498547407,-0.9082143550752575,-0.9790061812941789,-0.9709853021082389,-0.9085802452507877,0.9813256161984615,0.8104296443929488,0.8257464681000101,-0.7563281305041328,0.9370289126887247,0.9668743190447635,0.08726248154575236,0.9777260069130003,0.5774089498466878,-0.9388778819859707,0.923444418360548,0.7608517692356382,-0.1925754762274699,-0.3209986952663393,0.9356485043124603,0.9392813394582324,-0.6599632473031524,-0.7639781554471597,0.9751115218286288,0.9867496943684616,0.864810712727084,-0.7407088086005622,-0.8965353193665323,-0.9346744897057985,-0.9385512214188748,0.2958795693952674,-0.8411073344813592,-0.3177263002842209,-0.814452337995824,-0.7901729496311432,0.7554887398967898,-0.5764548824358359,0.7009814164388102,0.9723913483820694,-0.9848482487489377,0.21621990822144843,-0.9119442597944191,0.9778843126452305,0.6696211179048674,-0.6884007070251718,-0.9545793494844964,0.8906545301749239,-0.8401780759486027,-0.6667518337996106,-0.7765118552564407,-0.9481127132295568,0.6197843127508044,0.8092075393215467,-0.9636929059529998,0.9675355833517129,0.3491908453062683,0.8727523176773914,-0.9826832244945385,-0.8674868913471171,-0.8013036373359743,-0.6577155744359477,-0.9813807299388851,0.6210143635705438,0.748289814899489,-0.7619622329361607,0.7778996784914867,0.8253405462065906,-0.9534596640513543,0.9848454098315722,0.8879345695893687,-0.9464714876371128,-0.03678871912044219,-0.9261027039028584,-0.5886252503029873,-0.2865998570007292,0.6266828610540216,-0.8111306479493925,0.43315150897753524,0.4491392781032961,-0.9812961837712477,0.8893906411463692,-0.8403985315591993,0.9063847087480973,-0.8916093103779477,-0.8324329486646612,-0.965583236822599,-0.8950548261761759,0.9136028838746144,0.12552362721852775,0.8774687815269681,0.8260058171795865,-0.8707666921253666,-0.9591735199719686,-0.6588506006941536,0.8617117907972287,0.024547361471157287,-0.9755425311110865,0.7138208603560924,-0.9140860754443334,0.6876058536421548,0.8811730854050356,0.4326668981896177,0.9526267940501412,0.39648600596320366,-0.9707911542456602
-0.630768019941331,-0.7630017831208602,0.7667690571585606,-0.8209593668908592,-0.6583745919079395,0.45709511757285254,0.6251246222573299,0.7851316037707875,0.7222888281071882,0.7337746200484888,0.39163668238928284,0.6236256731848766,0.6872788528128763,1.0000000007564478,0.6940565734046797,-0.014472423967789192,0.7721436892545802,-0.7934872242025169,-0.6377923996765844,-0.6511564246759644,-0.7521238805690932,-0.759626312130906,-0.6401226581797188,-0.6003373203161138,-0.6704072428096016,-0.6937767543845239,0.5697279879755149,0.5929148920460857,0.4235224182459311,-0.8011448429731391,0.7195538437809875,0.6948118156283976,0.17497427958527587,0.7272949979659363,0.38506634706697546,-0.5342598173441209,0.6338192571755129,0.8012723412235222,-0.19797925614102432,0.17094958191275753,0.6561438918112404,0.8145777613153085,-0.3823450091479423,-0.4559629030151103,0.683127533710689,0.7906127072728681,0.6151054444406128,-0.4115843684947444,-0.67728092815401,-0.6363723461671408,-0.6859584746467029,0.5541030041559618,-0.6121207536320667,0.010075407668571774,-0.46980512047193673,-0.7117819044009397,0.3847183492151383,-0.8913376144176345,0.8926638818450388,0.5422749670636187,-0.5515980450911628,0.7464766413795381,-0.33425216037741956,0.8055527315363177,0.6370101902436215,-0.6478466232130164,-0.6853061913120005,0.5717410790673654,-0.7759920670741466,-0.7418806284710172,-0.6580423387324987,-0.7935176758802196,0.22785362161788994,0.2999697768552365,-0.8041843629326707,0.7038009020851866,-0.04953333958681098,0.6971190241928359,-0.6737110233844666,-0.7090416420517283,-0.7110991888260105,-0.4597357401890599,-0.7801374044956193,0.4787439832268233,0.8025763240311804,-0.07904384917582094,0.5880356560934383,0.7319318519008351,-0.8214905272113037,0.6510671866756005,0.47673848483375986,-0.7188859155426859,-0.19877562197672985,-0.40612341633312343,-0.08774092391845957,0.326082273433056,0.2759012707359744,-0.9023519777427363,0.3814094509024354,0.27125844887879624,-0.6430559641491425,0.4489669645619316,-0.5370321375978546,0.8028274168897971,-0.534278156944616,-0.5945126724147705,-0.6941222184336424,-0.8878719338532499,0.49606207400484803,0.27207239073116557,0.5619567644996911,0.4771755836824276,-0.5921839979773845,-0.7321915988947161,-0.7125184163425943,0.2944328261074011,0.209008139474879,-0.6500953324919257,0.5812869509263641,-0.5551233631765417,0.613697953845313,0.6436859329904622,0.8053875919916706,0.6238171243973841,0.3701944546941527,-0.6706419693068627
-0.9854772556370738,-0.9848528014456394,0.8477544409548385,-0.7633016040627503,-0.5332980638562852,0.8704177193928182,0.9409736387706059,0.9383546262425237,0.9878089450225755,0.8726471442005083,0.8820606808977414,0.9359920771508241,0.9846411397143241,0.6940565734046797,1.0000000012489878,0.4977549400309367,0.9125464813567066,-0.8048874396572331,-0.8662098659277686,-0.9467801795961338,-0.919869045386802,-0.7991795929969272,-0.8428087444134612,-0.964086929502371,-0.959804555142995,-0.8595022079522535,0.9748087654468058,0.7000386206792463,0.7214315026080477,-0.6992619632352639,0.9733188003969209,0.9158883522521112,0.25921081976238325,0.9855683843362216,0.6451975329853573,-0.897799160994835,0.8744020584433742,0.7106517463010767,-0.027625079590037318,-0.17199709405929847,0.8650529768531713,0.9453475898249862,-0.5233206059086496,-0.6456502772795717,0.9240553651781979,0.9670885042246672,0.7736129111417769,-0.6553947731124395,-0.809554102465273,-0.9629280115384222,-0.8666802317925305,0.30496132340796017,-0.7362372259683359,-0.15324352104430944,-0.7065169987386856,-0.8515970904416265,0.7078350876601014,-0.5619878967135464,0.750333963928981,0.9669212322511826,-0.9676968911913088,0.16811160831567076,-0.8784314828246721,0.9505221263780634,0.5597250066634036,-0.7963619354647867,-0.8899097125750061,0.862703137731561,-0.868897350073029,-0.7269406419863063,-0.7249738866853402,-0.9416985547515954,0.47648812028672666,0.7074443874317528,-0.9508506492132868,0.9168515131246656,0.4780323120161794,0.8174131250612243,-0.9994723470848559,-0.816929312528821,-0.7251090031872179,-0.5376023447062837,-0.9509293379764268,0.47928592457227637,0.686291562439389,-0.6991996641873215,0.674187905159778,0.794104639651618,-0.9115759339584839,0.9531412238491019,0.9273794485490744,-0.9264544336049271,-0.20924060183138868,-0.8695955938044251,-0.4887882157812581,-0.30863092799780156,0.4879278033133777,-0.8210751373125997,0.27934007294093804,0.307849546214787,-0.9731756412971414,0.8017373515367714,-0.733941881847753,0.8438500944885102,-0.8019510900118016,-0.7247339025946307,-0.9117180307338943,-0.9143552506818157,0.8334256358819451,-0.031135601343133826,0.7850153724846389,0.7217019951856902,-0.9374866461565708,-0.903808011916341,-0.5427870404517731,0.8212934043850677,-0.13422030538230492,-0.931987983929794,0.609366553146168,-0.940639784907744,0.7948114764822304,0.7945366690091193,0.36095879023744704,0.9224968795044511,0.5503875334382423,-0.9163996645685063
-0.5129535072429432,-0.42034200636951746,0.28270430683619446,-0.19633034930869697,0.36270163427748586,0.26814635755029315,0.28241753602593195,0.33945248574766373,0.5297886128778275,0.16307139037941373,0.4401061655102266,0.2741087411597073,0.444001291968008,-0.014472423967789192,0.4977549400309367,1.000000007928085,0.25180819583485614,0.06774508289455046,-0.39701858119816624,-0.3713645689853798,-0.5218350056856783,-0.25137107823371846,-0.07738087756340138,-0.6020786632592388,-0.2798326170940013,-0.04400095415559375,0.5985421923837206,0.1761506704473816,0.13958808119836466,-0.3154218945916911,0.3633300808770754,0.23537113781577407,0.3172052777915067,0.5522241561205474,0.9005035931773954,-0.6141191021549464,0.544530491778592,-0.2395734161850494,0.1900078761288477,0.04861354485237243,0.18652577843946727,0.5074011150735338,0.09062300432683373,-0.2715366305180729,0.3818096995069951,0.34325988387556783,0.3251165457369005,-0.5621876970723345,-0.18360428702446507,-0.3510775653772873,-0.23956518059111664,-0.6230007161995024,-0.11322753284625872,0.19053870137651704,-0.07140483404580235,-0.6814644114625434,-0.05724370750667442,0.3829872218915146,-0.052918763219502035,0.4509610800640169,-0.5272669421779765,-0.6649188232805685,-0.5226748304894472,0.33010320883149885,-0.290962097150573,-0.6053019846090877,-0.29654154592384974,0.6844896593881237,-0.05601955356973689,-0.6194074911800331,0.2002132050271006,-0.177369122304765,0.09550416604946657,0.2932749097784409,-0.2151476376071426,0.3992161912478126,0.559308638179311,-0.03762297369149954,-0.5232406456916464,0.051893719400335624,-0.35074849548139775,0.24077485529639753,-0.285738730117642,-0.13988820848350675,-0.2522423026982071,-0.5093465815082712,-0.11594293374475864,-0.12087992909583947,-0.2097044058176639,0.3204184948573108,0.7839261278527748,-0.1577095491602292,-0.25848502090793246,-0.4936278088309852,0.06773510265183992,-0.16315832332972077,0.22189155324537835,0.045100937806867546,-0.35971031953445004,-0.3931701190260881,-0.5943308241552058,0.30473707779339715,-0.12583053526746443,0.25238503600083084,-0.3456624127744687,-0.1181810971827161,-0.24155441351095625,-0.15918701127646348,0.29339416875891283,-0.593272511994297,0.12430320087739893,0.07907740494434091,-0.47390606026807774,-0.22009581225113903,0.13347555027078103,0.33482575122066605,-0.39704575073969833,-0.2818783257517067,0.30136301982607255,-0.3504245379867804,0.3238674342767341,0.06566314948887607,-0.09973165643171279,0.2153063990003429,0.4529722916518478,-0.2873643270451884
