0.9999999984378269,-0.9317146226206506,0.8999876832337086,-0.9713575091843197,-0.2158212638435122,0.8870588830630961,-0.8594677850961022,-0.8707529976519223,-0.9532713077346698,-0.5805989091378279,-0.9612696763362305,-0.9767616835311443,-0.9828740976113292,-0.6455116151623953,-0.9821333757820764,-0.9476829355523185,0.9380016657007572,0.8679665183718593,0.9089518278759191,-0.25177732543529435,0.9442327364149449,0.971754029012752,0.9335314791991364,-0.9806797980887029,0.987714598211389,0.9415094649766783,0.8605454237746689,0.8776504076486027,-0.8464793882952553,-0.8718281864900668,-0.9779712437666033,-0.52579022115468,-0.8247110979534638,-0.9893374312583174,0.5012912550922819,-0.8573409688913362,0.9061432780484656,0.8507791573913227,0.7630225960838085,0.9875985967226876,0.923326825177959,0.12825280602946657,-0.530051999064245,-0.7162093768328791,0.9606657848251996,-0.9207811416297725,-0.9102127094658707,-0.9058354275771143,-0.5049800070753142,-0.9814927477461122,-0.4750108895766876,0.9814637358453168,0.84902142147775,0.6701688310098746,0.8907643733941442,0.4869221488584604,0.7344287659958044,0.36189140497048633,0.978132516032468,-0.9080934790765809,-0.9644801096826082,-0.866223837355299,0.9929334171766281,-0.7682166245974819,0.9754520248519392,0.5395794037022943,0.829330451464631,0.019217128134027355,0.7346065027016542,-0.8183690372804326,0.8921404488578099,-0.6216287412492439,-0.5083608064032666,0.7767293302878752,0.9049577662376763,-0.9046076116602374,-0.20500951826559344,0.9317541514849674,-0.8332727897481194,0.9975982329111197,0.9744130444257049,-0.9888745122291801,-0.9907459766887707,-0.9873091429233859,0.5361794382064868,-0.9262358758843106,0.9194334872829822,0.9380297657878706,-0.33453746035233056,-0.08498575885920644,-0.3254041392336553,-0.9675211022769611,0.5981718764177154,0.9612968838061272,0.8711887326453069,-0.575404140980806,-0.8814779787971272,0.9742453876894752,0.0470497211061043,0.7908430474931588,0.8744972239954898,0.9575516989881027,0.49110676849646556,0.9301952806647261,-0.9515151671890545,-0.9873548742956171,-0.9489880550599185,-0.9547690103967319,0.9467762429817921,-0.8653016465957182,-0.9189163822402802,-0.9840681598883968,-0.9501931538380004,-0.9175613119164853,0.9785807834063497,-0.9625390831463025,-0.8879941771118535,0.9736876588633001,0.5895091320846554,-0.680034583585621,-0.9140862506024301,-0.9659448191766931,0.949691015065466,-0.8485346255133278,0.7663434157107359,0.6209662886567052
-0.9317146226206506,0.9999999974497437,-0.9350639571832815,0.9786872761583215,0.21052009350903805,-0.9816572497492455,0.6663397981733681,0.8836249132059448,0.8905460141066601,0.744142750469334,0.9608382757815951,0.9184213503989661,0.9782792239426551,0.3414463460707028,0.9322179875447709,0.9827033557481902,-0.9358506029822632,-0.9467516040299263,-0.7423317136594599,-0.0008710500289059465,-0.9595055738865332,-0.8653248074953361,-0.951976044276821,0.9342671395714973,-0.9531307460641179,-0.9129138426925736,-0.984590411271718,-0.8943325782066811,0.7960598944650956,0.7572938295614862,0.903782237847918,0.6177865616829058,0.6736510854706751,0.9157554811433568,-0.38811010631092846,0.7336204432364846,-0.9268375128053331,-0.6733048487963673,-0.7432968335853815,-0.8790766880549095,-0.831715192096276,-0.32585734616490764,0.7027438218790906,0.8521627754779584,-0.7973846202003482,0.9510103650612168,0.9722702249642757,0.8135485306795264,0.6110456158118391,0.9384650942885383,0.45157018072734184,-0.9804530155364715,-0.919063910516397,-0.7774885780852069,-0.9309713522481432,-0.5890719048288688,-0.7249068567763286,-0.40152809172099246,-0.8890862579307263,0.9272552846687213,0.9670553137990696,0.8302900815108424,-0.9439156058315167,0.8549466019946932,-0.8573907003019562,-0.6832528331121013,-0.8305217892713636,0.13341680452278554,-0.44637540700838263,0.8632828070730044,-0.8776700246091143,0.47443777247991614,0.6512157767133877,-0.6415835746072068,-0.9291573082467772,0.7973651865148641,0.21230599453724788,-0.8920358996805199,0.7015093985334446,-0.9194785954351345,-0.9185006188336262,0.9012964405272081,0.9646234912993568,0.8947598573962156,-0.5054941329395132,0.9207010727895675,-0.9182411682151977,-0.9033682332077736,0.08194854256005331,0.4094770661813088,0.2572022945392689,0.9518598261113518,-0.2922292910389606,-0.9140043075283331,-0.8151145874703978,0.24129098896203025,0.8145031119183235,-0.9556904974877684,-0.14985569626492054,-0.6799188463610238,-0.7991241325107022,-0.8944125131499555,-0.4192418533023077,-0.9544518628441923,0.8777266653921436,0.9089800200638807,0.9671402727869536,0.9898551132686721,-0.9229044353933459,0.8153444962012273,0.9165817278699465,0.9554638418359865,0.8323559937601573,0.9168909434806182,-0.9247943339772324,0.8800334986604885,0.8499948768585962,-0.9513920862369213,-0.3996229302636343,0.3749298703032359,0.8573189300993438,0.9083953886227619,-0.8785180052962585,0.7493049487729073,-0.5780830148065303,-0.7495687432861597
0.8999876832337086,-0.9350639571832815,1.0000000006626162,-0.9346921034341784,0.014583443418737962,0.909117749884777,-0.7028213760245525,-0.9299566626560682,-0.9467666019155648,-0.7548206631196646,-0.9546699567801875,-0.9552601507028534,-0.9463592798218434,-0.29889498238922013,-0.8943515125593086,-0.9814588808700403,0.866555140803168,0.9878502136226315,0.6628769727976369,0.19244148309015016,0.82394589152199,0.8707973697617184,0.9913440604031882,-0.8339554663302381,0.8772102417945363,0.9651543231753412,0.9340507612286624,0.9901018602683769,-0.9205175736037997,-0.8329792366294443,-0.9398064880522641,-0.3240988538913941,-0.510141522614682,-0.9351376243596395,0.49750892826310716,-0.7840960072686972,0.9898131610964969,0.5901109777582723,0.8308150812660239,0.89499385695732,0.8626148329278238,0.5460898331357918,-0.8217262700049436,-0.8889680452826292,0.8141188780533818,-0.8812387840249669,-0.9358055601703773,-0.8698097332486465,-0.7467995201788681,-0.9558489698697772,-0.6187874680958834,0.9344836274497096,0.9518251714310694,0.5692899727056352,0.9726006041035282,0.767210836781042,0.5782063962087503,0.1424240865347263,0.899897037324224,-0.9613666277314907,-0.9447896016026365,-0.9268735806610865,0.9441682425829034,-0.9703771447532559,0.8975881258050185,0.744186977614314,0.8661718667331794,0.012866935507789189,0.5170184193696918,-0.7894829147315603,0.98575076101903,-0.5581043631049281,-0.7591424232644848,0.8270918042459308,0.9964261034170563,-0.9212436305222886,-0.38204128353924305,0.9462924273456754,-0.7131048931404163,0.9035669257942931,0.9519806229996092,-0.9210049749306808,-0.9396186884137281,-0.9157804573261009,0.682038061161481,-0.9808653351768087,0.9622996701081065,0.9815450992187216,-0.3740340651492556,-0.33122493970036493,0.05635564626994572,-0.8806904529750733,0.42269694451544576,0.9675723652200746,0.9545109659038269,-0.2970441464521013,-0.6609574903424454,0.8969728839626319,-0.1762430982424071,0.48264009715889095,0.7729883752858279,0.8854302986337915,0.4727566551487574,0.9959906028983081,-0.9425873430977318,-0.8627967081601051,-0.9887475304505733,-0.9704597132702045,0.8658094879380306,-0.953400369702434,-0.9636231264269891,-0.9427525669336135,-0.84155029650856,-0.9937503196727131,0.8873995755639487,-0.9461340453337731,-0.9690825376818314,0.9744525156324119,0.2972935187926851,-0.4421068914417372,-0.9367125659192674,-0.9259253010732507,0.950725011144333,-0.9115730395620489,0.5655398904719003,0.7709952868400116
-0.9713575091843197,0.9786872761583215,-0.9346921034341784,1.0000000015382366,0.29482814715931815,-0.9695265412241509,0.80330756670191,0.8473795886301717,0.9117302790673028,0.6159931248197162,0.9933175197762942,0.965315310953987,0.9848181171840368,0.47886021637335296,0.9411891943783062,0.9823271409515949,-0.9084135984286945,-0.9373815534620307,-0.844396984392542,0.08972396685406539,-0.9605291940990265,-0.9468159824634022,-0.9468318945511942,0.9565287359872663,-0.9667233037312731,-0.9619171503552911,-0.9422266248655365,-0.9161529507891161,0.8707271575106423,0.7734404188211532,0.9386766007062004,0.5289378698795388,0.7603761762444979,0.9635681651634134,-0.5441916587162454,0.8547503873243775,-0.9158828356907406,-0.794145806579748,-0.8315884177087876,-0.9419411095296907,-0.9258849481985381,-0.24603789758698305,0.6074675665416115,0.7611164995870833,-0.8757415401871599,0.9810901038922691,0.9820048904728451,0.9100364394091043,0.6458400196853914,0.9800467682077547,0.5620743322775065,-0.9977312568938812,-0.8665795650367214,-0.7824469213151248,-0.9544689550036588,-0.6133287642289877,-0.6583239736190676,-0.2980603772231591,-0.9604023111148474,0.963351510039717,0.9559560973560083,0.9008920669169568,-0.9760049646597346,0.8322189709139419,-0.9255573966353134,-0.5618393574900178,-0.7826184146197296,-0.04465721933526993,-0.5636934995740684,0.7889399667380574,-0.8950514090564919,0.46445313581187575,0.5405493777125245,-0.7461037111216534,-0.9433094462262909,0.8573279534440073,0.3217402973571496,-0.893590353904704,0.8310345564664229,-0.9704160071318888,-0.9428576594667731,0.9470123786292786,0.9929510932208667,0.9408032021788827,-0.611608961036278,0.9568455824169985,-0.9620090892087153,-0.9381781554385998,0.21386999078556512,0.21812174229561485,0.29866427790238675,0.9904972501124457,-0.4078555385244531,-0.9591676768042308,-0.8490486191720007,0.4060775309378013,0.8814510142925714,-0.9505823276980966,-0.03700780178286545,-0.7549455684537552,-0.8996685815960842,-0.9669833465635828,-0.562603957543155,-0.9623268398373395,0.9426206471023998,0.9699444926676184,0.9768270802234468,0.9837302804562174,-0.9780112904027912,0.8402273330098429,0.960482504325493,0.993155060710998,0.9272971898218568,0.9394143899309934,-0.9824570435279086,0.9286842571611537,0.8962666184371646,-0.9776810673290119,-0.5550954528290524,0.4970195687516699,0.9278285653729652,0.9717388351563261,-0.9105835635713602,0.8065498447034035,-0.7304140843763377,-0.6332501153686722
-0.2158212638435122,0.21052009350903805,0.014583443418737962,0.29482814715931815,0.9999999968512437,-0.3386480062248878,0.38339879627836015,-0.2451947744611502,-0.07631211817738691,-0.4161966385683752,0.26449125456241324,0.1338611774227958,0.15267839095615024,0.29932667948681985,0.0804174572612587,0.12985082584392696,-0.027412816569922657,-0.07594431464894072,-0.4791953465116121,0.4234495972169496,-0.3828011441574594,-0.30701385116250357,0.023805631156175906,0.3034829762747358,-0.2244719402649583,-0.1773711539467457,-0.16952136138979304,-0.013599008155671326,0.12650389542699877,-0.2676415983920487,0.02716221729402542,0.31687431624773005,0.5950578520883841,0.1440354308534015,-0.5006437558539716,0.40913002735344345,0.10662614693682826,-0.5752070692311783,-0.3523174703466657,-0.1666591333646254,-0.3602065898944207,0.5191934057814765,-0.42954388803722754,-0.29805075957941746,-0.13772627757569167,0.45153459848250826,0.3249117863223215,0.31757204052442733,0.1838291121800012,0.17702295673676804,0.29350018898288965,-0.2564836821131414,0.19085872302790416,-0.7504709531804359,-0.1925771962553879,-0.018680505010077744,0.074086494497294,-0.028605899280170488,-0.2718364890476047,0.24052570916163454,0.038602478481572826,0.1943772800235447,-0.1429895418256284,-0.15338532584548042,-0.1253989402955755,0.5287427655317798,0.3218020300797479,-0.4428278266498848,0.02686123794587156,-0.15341660817261207,0.10788700810253685,-0.5307768570080849,-0.5671596356976158,0.011970930944026877,-0.04578188108715635,-0.0844502578551651,0.3343830337069766,0.1429536636249546,0.5249389443246399,-0.2293487361907942,-0.008092043909272817,0.09960669825036815,0.22444046362448203,0.08775493576150264,-0.2339858370596946,0.13151449705784143,-0.22199775175769695,-0.021151121476445336,-0.3557893648540285,-0.2856524806999231,0.7943988565438969,0.4084446495989735,0.21211358349686663,-0.11086297735521991,0.16640608106978108,0.18623278060535062,0.6408745641151,-0.10748424414776878,-0.23663350901185182,-0.6823426828449887,-0.5547162976937907,-0.3779428191718733,-0.6330096533713833,-0.06399133195688173,0.14869043207897203,0.3546363000178489,0.105439124694234,0.13406709003795528,-0.4599997651012915,-0.20587451017850084,0.21386841851491703,0.24964676406177155,0.3551717661735643,0.022424790954662835,-0.3692454212630652,0.02782519000947189,-0.0064301246525758134,-0.11633915775622983,-0.7868333636524549,-0.030370197746138177,0.18740379761203563,0.2772853835613893,0.06270114519161912,-0.16888839207546108,-0.5883396568344575,0.441490949438136
0.8870588830630961,-0.9816572497492455,0.909117749884777,-0.9695265412241509,-0.3386480062248878,0.9999999988648066,-0.6635776274273745,-0.792548403733225,-0.8173004843319677,-0.6578061808289476,-0.9582277192779691,-0.8860725091039677,-0.9369040672482928,-0.2718702842257152,-0.8596320547040673,-0.9610113212879234,0.8539803930105125,0.9461024695781877,0.7196822102400932,0.06183862836480211,0.9382890073287642,0.8483414562489016,0.9071403355127493,-0.8898277121932329,0.9026868262373984,0.906999181723528,0.9818370588835977,0.8837368831439132,-0.8072854057837833,-0.6386588073473034,-0.8419668724971086,-0.5656308000440248,-0.6541163276865143,-0.8739718894403276,0.4858838594405865,-0.7610325025323734,0.8744554193897456,0.6723642479904351,0.8059444619571204,0.8319890441327199,0.8442746769251187,0.3368995134231551,-0.6620228102785516,-0.7876785601829102,0.7310299008892025,-0.9774334943753802,-0.9916022503819222,-0.8272024486093507,-0.7036766533367133,-0.9122081967109493,-0.5496757514361532,0.9587088640440506,0.8518632538257427,0.8550961641589047,0.9459552754805198,0.6602096526064857,0.5997264804684437,0.2925597173012678,0.8702540195547707,-0.9437008332053678,-0.9060439363003367,-0.8488320012038181,0.9005964651388267,-0.8389543430428241,0.8085850484909672,0.5880232326339612,0.7169068729511886,-0.014044631937653096,0.34434136146939326,-0.7577213891123638,0.8344547312971283,-0.3050490873342739,-0.5675027234992235,0.6267382063743105,0.9149787486130948,-0.7403804740657548,-0.34642777487814275,0.8099990933433202,-0.7398344759649329,0.8817940629592197,0.8563288156499059,-0.845599578983881,-0.93646938190265,-0.8356017605624071,0.5875975732718703,-0.9143782397941042,0.9281785485238916,0.8699942830862928,-0.02648031087682463,-0.39282883005597885,-0.27852449427646697,-0.952476681919569,0.17486742562238575,0.8868829854366191,0.7609837240928605,-0.18094515908051706,-0.8283501361534211,0.8899766662778862,0.09970628745589291,0.6801465201151361,0.8417603508583971,0.9006385690887695,0.5372809533890522,0.9326838414772362,-0.8574726558739141,-0.8890253439552218,-0.944270507386414,-0.9614944867378512,0.9402625848973531,-0.7534972143274901,-0.9255414363882388,-0.9378315794869895,-0.8264095599590703,-0.8936545959397189,0.9188451113574776,-0.8291011614662565,-0.8287780875442647,0.9192827879686086,0.45379866983302886,-0.2697063479617313,-0.8587880406396708,-0.9026725195505645,0.8127748324079707,-0.6936462612192154,0.6108219501317856,0.6497212960112382
-0.8594677850961022,0.6663397981733681,-0.7028213760245525,0.80330756670191,0.38339879627836015,-0.6635776274273745,0.9999999969840642,0.5729592644687719,0.7799828603508887,0.12598739955250876,0.8279581249056275,0.8696908263061405,0.768750652906274,0.8043089319116453,0.7636455907442989,0.7342578317580315,-0.6366902783507906,-0.6616796867877199,-0.9374203837298041,0.37172611307390147,-0.7203846612443991,-0.9489265835379196,-0.709183519614208,0.7958258941706374,-0.7816353737635572,-0.8569147016577947,-0.5671987237100066,-0.7459195500841703,0.8563695506857616,0.6924163926950431,0.8330751746447224,0.15342438435008182,0.8269855211413791,0.8768975859499283,-0.8037403814331727,0.9717070160281803,-0.6742383211599398,-0.9425738331772606,-0.8350963943642276,-0.9091256013670179,-0.952884987780888,0.06098201766816801,0.19004046952937656,0.3295107455362181,-0.9188244633091471,0.792612651661744,0.7376574709246086,0.9477738013039221,0.5210365010412179,0.8605909864644948,0.681760696099036,-0.7975773327988581,-0.5234266499278413,-0.5376969625512122,-0.762151932709352,-0.4799594103005018,-0.3629191253837486,0.02324056920931026,-0.9298654179556425,0.8051479850950642,0.7076238306276006,0.8614341038131089,-0.8399655394548304,0.555348567332865,-0.9142704545602552,-0.11253565270549223,-0.5048360749132228,-0.4890076164812727,-0.8288507935583808,0.42427960791775243,-0.7380409194549478,0.4199273433321817,0.12218556092829276,-0.8709764373376724,-0.7449518941998456,0.8459903019399669,0.4792255893511849,-0.7137789442841128,0.9718505568900104,-0.8881768974286331,-0.8049786440377514,0.8673181550249028,0.8312847739967416,0.8659419690982486,-0.7153486467533096,0.8152783563460974,-0.8312474939505703,-0.8149715900838992,0.5886536360373259,-0.39972928322593804,0.3252614617629259,0.8413335934684398,-0.7198169135418933,-0.8569255069808421,-0.7608323183251497,0.8277220828646988,0.8360379721055813,-0.724016309446681,0.28107558142142075,-0.775218631067874,-0.9327980692645101,-0.9222933588056786,-0.765847162778833,-0.7447177784503609,0.8992842804386308,0.9060477422349598,0.7612072143100208,0.7221736359850585,-0.8707437619855104,0.7322869065948205,0.8311799205359592,0.8527882696064232,0.9676696138199943,0.7728698816916729,-0.8966459070419303,0.8601646923681391,0.8111149035584804,-0.8171213795987654,-0.8348524799470773,0.7960487728779977,0.8915483567247953,0.9062419814653854,-0.8069724366939685,0.8002512820691727,-0.9690385300472427,-0.18257853484813238
-0.8707529976519223,0.8836249132059448,-0.9299566626560682,0.8473795886301717,-0.2451947744611502,-0.792548403733225,0.5729592644687719,0.9999999990504235,0.9592572475234251,0.8763105414634188,0.8442173522704761,0.8863906988495862,0.9194003798750936,0.3416334147610982,0.9283668170658655,0.9144336825567693,-0.9385751611297242,-0.8807435285334079,-0.6015728866630272,-0.07413253039641536,-0.7899509042010927,-0.7740822519933946,-0.9610598310940531,0.8272399413698164,-0.876775001339928,-0.8453358810003037,-0.8614386230107682,-0.8810253357888814,0.7554888875588689,0.9380063661065317,0.9299030407963612,0.4551967792154932,0.4767557591121957,0.8871344469127644,-0.19384913941765958,0.5962052201249477,-0.972360815494032,-0.4910819595262293,-0.5833491955370824,-0.8552573354883375,-0.7058869550967518,-0.47048384105615254,0.8277491750581809,0.9390174908505533,-0.8111734429412595,0.7362398684026604,0.8012643001070479,0.7061493612800249,0.4699389514448981,0.8806990882163925,0.3119724286997604,-0.8714406255356402,-0.9851948236709336,-0.3947621918527378,-0.8262459220732978,-0.5250697571153997,-0.7839659640539652,-0.3955454798891379,-0.8066635838438974,0.8096168668947965,0.9586740625624603,0.7533605618692542,-0.9066249945979605,0.8881046875865106,-0.855382971672783,-0.8734675448428514,-0.9892113295893118,0.29040523799305895,-0.5872404529735955,0.931128607176756,-0.9353598477202786,0.7924369348926367,0.8559633788256016,-0.6988182228537909,-0.8997753137748625,0.8834301155120274,0.03677417459505642,-0.9825023477226126,0.5151772675586591,-0.8550197898761172,-0.9458963703613692,0.9000772157093703,0.8803416417708421,0.9012778744539127,-0.3974017982075158,0.8641345160218689,-0.8177073473544622,-0.9110786189594555,0.3422996719993642,0.4109475199169718,-0.0639336781529338,0.7784781013878905,-0.5232865766207366,-0.8865834454663454,-0.9163091442990684,0.29996884378120114,0.5584076728701651,-0.9267491122333239,-0.018992095013611616,-0.42605887284549543,-0.5772832813757144,-0.751231058653436,-0.14798256171944302,-0.9187168643208526,0.842802847158119,0.7870558222815038,0.9160854325172987,0.9211212875041742,-0.7270660465755571,0.932806598438856,0.8201896757756003,0.8591100137513518,0.7225451731185194,0.9089539715555055,-0.78424135954721,0.9068333682629395,0.8684811029668172,-0.9130232874149872,-0.1205586754319751,0.5246543491191411,0.7947914475402255,0.8088326168742374,-0.9430563684295403,0.8685368527635582,-0.38759494265090494,-0.9087130522776727
-0.9532713077346698,0.8905460141066601,-0.9467666019155648,0.9117302790673028,-0.07631211817738691,-0.8173004843319677,0.7799828603508887,0.9592572475234251,0.9999999970452161,0.7079079570084436,0.9196635677765103,0.9715091083385873,0.9575143596866862,0.5408826644702807,0.9652970080345382,0.941608500109794,-0.9275330923456165,-0.8915260804596541,-0.7743139177820137,0.06905458343140078,-0.8354146631637401,-0.9118225285437365,-0.9725827253271511,0.8942402217710972,-0.9284023372211042,-0.9346030369725796,-0.8385907926558611,-0.9256308006607693,0.8700500375782882,0.9594397104507056,0.9942016380642184,0.3806207487016006,0.6369589236960433,0.974478514069193,-0.42241849889279004,0.7851801256165291,-0.9710535779431485,-0.6911392944308512,-0.7264555526777929,-0.9622862097819704,-0.8608071647935912,-0.3424779097027925,0.6960522296405125,0.8252453479185012,-0.9348201341901792,0.8197166256635191,0.8518541158787281,0.8606805563929528,0.5318537048219478,0.9622339044312245,0.4715143387131889,-0.9288750666941522,-0.927558013152851,-0.46170946858650175,-0.8843817309664467,-0.5635207618925727,-0.7160599784494937,-0.28236880540730125,-0.930005159483121,0.8863825427713085,0.9681013209724924,0.8677366778507573,-0.9750838327967747,0.866060871970544,-0.9658679248103805,-0.7051340244014259,-0.9290609611023128,0.04910964341970468,-0.7432433331183895,0.8498800047431619,-0.9675954493324104,0.7612517644475141,0.6971685198959117,-0.8393591953304903,-0.9378881221149029,0.9689892233341494,0.1916535801093836,-0.9949910677506156,0.7211841892126387,-0.9518242910515683,-0.996194900599417,0.9822576281706098,0.9492781905159183,0.9831142154597801,-0.5492808801481559,0.9346136048861186,-0.9028445811444116,-0.9734852175252514,0.4853313176996051,0.16387771306102678,0.0442754160417481,0.8708820932999799,-0.6626870364431323,-0.9676871354675642,-0.9644261347173542,0.5231240431301961,0.6982326873429473,-0.9482196587972205,0.09919237256614791,-0.5768531941765439,-0.7510973786110038,-0.8821377511629201,-0.3693414575301235,-0.9511352390650589,0.9498036280971496,0.9036078425059707,0.953809976270132,0.9419390103058908,-0.8419197287538539,0.9674794487673368,0.9049614946024159,0.9406184440971569,0.8789858192649416,0.9560412353925692,-0.8973103877400715,0.9871923607123996,0.9416179498753391,-0.9721268251748557,-0.3699353982400594,0.6851641632447683,0.9099020763610466,0.9224197950624756,-0.9975539182915151,0.9441281058906591,-0.6240315200873169,-0.7539598455149765
-0.5805989091378279,0.744142750469334,-0.7548206631196646,0.6159931248197162,-0.4161966385683752,-0.6578061808289476,0.12598739955250876,0.8763105414634188,0.7079079570084436,0.9999999991394448,0.5958015166042593,0.5937330698936635,0.7033364569818901,-0.09914309802957885,0.693434379019256,0.7293809984803651,-0.7828291754305158,-0.7404546924002782,-0.20486097004296325,-0.3461842290683635,-0.5969034803182295,-0.4150783322620751,-0.7803181969647935,0.5742387397279964,-0.6391070452700472,-0.5670388640739044,-0.7868303027561313,-0.671529216665144,0.45167233462777157,0.6934028917592417,0.6492913145230446,0.508151634444947,0.12557826120674737,0.5853181247092387,0.17946157714587868,0.19667023702579242,-0.8066512858480916,-0.0751098685499958,-0.28731278331771437,-0.5197022173742543,-0.34331108270463667,-0.6286598162603082,0.916542116381995,0.9703014712123441,-0.43972928909781867,0.5102846697217613,0.6183412791223055,0.3435548071263596,0.3494149390452379,0.6001177551477946,0.04189852816602545,-0.6410592698008624,-0.9094684237367966,-0.28443847234569813,-0.6195873312209432,-0.4224921938194489,-0.7259221028033634,-0.48636856164408115,-0.46725559810796036,0.5736012998304896,0.7748944955306234,0.456375339889677,-0.6356282284469255,0.790972615538881,-0.5112768320967472,-0.9889719881694942,-0.8873789234431034,0.609128393846252,-0.1628568322721688,0.8855340871814265,-0.7187704031376486,0.6273961751380991,0.961818171434213,-0.3366125698619874,-0.6984751374854482,0.569826943480155,-0.16497346393021736,-0.7724288838649315,0.10556073116402508,-0.5453480108960098,-0.6877950857429994,0.5966816149150034,0.6231623875085435,0.596031394546389,-0.1185776162264094,0.6158374375698069,-0.5610735537569291,-0.6523591369307695,-0.00821858511097218,0.7860439095494444,-0.21596170969501283,0.5145271249673988,-0.12376815359910223,-0.6034550610961702,-0.6654827291456646,-0.17686166904383285,0.2532050188575017,-0.724922345714867,-0.21083440850565163,-0.1128871812065051,-0.22105043421348516,-0.4231007287320282,0.19033791457800436,-0.72144896289528,0.5235806284546047,0.4646605749646185,0.7101592787342105,0.7431030432236425,-0.4403440996841168,0.6986411856285247,0.5630768133776635,0.5886610015978417,0.3443094071249059,0.6842014990600847,-0.47691690879871107,0.6062994235801071,0.602124751669612,-0.6636827901149365,0.29624807373081813,0.09886224894271799,0.4808786919622506,0.4944494489431644,-0.6735183698001619,0.5733372324609954,0.06093770170052372,-0.994627885956007
-0.9612696763362305,0.9608382757815951,-0.9546699567801875,0.9933175197762942,0.26449125456241324,-0.9582277192779691,0.8279581249056275,0.8442173522704761,0.9196635677765103,0.5958015166042593,0.9999999990203448,0.9787608987306187,0.9733859483377817,0.4627217902323644,0.920793807912507,0.9839759634290829,-0.8740358184627096,-0.9554455531672049,-0.8282279207931174,0.02558647412362376,-0.9223892069808814,-0.9565170406405511,-0.9547422841660533,0.9249306877161536,-0.9405195420928083,-0.9860120787855821,-0.930558634774113,-0.9500329801170251,0.9211088575505093,0.775596407400309,0.9442694788522369,0.4281067469121483,0.7184063211087699,0.9697536542057111,-0.6125627095073096,0.8897133324789962,-0.9284983648134637,-0.7826176714654407,-0.8832238723391354,-0.9467139638635365,-0.9504624428246556,-0.31046478307990105,0.6317421231004479,0.7570115129812425,-0.8769308977077179,0.9752249184322457,0.9831180745795643,0.9424181747235868,0.7138090169613864,0.9888626893199114,0.6448709769174236,-0.9873456912660271,-0.8638800261663816,-0.7440744777069761,-0.9784486883874879,-0.6881088951951144,-0.5869351155901806,-0.19208763649173338,-0.9707134165067521,0.9863010267311036,0.9416186351017913,0.9446122205206298,-0.9752506663056189,0.8672625099386745,-0.937366551552189,-0.5545929645479207,-0.7699942624179481,-0.1267243970769664,-0.5731061739340262,0.744025708333822,-0.9247831429290831,0.45365740219718476,0.5503778623047374,-0.8097368062765773,-0.96762869088347,0.8910984423594335,0.41165044970952036,-0.8975697387870225,0.8573015236729707,-0.9673097984148067,-0.9469703120527077,0.9499013674249867,0.9880100388430676,0.9432770524685602,-0.6936265772687277,0.9823369781853242,-0.9869219232853532,-0.9626857860038208,0.2979327812498861,0.1804308780888579,0.2152584356277801,0.9790049644136406,-0.4303392932649425,-0.97860121349604,-0.8863385095677885,0.4224165364797537,0.8495615273770132,-0.9247182172617874,0.07799597633230337,-0.7066356175220648,-0.9143466387478819,-0.97720918189501,-0.6182929221982966,-0.9770330911333884,0.9681016615396256,0.9625039698868949,0.9855921286366922,0.9781317335944866,-0.975440319800465,0.8747347408381658,0.9860560446171808,0.9948367357025574,0.9413184473272174,0.9650415923004618,-0.9806613661249656,0.9464659009773397,0.9360904823867979,-0.9858626018598035,-0.5508699640591365,0.5045189826355004,0.962780149982359,0.9865709109941009,-0.925640870403587,0.8514715625168808,-0.7490128718845638,-0.6140757791908584
-0.9767616835311443,0.9184213503989661,-0.9552601507028534,0.965315310953987,0.1338611774227958,-0.8860725091039677,0.8696908263061405,0.8863906988495862,0.9715091083385873,0.5937330698936635,0.9787608987306187,0.9999999996640437,0.9703558644733837,0.5612691846401182,0.9472512832203221,0.9662178197294249,-0.8874042685684881,-0.9246370087952139,-0.8479741931045958,0.08096811537597357,-0.8797554175075929,-0.9743935999137635,-0.9646621027456197,0.9196565563409482,-0.9409934466659545,-0.9876782429585965,-0.8687770334657543,-0.9536313015835018,0.9364605660946084,0.8746468233077146,0.9872296046154541,0.35791441765904075,0.7153269917890049,0.9965411219283836,-0.5968766983739371,0.8980511733385939,-0.948231374871435,-0.7926539555379584,-0.8531476507934891,-0.9852250413627492,-0.953382644692812,-0.2975765700303882,0.6250518115476928,0.7518908244879904,-0.9423406410278603,0.9151378122154552,0.926509162537782,0.9508983001199588,0.6488593378336751,0.9979376882043368,0.6186474340499236,-0.968459141917633,-0.8739940249265135,-0.6075501974575382,-0.9480715382372797,-0.6469692295717882,-0.6156442069077069,-0.18133237526918097,-0.9861365906264826,0.9585640615897252,0.9510622341413081,0.9450720766592295,-0.9921082110989267,0.8623619780870635,-0.9851189978430225,-0.5752527328644383,-0.8273747277076899,-0.12752509628538125,-0.7101860601772025,0.7608449298383898,-0.9586834424524334,0.5992866627727531,0.5754889516816594,-0.8783970918188078,-0.9644314848698945,0.9611214319988645,0.3622225025875778,-0.948647548920874,0.8530899411134073,-0.9847910007592289,-0.9848107393700518,0.9888534843900689,0.9840989870622273,0.9859571027294919,-0.6796570697990618,0.9802401387966003,-0.9704576297111749,-0.9883329049085512,0.4558160958815436,0.0850679399127864,0.1434134317502227,0.9452537267814187,-0.5977137330236317,-0.9978359614367668,-0.9452801200574462,0.5468381467271792,0.8050473002621081,-0.9342597563217372,0.14874610235753197,-0.6742655085874735,-0.8832621910367743,-0.9667418330556522,-0.5672444667840383,-0.9720930074988916,0.9929649323832115,0.9628773658267942,0.9780747184344971,0.9601684482378212,-0.9373939219108721,0.9365291668861044,0.9711596737968955,0.9881402310472133,0.9568917320933058,0.9757414225560347,-0.9682419436117892,0.9921256847855153,0.9655389942665713,-0.994398538914462,-0.5326365384239933,0.6484432861469551,0.9741357064144559,0.9875252277410455,-0.9788526221126798,0.9283759047556378,-0.7592704009115366,-0.6308906510652268
-0.9828740976113292,0.9782792239426551,-0.9463592798218434,0.9848181171840368,0.15267839095615024,-0.9369040672482928,0.768750652906274,0.9194003798750936,0.9575143596866862,0.7033364569818901,0.9733859483377817,0.9703558644733837,0.9999999989938999,0.49811229703276705,0.9816411881650055,0.9850314689023018,-0.9619171463901188,-0.9283979877104944,-0.8240560644264756,0.10645652500703673,-0.9532438500933047,-0.9304635193107115,-0.9728642129251569,0.9666122383575831,-0.9850321371565801,-0.9460889906427166,-0.9348430891480747,-0.9133703891757831,0.8423840259342272,0.860841286442665,0.9705337532973806,0.5599954205924488,0.7357723366218643,0.9749110937401114,-0.43285988604640413,0.7988878263526856,-0.9514053491051825,-0.752833660599901,-0.7564486909897775,-0.9547155792859081,-0.8850146016462231,-0.2649108366718845,0.6589184256785848,0.8228986767194003,-0.9022663292874462,0.9335140751987162,0.9466410955439591,0.8698771948783258,0.5631039843010819,0.9795368547885162,0.46339289560928015,-0.9935267505938208,-0.9210325167992968,-0.6910941789526616,-0.9259643492807909,-0.5537967446680282,-0.7532532311447074,-0.3844748624473762,-0.9477543684390154,0.9304782500534957,0.9918217084354332,0.8649084892281921,-0.9901564372244914,0.8453779400077358,-0.9406814835721489,-0.6595575493090806,-0.8755977329056166,0.07840551178274674,-0.6203047789013507,0.8726140511955714,-0.9210228211552134,0.6038225436525303,0.6304260867365628,-0.7394466575057729,-0.9425124516048581,0.8878243277628761,0.1976817985404982,-0.9505892362665039,0.7621522599368485,-0.9751464561600456,-0.9768495823873933,0.9704214769324773,0.9933762182126454,0.967166174981353,-0.5267917085162466,0.9445479763448312,-0.9336705493036475,-0.9498394681128712,0.250784601449314,0.26071687114613223,0.24590612867732947,0.9620768880077343,-0.4840146485778045,-0.9615745801050177,-0.8836154743538701,0.42053498860970073,0.8323454434937025,-0.9865659150081024,-0.07637267790205439,-0.7141612671835929,-0.8292466393768163,-0.9320776537718315,-0.43292877441291955,-0.9668386332895185,0.9365658579096596,0.956024206320669,0.9802255695685965,0.9917002908800465,-0.9338408735426514,0.8829355312847267,0.9331552036035582,0.9840021760285939,0.8998202799890981,0.9451110523694124,-0.9581821856955031,0.9512317404640982,0.899298414193976,-0.9854321245482386,-0.46413758930481186,0.5560618979470109,0.9041726636658116,0.9502653947891277,-0.9492425597357946,0.8400370598464344,-0.6613786705961855,-0.7298014366624138
-0.6455116151623953,0.3414463460707028,-0.29889498238922013,0.47886021637335296,0.29932667948681985,-0.2718702842257152,0.8043089319116453,0.3416334147610982,0.5408826644702807,-0.09914309802957885,0.4627217902323644,0.5612691846401182,0.49811229703276705,0.9999999982797527,0.5987097488291998,0.37285894335055947,-0.4961277550704751,-0.2085074236258843,-0.8566546878264774,0.814980643206556,-0.5175636344203544,-0.6899254297870241,-0.3691055540825641,0.6409452888720552,-0.5990599298775235,-0.4700063419762042,-0.1757406807891618,-0.30647121083506196,0.41897180665774547,0.5964645320526405,0.5943774063997275,0.26841437993517786,0.8471899007576491,0.6131576053610571,-0.4123919115610501,0.6432370018138089,-0.3323085149212546,-0.8577670491402545,-0.3452494884108914,-0.6911229439338945,-0.6177550333238293,0.5402605360424433,-0.22186186366211957,0.007988870945023208,-0.795941014496803,0.42778339549613165,0.3267073368324612,0.5915772760871549,-0.08753424320122691,0.5454367886543865,0.1587235684864968,-0.5022590398567479,-0.21860248084485495,-0.25054394122242246,-0.30509567572228646,0.12211775002732068,-0.47059139666782235,-0.2732755708937929,-0.6505534478280287,0.3654124645107049,0.4643248397815984,0.4186671045779712,-0.5754975476652266,0.08514423373405985,-0.6874885144088322,0.11445917936856488,-0.3535544162652908,-0.24342504122595374,-0.9177129918689013,0.3371186993832312,-0.3690988950517882,0.5380305616352081,-0.1624251450775429,-0.5223207967257634,-0.32447360098847966,0.5651005364813556,-0.03558616116545189,-0.4808277061468874,0.6802999336682737,-0.6545000984308776,-0.5545061965929092,0.6420405921647455,0.5450672347819421,0.6508589336494146,-0.19501181970150896,0.40603670968405664,-0.4072009401444863,-0.459106792524146,0.4839444257548781,-0.6130501401911731,0.546892653233422,0.5492575474175091,-0.8443063524473287,-0.5173595353217291,-0.42533100458395234,0.9580944567985745,0.6853353879361216,-0.5428152395065772,-0.04199485903555605,-0.7708385783698389,-0.6055511560504253,-0.6015372665158002,-0.36172239005580376,-0.3553443434695758,0.5628409973780241,0.6751169535659306,0.3928507778610023,0.38935417413090706,-0.5482354556753275,0.4093894378168551,0.4070789940493649,0.5389316870966427,0.7029124788773725,0.3767947975260202,-0.61162392495304,0.5832784884702494,0.4124408788687099,-0.49132190689292216,-0.7807265343194022,0.9311152462895044,0.49866220743809614,0.5717798202199709,-0.5461852341800696,0.4915431164979685,-0.790365067084457,0.012837770435909317
-0.9821333757820764,0.9322179875447709,-0.8943515125593086,0.9411891943783062,0.0804174572612587,-0.8596320547040673,0.7636455907442989,0.9283668170658655,0.9652970080345382,0.693434379019256,0.920793807912507,0.9472512832203221,0.9816411881650055,0.5987097488291998,0.999999996532492,0.9382239700878168,-0.9832983883974163,-0.8516356427125715,-0.8445095900885942,0.23556021407990266,-0.9340945734406232,-0.9132242048073175,-0.942108230566916,0.972957045501821,-0.9884870116919374,-0.8943958592072472,-0.8642820585500429,-0.8501648572005893,0.7761537417583326,0.918331926465345,0.9743521226562418,0.5966026682804627,0.769055072389154,0.9652134770438008,-0.33797521518251056,0.7505847772422803,-0.923508269552721,-0.7632092656939882,-0.6537087780251554,-0.9586531359524564,-0.8396098962010847,-0.1615111497119885,0.5958539182353044,0.7907172671928764,-0.9364105794344953,0.8638211225284378,0.8693514965986745,0.8204977252195881,0.41208655398341987,0.9508707842075221,0.3372601864484708,-0.9615108672618721,-0.9006008451124536,-0.6002986057418667,-0.845420631534854,-0.4142766972541241,-0.835051859446319,-0.48200111835200266,-0.9262772993723414,0.8543945944359608,0.9863033237347151,0.7929359187491613,-0.9784825091929443,0.7716555618589893,-0.9449400762790754,-0.6554101879764832,-0.9092125289548374,0.15836398182428738,-0.7176528724790507,0.9081754030121438,-0.8880516872233601,0.7220824846867097,0.6113785151672193,-0.7085174282334818,-0.883445610425305,0.8855734942355165,0.051089298625041905,-0.960954712200286,0.715426576370561,-0.9689386305333475,-0.9769622958012466,0.9750217437726799,0.9685784748889145,0.9755746037210387,-0.40976297909206216,0.8868794454287577,-0.865429693767096,-0.9167632303827149,0.28858070181702117,0.19996685259981314,0.28104301822168765,0.9215213252426476,-0.5954706353832765,-0.9296770423598198,-0.8655172255137793,0.5089261181622639,0.8134999619087824,-0.9956653603352511,-0.14197882507375778,-0.7296801771769262,-0.7689454803630993,-0.8891812320098399,-0.32197763986837064,-0.916551509655933,0.9046893601251378,0.9418742284777878,0.934634918067907,0.9527221791640827,-0.8811901296117411,0.869843588836748,0.8654846300571907,0.9499695132763614,0.8775259706741427,0.8969928561693856,-0.925971536693949,0.9444960907980738,0.8535873162830341,-0.9555513391884513,-0.4533268538774637,0.6639043073080937,0.8508502898496153,0.910226444277834,-0.9508329098021494,0.8314591901144017,-0.6412540162239349,-0.7350398979960787
-0.9476829355523185,0.9827033557481902,-0.9814588808700403,0.9823271409515949,0.12985082584392696,-0.9610113212879234,0.7342578317580315,0.9144336825567693,0.941608500109794,0.7293809984803651,0.9839759634290829,0.9662178197294249,0.9850314689023018,0.37285894335055947,0.9382239700878168,0.9999999942031709,-0.917756499444745,-0.9784247212236103,-0.750638407383771,-0.05624732577695345,-0.9166307017956864,-0.9073486531992763,-0.9870054828117031,0.9144521300436563,-0.9423977124902471,-0.9664571597816906,-0.9663208862197964,-0.9593826486267278,0.8864100236758324,0.8162285257068143,0.9493181255047815,0.473939073395345,0.6384588223410572,0.9565571259293068,-0.48321498202392754,0.8023822755600979,-0.9707895903559607,-0.6828994702384967,-0.8169462365535456,-0.9224575642988134,-0.8864017977300963,-0.4058798067018708,0.7425326252060332,0.8604178832662907,-0.8455188249257174,0.9429517718308895,0.9739710444502209,0.8798970418643723,0.6864766359394716,0.9759426344485876,0.5602539802074904,-0.9828533802664547,-0.9381161147287866,-0.6938938767007707,-0.9712608231245738,-0.6813881891920137,-0.6598571460750636,-0.2688383653411945,-0.9310347115578786,0.9677169142282165,0.9740161955626472,0.9070787027222962,-0.9721122110230045,0.9154165371261359,-0.9129435680062692,-0.6925107300480575,-0.8536625977446591,0.02551380551390597,-0.5264188893206511,0.829695746686477,-0.9487201582949443,0.5277328291656683,0.6833992153567484,-0.7670773896034424,-0.9800091774049331,0.8874951020682791,0.31548171294961946,-0.9370459163791909,0.7540860923998051,-0.9451929589691425,-0.9600781989420761,0.942268038642264,0.979792908785229,0.9365247291835922,-0.618992836573495,0.9741784546771461,-0.9656680352310985,-0.9659455780095852,0.25634332068011495,0.32628667558673435,0.13192033967979014,0.9473361531181841,-0.39694089294963036,-0.9683792456756385,-0.904680248359305,0.32247966797801436,0.7782321531597733,-0.9481896628134013,0.0235661870384367,-0.6250249269047033,-0.8276782365420638,-0.9263642529467754,-0.48482886018465093,-0.9928481058917159,0.9418966739761258,0.9227755384748727,0.9974254025037514,0.9978729460787226,-0.9279624480975232,0.9021492945516801,0.9654175191400362,0.9780620885667597,0.878733221998845,0.9748604167010254,-0.9409355167375832,0.9419814499042832,0.9325829981837873,-0.987517106804728,-0.4026880170275807,0.45381726946695256,0.927921400112746,0.9505091858624101,-0.9392517153354464,0.8549356287087798,-0.624808648068025,-0.7440390743669725
