0.9999999997431556,-0.5246892359554095,-0.41377806042366405,0.7632386628485327,-0.7526361519351228,-0.8998419968806686,-0.9646086414471784,-0.8400252989130189,-0.7303168679335436,-0.9705399155762379,0.5698993349164463,-0.9140140936344956,-0.7799514975181503,-0.3178329197814141,-0.786847018577355,-0.9773358398923139,-0.5633031118523618,0.8079574235972236,-0.9606880590833734,0.7758752976402049,0.4916543109892475,0.947790410936562,-0.9326019060791254,0.8552466642478719,0.8999433795673975,-0.3564320477208171,0.03990385267580267,0.7575664095584397,-0.9038050051666234,0.7256602882814333,0.47285890093586697,-0.41705911304074916,0.8972221642771303,-0.8210176740734022,-0.9315258143293024,0.2567419458111758,-0.9259218395031257,-0.9148153735919543,-0.6657199580694106,0.9650596568954822,0.9227356103109624,0.6586721779314592,-0.4490255199832547,-0.9328649725499124,0.9131905502749823,-0.2116761056822793,0.7386509449784873,0.6021708059600144,0.963315454517683,-0.9171985964886231,-0.8022386733811429,-0.9663215725073313,-0.7863100457210919,0.915074641895502,0.46871586226737555,0.6558929973353322,-0.9696703248652716,-0.6173536766227959,0.28168987834113385,0.8370481667397052,-0.9721686376923319,-0.6198358712846427,0.6105881676086522,-0.8596134338642163,0.7157544674532842,-0.7613439897253507,0.5995761352233572,-0.7251328870021424,-0.31230482219592026,0.4910814303485398,-0.8101249260903459,-0.6614200171911752,0.9375206763746868,-0.8799051681179032,0.7844678734186803,0.8497973412598242,0.9188205126232035,0.9244467961809236,-0.8796334099733112,-0.81754711340164,-0.8726825158598659,-0.9054277004188929,-0.04001275592312643,0.8942557063375604,0.9512818214845281,0.9303512180808192,0.9576020444621197,-0.7240471553312238,-0.9172869311400359,-0.9734471302905343,0.6514539020314154,0.9678561374418254,0.9709346223975349,0.9428121411538826,0.9767239528178648,0.5133224685764233,-0.8083285370290841,0.9583174749714553,-0.49097100316140974,0.7983459028265579,-0.9651783705381239,0.9213399395908789,0.8470116064515901,-0.7692970718753561,0.8680818075656783,-0.9102612004978313,0.26903957303055653,-0.973703133701436,0.5873619125623547,0.8453816078054952,0.2647931056141197,-0.9129998046964699,0.8901191575423036,0.9722814043161255,-0.803440811631665,-0.35246547825232816,0.5187296080408402,-0.849439914748349,0.9201158326170935,-0.9619878772055636,0.12273657789075551,0.2037007552142466,0.9163236146159371,0.7982943636406097,0.8359724554627808,0.9727307677845987
-0.5246892359554095,1.0000000016663158,-0.36452911611804595,-0.5022677014565539,-0.061254303434747095,0.35214839834026296,0.6606001466477608,0.8734588483493052,-0.1851284587062175,0.5939575874266255,-0.9787829972664204,0.3839864046081156,0.9229791787063747,-0.5986155088678679,0.928643922148735,0.401733904921017,0.9281538969244525,-0.0029942052338331414,0.45541978893846913,-0.9120271311066813,-0.9657130883199356,-0.7264262311180374,0.22316237063662184,-0.8311112865026378,-0.46897529945532196,-0.57547112628018,-0.8181285030970643,-0.9268810252678243,0.5571885041584164,-0.9647694990186325,-0.9688002434946105,0.9749569299667892,-0.7997383245926547,0.11589140705442702,0.6428463459173569,0.42293847202013435,0.7733389896304388,0.7917200315686561,0.8111882913996583,-0.7116197247678876,-0.4317500294071969,-0.8343464114250326,0.10414003198720874,0.773272407756231,-0.7751394770265663,-0.3704924457046767,-0.9145713077047503,-0.9083748319369107,-0.5534961879725727,0.3203314202101541,0.9208287569822642,0.4644516228328171,0.4617478582075691,-0.5854480676098057,0.2727928946051678,0.27224640432509417,0.6969853215533057,0.913964192904137,0.30505330646547335,-0.0851647799335859,0.6818152189237207,0.971646550018686,-0.5236646034074658,0.8850321475057844,-0.1275190206338529,0.6563898409131237,-0.1074384886728573,0.6597883251735992,-0.39350654085675896,-0.6303567907245478,0.7510833870097858,0.8838871044896836,-0.5044993041075855,0.8599711330497187,-0.6963544814726536,-0.6852872643290898,-0.7199253079226494,-0.7393953850789576,0.2245241156423214,0.8781193402386134,0.847084974909251,0.6588687256605306,0.8370195284766414,-0.18594890669739253,-0.5491416749406449,-0.755103563386171,-0.7050566939059746,0.9214529129411212,0.6994068825131119,0.5147312592355338,-0.11434406675018673,-0.37930266143384894,-0.6946896140123527,-0.4660194027013899,-0.47043247688800915,-0.8828647707352887,0.8155378201367747,-0.5346361396375788,0.7169154493151098,-0.5055386880946234,0.6298017939910399,-0.8009865863182799,-0.8505840975260083,0.7499766577704485,-0.3857089233195278,0.819958077624379,0.20882227138829723,0.44767129690908203,0.3795719869085572,-0.5274749835603549,-0.2825742496716185,0.4947288540688138,-0.521234770393947,-0.5960292598094625,0.3118747616164593,-0.10563858781845656,-0.1397070288497603,0.12482661067779181,-0.6422313008545758,0.6277040982033932,-0.9034384242154312,-0.8521531651136187,-0.8156074770701605,-0.4198029537772805,-0.8871035749672124,-0.38375794557254417
-0.41377806042366405,-0.36452911611804595,1.0000000002514067,-0.5971075019267137,0.7868327210547562,0.5377914285020673,0.31437135222018897,0.11444331758601455,0.7689937120095575,0.3302160754151691,0.3232621096979133,0.4083430778077901,-0.013591536944469886,0.6275955382790643,-0.15415482312949497,0.546229668408492,-0.3551432673600011,-0.8414302942747409,0.5840112029179174,-0.0004885265695488809,0.4929965375994548,-0.2655283516712624,0.4950163613352908,-0.02144341203179853,-0.5717350635744101,0.8425493432602975,0.6306172869161225,0.019211059942385447,0.5025265043624627,0.18423409529461335,0.4212150721633914,-0.5400870249653041,-0.20826021998526328,0.8517970262615167,0.4083238102196198,-0.5624016090422,0.24989697246531628,0.1636422205689814,-0.06824861877884283,-0.23958339008090063,-0.62084515668014,0.11092818179315315,0.3127877105730462,0.23198472469009454,-0.18509966151773927,0.5691195048584176,-0.03664030826353909,0.3736671739168503,-0.5017768253626713,0.7190887935143513,-0.03422054252242566,0.5714999853946839,0.5603154145451473,-0.5217476398302687,-0.8200412065121795,-0.7585843940725424,0.19490258744179856,-0.3966429606402403,-0.8820332969504353,-0.8077617621544305,0.26605572104744396,-0.34993446881297435,0.15465457084946924,0.017449509623539347,-0.6759812807489242,0.16162954648847416,-0.7268917394133873,-0.09445832526198805,0.6125614616405316,-0.07691065816962411,0.18491743172929184,0.010489659895218037,-0.5621989362124061,0.021351272689034265,0.20120690723586226,-0.3436798045778017,-0.32759707496046647,-0.20372817741088897,0.7787399731881741,0.05879708441955714,0.07466974528563348,0.4377485120406875,-0.6483080155557791,-0.7322919688240026,-0.5336892335041873,-0.21133478992993604,-0.32441475556610216,-0.04126840489593938,0.38177190210226924,0.5271981045453177,-0.4514841575354535,-0.5876329224900432,-0.28947294802686235,-0.6037972111551436,-0.5152810399242028,0.04663182088111139,0.15963412015264483,-0.5379424883974399,-0.07146612539976505,-0.1728886522985839,0.3934062716220978,-0.09314871607033345,0.030028042625234196,0.3091849250612372,-0.704371952192985,0.1550994866764315,-0.4677963263413161,0.5659610534393836,-0.7721086549482682,-0.4703616221548422,0.2476501786517021,0.6080062260702628,-0.49261912501016897,-0.45756228767973384,0.7534364638143192,0.5255231500893692,-0.5507514128836599,0.7788215679324787,-0.4522027959765187,0.43411864527528443,0.5929010187588505,0.6586188180003226,-0.12664248451115054,-0.4232045380086595,0.10614289863346192,-0.5689223661738501
0.7632386628485327,-0.5022677014565539,-0.5971075019267137,0.999999999642439,-0.5533566382852569,-0.8177293393731169,-0.7616783081058287,-0.8165309945009134,-0.45986061131932865,-0.7926695709839169,0.47880714132007535,-0.7130665661472505,-0.7224487044073511,0.028599083312874005,-0.6154824340003999,-0.8112467307125534,-0.3716759881998085,0.6969373659573733,-0.8510914577656129,0.780185498031113,0.3749371812083591,0.7848781658527304,-0.5600618246164588,0.7312836791014126,0.8267197228140757,-0.29322925139120415,0.06619447629038451,0.7699734463223026,-0.8454186068171823,0.6290960078422924,0.37692838076159124,-0.30283605958267834,0.8584678414021968,-0.8311480830830184,-0.8399323652462439,-0.014300414613399893,-0.8353626494486023,-0.8090561309379019,-0.7010170330371621,0.7906484568953361,0.9327957584719867,0.6763662990265172,-0.17183165433853503,-0.8376861702284218,0.8228824418797721,-0.034683538831840666,0.7773237478264665,0.33467555111223535,0.861300752211037,-0.883254968066447,-0.7355654983488995,-0.8482301457165237,-0.8006096418496133,0.9542856101981017,0.6013094487235487,0.4486319687788591,-0.7208376862897704,-0.4194616488953026,0.468043647180307,0.7275501599449187,-0.7441877042479919,-0.5025891132361029,0.3757272171870355,-0.7213291386751456,0.5821159711372726,-0.782314481577383,0.6315448076675209,-0.527749640773906,-0.060514034976122455,0.46275910867049824,-0.8556102449588714,-0.8067912951886916,0.8697662088067789,-0.6898637593121157,0.374091499429239,0.93105876482825,0.8421598475429036,0.8128459982925433,-0.844040538941806,-0.731246106862088,-0.7139140474673361,-0.9488747972146035,-0.07950672635027503,0.7388369892557253,0.9051932980533905,0.753194720649308,0.8385694152398933,-0.679954940734878,-0.9240005777535475,-0.8885065322774722,0.6051009119093902,0.8335422706883374,0.819247030431343,0.9260913680367809,0.7846568178390629,0.6609441367141438,-0.8681424236339158,0.8920706116245082,-0.6652651893008923,0.6471583709012518,-0.8776457721092352,0.7332057786149621,0.691616213169926,-0.8643651389172553,0.9611980983994467,-0.7876555126195501,0.40247606392482316,-0.8681734263354992,0.33453809563091075,0.9289359391193682,-0.1904832358578659,-0.9537582305433581,0.7850902634549329,0.8872744677369179,-0.8965387829203418,-0.5405974697857729,0.7559051105261205,-0.8206680089430028,0.9428121057224259,-0.8748493233200431,0.2621651973659994,0.18746234290756342,0.7765556674905519,0.5882372901033324,0.6112956567613874,0.8176532013908167
-0.7526361519351228,-0.061254303434747095,0.7868327210547562,-0.5533566382852569,1.0000000003648617,0.6401344589854191,0.7011789170032922,0.39410040446186745,0.9589963199797369,0.6022436541356662,-0.061851330460500585,0.6053510871161174,0.3227429377478071,0.7621107486534097,0.233346284413016,0.7736207289084504,0.11447089117372147,-0.9758444410876924,0.8376674828856789,-0.23699782187572638,0.16364669773079474,-0.6342616504736579,0.8541646977342148,-0.3094347882910723,-0.835864739287798,0.6967680641719012,0.3566502361888379,-0.22235049926804615,0.7750375598113873,-0.15844286930163873,0.029936379069645556,-0.1674326515211167,-0.4542357709907103,0.9137486052561359,0.7158609057504886,-0.7861021223530252,0.5615831724756842,0.44910098319581876,0.046610252365539215,-0.5642211392467893,-0.7216682428276473,-0.02704624412699723,0.7233214764391814,0.5255820227050407,-0.4474688163499721,0.7542022422808813,-0.29604653025915767,-0.13858513540817627,-0.7764581572073006,0.8640039907494039,0.26925231642580527,0.8317034532325155,0.7827061121281973,-0.6693934533168938,-0.5620678429293724,-0.8076068241801593,0.5780809928078238,-0.03627938110197673,-0.7656979280654231,-0.9733667750891262,0.6641923465420988,-0.012011424483557697,-0.04341749374302267,0.3867871035286028,-0.9376778982260037,0.2362729143527198,-0.86396981439143,0.13829373661409367,0.8276804678219595,-0.4216597755860983,0.30228057039705913,0.1111015652667853,-0.8086150119469878,0.4293171895095958,-0.2644629620893473,-0.43538115197910365,-0.6367243819300182,-0.46481649226335225,0.9117491610889642,0.420157405693888,0.4755645755095744,0.5939865447463256,-0.39170309801566655,-0.9588459000728806,-0.7535608265449976,-0.6042628065481316,-0.640738502164921,0.305222865269386,0.5802837232755151,0.7397116676045543,-0.3941599480854106,-0.7859425189331063,-0.5984836432275283,-0.7523441212228716,-0.8403121419621575,-0.1575682227153838,0.30788239939163475,-0.7707928421961057,-0.11544788638873477,-0.32604258843041956,0.6252441861750203,-0.4516981769159978,-0.2925780748800189,0.5120365872272926,-0.7531985243781679,0.5002409398191293,-0.15535552965817673,0.7703935529212835,-0.8581319711344931,-0.4980800993179498,-0.32546587457014853,0.731518397937927,-0.8059603772897266,-0.7005881460006778,0.8341580803648141,0.2106469998292411,-0.2909867528510037,0.8123606433858692,-0.6215229007972276,0.7073875741485008,0.46222725073572557,0.4828662801114869,-0.4601591713462524,-0.8244414237756389,-0.3146254132719768,-0.7836685692770328
-0.8998419968806686,0.35214839834026296,0.5377914285020673,-0.8177293393731169,0.6401344589854191,1.0000000013154082,0.7785958788627342,0.7063354402861663,0.6963351776741145,0.9456319939979821,-0.32131648388256917,0.980885914469412,0.588740351820619,0.29967906510369124,0.626960322444722,0.9641514995309513,0.2537208899043234,-0.7682266814680819,0.8542197678391755,-0.6951561270044714,-0.35889091678129037,-0.7695200039908997,0.8441361394917802,-0.802482651868823,-0.7336249334751159,0.5529542311097535,0.2355917035631192,-0.6616291617670748,0.7331023415304279,-0.5713411302264522,-0.20532448590018607,0.19861401218795996,-0.8245719851347674,0.817746930849033,0.7612456807015212,-0.04330056400269907,0.7851095641689663,0.8417438609795433,0.7300605847544693,-0.8759057164301721,-0.9534853782974069,-0.7062058392136803,0.08126502210653534,0.830271638080279,-0.8602194257310105,-0.021371475331447405,-0.5770017444102277,-0.29463169045973037,-0.8401847681942646,0.8817466642683025,0.6816853702480645,0.8603472342017405,0.5882061773974918,-0.8751103046613596,-0.760309495485956,-0.7752936081273045,0.8503388210661456,0.5127449588649544,-0.23190165785851363,-0.7668052602356864,0.7994556043493729,0.48719115721348183,-0.7216101363014363,0.691879055714076,-0.49800071218813097,0.8774801572567148,-0.41226381684860836,0.7859000370684517,0.10830097874779009,-0.1371786086914364,0.8562474810811621,0.655385484900169,-0.811710879289805,0.6922995781043384,-0.6690152529192184,-0.8887293908083331,-0.751287175407127,-0.887025119281473,0.8351543672495366,0.6024815675433733,0.6599838912730893,0.8662050069002303,-0.21263614780230664,-0.7987676769890276,-0.8648987998638448,-0.7303138306158413,-0.8217931161859846,0.49402952984676013,0.8541818920457611,0.9337746055526075,-0.9052882303663459,-0.9656586588840406,-0.8813651419362659,-0.928259022426799,-0.8354644670254796,-0.3025697476161812,0.8024276076784378,-0.8664250646598749,0.6477372776568981,-0.9153370937727803,0.9266389094189864,-0.8075988263945716,-0.7702158478245499,0.6040230327311642,-0.8848938264945334,0.7554280141754635,-0.6562060742764088,0.9506818313713681,-0.6497030399678968,-0.9500310500402589,0.1727436948420328,0.8878221459006147,-0.6833990881662494,-0.9016264530409608,0.7342466757799734,0.7249863750783094,-0.8295377602455077,0.9443595450740376,-0.8759880046045093,0.8474015038585506,-0.01894325111959874,-0.17748904204726018,-0.8000456105697887,-0.5053908952602945,-0.6656364241952406,-0.9648244810835043
-0.9646086414471784,0.6606001466477608,0.31437135222018897,-0.7616783081058287,0.7011789170032922,0.7785958788627342,0.9999999995749734,0.9147724385424615,0.6103258701774397,0.9144321683402001,-0.7278138171584899,0.787522388776052,0.8893986091915126,0.17166188949537678,0.8541602058631322,0.899264267541329,0.7298409000271086,-0.7355777654060733,0.9533788357090526,-0.8360082194064561,-0.5848091933782099,-0.9948517459347727,0.8402303616850066,-0.8578610318974181,-0.9405836563363865,0.14941524606503645,-0.2702828411821121,-0.8309236617620374,0.9577015747505198,-0.8145646967493513,-0.647998885588388,0.5661992996703934,-0.9227813096017016,0.7632484466149029,0.9833300927736711,-0.257506284986868,0.9736734704746177,0.9239413349661028,0.6517574829181045,-0.9568140783217955,-0.8653865073448342,-0.6530600355353224,0.5656017191830838,0.9575717697764715,-0.9130122870597964,0.2523384719656137,-0.8550623139763797,-0.7460586732300618,-0.975588417571985,0.8779691150699256,0.8679320244938065,0.95722806934413,0.8729303515950404,-0.918174958923817,-0.26785258283037905,-0.4621546409469482,0.9606325575521139,0.6615518742944969,-0.2973908364600376,-0.7869535372228113,0.9959643541250033,0.7020684943908012,-0.4913271217102967,0.9281069742132314,-0.7576912600493421,0.6928911730692089,-0.6684389527825946,0.644301797268285,0.3096776585359767,-0.6970884270836932,0.7904498668799745,0.7175120644249567,-0.956511858589594,0.9443776200213847,-0.7547745108900091,-0.8324242504076003,-0.9803569786290199,-0.9067604608238936,0.839783238970248,0.9268353184124193,0.9574231659939794,0.9164873983136611,0.2621083067036004,-0.8525013951764051,-0.9556292831740352,-0.9906777288199246,-0.9874885508305894,0.8629220831773974,0.9364569659678051,0.9381961131078497,-0.45212463693183547,-0.8892649663455297,-0.965763218675556,-0.9064383293600909,-0.971147531788056,-0.6976514764382515,0.8268768443286498,-0.9594962130668002,0.4619182879470084,-0.6755684018894434,0.9398319257319954,-0.9358355924265473,-0.8588289583311814,0.8823320773729633,-0.8370572266786201,0.9645686948799149,-0.03808500018473643,0.9186223346054013,-0.41219086580584297,-0.777811294081385,-0.4145212115662939,0.9001467616131162,-0.9521571015895284,-0.9618215815271937,0.8196821124822724,0.14343852333823967,-0.36233769424119505,0.7265449468967935,-0.9266758826784385,0.9794690720486937,-0.28152970245244896,-0.27378522539748934,-0.9443937150118628,-0.8850354920133949,-0.8896258779791046,-0.8928514014317311
-0.8400252989130189,0.8734588483493052,0.11444331758601455,-0.8165309945009134,0.39410040446186745,0.7063354402861663,0.9147724385424615,0.9999999971105199,0.2774195349637351,0.8649586871562929,-0.8802070816043843,0.6963079677312367,0.9858179239945148,-0.2274387228449144,0.9482338169849427,0.7713888903931143,0.8252714836941193,-0.4806444376820343,0.8243739605101497,-0.9800642377305679,-0.7951981904447986,-0.9509286093146664,0.5915049588439798,-0.9388593826186232,-0.8158993144326755,-0.12948652764927956,-0.5069525495937656,-0.9816306173944622,0.8701080903654629,-0.9533415975470906,-0.8152331642781064,0.768394308206571,-0.9820688417864814,0.5834032187373922,0.9205735268724715,0.11508179343256385,0.980188135515356,0.9658380494112108,0.8438845954565322,-0.9348837603378344,-0.8060865721658556,-0.8482404452379627,0.30485073257602313,0.976389514258248,-0.9581078071828791,-0.08030039420568814,-0.9836504270429172,-0.8128783773534547,-0.8825165677822945,0.7407267441580373,0.9834978812730839,0.8295982418703185,0.7761258701889401,-0.903395308603942,-0.15054371139474992,-0.1807173405178392,0.9095306439672166,0.8147618944642279,-0.09269514060334022,-0.5475180768405243,0.9196088126477862,0.8791191960915882,-0.5577618500865988,0.9843900136874584,-0.509757339883771,0.8100040304303199,-0.4781290408435507,0.7225780909689652,-0.05958585344847562,-0.6890502962593443,0.9105882750678171,0.9292324788604269,-0.8530832480172141,0.9696298187919627,-0.7353777658463974,-0.9151104866150462,-0.957330116087772,-0.9365838169171644,0.6681370413674879,0.9803551384856588,0.9735185182410498,0.9368142934235257,0.5175111946241476,-0.6244765662595873,-0.8857578996094789,-0.953601090383301,-0.9539738770709251,0.9609860109386399,0.9567327390984265,0.8603890603607638,-0.41172676081852655,-0.7628789084054425,-0.9377537985912758,-0.8350672114290502,-0.8196557124425436,-0.8709375443299711,0.9568550608353562,-0.8766119749719609,0.7167907798041675,-0.695062326252963,0.9138974146811973,-0.9531600934073509,-0.9369871080096412,0.937640626556455,-0.7788108627587579,0.9858066483505837,-0.04147704640940462,0.8156832217518784,-0.07555128013724643,-0.8197970639498625,-0.2312982502218576,0.8529172666147717,-0.8327456023005861,-0.9072102183901898,0.7142872206810454,0.1693655020007875,-0.42964811139045117,0.5756871941082299,-0.9310881944622159,0.9239603888558787,-0.6135202670675584,-0.5707152888380054,-0.9748126837152766,-0.7002687233894003,-0.9409804098554654,-0.7620488055247661
-0.7303168679335436,-0.1851284587062175,0.7689937120095575,-0.45986061131932865,0.9589963199797369,0.6963351776741145,0.6103258701774397,0.2774195349637351,1.0000000006903884,0.6107403553801752,0.08958795319073073,0.6862049609344288,0.184391381759497,0.8616260674810242,0.16209664514794417,0.7820317084302651,-0.03886020378909312,-0.947208613799846,0.7609461841143509,-0.1498211522983029,0.22083526689170965,-0.5346095055840762,0.8936811570211481,-0.2873547594013715,-0.7069989012579976,0.8280565046085216,0.5461852168464322,-0.12272112763678614,0.6383449990748908,-0.06495319100131008,0.18708829096485166,-0.2801694296037171,-0.3812724446241655,0.8624305465600942,0.5925978869475053,-0.7271538298019038,0.4605440402746422,0.4017048349535537,0.05143995352950428,-0.5292884943917883,-0.6929421472729298,-0.028169086983680022,0.5580058871352203,0.45229750292549964,-0.40750950712187256,0.6472811558282441,-0.14151928500219813,-0.01468814595839982,-0.6866112098525192,0.8060256468693118,0.18189581793251144,0.7585632545850977,0.6030892044753761,-0.5831328804116193,-0.6782531287223378,-0.9315489918276987,0.5518688642820809,-0.049385932004083,-0.6355449027595188,-0.9227612530068563,0.592479407278184,-0.0761197621466031,-0.18779397344658733,0.29198231261546514,-0.8028983312072335,0.2746211920866558,-0.6897427355722688,0.22861173559108217,0.7647653745040222,-0.17151020637064113,0.28129798578786597,0.024573857056388922,-0.7038280798193729,0.3401371501277983,-0.3165289185006531,-0.39174812609689563,-0.511270974221146,-0.4429264584495159,0.8488622909043145,0.2741462390673272,0.3567369110605711,0.5082324223537077,-0.5705479557528282,-0.907688662809585,-0.667086967205608,-0.4968185344707292,-0.5517295801975173,0.13793755613356098,0.49285541532630694,0.6992143549469302,-0.5521015285925952,-0.7893025933846507,-0.553512682015288,-0.7026327156363484,-0.7721934640365913,0.062268473679663476,0.24645537705856135,-0.6880187524339094,-0.09453462204801406,-0.42983592895342193,0.5888480597771439,-0.4092736523313772,-0.2674004602215266,0.3279711342412343,-0.6838273756175882,0.40408722351284454,-0.34933633295319033,0.7485754678891468,-0.9633941598919178,-0.4965050745495319,-0.19717786891008046,0.6534997409912143,-0.6634904503213824,-0.6401472338749774,0.7081548435293358,0.3693884488775988,-0.38189596474175347,0.842777345579728,-0.5396530851896215,0.6186681200568778,0.5825935362182426,0.4925896491716285,-0.3970264121435015,-0.6686268064157751,-0.25420547679145816,-0.791255388738448
-0.9705399155762379,0.5939575874266255,0.3302160754151691,-0.7926695709839169,0.6022436541356662,0.9456319939979821,0.9144321683402001,0.8649586871562929,0.6107403553801752,0.9999999997490376,-0.5904557232756342,0.9601541022806208,0.7927871276195031,0.1700419549776616,0.8339233610336292,0.9661858267638629,0.5478126112984656,-0.6997066609585234,0.8996149468536557,-0.846896040904616,-0.5933042241717468,-0.9149524971080778,0.8643811748020438,-0.930917704955017,-0.807982946720116,0.305859705529266,-0.05559032013392962,-0.8239290916161168,0.8276784852047916,-0.7827059963490662,-0.4918163124446559,0.4768602530462678,-0.9372871249076559,0.7450284357053706,0.8767691111478948,-0.02805698451369709,0.9207817449756146,0.9590680728505814,0.8117948240674508,-0.9830045430946002,-0.9301119196424841,-0.8029599922241301,0.22734010606162117,0.951008372733549,-0.9641484276272108,-0.023100096470205285,-0.7605688083258624,-0.58813135266644,-0.9139118545176222,0.8636341396958953,0.8565674055347067,0.9080809133080978,0.6758103839442079,-0.9124911706526252,-0.5099124430836487,-0.6113113026242695,0.9744159927029945,0.7190642521564271,-0.12079459572982551,-0.725703886427451,0.9374672593710967,0.7073983152918752,-0.7583221648313366,0.878458888776784,-0.5413554471178637,0.8928489195260769,-0.43236955861266013,0.855398393171301,0.08719054147679346,-0.36586818082709294,0.911834743984716,0.7678994434120018,-0.8736679325530428,0.8846513137040583,-0.8345151435050735,-0.9221226831874942,-0.8836650630502755,-0.9778524663949614,0.802609039160096,0.8041201782636672,0.8558260790976862,0.921325780549388,0.07256996852560575,-0.7900546936082927,-0.9178812785798222,-0.8948176094433288,-0.9391230827755858,0.7177167047796895,0.931270186466253,0.9629141114536852,-0.7614321803649404,-0.9552971397317517,-0.9810185065211084,-0.9313207563871252,-0.906253919472286,-0.5111350309028989,0.8916325372349081,-0.9197820081959154,0.6753975353713648,-0.9119639788971361,0.9839274017958574,-0.9523588815071156,-0.9174660754444142,0.7391215265657052,-0.8521038832162109,0.9134874902201553,-0.40854581427139164,0.960134486368978,-0.49632438289995645,-0.9210998055329722,-0.08738070149704798,0.8981080415539249,-0.7908557469307458,-0.9620493265260942,0.7248464852170765,0.4902690726980999,-0.6500898567247755,0.8375609997446591,-0.9298890974574204,0.9336992419693869,-0.24003075725185355,-0.36653154797416426,-0.9437232740580501,-0.646394121864483,-0.8675365222564427,-0.9597443631232425
0.5698993349164463,-0.9787829972664204,0.3232621096979133,0.47880714132007535,-0.061851330460500585,-0.32131648388256917,-0.7278138171584899,-0.8802070816043843,0.08958795319073073,-0.5904557232756342,1.0000000022657425,-0.35937884813994264,-0.9442189029717676,0.4884233428234354,-0.9264824425604647,-0.4235145712776813,-0.9820319343987066,0.08886715999746021,-0.5189452395704951,0.88133941564119,0.9205720920302799,0.7803031544212602,-0.2950422233283341,0.7979090299418627,0.5580506210867389,0.5589454843011133,0.8378656927318805,0.9005819389862277,-0.6360138524417802,0.9531693134714844,0.9923457711297072,-0.9660621828211566,0.790684742410991,-0.17389867690331118,-0.7085435335681908,-0.24021499316693357,-0.803011695655759,-0.7816198584200176,-0.7133370652280882,0.7226432879937651,0.4320260045241804,0.7398484676935126,-0.3011757791048497,-0.7835633861177547,0.7580471837452166,0.18413098684112073,0.9240295013402585,0.9631387704456577,0.6110152913642215,-0.3689923449897665,-0.9073638838090122,-0.5262985587215503,-0.5635037335372842,0.5993390192120366,-0.33053687888884564,-0.24512719644056422,-0.7217381474411527,-0.8686973038484076,-0.1950169286056335,0.17667321776465486,-0.7379981941296831,-0.9370065046010992,0.4251147299659738,-0.902293845501856,0.2762032710163123,-0.5636758401809026,0.2432250740501152,-0.5785252416504674,0.21407907092049766,0.7570980033526262,-0.6856219675340984,-0.8173698755698591,0.5708265378491851,-0.8900634230691552,0.6926792208191893,0.6395621558775326,0.7719441178621509,0.7195633467051129,-0.28932376154186157,-0.9202968380113937,-0.8934082909020359,-0.6603083973527906,-0.8428292493244135,0.27709333872276626,0.59070501918655,0.8133049385308423,0.7439098047794779,-0.9587639020608951,-0.7056695399251882,-0.5371639095820081,0.0211479029606118,0.40000331717381454,0.7104883124113487,0.48450414981782014,0.545975788984928,0.909036942303659,-0.767592337855818,0.5807079475665732,-0.5788516812750678,0.4287278761592884,-0.6327867539134132,0.8059876765053252,0.8240888816205315,-0.793201962429272,0.400535133847398,-0.8462267686271673,-0.3437937126667539,-0.4707378615680509,-0.31518431256548207,0.47219423847038433,0.46033751384908655,-0.5150536839559905,0.6201866117414683,0.6216603077819458,-0.3768228487831502,0.23831095888612377,0.018544753747114385,-0.13091588124661308,0.6488517442318008,-0.670018639497443,0.8355679280969006,0.7499872951082416,0.8221427633879428,0.5644112197912016,0.8979768191710901,0.40587915813611253
-0.9140140936344956,0.3839864046081156,0.4083430778077901,-0.7130665661472505,0.6053510871161174,0.980885914469412,0.787522388776052,0.6963079677312367,0.6862049609344288,0.9601541022806208,-0.35937884813994264,1.000000000466159,0.5943400333910857,0.31948936356964225,0.6758914637785027,0.9553704812145397,0.31358519101367816,-0.7135956558350387,0.820742845460051,-0.6937331017588135,-0.42862620672969026,-0.7744129190742667,0.8824942709730211,-0.8319721637063197,-0.6875171419146633,0.5024838493795912,0.20082031542140114,-0.6588945039462794,0.6900890068722728,-0.6056750227731048,-0.25198868784809186,0.2649476743673876,-0.8141566054889289,0.7366882874535859,0.7356744257698296,-0.03565521128610659,0.7774275081699867,0.8516133499950727,0.7390575979301238,-0.8934203420446125,-0.8990256479609517,-0.722177587241963,0.08901375499260802,0.8286019468391607,-0.8659325430213016,-0.05370752210633105,-0.5570746294065391,-0.3746276722747871,-0.8118023676652674,0.8224313580237899,0.6973790419110913,0.8301966745029271,0.5192205889697464,-0.8179157453859227,-0.6746862390898073,-0.7631626898028862,0.8873793384502593,0.5952014845302759,-0.09842050867334273,-0.7129403271829784,0.8202147820182344,0.5438130049279084,-0.8059800564109746,0.7158774280745412,-0.4500664941522287,0.8718619843974912,-0.32191110364921366,0.8523189803509393,0.09233776408167388,-0.1114727482685736,0.8372846021090786,0.6249720659857153,-0.7688397098543082,0.7266158887472568,-0.7823203379285045,-0.8452715469054702,-0.7303802980381097,-0.8972254179581155,0.769251432541327,0.605996825572142,0.6795581396378149,0.8163745910416501,-0.17735509459913507,-0.761623263851581,-0.8230773081923437,-0.7420586009183213,-0.8140210205878602,0.4956633542987514,0.8167219553011963,0.905669963513311,-0.8968239430334711,-0.9461017334082703,-0.8885835905350714,-0.8782873898220965,-0.8255191571467374,-0.2596141530310451,0.7784057196178211,-0.8285228646526016,0.630501492650078,-0.9493752003094145,0.912508750317611,-0.8406022733548282,-0.8102097440415589,0.5436319397242807,-0.8010476531379266,0.763464650578316,-0.6116409594612927,0.9248927406530718,-0.6417687019599707,-0.8986757478495758,0.07440383589770322,0.8228413806447942,-0.6493055311696219,-0.8779690602147953,0.6380535084767529,0.6613038535342813,-0.7481603499969166,0.887865959227873,-0.8293083778509235,0.8229522569339979,-0.037917743860735126,-0.2464698910325687,-0.8181107728064215,-0.49518646097273883,-0.7218423104261938,-0.9515859782550151
-0.7799514975181503,0.9229791787063747,-0.013591536944469886,-0.7224487044073511,0.3227429377478071,0.588740351820619,0.8893986091915126,0.9858179239945148,0.184391381759497,0.7927871276195031,-0.9442189029717676,0.5943400333910857,1.000000000047346,-0.2950201521913486,0.9609714727560832,0.6793794105820634,0.9069045210538474,-0.38377944810893666,0.7583493570319624,-0.9634455902192899,-0.8424792562366895,-0.9289346302133554,0.5219455155956535,-0.9053894872090726,-0.7718915849885545,-0.2694701117845931,-0.6321036458818731,-0.9719902460990358,0.8327943025798493,-0.9717948520401039,-0.8969468635187058,0.847560672820803,-0.9400406906189627,0.4777366899222962,0.8880567902982088,0.11701678874405924,0.9516461634440082,0.924740273994356,0.7975691667636432,-0.8882912071919163,-0.7031003695455273,-0.8098822977860803,0.3559105373075556,0.9378464902546734,-0.9101198763858063,-0.07248672137663395,-0.9901154618780076,-0.8914414988124204,-0.8275579459395153,0.6483058232266323,0.9777405629256737,0.7638833805235647,0.7500622958328113,-0.8292333053598818,0.015642065607273596,-0.05016235757387293,0.872832591505269,0.8382093108335767,-0.030012836014667813,-0.46046269886774027,0.893105576724212,0.9089035035205063,-0.50074323178151,0.983409573015917,-0.480376748994674,0.7261721706127406,-0.446306705728344,0.6703828162143144,-0.07038788871628854,-0.7582271990163286,0.8430598820041468,0.8999704954867097,-0.7964699927745252,0.9716757392995632,-0.7331420558099034,-0.8364146719806271,-0.9312019467656429,-0.881634750084434,0.5756282854784505,0.9931774427335001,0.9798136994366109,0.8694358625242068,0.6378238856390864,-0.5462798320960052,-0.8199185898953827,-0.9424694640033117,-0.9159955859162219,0.9915336979639447,0.8988918707767243,0.7796188617814399,-0.2705098341938247,-0.6658704746560338,-0.887752825163468,-0.7445890463612943,-0.7658845059240806,-0.9120067315909086,0.9065317537016251,-0.8111514393663839,0.6568146881635328,-0.6039053855718305,0.8433482894368323,-0.9266152600063775,-0.913915875528377,0.9242408377312044,-0.6783236031791151,0.9684729093889397,0.11489538551679512,0.7266849377710726,0.037410284539605695,-0.7130104168011874,-0.3498577120767938,0.7681189051453443,-0.805978159742966,-0.8406294543707906,0.6378851676505869,0.009880333835900257,-0.2785591726939367,0.44515692220447467,-0.8627338706563833,0.8721594517443352,-0.6854694150951443,-0.6174962479008367,-0.9479143342063682,-0.7054057441907465,-0.9491866358109827,-0.6673201547367339
-0.3178329197814141,-0.5986155088678679,0.6275955382790643,0.028599083312874005,0.7621107486534097,0.29967906510369124,0.17166188949537678,-0.2274387228449144,0.8616260674810242,0.1700419549776616,0.4884233428234354,0.31948936356964225,-0.2950201521913486,0.9999999997592284,-0.2829014201738638,0.3783530019398629,-0.3862189307244168,-0.6810894657290715,0.3353029109226053,0.3513939614482376,0.5827640113000233,-0.0729762373880459,0.6226577093672803,0.18183214446404466,-0.2909514540272691,0.8395848584960883,0.7473889773640521,0.37719071342125204,0.19559535181802995,0.39141227447760063,0.5444953963932468,-0.613476808507229,0.12540476166462539,0.5218983078788991,0.1312126503047849,-0.8298333676264819,-0.030220096662765136,-0.08648523269187834,-0.4014727220342395,-0.06498498234540423,-0.24006932359725294,0.42061353594852674,0.4751621421266354,-0.040987853758351546,0.08242405065321023,0.7230570818588611,0.3549320999187071,0.31654747498536684,-0.23547511320034964,0.3987529983283594,-0.30506632148521173,0.3316478493829219,0.20252838389970876,-0.09053181102759475,-0.5059908528814596,-0.8132897911665904,0.1162394705554528,-0.4198812730973158,-0.5362863097453912,-0.6274470715927145,0.15426073074472263,-0.48771280987291193,0.08620758571858794,-0.18170452007471383,-0.557971200109588,-0.17598188494882797,-0.43461582877981486,-0.13100569569098713,0.8326064121967615,0.1351252352343207,-0.21524508803057427,-0.47886693327217156,-0.26190278189840954,-0.11669589706374536,-0.007070895701707484,0.11683420823145842,-0.031690401115402035,0.0362728516639484,0.47873292751075763,-0.19822873065906313,-0.1042763874896383,0.0009165032629566048,-0.7816257761680179,-0.5845484842696292,-0.20061168677752048,-0.041006802074837465,-0.07436130303817903,-0.3231002374502197,-0.014544875238136879,0.24390674211470847,-0.28548682863583064,-0.38288331854639707,-0.08299541137238473,-0.24539833472872824,-0.36707395632426876,0.5021244345709254,-0.26712762273216634,-0.22943711297740685,-0.511665499488367,-0.05967255622882884,0.11109562446604777,0.05327596865079165,0.1912692723318787,-0.16172062848666835,-0.23389238048416708,-0.07976889850853223,-0.23382059102453842,0.31506683175849653,-0.9137983813319618,-0.022435046517090634,-0.2076798264647591,0.18139560872440125,-0.25181059149527446,-0.16786036272901547,0.3030432679907298,0.18019552189601226,-0.058875323113530775,0.4990668105319279,-0.0380080416595212,0.1454825721391567,0.8808425179867757,0.7586674672791369,0.08368950444294344,-0.3548861942925235,0.18089269896814894,-0.3894111712755213
-0.786847018577355,0.928643922148735,-0.15415482312949497,-0.6154824340003999,0.233346284413016,0.626960322444722,0.8541602058631322,0.9482338169849427,0.16209664514794417,0.8339233610336292,-0.9264824425604647,0.6758914637785027,0.9609714727560832,-0.2829014201738638,0.9999999983519949,0.6864346227072582,0.8938078923282099,-0.298856064197726,0.6895101148436157,-0.9614020567820875,-0.9201634615579822,-0.89239112054398,0.5613045667762363,-0.9605959932041539,-0.6577975972498472,-0.2676491491039794,-0.585277342767181,-0.9614901504929169,0.7236126888679928,-0.9914578158820495,-0.8819521817102061,0.8821874455909369,-0.9273881219116142,0.3723369121751692,0.807473358790774,0.22670384852819103,0.91342249724534,0.942084777047047,0.869392737411483,-0.9088917262577709,-0.661224270980006,-0.8852399799435229,0.2183943574439356,0.9251647351845946,-0.9295523870382608,-0.22672275522711172,-0.9251152869718778,-0.9092396825730238,-0.7615141615046593,0.5678150008065238,0.9845216646905479,0.7005038859571882,0.5862698335084275,-0.756376927978061,0.015662881917660902,-0.08782477099423497,0.9090747788114517,0.9477166021459447,0.19232840418949612,-0.36597463333430147,0.8818058009311819,0.9694276421901225,-0.6966105077697695,0.9821877008666222,-0.33000643953649716,0.7964783098612869,-0.24378307988441295,0.8231076959523712,-0.18670860239991824,-0.5906100073133711,0.8664329614730055,0.8846381388020288,-0.7061600844436011,0.9768923340246599,-0.8811369922232685,-0.8193909322711377,-0.8603984825660334,-0.9137500735823362,0.47851411442587666,0.9402688693897462,0.9518902894913444,0.8094570073607845,0.6020882004960483,-0.46908055598566084,-0.7495144623371592,-0.9070998113803808,-0.8786511938073,0.9289048689393147,0.8481272715421413,0.7492632486623952,-0.3810580334839794,-0.6609864322283993,-0.8925850569855684,-0.6909613921222353,-0.7175455522708,-0.7871792725734804,0.9014688456493082,-0.7439410910276033,0.7245039959129219,-0.7303238100555585,0.8368840110259093,-0.9610348622645462,-0.9746619313632171,0.7941388901382079,-0.58482210838433,0.9483885404304743,0.014425715826754113,0.7053249164738254,0.02191608460842619,-0.7087413421297191,-0.3179092601866798,0.6878534791085207,-0.6933648765941781,-0.8054501599284372,0.4860528731067324,0.07954877780023689,-0.30402598683807674,0.41929827471297365,-0.8051435593078308,0.8174304352012122,-0.6928321660166347,-0.7326201140122377,-0.9593551191753928,-0.5870142219319907,-0.9942772852246713,-0.6695289440557798
-0.9773358398923139,0.401733904921017,0.546229668408492,-0.8112467307125534,0.7736207289084504,0.9641514995309513,0.899264267541329,0.7713888903931143,0.7820317084302651,0.9661858267638629,-0.4235145712776813,0.9553704812145397,0.6793794105820634,0.3783530019398629,0.6864346227072582,1.0000000010400771,0.3942658544143925,-0.8570281920028511,0.9512067377734235,-0.7162835342413334,-0.3741761596282069,-0.8793688527958085,0.9301881102055958,-0.8097122506007739,-0.8677847798186605,0.5095426019781631,0.1336534638140303,-0.6905685709638134,0.8618999623178254,-0.6238803769200861,-0.31264023656194717,0.2651381222040146,-0.8599198039943126,0.8802905034370374,0.8796989756845757,-0.23684559828750376,0.8682356473082953,0.8741396506544046,0.6561705654903268,-0.9269612770945348,-0.9660276611913491,-0.6390856850643032,0.33737371835426744,0.8874589233719228,-0.8818985686604215,0.18369125891819266,-0.6528854170097166,-0.43299220618047757,-0.9383749998690694,0.9479705275985203,0.7253805834643314,0.9557505202510369,0.742351638730546,-0.9205037021223148,-0.6441853644091969,-0.7646218344928625,0.917784594121221,0.518800347777335,-0.3412009588483933,-0.8699121548281873,0.907158134071368,0.5130038758297839,-0.6203914816794467,0.7708980086655108,-0.6845447242479504,0.7928488565089199,-0.5840606711485031,0.7170161088135032,0.29860592329322566,-0.3492306735011371,0.8152469910869817,0.6304488652793805,-0.9179076207707125,0.7851443510969086,-0.7037701666238388,-0.8666354306568501,-0.8592984486423151,-0.9012800113837067,0.9149250265630634,0.7153932762671891,0.7734873543183755,0.9023027001090937,-0.12734157820170913,-0.9089180993580098,-0.9421167738622882,-0.8490725975374736,-0.9095855325821819,0.6076122426985268,0.8999725436224072,0.9815529734623812,-0.7721921945839273,-0.998388030888538,-0.9370710157278013,-0.9674410575558837,-0.9489757247165115,-0.4050165668604834,0.7908226621610929,-0.94796058702419,0.5176068504417878,-0.8357877013965026,0.9596882463050432,-0.8603598463788814,-0.7882966499217507,0.7084922897165281,-0.9144188148787609,0.838775773730671,-0.4498496810433253,0.9929080829546885,-0.6802931592063066,-0.9005799784000555,-0.07954714175867955,0.9332908094896353,-0.8357409737471934,-0.9613222640778308,0.8252855672857076,0.5290223658994714,-0.6669651718542907,0.937868432486217,-0.9168561215911702,0.932505245608423,-0.010629813112250374,-0.11576286148963247,-0.8565634700512774,-0.7111508875875597,-0.7367634558708895,-0.999623057299254
