1.0000000000843996,-0.9024757220742299,0.024070897968127825,-0.6609807750349553,-0.8570420475809797,-0.6996683940687669,-0.291630029494899,-0.3819707357517067,-0.11346896590341325,-0.22995824411917343,-0.3139770786290959,0.6072998007301996,-0.1056255611903696,0.12624480362337617,-0.5739053672287966,0.010192453204657578,-0.17564135327986666,0.8155887346024766,0.1378704742489359,-0.05033998398888705,0.26073118375710713,0.09708734695137754,-0.3366598789347354,0.18072157074165182,-0.6778925105301659,0.45353285268068133,-0.002328199001402163,-0.2578419971968986,0.26260269012020293,-0.9677874708181053,-0.03818178867852476,-0.29952451401404445,-0.7923756034188741,-0.2467945951219344,-0.19738686864255542,0.07087775892696241,-0.6554182900860656,-0.27427670576968566,0.5492007708935693,0.3648607764474343,0.009488497536532664,-0.1321813951017036,0.1951781021574586,0.2252727427178894,0.35994046128455587,-0.7686943586265255,0.4644948892385375,0.274174412104578,-0.6301492418486043,0.3251414754905548,0.5722372077000932,0.35842326807859176,0.16239380499755032,0.38962177774101436,0.896903746238502,0.2839390641544346,0.8489919607624619,-0.18349570394661427,-0.6951135387718332,-0.3499149824971814,-0.16305929422149906,0.035790120988561706,-0.2702263470254935,-0.4955466527649544,0.011148712536030033,-0.12917715558697654,-0.11874696576160734,-0.031130991689382038,0.0907594664442087,-0.06876401394207464,-0.312804493118972,0.3679424707265247,0.029983300911153088,-0.33325931042265944,-0.18557886894601563,0.33980926486127216,-0.14997132594869317,-0.060080049669729574,0.5051159842793844,-0.27304209516198247,0.07174145725552851,-0.0898657772269398,-0.08601312080819547,0.13000522860309283,0.36571904073295985,0.40017188359575495,0.20235783831926354,0.7519893782939873,0.7749495423675492,0.634513140128793,-0.6238903859083837,0.33426468027402323,0.4870638215682791,0.6258482268186758,-0.31773392548975055,0.2590813839423654,-0.16263895468856784,-0.2856253081800192,-0.051628128963121654,-0.5506963137562211,-0.21745865542761622,-0.046889437268454404,0.4653712796320973,0.9299280080392844,0.7445706804169185,0.33820904492729925,-0.06151447853483381,0.7052115750865271,-0.40268061597248195,-0.09778572386568954,-0.007406960467208982,0.1100392007653019,-0.19567533533305037,0.422055201431877,-0.7377355675389468,-0.05983809785950394,0.05185986371810713,-0.21480596607087504,-0.19053785247126234,0.44234049804543446,0.748684321261904,-0.2611211885502468,-0.20557736269258903,0.08979261968564954,0.26010968166550225,-0.5797999648115917
-0.9024757220742299,1.0000000001596894,-0.4238954598414988,0.5811447868759239,0.7232214491995128,0.793833042828177,0.1850989695674555,0.38098529903857364,0.10032455507358402,0.4358435936320098,0.2983659574921629,-0.6588322685751645,0.11179301169434241,-0.1539160344426873,0.5726382668735567,-0.04136036788288645,0.23705671661403876,-0.7045057833094799,-0.046884684424433436,0.14297291485614178,-0.25637981876087246,-0.1497791157758417,0.35556381504877715,-0.2501168841285393,0.46578760535286556,-0.3490816343059559,0.01153002697416783,0.30102521840302704,-0.359603335954549,0.9522876571938252,-0.013441416528817416,0.21049198689510873,0.8051151916065515,-0.06260727956684597,0.035007463388790586,-0.02861520607028244,0.48332113481395483,0.2034702529381266,-0.5675833941054627,-0.2996232750380184,-0.04322319466552885,0.5302669669556113,-0.3223227142167527,-0.584122941673896,-0.6232920315973353,0.5920497613535592,-0.4933211071981041,-0.26705408628445854,0.6125619885208258,-0.3638073243790817,-0.5973219292000473,-0.40799422536008656,-0.08677278900926993,-0.3081536817363069,-0.9279583248949743,-0.244746227385981,-0.9805517746277083,0.4430842009089391,0.7719386623118002,0.37669399376431895,0.18084842642108573,-0.06934359226105981,0.24664030985139676,0.6033903547833098,-0.07933304144585823,0.03616754016158032,0.2468928973895641,0.14037925446285887,-0.011939815637956857,0.018630322360939075,0.34551903374958465,-0.2835077350917091,-0.003579282454514927,0.2757390906804749,0.2697034285056175,-0.3978476027526569,0.03936797644560678,0.08447036893724014,-0.6377187488725459,0.11776426972575528,-0.1543987697265493,-0.03589779071198418,-0.009164916317589844,-0.14794838403123503,-0.44708593791411,-0.3540611329586293,0.02756464861849598,-0.6159421968271869,-0.876182474711127,-0.4502780438758877,0.533303752978561,-0.47510049118458947,-0.07752572678734682,-0.6214161230665194,0.34584561903964994,-0.26371804315349723,0.029880450777592316,0.2624638274165022,0.08543352706251794,0.6776983748144504,0.3267475916779618,0.20558094679228173,-0.46161662744902876,-0.793237584057186,-0.41179480942271285,-0.19959607528013062,0.3244265695268989,-0.6822724645339029,0.6040416740470653,0.14636551615149773,0.0932320728287478,0.008240992484277966,0.22464767803037947,-0.3776258597285782,0.673736946930939,0.034962030626668965,-0.0672417781542432,0.2796621919883481,0.08014402216248089,-0.24912263714075014,-0.567806327703443,0.2804013542853636,0.2163482356852778,-0.10936066425950489,-0.30789530886009275,0.6722171271692577
0.024070897968127825,-0.4238954598414988,1.0000000000097997,0.2771656847061486,0.2670098640335473,-0.5801998012616596,0.4948693411291296,0.15483504253638328,-0.33108510564495036,-0.7911759539228025,-0.3773889570614979,0.01222359982816047,-0.3852240980481133,0.42689340726594355,0.15070798200301036,0.42471164426038416,-0.5193989675286,-0.2536056343767392,-0.5127375052348991,-0.513366897063969,-0.28810732270715605,-0.19847086903216837,-0.4487110312059298,-0.12687630858773075,0.5324720831325537,-0.4259569094823047,0.27649032127703554,0.16749344888406234,0.6002128116377288,-0.1448698306098144,0.4535368089387888,0.4574673514643174,-0.40550274317078844,0.8636200047690697,0.6092602235326458,0.2759724978936353,-0.02328245411581881,-0.19333072025314016,-0.11985652157594516,-0.3853941432208446,-0.2579108691154715,-0.8290286679506441,0.0004086175817748637,0.692393776968062,0.8545386784568227,0.41077093038476875,-0.1381851707707215,-0.2866750359353002,0.13118705279407916,-0.149336523495109,-0.06583730638173595,-0.009166061106213479,-0.47002800109885956,-0.41097824310563247,0.3836646282466524,-0.35554771087442705,0.4327567061311458,-0.8702560726061358,-0.5408361983492551,0.1782119476466552,-0.4194441651775346,0.43599760599838855,0.32688850084632765,-0.0752195537032535,0.47879196158873943,0.5162763112858906,-0.6367606442176685,-0.5811766272709671,0.1596136894984118,-0.2601425985426252,0.18409323327709956,-0.4224780251135832,-0.4048806623566565,0.3732912434720464,-0.3748910253488031,0.5117719684187841,0.5419221213199144,0.2870761597555637,0.18708460049639938,0.596064130303158,-0.09948855051637352,0.5937162424502818,0.48391692675828046,0.33594774763693863,0.5772983658613496,-0.327304108357703,-0.33679180296277594,-0.2676680493821781,0.4999039748585281,-0.1444050921079386,0.32570670464653273,0.16918068833825195,-0.7548467131475675,-0.06934845654694778,0.19091210593637775,0.41444078936721707,0.4546849173249985,0.3250737722170432,0.2647831175644294,-0.1651363008860136,0.04301253573687249,-0.6394527809012368,-0.2066814854140044,-0.1913387935679438,-0.6474986839436593,-0.5388096430084199,-0.8451797867039895,0.250450985122614,-0.3265615017455836,0.21227049684103014,-0.025852903604266217,-0.5718274270547282,-0.40620596529260794,-0.31494714818234404,0.2002490405731749,0.36886835367561155,-0.3097254898037853,-0.5314697904945023,0.5349333240195158,-0.5827885035418123,-0.0035867454971023204,0.2136531346693065,0.26291124860081166,0.41358272115684275,-0.16763653724660715,-0.10531583625067081
-0.6609807750349553,0.5811447868759239,0.2771656847061486,0.9999999997958511,0.9412868598808916,0.04287704264449944,0.8560565185244364,0.6433265895638836,-0.6650334796906991,-0.4636157014205653,-0.4734621207535866,-0.830344658030969,-0.6005912315992725,0.651930482329801,0.9297855628807461,0.7095404766004466,-0.6037928169675928,-0.9555254036998327,-0.8045955948032766,-0.6737880838921717,-0.8484717976689676,-0.6955097887514782,-0.42588568410153377,-0.7100637926759349,0.9259053210318737,-0.894091175132987,0.5059048180015395,0.7718266595016379,0.5151895371236003,0.7267266370783717,0.7182078216244785,0.9044489945015197,0.09340192614607629,0.6836061163876771,0.6993653982442303,0.6408521163580622,-0.010949496216759887,-0.2959703141638998,-0.9328477673804851,-0.9195781507730896,-0.6225411853390121,0.1525346953247607,-0.7369821584803508,-0.3863384692111405,0.24249337639608187,0.9582051319478069,-0.9389426953838437,-0.828806986411981,0.8433495756351383,-0.7776090506253854,-0.8260714919355965,-0.5184922901678993,-0.784740377614357,-0.9174699945300034,-0.35707729953941747,-0.8475663421263936,-0.6666261489226594,-0.42812630443081523,0.061774569582076166,0.8331401136509098,-0.5536834894523206,0.6889155045994371,0.8931209652997564,0.8431081492344203,0.6007368136764961,0.8136246592228926,-0.5794172346941755,-0.6374501162974823,0.6328172641885034,-0.6716163488547476,0.8801846835008946,-0.8896357793779273,-0.7546169836023708,0.8515635792121837,-0.0320142759833929,0.348468872765515,0.7624856800494839,0.7480060129353281,-0.704981170510065,0.8274206222163477,-0.5503243521370863,0.7666321406011193,0.5774494944105415,0.5741180403878966,0.38536124083564327,-0.8905566410871812,-0.05417676141540492,-0.8901693711238672,-0.3696332551840434,-0.334308845840595,0.9772699053807976,-0.5361753258767196,-0.3446774161100808,-0.7381882321577989,0.834150547919668,0.5321651366687811,0.3968004725546443,0.8914162459406714,0.7147234555202523,0.7926246918922449,0.8105781453186811,-0.6452938050025536,-0.9051896310694851,-0.823475864736186,-0.7181006816491834,-0.9124293087599433,-0.5611978068512414,-0.08140174725230442,0.5882230047491662,0.711814172588457,0.16855426117502928,-0.7563509114617729,-0.5717644124908979,-0.8956135897722687,0.9645594722587466,0.6483588372692394,-0.750392898856447,-0.5713155472402844,0.8103645398011995,-0.7916332264574435,-0.084734140680312,0.7537386960021436,0.7680931085832641,0.6849451945359117,-0.8270993112079494,0.9005048960671987
-0.8570420475809797,0.7232214491995128,0.2670098640335473,0.9412868598808916,1.000000000135713,0.26428191953895785,0.7333884469249178,0.640241899603555,-0.38114061079524597,-0.27361870519231846,-0.20699892276534795,-0.8199172349470096,-0.392778566307923,0.3824165007619257,0.8705262742972898,0.49599726819464307,-0.3560185336912391,-0.994006944480215,-0.6262822908646739,-0.4211953985582428,-0.6926813339410737,-0.5285139582031914,-0.18157507082047103,-0.5707133755861149,0.9438503169716278,-0.8277335899372472,0.3960786511771725,0.6452842713419343,0.270550018957469,0.8770606617049782,0.5324526497013702,0.7460134410755402,0.3786842442048519,0.6370113185317957,0.6221248277796448,0.41721673517141,0.2610864222840134,-0.130869043349356,-0.854705885583438,-0.7848365282897987,-0.4548392163961067,0.08713961546375082,-0.5713320663846998,-0.28264012789429116,0.060834779652355266,0.9815152229482558,-0.8134580370678313,-0.6936047456765276,0.8555878634108661,-0.6809936372301321,-0.812945113087684,-0.5442934530182159,-0.6321433444356965,-0.8015416500644975,-0.589084156368295,-0.7139402145370156,-0.7458009312615068,-0.2855676356942494,0.27013268625581977,0.7222252210227278,-0.34181313265103846,0.47325291474246856,0.7121777848640255,0.7611155866983766,0.4551244593710691,0.620551379258081,-0.3940411819895843,-0.4680800714262215,0.3540939910230257,-0.42503131087711304,0.7155189080161891,-0.7816213482866445,-0.53208246608875,0.7439218079355977,-0.04398119418539825,0.1511522975968507,0.621538409713971,0.5380946504762261,-0.681877737897234,0.7173462014749923,-0.43377784809676767,0.5884313168862757,0.4949531915079889,0.2920720684466844,0.15433652476417967,-0.7899796179645301,-0.0954500137815518,-0.8863294027067176,-0.4947237132926948,-0.45366467385933185,0.9307848737926018,-0.5195779934748445,-0.4940639346124466,-0.7920229609015396,0.7072592903714587,0.26814620899023844,0.42939385720124607,0.7240583631332971,0.5188471304309907,0.7509204772174561,0.6159813098228722,-0.421033519556147,-0.8148815897619598,-0.9632298043965615,-0.8502249123442533,-0.7708803433346054,-0.39490605708937576,-0.3813283748179964,0.5532982886675598,0.5378590425454541,0.17657841599400326,-0.5967503311658143,-0.28027296775590327,-0.8019354080344349,0.9611854693951439,0.5063743310321442,-0.536246177345261,-0.3189495728100554,0.6621922369384083,-0.7845344739843187,-0.37460676139863935,0.6449795190823735,0.6281454319747114,0.4274716086249092,-0.6677015894629285,0.7948999106879588
-0.6996683940687669,0.793833042828177,-0.5801998012616596,0.04287704264449944,0.26428191953895785,1.000000000021055,-0.43141780280154646,-0.18516967377148674,0.5828577509565003,0.8404973366810135,0.7991475755587129,-0.07666600178099167,0.6913226524862126,-0.6430453705226715,-0.03860685229246202,-0.6314146924775847,0.7541539923372798,-0.20097238920265365,0.5485078654112445,0.552290702491434,0.3771308727545743,0.4719742189949609,0.8455414719834605,0.3723650313033935,-0.04166166981359967,0.26946956026797436,-0.5570931271658421,-0.3330208972340094,-0.8284207656282093,0.6557638443601049,-0.6158281065249781,-0.3828785657693429,0.9291736547144321,-0.5016784623172174,-0.5384440147069244,-0.6194314491829638,0.7905633862575869,0.6937080405596305,0.04403225426703767,0.3169523039222002,0.5620809844849525,0.31800220740370455,0.29375328057374167,-0.24832744053195868,-0.8040607434900499,0.11718868689675087,0.11771883685751225,0.37380606659961785,0.03017821896979237,0.26953876029958507,-0.0006793655836150336,0.10486974444587441,0.5304724590930618,0.31263698169414295,-0.8903555355870585,0.39209777526333867,-0.708571537925227,0.8169735163574344,0.9937244430815276,-0.2628833143270444,0.7404345309761493,-0.652897809131169,-0.3561923580099859,0.0054721570839458425,-0.6587984770899317,-0.5397976142771547,0.7733730605158812,0.7050898692700385,-0.4741633292378019,0.5954329825180863,-0.2694260294755131,0.34276416057299397,0.5818799882347797,-0.35950111681844066,0.5768608850504282,-0.8683781947648226,-0.5631130189087917,-0.527580090490396,-0.09590536831629486,-0.47329389000084326,0.4308457474863452,-0.6061287709950276,-0.5753051588452072,-0.47062642496475365,-0.8964444760961376,0.2817277785449305,-0.2529029091401606,-0.2892128603275125,-0.9082514468349431,-0.5984267549758404,-0.04997739069452314,0.05186892605063004,-0.0814892414089237,-0.07787698567233566,-0.2951759147573442,-0.7767069616957238,-0.4264829708422501,-0.3577026563744187,-0.5324683702271854,0.11077434671056735,-0.28044401589309165,0.589961178507817,0.1703436860922686,-0.40293551719765186,-0.12373865505944504,0.35933042344647254,0.673522529223871,-0.6791267057175203,0.09354555497003897,-0.47816200393641134,-0.30088599615151806,0.5950665726057206,0.6035516168731658,0.25736357948843197,0.12740474071825048,-0.5705356831959342,0.5403634001083828,0.7802402653154384,-0.5239956533441772,0.3125333220911715,-0.7949730218651162,-0.3517802153712486,-0.4202117173940721,-0.6471012814283885,0.3218121438168331,0.18908403791848905
-0.291630029494899,0.1850989695674555,0.4948693411291296,0.8560565185244364,0.7333884469249178,-0.43141780280154646,0.9999999995216223,0.8056391055906762,-0.7945555065456784,-0.7868788199415792,-0.8027174775316358,-0.8020704558237796,-0.9057196909567597,0.8221921210973847,0.9014386439332309,0.9445556908084269,-0.8732997287503017,-0.7879231496405981,-0.9806343104013154,-0.7517653443533241,-0.9695725701755472,-0.9132296408963315,-0.7996852240997001,-0.8932082680506503,0.8663701809393928,-0.9803078374734202,0.8367952739946745,0.92356887050474,0.8266354535876832,0.38773042132384883,0.9637672749127811,0.9730726112432867,-0.29049476991618306,0.8529267609629888,0.9533066861161534,0.8977728016602388,-0.41410015057742183,-0.7027775342665566,-0.8966882703108314,-0.9812447685859642,-0.8999987984014635,0.05942196610863678,-0.8564874870272208,-0.2805958227701852,0.5054836654291479,0.7977226185393855,-0.9069776552305481,-0.9710587529826025,0.8401738994880893,-0.9119067004437416,-0.8394848290031786,-0.681751006612742,-0.989042839137623,-0.9893771026778272,0.04488493504475657,-0.9870326209114261,-0.28119821892483726,-0.7587142297227393,-0.4348618541410382,0.9375786704861324,-0.8859035486344211,0.9356970657890964,0.9524891735227857,0.814377273295752,0.9203323243220787,0.9629065904313305,-0.9037735392470989,-0.939398592631654,0.7238569560236782,-0.8846988893666856,0.92562135023213,-0.9944309810041626,-0.941073916556115,0.9869568244862351,-0.4688542759960956,0.7761695559707391,0.9868831220789577,0.9379445574560847,-0.6951229028191481,0.9902502079670695,-0.8158279216487897,0.9678348274171348,0.8932946388145947,0.5912026942259987,0.7773403291725896,-0.9788222696671255,0.246252227070263,-0.5759589569495821,0.14316313001538863,0.11203596864473253,0.9194344288289252,-0.656477218252821,-0.21935348000204427,-0.7545956838824102,0.9449162206352177,0.834239132283357,0.7130458883082851,0.968966144786945,0.931977440424362,0.7422174135984784,0.8712505387665419,-0.7515084645143756,-0.9425237367734144,-0.6027821374754663,-0.5922943990167456,-0.9530855305435675,-0.7429191344447997,0.09988500147928772,0.6046047894139966,0.9228056878130289,0.4828706251012041,-0.9764419467269386,-0.6800694479867314,-0.9736053033113061,0.8341975459706532,0.9303400063251108,-0.9396506968260491,-0.8540477376776928,0.993849578651663,-0.9334912665796609,0.30501937959368114,0.9286041793964376,0.9528858526050219,0.8820670732405689,-0.9308767432415808,0.683526219691248
-0.3819707357517067,0.38098529903857364,0.15483504253638328,0.6433265895638836,0.640241899603555,-0.18516967377148674,0.8056391055906762,1.0000000009128807,-0.39585909886170634,-0.42150118455932123,-0.5637306713898312,-0.9135314862055053,-0.7438316498007953,0.4038454345478308,0.865139847810706,0.7124029181229955,-0.5372672430541364,-0.7099367076056261,-0.7048051459851532,-0.2427027248141609,-0.8314632432986181,-0.8708162166796314,-0.5868909580386601,-0.9122602785402996,0.6819167024014555,-0.8665017185487762,0.899064742900874,0.9164411265704956,0.4827105554696613,0.5282656042092937,0.7662729945485763,0.6780264926542868,0.03118096279804805,0.5496885784308355,0.8450202970245676,0.7421147312748189,-0.3329178898488974,-0.7700984646063281,-0.84168427629849,-0.7743254540754458,-0.8612356877329956,0.3768206147747944,-0.8353491205731037,-0.4949327958406885,0.01479556157812076,0.6037755714481282,-0.7560014089934374,-0.8691412706985336,0.936885920933844,-0.9259176785146974,-0.9311959165807615,-0.9802746473103116,-0.8017262024387345,-0.7988105267764462,-0.2520099496804939,-0.8485472363609593,-0.4033145873963866,-0.41167491158102065,-0.24640060657463744,0.9058317252679438,-0.7169008218895271,0.6841316295107618,0.7012102518217961,0.8359193251200286,0.8015293637333625,0.6506047698227241,-0.642425969900641,-0.7225951058679133,0.43666557975138626,-0.6734669430486455,0.7790412514544239,-0.8361330866716626,-0.6720410176689374,0.8792749068830925,-0.6543643192294314,0.632722079553668,0.7971600452891304,0.7546235148741451,-0.9093234687395267,0.7594719477825397,-0.9198151779957251,0.665142417064751,0.8610896529400899,0.060983536136502176,0.508652254456279,-0.8691084034124915,0.6642581286988262,-0.2595419279641514,0.0538008329859975,0.35104729181369654,0.7831912959456262,-0.9317604965902172,0.05699334400402724,-0.9260603059275222,0.8839600182870505,0.5603271596064254,0.8394375279884643,0.7416914430995935,0.7970459178778386,0.8655277158884384,0.7381442924410776,-0.26662526327867786,-0.8790014926818552,-0.6391698995972834,-0.43264860971821356,-0.6201737166662264,-0.2604474137089328,-0.3403736292630153,0.8648982994837096,0.8526444939155471,0.8051966373700347,-0.7189500412052575,-0.19178849544715929,-0.8680555275537057,0.7772033696447165,0.8821463757527993,-0.7362286925581571,-0.517473699849791,0.7644009264167604,-0.8628408924945263,0.21726617677493443,0.9383055482876522,0.8903643032226434,0.5469926542950622,-0.8427866673673898,0.5588409998244983
-0.11346896590341325,0.10032455507358402,-0.33108510564495036,-0.6650334796906991,-0.38114061079524597,0.5828577509565003,-0.7945555065456784,-0.39585909886170634,0.9999999993883917,0.7902719369647305,0.9009903869771924,0.4581633133558779,0.8456783848209044,-0.9825741657105789,-0.6318267397740868,-0.9088478821461757,0.9403380062154235,0.4352044076328733,0.8887682876084321,0.9550467727477038,0.8284053951729518,0.7744804692727141,0.8466021547576752,0.7107550216442331,-0.5147063066389863,0.6811589233738948,-0.5848634410385354,-0.7174123813044083,-0.9037186812227064,-0.00501560421379825,-0.8619359568354626,-0.8765025695941041,0.6496302107175012,-0.5974690201506605,-0.6504902071624241,-0.8777496681992099,0.6333805172951411,0.5881580632068237,0.6669718425776834,0.8256505265338829,0.7544415698818279,-0.09527035333764265,0.7525326742080857,0.3136314661762364,-0.6532572041255129,-0.4888263497753557,0.7703970451944334,0.7791484317441263,-0.4408659792726493,0.6541399157093243,0.4782569600845833,0.25184306957994057,0.8247559369497767,0.7909556810727887,-0.40032400531952334,0.7941622967634561,0.07489245954539327,0.6853955012867464,0.5447925930112086,-0.7116791532582918,0.8377670240000589,-0.9056992732802092,-0.8984509518765372,-0.6037496384928268,-0.7325969320054597,-0.9197498334006559,0.8233781427266873,0.810814780522397,-0.9438099995160768,0.9318767711117033,-0.8377469103353662,0.7667865237011593,0.9407427397703884,-0.7445751778862383,0.11260167225303533,-0.7259184271601893,-0.8013691149731558,-0.8970769918626398,0.3980173614682822,-0.7694592896730406,0.5891125985376992,-0.8826595982900478,-0.5908481667613072,-0.9297530902984774,-0.8171017415857763,0.737295267509935,-0.06285402854918502,0.46465651656300966,-0.20750654262456059,-0.12218603379391184,-0.6481859048026978,0.31871160530080805,-0.04759744356216366,0.2951465959314316,-0.7476401716591455,-0.9274904949372051,-0.25500662390885565,-0.8726034496038587,-0.8523174296993152,-0.4791618653026813,-0.8468498704596706,0.90213083257929,0.7003307742262305,0.1405702259938305,0.1732565869189137,0.851724142890174,0.7771561008600802,-0.6328431376271653,-0.34684705146363165,-0.7981136517881884,-0.12258649376847763,0.8395189351300573,0.9717609731246872,0.7226292483953323,-0.5250961867853577,-0.7302242090890626,0.9097800372290774,0.9360831947978611,-0.8340755810766087,0.5340150612132916,-0.6129899620534874,-0.6810001936932489,-0.760503727861467,-0.9780799117516726,0.806260097588221,-0.6474309416813246
-0.22995824411917343,0.4358435936320098,-0.7911759539228025,-0.4636157014205653,-0.27361870519231846,0.8404973366810135,-0.7868788199415792,-0.42150118455932123,0.7902719369647305,1.000000000396748,0.8628439965498521,0.27425166350750974,0.8324335409070099,-0.8449212382918431,-0.44880244980318756,-0.8531799082458619,0.9241437824163217,0.31856581678193713,0.8566473167553154,0.8241790577723985,0.6940159290296559,0.6669985283306533,0.8909827909387251,0.5831484455267363,-0.5497064691667986,0.6663149463973904,-0.6557303550098068,-0.5918327230448689,-0.9633702836651886,0.20268600581560153,-0.8490971243693882,-0.7704039633859389,0.7389010290007575,-0.8624813495009661,-0.8203811608983086,-0.773271846908356,0.559742172252646,0.6469559413146491,0.4476483152187457,0.7100156418546805,0.7129757807130924,0.3886421017000027,0.5057447362601791,-0.20063606207570697,-0.9080458469728404,-0.423362559011203,0.5085144037911303,0.6762807497172674,-0.3506221236916835,0.5373452178058272,0.34347728751690515,0.2690478748503206,0.8185336213208458,0.7088025838922217,-0.5837637495491299,0.7166251051876231,-0.3396002195794765,0.9838112540112067,0.8131242009459274,-0.569801558388743,0.8570330017713097,-0.8587326309573502,-0.7159091285810136,-0.3155926435299738,-0.8252109802874567,-0.8618793171112449,0.9498277850689616,0.9081744685564987,-0.6646423912204792,0.7718456430518694,-0.6103939520673778,0.7188243070654153,0.8362406401175289,-0.6985934323332484,0.48204885022487054,-0.8837921480210159,-0.8519584893977067,-0.758497683608093,0.16648299667580493,-0.8289852991634014,0.5400973387774791,-0.9042520530857119,-0.7514480956837606,-0.683634552579501,-0.9422184690858791,0.6485058898138077,-0.042060187055760485,0.24835684807720987,-0.6049160328259189,-0.21944295747525713,-0.5274760013305184,0.19011608096631655,0.28729298168905665,0.245121432603628,-0.5972212933095098,-0.8824797274220241,-0.5520265930498747,-0.7091852552905523,-0.7369772262803096,-0.19636262796260043,-0.5464455931915697,0.8776973317547642,0.5452774755938145,0.09739719265837983,0.3797200578445446,0.7827573295089342,0.9441163166520363,-0.5419226162465602,-0.07602822922736958,-0.6818923237082801,-0.23667244565616388,0.8794359583143945,0.7929269754353597,0.6286682432039334,-0.36455745122342487,-0.7593207601311681,0.7755153016452616,0.9342127558950948,-0.8449792368488565,0.6918336001497675,-0.528625898541406,-0.6066559404259935,-0.6759469163996565,-0.8593140996630347,0.614948631194964,-0.22804388864731218
-0.3139770786290959,0.2983659574921629,-0.3773889570614979,-0.4734621207535866,-0.20699892276534795,0.7991475755587129,-0.8027174775316358,-0.5637306713898312,0.9009903869771924,0.8628439965498521,1.000000000166604,0.46185690387890893,0.9636326918279601,-0.9118009636110835,-0.5776882880931755,-0.9518055751831366,0.970182857818819,0.2901808410524098,0.8834491657650897,0.7923023439617695,0.8294387165687697,0.8736425132131203,0.9910804516855896,0.8095060570275113,-0.4108795507027497,0.6847834849672861,-0.8130222360684778,-0.7880732823144287,-0.9620026811021147,0.16982370731120247,-0.9294855498446616,-0.7914571426357917,0.7627921773038783,-0.6092927384757526,-0.775325372173905,-0.9586730303666791,0.8394691772128675,0.8615340329707881,0.597271624377018,0.7668767861374494,0.8984945503848559,-0.11048067902333797,0.7884847403568087,0.27672678480985463,-0.6483107500398523,-0.31038951191060477,0.6648385005518654,0.8122995912220616,-0.462363575436481,0.7269549566326801,0.5059097151370303,0.46046305608570853,0.8728856980802507,0.7493349179251998,-0.5516389313075792,0.8141770012621097,-0.15257370799259476,0.780523877312814,0.798265036453236,-0.7443371756977666,0.9723942002524875,-0.9521579419934303,-0.8143306721714189,-0.5647028964051879,-0.889015112649268,-0.8796694662407822,0.9298367458399731,0.9180468563464983,-0.8494930569659735,0.9582676917829065,-0.7787414537048336,0.7607169659252744,0.934764259794801,-0.7765932028060334,0.48837964895060343,-0.9419867682348494,-0.865503666991552,-0.9232461930875705,0.4430550846311327,-0.7837849959192109,0.7810273574140261,-0.8872848684222715,-0.7855753727516132,-0.7114555165857536,-0.9616406301085664,0.7362034147711187,-0.3979148390973113,0.1331883454433947,-0.5257478601648581,-0.49481924388677656,-0.5443157205661541,0.4815608850341859,-0.19206652488221074,0.3659883493070405,-0.77252072159623,-0.9963320989046399,-0.5266551189890833,-0.8131289500010392,-0.9169440530121357,-0.46411254249643147,-0.7988298605929539,0.7712289894507598,0.6786211133391689,0.016888463297667886,0.05579471295994105,0.7379580862029327,0.7167721047762244,-0.560342412619648,-0.42504764410477325,-0.8826036373752534,-0.4502775224724734,0.8768316287414133,0.8289181497361532,0.7173064568833791,-0.40250772059047557,-0.8795885746569557,0.9283081015865454,0.9740238163276442,-0.8547004591684352,0.6044364187980563,-0.801699515141728,-0.7777751299841273,-0.8356142654124928,-0.9526547932270895,0.8092485555252552,-0.4192024507206496
0.6072998007301996,-0.6588322685751645,0.01222359982816047,-0.830344658030969,-0.8199172349470096,-0.07666600178099167,-0.8020704558237796,-0.9135314862055053,0.4581633133558779,0.27425166350750974,0.46185690387890893,0.9999999988137231,0.65291641568013,-0.44686933813235347,-0.9669529376170017,-0.6711640376333169,0.48187220816055065,0.8729413237595167,0.7011058161163028,0.3265189291854261,0.8553246537143883,0.8275371471388255,0.4397548508034231,0.8800684508127492,-0.773082590443961,0.8857274017469072,-0.7488513821510963,-0.9070311877000565,-0.37860501283107073,-0.7512398544430755,-0.7093003913158965,-0.7487765608581065,-0.21713942153643384,-0.47649326798944946,-0.7269770349618706,-0.6930077903328088,0.1851742736980175,0.5698717598463173,0.9580433163064619,0.8334242122977837,0.7729084821021969,-0.5128814531405611,0.8794825158865801,0.6611431943283277,0.10907656090099027,-0.7685854694409622,0.9018185452578191,0.8802683741250656,-0.9862341024944952,0.9354730192896388,0.9941083993808681,0.8820245460722406,0.76845796123295,0.8486214167225865,0.4550745036872692,0.859314130128188,0.7104505008577363,0.24368296165075307,-0.03297847788319853,-0.9345393578011714,0.6025104223320794,-0.6481088046786798,-0.7799145748638494,-0.9685354030444564,-0.6837662943241838,-0.6611336832382065,0.5199572994494891,0.6174292999671668,-0.4888834693398576,0.6604546705214741,-0.8557420093825685,0.8573109470317467,0.6688646319229392,-0.8790539693866293,0.3657754433436838,-0.4256051217289667,-0.735684279203471,-0.7522892089165764,0.9639247071725793,-0.7402485570374135,0.8249043964016611,-0.6354391773810376,-0.7202019240531375,-0.2005016623768172,-0.3456453372310526,0.9051031835257337,-0.47341843850335175,0.5462592508152577,0.27787691550380433,-0.09035251578874198,-0.8955867427537357,0.9080402867943341,-0.023010434796509695,0.96231227800212,-0.9167598994236635,-0.4807001386601777,-0.6460374681650684,-0.8154016982947683,-0.774283162920149,-0.9833735955988858,-0.8369575106140181,0.28575308031356056,0.9471652853390652,0.796742684762377,0.4930729686782838,0.6939021394080594,0.21148202214205233,0.3772987739715151,-0.92056126631091,-0.8219775806790649,-0.6274545918934007,0.6797940192727445,0.25940436881081047,0.9135046770590194,-0.9182040644818017,-0.7728726590353111,0.7353744855823169,0.44599697015128237,-0.7397215035704839,0.8001879644353389,-0.049593564772142024,-0.9051295761468683,-0.8675319565875931,-0.5481793344968336,0.8783205791319105,-0.8007078545773194
-0.1056255611903696,0.11179301169434241,-0.3852240980481133,-0.6005912315992725,-0.392778566307923,0.6913226524862126,-0.9057196909567597,-0.7438316498007953,0.8456783848209044,0.8324335409070099,0.9636326918279601,0.65291641568013,1.0000000008087597,-0.8736648658499768,-0.7340567397470597,-0.9819058650065469,0.9498636953133802,0.4779956058374196,0.9397257322903797,0.7288734895283409,0.9182633629863772,0.9564531918837585,0.9654079358180134,0.9130859912316936,-0.5783012519608329,0.831828417524509,-0.9227970368039473,-0.9041754600535196,-0.9214714754944162,-0.038485635202252635,-0.9844847998824489,-0.861753001251003,0.5796614227995937,-0.6955132017988742,-0.8924910147340516,-0.9889235073631055,0.7576520696578001,0.9055056416017854,0.7410523386938483,0.861046687098342,0.9751246548085397,-0.16746064185572002,0.8805315997903316,0.33957314155745283,-0.5458250239871603,-0.4736132133299055,0.7782554499810659,0.9236903523770845,-0.6623921798638411,0.8722964393336435,0.7003512895075578,0.6511398597926288,0.9577176683612431,0.8604577716329823,-0.36770100194919275,0.9223977622117476,0.012499459469451952,0.7750222610827453,0.70846543168418,-0.8756545330528879,0.9973905035078692,-0.9838862044301543,-0.8718116599548595,-0.7163840691250433,-0.9721921398564352,-0.9137096298414881,0.9556098238938484,0.9712283424221142,-0.7821262000200538,0.9643558481691962,-0.8540683559900477,0.8794767618940819,0.9554881950793827,-0.9014425386694778,0.6052160463351819,-0.9442356795852341,-0.9492398117172715,-0.9687804046155694,0.6098253147347332,-0.8869263581645184,0.8965891240903989,-0.9311609941401291,-0.9110007318417269,-0.6039624244662823,-0.9309324431489457,0.8682919857374986,-0.4777271531150599,0.231080052331884,-0.43977673153521074,-0.4774735391137572,-0.6925146452736903,0.6600760471241122,-0.1114215585694294,0.5950228221013694,-0.8931271011583852,-0.9646228981083589,-0.7029893505227732,-0.8919971391698504,-0.9783412756549716,-0.6329415009548707,-0.8633772578021028,0.7049742077782025,0.8192193163792045,0.24466872144598567,0.2225895034611469,0.8024948728477134,0.6824731212901096,-0.32480573970038573,-0.5854074150949903,-0.9623471158448246,-0.607719414390168,0.9455276546588686,0.7283461134459437,0.8562191310111428,-0.5706067601540201,-0.9688036904416485,0.9682928450101692,0.9420884626002016,-0.9340592489839891,0.76788047289883,-0.6684519271040704,-0.9057923615601811,-0.9425106343958078,-0.9324777008459171,0.8968143439008011,-0.4987369559864647
0.12624480362337617,-0.1539160344426873,0.42689340726594355,0.651930482329801,0.3824165007619257,-0.6430453705226715,0.8221921210973847,0.4038454345478308,-0.9825741657105789,-0.8449212382918431,-0.9118009636110835,-0.44686933813235347,-0.8736648658499768,0.9999999992530872,0.6174348202283254,0.9220167480055311,-0.9665973548677076,-0.4376556175174205,-0.915479617857754,-0.9566367113947007,-0.8217843885958284,-0.7741844555048549,-0.8734065520336691,-0.7004396733601371,0.5552415474139214,-0.7073912252521887,0.6276968205176472,0.7119191757784055,0.9332760717630348,-0.03235309756799641,0.887118994986592,0.888224941568716,-0.6582085028194512,0.6779782352758102,0.7052768937194164,0.8831733561581375,-0.6518785924447767,-0.6166167414200091,-0.6457839706481249,-0.8243118599684749,-0.7698046360730016,0.009071545930217636,-0.7350481830883043,-0.2212994642016406,0.7129541476023855,0.5079657019208484,-0.7559321591756916,-0.7908601014374992,0.44154965983252,-0.6692471616856206,-0.4850510754084133,-0.25936568691264555,-0.8566706231793865,-0.8030912277156261,0.4579038071203102,-0.8106375594880293,-0.013957761259245102,-0.7656901692632427,-0.6102907988269048,0.7118822700551537,-0.8694576261441567,0.9357125787219956,0.8827604561594286,0.5877742525863229,0.7935236878610078,0.9296898900101055,-0.8795438191387757,-0.8646176617447938,0.8699760793876339,-0.9198599911976325,0.8027330701979315,-0.7851251780414356,-0.9413870607798672,0.7638595969766764,-0.2254326507468542,0.7778811002439285,0.8381973485243374,0.8959028993484415,-0.3515147488541623,0.8184436190029664,-0.6063081908419288,0.9161229647964757,0.6656545529272552,0.9080048876466829,0.8690544505928864,-0.7505144272905039,0.055213625976740836,-0.45454283400054635,0.3038507448521524,0.16185965437386504,0.6445152945782113,-0.31937655707026913,-0.03366852099657275,-0.32527627845478124,0.7490069809840743,0.9396248240611479,0.3574616001758235,0.8749697420476179,0.8613892050711284,0.4481716523930322,0.8183616124939895,-0.8948043275646471,-0.6954284626379008,-0.15858155076208097,-0.22725236199752888,-0.8624453951806226,-0.8283758130883037,0.5991605471995769,0.30940076836342617,0.8012638024953272,0.1875371697581294,-0.8884446161334669,-0.9541852827067129,-0.739389224972681,0.5033826080093337,0.7541735382305284,-0.9094465552165697,-0.9580724362770553,0.865736156126189,-0.5847891721954339,0.593936632459346,0.6878544385490685,0.7718738144323802,0.9776833172141063,-0.782841189748458,0.5655458310762431
-0.5739053672287966,0.5726382668735567,0.15070798200301036,0.9297855628807461,0.8705262742972898,-0.03860685229246202,0.9014386439332309,0.865139847810706,-0.6318267397740868,-0.44880244980318756,-0.5776882880931755,-0.9669529376170017,-0.7340567397470597,0.6174348202283254,1.0000000001307565,0.7858800915165395,-0.6331405566860508,-0.9173963821494208,-0.8297036104512251,-0.5425870339774627,-0.9343176465905907,-0.8651524202069752,-0.5465348913176276,-0.8955605897140365,0.861276485140083,-0.9515564208688911,0.73897745030672,0.9315517784081861,0.5402323573277393,0.7038384668068896,0.8091880525554166,0.8838718597140739,0.06793291356415708,0.61995776742709,0.7979360396880643,0.7726146476918698,-0.2110583949901401,-0.5601040079939027,-0.9975716022261237,-0.9402190049898115,-0.8079653974881016,0.3712628453447552,-0.8969463630398246,-0.5697122982675665,0.10856322127663702,0.857150404349367,-0.9700003288914885,-0.937280125382928,0.9667007009598292,-0.9388012572711398,-0.965958991101609,-0.7854662879872985,-0.8618603659119068,-0.9452359703882981,-0.3438535805820251,-0.9324454252637049,-0.6511201335122411,-0.40602056641259937,-0.05705676863799076,0.9635390217570959,-0.6881017344580939,0.760604602518614,0.9030444033549248,0.9600951995299517,0.742119019266881,0.8110204228179952,-0.6436214669242998,-0.7217050845280462,0.6411348059900653,-0.7653357319275572,0.9413276617050227,-0.9419909658718699,-0.7994375592836637,0.9425235310967979,-0.28949493563934847,0.5035814843983587,0.8351503797240849,0.8440867924242411,-0.9008614418340949,0.8499732986024728,-0.7963664093384917,0.7779332212515371,0.7433277946536982,0.4170282733083936,0.46970361233483227,-0.9667664699857903,0.315078613342386,-0.6726902415062089,-0.2407798907553454,-0.014366944397006951,0.972176458439308,-0.8028543211899826,-0.09453791620993396,-0.8956946502267454,0.9558715419956865,0.6101206110692003,0.5997270607842505,0.9204430630874277,0.8429050259807416,0.9413961365950759,0.8997929135918246,-0.5135559043495371,-0.9907428256331989,-0.7881720768638446,-0.576952830598061,-0.84976367302121,-0.4279137317832902,-0.18633050908068055,0.8233976794074979,0.8676976432486764,0.48987088854352673,-0.7968604362463738,-0.4695631344034879,-0.9702024675407034,0.9652344658935471,0.8177983406037018,-0.8354885235938481,-0.6016126133597945,0.853148575442647,-0.8560792860362869,0.0967832809058353,0.9225013476399836,0.910704016126814,0.7017533371434648,-0.9380483492823299,0.8703342382203513
0.010192453204657578,-0.04136036788288645,0.42471164426038416,0.7095404766004466,0.49599726819464307,-0.6314146924775847,0.9445556908084269,0.7124029181229955,-0.9088478821461757,-0.8531799082458619,-0.9518055751831366,-0.6711640376333169,-0.9819058650065469,0.9220167480055311,0.7858800915165395,1.0000000010773449,-0.9706912816200157,-0.5688624242664346,-0.9800443102779862,-0.8235530100303606,-0.9529194589017577,-0.9444387075544033,-0.9389839504050801,-0.9012500268129081,0.6626811182220704,-0.8711690525015294,0.8574995850613029,0.9052152790468153,0.9374775544213618,0.12329028818864078,0.9941249530226419,0.932835836753937,-0.5542558425598388,0.7458500992059132,0.8921467304230233,0.9823700632601451,-0.6657536493940361,-0.8161063619652242,-0.7967997041585935,-0.9246412654243301,-0.9456476998419154,0.12258043124595751,-0.8792751869799394,-0.3287187380273291,0.5916054055949392,0.5814474781987158,-0.8412018752835354,-0.940862870313918,0.68461039934258,-0.8642432877953479,-0.7098065876122778,-0.5929112757818876,-0.9759059733319069,-0.9162398773728117,0.3051373641589884,-0.948551137367253,-0.09213791532027914,-0.7871581395299578,-0.6311027607545222,0.8898698870108198,-0.9741795038426964,0.9939958943573073,0.9407602630103641,0.7400146731256659,0.9402101296034027,0.9720862583951411,-0.9531675794552242,-0.9667528082964437,0.8523410586484291,-0.9806623263817569,0.9110836256121269,-0.9220595909866006,-0.9933870922606057,0.9260037145335025,-0.4697051599038349,0.8911416183237888,0.9670427120341976,0.9870012394703513,-0.6105745797436807,0.9240530618775707,-0.8384427580566443,0.9719733906114526,0.8649830830099218,0.7065884103642491,0.9054508555297851,-0.9033209793064588,0.33729937076274186,-0.3850602517581708,0.32398811106344644,0.31081559518519714,0.7736917020757048,-0.6007671328283916,0.013405098230480736,-0.5835928343283728,0.9094212483061449,0.9667513405655331,0.6218074819695394,0.9458382565441814,0.9778939117226886,0.6489156477400133,0.8975982776332766,-0.8061377485368122,-0.8588145730744199,-0.3206676604607696,-0.32001628684859873,-0.8921398019444979,-0.7564879432633546,0.3631827075632938,0.5555417225801259,0.9546996096193302,0.47443574751369966,-0.9680935400493741,-0.8103299378369594,-0.8905410189103841,0.6570311873125023,0.9463351539180327,-0.9904530590226677,-0.9622784012742149,0.968056381786117,-0.7913226567185718,0.592927395311725,0.8980884899569708,0.9424789490502778,0.9741115069982871,-0.9264448425840283,0.6092657211720339
