1.000000001070875,-0.345399578878574,-0.7852645072534206,-0.9394505794217289,-0.9888731408712924,-0.976267668687127,-0.9896554485733161,-0.9188463663716296,-0.9879052512919573,-0.9689655724369997,-0.8515092707476024,-0.9252820334439212,-0.6535271842092156,-0.8722053567911505,0.9179153864949581,0.9476766932504954,0.9779669426027985,0.9749913877668318,0.9416268594240728,-0.7669282135457549,-0.8560754172968428,-0.9200464025706375,0.9798156152962301,0.9874547007216476,0.6947505846465473,0.9998220396068417,-0.9882520562857462,-0.9640625469998642,-0.9817689966401778,-0.950455097154808,-0.9933592199109026,0.5363075542792424,-0.986984069517661,0.8939892770528549,-0.9380071961783633,-0.8587086048636519,-0.9799254022795117,-0.991471507881714,-0.18127699675920506,-0.7825267265724444,-0.7767281395273999,0.9473378903481062,0.9411998502225962,0.978864378732284,-0.8172277804803201,0.92988567635058,0.9983121032015047,-0.8014179888132652,-0.9520769584239028,-0.9199367333181039,-0.029762115798403942,0.8705348036716385,-0.9170131482738755,-0.9575081597848221,-0.9907969909484052,0.2820530668830449,-0.11876345760294753,0.9441729068906614,0.8118878621136334,0.9785918530157095,0.6381771491075927,0.9266295830024833,0.9121602912226661,-0.41105189215387183,0.9711701701823503,0.9644966226843448,-0.9195112482591214,0.755360988371525,-0.9761726755509813,-0.31494731019555894,0.7190695186088053,-0.9789747919786735,0.9756354757278839,-0.8444724712208552,0.9271515606797968,0.5649718089441583,0.9327180043762267,0.9558754289325577,-0.9899841602624146,-0.8870761397141409,0.8411119438658199,0.9414916558632977,-0.9840113631826477,0.987079434196563,0.5149268598108415,0.9341166833422548,0.9917010566602709,-0.7025333495855958,-0.9926592272655849,-0.9691465348634317,0.7009626565405666,0.9843632300775809,0.9621414197270247,0.9119778737465419,-0.9652005437066753,0.9803604983319748,0.9872105622583998,-0.4199346365700021,0.8118720088049568,0.9526173388529712,0.9295681371086062,-0.9939222299140992,0.9614550452793441,-0.3381513617158962,-0.6168485122588014,-0.9798363940351097,0.9263879404869233,-0.9055828121273671,-0.9350692858762717,-0.6202184713721707,0.9809302432552571,0.997639327627929,-0.8987201391993559,-0.852220001659534,0.995021123876227,0.11709356905703443,-0.5750339052030751,0.6898479929739088,-0.923494198109881,0.9786317432301784,0.9383049219784457,0.9535720006004087,-0.8590288789174315,-0.9336173693342422,0.5993774937313441,0.9505214853470836
-0.345399578878574,0.9999999983311677,-0.290854038783569,0.01083819289129355,0.399005728903788,0.28339661989532355,0.3049411566400701,0.42568762790494286,0.2056815657377265,0.5514056346436539,-0.11929501683457785,0.1536543686491034,0.6438409955580074,-0.09375602920269768,-0.37388064716650365,-0.05113759020437176,-0.5127253602072357,-0.13586364128681006,-0.059197217316701356,-0.1715686425467797,0.37248593361145266,0.3809840565503837,-0.15846738982677816,-0.20085578721602543,0.397569926727924,-0.3530750540737643,0.20201018374814278,0.1758185545923954,0.17169911950029748,0.5650440740642486,0.30077092635764324,-0.9563549980771341,0.25715035886119325,-0.40270537464264694,0.032470723880799024,0.7541963058323151,0.31732156991917476,0.22465793660645517,0.40792755225893657,-0.1596604669895384,0.11987607415007139,-0.031189183179611488,-0.038792554143241884,-0.3806336791431938,0.7828842305652584,-0.0025986777811251517,-0.3657846453699004,-0.033776442660971705,0.09629986780721644,0.5818106372339182,0.8738806269791095,0.05465934752227304,0.05119041916501571,0.16567064680873886,0.23202898555028026,-0.26677116616888163,0.17465044371306782,-0.06804684993514248,-0.002687969253535735,-0.18091060170730142,0.29324463632989534,-0.07798855653491146,-0.06793017190752029,-0.5152119070676444,-0.30854363796105755,-0.5776263914568718,0.5314988920257862,0.16724568720714028,0.15105456565180153,-0.13184312427376338,-0.14209803938278884,0.23164686409864368,-0.27428954371367253,0.18951041954755776,-0.25904799869288064,-0.282918346468181,-0.013689741692831998,-0.375275677212761,0.4105838056084746,0.4103131684560681,0.16082119447053447,-0.05680739018920442,0.33973218873225686,-0.4644568068660888,0.16497279654580052,-0.163581301207118,-0.3363468165308714,0.1061224417907449,0.26881462801385925,0.1416259791799638,-0.8800037585051842,-0.1758171552441847,-0.2666409640063569,-0.03440977639254585,0.17798258912044745,-0.2624332937351519,-0.38216698869643057,-0.42195851379149996,-0.5678196283557043,-0.08755388126398948,-0.21107729245749085,0.30032761814827297,-0.3075454315215048,0.4257365230669665,0.41980344251929574,0.17343863956901756,-0.49096087882477635,0.6168527938589329,0.000511211310951118,-0.382511156474297,-0.3806991468553644,-0.3433349083623668,-0.09571214165145649,0.060361231331663975,-0.40843757869248587,-0.8101073210583295,-0.5425868478495238,0.3603386134305316,0.020229879484988073,-0.22139973491498458,-0.09462971824095967,-0.3577183049903197,0.04677623522980296,0.1192558160396854,-0.48978569960482005,-0.5176009633221976
-0.7852645072534206,-0.290854038783569,0.9999999992543189,0.947437203834395,0.7605036369608593,0.8323136709515387,0.7866160701617693,0.5966248128628898,0.8625022493340722,0.6087980309091693,0.8932468663372394,0.7828714592352319,0.3324572746832621,0.9298777657752212,-0.7292386066715546,-0.9300828642395969,-0.646456930902659,-0.8851064238804842,-0.8887456030347904,0.8652824284986467,0.7026295364093557,0.6459231550262492,-0.891032502327847,-0.8704017647258607,-0.9154439694301599,-0.7785583376952419,0.8680291452894128,0.8894967735069578,0.884514603850459,0.5918338524315813,0.8236561253589788,0.05173745010401447,0.8319763975400705,-0.7093743346094754,0.9151909415787203,0.3875430239887252,0.7896978773096901,0.8558809667926174,-0.054226713684286644,0.8683644419475028,0.75333786450714,-0.9377326402837857,-0.9211562952399437,-0.7417090565418025,0.31836519702095095,-0.9161250840640207,-0.7764157928021405,0.7498847592740882,0.8909161541211374,0.5964686322141272,-0.557840927082593,-0.8617006408850509,0.9205494199748329,0.8859736691011406,0.8580558504672612,-0.1756799737327643,0.16206077920321033,-0.8780187937468059,-0.7362216313753396,-0.8836290358334846,-0.7476310528961666,-0.8561332035832272,-0.867270486691694,0.8336163729347698,-0.7429425842892815,-0.6002843621393801,0.6281008000057607,-0.9399298007523753,0.8917375150476944,0.2575058086716398,-0.7399682706328502,0.8441237121065824,-0.8382939864917015,0.7974195284000829,-0.8238996574549887,-0.3867079919814219,-0.9134478896386923,-0.7552781970145637,0.7187409631142507,0.5600227823597667,-0.9167001029993639,-0.9378537134026186,0.7450421732765089,-0.7028631075463675,-0.7218363573584083,-0.8842347378358015,-0.7999965983029866,0.703167430131983,0.8363606374832547,0.9025493758833285,-0.17155683279252024,-0.8785073823998736,-0.8353061589080002,-0.8668345655740041,0.8610471923468749,-0.8461879203764594,-0.7427377893244177,0.587910154201091,-0.4124633769195534,-0.9275845727379047,-0.8391290859367188,0.8089077960918818,-0.791507336866209,-0.0002752418061758484,0.4675987668605067,0.8893654437392637,-0.5689841378828188,0.4877424477720144,0.9516049598814396,0.7965638905713494,-0.7717753694396646,-0.7940881414447643,0.9540962747593689,0.8463583919456975,-0.7287776048279253,0.3120548138697926,0.9318058266543766,-0.9759194644902677,0.8832748970259567,-0.866428278105932,-0.920518774575858,-0.6993632290067122,0.7896513301799339,0.9046579554920684,-0.17407312794236,-0.6219551745199005
-0.9394505794217289,0.01083819289129355,0.947437203834395,0.9999999999533314,0.9150547890957735,0.9457170453603042,0.9421472949231169,0.8087264243920737,0.9789924806215855,0.8281424507026636,0.938060674459988,0.9040611217962045,0.4862240079322892,0.9462545761279483,-0.8472688655389058,-0.9972315121508459,-0.8494749942254325,-0.9831398887499734,-0.9657255507360205,0.8893523212969142,0.8106530427871704,0.841743912769247,-0.9855526709198107,-0.9780548545223815,-0.8647955925177497,-0.9352844360302419,0.9778410025621493,0.9730415719671991,0.9867901397182475,0.7991287855600718,0.9544727321093605,-0.24338873160968574,0.964348747760211,-0.828769660394234,0.988741790844161,0.6527398482999125,0.9394425985723505,0.9727554281172826,0.015990782194460047,0.8983840911342846,0.7777482141295773,-0.9952379992083952,-0.992460639246983,-0.9135130975178477,0.5781839070016019,-0.9842661989381962,-0.934404408688818,0.8308369179680919,0.9832078959276416,0.7854263472612916,-0.2759045305498915,-0.9277697177521119,0.977089060478438,0.9632794179137252,0.9750149804185998,-0.19025500643979423,0.12536539965237756,-0.9667248527376584,-0.8334142544831229,-0.9843497391963208,-0.757989199692111,-0.9564643889450928,-0.9282969000262047,0.6539623290975851,-0.9089865753942212,-0.8166825825633981,0.8118303063725074,-0.8886934042730374,0.9893484711837033,0.3264432225525431,-0.7536797003126827,0.9678353524703032,-0.9494908974796382,0.8436448775070812,-0.9180542709613679,-0.5361178803119678,-0.9848498144893273,-0.8860433488272492,0.903224362463994,0.7681784834008405,-0.9449571349516991,-0.9924590040048368,0.9146570196511049,-0.8895335138209463,-0.6236206780181249,-0.9523302516536467,-0.9375933413794938,0.7081635617349364,0.9657241597928906,0.9894639991582588,-0.447668916403405,-0.9844190519148555,-0.946717815202357,-0.955374045409699,0.9545643529409361,-0.960365172338051,-0.9170444179981515,0.5628730030675213,-0.663175259471797,-0.9912050317933127,-0.9164671175068319,0.9539343913861053,-0.9092648892549151,0.21557306486549885,0.5423879706183307,0.9857416768806665,-0.7947199340732116,0.7220743829969938,0.9956517912184858,0.7645468179867534,-0.9202007178931186,-0.9427430388673634,0.9840336565697435,0.9138694958677649,-0.9070715560380087,0.1271952407694637,0.8163721835984342,-0.8777737611521059,0.9636944133312985,-0.97300628689618,-0.9750050338457468,-0.8836593214227458,0.8938310914118398,0.9610638970762965,-0.41523959564816043,-0.8135364708373855
-0.9888731408712924,0.399005728903788,0.7605036369608593,0.9150547890957735,1.000000002958524,0.9901768480791794,0.9609962078046329,0.8647593978354641,0.9664089530234328,0.9605008094434211,0.7777081414100564,0.8662417967424395,0.754622241252272,0.8387951857615046,-0.9577449796081166,-0.9236643297561339,-0.9725310288855692,-0.9444225971574671,-0.9007804394410877,0.7027440540798483,0.9159468919464692,0.8733968667024192,-0.9640431577179474,-0.9731553819716188,-0.6148335514184152,-0.9882818341894372,0.971742478976346,0.9708175623827353,0.9639283706519068,0.958382697700117,0.9936287294198342,-0.5919036391029592,0.9691186543082716,-0.9493051985876378,0.897502554270564,0.878369289584002,0.9669041044666681,0.9756077127605869,0.2513064670625347,0.7153891054462379,0.8164705940424339,-0.9230892487295486,-0.9067310160231716,-0.9643502506132465,0.8446690299088755,-0.8812647823039305,-0.9922180556946373,0.708996045969843,0.9162152838671382,0.9635803509918899,0.049404264850895406,-0.795197407098808,0.908877131199554,0.9646749946259139,0.9798258126206327,-0.3702638896947306,0.2541313477534016,-0.8942020014734368,-0.7172253426391716,-0.9675650956140317,-0.5242353236108983,-0.8715687915339897,-0.8904625852003842,0.4414525644857787,-0.9267497296791695,-0.9702306944277563,0.953317399995336,-0.7820492200894192,0.9559703101079241,0.1752105145591829,-0.7952382217267274,0.961991799682347,-0.9889965875906033,0.895692308680906,-0.9580920538605119,-0.5366939851793436,-0.8853551003423089,-0.9826848879477328,0.9685305911887347,0.8257857467674721,-0.770954973721374,-0.9350128057021289,0.949097829075322,-0.9869999839987973,-0.5844815688623659,-0.955269006237087,-0.9969306721422198,0.7582719641587203,0.9825889204812034,0.9587820845807912,-0.7545235138131867,-0.9626600745109847,-0.9754065565015433,-0.8526643210365471,0.9542208898214212,-0.9866403885274451,-0.9688481010416901,0.286474919918359,-0.7728569813944811,-0.9472610088370115,-0.9528054141061059,0.9776049778265734,-0.9745006749143948,0.2718347811883569,0.7259327441390503,0.9698503893746288,-0.882622043333739,0.8973377671004703,0.914826537192151,0.5167746781985845,-0.9944773865740103,-0.9938389719191729,0.8536531091860023,0.8368285301689368,-0.9789476467938865,-0.2368566529480524,0.5194695316414433,-0.6895508975419452,0.8647030897766651,-0.9776734979989113,-0.9460550875523276,-0.9111896996983647,0.7849699333610554,0.9483933814055343,-0.5153451481012868,-0.9569648193882092
-0.976267668687127,0.28339661989532355,0.8323136709515387,0.9457170453603042,0.9901768480791794,1.0000000015741457,0.9441236716586199,0.8116946479069689,0.9695952150996686,0.914690008853531,0.7983405511216366,0.8571168017409296,0.7385893446500851,0.8814704011807168,-0.9659867388406526,-0.9477843832182113,-0.9357827920264612,-0.9543204204845477,-0.9171633169486233,0.7293748802639702,0.9281054672235333,0.8293922210981326,-0.9783898525400313,-0.981855089917969,-0.6708947571318596,-0.9743744207887098,0.9790780174218356,0.9931624294247339,0.9742285186849352,0.9200663744298753,0.9938171142530988,-0.49193131388892514,0.9650682924876502,-0.9577405583131239,0.9151640497755318,0.8077126525442437,0.9547093490027153,0.9798265759410144,0.24098146660271422,0.7396701218818975,0.8613140275371627,-0.9519509805852755,-0.9266771148229116,-0.9411250528497415,0.7755257199043288,-0.8997495300122387,-0.9784517637949105,0.705967009969733,0.9264135904888556,0.9379420776696147,-0.0826643431803463,-0.8065405876394933,0.938711162237127,0.9897845695417509,0.984715364385926,-0.39636387511621696,0.3016941857624887,-0.9034841041247412,-0.7065309149863893,-0.9795141420657295,-0.5413409611604073,-0.8730567665306622,-0.9159820839468148,0.5600581918506621,-0.9010652234851849,-0.9279279622257942,0.9284272578437237,-0.8597525416282493,0.9677687106802174,0.13903812209983815,-0.8471614366216118,0.961754864768766,-0.9997480830808094,0.9359763316335423,-0.9768024866826804,-0.4950819098583493,-0.9026278581375485,-0.9849872120066627,0.9388203958165883,0.7715360077563314,-0.799553630560293,-0.9677499738942362,0.9240649166272921,-0.9595351613531861,-0.6769241411303806,-0.9855517906361165,-0.9945784326254056,0.8104362560948322,0.9816887829946236,0.9769416816398749,-0.6740297615951607,-0.970751312213391,-0.9850593930276025,-0.8582461353758276,0.9690294902189082,-0.9950310304431288,-0.9443521414960205,0.30359410672342296,-0.6964231236497022,-0.9765408403419604,-0.9788232876109417,0.9681318153085618,-0.9812585695690563,0.1772322655803125,0.7471433969136252,0.9842020912141192,-0.8251300400417556,0.8403822325511368,0.9500946374261159,0.5552000062870225,-0.9874407178418196,-0.9849465217071214,0.8893565803815364,0.8558197768275045,-0.9535097961444381,-0.17413076527444454,0.6031359031425366,-0.7814512612683188,0.8751781159734888,-0.9884334585223458,-0.9810515098020121,-0.8756961476146654,0.777056742054836,0.9833406220668978,-0.42291976201822173,-0.9260838552003428
-0.9896554485733161,0.3049411566400701,0.7866160701617693,0.9421472949231169,0.9609962078046329,0.9441236716586199,1.0000000002412472,0.9499509455286713,0.9891493500957504,0.958595426548425,0.8966225401304978,0.9392422503509164,0.5516789136454061,0.8581072023245079,-0.8522364188197985,-0.9551972617032903,-0.9588152646004038,-0.9760394243878086,-0.9414725857965823,0.83134865925777,0.805604079008934,0.9610219364484204,-0.9695233670407977,-0.9760694001449154,-0.7340276278208173,-0.9886610736461794,0.9789001481840232,0.9398018569075164,0.9799972649279337,0.9137431719989054,0.9748119834188982,-0.5030636336605472,0.9921333983107591,-0.8337036717373908,0.960110494481662,0.8437989335479881,0.9871345315565438,0.9815318817964339,0.05700034441401706,0.8462083031481424,0.692043958688721,-0.9423511910757253,-0.9590496735157382,-0.9877671561790845,0.7672824304701531,-0.9527951387219552,-0.9877978158076128,0.8445319396415074,0.9733910330789878,0.8720458295169778,0.04611528743691938,-0.9094929320321875,0.921948897002136,0.9237498613737825,0.9824435856601528,-0.14681692954816813,0.027790224106059,-0.958271625045178,-0.8651992866539269,-0.9741671802010395,-0.7159387520804836,-0.964865082336943,-0.884289895149949,0.3782278209153172,-0.9863767185824519,-0.9403926185565399,0.8945887749814087,-0.7190591383896742,0.9783999764935686,0.4047012641666804,-0.6515323521421558,0.9861548493778529,-0.9454827568451438,0.7706596918617613,-0.8952209870457151,-0.6419721424952163,-0.9564328770760195,-0.9043924702846772,0.9932216482511718,0.9114573473382518,-0.8843504099567694,-0.9316958012753827,0.9918680190994238,-0.9764534438847987,-0.419986551843685,-0.9008361306956504,-0.964912842839961,0.605151601537131,0.9871657417948527,0.9640945042596278,-0.6633844510027788,-0.9827336046167362,-0.9444169502850699,-0.9530510270635809,0.9384069942213547,-0.9610353658627483,-0.9943475841450485,0.5140244628005504,-0.8593128788767468,-0.9393406285741595,-0.8764966946604851,0.9953551914738127,-0.9155213122643793,0.44122147231807896,0.5171541346118467,0.9701209117428881,-0.9481688354212415,0.8792360242906365,0.9274195091702426,0.67257495216315,-0.9590629909891926,-0.9846026550376324,0.9109833224775874,0.8818493552862424,-0.9877890957213892,-0.04104583691623221,0.6178765678371508,-0.6693710705897195,0.9505297698057097,-0.9669023252061939,-0.9107801994910352,-0.9838537822509813,0.9209336851559113,0.8978679516076138,-0.6427049822364871,-0.9101760765435707
-0.9188463663716296,0.42568762790494286,0.5966248128628898,0.8087264243920737,0.8647593978354641,0.8116946479069689,0.9499509455286713,0.9999999992157032,0.8976848393148399,0.9492325726553538,0.8376166985192692,0.9279992311866689,0.42256368155640167,0.7379956066629655,-0.7150159611200902,-0.8285655269169605,-0.9335859416130685,-0.8882098856258712,-0.8628736884365984,0.7407439195455815,0.6245750516701243,0.9743785686940922,-0.8582205926432784,-0.8728999438974459,-0.6421359795110042,-0.9216024093596175,0.8800911953165896,0.7906467457417232,0.872564248755346,0.887350688527033,0.8692724973671422,-0.5628191234181538,0.905408431001088,-0.6700747951127,0.8614201333747464,0.852839028275042,0.907107611184673,0.8875856862189018,0.04121244056246809,0.7633984182135138,0.5186901765775745,-0.817180822552101,-0.8494659554994697,-0.9294806140259465,0.7937977605568769,-0.8658320693652137,-0.9114739808594052,0.8669143482279866,0.880161030824144,0.7776406603071682,0.2446744067278577,-0.8728392357482878,0.7651087172747382,0.7770791880975666,0.8782826190090389,-0.030685157424622786,-0.2188307256244957,-0.895872086804845,-0.896126300804109,-0.8552879757813494,-0.7272629852700209,-0.9081340612959747,-0.7836134812933943,0.0851226416871534,-0.9762394778427962,-0.9132723011338603,0.7963442612839446,-0.46951560853127633,0.8694440358667899,0.5858554192536998,-0.40034454351075305,0.8902690123929302,-0.8107003722089609,0.570794875452589,-0.7248348957837136,-0.6358170259129269,-0.8687500301927169,-0.7831957082984968,0.9612236623508013,0.9843208766305188,-0.8074146477942582,-0.7755061938296542,0.9696445026065911,-0.9175424865954195,-0.1499589700875031,-0.7246807623737204,-0.8629290703668092,0.4116300132058991,0.8898845773270643,0.8342078671471244,-0.6736795306698057,-0.8851470384639244,-0.8036326660730743,-0.8949738173588684,0.8334144908081629,-0.8328036526874346,-0.9449518731826371,0.5697303567293708,-0.9288950601646203,-0.7892269920281195,-0.7211708110776838,0.9183843730937472,-0.8028722737237913,0.6011355506094209,0.30855460954744074,0.8491363513222238,-0.9965048583359909,0.910562668546119,0.7875012218741788,0.6496609421684618,-0.8499767809318524,-0.8976102956454323,0.7984078861101276,0.7450529558080091,-0.94692712092244,-0.013391484802356433,0.44728944604845117,-0.4316804452396882,0.8922075875168206,-0.8399791757254106,-0.7421191797696562,-0.9789642852114988,0.9014033916610501,0.725177366977809,-0.8425972534983414,-0.8751428823951377
-0.9879052512919573,0.2056815657377265,0.8625022493340722,0.9789924806215855,0.9664089530234328,0.9695952150996686,0.9891493500957504,0.8976848393148399,1.0000000016709343,0.924225403782189,0.912094700091253,0.9328334563195796,0.5668126861699705,0.9085561683939327,-0.8832791278261952,-0.9848685107249217,-0.9351748155767884,-0.9928131769366705,-0.9638606113869583,0.8489994266517675,0.8383889011353953,0.9163092202968364,-0.9936636099057289,-0.9950437193132662,-0.7833757576365198,-0.9857568973884816,0.9960422952157273,0.975542458011682,0.9985264974650573,0.8923126793364068,0.9877092535570511,-0.419721115511789,0.9954139225001777,-0.8646941749452659,0.9797114418947028,0.7866382562078964,0.9823053251161278,0.9958003653393689,0.07541218505337992,0.8616568429086044,0.761011906758599,-0.9789070266814708,-0.9820593770034708,-0.9717339231090951,0.7180308719355946,-0.9724772124402482,-0.9852378621214009,0.8355849141871184,0.9862503382431602,0.8669690130376282,-0.08459867654557958,-0.917070951842123,0.9583741957423856,0.9638777842541381,0.9973781346307853,-0.20493244847354541,0.10028942716338328,-0.9705914813353315,-0.8468657883084599,-0.9951819216717144,-0.7175632944319514,-0.9647117890097006,-0.9215407456524248,0.505988465495565,-0.9648728566902873,-0.9127767271509794,0.8854770845307732,-0.8104268172985447,0.9974734124409353,0.3473782925633649,-0.7260408572436362,0.9927795180333288,-0.971460645566003,0.8345469333753155,-0.9299422020946837,-0.5908838859864967,-0.9748874712354804,-0.9266058544976236,0.9715413641182632,0.8585028350549287,-0.9080858304056263,-0.9739594472353521,0.9730403891424887,-0.9607740054602796,-0.5367772386480293,-0.9465864056756311,-0.9771055951454619,0.6838733199298043,0.9959901119808043,0.9912529988695367,-0.6013114875612893,-0.9988605972440506,-0.9669390044898415,-0.9559897995425248,0.9661428702012232,-0.9823504367852077,-0.9772303719316642,0.50944842078106,-0.7811486210045957,-0.9790243267739008,-0.9217385450702548,0.9941616801215459,-0.9402918930461184,0.32906971211902236,0.5684973690676978,0.9945200925760186,-0.8939660305561361,0.8362659400360165,0.9708594606953008,0.7001403045227546,-0.9661948616859718,-0.9874044950435182,0.9493692438585336,0.902138546657134,-0.9725639727542225,-0.0019270667301548117,0.6939781549278464,-0.7694842257447869,0.9609368573001638,-0.988698257290184,-0.9593122703951198,-0.9499841778363226,0.9054868322307686,0.948230189945318,-0.5448486798437805,-0.8965882634463196
-0.9689655724369997,0.5514056346436539,0.6087980309091693,0.8281424507026636,0.9605008094434211,0.914690008853531,0.958595426548425,0.9492325726553538,0.924225403782189,1.0000000001326204,0.7464246807670875,0.8825713416261541,0.6857321378984657,0.749910255515365,-0.8761865435140784,-0.8457907748592446,-0.99560275208749,-0.900003990333445,-0.8573497407933288,0.647946093185902,0.8045299922713308,0.9298514939529792,-0.9010366801172961,-0.9189200669153935,-0.5368985932820702,-0.971494658922099,0.9213265685450016,0.8772852780341108,0.90674957482231,0.9796493611487335,0.9427866742823975,-0.6998670041197568,0.9348796185922906,-0.8510256501414221,0.84252587579375,0.9429770434789972,0.9421494745147169,0.930252439778244,0.2399114041981083,0.6672173607007439,0.6845489283933579,-0.8419767362747814,-0.8430957445973971,-0.9604854045690804,0.9154402606952194,-0.8330912880910186,-0.9695265600125172,0.7430968049842437,0.8696233055674836,0.9322968673330022,0.26095875217592407,-0.7837243546936098,0.8075230783627225,0.8699725712970527,0.927729038531451,-0.2731050529538097,0.06206046223733908,-0.8668554535453843,-0.7627143750275261,-0.9018166133206793,-0.5387573766836858,-0.854642096098979,-0.8242489257301913,0.18513333681702557,-0.9552666032430699,-0.9949686689324824,0.9212009343124296,-0.5850806810141913,0.8971369311500216,0.32625660038566745,-0.6102209325381022,0.9195814240858813,-0.9116025371519645,0.7521313680845143,-0.8521389111583789,-0.5762942829800632,-0.8376236608427069,-0.9169787772035843,0.9850748330990124,0.9242418626959648,-0.7229226411405745,-0.8313185560611824,0.9691362229115893,-0.9838275833023477,-0.3556420528989332,-0.8382926251037256,-0.9491797029683245,0.6064972578300118,0.9388184711390637,0.8819021643629621,-0.8213673322975884,-0.9131619294525088,-0.8958109766928101,-0.8322736169276568,0.8931526995432932,-0.9159474353483579,-0.9713914362342031,0.3266109761652873,-0.8841532845441302,-0.8494885709723041,-0.8498250944349353,0.9527674748656518,-0.9119443634195913,0.44837673005388823,0.5826744930036114,0.9007845702771904,-0.9681312124999727,0.9670590176652893,0.8198638541129913,0.4934788423785184,-0.9454885048724352,-0.9610667634085305,0.7768206146102887,0.7561255932761473,-0.9863164434495388,-0.25463413956700454,0.3724756071420263,-0.4912738236978346,0.8399710537334515,-0.906949510157535,-0.8313931369951798,-0.9503275291182016,0.7984574301929104,0.8303949116724947,-0.7149391387780692,-0.9677082205044958
-0.8515092707476024,-0.11929501683457785,0.8932468663372394,0.938060674459988,0.7777081414100564,0.7983405511216366,0.8966225401304978,0.8376166985192692,0.912094700091253,0.7464246807670875,0.9999999977274637,0.9297373822485759,0.18633127592410656,0.9063796887235482,-0.6472261996438993,-0.9357513561536949,-0.75688818818162,-0.9355210700729715,-0.9422502543188684,0.9409404992446752,0.5752772984998693,0.8533335140502563,-0.9030769381384094,-0.8928428293945622,-0.948084072639404,-0.848485848501125,0.8978800256899685,0.8401995886081893,0.9105635966816351,0.6792559626975749,0.8385457132748811,-0.08409886861440272,0.8920289127364789,-0.5986866973318138,0.9672094683107013,0.5287985076296542,0.8598032188260719,0.8917597911619013,-0.1672858261700236,0.9550651315054547,0.582473302775507,-0.9316456448466652,-0.9564938941127641,-0.840204899171506,0.4377519038493197,-0.9810193016510859,-0.8360911660276128,0.944342751882343,0.9518781867634697,0.5876095715676256,-0.286168833379701,-0.992487109599267,0.8831665210469376,0.8284900417570298,0.8835760735077686,0.05416556402061232,-0.20228626386145251,-0.9660669431071124,-0.9536841593928752,-0.8930865363479511,-0.9353466588043378,-0.9735513337790901,-0.8614030513058639,0.5077696884429791,-0.9023050802543137,-0.7024125652486557,0.6377273005105094,-0.7212532609282594,0.9189297986282012,0.6110713054667812,-0.4867408897809212,0.893796466800296,-0.8033630634207956,0.6183643885858869,-0.7373712868695417,-0.5521789680611698,-0.9789729080188807,-0.7128710335840478,0.8445775358678166,0.8157152135462074,-0.9979911306200135,-0.8897287203125374,0.885022361443625,-0.7830125737455714,-0.38070138127600206,-0.7888353212799952,-0.810860786642604,0.483561404528433,0.8739356922609717,0.896201615373413,-0.26855986993827,-0.9167906530795903,-0.8040591525354978,-0.9825781122406942,0.861395408063284,-0.8308053378884359,-0.8511887046090736,0.8090094033546489,-0.6796294721246363,-0.8852627708958887,-0.7477792546137187,0.8784344270638318,-0.7646076654299413,0.3558523907121729,0.22027047647055706,0.8908703359156442,-0.8005665071336813,0.6480707357164284,0.9228960560053381,0.9129784657750061,-0.7785477699929968,-0.8380373306921477,0.9710755265320309,0.8485747122502049,-0.833964068351187,0.3913328658558868,0.8542714741846089,-0.774137906488397,0.985586072704825,-0.8595113110136402,-0.8393635963623057,-0.8788379966599554,0.9646641951232494,0.8098837963953855,-0.5564034389443331,-0.694542114881843
-0.9252820334439212,0.1536543686491034,0.7828714592352319,0.9040611217962045,0.8662417967424395,0.8571168017409296,0.9392422503509164,0.9279992311866689,0.9328334563195796,0.8825713416261541,0.9297373822485759,0.9999999989924339,0.38269887609955605,0.9233274705134017,-0.7787361498464941,-0.8974461614084337,-0.8996393942157409,-0.9600267611556079,-0.9768203021002902,0.7748155088496308,0.6101817386229192,0.8776983723750948,-0.9309721916386424,-0.9331645631536338,-0.8390246557878474,-0.9284575898558295,0.9379165030268817,0.8595362426756068,0.9208205837338241,0.8619398671445181,0.8942867412742956,-0.295435080561161,0.907207253868597,-0.6831129124609966,0.9214464115493411,0.6804100263959066,0.8754880595232636,0.938912638218728,0.15552434744603402,0.8014894243295667,0.7073842889156716,-0.9275812890033518,-0.9098660787550933,-0.8749650692303665,0.6939403050499631,-0.9456346763794133,-0.9036378884351849,0.9629556946991317,0.9153290722061915,0.7187503833410349,-0.11276843046796488,-0.9649286402453309,0.8136579511638707,0.8744848894240331,0.9149805285481064,-0.19939160012839172,-0.22996985715623158,-0.9821140255292522,-0.9563830406168462,-0.8968442200698056,-0.8337018223753188,-0.9310199170246077,-0.9390360584470057,0.3241172748043808,-0.9746463316431613,-0.8533004174103609,0.705637978142794,-0.636150810693266,0.9166454209138347,0.6246279891718396,-0.47210311504134456,0.8927082119313281,-0.8543717701350624,0.6933612759677034,-0.7468942519906892,-0.41614803207115636,-0.9409269818960561,-0.8305307146519405,0.9245850030342815,0.9451475735559345,-0.9116310461812566,-0.8622383681666888,0.9641327346766294,-0.867685878269467,-0.3930505247810361,-0.7974830629272446,-0.8912771315315842,0.6092096686261578,0.9054355251755815,0.8884901358035279,-0.45810926106664646,-0.9380137865672618,-0.8144732218048188,-0.9298142380675082,0.9369593491168277,-0.861882126878012,-0.9015688828520981,0.6879367288863514,-0.7338568102301561,-0.8746764038439568,-0.8298721016779433,0.9145509645614825,-0.879056104726808,0.3071737934364912,0.31988457734004744,0.9062263462178912,-0.9133514855305902,0.8621485307351655,0.9079630589980701,0.8374935651119513,-0.8362889658947364,-0.900341272732871,0.9316852905805535,0.7290059743957441,-0.9318308495671273,0.220161855449489,0.6338479531016924,-0.6551845090129822,0.9705904410962486,-0.872666165723859,-0.842916527293417,-0.9151050295080643,0.8941101488206485,0.8293009987568318,-0.7406727882368821,-0.877543758353293
-0.6535271842092156,0.6438409955580074,0.3324572746832621,0.4862240079322892,0.754622241252272,0.7385893446500851,0.5516789136454061,0.42256368155640167,0.5668126861699705,0.6857321378984657,0.18633127592410656,0.38269887609955605,0.9999999971258967,0.4237765906659456,-0.8561222192128451,-0.49286320376925385,-0.7066323308360533,-0.5171023585718448,-0.45164375929511297,0.1231039464897384,0.8556801078185459,0.4209029117676275,-0.5884295395576599,-0.6080643503566076,-0.025476194475117515,-0.6550607499808035,0.5987075775970963,0.6743162364497607,0.5722065338779594,0.770379756709051,0.6885685037617413,-0.7437106977011658,0.5817314649388242,-0.8865502413190148,0.40899474332666,0.7552371946651673,0.6014790630365252,0.6082536380597532,0.6090070981585151,0.12704726822142764,0.7494276596989359,-0.5080407947516684,-0.43762324992844576,-0.6066129034904953,0.8168532114317706,-0.37173144876508374,-0.6724544460376043,0.12005956718439459,0.4461567039802162,0.8832641037397908,0.23238194156319122,-0.21634302839763792,0.5274045722373752,0.6849148271342503,0.6218258193374591,-0.713773226790614,0.6699837174005698,-0.4039377952569538,-0.1105045501466144,-0.5974130966833507,0.1535589489346897,-0.34081066387218356,-0.5393920340599715,0.28631402529808836,-0.4850977309178431,-0.7542733775075222,0.8052577206065249,-0.558918546413054,0.5508646613687532,-0.4125476874317053,-0.80353143199953,0.5710800925931019,-0.7314240773303613,0.8220870407409254,-0.7560412271312141,-0.18586992698230737,-0.3782817581494452,-0.8162408877986485,0.6073348160438174,0.38910095649615706,-0.18572956526952264,-0.5721567849916693,0.5403160001612779,-0.7047659223996862,-0.6416695210113298,-0.7126153067956051,-0.7234856958080748,0.771741055696741,0.6286880153910201,0.5866749703702837,-0.8274026212250152,-0.5625272799798585,-0.7013549747497193,-0.3053716811250585,0.6251054129635096,-0.6925558130973178,-0.602976863652883,-0.3973388061605655,-0.40765881522829606,-0.5942605159749589,-0.758121194435319,0.6055825036978519,-0.7543567184633337,-0.07951403905785609,0.9527197670930144,0.608366745163919,-0.48734420940860873,0.6877818903837483,0.5109454336739037,-0.10946684161329807,-0.7437705848672512,-0.6785297635873577,0.36084774013555004,0.42824254497826564,-0.6433596034902961,-0.7283377748877763,-0.007299266922339016,-0.3712849376091285,0.3336535737533651,-0.6485302488339428,-0.6504200088877151,-0.46658736932122147,0.1972273090594107,0.6875716675666097,-0.13259703863274178,-0.7619306027635987
-0.8722053567911505,-0.09375602920269768,0.9298777657752212,0.9462545761279483,0.8387951857615046,0.8814704011807168,0.8581072023245079,0.7379956066629655,0.9085561683939327,0.749910255515365,0.9063796887235482,0.9233274705134017,0.4237765906659456,0.9999999992217504,-0.8281556642350804,-0.9213500130900142,-0.7945156791285252,-0.948332630489855,-0.9774956479201296,0.7636122433562987,0.6729479891628033,0.7088440476360612,-0.9422937152654485,-0.9316547450014822,-0.9058683435996779,-0.8723714078762687,0.9310613412107908,0.9078826993545847,0.9172539386752138,0.767963586867724,0.8819128064631495,-0.07987404082430671,0.8650849235754329,-0.7383125084303775,0.9152092461523608,0.5044614308802338,0.8148486527630603,0.9249113890451587,0.21662150936342875,0.783132277258801,0.8584696430547054,-0.968804681934916,-0.9139722128969755,-0.7857835255753977,0.5424620841157787,-0.9374069445088918,-0.8501920319996328,0.8747656902768232,0.8930115142313214,0.6785180201281317,-0.43597524381030417,-0.920476737316771,0.860912317193369,0.9343456281938266,0.9042069134974388,-0.36134181326662523,-0.010084982795544645,-0.9544226715121371,-0.8433793880450587,-0.9018240485488709,-0.772348303719552,-0.8710222154282885,-0.9845961483678654,0.6358522879436094,-0.862621883631257,-0.7423725144138175,0.6520080328790664,-0.8398664859550348,0.9139193206669954,0.42181332934077576,-0.6510144949128386,0.8595975606282198,-0.8798344748474818,0.8321530044067317,-0.8020332169860706,-0.25284629921088,-0.9298813582013224,-0.8518621254521245,0.8185989807650396,0.7526462636053549,-0.9106360120536733,-0.9236793761195828,0.8612965429351379,-0.7837319829341419,-0.6854256709785574,-0.8769045297228341,-0.8788434829262719,0.7932664456212424,0.8795088208412649,0.9095232861802027,-0.28784609712644943,-0.9270866143399263,-0.8317400220746518,-0.8768735467908788,0.959614009634839,-0.8731115787013722,-0.8080942482322527,0.6146246250764504,-0.4883322585605008,-0.9295252689996945,-0.909051723198853,0.8614107020808908,-0.9021695093349832,-0.011237097685480407,0.4559515265083701,0.9200131708191559,-0.7214774732328542,0.7109908716253776,0.9682948086377624,0.8455505031962383,-0.8142229568502889,-0.8611201500082754,0.9729986180638385,0.7362184116790861,-0.8435937727269772,0.285239786904813,0.7808578978511668,-0.8751737968687386,0.9361487911170034,-0.8828358868090308,-0.9248584126218978,-0.7733687619067363,0.792624238309204,0.9183289844436825,-0.44123681520361996,-0.8028023556766097
0.9179153864949581,-0.37388064716650365,-0.7292386066715546,-0.8472688655389058,-0.9577449796081166,-0.9659867388406526,-0.8522364188197985,-0.7150159611200902,-0.8832791278261952,-0.8761865435140784,-0.6472261996438993,-0.7787361498464941,-0.8561222192128451,-0.8281556642350804,1.0000000012423576,0.840630937738858,0.9099290514709311,0.8719596962274329,0.8440232248816167,-0.5315084344005032,-0.9170500222955499,-0.6994893807006504,0.9098869673266908,0.9173538367329208,0.532920634672435,0.9189485209891798,-0.9119545756226928,-0.9395863701552731,-0.8891899604751686,-0.9300918261144223,-0.9406618248148041,0.5369432583825348,-0.871330471756815,0.9710993551426824,-0.7892646367156314,-0.7858425939346089,-0.8581765339245039,-0.9150821365592313,-0.4742167203329317,-0.5452851198693773,-0.9331905922789623,0.8716552374372595,0.8051763991107587,0.8478702592522799,-0.8338176267441582,0.7776481385683262,0.9179811859441129,-0.5899056293047713,-0.8021004478891388,-0.9464653486798824,0.06311094570437234,0.6742093143691839,-0.8269154567324116,-0.9572903918866297,-0.9127129277229554,0.6131683701668738,-0.38746023915247396,0.8066791668259333,0.571311385401218,0.895581647954129,0.3628687409495308,0.7290909211425052,0.892917888155567,-0.5108270045981661,0.8149035587119888,0.9107134407633743,-0.8892336464822955,0.8105685862081603,-0.8746224783644084,-0.010589638160902672,0.8564301012955747,-0.8613218067449457,0.9609709737341177,-0.9707666465053439,0.9308417131877045,0.3017087781444953,0.7782101336571297,0.9939603598194219,-0.865969968120633,-0.6991163776604232,0.6469873536396845,0.8853949086810688,-0.8472437939459404,0.9040926999795144,0.7519675368497464,0.9420823123608453,0.9590434537841753,-0.9046201628598171,-0.9054400470466307,-0.8914905535147853,0.7036990758905636,0.8889121794194684,0.9191364282666347,0.7095728293172426,-0.9371996391631561,0.9364108180370451,0.8576776364033799,-0.1208983901561814,0.5749231621122844,0.9024548177690479,0.983188387242563,-0.8844375256080499,0.9832849942946351,0.0005394462918353502,-0.8371134032892574,-0.9105214440555837,0.7452300248391205,-0.8515521934319918,-0.871008448169428,-0.41918111906616584,0.9385387548131223,0.9262177387990659,-0.7832713152898472,-0.7032733243568897,0.8987721920795803,0.2969604699600127,-0.43691960382638867,0.7114220779774552,-0.7552140639262469,0.9156336921151819,0.9299030593600003,0.7600370030822202,-0.601963301493077,-0.9473130652929383,0.37032919614329196,0.9414482304327314
0.9476766932504954,-0.05113759020437176,-0.9300828642395969,-0.9972315121508459,-0.9236643297561339,-0.9477843832182113,-0.9551972617032903,-0.8285655269169605,-0.9848685107249217,-0.8457907748592446,-0.9357513561536949,-0.8974461614084337,-0.49286320376925385,-0.9213500130900142,0.840630937738858,1.0000000003327811,0.8605686972564058,0.981235793797855,0.9542156104772556,-0.9038690275311099,-0.8253899253343616,-0.871123194574799,0.9837121078634273,0.9779218885533707,0.8424374686742946,0.942987911343021,-0.9781498769723891,-0.972920732607324,-0.990867518877176,-0.8057780949874136,-0.9605694476826809,0.2899318734357866,-0.9771329831562047,0.8352334829135577,-0.9931382434278689,-0.6888751033259302,-0.9586719091188777,-0.9738935670767421,0.02372825580049439,-0.9114101462943179,-0.7453362456740865,0.987617575887254,0.9970576989315915,0.9357905333926494,-0.5926921555087286,0.9837854819652363,0.9459282558944283,-0.8203857862962738,-0.992104772320223,-0.8026207133469072,0.21787219884158632,0.9227619195770167,-0.9859152388449134,-0.9557282668968423,-0.9801878972331981,0.1468070722090601,-0.13490419089182043,0.9616288260195658,0.8310636946511647,0.9903086756522985,0.7508083797276062,0.967240361336363,0.9058966027462255,-0.6274297959698264,0.9175196024706196,0.8323460226265258,-0.8392521648627882,0.8743493691015821,-0.9943464442072826,-0.31886960107434703,0.7536114207375162,-0.9815229404252156,0.9524076559398026,-0.8287642458743498,0.9277667383890049,0.5955318736227168,0.9861014216949053,0.8837310976210341,-0.9189044889880199,-0.7783167845086523,0.9413685575575861,0.9914244908512749,-0.9239313785913821,0.9079870146435624,0.5853968699825784,0.9521411238345912,0.9414559658147309,-0.6733213943890085,-0.9750257949220349,-0.9936347697668234,0.488102495823646,0.9867825549961332,0.9585698348178525,0.9642131767920509,-0.9434050136904786,0.967350030697605,0.9361136531698055,-0.5509812519500317,0.7080865888052812,0.9894484458894718,0.9042710640512356,-0.9665074977246894,0.9013097620631408,-0.2788913002610004,-0.5454902926851753,-0.9879486410555999,0.8155625874281819,-0.7298890631267955,-0.9867660171581615,-0.7398683292400046,0.9338111552267538,0.9526412682849577,-0.9731391576903525,-0.9374577110161161,0.9175832278159579,-0.08888346216696531,-0.80257810230443,0.8530710141924066,-0.9617074833521178,0.98030637711433,0.96945691533198,0.9064964784175533,-0.9108404267217602,-0.953902494827667,0.42881134146522976,0.8147545834684573
