0.9999999832480947,-0.9774727788922227,-0.9939554507329559,-0.995669813171217,0.9823750030258163,-0.9981159868520583,-0.9668187704428348,-0.9977584191358368,0.9638979467754613,-0.8493156225270702,0.9774138720712675,0.7588097350538522,0.9620788000496545,-0.8589389759846774,0.9832780046243933,-0.966843997140324,-0.5209919720335696,0.9416983088550156,0.8988902979029049,-0.9418398561321819,-0.9626408694956264,-0.9325211627238472,-0.23146793401467317,0.9756148700944282,0.5492080590355853,-0.996706545257179,-0.974813122838089,-0.9919439254211041,0.988919277199983,-0.785378701002618,-0.9946857430366537,0.9909286558982933,0.4711516634457707,0.9394784887334607,-0.9260049197702582,0.9980049549499145,0.9797937376665458,0.9595600594276897,0.9294358734990181,-0.9972995748391875,-0.9463260847507216,-0.9972723137507243,-0.7951729234240797,0.9776006006639643,-0.43807883005974396,-0.9841110426951598,-0.9994346546107433,0.9554810795840826,0.8158834793179753,0.5067522107556276,0.8294466174079581,0.13480974217824687,-0.989883982517848,0.5342593625079834,0.9908326514560807,0.9997376236284429,-0.9559168795459525,-0.9998947146583231,-0.9467754982207955,-0.9715093644968833,-0.8755198374880896,-0.9226532261472178,-0.9634554524829335,-0.9051541549064125,-0.9568294058258735,-0.710982759166351,0.9767036615999715,-0.9809335630289348,0.9901719904498393,0.9874247489616659,0.938688014749429,0.9494404339325514,-0.9873330447554133,-0.9812745223678057,-0.992688060492216,-0.9432794529667681,0.9944627363632665,0.8067697354020084,-0.9789431574145838,0.8485007251003008,0.9928155737922398,0.9529194519434809,0.7514585803747313,0.9705816494370347,0.989657721713553,0.9712398904652817,0.9133724582984326,0.9901568908169709,-0.9418601359676039,-0.978333526503592,-0.986756499170243,-0.9357127747288797,-0.9742175494101669,0.4001517040077176,-0.9847151716062277,-0.9487148026547857,0.8946003981679448,0.9261785372415605,-0.972539339427375,0.9394104226225005,-0.8293199076840169,0.9966324578126008,-0.4282199852921162,0.5143346435583878,0.9785117232754836,0.48435933534334236,0.964574315089274,0.17447125676902758,-0.6379987854362172,-0.838679989843217,0.9950016070124477,0.06325510046625625,0.9425078980352795,0.04257025083720733,0.9880697249358626,0.9486947694950852,0.9250281544546396,0.9548384984918498,-0.9910177942923031,0.19142732476869984,-0.9750881950870922,0.9731865808614987,0.921643415620116,0.991678981374578,-0.9734731443362382,-0.9620025294838334
-0.9774727788922227,0.9999999974113501,0.9638107647917523,0.9794575551939176,-0.9979674734026636,0.9655945232444797,0.9070933603513617,0.9868235755402186,-0.9108977586632081,0.7831109220891291,-0.9560823187903341,-0.655642664966569,-0.8960614987019275,0.9474243494418979,-0.9874202578685509,0.9989298569224724,0.5340450042548752,-0.9865698219054784,-0.9202091603299124,0.9543152898035734,0.9697128086699303,0.8477048099147294,0.08269995241568379,-0.9985443028428245,-0.3605362859475322,0.9665421336290562,0.9104449154380959,0.9431262937629616,-0.9854586084207217,0.8194522490722251,0.9885551000732078,-0.9961513903182159,-0.2911728406973457,-0.9825852822282968,0.8298591389504566,-0.9658338448704652,-0.9972426381871443,-0.8996346551939883,-0.9383325150009786,0.9600994708038985,0.9566960185379972,0.9772504613221672,0.6518846909081392,-0.9125335018757114,0.24869904641494822,0.9265851510204879,0.9757533768216488,-0.9961151764607103,-0.7123095870494303,-0.32540758167006517,-0.8624626297006007,-0.33694581946977864,0.9726051460011007,-0.6262810373226464,-0.9485742498457941,-0.9820173331836809,0.9905597486278541,0.9765538706126796,0.9928954044222812,0.9807137241910338,0.9554257659551165,0.8232327705801521,0.9976773013045084,0.8937622943312848,0.8907774878238947,0.546640759670806,-0.9947035591064123,0.9852240722748542,-0.9384098338592994,-0.9328784984560946,-0.9840257199117395,-0.9766666531249192,0.9818294820492963,0.932345691500256,0.9951547665734862,0.9752079007245463,-0.969964359156483,-0.6642488005514013,0.9185793422433267,-0.726302181419146,-0.9607456851040802,-0.8677368999994931,-0.5957526498826327,-0.9200873239229902,-0.9371399354324725,-0.9964174617722016,-0.8069309187250964,-0.952749249059994,0.8784570586223089,0.9816832675780061,0.9673188677829422,0.8478243984962707,0.9875611396354474,-0.19826529315727678,0.9976476972633941,0.864270891402861,-0.9680431195118261,-0.94174307675632,0.9087773075126714,-0.8673041963624372,0.6928222559788322,-0.9909624685208498,0.2422402085474169,-0.3859665361518479,-0.9304139970054798,-0.2897144774330777,-0.9366311239735684,-0.374894505601253,0.4778168383308802,0.730885525473141,-0.9522194248710917,0.14580096089373842,-0.9857005188132079,-0.25005124497200415,-0.9425193841539998,-0.8652566900567722,-0.8340758220178948,-0.8768750663697709,0.9793955367242593,-0.08474502906165476,0.9510640933144371,-0.9217601520847297,-0.8261342861333202,-0.9927929104690754,0.9776597096995313,0.9273073756044053
-0.9939554507329559,0.9638107647917523,0.999999998952433,0.9795045394588666,-0.9755281581847757,0.9978063806497333,0.9489325477192272,0.9857767289966705,-0.9407382289266567,0.8030420985109219,-0.949600090738867,-0.7168751230484559,-0.9461134282131808,0.8383498745308796,-0.9864855920626064,0.9525400686129409,0.6008248899077533,-0.9117724828525479,-0.845798236373437,0.8997484041729091,0.975986638156694,0.9584195160223873,0.18337594114155892,-0.9674625239630552,-0.5761003804979293,0.9846026830902846,0.9664224445620474,0.9889591684326066,-0.9674223958259153,0.7129195527099652,0.9929063702899815,-0.9834665518259864,-0.535659451135187,-0.9063806636452809,0.9209171496972539,-0.9892553883413205,-0.959730180954687,-0.9826851374021267,-0.883437852383799,0.9915755343542061,0.9646513463399734,0.9983773719924554,0.7998890126345908,-0.9845093715521595,0.4967715675250481,0.9783663639849859,0.9902410162214449,-0.9406862386725584,-0.7831460324981433,-0.5651410586149572,-0.8672570463099518,-0.11778611016517075,0.9686154188448701,-0.5837492220337607,-0.9784191227153308,-0.9927354580043312,0.9275484104125763,0.9926697295528798,0.9332750329058564,0.9794040440422948,0.8422181367814897,0.9206873486714532,0.9519208110178836,0.8544657010251886,0.9382201153110504,0.7313490315734825,-0.9534471197680383,0.955055098045392,-0.9893926768664403,-0.9831441530221542,-0.9069506867429463,-0.9132030520642439,0.9642789999332831,0.9651341656829725,0.9796014798425942,0.9059873691144946,-0.9780595584765799,-0.8278522800439719,0.9701581730433925,-0.8404531623748827,-0.9771543390021926,-0.9609829059023038,-0.7763939502256303,-0.9492281955748406,-0.9891962595630198,-0.9485391906752125,-0.922716122289854,-0.9744394008844124,0.9156967103613342,0.9506127677152671,0.9636456607880487,0.9257420741245795,0.9465455929346377,-0.42482104725838515,0.9779741737894982,0.9434626415573608,-0.8672136928523081,-0.8796211317763083,0.9614703742763303,-0.967772995636306,0.8431855428096027,-0.9856751421092956,0.49194883946742685,-0.46402137550102,-0.9601440057254689,-0.504954645635412,-0.9327931561343031,-0.11937263620375642,0.6246020777338944,0.813561245139914,-0.995132267945653,-0.0820312441832065,-0.9115323240150747,-0.02126196815785506,-0.9751325477862418,-0.9419083727914791,-0.9127371012513766,-0.9456600184581273,0.9704100026955641,-0.2962702331166238,0.9467067441105503,-0.991336621125916,-0.9128503133872315,-0.9748975653104732,0.9431803381563171,0.9859511344356575
-0.995669813171217,0.9794575551939176,0.9795045394588666,1.0000000023295923,-0.9785574440868363,0.9890672490478837,0.9733393302228461,0.9984500007095674,-0.9748668606320668,0.8812447078747518,-0.9919059677936973,-0.7882869418791717,-0.9670656859912244,0.8673025381343555,-0.9709968486334744,0.9693747666319517,0.4477333195150574,-0.9576669341624856,-0.9352677891645365,0.9685113316509127,0.9418824561413751,0.9022775769793435,0.27175746187462246,-0.9729045114926795,-0.522870408839832,0.9977022961999128,0.9731996282435624,0.9853966402427984,-0.9977315003185999,0.839244995784195,0.9866517915719355,-0.9876581809513869,-0.41339966808837647,-0.9581918937490924,0.9223676865786903,-0.9961449104199651,-0.9872551414322208,-0.9311685836886897,-0.9595954504995683,0.992919327647494,0.9214448612250536,0.9868937770109052,0.7849154403186259,-0.9629154154481782,0.3857014147047512,0.9800815996312883,0.9978562278431183,-0.9584516311000086,-0.8369687341009078,-0.45388892842062944,-0.7888465203458722,-0.14598062267838677,0.9986320097878592,-0.4859511632923407,-0.9922716813812511,-0.9962267806970377,0.9705233128069479,0.9966292909278495,0.9486728901872156,0.9552929983356646,0.8946528206025571,0.9164188067479669,0.9636353707008598,0.9397543379126236,0.9641224300339157,0.6884037174024783,-0.9869149692006338,0.9934816546607411,-0.9817905672123182,-0.9820843733154796,-0.9562238565739054,-0.9708934783995512,0.9975094132026178,0.9860521629414452,0.9942305448788649,0.9656466357587573,-0.999089771171929,-0.7824331176524303,0.9775855259467471,-0.848400741167706,-0.9969023738757095,-0.9376919467277346,-0.7245016227402526,-0.9799222294164626,-0.98101781525227,-0.980957265473641,-0.8976526646070584,-0.9943713960315758,0.955714103923221,0.9924875999301798,0.99712791836472,0.9360628862700776,0.988268623533136,-0.37728669418563415,0.9808165037633234,0.9448798461030887,-0.9085693658688896,-0.956779215647382,0.9732286615330756,-0.9068675925629415,0.8108598250673748,-0.9964030839663446,0.3716080347830833,-0.553576116910066,-0.9852074157606349,-0.46407975812948465,-0.9826413112307414,-0.21775108111467797,0.6448801916250277,0.8530894885921483,-0.9857064758875544,-0.0487452069030601,-0.9593810436353833,-0.05823299480667087,-0.9900154358828444,-0.9461584066605729,-0.9274890117345629,-0.9542275997934299,0.9991340223896003,-0.10123433049986343,0.9901142254909848,-0.9488206907860639,-0.9212022460276229,-0.9963963118287812,0.9898594751595349,0.9326296683602503
0.9823750030258163,-0.9979674734026636,-0.9755281581847757,-0.9785574440868363,1.000000009871189,-0.9741089502756024,-0.9077105655004145,-0.9878423126334639,0.9082935190304601,-0.7682595220717139,0.9491915666431082,0.6447148817209077,0.8980466799344957,-0.9369463014049088,0.9954955493599587,-0.9959135940661682,-0.579135273520845,0.9743250264151139,0.8968016841937579,-0.9375671756516804,-0.9828532826343844,-0.8728427479990197,-0.06769945798538798,0.9994078698598048,0.3898808849974029,-0.9686491302692639,-0.916434064590153,-0.9511627264866319,0.9809184465383651,-0.7842312247441982,-0.9946795916783078,0.9985516294574813,0.33943048130402753,0.9687483856720841,-0.8391904059369502,0.9698507941418623,0.9921479579146101,0.9219826239937093,0.9196431760843744,-0.9660205405410054,-0.9721680496340247,-0.9857578797993343,-0.6683793921358632,0.9267062065371723,-0.29421424927472833,-0.9336288746841561,-0.9790325819043164,0.9922506244792247,0.7066720394867856,0.37073974232068047,0.8861267592988452,0.31663580488244925,-0.9690228763608498,0.650600870701417,0.9512113060679844,0.9861024121950596,-0.9798537564522738,-0.9808605016339826,-0.9893271795103719,-0.9908922892791958,-0.9388319900681091,-0.8343957466508545,-0.99598186416695,-0.8736428055285559,-0.8913261631947579,-0.5721435435713517,0.9878537599619316,-0.9778374709444215,0.9477849303864084,0.940544615617079,0.9707724986105816,0.9621876896110335,-0.9765753119741707,-0.9333347468513549,-0.9947464356997111,-0.9598442625380448,0.9694353777379309,0.6894617155557026,-0.9241482971817138,0.7351107727135446,0.9610532750811168,0.8835699642113461,0.6234339392957202,0.9183345188642977,0.94672580729321,0.9893932696253339,0.8244569912226266,0.9533307843586621,-0.8747333651137874,-0.9733580738245409,-0.9628678744619602,-0.8541317992993326,-0.9786317913813691,0.2262238230956283,-0.9999227500506767,-0.8729625870131349,0.9551067270177801,0.9223330333680638,-0.9132957410139331,0.8930317378430478,-0.7139937127390301,0.9922011950682373,-0.29015696508892086,0.37046676152793834,0.9301548115397401,0.3156402263161178,0.927944277802015,0.3347468850683404,-0.48465547556200445,-0.7296994515809222,0.9615687833318269,-0.12280974421228434,0.9730052191388165,0.22652379993530114,0.945053253018658,0.8730733466856676,0.8392644193728991,0.8831361756484518,-0.9758306777603101,0.14810857223652177,-0.9440162197394308,0.9410472029317987,0.833431233815282,0.9904983143088283,-0.9678836426130318,-0.9485882352982765
-0.9981159868520583,0.9655945232444797,0.9978063806497333,0.9890672490478837,-0.9741089502756024,0.9999999947168329,0.9667056526870386,0.991840069285804,-0.9607571706599115,0.8401539865562113,-0.9673957959772772,-0.7575179705045305,-0.963704740602754,0.8342318720242415,-0.9805752871613184,0.9532164918862117,0.5466447503518892,-0.9203211431376004,-0.8729063712904095,0.9212062826808928,0.9632743434684552,0.9527333100487915,0.23699600494396114,-0.9657096530390106,-0.5878201881695496,0.9938515159481142,0.9789267830066749,0.9954842764703715,-0.9783080595557957,0.7505585442958747,0.9917648488691189,-0.9840890753254803,-0.5225002510640814,-0.9172229285250588,0.9366318838394804,-0.9967053806759365,-0.9663608745108754,-0.9746357241771205,-0.9079792072358241,0.9979342130956875,0.9483180108008291,0.997652091163092,0.8174636915013598,-0.9874625237433068,0.4889082506953052,0.9880653726776082,0.9965973530377708,-0.9403293327180685,-0.817865397676298,-0.5559464738693141,-0.8353513437612109,-0.09542486428108474,0.9815865625679127,-0.5359105612887808,-0.9898362175318884,-0.9967450582278067,0.9367207158329034,0.9977275374091994,0.9312426568155288,0.9697572600211877,0.847452453864726,0.9349725648593914,0.9505160623908764,0.8853238192033468,0.9575022380936689,0.7427273102622141,-0.962012799993302,0.9674788174323824,-0.995007938825865,-0.9914271954482095,-0.9165777065445859,-0.9285593747184385,0.9764823461512638,0.9800145927365044,0.9842110566809287,0.9212694930756262,-0.9891096330176256,-0.8349394863894263,0.9822507514029554,-0.8624983169198199,-0.9889681186612139,-0.966542074864012,-0.7833627421455905,-0.9676828743105853,-0.9947347641593237,-0.9556149416139866,-0.9310309856201809,-0.987159822908415,0.9393657074828392,0.9643619083345116,0.9781381327586806,0.9431714736239338,0.9586600374566796,-0.4405678617421187,0.976915405153673,0.9573160421039876,-0.8696981210480031,-0.9034486878844575,0.9755739329832479,-0.9584568928777027,0.8537788741559375,-0.9902431584923883,0.48039115096847174,-0.5148221118847426,-0.9763018116744142,-0.5218271260187992,-0.9542025830971774,-0.1211797684140491,0.6568483914651293,0.844081343282436,-0.9987040696848151,-0.10375685442630898,-0.9210092762445948,-0.0010421014643494685,-0.9874213708976763,-0.9565646552534691,-0.932160426666961,-0.9609233966256179,0.9820465909854236,-0.24673605388179715,0.9653036727712216,-0.9850107396626412,-0.9308141347595162,-0.9820600811085404,0.9584328691299949,0.9733001808683255
-0.9668187704428348,0.9070933603513617,0.9489325477192272,0.9733393302228461,-0.9077105655004145,0.9667056526870386,0.9999999883480849,0.9618179905111675,-0.9986999575585074,0.9479968708357703,-0.9827176340089653,-0.8990608536068123,-0.9994911263381209,0.7324795976797117,-0.9042012870914351,0.8872329748791515,0.32940555316431475,-0.87642508296987,-0.9045642660570106,0.9354742907719484,0.8638184796538452,0.920344204493077,0.47223072830670587,-0.8952124487955678,-0.6824864093535764,0.9833454368616659,0.9961331716285491,0.9845478550101959,-0.961613258232162,0.8181713556971935,0.9354768862764766,-0.9287814378522331,-0.5338038633590014,-0.8819725328995537,0.9817911601154933,-0.9809949554445303,-0.9263522956499352,-0.9214941497478787,-0.9349413250340268,0.9808625565122367,0.8360806730042846,0.9489321737286335,0.8975643577483335,-0.9726918366162943,0.5241459245272162,0.9922038560870984,0.9732579112529505,-0.8676062639622203,-0.9364870371494507,-0.579239491643624,-0.6669078208347873,0.07915955664990809,0.9781356712609539,-0.3033985956079648,-0.9924453674832019,-0.9627812469858686,0.8987811580951818,0.9698367913872789,0.8508796907579981,0.8791593678346237,0.7801587667760204,0.9769961381440755,0.8767447179067505,0.9441143595696865,0.9992874284323079,0.8162086957446256,-0.9284490141385163,0.952883612199535,-0.982444824975143,-0.9892590541093415,-0.8762555868081401,-0.9151653011249814,0.9652418612318207,0.9978379875099167,0.9434877405725273,0.9058316087287434,-0.9822277179824047,-0.8787447487346846,0.996022630924283,-0.9451057882541131,-0.9881778309007971,-0.9710320809178753,-0.8358214871363825,-0.9988489891944803,-0.9822824828382377,-0.9140644449858413,-0.9566594211223579,-0.9919939397553063,0.9955484560339072,0.9547886784034689,0.9809626898645281,0.9898124359846592,0.9392840157799048,-0.5630693781610485,0.912799583987584,0.9896327813775656,-0.7950244185310239,-0.9251597808416665,0.9980144934808791,-0.9076835434922991,0.905398075434583,-0.9528546654988761,0.5021956932231171,-0.715581427100252,-0.9982097552871528,-0.6401436981127488,-0.9854065786755069,-0.02652679117270597,0.8027395516007384,0.9492189553374878,-0.9749260587340169,-0.2683475720586448,-0.8809671654416242,0.16364046483707584,-0.9946176071618479,-0.9911396339409898,-0.9874985067105216,-0.9947024187877386,0.971470687224133,-0.1178288450897492,0.9846760827846394,-0.9330419727516339,-0.9834972413420189,-0.9506010357409727,0.9538100712676869,0.8930602585099582
-0.9977584191358368,0.9868235755402186,0.9857767289966705,0.9984500007095674,-0.9878423126334639,0.991840069285804,0.9618179905111675,1.000000003010721,-0.9621552556183219,0.8536297092550829,-0.9835336072232763,-0.7543622349156145,-0.9551426298149832,0.8836461793224352,-0.9827903946946472,0.9782829154714945,0.49376802047924695,-0.9614268994706691,-0.9226806038892839,0.9598222192310804,0.9589508008355859,0.9063737184365058,0.22053762045545833,-0.9829880165920429,-0.5026200405992847,0.9952718364856982,0.9653769829000748,0.9835056831916387,-0.9961498885446103,0.8188556241882139,0.9940633821612617,-0.9946179466929584,-0.4122612645719351,-0.9600430948755894,0.9091923567824338,-0.994933710311144,-0.9905398208122566,-0.9392608182042973,-0.9481799198612545,0.9921291583872046,0.941423621464562,0.9928871450822903,0.765598649449204,-0.9623370439734399,0.37953492309843706,0.9750143391908531,0.9981721857128623,-0.9687577887725072,-0.8079300184183782,-0.4498703141585533,-0.8216910446937582,-0.1802651934850977,0.9943542364253877,-0.5336106688816933,-0.9871727221447317,-0.9988139356625114,0.9730843387643776,0.9979657165087681,0.9606345885554296,0.9702592442890724,0.9032938092859998,0.9040455514405263,0.9742806059272938,0.9217175161413712,0.950870660739211,0.671518213340008,-0.9887450727293583,0.9912957287198177,-0.9803433471043415,-0.9783599258838047,-0.9591801184628351,-0.9681000570747359,0.9947475979456019,0.9777100545010131,0.9979370240994055,0.9632424525917651,-0.995722606049783,-0.7712540927963462,0.9704285927974081,-0.8277528274388749,-0.9923357726394985,-0.9333332318503773,-0.711961286699571,-0.9686545556701249,-0.9795645821654575,-0.9844647100215437,-0.8891962639757027,-0.9886622307802589,0.9392260500960441,0.9891991914668441,0.9914944758930649,0.9223145591093826,0.9870003611236132,-0.35184778891962254,0.989630455131115,0.9342267620948611,-0.9189206191531907,-0.9464219748659907,0.9642171824064483,-0.9148027575722074,0.7976531157833763,-0.9995135500216861,0.3684617364410221,-0.508149030744547,-0.9759370771602964,-0.4389638910709346,-0.9708907068782011,-0.2337535786731841,0.6119070969814472,0.8270727811546773,-0.9865725585701797,-0.015788500548802917,-0.9623018969073523,-0.09066357008302715,-0.9839670237068174,-0.9349722485052554,-0.9119010127830723,-0.9430626301212401,0.9963372759568452,-0.13174936754627,0.9809001505490152,-0.9563823401321534,-0.9063304201073968,-0.9980407182564517,0.9854581770335398,0.9462814782770635
0.9638979467754613,-0.9108977586632081,-0.9407382289266567,-0.9748668606320668,0.9082935190304601,-0.9607571706599115,-0.9986999575585074,-0.9621552556183219,1.0000000108951352,-0.9575515902030667,0.9883884326162747,0.9042127700024357,0.9969636001479095,-0.7447827759025009,0.8999551366174076,-0.8921064149828142,-0.29784988294851733,0.8884721962070214,0.92377473520439,-0.949561444048573,-0.855962320689737,-0.9001929516980721,-0.47780691362912414,0.8969252806570192,0.6547253883077877,-0.9821503673772867,-0.9907702253656153,-0.9783147630731897,0.9662713751480652,-0.8463022125215315,-0.9322753904709713,0.9287207431694672,0.4924830100787171,0.895108177046706,-0.9727046104923999,0.9783368181513603,0.9322044627323323,0.9043675403045467,0.950286548714853,-0.9766217312290114,-0.8266290593085024,-0.9434658837436755,-0.8812637986345346,0.9613488854803488,-0.4844128026967379,-0.98634610324645,-0.9714639897649462,0.8734093541171679,0.937856649902275,0.5400501797511384,0.6521835874997137,-0.05643314338057117,-0.9815644687135687,0.29001408383937416,0.9904044808194731,0.9606290132107954,-0.9093376734229135,-0.9673084039912276,-0.856663823139332,-0.8735576133997369,-0.796611392673208,-0.9664453932045655,-0.880734861030868,-0.9596883105637177,-0.997794166401802,-0.7924164350743923,0.9355918190613943,-0.9598965134137964,0.9751234826145455,0.9830741702139035,0.8890529755058654,0.9281758368148821,-0.9703367699231115,-0.9967113778682042,-0.9453694652437573,-0.9196570422697419,0.9831702312193159,0.8561422618786951,-0.9911243795576871,0.9352893076396981,0.9882169708286086,0.9576733381533724,0.8108340016920108,0.999652814145386,0.9747805784335005,0.921603285505183,0.9411950446468516,0.9916279772045403,-0.9972433570269644,-0.9624477845202632,-0.9849368069673865,-0.9832584117028951,-0.9477592789593237,0.5355876515139578,-0.9131157162144543,-0.9814964070221756,0.8085976556720589,0.9412800660939983,-0.9937442188989772,0.8875995894486615,-0.886002929083093,0.9532341916620731,-0.4608290283178931,0.7227334267507599,0.998026901935885,0.6145438309330046,0.9921110649911632,0.06369314661782992,-0.7925863374676881,-0.9472170787858372,0.9679742989556291,0.2437011973705889,0.8932793180205909,-0.13850502773889545,0.9925126371112948,0.9836789268791021,0.9816285469408286,0.9885950700364592,-0.9751075496708473,0.06789232520585448,-0.9903527852499445,0.9184899948757485,0.9759125272611938,0.95380308371785,-0.962548540436156,-0.8776797518976044
-0.8493156225270702,0.7831109220891291,0.8030420985109219,0.8812447078747518,-0.7682595220717139,0.8401539865562113,0.9479968708357703,0.8536297092550829,-0.9575515902030667,1.0000000023311288,-0.9305093726568284,-0.9783937211878815,-0.9471338239968508,0.5995966981808242,-0.7437945640066859,0.7599239582843104,0.011858891630694967,-0.7888101065799918,-0.9067441930900971,0.9057927420730881,0.6752733078442007,0.7652697399865787,0.6810801616436012,-0.7553492172432253,-0.6558643823203382,0.8892728781724635,0.918890794745797,0.8781545767415115,-0.8768420345935904,0.8841835273072441,0.7949788064867646,-0.7971592445826008,-0.40454107406339035,-0.8050733958392823,0.9248996912249517,-0.8784935791988322,-0.824018385649693,-0.7527021457752897,-0.9209042514389867,0.8733204469122038,0.6333289650521515,0.8095775704758157,0.8655580586496364,-0.851491560490802,0.4232610474866562,0.9011000720622736,0.8658082670687447,-0.7373609407550464,-0.9810336119861492,-0.46318709237550576,-0.4096644404124356,0.19360074961478665,0.9023451324502555,-0.01526060242977801,-0.9087128765889225,-0.8447584082841063,0.8117849061707041,0.8564108932915846,0.714345131865716,0.7034558931113206,0.6874351458040865,0.9139408849446242,0.7404615483597323,0.961601500493708,0.9553579594374976,0.76675910114185,-0.835389771083069,0.8764388898538727,-0.8720560417836324,-0.8913350309039877,-0.7939756702773224,-0.8570434837308665,0.8866351165055739,0.9309917355740923,0.8297465575167564,0.8483449359923334,-0.8968536644931909,-0.7973434992176164,0.9164573353514895,-0.9268626275506362,-0.9062792229008502,-0.8644637126999144,-0.7609978339168911,-0.9497319086825573,-0.8715940358071922,-0.8151500204996944,-0.8674275220905779,-0.9144371793261825,0.9737389076018902,0.8847042021454268,0.9124742207476801,0.9396644613789976,0.8626039891155621,-0.5746778784533748,0.7745877637094315,0.9215057773264339,-0.6869765223293308,-0.9085028608697537,0.9283939676250037,-0.735472063420368,0.8371032461444686,-0.8381540791090452,0.3858957868780311,-0.8737305896352083,-0.9376046555180801,-0.6456477087073573,-0.9512377865238123,-0.016900321811539797,0.8585209269272104,0.9713899134766231,-0.8548324103599381,-0.3527838699846243,-0.797442616997204,0.2556283345439279,-0.9151386635271954,-0.9267191191836989,-0.9478087031224973,-0.9323641501291552,0.8896026380275014,0.13724245133082402,0.9363629971256905,-0.7704967383083404,-0.9374766734977596,-0.8486036401875279,0.8912683431913898,0.7036669173227693
0.9774138720712675,-0.9560823187903341,-0.949600090738867,-0.9919059677936973,0.9491915666431082,-0.9673957959772772,-0.9827176340089653,-0.9835336072232763,0.9883884326162747,-0.9305093726568284,1.0000000033657885,0.8476516639921455,0.9763971799757769,-0.8341557980257405,0.9334185718664615,-0.9439334523231799,-0.33098935373432653,0.9474419442335238,0.9619229372560766,-0.9835695182435824,-0.8919106345222957,-0.8688847017893211,-0.3709990759165714,0.9428826497842469,0.5354582944626214,-0.9893585325200906,-0.9725233155543253,-0.9725340510684212,0.9919740230632309,-0.8885024323121974,-0.9580648626624957,0.9621981900253797,0.38078731856747433,0.9524114996597258,-0.9299300720396376,0.9844290567845396,0.9731290914307796,0.8919176830377521,0.9809159629636699,-0.9792870569408872,-0.8649747599590408,-0.9594007448012504,-0.8007688062518259,0.9441311538531388,-0.36424286968918845,-0.9736689270255685,-0.9837966325143683,0.9311263253755363,0.8836164845806731,0.42785930056362387,0.7054441716499732,0.09461871811438972,-0.9971639459145322,0.3787032263878698,0.9885152148478916,0.9775598107766783,-0.9613743457817269,-0.9800925022268826,-0.9182683075666865,-0.9108262409798145,-0.8789813370323424,-0.9214560166375559,-0.934293707565278,-0.9742188375392787,-0.9767927438831002,-0.6953595366860457,0.9765209361026074,-0.990633987823982,0.9673370072937187,0.9728247076711358,0.9481011119104131,0.973815719927982,-0.9943389177530305,-0.9892764718405962,-0.9763404351955739,-0.9684634289904537,0.9940665289965518,0.7781225404883083,-0.9759143558673525,0.8707118824818716,0.9935674475825117,0.9250276978631407,0.7217977580408382,0.9902416913900715,0.9664532940141387,0.9676925087970631,0.8918373067141886,0.9929665637747844,-0.9770090919596192,-0.9922365059227478,-0.998678909727349,-0.9463849276671797,-0.9847706680701888,0.40183031737332386,-0.9521368065994317,-0.9479983953997388,0.8873622475840091,0.9766565041042498,-0.9756210644429912,0.8660796796553611,-0.8124138788592341,0.9785490947595719,-0.34333455458801476,0.6393689286858711,0.9909037224346942,0.4882998804264884,0.9980963541521191,0.21108056423414628,-0.6931388954206447,-0.8913006137914544,0.9670212944829043,0.09379680565414637,0.9509402914992227,0.013242204739471906,0.9880705356207273,0.9507735613954501,0.9419530021426651,0.9596735114976138,-0.9949587690950372,0.00532771789940944,-0.9998633322458486,0.9122299701072059,0.933117320002874,0.9833977143309065,-0.9925587848136379,-0.8839237220849171
0.7588097350538522,-0.655642664966569,-0.7168751230484559,-0.7882869418791717,0.6447148817209077,-0.7575179705045305,-0.8990608536068123,-0.7543622349156145,0.9042127700024357,-0.9783937211878815,0.8476516639921455,1.0000000027704878,0.9040153579252422,-0.4264297281456666,0.6279010354316055,-0.6249825255215503,0.081756338613321,0.6493109932526824,0.8004532680084762,-0.7997062808419287,-0.5561236316450662,-0.7310209791608924,-0.8062564316781324,0.6261494814462414,0.7607963072821149,-0.8079557037341505,-0.870655997767591,-0.8120562683555008,0.7743504657721997,-0.7844075327831299,-0.6887160923783703,0.682422673035403,0.4995854071171598,0.6683554886214392,-0.9106603189332318,0.7979360253334397,0.7027941439200108,0.69314316944961,0.8206455277526477,-0.7966397977889498,-0.5115589192755094,-0.7150628373339817,-0.9069653313112696,0.7992505624256778,-0.5323947118104971,-0.8447304584929267,-0.7773564993435189,0.5959324963131227,0.993958218338906,0.5572062529736498,0.27462247556285907,-0.39111789894159316,-0.812470390853022,-0.14434279142153747,0.8393397434520838,0.750133305448419,-0.6797023210801515,-0.7670338073811608,-0.5684566499337648,-0.5828754549827793,-0.5239424382390264,-0.9022237655939184,-0.6031434185897809,-0.8841973805560712,-0.9136119899552416,-0.8327341565346605,0.7149133142438888,-0.7689176225733508,0.8082582680980561,0.8314176314989639,0.6548956078510844,0.7347893021489601,-0.7866553587270536,-0.8699299939536586,-0.7189576903413709,-0.7227336993055192,0.811762055939687,0.8320890399266638,-0.8641608532693715,0.9463391833916887,0.8281769464985561,0.8333042217763122,0.8131072551011568,0.892808735440573,0.808463711989557,0.6884896736725625,0.8600544010048433,0.841589613574372,-0.9333751434972904,-0.7788700259800847,-0.8254736403538085,-0.9180688311116939,-0.7479705728854424,0.7093225533741377,-0.6532133848435301,-0.8939141373309273,0.525632342281945,0.802598905599324,-0.8806145098939254,0.6879801021988347,-0.8657705635121854,0.7338472254202097,-0.4915688029662285,0.9486770226788874,0.8767200844650268,0.7652246824825056,0.8770761970251614,-0.17271900415129002,-0.9384685750182193,-0.9834814379179642,0.7819184655419371,0.533819718427623,0.6597010674540806,-0.4464510635148216,0.8492758942465356,0.8986337262152754,0.930914919506203,0.899194966193262,-0.7941764285051187,-0.08985999661079613,-0.8564186667632009,0.7029410362702202,0.9241916416880778,0.7402286598981487,-0.7859382819928897,-0.6202442622146866
0.9620788000496545,-0.8960614987019275,-0.9461134282131808,-0.9670656859912244,0.8980466799344957,-0.963704740602754,-0.9994911263381209,-0.9551426298149832,0.9969636001479095,-0.9471338239968508,0.9763971799757769,0.9040153579252422,0.999999997711313,-0.7131650836003582,0.8967632145256612,-0.8749791574758792,-0.3297353748267006,0.8615411952552886,0.8913871490673155,-0.9239450543255744,-0.8568850734569092,-0.9265759176995233,-0.4865285036637112,0.8845423988695529,0.7051717805596569,-0.9791866537241525,-0.9968824290915874,-0.9835305282754744,0.9533298932858051,-0.8027358700594631,-0.9289379236486867,0.9203692189627826,0.5586547306253964,0.8671047100484904,-0.98729601693298,0.9773339124433937,0.9155014055255144,0.9240684510438242,0.9236860157248219,-0.9780855781717623,-0.8291965091931668,-0.9444035756052352,-0.9109051189576777,0.9746271003950289,-0.550043905438749,-0.9921825266505867,-0.9684424600057642,0.8542799223984354,0.9417484777362455,0.6035652566198424,0.6593254202341584,-0.1078457182954141,-0.9716713443491884,0.291081224965604,0.9898925083921857,0.9573427155520816,-0.8852470176947234,-0.9651168609108666,-0.8369922562463739,-0.8714852724780232,-0.7609212259883612,-0.9831789412652367,-0.8644349328667698,-0.9353500129169237,-0.999640421789432,-0.8340543850698899,0.917315893596245,-0.9433239454357295,0.9819865982775771,0.9889328159194578,0.8612032972731435,0.9020759594043267,-0.9571214371609476,-0.9959514675210784,-0.9350136648561518,-0.8920943676808654,0.9770296885754828,0.8930933963474936,-0.9961888656547936,0.9543683880823984,0.9840375828647047,0.9758646031395423,0.8525785659114743,0.996870390320912,0.9819526983753364,0.9020741797182819,0.9646554920199961,0.9885678136006696,-0.9951127512019884,-0.9452368232726508,-0.974669492831132,-0.9938098870191991,-0.928456931211973,0.5884011050570094,-0.9034752193575643,-0.9934261072331357,0.7769258065892493,0.9130142158914082,-0.9985057254108709,0.912380728916866,-0.9182686946753388,0.9455751834380607,-0.5280868746825571,0.7249979760385534,0.996074766870738,0.6636199944877869,0.979756252430774,-0.004996761693472186,-0.8181127049267729,-0.955422853909215,0.973323245816407,0.296631453527156,0.866220764000639,-0.19266988990535336,0.992475417587684,0.9946922256310309,0.9918055741666639,0.9973193110413084,-0.964305591015574,0.13804896610953743,-0.9786814343462525,0.9340421125670962,0.9886803897981032,0.9420422118081895,-0.943996483583866,-0.8923731171703829
-0.8589389759846774,0.9474243494418979,0.8383498745308796,0.8673025381343555,-0.9369463014049088,0.8342318720242415,0.7324795976797117,0.8836461793224352,-0.7447827759025009,0.5995966981808242,-0.8341557980257405,-0.4264297281456666,-0.7131650836003582,1.0000000056292682,-0.912622236461795,0.961176307435857,0.5355764605462118,-0.9647892611457104,-0.8597354302237193,0.8807280783581961,0.9042237937295173,0.6529409945749116,-0.17194141239536123,-0.948501137359238,-0.044531767989422266,0.8349948837655115,0.7313593493030789,0.7873357987211571,-0.8910119910931593,0.7810712181780346,0.8960190386930645,-0.9188815314614921,-0.006612593497808313,-0.957359144936022,0.6089327992530739,-0.8322904285142145,-0.9349283659058999,-0.7385171197568582,-0.8592336575844018,0.8201539745344805,0.8990420411815523,0.864893385029165,0.375332648666639,-0.7371001658465142,-0.04886935277349346,0.7576887364267229,0.8544968635752164,-0.9717868468444184,-0.48069466869800753,-0.03389463631308968,-0.8542860826974926,-0.619012418027356,0.8577269176793612,-0.733677945798628,-0.7995474054619797,-0.8702508750094187,0.9529757760161983,0.8563949765173318,0.9778164055241518,0.9158879951894947,0.9898600607102538,0.5987489373900445,0.9642534808828125,0.7851912202532244,0.7074176044323883,0.251016381962111,-0.9324302635330056,0.9014916826636917,-0.7791236061166809,-0.7685780790712323,-0.9626011020572497,-0.9261306902046409,0.8839949673371004,0.7730515765634358,0.9118585316872917,0.9317967727669473,-0.8456036427239528,-0.39312490055263244,0.744941698670647,-0.4723756007604435,-0.8255628309746378,-0.6650000101805127,-0.31098919709973327,-0.7576922416216966,-0.7768818400607013,-0.9453875049990624,-0.5764778884480289,-0.8098801848561653,0.6978319713633292,0.896184878098692,0.8489182442523739,0.6367247175257793,0.9171933633583151,0.1255639399216498,0.9325250745283826,0.6586954487769936,-0.9932324907555591,-0.8725917053757919,0.7299163760140748,-0.6915458883367006,0.42640222597380023,-0.8959950536090497,-0.04785963109708887,-0.13718679862774197,-0.7718626786003058,0.031737998617745594,-0.8047204058805514,-0.6388882373632743,0.1835656572414841,0.4935810283493357,-0.8060964311873505,0.45404306858588367,-0.9610308939904816,-0.5463287017480657,-0.7886822300262751,-0.6606764967857769,-0.6185894065516423,-0.6791060133679935,0.8729961702065352,0.05519750343114108,0.8251626283079004,-0.7704701325991866,-0.6053215140214174,-0.9063936397265115,0.8929766049386801,0.8035437313404474
0.9832780046243933,-0.9874202578685509,-0.9864855920626064,-0.9709968486334744,0.9954955493599587,-0.9805752871613184,-0.9042012870914351,-0.9827903946946472,0.8999551366174076,-0.7437945640066859,0.9334185718664615,0.6279010354316055,0.8967632145256612,-0.912622236461795,1.0000000040603507,-0.9836591400098542,-0.6392222162515114,0.9486021151511261,0.8563971988623855,-0.9066917803360909,-0.9946055990731143,-0.905463688296774,-0.050523268754198866,0.9929702176657567,0.4351999483170841,-0.9659028024407312,-0.920706002677461,-0.9576256329177892,0.9677208773449519,-0.7272957183012947,-0.9967325506217051,0.9948852632925493,0.41188556377492763,0.9408424206105023,-0.8497913724163313,0.969893377631578,0.9773998872791939,0.9494763716228619,0.8862289165865143,-0.9689753127762799,-0.9872317521862992,-0.9917333591539806,-0.6919251034801945,0.9426331711346443,-0.36335972991675325,-0.9390715827499957,-0.9776841413451628,0.9785305694785491,0.6970110838158119,0.43883486492523466,0.9127797214472544,0.2789080929518836,-0.9577243658926308,0.6779400525180651,0.949721292332454,0.9856673624135532,-0.9566216252403958,-0.9809586814327311,-0.9758759688546215,-0.9982821999306856,-0.9060089924108423,-0.8477558614239177,-0.9855449363024748,-0.8391505043319677,-0.8880348923713637,-0.6099212040973018,0.9706165268301511,-0.9603402043386245,0.9562747301653983,0.9467282753435884,0.9436163275685334,0.9339165208807869,-0.9624515364611722,-0.9298405046123992,-0.9871757098519003,-0.930173012529591,0.962726543562847,0.7253118864851013,-0.9276309614882539,0.7465199524862363,0.9558457719421083,0.9028158530714154,0.6636965275910609,0.9110647016682155,0.9555487444672056,0.9716661875946508,0.8472160466118716,0.9487396619780244,-0.8653653257037315,-0.9545789200894557,-0.9504406658803377,-0.8600378370135382,-0.9586317998992645,0.27111231344661507,-0.9958184843990391,-0.8820395039832639,0.927613645369396,0.8876554954443947,-0.9154592199087237,0.9259522049920224,-0.743697694175832,0.9872653018036953,-0.3626583785282546,0.34981480158300204,0.9248635559276644,0.356773659593263,0.9099640095930291,0.26856141508591785,-0.49620377817651307,-0.7263834805107664,0.9696387740835919,-0.08236990469562439,0.9467005266406948,0.18464683569006834,0.9435737977223217,0.8808651742878046,0.8437733595129874,0.88845074525032,-0.9643314678071141,0.24116339821770968,-0.9281442802376083,0.9637566431785477,0.8411407997414104,0.9803011948952443,-0.9470459222476667,-0.9735605342293872
-0.966843997140324,0.9989298569224724,0.9525400686129409,0.9693747666319517,-0.9959135940661682,0.9532164918862117,0.8872329748791515,0.9782829154714945,-0.8921064149828142,0.7599239582843104,-0.9439334523231799,-0.6249825255215503,-0.8749791574758792,0.961176307435857,-0.9836591400098542,1.000000007537139,0.5412858924162387,-0.9892923530621512,-0.9158421923957374,0.9487004119247167,0.9675982151291561,0.8261873253823107,0.04392266933548092,-0.9980584374533575,-0.31770692298038106,0.9536763095118127,0.8903272812166052,0.9268861271406947,-0.9778155919008267,0.8168407274967787,0.9819971945839093,-0.9916696465942471,-0.2539609915011442,-0.9846467540122653,0.8031377731626878,-0.9528021852927052,-0.9944719236509839,-0.8833321947566019,-0.9316365700857555,0.9462044397367788,0.9558377791360657,0.9678090374831227,0.6160816422053318,-0.8935748235080978,0.20903646443321072,0.9081879683730892,0.9645834648889388,-0.9991316205253833,-0.6820692347008722,-0.28717701926204386,-0.8689772341222297,-0.38020259371720266,0.9618723054879947,-0.6485606467094095,-0.9329969858332035,-0.9723731699514863,0.9910475597787956,0.9656292730277974,0.9973007393933522,0.978559558613204,0.966061052796698,0.796061348594005,0.9994958905936722,0.8822226512316718,0.8694840397388897,0.5078930899570325,-0.9917886409158507,0.9789820958608856,-0.9217087483966993,-0.9152587386156935,-0.9867109514657281,-0.9748366507222642,0.9736000894215086,0.914990751850328,0.9895556857603878,0.9743738774434718,-0.9580124026438395,-0.6299823966464809,0.899306306660758,-0.6938587029046923,-0.9471621156313259,-0.8444838020184369,-0.5591383543038037,-0.9019814544112981,-0.9202966885227281,-0.9951938315713118,-0.7792120305097474,-0.937974884497034,0.85717768430794,0.975082885483878,0.9559566102636293,0.8224822230815518,0.9832313106095125,-0.15302637255175353,0.9949921208210002,0.8400471689142395,-0.977644011152187,-0.9365131665481937,0.8885745234452616,-0.8488221932071753,0.6591704857958628,-0.9837003372541014,0.20382920534718485,-0.3501508064031205,-0.9130661192517351,-0.24532324005904288,-0.9227134589096534,-0.4142559439145216,0.43743422949052824,0.7002440131203596,-0.937590753993703,0.1914609643046148,-0.9879478584494517,-0.2946025227318154,-0.9261676946073095,-0.8411256883910406,-0.8078974700347797,-0.8537351612263473,0.9699853869922678,-0.06892205125030322,0.9382720523334747,-0.9068659641322311,-0.7992532687984455,-0.9865737588263802,0.9710483071686199,0.9167331438088997
