1.0000000000649296,-0.989076557796553,-0.9729399240977232,-0.9730359547023688,0.968346508259042,-0.9488511504195973,-0.9258281812997178,-0.9570514133920319,0.8373477076440349,-0.7006698129583893,-0.9701168756550699,-0.8361260658593809,0.9570830662700973,-0.9654754232588268,0.9212571429624846,-0.7272405401417372,-0.9275816417023245,0.8718163924612785,-0.8994380573464876,0.7080211077451074,0.9972077136808194,0.8490405087621512,0.9855407780911379,0.939543020309279,0.8427251613851114,0.9520219918274446,0.8451731200510624,-0.9831553090762056,-0.17714302856592187,-0.47383089540150836,-0.9601019234123404,0.8904551752114325,-0.9743791080980129,-0.9767511758348992,-0.9726485436507744,0.9652036103490514,0.8655464769062172,-0.7591794082493153,-0.9868604233292646,-0.8592092444811338,-0.9656943430148118,0.9737203768782946,0.9699169074018607,-0.5636072994390763,0.8013970147919849,0.6686346235130253,0.9503028481469195,0.9288676375998397,0.9182235649118979,0.6241908368123484,-0.9840285203498255,-0.9494190890130499,-0.7762249611106142,0.9076901712232349,-0.9902862529073136,0.9738633395482869,0.9091797992410815,-0.8691802800324913,0.9471535711336583,-0.002546298027316246,0.9390798096225645,0.7940024854859833,0.9821127286563396,-0.6488249997147109,-0.679238707383475,-0.7896482753599432,-0.9677157156592714,0.935230073763355,0.9507239614589731,-0.9602485472075718,0.7560059018919297,0.3648653829562151,0.3803517282050629,0.9744208446515968,-0.9238079161838342,-0.8719349445272292,-0.9785236792573395,-0.7476295177331497,-0.9109802215826822,-0.5115240249486884,-0.9636096665931069,-0.893984623894182,-0.9374463006316914,0.969831520892623,0.044971576561383134,-0.8190272901836966,0.8480473174228553,0.9817230588178009,-0.9701920011157384,0.9728201449603177,-0.6703891477107203,0.7857776358105089,0.9428887199382667,-0.9818507994450715,-0.9926983484423937,0.8335260466643576,-0.8571110578298979,-0.9111184692357632,-0.987654413082322,0.9609407071781411,0.8476696112302006,-0.985937935788121,0.9905694823522498,0.8161274636338363,0.9530017935739323,0.955243221895514,0.5816523547173735,-0.4439033825801155,-0.7230006815488403,-0.9087598852511003,0.907499984885019,-0.8335147122153422,0.5582780059756021,-0.48092905930638363,-0.9246832739182661,-0.950224894780158,0.713993901369353,0.9458645864151303,0.9285967983768912,0.9973820398112212,-0.7805439351985215,0.9884004914066348,0.21175750733530366,0.9852085444545824,0.6741062601263371,0.595880405862517
-0.989076557796553,1.000000000099349,0.9317943178044282,0.9594524368962795,-0.9298664389308919,0.9129639131850831,0.9669923253709707,0.9565430093676563,-0.8031380104590223,0.5929299363175524,0.9425693290659496,0.8720864824047407,-0.9516081370979678,0.9733378912720148,-0.8694198345740393,0.6517308551863973,0.8925365926294849,-0.8722719774646075,0.8284141530412578,-0.6546654019307858,-0.9928660289429346,-0.8618975813133951,-0.9579885137895143,-0.8869388105546988,-0.8682231821227929,-0.9794879143154356,-0.7671838274250768,0.9465260744805776,0.05647465660069004,0.4459859928411593,0.9388981226760807,-0.8388576112771299,0.945543300270608,0.9368175926015967,0.9412761287159152,-0.9393102991721606,-0.8395769027023959,0.6684120826022961,0.9554425472526109,0.7820206959224274,0.953561533515815,-0.9830006262862003,-0.9242252184445691,0.5965196768508068,-0.8668485982851886,-0.6856165678065607,-0.91607024152752,-0.8961874450519619,-0.8672259009561698,-0.5158549954031896,0.9598581651476739,0.9167426423881831,0.7573473060170989,-0.9371031618936445,0.9777062089295896,-0.9342794499888956,-0.8678655333036381,0.8265663030492503,-0.8902566172700191,0.01891317264384105,-0.9111544326654504,-0.704988375872172,-0.949880761686854,0.6033683438057473,0.7417466308732531,0.852308034145801,0.9620037897391304,-0.8803105996820388,-0.8997841844631123,0.9107169963189146,-0.73782406240503,-0.2940226388793393,-0.45318977334623955,-0.9412112535071174,0.8727419773198569,0.8227239812168685,0.9460323347027455,0.6963592257520735,0.8545974357275468,0.4034971528454208,0.9554123139215731,0.8372675017764897,0.9064440626365304,-0.9251359237847223,0.054860887221359,0.8828488941088881,-0.8214071626600926,-0.9646617096348363,0.9389532328040365,-0.9552166102580785,0.6669836489879272,-0.7790600733247692,-0.9019835958226518,0.9557079520789656,0.9704317670779183,-0.7763084018045301,0.8015317699370772,0.8495687753367509,0.9592668651431915,-0.9111229243003648,-0.7758417635089583,0.9527686713960545,-0.965255116012062,-0.7587345910515169,-0.9730344965016519,-0.9225573671191055,-0.6018751622886314,0.39262801455758506,0.7167494741491922,0.955561582087221,-0.8435707849776303,0.7886712420971502,-0.5725981756432212,0.39816824099360754,0.8928077081789316,0.8991579551933958,-0.6490536286810075,-0.9097246873191803,-0.9403265659300228,-0.9905329243226301,0.7761699354713295,-0.9577524567669912,-0.19242629692769772,-0.9525117067077531,-0.5826040917745945,-0.49188924817100366
-0.9729399240977232,0.9317943178044282,1.0000000009153205,0.9716716613528112,-0.9976211128336367,0.9856316568174538,0.8237547531870363,0.8884937741984876,-0.9001874179573625,0.831800480182859,0.9857855204522852,0.7943154678477657,-0.9536498738586825,0.9345856398659836,-0.9811010795811327,0.7817989938894618,0.9669758277041205,-0.8833659549234587,0.9745618618715386,-0.8180594144774262,-0.9645444214509854,-0.8455458437060938,-0.9747428489348855,-0.9762035960818111,-0.733044411680171,-0.8560727775744001,-0.9328839572459514,0.994139107278553,0.36060456355674225,0.565804539347251,0.9764104168016567,-0.8947065574388997,0.9916987575509573,0.9994764169944668,0.9925694520413961,-0.9852169185687359,-0.9138863309978066,0.854385234482207,0.9846242833581823,0.9215299315971934,0.9663294729296904,-0.938045975678036,-0.9967533549902547,0.4135296138790354,-0.6466298401002084,-0.6891081890976307,-0.9603891201524154,-0.9699508221846426,-0.9743382069787822,-0.7576929120737754,0.9915407327157855,0.9589195477289737,0.8340750735782436,-0.8133889989885206,0.9739260006242738,-0.9800610972990694,-0.9644780501666819,0.9361059637543881,-0.9812341978138529,-0.11884130288210494,-0.9704257464306856,-0.8579422995547492,-0.9941065743763197,0.7574000526147922,0.5412424045561974,0.6951304303676862,0.9094122334608741,-0.972074039801649,-0.9962069225127458,0.9967379815988361,-0.7732266379221076,-0.5178425412912513,-0.18719027578928418,-0.9735547436205574,0.9823814604161557,0.9371467710566298,0.9948747943474148,0.8477305624987967,0.9746690167798574,0.6920905089548193,0.960952662712378,0.9671151663728614,0.9729697801869456,-0.9944260730542969,-0.13237848986449402,0.7200157672929476,-0.814112407840822,-0.9559340588793057,0.9528848579638046,-0.9761988424064988,0.5919450221609849,-0.7719578177251992,-0.9343220432906706,0.987821344337954,0.980287278804678,-0.9236452053653773,0.8653897229428373,0.9763270688488045,0.9770752684609366,-0.9845237013801301,-0.9342353128517158,0.9880340590748763,-0.9784492953426855,-0.9035063272249088,-0.8888122090640664,-0.9587708153827097,-0.6085246849886876,0.5809833701727855,0.7714355332327795,0.7911769319180644,-0.9798325704458113,0.9106737756960968,-0.4349302910006159,0.5073578396580295,0.8952838617482023,0.9948563979132824,-0.8324231584308357,-0.9845150053181042,-0.8848670750119313,-0.9591906751060113,0.6915038041170802,-0.9889316293800672,-0.13127323758329515,-0.9980665852921218,-0.8196169026688787,-0.7588005074091538
-0.9730359547023688,0.9594524368962795,0.9716716613528112,1.0000000003454668,-0.9820899661199548,0.9846826649453985,0.8689617369230925,0.8770514550314443,-0.8990804461223911,0.6927887547204257,0.9691026855826792,0.9108027520624596,-0.9910241661306662,0.9894346370858534,-0.9451817103408074,0.6253169076920807,0.98245926306986,-0.9523763206631557,0.9063193608080174,-0.8247395677170013,-0.9710850829238054,-0.9357544581429283,-0.9568484236309414,-0.9052209041368567,-0.7733308607036344,-0.8890903970124424,-0.8354520376133642,0.9678897906014206,0.17435255489276663,0.5548951379836082,0.9948626062753305,-0.790802524607899,0.9933572715974521,0.9682175589957037,0.9744555754170864,-0.9884187239599136,-0.9533524311638503,0.7138791123407859,0.9614102846537963,0.8480796007409886,0.9775650753218226,-0.9842222114315567,-0.9522792250065696,0.3924782218032735,-0.695500475301702,-0.7743170547385897,-0.9038863881193532,-0.9733501306268988,-0.9274641455444941,-0.5976733946424446,0.9932775993627,0.9050940395336331,0.8817812638587266,-0.8806249554892395,0.9671916643255755,-0.9266253053416205,-0.951310497684834,0.9259494431897488,-0.9178899865370549,-0.22262879755472023,-0.9704155892606545,-0.7257383958152311,-0.9657470010800935,0.7659877344317245,0.6651482406977735,0.8412385948230957,0.8865372817243028,-0.8951411652059924,-0.9551374439998468,0.9598584820546119,-0.7182764883799981,-0.5498402765060233,-0.18725238410385098,-0.9224609985084059,0.9635432857209237,0.8920570658875895,0.9705783460200239,0.837965285400955,0.9231736517519478,0.6238016689550292,0.9836734482859631,0.9300939439908008,0.9695885518987151,-0.9464447935707646,0.102241520142159,0.8540437336540566,-0.7160693189641735,-0.9581275174545101,0.9038727607883126,-0.999545014970274,0.5988874020255468,-0.8500920579442374,-0.8638040692522452,0.9663403488507997,0.9545062261250082,-0.8987952587013885,0.7475532841547577,0.9132508762874639,0.9402654721215342,-0.9239219843574714,-0.8503656763861581,0.950140773324753,-0.963001539879096,-0.8554294285755862,-0.9552467249421653,-0.9014330898842995,-0.736474463201602,0.5838755319782608,0.832992032903437,0.8605598706297956,-0.9333772215073162,0.9263702265549112,-0.3550274601666526,0.3212068435569998,0.8426155907700638,0.9491344983710913,-0.8335738889854962,-0.9776408043606527,-0.958954391334237,-0.9547325226162784,0.6195255747200801,-0.9557078743396101,-0.0274074517676297,-0.979259532401163,-0.773654972801845,-0.6976720341464164
0.968346508259042,-0.9298664389308919,-0.9976211128336367,-0.9820899661199548,1.0000000027908922,-0.9945281662236956,-0.8179605724786029,-0.8708792948893321,0.9147147395743143,-0.8146592591114455,-0.9849095849002207,-0.8253769485258939,0.9666953241774823,-0.9474798549990598,0.983306160367,-0.7422623615636912,-0.9818729049143408,0.9101871215894823,-0.969168122507525,0.8452348479188696,0.9609241661756878,0.8761632962007027,0.9675632461704954,0.9616339173897577,0.7235468580245188,0.8474507600649068,0.9204592311682809,-0.9889315992318846,-0.33851900563014703,-0.5831284269155996,-0.9873823382920751,0.8619235939460574,-0.997247775599497,-0.9951805230088204,-0.9921181882736734,0.9919098596933966,0.9387601130372489,-0.8290561469162437,-0.9775455618123785,-0.9113875379346962,-0.9715508131524051,0.9470341596271387,0.9889074412577938,-0.37435781951148667,0.6304171253536452,0.723213279432181,0.944955452998968,0.9812663474845834,0.9720918047272122,0.7340009889718507,-0.9950057833385134,-0.9442627145761727,-0.8637698539095926,0.8164154351913034,-0.9694285184703835,0.964727464221411,0.9733331990505433,-0.9484774793535711,0.9685605648929587,0.18011056673316156,0.9785212998344534,0.8284400712611317,0.9884923787252661,-0.7849044372302184,-0.5533696363435372,-0.7245195739367156,-0.8902497295893002,0.9555347152589219,0.9935527517612387,-0.9934926097724313,0.7598377522221332,0.5621945278595097,0.14566925099149863,0.9575119184564931,-0.9899690333204434,-0.9374811726230095,-0.9915709831773578,-0.8673348975017566,-0.9724963858982023,-0.7091113286373012,-0.9692930349781423,-0.9718133745703655,-0.9808362209522377,0.9849327877875862,0.07288428615927724,-0.7444666824772341,0.775028577115117,0.9521965478480782,-0.933871846902154,0.9859693423057975,-0.5776954344553691,0.7958686821182327,0.9099606184598281,-0.9832262526599309,-0.970229274355577,0.9360704218818452,-0.8287853358307542,-0.97058501356591,-0.9636774314986593,0.970536310971063,0.926138885186267,-0.9770409193324078,0.9718251533945105,0.9076029476492313,0.8982469004257164,0.9416235170523445,0.6581132146232559,-0.6125704756412299,-0.8037109604632037,-0.7899660848126713,0.9811426986393423,-0.9337991956143928,0.3819829202568281,-0.4512007592024742,-0.872270487331101,-0.9904696221001931,0.8594815718878005,0.9918613541360557,0.9012502466945415,0.950655623906267,-0.6489329328317718,0.9791752006498886,0.07893007834750744,0.9958041431613216,0.8366853408265144,0.7744347630884841
-0.9488511504195973,0.9129639131850831,0.9856316568174538,0.9846826649453985,-0.9945281662236956,1.000000000295606,0.798718840774536,0.8256735015678944,-0.9426081872637606,0.7966521497020667,0.9802543178635068,0.859340598247938,-0.977742608814812,0.9527224359253058,-0.9852804510051011,0.6940046112854563,0.9922915992021355,-0.9435241628469387,0.9576791098016538,-0.8903907196338452,-0.9449819158898395,-0.913215139364796,-0.940329026793887,-0.9387183104453098,-0.6777702570470842,-0.8165576166356859,-0.9071464761429613,0.9688021139221861,0.3359477018510389,0.636157146915239,0.9948735678093019,-0.8074347468936123,0.9949175261699573,0.980563353246456,0.9865594657547098,-0.9953226015237181,-0.969326849020999,0.8005869293502056,0.9525396700011322,0.8805172622600526,0.9752404317466757,-0.9488457601567584,-0.9693931664212524,0.2902046629822688,-0.5924552610893548,-0.7819806866157809,-0.9224479227231661,-0.9943443788378754,-0.9704005631600608,-0.7134320562685241,0.9898150668858395,0.9233708356315006,0.9102441718346362,-0.7927944838006132,0.9561665839410585,-0.9334973984908689,-0.9862224722588,0.9695610918420672,-0.9395828432855506,-0.278354214565852,-0.9884688709044968,-0.776827183837068,-0.9740083349914037,0.8371846210285424,0.533910894396426,0.7470876049888466,0.8465577287043833,-0.9292850032483544,-0.9840855517152384,0.978629770729888,-0.7589674360529309,-0.6216219350284966,-0.07029598643744583,-0.927878909426958,0.9939507429263902,0.9451141241748071,0.9809773268155367,0.9049394225315918,0.9703868014728926,0.7390114602417417,0.9761177957284295,0.9789651499268198,0.990364357983649,-0.964199340400861,-0.003753293113246637,0.7634696334060457,-0.7166298657831923,-0.9266894237459482,0.8926211226083126,-0.9873592059784497,0.5183560329606675,-0.7989715133744731,-0.8618927397153541,0.9714639779081464,0.9468175671791632,-0.9577582046957877,0.7708517039001623,0.9623599754955394,0.9333046279236467,-0.9412921291675548,-0.9207019981339468,0.9518526164166575,-0.9464277853483491,-0.9235139860984154,-0.8902495120222097,-0.915253967950578,-0.7300996173987286,0.6785126203680356,0.8575543690159553,0.7667202568263424,-0.9783277422994703,0.9637786914437607,-0.2917635128982444,0.3627312286401702,0.8187251995640172,0.9795286512217986,-0.8978779759264252,-0.9978444104494759,-0.9017885681255591,-0.9256984846039301,0.5711860084524478,-0.9561823502694877,0.022003051311593164,-0.9827863672358322,-0.8610637409542474,-0.7961466597649396
-0.9258281812997178,0.9669923253709707,0.8237547531870363,0.8689617369230925,-0.8179605724786029,0.798718840774536,0.9999999994343312,0.9181266296525122,-0.7162073819038492,0.4356733061898974,0.8663412262564496,0.8388176337688019,-0.8810544136330416,0.9133462975152619,-0.752974695937047,0.5891462318609882,0.7624990963510881,-0.7967353246025135,0.6869230148102561,-0.5158437235699052,-0.9438972559392148,-0.7979607305921352,-0.8624687442526312,-0.7944444958403866,-0.8369612630251632,-0.9768881016246285,-0.6445828903437272,0.8416967911757789,-0.053147882516851146,0.4197429362171169,0.8437752062542385,-0.7673407850386599,0.8416205116991083,0.8341354344301156,0.8545463004951377,-0.8475790908462285,-0.7226830238457344,0.5546555805739037,0.857679357635659,0.6117052892970699,0.8926897286603885,-0.9362990819453703,-0.818196154161217,0.6422890286950127,-0.9529374952202981,-0.663446860351632,-0.8593987394089405,-0.7928298015810357,-0.7654437431900573,-0.3849480119253877,0.8672937186260429,0.862538011485798,0.6661645063789388,-0.8994178817502545,0.9248981438133141,-0.8486592509178045,-0.761611825125476,0.7201302923669742,-0.768234399296761,0.12458177982669573,-0.8240894042814858,-0.5631337876176817,-0.8666416431808396,0.4931964819459175,0.731566784896334,0.848698013847724,0.9251161311673539,-0.7861288684631103,-0.7824448869210029,0.7866778067199702,-0.7501195865305694,-0.08342922761069724,-0.6011320673603041,-0.8731800766922185,0.736383936220278,0.7330108067627167,0.8599008945884907,0.5796529548391837,0.7426195342499652,0.1920330495373962,0.893254328632463,0.7125974881935094,0.814387842392081,-0.8259652916183015,0.09254325410267278,0.8961788882988341,-0.8145888334589642,-0.874428467310518,0.8633401782798792,-0.8583937048134059,0.5841950725787807,-0.6419631301615302,-0.8212756541083672,0.8838387842117073,0.9055772104755136,-0.6470617917627222,0.7347455063852697,0.732536198191804,0.8849539403720244,-0.8063998205915818,-0.6601234994326957,0.8702073858255195,-0.8747387732904508,-0.6565862909768232,-0.9217483168180982,-0.8681603071866205,-0.5425317162476522,0.28777056531583944,0.6519402047022751,0.9681766440991857,-0.7008795019881301,0.647608795662223,-0.6391554079199525,0.32118902283871503,0.8096213531696622,0.7866386954006095,-0.47642403244153436,-0.8035696311229139,-0.8610998791760173,-0.9411222732465614,0.78343603999626,-0.878284798702428,-0.18445123783159284,-0.8557016929183585,-0.3830065885309794,-0.27408455031122797
-0.9570514133920319,0.9565430093676563,0.8884937741984876,0.8770514550314443,-0.8708792948893321,0.8256735015678944,0.9181266296525122,0.9999999990795877,-0.6466137267032198,0.5916532212730771,0.8669798370489035,0.7058938311601785,-0.8386891768081057,0.878560085433792,-0.7885750540152778,0.7044328625439841,0.8020033569129786,-0.7077134561399514,0.7946754545659883,-0.47951929931543497,-0.9459981177141329,-0.6891161071532402,-0.9601614492995006,-0.8660124030433358,-0.9375537592968293,-0.9753185842950741,-0.7311854507490808,0.9275139753904539,0.0376444526643645,0.2263437634844377,0.8415074581745371,-0.909004699687478,0.8770905838996322,0.8987494992161866,0.8718895853256237,-0.8492682081726902,-0.6927490612282143,0.6770534382741308,0.9497827065649007,0.8249389150634332,0.8529748107287113,-0.8910570156606348,-0.9006151192551826,0.7777048218290112,-0.8738604363243044,-0.4473580894958319,-0.8827288641049761,-0.7838045779216872,-0.79020821937934,-0.5165973966514503,0.8951958692760118,0.8780608934669208,0.5623488573135415,-0.9367554218459816,0.9211052082952754,-0.9379009654243364,-0.755297660271984,0.6932225866966877,-0.9010111691751718,0.26829553356706987,-0.8006138295031774,-0.7966531182203754,-0.9041518819318425,0.40200650413292605,0.7591686425115562,0.7246372233408429,0.9958365594067953,-0.8697403692234665,-0.8512696138125366,0.8820218548060467,-0.6323128393428581,-0.14720407248685494,-0.5947046657379708,-0.9335907618106717,0.7970015504134871,0.7171081199453453,0.8903424442513249,0.5282702372823799,0.7824537642098562,0.30903488807617374,0.8484000143804223,0.7458271995647787,0.7984705314999678,-0.9019762228104128,-0.11660601724020982,0.753691735376877,-0.886244517265652,-0.9648550518844682,0.9725919047943629,-0.8778296445363203,0.8113242694591744,-0.7475004754939897,-0.957231156113705,0.8987184785747067,0.9458827587821641,-0.6501133067281261,0.8813799134461582,0.796034992168808,0.958464671151086,-0.9152713763361208,-0.7150737637967128,0.9383306213516653,-0.9596590314524531,-0.6370433751141533,-0.9219880875172545,-0.8999809308389963,-0.35632881525984655,0.16817557604760616,0.49794088208900567,0.9354507391447089,-0.7869796454442753,0.6505946273064973,-0.751092778983896,0.607295487385399,0.9733140913762925,0.8524392123220753,-0.5062860238280124,-0.8165841160352074,-0.8772112731347181,-0.9700045427940407,0.9125713777740234,-0.9359833546076693,-0.46849721616906287,-0.9092527638044245,-0.48782765198997746,-0.41797356477561826
0.8373477076440349,-0.8031380104590223,-0.9001874179573625,-0.8990804461223911,0.9147147395743143,-0.9426081872637606,-0.7162073819038492,-0.6466137267032198,1.0000000003923526,-0.781797230561425,-0.939133109628704,-0.833476790552258,0.9329739160921087,-0.8707777407850203,0.9579200272301537,-0.6689757010959578,-0.9174526247191456,0.9402747844501955,-0.8944929653789498,0.9553186760365097,0.8527581819817028,0.9068820960513779,0.7904874659061611,0.8798400158118024,0.4300275943586921,0.6698327172452943,0.8922264610461402,-0.8505031022837412,-0.47836782032137204,-0.8568919035836018,-0.9379470249002397,0.6820292813989902,-0.9124982804564242,-0.8934751014394892,-0.9338128956631212,0.9456247155974858,0.9553558161193669,-0.7876368389479811,-0.8169348991416143,-0.7165301306166618,-0.9450096651037413,0.8773454448608395,0.8767215852218277,-0.0328927890446094,0.47490417157906883,0.9057877674920469,0.8798502406606892,0.971982731209678,0.9565832587930202,0.7391886091550721,-0.9065735516819665,-0.8860869007146633,-0.9721264060857041,0.5952453114042118,-0.8890350612378308,0.824305538372779,0.9821673887522876,-0.9937254940887862,0.8178425505246077,0.4409580155217124,0.9735684223028273,0.6322179651205732,0.9020795526820418,-0.9541444909501631,-0.296410490071249,-0.6612194425305169,-0.6908918887556519,0.863058476041309,0.9167680678662824,-0.8774718139808395,0.8626549503213331,0.6332985258135649,-0.08815750900510312,0.8387118217742767,-0.9329994300347341,-0.977206342870747,-0.9166732933072421,-0.9831493483573243,-0.951253969618201,-0.7684282345197551,-0.9419519714479141,-0.9657703211878812,-0.9735336779371514,0.8777474828787134,0.0029039253663740157,-0.6961470521336043,0.6272328990767427,0.7616852462288212,-0.7457312277192798,0.8975645404601317,-0.20646524242630931,0.5988338843548149,0.7105144570659652,-0.9121419788616386,-0.8524858973094549,0.9816739302140851,-0.6536694424724676,-0.9290257266493301,-0.8162497146328698,0.8314973281336997,0.9263264102234005,-0.849669078553329,0.805683556275136,0.9802406912333855,0.7462567355577565,0.8602419819376372,0.8127677404700443,-0.8583882231169454,-0.9543591015680084,-0.6153837502312305,0.9203669678342937,-0.9557527695701904,0.10856855121048402,-0.19234913168851234,-0.6179263661619364,-0.916995141582131,0.9107785397627485,0.9581111758427019,0.7553497458599511,0.8109622807136139,-0.37867052667005974,0.859685763087185,-0.2970167905246903,0.8912266976168676,0.8535115035650483,0.7787224276564355
-0.7006698129583893,0.5929299363175524,0.831800480182859,0.6927887547204257,-0.8146592591114455,0.7966521497020667,0.4356733061898974,0.5916532212730771,-0.781797230561425,1.000000000700131,0.7980823247414754,0.3885135952768079,-0.6703070250648832,0.5908966003402372,-0.8772227853996883,0.8953417234043928,0.757934964838464,-0.5942096631386992,0.9314999463236976,-0.76359056230629,-0.6814959437256403,-0.5154313585264799,-0.7409413361782294,-0.8923789418914817,-0.33453859193650104,-0.4744713217508414,-0.9657298779056785,0.7994722352608287,0.7947777711578244,0.6009039570340825,0.7368946174943768,-0.828083012480852,0.7701832171232821,0.8303328603468706,0.8083764923202457,-0.7718619494579915,-0.7027745130053218,0.9777926091051873,0.7690258127517431,0.8652512759503607,0.7260728080179862,-0.6026101374943383,-0.8515837170812721,0.12886061807938903,-0.22514761338598832,-0.453093025814318,-0.830424631354571,-0.7893755757910319,-0.8861901548868687,-0.9837067137773898,0.758273878594547,0.8255887577835958,0.6535194379027096,-0.383851386020144,0.7319653586883137,-0.8247242648540171,-0.8295614506984338,0.8218448711550319,-0.8708049465628819,-0.1101337558875514,-0.7846580994844099,-0.9081826265107115,-0.8119767346777171,0.7213756137633086,0.03127029979873984,0.1954832374442945,0.6409137149220209,-0.896884312077476,-0.8725443962435394,0.8501948796167568,-0.7177314674114806,-0.5350531528508583,0.11044474842006596,-0.8114853203924692,0.8455359615668269,0.873629705228119,0.8130438515719463,0.8014998309532575,0.9012285174486926,0.853470618945265,0.7003870904731065,0.886161504671335,0.7961708229520434,-0.8534319497673307,-0.5514148649892965,0.23057619487993936,-0.7186152058891727,-0.6764238300978936,0.762865194867996,-0.7084779156663118,0.2999930885968296,-0.4298388710495075,-0.7897444279660115,0.792116317378155,0.7648273980046958,-0.8611197676125117,0.8321782422265235,0.9188793604454559,0.7767518949638088,-0.8590814749385067,-0.9490457438969365,0.8043606388703223,-0.7402544933157038,-0.8824469099872986,-0.4882490678369879,-0.8204961327515337,-0.32788004827983946,0.6380202145946638,0.5797563494171615,0.3443417775043387,-0.9010485017863039,0.7703146316662488,-0.2768805921753465,0.6680804926392557,0.6999460592630646,0.8782184791171439,-0.7834949555503374,-0.8098689950718857,-0.4975071955491495,-0.6831079484669362,0.5022555476897517,-0.7973287635423376,-0.11152721365544425,-0.7984653534617405,-0.8713624070761312,-0.8654371343518464
-0.9701168756550699,0.9425693290659496,0.9857855204522852,0.9691026855826792,-0.9849095849002207,0.9802543178635068,0.8663412262564496,0.8669798370489035,-0.939133109628704,0.7980823247414754,0.9999999994769101,0.8340336693848643,-0.9728724374425836,0.9465233210737173,-0.980744397171571,0.779172496979836,0.9498090253174112,-0.9133989471510722,0.9478935786136296,-0.8335844694836754,-0.9742836045192957,-0.8793288407466604,-0.9438311337171967,-0.9712206604427627,-0.687518311614457,-0.8630845343400536,-0.924424737662426,0.9701662929422388,0.3646677318022575,0.6626034567703643,0.9806957623199585,-0.8676322184421227,0.9829440510872695,0.9865972463471747,0.9987929724820637,-0.9922234761792916,-0.9217886655951553,0.8407001709668175,0.95756396324488,0.8453448537314433,0.9923959775909088,-0.958286975708781,-0.9790123527074444,0.37035237037381974,-0.689019235862224,-0.7734079163635235,-0.9763654392664859,-0.9802906795742923,-0.9830053088599668,-0.7416064605003528,0.9872496206489043,0.9778958127494848,0.8739114402220398,-0.7898602208512754,0.9895765684560341,-0.9633122589778048,-0.9775756085367376,0.9570932565603523,-0.9441106960022175,-0.14765352240476448,-0.9897114317898739,-0.7897513127928638,-0.9943743860549609,0.7986502823886631,0.5050245808127753,0.7242346708818936,0.8964031910461696,-0.9630333582787118,-0.9825369165917441,0.9694752342440331,-0.8552451709500529,-0.4696675933301486,-0.20777062382739023,-0.9706703382424813,0.9644473884849193,0.9640308841133234,0.9969671487195051,0.8769807115160257,0.9768288091454281,0.6494678455049255,0.986080450926425,0.9670579407855266,0.9893224556252964,-0.9810950395282305,-0.0991868290348425,0.7626157314469818,-0.8216452708762648,-0.9231764867339117,0.9265233091402156,-0.9693318807409592,0.49110247538794155,-0.7046828094896891,-0.9008462571373722,0.9973909618356597,0.9801720853107804,-0.9326603081672826,0.8396899031774009,0.9704893374013023,0.9640391899668065,-0.9591045107825885,-0.9370544262604129,0.9770822600732323,-0.9531557090254719,-0.9309928155326596,-0.8820898559957089,-0.9713647121232848,-0.6632006767458527,0.6338003663276596,0.8315136025996805,0.8028923752800776,-0.9570984395632246,0.9076955403976583,-0.42009493072817106,0.4299024091222257,0.8437926168484761,0.9842038688493802,-0.8167892990447173,-0.9876895756108265,-0.8662549341167256,-0.9597108328731873,0.6656988794660557,-0.9817296238673808,-0.033164400813218205,-0.9874091455514585,-0.7800004918929371,-0.7028533701150456
-0.8361260658593809,0.8720864824047407,0.7943154678477657,0.9108027520624596,-0.8253769485258939,0.859340598247938,0.8388176337688019,0.7058938311601785,-0.833476790552258,0.3885135952768079,0.8340336693848643,0.9999999992554273,-0.9371280617234407,0.9488029704656425,-0.7813007135350002,0.31134796638664114,0.8726565033998727,-0.9671638012782634,0.6763085001978475,-0.7715867631845839,-0.8548425173615396,-0.9853258864855104,-0.7718211876687378,-0.6812066484612109,-0.6628423016861958,-0.8053637964949838,-0.5896594132423303,0.7807595884386275,-0.08629485375224102,0.5813384360033312,0.9021163262065804,-0.5007797873457983,0.8625468733506578,0.7868343117884705,0.8300561218936502,-0.8762539902066181,-0.9108611279936467,0.4137700649880385,0.7734081566377071,0.5674012811247937,0.8921455931748515,-0.9372727602535245,-0.7488531841994733,0.2273155444138038,-0.6794173294385267,-0.8912536577826018,-0.7153032163860626,-0.8722605826894977,-0.7562976843747288,-0.29027880538283124,0.8641785183540569,0.723207595471559,0.8941863821836898,-0.8230891745344825,0.8406726609239277,-0.7079503889304029,-0.833638633946982,0.8268566547764985,-0.6731432621971153,-0.4154096376595652,-0.8702092679540664,-0.37724541913939613,-0.7987364824382097,0.7473636938605086,0.7005919150391959,0.9616372212229382,0.7070561112268815,-0.6593713337760799,-0.7654995985784809,0.7609140825146151,-0.6205789533752349,-0.5235895422990134,-0.13046202335195917,-0.719170640257876,0.8070238078271539,0.7479283997161086,0.8121735118145343,0.7676758454931083,0.7412436554362171,0.44387778034987674,0.9136271219952461,0.7703111431748866,0.8625789311346007,-0.7418607863851362,0.4632178230783142,0.9654236719644868,-0.4673620493976026,-0.7985473696917761,0.6797060688335037,-0.8998424857076931,0.4153121300492429,-0.793902286869259,-0.6069149526157183,0.8171544129290458,0.7860820894222431,-0.7752299773458735,0.4437957134240094,0.7073919645067828,0.7447786923208642,-0.6908938986286522,-0.634140002037864,0.7570385818260044,-0.7859365772450319,-0.717936982711525,-0.9106420289229845,-0.7069158203253196,-0.8988923007293287,0.5987088154642747,0.8899728459923244,0.8359960144468848,-0.7368250077863214,0.847746029756752,-0.13673688967411904,-0.07750173745127241,0.5937932131975094,0.7556316776045567,-0.743490625832906,-0.852531710427663,-0.9200942236367249,-0.813266891754026,0.3779136257764803,-0.7722892470924938,0.25255290730232643,-0.8153313705060456,-0.6024552564438156,-0.5019774193861469
0.9570830662700973,-0.9516081370979678,-0.9536498738586825,-0.9910241661306662,0.9666953241774823,-0.977742608814812,-0.8810544136330416,-0.8386891768081057,0.9329739160921087,-0.6703070250648832,-0.9728724374425836,-0.9371280617234407,1.0000000005514316,-0.989297043435182,0.9436034913050155,-0.6132927495217863,-0.9680157814669572,0.9757901939889942,-0.8838863656918899,0.8495825468871392,0.9647830789301037,0.9615388825938949,0.9198479823285056,0.8931274991074543,0.7140182140882835,0.8725359522771338,0.827885096496909,-0.9394439775550019,-0.1919218388030586,-0.6425140356111864,-0.9936629523665231,0.7534641249462365,-0.980433820180349,-0.9502741575294615,-0.972405945779124,0.9887638619947078,0.9629289289539206,-0.7007685692167476,-0.9284902471529639,-0.7838411313722113,-0.9905536410335906,0.9891682150444353,0.9301509120594574,-0.3260085330544895,0.7000602747782605,0.8457916741037296,0.9051687086469006,0.9802330168123603,0.931645730735208,0.5887387824843688,-0.9822044270969039,-0.90889874565256,-0.9199719801944624,0.843018256872982,-0.967359192658371,0.9010971394356087,0.9616474790255646,-0.9451481794364474,0.8801803093726575,0.27419679823955956,0.9824664913694127,0.6641230799127095,0.9567101906518045,-0.8118656244768194,-0.6166601287946734,-0.8530289523356811,-0.8556930789199645,0.8794007859684831,0.939828292060001,-0.932413049714853,0.7755044178632684,0.5360372078693535,0.16795147689580503,0.9070265888019412,-0.9490137396703386,-0.9129022176886795,-0.9640837887483634,-0.8704671731783963,-0.9231152455013201,-0.6097815084392619,-0.9962874147148951,-0.9311392575123155,-0.9797392124201162,0.9271942365767724,-0.133146252645281,-0.8746580882675077,0.7008938904086162,0.9187670959250843,-0.8671074308850122,0.9875303101028566,-0.499477941550706,0.7929107159208157,0.8213578745663239,-0.9642861481420166,-0.9411907983966751,0.9114563092812115,-0.7111929026731797,-0.9061304859136775,-0.9160916239724171,0.8939137740564153,0.8526810524658265,-0.929683320920703,0.9304229284245252,0.880737567880005,0.9356419058234459,0.8988013250591227,0.7894894238285135,-0.6452039915319028,-0.8873895795773435,-0.8474244466463376,0.9152735198882411,-0.9304723518861776,0.31110265052249525,-0.24451948996816472,-0.783849258545644,-0.9357346254807526,0.8343940116863857,0.9774155368240215,0.934083496573019,0.9392587819937906,-0.5711428213515057,0.938335850325854,-0.0747021133350227,0.962351158112312,0.756453557684756,0.6698319129455692
-0.9654754232588268,0.9733378912720148,0.9345856398659836,0.9894346370858534,-0.9474798549990598,0.9527224359253058,0.9133462975152619,0.878560085433792,-0.8707777407850203,0.5908966003402372,0.9465233210737173,0.9488029704656425,-0.989297043435182,1.000000000008206,-0.8984489356279853,0.556541963159784,0.9503986793129359,-0.9562831508902847,0.8399849962532404,-0.7761738757245421,-0.9704669259672548,-0.9514973687546112,-0.9318996691199289,-0.8580089060493745,-0.7976413397347527,-0.9185674553064779,-0.7635757744444472,0.9346466045403187,0.06096901435172693,0.5348383521636089,0.9773913720588283,-0.7436448040439086,0.9680734917492498,0.9324240825117425,0.9477776913759871,-0.9667769822352639,-0.9309032355503358,0.6296640691304093,0.9330075294131341,0.7730656873686389,0.9701396833493086,-0.99674209781464,-0.9108109702070225,0.4239921224868289,-0.7628973914896132,-0.7962610269106378,-0.875396210211456,-0.9452147780865328,-0.8821601951356188,-0.49618546288844995,0.9727702545936466,0.878231274996308,0.8675143991538462,-0.9097573772926663,0.959083123391671,-0.8912388118195875,-0.9151352428876427,0.8887786377526506,-0.8647263587128197,-0.20702013672285233,-0.9474311525077503,-0.6402853458001164,-0.9380803638372415,0.7262264267614251,0.724116753347888,0.9039301853957679,0.883658292116008,-0.845537465700451,-0.9087142406447772,0.9140398489938131,-0.7082151585555327,-0.4795468624536958,-0.2599172487420613,-0.8939498107856472,0.9163968920147855,0.8492909997649909,0.9426955699864309,0.7924898889117694,0.8723543251171494,0.5196442466771249,0.9798442327642927,0.8785918394615827,0.943512403496293,-0.9062211335009738,0.19729355690550965,0.9188325832240999,-0.6946742075318657,-0.9429420973767502,0.8759615586232029,-0.9849281211941908,0.5921883120877103,-0.8414433312061826,-0.8263642195049037,0.9449667991622357,0.9364455930654624,-0.8469505725620342,0.6966983481975046,0.8571598959929162,0.9157230695935307,-0.8782347795241299,-0.7848810670722635,0.9211000095049671,-0.940501151612607,-0.804655124386133,-0.9763752515822652,-0.8742813925857468,-0.7591287083033638,0.5385450021227461,0.831665543456243,0.90836253159396,-0.8738520163944635,0.8853095265356096,-0.3708504450882852,0.24100828597579077,0.8126407182172296,0.9028094752165231,-0.7722304189813457,-0.9459638807408345,-0.9712465824904696,-0.9513385642871294,0.6172961001172815,-0.9292518725977489,-0.005460632311301932,-0.9504420639704152,-0.6858450997713911,-0.5968686898376518
0.9212571429624846,-0.8694198345740393,-0.9811010795811327,-0.9451817103408074,0.983306160367,-0.9852804510051011,-0.752974695937047,-0.7885750540152778,0.9579200272301537,-0.8772227853996883,-0.980744397171571,-0.7813007135350002,0.9436034913050155,-0.8984489356279853,1.0000000001302742,-0.785782840207114,-0.9622821178733586,0.8998441903451962,-0.9826234201209169,0.9008424923510168,0.9187178186011034,0.8557572681802175,0.9131545297970742,0.9680544409165386,0.5905572167361057,0.7609851481249329,0.9631389095135677,-0.9546653065373151,-0.4862979567746575,-0.700240483161587,-0.9687344093611863,0.8407771035809035,-0.9725261300266089,-0.9776139490256873,-0.984657982243552,0.9806958688430599,0.9401360802716213,-0.8840445397918891,-0.9322838723803217,-0.8818822793994558,-0.9614989730462442,0.9030971636689537,0.973160379554324,-0.24037618525331733,0.5366355779041603,0.7617493931517016,0.947995926553047,0.9861560199446778,0.9958755279211053,0.818123187046577,-0.9675291724942249,-0.9486776806776394,-0.8958594019581966,0.7015993933063549,-0.9445124846359402,0.9392501650702677,0.9929529352554269,-0.9815247591667193,0.9471566974127277,0.2519942546880314,0.9848416433398838,0.8205777839768744,0.9737271818315308,-0.8604685499894699,-0.3971485060743416,-0.635860641537177,-0.8226918906486873,0.9603958907837767,0.9918358086358052,-0.9749047766679781,0.8225507096410758,0.5994268156773305,0.035112429233863915,0.9378277607576132,-0.9887808109119997,-0.9814736936546427,-0.9800139305628577,-0.9298620132344476,-0.99706560197494,-0.7845240786816684,-0.9541362073733375,-0.9976844636407971,-0.9881983149550853,0.9719601089382883,0.1493503252182445,-0.665148956912794,0.7573384805638415,0.8832011259834097,-0.8862193445071906,0.9497116028652822,-0.43350932618810584,0.6969840638987733,0.8675636344265851,-0.9704501771030032,-0.9397514583067264,0.9780696758650539,-0.815063326288089,-0.992491364590918,-0.9270132557891849,0.9507689897042442,0.9736915283046214,-0.9498051626374472,0.9202199746751776,0.9675297304805975,0.8130278726334786,0.9382211366391581,0.6712104392580214,-0.7210560185730338,-0.8440893612300238,-0.6875346224881025,0.9909689242188462,-0.9501742782287316,0.29837611255710705,-0.4346235478430254,-0.8004198642637739,-0.9915588731156147,0.897454784214194,0.9915940402772065,0.8182500880142973,0.9005273375737675,-0.5693460080919501,0.9527714307633063,-0.027190401459464313,0.9710978364211379,0.8839529137830827,0.8252213371362822
-0.7272405401417372,0.6517308551863973,0.7817989938894618,0.6253169076920807,-0.7422623615636912,0.6940046112854563,0.5891462318609882,0.7044328625439841,-0.6689757010959578,0.8953417234043928,0.779172496979836,0.31134796638664114,-0.6132927495217863,0.556541963159784,-0.785782840207114,1.0000000001125184,0.6151010715798397,-0.4707516197793263,0.8348739075062315,-0.525356946294677,-0.7210382573308521,-0.39444739285206193,-0.7368648408898206,-0.8965115196488891,-0.4341328398936935,-0.6013840896449901,-0.9053741799005852,0.7700157612658561,0.7025042332250903,0.5048641244126145,0.6548973728203173,-0.9294012818089603,0.6994840033153532,0.7946799299568856,0.7757606178565363,-0.7077066086727666,-0.5295265274751771,0.9648906066767148,0.759000934184332,0.7592180270728434,0.7062350100896174,-0.5983313704038098,-0.8233820002949424,0.41269798902590815,-0.4832711217206716,-0.340836742200662,-0.8851946925131231,-0.6859958090212517,-0.8270680651974025,-0.9237718887528289,0.7111509344372915,0.8802104258332931,0.47937724136538373,-0.4294324470573967,0.7639088175197976,-0.8528381693255537,-0.7253126489735392,0.6974944851229657,-0.8396398445571516,0.26785258143060514,-0.7139889257754757,-0.8965784852766586,-0.8054013933628104,0.5078044355041985,0.07450853705116414,0.17238706035010304,0.7574788385303238,-0.9061210949944327,-0.8054138930379281,0.7825929494262552,-0.8198179480042176,-0.12298083397924975,-0.2909134079543625,-0.8628278837970482,0.7150275988949012,0.8108211925239942,0.7931879065208409,0.6196271076622258,0.8280512740083097,0.5381911135592792,0.669083044544467,0.7703395559464251,0.7195200458584303,-0.8390479436988193,-0.6976845689845258,0.24622533867365462,-0.920821272960019,-0.6708909993417295,0.8235711002961423,-0.6350532628785004,0.3413924018343391,-0.2592163488877564,-0.8595388305159961,0.7957244985890811,0.8033662734974665,-0.7020233757852891,0.9484736381922485,0.8529619924275497,0.8168038508596165,-0.8552459944796902,-0.8805418723840159,0.8221860372374833,-0.7400691722210846,-0.7810559319285492,-0.48769377281154613,-0.886709707601626,-0.11365952904310733,0.3907420990264438,0.4233155797210454,0.46556807477114887,-0.7804570522468137,0.5654944042322511,-0.6209129461517815,0.814141951058238,0.7694352567866983,0.8225734469895065,-0.5084939639032658,-0.7201204100815555,-0.4337448988435252,-0.7422674043160844,0.7489719689332217,-0.8145687663203769,-0.3389747114118163,-0.7658147194378133,-0.5921002236087798,-0.5611004065729961
