0.999999999775551,-0.9872711711070983,-0.8979961948917892,-0.9571615490710937,-0.9260899372213239,-0.9103155058202153,-0.9668295272597697,0.04839201359122162,-0.9877525721842506,-0.7616959244735831,-0.9581585482818407,0.3715968357686547,-0.9580318851210444,0.9825428934524448,0.912958156181886,0.8775276095663122,0.9829899617313137,0.9180328157296331,0.9377130915398935,0.8233482128663704,0.5242236056341086,0.9405276968088682,0.8975572373525307,0.7657698509148645,0.9488430344853912,-0.9435818194491444,0.25598971140795784,0.8369928250148126,-0.9596315070951326,-0.9172769979184683,-0.8025830980862093,-0.7868518489439583,-0.6756323234682419,-0.7124869242335465,0.22723335144506282,0.6125458702358029,-0.8871025873844764,-0.5958829588280246,-0.9849103341296683,0.9963974030931545,0.3170484224261837,0.7429688386342417,-0.7127286801274318,0.9423002107713702,0.6362274376252882,0.9538638050619298,-0.9596894023718925,0.916927304092792,0.19591581814672757,-0.41443799979073115,-0.7454480538279866,-0.6731503680641786,-0.24596101847190235,-0.33215499516044605,-0.898547464660025,-0.9858799311158319,0.9240853975273678,0.9912921137491792,0.9691901639585451,0.8771600291183,0.8600177294911464,0.824556143783059,-0.2950186598866027,-0.9563791408845256,-0.9614635937221049,-0.9880303329811472,0.8033268521924992,-0.9217370706640571,-0.9715703987268643,0.8243389253836264,-0.7931510115345987,-0.9774133745851059,-0.6031847563157913,-0.9693977471521169,-0.9040824597444015,-0.9557557450518146,-0.9480338886335882,-0.6155867972591321,0.9647207774015957,0.7311244273349765,0.9957277825664701,0.9698062734204514,-0.09976108581128192,-0.9104477655601504,-0.9242686912163557,-0.5792982105874367,0.7114198293792325,0.4594773586969029,0.8495583047863833,-0.6778383768011189,-0.147235355976542,0.9859025037897717,-0.9257734755150967,-0.8244981115997421,-0.9316725333597036,0.7727982389758434,0.8913651048679022,0.9874319839893585,0.8287781591768564,0.9751783043627056,-0.5082508570913047,-0.8569810092307248,0.9580105478453852,0.805623603709988,0.9430844766477103,0.7381652430345875,0.7349813134324158,0.9568944437561085,-0.29935451855008893,0.3401967133655987,0.9611985114217618,-0.7896284444398731,-0.8296878395911341,0.7730394994773218,-0.7245240338682469,-0.8365956426984934,-0.9141098386505552,-0.7980855598576341,0.8139226494662991,0.7736706796120064,-0.11334521414895343,-0.9937637365399877,0.9714159834470416,0.8654712849563186,-0.22697615122147186,-0.9808997540081016
-0.9872711711070983,0.9999999998980017,0.9556431809696396,0.9886474647494948,0.9597174835100367,0.9500179145348082,0.994196612851495,-0.18271097129123798,0.9969776589285032,0.667444782221886,0.9854681716006083,-0.4830999118551739,0.9914241500347651,-0.9983034800089374,-0.9635228487853672,-0.9334110279003416,-0.987737778543685,-0.9678656762325129,-0.9809407630152508,-0.9029537415447564,-0.5672916720624389,-0.9821718311090545,-0.9072443679952426,-0.8564231159556499,-0.9828113554473673,0.9753098128170363,-0.11150606906509056,-0.8866356998872416,0.9876299782696792,0.8765366888360795,0.7993389213236274,0.8640314897851199,0.7818934821101576,0.8105871209316792,-0.09320712068464637,-0.726096138098649,0.947013760660426,0.7074283897406125,0.9664604806209401,-0.9768447985883539,-0.17375848986586265,-0.8240349062262478,0.787838787846761,-0.9665442038987008,-0.7507773291368199,-0.8958520111220302,0.911852775835156,-0.8468871599824234,-0.349067474492549,0.5234024021447863,0.8316181308423564,0.7819643414251507,0.38966317731739214,0.4719241601510278,0.9555141121168155,0.9897280609130242,-0.9644083358232738,-0.9904146363811689,-0.9954802866916796,-0.9363578088843884,-0.9278323561371159,-0.9025232894010761,0.2147672654518901,0.9848313681380991,0.9875074653564321,0.9920179503124062,-0.8582611341992552,0.9693719700534773,0.9936184967490739,-0.8440628212124898,0.8467305384572608,0.9633570127311869,0.4798615275393232,0.9910829339547487,0.8857534908752748,0.9790807322054174,0.8856606732670682,0.7089858946794042,-0.9513111532779098,-0.6228546450725109,-0.9943295834024884,-0.9201584197129686,0.2161080548394575,0.9631113307239443,0.97299801565211,0.4892077567829761,-0.6306909393173532,-0.39530227629556397,-0.9007064156079093,0.7339982822157977,0.044721935760490425,-0.9921236671901306,0.9594349871167083,0.7643053004628374,0.9662580831574943,-0.6870858325974184,-0.9494207985795977,-0.967874073067026,-0.9009017689999178,-0.9875305753825894,0.6233886929925011,0.9279926790199728,-0.9449778213929144,-0.8873630557141308,-0.9799938180787103,-0.8217789345720408,-0.8311367289392975,-0.9850545335324531,0.3574297211022019,-0.4242589544201779,-0.9907266885536272,0.8163337328805832,0.9026531685904077,-0.7702382566149114,0.8085999818779799,0.8295669726272203,0.9643557849434473,0.8788210113578946,-0.8453404036924045,-0.8536414267938086,-0.02905492343936363,0.9816104849252334,-0.9965705278068855,-0.9099441007790642,0.12391623703507774,0.9973055233668652
-0.8979961948917892,0.9556431809696396,1.0000000000401723,0.9847909872743336,0.970389098875584,0.9415323958073454,0.9793858422391575,-0.44523253992249245,0.9489932190756767,0.42710689459724843,0.9779956155661752,-0.6165463593868775,0.9844919864127045,-0.9622462135771056,-0.9976431762944834,-0.9864203695522558,-0.9212059787308956,-0.9984057369988144,-0.9936559122304819,-0.9877185577505112,-0.550793745070967,-0.9935378403157332,-0.8900383552850915,-0.9702229471961135,-0.9804868031308454,0.9575417273729394,0.17904764321436312,-0.9440791856993843,0.9794134024020139,0.7692539536462599,0.7081741999806854,0.9631984366869041,0.9138470742298704,0.9460859977597434,0.18979503126554714,-0.8670207410160409,0.9882259861173681,0.8781250757094571,0.8801060630338372,-0.8808694173935737,0.11264314296503147,-0.936189389552589,0.8413619536528077,-0.9309324137184161,-0.9078791088103906,-0.7360980825435868,0.7603228768225718,-0.6597823350400639,-0.6025536090636803,0.7203978702146929,0.9110107335507569,0.9217702272819678,0.6340094730083163,0.6775179012377904,0.9971716877041986,0.920855760785607,-0.9631744124256292,-0.9161602340224964,-0.9786100093607883,-0.9929229953090644,-0.9913971778094712,-0.9806852786644679,0.009673997575491823,0.9667117266350553,0.9770292855701969,0.9404926542642573,-0.8710189407581607,0.9963151944947237,0.9619843870557802,-0.7902440713599245,0.8563101297996176,0.8645962470669144,0.21033535022781616,0.9612965473108943,0.7686489196093489,0.9675260832181355,0.7161018994484469,0.859903417065956,-0.8495587422868826,-0.4057615969403052,-0.9285109264816547,-0.7737183661985875,0.44848191581344465,0.999230244192331,0.9971986178069276,0.2678551030021931,-0.41675561153963986,-0.20587869915538662,-0.9123236297362439,0.824833026469616,-0.09370633010233323,-0.933757736287737,0.9722222851458229,0.5771432174659498,0.9530598733376366,-0.4576658200947487,-0.998428947947189,-0.858849376785972,-0.9573191422074931,-0.9543923669856559,0.7614342530731024,0.9922360818561025,-0.8472783655655016,-0.981481569723338,-0.9892606657089937,-0.9370788001674965,-0.957712696888665,-0.9793945051291734,0.4970699081217092,-0.5942163694701588,-0.9721465077539546,0.7746815557407043,0.9630176692538452,-0.6761075435301268,0.9245341585432288,0.7982950986635355,0.9960264754202953,0.9780906187142918,-0.8809350032718849,-0.9594380749633177,-0.305168920285312,0.8997700880215207,-0.9760592448088689,-0.9109148606343117,-0.1171195995239922,0.9645327997584433
-0.9571615490710937,0.9886474647494948,0.9847909872743336,0.9999999999385076,0.9871457449169874,0.9361920296896334,0.996053591572242,-0.32758504014612405,0.983801631597589,0.5504699755251192,0.9982911284692553,-0.504373400326163,0.9952917740097303,-0.9912263748334139,-0.9899308488376736,-0.9766553516806243,-0.9573610005104392,-0.9927952258207008,-0.9934259196195669,-0.946003808580233,-0.5207474200359454,-0.996609032523535,-0.9340510817300063,-0.9174903749037139,-0.9868216753127681,0.963039384484801,0.03354288032276433,-0.9389088840824642,0.9956510009904815,0.8584213579426127,0.7285893635539905,0.9297267743309311,0.8331086119243581,0.8845348666532246,0.05578615036919464,-0.7773924999341787,0.9649973791421593,0.802389535080038,0.9475564601457845,-0.9469425477446588,-0.033055260970851284,-0.8995816076388684,0.7854752522966371,-0.9425050830511613,-0.8225631856080405,-0.8379646921563082,0.8465458674451873,-0.7668067885044024,-0.4601404267357322,0.6452735344573717,0.8524815158731106,0.8429130360897399,0.5118511551237066,0.5435926868048184,0.979887744385891,0.9602613389613778,-0.9584686625565828,-0.9594499580729843,-0.9973853312299774,-0.977553195995906,-0.9602780236886552,-0.9368387327100222,0.07709653204027508,0.977218339444613,0.9984532672120457,0.9841518241064465,-0.8416683110030975,0.9943373956533106,0.9864360094352335,-0.7926596442011026,0.8269142506953777,0.9163447943816697,0.35058792966267194,0.980029001334693,0.8154803985007516,0.9936922670973137,0.8226274967471298,0.8066907601744762,-0.8987947959558119,-0.5510168920571673,-0.9757901060901087,-0.8695130623572436,0.35776404983022936,0.9894256401839143,0.9910099295954432,0.3623969701759362,-0.511971449926949,-0.2662869278851336,-0.888698981792104,0.8168547152402125,0.03702539527864209,-0.9688117635361545,0.9872065995601608,0.6609828114707784,0.9539296192864043,-0.5711466221938014,-0.9840989018185096,-0.9194660542933664,-0.9171258750371547,-0.9899699560835161,0.6603090895157436,0.9607117002098381,-0.8942113489648795,-0.9410578544761209,-0.9984738883473167,-0.89760519001813,-0.8984462435184194,-0.9972460966743886,0.472903542599819,-0.5476055170466864,-0.9844687482782355,0.7674890525457031,0.9218567218138382,-0.6950293617651773,0.8859197931437842,0.8570192818981794,0.9867457241527688,0.9380589010291694,-0.89780935109753,-0.9218781348367179,-0.17257430955262493,0.9568812719577237,-0.9967791096823154,-0.8938663447209826,-0.02386443869509467,0.9950573034214166
-0.9260899372213239,0.9597174835100367,0.970389098875584,0.9871457449169874,1.0000000006150602,0.8712142598066671,0.970139462578824,-0.41644518975305195,0.9526218643264392,0.4719971157728986,0.9917882437554698,-0.41163487299344076,0.9680523157982225,-0.9637092608601726,-0.9772511193780065,-0.9877836203885748,-0.904809506860336,-0.980783997034201,-0.9683631947751009,-0.929543194548157,-0.41158722708103673,-0.9776329458802988,-0.9724296365224768,-0.9183034829337244,-0.9536827240817789,0.9080042357582171,0.1106753863585346,-0.966018030087369,0.9773665922604713,0.8730112936691613,0.6109309309672907,0.9541043223303476,0.7974262347190731,0.8967538082664142,0.1449455124864805,-0.738718159250521,0.9272694176301938,0.837100444281637,0.9394235789639392,-0.9218127675541294,0.04264723686448264,-0.9372845752227216,0.6979109742029441,-0.8772994262342984,-0.813812083062792,-0.8089540458386099,0.7915772998425527,-0.7129272629451795,-0.4731938066940029,0.7250230547900549,0.7946213998911842,0.8240969886054258,0.5587919311807957,0.5017889118973058,0.9558751343014427,0.9130834192787817,-0.9031514046876258,-0.912348522298127,-0.9738545559530398,-0.980006539407282,-0.9355753493206636,-0.9051650436924936,-0.06689499163657274,0.9319438221722363,0.9902397304093874,0.9691148265968288,-0.7560706596746717,0.9861128507707445,0.9577232879729107,-0.6862264662098988,0.7371363895065299,0.854076459077885,0.2732006577303574,0.9372852572659789,0.7202871065805055,0.9956415074537597,0.7919391017738637,0.8641734100310561,-0.8275806341977802,-0.5514814456837265,-0.9489222557107513,-0.8449546482420195,0.4672157430723142,0.9752326053234665,0.9685056155503269,0.2437375829800241,-0.40116868185185867,-0.1213856560040553,-0.8107741988677496,0.8937518947338408,0.14136688999626074,-0.9237450639662255,0.9976132913467801,0.558065763075215,0.8946941164293437,-0.4841812780321986,-0.9784926356655242,-0.8645120129380635,-0.864901143765593,-0.9820265648172093,0.5959164313354592,0.9386846293103022,-0.8221420831205482,-0.9424447050642898,-0.989970986287934,-0.9335397442678216,-0.9031305764461217,-0.9868412741551995,0.5939960561615868,-0.6602951063849569,-0.944290740002941,0.6571903425142296,0.8721806214136149,-0.5725178583902455,0.9265238249337038,0.9107592216852052,0.9664326761573488,0.9463077711971027,-0.9473633805456717,-0.9460218925999743,-0.25559859630057036,0.9297353353993378,-0.9732874567328837,-0.8148762516326641,-0.15153088185119534,0.976404246946125
-0.9103155058202153,0.9500179145348082,0.9415323958073454,0.9361920296896334,0.8712142598066671,0.999999999845248,0.9561338235360506,-0.18102142296244467,0.9436916377534743,0.6099019137423008,0.9165468447740954,-0.7224180983283449,0.9656359327937243,-0.9478305441646392,-0.9349049549529095,-0.8765521082416043,-0.9681248891613564,-0.9388516839681004,-0.9642417925585434,-0.9262083155056554,-0.755388445656086,-0.9539994273852312,-0.7508343138452334,-0.8698301479367099,-0.9635645821250803,0.9937132134016017,-0.04580257395802023,-0.7945641229574022,0.9364171079847163,0.69416108115807,0.8956707234247905,0.8200819052114099,0.8835202647136084,0.8180971846968619,-0.06939747508832696,-0.853576922550241,0.9742341828092262,0.7088557213395053,0.8437979199563339,-0.8803763701389182,-0.09549856418255115,-0.7684969076189927,0.9389234722928642,-0.9945960394167518,-0.8230271184594969,-0.7659256373765477,0.8349193893949657,-0.7481476486635749,-0.48150645971138895,0.4647095321703206,0.9446327170308356,0.8616468115071227,0.4523226891745451,0.6613752937612716,0.9545144706602728,0.9623322838786681,-0.9944828441312586,-0.9541606208352724,-0.9528888678303192,-0.8966129116440903,-0.9433434994838503,-0.947102256819092,0.3255053286359392,0.9797949339818923,0.9196116947073507,0.9066394319438593,-0.9746324694131017,0.9321486143849363,0.9595108141935698,-0.9500244440988429,0.9695016795969533,0.9360504934209991,0.3951192452743595,0.9729796756726242,0.9189247889184973,0.8924605994663065,0.7560969369913407,0.646383195106806,-0.9423097909696504,-0.4077102434872793,-0.921704569298828,-0.7921996630493301,0.15804089805131707,0.9407401329351802,0.9595178733687184,0.5081212829725322,-0.6360594325658245,-0.5092183742347985,-0.9901793131553591,0.5900694116725999,-0.2665578990604624,-0.9587138407354396,0.8723236305364348,0.7717177327798744,0.9956610933713627,-0.6519119691726009,-0.9217307327524271,-0.9238872258147274,-0.9758366216483564,-0.9007513219162524,0.808691077253954,0.948562907503829,-0.9354873303260598,-0.8873894035646773,-0.9267951885057819,-0.7733606691743106,-0.8477258716506479,-0.9220775210904042,0.17850833085649173,-0.29214124898320376,-0.9815792591913065,0.9408143134498256,0.9727503003891119,-0.8817366581801407,0.757005366588426,0.6307627364129721,0.946917187965201,0.8636485822351787,-0.6984353625135664,-0.8136375735355335,-0.07113625859982692,0.8952584444345688,-0.9538365957778153,-0.9898784297562876,0.19581579216832337,0.934242182000946
-0.9668295272597697,0.994196612851495,0.9793858422391575,0.996053591572242,0.970139462578824,0.9561338235360506,1.0000000000527152,-0.2686965822578673,0.9930469979967543,0.5902399198205521,0.9925115805379231,-0.5328785037495226,0.9976079912970316,-0.9973026735648024,-0.9858056011380464,-0.9596528404527978,-0.9756171678481641,-0.9868529328552766,-0.9942173243693131,-0.9391437027491333,-0.5522802730457852,-0.9940544906001401,-0.9088146609045634,-0.9014927564592772,-0.995611797923623,0.9804625372164526,-0.019904589549131078,-0.9196565581186711,0.9973182396560855,0.8549961334541917,0.7834855069963428,0.9040776781333201,0.8339597899237284,0.8635432267448361,0.0024367495614979785,-0.7753437869232384,0.9716574715923451,0.7676831388529956,0.9488906693940489,-0.9562297219156853,-0.08855543441176851,-0.8664644881965189,0.8129729410102345,-0.9649830450885297,-0.8085243018711605,-0.8548222934131812,0.8755335023122538,-0.797970257076853,-0.4322542627454543,0.5924366277009855,0.8621787379700612,0.833158754040691,0.4660867868778178,0.5455285998881667,0.980708729089871,0.9741741655330538,-0.9757074348599025,-0.9758478825362483,-0.9996123287632606,-0.9651846958293157,-0.961390232850064,-0.9389936754511884,0.15743234529903302,0.9916737051525691,0.9936363930167494,0.9856454248899412,-0.8686743038867716,0.986060559362254,0.9880713942022031,-0.8357931810277324,0.8563111797463221,0.943885002839056,0.40201642308316704,0.9937453546929561,0.8584380899834081,0.983857174700742,0.8395107998646428,0.7653509010113391,-0.929788522677549,-0.5644165321000415,-0.9835683601355878,-0.8818667374406637,0.2876529487891612,0.9850323869265372,0.9902189091158504,0.4340312694800475,-0.5748644961347806,-0.3424135378593687,-0.9154207309300939,0.769838809048789,0.000845463290123412,-0.9851892279124016,0.9733891198262875,0.7133561093309035,0.9735639081264071,-0.6140786117997443,-0.974543160834053,-0.9419515664314124,-0.9275396843981206,-0.987521296225872,0.6703172295974665,0.956144892785688,-0.9278780221366084,-0.9239376306907949,-0.9927880486632243,-0.8645407876803325,-0.8802285178480955,-0.9944717031252365,0.4118157348553731,-0.4814138623440262,-0.9936030852140715,0.811762996410041,0.9319795404273749,-0.7500969199226483,0.8488052440322102,0.8302453775428466,0.9871015041581898,0.9203249633128339,-0.8695858552111702,-0.8969126588055308,-0.11201431999254895,0.9676916531938464,-0.9980421876043133,-0.923182176421168,0.04705656165523353,0.995867441891452
0.04839201359122162,-0.18271097129123798,-0.44523253992249245,-0.32758504014612405,-0.41644518975305195,-0.18102142296244467,-0.2686965822578673,1.0000000004864553,-0.16525262019703016,0.5963779951064841,-0.33057846825089415,0.33723636382337246,-0.2872885796743459,0.20756970607465133,0.4230334791088755,0.5193802134415206,0.062247323352243804,0.417031894962612,0.34260186435640544,0.5331591889404247,-0.07900835743995378,0.3535813500199065,0.3776608741267087,0.6359767761607119,0.2814918614418145,-0.1867241101087406,-0.9419090155156183,0.5487239596699345,-0.30133968474477135,-0.05952143853742143,0.22717050704582395,-0.6521828916337036,-0.5745797111010634,-0.704774474405846,-0.9529355791176292,0.573801635330192,-0.379245586422586,-0.8166919002756414,-0.10042543487469516,0.03873637565330643,-0.9056092028648356,0.7043565533698366,-0.24106868854634156,0.11099905007218364,0.6951745449738058,-0.17763601232020318,0.20889038024903045,-0.32912336698025657,0.8639870059938227,-0.9235220566521869,-0.39827471460485414,-0.6362030733627917,-0.9326948569233517,-0.649570904722295,-0.4148735060886065,-0.06975693350506602,0.22759595861525406,0.05425344895885974,0.26927603241847087,0.5100026658533423,0.4632593237837297,0.4790116218481645,0.8211965225151299,-0.21097324172662807,-0.3190687846052426,-0.1909369774650528,0.1593784637007259,-0.4166829188965686,-0.2175390100571871,-0.07942583000042766,-0.13660420168822,0.05969526434011346,0.7484928256399982,-0.18686570814733414,0.21429000469186266,-0.33651718508158246,0.21179994843326697,-0.813509360107207,-0.09257209900118857,-0.37224081864484443,0.12499755425799876,-0.12081099647216834,-0.9776219477337241,-0.42533568700665886,-0.37726977709499904,0.7081919526894597,-0.6154610146258019,-0.7118346156004935,0.18796803217943636,-0.700884663138809,0.12930392757675502,0.10274070761073283,-0.41557598989001887,0.4716171898488401,-0.18616656581014943,-0.5783598715531554,0.4759614827223586,-0.06863060241658439,0.37208647766569103,0.25635776763067586,-0.4690024875190874,-0.47337206793213643,-0.08678742460442704,0.5950372489189955,0.3702974677069042,0.7084490409702325,0.670846878614331,0.32588298915175945,-0.7951354707396441,0.887720314420333,0.2249491786436982,0.0648032609515398,-0.3890110395027764,-0.256197979592882,-0.7169484972885238,-0.3432587778834458,-0.39863890292228576,-0.6206270126619969,0.524514033390804,0.6657601570872739,0.9694661195608552,-0.07437723589895355,0.2602083287176364,0.15872626726628905,0.9148468678771001,-0.23712254475036929
-0.9877525721842506,0.9969776589285032,0.9489932190756767,0.983801631597589,0.9526218643264392,0.9436916377534743,0.9930469979967543,-0.16525262019703016,1.0000000002436384,0.6688100004309417,0.9828932106331172,-0.4694626343447574,0.985483720015182,-0.9987909160331044,-0.9611603333418597,-0.9274719113790711,-0.9869847557808729,-0.9616476052004299,-0.9751998610241608,-0.8928973998262607,-0.531669327504318,-0.9750387488740375,-0.9052914443212274,-0.8450818214772134,-0.9861433405154504,0.9736691043099637,-0.1322473974826473,-0.8924946579846185,0.9898939158463482,0.8925145682345967,0.8088070559828553,0.8545209774710152,0.7706952691387964,0.8008225866793847,-0.10062857525879901,-0.7042526367670549,0.9430940029171397,0.6905602186457248,0.9721837212915488,-0.9822413130980132,-0.20260233482743917,-0.8116472979078538,0.776708060667322,-0.9641075339168257,-0.7351306197082639,-0.908214467859381,0.9256185051572733,-0.8628338460401495,-0.32458519037265937,0.5115116904060295,0.813625625551291,0.7646075982008991,0.3597584819462251,0.4567200130366725,0.9529627573698561,0.984317014812736,-0.9631949822107869,-0.9906377997498187,-0.992684890070798,-0.9323078275317065,-0.926528738278451,-0.8967271779657379,0.23526921234940196,0.9870387817026767,0.9851379041276483,0.9938960898368475,-0.8460572296921203,0.9614593382682656,0.9823539670793981,-0.841678310584327,0.8351516261753644,0.9709871191427906,0.5044130509756526,0.9934567085980794,0.8908981748786698,0.9756519133212566,0.8951931102733387,0.6997900876434707,-0.9568376363054997,-0.6494648674260978,-0.9970478050417485,-0.9282106362262644,0.19258024013233935,0.9585819911982225,0.9671017370281041,0.5208602287130574,-0.653387666591475,-0.4094911882665603,-0.8970751067591506,0.7281018220784261,0.06262247900459592,-0.9959352459496726,0.9574791528286987,0.7752740638073744,0.9654899289379345,-0.6879424546059926,-0.9428112970986319,-0.970667372295447,-0.8903076060323496,-0.9892549590105679,0.5997847522993852,0.9160323411493743,-0.9562169172207338,-0.8728924349340428,-0.9767305688695517,-0.8077752091453363,-0.8193325522488695,-0.9855331480389773,0.3635060929086627,-0.412559821730158,-0.9858462332987792,0.8128908132355114,0.8945576952671355,-0.7739083663099242,0.7898182021087403,0.8382743954169788,0.9641222261094898,0.8707654304321941,-0.851862422995541,-0.8458770218914091,0.0007652409288767897,0.9897265320458587,-0.9912083516089578,-0.9106626132417355,0.13505312412092838,0.9952061578684785
-0.7616959244735831,0.667444782221886,0.42710689459724843,0.5504699755251192,0.4719971157728986,0.6099019137423008,0.5902399198205521,0.5963779951064841,0.6688100004309417,0.9999999999044059,0.5458173995383594,-0.08541598748202874,0.5789783175153986,-0.6409188356364502,-0.4466288707253251,-0.3617992872291304,-0.7391310336307731,-0.46152101400202117,-0.5253735277771524,-0.3141579929339967,-0.5244256376363003,-0.5231832818289617,-0.4685149201320368,-0.2027374575227259,-0.5588205435606431,0.6252490510904178,-0.7953529430876201,-0.2904256828028144,0.5572017514497815,0.6649824070168124,0.7665858512796043,0.20745056228827677,0.16879733925189058,0.1121347906376456,-0.8021195935273666,-0.13736765174099308,0.4560679190971001,-0.041871899939221566,0.7074149724362079,-0.7572259965724912,-0.805571951082284,-0.14349404553327053,0.4183415463353092,-0.6757240860469697,-0.0662676283007291,-0.8564145959067325,0.8774328444331573,-0.9205243240081447,0.3813033001442642,-0.2634033136434756,0.3531658159122353,0.13755235077272257,-0.3752514239940379,-0.14920225172063517,0.43999036426406307,0.7449909006438792,-0.5814128583767754,-0.7498906329801412,-0.5948162321831314,-0.3637733683002879,-0.3744420384683993,-0.3428174431664549,0.7399610806506354,0.6132332073236225,0.55569611970752,0.6551212461822354,-0.547648420369738,0.46799899046963656,0.6459190431434587,-0.7061924200255569,0.5534102239393065,0.8012641613216032,0.9354520092487638,0.6397701714149816,0.8483672235081515,0.5421173324147434,0.8795691850295941,-0.035497920021043974,-0.8161874228513474,-0.7872885840294425,-0.7031681880782354,-0.8388057337831554,-0.5279594672159283,0.44673959142461334,0.49180289364669383,0.873327927651067,-0.9326531274766152,-0.8085177774141897,-0.5509377645641886,0.0858515099209482,0.1820542140605743,-0.7068477626195306,0.4631266557409611,0.9472359546837038,0.6142389015210562,-0.9968955818002104,-0.4018114869952155,-0.8243584404582441,-0.42480339488795643,-0.6017068365106601,0.12559639379628737,0.38408956975512626,-0.7968707675943093,-0.26761276548516066,-0.5080911585061207,-0.13958492644475523,-0.15584424880419898,-0.5422935588152493,-0.29671564035197834,0.2960612982843823,-0.6205084647482882,0.6701823413267579,0.40998151952734013,-0.7722888259755591,0.13174078024588876,0.4256914278821683,0.45959190760801144,0.23373280438265592,-0.28906842876805255,-0.18472070492461873,0.6837162812265855,0.7262042171393975,-0.6071906446907541,-0.5756123986664611,0.7664951735617732,0.62499773616979
-0.9581585482818407,0.9854681716006083,0.9779956155661752,0.9982911284692553,0.9917882437554698,0.9165468447740954,0.9925115805379231,-0.33057846825089415,0.9828932106331172,0.5458173995383594,1.000000000057284,-0.459390296036565,0.9885142693683322,-0.9894995230476331,-0.9864722936250638,-0.977974820914698,-0.948918888064171,-0.9880822191291433,-0.9859555808858748,-0.9337092849029586,-0.47176964568961327,-0.9906427166004371,-0.9514182961693909,-0.9080069505317354,-0.9819327345509721,0.9496701939229377,0.027678954983454705,-0.9504268512164298,0.9957008265400684,0.8826129201240631,0.7040313261667522,0.9300849868889285,0.8097952635452544,0.8777601419555003,0.06068582598247465,-0.7472832200574698,0.9518474968261585,0.7967894406338776,0.9583091625433484,-0.9526272947835245,-0.04308073016800219,-0.9019278052881221,0.7507177073292609,-0.926660688575429,-0.804202045129928,-0.8499221191592232,0.8499270141911803,-0.7739040501608188,-0.4360074216694266,0.6542090002208759,0.8227874247013024,0.8218354554861984,0.4974331096204296,0.5094951335659011,0.9719554516200927,0.9516674498894871,-0.9439188682970988,-0.9538644366837002,-0.9940463083316254,-0.9765854025434869,-0.9509271077350218,-0.9218976679012831,0.05460105219721164,0.9689434016517796,0.9999175581847778,0.9883579757506163,-0.8104366216187101,0.9903898004978412,0.9785798997533903,-0.7638517452122863,0.79475508753668,0.9107806517553423,0.3582274580538545,0.9735743052928225,0.7987826057456752,0.9981113179696528,0.8334127661991341,0.8136966060707244,-0.8894447436796752,-0.582374555603966,-0.9775007557053101,-0.8801054702733015,0.367263379306787,0.9843186244907867,0.983431753145291,0.35594051698408,-0.5041370486854483,-0.2402556508118094,-0.8642351172614181,0.8364530171870996,0.0906230558901828,-0.964372765017646,0.9932238767631395,0.649033177340588,0.9391735158902353,-0.5626981246492587,-0.9798877475079507,-0.9149191127899645,-0.8947306315565103,-0.99508680462249,0.6205403814430969,0.9473282774377143,-0.8868589477558252,-0.9319420086711709,-0.9979268487645411,-0.8983757786636688,-0.8889777517063481,-0.9989110738423758,0.5073998315995424,-0.5692034493390027,-0.974715239140687,0.7358709998499059,0.9011710638112748,-0.6662831680907084,0.8859572506172934,0.8850943604702922,0.981895720757101,0.9337504558951449,-0.9185743739664649,-0.9224158304178321,-0.16624367921060243,0.9621051027847974,-0.9925546471119971,-0.8718726014786304,-0.04292495299960379,0.9948609087388064
0.3715968357686547,-0.4830999118551739,-0.6165463593868775,-0.504373400326163,-0.41163487299344076,-0.7224180983283449,-0.5328785037495226,0.33723636382337246,-0.4694626343447574,-0.08541598748202874,-0.459390296036565,1.000000000111799,-0.5678528458767563,0.48746616131168913,0.5775302425041527,0.5066653243518107,0.5293049332971249,0.5767590722327482,0.5996276546444315,0.7073215212238989,0.8061470255251102,0.5718155994659503,0.19039964120038655,0.6785425623691355,0.5809423921207572,-0.6542326088985424,-0.33506165338426636,0.3943838385838798,-0.5022238176697198,-0.029949969249615346,-0.6656645985050467,-0.5327751392637974,-0.8584806906781527,-0.6531843242860587,-0.23806793443547242,0.8937498894081205,-0.7075252735995691,-0.6030596168581193,-0.25014412117842616,0.31173004545700583,-0.32279391071336666,0.4905816784128251,-0.9149029909575267,0.6568181887428838,0.7896360421125543,0.1245313030227676,-0.2691317184653516,0.14466210096919171,0.7597626824487486,-0.36218420147383806,-0.873996335687839,-0.8130495568287462,-0.6106921499404678,-0.9340898122861655,-0.6452747279921998,-0.5103879315877626,0.6892918188559365,0.4843192928434711,0.5212417461522415,0.5525423909966738,0.6856902248699505,0.7523008673176531,-0.2281413906568889,-0.6031887556344293,-0.46059692453449613,-0.3861751642715766,0.842069518390368,-0.5551098658765856,-0.5289143908202908,0.7504439103388367,-0.8473246714183036,-0.46693925481247395,0.12752975468842645,-0.5658465571607905,-0.5475277646243201,-0.4093399781399559,-0.11088969850516892,-0.4323422712285593,0.5009815227563393,-0.3056077944043399,0.4061535972688965,0.156594782485253,-0.1980930284857048,-0.5942361846931528,-0.6120295591876388,-0.1679331382743374,0.23325368044689695,0.36542006945807776,0.802595894278439,-0.20138356470933175,0.8397608005782732,0.5053117337511571,-0.4160197138847533,-0.34775355655128676,-0.678679631391338,0.16113805531879655,0.5838116395665923,0.4215371891826848,0.8064467695194365,0.39551629418951845,-0.9648775363778904,-0.6997373826117604,0.49853910069931845,0.6498433728246246,0.5079764767919123,0.5091165023985501,0.6808728145969732,0.4746248809543473,0.0840861645337275,0.09903574030588613,0.5974748998082825,-0.7876726874799713,-0.7989880714272813,0.6816628780439202,-0.4941013092642151,-0.02549928257682712,-0.602657390463307,-0.611434240118257,0.21738092586380361,0.541033968541102,0.3570434134272405,-0.35079585135323277,0.5188014975661973,0.7760539180469097,-0.0470774505747301,-0.45959540288225426
-0.9580318851210444,0.9914241500347651,0.9844919864127045,0.9952917740097303,0.9680523157982225,0.9656359327937243,0.9976079912970316,-0.2872885796743459,0.985483720015182,0.5789783175153986,0.9885142693683322,-0.5678528458767563,1.0000000002357312,-0.9921128776007535,-0.9862412471117405,-0.9605376036616943,-0.9734441534786742,-0.9899853345301907,-0.997726994466173,-0.9510099595901483,-0.5952974791241126,-0.9975066594071724,-0.8961482607434994,-0.9140284851857778,-0.991937473884573,0.9834834959418157,0.0076712130203630295,-0.9088125333079701,0.9913870780595234,0.8248503794270233,0.7837374557122111,0.9097400590173745,0.8547764226287344,0.8748563094958425,0.016334000400989424,-0.8064419442264388,0.9784540725625297,0.7843567929555157,0.9321710405839597,-0.9419182541664659,-0.054059829587252264,-0.8734410530517298,0.8364722742009448,-0.9690543931664761,-0.8304629317658295,-0.8309085158367756,0.8556076635840787,-0.7736341187545628,-0.4680490623322262,0.6005051462984805,0.8878280377775203,0.8566477211910716,0.4993095778293406,0.5787316996752254,0.9839575402615538,0.9746381543169289,-0.9798440071404426,-0.9712781670032777,-0.9979628450464781,-0.9663293919451514,-0.965707884024872,-0.9495431798280733,0.1480518092309136,0.9897561561087402,0.9895159954673247,0.9759170193391433,-0.8889224437192758,0.9896020209179738,0.9930339617841569,-0.8464283239954421,0.8766072298485933,0.9341610212296225,0.37061451774368886,0.9902595707332303,0.8555659199489704,0.9787781253798318,0.8174666551461837,0.7701664414459715,-0.9231877995700793,-0.5209233185210421,-0.9740659961258085,-0.8615879481655443,0.3048854814964461,0.9876603059016299,0.9943886588813756,0.40796429930283845,-0.5543429300428301,-0.3383797056583345,-0.9269723815097223,0.7635176391736986,-0.04359109184428942,-0.9786207240840566,0.9677287436407336,0.7022495641555571,0.977046362133912,-0.6054780453553334,-0.9784868079249585,-0.9340091999952439,-0.9438555853617547,-0.9781893702511062,0.7078313657156121,0.9687072492654246,-0.917155682623151,-0.9371127601678958,-0.991095557617384,-0.8734123415906202,-0.8936644332990937,-0.9888290107144841,0.39447121505290395,-0.4820037352180847,-0.9964723628666443,0.8251114404972925,0.9461239844484839,-0.7558712362060153,0.8608784329822105,0.8055927247517402,0.9869463527170006,0.9275528742879927,-0.8527589927326324,-0.9018041106522083,-0.14381648992589804,0.9526381190837871,-0.9981697310228257,-0.9304609767897472,0.04011257075240129,0.9914926036696263
0.9825428934524448,-0.9983034800089374,-0.9622462135771056,-0.9912263748334139,-0.9637092608601726,-0.9478305441646392,-0.9973026735648024,0.20756970607465133,-0.9987909160331044,-0.6409188356364502,-0.9894995230476331,0.48746616131168913,-0.9921128776007535,1.0000000001917355,0.9719903682005717,0.942783301984975,0.9835851163794797,0.9733881854308439,0.98408024618405,0.9114305923771946,0.5391920498321751,0.9845708636016763,0.9125644935904259,0.8680337235338936,0.989890097782772,-0.9759560089731245,0.08838272827832044,0.9050528128537181,-0.9941859464862535,-0.8819890363477291,-0.794203939759933,-0.8765803403822242,-0.7930941152394025,-0.8260871083957022,0.061157791893635176,0.7305852320320647,-0.953709939804042,-0.7227424361858913,-0.9667594503025494,0.9749220362018194,0.15710297090397074,0.8366141101312236,-0.7871316837757923,0.9639548172632775,0.763187086366263,0.890472950271948,-0.9070092255522865,0.8390101090842644,0.3650237748715052,-0.5463583136348563,-0.8312649507829236,-0.7908749816402737,-0.4031194402725947,-0.48637083736509273,-0.9640237146954508,-0.9824825699766059,0.9671571403183004,0.9863577435543818,0.9973829559030091,0.9469431733524197,0.9394756766741339,0.9122451539064085,-0.1982815478176097,-0.9886543601083443,-0.9912479198981544,-0.9935318622222693,0.8527380726578917,-0.9735621431963019,-0.9877975195146619,0.8361972105845868,-0.8409431006568646,-0.9604153265784164,-0.46433660228043083,-0.9938600397934814,-0.8765982348364914,-0.9824996149297497,-0.87707372041356,-0.7284967145271447,0.9460118379605864,0.6202039720722087,0.9941055647990432,0.9138336750482374,-0.2348002536173215,-0.9702590532197136,-0.977446831037236,-0.4817546316830576,0.6195037867227027,0.37759705165608964,0.9015712599000485,-0.7500814317055122,-0.04706429576849424,0.992448279835481,-0.9669968056225322,-0.7496934292160058,-0.9677173591622569,0.6611340211074168,0.957042928191637,0.9609327167039129,0.903699882803925,0.9914332131461452,-0.6241685385652408,-0.9326790988786153,0.9439059530968928,0.8948441615562629,0.985339988608069,0.8335145579144444,0.8439495176128992,0.9911302618625338,-0.3870548146032792,0.44538995457448344,0.9900467944800779,-0.8087416993249306,-0.9077493069250484,0.7603678979598751,-0.8173573642736149,-0.8407750755834903,-0.9735492422745552,-0.8915525365143593,0.8626644930685292,0.8680459970169344,0.04572102272177959,-0.983072557104894,0.99633167648685,0.9125196202252718,-0.09724761171606165,-0.9981325886322285
0.912958156181886,-0.9635228487853672,-0.9976431762944834,-0.9899308488376736,-0.9772511193780065,-0.9349049549529095,-0.9858056011380464,0.4230334791088755,-0.9611603333418597,-0.4466288707253251,-0.9864722936250638,0.5775302425041527,-0.9862412471117405,0.9719903682005717,1.0000000003327443,0.9886349059285092,0.9282309698662252,0.9985694730012927,0.9936405844521822,0.9772754739292515,0.510528883097022,0.9939444181162003,0.9085171397443245,0.9586010347263806,0.9870994098943283,-0.957702280705051,-0.14560701148532318,0.957118194753906,-0.9890576401462521,-0.8057266705374366,-0.7098446139440393,-0.9595390742831134,-0.8918731140321692,-0.9349851392133848,-0.1695449363782774,0.8350885096486979,-0.9832748653570671,-0.8613914192371005,-0.9030503717571773,0.9012687752836638,-0.07283551878031447,0.9312867237643787,-0.817712002468449,0.9303519202923791,0.8850527342152001,0.7671280798195927,-0.7862253906057458,0.6908382491247003,0.5624268806795146,-0.7115695275256437,-0.8860783294479871,-0.897940208978268,-0.5984729677029537,-0.6395572574554074,-0.9960949202526845,-0.925914255362923,0.9615766729010038,0.9259323584546899,0.9845825905641338,0.9943325862633002,0.988272794611013,0.9709209795466092,-0.020458892846920762,-0.9718230198039337,-0.9856659095944375,-0.9555268984325048,0.8524317284453876,-0.9964654095351114,-0.9624235505662561,0.7818921401048241,-0.8375451454748524,-0.8790855601713092,-0.2481260601658707,-0.9684542496463668,-0.7757606552315313,-0.9775326914943888,-0.745745383802107,-0.855714736478319,0.8608821324819393,0.45675482364235653,0.9433597191169598,0.8012993886244348,-0.42997103803599906,-0.9994738423492942,-0.996201597344786,-0.29682902856903576,0.44158748517259855,0.2121030749709387,0.9021239703486019,-0.8341930449116274,0.04283089783203803,0.9447506257446203,-0.9820498556137675,-0.593536044184629,-0.9523595475994773,0.47402873223819164,0.9973241112656203,0.8725779503639598,0.9422922769308703,0.9686351854931567,-0.7220993843994981,-0.9818821161935644,0.8620239581059831,0.9703037378843027,0.9948523968585947,0.9302565024960424,0.9448205297836142,0.9890597077952628,-0.5145325517103224,0.594351386329254,0.9733044806971368,-0.7630682889565041,-0.9498946121381464,0.6725974689898857,-0.9150060715486282,-0.8284208898188242,-0.9986309874258489,-0.9722924516803879,0.9011466901440552,0.9561215789884506,0.26957707923072544,-0.9201562370789275,0.9806112600569254,0.9049586172867887,0.10661822399997357,-0.9738564242478631
0.8775276095663122,-0.9334110279003416,-0.9864203695522558,-0.9766553516806243,-0.9877836203885748,-0.8765521082416043,-0.9596528404527978,0.5193802134415206,-0.9274719113790711,-0.3617992872291304,-0.977974820914698,0.5066653243518107,-0.9605376036616943,0.942783301984975,0.9886349059285092,1.0000000003116953,0.8757895926551663,0.988460788279414,0.9709834808656796,0.967631678546384,0.4213583924497129,0.9768150777875264,0.9385093593812875,0.9661317703005595,0.9544016341579706,-0.9062561033245784,-0.2351066180289941,0.9800059550711444,-0.9691443910357933,-0.8055856086504954,-0.5975750074153882,-0.9862099972874511,-0.8689857016018248,-0.953484981387326,-0.26586357118981035,0.8128009624463881,-0.9509942981475247,-0.9035004364553644,-0.8865505769562659,0.8694796524111336,-0.16293348497251772,0.9710998511404964,-0.7450600780665376,0.869223096464142,0.8881891193293221,0.7267832620067615,-0.7234504278359281,0.626576218097568,0.5935389738971399,-0.7937551166219995,-0.8422378791659862,-0.8916103170909323,-0.6596155036600274,-0.6176269844904351,-0.9754053389553905,-0.8790849269725763,0.9108041578044912,0.8775270041961085,0.9607583809278446,0.9979249759230852,0.9680818827726279,0.9466755412611292,0.12226936966209999,-0.9279021106080093,-0.9754493822150893,-0.9359296848660063,0.7790945323211297,-0.9898231853388905,-0.93520856547017,0.6842362375686262,-0.7602770939501059,-0.8143959975627421,-0.1576417448715151,-0.9259777901329931,-0.6822034767306007,-0.976351552266901,-0.7040531110548999,-0.9146191788498076,0.7887747910938695,0.4360863172758312,0.9124324612186665,0.766549893088765,-0.5437230698172422,-0.9874218793245029,-0.976511461605206,-0.17168186222659745,0.325371093270217,0.07044619160608638,0.8332448711014543,-0.9055278029121758,-0.035204057801322484,0.8982135915230869,-0.9893792151081645,-0.48810258669878887,-0.897361298641232,0.3825338174606672,0.9940264749919173,0.8147477247431164,0.9000322781450499,0.9563438037547053,-0.67803128701516,-0.9665506148111024,0.7880968991939662,0.9777982341545947,0.9857935958043896,0.9691067350096316,0.9566601693448287,0.9765677673897741,-0.6255021688081353,0.7037896729076256,0.9354241761040343,-0.6631130534666512,-0.9094926256895645,0.557383275589623,-0.9591085991652158,-0.8686555963449155,-0.9799892499674171,-0.9845768303243384,0.9421950227347324,0.982607299818917,0.36503006765626395,-0.8868071595158802,0.9572018702048015,0.8334728928226318,0.23484062713146422,-0.9531519033494166
