1.0000000013431585,0.835988764196116,-0.9734971520410972,0.809468356786529,-0.9581136818335121,-0.9445788394156829,0.7506915488020818,-0.6116343519429894,-0.8596343530286596,-0.9239514946509036,-0.8007972176127671,-0.8696871981276482,0.5615913030172958,-0.43988842588444854,-0.7341777324023584,-0.9679543406559747,-0.9292507980583876,0.22213917930901655,-0.7319987110394323,0.9795153269435097,0.718776613767978,0.5733368140943774,0.867163752198819,0.7379272437838045,0.669861694390149,0.8207912815930878,0.4282283841329514,0.8064369736931942,0.7909800222711416,0.7201867578427216,0.6233378846294978,-0.37530452868568204,-0.6802523781894422,-0.7439295970898613,-0.9204914682745078,-0.786323676853009,-0.7230414316082656,-0.490598669040638,0.5099469408420424,0.627657433628182,0.5500685287208633,-0.8826902316985842,-0.36912288187135145,-0.8112372999405871,0.8993431571662698,0.6944769827195303,-0.8249201360855012,-0.9283872071149439,-0.8720204360572403,0.7339468702542404,-0.9119942793859651,-0.3505830280486486,0.10588519552292326,-0.5019821863603968,-0.9280128129241166,0.9696460300981341,0.9376479341968837,0.6786156293990419,0.8297189716182746,0.959594018199939,0.6553529605336074,-0.7375079110982018,-0.7882863398787002,0.6425338263850108,-0.9297890908171147,-0.42953902712439707,0.5038168301222458,0.884677893783187,-0.6396093704654912,0.8787524063097862,0.6746050376654658,0.9263475616276621,-0.25632385881901876,-0.9430391669070782,0.7204780928606511,-0.3901723315267453,0.7782299436971283,-0.2461530884478852,-0.8463194541283343,-0.8527673163166926,0.3616436630839987,-0.49717292440818384,0.904919010118306,0.9572451082679972,0.9511850753229781,-0.7912475832798505,0.958964956195213,-0.9461714709053038,-0.3483113022842187,-0.9384621217911123,-0.8957406240187487,0.2948517494425653,-0.9310525164729276,-0.7567073149344491,-0.3763383946712806,-0.8636808233455301,-0.9616759456283704,-0.22494574253893204,0.8530052391954072,0.8676910114615586,-0.7501949090754774,-0.8361392465206103,0.9332242097269664,0.7367542381152636,0.21246885543217156,0.9846270783026599,0.9088100341544332,-0.7382289153512681,-0.22870397318367633,-0.6597641279308081,0.8265257736136614,0.925720805824492,-0.23843106997821115,0.8842389614125046,-0.792897556811452,0.5569135196353855,-0.4328182097294087,0.903550913124625,0.7339701276191187,-0.8121495442547796,0.9019765960925213,-0.9817373614536299,-0.036731572238946825,0.7739107790016583,0.5984073571365015,0.8347739830825144
0.835988764196116,0.9999999998461284,-0.938669192701416,0.8817337008132755,-0.7422145095256528,-0.9496974970165009,0.9400576219587331,-0.7350762212095387,-0.7157208256718293,-0.9337146643125901,-0.9488755863959532,-0.8985038987301536,0.46832657260580074,-0.15507325146657647,-0.823824082731597,-0.8340994954242555,-0.872897931306791,0.5457137360846457,-0.7385533313051418,0.8384823274397447,0.9493426607608917,0.7048236296729564,0.8146454716936747,0.600580424742679,0.5989841328250144,0.9192404425728301,0.49070912804012057,0.37853430282212286,0.6522971323456158,0.981925470441839,0.8081324998049677,0.02438880208784372,-0.8976981224097924,-0.7874689338116221,-0.976121344184833,-0.6611200407024226,-0.8650778576055276,-0.8008325173911702,0.570738215422434,0.9150395534951694,0.8065327616608008,-0.863142676452145,0.07174230194086743,-0.7719687154435807,0.9392138048439345,0.9477901000937538,-0.94393751652152,-0.886028263231878,-0.992705914021986,0.46124257511559275,-0.7459897591669673,-0.7543188971084935,0.09772408982466117,-0.8669129111674232,-0.9490764555942548,0.9247616913318054,0.9484725439406619,0.9617423529459069,0.9839810010346768,0.9118594182565778,0.6890476955609471,-0.9597606338657181,-0.9276335068505083,0.9130790520236538,-0.9274081241035361,-0.5365219705231207,0.5363344772164409,0.9453173053184719,-0.9422516362633178,0.9424324239133653,0.945849224347335,0.8861575547667683,-0.4738159203371053,-0.7431060468033884,0.9678395181775173,-0.6192350473596402,0.8599778801342224,-0.4795902381090716,-0.9987009837929228,-0.9989339324368962,0.7733583828607044,-0.8501018254168465,0.7263213845161378,0.7627048943607146,0.85323282278153,-0.9566512156297845,0.8643928333872599,-0.912311829516033,-0.7829605753168131,-0.9135626793539037,-0.810887477023888,0.6850324802228543,-0.8800640183164248,-0.9674465419790206,-0.164599680275078,-0.9323767701295907,-0.784954896538577,0.213523367466378,0.9509910547959389,0.5121440763973119,-0.3814404037353456,-0.7435431192454257,0.8988626442249993,0.7960898950746508,0.09134869068583898,0.7565791036212051,0.8872799059374147,-0.9314154087441295,-0.6792897934416356,-0.679263512523596,0.4907609387192904,0.6816601405317539,0.04827873373250222,0.6328338435234802,-0.8443736510926012,0.6189743718986856,-0.18353936165355608,0.7853166166513426,0.5949292324453457,-0.9096849778663728,0.8791935128130876,-0.757554484755164,0.10078413745578602,0.9847878469641659,0.9283245116758821,0.913743983921078
-0.9734971520410972,-0.938669192701416,0.9999999996068377,-0.8777194270758565,0.9113948680717009,0.9889444333945339,-0.8587834431775001,0.6868664543168149,0.8358296084000467,0.9622311987191378,0.897285991581399,0.91710826698895,-0.5617133995303789,0.3574129867215055,0.8052719955961277,0.9524856028077149,0.9427903134167588,-0.368578103963459,0.7709908673738342,-0.959543055564795,-0.8453833965078865,-0.6610408462809675,-0.8847157628012426,-0.7181784706202847,-0.6705657997967768,-0.8962520441450048,-0.4807507172279258,-0.6654462783705377,-0.7631456473676351,-0.8579105729137837,-0.7267211352194163,0.2267606490155143,0.8008709108334648,0.780878544527586,0.9798505836793029,0.7604753094617313,0.8136157492939562,0.635410819751165,-0.543140112016129,-0.772457975722307,-0.6722506380467183,0.9161281365180443,0.20657719665367097,0.8311357430591584,-0.9544624619108676,-0.8306506931802279,0.905332087375271,0.9513977916110098,0.9598209185825475,-0.6529398150007208,0.8807357980601613,0.5334729752000109,-0.11375953292599017,0.6676556118413014,0.9753776058311888,-0.9897026929772156,-0.9769521322236867,-0.8252248005124172,-0.9301792378002269,-0.9764542176258575,-0.6960540220035626,0.8548079632492828,0.870588877284151,-0.7793378243687685,0.9615982958371296,0.5053844709085847,-0.5440096977151196,-0.9445791780900875,0.7871243130297978,-0.9458240042719344,-0.8207518322601178,-0.9517300106329104,0.3486945198385335,0.8975992958574363,-0.8573209182838254,0.5130554162162356,-0.8433401413608861,0.3635247907016767,0.9441223029966043,0.9487964260634543,-0.5521090884567117,0.6617183241432023,-0.8658625053411865,-0.9221292791144563,-0.9540958756886327,0.8934074404964949,-0.959017282948016,0.9713264634284114,0.5367296666611648,0.9693254798288168,0.9010354242768864,-0.45700160251639327,0.9513076926202123,0.8756928729924903,0.2986820385162598,0.9218572566625426,0.9276951465727306,0.045339886253572576,-0.926875075870213,-0.7513336717355322,0.6397901704515861,0.8411683365173188,-0.9606307288705372,-0.797715256063215,-0.18218754117533814,-0.9306602416533993,-0.9361441249089659,0.8469059184625337,0.4342686301921782,0.7007219108568695,-0.7239201800133258,-0.8572603184327178,0.12209821362062113,-0.8172161571228125,0.8452845624931888,-0.6034222470101486,0.3549389176581764,-0.8876669111827806,-0.7005724684379396,0.8882452240643982,-0.9306173440389732,0.9326673696326101,-0.008227902823781266,-0.8902734746221963,-0.7557393720994243,-0.8945589386803584
0.809468356786529,0.8817337008132755,-0.8777194270758565,0.999999998959117,-0.8557232878196546,-0.8687341892528243,0.9404164475345974,-0.36176431723090435,-0.902969119810279,-0.7530876909617366,-0.9783847974437208,-0.97037006338223,0.7888913479451026,-0.4941226932946963,-0.9866504498048382,-0.8996147901079947,-0.9324998996006424,0.7392858484742111,-0.9686516570162264,0.8593561494630472,0.942403673032809,0.9354526198751272,0.9736801208517509,0.8914679779903477,0.8859255130445322,0.9829515687891811,0.8313614571151879,0.5615167807640677,0.8495351380447383,0.8507862866925033,0.4722218660376414,-0.3670096599119977,-0.9606270098804621,-0.48708404266370586,-0.842553557580558,-0.806686737608392,-0.9788025004369343,-0.43668215794303367,0.15631008759466183,0.642238469177047,0.4355821950498938,-0.985307820103079,-0.31848037589827977,-0.9649391656994032,0.7577550735965225,0.9316203877223391,-0.9335110297614766,-0.9659410160528397,-0.8730734108432746,0.7542851340688531,-0.8907851896624075,-0.7730062743063385,0.5365622666743954,-0.6187911304157533,-0.7900010626823559,0.8938413949313285,0.8454664520353956,0.8855518673812596,0.9496920794259176,0.8833555644830918,0.911019436145516,-0.827185058235638,-0.6971334960014006,0.8938359805308881,-0.8042870371035481,-0.8329146168001662,0.8609920501854986,0.9469984870843314,-0.7780836099993349,0.981576497830149,0.8705408330866328,0.9692997887028364,-0.0024353941916496155,-0.8458318419038274,0.8881170720933524,-0.388417996732726,0.9651077263847273,-0.7600644180298157,-0.8622623668575014,-0.872053534906675,0.7767820860645008,-0.8158253746244826,0.8556741742337969,0.8527978952155215,0.9386931606938201,-0.9653363754126794,0.7094439812299173,-0.9439547397323662,-0.5344500695952591,-0.9618188128605556,-0.9605648267829048,0.4933430695906437,-0.9648794256089562,-0.9376310718643232,0.19116223310459965,-0.7099650925175633,-0.6502889400285786,-0.0775528688823893,0.9461799342406279,0.6070262692338789,-0.5593975923407931,-0.9421570674501881,0.9661733731651244,0.9866845185635189,-0.1330288986730977,0.8001781864025338,0.6716376829268771,-0.9344861783848305,-0.6050914217055214,-0.9421514241849384,0.7218752373982145,0.541773342339855,0.3636948004904082,0.8200864319715342,-0.9549762742518539,0.8504756220920897,-0.6089490504991703,0.869882224699668,0.2746896721852389,-0.9920165161954106,0.9694663094464211,-0.8074013831225966,-0.3795343957677777,0.8041739970341284,0.7325314819956077,0.6728304191517241
-0.9581136818335121,-0.7422145095256528,0.9113948680717009,-0.8557232878196546,1.0000000032371132,0.8729414699607065,-0.7258363375684401,0.37831626883453606,0.9437772226576919,0.7914076293080435,0.7938414748575839,0.8849069647654276,-0.7394755446571218,0.6354710907695063,0.8070575903832092,0.9790946234408082,0.936180407587118,-0.3241061107538343,0.845971509113038,-0.9636472953109403,-0.691881937691963,-0.6927925878658102,-0.9357870450966163,-0.8887234238495443,-0.8168190361275289,-0.8326265037047305,-0.6152587900859656,-0.895052962280912,-0.8806332207382699,-0.6207245239907416,-0.4116679860187699,0.5941988294252241,0.6952112317203175,0.5427764296731938,0.8157338373400568,0.8442727089216433,0.7664008067749608,0.26182462673577167,-0.24941536164406472,-0.4497870374064418,-0.3146163585850793,0.9303716332954365,0.5901451931308725,0.900170341800985,-0.7700359951907136,-0.6634393498785222,0.7916600036818043,0.9491004790587778,0.7779813415839687,-0.884688250366001,0.9703641865336415,0.34658153584994955,-0.3579561361125598,0.3370228641822195,0.8101846175352684,-0.9236054645028026,-0.8490488654713195,-0.6125673290619678,-0.7855352976588174,-0.91425395185189,-0.7625382072808441,0.6342250067095443,0.6269388911004597,-0.6082722969486348,0.8290270219514303,0.5937123595502941,-0.6779967369000227,-0.8581222781075742,0.5206704133630304,-0.8776081358269041,-0.6122450875922923,-0.949917774243369,-0.02845414915196242,0.9760304468973945,-0.6537569647211661,0.2515127077784265,-0.8141220659667069,0.4028286225833153,0.7417090428533609,0.7538481277763152,-0.3508997091613822,0.45721910978904107,-0.9533934691623283,-0.9872644651315502,-0.9763832658294241,0.7717471249108285,-0.8436689061034593,0.9373532830386311,0.18680457587463492,0.9406993832909084,0.9585852632773147,-0.16438048627157317,0.9550480116906299,0.7152897846136334,0.16150353094791448,0.7069672494082458,0.8588861974142685,0.3858524684989745,-0.8230490339516481,-0.898304847702982,0.8420941461946139,0.9321704269265219,-0.947049897454619,-0.8272765741254219,-0.0867146424859812,-0.9838859596913806,-0.7587737956501389,0.7149293597765438,0.17978644197307475,0.7941313684157721,-0.9404711081426531,-0.8186547500396885,0.05040284299556628,-0.969257676693886,0.8313886700764909,-0.6708416182579717,0.6712850002678269,-0.9245742291193473,-0.5277298500217616,0.8357474262491529,-0.9282432350241092,0.9867498844492018,0.31845898380668863,-0.6437104834675575,-0.4623785431770631,-0.6672788400896684
-0.9445788394156829,-0.9496974970165009,0.9889444333945339,-0.8687341892528243,0.8729414699607065,1.0000000002180969,-0.841527825562624,0.7407767975397074,0.7726144310296268,0.9487881723469653,0.892083089433646,0.8802156592212549,-0.5776533208905782,0.37339169575154274,0.783173318469597,0.9079888974261399,0.895462465833028,-0.36421610895262535,0.7465490041493416,-0.9103842988882446,-0.8495775454202023,-0.6690279493940486,-0.8511898166191758,-0.6781029433482926,-0.6104076829425052,-0.8734344007379348,-0.46433808833050716,-0.6050431339558698,-0.6794634627148936,-0.8756699699318002,-0.7905342329877193,0.13112558470303132,0.7986121270687695,0.7479165384038291,0.9738492773221168,0.6664229672396121,0.7930601901297013,0.6838061582573556,-0.5309061643868118,-0.8222559222474735,-0.700157880150009,0.9006797211212951,0.129377356627232,0.7883066763745346,-0.976528352464132,-0.8455005652805054,0.8744684093770333,0.9238416845785623,0.977498237261095,-0.5742562179395332,0.8200581902645501,0.5503544564194742,-0.07060573648710844,0.6831006320193063,0.984430794532299,-0.9595312629026947,-0.9487806083003115,-0.8456370765792753,-0.9378529273507772,-0.9360996877621656,-0.6374829933911851,0.840847274505066,0.8522122867276212,-0.7702495986233794,0.9262293084427999,0.5293777060786929,-0.5083351921797631,-0.914090813790218,0.7919061929467701,-0.9464424651096269,-0.8688591183883271,-0.9333065676805544,0.39139255786917104,0.8334865673274067,-0.8957447536502796,0.6318845388205894,-0.8026483490587474,0.3820120084899142,0.9546633059238422,0.9603208168200617,-0.5954290235064932,0.6613715034218676,-0.79350543254304,-0.9064049634437418,-0.9340583512261784,0.88647798488588,-0.9558954891527202,0.9398620129648602,0.5613295508610949,0.9496583814708157,0.8664893796885252,-0.43523463660858225,0.9266441610947858,0.8761216337405895,0.3103299857934708,0.9085877281513614,0.9154730147765936,-0.08374726751592942,-0.8992791420926456,-0.6615217564116168,0.6366733939303751,0.8317437501717541,-0.9411769407173504,-0.7828981107235573,-0.2804011583250678,-0.8836240527435287,-0.9441599287265343,0.8267096109691685,0.5252575412490056,0.6701637660011883,-0.6552968523998769,-0.8119092173604097,0.11377756717197245,-0.7492500108514542,0.7966768107834844,-0.5356251978810406,0.29647026476768695,-0.816153707469182,-0.6965306671956252,0.8705261775369809,-0.8943473007770677,0.9057238493563324,-0.042347939031246375,-0.8977074589414233,-0.7703621670974713,-0.87713716539604
0.7506915488020818,0.9400576219587331,-0.8587834431775001,0.9404164475345974,-0.7258363375684401,-0.841527825562624,0.9999999985520064,-0.47330966800893176,-0.8094233923973332,-0.8163545399305712,-0.9859469817319989,-0.9576661844121125,0.5404176459379066,-0.1691816639269442,-0.9368670462347065,-0.8339207239337919,-0.9062132917611063,0.7644653700947375,-0.8577229273645797,0.8194773571765565,0.9891937873111796,0.8297101482833321,0.8817493540892816,0.7197099160996476,0.777291962594683,0.9814652323868444,0.6917302265103467,0.3588165298913362,0.7892933668969812,0.9487543324816304,0.572842079867602,-0.15254521417785205,-0.980509650172038,-0.6626513198598882,-0.8889158430031742,-0.793603692149415,-0.9714131875855929,-0.6311891407193602,0.3741310099905856,0.7736014549707633,0.6419020706641466,-0.894637284813476,-0.05980396508823936,-0.8793156281777988,0.7781011163537566,0.9761335563612046,-0.9887435373983758,-0.9038322999688825,-0.9028397034740249,0.5906203335165537,-0.8026003244942455,-0.874000288088561,0.38152461743981225,-0.8293078060296482,-0.8112138915804021,0.8868512659482624,0.8937987551140454,0.9629653992027122,0.9688526260742563,0.8907707506136522,0.8728033143085192,-0.9599509983340869,-0.850004791923532,0.9872702941126209,-0.869189709530414,-0.667985461719819,0.744043135801712,0.9699317642546103,-0.9329395454857087,0.9383795792059691,0.8992503012216182,0.8920839305851616,-0.23529290243169437,-0.7688742783568121,0.9226234354730252,-0.380189257798932,0.9675648702834221,-0.6704265052077794,-0.9251922869307024,-0.9260017869488126,0.8458103726804935,-0.9424526605663129,0.7890746747942966,0.7066250861747336,0.8392493719465027,-0.9930249353705398,0.7016057043007202,-0.9139589514886082,-0.7659043613916506,-0.908877530175336,-0.8607905670605921,0.7562451765620838,-0.892311997572813,-0.9918593871328524,0.1378750259835766,-0.8194129424543762,-0.6150888480784357,0.04165206969122265,0.9838423720943338,0.5186363207941238,-0.2942376574553281,-0.7788779243790348,0.9002085869197954,0.899936613081461,-0.23731428551548148,0.7119456264904586,0.7067458112144708,-0.999555275241192,-0.6587272660516958,-0.8338042720098447,0.5431654217558909,0.5375883858629368,0.3199491097008825,0.691225114532184,-0.9548203700496986,0.8385195720549977,-0.37390613750714613,0.8472261527800939,0.34415395194593584,-0.9734603184208065,0.9250985020883669,-0.6859129694574743,-0.14369513627254948,0.9201435346550517,0.9000164731644333,0.8034418949364701
-0.6116343519429894,-0.7350762212095387,0.6868664543168149,-0.36176431723090435,0.37831626883453606,0.7407767975397074,-0.47330966800893176,0.9999999998461561,0.1780242626837278,0.8106005550701143,0.48682064955524423,0.40321162384886583,0.031845451452513475,-0.1545213606790586,0.23135886858057006,0.4440248328052391,0.4290863542169919,0.08319451968119468,0.1292725352915964,-0.500001795071169,-0.5075605753288017,-0.10069463997110961,-0.2861373840952311,-0.009109132899256765,0.06177139067331822,-0.41628134468961553,0.1909056934219742,-0.12535362610785114,-0.08159153967887718,-0.6995932187303537,-0.9841957551696451,-0.4910979331074343,0.3777484623963011,0.8156449963150343,0.7660457845826487,0.12733202416706907,0.29644078575080884,0.9179766859286274,-0.8539042903194977,-0.8883235855261175,-0.920552248479528,0.38240505217742377,-0.4623448025015678,0.18905958604673886,-0.8670782419101497,-0.5266297528012139,0.5021957807775352,0.4415172041921005,0.7686074591590715,0.08439754213466463,0.269964800129645,0.2771682716199727,0.5868637581321624,0.716416513760035,0.8295787048335794,-0.6074437342506224,-0.6901402733037495,-0.608286354013936,-0.6141311764810558,-0.5778905016864295,-0.027223934234253493,0.6476665086515463,0.7912575512250769,-0.45262536788289637,0.6960513065190673,-0.05011792198026104,0.16108359171089107,-0.5199754441852393,0.669525873334628,-0.5274482369089616,-0.6565776984303139,-0.4537712231738146,0.8850838225581119,0.33486512287372133,-0.6710541037397992,0.8061611053152612,-0.29858355798248615,-0.1461206646449044,0.7633361403324777,0.7563242576236134,-0.3559047334914045,0.40305279183359205,-0.26174050491853196,-0.4541626339925079,-0.45786203458183267,0.506205651917366,-0.809047132038091,0.5093193097325099,0.6418634243044496,0.506271308605862,0.3116155454283685,-0.43937724905801334,0.4415400296740905,0.5527331717389868,0.708700995135645,0.8322726275004475,0.7584646928997639,-0.5263423846647055,-0.5172522794702218,-0.2307838113478678,0.21160223375856166,0.25666062440440696,-0.4774814653741416,-0.20775079816456463,-0.6068378803597296,-0.4688792852657265,-0.8844546488919145,0.45641789204137034,0.46636179521134596,0.02919581932830587,-0.06931228641201058,-0.671304086173011,0.5204786174273586,-0.17385273041000782,0.28265457305906055,0.06396648768365636,-0.4111769056229033,-0.32701533797927584,-0.8719653876380118,0.396118123561544,-0.3961119526623394,0.4978993084788557,-0.6817036580669014,-0.7738838326371422,-0.7056925293232221,-0.8306719371922718
-0.8596343530286596,-0.7157208256718293,0.8358296084000467,-0.902969119810279,0.9437772226576919,0.7726144310296268,-0.8094233923973332,0.1780242626837278,1.0000000005820637,0.7037134630600164,0.8421672949682313,0.9404826313286315,-0.7432506646971576,0.555595793988002,0.9066123535736892,0.9579351924362082,0.9595637149759948,-0.5508498082132455,0.931281455898577,-0.9309193100471381,-0.757155065433282,-0.7926152518047507,-0.9747452877827435,-0.9500767602711454,-0.9504740056875719,-0.8982197596491561,-0.7708112292018013,-0.8038530232565984,-0.9837165309372763,-0.6338966372718566,-0.2371189648889321,0.6784687338867236,0.7921021478852679,0.4757490202395861,0.754607711676908,0.9549827178972465,0.8732014780049635,0.17634275453174547,-0.12757384253756457,-0.37423579609120666,-0.23282125875073137,0.9397957287366421,0.6204043846595959,0.9776625507563506,-0.6350091437892253,-0.7192959650807783,0.8559305197244216,0.9512524461255816,0.7150250108993139,-0.9476992465678844,0.9929401361309053,0.5071774785235538,-0.578739035023629,0.37835876599031326,0.6951528359350094,-0.8879838543961746,-0.814701491772035,-0.653464680599294,-0.7898784347721561,-0.8968915725749494,-0.9244558982744115,0.6828035376267858,0.6041948860654867,-0.7177610584320403,0.7943177605443202,0.6837393743399812,-0.8429507193199984,-0.8929008259667641,0.5709785986604363,-0.8715556093268707,-0.5979552302954023,-0.9380268521572642,-0.1746837247870838,0.9710467908491908,-0.640535555144934,0.05096347970730519,-0.9202922437859243,0.5718975245905472,0.7032351639345507,0.7134307836459712,-0.46210725584985385,0.5959448052753752,-0.9855515063465743,-0.8929273366868872,-0.9374792700872883,0.8252186731298634,-0.6915182891257956,0.932901498792544,0.2558232846044977,0.9258789094547646,0.9780521047236909,-0.3170589930099113,0.9491956907625574,0.7670630154524161,-0.11307745193616882,0.6377033869960773,0.6883651395777854,0.484101287030638,-0.8711312240194298,-0.8621785426605068,0.6795673280055553,0.92320957582416,-0.9340233491300238,-0.9079670648307254,0.24180271368001624,-0.9108966964478992,-0.605325377093578,0.8074024650277681,0.2056806922773685,0.9126438516499327,-0.9264174267587492,-0.6737109871312229,-0.20423157532741074,-0.9780915541020159,0.9374854072481255,-0.872738266731083,0.7736748641512292,-0.9702206002665432,-0.30986930743255126,0.8987454942233977,-0.9611149924336025,0.8820131727991143,0.4759809576762735,-0.6291999546841596,-0.500170339198049,-0.6058745546630249
-0.9239514946509036,-0.9337146643125901,0.9622311987191378,-0.7530876909617366,0.7914076293080435,0.9487881723469653,-0.8163545399305712,0.8106005550701143,0.7037134630600164,1.0000000004999183,0.8233318980640304,0.8345806705545008,-0.3173886773335404,0.10652280490899411,0.6723312265790792,0.8663702011640245,0.8678953414931713,-0.253629584529271,0.5991400815241658,-0.9013549727564194,-0.7941300485135129,-0.4803143356026951,-0.7475274008218797,-0.5190072645037552,-0.49715837128874724,-0.8134902291979967,-0.2663461951312405,-0.5289970776691734,-0.6472811840123412,-0.8675838897530931,-0.8223099211085353,0.03570938305378582,0.717657600475256,0.918129195571218,0.9866732524906985,0.683025929767953,0.7099929161491968,0.7741014419153072,-0.7488204457455709,-0.8460067725506292,-0.8243783820834656,0.7854572900748008,0.0008825528187200707,0.686965538595141,-0.9676941906188637,-0.7789732809190404,0.871451991873865,0.8498612221583571,0.9460777610000606,-0.47904009076485704,0.7658013336703765,0.4933616690466961,0.11120090475495212,0.7669948287472717,0.9831624358947717,-0.9498915218570917,-0.9810156817004736,-0.8055982328465902,-0.8802370661797033,-0.94402875574163,-0.5628879718070825,0.8876315634800598,0.9558941029039414,-0.7530907407528825,0.9830246177380978,0.285642963719587,-0.3467346396271349,-0.896754857676575,0.8337574201804162,-0.8527268103038188,-0.7787545282976842,-0.8413936707912073,0.5693252622404318,0.8057180247617027,-0.8209438619292704,0.5259971398759313,-0.7540458987619733,0.1762550473814525,0.9486882878892359,0.9464164279568736,-0.49919951662153145,0.651697291503085,-0.7691161843427905,-0.7983131672976648,-0.839850754416681,0.8340074809551545,-0.9678646632861173,0.8991726269504144,0.6439124878862925,0.879326534500851,0.7666150187391981,-0.5713558098234296,0.8442085445261233,0.8366943599451294,0.4545520010591283,0.9901061732205301,0.9293547303297415,-0.051042932676403086,-0.8842486632750268,-0.6854826809194207,0.4675469335156748,0.6637340445157286,-0.8597419696611175,-0.6420516248244552,-0.21132547798552972,-0.8546993180459579,-0.9772137246015625,0.8063954450991351,0.40017503093426826,0.5213619873420624,-0.56777235550511,-0.8888442018816896,0.2797122375955981,-0.683438916354974,0.7569524356209819,-0.4810897330142641,0.11521700486652989,-0.8177795043281754,-0.8214262574101979,0.7915396010128408,-0.8328346008609652,0.8376725497325017,-0.2623126468114393,-0.9302509420862458,-0.8168811692515557,-0.9793220041271589
-0.8007972176127671,-0.9488755863959532,0.897285991581399,-0.9783847974437208,0.7938414748575839,0.892083089433646,-0.9859469817319989,0.48682064955524423,0.8421672949682313,0.8233318980640304,0.9999999980818817,0.9697752840804584,-0.6536628391218963,0.3150773381464462,0.9596683241015945,0.8731096067177945,0.9245540349855798,-0.7387903646044244,0.9036328124257076,-0.8489521046240871,-0.9879517745520341,-0.8787529938938431,-0.9258088330552433,-0.7852485496505651,-0.8038960610371669,-0.9918438313842924,-0.7356049815467612,-0.4452204188114043,-0.7963811072409579,-0.9381106979353658,-0.591676674324232,0.2023995197458028,0.9829516594745978,0.6143005732786258,0.902078724615829,0.778869465697424,0.9780466403460716,0.5978423973450906,-0.315560210025462,-0.76712919734795,-0.598605104984932,0.9475871060104947,0.1371700753190354,0.912647446127342,-0.816745936100865,-0.9795323844638913,0.9756455868761037,0.9441084127944604,0.9289490810519059,-0.6397934618450664,0.8388959885102882,0.8374036067397113,-0.4065806072143036,0.767272574074303,0.8440732970741369,-0.9105835059931322,-0.8966910078679908,-0.9570219817317321,-0.987947728565516,-0.9037110046186525,-0.8708118096987765,0.9228411550273419,0.812124706312749,-0.9579026379241952,0.8633144383875271,0.7411250559255396,-0.7742907002817468,-0.9734125289890375,0.8910211280459891,-0.9805519838358159,-0.9257959873870062,-0.9423096087394337,0.18475342856283275,0.8033357484290343,-0.9449648545966867,0.4536728577160247,-0.9653777591616314,0.7011072550671983,0.9335644125603313,0.9384004525805826,-0.8349730631520194,0.8968167650046224,-0.8123146601392021,-0.7919237234815862,-0.9004090518224986,0.9982819210023054,-0.7454670137956855,0.9421587634548705,0.6921832952303865,0.9503225643847484,0.9100632618395668,-0.6457495070575632,0.9382690145681035,0.988952156085999,-0.116968539837886,0.805885216045434,0.6677925928451544,-0.044061599235354756,-0.9806881135768828,-0.5493560357173531,0.4282672103143336,0.8611232579441049,-0.9462265004719369,-0.9407349227454228,0.12839443069074305,-0.7639646620318473,-0.7371644726605414,0.9812800478657123,0.6739302994867328,0.8714758195065103,-0.6112358072230588,-0.5641312262124906,-0.30814796168487507,-0.7405894907003092,0.9513448298380726,-0.8170778382496368,0.443947469238546,-0.8531841015026538,-0.3587625582321959,0.9918798921533167,-0.9522037859696644,0.7599551690488636,0.20566131403497098,-0.9034882116060017,-0.8567482275143233,-0.7790993187952706
-0.8696871981276482,-0.8985038987301536,0.91710826698895,-0.97037006338223,0.8849069647654276,0.8802156592212549,-0.9576661844121125,0.40321162384886583,0.9404826313286315,0.8345806705545008,0.9697752840804584,1.0000000005241978,-0.6610154680628875,0.36868932894997375,0.96050632822369,0.9502880040608075,0.9857746662108683,-0.6651881141293486,0.9269772876819203,-0.9324568752992919,-0.9283492652453653,-0.8395490334793069,-0.9724601731598388,-0.8590236769531736,-0.8815268919490039,-0.9911945093536554,-0.7374158935627814,-0.609404690431689,-0.9137640118833945,-0.8573326551290845,-0.4834272092913858,0.39483020447267136,0.9330020629248279,0.6365639220232033,0.8948838451745891,0.903242893909013,0.9646142153384482,0.4744850574486328,-0.3127903321659951,-0.6480765695159629,-0.5086523872683442,0.9682501148930329,0.3212218867427039,0.9653583292330702,-0.7853837761923967,-0.9038065159364145,0.9779390447444918,0.98230416127932,0.8824612811157222,-0.7847078605173936,0.9400081474031703,0.7231438100272135,-0.4520299783663271,0.6635933103248028,0.8302423269359744,-0.9518822392579187,-0.922427065841321,-0.8684758057790553,-0.9433650423828607,-0.9558248612729652,-0.9214860802420829,0.8831679263905706,0.7968093490390429,-0.90178609084616,0.8993751599393768,0.6919364592591745,-0.8025245955936677,-0.9894972747202002,0.8131779240026414,-0.9650063118329691,-0.81258039197531,-0.9709008006322679,0.08925761747024577,0.9160377605404072,-0.8471733713137365,0.2800086942513486,-0.9865710243932161,0.6266975727677963,0.8864743778444931,0.8918500113536093,-0.692477558076531,0.8119907268612526,-0.9280675209016606,-0.8551914894955084,-0.9445928769216329,0.9655574161186079,-0.771736052706703,0.9821380801937691,0.5624592082360007,0.9764179248399479,0.9655545443629733,-0.5729341776883505,0.9756823880690647,0.9378818574638609,-0.07756144978274901,0.8026273858103941,0.7230079488480733,0.1908285865244904,-0.984839322849228,-0.725213189308842,0.5211393147045948,0.8935317156901187,-0.9744175132186538,-0.9416970561813011,0.19692520198534996,-0.8664367501838808,-0.7345942488156897,0.9549965577878732,0.47447029950088443,0.8977744228775802,-0.7613730631219998,-0.6685600077203602,-0.2307675484383653,-0.8696445478838448,0.9877473614491122,-0.8700288158360149,0.5630980924931039,-0.953442230629653,-0.39640279816362733,0.9863983480362837,-0.9943292015127263,0.8415158256640635,0.2734324040039095,-0.8452517503746249,-0.762464340094142,-0.777450164006198
0.5615913030172958,0.46832657260580074,-0.5617133995303789,0.7888913479451026,-0.7394755446571218,-0.5776533208905782,0.5404176459379066,0.031845451452513475,-0.7432506646971576,-0.3173886773335404,-0.6536628391218963,-0.6610154680628875,0.9999999983426188,-0.9010672471686532,-0.7791107617491514,-0.6629812783487135,-0.6336620708508749,0.5639970523463108,-0.8709722900742876,0.5775596506802853,0.5750247349998941,0.8774091769069776,0.8045368046749487,0.9055161927221863,0.806365674045961,0.6670008829737791,0.8806635960431272,0.6411787566745432,0.653419527841996,0.402525339666337,0.08492967476880876,-0.6007852540272488,-0.648959924442463,0.0736256198391286,-0.4296485420483919,-0.532051859088274,-0.7004600797314582,0.07760314886099146,-0.3821994346250513,0.18246848601373153,-0.11712471840000771,-0.8099331494429736,-0.6377875665365673,-0.8000772703448575,0.40654410575726774,0.5766795363642331,-0.5205966247431985,-0.7287330147407451,-0.5014664467679196,0.7653307072719044,-0.7086866876047703,-0.42748222802215735,0.7268619425214908,-0.05352894535677596,-0.4254391829517148,0.5549109999042292,0.42251607608131686,0.4817396792098901,0.6003124272336626,0.5220323313145253,0.7090844761395989,-0.3128051050470911,-0.14548545847185118,0.46868878784254947,-0.3576584882246991,-0.9292422897870282,0.8455054879742626,0.5734505284359999,-0.2574982127925162,0.7251600278717238,0.5570834711447199,0.7596154671579991,0.47482454241196403,-0.6394949902065233,0.5495659256688943,-0.2684405258866795,0.6541946933608099,-0.7802306320896151,-0.4397328056580675,-0.46273531280580343,0.4861406739911737,-0.37985682753160177,0.6399449052547446,0.7674216924544078,0.7641828468146825,-0.6088683491049791,0.39437058544489384,-0.6471147420230571,0.017146692581181098,-0.706678347108639,-0.7986197995996581,-0.09858638081172111,-0.7456843946981176,-0.5469824624994792,0.36868442345703567,-0.21342730084513167,-0.3876242171512585,-0.20945947048865607,0.5556045399131302,0.4621200303456584,-0.7688350829756768,-0.9119318815841416,0.7350117316750416,0.8440995474044077,0.012580473115864133,0.6079452834525259,0.29896877859549126,-0.5285626374405797,-0.3975678308376547,-0.8616775181430908,0.7379964608976055,0.24212168985442467,0.47192337703258985,0.7233879691705546,-0.6450489766711422,0.634170897910442,-0.84310190253489,0.5758171718826736,-0.07412058602299856,-0.7080116467070667,0.7072288347736392,-0.6753363397967561,-0.7465912563834716,0.31321008757739527,0.20596266197168073,0.15010098517658946
-0.43988842588444854,-0.15507325146657647,0.3574129867215055,-0.4941226932946963,0.6354710907695063,0.37339169575154274,-0.1691816639269442,-0.1545213606790586,0.555595793988002,0.10652280490899411,0.3150773381464462,0.36868932894997375,-0.9010672471686532,0.9999999981576698,0.463158530996494,0.48577922530420253,0.3941913541715075,-0.17545409371039644,0.6139673620631836,-0.40779304739851446,-0.20010909520380393,-0.5829228043934387,-0.5720655391159789,-0.7464873379771716,-0.5822661097912426,-0.3414274841478286,-0.6335634844490203,-0.7256012086144134,-0.4526116182229275,-0.03965006997771794,0.09212332284390203,0.6823312591510388,0.27375815836329626,-0.26904738799940686,0.1772655508620966,0.3190355709604938,0.35179664987833514,-0.34690542066332747,0.4901249387175542,0.11635014678149025,0.3741858038834442,0.5718858370689448,0.7788141221812831,0.5518915616005887,-0.21471861667813108,-0.201065534171647,0.18147999457959127,0.4950465767366486,0.22618839378876016,-0.6849934463641151,0.5396601434894374,-0.004874019479061141,-0.571246997293086,-0.3282345607740139,0.2244022044655007,-0.33298648265468095,-0.1751043767169808,-0.10157371862759454,-0.2765736306727444,-0.2931491657647243,-0.4094575706398006,-0.054197436567981025,-0.14446944948618964,-0.0638298339339308,0.11997988124788828,0.69627398527048,-0.588596875335382,-0.2703087784757179,-0.13057010527035573,-0.44815920080167,-0.219562480589396,-0.5341005049342532,-0.5888504549603195,0.4980867522273166,-0.21240087106124628,0.14868607890949392,-0.32542533376758953,0.47501680998541684,0.13755630020122314,0.16375737664951048,-0.07678796878469779,-0.05098703860832491,-0.47392079126725506,-0.6747568817174011,-0.58227724889181,0.25929357167426237,-0.2752112750661679,0.4068523429363527,-0.41400048605186185,0.470149649067504,0.5890337418281223,0.5062388768877848,0.5213715358866462,0.1810961585838651,-0.18439091140291813,-0.027167507999309993,0.3272785235992455,0.34485009271765193,-0.23113537440728257,-0.4514224606820316,0.8792156089149613,0.7421022219023973,-0.504638952068559,-0.5573426182398392,-0.22595927213424205,-0.5129222691348905,-0.15112150067758043,0.1530492742770923,0.05480367964716515,0.596997494532969,-0.7157792621094828,-0.2147435459182249,-0.2175448314740433,-0.6210199002321765,0.3299147165750458,-0.32055377441142024,0.8105389075430623,-0.3658926501665201,0.06650341933680705,0.38732301301477606,-0.45043582571814994,0.5988938983656726,0.7257159292104031,0.018575892119330976,0.17917254519221615,0.09366556921163705
-0.7341777324023584,-0.823824082731597,0.8052719955961277,-0.9866504498048382,0.8070575903832092,0.783173318469597,-0.9368670462347065,0.23135886858057006,0.9066123535736892,0.6723312265790792,0.9596683241015945,0.96050632822369,-0.7791107617491514,0.463158530996494,0.9999999994935925,0.8607392424752522,0.910662282681992,-0.8172652446580807,0.9818660870676975,-0.8144527680428555,-0.9289492190873586,-0.953734477234856,-0.962798808618314,-0.9035266437424447,-0.9297226336703716,-0.9750902350180002,-0.8872317835707042,-0.5173949531302322,-0.8773375982448581,-0.809350426551969,-0.34987903662604647,0.4224107979093014,0.9652015503001162,0.4190331231501647,0.7719825129228405,0.8365295108831151,0.991832493392457,0.35225021266830187,-0.06948063291870593,-0.5597803289945422,-0.3537971706166623,0.9575208127292172,0.3518466703966524,0.9737317134703285,-0.6542360191294826,-0.9132027645344646,0.9224136719428392,0.9337766256973108,0.7996628851490751,-0.7759338902858048,0.877580243130155,0.80754423769647,-0.6414021760482163,0.5906577754221115,0.6960974094079523,-0.8410637892907604,-0.7898832091451099,-0.8580418650366989,-0.9081684227841171,-0.8396129152201962,-0.9607439744278186,0.803869270133414,0.6426908828078515,-0.9010630325629041,0.7493811941523278,0.85501090971363,-0.9198380721357254,-0.9238332299794035,0.7538601752105027,-0.9402188707207936,-0.8185307433633916,-0.9306573136658125,-0.09637746228388248,0.820197528455073,-0.836220668256081,0.2622158095134122,-0.9793541221448617,0.8176016317657963,0.7988789703918847,0.8080614880934291,-0.787372224508728,0.8368465028194768,-0.8477321013609435,-0.784879489459731,-0.8903297759020421,0.9479454789244698,-0.6046373828404727,0.9067451965645726,0.5207612469761107,0.9198250857736724,0.9414765616261932,-0.5240617768586489,0.9295462365877623,0.9173489929658181,-0.3247497154326116,0.6357028511239098,0.5424625203761132,0.14632251464086576,-0.9279291920009971,-0.5798557287786211,0.48080208872707914,0.9136024386187745,-0.9261152546999324,-0.9936012329646416,0.28866673248775293,-0.74241910620159,-0.5626376445512733,0.93532758268501,0.5779941973928749,0.9732355060165171,-0.7073719175935476,-0.4513850032856936,-0.47717128676151377,-0.8077643649914223,0.9706184718011671,-0.9208951986510702,0.6613362483992915,-0.8636666513228622,-0.1488651814296745,0.9836515346034855,-0.9514267328342112,0.7349778565997475,0.46687845819452267,-0.7503111462248777,-0.7019559894671747,-0.6024036497934401
-0.9679543406559747,-0.8340994954242555,0.9524856028077149,-0.8996147901079947,0.9790946234408082,0.9079888974261399,-0.8339207239337919,0.4440248328052391,0.9579351924362082,0.8663702011640245,0.8731096067177945,0.9502880040608075,-0.6629812783487135,0.48577922530420253,0.8607392424752522,1.0000000024217615,0.9862591780480938,-0.4191792603088012,0.8631562784221778,-0.9937032838951303,-0.793020197903079,-0.7156686926142825,-0.9566709944031703,-0.8627484320348376,-0.8319527845725858,-0.9077336119717487,-0.6170908530470318,-0.8070044014956462,-0.9130039751549902,-0.7377344814688809,-0.4836599534957762,0.5050876798422401,0.7864979628041427,0.6603659390997483,0.8921035463549392,0.8990697928619992,0.8435943139540413,0.39212072296444855,-0.3614553891646656,-0.5618939491426759,-0.44959342707924654,0.950802076591105,0.46853635943953426,0.9278865309177621,-0.8196082852594783,-0.7624595128988618,0.892984686916982,0.981435509544381,0.8497371667022405,-0.8495829439172917,0.9824599103827862,0.4787418804080267,-0.3362127059680831,0.5019595927336409,0.8637631462255088,-0.9755165260072822,-0.9278720440013566,-0.7247783410859594,-0.8646776402706162,-0.9745407088761301,-0.8214356360683737,0.7697247188617475,0.7543926987018724,-0.7355968998625184,0.9131144293827752,0.5776284378973651,-0.6934480639946116,-0.9391182245054072,0.6668160185528798,-0.9231491525229408,-0.6927090674134084,-0.9734287591416907,0.08333032537487023,0.987088719853389,-0.7377460766174971,0.2609009344202551,-0.8935136664865874,0.4320504617428026,0.8331032146307249,0.8409205541791515,-0.4623375005338594,0.6016873743364398,-0.9747269793261277,-0.9547309696234647,-0.9820078697930306,0.861482288432172,-0.8697162886025207,0.984265826538915,0.3616370867468725,0.9763236040353196,0.9716539535520443,-0.35938932970705634,0.9809020888702832,0.8179787980401774,0.14239534371853263,0.8062991332045271,0.8625849654970247,0.32616169820158775,-0.9139915519012451,-0.8795215747583379,0.7167281913741788,0.9084370116847199,-0.9761814813442835,-0.859239417097536,0.01168252224153946,-0.9785406656252953,-0.8063892902765326,0.8264144388271604,0.2645640511355231,0.814508963851244,-0.8859584072769563,-0.8313470021305119,0.014401287442925676,-0.9517598597024843,0.9078170436652416,-0.7439011124715452,0.5943906787382678,-0.9725617730980799,-0.5561844128613633,0.9024401922764295,-0.9735244889257676,0.9618590263538326,0.23452069438958606,-0.7625058828120277,-0.6115282786799048,-0.7760313276004698
