0.9999999999838782,0.801869894408469,-0.8843509630517967,0.9525874314990554,-0.7178275002364276,-0.9747987016858959,-0.9839631211674944,-0.8403386011453055,-0.9932096866441568,-0.9743245296679668,0.6375112086238698,-0.9846416880899012,0.8201867100395996,-0.9896845721655156,-0.9102880904929972,-0.7233260329876474,0.9105193596667264,0.7280902436956418,0.9237533150240358,0.9346341089416076,0.9546611259856578,0.9036454892312877,-0.9824186452808773,0.9299286982751758,0.8528081701281821,0.9007841117131561,-0.8098991765129541,0.8817376856794609,0.9012691021561804,0.9711405409637833,0.9300732717264825,0.9371424168862603,0.9217387727362341,-0.9099763886541834,-0.9566969772862022,-0.8791268835088971,-0.9730508580703924,-0.43895017864544383,0.9471181041523115,-0.7750864928312029,0.8582419894150262,0.9748994376218263,0.9590553799313523,-0.5175956411337678,0.9360128326225471,-0.7777753823758223,0.9380333654936828,0.8579134432387581,-0.9117159299291006,0.5865745830710115,-0.9258255250653803,0.7275340212808037,0.7286594228301718,-0.8355704370550855,-0.9252562670655387,-0.7780349949602914,-0.8749772431246218,-0.822435631534099,-0.8189026711282407,-0.7287690255093354,-0.9887796119519363,-0.16115468077731224,0.7199886123930404,0.5132027229817288,0.6973636190488439,0.9186730162439971,-0.9470039170542223,0.8587245670795801,0.6316422094575864,-0.9811679506647533,-0.7046354664213168,-0.33141168187844655,0.8724891558086414,0.9839042965864321,-0.9363627419483797,-0.6745191910861124,-0.8706584810954971,-0.7439713904506671,-0.9181720037210473,-0.9807846420522701,0.8564024190568129,0.9029781983617465,-0.9229219697211885,-0.8281483227902243,0.45268421173724266,0.9207817011320089,-0.9614943003581959,0.8799905762084748,-0.9771709219690708,0.8978789759135908,-0.7917631376048615,0.9193716466277335,0.8742949453594704,-0.7291387492432461,-0.9235068468428791,-0.8410359106364774,-0.863723317756804,-0.9441243455866648,-0.7921862663625767,0.9403631482060031,0.9912724967588539,0.8780141074677627,0.8580278567656703,0.624882318561996,0.9808179382467794,-0.9774391409854362,-0.9228873217787426,-0.9826425760338068,0.9192951487594467,0.9497627040975808,0.8469787098822932,0.984125237013105,0.5665533359129092,-0.9155220432178115,-0.9891846268726321,0.9346637148957432,-0.9380750593018375,-0.8870302395912585,0.8677124101647679,0.8275547438668859,0.35957665412641493,0.6377367970196999,-0.916147514102717,0.5924602739282988,0.9725136907743025,-0.9676148978885261
0.801869894408469,1.0000000000392497,-0.9849132753142453,0.9422145109227267,-0.9910986339271374,-0.9120307916102964,-0.8893559641237445,-0.9913465944896375,-0.8659350736352046,-0.9115079802516476,0.9675501775141435,-0.69079317997387,0.9990672307670255,-0.7862322972850119,-0.9710507216786763,-0.6084051042969646,0.9734845290473403,0.6596365659300802,0.9677911106918359,0.9616204754599607,0.9409088006826501,0.9765934298188267,-0.889546500212523,0.9615306606057462,0.9685294029088531,0.9805591690058337,-0.9875820568536883,0.9552040734685396,0.9723754526846367,0.6530223511646986,0.9648230798125383,0.9595398063260929,0.9697384884602265,-0.9773793929183537,-0.929580388869526,-0.9814637897677676,-0.9180239727577536,-0.8647125831649828,0.9374519236844525,-0.9700861530177726,0.9937523386540634,0.7888507983634081,0.9338692273078785,-0.9009054746617593,0.9439328433690989,-0.8373719173310362,0.9528492470364738,0.9849165224413283,-0.9715043073918334,0.9389022928437311,-0.967966827401365,0.9930280046531984,0.20629398775751137,-0.9977110910993288,-0.9681756694953316,-0.9929093520107083,-0.9908926996551618,-0.9934987174551573,-0.998730100424929,-0.9933712535174305,-0.880524053659157,-0.6889133603961974,0.9917010352449461,0.8940885218416229,0.9848056218586354,0.960591883649632,-0.6889129993238345,0.9946623168499836,0.9289364945116103,-0.8486702897843358,-0.9784274863497063,-0.80164098188405,0.9915626390517362,0.8920736017281905,-0.9530190528657313,-0.9798226714081131,-0.9911061246455899,-0.9747274558084363,-0.9488674492291926,-0.8093209184528019,0.9844785431630785,0.9715048349672071,-0.9699274343184326,-0.9984976275368461,-0.11529192188564856,0.968959478098474,-0.6353877984599241,0.9885394136681396,-0.9087601674401659,0.9811844906904136,-0.9975903903730307,0.9667647921562956,0.9898748629782811,-0.9935357717522617,-0.9692537253276561,-0.981445302523065,-0.9931038193784419,-0.952643919157316,-0.9992083728931322,0.9572375472542297,0.8568307500178283,0.9891578409771808,0.9776629813239333,0.949938208546191,0.9028195160430088,-0.9099520395484743,-0.9691517006005113,-0.8985537040619664,0.969808728990593,0.9458054534018427,0.9894804665609305,0.8907018141866292,0.9355335411022196,-0.9624961983610473,-0.8297556154949772,0.9407962025896366,-0.9115899246454539,-0.9871315486652987,0.935665631165384,0.9802953881570876,-0.2346908314525029,0.9500591656814283,-0.9617877286032046,0.05173839907393939,0.9172495535566078,-0.9192829660304442
-0.8843509630517967,-0.9849132753142453,1.0000000003212244,-0.9760870833488986,0.953393251088703,0.959521151781807,0.9518866577353001,0.9959049321479281,0.9319808762894143,0.966191076159797,-0.923380790949876,0.7905469712883927,-0.9870101905863193,0.8595571532732446,0.9977304856786551,0.6134331475665796,-0.9981857808452003,-0.6553356401098973,-0.9956506987714479,-0.9917848886870264,-0.9832068118006001,-0.9990106881676759,0.942077798632539,-0.9939307341885776,-0.9890466521685661,-0.9990498464403575,0.9666649456237082,-0.9871099431508165,-0.9979110178915015,-0.7538669009330323,-0.9934024065858421,-0.9910472227351274,-0.9906618640002873,0.9967295859609139,0.9788085508344202,0.9990222383654745,0.9667050269900176,0.7656355915901726,-0.9667332207949412,0.9716830989670289,-0.9980717423481195,-0.852096903453787,-0.9709879993761901,0.8516701405208206,-0.9674655003975913,0.8890478071256361,-0.9785881895719095,-0.979008444680785,0.9977927998366755,-0.8665209928446462,0.9917608379077335,-0.9580406346144997,-0.3340493575878658,0.994323892624468,0.9946250132500669,0.9811584205540436,0.9975608825613749,0.9927068457888276,0.9856250087184338,0.9617219383374495,0.9401654550276141,0.5965983518764755,-0.9586311324257342,-0.8469321133165406,-0.9510330043238984,-0.9941420748458902,0.762159548270391,-0.9967864322646078,-0.9071621919958126,0.9269144812106372,0.9534975815419041,0.7275276836822527,-0.9974849662217309,-0.9465229344483044,0.9907848052522515,0.9406932713733548,0.9990320987625159,0.9650406012577081,0.9884060774540171,0.8716381519294337,-0.9779267141157437,-0.9977028323331315,0.9927309039438045,0.9927974956122292,-0.0033955353322487666,-0.9884853263318324,0.7347078606265625,-0.999407494942795,0.9584185384464442,-0.9994507001756493,0.9851308660068974,-0.9962860652162848,-0.9993879545879965,0.9613731415703406,0.9951018954930045,0.9927789660874069,0.9982133978247475,0.9833231701216032,0.9791627635545636,-0.9891713206651889,-0.9188027632246487,-0.9993329360331087,-0.9944050572712245,-0.884492019307086,-0.9579116576730221,0.9621837046348897,0.9956050942694429,0.9535849035206687,-0.996704895556222,-0.9784690806021495,-0.9966794348890602,-0.9451968602604133,-0.8849525175544334,0.9772779894028987,0.912349047148645,-0.9851654650889118,0.9681606101908024,0.9979570979098752,-0.9731555084908495,-0.9894287273731013,0.10863500125493962,-0.9191414644182513,0.9945534627996395,-0.22373451927546212,-0.9687395953634956,0.9609926065154427
0.9525874314990554,0.9422145109227267,-0.9760870833488986,1.0000000002157863,-0.8933815406451073,-0.9964510208634927,-0.9839065849724702,-0.9528237251685713,-0.9808978008148537,-0.9898676821544633,0.8293248362316328,-0.8919239931832063,0.9535717589218196,-0.9474831560875574,-0.9821582903486645,-0.7437676417233292,0.984752831994036,0.7710965160382586,0.9905960703318619,0.9951871570654327,0.9941126591723789,0.9823062113725842,-0.9911857118215186,0.9896309577368875,0.9420235924282138,0.984615863130947,-0.9495191155369489,0.9507510291348042,0.9765400956356375,0.8689060793119499,0.9939736134699737,0.9953594619250006,0.9954736636413645,-0.9900364882599424,-0.986366533679614,-0.9688955110130889,-0.9959405488589258,-0.6899830253146747,0.9981593354985558,-0.8981978293541238,0.9676406825910665,0.9453159777216009,0.999709129813022,-0.7201255509237294,0.9963888477022346,-0.8172382850315751,0.9988445168464024,0.9732732673147753,-0.9837339410726884,0.8047727883432291,-0.9956784955016498,0.8992102653951252,0.520705402568341,-0.9577777906115119,-0.9930664435759252,-0.9187504625043629,-0.977751903029255,-0.9441161607069304,-0.9533550929048081,-0.8974631708609644,-0.987350413881473,-0.4148452034404288,0.891339842274229,0.7128709080108272,0.8722732123655335,0.9796507124046214,-0.8844899480872166,0.9701429912046383,0.7940282497594991,-0.9559782281011919,-0.8684999847947676,-0.5661977891666556,0.9766579286815715,0.9915010566373771,-0.9874780931472806,-0.8575435009082018,-0.9734119072181832,-0.8850129376193215,-0.9706092784192535,-0.9569653131464729,0.9725092132348105,0.9770387645269553,-0.9948661780201262,-0.9542151683929496,0.21538885335067307,0.9956683627265394,-0.8572808292623072,0.9773766362511871,-0.9954567472075643,0.9827460654934086,-0.931428068747711,0.9854854232244015,0.9745147191379233,-0.8982324864496587,-0.9925488838825818,-0.9446102541585601,-0.9710236099166563,-0.9993429086472931,-0.9386403510346149,0.9967872660168376,0.9800208723365843,0.9766188016016025,0.9520605467773263,0.8320224020271432,0.9918787650413177,-0.9938656360284155,-0.9915278644189961,-0.9920298549210389,0.9885737223516357,0.9999352270196872,0.9551718205984605,0.9912111700712452,0.7698677170943655,-0.9935945339416814,-0.9527024506809744,0.9768369146448719,-0.9602115520659095,-0.9824342534874,0.9291617176729428,0.9356606355148648,0.100245127910238,0.8129558210271005,-0.9787223018698055,0.3302967211191024,0.9929210925967112,-0.9979841644237727
-0.7178275002364276,-0.9910986339271374,0.953393251088703,-0.8933815406451073,1.0000000002601392,0.8530467211980122,0.8210566735547365,0.9690991942209202,0.7938808675280437,0.8490378646400806,-0.9852949926284037,0.593773420907058,-0.9870572790798859,0.7067059863235782,0.9309098064583937,0.5757027339382493,-0.934415492629485,-0.6337832115153583,-0.9257378034864933,-0.9171764100467819,-0.8877280487805884,-0.9393955842770759,0.8262556793968451,-0.9164013408704182,-0.9362263634314486,-0.9457299624345633,0.9801623354276623,-0.9141489759668032,-0.9336420082245829,-0.5546328335044293,-0.9217150177313872,-0.9141147145138693,-0.9313374679857233,0.941167652678384,0.8722499031622547,0.9490102177819366,0.8589303563750644,0.920886297892163,-0.8910727802576319,0.9537959200233808,-0.9701998318984424,-0.7156463318667302,-0.8824538059927622,0.9279494707822218,-0.9016557854757291,0.7894324537136234,-0.909797872976151,-0.965898518990136,0.9314542986798247,-0.973257286860976,0.927721457254413,-0.9998700279491718,-0.0920528835531882,0.9800800300723921,0.9266988400052182,0.9840706669906575,0.9645974438113617,0.9755177351876508,0.9873232573071459,0.9985007125301697,0.8127442466817643,0.7564924152472445,-0.9981926248423614,-0.9201389456560126,-0.9932303909197918,-0.9158271102431136,0.6079458933414822,-0.9721844191239467,-0.9342418503759081,0.7708059981097801,0.9815820704293059,0.8516233476781288,-0.9658811116362392,-0.8278554083692329,0.9042702331107675,0.9925654784196875,0.9645839738734396,0.9668658786228994,0.90060955624002,0.7371469924886906,-0.9658811883171454,-0.9322549678502693,0.9305194078994388,0.9826758531314106,0.21833191324798895,-0.9312797589154057,0.5376374431364791,-0.959642001897817,0.8483422406664068,-0.946749106107608,0.9881572976332738,-0.924227694052995,-0.9622004765313729,0.9988917087717998,0.9282780400208108,0.9553151636285464,0.9686581205207523,0.9066511166833958,0.9935152782376787,-0.9112040141948056,-0.7864421912383401,-0.9608014596554264,-0.9472303044506163,-0.9781909695467158,-0.8391267633450178,0.8483223412626176,0.9279297608024403,0.8345060014585907,-0.9287171344894395,-0.8979959234941489,-0.9652746187613164,-0.8263693583560403,-0.9608361729251682,0.9272360978982356,0.7480764939579451,-0.888332197907209,0.8513425711954988,0.9575708549896532,-0.8920691600475807,-0.9563411355592453,0.33960435168539466,-0.9604079837829965,0.9176866920127148,0.08045426483225078,-0.8567946921256482,0.8641182269411317
-0.9747987016858959,-0.9120307916102964,0.959521151781807,-0.9964510208634927,0.8530467211980122,1.0000000004386322,0.9930159991051705,0.9301303458195763,0.9936029591441703,0.9947009439233978,-0.7833883596689899,0.9263751112283856,-0.9255344574701753,0.9686879180899918,0.9711056649658408,0.7474853113662893,-0.9731399040401679,-0.7687348647004012,-0.9811781128540832,-0.9876624403132802,-0.9923507621884822,-0.9694249352186176,0.9983779698191575,-0.9821196453077797,-0.9253407410597414,-0.9704280822710807,0.9201390956587104,-0.9397434391846241,-0.9644107043705236,-0.9059843105863515,-0.9854876813050951,-0.988476897790825,-0.9844765886903444,0.9770640902801805,0.9870676164743644,0.952657896611992,0.998991601017207,0.6275045791371354,-0.993790828542627,0.8715594631121142,-0.9461661578399523,-0.9632607041801049,-0.9980578165047322,0.6696017776402257,-0.9894693545207577,0.8121863423773351,-0.9916442409858429,-0.9507919668351843,0.9726879637341432,-0.7523044242993174,0.9856961821567183,-0.8599816991886475,-0.5844568611545684,0.9326818793781152,0.983487450354196,0.887844577729584,0.95835314419587,0.9187850296169309,0.9250572160251044,0.8588960837429365,0.9971798012801169,0.34703141478069466,-0.8519488111185021,-0.6629920357815834,-0.831526889895261,-0.9714961924195709,0.911296162201087,-0.9482341108725126,-0.7552054508091989,0.9714684811417724,0.8305244067738892,0.5051423780737211,-0.9568572707686662,-0.9989185213257294,0.9822529725048836,0.8144193655238455,0.9538569571578478,0.8533538001807863,0.9645774661621848,0.9733074819494167,-0.9498295835613177,-0.9652506631212205,0.9842825975339774,0.9280188599913488,-0.2848773685353612,-0.9844175786915147,0.8949477043659785,-0.959359785760394,0.9998953246196127,-0.9682182440615817,0.9010967069182132,-0.9760943005173139,-0.9556589284114093,0.8595897243212584,0.9826165462468044,0.9241068575226218,0.9502055407457052,0.9935430159134517,0.906848326018463,-0.9904645669101606,-0.9927006671730547,-0.9582567918312369,-0.9342829779069408,-0.7829264295580501,-0.9981419751534065,0.9986700282639949,0.9816608387782513,0.9988354996175568,-0.9784247725006167,-0.9955990654391736,-0.9336735311243974,-0.9987842319919928,-0.719913709142214,0.9816750126712506,0.9714097539410727,-0.9737907895228368,0.9623593005637966,0.9651273796059088,-0.9198170388102541,-0.9137556188732754,-0.1745424058265015,-0.7710315890918352,0.9701064185922251,-0.4051161637954838,-0.9964978686326464,0.9992303360663932
-0.9839631211674944,-0.8893559641237445,0.9518866577353001,-0.9839065849724702,0.8210566735547365,0.9930159991051705,1.000000000377984,0.9225382517642513,0.996767613070797,0.9986969606777603,-0.7616386383122293,0.9377133483125586,-0.9012394580919899,0.9631642193268559,0.9690124822302474,0.6783036618268776,-0.9685948115417423,-0.6972330284599786,-0.9756213904416057,-0.9804376840390234,-0.9916264888490895,-0.9644643162408536,0.9906773371659827,-0.97981832093274,-0.9319990522559746,-0.9614606667784703,0.8826889939566062,-0.9507942743976855,-0.9638724267174963,-0.9134808622032615,-0.978180530367554,-0.9819319145921592,-0.9695186657877185,0.9655639014306345,0.9932641217556322,0.9495931170283105,0.9959679200009751,0.5600199528181314,-0.9747870409531735,0.8752184434943943,-0.9329841721604608,-0.9479007180032014,-0.9861527595149523,0.6618588996375887,-0.9670396426405591,0.8564323930959152,-0.9742582357076577,-0.9198083063352231,0.9696504083883691,-0.696695902179134,0.9733110499839301,-0.8294653198199873,-0.594959708231131,0.9162114724661008,0.9753905298300724,0.8761898118770357,0.9425243930230784,0.9094612623758984,0.8994963235953642,0.833153490061381,0.9958648254951074,0.33456426186647215,-0.8264750929297368,-0.6580644293046015,-0.8105733480417,-0.9743838560201006,0.8940539284485179,-0.9317873183448022,-0.7593664477174318,0.9926300814601233,0.8189938939892016,0.49432330014101333,-0.9408817843723356,-0.9943189710965928,0.9837888393165386,0.7914666358980013,0.9414143747122053,0.8512140410351434,0.9736766062108658,0.9599832714922689,-0.9182441139974727,-0.9649341439883318,0.971852750030443,0.9106581824956842,-0.2873802506577521,-0.9674381762786691,0.8986445750609615,-0.9476739277396597,0.9945798447717775,-0.9600234912148319,0.8850999638389377,-0.974234193188639,-0.9441221412022677,0.8329870309699662,0.9744589266355255,0.9240123901128702,0.9362641580051759,0.9816400054012026,0.8795758256456984,-0.9829108697180708,-0.9878986051194161,-0.9463238098131849,-0.9358787555393135,-0.7282533391906973,-0.9983546633412578,0.9975019527447984,0.9746015676778007,0.9972377851334236,-0.9733882325237874,-0.9830794663499242,-0.9274434794206818,-0.9938217313554751,-0.7031977486003763,0.9574880186036455,0.9916088894140401,-0.9827366321389633,0.9811139790583808,0.9507036136021776,-0.9388352519161898,-0.9144162642212909,-0.18737555335068942,-0.7648111021880342,0.972938860754433,-0.48701220911318643,-0.9977278325489303,0.9876904572402961
-0.8403386011453055,-0.9913465944896375,0.9959049321479281,-0.9528237251685713,0.9690991942209202,0.9301303458195763,0.9225382517642513,1.0000000000016327,0.8963595020662904,0.9406244557458328,-0.9524138989720748,0.7335820101792595,-0.9897319155417587,0.8098418254157748,0.9892739501547765,0.5593557942608413,-0.989193360598444,-0.6071549939665523,-0.9832983653327003,-0.9761611861502025,-0.9635266100232872,-0.9914580520675493,0.9078988774400483,-0.9807814571345304,-0.9927178698106015,-0.9911523535120532,0.964819672792345,-0.9856067925797075,-0.9916721173219953,-0.6922637803289357,-0.9789678943877496,-0.9749437411489263,-0.975652511320621,0.9859744299638409,0.959547274489751,0.9968722352965247,0.9398564022273117,0.7963602794721533,-0.9414242727462235,0.9873150455882339,-0.9976291207397557,-0.8017706793099992,-0.9456642073371393,0.895552999844794,-0.9437368213985294,0.8989704767143452,-0.9575863329447151,-0.971131244116383,0.9888390822127668,-0.8879538780700973,0.9767163492210815,-0.9729458473416854,-0.2480655230060416,0.9970422675987888,0.9811974783111652,0.9943102192703402,0.9930276748746274,0.999456845525915,0.9880678440257993,0.9781361641120551,0.9058451370687356,0.6664516439674311,-0.9763383419021854,-0.8915209246936423,-0.9730255175064523,-0.9845124419672164,0.7011577927725918,-0.9952609281389417,-0.940536805721985,0.8970146555950238,0.9766428407434591,0.786440199768876,-0.9934076050930412,-0.9135486728090626,0.976669604597494,0.9650171596914764,0.996418893731297,0.9844474831505715,0.9793076135404285,0.8240448854961038,-0.9700244064926548,-0.9911329073821131,0.9784347319837596,0.9965410858213025,0.08700419617842511,-0.9728157437143432,0.670790458700682,-0.9951483994098251,0.9287408009230381,-0.9923911778302312,0.9951983619667747,-0.9857909268424663,-0.9963122970145075,0.9774511998366138,0.9820984071915106,0.9979224140478069,0.9965105237979937,0.9631987205950958,0.9854717863386224,-0.9718506914058558,-0.8793958070321384,-0.9954031317199751,-0.9967906688739583,-0.9015657445016725,-0.9286906077586105,0.934079888018798,0.9830708870397782,0.9228101738357085,-0.9855614296322655,-0.9562035757969999,-0.9998843245656496,-0.911859432295067,-0.9227240108796028,0.9590192935635277,0.8780317855541004,-0.9721228041226241,0.953703213621782,0.9913817959139184,-0.9738761579409854,-0.9968832527532833,0.19758229128947236,-0.950987193792547,0.9854945445223839,-0.16240666031626347,-0.9433468803175311,0.9322569356269977
-0.9932096866441568,-0.8659350736352046,0.9319808762894143,-0.9808978008148537,0.7938808675280437,0.9936029591441703,0.996767613070797,0.8963595020662904,1.000000000111573,0.9930155226960262,-0.7219479144069346,0.9587749707894403,-0.8811112174457063,0.9816531833974661,0.950973979293009,0.7245360597609878,-0.9516597335945123,-0.7384859239415301,-0.9616493875036306,-0.9695804881456026,-0.9822860501216498,-0.9465080582794918,0.9956294851941995,-0.9655815232057035,-0.9022629774417197,-0.9449129190386909,0.8703713114248731,-0.9238763497548773,-0.943663211309962,-0.9401676404255532,-0.966381892229702,-0.9712725080227468,-0.9604156484411934,0.9520168387811538,0.9817375517007771,0.9268984081688257,0.9932695597838399,0.5360298078948613,-0.9754443211234993,0.8374816622129877,-0.9118691568580694,-0.9698552066323608,-0.9846916800156288,0.6084505340036308,-0.9674265627497015,0.8136562968649227,-0.9708083815229434,-0.9100235043122884,0.9522657251033951,-0.6739936194985806,0.9634745839128672,-0.8023744314640293,-0.6503404997966293,0.8936718289950943,0.9630035647240575,0.8445036826520799,0.9253548796527225,0.8817936933287399,0.8799804202362459,0.8034369988508211,0.9991558831485535,0.26876592664536547,-0.7957553926675558,-0.6034251654709983,-0.7754279688968998,-0.9559285161265054,0.9271119911246727,-0.9124763668421909,-0.7093300197708805,0.9864174687249962,0.780205915245703,0.43324905311188155,-0.923401749599834,-0.9973392630988318,0.9692888575583194,0.7553405217843742,0.921751071590798,0.8123638819957375,0.9531837787810508,0.9787404830682954,-0.9086776035515453,-0.9449241909736155,0.9614230353651103,0.887614112987927,-0.3568249132185339,-0.9594791051874695,0.9286961646867872,-0.9290644664630441,0.994942078110071,-0.9425943404232662,0.8569471142416174,-0.9577498368949959,-0.9245511279410658,0.80378559180355,0.9617477310154148,0.8949619182671273,0.9163411888000003,0.9758266392970978,0.8577066628571524,-0.9735319842162394,-0.9966753100525977,-0.9275307618611536,-0.908448560821593,-0.7082177553245275,-0.9967998478214738,0.9953644848648142,0.9612000780809898,0.9975153401466472,-0.9583020116790276,-0.9792280650175029,-0.9015488325366079,-0.9972611206088473,-0.6562537102388643,0.9538773236303311,0.9894709423719273,-0.9654341461199305,0.9625458219217649,0.9347105842216404,-0.9082720097426131,-0.8834395009047551,-0.2555787821559161,-0.7186177023037736,0.9540453665617433,-0.5056815442400906,-0.9926349267276389,0.9890289737286543
-0.9743245296679668,-0.9115079802516476,0.966191076159797,-0.9898676821544633,0.8490378646400806,0.9947009439233978,0.9986969606777603,0.9406244557458328,0.9930155226960262,1.0000000003478062,-0.793322182794349,0.9201607949896017,-0.9220132349181956,0.9535271135362815,0.9800844106411686,0.6762110220960691,-0.979929903897731,-0.6990073963144559,-0.9855495705027315,-0.9891172022559309,-0.9969253637298832,-0.9765745420610992,0.9900042495059604,-0.9886716023322132,-0.9468305928469629,-0.9742401874308538,0.9037455800495887,-0.962254023027877,-0.9756671475824794,-0.8940071856716604,-0.9874598660178187,-0.9902340820803357,-0.9800740697839964,0.977491169539133,0.9972604358672685,0.9638502638583956,0.9981318752561488,0.5996718331359804,-0.9809888663674896,0.896040585181402,-0.9501279759339473,-0.9399068087473672,-0.990937959599985,0.6965688477944415,-0.9747054971592528,0.86494405565834,-0.9823231032486001,-0.9368690772861266,0.9806853286124443,-0.7309945559524719,0.9833325407633152,-0.8568325617388663,-0.557251826442778,0.9354683054896414,0.9853249304628423,0.8991602075062928,0.9582864678074172,0.9291078393417874,0.9203812041092283,0.86029418106499,0.9937731570685419,0.378727099105906,-0.8541226179231189,-0.6924530656185294,-0.8391869039963339,-0.983818901274862,0.8801142325688753,-0.9490801890143522,-0.7874806606213642,0.9877617717109821,0.8462315009519598,0.5349185979835662,-0.9568874865154141,-0.9936342929494346,0.9913462665668915,0.8214393155240111,0.9573984981294246,0.8749159868137777,0.9819893497025515,0.9531382435412531,-0.9354020286608564,-0.9765241940775216,0.982249503810254,0.9305592389891336,-0.24441221711679015,-0.9780704805806487,0.8785901847143888,-0.9627328323507593,0.9957676362371188,-0.9730425951594308,0.907578922441504,-0.9842782726426649,-0.9597062229829599,0.8601429071983895,0.9846122460675609,0.940990971968201,0.9529750244625317,0.9890497469101325,0.9025385461762427,-0.9908225308819205,-0.9838257944901511,-0.9615876885866598,-0.9512341311900123,-0.7605719095595136,-0.9986034131531795,0.9986248219488536,0.9847551330692373,0.9970681491256843,-0.9837922905567542,-0.9895394129920622,-0.9448400942136894,-0.993022180334135,-0.737382760749077,0.9682335418745069,0.9846500932088499,-0.9891794586428717,0.9846086865096535,0.9652201252186628,-0.9494839705036344,-0.9322756907584748,-0.1413074089899418,-0.7945347210170495,0.9826597003339369,-0.44447582689001675,-0.9997240182311514,0.9906495204515474
0.6375112086238698,0.9675501775141435,-0.923380790949876,0.8293248362316328,-0.9852949926284037,-0.7833883596689899,-0.7616386383122293,-0.9524138989720748,-0.7219479144069346,-0.793322182794349,0.999999999845207,-0.4957879362655297,0.956315156662125,-0.6070750989729454,-0.8978781111439255,-0.42770885048343826,0.8987491099748656,0.49289178495731684,0.8839656601233238,0.8689938888695097,0.8378199094386974,0.905740394658607,-0.7486652407826584,0.8757120166058948,0.9292167894354322,0.9086389335302468,-0.9329612575761832,0.9019758151565477,0.9053043820666531,0.4470566605813519,0.875364153775311,0.8656590800030384,0.8786115416538036,-0.8976851397188675,-0.8280686133102851,-0.9254390176122548,-0.7960929712297327,-0.9082933763023182,0.8192408959228067,-0.9642527990700487,0.9421342281282744,0.6080967304902635,0.8156213007750083,-0.9779754211489734,0.8299009162156331,-0.8213092206379315,0.8458693734622207,0.9133833734491726,-0.8969403842237201,0.9523872973217838,-0.8767673248141811,0.9848473386738779,-0.04520365533087497,-0.9548224732649382,-0.8813844455679388,-0.9793526874821513,-0.9280355372448993,-0.9619319998810837,-0.9552463454978909,-0.9892776250049329,-0.7395471369063521,-0.8496224056518649,0.9913055452444123,0.9734118803833567,0.996645068567911,0.8845439482580431,-0.4834203091701922,0.9400481925270678,0.974859990525743,-0.721129576230719,-0.9935828466375642,-0.925928177705188,0.9299511294758062,0.7543579835018501,-0.864834377729331,-0.9984930936948329,-0.9335279991573172,-0.979370542542749,-0.8747488624358614,-0.6351219532150596,0.9129125638493011,0.9035459402459352,-0.880723879413215,-0.958461275431531,-0.3625406907834829,0.8760746687009509,-0.42393864731844005,0.9264656890260496,-0.7794394449121856,0.9115588049883862,-0.9752695081823023,0.8880981563956825,0.9310422200924636,-0.9885142757885175,-0.883596051623258,-0.9457645162983418,-0.9380097976323363,-0.847993148898376,-0.9665663380702185,0.8600923613227568,0.7029106349803749,0.927980594208913,0.9344123826790076,0.9506333514233637,0.7749416680606501,-0.7848725202679089,-0.8847854480298056,-0.7665895357395356,0.8892514814766692,0.8355253503640766,0.9481167390460822,0.7520486425425194,0.9939533134539276,-0.8628740946079161,-0.6908378806009562,0.8560517054518236,-0.8241291590415764,-0.918714274214932,0.8894597565574107,0.9511241407543044,-0.4720400694250462,0.9908854124007003,-0.8872778995612256,-0.12464143408005118,0.7993270970550828,-0.7922188015705658
-0.9846416880899012,-0.69079317997387,0.7905469712883927,-0.8919239931832063,0.593773420907058,0.9263751112283856,0.9377133483125586,0.7335820101792595,0.9587749707894403,0.9201607949896017,-0.4957879362655297,1.0000000000681621,-0.7147856701255783,0.9845454453385595,0.8244144933449552,0.7430840799273797,-0.8252147023890166,-0.7338032310776407,-0.8440767259006571,-0.8605039910585918,-0.8886951052261489,-0.8158650999302776,0.9434710034116719,-0.8520693365104104,-0.7489386703085846,-0.8131374623914605,0.7125828046776529,-0.7869707262068903,-0.8119237589046573,-0.9973159959021469,-0.8538327030720954,-0.8639409078374758,-0.8458977259831538,0.8269554123308447,0.8912200060460963,0.7827305113003593,0.9201831011456609,0.30533803586614006,-0.8900397368240399,0.6531121337929654,-0.7580808787792286,-0.9704572067956385,-0.9023302528395708,0.36027460663565014,-0.8759193731283608,0.6776601881806897,-0.872916697072018,-0.7698955891482103,0.8265472611600152,-0.45932872213833886,0.8502052240984768,-0.6044796324706949,-0.8367842041069115,0.7302759746478179,0.8471668933363642,0.6575385744257745,0.7812612635460009,0.7114818108112059,0.7139604787944595,0.6033917651319637,0.9509307552260584,-0.013621043030618814,-0.592838081906048,-0.3555007037357957,-0.5644572538040621,-0.8355997823732794,0.9687469083537673,-0.7601122716788528,-0.4872000529665151,0.9398111905194977,0.5706021433452426,0.16161318912877445,-0.7780212963120158,-0.9428767745192927,0.860800238720261,0.5386270795365932,0.7740220604322833,0.6158840310446932,0.8354627492907409,0.9701509826807083,-0.7684695086698424,-0.8142172955449177,0.8459791333983823,0.7212386199521791,-0.6001246882617239,-0.8460205275994693,0.9929527985845065,-0.7860827657281008,0.9295025114389658,-0.8089069499738903,0.6754430373516869,-0.8369932933332846,-0.7784737776019508,0.604253558482105,0.8446715754429854,0.7336755950245241,0.7655240221728388,0.8776856661531607,0.6813978159458624,-0.8692277252841997,-0.9634833806102778,-0.7835501788057693,-0.7551849897901516,-0.5030576152721904,-0.9330413099977367,0.9272671293867318,0.8433526176506307,0.93764045578851,-0.8375960181444118,-0.8872362035687318,-0.7417420199223698,-0.9437839990497748,-0.41493526785946466,0.8453381730520443,0.9563859451338792,-0.8586973266620637,0.867152846548707,0.7967560942455927,-0.7715529244699096,-0.716837254793714,-0.5169098858727207,-0.49349396790524475,0.832096095507022,-0.6789218107163475,-0.9175186408868333,0.9174922950724469
0.8201867100395996,0.9990672307670255,-0.9870101905863193,0.9535717589218196,-0.9870572790798859,-0.9255344574701753,-0.9012394580919899,-0.9897319155417587,-0.8811112174457063,-0.9220132349181956,0.956315156662125,-0.7147856701255783,1.000000000160207,-0.8088360669568013,-0.9744870971450164,-0.640458433071544,0.9774451816296568,0.6892594887440596,0.9733913269360928,0.9688963855920019,0.9492800229163999,0.9799492746230075,-0.9053119842683893,0.9671186397979638,0.965472904475893,0.9845317617210952,-0.9921084892495334,0.9539872309430321,0.9746286708208424,0.6795802894238936,0.9715688888803199,0.9669553456807527,0.977625851141541,-0.9829388080095689,-0.936969117198003,-0.9821549599119135,-0.9299164076792195,-0.8580690722169316,0.9504840432433649,-0.9619687135115296,0.994833873359835,0.8128666819178234,0.9460893431069803,-0.8813807435012486,0.956642658282764,-0.827226979257627,0.9637372722158442,0.9914235030988526,-0.9752743744551647,0.9350375533796527,-0.9755736532703888,0.989176927219159,0.24381461490690512,-0.9977414840209521,-0.9745554451464604,-0.9876694607267785,-0.9941313820832869,-0.9908827716072667,-0.9999357884617073,-0.9882856746738286,-0.8956207243797257,-0.6583323353142367,0.9860009477220764,0.8739234777896725,0.9766500218161329,0.9639892634387227,-0.7180371256224989,0.9966103922607922,0.9127670726920287,-0.8591896777342608,-0.9686650695249024,-0.7757421492236029,0.994611764383987,0.90693420526404,-0.9586053793858877,-0.9708476344909214,-0.993085072260938,-0.9655712343279642,-0.9513138914856427,-0.8318526698104449,0.991066761584825,0.9738826097425608,-0.9771998691180953,-0.9981670319571841,-0.0746416939042707,0.9773796152793924,-0.6634427832275465,0.991176525646562,-0.92220258532323,0.9846885120085592,-0.9942439164275757,0.9710985411055356,0.9919588951447725,-0.9887015106974276,-0.9754481455627092,-0.9784959451182123,-0.994843309899057,-0.9625012905955045,-0.9988639883522241,0.9653214444392642,0.8746454795009692,0.9916742767563497,0.9757672563159525,0.94792868856937,0.9154199507700562,-0.9222025119654035,-0.9750070056222234,-0.9120686282574398,0.974800978583342,0.956706426292911,0.9881118771399563,0.9057694529680841,0.9197868459579971,-0.9729245153667455,-0.8423954595893572,0.9450485753594308,-0.9153662414254969,-0.9911332717688109,0.9325346774497474,0.9762147102063762,-0.19581469171462604,0.9357679095942405,-0.9649327235145906,0.06995607822857289,0.9279923860067896,-0.9330126011416082
-0.9896845721655156,-0.7862322972850119,0.8595571532732446,-0.9474831560875574,0.7067059863235782,0.9686879180899918,0.9631642193268559,0.8098418254157748,0.9816531833974661,0.9535271135362815,-0.6070750989729454,0.9845454453385595,-0.8088360669568013,1.0000000000958524,0.8827430282767592,0.8136029259552056,-0.885958621664305,-0.8151658550534638,-0.9027459342490364,-0.9178666266033911,-0.9341275624134537,-0.8784789684221979,0.9810919312425094,-0.9060680138015889,-0.8076252134787474,-0.8801434780875466,0.8165762572124077,-0.835595907709005,-0.8704838944058649,-0.9797529248310671,-0.9124931679948304,-0.9200148257962282,-0.9128423053877796,0.8941514751694757,0.9286265236945264,0.8481047519401851,0.9606469499839011,0.46185823695352707,-0.950703403672098,0.7252558516874194,-0.8368583594526317,-0.9964295294657991,-0.9549107271858246,0.46423504857202347,-0.9421140235802341,0.6915697733170424,-0.936411948556436,-0.8615105560514977,0.8855304429098907,-0.5997555601369688,0.9141644611643793,-0.7152380827372081,-0.7663897120633151,0.8155961153734079,0.9077628527831045,0.7459912757388992,0.8593400197511462,0.7920230258359073,0.809152476408292,0.7101689175194292,0.9807959214063294,0.10358535131202198,-0.7002955958656242,-0.4565024818855864,-0.6700744726663208,-0.8867638557095986,0.9813363799959333,-0.8416442508541762,-0.5710146241052443,0.9465011725197299,0.666368654538466,0.27513946368200504,-0.8566884179834708,-0.9782496519434296,0.9091977640856922,0.6480855728274162,0.8499883181220002,0.6979020640684191,0.8794525803080865,0.9975012117245615,-0.8606993932846708,-0.8721980274090414,0.9107436251356743,0.8084538071539623,-0.5139514442516214,-0.9145919910887834,0.976495256877486,-0.8596645089886105,0.9695188295715065,-0.8758042501515467,0.7664039992726768,-0.8930739168097774,-0.8529715358851323,0.7117087769244917,0.9057607389829068,0.8018939237535853,0.8440394667500319,0.9358505426351108,0.7817574641686094,-0.9252436017156573,-0.991387012035272,-0.8577214842680939,-0.8189752569742363,-0.639508258958045,-0.9669512423728847,0.9641034208336353,0.9036165471452193,0.9719672474066945,-0.8968372254290395,-0.9438393532899305,-0.8156291024386534,-0.9791634720004921,-0.5259217938006098,0.9192732985956377,0.9591994529742804,-0.8990195109823376,0.8935583987047875,0.871324189884418,-0.8119786108401288,-0.7860879100881147,-0.4127894721580238,-0.5888600768746127,0.8838782049837448,-0.5403597839317684,-0.9544582435023036,0.9658562297570548
-0.9102880904929972,-0.9710507216786763,0.9977304856786551,-0.9821582903486645,0.9309098064583937,0.9711056649658408,0.9690124822302474,0.9892739501547765,0.950973979293009,0.9800844106411686,-0.8978781111439255,0.8244144933449552,-0.9744870971450164,0.8827430282767592,1.000000000459367,0.6139991589150766,-0.9997673867823791,-0.6517634820587783,-0.9986320745176348,-0.995859539289865,-0.9920489133898865,-0.9996553506423633,0.9559652565541844,-0.9986351747765392,-0.9883172023860908,-0.9982862170508753,0.9513857108623027,-0.9908988134010269,-0.9996121394572068,-0.7887419706848025,-0.9968055190019527,-0.9956499723963071,-0.9913351933989909,0.9964918948017025,0.9901839281645274,0.9975289819991738,0.9784932658813731,0.7212718052235593,-0.9713448392826274,0.9633845928610173,-0.9916441600918118,-0.8717102071769195,-0.9784234246822097,0.8238900982979658,-0.9698684285718573,0.9000573429708497,-0.9815207974845833,-0.9695105249336965,0.9999535700373143,-0.8317074113805722,0.9934741568943477,-0.9365649418652638,-0.38376751408159365,0.9849026274466814,0.9971735158882754,0.9680861887210851,0.9922712170148856,0.983971087801844,0.9727499203605369,0.9413310548600667,0.9566697640238072,0.5534045502009205,-0.9376595226506313,-0.8199001659894339,-0.9295755646741618,-0.999025242555026,0.7868666305386662,-0.989642420991672,-0.8896592120939287,0.9500068288498649,0.9351655668051007,0.6906578445668451,-0.9918930916925117,-0.9609920383204369,0.9975361162875896,0.9172080845996908,0.9940588146630129,0.9524260256462868,0.9954823604565864,0.8905701209804644,-0.9682045611419091,-0.9996695663933626,0.994024545813797,0.9824757936013887,-0.05276879352093616,-0.9887115572133882,0.7693384598917585,-0.9956153875440529,0.9708217222403617,-0.9985451720353912,0.971977665964406,-0.9997420274983022,-0.9950217510847192,0.940820756541239,0.9973986355270132,0.988571844746817,0.9921582478491419,0.987959048850583,0.9635472523476549,-0.9940271793891182,-0.9366737765217217,-0.9952664638151224,-0.9923435635028367,-0.8523577321556516,-0.9722687330178692,0.9753878352598733,0.9980865624042142,0.9680600202949854,-0.9992445402562259,-0.9840126972751859,-0.9910652636720768,-0.9597179455214133,-0.8568288072680479,0.9760407090549278,0.9374438454257368,-0.9942964593506768,0.9819722891025179,0.9943183419480676,-0.9789413604943035,-0.9842896338225361,0.05577268342337551,-0.8983127344745789,0.9991085976427645,-0.2887945826373432,-0.9814366343086307,0.9704135466189792
-0.7233260329876474,-0.6084051042969646,0.6134331475665796,-0.7437676417233292,0.5757027339382493,0.7474853113662893,0.6783036618268776,0.5593557942608413,0.7245360597609878,0.6762110220960691,-0.42770885048343826,0.7430840799273797,-0.640458433071544,0.8136029259552056,0.6139991589150766,1.0000000002985667,-0.6289838901478656,-0.9967250011552595,-0.6534443880346176,-0.6796515772005935,-0.6703725227737705,-0.6222899897477646,0.7713443478876074,-0.6424395271201022,-0.49223864628304803,-0.6430424614779675,0.718932646238483,-0.5034352692739946,-0.592921112322847,-0.7698507713259005,-0.6734322260012122,-0.6791198751989284,-0.7109759977902993,0.671501446271793,0.6332497433877402,0.5794671412521517,0.7170860320073636,0.5417526220641794,-0.7814101649123099,0.42116130338876023,-0.6150395731746264,-0.8588896140281778,-0.7509756756715471,0.2296458942988509,-0.7877226426634009,0.22352706137186398,-0.7533199855036088,-0.7338148654256853,0.6215409344599155,-0.6010228174958995,0.6998884874874741,-0.5764904158484693,-0.6777308476463231,0.6082788621925592,0.6714188312339668,0.5129502406917739,0.652796003718381,0.548877824748293,0.6473139286800678,0.54690347672076,0.7416039330141042,-0.053012390381360554,-0.5358025326123517,-0.2095414466557264,-0.4836639626690415,-0.5963416460009483,0.8852182112381035,-0.6362754576981687,-0.27138493651482004,0.60232651638162,0.43411759380665743,0.08061346203059933,-0.6505606929172264,-0.7518442631509978,0.6290176778777395,0.4725201742962985,0.6258251082308881,0.4205591667625054,0.5610579284139926,0.8430291413393112,-0.7361630097091632,-0.5938653469801801,0.6959153119228672,0.6050980162719769,-0.5600050359660904,-0.7232976386129936,0.7914532727277723,-0.632900566272562,0.740954065389361,-0.6344042622060536,0.5546921061648036,-0.6249695136829757,-0.6247409329564703,0.5528131116510377,0.6692910996907389,0.5162970146257756,0.6265775333245731,0.7250109044251852,0.6273067008991969,-0.6904263774393308,-0.7780139400397708,-0.6319285741416367,-0.5267472489003496,-0.6340876366492177,-0.712192244126475,0.7139054620932372,0.6615243352501554,0.7279793073266574,-0.6439986256942914,-0.7386793745046136,-0.5590855024358096,-0.7550816937164972,-0.3281006880642391,0.7668072384562126,0.6265800257082047,-0.5848356273536041,0.5389307978655087,0.6593774185592118,-0.44481299811592223,-0.49638437269241237,-0.44113643644040956,-0.3357179006071741,0.5932277653436033,-0.13076205317909684,-0.6893332369411749,0.7652668109665728
