1.0000000102373465,-0.9838311887246097,-0.1833567265181306,0.21078994569320955,-0.4180647558064141,-0.5912602581653007,-0.752983072065076,-0.47968817970321426,-0.02049634492974978,-0.4329170760729296,-0.6952693433336868,0.13833879240560132,0.12510861488903405,-0.45208516454612646,-0.5195473994993901,-0.12530444599621787,-0.2966319927424668,-0.5128238448556788,-0.5843954627501977,0.3824712860643258,-0.8405817502771435,0.8032746223736785,-0.16979641970404988,0.5834321786603395,0.4711663124502064,0.009451185193942085,0.0013950304742767676,0.3018632473557141,0.5893215372036417,0.968104523880747,-0.37252014757620233,-0.19488088937897247,0.29480347364401066,0.06231912773487398,0.3404453127318117,-0.34665934917409286,0.5709388940989542,-0.32924333866538985,0.2128504173145051,0.4206286441225081,0.8414671739761066,0.24307483281073958,-0.01368855830615926,-0.3298327341792013,-0.13073245849745482,0.1455353273514462,-0.4265986931264284,-0.47106646195995333,-0.17143013086280107,0.3348845752445589,-0.1306420504358787,0.3758293942690006,-0.4482073749158372,-0.153763361907793,0.23857289164294967,0.44389930606802336,0.2964969824459192,-0.749782692249189,0.5403228061049212,-0.3073676445877112,0.48985670170144574,0.798738741721004,-0.14135109483820893,0.40100019594646047,-0.8708618316186721,0.6607866663692383,0.24869023248689887,0.09124532162871726,0.21742663953394756,-0.04471848205369278,0.28280187518199,0.04303086356437884,-0.5902068446868096,-0.6797420518042809,0.029214412118799847,0.45785466149430676,-0.40089375296855545,0.8192555157701318,0.9822716712004557,-0.2859709577069132,0.1436228456011263,0.19632753811486275,0.6315037682047766,-0.16296025634590253,0.395272759382527,0.079208483202826,-0.404200191138322,-0.44279819367760753,0.20290607309324715,-0.37549456509363477,0.29384903505933274,0.3132733683998156,0.5976626445255143,0.2885391145320528,-0.014982080977694299,-0.4809799792283637,-0.9164388904148421,-0.20962638271277031,-0.5303816289875086,-0.24964079662066052,-0.3722300935790329,0.47691597836616806,-0.1210423265370188,-0.22123905741961805,-0.15559150590676332,-0.08581381074088928,0.2999433726683048,0.4399808565740547,0.001455081120837235,-0.5661170757184861,-0.2345692009839238,0.2837012750743695,0.4233989348421805,-0.3419541086431742,-0.6595179744801067,0.5047666091939608,0.28688717256966784,0.3296868373330817,-0.36355147797769005,0.45300498203975686,0.27047540937247916,-0.015132890769635752,0.0738842039289802,0.21816366225244765,-0.519006612253135,0.0013777504195810221
-0.9838311887246097,1.0000000059252299,0.014391547590133,-0.37057078237042856,0.2519498763073339,0.7186252311744028,0.856454380284819,0.6150335163078019,-0.13458929650754625,0.5867256902860847,0.8101409035888307,-0.311621540528371,-0.26284891708974595,0.28719139696413454,0.5791746380202221,0.2978598931042652,0.3273430663112199,0.6278424848446695,0.716579844516121,-0.5336232398947859,0.8064907554684527,-0.6977297711066247,0.32516095500733394,-0.7178054993738535,-0.6146455892047749,-0.17238184603953555,0.16097951402144797,-0.4214119942511113,-0.4355949158837551,-0.9443096062208938,0.5180066456044876,0.0395122885515898,-0.4595050052526988,-0.22880680513593654,-0.49095897618529244,0.3684854116545079,-0.5022059188331928,0.168127261817674,-0.37321603668436126,-0.5503518675337078,-0.8316221013649772,-0.10417636307292436,0.1796460738940396,0.48361723690678776,0.2904549860453074,-0.04066222319326576,0.5758599328415889,0.6155013696998531,0.32752538230838624,-0.18570302295003704,0.2724079644500854,-0.5356759926209997,0.28151520050424084,0.2719204383987744,-0.4070666964162667,-0.31406783747317923,-0.4622720409152047,0.8556451335965864,-0.6822103372057636,0.17395591212879438,-0.6373123785632127,-0.8804486286081361,0.3043036027709118,-0.5573832002979233,0.7687403431097736,-0.7779398875635276,-0.3017393453392661,-0.2575295295966786,-0.357344715435503,0.22260587019539727,-0.44802654349645904,0.1207320180346096,0.7241941972457839,0.5394110519948478,0.14664697038651409,-0.35218255544516874,0.45728917504770455,-0.8842847802642866,-0.998627726889427,0.45262624843590626,0.017684646894639982,-0.35217012397796643,-0.7537882660622228,0.3351911443716448,-0.5124851160722774,0.0944224251623461,0.5510795713199498,0.5905674864038566,-0.30410684947854544,0.283392173655536,-0.12097439114423549,-0.4765552299670264,-0.7128617127830256,-0.4230051788727928,0.19271379148482234,0.600857777074234,0.9316061046634909,0.3444114468157516,0.45497713650023786,0.24038011369609313,0.5221723085346082,-0.5967281952651317,0.2760694026767033,0.3536585318901544,-0.004593831988630221,-0.09403301337800896,-0.46068611381415847,-0.5883113095169308,-0.1355905840899551,0.6424048320806548,0.39634924813187566,-0.4419406886061445,-0.5727763916939604,0.18664509526670534,0.6333504007296754,-0.4574482886294281,-0.45355178841585836,-0.4932545542393197,0.5245341190331176,-0.6004200634459527,-0.18736743812003331,0.1904608362287578,0.09979919800557288,-0.0883013226166925,0.6138150571970292,0.0218973324313094
-0.1833567265181306,0.014391547590133,1.0000000046178412,0.688879286818257,0.9614411394389852,-0.5152679291752444,-0.5019945961303947,-0.5329342928861567,0.6388111106819175,-0.7251293248402462,-0.4772011433859707,0.8348455798214482,0.4986105958824452,0.8491778789901449,-0.005224296947369993,-0.8187784600501737,-0.4360684532213477,-0.3752543032233701,-0.5653701115527097,0.6493496349211755,0.43398559168430867,-0.5285410976215463,-0.6425971809787157,0.5963079630887532,0.610327317692431,0.7058067718272217,-0.7010624960242096,0.37374054504449333,-0.8306677308524711,-0.30049055650517814,-0.5898336870719763,0.6620319118976712,0.778061641364819,0.7401248806176417,0.6280970536205958,-0.3822508492561696,-0.165794199515083,0.9869584704707823,0.6950676648104738,0.46734218052305554,-0.3120997113573345,-0.541915709119584,-0.7343271033789793,-0.6574128858800872,-0.6788791974116718,-0.29184354788594763,-0.650218811858493,-0.6211597173241472,-0.6492483643766158,-0.9671294124276206,-0.529252333981068,0.7791241580278581,0.879094028161485,-0.35829568293189684,0.8041396643164185,-0.5258356265384047,0.8032866204413991,-0.451877362691779,0.6909811902366044,0.5151197909038273,0.7428440851809051,0.4376083962935129,-0.710584545437786,0.731808637124663,0.6195080639046858,0.4636339448183446,-0.050818945023630956,0.7396267337794352,0.518612398472961,-0.9364812561734448,0.77795124219251,-0.7159749924020804,-0.6665786115666279,0.7509174135130467,-0.8461469879443959,-0.3623729193442013,-0.5296288236337575,0.1327229268324368,0.003962270906728103,-0.8122342347416925,-0.9924409005023953,0.6496008296620255,0.49304877742487163,-0.9217977353947284,0.36766524177338955,-0.8200935123833643,-0.6138201637080742,-0.642375992390203,0.7615024841649848,0.25341981532044244,-0.9830951424555718,0.7681955901652219,0.4061037690131776,0.48277754855614075,-0.8804002452604788,-0.4043086768469385,-0.10648419092579038,-0.47882825599803386,0.19282050973388698,0.3906496241607949,-0.6327013057410094,0.7414566495382134,-0.636551844062799,-0.46175468214673443,0.6966363578515092,0.9320724320559706,0.7239713687560321,0.7992926330743941,0.47593890050915466,-0.5589372088612433,-0.7143653021674886,0.6897310157727645,0.6497268382094172,0.6963875437467306,-0.04416056400964074,-0.020759701084605675,0.8142947955587,0.829450307009646,-0.7905575313214681,0.6447810706872424,-0.17547190355872178,-0.9704267397384392,-0.8202648991490391,-0.4718110612317285,-0.6460025494674904,0.2051235313839289
0.21078994569320955,-0.37057078237042856,0.688879286818257,0.9999999965703121,0.6565985426131073,-0.9121379406037556,-0.7015056366286345,-0.9575220766050813,0.9610867307009883,-0.9382807127921649,-0.8392266701498424,0.972980728632567,0.9544271018652517,0.7585109533000213,-0.7269264813820668,-0.9801321070321631,0.08828892738495546,-0.9170749720494324,-0.9081887438005503,0.9824371546868526,-0.2608235198935595,-0.40640993019178195,-0.9952458975091661,0.897952469530782,0.9591586429169382,0.977978555055319,-0.9751575359167065,0.9279444104520496,-0.6338858763122593,0.25015034834052646,-0.984418601571032,0.9066813984926253,0.9717454070145872,0.9886707392201922,0.990787793451586,0.11568072381929984,-0.4484780705465692,0.5921579957413585,0.9999335062941402,0.9574487618828759,0.3880581079120227,-0.8517331709796815,-0.9802585277790067,-0.9920466428169622,-0.9953176728808337,-0.7768459273854362,-0.9695058345577067,-0.9576375279323478,-0.9961503482425568,-0.4851693432797099,-0.9652897502042946,0.9338176023746058,0.746097003157715,-0.9023130066188476,0.9736185509030298,-0.7351151496341083,0.9562819443774989,-0.7805674712694519,0.8678985374331606,0.8102073440667634,0.8619289017875505,0.5473507108849647,-0.9975083050329451,0.9526301048380024,0.2591001734591388,0.8718451845262127,0.6670554656807728,0.9924011592368706,0.9731677486631292,-0.8949714404824868,0.9752213830256435,-0.9661452459122497,-0.8191942020508239,0.5603191784592719,-0.9571972935196955,-0.6512859187210668,-0.10406818579648813,0.7024465550103267,0.35237891570904184,-0.95404686702348,-0.6226958003347667,0.9977019768398582,0.8893987341569943,-0.8723965989758653,0.9268958411922763,-0.9522783503032892,-0.9792497752131868,-0.9650594262856341,0.29501240603575746,0.6394379888001942,-0.7283608477065691,0.9706775082135284,0.9014247585777495,0.9668818266321904,-0.9483670145154696,-0.9316521473755945,-0.2167577330795223,-0.9599191259383495,0.49799608731157446,-0.3693953714846708,-0.9856097987749507,0.5660612972327221,-0.9891343731638448,-0.9552709289712975,0.9279990642565542,0.8964378622249696,0.9888769257497231,0.8010477313861883,0.9175095877831074,-0.3153083617317466,-0.9981987693002641,0.9961352022121351,0.9706839755764206,0.8416682617650216,0.20462626597407987,-0.3888897888138932,0.952091942195045,0.9106127695163282,-0.9313144117587483,0.9605758959949354,-0.6471244634402757,-0.8255113078368475,-0.9536417113336795,-0.835649825610335,-0.4101610611847454,-0.46964306079009355
-0.4180647558064141,0.2519498763073339,0.9614411394389852,0.6565985426131073,1.000000006819864,-0.3851321409079945,-0.28296582070195325,-0.4429090216713869,0.6839410666235064,-0.6021193056728784,-0.3087333535378518,0.7868477441728343,0.5284224214714038,0.9439632023871525,0.020763377804774576,-0.779984204774781,-0.22478201970639375,-0.3031107844803037,-0.4251507672985133,0.5682615516980225,0.5509041181032186,-0.7405355130498642,-0.6330378946117061,0.44731886630346485,0.505555405097073,0.7293065579134558,-0.7285505030732501,0.3710053333505431,-0.9492407894217477,-0.4905908678231861,-0.5259493578338329,0.7466976802545633,0.6931931450633148,0.7410257062666951,0.566837924381255,-0.16215903854683203,-0.3954217635806978,0.9790514511002194,0.6606999914221877,0.4111072171430483,-0.4327525632016367,-0.6588618231037052,-0.7503740685581838,-0.5930341855199565,-0.6734047606631602,-0.4207991712862006,-0.5524309962873353,-0.5136395305811208,-0.6378179639985738,-0.9449407858757002,-0.5523670876915673,0.6609801725239909,0.9633872902530284,-0.40117750304536415,0.7314949614104413,-0.6877389929999326,0.7091088362748206,-0.26061102538428726,0.5281490672812343,0.6506207262060303,0.582974752274379,0.18911955693339258,-0.6948832897853422,0.6201632084931096,0.803676474733964,0.31551468482360423,0.01049521218196025,0.7321789871721667,0.518140304312231,-0.8798297826405933,0.6975878388800446,-0.7515187647480409,-0.48412484494270647,0.9023186496338613,-0.8456973588814861,-0.5500725032070302,-0.30085031543457447,-0.02238917981867955,-0.24082096927429691,-0.7189128094506915,-0.9302396877303416,0.6304854326968703,0.35085604717299934,-0.8266319236852886,0.3364715444764599,-0.8405462473725194,-0.5333765420327365,-0.5403894627377689,0.5791502269499068,0.4377036392015891,-0.9910962939192425,0.6795232231381618,0.29693106642711575,0.4667468531812731,-0.8563554973644387,-0.33841373829596105,0.16708132755646804,-0.48741126137497204,0.41291543093118344,0.3090041238985977,-0.5592966650722705,0.5289781655411478,-0.6426782499792723,-0.46967491518898485,0.7649962072003126,0.9181506849198576,0.6531910445324096,0.6305605293611164,0.5430896800890783,-0.31170511629846953,-0.6683389528565348,0.633366015975609,0.5532947777103513,0.8073193895250004,0.21477478099367872,-0.2511899572757988,0.7198317881624251,0.7099269792861869,-0.6732036802377347,0.5381379533158356,-0.34579530251698964,-0.9019836126944512,-0.8392508066201645,-0.5938427360573646,-0.41202269306386696,0.06706227957164557
-0.5912602581653007,0.7186252311744028,-0.5152679291752444,-0.9121379406037556,-0.3851321409079945,1.000000001548597,0.9057831129885497,0.9875907991507703,-0.7776602647044683,0.9633509476741225,0.9864513813621935,-0.8678984601927,-0.8279959752573534,-0.44313959388618,0.7944178136047879,0.8668320156904368,0.08646087893135848,0.9613451423272866,0.9968459818714926,-0.9712712777131627,0.5458540473998322,-0.0037984830418775666,0.8877914892391127,-0.990251483041688,-0.9896588578993334,-0.8078508092248466,0.8006275980262058,-0.8774061189728871,0.28483774577243,-0.6011394162369821,0.964985651324205,-0.6602842694306924,-0.9320913621606012,-0.8413275204808089,-0.9581493498730823,0.08385333101662877,0.1094810596538992,-0.3752529012390331,-0.9133536700960224,-0.9578532765092147,-0.6525598095338248,0.5893356711763168,0.8131492172191438,0.9561993637216399,0.872871905445116,0.5590246664721954,0.9805527764161474,0.9890621722561583,0.8896002264284153,0.28821341481110657,0.8406785556393461,-0.9380414382235749,-0.43690666600741224,0.7917096247042681,-0.9104662652000199,0.40958913258615204,-0.9222504061573374,0.9630937107954006,-0.9534860163368035,-0.5272582811416896,-0.9297767767646721,-0.8018586844532568,0.8810804967528754,-0.96096039999169,0.1429104119692546,-0.9959974899515016,-0.6259297759124411,-0.8568668526704881,-0.8841783083395104,0.7720472004870585,-0.9295426898024841,0.7762515357660452,0.9359188491609164,-0.18325067848805926,0.7829286364640223,0.32857383210293356,0.2875249116080292,-0.9139412123314735,-0.7048315063168621,0.9164241643331055,0.4806155349352164,-0.9017252422502398,-0.9985866744976557,0.8053357684601549,-0.9171134147507707,0.7556924723603715,0.9762205698914841,0.9837181397569628,-0.3632966114839732,-0.3490136619171233,0.4967072175406221,-0.9387652614509056,-0.9880726292647454,-0.9083045492240269,0.7973863742147531,0.9604706480768237,0.5762754401391739,0.8681109012933711,-0.16741561382351128,0.3744208171733036,0.9682921854383224,-0.693360206367024,0.861337265677415,0.8685713933525141,-0.6961214103103831,-0.7158082138062122,-0.9445366980484201,-0.8637812757229846,-0.743776054177588,0.526235817453591,0.9226335188499849,-0.9410868885186486,-0.980042254200721,-0.5472420466726123,0.13166876213638615,0.08350795953962856,-0.9154213162047773,-0.902697210475681,0.9313858419720744,-0.9848290299024243,0.39641124722845156,0.7069290858825654,0.7590946108988321,0.5836020164375085,0.5846574319503373,0.3535656664224918
-0.752983072065076,0.856454380284819,-0.5019945961303947,-0.7015056366286345,-0.28296582070195325,0.9057831129885497,1.0000000022760849,0.8305316382465522,-0.4779755873634316,0.8948758047282401,0.9594867335090635,-0.7181533524991498,-0.519622162326149,-0.20848711813309467,0.5386948691174887,0.69967139683347,0.4705072663248401,0.7650352843218096,0.9270961839596786,-0.8183219820484977,0.491548278695476,-0.30919901853582993,0.6416395654262357,-0.9417861755646705,-0.866321931704318,-0.5419637654239325,0.53001480073892,-0.5923522384443431,0.0668426494173723,-0.6682177921658737,0.7777102156181646,-0.33921989042712325,-0.8154070076052943,-0.6059044777802307,-0.7733256093185592,0.4779594305687835,-0.3113232218010159,-0.3604086145379308,-0.7065943782861598,-0.7458882560247699,-0.5783035348193569,0.22533488409490918,0.5614708008463413,0.780906356081233,0.6294777186979003,0.15685113567157324,0.8531541546629081,0.8719688246379675,0.6467752684074322,0.32888374677534404,0.5426456196836147,-0.8769529773978281,-0.22627173902764292,0.45824859562181103,-0.7837885184394455,0.03393304750521079,-0.8283606572746645,0.9816245682835896,-0.9539028114964205,-0.1515293143945731,-0.9400307475522892,-0.9791949155176672,0.6559700306503293,-0.8744458792434656,0.3367654330198249,-0.9285433925621513,-0.2762070277359834,-0.6299739405469368,-0.6093341742963007,0.6854009837605588,-0.8059977527230646,0.5026308984305704,0.9742298408820655,0.062351779326880484,0.584231249425361,-0.07994647205276958,0.6364214246724318,-0.851593254249195,-0.8625452946977202,0.8242910648967433,0.5206215752394993,-0.6676740710068322,-0.9232602069016003,0.7711853754915374,-0.6656659299842195,0.5280605424831759,0.8161775168648104,0.8614985487717474,-0.6296377361385275,0.0738998660563821,0.4077368128215729,-0.8250104224076001,-0.8494220645374211,-0.6471671311045217,0.6380891027820658,0.7570022841668139,0.8445223718945502,0.5790652991345989,0.2557148069747473,0.045664211653903185,0.8012206003891729,-0.8844256083447944,0.5973118947711913,0.5785320538745184,-0.3937398815573859,-0.5758588202715191,-0.7924510865939288,-0.9209610953941528,-0.3999612029958049,0.8199576830325107,0.7348055211692006,-0.761353399970667,-0.8504273626215951,-0.22745960403949098,0.5360357964427173,-0.34555937896192085,-0.8258848187360471,-0.8632164078176771,0.8727706646181498,-0.870542980257133,-0.029252946598744455,0.6693616433990858,0.5327364556584309,0.20486935443172635,0.8432620199011515,-0.04376053936946519
-0.47968817970321426,0.6150335163078019,-0.5329342928861567,-0.9575220766050813,-0.4429090216713869,0.9875907991507703,0.8305316382465522,0.9999999972707311,-0.8629493955339389,0.954746420112672,0.948470810603107,-0.9015496503958453,-0.9057418637590013,-0.539574738175265,0.8304752058322404,0.9061324026036469,-0.038584004293420585,0.9821033237968806,0.9782227530931992,-0.989222591261197,0.504116634433208,0.13498244049295416,0.9456326145907306,-0.9658687637444239,-0.9934558289595841,-0.8819309680144211,0.8767266244557401,-0.9367185381729202,0.3857745571293376,-0.5176249417011506,0.9929737744510164,-0.7631294680230047,-0.9460922340079693,-0.9035365161814513,-0.9876630997076177,-0.047397126774688526,0.2640202251751029,-0.40304268662688214,-0.9575418773541521,-0.989240017068535,-0.6164943018503042,0.7070334060277894,0.8830738070363079,0.9838407824267102,0.9326169561879113,0.6803242123449095,0.988510182177194,0.9911606478569176,0.9464255652124546,0.3010090615008339,0.9152535543713911,-0.9312950829654636,-0.5265032170552691,0.8742241255774755,-0.9310193643169496,0.5438465690059686,-0.9298878553613019,0.9088720905613028,-0.9186406759754081,-0.6524275122029563,-0.8956672265949971,-0.7004875979793636,0.9351238539314305,-0.9594754731003666,0.030277952872020245,-0.9714709754010528,-0.70588236566082,-0.914791707565199,-0.9465513846147373,0.7946841605735385,-0.9462365325741855,0.8559798995772531,0.8872421382686331,-0.29768940781944386,0.8412757518545714,0.47254458530949234,0.16541616826839936,-0.876863429986302,-0.5958841449271578,0.924293187641402,0.48090864944667644,-0.9544717072148624,-0.9782379532102947,0.8055746022109519,-0.9609135543079209,0.825313223604842,0.9946207039227254,0.9891525084648506,-0.2775875642510761,-0.4912817008326616,0.5426087334675732,-0.9507096766421441,-0.9873119224456678,-0.9620921093286339,0.8419697514689989,0.9853782426914864,0.4413634995687441,0.9348545394283008,-0.3199458506657172,0.4479090061927329,0.9907959025061885,-0.6101675241646859,0.927350123989193,0.9347858039909531,-0.7912526403651562,-0.7618502360939187,-0.9678767588867765,-0.8201330328456006,-0.8395009737669612,0.4084207165849136,0.960181360630264,-0.9730827708401649,-0.9888236539708869,-0.6595856827318409,-0.023850168921315352,0.23566404108811911,-0.9225158157409743,-0.8931448523541943,0.9247930885112944,-0.9873965465310842,0.5323082051352004,0.7180401218222999,0.8280093864678709,0.7035847572392879,0.4798347994440956,0.4630375923758708
-0.02049634492974978,-0.13458929650754625,0.6388111106819175,0.9610867307009883,0.6839410666235064,-0.7776602647044683,-0.4779755873634316,-0.8629493955339389,1.0000000011729475,-0.8081945249926911,-0.6668222173888685,0.9163835526509556,0.9798983132775559,0.8436951139111004,-0.7026994069611076,-0.9329505218170635,0.3051489044458451,-0.8423428900362128,-0.7629736192211795,0.8953014059159473,-0.15053571648162564,-0.6119576343909287,-0.9796153504797286,0.7435498880004414,0.8488476173750453,0.9944596078155234,-0.9956736758787169,0.9225259750946555,-0.742751653826014,0.06503056638109435,-0.9152472946893018,0.9846101098746467,0.8791033758276441,0.9821693945687182,0.9237432784339287,0.3406813626029243,-0.6765391120479541,0.5726217247574668,0.9588601253972845,0.8974691584025748,0.2727378085579091,-0.9633371248674816,-0.9889290668962226,-0.9215041724957228,-0.9832826192390737,-0.9035692295894968,-0.8656598253557515,-0.8444363687063615,-0.9785664503714446,-0.45138286332611066,-0.9836964026492213,0.8078604655070787,0.8203831052691525,-0.9425616535250956,0.8928342769528946,-0.8915148145285862,0.8539770109392114,-0.5856018996948316,0.6983515679819949,0.9405825521745378,0.6946361806537694,0.2948972639413866,-0.974851875451405,0.8338320362848469,0.43531233062607694,0.7200067671491286,0.7305520251869035,0.977583835226506,0.9681967115375255,-0.828200280752112,0.8870853082875998,-0.9944821416913671,-0.630269836805985,0.7028237157354097,-0.9478659999066555,-0.8353908305677513,0.13101926314646015,0.5476047506376325,0.10889916829583048,-0.8524724076735164,-0.5489791774777212,0.9724477241672248,0.7431276079465918,-0.7673295928799948,0.8931544300701505,-0.9641396578196721,-0.8932195779366874,-0.8571185755918924,0.10364850515396813,0.8215525582730613,-0.7250860056580847,0.8743675518836375,0.7892896903647989,0.9468435951313523,-0.9150111876580111,-0.8628051448605686,0.057137712875387034,-0.9644802394464815,0.7163063141875785,-0.4569600092238405,-0.9063727957878388,0.3455606721109898,-0.9892219692402334,-0.959384611544406,0.9892490056273782,0.8723721853006237,0.9110540042296495,0.6240124920918138,0.9804548029919624,-0.061932331432430765,-0.9452289251266585,0.9331704318806069,0.8682015024028891,0.9451964192643003,0.4641246938334259,-0.6195300827305132,0.8493472187263013,0.78255476277773,-0.8059880291677484,0.8479438821273529,-0.8163584669026257,-0.7463521751670369,-0.96404021164475,-0.9532196796932777,-0.169087501579934,-0.6112947196484233
-0.4329170760729296,0.5867256902860847,-0.7251293248402462,-0.9382807127921649,-0.6021193056728784,0.9633509476741225,0.8948758047282401,0.954746420112672,-0.8081945249926911,0.9999999999307078,0.9449045499031465,-0.9513086514702359,-0.8052026398701899,-0.6060897258988929,0.6291863119584161,0.944384175667192,0.22895482005975598,0.8823559446226369,0.9777986226780803,-0.9776818933903499,0.30509986717975535,0.14050020417469467,0.9020194275528596,-0.9833475075543467,-0.9824305664721226,-0.8554702323901089,0.8478528562266578,-0.8082218353821246,0.47314715365691185,-0.398788139235008,0.9520518596280225,-0.7188700751124184,-0.9879237597230287,-0.895121137454923,-0.958466797704927,0.2108845069861788,0.11310901327718476,-0.6075318350066693,-0.9414205069650285,-0.9069295473396588,-0.42789815243582785,0.6216003782142718,0.869462374097911,0.9665325336744027,0.9012929041897897,0.5174924446181117,0.9870951849211064,0.9856853971391727,0.9057478316151502,0.5344051089508801,0.8255866772365521,-0.9966091771767379,-0.6117913974541275,0.7309298336044989,-0.9778064480899546,0.4702268790499413,-0.9891768896745907,0.9210569307176366,-0.98585325795761,-0.5622816423745494,-0.9832567962152772,-0.7960787761055164,0.9188828285323711,-0.9989745664942807,-0.0629000931626049,-0.945883822498525,-0.4693793615924731,-0.9081025708043478,-0.8590334880985618,0.9089805563513007,-0.9853891552240407,0.8325049845146721,0.966499373624036,-0.3644689832567439,0.8828204518316056,0.35207184316942336,0.41852276108464853,-0.7776621811924801,-0.5824704311157998,0.987325950880932,0.6980989374820418,-0.9162416206268472,-0.9565515775166454,0.9347675174890946,-0.8406628290701409,0.8508738048319877,0.9702848380155249,0.9875711579839904,-0.5461874156321983,-0.33412370272312686,0.7000606405151849,-0.9904774122783682,-0.9171950332755704,-0.8684069408804114,0.9076047425939634,0.8901519204791583,0.5169240866018608,0.8328406659183666,-0.16824799066021734,0.16208325617581107,0.9692351253728919,-0.802720384958997,0.8775795751934408,0.8278856145406385,-0.7597726369392495,-0.8586546850708279,-0.9790808289079241,-0.9501610369024173,-0.727702499660366,0.6175150445609552,0.9560954770596185,-0.963967574215128,-0.9863878170613425,-0.6379319706824564,0.14602911596514442,0.046808897130865584,-0.9873133253190498,-0.984856356670758,0.99489729241366,-0.9897163466901515,0.34832443345448993,0.8697939100839902,0.8537648494065437,0.5943986044169283,0.6894792124775199,0.19803507366858833
-0.6952693433336868,0.8101409035888307,-0.4772011433859707,-0.8392266701498424,-0.3087333535378518,0.9864513813621935,0.9594867335090635,0.948470810603107,-0.6668222173888685,0.9449045499031465,0.9999999952210504,-0.8068854463394547,-0.7250370626978544,-0.32637762739571313,0.739506100011111,0.8001295676450564,0.21035783407997852,0.9154807906472497,0.9893755425092378,-0.925792425888755,0.5806655981713515,-0.15184454572013312,0.802909835478885,-0.9886299448470336,-0.9587559829024913,-0.7073890804628818,0.6982748681552711,-0.7934900927508476,0.16706446997393173,-0.6768665003424356,0.9097525464265301,-0.5336647532411113,-0.8904840049312001,-0.7521319579600568,-0.9011638242468432,0.2146850877714728,-0.054334797856127506,-0.3299057927128305,-0.8416018158766534,-0.9002889199558011,-0.6781218121842247,0.4499132643173575,0.7166335273686617,0.9009514341382806,0.7860434771408085,0.4186440211216436,0.945208144411061,0.9598400504688605,0.8056744964248371,0.2604786744825255,0.7404631170572077,-0.9177772921709912,-0.32711148279552754,0.6857908545828575,-0.8623364662933624,0.25712371136420864,-0.8872380121900236,0.9941795203280838,-0.9627134089378045,-0.3816953629910108,-0.9383299719818432,-0.8854407627052411,0.7997056986409337,-0.9351391744893162,0.26157769631462735,-0.9955114425967632,-0.5297597022162182,-0.7717659494774417,-0.7957257138964754,0.7237010337713388,-0.885204232405657,0.6705538296702385,0.9600596997086984,-0.05441006810494136,0.6981276621080036,0.1692140191382111,0.4031578791137391,-0.9310450257035325,-0.8020425713965209,0.8812254346701796,0.4613673628931448,-0.8217543400099919,-0.9934719200063888,0.7795687309868076,-0.8484319782639653,0.660039063699408,0.930465169274134,0.9509818254690512,-0.43762168968334625,-0.19187984242759687,0.42995927144644713,-0.8992238024787101,-0.9636393613560054,-0.8285085811082339,0.7262291978405285,0.9100853014492094,0.7023459386492183,0.775821994439257,-0.004173950615909941,0.29335016849516404,0.9183044032326623,-0.7579652132824799,0.7686294737637488,0.7769637074120923,-0.5764070445723742,-0.6445073252270553,-0.8934405701879107,-0.8831953305117622,-0.6242480962652908,0.6319080772705191,0.8573911200610183,-0.881391356007098,-0.9438598781825057,-0.4129945571792323,0.2894124483608734,-0.07604878420976496,-0.8810293457072405,-0.8856967990638542,0.9110123865852782,-0.955016267123674,0.24548256164225674,0.671669859433494,0.6640956206826352,0.4425292663280554,0.6748566280873336,0.23413996307199597
0.13833879240560132,-0.311621540528371,0.8348455798214482,0.972980728632567,0.7868477441728343,-0.8678984601927,-0.7181533524991498,-0.9015496503958453,0.9163835526509556,-0.9513086514702359,-0.8068854463394547,0.999999989679875,0.8704268113967775,0.8206806184025844,-0.5548008275453211,-0.9990351487187803,-0.09989588985293561,-0.8196313275390488,-0.881901709790045,0.9549304427746562,-0.0809413256030082,-0.4379337451590286,-0.9516647982754686,0.8850431147931664,0.9288998371443289,0.9530983035111041,-0.948897711736028,0.8168376199910075,-0.7171965646620659,0.12517075912356943,-0.9354561074989843,0.8764362838090779,0.9871326996993351,0.9751951283376801,0.951672981353269,-0.06393379589975813,-0.3551373356261065,0.753084913736522,0.9751600766713912,0.8761286063108448,0.21524369306226473,-0.7929638084440261,-0.9647508615405976,-0.9621402016136327,-0.9622915238108736,-0.6574126024408966,-0.9479636447072364,-0.9315095174129211,-0.954684107830512,-0.6682997264905933,-0.8891038651053381,0.963855721047969,0.8221229552540964,-0.7857818647149338,0.9947368705141767,-0.6930629339823975,0.9846441455113932,-0.7582129099582139,0.8936430489360376,0.7505045986758783,0.9046820114933947,0.5862890095284856,-0.975280316402489,0.9624867151046013,0.35891850222934213,0.8242563101100642,0.47902049891406984,0.9791276371980415,0.8953551759200611,-0.9737115360854096,0.9890409598365412,-0.9454655527608018,-0.8522947665556199,0.6320242344168086,-0.984326498357863,-0.5753817568289454,-0.27675319208382976,0.5952422504708315,0.3046353120145285,-0.9855856328616724,-0.7860939726244524,0.9571320427151983,0.8456936290041382,-0.9579735328656331,0.8184921194591984,-0.9694000433425736,-0.9414637490149471,-0.9428229738370195,0.4855069022820383,0.5333372923279753,-0.8523892590369125,0.9838597850943499,0.8229458571583317,0.8819132775392333,-0.991804264130167,-0.8386588516685256,-0.238161402319057,-0.8716969673470936,0.4023364052449768,-0.14619503737725778,-0.9510257881734964,0.6886933280472969,-0.9428005678554239,-0.8630185026146625,0.9056950766456577,0.966971633016216,0.9812512803626046,0.8774416530502617,0.8298697325621751,-0.44820306882207467,-0.9815715923423821,0.9739838099046946,0.9484961931421861,0.8339255593559907,0.10167112413990535,-0.26525040152730844,0.9849170360601053,0.9620575035651651,-0.9653715220149931,0.9408834877910661,-0.5172183106619914,-0.9334922074045628,-0.970704901195117,-0.7584128462823588,-0.5447176890429716,-0.27060663519859024
0.12510861488903405,-0.26284891708974595,0.4986105958824452,0.9544271018652517,0.5284224214714038,-0.8279959752573534,-0.519622162326149,-0.9057418637590013,0.9798983132775559,-0.8052026398701899,-0.7250370626978544,0.8704268113967775,0.9999999990270423,0.7205257067322117,-0.8304343356877462,-0.8900696749348489,0.38089173028787093,-0.915632430512039,-0.8019426692391404,0.908961345015321,-0.34050541996464906,-0.4842673977666081,-0.9785409124067386,0.7748515421407793,0.8751656067096865,0.9650153635494193,-0.9659767913090689,0.979913998341127,-0.5973217663171305,0.23678749056391063,-0.9405898355988898,0.9388399411636432,0.8576875486843999,0.9512930095218265,0.9392856681443685,0.4044065908089384,-0.6478866131538042,0.4116072841919955,0.9510879577965713,0.9488823792815786,0.45264992958636063,-0.9318620728463036,-0.9542233168196198,-0.9302679367514191,-0.9714945137718439,-0.9229235927099957,-0.8812762096048581,-0.8683327120716621,-0.9763613625145907,-0.2813730806853601,-0.9992174281895534,0.7884734642327861,0.689902882354771,-0.9878288525186947,0.8615979454019144,-0.8329487012463891,0.8256758597831358,-0.6466423689595187,0.7030092733951522,0.9044046796966756,0.683708897833907,0.3354375385273883,-0.9576629729471655,0.8285078594443887,0.2658835885743208,0.7820063234695479,0.8403218621674886,0.9496490015811201,0.9940382508850986,-0.7443195504636867,0.8651068541535056,-0.9571929859569515,-0.6383534551234061,0.5576663992044033,-0.8838220066898878,-0.7994937976413162,0.19472606792354835,0.6710137347302016,0.23109888728827385,-0.8211894571071647,-0.4058292967117073,0.972418822212085,0.7987024855048458,-0.6936209580018202,0.9594183143970961,-0.900743654706447,-0.9156340565609835,-0.8751705067032691,-0.001779620754469392,0.8135559090934307,-0.5838648300409167,0.85639221737615,0.8614070836952149,0.9852315907167536,-0.8465269046315083,-0.9291807365650065,-0.022465531497819873,-0.9963161325063934,0.6912832024597138,-0.6017907477913739,-0.9229899907012402,0.29895509830489997,-0.984631406185695,-0.995158741979959,0.942114731633596,0.7787483775302011,0.903239851481249,0.5901278297964427,0.9906224164532061,-0.03079468607430652,-0.9350735742401732,0.9319266946136062,0.8837918097317684,0.8724772499608373,0.4426684015906558,-0.6192488845875439,0.8174849867944282,0.7462246231942501,-0.7829285684411481,0.8658174079844055,-0.8340529938292454,-0.6448256757527701,-0.9012099491480686,-0.9363705412885016,-0.1272731312751153,-0.7088677128104578
-0.45208516454612646,0.28719139696413454,0.8491778789901449,0.7585109533000213,0.9439632023871525,-0.44313959388618,-0.20848711813309467,-0.539574738175265,0.8436951139111004,-0.6060897258988929,-0.32637762739571313,0.8206806184025844,0.7205257067322117,1.0000000098528163,-0.21263915716906515,-0.8280921585413833,0.09829166118655533,-0.4496698711473388,-0.45830848882218794,0.6421364767941747,0.4020837482657948,-0.8614777782340802,-0.7645237881177258,0.46060119731175597,0.5671268737299795,0.8577650330957544,-0.8604079764015186,0.5712859059270268,-0.984773989742659,-0.4410245557936601,-0.6321200977853357,0.9080807748721669,0.7187971589873556,0.8459600635353015,0.6646596754013668,0.1592460178626478,-0.661540155361972,0.8591228900193438,0.7590924081931262,0.5531423157505997,-0.28183092008817295,-0.8631205668787164,-0.8650456378084028,-0.6795436070640433,-0.7960299748200266,-0.6887909989830524,-0.6096170814550688,-0.5692008595653666,-0.7661252793608672,-0.7839597420921868,-0.7335274853478279,0.6493052296936159,0.9979071762631904,-0.6300282720448814,0.7579804050106651,-0.8885625080043055,0.7144858041399597,-0.2497845404820586,0.490303961552119,0.8623200811337366,0.5282951014333713,0.06080930490772573,-0.800680158939139,0.6350640147134192,0.8238293359878139,0.36344334958574875,0.30341602802982387,0.8326303322265243,0.6887083100670159,-0.8472400449652713,0.7276493007236037,-0.8811214133746434,-0.42324574695704004,0.9614971414061927,-0.9042187843451863,-0.7931692005475123,-0.0020074252189734103,0.06904864701093362,-0.2935227672506579,-0.7212108259170371,-0.7805127976035342,0.7537456821680512,0.39956649240753095,-0.7635080053745329,0.5180913831205642,-0.9207104555962228,-0.6181501606775237,-0.5955839733698326,0.3046034106202413,0.7096577337407435,-0.9312738298609594,0.7052530226597865,0.40162478661581863,0.6356908355854795,-0.8838529353329138,-0.4850612848820565,0.32093258243932254,-0.6727417533598432,0.6807328739881383,-0.005036675253852183,-0.645166322104118,0.33405480320736175,-0.7851710458786911,-0.6584616725453466,0.9109518661266239,0.917941159631289,0.7123928813225631,0.5299747596901855,0.7562798281803609,-0.06388708613230075,-0.751547777237468,0.7165003076396564,0.6120175156285287,0.9535595223183759,0.4849553184280615,-0.5442458186375898,0.7199658559021204,0.6728113099678033,-0.6575008827216493,0.5876691371392901,-0.6358306236886625,-0.8257257150322087,-0.9187897760766719,-0.8189056857039358,-0.17842871538509286,-0.2618164280486419
-0.5195473994993901,0.5791746380202221,-0.005224296947369993,-0.7269264813820668,0.020763377804774576,0.7944178136047879,0.5386948691174887,0.8304752058322404,-0.7026994069611076,0.6291863119584161,0.739506100011111,-0.5548008275453211,-0.8304343356877462,-0.21263915716906515,1.0000000081162186,0.5777148813567963,-0.48568011589778054,0.9205296528249337,0.7437625673362979,-0.7519428944759504,0.79858014314326,0.005804927519421006,0.7590027223566387,-0.7023719782203524,-0.7626627027047762,-0.6673614133926878,0.6670488974345699,-0.9204458085247446,0.05335582556532791,-0.67438536136128,0.8071562420618293,-0.596499830760104,-0.615815161679276,-0.6547930459913393,-0.7789162979908791,-0.4700763371664262,0.4041988990482405,0.12254198659179098,-0.7214548102375606,-0.8847060138812328,-0.8584414516961022,0.627512297530709,0.6451539696655524,0.7535220905007411,0.7236486051077685,0.7594492352891008,0.7373092588016555,0.7509285768309677,0.7543674600261796,-0.24731303697049165,0.8178242348172132,-0.5705807781941762,-0.1696358042232655,0.8890926199963747,-0.590704907782752,0.47190035235135547,-0.5728000037509049,0.6883796278920477,-0.5743769129120769,-0.5915238050726549,-0.5161789154565687,-0.3950626387208633,0.6989488889477635,-0.6398599650591357,0.2764659103519107,-0.7923937782304501,-0.9503148597771703,-0.6623715575347504,-0.8443526103169795,0.3530658062474004,-0.619628061780266,0.6385822558397161,0.5353014395408877,-0.020287315847499144,0.5111006591645856,0.5059643479157007,-0.3061517049385906,-0.8758082578633125,-0.538447099408603,0.5610216516010564,-0.07291921785458148,-0.7579864652886367,-0.7871503409232936,0.3451362192534018,-0.9315254072671107,0.5241487253685727,0.7811806799764316,0.7396509916242165,0.27518221911730073,-0.5940482626953876,0.0645070914713653,-0.6246268923157111,-0.8784815408233626,-0.8734647363280577,0.4720042175223978,0.9114613161815457,0.26148208196559725,0.8618157757279922,-0.4488108275487307,0.8594945692813355,0.770306320681603,-0.12344103660305832,0.7526322198710829,0.8718137597124923,-0.5967685138993979,-0.34914032444834997,-0.6874242860531852,-0.380976345557904,-0.7924043992015594,-0.03938446534150013,0.7034939309218842,-0.7265233913508469,-0.7390742164824168,-0.4682909218579274,-0.26174338946399167,0.4599809021720799,-0.5566474114760847,-0.4911912541851051,0.5560871415055474,-0.7323070957750594,0.6820062932932177,0.22815692371354884,0.5262053632495513,0.6708386466155719,0.005052291548951301,0.8075284974789544
-0.12530444599621787,0.2978598931042652,-0.8187784600501737,-0.9801321070321631,-0.779984204774781,0.8668320156904368,0.69967139683347,0.9061324026036469,-0.9329505218170635,0.944384175667192,0.8001295676450564,-0.9990351487187803,-0.8900696749348489,-0.8280921585413833,0.5777148813567963,0.9999999965128376,0.05632661258593427,0.830568668419406,0.8777009780077019,-0.9572153781993351,0.09250125040410931,0.45796262425233875,0.9629674349829196,-0.8783312592110596,-0.9290156286074361,-0.9653233113646129,0.9616582549733542,-0.8362850590032513,0.7235660809118936,-0.1229927011752089,0.9419751659380915,-0.8947978379490612,-0.9839177550627672,-0.983932576686228,-0.9573353800966028,0.020312878768982898,0.39190937580246243,-0.7375793715095629,-0.9818418685322022,-0.8870186535370106,-0.22651267773711933,0.81746651734843,0.9751565207988868,0.9664212538491218,0.9727528320116959,0.689707352401366,0.9478130631430769,0.9308576642711778,0.9655601332766081,0.6480106308913393,0.9072454170900959,-0.9553728987489752,-0.8267821284555911,0.8101695636194368,-0.9920618154976337,0.7191839328702494,-0.9788740389964218,0.7476214210704724,-0.8808022190198791,-0.7766446675842317,-0.8900861481181488,-0.5611841299333991,0.983479896581032,-0.9571545104138841,-0.36711462353614766,-0.8215288134583627,-0.5119622573917632,-0.9870472318858048,-0.9114259604668797,0.9652589767961559,-0.986478386969387,0.9582962834045557,0.8363106447967643,-0.6424624534913951,0.9879241880679968,0.6074266052989062,0.23466418115730164,-0.5976402495679618,-0.28871345280553345,0.9795106523920037,0.7651783802277747,-0.967158104146769,-0.843216586764995,0.9447683996344863,-0.8348160826249313,0.9761952927313664,0.9450013088513656,0.9423098121088488,-0.44724753658055555,-0.5685178396664039,0.8437672090057181,-0.9805219231402265,-0.8278961256999903,-0.8972526945996488,0.9910971677005483,0.849790163938142,0.2102958077725059,0.8897895411741639,-0.43879820845836215,0.18315286168396588,0.9549237721729964,-0.6574027246233389,0.9559257816884972,0.8814886113937611,-0.9216706234710633,-0.9636967372160972,-0.98225457867137,-0.8575767592211739,-0.8533482040242181,0.4104961438502187,0.9861362456242195,-0.9781671844708641,-0.948563353447096,-0.8517541138698783,-0.1407151324840124,0.30524499167657293,-0.9785644489783776,-0.9507516070049953,0.956475048280737,-0.9395807130357892,0.5538868479897394,0.9199397551685204,0.9773724471449259,0.7854761322268121,0.5087951951629776,0.3109797537601067
