1.0000000010351724,-0.9860231298688112,0.22819694276603367,0.7608089496413231,-0.9621908860124152,-0.8433582771986614,-0.9598175483120539,-0.9947414414767816,0.6842005463674188,-0.9647878842147799,-0.9315485820424843,-0.8449360039150624,-0.9748924508586727,-0.9947328455227324,-0.8696915049556327,-0.18474279897415827,0.7161576066128731,0.9183985370374627,0.8900518380836779,-0.9686725211185896,0.7298441900505793,-0.87356648081281,-0.9820139124084647,-0.7781676848305913,0.8400261151805132,0.9915160700721858,0.8581421730317085,-0.9044987456938622,0.784596295302251,-0.9014361853633477,-0.4783775311872866,-0.9250406106699287,-0.16239620469788968,-0.9035086999514262,0.9374585163255009,-0.15025054775976407,-0.950330398516779,-0.9897577702696911,0.7152773777523307,0.9413081768066117,-0.6773830121699765,0.6837328075030178,0.9130944201108822,0.9453799039820672,0.9800850399834563,0.961847942863564,-0.9185192371966339,-0.9564370289487902,0.8835840427772598,-0.7744947131277351,0.9914168947340747,0.9357750932834936,0.9816955914622815,0.8730460751135553,-0.9751110401776721,-0.9753157283012114,-0.9756949064793126,0.7962304375030664,-0.7611603359637765,-0.9677313717295087,0.9060226165203049,0.8806038672005585,-0.9162833446264884,0.6467689724671091,0.8170748724559485,0.9392148657231509,0.8039719875626115,-0.9582742123525949,0.9089021074277159,-0.9827093720988221,-0.9919884185411147,0.9794051290863973,-0.9212223197230652,-0.5508521631205209,0.9378025759512781,0.9398964250185518,0.8516704523613244,-0.9445089624881562,0.7450643769806767,0.9076939740521935,0.8720706242365305,0.9491205506352208,0.5219426208625881,-0.9512190125004174,-0.9948148577454251,-0.9880553934599672,-0.8611639769762429,-0.49640508113216625,-0.7859571575929754,0.9890061345863723,0.9708875554118153,0.9470423895294717,0.8994781633800235,0.9569517381149832,0.993142899949807,-0.925309989613412,-0.9179068013138775,-0.426887737170498,0.8802620344922298,-0.9056872928395096,-0.706315742057118,-0.17984482856683098,0.04035329157589374,0.9773963535518062,-0.8281961596429035,0.9415107726890412,-0.9985513882561783,-0.9595917002897054,-0.8889772535854419,-0.8207600776482458,0.9022555299282973,-0.6769149120212105,-0.42908737387128126,-0.8735572823938885,0.8904223385687939,0.9914984489520192,-0.8359104172441516,0.9557473061135732,0.9972364712482971,-0.94046574585336,0.9118062576921427,0.8267718028904876,-0.9711169318873974,0.9773915306036955,0.9634951055928034,0.9818536575325811
-0.9860231298688112,0.9999999967881091,-0.3345446453450277,-0.8398298225696842,0.9755084616123478,0.9140269020249903,0.9867120452394581,0.9795586181313565,-0.7429473175266212,0.9563153479659808,0.8710355923397524,0.8986045441689474,0.9933568861814872,0.9669279725451233,0.9078333563943826,0.13387494616739917,-0.7587643151450346,-0.9390200202067257,-0.9329609534287661,0.9633639376343903,-0.6825065692765084,0.9409753836405128,0.9519447455695453,0.8702786541635072,-0.7941023989907947,-0.9811826737750297,-0.9121479956676305,0.9594500869258434,-0.8234842615205107,0.9559006560585529,0.6113587987521086,0.8993340306756458,0.08133610091632464,0.9445237403748912,-0.9336995784767746,0.30749967872433615,0.9875527127772435,0.9909643657559591,-0.6358754060128357,-0.936766303986691,0.7387091181038851,-0.7005520326901616,-0.9665264173275856,-0.9779713389322234,-0.9971581111802649,-0.9610595103705868,0.8398881963668494,0.9318282128354124,-0.8908979681554491,0.8480695513913835,-0.9967068080250864,-0.9805260263255949,-0.9836289858302422,-0.9358728364660156,0.9900798368684622,0.9950357788915736,0.9543736382539549,-0.7364865822483293,0.6788610579645653,0.9779377319463074,-0.9591575579570318,-0.940693958030934,0.9689229454187,-0.600820714466392,-0.9006608907258647,-0.9827398989108865,-0.8236741103636631,0.9382351201827948,-0.9586000234203995,0.9393882041814675,0.9576311740720594,-0.989842651351618,0.9712388338084126,0.6788011638938911,-0.9603076747938593,-0.9824491072376562,-0.9207493371471873,0.9766486176623748,-0.8452026436487692,-0.9519486122320737,-0.9400418703332734,-0.9872242089426554,-0.3725572704133577,0.9572720998258829,0.9970094777083949,0.9837128731443763,0.929363851184541,0.459698294521409,0.8387795509986176,-0.9828937270753051,-0.979545351729133,-0.9825627874373497,-0.9559834263524918,-0.9157372397029506,-0.9934115851588751,0.9742287706969016,0.9594632845886975,0.5067681827440456,-0.8974867486589727,0.9484646576303724,0.747575968585555,0.33047188586212,-0.18052698354106694,-0.9953085229939126,0.7482491065791058,-0.9672248340379445,0.9795565828937516,0.9831070042680432,0.9501538026150844,0.714629905968448,-0.8914865925976887,0.7614432739898663,0.5279345919782014,0.8959271778187496,-0.9421800573012401,-0.9991402537052841,0.8893942276436119,-0.9241090565988992,-0.9722551774721381,0.9507764518137181,-0.951336297748457,-0.9007022221306339,0.972911356827982,-0.9293990361017603,-0.9937045909725913,-0.9523814598676854
0.22819694276603367,-0.3345446453450277,1.0000000043031638,0.27198266679957983,-0.4830467592581957,-0.6654851580159399,-0.47182684145340015,-0.15674581374432867,0.0008789385134798878,-0.05863288296040501,-0.18523280631562958,-0.20054483318291577,-0.42897267961195945,-0.13895089155512372,-0.12358643314003599,0.820624764833212,-0.06619227115156245,0.09737442558479179,0.19743482642954915,-0.08296513223059122,-0.4340836511128592,-0.4511231718361444,-0.27389405556800606,-0.6630991248435636,-0.3026032999277029,0.1485441689528603,0.6785683570084028,-0.37980515812352045,0.0045934854740722975,-0.3591058356567733,-0.842220770779034,-0.33291363617980835,-0.33222028331530923,-0.6166624108151197,0.011261856775353166,-0.4836362529110684,-0.4667380600031419,-0.3619452707584757,0.2879496553336208,0.014462504842124722,-0.012046344426602195,0.7573108092377601,0.40633850902260293,0.2733532886302408,0.39579384679701685,0.08551855649290714,0.06311079347967584,-0.37504980200471916,0.5967274097495481,-0.2431009623685261,0.263955629649412,0.3973435333166953,0.170827285421677,0.3652743806642995,-0.2357875456434714,-0.40682407204484566,-0.05140468164110452,0.36135667482480677,0.4507631277245329,-0.16758062834896237,0.3611655909170503,0.3552845976582564,-0.43108659171600455,-0.5129870921954383,0.5168117587426339,0.40510325818268045,-0.08440037484954908,0.005868388781806663,0.32296753924384713,-0.09418895770679607,-0.16127886438402853,0.21835164904678583,-0.393641859059119,-0.7408262212995124,0.5451707989450701,0.3944216764941542,0.3823759544496838,-0.26278418124651814,0.6494553703975172,0.2634636150489633,0.463027862814288,0.4598906868972082,-0.4491608733194961,-0.49488687506648676,-0.2678030982218459,-0.16308585280468424,-0.4076372316355202,0.5987971077679315,-0.08779722355431119,0.1618644255247963,0.45211399165350186,0.3147292547405621,0.3814722962478437,-0.058766969912499405,0.22954707065934968,-0.5007063241884653,-0.26718209898938783,0.0799334700724562,0.006737893479003087,-0.6132620931396697,0.07696310984450919,-0.39409366713889943,0.9311520087400625,0.2805259112267562,0.34496558972626157,0.19951532295066216,-0.23743324630858215,-0.24458171960296932,-0.40944054035343896,0.22827692101909206,-0.08798202514812448,-0.19353978511912104,-0.054157773136866566,-0.027520102974001332,0.28872061706513763,0.30016370936653797,-0.17943819429249347,-0.039434889395826275,0.1848534565350311,-0.09134426731180068,0.23074698011668876,0.6913635205464251,-0.12503614846748598,0.11393554075576345,0.42863229276652304,0.275966731028593
0.7608089496413231,-0.8398298225696842,0.27198266679957983,1.0000000021535445,-0.7397481318767168,-0.8321001311197065,-0.8100395585735541,-0.788290497469494,0.9599670155831056,-0.8447953301283355,-0.4735026581624136,-0.9855205312674625,-0.8050652630462644,-0.7309948597829182,-0.9657262391366411,-0.3228734717714379,0.9405612044222899,0.9262149818367472,0.9666917984308313,-0.8518162635103237,0.6697065130776259,-0.9548859921728359,-0.6358495486281085,-0.886488462551891,0.7097098397525594,0.8102442007421242,0.7486013552171221,-0.9540850702935885,0.9536321810525082,-0.9601809815930198,-0.7204392476150566,-0.5570624619964,0.4449390012690642,-0.758100276358642,0.8678983724462667,-0.7185268756548425,-0.8613241414505132,-0.761578769322413,0.11673448399038258,0.8649656231159083,-0.9618332962767773,0.3472259524269348,0.9416287795583638,0.930729009185347,0.8186525388912471,0.8679565123301729,-0.49234257734847015,-0.5883805276892936,0.5714430236212392,-0.9992800114826447,0.8372402948937687,0.9205679933031459,0.8574263333080238,0.974309579283414,-0.8850892187258871,-0.8196289258568726,-0.7933927829609495,0.2565615037915254,-0.5236857339659968,-0.8882976945656113,0.9568801909093109,0.9722552588760159,-0.9307152453595002,0.6375496738391141,0.9547004761004879,0.9146832949357062,0.9158183945711048,-0.8102390348926884,0.9593485048935353,-0.6621488156562941,-0.6793843897331286,0.8716801406677649,-0.93799257330891,-0.8280568817769831,0.7294182643277137,0.9176966440516048,0.9796365255719647,-0.929326820270853,0.9047479683608052,0.9625702930867903,0.951994851696972,0.8658177873108973,-0.05870497832791016,-0.6825270129371362,-0.8202079221023928,-0.8341963605080613,-0.9715721597047005,-0.5895123394939542,-0.9800779238349759,0.8275881612916195,0.7394428498227509,0.9258905708805281,0.9574617783863946,0.7242162517009401,0.8297886178963951,-0.8843960951517006,-0.9557257978431049,-0.8711415262636153,0.9247341314363663,-0.773346783226195,-0.9330657967225766,-0.7570209728646728,0.2927283012986579,0.8792692006920283,-0.5473070731183465,0.9298965267601296,-0.7276203542904731,-0.9120756986089573,-0.9577581849870122,-0.33874991855959724,0.8486440617363856,-0.9900688382642374,-0.9001277441192302,-0.9359383298185013,0.9724616669703163,0.829693091531523,-0.9859930570722845,0.7662142392190988,0.7249894332205352,-0.9033917481935625,0.9584283101241577,0.8223980904319393,-0.8679210198724358,0.6175268324803617,0.8574705030709793,0.6366245564113593
-0.9621908860124152,0.9755084616123478,-0.4830467592581957,-0.7397481318767168,1.0000000020617306,0.9364864338554776,0.991534001643662,0.935566787894567,-0.5932346966340825,0.8771100759085814,0.8998088569702336,0.7986199135345965,0.9935076270441962,0.9332605192550002,0.8009452191083685,-0.0751685391779902,-0.6049526984414381,-0.8413544861840301,-0.84120875954356,0.8873533180233246,-0.5263838635272804,0.897967455116137,0.9643182021843846,0.8721659575344093,-0.6649537784027989,-0.9294782039424836,-0.9582086006806503,0.9067591448808863,-0.6880664397599215,0.897677667643983,0.6511645334758229,0.9327201006840621,0.2673383593017157,0.9823868781533668,-0.8370489268503004,0.24323136169862852,0.9785575179083448,0.9905517635848936,-0.743968736165442,-0.8417456911864335,0.5899110736781119,-0.8368369526214547,-0.9228438134087418,-0.9158320450344144,-0.988367795650767,-0.880919422127,0.816388418790232,0.9713798989649683,-0.9671117587398881,0.7443712552653265,-0.9605470342015447,-0.9425872915667617,-0.9241431157420381,-0.8722143123409865,0.9351683501922654,0.9871699609251737,0.8875757903310881,-0.8338742004766142,0.5579290329253106,0.9087674617088654,-0.9026785177199687,-0.8765376286874484,0.933174109596033,-0.4280258139788612,-0.8636997874580491,-0.948200076475642,-0.6828076829169938,0.8544353340753154,-0.8945351216919634,0.9125599543612714,0.9396972081755721,-0.9350451153921497,0.927004296398204,0.6841105231671636,-0.9955619402945016,-0.9455360133284534,-0.8567442899641423,0.9123213856898846,-0.8364724657930394,-0.8762245738668593,-0.8999761359604528,-0.9754315201871591,-0.36293959311718693,0.9960138458179536,0.9657561153225063,0.9290165346129965,0.8731274339746724,0.26541558852003244,0.712008292677856,-0.9297998318168558,-0.9993664514417114,-0.9293849226389838,-0.9023275520813532,-0.8423582630128438,-0.9527827533979745,0.9635362569384861,0.8871744497883464,0.33404847974579205,-0.7797173200723843,0.9825887633391529,0.5928470674014565,0.24369067387323234,-0.28798049019382227,-0.9502983685402783,0.6492865985367446,-0.8912522524495525,0.9650889585998443,0.9217904904131718,0.9004308589343373,0.6856641192441754,-0.7769457449090648,0.6395902510295546,0.3729900343379252,0.7787347243155914,-0.8667920618741136,-0.9713406814452539,0.7842352252733292,-0.8445294163988534,-0.9488798521154072,0.8608787927776,-0.8709877947806085,-0.9286560124441656,0.9009198208731051,-0.9156407517741122,-0.9801728975539687,-0.9647926274084915
-0.8433582771986614,0.9140269020249903,-0.6654851580159399,-0.8321001311197065,0.9364864338554776,1.0000000002982987,0.958251880969404,0.8146347637202194,-0.6537805195919403,0.774028539782582,0.6917466298060196,0.8315022228144637,0.9407919540826877,0.7866548295555987,0.8012436914565338,-0.1829799661911998,-0.6301002057889528,-0.8049016640331123,-0.8510766667713405,0.7904971787638382,-0.3700053257857385,0.9542115996637062,0.8133822900019779,0.9843504407912451,-0.5023705077739644,-0.8209415785322632,-0.9874896350554833,0.9361679843396598,-0.6970606170061339,0.9261874088180618,0.8729641374992432,0.8025836811543499,0.08394696809379017,0.9805168047785081,-0.7465978278992248,0.5484329395166124,0.9658750837025074,0.9024803724774186,-0.5143430545217483,-0.7496799081681017,0.6559840568971448,-0.8038546093524335,-0.9476364043045067,-0.8967447397378224,-0.933209379552749,-0.7938305705544901,0.5756747110465537,0.8326422969368137,-0.8983596752590555,0.8246637706898546,-0.8808698606644869,-0.9483928269106942,-0.839856992395675,-0.9201499574597939,0.877997050671491,0.9389352623871315,0.7563416294103662,-0.6379140217380382,0.32748273806081035,0.8431673496114253,-0.9278648533984392,-0.9183072458462384,0.954480360064908,-0.2831112951314181,-0.9563275164772802,-0.9505364212958767,-0.6522502514808395,0.7292373247728896,-0.913665787485338,0.7351605100918345,0.780969617994404,-0.8695566777198972,0.9441953682911816,0.8847120171909303,-0.9538521813396084,-0.945067904905501,-0.9184884607014715,0.8941018779395266,-0.9679536587284855,-0.8839230594933032,-0.956621624013311,-0.9658468515595602,-0.016203120518202746,0.9195039053033401,0.8802674625765905,0.8314960746249619,0.9317185395566412,0.15259371430984744,0.7508690570946877,-0.8280650643851147,-0.9258757126457767,-0.9159253982828572,-0.9349767206444209,-0.6746930163649874,-0.863214948093012,0.9754084270542452,0.8886015071363508,0.45994693297099626,-0.7380115062817977,0.9832365967859531,0.614716478897272,0.5341387030111414,-0.5631386852308301,-0.8986562044250498,0.4157605152196684,-0.8587818212089131,0.8362778761000899,0.8828310710633566,0.9432162041611899,0.3993600061488073,-0.6763013929169214,0.75122937768736,0.5377864093976036,0.7474019609681549,-0.8911717489984782,-0.8966684260575217,0.8181331593127862,-0.6952030367511443,-0.8071581396275149,0.7981938932465464,-0.8690225226428561,-0.9990335901180339,0.8187950123663449,-0.7310181970423819,-0.951989040710657,-0.8155757341826971
-0.9598175483120539,0.9867120452394581,-0.47182684145340015,-0.8100395585735541,0.991534001643662,0.958251880969404,1.000000000147397,0.938427790738346,-0.672112544431981,0.8965618285348591,0.8562302334377623,0.8549668988683857,0.9974303818957378,0.9264262311350172,0.8532206665399509,-0.019161823060771965,-0.6770832934486856,-0.8869743582745762,-0.8941818645681376,0.9077196252226631,-0.5565466640895227,0.941046388538729,0.9410701554096663,0.9100881282845338,-0.6889444941338174,-0.940856856421004,-0.9657761503155318,0.9482955792615683,-0.748650290505991,0.9403249982528747,0.6987036971771934,0.916639383672059,0.16250076148019021,0.9845066525397321,-0.8651991901633982,0.3425954580893872,0.9945221724079611,0.9873795026098706,-0.6627771933143383,-0.8695213250785688,0.6693282661226104,-0.7943594800950879,-0.9596376632720595,-0.9495480037896573,-0.9956379564602094,-0.9048309108938539,0.7840185850960506,0.9408824799617924,-0.9399338581118735,0.8132910849067901,-0.9706318489376412,-0.9742489061582981,-0.9416925231618671,-0.9206809157303738,0.958175429507396,0.997367476810443,0.8948783362155813,-0.767617697009803,0.5589876312679827,0.9345526337402265,-0.9437630826156588,-0.9238441156734267,0.9645711615848357,-0.46595130820899255,-0.9108773083458812,-0.9771063848755864,-0.7369649693199574,0.870582650895505,-0.9380508210415869,0.8950702021389082,0.9262854039980275,-0.9577462620428624,0.9622932868565894,0.7320133887737845,-0.9902084652211154,-0.9733954318690572,-0.9072540029100401,0.9492520868094118,-0.881811995510827,-0.9196346133112333,-0.9410339468953133,-0.9946538495975598,-0.2936668451281208,0.9807877319007573,0.974036572611129,0.9420082119751514,0.9199947917811905,0.31447176655391607,0.77996127099192,-0.940519946343018,-0.9903218673937172,-0.9616416915099434,-0.944364941219727,-0.8451097819994754,-0.9623657496551516,0.9837273447279701,0.9283491981168892,0.4299874039215275,-0.8267593657678247,0.9853257194150942,0.662236339528986,0.3485663287830697,-0.31851365274661486,-0.9714530491980009,0.6418760648303063,-0.9259582902206482,0.9574395388335865,0.950280681718958,0.9432360170844827,0.6432524978945242,-0.808330132309424,0.7203038339586643,0.4743375801712538,0.827164237602396,-0.9138272054588137,-0.9805159289605039,0.8430006135524589,-0.8521078690853333,-0.9393884079480289,0.8933947850828746,-0.913829691939882,-0.9484353961988781,0.9246081635063239,-0.8947350383144197,-0.9937310999920503,-0.9426466944253815
-0.9947414414767816,0.9795586181313565,-0.15674581374432867,-0.788290497469494,0.935566787894567,0.8146347637202194,0.938427790738346,1.0000000002256406,-0.7366564727466413,0.9855541793594667,0.9069340020476712,0.8737906623263149,0.9576979516052923,0.9960925106924555,0.9014325556355222,0.27447603616816524,-0.7712798848145769,-0.9418568587780104,-0.9109670319998614,0.9872454392702872,-0.7913718165868018,0.8746179736743785,0.9619185378435923,0.7599619198543376,-0.8845941350772495,-0.9971325608346583,-0.8176141934232253,0.9093166987299939,-0.8328878143527338,0.9093951243555276,0.44340435717415794,0.8856837978363978,0.07946739784528793,0.8684372984560028,-0.9662299426664764,0.16517880250129388,0.9367473118123074,0.9728252022526321,-0.6604856792981393,-0.9688202774346352,0.7297058432412475,-0.608217305638003,-0.914412441423947,-0.9555226353057366,-0.966247633757506,-0.9822221847194128,0.9180894714818235,0.9242903599409157,-0.8332379517822635,0.8037410358743606,-0.991665118885686,-0.9336770230561462,-0.992340357607936,-0.8836192185297226,0.9822460950578877,0.9593075805663492,0.9927544908530608,-0.7419295476095834,0.8081587338758921,0.9818380023242589,-0.9134368676833429,-0.8914498086733939,0.91582065517019,-0.7165269516987295,-0.8167356958276355,-0.936384989430763,-0.8549080175057895,0.9815175713978272,-0.9187776471545329,0.9828792280313379,0.9848458852707671,-0.9850920920206379,0.9229031403863395,0.5384376365019093,-0.9040344580333031,-0.9393979508803906,-0.8633368860847289,0.9534621904503641,-0.7320242973394779,-0.9246492471674427,-0.8728227479523445,-0.9352297140578572,-0.5263331886994949,0.9172946177590302,0.9917609608620378,0.9966691186367191,0.8695382254463092,0.5792298469222523,0.8261942994547409,-0.9977047811924826,-0.946524322347238,-0.9526015603053779,-0.9052313729892387,-0.9764754065953105,-0.995456564194255,0.9139167812480212,0.9330283291121448,0.49477956163027226,-0.9173415552428165,0.8734710805582252,0.7641863118854846,0.20428902510695343,0.019965794032538398,-0.9795611005728995,0.8651521964439787,-0.9590225103174972,0.9889958997931356,0.9701542002658425,0.8929079916526039,0.8256276814565362,-0.9401688253390117,0.7156471735466866,0.485364999608161,0.9109093811597494,-0.9069615924038488,-0.9869916974710357,0.866759428701305,-0.979150727918836,-0.9939634831573284,0.9651541115659377,-0.9310513530138623,-0.7970141754070221,0.9862074339684503,-0.9690970293335498,-0.9527241470173998,-0.9610067056067865
0.6842005463674188,-0.7429473175266212,0.0008789385134798878,0.9599670155831056,-0.5932346966340825,-0.6537805195919403,-0.672112544431981,-0.7366564727466413,1.0000000049900148,-0.829707049716769,-0.3844305498187528,-0.9573585538881059,-0.6789824467886504,-0.6781221149585935,-0.9542498676883352,-0.5701192777958652,0.9948403540275488,0.9093117408042237,0.9293659231010423,-0.8297653210853899,0.7976976203202015,-0.8486499818340867,-0.5344224363063556,-0.72232088425203,0.7916506386679318,0.7610860614688741,0.5542621552522372,-0.8643536570442003,0.9848320614939692,-0.8778036686174292,-0.5136404666380675,-0.4262514976330891,0.6048715221058472,-0.5796433172010257,0.8713921357275101,-0.6437951185201439,-0.7332069010816663,-0.6476637282079353,-0.019418811517829284,0.8664070423699124,-0.9998382273392072,0.1034716169974629,0.8427134836607229,0.8651712235821771,0.7024039962939612,0.8476899812392749,-0.4765864483088259,-0.45549810736542,0.3797314176591424,-0.9661062566606666,0.760543282768789,0.8188700620723632,0.8099232957140655,0.8946054497718651,-0.8220888587030357,-0.6993082461194702,-0.774831818436414,0.10558284977951289,-0.6371742792896973,-0.8458677083013562,0.8733307986095948,0.8944556297322898,-0.824870059000463,0.7918256399697845,0.8363622098219332,0.8105057157491788,0.9657512537367938,-0.8099590686978825,0.8856597640431775,-0.6162628283285112,-0.6130991221425431,0.810327577576528,-0.8415541085837049,-0.6620933691643707,0.5645051766317262,0.8179083299633224,0.8985441685352658,-0.864721019681288,0.7498942078484914,0.9075909490529124,0.843124285031304,0.7388835213628255,0.012694265901665945,-0.5260644711531164,-0.7391313773847161,-0.7856086036021717,-0.8817886875277201,-0.778497793291403,-0.9874479728924977,0.7791718181492172,0.600881254300019,0.8475732488927187,0.8685610886722437,0.7293679426607844,0.7616941394469552,-0.7530654646330919,-0.8977172762238939,-0.9507167673323941,0.9403950071125191,-0.5984975733099087,-0.9923888058941582,-0.7086846769466216,0.05378828915226166,0.8024291715256904,-0.6279285946977492,0.8861975897797447,-0.644519105868504,-0.8517278588624512,-0.8619866129665535,-0.3619839460828164,0.8816546332927754,-0.9795608851573163,-0.9423815780544051,-0.9482115576840638,0.912940314286817,0.7411088193000944,-0.9642970806153652,0.7720646005778548,0.6583609787863189,-0.8875997004104669,0.911896491094557,0.6384498522788924,-0.8343686013309214,0.5589984442299832,0.7390177318691921,0.534081518684445
-0.9647878842147799,0.9563153479659808,-0.05863288296040501,-0.8447953301283355,0.8771100759085814,0.774028539782582,0.8965618285348591,0.9855541793594667,-0.829707049716769,0.9999999961255402,0.8314930886535774,0.9217910135667843,0.9175754277993362,0.9713863768132271,0.950118959717624,0.410883445056112,-0.8628508063275756,-0.9764679450997613,-0.9472332587921924,0.9995881482448894,-0.8660663448802675,0.8811808308621284,0.9025247602253159,0.7424687059395241,-0.933469773396376,-0.9886061460705845,-0.7546926715906701,0.9189552957918855,-0.9076744673172913,0.9234039231440844,0.41846254675118305,0.81047560502269,-0.08370006316873231,0.8075889437334756,-0.9958876459420895,0.2373802480828583,0.9084064838094726,0.9287294824237968,-0.5318972965074815,-0.9967573951781118,0.8230039240291717,-0.47833567033409435,-0.9168253970124733,-0.9660425411806184,-0.9320774221023506,-0.9989016517013627,0.8784816959149745,0.8468388896578712,-0.737707083358757,0.861256140731058,-0.9755143263832075,-0.9287039829901693,-0.9932447719548807,-0.9047141876332193,0.9823793144713547,0.9246274570600119,0.9952778111086329,-0.6210539452815,0.8480139409334093,0.9920617619902876,-0.925747960940459,-0.9120317784717621,0.912600855017513,-0.8075104139623573,-0.8250182619107959,-0.9287318244874219,-0.9288345066976096,0.9972330512987819,-0.9355699253993499,0.950737057031542,0.9465523603361515,-0.9835000107119827,0.9246933563923062,0.5377065949387974,-0.8397431717952853,-0.93370370724617,-0.8872282579172366,0.964821335738523,-0.7256786932754473,-0.9496245705162206,-0.8777127048283114,-0.9086965052067907,-0.48002359214103507,0.846707835371443,0.9707543313376651,0.9923960257325222,0.8871196742526686,0.6953829717519431,0.8961372213910805,-0.9920759193781207,-0.8902451599747467,-0.956814400383566,-0.9163011119640891,-0.9800956685264337,-0.9814897120606786,0.8908934636710736,0.9543394583652527,0.6215354762227017,-0.969279020364504,0.8161179159810187,0.8573188122587617,0.2904971313969768,0.07498558136097926,-0.9726751879191518,0.8864056385223131,-0.9789075084417637,0.9509586295539263,0.9777604199301764,0.9024629948037551,0.7888309634772872,-0.9834111557613593,0.7934415605147576,0.601712176877265,0.9639947906082708,-0.9339332200135676,-0.9647696295890178,0.9188318812868855,-0.9899389470213364,-0.9620836427510979,0.9923994914211379,-0.9583505594629974,-0.7541549924855764,0.9964537332658212,-0.9254859039660986,-0.9259691310779645,-0.9014756739058692
-0.9315485820424843,0.8710355923397524,-0.18523280631562958,-0.4735026581624136,0.8998088569702336,0.6917466298060196,0.8562302334377623,0.9069340020476712,-0.3844305498187528,0.8314930886535774,1.000000000428581,0.5937321525633866,0.8784101610942638,0.9387919503073573,0.6361412409039082,0.043385635866433646,-0.43678486615475515,-0.723252041179378,-0.6649847346529191,0.8334456485865402,-0.5977276905697981,0.6570712809680362,0.9791719261508133,0.5727499601416389,-0.7279447848963767,-0.8896117717896845,-0.7591611942663913,0.6972685160496324,-0.5244447509213052,0.689128071539888,0.26539995799412014,0.9471364454489111,0.4811351921832579,0.8136380682780407,-0.7800160491835575,-0.18870061673817173,0.8144492626119406,0.9210974661558945,-0.911722091808917,-0.7869304337715162,0.37449741115823987,-0.7520909842878527,-0.7167957353980847,-0.7628009569649417,-0.8767265504635574,-0.8151590458060813,0.9643761942863083,0.974312603357065,-0.8915401282432558,0.4916163194384134,-0.8778546401176944,-0.7590693331801158,-0.8505027523550216,-0.6428730583857414,0.8277575383611236,0.8698586065936478,0.8752548222466788,-0.9443215447036086,0.722194173216242,0.8139679496882802,-0.6972936496659423,-0.6539846180983307,0.7281971702582417,-0.5009755909999303,-0.5826906745674245,-0.7673654625461931,-0.56941039943766,0.8402777314558842,-0.6985681715488558,0.9601923207186949,0.9647064933929682,-0.8404798913689034,0.7294986032786827,0.30063638383714125,-0.8741901851589743,-0.7664010652860617,-0.6114972774312397,0.7618726248193661,-0.5172074390116056,-0.6935280740517553,-0.6571347670954978,-0.8099088462573083,-0.7272823293456929,0.9174778123430672,0.8920717230126399,0.8720112404284399,0.6296899822503867,0.3220348611246903,0.5134215803219303,-0.8770745904694011,-0.9108645573449324,-0.7689606474182372,-0.6886588733946744,-0.8855376209222517,-0.8833783381448084,0.768674817249189,0.711315032643226,0.0838430171483843,-0.6701591355654033,0.8080094319088936,0.42759106055014284,-0.17303090985321193,0.08391848282300488,-0.8354192348151029,0.8028789478460339,-0.7559427190243064,0.9485729772473229,0.7918134301576222,0.6750848120157108,0.913872309837502,-0.7403116968977114,0.3631921737846346,0.07409672538462318,0.6554235262168204,-0.6652600229955236,-0.8831998665147842,0.5805670223241716,-0.8609001667894763,-0.9469416154099294,0.7663484658843657,-0.7004857873546791,-0.6756546155582451,0.8287554695316974,-0.9784795139646658,-0.8334129559990185,-0.9785036102455305
-0.8449360039150624,0.8986045441689474,-0.20054483318291577,-0.9855205312674625,0.7986199135345965,0.8315022228144637,0.8549668988683857,0.8737906623263149,-0.9573585538881059,0.9217910135667843,0.5937321525633866,0.9999999996953088,0.8595730584697546,0.8275281384954852,0.9949707067935246,0.37632087454069724,-0.9545186778486248,-0.9714366818115554,-0.9911616102716546,0.9260370305062623,-0.7629714580891285,0.9592902612735117,0.7330236018653165,0.8633531996775212,-0.807996004958141,-0.8893819782997638,-0.7624543612207205,0.9709603101377977,-0.9774154020914826,0.9775933283653518,0.6388994395761242,0.6396619173971247,-0.3624401301128718,0.7876035221736233,-0.9386987689596505,0.5909112879786992,0.8978270027188632,0.8316572271581922,-0.23877787117509605,-0.936405657849226,0.956702733113782,-0.38169879703714815,-0.9608960204924129,-0.9702060260713039,-0.8742582383813108,-0.9377929008117138,0.6266350837318856,0.6791847670650335,-0.6288141523880812,0.9905232824135566,-0.9045463309715228,-0.9484267873516875,-0.9264995726603826,-0.9824933218063694,0.941877060842123,0.871508898803056,0.8832615482140074,-0.36612570067733125,0.6496614295670727,0.9486974105624492,-0.9759443831461952,-0.9833680228334901,0.9521156498537093,-0.7231285273626548,-0.9418782107150956,-0.9443845961821311,-0.957236336228701,0.8965372891318291,-0.9808410657745542,0.771838772210042,0.7803108923979861,-0.9316837143316918,0.9608422676374384,0.7610535244377254,-0.7772105712624902,-0.9490657181359572,-0.9814576618044512,0.9676839891948111,-0.8723802541497098,-0.9895974200327733,-0.956490599398468,-0.9004550646601976,-0.10869085584327284,0.7460364519941663,0.8896891945449704,0.9091215025673607,0.9750931441716528,0.6569954996474131,0.9897570373629454,-0.9045948644646573,-0.8029795768211525,-0.9627728619772484,-0.9729479357039258,-0.828687980081745,-0.9014152658152604,0.9100197134862137,0.9856773304321279,0.8327625426862476,-0.9724471501686309,0.802303191698028,0.9488322644201898,0.6368209074295059,-0.17257983890931725,-0.9335315507763022,0.6769336233854445,-0.9754179056289164,0.8158007916869389,0.9607886509292728,0.9684834764277701,0.489571031764097,-0.9229374412292551,0.9648495387801189,0.8439477307330205,0.9791696276724327,-0.9916532222774236,-0.8944622356495985,0.9996266343247756,-0.8632984204033765,-0.8194500507818931,0.9621217893906365,-0.9898270171135909,-0.8186808106060451,0.9353857494578569,-0.729064814227109,-0.9013618635234728,-0.7328136477696081
-0.9748924508586727,0.9933568861814872,-0.42897267961195945,-0.8050652630462644,0.9935076270441962,0.9407919540826877,0.9974303818957378,0.9576979516052923,-0.6789824467886504,0.9175754277993362,0.8784101610942638,0.8595730584697546,0.999999997402212,0.9481509638339632,0.8627636324832846,0.019391856618438796,-0.6899457941681378,-0.8964370272789047,-0.8970384251962028,0.9268970033830712,-0.5968617384141234,0.9337034342337298,0.9564373309624099,0.8898126318715426,-0.7233135491269456,-0.9566398814697115,-0.9484217045886261,0.9452867619291111,-0.7633099509625916,0.9387275092040502,0.6566975704169893,0.9167001372298005,0.16311547060697815,0.974240117495079,-0.8867664740502333,0.302841790888854,0.9926644129199153,0.9944782904310143,-0.6796601337629321,-0.8906197032346508,0.6755898379445744,-0.7758168689833806,-0.9566450001276512,-0.9551625318173929,-0.9990996347564367,-0.9232290976003962,0.8174249940389773,0.9510704101525581,-0.9343452848926362,0.8105486965498014,-0.9824518531845111,-0.9722944266252499,-0.9568955738197822,-0.9172482391502437,0.9680491241058696,0.9981444090153838,0.9195874761041549,-0.7787684267884671,0.6052740996524185,0.947738069841148,-0.9426253796722548,-0.9213628939158339,0.9627043176327282,-0.5066887471746964,-0.8988996637812339,-0.9759284835618661,-0.7575343418016794,0.8951673488881831,-0.9377654372999137,0.9212524683567211,0.9460277077868164,-0.9673343155075447,0.9605018647192092,0.7046883962817301,-0.985646655539263,-0.9740755152895325,-0.9028194667319349,0.9529696405065314,-0.860542310072478,-0.9239775470952502,-0.9342131460184673,-0.9912832816662176,-0.3434656389420768,0.9814794026907186,0.9849189976385421,0.9583799353044407,0.9152407194936959,0.3554491451281273,0.7859512760157087,-0.9579686887404569,-0.9943697077921153,-0.9649046817167172,-0.9415036797854527,-0.8743550807064118,-0.9760352665316352,0.9801672152824399,0.9328563393732509,0.43351721144842437,-0.8433414182878997,0.9763871983812751,0.6777079323678309,0.3133273767669761,-0.2604598259686089,-0.978906716897706,0.6863754534367541,-0.9360308694034545,0.9723972146751731,0.9591158334662739,0.9384546127011735,0.6843094812342915,-0.8340487793008808,0.7161549635440199,0.4674485914782865,0.8428408495695887,-0.9156427131042474,-0.9896975382049348,0.8477269794424329,-0.8809739378110769,-0.9592108950228578,0.9097797498061138,-0.9201926088072145,-0.9305851120805437,0.9399252479535709,-0.9175559368993031,-0.9952357707796393,-0.9571013501080169
-0.9947328455227324,0.9669279725451233,-0.13895089155512372,-0.7309948597829182,0.9332605192550002,0.7866548295555987,0.9264262311350172,0.9960925106924555,-0.6781221149585935,0.9713863768132271,0.9387919503073573,0.8275281384954852,0.9481509638339632,0.999999998906213,0.8607730533865061,0.2540029179886326,-0.7190038164924217,-0.91167326853709,-0.8719084694623209,0.9724125850518731,-0.7788259700388467,0.8342446213447593,0.9766823190511921,0.7179056712150041,-0.877425737032628,-0.9899469581512287,-0.8023541487738876,0.872597095565533,-0.7856237489089208,0.8716394334203402,0.391773606804164,0.9048046225792679,0.15472276173097665,0.8569123880448467,-0.9463389018771279,0.08149159412876207,0.916883213116754,0.9710032947127365,-0.717549683131074,-0.9497049805130634,0.6701611921791272,-0.6286359905923056,-0.8801414376521555,-0.9267096961587795,-0.9555612092295189,-0.9644925895532958,0.9472456435222878,0.942318190187532,-0.8449192762521506,0.7481018062007332,-0.9802907069149318,-0.9046356888095493,-0.9776796417944287,-0.8409846775772586,0.9628521560461875,0.9479292192835626,0.98669639249794,-0.7881611691171114,0.8186372619976676,0.9615753252400154,-0.8765940439111768,-0.8499244827941533,0.8832467252069264,-0.7000779244462557,-0.7702216542707109,-0.9084626561303493,-0.8151784794617897,0.9716434021618474,-0.8820762106525254,0.9950463711704715,0.995308046844853,-0.9680245618508598,0.890027164451161,0.48035370796469706,-0.9002769563724068,-0.9112002551006227,-0.8176913373106601,0.9247825474538002,-0.6841393779194165,-0.8876853960820721,-0.832634556743172,-0.9146555841086302,-0.5905509364357828,0.9215011617292151,0.9830090533480981,0.985837877665408,0.8258458735029065,0.5540886969164655,0.7750788431490591,-0.9878747975683065,-0.9453104077380933,-0.9244119111891259,-0.8675312178684415,-0.9783206734921354,-0.9854304747852027,0.8881942212703415,0.8980270683979888,0.42194279224192516,-0.8838661446027108,0.8601415153155131,0.7119678379887907,0.1189059951383931,0.05977367349580269,-0.9609716594161539,0.87889608037626,-0.9302809575259041,0.9932664700553888,0.9454737032460147,0.8539444726853522,0.8661553640429818,-0.9197023092012586,0.651370505787897,0.4081824838343323,0.875132432760051,-0.8667495711937068,-0.976463250299786,0.8195949804429775,-0.9751246965081533,-0.9987197556805631,0.9404002862942173,-0.8952302389795682,-0.7685080540945113,0.9692441275641491,-0.9866150984587085,-0.9349330686760473,-0.9756341461746678
-0.8696915049556327,0.9078333563943826,-0.12358643314003599,-0.9657262391366411,0.8009452191083685,0.8012436914565338,0.8532206665399509,0.9014325556355222,-0.9542498676883352,0.950118959717624,0.6361412409039082,0.9949707067935246,0.8627636324832846,0.8607730533865061,0.9999999974268416,0.43601436614116396,-0.9611951265325541,-0.9868897115886566,-0.9928353981835369,0.9523962355844283,-0.8197609441732708,0.939758528197114,0.7615518545614949,0.8226480924422523,-0.8628094775419943,-0.9161820266956815,-0.7390457983261265,0.9602674746975908,-0.9839446995796326,0.9676915237085184,0.567111907315803,0.6653289749352305,-0.33971569768833587,0.7725657663386374,-0.9663677716174969,0.5152877813632535,0.8914696748347255,0.8448916140947893,-0.27786332818740095,-0.9644953422814072,0.951858595309947,-0.3642932734890118,-0.9497842526931684,-0.9735592467959003,-0.8796740186552284,-0.9620798314761139,0.686003904447228,0.7007104537572326,-0.6271312078059832,0.974394875691918,-0.9198884903955785,-0.9419504695062733,-0.9467970539253452,-0.968243860304365,0.9545087302141777,0.8757732292904195,0.9168051322681412,-0.3974306818117575,0.7215995336959591,0.965707344120123,-0.9665381095163957,-0.9707974292953513,0.939897146872751,-0.7803872198107675,-0.9114229805681093,-0.9379486515140779,-0.9755425828486023,0.9318905387068657,-0.9747111130029258,0.8123532930767331,0.8156016081853968,-0.9473380172839607,0.9517891026790709,0.6952624693395681,-0.7733383147939609,-0.9431290414184392,-0.9632208012625467,0.972225437189718,-0.8280994961171486,-0.9875626366470552,-0.9359289858147501,-0.8944227757822042,-0.19974763210683458,0.7507792862762515,0.906500723782806,0.9323805728601107,0.9563492224697738,0.7094945921032236,0.988445611730815,-0.9284185101223111,-0.8086123440947522,-0.9634448337935154,-0.961303526970518,-0.8744302502216114,-0.9202130075695412,0.8965723415105039,0.9849009846719673,0.8168659384062645,-0.990806093680076,0.7864270947847765,0.9556152804413454,0.5684082308133438,-0.08230925838529542,-0.9433436136247098,0.745253283828468,-0.984154491958598,0.8421843078948578,0.9690981005203517,0.9535759799652734,0.5636334291824533,-0.9563422633493726,0.9436302401283495,0.8159728938545417,0.9943003842898811,-0.9852216825957759,-0.9076496906297311,0.9954098366287821,-0.9040688002308883,-0.8497406765992068,0.981209663553059,-0.9910744086988358,-0.7852574132984399,0.9576816791201664,-0.771229435785674,-0.8994924959765914,-0.7612139685723988
-0.18474279897415827,0.13387494616739917,0.820624764833212,-0.3228734717714379,-0.0751685391779902,-0.1829799661911998,-0.019161823060771965,0.27447603616816524,-0.5701192777958652,0.410883445056112,0.043385635866433646,0.37632087454069724,0.019391856618438796,0.2540029179886326,0.43601436614116396,1.0000000042823252,-0.6203855962602853,-0.428199955257596,-0.36000088838089084,0.3909368913884185,-0.8013063709934165,0.10652990620468938,0.058891616512413404,-0.13749401049996327,-0.6863071871238007,-0.2955571657555201,0.2537807260493187,0.1726230319384711,-0.5544931302167508,0.19765502826199274,-0.39648518909182445,-0.05255425027040478,-0.6374844301970447,-0.18985257388745752,-0.47531884978669947,-0.014848858995910512,0.022013217064434005,0.05454542781646007,0.2728626069042467,-0.46954260047402063,0.5612315531814519,0.5801839364410247,-0.13786771072363332,-0.2581408781675071,-0.060081766684017865,-0.39983075656925926,0.30073174511336476,-0.06947666087681556,0.29225305221516895,0.3495014120517507,-0.2016666454925114,-0.12998473256367174,-0.30717985514832835,-0.2037713481537673,0.26180021528462055,0.049277863977378655,0.38371933367659994,0.2611969872342052,0.7178276032343509,0.3317431847225409,-0.19315969048232653,-0.21151664399326095,0.10715709566450904,-0.8650593493743725,-0.04808130243680859,-0.11863147654429793,-0.6146532882116312,0.45174419401586063,-0.2313517864498373,0.25400548449418026,0.19695270134830348,-0.2686294049164312,0.14719284064450483,-0.22739354720270274,0.14211428420673503,-0.13183198386325123,-0.1931306601352632,0.266273071608785,0.10864849606993222,-0.2930171109423146,-0.09371482829729154,-0.030858996501658985,-0.3528315991493916,-0.12462414902740312,0.18550381472721436,0.2987027202246623,0.1622609652346138,0.9327472026087865,0.4880217217023198,-0.2958900091529295,0.04578472242383546,-0.21389870396153002,-0.17402231094280018,-0.4466631153487469,-0.2302401297222489,0.007378074844841074,0.2836824551162243,0.6164172320934125,-0.5222755775340245,-0.17578333281223385,0.6282665953190415,0.09550255035340063,0.7267598818469104,-0.21357480307021678,0.6238507726988706,-0.3309379656938824,0.1535612899266343,0.2730151678850227,0.14776516169665974,0.3702877826763114,-0.5634814308347499,0.4015815018371593,0.5020926252009364,0.5103748927529297,-0.27632400026241866,-0.1605389978828266,0.397916207274322,-0.4566449581177426,-0.2048139174069975,0.41975568653519196,-0.3220286509500141,0.2124001766887613,0.3592646816798647,-0.20367248438549557,-0.05601811902773857,-0.05693783748769177
