1.0000000017201247,-0.9368091934858684,0.28931626389374265,-0.8367687504816829,-0.779713258549764,-0.9972411633221306,-0.8643133739191068,-0.9150742193583814,-0.7801168274075224,0.5304859796280802,-0.19293692396603446,-0.433059108130631,0.06533493692532161,0.472911430241992,0.40531393050055475,0.8986136851098168,-0.006763682463522206,0.683174301149349,0.6899585802180171,0.7623225862430145,0.22124105484078752,0.3907099858056061,-0.32742850334063145,-0.2049963387056203,-0.18285546733835092,-0.10415159747329872,-0.5796220181265344,0.17372157969387422,-0.9610229246176749,-0.37715035507144806,0.47996355962902865,-0.8437081320975841,-0.3807913331968869,-0.35713421717652616,-0.4802640124970172,0.35691751219244555,0.7458714991466907,0.2014869497008115,0.29197564538559273,0.4182485055050801,0.08984224682585581,0.526126591571427,0.8206586388382214,0.6261724758013837,0.27938575344184285,-0.27077103665672475,-0.44097464540940473,-0.0986834105600309,0.6833357076290125,0.4864503882441776,0.16379669936237357,-0.4230555245893878,-0.1901666739560303,0.2672682009652938,0.5460357544508077,-0.17226379893604102,-0.06395815099499622,-0.5217373079539124,-0.24459754106797732,0.6168419463397599,-0.0708778532289609,-0.26047969403420007,0.11826013869310599,0.04218407158723536,0.9473010828974007,0.7871375827033976,0.356920302535571,-0.2683923810226659,-0.39809899956090444,0.4987393798849208,-0.9372921445382152,-0.14214243273415325,0.480276573503879,0.06969426742775939,0.5756449553357026,0.4919671600882382,0.4638093885893831,-0.8859766643706707,-0.5497537030676528,-0.6298798308559652,-0.33494526715024897,-0.396051179759361,-0.6077728265171063,-0.5602568425742821,-0.5530216392805702,-0.16200200456507827,-0.7750495822075911,-0.6184859203034724,0.5576520694951856,0.13012956261580624,0.1510167037669493,0.6562544491488875,-0.4785503576364983,0.27397238441610566,0.022739286477962164,-0.8586413695743577,0.6878816652834908,0.536108406647558,-0.08598427293227126,0.7057019076443874,0.41223103080664014,0.4676457708053486,0.9248022706183971,-0.45879500948853424,0.3933588001561539,0.5171899355019596,-0.48618948785895694,-0.3952703487206422,-0.43481303450333914,0.44892263969594637,-0.5232289046736919,-0.6280926602054623,0.2883311096346269,-0.7370052509150338,-0.45551012786975864,0.943625782760711,0.22311093093068846,0.4431247349082457,0.2666546588481221,-0.6734883584143082,0.3717319106991902,0.4636240964972246,-0.4847216084908538,-0.06779994048178155,-0.6757632072068444,-0.15862710706373948
-0.9368091934858684,1.0000000011346748,-0.028915484785234955,0.8956479125324567,0.5241025106173778,0.9456601961908238,0.6559910036785538,0.729593225197345,0.6957882163066842,-0.21808159105557678,-0.1269124313653655,0.10027339408893812,-0.0738251493685988,-0.16287483455052815,-0.6859087923033548,-0.6982875574585463,-0.33364588081254076,-0.4316375498068113,-0.41433063152519845,-0.5937865721096126,-0.014747676344398213,-0.05224128587937134,0.0388654764866496,-0.13990814026353546,-0.14551368190519315,-0.24067867906786128,0.31095577664831675,-0.3775442850557649,0.8039822208894019,0.11507053302977814,-0.24411948748810156,0.6458922556232538,0.03351221997530904,0.024103678241887527,0.17717387226334738,-0.0344185283811564,-0.49988705818766516,0.14627932657987033,0.05199175629580166,-0.11777185029070472,0.21635553390857012,-0.19823637161490407,-0.6510129131426794,-0.44826053630460244,0.07213422042432649,-0.06752219967434643,0.13026053179681313,-0.123179251776459,-0.8940077592439285,-0.1699840742919707,0.15284979700336482,0.09257853427268482,0.4282724181054632,-0.5874870329813767,-0.24863481777001967,0.5044172638246285,0.3954440072280075,0.19390707727333903,-0.10146551502571005,-0.332052840900045,-0.28093057242835573,-0.08606240536058417,-0.4476550834834327,0.1597769353228873,-0.7842278420766106,-0.7222153791688847,-0.07408482417891667,-0.06986375239621516,0.06104634794205497,-0.18357644154465252,0.7907028695889323,0.4775748101207867,-0.1477495729029797,0.28334118755823934,-0.2888968031191571,-0.15816618013286277,-0.13968697419332773,0.6733123547469457,0.41086479604220555,0.3232224223744125,0.001683966566286888,0.09121303550150643,0.2982432760289542,0.28603386455858604,0.22709117547039473,-0.12709522135744367,0.5068941505463521,0.3096239107694896,-0.23865517800268388,-0.09013628730534937,0.16994809157242804,-0.37072459691233983,0.15999377744351678,-0.049745328537838564,0.3255865723065892,0.9054370626246904,-0.4147514932491692,-0.22901279780194916,0.00436600166012652,-0.8048267982593158,-0.08727570871480642,-0.7356999988883326,-0.8850730306245631,0.1568640986532791,-0.35796508158563717,-0.49707704862444274,0.15013014881918996,0.07014954171118083,0.11693687912209194,-0.10800292200099992,0.19219000542474593,0.4373260329142373,0.03774216621696052,0.5616074262441428,0.14653924281427608,-0.811146184282744,0.12604819283414784,-0.10158944736333819,0.08590460901809203,0.7215173462299156,-0.10450607553731023,-0.13815955722129605,0.169338850330077,0.40385852119154203,0.38158974622563513,-0.1729466830566864
0.28931626389374265,-0.028915484785234955,0.9999999990327102,-0.31511019819862274,-0.7727719365508211,-0.2217946953097484,-0.716021589956544,-0.4036974044657889,-0.703406285715738,0.8958316083504122,-0.9522482964058538,-0.8778020921866075,0.6534085036361702,0.9340849302177441,-0.3139781090373081,0.6467151140876584,-0.8303738684311494,0.8892756506984917,0.8503879117259914,0.8211722338766059,0.9772880345229207,0.8707419584749526,-0.9907665811085332,-0.874779997595635,-0.9327354348398028,-0.8534334676315147,-0.9397930980272399,0.13452324061354914,-0.48542906118307516,-0.9955172257921864,0.9763046581967888,-0.75669045170925,-0.72443195350049,-0.9102091945687617,-0.9443019847530192,0.9418710604044107,0.8388199452900853,0.8570491814793698,0.8747978659744812,0.9672267098535615,0.95379985653321,0.8129725575246823,0.7757617439019214,0.8992114319428751,0.811314251206254,-0.9051779106039036,-0.9448356936912359,-0.9717698096308487,-0.2510306075545931,0.9112188576372989,0.9539271975885176,-0.8947168622221091,0.8847205532387622,-0.5945808916326425,0.9229482324998598,0.6909985070086876,0.4628270059428991,-0.8215392002866857,-0.8683495142247648,0.8993068529428546,-0.771390247987287,-0.8637673529499564,-0.47178665278142334,0.9492554801383019,0.5608179268595331,0.6646357114576708,0.9917166422820426,-0.905498804292758,-0.5892593306465336,0.9080527821584717,-0.6048030109478016,0.5721180842563927,0.6358224285889256,0.6797413411391122,0.9234116460985763,0.6774972426461257,0.8981893531215147,-0.6458554124149312,-0.8812206576627128,-0.8069212564904155,-0.9148583616285615,-0.9663927239939004,-0.8267487725919761,-0.9447864851312214,-0.7034979736143626,-0.9832133012382547,-0.712333202137706,-0.8125278096155599,0.8393942837390406,-0.5524375056741906,0.9440276446755551,0.8627913387886093,-0.9091814414770044,0.9901100280795156,0.7772532239503772,-0.32852992405021264,0.8580961239430956,0.9074923026479926,-0.818519344737871,-0.4618843371380236,0.9197709293504489,-0.6122207595941231,0.4796431500857915,-0.9538951186811617,-0.473027791027108,0.6902637437948571,-0.715939899130827,-0.9251509323419828,-0.4693723881848614,0.7365284515334003,-0.7593140612778717,-0.9086565842945854,0.942085948831791,-0.8428831237254422,-0.9431097854321792,0.24694874876093442,0.8474319372642277,0.76253353772426,0.8006854292859905,-0.47351303535176914,0.9954516125193157,0.892945597906819,-0.9153145274389148,0.8000270281409362,-0.8009947484050036,-0.920481610371117
-0.8367687504816829,0.8956479125324567,-0.31511019819862274,1.0000000018524091,0.5575077468003039,0.8152473556451947,0.6917564584089244,0.5727623029694809,0.8954358851536103,-0.31746339665821477,0.07407006315616757,0.1832346269064147,-0.5096734167452008,-0.30336388517707785,-0.736104350702919,-0.6899788814843155,-0.19996934495846103,-0.5693100371946096,-0.49443204855012673,-0.771767840794845,-0.3674039860454304,-0.13253678507340377,0.27559952570992075,-0.024780900123382788,0.03392997476019495,-0.11802942736573069,0.4836713263389515,-0.6839180698813921,0.7275522260948777,0.3771880091565228,-0.5037288642482025,0.7265226232754094,0.006604515530561296,0.14495528213550432,0.3315821038271927,-0.18970373607745386,-0.5969891820695424,0.04587604769570564,-0.04552305440688272,-0.3042427757465224,-0.024915975640849554,-0.22358327603692932,-0.7844750349734364,-0.6964752062246884,0.023982300511765448,0.06205872990064485,0.2840350230603717,0.23313011468038788,-0.8395322465097846,-0.28417558254878744,-0.05953922789000359,0.19194637601959388,0.08829959099965795,-0.5280733292195948,-0.38154856707622203,0.41552751742211735,0.4825619344756054,0.22603767544937653,-0.0006580739820661265,-0.4494541895573655,-0.2149424666879096,0.007637034341584457,-0.5144169724860439,-0.21834427823994565,-0.7539587340397925,-0.9184042663510571,-0.31220859723449385,0.060493231492530906,-0.047785116145571314,-0.2946047504059774,0.8126716398174202,0.4792139902113626,-0.0581054871412218,0.28025560593797233,-0.4289718045696729,-0.09243810044394876,-0.24048733261649657,0.6518142804705095,0.712011845641893,0.34848809971208405,0.13016874208866827,0.2764951030651119,0.3380469542619183,0.4593816246610632,0.17544525148180173,0.13963167807392343,0.4850651646758471,0.3383800005525962,-0.28601811484514955,0.3592075112693836,-0.03317498040912704,-0.45413481713208714,0.2719226727978474,-0.3775820803603058,0.24092660444175454,0.999067288794326,-0.5035896599160189,-0.3416222729845866,0.4347448540008234,-0.4650232786672188,-0.21269607317561462,-0.5562743374011443,-0.9584440068402726,0.32380290760200375,0.08912180905959088,-0.8245324575137717,0.10869407341043362,0.20264600859848422,-0.05660339493459034,-0.08241930343808407,0.17816338291143236,0.6754941875759317,-0.12805992385471396,0.7511263064340946,0.2981806478198373,-0.6086405868753317,0.03851553501361138,-0.09398084717069202,0.04344243579915849,0.9541768099523553,-0.36135127178476106,-0.23380506241300716,0.2880053978959471,0.2690715136891338,0.40848086585240884,-0.0004933868650850391
-0.779713258549764,0.5241025106173778,-0.7727719365508211,0.5575077468003039,0.9999999997581264,0.7442632303912772,0.9845047152540665,0.8926074371991616,0.7971357075322428,-0.9443928358729952,0.7605933185790834,0.8997104091821782,-0.23927828122716457,-0.918297033115632,0.14473972365889848,-0.9753210201827376,0.6279864844333121,-0.9727765414399875,-0.9900958293332616,-0.9125353982092594,-0.6662964398699865,-0.877177229608366,0.8232754924624276,0.7699449364548698,0.7571380296501756,0.7004618755343626,0.9426403589202396,0.06483515839161373,0.9170519162009345,0.8276643347011704,-0.8576648877655594,0.9735289713959847,0.8338277820344434,0.8631240262182756,0.9187673984270562,-0.8619199329551651,-0.989801818524864,-0.7651553676385559,-0.8229699458382259,-0.8847824127707428,-0.6826382884067806,-0.9317198253442207,-0.9354987937657772,-0.8627087692489808,-0.8029581791070792,0.8134608152946171,0.902599586001428,0.6046877854178163,-0.1218225257011357,-0.9262336044940951,-0.7396464691535148,0.8964343658659203,-0.4148280628713147,0.36153545876371507,-0.9468069300573373,-0.46379096769445544,-0.45781425668809245,0.9316537547906977,0.7937162156280565,-0.9699275615749884,0.6611002275580888,0.8026282464844587,0.4247327962410603,-0.5414094044454779,-0.9388705404475739,-0.7686572102707351,-0.8358353108436092,0.8120466891952849,0.7908002270284571,-0.9314803188904943,0.929210409157137,-0.4481753557664158,-0.8518438589955298,-0.6325319774625779,-0.9540788043139466,-0.8736960956477383,-0.9161265631686597,0.9802437605786846,0.7682859774893771,0.9717764898692546,0.8510675595446057,0.8753444980646254,0.9673874252964414,0.9380769370883845,0.9115529370703217,0.7187175809893213,0.9911540739173987,0.9688139806916028,-0.9502923359576104,0.052508411696136015,-0.7331291437140405,-0.9835771332523383,0.9228901502246537,-0.7218621389638044,-0.6293899923811329,0.5881281443428444,-0.9886161746255562,-0.9459783711112755,0.3998362793639021,-0.18661063901828187,-0.8918391483438532,0.18757308406110418,-0.7687085980783949,0.9072597534932494,-0.13132200149494178,-0.5618096391235767,0.8847150824949093,0.8831923397627098,0.7552203036141701,-0.8732561920639822,0.9161938737312418,0.8804922011984452,-0.8231778662774029,0.9109690663496264,0.9092340360636337,-0.8044848866228054,-0.7769984149460748,-0.8785723341288328,-0.7927731128401373,0.5179356029421814,-0.8297188551796045,-0.9157637179466602,0.9253164592465929,-0.5674404897048174,0.9851870601497815,0.7415858177899929
-0.9972411633221306,0.9456601961908238,-0.2217946953097484,0.8152473556451947,0.7442632303912772,1.0000000025199949,0.831239571317211,0.9120717621044855,0.733508702083291,-0.4837358174304718,0.1346342119975667,0.3883673606047124,0.00016229239878001614,-0.42091810716567735,-0.4152129836213117,-0.8723556906139666,-0.040740397127686824,-0.6336415433869963,-0.6470348933546254,-0.7124170045702632,-0.14895264377200132,-0.3464978877272194,0.26457544871943234,0.15739869032577244,0.12722449547947445,0.05671069090665519,0.5247703884202662,-0.1419716112981296,0.9476691710030366,0.3119905421984619,-0.41598601888077935,0.805013016762288,0.3520706613340838,0.30770412510636763,0.426648923584896,-0.3031740066567565,-0.7020735173447227,-0.15591138849642464,-0.24599135102051928,-0.3608223767275053,-0.027903119234829167,-0.4892872587918354,-0.7765994751772395,-0.5667083133862865,-0.24035526337624957,0.22070386845569315,0.3873396430350962,0.02616514766907821,-0.6997812797999117,-0.43771133229796627,-0.1044103059731368,0.3762162494085611,0.2578791434737956,-0.29853859139274963,-0.4952671457755863,0.21011860238353158,0.07674170730524016,0.4839412972435528,0.19855173785217975,-0.5685153081663185,0.03179350835409026,0.21525977604330562,-0.13323918883825958,0.03128820514002609,-0.9267147775730412,-0.7425196560437731,-0.29394552938911067,0.2182424063003886,0.38226506428934925,-0.4504236161254442,0.9103257265906441,0.16706882079494392,-0.46088758916797123,-0.03995793223579495,-0.5242838221090158,-0.4687415052900573,-0.4167496077477245,0.8608648075930265,0.486459902593724,0.5934446425718163,0.2846334302544523,0.338734017366918,0.5692071248137062,0.5051090986229536,0.5275432884440094,0.09670637157182789,0.7469313898348595,0.581494554455356,-0.5178270824951777,-0.19263860987810064,-0.09283443436221378,-0.6124651909943108,0.43008263408317204,-0.20331070473756904,0.018254321665510175,0.8374785978467478,-0.6438750202893213,-0.4877304380745195,0.013799073145817796,-0.7556759942748414,-0.36206669208009296,-0.5101756945268626,-0.8988801976891223,0.40366656537027623,-0.4525613691379575,-0.4599159099584364,0.4592131083303294,0.3442467516998701,0.42975815879957135,-0.41965098308228205,0.4920768171469944,0.5690768653453349,-0.23359294197764954,0.6851389673645956,0.4021508491634368,-0.9513712466713998,-0.17907902151447835,-0.4111818941930338,-0.22855513962871968,0.6339261588188276,-0.3070175049021764,-0.41723166012564283,0.43542061579244795,0.11417519046518762,0.6395064524448135,0.10409386269022179
-0.8643133739191068,0.6559910036785538,-0.716021589956544,0.6917564584089244,0.9845047152540665,0.831239571317211,1.0000000007848664,0.9091781829311499,0.8694502137124057,-0.8793208926913816,0.6596764207960434,0.8127668055032085,-0.2847581820087604,-0.8505513309512549,-0.030370500051826236,-0.994994955695451,0.49050884220362156,-0.9555944534051225,-0.9587229156960896,-0.9442449458200913,-0.6300990735397419,-0.7824621353996256,0.7549457229998249,0.6528462105755312,0.6496124670069923,0.5718806297175765,0.9082789822505598,-0.06889461604808168,0.9578187651580415,0.7788451851974796,-0.8324477952800916,0.9946352473097227,0.7257280422930711,0.7699129558035004,0.8560217474088158,-0.7759639533791602,-0.9794101110876879,-0.6452391803127145,-0.7153461868130658,-0.8182331633544387,-0.5784502565052686,-0.8535965933222541,-0.9702571036875197,-0.8794536846400252,-0.6866816674628277,0.7082676460806112,0.8317599317211217,0.5473552298858754,-0.29160104071147963,-0.8552564071639828,-0.6375196490906364,0.8105761850311344,-0.3144689811954671,0.1942145520210475,-0.8927646759010134,-0.30495134131565527,-0.2985595102798052,0.8535581723822145,0.6797483998085914,-0.9286832460917642,0.5210670717756527,0.6898035333131799,0.26146032499684935,-0.48768897849664955,-0.9789490768903599,-0.8500218870125688,-0.7736547980507719,0.7066447253484711,0.6828663875295106,-0.8623007720789115,0.979355628269378,-0.284469921188327,-0.757241739224005,-0.4869237381317558,-0.9088006353494166,-0.7818021617186874,-0.8380458074491063,0.9919850034724594,0.7970279709162831,0.9153712763338431,0.7556874549843022,0.8041340343055644,0.908206769542294,0.899013852157578,0.8315184921289609,0.6326396200261468,0.965319865710763,0.9103503242923653,-0.8815502164423811,0.08934585205630606,-0.6268611603118637,-0.9440925632614127,0.8498758062083783,-0.6823135428962067,-0.48655589595773485,0.7188883589076787,-0.9587647581715897,-0.8849298582192062,0.4080073854674618,-0.288134354291384,-0.8091223026450166,0.028337930049822595,-0.8680354070866703,0.8434198649940116,-0.12825475341571183,-0.6405755552448235,0.793032155333757,0.7989189538338942,0.6550307578383447,-0.7762126079364093,0.8332822506859501,0.8910702300056833,-0.7282495076024214,0.9375415933664518,0.8407339232238645,-0.8440776628318714,-0.6580665081523548,-0.7819635477190067,-0.6740720385216359,0.637841392622989,-0.7775912244948999,-0.8366731534999375,0.854953526207181,-0.4230030363191718,0.9398671920626173,0.629209152537618
-0.9150742193583814,0.729593225197345,-0.4036974044657889,0.5727623029694809,0.8926074371991616,0.9120717621044855,0.9091781829311499,1.0000000014792745,0.6443352140769769,-0.726792270781688,0.4226931690156513,0.6763150280992515,0.12464320150669204,-0.6618240451145805,-0.006194413349933476,-0.9453183434462852,0.32031719362106187,-0.7699108777425908,-0.8235643371414283,-0.7289722594420537,-0.26496432851454993,-0.6492272988489524,0.4839283887740416,0.49257241479917296,0.43203373678591406,0.40806361837230504,0.6911064254423491,0.19730951340327732,0.9754786855681175,0.48581012853736233,-0.541649102933974,0.8638826808148965,0.6920947646123378,0.6005675260749473,0.6549144430774684,-0.5757563591356536,-0.83028630782563,-0.49850214542965465,-0.568679580317662,-0.5895848110303071,-0.30909470013732404,-0.7685311553365469,-0.794519197562806,-0.6018779674698542,-0.5856961127217756,0.5330454086973261,0.631605107467117,0.181023457888335,-0.34664826090147877,-0.6898471750337691,-0.39128283783326223,0.6594065047161898,0.028689446091675237,0.10573039166249207,-0.7102609116742787,-0.1839976752728867,-0.33880633378802294,0.7622984531184196,0.5313633286334869,-0.759914377910053,0.410559290457483,0.5474633284513876,0.2847960982013931,-0.10549975973277961,-0.9530534197668901,-0.6304543029271668,-0.501066977676899,0.5307828393062962,0.726715212211303,-0.6996001046066443,0.9070423111375553,-0.2468393030771982,-0.7808658316279581,-0.4352157600866208,-0.719963160962658,-0.7824519882734013,-0.6849578608360845,0.9534791300010884,0.4776478475661901,0.8295788217207836,0.5799304052094308,0.5767948982945128,0.809184992988792,0.6811895274350389,0.8178973290363528,0.3391888084826977,0.9236725851399737,0.8213933443753023,-0.7759399431228851,-0.3217850054703901,-0.3891787533096182,-0.8057002022012925,0.6865848444696129,-0.33626907292086744,-0.3606836492530383,0.6075938371760377,-0.8158224052629742,-0.7205136761653027,-0.008830152241889488,-0.5950083553693118,-0.6346502512205986,-0.15876208256975535,-0.7620523393122669,0.6314717463102855,-0.5287579927828531,-0.3132928014800445,0.7708312287917768,0.6183845574796483,0.7607400392202193,-0.7398145053415106,0.7847840599235707,0.6211492013973141,-0.5200972532959721,0.7114371988078678,0.6423027655537906,-0.9836617530729802,-0.5224531137710247,-0.7288483734717826,-0.5787203997949406,0.4028954910124832,-0.48900594572554223,-0.6882437072901146,0.6855548837802047,-0.25492603453176654,0.8526037300544012,0.4185966940861085
-0.7801168274075224,0.6957882163066842,-0.703406285715738,0.8954358851536103,0.7971357075322428,0.733508702083291,0.8694502137124057,0.6443352140769769,1.0000000015843293,-0.6717151523699403,0.5073496639190574,0.5637675822982332,-0.6632070937843234,-0.6760962120737869,-0.3915107654936214,-0.838085968104356,0.24813486045570968,-0.8535411947134824,-0.7837449224110429,-0.967688197199309,-0.724924398426473,-0.5225287550159635,0.6740128479046364,0.40322911810909234,0.4696901661661066,0.32203730159264304,0.8109551117859883,-0.5495498258023466,0.7930250063348614,0.7500538861951956,-0.8356411973127504,0.9112917028520063,0.3661051550879807,0.5474415195009819,0.7009568509534383,-0.5933187291747539,-0.8532480063695737,-0.38006756241565764,-0.4576434024845282,-0.6887029915065221,-0.46736811569531217,-0.5675080890146493,-0.9590519196232734,-0.9430693626008807,-0.37890589588380935,0.48196741474996724,0.6656415715469128,0.621189803705257,-0.5103364872586515,-0.652944182651008,-0.496182842053541,0.5770793694320873,-0.3387497400547514,-0.10731406366495604,-0.7299248048757497,-0.021913138431722795,0.1242107650891084,0.5729304993148575,0.4195161063779813,-0.7706280416738107,0.21427693678580345,0.42415486455106205,-0.1456270942916773,-0.5968499638504782,-0.8456588085775982,-0.9983652158249382,-0.7017900619849983,0.48087776847368563,0.266371474246779,-0.6595012392030288,0.906377351071845,0.07589166029242984,-0.3669324393702985,-0.1260535762746865,-0.7650080721884638,-0.41097668614587063,-0.615044649263474,0.8103309545094789,0.9406819430998962,0.6581478811107656,0.5379193550357031,0.6676061460833502,0.658726018654577,0.7951582391484933,0.48470188712414325,0.5654483943015173,0.7182724232449422,0.6530076672431485,-0.6252521761629374,0.4991385323254092,-0.4724187561623314,-0.7593573386241633,0.6429704186572369,-0.7413054117016793,-0.1958919546989131,0.9024160399265535,-0.7935784989396223,-0.6943145829607381,0.6892915156007415,-0.152897263626481,-0.602508829361639,-0.13135146665714145,-0.9487198257669199,0.6986590245080431,0.25760200854816256,-0.9279652677017775,0.4398347906727848,0.5969525515207951,0.20669536127970375,-0.42879356133317786,0.5107195864113249,0.9329902201751802,-0.5461984262475238,0.9618432817346407,0.6755974093704612,-0.5980742504466718,-0.3820720915611827,-0.44858907785630436,-0.3596095764204457,0.9270525335838666,-0.73866127429164,-0.607940077871756,0.6574084402347622,-0.1812093924643484,0.700026888990478,0.4384994115101062
0.5304859796280802,-0.21808159105557678,0.8958316083504122,-0.31746339665821477,-0.9443928358729952,-0.4837358174304718,-0.8793208926913816,-0.726792270781688,-0.6717151523699403,0.9999999994801101,-0.928857502714709,-0.9903261319744707,0.2934151084458862,0.9951948753807914,-0.4066334563472119,0.8485804699475745,-0.8462221384733113,0.9590185925000638,0.9783170790208228,0.8367062017199272,0.7881562307250174,0.9819620252865623,-0.9436901921017175,-0.9343625735137133,-0.9292417320389897,-0.8931989466366876,-0.9726961864474392,-0.17529835072861394,-0.7366157570576907,-0.9239124602786654,0.9107542948528314,-0.8756840013179025,-0.9275290303397463,-0.9808956107739802,-0.9921273438051896,0.9797167094494513,0.9488993346735968,0.9295802336086221,0.9604297083132382,0.9788947241763701,0.8777406855665902,0.9844328746609848,0.836847818660019,0.8411384389053207,0.9394842480345619,-0.9589625189043527,-0.9907858908061251,-0.7689277081450293,-0.19263134997800704,0.9985948892847715,0.9158785866890328,-0.9912808170046378,0.6630316938667465,-0.6285474785720752,0.9954701178923628,0.717397244282869,0.6510768778386231,-0.9867007139064957,-0.9456686697382998,0.9895969518122846,-0.8568362058384591,-0.9493496383629684,-0.634924388627881,0.7131382430816139,0.7737056553184288,0.6295407826435225,0.9452791071037377,-0.958301109756701,-0.8595649338839292,0.9992381134473454,-0.7663861726223397,0.6796963243970007,0.8993305798923777,0.818244761541863,0.9899089317790022,0.9229846529295619,0.9966281001855729,-0.8616995493944519,-0.7539705799714589,-0.9843935607692746,-0.9762630519387508,-0.9777186067189937,-0.9901445497296645,-0.9766452049523704,-0.9423976013231113,-0.8890669233711955,-0.934339405236211,-0.9863720032030259,0.9932837846336224,-0.14323728425672724,0.9136541312336524,0.987135720504393,-0.998179366272757,0.8354629398569313,0.8393032978905544,-0.3473123844170102,0.9774870396313049,0.9993352136330984,-0.499508158499777,-0.11954663608903943,0.9909763218390979,-0.49927365231612925,0.5565574713298188,-0.9879085031118415,-0.03225001896002173,0.4922608932001834,-0.9411231479103437,-0.9882155292873226,-0.7917006147600916,0.9452487487387227,-0.9645859794191237,-0.8640650847920689,0.9632769655164397,-0.8479174716720893,-0.9921418308307458,0.5923852239207922,0.9341684319428863,0.9556324205223155,0.9323136671415294,-0.35047663272880597,0.9294653549155963,0.9961840591172062,-0.9983016731884724,0.8033523648279235,-0.9785774451226299,-0.9208089535660371
-0.19293692396603446,-0.1269124313653655,-0.9522482964058538,0.07407006315616757,0.7605933185790834,0.1346342119975667,0.6596764207960434,0.4226931690156513,0.5073496639190574,-0.928857502714709,1.0000000010363703,0.9489044167225192,-0.41489046421580195,-0.9554257169694217,0.5766748356987202,-0.6018342945065954,0.958495070712429,-0.8394762243685386,-0.8425754861529227,-0.6882144134772926,-0.8770175584181408,-0.9542805026011569,0.9774791533430596,0.9784879530008008,0.9982312262211991,0.9718165331109037,0.9011481164834335,0.17132810850395228,0.4386146213652461,0.9448311176433268,-0.8927813599159985,0.6752339541807654,0.869403021767391,0.9761504117765397,0.9531881935424015,-0.9842411894769875,-0.7949003265208503,-0.970546904067512,-0.9709238603643099,-0.9696993631555788,-0.992112828291617,-0.8934157110667896,-0.6553545187685756,-0.7610160558419667,-0.9392290270867656,0.9856113660656952,0.9656871886537602,0.9010859002867109,0.4711006373358808,-0.9471669442981816,-0.9993827328642857,0.9579791935472358,-0.8848684157725446,0.7991389355328505,-0.9273704484504894,-0.8700207825270749,-0.7110297278207846,0.8993058345236925,0.9727277299974851,-0.8912857025976795,0.9287430654375723,0.9691166884035901,0.7184131070400658,-0.8663341978017538,-0.49655539776940255,-0.45779689281268077,-0.9689799520840422,0.9859539847681169,0.7667699748978886,-0.9425939264237821,0.5062680464995646,-0.7935271654977617,-0.785844740259884,-0.8700020197221798,-0.9125733686656035,-0.8139497023589285,-0.9495456206278862,0.6171558735874485,0.7075455050268545,0.8560206174099754,0.9811329583356796,0.9760798376147815,0.8741867757775461,0.9126022432109153,0.8170027613048132,0.9854044079954734,0.7363645490233242,0.8632255942785569,-0.8976928079722515,0.3247369961158923,-0.9990469917199033,-0.8652337616430051,0.9489440708230122,-0.903041491106662,-0.9319454127194712,0.09592503045027903,-0.8447757870277024,-0.9296819628092651,0.6312187374280083,0.4763469229496628,-0.9685778189857415,0.7623705342843324,-0.29532827308785065,0.9596861586713544,0.2975407619273089,-0.440350134238471,0.8424138479841367,0.9735748418997724,0.6619138744259624,-0.8646127341404068,0.8621325400659735,0.7826674360067023,-0.9937924129885389,0.7126925137358382,0.9613626019741298,-0.2531916694338999,-0.9643044281085136,-0.8829022829704875,-0.9344361569245863,0.20355495976685134,-0.9514247725259176,-0.9477354553830749,0.9486772884386436,-0.9387712815848425,0.8335946147386813,0.9958437346482795
-0.433059108130631,0.10027339408893812,-0.8778020921866075,0.1832346269064147,0.8997104091821782,0.3883673606047124,0.8127668055032085,0.6763150280992515,0.5637675822982332,-0.9903261319744707,0.9489044167225192,0.9999999988328286,-0.2204667627854096,-0.9863335190666965,0.5294115232308435,-0.7822047665167564,0.9041919044213443,-0.9105856943763123,-0.942840554059934,-0.7534367823704803,-0.756794868766655,-0.9986709584137423,0.9344257259635594,0.9709925157757379,0.9556173895329672,0.9414678215541499,0.9362276590519963,0.2880951819052596,0.6622366571144361,0.8986390663287639,-0.866837587520029,0.8028641665697209,0.9629451497796154,0.994759984815268,0.9787406587917505,-0.9862358189793726,-0.8971139040506697,-0.9694295662643608,-0.988392979328263,-0.9681261947834415,-0.9018795797002429,-0.9895200622172754,-0.7528731247475569,-0.7671067163903743,-0.9778761840867198,0.9836866355756028,0.984202009452626,0.7560469090699984,0.3194240630090175,-0.9932838548906466,-0.9372298421563627,0.9993256359715202,-0.6927155300097496,0.7271941481331994,-0.9755643625747786,-0.8025363121595367,-0.7477203063136674,0.9913523924168006,0.9796234039378303,-0.9600873214109763,0.9190659432536177,0.9824317041769243,0.7350176870384326,-0.6996901020076097,-0.6957973754358175,-0.5167528263437904,-0.9307755686045933,0.9832054669833276,0.902243743131033,-0.9925311948269183,0.6784421459710911,-0.7748155346480047,-0.9278282801558029,-0.889961278102656,-0.962788820188297,-0.9468546464681017,-0.9978604170753561,0.8016486869944541,0.6730226923725796,0.9715170789571173,0.9918843703939476,0.9709254921419774,0.9786263663869839,0.9438062739469428,0.954723136080292,0.896504412573396,0.9010749205830122,0.9749383282397918,-0.9891798805141674,0.08581296715460325,-0.9389441160046439,-0.9577109083970732,0.9946713955533004,-0.8050806151727008,-0.9041267520975281,0.21463575914886135,-0.9404418005506961,-0.9858299360598327,0.4454045276797989,0.18250482900040843,-0.9953710714391718,0.5939913305646848,-0.43828339114868725,0.9751636230767938,0.009457013565142797,-0.3843986587683706,0.9627440907601663,0.9937724217719941,0.8346595863598528,-0.9704093344761707,0.9764302058047702,0.7941852984910811,-0.9777657213535662,0.7677588848234268,0.9836286951262422,-0.5327216251942807,-0.9734585617682091,-0.9790787786929096,-0.9733717116333105,0.22089042434917439,-0.9068156386511272,-0.9984901226774272,0.9923162637997568,-0.8695833131133831,0.9568078426796648,0.9519860541029753
0.06533493692532161,-0.0738251493685988,0.6534085036361702,-0.5096734167452008,-0.23927828122716457,0.00016229239878001614,-0.2847581820087604,0.12464320150669204,-0.6632070937843234,0.2934151084458862,-0.41489046421580195,-0.2204667627854096,1.0000000023281008,0.36853509470699425,0.3211929561118848,0.19889411989744604,-0.2004098494949256,0.44451436426583363,0.310333831495711,0.584046341258388,0.7974999105482201,0.19973232466317137,-0.5458680683763362,-0.21862909752316428,-0.3609454824453124,-0.20440882404295496,-0.4860435870037328,0.801313575752619,-0.07829106224787821,-0.6260150043229119,0.6599248155263538,-0.38213437583107435,0.04633820031900769,-0.2819353872479576,-0.40408524836575677,0.36221906131182025,0.3745365679917905,0.183677747913916,0.20624767270954608,0.45762833269995573,0.4774961302836978,0.12144553844220782,0.5018837499645904,0.6967392491142989,0.08942493603870613,-0.27329956946295914,-0.3882723917351756,-0.7633050266499313,0.15141700986782616,0.3118288128528862,0.4324326613713144,-0.2548582280040835,0.632726591947939,0.044631737070546205,0.3778721743903075,0.047215181430820534,-0.3138435614671398,-0.1353202908347704,-0.19839053307641835,0.36868858779197916,-0.06501180659678066,-0.18720870264567654,0.2843278506065654,0.8007145102493292,0.1757689358918684,0.6633996641655644,0.5597886388121751,-0.2743170157308475,0.22165366023991417,0.3089151832599511,-0.294727602297703,-0.14746566751495763,-0.15192865258692725,-0.0767675600799745,0.40623813752251514,-0.09507450942712961,0.272535773804115,-0.16174321536151426,-0.8034832135819207,-0.159595762036678,-0.2921377780821572,-0.4468154345722078,-0.18451939176518525,-0.4798316967841974,0.04231806815389053,-0.5619297602717659,-0.11024819230492997,-0.16325071582157172,0.1831874313478675,-0.9793528834106333,0.40642618447515905,0.304406554810566,-0.30369542673977007,0.7528302254953314,0.09306792730918441,-0.48877268970784266,0.3300298031591837,0.3263931113096525,-0.9672614128857104,-0.5147202352524037,0.31158272022381434,-0.17820310425154517,0.4379753748071205,-0.42590458695375916,-0.8917189741321133,0.8878190150812093,0.04305885930029373,-0.3221678619292208,0.3497122980601235,-0.020456778631655695,-0.03132436983595332,-0.6709729731376861,0.36357758008712193,-0.6000621028587776,-0.38849268890042055,-0.20246177595710435,0.1610731940079664,0.01787728487827256,0.0724295770548957,-0.7437732955127538,0.610988426013705,0.2605198121755579,-0.3216528966284236,0.18119450119005306,-0.18111453308617728,-0.3368409915474707
0.472911430241992,-0.16287483455052815,0.9340849302177441,-0.30336388517707785,-0.918297033115632,-0.42091810716567735,-0.8505513309512549,-0.6618240451145805,-0.6760962120737869,0.9951948753807914,-0.9554257169694217,-0.9863335190666965,0.36853509470699425,0.9999999974602817,-0.4122393411433334,0.8106469672412677,-0.8680339468491172,0.9553267618824928,0.9639775238954963,0.8374989375766256,0.8412099426920665,0.979135218051904,-0.9714849879967101,-0.9450310610217918,-0.9523269816022748,-0.9091841000304979,-0.979243165615842,-0.12652253239423988,-0.6843056288837893,-0.9544044113993606,0.9368795589207278,-0.8557738488141623,-0.9059485220695549,-0.9866460531867514,-0.9991548278821888,0.9916643707719434,0.935535530797717,0.9377491957190528,0.9645356271489136,0.9940927322550597,0.915621495181094,0.9665309326725723,0.8274029963912441,0.8597645784251705,0.9352532993578361,-0.9696465046501582,-0.9992102489819084,-0.8273861224439967,-0.22820437410151437,0.9981445754949354,0.9456443358514488,-0.9906179001912354,0.7298849781630147,-0.6480363553302232,0.9961034093881891,0.7383309319470787,0.6363853500634526,-0.9701807533575448,-0.9522181448504174,0.9847390928705375,-0.8640026617160458,-0.9540048947420614,-0.6260112156111064,0.7778119346452302,0.7301304086923259,0.6331278478792491,0.9721879268710542,-0.969217336447779,-0.8227582322932573,0.9977463490188874,-0.7325966339933417,0.6832966013458783,0.8627254435119293,0.8142446237835065,0.9907050389984096,0.8901734707917613,0.9946451629075336,-0.8218513697997415,-0.7852399691362312,-0.9624947144254852,-0.984247148247128,-0.9935577423998287,-0.9716924270233912,-0.9840399939804707,-0.9097282608182156,-0.92872505784545,-0.8985226930538028,-0.9655334264847725,0.9781067169883714,-0.22862931556819296,0.9422508679274635,0.9746641019198681,-0.9976263377235585,0.8819251411118394,0.8517122120043503,-0.330378094986385,0.9647988464015682,0.9966930122294605,-0.5723795921662364,-0.20740620351788502,0.9954096016591364,-0.54831112146399,0.5329635288802232,-0.9980204072298465,-0.12759514053113127,0.5301072719195155,-0.912855802515197,-0.994577817500208,-0.7420154834123509,0.9212503069031253,-0.9397668388781387,-0.8807598961829644,0.9797842864826345,-0.851728921208484,-0.9996215251272006,0.5184242009220557,0.9391846010867632,0.9350619482827687,0.9275656675692097,-0.3656189733743573,0.9592053464851816,0.9932835779667506,-0.998722346005481,0.8283245560124298,-0.9552228139830254,-0.9435872096077181
0.40531393050055475,-0.6859087923033548,-0.3139781090373081,-0.736104350702919,0.14473972365889848,-0.4152129836213117,-0.030370500051826236,-0.006194413349933476,-0.3915107654936214,-0.4066334563472119,0.5766748356987202,0.5294115232308435,0.3211929561118848,-0.4122393411433334,1.0000000014176684,0.046110869857277796,0.7856612440382942,-0.13290497041232868,-0.2243324270308446,0.15249816269098676,-0.17951285897032718,-0.572016181052525,0.3913782871829976,0.6840443034489289,0.6175217841424682,0.7425234738359414,0.2206780942857345,0.8109901640733926,-0.15528695282158292,0.27756655382748735,-0.14769942708569161,-0.07092014477213295,0.664331738738169,0.5550855522185977,0.3816409287878412,-0.5078980809206024,-0.10355001334754678,-0.7022852012880865,-0.6376502681976706,-0.3947662303109485,-0.5824512470511697,-0.4928338379876203,0.15976888083118088,0.08499655766626941,-0.6941061212067526,0.6174098629453034,0.4260805720791359,0.29331528762463893,0.9334028942332449,-0.4357859297697964,-0.5799711147957853,0.5200439838173132,-0.5253122697604466,0.9497209324040974,-0.33869267899847844,-0.9032298373882763,-0.9381573304794979,0.49140335439883165,0.6707078047417308,-0.27136677794541436,0.8147921530659601,0.6662058590991762,0.9547349351072958,-0.2649251530313693,0.15868273522083143,0.44340700150116374,-0.3574660395206185,0.6183437588926769,0.6759940701360447,-0.4266414675579154,-0.2255030215060112,-0.9464610922014193,-0.6016073492122447,-0.8559896876843105,-0.288706132860544,-0.5833510567530048,-0.47745488164073835,0.0011316030928394825,-0.16820563303438169,0.3737128796177209,0.5650365687165988,0.4205050085709662,0.386260169413252,0.2466148913174889,0.5166766001729409,0.4785081901727124,0.21246392553854496,0.38440405686266005,-0.43732615411996045,-0.2872743442350655,-0.6044958253094743,-0.26875356509603565,0.44741146519186326,-0.20650968377442855,-0.8249568427161018,-0.712580782571954,-0.21407132318526703,-0.38170953304073246,-0.1007890808742963,0.49327550585270974,-0.4972628928892671,0.870755404359441,0.5210435093748307,0.38468634358685533,-0.10940151399927084,0.4667165314968186,0.578321279270206,0.5041047152237792,0.6424391010181616,-0.6046555619264103,0.5260502340613609,-0.047413727260047056,-0.5537219588335205,-0.1259732334544021,0.4137953837834641,0.13230345793376652,-0.6999408911353214,-0.5991914974609357,-0.7081063797802067,-0.6823120393635195,-0.29722697322460234,-0.48405655259673463,0.4314461336706818,-0.82057002667076,0.3121471547216266,0.6450192416989905
0.8986136851098168,-0.6982875574585463,0.6467151140876584,-0.6899788814843155,-0.9753210201827376,-0.8723556906139666,-0.994994955695451,-0.9453183434462852,-0.838085968104356,0.8485804699475745,-0.6018342945065954,-0.7822047665167564,0.19889411989744604,0.8106469672412677,0.046110869857277796,1.000000001558185,-0.4414363355865226,0.9239475052181795,0.9371938407002822,0.9113882858982085,0.5497187615324901,0.7512869403040838,-0.6944341219182094,-0.6108420825894161,-0.595357086937328,-0.5265204561627815,-0.8665648430962453,0.023854956912919233,-0.9805028719881672,-0.7158785639339448,0.7735911195867031,-0.9809211212648067,-0.7153444095923756,-0.7303254035186231,-0.813909413494149,0.7301411739571801,0.9574322500466995,0.6059430176681032,0.6785387181818358,0.7687097108566845,0.5115144425634787,0.8366440324298241,0.9473473512219064,0.8293670846252748,0.6590715813739607,-0.6649972564271228,-0.7885543429296846,-0.46298573481099653,0.328895141444926,0.820465112291366,0.5770606878724398,-0.7766835052570755,0.22702357659644257,-0.15637153107876053,0.8565526700774265,0.26214175904323334,0.29316223821505716,-0.835165345452347,-0.6412730142592291,0.8977144255384422,-0.4860299353058604,-0.6530168240601196,-0.25111255809953575,0.3992044738019439,0.9917070810056265,0.8207547174300835,0.7137800837510843,-0.6631767380011908,-0.6899399783835142,0.8284561410993283,-0.9825088678968278,0.26019663988934977,0.7622613071577623,0.4644297941734658,0.8723899865085101,0.7821446460721084,0.8050294074565346,-0.9986030255418342,-0.73745849341767,-0.9017295228241567,-0.7141438956199883,-0.7541566253084662,-0.8910487976140682,-0.8564536171245002,-0.830665450890467,-0.56303086709613,-0.9663314159944264,-0.8956534356730548,0.8613333158069301,0.0007491253549502174,0.5677474662153978,0.9206309730727272,-0.8152574626342529,0.606726417160889,0.44711100715272273,-0.7188753285724857,0.935605269019559,0.8519813938126506,-0.31771186371905974,0.37588320239313244,0.7701563286401945,0.03388374235533494,0.8676342254323421,-0.7984706024467463,0.22302334856019415,0.5829093848404199,-0.788236762552569,-0.7582086770597081,-0.6770433632051852,0.7672288581338287,-0.8239853827952961,-0.8421955923939033,0.6788208248059404,-0.90145148114659,-0.7983383552202434,0.893399015740321,0.6216632374083897,0.7692196032310654,0.6473042180654988,-0.606566115828525,0.7152481082095994,0.8046016281157333,-0.8193019739091209,0.37262610775867255,-0.927558097953992,-0.5757048372144707
