0.9999999983914064,0.9895410272765813,-0.9947080461765876,-0.9851981418420795,-0.9801642450712481,-0.8893980685060995,-0.9645301447862448,-0.9353788621262517,-0.9963730136128299,0.8100387835802919,-0.9876403062041139,-0.8779654014096815,-0.9535153539339484,-0.9548046194665388,-0.9903244850252575,-0.9925190600560336,-0.5489953839750327,-0.991565071674723,0.8603747408929431,0.992601978923736,0.9644361530922,-0.9471204838180073,0.9642968517288747,0.9181251917240733,0.8415676651475059,-0.897756843168838,0.9220045625565865,-0.5012948218006333,0.7844929023669037,0.9391966022297354,0.9619549334883073,-0.9689408581841098,-0.9788093379324878,-0.4409076523143287,-0.9135062204106857,-0.9761784189138685,-0.9455682844904988,-0.817740343601211,0.8976548841656475,-0.9988209735370749,0.9929149713177859,0.983827343834879,0.986710453319942,0.9643385138946132,0.9892952951766169,0.8993423437646239,0.9084686279333323,0.9686281779580178,0.8406474083720108,0.9918935438061277,0.992186900820178,0.9663731137236996,0.9980867824485422,-0.961252183194258,-0.9592798508028777,0.9679723788068847,0.982597292782569,-0.9952068460544835,0.814775181921868,-0.9826640316213752,0.983805435591392,0.9629927288870097,0.9963975712456751,0.921011050783219,0.9803484600575791,0.9772000424724182,0.7142535303741269,0.8703297341650715,-0.9854842867256902,0.917791398065111,-0.981058125069162,-0.9919841886509463,-0.9794918789013997,-0.9939396296475531,-0.9683332644237663,-0.95825982763429,0.9885375687866378,-0.9868468802665122,0.9450562781574067,-0.9759287125052681,0.9824883363224509,0.8623066201835529,0.9075042178260012,0.8586254316818447,-0.9760510841577762,-0.9904401885344396,-0.9625774306080337,0.9867000521423376,-0.7222635221070929,-0.9054228334016083,-0.8159500222365857,-0.9935193367551525,0.8655551427851699,-0.9878972850660341,-0.9789875642919619,-0.9164145799250739,-0.8578996138093187,0.9874409448303973,0.8132520846334147,-0.3637012819968058,0.9891257131656908,0.9780457655718996,-0.9822349888650342,0.9896754747422779,0.9779065160256761,0.989278344120636,-0.8299346421875688,0.9682968652298979,-0.9974229943123871,0.9214539175343485,-0.9918733789946486,-0.9928900753089303,-0.9993911860627209,-0.9548045005192995,0.8760531227821614,0.9470725864899283,-0.9738201891150513,-0.9612035298331015,0.9402660523755545,0.9795914157074227,0.9782538978243391,0.9369844632564578,-0.7954029189831945,-0.9920880509018645,-0.03182041574930802,-0.1122333570393953
0.9895410272765813,0.9999999977395229,-0.9824114877579632,-0.9913889154580109,-0.9810756633770081,-0.8673529078314554,-0.9700624673435571,-0.9431771357528416,-0.9967268194317678,0.8735014175358963,-0.9886536142130423,-0.8724017511744965,-0.9455473050546056,-0.9712531516362557,-0.963007031940887,-0.9914615551031374,-0.5513763638662696,-0.9866321450621933,0.8689611683374514,0.9878935325441586,0.9757095448810975,-0.9674399047444833,0.9731011501043172,0.9367561285047651,0.8032023947407876,-0.9054396446150432,0.9610694500973104,-0.4996083508923634,0.7775574730470329,0.9764812881176813,0.9303040926908981,-0.9922210162639176,-0.9901379068018242,-0.5323562623439131,-0.9322908165129069,-0.9930554722589191,-0.9386718297537736,-0.890276382831532,0.947233956397209,-0.9866596161890058,0.9776222762090941,0.9913567241279436,0.9871708772067193,0.9810942843660484,0.9930595077567197,0.9149065981098414,0.9454104276332298,0.9835388097180219,0.8733608009586318,0.9940929054739597,0.9946439520301017,0.9535329122746999,0.9807988105231905,-0.9875230957617036,-0.9646114259230114,0.9782006073596564,0.9941303870781102,-0.9895105961671488,0.7957738629162313,-0.9947769052520811,0.9991837858713599,0.9815398010788413,0.9982050165412912,0.9412241666250115,0.9981268014657343,0.9944160203886335,0.7398898063438935,0.9247150302260064,-0.96452976628059,0.9135041750743557,-0.9979189347683958,-0.9821169949109688,-0.9918954680658105,-0.9801491758734548,-0.9939995715023134,-0.9668585191058767,0.9938302789478468,-0.9935372873167332,0.9502300151143672,-0.9890712227302366,0.9828316023505632,0.8611476594301947,0.8873618031311271,0.8559705192594423,-0.9498434988743323,-0.9964413344026095,-0.979990714609545,0.9972897957747586,-0.7833140903491917,-0.9264517118123904,-0.8646496894871254,-0.997731936753311,0.9217570044470704,-0.9890764900111585,-0.9974851094725481,-0.9128138907626921,-0.8720250694193241,0.9950136614490337,0.7787944176551992,-0.35183632611411114,0.9976701262360216,0.9977397635653199,-0.998609819229423,0.9757382271634768,0.9970834866966614,0.9868300911207257,-0.8310046712346392,0.9618075496287133,-0.9967060324975217,0.944813688470227,-0.997649428515758,-0.9991026833855329,-0.9839321806974854,-0.9717895012053199,0.8928858781881607,0.9291773391280488,-0.9787953242546426,-0.9652955205254352,0.9405979489313884,0.9934622550957845,0.9898208177847061,0.9579208481986575,-0.8143393807701111,-0.9806547962133246,-0.03352935902977494,-0.07225645311067155
-0.9947080461765876,-0.9824114877579632,0.9999999951294496,0.9654799966979485,0.9925467329102857,0.8401714330253395,0.9825245829067252,0.8950160572439804,0.9942683992947604,-0.8306119944440914,0.9951932732492645,0.9216849426330017,0.9789503289934115,0.9235111370197794,0.9941327354523004,0.9758720614839763,0.4604119823166608,0.9984562496162197,-0.9046266144071293,-0.9751359174659181,-0.9796884073030262,0.9641091130385141,-0.9340316675725086,-0.8756006232471515,-0.7889080987639581,0.9346694218111116,-0.9319827035325681,0.5864159780152011,-0.7170700303730019,-0.9407365774035803,-0.9821109123109899,0.9519649353892835,0.9859192273689931,0.4911099636088717,0.9423769454133748,0.9574786889657013,0.97337403424424,0.818597406545344,-0.9042935996842534,0.998480083454109,-0.9997053150962063,-0.9637889585419638,-0.9952053976711042,-0.9759623467289659,-0.9717489636525382,-0.9332069154128223,-0.9265733204200551,-0.9431106992987498,-0.8791516288295246,-0.9949178418200854,-0.9946757087494574,-0.9353921170850762,-0.9894069969791014,0.9642764946973847,0.9794522517475399,-0.9398484996152084,-0.9644260560219342,0.9989019734161608,-0.7528329495383606,0.9651023112296513,-0.9740796125294691,-0.9738701123851012,-0.9899945018872658,-0.9470353171680104,-0.976063304785241,-0.979138993411659,-0.6401150565239597,-0.8374470047977317,0.9968117390382347,-0.8721846264030936,0.9686553271073459,0.9995568382484115,0.9593875962364815,0.9999276568661649,0.9571612460242864,0.9774778523981198,-0.9711794112653116,0.9688181218098281,-0.9702390055258067,0.9537555500899516,-0.993758254920431,-0.9083079161467126,-0.9457913978185732,-0.9055272735111786,0.991405203229847,0.991704964308314,0.9353510398117298,-0.9870659598056243,0.6610524373278847,0.8603621584577386,0.8492438008914387,0.9921949316989983,-0.8331551028680636,0.995171022049518,0.975615675492253,0.9515684413382027,0.9009851874003496,-0.9706324845100329,-0.8676800204593833,0.4572202461003334,-0.9889912124622815,-0.968143703701283,0.9712623560429724,-0.9991464441960659,-0.9653570142515008,-0.9695360969470835,0.8810587158991511,-0.9881582891729191,0.9937820237441833,-0.8815934519292534,0.9913153547956787,0.989231838079497,0.9947120681828096,0.923764877150977,-0.8234945692589699,-0.974996670511815,0.9878188382978258,0.9285708856011483,-0.96829090733486,-0.9835808784789049,-0.985562509963326,-0.9574279550445715,0.7300571733474626,0.9741723039045821,-0.07032695744381512,0.017743478100500185
-0.9851981418420795,-0.9913889154580109,0.9654799966979485,0.9999999947711475,0.9512114220221564,0.9233924372725915,0.9319028587616783,0.9778557404724387,0.9849682267506831,-0.8157062905781038,0.9647029326915975,0.80680367521333,0.9025580211018117,0.9915051519268494,0.9528170687422415,0.9984403670418686,0.6537775452677197,0.9653661690566919,-0.798400547523084,-0.9970715764124473,-0.939143628061094,0.9260384274025368,-0.9943851558677744,-0.9709106728747924,-0.8694759272247141,0.8438331158493827,-0.9227907981743203,0.38626843248525355,-0.8530531931566491,-0.949105256076862,-0.9014224681390631,0.9921283880540018,0.9635542692820344,0.433718859035388,0.8769705479634041,0.9970778116441574,0.8924806228570528,0.8541679802345922,-0.9101110479946612,0.9766778897817633,-0.959793192423511,-0.9999516097722583,-0.9622310561797754,-0.9473158821336779,-0.9996624001855288,-0.8545648945031129,-0.8978218170495247,-0.9968471531871602,-0.8025332947750028,-0.9753769726392406,-0.9765122121737198,-0.9826408837798647,-0.9829277337311612,0.9615100509472478,0.9238618360824905,-0.9962903972591763,-0.9991157567481214,0.9724438692659789,-0.8678435683158201,0.9988109780799338,-0.9923300094527113,-0.9481406319933785,-0.9913674773150695,-0.8889052892464714,-0.983731577805996,-0.9724449830349877,-0.8143419470152825,-0.9359779338194066,0.9429394102967703,-0.9588923758153984,0.9939834786441284,0.9615765272172359,0.9990684828101093,0.9628276446653408,0.9858737971115679,0.9262698112461134,-0.9997172613332188,0.9998395347961564,-0.9034551240220597,0.9986511972910496,-0.9545114423609956,-0.7914985679319254,-0.832835247444821,-0.7857261771630851,0.925029363218176,0.9787298791059722,0.9947233364119702,-0.9792841160392984,0.830065480894699,0.9631963912440245,0.795569491944278,0.9837966020625691,-0.9318993422525348,0.965419197031127,0.9817335046255988,0.8567707844508485,0.8011816605430382,-0.9994942315575731,-0.7099878455120182,0.23321364865831634,-0.9809140762808599,-0.9898024575359128,0.9930211258299413,-0.9541595524347634,-0.9926328091956788,-0.9981823393087815,0.7546820339235925,-0.9251176032622017,0.9872027732347627,-0.9740611832865388,0.9822745834518469,0.9874589593780793,0.980439911519119,0.991551120380166,-0.9407984492786609,-0.886351127853125,0.9456904268443124,0.991105870920768,-0.8918849968349484,-0.9699617890832868,-0.9629195495786832,-0.9121358403030981,0.8787601818956697,0.9925649969852008,0.16056186489562313,0.20193526072981216
-0.9801642450712481,-0.9810756633770081,0.9925467329102857,0.9512114220221564,1.0000000019324953,0.783085974942088,0.9977024138469429,0.865686542340046,0.9898203492837483,-0.8888335367288626,0.9988759430657956,0.9497200053367102,0.9906036382526053,0.9073521728125273,0.9750209227289776,0.958940115863739,0.39030696487248484,0.9974424923640214,-0.9430371122344716,-0.9550007753453877,-0.9967134008239756,0.9888901781959942,-0.9133087261464875,-0.8521919237845486,-0.7178320943832763,0.966525807072854,-0.96440846526672,0.6510727157223495,-0.6564760132964637,-0.9651868435992264,-0.972990009298679,0.9518730245521112,0.9964953333404797,0.5934832438482543,0.9755891724771133,0.9515203490363865,0.9876772092064345,0.8675418387409222,-0.9415074616969545,0.98666340261663,-0.9913588535765073,-0.9502077762319429,-0.9992489919126867,-0.9939522524239768,-0.9574886373667945,-0.9681610311747768,-0.9639857457749833,-0.9304042947882231,-0.929955050148188,-0.9958334291166189,-0.9953469436713345,-0.898951567539317,-0.9674064270330737,0.9821280377584494,0.9962289118389157,-0.9218052366580985,-0.9551274281600868,0.9948138261313691,-0.6880413853162433,0.9566914951450451,-0.9741513160576769,-0.9925266175864481,-0.9831618958913623,-0.9789719818203296,-0.9821301511317365,-0.9897475791128946,-0.5972103357526377,-0.8468312465684144,0.9881169188838541,-0.8303023507683286,0.9676539545960376,0.9956285044737635,0.9491776572578127,0.9919945542649804,0.9633337277350448,0.9957883480586502,-0.9581395158674613,0.9562309145416912,-0.990913327872659,0.9424363478609337,-0.9999289827850845,-0.9412780031208134,-0.959236911430872,-0.9381744994731631,0.9822500611944274,0.9938926508872579,0.9230620398102712,-0.9917640464019509,0.6531330425800348,0.8366632202364055,0.9071845329632217,0.9910728469542701,-0.8442068884552806,0.9987477918994158,0.9829126051829664,0.9740813004145538,0.9423557346807034,-0.9596265114568849,-0.8841688281088221,0.5218192734101382,-0.9918552310839517,-0.9711130953156838,0.9710490944284564,-0.9938798398257728,-0.9658698441197511,-0.9491912320330249,0.9197408202504099,-0.9963904074728767,0.9873656416130419,-0.8635919021354113,0.9918986962082241,0.9876641667816666,0.9771532117574157,0.9081819465808721,-0.7910154360741752,-0.9816931090772445,0.9994162294865439,0.9026866622930388,-0.9878412436185423,-0.9934641516094677,-0.9964644444655467,-0.9854055669256374,0.6891760234941733,0.9489775440401925,-0.15006314463045953,-0.08534484656131712
-0.8893980685060995,-0.8673529078314554,0.8401714330253395,0.9233924372725915,0.783085974942088,0.9999999989290026,0.7403145066233093,0.9700486844203144,0.8613106956319294,-0.5380623958677168,0.8106448209439887,0.5642290837762444,0.7118144283446957,0.9379619112533841,0.8581526907716631,0.9234802579471751,0.857323266826136,0.8229459070164183,-0.5324915387409251,-0.9308601689247327,-0.7464896235406413,0.7148590459610649,-0.949305309473267,-0.9538265227986731,-0.9907423426967154,0.5977061228919782,-0.7052378831841034,0.055747470456082825,-0.9750594378370351,-0.7589073604283217,-0.7662909097112816,0.8800846633306167,0.7945842979824416,0.06342615548734,0.6353362104915775,0.9003584424341988,0.6934907370387664,0.6222696232276733,-0.6884520383565326,0.8683273515521523,-0.8350482781201946,-0.9222735555291567,-0.8062635464283582,-0.7568254010618316,-0.919795218674754,-0.6044938289506221,-0.6600257366154477,-0.9259140500269861,-0.516463747603912,-0.8330235578189068,-0.8353712569907106,-0.9761778219110253,-0.9096161900172851,0.7824056367240309,0.7264368644308705,-0.9415771167331929,-0.9089404211516877,0.8409088325967539,-0.9890653117992603,0.9057257831332762,-0.8688870634619088,-0.7571449507602505,-0.8787866138398958,-0.6528424928036534,-0.8395390061643837,-0.8100083941350682,-0.9115192112785998,-0.8342314996670731,0.814451923215178,-0.9903473186156571,0.8768217442546911,0.8253062363333785,0.9139133391362437,0.8379336414681667,0.8515888239770347,0.7264544938329256,-0.9167692776130143,0.9168581476927535,-0.6923667079007293,0.919225864472222,-0.7905502826518837,-0.5363208414622356,-0.6282016447605505,-0.5307227092594924,0.7939763408188392,0.8356738002521659,0.9257247528496283,-0.8317808630590877,0.8255432238754338,0.9516953625569133,0.5020714614642529,0.8515224854281771,-0.826179678942793,0.8119269861714363,0.8336241342922946,0.6328515918354473,0.5298942149807131,-0.911098412482454,-0.4910071099640247,-0.0886244548469533,-0.8381324461365395,-0.8603604324912786,0.8720235018272249,-0.8190981628145311,-0.8724233693627469,-0.9357484870074184,0.48380884789655215,-0.7475046289684628,0.8700603539967046,-0.9401483384242212,0.845154632392978,0.859233323981645,0.8912613328501107,0.9363010314909699,-0.9638396737876895,-0.7054073003306891,0.7664230908394074,0.9618612279290221,-0.6806616561773974,-0.8064163341893763,-0.7929922640107746,-0.6903489832075111,0.9490173817059682,0.9392183329743702,0.4752861382917219,0.5526223961620558
-0.9645301447862448,-0.9700624673435571,0.9825245829067252,0.9319028587616783,0.9977024138469429,0.7403145066233093,0.999999998076588,0.8354845354980893,0.9789240121477552,-0.9095530128989624,0.9937663165258633,0.9646268974976797,0.993667147400025,0.8844523671849654,0.9601955003334836,0.9393858522002388,0.3348693165658079,0.9903315527082605,-0.9621905008771704,-0.934004399535731,-0.9989694470942826,0.9947196264228179,-0.8888676606416059,-0.8238081185646449,-0.6692187640165018,0.980872560411759,-0.9714674368969488,0.6943983963900783,-0.6083494816825352,-0.9667751532609437,-0.9666414588424087,0.9388453169540583,0.9939666734310417,0.6422348684339756,0.9881379565088397,0.9357298092825346,0.992460457677123,0.8793230321162266,-0.9496961045824319,0.9734180633398883,-0.981416989343173,-0.93108581793397,-0.9945399177938997,-0.9955939993669033,-0.938735850345174,-0.9828479539739737,-0.9752613922226663,-0.9102634185848716,-0.9524412453300536,-0.9884069492174172,-0.9876800188739309,-0.868314615721872,-0.9480318434489603,0.981414956894699,0.9997677845998976,-0.8989323045256113,-0.9381526194248421,0.9856352778118599,-0.6395388657397557,0.9402190391257483,-0.9630203944222997,-0.9942317162690811,-0.9701931203219134,-0.9901988034234092,-0.9747853365011286,-0.985844611581555,-0.5546085728787425,-0.8339578003277512,0.9793357531973952,-0.7940533742468294,0.9554135132224669,0.9875888453387497,0.9313591340385017,0.9819840761583772,0.9542681137517631,0.9996615580995334,-0.9399089185470125,0.9380056840195934,-0.9974162392979384,0.9236660748833149,-0.9968180000832153,-0.9588173553568881,-0.9668618337755831,-0.9558667147567472,0.9744658870047433,0.9864865617015609,0.9026696756310784,-0.9851027124570875,0.627282614505446,0.8075921196076804,0.9311909457684829,0.9816787631210261,-0.8321404066481588,0.9935199562726045,0.9762952364316053,0.9842328001513844,0.9623418744762823,-0.9423286308038412,-0.8981405320428798,0.5685894608923103,-0.9843390125788016,-0.961087564457468,0.9594858871568976,-0.9858645747745212,-0.95419347029603,-0.9275273635918027,0.9411227171946672,-0.9965138303504831,0.9752946950831543,-0.837959365738645,0.9833757220670744,0.9774738345731359,0.960541861714813,0.8855701600673969,-0.7568253847031484,-0.9835993119019235,0.9991852587814681,0.8756660665665849,-0.9947274862162307,-0.9898198547443486,-0.9941184661810969,-0.9934754923545226,0.6490226964804215,0.9259375230520814,-0.2083601078922772,-0.15115540593216828
-0.9353788621262517,-0.9431771357528416,0.8950160572439804,0.9778557404724387,0.865686542340046,0.9700486844203144,0.8354845354980893,0.9999999978891387,0.9275731378332813,-0.7161031709653454,0.8883900606250456,0.6655826948465745,0.7936577203970447,0.9931258249137385,0.8875463945379947,0.9706366300642725,0.7972240488266666,0.8909143071160152,-0.655352618424003,-0.9713823442604799,-0.8474825657823891,0.8307840718355565,-0.9943545255550171,-0.9970412466182248,-0.9281036458817256,0.7133143786748651,-0.8407040412886044,0.18477390176869335,-0.9407188767649172,-0.8831138447572332,-0.8056801263194935,0.9632659697795172,0.8873299326498902,0.29384311173804856,0.7601604992482375,0.9720613421599303,0.7791765429727312,0.7924515796631662,-0.8348551976319575,0.9172271228257941,-0.886812361208213,-0.9783675446532476,-0.8841588219903714,-0.8622233813253702,-0.9732330265933499,-0.7290334401641773,-0.8005483362439683,-0.9862290045819642,-0.6690847097698728,-0.9077303412107384,-0.9098879206846789,-0.9867425253097265,-0.9409176220129116,0.8926156569456404,0.8234258665583614,-0.9915516103999017,-0.9733399326830611,0.9042772659222128,-0.9442195007536615,0.9717327941651471,-0.9490377963701904,-0.8643947788065011,-0.9424030821790359,-0.7771543933411311,-0.9294268209713179,-0.9059237519924438,-0.915568022450628,-0.9410560486609966,0.8620556810917454,-0.9942162961368882,0.9560371210683826,0.8863757723979929,0.9772483159541706,0.8911961771687027,0.9450959797214443,0.8273848368177451,-0.9727579596533806,0.974147267710986,-0.7938690449947609,0.9811045622812077,-0.8711491596706218,-0.6460939566585641,-0.7025880105035494,-0.6389379261278344,0.8373372937117863,0.9142062242915057,0.9875799702884539,-0.9161960610747019,0.9002448016126803,0.9948856436404322,0.6720121386601501,0.9245094893834896,-0.9360674126722748,0.8896288919490345,0.9255871467203305,0.7300990481534693,0.6599032524285176,-0.971202424354576,-0.5550575267211364,0.024705398278387785,-0.9189464584928415,-0.9466564950849826,0.9521967939727966,-0.8758248812011845,-0.9548731988861718,-0.9769693077761831,0.6007116071147717,-0.8262907541118881,0.932964320946393,-0.9940249719353715,0.9213479412718911,0.9326309806383547,0.9300859209547825,0.9925929120979716,-0.9898895218683962,-0.7741520130659678,0.8567858717150592,0.9966300096963502,-0.7775258219118244,-0.8996163558769926,-0.8862998116948145,-0.810497503749282,0.9582092205841013,0.9686872086383805,0.36326140465636003,0.3897459698211217
-0.9963730136128299,-0.9967268194317678,0.9942683992947604,0.9849682267506831,0.9898203492837483,0.8613106956319294,0.9789240121477552,0.9275731378332813,0.9999999983384167,-0.8569098276300093,0.995454133697742,0.8961228800186264,0.9633539854279309,0.9555024271249074,0.9809501963899636,0.9895311543992885,0.5172531560861684,0.9958354083949239,-0.8865124412974996,-0.9872634239953857,-0.9809153582737368,0.969233489998239,-0.9612095787357363,-0.9153854536973787,-0.8028574862476296,0.9206197374444988,-0.9515970231421272,0.5365389189317132,-0.7570559781376979,-0.964502565945374,-0.9565929031119129,0.979209650663939,0.9921254119498598,0.5135535591464944,0.9393748132139607,0.9822401871505934,0.9569146138537639,0.8617910861907954,-0.9316356379959096,0.996224696674201,-0.9914087462433909,-0.9842056991608047,-0.9945903954782052,-0.982405344708819,-0.9886066592322587,-0.9253618238680879,-0.9400752483783709,-0.970842025502308,-0.8777752572577786,-0.9985724731666478,-0.9987959810620094,-0.9510118887858212,-0.9893122492989763,0.9811416279555659,0.9744106849740038,-0.9665463013794685,-0.9859360790074525,0.9977919669000948,-0.7829715299068972,0.986567978074014,-0.9926570425745862,-0.9817482115833711,-0.9991097737326857,-0.946565590506783,-0.9926904322198559,-0.9917051568170946,-0.701883862588423,-0.8910568798438557,0.9826220564710525,-0.9011153576460068,0.9896491629385494,0.9937938308064976,0.9825267902793753,0.9929497032396576,0.9822423296719204,0.974815563521945,-0.9887678853294833,0.9875765958459991,-0.9620416861773755,0.9785308739697827,-0.9913947128947271,-0.883750549800341,-0.9155362648914953,-0.879584622317361,0.9718466960178477,0.9985166174421907,0.9654693157291234,-0.9969442972142416,0.7347250891131153,0.9029437367551615,0.859749456373995,0.999582521614667,-0.8874616447164836,0.9956923874105506,0.9920874418087009,0.9324003638488697,0.8866304782588014,-0.9891500942963726,-0.819398773679419,0.3960715654227046,-0.9980467172018235,-0.9891940582727474,0.991133560431182,-0.9899783775279241,-0.9877092287251032,-0.9842682796373782,0.8545233023429015,-0.9767902057467572,0.9998445270944236,-0.9224144231019181,0.9991024534368032,0.9991260416147688,0.9932352328136984,0.9559011467193559,-0.8681248603541803,-0.9523765134243094,0.986347579947594,0.9545446862051471,-0.955683618859255,-0.993072483944109,-0.9917793802159854,-0.9607772032416502,0.7831828397677751,0.9828402420088185,-0.007933412554361821,0.05278085299442845
0.8100387835802919,0.8735014175358963,-0.8306119944440914,-0.8157062905781038,-0.8888335367288626,-0.5380623958677168,-0.9095530128989624,-0.7161031709653454,-0.8569098276300093,1.000000000856905,-0.8810588837807833,-0.8711266514567509,-0.8721464031491022,-0.7926652058627514,-0.7662653362356553,-0.8042762087405804,-0.21561604016341035,-0.8602483279121226,0.9103515184049457,0.7882357444762845,0.9226033773337524,-0.9466557694162598,0.7754484684633608,0.7350759394634712,0.42535547068547547,-0.917095297925275,0.9736912606248019,-0.6850986395576149,0.4486291316342689,0.9563686974330742,0.7750394898951244,-0.8737500486298787,-0.9105899658643252,-0.8748671990400106,-0.9478216718450722,-0.8508855062137676,-0.876449614938295,-0.9808462439809604,0.9817718634747923,-0.8176399383308895,0.8224304724274231,0.8185483889384264,0.8810409193533396,0.9320023002924672,0.8167661613273833,0.9386649919593256,0.9786596515154395,0.8163693766676311,0.9659649319931248,0.8754540932582829,0.8750486695575059,0.6942634386391874,0.7726154548542256,-0.938821423648172,-0.9108549179886182,0.7904279841739695,0.8380860641880027,-0.8508719717891869,0.4463703388747149,-0.8421539671021683,0.879058760943317,0.9352661171126577,0.8493434813298523,0.9510293236242556,0.9015019042722016,0.9155236030355216,0.4891437683879816,0.8564165058571657,-0.8086005518787696,0.6398867670495505,-0.8741114378067526,-0.8442507768935942,-0.8327963603520725,-0.8264968988771586,-0.8997064476694473,-0.9192811954074489,0.8223868389741184,-0.8241127979937375,0.9131303958521252,-0.8262092550923802,0.8853533409755094,0.880933600791971,0.8257996838862027,0.874890261240396,-0.7930184824748066,-0.8830639811531549,-0.8153052359932935,0.8942386696688642,-0.6674396864885894,-0.7253620046435514,-0.9885107005009209,-0.8712105139692864,0.860529925022442,-0.8810542719611141,-0.905775007464348,-0.8857823502037168,-0.9253598899766473,0.8316157331490914,0.7396842135763821,-0.5534901377459271,0.8871858699700345,0.8896556499881314,-0.8776458081812026,0.8328055069087504,0.8795889807112948,0.7869075440040486,-0.8767614652928364,0.8735787268581364,-0.8491682426074448,0.7636781983470025,-0.8779445573119798,-0.871067378387264,-0.7926858292972814,-0.7954358320058454,0.6615856630302354,0.8370434750748568,-0.9034104602793023,-0.7480101785877251,0.8995142940461965,0.9113111996433432,0.9116016237150691,0.9506511260189616,-0.5609533482812339,-0.7613214338063089,0.2753687680102091,0.3382595903134093
-0.9876403062041139,-0.9886536142130423,0.9951932732492645,0.9647029326915975,0.9988759430657956,0.8106448209439887,0.9937663165258633,0.8883900606250456,0.995454133697742,-0.8810588837807833,1.0000000021702462,0.933909779482151,0.9836412899431787,0.9256860961572415,0.9788260510928313,0.971294113262199,0.43356479022360545,0.9990904074186795,-0.9264286252107962,-0.9678537016157557,-0.9938475804592252,0.9848433734162257,-0.9314684016562907,-0.8754491093251334,-0.7472889269139898,0.9535000274212807,-0.96284596114925,0.614315348354057,-0.691412349154937,-0.9676468981551755,-0.9692841229401813,0.9634582315968357,0.9974418386096371,0.5694116381913643,0.9659684856471418,0.9641458336438646,0.9795511251743397,0.8685734198741971,-0.941017488959664,0.9919134962416079,-0.9934041648447336,-0.9637957479522575,-0.9999570019760166,-0.9925731552656369,-0.970081152523726,-0.9562831614690501,-0.9586910621156715,-0.9461966350985268,-0.9150962402006372,-0.9990249088345028,-0.9987777737492253,-0.9181703783136574,-0.976660562490855,0.9843749888856089,0.9912727778609309,-0.9389495268718977,-0.9677174737006813,0.9979748207384491,-0.7209995695899798,0.9689821131140581,-0.9827330034509419,-0.9914252325682381,-0.9907252048118483,-0.9706484440274472,-0.9881125246328002,-0.9928699901831615,-0.6338237184962122,-0.8642380779639451,0.9882279538518893,-0.8557382783713804,0.9774053427679107,0.9971289543313381,0.9626136247290185,0.9943637422476427,0.9721660206081846,0.9911578885072923,-0.9705909667054239,0.9689364311011169,-0.9835901997074087,0.9567829559661545,-0.9993441561622789,-0.9241979337709437,-0.9465497856493823,-0.9207125422062674,0.9806387611048787,0.9977604570304441,0.9395289814249611,-0.9958753304524076,0.6826577230500144,0.8609477309003767,0.8940755138028903,0.9962059551087429,-0.8613087837062731,0.9999991573058221,0.9884444477217321,0.9623276598740428,0.9260881842188522,-0.9717439747847422,-0.8640887508467663,0.48089049956862806,-0.9962759674213638,-0.979605287887614,0.9801642577809339,-0.9946312063041075,-0.9755968937404179,-0.9630005637133078,0.9000775103589242,-0.9920130358677696,0.9937469627284339,-0.8854813705769365,0.996619439638719,0.9938016581180557,0.9845118129302799,0.9263812921371579,-0.8187516396809045,-0.9738854868382585,0.9973809268668807,0.922077896739399,-0.9793491692142751,-0.9957655576924319,-0.9973089711796415,-0.979701128926338,0.7223474110665715,0.9622585055394576,-0.10296969773182314,-0.0400107696156715
-0.8779654014096815,-0.8724017511744965,0.9216849426330017,0.80680367521333,0.9497200053367102,0.5642290837762444,0.9646268974976797,0.6655826948465745,0.8961228800186264,-0.8711266514567509,0.933909779482151,1.0000000013641908,0.9814164791074397,0.7310130500410762,0.9017337065138397,0.8235142734252704,0.08473965609168738,0.9307944288900335,-0.995019207547725,-0.8175487163408236,-0.9551232581349636,0.9529724354906453,-0.7398703215443756,-0.6462652781900228,-0.49481769859859775,0.9940114323139206,-0.9085101917302071,0.8542305450168675,-0.392542672732254,-0.8834630326277163,-0.9500661797607461,0.8151733628751241,0.930005571409644,0.6914557715736617,0.9772609846099858,0.809810885542775,0.9859632751423026,0.7910461303450342,-0.8770242282424581,0.8990985046659927,-0.9253165740064166,-0.8048589778370505,-0.937151830703018,-0.9413014159094704,-0.8192619177101531,-0.9858872074829979,-0.9330707703051252,-0.7697644905263733,-0.9646196910356312,-0.9172332413769823,-0.9151415380032305,-0.7253789442936928,-0.8562080621095209,0.9038559174606215,0.9699550381227552,-0.7541185822651872,-0.814912519578491,0.9186449856070504,-0.43853860019875623,0.81818273999969,-0.857963086556361,-0.9376518480323071,-0.8768436811906524,-0.9715825541457582,-0.8818002836855262,-0.9078133852462115,-0.31675946808560984,-0.669575900573231,0.936452177368369,-0.6177113915511838,0.8437924314806922,0.9314061203588768,0.8035399544825776,0.9233870331606815,0.8432974553529434,0.9665133400262742,-0.8203749280476049,0.8165317826945977,-0.980445476292896,0.7910345958295383,-0.9462686028144028,-0.9991251887184701,-0.9925887017319514,-0.999105571856238,0.9436166566715237,0.909940150906093,0.7577488468044217,-0.9050802915443739,0.40601853584199016,0.6242572479222938,0.9273270865978146,0.8995110058743362,-0.6685935489627233,0.932931919695617,0.8852822062743085,0.9959315357857389,0.9906264862344298,-0.8233301196033144,-0.9740536205906287,0.7624404938540316,-0.9037072120679311,-0.8544955752285605,0.8512827277222396,-0.9357693675087434,-0.8416319626471752,-0.805203152218903,0.995081137701742,-0.969582804980891,0.889221746168291,-0.6646405690011972,0.9025521440970716,0.8891877936128386,0.8772715074059478,0.7325264647841874,-0.5598417476951822,-0.9812708311818292,0.9539818759320287,0.7231120045994056,-0.9865192460340219,-0.9175996619690425,-0.9305768063966048,-0.9603447893649931,0.4277709308613501,0.8109261219114661,-0.44948453264643645,-0.36551365822705517
-0.9535153539339484,-0.9455473050546056,0.9789503289934115,0.9025580211018117,0.9906036382526053,0.7118144283446957,0.993667147400025,0.7936577203970447,0.9633539854279309,-0.8721464031491022,0.9836412899431787,0.9814164791074397,1.0000000041688024,0.8425245614850662,0.9648301212277679,0.9161085201743197,0.2732208934698732,0.9833302776857862,-0.9710464048604218,-0.9124336371019907,-0.9875692954791649,0.9791599106312157,-0.8520049380876885,-0.7744399939741563,-0.6491651152469509,0.9853965479594106,-0.9408551158638566,0.7387048597025611,-0.5614881765261269,-0.9319929097837727,-0.9839585720650323,0.901090806566633,0.9775094596391324,0.610789764072807,0.9810105350964441,0.9006976878576932,0.9996717286525596,0.8246857642871793,-0.911136983179527,0.9663736706683378,-0.9805585795812495,-0.9007669380725788,-0.9853176864799656,-0.9787544266437257,-0.9120759720136512,-0.9808116371083857,-0.9509269296634173,-0.872482958624061,-0.9436837312415649,-0.9748283095226595,-0.9736252921031092,-0.8439976652206266,-0.9391399442363922,0.9538136419384162,0.9949219680577682,-0.862430202196798,-0.9065517385626982,0.977148725977689,-0.6027397374959872,0.9086300114675497,-0.9340930648626994,-0.9758936385246492,-0.9512048683585347,-0.9804220025119252,-0.9476865918443296,-0.9628129954285491,-0.48520469811842515,-0.7695018547909989,0.9846690587786924,-0.7566293039789538,0.9240500391430877,0.9839485440236744,0.8981352798842119,0.9797342333030419,0.9185251890919421,0.9923030449635679,-0.9124531155161738,0.9093374906278574,-0.9958327914809086,0.8888240023096216,-0.9893687085620134,-0.9745342319656907,-0.9887725585833759,-0.9730672938562303,0.9854714991663928,0.9696034436496375,0.8624602720762876,-0.9649847037085988,0.5441497413857427,0.7554624284313792,0.9100976517789542,0.9642934847536848,-0.7669468705550598,0.983126346554011,0.9493245062703722,0.9942278699100432,0.9672156342026467,-0.9138445763059431,-0.9395391258307775,0.6259292351995949,-0.965118850895805,-0.9295456225845674,0.929244357067177,-0.985825079087696,-0.921396673107473,-0.903298720305249,0.9589922035495767,-0.9984554762774714,0.9594432230280201,-0.7872813917807903,0.9655285073452362,0.9575146465397188,0.952901542573729,0.8434704579527159,-0.7031928262580263,-0.9974648815066532,0.9906925865665375,0.8402757921958455,-0.997802434786964,-0.9699774557722667,-0.9776435300812802,-0.9797341525840904,0.5876988358939124,0.9081465362252621,-0.2703104627162488,-0.18467597744901784
-0.9548046194665388,-0.9712531516362557,0.9235111370197794,0.9915051519268494,0.9073521728125273,0.9379619112533841,0.8844523671849654,0.9931258249137385,0.9555024271249074,-0.7926652058627514,0.9256860961572415,0.7310130500410762,0.8425245614850662,0.9999999984493658,0.9067811133224903,0.983739102856798,0.7296462159018595,0.9246391819102219,-0.7280311457814705,-0.9818254071128923,-0.8967561846279384,0.8858529497350517,-0.9985758858461613,-0.9931342985380339,-0.8829098420869366,0.7795868444762966,-0.8978997986138714,0.2807609597708116,-0.8957497336104118,-0.9317934389271537,-0.8375670501972158,0.9878374623500308,0.929229536175047,0.4022370835256084,0.8248660734479681,0.9919049833345709,0.8306359889344526,0.8549365619083071,-0.8935073533205043,0.9405027814839418,-0.9151635386894094,-0.9923548212797862,-0.9220491556797155,-0.9108177057229706,-0.9878483413869582,-0.7964664075105806,-0.8640665637949233,-0.9982802039309018,-0.7480276323758434,-0.9414060448588005,-0.9431895781832744,-0.9792292248872398,-0.9535196936650525,0.9377295932515056,0.87422844740888,-0.9986733372484325,-0.9911412728134292,0.9346450918419876,-0.8992342499312298,0.9904197903860474,-0.9769717322053557,-0.9131502350702506,-0.9669445220034574,-0.8400794812983119,-0.9637224185566241,-0.9458231662829587,-0.8787567255895479,-0.9633446441773369,0.8916434261760272,-0.975573195063001,0.9820748570070555,0.9182360944589425,0.9935440861871062,0.9195775937596916,0.9764563989236996,0.878915693772339,-0.9883159259699812,0.9897271571104759,-0.8489846530429388,0.9956832128466634,-0.9115221602800007,-0.7155114470665092,-0.7561936750372477,-0.7083438720124516,0.8678202877363002,0.9480972241334513,0.9990911893468566,-0.9514655041869923,0.894282359344727,0.989390588142386,0.753409772098186,0.9550841905358575,-0.9596100492042438,0.926749101958024,0.9610894583983094,0.7894467263450443,0.7342285585721222,-0.9884266190649534,-0.614025142366615,0.11943483885173903,-0.952757521399807,-0.9764638048092346,0.9793959658100593,-0.9073535465246474,-0.9818644140823181,-0.9862838184495161,0.6752330985231091,-0.8709970380514434,0.9588975700441025,-0.9952069891605994,0.953412983831651,0.9619685104983459,0.9475136553274975,0.9999840226997164,-0.974151562317395,-0.8201255231415514,0.901901621693904,0.9960633906581537,-0.8327472535261442,-0.9398427461410089,-0.9284963615590646,-0.8689032056764523,0.9288417015409307,0.9752311377510928,0.2668388469299018,0.2816978825821968
-0.9903244850252575,-0.963007031940887,0.9941327354523004,0.9528170687422415,0.9750209227289776,0.8581526907716631,0.9601955003334836,0.8875463945379947,0.9809501963899636,-0.7662653362356553,0.9788260510928313,0.9017337065138397,0.9648301212277679,0.9067811133224903,0.9999999994695127,0.9676909507363682,0.47564247727816733,0.9866753483527736,-0.874163544301695,-0.9699169569069538,-0.9538171922258138,0.9312141819639079,-0.9226164275677363,-0.860846749538098,-0.8207263804348818,0.9064042283706415,-0.8873231433678258,0.5572500093399757,-0.7302009677375487,-0.8995124569685223,-0.9870870631035947,0.925957043238858,0.9620644904729975,0.40263556026555264,0.9078022895022048,0.9366480011959821,0.9579031363695615,0.7528040691454448,-0.8530116801488211,0.9940200258286561,-0.9956982796738975,-0.9502302322864739,-0.979004496827574,-0.9469881762570822,-0.9602473215304843,-0.8998569401137214,-0.8814400403857848,-0.9257449445544311,-0.8324671414212551,-0.9788575930423398,-0.9785665839606299,-0.9403688634796804,-0.99110846772062,0.9305940780301339,0.9567425666171975,-0.9267228244474074,-0.9473664231129032,0.9885283027905005,-0.7730753023633673,0.9474384554826507,-0.951782984835095,-0.943778486756375,-0.9767767332789576,-0.912075463236098,-0.9505087322274903,-0.9523255747067564,-0.6316546362032485,-0.7938800865106589,0.9958936788738898,-0.8754657724901352,0.946026562402369,0.9912797953223681,0.9422533979680905,0.9950031729897599,0.9277662105680738,0.9525977214505331,-0.9584903343681568,0.9552904190373176,-0.9464548345595968,0.9366890501064269,-0.9769346785625779,-0.8846380598611793,-0.9378668704287776,-0.8827796385215623,0.9934383917553324,0.9733024127991318,0.916665528663517,-0.9655242743882511,0.6223603803901934,0.8446872332994337,0.7923585171389597,0.9758076645348814,-0.788158377647027,0.9787534147140557,0.9492878141780341,0.9319917354311504,0.8667274936191812,-0.9560974774068922,-0.8673052070650845,0.43524065209506013,-0.9690881022333403,-0.942740170120401,0.9485856043720274,-0.9934257093723483,-0.9410761034456351,-0.9632990453970462,0.8547428130295589,-0.9742709330216759,0.9816774271872075,-0.8625122505146752,0.9735666192760207,0.9720004238137133,0.993916986299652,0.906562638337906,-0.8134426446108275,-0.9677158890545535,0.9668867863841778,0.9213853354570838,-0.9474143368666751,-0.9586741013469428,-0.9614817455993222,-0.9232527006448432,0.7230729720403073,0.9741250589386697,-0.043759408156500305,0.07233344713050423
-0.9925190600560336,-0.9914615551031374,0.9758720614839763,0.9984403670418686,0.958940115863739,0.9234802579471751,0.9393858522002388,0.9706366300642725,0.9895311543992885,-0.8042762087405804,0.971294113262199,0.8235142734252704,0.9161085201743197,0.983739102856798,0.9676909507363682,0.9999999969663865,0.6348842977906122,0.9737425319596984,-0.8105729785223205,-0.999613146698996,-0.9441216504512596,0.9284141165563834,-0.9893824399703677,-0.959589567464318,-0.8737767400622012,0.8547538916616125,-0.9173180894486234,0.40957290832335463,-0.843404496047869,-0.9422991026674349,-0.9214205032025097,0.9856182774810389,0.9666610085157732,0.418342853064595,0.8824813217384694,0.9922663527388135,0.9062047697074297,0.8351771174698233,-0.9003232735718004,0.9857154818218048,-0.971500455963542,-0.9978837787565813,-0.9692189574867018,-0.949662350767288,-0.9994298414092863,-0.8622251391024238,-0.8948891778614038,-0.9910176060900826,-0.8054452098988257,-0.9805344827705835,-0.9814613221737857,-0.9844740925388353,-0.991643728801077,0.9587292369963143,0.9318981609067577,-0.9913533363452706,-0.9961897790475995,0.980329046626606,-0.8635492268108238,0.9958423062904004,-0.9901675579700975,-0.9497244682364406,-0.994442606966572,-0.8933192369744984,-0.9820638488903769,-0.9724162769794987,-0.7922120888038376,-0.9151366811490537,0.9575123161244722,-0.9542460235712551,0.990693697357697,0.9717110794204322,0.995387386252745,0.9738650454419907,0.9799636926835535,0.9330190244978076,-0.9990311755123781,0.9985343717793487,-0.9126549218214958,0.9942228637363911,-0.9621723886849007,-0.8072446773619679,-0.8531243761461956,-0.802149847789287,0.9422042085527158,0.9822345906931035,0.9876489687173101,-0.9810736338215742,0.7995935199438176,0.9504337346600037,0.7919530952024223,0.9872822243684007,-0.910560827848618,0.9718918449559164,0.980042382200912,0.8710185008943718,0.8112750305200788,-0.9981959705905188,-0.7382355674617457,0.26108128671192804,-0.9832587253950246,-0.9861735256775997,0.9902331069327885,-0.9660468751777376,-0.9885435115058921,-0.9994374011171911,0.770752663637172,-0.93694726943836,0.9917532183318678,-0.9618598684511025,0.9854278677178839,0.9897423517987,0.9895189245480484,0.9836718253125971,-0.9274638916404214,-0.90366587312794,0.9524556026870784,0.987049222297579,-0.9032976585408554,-0.9715120829924069,-0.9659933825093018,-0.9150775642341125,0.861299010121287,0.997170814920253,0.13598767864409758,0.19306351180899203
