1.0000000014519999,-0.9788491748664077,-0.9832798418132679,-0.9712718148726824,-0.9721013950684009,0.9965775243060395,-0.9933494437416169,-0.9801119101990944,-0.989863986917259,-0.9822570561340997,-0.005491102254119124,-0.9567362229066083,0.9943329892109607,0.8806864979367989,0.8404754523638951,-0.8924108316913324,-0.9786924717369921,-0.9922881992063217,-0.0887499700611971,0.714363055328717,0.9764946331113671,-0.47586790721076117,0.8081750010188968,-0.9536037860929555,0.9753134553936362,0.961091428866274,-0.997717781304774,-0.9332872931682251,0.9062496541449695,-0.8819710355690284,-0.9251906979060616,-0.9792521152681837,0.824937846628951,0.8335184764837673,-0.7925048593454049,-0.9570678835445203,-0.9925533637871703,0.9944728823367355,0.9980169478014003,-0.9375638130988866,0.9484401338524697,0.983044016634116,0.9752079356823202,0.9796611697141032,0.9939605107310939,0.9510684059796448,0.9969359528665058,0.9351713079447161,-0.8954860422967467,0.1729174874736852,-0.7244008180590162,-0.9989855470378046,-0.9743701757491627,0.9258561799136448,-0.9331450927784818,-0.9929891123399428,0.44976045747725185,-0.9599563310529365,0.9891282962586287,0.9946950855947609,0.9859291775961964,0.9493510928410662,-0.8870717370520631,-0.022559895439984955,-0.9693075125300259,0.9924451207949605,-0.9914308065668311,-0.9792242652637816,-0.9838457141793483,-0.9854379708774624,0.9617980902703255,0.9945108291720448,0.9862255253403794,0.9413051847286384,0.9897438218953906,0.9821776373147325,0.48167487156544875,0.8881822978147013,0.9166641270272287,-0.9649679585318436,-0.9931273853710867,-0.9887797310444237,-0.9690902202277607,0.6309175545467329,-0.8472758203798464,0.6814710804147286,-0.8000897770154601,-0.9756035556459153,-0.9872897106418245,0.9650428091984836,0.9410946187883225,0.9501475958742063,-0.9857659511413901,0.8640077189742551,-0.9215515604914088,0.7333735280223045,-0.8719572883352933,-0.9437336543724807,-0.9908567928413857,-0.9849532316637287,0.9827491541579915,-0.9359106937730179,0.9865860914032789,0.9663706200301461,0.9670755407427496,0.26548752857303437,0.44298415189580104,0.9916761617289361,0.8439026293791928,0.9786664197664271,-0.7286305136397576,0.9970217475984106,-0.2466645496182158,0.8596105892388494,-0.9168668886379624,-0.949476862561024,0.06506444534800321,-0.9913648673360117,-0.8605193216596934,0.9862526263064445,-0.5874890807460315,0.9744894730924928,0.7116363027502569,0.8071461753367764,-0.9376631559989791,0.9736738262692425
-0.9788491748664077,1.0000000010074213,0.9426606698094953,0.9120379876330648,0.915524971108546,-0.9810392098613099,0.9854700399432963,0.9849939715795397,0.9804625205501949,0.9694010183085271,0.17740434163875632,0.8974139495347869,-0.971865476958296,-0.9215964886950659,-0.8816253385911187,0.7915017052812623,0.9678623848308023,0.9931104010003456,-0.09744285524303636,-0.8032644548885655,-0.9969396044409958,0.3249568848296683,-0.894225694127246,0.9945395878618859,-0.9904106396851422,-0.8981836713440633,0.9785676492300045,0.9593523581871712,-0.8630526105972396,0.9450079494635755,0.9245401153386235,0.9903476158986252,-0.7188036306196942,-0.7061782793109733,0.6913061712711684,0.9154117112724506,0.9951225321048891,-0.9546221788449972,-0.9786134034460431,0.8832012474621704,-0.9926115506063532,-0.9841000795499544,-0.9327035004571347,-0.9899904429213802,-0.9840242008132074,-0.9938789563380842,-0.9812312812844545,-0.9594219333924914,0.9576501617073233,-0.1146901602310637,0.6677590052314315,0.9735361475928285,0.9795646514626108,-0.9699947342186774,0.9530500977649052,0.9790966281812038,-0.28250614299610666,0.9043304462656536,-0.9390913673410995,-0.9666488913973845,-0.9413263942720879,-0.9736917000428025,0.8409050391878937,0.15670712530708883,0.9213942357521396,-0.9828611650408291,0.9708008860437148,0.940795089076395,0.9788506809207672,0.978954273335537,-0.9892231974978621,-0.9948179089524354,-0.9976789751064562,-0.9411221231889106,-0.9682130592497513,-0.9969922166154055,-0.6254997156116577,-0.8122726396047297,-0.9065743611111464,0.9546085262617515,0.9753908625559471,0.9621317994241307,0.9841011210912494,-0.5679658202909668,0.7669265064239557,-0.5578012663319915,0.7531490482867447,0.9696052468525718,0.991512250876366,-0.901478687872206,-0.9382540225660821,-0.9314939858036705,0.9756550642975782,-0.8192446892783161,0.9693645547423965,-0.7206772780875828,0.9246194250470308,0.87123850609448,0.9829151708297591,0.9939441240550921,-0.9755484021911656,0.8827012292110378,-0.9978461238907005,-0.9980979565593396,-0.9872842507683447,-0.13431528740172818,-0.5732048552375102,-0.9798662625109424,-0.9245730832202459,-0.9813572039839169,0.8045497993507733,-0.975967349951895,0.376661954042372,-0.7742531821402175,0.844814224324307,0.9618789513930096,0.12168675400844044,0.9768953573583421,0.9416805606494002,-0.9689655010361594,0.6902936095538513,-0.991878680867736,-0.8103587194431654,-0.875157145847775,0.9853717213458507,-0.9806716882725828
-0.9832798418132679,0.9426606698094953,1.0000000021120223,0.9931116115022449,0.9616164825471502,-0.9860714533405623,0.9713580115808699,0.9429128465931386,0.9798208539222412,0.9344707690217118,-0.15908502549559334,0.9930491263895143,-0.9624953029718829,-0.8061566539786207,-0.7327948866795679,0.9482381025262181,0.9318844872168831,0.9564225601796232,0.20503616843365544,-0.5819883113164757,-0.9305321411847551,0.6051482965380437,-0.7907342502473098,0.9039213106915266,-0.9255178895046628,-0.9821246686226317,0.9834115255028155,0.8891956339040671,-0.8464379531592007,0.7903691334648903,0.9547044547676966,0.9328136635061812,-0.8980984475006201,-0.8710801085754558,0.8831683865202392,0.9879679614318556,0.9607120792743163,-0.9828811072411192,-0.9847114178764362,0.912455125192738,-0.8954854612400852,-0.9408076220261775,-0.9881998021104442,-0.9580812916295824,-0.9711282261822215,-0.904338985620594,-0.9776496474207726,-0.8685076213436786,0.8131723311375619,-0.2067592232731477,0.7531536742211242,0.9830436602810205,0.9310287201120194,-0.8479419012707697,0.9013492309556238,0.9571557149594021,-0.5820473772103045,0.9943304730888597,-0.9875389794289896,-0.9717257778782583,-0.9969475249700004,-0.8775238137508352,0.858752331647457,-0.1300445912416346,0.9534335972809233,-0.987271122328004,0.9683360108545283,0.9558533749591478,0.9458286265086239,0.9784978805253395,-0.9215375019247606,-0.9665755427311483,-0.9484868317014171,-0.866350134423737,-0.9643370561309431,-0.9387323050297565,-0.33152853986579295,-0.9565099232973847,-0.950550339563016,0.9048805430469584,0.9574319323997512,0.9537714836702641,0.9394638710148812,-0.7574977308028686,0.9217190402440999,-0.6952262287718602,0.8787557002385149,0.9840285886745979,0.9547937545862135,-0.99194904695697,-0.8898490543720979,-0.8894920945387543,0.9396715828569692,-0.889236641159328,0.8531313338278921,-0.7211988062325999,0.7711803385027983,0.9794469674758352,0.9567275961396127,0.948047879993112,-0.9397031542353201,0.9739748782616823,-0.9484498790302062,-0.9283907378489131,-0.9095294477676938,-0.43445686714779325,-0.280543548070739,-0.9526227911532769,-0.7634751109362913,-0.9347319495209416,0.5962111974018076,-0.988386107089224,0.06921416003146903,-0.9047655335398171,0.9644647050308264,0.8877743850531585,-0.1376510635764581,0.9608184972923612,0.7783398704928808,-0.9609568940798808,0.4384669674415757,-0.9480298716654254,-0.5832022785562686,-0.7388784555141751,0.8746040273643708,-0.9181770092602842
-0.9712718148726824,0.9120379876330648,0.9931116115022449,1.0000000016190247,0.9589628653999935,-0.9665569285689095,0.9597366654859186,0.9114998400025265,0.9677002284304289,0.9210791566020073,-0.22636819202774155,0.9927543015490614,-0.9555674706417762,-0.7532266697310079,-0.7186088354676796,0.9687635902680432,0.9273223518393713,0.9378737909682662,0.30699637641850047,-0.5475499496062299,-0.8992086060785486,0.6309448876289437,-0.732857732985424,0.8671727909510971,-0.8950295640445352,-0.9965657612581705,0.965764913343264,0.8399821722608236,-0.8437534207172157,0.7519194523786186,0.9335910917079188,0.9150034222102247,-0.9061705322770166,-0.9017258911202874,0.9124150615869147,0.9714143359915413,0.9408332052394082,-0.9771382665539278,-0.9749962353138482,0.9041648396750439,-0.8565528791720366,-0.9291286691024361,-0.9731513948497134,-0.9384471165767589,-0.9607117755091583,-0.8628117237807954,-0.9681810667633209,-0.8290414442780352,0.7656896827452987,-0.1643455355263866,0.7164723025646484,0.9758116511025544,0.8995556569173349,-0.8165521536630349,0.8920140938013822,0.9415816762534224,-0.6472932191818049,0.9950559670631579,-0.9910127844294622,-0.9695164736825651,-0.9892023054867211,-0.8531911931357823,0.8920899504310915,-0.20855706320635065,0.9689086922184329,-0.9669543995907728,0.9656230453414705,0.9649474223603697,0.9381518193066715,0.9498915367680907,-0.8982314238323234,-0.9453510694033778,-0.9251124700931468,-0.8540584940952489,-0.9629363164065462,-0.9108274974415868,-0.26878280525862036,-0.9638593470993061,-0.939085838373272,0.8925218419179596,0.9454834193558634,0.9515003610695248,0.9228537218686127,-0.7537500241505691,0.9434460482796828,-0.7721346607468971,0.8888208987432149,0.9623673208980215,0.9388162602636504,-0.9994657781115284,-0.8938567641118419,-0.893179440868276,0.9281248241094682,-0.9164865734476573,0.8255763044720168,-0.7562349684545222,0.7411183183135774,0.979502308528839,0.9471109869704104,0.9182822879251749,-0.9176752139386967,0.9842346834801,-0.9242604184358629,-0.8909493510750812,-0.8787568134159506,-0.4741213203131812,-0.23234017535299312,-0.9414767617170253,-0.725545541622608,-0.9240998989110591,0.5688738745718239,-0.9788267991511909,0.023930390355888887,-0.896831546951536,0.9827840393615247,0.8792346443124606,-0.25004032683615757,0.9548874189076452,0.7316909704654829,-0.9592291696504519,0.406505158594961,-0.9255669026196146,-0.5432084905878902,-0.7205289974571762,0.8383548576198241,-0.9031924281691758
-0.9721013950684009,0.915524971108546,0.9616164825471502,0.9589628653999935,0.9999999985124371,-0.967139831789441,0.9408932226555331,0.9544355167210373,0.9323239160530967,0.9666453446544734,-0.09570640060764889,0.9490925471742898,-0.9719203328450414,-0.8626048725879464,-0.774226905371821,0.9236599150816031,0.9401927769272388,0.946622515430305,0.1789902899745674,-0.6202775589544697,-0.924426351606281,0.591386915097345,-0.6634638328187965,0.8737570566424977,-0.9364283477885607,-0.9431022337095454,0.9752893612572093,0.9089646780885433,-0.9530060414202765,0.8000300821255342,0.8418598055988297,0.9198955117653754,-0.8863901096508647,-0.9230446092647622,0.7891434221783091,0.9487558932838703,0.9424857986560041,-0.9907649156267581,-0.9590393386665611,0.9880693852851343,-0.869302505942962,-0.929063428727365,-0.9783146588619925,-0.9052627417994389,-0.9441261464052003,-0.8747989152083319,-0.9544466779186367,-0.9131342462952073,0.8248058644107709,-0.33910714968962447,0.8177244645729311,0.9701087572058071,0.9538221103710713,-0.8543525953838981,0.8304513051884825,0.9730883015106022,-0.5204411240769368,0.9434232076600203,-0.9810617196436396,-0.9674185440034416,-0.9790519802656545,-0.8987681272170913,0.8428096210681764,0.014659013394624233,0.9459901786029858,-0.9478046348185023,0.9495455710677487,0.9534144809746825,0.9312602245365587,0.953277203835245,-0.8751162579053977,-0.94868866688445,-0.9295678833695113,-0.9227983623404109,-0.9492140646548423,-0.9326345964388736,-0.36694663817499407,-0.8823338569263034,-0.8314428472800828,0.9538502040794152,0.9740219332604794,0.969133876010006,0.886116295208463,-0.6007115410865086,0.8211931706973452,-0.7048559297682251,0.7271518612261425,0.9166596161827417,0.9267672918740736,-0.9574001969041215,-0.8755459180159719,-0.926308936905872,0.9586313626192764,-0.7878166399522855,0.8269054284034005,-0.6169219018300487,0.8040237387035513,0.9659368379027234,0.9446685200421036,0.9461939639101508,-0.968598132943558,0.8942699010291923,-0.9323033727278185,-0.8969113927979148,-0.9249527671712724,-0.30075892292035905,-0.3424473858769273,-0.960971435603552,-0.7176949985115393,-0.9208748819785756,0.6466363748739253,-0.9575906898628461,0.174968206264491,-0.9278053860536389,0.8939628542509858,0.8841578862029078,-0.17366846343503003,0.9488108768676552,0.7506781284088752,-0.9374749509418276,0.48602082163307986,-0.8951333426714273,-0.6046691082291552,-0.6624787344002323,0.8548454402882185,-0.9254884304939978
0.9965775243060395,-0.9810392098613099,-0.9860714533405623,-0.9665569285689095,-0.967139831789441,0.9999999977880194,-0.9868976623774741,-0.9845979251425137,-0.986827826134213,-0.9718996349339195,-0.0005470347255580133,-0.9613407867311505,0.9835242472986107,0.8905772304133717,0.8120280028799505,-0.8905543225228337,-0.961298215077922,-0.9871236817708523,-0.055215565033627345,0.6921957156506685,0.9770688719228129,-0.49770367896793605,0.8309179497910507,-0.9555053300453356,0.974964880833787,0.9506935778194512,-0.9991640315450789,-0.9484624134648352,0.8889586430894496,-0.8736547501226177,-0.9383336779528353,-0.9699643898140301,0.8385065080273333,0.8230786751334348,-0.7930138258859704,-0.9713397515308847,-0.9891872069018003,0.9894975788025939,0.9933738823544546,-0.9338329510562887,0.9510036248436784,0.9709682546724216,0.9839724195433874,0.9777371025271354,0.9865822120645331,0.9572957841664574,0.9902726726117435,0.9374515315905628,-0.8965212381057115,0.21963735054201483,-0.7587494123188323,-0.9924375069144866,-0.9774966574628257,0.9168051062467252,-0.9199981579267966,-0.987173885461145,0.4429433595170899,-0.962817827114093,0.9803760867908153,0.9828365274732508,0.9885073492609133,0.938131721752604,-0.8488843958816531,-0.03365326576155099,-0.9475841105106692,0.9971018003748896,-0.9791114824001551,-0.9596237315839138,-0.970256190308384,-0.9960347193008416,0.9566374434718905,0.9933793501418412,0.9833054499039003,0.9226929118125875,0.9759583236333935,0.9812004997798365,0.4742504788894833,0.8969075356589328,0.9243152668410409,-0.9508116901675381,-0.9848926835061916,-0.9740571716543094,-0.9624338093597536,0.6636237924740339,-0.8469193644676294,0.6297557900009215,-0.8066750163502032,-0.9842932459044814,-0.9805132599937059,0.9615945481281652,0.9152974344729643,0.9241600561518238,-0.9739638892215464,0.8433296220646307,-0.9112703677476586,0.6954515537377345,-0.8561155697436447,-0.9496184318794338,-0.9799954900617567,-0.9876496048678701,0.9797443273625572,-0.9319976552010435,0.9842439678123511,0.9725009593768557,0.9646348086039241,0.28563031512335324,0.4230898699614676,0.9813324451390175,0.8361524880179467,0.965213555929404,-0.702129679788801,0.9935525478693176,-0.22322603854547657,0.8765917288138789,-0.9111711066264633,-0.9293867946397246,0.013293658467101543,-0.9791537126059346,-0.8590890493817386,0.9722960957984357,-0.5592802637686782,0.9729173924126597,0.6937149769394362,0.7884827505182327,-0.9354223700726643,0.9605507612076161
-0.9933494437416169,0.9854700399432963,0.9713580115808699,0.9597366654859186,0.9408932226555331,-0.9868976623774741,0.9999999989135719,0.9676442509542857,0.9973160519282469,0.9733859536554457,0.05121129196480613,0.938281157599886,-0.9891111935054823,-0.8625658744029091,-0.8673083319904673,0.8613676584552237,0.9847905257592474,0.9946285828386876,0.06729141889608413,-0.7526045548222626,-0.978546212958397,0.40231335168877463,-0.8452004429470118,0.9683178994926782,-0.9716264419837688,-0.9557390284158497,0.9857652638341171,0.9147454770186807,-0.8734003448824775,0.9039883752678499,0.9377995816317395,0.9904160612771535,-0.7726146945009401,-0.7808436267029889,0.7794483085911789,0.9331226312110117,0.996019266106416,-0.9776179945766847,-0.9974193939669513,0.8953381324322456,-0.9624527909403641,-0.9933466183232692,-0.9482250616054281,-0.9942808761486357,-0.9998820759417473,-0.9617117984290511,-0.9990240914338862,-0.9224140009203052,0.9067224834838526,-0.06479783145124804,0.6458620439762717,0.9946592104660291,0.9602369530320493,-0.9428462636875733,0.9683207851978766,0.9835873685015769,-0.41465092387452146,0.946573864464826,-0.9769213399854642,-0.9926126496616354,-0.9669674760104686,-0.9574459209237669,0.9104897268366084,0.015041423153081813,0.9718648092280217,-0.9894242273351954,0.9965488394752151,0.9812920571576722,0.9944777886305879,0.9731830226312052,-0.9839379024765286,-0.9947441668508257,-0.9924974747185586,-0.9387271427173334,-0.9950522251341466,-0.9838978582838093,-0.5254653658400039,-0.8688333038478051,-0.9336726382577518,0.9562274821476678,0.9847658055762526,0.9845727697054145,0.990503470588482,-0.616120318265919,0.8437819171471858,-0.6865553398753904,0.8156845479869729,0.9776884326836881,0.9977541342120921,-0.9508498100011654,-0.9654880116808351,-0.9545943945727419,0.9831265402512409,-0.894195812742567,0.950493265600376,-0.79428713750037,0.8917430350812802,0.9107645538559258,0.9968487700816129,0.9795843961279207,-0.9690201912557488,0.9388991045029217,-0.991385600256361,-0.9737894149897695,-0.9660902603649976,-0.23622531367520078,-0.48786753787586756,-0.9899341087829631,-0.8875158873374743,-0.9916099699044549,0.7634153783669783,-0.9961036818366318,0.2838249191238278,-0.800603582727578,0.9127637061072142,0.9699580906682645,-0.04490685525478245,0.9965267232943491,0.8923474465591391,-0.995614457510119,0.6349641514941682,-0.9912070981740171,-0.7536202670801103,-0.8669311240900016,0.9561575532918216,-0.9816930256589661
-0.9801119101990944,0.9849939715795397,0.9429128465931386,0.9114998400025265,0.9544355167210373,-0.9845979251425137,0.9676442509542857,1.0000000010889236,0.9578535442662928,0.9834252887058301,0.14890680282352953,0.9029797479555355,-0.975868408483663,-0.955938076002548,-0.8594020682215426,0.8135556143049555,0.9590244803810807,0.9855392767273443,-0.09083077221602123,-0.7704589513297465,-0.9919266686320392,0.39754201528020605,-0.8261241083958165,0.9706969427401545,-0.9955761810324049,-0.8890056093829708,0.9869410969235065,0.9849811164477853,-0.9199660240797076,0.9229483655849481,0.8822662229803012,0.972360446567907,-0.768777404441193,-0.7690298122482766,0.6770244320272745,0.929764832540488,0.9844880995861064,-0.9708987868680424,-0.9696334503759432,0.9436078681197554,-0.9707134855468424,-0.9666860236202489,-0.9569845566517817,-0.9590985855944041,-0.9676771481686604,-0.9751456354764594,-0.969862137935387,-0.9834967601302587,0.9487319146207479,-0.2676187505303583,0.7693026576996698,0.9713548620554473,0.9990585994939901,-0.951763036376037,0.8945688736924869,0.9900901664590092,-0.29787255471679863,0.9025950127281077,-0.9460065152486146,-0.9635244953222244,-0.9541488995658958,-0.9678390321969714,0.8039734395687728,0.2066072447808161,0.9107606062375316,-0.9744335416244948,0.9564725441708571,0.932471353116998,0.9600038844404469,0.9848522326353476,-0.9520360737138146,-0.9879353105102369,-0.9841934568733198,-0.9539825931894533,-0.9544043287229125,-0.9919681862757525,-0.5899199193896265,-0.8113115525847305,-0.8570692119247713,0.9723792730687107,0.9850257324596056,0.9659554547985203,0.9453771508221002,-0.5450913364969904,0.7411591585654249,-0.5434311579944668,0.6959593266652879,0.9492914050476039,0.9705455193191987,-0.9037264468784251,-0.9033845124231019,-0.9304005280967479,0.979561548870994,-0.7556964380777522,0.9300490709816416,-0.6225863858183147,0.9095986425170886,0.8998393218909145,0.9699066164936538,0.9978594488960314,-0.9950158833621744,0.855440237359552,-0.9867031060160559,-0.9819592392460283,-0.9906067363913796,-0.12994150085851358,-0.5412927750391825,-0.9802470217912436,-0.8660362836009826,-0.9604685758546151,0.7775700894973123,-0.9661333047555469,0.3640537131580751,-0.8411311798692834,0.8267379923968401,0.9350343759202538,0.10299139043414658,0.9644295323859372,0.9011032435634947,-0.9488139145778632,0.6498608512747952,-0.9589820338328271,-0.7701097876598586,-0.7899201353200279,0.9598328652365906,-0.9705848228039915
-0.989863986917259,0.9804625205501949,0.9798208539222412,0.9677002284304289,0.9323239160530967,-0.986827826134213,0.9973160519282469,0.9578535442662928,1.0000000045164434,0.9563581803239907,0.005243908595811035,0.9521648169564426,-0.9784950830202834,-0.8395176337553484,-0.8329453400798553,0.8762759175430693,0.9699546134410846,0.9863859541066068,0.09178668917116917,-0.7140780618623725,-0.9684242532872122,0.43625773449665983,-0.8603044725248499,0.9606167666682883,-0.958344309810065,-0.9632916484944383,0.9831704655455802,0.9039840000728732,-0.8432348423700546,0.8802788644600642,0.9601755251143189,0.9795688413632221,-0.7921639997176501,-0.7806738978792537,0.811444355807952,0.9466316961072204,0.990023482167637,-0.9726472898832574,-0.9963611076635733,0.8789519932997363,-0.953610148527392,-0.9828797144294282,-0.9531340317458067,-0.9952114374281407,-0.9964315166322704,-0.9552494166243866,-0.9959987862970555,-0.9014664876596851,0.8862564009590693,-0.06257789133139022,0.6488887050935755,0.9911046664389113,0.9474295805614483,-0.9225047184035846,0.9675784615120842,0.9719935057826822,-0.4510554080846277,0.9606367289114175,-0.9754674111390892,-0.9855829946617616,-0.9715109175715781,-0.9362609503745122,0.8998418505578023,-0.036130199820760676,0.9653718180284871,-0.9933494581298665,0.9912588642432228,0.9727831038809122,0.9850947388199319,0.9757994092895095,-0.9793616530891659,-0.9899221550496883,-0.9853274788073089,-0.9112706557732494,-0.9885562060129516,-0.9741076647742498,-0.4856396489124117,-0.8944407506870417,-0.9570116746488829,0.9337324143267657,0.9727568146819704,0.9719041694652669,0.9889792440762463,-0.6691131145771625,0.8727729743220013,-0.6802715639544148,0.8531719842449632,0.9888378265179041,0.9923438645855192,-0.9602027559755549,-0.9512769237422825,-0.9317452858982778,0.9679367017738845,-0.9091201044780046,0.936250880019987,-0.7986139281666759,0.8618999774862992,0.9208547848386424,0.9884313090094946,0.9712835773577859,-0.9545816888241928,0.9564434756060057,-0.9838609092698727,-0.9695258814975157,-0.9501762483334252,-0.29421035447084404,-0.4400607832247841,-0.9778950765686413,-0.8734647135654011,-0.980823169929354,0.722682419160514,-0.996926431908191,0.22665766903740664,-0.8099117045318467,0.9310404991530503,0.9528806950872417,-0.04894172839693603,0.98870963111693,0.8765423633585299,-0.9901792831628898,0.5906728078975544,-0.9911005640768599,-0.7187544209553681,-0.8578933143208459,0.943503386336195,-0.9656634662346856
-0.9822570561340997,0.9694010183085271,0.9344707690217118,0.9210791566020073,0.9666453446544734,-0.9718996349339195,0.9733859536554457,0.9834252887058301,0.9563581803239907,1.0000000047072926,0.1365808533285804,0.8935453399471264,-0.9938487708561189,-0.9256307661751665,-0.9061495113710393,0.8242137756822114,0.9887064403710694,0.988172254614979,0.0017224994316863914,-0.7985709053654211,-0.9804402280855374,0.3709851182291796,-0.7576368861850105,0.9529529613402576,-0.9873105924926756,-0.9104741103340419,0.9791022784137041,0.9444678669558545,-0.9579890246088105,0.9245766746144551,0.8451087587754439,0.9818349291527888,-0.7500169207461965,-0.8038480787964871,0.6812807601712474,0.898484438629701,0.9829518257437088,-0.9795336724821115,-0.9734989307328195,0.9545682441378377,-0.9513506291440573,-0.9832237924481518,-0.9378147200253734,-0.9524446755187856,-0.9756955449995017,-0.9484519466689924,-0.9773689604595923,-0.970094341465941,0.9315950618682927,-0.1850027177884954,0.7049861318963303,0.9803567741428062,0.9856132948632245,-0.9571244893442291,0.9089008220839131,0.9970166003391479,-0.3299544367820779,0.8958846432450454,-0.9632481187976455,-0.9839362326910226,-0.9473956489869567,-0.9807310535854417,0.8804483437146808,0.17000875888108877,0.9539705970104798,-0.9577106060390609,0.9762801520909322,0.9701516918686508,0.9803511739758167,0.9562558279469582,-0.9498310027090429,-0.9822114695481076,-0.9805162428519077,-0.9865530760255367,-0.9774363081903724,-0.9843695301022511,-0.5821060838102732,-0.7953840373481802,-0.8321750389837568,0.9969770240782182,0.9974000250117641,0.9926701666222946,0.9476602088275617,-0.47799225547519414,0.7435649015386805,-0.6606169081083514,0.6781894102575472,0.9230813290911237,0.9753497786234239,-0.911399817534962,-0.9483680453132618,-0.9797249195437748,0.9981814044955216,-0.7938661534226971,0.9362678607140303,-0.6918337864823573,0.9287571264231631,0.8908495140233923,0.9852066350595287,0.983808102049995,-0.9958482644248968,0.8612257883092461,-0.9819814252697934,-0.9568573809369505,-0.9860506061635201,-0.10138133143477014,-0.5617658360693375,-0.9957558738964853,-0.8623713696884802,-0.9795097257334974,0.8165836147789118,-0.967696046037512,0.3946768722922256,-0.8134833939662314,0.8392591063885229,0.9666496909423559,-0.028745710643770267,0.9833783260236251,0.8851299415534936,-0.9713227840707017,0.6894364155808064,-0.9506494444690684,-0.7876984267730626,-0.8092724684515656,0.9499575845362083,-0.9891199548363444
-0.005491102254119124,0.17740434163875632,-0.15908502549559334,-0.22636819202774155,-0.09570640060764889,-0.0005470347255580133,0.05121129196480613,0.14890680282352953,0.005243908595811035,0.1365808533285804,0.9999999972140574,-0.27281054714919006,-0.053643524526097004,-0.37722497807088373,-0.46682107645865695,-0.4433532565057747,0.12985626150320143,0.12491785465011296,-0.8843425818393733,-0.6724295684162124,-0.21211082508270834,-0.8058777537906121,-0.26663005253471717,0.27194799105329265,-0.21458437302410924,0.236887630593213,0.005490078221463489,0.23248384851083695,-0.11191611283077463,0.47176764406966304,-0.11184467964781121,0.18370404025081508,0.5049649253472448,0.43737280886354474,-0.5754427133114761,-0.2040422451346733,0.1149227901576978,0.055910649255023114,0.005251436004181151,-0.03267138211080812,-0.29228489045372974,-0.14302752632220156,0.14237485907270925,-0.09338672932599415,-0.049104247847362774,-0.2690295948390064,-0.02374459661884278,-0.30266087477971476,0.44347577387041814,0.20893771297848962,-0.20447458147260636,-0.009948581882278158,0.17202392188603116,-0.37710832821242435,0.14228314633320743,0.09265324203017371,0.8819258678781176,-0.25923902974884894,0.12030613496916656,-0.006262537032728633,0.14574670260107306,-0.30870135693313444,-0.037936399100634316,0.8893378605269195,-0.07367147781573692,0.0060554610253042845,0.022159376725587477,-0.022249832969352318,0.11216350174534888,0.01365284502703656,-0.1991434685666744,-0.097251477477705,-0.15729564530847712,-0.2608057250875542,-0.027687605249372232,-0.18865100794087394,-0.8764519361690278,0.42731721595864486,0.15457470796798362,0.18581985875032198,0.08138853135751993,0.052987989207891745,0.12977179361170674,0.597726253020915,-0.46949816303580605,0.3785199390109368,-0.40673828601912715,-0.04671873982803526,0.11751082521885808,0.2538758688948583,-0.15580567079143107,-0.1581675010579379,0.1343578529204902,0.22400095749107465,0.3469459999634078,0.027044118790826223,0.477433605043885,-0.2971827288639244,0.09355769518138658,0.15464441346811145,-0.1379291987775677,-0.2751479627298158,-0.15901905630175642,-0.211173704464435,-0.25345783463824617,0.9170009818080084,-0.8824710404285478,-0.10489625689461582,-0.46715640968729066,-0.15171859457278639,0.640201131766903,0.02564550578531813,0.9385391511021709,0.34886131244633717,-0.3540197328484992,0.23474243006681358,0.7348933592392526,0.0643141148364705,0.48137734888911776,-0.036188956427870345,0.761719505975463,-0.12780580322084673,-0.6825912328555858,-0.3820398834183699,0.33412510895322656,-0.20612019439416604
-0.9567362229066083,0.8974139495347869,0.9930491263895143,0.9927543015490614,0.9490925471742898,-0.9613407867311505,0.938281157599886,0.9029797479555355,0.9521648169564426,0.8935453399471264,-0.27281054714919006,1.0000000037886343,-0.9297961267994804,-0.7453908528278289,-0.6538436151581837,0.9758094730811975,0.8893361424796994,0.9160049547539623,0.29634944156795373,-0.48371395921744254,-0.8818551253765743,0.6902850773369686,-0.7397958230006512,0.8482315252885541,-0.8770777985145511,-0.9818079498643727,0.9580977392100194,0.8434374314959215,-0.8117588102522326,0.712867939810703,0.9429541345150736,0.8849373619882792,-0.9382741903667161,-0.9006793554586815,0.9261014546212236,0.9892755947080466,0.9214834971914134,-0.963981772745412,-0.9586023658231353,0.8953070530823942,-0.8378868337835736,-0.8969665497001377,-0.9819662319364597,-0.9205554712813818,-0.9382198901698316,-0.8500049170474261,-0.947894879362159,-0.8128579689914995,0.7406876039197927,-0.2419715513516101,0.7688021956142621,0.9575582926649348,0.888741756926031,-0.7799607699512221,0.8561939393269196,0.9213395484911894,-0.6684681429658496,0.9989873058612025,-0.9747871005555591,-0.9436873887083775,-0.9891793918865331,-0.8169712538693086,0.8323182741882611,-0.2246979020793049,0.9329709248341135,-0.9628348417429697,0.937860918331095,0.9298875486921692,0.9050795410056779,0.9538243597569726,-0.8718435713502569,-0.9298275287705321,-0.9046054228509047,-0.8113468611641925,-0.9331005867577525,-0.8922812160151715,-0.2185818932644299,-0.982604374054455,-0.9424917115926503,0.8585791127963754,0.9224144996736574,0.9206832638928971,0.8969708465036466,-0.811375047150919,0.950653538766625,-0.7112009424282167,0.9010533840269978,0.9644241712662235,0.9142647550066391,-0.9951683582079033,-0.8425151291836287,-0.8436980094092073,0.8980673378937136,-0.8850878009003095,0.7871377535678676,-0.693779618487522,0.6925954149437891,0.9910423237172697,0.9186362353799097,0.9064058645316222,-0.9000606828152813,0.9784284237118124,-0.9045981754262481,-0.8802377083873548,-0.8565513835240766,-0.5323479781734346,-0.16625068465661338,-0.914146431628765,-0.685315653284514,-0.8896163322043735,0.5008533669013974,-0.9646935032567883,-0.04566129426037915,-0.9282630987698988,0.9784569963767376,0.8328109049551804,-0.21094163149410902,0.9257918724536692,0.7002299235776169,-0.9284518501173684,0.3321268110278315,-0.9067430133681462,-0.4840568741891888,-0.6678303101235196,0.811682247268856,-0.8678541934959483
0.9943329892109607,-0.971865476958296,-0.9624953029718829,-0.9555674706417762,-0.9719203328450414,0.9835242472986107,-0.9891111935054823,-0.975868408483663,-0.9784950830202834,-0.9938487708561189,-0.053643524526097004,-0.9297961267994804,0.9999999971016615,0.8869031771216749,0.8818927810633422,-0.8687134843755544,-0.9927720555620717,-0.9925283655260052,-0.08365678348934023,0.7577028068483839,0.9752941388492973,-0.42329110512877516,0.7722813557753975,-0.9498540744105395,0.9775657633732479,0.9494232529728198,-0.9881924907365103,-0.9239831936126283,0.9348076452405876,-0.900625341504596,-0.8861382689772503,-0.9848046235390813,0.7878236617638695,0.8295025242109612,-0.7525288398810916,-0.924602958589872,-0.9895927902439161,0.9909580769525715,0.990913718274801,-0.9442593341290686,0.9454319281613228,0.9898253514596533,0.9540002831397558,0.9696106932037648,0.9909857440139817,0.9434852877094421,0.9930001190945165,0.9434332751711778,-0.90505420654429,0.14271741323570006,-0.6912466491009083,-0.9953077264831662,-0.9738523696091026,0.9411103290199676,-0.932386928363872,-0.996534357807443,0.41308732052733615,-0.9339709051583521,0.9846545959970048,0.9976122067838656,0.9688310732255107,0.9662268407945483,-0.9109133902781327,-0.06467030478131804,-0.9779629546536736,0.9750309076304521,-0.993166001468564,-0.9884338786676874,-0.990485410988707,-0.9655978400156677,0.9593396091802603,0.9889936975407682,0.9842659204321683,0.9684180329618561,0.9935311926103201,0.9815104225828274,0.5201724963921097,0.8482604613929094,0.8801524722910226,-0.9842582948879537,-0.9985333297977337,-0.9988247457826884,-0.9644926816204843,0.5533640638848922,-0.8103409632293352,0.7109430580326487,-0.7518600614881861,-0.9491667360191539,-0.9860245757789501,0.9472536527132278,0.9604314591950647,0.9772973170824839,-0.9965682238919179,0.8533101616069387,-0.9320244485637263,0.745283982337176,-0.9010262201462044,-0.9194559203663671,-0.9947564037324533,-0.980466599415584,0.9873597253265934,-0.9112766959169541,0.9845830940737533,0.9564868980427704,0.9732552098271459,0.1942242581263052,0.49700332341837644,0.9985444468810376,0.8538978804433174,0.986686497114846,-0.7764226883686585,0.987417584259106,-0.31372242228998287,0.8297585232364973,-0.8926198343083626,-0.9679861785991093,0.09074367936642426,-0.9954639400962804,-0.8679694545228662,0.989261887012878,-0.6415647333480792,0.9653338751892165,0.7490608045749,0.8196146797348786,-0.9413982453609179,0.9864638374327978
0.8806864979367989,-0.9215964886950659,-0.8061566539786207,-0.7532266697310079,-0.8626048725879464,0.8905772304133717,-0.8625658744029091,-0.955938076002548,-0.8395176337553484,-0.9256307661751665,-0.37722497807088373,-0.7453908528278289,0.8869031771216749,1.0000000019543633,0.858149175094317,-0.628451834180824,-0.8760871203247944,-0.9089033116742433,0.342077939529823,0.8295438382075101,0.9450309485303755,-0.21892167556702594,0.7710655416223948,-0.9263963166428679,0.9574122827073265,0.7181265762814362,-0.8968607131854431,-0.9827965051800988,0.8951068930947432,-0.9318917793431601,-0.7342245017002129,-0.9006544300894807,0.608048549618005,0.6201804217581985,-0.4389729344910495,-0.8033609461955674,-0.903841100996621,0.8679534383749444,0.8582452741847374,-0.8902570273338241,0.9341978907215723,0.8828791249364074,0.8493872512038229,0.8580857831106005,0.8626488654146955,0.9374324392246532,0.8626962244378846,0.9895021785820625,-0.9661589615308375,0.3557003787490655,-0.7523195197748112,-0.8631707373613432,-0.9643921176700581,0.9348467361951123,-0.7802667100030526,-0.920342654204702,0.03578538479397657,-0.7408906904887193,0.8167949074249615,0.8557138301919203,0.8309945900258533,0.9400995172831347,-0.6501900979792876,-0.48122511985714994,-0.7723536309572618,0.8698327586987005,-0.8433244080064947,-0.8095510238267988,-0.8660354689934249,-0.9018776792119648,0.8725014767528002,0.9071640507377866,0.9129118364924892,0.9257962641214378,0.8423360825599073,0.9374935502739656,0.7315733903176219,0.6181452878203956,0.6893188310689762,-0.9296317361042024,-0.9096816014815471,-0.8747114716301583,-0.845098131569086,0.3308839008390039,-0.5145436006997984,0.3332562003287523,-0.46810804705395953,-0.8285361799608273,-0.8801927936064305,0.7421910473177022,0.803516138126209,0.85856232206737,-0.9113979179958932,0.5453966984496506,-0.8872897615070938,0.43557000941613677,-0.9220871712266422,-0.7575313766032298,-0.8771451671732954,-0.9442896608311288,0.946824379374204,-0.6662084483228049,0.9181710067670785,0.9300295902791552,0.9603215428472036,-0.12206830525220973,0.6834254764993307,0.9019172541265201,0.8472326948076083,0.8755121114865009,-0.8291047184522684,0.8496570078751704,-0.5540982592684293,0.7333452858565251,-0.6258015349831371,-0.8649667114242475,-0.3151454085773268,-0.8637198674186474,-0.9034705437439956,0.8338178508830216,-0.7341522849354177,0.8658350655333813,0.828525601246639,0.723488346004712,-0.9289525699572364,0.9093658722555612
0.8404754523638951,-0.8816253385911187,-0.7327948866795679,-0.7186088354676796,-0.774226905371821,0.8120280028799505,-0.8673083319904673,-0.8594020682215426,-0.8329453400798553,-0.9061495113710393,-0.46682107645865695,-0.6538436151581837,0.8818927810633422,0.858149175094317,0.9999999969388482,-0.5454981456516188,-0.9262700796639601,-0.893725405610931,0.20513585033135118,0.9665122357163949,0.8995743458700949,0.044486812672354416,0.7154255613435945,-0.9044440567695766,0.9018523873487968,0.7256331501247889,-0.8213914576611594,-0.820444939340136,0.8518290952056843,-0.9681977884697801,-0.6746500185892411,-0.9239571057369435,0.40747302614748193,0.5246873018472132,-0.3998741690493671,-0.6509457633589595,-0.8837123041580014,0.8125446283134937,0.8391873242680471,-0.7673687890997855,0.9067508419148607,0.9184800618113488,0.7109758933486874,0.860560650526525,0.8698815884979251,0.8858986723504184,0.8582118130417365,0.896955168369365,-0.9338746809532928,-0.12261540312227026,-0.38204333167368043,-0.8437201375792946,-0.8690757665990347,0.964682339083882,-0.8844548516174284,-0.8804544635624971,0.0028861716600075416,-0.6691216639297564,0.793313949303756,0.8654515973036234,0.7404166640559638,0.9599849015070768,-0.8494366541509328,-0.37006676681261597,-0.8432433736873305,0.8026350261671719,-0.8724239941044369,-0.8667901612635589,-0.9107463498207632,-0.784060004612076,0.9042014590755524,0.869568790689647,0.896003377093294,0.955413663472916,0.8783997094464411,0.8991458609048365,0.8147918713879827,0.5154121865807609,0.6679955496469702,-0.9261885587177241,-0.8839158244515122,-0.89030250768484,-0.8847301123511245,0.14807582250962545,-0.49608738701532046,0.5724131673014756,-0.46433055486522984,-0.758165103004751,-0.8930577237572236,0.6967192028514194,0.9376627677456464,0.9436163629139195,-0.9139298679246312,0.6911424144041671,-0.9539509210042957,0.7321520318476668,-0.9872797588196702,-0.6257659669488573,-0.8984937979688968,-0.8730719820724454,0.8816999565204707,-0.6676106042402487,0.894881140976051,0.8730098514033462,0.9195273822234014,-0.25450264424990976,0.8274167591192125,0.9011598254719682,0.9362485456698297,0.9237116050146628,-0.9781751086288735,0.8254347373717192,-0.7001549314565347,0.492070065822908,-0.6221155791111669,-0.9594245956786411,-0.09784413232144341,-0.8904908070668999,-0.933135083521664,0.8804632802111722,-0.9223979713656558,0.8705241857801813,0.9550682980227704,0.9077340071506279,-0.9330098760360942,0.9415256521844063
-0.8924108316913324,0.7915017052812623,0.9482381025262181,0.9687635902680432,0.9236599150816031,-0.8905543225228337,0.8613676584552237,0.8135556143049555,0.8762759175430693,0.8242137756822114,-0.4433532565057747,0.9758094730811975,-0.8687134843755544,-0.628451834180824,-0.5454981456516188,0.9999999988050665,0.8189091882786917,0.8306487579037605,0.4793920535462436,-0.3374632820157482,-0.7774525410519881,0.796902850393382,-0.5788845076525078,0.724694435335753,-0.7785528377040589,-0.9631165033090242,0.8913015239685378,0.7354190048838642,-0.7815876268572002,0.5755677908689696,0.8603562019107636,0.7909806154737405,-0.9714272023271943,-0.9589306875019463,0.957605547831488,0.9460463102985471,0.83394792086411,-0.9193829783115078,-0.8926276355384131,0.8710843380683324,-0.7115288136747587,-0.8131532711329157,-0.9393451359071672,-0.8255583119902208,-0.8635067565304589,-0.7241848790227413,-0.8786543408005345,-0.7088184222732369,0.6017584863594514,-0.28076198809894054,0.7593500549959221,0.8980454626839608,0.7998922641476007,-0.6578440397856055,0.756952954768293,0.8511753150245204,-0.7970596173586241,0.9709560179684568,-0.9411399129789617,-0.888069274262452,-0.9485087620346301,-0.7132091255996442,0.8077259021530561,-0.35990243209376005,0.9007934265191361,-0.8859131435232316,0.8749258388221669,0.8871501099595422,0.8274219488963184,0.8737752737515659,-0.7618717596950951,-0.8440628678340374,-0.8086520259308408,-0.7344905952552749,-0.8714900523304212,-0.7932493590997327,-0.03515700918624459,-0.9797476335350898,-0.8707637528584081,0.7890831362539524,0.8564494029241075,0.8649351617678707,0.7988868937933645,-0.8126785781028473,0.9566276038203118,-0.7841714521708455,0.8757690311091723,0.8842877086539601,0.8258605891712277,-0.9758485687232936,-0.7681721726400271,-0.7852984717527192,0.825674966355783,-0.8570202597552485,0.6613349533599996,-0.6473448040836421,0.5680350356567715,0.9814693896966636,0.8429650900694845,0.8124912197376577,-0.8238937661038441,0.9505446287031525,-0.8087698305753891,-0.7641676254858452,-0.7540078412675448,-0.6354595467181532,-0.0020390799635504036,-0.8425484299282298,-0.5326112512383206,-0.8047103392824284,0.36720618376081804,-0.9001937203673528,-0.19153060978412054,-0.9377642913587388,0.9714687248388432,0.7418522851175487,-0.40032813044736476,0.8568037713040513,0.5449912576126765,-0.8627787171315758,0.18390774961018172,-0.8050774247831007,-0.327305487857171,-0.5320155879079129,0.6835297574279389,-0.7793862523936618
