1.0000000012725476,0.6618739226684247,-0.9137595340626644,-0.8819484914085284,0.010648670388921304,-0.9841272745655373,-0.8482345271919148,-0.6336537061771934,-0.8957905650818863,-0.9810161589659568,-0.517947011591535,-0.9371333369201444,0.8573156939244758,0.6754829980600227,-0.7636934883503822,0.7909723546790149,0.8867924645929476,0.9140648205178364,0.9490176858215185,-0.42217725992232874,0.7777918524733752,-0.9766522889496687,0.6310552111784361,-0.2889557608673244,-0.9201607700903127,-0.7943456512924806,0.9116059004860326,-0.4152286353336662,0.7973377106216314,-0.9134437444321546,0.5474308146080042,-0.555218156698471,-0.9446799755110309,-0.9787678463288743,0.5765728697182891,0.8994479762469776,0.955459655912447,0.9065660643180684,0.9497610673832947,0.8917556081909896,0.8288826030726829,-0.8879314708116259,-0.9042077846269372,-0.8689110847275211,0.7859668082974506,-0.9230703196457033,-0.3381497957305455,-0.8299098553281679,0.31863815401378465,-0.9142159530033374,-0.769206569512293,0.5114248259110318,0.8152014525753897,-0.9607348814757735,0.9726415743667521,0.9811020879968049,-0.9222076868593888,0.9126539115925316,0.9394910503251012,0.9745250536631916,0.8453105449435842,-0.18233190736645946,0.8154210020568283,0.13221689407154322,-0.9149465262570974,0.04683900270223489,-0.9415640119038171,-0.5581724489954908,0.9670332727054134,-0.41932728337624264,0.1707066779408104,0.9834556082939626,0.9393574753779439,0.363983987488219,0.6845112354478055,-0.5730876817692429,-0.4870888757488423,0.25557809871086157,-0.6563036215245772,0.8296696954905602,0.7413304064601731,0.7714623250886582,0.4180098694079798,0.5698301648284895,0.9390189256915725,-0.8874604759361081,0.8401623060152349,-0.6812842996153681,-0.7924905930356513,-0.8306108837265364,0.8878561012539569,0.3355801592233318,0.8967619859672088,0.9416135814652458,0.12457537764021887,-0.9577427481437871,0.9691486175894677,0.7867724267467785,0.34143876877637347,-0.4092264830501757,-0.9872696851705491,0.16904995614600218,-0.9008362792268834,-0.9466807743411968,-0.884754911879254,0.8869078671334153,0.7753967386448927,-0.9664975671592569,0.8886494140469571,-0.04315486831408946,-0.8870098554729754,0.6982813078242136,0.6721669375765701,0.2541220184329451,-0.28418859112433315,-0.9757004319113302,0.3473658658764541,-0.7216476769600837,-0.8348743871648929,-0.6305242925602168,-0.8159075295055674,-0.8451748791818876,-0.8686160556544273,0.7305151462208256,0.8951443104812679,-0.33902128964064127
0.6618739226684247,0.999999997314738,-0.5169952980893076,-0.9186304792962191,0.677551131161112,-0.5848699673352653,-0.762681915267957,-0.8712178394095188,-0.9064166605593993,-0.734536966415461,-0.9539767346782491,-0.38111783345710504,0.6362218738549412,0.6915331785772799,-0.17061599544579806,0.9170243666636664,0.9042716603683176,0.892776189982144,0.5902251125280272,0.12723135257324727,0.9088577164691458,-0.705995429097814,0.49285217092422506,-0.34536480581874285,-0.7250922000765514,-0.9235380268535456,0.8917334484068172,-0.05146663602448215,0.43917603669754046,-0.8848563697792787,0.855536528804602,-0.6625114359922953,-0.6619652427915653,-0.7925906682570901,0.5337973634075257,0.7799219103321842,0.6777745631285029,0.8843160913625354,0.7229581918597856,0.4462523966012544,0.5440152963140942,-0.8885468687735515,-0.9027272769222038,-0.7576185659901782,0.39101636135406576,-0.8973702459650239,-0.8161945285330383,-0.9539353615134106,-0.24773249624107868,-0.86686253831488,-0.706107694631587,0.603960891981522,0.15060245718256496,-0.6864325051860587,0.7661606433939088,0.7467232399652816,-0.7578930621048583,0.6939726579023454,0.5341811812649478,0.8077990209355724,0.6577326823460006,-0.3057783257126976,0.794886023317116,-0.10955901004856888,-0.7425626050708841,-0.30678169912142056,-0.6572368974310562,-0.8725674316010589,0.7965730863887621,-0.8905692683005376,0.5362745419794268,0.7754199683326322,0.8141434341760982,0.34036290715280787,0.7888583798137544,-0.9823429140045763,-0.9711484602848088,0.6897931664653967,-0.9798034115798433,0.850347331401278,0.866060069533648,0.8497437406986378,0.9002819905127327,0.9402055592727779,0.8252441714863742,-0.8444802465540581,0.8537981788641014,-0.8781874431655131,-0.7932837792049608,-0.8888127581469497,0.8978877272724053,-0.032080656528842254,0.6089007333360003,0.5472892888453181,0.5461751219444377,-0.6338472196648,0.7084486854023597,0.9748387783469972,0.7119203725363838,-0.7494377165916015,-0.5504036489362362,0.6011189548369369,-0.8948670819899147,-0.6537513053608252,-0.9212128694459623,0.9163389465740478,0.695544832903971,-0.8229186656400799,0.874935936520676,0.053787166354498046,-0.6400739824074261,0.922236773257304,0.9185528555879411,0.05804557586832443,0.30987266457859536,-0.787022217421576,0.8111760976756982,-0.6317736939998777,-0.9354689719403726,-0.9341081983946048,-0.9384862125431006,-0.9100860039992481,-0.9204623335025908,0.7734453737502144,0.9095496951316532,-0.7510252837685172
-0.9137595340626644,-0.5169952980893076,1.000000001797488,0.7777942661892088,-0.025466023712316967,0.8978296232985722,0.6300278139787866,0.5640572671302116,0.7368132173507542,0.9305388101688836,0.46423702028763786,0.9484350966608854,-0.9696355174487448,-0.342452729954245,0.9287731268500391,-0.7561653690538789,-0.8093618037187932,-0.8245837466508216,-0.9592665954145883,0.21567518535393287,-0.728679442478824,0.8467550672741636,-0.766066671078107,0.500198363322962,0.9154924943501702,0.6669274159822457,-0.7320056281647103,0.7304046127468246,-0.6026940533738464,0.7382168311104681,-0.22360838743367012,0.5070360767650772,0.9655871283368168,0.8586012697218797,-0.2461203405239475,-0.8904230597314968,-0.9413996352296033,-0.7832459706413857,-0.7789017377548061,-0.9605932163583377,-0.6077826522726397,0.7756287045166359,0.8116341665323407,0.7058730140437839,-0.8772869735411287,0.7865345641021857,0.019042094983865516,0.6651675661745713,-0.14711023719294805,0.7679666138970174,0.8906747182440451,-0.49576354429881664,-0.7772200401851243,0.8910539391190166,-0.872979708610783,-0.8524220072865804,0.8981954704765474,-0.9696674792144631,-0.9970376685709542,-0.847908539777156,-0.9218899438208383,0.35113141918295804,-0.5264043369976082,-0.5209628907994585,0.6746692506855146,-0.4403483374545867,0.734035317549281,0.3678130139078898,-0.9141921448950483,0.3584040727682203,-0.3005890714599534,-0.8660451263363066,-0.839670729680317,-0.1502932850958078,-0.6342066894375257,0.4889468750623534,0.33334353673065753,-0.09123136784690254,0.4672606564266152,-0.7564588015235668,-0.4717090734884968,-0.8059913711900748,-0.22014884785689864,-0.4803486965965698,-0.9054512002760029,0.7429899215558653,-0.851902486664237,0.6767207460427163,0.8615203678641504,0.7986318190796088,-0.7799719847974536,-0.6510179084466944,-0.9605162438536698,-0.9891712166338489,-0.29488888939265057,0.9151464591821203,-0.8151350377571993,-0.6381601415463065,-0.15539955189924962,0.47008979305960913,0.9403142087275477,-0.2241104086286911,0.825471108637241,0.9853049282110278,0.717271371012128,-0.7381390622888031,-0.824292198043436,0.863760044386717,-0.7929716304997211,0.3667371934719499,0.9639149256038937,-0.43174589408533903,-0.5263323176507552,-0.5181693223945294,0.28248578375391853,0.8705733733572926,-0.16023066732446875,0.3967419273957038,0.6408272664328973,0.4168634305463525,0.6099421700436518,0.6344174586521796,0.7171966667338254,-0.7592067054430093,-0.7300947603430334,0.24766574479030257
-0.8819484914085284,-0.9186304792962191,0.7777942661892088,0.999999997842531,-0.4723613267059474,0.8058205656364493,0.8018713337427075,0.9003948033560596,0.9887001656428056,0.9371368650634718,0.8530361924275156,0.6908233227574752,-0.8271244675093167,-0.6680111895205266,0.5135092697386648,-0.9744155073697459,-0.9977446569234074,-0.9963680037450522,-0.798314874545375,0.036724663663501425,-0.9714741025712679,0.9151526582049305,-0.7114366088564515,0.47768289949716897,0.9323587432740321,0.9785716456019075,-0.9644245180166628,0.3220349450932199,-0.5637316678841081,0.9760595393504116,-0.7358378156472133,0.771718944694576,0.8952039461112193,0.9555772185406325,-0.6176669116403914,-0.9544495838974777,-0.91106313982106,-0.9941836675933587,-0.8527385015610971,-0.6848835828895175,-0.6489141180347955,0.9946862563955619,0.9980753101139456,0.8104855904142906,-0.7032932292996998,0.9871113864669063,0.6279765967072891,0.9844418556711051,0.09050143515007851,0.9315312038291937,0.8517798385195104,-0.7246563416625411,-0.4488633685420698,0.844767871378853,-0.908733354317749,-0.9018971262361555,0.9500138110111886,-0.8916054384430916,-0.7998125304747954,-0.9584970924803115,-0.8711968795722868,0.41163181208689276,-0.8547555084026073,-0.07321937694886226,0.8655069710320898,0.1179575771471679,0.8147768728950608,0.8447871198549323,-0.9597985276211668,0.7943172402305139,-0.5184440621112613,-0.9481984834951415,-0.975797345600181,-0.24198172408309876,-0.737990123358381,0.8699917725469684,0.830170723309225,-0.6153585250095196,0.9179944829650694,-0.9690407596751908,-0.8865800314354834,-0.9356431625957017,-0.7744897593810718,-0.8881451320140533,-0.969613329712921,0.9724196428004017,-0.960296934214563,0.9210936237248696,0.9118335747545551,0.9796638532940505,-0.997508344924049,-0.24778666431661037,-0.8563353660629163,-0.8193862496211795,-0.4843768790852904,0.8877798450909756,-0.8617752721841022,-0.9787743850084307,-0.6664529386125866,0.739352254456796,0.8051329823570026,-0.5510163194771382,0.9964512645267588,0.8702207070447083,0.962818389208732,-0.9932413307397705,-0.877091529094237,0.9528604365417633,-0.9921466107900596,0.11820435404376325,0.865518231023261,-0.8859718500619211,-0.9254306673814305,-0.2918528600059062,-0.14747858478071169,0.9601509413828698,-0.7103787369411773,0.6563968414199679,0.9721111502170057,0.8916962207239986,0.9627189751284705,0.9610130269201329,0.9919556415746491,-0.8990370049976621,-0.9860511853194438,0.7013523345194564
0.010648670388921304,0.677551131161112,-0.025466023712316967,-0.4723613267059474,0.9999999993061401,0.1268378716076682,-0.045632190705303916,-0.7395274096298889,-0.3977687843314774,-0.18184055990055564,-0.846396595326453,0.23630406837687679,0.2444820125690712,0.02675100870836161,0.22342285040140725,0.6174116543482994,0.4709667893392395,0.4115722978404324,-0.03692796900333881,0.7983938397509778,0.6311886091845115,-0.1093737417803868,0.44013510600206845,-0.604715454385729,-0.30891797210601585,-0.580940132461762,0.30344861794290273,-0.07992842042094418,-0.36004755910797304,-0.3301527926174556,0.41434481781771465,-0.62748487969027,-0.19382264834445706,-0.19198832145982656,0.12363059628467435,0.3912392733044694,0.19338655644620123,0.40800022261023633,-0.005328957376658439,-0.14789984866497763,-0.24671400628558077,-0.4492452532667364,-0.4319252327210336,-0.04976507711713674,0.11771191571394322,-0.35194828124583216,-0.572861386069067,-0.5058759848992367,-0.8656387182477284,-0.23846795102344656,-0.46673905563670737,0.6234829653460259,-0.5576031386562826,-0.002358530763391895,0.10588087912399322,0.06407939317956304,-0.33367727910350065,0.25776794131819764,0.013034577832381891,0.20215812207282938,0.3534846763020055,-0.6433891478346832,0.19942463153352188,0.09551574885250039,-0.06020752263069047,-0.15905718813890551,0.08469928514221117,-0.7037622466299086,0.25226312481476293,-0.9050957968730168,0.8676807277471649,0.16918605832885308,0.32134891743791216,-0.273283381778109,0.2784178243369298,-0.7627578255516818,-0.8078173045335918,0.7862031024077499,-0.6712863807045916,0.5235057248610226,0.4155517546636283,0.6026491486922606,0.8021400333635682,0.8157666394724968,0.33349814548253015,-0.3906375597536218,0.5176644418419992,-0.72235201393438,-0.5285293791876927,-0.5583740732554318,0.4565282438671742,0.07138082040655089,0.22064130741575438,0.04896448320634451,0.8921492671863325,-0.12855330204525214,-0.012374753642941392,0.5797049801175119,0.7281482478346695,-0.8667117444770278,0.11302931598105768,0.9068512177966905,-0.4429779742952645,-0.1396844519905837,-0.3523973182763651,0.4284882813834392,0.4855664596439349,-0.21220177029416937,0.45082071899131976,-0.33847204746254417,-0.26211391476044366,0.4905203465323603,0.6851559791112263,0.2982064413691752,0.8530604584402348,-0.21581738217817523,0.8052551009093957,0.07783628844322577,-0.4576278311007867,-0.6555558485253453,-0.4667649391535209,-0.4082432786331094,-0.45914608124450257,0.6043131551840879,0.3897736225631741,-0.849029674300181
-0.9841272745655373,-0.5848699673352653,0.8978296232985722,0.8058205656364493,0.1268378716076682,1.0000000013340122,0.8726956634340706,0.4959564658827615,0.8282303965172945,0.9367297521774411,0.4106479795415847,0.9483989485763492,-0.8218670864811168,-0.6934573449482764,0.7652022398458094,-0.6945691722039488,-0.810721498500757,-0.8482674940873876,-0.9646359380964912,0.5433758004974425,-0.6708178231358569,0.9303617923235131,-0.5106294932778103,0.1473836901647716,0.8440271388058559,0.689873150174564,-0.8700947728891557,0.3681540371846321,-0.8769547055650211,0.8568307060040742,-0.505819717009014,0.39894417107087593,0.8917097422351925,0.9381093968620234,-0.5037768111672882,-0.816520901194031,-0.89677272168239,-0.83067602496888,-0.9615363922889468,-0.9241672181779713,-0.888948659712359,0.8037714522681515,0.8358408345812577,0.898868350642238,-0.7064515284118632,0.8707724693586069,0.26893378319004724,0.7533969136526188,-0.45483462149513315,0.9000227200169835,0.6935036369233674,-0.3516017125035018,-0.8876871727096882,0.9775836460793557,-0.9673233791031933,-0.9747563997002077,0.8441039898976108,-0.865778244107038,-0.9213779403118234,-0.9359001377965347,-0.7625099359614035,0.02369028334441002,-0.7728479035979409,-0.10816881811903083,0.8958578877055522,-0.07366147719378477,0.9502655968650127,0.42548466665121176,-0.9235368808530396,0.2819385960873637,-0.011227638512448422,-0.9444936276751043,-0.8668008018653375,-0.48244186638030234,-0.7124879792945107,0.49279161504123986,0.38620170302091933,-0.0961163903152019,0.5611393331884404,-0.7216234571236883,-0.660707620539314,-0.6756822156029347,-0.293587910815222,-0.44371866592822085,-0.8857295504390875,0.7999868400661673,-0.7582981119498271,0.5595191444257142,0.7076501838819933,0.7367810515253707,-0.806149603679189,-0.2764566194925602,-0.83279993568664,-0.9094754109310368,0.015484024265256493,0.8989438487847144,-0.9761801681520295,-0.7038740550378163,-0.18713258113933104,0.26019361497504156,0.9905648877567108,-0.0012344413680899675,0.8295834190497912,0.9196337225360504,0.846476131279514,-0.8155317747762747,-0.6625097249579395,0.9400072046754111,-0.8018159755211581,-0.05925049123042637,0.8256550517569877,-0.6240014235007117,-0.548623608597579,-0.14258245975953981,0.444872324822184,0.9265633563715383,-0.20305877473398828,0.7477300033400925,0.7618082744677503,0.5211962126097365,0.7423482178105283,0.7747966733034493,0.7897414216526474,-0.6077600987166657,-0.831255074988108,0.17578394452273333
-0.8482345271919148,-0.762681915267957,0.6300278139787866,0.8018713337427075,-0.045632190705303916,0.8726956634340706,0.9999999984405411,0.4949361470239228,0.8529409745516907,0.7922876054072476,0.5467536909025171,0.673076035403317,-0.6078584669138068,-0.929306947679725,0.36570255947624847,-0.6710671855176779,-0.7812798851425188,-0.8187651484123808,-0.8033921874344488,0.5311472351639714,-0.6438731777672914,0.8151793806576718,-0.21136214915987045,-0.12428274031956514,0.6579800727287256,0.7101191130190024,-0.9248533252481276,-0.06344472219460616,-0.914569365135793,0.8843251711043378,-0.8137800140149198,0.28848432562187104,0.6746339662067262,0.8709448417385331,-0.5834946488698002,-0.6646634770864992,-0.6949555150767716,-0.8063394169123264,-0.9701540319232722,-0.7034927723357222,-0.9562142358611829,0.7742572176478602,0.8152748419844815,0.988481697786691,-0.3496649512136723,0.8837564525264251,0.6258630533292735,0.829935123314461,-0.4312857311734351,0.9571828299255812,0.505094403012986,-0.208992651403935,-0.6600995289027661,0.9097214235576672,-0.924260699112338,-0.9318103616016689,0.6832424835013404,-0.6704939981978888,-0.6628691810470916,-0.8856184054095392,-0.5239376044780533,-0.21215425991732562,-0.8861271326465905,0.27399109923093007,0.9319029732293282,0.30629508588254817,0.9441530653125045,0.5401497802552088,-0.8226224691851622,0.3993477855791286,0.0719071608080795,-0.8662011193511446,-0.7780158892133149,-0.7559470084692149,-0.8490674577978713,0.6686226459315116,0.6132804550011175,-0.21953133488292723,0.7318693803625541,-0.6478769374452261,-0.7900351576327154,-0.5871360961727949,-0.5121163365829159,-0.5404660442334152,-0.7911525644376641,0.7606093282657993,-0.6673828094838669,0.5214829646081551,0.572219630321969,0.6789287566193533,-0.7825103075693333,0.17504538704126957,-0.5729633610319833,-0.6440441698363336,0.06623040128592084,0.6880821464242507,-0.9508367441386724,-0.7967653548869623,-0.296762449092463,0.22124598114489646,0.8037347259438391,0.014209060718010567,0.7928785303390538,0.721396229304009,0.9287801094973142,-0.8394289491052256,-0.4569835919361235,0.9047104761461952,-0.7514982080773502,-0.4313476137274443,0.5838996642421452,-0.8131865076829078,-0.6153734451579437,0.2574966991183856,0.3414504996353879,0.8381520839034018,-0.37756726420823555,0.932958912343656,0.8469338095859927,0.6757377689396551,0.845190843887915,0.8537684911683396,0.8170239911483596,-0.4666004049018955,-0.8663437680246675,0.24225245928598307
-0.6336537061771934,-0.8712178394095188,0.5640572671302116,0.9003948033560596,-0.7395274096298889,0.4959564658827615,0.4949361470239228,0.99999999641658,0.8654627334715523,0.753488688944314,0.9129148283020277,0.4151536937579707,-0.6658231638069957,-0.41716787626216867,0.3174098594309546,-0.9443565855810891,-0.898437350997472,-0.8679618993605177,-0.5013062729104254,-0.33461644632140386,-0.9674402731409996,0.7351113702281487,-0.7981598638234056,0.7054012463124687,0.8351989369399531,0.9613283329398495,-0.7805780113763481,0.32963764688072306,-0.16466071209588415,0.8249478880633132,-0.6397305503721205,0.9409810185434959,0.7453309323851169,0.7594927442146548,-0.5952406120624252,-0.8747267241717542,-0.7688611045780435,-0.8886019011859542,-0.5512917497394368,-0.3742212036603052,-0.2788316324442574,0.9119575954026814,0.8771759089722291,0.4887719434325238,-0.66505064389705,0.8251792588858861,0.6461533690060407,0.8949300657840799,0.461877746558622,0.6901457355809595,0.7972657615294103,-0.9163498788940485,-0.07902194883704972,0.534997358245525,-0.6394883974254224,-0.6324654021410236,0.8544758099457052,-0.7365950838427777,-0.5825121583650721,-0.7581773044953681,-0.8132752886961874,0.703199759776587,-0.6972967582710642,-0.1116852249389862,0.6362196856273964,0.1597554010387026,0.5234368053068461,0.9478074779835637,-0.7752279338919842,0.9466199850236677,-0.8034714014274126,-0.7480930746065698,-0.8586345087119895,0.12891937958850028,-0.4699079119887986,0.855106601229392,0.8793387451138212,-0.8612170285838274,0.9105113782607405,-0.9558535822124501,-0.8279445277294475,-0.9146524943009491,-0.893350902964132,-0.9749780660527945,-0.8128336509415536,0.8976291325384314,-0.8908295402285784,0.9763864412332462,0.8655637776578939,0.9353713801522073,-0.9092526198930055,-0.3050804404446543,-0.7462277620910837,-0.6310155629127147,-0.7400305939308461,0.7460169152782388,-0.5670021161383096,-0.9136764317193876,-0.8777872491390465,0.9300982187063946,0.5247209372342914,-0.8489082888399,0.883648765011383,0.6646784252781114,0.7779260772026665,-0.8804791173253167,-0.8992922940592116,0.7285278916610379,-0.9162494271333381,0.3440428946128232,0.7513906711510302,-0.822138946273553,-0.9797373054135712,-0.4774445041937939,-0.5541276790614416,0.7840300422358012,-0.8942930201579347,0.37922388958494724,0.873539743076691,0.922390418840026,0.8693978694564092,0.8544629341726349,0.8997683861470226,-0.9498260927996797,-0.8546532804689071,0.934626456944215
-0.8957905650818863,-0.9064166605593993,0.7368132173507542,0.9887001656428056,-0.3977687843314774,0.8282303965172945,0.8529409745516907,0.8654627334715523,0.9999999989632108,0.928423283940185,0.8028177317144306,0.692447483034287,-0.7623458526444661,-0.7602466271198519,0.46861377527859355,-0.9322917494832086,-0.9779956793349326,-0.9839948162327435,-0.7830790253194053,0.15089604441560506,-0.9339768330225465,0.9379739329304952,-0.6347344414576246,0.37000192353608885,0.9025039793308569,0.9696645098959504,-0.9873441853577375,0.2139191760531706,-0.6363869232844878,0.9968245386995006,-0.8005622075004805,0.7422508365974015,0.8641753577947319,0.9678444456379253,-0.7113504301024274,-0.9200894568957769,-0.8915933985882122,-0.9939625961350443,-0.8928023984399968,-0.6594291656291354,-0.7220157218022052,0.9886082857178177,0.985384094109588,0.8428416900298806,-0.6610906924120695,0.9932026928619558,0.683700440966754,0.9903915982544904,-0.018152053562278808,0.9465370426874561,0.770803343617714,-0.6861573704680577,-0.48861758053364257,0.8513784369038292,-0.918264712931641,-0.9241120232710168,0.9244106968811541,-0.8436342626204995,-0.7688358380944994,-0.9718279223373284,-0.8135297603043895,0.3174181921496093,-0.9225859175483472,0.057810480492498845,0.9257092835227321,0.23309361491731084,0.8735224474527697,0.8517982249247507,-0.9460951445429192,0.7458674520682164,-0.41817606035070665,-0.9612547355161288,-0.974483398899991,-0.31582207241056476,-0.7183013292644822,0.8329682588625495,0.8147683888733555,-0.6141807230361334,0.9222042205075827,-0.9475337898859151,-0.9350491858079856,-0.8729269348674343,-0.7768792782468663,-0.8529561460134422,-0.9443831819339896,0.9817773011592932,-0.9095517310553043,0.8646764301756252,0.8429468469382482,0.9407381086351849,-0.9891791739996538,-0.142617951000507,-0.8112188253932362,-0.7899423974499955,-0.3679689333372845,0.882755669381378,-0.8972620081370956,-0.9746934193215844,-0.6752730517315941,0.6566777694871379,0.815080755102732,-0.4721116712874714,0.9777021443588291,0.835490926704161,0.977876338155254,-0.9992399279612992,-0.8211814336854307,0.9566872563776899,-0.9809060137050619,-0.003367886431047037,0.8126518179764,-0.9272092091783284,-0.9173162920327761,-0.19044833046303544,-0.09576602998528491,0.9665314726290877,-0.712060855091966,0.7533020104664752,0.9909821441850956,0.9067996124003489,0.9849360630329875,0.9888954256815351,0.9972418358530489,-0.84127253199926,-0.9995936894785348,0.6709274671141066
-0.9810161589659568,-0.734536966415461,0.9305388101688836,0.9371368650634718,-0.18184055990055564,0.9367297521774411,0.7922876054072476,0.753488688944314,0.928423283940185,0.9999999997282902,0.6410613089008822,0.8988448186961872,-0.912132542645686,-0.5998286251727241,0.7623262835515785,-0.8850216204925477,-0.9469005432013308,-0.9606815936975166,-0.9306283006343373,0.23879066649646868,-0.8751909875421005,0.9732108825522281,-0.7499427162020961,0.4531254891157941,0.9760427584289854,0.869882971038979,-0.9187150034695594,0.5003264275116022,-0.6783758363180582,0.9306824902073816,-0.5427970898654684,0.675400567616559,0.982762513548997,0.9839489084886374,-0.5513232231736371,-0.9666662878114113,-0.9890537510806349,-0.9505921421090395,-0.9015939190935314,-0.8658978800923262,-0.7252622544940985,0.942311090000166,0.9536619848761496,0.8215240892902893,-0.8419815087744387,0.9482584564242093,0.36571112202098827,0.8778308490974278,-0.129300135260271,0.9090433875540934,0.8682036753596617,-0.6393689669983995,-0.707376860563612,0.9306591189950553,-0.957444770267651,-0.956037971722652,0.9779104808739555,-0.9625281477420945,-0.9500237221133345,-0.9787768474769203,-0.9253413114990761,0.35087559025602577,-0.7913801056839224,-0.22641865708485734,0.8739969418921028,-0.09327436743204061,0.8789312865158545,0.6494574689277088,-0.9931625063542088,0.561210610043683,-0.3570363926992974,-0.9858840610935157,-0.9766127521109685,-0.23904701805894224,-0.6868494743799916,0.6691668979888056,0.5842872805225058,-0.3753500291042025,0.7274626731525783,-0.9104361038324909,-0.761694924046829,-0.8771703896319797,-0.5166894696036248,-0.6900487551347484,-0.9822523425739941,0.9305600860294643,-0.925524468472146,0.8045566890478504,0.8918278069660561,0.917186291114336,-0.9428611533636303,-0.4256656969563739,-0.9511771601928058,-0.9600742176345142,-0.3137025096172345,0.9786924705808611,-0.9252436147413111,-0.8490940106337513,-0.447564244716387,0.5753215832808871,0.9542365062933872,-0.3488251082829044,0.9560758261440531,0.9712627410868802,0.8985273901712992,-0.9266012227264896,-0.8780759004251227,0.9714375911352365,-0.9475226337251325,0.18555090753077882,0.9475486583737154,-0.7253054269233323,-0.7649568068069963,-0.382281088499151,0.1190032869483543,0.990011721231422,-0.45754272678457286,0.6321061173686837,0.8703135246827788,0.7014231421847091,0.8504633903316484,0.8706968288297691,0.9145313561676242,-0.8470481946769173,-0.9241864172784144,0.4805356492721417
-0.517947011591535,-0.9539767346782491,0.46423702028763786,0.8530361924275156,-0.846396595326453,0.4106479795415847,0.5467536909025171,0.9129148283020277,0.8028177317144306,0.6410613089008822,0.9999999972435651,0.25469805171727594,-0.6299212580661823,-0.44608829670163946,0.14401291003684752,-0.9181904263672201,-0.850414371076398,-0.8188594834563453,-0.47053585780266277,-0.4113098765400783,-0.9136925486580312,0.5732891415811634,-0.5991346329284842,0.5526642518252499,0.6915726621892518,0.8851538218707898,-0.7514545205949268,0.1899128239963532,-0.17439181593499317,0.7593677838482192,-0.6972782683490959,0.7306174076612224,0.613170350718195,0.6648432109636848,-0.3752345159687293,-0.7568129685299954,-0.615746636674959,-0.8029291250195464,-0.5237476025044828,-0.3412051361325016,-0.2847429603754639,0.8231415143133645,0.8316686374572965,0.5610407323291877,-0.40890607535766094,0.7867990776418913,0.7147408210078287,0.868514291106314,0.5188020860897081,0.7173305638413474,0.7578958332793614,-0.6947231057337976,0.04981527869495654,0.529626770743878,-0.6169002954372154,-0.5812675781840971,0.7181005644924849,-0.6649141536865797,-0.46598787279451964,-0.676620227130848,-0.6783863398306027,0.5209221899240246,-0.6095279405684463,-0.07962380748435817,0.5422882602006716,0.15894724392167278,0.43951531882995815,0.8609923672141908,-0.707228001559776,0.9708865531335761,-0.7486745007709656,-0.6457710448271372,-0.7322520405815024,-0.09307862641052315,-0.6812889188360398,0.982461328703649,0.9671143572578634,-0.7506296155228657,0.9272067016023613,-0.8323265765710243,-0.7398976433378822,-0.8840718788990404,-0.9011717570167262,-0.9759007811834578,-0.7603430256912179,0.7631761696601612,-0.8539814081457979,0.9315505481324498,0.8285459248803008,0.8812209836735112,-0.8331314931470568,-0.12432922091315134,-0.5954884578345088,-0.48691309943286665,-0.7695715835198487,0.5545048989490753,-0.5179685413113696,-0.9111520483173166,-0.7453293101308044,0.8940468105962076,0.4044110640120641,-0.7875363769133723,0.8350363046130272,0.5902021554772113,0.7901759152008506,-0.8232270847561474,-0.7420071563466285,0.6952332379760393,-0.8192863803901266,0.18898570651642313,0.6344194472533864,-0.8022098945543653,-0.9064107716949188,-0.25305690238162365,-0.515666330493221,0.6744338838157491,-0.8404466891275008,0.37238872788730265,0.8303710957828083,0.8828004535580953,0.8309708170358764,0.7910501813733163,0.835724829599518,-0.8302510199310416,-0.7999598769175882,0.8426766852481848
-0.9371333369201444,-0.38111783345710504,0.9484350966608854,0.6908233227574752,0.23630406837687679,0.9483989485763492,0.673076035403317,0.4151536937579707,0.692447483034287,0.8988448186961872,0.25469805171727594,1.0000000035599845,-0.8455830004215558,-0.4470284678435117,0.92169944933331,-0.6053267980442435,-0.7116622745123176,-0.7451828982571088,-0.9397360560407202,0.48990463882404534,-0.5860711911367422,0.8742634165368642,-0.6241845398511338,0.29019065888352785,0.8427241836548095,0.5721362091701061,-0.7115876050006318,0.5946184124026531,-0.740954048446952,0.7164659755560087,-0.2318277081372713,0.4011655708400052,0.9064389798692728,0.8500286423404996,-0.37646065767675657,-0.7959216772440406,-0.9003642800953746,-0.7257223462534902,-0.8260546187192722,-0.9452128895850341,-0.7300146994310692,0.7050227574905741,0.7283565567066801,0.7207089212617467,-0.8351394443833453,0.7382998787247311,-0.007495226665030369,0.5930312936769773,-0.42228083799415583,0.7384698200451403,0.7139488775345959,-0.38089091623721133,-0.9226582239606234,0.890151229390857,-0.8629319070480731,-0.8692711947926997,0.8261642555819537,-0.8702671385777848,-0.9625553007627594,-0.8372902627932286,-0.8058134125378335,0.15840238661230066,-0.5896023591689676,-0.3398903235373935,0.748548480921107,-0.3137544308418899,0.8257965705393868,0.27948391146460344,-0.859034341882521,0.15285943783766318,-0.04767212141063041,-0.8629889054703614,-0.7993682119441309,-0.2499007665598045,-0.5284798046386163,0.3023956620612203,0.17500810681008153,0.013308684939986264,0.3636078526936037,-0.6605561177677329,-0.47841175580764284,-0.6314471336468985,-0.09846671735046413,-0.30726062385585357,-0.8211992842036023,0.7079983488418533,-0.7057830685399441,0.4956302711022586,0.6907253014442027,0.6645088039045585,-0.7034578163950378,-0.5272999052567622,-0.8823469474652647,-0.9554437224047017,-0.005207951515215606,0.9082525844230296,-0.8604026996151131,-0.5388776457284654,-0.07487235907772403,0.23490671458860185,0.9778405555104908,0.005864258682587016,0.7331762170429188,0.9207409419636372,0.673440832763121,-0.6816005722085057,-0.6949336915290829,0.8321532569673323,-0.7166337194666795,0.18116145068588485,0.864551668341468,-0.4081482199432022,-0.4179119234574462,-0.3729882239106286,0.4678568294331507,0.8530755227920694,-0.04712933421963146,0.5278152144730346,0.5951164238388413,0.33840163162169845,0.566707970295914,0.6106868435085984,0.6563796755365542,-0.6045982345767368,-0.6886505609979937,0.09211608035562052
0.8573156939244758,0.6362218738549412,-0.9696355174487448,-0.8271244675093167,0.2444820125690712,-0.8218670864811168,-0.6078584669138068,-0.6658231638069957,-0.7623458526444661,-0.912132542645686,-0.6299212580661823,-0.8455830004215558,0.9999999987518118,0.3039382892689647,-0.8453778282283619,0.8476024773301187,0.8608842913479529,0.862463950034128,0.9235833373831485,-0.012566671864908884,0.8154995657157509,-0.7952898387030275,0.8057647913615924,-0.5980943828917822,-0.9209126536528437,-0.7306194459224479,0.7442298712265473,-0.737000331242518,0.4960886347277188,-0.7479004856112224,0.2706496145782112,-0.5636678224776807,-0.953261374185102,-0.8390664875110042,0.17356831620166524,0.9175882491372996,0.9204948128128183,0.8090127580841985,0.7315691341122518,0.9102350928776165,0.5188532626701648,-0.8102647909274324,-0.854183200514582,-0.6941957715802696,0.8335599915212645,-0.8102227202304461,-0.10477697361391727,-0.7207270094288795,-0.05858975385752713,-0.7834730752158264,-0.9664137070318135,0.553475361778677,0.6169853642874981,-0.8602137401090418,0.8550374901740144,0.8168351772418512,-0.9080100290860948,0.9876681218509353,0.9569943350586733,0.8327064319021927,0.9479813834494897,-0.4481679311464179,0.4965252420453565,0.5688469054077272,-0.6190073700704024,0.4487099947862207,-0.6552033170059521,-0.4521855558322414,0.9194348195821577,-0.5231025627907219,0.46583526465708014,0.8405476152072607,0.8411885931175713,0.11623356399515124,0.7137847074070361,-0.6429567809650306,-0.482231008762483,0.19619284851136842,-0.5661811519309575,0.803147611626688,0.48743801782926316,0.9011231664995502,0.34727424391019573,0.6160054178298734,0.9325416701005117,-0.752820782097,0.9251861415975863,-0.7900629987178489,-0.9438598527980779,-0.8717240212886014,0.819301171677013,0.6487477241558519,0.9547711256751489,0.9488819602062265,0.488899474122495,-0.8701468205846455,0.7629032323304057,0.7160395726227474,0.23996067680133315,-0.6265737904510874,-0.8631710364622512,0.3878940980401761,-0.8713085073300397,-0.9770905799523629,-0.7500855541638187,0.7720850595473611,0.8698599077337578,-0.8638867218235071,0.8277774734536425,-0.4298232319618312,-0.9753124881069353,0.4785358403217826,0.6119163811795487,0.5468765955853802,-0.11862844302961537,-0.8539382999200162,0.27700670166411745,-0.3297011106038228,-0.68018772991801,-0.4982984268867776,-0.651368964847399,-0.6577381241938982,-0.7557429850778651,0.8352191575196868,0.7552437550025729,-0.3744154223541358
0.6754829980600227,0.6915331785772799,-0.342452729954245,-0.6680111895205266,0.02675100870836161,-0.6934573449482764,-0.929306947679725,-0.41716787626216867,-0.7602466271198519,-0.5998286251727241,-0.44608829670163946,-0.4470284678435117,0.3039382892689647,0.9999999990056393,-0.0701634269357592,0.5056093440736208,0.625432170053725,0.6638862467201849,0.5466173803840565,-0.5796323052319043,0.5004104759249475,-0.6966440216489675,-0.003516017165719525,0.3143619691275787,-0.457009250020424,-0.6277451309217206,0.8333400171583147,0.3836821667149005,0.8407291313035372,-0.7987488100581368,0.913316354657164,-0.24386824618516742,-0.44162463279866704,-0.7291095730529994,0.7440815305725956,0.46801582781466783,0.49158064429758175,0.6890273861452323,0.8541684390350811,0.41456601779309477,0.8980134168378122,-0.6551125027528141,-0.6650111858206613,-0.8641521828880516,0.134258936833339,-0.7590451784733215,-0.7789117965083826,-0.7527527212190159,0.4738985399964625,-0.8232513529625799,-0.2236941211240114,0.15360596136561033,0.49003340359758657,-0.7065117706566428,0.7479010127491722,0.782079988896588,-0.49551286323526017,0.40411107487052533,0.3946664489050664,0.7468646703797106,0.27863580816131367,0.33207647273653584,0.918280792880506,-0.6021962385060349,-0.8976790294321579,-0.6292836619851337,-0.871431766871022,-0.5759285871605506,0.6261111677344586,-0.3481177154173615,-0.18560184181751424,0.7223835782148419,0.6418091442628084,0.7619196100817459,0.656534365873195,-0.5647119569029337,-0.5978157557363631,0.32447651712410497,-0.7132217400667928,0.5244500884236086,0.8320013227582526,0.37370409949109795,0.5697618285638565,0.4748196667977972,0.585083240543628,-0.6768880150991976,0.452856749828849,-0.36912511654063657,-0.3261981844135413,-0.5063400104459627,0.6568922601010005,-0.4638223766738644,0.3248000754093884,0.3908499871619717,-0.21980269728804622,-0.5145851661201699,0.8217874547582482,0.714258562891736,0.39969665153558814,-0.09227172472889053,-0.6021783829598317,-0.06661584247480454,-0.6311539369953458,-0.45820876637320734,-0.8256893541113832,0.7405041005735217,0.26074879150797614,-0.737518159016017,0.621307555851557,0.6481356706357793,-0.32050228635062017,0.848788808889343,0.5819069753618044,-0.46810491866676807,-0.2371651114863048,-0.6897517763210593,0.46158688610408766,-0.9915736047046356,-0.7943968303731114,-0.6971187705129762,-0.8060556007997786,-0.8154858279425505,-0.7275073538452548,0.2913324928403058,0.7763592395247063,-0.2645452276991494
-0.7636934883503822,-0.17061599544579806,0.9287731268500391,0.5135092697386648,0.22342285040140725,0.7652022398458094,0.36570255947624847,0.3174098594309546,0.46861377527859355,0.7623262835515785,0.14401291003684752,0.92169944933331,-0.8453778282283619,-0.0701634269357592,1.0000000006721546,-0.49742653769627404,-0.5564943422998385,-0.5747987711047535,-0.8315854949009955,0.256320715233803,-0.4752260395297793,0.6815449286035847,-0.720134991898337,0.4882491065384383,0.764637050094811,0.39705201977492494,-0.456891771505974,0.8457202664049462,-0.45916106189759887,0.4753464416231113,0.11661235311805945,0.3600928563863235,0.8405509627699612,0.6504863380914905,-0.08120861439599962,-0.7126511864047738,-0.8087892144833839,-0.5368955216081565,-0.5644150527922129,-0.8915247284486614,-0.4259636620207912,0.5299643310104356,0.5563069588916089,0.45228012295681524,-0.8791304841245556,0.5223863382160684,-0.32289196522878116,0.36676221997320885,-0.22481032964514214,0.49539438478154924,0.7403241673557475,-0.3758511156431929,-0.8010367334304894,0.7073757761713094,-0.6606142711449695,-0.6473676304908659,0.7302803410389846,-0.8255265540367462,-0.9191363347091234,-0.6297784580290252,-0.8053923456798571,0.34306908877504566,-0.2666989758843315,-0.6631033607794635,0.4515149111719566,-0.6363122266463612,0.5462738929411006,0.08812228855889744,-0.713006872093663,0.06669713955022864,-0.17475632874294492,-0.666472930284112,-0.6342005048707702,0.04339501524166789,-0.3506479878468292,0.14599569222971365,-0.017733879847392893,0.13472024418785694,0.133134117748347,-0.537262548868992,-0.18795221554603658,-0.5855499554026858,0.10235898840264339,-0.180666968395891,-0.6935468222175839,0.515719220380837,-0.6307568408975328,0.4354810839485333,0.6708208298078766,0.5592886901589791,-0.5291156884511369,-0.7992548072107422,-0.8645493087083688,-0.9113866992490492,-0.15168761661210015,0.8001416800748798,-0.6158102497799881,-0.32792837593192936,0.07219793101974255,0.26759724686118747,0.8369376428923722,-0.060848071895173855,0.5772655300435269,0.8532658453996864,0.42334310327785607,-0.46708739548722333,-0.6897329976138735,0.633860851152296,-0.5577024346771527,0.4993029566120906,0.8517307725410349,-0.11065340115964631,-0.24543864463237644,-0.629768213104599,0.3947442173370144,0.6711976228228621,0.11952537890039243,0.1579341826080088,0.3462515446463376,0.10437525815182695,0.30926542430670867,0.35006531109033145,0.4446327943426696,-0.581920137648408,-0.45748627684606064,0.01874697437018549
0.7909723546790149,0.9170243666636664,-0.7561653690538789,-0.9744155073697459,0.6174116543482994,-0.6945691722039488,-0.6710671855176779,-0.9443565855810891,-0.9322917494832086,-0.8850216204925477,-0.9181904263672201,-0.6053267980442435,0.8476024773301187,0.5056093440736208,-0.49742653769627404,0.9999999985399469,0.9812981372895695,0.9651876411818004,0.7348195344238131,0.1783021215524272,0.9960067780900983,-0.8263850459591073,0.7908249236562082,-0.6291571465021518,-0.9206418512026572,-0.9674861332900583,0.8843450232373771,-0.4257899569442021,0.3877862240727298,-0.9029337450957121,0.6402769081955523,-0.8178425809676746,-0.8738514547525782,-0.8791794303242304,0.487925597868265,0.9533484497121472,0.8772607633723727,0.9524175363746605,0.7283701059151113,0.6303047535309726,0.4779569869772983,-0.9642591816680802,-0.9692319641436847,-0.6978754876233503,0.7123544567577458,-0.9292409090044981,-0.570572966359382,-0.944424799503491,-0.2966721554818605,-0.8513569464749682,-0.913843065282322,0.7853358866530122,0.3056734081866906,-0.7562604398462683,0.8244240258959844,0.8017718288004513,-0.9344612278673811,0.8919882500060182,0.7650673140175007,0.880950340765608,0.8998252984627603,-0.5618404132917308,0.7291587647897777,0.21980339208144362,-0.7309102892786535,-0.002392748563220212,-0.6687267530644533,-0.8450506812849712,0.9160080477055462,-0.8747569108574171,0.6822893627659954,0.8695126130331666,0.9295968105216306,0.09117768889228722,0.7052888465248902,-0.9065720025709368,-0.8556974232607206,0.6581736398572633,-0.902875291632779,0.9689072840537309,0.8042954873045658,0.985565029513314,0.79145328470996,0.9363409573406296,0.9457371503199227,-0.9239544054765909,0.9853722871906748,-0.9809457949663487,-0.9623145612143794,-0.9963004880968447,0.9691705258354448,0.35752446226153767,0.8583352546044628,0.7873435202068431,0.665662296125869,-0.8358386901055871,0.7421206692491,0.9570972401542627,0.6882782381180139,-0.8614659614850161,-0.7114128833065849,0.6939868746380643,-0.9757767246182605,-0.8446923933498091,-0.8941584556606221,0.9453224595365691,0.9205712631197169,-0.8837638015543275,0.9682543310641499,-0.2879824722629895,-0.8774246341222884,0.8155180417944958,0.9308470985940256,0.42336768489173254,0.2925738977071897,-0.8935020663988723,0.7391092036849066,-0.480256532787738,-0.9149435774060218,-0.8696437904502395,-0.9036348339811805,-0.890869163363873,-0.9490527838196778,0.9537851344225916,0.9259822630509736,-0.7732067584871068
