1.000000000368756,0.4405505130962054,-0.9980852830908947,-0.9341637813365681,-0.9948416083531516,-0.9887126006426743,-0.9732718037343032,-0.9423970955494548,-0.9952585278317493,-0.9822894934928376,-0.9679881655404624,-0.9905447651468057,0.683981156265074,-0.44798346731274397,-0.9964503702857131,-0.9885852494782004,-0.9688737064522489,-0.843605499099597,-0.6128685964399229,0.8524286868224437,0.9634146921350993,-0.9266463232705268,-0.984052477462047,0.9150229761608333,0.844619348857934,0.9412184061810672,0.9816144705509439,-0.966010216394754,-0.705436040213277,0.9951160911573733,-0.9938847921292633,-0.9531665942125533,-0.9936561085999666,-0.9183903808939717,-0.913154948819646,0.9013484761511028,-0.95947046002777,-0.9747521991778244,-0.8498693649119232,0.9529628659251138,0.9151678727066139,-0.09592653968002739,0.965450535719691,0.9899785519660801,0.9871906985984937,0.7901035817584944,0.9496523065341453,0.9628785809760347,0.9971480532030079,-0.9378002180858308,-0.9707730117209282,-0.9932759895167995,0.9793548068695395,0.991459965683071,-0.9009433148385511,-0.893585028139978,-0.6116633073809576,0.9638615599042842,-0.6798384750364339,0.8652475376912685,-0.9577635486287126,0.9606160221293301,0.9987063482551377,-0.9632021492529298,-0.9970909226365666,-0.8199366101211774,-0.879511968588657,0.9970294868579741,-0.6380350021269152,0.9997361271460896,0.9992391255278495,0.9244740886344719,0.9868466252455333,0.9972730503963154,-0.945116575053108,-0.9152989934238245,0.8901459672717569,0.9178378739533786,-0.8292833477170514,0.7515230480454381,-0.65999555073849,-0.9985636494013619,0.5876651245111736,-0.7482872511197781,0.9790674396857465,0.5608859368584529,0.8917257126491688,0.7853346590602241,-0.7944718879526389,0.9752348146388716,0.33189624462032274,0.8662249622099799,0.9280028914940566,-0.9274166713464309,-0.9938620765739253,-0.20102116208383267,-0.9164294869444152,0.992775721553087,0.9867387152952954,0.9689001042855574,0.9879505032774019,-0.9368796587534413,-0.9951913019671147,0.7963666636787953,0.47525222778117454,-0.9361900896682481,0.23913247103326538,0.8547694828584039,0.9849151050706739,0.9653049818353818,0.5995136907042985,0.994690866267806,0.8590839491501399,-0.9707024154638725,0.8425816216142855,-0.9747227583723753,0.9719080050964239,-0.9636603607250548,-0.9773844226643036,0.9388864897560818,0.9562627822505918,0.9777042695597841,0.7527894907274985,0.9383230560328635,-0.9862726270294142,-0.8808570475378099
0.4405505130962054,0.9999999989446766,-0.4741722108283373,-0.6429513251879689,-0.5170448708158484,-0.5560123033918052,-0.6190091694025918,-0.6393536510647588,-0.5220141370417242,-0.6001827329612702,-0.6397736283593697,-0.4881681922995527,0.9562063221737249,-0.9993368454694509,-0.4227871493125149,-0.4045045561153867,-0.21803850914019662,0.10910479419454307,-0.633350101999981,0.782827721042532,0.3402327781334651,-0.13739614951614718,-0.40719706253599497,0.7205348339285517,0.8186682224848066,0.418458249217569,0.5375054483005325,-0.19802224493121182,-0.8953835540371194,0.3558399671852204,-0.4636216306653376,-0.6881719769439735,-0.33747322437729926,-0.7403921398899761,-0.6579587735101668,0.7800563623509044,-0.17788994489063975,-0.62459229777131,-0.4703914856385479,0.6912663653677683,0.7604918439554395,-0.9358453677525982,0.591977201658363,0.4631836324138112,0.2971078710946627,0.873020866049412,0.6854459330572347,0.6582207233073332,0.4664479636983971,-0.7237087461220645,-0.6357323987519459,-0.5327453936189647,0.6031366361914832,0.5526313223096869,-0.7849821663614769,-0.7798618965512604,-0.8200965725849794,0.6543838261205985,-0.9387892249925133,0.8238082475961555,-0.6799608454937719,0.19284536092822893,0.48478038163865617,-0.6650612111814131,-0.5074098777712989,-0.8726148252152534,-0.795910638675271,0.5082255561211831,-0.9629999152474755,0.4592501902875603,0.4381365416626318,0.11024520070138276,0.5794369987516996,0.42860299877154184,-0.7095698680389054,-0.7616428169428537,0.7990487261020713,0.7605125442218931,-0.8021947277564615,0.9162433665800586,-0.942203208720905,-0.47254645001282447,0.9286370549061079,-0.8898632061702064,0.5641451035385378,0.4586670586575796,0.7978958764216086,0.8238458241853871,-0.8465283994595403,0.2523816130102305,-0.6869013773765063,0.8285812284132739,0.742950969365791,-0.07586885945140046,-0.38301220602201613,0.6270529363910902,-0.04692580284259594,0.49213659631533796,0.5802568206448778,0.6472952203136694,0.2963563814805513,-0.7192774860695901,-0.486124913520763,-0.18156388738664647,0.937335099912622,-0.7140518645068055,-0.753611551646166,0.8332385074377209,0.46412066065261925,0.20533099177929914,0.9495063390743304,0.5290523076736836,0.8370529043562493,-0.6089218967879562,0.7589176806690289,-0.5905613700198314,0.637969279607663,-0.6573940615260814,-0.6195279534546062,0.10531201554673658,0.6803579011842683,0.6085027918150707,0.9092040562265612,0.7085581501037842,-0.5794620528494085,-0.8130166619906282
-0.9980852830908947,-0.4741722108283373,1.0000000004634029,0.9303004267716579,0.9987749477223101,0.9952051650029439,0.9838375172778132,0.9393837487107408,0.9955556798530228,0.9884364354228593,0.9791777262034473,0.9968998614407565,-0.7109006684765347,0.4797081021213403,0.997838139862426,0.9782513368203997,0.9622013890905223,0.823335685064098,0.6601543156726526,-0.8808198547971816,-0.9701475000427872,0.9024084800837971,0.9725310948383898,-0.9362653211211528,-0.8716994292398066,-0.9559633526536343,-0.9915418665318814,0.9519674598254428,0.7155128994214172,-0.9879394606032663,0.99825518494851,0.9605478047682265,0.9868319216898142,0.9247333560884793,0.9081939648998492,-0.9123744527535067,0.9506127615171809,0.9837017380573464,0.877378448264226,-0.961728523333703,-0.9317817584645669,0.13386667713237113,-0.9795994152098425,-0.9825465773252884,-0.9815168389844592,-0.8199593414316477,-0.9544895827926418,-0.9744404473015593,-0.9997531267987765,0.9507044074542003,0.980835436608825,0.9977011988508747,-0.9816428020251429,-0.9954350723221682,0.917649854322867,0.9146100569469214,0.6098020496612402,-0.9754297329134943,0.6973755671846177,-0.8869255439830217,0.9674080016980046,-0.9437500247961372,-0.9991884575703561,0.9725459893024042,0.9977539246397544,0.8429809532153006,0.9020614167421057,-0.997813046452426,0.6720958249762098,-0.9990849021750259,-0.995346484546674,-0.9191883888002509,-0.9917573796346625,-0.9984360050712304,0.9553942878490741,0.9314567255660726,-0.9081203098407659,-0.9306687133777684,0.8597051296519316,-0.7701778130996438,0.6771561136615605,0.9999570390510896,-0.5999903852651541,0.7817297076532753,-0.9760916922986324,-0.5303612034280051,-0.905623791640718,-0.7889348633201507,0.8263510572467121,-0.9609521973018675,-0.3038356747677416,-0.8857172655024138,-0.9413370264168752,0.9138627271496903,0.994087650453603,0.19765084942262923,0.9016834984415749,-0.9882041480357399,-0.9914464682872248,-0.9749898201226994,-0.9799011994521769,0.9518443851594317,0.9993169584642849,-0.7778296369621934,-0.4889109315624977,0.9523062359214897,-0.19392313068927336,-0.8776567767760879,-0.9925547019080829,-0.9584345510016301,-0.6393281295760646,-0.9975787312251215,-0.8754920132418975,0.970278262102643,-0.873156948492217,0.9732947734870615,-0.977662430810443,0.9748718133214357,0.9825923689069238,-0.9227724994820408,-0.9631964129922043,-0.9868223412557068,-0.78280318120386,-0.9543368911588009,0.9922582747535724,0.8971607951832778
-0.9341637813365681,-0.6429513251879689,0.9303004267716579,0.9999999999713857,0.9393947796379848,0.9417390555278108,0.9419715726126129,0.9996406353760106,0.9606930490865011,0.9612799729388375,0.945568016171894,0.9094846588955341,-0.8258524499303824,0.6574860306648114,0.9059031777285962,0.9507835724517819,0.8242106263210354,0.6403291368488223,0.5093793528747359,-0.8491275226431815,-0.8138548654454302,0.8432221934441079,0.9550010660973097,-0.8980020712573884,-0.8684026406066215,-0.7969921481837697,-0.9099423288041835,0.8495925919628371,0.8958990209872122,-0.9147471824121696,0.9095378898822017,0.9789617592826301,0.9026597879701451,0.9861825092864143,0.9984081016475781,-0.9704128632690066,0.8084637613576878,0.9540505125514265,0.6941354386587854,-0.9733376087658958,-0.9418149982064948,0.34665189044935246,-0.9046100412361824,-0.9666141604985711,-0.8718968793308983,-0.8434390900169818,-0.9880599249685279,-0.9493969847265328,-0.9222359122488927,0.9580123509463297,0.9512177094426698,0.9437174645006445,-0.9803414336124991,-0.9547683543379194,0.943716826582762,0.913998016109395,0.8527970464086629,-0.948118562804516,0.8618828134865375,-0.9129604077230727,0.9665317874904885,-0.8575548833803519,-0.9433818342591694,0.9643596800621593,0.9527480412021563,0.8988296542977691,0.9044623049283267,-0.9525033201377373,0.7606944387233672,-0.9369854293574492,-0.9424701442999333,-0.7315832136732598,-0.960298201589401,-0.9105598564371898,0.9693744515260666,0.9448084338030402,-0.9367859964462701,-0.962944720727625,0.8323219875295311,-0.8951468338950342,0.8515899436473877,0.9324713636134524,-0.8185592158115278,0.8043348766046067,-0.9872383639536473,-0.7805524099030247,-0.9580496583287856,-0.9488374971367811,0.8228422724896812,-0.8847237306511186,-0.029094415636541842,-0.9271741908096829,-0.9586579672093561,0.7583610171474204,0.8899245114270177,-0.15818736150805798,0.7421039954607095,-0.9686390070267388,-0.9616688439084475,-0.97594793648933,-0.88413515050198,0.9446474953875855,0.9230572743713876,-0.5617798939536909,-0.7372427588719035,0.9356686762229675,-0.017536509722337855,-0.9042113507843766,-0.8868615497587355,-0.8162998160602766,-0.6975701820852789,-0.9506675878362952,-0.9421259934043733,0.9909834677466276,-0.819035982905652,0.989646340103056,-0.9750586964847626,0.9513112023912331,0.9723764775781302,-0.7942965249978202,-0.979468750921544,-0.9471455963689155,-0.8346993837078351,-0.9349140501270029,0.9544397302517694,0.9458123426506179
-0.9948416083531516,-0.5170448708158484,0.9987749477223101,0.9393947796379848,1.0000000006310883,0.9987796034049415,0.9913516676546293,0.9481127335439673,0.996852131889714,0.9944974344287442,0.9879597943058266,0.9968340641210928,-0.7446922948031228,0.5222549099061178,0.9939141159123462,0.9729854389659505,0.9477856310401382,0.7942667261647085,0.679779220845515,-0.901071590760806,-0.9630004261027251,0.8839728022130582,0.9674681324921262,-0.9512152092729947,-0.8939860858824701,-0.9539353165978531,-0.9944969914458948,0.9362026946954994,0.7446849334908384,-0.9800866749415963,0.9967052200636579,0.9720893718436313,0.9780647463031942,0.9399016585085247,0.9185818863095996,-0.9303222194172079,0.9342151871000408,0.9913913084816668,0.8811443246587886,-0.9735079212651547,-0.9486087717610319,0.18267199947012033,-0.9860702707754583,-0.980489029087204,-0.9708448878875171,-0.8466969896781577,-0.9658533069319649,-0.984350853023124,-0.9981783299126303,0.9648048833496762,0.9892742382507131,0.9998226422488058,-0.9877452956369429,-0.9986328953535795,0.936151464684025,0.9332505962390043,0.636879575351973,-0.9851117655699734,0.7298891575245482,-0.9086696307487079,0.9785068865189519,-0.9277136870455366,-0.9984354815055747,0.9826988607785933,0.998248454709106,0.8685695710482738,0.9219978120163018,-0.9983583084502297,0.7078162640862636,-0.9968992665882066,-0.991896874776584,-0.9003190668772457,-0.9965401572422793,-0.9947863597779536,0.9684235142844534,0.9483183421824207,-0.9277136903754213,-0.9472378536362138,0.8816929906883053,-0.7996612565098926,0.7103557569795622,0.9986067895397562,-0.6341439293774863,0.8106410218385272,-0.9798793211815083,-0.5382550139822113,-0.924911537248981,-0.8118927351826608,0.8516741163473529,-0.9478041250509787,-0.25737049318771393,-0.9075789390082298,-0.9567346140121102,0.8926874905154668,0.9880723973209782,0.15903624013697862,0.8792098824043615,-0.9877450540371336,-0.9962653474531146,-0.9838913381954815,-0.9690511772103586,0.9658375979867654,0.998909382411673,-0.7462665295910181,-0.5265612858634598,0.9660989132786387,-0.1455305337258225,-0.9002363329654747,-0.9914309357388146,-0.9434317564255638,-0.6756400646394671,-0.9993910869370237,-0.897836488188186,0.9767800728973574,-0.8925141984921627,0.9786701588377593,-0.9859749302787691,0.9847004285932648,0.9897584656656019,-0.9027224867347551,-0.9742209632429595,-0.9935920969155687,-0.8124467804852028,-0.9677778100536675,0.9971110674298189,0.9176545597406193
-0.9887126006426743,-0.5560123033918052,0.9952051650029439,0.9417390555278108,0.9987796034049415,0.9999999994680749,0.9966191229248793,0.9504151971639787,0.9946264022018603,0.9974160878860525,0.9943319311759476,0.9954046372359749,-0.7744315047991994,0.5604155099413969,0.9882671151630322,0.9630082936185611,0.9323900664290006,0.7648601424724274,0.70551931426327,-0.9210059649902776,-0.9567045402083183,0.8607505994879966,0.9573068106445876,-0.9650831498888142,-0.9150213336917309,-0.9536939132712691,-0.9962920378707075,0.9177162775420575,0.7661707913694582,-0.9691530317285132,0.9936284972208143,0.97937977415298,0.9665840501448983,0.9495980567372901,0.9216015912993936,-0.9434185891890366,0.9167997672087436,0.9963111322927485,0.8890418138486147,-0.9813701836535329,-0.9624775866973099,0.22825485795553763,-0.991655250545118,-0.9736425362671218,-0.9583562691034241,-0.8718969353097253,-0.9722909490042468,-0.9916543958123627,-0.9945618175612534,0.9755754420054348,0.9950652532838375,0.9993893568774679,-0.9895851143012809,-0.9988449126286663,0.9512910534626211,0.9497646775329248,0.6537139574566253,-0.9922505537000132,0.7560094502705264,-0.9276846100413916,0.9861214753960684,-0.9082326372249371,-0.9947864937688348,0.9895321210476433,0.9955492236167637,0.8908772437565138,0.9399260810354003,-0.9957305613829665,0.7411533935397406,-0.9918939502689869,-0.9850501877909195,-0.8822848194994899,-0.9981717384178815,-0.9892677547551569,0.9776432016043315,0.962079379638968,-0.9440365070679841,-0.9598175692145873,0.90353265524548,-0.8237051358038479,0.7369221971259861,0.9947951400665664,-0.6602270083506151,0.838570665447849,-0.9785395614042384,-0.5332309451442281,-0.9398296287354134,-0.8267981306688148,0.876434455729065,-0.9310894967427124,-0.214931251870797,-0.9260415881894178,-0.9685892425497175,0.8705990462761437,0.9806015636184133,0.12979067055847618,0.8558833008752482,-0.9828612927621301,-0.9978641808710653,-0.9888682826621804,-0.9557445045238874,0.977131505730087,0.9965744694066507,-0.7157320408019031,-0.5558972517788869,0.977585189888092,-0.09704631304063008,-0.9202332404210839,-0.9896353794950524,-0.9275705819234144,-0.711192550995562,-0.9982867423819993,-0.9157740171970168,0.9781478297996136,-0.9124738138800578,0.9789284398145899,-0.9904237751610941,0.9918414104124188,0.9932113175794999,-0.8806596888710451,-0.981001909811167,-0.9978933824556024,-0.8398921203780492,-0.9789759457424582,0.9991059778235013,0.9341674879356493
-0.9732718037343032,-0.6190091694025918,0.9838375172778132,0.9419715726126129,0.9913516676546293,0.9966191229248793,0.9999999991958386,0.9504233254836657,0.9858790090667227,0.9971405321345863,0.999625074301747,0.9873109061560231,-0.8206889457937155,0.622185441973541,0.9732726557967974,0.941857086459114,0.901196231329495,0.7110538457937877,0.742335295348759,-0.9487896416270226,-0.9400150209018348,0.8180907208226711,0.9360033978979103,-0.9826837434993867,-0.9449753808507844,-0.9468612136324002,-0.9935244052230489,0.8819849729059389,0.7998042234784885,-0.9458545560850613,0.9828403692613958,0.9868762616312161,0.9422713717707429,0.9616847306557998,0.9232811956478011,-0.961038456477982,0.8823341538548015,0.999274414422515,0.8954930098021564,-0.9897070060627436,-0.9806815457084901,0.30412519880965205,-0.9951718827377115,-0.9576883409195183,-0.932127813317939,-0.90917422891702,-0.9786148629605458,-0.998583975111623,-0.9830254655930865,0.9886307352289615,0.9994557707438609,0.9933097174403709,-0.9879024353459692,-0.9939828839112412,0.9718161420890842,0.9722132117189596,0.6810550382040053,-0.9988809344106528,0.7970561376565934,-0.9546417466649868,0.9938794659170871,-0.8711212386934002,-0.9834612292334439,0.9959103773635425,0.9859014366463339,0.923742592196183,0.9647644613636929,-0.9861946107711809,0.79311472159484,-0.9782932863719866,-0.9685908969627396,-0.8464177668087858,-0.995740672560164,-0.9745275823537486,0.988240585515331,0.980149832833211,-0.9665574819224222,-0.9762028616609822,0.934558945027346,-0.8605629698307528,0.7789076578336519,0.9830619539213901,-0.7023246122668262,0.8804469455175719,-0.9718748079733864,-0.5255751694982133,-0.9603692582537102,-0.8491621610573664,0.9126438650905696,-0.8985042176665642,-0.14134169734412466,-0.9522937346145692,-0.9835679265929084,0.8285662565967024,0.9625191659767444,0.07713276788814355,0.8118506380060432,-0.9700206155851696,-0.9954018371093207,-0.9923335465358816,-0.928363165874302,0.9908559661277598,0.9871344699066499,-0.6599144076504992,-0.6041560109858323,0.9915060996962383,-0.015353530923051407,-0.948833475919885,-0.9807485553676674,-0.8955894449303727,-0.7665380747966133,-0.9912040835977123,-0.9415255102968666,0.9760177579113365,-0.9400650603315629,0.9749318916452598,-0.9929767866026091,0.9985230210189469,0.9940337103170702,-0.838951177289044,-0.9876335397798228,-0.9997178714470438,-0.8813295836555489,-0.9923863508004592,0.9971855963667389,0.9572890669738652
-0.9423970955494548,-0.6393536510647588,0.9393837487107408,0.9996406353760106,0.9481127335439673,0.9504151971639787,0.9504233254836657,1.0000000002499247,0.9674544245488529,0.9682997232982338,0.9535826219743595,0.9201901456754253,-0.8257244465442052,0.6531289339353862,0.9162439504678097,0.9556493606833134,0.8361127902509111,0.6525361272486455,0.5276032331112616,-0.858787875828898,-0.8286220228640532,0.8478475880456968,0.9590901884216005,-0.9073930382224088,-0.8761458736393037,-0.8128874250017565,-0.9207342735693504,0.8583573899172244,0.8896900434004104,-0.9228117099050638,0.9200719846962595,0.9832737082969691,0.911424145730638,0.9876090405507065,0.9965721836016902,-0.9725907054529958,0.8202800290407392,0.9615595088387522,0.7127692793194618,-0.9782423676789948,-0.9476872116145328,0.3393854939095288,-0.9154937890669741,-0.9711812424810142,-0.8823134475656934,-0.8496912958110868,-0.9911052119066485,-0.9569229839165984,-0.9318765577498865,0.9636578610272324,0.9588548796707663,0.9521697014876925,-0.9852789117405955,-0.962352094184621,0.9485721402006377,0.9209986641364319,0.8407963175146514,-0.9557862251689946,0.8575053468854128,-0.9183159242427466,0.9723262005603395,-0.8649454923340464,-0.9514419889524378,0.970578349595671,0.9601760890935187,0.9023662135670161,0.9114202111261184,-0.9599654405613394,0.7628898906768417,-0.9452769467737062,-0.9497722359694375,-0.7464443877997433,-0.9674323919136417,-0.9206306132928372,0.9743022857239969,0.9504209807915048,-0.9416044317008097,-0.9669878497241486,0.8418871838420244,-0.8936269541748779,0.8464736084665864,0.9413541431953218,-0.8098094812096804,0.8109244240626897,-0.9907234855007715,-0.7640537312873624,-0.9609035825431298,-0.943365052496818,0.8310062911626169,-0.8919287590686029,-0.04339151915027312,-0.9313158756243879,-0.9637139130187482,0.7702028286381535,0.9008325197306063,-0.13632874610489346,0.7539803990287954,-0.9738194659540791,-0.9686744390474317,-0.981209051532683,-0.8934057120546739,0.9514352905060618,0.9328164508603555,-0.5759835625657403,-0.7263607930959843,0.9431741766949306,-0.023203229674809683,-0.9096485056165108,-0.8988104166441352,-0.8284078301195907,-0.7021786764798246,-0.9584961742913068,-0.944310123525652,0.9941964821565858,-0.8302895941285944,0.9930054413668569,-0.980502951194577,0.9587049834909418,0.9782303871693422,-0.8042262675298127,-0.9838639379584008,-0.9552930413574553,-0.8390922944771178,-0.9425831030337494,0.962096888413081,0.9491638534245082
-0.9952585278317493,-0.5220141370417242,0.9955556798530228,0.9606930490865011,0.996852131889714,0.9946264022018603,0.9858790090667227,0.9674544245488529,0.9999999990339418,0.994484909191256,0.9832320723834392,0.9877013823784581,-0.7485019599015382,0.530001702664767,0.9877235152808717,0.9848229402188222,0.9402379060989483,0.788653575843371,0.6284683779032263,-0.8832737828763046,-0.9430270526108643,0.9005070206833115,0.981610956230183,-0.9381086108068115,-0.8813237483996885,-0.9276113007623265,-0.9835930001640736,0.9392705250142878,0.7706005839842978,-0.9828509185606236,0.9888321350542735,0.9777764501833531,0.9789156057118539,0.9524920205785891,0.9435657624579901,-0.938888736002257,0.9275326950925022,0.988925588750085,0.841218050755681,-0.9771773673349946,-0.9460760934238638,0.18816649689106463,-0.9729852420402415,-0.9919842617905951,-0.9669948709730066,-0.8355874233614121,-0.9756122582488191,-0.9805969300908222,-0.9932825378244488,0.9647242948471624,0.9859795268777076,0.997116697309216,-0.9943598950421565,-0.9982329209259634,0.9358353262892729,0.9257646743045874,0.679958440041195,-0.9810214940765433,0.7478406315095716,-0.9044683065316601,0.9797128862102805,-0.9351913747371313,-0.9983362887557541,0.9830709370700781,0.9996259215936535,0.8674688374903381,0.9137471223988087,-0.9996030260782598,0.7021435653516184,-0.9966790436913784,-0.9953854245984747,-0.8839471164564926,-0.9968096352571338,-0.9893734504083127,0.9712945171813414,0.9466125416592593,-0.9267833003650122,-0.9507841209567338,0.8628829153545737,-0.811495686526359,0.7298959886455214,0.9960990445572627,-0.6631566912801894,0.7964620290036751,-0.9921415532542247,-0.6025716186234334,-0.9304890569482555,-0.8400783496718827,0.8350986937146981,-0.9550472025884622,-0.2391734826125371,-0.9072706897974406,-0.9577629684508493,0.8870992295214473,0.9808597396305081,0.10979957565082393,0.8737714529643631,-0.9966639549391643,-0.9969320476110946,-0.988022947124685,-0.9689933896418378,0.962092036547306,0.9930927010049744,-0.7340423885474519,-0.5581114879999812,0.9601034281184971,-0.15361325052312944,-0.8951535721145452,-0.978584088258707,-0.9353738036195892,-0.6609455448457711,-0.9988633033147742,-0.9034605800285053,0.9885709049523541,-0.8696965646293654,0.9905637374546927,-0.9898390082545636,0.9814275534841811,0.9929202850107277,-0.9031280264332197,-0.9799350283765057,-0.9895264268422331,-0.8051655318580309,-0.9614563205343398,0.9956490014515774,0.9208432860150829
-0.9822894934928376,-0.6001827329612702,0.9884364354228593,0.9612799729388375,0.9944974344287442,0.9974160878860525,0.9971405321345863,0.9682997232982338,0.994484909191256,0.9999999986072711,0.9966101726219937,0.985986403994098,-0.8080054648025129,0.6060338686997749,0.9769078665908696,0.9620084900643735,0.9098511806130904,0.7294865743840806,0.6896448676213671,-0.9265982257046759,-0.9333502984634966,0.8499527228956147,0.9580151446881079,-0.9682380230848141,-0.9259794533898047,-0.9313819552711667,-0.9887528862841513,0.9007173784853607,0.8093918413551124,-0.9596975539098362,0.9835425879251113,0.9911813764812567,0.9549897384984978,0.9695803985069033,0.9448816793961303,-0.9636117999064545,0.8928892008169612,0.9989463534890012,0.86399058806399,-0.9921030368693163,-0.9743322439690143,0.2798431904419639,-0.9862456699853154,-0.9755961020328666,-0.9418558552126515,-0.8884602050557479,-0.986562458400565,-0.9956985324575395,-0.986365860952914,0.9862354969529766,0.9979205744020391,0.9962865498580076,-0.9965053124609039,-0.9983067886038568,0.9662886066830517,0.9602875529050215,0.7062878590889081,-0.9958473575221968,0.7974793017579892,-0.9435065315958571,0.9945696770028901,-0.8938359897559375,-0.9905024076107322,0.9964844304077684,0.9934623160453316,0.9126725091619177,0.9512874334999374,-0.9936081977935249,0.7706648146919561,-0.9861081638800906,-0.9804126386096222,-0.849778596489853,-0.9996534937737951,-0.9786806323134337,0.9891254752825279,0.9745027734509905,-0.959756252911241,-0.9753397477231734,0.9102711813297768,-0.8579656739293998,0.7801686215170717,0.9883615865697287,-0.7107979427936761,0.8554480593907392,-0.9868200000666767,-0.5807079143346174,-0.9594507662465067,-0.8650511769269699,0.8880448991191287,-0.9193526077418216,-0.1559570814241715,-0.9444949149086898,-0.9812862039956898,0.8427730123406908,0.9665176951226262,0.058973113835757235,0.8269056669034679,-0.984722599379586,-0.9996390297303822,-0.9969925750465045,-0.9415180722450026,0.9853176941537601,0.988946398294224,-0.673774507695414,-0.6119660463299823,0.9841196067459439,-0.05348436279893918,-0.9363493689880192,-0.9767856426995982,-0.9041322818960759,-0.7355881580310709,-0.9962817093290757,-0.9385681625806146,0.9888422359255473,-0.9139666709447323,0.9885590006955077,-0.9977808590016453,0.9961129486345848,0.9989589183559247,-0.8577861121764037,-0.9922978188149371,-0.9985717626799534,-0.8619414787150742,-0.9849434550039441,0.9995390241973029,0.9534764076652489
-0.9679881655404624,-0.6397736283593697,0.9791777262034473,0.945568016171894,0.9879597943058266,0.9943319311759476,0.999625074301747,0.9535826219743595,0.9832320723834392,0.9966101726219937,1.0000000001824991,0.9826018058270429,-0.8358040649776408,0.6430702049084794,0.9669098826122482,0.9368751945931879,0.8894408671378305,0.6925185019105952,0.7442783841076698,-0.953953292578469,-0.9305773039850657,0.8071627650358336,0.9314017163748061,-0.9854477866347957,-0.9517834006471837,-0.9393941487168826,-0.9901860310394329,0.870751720160589,0.8149841190314705,-0.9385075690404722,0.9775056412916893,0.9898863443982627,0.9342482978351214,0.96744822758268,0.9280294725997192,-0.9678253011479662,0.8697022042135145,0.9993239011142779,0.88977604527501,-0.9926111551477896,-0.9855941194321013,0.3292370364145309,-0.9934365222795047,-0.9542959118566456,-0.9226282399070033,-0.9186239150376871,-0.9820069773209582,-0.9996622262753596,-0.9780021839836857,0.9923489232216806,0.9998077583723707,0.9904294484188185,-0.9881521101021097,-0.991917495744534,0.9778837734389613,0.9775693084478413,0.6974511499840556,-0.9998013695282828,0.8131322502598431,-0.9620528107819116,0.99614145649437,-0.8602673773118946,-0.9793920474186727,0.9975766501584166,0.9826398821726422,0.9336273992143784,0.9707456735719521,-0.9829441228135404,0.8083103924387968,-0.9734772995029812,-0.9635519755856284,-0.8315625955001654,-0.9945747305591618,-0.9683892049301738,0.9917197069202719,0.9851729298679718,-0.9731512753691489,-0.9816605887340445,0.9405773278966028,-0.8741423118538347,0.795585398450306,0.978417320705126,-0.7208233103013447,0.8908105294241654,-0.9715845829398958,-0.534789893145972,-0.9675362688177351,-0.8611409580561665,0.9207403840315203,-0.8890403684372541,-0.11441307771895275,-0.9602004538031463,-0.988107642958014,0.8137436753940123,0.9549859956508907,0.05117828720777879,0.7964244511477707,-0.9671407986701203,-0.9942994938569384,-0.9937662112758275,-0.9191982191796737,0.9941092477948359,0.9826086016878979,-0.6395370032628975,-0.6251348272104973,0.9944058468822021,0.00924844504982521,-0.9566088398614445,-0.9751023468045219,-0.8834907830474166,-0.7811582339996356,-0.9884071346883175,-0.950373966707231,0.9770868039499961,-0.9442429734460664,0.9754243309263799,-0.9940683567916598,0.9996110982339338,0.9944422768866578,-0.8253357749493668,-0.9903720866452371,-0.999107618915633,-0.8928280357375242,-0.9950623485286165,0.9958619123103869,0.9648403532053146
-0.9905447651468057,-0.4881681922995527,0.9968998614407565,0.9094846588955341,0.9968340641210928,0.9954046372359749,0.9873109061560231,0.9201901456754253,0.9877013823784581,0.985986403994098,0.9826018058270429,0.9999999984883433,-0.7201650040944055,0.4908788572682978,0.9962227311486642,0.9589906146609524,0.9568490043680898,0.8096279567978419,0.7148910209528667,-0.9028835003577973,-0.9801443395013684,0.8725634733866063,0.9512181837162476,-0.9509374480383299,-0.8899591048073104,-0.9746049131865129,-0.997851573211722,0.9359396251783447,0.7015019647711197,-0.9759369977690265,0.999413372797912,0.9555776587248196,0.9761940075005798,0.9152237637633072,0.8846513533644952,-0.9081300521158531,0.943518385818126,0.9844133401256101,0.9122301225206616,-0.9587823908273307,-0.9373913341971969,0.15220291703053054,-0.9897917767058112,-0.9651829116312299,-0.9744157688415915,-0.8392489315774547,-0.9456054313666067,-0.9775293582779457,-0.9980689421745049,0.9525284364350795,0.9827214184881057,0.9957921896100985,-0.9729702063818451,-0.9918887433577539,0.9220703173267567,0.925911664566692,0.5790683200902279,-0.9787182435448455,0.692675998330351,-0.896811942216185,0.966426503413714,-0.9234531508172071,-0.9933703601992666,0.9718556316971628,0.991165014602785,0.852085287936025,0.9148021953740181,-0.9913749034637135,0.6915219089444772,-0.9926691396495395,-0.9848075131010617,-0.9202214327379467,-0.988385631824151,-0.996216756461167,0.9538618991815166,0.9363016638278214,-0.913719007378251,-0.9303948689284729,0.883709118878139,-0.7693644095561752,0.6714042337073356,0.9961201690931593,-0.5861632174418928,0.8052217943818705,-0.9609454359181216,-0.4703938288170449,-0.9049164375637104,-0.7692735379580071,0.8500815941495017,-0.9422195431212385,-0.29627698413872683,-0.8919792232358239,-0.9428074476834134,0.9035576317292162,0.9924210860843646,0.22400492751681003,0.8906578228688141,-0.974046185767272,-0.9877178862236229,-0.9701000918516355,-0.9691263869430999,0.9570822567988104,0.9990887569576715,-0.7693986201152787,-0.47503451199622043,0.9595740743672112,-0.16110789466571493,-0.8888456350648828,-0.9986704820546434,-0.9532945385106579,-0.6677805756250541,-0.9934522801009209,-0.8764284652066187,0.956961570363497,-0.8995755997281409,0.9593034768502663,-0.9727184018888008,0.9774617213557912,0.9777161345144739,-0.9072973448733312,-0.9579287441282889,-0.9885753404815341,-0.8001164368127212,-0.9617274116284801,0.9905596625060773,0.8993643656708674
0.683981156265074,0.9562063221737249,-0.7109006684765347,-0.8258524499303824,-0.7446922948031228,-0.7744315047991994,-0.8206889457937155,-0.8257244465442052,-0.7485019599015382,-0.8080054648025129,-0.8358040649776408,-0.7201650040944055,0.9999999994425647,-0.9579291562257405,-0.6687678397733358,-0.6502944679596695,-0.4934128906054814,-0.1865332595774729,-0.7175682964941535,0.915200657006755,0.591692307317887,-0.4126956569818287,-0.650872250994688,0.8846852132230516,0.941493414064079,0.6484207051239749,0.7574659190595527,-0.4755908562904664,-0.9562608043874711,0.6133888149489071,-0.701225424610778,-0.8697136698545471,-0.5980932793525265,-0.9004317458231229,-0.8309922822520622,0.9273566804676392,-0.4576602051937017,-0.8255353264354502,-0.6616621494815678,0.8722800891615777,0.9166003466641142,-0.7917221652559538,0.7966074569796144,0.6984706973149521,0.5634452254127051,0.9678235557714573,0.8661157232425424,0.8490787484172101,0.7044133953107106,-0.8939306727322478,-0.8333430533202093,-0.7569199078891937,0.8090653186870371,0.7723600879685752,-0.9317452862847126,-0.9256017386857752,-0.8635023877722194,0.8462994628826738,-0.9836683220112125,0.9519021814682842,-0.8647969528900179,0.46936832020036495,0.7195455172782874,-0.8545052274377178,-0.7373295480989334,-0.976633275695434,-0.934106827719157,0.7379803987484104,-0.9911007723041289,0.6991336782570716,0.6815921187086219,0.39182840231801996,0.7926091467104464,0.6737186479333533,-0.8846492331032627,-0.9175306845801555,0.9396977127929195,0.9171339218275358,-0.9234613912331323,0.9890550630633603,-0.9798851925071188,-0.7096935696823773,0.9447362035903463,-0.9680671845112041,0.7769458075167606,0.5519023558380409,0.9388970577980787,0.9240094726920579,-0.9480280796269933,0.5225448519305611,-0.4491955775209298,0.9558745494496483,0.9063162630660684,-0.3642147614811021,-0.6356493368330839,0.44138624204950105,-0.3370968529621402,0.7230688804246365,0.793217355941355,0.8417009021156979,0.5628614666255375,-0.8902413416943398,-0.7198253783707081,0.11261938514688337,0.9150281512483381,-0.8858993056602052,-0.5351826043103852,0.9562051688263474,0.6989972715697222,0.48194923449438115,0.9681029701478865,0.7542521297624004,0.9600896685393828,-0.8106479958031719,0.8928462646099948,-0.7970261839773618,0.8351152331622982,-0.8486335214522422,-0.8219490097307987,0.3915394180279505,0.864368700115019,0.8135105588052429,0.9848562763210595,0.8821472764211645,-0.7925431075460598,-0.9477863992597497
-0.44798346731274397,-0.9993368454694509,0.4797081021213403,0.6574860306648114,0.5222549099061178,0.5604155099413969,0.622185441973541,0.6531289339353862,0.530001702664767,0.6060338686997749,0.6430702049084794,0.4908788572682978,-0.9579291562257405,0.9999999991161154,0.4273663558147792,0.4171872351203259,0.22326330655348978,-0.10187481121880479,0.6121453546859559,-0.7779900623149171,-0.3389316216983998,0.1535339394812675,0.42084078597888736,-0.7189223740636859,-0.8157707303349608,-0.41349780010639753,-0.53895920588144,0.2081070057045504,0.907660745482674,-0.36490753363197986,0.46711490937989064,0.6955969945913345,0.34580948101586206,0.750138225531889,0.6738038720343028,-0.7875270036751787,0.18370420426673567,0.6290846124408666,0.4580016471016519,-0.6977651266985317,-0.7633006479493416,0.9322601330316636,-0.591875927424927,-0.47528606259086176,-0.30358132632768375,-0.8698310217254847,-0.6946722966746931,-0.6617590492835929,-0.47128364353382135,0.7281286002304407,0.6397286146136765,0.5380182798819324,-0.6118932699057383,-0.5587646909878442,0.7884457001748855,0.7800852604846046,0.839612872871284,-0.6578113021326168,0.9469131669361696,-0.8248674705472815,0.6854956625196923,-0.2048809835238105,-0.4916359007690605,0.6703934564155828,0.5147370161551377,0.8742117641157843,0.7955228960980668,-0.5154867061285628,0.9599525270561471,-0.46625491242340505,-0.44695091797259917,-0.11187346707546805,-0.5856185146693342,-0.4334943175915692,0.7154913295306139,0.7648134824625686,-0.8020179382064384,-0.7660633772991029,0.7965146193556498,-0.9225636846453982,0.9508011063072953,0.47841727414140683,-0.9408020215487755,0.8847342339750445,-0.5757139021376315,-0.48985203942471367,-0.803795991944684,-0.8385197556256748,0.8411440693361268,-0.26401830111946295,0.6863426207633605,-0.8313528884264827,-0.747617401043045,0.08260171001656143,0.3874075116996761,-0.6421859126342185,0.05382750840523105,-0.5029002085227454,-0.5866083781104054,-0.6545000684176653,-0.304536559100748,0.7220847335462954,0.4903805251680955,0.17723857420091174,-0.9493795451240538,0.7158867241049761,0.7417975202985722,-0.8337224315752836,-0.4652948293245724,-0.2103860407285671,-0.9421258136561672,-0.5353404118058459,-0.842333826423855,0.6198544043013613,-0.7519149882582721,0.6017206190233626,-0.6451567261929798,0.6611616445231164,0.6265986981612376,-0.11462015768728676,-0.6878865641013998,-0.6124332287278914,-0.9070564657949943,-0.710311397148935,0.5848642545006667,0.8176214806453355
-0.9964503702857131,-0.4227871493125149,0.997838139862426,0.9059031777285962,0.9939141159123462,0.9882671151630322,0.9732726557967974,0.9162439504678097,0.9877235152808717,0.9769078665908696,0.9669098826122482,0.9962227311486642,-0.6687678397733358,0.4273663558147792,1.0000000005835015,0.9736389882583693,0.9766032238561366,0.8535047666049056,0.6591979228921133,-0.8625855894869301,-0.9823331138189675,0.9103554110381251,0.9666602701095103,-0.921363617964988,-0.8489186179949191,-0.9655770484086632,-0.9884182080990772,0.9629824673366971,0.6681710892944497,-0.9902929347434647,0.9986063952529417,0.9405503851018013,0.9910720611930995,0.897770425325475,0.8807932115265011,-0.884304463296492,0.9668321563986373,0.9715561545018221,0.8873586152995308,-0.9423988553434838,-0.9099679938483117,0.07747030803208506,-0.9737121750026734,-0.9745745643096166,-0.9900327468816396,-0.791867903123541,-0.9328336205358391,-0.9605163462425496,-0.9987473506995536,0.9306339675914054,0.9682709022774313,0.991665066791826,-0.9670389123237552,-0.9871710895779474,0.8930567535623762,0.8931955783748841,0.5573347803683277,-0.9619051121142208,0.6501646914440558,-0.8607481694023095,0.9499305885209068,-0.9530631612513494,-0.9950722148892005,0.956459483994879,0.9916026349845938,0.8113994475805449,0.8796508601930895,-0.9916675489870298,0.6324385312571117,-0.9965864820048493,-0.9925294471466166,-0.9427379565296248,-0.9814749241591817,-0.9999371674974987,0.9351032832365915,0.9092245496050639,-0.8826689010047389,-0.906330975285695,0.8401520987643647,-0.7287343249134297,0.6285638546541842,0.9976015057366378,-0.5463638387616245,0.752879142399472,-0.9614271253584292,-0.4893776405917018,-0.8775090735084312,-0.7469496802015255,0.802296455843235,-0.9671403997273533,-0.36137191628137566,-0.8576179441257763,-0.9193869868541055,0.9349662185784987,0.9990206147112122,0.2615118134121383,0.9241934369979231,-0.9796530738208716,-0.9809425542813717,-0.9585167101306322,-0.98686596985258,0.9335795929753826,0.9974671326335675,-0.8140003075073888,-0.4308542900778049,0.9352979366809988,-0.24195784755470776,-0.8510227577081441,-0.9947694644712433,-0.9737308631959262,-0.603360759036764,-0.9908730250997734,-0.8441747886086618,0.9529026906115095,-0.8582565522458333,0.9570842448629204,-0.9619415778982158,0.9608122900591257,0.9684209738083127,-0.9398341685092751,-0.9437367582737881,-0.9764033755094077,-0.7499601163586914,-0.9378525398297737,0.9826975412205993,0.8688783634835257
-0.9885852494782004,-0.4045045561153867,0.9782513368203997,0.9507835724517819,0.9729854389659505,0.9630082936185611,0.941857086459114,0.9556493606833134,0.9848229402188222,0.9620084900643735,0.9368751945931879,0.9589906146609524,-0.6502944679596695,0.4171872351203259,0.9736389882583693,1.0000000010943555,0.9534155195205816,0.8467164444501828,0.4923602952485548,-0.7889119618286795,-0.9188375443874769,0.9593867589981654,0.9995627850882571,-0.863881537224746,-0.7887676966081688,-0.8807914866435602,-0.9442514270176193,0.9711812768275515,0.7159186965564698,-0.9921945502718081,0.9659110449602636,0.9388102511476901,0.9880847552072636,0.9139043482936747,0.9356580037040022,-0.8872811456576903,0.9475116750155337,0.9486460198155182,0.7607948673352467,-0.9347136391068206,-0.8816395742239244,0.06071512373732797,-0.9211958688018088,-0.997870317793032,-0.9748460770479865,-0.7339146694035988,-0.9429404906255198,-0.932607595984273,-0.9745814578311333,0.9108524406105556,0.9425415426932467,0.9714481751159683,-0.9711767730870898,-0.9729025855382851,0.8701725476224883,0.8497142970356021,0.656766450573559,-0.9331668597269289,0.6731727092919039,-0.8250145580323442,0.9355561867311457,-0.9741610331400444,-0.9841335618911755,0.9402395090859578,0.9841184332901836,0.7825968604319571,0.8332949328991899,-0.9837701457072703,0.5860034589800123,-0.986212519703824,-0.9936264440431113,-0.8975759029239957,-0.9681585610639426,-0.9756225399974584,0.9244068999608265,0.8832467864357151,-0.8574373231452603,-0.8955958954840331,0.7627102994967038,-0.7353298749977709,0.6559133659380841,0.9801329490246198,-0.601107542568027,0.685176464602823,-0.9832789014951281,-0.6627318038478688,-0.871145673808775,-0.8043310219629763,0.7295100734826226,-0.9855394374696437,-0.33536874992491866,-0.8329773473095456,-0.9020630794467221,0.9222256422195603,0.9711007672387716,0.1427701033094938,0.9128427216576622,-0.9944888101559646,-0.9687449982854952,-0.9538363483463136,-0.982675829996977,0.9033525918959032,0.9699261398150922,-0.7903619094796729,-0.4918843091970469,0.8987468977049183,-0.2936998046136624,-0.8123361528844321,-0.947616125297903,-0.9494961472933687,-0.5310659390226237,-0.9770945691330307,-0.8363386538365924,0.9717442558107262,-0.7708537677426591,0.9769022139181386,-0.9568389929515461,0.9343289816858502,0.9619796851262227,-0.9434526002305493,-0.9423729006169338,-0.949458699800878,-0.7015434935050695,-0.9005682911181281,0.9643699776845431,0.854998860375782
