1.000000002233337,0.47996245612164556,-0.8127530886343127,-0.8337338124622619,-0.8958246859972394,0.5767740241901312,-0.6264264050426296,-0.9205859726108643,-0.8620066091151474,-0.8552893940291849,0.4581408920805318,-0.9476321676920608,-0.6927041066458861,0.5501319659587993,0.7520813130752425,-0.8899263923634816,-0.5712538453015285,-0.5622892689912987,0.7251392375493857,0.7594561638124203,-0.544698724897813,-0.22695120759671633,0.6955888790032742,-0.318647010768053,0.7055253843436944,0.764577681474232,0.4227253799173599,0.4533376261187396,-0.4956539457404135,-0.6684134875254873,0.8164081762861468,-0.581810479032032,-0.7944210106920464,-0.18750542997896338,0.8895434934528644,-0.582614599854486,0.7919795341211301,-0.376454993471747,-0.7345060027779433,-0.2536852070797417,-0.493888954473462,-0.8507104560831493,0.03604572807047065,0.8326564142221163,0.8672193851491022,-0.1403997240211874,-0.39408741907584016,0.9142111476818229,0.530077300020231,-0.4901379081769252,0.9919618675244963,-0.5548730827628278,-0.7333184458435602,-0.6183547809741302,0.45406045600612455,0.9285892620574455,0.8402947831076664,0.7719519841949334,-0.425384600360963,0.8665061857156612,-0.4409133529459498,-0.799347073730094,0.6635468897926177,0.6398516911152385,0.6878943367002434,0.7986361079807031,0.8479332806054201,-0.8419101953221335,-0.8235035467100356,-0.6960109180399233,-0.757843375838389,-0.48471455558415777,-0.465322328989837,-0.8544998224302018,-0.47309823418727803,0.7100535080321753,0.31374871635818735,0.7184796705238509,0.8451790689585786,0.806170659074722,0.5957116462185281,0.5714713831872753,-0.6744391934863971,-0.7895216380911251,-0.4677024578914783,-0.5593996582100199,-0.7865718456542763,-0.5127310605627511,-0.8549975075323728,0.8080238916857362,0.7313012719327483,0.7000461616601575,0.7450018807524116,0.949251859643771,-0.8595259646223695,0.6851758206082148,-0.5139730211871639,-0.3420297412584335,-0.731181926901851,0.6234576815893532,0.7586139011216824,0.7427732334550605,-0.8455502245105143,-0.6967061949275803,-0.7900617818298763,0.7459070948947053,-0.6505513117221722,0.7189689440869544,-0.7620354837591439,0.6187198545715341,0.9098293166647385,-0.5774486375588659,-0.07047244245293846,0.5861861528862977,-0.6837138660838211,-0.7699126134720184,0.7347996036490207,-0.7977730366779483,0.739323693038348,0.6985384801066513,0.6628713576788925,-0.5558010579176398,-0.6856366695943074,0.6116903154430745,0.86250264353099,0.5649749805614652
0.47996245612164556,1.0000000001015,-0.8981237367854337,-0.8069974159085317,-0.7785213118678056,0.9564261527943478,-0.8518912261427622,-0.1606052281002423,-0.7242098055367031,-0.7443500556700465,0.9750911133608338,-0.6018892951060522,-0.9313043450193731,0.8929976647234097,0.7324084534540499,-0.7083142527031085,-0.8591281454117033,-0.05483751095624245,0.7549848469881583,0.7122073200733128,-0.9954620991030672,0.03019212179739423,0.9424622684995058,-0.5803996439407684,0.902560895642455,0.9091609128382551,0.771601568791945,0.9294809255579569,-0.9818337943594337,-0.797899521765681,0.5015551790961851,-0.7534064145838675,-0.8416048548787423,-0.9194484130741463,0.6459327236979425,-0.9616938780427197,0.5475527500716915,-0.956072393723274,-0.7335467224695148,-0.8854427628655814,-0.9535058416616833,-0.8280535315541624,0.7021368962614821,0.8518460695961599,0.8330374619000324,0.6119633060464237,-0.45143630061730877,0.7417150668658283,0.9663641491555757,0.5267463891426117,0.44583212422509727,-0.9636974295030474,-0.9383491683643146,-0.9804989064263658,0.4225899233579209,0.15151031775137802,0.15598729121627192,0.21807049349178,-0.9133764174305594,0.7404973294449624,-0.8662971543531148,-0.8240035526206331,0.9535277950157165,0.7792910846420047,0.7033241998463848,0.9043077153574154,0.7271897426070613,-0.7348495203817184,-0.8582924197042914,-0.8681332182743223,-0.6443685119774955,-0.15184802011363724,-0.8735579273629187,-0.8138906309239214,0.5273218181022813,0.7746410344657239,0.6076316951689624,0.8124359390448433,0.6353826778124341,0.8870889451874119,0.7507018431395782,0.5590345612380053,-0.8330401444354734,-0.5560625784619989,-0.8499650603060295,-0.9610743250139276,-0.8339355207086133,-0.9657774591473964,-0.6788480882376553,0.8917656185471398,0.9295141816513449,0.8752444520786418,0.888302291311291,0.6244149982121449,-0.6587631919622549,0.7862201573994122,-0.44094065086354506,0.2316466813802998,-0.8564183672622703,0.9619084777379614,0.7249643911496902,0.5531910126353137,-0.7057055079257939,-0.9575712105062033,-0.9099337021517602,0.9168440151709861,-0.9289160439733515,0.6226890211701755,-0.8256699146083902,0.9503805129239682,0.7615876702309348,-0.982434230138942,0.7829199850785955,0.9299758286150809,0.15923025991354728,-0.8795232647493186,0.8424926078896217,-0.8612526357134881,0.7362770638489752,0.9501397777374332,0.8085608218607724,-0.9682845101721876,-0.9444132718852801,0.9265699090214576,0.47203817507821755,0.7634086586426796
-0.8127530886343127,-0.8981237367854337,1.0000000017602928,0.952065346642416,0.9501753782895968,-0.9051762965522149,0.9020081241757033,0.5542922893195312,0.8824070318358852,0.8937700262685512,-0.8706936932389161,0.8501921895304296,0.949817474546678,-0.8407786968598502,-0.8253042464927466,0.8915644274634466,0.8365372888224067,0.31744300643993034,-0.8259329760818086,-0.814308830555076,0.930720167795212,0.031625208821099024,-0.9751977070530919,0.588908296980401,-0.9286253744650037,-0.9776218199726505,-0.7298477601102626,-0.8254671788125262,0.8972808415120813,0.828438762118826,-0.7089103757667884,0.7471855448337137,0.931308700212336,0.6945681589266114,-0.8434922286891595,0.9328011456364309,-0.7235780105777703,0.8330309826551365,0.8180481147972639,0.7337809504273757,0.8903323257766079,0.9810996081792388,-0.5204436871540933,-0.9637852468143087,-0.9855113819663217,-0.34808746932491663,0.524439554879262,-0.9299458116641938,-0.9151242432541349,-0.10405983047940952,-0.7802750676917393,0.8990160562238927,0.9824549145290561,0.9475147536248013,-0.5473957825559037,-0.5534671154100957,-0.5218296483693924,-0.5023791238773058,0.7888325869892623,-0.9066604915398347,0.7690970988036645,0.9196934202637074,-0.9521242248664389,-0.7966690413107368,-0.7898457258381437,-0.9892788466177526,-0.8784838830288283,0.8780923650962154,0.9716340160379181,0.8942288785513071,0.7666644009077151,0.29310132680389733,0.8334806616061528,0.9653231600540847,-0.12126454168289288,-0.8316006589627577,-0.5908205640627019,-0.8644025416116857,-0.8087818763681506,-0.9766998910043961,-0.7524137753302946,-0.6066510446418135,0.8600161691646787,0.721745479968014,0.7860743488367243,0.9253436159934588,0.9209609341709992,0.8787679629604207,0.8463268950594851,-0.9871155150736399,-0.9683950296887436,-0.9114857535947073,-0.9445876680338356,-0.8979344410345488,0.8355042914071295,-0.8324181560240435,0.5181255426533545,-0.01345543589073151,0.9070693431405008,-0.9397615794572379,-0.8240357471233529,-0.7002481857646966,0.866406344767902,0.9722489880362702,0.9905066365544215,-0.9639920349919181,0.9460355238474597,-0.7303268163768964,0.8995808496547569,-0.9238265203700818,-0.9425468686405214,0.9292569698119091,-0.5017347459618519,-0.8925244015285342,0.2626680360054386,0.9455696979896073,-0.931404657240099,0.953416597751239,-0.8824498085250758,-0.9693152788493219,-0.834894687507898,0.9224185449254614,0.9720429890506243,-0.9104444691551532,-0.7203736009675459,-0.8184028977212833
-0.8337338124622619,-0.8069974159085317,0.952065346642416,1.0000000006798764,0.9637933520483631,-0.8725927637056571,0.8321239045262142,0.6587407317989167,0.8568137117733945,0.8326486480623,-0.8441031514503433,0.8287586786181009,0.9364813184556405,-0.835590907328525,-0.8165278965227716,0.9164130332593895,0.8871218535782703,0.1335999854837581,-0.7983070301413911,-0.7962018431075465,0.8425660404982808,-0.00440188288921036,-0.952419761245167,0.6519264055820387,-0.8999115531283887,-0.9732410456365583,-0.8427180932167165,-0.8236683108622372,0.7599789686079439,0.708800512385085,-0.80587603247819,0.6963093255803905,0.9111791448549738,0.5149673932242812,-0.8025745854200912,0.9134943111803321,-0.7977894275143286,0.786337370590485,0.8305569778457219,0.7080727311684186,0.8600148575907934,0.9755474145097836,-0.4131900739133299,-0.9435881960836314,-0.9168080676269645,-0.09703512666384935,0.7175916082180179,-0.8870111529439634,-0.8675528748912967,0.027356420940220838,-0.7801017784319028,0.8569609343803275,0.9558396838740728,0.8626048074165588,-0.7004183928090175,-0.6411232524513402,-0.44121294693112134,-0.6640174893679912,0.7246517133217656,-0.956443790763459,0.7881722888706105,0.8890506745551702,-0.9255105760864534,-0.7339860429332409,-0.5956531690046001,-0.9581901805992828,-0.8928044771754122,0.8285851055752907,0.9839888971842922,0.8460750694487987,0.7811479599734399,0.4216140728077755,0.8434719330962469,0.8661220539037828,0.026523740103847716,-0.7898621064288592,-0.7199447769411804,-0.7852116691203,-0.7826745026279986,-0.9472859111644101,-0.6795256167748766,-0.6279091627782668,0.8679846348271878,0.6820956577595959,0.856308917512439,0.8914067360903606,0.9055121363421686,0.8320576257378856,0.7857408366312213,-0.9727371585597678,-0.9394240364130818,-0.9338848552143606,-0.947954030469095,-0.9258862823653595,0.8520503851996485,-0.6900735399284924,0.6921170162326559,0.2251119789846541,0.8934210944954756,-0.917896307500391,-0.8232207913156107,-0.7768612448621275,0.9180941310495184,0.8869737600382066,0.9633102167884829,-0.8764974478433092,0.95123785084825,-0.6332518865270793,0.8745569790429033,-0.7920632314472046,-0.8974384774403665,0.8780615580672082,-0.4523230762274382,-0.8918558414721531,0.39637255377277597,0.8884115782507594,-0.9857814923238045,0.958134317686285,-0.9229873673661059,-0.9376403766309216,-0.8431432511829876,0.7900336859980054,0.9494462667309134,-0.9283139681148219,-0.837829158046378,-0.8604452826626882
-0.8958246859972394,-0.7785213118678056,0.9501753782895968,0.9637933520483631,1.0000000018782926,-0.8755350927522325,0.7413504372301487,0.7416441874635176,0.9620873136625356,0.9460164962210641,-0.787086940190554,0.9410703769678342,0.9379841728847812,-0.8607697469508235,-0.9235387964725598,0.9860826957323434,0.8699006502916291,0.2793960456270769,-0.9100901943688735,-0.9154381474946692,0.8110598836161371,0.24217987211083422,-0.9040995960415651,0.43528703247311584,-0.9415086515598231,-0.9618314760730379,-0.7095152562900172,-0.801583279642899,0.7464379362741815,0.8416235263782729,-0.8916752808167956,0.8204868528999804,0.9730227628536912,0.5148936803653238,-0.9321169028404058,0.8425295016328573,-0.8958354120319598,0.6806723609636606,0.9230260544400218,0.559220420274648,0.7608715564514931,0.9417577457567046,-0.24682043325545275,-0.9877130796021972,-0.936018503940111,-0.06538244361091376,0.5229198980926572,-0.9727031387582046,-0.7847429462075087,0.10410884839463613,-0.8744386785764685,0.8605598387695225,0.942927863455737,0.8732338215328211,-0.49701566412807113,-0.7301573451335922,-0.5649948018428015,-0.7442422379279737,0.7682209143580722,-0.9896784940510821,0.7906085475919628,0.966556027240727,-0.9193652092885958,-0.8564328547488839,-0.7327102730129348,-0.9707838394810522,-0.9740418618342617,0.9449666602395094,0.9851269761764376,0.9221437334098124,0.9010924083759158,0.5605389845125017,0.7006195051909362,0.9040844011328235,0.1203168043468458,-0.902799421565837,-0.5123383576575665,-0.8995242607124262,-0.919180821406297,-0.9783039487595147,-0.815640020302088,-0.7668285454441781,0.921359738399187,0.8505545294969102,0.7950074800077583,0.8097579715383961,0.9696368514940179,0.8340400256681121,0.9206960639546485,-0.976020455879466,-0.9516137413601692,-0.9435655392475488,-0.9637107586358008,-0.9102988649323743,0.9545297785916617,-0.8263501271309441,0.7121108977946417,0.290871622247076,0.9501295112424502,-0.8966090674482529,-0.9272052723841299,-0.8747794845019642,0.974357241935344,0.908368487967258,0.966543498547753,-0.9296212336256227,0.8790587337760742,-0.8105398282871752,0.9528234847056831,-0.8409720464550325,-0.975531091664335,0.8650359157319913,-0.29540150921243064,-0.8846577891010201,0.3587498646642849,0.9542306775258115,-0.9123782628014148,0.9825262073584417,-0.810482102931949,-0.9324237273308935,-0.9084428005288298,0.7707221776742984,0.8978415565708668,-0.892565866416785,-0.8987352655504854,-0.705302178841473
0.5767740241901312,0.9564261527943478,-0.9051762965522149,-0.8725927637056571,-0.8755350927522325,1.000000001467881,-0.7470226295113364,-0.33922536811914056,-0.844960998060239,-0.837260089786799,0.9704846101514923,-0.7185159478962674,-0.9872134915008839,0.9833846401079225,0.8781583714876804,-0.8446151640177905,-0.9623208748424521,0.011226578208442552,0.8885619093468686,0.8579810448735073,-0.9490704639673518,-0.17040927926456634,0.938412934415693,-0.47492207071182996,0.9792785360635791,0.9565737557689438,0.8206463762005077,0.9827967580826019,-0.901101353360345,-0.8600086059078403,0.7139169098621109,-0.8798049201231924,-0.9385988360822312,-0.8121228548342477,0.7657871388520745,-0.9446097536303378,0.7534393168091083,-0.8813275067660256,-0.8882762856435077,-0.786838001277174,-0.8983551889936003,-0.839792109289857,0.48708803392129973,0.9302918814711648,0.8304002191335743,0.37628574828622785,-0.4929537933733908,0.8235533146489609,0.9091378382494154,0.3791076954764712,0.5494552465423845,-0.9992850795356406,-0.9643763592873195,-0.9762104190421964,0.4065760082188242,0.3169878152906879,0.1787961595574632,0.46735954094600385,-0.9655892708711511,0.8708094124564392,-0.9611829127309656,-0.9236045327383194,0.9906773422711723,0.8915884543499564,0.6787220539560804,0.9455110826687029,0.8674377091684807,-0.8429267307155144,-0.929126049332838,-0.9558098179217558,-0.8192171031389691,-0.4293713842266324,-0.8103466871335548,-0.7959218344397188,0.3440210966226973,0.8967260920087883,0.585803864523704,0.8989780545304018,0.778966117987584,0.9468312759457649,0.8646602679823372,0.7589479302598113,-0.9554952057818813,-0.7115850008260608,-0.9324986497409631,-0.9181086506285704,-0.937830204425319,-0.9965105305996678,-0.7876471589086174,0.9399023508105776,0.9777518915177843,0.9721046893593125,0.9703941720990581,0.6663153098079644,-0.8156218794145322,0.8254635058163523,-0.6748779286893622,-0.056500117039193935,-0.9591216070124148,0.9911503960584088,0.8752249960124068,0.7640048667835257,-0.858789422247302,-0.9585153693663199,-0.9467084649216809,0.9416773019041171,-0.9311364150726105,0.7346461038520736,-0.9337200338905373,0.9313583171830049,0.8355317046750426,-0.99224903620479,0.652379722399609,0.9946529116598571,0.09549201466466241,-0.9453552988538596,0.8845598473494902,-0.9488187692204364,0.7124843011273667,0.9810780244523966,0.9414105418371367,-0.8832975782041972,-0.937793024857955,0.9808645290643709,0.6763949214217676,0.7072343160483711
-0.6264264050426296,-0.8518912261427622,0.9020081241757033,0.8321239045262142,0.7413504372301487,-0.7470226295113364,0.9999999996467344,0.30160676441822243,0.5959166066444035,0.6278599779779185,-0.8085282228233837,0.5818529746881113,0.7869844349313467,-0.6205859231417594,-0.5050797008635836,0.6211410211475354,0.6432778078839235,0.2799159760105706,-0.5109545888849257,-0.48679333173591954,0.8930320196284274,-0.3814374562340782,-0.9180516603103132,0.8186678105778812,-0.7138392315407033,-0.8404355189928753,-0.6992970136726203,-0.6768962030379795,0.8820070034442167,0.5658364276957275,-0.3673490626255443,0.4247017225258979,0.6888659954614968,0.694316557235965,-0.5491662068437806,0.902195996687154,-0.3717220032958222,0.8876880419046469,0.49945475122283234,0.8557580773737299,0.9227387878141707,0.915560561450792,-0.8008364611717066,-0.756395448144154,-0.8911031447512738,-0.5437961223906013,0.5957654247650013,-0.7017735388497938,-0.9356593385321195,-0.24063750574273338,-0.5637994389928911,0.7472462822756142,0.8647644918051622,0.8332941144030481,-0.6947453751490605,-0.31146798548379734,-0.40230804808567555,-0.16189017858002985,0.5875715059875979,-0.6681358723061925,0.5627566349357684,0.6638261089750978,-0.8120952252253834,-0.48958792949200775,-0.6315826014420068,-0.8406022025387663,-0.5900090700700066,0.5939353310987242,0.8073866664840993,0.6428973943917532,0.41597442888824704,-0.12874705120068755,0.9210729726453206,0.8740125935310894,-0.3115082640151968,-0.5249801712284324,-0.7180499266665317,-0.590548945270349,-0.4826007308046138,-0.7949718925596786,-0.43433161194496395,-0.21756368583369523,0.5937924162850376,0.3644595650349599,0.6498015537308629,0.9311377139796306,0.669841104573878,0.7318486553577717,0.5538260924112381,-0.8407226705462538,-0.8065818897288217,-0.7050122465742084,-0.748957172611483,-0.8152649049008621,0.5207630094589403,-0.5940000111052727,0.20556833819985354,-0.3389438158262133,0.6584484225711285,-0.81847560079558,-0.5026744212229755,-0.3406069676283968,0.5877054186045542,0.8492031799720142,0.8534372189216376,-0.7955738138264677,0.9022788206590158,-0.40157410805484,0.6323091899546646,-0.7976240505470298,-0.7265094010302398,0.8177842183106527,-0.6674488552366354,-0.7237951018941938,0.2707957692834684,0.7277426228237729,-0.8599468399472399,0.7501213589729784,-0.9299963324440416,-0.8369852134296084,-0.5502342681713052,0.920602516919522,0.9198311587634392,-0.7783405569216317,-0.4140399996340134,-0.927061637863912
-0.9205859726108643,-0.1606052281002423,0.5542922893195312,0.6587407317989167,0.7416441874635176,-0.33922536811914056,0.30160676441822243,1.0000000027427958,0.7316380667531578,0.6930978693788701,-0.18637729552360188,0.8440076556219408,0.47080576668161445,-0.3682611567269696,-0.6439082285202656,0.7839731483835497,0.41773201405377314,0.44803077782870304,-0.5995602220855162,-0.6543807320879738,0.22321501883303185,0.3628067987197944,-0.4264016923666426,0.09868388924510986,-0.5022496641055796,-0.5420370055902736,-0.27016930357696517,-0.23939141899295785,0.1448918346044649,0.46438731391789373,-0.8339234907185028,0.451064793298379,0.6202405087549836,-0.16560695054703037,-0.774699682010089,0.3032757079580648,-0.7892637586981676,0.05825276758220676,0.6371963637020837,-0.05550388967180235,0.19007736283087534,0.6209350502010459,0.31867479739475646,-0.6415906413381086,-0.6127968855095982,0.5104113528665656,0.3352041602411942,-0.7467942948991219,-0.21697213527248405,0.7416917205206757,-0.9220861607293644,0.30854117341631154,0.48460104230173173,0.32900837885292855,-0.35200728970047257,-0.9974183225679614,-0.7756915963396505,-0.9025355059331868,0.20304397910485497,-0.7537737163299117,0.27714363138990533,0.6292605878297037,-0.42085587488371906,-0.48842029789638897,-0.43113210110554434,-0.5665711378123994,-0.739048406952502,0.6956183002436952,0.6322178128771654,0.5056770472688866,0.6973333662132322,0.6539792314397298,0.18523066903134644,0.5883616851713284,0.7538388693753375,-0.5689050019861718,-0.15947646631804724,-0.534704117399296,-0.7541134106868316,-0.5917568871251203,-0.45201542339133643,-0.5573753127879033,0.5296410527875233,0.7261262988275548,0.3088856951270225,0.25963176773340846,0.6204127808045447,0.2627252701860291,0.7209477386333227,-0.5871685042726769,-0.5001545650252113,-0.5284744736887339,-0.5544854689374645,-0.796849867658748,0.7800355844026694,-0.462893849548485,0.5866339906771508,0.6433646669756661,0.5604027887438505,-0.3751500684279621,-0.6569524744066363,-0.744023347226631,0.7588458659418871,0.4145722051002553,0.5544548359474102,-0.4892310072266073,0.3962209494396847,-0.598171857852526,0.5997254423041659,-0.31721639179400435,-0.7314245237021638,0.30557263773540616,0.37130209985514195,-0.3764990697310687,0.7765397863585966,0.5572236214984537,-0.5382479597631679,0.6167895415309684,-0.5204360996336101,-0.4502762972400128,-0.5320961908872163,0.20472858512747802,0.4144572811474321,-0.39851127380255036,-0.8846874531313579,-0.321615214985279
-0.8620066091151474,-0.7242098055367031,0.8824070318358852,0.8568137117733945,0.9620873136625356,-0.844960998060239,0.5959166066444035,0.7316380667531578,1.0000000016679782,0.9927167232074104,-0.7062585200822483,0.9715629409055837,0.8916005095185919,-0.8566365979750259,-0.9779264772901785,0.9833345527401554,0.8180185152412198,0.36396379410865964,-0.9729933854951479,-0.9810789689703082,0.7454804580403324,0.4820303989946841,-0.8026928748595382,0.18494382402253326,-0.9356525061945397,-0.8920527647257991,-0.5480504499007585,-0.7590412340810889,0.7036335728472622,0.9317975868935784,-0.9108308142434902,0.9133039837307024,0.9765015967237516,0.5199576159212355,-0.989423468234596,0.7310143172609799,-0.9321464167252075,0.5547160537716003,0.9646829463640987,0.3990720446803893,0.6284180605702624,0.8336094185940343,-0.0827623050741289,-0.9674894084146285,-0.8811405965249217,-0.06010338311340768,0.28861006197786027,-0.9826199601384564,-0.6654671602279061,0.11376548419718753,-0.8745916651016108,0.8332130996875154,0.8754086843783337,0.844443610279087,-0.24270798096499535,-0.7247235201734898,-0.6004978842419995,-0.754514922837895,0.797457096882214,-0.9523125505574322,0.7749716517214399,0.9854030368815209,-0.8683971262801619,-0.9407260042358491,-0.8177619170125695,-0.9216919984919758,-0.9893572730056663,0.996789794698307,0.9206949137149527,0.952950654253858,0.9665737946724179,0.6660406127359586,0.5224595280871455,0.8690909343709756,0.1515189203856566,-0.968913730319572,-0.27679160390698654,-0.965815384945823,-0.9898419812594543,-0.9478981365300395,-0.9186813304710715,-0.872806326796679,0.9312193873058088,0.959242041798629,0.7079979616974719,0.6886236332412692,0.976496971060886,0.8099244125788373,0.9885234784617116,-0.9158763200751111,-0.9114120495940753,-0.9047474196487518,-0.9256678284180953,-0.8035697855610725,0.9891072625062154,-0.9166998695931778,0.6973164195511303,0.3235357814218524,0.9566037228163501,-0.8344900773880766,-0.9775628413780586,-0.9173017963567479,0.9635158816099095,0.8808858601153269,0.908643045796713,-0.9292039790352163,0.7577907185948553,-0.9374117573138601,0.9774010011896846,-0.8506610100538232,-0.9783348412385828,0.8169998656153774,-0.16074642357683033,-0.8422978423871794,0.23408319392926738,0.9647866731872562,-0.7784059229289239,0.9464966083644902,-0.6281443651723857,-0.8778205859883781,-0.9318326432662385,0.7139380360790579,0.7941336636848603,-0.8165306300058921,-0.8847641716321678,-0.49863810211641446
-0.8552893940291849,-0.7443500556700465,0.8937700262685512,0.8326486480623,0.9460164962210641,-0.837260089786799,0.6278599779779185,0.6930978693788701,0.9927167232074104,1.0000000021833573,-0.7004682460976605,0.9696512833996386,0.8801068235047508,-0.8340895040015966,-0.9580637712522,0.9593705682518835,0.7779179576530586,0.44558677082544124,-0.9594272972502851,-0.9648634436871653,0.767167912053841,0.46836913956434284,-0.8034615950975859,0.1751363761501803,-0.926730718300334,-0.8818944608183367,-0.4957501027096254,-0.737545056719382,0.7448477858203892,0.9549939553927345,-0.8563848589110085,0.9039021650426482,0.9660251607698739,0.5712485815000602,-0.9900178284775171,0.728982784526199,-0.8836821123210435,0.564499385011841,0.9363194168880629,0.40471656299210834,0.6335221591150589,0.83434633246324,-0.13099011390391965,-0.9608197905755664,-0.9038615317382976,-0.15315768671481875,0.22127031356489948,-0.9878919819157194,-0.6768693166660565,0.07915645979253058,-0.8740085658528088,0.8288501224950948,0.873745283874859,0.8609551229496496,-0.1994432762419258,-0.6939254489721556,-0.6414178158414391,-0.6811792972643862,0.7948985830335588,-0.9200686604558205,0.7418717598298843,0.9783766401558703,-0.8624943700141369,-0.9381400842598199,-0.8809642315295045,-0.9218359959595591,-0.9662282722501995,0.9979729235534992,0.9048231940199161,0.9489397855944666,0.9376143728816488,0.5919033895341979,0.5179710865554833,0.9037905051044695,0.10570378105589208,-0.96051136939378,-0.23240917241654288,-0.97374116835892,-0.9811142542195015,-0.945270783974038,-0.9184958039032022,-0.83480112705074,0.9048250547888695,0.9534107996535301,0.6624498653543394,0.694565616858667,0.9634734269863939,0.8064844266267434,0.9949692003128262,-0.9104219701447273,-0.90710669608649,-0.877565706114451,-0.9076109408090125,-0.7979033513948471,0.9649321373256695,-0.9513355587675784,0.608792268649061,0.22084153224999334,0.9409699888796019,-0.8269977568049935,-0.9549412442812344,-0.8657251890730769,0.9274301875612126,0.8995984772711719,0.9078945385994965,-0.9473621653144496,0.7480671710201043,-0.9521970144430832,0.9661707250902482,-0.884759412531171,-0.9848409224799384,0.8196831553164446,-0.17231380049178277,-0.822470361447687,0.20729044129559784,0.9688486660990798,-0.7521529718737019,0.9294528150416969,-0.6198580980823324,-0.8755744743833043,-0.904053635456801,0.7564589790459777,0.7949143729145824,-0.7935244259148916,-0.827506199024182,-0.48924905267969504
0.4581408920805318,0.9750911133608338,-0.8706936932389161,-0.8441031514503433,-0.787086940190554,0.9704846101514923,-0.8085282228233837,-0.18637729552360188,-0.7062585200822483,-0.7004682460976605,1.0000000018194144,-0.5679475463908977,-0.9477251720089647,0.9287128595832136,0.7398694932197555,-0.7238048469559649,-0.930751174686412,0.12824416857082246,0.7521428939595627,0.7106673565626147,-0.9660837361438348,0.0549622448999251,0.9458743231794612,-0.634469507416028,0.9069384862975607,0.9224690064745789,0.8863935752853543,0.9751215187224065,-0.9170221381172723,-0.7307089016512234,0.5653042756306762,-0.7461208226988668,-0.8410710784912891,-0.844008457312975,0.6077460360737457,-0.9778734504250087,0.6007485132908269,-0.964240959057192,-0.7587370690717499,-0.9104391121463046,-0.9647136536746665,-0.821458748574967,0.6595148449017082,0.8465276020522113,0.7792333486376976,0.4736565685952397,-0.5963858890939102,0.7037914460556358,0.9630459110879003,0.507102022074415,0.40765467470767147,-0.9727542822191545,-0.9388517277418768,-0.950429171117001,0.5245631808247729,0.1623902955505976,0.03989572971912886,0.3108758921037403,-0.916073567827717,0.7777657719471616,-0.9271247389853552,-0.8143893570500579,0.9629599349748983,0.7590675188205094,0.5633629176711616,0.894585625641375,0.7411707175681602,-0.7013078990480531,-0.876382855661429,-0.8579582065002921,-0.6634074199835878,-0.24473679347742486,-0.9077609976901418,-0.7362720239741136,0.4904555808610257,0.763587649541549,0.7209476483177845,0.7733705643047417,0.6134972678246013,0.8785472110153453,0.7249607025504892,0.5951136873593282,-0.8653521032490544,-0.5241149983242529,-0.9415086686380394,-0.9659344576094926,-0.8375464458371563,-0.9749618349990725,-0.6315053415463349,0.892682120314197,0.9303878573099541,0.9160860169367794,0.9110946950682576,0.6182479612142423,-0.6692319982607606,0.6978094331935941,-0.58340007821975,0.08077154899175075,-0.8681163678238595,0.978095762274408,0.737322620975434,0.6135863614080074,-0.7458424330154383,-0.9187951413436501,-0.9036944594370073,0.8713249779516059,-0.9556381250403668,0.5573616731822922,-0.824516395549574,0.8829121286642355,0.7233377177628788,-0.9816208175053734,0.8076737905795229,0.9658300436379249,0.1331134844916835,-0.8547704821906631,0.8933782593654082,-0.8785189811356103,0.7599281933564298,0.9518261672165926,0.8411945031919802,-0.8998268628453528,-0.9487170645244423,0.9716539771955729,0.542529505827585,0.8023789827022529
-0.9476321676920608,-0.6018892951060522,0.8501921895304296,0.8287586786181009,0.9410703769678342,-0.7185159478962674,0.5818529746881113,0.8440076556219408,0.9715629409055837,0.9696512833996386,-0.5679475463908977,1.000000002629627,0.7965489563304429,-0.7180166862558177,-0.9070300600314515,0.9604720675695764,0.6895132220712997,0.5216490446591929,-0.8944393290485774,-0.9171223247408105,0.6426769474563806,0.4490623878910791,-0.7346039792377221,0.1678518733059383,-0.8407854214075484,-0.8260466110449399,-0.4329788292105599,-0.6039460323012042,0.6068878388686153,0.8590798363565815,-0.8888038460009355,0.8006444464995043,0.911230919092467,0.3712978375479567,-0.9888170629300296,0.6349980475338679,-0.8939614897832098,0.4340347882013923,0.8852391450597835,0.2776956646372318,0.529864578707518,0.8290184929510135,-0.007920157559965646,-0.9185617829808082,-0.8843943698528735,0.031519771497990526,0.25753901346608427,-0.9816461395003929,-0.5733272125886572,0.31282330296003064,-0.9630951160403938,0.7027482064960634,0.8032836671323988,0.7441479574894428,-0.2617875737804495,-0.8474681823884412,-0.7634543612601992,-0.7802293152702232,0.6377426225881948,-0.9186389888622978,0.6136834475474615,0.9244339495256919,-0.7686405525690018,-0.8428096442788066,-0.8152711579071109,-0.8679502876254549,-0.9482656298616162,0.9657090319902817,0.8725562739696778,0.8586768417547181,0.9070247927169758,0.6196349444786302,0.4430621539118702,0.8806017448874003,0.32932365887095283,-0.8863874007599265,-0.2123419159485265,-0.8916368568730704,-0.9693449565204808,-0.8916190034576691,-0.8157071123956885,-0.7753677847609836,0.8254903928718755,0.9389807493954762,0.5658621159568988,0.598964815738806,0.9079886834141887,0.6701830261331276,0.974961611384776,-0.8650714401404738,-0.8300962124912985,-0.8075711844463701,-0.8433141043699749,-0.8649412242212753,0.9610871880264324,-0.8618978322316797,0.6048404381361118,0.3404003484322172,0.8683847853736653,-0.7261478654651853,-0.9083964488382095,-0.8624929816198197,0.9224889855896231,0.8044474808510169,0.8534948612468808,-0.8645254526932743,0.679480286259983,-0.9005768295914935,0.9023316524056996,-0.7640708911130902,-0.9747580667708808,0.6997938015311767,0.00277973683547083,-0.7160440047490545,0.42729887371664027,0.8971311044017917,-0.7270236935121109,0.8823868592323684,-0.6380432453025583,-0.7909364389638815,-0.8244876436743958,0.6386823626730868,0.7242121271295215,-0.70356179325707,-0.8871990279368315,-0.4720151832830575
-0.6927041066458861,-0.9313043450193731,0.949817474546678,0.9364813184556405,0.9379841728847812,-0.9872134915008839,0.7869844349313467,0.47080576668161445,0.8916005095185919,0.8801068235047508,-0.9477251720089647,0.7965489563304429,0.9999999998967944,-0.9657354806621009,-0.9000672575260767,0.9052907637090997,0.9612934966839055,0.06613838130947426,-0.9020500625199345,-0.8813608808609847,0.9381169231849948,0.1538324285006966,-0.9647818033570114,0.5157215041845599,-0.9884636542233793,-0.9896565314323831,-0.8296212796746023,-0.9537821705481193,0.8806994069873303,0.857053491132824,-0.7782907508716284,0.8631016920308239,0.967541827296909,0.7379104192019301,-0.8228597271796594,0.9518703315358347,-0.8049248782760026,0.8597831435899288,0.9090522421524334,0.7608546351263064,0.8976249245168122,0.9073469765422805,-0.4531230408108495,-0.9704103399340256,-0.8903324052727681,-0.2920748161040465,0.5509170152246445,-0.8849183159790986,-0.9105780191728042,-0.24064903586962338,-0.6609401974821827,0.9816308615602851,0.9892659210027597,0.9700449235516443,-0.48569102302670936,-0.4508854051876187,-0.29675656329287226,-0.5581757238726991,0.919359341970617,-0.9308092215087617,0.9299413703931649,0.9523069048273886,-0.9977043734188514,-0.8842883708238306,-0.6965718670866873,-0.9812756770863531,-0.914709296772622,0.8827261804821079,0.9761799455577715,0.9595552325979579,0.8489435377192164,0.45784913896940144,0.8240164961080481,0.8528606270524923,-0.21478446067846213,-0.9052244703130672,-0.6147353025322895,-0.9063211935944829,-0.8256228566186291,-0.981190847786927,-0.8493440663589867,-0.7572632274020338,0.9620042354547566,0.7499468429615208,0.9228946927591233,0.9248270085784793,0.9652778003182422,0.9709421954164071,0.8332620389913737,-0.9806387001777733,-0.9966258587912593,-0.9891316856986833,-0.9942919537694589,-0.7736596028171779,0.86840574658206,-0.8280879281764664,0.6998979308556694,0.1209053915544936,0.974402871793457,-0.9929113905645496,-0.8997210036459439,-0.8047695856427349,0.9127790989453045,0.9681273526860739,0.9823249751143021,-0.9579618161563584,0.9549910546072395,-0.7515329786720453,0.9541380810653517,-0.9220308166226914,-0.8955991056160902,0.9818351500008381,-0.5794857783604952,-0.9878735767865559,0.06349972729887253,0.9657997895054002,-0.9337748274619283,0.9844157725460512,-0.7888249345900034,-0.9956500351987757,-0.9455885216235604,0.8779899985411244,0.9628110631613414,-0.9862552483898922,-0.7594271255494782,-0.7568414085102049
0.5501319659587993,0.8929976647234097,-0.8407786968598502,-0.835590907328525,-0.8607697469508235,0.9833846401079225,-0.6205859231417594,-0.3682611567269696,-0.8566365979750259,-0.8340895040015966,0.9287128595832136,-0.7180166862558177,-0.9657354806621009,1.0000000003519127,0.9165832981940372,-0.8578183113596285,-0.9782764028484192,0.0878338060551946,0.9233191793375632,0.8970191901845044,-0.8768668133622768,-0.3025874808512092,0.873530864782582,-0.35795978744841694,0.9741754180870901,0.920514972186288,0.8015493496960396,0.9808135136325508,-0.8152089314785387,-0.860565596387767,0.7798336852511566,-0.9264160928984161,-0.9386074584679905,-0.74219854861265,0.7761943727745287,-0.8804865278261688,0.820288302882112,-0.798230978697306,-0.9319891102656507,-0.6946933956827019,-0.8161049082324568,-0.7689422717712242,0.3408992660534159,0.9128722944787434,0.7564222215144658,0.2524003562615986,-0.45877174220338435,0.8038454484066392,0.8243760833148032,0.3368561703222453,0.5316333358081573,-0.9802335747744921,-0.9187295551647934,-0.9276588040920741,0.3296374252557663,0.337902608894957,0.12663912453216286,0.5550512992559514,-0.9744663827763604,0.8782884432055493,-0.9881131281091483,-0.9265568407019161,0.9600493946537445,0.9238914647694605,0.6236059455945258,0.9054067070604428,0.8891826393822815,-0.850609718366627,-0.9022479310198238,-0.9624993164449518,-0.8751465618009113,-0.5703849502474343,-0.7188786704897415,-0.7161569850098378,0.27601748688523864,0.9264868523822276,0.52191805102287,0.9070284422229007,0.8091072594496517,0.9194860669770228,0.9038707271589956,0.8503104892690105,-0.9819029718897909,-0.7577532484409993,-0.9402480115666024,-0.8391234041277686,-0.9430268229448846,-0.9785973892985158,-0.7960892379311295,0.901599033297283,0.9491111798974919,0.9750411460562961,0.9608072297012874,0.6030919020684719,-0.84811823438128,0.8106857542380244,-0.7747311311158726,-0.20247285429294068,-0.9685629568461912,0.9578501074469692,0.9152025518749222,0.8389229969361968,-0.8848489696109989,-0.9062957893287948,-0.9035924691823939,0.9026839257904647,-0.8711820748088297,0.7637131994260234,-0.9457357486177637,0.8785425566705838,0.8107407789920972,-0.9532453288593115,0.5710123145999524,0.988126334492405,0.13377866960459106,-0.930022898378638,0.8387765961398981,-0.9379545657004683,0.6191520638085156,0.943187763468263,0.9765599805830473,-0.7877056168837266,-0.8719398305661633,0.9614835431333953,0.7289001531407349,0.6065191585898765
0.7520813130752425,0.7324084534540499,-0.8253042464927466,-0.8165278965227716,-0.9235387964725598,0.8781583714876804,-0.5050797008635836,-0.6439082285202656,-0.9779264772901785,-0.9580637712522,0.7398694932197555,-0.9070300600314515,-0.9000672575260767,0.9165832981940372,1.000000000250667,-0.9608931396154125,-0.8746125372213341,-0.1955677434945286,0.9976438785393584,0.9985068592155409,-0.7351746181782141,-0.5533968819854364,0.7732729277997326,-0.12473365569398381,0.9505382821486663,0.8737309016140554,0.5909672467953194,0.8240616564343907,-0.6820980024908815,-0.9325441022669554,0.9228138573999387,-0.9688076025748453,-0.9732809008856315,-0.5483048176780512,0.9484491324046938,-0.7236899589954748,0.9534670186386633,-0.5602390847850807,-0.9965861020680379,-0.40792377755296344,-0.6170827029291661,-0.7585341774813,0.04319572023508364,0.9443391769841424,0.7949298899957369,0.04019378717909678,-0.2829338817789424,0.9254270959078441,0.6462664438136854,-0.006226085374242641,0.7664006318636288,-0.8679180685613391,-0.8558039341392253,-0.8411466627699014,0.1813572730543349,0.6254789168305577,0.43466708411373406,0.756752909212141,-0.8676906131597352,0.9360134853286104,-0.8600261461862952,-0.9802475012343937,0.8754989536501429,0.9770037016686866,0.7445758084510998,0.890863789098661,0.9829381450674087,-0.9735872992284342,-0.8950180371103946,-0.9725512333535654,-0.9922357238107072,-0.7479774657870141,-0.49972651829674675,-0.7738308315505755,-0.07093978528928811,0.9931113898541328,0.2748835611241654,0.9714283015400471,0.9732756531529859,0.9246475770185095,0.9627799781797083,0.9474391294088486,-0.9720924997057057,-0.9523839240673484,-0.774682073799473,-0.6703833646707598,-0.9784235615210186,-0.8522458475302127,-0.9543163665786162,0.8849471071729559,0.9055012576592768,0.9287124257455073,0.9314084332749003,0.6921279005181395,-0.9801980039950304,0.8971884065329216,-0.7865616785853502,-0.3863652872885493,-0.9747406699110464,0.8474434843422811,0.9996460168689739,0.9547247975831477,-0.9618719554469372,-0.8582706472224897,-0.8777948365343876,0.9039344020286715,-0.7407795902590075,0.9310167348356062,-0.9870397594945252,0.8342175162802156,0.9201491640217865,-0.8324249312564915,0.21336386777654545,0.8821402731451943,-0.08018644443857034,-0.9539383462682149,0.7523279666556737,-0.9386909422447879,0.5421572488833856,0.8718821735495671,0.9785919464406261,-0.6726681666809429,-0.7657741792102583,0.8423657262652107,0.8752076766024347,0.4384569468497822
-0.8899263923634816,-0.7083142527031085,0.8915644274634466,0.9164130332593895,0.9860826957323434,-0.8446151640177905,0.6211410211475354,0.7839731483835497,0.9833345527401554,0.9593705682518835,-0.7238048469559649,0.9604720675695764,0.9052907637090997,-0.8578183113596285,-0.9608931396154125,1.0000000011919485,0.8569702180148511,0.27108967934722433,-0.9455041671164284,-0.956861469873316,0.7352382202504423,0.3898930581905984,-0.8313379073445878,0.29421881918521653,-0.930067640700555,-0.9179297109707787,-0.6465595018627663,-0.7732751045544023,0.6664990996737489,0.8592092758228445,-0.9477708607279863,0.865320099073939,0.9722742599565581,0.4475174181942792,-0.9610237486869722,0.7630946635415891,-0.9541436041153852,0.5790439907372693,0.9598697948095699,0.44195551491751967,0.6624555302726138,0.8732925062442409,-0.09438646778801234,-0.9716009931064999,-0.8789136634088093,0.03818302097656113,0.44349975437676287,-0.9692708454260902,-0.6888046789816963,0.16831215243722528,-0.8830481159686462,0.827897340855682,0.8915738807904556,0.8238772351173779,-0.3898241246812199,-0.7692401271603911,-0.5660626745795733,-0.8199504971115614,0.7634463712595358,-0.9897743320057819,0.788241237648165,0.9721129729039936,-0.8781566081403431,-0.8916205427867864,-0.7191217598324342,-0.9307885813219,-0.9953737895458583,0.9660432012721804,0.9520155942715509,0.9276330747563915,0.9551337733132289,0.6839216488222776,0.5873615021321366,0.8484740100456503,0.2048545074999732,-0.934706150133773,-0.4060994303677821,-0.9171822628496207,-0.9621540496778277,-0.9514855267131981,-0.8590140449824069,-0.8486742648586044,0.9343046798121928,0.9133227366360857,0.765233206557249,0.7181269346784934,0.9728642497309359,0.801281414765422,0.9485491242780004,-0.9352344281341597,-0.9174757317275628,-0.9298477734884972,-0.9436710351012066,-0.8575490712000965,0.9899109482954926,-0.8356279043212389,0.772125927144612,0.4082173711167145,0.9530896288634048,-0.8493559281798261,-0.9650299949033978,-0.9375639315464815,0.9926854102700403,0.8606854227346173,0.9220795531926858,-0.8997363129133028,0.8033898483571683,-0.8623917086983339,0.9639109297021075,-0.7993816892076728,-0.9664189179008417,0.8153389340645198,-0.18298316512641022,-0.8583233322896121,0.33522415680290024,0.9436122952007726,-0.8483486678481535,0.9650265911790192,-0.7096787808512697,-0.8872683741187019,-0.9304459354283316,0.684105617717509,0.8235090031712784,-0.8512833822263642,-0.9413321617579814,-0.5869628618484314
