0.9999999951344675,-0.7140204651210308,0.8879553205504671,-0.9869783210242076,-0.9854292403774584,-0.9236692982049894,0.7144679440325106,-0.9780066288416773,-0.9359672844621513,-0.9831293979855525,0.9732216134194973,-0.850456535879934,-0.9846686986781985,-0.9906643827829155,-0.9934541173413303,-0.9810495276667487,-0.22352110095779054,-0.9628983750008497,-0.9602619611556482,-0.29273911869294167,0.835263808321568,-0.9951180869624023,-0.9554019393896868,-0.9789527313817497,0.24282047571724033,0.9699311595959266,0.9935543843972228,0.986440497745873,-0.9720837843445223,0.9756724408999009,0.9858392797278253,-0.9124070466154972,-0.8819939323078191,-0.9155733385945024,-0.9772408312013161,-0.9968882344870925,-0.945700213711232,0.9283411157193274,-0.9387941133768103,0.9927409562563495,0.9036947837326569,0.9495098301459486,0.8999914719611577,0.9018469586950203,0.9539985597642747,0.7735317082474639,0.908220552011881,-0.5232184535513433,-0.7706358862903644,0.9952175282216168,-0.3825133715312954,0.9443840277701878,0.9533780529804876,0.9963077689882741,-0.9494460644509946,-0.9921864675356169,0.9563022225284091,0.8823839409541675,-0.9476922147905923,0.9917645073878562,0.9315156217951152,-0.9939032865666447,-0.917903964105122,0.9660623372064018,-0.9501330406905405,-0.8747746095749769,-0.43581162957268643,0.9265873883235268,-0.9691558851894352,0.7998075717947232,0.7649065912091961,0.860649188864313,-0.9694513436823003,0.9006180058509954,-0.9972774866794557,-0.9488978900970876,-0.9376253171311599,-0.9908479274116943,0.9876812096218149,0.9279220941907745,0.8989701592272187,0.9760604655233578,-0.8938013299537473,0.9842100624635179,-0.9856915159151535,0.9929858998107908,0.9573710670287957,0.9988149928134546,0.9388138658957946,0.9776197904759947,-0.9568822571083077,-0.9565588563097877,-0.9627895641063838,0.9602767492578992,0.9100923010760891,-0.9544779142924478,-0.9758472224612162,-0.9214364637798307,-0.6705548178425924,-0.7648973422779053,-0.9818706355018487,-0.7949298587035297,0.9496860793441577,-0.9828994002820313,-0.9210953336592634,0.9358810627649393,0.7907587839406574,-0.9903239825383915,-0.9396966785255988,-0.9820243703488368,0.5643356749933987,0.9998615012359628,-0.9735530828611738,0.9440177833951572,0.9776398199882831,0.9904344683042977,-0.9900089776025709,0.9851407337545723,-0.9990296944935947,0.9892288254444382,0.2959074667194155,0.927121450833123,0.9843022595276366,0.9761741361056819,0.7000782767073996,0.9947596177096044
-0.7140204651210308,0.9999999981136407,-0.950407044238932,0.8144294605677495,0.7196536473356414,0.8940794584498865,-0.9936748013070063,0.8238085352459694,0.9120535990995268,0.6505521482779586,-0.8468152012688686,0.2799806087587723,0.8177067889148634,0.8006819972042868,0.7787291258583536,0.8304957457112518,-0.5209599598459452,0.8764542337057344,0.8807577786842667,0.7428772324542364,-0.8299594981405016,0.6606362138490846,0.8080385776446832,0.718697330334305,-0.6935529944071506,-0.8629291484487045,-0.7189248498971005,-0.807212629075915,0.8472367251350723,-0.8307025752760995,-0.7923016013067482,0.4049482915166861,0.9419008096014068,0.9040935873569654,0.8433667685826204,0.693484101372094,0.8734697530900483,-0.9084444643056901,0.8011390692299994,-0.7894499333568864,-0.945009814374773,-0.8972614118273546,-0.7359515058775373,-0.6845956349071439,-0.8631388939620125,-0.9230177069019636,-0.9410938912900216,0.7601564426920371,0.9736951683288344,-0.715124625552248,0.9176093870313844,-0.8852955608927143,-0.4698702314933295,-0.7704529301263303,0.8966713101885182,0.7947667642640505,-0.8649568126145478,-0.8903756570431979,0.45761916551622034,-0.7887835382280444,-0.9019426938491195,0.783547842722008,0.6589976925931231,-0.6210349850571936,0.8880374082231092,0.9627725554067019,0.9251006981194054,-0.9159397717788199,0.5237801855708203,-0.9904688708427911,-0.9590086924888668,-0.8784082076919011,0.8628777534174271,-0.946624818449425,0.7495807890374983,0.825337689075658,0.5965949900971529,0.7682048899374453,-0.6462578854233406,-0.918657577802873,-0.37700077259375414,-0.8490525228253012,0.9519979075221543,-0.5799457620498323,0.8080025162450681,-0.7894425328241478,-0.8737116000875179,-0.7297690822593961,-0.8922393088578116,-0.8362718967083024,0.8865828486041835,0.8854266410409183,0.6387805355838942,-0.8437364929210366,-0.9361021203859705,0.8894081123500587,0.6565597131759384,0.8709668091551412,0.9970504897128639,0.9902806042787822,0.7887566594193642,0.9619872022816437,-0.4597271367514207,0.8260782632958468,0.9137256334993248,-0.8616528371718053,-0.577838786600119,0.7681617599600495,0.8884816105839277,0.7752786437150718,-0.9297551890302332,-0.7025250135265699,0.6863745359970508,-0.453871692290588,-0.7185172875271705,-0.8032296631474373,0.8027205394866911,-0.8135508520666518,0.6954612246719347,-0.8068169484076204,0.12854352158728263,-0.7931611703825249,-0.8131548773672997,-0.55358266529166,-0.685572574465908,-0.7807593446024318
0.8879553205504671,-0.950407044238932,0.999999996528363,-0.9503120921432594,-0.8997822302189085,-0.987482527563873,0.956097906311898,-0.9585479408521544,-0.9839466366571963,-0.8254666254522719,0.955756941767096,-0.5233079804324505,-0.9534776082781192,-0.9374654558769381,-0.9317869971904553,-0.9503151578409033,0.23467328789528152,-0.9766422384683915,-0.9772957282771003,-0.5551949930412139,0.8550667240761137,-0.8455863142584397,-0.9496275004937721,-0.8992710809539629,0.4980395634051821,0.9712381496907389,0.8787552789193261,0.9485645189547216,-0.9692812762499535,0.9437565591679365,0.9418719290676763,-0.668890757318138,-0.9977034357111306,-0.9903182295316357,-0.9581464985151348,-0.8670214289024052,-0.9813386055435518,0.9933649426457077,-0.94279501727746,0.9365074677302198,0.9963047795969174,0.9861881109765427,0.8948861188319446,0.8636502033776864,0.9773390536218267,0.9559136665611323,0.9971633858683533,-0.6586099810223294,-0.9404428803035563,0.8782998510428313,-0.7624271180653378,0.9860083193733296,0.7120406985191198,0.9241408753704842,-0.9816485362446026,-0.9351159454818612,0.9781287145295796,0.9762088252662214,-0.7055133488732185,0.9279232415976041,0.991431243974139,-0.9329603273451367,-0.7834596710021147,0.8338721223140899,-0.9715280304436474,-0.9983207235414359,-0.765902045404809,0.978621765037429,-0.7473124090253085,0.9776122779327037,0.9235209310161251,0.9052774838761437,-0.9733221929513787,0.9931092863660839,-0.9140777040687,-0.958040751791819,-0.7571689155438172,-0.9278657844970896,0.8502329760971304,0.983126141827992,0.6461460181761828,0.9640870292122988,-0.9949255406395187,0.7926776965208542,-0.935747136358407,0.9360224080983314,0.964411973891587,0.9012480230593922,0.9883852239280402,0.9635164074250702,-0.980603187459236,-0.9768383441105674,-0.845831284061454,0.9687369324936945,0.9986603897234455,-0.9841373502635151,-0.8585741564477549,-0.9763633765525158,-0.9341257254558506,-0.9562990744136648,-0.9162915425519166,-0.9796922529030688,0.7047480723563412,-0.948796809910326,-0.9945810448390427,0.937172620806342,0.6583849490858518,-0.9280026973869255,-0.9870363186587938,-0.9331844434946522,0.870176722834321,0.8806723182875548,-0.8393194478578241,0.687624337533012,0.8635098068899023,0.9427141026536267,-0.9380564953107196,0.9399723964211744,-0.8786302571901461,0.9408111191457137,-0.026931096111358792,0.9356662958262807,0.9520292608279,0.7681181166491382,0.798188006240362,0.9303076435138091
-0.9869783210242076,0.8144294605677495,-0.9503120921432594,1.000000001143858,0.9823096001315581,0.9708945930578627,-0.8174551745711426,0.9972332498816436,0.9764315355439666,0.9527412429901726,-0.9918021557356126,0.7573820719299286,0.9996894458993928,0.9976181475506122,0.9981123762258114,0.9953661034211788,0.0708965811835769,0.9925124418440816,0.9908704894075409,0.3874625326654071,-0.8607956308833616,0.9685210688243515,0.9796402870807738,0.9779586491390435,-0.333433545584836,-0.9954402508867392,-0.9786662087393114,-0.9992756967330861,0.9967881569557075,-0.9890986618466294,-0.996795644390114,0.8529288140288165,0.9459160951993426,0.9663673060776449,0.9955848716109488,0.9771148577697701,0.9835501489070584,-0.975687969327598,0.9663597442063662,-0.999117863350275,-0.9591806201475601,-0.9868747978330944,-0.9242343348000951,-0.9147522608810007,-0.987730862369818,-0.8590728826285847,-0.9626650110065251,0.5793562996486713,0.8480843047647675,-0.9797370386110582,0.5246544938067167,-0.9840889036506051,-0.8944475290206573,-0.9971252048299322,0.9849346100603245,0.9979015114014468,-0.98946253044962,-0.9396312895395361,0.8886197318233066,-0.994875491811968,-0.9772439320804174,0.9986590179129574,0.8923552684758184,-0.9467732829621088,0.9815143760880058,0.9404663043531405,0.5601743685281196,-0.9679178314225638,0.91690430879195,-0.881864775434829,-0.8379376798500919,-0.8960756193722622,0.9960175330412998,-0.9557554029521316,0.9945277297954703,0.9781426327807959,0.8970653170248897,0.9952939549046553,-0.9664144026979091,-0.9705559143185293,-0.8359979017980993,-0.9970607106569861,0.951853740062507,-0.9430665074778696,0.9933089972429402,-0.9990704455027855,-0.9838888132664876,-0.9910688047888155,-0.9811517075204201,-0.9984671572569024,0.9898004343711181,0.988050979722004,0.9488457065685929,-0.9891082721758216,-0.9647604753391943,0.9896063644777002,0.9617958298896362,0.9658937219697601,0.7795931242985747,0.8502775271739835,0.9835478264497252,0.8810300528992618,-0.8894764394536052,0.9961387802767054,0.9712589668368435,-0.9590484282078964,-0.7612110570156392,0.9950154815508454,0.9813380012384962,0.9914983785420455,-0.6872234592001606,-0.9843782024360078,0.9506385525896396,-0.8788386601743688,-0.9619338905355793,-0.9995709963231653,0.9973439768165725,-0.9944689483331253,0.9833280812974018,-0.9978038909588062,-0.18613048275652688,-0.9561957601304911,-0.9990682371398736,-0.92877424123352,-0.7565974737092634,-0.9982258193611259
-0.9854292403774584,0.7196536473356414,-0.8997822302189085,0.9823096001315581,1.0000000018693005,0.9492340726249209,-0.7387634451285274,0.9858389002743858,0.9214625232032331,0.938897525353484,-0.9512438676508146,0.7867007089795587,0.9842090976873759,0.9744712821116421,0.9908259197151496,0.9616874680206177,0.21006773254893185,0.9544305132062229,0.9500651880489323,0.20870812796662286,-0.7570772081444267,0.9674976913057971,0.9850859761398115,0.9994031929402579,-0.1511865081880168,-0.9613893081509493,-0.960437136269759,-0.9877461588174301,0.9772408842061805,-0.9478589727198701,-0.9929670925771455,0.9262069374501318,0.9050923120641736,0.9414371229905061,0.9607086293099218,0.9692446716293502,0.9653177454171631,-0.9435844139035666,0.9781708981107242,-0.9867556901218533,-0.9010905548080761,-0.9458451242817374,-0.9598787750683103,-0.9621941382471867,-0.9712395396078765,-0.8330871649969599,-0.9081833166470349,0.41884307763941303,0.7394223039631822,-0.9644500439854352,0.4113906387364056,-0.9597092107681789,-0.9357124789753688,-0.9863564942637344,0.9376208145660593,0.9773555954567595,-0.9708195763948886,-0.926640673140893,0.9373477994884789,-0.9705436574318428,-0.9482138565491705,0.9872196526509629,0.837785419231677,-0.9900029435946397,0.9284549614796638,0.8795690261560942,0.41536199579885885,-0.9050216703960537,0.940308403398,-0.7954063046816068,-0.7235867703254222,-0.7990468012405508,0.9655013824324358,-0.8924199497496018,0.9925097900787762,0.9794441477373397,0.8656866291512167,0.9958290155966623,-0.9935868410631311,-0.9106919762686958,-0.9144015325526013,-0.9652324469276541,0.8885182634330536,-0.9619180639575136,0.9614102352047236,-0.9858382310852128,-0.9330594341190633,-0.9919636807615345,-0.9551153131483899,-0.9801367366134759,0.9489597076245305,0.9429329967438245,0.9911844766344046,-0.9790903081588093,-0.9175446957475146,0.9521348451892311,0.9958348445663765,0.9556982358367438,0.6859872948086679,0.7494281994865485,0.9464597778328915,0.8342238753204162,-0.9334660051901358,0.9643929130376855,0.9385620565867949,-0.891729818435061,-0.6765623499981002,0.9960874618291605,0.9572205094357261,0.9964835538226386,-0.6305842254567512,-0.9853030566129038,0.9206475949944863,-0.9062895751759236,-0.9289780881196099,-0.9816315440629934,0.9730306857457574,-0.962796911091451,0.9899339422780337,-0.9732897934821345,-0.14183215172405117,-0.9726090991112,-0.9869527102965545,-0.9452206670970459,-0.8076872061054367,-0.9855503518760486
-0.9236692982049894,0.8940794584498865,-0.987482527563873,0.9708945930578627,0.9492340726249209,1.0000000032708127,-0.9121556487982195,0.9832435945356628,0.9714069592548802,0.8523277006124734,-0.957536917088333,0.584064480232091,0.9755489935141531,0.9543933325423791,0.9613919441999181,0.9580879564110123,-0.10588727305153471,0.9791204770806518,0.977471674477427,0.41855017549238266,-0.801981299633484,0.8826007481712593,0.9862804794039389,0.9512558061751967,-0.35719551961241697,-0.9774420135025441,-0.9013467722225246,-0.9739601985745524,0.9869608748319312,-0.9454957928141099,-0.9734136974195821,0.7635925574707714,0.9924402131797736,0.999713949566017,0.9645293818792857,0.8982120128312917,0.9980664451522433,-0.9978839208567485,0.9835648561169738,-0.9619847708991225,-0.9789885194239992,-0.9852740348048199,-0.9531531082624185,-0.9320968860390079,-0.9960509148854401,-0.9566564827509986,-0.9829100324908142,0.5475278155396437,0.8770956207788868,-0.9032963387673311,0.676470041943864,-0.9977386924630316,-0.7831478371314361,-0.951428245168897,0.9759669494601096,0.9542288002818621,-0.9952855058463895,-0.9932376661830149,0.7822614703414859,-0.944266305129964,-0.9985926283544728,0.9593269305934132,0.7757662820577931,-0.9038581364419885,0.961701838801215,0.9769696952500995,0.6585956837912182,-0.9594814629996924,0.8045020694517204,-0.9323058781529087,-0.8558702388425217,-0.857555099160246,0.9821876851686372,-0.9716090880566365,0.9485196872886809,0.9908279858485946,0.7694897053636516,0.9635073477542442,-0.9085992146413531,-0.9663014318646974,-0.7446460233977373,-0.9726023403471367,0.9729507343025753,-0.845978166433144,0.9456029489719323,-0.9608514035900515,-0.9569723586586038,-0.938414182866307,-0.998415609359867,-0.9826496922537049,0.9804498247102508,0.973442196755024,0.9145837635849696,-0.9931186661653063,-0.9901364889025862,0.9863574976639108,0.9213167123443932,0.9979830211368796,0.8764729079170843,0.8982294107094709,0.9224216115794254,0.9648858414791531,-0.7779534435982981,0.9582313886153813,0.9981530325263968,-0.9163355835509089,-0.6229319232250699,0.9640248732607384,0.9986520273621414,0.9715926389237803,-0.8365174364080775,-0.918507903641056,0.852629191633123,-0.7480897046926613,-0.8740827836747836,-0.963533545055313,0.9540193363691722,-0.9498522622548866,0.9208925967716983,-0.956490863222743,0.04231059438452444,-0.9794959541790348,-0.9767384268819996,-0.8197413825420963,-0.8588166044923758,-0.9558410576396384
0.7144679440325106,-0.9936748013070063,0.956097906311898,-0.8174551745711426,-0.7387634451285274,-0.9121556487982195,0.9999999977740321,-0.8344964072415257,-0.903289905457213,-0.632922780051952,0.836701515876757,-0.25776516439930336,-0.8233326372095543,-0.7966604017059541,-0.7845996794728878,-0.8229750144847107,0.5036125629591514,-0.8739125384673397,-0.8768215546920105,-0.6711295796406951,0.7781958682215423,-0.6541180236077159,-0.8330117102473044,-0.7415177872316745,0.6167276756902723,0.8610636957791176,0.7066390713913913,0.8144445764481588,-0.8551099581430959,0.8173634723473483,0.8039095379459043,-0.4320715976728244,-0.9551757343766828,-0.9217283384068724,-0.8371397470525483,-0.685853403330424,-0.8890975118071966,0.9193158548666548,-0.8322139842580686,0.7926843266237961,0.9418535507082363,0.8967048127432964,0.7815918050742191,0.7324193321094193,0.877844545373464,0.9573636306605847,0.9399409266423474,-0.6824186268840823,-0.9458032367574095,0.704594036799779,-0.917932547909625,0.8976040192744226,0.4752292396531224,0.7718472111597181,-0.8907077770809056,-0.7919128749355718,0.877868935280464,0.9195496939478669,-0.46807775544550345,0.7818776015207582,0.9141231772858053,-0.78656730999237,-0.6149054583489764,0.649168026374761,-0.8758523489530252,-0.962886170749032,-0.894248961498169,0.9020123158190302,-0.5203600223682072,0.9808408318322099,0.9247126658401706,0.8368563645989101,-0.8640500373250202,0.9395837495598591,-0.755192452846003,-0.8500435326559587,-0.5608410007525191,-0.779413296653274,0.6622734038370983,0.9075638401895412,0.4057206027621146,0.8463729502689852,-0.9464652294313053,0.5794331659544182,-0.7981687639435793,0.7919129885994063,0.8605362491580127,0.7347491223877296,0.904756330211348,0.8429716184916763,-0.8838329588641592,-0.8789152663691835,-0.6691338310362959,0.8603935765408802,0.940172486749091,-0.8901839479292899,-0.6811563652767119,-0.8955615974512102,-0.9958105986530389,-0.9720679868533353,-0.7720678487287986,-0.982244645236469,0.46627541340470824,-0.8193470777064661,-0.9256328236136333,0.8349543776386309,0.509461848851913,-0.7798733400879966,-0.9019762105567791,-0.7922269438258623,0.9609211112504749,0.7033788498672275,-0.6613749817435439,0.44612585342449856,0.6953488103368015,0.8040227060184266,-0.798081200611581,0.8047898653135627,-0.7001678204162483,0.8026957185547136,-0.215984707345646,0.8281664392963436,0.8209955750424005,0.5479582462386395,0.7576540631486317,0.7822273985572558
-0.9780066288416773,0.8238085352459694,-0.9585479408521544,0.9972332498816436,0.9858389002743858,0.9832435945356628,-0.8344964072415257,1.0000000006397223,0.9721922285790962,0.9304831078704262,-0.9826326472166848,0.7222425017647256,0.9987758405835664,0.9897255198683249,0.9954288468958061,0.9868590941504938,0.05201072389068171,0.9896976838529925,0.9874565315469698,0.36144823022406447,-0.8300803604895528,0.9531890001655842,0.9915998323335691,0.9840271104940763,-0.30413670762904504,-0.9922307408373984,-0.9621455888143322,-0.9988751713232251,0.9989691915714656,-0.9771551613364089,-0.9985581096199829,0.8514745080372826,0.9587949321066965,0.9791571055436495,0.988558776726702,0.9623538801253305,0.9926787145108258,-0.9839198989546156,0.9825046525344958,-0.9952432321758662,-0.9610398402131263,-0.9866653145930471,-0.9483563388727719,-0.9380826053916613,-0.9955420240351803,-0.8885674225173178,-0.965450447216447,0.5414515213953471,0.8406827473983912,-0.9641007228202703,0.5475553953221575,-0.9916672223231573,-0.8804045925985657,-0.9911853802511061,0.9813103257482977,0.9904425617262461,-0.9961334929127297,-0.960378187388003,0.877496254180186,-0.9846456333671646,-0.9859112123769924,0.994364661949714,0.856328582350738,-0.952694745561122,0.9736067351804754,0.9462096288882489,0.5617665166141725,-0.9609546720723329,0.898940292608259,-0.8854948106306413,-0.826138331090766,-0.8727709524354024,0.994730307821058,-0.9553596777179308,0.9903484337640301,0.9908878827777876,0.8629766265789773,0.9956326195070646,-0.9649274447790767,-0.9654311235761441,-0.8349237333742844,-0.9925384302644205,0.9528842916212364,-0.9286383754578054,0.9822563905330615,-0.9947075285843507,-0.9744984755801404,-0.9856277121230033,-0.989355668908411,-0.9992545101165571,0.9874978204598744,0.9833509143396375,0.95700821155408,-0.9971144819358811,-0.9705484192391587,0.9897236157819208,0.9665685607560961,0.981479305604447,0.7937079681531107,0.8498473167396837,0.9675549159943693,0.9024460045306574,-0.8759085841279602,0.9878766234487969,0.9806337144140055,-0.94150203101016,-0.7115081569596755,0.9956883314803584,0.9899681391664883,0.9960664419271082,-0.7230124771829326,-0.9751970913712762,0.9255789790558935,-0.8562770592946991,-0.939175838264279,-0.9948132591019957,0.9891715918865989,-0.9843367397158039,0.9763102680338732,-0.9901534507055115,-0.11466635697960512,-0.9749310401144813,-0.9993727032819666,-0.9103699414573783,-0.802928083672644,-0.992811819480185
-0.9359672844621513,0.9120535990995268,-0.9839466366571963,0.9764315355439666,0.9214625232032331,0.9714069592548802,-0.903289905457213,0.9721922285790962,1.000000003906679,0.9033999402513251,-0.9904304136101786,0.6459250209933438,0.9754694566346384,0.9751418530509843,0.9613647070192181,0.9857864335009697,-0.132975442060387,0.9953863676365655,0.9966083193733116,0.5697500274057216,-0.9208687382411889,0.910167579756581,0.944521035436083,0.9154606272193371,-0.5186790124195921,-0.9925490487093588,-0.9405690324611443,-0.9706034558683483,0.9815445465071793,-0.9854639549768726,-0.9608813127492359,0.7204451254302001,0.972726362906869,0.9717891513178456,0.9892705841275671,0.9278513560918165,0.9753388541088246,-0.984570599917095,0.9285502840667653,-0.967445606900477,-0.9946583177421255,-0.9968309755861235,-0.8669995357815041,-0.8418504352937634,-0.9755589585246907,-0.8900645501165394,-0.9944470933871232,0.71601845858386,0.9424017547264071,-0.938855245547964,0.6743482199517984,-0.9819275608928795,-0.7865065266835192,-0.961070242376595,0.9990366185366821,0.9725828847779389,-0.9786406869084036,-0.940212159000346,0.7747734809908442,-0.9712964769085741,-0.9826246606042247,0.9653294728697691,0.8817431669548523,-0.8574785516042516,0.9981145683399485,0.9849098829800226,0.7238431452506371,-0.9988393820591387,0.8263250455016206,-0.9591657485748033,-0.9348357056269649,-0.9547362696076042,0.990819882849312,-0.9954689667021074,0.9494159197528559,0.949329801676696,0.8587518433629244,0.9521719815489958,-0.8881982895170106,-0.9996279339167087,-0.6981077550128756,-0.9897075593194324,0.9934084967409249,-0.8613528704222658,0.9785464363019406,-0.9679432491231318,-0.9957834919207696,-0.9408860566462578,-0.981977508918197,-0.9799539504150614,0.996933571399921,0.9979389433830345,0.8632336343339199,-0.9687955574225017,-0.9906468933097553,0.9952614210560718,0.8823056889359867,0.9556997776038039,0.8827715502149172,0.9426493370704544,0.970071400991312,0.9283281903704874,-0.7788077126457583,0.9843318658824145,0.9824346419567598,-0.9836132721266332,-0.7788129252768677,0.9516082648988813,0.9801923118384874,0.9477885427485562,-0.7723474812151756,-0.9300563497781971,0.9188307352301799,-0.7793086097051384,-0.9361462343768296,-0.974003239425109,0.9760487259114337,-0.9804452085221111,0.9242971477325181,-0.9773611479944369,-0.15115048922601346,-0.9159566314083163,-0.9719832762253777,-0.8460986884627805,-0.712802896967038,-0.9651882810651157
-0.9831293979855525,0.6505521482779586,-0.8254666254522719,0.9527412429901726,0.938897525353484,0.8523277006124734,-0.632922780051952,0.9304831078704262,0.9033999402513251,1.0000000005190726,-0.9535681385434329,0.9108617371413747,0.9459638737168603,0.9689517842820539,0.9599054884272009,0.9601323490347594,0.2791578562024541,0.9274565364405908,0.926173244295837,0.32843193601521137,-0.869885924165545,0.9949950471293185,0.8868434163033806,0.9265192027541793,-0.2886249361526306,-0.9356871631947008,-0.9946427675689348,-0.9467789474649753,0.9254042634779627,-0.9630336918244699,-0.941458383097541,0.8879445376073529,0.8087950352112018,0.8430466689867505,0.9525035122273634,0.9944460849817022,0.8822121255249293,-0.8663150822257418,0.8607633314813176,-0.9617401288343483,-0.8562584610240748,-0.9075170738252092,-0.8055050484863036,-0.8106594832829104,-0.8937894018166611,-0.6632574585356021,-0.8586095224651251,0.5825709597038738,0.7468483660879413,-0.9942794401004533,0.2951627601766938,-0.8842801509591924,-0.9563247093473994,-0.9706967716639912,0.9156055412120615,0.9695811713068161,-0.8987153630870874,-0.7918949972200033,0.9441317024465368,-0.9759347783149034,-0.8685788379690822,0.9640475762463199,0.9685060346014857,-0.9169683551499579,0.9267243568344153,0.8181100395136138,0.3980297326111731,-0.9005676230641622,0.97963245861376,-0.7487515417882407,-0.7521113397805301,-0.8757981785477341,0.9306374012300473,-0.8585618500830586,0.9680454103237172,0.8780975576807594,0.9850168118233205,0.9504472201129516,-0.955127112769684,-0.8974235523327818,-0.874636034737094,-0.9452200355716077,0.8483201938182149,-0.9844121042662558,0.9713884932956437,-0.9631459404063925,-0.9377654408508976,-0.9731194823637314,-0.8771225725487306,-0.9344708835540844,0.9200445807472741,0.9254668392798395,0.9079169479870747,-0.9000381629588885,-0.8534357887226194,0.9118412760069259,0.9283092738346183,0.8430807225405718,0.5966784811080441,0.7241446974414623,0.9799449568639739,0.7024066846359601,-0.951854310327979,0.9614912840770784,0.8563295795086293,-0.9364287357605274,-0.8785199649772412,0.949138110225681,0.8770804633263369,0.9315115964765849,-0.4426631753093639,-0.983820926191617,0.9962586374703755,-0.9678706616316918,-0.9938835399685555,-0.961189552650037,0.9689177918965339,-0.9685001230943623,0.9780532367254251,-0.966794170576346,-0.46437425445378233,-0.843358071048317,-0.942830378695264,-0.9867290039673221,-0.5577394093334097,-0.96763346590922
0.9732216134194973,-0.8468152012688686,0.955756941767096,-0.9918021557356126,-0.9512438676508146,-0.957536917088333,0.836701515876757,-0.9826326472166848,-0.9904304136101786,-0.9535681385434329,0.9999999944807245,-0.7445510614211193,-0.9892758227922693,-0.995230958283752,-0.9840551987551761,-0.999268547856691,-0.0011955970423371803,-0.9959494439875818,-0.9961865370711066,-0.4940779039526892,0.9184138764500068,-0.9581817147459656,-0.9510744354786504,-0.9435317101097599,0.44480055730778356,0.9967615795632463,0.9784265978528079,0.9863784983399982,-0.9870886762076476,0.9991861540022487,0.9784778313115938,-0.7957680012615199,-0.9435444972722651,-0.9547047989927587,-0.9993766596658828,-0.9701562550925306,-0.9697134249052879,0.9702753638668488,-0.9322710706423228,0.9885212726752737,0.9720604325489736,0.9907059609880328,0.8733696175834141,0.8578546437689726,0.97352595564503,0.8413111664447337,0.9729608568870638,-0.6782126193614467,-0.8964560973602497,0.9773584295065483,-0.5659974569813118,0.9745146505586246,0.8611034974825239,0.9867591594866909,-0.9941374897083577,-0.993817777276381,0.9770338914709283,0.9175898563840723,-0.8496551381048778,0.9944391029996943,0.9698442798560791,-0.9877735565513598,-0.9245164168086354,0.9007854435315705,-0.9962705645546045,-0.9532462558546002,-0.6297808997411308,0.9879744236882603,-0.8952272622755657,0.9112799286421762,0.8920221252662098,0.9453384526947843,-0.994328185392321,0.9728392825132439,-0.9783659712736358,-0.9515236150707499,-0.915072303625533,-0.9753016414698542,0.932971997880261,0.9878877470304268,0.7760871757735119,0.997789802855357,-0.968263099677359,0.921575065352088,-0.9975914387861585,0.9892216254621028,0.9981232260850836,0.9739996321024228,0.9722361676299254,0.9887848887835687,-0.9945721746430771,-0.9965240748573183,-0.9021380986979745,0.9711336745863124,0.9693475835091148,-0.9912132097676604,-0.921286198894639,-0.9444830012095311,-0.8095108141726985,-0.8905423980205476,-0.9935410092418266,-0.8787991985925385,0.85444709442891,-0.9988113038915599,-0.96566691420579,0.9873384516853789,0.8200571381905596,-0.9745507413105903,-0.9711153534794871,-0.9668511649277276,0.6867518858981558,0.969391548591265,-0.9620603131675124,0.8580533054307189,0.9735894864965446,0.992566673667943,-0.9957662816073407,0.9981164875451826,-0.9640305187614662,0.9960548559460191,0.24502113435329625,0.9183550833337064,0.98613134828304,0.9110066525807999,0.6886400840516859,0.9886334697841888
-0.850456535879934,0.2799806087587723,-0.5233079804324505,0.7573820719299286,0.7867007089795587,0.584064480232091,-0.25776516439930336,0.7222425017647256,0.6459250209933438,0.9108617371413747,-0.7445510614211193,0.9999999951032386,0.7463815843469176,0.7871075483488988,0.7848673211326593,0.7608967065831184,0.6271989187216768,0.6936635883848716,0.6901102137504207,0.03173297874354669,-0.6598794207300308,0.8960824670683868,0.6719780597955572,0.7706398838014442,-0.009698332726322475,-0.7111207721080608,-0.8657756709107024,-0.7526272426644673,0.7039909655341353,-0.7660278194497546,-0.7527837884130247,0.890237732822885,0.5048603559377228,0.5671167318981298,0.7440086565766464,0.8779762249431727,0.633419346438119,-0.5958723852282837,0.6412443090349996,-0.7821124863125427,-0.5673509884132926,-0.6568300811324271,-0.6029594654092039,-0.6365463507690806,-0.6537982556436088,-0.3263307046108485,-0.5718698172192147,0.3435054004700183,0.42113133349986875,-0.8668869334276671,-0.12411687218225712,-0.6305493197532562,-0.9471332127611786,-0.8041243200348318,0.6687982665920044,0.7907699005309113,-0.6595012288277662,-0.5070558497930476,0.9370188903854908,-0.803096169629046,-0.6018666640406285,0.7882560362742096,0.8739730917458359,-0.8098670304467673,0.6891385289320361,0.508918041052089,0.00969448135583874,-0.6416841968550119,0.9497555018122057,-0.4094651167583205,-0.43742468660661454,-0.6383720090225387,0.7039679749831882,-0.5704402583544922,0.8108955636355804,0.6517250668618149,0.9261066420824702,0.7771923792595431,-0.8475466744264583,-0.635488818814355,-0.8881489822851382,-0.7308119360172168,0.5542544139861811,-0.9246648763140008,0.7878148406880477,-0.7840930824672251,-0.7110164522692649,-0.8281359943315447,-0.6177486588737218,-0.7216246886982562,0.6789395571558342,0.6874107515528017,0.7883057728985967,-0.671584363588431,-0.5666268961434663,0.6661372438286177,0.8059258828492667,0.5831227601159273,0.21245893679394548,0.3809896776615241,0.8108330388127996,0.35838174966242126,-0.9466609797306403,0.7647715894633493,0.5801874473273227,-0.7195510202113101,-0.8113047050164124,0.7754321293438927,0.6194552526148607,0.7480001134481051,-0.04628144526165859,-0.8574149241814316,0.8888521057184222,-0.9738721823665076,-0.8680245237750769,-0.7746557435680227,0.7861344527830167,-0.78089550625674,0.8529207566144381,-0.7811117666678066,-0.6770416633708167,-0.6225925107832234,-0.7442912110372932,-0.9432019275935516,-0.3114476409533175,-0.7946930269406208
-0.9846686986781985,0.8177067889148634,-0.9534776082781192,0.9996894458993928,0.9842090976873759,0.9755489935141531,-0.8233326372095543,0.9987758405835664,0.9754694566346384,0.9459638737168603,-0.9892758227922693,0.7463815843469176,0.9999999996380363,0.995587346230449,0.9978681391731198,0.9930888794660834,0.06524576478397413,0.99209927174801,0.9902472006927447,0.3784095905203338,-0.8508028306314823,0.9640966392212328,0.9842788773508265,0.9807101758641206,-0.3232443231643394,-0.994915030634912,-0.9737876454382349,-0.9997708364331216,0.9981041040994122,-0.9856509346035782,-0.9980352261509963,0.8533122329269064,0.9506532549052638,0.9711515813626737,0.9937930447240239,0.9728581048533521,0.9871610922867093,-0.9789421135731374,0.9723993651362891,-0.9984601450840577,-0.9602123938449727,-0.9873075571937787,-0.9329791633051236,-0.9232747553724499,-0.9909156159651263,-0.8693078018486313,-0.9640195367739536,0.5665708986799115,0.8457772193476749,-0.9751631106027866,0.5321374958956793,-0.9871626595463157,-0.8905668775246395,-0.9957891309497957,0.9842120087541162,0.9960247084149567,-0.9922626915153012,-0.9470775290339105,0.8857309301291327,-0.9920648376119764,-0.9806553336652029,0.9978657576017332,0.8808206322865264,-0.9495422253002205,0.9793495250228622,0.9427595088476358,0.5605064095331558,-0.9660174325716943,0.9116708486857928,-0.8833179143949651,-0.8341461543108658,-0.8885849591708672,0.9961420561184289,-0.956018024066484,0.9938070058482434,0.9830238031619059,0.8862657920359361,0.9960786952317079,-0.9666809334483674,-0.9692785033494359,-0.8365156874875664,-0.9961097197370977,0.9525856434908687,-0.9390022628838278,0.9901951524794863,-0.9982473777437028,-0.9812431600359928,-0.9899397356971134,-0.9844242386692029,-0.9993275987253332,0.9895439959202638,0.9869835205093317,0.9523530616548742,-0.9923840774666133,-0.9671388800980585,0.9901637636243926,0.9641575353228756,0.971660969876913,0.784418526833548,0.8503093966528917,0.9787722929726004,0.8885244951744723,-0.8857604113833981,0.9939507306871977,0.9748859115019517,-0.9536229011673456,-0.7449441112437333,0.9959127293099278,0.9847592774720574,0.9936975173527746,-0.6993040889291542,-0.9820066891223432,0.942869067974367,-0.8720743599188151,-0.9549217653798551,-0.998599327765262,0.9952158235645606,-0.991661315007244,0.9816947049434173,-0.9958479394087776,-0.16243546420852842,-0.9631038040437443,-0.9997945151900925,-0.9233749442134407,-0.772638570198528,-0.9970569235638067
-0.9906643827829155,0.8006819972042868,-0.9374654558769381,0.9976181475506122,0.9744712821116421,0.9543933325423791,-0.7966604017059541,0.9897255198683249,0.9751418530509843,0.9689517842820539,-0.995230958283752,0.7871075483488988,0.995587346230449,1.000000003885421,0.9957704835209438,0.9982282445746331,0.08981646998288019,0.9899884550128317,0.9888883877070344,0.40813606604112207,-0.8844292533793219,0.9782818632798101,0.9637558061147441,0.9677941580273731,-0.3574149691324858,-0.9933187495510531,-0.9893084152020983,-0.9947357987442897,0.9897462465009281,-0.995141420383043,-0.9903178869861616,0.8509959960734325,0.9288295370952004,0.9494379931102949,0.997040588218454,0.9862235545657728,0.9700532690417561,-0.962922202358719,0.9466722269348384,-0.9978363472342224,-0.9522066380997156,-0.9818944699019269,-0.8975053378006134,-0.8889385951019025,-0.9754714755546138,-0.826939556481414,-0.9548422914686182,0.6104859025163886,0.8498040477318269,-0.9895762084854342,0.49938275001858495,-0.971981677833592,-0.9038077987730102,-0.997812309897045,0.983108487628236,0.9999076593081436,-0.978243701800475,-0.9154770904751646,0.8953424979263899,-0.9994608582882456,-0.9640944858377141,0.9977843185985703,0.9213621881542957,-0.9371316983990332,0.983670217420607,0.9298986663392704,0.5544273046454784,-0.9691455941187467,0.9296509807918256,-0.8732902831865211,-0.8437799073455657,-0.912644248334198,0.9921220667525794,-0.9508615632518332,0.9936663221884098,0.9614808462807795,0.9244776492340842,0.9902082820815741,-0.9634712804336717,-0.9700751760409145,-0.8338449306376564,-0.9961860960376876,0.9456355942895079,-0.9523157465543671,0.998593832307234,-0.9982397837013184,-0.9874496081955756,-0.9914429494094025,-0.9684525159208301,-0.9927416703115166,0.9867781070052257,0.9872442893209051,0.9370773513411054,-0.9767287314415363,-0.9541820564661958,0.9843460042914584,0.9530631196630996,0.9464968632252928,0.7615723922214503,0.8455160897424484,0.9934687646251178,0.8561629044322558,-0.8984432284550626,0.9987878389860776,0.9574334270301382,-0.970221226887619,-0.8033817200827061,0.9896227061769624,0.9682568976961315,0.9825021588375797,-0.649664833087743,-0.988298462574164,0.9693189431653613,-0.8961355080751701,-0.9783641019131085,-0.9990575046198036,0.9999830639132908,-0.9988852181972974,0.9852824931122549,-0.9999488060457654,-0.2519561108700184,-0.934170968116253,-0.9938582325338354,-0.9418010723379542,-0.7099567727424975,-0.9983926263582075
-0.9934541173413303,0.7787291258583536,-0.9317869971904553,0.9981123762258114,0.9908259197151496,0.9613919441999181,-0.7845996794728878,0.9954288468958061,0.9613647070192181,0.9599054884272009,-0.9840551987551761,0.7848673211326593,0.9978681391731198,0.9957704835209438,1.000000001695862,0.9898904329927638,0.12979796307838914,0.9831305041780437,0.9807230563039585,0.33361633835590637,-0.838032860539587,0.9776727909691468,0.9802748207232237,0.9868199373516235,-0.27943101295714656,-0.9877077586679631,-0.9820122892672719,-0.9986977880432549,0.9922242882620808,-0.9822028144275831,-0.9981697516705591,0.8833935545522221,0.929079075253967,0.9554719951111476,0.9890772085291988,0.9835544384454681,0.9766400277410762,-0.9640174269335674,0.9676082605485576,-0.9996251899935625,-0.9404651668943791,-0.9753475314709491,-0.9308897045671486,-0.9260213637181518,-0.9820021742336299,-0.8407243248965259,-0.9449154374287532,0.5376397114446606,0.8141246710259465,-0.9838137070917493,0.4757369070726417,-0.9755449674557493,-0.9183475073320678,-0.9990376716245837,0.9724614027751401,0.9968358709591139,-0.983406693576763,-0.9298381272710201,0.9140696870125838,-0.9935193568888508,-0.9665327246061113,0.9996715996756864,0.8898725017118868,-0.9635816712346321,0.9686355870040649,0.9190992393285086,0.5083348552293547,-0.9510021696508969,0.9358969185187711,-0.8517561507642755,-0.8036156286356797,-0.8729238874282557,0.9888134162260195,-0.9360055844391073,0.9989383608809275,0.9769359099921994,0.9023362132420036,0.9988349365503774,-0.980363757394309,-0.954026297261238,-0.8681340338738441,-0.9906729377182837,0.9315190195752381,-0.9590635736004699,0.9894991154742527,-0.99945415372452,-0.9724298034450212,-0.9970420754284528,-0.9717387303289682,-0.9949144336322119,0.9791911410779748,0.9768252655385514,0.964436712472404,-0.9856835854384509,-0.9484829416190059,0.9792640291105739,0.9757429641667537,0.9592860472448838,0.7423033540173553,0.8164014396551084,0.9797775511005026,0.8583507934053531,-0.9141692975928843,0.9912772531125659,0.9588973671999967,-0.9447170629662809,-0.7527054206002506,0.9986187416862303,0.9724593926529206,0.9949657827094014,-0.6545010684505085,-0.9918359511878805,0.9529898059463979,-0.9010251578530044,-0.9623144771031892,-0.9983862071083982,0.9951791949387001,-0.9903777016319352,0.9920022323246583,-0.9953585741473727,-0.1991423199900109,-0.958060347417888,-0.9979911068301777,-0.9454295760483442,-0.7594416176129488,-0.9992315494469484
-0.9810495276667487,0.8304957457112518,-0.9503151578409033,0.9953661034211788,0.9616874680206177,0.9580879564110123,-0.8229750144847107,0.9868590941504938,0.9857864335009697,0.9601323490347594,-0.999268547856691,0.7608967065831184,0.9930888794660834,0.9982282445746331,0.9898904329927638,1.0000000027447238,0.03482630777070847,0.9949659552543636,0.994666812373734,0.4607045801553278,-0.9055690788181736,0.9668044211929455,0.957719794716114,0.9544481482759003,-0.41069103630364445,-0.996740051460754,-0.9834759773731508,-0.9909950558645259,0.9895884538817459,-0.9986467857598058,-0.9845002320465225,0.8181948600691636,0.9396208478375675,0.9544457367506195,0.9996601685563073,0.9772560866451037,0.9715212907831672,-0.9690822893650306,0.9396924809891691,-0.9933964824101035,-0.9658272735239938,-0.9887002356124245,-0.8847329430135259,-0.8718553594283736,-0.9759169567941923,-0.8379231472858929,-0.9674305308017497,0.6517485998983901,0.879452508364003,-0.9829517807899092,0.5418093921950647,-0.9751693811884534,-0.8783674528429538,-0.9922355202128438,0.9911659483901115,0.9973357416585233,-0.9791079205020763,-0.9187596034355026,0.8681521009026613,-0.9974537402340157,-0.9692840721593039,0.992902736286714,0.9234204377571797,-0.9163067520740942,0.9925534595137095,0.9457645241696384,0.6016030189626715,-0.9818690240978188,0.9092098696556314,-0.8980097819482933,-0.8742531928057028,-0.933275030081953,0.9948434386134121,-0.9657119612972052,0.9855294298065755,0.9571424286603603,0.9188816898013605,0.9824581824852366,-0.9460348015206983,-0.9822366007956708,-0.7994763585074921,-0.9984367305686245,0.9609259246403471,-0.9342877784468949,0.9990299295820243,-0.9939669286874839,-0.9951045650000914,-0.9819443358751256,-0.9724235984243614,-0.9917432190805271,0.9928951432755441,0.9941965454046955,0.9171914370368422,-0.9749392242069886,-0.9650525284737735,0.9899694505327612,0.9350317155286432,0.9471146558796587,0.792596885003483,0.8743886895830282,0.994395476004081,0.8720036213436941,-0.8722165656919884,0.9999464750410217,0.964163578474326,-0.981545971782673,-0.8131365353056125,0.9817811374019229,0.971673212960226,0.9744228899395643,-0.6745732230158079,-0.9777718594826523,0.9654044638372746,-0.8732461283361086,-0.9760658286717495,-0.9963278819619218,0.9985389460651724,-0.9994957700667764,0.9733809024054103,-0.998720587350516,-0.24569224264601736,-0.9263889728199806,-0.9905281474716932,-0.9235944381298697,-0.6993841732004653,-0.9936296988264013
