0.9999999980994737,-0.8690063094551695,-0.9846711968217631,-0.9778938464809235,-0.8223070013631398,-0.5948511984259733,-0.8118491184530316,0.6249589759914627,-0.707919068778064,0.9208601530039499,-0.9661823877601984,-0.7433598674288742,-0.8691229422036186,-0.9689296485017791,-0.9254533026309174,0.8717190251191413,0.8623176662630692,0.8986057151161342,-0.9994896698390241,0.23624322517261276,-0.15049681685638122,0.7115653995932729,-0.8548276357035033,0.9563167110426669,0.9502898530541244,0.9933055664189225,0.813932226026741,0.9262243065652642,-0.9164139347727746,0.9261102371502032,0.9124813607798545,-0.9767240354786412,-0.765283797882606,-0.9334358400819165,-0.9735017608654466,0.9339342752753462,-0.6258720372677499,-0.9741901813244934,-0.8452238915993792,-0.7839132251502835,0.8416176391901833,0.9453275812057015,0.9516297736770055,-0.48263479241530116,0.9846734099174816,-0.9968156976969453,0.42370693346774074,-0.986433525578076,0.9465668441451764,0.9652348330094324,0.944361010812939,-0.9046355853927656,0.7671330495233281,0.9465931735332845,-0.8124981549930131,0.8596679987857372,0.9103752277062966,-0.9527144348564874,-0.9908324433082516,-0.3202079159413568,0.92508574107509,0.9502225050933186,-0.026236156528107978,0.9465057911092025,0.8395915279737309,0.9702862525869598,-0.9560238717613593,0.3154407646030931,-0.9866114760416936,-0.9938373508785915,-0.6033599551740706,-0.7157710321339544,0.9445761026013578,-0.9382244514517019,0.8513883274126435,0.013936507277492512,0.9362526134722499,-0.9842487771723616,-0.7454108505633479,-0.9237317418392843,-0.8544330586499478,0.9898492321322834,-0.5618914528224999,0.9009445973465785,0.9817212807534371,0.1930531368376403,0.9988399620043762,0.9594040458977048,-0.9311472444495619,-0.10850569062173152,-0.7816318125523266,-0.8742745959909133,0.9185681950102788,-0.9786976266476453,0.8314632935567058,-0.8854080002451611,0.634485710109807,-0.9605766395361424,0.9689100825178004,0.9571329269278218,0.7804338532032016,0.9618285971898388,0.3120378119284849,0.9598734104997189,-0.944126947348443,-0.6032541655360029,-0.8553063510252432,-0.9523135343448471,0.9928670992599457,-0.9847292494620219,-0.9435172540788742,-0.9834340129079356,0.7917109074731815,0.9065281286891238,-0.8850088824702876,0.8766439998635152,-0.4700678182247141,-0.06684741043226403,-0.2938889396849175,0.8543029481839964,-0.9128169735451583,0.2678135706047048,-0.4875915131324111,0.9761822536478946,0.8666932932582022,0.8240108190590889
-0.8690063094551695,1.0000000009421146,0.7794496858151857,0.7680708752410704,0.49033794340398973,0.8034737470061281,0.7481609081411026,-0.21850469323577482,0.28357662931030847,-0.6970394918983456,0.9153716872818003,0.32660720396913645,0.999247678713373,0.7295290486010507,0.6284066324293367,-0.7947331635637245,-0.8408055268899626,-0.9714307921787763,0.8547616887713678,-0.14273740831452136,-0.24664076883343167,-0.6839885845901668,0.48947656891497054,-0.6979571736749893,-0.9678169103879752,-0.886645211144388,-0.9900700326291082,-0.6235898948903101,0.6511723925378816,-0.6608431879478647,-0.9774608975961305,0.8243369799972547,0.3636153910202585,0.7789701528174086,0.8482465078522433,-0.9511852604629187,0.16396255939351093,0.8015805621091019,0.9595340888843309,0.3877116483044386,-0.4647822544589404,-0.9020912823245855,-0.7129225929888715,0.6332853029294995,-0.8229333924251421,0.8321650823666892,-0.0754655652208823,0.8945899097389258,-0.6900879952337271,-0.7116124052202598,-0.6751263487943661,0.9411213668113991,-0.3779798765151098,-0.8561455697251693,0.6631430896427167,-0.8574178113670197,-0.7112223141833616,0.8632019339761173,0.8473033755219204,0.7286425573879621,-0.6207960892914397,-0.6910490749129271,0.4965019999451491,-0.948717059382133,-0.638499386332313,-0.9459101684327925,0.9585947534734628,0.14688654524855085,0.8030546595313617,0.823356643353726,0.8761261146692039,0.31008270296438617,-0.6613770831248476,0.8330288088462117,-0.6342201114847232,0.47148156244041933,-0.6981951541414804,0.829452250771543,0.9395981632746507,0.8899917276951783,0.5131867951864356,-0.8039237406398441,0.09974984392838954,-0.9429242030534098,-0.8345136805379442,0.26703078635458055,-0.8871127024250715,-0.8954181650449206,0.8722580386163379,0.32573786313599273,0.37228080498534916,0.6693238431089528,-0.9454870265308895,0.7641977395279453,-0.8994869690174809,0.6255369376897711,-0.7340511728740946,0.8678242267466548,-0.8440324017035565,-0.7480528764013304,-0.3698672204403141,-0.8286693646087152,-0.5191582211282129,-0.8935765038724446,0.6974253005618672,0.6460853636477083,0.6056236953328673,0.882244792582255,-0.8245645192189889,0.8566368788543252,0.7959804664323197,0.9237510341069304,-0.8423272283825533,-0.9305905125224175,0.5517597314764069,-0.9416706348129588,0.7694307577593883,0.17367273361695654,0.7098200007309307,-0.49088498875432834,0.6420272886370367,-0.31941990264149644,0.14025631312628184,-0.77209991257216,-0.992612613752786,-0.9057710492151095
-0.9846711968217631,0.7794496858151857,0.9999999994059722,0.9985218591513616,0.9076499589263863,0.4525133725601658,0.8309928131738453,-0.7443022051752642,0.8179438714975452,-0.9657227892456041,0.9435718335830098,0.818895671616327,0.7769608397212577,0.990431071161274,0.9555780898788853,-0.8849566844172543,-0.7843191792411932,-0.8426255481900169,0.989045889815403,-0.314530918262855,0.2986840184547694,-0.6258613008703942,0.9202675297322804,-0.9737718908377692,-0.9007058001185996,-0.9788446670247788,-0.7102697638269524,-0.9746933047094871,0.9650136131339229,-0.9763570117174789,-0.852705401888269,0.9851786754611663,0.8441504420990741,0.9564528846108238,0.9765547857787854,-0.8850635562367445,0.7373240546052716,0.9893108289220525,0.78179746019815,0.8779245364904406,-0.9090406077240392,-0.9288234349800089,-0.9747445143327396,0.462911042229501,-0.9768460541082441,0.9932547382909976,-0.562377490634998,0.9700678518828,-0.9854273274369784,-0.9904036719232248,-0.9858860666450867,0.8632831145747868,-0.8667620172197431,-0.9456197735896275,0.8567349775025305,-0.8477468572871749,-0.9077164573899776,0.9505494696009722,0.9902203115976719,0.18158239520606084,-0.9610123550963245,-0.9701605483222564,-0.141286326753644,-0.9079851661093736,-0.8956866125427325,-0.931362441559917,0.8947453891870468,-0.4088335481332428,0.9964019576814245,0.9967058556628304,0.48131081977924695,0.7801610521040856,-0.977511598052582,0.9457700245418833,-0.8325700571911051,-0.16455713240040507,-0.9703834402116474,0.9878097706063154,0.6678185152629736,0.9038419749064951,0.9042613539503399,-0.9978024014678677,0.6870467621118856,-0.8232659258380238,-0.9870288179569846,-0.3572861860942223,-0.9766796684565385,-0.9461598365856031,0.9250490811710078,0.1030283990771181,0.8695983714012356,0.8598872100995321,-0.8772902480811735,0.9908297563493904,-0.7978401596592106,0.9457007807715272,-0.6192284924025607,0.9572298522418241,-0.973604217237727,-0.9877049397006358,-0.8603559413127069,-0.9680444436769652,-0.29539601912707963,-0.9458346760217191,0.9853845125564744,0.6141451923702224,0.9176245941246376,0.941963101954907,-0.9923520505260345,0.9830697936460471,0.9611951742789941,0.9562668009363217,-0.7705983472493556,-0.8709704282466079,0.9297852513528687,-0.826575808558223,0.38789916728799817,-0.049294692391344305,0.1471137389808589,-0.9275763822108475,0.9258566712276437,-0.3101035712224374,0.5216203691529306,-0.9949674497726919,-0.7698394632112715,-0.7222502014727319
-0.9778938464809235,0.7680708752410704,0.9985218591513616,1.0000000077684643,0.9216245471302534,0.4235885864843399,0.8423933724356761,-0.7540485556730125,0.8279987966038362,-0.9750531930162945,0.9412022480113755,0.8118133792624199,0.7646173036460968,0.9840752500133978,0.9487348165887143,-0.8942013389597716,-0.7525412627658228,-0.8406794326722368,0.9833126244446541,-0.32860971002694506,0.3082717081493738,-0.5968766141589734,0.9225823452750196,-0.9656322384741808,-0.8972479546797969,-0.9746534045380627,-0.6998195384269517,-0.9742986931329464,0.9658811395841522,-0.9833365994001683,-0.8456911601601571,0.9849219560526784,0.8376387754626429,0.9615677654651978,0.9795397360446546,-0.8743075505871368,0.7471706508270862,0.9900814689696288,0.7858128652917882,0.8855979712021105,-0.907369919673238,-0.9325388026482242,-0.9657002914168191,0.4715513865023683,-0.9644579739357765,0.9866576554287549,-0.6000012236965002,0.9701966166345065,-0.9851332158425667,-0.9854222102604523,-0.9862099911209498,0.8602379110265632,-0.8778829242125165,-0.9473904426995354,0.8677542974463214,-0.8535100605851622,-0.9069476850108197,0.9533157502526621,0.9879396283116285,0.1805414689370908,-0.9549338342890229,-0.9666339232288768,-0.1573716481464,-0.9047287774193421,-0.9169870223420568,-0.924203810667656,0.885300197083099,-0.40273249315860954,0.992907321271652,0.9927661954894359,0.4564230300779959,0.766599368000099,-0.9717570639280276,0.9557010940378604,-0.806644531259972,-0.16883395734255013,-0.9665129868817592,0.9838681379107223,0.6669127227357655,0.9000696158485446,0.8925983041747354,-0.9936996571889565,0.6921265113757481,-0.8135044538171609,-0.9901246682633708,-0.388513199026145,-0.9698378673797121,-0.9491344698461598,0.9309742890905865,0.14110872418631115,0.8723158304963655,0.8322095368389973,-0.8736092605735553,0.9828840275186066,-0.8038221556834929,0.9558863207268171,-0.629629930618712,0.9597548144664825,-0.977096530361347,-0.9935559697146802,-0.860005883316937,-0.9668171349174406,-0.31854895610997136,-0.9509964140303436,0.9896856099527446,0.6459337529439667,0.9263162570711214,0.9418170468558658,-0.9853110283327587,0.9820938638019094,0.9642572555043629,0.9529533635305862,-0.7754026676774083,-0.8694673027422124,0.92053734026114,-0.8202358981426967,0.3901670510131569,-0.09539001623250155,0.1262667728008837,-0.9301975752223323,0.916150216125148,-0.33527406122065395,0.49005201906112456,-0.9924402274230237,-0.7523289917711594,-0.7028526471869495
-0.8223070013631398,0.49033794340398973,0.9076499589263863,0.9216245471302534,1.0000000016506168,0.04067592182505761,0.8183958166747363,-0.9297881074058506,0.9603191585103357,-0.9649112456602721,0.7919812064624928,0.8514966663956327,0.4790449537082514,0.9058605274915461,0.8779124527262514,-0.8441968885109188,-0.47326831552700904,-0.63660891926106,0.8368819604337001,-0.5175256986447452,0.6107962658037687,-0.2951339116676382,0.9330531883012458,-0.8689481738836193,-0.6898758716169563,-0.8294774527021124,-0.3965917345446668,-0.9540778128622603,0.9608498517006226,-0.9760328386260666,-0.6309244390876617,0.8925503230909899,0.8926936659091151,0.9126038462047352,0.8771174714745105,-0.678643555690468,0.8734757605165073,0.9101752405751479,0.5706968264203082,0.975255205361284,-0.9249927674642487,-0.8007434312010567,-0.8972463535080774,0.43147609186720703,-0.8281616439337686,0.8557499529738558,-0.8430137639325612,0.8202986189893294,-0.9512576178075934,-0.911962339084432,-0.9551871015597593,0.6901296185165674,-0.9859723499829464,-0.8492532039685246,0.8910575160015914,-0.7565861687511781,-0.7627840542071239,0.8501159961001473,0.870915514761465,-0.12302809323095186,-0.8993545511304014,-0.8727732213087167,-0.4957278715877201,-0.7274250904223495,-0.9441610606590123,-0.7376021931114701,0.6397459356544188,-0.5059416095284028,0.8950918362521312,0.8776949751327412,0.16210169054508558,0.7833243676195968,-0.9136295884969051,0.8704394971672169,-0.6344234907506558,-0.4565373290567935,-0.9295215161854112,0.8782103128674392,0.4500710372715182,0.7710823468256237,0.8780132380440472,-0.8893533838065626,0.8728183231078424,-0.5339264261493178,-0.8853353172388978,-0.6898624837924082,-0.799914482191158,-0.819449307284717,0.8251923301092987,0.16327263897421038,0.9424445254429047,0.6804400401146002,-0.6996725157744668,0.8854879011176927,-0.6661306663378241,0.982597555147426,-0.5720123247991142,0.8511246907709583,-0.8799201609805831,-0.9444000435266646,-0.9067407988279529,-0.8771131779386699,-0.30525771548658537,-0.8151414388078034,0.9625833381430106,0.6276481850286295,0.9674691186466323,0.8231849008686646,-0.8636685188469804,0.8669110494037767,0.9023952310861224,0.7850899408028061,-0.6753711843762773,-0.7113594416022588,0.8880419600810429,-0.6388055817037158,0.21457255912264592,-0.383814965606935,-0.17639019034766065,-0.9669901972454,0.804050830173603,-0.4514475548674607,0.4653468246436684,-0.9151733583027505,-0.45569757587509463,-0.3762200800006421
-0.5948511984259733,0.8034737470061281,0.4525133725601658,0.4235885864843399,0.04067592182505761,1.0000000066116914,0.2113632866728329,0.22787276359924583,-0.09126242977842854,-0.2465759561411672,0.5484225159893261,0.13869045154455478,0.8238430341045115,0.4221432574118377,0.41794180911065404,-0.2921494563926482,-0.8365238207189827,-0.6422308127600481,0.576602121436822,0.42887244240245975,-0.6391172060338897,-0.8847476432968875,0.2264440929701421,-0.4757045804447377,-0.6771329450082256,-0.5598670310420375,-0.8498335785702735,-0.29131049692510314,0.235925247957785,-0.25216227272403036,-0.6689858712151271,0.4368982997539565,0.09454046856943331,0.3213154797352103,0.4580796607233819,-0.6326905505688779,-0.07120894685184366,0.4118352332386177,0.6579983457305609,0.020723749302848867,-0.20393414220496578,-0.5039546657619324,-0.3891344164057482,0.12587803334512696,-0.5440465051220158,0.5403431590883648,0.42003762718115717,0.5723418301147444,-0.3135080849822316,-0.4161557777669027,-0.3112554267478819,0.5627642600037183,0.029539127540718985,-0.4276994103596201,0.11489867515957924,-0.38478059605103554,-0.5870798296336686,0.4433799343689276,0.49969631435940526,0.7106624379652605,-0.38017604379794057,-0.47414648202641324,0.722162276052388,-0.6007668817897781,-0.14258757174531836,-0.6339120715903681,0.7793092453213432,0.07097414133924516,0.46044576956082334,0.5027923586504813,0.7402281245111281,0.18422595874554176,-0.3819652033201307,0.40888375489961115,-0.6269218893977244,0.5897758715524958,-0.3084273842809785,0.4697860154417606,0.6118627923828214,0.47908437259923015,0.26541481267657235,-0.4787367929583165,-0.23470251772686465,-0.8493888091327774,-0.47425469662896425,0.5750097267064915,-0.6263042760813942,-0.5069771962040585,0.4403335760994768,-0.07586204104437401,0.07171534134293285,0.5668076362547267,-0.5778033205716661,0.46385846361445526,-0.4655710480998807,0.15655616939398176,-0.2156633693363721,0.4601273613988549,-0.4437470694186158,-0.3470778550214683,-0.1314950771045162,-0.41886220909686545,-0.029708959477817345,-0.5279142452594048,0.2975162850341226,0.1568886800456765,0.10715883642670637,0.473760112947365,-0.5153127054554216,0.4897799272484249,0.3522031997042784,0.6036217586769913,-0.36266494363176716,-0.5372645962671286,0.3186331266905573,-0.5742923085221628,0.4275704138436681,0.6885859266313386,0.6734526716150524,-0.15420433652637242,0.5147339724464822,0.26640836563350156,0.21945276749607154,-0.41232518089644393,-0.8479319968899567,-0.9386949144867448
-0.8118491184530316,0.7481609081411026,0.8309928131738453,0.8423933724356761,0.8183958166747363,0.2113632866728329,1.0000000036211734,-0.6827731253476297,0.6454597266125056,-0.9143957922833641,0.9172243884864697,0.47881700737248817,0.7258657675551552,0.7930670611193722,0.6450863720455314,-0.9934563102378433,-0.500075735771955,-0.8808599483838402,0.8104281253485208,-0.7053000599606342,0.36412502854886597,-0.19110219723754213,0.6324425082062127,-0.6891177734002544,-0.8503106654753957,-0.8712696384305709,-0.6715928374119913,-0.7701950579329125,0.866015574095678,-0.8598437905949925,-0.8672686770733488,0.9089394378930349,0.5832278749000286,0.9559134494890963,0.9169784830705702,-0.8764445046722522,0.43660177345442086,0.9023587524275339,0.8311547617105565,0.6906098518657917,-0.6217417500232548,-0.9373744545222046,-0.8033337567357965,0.8604638584712919,-0.8020393727711274,0.8174987897743655,-0.6232715848315417,0.864459337102505,-0.8449477149579303,-0.7722884974268774,-0.8252128295005953,0.925600214410595,-0.7248482764896993,-0.9560533426195922,0.9837325523820414,-0.9825437620387518,-0.5726280637386367,0.9497511587848092,0.878355786936417,0.3376787064718499,-0.6743550754456292,-0.6763036596010306,-0.05629540169677775,-0.9045583417373185,-0.9171878811202885,-0.8728043134748711,0.7326940270921333,0.059820143724515204,0.857841589688332,0.842887928330575,0.5933897668768459,0.40510357398579344,-0.7339719888318315,0.9357494452467939,-0.4261504705195108,0.033626397579153755,-0.862337378592254,0.8850631273319376,0.8347728109815443,0.9478594741321538,0.6342456370609232,-0.8404986870262688,0.5114557737396126,-0.6233181372405491,-0.8817316344978379,-0.25935848364349623,-0.803442262676382,-0.9282079542120922,0.9589467269019724,0.5395281357897801,0.6168798490231315,0.5469734472796236,-0.9190414723381675,0.8005705494913029,-0.9489547976054693,0.9017054520501323,-0.9380087792966803,0.9401246463921141,-0.9250896219566621,-0.8888030375545078,-0.5510041947880724,-0.9320452449453692,-0.7548902700691407,-0.9015232079244909,0.8687100532229788,0.8541337959192834,0.921323550241859,0.9460801603101614,-0.8331683990513747,0.9000277922287047,0.950428900747734,0.8740096575410023,-0.9710799392092353,-0.9374163930827178,0.6364230684845115,-0.910358032573422,0.7304732018919542,-0.44763241331552195,0.3599325875138215,-0.7119775451962518,0.5594689519386286,-0.7796077074760984,0.09029442905717608,-0.8628269925948218,-0.6937443912618533,-0.46486280598908486
0.6249589759914627,-0.21850469323577482,-0.7443022051752642,-0.7540485556730125,-0.9297881074058506,0.22787276359924583,-0.6827731253476297,1.0000000035450978,-0.9697988556891374,0.8303994156503935,-0.5882527510803037,-0.8570908727376011,-0.20359519744082885,-0.784284690600457,-0.7603232357487119,0.6865122037359338,0.3057362972432159,0.38465524993600475,-0.6418756559739104,0.6382183863768185,-0.852981351247058,0.08510303488260826,-0.8476226603561361,0.7332952645764486,0.4330756197216638,0.6325297280121263,0.09628505179768555,0.8565288977856945,-0.8803306912577288,0.8531782692722808,0.3966676015784487,-0.7284004821338551,-0.9154499819977632,-0.76832942840361,-0.6842893277281472,0.4835692972139269,-0.8729694224105188,-0.7515499847739882,-0.2751109314649429,-0.9499462756802327,0.8724640824220943,0.5812356492043035,0.8055692644302997,-0.3379871895453091,0.6860224332969137,-0.682240871064028,0.8322122338199841,-0.5923962584114006,0.8432452572830811,0.7851912013108324,0.8446902434116994,-0.48099923499231595,0.9628569781895854,0.6759700071279887,-0.8021424733550604,0.5760076177811018,0.5322026967395475,-0.664170663256035,-0.6904275534605018,0.43250664102958863,0.7944809999824387,0.7110078777523552,0.733235495970799,0.5040110030256206,0.7847510951274774,0.5227542462491909,-0.3717053086579424,0.587872835752892,-0.7396418750892549,-0.705770233696529,0.012825633066587844,-0.8048037242772051,0.8064387037254164,-0.6584144034778369,0.5295138877541935,0.703837564562254,0.8439389601917795,-0.7207445912893646,-0.19982379840780012,-0.6052876506096343,-0.8554415953034354,0.7292781824020202,-0.9717277839331556,0.2339335787970012,0.6850404660378475,0.7800814664160993,0.5884805462583864,0.6035073540593087,-0.6213882973129298,0.021359302560271347,-0.9227928638896861,-0.6133796821724967,0.487953053335872,-0.7542890069871088,0.44617780103662125,-0.8831009226916453,0.43301822831831943,-0.6592847250331856,0.6904905235646082,0.7855462777315463,0.8777794166534358,0.726053080797285,0.16553302158419736,0.5771488416809782,-0.8350682051509577,-0.39131836881294085,-0.8978790652158375,-0.6401179187848403,0.7039467317092823,-0.6830159973736595,-0.7562609025983279,-0.5625039871831466,0.5076648407972906,0.5050329188168257,-0.8283389308442008,0.442332081747329,-0.01964039154647953,0.42770954391806976,0.35555988598368876,0.9123870550018769,-0.658606711880455,0.43412181226185353,-0.5672603136794403,0.7757691086134921,0.1991783772077808,0.08875486538901833
-0.707919068778064,0.28357662931030847,0.8179438714975452,0.8279987966038362,0.9603191585103357,-0.09126242977842854,0.6454597266125056,-0.9697988556891374,0.999999998353135,-0.8638575965392701,0.627328967176313,0.930635313993162,0.2763069044705834,0.8472383969282662,0.8640260026781167,-0.6746398882944658,-0.3997986484022763,-0.424196784175272,0.7269903917399794,-0.4500501099153774,0.7321680990393737,-0.26105167059506207,0.9426190304534755,-0.8322199849932356,-0.5021738780723198,-0.6947759278141827,-0.17939531220173754,-0.9202257052600573,0.9010136310345999,-0.902721891928616,-0.43189674324405564,0.770712114522263,0.9530283268001852,0.7828565367635838,0.7355827550560852,-0.506432827989748,0.9573273281209969,0.7965704038693328,0.33696419277993955,0.9933264717189086,-0.9507537690642319,-0.6211643081685656,-0.8453849911522532,0.2163589352452209,-0.7426495249044056,0.7568892065938823,-0.8284698410843212,0.6710458206584287,-0.8872808730221543,-0.8592089990002676,-0.8976822194059045,0.49310295435222273,-0.9932641273296889,-0.694471651465054,0.7604707389222596,-0.5613296069038131,-0.6973434745248641,0.6924850852850052,0.7494726277920984,-0.38036374010333185,-0.8852154075575546,-0.8286034322877257,-0.6838013692063385,-0.5430760858790928,-0.8180126796142376,-0.5730946955634797,0.4793531160676232,-0.6999634388534006,0.7971203896160306,0.7746159739993328,-0.03750633462852757,0.879663053537138,-0.8819479846641236,0.7082862950041957,-0.648053963186953,-0.6775422970941183,-0.8643362255098133,0.7659049414723158,0.2016282006157744,0.6045997656238786,0.9050850384021205,-0.7946031946209183,0.9695751455475536,-0.37077992031698465,-0.7554334415948182,-0.7981837461204351,-0.6773264062302299,-0.6500283568397727,0.6487064752848939,-0.07185337187091634,0.9826801389009154,0.68010970606898,-0.507135206070622,0.8165735372075732,-0.4433815131998318,0.902368145054702,-0.351814737626858,0.6951970347190052,-0.7371648560006742,-0.8407122670180861,-0.958875594255105,-0.7484703934327704,-0.06345361054027036,-0.6441660915658075,0.8830472117414271,0.40013244941403,0.8880354401246827,0.6627282777356691,-0.7668242573487868,0.7346922614686805,0.7727087617384548,0.6274802469663,-0.46687583030017915,-0.515891615049403,0.9021668164663114,-0.43990909447434534,-0.046426844579017496,-0.314796251038941,-0.394394948550728,-0.9692683190082059,0.7916059203424938,-0.2828925822083927,0.6243306618342837,-0.8258923761930399,-0.26831789272392387,-0.23591133807741327
0.9208601530039499,-0.6970394918983456,-0.9657227892456041,-0.9750531930162945,-0.9649112456602721,-0.2465759561411672,-0.9143957922833641,0.8303994156503935,-0.8638575965392701,1.0000000019945292,-0.9231101070034489,-0.7708431182177783,-0.6855636521128533,-0.9473221625904176,-0.8835824196125827,0.9436754828555542,0.6133870588294005,0.8164522929290217,-0.9281818660690969,0.509269413483593,-0.44199300420146187,0.4045389604099999,-0.8904682018651848,0.899015666092943,0.8511629170394299,0.9381374888473949,0.6153489475711016,0.955401038781331,-0.9792957681807057,0.9925263027178375,0.8115775870905463,-0.9752159481208722,-0.8236026880595023,-0.9856605116921612,-0.9707025561438991,0.8416688642658205,-0.744228081228885,-0.9821197035657059,-0.7587452757704666,-0.90535201143047,0.8769527676516594,0.9294506642207597,0.9380829696018909,-0.5816317003965455,0.9125818071956959,-0.9376511922747645,0.7262412020380814,-0.9326499497553594,0.9786800829764456,0.9450359482412977,0.9755639139613889,-0.8546056828853597,0.9155974700605715,0.9567764580779206,-0.946011345574264,0.8918975266882884,0.8089985388186562,-0.9583667822970566,-0.9605782937679009,-0.1251894264527815,0.9014778960175006,0.8989033534476776,0.25822606872052295,0.8814261636372435,0.9718388061246362,0.8839983816965896,-0.7963245013932759,0.3327818366423911,-0.9652962127645585,-0.9552757841980182,-0.4030248568696339,-0.7064192464164937,0.9293683414434121,-0.9649946941198977,0.674865494781542,0.2227928905252636,0.9664276263256188,-0.9624819040378758,-0.6645008372768713,-0.90533891227727,-0.8544767940585126,0.9589890798183576,-0.7376305304067705,0.7000326306121516,0.969054712884257,0.4840548453500849,0.907464696890841,0.9405353582677898,-0.9434034007413484,-0.27031061020377595,-0.8675622037632493,-0.7326760599088477,0.8618549076009482,-0.9412927500274146,0.830467357075665,-0.9945446409852935,0.7200435700584273,-0.9589733293522958,0.9728489212022635,0.9934190949332383,0.8318591591018373,0.9676548596339225,0.44825240835891034,0.9336526860435588,-0.9921913094813758,-0.7312353087130363,-0.9809534597311168,-0.942226324595127,0.9436874360361126,-0.9626821052224247,-0.9812876607588608,-0.9144181974312284,0.8264434281275973,0.8694800283852192,-0.8715672736790296,0.8144372265429759,-0.43594898627531076,0.3039834094003469,-0.0824980096955415,0.9261662387007689,-0.8208555392390751,0.512536669661921,-0.3883754758417717,0.9735396179915382,0.662183513792111,0.5531677920722468
-0.9661823877601984,0.9153716872818003,0.9435718335830098,0.9412022480113755,0.7919812064624928,0.5484225159893261,0.9172243884864697,-0.5882527510803037,0.627328967176313,-0.9231101070034489,1.0000000123378179,0.5962274612485895,0.9071813427287153,0.9117722147222261,0.8127703490466931,-0.9536398586516028,-0.7875348621062476,-0.9689462269636591,0.9617327276825685,-0.4009949769135535,0.14314187449706411,-0.5654214265958188,0.7403166859708717,-0.8601616250937918,-0.9805496037801504,-0.9888264754871324,-0.859099116246645,-0.8569283020645205,0.8945210492490907,-0.8971539103006579,-0.9730514476819636,0.9794491117798275,0.6538778050737036,0.965045112656797,0.9857462696446213,-0.9810511994935416,0.48356650790161104,0.9701307116132976,0.9215775441340422,0.7041569077038604,-0.7255933713985959,-0.9931807401174281,-0.9045851239836583,0.6890767745430395,-0.946217913114459,0.9580414069984615,-0.43261825571406304,0.9838060931167432,-0.9099101804295163,-0.8976650265412498,-0.8977913687637004,0.9815333046923127,-0.7060449438205811,-0.9903815659836557,0.8913258906247717,-0.9599919373565529,-0.7967582283423195,0.9921922133053558,0.9804525285253507,0.44521519194457015,-0.8215246032638459,-0.8496313390395022,0.11352162663879346,-0.9945310470776245,-0.8699074231494222,-0.9938988360134886,0.938677250164558,-0.08761833761147603,0.9606901976784655,0.9633299317109996,0.7113311043312511,0.5540614929849109,-0.8622308113331769,0.9711411196840252,-0.7041131455771584,0.11958557172375904,-0.9146928889182879,0.9762076729207865,0.8743057094694147,0.986581370856475,0.7504736822143677,-0.9560524860362969,0.46863904488073715,-0.8691192778309931,-0.972991860343096,-0.1121831017519026,-0.9668353145188985,-0.9947677714242109,0.987088198862961,0.3175997361206463,0.6732928211215405,0.7685567497872929,-0.9866238254634715,0.927712757131144,-0.9445646164429812,0.885025559759832,-0.8104614321407989,0.993326799471123,-0.9855478141754439,-0.9431283872851598,-0.6484106850310587,-0.9826429804026028,-0.5408370400746304,-0.9839294446536705,0.9181164767266726,0.7378352336588582,0.8743988616123498,0.9960024729337578,-0.9604327139909845,0.9876347013724652,0.9722038055276588,0.9939419005838435,-0.9215478138699243,-0.983865685115307,0.7736404963183758,-0.964203968764282,0.668940909187417,-0.0825843950772069,0.44282068684793874,-0.7700835264945824,0.7790627839853773,-0.4819428249624816,0.2975169566560976,-0.9501825494679191,-0.8939692113005107,-0.7688568505488925
-0.7433598674288742,0.32660720396913645,0.818895671616327,0.8118133792624199,0.8514966663956327,0.13869045154455478,0.47881700737248817,-0.8570908727376011,0.930635313993162,-0.7708431182177783,0.5962274612485895,1.0000000019156285,0.33179147119530833,0.8726987489473416,0.9343565482599216,-0.5385695640267351,-0.6032836216352614,-0.38871999513330613,0.7587416643216374,-0.18996706628489746,0.5834176401891901,-0.5298455273673908,0.9595402534969063,-0.9013993031707372,-0.5001780514492203,-0.6957715475105144,-0.2337809306706947,-0.9172717171674091,0.8523166377593792,-0.840000267879232,-0.4233001157399785,0.7349268251911233,0.9856083056377504,0.694277087875937,0.6859821663614083,-0.511640903052099,0.944461040333339,0.7582578271873011,0.2855602311416507,0.9415411647869186,-0.9799269458138532,-0.5546020255109148,-0.8692366445275411,0.009599858285015481,-0.7936073111192014,0.7865994252463031,-0.5798815110999204,0.6589625078676787,-0.862396068502824,-0.8867956345550707,-0.8775777914870522,0.44297930254721946,-0.9102364182176125,-0.6246574830473205,0.5978979090830027,-0.44058321907679715,-0.7773148669860487,0.6242605812186961,0.7385539103772145,-0.3830571195593963,-0.9403614891562495,-0.8857632282814576,-0.5751502462657446,-0.5157202596804462,-0.6565798358252886,-0.578974636969786,0.5473294541890434,-0.8351540266929274,0.7952633968137611,0.7836749138489395,0.02623359604285841,0.9916776776468977,-0.9191897840846025,0.6164233952448909,-0.8496385043112826,-0.6587428538310344,-0.8411534656085115,0.7547370650085874,0.13306444881753382,0.55098611935685,0.9681774475014435,-0.8030099697576525,0.9182681200352066,-0.46757599309195796,-0.7220137459564747,-0.634187731268708,-0.7170059892478804,-0.593737626430065,0.5600632505515666,-0.37216236739212355,0.9764189329253224,0.8458987839674125,-0.4663480550975824,0.8488404697817046,-0.3292564096928792,0.797383995953229,-0.15880465896943424,0.634430260212856,-0.6808939881560793,-0.7834830365866052,-0.9896378491641968,-0.7018565872022811,0.20524212255227728,-0.591867515987128,0.8327801922716075,0.15790697563480183,0.7695100805507177,0.6064012946359278,-0.7898735113896965,0.7090337880773744,0.697100334518475,0.6232170904004984,-0.33232340179615927,-0.4558538404420615,0.9677561045194084,-0.39833085063794293,-0.1753343490080243,0.05214381257267663,-0.35039427447946886,-0.9519581963940715,0.9037665624595285,0.026158116897885327,0.8478109170762624,-0.8140453212133676,-0.35306821899802004,-0.4047732170562183
-0.8691229422036186,0.999247678713373,0.7769608397212577,0.7646173036460968,0.4790449537082514,0.8238430341045115,0.7258657675551552,-0.20359519744082885,0.2763069044705834,-0.6855636521128533,0.9071813427287153,0.33179147119530833,1.000000002743762,0.7278798041152078,0.6341192518996425,-0.7761969782432169,-0.853597642794141,-0.9632290190765068,0.8549063788271832,-0.10644937218084803,-0.2674480914937444,-0.7102342447179238,0.4920003801640587,-0.7026720066503582,-0.9641961275101506,-0.8826064254496866,-0.992134249547015,-0.6209130945118208,0.6414999977408009,-0.6529073651310429,-0.9704338421082614,0.8164460643382523,0.3627930985889197,0.7655834342034898,0.8402568179454828,-0.9438274637085557,0.1663788166148692,0.7938917646226425,0.9528247161274959,0.38188978197434753,-0.46668883747421985,-0.8919279492476286,-0.7091672440296376,0.6031014979539991,-0.8218274759613331,0.831301224354421,-0.05634408398763691,0.8912844874837097,-0.6837744535042336,-0.7112361843263121,-0.6700332354724563,0.9294843523242242,-0.3691079604715906,-0.8439294411043597,0.641024850703459,-0.8394153741475068,-0.7231121905342269,0.8519442616020763,0.8423797285853792,0.7284301713101424,-0.6243582607422558,-0.6968316881877288,0.5059021560186953,-0.9407592333885111,-0.6234430069073432,-0.9409720829076572,0.9630296477615081,0.12924838055690763,0.7987577563530092,0.8206946883532232,0.8704348725148177,0.31833077488885353,-0.6620845247145991,0.8225247129116394,-0.6500859240202899,0.4733822521906716,-0.6897943757065583,0.8233162565495067,0.9268692057528964,0.8770057861063212,0.514259523943399,-0.8009910433990488,0.09224741993077022,-0.9523545472073359,-0.8293488690341302,0.27589154790946147,-0.8879883622089433,-0.8864615166893239,0.8597212333937128,0.3000085599751321,0.37096825677936496,0.6777523430178505,-0.9349997375203516,0.7627151361000631,-0.8830419907332153,0.6124791584518593,-0.7071619974312985,0.8576850463098467,-0.8352321232227276,-0.7404483568747927,-0.3729123853719287,-0.8182974699720463,-0.48846815885811024,-0.8868099692246417,0.6898670391664495,0.6251296245564176,0.5892387981116876,0.8711282475634347,-0.8222238151487409,0.8500897355148636,0.7834617285393055,0.9195543122061324,-0.8214919024568539,-0.9182389559192679,0.5549203140654536,-0.9293836250133611,0.7489529177936887,0.2063891871484602,0.7042207150181106,-0.4876492237925421,0.6531755312221696,-0.2826178002330234,0.15602703370326723,-0.7666680374317527,-0.9949230112189547,-0.921375950958929
-0.9689296485017791,0.7295290486010507,0.990431071161274,0.9840752500133978,0.9058605274915461,0.4221432574118377,0.7930670611193722,-0.784284690600457,0.8472383969282662,-0.9473221625904176,0.9117722147222261,0.8726987489473416,0.7278798041152078,0.9999999985932315,0.9725131576542049,-0.8472726635994798,-0.8014507184238551,-0.7881651980763079,0.9735696504571782,-0.32637813386729014,0.37209678553709136,-0.6309962523807371,0.9365616865056858,-0.9851855298241684,-0.8531636268006728,-0.9567934262680897,-0.6487619917484787,-0.9863511713084576,0.9743424964898799,-0.9680245580788795,-0.8102383715361944,0.9682573505241594,0.8989483548007134,0.9355165389849179,0.9462933600923504,-0.8608528630955447,0.7687805427435426,0.9739648669905903,0.705471388389326,0.9010962709428533,-0.9390632040136686,-0.8838928040001226,-0.9942440341950265,0.41593273218543103,-0.9836626224828918,0.9853564839747448,-0.5381331148052162,0.9338331059541685,-0.990195682205158,-0.9982910864954283,-0.9905137002096805,0.8226344724972515,-0.8844150869625037,-0.9175590618760131,0.8372831447119136,-0.8032795778857023,-0.8831861391257115,0.9183736205294311,0.9722467908028012,0.08060347768954149,-0.9800341719754161,-0.9694871949301841,-0.2113389310087304,-0.8682900936061058,-0.8518929179473956,-0.9019683815940652,0.8555940926421262,-0.48095926914583964,0.9892715093690917,0.9856709564880106,0.45682838055165653,0.8458439136756417,-0.9934402800315889,0.8991350592576786,-0.8729672587227272,-0.25601552553205104,-0.9831607618662657,0.9780536215474595,0.5998887068085595,0.8799604295192912,0.9517967849121113,-0.9909206076008619,0.7454462710303008,-0.7743070067786066,-0.9573373336294175,-0.3741055136827609,-0.9563028531627226,-0.9051543616613914,0.8814500459165212,-0.013356950299061856,0.9027532005375978,0.909190367604993,-0.838059437215727,0.9983910679459819,-0.7381591892832482,0.9365769008356188,-0.5656991431673724,0.9245808864414613,-0.9432064480698519,-0.9682802848646319,-0.8964566287606478,-0.9532469059946058,-0.21155055996329383,-0.8973780763654488,0.978320054589477,0.5146011625727587,0.9156627905916683,0.9128184592908062,-0.9882235167204041,0.9608799746940714,0.9423087837129785,0.9230659435514182,-0.7248077924888396,-0.8297868674209146,0.9654911383671051,-0.7905605024404516,0.3155225597672473,0.0012878679939690213,0.10125831890762234,-0.949302677344467,0.9389876742749254,-0.2631230570861872,0.6247434005343685,-0.9916163698972636,-0.7327820381583663,-0.6864186158367266
-0.9254533026309174,0.6284066324293367,0.9555780898788853,0.9487348165887143,0.8779124527262514,0.41794180911065404,0.6450863720455314,-0.7603232357487119,0.8640260026781167,-0.8835824196125827,0.8127703490466931,0.9343565482599216,0.6341192518996425,0.9725131576542049,0.9999999988367858,-0.7164388028002419,-0.7844316988806408,-0.6674751157012564,0.9344182041382417,-0.14813102872196557,0.3441688327685331,-0.7019846877502854,0.9761719800427883,-0.9954450074320988,-0.7643843977677953,-0.8886868193804441,-0.5580452056057746,-0.9763038819246782,0.919999167134551,-0.9295556422931458,-0.6910104002634293,0.8943648565192456,0.9236619809271482,0.8408329943956172,0.8699592468367042,-0.7443709886746269,0.8517956601750725,0.906843799538614,0.5943368950318912,0.9121937467493699,-0.9740398380714319,-0.7807378144371945,-0.9531027495253763,0.1968649238218532,-0.9346446005286433,0.9441141189505885,-0.5233722158888032,0.8719581941042701,-0.9491293053614659,-0.982640916740123,-0.9597185647014638,0.6892363406805345,-0.8822870657724552,-0.810936301304706,0.7081270763357643,-0.6561923477981907,-0.9315169074704369,0.8175510803924223,0.9095208193007428,-0.029771428529782592,-0.998165434140108,-0.9914392325510714,-0.28043234277928347,-0.7594724386042347,-0.7825351975587315,-0.809426609341643,0.8070194115498546,-0.6493797400661145,0.9374361474013747,0.9390345276870686,0.29997719204692913,0.9163279779375754,-0.9905132357632602,0.8149105109279853,-0.9220652022266664,-0.3534383562722756,-0.9232853281017207,0.9096175442121458,0.4394518886260661,0.7521216970416926,0.9623587748959225,-0.9461744884852682,0.7727682510870152,-0.7479024685975054,-0.9007977050232088,-0.44713239547429834,-0.9128716317673323,-0.8113010240056313,0.7720500539295673,-0.16455389756365782,0.9358973425813738,0.9113962771570087,-0.7113936031455835,0.9640490623559039,-0.5866461584141949,0.8751312811817853,-0.36786507908888777,0.8298064947201237,-0.8632188972149405,-0.9163216573166355,-0.9503468912812626,-0.8614803434291892,-0.005166524063972289,-0.8185002640043872,0.9337336476941441,0.38787277172314116,0.8340175535532667,0.8053128552967542,-0.9394159190799416,0.887825334167533,0.8479133513756526,0.8456852334437794,-0.5541490373181396,-0.6967642001282569,0.9865828068516493,-0.6455331594985401,0.1114228238706848,0.10103188600155706,-0.06117703077926737,-0.9572768938852524,0.9882228492995414,-0.061639626757004816,0.7181681022461196,-0.9397215299259019,-0.6427098911326601,-0.6793388413239704
0.8717190251191413,-0.7947331635637245,-0.8849566844172543,-0.8942013389597716,-0.8441968885109188,-0.2921494563926482,-0.9934563102378433,0.6865122037359338,-0.6746398882944658,0.9436754828555542,-0.9536398586516028,-0.5385695640267351,-0.7761969782432169,-0.8472726635994798,-0.7164388028002419,1.000000001242875,0.5778602637807098,0.9123865490473193,-0.8707138519192876,0.6278606648227989,-0.3234937754715609,0.2961657455094372,-0.6939754701594774,0.7590734083142522,0.8970840468265464,0.9202330081696755,0.722219037391101,0.8211095385479311,-0.8978890336471416,0.8984949347653098,0.9014798383254827,-0.9480644282561767,-0.6284462149196974,-0.9792957462690584,-0.9562988599668837,0.910439710738424,-0.4866801669705718,-0.9422791840550964,-0.8646702805677322,-0.7273876814368299,0.6798804802168867,0.9688473129785153,0.8502121371688673,-0.8108939904490947,0.8565005997013748,-0.874868396691284,0.6105758709967076,-0.9159750748050964,0.8871628133036515,0.8301016803234061,0.8707781089113682,-0.9483730433183505,0.753390132830551,0.98199672614191,-0.9782056073752052,0.9883316164104502,0.6603078668303441,-0.9788525240359232,-0.9255945988311917,-0.35325456728893917,0.7402458042959096,0.7499321353621401,0.037403912514068764,0.9397886797854509,0.9350472070499182,0.9166366248730358,-0.7996825860316608,0.007637488013155787,-0.9064541491704656,-0.8960544723802716,-0.6063033164417021,-0.46952566174327126,0.793416272739346,-0.9679566524560099,0.5143451904515727,-0.03321690624808916,0.8973383120031679,-0.9283419842422174,-0.8444679593316913,-0.968523755298672,-0.68808448385024,0.8927758435529641,-0.5301682994263789,0.6998416112894271,0.9292137148668451,0.2590231322557072,0.865095526681517,0.9636767745526659,-0.9839658264882134,-0.48636817246655056,-0.6642549100845903,-0.6163185231069191,0.9456014267367746,-0.8552130673051674,0.9567165172906924,-0.9251375138945414,0.9071567987670085,-0.9726215937736511,0.9621182626418334,0.9295056438148229,0.6090486621165866,0.9633120890458056,0.6970656792066315,0.9434056938766597,-0.9086130026984126,-0.8430962660120529,-0.9336687481720806,-0.9746316025636924,0.8863038764114878,-0.9428310176495455,-0.976131371139818,-0.9218548151931181,0.964636838874488,0.9589042240503003,-0.6982088144024312,0.92865545784498,-0.7031041719261896,0.3698102189647206,-0.35442867279405144,0.7582962498984784,-0.6435082972540368,0.70457945935033,-0.15572529598613855,0.9082054481758138,0.7467224626624391,0.5502800156312173
