1.0000000045350126,-0.9355882145504881,-0.9812006575030147,-0.9615281547435538,-0.9758628101352291,-0.9867443184881296,-0.9791350619108995,0.23678343717546213,-0.9582527417552796,-0.9326659328247019,-0.9932868297140593,-0.9241754409178431,-0.9181301558810584,-0.929395015229897,0.5681023872015701,0.9678742146629258,0.9746858793525401,0.6027407402315254,0.9369728345489634,0.8476669046722322,0.9576960561332133,0.6776490963121156,0.9242493514347689,0.9926782071962202,0.9338182657537831,0.9603474195375503,-0.9547150155190328,0.7050241124489761,-0.9727901116145345,-0.910611406309349,-0.8648888278466305,-0.8631100489076968,-0.9958301250947862,0.9920376883900917,0.8512156962635395,-0.9744652740324478,0.900059008812638,0.7737644155681785,0.1567032940806017,-0.8862611016640379,0.9833106801252114,0.967286631562733,0.893544120872636,0.8920350387478961,0.09271466536758187,-0.9318284638711579,0.8839783603023843,-0.9200860807366003,0.9411575776808452,-0.9418456924081413,-0.9490506562434903,-0.9041284164508894,0.9572520761100662,-0.7577155599830877,-0.9891239208504097,-0.9923399159901105,-0.8366365098735596,0.8206473238945882,0.9577906472536394,0.7231473820709959,-0.9204285923611581,-0.8710672832768692,0.3649631230839697,0.9521508991955856,0.28164374432664807,0.9209624229559391,-0.5104322245694504,-0.9309073169999602,0.9777319224671022,0.8928887972707037,-0.7672017172699276,-0.9105259115875207,0.994953872016275,0.976429606132843,-0.9435537489177606,0.9656554472636182,0.9657285315939033,0.9698918008526666,0.6351054994392108,0.9461934416101025,-0.9921536404490885,-0.8569302066553506,-0.9779100244200055,-0.9398985058255301,0.9920765088535772,0.48242241477464515,0.9756500377706053,0.9556183281796474,0.9134529240491948,-0.9316519897274953,-0.9758325584569405,0.7793395327345448,-0.9566818524785181,-0.9487995330937732,0.8073697213535599,-0.35170293051014856,-0.9686541482322906,-0.8598727171950834,-0.9230148381800855,-0.8773393828501957,0.8869115779471003,-0.8076999482251902,0.8145171650839589,-0.8985825676041577,0.8921140531983649,0.9725874361205525,0.8813546777884429,0.4422799363993845,0.9577833236028317,-0.9938977230766964,-0.9924067448530888,-0.9290430993970591,0.3821479083827173,-0.8475034605508577,0.9941513006677027,-0.7556774974531963,0.9992857482750614,0.22484758892718237,0.6947172250754082,0.9668379767752622,-0.9159538269292125,0.9234836893649164,-0.46039321230444663,-0.41840283759755165,0.9680874750432825,0.9407991367234549
-0.9355882145504881,1.0000000008801844,0.9762241125935354,0.8638818452785512,0.8612531479970685,0.9505335749118152,0.903149361923352,-0.4747721290149551,0.971776538179393,0.9604540136874071,0.9572118868028787,0.9279785156716628,0.747957947698159,0.9751826269574889,-0.7862674521157801,-0.9924458116752928,-0.9602884549127961,-0.554102806652543,-0.9873626568559996,-0.7823371454617819,-0.9860350768726162,-0.8702453191016566,-0.974751680007212,-0.9646019107581302,-0.9880146686056552,-0.8929666942109507,0.9327342950495257,-0.8566790301763821,0.9693801648411235,0.9711380046459197,0.7114598983694483,0.8388996255804102,0.9161909957793233,-0.9586250542185882,-0.8638893082927934,0.9326371061533997,-0.9750318286351455,-0.843921625799092,0.04938188644594808,0.9812016748894249,-0.9498538831369531,-0.9349393687180733,-0.9853453958163111,-0.8904647220504488,0.18028287384403782,0.993717678346587,-0.7484637575154908,0.7415506451623854,-0.9964949972604724,0.9312491632619019,0.9824804790686318,0.9804170022648496,-0.9193955296862579,0.5236895018418385,0.9640648181261928,0.9380386347745503,0.96409885958004,-0.9391137405444955,-0.96219072253145,-0.8878166474499801,0.98092929850862,0.8036405119096992,-0.4463678499010519,-0.994317916265677,-0.5949306734310414,-0.8083132662438341,0.7677533546170432,0.9812225181631817,-0.9566411432320747,-0.7026598894538685,0.932520222271169,0.9616220104617519,-0.9026922935428676,-0.9783511425973359,0.8572679015733801,-0.9671831330834959,-0.9808073186626465,-0.9809618493653005,-0.6594788443099266,-0.9832719224028833,0.9520504050523688,0.7336536366148417,0.8687380875476863,0.9818406417751965,-0.8959751720027317,-0.3323171934251323,-0.873376054666203,-0.9518691509448907,-0.8427732478832921,0.9987343856536888,0.929728652828651,-0.6219781881728565,0.97235525829464,0.9990200945739283,-0.954533185274997,0.606083436388114,0.9936160652279395,0.9612822559917293,0.9631109286747747,0.8470747911153772,-0.9580373165313603,0.7769688441292781,-0.9433009166640763,0.9865965327880813,-0.7359248252283451,-0.980165349844545,-0.9613920440143204,-0.4769193744898646,-0.9933448008592758,0.9063202488214966,0.9534544648891843,0.9168985012011732,-0.35816954189304084,0.9391652655013246,-0.9347743058716369,0.8139271462613339,-0.945888237829655,-0.5476429285341257,-0.7545221853366663,-0.9874847109592179,0.9818217805116773,-0.9602638052017858,0.706679158013187,0.6940430713762599,-0.8314031317607772,-0.7921975759532645
-0.9812006575030147,0.9762241125935354,1.0000000018535578,0.9513304206340181,0.9173119553815156,0.970185071468641,0.9373798620618068,-0.30268096636125535,0.9907787994077668,0.9312477055626033,0.9901478100072106,0.90590685500151,0.8480675337632918,0.9518659058410519,-0.6683288125020075,-0.9939585520934098,-0.9613138445371636,-0.545829497542543,-0.9788578377394965,-0.7736729580774531,-0.9840539200368602,-0.7880194728062915,-0.9619268605209114,-0.984261788604692,-0.9707996692371076,-0.9159698463623881,0.9291853978142048,-0.8240824770834453,0.9854543691234552,0.9630334573563033,0.7687538616835238,0.8179815863888511,0.9631193482112365,-0.981893605756514,-0.8293463333741953,0.9855249078654669,-0.9421954293586096,-0.7851699952396866,-0.01262227592931252,0.9576875893049989,-0.9905562889537398,-0.939246035684581,-0.9615733185392961,-0.9408433353191352,0.08156210144468393,0.9767028300429124,-0.7986842398679228,0.8337212240422637,-0.970797880894002,0.9780008615990995,0.9778681038822917,0.9604462750666648,-0.9224796341030963,0.6833799825325191,0.9843692172659737,0.9897616015235279,0.9002466812480754,-0.9098077754237001,-0.9648291163089954,-0.813926253842153,0.9569077466888437,0.8059051493280733,-0.3271376110974444,-0.9799548987582474,-0.427976038850355,-0.9059889644414053,0.6375126413090474,0.9572782457005445,-0.9744823172622542,-0.8167182607561951,0.8650009649724388,0.9277411091008932,-0.9603897152705444,-0.9843145635513697,0.9461831215234172,-0.9803589194375105,-0.9920214011242222,-0.9960348157114179,-0.5847830554857143,-0.9787475162734839,0.9806886662222216,0.7656575908587845,0.9496578374050719,0.9742831287428823,-0.9661116517070008,-0.49817844798851296,-0.9563198721219427,-0.9890626416539324,-0.8503045730973762,0.9751709392478004,0.9839861807311433,-0.6596620757214934,0.9892278826484558,0.9815721682025306,-0.8918830744557779,0.43818744806640786,0.9907196115391181,0.9399479013966281,0.9489713375370743,0.8259179082897663,-0.9552021129942204,0.8611969704286968,-0.9103872356698935,0.9545675838365342,-0.8254408976858412,-0.9936640973485711,-0.9280539490621508,-0.5509954035560365,-0.9878722905656253,0.9582936204628417,0.9761880775887538,0.9107909480159062,-0.4188425831955011,0.8822849728309705,-0.9883714318827375,0.7521349492594323,-0.9877726642848982,-0.3933865878841953,-0.6801874561945863,-0.9812502235110387,0.960471121330499,-0.9642518784954957,0.610012465518677,0.5536547537201965,-0.925377552251508,-0.8807218319781878
-0.9615281547435538,0.8638818452785512,0.9513304206340181,1.0000000039945613,0.9120896622912604,0.9214383649124136,0.9102152521324669,-0.07073194030825068,0.9456457341471555,0.816630924110272,0.9473277962432736,0.7854429196563791,0.9298076247708591,0.8545785848322266,-0.48173683698363395,-0.9173466223733563,-0.879067794749824,-0.5320113243615521,-0.8978722125842411,-0.6865241168411199,-0.9102779922961767,-0.6352673522513013,-0.881928368745725,-0.9277475617009022,-0.8789299654194783,-0.8776497138489876,0.8498430556547891,-0.7324281791933053,0.9377680341926593,0.8894442033751697,0.7936331563757859,0.7321344323543499,0.948621371829772,-0.9363571831545247,-0.7307988661018466,0.9856172266429785,-0.8357376271680607,-0.6683084369008812,-0.0384496718990059,0.8495308438925359,-0.9736879216434267,-0.8650856230374809,-0.8537599607483544,-0.9494233121757091,-0.016996496980777227,0.8814854562779688,-0.7755247883978044,0.8755302397084304,-0.8581164739816675,0.9672612411059919,0.9034862817223965,0.8682465492599839,-0.848580321755162,0.8253773725739236,0.9361749662234145,0.9821961145554244,0.7527076263147261,-0.8128179937490854,-0.9030777399303519,-0.6735130422702074,0.8594584685130416,0.7511725451547342,-0.15309604422778783,-0.8854494276131069,-0.15388832780461217,-0.9502600356662544,0.4288429413391733,0.8574805266102727,-0.9294597673734339,-0.8849705129815623,0.717354979856647,0.818311832218622,-0.9621233762272897,-0.9181785714955872,0.9912383493630991,-0.9312036170562374,-0.9349702605596717,-0.941598369192376,-0.44572095783720617,-0.9044764509945771,0.9304671708478145,0.722757458100752,0.9738063751308893,0.8973343330623889,-0.9791419212864702,-0.6867934651312714,-0.9865965554252221,-0.9599465722501701,-0.7797913787048365,0.8669060146993687,0.9715360878778896,-0.6464618613520602,0.942206117333331,0.8779670057389544,-0.7471840793541414,0.19641040629569728,0.9035030722466355,0.8456172869651646,0.8701048933921643,0.725108807968242,-0.8872759558194598,0.9162208666201036,-0.7920385265439686,0.8439769214655611,-0.9024455029657188,-0.9384355374650221,-0.8263799391854474,-0.6135361552945746,-0.9052755631833695,0.943223038191234,0.9275321064073918,0.8419617486576297,-0.41442326469620455,0.7505413990227339,-0.9803746713460246,0.6312501456639501,-0.9631893754622654,-0.16541368718089786,-0.5459018339009472,-0.8966811390170548,0.8668637169659941,-0.9096815372389926,0.413483161514538,0.3418671031002394,-0.9836055991350103,-0.9099871758692404
-0.9758628101352291,0.8612531479970685,0.9173119553815156,0.9120896622912604,1.0000000083045288,0.9662962530986983,0.9858099592557009,-0.1906216021933817,0.8763864016681826,0.9112859619914809,0.9558367200302378,0.9279615265102882,0.9372490878371519,0.8729946744782556,-0.4513918927052787,-0.9016161601027664,-0.9596119802350981,-0.6397082596484368,-0.8525082643229369,-0.9169409144754684,-0.8900761221254198,-0.5356273911532542,-0.8447390715208739,-0.9643969214080894,-0.8580409219090467,-0.9734620216363239,0.9543278268964271,-0.5374788752952019,0.9153920860504101,0.8119618295006946,0.932784586464339,0.8923440438899525,0.9878392213474841,-0.9626878302377675,-0.8539810748951975,0.9085641459002302,-0.8223031044372582,-0.7416728693138273,-0.3303006451062751,0.7748228532636219,-0.9255122521321767,-0.9688452202333682,-0.7857516621745443,-0.7803081541481124,-0.2889724009906435,0.847479552744978,-0.9529905340180906,0.9725068923867654,-0.8800841310854256,0.8491788426941865,0.8786154747092806,0.8054958177494846,-0.9676032078262476,0.7816423233963357,0.9535839502595774,0.9450186123789469,0.7449305182355702,-0.6859530437501171,-0.9110144606990187,-0.6000086245371489,0.8468867973403522,0.9180924249810711,-0.4301748518291621,-0.8882403505223038,-0.147464321428836,-0.8835661102421083,0.36923799411190367,0.8702881972934959,-0.9394248366474783,-0.9287074734792364,0.6362071809976892,0.8643621824632945,-0.9854940022585348,-0.9295954861417645,0.8806734533815775,-0.9061372364065416,-0.8940924183798201,-0.8979494816787108,-0.6945618539171526,-0.8712106582918638,0.9671304611980099,0.9389331547005684,0.9577869859781469,0.8634148985206092,-0.9701943267899423,-0.39470658832466415,-0.9426050160024978,-0.8703450617827709,-0.961902201130378,0.8525094343382275,0.9182652179867692,-0.892380232133858,0.8751779596970107,0.8815503247076811,-0.6903964089819469,0.27665317294105796,0.9104099366378459,0.7346437263466685,0.8576917200025133,0.9189323439176842,-0.7687135005255501,0.6849236631082145,-0.6787800428542755,0.805117901910244,-0.9083687893840966,-0.9068491707304692,-0.7972250196457472,-0.26853288057650965,-0.887990442089974,0.9908045938056824,0.9717053553815698,0.9168671989160554,-0.3245001844121843,0.7870087542752775,-0.9512458919451944,0.7444394060304761,-0.9670863887589378,-0.052052918691584696,-0.7036847049537133,-0.9167796863315508,0.8316836817704346,-0.8340755471247809,0.29578857036948614,0.2720001729454582,-0.9569335752299725,-0.9626516609013349
-0.9867443184881296,0.9505335749118152,0.970185071468641,0.9214383649124136,0.9662962530986983,0.9999999970771672,0.991321043218259,-0.38260595211661935,0.9561446812537244,0.9738249110182677,0.9759863267608365,0.9447348961320716,0.9052005524157039,0.9685714172076462,-0.6614456229139861,-0.9734980818791364,-0.9897563796932339,-0.7007132696715294,-0.9529751264115035,-0.8882250866764928,-0.9745836141027376,-0.7328001817655094,-0.9525976212316093,-0.9935884256255683,-0.9595161115122969,-0.9855716990847991,0.9873212269101038,-0.7120374523505534,0.984027224039763,0.9280088865358025,0.8914115662378436,0.9279014867969038,0.9905244405981184,-0.9984348053931823,-0.9244304702882992,0.9538810739269042,-0.9409068790346148,-0.8635508194924726,-0.1038136406065332,0.8884952411490243,-0.9745392473553985,-0.9889276858798653,-0.8990305361872696,-0.8647712847233823,-0.04304892789204128,0.9495233871630976,-0.8649340940625773,0.8822487671326682,-0.9653408801053511,0.9097095972412926,0.9699275887706895,0.9256628587333103,-0.9836345534663318,0.6519879744209661,0.9973273106909191,0.9720968593707343,0.8881988293694514,-0.8375416343972429,-0.9855437669269247,-0.7856913637663283,0.9549104733926609,0.9250440716047568,-0.5042526132532535,-0.9727843649184662,-0.3355695525034823,-0.8458253212921378,0.5897951586747637,0.9671889995406294,-0.9943881552985069,-0.8260236776761017,0.8068657030965523,0.9607364283585753,-0.9835963664574229,-0.991968977798974,0.8880866312706582,-0.9807927045327454,-0.9714102697171981,-0.9696289257648921,-0.7430669732672388,-0.9652533109441898,0.9792589895360506,0.8579820052093167,0.9315874926877352,0.9618235350028534,-0.9599002058661712,-0.3540500728644732,-0.9284664038372623,-0.9269321353312286,-0.9380023409742412,0.949761864253283,0.9368017198773005,-0.8052449755018973,0.9573914666981613,0.9633395313827573,-0.8481949304683248,0.4804773499798222,0.9734716035296045,0.8679387722253032,0.9603885815634565,0.9275067335454937,-0.8893452534081459,0.7416599012585201,-0.8098527111692182,0.9267119991007103,-0.8957716576081954,-0.9775420210216983,-0.9256862297271836,-0.3468879983588553,-0.9708560764929187,0.9757717735454106,0.9984471117312219,0.9759364071781518,-0.2540637150481294,0.9136148737417117,-0.9699609536660664,0.8513988302505813,-0.9864401164694491,-0.29059422316355765,-0.8019078987920161,-0.9862371878324148,0.9450256429854756,-0.9403485853204472,0.4549817548241457,0.5054739649060526,-0.9364749288524609,-0.8888869936801941
-0.9791350619108995,0.903149361923352,0.9373798620618068,0.9102152521324669,0.9858099592557009,0.991321043218259,1.000000001584419,-0.333338626203097,0.9153494480297103,0.9551089135164418,0.9572136708059948,0.935999886376001,0.9363951340470039,0.9348656444364494,-0.582847160865388,-0.9359187423019807,-0.9780569273403668,-0.7307901831564522,-0.905970193619723,-0.9194913434776968,-0.937648080811966,-0.6450193313097966,-0.9091923247837623,-0.978616161675776,-0.9158205259652988,-0.9965082936637839,0.9848638558705786,-0.6181007610568257,0.9564667517615706,0.8749511863211269,0.9403488376625327,0.9412097508138927,0.992641759195091,-0.9852702428238939,-0.9226858482613673,0.9276315421384822,-0.8946345999839039,-0.8415982684433164,-0.19351325147782641,0.8214730048798722,-0.950537084042343,-0.9875571979188206,-0.8342577033245906,-0.8153953973605671,-0.1565273100863213,0.9002087744329805,-0.9025066527707641,0.9213976369968468,-0.9254563719362571,0.866725776529429,0.9317099319081585,0.8696791340118718,-0.9870794155754885,0.6868505041599099,0.9806814942423939,0.9541546005494415,0.8280423426988827,-0.7612553951997565,-0.9621849134788651,-0.7106721060323739,0.9119943202286631,0.9519469480110367,-0.5222207785101066,-0.9344081335147324,-0.22704855607608898,-0.8366674270291974,0.49324425095900554,0.9306781770019189,-0.9774847363252575,-0.8586452220191981,0.7251017080678595,0.930877035933434,-0.9872634625261324,-0.9669752844793312,0.8679621855531873,-0.9521602802292026,-0.934468005528117,-0.932526520504259,-0.7640295568834261,-0.9245667516923449,0.9658761103261897,0.9001653363017894,0.9306463710381888,0.9200921192205416,-0.9574498066562379,-0.33584584223302727,-0.9219278303315751,-0.8849390119138313,-0.9608357973802395,0.9008679741409236,0.9110923334667231,-0.8696954938055071,0.9166738448314905,0.9211543666882137,-0.7745295336024843,0.41446564219332177,0.9380692690104468,0.7965458464892989,0.9251278220700047,0.943417916253079,-0.825871458408349,0.690702654050057,-0.727489252487202,0.8706706454947457,-0.9258348781533414,-0.943913996083543,-0.8771220153971404,-0.26554001042555264,-0.930973433365703,0.9791928559079691,0.9891104317727901,0.9702631892060345,-0.21684344736970956,0.8733604175266709,-0.9538754040603712,0.8396738863987521,-0.9739165692192913,-0.1708963839224224,-0.7985269600885841,-0.9566499078773816,0.8968317330797269,-0.8953503768556379,0.3411169848498295,0.40553587689204373,-0.9471223122102037,-0.9093521177491954
0.23678343717546213,-0.4747721290149551,-0.30268096636125535,-0.07073194030825068,-0.1906216021933817,-0.38260595211661935,-0.333338626203097,0.9999999963182071,-0.35705846005394615,-0.5541635806679676,-0.24374054887514163,-0.42695253831286106,-0.10449901694788656,-0.5667833263804322,0.8643033270809111,0.4041437578379377,0.40583961701102955,0.6252813298799528,0.46939633839687456,0.4188080547126766,0.4575434322803985,0.7038388022035197,0.5224663015814035,0.33524079813884883,0.5159682370716682,0.3950100891310176,-0.4720067010273196,0.45324558868531806,-0.40518558594129844,-0.47865294049992335,-0.27828118517696965,-0.5841763432208079,-0.25595329546419887,0.35630759718554816,0.6585929788648404,-0.22174651155079655,0.5950694236415632,0.76880113134447,-0.4163684592594349,-0.4321772708508369,0.28686304485681585,0.4147265528797836,0.44657566939762766,0.2065434653927422,-0.489214667900508,-0.4860673222018459,0.08557071113672439,0.026694016778853094,0.5096196841717733,-0.1892082423042109,-0.47855196984084436,-0.5103287007680138,0.4268933817945435,0.45059269579284034,-0.37264132865222327,-0.21472673488338528,-0.6739528869220419,0.5042848362836595,0.4831257884181653,0.7257840351810702,-0.5581253171691086,-0.4929317167787643,0.8500361516477276,0.48522568133376376,0.6666928519031531,-0.12546797918150485,-0.8182136034571434,-0.5585659683034769,0.4127632465404906,-0.18116400685079465,-0.6352051907587425,-0.6152046044116202,0.21575980256917715,0.4296732595120143,-0.00456628055003359,0.4260331158519386,0.39601988790224846,0.3657611914329199,0.7463713885797706,0.47314837743702304,-0.2581233240529132,-0.17977895203790178,-0.03088359745621027,-0.48920937629945815,0.1151077274187563,-0.5570563022146601,0.03478897264541828,0.21524062119546067,0.36543763883550484,-0.4917132142449765,-0.12944098718704386,0.23284602547600394,-0.37172867513818975,-0.4632040629845718,0.6356364431679532,-0.980493836022966,-0.3994238225590914,-0.45899178366429305,-0.552509432204495,-0.5121116741006991,0.41289453088218236,0.03128615869241907,0.4097293039482788,-0.549292259285819,0.18710376353738187,0.3870227330321861,0.6107854485253655,-0.22995039812220683,0.4465374585694445,-0.18641679067017658,-0.34803117944369394,-0.5417742818616227,-0.48172575569725806,-0.7079522779190955,0.19120648843095145,-0.7756092052267102,0.25011152799782066,0.7186270261469065,0.8058598171671438,0.46226702395353886,-0.5379037685653207,0.4572233216755936,-0.39379094999748104,-0.839863950348446,0.07016183198784541,-0.052760093933266104
-0.9582527417552796,0.971776538179393,0.9907787994077668,0.9456457341471555,0.8763864016681826,0.9561446812537244,0.9153494480297103,-0.35705846005394615,1.0000000075844895,0.9177121953542547,0.9633764470940053,0.8606206490625741,0.8385720212674295,0.9619732607560032,-0.7295821921594703,-0.9896082134235712,-0.9343487688670309,-0.5862546424569025,-0.9916405966686697,-0.7213503652351203,-0.9904532559878714,-0.8428457801636681,-0.982266002918198,-0.9620109479321506,-0.9827168341153778,-0.8971210418310135,0.909336408300692,-0.8758303374769878,0.9906310946598271,0.9877197007879838,0.744801475088689,0.8066629969940643,0.939470525419666,-0.9683546308275137,-0.8348835120044211,0.9869787375108025,-0.9626329322790522,-0.8178138106128677,0.11754581993375852,0.9659115145416798,-0.9907838416285335,-0.9113048728766738,-0.970338545405286,-0.9665770229694679,0.19507724451210828,0.9858989909084954,-0.7213484026176319,0.7726127050410531,-0.9661305740008336,0.9818575834207351,0.9888830502353325,0.9820185797026055,-0.8937368987558751,0.6225058170694683,0.9747550316322305,0.9783439874516111,0.9236116739292036,-0.9473342159690555,-0.9725481868180115,-0.8676722307768745,0.9728029407882441,0.7870676957418336,-0.3333265103708284,-0.9801643732292472,-0.44286339894088445,-0.8654989926065846,0.6945841802288902,0.9665177704710284,-0.9743209085496451,-0.7516247053996609,0.901754752475274,0.9370460603077261,-0.9384584506968972,-0.9806160494659218,0.9348625206803136,-0.9893736442771123,-0.9974918011970857,-0.9978434563404942,-0.5766155012305961,-0.9909124301769028,0.9480374533885129,0.6906318930765311,0.9142549011887893,0.9887007361997322,-0.938623528802217,-0.501885754921473,-0.929466570348858,-0.9849402651314303,-0.8013392693850566,0.9773188043823879,0.962048399996376,-0.598968598886347,0.9998434882732292,0.9757277487646026,-0.92216133597204,0.48938019188991694,0.977662993959176,0.9655731951540997,0.9690591409851289,0.7909232092056696,-0.9812441443832597,0.8803068508347075,-0.9242765262869722,0.9722004142488416,-0.8293541950600087,-0.995850035168371,-0.956716345676227,-0.5844309844973968,-0.9893993730784897,0.9217613724250295,0.9565585659012515,0.91271250363688,-0.34115775431886164,0.9053065031749401,-0.9712661587550325,0.7769936087310615,-0.9678537500484625,-0.45571499695103085,-0.6995021984183413,-0.9761098291921246,0.9794006574901801,-0.9898459993273835,0.6185811743273218,0.6202645591581096,-0.9086417410429146,-0.8205113925443487
-0.9326659328247019,0.9604540136874071,0.9312477055626033,0.816630924110272,0.9112859619914809,0.9738249110182677,0.9551089135164418,-0.5541635806679676,0.9177121953542547,0.9999999974671654,0.9333592932432002,0.9702532257928448,0.7998120718900728,0.980236221150773,-0.7606142268569195,-0.9576857152129884,-0.9855445680889117,-0.7119592051848,-0.9433661005074891,-0.9121147350004393,-0.9614982362886666,-0.7892058375962383,-0.9480068391276959,-0.9665602541660071,-0.9609232668638137,-0.962400607178803,0.9902417950596208,-0.7106582189286131,0.9535050312721832,0.9145418854748294,0.8421369486868917,0.9544978128506914,0.938068896839655,-0.9666947772531135,-0.9595549839934867,0.8825663427148602,-0.9581610262040785,-0.9164139037489918,-0.07849556103131014,0.8904848958539862,-0.9178596891857065,-0.9843464722709853,-0.9019105032414492,-0.7861149527165705,0.018573023438903127,0.9493443761463393,-0.8273598571298257,0.7953230428522672,-0.9797650261848898,0.839952671495248,0.9588262997970127,0.9251768007055224,-0.9820666485536532,0.4877438912872909,0.9673448806608875,0.9063613787270938,0.9360988532537577,-0.83945372790865,-0.9712402890475628,-0.8365999130048138,0.9637697744656705,0.9305784401512193,-0.6428510837689395,-0.9741381812465612,-0.4882321920331762,-0.7349341734209978,0.6981046506771654,0.978811293237721,-0.9658668672819376,-0.7129179234559807,0.8506447365957758,0.9857246240841843,-0.9191908861363034,-0.9748874503440095,0.7796917698399627,-0.9527232629106848,-0.9434774077582804,-0.9377605330541959,-0.8332390288461942,-0.9531423890467098,0.9439681449328153,0.842237714923355,0.8413408978778042,0.9525390955158606,-0.8802800072714699,-0.1585165704382,-0.8330425543440005,-0.8693490436939285,-0.9402763658332579,0.9580894720905677,0.8672791838459974,-0.7882435988117675,0.9212120035120329,0.9678449307188911,-0.8897133288313496,0.642177726892073,0.9645076405896639,0.8638267592917529,0.9598411635399885,0.9583524013403707,-0.8665828013177361,0.6253433947376074,-0.8172077891419769,0.9404198871932723,-0.8002922343574532,-0.9484700125685285,-0.9417416122052489,-0.2318973460055462,-0.9614772154571265,0.9197627810428749,0.9693226702390529,0.9778827266453082,-0.18318988244639592,0.9597782912551508,-0.9034439358471956,0.9119817988537503,-0.9346567443966263,-0.41914974486822404,-0.8802233659876507,-0.9817799143304359,0.9488308207822177,-0.9155096815982181,0.5266690838507283,0.6232270237200271,-0.832513840310167,-0.8001315460866132
-0.9932868297140593,0.9572118868028787,0.9901478100072106,0.9473277962432736,0.9558367200302378,0.9759863267608365,0.9572136708059948,-0.24374054887514163,0.9633764470940053,0.9333592932432002,0.9999999979493027,0.9363691292150296,0.8674215202435464,0.9287474438609079,-0.5880234153645808,-0.9788670121133078,-0.9758843645130809,-0.531023617554171,-0.9466712619487196,-0.8286663934060658,-0.9613848631009132,-0.7067826462178145,-0.9260306090506459,-0.9930720829061678,-0.9411893352800881,-0.9349238479530452,0.9431690559976236,-0.7404156586261139,0.9677183793346932,0.9189627020761237,0.8090929916792908,0.8339624702466735,0.9804882159434466,-0.9849808462699506,-0.8257869104855298,0.9699577805039359,-0.9054837094477516,-0.7522237423913083,-0.1518966654697089,0.919503493299521,-0.9774313973096282,-0.9595341073666239,-0.9241082775498672,-0.895813493388783,-0.055781259295945976,0.9463364362912904,-0.873441164775808,0.8957444015595365,-0.9557222413412614,0.9525729699934359,0.9512122975743118,0.9176527926241118,-0.9457834141610165,0.7407619823268854,0.9829112024088565,0.9879376723562742,0.8555302181338581,-0.8453843383407879,-0.9477276110461753,-0.7395302724249078,0.9249456185430609,0.8334203413599724,-0.33557412496258904,-0.9616072233630257,-0.36902609217775206,-0.928586983750156,0.5518547983436786,0.9334423003075033,-0.9659323779442706,-0.8777323151898827,0.7997325171583183,0.9074756574638542,-0.9768770447664027,-0.9748073117381997,0.9419270422237306,-0.9593293597545083,-0.9695940080384163,-0.9761272908905454,-0.6039622716823675,-0.9500107808503477,0.9977296799205929,0.8415837740925367,0.9731124954079878,0.9434525903599065,-0.9832930961497927,-0.4809127020946541,-0.9705665576837981,-0.9704008924696422,-0.8980966587942892,0.9504886311296908,0.9860736464504392,-0.7356930485845311,0.9609046858609329,0.9659584282056479,-0.8352889336991255,0.3732376981776322,0.983343068879815,0.8865525760313543,0.9173314465656579,0.8608434546995931,-0.9047872878005718,0.8191441887617602,-0.8606988916091366,0.9150908258225113,-0.8345952463604283,-0.9752465690625804,-0.8840911370652267,-0.48348538156201654,-0.967497002905621,0.9857364086371264,0.9857245762104937,0.9070392977652486,-0.4563958130694767,0.8474245607872045,-0.9916407372572823,0.7301432011856137,-0.9952996383972311,-0.2931060881585219,-0.6668599976556494,-0.9709604633618781,0.9235470392497659,-0.9230790136019611,0.5507898844626016,0.4595325763692874,-0.9401983793178745,-0.932973608981961
-0.9241754409178431,0.9279785156716628,0.90590685500151,0.7854429196563791,0.9279615265102882,0.9447348961320716,0.935999886376001,-0.42695253831286106,0.8606206490625741,0.9702532257928448,0.9363691292150296,0.9999999957364978,0.7596788220421454,0.9125480661898755,-0.6221430905308063,-0.9222272048494738,-0.9811712591537747,-0.575981410594606,-0.8791306932757225,-0.9428023585796674,-0.904536651612708,-0.6669672576697244,-0.8671122009229998,-0.9565016532250487,-0.8954558907183581,-0.9351881530077937,0.9676558719533914,-0.6042341371972492,0.8962866364425894,0.8316289856051132,0.8178393546160221,0.9101222613003032,0.9265385980257934,-0.939151517815995,-0.8879439345796342,0.8381695669450991,-0.8767164088589503,-0.8024070433389905,-0.29069344243457634,0.8461670994263827,-0.8721076544862358,-0.9777162804803561,-0.8548641482794249,-0.7103883700777361,-0.15907556624045724,0.8922636306841362,-0.9119032449177192,0.8517296492919959,-0.9432394223232524,0.8003681165769153,0.8935083868661793,0.8483152310011306,-0.9750341374290876,0.5679150493271142,0.9334925351699499,0.8818407602347523,0.8547895252986396,-0.7452056975889074,-0.9055758504224671,-0.7084743970490894,0.8897669742662105,0.8975944152050032,-0.5774514976364469,-0.9284084446154378,-0.46700820630135714,-0.7758964943876188,0.5786748136832442,0.9140529201258729,-0.9137852109606441,-0.785991965798424,0.7577214460094208,0.9171221157493015,-0.9053619430359698,-0.9319658509842482,0.7655742367782344,-0.8884355240884289,-0.8900645409139739,-0.8920491025319597,-0.7845725797404443,-0.8870021296615946,0.9552213765158208,0.9185657314247611,0.8615247790512834,0.8823722482860575,-0.8828271087297047,-0.15692177513843159,-0.8396468162132236,-0.8425177381192233,-0.9670319248231027,0.9136326219462176,0.8689960796076057,-0.8310091178811732,0.8610876538200871,0.9357076788899629,-0.8036906673842974,0.5229263753447448,0.9443618119048562,0.7894143457814666,0.8751804382122773,0.9584955481936294,-0.7887031130646596,0.574762534760082,-0.7725549759417325,0.8696965319488242,-0.7341308271729039,-0.8998115593904313,-0.8463352479827222,-0.19056355985521203,-0.9150419205275129,0.9340237444663947,0.9517685188034793,0.9151307751331632,-0.340873996538778,0.8695470583052973,-0.8894270280246765,0.808859369803447,-0.9220803577841038,-0.31565878032199235,-0.7857037118713289,-0.9425949810467934,0.8722448572039003,-0.827929782561773,0.5208485811151143,0.4909573866563874,-0.8127832450090635,-0.8622437338797985
-0.9181301558810584,0.747957947698159,0.8480675337632918,0.9298076247708591,0.9372490878371519,0.9052005524157039,0.9363951340470039,-0.10449901694788656,0.8385720212674295,0.7998120718900728,0.8674215202435464,0.7596788220421454,1.0000000000369555,0.8070206296079686,-0.3888972355679913,-0.8194829818287351,-0.8495332094091491,-0.7309947739003644,-0.7929678645186404,-0.7858907910554646,-0.8305729234887028,-0.47742884106293376,-0.8026656030310638,-0.8781168131942091,-0.791964646873492,-0.9241606702579864,0.8661715792703634,-0.5099001954586807,0.8777484991704536,0.7754094332750227,0.9427799000056163,0.8268817496295872,0.939179153095956,-0.9014872351165812,-0.8010862973495291,0.8966814607803854,-0.7606208712883195,-0.7130137214001611,-0.16634267490737306,0.6740014190203413,-0.9016507629199056,-0.8696774055416019,-0.687823986001252,-0.8030742169061358,-0.22174275300145044,0.7699953804466432,-0.8219839165110788,0.9167708395942049,-0.7715419601265638,0.8224959519580682,0.826479443652245,0.748527004761938,-0.8705001531889929,0.7893888850958496,0.8955257511993708,0.9097225351469144,0.651184226157389,-0.6410598922764391,-0.8717459667733604,-0.5573244475281818,0.7851126736686105,0.8689283804921785,-0.3402500461427903,-0.8021608641397197,0.08364792249966081,-0.8338590944288508,0.27102000852320507,0.7989974421623202,-0.9011186251164418,-0.8782779991981031,0.5519341686130145,0.7914515006296665,-0.9520082386148561,-0.8647275490602636,0.8788734973784907,-0.8739719339779869,-0.8440122854726948,-0.8425930994809113,-0.6040998624305587,-0.819542308092245,0.8665204516210067,0.802321146637142,0.9104056539702938,0.8134451437467585,-0.929341784766007,-0.5164559454926316,-0.9114536187014921,-0.8170946429730277,-0.842527570064875,0.7533029723513173,0.8541933304721543,-0.8182815668199238,0.8387691652122087,0.7752181518277755,-0.6018152156627168,0.16645110254658346,0.8063106543925431,0.6726946593311891,0.821725263105943,0.80066114010574,-0.7309405694837945,0.7246435414797983,-0.5705852969117975,0.7283761702984984,-0.9923910742784893,-0.854177517698907,-0.7525604422177575,-0.3170425072834351,-0.8112860989570649,0.9183331731661976,0.899654228395586,0.8744642532349436,-0.14965227557436261,0.7174421098888715,-0.9062472777580493,0.705628875527792,-0.90828354824109,0.06687563337227351,-0.6511783544898012,-0.8335669943243652,0.7744086421072292,-0.8177444150503966,0.10136356536357609,0.1869215186518691,-0.9758184653032917,-0.8869581296142172
-0.929395015229897,0.9751826269574889,0.9518659058410519,0.8545785848322266,0.8729946744782556,0.9685714172076462,0.9348656444364494,-0.5667833263804322,0.9619732607560032,0.980236221150773,0.9287474438609079,0.9125480661898755,0.8070206296079686,0.9999999969109582,-0.826887366931268,-0.9766902202028631,-0.9601884774086099,-0.7234877831386249,-0.9832923119833867,-0.8227062539134897,-0.98979284922786,-0.8720627896971751,-0.9911659679771222,-0.9574766456511253,-0.9932411984226284,-0.9385617078821475,0.9631890402197687,-0.8184395404944811,0.9816884090622235,0.9721459688661992,0.8002420510582973,0.9165627137121735,0.9271407112665563,-0.967148981304067,-0.9447875738676303,0.9232631905428009,-0.9943076002906169,-0.9350833648421074,0.100716760819111,0.9343600130629557,-0.9496631596907436,-0.9515274222205572,-0.944438462291127,-0.8698656887243869,0.18079000864759287,0.9832605230499231,-0.7342885505955843,0.7379003477797281,-0.9874775352283744,0.8935130993665958,0.991813221132637,0.9761656406951937,-0.9441372838364179,0.4670416108718288,0.9732749767536156,0.9262934819287869,0.9718307727297145,-0.9192469792310319,-0.9925632041957054,-0.9120449398330344,0.9965484874433764,0.88506358877837,-0.5763966836300167,-0.9911533395032659,-0.5072786653975114,-0.7395400747484052,0.7684510393704211,0.9995260804839337,-0.980912453412273,-0.6669288142320957,0.9160801262918036,0.9967472524014455,-0.9139969747054335,-0.9868481447284161,0.8194110807582661,-0.9844749777738846,-0.9770087817987334,-0.9693441565207536,-0.7686348591397988,-0.9893285330707973,0.926902063270245,0.7395497728346139,0.8366084624371858,0.9905242851426052,-0.8798885984198583,-0.25222995474783155,-0.842695667196279,-0.9090581955076276,-0.8682459641875103,0.9811045773674414,0.8834256014053212,-0.6866158505624036,0.9658767195900906,0.9799691069652638,-0.9440395955882277,0.6656917647460877,0.9704987972724683,0.9307389563048684,0.9957808554683585,0.8931120852854536,-0.9363850590967427,0.7199417530272078,-0.8750239516705659,0.9815902645540602,-0.8177194917413814,-0.9769848238248016,-0.988265900125675,-0.3628848527285521,-0.9852460193674688,0.8965857244272801,0.9600921295766796,0.9753400355844146,-0.1561950583439057,0.9829026578898877,-0.9167865734945583,0.9131235943373122,-0.9366509881296172,-0.5035366327668706,-0.8634439744434771,-0.9900562767813598,0.9902272253247165,-0.9734643265478582,0.5753975707072503,0.7020928760204613,-0.8447993280139862,-0.7563286188971484
0.5681023872015701,-0.7862674521157801,-0.6683288125020075,-0.48173683698363395,-0.4513918927052787,-0.6614456229139861,-0.582847160865388,0.8643033270809111,-0.7295821921594703,-0.7606142268569195,-0.5880234153645808,-0.6221430905308063,-0.3888972355679913,-0.826887366931268,1.000000000442327,0.7383225509475897,0.6604570739132833,0.6206693703731802,0.8038969276324303,0.49112266507363367,0.7771129233696393,0.9649352686089718,0.831278125968157,0.6393086726029442,0.822004380798131,0.6101286797173713,-0.6800015235256002,0.838205244969542,-0.7316803881973172,-0.8249598155031098,-0.41320897583052973,-0.6831980358712841,-0.5563136067563318,0.6582836146184696,0.7740235558163239,-0.616827173138644,0.8696301207554678,0.8804245666987345,-0.5236647891283083,-0.7960536789080748,0.6529564693934756,0.6395786869342881,0.80369965083571,0.6496733237565014,-0.6244677270505719,-0.8119531949759853,0.26665720014807964,-0.2327321005889222,0.7932859921725914,-0.6213035501065409,-0.7940238737353266,-0.8431549241723787,0.6312610891979001,0.07974930265708456,-0.678731658874763,-0.5874374027463067,-0.9209861580296907,0.8648772452151062,0.7653719139545635,0.9698240020485743,-0.8442092766916786,-0.5951379420201671,0.6323846883678322,0.7864988306490551,0.7635254378823398,0.30130452533088925,-0.9799819998912697,-0.8275316793272923,0.7094598159630402,0.13840194784358206,-0.929198212395861,-0.8381175683317441,0.5310368087731885,0.7315414408145161,-0.44657502936768434,0.7477728993066747,0.74320807284275,0.7230513273489773,0.6663460719245731,0.7961581732184115,-0.5775414277621836,-0.30350668277144904,-0.4076407439204877,-0.8078062533204282,0.47641422481907386,-0.07376476968192934,0.4311148876986416,0.6309378908167791,0.5103654560327446,-0.8057396135395642,-0.5333021190787015,0.2714010660078729,-0.7390747523142668,-0.7726409442696813,0.9222521419829947,-0.9346502754265149,-0.720704529513485,-0.830638218039456,-0.831072362708699,-0.6126102584505314,0.7992134530263205,-0.467375080607633,0.7903122035704534,-0.859039823391972,0.44492260906909764,0.7299589094256047,0.8855035544369955,0.27042864384296433,0.7709035630196183,-0.4959770326707854,-0.6381059861362708,-0.7431600201406097,-0.13267802128270398,-0.9036554106342977,0.5635229254113492,-0.8455311271360862,0.5896583369102867,0.8504312697558902,0.812285603427491,0.7544468838954991,-0.8450732938944437,0.8021655443536945,-0.6846203283183778,-0.9709737961858386,0.4249242781632764,0.2667696591998854
0.9678742146629258,-0.9924458116752928,-0.9939585520934098,-0.9173466223733563,-0.9016161601027664,-0.9734980818791364,-0.9359187423019807,0.4041437578379377,-0.9896082134235712,-0.9576857152129884,-0.9788670121133078,-0.9222272048494738,-0.8194829818287351,-0.9766902202028631,0.7383225509475897,0.9999999986112327,0.9700477036381406,0.5859284015390239,0.9916759008883841,0.7924655320317133,0.9952305558343312,0.8351597632861815,0.9803733690394991,0.9831128412948568,0.9893590517312555,0.9221590141393446,-0.9453492222832105,0.8407369202324719,-0.9896266344295596,-0.9764646479560923,-0.7650751563998117,-0.8499094163339951,-0.9521053804021062,0.9818768029178626,0.8684852692815318,-0.9682798129669393,0.9704666510583445,0.8373099062650058,-0.026373204206178592,-0.9696405410519647,0.9808068324992198,0.9492376721591989,0.9747658086405238,0.922385984358353,-0.12961286614912665,-0.9923678990923857,0.7797979362769084,-0.7972261977899572,0.9907476285946718,-0.958449431103984,-0.9912592210282577,-0.978518947913059,0.9343677717275616,-0.6037620433333546,-0.9859187843794041,-0.9726429367346431,-0.9407406739283954,0.9290283950710089,0.978465651754521,0.861430100080573,-0.9804617892926304,-0.8273768548486002,0.4105224557987959,0.9956922139402437,0.4954673089232547,0.8558110324127368,-0.70578162423346,-0.9812678832149492,0.9798676926360903,0.7638334049990861,-0.9025407214969328,-0.9592154011568235,0.9443084315855451,0.9925560098677344,-0.9062506959449627,0.9867733666059785,0.9956385797599675,0.9964289870400994,0.6456995454526695,0.9915135752530991,-0.9719411812738373,-0.7587479384774114,-0.914525047065451,-0.9889289377393357,0.939191831106659,0.40976371561242136,0.9205785705865684,0.9732094274642925,0.8594582375927362,-0.9926057733639481,-0.9593015857411803,0.6597410681967095,-0.9896608272856025,-0.9958861774039036,0.9284345597419967,-0.5330775843640575,-0.9974579723420256,-0.9537046156475095,-0.970868335895266,-0.8522238123469245,0.9619445866785779,-0.8192694949113751,0.9224643976226118,-0.9781568498543207,0.8058313733473061,0.9963159835234335,0.9578299225869563,0.5005647263508592,0.9985750677363551,-0.9410449584619691,-0.9760098550956147,-0.9331362985013892,0.35720080892936823,-0.9258359465206308,0.9691998144349432,-0.8068349090297183,0.9757347034990734,0.46256220106432827,0.7418927719700363,0.9941697003943981,-0.9814904316805302,0.9741740148920898,-0.637971268640109,-0.6272890560653545,0.8921375088927456,0.8405625536480447
