0.999999999895994,-0.9330582244612821,-0.5928334989414554,-0.9959723633747951,-0.9976210428869215,-0.9057549640977934,-0.9898989101697645,-0.361627769976618,-0.9811604588492474,0.9267091829528733,-0.030677368711329832,-0.939523921611579,0.990658974752001,-0.6833268687361879,-0.9912142739434959,0.9532334478226371,0.9388721107206471,0.9882502327469086,0.9461637252440686,0.8831249725156508,0.935240129647042,-0.993040398838184,0.9412531092384295,0.9874338589600098,0.9960938420851535,0.890382506307428,0.6082102660160287,-0.25965935551467634,-0.9633566164861013,-0.8927523378455762,0.9736272626390072,0.9591651773682417,0.9000581976439345,-0.9239543976918408,0.8971927436217175,-0.10653624338918093,-0.3942797006488587,0.6706507164357338,0.9984106670557111,-0.5792695187958236,0.8481204026396933,-0.8099528352308066,0.07533171657782545,0.6804528344702269,0.9273590940196441,0.8189125480759942,-0.4098916980769729,-0.9875666007705405,-0.7262599019493221,-0.9926683817217757,0.985672278172844,-0.2480077788886441,-0.15025693399882162,0.9034369056693597,0.8029708467738486,0.7964968187322324,0.9246017390789097,-0.7767907298819033,-0.6964681114414564,-0.7470469126340382,-0.8702897413282984,-0.8569135292545574,-0.9658482215066613,0.9478466334637826,0.9880273507080107,-0.9775666411802973,0.9290002708482864,-0.9936159476221804,-0.9511718462473566,-0.9902512903598749,-0.4749831092262476,0.8603467352231041,-0.9773768779279328,0.9551226428954677,-0.9976183395556588,0.9800688153092392,0.8531332506518332,0.5967278688201219,0.9583580579158014,-0.9481653049368949,0.9623220716309322,-0.8382989903827598,-0.273824447195417,0.956832140801882,-0.8387550511114503,0.8991794187925105,-0.9445718845365105,-0.9692542512282691,-0.8745965361309394,-0.9943494791337991,0.908949239155971,0.7968768474283631,0.6555017369590369,0.7566727364473946,0.9679803366193827,-0.9929302721993923,-0.9751983083321564,0.8655261826749573,0.8519575967824191,-0.05925514309931602,-0.7747042172898556,0.7700865267649181,-0.9400040415206186,-0.6558535621266357,0.9551012138369457,-0.7184760558899962,-0.19549418327415072,0.9354405707931319,-0.033680358699602966,0.6567994828241995,-0.9764286051900405,-0.9399417982259581,0.7443081119431222,0.8046015016369229,-0.9543021948866353,-0.14616136544670666,0.9045739074945682,-0.08917135452201029,0.9235810217579051,-0.9284995203265726,0.7955076617927713,0.6330929197486117,-0.801517647479993,-0.19227580130069513,0.8617058535596759,-0.88544701694023
-0.9330582244612821,1.000000000998984,0.28359291497038225,0.9086563516582694,0.9289934666078824,0.7041615106981322,0.8771516523401459,0.6716374235491676,0.856199922295119,-0.9943104485360788,0.3237698218777887,0.9668501383977423,-0.8754837116809795,0.4081380999088444,0.9431875129394321,-0.8975203480259217,-0.9402178106964276,-0.9144555535442175,-0.8622789397507427,-0.9822105005760668,-0.8409927638852427,0.937348690884059,-0.8452303878264182,-0.8662293559234088,-0.9062080697800815,-0.9387653661505103,-0.7723549035871325,0.44300023196991506,0.9699959653051178,0.958691085204558,-0.9213053155523033,-0.9503981081059673,-0.704400058152292,0.7316696518417852,-0.9720014819363085,-0.21767835049616885,0.5880555062502667,-0.8340543746356414,-0.914731710107106,0.7094335563857141,-0.9800996676176837,0.5831911827628944,0.2694498934851105,-0.8760245385559507,-0.9236141447848651,-0.9234500432924142,0.11245631232826417,0.951431094543152,0.46996189728842025,0.919286026420392,-0.9428939015443579,-0.047478331770743155,0.45814864507588393,-0.9733797568991224,-0.6567671475619922,-0.5564650882717298,-0.8620557454351333,0.6707887850819482,0.8669442694984553,0.4745216039378745,0.9051311136366269,0.8834196700059335,0.9767327187017532,-0.9687157118480102,-0.954141841884817,0.8867865742732867,-0.7387726983443262,0.9273903404827564,0.9713456654269499,0.9507519138604802,0.16817825033152745,-0.9674360444643033,0.9755067175167804,-0.9597685181019484,0.9130445735479116,-0.8443365179649486,-0.6127024968169338,-0.2755231164990287,-0.8069873643335398,0.8385933096528956,-0.9416396441548511,0.9010408721550474,0.5434820477156372,-0.8084043104876767,0.7364826002062715,-0.7281245420195985,0.9613924244246387,0.9406246319770883,0.7581111041437613,0.9265919262105266,-0.7432231656596427,-0.9235461863725483,-0.8368465307042585,-0.9103527315354097,-0.9094112687211927,0.9358849321886424,0.8575791998823952,-0.6549309025006451,-0.6711669960896731,0.39526245155983686,0.5056704236597797,-0.6859127000250883,0.7608381413117462,0.4549323395192494,-0.9483878673103715,0.4830185157105121,0.5143822916430338,-0.7651722296286719,-0.31411789447245236,-0.7012334496559642,0.865416227475559,0.9425999342087026,-0.7794838832622801,-0.8556619062275765,0.9164225353581776,-0.013816528491761976,-0.8418537711664036,-0.16436355216204815,-0.9494091287612032,0.8406528421152671,-0.8920424780760761,-0.3521307123960293,0.6475635829515045,0.4678713041163913,-0.7137198366079878,0.9173608949596772
-0.5928334989414554,0.28359291497038225,1.0000000045519863,0.6458408895790458,0.5751051668379191,0.8609423036594336,0.6671700985957592,-0.4703350630008797,0.7133187211820996,-0.25994911453966146,-0.7498975477878825,0.31043205406888325,-0.6857727548351242,0.9594579457545168,0.5144339034090035,-0.5708698626216604,-0.39483857797349614,-0.6066037674494807,-0.5271147688650515,-0.14691438223969344,-0.5947450669345692,0.5335117004052956,-0.530899365443548,-0.6981064603511449,-0.6530643852646345,-0.20467764668104277,0.1922593496476657,-0.4249672157173776,0.3858349635100853,0.1978114527839209,-0.5197132793327844,-0.3847168675547176,-0.8691699349154766,0.8188476153251503,-0.28715054974527693,0.8586937163376623,-0.40025915155201824,0.16213672395643783,-0.6354606968950335,-0.14449918392764144,-0.11185866288223352,0.9194340974163885,-0.8313334191296328,0.16285774747024914,-0.34306456440959493,-0.2243104513427512,0.8992319686900068,0.489983922516986,0.9730480513075199,0.5804007970431748,-0.4906998615802496,0.8960896731502079,-0.7037670291401383,-0.3191813461970354,-0.6523639978320556,-0.9314071438820872,-0.5097779525360195,0.7212816907479376,-0.059443376655913316,0.9779354400511862,0.28403810354984116,0.27985718595277725,0.4546023475819884,-0.37519789660370767,-0.501012745765195,0.59768929578788,-0.8461220950444363,0.5851519964893394,0.33274123416695134,0.5010886236237329,0.9799553277527435,-0.12176677743141184,0.41665541807503337,-0.35843447711359383,0.6284953168654911,-0.7162049445433442,-0.913022353176442,-0.9785224213297059,-0.7618299325949341,0.5749298744057438,-0.40938685402246605,0.18078994155660727,-0.5516397512993045,-0.7725214458111899,0.4759110485573988,-0.8466194640132254,0.32879676281116227,0.4349584787757222,0.6384433637745238,0.5618510201047471,-0.7062430270144742,0.0014378500409204249,0.20498192323492678,0.07042188841878008,-0.5137621276155004,0.5363032963844001,0.6403115810774671,-0.8898832241345656,-0.8528395621476628,-0.7669320086347183,0.9233022698838098,-0.4913881184897773,0.8169457909254121,0.7738184427388667,-0.43711767533095847,0.9509307808356429,-0.6447935086966452,-0.8154040926041423,0.8211799804998751,-0.18088535432727645,0.6480539071484988,0.3430628385482049,-0.22029217995344325,-0.1782278926533804,0.4831806576890202,0.3890157116534997,-0.42994662622335517,0.732715046870578,-0.28127442178108814,0.6395170077983194,-0.03230439261156413,-0.9229298491229937,0.8256207647667839,-0.6340111538489089,-0.5842937219476839,0.238526496224077
-0.9959723633747951,0.9086563516582694,0.6458408895790458,0.9999999985078132,0.9914267713250051,0.9221245646058345,0.9900663024855255,0.30482258507662585,0.9931209861280172,-0.9041076247662505,-0.0512706500957963,0.9196713486863192,-0.9937541718329488,0.7413339117921975,0.9808691365081899,-0.9672335619447254,-0.9056487505875503,-0.9943883084253924,-0.9246443138291577,-0.8495247492428252,-0.9509840435524055,0.984069099586439,-0.9293718797422956,-0.989871422747461,-0.9997772725544923,-0.8512635640535304,-0.5742844120195093,0.2347870848369493,0.9499696639183568,0.8678681521333761,-0.9741919147604985,-0.934001458810382,-0.932406617129604,0.9476019230334713,-0.8880556139409687,0.1785033369422799,0.31395802286259084,-0.6267363323144567,-0.9976029989034457,0.5568854302357367,-0.8188908640989739,0.8565924974858241,-0.13090517304267818,-0.6411450984011008,-0.9116980057635585,-0.8152753325619458,0.4423259993001074,0.9780498289040833,0.7733746718401755,0.9915746607430747,-0.9730035656230088,0.3092709064330371,0.07914883411368887,-0.8940336207745745,-0.8413722949459469,-0.8222391046761743,-0.8958764161408821,0.822412237477243,0.6770289019085276,0.7885182052418601,0.8682969650276087,0.8555379570316949,0.9515646510573955,-0.9173917285298084,-0.9703705165993481,0.9640043612962372,-0.9513398225647931,0.9829710609561448,0.922348940731831,0.9808800302758066,0.5399869654857133,-0.8330927336108952,0.9560276735438493,-0.9281194706897684,0.9990660629150425,-0.986301199921836,-0.8864386737047106,-0.6379935438650994,-0.962192076181145,0.9437308988772592,-0.9444230034067128,0.7862120421142402,0.23056727644475797,-0.9630295068474755,0.8069781211946874,-0.9323454122339078,0.9244421661529599,0.9473732134705143,0.8552498159183443,0.9846688942516891,-0.901508669955293,-0.7534762769703265,-0.5980271170657447,-0.7040075682606719,-0.9669107256845995,0.9809555938605425,0.97016452182922,-0.8851366783593705,-0.894758971942905,-0.006104562500553029,0.8179223464941635,-0.8013972180264972,0.9522445334832743,0.6546430413446492,-0.9542362267334884,0.7681295179417766,0.14472102136205708,-0.9617774720737939,0.10030316793497289,-0.6752384375421097,0.9843302181885133,0.9211515536228679,-0.7546154644953,-0.7972245164855444,0.9571983673206549,0.2169547362494682,-0.8744978443100853,0.1766227826032152,-0.8986035126352447,0.9526914591206394,-0.7455007805313035,-0.6561409340425278,0.8222626869419342,0.10995425125122044,-0.8449429334684214,0.865166738756839
-0.9976210428869215,0.9289934666078824,0.5751051668379191,0.9914267713250051,0.9999999974342,0.8976697277422436,0.9919048969696852,0.35285380794893134,0.9784889571740578,-0.9277614678170646,0.06015971643082486,0.9504714870758393,-0.9897309707631268,0.669057965989044,0.9969124419855003,-0.947743909366689,-0.9401750044860477,-0.9859930781696831,-0.960593184746707,-0.8899272465436717,-0.9418253475413493,0.998293231430667,-0.9617267611227652,-0.9860686419402299,-0.9910289684142906,-0.9088929107248487,-0.6356132713565507,0.29758460440783463,0.9696005888394967,0.9061177863676951,-0.9797027582521242,-0.9715738073347276,-0.8883577586375625,0.924647247349,-0.8862057171506313,0.07987906825664508,0.4283154643689067,-0.6965561497371976,-0.9942197446591455,0.6104995265922248,-0.8434246071701268,0.7934702053990488,-0.06042265107477536,-0.6916900645663717,-0.9453254932552051,-0.8003141564459106,0.3880423071578481,0.9929709815089587,0.7022151466685802,0.9962933734537966,-0.9936829015154983,0.21163084392071224,0.17543582997382495,-0.8875920882031925,-0.8100577694900597,-0.7795330510002824,-0.92899918205706,0.7439250484723501,0.699170426914502,0.7317117889598105,0.8786046248686727,0.8691501043306809,0.9528268892115553,-0.9453971841077605,-0.9884680063739983,0.9824497070377677,-0.922187948687794,0.9911891275735624,0.9603155940064713,0.9949254622739812,0.4494022775909351,-0.8676243624801534,0.9807838209878444,-0.9665108116971375,0.9958478115435003,-0.9813308482683178,-0.8483581766049108,-0.5894094595072024,-0.9534774500536375,0.966354977809225,-0.9760123916789606,0.84781382814437,0.2981722187786164,-0.9479014555219463,0.8620528851264992,-0.8804713120220632,0.9568564986120386,0.9808715017950463,0.8701635926977517,0.9987644236235441,-0.9183357079501427,-0.8156612784270906,-0.6793869611763548,-0.7730810923611081,-0.9779117460457021,0.9977652197385645,0.9840979684022879,-0.8507398320906312,-0.832694216947581,0.07633966891965889,0.7746062993695327,-0.7809352524748263,0.9346891622318322,0.6388414930890752,-0.9561195676953929,0.6887086078024727,0.20803399961637695,-0.9273081908707135,0.019675224675074186,-0.6647992775565117,0.9818581937184147,0.9556040574855263,-0.7559334865355783,-0.8229887967409982,0.9602400599676287,0.15694728750255904,-0.9266426257117095,0.05781926071228063,-0.9401317696410199,0.9209410469635428,-0.8203140813465216,-0.6206240478185845,0.7666329008584528,0.21981620576031344,-0.8859698659679834,0.9059272339271328
-0.9057549640977934,0.7041615106981322,0.8609423036594336,0.9221245646058345,0.8976697277422436,0.9999999993126593,0.9435645771320885,-0.024168123359753556,0.9440520650163945,-0.6809742308553258,-0.3177156091901812,0.7170661221117046,-0.9499134244941448,0.8652422943261747,0.8620806324302268,-0.8262057785946503,-0.8053498276843534,-0.886397619790866,-0.8756428022522985,-0.6068214608863511,-0.8313679424719274,0.8730823697848059,-0.8544142680399989,-0.958425609587963,-0.9279572851034089,-0.6644405076828633,-0.2401165759728439,-0.1103600695615152,0.7659117380274908,0.627656625240928,-0.8322979902422919,-0.7907102548638217,-0.9660046524740644,0.963599658569123,-0.6536454036726667,0.48307595923954855,0.09863370637263953,-0.31404837960332255,-0.9271735386782575,0.2333846235844546,-0.5542968454324554,0.9243215163824167,-0.4876471040971682,-0.3062738926921356,-0.7250462253697504,-0.558622278288307,0.7489997386797349,0.8413292228479693,0.919469556813071,0.8874044623459696,-0.848396222407706,0.6010896858101425,-0.25303173290426206,-0.679144184137449,-0.7557923598316894,-0.9740311274155177,-0.8686570386173849,0.7707463667984553,0.3397884501055129,0.9467170186550348,0.6240045002779514,0.6135973939986525,0.8152572932073284,-0.7892634680602861,-0.8674174268595735,0.9208788086354963,-0.9873275399472986,0.9124745647465542,0.758645463077342,0.8499695373257242,0.7617473484306869,-0.5637692317256069,0.8121632953656382,-0.7745328657330168,0.9169987804667823,-0.9590575930649122,-0.9724268112441078,-0.8757742002834941,-0.9852993893251237,0.8711831038879924,-0.7929244367482355,0.6514503498874461,-0.15110704424390853,-0.9862059399585168,0.8124137883764401,-0.9472788141180396,0.7330873761255633,0.8230404928742167,0.911916351962106,0.8950335775221485,-0.949893681764645,-0.48528247935594543,-0.30771673178570397,-0.43872537408205065,-0.8295441713863534,0.8818205397699929,0.9303237729883445,-0.9926721094099257,-0.9066665285297257,-0.3550451436733598,0.919451968098888,-0.6442006698371802,0.9955810086552721,0.8579011209409166,-0.768490688118434,0.8938919054711167,-0.2378861879365736,-0.9597102752867088,0.4352022977180516,-0.40202636802372044,0.9063271509356546,0.7380685441635002,-0.4907951998546939,-0.5317721441498376,0.7921116153888025,0.18085347232237992,-0.8081141053706398,0.35082058613583783,-0.7013188054888485,0.8385941437099058,-0.5239038808191948,-0.895799317221407,0.9123247223204284,-0.15812006255565772,-0.8648106954229297,0.6426875689314689
-0.9898989101697645,0.8771516523401459,0.6671700985957592,0.9900663024855255,0.9919048969696852,0.9435645771320885,1.0000000011138657,0.23687185209325926,0.9893742346136254,-0.8730595954328024,-0.04264596303193501,0.9066941546812042,-0.9989011273313447,0.7402953905188197,0.9807786682462312,-0.9315378919109829,-0.9162978156479628,-0.9775840846144878,-0.9615899457563831,-0.8257206077217649,-0.9364685383613126,0.984907979487756,-0.9616841312730615,-0.9982810481838511,-0.9910716867839299,-0.8625387508189181,-0.5465149749486349,0.20589400383555614,0.9329293776681187,0.849118491632671,-0.9616562184696476,-0.94336024434611,-0.9273938971246056,0.95955265698666,-0.8295077732476503,0.19297221055637104,0.3501548929524157,-0.6098628928775902,-0.992976738584064,0.5304699394160771,-0.7701099217903392,0.8452454248198961,-0.18456395482291318,-0.5957252715609063,-0.9102731007203643,-0.7353930773744728,0.49179248052544977,0.9718784264009156,0.772310181750685,0.9878676002307789,-0.9755221456549161,0.315700479271784,0.0596372509149018,-0.8347951445917543,-0.822209610213626,-0.8455166867397517,-0.9289762551107036,0.7544167921090067,0.6088764396657096,0.8062375838092464,0.8285894673515792,0.8212012839768799,0.9227055293231082,-0.9136371723522614,-0.9716319207614735,0.9860313572843286,-0.959692720866815,0.9859756856948054,0.9232454907328216,0.9753669897210518,0.5435970065453412,-0.798344169342253,0.9513336815687594,-0.9340545773515339,0.993125740053756,-0.9972548733829283,-0.9043641978624858,-0.6864200042886458,-0.980157018955248,0.9697289367774243,-0.94926407142663,0.8062531833805301,0.1831028653625242,-0.9742100549691435,0.8749298549715684,-0.9120134640600956,0.9167663769285652,0.959532531519566,0.8943532698553016,0.9909255493121137,-0.951173058527653,-0.7421086520804131,-0.5919254627268274,-0.694468995591545,-0.9616707555328597,0.9862705046539494,0.9938772203781404,-0.9034230531564951,-0.8665672464068187,-0.04642917983413538,0.8396083666977578,-0.7699165170081665,0.9704721689695088,0.7044033209021425,-0.9226373872258328,0.7519239877164424,0.08345906136642889,-0.9553582371639514,0.14201409662411782,-0.6111942638380993,0.9853481036293318,0.9196008723508694,-0.7044410734247593,-0.7666349876799512,0.9361340003316814,0.18565098727045562,-0.9205854189134915,0.13844970641713486,-0.8972033962248299,0.9158652701587716,-0.7592559703192696,-0.7088212854021988,0.8063542414290166,0.11905997209819918,-0.9106487405896367,0.858487584857153
-0.361627769976618,0.6716374235491676,-0.4703350630008797,0.30482258507662585,0.35285380794893134,-0.024168123359753556,0.23687185209325926,0.9999999959974916,0.19627784912181911,-0.6617632065666122,0.7690704469546426,0.5568459516062906,-0.23191919110240858,-0.35175021851313926,0.3992565151765297,-0.34904657848235754,-0.5203346538339925,-0.32818249706130986,-0.29139440151128704,-0.719422888434825,-0.23084341045163775,0.3809179036631581,-0.24212272588809863,-0.21705332629858487,-0.2997301028420999,-0.5932592011361874,-0.7088695133199356,0.5528983252996449,0.5184310982606353,0.627659904052754,-0.36782732655776457,-0.48437333699840207,0.02548607522673814,-0.01100347222987041,-0.6642226064232126,-0.7658060359212321,0.7110419558083245,-0.7517140531948784,-0.31950545571557304,0.5955943703491497,-0.789611693246021,-0.15574592505324097,0.8280455681731836,-0.8468598402652306,-0.46310066937737443,-0.6985929158651857,-0.5092624252291329,0.42533880174310706,-0.26082611339079714,0.331950211034477,-0.4086205760350859,-0.6008629414425973,0.8597916693246085,-0.6620126739209302,-0.013545633079052223,0.1716008652954951,-0.35136766659873125,0.1375787771595786,0.7842680339899093,-0.29364303792127316,0.5233982280856473,0.4910887585260217,0.5544216488453871,-0.5733623215048,-0.4457161979239913,0.2942503976878463,-0.007102785243262438,0.36716695706078006,0.5574771886556859,0.41940218753865915,-0.5283372035293423,-0.7195243473620739,0.5172232518727333,-0.517630085725639,0.3115882438635395,-0.17120334971969423,0.1663825750103928,0.4972190451594799,-0.1326441782973484,0.2080865490972117,-0.4481477505248584,0.6256735186946247,0.8031568398595944,-0.14134718754437603,0.1921342312669207,-0.04070141796209202,0.5329388877561064,0.4394612088177631,0.19724084233863545,0.3544720204940277,-0.06737383760512178,-0.7368720798899893,-0.8038139404018207,-0.7936560457468265,-0.34697813005981015,0.3813309198975672,0.21473858584284533,0.06168876880055828,0.016514698485029258,0.8840749165053109,-0.2915575049912713,-0.1481489210750317,0.04819168220271227,-0.12153745541106184,-0.47525102414859066,-0.2106136982467063,0.9032208213726953,-0.05558231552722192,-0.8695934747905851,-0.4150902933886733,0.22166046874780054,0.4910701686960344,-0.4421876763454136,-0.5218408863803129,0.39015679863530933,-0.3965990129414701,-0.32044736870947904,-0.616199705024809,-0.54365278670003,0.25101663566586985,-0.6636542352953743,0.35638804078659353,0.06442877388949905,0.8131212391778438,-0.07726875229279372,0.528783965869551
-0.9811604588492474,0.856199922295119,0.7133187211820996,0.9931209861280172,0.9784889571740578,0.9440520650163945,0.9893742346136254,0.19627784912181911,0.9999999993737363,-0.8561658128064921,-0.1424414761557394,0.8868377818429838,-0.9936422418361656,0.8063192731963502,0.9636211166371985,-0.9619489422331016,-0.8621283816630401,-0.9881728210676163,-0.9126540461789647,-0.7929659061152803,-0.9618767102331168,0.9688211158172259,-0.9301633797178336,-0.9901814158411886,-0.9927922999040253,-0.8072427365991902,-0.5250954091870415,0.2029376267360784,0.9217929879995315,0.8272217427213607,-0.9658895862565406,-0.904451737734878,-0.9621489371138614,0.9780486155674015,-0.841156179692592,0.26705715284595616,0.23641529406680775,-0.568420560161107,-0.9869036766950972,0.5248442783949236,-0.752951003844858,0.9007838772114602,-0.21996970185606357,-0.5707219945876754,-0.8920569051196925,-0.7637824809869558,0.49497409690772,0.9591384095528316,0.8202775309579139,0.9839184818445186,-0.9548000387387121,0.3759255242608169,-0.012605737393477577,-0.844600536118796,-0.8805356020436294,-0.8543640100472123,-0.869202700723573,0.8346068046373566,0.6190623556481855,0.8394859260102544,0.8463490678127412,0.8382995806158721,0.909731323829706,-0.8697025747478561,-0.9422709108281256,0.9519874223231899,-0.9756397044584059,0.9635706577739699,0.8831910485304039,0.9621485896802432,0.6129924972228756,-0.7802996580484226,0.9217580781574015,-0.8943378310276654,0.9916388878162931,-0.9936707555864336,-0.9303181221037784,-0.706015898184379,-0.9673001218567436,0.9504938721280565,-0.9227719951481066,0.7261213429843538,0.16160619547841953,-0.9667088773519518,0.7992386382835225,-0.95381707023507,0.8940346027990824,0.9229238224678797,0.8402529324740295,0.9705327364975839,-0.9115599053396961,-0.6947412206910282,-0.5261826063418343,-0.6334256754508298,-0.9611714636115253,0.9636118759172316,0.971454454985894,-0.9075730566527948,-0.9253465813929992,-0.10201081580132122,0.878513746524647,-0.8276663860591679,0.9682834149782286,0.664264858920824,-0.9339791714279566,0.809596406948334,0.05601410533533147,-0.9842797157940588,0.19905686755706456,-0.6703001135765203,0.9911472218200753,0.8964552763261396,-0.7460457668301596,-0.7765157812710332,0.9482663461455313,0.29811246711111,-0.8585816319060814,0.2606211615504504,-0.8664092769187632,0.9594560693739442,-0.6914525911058682,-0.7002720070216545,0.8240225919663177,0.016790807602712662,-0.8558713665410345,0.8384792285664675
0.9267091829528733,-0.9943104485360788,-0.25994911453966146,-0.9041076247662505,-0.9277614678170646,-0.6809742308553258,-0.8730595954328024,-0.6617632065666122,-0.8561658128064921,0.9999999991198529,-0.3384272003277736,-0.9843413616960411,0.8694730544380392,-0.40674160396761194,-0.9471155779362154,0.9108579237835022,0.9172754839712913,0.9196978641907863,0.8578291086122581,0.9902907676266818,0.8684934421982146,-0.9405172508379478,0.8610027768847037,0.8571244855399128,0.8997013615947214,0.9485577776721058,0.8263514607924103,-0.5252374601603205,-0.9832076114353052,-0.9820651177441196,0.9387296870853111,0.9554838806231268,0.6968800769916093,-0.7359043484732568,0.975115717093974,0.24503589426782596,-0.5964072792382409,0.8734404351164242,0.905427349043755,-0.7766590955500379,0.9806584029668993,-0.5768433804957862,-0.30281433854870915,0.9032854254971778,0.9514021652424581,0.9257994747316618,-0.0541779009984476,-0.9586324879231115,-0.44243834098828894,-0.925670944688955,0.948999580606582,0.09647051054877712,-0.4850106860643725,0.9665754621458036,0.699934150885042,0.518775907269804,0.8351799887470074,-0.6619226935122713,-0.8994082207467825,-0.45159245656381813,-0.941640958375423,-0.9254327137801213,-0.9559081680532386,0.9475005671781072,0.9425707200310021,-0.874840000629974,0.7286733336709087,-0.9124126806963676,-0.9725567576802033,-0.9561200489279088,-0.14465131577079332,0.9860402333321063,-0.9716559884929843,0.9637332200151147,-0.9107056564418097,0.8412460855540377,0.6072575598629265,0.25222858474433696,0.7859028152304729,-0.8569737529297085,0.9556852580576294,-0.8805438662838005,-0.5984134391961354,0.7839196552511297,-0.7280076807551863,0.7150729648831817,-0.9785123686339703,-0.9441205776711052,-0.7143089313692995,-0.9245648393068456,0.728326270051866,0.9448319286281663,0.8589833662451721,0.9209942274579217,0.9299327578596436,-0.934098786617883,-0.8574515286806216,0.6212949314918885,0.6664864484423725,-0.4202167831101956,-0.5131668265539029,0.7403958404592202,-0.7430560116439946,-0.3886772639557459,0.965381500181698,-0.45344995176350444,-0.5488236200013212,0.7627324113716176,0.33302933171996774,0.7619650133120719,-0.8775469105558258,-0.9640033080209583,0.8355111471246096,0.9054753041254481,-0.939650368002137,-0.06239386040718146,0.8439144383128793,0.16366109482422173,0.969458432030003,-0.8555990173184265,0.9082711832233493,0.3062133271934324,-0.5920802513545919,-0.4775574348165681,0.7161727614252613,-0.9511366276912577
-0.030677368711329832,0.3237698218777887,-0.7498975477878825,-0.0512706500957963,0.06015971643082486,-0.3177156091901812,-0.04264596303193501,0.7690704469546426,-0.1424414761557394,-0.3384272003277736,1.0000000041728427,0.3088838465832163,0.0741990048490268,-0.6944708721169561,0.12711313352098125,0.061115944319584344,-0.29052893600552454,0.031210876110306204,-0.16074708895420478,-0.4625973961844202,0.07691110615600781,0.10658337635812276,-0.12111656332214554,0.08273000602800992,0.05593124375995024,-0.4653007397364778,-0.6248547708716107,0.6140856121992908,0.2262371649347693,0.39902511695859694,-0.0659557415507046,-0.28811796438771187,0.4047456245547743,-0.2969089521032269,-0.22439806672491747,-0.9689157670032987,0.9038803708317696,-0.6741474427277327,0.019771428536233517,0.5286715262952202,-0.43532312017607605,-0.5570173385811681,0.8701534275862011,-0.6357526790689468,-0.27026693870380647,-0.1988948938441909,-0.6715392978287229,0.1397242406093809,-0.6503623619396992,0.03259858951090466,-0.15663046973179132,-0.8977750615470101,0.9648194775032456,-0.19676893330429956,0.28423929718479346,0.4781612973241854,-0.18114423046981076,-0.44291449253890397,0.46146869628280157,-0.6053555307589227,0.21149493159363186,0.21167203070855603,0.14972158643558517,-0.2912323878708445,-0.1609201691835297,0.07105077440237917,0.32083401976541104,0.06351200057130636,0.33537300060101605,0.13077561835263599,-0.8561057417313718,-0.44295692230397155,0.2412118797390674,-0.3129340614668303,-0.021383132260376945,0.11306146927404317,0.45348460394431733,0.6624515546899867,0.15628466582747508,0.05363243584946151,-0.2398697102798813,0.5042325368662627,0.7792572245704943,0.1820628192364693,0.20981886740118458,0.4025694541788365,0.30063630439359934,0.23861910957922147,0.004215740943009037,0.08765520572081398,0.06398373449428248,-0.5978274527209719,-0.7580477187342812,-0.6698139094194427,-0.08119624866771433,0.1174170178353372,0.005100103367481029,0.38338776715378353,0.47387027159586087,0.9317714166197412,-0.5355858853832535,0.13958325130406443,-0.24543220340682176,-0.3018380834330351,-0.1186225132952793,-0.6575666522078284,0.8293613172677528,0.3147560768512607,-0.930637564758637,-0.09703748149325378,-0.06429268158225754,0.2867885948286806,-0.15040735176310718,-0.3010588286807708,0.07384030110710839,-0.531702746930892,-0.2656399712129291,-0.9591165123625001,-0.35546145640118454,-0.174107793607456,-0.6109039139934986,0.5285928732762745,-0.40056452954844485,0.9860904814059374,-0.07167148306466566,0.3548184294970869
-0.939523921611579,0.9668501383977423,0.31043205406888325,0.9196713486863192,0.9504714870758393,0.7170661221117046,0.9066941546812042,0.5568459516062906,0.8868377818429838,-0.9843413616960411,0.3088838465832163,0.9999999995324468,-0.8983680008258663,0.4603046380868365,0.9711044744241738,-0.9216044432145434,-0.9116812744025025,-0.9382943972644303,-0.9036310575353159,-0.9759663731615154,-0.9143920410517418,0.9656946804721548,-0.9265202216509135,-0.886026372163407,-0.9145194670414151,-0.9682879173025313,-0.8420293913507203,0.5617304799234845,0.9956176432841105,0.9926739271240379,-0.9688005954613065,-0.9798025722995768,-0.7302953384335088,0.7924228960229948,-0.9368465885720602,-0.20610127897470265,0.6002891296130681,-0.8822584016557777,-0.919051026963305,0.8123661004747462,-0.9358170723785112,0.611548777305131,0.24067524354363706,-0.8751279137986148,-0.9905868505968055,-0.8664224255430444,0.08368612523300317,0.9798195865786746,0.4663891783172778,0.9541719750898605,-0.9759943831995741,-0.08842676326967747,0.44805487305546904,-0.9185742685379992,-0.766246927170423,-0.5465637473575338,-0.8514334237013687,0.6349060426493229,0.8659384590067157,0.49586480082014417,0.9568552069290467,0.9511714923478093,0.9247612118402444,-0.9307844255070474,-0.9490600274707873,0.9045395513382437,-0.767770750579373,0.9222304689952056,0.9821395094155704,0.9764777330590937,0.18160312868559247,-0.9735581907748319,0.9764294186660467,-0.9822440435634805,0.9307499863260053,-0.8804515212583561,-0.6653224679512538,-0.32329018020865236,-0.8137624114529751,0.9233772569667298,-0.988286465766563,0.8719232693854195,0.5796856721995091,-0.8032274438519434,0.7923044444492414,-0.7283044320754781,0.9992088525722567,0.9722332871349416,0.7259334911930714,0.9501297402471668,-0.7856197136695406,-0.94658680339622,-0.8539990341204852,-0.9078900295755463,-0.9690731878400463,0.9574114088047571,0.9050320639941883,-0.6456319346105599,-0.6841911361150929,0.3614564811670223,0.5910587922227903,-0.7989779570990464,0.7790760917799313,0.3963917229171304,-0.974162455567258,0.4614863211593977,0.49038946901155683,-0.7964492592546324,-0.2639990472548628,-0.7816150864328602,0.9214257913274225,0.9955872685266599,-0.8622316368603385,-0.9368616251378149,0.967255903872094,0.14915933642481924,-0.8983563732289767,-0.14351468409320522,-0.9955495057133683,0.8725112124724047,-0.9268152827873309,-0.3503483437950185,0.5605761206526299,0.44816611800381156,-0.7983739821537775,0.9862945154054968
0.990658974752001,-0.8754837116809795,-0.6857727548351242,-0.9937541718329488,-0.9897309707631268,-0.9499134244941448,-0.9989011273313447,-0.23191919110240858,-0.9936422418361656,0.8694730544380392,0.0741990048490268,-0.8983680008258663,0.9999999984299739,-0.7596111222323838,-0.9762376475704501,0.9391334509465715,0.9081510547868945,0.9810596571255997,0.948798511151261,0.8167745798560162,0.9379633276534166,-0.9808199183975015,0.9485359373857005,0.9992619464533051,0.9948542052914847,0.8453636066775232,0.5284164670892962,-0.1850374795454281,-0.9283351180107553,-0.838891600435592,0.9599649283665018,0.9320845552091847,0.9402045605386483,-0.9640595216691538,0.8356455281977542,-0.2199364530855988,-0.31561434116583276,0.5897080480508657,0.9951778939325432,-0.513110733823368,0.7685248350032041,-0.8636215679657073,0.2006804638138383,0.5845946235700763,0.8991346120868876,0.7472042937463445,-0.5062493237392788,-0.9679591770464799,-0.79362430307046,-0.9864638201730601,0.9693040782593755,-0.34511431183657915,-0.03384827724241292,0.8430830827211921,0.8286421064464456,0.8577636195036146,0.919282423817894,-0.7827733939052514,-0.6070746682138938,-0.8214702323596059,-0.8266947760886236,-0.8174111231709871,-0.9271306697270074,0.9085108922844544,0.9677704822559468,-0.9800191291228566,0.9674532244810503,-0.9848440835175404,-0.9130575485463363,-0.9717733509756077,-0.5692083490189653,0.7911270533561449,-0.9456388742483041,0.923005836505752,-0.9948054545663676,0.9977601876558297,0.9131060968076846,0.6964177046179507,0.982520103959008,-0.959555971068957,0.9392372295657561,-0.7897994140221467,-0.1652415800046396,0.979246630194697,-0.8543184295462396,0.9289167080506068,-0.9075129008796197,-0.9491892587765269,-0.8903407006614905,-0.9867808993686432,0.9430601149605418,0.7250030612040507,0.5691517289965434,0.6762931834524496,0.9575243462966525,-0.981483624863868,-0.9878498924736624,0.9136271076343697,0.8862162768550681,0.06630452652207314,-0.8482170046541124,0.7737341115483258,-0.9748515553591924,-0.709382831896915,0.9238608516492085,-0.7771221253100246,-0.0699131795597487,0.9653388861483839,-0.16074366032047935,0.6150972503190771,-0.9848615935630973,-0.9088173382636673,0.7042592160288428,0.7585761773758892,-0.9354443527940874,-0.19796408655428763,0.9020281999508206,-0.1735823247587464,0.8846557951752613,-0.9266681987215666,0.7367307053101755,0.7169258515149386,-0.8275180251057783,-0.08831241509135668,0.8930132409127874,-0.8454706617609793
-0.6833268687361879,0.4081380999088444,0.9594579457545168,0.7413339117921975,0.669057965989044,0.8652422943261747,0.7402953905188197,-0.35175021851313926,0.8063192731963502,-0.40674160396761194,-0.6944708721169561,0.4603046380868365,-0.7596111222323838,1.0000000051069529,0.6210265415451013,-0.7277757514944397,-0.43534247378253593,-0.7296781594240486,-0.5708070796104792,-0.29008261453313977,-0.7534017656792787,0.6369967783398505,-0.6188685067621864,-0.7613540960754949,-0.7430565498665996,-0.31147287905684773,-0.027062281790787648,-0.18106773416412647,0.5313418016480117,0.3647219849970745,-0.6641730015283126,-0.48496382950553607,-0.932195520969854,0.8917259120364172,-0.4540172463610639,0.7650772602795335,-0.3579775495965012,-0.022749205126868156,-0.7165165802623941,0.09394390017492654,-0.26456587911004303,0.9785442734605628,-0.6805614233853758,-0.030334448278503453,-0.4978534689816523,-0.4060329345804918,0.7415941250575186,0.6102693846671166,0.966599890867043,0.6931423662059669,-0.5991005767455464,0.7840649954946992,-0.580993318601145,-0.4665724898863011,-0.8284857792471476,-0.8887023638337824,-0.5114161627765025,0.8414930045931605,0.1663017712118614,0.9624571282088512,0.4933088122005989,0.4927173043478434,0.5430146524956481,-0.436724733353766,-0.5756664552430809,0.6435933298429328,-0.8940134551684613,0.6482515768441103,0.4357829078748675,0.6168834284300012,0.945422240568066,-0.29595977861076417,0.5153706590407293,-0.4608211995098381,0.7249581348762665,-0.7869080998581509,-0.9475994807691004,-0.9105724354211517,-0.7847182656313568,0.6738856771801168,-0.5315989401230944,0.21281820044547525,-0.3343914654806047,-0.7954241330317812,0.4670104086366964,-0.916232156048782,0.47199572309965154,0.5280921283383632,0.5884753661714461,0.6481120083638424,-0.7032353263573562,-0.1501568650457493,0.06594529339312308,-0.05618512882191588,-0.6559750288559351,0.6249858160402338,0.7056443772921982,-0.8708110053363426,-0.9415427797623235,-0.6336653464046793,0.9693895858794793,-0.7061767691303233,0.8414858837311484,0.6354106457388936,-0.6027466682038234,0.9569121348015098,-0.4586120007838074,-0.8966178426711437,0.7073555577579628,-0.44295279480282335,0.7621453149010492,0.4868940064054527,-0.4669360326595845,-0.4004144469266765,0.647608193206674,0.5749657441560141,-0.47565873890951144,0.7551535602945727,-0.42291459990575364,0.7948844207713018,-0.14494936857844745,-0.8124157598657173,0.7955012922222376,-0.5742146765772741,-0.5976080225883134,0.41024314748494095
-0.9912142739434959,0.9431875129394321,0.5144339034090035,0.9808691365081899,0.9969124419855003,0.8620806324302268,0.9807786682462312,0.3992565151765297,0.9636211166371985,-0.9471155779362154,0.12711313352098125,0.9711044744241738,-0.9762376475704501,0.6210265415451013,0.9999999977951829,-0.9452097422522852,-0.9430502432919026,-0.9808341659190039,-0.9604885817838125,-0.9177009047912005,-0.9422950446547154,0.9997433471313837,-0.9670226765443268,-0.9706967319318975,-0.979370357102229,-0.9351058324647475,-0.6925962554131861,0.36670232089064303,0.9836117412942667,0.9352326607364061,-0.9849401889366626,-0.9846922147182902,-0.8549703399014438,0.9010768539766705,-0.8995085143300818,0.007732529126188476,0.4828016554169056,-0.7500500801560459,-0.983486020743208,0.6665144406282877,-0.8685738086300012,0.7520302323989122,0.010205789148092613,-0.7401043524483003,-0.9667016289984853,-0.813652894853899,0.31865378628974067,0.9984849428644017,0.6469297943457987,0.9946381280292016,-0.9992785937856112,0.1354902786040503,0.24584463911438637,-0.8954870222931063,-0.8046005852109928,-0.7291270679431644,-0.9222046141741339,0.7126094516612594,0.7400731331956832,0.6795648028477544,0.9024643821853716,0.8947998728270253,0.9501658385825974,-0.9498548046758217,-0.9878165919712784,0.9747560205630044,-0.8919961487000189,0.9830536350809639,0.9755437939828302,0.999138928492393,0.38408291961434615,-0.8989624168400484,0.9884679143621256,-0.9810088906868478,0.9876993245703375,-0.9661886523996138,-0.8114897303049653,-0.532495495204791,-0.9286177419115134,0.9687940425269806,-0.9897418256826387,0.8649225806531491,0.36854405076612434,-0.9206291512628342,0.862135886439094,-0.846178436653366,0.9764550352981863,0.9900666097896501,0.8459711184264611,0.9967348641109308,-0.8997439166916381,-0.8564969961057985,-0.7310649965464842,-0.8145695487867273,-0.9848046121201366,0.9977496696505173,0.9766027798974821,-0.8076353415117272,-0.7978992254698606,0.14593565096576572,0.7376948301757701,-0.7897220433950967,0.9056080852759196,0.5879180905334415,-0.965854388927887,0.6332642292971375,0.2753056949654188,-0.9012834467979371,-0.0482819953002647,-0.6935187186353103,0.9761007051045043,0.9755597132259588,-0.7847506320981054,-0.8571928501999385,0.9688164240674869,0.1533641007280796,-0.9351523593294488,0.00032431220041439937,-0.9639527989449697,0.9122029233920421,-0.858427522480603,-0.5631073664323699,0.716992190058926,0.2829934191674297,-0.8815237618662033,0.9354111306786661
0.9532334478226371,-0.8975203480259217,-0.5708698626216604,-0.9672335619447254,-0.947743909366689,-0.8262057785946503,-0.9315378919109829,-0.34904657848235754,-0.9619489422331016,0.9108579237835022,0.061115944319584344,-0.9216044432145434,0.9391334509465715,-0.7277757514944397,-0.9452097422522852,0.9999999973213392,0.8104778562980296,0.9866644167196633,0.8268854629931592,0.8496186646402542,0.9795589003470672,-0.9462861784231857,0.8718047112459056,0.9261505181651868,0.9622741668340903,0.8068880751956211,0.6620931357658396,-0.3842604385981314,-0.9511441104739159,-0.8870850982014016,0.9791635886174773,0.8854915433231904,0.8994609987408844,-0.9079169590322466,0.9309570078921209,-0.1306357177927795,-0.2444789169069678,0.6726305899187695,0.9492325576972004,-0.6676217487104078,0.8420940377870689,-0.840816310741005,0.020003983763036345,0.7058639782275697,0.91626297812993,0.8891176032984937,-0.2789097245685345,-0.9557401094713207,-0.7146198033591907,-0.9666822321307443,0.9370060111271645,-0.22975199804332527,-0.12280079483324889,0.9220191659928448,0.9113262982364692,0.7079431288894684,0.7671316149318944,-0.8772198285221241,-0.783651124668504,-0.7103592364941334,-0.9417886741223858,-0.9313480441108204,-0.9145632706604746,0.8439273152660001,0.9070529254908218,-0.8746055558226388,0.8933992092099294,-0.9135891730065907,-0.8781663625793884,-0.9547815679483287,-0.49583087580140844,0.8663006947027938,-0.9120007900858804,0.8820008225166397,-0.9638734644870675,0.929913442846899,0.8290921030639916,0.5253622261707446,0.868864378771222,-0.9000004252758003,0.9174483072844088,-0.6819922989804911,-0.35633103536704464,0.8738338233395158,-0.6644420399597948,0.9108586856843194,-0.9186520201052844,-0.8931619529842622,-0.6965870009849496,-0.9315151870594556,0.7759071086687989,0.7590667901635912,0.6002372234986408,0.6898915506130032,0.9670793027281844,-0.928886236741318,-0.8992575586230137,0.7793827504981701,0.9008092113289107,-0.06659419200698391,-0.7814941398791202,0.9045492872244821,-0.8665516956941168,-0.460266349635737,0.9836340187184278,-0.7267517478800106,-0.2576044051183565,0.9356959018156435,-0.03187343660468361,0.8316787874335286,-0.9651666667367016,-0.9146280259968633,0.8802285961745254,0.8809497228451219,-0.9836425000574232,-0.3883938063480928,0.7745835250837612,-0.24539049078028216,0.8888824172241274,-0.9929453247517043,0.7090284319851706,0.4966804624766756,-0.7295357642793677,-0.08521039095753521,0.7252097462919512,-0.8864174204228952
