1.0000000000148541,-0.9827090116332304,-0.9845043699876816,-0.968225651188293,-0.8765102348112322,-0.9562358317089913,-0.9059855463732567,-0.9964503778982348,0.886332354326232,0.8632429034466915,0.9665212893599598,-0.9599798979314795,0.9853537332594112,0.9696183380195528,0.8168658931384704,0.9441859308789377,0.6387425711155056,0.7067435837902365,0.805073108088633,0.47149659020983226,-0.9866159552012147,-0.7726716469098535,0.9498197774406378,-0.9494337859382714,-0.9156124217610787,-0.6849428687427971,-0.9712418578008924,0.9757700939254679,-0.9813303257098112,0.9485048641356368,-0.9263998458985485,-0.9705577554218476,0.9993177487331939,-0.8577382138814402,-0.9782881524244511,-0.6965781883901713,-0.9608562667319652,0.9508454609558016,0.9497507149842139,0.9379424536114043,0.9801047074166089,-0.9813471292573939,0.992683196996546,-0.9877801944644201,-0.9871184647402361,-0.9546299412933518,-0.9864212471472001,-0.9638842482490129,-0.9598992396351964,0.9956864173637348,-0.912725562554632,-0.9972376307934888,-0.9983252034098747,-0.9821589896122979,0.9678547196731511,0.9801305131436026,-0.16558463755475797,-0.9929795038854917,0.9856935593314132,0.9929736835672626,0.9407113394815968,0.9816391932240031,0.9744769447562575,0.8959978183532996,-0.6671669418455959,0.927699076603942,0.8677049980602424,0.9631393349678917,-0.9624950408475924,-0.979419021556105,-0.9800906670863657,-0.964409105394231,0.9399235491773098,0.5686029680680971,0.9372048106442734,0.9790587513159514,-0.9855444757638051,-0.9869681350428006,-0.9617127157365829,0.8716401263202312,0.9854973158650001,0.09920625692439924,0.9683107723373638,-0.26392108376831525,0.997512404754839,-0.7814911744169121,0.8137378961500902,-0.9605029945267562,0.8200913109163576,-0.5666939277064242,-0.9495873846801571,-0.8474886246816774,-0.7110066045028995,0.7297441176944857,0.9858510885440238,-0.8927534692537143,0.9027097080209323,0.5245525982327239,0.8068466620330695,0.9955408229855659,0.9971939911171515,0.5194757735747418,-0.5799440033749308,0.9570475020003678,-0.7578274755582866,0.9465342278071417,0.5608600811159085,0.9367064955790795,-0.9678471502782915,-0.5023488505570246,-0.991861438156411,0.9547222355688858,-0.9789293978585621,0.9917001177538391,-0.804033277828452,0.9824061283334663,-0.9881440410790702,-0.9916855749730289,0.9377921938163571,-0.9389490744926065,-0.9898095428987974,0.9418785682700641,0.8714269938095153,-0.979509751333655,0.9369062774773149,0.9907501650275937
-0.9827090116332304,0.9999999991602689,0.9411961703704799,0.9848442399669185,0.7977590319535912,0.9619387902651011,0.9686511807034182,0.9874496244938074,-0.935616512151896,-0.9225127711329226,-0.9890607024048297,0.9199857546406757,-0.9991453999508555,-0.9673307134565794,-0.9087881603629911,-0.9702480566046996,-0.7578401212404355,-0.5838985868943307,-0.7870648514630467,-0.30849229727069777,0.9988806427579162,0.8406059922628337,-0.9188239206510439,0.9900361791430349,0.974067333365823,0.8037457025041205,0.979538824837584,-0.9491602739451428,0.9986694243172083,-0.9032673988346535,0.9170496618344417,0.9966974450799394,-0.9752012283054794,0.9377528861418402,0.9990596305077812,0.7259472927655481,0.9916276211364554,-0.9866447061816808,-0.9908711387981181,-0.9859156983733737,-0.9903747848342359,0.969699307181475,-0.995299678021199,0.9584173895349613,0.9995917661481512,0.9928473150689728,0.9640870416480561,0.9207199913983457,0.9949420113153915,-0.9938588510594395,0.9222053848374455,0.9884748482847272,0.9905837801230035,0.9847369853635884,-0.9973390387017181,-0.9635974939205796,0.24809606536705867,0.9944984469417824,-0.9619648304572028,-0.9939982507936745,-0.981465160837141,-0.9527232374778469,-0.9987234919849812,-0.921031865631975,0.5230345735886794,-0.8960121266359229,-0.7846175917410738,-0.9941471091762494,0.9941454402347198,0.9987091498497145,0.9948813774759451,0.9860376571891938,-0.9577902488696499,-0.5907058715279847,-0.9854832719366051,-0.9565451172261791,0.981514498320299,0.9739243277740242,0.992043518698958,-0.9396211468525673,-0.9997068026415762,-0.05384506163062049,-0.9223522092622165,0.4183378825475618,-0.9929385438302195,0.8582846390160319,-0.9070444384012196,0.9952088229077473,-0.9025723182314946,0.4680861105935701,0.9712959107465394,0.8588079196313534,0.8239470459289064,-0.8266387869621237,-0.9996609867259938,0.9401219926633866,-0.9656397539735049,-0.6485119790241044,-0.8960155635294454,-0.9713051086124015,-0.9936972625481673,-0.5637208539352755,0.5985050341043904,-0.9612845400815146,0.815332858580721,-0.9854344955014934,-0.6318169723886615,-0.9099115649189714,0.9949273311060103,0.5240668972425461,0.9909981024072896,-0.9553451052699511,0.9825075783170445,-0.9975656727268628,0.899544355155281,-0.9415760737832659,0.9705584593664305,0.9939100263201922,-0.9836638701842905,0.9861720522750015,0.9990318431749028,-0.9876302193403219,-0.7673186152612014,0.9344137307069107,-0.896597472352035,-0.9593888857846664
-0.9845043699876816,0.9411961703704799,0.9999999999044425,0.9097908424790608,0.9464103131065612,0.8969004010317191,0.8304003469053146,0.9673412428415544,-0.7917250081718157,-0.7613772465570178,-0.936330105814406,0.9887738896076239,-0.9502322244060177,-0.9673548196609746,-0.7299464090805877,-0.9214387157770113,-0.49684093048288464,-0.8196137842221958,-0.8567556714518022,-0.5541248203956353,0.9528401863547059,0.6511689574711793,-0.9774408381958333,0.8847088261111501,0.8417841030889525,0.5554675090843904,0.9168005704706635,-0.9462514686844299,0.934517366626096,-0.9843134438495337,0.9455183171540775,0.9158750648282574,-0.9889312954562106,0.7672662930455022,0.9382565174926523,0.5838494335081746,0.9205581119420618,-0.909194870742047,-0.8947480864089257,-0.8750367299577043,-0.9577785553087308,0.9816302200602958,-0.9679266582785216,0.9964109617649587,0.9503903627186902,0.8941289534878171,0.9918343534685483,0.9923872070179672,0.9083518113783654,-0.972702187747791,0.9188605194183438,0.9692634306559322,0.9782864120655712,0.9359260706977219,-0.9142614459324017,-0.985042801237678,0.18730564056938348,0.969612952658092,-0.9924939579392615,-0.9704227497314302,-0.8970554063881426,-0.9940637121353831,-0.9244063353715607,-0.8908163585836584,0.7795989334376234,-0.8878842352538066,-0.9408944171502035,-0.90363280130965,0.9182388789676011,0.9313635817140031,0.9508856047290147,0.9370488985973386,-0.8696139196619972,-0.618110270359121,-0.8713055003548662,-0.9888956127444911,0.9761669637198924,0.9850056050856917,0.9001149420233446,-0.7741152664371822,-0.9480662491933871,-0.0316098850855676,-0.9956362545851849,0.09270074481533325,-0.974070770386905,0.6600863376827071,-0.7227963795420506,0.9088525621043111,-0.7091491160305223,0.6949711397887837,0.9299747414169277,0.8671447670891475,0.5841723646486753,-0.669779558577134,-0.9487631588107188,0.8612920453359132,-0.8359144997925302,-0.36740522405792236,-0.735561113825223,-0.9943892491907466,-0.9721891215698965,-0.38777622710771875,0.46669107823816974,-0.9537998017508963,0.6374461068228133,-0.8768958129473982,-0.4178495246083966,-0.9658760240019554,0.9280341321784775,0.5586479658977889,0.9734806861700405,-0.9559011465147309,0.9303767297010597,-0.9620718789284022,0.7144567767256736,-0.999389544527076,0.9890184589684319,0.9691791604067894,-0.8663911622563526,0.8788442692203977,0.9549604022993741,-0.8772044153427561,-0.9162368807372986,0.9995139354785513,-0.9742715578777771,-0.9978215865073051
-0.968225651188293,0.9848442399669185,0.9097908424790608,0.9999999989280778,0.7282821140901847,0.9937619951553308,0.9559302080802791,0.9851929790476042,-0.9738279472532403,-0.9612489867870119,-0.9489394661625135,0.863363924326035,-0.9776695565613504,-0.9127012607677879,-0.8822353342709272,-0.9143581228388776,-0.799367916975192,-0.5109335298839451,-0.6727175232786351,-0.35433076369852917,0.9770708161325089,0.9067385700361591,-0.8529580355041442,0.9853562503224015,0.9633283006915537,0.8218008118131003,0.9987467825162434,-0.9721211388096223,0.9924659481816216,-0.8424696362517473,0.8384521828632678,0.992830455822004,-0.9611535719307318,0.9302933516848547,0.9771000651286907,0.8329697481828672,0.9580374680792347,-0.9493382359984284,-0.9691104045302205,-0.9691813622866816,-0.9523201292795705,0.9223774812566297,-0.9706327754541005,0.9199823063016628,0.9824483793411926,0.9838671150707637,0.9218912606077524,0.8685206205155241,0.9747307320657284,-0.9718753653741531,0.8415193535974426,0.9839426975623062,0.9712685100042339,0.9969658432755443,-0.987398675639982,-0.9149960154212531,0.09222230976408481,0.9689183282328877,-0.9193170735591717,-0.9676964170104285,-0.9416467499262443,-0.9076977778623798,-0.9893349070323154,-0.8399615167760506,0.481382802939041,-0.9460584468336167,-0.7158755621131545,-0.9924581671534148,0.9659598709162577,0.9921474768028388,0.9624551212221248,0.9424821860594811,-0.9930969162850686,-0.4421261006858164,-0.9734361083930347,-0.9076007412144251,0.9401565109729092,0.9318696229296565,0.9948601160204374,-0.9590273668076371,-0.9815614894218985,-0.22123339451432922,-0.8755402043877353,0.48644488369940364,-0.9752311031992714,0.9120129405627064,-0.8856400621822019,0.9755770373721091,-0.928730357850281,0.34608825134283017,0.9155233371558541,0.7570544226626121,0.8436304734948714,-0.7536455348957485,-0.9814419661052118,0.8740797323267278,-0.9379706582414722,-0.7165496408581057,-0.8473919286661805,-0.9420970470988331,-0.9772228088684752,-0.6943126016966527,0.728053315402569,-0.9005071178624816,0.8942676073369586,-0.9914594829703185,-0.7436209883722369,-0.8367296291257519,0.9649435040833629,0.3687529069151585,0.9602309897415349,-0.892023385168416,0.9975301600352291,-0.9768839018294077,0.8735490725983013,-0.9045303428638759,0.9296384114865616,0.9660327966068912,-0.9840206335996632,0.9656448355226639,0.9828390106487702,-0.9765544832640203,-0.7738623774540587,0.8980874798076179,-0.8274142919286019,-0.9260272558676172
-0.8765102348112322,0.7977590319535912,0.9464103131065612,0.7282821140901847,1.0000000027791278,0.7069062719813516,0.6439217042016413,0.8340233462822875,-0.554361266214065,-0.5154684871965669,-0.8231060023125241,0.9691372301458054,-0.8188822667897231,-0.9012020758462402,-0.5423563293442192,-0.828844053504726,-0.21287813391664745,-0.9524694101317014,-0.9131686539117914,-0.6061931763824827,0.8234734785628678,0.37181030312035296,-0.9616691222652614,0.7057907397169424,0.655947674855014,0.2967623474082535,0.7387298661891872,-0.8017021318283218,0.7791321677928683,-0.9779035641170534,0.9260495467590832,0.7490186327749605,-0.8881249810968677,0.5612591200569392,0.8007491795518348,0.30379656873511063,0.7900831786171152,-0.7795588982868066,-0.7382817498162627,-0.7058071766511371,-0.8535636191529165,0.9144054128650407,-0.8523798054346339,0.9361552892834766,0.8144094933576342,0.7229401791863344,0.9289552684146023,0.9697658835626409,0.7551350714625181,-0.8580858247312164,0.8830468453503936,0.8386370067846902,0.8663275529557531,0.7721130399524071,-0.7522475059627385,-0.9252202599847799,0.2807944388760853,0.8564907671393591,-0.9319010900655914,-0.8588326322954223,-0.7667312144586714,-0.9431135570972585,-0.7665640692239671,-0.8404879210392938,0.8999007448295887,-0.7195118930631587,-0.9996661856167754,-0.7294487281032674,0.7792312928291665,0.7745491447435102,0.8339830417399395,0.8298001439487306,-0.6636308097989296,-0.7104334754682455,-0.6955074416612076,-0.9364200983177625,0.8916987884279968,0.9114070978347082,0.7208138575451288,-0.5432949684293142,-0.8117248303740655,0.1581472977237062,-0.9682268457248224,-0.21179682482556203,-0.8564963902655004,0.38622911205450355,-0.5271523150893377,0.7551429517423378,-0.46047593883542925,0.887413834697481,0.8413237383058054,0.867320770346818,0.3260282234757572,-0.5521593587465399,-0.8129190634131662,0.7660145384587252,-0.6698191707796519,-0.058939547904486064,-0.5823644257621089,-0.9147581435040083,-0.8517839832366775,-0.08518037996465724,0.1855015455586559,-0.8904645249604582,0.3546994511526845,-0.6858529707976694,-0.1045154478567756,-0.9571936726425199,0.795809618376528,0.6702439635303205,0.8702112068023898,-0.900410484456151,0.7621385155203348,-0.8376302742003747,0.5239636519753728,-0.9509434284229503,0.9188217966601808,0.8585576395158069,-0.676452389755524,0.7154357704717998,0.820955721498153,-0.7022483929905171,-0.8963709256148149,0.9553190268799804,-0.9753547841054864,-0.9325212430357187
-0.9562358317089913,0.9619387902651011,0.8969004010317191,0.9937619951553308,0.7069062719813516,1.0000000003669338,0.9210027088468555,0.9772518456275867,-0.9706654373332038,-0.9554940746940191,-0.9111155757497513,0.8361002963480286,-0.9524190761250997,-0.8747304093221863,-0.8316410364523875,-0.8671636802405661,-0.7787152918983764,-0.502968426219499,-0.609030507955597,-0.4250413277128321,0.9521016236944791,0.9139169964678938,-0.818023873378473,0.9611833307367807,0.9306814453288451,0.7881573032309653,0.9972441201605154,-0.9834165683056005,0.9743789727061484,-0.8146919746024484,0.790175432147779,0.9733766885600279,-0.9515203913784253,0.893282339453845,0.9494928669188727,0.874850046505146,0.9212334621464063,-0.9090699151807997,-0.9355751434698542,-0.9363417325199246,-0.9192829871707445,0.891131594132257,-0.9470578307257048,0.8989520769993342,0.9599227987496908,0.9580679917869691,0.8966701197933092,0.8445840453465135,0.943816923457051,-0.9510942777480661,0.786411700691872,0.9746948248854739,0.953732318480091,0.9933731226876374,-0.9636632003474742,-0.8845866723550392,-0.018880100190094597,0.9451888168334002,-0.8942917636986873,-0.9437316507327443,-0.8985867449009177,-0.8830386036938163,-0.967457186455948,-0.7799853348731077,0.4972576150362671,-0.9739736531627061,-0.6963239941344491,-0.9727393704487973,0.9317783306413429,0.9732810788567731,0.9310478416710315,0.9031115463357886,-0.9975969355244808,-0.34982822983155504,-0.943033013783032,-0.8788710269084049,0.9097209779694778,0.9038393454511184,0.9777910706025152,-0.9400820759348235,-0.9579737770854805,-0.324492560130556,-0.8553288475991041,0.4727376480425901,-0.9575864758261398,0.9096808072802381,-0.8374192037492112,0.9450739890496909,-0.90941885093509,0.30554163570259757,0.8696900231052237,0.6906540676658777,0.8124323938948589,-0.6773315505689338,-0.9579346857434816,0.8153047613494829,-0.8949422830069912,-0.7097571413444144,-0.7858607201133224,-0.9243725778425146,-0.9599115705158744,-0.7459662043822757,0.7865287867907123,-0.8573229649980546,0.911715022801107,-0.973606921482677,-0.776481394134018,-0.7966785092821144,0.9311590685638163,0.2735802380950004,0.9344571864800155,-0.8486115279687595,0.9951627876170537,-0.9544572347393501,0.8222650010766459,-0.8878542217708816,0.9036158024137197,0.9408598601627302,-0.9610380139062568,0.9309853889083088,0.9618073742269325,-0.9474131586907251,-0.8013355758862856,0.883148832256037,-0.7937037285546369,-0.9083204112402742
-0.9059855463732567,0.9686511807034182,0.8304003469053146,0.9559302080802791,0.6439217042016413,0.9210027088468555,0.9999999982519866,0.9226051801709985,-0.9550306795517282,-0.956053727429984,-0.9632512418692626,0.8126596980136925,-0.9626270969708292,-0.9081912089272355,-0.9813856997256081,-0.9488481327682339,-0.8805771161137029,-0.3820572382757775,-0.7114769152581595,-0.07739155485843206,0.9603020108522287,0.8924064615703117,-0.8228507184779303,0.9913401977777176,0.9996463575942494,0.9216863369234939,0.9400907357819435,-0.8648538865471732,0.9682045325158622,-0.7894557011999417,0.849123980090975,0.9783286333454959,-0.8897653382249686,0.9944380600217431,0.9718614872035237,0.7355697095928119,0.9772597606972211,-0.9789718750543761,-0.991401413417665,-0.9963143586789712,-0.9482213237710184,0.8984961859255182,-0.943741182504909,0.8648106687189324,0.9616438218253839,0.9904463156834404,0.8792863668863996,0.8094743508853484,0.987238129486765,-0.9366439491554214,0.8790704631886166,0.9237052598818948,0.9258387639241146,0.9367646426237959,-0.9829129963478548,-0.8860645697656194,0.3324890886330529,0.9414353708833553,-0.875369662027766,-0.9402386902938925,-0.9804996318896356,-0.8594691423389911,-0.9772486832822896,-0.8987759862134124,0.2985114469211947,-0.8099882211312623,-0.6257286824842851,-0.9826208436364794,0.9812722110081292,0.9708274475964911,0.9590167748058962,0.9588819217966355,-0.933669546357647,-0.5764878327813026,-0.996704739585155,-0.8713428190001373,0.9203901292497011,0.9010640045353008,0.9800974036206779,-0.9823161037235847,-0.9639964062513352,-0.004126523397815099,-0.8077231721824196,0.6087140109657767,-0.9324479101560548,0.9199844408436828,-0.9820193002005654,0.9870873912382659,-0.9672390264602013,0.30081370535425833,0.9440142540829505,0.8197592701119758,0.933089533363047,-0.9064057674778916,-0.9634112668875958,0.9480393792151326,-0.9962550231681201,-0.7857981237919242,-0.9637630732255539,-0.884653388507838,-0.9347127857777813,-0.6038876568795056,0.6023053602568164,-0.9107001657308709,0.8555674239506257,-0.985594298888361,-0.7025955737564327,-0.8194341820399909,0.9757366572123121,0.512320910739919,0.9344959254599069,-0.9000205734029533,0.9362274713168801,-0.9505736996089577,0.9774909899543884,-0.8336114200078703,0.8918841788566165,0.9416324944353851,-0.9927900209488865,0.9952352742367984,0.956835304831334,-0.9954313701533218,-0.5874497315837409,0.8211724096356123,-0.7890484877643159,-0.8634745276985905
-0.9964503778982348,0.9874496244938074,0.9673412428415544,0.9851929790476042,0.8340233462822875,0.9772518456275867,0.9226051801709985,0.9999999988898184,-0.9204530921639815,-0.899931341511189,-0.962179572231131,0.9330890817187856,-0.9866282986881149,-0.9530827538633906,-0.8345284655118475,-0.9340781784234033,-0.6900874850097078,-0.6505981220197717,-0.7588615329292727,-0.4526459601268366,0.9873779118897728,0.8222161830179351,-0.921309527793733,0.9641213572407105,0.932056852250669,0.7268508257263001,0.9878108929949951,-0.9851509005071526,0.9897637192986111,-0.918498437388452,0.8979189268001122,0.9820913965408177,-0.9942290434410299,0.880557154749942,0.9810682947781654,0.7527783388437026,0.9612355970207414,-0.9508878406726216,-0.9575299964292328,-0.9494344881704545,-0.9736256936122767,0.9655525712879687,-0.9898857886546949,0.9712436466270392,0.9898597006002564,0.9669811656669866,0.9700904165542098,0.9380466824316095,0.9668594714676417,-0.9928992859051295,0.8880198874750622,0.9999128116088319,0.995170660796667,0.9944889384800158,-0.9777066971143344,-0.9625734301673035,0.12317378657932038,0.989531919616488,-0.968821299257754,-0.9891044460173803,-0.9408939873029013,-0.9624569577709448,-0.9832857195853301,-0.8749267460884231,0.6183153890803958,-0.9466444080383515,-0.8243727050874302,-0.97674306704015,0.9653339538357337,0.9881817845233597,0.9770667675169353,0.9584088449476738,-0.965319788883169,-0.5167544516036882,-0.9507005426573314,-0.9598512857332787,0.9741495729261413,0.9730321225618894,0.9769938295856541,-0.9026051807518657,-0.9882505880399823,-0.15748319959442697,-0.9440220927017503,0.3325565061889107,-0.9958106292980282,0.8282070447896156,-0.8338491115171054,0.9676215618282497,-0.8571320830131495,0.4954766866863316,0.9384711187735867,0.814119818053366,0.7522899008095074,-0.7289235213816417,-0.9884759684088986,0.883463520474346,-0.9132121529411077,-0.5872734986759302,-0.8146526675595803,-0.9841477651944597,-0.9962688437009425,-0.5879291191955898,0.6419263758979725,-0.9395312617637889,0.8099297279762774,-0.9651872907229895,-0.628556903822984,-0.9061468471255507,0.9688333471578834,0.4471798176827745,0.9856699904674435,-0.935233928375504,0.9926402382525351,-0.9913544880957194,0.8227401090897282,-0.9635262709426012,0.9735431532365193,0.987459544735331,-0.9558003715138772,0.948696094224875,0.9921444020105734,-0.9551717940485372,-0.8538736631305605,0.9598356058835912,-0.9046026533130778,-0.9758231086867072
0.886332354326232,-0.935616512151896,-0.7917250081718157,-0.9738279472532403,-0.554361266214065,-0.9706654373332038,-0.9550306795517282,-0.9204530921639815,0.9999999997670433,0.9983881215062743,0.8866365586585069,-0.7306882221132736,0.9202631269725209,0.8161375531271523,0.9030401460706763,0.8446548587978513,0.9066772659300174,0.30260079324872163,0.5254317425378806,0.2111953851945117,-0.9179200787956721,-0.9776082299316899,0.7222435811409992,-0.9675868417966242,-0.9594736767747968,-0.908575767159053,-0.9677175707958515,0.9111503251411542,-0.9501191368570341,0.7023837896390576,-0.7195779245298389,-0.9610396017413746,0.8732665015101104,-0.9521794670717018,-0.926219896211917,-0.9029550668976738,-0.908648419217992,0.9023769044110488,0.9389073295197454,0.9498073998226877,0.8794001220898368,-0.8219671579258442,0.9000011622961146,-0.8094227834912336,-0.9269884570059661,-0.9603428295147547,-0.8151160466261521,-0.7360165014471748,-0.9394778216667555,0.8989643780934053,-0.7393641044013304,-0.9176629791890066,-0.8947170357623988,-0.9547383198523084,0.954286244505091,0.8091336086425613,-0.04231612368369917,-0.8965581021196714,0.8109406847170139,0.8943307870950279,0.8979610720066217,0.7929145217551453,0.9513952178453493,0.752927387815621,-0.2790313081733243,0.9034471984439923,0.5389518013833996,0.9672552215879429,-0.9213814799508422,-0.9514530235036444,-0.8979988211715246,-0.8768531426632998,0.9848600605842139,0.3193345745584588,0.957926649430107,0.7959654671014114,-0.8511183094415569,-0.8338277983100363,-0.9725071986863424,0.9892260373157359,0.9270516839771827,0.2999310143838586,0.7442578948935358,-0.6672943054592098,0.9028897966179991,-0.9812866008709281,0.9117943217502736,-0.9404147998648397,0.9803665311187635,-0.13099321431523653,-0.8415556316496545,-0.6442816748002457,-0.9247431420284076,0.7487909251985682,0.9264844988160755,-0.8193846928366891,0.9262085793726984,0.8546715532573227,0.8495132128887262,0.8428575284400045,0.9068340432603248,0.8056716833548722,-0.8113749739838144,0.8060700541925881,-0.9659011823659388,0.980347084917121,0.8634133876424533,0.7051238760996705,-0.9144550381586433,-0.24415082743061026,-0.8817951011510958,0.7924247879802316,-0.9585215162038815,0.9123432777458441,-0.8988228874840899,0.784629172250519,-0.8281567775517982,-0.8926662291972572,0.9756033749944598,-0.9426522516440881,-0.9249199399307267,0.9591677287602026,0.6340004179844673,-0.7749133132881548,0.6862247849828392,0.8172739494482549
0.8632429034466915,-0.9225127711329226,-0.7613772465570178,-0.9612489867870119,-0.5154684871965669,-0.9554940746940191,-0.956053727429984,-0.899931341511189,0.9983881215062743,0.9999999979810817,0.874923140146839,-0.7013352181785015,0.9060380185184883,0.7971997172176941,0.9136572039008376,0.8340958812996555,0.9291300522685021,0.2543692094153427,0.5041693131812386,0.1577285243569113,-0.9032396608566062,-0.983684736497447,0.6954560057243026,-0.9617676121084122,-0.9591734814387022,-0.9297635823543705,-0.9528140219545511,0.8864457417113016,-0.9371874437516519,0.6717071828256843,-0.6990846018542112,-0.9508015965867248,0.8482844682261281,-0.9590092443575406,-0.9140696460873762,-0.9002127462979882,-0.899439667288607,0.8947013322228593,0.9329731158411882,0.9460800101759466,0.8640366159948929,-0.8003054267421074,0.8824669246139611,-0.7828164922430322,-0.9124268826792427,-0.9536979739173439,-0.7904465835702797,-0.7057711918109517,-0.9316818464131763,0.8801714374086334,-0.7243594931423513,-0.8971597913329917,-0.8742601328919767,-0.9379326022551544,0.9449430312485084,0.7861067122899617,-0.060115790219380454,-0.8786975699606207,0.785887015125577,0.8763211314283837,0.8918182683265583,0.7664459278393686,0.9404739932314065,0.7425742947361988,-0.22601835903976136,0.878590889881698,0.49901435165694363,0.9585465272476752,-0.9124698210822768,-0.9390968251758084,-0.8839855088967365,-0.8648717396404125,0.973440844349989,0.3130588994152575,0.9543678265663019,0.7712779865973023,-0.8316029910104163,-0.8117522099484095,-0.9637017389117027,0.9928352867890268,0.912990622354194,0.2879317196542016,0.7132303315577309,-0.7067922620231483,0.8833585300486698,-0.989500414722252,0.9229319545080534,-0.9325219277703035,0.9890663874869354,-0.09134419620633978,-0.8296818267547018,-0.630654815101313,-0.9438433948922846,0.761679880919532,0.9123040580662464,-0.8155687207187228,0.927142159586703,0.8809396086314017,0.8592112427151308,0.81768447950812,0.8876285189957117,0.8106396094558754,-0.8080443452479187,0.789094649015489,-0.9695154637511325,0.9742628764438002,0.8748356855306587,0.6796403803733374,-0.904140114936595,-0.23886191089426032,-0.8632103624663156,0.7744411764342856,-0.9420955826014235,0.8957959740298134,-0.9106847877682157,0.754929052719385,-0.8048050066836704,-0.8749923939033907,0.9715446648134834,-0.9386401298580753,-0.9094135877780637,0.9548314897895268,0.5892302249715756,-0.7440816368756085,0.6570126754313024,0.7901299991230532
0.9665212893599598,-0.9890607024048297,-0.936330105814406,-0.9489394661625135,-0.8231060023125241,-0.9111155757497513,-0.9632512418692626,-0.962179572231131,0.8866365586585069,0.874923140146839,0.9999999996637223,-0.9371854785299703,0.9929780850147446,0.9872389228951087,0.9208323930587022,0.9953459395194829,0.7211241480227587,0.6111870183902234,0.8591240004104327,0.23798298348441654,-0.9927718563929299,-0.7736101529423376,0.9450971457769844,-0.9740940211675921,-0.9662477113219168,-0.7853509633060869,-0.9391563416976566,0.9012533722044428,-0.9803124112201695,0.9236052500577202,-0.9572002008433734,-0.9777531890556292,0.9578319646032648,-0.9313547945806434,-0.9943358767038911,-0.6221316143923086,-0.9982794389996447,0.9972720354129037,0.989221454141301,0.9812248926346882,0.9977319530226827,-0.9820625992518899,0.9902313228558627,-0.9610341858151065,-0.9896058173324531,-0.9800615589718834,-0.9707355251643294,-0.9337430599272213,-0.9909908383824801,0.9859306672165883,-0.9667616244225229,-0.9651100702454953,-0.97963783632467,-0.9491856397196823,0.9839374998980019,0.9764606365347063,-0.3838041392947849,-0.9900491693200236,0.9688377336224948,0.9900896893538588,0.995058087182547,0.9610482921083681,0.9840467461842087,0.9682516494628539,-0.5226486318555547,0.8261629534109389,0.8090504820178518,0.9741777742070669,-0.9963572945580162,-0.9809397687819755,-0.9981019334568261,-0.9997824680130937,0.9059805711051125,0.7023958258145317,0.9769422799005573,0.9689890345960704,-0.9897307873204816,-0.9815793261592253,-0.9682730341837553,0.9089914881975086,0.9908111357106054,-0.09382968255805256,0.9304264733461364,-0.3735940556099733,0.9810619911100557,-0.8024832258467054,0.9150487255113607,-0.9907174110527628,0.8694393826504065,-0.5428757982481157,-0.9956212294294213,-0.9228550676181589,-0.8027951708003048,0.8802791841686223,0.9907686557542359,-0.9776376033273422,0.97281734036778,0.5932802190108062,0.9263808381303364,0.9666564229432861,0.9809331960159204,0.44671212331850835,-0.47763787558440457,0.9874453396017151,-0.7367760388633148,0.9604367232600127,0.5326601967215565,0.9431405226326183,-0.9979380786631442,-0.6430548974323845,-0.9906094445756715,0.9832444993796252,-0.944834453048702,0.9895994919777412,-0.911899132623731,0.9417699551491637,-0.976680349312792,-0.9914955923940296,0.9644735877466041,-0.9845244452767584,-0.9877848195307247,0.9778476766827647,0.7263257544564272,-0.9335608173165243,0.9248319902782105,0.9574542788622602
-0.9599798979314795,0.9199857546406757,0.9887738896076239,0.863363924326035,0.9691372301458054,0.8361002963480286,0.8126596980136925,0.9330890817187856,-0.7306882221132736,-0.7013352181785015,-0.9371854785299703,1.000000003021886,-0.9340703975372547,-0.9788712560063436,-0.7289156526166345,-0.9366760156602184,-0.44613543601554084,-0.8486527085633818,-0.9238082874730054,-0.48839111254128514,0.9368227172645286,0.5716725274198273,-0.9974239736441575,0.8572421076759528,0.8217604653081728,0.5229907338095153,0.8663176725676301,-0.8902783933673128,0.9057713825947288,-0.9991715042419854,0.9784625143948078,0.8860747270260021,-0.9636421732124697,0.7478570197083869,0.9231868288294084,0.4700381743279754,0.9165857351574492,-0.9090399808483168,-0.8817813262819278,-0.8586525875258245,-0.9556417417159475,0.9859568280823722,-0.9535208738037262,0.9918847683855672,0.9304120183909736,0.8699751841032904,0.9909769899773009,0.9995341399885673,0.8933350680330618,-0.9556409981970281,0.9552219253106337,0.9369267201852326,0.9585053247711639,0.8906174498161952,-0.8899116938692251,-0.9901971586368068,0.31859731885441434,0.9559032073185737,-0.9919599729909482,-0.9572944757847693,-0.899696539816391,-0.9953708746533182,-0.8990300274570655,-0.929057934280842,0.7821987585583937,-0.810356356293647,-0.963046065103068,-0.8725505310502794,0.9096805290702276,0.9031095499957679,0.9442562682633135,0.9408348195486717,-0.8071921320499575,-0.7251000794044401,-0.8509931702673972,-0.9940112623310453,0.9757565595922388,0.984580519223121,0.8652228074535873,-0.7306948739462431,-0.9291018226656325,0.11662106523659624,-0.9978861037528273,0.03503204245032865,-0.9531505767364616,0.5913348702067058,-0.7175982066781351,0.8933022796472204,-0.6627393136913334,0.7720710149508325,0.9446517402269529,0.9238095754652207,0.5490229495904271,-0.7115359616466321,-0.9298242537698407,0.8882839657296533,-0.8309788726888595,-0.29860727836143575,-0.7534285331830748,-0.9820792948338,-0.9503013750541883,-0.2612295704615261,0.3372881924343072,-0.9713781917996424,0.5469864550815148,-0.8403534554995649,-0.3073932015608094,-0.9927880181637232,0.9205277931195543,0.6736905252965104,0.9640613945696153,-0.9754971471044735,0.8828768036794062,-0.9445228662511257,0.7136327424706361,-0.9931724839173547,0.9873101483315415,0.9575063156495193,-0.8353949805739475,0.865593235558028,0.9338801387097239,-0.855746156607951,-0.8731429788490987,0.9925279561405643,-0.9969554679594097,-0.9887655582525587
0.9853537332594112,-0.9991453999508555,-0.9502322244060177,-0.9776695565613504,-0.8188822667897231,-0.9524190761250997,-0.9626270969708292,-0.9866282986881149,0.9202631269725209,0.9060380185184883,0.9929780850147446,-0.9340703975372547,0.9999999986166891,0.9769586983471293,0.9027848543092605,0.9771840585014544,0.7349156947122849,0.6108380929212045,0.8113984653885815,0.31505231065181377,-0.9999638802615883,-0.817606454157612,0.9339337530656092,-0.9845568081939349,-0.9680493515439095,-0.7857240974596604,-0.9723834807630709,0.9449136127009031,-0.9959161588688109,0.9188212816946829,-0.9326083771716073,-0.9925367586608249,0.9784816085813794,-0.9288763942998345,-0.9992882439089752,-0.6985554880941214,-0.9932972531406854,0.9885898306301101,0.9889568562993417,0.982233357878034,0.9951287197661957,-0.9787475470567804,0.9980015573845887,-0.9674522049260836,-0.9996623965288611,-0.9885216124574585,-0.9731743805708285,-0.9341955845201356,-0.9933230002962632,0.9964579567854245,-0.9362339278593331,-0.98810895587351,-0.9932405677463061,-0.9796450276400225,0.9941160978311533,0.973439651789822,-0.2719853170760137,-0.9975100463243572,0.971297749555029,0.9972153169252543,0.9834383793403233,0.9631213966988967,0.9959256447807551,0.9335244488305317,-0.5456908475655127,0.8866724674558846,0.8060662701809931,0.9890234622837717,-0.9945720640601287,-0.995828535662231,-0.9979612430862888,-0.9907847690781875,0.9462746402870565,0.6185640263815776,0.9807764588936901,0.9670987832909801,-0.9884782755481586,-0.9819919133257814,-0.9860399836168962,0.9262982509624438,0.9998087576714044,0.022961578986330264,0.9349730217884865,-0.38686950179663826,0.9949192777071273,-0.8369520561743998,0.8998094599411954,-0.99350144858358,0.8863918558693847,-0.5031585085554939,-0.9786580761080776,-0.877254718323301,-0.8061450002603184,0.8301489739132784,0.999820317371336,-0.9470596045260372,0.962763765375525,0.6197088929351009,0.8950068877882882,0.9778206540597849,0.9953026777336368,0.5301506758156921,-0.5677521961727174,0.9715500131294112,-0.7907627142609824,0.9778732757416752,0.5992934793176347,0.9261550499374025,-0.9962093857902846,-0.553543740834514,-0.9953653660050559,0.966539824350322,-0.9767243854382877,0.9990792003718804,-0.8930700279116344,0.9515487940751106,-0.9788660016299049,-0.9973364614634636,0.9765822499140082,-0.9833713473764901,-0.9992408121252244,0.9829757644051219,0.7750355956059236,-0.9446945818876372,0.9134308378159167,0.9675540818436621
0.9696183380195528,-0.9673307134565794,-0.9673548196609746,-0.9127012607677879,-0.9012020758462402,-0.8747304093221863,-0.9081912089272355,-0.9530827538633906,0.8161375531271523,0.7971997172176941,0.9872389228951087,-0.9788712560063436,0.9769586983471293,1.0000000008608676,0.8527008673571773,0.988302568271763,0.6017516453900995,0.7263702041778884,0.9162850207094814,0.32694365770321554,-0.9780232002254505,-0.6772583007645234,0.9849808682718174,-0.9304958294520419,-0.9131273882190234,-0.6772221321000761,-0.9069539703812924,0.8927834271384351,-0.9540665562344744,0.9714457232803124,-0.9879502665213541,-0.9440353873725279,0.9657460068000966,-0.8616923413674823,-0.9735410763441043,-0.5348869793145345,-0.9762690041567607,0.9735991863261485,0.953829337067525,0.9384591574443887,0.9927340789569228,-0.9978407736818249,0.9839199500979618,-0.9852741098830919,-0.9723475543134688,-0.9402943991322344,-0.9917159010331443,-0.9754714204113679,-0.9591215345084966,0.9814900793589305,-0.984931840101495,-0.9569694799613834,-0.978163862061173,-0.9245194663185126,0.950858699320216,0.9964995050987228,-0.3986760500216692,-0.9850000158401047,0.99108452436082,0.9857678190765683,0.9691730322662607,0.9883784506925838,0.9544342024401592,0.9754478306387001,-0.6384195877078771,0.808618095185252,0.8901181015532132,0.9359062235264661,-0.9709531485858116,-0.9534701754500955,-0.9869447494529778,-0.9894557194149977,0.8591644567287937,0.7512504350860966,0.9316063738687614,0.9936211576201492,-0.996829642454268,-0.9956403579988978,-0.9282573904081259,0.8344374058546613,0.9728062244594553,-0.1463224957048976,0.9714269379828938,-0.22119106648634587,0.9764611582756886,-0.7057006123169542,0.8433610555434666,-0.9587946946714768,0.7816864729992313,-0.6672526203666544,-0.991632384026762,-0.9513730987875672,-0.697721828167845,0.8333238267884521,0.9730890713121576,-0.9608866730284213,0.9251379870287886,0.4589242677605727,0.8715488344936682,0.982348738705952,0.9749244618460805,0.3396556865791619,-0.3889909479492037,0.9987098775636171,-0.6419123624534631,0.9127553337341301,0.4146909228009935,0.9838340049723947,-0.9767124438478433,-0.6967014816793063,-0.9899426337127099,0.9984889370226092,-0.9180813322295466,0.9789081226409442,-0.8410622884043779,0.9738434568150915,-0.9934941536726176,-0.9871047040633154,0.9146595176259787,-0.9442020701430296,-0.9723960947859949,0.9338041443348721,0.7849313822027635,-0.968461950302622,0.973458831855019,0.9805627265925485
0.8168658931384704,-0.9087881603629911,-0.7299464090805877,-0.8822353342709272,-0.5423563293442192,-0.8316410364523875,-0.9813856997256081,-0.8345284655118475,0.9030401460706763,0.9136572039008376,0.9208323930587022,-0.7289156526166345,0.9027848543092605,0.8527008673571773,0.9999999973319942,0.9186082899017864,0.9029187479917947,0.26104742558017346,0.6855682005471933,-0.11300731598780149,-0.8993010170756222,-0.8512590591370793,0.7515209325781508,-0.9477553608991879,-0.9759446467386852,-0.9512133154336836,-0.8575888730228425,0.7524132330335062,-0.904214839295954,0.7044805124485964,-0.8030294871850687,-0.9211101850063665,0.7950632953282578,-0.9910840205904713,-0.9183855380575133,-0.6504529977263527,-0.9387343725946049,0.9470469663384936,0.956368258659157,0.9653020599944901,0.8939351184385361,-0.831100238895291,0.8759306381438351,-0.7785427738359044,-0.8985365859133541,-0.9465921829796653,-0.8005202634012974,-0.7207725000844312,-0.9457937292432267,0.8637677195558562,-0.8500807295469984,-0.8368407968388197,-0.8467647154519122,-0.8521508696181282,0.9314814522839338,0.8154938691335628,-0.459028193507905,-0.8731638145882211,0.7957697296701325,0.8719191327998577,0.9545512101450803,0.7772125421304167,0.9208410510473856,0.8837213039098123,-0.14885241156665655,0.6845149629648152,0.5210863251683799,0.9288446581469519,-0.9407274576946971,-0.9087185215055442,-0.9056377988030291,-0.9175540560192613,0.8536622511923196,0.6183155080396292,0.963755192872626,0.796265959064862,-0.8558584881194935,-0.8295768376005954,-0.9237460621631748,0.9554003323421413,0.90288287541392,-0.12014928721759505,0.7138582533618457,-0.6772921927691268,0.8551922935276631,-0.8910897382471813,0.9995274054061895,-0.9450481996749691,0.952873494244851,-0.23405235161238705,-0.9098102294588116,-0.8076728794191305,-0.9550291486765238,0.9583431389453692,0.9019860146284393,-0.9438367932457478,0.9852690249866312,0.8087307058661117,0.991558909405206,0.7974149133436664,0.857750826432938,0.5339118534087461,-0.5074182938121493,0.8643745051958651,-0.801223873710376,0.935776037988819,0.659448238550871,0.7560232816400303,-0.9319752312455356,-0.5625136275608299,-0.8669007424098621,0.8522271409151264,-0.8513396188636398,0.88352387510639,-0.9997464945627276,0.7379981277712857,-0.816144347728791,-0.8751268886134655,0.9519473916671831,-0.9653566158155423,-0.890465686070764,0.9596224840706956,0.4297852928429036,-0.7220594647381557,0.7129577627874777,0.7729468000992809
0.9441859308789377,-0.9702480566046996,-0.9214387157770113,-0.9143581228388776,-0.828844053504726,-0.8671636802405661,-0.9488481327682339,-0.9340781784234033,0.8446548587978513,0.8340958812996555,0.9953459395194829,-0.9366760156602184,0.9771840585014544,0.988302568271763,0.9186082899017864,0.999999999053985,0.6898738972092023,0.6202524619161658,0.8954845215820045,0.18746688840931486,-0.9770017342244087,-0.7214695036732975,0.9504942398991754,-0.952460615537536,-0.9501881522127785,-0.7652454369709277,-0.9016885743054895,0.8589638747659284,-0.9567787091028522,0.9252432835414385,-0.9717170911358347,-0.953964218354851,0.9347575641256691,-0.9168753628496928,-0.9795409717547119,-0.5474345050567714,-0.9909475946490582,0.9925936142603407,0.9767105833928525,0.9669065300189134,0.9906412785544667,-0.9781773518747391,0.9750629524782279,-0.9508668058936384,-0.9713534084848439,-0.9603836705382919,-0.9631515070643004,-0.9305227332140721,-0.9768946490065306,0.9689047666502065,-0.9842361627830899,-0.9382154905726865,-0.9606595177681426,-0.9146776899935299,0.963717109929411,0.9729144713702466,-0.46838595678821204,-0.9752735219564832,0.9614073131177201,0.9756602569474446,0.9923899690490127,0.9545995017485164,0.9629381919240336,0.9876112713552947,-0.5145401974648403,0.7704447680212756,0.814315394667539,0.9498183362078529,-0.986169392193086,-0.9578021817212453,-0.9883646707382687,-0.9969470968633287,0.8615816459207044,0.766862221502645,0.960173796577407,0.9651944876718164,-0.9831384591038633,-0.9746214098493641,-0.9415041277724782,0.8788842444362587,0.9732725694380866,-0.18927521420568977,0.9239959845472383,-0.3416834886614797,0.9614957554763889,-0.7573755890721842,0.9102808862309043,-0.9762695741825579,0.838337418014957,-0.5839314746472766,-0.999720394782337,-0.9535580935129208,-0.7806221048039799,0.9056591755684656,0.9732283993360525,-0.9908152816177058,0.9664851702720451,0.5515731082430695,0.9359795732104681,0.9517506574534341,0.9608028759201178,0.36570259858251836,-0.39346525174368596,0.9926457981096785,-0.677442392771718,0.933057253373921,0.46252424814582116,0.9531324672887438,-0.9882009460378184,-0.7129781819766668,-0.978443066924028,0.9895870306637273,-0.9090095373214027,0.9725889356998623,-0.910023676542258,0.93013229139479,-0.9687341852101188,-0.9780343767251437,0.9409002063279907,-0.9721381240100698,-0.9686982789860104,0.9602329229336728,0.6897888730382236,-0.9212940953714841,0.9316467503403891,0.9443469241647855
