0.9999999997966365,-0.8129024395685093,-0.8216710303998638,0.6961370142964596,-0.9095419277763758,0.7918262587239799,-0.8837520312972971,-0.9718810320482045,-0.8925677806779769,0.27979673101794195,0.954741610999212,-0.8458808728168603,0.7730319447709046,0.7565362159568297,0.5931881589950158,0.8991256828148748,0.45593432288467717,0.8638436045208217,0.8811831502063763,-0.8403437398228609,0.713026686821689,0.82124301043934,-0.9634329912949879,0.897585185462313,-0.9693693229956819,-0.9073970762434276,-0.9386480340150688,-0.19942988038237103,-0.7889034944634619,-0.5201793526815192,-0.7337384263047619,-0.5907778669747178,-0.7223803179764232,-0.7612619878193501,-0.7002494541496995,-0.896354554497972,0.7986195737972315,0.8351462435549807,-0.758517827314252,0.3914596071901813,-0.782989858661605,0.4298930225097646,0.8028945521739548,0.8012214483916045,0.2899298469427431,0.9017922056523008,0.8305142924919687,0.7225796896719899,-0.783448671690041,0.1229236466027058,0.3062291632285537,0.7352841074412284,-0.7013510889177776,-0.9105283553930487,-0.2681003225525185,-0.5954167383657839,0.8448261408198754,-0.7328112061711689,-0.9392789674009963,0.9828681074324951,0.9205807249794817,-0.26151372782285004,0.4923482679159726,0.5117271098430238,-0.8230115415779077,-0.07745826291168979,0.20291419739645428,-0.22760982282374728,0.9370953351742292,-0.23046226859251615,-0.8232030740714926,0.10721424148639658,-0.7163816841840861,-0.924363588925895,0.9126996980270491,0.8559293391172751,0.8347576515977376,0.9734559314235165,0.9408098584384585,-0.9969623513666176,-0.9584500826198118,-0.8145883385699171,0.81333103791822,0.8623969033770731,0.9206895137377327,-0.8715812444901428,0.4116916456109896,-0.9213238101847232,0.7315947517425616,0.8134809381111201,0.8703107432975202,-0.8652997735641592,-0.8591767872468677,-0.19875665798692352,-0.80366356988009,0.895653496244195,-0.6776362745666863,0.8217553355300214,0.8451457102437149,0.7880126416986104,0.6817276304655024,0.7153815816320362,-0.9525723652145399,0.2858644626465244,-0.7531653669371179,-0.3335192987048354,0.9415161427127123,-0.8335202920696702,-0.6820502499362153,-0.8852301149305888,-0.5961220790126714,-0.9237332216560319,0.9309967409038805,0.3264516261195344,-0.8500061421019869,-0.6409861874044247,0.8674774291251509,-0.940764960142167,-0.8005860971580522,0.9272793908268495,-0.910289354330032,0.8029811679848293,0.8897276520746853,-0.8293010620629082,-0.9052004625928235,0.8319389382890867
-0.8129024395685093,1.000000000268768,0.9913680746002246,-0.9820160681875846,0.9610667954215962,-0.9769648258958346,0.9693609339952024,0.855758548364226,0.9841316761451153,-0.7781261321117534,-0.9355686676108081,0.9609690913189652,-0.9810427725927662,-0.6254905734028094,-0.9344329352540985,-0.7082957708769452,-0.7725705213679512,-0.9225603229220283,-0.8775019986713228,0.7379465505274598,-0.5747545140170719,-0.9924258974349897,0.8747831718726954,-0.96623834466459,0.7962449883738847,0.9671452521663616,0.9466282820969195,-0.06199710114721411,0.9464625945546963,0.8321044360841718,0.9810859491051525,0.9025230248097375,0.9546952689742927,0.34162096373546813,0.7542655035143313,0.8803848413213675,-0.9566765487756359,-0.9903001049290237,0.9730180238478292,-0.79103705871713,0.48493606163406283,0.06145674414490292,-0.964322734954289,-0.6586006055999583,0.012189922916614838,-0.9647125619306236,-0.9903210983005305,-0.7553300301836966,0.9595866904666616,-0.5197628226557188,0.10461388836103244,-0.28185757700897685,0.9611881700181576,0.9798064468050721,0.5164388304639224,0.8546923867843402,-0.9381915486389379,0.9449230679965989,0.867554137162496,-0.8165131456806536,-0.8048276942647546,-0.0436615450806675,-0.8790382969633025,-0.8425369246679731,0.7958179911468076,0.40085397932625827,-0.6375760637515901,0.7348743539615171,-0.6109143403244917,0.7383471412543571,0.9294496308752841,0.2690063212182001,0.9863710921158326,0.9336234944609197,-0.9459267071375114,-0.9283807063490112,-0.9948419982611703,-0.7347990087564695,-0.9000317679425744,0.8193308071181713,0.8480443332624323,0.9560933215905936,-0.984375743650454,-0.9719186824606135,-0.6731120609365434,0.908297874175211,-0.674074561402303,0.9388373850262931,-0.9464101754712303,-0.9767076937210074,-0.9475324427541728,0.9355737887166697,0.9328798692551125,0.40306225040909827,0.9800280111874713,-0.9602237653771988,0.937769660162064,-0.9104090230128989,-0.9955127582091038,-0.9832354665931972,-0.9661660499439403,-0.9638573915340235,0.9340701017087386,-0.6569037472839541,0.987564606035323,0.30395703257669043,-0.9476158336988977,0.8950057704242538,0.5507503695654724,0.960643770120608,0.7763194865518003,0.9210999769806403,-0.94173856271696,-0.6596085159728947,0.9431331431160787,0.838736593370259,-0.986445692796943,0.8518033030650282,0.3424033110879431,-0.938786700078978,0.8305150995278264,-0.9539470254639566,-0.925375045050719,0.8887151777195111,0.6868940524837224,-0.9984137801242435
-0.8216710303998638,0.9913680746002246,1.0000000001527738,-0.9666104026644098,0.9406240025500431,-0.9955549312955648,0.9806276783054279,0.8474457082866672,0.9882238482597173,-0.7341622306287006,-0.9404177272255028,0.9873940331316997,-0.9674620728198189,-0.7150552482447828,-0.9412006378823138,-0.7460287175472571,-0.824358485500427,-0.8812418824371302,-0.9265196129408201,0.6806368191308673,-0.4939496571661745,-0.9969281884658567,0.8560455754731617,-0.9420049711593109,0.782033948382306,0.9482704880065214,0.9390628796221501,-0.16132863594482863,0.8991179748166601,0.8704930125192396,0.9686012663197746,0.9323325067674955,0.9091000573234679,0.3990832081190584,0.6700069314895729,0.9208911047068252,-0.9189242946547392,-0.9783993192153845,0.945968212175219,-0.8175918314023414,0.5620304230657388,0.10891211660253504,-0.9261468442324944,-0.5891280025201415,0.10698867588912167,-0.9458118654634786,-0.9974550566416189,-0.8254746657201871,0.9826048238044458,-0.5660032892059553,0.1584134093549031,-0.27007505307816315,0.9791563076799119,0.9815095152853655,0.5694150836648308,0.8821302048955676,-0.9453972366218942,0.9072183412637957,0.8634884631013545,-0.8244898630672226,-0.8010155895763725,0.07915796395599044,-0.8889924182185902,-0.8779369208408995,0.7371388150197558,0.28186789411280866,-0.547124526627016,0.6950411270125579,-0.614709860304106,0.6954133338613061,0.8803201384168757,0.1513999722659953,0.9645823574381849,0.91718946986201,-0.9262026560183222,-0.9629704492231943,-0.9912990270589425,-0.750274377454264,-0.9301963080945558,0.8252283909923855,0.8705868957293877,0.919279664927993,-0.9627426462730848,-0.972495826431991,-0.6572652008101791,0.949078608504618,-0.5774319783905268,0.9242808922579945,-0.9613502904117612,-0.9462584408562569,-0.966836382375685,0.9413185012108135,0.9699163114970192,0.49580346034471195,0.9797134654689309,-0.9368980651904818,0.9649644065041652,-0.8571429343158404,-0.9815103424104561,-0.9954133089159155,-0.9768723632689703,-0.9217174255867648,0.9316142478433113,-0.7189763933369253,0.9598051122465149,0.18513187075603632,-0.956054857896465,0.9146458586764249,0.6485638805642912,0.9348658502152634,0.8474804246834902,0.8896048623573425,-0.930738730343728,-0.6976758640391479,0.9005988063343032,0.895255414729946,-0.979240333064498,0.8601468611843034,0.3908707973014913,-0.9637360882888315,0.8717426023384794,-0.9773117330447242,-0.8859815491126254,0.832766079642859,0.7206525461209072,-0.9863875215427081
0.6961370142964596,-0.9820160681875846,-0.9666104026644098,0.9999999990338935,-0.9135618454087979,0.9584154876796173,-0.9116659401120413,-0.7709714102506932,-0.940538426447547,0.8706574751484788,0.8673473635909184,-0.9237793796794876,0.9839419456206582,0.5330280827637075,0.9566789577440975,0.6197085957117802,0.7869652840562682,0.8863261350713321,0.8014627995760416,-0.6756844826367263,0.5133827075022264,0.9734317664641762,-0.7944272867998069,0.921087530840035,-0.6995831675516162,-0.920387149596491,-0.8882988457752635,0.13752533162474403,-0.9338626655899241,-0.8398004003329183,-0.9935948237989274,-0.9181067408379098,-0.9529520190857862,-0.2069775167789957,-0.7221961812939542,-0.8171880522146591,0.9260418757355359,0.9724173607620779,-0.9797350132189481,0.8294499740215341,-0.36954095797881487,-0.18675482557156742,0.9526257127575785,0.5717826112811576,-0.07967381877604057,0.9063679110007908,0.9675091383906969,0.7191239647086969,-0.9468279667418177,0.5609469903568377,-0.17952112116501792,0.15008265974607368,-0.9674852416901033,-0.928172603928808,-0.500770823056219,-0.8381432131181474,0.915604367579845,-0.9261941429513775,-0.8019243756965955,0.7180284398987814,0.7365450632663301,0.13684360120527267,0.9138849784251927,0.8584012986944703,-0.7525126854589854,-0.48060109885629815,0.7312959186213045,-0.8488479716468987,0.4834560760550345,-0.8274215555537261,-0.9022841144631091,-0.3805169483903952,-0.9944306858909578,-0.8812627888288947,0.8985501778524806,0.8859237812315148,0.9744293154158054,0.6216061863285504,0.8247438238090001,-0.7102741644557973,-0.7644904988187969,-0.9425715208470047,0.9738820016352804,0.9451416817573843,0.5724738036676721,-0.8384164710416516,0.6979482018033776,-0.8885177126052978,0.9544207177661304,0.9640182423998827,0.9110681644915642,-0.9060639076767647,-0.8820407364070003,-0.44768508643971844,-0.9720675390207266,0.918911976211134,-0.9360056329116733,0.8804024973024807,0.9646217905671857,0.9610760619921814,0.9758800080023198,0.9720693917042006,-0.8682771094089997,0.7045989877803482,-0.9874508457896197,-0.294109864562131,0.8850061876616127,-0.8689643737926317,-0.4687004869185805,-0.9231361409953615,-0.769070086862066,-0.8572064202348528,0.8872247766075714,0.6691971824885247,-0.9082973637703375,-0.8389351910426338,0.9572188208951949,-0.7816660969861814,-0.18788328941590413,0.8690677333119725,-0.7566846539826555,0.9366030446223247,0.8745749166436705,-0.843198261901404,-0.5923342365251353,0.9768266151279268
-0.9095419277763758,0.9610667954215962,0.9406240025500431,-0.9135618454087979,1.000000000308629,-0.9106528168473623,0.9387895080982182,0.9577677409525035,0.9757387307363291,-0.6341336383369333,-0.9782828345633225,0.9180550407458066,-0.9545417764526275,-0.6090389128389517,-0.7996682349330321,-0.8044918380866836,-0.5849037567342074,-0.9847819673266718,-0.8488485598727562,0.8884969649733331,-0.7564468033370709,-0.9519873878735916,0.972314920580173,-0.9984670131457387,0.9269859033104735,0.9996788442535541,0.9930947376178663,0.1365154919302465,0.9676811935661574,0.6596353839497022,0.9340676414598267,0.7575946113225563,0.9285854431009326,0.4984661306084999,0.8438678080882958,0.8868481632630877,-0.9462866473162732,-0.9793399814801264,0.9576838299558479,-0.592962294539483,0.5681040003793124,-0.21138382554194096,-0.977368366163839,-0.810833891733805,-0.2322901616799081,-0.9791917094977349,-0.9514491991218836,-0.7137325267899673,0.9018475029904955,-0.2742220481361077,-0.16885579152294547,-0.5265502779294577,0.8650153700437593,0.9807214819046776,0.3109073064308344,0.7065016554855835,-0.9470155033493802,0.9044634672306112,0.9560176723056142,-0.9213757290275961,-0.9173937576152335,-0.03634095396583488,-0.7135848361623924,-0.669481282893255,0.9185941737044776,0.4036834509024548,-0.5720516442530753,0.6022539254355611,-0.7855258757335649,0.5759335144523918,0.9729105730119908,0.25202025222136487,0.9243690358580539,0.9934119451946308,-0.9973328677865925,-0.9015645820907147,-0.9693775390921818,-0.8618643576239011,-0.9230333733562093,0.9218396439732017,0.9173774808242483,0.9806754517209796,-0.9783939485946437,-0.9725836762382484,-0.8449892399337127,0.8663749216173625,-0.6680811428547844,0.993497236619848,-0.890111968342418,-0.9814174350954311,-0.9413325812211321,0.955186739618069,0.8923748107147474,0.2608718298446799,0.952681034846585,-0.9991921617421223,0.8192084799477537,-0.9658790269932078,-0.9740436193248988,-0.9107282388901993,-0.8617793138057539,-0.9355803299470259,0.9860021865308773,-0.44397570108300416,0.9495876535560077,0.4647219615652552,-0.9752876470322646,0.9081948644785338,0.5308299711976495,0.9980780195444906,0.6541251730395427,0.9878419599937615,-0.9935044680548014,-0.45029858632836545,0.9829002524794973,0.7336310414207119,-0.9852939035483805,0.9348753664160614,0.5131055865370601,-0.9362740109911185,0.8679900542409769,-0.9096881290720151,-0.9859169684482304,0.947410251367378,0.7986053337116331,-0.9745305806015596
0.7918262587239799,-0.9769648258958346,-0.9955549312955648,0.9584154876796173,-0.9106528168473623,1.000000000116374,-0.9675025827655828,-0.8163526831103779,-0.9757431550704333,0.7272846646334489,0.9222223940403849,-0.9922264343233105,0.9572889050432783,0.7487784188638208,0.9479524619430423,0.747692531704796,0.8594666116708424,0.8407261385777232,0.9352112256723047,-0.6231205679640114,0.42062330750856974,0.9919089599014591,-0.818518522767567,0.9097174721033463,-0.7436916133452388,-0.9194347142174262,-0.9152524877510179,0.2528119814203511,-0.8604997929117467,-0.8939589530911817,-0.9616665683142779,-0.9534695412703512,-0.8733925211515987,-0.40204951601725636,-0.600130982927095,-0.9293893369244391,0.8796470364744498,0.9628991299479697,-0.9275988374334134,0.8418178446358541,-0.5830099154586745,-0.17567330058545647,0.8943157597332932,0.5139498348368116,-0.19009222379357588,0.9120337011496201,0.9931313347350418,0.8633320671414351,-0.99279328197287,0.6036317373802513,-0.21216311302673974,0.22643058525118423,-0.9904766218900309,-0.9648504836744771,-0.593946070511379,-0.8900277555793777,0.9434306957790464,-0.8707543205165744,-0.8416759497870826,0.8008714180763565,0.7795760760086722,-0.13845080707476493,0.9011091262794809,0.90201905142697,-0.6839793932239324,-0.2212574585916581,0.5095888235567363,-0.6993176916235311,0.5810017123858687,-0.6872180382443102,-0.8362827523891626,-0.10204143040149992,-0.9484313114760535,-0.8894760218421304,0.897395047234393,0.9727964197931468,0.9804731732492898,0.7281065927033757,0.9274940998956385,-0.7962275212782656,-0.8614435536467855,-0.888363030043003,0.9428044623093124,0.9637281411318153,0.6182050726707661,-0.9531683241883012,0.5134935121547495,-0.8984488205420932,0.9728770943591882,0.9194617347025053,0.968322367430711,-0.9363299599568147,-0.9779802171773538,-0.5741962859152655,-0.9755891801081062,0.9069538661310503,-0.9792870192656585,0.8095749739962365,0.9593720631972605,0.993509452706607,0.9835865584231707,0.8919937562164452,-0.9092481918277385,0.7722770608102429,-0.9374442358132484,-0.10049974798442617,0.9418131225579456,-0.9209482502256763,-0.6919350612539874,-0.9043565994852152,-0.8925128931395286,-0.8469067952802543,0.9059527307399151,0.7198076789209381,-0.8586187783580672,-0.9327839887678665,0.9637150225460039,-0.8457621365119264,-0.38077426774293366,0.9579098263928788,-0.8784814695794902,0.9867763251942943,0.841700673803806,-0.7778836178405676,-0.7179688648723251,0.9688863352220802
-0.8837520312972971,0.9693609339952024,0.9806276783054279,-0.9116659401120413,0.9387895080982182,-0.9675025827655828,1.0000000002410228,0.8702767368734361,0.9814429067766723,-0.6405214778658076,-0.949727421391014,0.9713135692476135,-0.9144808371111244,-0.7440426682099845,-0.8962111143031851,-0.7525138989806422,-0.7918614051469205,-0.8712219202392373,-0.9496818815385065,0.6947285366622682,-0.5225519192539044,-0.9675859671157951,0.880985011944875,-0.9422496299244736,0.8181887573162779,0.9465710498920326,0.9409017197342767,-0.059317649447030614,0.8757473894015844,0.8469231406921814,0.9099040910311502,0.8863479298901173,0.8891022038309659,0.4572643829377591,0.6866148748585273,0.9158307662914815,-0.928030217366773,-0.9469170373172707,0.893271014132389,-0.7725502818438986,0.599666719516955,0.007024656070936705,-0.8968174719341099,-0.6534329307068352,0.04439845629905345,-0.9693472996031537,-0.9711397247892394,-0.788842120375322,0.9401145528063044,-0.5427474610314452,0.1225768646196716,-0.34195044749455417,0.929732500470464,0.9844650882504004,0.6065327794088756,0.8899001538830026,-0.901113474430043,0.9131802400402629,0.8602528356249203,-0.8564817280733114,-0.7952144697923629,0.12156214560486735,-0.8408786031280272,-0.8442050103497136,0.7327858603974043,0.2258062868597624,-0.46229487210461223,0.5649046507351033,-0.6759386874231378,0.6171705294310207,0.8708991534845775,0.06621579482323316,0.9258309696814621,0.9120454750033541,-0.9191418156827801,-0.9435095843273315,-0.9632994344050935,-0.7940308431319227,-0.9419037254658185,0.8751290302012813,0.8832290672792339,0.8870096244566479,-0.9260827520663696,-0.9406203950162281,-0.690978302228531,0.9732363628184408,-0.5702441040609691,0.9166349384802607,-0.894947397600239,-0.9153146398013063,-0.9396677258803409,0.9036396509687188,0.9666560439031929,0.3941566244920769,0.9329403826307759,-0.9282489517216689,0.9320065614457073,-0.8510401378875674,-0.9749975120191623,-0.9798629542772478,-0.9313143164779983,-0.8848195210631628,0.938932407224802,-0.6495718536565259,0.9267318640380473,0.19634694157142926,-0.9602738651576821,0.8670870125609941,0.6629728993316082,0.9231798724625565,0.8022677112509823,0.9106364028625276,-0.9275987748019012,-0.7005580861127313,0.8980272417695054,0.8381625925826253,-0.9566580806267486,0.857580250512059,0.4787486915246439,-0.9798988526653577,0.8714141860042188,-0.9356385722926988,-0.8963542389658803,0.8515354215116147,0.7335154931505405,-0.96562132468766
-0.9718810320482045,0.855758548364226,0.8474457082866672,-0.7709714102506932,0.9577677409525035,-0.8163526831103779,0.8702767368734361,1.0000000004266996,0.9186397188397875,-0.38966641447307476,-0.9753429852683431,0.8583162289585339,-0.855896068974355,-0.6792011449137609,-0.6241661608058726,-0.9113293738961694,-0.42689654315477005,-0.9394826630584547,-0.8382864947459441,0.9189985372826801,-0.7949679910982008,-0.8633564407403551,0.9949944933009012,-0.9442066394527918,0.9929009906040024,0.9529083459899119,0.976487587464557,0.2017317445244097,0.8724432140470946,0.4952441692745922,0.8166437843638005,0.6049396260798664,0.788517710397342,0.712049966986753,0.7768842265760799,0.8993285038162586,-0.8322042658404514,-0.897782753859029,0.8523163664255438,-0.38958643348940625,0.7275502335716815,-0.4200322505745439,-0.885461358155686,-0.8309150083158106,-0.34629830654639976,-0.9146740057028346,-0.8680337600344734,-0.7257126306938665,0.8229633776422359,-0.06552652871501378,-0.3719875912709679,-0.7366478849952256,0.7412750681220792,0.9298188765432522,0.15095726162344528,0.5500243723991746,-0.9136868017696991,0.7614036872733848,0.9899783573489748,-0.99058770092553,-0.9789630576244114,0.13915080922054823,-0.5151432750811449,-0.4999056958134106,0.9166375597980861,0.22367803019097832,-0.35003713920723645,0.37701006595680003,-0.9292977036006607,0.3168527650209844,0.8981549760474477,0.06161259906541734,0.7792766601982278,0.978704864413422,-0.9692270955814865,-0.8705515200770368,-0.8845327142934382,-0.9676325123359412,-0.9367799917819514,0.9857507512417626,0.9694509233583259,0.9024568218916229,-0.8889388999735186,-0.9203741681536457,-0.9561169495053475,0.8298834370708673,-0.49441868193160216,0.9759755175742122,-0.8024853405976882,-0.8910320439056831,-0.9089802055701914,0.9306783650775441,0.8508887328312873,0.22353747992452838,0.8711691154324686,-0.953151433515648,0.6871032675700782,-0.8984441179774865,-0.8789645825262388,-0.8012945695131002,-0.7198422654913708,-0.7975454333247741,0.9823827522002971,-0.2813281406329448,0.8200851655880882,0.4461927680340884,-0.9616810106498266,0.8983577592398412,0.6128455954039983,0.947189457959755,0.586737915218804,0.9603321707394128,-0.9777653342693661,-0.25860018323940087,0.9126441113168464,0.659904464789786,-0.9199703493780818,0.9811415527396283,0.7281597880200102,-0.9156391249477935,0.9148179963572436,-0.8448943346549609,-0.9413887066050127,0.880716213621495,0.916572917934477,-0.8795869409978581
-0.8925677806779769,0.9841316761451153,0.9882238482597173,-0.940538426447547,0.9757387307363291,-0.9757431550704333,0.9814429067766723,0.9186397188397875,1.0000000002536742,-0.6573899346165589,-0.9807701012659662,0.9818559902474965,-0.9652683739615362,-0.7282608620535729,-0.8801424991358183,-0.8167451340195189,-0.7369165188015248,-0.9259424665499121,-0.9317479035419606,0.7707811034671594,-0.5964642573671834,-0.9901218170902583,0.9237994936468215,-0.9730272104769213,0.8681121972473986,0.9800854831867716,0.979909306097464,-0.05973915319158515,0.9199518488553645,0.791199200858898,0.9548148558706696,0.8678805603302905,0.9037741614303215,0.5020497868343948,0.7228445696491735,0.9439281346655852,-0.9244140743439664,-0.9860191189634412,0.9482489502735455,-0.7210292961621818,0.6276884254097786,-0.04098576282513923,-0.9436277263965056,-0.6790444139091119,-0.0205495702358197,-0.9682578349662404,-0.9919242290102405,-0.8220822318889678,0.9674079349393974,-0.4414498391161991,0.011841502471227982,-0.4132664244164076,0.941504327377894,0.9984729514230242,0.47014575536071174,0.81652892936369,-0.9652570190844708,0.8955007865832803,0.9269292087087493,-0.8989820599951198,-0.8769296382461751,0.09931721272331555,-0.8100531862692041,-0.7977764196102431,0.81183269578021,0.2733317066831849,-0.5066557553091836,0.6232687253031576,-0.7254938870915989,0.6082588023029413,0.9136227232954081,0.12875806861165107,0.941946741629901,0.9639767911489,-0.968002448181257,-0.9668617785726057,-0.99199424037761,-0.8372366461768076,-0.9621193849757391,0.8987726139878256,0.926795573872142,0.9431885824336963,-0.9716775591286315,-0.9879006678656858,-0.7641721215255944,0.9463516044341752,-0.5728371672188134,0.96842139546555,-0.944949005090784,-0.9601672234072801,-0.9804751864999409,0.9672394418636913,0.9670204581692328,0.43070412186180845,0.9788911192161707,-0.9714333409503585,0.9160282720138789,-0.8964796530998816,-0.9838634569894263,-0.971829193674242,-0.9339004160555711,-0.9151987801084526,0.9761482182699521,-0.6154891514318214,0.9501449675686773,0.26608458059182744,-0.9884247623721659,0.9376975419760663,0.6591387682638015,0.9681382733553979,0.7989372764319962,0.9390758681736633,-0.9738922800946456,-0.5956465273796688,0.9330993253429973,0.8551310161472568,-0.9931949677436989,0.9218694277294709,0.5014987033904841,-0.9814384392065477,0.9116503609278493,-0.9696757592504591,-0.9306959713887503,0.8740433142727724,0.7994576637140676,-0.9872081319543669
0.27979673101794195,-0.7781261321117534,-0.7341622306287006,0.8706574751484788,-0.6341336383369333,0.7272846646334489,-0.6405214778658076,-0.38966641447307476,-0.6573899346165589,1.0000000002212344,0.5170296430002684,-0.6383083374891537,0.7870819249063559,0.12071168761144337,0.8759065873458604,0.1648790438263026,0.7038687637378251,0.6432554968187432,0.4482318945900424,-0.3946609389917126,0.2959705197472348,0.7388693372316651,-0.44286200959561506,0.6602584731981308,-0.30661637344478787,-0.6443089359122464,-0.56527021068895,0.15828881886569096,-0.7642314779095435,-0.7523745571465296,-0.8252973803646392,-0.7977237122195241,-0.8456932170642928,0.2968682680699879,-0.6015255011811368,-0.4403200849794035,0.7671711995417652,0.7407897803706204,-0.8060674964502311,0.8292466180164068,0.11698899993317001,-0.46254109892136774,0.7656154425929419,0.33507746323904264,-0.18788981789780462,0.6528239014864632,0.7232935427999161,0.3737407898365422,-0.6985708824878292,0.65078272104956,-0.41279218375093746,-0.27683394304518666,-0.7913151952474152,-0.6371505420713282,-0.5012569548929501,-0.7323012841371579,0.6190669342275328,-0.8159037983629917,-0.4307240067958136,0.29666932252502703,0.34754955006045835,0.4856014851391259,0.8865311559265724,0.7791821354058697,-0.5034726485862968,-0.7026935370032106,0.9125486217315893,-0.96966970681474,0.023916688995036593,-0.9897141753589377,-0.7067176910532539,-0.6723106303817783,-0.8687664276754968,-0.568317051035726,0.6040337609489057,0.5639349641017761,0.7390561955225461,0.16773080674545732,0.4430407134580863,-0.29378947354398854,-0.3500828316163508,-0.737607465566669,0.7647207364497475,0.6669071115911158,0.1591729079847121,-0.5187011110574549,0.7818279442202476,-0.5769513568236344,0.7351428979465977,0.7646036891500815,0.5970113081386909,-0.5970010776692936,-0.5690166525024921,-0.30408517753004377,-0.7385674868359244,0.6490734080993013,-0.7708906127314841,0.6833749251688332,0.7479345117728482,0.7526773043437415,0.8299156369848472,0.8591413626946741,-0.5254435801079231,0.6713614331327551,-0.8412371812064484,-0.29574184171643225,0.5445632944469647,-0.5445028606064571,-0.06317982122165641,-0.662893447555355,-0.5362213509713125,-0.5742543339292262,0.5683062443945406,0.6821424280728122,-0.694505909837789,-0.6057486302749565,0.6972757979893603,-0.388353041936751,0.31768677249294097,0.5276513457783716,-0.34525944993583124,0.6688271987444123,0.6237287054035136,-0.650154269111119,-0.1304543284367012,0.7602412814435662
0.954741610999212,-0.9355686676108081,-0.9404177272255028,0.8673473635909184,-0.9782828345633225,0.9222223940403849,-0.949727421391014,-0.9753429852683431,-0.9807701012659662,0.5170296430002684,0.9999999999942496,-0.949831090332181,0.9238283603303014,0.7544129852281141,0.7708980511440503,0.8965374482312506,0.6155385253172087,0.9350036792677561,0.9232020148986082,-0.8385934439406635,0.6768109585015866,0.9477515448837842,-0.9712691506294115,0.968500936967974,-0.9434749260118972,-0.978684563331405,-0.99510982471118,-0.031992961598200226,-0.8954724336556568,-0.6726993099956972,-0.8989849324816864,-0.7641268577923613,-0.8453513902574756,-0.6420737411524781,-0.7311181678054013,-0.956847727294491,0.8813697020150987,0.9564790531509793,-0.9078527090661448,0.5782625063567522,-0.722275163174586,0.2152327314239508,0.917895359192146,0.7421530991501,0.14815085018753954,0.9533292665726345,0.9521194862279585,0.8180805830391993,-0.9230130792409794,0.27845855497409827,0.16092233088228813,0.5811246401042862,-0.8662504511327361,-0.9847298752596312,-0.3394541420967426,-0.7091932178599817,0.9615113684868987,-0.8306462906591403,-0.9761220870814343,0.9670711417977093,0.944950434586223,-0.17113923822973934,0.6809197163009513,0.6771943766419134,-0.8578535519800655,-0.20561409169936426,0.4008526122221051,-0.49460022502854295,0.8453440806876694,-0.4553748360196789,-0.9045913542052315,-0.049663084251878986,-0.8697780935333604,-0.9844513427445726,0.98038387054645,0.9516022583420701,0.9562119890995279,0.9267920096710756,0.9810777649995078,-0.9637504950588078,-0.9764271281068271,-0.9268184003770266,0.9406923261992751,0.9739145290081674,0.8707797861408195,-0.9231333289255578,0.5058448197233343,-0.986096330350726,0.8977487671614545,0.9323165840667037,0.9718837817993728,-0.9705798463086496,-0.9427720711442074,-0.3714009395343317,-0.9439306084091951,0.9725432653177919,-0.8294959325793141,0.8942817652816936,0.9450942148948456,0.9100526891181776,0.8485769657414498,0.8571141626419585,-0.9982450231662345,0.48338759684981253,-0.8922895985812918,-0.31499980410288914,0.9984318771642975,-0.9445791482946732,-0.6885431298723279,-0.9668298163458472,-0.7361391707139855,-0.9563987947725432,0.9912637402181438,0.4523190578251181,-0.9246206303965808,-0.796136233304046,0.9733356551953616,-0.9740425870885874,-0.6464585109308925,0.9782067074530485,-0.9484286926747506,0.9354345247117078,0.9392712259962377,-0.8727984404098216,-0.888742457236072,0.9478632202925826
-0.8458808728168603,0.9609690913189652,0.9873940331316997,-0.9237793796794876,0.9180550407458066,-0.9922264343233105,0.9713135692476135,0.8583162289585339,0.9818559902474965,-0.6383083374891537,-0.949831090332181,1.0000000000878462,-0.9408068892306333,-0.8128540767838855,-0.9030941787905203,-0.8186123745415581,-0.8255632799167126,-0.8416235297991927,-0.9665980371764362,0.6477736274815283,-0.4404173773273681,-0.9843252498169577,0.8514254925472063,-0.9118631329883018,0.7931917546522996,0.9254657690497388,0.9350569862143587,-0.2400070396076331,0.840110668403947,0.8573673118273947,0.9374707789342565,0.9209048418220026,0.8356353557560938,0.5117369238943216,0.5812835111352429,0.9670745297127308,-0.8554697774179177,-0.955101808217407,0.9058115164621392,-0.7849789676854334,0.6773243861072122,0.09579110151942634,-0.8770727742165247,-0.5327655232327507,0.1575495737707841,-0.9122466791231347,-0.988227015943213,-0.9005836372956688,0.9907007331145616,-0.5413914197730024,0.14062406510787023,-0.32154241422227325,0.969031519023925,0.9734691985448931,0.5558961733771157,0.8571382610829702,-0.9562270994709844,0.8343585622712264,0.8799181653882332,-0.855967923488263,-0.8270315933528615,0.2320752868109772,-0.8457460920207679,-0.8625385375334905,0.695934002641235,0.1361800448177011,-0.4178771640697193,0.6155030759032641,-0.6611063614582379,0.5922248772251096,0.8241426774490862,0.007495392546067786,0.912703791410559,0.9077109631447832,-0.9098909138208073,-0.9924644912021985,-0.9731491777099616,-0.7975595246419686,-0.9653936351962101,0.8499116442604406,0.9120119272092125,0.8764815767991053,-0.9296374414753167,-0.9694208649996903,-0.6819334317055875,0.9735902802100818,-0.44568060794684633,0.9158887757801317,-0.9640934001597872,-0.9044652797670456,-0.9848840671064024,0.9527285497431791,0.9948962199649212,0.5815087085768273,0.9686845568378407,-0.9119005075780573,0.9563318150701406,-0.7992932554175735,-0.9473070220448578,-0.9793844601586817,-0.953877259590339,-0.8549792449833249,0.9351399886536614,-0.7328343295748125,0.9073186777306087,0.08163817370735962,-0.9658105504673916,0.943971872004895,0.7592366086423944,0.9067540297394845,0.8980149732005065,0.8584314840333686,-0.9250785482597962,-0.6685696227910746,0.8502453113961174,0.9343054288873929,-0.9636915796889045,0.8907356998986987,0.49117356443111787,-0.9823912427075188,0.9289735669553427,-0.990317122121624,-0.8444835268770107,0.7681989339212841,0.7924180962987155,-0.9565032647153127
0.7730319447709046,-0.9810427725927662,-0.9674620728198189,0.9839419456206582,-0.9545417764526275,0.9572889050432783,-0.9144808371111244,-0.855896068974355,-0.9652683739615362,0.7870819249063559,0.9238283603303014,-0.9408068892306333,1.000000000303464,0.588038206099186,0.9010199637537512,0.7343450129659418,0.7136696190599217,0.9324779390414768,0.8280050719512557,-0.7635068985493773,0.5987449342909856,0.9829486529407774,-0.8684799835659234,0.9537524315930008,-0.7955461961893234,-0.9577366085674156,-0.9421068425383358,0.09636062911186245,-0.9505665227515054,-0.76691065878344,-0.9970885640537714,-0.8702566630359373,-0.9341559621237484,-0.35205578940787036,-0.7449483536009452,-0.8749338187197128,0.9136847139372019,0.9935523389368833,-0.994581335230461,0.7360397855578354,-0.4840943303837271,-0.05366008197753805,0.972203068436036,0.6316224434296016,0.015299169232820542,0.9205977580961421,0.9788392944537184,0.7696814211949535,-0.9601660491844308,0.4301525023679503,-0.02677263224162576,0.30680898298543724,-0.9510052043506213,-0.9545121180521446,-0.3821244729017681,-0.7648515357310905,0.9682806731333383,-0.8920800142758796,-0.8896304682259325,0.8119148910466711,0.8419100375131281,0.0634153949700477,0.8370257986170803,0.7870748687180968,-0.8268657208799972,-0.4319013016353768,0.6677490837759295,-0.7892113268450032,0.6107131439620626,-0.7238826111986646,-0.928855419447384,-0.3252844565618107,-0.9728835608881499,-0.94124940371603,0.9509839829431357,0.9211387945808023,0.9892292046001043,0.730875678219953,0.8820470264495658,-0.7943283846898112,-0.8497303660820285,-0.9726681505462494,0.9938213613556399,0.9833295070637703,0.6960018086024828,-0.8496975023818409,0.6469076577057536,-0.9470090958775573,0.97185573021152,0.9835824718231394,0.9546326079315687,-0.9633225835825425,-0.9026932661039524,-0.4531721984208155,-0.9943120103232616,0.9604506490379573,-0.902266786967536,0.9114259091394692,0.9671867043044571,0.9463384666478392,0.9468752976623622,0.9605857547036711,-0.9273596132390726,0.6301557204964632,-0.9777882586106874,-0.3368505084889767,0.9348516264606168,-0.9336226577468205,-0.5302978912714885,-0.9629699206781889,-0.7633535715232831,-0.9019090280092725,0.9443854704685972,0.5539330694299108,-0.9344410511890098,-0.8420440944715382,0.9855628420110331,-0.873226653873529,-0.3261041313420041,0.902886192681127,-0.8352263820769521,0.9598857810147682,0.9132417307722365,-0.8649327757066336,-0.7129713827219653,0.9843427256333069
0.7565362159568297,-0.6254905734028094,-0.7150552482447828,0.5330280827637075,-0.6090389128389517,0.7487784188638208,-0.7440426682099845,-0.6792011449137609,-0.7282608620535729,0.12071168761144337,0.7544129852281141,-0.8128540767838855,0.588038206099186,1.000000000220065,0.56928547603217,0.8504218704416924,0.6798149137317196,0.4737775127278265,0.9157195519270662,-0.3374388015749045,0.10806512786704645,0.6989656106265697,-0.6236622445420306,0.5825091258274157,-0.6319380738351386,-0.6165422788024995,-0.6874977734605979,0.4371438839645632,-0.408002146951476,-0.6569725379959267,-0.5723230078385403,-0.6790642860659242,-0.37592702764447067,-0.7812664926736639,-0.11777359442253896,-0.8961526266141887,0.4482817669516818,0.6255881927036891,-0.5099630330465561,0.5225039702117957,-0.926432031719401,-0.035301885492884266,0.4684360082928642,0.21539529701723334,-0.33211307832937464,0.6004921723508624,0.7160731242768773,0.9340994158950369,-0.7700537482952945,0.4032136160466146,-0.11801625063539058,0.40069195918167616,-0.6981255629421638,-0.7218268830024943,-0.496207066342302,-0.6364139165951446,0.7253269715879154,-0.407961154257005,-0.6950954212067861,0.7571152712725029,0.6760113862058166,-0.7502194689592795,0.5162901815211075,0.6433429234426977,-0.33820940472140726,0.45954714400362134,-0.1871779267287387,-0.12013696849649645,0.66075088465978,-0.08194686998832876,-0.41049997676560296,0.5727313477029372,-0.5062013100888951,-0.6353905215639781,0.6146328571362579,0.8564060069410868,0.6664759961440324,0.7702017565415329,0.8663858531169284,-0.7471208978858779,-0.8299106116898841,-0.482502360161779,0.5648222653835911,0.7022152652882616,0.5751869289584719,-0.8729304896727993,-0.12224192509185243,-0.6450300098433936,0.707090795539778,0.5165630045435168,0.7950665268121212,-0.7268764003231095,-0.8636593742212402,-0.702155455056145,-0.6703471662931978,0.5891876746615383,-0.718384827286853,0.3841186551764738,0.6099834390035299,0.7092040116280638,0.648560503381565,0.3986365768299916,-0.7170412571700902,0.6267139493418743,-0.4960731201286178,0.35046787815010283,0.76880433393744,-0.7755622282368696,-0.9909172793749239,-0.5720115937609747,-0.869562943210879,-0.5446276168106655,0.6671403377508462,0.49644855270752636,-0.4589803276184314,-0.8390879246864678,0.6640525346081316,-0.7555709125685377,-0.745883578931005,0.8360375404580337,-0.8979229296849778,0.782410588024476,0.4899354580250211,-0.3597710517773231,-0.8275964029700795,0.6191760787715439
0.5931881589950158,-0.9344329352540985,-0.9412006378823138,0.9566789577440975,-0.7996682349330321,0.9479524619430423,-0.8962111143031851,-0.6241661608058726,-0.8801424991358183,0.8759065873458604,0.7708980511440503,-0.9030941787905203,0.9010199637537512,0.56928547603217,1.0000000007806868,0.49817986749597004,0.9234862670504893,0.7363641363507669,0.8102771141343927,-0.45957926230542473,0.27656554107511994,0.9287066570257806,-0.6475193924072772,0.8132721476375121,-0.5347846372919528,-0.8132944972671265,-0.7763685227351195,0.3051005423179675,-0.8110305257295465,-0.9573169730492739,-0.9276184280385424,-0.9836032908527461,-0.8800231747481603,-0.09507185943238962,-0.555254332591464,-0.7668577072952284,0.8614814950313786,0.8893411983698469,-0.8802072573772389,0.9546517751397603,-0.31610858228349403,-0.4048300627265694,0.8367588912231148,0.3892457031813531,-0.3222966642124696,0.835311876064746,0.9247120771727174,0.7164429979335832,-0.9207864537128274,0.7761697209624165,-0.4449902956171989,-0.06769496676651572,-0.9724895250380801,-0.8645620700537677,-0.7220782987630553,-0.9470445736839538,0.8159841856429996,-0.8902458924171731,-0.6513647623291184,0.5849712150800378,0.564415067338339,0.05476234630005355,0.9908151190582984,0.9672409342474899,-0.546589708392713,-0.3565780031964063,0.6524531403649318,-0.8217099570073064,0.31327054620066286,-0.8650976812557347,-0.767428801951962,-0.26513307561386523,-0.9528998688253143,-0.7478808155401039,0.7698466740638188,0.8527054286275225,0.9118402905496357,0.4836171768266694,0.7636933984873463,-0.5910951483432577,-0.6578085352345197,-0.8142802424320034,0.8780928142561976,0.8571448569669801,0.37235605508612524,-0.8553387096053953,0.6093061794414805,-0.7590011977887512,0.9071877488039991,0.8580569006507409,0.8434986802146841,-0.7998466934825985,-0.8747797023768172,-0.5334183679175329,-0.9005500910150532,0.798892752451974,-0.98082782302861,0.7352750069057199,0.9083934236166729,0.9622784965207948,0.9881507158217956,0.8903217990783385,-0.75795527889099,0.8527000153942087,-0.9231207999863096,-0.06653127505145189,0.8008206555490114,-0.7712743220484337,-0.5069003687287724,-0.8013446187342059,-0.8398666118514263,-0.7293160875834073,0.7652276023302753,0.8536176295176123,-0.7840937393704139,-0.8733514500006758,0.8730619518648607,-0.6437230363504706,-0.07896518638951058,0.8316579312771526,-0.6824025212320733,0.8982146508140892,0.7414166644582649,-0.7126678320403954,-0.45942951203340116,0.9136377248223946
0.8991256828148748,-0.7082957708769452,-0.7460287175472571,0.6197085957117802,-0.8044918380866836,0.747692531704796,-0.7525138989806422,-0.9113293738961694,-0.8167451340195189,0.1648790438263026,0.8965374482312506,-0.8186123745415581,0.7343450129659418,0.8504218704416924,0.49817986749597004,1.0000000005542096,0.41815078993492516,0.7470031090507665,0.8489472255672433,-0.7270602144675024,0.5518152327064824,0.7652262405657398,-0.8659472649032394,0.771988053553249,-0.896500456551876,-0.7998315806620617,-0.8668022086216538,0.08987895892346064,-0.6464189217272396,-0.4369462957284107,-0.6918263849307627,-0.5508975946910145,-0.5345250431033699,-0.8913048916191278,-0.45711767552627813,-0.9330886486249748,0.5827630339724165,0.7679832600320509,-0.6953931619091095,0.3047526082840496,-0.9281084683878517,0.33941702943222085,0.6876091619120506,0.5591655309790551,0.13192880048592032,0.7248104561366573,0.7763929284004553,0.8715426464194677,-0.7905524658457701,0.024026852410013073,0.3444387585506997,0.7424149910278371,-0.6760697432498423,-0.816562123326467,-0.09396588445987333,-0.4369442185606954,0.876222052071551,-0.49824302836780543,-0.9318497750239136,0.9508095441658105,0.9465353029114846,-0.49650729095455054,0.39021033039299013,0.4409172688897488,-0.7153185031374689,0.1435804052561761,0.033068014390957634,-0.21494598298182296,0.9134814020218227,-0.07293872506764701,-0.6678289898978865,0.26791915273848455,-0.5945208818380854,-0.8576713897380827,0.8330680883079755,0.8740851580714799,0.7683222021194223,0.96301223273556,0.9282375365480221,-0.9191947905613719,-0.9703299396708955,-0.720030593231473,0.7372179352572102,0.840049205724318,0.8969115435255495,-0.8014758876921404,0.11034993897666487,-0.8597170309537353,0.7713288236938315,0.7128509927391853,0.8821423378108182,-0.8887287370972906,-0.8366423234838442,-0.4879656895744462,-0.78510177044505,0.7978063761156555,-0.6234016013992815,0.6611816347887325,0.709772414429126,0.6948309334010461,0.6219002262923976,0.5694774693173406,-0.8882001503985948,0.3413908727771749,-0.6251188189900367,-0.11903319084821679,0.888853743257204,-0.9116633087725252,-0.8320278766462144,-0.7861567067908478,-0.6925574904620423,-0.7702345759483521,0.8660882183171097,0.16994445229656266,-0.6924020327554674,-0.7343826508529782,0.8024831537896733,-0.96040299463179,-0.8567261740710844,0.8656293909663891,-0.9710051374772728,0.8217072003186822,0.7327508797741189,-0.6139460495615447,-0.9981211823425205,0.7294842160576495
