0.9999999963590857,-0.9841456614287275,-0.8006768517309515,-0.5675552724682386,-0.730853899437586,-0.9861369854113281,-0.9862972891291755,-0.526937065608317,0.2462421180901475,0.011317112125669779,-0.8769731988210409,-0.08607214908032806,-0.9064244926509657,0.22578419109437858,0.566492334162334,-0.6230402593224448,0.874328698419796,-0.8257737210926982,0.6345561680261189,-0.9718844201184074,-0.6637228664948636,-0.4481258237842914,0.6670071896908509,-0.8315027998612592,0.7842098543246241,-0.9332966101089606,0.6705550612706209,0.3841815558631978,0.6614554626658233,0.6567376314143669,0.8719126546686438,-0.37758075002888564,-0.4377036542809544,0.42935700119992376,-0.8478904009212823,-0.5281603814427448,-0.934905755259848,-0.8996327138137195,-0.8072604476897985,-0.4105639421975363,0.858361535568187,0.16260948807693704,0.721819801501116,-0.38557911192447997,0.39652340820154447,0.5287930944155315,-0.963458525978025,0.7381758441433477,0.9919282946924096,0.22805573665088266,0.3988588033290546,-0.8077617558474015,-0.7503228407461373,-0.5722143637686434,-0.7622097104163981,0.6961688794641754,-0.635253208455166,-0.7182828630075593,-0.746902171966554,-0.31898411656073544,0.2638358026668968,0.38295620278435816,0.5917608962547878,0.5264153524228141,0.5614766973995023,0.4493229946336688,-0.38382507619529405,-0.30529774637715523,-0.6929539320381475,0.5306413429151711,-0.2992047840398985,0.2362358269161575,0.5270956441674495,-0.6039147503702732,-0.06529438721546543,-0.258649716165545,-0.556792043028815,0.8054295502852226,0.9698075531259404,0.6348802790424695,-0.39808366827290836,0.3842528216941095,-0.5094617030474988,0.716779539831452,-0.26034873207312836,-0.03824509278035063,0.38661484725116235,0.4924585777657944,0.43419410732466224,0.37777531304605544,-0.6738174101670321,-0.8072872649870176,-0.6266202730932289,-0.6567265525847801,-0.35493793416804886,-0.7645698686004238,0.7639093853205366,0.9702274817298052,-0.17052826974832894,0.1737223309591555,-0.6799649597622646,0.6350880696547173,0.6897028575099166,0.6682775515227553,-0.5195875304077574,0.26684533899306206,0.8792263923946386,-0.10044802266055057,0.989543528122007,0.2679822363362146,-0.32810312120115104,0.6217140643984765,0.5352261211220198,0.4600122373548246,0.12849126354984666,0.4646672686287785,0.8652492595182816,-0.31183745095791143,-0.2977729281062763,-0.19210561203556636,0.9984102373144179,-0.402103052458051,0.9565933206628459,-0.5968110574595893,-0.042303924047072956,0.8734195574851961
-0.9841456614287275,0.9999999990619567,0.6950675333366212,0.4222224196986753,0.61053153348661,0.9443398182606126,0.9981325358078984,0.37959027655377375,-0.0912384663315948,0.14545164102594182,0.7842861567144689,0.2366256248002014,0.822328899520108,-0.06342262122735057,-0.4261828484011048,0.49530261604422154,-0.7778667782538247,0.7233424234574776,-0.4993488037483736,0.9154095333371363,0.5367666108105398,0.29703956523214764,-0.5378989883323502,0.7282390169469606,-0.670633941678412,0.8595133518643262,-0.5392086209071426,-0.23727545480670859,-0.5306629682129668,-0.5166006332314574,-0.7815078203485549,0.22198909339454376,0.28856268672584795,-0.278419936260246,0.7460671193953691,0.38753051249715204,0.9829656053467726,0.8234209694130654,0.6978614800273103,0.2555248227490071,-0.7647325955761989,0.009190447808031679,-0.5985245183272832,0.5363604985293485,-0.24335581812928894,-0.3781172469214738,0.901313163974031,-0.6197448337063293,-0.9621488226759065,-0.07080621880550904,-0.24318669193274858,0.6974522937682313,0.6343383690047589,0.4343443126256749,0.6461512370611294,-0.5670519627093127,0.49738922248929396,0.5976521800451539,0.6294525371821161,0.1641939607736488,-0.10063065503626928,-0.23509476725983952,-0.456177899028918,-0.3829196651413453,-0.4162381191312478,-0.3111175558636278,0.22954174386523174,0.1496408299070272,0.5642440972803758,-0.38708485538465415,0.1545733207805581,-0.37088523512626626,-0.37730954073719136,0.4635173764962792,-0.09346186659839638,0.09742979993220308,0.4050982621257442,-0.6971872225809833,-0.9238911836014446,-0.49769790389048213,0.24083942925085636,-0.23590719752049286,0.35778319816308735,-0.599384560903144,0.10068479858013038,-0.12791748927079505,-0.23486008040079043,-0.34755581789455636,-0.2838923946105667,-0.22590911739177091,0.5456961358034692,0.7034839581347411,0.500829700646655,0.5240881679479383,0.19911113554929102,0.6555752868415448,-0.668432112457054,-0.995880072612325,0.014287222262429067,-0.3302544087921692,0.5503253219543022,-0.49978968276526897,-0.5629062869399933,-0.5376923602323391,0.3760393033987109,-0.1117023960202781,-0.7809296819428182,-0.06363582740537205,-0.9882872657588895,-0.1800587443347815,0.17206667217567825,-0.48529723293557075,-0.3919703671345277,-0.31498550496556016,-0.26601033221877113,-0.3006261939059012,-0.7923635737954474,0.15177523955656422,0.13681966245671148,0.042067935416252665,-0.9859824867710828,0.25809439308618126,-0.8931517522549031,0.45653940302980156,0.20378381029573825,-0.7790859097722588
-0.8006768517309515,0.6950675333366212,0.9999999882685586,0.9428334678950112,0.993535972512159,0.8889205565210935,0.6920757105113089,0.9280411611717377,-0.7777682875637599,-0.6080077879441471,0.988148712997878,-0.527675521898779,0.9765782773036098,-0.7614094332774981,-0.9466005964446539,0.9668794195524849,-0.9837136933476733,0.9987933807112621,-0.9693738570762584,0.9118259137929915,0.9795192408435085,0.8928844209894755,-0.979878946830225,0.9972345388210451,-0.9977215854325437,0.960859537960934,-0.9792253007835751,-0.8604756298459292,-0.9779414197657696,-0.9623445881426836,-0.9914349076210098,0.855232694641945,0.8887398114001128,-0.8840051535685349,0.9925401488649745,0.9315784476050176,0.5672414292900496,0.9794426077681813,0.9977482453785556,0.8722758305244445,-0.9946108927774624,-0.7030892810941557,-0.9911726055070776,-0.23091572211997458,-0.8664595741674664,-0.9241685689164872,0.8973183172874001,-0.9949048645591562,-0.8644842865743455,-0.7655885733049681,-0.866012830237004,0.9966034374336107,0.9966426367983945,0.9493375630390157,0.9971816551357976,-0.9842221042285517,0.966893766813698,0.9918165162073138,0.9959769447930351,0.8228473024315921,-0.7843113176606131,-0.859937415932764,-0.9566680631120793,-0.9302849052609927,-0.9412875398417151,-0.8927896754159479,0.8592827522339401,0.8144794178532203,0.9843657823863994,-0.9319405423943934,0.8088156029003988,0.3878988763736091,-0.9251411284726714,0.9577250632398526,0.6497029766671436,0.7831058832507897,0.926702223360329,-0.9989739440778211,-0.9168921198087259,-0.9676540826083225,0.8640908199888061,-0.8607120692438516,0.9167472315484129,-0.9914047622380148,0.7852623291940389,0.6232843014204141,-0.8617360809782794,-0.9154867814875478,-0.8866407560403099,-0.8569279628775437,0.9816937675182636,0.9999041942287096,0.9674437407817592,0.9758491647634094,0.8429350207267341,0.9977634828910383,-0.9863729850515521,-0.6348263440424416,0.7268234677678209,0.44881105199708077,0.9819787342754064,-0.9694169817458198,-0.9852326068874253,-0.9793923395093944,0.9274907014967778,-0.7909192818295282,-0.9457067690920938,0.6731417950707103,-0.7150965688144085,-0.7057698529574098,0.8277321480911444,-0.965462777038894,-0.9338442057097937,-0.9002538456483362,0.4847318158804322,-0.8523032036186333,-0.9762930673797313,0.8157576837770375,0.8068171586616125,0.7407207051950222,-0.804751060688005,0.8696955133716173,-0.9387615955647388,0.956062322054535,-0.5621795842948685,-0.9883933976853213
-0.5675552724682386,0.4222224196986753,0.9428334678950112,0.9999999909252973,0.9745423256856518,0.6954757211788887,0.42398843775232126,0.9984767936663058,-0.9309158190044252,-0.8235295501376036,0.8932494523012743,-0.7596182453567284,0.8621861578136607,-0.9296012761398724,-0.997372862047635,0.9860919440090838,-0.8945018907134872,0.9307001728687432,-0.9955497549342731,0.7421369096934427,0.9870498918229529,0.9887717461265688,-0.9894192843306274,0.9287082716522037,-0.9555736517385175,0.8252979781194001,-0.9908062306731295,-0.9673080874199164,-0.9911829223623944,-0.9891119373288559,-0.8948769264662134,0.9753613112124545,0.9847370860130104,-0.9845556244435146,0.9176598071092862,0.9927562447105666,0.2625552068205937,0.8563538100615709,0.9438830228354106,0.9831407073099739,-0.9060155153816889,-0.8998589415911646,-0.9785232885051633,-0.5385047934895237,-0.9784711308934296,-0.9985065186376793,0.7372431599812194,-0.971453799931334,-0.6530694421418385,-0.9263999677409493,-0.9807464706730009,0.9438059758547073,0.9667137741878709,0.9953651968875377,0.9641979148215802,-0.986080845157379,0.9964017415885543,0.976553697512602,0.9689078630836682,0.9570179236681392,-0.9438439405098322,-0.9683658748730273,-0.994544517387634,-0.9957410057477317,-0.9999092717926436,-0.9711294273528596,0.9760596074555901,0.9533276112653408,0.9865372702177366,-0.9963780358834544,0.9344556885848665,0.636475372178176,-0.9987545479296094,0.9988233635670802,0.8541336681337166,0.941345527863944,0.9949915299684778,-0.9440663466405069,-0.7337070300930103,-0.9963606785645155,0.9811053394821755,-0.9694543593578461,0.9974599495596624,-0.9722079235662013,0.9409999730926343,0.8444303255984632,-0.9744248830657004,-0.9916412079634621,-0.9850934190710736,-0.9720465963726149,0.9881291332930575,0.9385791143696469,0.9831078999457876,0.992786857581882,0.9692216202648507,0.954712588316217,-0.9252526291110742,-0.3516988044439914,0.9010227448487631,0.710915027389091,0.988813899346523,-0.9955740081711977,-0.9857224838050723,-0.9905633200515689,0.9947924590416724,-0.9389649053065205,-0.8570925303897988,0.8756889826503725,-0.46399070957452415,-0.7623675026574168,0.9612153205337864,-0.9966157092796146,-0.996687726430528,-0.9849823847900426,0.7098986335497054,-0.960526611334943,-0.8578552468961569,0.9587772421924999,0.9546391927051842,0.9010862636569317,-0.5675343832764468,0.9680201567635585,-0.7828495946740376,0.9988577171355971,-0.7975973860046215,-0.8966450442804419
-0.730853899437586,0.61053153348661,0.993535972512159,0.9745423256856518,1.0000000062029688,0.8339377880869171,0.6088618299556897,0.9642413894216464,-0.8409045161434099,-0.6903764285655063,0.9682608629524408,-0.6148633854975554,0.9498072908885475,-0.829107204243989,-0.9764910391074272,0.9865240649918648,-0.9654921464779311,0.9884493441884998,-0.9909687790199145,0.8650216199258849,0.9950991205999402,0.9375224961912677,-0.9960125055036292,0.9865947789999867,-0.9961306330946457,0.926633264680093,-0.9958883710666915,-0.9088928859863493,-0.9952661127470762,-0.9834583780915924,-0.9712388843031541,0.9076965748808693,0.933515165249932,-0.9302124125582338,0.979488457639967,0.9650289292843748,0.47047936537902346,0.9502426943842728,0.9921017254024064,0.9216963181914446,-0.977215545958565,-0.7792055012016151,-0.9997034931976571,-0.33920869074225907,-0.9163629557556515,-0.9614116612236562,0.8532186831686558,-0.9999027966620788,-0.8032221510079193,-0.8311045896666711,-0.9166845905558045,0.9912400826932926,0.9994589858247902,0.9777373977160356,0.9988319202152365,-0.9975216931883925,0.9894209273316306,0.9996430207648355,0.9997185014226537,0.8799229502892656,-0.8492064146280154,-0.9088523067043877,-0.9823758294528228,-0.9650403918309052,-0.9735286824665955,-0.9320504652751586,0.9107061919623763,0.8730359077097725,0.997832424665062,-0.9663427274586993,0.8633161097518154,0.47942718442666427,-0.9622262553860705,0.9841892482588823,0.7287153302342267,0.8476821988932197,0.9615836369979582,-0.9930821818207022,-0.8661578295486754,-0.9899657354202474,0.915420794744299,-0.9097168066977599,0.9561337834221706,-0.9980521166674378,0.849100003484543,0.7072263499560894,-0.9119229269990167,-0.9538058769324472,-0.9321798878268396,-0.9079075695856784,0.9967880973457239,0.992042969594993,0.9859472590785804,0.9943418866043684,0.8974101229443185,0.9963112235559597,-0.9791092408518988,-0.5457734254053052,0.7965521916789884,0.544843233867469,0.9970737084394905,-0.9909962213475235,-0.9982789891300946,-0.9959829255580722,0.962874642026753,-0.8524329381692978,-0.9265078916100936,0.751492910763824,-0.6376314480520471,-0.7370133101787498,0.8845424158667279,-0.9887362281185528,-0.9677170375878187,-0.9414451325700144,0.5695514187162051,-0.899226471461977,-0.9491457544344508,0.8754841254853669,0.8680546683994177,0.8061650044553691,-0.7338260391587922,0.9153989748591018,-0.8972275038391406,0.9831469187142432,-0.6504664452590959,-0.9695476134375812
-0.9861369854113281,0.9443398182606126,0.8889205565210935,0.6954757211788887,0.8339377880869171,0.9999999963506222,0.94547251855116,0.6602105780621758,-0.4035834288813802,-0.17703509511108967,0.9442631897071908,-0.08009719526156087,0.9635793294574173,-0.3838808190494972,-0.6953291029426683,0.74374987922108,-0.9412816585036354,0.9078956759265765,-0.7537921215158003,0.995803720331974,0.7785778417616176,0.5900901629407033,-0.7813511406372922,0.9119856578372588,-0.8760325162022952,0.9797060573610851,-0.7840701812232281,-0.5317455375872157,-0.7766387620780334,-0.7694721841736755,-0.9410548060519339,0.5257806904848623,0.5808009744972665,-0.5731955232702677,0.9233916988428148,0.6616757665879045,0.8707954304764026,0.9585771672728023,0.8936766403611471,0.5557963247706523,-0.931562075610952,-0.32019523445040915,-0.8264893122448113,0.22982565612162772,-0.5432668247173604,-0.6608419656582843,0.9858204278570475,-0.8398629392871626,-0.9973802952477584,-0.3864248323844549,-0.5451147807495916,0.8938220987119596,0.8495960943947235,0.7003368545254803,0.8589671883419574,-0.8051192982711948,0.7538470036857813,0.8237505611450903,0.8468562978099948,0.4717977354910213,-0.4194447160708566,-0.5307119980653213,-0.7172827363134983,-0.6601574206956988,-0.690348425807424,-0.5902129181699952,0.5316051425923782,0.4590430829484686,0.8026368541997629,-0.663873489141143,0.45216631224108217,-0.0739085291872241,-0.6597244224490336,0.7272839701362792,0.22993549030225835,0.41498456921086097,0.6832963432868432,-0.8925054046923531,-0.9948733512875791,-0.7537146935505642,0.5441067837622604,-0.5319499422766956,0.6439613991037293,-0.8222798999250017,0.4167717592417673,0.20249354223132993,-0.5342574933913912,-0.6300243012367165,-0.5775993343844652,-0.5261482010769178,0.7870509075193971,0.8939207296439445,0.7465574977173588,0.7725342487074636,0.505010310662245,0.8605222033761417,-0.8562154152831208,-0.9172148471940468,0.33159353730628416,-0.008158429683435197,0.7919888142990139,-0.7542218847951816,-0.800223759210513,-0.7822999250544083,0.6541319245848105,-0.42301648783134155,-0.9352716339789402,0.263662481265353,-0.954796497549862,-0.39758871303571275,0.4802264903439783,-0.7428773474455875,-0.66791067294752,-0.6008719332801739,0.03517145616375388,-0.5931199976988154,-0.9308666562752284,0.4647199342797305,0.45152379645782964,0.35159253205539326,-0.9857632712290525,0.5478863962228476,-0.9913906575468442,0.7213287738637066,-0.12373880880296749,-0.9416687387000534
-0.9862972891291755,0.9981325358078984,0.6920757105113089,0.42398843775232126,0.6088618299556897,0.94547251855116,0.9999999973394055,0.3796756141410459,-0.08469007288955412,0.15222533254199047,0.7857590445721042,0.2464372707220161,0.8243569192292,-0.062233476378714986,-0.42351992340085365,0.48816572659827434,-0.7824730993991595,0.722046160678139,-0.4986798714104098,0.9202973812751442,0.5326078648626961,0.29500660763552106,-0.5356687809185949,0.7286777519295857,-0.6712638165772077,0.8613152699707697,-0.539204644917935,-0.22920469957684353,-0.5291782176951997,-0.5240453429607772,-0.7799859964581034,0.22008327020498225,0.28443365981223384,-0.2752496712328358,0.7488251539373559,0.3823769317351971,0.9761439081860308,0.8183384818585312,0.6989443710510383,0.254762957470797,-0.7628618928911236,0.0016552428511282726,-0.5980771965014209,0.5321878568221481,-0.2403429485276413,-0.3815760120775096,0.9117845283002324,-0.6175555288847056,-0.9604502745776902,-0.06553724037801428,-0.2423683415230941,0.6994736577504665,0.6318784376307043,0.4302732787855286,0.6453905730851542,-0.5682786634189542,0.49917769197740025,0.594682111174283,0.6276496800878154,0.1594124020664813,-0.10117090421194144,-0.2276209372137129,-0.4519465570121387,-0.37977878522418396,-0.4173435063057429,-0.3002127994816321,0.226844476282732,0.1450866882795493,0.5646822003859838,-0.3842861717013983,0.1424664834093419,-0.3867210724447713,-0.3797017444353907,0.4642601997115355,-0.09902486968390337,0.09604352658514088,0.41290638471586183,-0.696946602339013,-0.920050806779002,-0.4988030591914584,0.24138893481926935,-0.22881403082359658,0.3605476539668654,-0.5939953650596146,0.09803268792857475,-0.1270933911153582,-0.23031473420522391,-0.34329032407844245,-0.2804731068724434,-0.22107841839061132,0.5434206932580693,0.7002108067208211,0.49273951159415325,0.5236144954562676,0.19643527256595558,0.6500766507945049,-0.6555467501896658,-0.9968335441444547,0.007400904858914579,-0.33337139296921914,0.5499693133132854,-0.4992547396952646,-0.5613489816064763,-0.5367841323113565,0.3724747003595992,-0.1057202958728012,-0.7949754593254437,-0.06484539554077605,-0.9953465778236583,-0.1435649870860528,0.1685524077988998,-0.4843505187519738,-0.3892641689284414,-0.3089998633265085,-0.28286036069906095,-0.3180794824971291,-0.7804858864063843,0.15103618302921448,0.13638105317592655,0.03128103367631405,-0.9846962841181173,0.24882495556475098,-0.8954262774949445,0.4564712925040002,0.20619278376218858,-0.781145807739596
-0.526937065608317,0.37959027655377375,0.9280411611717377,0.9984767936663058,0.9642413894216464,0.6602105780621758,0.3796756141410459,0.9999999980928905,-0.9493927446071886,-0.8522612428904501,0.8705142966057746,-0.7932512475485504,0.8365069004666301,-0.946903596157014,-0.997755141556979,0.9847709965076532,-0.8706052679739622,0.9133312139717558,-0.991068903016058,0.7075727041353376,0.9821154581480067,0.9954613637997446,-0.9835368451487222,0.9101931968617084,-0.9405784521619112,0.7969750315198006,-0.9838000570176403,-0.9796226858092197,-0.9853563060789062,-0.9796310153356037,-0.8737821042425993,0.9856512529313067,0.9928070996883381,-0.9926888697152207,0.896837762398459,0.9962874370969743,0.21978818842345088,0.8339553433575987,0.926981195987819,0.9912754671737453,-0.8862143946247858,-0.9160925096739752,-0.9683448847872314,-0.5763350784244496,-0.9882422997874815,-0.9984616499833243,0.7005954673629937,-0.9608539771583716,-0.6173306740154548,-0.9452319786427441,-0.9895067237658182,0.9264668397165705,0.9553753391156249,0.9959603986494525,0.9513553681439688,-0.9769070928388291,0.9908452221452592,0.9676078896080731,0.9575539332565876,0.9713560657341698,-0.9586520065967751,-0.9805273219819648,-0.9940504862598594,-0.9985987068717113,-0.9990341261043996,-0.9810190691955366,0.9863525909578614,0.9682416768702654,0.9779055574387227,-0.998863552384023,0.9523820822508562,0.677454768292176,-0.9992773236031072,0.995611985738975,0.8801985228481183,0.957206669448941,0.9913313907619467,-0.9278488200092341,-0.702766465491006,-0.9911197395740623,0.9893305573114597,-0.981411074437295,0.9988015665224679,-0.9642554658382892,0.95729909582386,0.8689884763627613,-0.9853027951848237,-0.9968205037311918,-0.9930712704972811,-0.983483666492449,0.9818303391718871,0.9233888893456602,0.981895863566591,0.9868485633747758,0.980958801125047,0.943477297404666,-0.9163031394623112,-0.30638779740396205,0.9230709129154261,0.7451654974981543,0.9813510582574793,-0.9910050403395345,-0.9781157211794818,-0.984072428137808,0.998198555427488,-0.9562621655281619,-0.8276288680123076,0.898527819154589,-0.4185283948726677,-0.78711849372533,0.974612140902941,-0.993032981952038,-0.9988777123589954,-0.9925707462889641,0.7474346672644753,-0.9569247735141019,-0.8404347740681919,0.9718378768317966,0.9682516189442266,0.9235732769527017,-0.5284938075130712,0.9798378866344127,-0.7516092855456411,0.996409555339037,-0.8267144777859143,-0.8739709308761666
0.2462421180901475,-0.0912384663315948,-0.7777682875637599,-0.9309158190044252,-0.8409045161434099,-0.4035834288813802,-0.08469007288955412,-0.9493927446071886,0.9999999987799785,0.9718965345530233,-0.6790836488533617,0.9436776548460977,-0.6294737139683655,0.9958048785497586,0.9374714345511697,-0.9102171473865243,0.675149655700572,-0.7497188990762214,0.9031240617447399,-0.45622530323182153,-0.8883805200256667,-0.974958770020159,0.885800559451746,-0.7414331029737496,0.7919536816432027,-0.5757384162135492,0.8813469646235755,0.9887640224162527,0.8886086643203667,0.8696421621080793,0.6892763194061575,-0.9881327512035718,-0.9788850776816213,0.9801318951825225,-0.7169541974166922,-0.9530516180095735,0.06479760542807694,-0.6401857380833836,-0.767839439095576,-0.9812452454285763,0.7086099556207044,0.9690434368665656,0.8467542964494817,0.7798739568726134,0.9862433294291405,0.941675186619769,-0.4424189990006965,0.8353490118781565,0.35749295215908183,0.999575200659067,0.9833941035628198,-0.7655987467414627,-0.8253571220833302,-0.9356797892703387,-0.8139921236043248,0.862705373084878,-0.8987424585438836,-0.8511364786888814,-0.827972321431838,-0.9968293228843847,0.9931677504929638,0.9892697670918663,0.9269864999790534,0.9530921093247053,0.9347013911911395,0.9722183734854927,-0.988011578347856,-0.9976932861615262,-0.8661987300863396,0.9513837237097692,-0.9937915058800668,-0.8741915847885054,0.944874626155344,-0.9166705509732607,-0.9828842586164392,-0.996377047758169,-0.9170048345421267,0.7715506203508362,0.4653063383497768,0.9002635196240446,-0.9813005491740137,0.9892185558145237,-0.949867198771214,0.8516870974840497,-0.9978941562496667,-0.9694778644278824,0.9887767644499604,0.9646420123307874,0.9792799213509359,0.9902359290843249,-0.8815760091428271,-0.7706506665522226,-0.9072261094742775,-0.8903411490963248,-0.9918951097409004,-0.8117442347060836,0.792882214847389,0.008714458988179864,-0.9970032771724907,-0.9090587593613184,-0.8758643098512859,0.9026548523921523,0.8707205461019654,0.8838756204137661,-0.9556785671689698,0.9997310018142244,0.609855248154873,-0.9845559356306803,0.11934446292099812,0.8560459640493564,-0.9953474014807275,0.9102442542365745,0.9496625376252846,0.9738110065554323,-0.9176467115369421,0.8947635907339874,0.6702021730628529,-0.9934626242452054,-0.9938075619334329,-0.9962516127620702,0.25399109102918077,-0.98468329307019,0.5155326903455629,-0.9213215834727909,0.9546748974326248,0.6833028602853568
0.011317112125669779,0.14545164102594182,-0.6080077879441471,-0.8235295501376036,-0.6903764285655063,-0.17703509511108967,0.15222533254199047,-0.8522612428904501,0.9718965345530233,0.9999999972385654,-0.4881482235053425,0.9941294657997886,-0.42982744054031335,0.9732789698041463,0.8299499123801151,-0.7874331003185153,0.4851591965752751,-0.5731684133854167,0.7781949669278102,-0.2353815112013319,-0.755394395412667,-0.897545359659972,0.7521959929137153,-0.5634564441440795,0.6271607104837225,-0.3677665748574056,0.7470394164337728,0.9265286290827293,0.7565489310394158,0.7393363250736766,0.4994942092629256,-0.9283292567641056,-0.9038472837785554,0.907297252230171,-0.5345088698304727,-0.8550226634044696,0.2952921989596536,-0.44156564166440027,-0.5967123160472484,-0.9133496682792884,0.5227086282609976,0.9622093850004588,0.698783181930521,0.8997520840547945,0.9216177335265137,0.8443031516781357,-0.22394043706670858,0.6827868711755771,0.12763966353833714,0.9760595863072286,0.918408601106157,-0.594405462202855,-0.6694758125389566,-0.8265140456566651,-0.6550807733883766,0.7217260497515984,-0.7738380034657303,-0.703822625173712,-0.6730989427513663,-0.9511703112572956,0.9615361058238404,0.9274309956541846,0.8127594461200035,0.8557654329653852,0.8288269850344964,0.8932054166918734,-0.9265761438069154,-0.9554231163223814,-0.7260074495813014,0.8530201269237196,-0.9518390232864499,-0.958074589355887,0.8478736765780424,-0.7998326098660321,-0.9983781303722882,-0.965847416499189,-0.8126119950845765,0.6008084676778508,0.24406598474662725,0.7754056793449797,-0.9166230247393838,0.927114958491212,-0.8573705308994132,0.704424756188606,-0.9668270781529282,-0.9919909416568827,0.9264340351035665,0.8757993933042275,0.905206470439153,0.9300521574467921,-0.7461703258116552,-0.5990106626162798,-0.7833424542313182,-0.7596271729089608,-0.9376174796221651,-0.6515344609375889,0.6312017468732366,-0.22690108897791852,-0.9871763787073778,-0.9806207675480612,-0.7390399293699421,0.7775994236994658,0.7311939779724863,0.7500806279389279,-0.8600393105090809,0.9666860200320485,0.4178346567829466,-0.9921503984738232,-0.11651373386430286,0.8138349163831965,-0.9475957394799067,0.7886339893201884,0.8501399749565559,0.8929253393370132,-0.9766000043188616,0.8133797284387668,0.47999483979927904,-0.9499873414148365,-0.9538065358913144,-0.980615184262604,0.019232820128422774,-0.9177899745054956,0.2999894145365091,-0.8062525080094695,0.9958553475063431,0.4934506096843554
-0.8769731988210409,0.7842861567144689,0.988148712997878,0.8932494523012743,0.9682608629524408,0.9442631897071908,0.7857590445721042,0.8705142966057746,-0.6790836488533617,-0.4881482235053425,1.000000001720825,-0.3982548605207108,0.997848805846574,-0.6660900812604178,-0.8920132548119126,0.9171927849589977,-0.9986731556471493,0.9944409978681594,-0.9277309587585773,0.9629740011997754,0.9393856956755041,0.8222230172268534,-0.9421832375305548,0.9960663779712834,-0.9858789232493068,0.9910405928789269,-0.9444929261234911,-0.7759590594504835,-0.9400339160293162,-0.9344937224178952,-0.9987768096260844,0.7758426373885958,0.8145880222399684,-0.8097352297161695,0.9981126405284004,0.8688731256671713,0.6651805272232766,0.9921327643478554,0.9915561415043099,0.7981721224886048,-0.9979451756951292,-0.6125139812468564,-0.9654099733524042,-0.1028808164556522,-0.7882208229671912,-0.8708823364780737,0.9544187167761183,-0.9705592178460144,-0.9232328543442367,-0.6662641269046178,-0.7903928666064698,0.9916005515635992,0.9744801748858927,0.8942434405007967,0.9791700219731928,-0.9554822075782436,0.9281260603009327,0.96282447439805,0.9737633697640741,0.7336990440968454,-0.694845020363444,-0.7757898812136095,-0.9044714399098436,-0.8692665530931277,-0.8900136819606416,-0.8143236431037006,0.7798161214491268,0.7240257084993647,0.9541478571848394,-0.8718791194931118,0.7111679005399559,0.2455559951525052,-0.8703095362705553,0.9126291563449771,0.5352519004934793,0.6909330669217928,0.8832679904748563,-0.9909232889325078,-0.9586348708516291,-0.9280326923404358,0.7899103427293706,-0.7770585075358992,0.8598499938197292,-0.9599423398449825,0.6919079634405908,0.51356051351003,-0.7807488262929771,-0.8485490610683407,-0.8127397577834029,-0.7745891873757303,0.9451586039538808,0.9893312592081047,0.9175936620704782,0.938188643738464,0.7600441220684673,0.9758541612967515,-0.9597512644407109,-0.7349706077991901,0.6203520278915734,0.3206440565880231,0.9485385986247236,-0.9280094088004242,-0.9522886704561193,-0.9432849701507445,0.865067156186247,-0.6949227342955873,-0.9776601257191224,0.5661761736442277,-0.8098572544081475,-0.5984718986212815,0.7408801443210564,-0.9213937568716232,-0.8745457305762189,-0.8272800058134817,0.3474527092163217,-0.8109433682440811,-0.9755655585152436,0.7300282577283296,0.719872695077473,0.6329402001308964,-0.876771012569824,0.7863981393945846,-0.9788971705141796,0.9089288298362955,-0.4428703471138971,-0.99992787703703
-0.08607214908032806,0.2366256248002014,-0.527675521898779,-0.7596182453567284,-0.6148633854975554,-0.08009719526156087,0.2464372707220161,-0.7932512475485504,0.9436776548460977,0.9941294657997886,-0.3982548605207108,0.9999999963292219,-0.3372730164253881,0.9428346622734413,0.7695196820559201,-0.7255031705024932,0.3931121656041266,-0.4894687119674014,0.7102274730209251,-0.13629968580148463,-0.6875812000209218,-0.8472619598030575,0.6826015026896025,-0.4779572316210829,0.5453938189645657,-0.273442767119457,0.6754262815914696,0.8867621563680806,0.6868614793985515,0.663329486512019,0.41229914682390884,-0.8843818698778364,-0.8561270020759257,0.8595945538210779,-0.4459305714988573,-0.7999419385254178,0.37639903787651696,-0.3550717075222955,-0.5126956869888288,-0.8655100225331772,0.43684732564904905,0.9311321021430079,0.6230989382916293,0.9243256038234143,0.8767876807940296,0.7825725374607169,-0.1214374132120386,0.6070538832187735,0.032846223575112105,0.9485426370631027,0.8716810710657016,-0.5096343356074337,-0.5929260748855762,-0.766666409461089,-0.576217792630813,0.6469616316400054,-0.7039366372951916,-0.6303875625930974,-0.5963288682334933,-0.9148315143581707,0.9262271954888236,0.887308428767374,0.7513058567239661,0.799278823601229,0.7659572844235737,0.8497499272579856,-0.8826651287956317,-0.9201734820593725,-0.6521205690911618,0.7958908735805786,-0.9230806252030879,-0.9833426919688614,0.7870988141399525,-0.7334790909905478,-0.9864259595764068,-0.9324889136294905,-0.7451409558301044,0.517954999738958,0.1518826583768975,0.7060555552841278,-0.8689237321480153,0.8865756028949896,-0.7978965974155504,0.6330082236340513,-0.9342807087900921,-0.977722132773919,0.883694514532783,0.8232322716511148,0.8572559880878043,0.8883432437397469,-0.6760203365654128,-0.5183556389626738,-0.7218525585991752,-0.6895749544003139,-0.8963400642344235,-0.5761659187913573,0.5618446743037859,-0.3181183786661443,-0.9663051230954742,-0.9897960088583493,-0.6668813335276093,0.7094825983406611,0.6591174104817282,0.6793578084945959,-0.804491988071529,0.9361094216223789,0.3186559709419435,-0.9735147597984526,-0.21543522604491852,0.8084120440715612,-0.9094354517642305,0.7220051626407948,0.7925295678827933,0.8446256238807219,-0.9921700026344233,0.7472083848255665,0.4016856117444845,-0.9112002152615526,-0.9160919994559651,-0.960780132096355,-0.07541124923791594,-0.8773299277596079,0.20375216842074625,-0.7411441745268368,0.9917626256278836,0.40338727782716133
-0.9064244926509657,0.822328899520108,0.9765782773036098,0.8621861578136607,0.9498072908885475,0.9635793294574173,0.8243569192292,0.8365069004666301,-0.6294737139683655,-0.42982744054031335,0.997848805846574,-0.3372730164253881,1.0000000040172177,-0.6159197849364125,-0.8604302072046827,0.889683424105113,-0.9966940492720587,0.9857055452988907,-0.9012715448775939,0.9785439435665123,0.9150484266573172,0.7831444263131968,-0.9181805006449915,0.9881150456831331,-0.9727847860629529,0.997629427715051,-0.9209547054568828,-0.7331105457634273,-0.9156285402828207,-0.9111789649040042,-0.9957317653315109,0.7328461950778711,0.7747745689612046,-0.7694931686944936,0.9924056571470173,0.8346085699353335,0.7103820970057637,0.993219202197476,0.9809472477302638,0.757072188794389,-0.9931261559205928,-0.5613126683763386,-0.946223850617932,-0.03876964967458126,-0.7461581898580398,-0.8374814496224372,0.9705456784110362,-0.9527563594131926,-0.9455406558066813,-0.6158963698403445,-0.748643930871447,0.9811653721179396,0.9578143205941702,0.8629979311441378,0.9637463857657435,-0.9342257610149347,0.9020045516665199,0.9431736887095222,0.956799382669531,0.6875325951443991,-0.6465490687635771,-0.7328668410564393,-0.8746137774262716,-0.8349569748573644,-0.8584411237615814,-0.7753106680095632,0.7370899010646342,0.6772048478034245,0.9325242563415246,-0.8378656284371744,0.6641826630300744,0.1820169890437229,-0.8366219982272145,0.8840187943632978,0.4786788522298887,0.6421802070232147,0.8526722633795506,-0.9799863235504115,-0.9734138358680442,-0.9017910113528715,0.7482771148114948,-0.7342025478014694,0.82508616671174,-0.9401501852264618,0.6431170416481844,0.45670940122817133,-0.7380680838743071,-0.8120185679723442,-0.77275925892606,-0.7314239018348413,0.9217120407482121,0.9784786528428634,0.8904070815945839,0.9134866138635565,0.7158043303448531,0.9605891521399839,-0.9454689806418122,-0.7774303873908792,0.5675639572545995,0.2579868418387181,0.9257422233040828,-0.901604216405356,-0.9302137236372017,-0.9194775565903867,0.8302916527886554,-0.6462511913147554,-0.9800046157373395,0.5111340965732645,-0.8465952418927797,-0.5580036823133632,0.6952289080101794,-0.8939309000114639,-0.8408410137859529,-0.7887290390758046,0.2860433715803684,-0.7777773118523326,-0.973199012435227,0.6838183435013696,0.6730242237661102,0.581085909253044,-0.905624791866842,0.7445691580649051,-0.990162678369596,0.8797089437392706,-0.383290274861901,-0.9973721326411124
0.22578419109437858,-0.06342262122735057,-0.7614094332774981,-0.9296012761398724,-0.829107204243989,-0.3838808190494972,-0.062233476378714986,-0.946903596157014,0.9958048785497586,0.9732789698041463,-0.6660900812604178,0.9428346622734413,-0.6159197849364125,1.0000000003819813,0.9297388519554916,-0.8940627569313577,0.6667953710291996,-0.734854304501619,0.8961074012213786,-0.44306556174322187,-0.875270449947402,-0.9717506514191968,0.875413460757586,-0.7288731328508807,0.7815384861392024,-0.5604922304570269,0.8740919217100472,0.9785261563607568,0.8795013392139077,0.8735877975221136,0.6721276109452238,-0.9871453072819288,-0.9729130745170834,0.9758092341073081,-0.7070815317813196,-0.9428557571139595,0.10047773566883245,-0.616465466275552,-0.7571895339904848,-0.9809837091080835,0.6915392416362628,0.9874505309270183,0.8370679737908836,0.8056295278464266,0.9830986990916174,0.9440140198843326,-0.4375435263894914,0.8225251409570843,0.33291215980693584,0.9977450729575261,0.9833862920728548,-0.7562914084194908,-0.8116914989902819,-0.9256990886886122,-0.8023775924392993,0.8563588478926816,-0.895275148983527,-0.837880108968586,-0.8153970508268632,-0.9932672046176609,0.9988680832691126,0.979949967486224,0.9161457032669766,0.9459081784918738,0.9326205860074133,0.9558751047289006,-0.9856904411037439,-0.9948401554382494,-0.8588177803427316,0.9445713429225797,-0.9799268763188693,-0.8676313573631997,0.9457256563141466,-0.9127111035626966,-0.9847477423526111,-0.9994157363106841,-0.9247113019792241,0.759043800941993,0.4394516174499599,0.8958178459913012,-0.9833034239076834,0.9804244887952013,-0.9517951553713161,0.8349137947519544,-0.9990406581472705,-0.9813089458046863,0.9836682009583068,0.9568425014888984,0.9744515781918764,0.9849594573511969,-0.87089053827819,-0.7536162130963094,-0.889536455420082,-0.8828696529091186,-0.9904204268791842,-0.7930595717568881,0.7631063883622836,-0.015567417929515097,-0.9942887743242204,-0.9199928736526133,-0.8677746992270651,0.8958164780518262,0.8605405310893198,0.8753792683303779,-0.9480829234390968,0.9958211615032809,0.6144941521374048,-0.9919183085930666,0.1048721315997055,0.8054300168889609,-0.9933921434633355,0.9032454127860369,0.9428436348641457,0.9644498188973291,-0.9072497894877499,0.9188616656329566,0.6377451069659446,-0.9960055619424251,-0.9971713190834982,-0.9872079398255263,0.22860346914634344,-0.9721540873068757,0.49964102093662977,-0.9164120705385917,0.9637064212305266,0.671319456231464
0.566492334162334,-0.4261828484011048,-0.9466005964446539,-0.997372862047635,-0.9764910391074272,-0.6953291029426683,-0.42351992340085365,-0.997755141556979,0.9374714345511697,0.8299499123801151,-0.8920132548119126,0.7695196820559201,-0.8604302072046827,0.9297388519554916,1.0000000159923084,-0.9942285976945323,0.889533687648441,-0.9325435026540723,0.9960137899440037,-0.7373977646492735,-0.9917535665913674,-0.9903785175738645,0.9918357417154967,-0.9285093257565464,0.954969192359501,-0.8239559696001084,0.9905844826195346,0.9759624724416699,0.9926954043763649,0.9800081572654427,0.89718183949425,-0.9766580008486595,-0.9888146456933357,0.9874727173242808,-0.9147711313663539,-0.9982731565352114,-0.2725941275924553,-0.8630391462425832,-0.942824457952271,-0.9831497896167745,0.9086769876108695,0.8895253834322883,0.9789882019861148,0.5314486185025524,0.9811268085879408,0.9937822319451011,-0.7258584436290239,0.9740451034213373,0.6563869073331504,0.9313968098238664,0.9807966356348076,-0.9416341481865123,-0.9696683175547784,-0.9997068578227171,-0.9651699390970129,0.984474039990933,-0.9939463079772634,-0.9800102777863547,-0.9710682095563004,-0.9616135095946106,0.941998762743112,0.9763057567881467,0.9991297717570086,0.9988562278326457,0.9980639156362063,0.9833145372618185,-0.9783119451356004,-0.9576245902143041,-0.9858579307711189,0.9990963824237878,-0.9477471475363397,-0.6533856446945707,0.9952925319836262,-0.9975227232614258,-0.8591961781040031,-0.941779888497061,-0.9851806770504589,0.9445752864171763,0.7393486985888738,0.9947161221899596,-0.9795277277409977,0.9769432397184428,-0.9935115106152097,0.9785429771411015,-0.9429437168062023,-0.841853415133593,0.9788831773751631,0.9960112571409682,0.9883178458272085,0.9768255524929621,-0.9906196999594047,-0.9427064342985428,-0.9923923087143826,-0.9930826926840254,-0.9713859809366432,-0.9613387883273373,0.9407117796850253,0.3524145318219283,-0.9078404742535743,-0.7127304571345835,-0.9890391646882285,0.9958799865084074,0.9874067631124266,0.991410311543445,-0.9983949839089068,0.9448860211702851,0.8409985774680395,-0.8756288980882624,0.4572777042887938,0.8048945302407713,-0.9643211093667201,0.9973735733332111,0.9993078547935627,0.991323882282765,-0.728149927435549,0.9390841223722902,0.8725196424220528,-0.9585479688784371,-0.9540244255503015,-0.9125946055999117,0.5705511200001085,-0.9781443589965938,0.7810930607943845,-0.9985015145625619,0.7987435285097957,0.8946950869963206
-0.6230402593224448,0.49530261604422154,0.9668794195524849,0.9860919440090838,0.9865240649918648,0.74374987922108,0.48816572659827434,0.9847709965076532,-0.9102171473865243,-0.7874331003185153,0.9171927849589977,-0.7255031705024932,0.889683424105113,-0.8940627569313577,-0.9942285976945323,0.9999999947936246,-0.9105463614040192,0.9538933180684698,-0.9943553518827694,0.776927421344369,0.9976728376262284,0.9731171704223883,-0.9955560676042834,0.9484038664108151,-0.9684472003098717,0.8583613972476236,-0.9918282782525558,-0.9613756442573158,-0.9948643515296707,-0.9709258776446643,-0.9254453412566204,0.9533883957759531,0.9733846067540166,-0.9700876663774969,0.934077889041598,0.9921805346303121,0.3531666348945104,0.9007216870317516,0.9586729359200789,0.9611206016812709,-0.9353795523704429,-0.8390424422301536,-0.9864161007442371,-0.4558039082251109,-0.9608151134815294,-0.9768415326542894,0.7580596751628551,-0.9856037316328026,-0.7114960855092538,-0.9011337860479541,-0.9578761548006489,0.956385761774975,0.9830105908884113,0.9963068533214228,0.9777187185754899,-0.9869404237621598,0.9892911281581522,0.9903155326952177,0.9831430725263032,0.9374576484047641,-0.9069203922859687,-0.9608050208058888,-0.9978335467733873,-0.9899451887192916,-0.9870195469872122,-0.9781417733748586,0.9565603404356595,0.9321235633509035,0.988955952050478,-0.9901273783185927,0.9321044427093307,0.6102475520155826,-0.9794810256424509,0.9910200279619574,0.818393216455437,0.9087255240953244,0.9657939378205166,-0.9618590436864126,-0.7898998943240612,-0.9908648312088219,0.954836124626191,-0.9610309113488132,0.9756517353953527,-0.9919410702502586,0.9116228396861724,0.7912729919113753,-0.9597621723201323,-0.9855116848308192,-0.9716630894036036,-0.9573645492271993,0.9951234403629409,0.9642253680156178,0.9998513405669651,0.9934639372986847,0.9472961908365959,0.9805106673718887,-0.9707218136180192,-0.4212033524781033,0.8756949734140633,0.6552634960084904,0.9917329342804806,-0.9941060479038114,-0.9926908053704072,-0.993560424373572,0.9894144727256183,-0.918387143416944,-0.8532747097928203,0.8314750643146248,-0.5133490841487144,-0.8269909878980436,0.9392146180131563,-0.9947685102280255,-0.9906415826752112,-0.9802697980532674,0.6918570185354911,-0.901312175682308,-0.9151634183700118,0.9286527634497633,0.9226865648558712,0.8872698980162835,-0.6311598325595537,0.966681931649695,-0.8198058488192237,0.9923153627898852,-0.7474249929542905,-0.9186042875088866
