0.9999999985799439,-0.836302526860422,-0.7963676381653111,-0.7628297679827968,-0.908601944737089,-0.9283362292322547,-0.9281632059140223,-0.9181522025384817,0.319963829445752,-0.9070609642858627,0.6700505269720546,0.8260700645320808,-0.7410489147912864,0.7929363184222692,0.39799100291661743,-0.5191291665904351,-0.8464678006420234,0.8325663157946949,0.9238740037548003,0.7128216874962998,0.8779878211935931,-0.015676405453992695,0.8222417082642243,-0.7485146443997981,0.7943164862445637,0.7674911132969934,-0.5816400780421839,-0.8871524069890305,-0.8563805585303771,-0.623522227974852,-0.726359131834684,0.5823039011903653,-0.8678317638566106,-0.08864197169431462,-0.6714418018911086,0.2113633054223042,0.7130663546554382,0.8127159687874776,-0.11107413811087344,0.8805179844811388,0.8695502370010797,-0.6106811551185559,0.7723815712845599,0.7669499878808738,-0.6997424633540312,-0.8207644260414173,-0.7043338297653873,-0.7391132748478774,-0.19519947242880112,0.6559032182968608,-0.4957775036682785,0.729261038769193,-0.7318398584392931,0.49426828669894146,-0.7690860582291311,-0.669739539768614,-0.4302796537065571,-0.691855807692028,0.39215933800873165,-0.585016471823359,-0.8007166825490418,0.8139741684264522,0.7682309084574591,0.7959722582504768,0.5585738785779204,0.8390760808902606,0.6684012413389555,0.7203426360365249,0.6605876767543091,-0.6851393601114178,-0.6155478783838438,0.7753401471776464,-0.7572108105704771,0.8469526348835492,-0.8380216593920324,-0.6080342041886417,-0.6946389795577127,0.6895058745577212,0.47052255296639417,0.658024389961043,-0.7072522981388486,-0.77647690059718,-0.5938987539221455,0.7099709959968953,-0.3543128778918163,-0.8088256105301029,-0.7049404842801391,-0.2241752447459981,-0.5680806782330752,-0.8641229567515222,0.7520754535233165,-0.7918278841377481,-0.08814966996212865,-0.8336537736779465,-0.7863398900932561,0.8264353721378382,0.8393641059780251,-0.5267957838467303,0.9210259127628116,-0.7934052422962116,0.7660772941310089,0.25870470684508406,-0.5674794792035446,-0.7099757386297608,-0.4702990368908089,-0.026972380552879174,-0.5564653244737172,0.7482553460276425,0.80199980017695,-0.6232026889815632,0.8379171621720151,0.7538869359720419,0.3542180770871592,0.9192487608539417,0.321328649485548,-0.12130124464682629,0.8927488202429736,0.8211762466040945,0.5141427917913255,0.8705032574981088,0.9577983626170775,-0.8229316676145298,0.7499614207433009,0.4827944305210544,-0.8769254758533476,0.5921661369382216
-0.836302526860422,1.000000003015134,0.44896554269759786,0.9122720679396902,0.955903657343691,0.9235398831833753,0.6615957688884516,0.8271636496972117,-0.5287068917984853,0.9434494610882561,-0.8897775292846766,-0.9309469896899377,0.8531602621430168,-0.8228010275884304,-0.5426579637308718,0.16998862985691368,0.6634767455666869,-0.8393523732511174,-0.8536992629386891,-0.7366793882986864,-0.7119301593674195,-0.5176250922690463,-0.6726953055339601,0.96721963238798,-0.7371141459453382,-0.963019306648468,0.5862264313251292,0.7964466916874858,0.8579076306763649,0.8255891590719147,0.9292334675945764,-0.29129564636082195,0.8620581126988115,0.6072792291310174,0.8826259598991895,-0.6068788746691223,-0.7107625424887579,-0.6793508876044092,-0.3828954799519858,-0.9875955348137307,-0.813600151759522,0.15625615554541314,-0.6522830721010432,-0.5943104847925753,0.8255182904872679,0.8163321707078267,0.8307744055450251,0.7720457965937513,-0.10074066112509279,-0.3414412529765485,0.39945506122370605,-0.5236419400934919,0.71435751371672,-0.6768140230185296,0.8001570937499263,0.698660649277451,0.4724795087521701,0.7740775976838263,0.055853058783527657,0.8082066879623097,0.8750425468797548,-0.5441078595574116,-0.8156980109603154,-0.7984025550756697,-0.8729198901153754,-0.8731822450923543,-0.8526984857646605,-0.9597608515882314,-0.775492361688132,0.5742482710893922,0.8904634169314395,-0.41318530695412986,0.9331037539684589,-0.7534032256058466,0.8717984740653636,0.6587375480850962,0.5512004024324229,-0.2545684876277891,-0.8236025998760701,-0.5362608686374514,0.6351507718748078,0.9908359831485033,0.2217276839072808,-0.9701749558712922,0.4322193088169404,0.7200436931099151,0.65847963912399,-0.21589231001032858,0.08599503351596918,0.5292162396171914,-0.8071151154220974,0.7284995390406239,0.540742249985924,0.8992329273644503,0.7510430255777554,-0.9364018265521447,-0.8616144773524503,0.45900482063293313,-0.9382492752031998,0.9422705444890201,-0.5668958684203697,-0.5006506740378882,0.14911312309415228,0.6692579098344523,0.7939158253895304,-0.16735178545845694,0.8070992026334904,-0.4905399557558284,-0.6563761324852169,0.9006717895711117,-0.496341516016286,-0.35197789541087876,-0.6253035132707409,-0.8153018334385134,-0.7357148792908889,-0.05670179410777194,-0.900898597685046,-0.9683949491133393,-0.5323198756868628,-0.865017358301745,-0.6691263595910605,0.8064153166449597,-0.6812759538389496,-0.5631394322612733,0.7939212603890711,-0.6371367897084963
-0.7963676381653111,0.44896554269759786,1.0000000007462813,0.22726780691209897,0.669537806755942,0.7367557234559327,0.9500166061408815,0.8617900514670608,-0.3692955263242058,0.7017290890090762,-0.4901426828706538,-0.6196159884597441,0.6571362519810798,-0.7586330394201034,-0.5182562491376558,0.9145939167310906,0.941217666808596,-0.7830495781183867,-0.8366906062054139,-0.7642952566575214,-0.9334165437198202,0.5092044668445244,-0.9166004038822011,0.42410719785568757,-0.8473654551328859,-0.48691422778513394,0.7193776709263677,0.8609410327326397,0.7840687397988503,0.48632480139012463,0.5018635869566149,-0.8198028979798229,0.7851857633337426,-0.4016714801058105,0.5096797648425336,0.04507670780343005,-0.7877961484835413,-0.9106750121878134,0.6421818621196593,-0.551655974107608,-0.8437975094051238,0.694832792050311,-0.9008971291331649,-0.9122085696670578,0.6414357987192122,0.7616549099248431,0.6392542713765884,0.7467134104675077,0.7317537038215336,-0.9688612561496013,0.13685161540043742,-0.9393214257176268,0.8060341634750509,-0.5235872471057548,0.7577915375944336,0.7328261583271045,0.6576333840739171,0.6178999803507527,-0.569493169814282,0.20370678560660688,0.696175002159834,-0.9867193406400053,-0.7335724079320418,-0.791522535827757,-0.28669419352310227,-0.7479555090375947,-0.5359381643802654,-0.42176900317863514,-0.6506709415241405,0.8762702173001081,0.3748063911043305,-0.751510419156762,0.5451455262997147,-0.8777653758568928,0.7360232450912052,0.7114369375060605,0.8960225867472429,-0.9716948686507312,-0.24878552993770378,-0.8778404946039607,0.834472303715659,0.414056014787308,0.9370791925809346,-0.36314552650143156,0.45874258540081564,0.8784269268433839,0.8285899881073132,0.7308860247340623,0.9142187137328078,0.8078889616101798,-0.6715885843113573,0.842318307058355,-0.22976351574490497,0.667688088008292,0.8292710525825984,-0.6353403187688119,-0.738427550956432,0.7889318005089044,-0.7219578843229724,0.5600715183077317,-0.7463782281755518,-0.28463550473909466,0.881914068803793,0.7833739110427912,-0.13448078368290511,-0.08259387047995918,0.44178613923207904,-0.973421718563964,-0.9199169749233671,0.3716955174071188,-0.7941842951028727,-0.8445863064538659,0.07439020976835777,-0.761018698671043,-0.07607174017883321,-0.04162556236799804,-0.7564343869004297,-0.5504552666105772,-0.6520325707084348,-0.7703817988226758,-0.9275902105453293,0.8085752165736009,-0.7730502607614134,-0.6455810133074668,0.8545415259362517,-0.3971238011999408
-0.7628297679827968,0.9122720679396902,0.22726780691209897,0.9999999996303356,0.8052810383216223,0.7405698086382642,0.5039885697445629,0.6070467961636724,-0.2641714784162497,0.7574332218977399,-0.6331936906846605,-0.7128653295975695,0.5668700765513407,-0.5324123546428421,-0.15762710930701881,-0.13393359760074425,0.41112957076150464,-0.5697276373030381,-0.644987819285618,-0.4090548187780988,-0.45916412007493,-0.5743809106817085,-0.38084371481436186,0.802257792986368,-0.4301639038310032,-0.7954286687777704,0.2808326237587734,0.5430810196707958,0.6043336080437373,0.5416233946575242,0.7016330032117915,-0.025266835096463918,0.6102289771793267,0.6397766469270582,0.6211955208095086,-0.41743119309788684,-0.3751692632532151,-0.3989298014496021,-0.51805830624446,-0.8637448118218946,-0.5535357663937807,0.14131487419712124,-0.34263803335656773,-0.33285142145144564,0.526202667704742,0.5427008969491,0.531809654341804,0.4856925927188634,-0.4150534898099785,-0.059517294507609245,0.5378891697863778,-0.23407972388069254,0.4010170004325235,-0.35618007674779545,0.4968605554105785,0.35337083666850855,0.07178576268898887,0.48370891827701756,-0.022904507443402427,0.7117506657091445,0.6068332192122742,-0.2858972180406295,-0.5160775831544107,-0.5097329358112415,-0.6569529123476017,-0.6187910108478818,-0.570075385176236,-0.7878748441523978,-0.46706952113213407,0.22832864179914084,0.6586931398130618,-0.3645018785421767,0.7211374634257472,-0.4722978867206955,0.6131696813362633,0.3206034993701487,0.20912171053606074,-0.0586657398742682,-0.5919416227346538,-0.19340453768915591,0.3379107259818067,0.8646657126890891,-0.006254634114200083,-0.8208985264268226,0.21896114023225963,0.42902132226423534,0.332319722497917,-0.45189604568527464,-0.09177757209333191,0.46612391348401816,-0.5259445237513602,0.42028117351787647,0.41245867646552214,0.6662055206556413,0.45434494848322693,-0.7145418084584536,-0.604055979617706,0.07152246039783208,-0.7615826356653838,0.7298090063272441,-0.3874639885037503,-0.1592154952155636,-0.07008030896585574,0.3398750771919372,0.9270414019970752,-0.016376133904212185,0.5337980600317836,-0.20999213449797677,-0.36956668193377096,0.7068367927867643,-0.4329951248751654,-0.2447401205871616,-0.6104724710023138,-0.6550070764815189,-0.5123026950230127,0.24167391675636907,-0.6777063675459106,-0.785141282017887,-0.2546930036113716,-0.6525820698481617,-0.5534286493559747,0.5338963952602966,-0.3909586592417961,-0.1931545379949817,0.5658767655184445,-0.48443768651116587
-0.908601944737089,0.955903657343691,0.669537806755942,0.8052810383216223,0.9999999991023018,0.9707590739653271,0.8349421516663427,0.9492871575498951,-0.6358961483469795,0.9868194543314284,-0.8953137141557251,-0.9440875001741582,0.9175467946244402,-0.9187537233206701,-0.6145086159252021,0.4099914002913233,0.8497514453153312,-0.9417811307759149,-0.9644826747857843,-0.8606609376796777,-0.8742209742730994,-0.2876395500462177,-0.8276055592090706,0.9176888549285872,-0.871358827096136,-0.9629659129040604,0.7645446872843813,0.9074259082808327,0.9558607886972144,0.8218762938398353,0.9240636187114718,-0.43546195780955027,0.9490532075791993,0.4017229578603775,0.9019756657799068,-0.4589589989442321,-0.839030225636671,-0.8573811140305878,-0.10615585103795436,-0.9672488537067276,-0.9332669118126222,0.25937062199917604,-0.8280994519726416,-0.8030000154284631,0.8978564674176016,0.8875099019917081,0.8973855770322574,0.9013846494943538,0.18022187268072548,-0.592432060852158,0.2642619642896981,-0.7456949142327183,0.8646218650582176,-0.7734455149245943,0.9012874481597483,0.8000405645534178,0.6155794777798143,0.7999468492552627,-0.1571308953394149,0.6701858606628184,0.9362303777078451,-0.7493935757834035,-0.9006657515442145,-0.9182048600681606,-0.8055240557292331,-0.9589352532525799,-0.8682318204468477,-0.9369171370887154,-0.874088951736595,0.7551513019123891,0.8506992161635432,-0.4904593898570514,0.958408790732929,-0.887700849347898,0.937803637589516,0.8036549906796472,0.731906676636607,-0.4877656579340501,-0.7866963703838914,-0.7363900671736546,0.821226644230643,0.9432863236559341,0.4955991173207983,-0.9158630250592519,0.5926889537299596,0.8785503631617912,0.8263092892007123,0.021223359916527317,0.32501814785261385,0.6150503713956907,-0.8470409166820888,0.8523397056938016,0.3492990086199202,0.9269648525390154,0.8937586039961705,-0.9698423198980483,-0.9227362013475713,0.6364221027075891,-0.9937378442696073,0.939029146061983,-0.6225793331026543,-0.4865053144030565,0.3470815235927401,0.7734744941205134,0.6084050738044476,-0.2777256410506146,0.8429324112887819,-0.7155811848989215,-0.8398954789564891,0.8922918132169388,-0.5798020331619121,-0.48086178462871376,-0.41992579373486827,-0.8558631201061432,-0.6393775805768214,-0.021328976933016688,-0.969617545390385,-0.9597125128837816,-0.7133778575619945,-0.971708289817377,-0.8173515709400467,0.9310456028701917,-0.761133428979817,-0.7075283261944026,0.9365383988598096,-0.5663123495853374
-0.9283362292322547,0.9235398831833753,0.7367557234559327,0.7405698086382642,0.9707590739653271,0.9999999962335925,0.8535801004942589,0.9628059499785243,-0.5168502836897132,0.9947678459598543,-0.8914437627464292,-0.975226290318582,0.9269950173890746,-0.9433862241025485,-0.6854926844951651,0.5300386500435316,0.8669777606560167,-0.955481126255755,-0.9698440024548746,-0.8825527519436311,-0.9125782029072234,-0.1850093253349267,-0.8984222593664094,0.918341142679826,-0.9174892682503889,-0.9095694221429209,0.7108396510102601,0.9649569981249728,0.9660171697341935,0.8687204464313889,0.9223508937844438,-0.6191015415933687,0.9786144882626896,0.2878248904784837,0.8880092498959934,-0.5207794010634789,-0.8802980983038973,-0.8739483774919119,-0.04405021053524458,-0.9682470908455655,-0.9586489464008419,0.4238337302926019,-0.8633566691119925,-0.7913233717085539,0.898106413765553,0.958941651500999,0.904981859323541,0.8747059425420117,0.22676496703970178,-0.646035220256985,0.39680187498452785,-0.7631388465976999,0.8663975798400876,-0.7241470905103573,0.9289538283458557,0.8674719969513212,0.6689538176336463,0.8936164056923966,-0.0941274778445363,0.7513892425399015,0.9607925963320896,-0.8094981610382977,-0.9369459196541766,-0.9267809580320041,-0.8120654386505486,-0.964387792414788,-0.8966381226462616,-0.89027073141066,-0.8533433875390063,0.8095394041247646,0.8554798596741303,-0.642215196601894,0.9181346567730858,-0.937375622183692,0.9757414512511385,0.7890692507518113,0.8071075721099464,-0.5866567054988898,-0.737213897052635,-0.7697845744453423,0.7997059578022321,0.9120941704519618,0.5191779679768485,-0.8824810494325436,0.45023365484011557,0.8992400062918909,0.8354495176547937,0.1749350081164136,0.442481193763453,0.740762106052682,-0.929777293578668,0.9193298780619537,0.39074677495875476,0.977267476876004,0.9036449996866978,-0.9705415306433604,-0.9754116476847379,0.7053986248081755,-0.9900242413955602,0.9588709948329271,-0.7891647745291056,-0.5841523721110071,0.5101351548061749,0.87353076679484,0.5093930987699157,-0.09361596899585191,0.7912920888777395,-0.7590453021561383,-0.8631404491660924,0.8189611057894527,-0.7155240944225654,-0.634095856973012,-0.5119693455414209,-0.9507207356413918,-0.6328454780506035,-0.18369044645834942,-0.99159189096786,-0.9641366025408399,-0.6273077970421324,-0.9410169760682756,-0.8543001160986592,0.9323681934755628,-0.884414060791325,-0.703708338580881,0.9227129995006956,-0.7252789303349156
-0.9281632059140223,0.6615957688884516,0.9500166061408815,0.5039885697445629,0.8349421516663427,0.8535801004942589,0.9999999967140394,0.9406809451952617,-0.44453229690102986,0.8339808437963938,-0.6030205974169207,-0.7328693270634222,0.7347052473831182,-0.8142881295915531,-0.4651386804041719,0.74803214356633,0.9609980097379275,-0.8531545047611383,-0.931261172389249,-0.7862772989436584,-0.9567573881150739,0.2823009277686498,-0.9037483752260336,0.5896282830786748,-0.8608265732573539,-0.6700603492493039,0.7458853000947643,0.9017953128876715,0.8657801624580458,0.5518625421173127,0.63290932201082,-0.6752042031181532,0.8600677673181796,-0.16169766675763514,0.6222835642758601,-0.022308976086694556,-0.7906479095965854,-0.9272313380003063,0.43279639709132867,-0.7282522728460213,-0.9017611895922399,0.616028011512511,-0.8932187439166295,-0.9255503559185819,0.7125104633947669,0.8008246860158578,0.7087405488820969,0.8137162989105906,0.5355460253262154,-0.8789714749098178,0.21963534522143066,-0.9108915960175044,0.8332775431160985,-0.5781733085119418,0.8020611560585849,0.7213499684378866,0.5804374623292178,0.6397976114408847,-0.5741864225171315,0.33017672080159816,0.7764757506029373,-0.9526714557075724,-0.7807953379192707,-0.8464685050979788,-0.4168288817648007,-0.8375399031122726,-0.6138114276454172,-0.6036946940720234,-0.7144367334516547,0.8296820557668444,0.49949415323443624,-0.7290610313736058,0.6964963495375566,-0.9006783712826972,0.8104837608775282,0.7290079286832465,0.8346111089123806,-0.8687115099599934,-0.3876370466129691,-0.8315755078377406,0.855243196572179,0.613055336904298,0.849674191367824,-0.5531623036943928,0.5312309121919454,0.9020031257279568,0.8326801879656114,0.4851826893971245,0.7697188516621848,0.8180859764757445,-0.7064748738134545,0.8444226625419814,-0.13861738378001748,0.756576694948203,0.8665451328272006,-0.760946702166908,-0.8041130302861034,0.6979494697695692,-0.8598389709867474,0.6866388693899653,-0.7131659069592141,-0.23815110740068204,0.7218458601367641,0.7525052601268126,0.16421317985012127,-0.1493589582884032,0.5515753366250338,-0.9262049181446426,-0.9249985785832544,0.5457710067667239,-0.7923962261932214,-0.7804991775177134,-0.04506207907616265,-0.8278899322618429,-0.18718039942385592,0.11701932594383212,-0.8559052659607127,-0.7007778868692713,-0.6922325882319692,-0.8862654108151817,-0.987009600965027,0.8730955622381171,-0.748944526920312,-0.6273843734808984,0.9345660292183564,-0.415478425941025
-0.9181522025384817,0.8271636496972117,0.8617900514670608,0.6070467961636724,0.9492871575498951,0.9628059499785243,0.9406809451952617,0.9999999968415069,-0.6149353588392328,0.9609477193619494,-0.8377437327012788,-0.9104348678613304,0.9193004761196423,-0.957851612516276,-0.6874107989326461,0.6746502074532302,0.9676576306859048,-0.9773280794052586,-0.9985970754927949,-0.9281613814891222,-0.9825242355626029,0.0025882676297487623,-0.9545537888360668,0.8101563358960981,-0.9617315050826661,-0.8615275622015418,0.8387732286856322,0.9802178809578204,0.9837013602809832,0.7944892820283797,0.8554114265967335,-0.6529014854579875,0.9799507195046998,0.11797304009306625,0.849827140490409,-0.3388526369783492,-0.9243766805441865,-0.9678821118246106,0.18825652054509376,-0.880624626809477,-0.9916862605325554,0.43448999158473295,-0.9515094684533157,-0.9261983877945243,0.902677417457145,0.9361805132667212,0.9018264718688248,0.938690533794923,0.4522302670267939,-0.8104536960740962,0.2048746646010695,-0.9041496135509733,0.9418269429050843,-0.7784283557377638,0.9485500691154957,0.8814701744400883,0.7403979213965803,0.8299121330238028,-0.2904421780651768,0.552282779967276,0.9427480148923896,-0.9187800507895983,-0.9390872793207318,-0.968139856801862,-0.6959831083037142,-0.9728802027472351,-0.8426042474714036,-0.8217935922520663,-0.8908271167408434,0.9016716035458714,0.7613941295520372,-0.6184081971430064,0.8891893542619914,-0.9783523312006961,0.9565803284141406,0.8711908764983202,0.893009243525093,-0.724033647603262,-0.670543177195679,-0.8879082598950329,0.9180305120772473,0.8143463145567998,0.7205267203580655,-0.7823558521281135,0.6055524424697543,0.9732036325168322,0.926868312297107,0.33189906793134955,0.5898610163893526,0.7251324900089084,-0.8786439221604833,0.9481841528174539,0.18456547800606946,0.9199491872205633,0.9667443229997839,-0.9330209759512662,-0.9476124112835389,0.7992698903375337,-0.9703702900093547,0.8840738420408313,-0.7347968598298977,-0.5089900506886719,0.6041268782445041,0.8794878046679786,0.3330603174719332,-0.24224632813853422,0.7863461394180568,-0.8950640616981288,-0.9609389539564216,0.7770898940900078,-0.6967743326816319,-0.6575694584222923,-0.2661232460970476,-0.8914088633549957,-0.5089274204569363,-0.0997814932781169,-0.9772672271484846,-0.88783137522805,-0.7726615873992424,-0.9790745557886992,-0.9126307244778957,0.9792053996060254,-0.860141444726193,-0.7895873668814483,0.9892294618163449,-0.5659852634722735
0.319963829445752,-0.5287068917984853,-0.3692955263242058,-0.2641714784162497,-0.6358961483469795,-0.5168502836897132,-0.44453229690102986,-0.6149353588392328,0.9999999982192158,-0.5896630902995801,0.7356853550157636,0.5742379505928573,-0.7496203836219065,0.7086360582215238,0.6687756196100693,-0.29341560636307734,-0.6271446459606649,0.7073345820448419,0.6233903538986629,0.765740046574014,0.5765280304866033,0.3072481671536189,0.5426894852729778,-0.5662584223329018,0.6579764325771872,0.7341989082524354,-0.9104818157604558,-0.5383800627265378,-0.6923639059483395,-0.6196362989169178,-0.6849829941161352,0.05836768286447369,-0.6321960490371092,-0.41327073473741405,-0.7739960987558249,0.3207357429942296,0.7173961167711651,0.6846254357813232,-0.0003112775079854547,0.4981923985423188,0.650565345324271,0.39558430535151606,0.6766687690829126,0.712245349443624,-0.7940930766166525,-0.5358313324865527,-0.7727050078075313,-0.841205492636923,-0.4577208747303065,0.4953091674604846,0.5515370138995708,0.6617206838476515,-0.7951262953865599,0.940403506008045,-0.7182063437694072,-0.6522165783143623,-0.7391849563163033,-0.48446794356583306,0.04964789078502301,-0.1481288997955985,-0.677498446812261,0.4823382689116147,0.6884173255794345,0.7486588313105386,0.6155517275159433,0.7102524448667612,0.6809667467436322,0.7186165890910883,0.8619011482142805,-0.6673917175719443,-0.6585520670324603,-0.2279710991238305,-0.7734922709145533,0.60405557145143,-0.6203586492941017,-0.872930293820692,-0.5930897984144986,0.17669392052134647,0.7986099094532769,0.7149639098044324,-0.8159145943607226,-0.5938236310718362,-0.45242939302514884,0.6366114912382606,-0.9531548430500214,-0.7010362519779093,-0.7843070409084761,0.03839110535899872,-0.0428562696114124,0.09191322872947244,0.5102401413698613,-0.5957079624687492,-0.24241914747086282,-0.53923474146054,-0.7496536690660045,0.6742745104462222,0.5718941106215578,-0.6698004551810306,0.6064456803676942,-0.5977556252726122,0.011754605082562547,0.4869989822380928,0.0010288705694144272,-0.5196201285366883,-0.2368368733592916,0.8790259026413992,-0.8872996148868296,0.560224262676897,0.6713777429444728,-0.8228821226095061,-0.13006624607461825,-0.13354616875431732,-0.09478685390266857,0.25228891727201425,0.6258264698942436,0.09235588696230276,0.6094242903305197,0.5949324338692533,0.9387248731355766,0.7381545459229798,0.31191392013588326,-0.7426265340612566,0.3792908600554445,0.8742470144830702,-0.7029733802392246,-0.01279182062476717
-0.9070609642858627,0.9434494610882561,0.7017290890090762,0.7574332218977399,0.9868194543314284,0.9947678459598543,0.8339808437963938,0.9609477193619494,-0.5896630902995801,1.000000002083015,-0.9202422379459222,-0.9799597759170533,0.9462154279237109,-0.95203870043768,-0.6966796896944907,0.4859119096670627,0.8615470925481045,-0.9644593528942018,-0.9711360823540042,-0.8956569543354452,-0.9004758912089817,-0.24923425663702592,-0.8796929691232749,0.9372213918359847,-0.9145978556860781,-0.9460222287293152,0.7488433590654043,0.9506924314468496,0.9743650848768268,0.881343734452656,0.9464201752889999,-0.5524747639165613,0.9794433371620741,0.35600735294539554,0.9202092563984193,-0.5365434597299408,-0.8856447621405765,-0.8744214680912037,-0.08624058542968799,-0.9754627896350755,-0.9585248847683392,0.333196641383964,-0.860876168764726,-0.7982340821493625,0.9228787420627218,0.9474145040495945,0.92714013958171,0.9017849521718546,0.2158832976638264,-0.6241560903911902,0.3279962083478081,-0.7604840104166954,0.8826729335694463,-0.7736425273000671,0.9379120936662758,0.8667822113649849,0.6809905808837665,0.8822803622719957,-0.07835668223918534,0.738374760274574,0.9703065430540196,-0.7845078683544133,-0.943593878602384,-0.939218779435054,-0.8408451642415954,-0.9766268115079172,-0.9140741773131243,-0.9278771163478792,-0.8859653225275952,0.8047594842473846,0.8831626483558003,-0.5627389012376288,0.9524975400219312,-0.9283674205033433,0.9769124976907971,0.8185580606816626,0.792617844469863,-0.5341526424808641,-0.7902176894589363,-0.771738559931906,0.8197572319272364,0.938440536611693,0.5005519977779399,-0.9149703688126505,0.5187234954696582,0.901899254312631,0.8486862341894891,0.11093269273355559,0.3803454448102018,0.6723553454910073,-0.9192452529200992,0.9088695989177532,0.41344755995970445,0.9740059984173255,0.9140656805121606,-0.9865763862046601,-0.9706023716525953,0.7031526139662986,-0.9972743437140021,0.9701429339209298,-0.725203322468505,-0.5898224624199696,0.4392759290992031,0.8554141767411634,0.54828164301658,-0.1827156406592324,0.8412843188421775,-0.7431364892054648,-0.8611492919762197,0.871053112592651,-0.6434854974386985,-0.5566550052069227,-0.49381523800146665,-0.9146340732830823,-0.675391688329961,-0.16313797681126596,-0.993348636329136,-0.9780557764189157,-0.6759400068499767,-0.9597797553812706,-0.8232017250216259,0.9445994048993093,-0.8528394489325871,-0.7351169412366517,0.9320129420065741,-0.6785584981299735
0.6700505269720546,-0.8897775292846766,-0.4901426828706538,-0.6331936906846605,-0.8953137141557251,-0.8914437627464292,-0.6030205974169207,-0.8377437327012788,0.7356853550157636,-0.9202422379459222,0.9999999992484937,0.9612068889477194,-0.9776170023334386,0.9387141923259237,0.855131293456216,-0.3656723854464315,-0.7260838573349252,0.9236552511092065,0.850844845108088,0.9120638343915083,0.7667725827387458,0.4624022600195609,0.7821950050766993,-0.9602006011654473,0.8700227706927955,0.9554301537300968,-0.7716742531344694,-0.8491514338542214,-0.9193151480973301,-0.9753324482677664,-0.994672568554307,0.42949356569832536,-0.9183675617022335,-0.5527536149679684,-0.9979299934806364,0.7557776613730502,0.8942003524025323,0.7801735534172424,0.2663136967179593,0.9044843176833743,0.8784552422728178,-0.019743242638122174,0.7937686038451611,0.6867501875090546,-0.9741932122567974,-0.9065058773482064,-0.9777832395094302,-0.8979721532130319,-0.1868757859216397,0.481622689034379,-0.12732241136111705,0.6547246546619777,-0.8703335946818413,0.8995831488950733,-0.9356324264325522,-0.9024236214223513,-0.7943395693070131,-0.9130490873529975,-0.23392355875982151,-0.7660985501042027,-0.965283750771726,0.620071233924893,0.9472338885768152,0.9121377208664155,0.9666193424060794,0.9397585438013126,0.9904738456626598,0.9680821542009981,0.9439718890185286,-0.7754026676495196,-0.9872164509466579,0.2726392946306861,-0.975197227811379,0.8457772045767279,-0.9424239923337359,-0.8717793614310767,-0.7454956880653008,0.2937015068424377,0.9568373897292691,0.7412645871806761,-0.7805314890176572,-0.9362384256611238,-0.32016771143238504,0.9565327063993947,-0.5766874420047403,-0.8329974574486068,-0.8346104819509946,0.021324474565202724,-0.1350834999894812,-0.3829166788117013,0.9218107994321166,-0.8629060080352055,-0.6547743602354428,-0.9432332451610563,-0.8757382989897636,0.9712976205626852,0.9304475649933296,-0.7429284602525138,0.9019224912254505,-0.9747096396651733,0.5678361826721962,0.7998454153597673,-0.24150664117740137,-0.8455260106525804,-0.5383947712904423,0.3392785972628056,-0.9640174846355667,0.6068182050267042,0.7665136694847933,-0.9567719520057114,0.3565038552645001,0.27929663690768136,0.5520688387473212,0.7598268205188164,0.8955596584521249,0.4014145327179788,0.9206538828294965,0.9631706341641786,0.7053093346230419,0.8799303258669793,0.5581126832889438,-0.8964815779724664,0.8055105855602992,0.840576280097991,-0.8236707233465476,0.6518768706938404
0.8260700645320808,-0.9309469896899377,-0.6196159884597441,-0.7128653295975695,-0.9440875001741582,-0.975226290318582,-0.7328693270634222,-0.9104348678613304,0.5742379505928573,-0.9799597759170533,0.9612068889477194,0.9999999960060211,-0.9636641655356057,0.9535420689694122,0.7863563981955334,-0.4564246527460811,-0.7935115461428226,0.9491950246587455,0.9202766251673112,0.9004343875757506,0.8488002210339561,0.33118731299841003,0.8585032031074411,-0.9705377268408361,0.9062408029354974,0.9381508807137489,-0.7062411652158588,-0.9316813553673962,-0.9530937008444067,-0.9534149540988653,-0.979144640723534,0.573290237482807,-0.967576959280607,-0.42293458382305066,-0.9527029947090028,0.6874706626827733,0.8957637939725585,0.8234933873586826,0.18238659796047665,0.9681078917287925,0.9304538570401636,-0.2781032649188782,0.8294316429571325,0.7197512671218227,-0.9414157825176935,-0.9660857464235145,-0.9502043249235423,-0.8745359005779152,-0.1728802786974442,0.5540896220825193,-0.34894058726007504,0.6948691520283976,-0.8613264646204849,0.7891943783938806,-0.9437626760061201,-0.9049555125076411,-0.7303017084748755,-0.947010521082339,-0.11229732266159342,-0.8274646391878906,-0.9823271240322488,0.7211337418679117,0.9592329488942901,0.922706954630287,0.917961832839878,0.9624847235827884,0.9671723092785739,0.9392764514159725,0.8909565756445638,-0.7948668126188838,-0.9462039393891624,0.5191063687904834,-0.950843028538214,0.9075851238734356,-0.9833790332505448,-0.8141732904248756,-0.7859110611729765,0.45128910671524525,0.8487124638083267,0.746861615593575,-0.7687430558229167,-0.9465366051212439,-0.3951850336207436,0.939543501192441,-0.4468060440835024,-0.8669390018042195,-0.8261089246565901,-0.08805974699009357,-0.3010935441776102,-0.6163232144605982,0.9657471998741154,-0.9120892037179413,-0.569975154734346,-0.9956518308571458,-0.8888559933039248,0.9891852179807062,0.9829402175650469,-0.7255276001490655,0.9632047643816002,-0.996744941140477,0.7456389406897458,0.7278435491297041,-0.40921553684319306,-0.8913860847202656,-0.543275098666972,0.13312025561364463,-0.8680175366929069,0.6776601284904771,0.8119629170597898,-0.8829236272314801,0.5932530308353419,0.5078372615243825,0.6097847611879261,0.9074537015150276,0.7852411105082321,0.3408985358237071,0.9774141464280784,0.991136811490475,0.6185480380732337,0.9074677670066359,0.7230462034322422,-0.9157526866308338,0.8908530559449079,0.7544566012147993,-0.8692811317289313,0.7698832745263159
-0.7410489147912864,0.8531602621430168,0.6571362519810798,0.5668700765513407,0.9175467946244402,0.9269950173890746,0.7347052473831182,0.9193004761196423,-0.7496203836219065,0.9462154279237109,-0.9776170023334386,-0.9636641655356057,0.9999999960480978,-0.9894605303838836,-0.8759739368745612,0.5419531710147625,0.8501274246734029,-0.9805701376682028,-0.9236310358910582,-0.9753885138982378,-0.8790868395680466,-0.27048651963268205,-0.890136269000167,0.9140048602317609,-0.9527419676458057,-0.9320061474844761,0.8561622146189412,0.9280988153360724,0.975019557876616,0.9541427949880835,0.9707298597609698,-0.5581842557072341,0.9715672247622432,0.37473529293040914,0.9824977176083923,-0.6356551716168768,-0.9646783875057108,-0.8925803020979012,-0.06038089753148254,-0.8899434902703436,-0.9538516796052284,0.15310302805043488,-0.9039285292176098,-0.816634955100958,0.9970618589886682,0.9544613786347572,0.9984719474106815,0.9594994442824237,0.3651735231755118,-0.6550224253131608,0.09458251423718608,-0.79712213331986,0.9507649640730617,-0.9193277785150015,0.9884805676240286,0.957132607485531,0.8623335212573826,0.927226108883304,0.06891573709126454,0.6820545489560911,0.9935618346497029,-0.7682331286920331,-0.9907926197769359,-0.9768752009964649,-0.8960484350843408,-0.9844912839852669,-0.9800754177035359,-0.9275434565613447,-0.9786233319143904,0.8867241509779787,0.9357611614523317,-0.3815503444477892,0.9670609902525291,-0.934819957335585,0.9802996129391021,0.9369966810154717,0.8630785834522023,-0.48034214145983306,-0.8896697368971398,-0.8612949283755821,0.883675685396342,0.8898307466515595,0.5099198732271402,-0.8992319881042706,0.633420964752987,0.9300336865269727,0.9275725794163969,0.16585323819974437,0.331184682229315,0.49103503519886066,-0.9464904996947422,0.9431250447274862,0.5033544133821476,0.959599352224127,0.9565705269082658,-0.9802812977665502,-0.9687991788862224,0.845262264756221,-0.9357039978917904,0.9619535924144007,-0.6434010935019399,-0.7668568372217194,0.4123052875131498,0.914577581357906,0.4042889749730517,-0.34830376088167786,0.9463552415911601,-0.7603138464089954,-0.8835759614485148,0.9142308588448854,-0.4648749755942203,-0.4176146364216014,-0.4279427410718985,-0.811362943850935,-0.7930543294997047,-0.36791763366763375,-0.9632058266485225,-0.9474853738911627,-0.7860610012693179,-0.9381511661972173,-0.6831644468734888,0.9661057608674297,-0.8696044130119646,-0.9003185267551809,0.9111102301005479,-0.6304438902863468
0.7929363184222692,-0.8228010275884304,-0.7586330394201034,-0.5324123546428421,-0.9187537233206701,-0.9433862241025485,-0.8142881295915531,-0.957851612516276,0.7086360582215238,-0.95203870043768,0.9387141923259237,0.9535420689694122,-0.9894605303838836,0.9999999983159585,0.8591636240390684,-0.645412327370882,-0.9118998199287203,0.9961690330925556,0.9565582916714274,0.9880164530950327,0.9373613833543415,0.13545530847294515,0.9458721017014594,-0.8727739838492756,0.985663967330149,0.8957702287402384,-0.8702399092082289,-0.9683040798294253,-0.9914692444443663,-0.9210725070037961,-0.9354361700940245,0.6476555586582031,-0.9901895763128329,-0.2448928365103835,-0.945703311240818,0.5483208226369625,0.9843692543308101,0.942880801979596,-0.06795119163444839,0.8757841461792358,0.9850409777184312,-0.2734760380579868,0.9520173317117819,0.8749960585820864,-0.9831254840397955,-0.9738840608191955,-0.9845294364837222,-0.967761303765204,-0.45183726713512345,0.749165493105143,-0.1198382818352767,0.864799048555138,-0.9728359944757773,0.8895666383329821,-0.9990393408375676,-0.9695953397122619,-0.8712326580003842,-0.92525074970583,0.040545815409873,-0.6372398195514622,-0.992435081203744,0.852039372810366,0.9973350577362152,0.9938309442186816,0.8316426493211674,0.9927342127261014,0.9513826644972927,0.8803941604973777,0.9669782043135522,-0.9334573187657083,-0.8820789274882871,0.4816847534307665,-0.9374089838615991,0.976247492562049,-0.9893446323304568,-0.9418601184438261,-0.9181184096772549,0.6020400695731472,0.8145658290794576,0.9099806905581134,-0.9179519549252517,-0.8479311614474954,-0.6152057086214051,0.8462982385906521,-0.6225910916777959,-0.9698077872936188,-0.957127310807386,-0.28722008849572545,-0.463083440447268,-0.585306842672706,0.9511844050884782,-0.9779466935797889,-0.39834367693607464,-0.9600806704881764,-0.9830265014285011,0.9685100307123041,0.9809096182743879,-0.8818112040876996,0.9458087409306506,-0.9403378828819431,0.7084466336878368,0.7238295462983176,-0.5308632257192343,-0.9444942806858511,-0.32225258037458643,0.30257030782969085,-0.8986398014310991,0.841085616123674,0.9371463029611807,-0.8572206340872409,0.5607451291685416,0.5294888604905296,0.36658469371215413,0.8523694416940437,0.7020609349274585,0.3368904327770023,0.9774454798078483,0.9251768707712227,0.7946309332137754,0.9542225178974401,0.7672315085870243,-0.9872319715826026,0.9057257592491295,0.8981685455012863,-0.9471475682334515,0.6328992416796337
0.39799100291661743,-0.5426579637308718,-0.5182562491376558,-0.15762710930701881,-0.6145086159252021,-0.6854926844951651,-0.4651386804041719,-0.6874107989326461,0.6687756196100693,-0.6966796896944907,0.855131293456216,0.7863563981955334,-0.8759739368745612,0.8591636240390684,0.9999999990652133,-0.6071879243162355,-0.6668204337303077,0.8126103358213669,0.6761072022238435,0.8955703338994895,0.7025119285120692,0.16232413361073342,0.7870474927120243,-0.7124611594873733,0.848913297618497,0.675891300230845,-0.7485987155277295,-0.7665242838528078,-0.7852465911791539,-0.9105236250723067,-0.8110299382684533,0.6343480348132076,-0.793378528967311,-0.2283387097314722,-0.8530665503357644,0.7198348433698857,0.9060628128398207,0.738847099418292,-0.018555027918894754,0.6109095854112493,0.7750670361922817,-0.05637260848202279,0.7996536565625506,0.6446859241799917,-0.8889362615243249,-0.8446540004613629,-0.8948622124045923,-0.8028182706146245,-0.5011314273763868,0.5946798514773763,0.06525957654396712,0.6814479324237595,-0.8366972221429075,0.8621629376304988,-0.877716317398564,-0.9450956804003859,-0.9649231544777943,-0.8995862670195691,-0.3335534393842106,-0.5788693287323673,-0.8483181886499472,0.6379068443805909,0.886232676037341,0.8296508802884551,0.805997568661981,0.7984510243957984,0.9010730702584866,0.6994241956572234,0.8724142289091489,-0.8549457956282347,-0.8296527450083764,0.22835235971104312,-0.7514526160371697,0.7979233993556483,-0.8259700803670061,-0.8729550298543598,-0.8433103298786753,0.39628820961882855,0.7944470768405295,0.8197553066052327,-0.7486948195512804,-0.6268130342096969,-0.4162042506300821,0.674639120159632,-0.48688852855729575,-0.7882541145799399,-0.8375522076833728,-0.3389620465751611,-0.30112056548173444,-0.2878008361636696,0.8794253123196297,-0.8594633456541045,-0.5850374373781164,-0.8040936293034798,-0.818259528563826,0.7779636909869344,0.8262484671694501,-0.9138872907212762,0.664615761666866,-0.7852037119638684,0.5836460744201907,0.9472448816179742,-0.44749726531172973,-0.9053516233187477,-0.05863816867137496,0.2837653939108164,-0.8366846328929537,0.6542425499450577,0.7434650894613575,-0.714193270268839,0.28104407288192673,0.3066931073996128,0.3812903454482837,0.6174113075968812,0.7919966007616738,0.7322588167307575,0.7523812472869018,0.7294094840168455,0.6612081743575258,0.6830513309804842,0.39402157146673095,-0.7922252334142037,0.842547995398859,0.914350058584916,-0.6759657221465857,0.6223597364599276
-0.5191291665904351,0.16998862985691368,0.9145939167310906,-0.13393359760074425,0.4099914002913233,0.5300386500435316,0.74803214356633,0.6746502074532302,-0.29341560636307734,0.4859119096670627,-0.3656723854464315,-0.4564246527460811,0.5419531710147625,-0.645412327370882,-0.6071879243162355,0.9999999999387493,0.8056217962438874,-0.6408594293352229,-0.6345955897431131,-0.6957485570416351,-0.7996427905470891,0.6494141337852618,-0.841261615643248,0.23029797746493183,-0.7642027590256143,-0.2543497760168584,0.6364613186578619,0.7300103935278173,0.6238934846708866,0.42655088459180307,0.34670355695329236,-0.9013837261626758,0.6337287689823901,-0.5715784282361284,0.3812647711724103,0.018962350185801842,-0.7383653984239887,-0.7955494433381334,0.7583373609553029,-0.30283269441080807,-0.6977447447156294,0.644275329658893,-0.8252289373026429,-0.7882792467926709,0.5395138319016698,0.664694007055993,0.5403814958342297,0.6156949483575173,0.87960291851908,-0.9494061879412994,-0.0050532136021227865,-0.8645742513464001,0.7144170484475727,-0.46453226602301556,0.6610438265707902,0.7174336210625692,0.7411856269408846,0.5800125701851023,-0.3961179894330913,0.0845590106763459,0.5650847897234879,-0.9015589083889916,-0.639459543248228,-0.6683420830774579,-0.17824302325717542,-0.5879728876625558,-0.4496089593908227,-0.20785585916649016,-0.5538040470039128,0.8602795984624152,0.25722711269032517,-0.6444590446493349,0.34867170426483346,-0.7694567075905909,0.6000111493036375,0.6573580563575845,0.8916491571830634,-0.9390628404578044,-0.13763475091459593,-0.8567334483472062,0.7329260759278161,0.17073822717776782,0.8975053092290015,-0.14836850346313507,0.34227321162453195,0.7684931518072067,0.7601089271800198,0.9140736808390377,0.9307491463054941,0.6578970469843357,-0.6038246731934109,0.7749939022865221,-0.2107008955073349,0.525653037401451,0.7177473358626739,-0.4533124587574731,-0.612234514400905,0.8534207045337926,-0.49078340148820776,0.39370692079601116,-0.7022223893133444,-0.40811080846405823,0.9434775744112832,0.7743321521463856,-0.45705236620523787,-0.027211033407137614,0.330040304351965,-0.9097264231047537,-0.8171863114182359,0.1807591324338927,-0.6605168870292224,-0.7786727020553527,0.15248984750247493,-0.5987038350852878,-0.03454381341676427,-0.32235933561439495,-0.5759004875828198,-0.3500226304445632,-0.555734280989396,-0.5585606957160699,-0.708771886018927,0.665102094070365,-0.7488418887425277,-0.6545495097907917,0.6666324556615981,-0.3714533184404274
