0.9999999998514186,0.8709826927510205,-0.9407996497913015,-0.20938263748612357,-0.6769383690159853,-0.8341616790451901,-0.9318848067331623,-0.9913644717413259,-0.993470474445269,-0.9474260802873647,-0.9283429864377879,-0.3667876529840147,-0.8745683746927694,0.8331173106294673,0.5608204383527995,0.8520139967200708,-0.9552813307724781,-0.7988468588794463,-0.9424979472800997,0.9534738347299571,0.7920538838480086,0.8292418667052598,0.8654734453346017,-0.9781030035346049,0.5917345783542997,-0.9322248248830791,0.6007622273162233,-0.7700250199532539,0.9889842696736162,-0.8147947878061319,-0.6488472329263011,-0.8385325511629732,0.7869927997284192,-0.994344413481783,0.976350292224519,0.9409612266834275,-0.414245121581446,-0.8434986323891582,-0.8410051334262493,0.971061985072905,-0.9505184114252581,0.8580007090548086,0.12318143977051611,0.9819500209834757,0.9384217844669991,0.9744711833736929,0.5572645191553168,0.9699243897823785,0.8213249064501991,0.7268693059463783,0.8209848352035253,0.894201825975961,-0.9073104755558896,-0.9027792270164317,0.929905758408195,-0.9495710357569636,-0.8933393610104231,-0.9657243637971349,-0.9442612503002361,-0.8635460372311723,-0.9627908167261301,0.8081305885430791,-0.8586410525176269,0.8039596386143536,0.9429222568919581,0.9109781747174767,0.41963153142301424,0.860251946506254,0.8687449798039042,-0.9463595051606047,-0.728907310995559,-0.9312907585636988,-0.7717959292569622,-0.9046061680751442,-0.9078527668030683,-0.8036657549010764,0.7717352307575712,0.9262936576377752,0.895405090636081,0.9389393570916617,0.9021163061232762,0.9635459659994108,0.9839729640403735,0.974085505516848,-0.9589193044696835,-0.5442268420072054,-0.627115590811369,-0.8484464158000883,-0.057856481429879175,-0.9537842848619821,0.7915838587155167,-0.9503084366271568,-0.23784426026486402,-0.009677555638342219,0.3438745315271689,0.9525931650966718,-0.6928595170494173,-0.8748726124184414,-0.19784372873965583,0.9605153080746947,-0.7538485610777366,0.4904885910879507,0.9121649860501714,0.40300197335618376,-0.9423139685193791,0.9344467071302356,-0.9469049813489027,0.9099003028634238,0.0566535514110041,-0.6941485212295141,-0.9354491063224103,-0.062024269240047225,0.38698856699861806,-0.0543838364571923,-0.8672610860346491,0.8755583847989691,0.5400123093145878,0.891088651132002,0.9392247537412282,-0.817188450141195,-0.695669892788284,-0.8469591615331148,-0.92060356886975,-0.29471378946885574,0.9795312884350357,0.8827831248164463
0.8709826927510205,0.9999999999682427,-0.9797018870371981,0.12654491707424081,-0.6149064004173106,-0.6647984923035649,-0.9488146204302046,-0.9041650176401055,-0.91829747308375,-0.9806833395756528,-0.8486743074608499,-0.6113710750695962,-0.9861878694317578,0.973434193103046,0.8709832213146891,0.966008076405512,-0.9276782610990219,-0.7694415861520068,-0.9427404785253989,0.8756232377352886,0.9060851540811286,0.9154789096225814,0.9238825700239589,-0.9104404615077011,0.6241653309201792,-0.9772456180812646,0.438275629524611,-0.5498377316130165,0.8559501426011547,-0.9658394823703602,-0.7820885757950352,-0.996660673046811,0.9621617431622543,-0.8688129015282334,0.900105180582534,0.9725195518883747,-0.6344623967614144,-0.8835507887174675,-0.9764982853431092,0.9571752588566954,-0.968889666282976,0.7292869441804529,-0.23131048638428253,0.9074467785736136,0.9583932362440689,0.9495535188230977,0.8273656121675197,0.9498980851380775,0.8613661119574586,0.6437691437149824,0.9192464582980648,0.8114486252741971,-0.9888512291421264,-0.9435738092876003,0.9745590341676708,-0.9587368828093144,-0.9820317095997123,-0.9308896285479129,-0.9345117697549318,-0.7020153627037763,-0.9651922007612237,0.9720213662261502,-0.8060708557233698,0.9229835387943982,0.8928406788976274,0.9249305848146987,0.1332242578411698,0.7626923475448836,0.8735357898590046,-0.9731417127445918,-0.8541240146623271,-0.9282241539758761,-0.9162545702091923,-0.9721626385886196,-0.8827744420881383,-0.8859162245546911,0.9838738307178587,0.9637258746575513,0.9236841656381106,0.9737414731225771,0.805892403354189,0.9540493859512923,0.873064286278176,0.9362324421454163,-0.9737743942201111,-0.617487596692517,-0.8691822658162757,-0.9596951685597565,-0.3983710694152868,-0.9130256347596704,0.6370760709942223,-0.9706710326620858,-0.5799129150646251,-0.3777831859088308,0.6567982024311104,0.9218547773059569,-0.8903323587737713,-0.9235481881485014,-0.4870520162778899,0.9474889866789792,-0.7622797864080262,0.33654646544890143,0.9206170852659004,0.577826306429736,-0.981113896180847,0.9226658951220873,-0.8943196756636482,0.9274539584366694,-0.15346823738712534,-0.8987148448079908,-0.7826352161524611,0.18529589517873582,0.5823738561162598,0.1994459876417469,-0.852093474694969,0.9455032587488186,0.7820941196065249,0.9862917083729428,0.9707217964240549,-0.7198826612698778,-0.5691884061555559,-0.7050097959137424,-0.9858565832638223,0.15346253960050785,0.9483876896300448,0.610952868909204
-0.9407996497913015,-0.9797018870371981,0.99999999991423,-0.03583868405886436,0.6930150607364575,0.7189634716492724,0.9720552487566608,0.9563436298470565,0.9723438754469155,0.9976313928235004,0.8982719345434607,0.6018066480426809,0.9596986418894827,-0.9691721184953435,-0.8059000910688594,-0.9728108754498279,0.9513625367967525,0.764298789868797,0.9532585284366677,-0.912702881102304,-0.9123165961174784,-0.923490131154821,-0.9436418708480447,0.9460546010100666,-0.6014044591974557,0.9822898036244768,-0.5135922807769806,0.598945505060444,-0.9234268475580562,0.927005416947198,0.7746382080492094,0.9702119754557377,-0.9465031707022471,0.9275554892827457,-0.9516456284710755,-0.9975291342786748,0.6012399179223262,0.8863763906857084,0.9684346285694094,-0.9871114458305417,0.9834518979415262,-0.7726574382998849,0.12198291518672306,-0.9446545792736084,-0.9884814262227287,-0.9797532896816519,-0.7691669104523001,-0.9801212979324312,-0.8882029285688262,-0.6324033628922413,-0.9142553536432113,-0.8510831807318606,0.9940107839237065,0.9789615907993965,-0.9875758550856031,0.9937528988732245,0.9913010660503107,0.9551862479425638,0.9653889302040451,0.7623674962187301,0.9859729237467856,-0.9424700069536062,0.8487188531076895,-0.9189436207217941,-0.941627729518528,-0.94224346716918,-0.20056759688311823,-0.8109796736061747,-0.9069347728249311,0.9940098077698478,0.8786711404464096,0.936165235711862,0.9133888201260688,0.9768540603979826,0.9493925474146234,0.9081714808120998,-0.931501497704419,-0.9783940078633973,-0.9446471518154842,-0.9941279157587719,-0.8622822182544283,-0.9765134074078741,-0.9275903986117574,-0.9670458484444329,0.9948737828196857,0.6209697496504052,0.8273286914863585,0.9425386529278506,0.3152901672231333,0.9440756942231016,-0.7603038639456109,0.9846126065698059,0.4976903643012685,0.30298915426070894,-0.598023761089737,-0.9459916737601526,0.8810029370287418,0.9379959930734734,0.42706947685790075,-0.9623235380244913,0.7948987384767029,-0.36880395841112734,-0.9478086854545789,-0.5537549467830041,0.9874962428506131,-0.9354497019956732,0.946000382538525,-0.9575327300368708,0.033325720895515824,0.8761486776911659,0.8288784034551389,-0.14505003302166275,-0.5791019096376678,-0.18857819514728003,0.8901714900118921,-0.9402410528292584,-0.7307624386052206,-0.9642632699610102,-0.9716986966473768,0.7863090971740492,0.5923380382170863,0.7678981843885556,0.9944926295157207,-0.023356846660823254,-0.9897691966320799,-0.7307736522583693
-0.20938263748612357,0.12654491707424081,-0.03583868405886436,0.9999999998816615,-0.4286669454210403,0.6532961918692688,-0.14998292450306047,0.23152709150041362,0.1146230291401068,-0.03360349250635306,-0.09957934245417738,-0.6483769372288404,-0.12965673695641566,0.22220041266089519,0.3841535435573162,0.23634867006507104,0.24253526958677885,-0.10356898266522134,-0.022011979869092743,-0.023178776424835762,0.41882995775570225,0.3710139735624946,0.3061677894242823,0.10687341835244216,0.4156091198727639,-0.08664651311001606,-0.7527474215998389,0.24199085298210019,-0.3231476940053928,-0.28392568675517327,-0.6052133880662516,-0.19770010590715453,0.21715984979707237,0.23377548574525112,-0.009535906715876803,0.07781267714516028,-0.8017916337166424,-0.2949029667138736,-0.27987636048148873,-0.01082007184874776,0.10765171769253909,-0.5849789041518512,-0.021894201443819428,-0.15365067530931725,0.12025736058978961,-0.03291345259998292,0.6598564727518169,-0.15362676541607037,0.3795109048857091,-0.5071879666212662,-0.15432331079915945,-0.4746937568541613,-0.13950951876079776,-0.03513511958564854,0.1279653202448907,-0.06798332847215938,-0.15125203044701357,0.048202174581194676,-0.11583757060104223,0.6145484729409556,0.004648660404395886,0.03876163897859373,-0.24364107089142417,0.4048985945039553,0.11567173349002975,0.18525074823302926,-0.07606184176502725,0.15820689678309943,0.2910653467965253,-0.07615155302360344,-0.23399985117346794,0.23818082598841256,-0.4300874608176227,0.07880628412346921,-0.002582600932031141,-0.39501025235909587,0.2601668910143668,0.15135027360219797,-0.20580304217753037,0.10009218708995272,0.13204525817032492,0.0011224052356943936,-0.11339334647900311,-0.192550812125849,0.04128680383440302,0.4150872273832784,-0.5871355997556523,-0.28869236576910406,-0.10239596160843815,0.28084837779916094,-0.2395387992866995,-0.03821177298034972,-0.8799838771186702,-0.9001333863386379,0.20910334196565944,0.021752547555043477,-0.31532366274798435,-0.28568999203318635,-0.9154972375095686,-0.11163313726532784,-0.43786386844215186,-0.8564838671337048,0.2042981027395791,-0.22708143710668746,-0.01972801839582088,0.04161728542124688,-0.10640940771579868,0.21495832740593998,0.39608017628403547,-0.5015259728722917,0.24962184342506422,-0.032082228912468966,0.766313122897849,0.750564407657071,-0.27952058572708416,-0.17329920449673653,0.6979333369727757,0.015488432887742588,-0.0587566333992726,-0.26351333037670494,0.7172607253324417,0.6004552610977248,-0.12303436065091046,0.4398217044739563,-0.06541496782285086,-0.13841800340977659
-0.6769383690159853,-0.6149064004173106,0.6930150607364575,-0.4286669454210403,0.9999999995316778,0.16570579403867677,0.8004913414667727,0.603125808576986,0.7048129966829864,0.6918470442009692,0.84071668825755,0.698090749024422,0.6159716929905876,-0.6966311019327885,-0.473912853897908,-0.7523798555131426,0.49358292187524994,0.6371615165775184,0.6802069262952954,-0.7277354542689748,-0.8693285468291453,-0.8675019516060851,-0.8681372896019821,0.6649017335129538,-0.7109382972376836,0.7014925977818064,0.04465745148560666,0.4915293558945302,-0.5678195134270183,0.6713669348630426,0.9016090546858422,0.631885410111922,-0.6262063243735492,0.6305261857949465,-0.7805527965087099,-0.7411093337704627,0.8313016859643839,0.8203420644237714,0.7473300432170793,-0.711729500336436,0.5727309619636559,-0.20554736649756888,-0.4050298456581618,-0.6324400908422738,-0.7901509847458725,-0.6997619177796567,-0.7400904262484452,-0.5896445118909182,-0.9220638223920642,-0.06701166190926244,-0.376323743846707,-0.3008867806310367,0.7159503572771286,0.6928623738133683,-0.7503652995965681,0.7654815251330273,0.7211462394902347,0.6738946017338681,0.8037380753752585,0.22741224613451444,0.688406567563337,-0.46490165172826364,0.8951546803864966,-0.8448226368457236,-0.8512199332568572,-0.8074925503816874,-0.4568148250858452,-0.8502428823474417,-0.9034609192953558,0.7378293306486333,0.6938113196392611,0.4427803091262264,0.8366431994004813,0.5288874758987179,0.7508173292254634,0.8981902170666461,-0.5722575345701647,-0.774154090242102,-0.4572332594964814,-0.7494988967659372,-0.8700249895105884,-0.7017897097156001,-0.7147468690080622,-0.5668779479248242,0.6494047806896494,-0.013894018207051847,0.7651297773478815,0.7535433099217845,-0.15873539629226874,0.47778476168498407,-0.6150350359010434,0.6976387128834612,0.6417081197765627,0.5065855853479722,-0.18392900322339578,-0.7238953097870969,0.6498616816903945,0.8511070540152897,0.706764225129876,-0.5892822542662454,0.9500788048572727,0.2909889874693134,-0.8448730691322214,0.037146359571342366,0.6550413608194872,-0.7007300029737026,0.8520882658616956,-0.8541148730160752,-0.6845202733996524,0.7861530191893432,0.5651728796677106,0.24271988220963966,-0.8457575600955655,-0.49396426365475005,0.9088964188317719,-0.40797274781121834,-0.7851754238340026,-0.5425158309509754,-0.5778537368122556,0.9450815428381772,-0.05748164497860698,0.2250080118797638,0.7235143208536792,0.23341461216984657,-0.6975454500256513,-0.8065916607521144
-0.8341616790451901,-0.6647984923035649,0.7189634716492724,0.6532961918692688,0.16570579403867677,1.0000000000092826,0.6243670361741227,0.870446866479623,0.7960621214682644,0.7260142429050263,0.601051124633753,-0.0517959919750569,0.6634987622690853,-0.562826554470541,-0.34444786506920533,-0.5505070662591984,0.8918551466305157,0.5537965223395952,0.7223264788816333,-0.7136655642079014,-0.3799707202809521,-0.43015888393849694,-0.48398758792806257,0.7946311852206431,-0.21434972298851315,0.6909508928615504,-0.8703763497993308,0.6555437099502585,-0.9026881156476161,0.5352347511233866,0.15749821875601122,0.6061593914222703,-0.5508647742461735,0.855420706873667,-0.7127597299654772,-0.6845743570632528,-0.1103231815098352,0.47955202111235445,0.5309268111866872,-0.748012521619791,0.82030815342058,-0.9953542273637188,0.09741898374911209,-0.8256748761092242,-0.6458968569013842,-0.7613907253635532,-0.13514665458464006,-0.841347317338224,-0.3875662749592341,-0.895099018898909,-0.7931679555154507,-0.9689768128124254,0.6489223981927874,0.6793165634684958,-0.6553008489717091,0.6825795303790928,0.6296451445996033,0.7653762787196452,0.6419206861282029,0.9954563474160341,0.7498805848573993,-0.6941333632223583,0.46342938574095355,-0.4080048704427825,-0.6132205995364803,-0.5870970135665681,-0.228740280924329,-0.5018511715332455,-0.4671722254116182,0.6911537009819679,0.44630974291787795,0.8903008457949732,0.3741243982842709,0.7897883940159127,0.6586264440902111,0.3820409689437714,-0.5496316497126295,-0.6327521255162722,-0.8423341600304456,-0.6723953035913877,-0.5473496576836804,-0.7409548080391424,-0.7741335382897188,-0.8639647538727893,0.7760241511545604,0.7357781064485261,0.21750860099610425,0.5283458541550031,0.1619943689734089,0.906477239301485,-0.6422898516034523,0.7225388850626594,-0.222451846952843,-0.4120274331121173,-0.2881063435637981,-0.7092580991218788,0.4137552561931878,0.5054700700435569,-0.3136018628992098,-0.8190676418410974,0.27888212934009593,-0.8874496399049795,-0.5660348703753857,-0.5542207366265353,0.7409793988781938,-0.6966107048334818,0.6196436507362102,-0.5583369167710334,0.3872570788498101,0.30076020477435816,0.818438721419283,-0.09318319682817172,0.13844483603589536,0.4494071758433401,0.46307440657426424,-0.8388327441863755,-0.08043199100588806,-0.744596249760471,-0.7928478601935446,0.383637908448917,0.9719650624421404,0.9782537665518188,0.662059426013417,0.2715613007693402,-0.7770994449367243,-0.6047997829465624
-0.9318848067331623,-0.9488146204302046,0.9720552487566608,-0.14998292450306047,0.8004913414667727,0.6243670361741227,0.9999999998738005,0.9237420848336211,0.9629324277897031,0.9803971742064812,0.9692118630527154,0.5876091955608491,0.9580110294126463,-0.9314249540855288,-0.729893119330997,-0.9505759231641583,0.8962719115192445,0.8656739720018579,0.9768328209935309,-0.9617557334856449,-0.9492332209764885,-0.9722610390005553,-0.9828905184247599,0.9598896947709488,-0.7616697272992868,0.9885242114236262,-0.33724749044058067,0.699576426969447,-0.8843836985004343,0.9523746752772928,0.8696425958353924,0.9408814988745983,-0.8868688929086358,0.9241963211281484,-0.981496855191222,-0.9837534322400265,0.7024324793970178,0.9671388860195769,0.9611225639401859,-0.984994684834732,0.9389714544019429,-0.6758773922391753,-0.0746596160494721,-0.9478085363572378,-0.99281061512569,-0.981609628914017,-0.8154783104602092,-0.9366915515602258,-0.9582827035196935,-0.5953031585602548,-0.7967673304592396,-0.749721629766627,0.9783387263681077,0.9236307593540675,-0.9952001781515271,0.9847361242676472,0.9650250396612192,0.9714091682921128,0.9984204692147951,0.6636350911082421,0.9829637059445185,-0.8583137588533928,0.9474109361570964,-0.9626461832690575,-0.9886216752633918,-0.993612816840219,-0.38452360051951945,-0.9197832772269916,-0.9760576796586579,0.9914289492026739,0.8115236836330781,0.8807707746828909,0.9357372472256134,0.9042508872551249,0.9033119995284171,0.9456770238209413,-0.904725492792256,-0.998605347474354,-0.8452312491568795,-0.9915500214479898,-0.9497016748159465,-0.9852751352776643,-0.9550158026831573,-0.928664517434705,0.9660227657358543,0.4203080627855168,0.8556512236413724,0.9782209988156888,0.12488793351258409,0.8784324884244807,-0.6764959091264987,0.987291840960494,0.5679981314042067,0.3328713248218589,-0.44358605491304254,-0.9808576031219232,0.8171346468841688,0.9894050651624385,0.5281048900653424,-0.9494131663925758,0.9059768963854059,-0.2132717637807807,-0.9956990241368353,-0.3472255812408959,0.9763554201971011,-0.974275863414161,0.9881280281444461,-0.9947563866007244,-0.13065605604290437,0.8874100944145634,0.8665868015614687,0.06387182395920138,-0.6463687661443421,-0.1857374812804434,0.9689877006955375,-0.8485516664030064,-0.8076446175220067,-0.935561658702574,-0.9506762313230556,0.8995408275303669,0.4756535836242127,0.6486820320643125,0.985446693974994,0.10654677371293217,-0.9699253305543685,-0.8122068186114333
-0.9913644717413259,-0.9041650176401055,0.9563436298470565,0.23152709150041362,0.603125808576986,0.870446866479623,0.9237420848336211,0.9999999998259402,0.990431322470521,0.96107013411486,0.8934196043456498,0.36772132311272976,0.9006504451821956,-0.857874624708281,-0.6201727444496831,-0.8659429567605594,0.985367605081579,0.7779103359472989,0.9453230971647387,-0.9356344111219894,-0.7803859031908248,-0.8143624783135415,-0.8502807201309274,0.9756109620092391,-0.5480362189398404,0.9420667672530691,-0.6532149515513253,0.7302379485882001,-0.9944330318681298,0.8328822034108224,0.6168375456938835,0.8719578544936284,-0.8242590876623805,0.989702166102798,-0.9581458524593051,-0.9482859150045361,0.38400446015611694,0.8221016774456295,0.8558541983070032,-0.9745258218701177,0.9781634663745334,-0.899177554616621,-0.003797500218469104,-0.9835469806545446,-0.9359208873027367,-0.9770042778211587,-0.5642332730421394,-0.9909188835951331,-0.7894422955230092,-0.7701181301816918,-0.8823997031923625,-0.936863649774957,0.9230202434395901,0.9197475068149847,-0.9343312620856912,0.9507016171577901,0.9101849414249932,0.9663783331951318,0.9316140224743319,0.8978343611942152,0.9707791697290272,-0.8653057898498873,0.8128898785660174,-0.7955286269949849,-0.9165927949685012,-0.8964228561803171,-0.33183957971196953,-0.8102464886608566,-0.8368792454619174,0.9519703492092779,0.7475694044624728,0.9687036778002968,0.7690403010823731,0.9453831744297155,0.907091853030502,0.7846710828467475,-0.8143841490463474,-0.9249240229872836,-0.9402976876295522,-0.9440934584290113,-0.8569026111731449,-0.9664972559426313,-0.9677116476813283,-0.9940229434886513,0.9765132590284668,0.63155789272069,0.6352281511061151,0.8527686889446586,0.16347654199444756,0.9847807759809246,-0.7796763551122762,0.9584616929336778,0.23748330775543497,0.01517992481986792,-0.4276119072469879,-0.944980201860426,0.7245106312584313,0.858718685333361,0.1743270617431382,-0.9773360997436142,0.7023219150850041,-0.557386246820066,-0.8935298872997762,-0.49902053576688327,0.9592776636878839,-0.9302591381074464,0.9211286168200138,-0.8932575442655755,0.06769341718947283,0.7018869251878564,0.92202841801275,-0.029972022014924195,-0.3541344388955397,0.06661162273395739,0.8299712775423679,-0.9295617909047814,-0.5317889099864775,-0.9273239411775086,-0.9640652172430799,0.7534855365726857,0.7539344506584787,0.8864864755654879,0.9329236710480509,0.2011136970200886,-0.9849469945335012,-0.8144279571907961
-0.993470474445269,-0.91829747308375,0.9723438754469155,0.1146230291401068,0.7048129966829864,0.7960621214682644,0.9629324277897031,0.990431322470521,0.9999999998897957,0.9771305528006669,0.9397659671054622,0.4524106039349923,0.9169825567007178,-0.8886440588569545,-0.6458064928332807,-0.9042728159973956,0.9620545031401954,0.8100682807399351,0.9629567211519267,-0.9590749032954078,-0.8498466578342421,-0.8798686043403523,-0.9100066215209553,0.9831642287150102,-0.6217985581570231,0.9642531386903359,-0.5598353422831698,0.7333509374675188,-0.9767045416440612,0.8687381096427853,0.712894547350583,0.8935119397204287,-0.8475195935332613,0.9856883128505121,-0.985765271234686,-0.9731868311774143,0.4967229514265522,0.8800334316763985,0.897044468695749,-0.990954891231227,0.9712082588251947,-0.8303758499546343,-0.0619526114020697,-0.98405209748802,-0.9703808865373104,-0.9911139889014057,-0.6443496360160331,-0.9831446221024672,-0.8647350678622867,-0.7006727809631796,-0.8525272139169309,-0.8812860770757537,0.9492626272453342,0.9366338500493896,-0.9647178224293761,0.9781695875073744,0.9378237357918442,0.9783271323357472,0.9694539408230843,0.8303128091321399,0.9849224583277141,-0.8574439065042775,0.8791230575456092,-0.8608305873757943,-0.9618941363897919,-0.9412231765568222,-0.37039584382535434,-0.8682112823231977,-0.9027888042499271,0.9768064268211192,0.7844224766469144,0.9406977213421785,0.8350585296673949,0.9351222530138004,0.9308322540891821,0.856249993557688,-0.83572001112095,-0.9605253744714985,-0.9148165006179252,-0.9718974052813806,-0.9116094126499545,-0.9834552744099082,-0.9822162436741197,-0.9819372703212094,0.9825472534116959,0.5566080068439407,0.7091989055171881,0.8977879355665379,0.12680747377960155,0.9573564567990251,-0.7833975087043382,0.9767447749625032,0.33947715017616276,0.1150445348887633,-0.4200223868145198,-0.9684542056376627,0.7614835296986993,0.9156605924364952,0.2917113532292981,-0.9740574636965507,0.7918643152561543,-0.4381456348774604,-0.9435828560035366,-0.4383093931782204,0.9708538001851547,-0.9531013514526813,0.9655338519555995,-0.9442683398293928,-0.044790314637866896,0.7690285089798273,0.9166411151329574,0.014360636755342857,-0.4671102899214829,-0.028988357435398075,0.897061243754769,-0.9008536807573015,-0.6229149646102916,-0.9265783567630967,-0.9621807849670919,0.8314381196416858,0.6570969048667878,0.8188876224151893,0.9590455016594198,0.20326033073549776,-0.9955706085299267,-0.8524286140106028
-0.9474260802873647,-0.9806833395756528,0.9976313928235004,-0.03360349250635306,0.6918470442009692,0.7260142429050263,0.9803971742064812,0.96107013411486,0.9771305528006669,0.9999999999541579,0.9169006384156286,0.5653114437406468,0.9719993574377658,-0.9569934917229888,-0.7831763212727461,-0.9622375678405323,0.9564229136582676,0.8057200144097723,0.9716724858164226,-0.9353901145237778,-0.9094778322255876,-0.9276727212637752,-0.9460196747639036,0.9629121376999267,-0.644795114685481,0.9922318820257336,-0.4900302438656459,0.6462829512193374,-0.9274660674497718,0.941245661187714,0.7811978465382027,0.9684798958078844,-0.9296867331043973,0.9404707055971918,-0.9634903580530824,-0.9960301429340487,0.6010538267250893,0.9076037191002395,0.9640336926263531,-0.9941255396631926,0.9861301930680361,-0.778061056019189,0.0826030382045619,-0.9604558621889239,-0.9889980449372385,-0.9894446376836538,-0.7684122688517466,-0.9820402578180774,-0.8937515459722509,-0.6657985523820819,-0.898671992792178,-0.8497176241621625,0.9929320168547396,0.9627745624152781,-0.9932258543155069,0.9918692438672932,0.9846117141575705,0.9720985053740113,0.9756621849176271,0.7644167904618839,0.9946657242898186,-0.9325811621844968,0.8685290983077868,-0.9222152371721205,-0.9516955018816146,-0.957529449175519,-0.25509848555143455,-0.8379478160726159,-0.9165887594897427,0.9975703773308862,0.8464626044295301,0.9447584486493321,0.9071340205832499,0.9703013999280647,0.929904798451498,0.9028286667947577,-0.9327641679078179,-0.9863056950512222,-0.9324045486316728,-0.9962245996192427,-0.8821631763169487,-0.9883434397519294,-0.9443510411583149,-0.9729652675196857,0.99703522214088,0.587036082721412,0.8216987428399629,0.9545704115295498,0.26872058400294835,0.9459471258148305,-0.7259512176674568,0.9942234021319482,0.49289252921045457,0.27782736504540795,-0.554762547623341,-0.9646572620616454,0.853508452778945,0.9473003684422434,0.4236901391553959,-0.9758965660451859,0.8079348820976556,-0.36859885297906153,-0.9580863596100507,-0.5115153846103784,0.9955537664138946,-0.957014840551518,0.9542878193915064,-0.9627610875050866,0.034695197747764826,0.8659069548349748,0.8589942119323892,-0.08707734150123178,-0.5611874163273408,-0.14333300411825287,0.9024884394527812,-0.935392692543968,-0.7357496440144751,-0.9736263043924932,-0.9827214631966733,0.8026458055331309,0.602213753700176,0.76127170536711,0.9959130608531302,0.016556818399994327,-0.9912465994166098,-0.7478273342357131
-0.9283429864377879,-0.8486743074608499,0.8982719345434607,-0.09957934245417738,0.84071668825755,0.601051124633753,0.9692118630527154,0.8934196043456498,0.9397659671054622,0.9169006384156286,0.9999999999484296,0.4530802861951543,0.886131019683469,-0.816303149869826,-0.5435906767428241,-0.8522581091948429,0.8366401768565415,0.9170208253409623,0.956439812851281,-0.9830018686819804,-0.888279093550307,-0.9299012368894685,-0.9423151645121944,0.9550474675089224,-0.8320459973151167,0.9387214309100044,-0.2605795672677716,0.8212911485606499,-0.866155240262566,0.8845393481724778,0.8442081395991154,0.831155671208157,-0.748020851922144,0.9270361258970634,-0.9838203364395013,-0.9200120691512194,0.6567102437660993,0.9678786606720738,0.8677875111445786,-0.9471967240226361,0.8673352849469624,-0.6352942270495368,-0.31423690060813203,-0.9391323119825695,-0.9434432240687107,-0.9512998803129951,-0.7186997449147413,-0.8771708048834205,-0.9434408979105757,-0.5950013334180732,-0.6551799049026394,-0.6845607866623007,0.8985567667437315,0.827586584952624,-0.9431807630453029,0.9302549890738473,0.8742100023770895,0.957176100811303,0.980023044307034,0.6305719478338598,0.9408005245879798,-0.7153869434139999,0.9867082243241471,-0.9071868948374682,-0.9906977986039055,-0.9813366126327806,-0.5915270155058672,-0.9844932202256645,-0.9734834639685251,0.9382086655853041,0.6775965661464378,0.8163560659363143,0.8557850686168036,0.7975998378812506,0.8315825422089523,0.8934589118479224,-0.7832267546347781,-0.9570109448091042,-0.7351792132394182,-0.9348855016162624,-0.9963445704137156,-0.9551623364473919,-0.9711916346637015,-0.8804018406076516,0.9024292085726652,0.24656688541446334,0.7527433447212647,0.9257550528746966,-0.12081689944906167,0.8158826793044214,-0.6252168440928368,0.9430501832693124,0.4707781850100014,0.20315223724805498,-0.2135140166259506,-0.9762321466591152,0.6653471388594554,0.9626816109272428,0.46684774534107104,-0.9113483478125741,0.9306115182078527,-0.16617800918242426,-0.9798897394406131,-0.13672223962049712,0.9183378944207898,-0.9681066746493665,0.9871934857441702,-0.9670661621261252,-0.2785545516745005,0.7823795256973444,0.9141359441678408,0.2894083413983062,-0.5809358082443585,-0.06743151001377197,0.9799592523887639,-0.734413583129246,-0.7403470253266318,-0.8531630652725227,-0.8926391417240398,0.9606355037190251,0.4356550205689737,0.5934192920831978,0.9156342109355379,0.33765626800181114,-0.9249166467805111,-0.9146533360523569
-0.3667876529840147,-0.6113710750695962,0.6018066480426809,-0.6483769372288404,0.698090749024422,-0.0517959919750569,0.5876091955608491,0.36772132311272976,0.4524106039349923,0.5653114437406468,0.4530802861951543,0.9999999999809877,0.5223268592397646,-0.7635141062488952,-0.8277788329794801,-0.7676861643580973,0.34517153573366377,0.2049095907175021,0.42071255640263266,-0.3493448378861003,-0.7987305981890376,-0.7264860137693702,-0.7124355013185897,0.3532560303816976,-0.2962036167616079,0.5347496094086266,0.012201774397663902,-0.1310045065743347,-0.3005403664974684,0.586058633665072,0.7732611392657439,0.6684696209623358,-0.7753590297146196,0.2964731271642254,-0.45946812123680825,-0.6233063129397212,0.8409677306897164,0.5378180058547402,0.7456013915033528,-0.5036113693600666,0.463169260324656,-0.029523849029942564,0.3123338633977481,-0.330083374195025,-0.6337251781759009,-0.4669699204109973,-0.8372543013895202,-0.44252945468142024,-0.7098733201360152,0.21012909604313623,-0.5128360284597151,-0.18941892053549195,0.6511057667601807,0.6900263145841097,-0.5967503866621426,0.6211445187882606,0.6971992445577604,0.3917384657938622,0.5513699284587377,0.03391780135710502,0.49210806185127964,-0.6052298128994082,0.508027281993943,-0.7477214328584146,-0.5460101455380026,-0.544028428450669,0.2876160820019529,-0.3847966648281186,-0.6373273974337844,0.5840411313447524,0.8688953820346115,0.3095658835080609,0.826734322361588,0.5379146573593508,0.6866141828288297,0.8040635000720264,-0.6573516473045578,-0.5918411789062029,-0.48296078061856274,-0.6094508929459234,-0.4479637018926939,-0.46966572562969267,-0.3463500824867374,-0.3828755386724511,0.5183217372176252,0.31060883715202997,0.861962019618376,0.6208159965742693,0.530550846361772,0.34094304932889963,-0.547874152346425,0.5102562181046266,0.8478311512043647,0.8952819072718252,-0.7425634356297461,-0.4197458165305823,0.8780409074389788,0.6465888714599023,0.8299512070884698,-0.3741856756523939,0.6465070390719126,0.33560489901977547,-0.5974020497763808,-0.441767886443479,0.5078209132881993,-0.4026936610511927,0.5557264928864297,-0.6453974091018845,-0.2906123960626714,0.87241950923056,0.10884597779112304,-0.4430477447171761,-0.9383578006704162,-0.8962790330891289,0.6039890907166102,-0.4412098148188264,-0.8036341213481135,-0.47287741717183496,-0.42601439607124225,0.5187365240139538,-0.19409507220008695,0.1065691921257296,0.6248384219153467,-0.5237508598112018,-0.511981172047225,-0.2427211189539324
-0.8745683746927694,-0.9861878694317578,0.9596986418894827,-0.12965673695641566,0.6159716929905876,0.6634987622690853,0.9580110294126463,0.9006504451821956,0.9169825567007178,0.9719993574377658,0.886131019683469,0.5223268592397646,1.000000000381023,-0.9307690774715458,-0.8020170942504992,-0.9285934474019758,0.9220257704445967,0.8598445439025063,0.973427195494914,-0.9193316023451966,-0.8919943586118562,-0.9177783991018468,-0.9213897317614281,0.9375690337249551,-0.7261005716213,0.9872345521756688,-0.36541565084452676,0.6566836732239398,-0.8511519322387131,0.9865607987100475,0.7954800207607812,0.9770185472965665,-0.907239676163241,0.8865435822948874,-0.9181729860013355,-0.9559338201264898,0.6351996221908629,0.9265030352310898,0.9536546779351387,-0.9605818195969009,0.9583892133985388,-0.7232007068673385,0.12186445031730761,-0.9313049760453997,-0.9482010712084378,-0.9592936434903567,-0.8187903322539558,-0.9383081118014642,-0.8696541435819909,-0.7048742557577171,-0.8621811886783329,-0.789028057831468,0.9725054191787991,0.8914204706231484,-0.9754486809877174,0.9420870371629143,0.952552327884502,0.9579413604933326,0.9487102469429579,0.6890035156555865,0.9719477394638438,-0.929566527082006,0.84920744982316,-0.9225351832213388,-0.9087175603607605,-0.9517664559388385,-0.26933194710645814,-0.8230775604844849,-0.8906476586911151,0.9686195290498713,0.7667945447200541,0.9300286794026141,0.8930395388698057,0.9386049148451312,0.8255195291321537,0.8668980133254734,-0.9708066048097731,-0.9709268293528576,-0.8759744620968707,-0.9660046743022471,-0.848307021803483,-0.9689562210663993,-0.9020330510461511,-0.9340530422973723,0.9636737460689468,0.5163019894736042,0.8479341216180649,0.9769705663385844,0.27206635030376203,0.8996852003161081,-0.5476614201630786,0.9798085649832349,0.5675897707461115,0.319750157049701,-0.53824124629307,-0.9546370932413171,0.812667456253609,0.9372878689848355,0.4822756294534029,-0.9641029599895282,0.792204167268804,-0.31740141938843364,-0.9363706633324205,-0.4580242354549274,0.9852899473731421,-0.9619894576104286,0.9058620795893414,-0.9311040963544819,0.13705830836423014,0.8656582399787965,0.8428108239799534,-0.03562293091871881,-0.5422073491062902,-0.09757598873948631,0.8762953508575833,-0.9140372696702864,-0.7896723466436543,-0.9911594874106325,-0.9804868505782395,0.75826015859879,0.5727111802279036,0.6710708630897142,0.9756972111600458,-0.0499255585825323,-0.9382727778832273,-0.6500159505757664
0.8331173106294673,0.973434193103046,-0.9691721184953435,0.22220041266089519,-0.6966311019327885,-0.562826554470541,-0.9314249540855288,-0.857874624708281,-0.8886440588569545,-0.9569934917229888,-0.816303149869826,-0.7635141062488952,-0.9307690774715458,1.0000000002252383,0.9180350148305835,0.9964949394605572,-0.8641750481455271,-0.6593075017950885,-0.877667705140468,0.8095061868447965,0.9454288197685603,0.9322060936551871,0.9413810170933778,-0.8445451995994869,0.5487837696664458,-0.9373195128277494,0.41222869566876713,-0.4115034917896253,0.8076305968038505,-0.9218853049786855,-0.822446462440302,-0.9834600254486789,0.9936478078208112,-0.807309971661585,0.8678206896972266,0.9683625889956539,-0.7100220025328116,-0.8479714153712594,-0.9908080849896069,0.9235472620159044,-0.9239647108249792,0.6333096445276322,-0.26546541020087133,0.83840230589841,0.9583785217599854,0.9069139695292355,0.8659359993746109,0.9087280399988846,0.8871278492194626,0.46827967018100014,0.9026892112121798,0.742320123830625,-0.9819354602283552,-0.9741245808176052,0.9545443713217239,-0.9595206294865107,-0.9922216059359389,-0.8667785333670596,-0.9120586789327177,-0.6191106764971587,-0.923671873753025,0.9551094790841994,-0.7889121441631465,0.9403602725272925,0.881064185119902,0.8939252349245421,0.02339908324975751,0.7209452717842766,0.880167336016502,-0.9547637086167811,-0.9475971086183567,-0.8491776780823777,-0.9603727234086668,-0.9479926462686545,-0.9339946143877044,-0.9364303336843975,0.959871876133742,0.9428104072672066,0.9048231333615571,0.961891176949203,0.7798325321713517,0.9071366860094944,0.8170646243808888,0.8809427038884606,-0.94240977287429,-0.6215880376962138,-0.9158743762497106,-0.9325611911668414,-0.4683921415388932,-0.8558113432449743,0.7254555116159064,-0.9293967851038297,-0.6546498225361509,-0.5134013315972992,0.7377480326885364,0.8635778703205288,-0.9660781361434567,-0.9192553890878706,-0.577395573608111,0.8771709936787486,-0.7845707563239848,0.2229000100943167,0.9091015659848475,0.615286752849873,-0.9368352625463768,0.854670743157253,-0.8868330385534792,0.9305296704754035,-0.03049565918538368,-0.9529624657977757,-0.6749584370784464,0.2914587301656692,0.7112556591562326,0.3989045959778354,-0.8538495185090599,0.9000517969381903,0.8173032140564888,0.924081544066881,0.9061644695751049,-0.7282197290717459,-0.43929332388791326,-0.6456624625161529,-0.9725794135570309,0.23931528160571305,0.9261444661394334,0.5915248021237622
0.5608204383527995,0.8709832213146891,-0.8059000910688594,0.3841535435573162,-0.473912853897908,-0.34444786506920533,-0.729893119330997,-0.6201727444496831,-0.6458064928332807,-0.7831763212727461,-0.5435906767428241,-0.8277788329794801,-0.8020170942504992,0.9180350148305835,0.9999999998905548,0.889545563687448,-0.6746641761912283,-0.4187455968907048,-0.6646884680185771,0.5415238415352416,0.8213777908456461,0.7788044048738015,0.7711956817698942,-0.5945850513664053,0.35499599040491464,-0.7596455781946767,0.2926315671630187,-0.07875444040542733,0.5503274471941632,-0.8125358027170532,-0.7084734072452736,-0.9026085644213131,0.9504959292020169,-0.5336435101901963,0.6078008206952514,0.7944937290015915,-0.688268974198155,-0.6485317764399308,-0.8884343752918232,0.7125209434719781,-0.7545284103740646,0.4320693048756413,-0.573679839755472,0.5894236027575624,0.770173998712493,0.686982413137407,0.865314221775701,0.7154482912897133,0.7016212562566675,0.28212745924502164,0.8399332895948879,0.5608631162112621,-0.8412608391038809,-0.8363226763595775,0.77770801239473,-0.7703677222501587,-0.8645848960799741,-0.6349577961650734,-0.6914846586452956,-0.4018744414381975,-0.7226007692278219,0.9113023878027294,-0.5313014220046497,0.8115108624031306,0.633841084131344,0.6824344638821553,-0.31048907424301353,0.43345910199906257,0.666148842788514,-0.7707332899476405,-0.898960724774573,-0.6763128497307863,-0.8637367488624182,-0.8287774242440121,-0.7582747876271532,-0.794223746178038,0.9184088194627067,0.7565797605273843,0.7816238153990882,0.7838897979146022,0.49617966744828146,0.6935200267630688,0.5376109781487808,0.6742821208452923,-0.7623023266333088,-0.6477578304376022,-0.8961228492250006,-0.7917710757345335,-0.7307399865142352,-0.6657205171291611,0.5299490612334609,-0.7371599910449645,-0.7473244793528538,-0.6914409751126889,0.9086355610012345,0.6274260245946364,-0.9588583407380629,-0.7345882072320523,-0.636890747838206,0.6719954183428082,-0.5759694922436669,0.11456078492657476,0.6975709778829754,0.7276053983615652,-0.7624956515039185,0.6293001645920481,-0.6402612500481993,0.7304543045165045,-0.22499964281558907,-0.9093568972085251,-0.3758852949323689,0.5432910361293237,0.7032682322310385,0.553054993494987,-0.6247561407421022,0.7965313912974415,0.7902444026035493,0.7969152689873391,0.7325382820771569,-0.4507438968480151,-0.2811493016544873,-0.4537689017270426,-0.817077543468795,0.600085322872225,0.7143575219320198,0.22626594448496762
0.8520139967200708,0.966008076405512,-0.9728108754498279,0.23634867006507104,-0.7523798555131426,-0.5505070662591984,-0.9505759231641583,-0.8659429567605594,-0.9042728159973956,-0.9622375678405323,-0.8522581091948429,-0.7676861643580973,-0.9285934474019758,0.9964949394605572,0.889545563687448,0.9999999998982357,-0.858713697095575,-0.6867656793639073,-0.8906118655141096,0.8352981857458526,0.9649215416667536,0.9545302158796107,0.964012636796837,-0.860598445018544,0.5885032109256956,-0.9454503560788711,0.3840843019627029,-0.4491381825942447,0.8171959711067264,-0.9244644072891659,-0.8537235962880303,-0.9754936290750568,0.9815316449887709,-0.824103043876234,0.8933598751883093,0.9772165449115979,-0.7371788546987843,-0.8754861203332308,-0.9942484096805096,0.93548850261907,-0.9202458436225257,0.618487469251421,-0.18835090996484813,0.8517684957899178,0.9734755163904378,0.9195917898961173,0.871932521172582,0.9090792840089267,0.919793588427591,0.4528511898336742,0.8750806032020213,0.7269943931562116,-0.985502243175405,-0.9752895322125641,0.965751002334615,-0.9721839749132749,-0.99451227564611,-0.8809786541338624,-0.9341349075582562,-0.608170000544926,-0.9329078957602503,0.9310726802168401,-0.8311039780217061,0.9584788428605651,0.9114039150842959,0.917350014564609,0.08645899219121525,0.7659724334975725,0.913467044902693,-0.9651204967919984,-0.9448196436224836,-0.839229971151501,-0.9739541311170451,-0.9350590485057114,-0.9456024410411608,-0.9602427455211985,0.9458512409207352,0.9577470682221975,0.8883377542792372,0.9723986434867447,0.8218847767399633,0.91970494684498,0.8415190199058414,0.8821565439277846,-0.9451169466957571,-0.5719783669482482,-0.9214939575077221,-0.9438046820958124,-0.40189573879430873,-0.849382500013503,0.7401222410934777,-0.9385934538557248,-0.6611627076843153,-0.5116667114701005,0.6891760543748664,0.8830125136505576,-0.9555969174092134,-0.943062678528019,-0.597641663235101,0.8809909066435777,-0.8290167164931299,0.18588244276538465,0.9346996041095963,0.5585079817132483,-0.9403852836888706,0.8720764724781895,-0.9167187482688254,0.9545347359570656,0.04711764991633118,-0.9590575209991277,-0.6975353958147166,0.23015350916692848,0.7381006287427877,0.40489567594804476,-0.8905819498582356,0.8784637963006102,0.8328665072268538,0.9153140956274348,0.9048259929786738,-0.7805270951999473,-0.41168851689914826,-0.6306901642638648,-0.9785195164675957,0.17699910331312133,0.9363804238119544,0.646093090154944
