0.9999999996541562,-0.9830631085425576,-0.9786877674944036,-0.9806124966681803,-0.9903262710600962,-0.8268957058191153,-0.9723372347060371,-0.7870186404386302,0.8967644137105624,-0.9517982416210764,0.9062861692289023,-0.9951423063130451,-0.715283281595923,-0.9061924420061133,-0.9969278982302746,0.5887121167308681,0.9611822942714251,0.6899928690212469,0.9947736587134138,0.9937113414246527,-0.9512330828195601,0.9996353295796441,0.9866147239593622,0.9880327905902413,0.5610759568206354,0.9932460687851997,0.9790609168669547,0.9955044064717845,-0.9749165607536492,0.9914143399049246,-0.8098808824089004,-0.9777891397877831,0.9747261182807395,-0.8208754496149012,0.47014712246694357,-0.9988306531321309,-0.969851709361323,0.6413567876949783,-0.9850809412898673,0.8971444909422154,0.9553274840762658,0.9810869992571475,-0.8592949539435253,0.9393928458122586,-0.9933303836220978,0.9962936739819664,-0.9493435566452317,-0.9970781725299975,-0.9956833256802625,-0.8728856423257927,-0.9808067038672116,-0.9925963563458898,0.9857494243941347,-0.9927554616156515,0.9727902375839674,0.9926856237830056,-0.9718274665998342,0.9813452508748813,0.9671347945250812,-0.9474292685194098,-0.01257475647863212,0.9080079875433136,0.6936650300240146,-0.8864640995268253,0.9498206351076317,0.959954359368638,0.9150675079773933,-0.534857916795147,0.9179863894573019,-0.9917234656784539,-0.9189552069923159,-0.9730571587276814,0.9808449342354159,-0.5552397962597138,0.9863753752591642,0.985720646529269,0.9918603417665026,-0.8096048986797784,-0.9875905250168489,-0.9904270888699899,0.48564081613904453,-0.9209755345623307,-0.996865917102897,0.9754205789119823,0.9544123588654295,0.8430666609535531,-0.9614635861900099,-0.9680917776205871,0.9849922981804506,0.9899571683459162,0.8484769611165889,-0.9363918294587907,-0.3869878179903744,-0.9783108158997555,-0.997866925850328,0.9283961859880929,0.6895181368045715,0.879417531732705,-0.9746988048114319,-0.9638063563108898,0.26998486089347756,0.9960840456714317,0.9910755020303194,0.9590827991265404,0.9752362022894586,0.909526225760398,-0.8185644281289018,-0.9840641474292567,-0.8738734077670738,-0.33107770249145685,-0.9330418967594328,0.8910640464972359,0.9939658114251811,0.9231590982584729,-0.91504674954493,-0.7674755463728811,0.9630352195256185,0.5647523939677267,0.8607984762368447,0.3087993758892236,-0.9941713018904624,0.9689836662764375,-0.9525580626392302,-0.7691293057101221,-0.9067506833431012,0.9400437666064337
-0.9830631085425576,0.999999999943431,0.9945271690832179,0.9561745857426551,0.9940980836330495,0.9020576672629094,0.9190245074806235,0.7236458272683529,-0.9473829491831195,0.9080164771815882,-0.8176015646910063,0.9689241828758468,0.6813073183812128,0.8612086763667163,0.9887414904051068,-0.7258912640315597,-0.9312876350090501,-0.6406194699886251,-0.996448337730615,-0.9747598243506742,0.878925730525224,-0.9817461870002315,-0.999274307372319,-0.9908659244353585,-0.49614794256178035,-0.9702221372069506,-0.930610877791242,-0.9728704481899316,0.9987324570482081,-0.9571941909806885,0.854408166817758,0.993133593792864,-0.931440613040043,0.8913313820245418,-0.45767820100935036,0.9788525040257249,0.9543244037201007,-0.6564903281016993,0.9625917949781264,-0.9062171914848204,-0.9018593994696559,-0.9338428980186064,0.8485349100537681,-0.9087521909430663,0.965490352522129,-0.9654162190173036,0.9472433515949434,0.9736398572752435,0.964696095056531,0.771055491307529,0.937020948692093,0.9574247301286529,-0.9418183931375816,0.9830712615249928,-0.9878433554781207,-0.9977561770104764,0.9898904377988141,-0.9388418719558792,-0.9115895343923565,0.8877826265030869,0.15927354911509722,-0.9540885140693643,-0.6959271665942635,0.8142279152062648,-0.9760238340036973,-0.9950105581634893,-0.9659524818140549,0.38138085847728853,-0.9423196276103176,0.9567571947310423,0.8777827781880477,0.9799103963464463,-0.971794562850836,0.5758751355473269,-0.9983192467502877,-0.9511005548860838,-0.9972546077437897,0.736299846218426,0.9456055437229728,0.9556297033478347,-0.4504354651336562,0.8865706544803676,0.9670077566645845,-0.9449507531678297,-0.9170655718683435,-0.841292825725952,0.956868081366067,0.9767174813422107,-0.9751596200087141,-0.9477779961145313,-0.8609912788763661,0.9525609637338619,0.28797156591154205,0.9238861420878443,0.9709888633331768,-0.9329584245084641,-0.597469030262971,-0.7786098760431983,0.9823106554910626,0.979322146378864,-0.12056219249219018,-0.9631123677968212,-0.9505534151446478,-0.8919832659323865,-0.9727971448560639,-0.9453176227937145,0.7338079519014563,0.9705178025423922,0.7955876266585674,0.31857223436784377,0.9384155332590166,-0.83912789274055,-0.9732338150053987,-0.8971340818895017,0.8582178223880083,0.6535412676201807,-0.9069730652048105,-0.40423256056906365,-0.8242423188927307,-0.22993368785091264,0.9713329891375792,-0.9552616590145842,0.9445135440422583,0.7831920519458868,0.8996568004084594,-0.9124221851939105
-0.9786877674944036,0.9945271690832179,0.9999999977905916,0.9322078848924084,0.9805163529878451,0.8659121667944681,0.9036504368252234,0.6642377928786557,-0.9141862959516922,0.8769616866254417,-0.8019993327278069,0.9561198947088151,0.7507717461519513,0.8990369630659595,0.9775762468266533,-0.7279230432292066,-0.8998369600893008,-0.7113111600022739,-0.98993046997549,-0.9588690949167464,0.8732202000730785,-0.9801782200570629,-0.9907851386095549,-0.9742471998049831,-0.41524475565281804,-0.9545144243097298,-0.9163976612152498,-0.9780321507651941,0.9895811717533609,-0.9628247133456056,0.9002660092418593,0.975566625030878,-0.9457394275053583,0.920062347528345,-0.5478132361354642,0.9793221617586462,0.9754662432916423,-0.5741193756608989,0.9761321859323552,-0.9454069253120342,-0.8766175213541851,-0.9204311112461392,0.8979562132987909,-0.8703878381745123,0.9717910304976383,-0.9656711439888493,0.9108013147345408,0.9765486777921618,0.9662289801046364,0.7819227546725049,0.9468855881475259,0.9465695704348427,-0.9302369664515482,0.9903393197955527,-0.9662975835755848,-0.9944536355019051,0.9992120146316515,-0.9490527771639834,-0.894352703736985,0.8628384589774569,0.21644405245679713,-0.9741680534616876,-0.7671196024982079,0.776710467855427,-0.9924214116452823,-0.9899884621065279,-0.978131831950699,0.35227539252298834,-0.9715020057907623,0.9615629261436969,0.8361854372603923,0.9547872795614772,-0.9870978640912548,0.6574572978154934,-0.9876619987427829,-0.9331141224868509,-0.9880364148466664,0.7858144500521139,0.9500189296685699,0.9418185898996718,-0.5391404207769633,0.8439874513960597,0.9667812337564968,-0.9195977024919999,-0.9423374581843834,-0.8928179665773346,0.9801503644729003,0.9496882353656961,-0.9530343411329012,-0.9472035809865735,-0.9093866475404087,0.9790939225324627,0.20898875313401766,0.9225233313705489,0.9632116821771629,-0.9651931524403864,-0.537125665015652,-0.7691184627633588,0.9960509405546999,0.9528996089215708,-0.06706718956996512,-0.9603433611529153,-0.9437571576891999,-0.883696303878756,-0.9464043115059481,-0.9716579891312855,0.7769962934971827,0.9845673106216849,0.7583961997259178,0.4157216034690811,0.9691365315041979,-0.7940643498510741,-0.9802515389517239,-0.9331207700585347,0.8905401298729656,0.6194781592174468,-0.8874835773345411,-0.41232812706918404,-0.8728402493224696,-0.32108365903350294,0.9564736375041745,-0.9766626929555592,0.9714775982802654,0.843743498065134,0.8516661170468712,-0.9436662745917582
-0.9806124966681803,0.9561745857426551,0.9322078848924084,0.9999999977754691,0.9819780703741497,0.8440044889585667,0.9848160806878165,0.8892188764091843,-0.9134920497568336,0.9908573116538473,-0.9318336965504056,0.994121679529046,0.5748338022052634,0.8208141576338684,0.9874881483704936,-0.5251391051446419,-0.9965373551850102,-0.5526880990125386,-0.9739550632597599,-0.9962364106713809,0.9523152214600655,-0.9753967508096195,-0.966411247981216,-0.9856052198595319,-0.7104716479071138,-0.9966605755261725,-0.9877491182259499,-0.960472785875978,0.9529921434966135,-0.9590978335525567,0.686316839050087,0.9737154140402057,-0.9297535932865241,0.7206485635482707,-0.2933680982876032,0.9715034555588391,0.9042469337415506,-0.7670553660331286,0.9349849456924475,-0.7935057564804973,-0.9864935727547279,-0.9878820842017116,0.7440195345019162,-0.9883501583009551,0.9578279062263744,-0.9726802219596205,0.9859758199118225,0.9663643424010905,0.969779577003391,0.8548989049987791,0.9439140936380989,0.9907450637868668,-0.988053721492088,0.9501047976649803,-0.9762590111408022,-0.9650316901916905,0.9178485259444473,-0.943419509927634,-0.9838604113745845,0.9801412528309078,-0.13621504606727525,-0.8280551594406266,-0.5399840769739985,0.9479424960867251,-0.8811659450080598,-0.9276067258286965,-0.8479408072272192,0.6164554181330865,-0.8274832760960298,0.9611305532218866,0.9776307943673512,0.9855110162861435,-0.9236624546932114,0.38154510562500343,-0.970366714776325,-0.9970013725485618,-0.9749813285629632,0.7143503100316125,0.959935930713258,0.9939536797838893,-0.31773496884998387,0.9793823806937981,0.973813676129396,-0.9993066734684791,-0.888219247623892,-0.721791504909833,0.8889596737045338,0.9836744097423888,-0.9965202844781187,-0.9714269313504829,-0.728519157334583,0.8525737483129271,0.548636791277348,0.965241389789968,0.9877384992706731,-0.8378332751425951,-0.8051145774340223,-0.8982358861869814,0.9156311865179504,0.976369001283178,-0.40368012779636114,-0.9786428954601397,-0.983422361798565,-0.9630954161857775,-0.9927074395738188,-0.8211036186582059,0.7380180813497541,0.9304112433843681,0.9369597129280659,0.14596237770572323,0.8448621053482912,-0.9601960183858149,-0.9550167082494757,-0.8349744981646827,0.8429934870917636,0.838868564198761,-0.9841768296247009,-0.5792768405139243,-0.7546467967070998,-0.15511796432761055,0.9959454442149726,-0.9023956120962068,0.8746183412145484,0.6290014304864373,0.9674185924395167,-0.8604796337723091
-0.9903262710600962,0.9940980836330495,0.9805163529878451,0.9819780703741497,1.0000000019379707,0.8965030688481944,0.9501197593141533,0.7940406583011203,-0.9494939818377465,0.9475100405067006,-0.8637901297811641,0.9866694261114805,0.6386739886897732,0.8473420780180115,0.9977009326467934,-0.665390638985921,-0.9652892328413144,-0.6035051279419964,-0.9976722095074179,-0.991909049936455,0.9104035781740211,-0.9872054974408879,-0.9975039034411054,-0.999549211676892,-0.5847665377409418,-0.9889221361518344,-0.958753222718385,-0.9750389762228524,0.9928814689178749,-0.963824167503912,0.7973490790211378,0.9973927217381297,-0.9350960470001995,0.8368874643874359,-0.39068518449767414,0.983585133393776,0.9410924406739671,-0.712723994480038,0.958164461709769,-0.8688432081077626,-0.9408103908120254,-0.9608491465052607,0.8115041561403058,-0.9485541748473425,0.9689368161046819,-0.9748557558424535,0.9736432394073258,0.9779039907262858,0.9731812392362665,0.8020625221707838,0.9443413172089624,0.9773715839526366,-0.965997536678507,0.978214494659831,-0.995359101541652,-0.995054268252041,0.9719574319412798,-0.9453560233579166,-0.9450899021873865,0.9290937044285171,0.05343355639651303,-0.9162799368672722,-0.636945704843186,0.8708252162117615,-0.9492300914597709,-0.9812980415089815,-0.9323182461510067,0.4662790102509203,-0.9063816452446305,0.964342968111352,0.9245627423250439,0.9936383505094454,-0.9604127093537721,0.5015548246361184,-0.9985469293252587,-0.9764313227469364,-0.999058834452154,0.7253526581670768,0.9564295660156479,0.9777454764542792,-0.3939645667375039,0.9313040263609746,0.9763992196636987,-0.9743650479218605,-0.9097145376713955,-0.7989294620227855,0.9374409634931523,0.9912190708727162,-0.993434561745076,-0.9625857039034724,-0.8151253911035308,0.9220346437618866,0.38981188096387787,0.9444393042885965,0.9850583142276911,-0.90281194531709,-0.6808294206755937,-0.825132651454912,0.9652481622835106,0.9904978823171412,-0.2237465407071923,-0.9757938675492317,-0.9695468588982309,-0.9232951713001825,-0.9913760419271035,-0.9068723256979515,0.7325518562160818,0.9619774189460611,0.8544842637710932,0.2465409925632748,0.9091036707430139,-0.8931888864715823,-0.9731615445793546,-0.8767765985265179,0.8535632248443157,0.7251440787212647,-0.9424675701197742,-0.4627957097235266,-0.7985746598981998,-0.1902607525524147,0.989287730837682,-0.9410788775201592,0.9236619717926389,0.727406351058793,0.9373233688841343,-0.8963924550459808
-0.8268957058191153,0.9020576672629094,0.8659121667944681,0.8440044889585667,0.8965030688481944,1.00000000068719,0.7397376796590075,0.6739265125228032,-0.9891624539011001,0.7888988131753664,-0.5930820633955997,0.8217449197447565,0.3392515616303617,0.5604671245154947,0.8650182046051597,-0.851133536790262,-0.8335831928615088,-0.27479785188527917,-0.8758561196872039,-0.847466141783086,0.6468484160899526,-0.8165547109347661,-0.9023083382429794,-0.9003403589826106,-0.5340926258109641,-0.8361444883539146,-0.7548226404258142,-0.782667639865422,0.9226223825810548,-0.7482222143467476,0.6852823123557006,0.926145933471064,-0.6872520714611279,0.8074093543612513,-0.1280112815218461,0.8050068454887492,0.7356460451713343,-0.8119780534992562,0.7514413659847178,-0.6874343049700057,-0.7514126375778827,-0.7574833507270574,0.5765022320789759,-0.8316570527688378,0.7643920862211938,-0.7755012238142556,0.908082190554066,0.788048989717566,0.7712416216441416,0.45919806578259187,0.7031773699718937,0.7913645513434766,-0.7650212189568637,0.8077725103045273,-0.9318641158747846,-0.8740671059256856,0.855304234556804,-0.7059873212508834,-0.7345905530074889,0.7280072361663478,0.2318818485675182,-0.8431789712769514,-0.40881209055274625,0.6774243739440866,-0.8381284916640873,-0.9273977026104666,-0.8828969294137794,0.14483241730260982,-0.7714529480381898,0.7488066618099318,0.7958851669005476,0.9207673394234359,-0.7774502418862163,0.30894311811034075,-0.9061309884134449,-0.8061517040953742,-0.890178705904811,0.3734444713943554,0.7283476029951179,0.7984510750727873,-0.08695958373936348,0.8176129875949382,0.7799038341911293,-0.827850047377009,-0.6553581823740584,-0.5798938809628296,0.7506508123832872,0.9261960074131321,-0.8801839783423437,-0.7433649600016425,-0.6295842520101717,0.7735100671341797,0.2921732535493192,0.7041433883908437,0.8088047395372909,-0.7215133748450253,-0.5193297906313681,-0.5224568319972344,0.8190638263919373,0.9385196337311238,0.006232897866886355,-0.7781331693519606,-0.7653868655721816,-0.6738998928174678,-0.9022768793862457,-0.8012121734819843,0.3689147680974477,0.7720907921365324,0.6502444687494048,-0.010425520769284217,0.7316708730206488,-0.7537509836437228,-0.7811997483509555,-0.6285550372907891,0.5526215806363266,0.459172606085584,-0.735837162356599,-0.05189996664955301,-0.5139663214790576,0.18325134945378177,0.8351207448243099,-0.738822796816082,0.7242220792989689,0.5325740176309959,0.8899505911560995,-0.6517813544532334
-0.9723372347060371,0.9190245074806235,0.9036504368252234,0.9848160806878165,0.9501197593141533,0.7397376796590075,0.9999999998009572,0.8859300784474776,-0.8305190632991495,0.9875666776108828,-0.9778469095178121,0.9878914039612988,0.6375984736676484,0.8671743985811652,0.967218039232304,-0.39989865008226266,-0.9811284972313717,-0.6297252334771962,-0.9486682905360477,-0.9817925154669644,0.9905624012100032,-0.9698748161489067,-0.930692502185682,-0.9524743437027654,-0.6979847766539732,-0.9857721863098825,-0.9995234708861259,-0.9636809229537945,0.9076740451280004,-0.9724396148406466,0.6649550105506269,0.9296206950162067,-0.957041820666331,0.665426865734878,-0.357174520717381,0.969163941865349,0.9130652306400715,-0.684759996646956,0.9440829393350794,-0.7955942424075396,-0.9952978377004026,-0.9991599643262323,0.7705915677578947,-0.9691989189822791,0.966239546784328,-0.979393461441755,0.9439978667859013,0.9686554418924287,0.9774828335108869,0.9309508050521534,0.9684300009760197,0.9934339480944359,-0.9977277549608305,0.9439526683032702,-0.9297479067525094,-0.9391630752241305,0.8902278182261912,-0.9670881460443145,-0.9997286044487806,0.9944937967868998,-0.22001003030108118,-0.7856080937939053,-0.5739380593916829,0.965336648283321,-0.8520436571996228,-0.8760038961048116,-0.7958451026826044,0.7147434611125572,-0.809414005303169,0.9745210486972543,0.9654795840673085,0.9434001749100452,-0.9227804245537483,0.4099680221784486,-0.9337505756417402,-0.99441714174753,-0.9447558985348491,0.7944737515608645,0.9790285419717412,0.9943213090758596,-0.3993403837950883,0.960825662716561,0.9793260991062042,-0.9883309207078158,-0.9185232299625223,-0.7425921100900105,0.8902455910406087,0.9388504161713642,-0.9702667530056205,-0.9871787299806544,-0.7350468306801486,0.8391649722154468,0.5694938094492816,0.9909558895208181,0.9854944605405406,-0.8382793461441223,-0.8271548215373633,-0.9591882367057397,0.8997937976736669,0.9262633601810604,-0.4868107689756978,-0.9850223828143586,-0.9934475469684295,-0.9950271598240521,-0.9574767432391124,-0.7916072218793172,0.8231972543854162,0.9323726315064099,0.9599048409706386,0.2173690729192208,0.8434870002128362,-0.955223101636223,-0.957944402806699,-0.8638079533289013,0.895310777654207,0.8959876279927281,-0.9989972074028308,-0.7086868975689572,-0.8022799705008112,-0.27852237926266044,0.985471342479236,-0.9098945688698686,0.8815261815206505,0.6442005884539465,0.9224566797100938,-0.8870372907274896
-0.7870186404386302,0.7236458272683529,0.6642377928786557,0.8892188764091843,0.7940406583011203,0.6739265125228032,0.8859300784474776,1.000000001392709,-0.7507828899111341,0.9380161689126628,-0.8978095452162781,0.8436918465552598,0.2145898019125898,0.5411989034433953,0.806110747412148,-0.19242260065728536,-0.9237567037548218,-0.2152720106321579,-0.7633643691011149,-0.8468356535757583,0.8509517954601072,-0.7734589177319423,-0.7494183121164394,-0.8100316857719918,-0.9504274247359429,-0.8523441739867729,-0.8765741798967343,-0.7426805278108944,0.7256397185514932,-0.7565927827115848,0.2778580393729641,0.7865704238123721,-0.7135353061586069,0.33333892550132715,0.11133572911336904,0.7655605262578071,0.6271675944999036,-0.8831531665165848,0.690339531765726,-0.43678234090032414,-0.9260099454877194,-0.8717943416325745,0.38790667862587724,-0.9456446428563482,0.7437616011417671,-0.7830893957910561,0.8949645904581875,0.7571323447286873,0.7760473129724769,0.7548947432703259,0.7423597718341852,0.8464800174732545,-0.8599675675006629,0.7077983466633084,-0.8044817645235944,-0.7390895114989247,0.6350414670538971,-0.7387717938210361,-0.8957217217313455,0.9289713083444691,-0.5396446537669336,-0.4841272136304417,-0.12882953075110862,0.9718982124618311,-0.5676976690560941,-0.6739114272592867,-0.5231670123925573,0.8047764990283846,-0.4796190314573244,0.7624437561260204,0.9653989965889883,0.8373833372369446,-0.6553659121195949,-0.05884668926028823,-0.7619384865806226,-0.8783170554667894,-0.7693112878609414,0.4556280975583493,0.7732409057859067,0.8599331899908511,0.0542744349408911,0.960777407216287,0.7843561063289282,-0.902855666015753,-0.6304579733394755,-0.34976329018752994,0.5913372990331198,0.8408710170255659,-0.8582116792591955,-0.8017572216312387,-0.34640744508764487,0.5208798449307278,0.8693071700606948,0.8178837024669948,0.8201421813593899,-0.504204034158041,-0.9812873085624082,-0.8659488450206726,0.6312258575788088,0.8229612609408067,-0.7325237539760885,-0.8024790316424799,-0.8327988181905108,-0.8616913800660171,-0.8612836779083864,-0.46927631035882655,0.5149465198178401,0.6719129888221831,0.9710423683765776,-0.2507501970936933,0.5142888769335623,-0.9812966795352102,-0.7285206962320757,-0.5316880528414488,0.5967496533341419,0.9359126954394533,-0.9055184064869959,-0.6412801797133718,-0.4365863952334038,0.12416869730612055,0.8482148365453216,-0.6221308647269673,0.5710401415652224,0.22099360729773723,0.933246896003742,-0.5719301381019568
0.8967644137105624,-0.9473829491831195,-0.9141862959516922,-0.9134920497568336,-0.9494939818377465,-0.9891624539011001,-0.8305190632991495,-0.7507828899111341,1.000000000094488,-0.8683942619617411,0.7042273742892534,-0.8958194634634614,-0.4205368467914518,-0.6535322811461228,-0.9271654489718729,0.7921035024267278,0.9039952423503065,0.36544990366540725,0.9321361849049582,0.9157667539236062,-0.7516106997402626,0.8876864876998235,0.9501090901771744,0.9531601434437437,0.5938231432017765,0.9072592061362659,0.8429182644890121,0.858326624273798,-0.9619099143132296,0.8317120376107534,-0.7128886143236076,-0.9695426224599254,0.7779315581695342,-0.8139955799621881,0.18462762001191294,-0.8779844487402363,-0.8084816675140362,0.8210736416610788,-0.8282621291658849,0.7430941392154123,0.8390815801333567,0.8450492690440323,-0.6458541832481297,0.8997421451210504,-0.8437579518126116,0.8557759646012129,-0.9575599642005754,-0.8638492269162956,-0.8518422570357207,-0.5833404362133299,-0.7935667602372827,-0.8718827316995104,0.8509951030912731,-0.8748353716099047,0.9742732140427648,0.9286091046732329,-0.9025066355480906,0.7956042955881718,0.8261816669551235,-0.8195243509375766,-0.14455805176179304,0.8697471254021117,0.4642838444780635,-0.7711712586193041,0.8800163453599876,0.9589951325738411,0.9048078471683609,-0.27551896626533995,0.8156083655509134,-0.8326429860844162,-0.8692782441566107,-0.968029331130861,0.8451735203530469,-0.3459137179790744,0.9539237028101366,0.8842847531305401,0.9431229589014036,-0.4828880766807983,-0.8166780849375513,-0.8779207676970212,0.1598084646291223,-0.8862505749075057,-0.8594035702542507,0.9008676206996775,0.7432110293710226,0.64257688485189,-0.815951859004254,-0.9715177375907034,0.9402996023301984,0.8308508744053157,0.6820598353146852,-0.823775671412191,-0.3654704992145503,-0.7991843197968542,-0.8846214874559547,0.780565988804362,0.6099250416507831,0.6417184812714939,-0.8746141658352206,-0.9789853595728886,0.10051635901825293,0.8591577651347988,0.8504045164041056,0.7749667223113,0.9557735080563206,0.8363497453658104,-0.485345698140955,-0.8428154667546399,-0.7474793795984339,-0.039555284967668795,-0.790101162572253,0.8321180009891886,0.8558757614293634,0.7091737602427937,-0.6531224956675127,-0.5753254534561402,0.8270360143776224,0.1975398327293436,0.6009627941207523,-0.09029829829066546,-0.9063527834969375,0.8104236263785001,-0.7921932226086721,-0.5820124855822418,-0.9377518512993223,0.7334344286268316
-0.9517982416210764,0.9080164771815882,0.8769616866254417,0.9908573116538473,0.9475100405067006,0.7888988131753664,0.9875666776108828,0.9380161689126628,-0.8683942619617411,1.0000000012022945,-0.9593345818984583,0.9773527260471737,0.5149478216018886,0.7825911605717616,0.9583485657436963,-0.41421172659929667,-0.9970193811313346,-0.50246537014086,-0.9354580718062798,-0.9772955504939427,0.9606342369650889,-0.9451451581130006,-0.9229278307824799,-0.954018892214733,-0.7854276009371178,-0.9801143426830299,-0.98637667767036,-0.9284293445238637,0.9036158090129777,-0.9340222372290502,0.5912242654514022,0.935547881091406,-0.9046711847351505,0.6215647490791556,-0.21562030236941698,0.9410920840360835,0.8573060974125216,-0.7903689590195353,0.8972075514316346,-0.7213888807791159,-0.9972302372976194,-0.9850988087629895,0.6782885376977859,-0.9952386281178973,0.9282552130469099,-0.949244460184478,0.9734700595692249,0.936386149240525,0.9455088668705485,0.8726822970044397,0.9221031122697172,0.9781818054808866,-0.9817027000314646,0.908673118907606,-0.9413734982504703,-0.9221961296656743,0.8587257620949679,-0.9205444424157496,-0.9895597810504311,0.9948015324391617,-0.2686208141857105,-0.7465707493214175,-0.4574439381502168,0.9820761342205431,-0.812823324827662,-0.8689434238741305,-0.7689376393119274,0.7094230949180009,-0.7523547917791533,0.9371005101318357,0.9942205944130997,0.9582626298679165,-0.8765082721845259,0.28601491849158306,-0.92890923905483,-0.9895709452504666,-0.9362790733239131,0.6891755201423719,0.9406884602206583,0.9833994124351136,-0.2543701994213013,0.9924351390385512,0.9500756798334581,-0.9951091103671877,-0.8523697165397772,-0.6496867324271006,0.834087747835058,0.9569299288029979,-0.9768631023708997,-0.955822194483268,-0.649659763354582,0.7836167450960053,0.650574812098234,0.9582444141944725,0.967608245237426,-0.7722209285069999,-0.8763868587955957,-0.9299027242253757,0.8596124339399587,0.9451225535358804,-0.5231061815637548,-0.9587024529779439,-0.9712698115308163,-0.9697497491298978,-0.972011371599054,-0.7413425724358543,0.7241110253977505,0.8868000292191337,0.9751160507705391,0.06904100740998372,0.7796526841722485,-0.9871155738149395,-0.9205189197763455,-0.7856945903520344,0.8156892437987354,0.9012187035813435,-0.9920049657291107,-0.6482874962662323,-0.7053357558456453,-0.1243655892729318,0.9786293350552286,-0.8541915747064608,0.8195734165225733,0.543723453742406,0.9681847837567793,-0.8149120568398154
0.9062861692289023,-0.8176015646910063,-0.8019993327278069,-0.9318336965504056,-0.8637901297811641,-0.5930820633955997,-0.9778469095178121,-0.8978095452162781,0.7042273742892534,-0.9593345818984583,0.9999999980175729,-0.933778450593962,-0.6022904210682236,-0.8328140180542003,-0.8929889090428134,0.19953769215742018,0.9369937886020665,0.6131889858265257,0.8630880837063687,0.9203726525082322,-0.9893649219075621,0.9044336610317335,0.8341344740194147,0.8678650632281272,0.7343642190292041,0.9288097869933529,0.9712953441841455,0.9026674320708773,-0.8000374109087601,0.9243522819717273,-0.5397217704348871,-0.8323758937315486,0.9188529568138926,-0.513753713709674,0.3158789034770648,-0.9057378795059989,-0.8438487734510275,0.6270916732467243,-0.8824219834803942,0.7027406401109731,0.976388165236839,0.9693101238192348,-0.700943919646924,0.9288741362340623,-0.9109102011892393,0.9281233375862781,-0.8713363231596158,-0.9087568623991551,-0.9261744525762017,-0.9659530534864369,-0.930998360863611,-0.9489965953560598,0.9635607410766802,-0.8686833393173083,0.8339019897467557,0.849523108449854,-0.7860995601562907,0.928153015623941,0.9807642015165121,-0.9829569440871557,0.39071104456236205,0.6545512194974489,0.5006096538396346,-0.9748166522005711,0.7397372260593672,0.7566871428283803,0.6602382473320797,-0.8415526931102638,0.699761585590099,-0.9273579378111403,-0.938932077736044,-0.8570758594883408,0.8465127586299819,-0.3266667360507712,0.8383512667036513,0.9511366093364634,0.8558057456967313,-0.7973598688901841,-0.9399482568012075,-0.9501463687813978,0.3817917362904029,-0.926876503389111,-0.9269730889112635,0.9426073962568061,0.8737753456140238,0.6641673936324787,-0.8094525341235316,-0.8513271402393416,0.9006561000799588,0.9489291052599478,0.6410699528376042,-0.7372958069659726,-0.6576331236354007,-0.967203630270651,-0.9310431697483404,0.7488312405018777,0.8788223464154482,0.9958652765112528,-0.8061086996197095,-0.8314802804794632,0.6357887569479646,0.9365548059148693,0.9543160774158377,0.9878969231348779,0.8813245767635852,0.6706289660582021,-0.8388672387943158,-0.8609472499547687,-0.9770121967499685,-0.1868179379363637,-0.7530055466632426,0.9433801975843096,0.8946794929233731,0.8075969121761848,-0.8740384185450862,-0.9605883834662198,0.9813174418281976,0.834520388891925,0.7608142332578405,0.3233367145389676,-0.9280877773686645,0.838737737592829,-0.8046539470679206,-0.5532989577208349,-0.8607806244221068,0.831910379577696
-0.9951423063130451,0.9689241828758468,0.9561198947088151,0.994121679529046,0.9866694261114805,0.8217449197447565,0.9878914039612988,0.8436918465552598,-0.8958194634634614,0.9773527260471737,-0.933778450593962,0.9999999985199038,0.6599711156940646,0.8771804199498966,0.9949028540253372,-0.5369714531258006,-0.982666218076731,-0.6387604659740065,-0.986003053243067,-0.9988453232590779,0.9651062603670604,-0.9928112850365598,-0.9761732082194159,-0.9871446375638089,-0.6386319212403766,-0.9994887364085299,-0.9920950259393305,-0.9847652653549865,0.9617436981528346,-0.9839088305125175,0.7482274684186606,0.9739647557162561,-0.9632386895361875,0.7649273459763791,-0.3948927265281051,0.9910153574805756,0.9443916278548561,-0.6944324885125434,0.9676814462887137,-0.8505657255755855,-0.9791189318412967,-0.9930770820017921,0.8110657936938112,-0.966977677185756,0.9833000924828741,-0.9920313775690052,0.9664828661990543,0.9883815097848146,0.9904323256253975,0.8835184897396874,0.9729664271945805,0.9986627092547955,-0.9951830770477806,0.9763801622469419,-0.9723321367109304,-0.9803078750292791,0.9455637653327648,-0.9728248102691953,-0.9849472436870581,0.9729843019406829,-0.07873132391955175,-0.865335319560852,-0.6261302866096108,0.9268519303205488,-0.9156505105274302,-0.9402044981473981,-0.8771959093229511,0.5981732011549764,-0.8745115848220452,0.9851079689259907,0.9526576813755417,0.9779974008565316,-0.9579563790022478,0.47556668112949513,-0.9779053382170697,-0.9974625875794928,-0.9841654551939628,0.7811725962748003,0.9835018730589502,0.9987920297434526,-0.418307873424944,0.9533684779620188,0.9926712853657643,-0.9919698500077933,-0.9325282146966133,-0.7906030237494039,0.9310358355491283,0.9740927573242769,-0.9924740715215251,-0.9899186858226303,-0.7940785242100057,0.897309613519537,0.4758226205212456,0.9828249475675429,0.998833694082288,-0.888386603560019,-0.7570719277025005,-0.9060673022793179,0.9480401517002275,0.9672614419028518,-0.3553242706958423,-0.9949062426800158,-0.995531196991002,-0.973332846590108,-0.9840230406054558,-0.8649415780328319,0.7986274296754815,0.963523019597517,0.9160261540184964,0.2520665545210617,0.893940978286483,-0.9312446842563595,-0.9811668959041597,-0.889582864209788,0.8939908017992505,0.8194923128627286,-0.9828788026327638,-0.599820232980325,-0.8211306176064147,-0.255297554922055,0.9996601886807344,-0.94277225588491,0.9203405142570364,0.7055294568872131,0.9353154188953335,-0.9105531465700928
-0.715283281595923,0.6813073183812128,0.7507717461519513,0.5748338022052634,0.6386739886897732,0.3392515616303617,0.6375984736676484,0.2145898019125898,-0.4205368467914518,0.5149478216018886,-0.6022904210682236,0.6599711156940646,0.9999999972555468,0.9365147869958502,0.6645205792635221,-0.38960775814965704,-0.5134092706368378,-0.9959341588728162,-0.6894601628731799,-0.6354872370530628,0.6938532584800262,-0.733946163173165,-0.6658139578954827,-0.6173321378143074,0.09316692865370346,-0.6380652979260375,-0.6481709736731002,-0.7773178364878688,0.648128410450093,-0.7822717897405936,0.8808750362761744,0.5982601301991269,-0.8310019997485993,0.7650221994225822,-0.9467136760580951,0.7476815546657076,0.8609008322219707,0.07736457955365901,0.8248793659627383,-0.9160924758209769,-0.5599929030719198,-0.654446946196986,0.9640741121213205,-0.4520287040559003,0.7854235372988974,-0.7489793377975981,0.46004499631286244,0.7639456039278182,0.7570110581554509,0.7579190255569833,0.8064255205491154,0.674726708559968,-0.6685712265776098,0.7837475328052722,-0.5684355758866867,-0.7077163306239389,0.770204962755757,-0.8085683990164186,-0.6224078286426304,0.558735834737039,0.3249198138832609,-0.7823911021532187,-0.9802243717070946,0.43610610824622215,-0.7972670531676045,-0.659627631043243,-0.7334264413728627,0.2666589318243679,-0.8589788431655597,0.777369326883058,0.4200555034338237,0.5484688733578909,-0.8277403820546749,0.9390496389985264,-0.6516278537491264,-0.6223556761613183,-0.6679246318870232,0.9543772801964375,0.7746860093452868,0.6534593485804657,-0.9582581973880101,0.4121904972921882,0.7457944381437034,-0.5643937990452264,-0.8859611300764184,-0.9622197284313985,0.8642481310088178,0.531481841000334,-0.5840725460363787,-0.7435891841347391,-0.9395381370503957,0.8584908294665076,-0.19446085194447515,0.7349525578606322,0.6954391851435704,-0.8951157442658497,-0.14861760629271548,-0.6279222625507981,0.805884159824433,0.5294295441903744,0.09125570137213698,-0.7297458665060111,-0.7026480306755022,-0.6804088552125834,-0.5456027492479297,-0.8291640827921041,0.9240405161067093,0.8237284904188296,0.43152311519381903,0.8905287423485784,0.8882070074033485,-0.3811475465547945,-0.7876347154539499,-0.9288885604130297,0.9116803727827185,0.3887488013617009,-0.6047346786950892,-0.5372067237621326,-0.9705991181830114,-0.8624245144675226,0.6442688713394831,-0.8612124710865218,0.883437462684222,0.9606426761645819,0.3545243077518066,-0.9107007426970157
-0.9061924420061133,0.8612086763667163,0.8990369630659595,0.8208141576338684,0.8473420780180115,0.5604671245154947,0.8671743985811652,0.5411989034433953,-0.6535322811461228,0.7825911605717616,-0.8328140180542003,0.8771804199498966,0.9365147869958502,0.999999998105891,0.8713888586507587,-0.44012580097523635,-0.7792070289398711,-0.9296758736876478,-0.8794221834478069,-0.8588559763506528,0.8984647263647713,-0.9170921100664977,-0.8563577298057067,-0.8345860903742478,-0.25628579653309347,-0.8621793973229473,-0.8739844010226627,-0.9421059498744463,0.8348476183497797,-0.9488503387748152,0.8751534834042194,0.8123091830288953,-0.972947864492894,0.8015177407796595,-0.7747307138663491,0.925562121545116,0.9732760350248244,-0.26364634585446606,0.9638951167839389,-0.9562278535240033,-0.8148557646415769,-0.8779230057091642,0.9750211782787278,-0.7340481396287067,0.9483074834168761,-0.930643054381438,0.7288465749318979,0.9357044903442399,0.9349567372088194,0.9114461355677981,0.9622484358993242,0.8888950654992108,-0.8865300020376977,0.937759191548426,-0.793077633615183,-0.8870126103323285,0.9055505508947645,-0.9630712319151373,-0.8571424541879541,0.8134292776167518,0.1152900408082664,-0.8667157930260693,-0.8960760458981564,0.7203319021783936,-0.9059110106544435,-0.8282500953754808,-0.8399374754079882,0.4930019831072812,-0.926236984134213,0.946603287885739,0.7112609530931866,0.7860859453082437,-0.9565413924987941,0.7952321562829188,-0.8485575954551461,-0.8555148049749746,-0.8638616868887582,0.9771777587795278,0.9466496767471972,0.8755688086623253,-0.8005632113010237,0.7043193544144933,0.928594207718128,-0.8154323216306971,-0.9910998359126164,-0.9613803793918235,0.9654431301793579,0.7730964910298034,-0.8207167749112791,-0.9302675050054448,-0.9438396435615586,0.9391971821654159,0.13071015331309432,0.925923484161532,0.8989842435987027,-0.9620032306260703,-0.4705421371846258,-0.8403684876825629,0.9325695236315669,0.7662902410683126,-0.15761041561585915,-0.9207007059285757,-0.9067358114734737,-0.8920232810497121,-0.7902981926080372,-0.8992814039579099,0.9702434808586027,0.9581541939584313,0.7146450871172226,0.6744977484080814,0.9599506952702039,-0.6809934377153961,-0.9462278821823039,-0.9942847351245536,0.9963355576141617,0.6563543067484987,-0.8453638581395989,-0.6648296821227844,-0.9926972285741421,-0.6816431400328647,0.8660591613444246,-0.9720999277724538,0.9737230334816899,0.9160110021599869,0.6505927893596648,-0.993084499212525
-0.9969278982302746,0.9887414904051068,0.9775762468266533,0.9874881483704936,0.9977009326467934,0.8650182046051597,0.967218039232304,0.806110747412148,-0.9271654489718729,0.9583485657436963,-0.8929889090428134,0.9949028540253372,0.6645205792635221,0.8713888586507587,1.0000000004318121,-0.6191940476167324,-0.9712606981783242,-0.6348722139503716,-0.997422473063194,-0.9970482389291114,0.9358504646078394,-0.9946606575421921,-0.9930703758518363,-0.9970017249088355,-0.5930097249785483,-0.9955046393794627,-0.9743953010182415,-0.9853870823310951,0.9844437179948684,-0.9782645889007285,0.7917566242704344,0.990320769718398,-0.9542676484169883,0.8191373422511103,-0.41256473336336247,0.992142760046282,0.9519243770610942,-0.693100462779766,0.9700108094105602,-0.8744157201598222,-0.9560933218227664,-0.976226508027133,0.8257945456091743,-0.953458988866294,0.9812965537101287,-0.9871426678536622,0.9690417344549452,0.9881122896355786,0.9857438766153973,0.8407031835305363,0.9628675367186271,0.9890647536083076,-0.9805769561392339,0.9844684067949304,-0.9876372268157785,-0.9942260412731975,0.9689561494182066,-0.963503775444539,-0.9626051598387729,0.9465589715631125,0.013341629773764564,-0.905488589256909,-0.6505356788612717,0.8902062838163006,-0.944697776388998,-0.9697167109348362,-0.9183992778820196,0.5148097834733084,-0.9048346026294616,0.9788881596078389,0.9324781382166621,0.9880876962086814,-0.9679291450323906,0.5105088276827044,-0.9939559214386963,-0.9865911764019422,-0.9970125536443059,0.7612363693483755,0.9733249526915775,0.9887537276201255,-0.42347255109720755,0.9366955727562922,0.9882442631894511,-0.9816964356239857,-0.9288476295326428,-0.8104764375046681,0.9448749481368527,0.9846911179033384,-0.994238968669076,-0.9786205916797192,-0.8211497545129082,0.9228479067136943,0.40994429838990587,0.9645482533348507,0.994463209871724,-0.9086958268111537,-0.7025009958930138,-0.8596277563204383,0.9666946778976062,0.9816912007182179,-0.2659072888895987,-0.9882408229579386,-0.983847922700368,-0.9464692884530791,-0.9888086752402078,-0.9008145554429545,0.7712326533114563,0.9708212444708593,0.8760010095374972,0.26952674095959905,0.9144312055043915,-0.904140067528072,-0.9831953569060193,-0.8939423271525573,0.8806964222571484,0.7594210721442534,-0.9597347460850733,-0.5207580202043474,-0.8216442884983081,-0.23506555311356628,0.9959658050764411,-0.9513328679942891,0.9329637113957505,0.7350412326145,0.9322278754715112,-0.9132515713721189
0.5887121167308681,-0.7258912640315597,-0.7279230432292066,-0.5251391051446419,-0.665390638985921,-0.851133536790262,-0.39989865008226266,-0.19242260065728536,0.7921035024267278,-0.41421172659929667,0.19953769215742018,-0.5369714531258006,-0.38960775814965704,-0.44012580097523635,-0.6191940476167324,0.9999999980398101,0.48139597068556556,0.30588790879352035,0.6654274839762171,0.5653173193899427,-0.31065543258759837,0.5867780022093486,0.7066884941582969,0.6569998253589628,0.015536135796191355,0.547201397907166,0.4268810391337368,0.5691082753449171,-0.7475156486751707,0.515674843010738,-0.7780009713136291,-0.7045205182544891,0.4722958667930199,-0.8844178495396605,0.3394134606237143,-0.5788471201624072,-0.5976493443485442,0.421066126238627,-0.570290333582188,0.6738273806707666,0.37902931132370277,0.43427161769237366,-0.5702148463806759,0.4573747714751443,-0.5457053217951666,0.5288692182585975,-0.591669399395213,-0.5645929338924823,-0.529121345686711,-0.14293502746593925,-0.4701777287935727,-0.4975099671472281,0.45364013435771544,-0.6262991637869023,0.6963376010163668,0.6818959175452288,-0.7366036234365575,0.47650545122766697,0.3849084624829029,-0.3467622559274922,-0.7068628385742552,0.8272679397599154,0.5366259082256019,-0.2392722268722948,0.7641688117036205,0.7908235385303412,0.8461075264344307,0.3463176837092676,0.7461157548510265,-0.5118507199879427,-0.39437113078797315,-0.6571324252223844,0.6283391796987987,-0.5346165516534742,0.7014301968901383,0.488972196136282,0.677478763286482,-0.26116056498513374,-0.47777169585745305,-0.49506792307385106,0.24815001336085812,-0.4246983939984931,-0.533317778806377,0.49381776896143204,0.49476494292096374,0.6009189479621885,-0.6422032489292699,-0.6599335790857435,0.5941548994771001,0.47402994601603626,0.6647740284838857,-0.7200037697630948,0.24933703465144605,-0.4115194388448426,-0.5403771801813411,0.6685562682305537,-1.5245234766339998e-05,0.13358397182766113,-0.6963597366679535,-0.688018845020195,-0.5270231721921725,0.5167821216327267,0.47651926694981817,0.3365627607491641,0.6164483798844063,0.7884846004991894,-0.21094869804321778,-0.6095271014978082,-0.20446797264843772,-0.2527210030424183,-0.6738820521421224,0.32516081476770753,0.5781350066631219,0.5334547388966085,-0.38884042751762227,0.021034768633750842,0.37787557796514276,-0.3241466890227507,0.4566572523410418,-0.06032744530213136,-0.5493972142569101,0.6052678240922951,-0.6243368068681289,-0.6295331706550682,-0.5308737534597717,0.5334332005970587
