1.0000000033089043,-0.9804696510986485,-0.973394093050072,-0.9163320436182693,-0.9932379087226975,0.7260853212969196,-0.9158349173378814,-0.17867306503515365,0.9158063597922836,-0.9627955060887315,-0.8449465979470244,-0.9782544658343395,-0.9550134465593647,-0.9163815134239858,-0.9778573980875038,0.9798729118684482,-0.9681655091564844,-0.6702833344563088,-0.8427801940610581,0.9131411489690751,0.9892854872174297,-0.9929825969149377,0.9346382480827107,0.996280195019373,0.941257864407227,0.7218982538773051,0.4045257297742622,-0.962072647113137,0.9578990615754531,-0.5320528972174687,0.9855580704799857,0.9260725654485452,-0.6072090930051581,-0.9832915265454563,-0.7982189463762529,0.6967037573188134,-0.9594461381176004,-0.9655326510162517,0.9626229267540208,-0.9962243311408314,-0.22025573790141262,0.9576515988393792,0.9678406265529296,-0.8120228819411013,0.7156001287138187,-0.4340853368144712,0.9517208426571685,-0.23912977494306045,-0.9961373446322218,0.9895861774649821,-0.9201336922399753,-0.6678990993555777,-0.3666016326631841,-0.8310672091194017,-0.8975492217637985,-0.7012885809814302,-0.9146978881751647,-0.8092280440678056,0.8420336459043957,-0.9725894746792954,-0.9780972103276936,-0.9488716441042481,-0.9746904694023532,-0.905840422935562,0.7504831331413279,0.7597672147648524,-0.9875183292357049,0.7983721052665095,0.3916543643176859,-0.7895989766327347,0.9973404065604969,-0.8689565306062654,0.12023717613990748,-0.17166522604087414,-0.8561515588928374,-0.27244667831858166,-0.7575750355851791,0.5929903513058807,0.8480641397174868,-0.8550574147846047,0.9461815683686045,0.9904215050068287,0.4720622659848121,-0.5624690110990836,0.12254830796933083,-0.8338329547830086,-0.9420779280387702,0.8213779201481153,-0.9908402058832875,0.889159600983824,0.949390966006355,0.2657333072632485,0.8505584456256325,0.9552010041721435,0.9961964621856081,-0.9211502137919099,0.6719927106306683,0.9882935030555978,-0.7991636104985254,-0.9758210673407945,-0.9736636741023791,-0.9245293429715647,0.9861871354643394,-0.9386199734247214,0.7934230105498106,-0.6426753182880864,0.9051549314826859,0.9599440689201678,0.9523303204604384,0.9924881939188709,-0.9949065660649454,0.921459206800276,-0.513162835206758,0.8189598802407584,0.9634721930554777,0.9900215670919716,0.9501948435804015,0.9652222348672167,-0.6327243863071,0.9885172333793609,0.9363314228954488,0.8762968525262156,0.8452994813224637,0.33189954211663253,0.846538371776914,0.8415276674767077
-0.9804696510986485,0.9999999986693142,0.9184513196338951,0.9618550919031473,0.977398302045626,-0.6563994265228316,0.8208703812214504,0.0879781956728653,-0.9152262510052481,0.9616504131734672,0.7708001821922603,0.9711181949288387,0.975750960754462,0.9229981592894696,0.9960865954025333,-0.9518880607988481,0.9783681743864376,0.6023386257748228,0.8576604512243416,-0.9408324310422249,-0.9704604460505467,0.9767559769254136,-0.8621436875436788,-0.9846375635232207,-0.9221232355330923,-0.7970637609407628,-0.2755314592793208,0.9397343765334277,-0.9733003879830957,0.4137361398725003,-0.9763209236006042,-0.8751664197116571,0.4518376081207287,0.9681573273284735,0.7932219419965361,-0.6317640559944528,0.9493001961875319,0.9519139870450972,-0.9557041578477271,0.988099669433195,0.13158127402971342,-0.918519147049486,-0.9354158561703986,0.8925475080414783,-0.6454599958322554,0.420336132576248,-0.9454950262945717,0.23181980729853188,0.9680880155395097,-0.9732744623626031,0.9218715383623431,0.743432062035929,0.2458937358034324,0.8618628791457138,0.8560530028034942,0.7770666234996357,0.9354399117883896,0.7804365529120884,-0.8693304435764058,0.9728907518897887,0.9306474025074265,0.9468742352097707,0.9498481873027695,0.9081882613356741,-0.7523578903728477,-0.7821375704465204,0.9957086311519187,-0.7626394936492046,-0.44073540768322,0.8542259540784622,-0.9829684270538728,0.8952532278635633,-0.07199956923268881,0.253382710857561,0.7973566592549977,0.3637942694373226,0.7744415627581411,-0.6103950549031207,-0.7572826312746487,0.7965132378218703,-0.9464181871195224,-0.9671840025267203,-0.3357960064912277,0.6437609500985912,-0.2703781355638739,0.8824366964583666,0.8877541897859755,-0.9107843379276976,0.9737400545971888,-0.9105807892374164,-0.9557381501103498,-0.34656159413859144,-0.8225624245246352,-0.9600752636889245,-0.9725964032842305,0.861662538190581,-0.7357532399760476,-0.9968771575735843,0.7547806578791927,0.9422520430102234,0.9230376183898882,0.9347957740915089,-0.9718017502003001,0.9391454265316598,-0.7051581918614488,0.6822511558486182,-0.887517748922902,-0.9133285090339973,-0.9807218664153118,-0.9639086732682687,0.9614709261411907,-0.925240315787247,0.5262164291084599,-0.7885033371393884,-0.9809602327224698,-0.9786939556016203,-0.9130645048113919,-0.9322213209122527,0.5682682950041279,-0.9819450924358948,-0.8819757093176867,-0.8696082886911571,-0.7700656670270255,-0.3720194516710789,-0.8517571969662442,-0.8196233441583749
-0.973394093050072,0.9184513196338951,0.9999999939487344,0.8063747851766874,0.966300696969014,-0.750166401668502,0.9682957993637803,0.3461026850943723,-0.9028058079657568,0.8972181566332231,0.868491935370815,0.921833686144612,0.8687321493390295,0.8749141718395081,0.9172263373138999,-0.9679238456180884,0.9261649314572339,0.6949501013365301,0.7861515077853656,-0.8387186522133581,-0.9554047863135184,0.9714723696116723,-0.9487100407515283,-0.9642985442953828,-0.942888647895304,-0.5574093270539161,-0.5495403645929671,0.9059400228555536,-0.8749647985688209,0.6312804753954071,-0.9438612763679104,-0.9111108667789027,0.7508974479385191,0.9357601013742373,0.6981820406435805,-0.7682351050502747,0.9586510358201187,0.9142173625012612,-0.9248307412642993,0.9659943044259507,0.2418585219636822,-0.9318565229645558,-0.9323060846701048,0.6654717066620508,-0.7335530561827325,0.4868519030049156,-0.8816986853433818,0.3455105259899773,0.9746192723704522,-0.9545730508470737,0.8656370566937681,0.6387794193923975,0.47295760583852337,0.731737104299518,0.8579016166505609,0.5578253371936224,0.8442525560886833,0.7351447132927933,-0.7318833157342357,0.9059934585156035,0.9862435009926549,0.8831310048842552,0.9712965795492453,0.8530565164555043,-0.6797381359345278,-0.7745802084538104,0.9268504672865079,-0.7314657332432435,-0.23028641492381097,0.6391248775331752,-0.9608572915713927,0.7649173168257267,-0.27471144674119125,-0.016448226054189094,0.8501971315005398,0.09047452143150121,0.6483594921569088,-0.6371213215155157,-0.9108176796255313,0.8220563053654177,-0.8803989022941379,-0.9675782457801099,-0.5818155998113227,0.5294933042388007,0.02637225085405699,0.7061376279522129,0.9431807735731673,-0.7215279581416391,0.9634747321963683,-0.8733099966493618,-0.8686346310702463,-0.06620598848243944,-0.898654267547638,-0.8818609430498087,-0.9819294390247962,0.9535023217879796,-0.5069454223422198,-0.9396236706771965,0.7405749410377002,0.9545485093805262,0.9988379650394438,0.8389010308537667,-0.9383305826707627,0.8594225827608807,-0.7943703170731803,0.6214779956238476,-0.8391638814415564,-0.9571798670314019,-0.8690704636719158,-0.9674480873938531,0.9907842007996697,-0.8308238953002615,0.5736598166497497,-0.7625554541490225,-0.885565140498359,-0.9433739658507103,-0.9072344813569261,-0.9799218766183191,0.6501678043853523,-0.9611765997672383,-0.9237502032771459,-0.7896572011526571,-0.85990243800515,-0.1749449519364849,-0.8632614893099082,-0.7685325867983935
-0.9163320436182693,0.9618550919031473,0.8063747851766874,1.0000000023582336,0.9258734700557465,-0.5239023196748861,0.6948611039858024,-0.1856634909209305,-0.8652935685958915,0.9699833322639645,0.649470415691303,0.9600267945430773,0.9914245623869488,0.9170593813066823,0.9685631072039136,-0.8643959772024465,0.935161485608761,0.4643974688206366,0.894593132700744,-0.9637412986587341,-0.9359487758217395,0.8906573570121181,-0.7902226660483676,-0.9336355174979218,-0.8540291995322689,-0.9234615264144448,-0.1811135940497901,0.9361314579875025,-0.9739668087947606,0.23855030708348615,-0.9488666509580027,-0.8123211917034542,0.28120535703885735,0.9295514543003847,0.8650193561649903,-0.41910571814162517,0.8413704888687352,0.9115549730001133,-0.9289686581367564,0.9209532425185125,0.07620247941305315,-0.864367067951317,-0.8945069241349879,0.9773236383940802,-0.5237551797912535,0.3740219303990944,-0.9595695033668667,0.017135867157825467,0.9038489918984424,-0.9136391642741133,0.8532391336647736,0.6272444348982323,0.05253247450282881,0.9454178233326868,0.8622900729791437,0.9077870017888565,0.8787936569082418,0.8425017863269004,-0.9578843147431743,0.9626379398530741,0.8576306736397497,0.9643300677579855,0.8409539414241738,0.9286714482449379,-0.8385034032770288,-0.6649089648937908,0.9594739845827924,-0.8007993729589239,-0.6543190567028325,0.9483718505663205,-0.9338239019808713,0.9697803739777234,0.15734114413002329,0.4924414023898685,0.7177333986975141,0.603047344111116,0.8927827844500039,-0.41586341142037014,-0.5967065557827986,0.8230816869675548,-0.9660260444479455,-0.9017065291372819,-0.21012761612225805,0.5643561809578914,-0.2848881079126954,0.973882945971898,0.8526121601563694,-0.8812898487642452,0.9286798764809396,-0.7817594732117491,-0.9745966448180431,-0.5525363649273209,-0.6539415088119389,-0.9762260363475671,-0.8884342214666178,0.7155428874664281,-0.8698420318200377,-0.9394687867711355,0.7804586421009481,0.8712212218621197,0.8047755193999738,0.9413511511211827,-0.9458303843049091,0.9495782804355246,-0.7049786625388322,0.5248883556264733,-0.926248665167746,-0.8244318189498319,-0.9916348777072124,-0.9046728911129814,0.8788446126454343,-0.9613785192380219,0.3613420255551157,-0.7712011442889916,-0.9581863901335756,-0.9505753381629295,-0.9064378941561663,-0.8156794172735203,0.4322722964297764,-0.9193189955521004,-0.8126607832685706,-0.898168853969724,-0.6686367580536282,-0.5817372986565712,-0.7302283098701825,-0.819068526698577
-0.9932379087226975,0.977398302045626,0.966300696969014,0.9258734700557465,1.0000000044538375,-0.6472341847764193,0.8946887902056573,0.13075925002499647,-0.952584909941893,0.9715954080433526,0.785851436655916,0.9786452206684709,0.9605004942402016,0.9559320069808324,0.9845640236052527,-0.9563737843813538,0.9848488910206004,0.5840778250699952,0.8970875061903149,-0.9473085814867722,-0.9940427308013613,0.9763020209239117,-0.9157584018553737,-0.9983710968935673,-0.9693982063694294,-0.7280652164134673,-0.4643660269439806,0.9559741730012883,-0.9470888946000916,0.4549234817043857,-0.9959993975721204,-0.8900212162077566,0.5785342819542975,0.965778843282682,0.7822140990044709,-0.6267531428140187,0.9614314468355986,0.9383175979660604,-0.9855291343981952,0.9885807183277922,0.1258325825231477,-0.9298402946533129,-0.9462756651816358,0.82837329225348,-0.6357054471608469,0.5211185354356862,-0.9513476136034522,0.2459034631099511,0.9850145132367158,-0.9709437737273052,0.8734174413454893,0.6697934081857037,0.27389462167641776,0.8720017155163452,0.8886349393101798,0.7497044783328676,0.8723318306396083,0.8023925433419832,-0.8671751767478459,0.9639518229789268,0.9851732217857033,0.9671044025827591,0.9499944581585864,0.9455779276396529,-0.8098718031301341,-0.7909545870361103,0.9815089991606682,-0.7717692113052188,-0.4169698653317503,0.785357863877649,-0.9908847031554742,0.8930189226917481,-0.13197198506909824,0.18376637756972514,0.8017992515224366,0.31976343003576985,0.795607369943441,-0.5805517548618361,-0.7993793417925196,0.8602430826596313,-0.9634207545652597,-0.9763816803278497,-0.4203302079646532,0.5962477312082897,-0.06397218040765255,0.8532566999056749,0.9580440665176726,-0.8194932510112041,0.9982702640424255,-0.871091071685726,-0.9487753290248935,-0.2493848881840079,-0.8486832061450567,-0.9631962461271594,-0.9839002174504183,0.880113267115019,-0.6655877214434314,-0.9798904987922905,0.767437461697868,0.9489701953982191,0.9636647890480572,0.9021716924109637,-0.9808016428598437,0.9238246328419465,-0.7854049511836804,0.5804432899720369,-0.9146802135820303,-0.9288588416526156,-0.9640008268694202,-0.9787655332062313,0.9903977925916052,-0.9169650659231171,0.5418745257674049,-0.7665507330588517,-0.9439797760236545,-0.9889000703121488,-0.9446586004598866,-0.9636558004123861,0.5408227143684254,-0.9952723520979513,-0.9000198540197755,-0.8510210397129429,-0.7887710229813681,-0.3413501562623163,-0.8683412362913249,-0.7949517394398844
0.7260853212969196,-0.6563994265228316,-0.750166401668502,-0.5239023196748861,-0.6472341847764193,0.9999999981862788,-0.815442995046391,-0.4299308920183496,0.41818904845907795,-0.6128618188581627,-0.9759157058268845,-0.6757853942316449,-0.5978202373550338,-0.39849565595129477,-0.6059545949515732,0.8318670814174194,-0.5418719897735178,-0.9958271035487101,-0.26536930170868805,0.4059918603473987,0.6688218107646712,-0.7705120235593755,0.8280922058484551,0.6748845026187067,0.498459494550812,0.4016476729383605,0.08179623187924188,-0.7069200294174668,0.6998087622815461,-0.9296721863978963,0.6192685684206345,0.8926183145918654,-0.753133338099782,-0.7796990644396022,-0.6602536812961397,0.9050732050910122,-0.6295691690661571,-0.822608242397484,0.5176331056765257,-0.7256796136312499,-0.7848669814932125,0.8520176381199034,0.814494652858939,-0.38678309111052683,0.9985763377191174,0.19241696898711327,0.6633592081830139,-0.07360682535861106,-0.7654803299459663,0.7932394959055373,-0.874742529569682,-0.3433424437296103,-0.8713221082115287,-0.3245019589677927,-0.7323020008606927,-0.14168014398253317,-0.827922109094156,-0.6442486386013407,0.4234118477653905,-0.713950530189726,-0.6735370660581452,-0.543653044808865,-0.8233003540065369,-0.39860796425049755,0.17639571588670586,0.2944289876654363,-0.6783126463290428,0.7514990424935234,0.11613173644698915,-0.5124319701251963,0.7258819704048461,-0.4472824037308804,0.018525194262660673,-0.011425034296920584,-0.9545828809005337,0.13167234242735382,-0.2986209148256994,0.402034690465405,0.9353158114462597,-0.6279157616279596,0.5588340009378139,0.7831524553276018,0.809708822024077,-0.06778482322071437,0.23550876084485364,-0.42904563654045424,-0.6221843446074339,0.46588146355576304,-0.6526278961159342,0.6567933040982227,0.6500012058611636,0.19672977602197383,0.5782508845126112,0.608664214166266,0.7624081708917099,-0.903190387715841,0.45272521227967566,0.6968376713626662,-0.7828169381289264,-0.8473428206479391,-0.7590078974505322,-0.7558138570128279,0.7168088352531505,-0.7296743124011146,0.7029968762813258,-0.7052966738074369,0.5995381185401023,0.8784725625975901,0.559030397775248,0.7797733142542107,-0.7294193399267623,0.6511008266881576,-0.13014787546903728,0.8919419995817937,0.7401413951936917,0.6907990950099453,0.7152464028977571,0.6702078980761407,-0.9838894193830369,0.6276266610447445,0.8920818073017245,0.7556397751191976,0.9662916999950767,0.18027813972055973,0.42434861404566576,0.851866094080291
-0.9158349173378814,0.8208703812214504,0.9682957993637803,0.6948611039858024,0.8946887902056573,-0.815442995046391,1.000000000647591,0.40476791140631296,-0.7879080648452416,0.8261997731946222,0.9151860966363989,0.858462298841229,0.7798761708748528,0.7634726452363055,0.8142879641949102,-0.9256971142800573,0.8204404715509022,0.768655736333211,0.6685111141393209,-0.7178780045422208,-0.893014218163287,0.9133051948015433,-0.9607510982057506,-0.8914346966113589,-0.8512125028923493,-0.45314933674001534,-0.5792186964762591,0.872820181052413,-0.8021059482485099,0.7447830242086462,-0.8686998059888165,-0.9193699444838119,0.8553496296236516,0.8913316291710843,0.6852002269088779,-0.7982505779283746,0.8715335572912182,0.8775797953791984,-0.8399281673436394,0.8929581692193004,0.4002600063475769,-0.9200959799983656,-0.9111307194018685,0.5277007973942417,-0.8050000114438138,0.3756146099443639,-0.8280142350613091,0.27081720884788407,0.929341130879816,-0.9044567405023969,0.8259359472673165,0.4684866700717341,0.6180913219526344,0.6235302076256198,0.849461142043761,0.41645531851896184,0.7824135223215645,0.7360323582301188,-0.6443984028790061,0.8436718761908262,0.9434079194477385,0.8098865636918301,0.9215494825122558,0.7553749870926088,-0.5984316994556064,-0.6316486500495652,0.8482894041204209,-0.753046351223558,-0.18568380571275414,0.542654979162635,-0.9002374214041268,0.6733234848905786,-0.24314038177756278,-0.06359894572894541,0.884777276049415,-0.008110989711975616,0.5779607600347038,-0.5340823255024909,-0.9532490165718704,0.8331239211603846,-0.8030816848838537,-0.9169972547482381,-0.7017844825367487,0.34588875004696845,0.13919746502936384,0.6006356694995639,0.9114101442338118,-0.55577536410382,0.8927913664166103,-0.7675993450926343,-0.8023584048565903,-0.03963507123479111,-0.8266429424052608,-0.8071797544193259,-0.9269064319072954,0.9536020966549841,-0.4336982021422672,-0.8542981932694553,0.7745609131807408,0.9296851123044435,0.9635477627130373,0.7855352602598873,-0.8844027682778874,0.8112599648554621,-0.8449328652853877,0.5476389984424032,-0.798027564528292,-0.9454008413585344,-0.7623680778420423,-0.9269197191578643,0.9399094594721932,-0.7803039552167433,0.44903516326540516,-0.7856592280518838,-0.8126710420544528,-0.8810722641956692,-0.8895478667241552,-0.921259782049,0.7321988098616368,-0.8768923681416644,-0.9364166874397837,-0.770188476375847,-0.9114284508529716,-0.15742659891792934,-0.7420475169799474,-0.7836421285820881
-0.17867306503515365,0.0879781956728653,0.3461026850943723,-0.1856634909209305,0.13075925002499647,-0.4299308920183496,0.40476791140631296,0.9999999989102215,-0.12717856838425032,-0.09012465123967166,0.3818939834922234,-0.021333027500655542,-0.1096226516163162,-0.032497075763170916,0.04670335412783376,-0.2511755165520651,0.10970984362826253,0.4566246366178981,-0.18690337014495265,0.13470488696134128,-0.06252555405852037,0.2604306842028185,-0.1874689882725984,-0.12661994059521325,-0.19172050859811046,0.5035708309217222,-0.2963428498178545,-0.04284362017438261,0.05890291867366132,0.5749322232628923,-0.042185373451095,-0.15992263148579164,0.546935418052003,0.08157564089621964,-0.3215942157332677,-0.7351711293199922,0.3472631929684713,0.08740537607356173,-0.05080717282834729,0.18510711274621844,0.16356902980767907,-0.13095260500559228,-0.08529800595819263,-0.3486244769303266,-0.3919333185511144,0.15183824896468695,0.11200263374942396,0.7991034099843072,0.17214619666049272,-0.1557384023305422,0.20046195011373708,0.40486739163061247,0.6732966524536473,-0.35849920630276577,-0.0997168011094473,-0.5110290184296509,0.15947813576511322,-0.2921367682839132,0.3775834297237935,-0.022720693269605872,0.20134617554427273,-0.11687482862768622,0.3347558246505725,-0.13036331368657145,0.35308416520728225,-0.39873515147961464,0.08658753296928874,0.20445412201324545,0.8147301972451152,-0.3897813895614095,-0.11957928506738105,-0.32768685757525606,-0.8462266480444908,-0.893094391645249,0.22382368067299255,-0.8945874039680115,-0.477156566029596,-0.7046863042302489,-0.5224913515504835,-0.16292798782859638,0.13345436544820785,-0.17064469912768268,-0.368233017094872,0.29279537719356985,0.02650978506781681,-0.38577209923912037,0.055529585073390675,-0.07729202735101623,0.10110537468175329,-0.43338380558978823,0.1274347132102585,0.7538922409644164,-0.5817888751890532,0.11893597407765755,-0.24796318419716823,0.4747371379550102,0.532062912665999,-0.1595575350404485,-0.1561007873574168,0.1954764338271857,0.3709965040944897,-0.08499207983792807,-0.03364562851021712,-0.09855141906765819,0.07524599145066091,0.560277031434489,0.2071676621903337,-0.2559051977178533,0.09491297362435025,-0.15306159887671505,0.24053328157907275,0.1856910774367422,0.597164332427101,-0.0029460780389130928,-0.03204796033211009,-0.04271919156137875,0.03598223917225758,-0.37955930444794095,0.4619615889105705,-0.17688675965866646,-0.19063318098935447,0.16296628467712945,-0.30773574390095004,0.8033138591036367,-0.40637042586774835,0.04820439791302144
0.9158063597922836,-0.9152262510052481,-0.9028058079657568,-0.8652935685958915,-0.952584909941893,0.41818904845907795,-0.7879080648452416,-0.12717856838425032,0.9999999969347587,-0.8982592391071709,-0.5889443420879629,-0.8910835709148989,-0.8869032143490764,-0.9845224492088503,-0.9405070087981836,0.8443345536564043,-0.9762580484094836,-0.3457876763657913,-0.9468575314668077,0.9535840228820358,0.9269581734625472,-0.8898502435578188,0.784164713065118,0.9394696619975168,0.9936984428370412,0.6300831952683346,0.5796791161313525,-0.8401961993152184,0.8358872674800139,-0.2476944563182994,0.9459200226693133,0.7190877963957106,-0.4709615988049728,-0.8446416717885096,-0.6096167007126656,0.4844143950504841,-0.9478530155351745,-0.7943080067219466,0.974049258493255,-0.9162648954436632,0.1640582339456336,0.7794244586747295,0.8069035935326946,-0.7826547512690247,0.39731895389064387,-0.7418888769215931,0.8473008097005488,-0.3917235224534475,-0.8902626671428406,0.8595471365447879,-0.7100471401384901,-0.7364790715674271,-0.05591274801662516,-0.8626701831412296,-0.7492556442951867,-0.7666054308740805,-0.7235542978363844,-0.6465003321930318,0.8088202567972791,-0.8561722850244802,-0.936224726016157,-0.9150112443364216,-0.8526593624254655,-0.9548011540831369,0.8429221715293322,0.8997813261012121,-0.9046565370450557,0.576214278511937,0.3252858716332162,-0.6695315189866493,0.9060305851005377,-0.8384050974100156,0.28795547624990636,-0.07709834804519969,-0.5950326524030516,-0.3048267811725246,-0.7548304640777038,0.640568940333115,0.6479740950118257,-0.7416686052449175,0.9067640173088274,0.8763733682015129,0.2376618269234752,-0.7399908278300242,-0.03042692110134299,-0.7899147342595375,-0.9047862807341764,0.8088840145629957,-0.9464655430404741,0.842201417407725,0.848055045444512,0.08429478619924166,0.8685199020446639,0.8860605428236082,0.9026757147786759,-0.7510898992379283,0.5262874988733218,0.9103901601580563,-0.5625565812775226,-0.814829736824745,-0.8993200578318222,-0.7547722369465754,0.8835212868062249,-0.7879998678583807,0.6367753945079685,-0.4862739930154501,0.8170919317257527,0.7889602112147615,0.9141066652677892,0.8733953717855734,-0.9236702872944432,0.7957913832345751,-0.6970052380638552,0.5415754023044266,0.8272131810681488,0.9061792030240967,0.8247454476153091,0.934002248729185,-0.29328469271882923,0.9619060727015006,0.7316359108484511,0.6760305132278405,0.5841899778677349,0.20902933699548398,0.9369505490387336,0.5789699037362037
-0.9627955060887315,0.9616504131734672,0.8972181566332231,0.9699833322639645,0.9715954080433526,-0.6128618188581627,0.8261997731946222,-0.09012465123967166,-0.8982592391071709,1.000000002465745,0.7509970448591886,0.9962063697549308,0.9921053085457381,0.9418781433229982,0.9729573197646973,-0.9225917553367182,0.9485178193542596,0.5468293344797087,0.9118497007404446,-0.9615586951186386,-0.9873547991897933,0.9304922647737655,-0.9042508010096996,-0.974435439735771,-0.9076657223708053,-0.8561270803928194,-0.3651126028591121,0.9862869263151681,-0.9792276991647205,0.38885639722529564,-0.9879528367827844,-0.895232552301379,0.4897181942794778,0.970323090680587,0.8941948713583464,-0.49882222264252735,0.8748191295201581,0.9487674771209414,-0.9631288000851407,0.9557977937348162,0.1770341777745458,-0.9341132302428222,-0.9566043419711139,0.904626624532062,-0.6124449016737824,0.4159056228263481,-0.9940252909568787,0.020593382504308005,0.9622705366774469,-0.9566222791932552,0.8642102916581155,0.5483943147228763,0.1886255403275672,0.9419806785528093,0.9429939740517773,0.8448782089951578,0.8672839043398212,0.9039379850764963,-0.9556772833249546,0.9875543132317697,0.9436202872405461,0.9945174402875011,0.8928826796512186,0.9591481478737697,-0.86627089702548,-0.6585780375570379,0.969592178613625,-0.8660515697312544,-0.6180030983439546,0.892941770458296,-0.9761754692747614,0.9690922867792476,0.10256427645286928,0.40874827407687914,0.8048367002709818,0.5158340711799662,0.9014670239823939,-0.3959295630717526,-0.7208740451882718,0.9219433104460133,-0.9970695150298579,-0.9564258210087098,-0.3975458647813843,0.4758540060108204,-0.08911690297095089,0.9445816886227696,0.9516557240232624,-0.7905618758022065,0.9785691828557976,-0.769864082828099,-0.9934512405702981,-0.45638575153706795,-0.7016929782294056,-0.9991591637735922,-0.9400732864087268,0.8027355165364355,-0.8133632717436302,-0.9504159343612911,0.8535764933970826,0.9334341651579885,0.8889891704859393,0.9521305990430879,-0.9890073560047371,0.97308228066937,-0.8399121682260996,0.4726432571744189,-0.9782161545570185,-0.9029837063539976,-0.9857448495356997,-0.9635292980615531,0.9443512631729223,-0.9803907562959759,0.35454754830312957,-0.8228352470645796,-0.9569224832391294,-0.9905349701516568,-0.9757359805994094,-0.8747548515641871,0.5041556247954126,-0.9518128136457861,-0.8965713772826117,-0.9271396607675714,-0.7726374710216956,-0.5536628981007984,-0.7455669089194394,-0.8577694181095252
-0.8449465979470244,0.7708001821922603,0.868491935370815,0.649470415691303,0.785851436655916,-0.9759157058268845,0.9151860966363989,0.3818939834922234,-0.5889443420879629,0.7509970448591886,1.0000000012618886,0.8025019443556959,0.7260216983603219,0.5757317417575907,0.7359034047512063,-0.9192354077146591,0.6880720245423024,0.9529651964280373,0.457051492812262,-0.5718721077832338,-0.8046672262223001,0.8704989236553343,-0.9281538732038173,-0.8050598554167863,-0.6624763285222498,-0.49491226001140437,-0.24836154017937545,0.8273574687949359,-0.802306907317412,0.8877634679818324,-0.7626488553899785,-0.9609309945575559,0.8051823742910705,0.8796272356450742,0.7430609004652997,-0.8852047867296986,0.7518583554259058,0.9042306212077325,-0.6791023710779827,0.8382410889789036,0.6799874277091725,-0.9358063207624059,-0.9093796006645957,0.5042780116106381,-0.9727632923343124,0.00044072516590806603,-0.7873354858064666,0.10485469984736792,0.8777742172877409,-0.8902025427770427,0.9151545395432569,0.40616294121049196,0.7879563553815798,0.4931432957700262,0.8405415518552349,0.29979548032661296,0.870818124215584,0.7471440841078579,-0.5702574257036539,0.8242472318397936,0.8154430440521978,0.6969832250380154,0.9065752133218773,0.577788385033047,-0.37373820154764825,-0.42801573883628735,0.7936620268730087,-0.8220128079847957,-0.20854690646296212,0.5983035278839183,-0.8437664178090399,0.5950302823354687,-0.04901886162286873,0.048648007555660525,0.9857818864622112,-0.028148726616826172,0.4610145784138771,-0.44403826223625426,-0.9765359232178196,0.7609435760597976,-0.7078479479136465,-0.8873198550991485,-0.8021266929030477,0.17184515913683965,-0.12879814653534302,0.5608149503603702,0.7762693030716991,-0.5459314679442968,0.7914753561251752,-0.7297036732150097,-0.7707188616499123,-0.20460099621732233,-0.6815478032188603,-0.7434492953453876,-0.8706299573594183,0.9605589199731144,-0.5230327154574526,-0.8056433721932308,0.8473736840402367,0.9328738836043811,0.8716593160719293,0.8364904951007595,-0.8364968172773661,0.8272406396344495,-0.8102484336099945,0.6721754310978659,-0.7363853559694687,-0.9560770988822744,-0.693361249550097,-0.8879023351306711,0.8519698990895013,-0.7651133454244945,0.22873012290609665,-0.9200886707509311,-0.8285303080756513,-0.8169200455254952,-0.8376945330218794,-0.7934660074872943,0.9288558454534281,-0.7633210290958251,-0.9634237030138081,-0.8319958252410177,-0.996112552167077,-0.24102601151770545,-0.558159673788414,-0.8936758603503279
-0.9782544658343395,0.9711181949288387,0.921833686144612,0.9600267945430773,0.9786452206684709,-0.6757853942316449,0.858462298841229,-0.021333027500655542,-0.8910835709148989,0.9962063697549308,0.8025019443556959,1.0000000054021176,0.9881398234827705,0.9255079307995326,0.9761327748215755,-0.9520258800703066,0.9487658596739162,0.6137412812421573,0.8810465324075705,-0.9426960265217728,-0.9931306338406316,0.954581297466242,-0.92887193780895,-0.9840380140876488,-0.9075639723694665,-0.8333464266314451,-0.35419590147439667,0.9908218526181888,-0.9862456897716566,0.46024726832137386,-0.9892129614553562,-0.9263033632396812,0.5371123436123881,0.9871445734756076,0.8919532748591175,-0.570379758603425,0.8931804672797958,0.9708201579931804,-0.9568837391750643,0.9731423067199312,0.23441415413110925,-0.9593289924802995,-0.9761442251756832,0.8835108279289002,-0.6738004455574984,0.38140532760401724,-0.9937101537231368,0.05195708521983302,0.9806354720349529,-0.97805452258952,0.9000425249247139,0.5683797280049683,0.26738591766622594,0.9099152842504072,0.9500076308812256,0.7999121860558654,0.8989592781267733,0.8992290263459922,-0.9303049769362486,0.9955437925582833,0.9548308515483747,0.9836901529507754,0.926084710575514,0.9381135878741786,-0.8226180281234318,-0.6641391506599935,0.979052112990282,-0.8750290999903869,-0.5709042819191228,0.8808311450969959,-0.9895379219404667,0.9467390021088256,0.07025699453549962,0.3636343402303687,0.847662022558496,0.4533502877175391,0.8635641053686178,-0.4341075068426529,-0.7743535249947138,0.9168533818216027,-0.9876164152256048,-0.9774072647586386,-0.4513624263477054,0.47158638058777336,-0.11377635183462054,0.9216737913440094,0.9529029911649398,-0.7976794506706096,0.9849663483582097,-0.8014873615824794,-0.9924214671266641,-0.427751419313351,-0.7313029056301904,-0.9945761939031316,-0.9622536807006172,0.8494824163334642,-0.7953934893496099,-0.965434423656076,0.8666734765480528,0.9608209122485262,0.9158953334074158,0.9644053673803038,-0.9979548532551354,0.9806070368619375,-0.8470904983029705,0.5296040290951749,-0.969452216207298,-0.9360849109798296,-0.9802134412032099,-0.9823777137320394,0.9625272179977181,-0.9775882770514818,0.36785051977456246,-0.8535280701518625,-0.97160357875735,-0.997683161042233,-0.9808542567664015,-0.8956865346381879,0.572071090993171,-0.960329885568205,-0.9277964074217311,-0.9364702325604598,-0.8195147812815996,-0.5154764212834316,-0.756581771905112,-0.8813065604595297
-0.9550134465593647,0.975750960754462,0.8687321493390295,0.9914245623869488,0.9605004942402016,-0.5978202373550338,0.7798761708748528,-0.1096226516163162,-0.8869032143490764,0.9921053085457381,0.7260216983603219,0.9881398234827705,1.0000000050229094,0.9313249958839889,0.9818437356606606,-0.9125041476260493,0.9520283826858029,0.5366152427222197,0.8985538193012321,-0.9643538194936666,-0.9721205869458655,0.9295903890490459,-0.8619898988874337,-0.9667053289097739,-0.8886765837332998,-0.8892762699204513,-0.2665184639250625,0.9717857303300048,-0.9887392870579185,0.34094476255718026,-0.977832193607321,-0.8721802296768557,0.40200566988519565,0.965428121387244,0.8849896327395381,-0.4926126138562373,0.8750277371094796,0.9474641864484703,-0.9534281028657396,0.9541475298191233,0.1473801413197856,-0.9163488145012462,-0.9410209479588365,0.9428457116342919,-0.59695183472984,0.38524760911453465,-0.9850031703515437,0.03623659463531368,0.9486420002904545,-0.9521521437922654,0.882277377728145,0.6053715675164414,0.15194319930062225,0.9387147462837788,0.9102894357688084,0.8673606445129393,0.8955256824287516,0.8765400489023082,-0.9546209892075741,0.9870993801328842,0.9122020466871272,0.9842557057446284,0.8879951413816077,0.9435838057152288,-0.8426417457775591,-0.6727128063980753,0.9791633764906637,-0.842008778459046,-0.6210705808659645,0.9248060985447101,-0.969178003524569,0.9687042914912259,0.1157647726181119,0.43519375579004677,0.783473781030592,0.5385985745532217,0.889528111488554,-0.4299564209161276,-0.6845741735636237,0.8756577659633995,-0.9858660575804976,-0.9449572143818229,-0.3195802242580706,0.5289634714972199,-0.20516497857196453,0.9586312546306058,0.9081719345231021,-0.8501366753579005,0.9643452397636995,-0.7986879018861656,-0.9923928158664149,-0.49952692740463894,-0.6985049258916333,-0.9944713762833922,-0.9317464486871232,0.7846090586450621,-0.8420480102012037,-0.961214181223161,0.8274397299666517,0.920985280921717,0.8650922133208474,0.9598801270777632,-0.9795676207443889,0.972673437779925,-0.777716810222855,0.5309657527304583,-0.9554861323306719,-0.8835293254771102,-0.9960032501065599,-0.9497441315029246,0.9270268204221833,-0.9787252977487149,0.37058281167567386,-0.8152784469477817,-0.9735159999407659,-0.9822146862094482,-0.9509145934048739,-0.8629749855404334,0.5006284677140802,-0.9486439049375861,-0.8740399150581579,-0.9239202092348388,-0.744438924846505,-0.5547869755909436,-0.7512514820136812,-0.8555959256102507
-0.9163815134239858,0.9229981592894696,0.8749141718395081,0.9170593813066823,0.9559320069808324,-0.39849565595129477,0.7634726452363055,-0.032497075763170916,-0.9845224492088503,0.9418781433229982,0.5757317417575907,0.9255079307995326,0.9313249958839889,0.9999999992890792,0.9526214997101681,-0.8354963485722263,0.9737036301671042,0.32214127206475174,0.9839597759191877,-0.9878331648626084,-0.9450256768988236,0.8764341099144316,-0.7955759389656563,-0.944224788612775,-0.9738923152821202,-0.7354880244240719,-0.5332307937233669,0.8865168014253312,-0.8771972095786392,0.19936863265329674,-0.9642519555608411,-0.7385806297214945,0.41882919192437523,0.867691683045923,0.7070575591900436,-0.3962905772301515,0.9065338149745952,0.8189735966384396,-0.9859626188620514,0.9117081113174419,-0.13352864222768848,-0.8002705992660986,-0.833943243219116,0.8538055791669064,-0.38609123435739,0.6910706685052739,-0.9001643075470767,0.23445080262554566,0.8948056035160448,-0.8674077038112613,0.7149803765882133,0.6533916990557564,-0.006441059349709796,0.936767282975792,0.8070759978689387,0.8563481840593777,0.7305575230179232,0.739441256185278,-0.8948806604376665,0.8928188485567995,0.930760253410123,0.9612752147644302,0.8266493447403728,0.9913692132513636,-0.9154761952895878,-0.8216833623180086,0.918430523094351,-0.6604414039981863,-0.4832741526676623,0.7600719985691439,-0.9166242607892275,0.9154684138231278,-0.12337119673460982,0.24234235899946077,0.6084854210185805,0.4569049081732604,0.8576808877252217,-0.5152951263253774,-0.6046092078824896,0.811950011289717,-0.9544943686829863,-0.8797269777099763,-0.21950275876838743,0.6657009188366783,0.02930465082891034,0.8745442249766877,0.9252964256538879,-0.7972424427441018,0.9548381764437782,-0.7817066546445741,-0.9012261425753969,-0.23993840573542086,-0.7820120650096704,-0.9341399549262785,-0.8910726681402888,0.7102419727538475,-0.6439683105853147,-0.9087655262848957,0.6416234782015526,0.821435923480951,0.8666993401801106,0.8055749929584758,-0.9111485518002205,0.8417956759518157,-0.6974867915271485,0.40705407073254346,-0.8860305539394309,-0.7864329730877364,-0.950084655839517,-0.88291109755868,0.9125656059198451,-0.8634566836456369,0.5750959829114031,-0.5932015802571328,-0.8536761093127617,-0.9296627016558167,-0.8720145279206408,-0.8938961800922457,0.27092876614299766,-0.9539224764089461,-0.7475103468647838,-0.7476277159195702,-0.585612710916516,-0.3707040951153915,-0.8677965797323133,-0.6396170630015386
-0.9778573980875038,0.9960865954025333,0.9172263373138999,0.9685631072039136,0.9845640236052527,-0.6059545949515732,0.8142879641949102,0.04670335412783376,-0.9405070087981836,0.9729573197646973,0.7359034047512063,0.9761327748215755,0.9818437356606606,0.9526214997101681,0.9999999980863742,-0.9378241108412753,0.9886750937602665,0.5457690495233533,0.8993664426508501,-0.9658963969192244,-0.9783569236643155,0.9650534816287919,-0.8592090946079318,-0.9881657954105464,-0.94287975368574,-0.8037614955041088,-0.33042987530968276,0.9428275596797291,-0.9680662314051933,0.36831101837913616,-0.9869910553351904,-0.8578463462322998,0.445835683659242,0.9598111828129309,0.7930386143496029,-0.5795633671846128,0.9472610268517879,0.9365995268492198,-0.9739924042456095,0.9832095699906527,0.07795068619224128,-0.905715032617419,-0.9268417833935307,0.9020431594088276,-0.5951542900060198,0.4794072992504981,-0.9517835680716464,0.21981718998198632,0.9640716093957225,-0.9627741703948965,0.8882119886421466,0.726407006048477,0.18690113882773077,0.8959586211129338,0.8617342084658057,0.8123500684969007,0.902803730714337,0.7894847836565255,-0.8936413122218347,0.9706535062819532,0.9412448058728674,0.9651179565953625,0.9325113101190662,0.9407405628456323,-0.802566152608776,-0.793330967207296,0.9913326473876679,-0.7572709800578069,-0.4704082143112172,0.8530701957425886,-0.9812371823969871,0.9179516697653882,-0.06826253814979914,0.2702992086508856,0.7671259309459914,0.4035074335276192,0.8108584095979259,-0.5849365457532899,-0.728864863574254,0.815298615231649,-0.9642604713519572,-0.9606708657733407,-0.31544528302485747,0.6493121423538002,-0.20908486041840477,0.8998634116948949,0.9087704531779852,-0.8969484360803122,0.9823551515003333,-0.8880211533048264,-0.9603175225122325,-0.34080920472964016,-0.8147830787576792,-0.9705915781467699,-0.9653774332447189,0.8349423287914088,-0.736106775795048,-0.9893226110223121,0.7460375154811967,0.9278196085772519,0.9185953151682935,0.9230917575993516,-0.9727167703784085,0.9343108115334767,-0.7175059882040615,0.623170448052492,-0.9043704687186732,-0.8966785711015836,-0.9896578395273968,-0.9586366961026602,0.9611947259530649,-0.9286610395010478,0.5316371015240353,-0.760116392874695,-0.9673656063040156,-0.981840762725191,-0.9186318086248242,-0.9303550483271807,0.5067967668963311,-0.9865779288788387,-0.8641244343186915,-0.8599589334998929,-0.7387531069842769,-0.39191654986295976,-0.8592398632268935,-0.7948594428566931
0.9798729118684482,-0.9518880607988481,-0.9679238456180884,-0.8643959772024465,-0.9563737843813538,0.8318670814174194,-0.9256971142800573,-0.2511755165520651,0.8443345536564043,-0.9225917553367182,-0.9192354077146591,-0.9520258800703066,-0.9125041476260493,-0.8354963485722263,-0.9378241108412753,0.999999998043205,-0.9108586372132592,-0.7846203964924954,-0.7423974266480436,0.8342933772341732,0.9599604018170677,-0.9877984311977808,0.9560256039691427,0.9679621452266757,0.881898897453623,0.6799080456416194,0.34155226778757636,-0.938131151204685,0.9427534625019064,-0.6678459202819725,0.9428583493876147,0.965430320063091,-0.680581822385598,-0.9806476166749641,-0.7991963701576337,0.7892526162409843,-0.9275996200138789,-0.9784777186537686,0.8933606474218183,-0.9834837552550979,-0.3688307449220637,0.9796408541601604,0.9764480796262637,-0.7496517661894888,0.8210115598571983,-0.2992357361794935,0.9249155968727424,-0.2149921270745395,-0.9891668622413801,0.9930038425842269,-0.9570392065640994,-0.6400265484368526,-0.5065641248510094,-0.7467517290822885,-0.9038473079141387,-0.5952289578571814,-0.9429770721811428,-0.8032039540623941,0.7779764571754261,-0.9575130417018209,-0.951448812173047,-0.8892163766742233,-0.9936813198519603,-0.8239611284055605,0.6312390739436728,0.6917800756032041,-0.9553756257095389,0.8217891130955571,0.3363287161919469,-0.7624837558149501,0.9802935168024294,-0.80674495026749,0.10704962319042916,-0.13810999288267858,-0.9253284504261365,-0.18345630664534954,-0.6704370397109759,0.5824038453719342,0.9145630804471216,-0.8314069965427953,0.8973602055647988,0.9947789764484515,0.6007188973454475,-0.47412903183568916,0.16740787929258583,-0.7765068365071639,-0.9103349095238924,0.786724574878209,-0.9590108345329923,0.8844082342352448,0.9210883599193557,0.24531499776825955,0.8262854650215113,0.9165230286482289,0.9900042756457407,-0.9651130611257821,0.6505382107456887,0.966380509066063,-0.8273351703376955,-0.9939113565421852,-0.9705221955924741,-0.9320095993431173,0.9675477066396277,-0.9330077749934846,0.805471587891741,-0.7004273437378464,0.8715967935829801,0.9917003278770641,0.9056195875916714,0.9896276092402623,-0.9796437480596961,0.8937069237156023,-0.45057463483987703,0.8763543250532182,0.9564540197196197,0.9643892399031475,0.9306532337515578,0.9364035057265562,-0.7448733273111028,0.9478807326029141,0.9679964538022078,0.886292417011739,0.9153951771257799,0.30636785877316497,0.7910972822580155,0.8767786563308506
