1.000000000201268,-0.9637075633679083,-0.7480559718261871,-0.8373671758541334,-0.9875644164516297,-0.14181319155950892,-0.908402172503735,-0.8152358914359725,0.7264322897305465,-0.9417791641421333,-0.9638043152879825,-0.019141037252114343,-0.9076946162949847,-0.9319780977223331,-0.8671138755539564,-0.9529697145751572,-0.855848475638262,-0.9228376247932532,-0.9316028355938214,-0.0009145262695619511,-0.9538245176639043,0.8132331338598562,0.9735135397332026,0.21882424865782232,0.696578529700578,0.9261002044823624,0.9779161673332664,0.9767443901808642,0.7325710148453288,0.9251556735038482,0.9666342098615364,0.8830663337286595,0.36651038241625356,0.24459112336661443,0.9617137345819585,0.975684965637427,0.7863300586025184,-0.8331207764112415,0.923776426501804,-0.9173612123881201,-0.8874074664219999,-0.20138332943183662,-0.8757195201384749,-0.6090927500314465,-0.8285881257381016,0.9615137787005696,0.7355273528150251,0.5394718161099795,0.981272226639013,0.9362795394844159,-0.6530386831819507,0.951319797076019,0.910934104670941,-0.9319250419488296,-0.9506083811014355,-0.807296312967189,0.5582224761239842,-0.9926852773708099,0.6081731381290625,-0.8981406435137319,-0.3494773631963286,-0.9651656915486776,-0.7037895536147334,0.6371510724155104,-0.9772685342818812,-0.7584763479670321,0.9728356704869695,-0.2406543238730717,-0.985785709682668,-0.9318607441543809,0.16669624720449014,0.8401514666860571,-0.9457565897952107,-0.9624020941255064,-0.9106183313370244,0.9117490227643393,0.8970921133008181,0.22932249299402516,0.9324402887017542,0.9098925361053564,0.8433547482017889,-0.8839348570458593,0.9255074913419329,0.9141968047280582,0.8113987003575812,0.978029422952685,0.8297816221837359,0.8537302419035193,-0.547176564971214,-0.8969572566344282,-0.9043957918529278,0.814837675723305,0.992054391083617,-0.611154428871089,0.8553618300768173,0.9767984586428532,0.8468367275632874,0.8281836690455142,0.9142473795825881,-0.6309353779490879,-0.507291168848274,0.8604441362472219,-0.25487596707496446,0.7871241183824637,-0.6277087405466807,-0.9228561287931337,-0.732189600514668,0.8602127645373211,0.38443005559410964,-0.04144080171102129,0.9703465729915294,0.9428365397741333,0.9420697768096998,-0.6571550206566195,0.08149475294613714,-0.40306933034480713,-0.9958195542305118,0.3933201770597749,-0.43062897154848384,-0.9245739692395317,-0.8978358250055134,0.796684280187797,0.07005783866360883,-0.9433294258554249,-0.9453811511971749,-0.9224302489220961
-0.9637075633679083,1.0000000001631308,0.6254546558181675,0.6982175261463389,0.9689422883116066,0.29097393548608713,0.8117088116715963,0.762791025450894,-0.8428615610888376,0.9814490102436548,0.9932575390358085,0.12255815110812215,0.9509638106300827,0.9869675232064622,0.9492114510047981,0.9496962610781557,0.8078741649577963,0.793733549519091,0.9639747738569767,-0.2564516104963492,0.9672502123029044,-0.8895994955913606,-0.9749962715670989,-0.26926653490271885,-0.541473065274352,-0.9837144503678837,-0.9488907213942275,-0.9632368129310056,-0.7218129595057903,-0.9844269631047053,-0.9846970792820902,-0.918426148395717,-0.5373219247404647,-0.30178260759975173,-0.932831997606674,-0.9869706736711571,-0.7298032225421095,0.9382386685120896,-0.9127919124635293,0.9515453094006555,0.9579621505019926,0.24291944489028466,0.8969951422332378,0.4275789550868552,0.9316116043341927,-0.9017508280205598,-0.8339432993957154,-0.5982650521614209,-0.9680774708483256,-0.8319967675614035,0.4536685337300865,-0.9541112167249278,-0.8274374588774027,0.9593512596379334,0.9791585807800454,0.9089846474377119,-0.7362902596082933,0.9298407643085078,-0.7812202498269969,0.9635249442989039,0.5735794992476126,0.9620556104907768,0.6489747051383732,-0.7753206304119099,0.9075642824080653,0.8830203804666238,-0.8915759971809673,0.4766485812238759,0.9832835255266069,0.9647229933940686,-0.2995780868530582,-0.9051717374868928,0.9966508631631354,0.9846446798790164,0.7916475165137139,-0.8918426586282506,-0.8987090133844027,-0.47042205468291565,-0.9802296401942524,-0.9583107054808221,-0.9442888904393557,0.9653660633461192,-0.9754848256801395,-0.9629363201028004,-0.8217289605556958,-0.9808634258424338,-0.9460249854882251,-0.901870339898356,0.7040052570954112,0.907243436069407,0.9761667887648431,-0.7700001588134715,-0.9576598223851165,0.7644650024219795,-0.7340891029507544,-0.9818850137163435,-0.7226486398968054,-0.8290395121488504,-0.8216583250740247,0.7198816005812595,0.2853287859746243,-0.9624228752425261,0.48879535565631677,-0.9167668147063516,0.6387472169028798,0.8246052877144909,0.7802597716127065,-0.7060100779613822,-0.49457827172559804,0.29561749338431376,-0.8770831051743239,-0.9466168114521478,-0.9552093857847898,0.6685863799034215,-0.06261952968348522,0.6158587053348566,0.9661483326872853,-0.28440573721101914,0.47180320538564385,0.958591304195423,0.9311521082769276,-0.8237167958799452,0.17096592257043877,0.971718452452407,0.9664918870182221,0.976880215108869
-0.7480559718261871,0.6254546558181675,0.9999999998515582,0.7787630611175541,0.7098608706020285,-0.5339900012555189,0.9060613951099888,0.33496593147263665,-0.2920810544907022,0.7046096175330154,0.6936845668647402,-0.623970418780501,0.654740641188834,0.5480183828933909,0.39054786449754464,0.8219629452593735,0.9190354039396632,0.8863827948738768,0.7551064668554597,0.2663593613401755,0.7668099226327396,-0.5038292358720334,-0.7477977379383933,-0.38990558842378753,-0.876870628688273,-0.6480188739303948,-0.8377511350838177,-0.7075222354615086,-0.29321956134154953,-0.5170590599127896,-0.7028692874188243,-0.5545107563829282,0.26560109197719256,0.40799794414182367,-0.8529467044835556,-0.737761013099412,-0.463444300550395,0.5068324607451514,-0.7709201719747211,0.5779761652731618,0.42515493323980585,-0.3226583038388191,0.47136749251909094,0.5117377130177794,0.5353074657293276,-0.6565305667454884,-0.2632056668918649,-0.690562785865868,-0.7849699714827993,-0.833739483468287,0.9283862472356771,-0.7239262728308925,-0.9209792119792506,0.7499915203932813,0.5846101936709733,0.6107558369383335,0.04857226292318914,0.8095344078111748,-0.24987729444253687,0.5623744620440443,-0.20073974527188257,0.7877744404677126,0.5225352552392521,0.002644964039333868,0.8477725195733874,0.28620239808305514,-0.8423471148561475,-0.108379872661788,0.7477312069844243,0.7228149797836014,0.09535504583789212,-0.3407274221818165,0.6123748197360398,0.6937612988009206,0.8558662931120228,-0.7922671584498645,-0.5312263868657868,0.14581887270156027,-0.6837877225278707,-0.45734396860467336,-0.48562631605935125,0.499325567550634,-0.533463745272951,-0.6294605315209043,-0.8507987895926832,-0.7055732638520497,-0.4072215080792361,-0.400808491424094,0.11846203116094915,0.6788681262520294,0.6094519376190862,-0.8927909746076111,-0.7169588572867214,0.11278971482479745,-0.9698959904484334,-0.7301914649334039,-0.9688224477444581,-0.6336982743394282,-0.9406267589363718,0.5950243606062369,0.8711846982857844,-0.41625474071295315,-0.08574347535403645,-0.3140873000457723,0.8219468937035653,0.9217704779468706,0.18327770040293775,-0.7200923547724143,0.06426858186793491,-0.21637058243233398,-0.814028216530966,-0.8162212956621457,-0.6043567383276658,0.7454100756248946,0.26533331636289736,-0.14243113966820525,0.7074166227084943,-0.754063628116432,0.04757193209510099,0.6460785204371216,0.47453476301007474,-0.6030938544964337,-0.5272657953334473,0.6083310979518409,0.5940390565220058,0.592867761450293
-0.8373671758541334,0.6982175261463389,0.7787630611175541,1.0000000000776346,0.7485648925189604,-0.18138328885700442,0.7766430925747635,0.6488979014094512,-0.2445469856965639,0.6606376874965018,0.6981911064819334,-0.08679437343338582,0.5482621053308133,0.595596200957874,0.5108142186246158,0.7577904263177516,0.7636902150895396,0.9028678519876812,0.6884272027776374,0.371096806798087,0.7177172423734944,-0.3739124671262097,-0.7115905527044999,-0.305934273385917,-0.9242439267292442,-0.6157751484981144,-0.8108350370485694,-0.7443601375113261,-0.4592615543439545,-0.5882613119087978,-0.6852907312958626,-0.49606912024057837,-0.06350510975356231,-0.17287004134639788,-0.7619077369485093,-0.760956062583645,-0.5059418988093739,0.4336946260857402,-0.8561508116285476,0.5543592805083075,0.5260778759298631,-0.07800928493837231,0.5245152000802797,0.6144187335012424,0.453058450017209,-0.7826646237195108,-0.30231160995592865,-0.3056186178239511,-0.7570395290879197,-0.8114999031956072,0.7897679342083552,-0.694030749009948,-0.792399312082517,0.6555515323898529,0.6940508522642996,0.49149989886388623,-0.16732576857302553,0.8620681720712756,-0.11705954487161441,0.6853576260512695,-0.025406849085720242,0.7158239183671166,0.4512112541623243,-0.27617465065709995,0.8336206714130866,0.2977689475905767,-0.852546102033971,-0.0759094076345792,0.7582185632670403,0.6217789413993585,-0.2231011778048858,-0.4693108086013492,0.644939104637113,0.6686201088583451,0.9785718240551714,-0.6360062304831291,-0.5653776626803355,0.1290072845209864,-0.6591753780670342,-0.6339386171109486,-0.432425239116884,0.5022903180996601,-0.5771306054501062,-0.5596286751576633,-0.566274076178033,-0.78019978035771,-0.49457643311922345,-0.4750372482775554,0.022990281463895004,0.5623706171053473,0.5914242148250557,-0.796252182397928,-0.8689681617786412,0.09770550069481615,-0.8384114816200849,-0.7173773765562779,-0.8457149419713792,-0.46136543098555804,-0.8165701846046534,0.44155474249635396,0.7684405505786378,-0.5091147545996599,-0.17003016465519094,-0.3709695545529558,0.45320138580613195,0.892070201819552,0.463071258746802,-0.8801099366964745,0.13558466943543782,-0.42904597420622903,-0.8703483884093852,-0.7177582197976946,-0.6155181651716612,0.5923888517255427,-0.3401664055487163,0.059198937429376,0.7974872499392016,-0.2643786410071911,0.49005419974497133,0.5746868067845943,0.5415202775588087,-0.38861510602045857,-0.3106567555680811,0.614177998181035,0.6256757492883033,0.5670896108268564
-0.9875644164516297,0.9689422883116066,0.7098608706020285,0.7485648925189604,0.9999999996181517,0.20576421243346668,0.911892071975699,0.8297847500153448,-0.8084559217439902,0.9533676399737794,0.9706803095309254,0.02842205571319731,0.9508592297504486,0.9614646315194895,0.900036165016904,0.9448027944749469,0.832242858125887,0.8932466540962132,0.9311830942991498,-0.05368132262900349,0.9563940801937063,-0.886447810425211,-0.9880951401500397,-0.1490090240880443,-0.6002187865380629,-0.9433900149419705,-0.9656915436390878,-0.9840354393119256,-0.7768978447994527,-0.9539176337703925,-0.9832927713900048,-0.9427889928946304,-0.39184877918049765,-0.23706554737918756,-0.9631590616486383,-0.9682672625452676,-0.8470458861741736,0.8781527606549804,-0.8703951303069698,0.965495211386822,0.9250946431614149,0.2782989902792392,0.9271883877740066,0.6168959555964209,0.8656680865706529,-0.967223932072905,-0.8032433988965141,-0.561239550301098,-0.9859042359813937,-0.9384068461871901,0.6101685305701641,-0.963785598832972,-0.9054978217247387,0.9450434273145635,0.9550089799956853,0.8211441696517215,-0.5994732791109711,0.9772890933288991,-0.6853533303526854,0.8772780753996617,0.3860747892689093,0.9770787530231622,0.755592083962262,-0.6760522635512856,0.9702705168313086,0.8279126363402333,-0.9609690501252579,0.2602960011115294,0.9876965682787674,0.9572491001814717,-0.08103859663737535,-0.8874980983184992,0.9611664635330328,0.9832266667453501,0.8441474219379282,-0.9457012127601157,-0.9462391984123577,-0.26518862559176665,-0.9376293177657768,-0.9191202453338189,-0.8925398934615968,0.9250840587479272,-0.9617989965650534,-0.9528508315971962,-0.8274760863510235,-0.9659241611542396,-0.8466464351067544,-0.9087822064298418,0.646459007074011,0.942012824039901,0.9210829829260122,-0.764987987611117,-0.9647211556821665,0.7042984102390053,-0.8259088375588655,-0.9894156615968102,-0.8151497120257801,-0.895674417307892,-0.9022552295056864,0.6178675431901708,0.43699164935341156,-0.8851460557782037,0.3176141854241045,-0.8348023537992015,0.6346760246530573,0.887518569102884,0.7544118755222716,-0.8328390045506613,-0.516458507977694,0.13140928582118866,-0.9556595835424015,-0.9446499817477977,-0.9815128016600284,0.6208944503966477,0.019859759813928568,0.42655837673361036,0.9956174048146628,-0.44514528900172406,0.3611363361318596,0.9672194623500548,0.9458756980738193,-0.8761682473444702,-0.052552776885679164,0.9775437963582632,0.9784134658818469,0.9600968058741643
-0.14181319155950892,0.29097393548608713,-0.5339900012555189,-0.18138328885700442,0.20576421243346668,0.999999999667138,-0.16639668304619099,0.5124888438695396,-0.575136480585929,0.15550624080085737,0.20303586776032742,0.8722940444788158,0.2357846739397234,0.3865574884922208,0.5528898309047608,-0.018688580147759995,-0.31053075707853045,-0.15505687329686052,0.06374206402660072,-0.40671106981204774,0.06375092050001341,-0.3354456098317867,-0.14392060542605012,0.42972423714082036,0.516713384557069,-0.2383879627334421,0.010692349978143797,-0.21831331642631677,-0.574541758742198,-0.4241507293009543,-0.20799703424230923,-0.36438156729263327,-0.8855950315890336,-0.8187028383860637,0.031373998160583304,-0.13423966886604738,-0.37020238397544886,0.3314903284565453,0.014586755279472697,0.3529791819547809,0.5243584130558192,0.8327421803064626,0.47498166296253,0.05053358899210812,0.26898220329146044,-0.25593616009171344,-0.6339117392762162,0.33425600390744786,-0.08357649909506533,0.03851961350285143,-0.558184266530054,-0.18073247340198503,0.2181885284510778,0.10805511358016563,0.3591292907913219,0.13834160672728726,-0.7965186188992169,0.047570495511093124,-0.45146125159628503,0.28646774517879986,0.7568647640813846,0.07126156836614544,0.2439715047963431,-0.7945203445616867,-0.012482125523749334,0.5861227689933048,0.009248839209481585,0.44482386156251463,0.13918020726772085,0.1448938014865937,-0.2760578162888301,-0.6085445862499135,0.29733202508401824,0.21329074857461924,-0.1662294275944963,-0.004261603287643142,-0.40739013839740784,-0.49267929367967367,-0.1890737051262636,-0.4927426797827286,-0.3988210919722985,0.42336454851873295,-0.41308184650640195,-0.2789688211565757,0.1707954576135183,-0.19841726681430175,-0.43780861774052265,-0.5474044169648414,0.6367084829159145,0.21054724815701437,0.24126453953720833,0.35266950802989644,-0.15354106525880518,0.6794229967878429,0.34023352027948245,-0.16247104973099644,0.3891607697308907,-0.21039269174426034,0.22672362291690196,-0.13487674806753147,-0.6904316876921517,-0.48884717156374147,0.4541790227011949,-0.5553478250874919,-0.41798070542520854,-0.23819087936388025,0.7029079102577159,0.030994191904604985,-0.6925727304773933,0.44518004015261853,-0.01922392556093285,0.01141539373454321,-0.3335165077953765,-0.3512126469730383,-0.40221280312718943,0.7283023103730264,0.2070061883148684,0.536344051250275,0.28969490200811593,0.24738525283571033,0.47902575867156266,-0.18441564393806972,0.6532154457688663,0.33318320108623406,0.35595700371582073,0.31866551816881666
-0.908402172503735,0.8117088116715963,0.9060613951099888,0.7766430925747635,0.911892071975699,-0.16639668304619099,0.9999999998602733,0.6619776824239375,-0.5998695806633954,0.8440404257398827,0.8526312748409188,-0.34644828979709374,0.8547235030878245,0.7844366711258768,0.6666333996620207,0.9015308869214113,0.8931288869456104,0.9667226410222334,0.8486555171459877,0.21333589770583022,0.8805435980184673,-0.7510015805698163,-0.9137764033471342,-0.1414600591948666,-0.7390429245182454,-0.8099240950110009,-0.9341792402442182,-0.8997266972573801,-0.6344996036440691,-0.7627804556643456,-0.8828612318197396,-0.8257894387096714,-0.015226581294680491,0.11790426091017694,-0.9558529238510067,-0.8673876095427342,-0.7900400608480452,0.7002321721741501,-0.7968241167294352,0.8359888568671247,0.7072580543892575,0.0687528371494046,0.7810486318259053,0.7161287624054192,0.6976450472330167,-0.8918172129893273,-0.5852452358646146,-0.6112854542103396,-0.9275265381656319,-0.9825514650894666,0.8616080807355857,-0.8936526216076833,-0.9794770159995583,0.8769374036593003,0.7954625046782455,0.690929360735755,-0.23679737259945485,0.9471118856365343,-0.46122603002854573,0.6875409042356784,0.012738974207902834,0.9259244274739105,0.7725847002815196,-0.3173015883720689,0.9756248664758805,0.5836303447700812,-0.9717981291422314,-0.046727570724649815,0.9011246662312085,0.8769564754479315,0.17201805236780615,-0.6635344947142418,0.8022255875499396,0.8785978290953603,0.8790740862933079,-0.940726276952578,-0.8286976509667735,0.04971608068981712,-0.8186511984934184,-0.7073011867506617,-0.7102779439817203,0.7397444409965823,-0.7899051396079249,-0.836535971696652,-0.8754441780968026,-0.8564536477791791,-0.5983839397944731,-0.7227279744645176,0.4240612559269463,0.8896775577118341,0.7635980302894417,-0.8131209917982793,-0.8623638918166593,0.44045597514300894,-0.9672805657015732,-0.8997845452183402,-0.9513855378305168,-0.8719359255508506,-0.9912005907175677,0.538234021029969,0.7228549979598428,-0.6460354442351516,0.03785260547575274,-0.5732489477023299,0.7319165986226192,0.9473158498584047,0.5072025926454365,-0.865065929479406,-0.32246490911791065,-0.10215776487978469,-0.9591107051285938,-0.9049591413798571,-0.8611486079839986,0.6344024518765417,0.2231648902656086,0.05667245913078546,0.9023849584586247,-0.727496836714893,0.09880362636139808,0.8603341712911857,0.7777805389431082,-0.8318979185450379,-0.4234930280309386,0.8474080981207168,0.845011938270727,0.8135067903788858
-0.8152358914359725,0.762791025450894,0.33496593147263665,0.6488979014094512,0.8297847500153448,0.5124888438695396,0.6619776824239375,0.9999999999748432,-0.6699918255484849,0.6565896848675303,0.7123842622548039,0.44135138699587945,0.6836124952712102,0.7835758656825748,0.7897061349530434,0.6187023642169004,0.4502335309365887,0.7234398427654731,0.5926104164182089,0.16552227936446665,0.6543638163657923,-0.6636511095313108,-0.7372310247916415,0.22248439996397493,-0.37019354640275265,-0.6593311827244599,-0.683807327403716,-0.7984628291115227,-0.8702631693409464,-0.7938766533182355,-0.7406785205649973,-0.7774596518601951,-0.49906449541401865,-0.6352680255223501,-0.66112940243809,-0.7054527773838593,-0.896255177330474,0.6018914459362341,-0.5837767538641616,0.7945312484369734,0.814710340827072,0.6142991411729264,0.861745117566447,0.7599543261581728,0.563094379004941,-0.910723874868372,-0.7262705985616272,-0.05529223582013998,-0.7294721717893338,-0.785022818626069,0.4024410353260646,-0.7201397694466647,-0.6175859795675471,0.621976709965371,0.7941709683080962,0.43291283907975187,-0.5824297529440783,0.7920902832648543,-0.425735636447315,0.6393561780192661,0.3271544328250447,0.6925410327048412,0.7000906656784966,-0.7293606477557616,0.7556681913900603,0.6939954010313724,-0.7698462813178569,0.03825396420181679,0.7481623537859797,0.6531250552418968,0.018083484013034494,-0.8466170748660238,0.7335164586790901,0.7406663233298175,0.6713680284865627,-0.6687570103927983,-0.8709326754015742,-0.06751950022569017,-0.6382531264757428,-0.8237993093219791,-0.6486563721190399,0.7223451385878833,-0.8050319958023087,-0.7012871851610643,-0.383663454856392,-0.7485035685346365,-0.6372365107727104,-0.8504847221390128,0.5146085534731448,0.7078914045528897,0.638293719281824,-0.37762633868361845,-0.8122037173399992,0.615982777823631,-0.5289466583849913,-0.7502399819017814,-0.5227006316106828,-0.6943788221339322,-0.611603535281816,0.18328118213555347,0.2523443547887146,-0.7088554153008313,0.09447026513282032,-0.674276889645221,0.13182260308153582,0.6265800574422011,0.8373722127291326,-0.8418193078211992,-0.5783436217544811,-0.1037535907099663,-0.8127398880861619,-0.6078147834456136,-0.8352784364927937,0.1977599999548229,-0.2848370110042614,0.35609782890844033,0.8499154868233596,-0.12902157945254472,0.43485127516260014,0.7348902831825979,0.8655152374483419,-0.644984617767697,-0.03263488418617473,0.797775237419971,0.8266130914117881,0.737699276679268
0.7264322897305465,-0.8428615610888376,-0.2920810544907022,-0.2445469856965639,-0.8084559217439902,-0.575136480585929,-0.5998695806633954,-0.6699918255484849,0.999999999771771,-0.8249878675648443,-0.8340743420220064,-0.2281736605313188,-0.9113285847232641,-0.9136798502612061,-0.9392866757741867,-0.7119826989789874,-0.4916330807958973,-0.49179855214357376,-0.7695295840591185,0.4485925247523801,-0.762811262725134,0.9386681733107378,0.8220766567808943,-0.07682525323171209,0.038066883393468844,0.8715831841486472,0.6980826028591199,0.8175872904362986,0.798615385392048,0.9184708643861819,0.8541410220675868,0.9436794972190901,0.685308470085377,0.2998394542511187,0.7240384704425047,0.7722221695007622,0.7679114101994385,-0.9152623816769916,0.575572792097362,-0.9306009216474896,-0.9435701301925797,-0.5580539246546211,-0.9250675430714129,-0.3316380688693085,-0.873080115063437,0.7448330669440935,0.9770091300803503,0.4657928441851674,0.7725142243783567,0.621028754578456,-0.11608408110295033,0.8332786201451224,0.5645626117130643,-0.8253253922168211,-0.8546730317917599,-0.7993853121471391,0.8453107530825903,-0.6761692720556315,0.9090823078582413,-0.765070576992962,-0.717082395549367,-0.7912677276592869,-0.722901571535045,0.8316580268058819,-0.6742978435690556,-0.9822015881557729,0.651377195190688,-0.5317679664300612,-0.7879469479501631,-0.8557657255897454,0.10826609375050232,0.9477064437483952,-0.8711127754142158,-0.8610567734015993,-0.39406814718581135,0.7643385157047512,0.9001410635657631,0.570115603835884,0.833140577382693,0.8727810833048019,0.9563544510604266,-0.9520212977646539,0.9304130880278708,0.9198063976978906,0.6898182880017553,0.7791228053999963,0.8638581871919758,0.9517713177128153,-0.9701654977236317,-0.8865797982272523,-0.8472625634256519,0.3868227073449377,0.6786853951273187,-0.9743521111705327,0.43599060977391924,0.8186485020396522,0.3813080474944096,0.8782385538918026,0.5581708314248848,-0.49547591167685445,0.1176792253023813,0.9157514462769617,-0.636834471329724,0.9459368037025854,-0.44275704963058976,-0.475246379008418,-0.8170820817955049,0.40618826128948293,0.8528775210984932,-0.5940079226961553,0.6281765902470657,0.7396210161614176,0.8994070324145099,-0.33401558813231547,-0.13966754679470725,-0.7108454536850344,-0.7709731879459214,0.25398050266781996,-0.15566984268057538,-0.8970347992288563,-0.9339925258754711,0.8720257719814021,-0.3128726232028958,-0.9108582319459311,-0.90574318903446,-0.9168693626298771
-0.9417791641421333,0.9814490102436548,0.7046096175330154,0.6606376874965018,0.9533676399737794,0.15550624080085737,0.8440404257398827,0.6565896848675303,-0.8249878675648443,0.9999999999672865,0.9933355930451425,-0.03370449511606049,0.9677903080388712,0.9665824064141559,0.8984788568081123,0.9809906619224115,0.8797815742294163,0.7908621639433233,0.9936405362948091,-0.2998147642724999,0.992742413169492,-0.9133103050351917,-0.982755846031958,-0.36500992656796244,-0.5697142513723845,-0.9913584370735861,-0.9657385884933567,-0.9410568451492585,-0.6267561023400583,-0.9559174876774089,-0.9844084613494203,-0.9102131596862496,-0.42031210424106324,-0.13739131664001378,-0.9616995541320756,-0.9884558836273233,-0.6800786554398727,0.9583234649849237,-0.9109810445730112,0.9405406443650155,0.9135642107033579,0.10893277550629814,0.8505007733926733,0.36379170872408767,0.9616288289140116,-0.8512065245697631,-0.7846114491109315,-0.7367699676818404,-0.9791610974148345,-0.8313170413693365,0.5013317636890978,-0.9489215825256628,-0.874446432915907,0.9825169175157561,0.9379092809006332,0.953068331844228,-0.6621711259359577,0.9171066458540831,-0.8122831125975413,0.9393001921636456,0.5177741878384015,0.9837037403262072,0.6165126588656034,-0.6890419623777959,0.9104721146744785,0.8614402696788362,-0.8854086813774855,0.48927744135219325,0.9840005261233242,0.9897614908910666,-0.24112040161416312,-0.8414403059924457,0.988089371532158,0.9876979856240029,0.7734923474117957,-0.935346834998891,-0.860162531231289,-0.4836015076079908,-0.9881619822813037,-0.8949249530080443,-0.9476363612279356,0.9511744627124149,-0.9499309135857253,-0.968893737311325,-0.9015936215953283,-0.9590960092343581,-0.9285921275719766,-0.8508742607519464,0.6908534549750075,0.9155834837564899,0.9899175655586848,-0.8365350408588426,-0.9252152584500086,0.7412375848546566,-0.775303383370585,-0.9863337686532259,-0.775885199516501,-0.8447626599698529,-0.8613603796551883,0.8065369635184984,0.33472361393860245,-0.9310455636697974,0.5260301253961801,-0.8930532133225694,0.7709690963929033,0.8532144675790108,0.665999249787682,-0.6653663765352056,-0.46582848097842516,0.3490966846520384,-0.8578608420280471,-0.9845516837435389,-0.93613427214386,0.763110918728176,0.1013402657076176,0.5560902550103178,0.9384457955565724,-0.41197557061888185,0.40089356243152735,0.9708026458836885,0.8886153790738323,-0.8660886560536675,0.12429829088868183,0.9552064614823794,0.9407895022647792,0.9771408915064285
-0.9638043152879825,0.9932575390358085,0.6936845668647402,0.6981911064819334,0.9706803095309254,0.20303586776032742,0.8526312748409188,0.7123842622548039,-0.8340743420220064,0.9933355930451425,0.999999999903573,0.009089115112979357,0.9686878821324579,0.9771517378015748,0.9254465674427897,0.9731189204570853,0.8507727353285871,0.8187664751817115,0.9839498125502872,-0.23930631950577128,0.9829835970251479,-0.8964059610562132,-0.9891202007112422,-0.28923851661265115,-0.5718128717843987,-0.9929543033882178,-0.9693576229586258,-0.9701379277811284,-0.6977619928674319,-0.9705288418872439,-0.9946259310404885,-0.923738880083441,-0.46848760882446255,-0.18966275409187072,-0.9623889480102852,-0.9943451374550102,-0.7214509001596915,0.9403649859479235,-0.9223398974609558,0.9526258328841091,0.9362907477327892,0.18691016077340203,0.886586477414453,0.43120334027891943,0.9361499382668698,-0.8940249759511691,-0.8175382636055017,-0.659046317716052,-0.9832538817658032,-0.8536807310996598,0.5119890976991015,-0.9720137106465111,-0.8657679115476974,0.9848304751596523,0.9704165726789915,0.9295079878629642,-0.6810507625572478,0.9399085228807886,-0.7784024250745888,0.9529616842226801,0.5216094421927312,0.9830758183034733,0.672229835329895,-0.708586170369991,0.9286477895239735,0.8628550503200804,-0.9111149953357122,0.44788668622871325,0.9914391855493866,0.9859462871156702,-0.25832619281985086,-0.8778684009133034,0.9933353761356167,0.9935875532043964,0.8051939806159918,-0.9207879516884712,-0.8930460671526392,-0.4389000158967094,-0.99269478551818,-0.9340263641934666,-0.9452729310959829,0.9604354395288389,-0.9660475558329104,-0.9753828270190891,-0.8819582259046945,-0.983750336656522,-0.9247553561059226,-0.8838861898778922,0.6971368837023545,0.9316304998726223,0.9780349915080891,-0.8075214967620782,-0.9486798353874172,0.7400466151359796,-0.7867642053847596,-0.9907803449145736,-0.7688892817036225,-0.8575702315672846,-0.8647090250619234,0.7442171091269271,0.34269543828624943,-0.9424016554289043,0.4681335441595924,-0.8930062578790005,0.7061895892980695,0.8530683008539062,0.7359314107647543,-0.7001818779243717,-0.4714723741656904,0.293362081295392,-0.8889795898221731,-0.9733879125436603,-0.9534485265804802,0.7027977007190594,0.015642624768990268,0.5640486851261765,0.9626502208079198,-0.37296101352779526,0.3959858423289492,0.9679135908202222,0.9162138150309169,-0.8482959580398596,0.10493657310372992,0.9724014087138604,0.9635424593627511,0.9781360870429245
-0.019141037252114343,0.12255815110812215,-0.623970418780501,-0.08679437343338582,0.02842205571319731,0.8722940444788158,-0.34644828979709374,0.44135138699587945,-0.2281736605313188,-0.03370449511606049,0.009089115112979357,0.9999999990582695,-0.052862111295337216,0.17138313723323453,0.3131415184959557,-0.1654403793707315,-0.3788747537964785,-0.2465991228955895,-0.11180822694967628,-0.28940760216853284,-0.08934708863573364,-0.053833832317250134,0.0632051869791814,0.2211525077755869,0.3748366933599344,-0.009352939207929883,0.15154935793785806,0.0013453667519228152,-0.2924115863400526,-0.20908305370524322,0.014699047737280237,-0.05844587883512778,-0.7236076843636193,-0.9635965274967896,0.21751387917245454,0.016955299231172165,-0.1237109321370308,0.09345057909130179,0.0728760548933089,0.08376832510887325,0.28857820045076,0.585408058848446,0.18618500867649876,-0.06943807152199823,0.06180756582023956,-0.09159173069417074,-0.2881294366361976,0.4716831243878129,0.08904559013216391,0.18936175263103902,-0.5863522022385963,0.07903969888365388,0.33743487015443335,-0.13971269130545466,0.15010237674563498,-0.07634803256361941,-0.6123407035886899,-0.07819483361231769,-0.17611163641564823,0.15667200304187784,0.5957435954141094,-0.12813446524965919,-0.11697683888157002,-0.6763666547212464,-0.168534552746794,0.30950400875717077,0.1607973550117606,0.36969718011613373,-0.02541314427061255,-0.1010173226802501,-0.3839742346272832,-0.3448211373065927,0.10543500165762781,-0.005648182169590514,-0.1685435843608362,0.2026815415209856,-0.1321707961762703,-0.4009049542716794,0.02682271791413045,-0.2922938180821327,-0.11593959244694407,0.1555297890123869,-0.17360599797498072,0.005425062911862114,0.44408457061638296,-0.026078157012702507,-0.27953176119887235,-0.2624322611317805,0.2427117717118024,-0.11347553690846951,0.06369671752304992,0.3513885454086166,-0.08359403057179354,0.3691595390477389,0.4734328438369745,0.022654643834823306,0.4430412042767917,0.14433111912522764,0.37365338511964996,-0.17035549172244288,-0.6175519817331062,-0.27889525809247057,0.31612201653927713,-0.328050394482997,-0.5508571710805712,-0.2801216877817225,0.4772598149098468,0.017796307487144218,-0.35043456101752524,0.1972231678356584,0.10640143815987323,0.18412559108713009,-0.0918013736531895,-0.31160993514096214,-0.6165484163876307,0.5844606366140045,0.06063986917569719,0.7570272618401123,0.5891520990832029,0.0032402909506327134,0.2210772214913427,0.11643429783421586,0.6718319306166799,0.08012195322810825,0.10771465988716841,0.08067293518986014
-0.9076946162949847,0.9509638106300827,0.654740641188834,0.5482621053308133,0.9508592297504486,0.2357846739397234,0.8547235030878245,0.6836124952712102,-0.9113285847232641,0.9677903080388712,0.9686878821324579,-0.052862111295337216,0.9999999997509992,0.9689881018805816,0.920062429522922,0.9284011694454957,0.796515579170026,0.7685000130257152,0.9460528621220075,-0.26495662895407085,0.9466988354925465,-0.959824792678335,-0.9765026318423309,-0.15217770769658767,-0.4265293075526499,-0.9769743658707274,-0.9217420988569529,-0.9514887898490265,-0.7413581999894089,-0.9599074272884975,-0.982733317124167,-0.9779021364426778,-0.4446807012223139,-0.09951466577963879,-0.9419041602643194,-0.9422605882578817,-0.7900208913405788,0.9539900176306988,-0.8086753170528557,0.9838252345965562,0.9377810776224251,0.2810900688334556,0.9272492844426252,0.4573765326771029,0.9367584200511355,-0.8718764368496955,-0.878228260359362,-0.6743635875405671,-0.9560866668169313,-0.8441822642144342,0.47786232330952666,-0.9670358613447614,-0.8440429820352194,0.9769824014094091,0.9352386319999216,0.9088684170387707,-0.6693625852292783,0.889453374806649,-0.8364613075252425,0.8700815341684048,0.505911572032441,0.9694214324175275,0.7610200226544643,-0.6840112487305804,0.8985442030685866,0.9070703027257492,-0.8766890185279141,0.4094795968443086,0.9552543786305291,0.9905369732052945,-0.08661426466177166,-0.8982406752202049,0.9661108378521853,0.9853581498976292,0.6918030296050852,-0.944547309177098,-0.9328125177394216,-0.4218136503696136,-0.9624338550754673,-0.8977753492009949,-0.9706735028924716,0.9735055168104734,-0.9714981970747946,-0.9975023111903891,-0.9027473594854954,-0.9295472233351538,-0.8833202700208309,-0.9220994568178074,0.8066847109759444,0.9801255950640172,0.9499733821432543,-0.7112058334213129,-0.8640022783549864,0.821055138454286,-0.7533675441091243,-0.9700183797566647,-0.7201637141977856,-0.9459268768742843,-0.842139859576796,0.6790114996394593,0.2739669860144055,-0.9196949125851082,0.49371318730002123,-0.8991238549604663,0.7086694064589183,0.7826465715429085,0.7259879245839557,-0.6378725698826933,-0.6296316916908614,0.3840088410585156,-0.8477975367430388,-0.9449255187267076,-0.9718526059428713,0.6151071768774384,0.19496385195468605,0.5285151844161498,0.923018176816834,-0.4905085936364662,0.20726051646537344,0.9903773897549571,0.9427376573667768,-0.9386702778358975,0.05939196344493505,0.9834824452755281,0.9728598693451803,0.9872081136002823
-0.9319780977223331,0.9869675232064622,0.5480183828933909,0.595596200957874,0.9614646315194895,0.3865574884922208,0.7844366711258768,0.7835758656825748,-0.9136798502612061,0.9665824064141559,0.9771517378015748,0.17138313723323453,0.9689881018805816,1.0000000001168483,0.9743802804577575,0.9110133181009402,0.7461464299167453,0.7406399626034094,0.9342704047790151,-0.3047265074813589,0.9412337680016687,-0.9399240951117753,-0.9644298828311723,-0.17231528257727702,-0.4189968539557287,-0.9774019339153799,-0.9086005497923643,-0.9516912334474478,-0.7706517934331155,-0.9988118225763855,-0.9783315721036655,-0.9598542499950652,-0.5831279678973342,-0.3297202759764816,-0.9037670905317188,-0.9556880667072214,-0.783859213837964,0.9604372260729489,-0.8363604534210687,0.9812348329742157,0.9860923089868917,0.3476225173380832,0.9390224026221182,0.4337635632817996,0.943643033570541,-0.8957376936522325,-0.896824838897816,-0.5755296590798883,-0.9464454231039783,-0.8107386669693722,0.3807505785777388,-0.9442041695163492,-0.788269852804734,0.9443212068931494,0.9702666423178311,0.893802972674365,-0.7842302973188067,0.8926761006469026,-0.8396354105723979,0.9268368443908493,0.6177501885582766,0.9456678728216704,0.6900221336664788,-0.8223283817684657,0.8753634754804873,0.9418594474534298,-0.856446758938096,0.49065107965060467,0.9613726668772324,0.9621536687342291,-0.22311867875570868,-0.9485469502890668,0.9921541739838527,0.9820331657533654,0.7051619553647561,-0.8942144845133406,-0.9359253032926691,-0.501331110984998,-0.9611305283463687,-0.9608920703150892,-0.9739105912828013,0.9898001043970631,-0.9966107344240323,-0.9787794990615755,-0.7985789432614224,-0.9497316547221195,-0.9488519842053117,-0.9495355249865757,0.7955214646304641,0.928640939296201,0.9690880641190697,-0.683956835488419,-0.9137181418730898,0.8515730361991749,-0.6718094625114177,-0.9702977128969016,-0.6563821992096651,-0.8731353181937033,-0.7768300671057805,0.6726050912190613,0.1875919330558936,-0.9752134260697086,0.5408766552670626,-0.953449796049681,0.5996124609993696,0.7591000293257623,0.8119350492488215,-0.6665408011788727,-0.6276560020160461,0.3758122161052635,-0.8423277686232983,-0.9167644672578428,-0.977291387732327,0.5947444999710872,0.003933777481448213,0.6461905343530443,0.9484149062850424,-0.2958460103511503,0.41078285547397014,0.9772542445908786,0.9687175270362617,-0.8757543769838155,0.2047431681225327,0.9877385456886424,0.9833715959973021,0.993512083148163
-0.8671138755539564,0.9492114510047981,0.39054786449754464,0.5108142186246158,0.900036165016904,0.5528898309047608,0.6666333996620207,0.7897061349530434,-0.9392866757741867,0.8984788568081123,0.9254465674427897,0.3131415184959557,0.920062429522922,0.9743802804577575,0.9999999998435837,0.8139066599097559,0.5919833808177292,0.6376502910499492,0.8564712031209617,-0.3459574426507571,0.851074865579501,-0.8876133055110565,-0.8952544539075589,-0.04325327593835337,-0.2710627148144283,-0.9359869289274974,-0.815397341703959,-0.9146208552973153,-0.8339425093457524,-0.9836792871858291,-0.9264154440285794,-0.9325167147869001,-0.741575524366443,-0.4426998717995547,-0.8066362873687426,-0.8907132991263429,-0.7631128723053737,0.9202354115294767,-0.7710288156652284,0.9476581974053122,0.9958930202271856,0.5006477387421884,0.9454354268750065,0.4005917555018367,0.8887108082862979,-0.8591382349988426,-0.9541157127593636,-0.4216323268903522,-0.863776888644287,-0.712194019902674,0.22665560160646828,-0.9072520060336634,-0.6466843566485116,0.8853035684356513,0.9663698486089471,0.8414192572453297,-0.8780561610445181,0.8139371229757234,-0.8297677854604645,0.9137182249072515,0.7278051251621364,0.8614965614476068,0.7003886203832962,-0.8887572328233005,0.7852902520923113,0.9559788322298916,-0.773582826693055,0.5333736226224209,0.8907726183161918,0.8959825709448831,-0.31531275480457727,-0.9843929505331671,0.952584362629754,0.9253116448134159,0.615187593497712,-0.7802502984674241,-0.923241645001511,-0.5427399107361971,-0.9182078463216621,-0.9847031192929693,-0.9586340110368847,0.980973387148849,-0.978832788551116,-0.9426277004311912,-0.6983521240384204,-0.9134908435753717,-0.9410885120253819,-0.9681890059347649,0.8545021317644333,0.8886022822557659,0.9138611915803536,-0.5343930857618349,-0.8532389165613657,0.8907869917451964,-0.5476075204561357,-0.8997406767126461,-0.4985219363573006,-0.828186927204282,-0.6507865725788996,0.5570050290418839,0.027036088885608028,-0.9841930049544361,0.5526894675878162,-0.9649223709862803,0.43341206613795147,0.6229874613304721,0.9073524257405969,-0.5689908846403166,-0.6747364766231045,0.42054050649087116,-0.7629415920480757,-0.8187555592421285,-0.9389270258399169,0.43496518296523246,-0.13357562757225222,0.7522515004990232,0.8922487593682559,-0.12726671737740958,0.3921161636947329,0.9154182678353152,0.9651168801488601,-0.7942086858914346,0.3180338423365144,0.957380299484163,0.9588550309479916,0.9507917896460716
-0.9529697145751572,0.9496962610781557,0.8219629452593735,0.7577904263177516,0.9448027944749469,-0.018688580147759995,0.9015308869214113,0.6187023642169004,-0.7119826989789874,0.9809906619224115,0.9731189204570853,-0.1654403793707315,0.9284011694454957,0.9110133181009402,0.8139066599097559,1.0000000005366296,0.9484964061912461,0.8658062306444559,0.9906393298266138,-0.1664308996213771,0.9945547144404111,-0.8435532467269987,-0.9749787734788711,-0.426011095596047,-0.7108132399142207,-0.9556485449386986,-0.9923322392491852,-0.9305737440698062,-0.5592360510903251,-0.8948706408297298,-0.9638238249248664,-0.8527869219108986,-0.2675737043443231,-0.03272151358658119,-0.9863228601991155,-0.9856813506246528,-0.6455134240562365,0.8896565079544654,-0.9442808296544088,0.8887732544904638,0.8344954437751233,-0.020027000598017698,0.7861933307935176,0.4133945171391615,0.9032211719829693,-0.8494388418398706,-0.673681485118014,-0.7614279000502409,-0.9855644315287297,-0.8768723651156393,0.6425862123875367,-0.9363188082929822,-0.9373979752062894,0.9713857347520399,0.8999777820648086,0.9163884326379017,-0.516339241377249,0.947231676420182,-0.6985046392908736,0.9066745681205438,0.3623565284153155,0.9863651964162067,0.5966401681846275,-0.5566061632099064,0.9467239994692487,0.7494393436974844,-0.9257181432794029,0.3709077106668724,0.9818609884606809,0.9694589935929576,-0.19975804466879454,-0.7503806011341058,0.9483764601179544,0.9641725693457875,0.8576561493291001,-0.943455088561338,-0.8101859676771919,-0.3534534954078843,-0.9644381711128039,-0.8340272001036027,-0.870877087809247,0.8797720789785154,-0.8904463361426644,-0.9243305550165526,-0.9249580780668547,-0.9522485692069079,-0.8527437910254653,-0.7694892149135614,0.5517928200668868,0.8871376704672053,0.9502480526042125,-0.9164728114312763,-0.9388938552366628,0.6014188838392069,-0.8684772769643276,-0.9761587995363995,-0.8766644683203664,-0.8114022128902509,-0.9294320237505115,0.8114090649783772,0.5036834367228786,-0.850996177350086,0.3949817888408842,-0.7900999360221006,0.8238719875587359,0.9315197175474063,0.5739943098167829,-0.7317321929801199,-0.32166990592177985,0.20198491787700512,-0.8990089048063208,-0.9976940125563284,-0.8953347651796839,0.8217329939827985,0.11262727559514904,0.4116653562052028,0.9365719078990709,-0.49458865539776287,0.3838012838509343,0.9332903280065904,0.8220907282688649,-0.8252911276398287,-0.02342979836163992,0.9116964297485409,0.8969698595790753,0.9271144011503927
