1.0000000002117453,-0.039511449714223185,-0.44946488039690635,-0.428341001745289,-0.5220198716062319,-0.09134060737174296,-0.028201359229812532,-0.45717616430816777,-0.14167426952455936,-0.02579833920899662,-0.07726984940556646,-0.27089253201728714,0.04031514526696482,-0.17089171734934724,-0.3669503969070257,-0.022823369263412826,0.21602244946269702,0.012203400606226326,-0.1105085885215825,0.013338887419569533,-0.16185227958551227,0.13403925310251352,0.03401073849565903,0.029952835104874058,-0.09866266714304342,-0.09494751734333337,0.035323215274374285,-0.11146248954233123,0.37546759001326746,-0.002391365187272319,-0.026041739274307526,0.36058957928258084,-0.05029542931566652,-0.0638836555437638,-0.12294216384553865,-0.03192975997659904,0.4087106913466795,-0.1252999492961745,-0.253871627724393,0.042988653846056754,-0.12172730987748771,0.5151598093433868,0.09264041614649203,-0.049080820530712874,0.5120166268824886,0.16388757467743423,0.20298030494839278,0.4384915196410405,-0.13180988738134133,0.16412402078725793,0.22085487648222996,-0.12142882108027718,0.049896330112682144,0.30194249958741953,0.31639705518347344,-0.3030110137543879,-0.02327289933422095,0.4622410508013008,0.14867154970400728,-0.06016882110704569,0.239172911913972,-0.8196663255021238,-0.3704035405267481,-0.10062045075059851,0.1484930631993797,-0.35244679515255706,0.1409268227262662,0.08006256347174912,-0.1492434860442768,0.1717878532427585,0.09765365252102741,-0.1066146908550412,0.008074407494414756,-0.3083641892056645,0.17648863987335256,0.01740746221069192,-0.019666996824699055,0.243047528893866,-0.16118699906152675,0.04545273439409371,0.0868645713854644,-0.3694133668451883,-0.23738140398117769,-0.3544630435452893,-0.012349030056273427,-0.29261459903699594,0.14840558371165682,0.48101051188206606,0.3581520729594225,-0.05525334540094837,0.323073253647388,0.06758700685826641,-0.06891616946212069,-0.06608127300079142,0.10139292668689998,0.5543332977101972,-0.19772693414894596,0.38913215325938044,-0.46635653093478047,-0.08030315713091424,0.019658386063089537,0.13258825829333756,0.9442062546393868,-0.01617522051060275,0.05353614363908253,-0.2170800312671053,-0.5217513486453776,0.01891720883638252,-0.21764084360154148,0.11170857412973584,-0.03744094563815588,-0.098528860867923,-0.43025772244132293,0.10046747606623509,-0.2983022135597737,-0.23749899336514885,-0.8336040796916293,0.25880308993591755,0.3090264492260155,0.028305013848818776,0.15040661861050436,0.34834452695614054,0.2309481333994592,0.31756340947615735,-0.16199051576094786,-0.06546378574120723
-0.039511449714223185,1.0000000001368812,-0.8544311534187419,-0.8852359816557553,0.8698727206049266,-0.9039690026212264,0.7232212263546657,-0.8164309447252015,-0.8669953213783895,-0.9793399905752677,0.9237652795018336,0.8319984881532083,0.9680203005702639,0.9417936749001615,-0.8326156159171586,0.621586191078903,0.7605268419283544,-0.9878027099964035,0.7484824743856503,-0.9881271187608424,0.7935198832748557,-0.9798754936081215,0.7373590586373495,-0.9674404150200201,-0.9833161713941372,-0.9887348902108559,0.9783032620036378,0.9621935349285207,-0.938928143066301,0.9967574332219288,0.9923131769142824,0.7156275665473578,-0.9786419288961515,0.9308522524112101,0.9918578495977441,-0.9928122309681673,-0.8685136735582053,-0.969499623301257,0.9211521079155538,-0.9992550030910524,-0.8431396009789199,-0.6402724606508388,-0.9841214564466606,-0.9918412270797897,-0.8532621080906664,-0.9880466552630021,-0.9840755761024095,-0.9085008690399916,-0.7230350915785313,0.9270266536209345,0.9559100536479234,-0.9661208236993478,-0.2856527519270667,0.7722410775280054,0.32293459189859386,0.8186323433976772,0.6010639098688421,0.8031965952362377,0.9457304206563429,-0.8117207875717204,-0.5955597637995492,0.33436876498566426,-0.7994113605098625,-0.8909790561390772,-0.9909186798057504,0.8848596186228662,-0.9827951321840209,-0.9227764857382914,-0.8425010696806589,-0.9621116875961334,0.9263732544844232,0.5381118020791041,0.9398413344320562,-0.7376510523472362,0.9630708883192162,0.9534837837506509,-0.9220895840418928,-0.8748850025578796,0.9918218258565535,0.989965570039822,0.8904857875896041,0.9369755111784158,0.8929992277316124,0.8303123001675867,-0.9672834669243778,-0.8805671602776003,0.9230043366090622,0.8281563790955994,-0.9148786324592876,0.9837323553698105,0.8069601239859865,0.971032506296822,-0.9796625379183181,0.9391943573901103,0.9366355898951717,0.6896129219663123,0.9620092006602019,-0.7115797673977177,-0.5655670796258658,-0.8335082242850149,-0.9982311594227964,0.9657980258334752,-0.34746680507378735,0.9717895545978386,-0.9098293961534946,0.8939979232433306,0.4267406387384775,-0.9098085885511733,-0.95843711660593,0.9013736260479726,0.9920629633937061,-0.9647140270057475,-0.5577155033360089,0.9318273615603526,-0.8488407241222823,0.37956987094887107,0.5252115033169409,-0.9423880531498752,0.8326989335628098,0.8694556273787057,-0.990039175245156,0.872305293507753,-0.967952791986195,-0.362350609020639,0.9692993527981241,0.9918637928881288
-0.44946488039690635,-0.8544311534187419,1.0000000037692962,0.9791514678783714,-0.5125304139529427,0.8287775695731553,-0.7377968256647891,0.9715237092236781,0.8368697702437002,0.9007045928628509,-0.767876357035359,-0.5058214566112957,-0.9047144956123794,-0.7044997694638021,0.8321973901445723,-0.3876224073512326,-0.863635532610294,0.8816877898084112,-0.7058541537209349,0.8279930395098581,-0.727530551485666,0.7610890826757082,-0.7716107156534568,0.8675121026013156,0.894406951170184,0.920610943203791,-0.8815876357317898,-0.8273384922006785,0.6495115735467997,-0.8808807713217285,-0.8772684313214152,-0.7321195901500634,0.9007127339592207,-0.8496817495550163,-0.824200478276019,0.8968128728747289,0.5956624654505154,0.933092956507844,-0.6208723732711902,0.8518649227035868,0.7048440027275432,0.42202432074385654,0.8469758363901027,0.9073153432943647,0.4584493510543778,0.7979023515259411,0.7649720781275723,0.59868688057676,0.8199359034327016,-0.9428827892458412,-0.9601469068720354,0.9096482115420256,0.16457340026408152,-0.9058698551667032,-0.467382911353201,-0.6181954119209918,-0.6483956251438556,-0.9788580152491412,-0.9273170560672418,0.7871393135787076,0.5505642715115879,0.1921601155957174,0.8989591210942545,0.8990244869175851,0.8079713168296336,-0.5416167770542666,0.7685093817305364,0.6961985898348695,0.7193212726367565,0.7998111620411643,-0.8188419348269136,-0.45562822134882236,-0.8878630976269051,0.8644275391199325,-0.9172308692988642,-0.7862038415142797,0.8875505777771255,0.5729818187928299,-0.7954504648036719,-0.9065585520453737,-0.889613918386629,-0.6550229005942734,-0.7217788772879447,-0.622509636733698,0.8924799191427482,0.9578128395810552,-0.816323993133724,-0.9982999122351177,0.6577809637010048,-0.8663454776477403,-0.77191986970505,-0.8575479480504201,0.9078833801697498,-0.8270345585299435,-0.8881169334958852,-0.8368236238361962,-0.7253673592994989,0.37359988036213604,0.5956617532927825,0.8272848207179252,0.8724943554724087,-0.9349582936682879,-0.16158647192983355,-0.8783030544035458,0.8256629670856483,-0.5981096979367392,-0.26205865364750924,0.8432480050672481,0.9641701943855089,-0.7651666865817025,-0.8333270542560719,0.8480522548477856,0.7134393761631129,-0.8187396560720598,0.9491311677309642,-0.08450670885638645,-0.03806384922036563,0.7446281541751615,-0.8619400241261276,-0.856975790312272,0.7786825921382708,-0.8900748836039977,0.7064916968780617,0.32961921757600493,-0.7282271110673106,-0.8128195886768977
-0.428341001745289,-0.8852359816557553,0.9791514678783714,0.9999999983884769,-0.541158029422679,0.8740651818539058,-0.6457491486764217,0.9568365568669502,0.8320292352344881,0.8985801417043644,-0.8126110033525087,-0.6237539478931756,-0.8959438629567504,-0.764273626301859,0.9256332144733601,-0.550018064055378,-0.7956755559341397,0.8888206132302343,-0.6334857362488961,0.8875253361249159,-0.6360051628089923,0.8271356054723191,-0.6895348627874179,0.8645974067706139,0.9383691970252918,0.9382030216129489,-0.9066708605867552,-0.8214718565105854,0.6730159766277246,-0.8976596369160962,-0.8828534433833946,-0.8001709704268769,0.9120318650166019,-0.8116679775519632,-0.8373655707070372,0.9091179710537518,0.5840493137165419,0.9375624416616501,-0.7182288047371812,0.8843355363366059,0.8150028305872711,0.33648241485055175,0.8448341776399957,0.9176391984352523,0.5342417853851549,0.8143010118623546,0.7971997166792664,0.6144378388422168,0.714746266213011,-0.9064686055800807,-0.9618711885643861,0.9362102749006652,0.26991736043975917,-0.8453759823040659,-0.4686883600372006,-0.5814576646275261,-0.5401794966614392,-0.9444381469528109,-0.9301754976838446,0.7779756504663078,0.4243471166537364,0.08032186881230508,0.9088977153383311,0.8563988301467209,0.8266926258113787,-0.6342247710961831,0.8271994446087872,0.802372628768912,0.8411171342041684,0.7907765091380383,-0.8734116517918589,-0.46461777594376064,-0.8529162062589114,0.8229749080991403,-0.9580527719893933,-0.8739933546771356,0.8403719174899152,0.6734430700409165,-0.8210594217846358,-0.9163966740515217,-0.850749727000515,-0.6771069505493527,-0.7041728456917904,-0.5730523167180713,0.8737990005149635,0.9380740782309118,-0.9021421552475333,-0.9687928625983036,0.6528378024386975,-0.861104904741268,-0.8813809306227808,-0.9160129013690123,0.9114612124145749,-0.826323783074996,-0.9034198431491538,-0.8958459180282752,-0.7853513645949645,0.44627730159576934,0.7281747292612579,0.8037288595832571,0.8931288567264303,-0.9378854030127758,-0.12020830393780284,-0.8737302521526495,0.8053050826513225,-0.7101903070470079,-0.13511126148123906,0.8211502552653512,0.9641339547615132,-0.8717793699338732,-0.8761399003514516,0.920192568419584,0.7276926415107631,-0.8991487400411269,0.9115538059314823,-0.21764063874317247,-0.08005851937621004,0.7277678142242718,-0.9118306689660817,-0.8030634337864585,0.8270993455243644,-0.9592659077677335,0.771152458437636,0.1705899157601301,-0.8014378710630331,-0.8650509257434321
-0.5220198716062319,0.8698727206049266,-0.5125304139529427,-0.541158029422679,0.9999999977916308,-0.6966138944991026,0.6278021553910001,-0.4610251928788945,-0.700423447642986,-0.8196494312899318,0.7980680981758802,0.8376907264213577,0.8018613965706001,0.8955320379568298,-0.5181419125417963,0.5312684689699378,0.5331400774950821,-0.8444071749860197,0.6827616824432001,-0.8433016099265095,0.7729927997547225,-0.8894986136620464,0.6048840837614051,-0.8322182672165853,-0.7797968380164305,-0.7940360440618836,0.8040046249178318,0.8688748121482134,-0.9849027979564353,0.8532402943413289,0.8615246648758785,0.45294596541937776,-0.8012941650373774,0.8274557923925477,0.908248091151988,-0.8349801022789118,-0.9611636254660765,-0.7590402017993477,0.8962683380293908,-0.868376586404155,-0.6572065636981876,-0.8098433892895609,-0.887218910618778,-0.823357476649446,-0.9714245320122917,-0.9259139539054724,-0.9323739420651975,-0.9936325186992553,-0.5591771390632718,0.7256833298525664,0.714503406756051,-0.750288106583353,-0.19877706051461597,0.5018276945677972,0.0673152137761329,0.8802491923840536,0.5179506699356634,0.4536091057912941,0.7217224584972436,-0.6341310417093251,-0.6391293603186415,0.6822087994233353,-0.47365217735028875,-0.7054132286796609,-0.915978910043294,0.923587112056186,-0.8948012022888742,-0.8083090348084585,-0.6178075511270449,-0.903216277815514,0.7539320626476138,0.46134942225128045,0.800116911421774,-0.45745295742384195,0.7213563362837375,0.7904728641660138,-0.783507884927256,-0.8653857098022609,0.9234513880171162,0.8198079151241005,0.7093788696533652,0.9750086222146013,0.8659659845533232,0.9076752154452952,-0.830631455072147,-0.5973149319590224,0.7094381160618997,0.4775132278441897,-0.9694015638993065,0.8700784665934682,0.5178438782236503,0.7779178224280272,-0.8114595923964074,0.8185972648468702,0.7302294962972395,0.2849306184647977,0.8990075162297221,-0.8205293997054899,-0.2429140003858026,-0.6496659980366019,-0.8588868593977881,0.7519228265225917,-0.7488109273592173,0.8313957340460826,-0.7893792143326297,0.8550337535278333,0.6434543834006841,-0.7728829890972362,-0.7157694479070582,0.6965146149089925,0.8663000746443362,-0.7642530203763599,-0.22133276845408648,0.7209648556813939,-0.5696379840142368,0.4569825165866045,0.866706521111547,-0.9380625442911067,0.5268458098626951,0.7238851872248778,-0.9103272572530192,0.5515805812237359,-0.9273274299462976,-0.49277746728425914,0.8992378798336024,0.8754823630029828
-0.09134060737174296,-0.9039690026212264,0.8287775695731553,0.8740651818539058,-0.6966138944991026,1.0000000003671439,-0.752163081324991,0.8910085091377437,0.6161283180261069,0.9231232724548787,-0.9851823572194915,-0.6673070417070172,-0.9265240533756784,-0.7394091078241929,0.8147933190932807,-0.5048010139249938,-0.841936716062169,0.9260275605118887,-0.7952948819583039,0.8973026487114223,-0.6696833048753411,0.908826863562309,-0.7944282269394796,0.9363920867193295,0.9487513838947366,0.9227957955683851,-0.9682936946778627,-0.9161272669170877,0.7963006659341364,-0.8881540166320254,-0.8868884960508133,-0.5192419688038117,0.9527586958006075,-0.8618224393793371,-0.8710699544673541,0.8795930746325472,0.6234187053769599,0.9438107188199215,-0.8277321823240846,0.9184574405063687,0.715744650020008,0.5179784088221971,0.8770867517654931,0.898140381364835,0.707788975066691,0.8543822952599441,0.894804987563577,0.7417979195386392,0.7163639450660214,-0.797637549780606,-0.853615037077872,0.9739182601344851,0.6295291341098715,-0.8519571171330926,-0.6840701440437965,-0.5219517439622059,-0.6749756921077052,-0.8532555436784574,-0.9630359658462336,0.9487877771924297,0.5254207345563545,-0.14837120434031648,0.946684413224848,0.8979649581452624,0.8889899881099657,-0.7204049700666986,0.9202278221778561,0.8709625716389297,0.8766661606526789,0.8792055858174561,-0.7414143619029385,-0.8024980201565327,-0.8747264686140247,0.8832321918870397,-0.9622085671945203,-0.9010009408982913,0.8417883266409427,0.6925295459081942,-0.8796123183256045,-0.9209600060555831,-0.9083770224750816,-0.8310976196564249,-0.88353598198586,-0.587633038239727,0.8267606130164527,0.9275297358296659,-0.8301920326647392,-0.7965913709709421,0.7099244703829253,-0.8737802536583239,-0.7726080115972951,-0.9659024540001291,0.8405862694215898,-0.9520443494683297,-0.9845767370763726,-0.8619747741104318,-0.932117559445792,0.396246109675459,0.542578088780069,0.9376896264737874,0.9111984637339304,-0.9450969060826281,0.23815853727118394,-0.928738071131699,0.9292279968857224,-0.795900428909609,-0.27168972360859545,0.9316129992944144,0.873202165361186,-0.8715244555253504,-0.8595993570670617,0.907565340646489,0.8399565781306645,-0.9653348859637749,0.8989857345416972,-0.10210323325791167,-0.27901952465297336,0.7971382392487234,-0.9727586412293321,-0.8691763335586539,0.9028616909666697,-0.931103109727187,0.8837975609903558,0.23468152937203648,-0.8566070286047319,-0.877404790266641
-0.028201359229812532,0.7232212263546657,-0.7377968256647891,-0.6457491486764217,0.6278021553910001,-0.752163081324991,0.999999999088506,-0.7801896512318045,-0.532495900913781,-0.8405813969591712,0.770173870757895,0.2569043324183791,0.8640909332551938,0.4939289190986937,-0.3617608703334668,-0.08307594247950148,0.959087059130331,-0.8193429723378101,0.9911151393696547,-0.6170796133984656,0.9370754590956994,-0.6305762967077887,0.9956530125744936,-0.8678969006150187,-0.6985455301334039,-0.7608024267762986,0.7930867114211128,0.8736912056125062,-0.71004894330598,0.7473188804723199,0.788120238721138,0.16405919003652675,-0.820565516609271,0.9200642799963028,0.7659091269931301,-0.7474418177655742,-0.6675435797719954,-0.8207945391580522,0.4738118199200903,-0.7327267407808324,-0.25452457941687295,-0.8465234824768989,-0.8174804950549482,-0.7691382646251448,-0.4814979124944394,-0.746809756165147,-0.7419601011765535,-0.6963150546243135,-0.9776352531550387,0.8079241576552499,0.7234990642438778,-0.7781506429104856,-0.2601840474804797,0.9268414143606089,0.5867032705402739,0.6342431741743523,0.9856895187934601,0.8084611038222587,0.842455747846161,-0.8953616448942864,-0.9394856962450989,-0.09302988289983853,-0.771308253665633,-0.9425820604094408,-0.7701260031150364,0.4051488263718579,-0.6673804664823161,-0.45381333801556195,-0.36966042746125,-0.8592954340908764,0.4629030705223222,0.7430554944628787,0.9081631478496733,-0.8958656989694272,0.7088878932438624,0.5235814203454531,-0.9153638313348779,-0.3313037129831954,0.7403430933597835,0.7941383414952501,0.9430482072271205,0.7481397511961478,0.9098208749120458,0.7503813735522121,-0.8038437279434092,-0.859762818500081,0.43735249162802514,0.7306706242857883,-0.7176903549174719,0.8173729235271789,0.27717731455645395,0.6741952044229238,-0.731791430556611,0.8850919635593776,0.8321450015747418,0.4975688732153348,0.6872796409105145,-0.1711092639831451,0.035989127693705894,-0.9267075363571263,-0.7604800419138851,0.8260718048312211,-0.2526404193546735,0.862874570274205,-0.9276204647878179,0.38843774654258834,0.758037162144037,-0.9291252267367901,-0.7491286595605265,0.4177773270893802,0.6396863882050832,-0.565665336758403,-0.6582389719640722,0.5973874393173302,-0.8921152207323747,-0.3244473270420575,0.25639483639947186,-0.8223536498059499,0.6736074467313501,0.9671051600211865,-0.6856186277119287,0.557812953257676,-0.6299129189616275,-0.7937666726493486,0.5613265203696065,0.631377478912077
-0.45717616430816777,-0.8164309447252015,0.9715237092236781,0.9568365568669502,-0.4610251928788945,0.8910085091377437,-0.7801896512318045,1.000000003342135,0.6963789537860827,0.8845746228134066,-0.8221175932442439,-0.4314386042492855,-0.8966959027358219,-0.609140982534763,0.8016336858104475,-0.3151762121138669,-0.9177503955769091,0.8641569514464472,-0.7629525479380637,0.7879370428561088,-0.6908921235945505,0.7403310525831939,-0.82534250456507,0.86996393633574,0.8810442823472473,0.8919748638328273,-0.8890277977704942,-0.8269401156173072,0.6074929473934365,-0.8342968172025349,-0.8353235324420993,-0.5975923555802994,0.8992341754230471,-0.8352444948985492,-0.7792652768066489,0.845492107246813,0.4981891692601645,0.9269825400015292,-0.5910150132767432,0.8228685135484192,0.6256670123496366,0.40772400411565257,0.8094534235122879,0.8664398611812183,0.4172525726369209,0.7478816353808431,0.7420400760028147,0.5472245913565619,0.8314929637496832,-0.8766404039765139,-0.9023202183825281,0.9210790961416295,0.3643385241984799,-0.952350746984071,-0.663128227131267,-0.4846708977794962,-0.7162618370744442,-0.9944177006566073,-0.9445330679033367,0.8797002639860998,0.5508660207182382,0.2490412472452988,0.973344388243328,0.9173546956818275,0.7753135300922698,-0.476813491577295,0.7540539423361887,0.6776001186133283,0.7318598413987867,0.7823678300118309,-0.7150079171005566,-0.6276733569897187,-0.870487300947769,0.9464762663687022,-0.9181179065040311,-0.7628527018954083,0.8613949060864229,0.4889152461356165,-0.7569381618722424,-0.8804619158762443,-0.9149143075457853,-0.6342774918220474,-0.751713629757763,-0.5259084283869144,0.8293021293659634,0.9834432643644114,-0.7596615134198902,-0.9645373093555958,0.5804849445079682,-0.824788879104607,-0.7325648299339059,-0.8619037162508877,0.8394364534707681,-0.8570587374124473,-0.9251795890580382,-0.9056835879382044,-0.7335893809082199,0.2215972974781644,0.5458616510140868,0.901040817570065,0.8394209014752415,-0.9313562768186685,-0.15691411763181468,-0.8729883649899581,0.8601732614602773,-0.5608340434444415,-0.2293339676841646,0.8769097036912451,0.916826060404109,-0.7454726167712158,-0.7723584143891723,0.8180984018838375,0.8578590040788419,-0.8404057306870256,0.9775187465525993,0.06863280319453946,0.04219464061016365,0.6971661317592418,-0.9328227402154656,-0.8769353999501737,0.7516647399540032,-0.9091497824787615,0.6848022250094916,0.30073535716258987,-0.6840232228488344,-0.7634060637748505
-0.14167426952455936,-0.8669953213783895,0.8368697702437002,0.8320292352344881,-0.700423447642986,0.6161283180261069,-0.532495900913781,0.6963789537860827,0.999999998310116,0.8314761672883132,-0.6171022188632187,-0.7284659338203564,-0.8116736096703288,-0.8957108672453408,0.7691708452867059,-0.5837049245208223,-0.5764278694955263,0.8309779044035617,-0.503248916708417,0.8562257034565405,-0.7162996272567953,0.788517030830003,-0.5301682992015714,0.7764426162065949,0.8268936633074355,0.8688271462929079,-0.7780031302076659,-0.7638628575640143,0.7666734878181142,-0.8922932200443381,-0.8793458772638404,-0.8804925976623456,0.8027449382186798,-0.7848569196410257,-0.8645398774005377,0.9058968460562464,0.8214992856823222,0.8201142469845178,-0.7258228068015039,0.8479735722604245,0.8205130093626236,0.48305027305541537,0.8548005480436734,0.8889197048643397,0.6529395634561673,0.8626434893753634,0.7951283362634428,0.7512457776269257,0.6248054126084917,-0.9216062936926296,-0.926235450144549,0.7755850373019211,-0.19505241831787334,-0.6135667238431423,0.05517746792379657,-0.8776729212029243,-0.39100333609720883,-0.7179945891513292,-0.760994210279951,0.4961560723496727,0.48273739369688246,-0.19351046935097746,0.5706416939611821,0.7212173751350461,0.8337712066001901,-0.7469286104084366,0.7800976146664422,0.7341131538607308,0.6456266541207598,0.7865355187709041,-0.9498578771643683,-0.0855566608390319,-0.8097744574822796,0.512129712517969,-0.7983863906873265,-0.7920811485101388,0.8184256658459311,0.79281879439694,-0.8410479331151449,-0.8586438851584105,-0.703710351619962,-0.7259902113512146,-0.630849917900841,-0.8115630685533841,0.9148667221619208,0.7257990639941474,-0.8554537137925285,-0.8343055119892139,0.8274534681787798,-0.8700347090215483,-0.7517255990267318,-0.7724534185419322,0.9376530357149429,-0.6934789990061551,-0.7028384705345823,-0.5086438889841495,-0.7091148100567405,0.773124062824945,0.5937959982410976,0.5583699757100264,0.8632078755911027,-0.8141596484691689,0.08790883589614222,-0.7978896516006861,0.6700356972712422,-0.7196040093354853,-0.3578303730448031,0.6785115618835774,0.9082600648409286,-0.7534460329003247,-0.9007490546638024,0.8338741403747804,0.24983754935904393,-0.705988226712905,0.7018840038575228,-0.5125611273459931,-0.41449012746916447,0.814819131311078,-0.5796063782955453,-0.6913661429035088,0.8117901311469052,-0.7113783404015364,0.7635208508364942,0.34616816049429605,-0.8172513740399173,-0.8701961668509267
-0.02579833920899662,-0.9793399905752677,0.9007045928628509,0.8985801417043644,-0.8196494312899318,0.9231232724548787,-0.8405813969591712,0.8845746228134066,0.8314761672883132,0.9999999972764378,-0.9325172181845282,-0.7040937666421943,-0.998693576860327,-0.8608940503663673,0.7755017323151931,-0.46198054459615656,-0.874754469084851,0.9983583972456835,-0.8531276242431753,0.9426490998954524,-0.8677369894883085,0.9326482932878394,-0.8548272831504541,0.9950605501974799,0.9690930787633555,0.9896730142611213,-0.987503118460255,-0.987197569404271,0.9060509625090617,-0.9855138990304261,-0.991779428524335,-0.6262091522485094,0.9959794552999895,-0.977900458108899,-0.9790374424347015,0.9845193059359342,0.8353968779324581,0.9935511663156058,-0.8357398065201758,0.9813868110457182,0.7373066230804702,0.7005594561690008,0.9892084017047079,0.9910865518351613,0.7675854178334346,0.9680475812332592,0.961871282116595,0.8740751119820606,0.843728417056102,-0.957437556344119,-0.960957702160383,0.9795077146829408,0.2979819082554607,-0.8804541738850049,-0.43988354851918915,-0.792880288061665,-0.7417762934256942,-0.8818539687635961,-0.9829736837403598,0.8886465414386687,0.7089996571759797,-0.18286796522585666,0.8645247414814166,0.9642568196928326,0.9781624349501676,-0.7811329946550928,0.9447321834316383,0.843056687957116,0.7726661147201727,0.9788301552125939,-0.8573345371326017,-0.6237090569320034,-0.9862536044983966,0.8462644842896113,-0.9614323434893233,-0.8923619837810167,0.9747691819338096,0.7596100628121375,-0.9697523750789855,-0.9966343303267846,-0.963313215297969,-0.9159235397146138,-0.9354931330020337,-0.831529610600472,0.97827044841372,0.9460177864558547,-0.8523351112116039,-0.8799971201308014,0.8893439525611946,-0.9911614590913574,-0.7291740103701465,-0.9513071341941312,0.9718010379644678,-0.9760427669462135,-0.9705461871096676,-0.7151902871513381,-0.9308419581152918,0.5762347334824656,0.46295382747582225,0.915072957170335,0.9895452360294201,-0.9926262047351168,0.2813300093592747,-0.9977670263144177,0.9655292938486244,-0.7932466238894251,-0.5077174739427537,0.9681258908401428,0.9700381225125236,-0.8287053783013908,-0.9497614409516524,0.9177030829289704,0.6496726211177278,-0.9021499669871327,0.9303793602328088,-0.1898312098615451,-0.4266285399430659,0.9467865631846062,-0.8599387262250864,-0.9494450021224116,0.9544310574701413,-0.8604564575314232,0.9168430669224235,0.4801428909144669,-0.9029541230443663,-0.945866876035711
-0.07726984940556646,0.9237652795018336,-0.767876357035359,-0.8126110033525087,0.7980680981758802,-0.9851823572194915,0.770173870757895,-0.8221175932442439,-0.6171022188632187,-0.9325172181845282,1.000000000723443,0.7196974132474012,0.9331386476451429,0.7837183992224739,-0.7571281355521755,0.5082679393454839,0.8156357638824799,-0.9412339994725252,0.8242566966818383,-0.9100420576734399,0.7189662571997738,-0.9393840064125126,0.8000220771144582,-0.9533142869105149,-0.9412759037635388,-0.9199923218951087,0.9711852416762771,0.9473459786560904,-0.8733206598696035,0.9037856560088748,0.9070567610393426,0.4738958895105821,-0.9552884212824418,0.8889952797068784,0.9072296235149688,-0.8902519969661196,-0.7139822700371472,-0.9346264782137986,0.8758405178745108,-0.937785882435349,-0.7029874539146677,-0.6224447618330324,-0.9087161859806494,-0.9050332542632823,-0.801919111992648,-0.8976307573950825,-0.9404622963134771,-0.830778342388694,-0.7115593966117212,0.7911366976045653,0.8334639901951658,-0.961546577718785,-0.6118363990481648,0.8113087525351526,0.6149229809789388,0.5999257827259104,0.6896459932661352,0.7864687499199314,0.9474430804780298,-0.9402026725351713,-0.584959056152225,0.2864443263403446,-0.8854309625614823,-0.8939785469215693,-0.9277295842889254,0.7886680862412657,-0.9520497404357041,-0.8877193436921869,-0.8490680297971733,-0.9226232571870835,0.7413864531042408,0.8092415876752427,0.8898286557139347,-0.8357711569734109,0.9401885027785063,0.9038158101197158,-0.8567230596558669,-0.7433204493619624,0.9204490277345446,0.9270255216132403,0.9056719158975506,0.9050936075610208,0.9333233559847707,0.6719924646107136,-0.8444925537294606,-0.8880431864714884,0.8139362168072292,0.7313588142926586,-0.7898710097815939,0.8997630901893927,0.721433323203984,0.9604288291177834,-0.8473332896969198,0.971801609099955,0.9737498371920228,0.7641959233135088,0.970936224805369,-0.4791052170675924,-0.463072375119692,-0.929168699955835,-0.9280733315867405,0.9345288336759732,-0.39796457602234775,0.9443046201441286,-0.9478929980558145,0.8368063078023397,0.3803564474585198,-0.9446620928575029,-0.8527521577936108,0.8556133670591428,0.8801019925032898,-0.898896719976008,-0.7582728057393933,0.9500495238456073,-0.8595415558782887,0.14969369957951625,0.43062519496399226,-0.8587549166393048,0.9189200800636105,0.8780654229189393,-0.9385816969592615,0.874420347208466,-0.9308409952980861,-0.31060160650748936,0.8934217534152619,0.900625650349706
-0.27089253201728714,0.8319984881532083,-0.5058214566112957,-0.6237539478931756,0.8376907264213577,-0.6673070417070172,0.2569043324183791,-0.4314386042492855,-0.7284659338203564,-0.7040937666421943,0.7196974132474012,0.9999999982765297,0.6690176806205151,0.9443224671895213,-0.7781711421266903,0.9076537799995421,0.28290109534529584,-0.7405222549871375,0.3210117839302855,-0.8888774196081852,0.4167871931059234,-0.9002008680655784,0.2670262112120642,-0.6843094106862909,-0.7995789265789951,-0.7579505014173843,0.7409349056251092,0.6916671472436798,-0.8375646831539413,0.7987707722719809,0.7685604752020452,0.746499430338695,-0.715318979634107,0.5994361161111798,0.8072374625371641,-0.7840747201429289,-0.7694258836046168,-0.6836817639252073,0.9642948747626854,-0.8264865967668756,-0.9221427391939453,-0.3634096154400968,-0.75204631484512,-0.7644329383435082,-0.9246735533923093,-0.8251385037133934,-0.8382054429184913,-0.819238865076087,-0.2288956830338308,0.6134435553795179,0.704819776932391,-0.7156313201932862,-0.2494713565593794,0.301149579438739,-0.03352444235404252,0.6932766311363219,0.10376697119365016,0.3881249308582361,0.633863462811713,-0.44637087862105707,-0.16889344809838516,0.7142559179119132,-0.44484956044340596,-0.4949760242273846,-0.8113900031073584,0.9825625976312076,-0.8794474231170427,-0.9422664427208567,-0.8467075776530547,-0.713357564608857,0.8804665871267316,0.24101378972298748,0.6029256958553884,-0.28262313989709054,0.7482393126712958,0.9076679126568392,-0.5685415519948757,-0.9943169408644617,0.8368924212622315,0.7469182824576472,0.49865966525494243,0.8090970128040511,0.6056826723049866,0.6417621659782372,-0.7088064671264448,-0.49852294454530116,0.8925250585694707,0.46644073046586065,-0.7874248448714619,0.7418211177320763,0.8152763543727293,0.812068282060922,-0.7654358645053149,0.6468061731884072,0.6444818301747853,0.454787889748515,0.8541148655503626,-0.911535266992181,-0.6827275808245598,-0.44407815887719654,-0.7977766752710841,0.6733883047947022,-0.5144546516947885,0.6891875191577422,-0.5723449386316721,0.980904582829827,0.13431265370372003,-0.5627239656713295,-0.6919089699310983,0.89383896274042,0.8787832684380188,-0.8706685442077398,-0.1976531360023828,0.8116390974413434,-0.42976358474107756,0.791592118836204,0.7121789321729357,-0.7287633125468834,0.5781157081905434,0.4645763355844194,-0.8753891757527044,0.6997416160274427,-0.9073192916633492,0.0291827283913457,0.9396963507056789,0.8938245514894698
0.04031514526696482,0.9680203005702639,-0.9047144956123794,-0.8959438629567504,0.8018613965706001,-0.9265240533756784,0.8640909332551938,-0.8966959027358219,-0.8116736096703288,-0.998693576860327,0.9331386476451429,0.6690176806205151,1.0000000110300993,0.8338714753058227,-0.7579344274051836,0.42148309817039575,0.8981938349579042,-0.9948184830281258,0.8747172100999112,-0.9261018009659994,0.877209827574218,-0.9168861779509881,0.8789802464460812,-0.9963504747685228,-0.9606898468798848,-0.9834965264020359,0.9852172724029512,0.9877768432487476,-0.8921488344784554,0.9756729038370135,0.9844587528593084,0.5963112143793065,-0.9948630811244716,0.9824019950322245,0.9689565414880114,-0.9750404041196669,-0.8184869745349758,-0.9936226744916337,0.811732038657377,-0.9711845863353433,-0.7065966402940379,-0.7090872802020363,-0.9833415436481965,-0.9838056227015239,-0.7431045941717583,-0.9561773540623032,-0.9511541888329809,-0.8594189608405112,-0.866150153596325,0.955485342870062,0.9540985945606868,-0.9784115407645771,-0.3110074952979257,0.9021560497256543,0.4743843218622667,0.7756351196870022,0.772240568685661,0.8954642827978114,0.9872935766292067,-0.906307295844043,-0.7297505588680171,0.14613218454263213,-0.8787905872616953,-0.9763961599144503,-0.9688195095861462,0.751387145305973,-0.9312364425514793,-0.8209403182869658,-0.7548958708486995,-0.9766584184697683,0.8324263921420593,0.649139031875546,0.9904252478725369,-0.8703221287816584,0.956611311314386,0.8737182779288536,-0.97981394242237,-0.7263948741268946,0.9581151429439474,0.9917827445918049,0.9757699257992843,0.905755198283689,0.9418069213336854,0.8220193036848129,-0.972221531654622,-0.9570600206107392,0.8299102770056527,0.8849872828862511,-0.8750012903958555,0.9855553756996521,0.7068903522900998,0.9428569390009777,-0.9614704308171027,0.9810122489559417,0.9753775504287844,0.7214651980862231,0.920208903907734,-0.5355534151458948,-0.43606658370970414,-0.9324882597656403,-0.9810254714584864,0.9934441561115575,-0.26592457989202245,0.9982377876668005,-0.974834162308609,0.7657435008535931,0.5204775689004811,-0.9779351081336266,-0.9651519174363459,0.8081462531797098,0.9326122348479232,-0.9015761671524634,-0.6748424995008322,0.8928470868363843,-0.9450883593407052,0.13937199741786385,0.3986198913202003,-0.9403414450873633,0.8659333889322061,0.9631616694444729,-0.9406657691099044,0.855063424060762,-0.9002477367883291,-0.5011600537382448,0.8818640615411828,0.9286255824514968
-0.17089171734934724,0.9417936749001615,-0.7044997694638021,-0.764273626301859,0.8955320379568298,-0.7394091078241929,0.4939289190986937,-0.609140982534763,-0.8957108672453408,-0.8608940503663673,0.7837183992224739,0.9443224671895213,0.8338714753058227,0.9999999931541502,-0.8015849723967128,0.7739538558796079,0.507908757224827,-0.8824486307970988,0.5253024440086194,-0.9574036840715411,0.6630453979303542,-0.9464961060637145,0.4951342475111311,-0.8339634858841358,-0.8953272171312816,-0.8943412036591555,0.856000336727581,0.8389234872573605,-0.9234564617746313,0.9322842093406246,0.91528199226066,0.8007856032850622,-0.8526205796026437,0.7938623835432541,0.9358504836304252,-0.9266622589267353,-0.8995987210490977,-0.8358026087518323,0.9481056849973788,-0.9324096396807364,-0.9099866608749484,-0.5479123159925934,-0.9031192849238229,-0.9098091760440579,-0.911051939524382,-0.9459581885249826,-0.9292263303538943,-0.9080476253617806,-0.500857468843266,0.8285464413945997,0.8723118523492012,-0.8327806550013052,-0.11261897003923688,0.5245807835692461,0.014757881460291626,0.864653831236042,0.3429052024368069,0.5943717312991516,0.7836848059257575,-0.5773911207046483,-0.4249080000701103,0.547332241995688,-0.5721048398055991,-0.6986369336058549,-0.9283795203507434,0.9643632757587941,-0.9355882991289056,-0.925446770132953,-0.808713830598108,-0.8626311403583445,0.9628320578890086,0.2816129347410419,0.8001177801877056,-0.46936998574897754,0.849685717289222,0.9302341345880508,-0.7827038041444676,-0.9738411393950488,0.9437539957527074,0.8906714674221968,0.6949040241506188,0.8946737674800628,0.7461619072546343,0.825052929616536,-0.8923829355986942,-0.6811520846054407,0.9272623962868674,0.6766961302386109,-0.9164591794314897,0.9006666855232519,0.809207829329409,0.8804017621381673,-0.9235454892703878,0.7828916599333472,0.7688728715627071,0.5087009530975682,0.8981561601148219,-0.9033653426682806,-0.6184533201211869,-0.6031019572154571,-0.9229889394557866,0.8274382942079043,-0.4349477747641425,0.8438922055861762,-0.7328754301088997,0.9428838207892688,0.3479408691031949,-0.7285194789818529,-0.860846201858134,0.8878724892481977,0.9728358559036473,-0.9246442963647739,-0.277876762841086,0.842567534507623,-0.63353475053274,0.6565906121069092,0.6775488131990844,-0.8833216556702752,0.6482120015307702,0.6756131470270927,-0.9483251980769865,0.7570700869818064,-0.9465182207303765,-0.23628074015503162,0.9746416865910394,0.9706588754724972
-0.3669503969070257,-0.8326156159171586,0.8321973901445723,0.9256332144733601,-0.5181419125417963,0.8147933190932807,-0.3617608703334668,0.8016336858104475,0.7691708452867059,0.7755017323151931,-0.7571281355521755,-0.7781711421266903,-0.7579344274051836,-0.8015849723967128,0.9999999990863251,-0.8086980406825119,-0.5416352501372931,0.783618473381749,-0.37897396683978674,0.8909242002729517,-0.3812034035142882,0.8383670782393301,-0.4162177149936707,0.7348313240534996,0.8988764281971001,0.8549213960275862,-0.8246862671238416,-0.689931505715398,0.6239853262233831,-0.8218225311155204,-0.785007165399657,-0.8866100010239539,0.8075253314745534,-0.6284180989130604,-0.7574276658047867,0.8265878714757935,0.502454311161384,0.8215529640079943,-0.8027874247671433,0.831151253854936,0.9462590095830464,0.11117965311752113,0.7330944998033591,0.8265888757782133,0.5976910229496305,0.7441002828673032,0.7466052424922601,0.5602101477384072,0.41555991245891705,-0.74377548510642,-0.8625105642052006,0.8548529226919905,0.34713341230068523,-0.605222198784512,-0.33798506406688333,-0.471926856708605,-0.230215591334124,-0.7591438754532384,-0.8035624937310433,0.615387645091193,0.11528322497798132,-0.13153750862876376,0.7845663984768663,0.6515887643099046,0.7526592380345213,-0.7318383968354459,0.8216135934209451,0.8944659033305815,0.9542101552639839,0.6620239168622986,-0.9002875302665385,-0.3409209170544868,-0.6738976602476751,0.6076950490356419,-0.9072683751642284,-0.9272388841052183,0.6440591706925427,0.7929228973641494,-0.7627307066138009,-0.8183779293252232,-0.6504149336347934,-0.6163269943826113,-0.5491794714322676,-0.4232857194811013,0.7416267766646218,0.7701794589595126,-0.9668959605361405,-0.8104169426010841,0.5680126134632034,-0.7444374210276832,-0.9940914187938827,-0.8985436709943982,0.8206721111562777,-0.6932796383031584,-0.793996123350717,-0.876323077176184,-0.7764071383421495,0.5669401273205142,0.9164830726595378,0.6188314137105245,0.8189528193915129,-0.8181869660423257,-0.0666710556270976,-0.7433076770956835,0.6367130238632192,-0.8283616852067396,0.13288959454160187,0.648838004639375,0.8566791862910282,-0.9634548076918819,-0.8570612587357646,0.9434260417430074,0.6108530044234095,-0.9198851479147558,0.7127324582276005,-0.4918940841455977,-0.14606411898856997,0.6017456713426461,-0.8615793501968746,-0.5806863732554121,0.8068362726648952,-0.961806311335277,0.7839509437168491,-0.15612060269555592,-0.8383107236702034,-0.8594405251156267
-0.022823369263412826,0.621586191078903,-0.3876224073512326,-0.550018064055378,0.5312684689699378,-0.5048010139249938,-0.08307594247950148,-0.3151762121138669,-0.5837049245208223,-0.46198054459615656,0.5082679393454839,0.9076537799995421,0.42148309817039575,0.7739538558796079,-0.8086980406825119,0.9999999985397886,0.03037737256519968,-0.4997516334645065,-0.024229177571578706,-0.7307047101178132,0.04938684631475584,-0.7144689698879806,-0.04909118526764642,-0.4228742827376682,-0.6417261607422665,-0.5647171005163859,0.5331212451243872,0.40617923912771603,-0.5426060756798422,0.5818563568570492,0.5287078085997753,0.8030358614129015,-0.4945714073259502,0.2931626969151362,0.553164904776922,-0.5725839495969042,-0.45119733876509044,-0.4772537430578249,0.8093176438687515,-0.6147542458692087,-0.923685526124355,0.059123536842917594,-0.48365181516045874,-0.5515344456626354,-0.6898303382035813,-0.5672913835877366,-0.5846706995534755,-0.5069512653510118,0.07645862599712157,0.3893286523417012,0.5408766058982541,-0.535088568910392,-0.2486095697356195,0.08218241519633306,-0.09340247037485432,0.3921578020299698,-0.23524437068445628,0.2524428498670016,0.4298475129865548,-0.2105736710714856,0.23085877849684017,0.586393394676899,-0.32980576612560175,-0.22604263779632144,-0.5545958971865991,0.8148786638760953,-0.6784127840105642,-0.8429612388326708,-0.8423825656735345,-0.4126034955421202,0.7821063563502839,0.0302011154343105,0.31923255845148696,-0.08999219689897382,0.6074376587997105,0.8019484154387774,-0.27780574982727557,-0.8765133455287711,0.5882906459816283,0.5279406890733761,0.2292496123972363,0.5072116500698927,0.2769020440384183,0.2931803268917892,-0.4577967946145745,-0.3148709072292899,0.838270580257103,0.3527979705571859,-0.4739528657940036,0.48051888663822345,0.8665087681672956,0.6640131633747964,-0.5604086567265779,0.3769113519762974,0.44138533741474223,0.4903554774106108,0.6374084864839161,-0.7784247601557329,-0.8714226496217501,-0.19359715466852373,-0.5769068295883328,0.4668330754351176,-0.22757889815882243,0.43054078364122744,-0.2835761628156301,0.8665438610989427,-0.2888230637910341,-0.28111119040231153,-0.5204486404371301,0.8529780673505084,0.6958633493902484,-0.7636592673270213,-0.14397056387303686,0.7084841025121383,-0.2291640515341107,0.8723272018561955,0.43856396510329665,-0.40811873003842025,0.49666228517958344,0.16476264239368235,-0.6592591940268785,0.6637011615699011,-0.6967010251421426,0.42799757472424377,0.767173352448593,0.7131309370353047
