1.0000000001858125,-0.9925066025652665,-0.9089828733131406,0.806517316326111,-0.9751292538854663,-0.8967227145875676,-0.857906037222369,-0.8179481297137803,0.6876465309349564,-0.6963369699500246,-0.9672525665258546,-0.9749440917694903,0.6011220287767702,-0.9442825289244344,-0.988907732334514,-0.9652425923932958,0.9393562508098274,-0.8516569105388919,0.893866389216897,-0.5680192548958287,0.7761521147354664,-0.9334605803000245,0.9846348750906563,0.961601161115139,0.7367659451162929,0.9571381051708067,0.9594394876923285,-0.9655310977039231,-0.9680623851211976,-0.9462540241192484,-0.9983383596078651,0.964304500184423,-0.9763644882734704,0.7740699983275011,0.9802525312601738,0.8925858079279172,0.9653147824341582,0.9357310337573135,0.9739267513296254,0.9983557167408349,0.8940899684921083,0.9828959981856614,-0.9290311985197283,-0.4884239501956052,-0.2768598485517573,-0.8888724696436737,0.7214707718192169,-0.9326720377406779,-0.8840479143314046,-0.9092963815427808,-0.9002447167542824,0.9225599814004742,-0.20170189548225037,0.48697226469167976,0.9352560916050625,0.934093449486485,0.9646012157786068,0.7200014396079182,0.9622346272940256,0.9503571835687119,-0.915344447631281,-0.9252172975290592,-0.4254723142124862,0.9589579494335161,-0.5742452330242056,-0.5784970572749459,-0.8846588493071406,-0.8590162073694411,0.8228053147598523,0.9336144889329633,0.9154314924565318,0.919820990599227,-0.9428674291066254,0.8701447575376641,0.801256637480498,-0.007804495194013806,-0.9341929744376312,-0.9376630494803428,-0.8999572784362074,-0.9851547116131072,0.7323708538831721,0.9253260539307887,0.9515175615134894,0.9798143268830454,-0.8129963129830351,-0.9233097827182739,-0.9751529479710447,-0.8387780899897261,0.9517912219420658,-0.8325550690047131,0.05686944779026655,0.8921258708352467,0.9403707977827774,-0.9694949511288038,-0.921000771545825,0.905658476628943,-0.845395802747334,-0.9907344385948861,-0.26596576842769704,0.9670372939215193,-0.9064099185695815,0.9553391388252177,0.8809702058672552,0.8937163021910833,0.941146385961809,0.9761184161230017,0.9241689151153022,0.8784877467627483,-0.9746707399203655,-0.7136680859640273,-0.8715175786617708,-0.873821289250492,-0.8783637619237818,0.9318181650988044,-0.6545136342000305,0.9015247062257999,-0.8436130016233043,0.8928940625919054,-0.830202866759305,-0.8653128406824178,-0.8123818198437105,0.9164601371079054,-0.9520538854460531,0.5303679251343169,-0.946176831868151,-0.9831947471039039
-0.9925066025652665,1.0000000003913005,0.9421312103677646,-0.8580083876303449,0.9874590903127388,0.9170825558679012,0.8905970685203465,0.7939155544667392,-0.7696996442280603,0.7176506051958684,0.9906834426604187,0.9746556965996258,-0.6903754257071246,0.9756719513669307,0.9944733393181752,0.982038553698942,-0.9664080007784907,0.8914252726244896,-0.9104055559431569,0.637153221171342,-0.7378951588663101,0.9630555712909029,-0.9963201542432569,-0.9878877885654755,-0.7743409931509695,-0.9816106923261599,-0.966343709669849,0.9900498299681568,0.9812835183900871,0.9638105923363367,0.9951468608258915,-0.977315669736071,0.9918725341998497,-0.7818040598132322,-0.9966721871363362,-0.8857272648230742,-0.9896742610406798,-0.9648942399416021,-0.9780694565024189,-0.9949898829254583,-0.8896147231711153,-0.9868725465853329,0.9453678194631622,0.45898796970217315,0.2633034656004459,0.9316353968760065,-0.7618679368495522,0.9624943549921431,0.919434049363563,0.941110741150474,0.945183978360329,-0.9562765163569462,0.156746009722026,-0.555942257129332,-0.9625550359229821,-0.9685753805245204,-0.9811986678383,-0.739463720648426,-0.9817932592792056,-0.9707288991190979,0.9512815693406543,0.9464707314923011,0.4038305507746918,-0.9815539135481912,0.6042866419519263,0.6197953561968075,0.9300361603704667,0.8746650875434283,-0.8492962748323539,-0.9689756480308723,-0.9521014149298621,-0.9576224241285978,0.9722502246757526,-0.9200746135724562,-0.8055064914399528,0.05888814172754847,0.9698917836932753,0.9726137488737331,0.94035250623272,0.9892751830714517,-0.6604517634984126,-0.956276613278603,-0.9772644920313344,-0.9936241830017933,0.8432526401873145,0.9535047782132634,0.9903560700783888,0.8911616216445909,-0.9672899930459793,0.8828789678899963,-0.005781731613614616,-0.94057374118242,-0.9717576442371305,0.9653793584223703,0.9507049067867255,-0.9244751283987201,0.8646674893835502,0.9798714969218038,0.3526982382199032,-0.973863712239158,0.9487887281959103,-0.9778299314865381,-0.8873839893994373,-0.9336115671251389,-0.972424664651692,-0.9881593354788808,-0.946623674539289,-0.9189374622655652,0.9469375402718556,0.6432157136341272,0.8924284162000031,0.9223382390729475,0.8980865096637853,-0.9589359981028729,0.6199393996389263,-0.9430313945585168,0.8675917484413637,-0.9236328311271058,0.8292933387017725,0.9182043990826272,0.8584446542580727,-0.9465974391113597,0.9800554031856521,-0.5836996022955008,0.9699803646953166,0.9902157637040339
-0.9089828733131406,0.9421312103677646,1.000000000866505,-0.9591278293036253,0.9004955864021048,0.8432820714134796,0.9736935696118638,0.5757706030408675,-0.8342394608232742,0.8779214614814116,0.9516869251163718,0.8660491690444643,-0.8550597692319285,0.9827556573880565,0.9388983826981178,0.8992460675001794,-0.895278924459278,0.9776858999224748,-0.9279101223161274,0.7880347325417171,-0.4725425413824122,0.9825063253716848,-0.9321735996192116,-0.9660469681657006,-0.9061068455822098,-0.9273457439644275,-0.8490581291758216,0.9589958003004614,0.8865452732841581,0.8926851433444258,0.9162696591770423,-0.9837723490004248,0.9246992092727652,-0.8891453937426658,-0.9622373339803292,-0.7024016465371575,-0.9541978903664068,-0.9969067472902298,-0.9413843002751325,-0.9184239937297443,-0.7777431190299139,-0.9262107457404419,0.8376175775772476,0.15713711243976042,0.10649889572722641,0.9062225931603918,-0.9287508841665563,0.9970508807500771,0.8706733799248892,0.998580091956448,0.951916336640845,-0.9979255678178671,-0.14338465851354176,-0.7949886302858499,-0.9974019360428987,-0.9885394128650703,-0.9076364940925866,-0.5943369029735627,-0.9232938566666613,-0.9266150905103627,0.9637461136296978,0.981109505440418,0.4590029759232491,-0.9881263246599751,0.7428964546536336,0.5587953671028585,0.9871331976289761,0.7350760531383027,-0.720471192324169,-0.9720720691286219,-0.9524175832733568,-0.9821172100141347,0.9277295065019843,-0.9497937614913234,-0.9059324983660094,0.33600968606203246,0.9465252202733823,0.9585925201858596,0.9945669806107665,0.961627531384439,-0.38747121109248345,-0.9965052730288204,-0.9584786252671225,-0.9442940133347972,0.9619435078579341,0.9850361468177901,0.9229394879158428,0.9596228822355367,-0.9662464801134866,0.985827245086162,0.2911129533898529,-0.9640440915719983,-0.9692680777738251,0.9268532931273816,0.9994944799962474,-0.8010798876818165,0.7136155460690927,0.9055386652580419,0.409423891513448,-0.9632171917465024,0.9885150809838257,-0.9086133074645331,-0.9439814993479059,-0.9972476523717316,-0.9583463815032726,-0.9070289352745474,-0.8480517493921852,-0.9622935115179412,0.8171369217438784,0.5314571680463194,0.9779563412292576,0.9759108542041868,0.9485967757576781,-0.98404476431047,0.5255223439175747,-0.9902086765507309,0.963855629385893,-0.8264931078820907,0.6361893892908085,0.9762840238972373,0.9739457791437854,-0.969167772121925,0.9745008554533381,-0.8107291270018379,0.977445374560959,0.9525209232715045
0.806517316326111,-0.8580083876303449,-0.9591278293036253,0.9999999997043271,-0.8129627101313346,-0.8565380382833138,-0.9849672676392275,-0.39261953623263196,0.8858505150089956,-0.8788739192234752,-0.8878885454504056,-0.7370377077311451,0.9098537231560722,-0.9437797006625958,-0.8760575560489599,-0.8368624480931247,0.8237573653294232,-0.9935903902025275,0.9462049692092563,-0.9299187949632028,0.3626571978376875,-0.9640227914677565,0.8398089660179062,0.9047325177110306,0.9662375262689048,0.8811521625156383,0.7392047103599736,-0.8960719438675917,-0.8078201529914101,-0.7734588116447833,-0.8088490472527072,0.9078288844472816,-0.8624834937504998,0.7849949820154017,0.8949277516551197,0.5653622672032328,0.8873251632319892,0.9489763908677771,0.8977227433620145,0.8105765446862981,0.7792804910270675,0.8034782690424794,-0.7263814244063154,-0.07787103785622271,0.13417361178272932,-0.8325165862567491,0.9257794776215161,-0.94239215875594,-0.7669501841757252,-0.9678214941857066,-0.9428900560116955,0.9555902470828634,0.3239841957597122,0.8854555089838236,0.9416060903948565,0.9415002099258114,0.8619551511922402,0.43972027501067107,0.8241974917182131,0.9079608234109084,-0.9636078685318306,-0.9621317725240683,-0.5729841677847586,0.9340735848321297,-0.8655774531879613,-0.40339846015345504,-0.9805365030598274,-0.607813917186231,0.6134812077737247,0.9453639844073819,0.8683314383375047,0.9646108726885287,-0.8956455408141097,0.9655097578469894,0.873629550116967,-0.527396533296198,-0.9064430534526908,-0.9220118677882793,-0.9746179681537631,-0.886746618402039,0.19714820833906962,0.9646446530581861,0.8670821496609477,0.8908110953188577,-0.9579303235644981,-0.9716888986591448,-0.8292840180305946,-0.9001070598981442,0.9405580560945617,-0.9838667567862444,-0.46836965258063884,0.935970628677757,0.9462578509262565,-0.8782075502973122,-0.9543398176234144,0.7566868256399155,-0.6213460489932182,-0.82818666255747,-0.3526462818425949,0.9153395382421564,-0.9530613890419305,0.8258847295599814,0.920472556821322,0.9743758108982028,0.9352375383149044,0.8089053234178811,0.7564441725718223,0.9848245388477406,-0.6611879880576759,-0.47525494288064235,-0.9220362115018429,-0.9257175518316104,-0.829803073007235,0.9658542865259039,-0.58443185728652,0.9743243436555239,-0.9580231044981337,0.7725742513990809,-0.49924527770629396,-0.9531995764575859,-0.9913713625703146,0.9706851560268468,-0.9388982178103665,0.8817687997853159,-0.9533890698235339,-0.8444873513017799
-0.9751292538854663,0.9874590903127388,0.9004955864021048,-0.8129627101313346,0.9999999995522606,0.9237036224866966,0.8296134484433177,0.8535877275435251,-0.7958706502024323,0.6096163502938015,0.9890910263978169,0.987608075828589,-0.6760303478152787,0.9573639235593395,0.9748364307758796,0.9954777050724912,-0.9912525058689942,0.8385740386422915,-0.8595233490015851,0.5904972870061771,-0.7952917837655584,0.9327948872296796,-0.9951647016205571,-0.9807566657272503,-0.6938688213583734,-0.9881105414781775,-0.9926699155783613,0.9855359651433699,0.9986206446790723,0.981840353376293,0.98222730118732,-0.9371910749567983,0.9938622117782802,-0.6948023843976436,-0.9820501894568942,-0.9382479631885966,-0.9880439081882627,-0.9313107903615095,-0.94383124663362,-0.9805814034675919,-0.883893253441864,-0.9774470531052992,0.9822328415706378,0.5648989700287776,0.3499195707605096,0.9572006383044982,-0.6764557883346681,0.9296757261143844,0.9524792649851914,0.8962004531942185,0.9450361454985126,-0.9238776655999882,0.2748278846336681,-0.47293301295560375,-0.9259344040520242,-0.9494151273178817,-0.9866272811731394,-0.8230635195521298,-0.9913887691301259,-0.9618365796769038,0.9325234938534407,0.8962895799311427,0.2945174698526711,-0.9521704388254969,0.5107597175056849,0.6974048823464399,0.9028614570294687,0.9357964858440606,-0.9193741874299297,-0.9574858316065759,-0.9541546848711313,-0.9371370070598265,0.9791531405433523,-0.9124496207785335,-0.7044363955341986,-0.05360731317381591,0.9758102680402915,0.9714120997716442,0.9086189968322758,0.9539418798453678,-0.6890785517141036,-0.9188896721795808,-0.9729647412012106,-0.981534968299019,0.7641852463745803,0.917218266980689,0.9969664466875635,0.8790065812888987,-0.9281054103380713,0.8399074863153053,-0.12274532037392051,-0.9395475894573205,-0.9566516158695166,0.9213589985977422,0.9090471352650571,-0.9650581898059786,0.9330324860274444,0.9492433025889911,0.4359534290579291,-0.9299533670654561,0.9300106912486755,-0.9956441881671574,-0.8072298921187316,-0.8967349831771848,-0.9636501452284353,-0.9985591736990704,-0.9844479357148507,-0.8883497542335876,0.9364618769701405,0.5638116801986972,0.8225054037863503,0.9091326668287931,0.8553770615925397,-0.921989149354201,0.5688317438800917,-0.9161277307747595,0.7902690691895808,-0.9689526057575067,0.9002042679762373,0.9051797635935243,0.8006832137047356,-0.9134621292275422,0.9629267982906567,-0.48491323271996656,0.9381038903631076,0.9699565494483519
-0.8967227145875676,0.9170825558679012,0.8432820714134796,-0.8565380382833138,0.9237036224866966,0.999999999561393,0.851740519544766,0.6750422075509678,-0.8234563784344684,0.5992084200928153,0.9293153243229098,0.8602787284698212,-0.6731151433055751,0.9188416573528816,0.9417027423938653,0.9549683660214865,-0.9196076269987322,0.8594885154783407,-0.9283219288817244,0.7574819554030466,-0.7635418769198775,0.9273375757853005,-0.9070818877066706,-0.9178295546459473,-0.7739648881978566,-0.9594904141887688,-0.8904400190392084,0.924159168250473,0.9373938493117117,0.8409168039245307,0.8895440031922549,-0.8584055569431097,0.9523920969669559,-0.5394180894659524,-0.9240578654191287,-0.8155845876962441,-0.921151622750196,-0.8741424251058273,-0.939424328923805,-0.8868676427919735,-0.9763414402889666,-0.845941225788589,0.8630075479499116,0.563482901395001,0.012859708305957635,0.8509068157207448,-0.6383958383602026,0.8596759474740653,0.8086675943584819,0.8576176618969963,0.9389419462655003,-0.8680471665035697,0.10036419950228448,-0.5286869834997955,-0.8569453741286313,-0.8903497578962573,-0.9723959483257126,-0.621411292194917,-0.8804362220705009,-0.9814804154906105,0.9511979701833804,0.8954140997008215,0.5271795568569048,-0.899170690963278,0.6921290084102436,0.44206164822899235,0.8882576335187136,0.7926214643069366,-0.7934367546792944,-0.935348948423093,-0.8333181778449564,-0.9221438367845887,0.9657134712237572,-0.9353758766049066,-0.6772807199857196,0.15136878355200625,0.9366257361263972,0.9371400962108246,0.8787525367346818,0.8957587379485384,-0.5581441891515773,-0.8842818693318093,-0.8586308065706829,-0.9529795470564612,0.7524391106108873,0.9164039547845911,0.9028640682702983,0.7618824154287251,-0.9319771701610412,0.814009869606907,0.04972687225725202,-0.8932408032839593,-0.946857623914905,0.917876053787251,0.8512711445678413,-0.9574890900925599,0.8463422533310341,0.9142421500474829,0.2490703579376422,-0.9092696194122567,0.8754383029329503,-0.9108721542795436,-0.8074703479532027,-0.860013944258559,-0.9564087680258665,-0.9035368051209236,-0.8891087553960993,-0.9308953805297837,0.7990209504285446,0.6204316613774304,0.7450038431819205,0.817653346422167,0.681473657654469,-0.9184361034737977,0.7714786918148315,-0.8935175513385166,0.7894523674930795,-0.9254163840962029,0.7690052091784196,0.8529083767446293,0.8080671343556257,-0.9392501826395353,0.9371647382226369,-0.5309615471623003,0.9332126782404335,0.854783601022136
-0.857906037222369,0.8905970685203465,0.9736935696118638,-0.9849672676392275,0.8296134484433177,0.851740519544766,1.0000000000931282,0.4314950424666094,-0.8057330517456531,0.9243644007503092,0.897292049487174,0.7712342882632026,-0.8398047642738959,0.9495117431520713,0.9104053811338935,0.8450200950674123,-0.8181268410677545,0.9975716229243466,-0.9708778708192999,0.8793133366213246,-0.40352689639063416,0.9736268814337738,-0.8643657098904226,-0.9136319346170284,-0.9759843601872884,-0.882954331177322,-0.7574049543104437,0.9056818758579019,0.8199411555787737,0.7870027678818033,0.8549684191928354,-0.9464453775612669,0.8773591500378988,-0.8505613971683074,-0.9175788803005152,-0.5865575775448425,-0.8963285749624836,-0.965033928869434,-0.9369535276455807,-0.8576138376044664,-0.8045075167498523,-0.8434576502279408,0.7306744459865293,0.07743226717227618,-0.1199934867933017,0.8115603079204505,-0.9445131246301037,0.9584504160628233,0.7536500030370961,0.9835996404277408,0.9223874539756914,-0.9658372529980007,-0.3066575501176585,-0.8580541230737317,-0.9619549690748782,-0.9458316168016638,-0.8714848893914869,-0.4215707457258807,-0.8371420100394747,-0.9163501262213756,0.9589287138491134,0.9885041575862099,0.6352625197271657,-0.9555485482869681,0.8753681386471318,0.3653743716705768,0.9715494166585404,0.6023734510446754,-0.5901931057483386,-0.9422270072320246,-0.8660053299786382,-0.9617710476504934,0.8903641014630904,-0.9395836397803401,-0.9386012912436291,0.5046536354612383,0.8969180936528336,0.9160291565788234,0.9746249844236167,0.931475195305573,-0.2932735002015198,-0.9782002079287736,-0.8794995025206233,-0.9125453054716335,0.984985571158071,0.9825684901451621,0.8470212256808252,0.8848128834617717,-0.9685986545610178,0.975964334419223,0.44849435562561774,-0.9154097954270418,-0.9479968129261696,0.9301611758536694,0.9729437120720713,-0.7463720049832665,0.6036527776393869,0.8848145777099279,0.24924684685099466,-0.9571408233245527,0.9477088417009595,-0.8297078758521516,-0.9740595784839324,-0.9775482333148326,-0.9341529426562024,-0.8284431727467443,-0.7516584366621846,-0.9773590871179008,0.7353068471348713,0.5997234221138075,0.9624040207473875,0.9137449213424991,0.8682266634572133,-0.9807480655034603,0.6444417256109287,-0.9704858883810195,0.9908802240327502,-0.7504029469948537,0.5051393457322311,0.9328834522768928,0.9908750816253323,-0.9777505511943568,0.9468076658416377,-0.8797776651933344,0.9701158730470595,0.8845352813118673
-0.8179481297137803,0.7939155544667392,0.5757706030408675,-0.39261953623263196,0.8535877275435251,0.6750422075509678,0.4314950424666094,0.999999999502704,-0.4720066817482565,0.18807589263989205,0.7717115314027453,0.9060168179961114,-0.27364840927306755,0.6728687682608876,0.7525447670145654,0.8209555412879127,-0.8325921209649216,0.43925097319030987,-0.5002044122422101,0.0934830233563018,-0.9093820813092292,0.6119858163935351,-0.8249969101258926,-0.7454732756623462,-0.23025938624142883,-0.7709790192461138,-0.9089658632540053,0.7596843651029954,0.8535243329803179,0.871180269720167,0.8299432671223426,-0.6763220167197275,0.7964522252013817,-0.4212072959112973,-0.7533934651288016,-0.97551436699534,-0.7719248664663809,-0.6311258210915662,-0.6813396690939794,-0.8260765268289214,-0.6732943891000076,-0.8348570944460509,0.9083342408169206,0.7961318688768813,0.7061823377588198,0.7811729770003952,-0.25830675992577695,0.6365018106615404,0.835132867588883,0.5584016061740247,0.6515789881519359,-0.6145800484135765,0.7213109179945199,0.03050174377830464,-0.630839551609946,-0.6665463564225752,-0.7814501754363907,-0.9238612512374126,-0.8377005989553535,-0.6989365524692155,0.6089764961109531,0.5553826543621323,-0.08119413700706686,-0.6741471925404544,0.01724540086708232,0.7745880943411441,0.5560177590286526,0.9425323072012851,-0.9114031505384327,-0.6696403422995153,-0.7471849311534494,-0.6211090631901752,0.7430969300370672,-0.5781531761073567,-0.3381239063269413,-0.5599897378192519,0.734040584214867,0.7129970930355181,0.5716363149877695,0.7152103690267264,-0.8989966647024961,-0.5951665788232026,-0.7742358656650695,-0.7508029018900174,0.35940972747967775,0.5808191693972211,0.8383769460715891,0.6065435020560099,-0.62098990490651,0.4591807724463512,-0.6101663583157132,-0.6563505033260306,-0.6648765302569708,0.6620212604263332,0.5925258701665979,-0.8378387291039282,0.917907245240986,0.7518381006974394,0.41278835517238516,-0.6480758939062744,0.6274090621909867,-0.8389304370502203,-0.4516470961430945,-0.5546471336049765,-0.68463041769735,-0.8579174948333455,-0.8830181244233694,-0.5197331323444406,0.8895775488747851,0.4372620351293451,0.4891128123458665,0.6259465489251514,0.6344929825059121,-0.5930877489049713,0.33311428876546584,-0.5824005508088557,0.39652350358762145,-0.8381719940403688,0.9761849831983037,0.5905326756727455,0.38626271254973205,-0.5714809398706292,0.6829097846919355,0.00994689991273856,0.6281923665798944,0.7859903423185575
0.6876465309349564,-0.7696996442280603,-0.8342394608232742,0.8858505150089956,-0.7958706502024323,-0.8234563784344684,-0.8057330517456531,-0.4720066817482565,0.999999999641495,-0.5824547644437591,-0.8477745199236589,-0.7109108295942234,0.9406646693785802,-0.8708072534081444,-0.7635923899861042,-0.8243760172889761,0.8582013998281196,-0.8442890568480352,0.764429663632134,-0.8377876350223044,0.4053875191898191,-0.8558156474210794,0.7879845696837405,0.8549872973670862,0.7465507540966791,0.8600350455601228,0.7541400466013124,-0.8502548877058812,-0.8027877551892321,-0.786042938808951,-0.7082925857357804,0.7598963502513527,-0.8188039088945905,0.5349500191838561,0.8120502651429083,0.6364017728964008,0.8492066923799974,0.8374199174383045,0.7446002049874025,0.7061619834018017,0.6824940937256185,0.7261285901663103,-0.7838034280817023,-0.27196109578908123,-0.08405180989386594,-0.8959826688635281,0.7114016414330507,-0.8352366718242955,-0.8445867983465631,-0.8309233510041664,-0.9322896188723153,0.8535333127263978,0.07805361752583055,0.7198357071122274,0.8214120539073329,0.8732744530553195,0.8261595122960376,0.6435572455774887,0.8135039104604886,0.8380750078375868,-0.8909864716580744,-0.7934006377430269,-0.21293586413541776,0.8227195741969809,-0.604439453316021,-0.6358660632371905,-0.9044495948598803,-0.7334199635563274,0.7759539409635636,0.8935134974581739,0.8645557661515724,0.8933610109059641,-0.8810504482347025,0.9413079505836103,0.5675249434700778,-0.284224847653436,-0.9007491160360154,-0.8966304624033957,-0.8813752503025971,-0.7359626556146205,0.13959812322856818,0.8440012902248939,0.8302529381520752,0.8078305277511266,-0.7371648007254791,-0.8492799158068045,-0.8028000212317647,-0.8854114855217046,0.7898648218541331,-0.8792576689541595,-0.22235577360570258,0.9325972246226387,0.8784596091504898,-0.6903449929336136,-0.8242658964005666,0.8159331432647694,-0.7644587776698368,-0.6675818098949042,-0.6717059244665177,0.7434995515142948,-0.8972147722894049,0.8371791070943418,0.6608277391531591,0.8687671969433325,0.8829253888479681,0.7880592703405092,0.8216320080159573,0.8881059928030065,-0.5428923410834211,-0.12777688900833187,-0.7156008591036287,-0.8980969507817228,-0.7006716203444214,0.8376117052352462,-0.34127040442788636,0.8937236750395111,-0.7303327501362871,0.8635780002352806,-0.629659784093559,-0.9277791661824648,-0.8419682824751896,0.8537082008959411,-0.862678471446941,0.6547066555017504,-0.8328725810025605,-0.7417923795715595
-0.6963369699500246,0.7176506051958684,0.8779214614814116,-0.8788739192234752,0.6096163502938015,0.5992084200928153,0.9243644007503092,0.18807589263989205,-0.5824547644437591,0.9999999994268745,0.7029440692541757,0.5711847356947303,-0.7363419318879459,0.7877350905879307,0.7378749614974672,0.6106308155837032,-0.5786909503539575,0.9067483718903726,-0.8451686203845417,0.7810296447932262,-0.11282948392341953,0.8260906035874456,-0.6764023069254912,-0.7338850954764493,-0.9461165717598872,-0.6606521889723408,-0.5221055422883897,0.7187019428809525,0.5850503883109474,0.5890958540543768,0.6903626423247093,-0.8428393306534785,0.6652756318471323,-0.9231115181104401,-0.7471125722754635,-0.3185744882794856,-0.7055158044775531,-0.8456487081743957,-0.7871240196273124,-0.6966163468653306,-0.5712909434310164,-0.6914226820680036,0.48729731011351046,-0.26297368571361945,-0.22947255170443404,0.5973381799015767,-0.9781759993947936,0.8435143215161415,0.5398775962132748,0.8869434152595551,0.7189016005083185,-0.8465839857907249,-0.5352645787789545,-0.9027896897395121,-0.8540435689923106,-0.7969312169417225,-0.6434328702111305,-0.16092141535978385,-0.6411839177280229,-0.7082882706486751,0.7811249136956133,0.8833028925952937,0.6731267428999751,-0.8197933389184895,0.868487444137355,0.17355082500093802,0.8331337760634336,0.33316462710867345,-0.3034330068292938,-0.7616330516926948,-0.7018350672087517,-0.8007544878865531,0.6643606214391797,-0.7471670631941056,-0.9813629173403416,0.6603686942781396,0.6860234581120186,0.7175058256176604,0.8486068098587731,0.8038321683698858,-0.11436595440605851,-0.8600280712653969,-0.717445390408017,-0.7243686117195053,0.9725091228081388,0.8483748660955076,0.647266519709183,0.7678843836561889,-0.8314846386608408,0.8883466034426216,0.6422958802032754,-0.7326014171674307,-0.7682785763486548,0.8015964844002248,0.8745370233968418,-0.45394741603169037,0.29867480832598925,0.7355296927306986,0.09084524685428949,-0.8365237692299681,0.8028321338995015,-0.6069320345973966,-0.9422393346261091,-0.8668314026184404,-0.7396222091800001,-0.6206044962972807,-0.49762984041010844,-0.8236398970512165,0.5886297073447074,0.5783767378766684,0.9438681654594326,0.7801098349236189,0.8299834467158209,-0.8470213630015635,0.5166639486915188,-0.8307755212903863,0.9627760953526752,-0.46626626169473206,0.21598240195788962,0.7846446598521822,0.9255492532103013,-0.8272883076612859,0.7752478682292985,-0.9517021616023893,0.8226327598912702,0.7489468722673864
-0.9672525665258546,0.9906834426604187,0.9516869251163718,-0.8878885454504056,0.9890910263978169,0.9293153243229098,0.897292049487174,0.7717115314027453,-0.8477745199236589,0.7029440692541757,1.0000000005105814,0.9630790803726995,-0.7657492183313709,0.9892863770112424,0.9824053021095563,0.9891141193776475,-0.9858303236856708,0.907013451606195,-0.9045997024498763,0.6892583731217674,-0.7051353545778759,0.9728415649479132,-0.9935688393754549,-0.9985911105665708,-0.7836663321099978,-0.9947435815222204,-0.9657593571488936,0.9996801911869532,0.9853793978272543,0.9707657791064006,0.9748545909710516,-0.9666588175652012,0.9947189095882797,-0.7550507680074062,-0.995880022189054,-0.8786791284679523,-0.9997441799551302,-0.9722722629847222,-0.9618309335233524,-0.9741376705351863,-0.8751999263188129,-0.9736940164822779,0.9564876392895166,0.4508605776516294,0.2608646646524115,0.9662481341279451,-0.7702710621487536,0.970451705177278,0.9480017266800446,0.9489761416181233,0.9776175016251063,-0.968532298687571,0.1362565890831993,-0.5974154613608038,-0.9671267450653427,-0.984633698276943,-0.9866900124592451,-0.7658425636987389,-0.9890667970691859,-0.9772431398543893,0.9707864359783268,0.9434762056902736,0.3559412041983009,-0.9834424084524908,0.6072940114524327,0.6662910186035892,0.9562092709088297,0.8914310292475268,-0.8795589300647882,-0.9886010900331447,-0.974377611531349,-0.9777033018069302,0.9907308525601344,-0.9564806966224741,-0.7744155630531404,0.08483868888345823,0.9937640937439507,0.9940699391051977,0.9600668063238008,0.9714221808087506,-0.5864052509977649,-0.9650635581210393,-0.9871322916146932,-0.99159370156034,0.8429154171338612,0.9626047041955463,0.9929027470938316,0.9261000622123174,-0.9612433046153289,0.9102985329871663,0.019125429338337944,-0.9753875675250427,-0.98684267116628,0.9388209058446291,0.9567725293558064,-0.9416548312162192,0.8881311152935433,0.9491577895409697,0.449723753239514,-0.9575489791311327,0.9729988012014086,-0.9906277729996232,-0.8632031979469758,-0.951494846686641,-0.9890171540777325,-0.9885575335647916,-0.9644745327430388,-0.9408444057073962,0.9028450856443055,0.5482428481919585,0.883173758995046,0.9534293463652099,0.8922015090607002,-0.9647384816071713,0.5705433715505126,-0.9651546709723057,0.8614975450093166,-0.9528560078253505,0.8330967593220723,0.9545326100095426,0.8790693707835285,-0.9570904367920069,0.9908783253801592,-0.6054354352266654,0.9736342049747128,0.9776558721553219
-0.9749440917694903,0.9746556965996258,0.8660491690444643,-0.7370377077311451,0.987608075828589,0.8602787284698212,0.7712342882632026,0.9060168179961114,-0.7109108295942234,0.5711847356947303,0.9630790803726995,0.9999999999569211,-0.5954396006403024,0.918775202922529,0.9515505493740158,0.9691782830827376,-0.9687412754818585,0.7762167652021492,-0.79774249489623,0.470604701543932,-0.8134477132902332,0.8848358196105576,-0.9857797368088207,-0.9535212587140774,-0.6163845787782224,-0.9524954432017136,-0.9934397643111573,0.9591207461726527,0.9814253133819532,0.9869021828637862,0.9837233343785872,-0.9222193259126991,0.967763870682532,-0.7099187335256568,-0.9593042385457012,-0.9586135891800559,-0.9636292310667872,-0.899397479404095,-0.9122132204154375,-0.9824302097350436,-0.8324306970158682,-0.9865247075367477,0.983076543145782,0.5785977840144009,0.46114078570971273,0.9357536552327409,-0.6336791197483067,0.9013996431461768,0.9484710414396718,0.856728164242914,0.8891528886509079,-0.88876757963025,0.36207342552633026,-0.3877171241822538,-0.898833471450176,-0.915230597724997,-0.951870460364456,-0.8560251592919,-0.9847851114956182,-0.9134606203467605,0.8738077203782972,0.8518684651289609,0.21905116886587453,-0.9232151525612539,0.4111590985755655,0.7351854321979963,0.8481174117148251,0.9480167403923129,-0.9201426723342016,-0.911724257306777,-0.9393517730137662,-0.8872853358491274,0.9357882412191874,-0.8444547458493594,-0.6807087916363854,-0.1603273163410751,0.9361193931557616,0.9302025821421783,0.8614209854811447,0.9385951098939348,-0.7613509128482736,-0.8787937201581942,-0.9624835410335821,-0.9516960803680433,0.7182172413173751,0.867324046078876,0.9876881979322978,0.8532440492574266,-0.8862006680528792,0.7856904379297318,-0.21781975831997016,-0.8937995263417813,-0.9094789347181372,0.8948543926579903,0.8768734408214366,-0.9304789781512516,0.9260264089785428,0.937481884004593,0.42960907337894977,-0.9010818011270951,0.8896478279490725,-0.9795501035751627,-0.7724594207763467,-0.8518820129333562,-0.9161243836042661,-0.9920114397228699,-0.973753031407081,-0.8193869209547804,0.9700600680733338,0.571009739052879,0.8023943273109544,0.8771074890165991,0.8673925872828928,-0.8748428876338992,0.5087708888851458,-0.8661413705968252,0.7446009908176086,-0.9376944054289803,0.9218904871439015,0.8581695653299404,0.7388771197646112,-0.8557622258035563,0.9226418447825859,-0.41160426715067183,0.893618155721453,0.9711552715960741
0.6011220287767702,-0.6903754257071246,-0.8550597692319285,0.9098537231560722,-0.6760303478152787,-0.6731151433055751,-0.8398047642738959,-0.27364840927306755,0.9406646693785802,-0.7363419318879459,-0.7657492183313709,-0.5954396006403024,1.0000000011181374,-0.8280461294170904,-0.6811788089014399,-0.6947757551032373,0.7353332310069111,-0.8721844927634061,0.7315855715305412,-0.8706107133526578,0.1371490576565865,-0.823004348803795,0.6992233072030287,0.7902892352981298,0.8203915940755706,0.7509179449096025,0.612011306010627,-0.7766148089940654,-0.6688393520246754,-0.6932410752832227,-0.6244403940637708,0.7524525801783066,-0.7099813620215837,0.6777446543839917,0.7451851824014649,0.440618857183799,0.7717653140646898,0.8324848808045379,0.6805380684960467,0.6255941446156973,0.5188926917110256,0.6630782701031156,-0.6437982160962414,0.05595981475522705,0.010290941656282854,-0.8141106300791752,0.851401687658114,-0.8354596656704937,-0.7542465975551532,-0.8488403202279878,-0.8623104592514981,0.8534311751866602,0.3362073666620892,0.8865322547498818,0.8254064370583811,0.8464866146368912,0.7018252690327594,0.4764136192429645,0.725718751548722,0.7359883738971946,-0.8350710678768625,-0.7901770941972801,-0.2501354204241119,0.7954017438841618,-0.676283308850702,-0.552907774330034,-0.8967910814643791,-0.5627130343348883,0.5988442533685621,0.8364427485980936,0.8256445336753164,0.8570500383749496,-0.773143143093898,0.8853822339563884,0.6765924289453188,-0.49531484989865315,-0.8152646946870735,-0.8223062963339732,-0.8808902219014098,-0.6952750649679712,-0.0645760319644424,0.8412192802029291,0.7822420119598856,0.7199296141374549,-0.8263527576767331,-0.8292210226632117,-0.7064963022603713,-0.9059356264740563,0.7505315869318924,-0.9230783245290064,-0.4658894145900996,0.8872158448590987,0.8174792226335137,-0.6360150342430356,-0.8391338341678294,0.6275908074861748,-0.5615769908363519,-0.5870350379160292,-0.6528065377691207,0.7108245016232323,-0.8820508086526804,0.7261375953996789,0.7062388439530176,0.8820778681858117,0.8075198537438537,0.6800544421798805,0.6781988814663563,0.8577866962263647,-0.44445988770937433,-0.0721415727310708,-0.7930326571372489,-0.8997865706853461,-0.7601314358657196,0.8148309444235076,-0.22060929855348907,0.8813981472779773,-0.7986483374191741,0.6980549700834655,-0.4163174253565063,-0.9194243150932441,-0.8996683919013346,0.8167919932970007,-0.8065314651648987,0.8314479724209906,-0.7937699103383743,-0.6981380675795416
-0.9442825289244344,0.9756719513669307,0.9827556573880565,-0.9437797006625958,0.9573639235593395,0.9188416573528816,0.9495117431520713,0.6728687682608876,-0.8708072534081444,0.7877350905879307,0.9892863770112424,0.918775202922529,-0.8280461294170904,1.0000000009582575,0.9738524668596231,0.9622126622623236,-0.9563451373422013,0.958012911318598,-0.9379447886484832,0.7729095469358246,-0.6065135510494425,0.994059570827081,-0.9716596206021721,-0.9945390801553369,-0.8619321660504982,-0.9801536259879924,-0.9177072067356165,0.9921340532778147,0.9514061540274656,0.9357840842984956,0.9507511082180358,-0.9786693093731383,0.9758547981444918,-0.8024838047781163,-0.9902868298788652,-0.7995788755884541,-0.9894286208948943,-0.9930305338562114,-0.9661047841852185,-0.9510642447392018,-0.8570799225050356,-0.9504537124819439,0.9068277311045146,0.32869988910724424,0.15409853606401883,0.9475019628569314,-0.8487427072023652,0.9904717642229169,0.9156983983488737,0.9827150705322272,0.9866284675835999,-0.9921795746547122,-0.009035171568798463,-0.7068814506305496,-0.9883416543535126,-0.9975418962121971,-0.9676241618363771,-0.6815829253686482,-0.9636683043406272,-0.9749422719667681,0.989166079785364,0.9751796180257034,0.4299729601266885,-0.9954169503906718,0.7004683779648466,0.604323627678243,0.9876155590038823,0.8220322738348718,-0.8129201659535951,-0.9979040517168541,-0.9687626682413694,-0.9969599571337088,0.9807140154796872,-0.9777476921378166,-0.8369058116935222,0.22609692944052082,0.9881509639648411,0.9938867783470137,0.9902119100939021,0.973368327435891,-0.4818304256563599,-0.9917781237643741,-0.9778609260107266,-0.9835660724750608,0.9074902699660403,0.9897287879073096,0.9672247277369294,0.9462186674018521,-0.9791564835358936,0.9591562915322422,0.16405263792840838,-0.9858086663230964,-0.9965939922654311,0.9450527474987294,0.9849093869532499,-0.8974833371366623,0.8189622568590228,0.937082712822154,0.42954772495930754,-0.9710605553907617,0.9925339676085919,-0.9623158011080304,-0.9095202430472503,-0.9852702250759215,-0.9936262573215611,-0.9573255476461568,-0.920054328788303,-0.9745861584475132,0.8565132613411796,0.5437347307901395,0.9280948707617247,0.971924457478363,0.9085912737191391,-0.9897071666000787,0.5793804180254879,-0.992535234935314,0.9196772298865157,-0.9121882727160006,0.7446776667231559,0.978518485441623,0.9391624930898781,-0.9832164419851697,0.9985562153718223,-0.7143297040945434,0.9915000585666748,0.9664365356813849
-0.988907732334514,0.9944733393181752,0.9388983826981178,-0.8760575560489599,0.9748364307758796,0.9417027423938653,0.9104053811338935,0.7525447670145654,-0.7635923899861042,0.7378749614974672,0.9824053021095563,0.9515505493740158,-0.6811788089014399,0.9738524668596231,0.9999999984280783,0.9773260855909283,-0.949407851334711,0.9079920363054204,-0.9439736903444333,0.6804553710809729,-0.7365810200342756,0.9719694288728383,-0.9833550920043601,-0.9791404721767943,-0.8098866883767338,-0.9794912200101551,-0.9456239355060103,0.9816391680116864,0.971380661660799,0.9324180259590714,0.9862500022171803,-0.9730585063804622,0.9893207272310969,-0.7651738554062212,-0.9927077563648474,-0.8572085856950605,-0.9793857171289693,-0.9613762233149394,-0.9935675135083519,-0.9861286864804315,-0.9254947936233887,-0.9658742869514706,0.9162164332752865,0.45168400853525215,0.168476672260424,0.9019432858381239,-0.7675315946782771,0.9554146356162615,0.8803343816718834,0.9434578180803688,0.94514955149772,-0.951815226035855,0.10313287922204738,-0.5764771690139542,-0.956941149765233,-0.9609454315147192,-0.9845999951683962,-0.6780786496752164,-0.9592770522831964,-0.9843203307463804,0.9628054027411184,0.9616400104193001,0.4914982577389524,-0.979955373251508,0.6674573041850813,0.5397572566724286,0.9323227724011645,0.8344819559711846,-0.8093008394638221,-0.969189606622895,-0.9243946678117803,-0.9605773625644374,0.9727546565295475,-0.9273619287908057,-0.8249334780827059,0.12048712323718422,0.9626540534611134,0.9680676390468379,0.9407518045236836,0.9914479246769504,-0.6453018151059118,-0.9586728646784483,-0.9549570533063112,-0.9972110001296116,0.8576054975872845,0.9644167521188209,0.9736749574221097,0.8628213840649805,-0.983205435357507,0.8834648633653092,0.047589722517376656,-0.9296792627085488,-0.9766240525110612,0.98444916665141,0.9481703394829725,-0.9222455990407696,0.8366624577013546,0.9901958794450161,0.2762003918924061,-0.9863066852243545,0.9403114616433377,-0.9598427073994905,-0.9105872808106757,-0.9332027766063351,-0.9768566959106629,-0.9712284896968589,-0.9220752817981811,-0.9372583758654901,0.9309275717940672,0.6941703606280539,0.8910520125267487,0.9018869440681188,0.8677675487395602,-0.9699903718827917,0.6950515345376236,-0.9442175472605948,0.8860407807134294,-0.9088786106756807,0.79343875034068,0.9066927666647567,0.8707064877929566,-0.9636410987533365,0.9820441846746061,-0.6082143305049685,0.9806415966943861,0.9746577617186131
-0.9652425923932958,0.982038553698942,0.8992460675001794,-0.8368624480931247,0.9954777050724912,0.9549683660214865,0.8450200950674123,0.8209555412879127,-0.8243760172889761,0.6106308155837032,0.9891141193776475,0.9691782830827376,-0.6947757551032373,0.9622126622623236,0.9773260855909283,1.0000000000989688,-0.9905691946448321,0.8552879645379394,-0.8844513690442766,0.6433884958962803,-0.7942723272907393,0.9441817523350727,-0.9869396313412432,-0.9800432419556268,-0.7209780949035619,-0.9960511962478301,-0.9819974439928367,0.9851335734435428,0.9980256128346473,0.9630344762031023,0.969949169489734,-0.9284536065754492,0.9972929690371085,-0.661984240275665,-0.9806470431537683,-0.9217152275164439,-0.9865187317071666,-0.9302960188007103,-0.9516716903231803,-0.9679323064334527,-0.9142075021817004,-0.9572487904671322,0.9694348521521939,0.5725762820089392,0.2777032107442597,0.9503339516948435,-0.6757801865110329,0.9257726276965561,0.9361254424554837,0.8988921998313154,0.9603694592909707,-0.9238233915820824,0.2372165201161662,-0.4963264451136741,-0.9216427769579004,-0.9497564699047598,-0.9967258806715752,-0.7923563999671881,-0.9795190570259525,-0.9793297184830243,0.951151745551113,0.9059949269164257,0.342840025666738,-0.9516531002573483,0.557791081245662,0.6555496085452585,0.9142395468489521,0.918180384603609,-0.9077100649993632,-0.96714871057087,-0.941600774845733,-0.9480871869314283,0.9912914186524739,-0.9345258753075465,-0.7004864489278659,-0.005224582402525933,0.9827293322022379,0.9789156462054763,0.9154945148803056,0.949210528528723,-0.6571025329676687,-0.9230706864311401,-0.960192707809565,-0.9868006822818919,0.7695358593224979,0.9292631926147955,0.9883071745144179,0.8679583939341434,-0.9390738661040456,0.8477535457940484,-0.08299656178391324,-0.9458444156430916,-0.9684167650185356,0.927411083520271,0.9072588329326972,-0.9788411426182312,0.9295798634123537,0.9480032439980551,0.41421756968216583,-0.9336531361837523,0.9323597848468896,-0.9908621227378009,-0.8123473914357043,-0.9015032107434024,-0.976440826396608,-0.989463182441225,-0.9782182814102524,-0.9120661101334829,0.90977727995305,0.5684313649217289,0.8122409944247199,0.9038074366488076,0.8242586220850073,-0.9329600793500382,0.6145915407107728,-0.9252274091638754,0.7976599540851982,-0.9763390492978665,0.8831810159919166,0.9096527748526808,0.814438072421829,-0.93188084422399,0.9704072726807547,-0.5029843824717815,0.9487499110677768,0.9533219455025661
