1.0000000010912824,-0.9567047916205916,-0.913575960654552,0.8165826437079331,-0.9725232387726443,-0.9478827383085772,-0.8895861447895907,0.5348558725929018,0.8779491924905583,-0.9560426366224964,-0.8676905598567717,-0.8670097517380112,-0.9241004243755803,-0.8898246811457092,0.9534254218169224,0.902868230144374,-0.9473092572997095,-0.6725980983215039,0.8078545709528333,0.8146595293386261,0.915196514231245,0.7922232558756632,0.9811045950359778,0.8801830543928308,0.3236364548198021,0.7775852803705976,0.880578310318565,-0.8892160469056685,-0.7861150363957885,0.934829372712667,-0.957210257518856,-0.9722675126097415,-0.606576893648674,-0.7693866297998365,-0.8513764594696375,-0.8225123754845637,-0.8915669424199845,0.9026185074472607,0.9729517475045295,-0.931554928319817,0.9001282227156321,-0.7464469196709073,0.9166425986837131,0.7390405951706481,-0.6937436475180044,0.8870211032378339,0.9426830967223423,0.9724123431899788,0.8281486405983338,0.8301424740144376,0.9469120189028148,0.29978428162361,0.963739365023062,0.9098257574639473,0.9094041227550562,0.7818925250402181,0.8830599553718032,-0.9088275824418756,-0.9846346842927644,-0.9012831104687924,-0.9590394830044712,0.3902214236081792,0.7966729787497987,-0.9627583912720055,-0.9008723445990712,-0.774644646524678,0.9739317027734005,-0.8559354525256863,0.9767504626469782,0.7811333550641447,-0.5466152663297497,-0.6016799220492823,0.8875632429953544,0.4266798944649478,-0.8720889367909023,0.8290317979424183,-0.9832795403749229,-0.22863535669279517,-0.8241953141386946,-0.8922274139981616,-0.8631377269863244,0.8263719904804282,0.9352959244994369,0.979323457127467,0.26883950204387924,-0.8681887542046213,-0.9319916166577555,-0.570087805196655,-0.9688474989567681,-0.3342524119617504,0.765677126548145,0.44721626738457276,-0.44190217251330044,0.8994165838675958,0.7638496926260179,0.7870315134779322,-0.9391387722274759,-0.9552081224992662,-0.7526929716103369,-0.7594318614848458,0.844217244299983,-0.4054904566250301,-0.61269212278369,0.9399610428086176,0.9682830376274971,0.6567357657136819,-0.9419869090407894,0.9839310436907795,-0.9152754383710938,0.908258813836688,0.48471522622877294,0.9603593721077546,0.8608631228758411,-0.9195795591193101,-0.9366423135789138,-0.9702223673758695,-0.723930974622046,-0.8215825196533535,0.9552857808965152,-0.8709670992449249,-0.6231889765911529,-0.6787576631240465,-0.7976951147900545,-0.23176049053425246,0.9691609095647309,0.7418346505848347
-0.9567047916205916,1.0000000005179042,0.9618765580888597,-0.8904865288269855,0.9146336938803048,0.9171770702048537,0.7875957892353839,-0.5724961666361498,-0.9193420674518687,0.8695100037502251,0.8981029959937561,0.9524407915337868,0.9125932894170642,0.9720452306093136,-0.9022234731964397,-0.9656730447310348,0.9816453764765902,0.6409494115333243,-0.628242832598433,-0.8721940128873106,-0.9508101590961658,-0.9319030725194021,-0.9343596222403956,-0.9132874268996243,-0.23802867072654968,-0.8267044604020949,-0.922905144560458,0.9349159381021198,0.8942413776610472,-0.9872752885083855,0.9884842122758725,0.9718902745873681,0.7725612342990335,0.7692511646120612,0.8700969847454146,0.9078495178628045,0.8420624953632945,-0.9783555145950238,-0.9347856348544513,0.9483127321540049,-0.9840466574393458,0.8960137351208365,-0.9899177239822529,-0.7967959241612118,0.6340822405020834,-0.8833428243169211,-0.9858726046582151,-0.9909745960708802,-0.9242864484492181,-0.7708158251345032,-0.9990888978683581,-0.4062431764054065,-0.9110917246357016,-0.9799649956386021,-0.9668570883424664,-0.8903263009797993,-0.9184470900383513,0.9520158443330569,0.9454607997846978,0.9491555525214203,0.9499678561906981,-0.12346040622709369,-0.8881574742800804,0.9922390576754245,0.819942815411116,0.8550603790964613,-0.9870188624591676,0.8954412156718159,-0.9476930047620361,-0.8490108046730725,0.6329424449806459,0.48089869437774374,-0.9742154164956894,-0.6649783193023143,0.9241220967385807,-0.7942819767655017,0.9788641451019848,0.4305111339593979,0.9177365389248172,0.9801169735656835,0.8259721727268537,-0.9467790300642092,-0.9936847303543369,-0.9928442732245061,-0.4845199255785166,0.9177531932046116,0.8285911649534832,0.5633486638823272,0.986158303977773,0.42028291516403515,-0.6491287138002211,-0.30293502385994864,0.5064625290895605,-0.9632384918687822,-0.8743770285802502,-0.8080153570733286,0.9231069887784784,0.9907577638827425,0.8985115390299321,0.9150982459065133,-0.9513246738425036,0.17453174509316838,0.3928660049046243,-0.9494412168572294,-0.9645455175663608,-0.5682002013223321,0.996905692084444,-0.9902312040776424,0.8986693836420997,-0.8985438066395318,-0.5484161295071112,-0.9700703596823054,-0.9533613372485538,0.9900340742923069,0.9938697111180257,0.9130641698508499,0.7717403911833048,0.9185212411926252,-0.9680985689691398,0.9474301657665808,0.7854032042483847,0.7570776175350685,0.8059772740670061,0.32687333061060836,-0.9803731946461318,-0.6742612685060021
-0.913575960654552,0.9618765580888597,1.000000000404575,-0.9172556456874102,0.8149701859016499,0.9493968428702705,0.771517853396624,-0.7619524889646156,-0.9442803081202193,0.8688004668864822,0.9658585750740071,0.988328382609788,0.9541449371293114,0.89102845746103,-0.7822254634762227,-0.9837205530496477,0.9875707074478383,0.7856460447511113,-0.5655267980416226,-0.9633430863012515,-0.9739583902809644,-0.9259713543654662,-0.9336143332998503,-0.9804681678523451,-0.4485669597999133,-0.9291915632696495,-0.9786505419034058,0.9757051098470689,0.9684210077750554,-0.9763532341350492,0.9628459125519871,0.9381714257043976,0.8687269573075402,0.6838222667450157,0.9480634456040518,0.9803403351078096,0.8455022007689451,-0.9098622776636025,-0.8581188835020639,0.9295376316643825,-0.9527755614055393,0.9174695584152917,-0.9319509716723615,-0.8701277094962606,0.776960221328881,-0.9414082765192062,-0.9831998639320303,-0.9467060414001797,-0.9699229497950429,-0.8325035143426003,-0.9587627994859852,-0.6270604125046984,-0.8775131254601789,-0.9652626972393177,-0.9707968279871703,-0.9410485501719059,-0.7781910441625385,0.8563736298915133,0.8624168210478477,0.9853966259358162,0.8742641185404605,-0.1694109707114401,-0.9651651523816621,0.968317097295302,0.6690280377543645,0.952028769619564,-0.972502994665533,0.976860035806889,-0.9246576806043969,-0.943426237693621,0.43100306017083473,0.2551085188759469,-0.9731015193068684,-0.6988448159416163,0.9556655379783425,-0.6856703162628683,0.9379663405117615,0.27279442070778975,0.8494959886424235,0.9729097470645383,0.8170791765363103,-0.8766630802295948,-0.9691433603604908,-0.9555469192351195,-0.6137998899487844,0.9292546398523366,0.7102849484359083,0.7592303385237381,0.9091772145286169,0.6469242256762429,-0.6441115643664257,-0.36699339028074457,0.578290168608934,-0.9638900283152092,-0.9391153128382149,-0.6818758434429036,0.7929186717823185,0.9731438486441575,0.9378561459948757,0.8804274464094203,-0.8986652347594118,0.185391908803462,0.44138790584007315,-0.9804018811326815,-0.9016790743671851,-0.5877743921684991,0.9754013878540007,-0.9632988614838849,0.925829978603857,-0.7504444080772629,-0.7544515333979066,-0.8722344631840705,-0.8811440239700904,0.9813466022600774,0.9317549676978563,0.8990464112246366,0.8692271599168885,0.9612366773351576,-0.8667740471672235,0.98180514539991,0.677098603664682,0.8841097546292792,0.6153760479201505,0.5574252599430992,-0.9778045862434406,-0.4630119675239735
0.8165826437079331,-0.8904865288269855,-0.9172556456874102,0.9999999991516967,-0.7009577046959983,-0.9092382767971003,-0.8118817451903694,0.782690498743916,0.990903832596928,-0.8299502462203938,-0.961995759259421,-0.9503856930292717,-0.9389722873726324,-0.8193165976219565,0.7357119827570333,0.9697770100961844,-0.9412795531951643,-0.8253752501497771,0.5727875904409577,0.9483987758066919,0.9742214436304266,0.852862402201486,0.8719248740013422,0.9486221039194322,0.48998667804650164,0.951434119008895,0.9675554777926609,-0.9775390621161956,-0.9179388935885764,0.8625220991511854,-0.9384319358767039,-0.9231701853878267,-0.8832002008486534,-0.4003975156161935,-0.9546851402815953,-0.9388219789893328,-0.9091328771204047,0.9026863724763986,0.8453555094389902,-0.9635103663012418,0.8553903468537191,-0.937955115074228,0.8947556911423122,0.9775869681895356,-0.7852494230165796,0.9492818744779082,0.9450309952598839,0.9080423163057225,0.9723315470279089,0.8841919480059873,0.9001825572489404,0.6395840818123337,0.8799430092144348,0.9599264788464685,0.9760913876432042,0.9811556115750256,0.7604127092161633,-0.8387687378974223,-0.8110372776094752,-0.9692272691866295,-0.8836768401344336,0.12962378649446077,0.9542486268869991,-0.928490522267298,-0.6171372898240702,-0.9446185867198262,0.9176108957130934,-0.9364865237049306,0.9040496549569209,0.9590506680505353,-0.5388672339300007,-0.20905467840328196,0.9540203389206886,0.7564049493781085,-0.991709655155058,0.43345544604418296,-0.8999766778094443,-0.23210728086369206,-0.9338802698515812,-0.9406638135315798,-0.9165190100064842,0.825319630719594,0.8668379100658914,0.8975374234285407,0.5065565707128802,-0.9944432871498835,-0.5885501059537805,-0.6648845281324786,-0.8470808157428964,-0.6014495403318215,0.7583791465853095,0.5465854074587477,-0.8380177702343183,0.9798936653359788,0.9728380450227253,0.8210637470385223,-0.7212496002233099,-0.9372781782447672,-0.9041932646283941,-0.837487960985756,0.7836416692370729,-0.2870616424376628,-0.43144662648316423,0.9426306462050087,0.8974647873325008,0.7669399525903613,-0.9184620969285812,0.8651072521028657,-0.9472988352628712,0.7087283798956121,0.7070793669209564,0.7942221613766369,0.7641947719570794,-0.9021029716680856,-0.8685759385838208,-0.8763201333229726,-0.9568722686182437,-0.9802102816178553,0.8100140345860092,-0.9719547722958244,-0.5755718510877406,-0.9223728516203921,-0.612442467656462,-0.6012258525516331,0.9234965958131081,0.4489520865598505
-0.9725232387726443,0.9146336938803048,0.8149701859016499,-0.7009577046959983,1.0000000004900387,0.8508420182637004,0.8268930905321785,-0.32517061957571225,-0.7680159327565416,0.8908421847697178,0.7345689166556124,0.7617382011834489,0.8143133197832539,0.8858686885274005,-0.9840998736975559,-0.8068171493620404,0.8653727686152377,0.49262438916066303,-0.8080433952415834,-0.6666541658104053,-0.8132051366564551,-0.7286335984065452,-0.9132297797809589,-0.7513351208687399,-0.1231585592152097,-0.6177558298051671,-0.7578911757802596,0.7737367462046573,0.6569094865706203,-0.8770865192533613,0.897521331931315,0.9193607051716954,0.4555157131817164,0.8277989491538837,0.7115849688631457,0.6911642082802278,0.8066575060394576,-0.8725282776450262,-0.9593819926388937,0.8590695840269286,-0.8586536332638531,0.6458327007287467,-0.8842153383882563,-0.5876174114059767,0.5216328563964244,-0.7613846090241643,-0.8680149097796033,-0.929770951184831,-0.7093235848183802,-0.7042124972068279,-0.9046736331843626,-0.07720492713150069,-0.9129646935190309,-0.8360461971708911,-0.8215136958248355,-0.6530833644945427,-0.923269612472377,0.9155360229899796,0.9819560065822698,0.791979319227277,0.9376126668008907,-0.3568746236695233,-0.6562363031551813,0.9043142772128949,0.9645076350098161,0.6242689674461869,-0.9117051353155778,0.7178023411621283,-0.917303159234348,-0.6260129587467432,0.6237494841393004,0.7502677676493302,-0.8080345752044956,-0.32791757123221554,0.7593425771902546,-0.8972683956767354,0.9389655836535685,0.3284306878436419,0.7840140791288134,0.8179160499933552,0.7802784393304874,-0.812275038188536,-0.8884656099538479,-0.9358154700263963,-0.13790557875733966,0.7662610594554919,0.9820187931380822,0.3748664597707772,0.9572639682020813,0.11693612753802873,-0.6941921331526918,-0.336146847116815,0.28635151177702983,-0.8114974243922399,-0.6260955192121613,-0.7906088224698087,0.979446678094412,0.8908721824003202,0.6468616293739358,0.7144382845518028,-0.825279849358438,0.3662976054604379,0.547510988202069,-0.839995984491444,-0.9377327393800338,-0.5596663433492876,0.8835252615363051,-0.94007999597803,0.8106294794068888,-0.9603010350281624,-0.27689372458641404,-0.9717528559362452,-0.8590524462088064,0.8548864330739482,0.9141540020303139,0.9090099323372408,0.5584809562731894,0.7013097636559944,-0.965870421388965,0.7607992118997889,0.6624150417178949,0.4979963008071998,0.8850939077946763,0.00903108893442212,-0.8962875578688261,-0.857123725195982
-0.9478827383085772,0.9171770702048537,0.9493968428702705,-0.9092382767971003,0.8508420182637004,1.0000000006235399,0.9260776111210121,-0.7667723876334457,-0.9561256969094114,0.9752315016140061,0.9696180589458208,0.9174454610488213,0.9960171205901996,0.7998619609165883,-0.8392773462608439,-0.9466980172664219,0.9665945238839309,0.871314824588826,-0.7777748836222241,-0.9340323927233304,-0.972370817380098,-0.7776193985186084,-0.9900667083971475,-0.9695320004133405,-0.583839222842031,-0.9244123821976581,-0.9659338133280739,0.9648449564442991,0.8685522019722692,-0.9055812617880888,0.95221644415151,0.9642573832867144,0.7335000533185396,0.5793593994481904,0.9683859684212571,0.9094563449607951,0.9566112990465879,-0.8564109153526874,-0.9205576867453585,0.9592501627523201,-0.8529926198152913,0.8007412984471054,-0.868599208973472,-0.8909974008560562,0.8784487441639198,-0.9854726728001595,-0.9550982717996221,-0.942260554923844,-0.9052596331735098,-0.9514524227623523,-0.9098691330944564,-0.5518875059323413,-0.9651018399018036,-0.9226566910430414,-0.9468368201386912,-0.8795561099729432,-0.7541022135987802,0.8267875338438494,0.9089822123297001,0.9643143430282659,0.916422569519376,-0.44371517552789697,-0.901279458101178,0.9530507642860291,0.7503384315051633,0.9005777948118899,-0.9685177650032473,0.9560172067846894,-0.9793099081033229,-0.9161643101762146,0.39730749905409657,0.3650589856019929,-0.906825496329245,-0.49622517305897723,0.9517850457545404,-0.6315738013820084,0.9582444921087964,0.04130777264787005,0.8145273291354607,0.8997891720435811,0.93008948410737,-0.753327044069139,-0.8954375184499869,-0.9481398255912451,-0.3638552193516132,0.9392992993387809,0.7875114465799219,0.7618906259562207,0.8931496920055492,0.5689101459862645,-0.8420791200752331,-0.6166980205991812,0.6490741990707112,-0.9377677368169727,-0.8731002087077087,-0.7413410761615146,0.8016094550265226,0.9535949891424196,0.8029086713927405,0.7256061537293866,-0.763705257214207,0.4840007001795411,0.6887424940998575,-0.990246415519135,-0.9336081075566854,-0.7834378790665912,0.9259205701457821,-0.9464966553614549,0.9880280060346932,-0.7630980203820196,-0.7014853614454569,-0.8546114260943554,-0.7592384340237853,0.9062786134590013,0.8733115485507423,0.9816466201840449,0.8930597454569772,0.9029885713622877,-0.8548109854071706,0.9330685655543531,0.4783219868879657,0.8557389637048833,0.6191966571039869,0.5039115845092561,-0.9772221013802044,-0.5377182008497999
-0.8895861447895907,0.7875957892353839,0.771517853396624,-0.8118817451903694,0.8268930905321785,0.9260776111210121,0.9999999997418322,-0.6070777671309794,-0.868499097715047,0.9741627814854719,0.8429640098646112,0.7321615968773786,0.9142343857807964,0.6566132802191659,-0.8600780734819357,-0.8043076882515457,0.8388402798280068,0.8035958259030588,-0.9366631759841684,-0.7652136843764931,-0.8625362830047894,-0.5451713990009688,-0.9355584087637462,-0.8240840483494748,-0.5631485622358039,-0.7810886862353318,-0.8269033883322813,0.8384471046884249,0.6389316278864665,-0.7331350113496519,0.854194837347657,0.9062939540658504,0.4846696860171616,0.4104454626799573,0.8539925420704869,0.707142826746987,0.9768341908761703,-0.7520313788375607,-0.9228723746045951,0.906523954338851,-0.6679405580888335,0.599726974298364,-0.7417553744103951,-0.8064431050453557,0.8212782320486397,-0.9032172580737895,-0.8253086002671214,-0.8584959362099404,-0.729749119729204,-0.9510693268818415,-0.7798297695331048,-0.32093207683647557,-0.9702962624364648,-0.7958681500043242,-0.8271185099777597,-0.7149934871593175,-0.7183985327120134,0.7519658752138902,0.8939364980672808,0.8268264519630457,0.9037290002691931,-0.6343278897165453,-0.7107356102800557,0.8468830643697286,0.8184357827440091,0.7098850952095512,-0.8642957365476914,0.7944528757306079,-0.9426069004336922,-0.7552970598439207,0.4508951964169383,0.5410464730798658,-0.7475565136906691,-0.24224614245063117,0.8432956852887911,-0.5244354249627824,0.8955737000701521,-0.12149339633423735,0.7462078153926891,0.7366161806796659,0.9690510374372764,-0.5808736948612149,-0.7276653492943633,-0.8531233877711647,-0.003023933437190606,0.8609469917271484,0.8196909648096145,0.5802045913586014,0.8152534921496438,0.3205609545406349,-0.9725505681637754,-0.7988776952426888,0.6659032823205571,-0.8210539294776416,-0.6969001557850552,-0.8129906892512787,0.7805672721505487,0.8408540982259552,0.5663535270111466,0.5116084479336999,-0.5612670789830162,0.7382560084510831,0.832636402344435,-0.8787430103750964,-0.9005205526103246,-0.9167636636765161,0.7854028837823324,-0.8302943181093542,0.9409991475644063,-0.7630998348047857,-0.4714567902274557,-0.7852146280989349,-0.5785151528746043,0.7329775158204339,0.7468439363192391,0.9657180674218069,0.796280448491255,0.7392226018623375,-0.7961175849563935,0.7745404473899536,0.2703064598027459,0.6899823223556638,0.6522267238305913,0.2941624988911738,-0.8708570040147867,-0.658905923668317
0.5348558725929018,-0.5724961666361498,-0.7619524889646156,0.782690498743916,-0.32517061957571225,-0.7667723876334457,-0.6070777671309794,0.9999999998420387,0.784951169699346,-0.6514678135064306,-0.8650802278540203,-0.7676505377396999,-0.8029818631354891,-0.4088894264193929,0.3018367490874252,0.7484736824271326,-0.7119309398338558,-0.9518460047059535,0.346317427669849,0.8986081752971141,0.7722921857380719,0.5847594773803823,0.6718871404015452,0.8544289747463288,0.8672607702005594,0.9267225954765923,0.8371023377278141,-0.8109163373751035,-0.8219409590488241,0.6142096556857317,-0.6377369975630351,-0.6180351220894383,-0.8241490374951725,-0.12218398893113878,-0.8846362412503576,-0.8419454913536709,-0.7015303542739134,0.5019228650178957,0.4746934692770504,-0.6735811152170101,0.5489110888539851,-0.7019329572446847,0.5202185173921242,0.875763319730771,-0.929059113073063,0.8444239736209183,0.6897111380650518,0.5789761194420766,0.8006582768730335,0.8192855216619174,0.5707273601780786,0.9428996435928552,0.602702706692459,0.6664762219375527,0.7220715207131715,0.8142868144380655,0.24388346860810162,-0.393673099203215,-0.4376880500877905,-0.794340621576193,-0.49616343725967776,0.28640989851859805,0.8613928105258727,-0.6354549558976944,-0.15447732351774454,-0.898030827272279,0.6541265176681346,-0.876310063421897,0.6388189005998731,0.9095294365259895,0.06920170369749298,0.30162409078143604,0.6850626731197152,0.5619312123416006,-0.7961534270296953,0.10655169275340987,-0.5881826126439973,0.24704142983833752,-0.5127729544730913,-0.6634925528715669,-0.676219177043028,0.4231570031625171,0.5815912578203268,0.5879920712073531,0.6052603231440693,-0.7533117637586292,-0.21674444377367566,-0.9501081133812372,-0.4620666847763562,-0.9370057784453972,0.5905102172828555,0.5931998998902812,-0.7592515715142915,0.7158995955544185,0.8391311220444932,0.3233995290585776,-0.25906388495077715,-0.6540220520143412,-0.721370220987052,-0.502453844505927,0.4411805477811338,-0.3101250437531784,-0.5020592150236566,0.7758265474690977,0.53408549804162,0.6393159980458696,-0.6263804109845843,0.5910625261527288,-0.7778469911451121,0.20513669423023642,0.9743444540760116,0.3774077913900421,0.38685352586536226,-0.6392017801201166,-0.49598343124621136,-0.6456121578250975,-0.9189797618150543,-0.800205240506262,0.37910054750183253,-0.7834758818920956,-0.1395428809353614,-0.953167874603803,-0.029443549292430968,-0.9308393703833721,0.6873855121310802,-0.11025647154473149
0.8779491924905583,-0.9193420674518687,-0.9442803081202193,0.990903832596928,-0.7680159327565416,-0.9561256969094114,-0.868499097715047,0.784951169699346,0.9999999992031164,-0.8946486669446968,-0.9816149760434218,-0.9574089555372091,-0.9753897139949393,-0.8332387697554317,0.7906519702443274,0.9815927310252233,-0.9690806286969458,-0.8506535012215666,0.6547244706974872,0.9590857036530108,0.9932848919850321,0.8457979993565633,0.9287406869208737,0.9721419492912858,0.5213078348995523,0.957624995913264,0.9841636513664115,-0.9922231535248369,-0.9166716819653085,0.8953610469833773,-0.9637466256935134,-0.9575987291911587,-0.8482720592641236,-0.468781068134366,-0.9752796845618648,-0.945144837676207,-0.9436549713047443,0.9108714928834648,0.8911812083635606,-0.9835595012070053,0.8731539027299016,-0.9117886810389522,0.9079169738903541,0.9678012374387782,-0.8252196212401937,0.9786095322176822,0.9674916527381691,0.9405867914796363,0.9685912312300833,0.9223858567681801,0.9236881964400389,0.6144512360317486,0.9282676370446147,0.9692625064583728,0.9867981798346198,0.9669590299779767,0.7806806573678116,-0.8540862151975527,-0.8638577659965122,-0.9862237421590023,-0.9170086424949982,0.23131880343440236,0.9537086750444442,-0.9568855053103955,-0.6811755485686934,-0.9441633951600762,0.9536480787288231,-0.9587766817798141,0.9492532139642962,0.9609340553877671,-0.5199822690845612,-0.27785746265204325,0.9581200513452985,0.6855902464337025,-0.9982212666614918,0.5109528996177003,-0.9401470567623419,-0.18075784981956086,-0.9185801616336471,-0.9474515491885932,-0.9420503411290558,0.8213486043289298,0.8947610862484588,0.9341797170115694,0.4630749585958544,-0.9975803036761626,-0.6711329414253892,-0.7017289403617932,-0.8839013583302825,-0.5927800742729221,0.8031330514867325,0.5798924729575267,-0.7938083816443495,0.9870996567661553,0.958315018428281,0.8213910358333313,-0.7690190849788885,-0.9628786986069464,-0.8879543096264007,-0.8199948867320053,0.7953711015105285,-0.35794309239584493,-0.5211165989065358,0.9762059642049544,0.9313657236840139,0.7890811781773532,-0.9409532837972855,0.9101755008563572,-0.980017462986399,0.7486009250736102,0.7092907006506889,0.8349564324063892,0.7811088152412491,-0.9224426177880645,-0.8905740598895318,-0.9295797255666809,-0.9528374998598115,-0.9740993155827798,0.8462482955586936,-0.9783938788638784,-0.5597834661393771,-0.9152441805622841,-0.6370938321014953,-0.5691636222385552,0.96054045915173,0.4994695156601039
-0.9560426366224964,0.8695100037502251,0.8688004668864822,-0.8299502462203938,0.8908421847697178,0.9752315016140061,0.9741627814854719,-0.6514678135064306,-0.8946486669446968,0.9999999998685569,0.8954383565312977,0.8176894982641741,0.9572731351668574,0.7457897598437352,-0.8878328811234831,-0.8692879725391242,0.909189489307064,0.8162094178933573,-0.8958408568235361,-0.8337234569795632,-0.9112764321778433,-0.6589558383378117,-0.9864771388943359,-0.8916291207260267,-0.548922676867354,-0.8286721559753385,-0.887888597669332,0.8910395080905081,0.7404308838697848,-0.8390019469299557,0.9104795249861062,0.9466289552097591,0.5684107782499649,0.5712706928331155,0.8990344282534123,0.7963658022674495,0.9640487683169519,-0.805255127870143,-0.9449235768901268,0.9288550134349046,-0.776068784772949,0.6721395682259705,-0.812565835704481,-0.8077736795471242,0.8397537946760433,-0.9376550512205227,-0.8960314768274884,-0.9148491113814178,-0.7983969931916857,-0.943296814389391,-0.8583907997219581,-0.3857218255811129,-0.9830779205774636,-0.8537274666040212,-0.8795764579776496,-0.7664199848248431,-0.7579612140675682,0.8072009381625802,0.9336832395422419,0.8893699688181048,0.9231380281453423,-0.5858650279747631,-0.78509095213793,0.910649895258775,0.8319421425229975,0.7847570363816825,-0.9318349141518641,0.8684500120278598,-0.9757150022601982,-0.8107601601052331,0.41036858486041156,0.512094094990694,-0.8215565258215796,-0.3168397221989577,0.880244583194062,-0.6554905313762577,0.9442682864012466,-0.038143985464793924,0.7599723765580413,0.8150878626786574,0.9374344095420403,-0.6731868319549452,-0.8311686793304373,-0.919851342878641,-0.15575469617045912,0.8793052803205013,0.8654743662685656,0.6645783560804763,0.8781433081707462,0.4090446877994511,-0.9039810046653715,-0.6834481023322573,0.5809535356451507,-0.8686045177252517,-0.753177759200569,-0.7619342443074244,0.82993867954592,0.9051960377737142,0.6659807715596069,0.6108084073224266,-0.6806524849284389,0.6250914024517641,0.7940477478494659,-0.9400089185587611,-0.9305697371189319,-0.8247561121472885,0.8654079667996986,-0.9161191432784802,0.9609357872102864,-0.7972979836552616,-0.5597283650299663,-0.8521602860082356,-0.6929158970484252,0.8297449773082055,0.8272183032187668,0.9930287191779974,0.8059620463804683,0.7979901127444258,-0.8532361003196297,0.8414304472971308,0.38902058985670246,0.7351002704457812,0.6644041053042996,0.3456491059452139,-0.937170276712603,-0.641812732099944
-0.8676905598567717,0.8981029959937561,0.9658585750740071,-0.961995759259421,0.7345689166556124,0.9696180589458208,0.8429640098646112,-0.8650802278540203,-0.9816149760434218,0.8954383565312977,1.0000000000648999,0.9634756622984559,0.9858457092908732,0.7874939878846796,-0.7285870942034259,-0.9733650292463312,0.965014891717701,0.9059960568725657,-0.6216706447219855,-0.9910731239503382,-0.9861569641672417,-0.8361469639456612,-0.931778444359073,-0.9972548114874096,-0.6213496091538829,-0.9869067574432159,-0.9968160328034957,0.9933907319946514,0.9453252643780847,-0.8993872737636113,0.9374581013005284,0.9271094534364884,0.8692078592080577,0.48652653275307295,0.9973514605626949,0.9719963923635595,0.9170131867622505,-0.8550990071654055,-0.8410303105865533,0.9469524624213806,-0.8597824347754012,0.891290091605726,-0.8654093696913493,-0.9593509679851234,0.8901483982062232,-0.9914840351710361,-0.9558629012727877,-0.9093813897948683,-0.9687146362443668,-0.9312641702795357,-0.8972303952072976,-0.7113482625980426,-0.8979724223007459,-0.9411680988297976,-0.9664490997449496,-0.9595528183510537,-0.6939912722805314,0.7886881800004126,0.8206641833276492,0.9894013911581802,0.859264186313642,-0.28188478090365493,-0.9747847744194379,0.9356542722931348,0.6081326775336061,0.9755655355704772,-0.942509161500301,0.9934842295074665,-0.9283760125039494,-0.9861974581490723,0.3707126797437863,0.17370448962639165,-0.9394075567397644,-0.6594216676682605,0.9851293136062961,-0.5105134392961921,0.9123470506141561,0.08786103789012073,0.8380615168570507,0.9290903090312008,0.899150455643713,-0.7734810558850791,-0.8878437521852118,-0.9119309370478095,-0.5351902089414573,0.9666799626640232,0.6350149456340551,0.819530258902973,0.842222845815684,0.7093540215453359,-0.7668312678227831,-0.5700705402768323,0.7487231536696178,-0.9619061960220814,-0.9600128545701161,-0.703645534831218,0.7056801253517465,0.9434643148551306,0.8914629611882813,0.7866200707161357,-0.7746512161525434,0.3495009726225482,0.5570793851814089,-0.9850471367461652,-0.8832677046303467,-0.7476440636132675,0.9237327307759096,-0.9045464038621257,0.9739461998226525,-0.6678966845282162,-0.8146863401127262,-0.7873729544213126,-0.7516724336559351,0.9168841324936373,0.8537123617802672,0.9163165855448017,0.9633623121037758,0.9684639675467729,-0.7909797758678249,0.9770486837682876,0.5054784608473845,0.952518791829388,0.524349579880904,0.6642151313894257,-0.9558342851093105,-0.38698865238408736
-0.8670097517380112,0.9524407915337868,0.988328382609788,-0.9503856930292717,0.7617382011834489,0.9174454610488213,0.7321615968773786,-0.7676505377396999,-0.9574089555372091,0.8176894982641741,0.9634756622984559,1.000000000688558,0.9342956050497385,0.8978842843842656,-0.7460276073601989,-0.9921799996685905,0.9787678061339613,0.769783099407546,-0.4937475669896987,-0.9685292602854615,-0.9750776404684559,-0.9523300673793758,-0.8919354375064162,-0.9731697738450923,-0.415556981465933,-0.9390986771540586,-0.9794324965076253,0.9806101204173182,0.985645390157881,-0.9608101924623867,0.958327039902644,0.9241222833533613,0.9218180874371436,0.6187817480656089,0.9435460965487932,0.9906438021540621,0.82968714089917,-0.926860132830084,-0.8321079660524422,0.9318513094927429,-0.9533129725937559,0.9664102305622793,-0.9415058119494844,-0.9019120178840773,0.7441902407533655,-0.9290765915874921,-0.979763985576291,-0.9349417627474198,-0.9939541681612932,-0.8095261682193658,-0.9554150007197316,-0.6579147405082497,-0.8480770511785262,-0.9789498669066922,-0.9816236646297299,-0.9776160155603738,-0.7809747887028772,0.8608064214137391,0.828100735063963,0.9874038700176679,0.8634672662243619,-0.05818301445482211,-0.9840910043124781,0.959860774611815,0.6224055529110166,0.9675985042315254,-0.9545880558903695,0.9699608737289577,-0.8985400475581689,-0.9589369059245304,0.4831570137590772,0.20071772380429045,-0.9900191118264784,-0.7912801772695041,0.9704500984654729,-0.6142924486387591,0.9177267556350935,0.34011270530843196,0.8929174694730249,0.9875766195233804,0.8136597590895223,-0.9021308917237528,-0.9587180255738338,-0.9377665028994294,-0.6631142481233818,0.9497322190220687,0.6397871981400075,0.7242477434298291,0.8931259703945181,0.6578221721454822,-0.6159687489054786,-0.3439240997490301,0.647413111459334,-0.9793935500515022,-0.9749311640109151,-0.7120599377570885,0.7647593714445146,0.9676133621963179,0.9736447648125148,0.9200405440963124,-0.9052924196444945,0.116936526382988,0.3505809895588512,-0.963701575451342,-0.8895362636565527,-0.583780267122613,0.9728385679887123,-0.9342786086606766,0.9121241712956729,-0.7317058993655872,-0.7558187020581216,-0.8509725446010005,-0.8824889767083999,0.9797242854077297,0.9301278904315801,0.8621963466239387,0.8927551960282177,0.9890478513505537,-0.8511920747497103,0.9958844660369215,0.711055379179546,0.9081757713166448,0.6138006348619842,0.5915862696348749,-0.9589310836638975,-0.4325740720021624
-0.9241004243755803,0.9125932894170642,0.9541449371293114,-0.9389722873726324,0.8143133197832539,0.9960171205901996,0.9142343857807964,-0.8029818631354891,-0.9753897139949393,0.9572731351668574,0.9858457092908732,0.9342956050497385,1.0000000000258495,0.7959107016244125,-0.8104852293019471,-0.9605327454586,0.9698113295519674,0.8920839305154755,-0.7408640758678007,-0.9564300795238136,-0.9842195627916381,-0.7934679374891368,-0.9762059966492151,-0.9824656839582478,-0.603635703407219,-0.9516553528879752,-0.9814155889597153,0.980946073727807,0.8925187179695676,-0.9009291832521903,0.9534353327166409,0.9601679220326462,0.7789346836602785,0.5318001273013413,0.9851002487292855,0.9307017726643173,0.9589804394836978,-0.8622672495680459,-0.9042857493840943,0.9665675230212526,-0.8526846868279511,0.8343523920064961,-0.8711649486001104,-0.9274837822824042,0.890044163452032,-0.996083551975006,-0.9593694468380145,-0.9370663508104158,-0.9306161980067209,-0.9584778026737631,-0.9081354835394424,-0.6029512565702895,-0.9543134025181628,-0.9348527419242254,-0.9603950681507353,-0.9129237986840827,-0.7411663894762435,0.8201514450632806,0.8866783335454704,0.9777523868412968,0.9084926586600978,-0.3984125205357818,-0.928450271052418,0.9521321936693086,0.7115374881133315,0.9281534321339114,-0.9639415792571784,0.9708903993287828,-0.9711591738686655,-0.9448977005970218,0.4034496262716988,0.3102224819408687,-0.921354739227955,-0.5510076310979486,0.9721420854886584,-0.5795103963154048,0.9496440633162282,0.050025218355008234,0.8351158534995644,0.9122886869759428,0.938135061893221,-0.75986213413598,-0.891071024040737,-0.94019411724177,-0.40517536712463303,0.9605596726894456,0.7398304551763136,0.7765503770292045,0.8803279115213971,0.6095238561812117,-0.8383559911187078,-0.6254435432765899,0.7064146587256763,-0.9535718166615345,-0.9078079162697372,-0.7494762739295812,0.7743942001385091,0.9550909184165758,0.8311458831902996,0.7444334950556035,-0.7622185495379648,0.4597555857272654,0.6565808025627924,-0.9934239146953736,-0.9264979188136635,-0.7962365412187916,0.9275067235823028,-0.9332723247532092,0.9942606519577185,-0.7383872751459784,-0.7350473605355032,-0.8352685569352784,-0.7522462361147995,0.9093008826983184,0.8687815002242087,0.9691665824773916,0.9284042160860098,0.9305130414979649,-0.8383315281867527,0.9521778496619834,0.4799233097923106,0.8938576762286027,0.5968092895935618,0.5570689545328259,-0.9742302937901806,-0.49836759417303456
-0.8898246811457092,0.9720452306093136,0.89102845746103,-0.8193165976219565,0.8858686885274005,0.7998619609165883,0.6566132802191659,-0.4088894264193929,-0.8332387697554317,0.7457897598437352,0.7874939878846796,0.8978842843842656,0.7959107016244125,0.9999999998369271,-0.8790303940122374,-0.9043405168950968,0.9149945199986828,0.4583902927733521,-0.5066320655797965,-0.7664214162040396,-0.8680503364590549,-0.9459105273392763,-0.8315559872823346,-0.8080619681422694,-0.013870592897715571,-0.7062823256654454,-0.827923731909713,0.8473631454783469,0.8350149447850349,-0.9527258915379567,0.937988393461568,0.908019250735924,0.7314309160872162,0.807266223863773,0.7473240098498233,0.8325125709065647,0.7231396677036355,-0.979089447419435,-0.8814797071553588,0.8781362999996396,-0.9820549444900394,0.8842484666650553,-0.987661187499338,-0.6874705912601944,0.4417704098472249,-0.7583791222391268,-0.9305529907454378,-0.9470889718217805,-0.8647646417773603,-0.6134171683928766,-0.9761913295432433,-0.2770435352219138,-0.8182103128634186,-0.9410037293973896,-0.9086954796296977,-0.8298448308260635,-0.954844944787615,0.9650702337795241,0.9010423576070872,0.8681168724007854,0.9069497321137553,0.06740773971639931,-0.808735877402503,0.9419052723890305,0.8078454361081168,0.7615939676716168,-0.9240287268155433,0.7868576440878643,-0.8615130440256343,-0.743460130436397,0.7333742691351725,0.5217159034913843,-0.9410486922356599,-0.7126050680672259,0.8423161271901645,-0.8182636790371726,0.9198910139247847,0.6278575269084493,0.9205885843637953,0.9520301249164623,0.7157021251021595,-0.9896608183936186,-0.9716455444432516,-0.945603731246549,-0.4984442608013901,0.8429726022851417,0.7927299873239417,0.38695647020903745,0.9678089241780005,0.2838755800997618,-0.5036407705358644,-0.11359193902974628,0.40083787732711845,-0.9087171421223721,-0.8081801846894939,-0.8041994438443754,0.9291827308153654,0.939161813193591,0.8810580973874731,0.9539860569908649,-0.9830505352405219,-0.00342353534845277,0.1978725817205367,-0.8533269025090343,-0.9171471908983372,-0.4188993448451182,0.9621585204047624,-0.9391548326014033,0.7826929016380819,-0.918190703488259,-0.4039870738352534,-0.9669370983599918,-0.990509653150324,0.9600600579715868,0.9906819685795487,0.8092800044692037,0.6456019965274912,0.8580007410636398,-0.9658314930338892,0.8828446932439111,0.9021207945419764,0.6378406108148728,0.8670896804540371,0.19222335409450236,-0.9074275179263757,-0.7152327583226594
0.9534254218169224,-0.9022234731964397,-0.7822254634762227,0.7357119827570333,-0.9840998736975559,-0.8392773462608439,-0.8600780734819357,0.3018367490874252,0.7906519702443274,-0.8878328811234831,-0.7285870942034259,-0.7460276073601989,-0.8104852293019471,-0.8790303940122374,1.0000000001911566,0.8053158623870876,-0.8551923148681642,-0.4881542555143844,0.8360505220870385,0.6500622732609216,0.817886901135686,0.704576564429268,0.90067475846887,0.7343540200378416,0.10568112529115156,0.613481733291094,0.7500773523127654,-0.775023925600834,-0.6269300336950906,0.8434079529368802,-0.9017404287525075,-0.9300161729979464,-0.4445398771562251,-0.7378217071154458,-0.7072912707611966,-0.6668575897391473,-0.8414305372491281,0.8917083278082127,0.9798564369192743,-0.8854819169035528,0.8322827432433443,-0.6532234688859992,0.8884558767086832,0.6238116271804098,-0.506322801319885,0.763241108852718,0.8609461105190034,0.9330018941741097,0.7073550777343093,0.7237661900792275,0.89713470499976,0.041283009794597904,0.9324002748687892,0.8452680635753794,0.8305396646288437,0.66538689181549,0.9505937759467951,-0.9302623882481369,-0.9887745980959213,-0.7867658538252875,-0.9665553479180228,0.3418541113965238,0.6437095706814384,-0.9020916823239601,-0.9851778620390513,-0.6066722956394193,0.901957416533818,-0.6946318680625431,0.9254507253008251,0.6207515129720708,-0.7175810199222415,-0.7891904992047749,0.8066687405500469,0.3414383791107911,-0.7752811835736808,0.8270996322670245,-0.9427339718545363,-0.3370012250214948,-0.8369547237531176,-0.8136071312287328,-0.8328300661855754,0.8090039475546037,0.8601696318154863,0.9292894376860154,0.06634031583101067,-0.7982898659112029,-0.9690757201117428,-0.30802694341046805,-0.9578105458585059,-0.057554783278103844,0.7526770554848975,0.4055469269595115,-0.3816994310881272,0.8257808514647922,0.6328680958110844,0.8811626986432779,-0.9867594767783568,-0.8887660231520459,-0.629611676325368,-0.7075575249372897,0.7951935553238657,-0.4160113255082036,-0.5450815841856212,0.8284280164842691,0.9585435274805907,0.637302455511089,-0.873292507391812,0.9155025123094545,-0.8250529017840543,0.9821446914047149,0.22104259762036424,0.9691517716611221,0.8321315801241455,-0.8326986505740593,-0.9082872764801532,-0.9141178846680087,-0.5823565792632308,-0.7072731532315201,0.9721948279947101,-0.757921187093863,-0.6434179479345585,-0.4957200095404305,-0.9289420990141117,0.021074698461711526,0.8853660289723376,0.9045864542285237
0.902868230144374,-0.9656730447310348,-0.9837205530496477,0.9697770100961844,-0.8068171493620404,-0.9466980172664219,-0.8043076882515457,0.7484736824271326,0.9815927310252233,-0.8692879725391242,-0.9733650292463312,-0.9921799996685905,-0.9605327454586,-0.9043405168950968,0.8053158623870876,1.000000000052448,-0.99204761025217,-0.7869697086347287,0.5868155350849338,0.9625152708454098,0.9933060910803372,0.9258260145334121,0.9282036704764155,0.9772166115495188,0.4256826292913427,0.9397968672391654,0.9868155128512839,-0.9923657688866637,-0.9594831264464856,0.957627771904278,-0.9824276723453237,-0.961248249033579,-0.8816900696739276,-0.6035377055762537,-0.9566918967166984,-0.9745253151937693,-0.8879339059499827,0.946512277242564,0.8878624580004612,-0.9698321226744305,0.94630557355918,-0.9495699930607658,0.9546366919941806,0.9205545047089961,-0.7643581536130157,0.9535877936121361,0.9933168276128179,0.9635358052196985,0.9880731653516698,0.8564910084202928,0.9686175296490223,0.6034282267609183,0.9036855756378483,0.9919927396503455,0.997413692358059,0.9731905400798304,0.821464048612058,-0.8925768306592446,-0.8779030624355334,-0.9961018358367062,-0.9144761171894212,0.13467249428944755,0.9706290021680425,-0.9813209465584191,-0.6925734876556815,-0.9539945949733303,0.9766871663534807,-0.9672225944888138,0.9413555558448509,0.954274030509747,-0.5321183737103091,-0.2854984624876751,0.9924356386335857,0.7424563322906432,-0.9880995101431255,0.6213743931599556,-0.9530213033958831,-0.3069016243904497,-0.922815137188744,-0.9881765149387074,-0.8764800043832761,0.8974125242512182,0.9583492267646314,0.9630635252302783,0.5666677974144491,-0.9770980758243294,-0.6983111830505098,-0.6952876413017055,-0.9226751187441645,-0.5979966650064747,0.7009267040723275,0.4273918939217681,-0.6842096854464315,0.9956480293197014,0.9656656615890271,0.7824235196853689,-0.8098894616239156,-0.986778114673136,-0.9443576281460825,-0.8984570867038243,0.8895114610582974,-0.2175337170618435,-0.4267351711579458,0.9815779712842205,0.934468643035406,0.6655768063595601,-0.9822892714896112,0.9521167484318922,-0.9492415892165532,0.782825896362851,0.7108788652113603,0.8827025110398239,0.8744184124589597,-0.9772575415026903,-0.9441576344249006,-0.9111012479552167,-0.9058366418219418,-0.9864954024976792,0.8866538462095005,-0.9967005004696935,-0.6831540388363457,-0.8959776146958233,-0.6704840346506119,-0.5426344734776716,0.9795623529552678,0.510710428012963
