0.9999999985639899,-0.42456272702186393,0.4313332814870509,-0.9291801263995789,-0.9856843160588394,-0.8653457074694308,0.7834393833545524,-0.15277089092142943,-0.7754815525536239,-0.7688399450120922,-0.8871271594266799,0.7902105449296986,0.06584529861295005,-0.8004081275373239,-0.9075058327327524,-0.767915376504576,-0.7888082556979981,-0.8520696828535553,0.3579315218396667,0.8764108097541592,-0.5857873882572261,-0.5901396647868559,0.7336159498152746,0.7908968954451738,0.8494420662551655,-0.8774741360577584,-0.8376121246051527,0.5248211450730884,0.8389427826154835,-0.828597986884467,0.516804507912016,-0.6875805148177834,-0.6231929946990071,-0.5289398112590004,-0.6609722262763311,-0.44096057204115213,-0.1429044301154346,-0.9085625108405986,-0.7754321132271741,0.8075403461126894,-0.8061567627116984,0.8441749487106628,0.5992668516536206,0.8406032658204389,0.6854607382303972,0.6352558823428256,0.5602174881063933,0.4001319881611348,0.9190423502398788,0.8399886560415036,-0.7687757984785628,0.8264685047216331,-0.7324207353325487,-0.8613076894513659,-0.6998768194088988,-0.859216896723423,0.7285175495511149,0.539281315915766,-0.3236173584543439,-0.6484378749856878,-0.760996835207549,0.4943354890474186,-0.7968140678542938,-0.7446581927059743,0.9508750194799926,0.7589923454147233,0.6615867819153567,0.8549674505200142,-0.4998579628022758,0.14169926150083995,0.9041768732418245,0.9290247753583942,0.34108733406756664,-0.24866315376628376,-0.13179380991735304,0.9687609050142602,0.47911064575732504,0.807848756765078,0.6900046534137675,0.6449773833816301,0.7393232057376542,0.9102782925022518,0.7729689206884951,0.8582433949449374,-0.7783494620932808,0.3808308537719338,-0.8795106866499927,-0.874986077403004,-0.9428005991177445,0.6110785552913174,0.9075975896964108,0.9076221247069884,-0.2408365388066653,0.7747215850203021,-0.6674535934222816,-0.8303121751480962,-0.4333622545172996,-0.6600178231297085,-0.8466699458406968,-0.6408319374167517,-0.7970438608987964,0.4127146871824944,0.32994943076568406,-0.5127789498695992,-0.42637289150579055,-0.42701544984579776,0.8823156130759147,0.2938814401283022,0.8679888519260045,-0.47103431504941295,0.8226366360483373,-0.474020201982538,-0.7399178111640724,-0.8182664910673699,-0.865660375039002,-0.5789412684037045,0.7432701432404234,0.7839672047049954,0.7412262452611041,-0.594826854032578,-0.8780675817471572,0.6883487237240189,0.6813290775928261,0.7404210988693268,-0.7697100004149445,0.4522432227661647
-0.42456272702186393,0.9999999993846991,-0.8756375784341065,0.2747741473212421,0.326180690913459,0.7863846775590895,-0.5574927735468936,-0.7645969990097932,0.9002787468904886,-0.08277645762661925,0.7944461897643256,-0.7015168879670299,-0.7707237928460968,0.6657425494746154,0.749999578743113,0.4342465282609448,0.8387512115129705,0.3083408486447986,-0.9213234732126995,-0.712918387414341,0.8629079619458632,-0.025467444575931867,-0.8679674904892353,-0.8884019446025402,-0.7943637395824666,0.3654845140538697,0.6240270482622166,-0.9798227557122569,-0.8197631999102606,0.8306406177958838,-0.949306358730355,0.9051546937162233,0.9541362606649588,0.9734683186997375,0.8924576196308861,0.8618471126240131,0.9283538251976018,0.6243480896340818,0.8670283777248059,-0.8736548924832943,0.8512855778910313,-0.8198724912435346,0.4374946921081095,-0.8115065291936299,-0.9288366127095297,-0.9095560187421002,-0.9832750669430927,0.18260612251210126,-0.7024721271822807,-0.7468259715587575,0.5931300981617733,-0.6587487605065421,0.917657137880138,0.8057120210598285,0.9077811703867541,0.6859620221717743,-0.8797009286304268,-0.9691723712783353,-0.5955365798317013,0.9362622468593153,0.8799497574155227,-0.9500325905730675,0.8011788225696602,0.900750387696112,-0.5062748644303074,-0.8861437374664286,-0.8993629330125401,-0.46408435175493434,0.9896950332618688,0.6262537286793882,-0.6712479637914371,-0.48749727356297107,-0.99402467369893,-0.659651815700862,0.7787256892621072,-0.212764900525992,-0.9469678833049895,-0.8408112715682108,-0.9161944989762222,-0.9508868193212136,-0.8957543110562904,-0.7107874934947322,-0.6296397341583864,-0.7196048094180194,0.7975439456711273,-0.9608765886560315,0.7768676552595717,0.7731903654807196,0.6104972820950738,-0.7041035800434015,-0.7166659344224249,-0.5518212771642483,0.9119458083936312,-0.8569764910729132,0.9049805673635949,0.7086195232573489,0.9940025929021822,0.9144551730089452,0.7878322397497111,-0.0688077193151398,0.4459480016773778,-0.4033297418973902,-0.989431774393951,0.9776547908136065,0.9836926780997294,0.996595997734326,-0.7954182445816878,0.7141918355533675,-0.7306346069781691,0.9023866005773419,-0.8499530866119392,0.8149501906759371,0.9061742210674347,0.8543595002771847,0.7438921824187744,0.917060349286076,-0.8800904747771178,-0.7964500301773169,-0.8629219530678431,0.8785514779394217,0.7663313756728307,-0.9034621685472641,-0.8858651522509178,-0.8595368532795122,0.7755380704293,-0.3553429704892884
0.4313332814870509,-0.8756375784341065,0.9999999962581022,-0.38976812892061996,-0.4105610194662187,-0.8191727684147495,0.5377798013499134,0.8121461574587681,-0.8227915610495391,0.009704345444787552,-0.7359458869257406,0.8499349027748523,0.9251985880336642,-0.8419914411194852,-0.7431168442725016,-0.4750638370902711,-0.8749268631412156,-0.5252295559158979,0.9528725295381182,0.8096308475205553,-0.9753031967125929,-0.3376559560831049,0.9118590163092106,0.8281638581804022,0.8293715237697379,-0.5926903804715146,-0.7955075643075055,0.9280537498831066,0.8406239388665474,-0.8470829444356776,0.7059508734421116,-0.934260385876859,-0.9321043857991007,-0.8885445311517619,-0.9484670965643237,-0.9979402263430103,-0.8978793569561854,-0.6394921311974074,-0.8895761159937825,0.7673165182311483,-0.8564832877815808,0.82096128876175,-0.2673919748083432,0.843468358169056,0.9156601866925057,0.8743761472564726,0.8927202948763338,0.1918789850911225,0.7119003395164012,0.8313723666604286,-0.7833090252148632,0.8312388562799929,-0.8826616674952915,-0.7816897652665271,-0.9176311074213108,-0.8005011954939102,0.9235574992858059,0.8921643554707839,0.25981525495138746,-0.9410658235449956,-0.8891865943925116,0.9536007664580151,-0.8877628330661594,-0.8913340215027098,0.6224617417169116,0.7344603216272223,0.9558317172158053,0.6557990509920317,-0.9231660059866356,-0.7247474988443431,0.7694012562706967,0.6411178309726561,0.8938584365045922,0.7608135176268491,-0.924917969083752,0.23439726069120917,0.9816045176403125,0.8550198024927438,0.8816482996913598,0.9039978046027871,0.902345771046155,0.7605075289732393,0.8137819714627891,0.8227808693478518,-0.6327974201954891,0.9707014852763616,-0.79575689260599,-0.7920858023036528,-0.6984100933751325,0.9186331375989397,0.6983259736407016,0.7121572849468634,-0.8076806796325692,0.8729869354185581,-0.9501554750059888,-0.8233365037170566,-0.8369570053502383,-0.9466868434832179,-0.8042630189899894,-0.17669295030688084,-0.6601626599917889,0.6969642150583845,0.8457073573908216,-0.9481149204582914,-0.7764089946348206,-0.9049449535178768,0.7301568129074475,-0.6181911289373253,0.8137261774166044,-0.7741959219703821,0.7530253248066311,-0.947572790235388,-0.8941819347570952,-0.840360919868353,-0.823506628470054,-0.9467507409608632,0.9054444199399758,0.8973521900560824,0.9132856404844732,-0.9517225832067829,-0.8035693027761878,0.888384349303717,0.9250871507058743,0.9100351984286582,-0.8995099424240084,0.4587747875153472
-0.9291801263995789,0.2747741473212421,-0.38976812892061996,0.9999999996653728,0.9479463161646599,0.7765360959754135,-0.5343428889336607,0.19443108650192906,0.6470680044500502,0.6450573110323424,0.765564940587123,-0.8155750041416743,-0.0807655523153933,0.8194301998343324,0.7849684153029269,0.5391233967052765,0.7390466653293463,0.9665267037079168,-0.21183931125914723,-0.8198533113948394,0.4990540538284914,0.8141189011464908,-0.6856422240287514,-0.665829564126681,-0.7901902501156647,0.8639855900689093,0.8641498859842447,-0.4284177396735218,-0.7545555943435889,0.7204731183482276,-0.3416812451337031,0.5740813001621573,0.5262353603474842,0.3407336526345039,0.6150832343843432,0.42140081404230817,0.08165169282843128,0.9170164806195238,0.6928735751749213,-0.6555524095864846,0.7298341466747075,-0.7692102703515921,-0.7401214890933108,-0.747765199358067,-0.5963624937799314,-0.6028847624114136,-0.3970964016115204,-0.6924769708761397,-0.8741782757457077,-0.8229959595669962,0.6737905276363332,-0.8086500878532964,0.6252208822484424,0.7151855001424203,0.6317559669946411,0.7671790626475518,-0.6329775951628133,-0.4610806377212406,0.5434959108142466,0.5511327878065136,0.6375292817335895,-0.34689611288323935,0.743899273279863,0.6528455220164063,-0.8837813736014257,-0.5601302307727963,-0.5836624584161328,-0.9403184261459185,0.3821108228868885,-0.28642032704809883,-0.8557636410696282,-0.8816103506864083,-0.20815797310549117,0.28344337638416234,0.049969388366925736,-0.8908323232683845,-0.4068690126891911,-0.6791510518070726,-0.6273319679880447,-0.4897320375694434,-0.6552602825733651,-0.81585640986011,-0.8391018440630542,-0.8313239192069506,0.5315612207548925,-0.28223005130657886,0.8037510570787314,0.8166861114625288,0.8853323841001184,-0.5519431859940094,-0.862784513836693,-0.8982529916379802,0.004890383606865305,-0.7222208416969722,0.592550110153879,0.8405010905847584,0.24725353514093118,0.5888338277809764,0.8072947762704853,0.8758470436592467,0.7100015904551069,-0.6373584193765726,-0.2062468909976327,0.3896432584745557,0.240606641177236,0.30418274711834065,-0.7771669081205124,-0.4455494010038122,-0.7789167056183128,0.44697209458636133,-0.6463516066313006,0.5285913869817244,0.6244214920145758,0.7212902382007689,0.8127162240182525,0.5498992908335054,-0.6763620576734071,-0.7197940882819308,-0.688393136444666,0.589651086650059,0.7794779724691691,-0.5180217263600491,-0.5451742031189681,-0.6953055886146395,0.6999394285913709,-0.20491882819510418
-0.9856843160588394,0.326180690913459,-0.4105610194662187,0.9479463161646599,1.000000000500457,0.8314339157849956,-0.7621700319855683,0.19480091846696335,0.7011368674117022,0.8150695496010277,0.8273149380937604,-0.7887552196707351,-0.05415145325865867,0.8108036571144936,0.8672012445700202,0.7728871555907507,0.7481743981038684,0.8954122057227283,-0.31238864229583735,-0.8653645653331707,0.5673762564747339,0.6926586137893134,-0.6924092613341184,-0.7226558737300186,-0.813187845050721,0.9296361412699471,0.8495387295426913,-0.4472402071112586,-0.7982172910738987,0.7873863713381725,-0.3886698245226873,0.6435086207097085,0.5577680038032911,0.44869836044685873,0.620696594749554,0.4232654112908953,0.06907841980254362,0.8746217139294676,0.7308199673584768,-0.7285008495372483,0.7572683158140221,-0.7967130624920574,-0.6803378351411833,-0.8045724494203339,-0.6247353224432186,-0.5644020480028097,-0.4759228154119014,-0.5108920907627013,-0.8815702713227891,-0.8192358730257253,0.7973118543835751,-0.8393203630110581,0.6677232850970087,0.8128133602002626,0.6463739902990883,0.8582098083459216,-0.6899727393957064,-0.45353442910771363,0.4586134627695826,0.5928985749985772,0.7142781640078856,-0.4395616135730328,0.7748292572439702,0.6880532563576878,-0.9631133171693671,-0.6681455655524411,-0.6233705343007468,-0.8809804524161754,0.41835843782480114,-0.14961401947116104,-0.8964161472472155,-0.9524496599732034,-0.2484218660576242,0.26779163562082536,0.12500499817667682,-0.9753354520206381,-0.42822038005274465,-0.7665247773736007,-0.6217219491099356,-0.576837413782015,-0.6873640089825088,-0.8882138616486223,-0.7846600886465707,-0.8462251846545041,0.6940868296058106,-0.3222406907556538,0.8412149660455298,0.8355960125596963,0.9376161801677,-0.6342536617693124,-0.8604015207222374,-0.9250928181413681,0.15994185438818495,-0.7265741520375518,0.6251767136563494,0.8195532989604258,0.32826480254094287,0.6126875894252899,0.8036715694031622,0.7102547570286731,0.84384705053687,-0.45936705329434846,-0.22345003274329206,0.44409029751307216,0.30654670257054517,0.33690322672179723,-0.8190555743151381,-0.36923420287808273,-0.8538007476377317,0.36982830308737674,-0.7502955546705169,0.45353645511617746,0.6838619252536897,0.7649534284232647,0.8466232886039187,0.5265732157080892,-0.6969957015672241,-0.7674565489508525,-0.7028390511591683,0.5570807632983154,0.8479250222777126,-0.6351814961347292,-0.6434867422102515,-0.7017371258232785,0.7621444396754671,-0.4805168588039058
-0.8653457074694308,0.7863846775590895,-0.8191727684147495,0.7765360959754135,0.8314339157849956,0.9999999999696878,-0.8018513374905321,-0.36302486072302453,0.9650695109731448,0.4618801570667764,0.9812949281585432,-0.9494822443487166,-0.5441452234004702,0.94706581006004,0.989896375513833,0.7463190796062799,0.9828113364583986,0.7888695881417574,-0.7646712448458944,-0.9903611026278384,0.903782564518504,0.4935909965188242,-0.9685186300299805,-0.9748497245047938,-0.9947480757698497,0.8453420428215683,0.944042727684795,-0.8652364220287451,-0.9976702910345095,0.9963792728047034,-0.7659969556456795,0.957169477198352,0.9236852175011755,0.8532241029492296,0.9425544494778529,0.8214367754944923,0.6075646257471504,0.923953276506977,0.98604563620802,-0.9584634849722474,0.9886802957410834,-0.9925016220725205,-0.18668324458613875,-0.9988311713370659,-0.9511488868713042,-0.8982915651956749,-0.8750626358052619,-0.289079083844476,-0.9742838060423699,-0.9809766315116781,0.8952828180509664,-0.9587415076318002,0.9653120609468927,0.986776850214489,0.9569264439715993,0.9727960578457477,-0.9734947597467821,-0.8571002734290277,-0.007786084744045145,0.9401939562503593,0.9802359778529253,-0.8538274243182288,0.9872564987143271,0.9733372096088194,-0.9267841294528646,-0.9182544450741675,-0.9480382764108183,-0.8700436126995242,0.8499866792116465,0.3150872868018578,-0.9840803562276849,-0.917448013406531,-0.740881921515004,-0.265817434320493,0.5889792599072262,-0.7314891325442081,-0.8532392350619347,-0.9890623645071459,-0.9370983745038577,-0.9267789924382558,-0.9735745290980948,-0.9917850184346781,-0.911333003618727,-0.9847252689017851,0.8756861531451956,-0.790977220240209,0.9971756574247673,0.9917529806584136,0.9693066167167846,-0.8701632816343045,-0.9638259134473748,-0.9425671250924149,0.6334960538886564,-0.9762519370590164,0.9501077016527588,0.9648401861344047,0.7759812701528442,0.9454544136466556,0.981018582016355,0.4511864498103435,0.8384285866226316,-0.5999741930699073,-0.7130783805597918,0.866562609823086,0.7449840620757961,0.7986709384135063,-0.9755815907509989,0.19099655741154792,-0.9906222541373645,0.7539803255383066,-0.9588917023886441,0.8114105003801211,0.9731569084998917,0.9906050173030045,0.9942176895829241,0.8945055309106642,-0.9743122356353645,-0.9828816185414126,-0.9731660950639941,0.8996006061815901,0.9985512801500546,-0.9401249916705905,-0.9471655866602123,-0.9705575501640814,0.9718445981103031,-0.5326458944864804
0.7834393833545524,-0.5574927735468936,0.5377798013499134,-0.5343428889336607,-0.7621700319855683,-0.8018513374905321,0.9999999983625246,0.11776590089069604,-0.7495217664213992,-0.7477492215440642,-0.8054131577611975,0.6177107815910762,0.22359039177091605,-0.6549070763070384,-0.8565254043169979,-0.9863575088709545,-0.6885548516955898,-0.4901168719548056,0.6294771767947522,0.788830578210185,-0.7066054004211091,-0.20158774282630454,0.6620997356209479,0.764791898148919,0.7370115668391706,-0.7718865342062629,-0.6534223023188086,0.5686737641422128,0.7716067266263764,-0.8098473671982171,0.5586867974206823,-0.7560400371355734,-0.6492243618137826,-0.723952388334161,-0.6278236969661679,-0.5081796478598863,-0.2856469258718841,-0.6030380646767491,-0.7372845370320215,0.7882114732134798,-0.727158876017976,0.739986904561993,0.16578825148211743,0.7973615571601534,0.6748686830463008,0.5133897376782466,0.6895477144547567,-0.05370722672531065,0.7183847045350722,0.683367835425057,-0.8637656294886967,0.7389288210540614,-0.7190914352028422,-0.8680022875838254,-0.6585271777260813,-0.8600324196922096,0.7540210750136479,0.5195213164260565,0.03494494055009802,-0.6847251014761689,-0.7998671932915317,0.6930110164705782,-0.7364450953120916,-0.7150277127762817,0.8459249232696215,0.816148164730405,0.6924024629524901,0.5462507815027019,-0.5850007231726603,-0.35307903036529426,0.7856228821514392,0.8227797182800829,0.49415583596118234,0.07954100251647066,-0.4470675924464161,0.7670482047896936,0.5610820166382369,0.8374248340098022,0.6066174702255808,0.7561034962109111,0.7091517033883056,0.8446621652786959,0.5483333865761382,0.7258212849584018,-0.901132878292418,0.5362471431682471,-0.7720723767203769,-0.7346231150966014,-0.8109484794466666,0.7326842781368376,0.6904301593557582,0.7480801139712073,-0.6250584390436923,0.6712113521121224,-0.6813198080347395,-0.6444876009109355,-0.6067549178771037,-0.660100836909301,-0.680312674282282,-0.10863122126355818,-0.8677234421410807,0.08753158988806972,0.43326662876369676,-0.6321204946517865,-0.559685791344297,-0.5322547824941085,0.7648470421415619,-0.12784357858770937,0.8387320379459151,-0.32321231792550653,0.8499446451588836,-0.3736037743822278,-0.7573561048255942,-0.7596045519777145,-0.7649127278376324,-0.5275213165131792,0.6912810630478573,0.7621969750997656,0.6808759175868364,-0.5211067902419477,-0.829966831148809,0.8320097641188922,0.8030228248460654,0.6649352191623668,-0.7812913156923988,0.8787685479107364
-0.15277089092142943,-0.7645969990097932,0.8121461574587681,0.19443108650192906,0.19480091846696335,-0.36302486072302453,0.11776590089069604,1.0000000000375318,-0.4637949306573805,0.5263372285528001,-0.2874630254051651,0.403697629186687,0.949823578617917,-0.378517253362157,-0.26444783649578807,-0.03524319027047982,-0.4732742109396206,0.02830296785382776,0.8397710671778161,0.32228766900622013,-0.6903168007574003,0.12583146934001246,0.5475864144477406,0.4539188346547546,0.38353971171007784,-0.029885561828376966,-0.30373852382242067,0.7335881363037908,0.40828495860890784,-0.4240774723255449,0.5558408174289856,-0.6084316435287911,-0.6648655252086484,-0.6991668864755782,-0.6311377408975178,-0.7992493401790608,-0.9356182140122106,-0.13705647644247648,-0.5036226269885924,0.3910136816982317,-0.4525619714589279,0.38951283070110293,-0.7470510485571974,0.406660838112392,0.6032538069610157,0.5955978254757798,0.6855296522090963,-0.17417008030964587,0.21498231394342965,0.37388205464366664,-0.3290457877641064,0.3515240984516044,-0.5438245885532934,-0.3439365991650946,-0.5879007577022227,-0.31718360286239694,0.5647395596167647,0.6923647449409358,0.6214959294557231,-0.6494524856470641,-0.5176404329584715,0.7632466703591596,-0.4650281740001561,-0.5366236458218314,0.05633101178666174,0.4014409730251043,0.6393517529953371,0.12674054525215117,-0.7494882023980197,-0.8776192778586084,0.2584270038130476,0.07798995952320564,0.8298366262818745,0.9843312686605846,-0.9115868541254095,-0.36064055157752484,0.7927146672541562,0.4473815610961642,0.5690214142021562,0.6286771695789638,0.5467634588306574,0.2620954032009666,0.3607372869269466,0.3460968004969996,-0.27933747587411867,0.8522695749713732,-0.332187953851639,-0.33068669732813055,-0.15717259789003135,0.5738445793137942,0.21668930513549284,0.1691312973328823,-0.7993048134631155,0.4871976990876098,-0.6331042181796779,-0.36001938158307,-0.7271951619716855,-0.6384250391154511,-0.363162258398308,0.29914459107812413,-0.16316655569528327,0.41829480613010084,0.7976591770108278,-0.7565387585561907,-0.6808120560244612,-0.7843255393413883,0.28613891308129596,-0.9227276214561021,0.33752762902117506,-0.6197918841355123,0.36223337953008444,-0.7213588844354515,-0.54410291105496,-0.43360805349253373,-0.3508015847185437,-0.6906328337217754,0.5409259466785067,0.4792142614148205,0.5421310581498079,-0.6705171557669131,-0.335819857860936,0.5723421470209922,0.5988139859826106,0.5388166467790207,-0.48274869957813243,0.19687160346288554
-0.7754815525536239,0.9002787468904886,-0.8227915610495391,0.6470680044500502,0.7011368674117022,0.9650695109731448,-0.7495217664213992,-0.4637949306573805,0.9999999990776268,0.299429858027894,0.9791995231689479,-0.8779990434822342,-0.5774103548566233,0.8567165407022392,0.9569244676161991,0.6559949360862968,0.9688324591934394,0.6366773974872914,-0.811273814471005,-0.9206470046143647,0.8841312937911516,0.2826619026245221,-0.9630504524755064,-0.999137071463886,-0.9657243312070158,0.6776795722157801,0.8458024479833542,-0.9383551408331112,-0.9765243150945325,0.9771427750949245,-0.9076495604038765,0.9614435315525558,0.9671574867895101,0.9278451016139024,0.9455056414680589,0.8195348391379638,0.72107652770663,0.8800876714413831,0.9795866721487277,-0.9947191157504993,0.9839597213014257,-0.980169978014893,0.010402245629968854,-0.9705990938013334,-0.9798285597447648,-0.9473708188638337,-0.9521730687192217,-0.08600276264371662,-0.9356906581761102,-0.9308422428113974,0.7795909275757719,-0.8610027658609569,0.9930856430055527,0.972185264761566,0.9735254266450609,0.8898865778612546,-0.9645968938610938,-0.939670786895229,-0.2494815689030917,0.9663485621592693,0.9782162962270519,-0.8974086370731749,0.9452865779902719,0.9881405594516479,-0.8089691685842337,-0.9764029793615834,-0.9477843874003354,-0.7459969433179051,0.9315461843217165,0.36128814726555314,-0.9052181474900424,-0.7865655691781481,-0.8571623007734226,-0.3434054318059787,0.6061297525912882,-0.6096403520608352,-0.8944179823520799,-0.9725186490540019,-0.9756680956925583,-0.9703035771980667,-0.9825778565738585,-0.9324711475989613,-0.8221312976297345,-0.919261971657898,0.9187493264524366,-0.854829601829475,0.9664662588079245,0.963266537410097,0.8800571158045012,-0.7853090109638688,-0.9405166009340828,-0.8252077471909275,0.7414840090635201,-0.9749141235947882,0.9549726643052616,0.9012878905155065,0.8972988046050895,0.9585706517105088,0.9617499090146671,0.2785275050399522,0.6894272194027802,-0.5017429636841577,-0.8498176828823885,0.9283807487927718,0.8871624019192611,0.901167092239232,-0.979127234071748,0.3516380040698399,-0.9263306296064411,0.8649373644403255,-0.9829006788696542,0.8089809422836496,0.9875799813037501,0.990283434780614,0.9379093165917421,0.9252424738612267,-0.9747512091545778,-0.934592098941341,-0.9626345027272281,0.9073430584923049,0.9560576107739088,-0.955902504264157,-0.9426184581869886,-0.960547498296497,0.91218255028051,-0.44588895366282133
-0.7688399450120922,-0.08277645762661925,0.009704345444787552,0.6450573110323424,0.8150695496010277,0.4618801570667764,-0.7477492215440642,0.5263372285528001,0.299429858027894,0.9999999992225962,0.47015146927276347,-0.3409256180043764,0.34949023829196063,0.4003974451885113,0.5511562311428504,0.8176427082991207,0.2995507521493225,0.5493588425649892,0.0014899205754389088,-0.5084177689676301,0.2035722720646897,0.4396773292596819,-0.2324474755131738,-0.32681016801273355,-0.3974072336845425,0.7434117901582283,0.4461215051866589,0.015167518750133103,-0.40208597987486594,0.42003002142061785,0.0018398985559321128,0.2597357414320358,0.11131608413843097,0.11512777665255915,0.15457551143081794,-0.019124721325982016,-0.3759412199434034,0.4403273083013938,0.3120793098197097,-0.3642532853409096,0.3295157994229114,-0.37955571864914983,-0.7147575071197362,-0.4290671758106893,-0.17790233075904177,-0.04113600707208451,-0.0949653910892285,-0.263862023141241,-0.48057623811142497,-0.383963592141299,0.6040473576320802,-0.4840145866473588,0.24263776910524004,0.49956889515268454,0.1862337696255459,0.5763306517122999,-0.2947245909723462,0.039629608455494784,0.5418646604949888,0.16337928546215624,0.34617724089619206,-0.09041361340323774,0.3674756501584709,0.25671409393534095,-0.735811008380249,-0.3562090409798633,-0.20118007707270127,-0.48359372635020864,-0.020358617358787887,-0.23564235547412155,-0.5483794542338131,-0.7204847968778681,0.1668971274793647,0.5253645941567883,-0.14777749062269602,-0.8938539040283812,0.01954420156979139,-0.42527512857691613,-0.13515937121722826,-0.20878708494507123,-0.2529843156894252,-0.5703317712620553,-0.32918519444987304,-0.44524075566726723,0.49641661307191337,0.09332664715503997,0.45168630979846053,0.42253659420083906,0.6298225981574519,-0.34841583492578093,-0.4434080004815427,-0.6050859467168372,-0.049107540724831526,-0.2666010122205363,0.19115887038050197,0.3757298223737361,-0.03485036681710383,0.16432229179925284,0.3560953026569205,0.4217271582465665,0.7254956205723321,0.038577496146446955,0.21633228462580303,0.03101152885934253,-0.06721606809268174,-0.09976871708475771,-0.43515442144210836,-0.5436581686761699,-0.5317148385053173,-0.17759607765621596,-0.43702762763884295,-0.07729476639304043,0.2843344199793078,0.35884686684616607,0.4625342426170408,0.02051501906634893,-0.2515546872167521,-0.38530925733688365,-0.2543347080454149,0.04964133901900579,0.5043258587666611,-0.3223274062313237,-0.307957082668247,-0.24374074839851312,0.40872606669889044,-0.6452900090194288
-0.8871271594266799,0.7944461897643256,-0.7359458869257406,0.765564940587123,0.8273149380937604,0.9812949281585432,-0.8054131577611975,-0.2874630254051651,0.9791995231689479,0.47015146927276347,0.9999999975322481,-0.8893099245543009,-0.43795280721796886,0.8774365833201103,0.9904527988205156,0.7318745496098241,0.9576822664236966,0.731210271518297,-0.7081614506214229,-0.9513824546597349,0.8321009700851684,0.38591338099867095,-0.9355564055886535,-0.9834077776231258,-0.9754396167095098,0.7741620792966936,0.8812943855873848,-0.8521919724800877,-0.9808718847860911,0.9789234489027556,-0.8308097476798587,0.9221282731626638,0.9048336941296131,0.8496334652328706,0.8992598494918328,0.7358132477430126,0.5700624181837557,0.9299898480530133,0.9624550208025572,-0.9867395259489707,0.975337065617625,-0.9848536767031029,-0.18057702219876953,-0.9774464752293478,-0.9338219654963034,-0.8918766220841216,-0.8763533868362875,-0.17949381298648928,-0.9757153054284319,-0.9454053854211791,0.8159630876303303,-0.8904440249352822,0.9593582446277678,0.9874985044681666,0.9330615894096579,0.9249672272627609,-0.936920565239659,-0.8571337031614081,-0.08487542960612955,0.912394979057906,0.9584420400300717,-0.8146769374884699,0.9433037842647852,0.959093790745308,-0.8951343028484456,-0.959717883325062,-0.902382670208794,-0.8123804889035884,0.8400617052010384,0.220971451976779,-0.9488876002353747,-0.8710269477741375,-0.7355498904112133,-0.16903664019449313,0.4839294658119642,-0.7573791369641889,-0.8045450409005626,-0.9696880246920127,-0.9312618075960652,-0.9165180161384564,-0.9530135600251393,-0.9724690970830783,-0.8416619330165408,-0.9433103889749297,0.9262295680506041,-0.7452008271155517,0.9863889742378366,0.9819151974517197,0.9435729881641527,-0.7675936806945871,-0.9755378836984722,-0.8905112071185152,0.6235823881967656,-0.9576580066867098,0.9093742120884173,0.9197795745085782,0.7966343626710146,0.9094390961230812,0.9709031415735909,0.3990593310221347,0.7595744383461813,-0.4869533574427758,-0.7263294559138994,0.8421170260291346,0.7871019533745963,0.7947609557736267,-0.9977423188027901,0.16529500201494401,-0.9540814636657355,0.7789292977232878,-0.9840361309080068,0.7359326928575171,0.9581020632897935,0.984679155818319,0.9602637609291359,0.8574262529471716,-0.9479217592423976,-0.9318422472979322,-0.9379032555360594,0.8486131854058065,0.9792805055633336,-0.9206994003210376,-0.907383459377953,-0.9358259516243759,0.9112162854594162,-0.47845203999378455
0.7902105449296986,-0.7015168879670299,0.8499349027748523,-0.8155750041416743,-0.7887552196707351,-0.9494822443487166,0.6177107815910762,0.403697629186687,-0.8779990434822342,-0.3409256180043764,-0.8893099245543009,0.9999999996880049,0.6336102753453993,-0.9955749670517944,-0.9031572700700023,-0.5807166253522176,-0.9681543420385452,-0.8849962625309645,0.7112318622081788,0.9693260931685084,-0.8910745650126246,-0.6869365580676404,0.9616884702407805,0.8918288920627594,0.9668097879689745,-0.8562888059664719,-0.9919732017970467,0.8250147443343357,0.951664418125662,-0.9341899657612489,0.6315167908854099,-0.9066221711334643,-0.8816572676947871,-0.7415174582611548,-0.9452706903045647,-0.8684405130795113,-0.6139228708950016,-0.9247127380242689,-0.9484090791883742,0.8456305987248505,-0.9492379586023862,0.9489499282028964,0.25547079866047584,0.9484179893425054,0.9111675403215674,0.8952515232515792,0.7787607532861134,0.532451115124631,0.9412925830791516,0.9896311402662481,-0.8634310458155727,0.978767098023205,-0.9049998867452794,-0.8865254007296497,-0.9339119747553165,-0.9295023704146197,0.9344035674216623,0.8231707477177201,-0.15336726827468275,-0.9005449453811163,-0.9130099427616056,0.7883260078031046,-0.9772401409022392,-0.9269769366088508,0.8839519090570036,0.7672603148499247,0.92882791837143,0.9512922396626339,-0.7939838616525172,-0.28345206502799014,0.9646502701660877,0.8956658434890584,0.6768059116965256,0.3199924064513218,-0.6058899262362231,0.6415958585533384,0.8471547573119161,0.9138666002623435,0.9103457176694272,0.8376044781727251,0.9357324728143275,0.9329925679380447,0.9934744815165806,0.9871938203663425,-0.6814371738285745,0.7679923563121237,-0.951649396448522,-0.9584664774262225,-0.9352391512020466,0.8845429202766464,0.9270459408915217,0.9543347978222976,-0.4964170623961781,0.9577587824269832,-0.9308620747503836,-0.9963815776586822,-0.6583695625437401,-0.9273447069458708,-0.9630889766071311,-0.6234946781660122,-0.8052459371195952,0.8192847563498895,0.6472613197982587,-0.8124747605032167,-0.6174781940529387,-0.7387220388869733,0.8941126665484954,-0.13093732976719374,0.9458117724505964,-0.7472441574577325,0.8284146040983535,-0.904655478661202,-0.910327591812812,-0.9324688115915989,-0.9750805401529204,-0.9101306929474473,0.9508749275602973,0.968167986201048,0.9634278277187514,-0.9369459112210846,-0.9399746491678193,0.8409532583180938,0.8817526145743462,0.9660689508804517,-0.9570888874072279,0.3785172125428459
0.06584529861295005,-0.7707237928460968,0.9251985880336642,-0.0807655523153933,-0.05415145325865867,-0.5441452234004702,0.22359039177091605,0.949823578617917,-0.5774103548566233,0.34949023829196063,-0.43795280721796886,0.6336102753453993,0.9999999998719348,-0.6180235770709803,-0.43564502372553104,-0.16306047053519937,-0.6464427560724428,-0.26928198992931723,0.8778179601426663,0.5352243369220726,-0.8253935798542028,-0.18744739203976513,0.7094247985465482,0.5775184572894893,0.5694527156198476,-0.30011034104710954,-0.5538629728604995,0.8006932502230636,0.5800171382880871,-0.585189878599109,0.5436891374538136,-0.7357782407184659,-0.7651014616173131,-0.732255611732102,-0.7788404609269955,-0.9244656280307624,-0.9262709593090974,-0.35375950889885605,-0.6598777272270756,0.49802203184824323,-0.6132969049279863,0.5593470160815551,-0.5029067347321516,0.5798703024297706,0.7239982223675976,0.7137225019551863,0.731381572636362,0.11800865845607758,0.4162484911959703,0.5846390307918301,-0.5347307123116972,0.5862343607777019,-0.6648770102657354,-0.49117045525262365,-0.7251449287347599,-0.5218320504498498,0.711903472376375,0.7608765482614682,0.37128049602644453,-0.7639791068114953,-0.6548719224289425,0.8255361083487747,-0.6547826564212252,-0.672758265966745,0.29436751136924527,0.470056880529838,0.7783230616697672,0.40650869005630264,-0.8000528870324064,-0.819243411377453,0.48166333461360117,0.32746469302943737,0.8274121003183269,0.9303737018623669,-0.948501723442857,-0.1430866485274964,0.881276670266434,0.5968591084314162,0.6921974145301817,0.7108759898472875,0.688525653647478,0.45911057850661185,0.6096141185058024,0.5645623516446064,-0.33733977919936375,0.901939071971095,-0.5165116326563066,-0.5188173404611305,-0.38555733370184536,0.7558063924268941,0.4067593066318793,0.4246039150990799,-0.7442254944929851,0.6498958654575059,-0.7709309038811591,-0.5855321447035376,-0.7159597563595516,-0.7714865242057161,-0.5485978414968222,0.003974357942913089,-0.38792528648688124,0.659497438840019,0.7824074063252229,-0.8198378889141911,-0.6534600549201585,-0.8081664619604692,0.4380023272616162,-0.7665120587774428,0.535052862971257,-0.6729527340639854,0.46942600492682096,-0.8751257249877564,-0.6716515884639657,-0.5859013053934562,-0.5564898742152757,-0.8147410280002534,0.6942116542673098,0.6669898799243941,0.7064793240730178,-0.8186190442743311,-0.5190427165290736,0.6712257451090233,0.7216953670036579,0.7052135660800306,-0.6726522009557747,0.26220575271630053
-0.8004081275373239,0.6657425494746154,-0.8419914411194852,0.8194301998343324,0.8108036571144936,0.94706581006004,-0.6549070763070384,-0.378517253362157,0.8567165407022392,0.4003974451885113,0.8774365833201103,-0.9955749670517944,-0.6180235770709803,1.0000000018825144,0.903955685142236,0.6309392674641763,0.9530382934035071,0.8945922723173684,-0.7071656177588019,-0.9754113934989177,0.8947000588223579,0.7121345023008557,-0.9451625197343939,-0.8738734687434662,-0.9570827570639071,0.8956111036124403,0.9965544126754311,-0.7927781667508598,-0.9437276138754197,0.9303338284568432,-0.5835862537153792,0.9002171053481588,0.8580408293151125,0.725355982338437,0.9280840815834447,0.8583532526460834,0.5743065653888306,0.905280158942158,0.9368076423823596,-0.8264885533207715,0.9342139724090466,-0.935122302931229,-0.28684023739174613,-0.9450597788868162,-0.8896687806329582,-0.8563740107693244,-0.7554974171427268,-0.5491650196184286,-0.9293989497747487,-0.9815872128900403,0.9011545256004093,-0.992054010008313,0.8850416330868901,0.8859843133705929,0.9131064024784276,0.9486119861760599,-0.9284993337064199,-0.7826488390659511,0.20145513698081272,0.8834154886043105,0.9077397402056208,-0.7798282693470475,0.9745247256208972,0.9092656195392633,-0.9086226237910002,-0.7493554060278192,-0.9190016785569922,-0.9546420264731886,0.7631454365816205,0.3001515415883108,-0.9717603631226228,-0.9233719902680243,-0.6406152027156805,-0.30751921908821855,0.6123893033268807,-0.6673687106255205,-0.8264958360829593,-0.9136272569953302,-0.8792854988714036,-0.8237276168141968,-0.9193733763460585,-0.9399073062044406,-0.9897017734501404,-0.986783224826821,0.6776389693190044,-0.7467032384457476,0.9442421925180818,0.9470276041870211,0.9464873339578354,-0.9098373865725508,-0.9089714175606721,-0.9703917926037864,0.486984605187125,-0.9382964435082619,0.9179747768359358,0.9894636592536424,0.6255759031202743,0.9105068480570937,0.9454427786027132,0.627085432488518,0.8540564045339111,-0.8051588932500819,-0.6007627556305122,0.7907287192144838,0.5756153453005803,0.7028898703282824,-0.8769269438111703,0.10561815473946054,-0.9559973828373342,0.6867943470611843,-0.8183605653902997,0.8792953915227043,0.8974133293932652,0.9187792116815202,0.9752356668538354,0.8813877232141387,-0.9348658214750887,-0.9708924451579016,-0.9496687858844259,0.9130271279004175,0.9420156128386284,-0.83990190859304,-0.8836112398910169,-0.9506668246205371,0.9664099007200841,-0.4444377099693454
-0.9075058327327524,0.749999578743113,-0.7431168442725016,0.7849684153029269,0.8672012445700202,0.989896375513833,-0.8565254043169979,-0.26444783649578807,0.9569244676161991,0.5511562311428504,0.9904527988205156,-0.9031572700700023,-0.43564502372553104,0.903955685142236,0.9999999953959547,0.802494126592318,0.9510338197100108,0.7650209125316354,-0.7131026643535976,-0.9746742692268278,0.8531300975951337,0.44622523071124776,-0.9276863554512371,-0.9664646125962874,-0.9752756778024133,0.8454326724762284,0.9075585777510499,-0.8177956400613408,-0.9819491291520793,0.9846630648450717,-0.7628345713003558,0.9255053447306821,0.8834515494303277,0.8323351835957244,0.8912948389323613,0.7412027835453184,0.5261140386001276,0.9157303872210438,0.9591913575616414,-0.9649124428040216,0.9666619899143802,-0.9773122861362334,-0.23149826629277598,-0.9848809954013776,-0.9158129129023606,-0.8507026302546701,-0.8501970591091423,-0.22841329350070244,-0.9707603367873839,-0.9506244260998316,0.8834634960425242,-0.9275550686243976,0.9417576547607341,0.9942682120050526,0.9175421625154979,0.9651953366171233,-0.9420365769893467,-0.8107714892934427,-0.003602953279230131,0.9009146214705587,0.9619152018952132,-0.8129732239021371,0.9553044277640778,0.9460810651219976,-0.9415546317475021,-0.9358780306367002,-0.9034642611690301,-0.8377150053436883,0.8062160409672611,0.2519292902937624,-0.9734024211338634,-0.9237019484792045,-0.6919579275961685,-0.1643598526158304,0.5082745572089342,-0.7963412617329423,-0.7902432782911386,-0.9796332013315692,-0.8999599259547476,-0.9052365853632525,-0.9427798180945337,-0.9934286173744361,-0.8584184651514082,-0.9591255285230416,0.9181328779642005,-0.72790906424352,0.9878857440263777,0.9784565143158829,0.972166142447663,-0.8217165420032672,-0.9610270289436456,-0.9298014010243042,0.6112826012501154,-0.9442661215027004,0.9059517895019761,0.9283226322476141,0.7533947977643694,0.9002678488658042,0.959658348241338,0.42428092792140004,0.841565727603223,-0.49608009604189685,-0.6668639638912274,0.8220793614745111,0.7289849617714141,0.7526635063654046,-0.9812085705469658,0.13045714898181648,-0.9814286105494888,0.7037423159556969,-0.9738996743377242,0.7223200817858123,0.9507532173909611,0.9762808687715683,0.9752074410780786,0.8331951137906426,-0.9394273077770187,-0.9514415763455428,-0.9338885312082803,0.8333191595902332,0.9935753333281676,-0.9273091515732413,-0.9214258651370616,-0.9297944667707247,0.9403638882359413,-0.5708408851932149
-0.767915376504576,0.4342465282609448,-0.4750638370902711,0.5391233967052765,0.7728871555907507,0.7463190796062799,-0.9863575088709545,-0.03524319027047982,0.6559949360862968,0.8176427082991207,0.7318745496098241,-0.5807166253522176,-0.16306047053519937,0.6309392674641763,0.802494126592318,0.9999999992962311,0.6184607467664464,0.5069892957191158,-0.5536784335555885,-0.7536381256953846,0.6541904620162255,0.27287821720702493,-0.5885362915270165,-0.6769764814781335,-0.6754755664489387,0.8069747838131771,0.6332085981871921,-0.45967378118518487,-0.7073319912052896,0.7469315191658354,-0.4183839080730505,0.6842157504501066,0.5536266057660898,0.6234297136571002,0.552030989506909,0.4466236053602458,0.17304139733573415,0.547932984933208,0.6654777952680615,-0.6956655157009417,0.6526362528841705,-0.6691576369931195,-0.25554116811203853,-0.7384830891362021,-0.5849483036478998,-0.4092144213676391,-0.5827428032237633,-0.023992858301576526,-0.6613540579091328,-0.6329329301951938,0.8717294435606727,-0.7219682834474112,0.6293768165982796,0.8054247168409315,0.5738686404908544,0.8385853425863836,-0.687103398433001,-0.4026562684417035,0.0965828210050619,0.5989343656525759,0.7297849855540073,-0.6100403245848776,0.684740651892059,0.6316117789130523,-0.8458798789920433,-0.7174247078845981,-0.6214370247335359,-0.5418854676127456,0.4740774018051576,0.31948945690256264,-0.7554138341117539,-0.8306929855945229,-0.37281669977007037,-0.020532480009597235,0.4018989233743416,-0.7829333783991731,-0.47292800011145053,-0.7757041041148548,-0.5083925321803616,-0.6652961506209022,-0.6289655436547184,-0.8052289716026342,-0.5221144643263345,-0.685800060570371,0.8192821091370702,-0.44214530263306534,0.7123044923695626,0.6721742856812646,0.7884653788232079,-0.7224391805959615,-0.6242222339317911,-0.7422904072016742,0.5286577977858902,-0.5937770941681226,0.6063807810442398,0.6016515173161884,0.4825106328458232,0.579821321976638,0.6113575616343234,0.15490103973274041,0.8999993785642043,-0.08161602441649556,-0.29955276842729855,0.5334102283847649,0.42375195288020345,0.4131302679209639,-0.686484908909461,0.030927567510945282,-0.8032574293764998,0.1907659822567401,-0.7674409123868521,0.30508843863283436,0.6765972723961139,0.683704212286048,0.7205013403486573,0.43690286467890654,-0.6149861233364914,-0.7163827836447532,-0.6106417666253274,0.44272498049712766,0.7801589003039714,-0.759083263580705,-0.7400373673015749,-0.5938050106927587,0.7446479557898076,-0.9138336963395839
