1.0000000007727954,-0.8951359728707459,0.506072032472712,-0.9915904878034626,-0.9809191264788778,-0.9901965435885345,-0.939142329912064,-0.9451895862646011,-0.9642442883337335,-0.9648790387991903,-0.9122151449695833,-0.9834917790980819,-0.6015110887566223,-0.9333404907251048,-0.9247031098113557,-0.898038702749896,0.636346707883702,-0.7131176519409262,0.8769794132850788,0.8316338915286684,0.9675091714418077,-0.7538364024537894,-0.3777782814381527,0.9005553055547852,0.9322678483570174,0.8874737305305931,0.6572339877687525,-0.8387121577711784,-0.15943188166191805,-0.8871613544241564,0.08063970531780337,-0.5630535538381468,-0.9612625529067925,-0.8444634488165547,-0.11950177433980037,0.8045741534537967,0.8476090509229891,0.9194584952322332,0.9206143306090908,-0.9799903278390979,0.7265248675411782,0.196127034429,-0.7332462174441446,0.9243164699920609,0.8457646027465426,0.8812450676513759,0.6898565903784547,0.9309305407586326,-0.5778168258766799,0.9623601534118779,0.783478440080983,-0.9064306583581505,-0.9044930311895177,0.9423498483420601,-0.9750122090338065,0.5496244332659507,-0.9556190915605955,0.7553677140931276,-0.981464000646956,0.987496918321464,0.9461107945581024,-0.8485609870253094,0.9448270147362979,0.8580877462936236,0.7930232520610241,0.8165079315866809,-0.9154414002030253,0.720320158812239,-0.9697812815914975,0.8037390963013232,-0.36142252453498214,0.9681473605128049,0.9181823270300441,0.9027738400533368,-0.8671083015916995,-0.8795869966729264,-0.9359480889204352,-0.967039455636717,-0.7699161093437286,0.4860427529270796,0.9235371093973694,-0.9166152969271903,0.5080273030718588,-0.8942655096095291,0.8674821351244261,0.9029996323840257,-0.9609032298290024,-0.806227139689132,0.8098030217335661,0.9906553233611954,-0.9030416498620039,-0.8868764479654876,0.48812552993865754,0.9492839589094922,0.9889710111177089,-0.23277734856627214,0.922665243834562,0.9578766454235327,0.895106058898305,-0.9853527335456872,-0.7466362431023932,-0.39581734275388275,-0.4087716766993961,0.9671825110038521,0.5852066002527571,0.9061582824214687,0.011942245724315974,-0.36466733548472097,0.8094247186977466,-0.8060661467511947,0.9140121822654029,-0.9473995733136352,-0.8678452814684923,-0.9392456244786679,0.9396896439894568,0.9955279172736227,0.7224629996046034,-0.9918430597423886,-0.9811227577802359,0.9602281581422124,0.30486746034956436,-0.9389134994641476,-0.9944967462500004,-0.2580341697114938,-0.8818571060032896,-0.12822226804268905
-0.8951359728707459,1.0000000004702367,-0.8262177009310444,0.8476277800870002,0.9245561602146015,0.8853463522230883,0.9727695708719579,0.7641741722638357,0.8519985794828793,0.856888565800357,0.9879777714580972,0.9504424792058526,0.18343625481658515,0.9939096627868234,0.9194892759800878,0.7829265082271273,-0.4044884067063041,0.866992039530124,-0.888192753884564,-0.9394598347984102,-0.8782885384597999,0.8110085647758534,0.16839705314125472,-0.7877455872477804,-0.9319534788612408,-0.6674730631024227,-0.6889269427348433,0.991071529539698,0.4995139955145078,0.8848138524087443,-0.15029256236664854,0.2531285291912498,0.918568112628238,0.9429473100728593,-0.22963109536331203,-0.9653671665281456,-0.9331895590425876,-0.9790951849906917,-0.9321913059867079,0.9069257251068624,-0.8699306463797436,-0.439073831279084,0.9005961147016538,-0.9440407395380509,-0.888216912074719,-0.9713960557848572,-0.9377613712058606,-0.9525186684446448,0.632507791954965,-0.7670170275614459,-0.5358405917627143,0.8992154268147158,0.9870264788020664,-0.9488972336404995,0.8695238227011789,-0.853303707827322,0.8834531748133416,-0.5357047182949726,0.9019076639707484,-0.9529183076618872,-0.8840445865866492,0.9276343447134213,-0.9376854945442499,-0.7832880575574348,-0.7902806864684574,-0.9655878946026426,0.9931798082016712,-0.40191071806351714,0.9476758581885225,-0.7095071628207885,0.7364703669076544,-0.9089685569702234,-0.9405279917133424,-0.983222871684556,0.9193147557585061,0.7314836128213966,0.9840839368135615,0.7936533644436463,0.7836768814306944,-0.8104197231400613,-0.9216535569053733,0.998116344087367,-0.8199269629034852,0.9630188453093333,-0.9771783919987732,-0.9942455038492084,0.935590668938726,0.9808449217179764,-0.6715534392399728,-0.9037041939498723,0.9124598442825426,0.9656712461107202,-0.7232192709405321,-0.9692515713342972,-0.8778362187608643,0.5739002529719643,-0.95760175689857,-0.983247933245143,-0.9955319729260397,0.9566598002713117,0.9537270693052559,0.7519453106366621,0.6256739374795043,-0.9623409749823565,-0.3207384347038505,-0.6633295339961482,-0.03564796241444672,0.46656877391282575,-0.4742081453406102,0.8602533070640233,-0.9910109396812957,0.9098346745535408,0.6351701207123114,0.8933337546649384,-0.9760171164308491,-0.8784250939736762,-0.6991492392355101,0.912455655976213,0.9344223516145393,-0.8029610795183256,-0.5794029511443355,0.8786694676734667,0.9111780790135784,0.28464068072935866,0.9143201587954497,-0.17895190427226998
0.506072032472712,-0.8262177009310444,1.000000001296184,-0.44333349242535725,-0.5797605212036039,-0.5061337306991806,-0.6896676290029339,-0.37461613421540013,-0.5036946398257975,-0.47242425104727237,-0.799550374640792,-0.6253325851064626,0.37218845331552497,-0.7617524521653914,-0.6198941297717011,-0.33772369955281883,-0.1283701598075258,-0.7929879096008745,0.5689667378437188,0.7738777340714824,0.4924333591530324,-0.6000296389921363,-0.04030637557487733,0.4114989446511891,0.6784574551480581,0.21144585437826907,0.6384946753211564,-0.8757409731898153,-0.8417654037819571,-0.6503488107800118,0.014882982492623929,0.1339110846721702,-0.5997143465631711,-0.8158020373917327,0.5480912771286284,0.8287135927148496,0.7092189659841404,0.775451400349109,0.6983112612173401,-0.5128633773139701,0.8165825012053426,0.631561007607009,-0.7823728938278255,0.6917464418536466,0.6433864206503597,0.7949967274279922,0.9484900711375495,0.6457774196356212,-0.45993427312773566,0.2829911617382901,0.05226910783785885,-0.5607661880245507,-0.7818234742755789,0.6598480100353661,-0.4934532357562837,0.9455432953887972,-0.544524487287197,0.2065560946090334,-0.5523277928666667,0.6233868584332051,0.576448878391932,-0.7561978370460444,0.684169403100129,0.5325911991024139,0.6318951959128011,0.8617909771236644,-0.7775088330940898,-0.04632908278968494,-0.614338366625398,0.4248081149530274,-0.9551072118336359,0.6056555003725815,0.6801563291881331,0.7653959307745853,-0.7816802313420991,-0.38088103974423454,-0.741016308696401,-0.39394609077163256,-0.453432404733808,0.9895558924209373,0.6621499753560535,-0.8032221356441929,0.9859542512411864,-0.7473052657234681,0.8105618697400251,0.7991952120165997,-0.6698366350383124,-0.9033168185158825,0.2843725562770626,0.5098952215298849,-0.6807535469397914,-0.7621272950659851,0.8002273006263987,0.7209299299595847,0.5082557349635333,-0.7668281060246293,0.73421692933762,0.719742966827074,0.8324924582599711,-0.6408142961382631,-0.8782048925787538,-0.9859279409182637,-0.7067343864734011,0.6969100685988706,-0.06471459334320692,0.1640169121271796,-0.038328962160257316,-0.42306172245920065,-0.04604537466964696,-0.7007546062627186,0.7984740228287285,-0.6091601773946745,-0.21309793925156936,-0.5554187727839899,0.7098678761744052,0.49590979623988307,0.5241746243332052,-0.5514542006015724,-0.5728415673382791,0.37239337452282334,0.773133688739296,-0.5838865454494275,-0.5252580024676844,-0.30683643721289494,-0.7156130170496879,0.4363092942365194
-0.9915904878034626,0.8476277800870002,-0.44333349242535725,0.9999999994197406,0.9695870512310196,0.9782480316911151,0.8887118229165625,0.9672742794109596,0.9819054370413781,0.9443946235111642,0.8705426344382828,0.9553843308293053,0.6660531122575236,0.8920009315990753,0.9052062815071318,0.8538904409171345,-0.6095219289288772,0.6850535471796054,-0.8348467794125691,-0.7641819916032292,-0.938014814324505,0.6791851553283887,0.46219919143462307,-0.8722980799265702,-0.9012690165805048,-0.8884518358320568,-0.6552195331090597,0.7796072220909342,0.10342783074268803,0.8549474655319084,-0.022515495929120354,0.6026084127850693,0.931478507947536,0.8006463250054838,0.16489591320471195,-0.7275957437012087,-0.8003260390297805,-0.8793006857026561,-0.8894588409585034,0.9503867824823874,-0.668981613322322,-0.192399561700565,0.6437604982763242,-0.9082335595853243,-0.780233390609797,-0.828269484900899,-0.614569295126617,-0.876554267987796,0.5661881916499863,-0.9576137133451997,-0.7746644667351208,0.8464036822403453,0.850658253071955,-0.8966498782891696,0.9592804726056924,-0.47736722322719355,0.9314619199891194,-0.8298134816660984,0.9646420636800179,-0.9635326242919892,-0.9279027305191355,0.7943175719950392,-0.9218129742829839,-0.8562601217501227,-0.7799132409639153,-0.7542300312948923,0.8642161183528856,-0.7628688799583163,0.9408706566663904,-0.7859631814096234,0.2790695797657313,-0.9581473286528508,-0.8698145963591349,-0.859056994378155,0.853268221291436,0.8792384278113602,0.8899252595413354,0.986545404640529,0.7124736164277939,-0.428164203169222,-0.8882049080222966,0.8745967227025156,-0.438929734894769,0.837799370070363,-0.807698316194941,-0.850636266132583,0.9497092962263299,0.7457665048428819,-0.7770576203355901,-0.9731911939571314,0.8693970070173493,0.8292348810226639,-0.4043414980207634,-0.9165230590973266,-0.9855720587384694,0.16635412286899182,-0.8851749855375703,-0.9214807252485727,-0.8511613747009298,0.9643038523121779,0.6664729356622352,0.322118641046318,0.32417028852939067,-0.9517260025796237,-0.6608713667403306,-0.93366988798764,0.07135071814328141,0.28226743374722507,-0.8510365729457684,0.7609172079355828,-0.8708324620527215,0.9188232611509759,0.8886683893227354,0.898732665451831,-0.9036021674856483,-0.9981154418629988,-0.7585769638172859,0.9743575365590289,0.9483249135630573,-0.9725124975309376,-0.22737024667857367,0.9240996498796633,0.9732081095550141,0.23169870243297336,0.8463923577742742,0.2392557491861702
-0.9809191264788778,0.9245561602146015,-0.5797605212036039,0.9695870512310196,1.0000000002564469,0.9483273646350817,0.9452439551754366,0.8837132652140041,0.9717894337859593,0.9024979286673347,0.9141177240704019,0.9672381493648866,0.5147274951614829,0.958545982294762,0.9800780797578736,0.8460413183175433,-0.5967394597806049,0.8306019915059036,-0.9331882173754323,-0.8078810910795043,-0.9160167285678803,0.6846415131245315,0.2765992247645266,-0.8098727958637253,-0.8919559306455193,-0.7817303869134007,-0.5846997641294163,0.8663435616087424,0.17019010510716823,0.8256566944036833,-0.19801391359593032,0.3991236455101292,0.9166948587486232,0.82296538798858,-0.06711834119896679,-0.8301771397873061,-0.9216258703512471,-0.9109414521902387,-0.881425162808866,0.9705268961304799,-0.6880655786213012,-0.3746191360128251,0.7267558789158408,-0.9786184823024229,-0.7948329575307729,-0.868426663584537,-0.7372949448028292,-0.9334888839139903,0.7184198196566948,-0.9062165668048148,-0.6560763639223552,0.8799870145866496,0.9055904391684352,-0.9136307025593249,0.9192242752410017,-0.6565228845767225,0.8967369554061472,-0.7630168537743068,0.9385339692782932,-0.9870061205374348,-0.888124786446785,0.8108062747500162,-0.9130894396992516,-0.7758737639584421,-0.7180521597946159,-0.81700824632921,0.9263910385709375,-0.5853111972628483,0.9901760121494525,-0.6901962905365622,0.4685848917014687,-0.9313968380820209,-0.8816210632711353,-0.9520574692227578,0.8556452700064235,0.7783566843145814,0.9329994093381662,0.920665223814471,0.8283858971641666,-0.5840746915311196,-0.8762765435635678,0.9374047801106593,-0.5526411898809183,0.8747219733695466,-0.8641100377635926,-0.9140451239771981,0.9424434386769055,0.8341450680899789,-0.6927596233362512,-0.9889101235707524,0.8531637822476237,0.8701443887768802,-0.4488304436816441,-0.9340474238967966,-0.9494980326319451,0.39730301160165005,-0.8968123449485751,-0.9605633254368765,-0.9120083422864594,0.9888765812334133,0.7931788652950762,0.4594225422429083,0.3465832549553277,-0.975864831394081,-0.6327153480632923,-0.8965059837265514,0.12002049608697,0.25129458733932,-0.7084920057197881,0.7421533528288813,-0.9186662366022552,0.8967509113296649,0.7607104813280021,0.8849181683261771,-0.9763775787363401,-0.9796984574173232,-0.8158731874601021,0.9598344511964813,0.971534111414321,-0.9694617673393527,-0.2648968412535334,0.8806266780158029,0.9752837284526136,0.11417927402762891,0.8356078288058497,0.16647493147422382
-0.9901965435885345,0.8853463522230883,-0.5061337306991806,0.9782480316911151,0.9483273646350817,1.0000000001876161,0.9321629819189431,0.9607562106497745,0.9341653240979427,0.9904640306859533,0.9210527450005969,0.9847129663597932,0.5901348202222866,0.9177530838283149,0.8705522452701366,0.9077705377986209,-0.6098599605719818,0.6406096171745216,-0.8214727761303299,-0.8659136652667531,-0.9861391981434449,0.8147622260823181,0.4342037840975122,-0.9485939965170235,-0.9623410041557947,-0.9286734393620004,-0.7296290474728653,0.8397442925208147,0.22169546893995248,0.9353722680778643,0.018813598353127854,0.641844272764052,0.9850306617860712,0.8792605790161073,0.209899275687582,-0.8058250728519797,-0.7933394938576205,-0.9339589409661959,-0.9525559639238934,0.9650617501417783,-0.784584857835869,-0.09565332213501539,0.7621496783347208,-0.8779147007138997,-0.8887015902454192,-0.9044180005867918,-0.6932149922765934,-0.9233604385264056,0.463700671902195,-0.9642176804471672,-0.8351947916195008,0.9165273464541309,0.9132266892059528,-0.9607747633530236,0.99629876123591,-0.5141205626767108,0.9860911744954585,-0.7103644821127764,0.9974034371194374,-0.9751261833077198,-0.9794582296696913,0.8909955233524022,-0.9672119994211054,-0.9132196309712358,-0.8569862962313514,-0.8402845181484404,0.9147498175843003,-0.7719274428489193,0.9408140377717785,-0.8787948951976237,0.34098369100158077,-0.9849377247472947,-0.9469113359766753,-0.8700676682848739,0.8877446075658856,0.9340690204052184,0.9414846980480821,0.9704859555226993,0.709845331403484,-0.46640081795970534,-0.9585394725969983,0.9099387974851163,-0.5307178994413827,0.9175023573788169,-0.88561620995889,-0.9052877384879514,0.9694118611089797,0.8121540511294771,-0.874176109607933,-0.9679199595067314,0.9434750810771332,0.9098178680891335,-0.5638906572901363,-0.9615981082659955,-0.9968377900939523,0.15604058138937915,-0.9471346394448263,-0.9547883737032655,-0.8961219549508694,0.9714319783948583,0.7398510212972171,0.41138688452698086,0.5003031926811236,-0.9556202163020735,-0.4938460305684826,-0.8614594068248844,-0.11852939302525231,0.474160977829641,-0.8263795666928088,0.8675773425699014,-0.9203914324163592,0.9780851808175725,0.9112122896728782,0.9687399608702745,-0.9090015502714424,-0.9820636117262466,-0.6411571760506691,0.9979514187687833,0.9721042490048387,-0.9165369461231009,-0.3920623948878183,0.9736613070336607,0.987456837732434,0.38765299889129134,0.9243077282196105,0.04162716529856961
-0.939142329912064,0.9727695708719579,-0.6896676290029339,0.8887118229165625,0.9452439551754366,0.9321629819189431,1.0000000007022296,0.8013728836340427,0.85741677121668,0.9201369990384605,0.9654155294396971,0.9787384741213,0.33410953997201936,0.9862881066715657,0.9266736197672988,0.9041483769134381,-0.5984973678714013,0.7902616367805623,-0.9299670697543884,-0.941709053683178,-0.9468144363720731,0.8617279825234366,0.12489872260538155,-0.8676027287478546,-0.9380310462105393,-0.7707918404744942,-0.6198826468898854,0.9521717248106746,0.3386772046824494,0.8928184875993653,-0.23102639884411375,0.35482617047445536,0.953030564008153,0.9054915992374402,-0.09101187790273528,-0.9565962065496209,-0.9321716963109566,-0.9636302325653282,-0.9301034465460984,0.9710459840160256,-0.8270375318923351,-0.2832549200740917,0.9084947725439007,-0.9247609296998807,-0.9314706640562346,-0.958518451327265,-0.8678369354914729,-0.99666747386,0.6123863244188869,-0.8687977831328622,-0.680989022438011,0.9723587563509645,0.9834898173056913,-0.9806066438908004,0.9222417404509659,-0.7531069972482376,0.9271547320688631,-0.523233573647637,0.9388255656953083,-0.9772390194045684,-0.9087294006811373,0.9224601578722746,-0.9344092402415474,-0.7849608700632461,-0.7627537586217822,-0.9310848077902324,0.989693459907212,-0.5022813075180397,0.977236363076755,-0.7542839072288969,0.6100717185466613,-0.9183847386102815,-0.964781934606297,-0.9712680106227254,0.8595714476547692,0.7825421506726907,0.9895391094452115,0.8319918334205144,0.859685514149814,-0.6669559917107007,-0.9365571006852937,0.975412694735849,-0.6963444879307344,0.9717439429750339,-0.965146867124964,-0.9831031026038382,0.9250208103308755,0.9289336983472914,-0.779375968683843,-0.9556794781606931,0.9156847420155841,0.9698264937859336,-0.672541128131879,-0.9672552040807357,-0.9131834744551348,0.4607913886412749,-0.9524367871262333,-0.987477614469649,-0.962138466847774,0.9715370966177453,0.9223104941527942,0.6124934830776493,0.5901569752338165,-0.9494717470322308,-0.3577131748210776,-0.7507446034508661,-0.15437956396791844,0.5083207131480868,-0.592063991931495,0.8532971067040985,-0.9709418674858532,0.9373464012704714,0.7097940520481673,0.9506765515187643,-0.9789833946389552,-0.911108592830545,-0.6283958728774705,0.9522755245674825,0.9841734468447454,-0.854783181311973,-0.4945873707116897,0.8955092132567686,0.9641028030545292,0.27333817560300205,0.9049527958880783,-0.15737588987017948
-0.9451895862646011,0.7641741722638357,-0.37461613421540013,0.9672742794109596,0.8837132652140041,0.9607562106497745,0.8013728836340427,1.0000000008758483,0.9350070490822461,0.9427656402886327,0.8244773484585625,0.9065909135527576,0.6982271835585617,0.8035721144692415,0.7757248533371702,0.7947360476368055,-0.5074502971471604,0.5253506353546371,-0.6750739915659615,-0.7307326993175899,-0.913872259721261,0.6796292278033,0.6512664577712289,-0.8992793733831917,-0.9004762474474584,-0.9356398304207328,-0.7697354192862645,0.70301925177653,0.154983040157725,0.8839068311135068,0.2196435762184383,0.7628025959283405,0.9186053331287989,0.7982260204950778,0.3556035014761774,-0.6289665610159748,-0.6407988741037808,-0.8437977144337816,-0.8925090884393494,0.8697444326491568,-0.6924470973351788,-0.028617916234984515,0.5771901775801874,-0.797930555659808,-0.75991153342805,-0.7931209831991302,-0.5284316924719722,-0.7824291734793928,0.35272572632959065,-0.9308566579973339,-0.8265937437021552,0.7735584497722603,0.7890359944836302,-0.8570976743898585,0.9565626286878838,-0.3340805279784369,0.93564696653705,-0.827737510178788,0.9528794484271734,-0.8968516270159553,-0.9454875122197179,0.7900660524798431,-0.9177815506257437,-0.9326764853178213,-0.8618056725628286,-0.712326825506938,0.7895171828843266,-0.8781989375759125,0.840424290301913,-0.874990404107419,0.1549121033997096,-0.9581435813821697,-0.8455911126255462,-0.7399369348689313,0.8627938093144214,0.9517751658072108,0.8305882897093155,0.9954455094108976,0.5264040974547649,-0.3327248068822421,-0.890163666334104,0.8019395293269715,-0.3999389080018248,0.796744064360177,-0.7564246345274498,-0.7804993539056742,0.9361746937785222,0.6774966012874525,-0.8255902469953591,-0.8941309040332319,0.8837515336925746,0.7868401002216135,-0.43219668315034476,-0.8841868074161167,-0.9755827057752899,-0.033384926003733474,-0.8686090989253135,-0.8583733271420452,-0.790506522849102,0.8991727069146372,0.5535099661992675,0.2690489909047911,0.3777008910700887,-0.8995874859223992,-0.580792110541633,-0.8675420236108482,-0.002752557226999939,0.3628630963340474,-0.9039794406967736,0.8000680899629665,-0.8186634000749327,0.9197961751053989,0.9649460088773888,0.8816796834594062,-0.7947587287317465,-0.959158387140552,-0.6568704219560897,0.9448590096364958,0.8751623590974004,-0.8927223810020581,-0.28756551160444616,0.94870249967529,0.9160679936399319,0.41657645307434926,0.8634635232336612,0.21655775217009152
-0.9642442883337335,0.8519985794828793,-0.5036946398257975,0.9819054370413781,0.9717894337859593,0.9341653240979427,0.85741677121668,0.9350070490822461,1.0000000005850795,0.8768085198223123,0.8603601056545962,0.9238432018546254,0.5996693080164914,0.8904048278947272,0.928885590151178,0.7564984600744568,-0.501175927883184,0.7707442015799931,-0.8324780175528793,-0.7138207862926812,-0.8696191526188436,0.5790609659456709,0.4702424355160126,-0.7767548451901121,-0.8617334741732245,-0.7924212526358507,-0.6402140067516637,0.7801076621243026,0.13756391224808906,0.8011368477843194,-0.028223227530732444,0.4936644151495203,0.8796996582473942,0.7804799299563221,0.02975874623046885,-0.704900054579703,-0.8213006381823296,-0.8612134414020781,-0.8534809676590591,0.9086149007087705,-0.6320127540961382,-0.35545729940426546,0.5879935658887077,-0.9431644094950441,-0.6996350874468386,-0.7988761665855627,-0.628045259412317,-0.8344659829963561,0.6534908660333036,-0.8886530056305195,-0.6438084408670477,0.7727901322282493,0.8256680645164904,-0.8458046365109824,0.9024061991832818,-0.5385102830712879,0.8710259242651663,-0.8870948015039216,0.9206933416398425,-0.9453149010893235,-0.878560077748251,0.7463048848444583,-0.8956514400566984,-0.8103141195865156,-0.7421425757031436,-0.7349702707186856,0.8466639649850858,-0.6742247171450284,0.9300906875548696,-0.6955960480630498,0.3431613575634308,-0.9320917694355568,-0.8153827949363687,-0.8718177776365356,0.8652261247883541,0.8045579405914168,0.8639640919911249,0.9614216702873903,0.6890496565122298,-0.5083372047180695,-0.8386382646276807,0.8755111540065942,-0.47342409515569955,0.7943567180695443,-0.7795036692779844,-0.8352571596102614,0.9412350545579338,0.750314483218477,-0.6522735321827502,-0.9477716660927741,0.8235188671455302,0.7884330675747284,-0.35298129595153216,-0.8939515130919508,-0.9522407894851449,0.2683063665113326,-0.8545372926956707,-0.9051359859492842,-0.8524988470400914,0.9537068341575168,0.66247431511183,0.370495210328407,0.25263747415535226,-0.957754302397858,-0.7232025126393432,-0.916469586410404,0.24325284685226456,0.1525562495343992,-0.7760474750338164,0.7031717076645053,-0.8604740539538736,0.8666627368710691,0.8141430225635945,0.8261561630612209,-0.9080204527847354,-0.9834040473274024,-0.8657267419884076,0.9354805388932576,0.9099563341178943,-0.971100338967783,-0.19107371885298674,0.8794722863195493,0.9348127771028802,0.13623773332909753,0.8061778694331595,0.3202818691562796
-0.9648790387991903,0.856888565800357,-0.47242425104727237,0.9443946235111642,0.9024979286673347,0.9904640306859533,0.9201369990384605,0.9427656402886327,0.8768085198223123,1.0000000006568681,0.9042055747772846,0.9697448117393838,0.5822690523197633,0.8873790262605485,0.8107414364076463,0.9324363884300595,-0.6326421312942102,0.5549641241994447,-0.7793560619857041,-0.8846680837777811,-0.9952371957003036,0.8702114164621055,0.420460962821472,-0.9829013221113972,-0.9638003114494809,-0.9554790672617011,-0.7391482453109762,0.8212597945096177,0.23351357571432055,0.9517684927494919,0.048515324232956965,0.6921684575444162,0.9885915298676913,0.8791716793971845,0.2912988052753113,-0.8028569430245892,-0.7429790404471223,-0.9222227145054703,-0.9534949130284834,0.9494494538429837,-0.8075195161155302,0.021800775613576674,0.7893539807314744,-0.8150340651568102,-0.9236032799297351,-0.9048962416656772,-0.6781342061702124,-0.9171704491882513,0.3640670444054149,-0.9628909623870416,-0.8874923065885091,0.9331851067167556,0.9058382357509965,-0.9658054363780442,0.9980598660820538,-0.4676228492369713,0.9951382452498259,-0.6259689948816174,0.9912751427287543,-0.9481933195837898,-0.9835939939844996,0.9083775412767523,-0.9577319610897423,-0.9235397475519418,-0.8712647095297783,-0.8404729337366758,0.8996514531785337,-0.7969056983659127,0.906124940460877,-0.9218164381720756,0.30729255201406225,-0.9700049572800443,-0.9586798460747075,-0.8285196631751436,0.8610680349880658,0.9563337609901057,0.9307282243950076,0.9445842913785711,0.6826722568020785,-0.4162742678842939,-0.967553592619005,0.8823341663179755,-0.5182094323536062,0.9246957803727627,-0.8855741062215089,-0.8909268878489817,0.9439083974230528,0.7949942490801344,-0.9319630640113892,-0.9392040762963985,0.9531402771552483,0.9161861076599938,-0.6135553957220441,-0.9486153175650159,-0.9800155251718375,0.08625660958920185,-0.944111081388946,-0.9338282200835956,-0.8722298407790928,0.9399358394594305,0.7281053289391568,0.3948842104184113,0.5679311280287953,-0.9168608599716213,-0.39642881360813337,-0.815295140420059,-0.2518608670199459,0.5761897825831516,-0.8296314728452275,0.8960166839784842,-0.9029771803061205,0.9845602446082838,0.925686258186922,0.9868403980326212,-0.8691883748871418,-0.9476110944100309,-0.5295110810363878,0.9857231077491498,0.9576261562399407,-0.8645015233078938,-0.44424803783217687,0.9757171982003879,0.970952978224247,0.4739168054699684,0.933206615621234,-0.05317631665004071
-0.9122151449695833,0.9879777714580972,-0.799550374640792,0.8705426344382828,0.9141177240704019,0.9210527450005969,0.9654155294396971,0.8244773484585625,0.8603601056545962,0.9042055747772846,0.9999999994791604,0.9664972303511615,0.23383252482391478,0.9812766658520243,0.8789550798059774,0.7993952455680635,-0.38723912713667485,0.7920987353735499,-0.8326037399887235,-0.9617764757763693,-0.9131164565929459,0.8569064027781097,0.28874653119300575,-0.8530493444785928,-0.9746666801996169,-0.743305992561803,-0.7826918519435165,0.9815348431815306,0.5316057226269553,0.9448413672839394,-0.015186216848861603,0.3818924238970089,0.9572350169290215,0.9787481987609958,-0.0973263499791008,-0.945534071902501,-0.8733504906405736,-0.9985499034462416,-0.9761393429719396,0.9060957195343717,-0.9185648745008119,-0.3298451045371347,0.9012727350685404,-0.9127973426219689,-0.9228889877328608,-0.9914158520515207,-0.9153415723358076,-0.9425754588623648,0.5209130994938298,-0.7997231143250665,-0.6154445422723234,0.9051035924437764,0.9921956159242665,-0.9717289579345013,0.9149923031381484,-0.7857421509448981,0.9327864082157943,-0.5547183508905053,0.9406288017290879,-0.956902261508325,-0.9389693952921597,0.9667366560881019,-0.9769694791985433,-0.8675994774466234,-0.8742142997502531,-0.9779196587315202,0.9901793090688006,-0.5082492010703467,0.9306627781040056,-0.8055559232910013,0.672198748487356,-0.9512024164637581,-0.9717465772097496,-0.9498043940783313,0.957656644528094,0.8184975662804578,0.9917865018818328,0.8402100524926005,0.7121105654610427,-0.764730956860156,-0.9671171065263717,0.9935074885900932,-0.8141812900994674,0.982248260895949,-0.9873868009951651,-0.9930776874855626,0.9673037746748201,0.9742354299080207,-0.7498727643611641,-0.9016210917224725,0.9636492881802771,0.983488018046616,-0.7675199876388756,-0.9921891522823395,-0.9160815347179617,0.45552976206674084,-0.9897638239140496,-0.9880907967971763,-0.996923427226157,0.9602990119656967,0.9207880301534044,0.7318089370297874,0.684433554568656,-0.9702127833012838,-0.28760693871534565,-0.66322142721259,-0.10478924884221869,0.5473433481328049,-0.5464186009464586,0.9237317149088209,-0.9996641614510131,0.9559113355159924,0.7234097139948438,0.931923472801689,-0.9509804153068919,-0.8975622648525075,-0.6534683195696716,0.9407210784939499,0.9374993358493244,-0.7952242350342034,-0.6326911642663332,0.9365860194840774,0.9237291488056071,0.41487973000243666,0.9654550309325554,-0.20069783655493117
-0.9834917790980819,0.9504424792058526,-0.6253325851064626,0.9553843308293053,0.9672381493648866,0.9847129663597932,0.9787384741213,0.9065909135527576,0.9238432018546254,0.9697448117393838,0.9664972303511615,0.9999999990024091,0.4636392521333791,0.9717793029156636,0.9170237803838223,0.9029690111057955,-0.5816353540852442,0.7399333060878316,-0.8824764482219534,-0.9173156741653752,-0.9780061985901541,0.8413013013848039,0.3168307027599274,-0.917757624973181,-0.9722031402797479,-0.859696818267962,-0.7100299168809165,0.9163758333446257,0.3070543903422695,0.9353895330340581,-0.07745405310849215,0.5085549698879509,0.9866801401390005,0.9175650570841435,0.05215521809629429,-0.8921099622591435,-0.8753944621494455,-0.971635925133889,-0.9645458335090565,0.978605186969663,-0.8275564486377263,-0.21572876470303015,0.8406968276237053,-0.9255214105780933,-0.9176236958500643,-0.950988215584665,-0.7993909341258613,-0.968692499043004,0.5489883906494548,-0.9254078618484295,-0.7565558351901548,0.9473707305854308,0.9658355127979231,-0.9850855295084945,0.9764569547721156,-0.651925352129646,0.9739062260165927,-0.6513030721861931,0.9877537248135306,-0.9951709211304371,-0.9657211740245552,0.924919873057555,-0.9758013888791568,-0.8765715794950277,-0.8391721931551838,-0.9055361770978004,0.9698857116936849,-0.6509193252579222,0.9746493305871059,-0.8332017848135048,0.4921935964379454,-0.977067507509042,-0.9710307384470626,-0.9388177418269263,0.9079543963988882,0.8778867789908721,0.9835074921901504,0.9259700061530929,0.7793429865060579,-0.5944020858231088,-0.9672798189861753,0.9650586835645866,-0.6389928746353145,0.9600682253612565,-0.9428157436359033,-0.9628383994921152,0.9752208252333139,0.8923935608574523,-0.8290884508467408,-0.9765049646602618,0.9514331844338259,0.9556339467271447,-0.6308711390085776,-0.9869352922905313,-0.9770548809080435,0.3183809730345471,-0.9719985518112613,-0.9911695619823283,-0.9529215769516094,0.9925110404336795,0.8432486991241588,0.5357133358386098,0.5537585042809539,-0.9791163499614254,-0.44396208409783716,-0.8188270698524058,-0.10744527712741282,0.48634024763993255,-0.7201677157534971,0.8805524156995176,-0.9681148135198704,0.9768471342660303,0.8286908528995623,0.9711008726978835,-0.9620610129951112,-0.9690355170112822,-0.6694861462818565,0.9938034474460313,0.9910611515509498,-0.9035629765384577,-0.4586030022791904,0.9580930740769609,0.9907197756449851,0.3432719979104484,0.9379029058454227,-0.04343557495925924
-0.6015110887566223,0.18343625481658515,0.37218845331552497,0.6660531122575236,0.5147274951614829,0.5901348202222866,0.33410953997201936,0.6982271835585617,0.5996693080164914,0.5822690523197633,0.23383252482391478,0.4636392521333791,1.000000000956958,0.28159901385924446,0.4098129233561199,0.5858747341739716,-0.7096280162640474,0.03993204201677328,-0.36996533802387854,-0.14079743631606595,-0.5550323806319879,0.19548206745513722,0.48179051911957044,-0.5587006303614656,-0.3701286642642358,-0.7451982657009814,-0.1699056341623723,0.0719816415650397,-0.5782295876986462,0.34826970689946185,0.02940263607576731,0.7516789504902117,0.4632993598729837,0.1534935639653941,0.6410838579072448,-0.0498300265271713,-0.22071147167550484,-0.26368910900986153,-0.34246693873833217,0.5450431452497605,-0.017626396555599208,0.3294212453343948,0.0017715319321583566,-0.35809590638588096,-0.26399676911955644,-0.1927125109473351,0.16037345283829044,-0.3552438468330147,0.1838741993948059,-0.7490229620721144,-0.7547897713955162,0.39367932409531126,0.22310653412170942,-0.37258413560119297,0.5816258094443462,0.3040497180329069,0.5108509843046322,-0.7011960924705418,0.5385497440123397,-0.47256764610871027,-0.48444556032116537,0.1922228797651538,-0.38812232998778806,-0.4567114390827328,-0.29664928515468286,-0.06026540864416502,0.23963985956718864,-0.8411707580606947,0.45174199005310006,-0.46892987462586994,-0.5150787799039758,-0.4919663254575077,-0.3298372733627049,-0.24099735255748356,0.2432588423928211,0.6020786172453363,0.298219368908573,0.6991901849789784,0.3309652916688759,0.38110548888517615,-0.3691256972246015,0.23202666974888547,0.36365687625730997,0.23931264868994284,-0.15574398133137402,-0.20853844669330468,0.4299780064188176,0.015763118804619787,-0.5646404762117516,-0.573847853661355,0.33668448469297024,0.21820511028102726,0.2459748745550675,-0.34772742423789527,-0.5987930841081842,-0.48370015272003936,-0.3055589891656218,-0.34950633879710846,-0.1853696389631523,0.4602186123095894,-0.054860876797266,-0.48588510768006543,-0.250303719732827,-0.40502465919038505,-0.7379199787579364,-0.8234799402960904,0.0539761304266163,-0.06174846149526006,-0.9241340352338914,0.20952053208386143,-0.2339637989098423,0.4445617100140021,0.7520258877269849,0.4623472982943405,-0.3341798126685012,-0.6197999237405815,-0.35291854065229644,0.5470907524380433,0.4947942870940682,-0.6906649118497472,0.4003485887056678,0.4761557696210842,0.5630179583728218,0.004714535869970332,0.28498111220277683,0.6195837513233869
-0.9333404907251048,0.9939096627868234,-0.7617524521653914,0.8920009315990753,0.958545982294762,0.9177530838283149,0.9862881066715657,0.8035721144692415,0.8904048278947272,0.8873790262605485,0.9812766658520243,0.9717793029156636,0.28159901385924446,0.9999999998326062,0.9497776065911354,0.8288761345536808,-0.4884704337550403,0.862582229662595,-0.9220584545278754,-0.9235034797503747,-0.9092097602116337,0.8016345492851615,0.1779049613335101,-0.814020685336017,-0.9349089114182435,-0.715441683307031,-0.6573026102166118,0.9719356689939227,0.4040761924197877,0.8821471293486062,-0.18674452842237804,0.2980890906526743,0.9350254888257952,0.9213224263797362,-0.18149024270459133,-0.9498494954646138,-0.9479569924269815,-0.9742926876082924,-0.9312490170521981,0.9454413222092543,-0.8320727920608654,-0.4103000579038552,0.8775010802517753,-0.9635895171667336,-0.8864381072855265,-0.9594298682501216,-0.8967426306755739,-0.9708600435747822,0.663952370519608,-0.8244314751352094,-0.5906391702512118,0.921000301989724,0.9826441103940512,-0.9591763990622926,0.899266302254117,-0.809377914380374,0.9036402297125056,-0.5887011273838515,0.926857218870137,-0.9781023468397024,-0.8983849843151233,0.9121756506126338,-0.9425510006012957,-0.7874831101703645,-0.775291062828717,-0.9402745454792842,0.9926023666900056,-0.4583330347141044,0.976986718330557,-0.717206636567519,0.6705337163443862,-0.9256719515349712,-0.9436601494485338,-0.9906818115388899,0.9051988887165232,0.7555073438968591,0.987669490847698,0.836226576297158,0.823361635298507,-0.7500795311980155,-0.9247381588710255,0.9954954673016162,-0.7518487579596699,0.9581124251217338,-0.9639451412916612,-0.9892662095881006,0.9463680168356994,0.9542450935025875,-0.7002184281896053,-0.9446759021809672,0.9098826244579117,0.9585037057395833,-0.6622168446922354,-0.9736351035934228,-0.9097227557824915,0.5314000588149105,-0.9551034660292799,-0.9929013632449465,-0.9855933260015977,0.979783045077633,0.929317294313195,0.6755268173271872,0.5640639907676774,-0.9761372605352487,-0.40150626622845076,-0.7390717014110192,-0.01977643300334782,0.4291095338342421,-0.5481499992455318,0.8415689351567452,-0.9853667152775966,0.9219733692717688,0.6789867204257057,0.9122315098139513,-0.9923269801197113,-0.9175023326568661,-0.7243878831081002,0.9411147180699944,0.9647265165168178,-0.8603368597797166,-0.5008241836615687,0.8908309129006028,0.946895369057097,0.24110100622375377,0.9052819734223808,-0.10175059616098718
-0.9247031098113557,0.9194892759800878,-0.6198941297717011,0.9052062815071318,0.9800780797578736,0.8705522452701366,0.9266736197672988,0.7757248533371702,0.928885590151178,0.8107414364076463,0.8789550798059774,0.9170237803838223,0.4098129233561199,0.9497776065911354,1.0000000002393168,0.7879967347965038,-0.5753003077733243,0.9093208355964858,-0.9705098778404259,-0.7629378918613121,-0.8392344777714768,0.6090350419608761,0.11895337052302071,-0.69774987097906,-0.8151614596193161,-0.6512647421149863,-0.4627593480942963,0.862954102620237,0.15442623758745494,0.7298039411370612,-0.3508095547925604,0.21235415649348946,0.8399803064412349,0.7641077251529232,-0.24949052071384029,-0.8381837521760657,-0.9709360695301142,-0.8657243725039437,-0.804606841297194,0.9358806487874601,-0.620096083472124,-0.5173097918087841,0.7121843453567048,-0.9906121087601402,-0.7294461322750043,-0.8248925146636986,-0.759576576230069,-0.9165154290128101,0.8354469598384847,-0.8249918882378957,-0.5202261686952718,0.8421018272228078,0.8777014545775671,-0.8583270741339565,0.8301226628041068,-0.7398488637015429,0.8058213705740395,-0.7098998610259963,0.859313258180814,-0.9508985888545064,-0.7926754235769626,0.7450098038854038,-0.8402106435468539,-0.6496743949414583,-0.5993762882619069,-0.7883914157500557,0.9074625969196543,-0.41980287358195656,0.9792298025655614,-0.5482239764737458,0.5584744232820252,-0.8511922539589581,-0.818470515841073,-0.9695340874635597,0.7924822082571706,0.6418176440186639,0.8990908348799771,0.8283140182834154,0.8852612643522184,-0.6475419305260086,-0.7958916978087903,0.9217280406151783,-0.5671724735479909,0.8293477257207892,-0.8332273630260869,-0.8944613507232153,0.87753741014159,0.8301531936696647,-0.5651206305793322,-0.9555572210789685,0.7679855999220432,0.8273842418193732,-0.3974775254088219,-0.881219276259938,-0.8692558225176328,0.5513568620540478,-0.8349180120543305,-0.9283773067342852,-0.891537426439962,0.9541135595786119,0.821689229077714,0.4969752156249228,0.2788712284056514,-0.9395964799473178,-0.639842421485991,-0.8537781118818816,0.20732983832982937,0.14893763802381715,-0.5782060733437278,0.6481943043645061,-0.8872648311166659,0.8125040508005021,0.6176484045938301,0.8072978999208564,-0.9800445702230989,-0.9213827081324201,-0.8517727523640768,0.8922942986303964,0.9344606827003396,-0.9403116016666848,-0.21237572601558874,0.7824958462694589,0.924911549254222,-0.042694270877293335,0.7529797685958269,0.1724799213536842
-0.898038702749896,0.7829265082271273,-0.33772369955281883,0.8538904409171345,0.8460413183175433,0.9077705377986209,0.9041483769134381,0.7947360476368055,0.7564984600744568,0.9324363884300595,0.7993952455680635,0.9029690111057955,0.5858747341739716,0.8288761345536808,0.7879967347965038,1.0000000007324938,-0.844001040218022,0.5026114754832548,-0.8408544192409747,-0.8267259613889597,-0.9567059706743115,0.8558154496069708,0.10890657357737837,-0.9262460944180493,-0.8446707618197312,-0.8916640782051757,-0.4707683022983969,0.7454974404895871,0.02738239899710735,0.8191864429168719,-0.25657187353500127,0.5632967287245682,0.9048650469631592,0.7356150175212955,0.24496545862966632,-0.794674085032401,-0.7651849187565265,-0.8147616060270596,-0.82428651825852,0.9487368236213449,-0.6650886619044469,0.09250735631085817,0.7936232398206194,-0.7458763651405879,-0.8969475898303505,-0.8143884524338884,-0.6097590537547579,-0.9290167121452647,0.42695173796237096,-0.9476565416342829,-0.8887229819240225,0.9676980048669152,0.8433898449077994,-0.9134623335569185,0.9150679602783308,-0.4310957112881543,0.9053371078957368,-0.44640052565166777,0.89772903066671,-0.8878138690713516,-0.859911765536652,0.8079499189168371,-0.8236727550875088,-0.7312904837010648,-0.6601762078514363,-0.7477604741102261,0.8441440596450263,-0.6752545648633845,0.8841581716748579,-0.786017737531283,0.26305712776593715,-0.834564930148558,-0.8915902596111599,-0.7958156486356874,0.6604232733248099,0.8171338992483879,0.8663190521136446,0.8148459433506964,0.8294237539977141,-0.29501845297061174,-0.8601695114965946,0.7978732882247337,-0.3781806841812138,0.8628469673501086,-0.815327014798629,-0.8260988538333057,0.7990682736057343,0.7043522296219965,-0.9062929539726254,-0.9142727626238418,0.8252529952014716,0.8522959332374842,-0.5137489511726927,-0.8439522017859724,-0.8733933840276629,0.12608732130481676,-0.8308020071012145,-0.8613054688257336,-0.7711840327357716,0.8663766134271129,0.7175067139125428,0.26915810653650646,0.4775776314886462,-0.801731894196213,-0.35876082353816974,-0.8030761964256536,-0.3765871192700963,0.5550117540363988,-0.7630125309518309,0.7601451679965424,-0.8064253630635817,0.8836586877453757,0.7974831991088107,0.9420578371012934,-0.8340059769074913,-0.8559614810921772,-0.3946043939522353,0.9081576913710842,0.9371122742110668,-0.8253335623931342,-0.30610425233732064,0.83678330866371,0.9316728068236558,0.2922789155079117,0.7938439249612266,-0.10423829389286551
