0.9999999980861749,-0.9018774855319069,-0.9864529822003136,0.9230158982261603,0.7800649759522438,-0.9438282561440922,-0.6202883363887907,-0.9917081726205881,-0.7002270996349239,-0.7380184688421693,-0.8804238738858756,-0.8443624023578764,0.9827407225606141,-0.9595512972525118,-0.9721082517908226,-0.3232128139880707,-0.8100021235354333,0.7369211789296978,0.41533793807158265,-0.021094868434188035,0.819164222786182,0.9600485874784954,-0.5088523311018844,0.920942332200352,0.9510698539246547,0.5859996474848178,0.8895437498429474,0.6435916243116299,0.6994371748031776,0.7374006932257421,-0.9507065880297408,-0.8703465765432004,0.6787428511042193,-0.8536592531027699,-0.7789166000528672,-0.3367049689236271,-0.2983055340290937,-0.921251534690865,-0.8651259193623354,0.8494378021857591,0.7184403576390392,0.9062003677239842,-0.6525819551261758,0.16285130438029088,-0.6687907141789448,0.8259988156617437,0.9632070648740313,-0.6684508246409075,-0.03432697576466775,0.9246419182115367,0.6433401852481438,0.5563637317861065,0.9704382645011946,0.48364363989843734,0.9393277379949618,-0.17650752664512886,-0.8391762445565178,-0.9127735559269822,-0.6731138428744375,-0.9247004250006018,-0.9576509504983287,0.9845055903068756,0.9657081460589837,0.9635511140690869,0.5544555159271839,0.9334400312600271,-0.882659160519308,-0.6377132536510963,-0.9254276699349082,-0.7726089552028738,-0.6038625484722798,0.8274659581788714,-0.5005895133305469,0.8876741248103271,-0.9814891253505938,-0.6606102116324142,0.9033771743921244,0.366911631372901,0.9429182415200742,-0.5659085107750368,0.6871820614528589,0.9849264207139264,-0.946457598074282,-0.8640922971512053,-0.9416640678797251,0.848644321761792,-0.4677247957416775,0.5354295604966427,-0.9794690802256169,-0.9793797273561806,-0.1066038847248924,0.9827188254637907,-0.9816822439099943,-0.9835875459933195,0.8800246955819678,0.9835368605312055,-0.9879149046575749,-0.28781681642240875,0.35282493171180673,-0.8725321552316727,0.11586958614769044,0.8498317051155279,-0.10928696611557664,0.8121311715073211,0.7256245844726257,0.8954721704065545,0.6375281840678274,-0.4757343666167806,-0.15703534113877157,0.970827191064281,0.9225906749163131,-0.8849135412050882,0.5723490864061761,-0.8128002670429203,0.010098233598507145,-0.8760254052060215,-0.8856437557782425,-0.8252963706024364,0.5239965784656672,-0.957349454978725,-0.8702005031512668,0.9404978186435764,0.7123170513021668,0.7095464228436339,-0.8107789829172249,-0.37851791503997384
-0.9018774855319069,0.9999999986711302,0.9218942016700254,-0.8165856883393348,-0.6113596494209577,0.8286836494551393,0.3348567375509214,0.8510746296803203,0.8608759096793339,0.4047138124026304,0.9366860374978838,0.6866587266587894,-0.915808502346156,0.928507462473116,0.7897407821979434,0.2721686383078841,0.8799279655979304,-0.7346922924364909,-0.659311155171547,-0.06131717555836819,-0.8108428953345613,-0.953200114282404,0.25583514389927314,-0.9827777280943175,-0.7692557769276227,-0.6835151838309063,-0.9472509428927692,-0.598206734624386,-0.6988471518993262,-0.5237318896640161,0.8079932600727493,0.9889197891462529,-0.777266108364841,0.8809359185617964,0.8879106668365522,0.1935192282714677,0.20866518899817318,0.859190625174639,0.8491144252021855,-0.7776301285297605,-0.6272781177170449,-0.6493448576107106,0.5186968980182001,0.11808483591060952,0.7344884201888331,-0.7877985949227002,-0.9422224087816152,0.4713901728474341,-0.2983965462844452,-0.9053615039970797,-0.257251717833113,-0.5885402657441998,-0.9465372788028281,-0.7145255679757067,-0.988895554694282,0.574349052734381,0.8052624119977104,0.7194771737758722,0.7458465623021401,0.8798418911380216,0.9258452297036113,-0.9488760813009478,-0.9190442672584123,-0.7955150824741721,-0.27221689494395,-0.869075893827128,0.6183917836632965,0.7914777528859254,0.7221471228754327,0.7588200779902334,0.5786422162304034,-0.8539525754389752,0.7744218447904039,-0.9025673019614023,0.9026807125904523,0.5024301174487317,-0.6905612901925652,-0.14206351129426043,-0.7611373222109538,0.783328597907501,-0.48198622688643755,-0.8412349132129996,0.796532020979861,0.7882838651569336,0.8542067235010894,-0.9633931717569097,0.06071905801485031,-0.14829536667751522,0.9658261370680683,0.8124399966157715,0.4440872213207166,-0.8124604429913519,0.9338196882735667,0.8405420265001371,-0.8189307036467535,-0.8923545683941165,0.8425379078007175,0.21334451515653383,-0.5179501414278974,0.8124914819996412,-0.17666185689303962,-0.6576654630172949,0.07671331478484378,-0.9307715382957306,-0.3698119927543556,-0.9946228050409914,-0.6517476119038066,0.2934970927780183,0.34327776770621893,-0.974541676342541,-0.8018999521412121,0.6895755583858569,-0.6918730320640482,0.7759808659883036,0.219920521128278,0.9201116043664472,0.9366668735187379,0.9300176653669829,-0.27670770201170936,0.8808405932163389,0.7742415905657279,-0.8208515850686247,-0.9059071251981885,-0.8174060288338459,0.8992032456821645,-0.002852861593906526
-0.9864529822003136,0.9218942016700254,1.0000000017911896,-0.9562507776040823,-0.769351051624599,0.9735191187341437,0.4992255573692222,0.9732589607757839,0.7581801614912277,0.6496337626625666,0.941474292141968,0.7510943889389784,-0.9913052478206253,0.9382404553338497,0.956734513249147,0.43269063853396,0.8889536456625994,-0.8254688009477622,-0.40164305505127285,-0.09277415058168303,-0.8715539461212185,-0.983895219464023,0.36883794871395026,-0.9574533487667302,-0.9216758596478306,-0.7042637081185597,-0.8969741916697488,-0.7289043500977317,-0.6200519198502246,-0.7521192792523806,0.9693248975800896,0.9125785171901026,-0.754135938220208,0.8248403309447404,0.7768949243146152,0.19206537016382694,0.351536759548562,0.9012124737574393,0.818810270073854,-0.9088867023749658,-0.7951657941714726,-0.8764578662981432,0.5336009579322576,-0.01187803932121883,0.7762040135151002,-0.9008816667582553,-0.9754333571251406,0.5501801555543896,0.00988493746623984,-0.974028905849002,-0.5756945387539204,-0.6765582330818981,-0.9930443357887817,-0.6051099420512933,-0.9460183279250783,0.25575577220854556,0.8806996841429746,0.8522284504401983,0.7773219096842657,0.9721909329880002,0.9862985677589635,-0.9899957918139325,-0.9855215771044757,-0.9308038237009556,-0.42618049862322954,-0.9715720760863086,0.8498591557649222,0.6585057436610418,0.9184249669869117,0.8561731491538039,0.700414567043396,-0.7905513617762097,0.6096518878011183,-0.8767063026776677,0.9668203915532475,0.7021739270405277,-0.8360796038270087,-0.2228720930719686,-0.8867410030052035,0.6668603916108685,-0.7274005366863175,-0.9813031891543682,0.9514925005689258,0.9237843716116586,0.9787254965737778,-0.8610000157616579,0.370295626104288,-0.42987165569141106,0.9874883564113913,0.9701931040179527,0.1244251795927246,-0.9604021000353957,0.9961398317236254,0.983015380729022,-0.9337118945120949,-0.994988427874219,0.9524487558946291,0.2051057401792299,-0.32461541004815,0.9250305846933171,-0.16639176156715194,-0.76294200823661,-0.005006504784478466,-0.8839567209902386,-0.67126251826949,-0.9213569767765499,-0.5578785335157912,0.35308952050896747,0.29695457203005343,-0.9681532860302277,-0.8658113053283197,0.8371747628081145,-0.530698503036898,0.8823314137752356,0.11454602069181113,0.8998929570077491,0.9144303231730755,0.8978294454394569,-0.41827218163355545,0.9684732529577394,0.8666059392967951,-0.9532234585291315,-0.7525580371111126,-0.8021787039331382,0.8919571448598641,0.28504368081925197
0.9230158982261603,-0.8165856883393348,-0.9562507776040823,1.0000000036229169,0.6777591333721951,-0.9769919932626222,-0.36754635809118186,-0.9096739974348764,-0.6169155722955575,-0.6588492343823217,-0.9020513041215885,-0.6359864341276714,0.9211726221031419,-0.7988484803590429,-0.9229936691351052,-0.6600436255724114,-0.911766746065134,0.9248469676528466,0.13554976239012714,0.33107637091436737,0.9434853219500734,0.9046300805680879,-0.2409016082651,0.8790969129472097,0.8392971095227371,0.7710025669409568,0.837267932911042,0.870460652780095,0.38295405683868955,0.8962098055082118,-0.9896475954054755,-0.8379824207270296,0.6536790442281242,-0.6238870612228917,-0.5681664707321662,-0.018192446511999954,-0.5908880321777943,-0.7481416450391519,-0.6224762738144088,0.9795233692421441,0.9221958524468942,0.8563688883439632,-0.3354961415056246,-0.011201958888997731,-0.8118534039328753,0.9258767608189501,0.8753064116909097,-0.3852859056583354,-0.2492620126170536,0.9601573648471333,0.6374455869156699,0.7825151364966657,0.938535168398425,0.5810631936394477,0.8426761684788279,-0.13189018793917706,-0.9494535807514415,-0.7703147669635102,-0.8508372766024502,-0.9832886548900529,-0.9265584117638607,0.9390445844653009,0.9672802696325352,0.8413732642238948,0.30568471414707243,0.9939406789757171,-0.8810176007255747,-0.44238849406827907,-0.9617178988233541,-0.8787711913869342,-0.8570164070275604,0.5787611202726005,-0.5504057020537212,0.7008701595437101,-0.8592363390315599,-0.8753381074317592,0.8004224582128141,0.1231329108719627,0.7856845003474586,-0.6286265885403313,0.8921307494993356,0.9432536698419207,-0.98336315162271,-0.9809986704417387,-0.9770884268845309,0.6944813313451554,-0.41927284313473734,0.39421362426494905,-0.9049567188969572,-0.9398091665374798,0.12159687256191191,0.909234480820078,-0.9339481275465121,-0.9625379755848652,0.9707445903394913,0.9689602558140987,-0.8850968995438007,-0.21792919865652166,0.04131462584332386,-0.9171895113880865,0.3613128236974647,0.623522850986103,0.26758300361812687,0.8695158461669634,0.7365719980501139,0.8276331741207034,0.3103479789412631,-0.14689122466998913,-0.44829991943085895,0.8653778088787567,0.713979605989428,-0.8337891104504815,0.2607617252347576,-0.9658412308704001,-0.2821062115665218,-0.8779023189881862,-0.7901230491800997,-0.8792839854233796,0.2450756819157027,-0.8912423469295591,-0.7752412319866021,0.9846100135864747,0.5788953606704911,0.8564917080967399,-0.8903469948239878,-0.23463775790624417
0.7800649759522438,-0.6113596494209577,-0.769351051624599,0.6777591333721951,0.9999999998923436,-0.8123945854173362,-0.6912755525593763,-0.8297016777607549,-0.7028011849480438,-0.5668493213248375,-0.69580504643954,-0.5623544787319594,0.7927859945309971,-0.8061035880189305,-0.857856496448469,-0.16263887320503537,-0.5581627168517646,0.47900985920735434,0.36554360126462354,-0.22590948950803216,0.4149819922194659,0.7809673721618401,-0.3944137502566656,0.6945094857777888,0.8691844757551768,0.49945377955513715,0.44150185794278374,0.4802861600271488,0.5517887498946015,0.4399417778507388,-0.7589277101220865,-0.5610111130771697,0.7672582996229261,-0.737137611472409,-0.7016821353603264,-0.16746582645531805,0.08372221618282497,-0.8655969096883155,-0.720248618064407,0.653553086954725,0.5713359617295272,0.8828284881916999,-0.5266202935530759,-0.0006463412201419428,-0.6220165047402569,0.751959372953611,0.8155442218707206,-0.5490687767949475,0.08503293959109909,0.7406026143186254,0.564643293508134,0.5026252314663995,0.7744127952403356,0.42328038651185235,0.6266872783464007,-0.04753370479300219,-0.423629861579418,-0.6789136547851612,-0.49482075919305724,-0.6986003001512854,-0.8144208891422312,0.7054763281220909,0.6532775954128178,0.8771615190860187,0.4916491575364678,0.6872959661783695,-0.6588219379416459,-0.678986804858472,-0.697005154378463,-0.7564675244196404,-0.36986279855188764,0.7066632347664872,-0.3599667591276487,0.8110650948467755,-0.830958516102758,-0.3638492367112733,0.6140703779269945,0.1403889283731454,0.7915949628842314,-0.4914086788090744,0.45979578986515446,0.82400482648458,-0.6697040517100316,-0.6906125833557403,-0.7839475376099599,0.6777586229691639,-0.4065569668099415,0.6331014988713074,-0.7442115835297995,-0.8294581466127215,-0.09868480801962483,0.8378432908033873,-0.8013171504732626,-0.8044018515900291,0.7356681103815105,0.7408158338986718,-0.7651642051081582,0.27520812832683367,0.44403913720400373,-0.8484919982164348,-0.4259415077319006,0.7249827915823108,-0.2555493396760237,0.5109950561938627,0.5978393849594786,0.6349911864767553,0.5010250837124945,-0.5192421884939703,-0.008286760196103478,0.706492219433635,0.8213519354293332,-0.5184423569983213,0.5814119068393013,-0.5271341487150546,0.34318524211792895,-0.4183395887483398,-0.8140353670831583,-0.569481776768763,0.7342894383418438,-0.8962239636059943,-0.960399835273798,0.6226836311703425,0.5885315943770122,0.4239276761116636,-0.5696934307118242,-0.6721653327037136
-0.9438282561440922,0.8286836494551393,0.9735191187341437,-0.9769919932626222,-0.8123945854173362,1.0000000005404766,0.45816166531571456,0.9466993988558635,0.7125268507760603,0.6462090863031041,0.9241137743156883,0.6422655214283127,-0.9566715555645767,0.860672355660732,0.9607798626846947,0.5655817047848265,0.8899249701204562,-0.873234393554752,-0.237840464454797,-0.19518813255074585,-0.8632400176729272,-0.9445670030630902,0.2750608598164923,-0.9030048457616239,-0.9037835642181737,-0.7675807612286641,-0.7918335089433378,-0.8182221951425165,-0.4633096420161283,-0.8109610996309972,0.9902594577655054,0.8353791616807252,-0.7614638056934044,0.7126551477145473,0.6672055129496106,0.04357873997914161,0.4239943611883067,0.8422526106044935,0.701850647996983,-0.9567242981492114,-0.8861750650614933,-0.9089313066826485,0.40040451466907057,0.05349263005733754,0.8356898981408956,-0.954779148052751,-0.930280503771208,0.4435948472826656,0.1332099476051795,-0.9755682774188821,-0.6302688386411234,-0.7744708955402411,-0.9635817389213974,-0.6118746018787092,-0.8514045953077309,0.152106488474391,0.8680966707506134,0.7899631969659918,0.8241011318622783,0.9792776172048578,0.969075399379811,-0.939349821092315,-0.9503312245041567,-0.9054723497267086,-0.35721978814303484,-0.9785307938318246,0.8630101820535319,0.5702861326854568,0.9392579209611988,0.919949407111448,0.7829110819752079,-0.6685200116018557,0.5722376292372495,-0.7947284481847324,0.9149164230758696,0.7760227033255237,-0.7827862990494916,-0.10920349577036205,-0.83386265059023,0.6590107939667181,-0.8190497958469357,-0.9733947994850314,0.9548999941402183,0.9713045334268829,0.9964963738394229,-0.757963957946082,0.4086610436635517,-0.45803161070457216,0.929416939335115,0.9689357646763326,-0.028789863481574033,-0.9455568462202251,0.9667440425382847,0.9804357008460317,-0.9736157390457821,-0.9742167329203384,0.9046075084799579,0.07490865040479354,-0.18648766730410493,0.9688921699481763,-0.15747578532965303,-0.6840579625179203,-0.13628981090572032,-0.8473999775447878,-0.720434426231784,-0.8418904459118431,-0.39499771379289633,0.25318790978354583,0.3718067585753782,-0.8873244420267792,-0.790460101458791,0.7880655217056429,-0.3873977796733251,0.9156931910710625,0.1411587326193655,0.8188332359465718,0.868859235403368,0.8715691571114508,-0.38636262827498963,0.9593874330401561,0.8769311994716759,-0.9465925977765969,-0.6534765084103556,-0.8083461157914537,0.8824015498833007,0.34822659742245365
-0.6202883363887907,0.3348567375509214,0.4992255573692222,-0.36754635809118186,-0.6912755525593763,0.45816166531571456,0.9999999988756099,0.6814640697839708,0.18557977082890934,0.8334586526357122,0.22332802479002617,0.8324344650200479,-0.5459543911993457,0.6459760994066781,0.6830048497373121,-0.3213613981118003,0.056436447208580556,0.009576366272616791,-0.25778937918945477,0.6471596822214647,-0.11912013927224474,-0.45180083098535667,0.9231609132722494,-0.32596932845828375,-0.7648373438550651,0.18173097294593868,-0.32180769205510207,0.03428153441118578,-0.7348142340870589,-0.31230013846554444,0.4849432669018558,0.213750532212971,-0.17154184148533766,0.6303145551988432,0.46858240378909205,0.7843272031585126,-0.22169152965232092,0.6907723544737323,0.7086401221257922,-0.21864065922992865,-0.08594236698802211,-0.7610528821890162,0.896446820117612,-0.6902914462129907,-0.04533605441195794,-0.2125124283922282,-0.5218755321126255,0.9319092159007869,0.12290659988333051,-0.3183415231738856,-0.757070954065274,0.1699327247129405,-0.4453048294096319,0.26590972989698614,-0.4259654066348088,-0.38713283114675334,0.18020250841263272,0.8016981520918178,-0.10891378000301004,0.314094099188135,0.449819347925931,-0.48303979357684196,-0.4134970217179234,-0.7699741903664371,-0.9496486056511234,-0.3418684173621227,0.6747230887144563,0.3368345346989629,0.5592129698459665,0.15580807393673937,-0.12487660613905763,-0.6485543385465931,-0.2491406141892699,-0.5979266247950336,0.6563784344677035,0.12834040437000585,-0.7690329689621273,-0.7881464305644856,-0.8283302531812657,-0.15813052758363105,-0.21414639477043818,-0.6210405107602839,0.4925869882006879,0.24831908342164438,0.4143807178388834,-0.3995868825051334,0.7810465955680965,-0.9302659164312049,0.4959258177666299,0.6476425781293693,-0.06267516826809923,-0.7052099806160104,0.5044853824958171,0.5897781104218316,-0.279953631183576,-0.5062840443265699,0.7154947665603307,0.28080576769466453,-0.38667929714585547,0.349092378214825,0.4300600790879613,-0.9111420333506929,0.6533562011079518,-0.05652600248806103,-0.7219490249184722,-0.30930115721647794,-0.7060561187723601,0.9126658295119427,-0.6223866508343852,-0.5151683850004867,-0.8221808145911431,0.6521423751458679,-0.53275115189186,0.1154780514286667,-0.758509637463124,0.25047330963559655,0.4153345023371739,0.08748186161613256,-0.9545397491738032,0.5669252092412104,0.6183220992363183,-0.4359775360982771,-0.21199561044304643,0.09981992061860841,0.0629832571472128,0.8759279458174092
-0.9917081726205881,0.8510746296803203,0.9732589607757839,-0.9096739974348764,-0.8297016777607549,0.9466993988558635,0.6814640697839708,1.0000000004010186,0.6729717017427354,0.7765541130581058,0.8485519295695801,0.8451567747115597,-0.9788749376641254,0.9499644200235748,0.9897667886959024,0.2995415934127917,0.7627975747319082,-0.7022570815517848,-0.37739250124047896,0.08272905571509516,-0.7705463154728663,-0.9438810897595182,0.5514795381034482,-0.8843007012423884,-0.981603990639265,-0.5480085620827526,-0.8323910839277372,-0.6139539288470853,-0.6987753350574442,-0.73255241288796,0.9519151997548998,0.8142989351233805,-0.6752028579431918,0.8462734215975447,0.7599186233166607,0.35867462213264634,0.2540493785732005,0.9348180915085962,0.8636780917751172,-0.8307131404039719,-0.7050656052231293,-0.9468033289741743,0.6735953406877258,-0.1918095567712068,0.6452369067170133,-0.8222850137008199,-0.9542497799427592,0.7038403821476268,0.06781814398570016,-0.9057276427906376,-0.7037609141468217,-0.5350312770196249,-0.9498946547751583,-0.4325694575175307,-0.8989550592148027,0.08617973104762473,0.7952357719819868,0.9323761194591451,0.6288561398553603,0.9061618420666979,0.9475508186101509,-0.9563128885619532,-0.9401396646154817,-0.9874357758924704,-0.6114614913047229,-0.9122601968902069,0.9068987771177451,0.6256007494024891,0.9298942797715203,0.7675614300120011,0.5700103787811829,-0.821779466609425,0.4362132159062954,-0.8840630788149049,0.9832926007614987,0.6409605271737213,-0.908461306934827,-0.3935864598967797,-0.9649188612963143,0.507113415237797,-0.6895654463317857,-0.9940835239108472,0.9382024933784489,0.851955211913768,0.939392618322022,-0.8141563268650056,0.5364203127730979,-0.6189951629697872,0.9563888575161804,0.9925393293664827,0.06039491212878481,-0.9972714572062067,0.9691841715877657,0.9870890983387267,-0.8639919306059187,-0.9742837932081831,0.9895958291617084,0.24695763013237032,-0.3525519212766635,0.8738570493554882,-0.0348415979000572,-0.8793467278097485,0.1518754926125343,-0.7541131071463428,-0.773716390386369,-0.8430590522726216,-0.6389361215856,0.5317809709091061,0.08830867761292123,-0.9422518247893893,-0.9385577090214055,0.8835965825714484,-0.5627304652805919,0.783038020445317,-0.10150890296337835,0.8211410934211596,0.8695098292657366,0.774459192024811,-0.6014759856500485,0.9628045136550026,0.885189856414344,-0.9245567870473548,-0.672734047671975,-0.6480548552822155,0.7670366652509321,0.4832843371682862
-0.7002270996349239,0.8608759096793339,0.7581801614912277,-0.6169155722955575,-0.7028011849480438,0.7125268507760603,0.18557977082890934,0.6729717017427354,0.999999999494339,0.06706065214360862,0.8855948185118934,0.35698631241719203,-0.7762782007056916,0.8082747388652142,0.6248082127646488,0.18814501585437823,0.7872730288420875,-0.60771709003182,-0.7558952527541474,0.010168981448655794,-0.5479355386508434,-0.8572549794958799,-0.02434158601284489,-0.8876817934008452,-0.6320476954183805,-0.7461843250279463,-0.6647220292452843,-0.4996740449924562,-0.5700307606207948,-0.20803262406300385,0.6250765552028866,0.8606433907805494,-0.9676977073240917,0.8210870122214174,0.9124306434189364,-0.07580172034109443,-0.10669854337348456,0.8078517771326698,0.7366864575404776,-0.6422574527595035,-0.5235685635400931,-0.5054486046462765,0.306936531937378,0.4838062448460376,0.8126626226902453,-0.7821882852789412,-0.8570904546612205,0.2382060545606258,-0.5843600895502138,-0.8103053004951332,0.020359699419369,-0.6470523875439863,-0.8211205152621103,-0.8722990265720287,-0.8069062823600037,0.7211683269723278,0.5161470703849139,0.44355270501379235,0.7182228410568028,0.7396389815965075,0.8451535363089077,-0.7421822220623118,-0.6970133313568,-0.6544218445545025,-0.03131936029393647,-0.6924524062087528,0.32152704422350653,0.9428017313356167,0.45868564766634623,0.8091916709662819,0.45274603338701647,-0.7870028623588249,0.8881206983327679,-0.8764331285040501,0.7702000677364434,0.22394718820852755,-0.34152543670460866,0.2142486557534798,-0.5510444087516099,0.8997760456251724,-0.24162815053648126,-0.6728604488669121,0.533917958449307,0.673300224101164,0.7402300853932221,-0.925306695510497,-0.2351041863251289,0.019520611980148535,0.8106112670009644,0.6353015218628958,0.6372949362724837,-0.6288798816748364,0.806188258216259,0.6557550449278299,-0.7233033989216493,-0.6974742615229952,0.6028941395993951,-0.29100101307349463,-0.6833188418514545,0.8139940206474151,0.1833591631099731,-0.44289258889663513,0.12452590710505296,-0.8238650896274206,-0.07863603941674781,-0.8762341257636652,-0.5416963237458527,0.1911860358384452,0.39465678361715517,-0.7990696631555801,-0.6577576059414024,0.3105369095966892,-0.7570360606357852,0.6022849471868478,0.1448008189098251,0.635933811877577,0.9501806723086481,0.8513112416288089,-0.2710518014622202,0.8268584372579443,0.7990593163251792,-0.5499122106268978,-0.9630865573601769,-0.719101806211117,0.833003171389773,-0.013206608033845447
-0.7380184688421693,0.4047138124026304,0.6496337626625666,-0.6588492343823217,-0.5668493213248375,0.6462090863031041,0.8334586526357122,0.7765541130581058,0.06706065214360862,0.9999999991802989,0.360499993192516,0.8611660385936719,-0.6461907580450843,0.6134737855110942,0.8032846387370081,0.1520495112752064,0.30756284630023367,-0.3564641756263284,0.08326828464464622,0.1913226836333884,-0.5034410999726198,-0.5312274519689185,0.8183200545342153,-0.41968209693587055,-0.7958370496043045,-0.04937242659509327,-0.5216352942815734,-0.3425948634056599,-0.5081090690894892,-0.7510746390897307,0.7217396052201975,0.33853182389117714,-0.08639991386798446,0.475210192330469,0.27938016179856984,0.6056937555755978,0.34082474100634175,0.598161025013013,0.5711843401658628,-0.5252137657018363,-0.4460171889094078,-0.8571605979287081,0.7084542643636317,-0.7135906963160097,0.133625704425314,-0.4039155890123195,-0.5557649164540897,0.7974738464707773,0.5409754821367875,-0.4997325712730043,-0.9630189443074074,-0.10771979716075458,-0.5686492028993768,0.19782879245063562,-0.5126156560201275,-0.5006704136973518,0.5656161259513198,0.882802177911774,0.1771434079720399,0.5508077910867301,0.5457656585668488,-0.6424078414153412,-0.6390175881868483,-0.7908260847478048,-0.8469287174224194,-0.6017427525597694,0.9261516977437131,0.07610894435942303,0.8370063602478774,0.3137666943327289,0.3024220959379706,-0.4741497708238466,-0.20428537860318308,-0.4733806823944143,0.678416247580145,0.6037133048150684,-0.9357551471313237,-0.7507905557232245,-0.8504030351345351,-0.10333280810701315,-0.6565471159781285,-0.757504586912903,0.7763843198585698,0.5290245111469809,0.606481423933038,-0.32213465760188703,0.9328294116581051,-0.8968039786105665,0.5906915843084772,0.7897678665312052,-0.42363994296107027,-0.8111709861360441,0.6111461100915315,0.7593767389703051,-0.5167187506328376,-0.6947181399662071,0.8240846519972226,0.5450034708949777,0.041473358044752405,0.47046575512070243,-0.10096154479536615,-0.846511323786341,0.19142330985618367,-0.26829227320137133,-0.9646222091199661,-0.3836839291135524,-0.45187468710702783,0.6269458218450807,-0.2940289316219959,-0.5865173211947281,-0.7418165000101308,0.9021449218497697,-0.18062486177259016,0.47542455146706514,-0.3574175579130688,0.5146649326609295,0.3726681294199507,0.27740879631851184,-0.6627937849931542,0.6007608787110192,0.55293365732442,-0.736014875936637,-0.09283059287478267,-0.20012676964590254,0.2747573300264722,0.7256543854961132
-0.8804238738858756,0.9366860374978838,0.941474292141968,-0.9020513041215885,-0.69580504643954,0.9241137743156883,0.22332802479002617,0.8485519295695801,0.8855948185118934,0.360499993192516,1.0000000006042966,0.5163903926132195,-0.9265616696837371,0.8606721735572228,0.8248422316819849,0.5204117191829241,0.9702917320094605,-0.8862945684611929,-0.4756619510532444,-0.2508555794609605,-0.8662947509444372,-0.9673361087710316,0.06033116758448306,-0.9829396760086578,-0.7735362428416293,-0.8715389454622633,-0.8574152005424045,-0.7861570306188437,-0.48657858596453085,-0.6270177585130657,0.8866634847536119,0.9609546855288662,-0.8841237261569733,0.7672709232423008,0.7948016498461954,-0.07851643974261785,0.32923074113154893,0.8210987746211784,0.7166439619334297,-0.9110793897507347,-0.819394498270968,-0.7068883485780509,0.2989458686042427,0.3156841710314428,0.9177223157002451,-0.9487505738629481,-0.9420490387032665,0.28744877606913,-0.1782824540970065,-0.9842971880991901,-0.29986123134382464,-0.820846180119965,-0.9675754977206894,-0.8376964631869027,-0.9177796285714027,0.5112455962451846,0.8486182570770009,0.6418788134662897,0.9038779614814009,0.9632445614157796,0.9698521825956347,-0.9285273094044879,-0.9302949391548995,-0.7857537953945057,-0.12251974141422008,-0.9418665690953012,0.6466163685963521,0.7403249251471122,0.7756414063911162,0.9351247613594862,0.7686708526972473,-0.7220448406970816,0.8349262887005464,-0.8404360496146352,0.8744860477072727,0.6376865516146086,-0.6076144632683635,0.08978391781702338,-0.6986520884435451,0.8696215969153379,-0.6456654628125091,-0.8730058816431995,0.8395172720953146,0.9254439100516708,0.9460119610534178,-0.8873860629849817,0.054047348740518475,-0.13110820693302708,0.9425509227493404,0.8469607198797248,0.2872300614105966,-0.8205435972423335,0.9510538774285241,0.8779801297054595,-0.9402440048067484,-0.9179394052227489,0.7982042072391525,-0.006271499298556788,-0.36119483330927343,0.9438975864141167,-0.18830026329551067,-0.5375528438475903,-0.14855317552705957,-0.9709561637942447,-0.4177646508275432,-0.9496378560250036,-0.4317197703291761,0.11346820299172465,0.533814938609031,-0.9144543519270908,-0.7113944098056953,0.6280653960069791,-0.5202220828823196,0.8993030048489594,0.3304790142785323,0.8723775241573416,0.9452892652036556,0.984992737300062,-0.19346819550531266,0.9221283178626404,0.819548584443192,-0.8579091622726258,-0.8542199257632742,-0.9162018707382116,0.9830239918892874,0.03049875040413158
-0.8443624023578764,0.6866587266587894,0.7510943889389784,-0.6359864341276714,-0.5623544787319594,0.6422655214283127,0.8324344650200479,0.8451567747115597,0.35698631241719203,0.8611660385936719,0.5163903926132195,1.0000000010007968,-0.7709302994692282,0.8328506905896704,0.8014095831727465,-0.09777933025425929,0.4097683104526406,-0.32392456403315234,-0.4016274995650615,0.3797834366787699,-0.5343897875221892,-0.699028420557608,0.8660489511034553,-0.6354755967735222,-0.8431134997731582,-0.0715297624961962,-0.7586324015938535,-0.21207607789884747,-0.8475536433491575,-0.5504661615167152,0.6948516948506932,0.5987578812647356,-0.27199773391966037,0.7884954607853292,0.6384196356974677,0.7762384060808692,0.10075456155672759,0.7923544352653695,0.8600168652751434,-0.47769021882829543,-0.3048586439950237,-0.7733297232206805,0.9174633365776559,-0.6182491285408446,0.16843635852876024,-0.4023477400999709,-0.7332737262121166,0.9291256485652307,0.09070029923153099,-0.5828543169969422,-0.7070990895511782,-0.036744694421438906,-0.7017670407777009,0.0006437370477808265,-0.7696142502968804,-0.08532189018201052,0.588441940055437,0.9532795451815408,0.20003192313258486,0.5983081297934842,0.6682980931589853,-0.7828164890587002,-0.7401265096496114,-0.8563963328210581,-0.8592202968538003,-0.6295136173169682,0.8186807187847427,0.4387645734464458,0.7545513127023613,0.3151076238567362,0.1786135910543794,-0.7994184969713365,0.07728024766069647,-0.7428458391711292,0.8321493491951942,0.3983821058562324,-0.9527046771292936,-0.7995370379599012,-0.9344031116826703,0.11009244283476279,-0.41929971791451154,-0.7935418664167274,0.7497149948829589,0.49051874246969196,0.6300660082048753,-0.6579040836760278,0.6684506288692912,-0.7130839939436799,0.771387720245297,0.8006584564916881,0.07012496722546466,-0.843762557661089,0.7362229174866746,0.7791973878860492,-0.5056443680809645,-0.7647253718087534,0.9072660552840565,0.6175952031230837,-0.38400860824201644,0.48668472875220437,-0.027446661554719358,-0.9600366581989124,0.4544100086558739,-0.45344839695925343,-0.7363064372092918,-0.6463233377825337,-0.8070367973869832,0.7728253160801394,-0.32376056235893935,-0.8071304236808211,-0.9102798573207386,0.9063012837790122,-0.5911064653577535,0.4502964224283167,-0.3488214682090908,0.7004195852787288,0.6018327804474024,0.4501611237654105,-0.6987209820447978,0.7003963430060898,0.6230513517775341,-0.7359619904730056,-0.4671547857877721,-0.2907031051064469,0.4138838902903545,0.5143152844356693
0.9827407225606141,-0.915808502346156,-0.9913052478206253,0.9211726221031419,0.7927859945309971,-0.9566715555645767,-0.5459543911993457,-0.9788749376641254,-0.7762782007056916,-0.6461907580450843,-0.9265616696837371,-0.7709302994692282,1.0000000036006964,-0.9577448411429531,-0.9543607289947764,-0.34568262116562415,-0.8473637830700615,0.7708759755485969,0.4624095531989927,-0.017327947869737133,0.8182725454726597,0.987573895364262,-0.4188732786955535,0.950557737741617,0.948038399560486,0.6538350288061214,0.881906040240438,0.6502676291727462,0.6871725958621298,0.6910771251178754,-0.9474234502881576,-0.8984134741539055,0.7751980945415899,-0.8727281294715442,-0.822442308761308,-0.25485292636238155,-0.2494680674643543,-0.9417041827710309,-0.8688554831639075,0.8608446854837541,0.7327509544117718,0.8791244992397509,-0.5929461861533507,0.0187332615604267,-0.7428871329740802,0.8799071978789536,0.9882053130926014,-0.6091722344232138,0.055105633497704115,0.955768819671568,0.5716205201798944,0.6245148616527502,0.9817521065642317,0.5841519711678874,0.9477050060629482,-0.24684562273927513,-0.8311161007015608,-0.8792305173232564,-0.7206751810589849,-0.9483362520462211,-0.9844451802190785,0.9737624714387687,0.9680769699828603,0.9516219466545823,0.48349946929715243,0.9386829312563091,-0.8396444810033602,-0.7131634357053815,-0.8873525244694487,-0.8320144951606256,-0.626358502509907,0.8445472946864905,-0.5962872607509838,0.9159458747817957,-0.9854919257191778,-0.6238688201402623,0.8312326567847237,0.2638645065197658,0.9131860271201507,-0.6342550660423176,0.6663139866109431,0.9814795101758941,-0.9213281351450338,-0.88557500834912,-0.9648923792617863,0.8844445308868942,-0.37762995559836765,0.46377863412626674,-0.9864554581168911,-0.9681407762514164,-0.18707258659551,0.9640569413152561,-0.9919278911526991,-0.9723738063669427,0.8931436619662271,0.985815216653866,-0.9553773206907173,-0.1913796978677044,0.41405595839919374,-0.9074559830696568,0.07449772588211823,0.8058957123664977,-0.09836744037102192,0.851822060564686,0.6590241457688655,0.9060102086053684,0.6336478877081938,-0.4393142060789136,-0.21069127032204044,0.9711443461540178,0.9022612186418882,-0.8291969735493525,0.5993440355518037,-0.8342678756316982,-0.025033498446758104,-0.8778540592294543,-0.9286984657401653,-0.8687566703986392,0.49277124339456113,-0.9743962740455555,-0.8670420415315881,0.9234883651941944,0.7832593553653302,0.7444738559125965,-0.8648182571556698,-0.33357376848301484
-0.9595512972525118,0.928507462473116,0.9382404553338497,-0.7988484803590429,-0.8061035880189305,0.860672355660732,0.6459760994066781,0.9499644200235748,0.8082747388652142,0.6134737855110942,0.8606721735572228,0.8328506905896704,-0.9577448411429531,0.9999999970990837,0.9053098414642746,0.10474637399765462,0.7405630901180811,-0.5971159256688752,-0.6436195119724878,0.21136116699416638,-0.679554235626537,-0.9558947089173196,0.5229171979716252,-0.9259016588204609,-0.9267089313366779,-0.5163696565315727,-0.8565150886453374,-0.4772467237052331,-0.8342712661229957,-0.5177483810914729,0.8422682137384492,0.8766090185591056,-0.7537605989456267,0.9620979976427764,0.9168922736171047,0.40956545185725524,0.03989430683503919,0.9789406662979995,0.9580217435625211,-0.7199046006248514,-0.5529358743298751,-0.8274771706014394,0.7359755307431775,-0.1008378848835356,0.6176657194692673,-0.7528590691329804,-0.9757693716022129,0.7140242953532743,-0.22989454017187674,-0.8685538684524737,-0.48259611482261666,-0.44881596893971043,-0.9413882511265067,-0.5177267361155993,-0.9509968789985143,0.32662385923199994,0.6949350601200254,0.8710267093622683,0.5793439122042022,0.8397729547550561,0.9375778989356689,-0.9406676910767673,-0.8917793006925238,-0.9461382326511167,-0.5607622676530587,-0.8333369303269273,0.7421156597447219,0.8096360513650952,0.7846053451563156,0.7147821055103186,0.42404928978199224,-0.9449175037367512,0.5606531082189258,-0.9770496393352704,0.9874961144190845,0.43273163152059096,-0.8161851268744895,-0.35894872177573406,-0.9257314851268541,0.6027802759088736,-0.4632608133862488,-0.9233020474822683,0.8185443408497458,0.7460177631389827,0.8650880204064142,-0.9415161193971248,0.3229301496090486,-0.4741735056367002,0.969415779116003,0.9087717154646069,0.35643795802462286,-0.9279312038346597,0.9551844834529282,0.9064846649555266,-0.7827331479927676,-0.9138605990703198,0.9416573648686417,0.18860589818416518,-0.5977276988761876,0.8237639278962178,0.08804024350056275,-0.8675598526542171,0.31733704938518514,-0.775459702753244,-0.5587468130985017,-0.9168281784683258,-0.7874594823935411,0.5830119973634245,0.05203860035453818,-0.9769972602552657,-0.9628563229748504,0.7686831990050093,-0.7787273907739217,0.6720535091003638,-0.1315122463514924,0.8108170951943686,0.942672589154623,0.7934616602911119,-0.6090630064063515,0.951137509095617,0.8915313160944464,-0.8146350827916472,-0.8375178311238785,-0.6239570864860479,0.7650625064164327,0.35855534455883425
-0.9721082517908226,0.7897407821979434,0.956734513249147,-0.9229936691351052,-0.857856496448469,0.9607798626846947,0.6830048497373121,0.9897667886959024,0.6248082127646488,0.8032846387370081,0.8248422316819849,0.8014095831727465,-0.9543607289947764,0.9053098414642746,0.9999999995633341,0.3716306878915792,0.7513456562624458,-0.7199940841524243,-0.26502524539508326,0.026164634059411083,-0.7632839690233567,-0.9132005493538491,0.5233284492509571,-0.8427451199956946,-0.9749988302744554,-0.5661637202184298,-0.7685258065642677,-0.6653020764480228,-0.6091301177005483,-0.7809144494840426,0.9667930898563761,0.7580236044840889,-0.6543424645555835,0.7748109368112364,0.682579009220331,0.2936204427058801,0.3079283192158019,0.8963238957907927,0.7937864718520907,-0.8564811087726215,-0.7560936560755113,-0.9781441715358395,0.6126160295717764,-0.19452354894157012,0.6603380498234145,-0.8407895996875604,-0.9213259303778958,0.6592904352827617,0.16800883652009094,-0.8982904917691897,-0.7606612805699094,-0.5745834234339714,-0.929608395141164,-0.40674745659772366,-0.8386419390783301,4.148084741212891e-05,0.7875949022105734,0.9061929006791059,0.642249962975729,0.9038719867948705,0.9308590032723769,-0.9287980480626293,-0.9178017496828293,-0.9787512372515669,-0.5937218118723693,-0.9150211145399056,0.9288946931129128,0.5526743478823042,0.9545443617956461,0.7907043078484411,0.6117554250766647,-0.744915087850911,0.38418656781497323,-0.8286398509872698,0.9528030267570546,0.6948402213086259,-0.897938320037269,-0.3553425045944218,-0.9441756015109037,0.48178992403207127,-0.7508990509543967,-0.9923262132740603,0.9478529054678603,0.8750483665657547,0.944811945152858,-0.7419618427350367,0.5887987638206035,-0.6619792828302712,0.9197839822164816,0.9972527055292021,-0.056219447376882566,-0.9960901857791381,0.9496762844882347,0.9904511278791327,-0.8851433714173557,-0.9618210528291778,0.9715642571561723,0.19148015907200874,-0.2537119331619552,0.8926270538553082,-0.034521730891748814,-0.8473045913563522,0.07922668767605663,-0.7186770962334192,-0.8253189857501044,-0.7911665980165523,-0.5431275641830428,0.4860724091173929,0.11463578917008657,-0.8934674541480119,-0.9017797449954159,0.8698428099660862,-0.47043798530062714,0.7959122962783165,-0.1016450481260715,0.768914237615288,0.8312853624252393,0.744779809096196,-0.5973986135530186,0.955062160786099,0.8963739247685931,-0.925185017047234,-0.5924985997253706,-0.6393628742562011,0.7446089998756403,0.5414326085684896
-0.3232128139880707,0.2721686383078841,0.43269063853396,-0.6600436255724114,-0.16263887320503537,0.5655817047848265,-0.3213613981118003,0.2995415934127917,0.18814501585437823,0.1520495112752064,0.5204117191829241,-0.09777933025425929,-0.34568262116562415,0.10474637399765462,0.3716306878915792,1.000000000056282,0.6852315357692513,-0.8454827679566906,0.44846549381334877,-0.8850120235412069,-0.7250714136482056,-0.36144018920129733,-0.4351330919508434,-0.38515078935135755,-0.19424391136489955,-0.7867788591051041,-0.3265676194103415,-0.9115379388831909,0.4302158968063543,-0.7520893431836244,0.5766863427120602,0.3847901009592498,-0.30903425792657346,-0.12416146433553331,-0.1030201548861172,-0.6461713586178399,0.8688652796877682,0.04360381733742127,-0.15848708115722537,-0.764484801131635,-0.879501129214227,-0.33041133148493346,-0.4649768600000543,0.3745622136339212,0.7194366896347106,-0.6762156324510777,-0.28194230616592714,-0.38598072770448677,0.5128955755611834,-0.5689355037797785,-0.2735628526060309,-0.8618339094073678,-0.4303431413362574,-0.5250777745481305,-0.2501322592168344,0.038585071562047636,0.6954951640142654,0.0842822079414986,0.8086892546903008,0.6189032588421758,0.421678429788365,-0.40037517235962167,-0.49423837641348306,-0.18335934950859561,0.3714491450945139,-0.6312852846168209,0.4168062495831206,-0.1320845523732731,0.5532128838295814,0.6747043313308201,0.941352763409907,0.187726876735414,0.4147514360742334,-0.0032811962502625035,0.19946616152515564,0.8625386242520252,-0.18994958698503886,0.4560178355499075,-0.07769044248380455,0.4964836762992797,-0.8401891876653087,-0.39322617167535256,0.5667743995041222,0.7351350869314005,0.5676612741108148,-0.07446335236763112,0.07088160759931257,0.1096119445440504,0.3250587177378155,0.3952263325920325,-0.4794964708503037,-0.3140996313898035,0.39215275123569854,0.44768663679975934,-0.690849687318634,-0.4610391458852987,0.24481564346306442,-0.06698403887750937,0.5754033852494717,0.5738561435989966,-0.6562388152927688,0.1439987277504444,-0.8884143046878954,-0.576928670099003,-0.36213745936510944,-0.32066817468412645,0.4924442230207438,-0.5982908676004144,0.8388857755585211,-0.2448438389578717,0.04645323124753149,0.2956685030245718,0.45476567012472485,0.792311783224386,0.7399965867007946,0.44710081274330105,0.23973394922990607,0.576588439522744,0.43738351325208913,0.3372740498447874,0.2436770312512889,-0.5792173860525758,-0.058475150049634494,-0.7511614343658295,0.6252951580694929,-0.1901589668081641
