1.0000000027158187,-0.9844439440464776,-0.9404493129918875,-0.9850172432643588,-0.9887003022316756,0.9773305325412095,-0.9732785831629619,-0.9791815954283092,0.9485641567111505,0.9272684984990991,-0.9881408605297934,-0.9354055581478069,-0.9891632179371466,-0.9860871967611682,0.9417808885411467,0.9546188686547645,-0.8903837866051119,0.995204493678246,0.9614201142425217,0.998865607942846,-0.9889198810412562,-0.049797913229915246,0.9453352236588544,0.9291951695153327,0.9953583343688758,0.9038404838518334,0.982834515735824,-0.9990147918392073,-0.9169172924016021,-0.9695549436448995,-0.9717972335395344,-0.9970646410402612,-0.8890885138631367,-0.9151384467387029,-0.9741720240496541,-0.8410618828412374,-0.9715240771034328,-0.8521107029010024,-0.9791168313715927,0.9915723936138028,-0.964210972044909,-0.9634069837544267,0.9533766161896039,0.9878713920704905,0.7885251097218501,0.9768256272406382,0.8401676266624128,-0.7795057523774157,0.7059757409517894,0.9279776529449574,0.9735811398537431,0.5135450035947022,0.8593613328494553,0.9995868354857175,0.9219116025510546,0.9574620775240953,0.6986714909515485,0.9986240598459499,0.749612586049725,-0.9855765379711294,-0.8255472677777906,-0.9559770459757926,0.8149916240654446,-0.9699919950734699,-0.9531559726821369,-0.9900231224636968,0.5978878808012474,0.9832508106301631,0.9938293836961327,0.637562987950015,0.9662565647563496,0.604421629576502,-0.9508271935062694,-0.988194280464309,-0.917927802019522,0.996157189496947,0.9732412367914712,-0.4803961883438778,-0.5341002973745608,0.9929392565424783,0.901433247716317,0.999497087223613,0.9028685779774795,-0.8898732770585819,-0.9464946405197929,-0.9312652699417596,-0.9547897432055965,-0.839332772628346,0.9726058010973931,-0.9833140546517382,0.9371924205449312,-0.9980837203256914,0.8242242615727656,-0.7893769897919486,0.9346949550686966,-0.9155516117415099,-0.96244359200825,-0.9547712882979518,0.9435657113140561,0.2586017657753232,0.9970218007256268,0.986481549740937,-0.9623908648191359,-0.7069284842217454,-0.9960151104751762,0.821092357227125,-0.8052873194559965,-0.9520452603091474,0.9996735780161736,-0.9213876033582052,-0.9353372404812906,0.5866625374906141,0.9814300418876739,0.9899774222650672,0.9519093311622225,0.9777187914225348,-0.9908727330736201,-0.9779445594303687,0.9020507583002937,0.8570493318243697,-0.9987506036049377,-0.8520714576554389,0.8435560513404146,-0.9011599220949834,0.047801872377827966,0.9665013136042617
-0.9844439440464776,1.000000000831206,0.873306241599243,0.9997027196483532,0.9911299131136989,-0.9789863309719803,0.9980357670542122,0.9602321207967202,-0.9885257604591774,-0.9773061048845657,0.9946602954931458,0.9820136978235124,0.9643767564111388,0.954493352793588,-0.8886016576844874,-0.9918133385470128,0.9560426944193863,-0.9969083447934063,-0.9885905818582023,-0.9915653399127934,0.9797576939085925,0.22360321114256115,-0.9296777189825983,-0.8814316459064273,-0.9964419058995418,-0.955793202073546,-0.9981984318166978,0.9761208845265622,0.8994759333543484,0.9953773174869641,0.9968048247391159,0.9935983675371728,0.9334206805776435,0.9505326793386261,0.9872287626494731,0.8968799195777293,0.9931478235583497,0.7640807800701512,0.9914362876228724,-0.9977539873278858,0.914680010564598,0.9952595129045088,-0.9894684214413797,-0.9992941802910771,-0.8813629017569912,-0.976729368403939,-0.9143299887384806,0.8729767464959522,-0.7482083535965226,-0.9790037576653163,-0.9416703730321547,-0.623678934127941,-0.9355334543097457,-0.9801837632951761,-0.967835840030064,-0.9690162936361705,-0.8118503709677541,-0.98872804532272,-0.7586940169527105,0.993023585965282,0.713587226767825,0.9884289727671058,-0.903735179268295,0.997374056269657,0.9905190953242993,0.9538671157249569,-0.7287155171384306,-0.9999663387909987,-0.9751758051095937,-0.5098664331882132,-0.9955227856874056,-0.45624157743340044,0.9873288911805101,0.968364943471799,0.9709641204521928,-0.9920055451231623,-0.9716641850216913,0.6253187385562163,0.5747672557294295,-0.9834421947675367,-0.9238011891769116,-0.9891391960041104,-0.8837206822929635,0.951753425462458,0.9367476892056058,0.924969021696645,0.9887071302612661,0.9210125809436931,-0.9866156724662217,0.9999400465777932,-0.9817171874270978,0.9902897922486205,-0.7694465496152564,0.8811116984208556,-0.9736194396722491,0.9641597849506122,0.9891359539639057,0.9857419549482275,-0.9427887888790145,-0.42099250846744823,-0.994685733526079,-0.9534121046619448,0.9022226611103878,0.5885058231536651,0.9961843939612197,-0.8900724234716424,0.896496081793185,0.9909889865074344,-0.9824517106078954,0.9121669394637871,0.9328887593725308,-0.6011740120831293,-0.9998431346612794,-0.9499446539774709,-0.9899398561517974,-0.9953671623691466,0.9518809181158057,0.9991789417116402,-0.9623627541140704,-0.9195853952277031,0.9913236585671974,0.927411033852118,-0.9238403221371712,0.9631903129296296,0.09723765559178331,-0.9823237918232552
-0.9404493129918875,0.873306241599243,1.0000000001081708,0.8714438585644475,0.9174192738418496,-0.9210309437350442,0.8529897307865355,0.9598984202672939,-0.8082425667938771,-0.7745139802321519,0.87751279155865,0.7857553864911068,0.9240682054919729,0.9326097602078778,-0.9098995326302337,-0.8042117468030237,0.7101567483175784,-0.9064882715499785,-0.8106567542009024,-0.9267313790702482,0.9428029344055785,-0.2665932459508252,-0.8378089426552133,-0.8790786672395456,-0.9110406939884932,-0.7709220748549217,-0.8818861592855484,0.9544348910364949,0.9323134122298926,0.8545445706274097,0.8552152196580667,0.922722619914286,0.7884499073634645,0.7296157878895764,0.8938993760936866,0.734173353104738,0.8692416653162249,0.8791442360088983,0.8948995230964232,-0.9023898841018617,0.9366577831360242,0.8308990393821603,-0.8236224464325224,-0.8882250970514775,-0.5396537657684256,-0.9247355670038313,-0.6771490056874456,0.5821215577132985,-0.6771753485821139,-0.7625989913803795,-0.9104847075563244,-0.1956596735308608,-0.6628028978382453,-0.9435708887343006,-0.7936965658038128,-0.8953478504979638,-0.46490038652773463,-0.9228205502249673,-0.7752271661238074,0.8705049645180486,0.9420814668358696,0.7996828857644501,-0.6022581443617178,0.8442312442644679,0.8168879471245513,0.9788120822344768,-0.3370850701532111,-0.8711080060378023,-0.9578054789045681,-0.7383385123128583,-0.8419287840332671,-0.7874839332939064,0.823730561692498,0.961403559874938,0.7654835004654944,-0.9079560620359006,-0.9272810239116025,0.17147398092447333,0.5483400750064659,-0.9421032526039688,-0.8474604126320323,-0.9292402311586275,-0.9272805266328373,0.732344470234854,0.9337516822792093,0.8033097799563532,0.7977294322873886,0.6394849401526626,-0.8387244343757594,0.8689804868499889,-0.7958144128353587,0.9325430059520873,-0.9296936803534925,0.5391073103463421,-0.8178709392587817,0.7839324196884172,0.8556864518837404,0.8431182809778236,-0.8116081699564639,0.00898319541417541,-0.9181324488149074,-0.9788017431090811,0.9677520396344387,0.7898750399559342,0.9103468071843637,-0.6867366789560923,0.5897303680808814,0.8037232858741928,-0.9391324338742516,0.7950094590685675,0.802815725194263,-0.3821094833568545,-0.8645242738558971,-0.9700670076700085,-0.8148575456376287,-0.8481529731240046,0.9697889110629221,0.8537769337461387,-0.7357118649602926,-0.722532112437073,0.9223415469111303,0.6734242000229672,-0.6468269491662731,0.7220603241321567,-0.19819908345284212,-0.8261271989911972
-0.9850172432643588,0.9997027196483532,0.8714438585644475,0.9999999990766583,0.9885621432520941,-0.9745698240580348,0.9966633368329838,0.9560769611786809,-0.986181011492975,-0.9742533806034528,0.9967573871808799,0.9793563101502463,0.9684713178210813,0.9588109127340158,-0.896304281461938,-0.9916481402829176,0.9531490702992332,-0.9970302370725755,-0.9911842366331073,-0.99170583661035,0.9767082917232853,0.22118803879855153,-0.9380306993921981,-0.8904702915772092,-0.9960863797567743,-0.9495782059649661,-0.9964726815466871,0.9765426970508336,0.8905722457405124,0.9929774575235676,0.9948353145761857,0.993018888666663,0.9247567184458569,0.9565374689558561,0.983208409084669,0.8865404567227831,0.9900174135544106,0.7739333351903492,0.9881404341157894,-0.9967428707635718,0.9204478235404138,0.9938351996849554,-0.9865840081575674,-0.9984119642990488,-0.8822899322114632,-0.9721863970304626,-0.9071623789145166,0.8662550935639987,-0.7318411199971422,-0.9775265151131376,-0.9476500733344551,-0.6334032841634227,-0.9325069837387076,-0.9813110572935358,-0.9623807920213984,-0.9629486934363115,-0.8060141234710563,-0.9901349754333986,-0.7429954817541405,0.9955493311472898,0.7172513426064774,0.9904351845659923,-0.9001466497817959,0.9961181648286642,0.9882424910975821,0.9531789393515916,-0.7232100490521225,-0.99950818784095,-0.9732208352612829,-0.5225910758116823,-0.9935775211588068,-0.462963096358411,0.9839702656654661,0.9654481122332763,0.9671474465891446,-0.9936706073414115,-0.966675800356162,0.6244496818527149,0.5546494203989434,-0.9811309129838166,-0.9142248002755818,-0.9898466473480371,-0.8741400767607724,0.9465745219931251,0.929476049771004,0.9339010607858181,0.9904329768166922,0.9171877734782994,-0.9902474616110372,0.9998291482303848,-0.9783991071406255,0.9896061025222445,-0.7588325535054017,0.8825411914212498,-0.9682748651065021,0.9585380253584882,0.9853670276606491,0.9815990029710745,-0.9506191634268096,-0.41194862594804277,-0.9944619763238232,-0.9513884898455842,0.906126550049802,0.6004048459450687,0.996274246435675,-0.8803643460956836,0.8927586139508316,0.9900620476686078,-0.9836371452105426,0.9218048326105885,0.9413708763368026,-0.6199153331255425,-0.9996371068285937,-0.9516188361911905,-0.9876090413098759,-0.9972857749281759,0.9534263626568235,0.9993007507638938,-0.9587658906490675,-0.9112450399962012,0.9921305960177936,0.9220688767731074,-0.9198917577432649,0.9610060360585921,0.07960167658996062,-0.9864838463277141
-0.9887003022316756,0.9911299131136989,0.9174192738418496,0.9885621432520941,0.999999999763446,-0.9968558628317558,0.9890703700107895,0.9882688253698354,-0.9757053370994041,-0.9622298882612501,0.9796926581642077,0.9669880158797255,0.9574574280639201,0.9503076171864012,-0.8807530189868706,-0.9704239212131156,0.931664239048843,-0.9937262106551673,-0.9599630968380727,-0.9932636824735295,0.9972575239533291,0.13869898742348008,-0.8980912779201319,-0.8644327217562411,-0.9958103468265646,-0.9543265785828294,-0.9960370669429225,0.9851299959158955,0.9487514848042322,0.9905830232457481,0.9904659698073314,0.9965128145219633,0.947514339191457,0.9016638873166004,0.9969735150019676,0.9124639646644687,0.9940486196884818,0.7656858300223481,0.9982283895713621,-0.9973459111184559,0.913729003170444,0.9826322697406944,-0.9812738717120915,-0.9954036051361276,-0.8244709756220014,-0.9961496762179185,-0.9051110514019841,0.8511329023789928,-0.7994076380391205,-0.95609150189578,-0.9299917389157408,-0.5170016813010556,-0.9060151578056319,-0.9840003816864415,-0.9661550612850847,-0.9890900529786667,-0.7751622372381681,-0.9860019420634681,-0.8250362825882481,0.9755652804964636,0.7570812234632129,0.9596136919743209,-0.8699487470451315,0.9864256421108936,0.9788083004028482,0.9753508293070795,-0.680919443933166,-0.9911938964872526,-0.9928441605511512,-0.5204546163416011,-0.9867265770058968,-0.505969668886337,0.9811031877714598,0.9911442024872216,0.9577807062127868,-0.9849191368826509,-0.9939708454873756,0.548488383847329,0.6444711416152019,-0.9977056768645172,-0.9542280290670707,-0.9899029759509879,-0.9370938390397741,0.9400344813363608,0.9741739485001444,0.885557357825041,0.9603814377203941,0.892179448233062,-0.9604380488931621,0.9896130564325839,-0.9708957578424857,0.9960747651204561,-0.847411079914699,0.8225031924249805,-0.97526976649178,0.9617763206479,0.9902064142525119,0.9861926687890521,-0.9054043331671744,-0.3727048266566354,-0.9953304803020472,-0.9793747785588294,0.9157721399713786,0.5976746203522777,0.9939963807314354,-0.8954999576010348,0.862053455770846,0.9721635805182024,-0.9847945448116036,0.871121821005607,0.893426434260632,-0.5054736152834595,-0.9889728598160417,-0.9626436469393295,-0.9781160921428574,-0.9750964815710207,0.9645967503735967,0.9852392866073862,-0.9441709026301587,-0.9221843042555683,0.9900092223516137,0.9090773615912761,-0.896343323365108,0.9375163056682746,0.09879633134338617,-0.9527116127293064
0.9773305325412095,-0.9789863309719803,-0.9210309437350442,-0.9745698240580348,-0.9968558628317558,0.9999999978079867,-0.9794487354816792,-0.9930553212938684,0.9676932236570728,0.9555457829688985,-0.9607593699870017,-0.9593353184870589,-0.9357972063646758,-0.928784896742126,0.8512791607923316,0.955531893580215,-0.922966441229688,0.981777756263458,0.937175579453864,0.9823154645933326,-0.9971092722695607,-0.12476834876811659,0.8618502166900591,0.830058259404455,0.9855018227978599,0.9580434346476808,0.9886136477555104,-0.9751671155858863,-0.9696322274319313,-0.9842420560754261,-0.982788241116243,-0.987476228586068,-0.960360158726557,-0.8672147736945663,-0.9974561215051237,-0.9299456552492479,-0.990595051294044,-0.7344521079406953,-0.9963695270080724,0.9886057629672238,-0.8898964754887487,-0.9724244802173722,0.9754496066309776,0.9856428479114214,0.8010791428037567,0.9999240385755191,0.9099572493962991,-0.8528443777146855,0.8398551641546244,0.9441132148981383,0.9032002074562169,0.46578115157650357,0.8968191598862534,0.9712904962005138,0.9679141545801657,0.9966588121662837,0.7724781629156424,0.9712220866036099,0.8668528913849386,-0.9551427561289539,-0.7493702359358904,-0.9381695763492872,0.8615617415784277,-0.9761380111799315,-0.9708369526625142,-0.9707540854617769,0.6761382547075916,0.9794441823225815,0.9902123118968803,0.4871059687018681,0.9785094859871197,0.4951885406483896,-0.9768114541815995,-0.991875712872766,-0.9533415239060518,0.9686192894596816,0.9994297733537674,-0.5281187055876995,-0.6993658126584871,0.9951325708109475,0.9726157868507236,0.9774626040333295,0.9605625234423038,-0.9392978935316094,-0.9884240710433544,-0.8464318171201796,-0.9396906384022272,-0.8851546989103383,0.935732871312049,-0.9767366032473858,0.9656440550587952,-0.987898636747121,0.8795267602237926,-0.7975893077161181,0.9773764791389292,-0.9638242300169108,-0.9883286794827645,-0.9851048033792741,0.8690748208343261,0.37952607991909637,0.9849896957326432,0.9788184350481622,-0.8993740505161438,-0.5651069248691314,-0.9823320705304184,0.909527437727233,-0.8539634908198278,-0.9595862296543577,0.971625966316027,-0.830152644693144,-0.8552585018929442,0.43556529520906384,0.976210458671147,0.9507778198001396,0.9702560852079597,0.9555044809500032,-0.9530142327585831,-0.9710967627142169,0.9383005721840638,0.9321067977914596,-0.9768932709367788,-0.9076591934887706,0.8898470899122403,-0.926814296240148,-0.13940418724583997,0.9261220324863455
-0.9732785831629619,0.9980357670542122,0.8529897307865355,0.9966633368329838,0.9890703700107895,-0.9794487354816792,1.0000000000156,0.9551090254348267,-0.9958769837477973,-0.9883488481403121,0.9869636608219975,0.9915734883964699,0.945915813874031,0.9340151013391085,-0.8581187624585087,-0.9953077667676958,0.9710364866803095,-0.9907757565845294,-0.9855652835637728,-0.9831114291736278,0.9754602072758073,0.27060056662685106,-0.9077103602393114,-0.8504846703484632,-0.9908358174750586,-0.9719936800647571,-0.998234789990503,0.9633278454761245,0.9019254284422986,0.9991038381167298,0.999695741805238,0.9871529703827635,0.9512945968647524,0.9450017080360005,0.9900220807920599,0.9203581162839946,0.9968471311093942,0.7223025196742076,0.9929754502468789,-0.9943960488894658,0.887740983925186,0.9991518266041279,-0.9965842429604232,-0.9970990026826907,-0.8984051986387758,-0.9769325680974623,-0.937906717617142,0.9011772267811333,-0.7777479699270142,-0.9880379047981659,-0.9188148173627937,-0.6342665504113097,-0.953569913963243,-0.9672588648088245,-0.9813125996221287,-0.9744661444776044,-0.8442767196462625,-0.9778085635027952,-0.7786303633411256,0.9849642160566238,0.6747925524147342,0.9876130790703646,-0.9260331149530863,0.9998550018834835,0.9970870315134679,0.9393726840190498,-0.7657688716607186,-0.9985278979393761,-0.9668851751337643,-0.455345824044227,-0.9994879922405236,-0.40535210870907296,0.9952421487444898,0.9611904735148744,0.9839164945354744,-0.9821830284458317,-0.9721551449336461,0.6600517536962107,0.6103789515141177,-0.9779785625590419,-0.9373587642174891,-0.9790981124435625,-0.8867979696817168,0.9690663178921479,0.9386145898986181,0.9046261053538519,0.9886697324963588,0.9417096312652529,-0.9787136446185689,0.9979831958403893,-0.9916846952911217,0.9828947770412294,-0.765515123791659,0.8971509156482691,-0.9850884466032466,0.9785919732561884,0.9950860397344977,0.9933559965034464,-0.925335668868225,-0.4732510323329237,-0.9880169961386809,-0.9416296067598241,0.8752770910736529,0.5370620117826439,0.9897057784710284,-0.9160972565932575,0.9196914806723732,0.9960323231882204,-0.9699935464749709,0.8901397220111237,0.9141343326845542,-0.5742624162654625,-0.9984854534073477,-0.9310936483422686,-0.9967624688772965,-0.9908016317966912,0.933470315206102,0.9980866726371298,-0.9769387272246061,-0.9417972530219796,0.9818847228550899,0.9485967538273629,-0.9443351091919134,0.9761850438571161,0.1593744552463269,-0.9741627296329575
-0.9791815954283092,0.9602321207967202,0.9598984202672939,0.9560769611786809,0.9882688253698354,-0.9930553212938684,0.9551090254348267,1.0000000016009534,-0.9337332406542431,-0.9152861756845547,0.9468134967153622,0.9211263634995805,0.9420843981347476,0.9396161935745696,-0.8753339407101086,-0.9222040803320559,0.8722791423726899,-0.9721468063436252,-0.9091017249197748,-0.9787821946677592,0.9966906457764505,0.007177287748827818,-0.8599328244030036,-0.8497896132705558,-0.976555747192625,-0.9184214565144346,-0.9707937414377521,0.9821093366684396,0.9786981388773719,0.9597751008623765,0.958620289643153,0.9817415730021362,0.9274104093491018,0.8320406496316836,0.9825487541595507,0.8904954108699633,0.9693770371407414,0.7818388777492375,0.9815231017515604,-0.9765781627140295,0.9123426484010225,0.9433593349036256,-0.9443851268713357,-0.9700015515384103,-0.7306112558448022,-0.994250861971576,-0.8562557962193085,0.786243341795423,-0.8141367340435691,-0.9023034702321758,-0.9134364691707771,-0.38098537785711123,-0.8392993282816607,-0.9754582593237795,-0.9318306452045126,-0.9840472816858946,-0.6926339917045522,-0.9687619685021182,-0.863000016722557,0.9403492422994024,0.8167140340076443,0.9068644470895829,-0.7961550315660866,0.9499723408876005,0.9385716760505834,0.987426943458066,-0.5849293922268036,-0.9599988577578299,-0.9956194794089321,-0.5617642706011613,-0.951471367870114,-0.5874067794646924,0.9457505724333513,0.9986631035606629,0.9115371577514794,-0.9621206299598678,-0.9950423483847101,0.42573095083076107,0.6782362387549327,-0.994501300215786,-0.9550415121901149,-0.9756957318712843,-0.9712848214190855,0.8924530699892127,0.9910934792092947,0.8379308095164675,0.9075511446953611,0.824489144123239,-0.915964027755964,0.9571600067244773,-0.9292056071050891,0.9851631078428331,-0.915776730260411,0.7275889185958317,-0.9458963559845641,0.9260562256800028,0.9640844644830636,0.9582148302249318,-0.8573150136476803,-0.27161460634958895,-0.9782884057180151,-0.9941545126547099,0.9301173768444738,0.6333119566303772,0.9737579320436361,-0.8609230501729019,0.7870401127961173,0.925507476704867,-0.9742737061500377,0.8233392493722158,0.8443480348924252,-0.4103707297969312,-0.9554838078639846,-0.9687912876619312,-0.9375764859651111,-0.9341580193577954,0.9703802237148429,0.9482949225912006,-0.8915486742920868,-0.8868373550909305,0.9730789030668231,0.8520457561634394,-0.8301657131702399,0.8781183770567834,0.05065381608045577,-0.9048771932718229
0.9485641567111505,-0.9885257604591774,-0.8082425667938771,-0.986181011492975,-0.9757053370994041,0.9676932236570728,-0.9958769837477973,-0.9337332406542431,0.9999999980207862,0.9980763496885986,-0.971005954813324,-0.9992301142174201,-0.9138424219616638,-0.8986956211270616,0.8105395410816684,0.9959870574747535,-0.9883243115767583,0.9744005110774645,0.9789491824339943,0.9625743529036236,-0.9572972932849072,-0.35083329040316497,0.8764563079363943,0.8042996639664237,0.974632617799291,0.9860108696603915,0.9900273162244221,-0.9354521071190741,-0.8868348812276045,-0.9965086205334723,-0.9962817261167825,-0.9690727816477533,-0.9644502748554824,-0.9396470092431005,-0.9831098971677585,-0.9411422919314413,-0.9930130914987116,-0.6584082704686127,-0.9849523386328147,0.9811951200330156,-0.8432803683604957,-0.9984630355543918,0.9993839008217121,0.9862143184432539,0.9261040639384331,0.9645119272892764,0.9639901615272817,-0.9366249092471742,0.800444229673413,0.9966964432579902,0.8819778219268037,0.6661068309253142,0.9762794690678985,0.940281601745652,0.9915625885658749,0.9691146811222231,0.8891945050017778,0.9548897279184252,0.7849156889894535,-0.9690606110800577,-0.6064184730313995,-0.9840463382392307,0.9557376571790729,-0.9968663750327001,-0.9998855688262779,-0.9067001435828144,0.8200944721953548,0.9897149519324785,0.9432895309283689,0.37440012346999196,0.9980751735213063,0.32142451963099544,-0.9987242680517191,-0.9380789095140523,-0.9958930664217032,0.9616639252469935,0.9595508762313124,-0.7183474729949753,-0.6388908898328242,0.9588899377444384,0.941219005747285,0.9566232197716408,0.8718210220689505,-0.9868333326406042,-0.9249462588586779,-0.8773026519501969,-0.9860548824142377,-0.9680216888009766,0.9649499895025041,-0.9887975368690407,0.9989973948340543,-0.9629351850997562,0.7367219404396089,-0.9238557032553264,0.9918415054676036,-0.9903265856744291,-0.9943147455343065,-0.9950129554968501,0.9013558134479598,0.55106941382641,0.9701099792159569,0.9116924416821078,-0.8278069225643915,-0.4599216358298365,-0.9726519455241575,0.9425857097380254,-0.9508217369886317,-0.9982769109302133,0.943947891721348,-0.8609854863390499,-0.8889150268565965,0.5528962140756056,0.9902329223900221,0.8944083874552533,0.9999370988197968,0.9802357865088195,-0.8973640650641128,-0.9908593533210417,0.9922747281459472,0.9634425091570935,-0.9606560209789442,-0.9732671436805747,0.9700605917351779,-0.9909656765673586,-0.24278006493092708,0.960820443035916
0.9272684984990991,-0.9773061048845657,-0.7745139802321519,-0.9742533806034528,-0.9622298882612501,0.9555457829688985,-0.9883488481403121,-0.9152861756845547,0.9980763496885986,0.9999999988085859,-0.9552830347032822,-0.9997152977564414,-0.8873899826966523,-0.8701203500159367,0.773808910428196,0.9915336205809939,-0.995335654928662,0.9586085052640395,0.969382032419196,0.9440540400905263,-0.94075695872738,-0.40306447282304564,0.850248714941096,0.7683789914907159,0.959009618994226,0.9912257152521075,0.9798353275923992,-0.9121230233039515,-0.8733702785805063,-0.9901179468343972,-0.9892949482861401,-0.952246576486162,-0.9694746469392496,-0.9307281125908206,-0.974081854667562,-0.9515796171534296,-0.9858944160077233,-0.6112658926553202,-0.9750887680410754,0.9676234936893499,-0.8086960219045114,-0.9932261734642039,0.9966442152543683,0.9741531309339434,0.9399524648364945,0.951949566888857,0.9774975469237557,-0.9564825815692501,0.8135480017739225,0.9977294089128106,0.8522793308165483,0.6830044747502795,0.9869938822349884,0.9174485500843619,0.9941420336920467,0.9614348208171142,0.9155225438356346,0.9346681853644081,0.7870375039454609,-0.9533352228855588,-0.5572444795228508,-0.9765610810543213,0.9712986413621278,-0.9900791162324494,-0.9970734496108573,-0.88043005524538,0.8530219330202863,0.9789741114464875,0.9230579100533226,0.3169231498622786,0.9924153559244344,0.262901473986437,-0.9964984818540082,-0.9183061116431487,-0.9994183882318574,0.9429852021671401,0.9469412641571628,-0.7539037709630491,-0.6571145933032735,0.9416376934972628,0.9402442227399591,0.936770317905829,0.8585837709445161,-0.9944340503418763,-0.9120573713128668,-0.8536552895302385,-0.9792301018340198,-0.9812788023383082,0.9505502230845446,-0.9777725854519439,0.9993292771269495,-0.9448936255625044,0.7150258651660487,-0.9369926067994246,0.9920664617602272,-0.9939243375970591,-0.9893118162696773,-0.9916735410312587,0.8799531453835799,0.601453908619466,0.953353771115566,0.887381110910794,-0.7914987423986468,-0.40466264040053357,-0.9564181645672823,0.9567607326188139,-0.9673781588270243,-0.9949469372865257,0.9217134543206901,-0.8361128522120205,-0.8666703078965137,0.5337162142071366,0.9798357074064188,0.8652432813148904,0.9973821740880222,0.9680969150000691,-0.8685864923400639,-0.9811080187432051,0.9980408203814305,0.9741170282959141,-0.9416056949972639,-0.9855727679064873,0.9829287847319914,-0.996204764637057,-0.2994128249585159,0.9466625515676603
-0.9881408605297934,0.9946602954931458,0.87751279155865,0.9967573871808799,0.9796926581642077,-0.9607593699870017,0.9869636608219975,0.9468134967153622,-0.971005954813324,-0.9552830347032822,0.9999999986461611,0.9621026833092905,0.9830381844064611,0.9752621056995514,-0.9261647089100223,-0.9829951905682466,0.9317647301235739,-0.9957067272596989,-0.9919952695007722,-0.9921021676783665,0.9686637519273901,0.18216313269435117,-0.962708613759848,-0.9230272083774131,-0.9935612198910878,-0.9215594968093178,-0.9875327658775193,0.9806123720717199,0.8680124794795128,0.98025051274111,0.9834439828416318,0.990718995387933,0.8914195551399702,0.9652920420870837,0.9683766200771932,0.8465097097002474,0.9760525265843153,0.8163215634763977,0.97543770950174,-0.9914669207275424,0.9442623697848522,0.9826874130334752,-0.9706321053547425,-0.9925209069087019,-0.8665332913299487,-0.9583546393440522,-0.8724747476319124,0.8292918739091765,-0.6778876085713199,-0.9627178684611173,-0.9687630104629745,-0.6390738039993012,-0.908844145925871,-0.986678092358404,-0.9375525440187977,-0.942770715644724,-0.7679406931262185,-0.9945077689630366,-0.6969877117670349,0.9998037873615346,0.7470492783800984,0.9886501386769235,-0.8726575780706913,0.986256790976575,0.9737333223298065,0.9566627540094064,-0.682905437089836,-0.9938131141746103,-0.9699540177644539,-0.5805623236325067,-0.9814707020530671,-0.5082241560033182,0.9666392335105787,0.9597523500125509,0.9455248478403397,-0.9976896556245569,-0.9518937800848869,0.5944758943444642,0.49087161485752645,-0.9751799809991111,-0.8824331186611004,-0.9923748614223694,-0.8500488847736484,0.9195884016842919,0.9099491520291105,0.9584560437708398,0.9876037675320068,0.8903265334320954,-0.9963513207168178,0.9951071777569533,-0.9597080513245223,0.9878214602569592,-0.7386169455964404,0.8683745525391338,-0.945036609832612,0.9327615783793661,0.96871057166741,0.963126580123985,-0.971092745283669,-0.35647572388292487,-0.992933497708544,-0.950619377863611,0.9267778878855071,0.6542820085829967,0.9951467893085931,-0.83965676452181,0.8644136863908408,0.9789841256955698,-0.9887591710837768,0.9488638303623945,0.9639641718408716,-0.6681312082422217,-0.9943231750717476,-0.962338455542415,-0.9728266357248213,-0.9979803752010625,0.9635980382880671,0.9943717302807468,-0.9364192305605775,-0.8754595582871385,0.9943891886082756,0.8921824823117995,-0.8929427051738205,0.9422383093011663,0.004062454106013382,-0.9937170039039419
-0.9354055581478069,0.9820136978235124,0.7857553864911068,0.9793563101502463,0.9669880158797255,-0.9593353184870589,0.9915734883964699,0.9211263634995805,-0.9992301142174201,-0.9997152977564414,0.9621026833092905,1.0000000055225304,0.8981517502348637,0.8816076176868054,-0.7887773417259198,-0.9941231148968094,0.9934573326076017,-0.964883925750512,-0.9743846844875513,-0.9511937591567343,0.9463349313184464,0.3860747148787982,-0.8621172080100986,-0.7834668769982205,-0.9650937898606796,-0.9889604233412417,-0.9838035992252687,0.9208499372832581,0.8761864015509159,0.9926821080876633,0.9921739684946728,0.9586439312933535,0.9665365823512265,0.9364604455213613,0.9770060962527828,0.9463965246781649,0.9884762992274087,0.6300030912070393,0.9784920026347432,-0.9728696212302939,0.8224583112723943,0.9957055519470875,-0.9979034272666255,-0.9789584911475608,-0.936914074544097,-0.9558316516077741,-0.9722758837080312,0.9493237882452217,-0.8055988446781892,-0.99818491498434,-0.8645859831402533,-0.6812152898866906,-0.9838775388691917,-0.9262267077451015,-0.9929464711298778,-0.9633190523132196,-0.9064907309174359,-0.9427089754006552,-0.7827778806401147,0.9602772893336093,0.5747809190125339,0.980733526208995,-0.966443583402475,0.9931014788415875,0.9985318596258113,0.8897430477276385,-0.8418892011641957,-0.9834838917031394,-0.9301167145381394,-0.3394526272336656,-0.99487928787758,-0.28396739888271166,0.9974550484741159,0.9249335340020824,0.998398788531952,-0.9506148200522199,-0.9507036187086901,0.7431452433468586,0.6462465278834832,-0.9476587208214088,-0.938934757456932,-0.9444931404535626,-0.8611136309497717,0.9917048926565447,0.9152073999653375,0.8648722570440363,0.9831124043557128,0.9771078783036851,-0.9573825005860945,0.9824720363625378,-0.999479690806878,0.9516424335457531,-0.7198004442505553,0.9343240525546549,-0.9916569490909424,0.9923532987189406,0.9910339172387607,0.9927558008192745,-0.8901625958467473,-0.5833838247091329,-0.9598327489671343,-0.8956873893673116,0.8052550225574288,0.4263476739171142,0.9628236105848986,-0.9505653934438315,0.962155461272214,0.9969593991505131,-0.930321256727037,0.8479060896115757,0.8773221114881699,-0.5459424603376765,-0.984308821767904,-0.8761503302398571,-0.9987433418868353,-0.973729160843557,0.8793360400848015,0.9854695313825604,-0.9963635591061729,-0.9694626748138231,0.9491052661957831,0.9812742739058287,-0.9788499023881256,0.9951022021347662,0.27648547256094,-0.9535649975877484
-0.9891632179371466,0.9643767564111388,0.9240682054919729,0.9684713178210813,0.9574574280639201,-0.9357972063646758,0.945915813874031,0.9420843981347476,-0.9138424219616638,-0.8873899826966523,0.9830381844064611,0.8981517502348637,0.9999999995619232,0.999233152359498,-0.9781548331368375,-0.9326868065132544,0.849767423982144,-0.9793670462617757,-0.9566250062931378,-0.984373003920226,0.956586515614872,0.010088074769966848,-0.9799656677442817,-0.9726471029011563,-0.9768735297523338,-0.8459549918292495,-0.9546492984704986,0.9883795419179445,0.853422387150418,0.9362148837663172,0.9410025425029651,0.9779246219209691,0.8185181879716493,0.929451546741032,0.933314692667895,0.7600213487541868,0.9345725161395948,0.9072919279424556,0.9424348671885199,-0.9686587224536013,0.9886084794788814,0.934886107215506,-0.9160427740747882,-0.9649986254583496,-0.7675422412200587,-0.9348311165088323,-0.7746653781183145,0.7147668848581207,-0.5945776047512406,-0.8969689462666761,-0.9964983842189507,-0.5449616027779823,-0.8169760126277412,-0.9924799504759975,-0.8689497788193755,-0.9053680979622825,-0.6374858301815786,-0.9917639239022761,-0.6461104982351494,0.9828380049726301,0.8491657741751532,0.9471417117365126,-0.7683003453344264,0.9429726479189249,0.9191263383722187,0.9750891560479594,-0.5377019915438798,-0.9621248156345097,-0.9690560739709811,-0.7184275777225589,-0.9350807811306331,-0.6543956484632831,0.9107619704450417,0.9581702304345534,0.8733932818756156,-0.9899849650881499,-0.928964170227877,0.4466588727516295,0.4042574817411847,-0.9648164030179865,-0.8285985330065776,-0.9886830719297228,-0.8359722439861625,0.8367198354581111,0.8907546823251958,0.9680931500852424,0.9441565867686826,0.7919081412384944,-0.9754688263901247,0.9641861474632073,-0.8964258063762232,0.9789540812593749,-0.7578332114048,0.7714173769291693,-0.8831687684600585,0.8613547752962403,0.9212523611675398,0.9109463155841125,-0.9730860063921689,-0.17915009999890164,-0.9797576178467355,-0.9635114940894971,0.9776751913699316,0.7805907054391611,0.9802020610002085,-0.7420975385438313,0.7575463041954535,0.9255369073388608,-0.9925838071253317,0.9628420225418916,0.9689664781858345,-0.6823197931308584,-0.9615303871386139,-0.9891326603231398,-0.9174905391508251,-0.9701602748190384,0.9891281231159214,0.9595730433941857,-0.8579861603862908,-0.78622952172981,0.9880955786239952,0.7966609765727509,-0.7955546182259787,0.8649535570030861,-0.16895262867007962,-0.9722288574641886
-0.9860871967611682,0.954493352793588,0.9326097602078778,0.9588109127340158,0.9503076171864012,-0.928784896742126,0.9340151013391085,0.9396161935745696,-0.8986956211270616,-0.8701203500159367,0.9752621056995514,0.8816076176868054,0.999233152359498,1.000000000400529,-0.984166711198644,-0.9182377490983362,0.8293044733939214,-0.972491936853648,-0.9445014973267281,-0.9794595671570095,0.9519618465874281,-0.028687775197935413,-0.9777223273255923,-0.9776253412766512,-0.9701057449583607,-0.8282327454488542,-0.9447361895210727,0.9869180746249198,0.8507530897088437,0.9240440363835027,0.9290221634951761,0.9721354953493324,0.8024290671708453,0.9160159464980908,0.9238330594575488,0.7416170501826769,0.9232717073217273,0.9216968562355089,0.933125580710472,-0.960753855285023,0.993556944942335,0.9214831107009817,-0.9016854573808923,-0.9559697074777578,-0.7419775713956328,-0.9282004667651316,-0.7524082010586454,0.6886764117032059,-0.57970014134445,-0.8795683974652598,-0.9975141727732498,-0.5178941828709169,-0.7943915092130107,-0.9902863772061596,-0.8524818513433103,-0.8962077368533371,-0.607631538162088,-0.9874974314946724,-0.6382936277653252,0.9748992899520352,0.8686587166011484,0.9338548630690198,-0.7432022103048441,0.9305217529884314,0.904526145977293,0.9765450281657341,-0.5046360078851028,-0.9519848538547016,-0.966555673180115,-0.7431452356171531,-0.9221990249976352,-0.683495325135533,0.8963038936518115,0.955909705108883,0.8554791928850884,-0.9844834580359421,-0.9226577727726591,0.41152416638464956,0.39063062361679285,-0.9602827186778569,-0.8172167851160463,-0.9844714699443965,-0.8337315489093957,0.8169605855927379,0.886291030337058,0.9639116679877865,0.9305381736845966,0.7681940465636153,-0.9662327619539,0.9540855832492758,-0.8802908430104994,0.9741061023414272,-0.7638999097239269,0.7461195194083898,-0.8681665600954585,0.844327180225702,0.9088565644081897,0.8976359144590926,-0.9675434332225081,-0.14113954490351774,-0.973739872925316,-0.9642319778689009,0.9848716635556852,0.8027630362520787,0.973657428312644,-0.7209594649426183,0.7319595856101265,0.9106741504800502,-0.9899122822189718,0.9594107955655967,0.9638840794267326,-0.6763756963139608,-0.951042701949408,-0.9915803127232407,-0.9027482090312031,-0.9599890816038713,0.9913335060299103,0.9485053784668356,-0.8385850165521151,-0.7663563015395976,0.9832491165662642,0.7741727452529542,-0.7721133020131381,0.8452617022998764,-0.20163539991704055,-0.9626639324284447
0.9417808885411467,-0.8886016576844874,-0.9098995326302337,-0.896304281461938,-0.8807530189868706,0.8512791607923316,-0.8581187624585087,-0.8753339407101086,0.8105395410816684,0.773808910428196,-0.9261647089100223,-0.7887773417259198,-0.9781548331368375,-0.984166711198644,1.0000000010687977,0.8420245688111303,-0.7267103182699877,0.9161521278938094,0.8872618465629608,0.9282697570137052,-0.8868180415925315,0.14493071934406807,0.9745979541590617,0.9975356717653531,0.911784507379705,0.7166494654385741,0.87206960545261,-0.9462146031532317,-0.7658620875176454,-0.8427084406715415,-0.8501419376229229,-0.9152843876354667,-0.6841557774799115,-0.8732516672388533,-0.8417762047410049,-0.611129260588063,-0.8407071960721887,-0.9734674855897353,-0.8547656497438274,0.8964582020214629,-0.9965344262445436,-0.8417387023768101,0.8128817817982729,0.8894454372563599,0.6479036814735135,0.8511319516415903,0.6267584935409398,-0.5573272201193685,0.43526572406778175,0.7903449779298959,0.9906981280771967,0.47219324944624497,0.6867435989316669,0.9509602410410625,0.7471236245787936,0.8059545283818671,0.4736327485290167,0.9440340342572524,0.5140620700592178,-0.9275005508566513,-0.9056453527098796,-0.8709573227071763,0.6279477662593151,-0.8538450728984393,-0.8179668580190663,-0.938672567566564,0.367600454879284,0.8847047376016451,0.912041304677302,0.8442181186919677,0.8412613201856046,0.769045212854299,-0.8050867225344935,-0.8976921544321153,-0.7542023499277881,0.9390599576167337,0.8444752759734532,-0.29552863945341684,-0.23842734272245866,0.8987186816597493,0.7066276296099844,0.9378077175416153,0.7473170836323292,-0.7054262400326332,-0.8032216103828238,-0.9589375786915951,-0.8654791056645076,-0.6545461620722618,0.9211355406571412,-0.8885500984559764,0.7853469746095476,-0.919218541615325,0.6976855415050845,-0.6551004592396151,0.766725590646101,-0.7369439992357404,-0.8207154582493436,-0.8055948908687384,0.9532615107493363,-0.01258902046248442,0.9179697469786097,0.9182217166373954,-0.9850544648737057,-0.8904759770759404,-0.9180128666380201,0.5869860675235732,-0.6150806024707592,-0.8298546712091881,0.9495897241193054,-0.9601544896419882,-0.9542299679844223,0.7265839419155474,0.8841028184563148,0.9675299281013275,0.8156006861675377,0.9040972234267793,-0.9659968137828575,-0.8817152371333765,0.7350213824397064,0.6408198068918847,-0.9354005872180411,-0.6560944085234395,0.6584387260069878,-0.747652712140503,0.37002187644350504,0.91943383873922
0.9546188686547645,-0.9918133385470128,-0.8042117468030237,-0.9916481402829176,-0.9704239212131156,0.955531893580215,-0.9953077667676958,-0.9222040803320559,0.9959870574747535,0.9915336205809939,-0.9829951905682466,-0.9941231148968094,-0.9326868065132544,-0.9182377490983362,0.8420245688111303,0.9999999995578434,-0.9824714405458101,0.9790545250722382,0.9929999425744642,0.9671632689565357,-0.9500485313609811,-0.3450024902791799,0.9109742856478855,0.8407490719424989,0.9775161264814374,0.967737635378713,0.9880417781281898,-0.9408224013338844,-0.8575542349522733,-0.9921522436649168,-0.9935081345964298,-0.9710623291330304,-0.9369578591542403,-0.9662201686102073,-0.9725846569341658,-0.9074566155766302,-0.9859011063982376,-0.6968717030403642,-0.9771079454745585,0.981728780587465,-0.867783326980216,-0.9977781190047337,0.9933395765061717,0.9872925773087963,0.9343644970358997,0.9518549156819702,0.9423026222262019,-0.9166463463929414,0.7437344831281476,0.9959840564470882,0.9075924286234731,0.7059470313761109,0.9699799176085793,0.9483140234432018,0.9760668996039495,0.9509434055045443,0.8724677286808615,0.9641064267250783,0.7303083927176323,-0.9826354450838954,-0.6215499056754891,-0.9959928791981009,0.9473862804815699,-0.9967565244978185,-0.9961049673913267,-0.9077197217088415,0.8044560785175362,0.9924289125548797,0.9399432625373383,0.421901560505385,0.9954398429135677,0.34630725575966653,-0.9909282322972431,-0.931139544053462,-0.9865428642620624,0.9719153663712924,0.9452097098017646,-0.719549714312155,-0.5676002259977885,0.9543750181666243,0.9100496595552492,0.9632554939037872,0.8399560056495778,-0.9724863836863686,-0.9019364049704043,-0.9140518948521148,-0.9969875010637406,-0.9587843874350869,0.982658263162121,-0.9927892993396413,0.9914265895170434,-0.96447321336249,0.7001277854651149,-0.9339552924517779,0.9766932223594856,-0.9742354079848314,-0.9848926948784642,-0.9842492595750347,0.9341843556652589,0.5214769627700068,0.9734300521503647,0.9078224322604914,-0.845251746224899,-0.5048224747095031,-0.9771658670392488,0.9113622712297014,-0.941920973537564,-0.9994958739604569,0.9522311223776422,-0.9002485048583961,-0.9240853553114464,0.6247235586962419,0.9938953942794694,0.9040753671844424,0.9959605194119766,0.9917066409872104,-0.9065794418411063,-0.9957629618123258,0.983788727898047,0.9373083535907022,-0.9677014617370515,-0.9583815417538751,0.9603615135503989,-0.9877145176976079,-0.1799241479903284,0.9804814813866534
