1.0000000016460677,-0.814444178170037,-0.896647667287426,-0.5103183087355352,-0.9864508522822403,0.8154845721263508,0.5262920906062822,-0.8089669121115703,-0.1280404372067235,-0.8739316171182817,0.6912910998741895,-0.9340319694494768,-0.918332848877126,-0.669884085325121,-0.78041608440373,0.860386730449724,0.7760082907285557,0.7989305885430715,0.7815396371355388,0.8992932666288774,-0.5369560142212904,-0.8566563393251042,0.4651196058167434,0.6650469128815402,0.5699272445700144,0.8959734698986382,-0.7136726763731984,-0.04647699054252469,-0.7752972134561187,-0.7575091968905433,-0.692526036062735,-0.616765623824175,-0.6462172878015182,-0.7764915886046366,-0.5482624172357019,-0.8770736228145997,-0.7242160407163905,0.7579681037087623,-0.7919001720781632,0.1037947191071881,-0.8121628847295571,0.8400970946416763,-0.9708249137433015,-0.6432201007980946,0.9391828747110385,0.42401016905864397,-0.6768944595287049,0.00833599687214262,-0.582825821364939,0.8480032274947524,-0.49600726955451346,-0.7003574918351049,0.8207355631770745,0.6233970208671696,0.917930879547328,0.5547711934776198,-0.9665638413609878,-0.5793012839453054,0.8500728131662272,-0.8885600940162923,0.8841933937771568,0.6588382068588333,0.7573775749933068,-0.8271585433757018,-0.9010171302750596,0.27853962221135636,-0.5767613838622803,0.8839585989413417,0.8190026573408293,0.9525103735149234,-0.44663822526110003,0.14470544317675105,0.8136774368138696,0.5045657167316416,0.8525572045478716,-0.8100481037995889,0.0687414166451297,-0.8541373204874042,0.2911476992563902,-0.576119854572813,0.9203398809685094,-0.9067401226764757,-0.6845255306769136,-0.7093560631715823,0.6075711381630482,0.9870385148266866,0.7689825860525402,0.7528781956352204,-0.6161529399913275,0.7021587058442231,0.9864245598323768,-0.9298206079663337,-0.5148047777993954,0.5399419771765369,-0.14657589864025347,-0.6387891440339238,0.711412781833429,-0.6843997010790707,-0.7155751019343076,-0.9345304303639785,0.9048947417361028,0.8082769250431162,0.8951600611858914,0.14370410278190787,-0.17851267840720425,-0.6080319847869177,-0.7361047126406315,-0.7811239618473466,-0.6952858219812221,0.853726739061217,0.7397273115321783,-0.858192784143325,0.6688032242788294,-0.5793559961283109,0.7550970372215535,0.7362411189211548,-0.9005711962753216,0.7480353790456807,0.9085963233885906,0.687432173689399,0.8661495058217962,0.43291565809415494,0.8836859316171924,0.5826280075283653,0.7264760906808201,-0.5728105626979392
-0.814444178170037,1.0000000014347092,0.9465318494907603,0.8647615553134674,0.7507423405090907,-0.8959718384353259,-0.8494294132337732,0.38052129261177653,-0.4444167807271337,0.854049831453508,-0.9804656141355603,0.9378009760180616,0.9522573382793389,0.9695496129388184,0.8770389169387325,-0.9177753835496929,-0.9868196738578965,-0.9898064286096588,-0.9328603427897794,-0.7267473958546028,0.8919265496343899,0.9798967884803288,-0.7241204451689837,-0.8993520257591332,-0.825353076515545,-0.9784312760089828,0.934366723515574,-0.24420241768137532,0.5101643179534702,0.9648522041136651,0.8822802927925428,0.906851742762254,0.10196805431100928,0.9060899742575299,0.9081977335110261,0.9226492959306402,0.8625486959338781,-0.9940603679836689,0.98206985605573,0.4256906452300552,0.3907400068172166,-0.9760623531003327,0.7356435569203014,0.7687496318694157,-0.9450663436487018,-0.7924664503174559,0.618580581450965,-0.5291234991054102,0.8162014228697899,-0.9442751916649071,0.7321604463105533,0.910142939988534,-0.7324533766305311,-0.17979417381136573,-0.9138612050723525,-0.02054141799555972,0.7078209044602412,0.07137918071980497,-0.9478535711206683,0.8903512664054329,-0.8846224915630747,-0.7078899229266215,-0.922899168909752,0.8941854356023937,0.9273282803010946,-0.7050146272609484,0.8962197376746361,-0.8505223316980113,-0.9907395836579975,-0.9116713905838683,-0.1387993772364424,0.4274105097207809,-0.9527766584550259,-0.897325645288061,-0.9721957417035191,0.9880636470326281,0.3933603333517384,0.9830640172691978,-0.7468310471666219,0.35638177847244085,-0.6854927472409733,0.9665088008023551,0.956770493964059,0.9659579686778036,-0.8950460294443227,-0.8394614550217674,-0.5420048542544452,-0.3648299790824888,0.9440369372275785,-0.34191226838472216,-0.8825101386257096,0.9249462168437619,0.8891618616335244,-0.838038627959447,-0.4011977486732253,0.9567241814541496,-0.302079362888906,0.969962475124249,0.9791878316658746,0.8716090895054446,-0.8137588033765527,-0.9716245847656126,-0.9556912661957088,-0.6874003251919659,0.6868719283293029,0.8696565464628572,0.9742076416748955,0.7938350665395291,0.9595846673927502,-0.9747715048434155,-0.9884273492429617,0.9536125340715221,-0.947196185534025,0.8989936813627156,-0.9854912753366156,-0.9686018790601207,0.687422792935294,-0.9725875536200378,-0.9616851013914314,-0.8990585060484788,-0.962171199001212,-0.8082276880991613,-0.5698540613480861,-0.9306124214403774,-0.20809903557819778,0.877774516891454
-0.896647667287426,0.9465318494907603,0.9999999981093117,0.7851158352469614,0.8601208966037001,-0.9656508039716032,-0.8472699442955459,0.5050971721968122,-0.2837739026855776,0.9689013836696931,-0.8974852866032854,0.9730271304114889,0.9971750009016872,0.8969207565540877,0.9473795125319338,-0.9715345653312317,-0.9587078703220239,-0.9604071636952106,-0.9744604729303477,-0.8888518398245898,0.7546299758937349,0.988496854250175,-0.7566366434047167,-0.9196942459708176,-0.802166064450594,-0.9897784240203247,0.8889815647881735,-0.1668390865474752,0.6418627212637306,0.9574860990258419,0.905516589574791,0.8445702827823132,0.3484649706474509,0.9315789919889794,0.8095061705712971,0.9887428569971479,0.9201637771414628,-0.9260688281891217,0.9677054976348164,0.3188369868258748,0.4750902803963071,-0.9862673798645476,0.8841193256695377,0.8419609744689204,-0.9808850752735987,-0.7783881153742502,0.5679735570653504,-0.40765003947052747,0.8676929854207444,-0.9504790329510402,0.6281373959775303,0.9148579366761257,-0.7294215554460131,-0.3802968749049691,-0.9794650823698916,-0.14398014230743772,0.8070893159974442,0.20612165483026962,-0.9819383220394762,0.9127552536083893,-0.9808576613678311,-0.6293510100353529,-0.9594060988862857,0.7925173316138576,0.9113463144128023,-0.6414033679296054,0.8738844708592441,-0.8086662321439286,-0.9539985530489753,-0.9515929843854677,0.0691510402677172,0.2739051766559623,-0.9788653021870184,-0.8065867925042723,-0.9924351507414886,0.9711993203188519,0.3425615208998444,0.9877358061781891,-0.6596697720132864,0.260426954692004,-0.8706024317451907,0.9936769174138753,0.924378527613032,0.9297195298026888,-0.8859823723393477,-0.9119542877163925,-0.500694670166739,-0.5188460316000165,0.8781530880080246,-0.3597241829928082,-0.9288128317214839,0.9695733409579985,0.8064007469686985,-0.7740327753799924,-0.21639123110569905,0.8730374691802932,-0.4761696109644585,0.9094743222840812,0.8989976043244144,0.9502070607007475,-0.9489200490829661,-0.9731315740388075,-0.9166971007619897,-0.4811460280042312,0.5576025479442899,0.887882235948535,0.94613238138214,0.912253185673649,0.831916799113956,-0.9888611304036333,-0.9291242170271996,0.9954593198601766,-0.9084047908835686,0.8680299722230844,-0.9053268739875123,-0.8502604341659038,0.8624140905065486,-0.9515772871058028,-0.9923998950706102,-0.9344370663330687,-0.9865437693634908,-0.767745198313459,-0.608027913551515,-0.8588751782200269,-0.39621810634717575,0.8655747729369149
-0.5103183087355352,0.8647615553134674,0.7851158352469614,1.0000000007411394,0.4741493937328912,-0.7123376474158094,-0.9042167480273244,-0.08534761743085306,-0.775027901371461,0.671628143370674,-0.9053702276552809,0.675666240145327,0.775273530277912,0.9465220241570612,0.8714369682222068,-0.7065808772207691,-0.8845668891483416,-0.8491626406413514,-0.8783546663027102,-0.5897103550135718,0.7959499087157385,0.8543377660035006,-0.9237378015329633,-0.916221674301683,-0.9733819252573106,-0.8113088974712126,0.740717383316349,-0.6389462863518738,0.05823610352395591,0.9264307737853418,0.7446472537400837,0.9903820998928831,-0.24246332490571382,0.9151508241321509,0.8338882538800815,0.7298661009677085,0.7377327836133011,-0.8742597822206121,0.8651167536626383,0.6310227563289306,0.01640216396189189,-0.845618272486689,0.46355940023919223,0.8781834159385208,-0.7690157627268016,-0.8969471257162369,0.533598739427997,-0.6994919783324054,0.9018923372174569,-0.7054114232318324,0.8708850939933516,0.9550273374707383,-0.310067358490825,0.2609150787404287,-0.6678260868307533,0.3865801415571271,0.3154314956592536,-0.393844082894525,-0.7614779979358768,0.5630045716295626,-0.7010159738623765,-0.3084610170011454,-0.8736790525610181,0.615193841020735,0.6163032197006433,-0.936248832051596,0.8953412520649782,-0.6406225271056871,-0.8964397327022346,-0.7258868100020623,-0.4047875883822406,0.7399086818972245,-0.8170430382510314,-0.9463513182971822,-0.848761796511365,0.8551229861664205,0.7745553014896763,0.8539953581407231,-0.9557497688127042,0.04858393728021739,-0.41833502120452964,0.7736223127591068,0.9287908319540555,0.9432309246303744,-0.9592824701631117,-0.516937759064323,-0.21983427571728242,0.1132281886578116,0.9489012366723473,0.13220840333164594,-0.6310799122694433,0.6567138899259038,0.9912527206941975,-0.6828753334236314,-0.7672175194940285,0.9677778767897093,0.1670185658024239,0.9202025885738983,0.9439712018833223,0.5738334456571534,-0.6660744817550034,-0.8327716516446737,-0.7542676830123174,-0.8448523496926408,0.9177535377292344,0.9343956173631413,0.9276367536832102,0.6310135268078381,0.8194749226130558,-0.8631632255221141,-0.9098119379964144,0.8085221850066524,-0.9649176536627408,0.8827123216061522,-0.9197195857013083,-0.7958549867090203,0.3801451823103659,-0.9228475967921131,-0.762798601245329,-0.8775130692892765,-0.8607586980462869,-0.9723130462376968,-0.16117582504262243,-0.9290854005789442,0.18024065809933573,0.8986167512229627
-0.9864508522822403,0.7507423405090907,0.8601208966037001,0.4741493937328912,0.9999999993807523,-0.7567723034965766,-0.46653021538351425,0.8050245954181217,0.18222555956926692,0.8369129456391455,-0.6113486502551223,0.8775889582316697,0.8801816406456525,0.6010460269600135,0.7745063043771808,-0.7940415156492272,-0.7096950857939379,-0.7283737528107018,-0.7454704967445233,-0.932532719680344,0.41614253934982465,0.8089195028228168,-0.46560068114443676,-0.6171078884917292,-0.5622180442314347,-0.8530501389006789,0.6129592031753924,-0.023853168853930587,0.7181700043430395,0.7106924812877236,0.6038221307974565,0.5824530523477711,0.7068947319161276,0.7679404263919335,0.4421108021983811,0.8260199708386844,0.6488124718094866,-0.6818579912231222,0.7254805945921763,-0.20565678270829588,0.8438292847263849,-0.7838557692325089,0.9830922093010793,0.6666211292025509,-0.9161940239564723,-0.3610087909397391,0.7269366615657863,0.10214965441413615,0.5652958650741999,-0.7659744797395373,0.5158588485909104,0.680686826523207,-0.7253964176248519,-0.6057869095738607,-0.8652451809720121,-0.6013272337617204,0.9514010481112629,0.5985007023071256,-0.7857847509821971,0.8119950009240661,-0.8429335069125062,-0.5568629732450446,-0.7077888784489148,0.7640945506412908,0.8323804566556815,-0.2290670264123662,0.5050278626481153,-0.8779716604080993,-0.7749847461493518,-0.9448536973105438,0.5456626784981539,-0.21671451260009664,-0.75036204615689,-0.4234724150746344,-0.80745737284272,0.7466250616599861,-0.0874133876707778,0.806108446069992,-0.24118492330965813,0.5792719391136394,-0.9193765586072873,0.8575836592582994,0.6185588729924352,0.6505286235491019,-0.5647873485180677,-0.9655327213723787,-0.7792574108580155,-0.732669242438953,0.54364306343086,-0.6792430925639004,-0.9707524345224,0.8710975812457151,0.46102797397111106,-0.4180417459617697,0.1854723940733445,0.5811540231653296,-0.6916726504026878,0.6076379271776562,0.6612004791667022,0.8811722447052829,-0.9168175932953841,-0.7395989070826462,-0.8606217952795011,-0.05003812668243917,0.11263847871029141,0.5691674291580864,0.678732984640468,0.7253931619388393,0.61799021474118,-0.8122647221389901,-0.6684202525190867,0.8103115538117451,-0.6163097759361467,0.4964372072156676,-0.7023428265472068,-0.6460548816922153,0.8796491856522343,-0.6911572285515661,-0.8567916776435188,-0.635371605666423,-0.8370435806509015,-0.3925982520161614,-0.879226917868596,-0.5008367400307415,-0.777719353091964,0.49942294354202665
0.8154845721263508,-0.8959718384353259,-0.9656508039716032,-0.7123376474158094,-0.7567723034965766,0.9999999995601639,0.8776389838340655,-0.46774975048962664,0.2947440922025538,-0.9748524583597388,0.8742319993333867,-0.9512611144028084,-0.9514344661261854,-0.8622475082363906,-0.885772875651889,0.9885320380725154,0.9369987115869907,0.943740601294939,0.9497869956961116,0.8049695127616094,-0.7778771623820874,-0.944251974197533,0.703773655557448,0.911816130157228,0.7023501035653185,0.937818773501026,-0.931045769383522,0.012639452191728066,-0.7131392588058346,-0.9169116493340159,-0.9686295494960523,-0.7586013158068253,-0.3150525824260754,-0.8393762348989955,-0.8489668552857771,-0.9909143286768539,-0.9717033073952426,0.8968107434870795,-0.9527474867860277,-0.4389503752713713,-0.3416030179366138,0.9597502006330291,-0.8184885375513634,-0.7566412593320774,0.9010409676037437,0.8194723996383025,-0.3568865290327513,0.5068330675905425,-0.8569643246879493,0.9655859154857678,-0.45158754088657094,-0.8454288552274337,0.7536978319634615,0.44262904135051145,0.9758728454167163,0.060485759875254314,-0.7581962822854802,-0.18090325799327042,0.9883746459813556,-0.9298170420418505,0.9794434045194748,0.6737309875791173,0.9470199271123734,-0.7093672668695739,-0.8895197830359173,0.6295987310550478,-0.9054262976169175,0.6594219112158637,0.8816517231758771,0.8479405437760289,0.03040444338003896,-0.31339746217155445,0.980391533177025,0.8066236635313202,0.955576922467065,-0.9502468699504414,-0.3487213056171818,-0.9447036966968405,0.6467519881973993,-0.08934238652607972,0.8548257072519816,-0.959157633397797,-0.9116152253564185,-0.8947411513513212,0.8626697507546993,0.854165634401162,0.3355896100055476,0.5528393086989123,-0.8630921796255329,0.29358869689778844,0.8306785237867057,-0.9576009247145928,-0.7635990388376173,0.8658405047485237,0.17410761969488733,-0.8211788191789516,0.5239931809552835,-0.8931971308304326,-0.8290178527505673,-0.9532043642682443,0.8916378740075757,0.9685871815486442,0.8206763587634309,0.47971808073622396,-0.5534768538239618,-0.8755130776937239,-0.914616207645753,-0.9579411024417825,-0.7846201813728002,0.9393255484634151,0.8957338614033022,-0.977887993269716,0.8674697461900799,-0.904734364905185,0.8252424532099879,0.8108456487762836,-0.8809405876967854,0.9191270797239702,0.9620542964269148,0.9452332968069881,0.9210121879840936,0.7457981351822095,0.499745589858563,0.8628610822745585,0.32877535906563565,-0.8920312914894172
0.5262920906062822,-0.8494294132337732,-0.8472699442955459,-0.9042167480273244,-0.46653021538351425,0.8776389838340655,1.0000000013111352,0.0007597611856068047,0.705732971739312,-0.8172951760909022,0.9054740664581953,-0.7547408316136847,-0.8187255773988453,-0.9302002601021139,-0.8843223317736377,0.8429044003596833,0.91864141651681,0.8936200964281976,0.9365232907282371,0.6218394763714016,-0.8276695783474418,-0.8778397288752985,0.8983154749544647,0.9770437795850326,0.8651082952013353,0.8296679824749317,-0.8601024529366318,0.36323688336198423,-0.30593626729570206,-0.9372582684802768,-0.9197713876870761,-0.8929692839883773,0.11943444475048295,-0.8622881953959598,-0.9083232206538364,-0.8508515010453738,-0.9117311614520044,0.8791505446678499,-0.9168602081647145,-0.7523980127267991,0.06247190687861314,0.8948278168723686,-0.5277853387621317,-0.8410407245177279,0.7596846065154639,0.9925020486323092,-0.26528090419129385,0.794226341127374,-0.9633969817631293,0.8188258457301612,-0.6085646039019427,-0.9201514158403861,0.43374353516494135,-0.01443383333521646,0.7849590224480583,-0.3975855476246133,-0.38703026327766177,0.30821009685804973,0.872749436865829,-0.6927491686757783,0.8289121556697475,0.41853125962331306,0.9445004526722015,-0.5359170126522457,-0.6729477136554556,0.9128873798017878,-0.9909634384404398,0.4908620283681941,0.8549839087722108,0.6842436064112889,0.41871943755744157,-0.7141364859361927,0.9125607835627255,0.9569090232603981,0.8880763601063549,-0.8993653084329098,-0.7470939763623231,-0.8778486753831698,0.9244345069446817,0.18586494648503732,0.5668947172557829,-0.8260845131660528,-0.9637187363391362,-0.9451548999847873,0.9785786571334961,0.56466485175712,0.03724061616564359,0.08698501958094884,-0.9589687981867668,-0.14576471029221075,0.604382095859475,-0.7539783952882744,-0.9406324060963831,0.8513048909558948,0.6039570011280387,-0.917794143988132,0.057426421209991786,-0.9384043336174305,-0.876460124804712,-0.7089481980094043,0.7287449813401451,0.908620653973893,0.6868740697420851,0.767757384394357,-0.8699519807466598,-0.9813490945145801,-0.9417745758913144,-0.8273087646297739,-0.7681350731244698,0.8805308536034269,0.9088774951674161,-0.8868375168691838,0.9520094136911191,-0.9822832066964741,0.8414768968208121,0.7634077818257144,-0.5754025537889247,0.9394145092329266,0.8230413298058322,0.976159655380728,0.8593701299122152,0.9613514331847187,0.10937377827353487,0.9623982713664012,-0.12340068847223266,-0.9882607229562744
-0.8089669121115703,0.38052129261177653,0.5050971721968122,-0.08534761743085306,0.8050245954181217,-0.46774975048962664,0.0007597611856068047,1.0000000003989145,0.6573177986616735,0.5453300490102644,-0.21642125284977015,0.6383693255398869,0.5386901208946425,0.15417211049229518,0.28846111243722006,-0.5270811860870682,-0.31641169202042635,-0.3718240884392961,-0.30309836024793557,-0.6010415629109654,0.13358435221468679,0.41909084306008243,0.12064017738913078,-0.14304128511315303,0.019415457617987283,-0.4964163123929762,0.36408344313731394,0.5214044468544647,0.8758402905328943,0.2521070252651475,0.3146034206038129,0.0423607535557409,0.8736065015874296,0.2607167386955055,0.11223171141372663,0.5241285540177074,0.3430174028927882,-0.31413190320750317,0.34645532536193535,-0.5207904046962727,0.9237424717702619,-0.4081233748277204,0.7885575053433969,0.11032505082763637,-0.5651012841559631,0.11467908510212065,0.41919066611835454,0.433409921523834,0.04349613685463469,-0.5291859072759822,-0.02138635323336971,0.15148984041460056,-0.7849031572235246,-0.893122925184585,-0.6176687643028991,-0.897791200066855,0.9112766413728475,0.9420829562749456,-0.4801598257746366,0.6773682971830444,-0.5415818156594896,-0.6232740672460202,-0.27963712351984266,0.5869570763513915,0.6599096445838709,0.31722619697958215,0.07498359630381,-0.6037130510770239,-0.3531086845158035,-0.6065125346496238,0.7458518440176282,-0.6503152119016687,-0.3967836829277165,0.03452693736192104,-0.4160279591833129,0.3760373348410344,-0.6249927628809985,0.41829109708421336,0.3056700698159228,0.6667366266721878,-0.7561093967713622,0.5345449218996408,0.17560215128015014,0.19185872647447502,-0.04932112378567444,-0.7984901328659767,-0.7627203818018342,-0.9579059074237656,0.08842440498553258,-0.9337369439931088,-0.7143862779020426,0.6454733371944021,-0.06595690383506947,-0.2098348931676149,0.6787139110609609,0.1017654855632467,-0.9411013323812828,0.19031332126692047,0.2075758156042514,0.7025884955796231,-0.5688488207335108,-0.38622191553895524,-0.5457758533894652,0.3628639443496971,-0.40059441344896896,0.060478907419227686,0.23435494740828733,0.4667156824268242,0.29562369829341023,-0.4063142894502668,-0.2616077147618002,0.44850815938410843,-0.1262906985056702,0.09026184510105476,-0.27120966150035425,-0.3591770266936212,0.7705973323346452,-0.2493352743499826,-0.5439053718570289,-0.197655722681654,-0.41641415275775195,0.16259345493625688,-0.928719970294295,-0.06792193317126116,-0.9405114774648682,0.06105478084833131
-0.1280404372067235,-0.4444167807271337,-0.2837739026855776,-0.775027901371461,0.18222555956926692,0.2947440922025538,0.705732971739312,0.6573177986616735,1.0000000010710364,-0.17826061199694193,0.5927751137689474,-0.15200738028339095,-0.2534989610987253,-0.6405690710089391,-0.427589387582727,0.25149587648810845,0.5018331768763828,0.452417347036245,0.4687970505721775,-0.0020962846200559895,-0.6113310788980143,-0.39169542357613424,0.6969348300099039,0.599026539500169,0.6720664466660751,0.31449235487349864,-0.4288969472992026,0.6641103411399979,0.4052916307642576,-0.5405941562117268,-0.43777972256924097,-0.6835945356451856,0.7651573697817522,-0.47103890071947463,-0.6489373105710943,-0.2546617931998062,-0.3909876520659026,0.5085930408159073,-0.4705965528515088,-0.8795560402739395,0.5988563627058245,0.40335876772115414,0.16999257783976515,-0.5037762489942833,0.21408187196635237,0.770936208424764,-0.05520424307371326,0.8756062068709461,-0.6254192603653859,0.2713581587683782,-0.5799204906541024,-0.585017543757986,-0.14565937351849856,-0.6962821062524975,0.1563014445540972,-0.866041538957743,0.3058416061655587,0.8525967701966609,0.3189277495269704,-0.08535268866568209,0.20537430255891145,-0.004459619551232175,0.48599527139553395,-0.15221957144989684,-0.1234758680440946,0.8807997486125262,-0.6720600017938612,0.08349194513027,0.4576198423765687,0.14112439309221883,0.8560476959662835,-0.9860364771974158,0.4017795264166144,0.7709321031294973,0.3900273045684831,-0.445772369448371,-0.9244664978032651,-0.39545245628297365,0.904310466794696,0.3876179379267163,-0.16841823810492168,-0.2721601253115038,-0.6144171697734232,-0.6009443893802296,0.6820364114551132,-0.09141303770459892,-0.3262856761156982,-0.6125537770165236,-0.6873882133560884,-0.6313077161569409,0.014871067275315427,-0.13689699109850145,-0.7838454398162802,0.5100769240718751,0.9721308252259329,-0.676321364159708,-0.6449092346732556,-0.6105649846157332,-0.5887754677007967,-0.04160311562925395,0.1071647885638067,0.42620341462510053,0.23840675293655664,0.9144845636926708,-0.9486454370432883,-0.6528222281086605,-0.567779444410231,-0.2137166025012115,-0.4945175922204538,0.3984086210996709,0.5531619299234183,-0.34807458784728834,0.6470121915450678,-0.6609188360163063,0.5304365216396468,0.4425489102433479,0.17218973170635885,0.5517221144708979,0.26015733469898705,0.5508552814835674,0.3743601865325436,0.8147070964111173,-0.44979735320856823,0.7007709616936149,-0.7497661876190823,-0.6686699596666567
-0.8739316171182817,0.854049831453508,0.9689013836696931,0.671628143370674,0.8369129456391455,-0.9748524583597388,-0.8172951760909022,0.5453300490102644,-0.17826061199694193,0.9999999989731087,-0.8041780112851735,0.9456734842008089,0.960974489260727,0.8047055019021909,0.9136637333750726,-0.9763028274180934,-0.8929663974855863,-0.89518823448429,-0.9402626017917552,-0.8962181628515007,0.6743643292040752,0.9327624682780415,-0.7140291348044314,-0.8912271358645221,-0.7108997634589747,-0.9272507772439219,0.846033471597625,-0.015151312258105924,0.7314082511576008,0.8937954819407775,0.9173085903300982,0.7375171564079267,0.45252486924969604,0.8631013831199336,0.7385979204091395,0.985239907760928,0.9506827560189155,-0.8366288744509184,0.913241276127382,0.3079428048159724,0.44858019055362863,-0.9416918453358957,0.8944044677819233,0.7951440553006228,-0.9206475436670667,-0.7521247463900376,0.3921999926993995,-0.3836307410543716,0.8389676646800386,-0.9285624134680633,0.4446796173725997,0.8412512334570538,-0.7319823826651225,-0.5235024041070694,-0.9760394087500028,-0.1694985517301703,0.8031171148366928,0.2602703512802568,-0.9646622274912743,0.8970687477225354,-0.9980036899118467,-0.5697120430459153,-0.9411539505584244,0.6623612835250856,0.8510315343430659,-0.5818987044654907,0.8316735551387008,-0.6727020281321033,-0.8561669939414682,-0.8801997500758785,0.13130465798695345,0.19818094332892347,-0.9572701702313368,-0.7250262487230676,-0.9432354105913735,0.9085869310166813,0.29944851260298394,0.9275713213350811,-0.5702118424492896,0.12474831636943438,-0.9335564298595465,0.9518323095501553,0.8627202682944382,0.8573103125957126,-0.8291314954786023,-0.8816788561173554,-0.37712728858184336,-0.597845174287239,0.7998539883062199,-0.3386772502011995,-0.873641714640082,0.9539936815084682,0.7046506833100767,-0.7525393827384554,-0.08498502371096843,0.760946903410526,-0.5804420568793918,0.8350017820437045,0.7820680744352909,0.9603654629970869,-0.9446410127297411,-0.9347929502402117,-0.8024761756325028,-0.3478448265779439,0.46146793459183233,0.8522736348073807,0.8751173214157961,0.9779717927898595,0.6937993066752955,-0.9315601790012218,-0.8458791961258055,0.9678373270074455,-0.8310093435037172,0.8325679455110627,-0.7846148622965279,-0.7360605652209736,0.9356534949659563,-0.8868295427325075,-0.9574561367654504,-0.9193202226219633,-0.9258282246609101,-0.6974264233101538,-0.5601513722072666,-0.7866484960287831,-0.44782708213623335,0.8418279200912955
0.6912910998741895,-0.9804656141355603,-0.8974852866032854,-0.9053702276552809,-0.6113486502551223,0.8742319993333867,0.9054740664581953,-0.21642125284977015,0.5927751137689474,-0.8041780112851735,1.0000000008612193,-0.8759009056461491,-0.8960150495464051,-0.9929071283587015,-0.8456763248207949,0.886192352013657,0.9848729072486045,0.9810816262921805,0.9196233569644564,0.6181175477092633,-0.9479797051947875,-0.9487330151769234,0.7570130060749727,0.9204675892684882,0.8375080511428953,0.9304636642974556,-0.9486100515291497,0.2816528726691485,-0.4139780735481404,-0.9620327633269198,-0.9036786883865114,-0.9237997232960972,0.07281220403709582,-0.8749875341058344,-0.9659126796465998,-0.8827412346382104,-0.8713852820875649,0.994698119247603,-0.9763570595998231,-0.591301445046831,-0.20653597689754108,0.9535784929083747,-0.6068888507099396,-0.7481976228904439,0.8711682694284025,0.8696069146591375,-0.5033955334525589,0.6822365801176651,-0.8392132316908357,0.918470149164511,-0.7144808343204309,-0.9064942618911576,0.6634377434326716,0.053861978130587726,0.85717546670339,-0.1664619944867629,-0.5707989646194779,0.0992393358955851,0.9220428498143376,-0.8357317722195668,0.836375473185784,0.6710001020861237,0.9213311324337412,-0.8286754301049981,-0.8655328414373331,0.7981237429998299,-0.9454609839497461,0.7456533896772972,0.9636347072219456,0.8188379143223472,0.3278108247445296,-0.5870225456280582,0.9400338010181128,0.9623444190619402,0.9417978681467758,-0.9749923992504183,-0.5208785514021474,-0.9523953647932794,0.8386864425799611,-0.21713386119346215,0.5763752418721043,-0.9177774263135106,-0.9796573765398011,-0.9791266345540742,0.9265949273855945,0.7263084182785277,0.39080390599803444,0.22810804029295914,-0.9832869507582988,0.18875977891389867,0.7747525098234709,-0.8643973877908585,-0.9400578836035322,0.8938316657321825,0.5352425775876489,-0.9806090800935638,0.16915962931519452,-0.994080797159926,-0.9808318684784445,-0.8007767512809609,0.726633655685577,0.9619306595157602,0.8858698799390168,0.8056763338328218,-0.8008883021083466,-0.899423088513943,-0.9804575404243713,-0.7710879885974352,-0.9583848728610571,0.942133738368195,0.9953476836461245,-0.9222140243594826,0.9672952483044978,-0.9512165554473182,0.973795423179081,0.9638263280515373,-0.5904281489052359,0.9759684160435835,0.9131614386151211,0.9162105391627333,0.9194395998615574,0.8723755623051124,0.4091048080710019,0.9803253719526616,0.02148426301965944,-0.9288709471754594
-0.9340319694494768,0.9378009760180616,0.9730271304114889,0.675666240145327,0.8775889582316697,-0.9512611144028084,-0.7547408316136847,0.6383693255398869,-0.15200738028339095,0.9456734842008089,-0.8759009056461491,0.9999999979686939,0.9804871781101833,0.8499186852030896,0.8507160424763649,-0.9767207435706905,-0.9307759393390839,-0.9491366892132256,-0.9058592295012258,-0.8298481726955675,0.7765212168245592,0.9586643483562833,-0.5960823009995887,-0.8341146303702303,-0.6725574892365731,-0.974536478729177,0.9146915668656349,0.023629211894791034,0.7644707512731338,0.8955317927621079,0.8945334195896907,0.7501050210124766,0.40822690043862697,0.839771097487811,0.8020561000357525,0.9773028312598445,0.896118148345027,-0.9173765064788925,0.9430733999108999,0.2405661795252554,0.5732768544546387,-0.9604813895898857,0.8891718521631864,0.6980840532854515,-0.9630897227643662,-0.6745649428070276,0.5442135761664985,-0.3430152514034977,0.7408808738328928,-0.9801565440402031,0.5215061954014589,0.8132117652400512,-0.866214248829949,-0.506278570746681,-0.9926720997737821,-0.27444045213311047,0.883951302459952,0.35728178942284855,-0.9768198495658152,0.9777467385735678,-0.9611334481816282,-0.7682785276490707,-0.8973335990976242,0.8662642452856595,0.9732093620066167,-0.507416657462067,0.8078633404685576,-0.8291661435146449,-0.9196352665200228,-0.9361039844908952,0.12110064310906764,0.15655091792242976,-0.9546263094970452,-0.7427682582176804,-0.9577567892876381,0.9516484616163394,0.16094029914372585,0.9592188606822004,-0.5323323122088826,0.386251611909017,-0.87345729018445,0.9885775306592233,0.8691225495926775,0.8719316640056143,-0.7855927233919401,-0.9544818030487815,-0.5961931946794421,-0.6499918283357214,0.8205526516648651,-0.5334738691623488,-0.946523370352616,0.998791959236252,0.7126297521431595,-0.8019799235196187,-0.08077798002866289,0.811570005764336,-0.6058155864047869,0.872827826486014,0.854547452629749,0.9865058140257251,-0.8949633571400006,-0.9557750143757142,-0.9279472178311556,-0.4232544259642864,0.4431546096753474,0.7820207519398268,0.8938673629840739,0.8923759100509087,0.8472758925201658,-0.9503557935817708,-0.9015793950869091,0.9665697476605906,-0.8342614855029886,0.8154817493566459,-0.8733669854754122,-0.8836942795534455,0.8879177210464154,-0.8998673863121471,-0.9907765238590197,-0.8607441392486365,-0.9394784105121848,-0.640418303709187,-0.722098712504814,-0.8081680239294143,-0.48131524999317093,0.7947152956932773
-0.918332848877126,0.9522573382793389,0.9971750009016872,0.775273530277912,0.8801816406456525,-0.9514344661261854,-0.8187255773988453,0.5386901208946425,-0.2534989610987253,0.960974489260727,-0.8960150495464051,0.9804871781101833,0.999999996442931,0.892788461079157,0.9357909864220383,-0.9681889887472229,-0.9548267587389913,-0.9585229029895849,-0.9612021909373416,-0.8878870494009028,0.75791710716701,0.988621959384124,-0.7317174736642637,-0.9022926447850411,-0.7943191285103093,-0.9928980990138778,0.8835667452256971,-0.15088969512629843,0.652125817757214,0.9502339213223961,0.8904606442077719,0.841435178947217,0.3630462003978566,0.9282577723394507,0.7985890024205885,0.982742647211033,0.9060902876041487,-0.9279544858030241,0.9632921119503569,0.2818616098540587,0.5204697547204938,-0.9843060555998198,0.8927826923584755,0.8237170662325566,-0.9891018514653734,-0.7465539750309322,0.5954402654856389,-0.3796093958772207,0.837500685297275,-0.9526101892898158,0.6353257436886669,0.9040360579069409,-0.7560040930531454,-0.39567829481709577,-0.9801749665335823,-0.1848089241889662,0.8277296171897663,0.23888766492408003,-0.9770907000011753,0.9199250354979152,-0.9752223191977131,-0.6437419546587849,-0.9486525992876167,0.8208347217788591,0.9241866149142546,-0.6183426590685178,0.8502321048972752,-0.8366901344673366,-0.9575847333588505,-0.9638946369534682,0.09565580042420167,0.2443635073238012,-0.9719353545369197,-0.7930904186525646,-0.9891881210004159,0.967860748180004,0.30423348054334604,0.9871096973567688,-0.633825984808177,0.3202287055709699,-0.8714259945188525,0.996409873818998,0.9138043856384468,0.9234952075960744,-0.8671913185659547,-0.9266536648357955,-0.5492125107166262,-0.5351320766826685,0.8682476810529349,-0.4094787959778105,-0.9491563743134223,0.9760521992718261,0.793920896188773,-0.7610235206239837,-0.19868580367035438,0.8676322931482385,-0.49114950002785873,0.9045363700202159,0.9010871568353632,0.9547442032353127,-0.9419763433486812,-0.9687663804632193,-0.9322860718366283,-0.470725146992117,0.5355469668487859,0.8660154309391305,0.9390643860544952,0.9007956677168073,0.8395507590628187,-0.9876649577513317,-0.929016491890506,0.9896699375310998,-0.8997334932365513,0.8486123078008282,-0.912119380312189,-0.8642706060348206,0.8610368496485196,-0.945582163446961,-0.9958171770471144,-0.9147399569711628,-0.9861876372131327,-0.7435419230009337,-0.6510568932478517,-0.8466464237963541,-0.42196765855043944,0.8461117896471541
-0.669884085325121,0.9695496129388184,0.8969207565540877,0.9465220241570612,0.6010460269600135,-0.8622475082363906,-0.9302002601021139,0.15417211049229518,-0.6405690710089391,0.8047055019021909,-0.9929071283587015,0.8499186852030896,0.892788461079157,1.000000001126635,0.8828748217336857,-0.8698817680501134,-0.9818053090407529,-0.9689224922828392,-0.9378582927810256,-0.6432720601071938,0.9213586178663626,0.9501659662409706,-0.8266171319244224,-0.9483602391343796,-0.8946944713340841,-0.9237661857890358,0.9141419484438448,-0.3707976680501647,0.3457962922935447,0.9780041298228007,0.8910988625428584,0.9604155095440122,-0.09527603863077917,0.9119751470593117,0.9467747908866555,0.8733707945983001,0.8696005059180889,-0.9817783203024801,0.9718879687130598,0.6110344307800171,0.16804708994221745,-0.9523373869347032,0.5991122561705713,0.809706833145715,-0.869863916860978,-0.9005775301311151,0.5109465177176237,-0.6978556135111804,0.8832524854679098,-0.8883601207843212,0.7593790880364468,0.9439354406377778,-0.5893627141498993,0.004119025465917067,-0.8372904462466613,0.21974919465540918,0.5261696031267589,-0.1690502339518965,-0.9084819076201225,0.7875969053660677,-0.8348439754622643,-0.580091267600715,-0.9399083991398121,0.7797340244815197,0.8185548376884976,-0.8534317528242086,0.9554686787169911,-0.7281912454173232,-0.9662729216071854,-0.8178278349965393,-0.33805307009786006,0.6302703327793768,-0.9368129553471823,-0.9758473863553349,-0.9442785373993737,0.9669521400835593,0.5998418803368701,0.9518672631597235,-0.883680541734948,0.16361328140196293,-0.5705246592876301,0.9067195839495639,0.9900057978449395,0.9930452552795481,-0.9600279001322872,-0.6951122621258553,-0.34583550961635606,-0.1582157508736091,0.9946744150504331,-0.10870578171229327,-0.7610165953339798,0.8376542434391666,0.9705758964106729,-0.856671399921908,-0.5930338960569206,0.9937259444117991,-0.10269748752899137,0.9959429026840515,0.9878151013657934,0.7708709109828276,-0.7423127147803676,-0.9546229479656693,-0.8665774153770417,-0.8167570280964619,0.8417635590233429,0.9362383342657322,0.9899558653717613,0.772106887554389,0.9300540221584594,-0.9477431547841375,-0.9936493470206011,0.9214224211687023,-0.9894105668639134,0.9571308499320155,-0.9758106891047271,-0.931847054931395,0.5700627603516761,-0.9866036326912015,-0.9013039709089266,-0.9359735600953756,-0.9304808298921864,-0.9190410127692817,-0.35542922539304733,-0.9866580916421995,0.01491739490816401,0.94775702821142
-0.78041608440373,0.8770389169387325,0.9473795125319338,0.8714369682222068,0.7745063043771808,-0.885772875651889,-0.8843223317736377,0.28846111243722006,-0.427589387582727,0.9136637333750726,-0.8456763248207949,0.8507160424763649,0.9357909864220383,0.8828748217336857,0.9999999979020178,-0.8755934939070419,-0.9098165644093374,-0.8867275069709826,-0.9784286671622083,-0.899123129381528,0.6580285203360337,0.9449045095711961,-0.9134247679067619,-0.9541313656534534,-0.9232751653781659,-0.9240790695098848,0.7610621265330297,-0.4188989686862373,0.40857061937606887,0.9588309923385454,0.8294275875816094,0.9109027561268198,0.24115533458280153,0.9861067480802904,0.734114342043687,0.9117524703646421,0.8672278469612558,-0.8547317453211535,0.9130731186048874,0.3780210139489163,0.32516202877855727,-0.935566378290566,0.8041977687854777,0.9683787484668227,-0.9257359510521583,-0.8371893981028584,0.5651482036949249,-0.44881169678935817,0.9523351547563131,-0.822021240825341,0.7329345499192901,0.9768551319943458,-0.4833197004788837,-0.17585871939705014,-0.8721341426203123,0.03187289890632508,0.6329423686070269,-0.015653750244827618,-0.8967597373833129,0.7354148433329147,-0.9208255338010282,-0.36163433118651206,-0.9621314279871997,0.6270381317563268,0.7409270138393095,-0.772263194693949,0.8709318744178153,-0.7225049725088702,-0.9203920714590768,-0.8977801733225663,0.008969662718694368,0.40228589356000927,-0.9226726995007619,-0.8185012898700285,-0.9518680637436632,0.9075798854498215,0.5566136425319981,0.9401559374112368,-0.7686399348807732,0.09571993026234858,-0.7928570492372978,0.9135601666563575,0.9154370294646307,0.9289143344233131,-0.9419088384011491,-0.7743697694797013,-0.34744937247607616,-0.28488665551912273,0.8774017389903379,-0.10779225497757873,-0.8367772617420286,0.8442191684567224,0.8640596909608972,-0.6475746016545356,-0.38730616524945344,0.8793834389473062,-0.250338573016278,0.8789908010674898,0.8844889542732322,0.8142683478830006,-0.9369113080130885,-0.908257502571447,-0.8237919971261007,-0.5135909331461191,0.6619377036914453,0.9504950021589594,0.93287933159171,0.8590248875374981,0.7307396266257414,-0.9567532454488951,-0.8867654030110454,0.9441307870126432,-0.9320344345182415,0.8521138000578068,-0.8755368352900573,-0.7321030216961116,0.7477382372720113,-0.9394019240082752,-0.9089642048038628,-0.9459490749380306,-0.9682144734516545,-0.8701849631749059,-0.41707361096039275,-0.8467716325527866,-0.25279215542960143,0.8814045917897858
0.860386730449724,-0.9177753835496929,-0.9715345653312317,-0.7065808772207691,-0.7940415156492272,0.9885320380725154,0.8429044003596833,-0.5270811860870682,0.25149587648810845,-0.9763028274180934,0.886192352013657,-0.9767207435706905,-0.9681889887472229,-0.8698817680501134,-0.8755934939070419,0.9999999999678415,0.9444040557666754,0.9538811045493004,0.9388489667114208,0.8065602536618666,-0.8054843420654364,-0.9574060279487153,0.6716777979807502,0.8984500804164847,0.699920236618499,0.9529532921017013,-0.9372582847565262,-0.027155586122777093,-0.741901618524954,-0.9177614419047538,-0.963149193777112,-0.7658722796834897,-0.3343694042695835,-0.8436125681502025,-0.846539167375982,-0.9941056913911843,-0.9696415518175001,0.913561865707704,-0.9597884442283299,-0.3955853516544698,-0.4162247616626468,0.9711172918481821,-0.836477802348457,-0.7300324150842402,0.9231525020165688,0.7805537471278902,-0.3890162990883299,0.48232041622088956,-0.8133240432500622,0.986015488009062,-0.459919616301851,-0.8366322939565474,0.8169940141572899,0.47812966715783883,0.9903704618137377,0.12071967762950454,-0.7960594939971449,-0.23000474396316473,0.994941413716422,-0.9545023533614919,0.9849285314172932,0.70235508976463,0.9463846871698685,-0.762656556694957,-0.9199667000943342,0.6083607077301182,-0.8788014953909462,0.7054472256264704,0.8971885946415264,0.8733296433358024,-0.001538597285688124,-0.2778637776431649,0.9849046127269871,0.8004699099249025,0.9619771824909386,-0.9569533075395042,-0.2944129538316082,-0.9553988186697029,0.6142110452054412,-0.18574986326876258,0.8655239994299461,-0.9758741413677987,-0.9090851531090013,-0.899360451669466,0.8437838564117324,0.8832818858991757,0.41153026028563805,0.5821721496491633,-0.8621744879478738,0.37985896522963364,0.872651636467099,-0.9825080896445282,-0.7552394097940733,0.8626049731264366,0.15290847829423995,-0.8229193010919953,0.5536347273477153,-0.9015129484521285,-0.8433560851001876,-0.9740906445354333,0.8830097336580499,0.9770677091369798,0.850593413248058,0.47603839986560775,-0.5306845733459151,-0.8521877435816498,-0.9160583586546182,-0.9601546559399707,-0.8041405241972427,0.9491186972027099,0.910872357533543,-0.9808763426327534,0.8670901179847651,-0.8892955561001703,0.8471588416100732,0.8483119888306199,-0.8891724369674754,0.9236039742413359,0.9813083372058944,0.9272247034575212,0.9304786124534868,0.7169311399078466,0.5734305007487026,0.858627152587975,0.365074667859354,-0.8787522816511996
