0.9999999994011934,0.5144467635045848,0.8104214068784321,-0.7825598818807444,0.6243311413149812,-0.9020660906406164,-0.8593934598900488,0.6625434786792027,-0.8628634944116389,-0.9314200283054673,0.6654038795648052,-0.9014260386994031,-0.7745712904878957,-0.8616419813877844,-0.6798394159229172,0.8042301651083131,0.7787026966276905,-0.3817223285563476,0.6999005740259605,-0.5517404911953252,-0.8162103943578464,-0.768823565039569,0.7662656856605764,0.6200649778991232,0.6934213200857858,0.6880618800519532,0.7702345551263322,-0.6490953818759649,0.8114324752460007,-0.6877720357901821,-0.6265119835440965,-0.7134924851230746,-0.45729471617119716,-0.5642971213356109,-0.6817470665824209,-0.7470526405254266,0.7771287625759896,-0.43248594561828296,-0.26895062924602975,-0.7495069273463941,-0.03580347752925237,-0.46933503853154623,-0.72536555969544,-0.3892511717283856,0.8183601209297009,0.6144577511875547,0.7305955714032646,0.6654309667212963,0.290675899615697,-0.7086110784116247,-0.709987975907934,0.7453059481190492,0.8385917465813482,0.8953311684398574,0.7905991015487596,-0.649313418151711,-0.7443359480979047,-0.6333834007371089,-0.7470762968635937,0.7284565882347096,0.8598194669627105,0.7428027032800628,0.7772110957866838,0.7291534856564218,-0.7674973103796765,0.7798303865016111,-0.7356194434047618,0.775911671254262,0.7453236022705355,0.698816325423086,0.7396509173436903,0.051917441754336255,-0.7811557457431965,-0.8073640043552044,-0.7874735260787669,-0.7130215807092103,-0.7476710685917874,0.5086604253017779,-0.7964719042658879,-0.7509844938664773,-0.6945846616572697,0.6741565739291593,-0.6883871692581824,-0.810967149458881,-0.8324605714973071,-0.6076842783418636,0.3822380752185035,0.6724006635901464,0.6382868589867351,-0.3717427499756361,0.7252367772474347,-0.24993936648031953,-0.7852029590145646,-0.7010303670150527,0.710850602610667,0.9001429229400988,-0.7303316563219697,0.7679119897197647,0.8012663497034799,-0.8477007956612161,-0.703448883071378,-0.6991308498734177,-0.7502963785620571,0.8080743910061097,0.6783460147685905,0.7762546743858544,0.5413901854886847,0.5227932556656549,-0.8131143085961844,0.7274863659581537,-0.4761806056679769,0.31524083717148477,0.8299417361888418,0.2201677316129775,0.7918120850062955,0.6708405834634862,-0.7343443782437288,0.7734569073435957,0.5966657374679126,-0.7618901722833578,-0.7965917636916576,-0.4351180342979872,0.7601479428172331,0.6652573506783671,-0.6409104201177672,0.624081064095427
0.5144467635045848,0.9999999985650128,0.7987441408244669,-0.9094106775259051,0.9687430077085751,-0.8095015048470491,-0.7755543186079247,0.7455675661052601,-0.8609977935342572,-0.7260636749745722,0.8426626434897329,-0.5212216433083404,-0.8235699948492333,-0.7807887484312739,-0.8515820480141028,0.8493832101102312,0.9254278538962551,-0.9318815166049365,0.9708210924807207,-0.805812601731291,-0.9073048001342389,-0.8435078565650648,0.9262600872244022,0.9411129313817759,0.9597932919023119,0.9236183276517466,0.8835215044716496,-0.8574170490000027,0.6980490231500632,-0.8977391615916906,-0.9641905411943936,-0.7714546877587865,-0.9435117711633376,-0.984440166550326,-0.9252590262492054,-0.9191183084902018,0.9006590279377076,-0.9498578445809472,-0.4909811640023856,-0.9239817420062222,-0.5536568803436013,-0.9787521729397707,-0.9560609682356321,-0.7167689536773297,0.8702060537106056,0.9630578061945368,0.8618459702163206,0.981312306045282,0.868534453242102,-0.875693760382253,-0.9367011116091433,0.9390265274234588,0.8734067825856624,0.4216434217074323,0.7897626947221482,-0.9786437285281961,-0.9533895426723642,-0.9674752863094137,-0.9407224617990416,0.7575181400430525,0.826379585312775,0.8906069140105166,0.54969869520538,0.8064952062664437,-0.8754423981042463,0.9098559374403713,-0.9364430909138977,0.9012979708174383,0.9332482614530713,0.8372422037384404,0.9530014547869855,0.3310373381748437,-0.7091253340732103,-0.7914422237910848,-0.6251700328773291,-0.9293310918567272,-0.8794731303210044,0.8563227848697074,-0.8504367059370981,-0.4153085104409457,-0.5088951999686472,0.9400625350512438,-0.9197357149718511,-0.8220277599278897,-0.7819698660220514,-0.9805061807164714,0.5689112373028343,0.8518673770725386,0.9174628099815508,0.28423262270209454,0.6475678937679255,-0.6753077279888459,-0.2975646740225154,-0.8863618720014312,0.9647300723135712,0.7730806132813112,-0.9596003603108257,0.8725564168200773,0.8594145807293647,-0.8908571584079439,-0.9425342487922832,-0.9553346953093916,-0.8995305038346868,0.9168493570008984,0.9148485616142626,0.42094771805834236,0.7356790910585942,0.9357893991882986,-0.8059354615685593,0.8350574408662182,-0.9212334294710572,-0.18060336219430276,0.7186086145578386,0.7936451735095315,0.8459730453807945,0.16527319165106522,-0.8186096271935271,0.5452485451101513,0.9586457377567753,-0.8669904926692157,-0.8865765598142318,-0.1580825378797734,0.9247458048913848,0.9616829999280515,-0.9406674780259622,0.6603332985240083
0.8104214068784321,0.7987441408244669,1.0000000023287694,-0.9710333100392848,0.8803177736467251,-0.95419393464728,-0.9928633962992107,0.9310322401369723,-0.8652924862382022,-0.907066796584461,0.9751639172533575,-0.918002523611678,-0.9030595503093132,-0.9902928853293805,-0.9543458125638478,0.9924797152911506,0.9405943536966631,-0.598451436283508,0.8977666582625748,-0.7409033471561247,-0.944549489653115,-0.9722061948107031,0.9535198113188311,0.9034391495282693,0.9281168498971335,0.9634362603482907,0.9734022846836075,-0.766940082768904,0.986605338854783,-0.9613402322599177,-0.8235567094338035,-0.9552374588379047,-0.6185838212033072,-0.7563303664427165,-0.9476484128513574,-0.9609320239879247,0.9674767634440657,-0.6532473805723589,-0.5843892615821799,-0.9650725326527012,-0.030135016769022464,-0.7379110395111987,-0.8634481663081307,-0.8268241921806249,0.9661744643640777,0.7813292229480981,0.9599636401985202,0.8613537852706885,0.5994524545905862,-0.9616620653609748,-0.9230760593035149,0.9389203754259952,0.9745508391387191,0.650123482261423,0.9688233338084024,-0.8747025547264118,-0.9192106664919218,-0.8663993251730089,-0.9414581856202574,0.9614760900136932,0.9839634951528397,0.9550152818604638,0.9369815222531603,0.9733736442578622,-0.9832478408205458,0.9686566880499007,-0.9144339483295446,0.9685640294302542,0.8237054058030366,0.9758966564294446,0.9015037325422832,-0.027113778537008113,-0.8552530375758441,-0.9998284345011005,-0.9652193111120254,-0.9254094000539818,-0.9612974527988671,0.7356916084012368,-0.9882187791415853,-0.874710749873744,-0.8438163159439116,0.9193589172595342,-0.9436804960872738,-0.9952067263647543,-0.9784950047050257,-0.8341791119924322,0.4948756868568414,0.9289545137306685,0.8523094082935856,-0.3316530242754029,0.9381184964396199,-0.6396618213574897,-0.7702838705683265,-0.9536503374459575,0.8582150530028827,0.9815036526470313,-0.8974254625808968,0.9721126529668168,0.9225546256195163,-0.919672969572915,-0.9194965597695036,-0.9199693067186351,-0.9457461954980168,0.8942139897128042,0.896474192619745,0.8543768278363125,0.8875076268760643,0.7879647043408993,-0.9909338080325535,0.9687735589557521,-0.747580126403533,0.21836255954834352,0.9832630183427201,0.33539795420468965,0.9652357113402977,0.7000243177293852,-0.9640633497776141,0.934966475556553,0.8091083270319418,-0.9730233228975521,-0.9496600675360933,-0.6533578157634531,0.9538235638874109,0.846423365768397,-0.8051494855388571,0.7843995226606381
-0.7825598818807444,-0.9094106775259051,-0.9710333100392848,0.9999999970055532,-0.9592793712647744,0.9692638845750046,0.9671196600068808,-0.9002974191724379,0.9360055546563391,0.9174637677506488,-0.9566129813884466,0.8220182469599485,0.9374940050679317,0.9635455590874583,0.9436902368380743,-0.9897929844085296,-0.9927584059617138,0.7655512785030654,-0.9743222714724665,0.8195315972777578,0.99186338038184,0.9755988959061791,-0.997201166519847,-0.9599194367193478,-0.9873286159674398,-0.9857655402369131,-0.991581203761697,0.8660067528944289,-0.9200319244973473,0.9792424970542328,0.9299693967181777,0.929954549844381,0.7880122959086697,0.8893118495125436,0.9829673334229,0.9958258198783542,-0.9961552314558735,0.8084840233638754,0.5256131437731619,0.9985871688427839,0.24802874408535522,0.8570995535865337,0.9580178759913597,0.7922738105616834,-0.9897843795276748,-0.9054039878620674,-0.9720801585988729,-0.9551695243854542,-0.7315797365310414,0.9746135267629427,0.9807116746917802,-0.9926560473485363,-0.9952826183289688,-0.6335808099032963,-0.9412354185953218,0.9625915393791615,0.986492881336764,0.9535435817920181,0.9942208689307754,-0.9288735743979382,-0.9845757628438235,-0.9829227671252483,-0.8295328381456719,-0.9544033704552926,0.9916337649556256,-0.9959589156201948,0.9697515558323347,-0.9966182027860768,-0.9304906901273005,-0.9624464229739023,-0.9734100721186899,-0.11409866306152287,0.8689541873783301,0.9670878933173237,0.8772458120890203,0.9796869768058267,0.9820585395435012,-0.8301371835619467,0.9880938054690552,0.7349839078160036,0.7376627397770003,-0.975107208415427,0.980576012632173,0.9809801256672499,0.9619130761763426,0.9377761056636448,-0.5751982700733375,-0.9456536630279898,-0.9301629542464619,0.09960210909727821,-0.870207527142484,0.6679023555014701,0.627179235940999,0.9743085363500502,-0.9553476887090409,-0.9630852949721853,0.976743413600208,-0.9867155920066432,-0.9640083176386026,0.9748071168497443,0.9801321787026679,0.9836552903973912,0.9832586474187903,-0.9686014069558985,-0.9562117378537519,-0.7228958169443118,-0.8559901121480649,-0.8879262510738081,0.9736388815773822,-0.9642971002813653,0.8553504099275844,-0.059478417944073006,-0.9355720282706711,-0.548350014909014,-0.9769924103297716,-0.519946808737447,0.9568397720405188,-0.8258718146150862,-0.9169894596838623,0.9840742443646687,0.9753399473786005,0.47047285953060547,-0.9963490245177208,-0.9456143402589742,0.914571446616157,-0.7922108718919789
0.6243311413149812,0.9687430077085751,0.8803177736467251,-0.9592793712647744,0.9999999977535502,-0.8968591789372671,-0.8753437872858365,0.8744388740776727,-0.8866449389660971,-0.8421927051675372,0.9115732696828055,-0.6362468184287534,-0.9355620077913931,-0.8497855715536511,-0.8634681887914528,0.9276718733367261,0.9750332351210779,-0.903720915427767,0.971383785182809,-0.9082113268674527,-0.9583283712187292,-0.9407324993108945,0.9751753966636626,0.9930971256230241,0.9904054409567927,0.9528809286694523,0.9597656581437974,-0.9353844998226578,0.7928686098708168,-0.9664315394042734,-0.9885457354670788,-0.8932046449750128,-0.8947963864792237,-0.9504215868773662,-0.9824938277134159,-0.9761202875869178,0.9666722404889727,-0.9313364463132414,-0.4010515628292066,-0.9702558910595956,-0.37182410597739096,-0.9028115838946466,-0.9732492531747765,-0.8100472256614327,0.9506990798227559,0.9715208274486947,0.9542966959603012,0.9693760021701198,0.8918011483498676,-0.959170689977026,-0.9917570502473477,0.9839785136568993,0.9368140441823192,0.43771907016950345,0.8223999451741597,-0.9956224423686396,-0.9768782769982547,-0.9986424415191123,-0.9816949382715574,0.8813413493519952,0.9125916719289221,0.9703862822757517,0.6864699663953203,0.9122559718166967,-0.949714798246485,0.9433776671790918,-0.9282843443632472,0.966345195607624,0.9424643816168724,0.9247359014612256,0.9526661234357177,0.11649090293616397,-0.8585084770349981,-0.8730465837554997,-0.7485659312214553,-0.9897394522757904,-0.9635338678384492,0.9331334480765385,-0.9342510669487806,-0.5588846205221568,-0.542078028743118,0.9940343504118736,-0.9832878226915215,-0.9106955619217839,-0.8961912171332881,-0.9929729891581728,0.7054143998044315,0.951469495561601,0.9835583328825589,0.1405428701138199,0.796053423711936,-0.7828979747691792,-0.3860382085306663,-0.9670529590979374,0.9690010016036513,0.8514033314137218,-0.9801827259620474,0.9560130374354083,0.9520482493842887,-0.9273143887431532,-0.9934884516232156,-0.9940321167903348,-0.975471079194778,0.9489407716076455,0.9862100023947451,0.510788126929706,0.8546932218904839,0.9782373811477464,-0.9057052262333799,0.9342508044738889,-0.9627285633489049,-0.20248075854401418,0.841700192451027,0.7260039365323774,0.9437455322388623,0.27848941093849605,-0.9262823314566054,0.6814871288800021,0.9872523501933659,-0.9530019048796741,-0.9000135450279926,-0.33231716442870163,0.9773352889506023,0.9890588764071606,-0.9771975008387308,0.8222207916262514
-0.9020660906406164,-0.8095015048470491,-0.95419393464728,0.9692638845750046,-0.8968591789372671,0.9999999972890984,0.9767463195032305,-0.8769534455190173,0.95537735316907,0.9856079020419819,-0.8940020057453567,0.8765863730926439,0.9528668476143354,0.9614159911745377,0.8678573082653536,-0.9717938959502752,-0.9703400015305872,0.6870866341067584,-0.9181429509122446,0.8086490976588105,0.9812816170691852,0.9605244256408513,-0.9662176245570345,-0.8976998948707157,-0.9323035230099059,-0.9171428697630241,-0.9674496171438663,0.8684735432591392,-0.9137189873298707,0.92829107245357,0.8834539724512097,0.9126641557079102,0.7192982504823331,0.8183582648021688,0.9293915497111641,0.9595999574708237,-0.9717539722562439,0.7334885413627955,0.3882580012940297,0.9572044403206049,0.17067391425282064,0.7423797682614924,0.9284884508205392,0.6961552647385295,-0.9858087942016709,-0.8615214292248203,-0.9461283774282515,-0.8937655074745477,-0.6449075225416286,0.9369120057572534,0.9434121956376256,-0.9576445257311019,-0.98795249853766,-0.7291954465946048,-0.9066394703886708,0.9040737128757501,0.9481571579123278,0.8985464688638478,0.9572619820572664,-0.9154779754220359,-0.991230164670496,-0.9570783647443835,-0.8461297518641138,-0.9295368567423121,0.9626052776768439,-0.9580107955817816,0.9163929964434488,-0.9710459140903642,-0.9168952697248453,-0.9187434793403784,-0.9288799415249727,-0.046652229440578015,0.9181766348101199,0.9493149928199407,0.8823022794584513,0.9449763462358484,0.957692404733033,-0.7954596808733806,0.9712687570382211,0.7659683956250982,0.7118944504234768,-0.9266217024127487,0.933215861949013,0.9688827758297764,0.9734203627964473,0.8764401783390636,-0.6018815363743287,-0.9134031032379379,-0.896494056017111,0.17961877097461584,-0.874072835231292,0.5916444762108193,0.6793093046974538,0.9354286620861653,-0.917070204427883,-0.9806006642470821,0.9394568998262849,-0.9653635960651692,-0.9735770931894819,0.9763710074438973,0.9400218688947366,0.9366367941661253,0.961191800440996,-0.9632146288013697,-0.9240023113306444,-0.7455295367261062,-0.8020853745807139,-0.8262225932238595,0.9684506737453188,-0.93745799749191,0.7906969763271762,-0.08518678092218498,-0.948665205271893,-0.4835417629545244,-0.9720150242466518,-0.5675012121381167,0.9374807427516153,-0.8416442259517718,-0.8670313118989832,0.9615452873796098,0.9403904467709833,0.481065906242784,-0.9648280380326547,-0.9059634326018987,0.884032125752794,-0.8174227081095118
-0.8593934598900488,-0.7755543186079247,-0.9928633962992107,0.9671196600068808,-0.8753437872858365,0.9767463195032305,0.9999999977077628,-0.933196886868134,0.8850827819297852,0.9485866719884178,-0.9523980979654036,0.9268363604787768,0.9318219787512362,0.9859465956594988,0.9159925476460401,-0.9910968645676256,-0.94588968647114,0.6005942104677621,-0.8868796260654325,0.7720031365298068,0.9529220358747021,0.9781102014517418,-0.9533468643138658,-0.8972574254070959,-0.9197757257367668,-0.9400802172093412,-0.9751061143659568,0.8018534411590275,-0.9765866477522747,0.9521669583708096,0.8302817286461588,0.958907204161594,0.6195895453289967,0.748761089882588,0.9395897330263284,0.9584809998371432,-0.9694924332089505,0.6550477739840586,0.4933717514049778,0.9579257845093395,0.017178760301524237,0.7021661679870329,0.8707183043954076,0.7960627441466559,-0.9772862931820766,-0.7903641804940218,-0.9634454484419349,-0.8507003318481239,-0.6017505301989182,0.959207339818699,0.9261993557516797,-0.9392386128982184,-0.9796485741584143,-0.6739218430319847,-0.9448824497621895,0.8701086149173504,0.9171289802269215,0.8662548038558796,0.939889835288681,-0.9649849300507712,-0.993854705934551,-0.9597271095833976,-0.9346812991881563,-0.972100757070719,0.9801394375378335,-0.9580348480288461,0.896734161021355,-0.9697756310985891,-0.8382540650907944,-0.9652849203677215,-0.8931416177081631,0.06352467275168001,0.8996214605828073,0.9913986625695398,0.9605187362582854,0.929772682709005,0.9655822397229233,-0.7568113233594536,0.9892550670085664,0.8713606873669292,0.804242961500635,-0.9179528427807025,0.9396947104714268,0.9952481645079426,0.9922247746203161,0.8321673986415624,-0.5504826303409538,-0.9335485695687685,-0.8654369117876507,0.3281992701977954,-0.9444594489168152,0.6378034868431268,0.7617310854320936,0.9522439740855749,-0.8601907449884713,-0.9883547935124221,0.8984307841851198,-0.9755486589908334,-0.9463570657955733,0.9311445158347997,0.9215201617751166,0.9175365166034573,0.9534672613426798,-0.9076111197411101,-0.906058119749049,-0.8379653580332992,-0.8772490408499161,-0.7925161116400286,0.9952057129998853,-0.9691086078884339,0.7534498286352893,-0.17793371681428724,-0.9914748762273463,-0.3482839920807316,-0.976991232762433,-0.6870163421200419,0.9682983523559079,-0.9318573373198724,-0.8162200220432569,0.9757210036053913,0.935179084833617,0.6418758791756404,-0.9540242155410756,-0.8540365296593657,0.8212257597373819,-0.822863738794526
0.6625434786792027,0.7455675661052601,0.9310322401369723,-0.9002974191724379,0.8744388740776727,-0.8769534455190173,-0.933196886868134,1.0000000009395051,-0.7256988504110087,-0.8526169785753912,0.9569889181637934,-0.7940751906023569,-0.9348634809433921,-0.8746889670499455,-0.8321446183850105,0.940044545765039,0.88348811706474,-0.6187325731450553,0.8038673351068503,-0.8653036397375815,-0.8688746931525849,-0.9704219154426482,0.8970660992415391,0.9225193612120152,0.8819590467268541,0.8954235147636174,0.9463920935155355,-0.8235482371217047,0.9077511464161584,-0.958113161292543,-0.8149479184265359,-0.9965561055552357,-0.5727543880308067,-0.6835671884541611,-0.9384129139694776,-0.9222956075229419,0.9264813199049429,-0.6675625993393953,-0.3698687357984104,-0.906344383098354,0.1248498039110479,-0.6231889764979759,-0.7936009697198594,-0.9410465478705538,0.9263108229893243,0.7563548819010508,0.9726564613796028,0.7685921487057665,0.725379723129521,-0.9702971265719151,-0.909220266517875,0.890648848718522,0.8946756022108234,0.36607945859157864,0.8190921620578245,-0.8379486095951149,-0.8408361121628118,-0.8597045198358294,-0.8851574165926019,0.9946848494496247,0.9195400446422417,0.951313234866956,0.9051998332049787,0.9880096744950023,-0.948352866935955,0.869011559776991,-0.7747828513129134,0.926197445057069,0.7321006913137726,0.9781915026703265,0.7840475539902881,-0.31886815507814903,-0.9229209327372786,-0.9293608586503738,-0.9263304885990831,-0.9172187062068485,-0.9583144856919067,0.8477235313195495,-0.9502847459980571,-0.8293063545377464,-0.6538428503556367,0.9185664031965146,-0.9426951642145889,-0.9490093433075775,-0.9612049667357053,-0.8138343695253317,0.7118202648749361,0.9793962392642643,0.8938244589676667,-0.28627381665280943,0.98314104575103,-0.8576749539129737,-0.588996543854616,-0.9655633089667802,0.773843237380759,0.8684716402551721,-0.8258584600533132,0.9556710744777253,0.9173562820369664,-0.8047511650330882,-0.9032982728257563,-0.8870354746679876,-0.9375095687110748,0.8008239331334158,0.9224716532413358,0.7058422657484844,0.9880909090680273,0.8483219044099094,-0.9597279685711114,0.9833286581078411,-0.8267056811252179,-0.052716120054312296,0.95895886086804,0.3479540819045808,0.9585921728161702,0.573268791433716,-0.9869553887240061,0.9023529604692949,0.8204695356046123,-0.9612869039230711,-0.80194861662748,-0.7341959266501259,0.9058406541042611,0.8233617374678573,-0.8094890615463065,0.9302717826316349
-0.8628634944116389,-0.8609977935342572,-0.8652924862382022,0.9360055546563391,-0.8866449389660971,0.95537735316907,0.8850827819297852,-0.7256988504110087,0.9999999985399968,0.9278478544857895,-0.7946490639028848,0.7592062096596339,0.8775678536810753,0.8974665873991047,0.8296593978037728,-0.8987014428684593,-0.9532512248377211,0.7703941442754138,-0.9470867959812759,0.7442877724473455,0.9679189440035201,0.8696178272210843,-0.9406202650800295,-0.8530914485006326,-0.9193695639551983,-0.8799095018247008,-0.9024729278559788,0.8521060124886448,-0.7972121240546107,0.8542736107507011,0.9033175352474808,0.7770673675121512,0.8346379734087005,0.9014604662225542,0.8751935767706046,0.9170892315954818,-0.9235206999235992,0.8036683938914145,0.3936373331410952,0.923313057678428,0.4410329431203866,0.8386814871759024,0.9630859068250618,0.5342179163632745,-0.9313555059690527,-0.9089958750205761,-0.8576779311371348,-0.9412735502082438,-0.6457602748747763,0.8517940967515032,0.9125082341603113,-0.938566105647765,-0.9500856209205621,-0.7844405455583167,-0.8630004246433957,0.9172446192339988,0.9580088383691495,0.8968292620155982,0.9411625650728278,-0.7765660840366012,-0.9261915003792812,-0.8910981923162259,-0.6738158126891983,-0.8113613696508226,0.8922407473883256,-0.9382476096240322,0.9473684284574184,-0.9229073134166328,-0.975857257789293,-0.8124889120582727,-0.9642197770754466,-0.32191581206836883,0.8094454000583322,0.8579094289941952,0.728611974494279,0.9079240688212454,0.8843500356015571,-0.7531846325610457,0.8936256788770054,0.5771454001052906,0.6306494294372982,-0.8887070507424112,0.8763255902934781,0.8819003641125694,0.8702230710427163,0.8995272808118454,-0.5151723392555797,-0.8138384656343487,-0.8628262375327739,-0.04021873440749303,-0.6994220185382016,0.45096964705374104,0.5634235901696821,0.8563466033348656,-0.9621694028711818,-0.9223078308475093,0.9586283096604087,-0.8919728643310858,-0.9211610750218627,0.9909079911900072,0.9134497866952613,0.9214049663823006,0.9065739294234999,-0.9870488054764147,-0.8775877258924777,-0.6173638686459009,-0.6408251331820929,-0.8108917185884317,0.8713464862988182,-0.8326672829786954,0.7771572940623799,-0.05575424415456897,-0.8209582354054052,-0.6360583712758867,-0.8909006786094835,-0.39938497517447863,0.8261381636105635,-0.668543255398543,-0.8799879780246799,0.8826937506736013,0.9445750722504322,0.21511501846838074,-0.9340410192298045,-0.9238954951275138,0.9009364828734014,-0.6734824396360083
-0.9314200283054673,-0.7260636749745722,-0.907066796584461,0.9174637677506488,-0.8421927051675372,0.9856079020419819,0.9485866719884178,-0.8526169785753912,0.9278478544857895,1.0000000004651635,-0.8283454109641716,0.8620843918560473,0.9512986617349349,0.9153850323476629,0.7754756155185641,-0.928916720944809,-0.9285791698358725,0.6390533286053416,-0.8506053004461643,0.8139768901163712,0.9432155950521053,0.9297437661042074,-0.9182697570091675,-0.845778365520587,-0.8725280127842855,-0.8414124538021864,-0.9271856295808267,0.8705550298086863,-0.8692419979667707,0.8755794466875978,0.8414900503650073,0.8869040633157181,0.664950134908667,0.7521644442699407,0.8753571860118673,0.9108615851023898,-0.9295585860037464,0.6845789244487521,0.24434148727304233,0.90127373154116,0.10658987177966044,0.6399851998243957,0.8843479155086635,0.6358129349648021,-0.9565329724406593,-0.8203022005975311,-0.9119461810403877,-0.8250535148753358,-0.608853019186661,0.8945069748192527,0.90092584339909,-0.9096350035583166,-0.9487497674690423,-0.7223185117245593,-0.8339964259036345,0.8468930349090141,0.8937851364515156,0.8493105638311665,0.9064028202334181,-0.8900726505612253,-0.9622531401545534,-0.9210913592551481,-0.8233166593062912,-0.8940326290767949,0.9168888764137617,-0.8961939998503061,0.8403910952516546,-0.9277847093606167,-0.8805596800912174,-0.8692596899635405,-0.8640108063168048,0.04035630395547395,0.9444796884949029,0.9010670815542386,0.8515083196170747,0.9049146165732744,0.9221666016702464,-0.7844992544915561,0.9320908833329951,0.7489892805919167,0.6348658358014696,-0.8793790855259627,0.8848644582063294,0.9300910851211495,0.9552373939215447,0.822434694518913,-0.6537508740406931,-0.8831794393388026,-0.8694703657851538,0.19948311883897232,-0.860000023673493,0.5714596922176982,0.6526675783944618,0.8935693844629219,-0.8649462045825392,-0.9483187561702593,0.8882937290647716,-0.928617764194483,-0.9615005602497884,0.939838382068405,0.8955882189954284,0.8848922550867793,0.9276176672557142,-0.9280822287368433,-0.8928625641069742,-0.7051098034123795,-0.7650154303930526,-0.78769469726429,0.936728402986175,-0.9017522016949057,0.7551648178194956,-0.035965462374078605,-0.9280055003810249,-0.45155585492500144,-0.9474823213320186,-0.5470922102468797,0.908006284643051,-0.8180845655502008,-0.8269846337230659,0.9246637109366114,0.8718811263958139,0.47638433658126716,-0.9180228499851985,-0.864718078488246,0.8552527850601971,-0.8440511704363198
0.6654038795648052,0.8426626434897329,0.9751639172533575,-0.9566129813884466,0.9115732696828055,-0.8940020057453567,-0.9523980979654036,0.9569889181637934,-0.7946490639028848,-0.8283454109641716,0.999999998553354,-0.8246732657146678,-0.8904984760376292,-0.9398635515047825,-0.9548491642018567,0.9743186422043224,0.9254429692697625,-0.6546874908358012,0.8954460575515564,-0.7801692751884983,-0.9147777421828147,-0.968933665171958,0.9443873761023598,0.9421383858844602,0.9399979069927591,0.9768695890661165,0.96846292166302,-0.7743756012816387,0.9507584679705856,-0.9834319224851216,-0.8437356100029456,-0.9675546964008658,-0.6459563151240721,-0.7741031766689253,-0.9700417515925075,-0.9611583438200961,0.9583549040656555,-0.7041550403850582,-0.6028732058705879,-0.9623016033314983,-0.03659250434516779,-0.773121402012375,-0.8507674917228455,-0.9207553618367581,0.9428571552160192,0.7950723191894216,0.9694499057521482,0.8638387836642487,0.695723527700542,-0.9781582090083272,-0.9329990967565434,0.9356618126598858,0.940344095621768,0.4797914330105329,0.9305695686365393,-0.8932462077158051,-0.9088836822783996,-0.8924039156716946,-0.9369038060597955,0.9681874415571528,0.9445022680762578,0.9593134234980513,0.9004630964447774,0.9821539434866944,-0.978946067865981,0.9498973887100284,-0.8946081056698887,0.9598020007208586,0.7932626801747501,0.9940547271882779,0.8830655504574689,-0.07271844946275974,-0.8307923377459053,-0.9751169622172625,-0.934426235541021,-0.9352756401274233,-0.9646043010030176,0.7880872124400848,-0.9740694943061657,-0.8239557074270842,-0.7868407941827401,0.9415470449297804,-0.9644347612394117,-0.9747144217274745,-0.9509034855419747,-0.8608637312117199,0.5412096902313444,0.9557851556012807,0.8790415369944439,-0.2524103781572627,0.9363168800557895,-0.7568823396649131,-0.6613331111116555,-0.9722658054963613,0.8470944579924444,0.9181760320901283,-0.8890363314510843,0.9686368986071946,0.9018021537722888,-0.8688358253574047,-0.9307366035970147,-0.930663717288179,-0.9461190823794842,0.8559718250464986,0.9162433942004176,0.7761191160435786,0.9461521789107808,0.8419723405995334,-0.9704670293402642,0.9791732203160767,-0.810495947441731,0.10618495910066043,0.9517909326495662,0.38359977862495026,0.9533913624321037,0.6127230947511788,-0.9719105978817345,0.8987690529261714,0.8385024276754524,-0.9718703906398874,-0.9132473068042197,-0.6610286057178608,0.9478327982077184,0.8565759339693726,-0.8185088043924142,0.8035644008981978
-0.9014260386994031,-0.5212216433083404,-0.918002523611678,0.8220182469599485,-0.6362468184287534,0.8765863730926439,0.9268363604787768,-0.7940751906023569,0.7592062096596339,0.8620843918560473,-0.8246732657146678,0.999999997460197,0.7515200832983745,0.9400171237578959,0.8324593914926465,-0.8761704576358905,-0.7726669045526104,0.2745262877127176,-0.6975656494671526,0.5019351174727228,0.7992362994184927,0.832643751843355,-0.7851391602592884,-0.6688880669008213,-0.7221073013101419,-0.7889168147655009,-0.8217545548744095,0.5444217288418081,-0.958294418301489,0.778422866004628,0.5731127468280822,0.8267443580052785,0.32674155834130447,0.4943000118452165,0.7489203662093196,0.7884588721675662,-0.8116258379895657,0.3400941212441852,0.547341228684178,0.797868557384005,-0.196357334315787,0.47360961455124867,0.6611840383201498,0.6256935647150809,-0.8325374836813305,-0.5274311207120476,-0.7974482349841652,-0.6430878240200699,-0.25848111002924856,0.7898743643731116,0.720297309120003,-0.7550643069400209,-0.8573893952047326,-0.7889517538417679,-0.9094876930887604,0.6389003977874482,0.7341973624438511,0.6223204586743833,0.7601254694424738,-0.8465653367310807,-0.8914625731366314,-0.7840869980418432,-0.9560538745892173,-0.8412565070223402,0.8397172907492916,-0.8281254623032481,0.7563046055627454,-0.8128228188488178,-0.6369064795385133,-0.8271732913834285,-0.7257515008491152,0.09932451869589892,0.7442628172673471,0.9215955216636115,0.9539274374992217,0.7255209197634067,0.7978718692859822,-0.46630032303672503,0.8644935117895307,0.9531216052558604,0.9064034172194674,-0.7038276101893878,0.7455122033743187,0.8927289677630692,0.8880026424876497,0.5778259918154467,-0.2771099314863218,-0.7438967415034786,-0.6166938957001564,0.616066637925331,-0.872063885987849,0.3693519560604022,0.9425960184017222,0.772516366329591,-0.6528854094239119,-0.9393016203888634,0.7007150006567309,-0.8220692051288908,-0.772484435062794,0.7968614272939915,0.7127194231244751,0.7114187573011156,0.7712799816007336,-0.7395418305689068,-0.6818860921703317,-0.9647109293628758,-0.717235921927583,-0.5058047220844144,0.8914935407228681,-0.8206698621998525,0.4518534085391341,-0.4940626318813452,-0.9286198977229022,-0.012730229042115107,-0.8286199678713191,-0.8917809061359844,0.822103390420981,-0.9556551002246803,-0.5473806833490821,0.8234779823822783,0.836696211875964,0.7322355411609203,-0.7824513298838177,-0.6126164248827363,0.5618601209051324,-0.6341121632337919
-0.7745712904878957,-0.8235699948492333,-0.9030595503093132,0.9374940050679317,-0.9355620077913931,0.9528668476143354,0.9318219787512362,-0.9348634809433921,0.8775678536810753,0.9512986617349349,-0.8904984760376292,0.7515200832983745,0.9999999955530561,0.8725140773382497,0.7850049917001805,-0.9429013893507994,-0.9563506884745481,0.7748638141560216,-0.8855410152358992,0.9450162399757384,0.9498708824179359,0.9736051018132376,-0.9507079525346251,-0.9488227712221631,-0.9320626997664283,-0.8883567725261903,-0.9662937771894766,0.9570405058481246,-0.8406974366564666,0.9481089926906847,0.9273935151089933,0.950201207122794,0.7546057159554518,0.8215358388864026,0.9504718949318407,0.9557994899495578,-0.963016411107944,0.8128102663983434,0.2158265869430568,0.9373981817319491,0.12909181056151833,0.710817026212584,0.9185951489362313,0.7936631205127782,-0.9744898514070239,-0.8977543745001164,-0.9745200495665213,-0.8680055301770112,-0.8055556555138109,0.9633679394228974,0.9668216110191946,-0.952279531131581,-0.9441329681582273,-0.4970789858524229,-0.7927125541376911,0.9208411135214537,0.9234987127079125,0.9386193671384101,0.9453566120649308,-0.94377669716716,-0.9517344286549096,-0.9777704636899338,-0.7940028221898899,-0.9488417619527525,0.9523247876212274,-0.9032023399934408,0.8399720060086631,-0.9611122810674972,-0.8920305201111057,-0.9317308083496171,-0.8749623364891574,0.13192116935514012,0.9833039763023301,0.8957654226245505,0.8325431237857452,0.9715559111947036,0.9764495439662788,-0.9293572584537797,0.9546670727699291,0.6898764483895417,0.5365246679491816,-0.9606910115881218,0.9608426948654605,0.9405233656325942,0.9650967026968389,0.9114348738834491,-0.8063864857004308,-0.9736110408613994,-0.9698243554125089,0.06086711001393805,-0.8978800581110161,0.7895277610489516,0.4906559054394948,0.9671524517450941,-0.8971533439451512,-0.8948541929264555,0.9240128051024017,-0.9711500086893657,-0.9943570533086706,0.915036591771468,0.9627902504094115,0.9477032964270418,0.9811451234103671,-0.925947315723279,-0.9791460915314272,-0.5905188866554534,-0.8869618983879607,-0.9237545057279739,0.9503492309946754,-0.961801193268467,0.9056277002031485,0.18510314220301216,-0.9239574865951538,-0.5765438434633763,-0.9831668374019814,-0.40909326015483155,0.9668345389919306,-0.7883320172880571,-0.9275067771905995,0.9699691469225722,0.8462183377452254,0.48971008729621357,-0.9557217122942219,-0.9355995546946135,0.9377557192640699,-0.9440060858228986
-0.8616419813877844,-0.7807887484312739,-0.9902928853293805,0.9635455590874583,-0.8497855715536511,0.9614159911745377,0.9859465956594988,-0.8746889670499455,0.8974665873991047,0.9153850323476629,-0.9398635515047825,0.9400171237578959,0.8725140773382497,1.0000000007463532,0.9528540792964474,-0.9787859795832938,-0.9325451209728596,0.5691476925789422,-0.8979424826149092,0.6806040171386378,0.9449017382700124,0.9427985306403436,-0.9425417751098513,-0.8623396796638173,-0.9102806397733558,-0.9468404278102319,-0.9516195262784491,0.7331721447733489,-0.9804295609446518,0.9261228038959345,0.8006479620449815,0.9092788977245359,0.6134791360561008,0.753762536652506,0.9154333885670893,0.9419991190293403,-0.9512511225322771,0.6244185053491881,0.6086715784789509,0.9517081004631978,0.07997034239382293,0.74008818236812,0.8631331218462543,0.7423997362185458,-0.9535647514689243,-0.7668724723893422,-0.9242327950035041,-0.8621694922678724,-0.5300902096587108,0.9248532296692612,0.8979806773850972,-0.9253577768010582,-0.9744715918834258,-0.7479818607675139,-0.9838981545616965,0.8562583945057434,0.9166435014785345,0.8386204673030084,0.9300929395538368,-0.918459306328397,-0.9799914525554337,-0.9260570715406364,-0.9183042119704348,-0.9348310274602689,0.9622211724562635,-0.9694769551136794,0.9289824255443255,-0.9524897413057339,-0.8360573254768511,-0.93789248559211,-0.9117632233565484,-0.06812907120844203,0.8195772700330143,0.9901942073511167,0.9470104955952799,0.8986430893374752,0.9317687567745802,-0.6757771070404575,0.9701065449577838,0.8633589789094118,0.8728960323218711,-0.8874366255038001,0.9101685412836094,0.9798050150072457,0.9585026719489386,0.8116835153750466,-0.4178486932275117,-0.8801766793479372,-0.8123544973330987,0.3397670024070243,-0.8930721525047031,0.5332493839862362,0.8124364303721597,0.9161949043934752,-0.8613289757313811,-0.9952440546988367,0.8941382273410797,-0.9471125475514948,-0.9033260081757645,0.9371673763392017,0.894902733479539,0.8998181637811754,0.9200064968083461,-0.9048493931119365,-0.8597243746964672,-0.877561467377786,-0.815114788462428,-0.7389044377958051,0.971789509315379,-0.9309061085804596,0.6931227654241995,-0.29995323707146176,-0.9638600480918619,-0.321878871187192,-0.9403412906923584,-0.7221799204786716,0.9248769657580164,-0.9163497398595912,-0.7791581476941023,0.9459161408724206,0.9679376125443577,0.5980220444768614,-0.9397586382863201,-0.828787168382418,0.781885601542475,-0.7185834495058122
-0.6798394159229172,-0.8515820480141028,-0.9543458125638478,0.9436902368380743,-0.8634681887914528,0.8678573082653536,0.9159925476460401,-0.8321446183850105,0.8296593978037728,0.7754756155185641,-0.9548491642018567,0.8324593914926465,0.7850049917001805,0.9528540792964474,1.0000000001819631,-0.9408906327163327,-0.9010987674710734,0.6131543989647263,-0.9152580035276044,0.6211688365241854,0.9013493504289452,0.8951114542490732,-0.9212987795300619,-0.8719972790035568,-0.9183562526055399,-0.9747395183726405,-0.9178286398244349,0.6636962501169207,-0.9359213547065511,0.9232332397729548,0.7971413909325824,0.8611231667542201,0.6531769821227579,0.7928122405737944,0.9165639093893143,0.9247842180705097,-0.9195555947293417,0.6619043407081792,0.7737494101735712,0.9435637355528176,0.18326593997070356,0.8417079427719868,0.8451021913613906,0.7915084325026628,-0.896643141556503,-0.7642372337232368,-0.8883703520353631,-0.8872973059993722,-0.5713871030998084,0.9040433313022329,0.879829826937958,-0.9083756612179229,-0.9269934840793287,-0.6255278853410761,-0.9835658407018414,0.8693003074632655,0.9086073703081358,0.8436314265475179,0.9165593499395421,-0.866606503559737,-0.9134529003861378,-0.8917795353776053,-0.844410982331986,-0.8982774755882842,0.9355600265376295,-0.9629698490919963,0.9493851868559978,-0.9224102846304186,-0.8032393358891422,-0.9260604005811152,-0.9179155012077462,-0.1869280276181808,0.689310523744861,0.9558589191131958,0.885413418347436,0.8765041963454516,0.8955428740043274,-0.6471631555808488,0.9288334329917727,0.7796488112951898,0.8804976714143629,-0.8817447643607826,0.9025614761597086,0.9341722883156485,0.8806421808799104,0.8277507886890115,-0.31522639145673204,-0.8486689941369638,-0.7854767473492485,0.23760814801353974,-0.8217381829943738,0.5519735299596314,0.7289561152895038,0.896478587229842,-0.8564626016906219,-0.9233535350615876,0.8846036599290619,-0.9086630232810143,-0.8265366132436007,0.885269906186022,0.8806527371058688,0.8963331130900256,0.8817239586422376,-0.8591607929639574,-0.8312827764825388,-0.8197592147041658,-0.8092086007729363,-0.7473839651555549,0.9158986967379555,-0.8962729624634589,0.7049193379204344,-0.3008223329922102,-0.886544914974839,-0.3652246327674118,-0.8807363060281124,-0.6436943880334397,0.8802269929538279,-0.8438382889817824,-0.7780162490126262,0.9084165464131011,0.9658947065623944,0.539574230679169,-0.9180343935120312,-0.8176371611330602,0.7577147346650168,-0.6123698916611136
0.8042301651083131,0.8493832101102312,0.9924797152911506,-0.9897929844085296,0.9276718733367261,-0.9717938959502752,-0.9910968645676256,0.940044545765039,-0.8987014428684593,-0.928916720944809,0.9743186422043224,-0.8761704576358905,-0.9429013893507994,-0.9787859795832938,-0.9408906327163327,1.0000000024830624,0.9731160645852014,-0.6860509166043474,0.9325704738726935,-0.8096721721698874,-0.9734692090126966,-0.9898188174069137,0.9812129746299499,0.9436427391397901,0.9617556371524394,0.9748879668376377,0.9937734140495086,-0.8382548064816888,0.9600473757095387,-0.9816751827959427,-0.8848427508231345,-0.9641811960546991,-0.699501377625057,-0.8177267551752995,-0.9751974417541477,-0.9863346021739987,0.9909295603901894,-0.7355440390875153,-0.5204162426647102,-0.986460879615461,-0.10784390069526081,-0.7813118940519739,-0.9129134214721469,-0.8301944384060281,0.9895610470650765,0.8485611447542936,0.9824728848518555,0.9035886994443354,0.6837269299851844,-0.9827196255744706,-0.9623875062619491,0.9720109669726901,0.990660369538584,0.6247217437383917,0.9480423893368238,-0.9224608028419778,-0.954022683388985,-0.9182636270969174,-0.9727652577843358,0.9662152721283167,0.9940539524332136,0.9829428157003862,0.8985166668992633,0.9811619133069283,-0.9972984795648375,0.9816703004718983,-0.9329284473790292,0.9914031708981408,0.8772118038202393,0.9825984829447263,0.9320772828039978,-0.006483945443133955,-0.8928325681921185,-0.9901221740791205,-0.9345977392764026,-0.9641931817426725,-0.9860765005719213,0.8077580532766525,-0.9991030801480713,-0.8188536587917229,-0.7772395161830311,0.958246023244432,-0.9737977447534707,-0.9986211078424736,-0.9871675844471753,-0.8909462286218958,0.5772143841156343,0.9577596528631085,0.9085119980946655,-0.22570921039797345,0.9285868265258627,-0.6874659116402444,-0.6940995148438472,-0.9786973282051576,0.905820114545769,0.9765286815806907,-0.9388613250087209,0.9924933535403324,0.9603628225955592,-0.9478465661429691,-0.9595782359369801,-0.9584331938998841,-0.9780380412875428,0.9336805023487157,0.9425170854471284,0.7867667475967254,0.8963345842366895,0.8533995327649613,-0.9956415261463117,0.9834064542220772,-0.8184395409930547,0.10861044523604595,0.9758401939935171,0.44127170062235477,0.9873086161924518,0.611432204873921,-0.979268606133607,0.8954411613016579,0.8732761529134424,-0.9921946673391931,-0.9550967840792293,-0.5875633603404802,0.9820824307234524,0.9033014244449914,-0.8712078223820485,0.8260615902532045
