1.0000000039298533,-0.8517569449809662,-0.8177997489453563,-0.9696736976362172,-0.8352991389733733,-0.9123995358252205,-0.9374554214360031,0.7111442271906662,0.899029722736557,-0.7089357897722481,-0.9590462466524821,-0.7410043518080045,-0.8282248312208776,0.862099297760425,0.9198863296230102,-0.9607612817961702,-0.03143067366401844,0.8711558520566689,0.8545493792313863,0.8022896103650319,0.9333028940018271,0.12557701343943617,-0.8751483865315441,-0.6262918601364812,-0.8728831279452915,-0.6868773984340268,-0.5086044953067788,0.9770000636280816,0.4548946870760584,0.950575714343579,0.8224832010239025,0.9968089463290171,0.4458509233466542,-0.9328090825209514,0.5738513131547457,0.8562423276390592,0.8331854987150095,0.8107922542109995,0.7478211786588986,0.5294325696508302,0.8493641595431322,-0.8982195638227648,0.8108014044402821,0.9411290681363131,0.5888262428714564,0.9777016187439074,-0.9552057977553944,0.5993065415002211,-0.8832502157440044,0.2120237152875113,0.9564236119015034,-0.9455360771759617,-0.8600324939633969,-0.8955770343714038,-0.9784706176928606,-0.6351460891732675,-0.9444967798820454,0.8948319665145921,0.7999000559766742,0.9447627025291339,0.9543749856748752,0.907549818480951,-0.3299099487965429,0.9514993170992858,0.5117541704630624,0.9349980299642997,-0.836827740987342,-0.3126084035291187,-0.7742362026357413,-0.9032253330733203,-0.9433721133947532,-0.8281995071195707,-0.9359780300992526,-0.9101022845638802,0.2978868537623399,0.9044478037426431,0.7602892369354449,0.8546156593091074,-0.7527490574799801,-0.8808380466179374,-0.42926420579785163,0.31844389580053767,-0.596234481025183,0.8111214656225241,-0.6195988075754504,0.8549436363478594,0.9124321858536895,-0.9056883591420976,-0.698630322943343,-0.9356588239417193,-0.938518874594108,0.6126810950203004,-0.7189744743594484,0.9164769778792005,0.9525799019905117,0.038310696447226934,0.8376010808207309,-0.5078904611434201,-0.9394346600284262,0.5686536519400652,-0.07519249271232993,-0.9046654229007286,0.7042089558934196,-0.8364936841992806,-0.7359076218517827,-0.889355138560135,-0.9212248967696318,0.9794758738359381,-0.8735531254073761,-0.698853489057056,-0.9302425107189626,0.8301478331176799,0.7133591623560308,0.4108852397648493,0.9725714879240291,-0.5176304805296206,-0.39663286826896715,0.9075337560403601,0.9470000951887964,0.9421675824178457,-0.4724178717756447,0.566822880039357,-0.9881589163527366,-0.9803887023884321,-0.6844302274996403,0.9525491538593105
-0.8517569449809662,1.0000000007363443,0.7909991390031672,0.7729671908894308,0.44310607209593816,0.7397794839308148,0.9518991071914937,-0.5212091287677808,-0.7416791960601254,0.37558921717140986,0.7728431463249059,0.3798419091139693,0.948933454141391,-0.9258154521536405,-0.6552046061561949,0.8252090032229548,0.4830988946649947,-0.610226699505411,-0.5585319921627014,-0.6158936503692075,-0.6461400837789104,0.1906510378807737,0.8529631189763733,0.2871138600337256,0.6578274142335732,0.4956368598352639,0.1420412146335021,-0.8552034778482821,-0.754485049413136,-0.9470439944429944,-0.9228880470439187,-0.8494089815083271,-0.6278025623803092,0.9442390648654012,-0.8715629525631138,-0.575247976948558,-0.9213639470872638,-0.5554580416908905,-0.5600584175366415,-0.7629116692718079,-0.9037205255152004,0.6289338983015538,-0.6076397998023984,-0.8986481163269846,-0.871742167818687,-0.9402597947835526,0.8172572100293888,-0.3189747589850322,0.6251791764466643,0.1500278711506982,-0.7907668683007446,0.8991126594345477,0.7904313000595149,0.6726566660567174,0.9057514391303151,0.28458772096187473,0.8546244545251801,-0.8889870584424109,-0.5943719471303289,-0.8856153568288198,-0.9210291606062666,-0.8840296633948048,0.17133568447616151,-0.7837066781986646,-0.5887256165582513,-0.7324075987158876,0.7446292196670462,0.687637253192015,0.511332206282716,0.6177217729794441,0.8137463143358356,0.44507388392867575,0.9753401923873091,0.7823310082387408,-0.7326937545798081,-0.6725101394625359,-0.4571643415713662,-0.48338476906113936,0.7612165846516542,0.6133993943609239,0.827225988035717,0.004296992357783572,0.897121372937081,-0.9172939394018029,0.18429319319496884,-0.9483802468178891,-0.74498352475431,0.8584363097801995,0.8371653043281327,0.8108342610094162,0.8615141294078904,-0.20443579162324982,0.541125946474796,-0.9025780108585416,-0.771742375164197,-0.05543455692477148,-0.45390233302921057,0.2191032931881554,0.6627733897666626,-0.8643925229098295,-0.32576282962829894,0.6353243700189537,-0.30759074540937703,0.9652631681720869,0.8411018496108197,0.6711334096652045,0.8238842946135893,-0.8488425042736879,0.8945466429661563,0.8358667478595521,0.8625236857446423,-0.8033994602130768,-0.45494793620813107,-0.2894661935866875,-0.8720123643417023,0.5672882998534748,0.46358466480513916,-0.69521176021576,-0.8336913388353583,-0.946760705285957,0.12685265014584687,-0.3463280527952329,0.8186776609702233,0.8341292452923809,0.9127806712077676,-0.8847663803137495
-0.8177997489453563,0.7909991390031672,1.0000000013704282,0.6815388436272719,0.6340537688499202,0.9343125500289684,0.7349403475579548,-0.9251574159037363,-0.9275042189555798,0.604433966322842,0.8739159337341516,0.7757196402530698,0.8806204542718873,-0.7978086133033916,-0.8545118787854266,0.6840283659775983,-0.012379320064713092,-0.8954489717575197,-0.8564070785605611,-0.9000700072700093,-0.8312465752918307,-0.40978098556174114,0.9809357958110844,0.6429817239250518,0.9349684912635104,0.8825824232296455,0.6354378022026671,-0.915383667958707,-0.571428256534425,-0.8228464279668349,-0.659273856227771,-0.8502313673493923,-0.06317318378235369,0.9281167150259351,-0.4054822364696797,-0.84936293870914,-0.5501260515476318,-0.8990722735536175,-0.7997954124542143,-0.862141982532823,-0.9727548379700623,0.7623731781835913,-0.9393616143662065,-0.9547010509665949,-0.40389282915597696,-0.8420450476616934,0.9382714030118002,-0.8125820649423633,0.8069198275148933,-0.4583364419323417,-0.928993134760821,0.8881307157056857,0.9665299786841426,0.9241805859791168,0.9081020122395396,0.40650106227913885,0.8890783651960644,-0.9796850877649796,-0.8104376192804156,-0.8750382710596822,-0.9337268600953549,-0.9782179136142711,0.7227417180060348,-0.8962439930952185,-0.7249264726340733,-0.9146927665905604,0.8758587267717377,0.523710660865176,0.7791285111003023,0.7894172167417564,0.949701102553223,0.6768111258562367,0.8656351437033863,0.9597918879382017,-0.41358072241710886,-0.8664267434934056,-0.8314275054426682,-0.6807937664066537,0.8727729646039177,0.8514281219484712,0.5738753523114196,-0.5185157093144173,0.6975553969661288,-0.9501732506019933,0.5990191146326239,-0.7967480639388229,-0.9506268370345848,0.8650910816360995,0.9514941748498869,0.9244142246982826,0.9567428408577061,-0.5780526543946912,0.8951610083359948,-0.9668149668692061,-0.9133009715294977,-0.4249060015637321,-0.6823327642740179,0.698474009786874,0.6718513310550046,-0.8061195946261023,0.07804233975778102,0.8749901383095029,-0.6688623924149372,0.768219109637388,0.9351615642857782,0.9050561528987634,0.9753258914937083,-0.8861168543631743,0.6325773806498928,0.6693264702597443,0.931248467826663,-0.9641057380983988,-0.44668062013796267,-0.7794664976023191,-0.7341960357768904,0.9091059014483812,0.7745380418529868,-0.8870225993454072,-0.9534239380834322,-0.9216051703576607,0.6642542188887712,-0.818476214779096,0.8572060380817247,0.8798931921349497,0.7836494428187261,-0.9468570946756626
-0.9696736976362172,0.7729671908894308,0.6815388436272719,1.00000000302896,0.874135620631492,0.8526841091756567,0.9203054177572741,-0.5922095147714902,-0.8473131808442832,0.6248024235090855,0.9320279550865259,0.6822310456869237,0.6915381745157232,-0.7417239840811213,-0.8920477542482218,0.9915412502719992,-0.04302701799546678,-0.7928734464624344,-0.8077745279741532,-0.6640984916893758,-0.8929141393333517,-0.09394966433322438,0.7380140357650851,0.6556013863782917,0.789502508593046,0.6151022472898857,0.4905760159029608,-0.90946235008921,-0.2721974481685872,-0.919492660117658,-0.7348531219622317,-0.961134870391906,-0.5377968004518385,0.8501152367438822,-0.5301236688697011,-0.826715975382178,-0.8230718641200622,-0.7375865933339265,-0.746071948348051,-0.3716596472906868,-0.7298611582567665,0.9193695365025913,-0.7155654782050727,-0.8399479184088351,-0.5471887553188978,-0.920981054944331,0.8676745856891369,-0.5038628595469017,0.8871554097248162,-0.16586201824557426,-0.891065256336242,0.9052535266476911,0.7169330576174626,0.8205863857503353,0.9087025768153717,0.5906731751765909,0.8392638018684414,-0.775023568210565,-0.6712347266675321,-0.8411775376707374,-0.8650874472857982,-0.7983053726084619,0.21684476953288565,-0.8628422449220007,-0.2950858844561006,-0.8797870701244418,0.8107234649524511,0.24615723065703654,0.6590480897376333,0.909382439085255,0.8681505561462115,0.8005299900523328,0.8673166485215423,0.8339443601204425,-0.23322486067243844,-0.8810901602954891,-0.6653532091980395,-0.8305889118318047,0.5724903599579138,0.8567307019930425,0.2846448889756709,-0.3160531608024659,0.4408489164450253,-0.6641970025984923,0.6292661864100052,-0.7372623626189004,-0.8364643465524576,0.87998535593978,0.5300131223263542,0.885269550466115,0.8314023113580581,-0.6509757156539017,0.6516784609082137,-0.8063402526913841,-0.9006705111307169,-0.012534143774632458,-0.8139010781517817,0.4777963789090182,0.9815400758013539,-0.41546279773805794,0.01828209222657959,0.855470168158009,-0.7158940938645688,0.7266081559958638,0.5552736391260514,0.8419713834677528,0.8216300875634658,-0.9036082212543457,0.8166550524132264,0.5495960394915761,0.8729526220727686,-0.6719315335448723,-0.8338244867055971,-0.22307086935425666,-0.9821675899367734,0.359162959297954,0.16629723466084348,-0.8750604039734862,-0.8688784881511706,-0.8476368934947013,0.3711585388725299,-0.4883767461063705,0.9594004683178864,0.9440607814336277,0.5224329616466121,-0.8749221700839729
-0.8352991389733733,0.44310607209593816,0.6340537688499202,0.874135620631492,0.9999999982678955,0.8571918995045777,0.6382466660942329,-0.735520697811501,-0.8460625971380413,0.7364905823285741,0.8940792408900669,0.8956356361794904,0.439792661229369,-0.47648757383582085,-0.9422963533813308,0.8171851887442849,-0.5044181404691556,-0.883051330541412,-0.9281840503458474,-0.72219709468798,-0.937490817267587,-0.5061267594621872,0.6360440980144156,0.8796526542367606,0.8551278735449156,0.7640929623654423,0.8052646739148989,-0.8115897389424481,0.06134021546192428,-0.6891400466416733,-0.39784129443554833,-0.8451320078977013,-0.1196463863314506,0.6620340001272608,-0.05994308169759995,-0.9332129696570343,-0.4492426764956653,-0.8675346990947864,-0.8220578798808472,-0.20705893573672313,-0.5758057088319929,0.9496210931716942,-0.8117728925379789,-0.7057059261568269,-0.07995033325271593,-0.7073561288064388,0.8064812375420728,-0.7529587033285832,0.9383015918579384,-0.5862341611140671,-0.8541133987972963,0.7507670683655762,0.661298171940687,0.8749563584012453,0.7589480585947355,0.6773531946551298,0.71024723100611,-0.6476118577762452,-0.7042921865651198,-0.6741045899943794,-0.7050247650054758,-0.680550170208772,0.49112130157771694,-0.8096686587071805,-0.20144826072860578,-0.8879521178306954,0.7721475397873473,-0.05647952976009047,0.7495622110757681,0.9639236235524603,0.8173165089357862,0.9303620080802764,0.6222966238525806,0.8096055717660066,0.17157827521792626,-0.9190743486663504,-0.8352235201876945,-0.9336024184681432,0.45996646824275783,0.9359453858555208,-0.11120946099577728,-0.6695287416372214,0.0804106544765712,-0.4699440195124222,0.9192167835677767,-0.44962114325694147,-0.840597340894195,0.7433794650744427,0.38003659797067585,0.8285677431250785,0.7302235128528347,-0.9171849295778451,0.7740787324758936,-0.6678266903798116,-0.8767327762902369,-0.19027885106611372,-0.940982080071364,0.7547861038989794,0.9480635905441783,-0.1365275487935498,0.3654706325413257,0.9261263068269852,-0.9495185070001884,0.40592189409584994,0.3985701303604511,0.8920210172001353,0.762160390533343,-0.7934595631596539,0.5103250246760944,0.2559042956921352,0.7684929429969176,-0.5915403354498626,-0.8387867902674517,-0.4189230801557402,-0.7884400635598071,0.3977869250018451,0.18519137055935875,-0.9021968320178504,-0.8008228496426045,-0.6525102570923607,0.6902822032915102,-0.7129093846458202,0.8740911151901282,0.8551615662470542,0.21218893799885868,-0.7574211842471591
-0.9123995358252205,0.7397794839308148,0.9343125500289684,0.8526841091756567,0.8571918995045777,1.000000001489889,0.7947520930248556,-0.9134325626990221,-0.9970386781677969,0.6613745809639189,0.9810604180635468,0.877135681460331,0.7700460006259431,-0.7215849189789719,-0.9791066630756863,0.8387596648178074,-0.21916880891671078,-0.9590189423493869,-0.9638566388373376,-0.8697611089517212,-0.9479975774243272,-0.4809854210190012,0.9156993872275704,0.8291395555415211,0.9822464039273268,0.9236042231132506,0.7671197154743443,-0.9608762964888616,-0.3266493831436649,-0.8748122038254748,-0.6038346709192357,-0.9389196863742978,-0.14822721857068652,0.9187229144580659,-0.3242937455534479,-0.9723677115828802,-0.5854046637669647,-0.9637001689248572,-0.9220690541635842,-0.6793198239207243,-0.9054022436080351,0.9415523268258619,-0.9666654864574546,-0.939583347348303,-0.3298995531699854,-0.8754351280763645,0.964708866262632,-0.8422284945385247,0.96316166067392,-0.530033083898911,-0.9887778505055408,0.9427939306127402,0.9050783416679273,0.9838148703521917,0.9382418614285477,0.5010352944305467,0.8798875220842701,-0.9314348549372687,-0.7924766521414635,-0.8601963122548175,-0.92997535835431,-0.9474822359978718,0.6791235381070018,-0.9273730201332099,-0.5088064787140134,-0.9937692698988962,0.9518272330553365,0.3843118804773266,0.7895051028733255,0.9558212524581209,0.9875854432151632,0.8209801900464235,0.8626128825991389,0.9945196797260878,-0.25501731782878917,-0.9870870571029995,-0.8772445888175977,-0.8279428540501123,0.7377962271791119,0.9786743351244582,0.34557478745611736,-0.6386865985215995,0.4976047633816437,-0.8341635461611355,0.7857521139735462,-0.715267539711556,-0.9967804275767074,0.9346061973205078,0.7947902989949036,0.9882180262067537,0.9439967085177001,-0.789365776183822,0.9400152684131797,-0.932302960283986,-0.991324504226642,-0.407744082521328,-0.8323223874217948,0.796181290602318,0.8759804002221901,-0.6127047070436056,0.12554845676299575,0.975933901107327,-0.8548512734846374,0.6842256370961154,0.7750085612945177,0.994852017192893,0.9767747071146305,-0.9239043828131401,0.6363086802708398,0.5251787218708881,0.972054647195631,-0.872252616723779,-0.7160618209836077,-0.6458075377577119,-0.8576472779826736,0.7753556401231939,0.5401162151675415,-0.992462548132161,-0.9843504180500323,-0.9008390069204678,0.6908499273524037,-0.8497933603478803,0.9600814617780864,0.9670938193191017,0.6035444201544116,-0.966370623813233
-0.9374554214360031,0.9518991071914937,0.7349403475579548,0.9203054177572741,0.6382466660942329,0.7947520930248556,1.0000000029876235,-0.5139803643315551,-0.7964056646399359,0.4540958605859171,0.8616812330147364,0.47832910170378135,0.8551672555528611,-0.870717271918995,-0.763350073102422,0.9544254971488322,0.3036041568991452,-0.6728023048502522,-0.655223283297611,-0.6047552586993505,-0.7558562177575537,0.13037326431679416,0.8018544047943879,0.4391707977262766,0.7030624431747435,0.5249140366574748,0.2559603734732362,-0.8960992502720083,-0.554438629424299,-0.9856845667439379,-0.8843813491478043,-0.9277281456064236,-0.6836396180127233,0.9329646919230742,-0.797265083759523,-0.6802364406739084,-0.952165339166388,-0.6140684310442788,-0.651298038831594,-0.5941164199776791,-0.8412878961468753,0.7798496986676976,-0.6354532508323545,-0.8878965623190749,-0.8046930097168592,-0.9707563861979022,0.845275726384562,-0.3499197237214973,0.7547329476219038,0.08592939885576314,-0.8447125347689083,0.9387089278625244,0.7457636006114108,0.727986745978511,0.9332993202194086,0.39526761699814705,0.8580225210855086,-0.8485708118359034,-0.5986034950926491,-0.8854840942933225,-0.9188773579034439,-0.8572596179585408,0.1290699932501926,-0.8202446435666194,-0.42284659652380024,-0.8010609633476489,0.7953936598269546,0.5421693768203599,0.5403851985110277,0.7586051494768238,0.8458653369198491,0.5844240004565585,0.969079332893811,0.8093751667160852,-0.5747695988427239,-0.7729413598482568,-0.5086320661495112,-0.6252623103804033,0.6615058315640419,0.7211898366384067,0.6251983941287889,-0.08845186028240967,0.7267557981498041,-0.8176319799149087,0.3491458242044428,-0.8863819169753608,-0.7860261196160381,0.9084654088163426,0.7000734478563144,0.8597471481019895,0.8559071724475378,-0.38257288778961657,0.5723119230715482,-0.8731995300809321,-0.8385159181477597,-0.0137216592723292,-0.5978617940788543,0.2954757253544473,0.8386083048446413,-0.6896918417258153,-0.25481405608465446,0.7265366137268445,-0.46773600773422197,0.8987232662574826,0.7089968903399743,0.7470219736510074,0.827794674057088,-0.8891301239468478,0.9080131672494277,0.7271677643153991,0.8905064141630443,-0.7339023715543455,-0.6732183822992692,-0.18671888806826967,-0.9749886745630759,0.4448303771204373,0.27574086440720275,-0.7818835857406979,-0.8604550398675893,-0.9305296697196115,0.16351755085733025,-0.36858412363018406,0.9083923010277394,0.9070629198656542,0.7620189147773001,-0.9003868597745882
0.7111442271906662,-0.5212091287677808,-0.9251574159037363,-0.5922095147714902,-0.735520697811501,-0.9134325626990221,-0.5139803643315551,1.0000000039041483,0.9013290931876337,-0.6948313230636075,-0.8324902080508817,-0.9232929525476693,-0.6660739499748094,0.5846990857685092,0.8802565445902423,-0.5549785722233098,0.3626184888346913,0.9463102693560469,0.9309135078407068,0.9239583347954402,0.8571974550875803,0.6913475435535259,-0.8729649012128395,-0.7953062697952881,-0.9601682810227945,-0.958639245753044,-0.8504897599543657,0.8266054412954854,0.2966305640299612,0.6338383853314499,0.4018287737575386,0.7545837988455569,-0.22900251858183715,-0.7606308827348487,0.045114861114101124,0.9129314169077045,0.2709143506747959,0.9726327332307221,0.8296484378435928,0.6828229267708555,0.8201976141487723,-0.7754258305308219,0.9805424702400141,0.8293638728488328,0.04778789103589814,0.6700755358530048,-0.8738981618010924,0.9705637007235832,-0.8314239209732905,0.7558035241376857,0.8818598129393465,-0.750241942326427,-0.8977312046276343,-0.9450829324616372,-0.7782924515540199,-0.49739241968225484,-0.7784391125357112,0.8519264637067427,0.8278409814449041,0.7332961476371387,0.7914659762727884,0.8592181491933581,-0.8853368399584572,0.8449170893245302,0.6291334621691957,0.9032436058187939,-0.8181045895352866,-0.24826884861648302,-0.842276760752868,-0.8223743498748495,-0.8898045817022151,-0.7825227565353209,-0.6622046106873638,-0.9152855229320155,0.07268832489133985,0.8779280684903704,0.9454282197503192,0.7669230167586398,-0.7631734344948333,-0.8953607523496525,-0.24174922472959193,0.7628584712263009,-0.3954486440888593,0.7670761145602023,-0.8126052079738674,0.5647386455425415,0.9284555419002456,-0.7361064823598136,-0.7923374854813747,-0.8606346359935183,-0.8574270330259833,0.772561258941884,-0.9520328300554545,0.8349739301285656,0.8785281472622558,0.5097660046344471,0.784999134671212,-0.8786960679530532,-0.6521714080835127,0.547763827171966,-0.36005991238641605,-0.9141483896230023,0.8380668803911411,-0.5111054823450295,-0.7792078323649362,-0.9205475802382205,-0.9024000191799622,0.7919934167421725,-0.406078000887605,-0.4371834759707478,-0.8276640456222835,0.8727808412918376,0.4532648915925094,0.8898821037306321,0.5855264681113681,-0.8834444932763685,-0.7479828968445253,0.8889502569257574,0.8789935121856016,0.7514349702227279,-0.8874542487542834,0.9509743285194355,-0.7817685550002107,-0.800591647869273,-0.5205855235728005,0.8345279777176545
0.899029722736557,-0.7416791960601254,-0.9275042189555798,-0.8473131808442832,-0.8460625971380413,-0.9970386781677969,-0.7964056646399359,0.9013290931876337,0.9999999985114398,-0.6045100605565695,-0.9795393962564461,-0.8523209925052329,-0.7588028248976556,0.696147952959706,0.9709910734227348,-0.8404960106384417,0.21874000878722652,0.9382358639047008,0.9507154798438205,0.8352858249306615,0.9262467365682497,0.4837048819333375,-0.9000879087773398,-0.841003167298767,-0.9683599090555862,-0.9296072245812974,-0.7646357119282755,0.9498423336679472,0.3024573747665313,0.8802038969335162,0.5811792526169816,0.9286568135602631,0.17296556969503699,-0.9182638149282801,0.32894329658643134,0.9679266425472666,0.5808297725292041,0.9525837866606653,0.9431067849524272,0.6957434379114946,0.9068517550529315,-0.9440706642253427,0.9547847708603647,0.9286451408556518,0.33245227022362045,0.8656991150672837,-0.9479892227272706,0.8278176263971934,-0.967203022703441,0.5216529861261535,0.9782470325557717,-0.9502540037243706,-0.8824251817897683,-0.9697488326260266,-0.9287225492556423,-0.4418239020030051,-0.8526438789882164,0.9232134886887422,0.748387003853765,0.8331909785238251,0.9211050746196986,0.9413889746909762,-0.6831372487351365,0.901913551211946,0.46552962345157073,0.9855538246315102,-0.9721032342345498,-0.4296187606906365,-0.7448435057548509,-0.9541886756366363,-0.9807699548139657,-0.7862981282965351,-0.8622332797416604,-0.9923505103670103,0.29225405558886214,0.9872933863447347,0.8477507452282597,0.7936568628276834,-0.7014566704399492,-0.9757235413040657,-0.35141952908480334,0.6528333259954435,-0.4898420896814326,0.8276378297121718,-0.7742322638534396,0.694332655119868,0.988757230940829,-0.9488205900500823,-0.7929554110826644,-0.9910813709530512,-0.9275989497355686,0.7918731521252534,-0.9480001077720843,0.9243227767499371,0.9846468045414863,0.4557398466385809,0.7990061906056402,-0.8056528254307217,-0.8707954787846212,0.6240629567318349,-0.06716870095487948,-0.9617127424652009,0.8494628300008957,-0.6678926751869277,-0.7581787407344128,-0.9918252067230301,-0.9663218301817207,0.9029905788985854,-0.6118403473056472,-0.49108296907463395,-0.9778921311308515,0.8484514095054385,0.7398359671140756,0.617364706104266,0.8583292618038253,-0.7835190587809839,-0.5088279740642292,0.993087079577213,0.9773254340407289,0.8919299607732954,-0.6601861258731494,0.8534833665126692,-0.9525631378554121,-0.963246395738984,-0.5898264888924634,0.9619880461988001
-0.7089357897722481,0.37558921717140986,0.604433966322842,0.6248024235090855,0.7364905823285741,0.6613745809639189,0.4540958605859171,-0.6948313230636075,-0.6045100605565695,0.9999999993517439,0.6581651224023143,0.8403223707415994,0.5283166502501704,-0.6409073524352997,-0.7334009372516167,0.5345363223125446,-0.25335999109805657,-0.8288751720696196,-0.770731769669481,-0.8778536705671792,-0.8393666088376731,-0.3201008412058665,0.6782640403923705,0.47355093602305337,0.7590562022524836,0.5306450943335619,0.5614072055243394,-0.7110609148045838,-0.31899838275870557,-0.47236867121685905,-0.5431691395545106,-0.6989447962245129,0.13878904933703215,0.5397624944884853,-0.07045116630155805,-0.6964999697798778,-0.37186202683377617,-0.7356758654967164,-0.4003701315794425,-0.15742793135439834,-0.49636449145875994,0.6082472308584626,-0.7167822669076072,-0.6635905358987807,-0.0987978042048731,-0.6231662146702885,0.7626472417800982,-0.6927034402933758,0.6068343319044905,-0.4880363259329134,-0.7243092151366494,0.5030272768871904,0.7565545441448999,0.7719291725502628,0.6635311106804666,0.9589040561862271,0.7942748805335925,-0.6158652816929336,-0.9371556416331199,-0.7587459598016246,-0.6394045629827826,-0.6145870246929824,0.3895655222562377,-0.8346674108020812,-0.6637050698493713,-0.7235101503833994,0.40375085976633895,-0.3175821760650577,0.9580286949933233,0.6692463742765943,0.6858385273222225,0.9278383233779341,0.5070725912696974,0.6432845206742132,0.32661230324485013,-0.6493411352002977,-0.8777576444644751,-0.9240228997624852,0.7540658643606081,0.6839983402065717,0.025632592426244646,-0.3438457915081958,0.26615637877282006,-0.5083472202876264,0.695856248290985,-0.5865906218240674,-0.7011487104258197,0.4248815006859973,0.42624957439964667,0.6012254866492738,0.7244052842416359,-0.5665515468572093,0.5217335243367853,-0.6248632084445264,-0.703871332823473,0.22579960650824848,-0.9190658203078462,0.458622828370025,0.6581628150380271,-0.14772030270871825,0.7354559334883991,0.7848349706525016,-0.6744237989053414,0.5164313963602343,0.565392394796703,0.6726662269454979,0.6885410040180971,-0.7778798304452919,0.6065130213024209,0.5835161883791075,0.5423409146804997,-0.7269172307264815,-0.2855077317161002,-0.6578625671290926,-0.5400634345141208,0.34291744583835154,0.5640892634153959,-0.6453367908108172,-0.675925409321563,-0.6065822938490817,0.7814631019923406,-0.5159565488558016,0.6857706185983715,0.6596130551382424,0.40779434622774174,-0.6275032828558543
-0.9590462466524821,0.7728431463249059,0.8739159337341516,0.9320279550865259,0.8940792408900669,0.9810604180635468,0.8616812330147364,-0.8324902080508817,-0.9795393962564461,0.6581651224023143,1.0000000016590822,0.8346071357734636,0.7681045761976959,-0.7457612518534895,-0.9823092758833288,0.9207635519775592,-0.16654495081406512,-0.9309543390986802,-0.9402457901841711,-0.8226702663799512,-0.955621999072429,-0.36101189826212493,0.8794713039188468,0.7999060601374778,0.9447387279526417,0.8485579744906067,0.6947136651700413,-0.9751471683047388,-0.31054858889992787,-0.9188076701987049,-0.663504850678994,-0.9767298211812335,-0.30210670404263046,0.9234717364618643,-0.4034961031755552,-0.9556519784916814,-0.6828469295838538,-0.9159391078796885,-0.8959324546405302,-0.593424940957235,-0.873270808942911,0.9639153104754599,-0.9059545534338812,-0.9332473800095853,-0.4132332809119296,-0.9179251341758353,0.9606463649108896,-0.7507199361223709,0.9701407732263779,-0.42606085852911,-0.9849979456133853,0.9617328728266812,0.8664047174611801,0.9588648895608332,0.9567283992064493,0.5433540259231918,0.8891211979299907,-0.9040948824247015,-0.7728497278599482,-0.8709927869512801,-0.9360486137450151,-0.9247581523376709,0.5443046409474627,-0.9332099492072831,-0.443464461053985,-0.9879314085335271,0.9398230618430555,0.35047369503107273,0.767197437759623,0.9737531096182198,0.9797554362552808,0.8403074855055456,0.8926721617135343,0.9731050482438828,-0.2571226265197162,-0.9846381822411174,-0.8323790771865807,-0.8546637364200068,0.6962356100126356,0.9705344891971497,0.33259676394510596,-0.5588269132136828,0.4878693732285171,-0.7985527333944027,0.7590721486742604,-0.7402658474182645,-0.971446548534618,0.944645886372099,0.7256150737084105,0.9893100830170912,0.9320975338060826,-0.7728467781782341,0.8735692821308292,-0.9180012471307482,-0.9939587205340237,-0.2928838219573952,-0.8517437634524496,0.7174617590293464,0.9421782599218513,-0.5597957648918588,0.08970499170795551,0.965703550795115,-0.838822430245069,0.7157512996386236,0.7186584620581694,0.9743075573902029,0.9507957790032799,-0.9437422499777492,0.7145842838876996,0.5430537215628617,0.9721555640735666,-0.8251758930592147,-0.7834891659479651,-0.5173854784482687,-0.9288788999268732,0.6564914184241712,0.4219985472865617,-0.9873596490473414,-0.9756821272710581,-0.9078017468411906,0.601895054078195,-0.7547697101661198,0.9891457803344428,0.993436948789447,0.5897185376638048,-0.9650649736075343
-0.7410043518080045,0.3798419091139693,0.7757196402530698,0.6822310456869237,0.8956356361794904,0.877135681460331,0.47832910170378135,-0.9232929525476693,-0.8523209925052329,0.8403223707415994,0.8346071357734636,0.9999999919048307,0.49975758962601996,-0.4980813022508643,-0.9196809392589341,0.6096171504117338,-0.5508198603267084,-0.9634239478194966,-0.9700579964870913,-0.8956274717026157,-0.9308599018045466,-0.7066247169436576,0.7501503616316891,0.8583952214785855,0.9389991934863517,0.8825788115554382,0.9079039614645426,-0.7957966610413121,-0.08155728799605674,-0.5714780971225066,-0.3401533228091198,-0.7669342358052319,0.23607873753355213,0.6493609475901365,0.08967476569441218,-0.9418297158011072,-0.25038977256208383,-0.9635998443400347,-0.7914138350235995,-0.37827388497240105,-0.6476981820660022,0.8435019106651203,-0.936171297059034,-0.740161359240264,0.0745490844963513,-0.6318719237607324,0.8402872231335387,-0.9507780073177244,0.8700362925166703,-0.7967583673285864,-0.861774472793091,0.6780684453388507,0.7999732609480368,0.9362065139725005,0.7300825954155006,0.7035990927572952,0.7476877832747966,-0.7232087174084456,-0.8468698408387723,-0.6984526803086067,-0.7084824195164455,-0.7401794709508629,0.7588355892298523,-0.8446638129853775,-0.4787761024567546,-0.8955478362830799,0.731196042786993,-0.06332966802828836,0.8920593658754641,0.8877515068838974,0.8371666864866937,0.9343160004593514,0.5624081181025629,0.8460023337085417,0.22233884166556345,-0.889054792525364,-0.9790376323330716,-0.9195698457848391,0.6487790904033109,0.9232812846447389,-0.04426233627682124,-0.7756921510796371,0.15972143800413366,-0.5761225815063632,0.9474605680767354,-0.46068137998519865,-0.887390133251498,0.6611616919835307,0.5525417027392171,0.806271535147036,0.7858824034734853,-0.8915932716247995,0.8720232758533684,-0.7188086776548149,-0.8653300849151895,-0.31469686682517656,-0.9375699401727512,0.8645215126424813,0.7729706475338429,-0.253129732566323,0.5612960277626134,0.9478712080208532,-0.9465387934194455,0.39464964540982955,0.5802552306199822,0.9094792699929405,0.8252561211861812,-0.7854663813194924,0.4051222564064795,0.3286079038721052,0.7434639557735324,-0.7515799844212806,-0.5757897378897483,-0.7679381878311307,-0.609818137046567,0.6425392076044922,0.5435574034103833,-0.8829349000144057,-0.8203616383977848,-0.6546196749268042,0.927528973866955,-0.8806693883938139,0.7987217632135348,0.7904152873819266,0.3101314941911795,-0.7585713352661444
-0.8282248312208776,0.948933454141391,0.8806204542718873,0.6915381745157232,0.439792661229369,0.7700460006259431,0.8551672555528611,-0.6660739499748094,-0.7588028248976556,0.5283166502501704,0.7681045761976959,0.49975758962601996,1.0000000116888488,-0.9671436122617694,-0.6812758606997976,0.7215871723217704,0.4250701518280766,-0.7085688281427946,-0.625549008523527,-0.78030655760906,-0.6923192044636012,0.06562693535212086,0.9393856819314198,0.2877829437037356,0.7404567249387946,0.5717961932054036,0.22555665615099751,-0.8800557953820662,-0.842005891354256,-0.8752950985067367,-0.914154818926943,-0.8358080386108125,-0.4092732868666795,0.9378544647297248,-0.7556654553821311,-0.6147793111018457,-0.8046604439037021,-0.6472546293347443,-0.5326952620284766,-0.8152688956023065,-0.9405229916347355,0.583273343990093,-0.7022091857098788,-0.938449687196324,-0.7577385533884106,-0.9169223909304027,0.8743924908489834,-0.4726570559451783,0.604246117826271,-0.020695106268866528,-0.8230057947119735,0.8550085285730653,0.9102179264993254,0.749311232115486,0.9105931934009132,0.4165135590042854,0.9204955738314159,-0.942051086739291,-0.7615048971268886,-0.9279174188105628,-0.9408152018676856,-0.9295181342947453,0.33599667846270037,-0.8585588917179954,-0.8006621879294918,-0.7715818955594391,0.7101283850946035,0.5852222827489426,0.6844369341976895,0.6066873040356479,0.853199062127276,0.5358100530566203,0.9448351921469896,0.823777440033345,-0.6155817966492628,-0.6791302529393726,-0.613658273215878,-0.560402146416556,0.9146301978960005,0.6378705648233065,0.8242249733206501,-0.08116591098606146,0.9239329642429558,-0.9763706139478984,0.2556376735473547,-0.9748321034290628,-0.7945550931484199,0.7896220903785738,0.924517058336791,0.8170714475155662,0.9220354666062699,-0.22832338765059018,0.6042271352663416,-0.9482610814513115,-0.7973507558222435,-0.06253030836821434,-0.535533495610452,0.29945612373989483,0.5968077490213675,-0.883014156454952,-0.09251639364138253,0.6931221417897228,-0.3543566690973357,0.9697941443531942,0.9570800936886336,0.7040811440208106,0.878121893771273,-0.8858307862092034,0.8683675428294765,0.9128017422629757,0.853661306503107,-0.9264509672651347,-0.29092612343324004,-0.5401076266265243,-0.7804498871684391,0.6913502448050645,0.7046082224398225,-0.7089439854466696,-0.8668455049523222,-0.9576794086349453,0.33802589844842607,-0.4578354082862545,0.7991667227926502,0.8251817836402092,0.9680288429679936,-0.8990029483068177
0.862099297760425,-0.9258154521536405,-0.7978086133033916,-0.7417239840811213,-0.47648757383582085,-0.7215849189789719,-0.870717271918995,0.5846990857685092,0.696147952959706,-0.6409073524352997,-0.7457612518534895,-0.4980813022508643,-0.9671436122617694,0.9999999986735844,0.6678384598407627,-0.7547439372481208,-0.4442786878270958,0.6963830479707729,0.604934640722986,0.778270845244993,0.7194890854749203,-0.17098209533541284,-0.8961296390227117,-0.22052783619363917,-0.703651706263735,-0.4604237529395277,-0.16046817525284493,0.8711027480479978,0.8401036239718527,0.8576970901881489,0.974631824044902,0.8512372593456481,0.4541101012811778,-0.8951178821993182,0.7770282015572285,0.5781535605354695,0.8650977593699104,0.5981484720412513,0.43190712015498217,0.6559696318150287,0.8581880172755326,-0.5726292013446115,0.644907362782471,0.9102336032063305,0.7875576766174772,0.9312017218643047,-0.8648957171266752,0.40131911997031944,-0.5715190667269193,-0.058542944846789,0.8040000172332805,-0.8101196822099154,-0.8801416260107535,-0.7210600233174304,-0.9033197094505308,-0.5728596203109434,-0.9472099091209497,0.8893418020752877,0.8056805117538525,0.9616578052026796,0.9183723314089013,0.8753246385403752,-0.1840513055917714,0.8784458614555932,0.8003384263557147,0.7445133382190139,-0.6115699302385178,-0.41768963368451134,-0.7315913212871703,-0.5952672242656525,-0.8156515481195838,-0.6062788924717398,-0.9220432574583394,-0.7647179251100401,0.4960256670579245,0.6413470926080066,0.6082122487336469,0.636417982064661,-0.9168974234847228,-0.6042655740656634,-0.7537154211499227,-0.03636302585866312,-0.8860965005515243,0.9093275797627576,-0.24679935891744348,0.9973699774027317,0.7520739766535194,-0.729128231444964,-0.8180534883870283,-0.7645364448178528,-0.9034827039009352,0.19469092124697254,-0.4931265628431795,0.9035476438969219,0.7724167322207232,-0.16128366860364413,0.6044737336169621,-0.188120635908759,-0.6400971676241608,0.7643895962456112,-0.015066557820244478,-0.6822408531334619,0.33317887357323733,-0.9875048277599886,-0.8962503641589092,-0.6578704691459295,-0.8370639360448825,0.9083635456770652,-0.9529324100886115,-0.9620064134657383,-0.7933406282959785,0.8936964614217058,0.28613228377210853,0.46057261903671665,0.8044048404237195,-0.5270817030868475,-0.6331107516303575,0.6644395452764204,0.8307796773116799,0.9375544758876931,-0.3108078359644212,0.33860296610494267,-0.8049596305518463,-0.8124830141462623,-0.9368776828020166,0.8620735782200056
0.9198863296230102,-0.6552046061561949,-0.8545118787854266,-0.8920477542482218,-0.9422963533813308,-0.9791066630756863,-0.763350073102422,0.8802565445902423,0.9709910734227348,-0.7334009372516167,-0.9823092758833288,-0.9196809392589341,-0.6812758606997976,0.6678384598407627,0.9999999973030791,-0.859139333325257,0.3255943648876154,0.9695649154113338,0.9852321037233224,0.8578358729050837,0.9825702645383284,0.49656772751576844,-0.8480593618938054,-0.8653299195888381,-0.9706223413386731,-0.8880766614844285,-0.8006842919426971,0.9429909725574187,0.20729391028259297,0.8333891221343687,0.5609906547399156,0.9402132937361088,0.14175657687033122,-0.8541696469897282,0.2394956662008216,0.9895835257115794,0.5592175646131352,0.96140692773102,0.9028989386145683,0.5176915212341984,0.8120867836208258,-0.9713932363710591,0.9414833820039151,0.8885960963323576,0.2517198727090315,0.8477546190767724,-0.9449115376619434,0.8383075839513291,-0.9815159839136481,0.5677632943526316,0.9745637747937542,-0.899387932652595,-0.854330688826136,-0.9803884292154804,-0.9072157614646175,-0.610756546242019,-0.8583959767601451,0.8595382856717851,0.8062473748006318,0.8298995759583755,0.8815935694504659,0.8817956047672676,-0.6253698892816993,0.9260894931912103,0.43182633000961007,0.9900979755111907,-0.9066873273675858,-0.2129164339149046,-0.8208223738633853,-0.9897155498036126,-0.9599754946806393,-0.9038143066176032,-0.8040772775626608,-0.9589351538734029,0.09084320486280863,0.9925575077137468,0.9022732498417418,0.9094007065750144,-0.6750846774849979,-0.9944305152983933,-0.18796930170048357,0.661950360476126,-0.364807541504602,0.7293177986250562,-0.8623312906591717,0.6517477959282995,0.9727525270014674,-0.8859455617821465,-0.6669811192033435,-0.9608682464236308,-0.9025217493050585,0.8584201858223003,-0.9024440309520337,0.8688386820386975,0.9841920498090542,0.3146428342575723,0.914057054083591,-0.7985905929868975,-0.9336121895411642,0.45062006084314976,-0.2439709740631416,-0.9941021801427345,0.9177629875835016,-0.6132528179334624,-0.6681446958706239,-0.9882148611535154,-0.9318893650776869,0.9155718819119142,-0.6249186050075314,-0.46094282905353956,-0.9261332930266708,0.8062932161957651,0.7721057586833331,0.5926661888806584,0.8610322546899047,-0.6539969497131621,-0.43891973385494765,0.9903130127619381,0.9510835420612839,0.8423747780940649,-0.7235622296914912,0.8208746945086348,-0.9622165500188765,-0.9601560931400814,-0.4865431712665317,0.9222345352822223
-0.9607612817961702,0.8252090032229548,0.6840283659775983,0.9915412502719992,0.8171851887442849,0.8387596648178074,0.9544254971488322,-0.5549785722233098,-0.8404960106384417,0.5345363223125446,0.9207635519775592,0.6096171504117338,0.7215871723217704,-0.7547439372481208,-0.859139333325257,1.0000000029121154,0.0441350071076244,-0.7456178656323277,-0.7611007076546625,-0.614681911003624,-0.846400949081497,-0.030705966218913916,0.7377618137960721,0.6164466234280735,0.7559523669217718,0.5937965968836173,0.4279063571166994,-0.9019257944337867,-0.31461188232045795,-0.9507326927026251,-0.7595876747204497,-0.9532908991319458,-0.6149833166212517,0.874398361968978,-0.6099811181181719,-0.790367994494559,-0.8660420582666112,-0.696196628946196,-0.744843172295356,-0.4310713652097427,-0.7572139527335325,0.8976730554938882,-0.682780478549663,-0.844495592418378,-0.6233407990851163,-0.9335731239194474,0.8504939624453849,-0.4456019433824325,0.8658769119749156,-0.08596479218463353,-0.8747725532213326,0.9274767218113698,0.7007513609672197,0.7866136060974038,0.912625200699244,0.49613696816958697,0.8234421684354223,-0.7854730238883479,-0.6124379682490104,-0.8330142084300519,-0.8745778900049552,-0.8078257349917018,0.18405396096664697,-0.8335082050450333,-0.2766807041883071,-0.857164231936359,0.8289409652359367,0.3565581880908745,0.5884942243776474,0.8794512889140452,0.8596237038555717,0.7228355532361144,0.8988862253433199,0.8275340377108804,-0.35055018538803134,-0.8603191499034326,-0.5976874366135887,-0.757080532344046,0.5566949321137626,0.8256015750282738,0.36984570222211954,-0.2665856704300434,0.5018692122809019,-0.6932460872101659,0.5526748694387885,-0.759415935204268,-0.8187622362465155,0.9072343807422141,0.5625030281385724,0.8860960494583842,0.8246331139923486,-0.5915758141149177,0.6358659659119795,-0.8166828802021985,-0.8844737608273321,-0.044278023304919575,-0.7379166011199522,0.43649861965260345,0.9567686577147698,-0.4869161894297351,-0.10688429662220042,0.8149507106137817,-0.6540497925996619,0.7593176358601931,0.5712731660578518,0.8190526765761864,0.8148512360822915,-0.8875968519278569,0.828813308145097,0.5636741403158818,0.8869566402133862,-0.6617279997612547,-0.83272901184004,-0.17207739824796048,-0.9954827473933764,0.3741426198840222,0.14790545152523335,-0.8575199937781729,-0.8637657639502859,-0.8643749333004181,0.28358183556417055,-0.4545291574304954,0.9495032273424258,0.9394525052108944,0.56651098107047,-0.8813288445234772
