0.9999999880536318,-0.9859041429187494,-0.9296461344906987,-0.9295003180517629,-0.8232769276108544,0.8781933056902113,0.6869301532817692,-0.9597733844622509,-0.9379562965390988,0.929036082959095,-0.15231487239223998,-0.9666739406284023,0.9863755929042487,-0.939602454089298,-0.005509752901553188,0.5752560300508034,0.6031558640431811,-0.10421590450240927,0.9554566391300499,-0.7217699780890139,0.9553033420336762,-0.5806466647139993,0.985726297727161,-0.984995593733452,-0.8598104478148011,-0.920147799008901,-0.7394519940677108,-0.8956576956885075,-0.8101242209353795,-0.008873279258917934,-0.8036376939890394,-0.8288874936469837,-0.8197180347372601,0.33204378379213306,0.9915985438602557,0.7510630335654365,0.690168323311497,0.7902535826572586,0.9052773852616774,0.26644628385197894,-0.6927530998396599,0.7011900548310894,0.5808675946270967,0.4234126193908149,-0.5054659117267016,-0.42017874954607065,0.5350070378712584,-0.765769194657581,-0.9561519094219189,0.9515574928957956,0.9518226203140239,-0.7316405163111178,0.9541356027082795,0.8592873964690407,0.7441278040763911,-0.21529270928412855,0.7098185264337323,0.9479671925980957,-0.2726952619145715,-0.8288997680636297,0.9695740763289021,0.9675320653148584,0.9766483888122448,0.876660582247097,-0.9501278299843438,-0.9187253307038822,-0.9618051206827012,-0.9373297419047752,-0.9329646823109488,0.3332054103797026,-0.9518321283312412,-0.6833635832471088,0.8898690817632255,-0.9231599280954087,0.7590027124173673,0.5460522634576256,0.9880590493607755,-0.9557764969487539,0.9599729565199246,0.8991803994049398,0.8835506499543692,0.9923771653192075,0.8239287240364122,-0.7469830463689836,-0.9783585086493486,-0.9514978306004312,-0.5082844037532547,0.6539728230976107,0.5340124514013027,0.19611766620073984,-0.3258337280025096,0.7489460246928511,-0.9645881894617078,-0.782770452398094,-0.9559532383931169,0.8393030097767227,0.8819858212920159,0.28976175899616474,-0.8079325910543911,0.5885202594186794,-0.9333133122734388,-0.9378388526315987,-0.9744362725149449,-0.7301209365031684,0.592596886466545,-0.8936055448361143,0.9612277353315877,-0.9538682480609654,0.822906928838924,-0.9069264413326424,0.7987889206922159,0.10855634715065014,0.931375742788473,-0.9511883482370915,0.8892750900498294,0.9478475842179401,0.8528954357740601,-0.604959300502966,-0.9656751054132033,0.9718601181837684,-0.9508836490711096,0.9265738802467782,0.6264104149622866,0.7138954652261401,0.7167748198397226,0.861291909823129
-0.9859041429187494,0.999999996626175,0.9766950313804785,0.9771928017564896,0.7776132713952918,-0.945502334468158,-0.7023586191698603,0.9188609027348086,0.9490871874929376,-0.9229354629569546,0.2879729360786435,0.9829088253298355,-0.9878767047047544,0.9074357170655203,-0.14464083761247715,-0.6504438081583725,-0.7190443414332268,-0.04569034961228934,-0.9603327585482053,0.6812684602233859,-0.9904934757943636,0.4954476724056252,-0.9749048531900965,0.9808627848660648,0.8335631653424077,0.9210384804967712,0.8318687655173483,0.8539837290910393,0.7763040037069358,0.016277768429851742,0.8888408366023385,0.9025436695845215,0.8935550667906674,-0.4354185789558776,-0.9946365446181255,-0.6930213786580129,-0.6616210711920318,-0.7241820708993818,-0.9194056855827948,-0.1475369411581753,0.5913482333679648,-0.8037296810042529,-0.6733883449291291,-0.4879406903366323,0.4274106735189148,0.3740127422772405,-0.660805711634712,0.7032773405122877,0.968909604577735,-0.9302759413496303,-0.9779773955541812,0.6207928855339228,-0.99004745653863,-0.7986641938990258,-0.7145368879197606,0.35203869262341997,-0.7914039748900565,-0.9435887544494239,0.12944752225461534,0.780123788123321,-0.9480898122268406,-0.9235473342109378,-0.9853724791102012,-0.8717514095585623,0.9860582176591436,0.8510516899034973,0.9906029105735373,0.9720984794568902,0.9799079178736078,-0.39887883702916505,0.9230547847194415,0.6789554958032228,-0.8248237705484545,0.9519312804271107,-0.6450609053024531,-0.45463937904363577,-0.9837945788820329,0.982010760297567,-0.9560506953602824,-0.9529085428057275,-0.8803546644493079,-0.9806532080691699,-0.7743693001724943,0.6400691638781291,0.9933534885759466,0.9338042080943697,0.5221802973431002,-0.5255867726859481,-0.45505762839899694,-0.06307978765875134,0.20869131293617352,-0.8410150591025736,0.9912581102258438,0.8576801133647877,0.9635255729901595,-0.7656300086770322,-0.9229327295177612,-0.3959561838615324,0.8898968595473981,-0.4643888050930178,0.9121732979264398,0.9803785500931219,0.9934358598693057,0.701387134606901,-0.5260404918754932,0.9479438207768113,-0.9859255277915832,0.9408404996315882,-0.7639599130760075,0.9617179966964664,-0.7488238536092905,-0.004400884046412968,-0.9221474793407002,0.8968277967477499,-0.8420080945015548,-0.9535595440134829,-0.8485870670011736,0.5855298964536682,0.9782211014762727,-0.9777306971759666,0.9338619148290699,-0.9757864878125654,-0.7429617064170467,-0.6366553481655345,-0.6908331624150306,-0.8521523075093449
-0.9296461344906987,0.9766950313804785,0.9999999953937242,0.9965194624847034,0.7067251129147162,-0.9897147167236473,-0.7258801745648443,0.8418863448483365,0.9413723030158895,-0.8917703134238514,0.4352830783293826,0.9485746879565689,-0.9531459597665075,0.8392263763436866,-0.31810210202126793,-0.7048235907894308,-0.8472754713072537,-0.22746348467928257,-0.9409355966643989,0.6370757294819156,-0.9959235508754238,0.39907790837286633,-0.9306494469145193,0.9411059673149628,0.7939513148865496,0.9035791025638777,0.9302600710333999,0.7790631615444776,0.6896973451378645,-0.032988035103679786,0.9641818097554922,0.9723368209396627,0.9663352553081641,-0.5110240832494053,-0.9636984491946231,-0.621433532103205,-0.6395796125309228,-0.6322286003789492,-0.92140016373915,-0.018810620360253497,0.4625550499878812,-0.8971369989881663,-0.8003619086344814,-0.4973514041205999,0.3481128406940047,0.34342628541347225,-0.7997885546594734,0.6210401526098757,0.9585966163205365,-0.8799258156577032,-0.9564778685723503,0.4463977865171946,-0.99254112436439,-0.7077506988592026,-0.684278860684635,0.49646190878862767,-0.8415411779612544,-0.8799561308669464,-0.045120106327924785,0.7107675294966226,-0.8819514532944158,-0.8253648208677623,-0.9631999407390727,-0.8465523571911245,0.981276945215886,0.7196939108965567,0.9932933241928713,0.9837921539101061,0.9949563601720004,-0.42227176038404896,0.8644497787636043,0.6871212763166535,-0.7200004642644652,0.9594424254976218,-0.4876035931073231,-0.35934981785673226,-0.9453410891390535,0.9831619508567814,-0.9216510155827061,-0.9917690158145548,-0.860605842774946,-0.9195575151514163,-0.7033766234294376,0.4909268835944917,0.9628409031945708,0.8874247894792402,0.5619840636995915,-0.3442366429942132,-0.3749899636146886,0.07221629783990063,0.08058532243163379,-0.9105765432512504,0.9769405278190402,0.9387836767141526,0.9439583030029699,-0.6528496796954986,-0.9144821002826792,-0.4747621924357615,0.9665125391582627,-0.2646738813654543,0.8262742543574012,0.9927548029751782,0.967593140074676,0.6567576867937167,-0.44670052936720905,0.9700153565847279,-0.9640945213060543,0.8992648575735487,-0.6793070597528538,0.9917101077268595,-0.6786059272378382,0.08639964982902816,-0.8907263476396452,0.7820865243634271,-0.7611705057945621,-0.9329578154449437,-0.8307620160373321,0.5658483413550945,0.9378943128184232,-0.953552101673395,0.8901902136102008,-0.9952113544347071,-0.8435854671898566,-0.5350746112547436,-0.6659616018824368,-0.8357346774137199
-0.9295003180517629,0.9771928017564896,0.9965194624847034,0.9999999937200745,0.6657864891979207,-0.9919930934701862,-0.667921220797446,0.822978943972949,0.9156130076606886,-0.8627889197241058,0.4724452755824819,0.9622544960617916,-0.9433946330835276,0.8154976399794172,-0.3471471171673491,-0.7509487459944243,-0.8455997149210783,-0.2532532787008736,-0.9186142937862445,0.5813806920768307,-0.9925134335593047,0.34389653976612256,-0.9168582667098272,0.9289194127863494,0.7518624522190224,0.8722221001498414,0.914078633386764,0.7485166859724228,0.7319678404024379,0.05033941532614433,0.9641836279206143,0.9592632012003481,0.9512847763870181,-0.5694205550544916,-0.957409487159761,-0.5718904694420511,-0.5796084823270483,-0.5911259481497037,-0.8891485756890806,0.03487935422043375,0.42378325876937023,-0.9107605245383459,-0.7728918598380916,-0.5655722369054996,0.28579240293629143,0.27090048322256344,-0.8029806487386539,0.5751560873284708,0.9384909498336089,-0.8551470809999482,-0.9729963865466916,0.4430274051949721,-0.9969007769647943,-0.6739680273527497,-0.62918344472795,0.5323392620648175,-0.8783028535583962,-0.9057498127605353,-0.07747341107087015,0.6686929883495507,-0.8694817422759513,-0.8229099881180452,-0.9500319380582462,-0.8093656824053614,0.9892153881838178,0.7262100446992604,0.9867211440113984,0.9684954968184335,0.9966066646975142,-0.493020955895928,0.8401724220885165,0.6264250023538898,-0.6954718069873383,0.9368541981080393,-0.47037481872006415,-0.3020978357237935,-0.9338387300454413,0.9694978560287011,-0.900565624378999,-0.978548129594935,-0.8230771541329261,-0.920867032621318,-0.6612188611646721,0.46652708781222096,0.9721560889709813,0.8625905162250593,0.49169995539796174,-0.3329777109717189,-0.31377836364867445,0.12362562205491934,0.027169487333833474,-0.9314466936755978,0.9866953256748109,0.9139717016565656,0.9231651297942026,-0.6240923225789382,-0.9444388508004887,-0.5340918817039151,0.9604391787284391,-0.2846268745032535,0.8548230321601762,0.9987901463065963,0.9731038314537067,0.6057051641625923,-0.3899700220423245,0.9862980528807015,-0.9763380799514649,0.8751180805646127,-0.6397824438627361,0.9973067864149694,-0.633977272215452,0.15225098902679998,-0.8609331067694903,0.7874740130750446,-0.730478513572043,-0.9096916643056888,-0.788845733531334,0.5033964137967696,0.953341258975613,-0.9374718833936565,0.8646920656892441,-0.9933684149509131,-0.8634778853829321,-0.4900736842581445,-0.6084733579796829,-0.7934043053391033
-0.8232769276108544,0.7776132713952918,0.7067251129147162,0.6657864891979207,0.9999999995396166,-0.6132544906000198,-0.8978132029177119,0.9432537980455434,0.8967415812239712,-0.9499869472783113,-0.3194308520473117,0.7044463484195703,-0.8653843737511523,0.9668915967924344,0.40561643457792856,-0.033686208591208223,-0.30772769810136297,0.4757490953288671,-0.9030862372891959,0.9719832477662644,-0.7515813327526922,0.9246161992230147,-0.8935132310815415,0.8851272261822953,0.9786108946355205,0.9349309039991379,0.5540333312776071,0.9890465683249395,0.3919160894110996,-0.47900505853322034,0.5243447170775432,0.632716717983904,0.6323777862871645,0.21332872334231207,-0.8300787825562337,-0.9853621010154615,-0.9423859778183673,-0.9914036165556358,-0.9026933426655936,-0.7169778651935871,0.9296458592725388,-0.3322642709024738,-0.434668759558078,0.11279748364387591,0.893965494713463,0.8448071013080833,-0.2146557870675992,0.9902482861085062,0.8766874394137119,-0.9514976934838603,-0.6550827454558369,0.8017583041684739,-0.6992480066159807,-0.9894266214271074,-0.9648729086865913,-0.25253007166789954,-0.23908002058974676,-0.6330486142749655,0.6357501100911456,0.9964533964043073,-0.9203858066734459,-0.881730564283998,-0.8638563277760903,-0.9659348423776121,0.694946813137085,0.8217365831071883,0.7710174071316315,0.814224388120403,0.6975336213826665,0.2435395325046204,0.9537002207791193,0.9097686806233254,-0.9702834019293525,0.862057259959622,-0.8595477207432036,-0.8937763434476719,-0.8757966313367773,0.8240503608722971,-0.9237096441348075,-0.7314773004729318,-0.9579457930351138,-0.8331315602448446,-0.9975973984439009,0.9041150770613443,0.7296365390301566,0.9488578637146615,0.816538243333969,-0.7840733778884748,-0.9030806497706151,-0.6285971579170351,0.7570334256775062,-0.3590880848150198,0.6941738056159343,0.6618721213685479,0.9005389151497121,-0.9742057453847521,-0.49656346703984583,0.25145341682620687,0.5621752800839066,-0.5646734535704505,0.6291320965970228,0.6588706369057767,0.7548269020059075,0.9807988799822005,-0.9435971641976344,0.546662188013526,-0.693514282654964,0.942015338151708,-0.995533861126632,0.6161067751693173,-0.9976429639824806,-0.6197495560939952,-0.9485054128625644,0.8336415871814168,-0.9898381631852442,-0.9137148420306814,-0.9636282289820468,0.9302673506858832,0.6995093599173944,-0.8832492396409746,0.9458063128071211,-0.713615341720391,-0.2511098564867631,-0.9734579296047131,-0.9588643991331359,-0.950318137927885
0.8781933056902113,-0.945502334468158,-0.9897147167236473,-0.9919930934701862,-0.6132544906000198,0.9999999953958915,0.6650884471919201,-0.7604957058902794,-0.8902951741461049,0.8284073774048408,-0.5443455491548561,-0.9311028108256573,0.9064933842607156,-0.7623810151578164,0.43808669098099773,0.761760462523666,0.8955299606156578,0.3482822992132011,0.8878478171992265,-0.538372034929658,0.9773214902574409,-0.27762042980519774,0.8720107891911238,-0.8888586600165562,-0.708874771602322,-0.8426007512078969,-0.9475516416941457,-0.6928955293877049,-0.6615235610335984,-0.03557808972315902,-0.9865254778961805,-0.975766430331231,-0.9684836314638754,0.6100610925784452,0.9193339905316396,0.5146794644512603,0.5460162123109474,0.5257811680830711,0.8686392663987944,-0.11014447833833647,-0.3373739607324544,0.9451831501899987,0.811967496387533,0.576379706255778,-0.22897340843330855,-0.24145257284717428,0.8614105171815215,-0.5140576615703194,-0.9121670185263374,0.8079083942655115,0.9478714232364324,-0.3425421358323307,0.9800367129672967,0.6070932382437226,0.5918742322866497,-0.6033064593915712,0.8933577555468877,0.8579098809875729,0.17389990696758897,-0.6128771567477092,0.820127108106885,0.7557212662667581,0.9188901428793701,0.7807221924723536,-0.9729917094562082,-0.6431807557545043,-0.9669187251328772,-0.9571032154647936,-0.9895538305891157,0.504982581789605,-0.7874836694483525,-0.6093842800890324,0.622448121845395,-0.9243961959926797,0.36673741378848634,0.2320866743492244,0.8928679150061309,-0.9508139813248884,0.8642964167165642,0.9798806232815075,0.7944849616556303,0.8729292677213019,0.6053509811123243,-0.3712280011369449,-0.9399836981182476,-0.8178756469526008,-0.4975286645333016,0.22435128213861283,0.254328763877059,-0.20835614167110558,0.04972790801721944,0.9562847523832101,-0.9623365623151114,-0.9360171654881048,-0.894438590986247,0.549029873542527,0.9285708617771241,0.5784938232979462,-0.9815466155045887,0.17549066594975724,-0.7959069151251963,-0.9860366206542208,-0.9454316420781393,-0.5720344286301309,0.33762403491130666,-0.9807097756432653,0.9511395318574553,-0.8333376991122831,0.5771958048373554,-0.9938213138117674,0.5798392016736618,-0.20960640915464235,0.8237545447947584,-0.7119969669837636,0.671285619025159,0.8808467788277317,0.7620680311951613,-0.4836256216322091,-0.9194406757855688,0.9054955137971047,-0.8202406499532497,0.9891854314364928,0.9111204956943741,0.42183293822161866,0.5757677505439611,0.7612418898129126
0.6869301532817692,-0.7023586191698603,-0.7258801745648443,-0.667921220797446,-0.8978132029177119,0.6650884471919201,1.000000003979796,-0.7952890890705492,-0.8883916559522262,0.9023448499361367,0.09973236667276204,-0.5907387790254902,0.7827970878376349,-0.8423709404616291,-0.12099313217778984,0.054163636536972454,0.531143094458558,-0.16789225667801608,0.8675597892177932,-0.943526581786777,0.7363527948134834,-0.8022480590150893,0.7988358267837713,-0.7965605211575372,-0.9356491865739579,-0.916594739322313,-0.7372197897129885,-0.8627271841001045,-0.14678021825387164,0.6865838594399092,-0.6400374539881624,-0.7553445518019475,-0.763650650694707,-0.16306903015106217,0.7498072891662253,0.8962538294925739,0.9623684209032553,0.8512047934139995,0.9225040664411556,0.5418387440656859,-0.7205908868004178,0.46619913459720796,0.692433191319614,-0.2030433632863929,-0.8157553291806983,-0.874405177636611,0.4535509505586693,-0.8756318863018954,-0.8550951502456349,0.8616035218935876,0.5619886013182392,-0.45698616384593505,0.667885074805081,0.8389686065520028,0.9610053004144781,0.03853242849983775,0.25982572914508056,0.44855756667559976,-0.3451901928358425,-0.8987122983083322,0.7831493052605769,0.6709086003349862,0.8098097202587234,0.9423059862408578,-0.6449681003558001,-0.5380385755154472,-0.7549593167553579,-0.8276166439613403,-0.6939045496737098,-0.3078892036216157,-0.8477246820712026,-0.9874256812392377,0.7800364114480134,-0.8780611484381438,0.5652155857476747,0.7776079035543715,0.7887048943720928,-0.8149697372433848,0.8581645450756646,0.7941304071245344,0.9448940370927755,0.6856934217932692,0.89703210438984,-0.6353916738047678,-0.6288485987970963,-0.8664461530437992,-0.9719165863709566,0.43988173908884737,0.8210894914610639,0.4406082453023789,-0.5808486448946191,0.4367701331512288,-0.6235473582764318,-0.8233113251247911,-0.8624721550286166,0.7764288400455573,0.4115332255965969,-0.19522376309678635,-0.6885621513026968,0.1448803680074844,-0.3996558817830628,-0.644265038185182,-0.668031985925997,-0.9444011077562505,0.8545759133770737,-0.5374244382116597,0.6053707257326609,-0.8675445243495243,0.8658117914956233,-0.6360486990058457,0.9026751515661899,0.5374775769362283,0.9015557357389516,-0.581575871964817,0.8528831080374807,0.8773569851489568,0.9611632288116673,-0.9602209840138122,-0.5721771924766081,0.8296013003956609,-0.8694480140447228,0.7231546395853498,0.39187920211886484,0.8229859987582427,0.9691608383880743,0.951082225400998
-0.9597733844622509,0.9188609027348086,0.8418863448483365,0.822978943972949,0.9432537980455434,-0.7604957058902794,-0.7952890890705492,0.9999999986741148,0.9458075481829236,-0.9686257007258489,-0.10212582302078925,0.8704802188520192,-0.9620909270565762,0.9919946558445323,0.24054899483300207,-0.3296727711993694,-0.44966705270553053,0.3281044955721721,-0.9607217716087483,0.8732866268454723,-0.8804225620145562,0.785811833307013,-0.9809456561325635,0.9725418448941999,0.9519830387588737,0.9557697163203108,0.6463705456796003,0.9793794791729336,0.670758586199308,-0.21551518491616645,0.672654533011604,0.7413671497888096,0.7364394810199237,-0.05678338951829119,-0.9511686763025602,-0.902920845474725,-0.8388004988916347,-0.9296702459436376,-0.9285331873686191,-0.520960387064819,0.8613777274271996,-0.5205133200647701,-0.508675371912707,-0.165759289078264,0.725728719521363,0.6409891491546235,-0.3635601646721181,0.9141705210250994,0.9466414628348105,-0.9902227445785604,-0.8367903959830656,0.824777423885152,-0.8565906887916127,-0.9679725096028643,-0.8798717039443621,-0.037190131743824115,-0.4906425828045763,-0.8373989087813647,0.4966027040332365,0.948967096920532,-0.9828659523461873,-0.9743311501570576,-0.9535020373358183,-0.9430923643124399,0.8493413003515609,0.9281044094107848,0.8974025520482763,0.8973318518964026,0.837033184196473,-0.06000378436899957,0.9950784572404294,0.8105189985437262,-0.9782223876233408,0.911730956463688,-0.8753814982417648,-0.7576725409728169,-0.9713577448144418,0.9168868991960389,-0.9742505770594415,-0.8325063151330899,-0.944806410154989,-0.9547409181977929,-0.9463555022682533,0.882493323588045,0.8908407057908139,0.9873091889484524,0.6568716436180223,-0.7821202676262828,-0.7481059865765518,-0.4512196283128198,0.5735040860041363,-0.5620435510296066,0.8631635494795059,0.7272667281139299,0.9573725806630154,-0.952668566805611,-0.7193656658642339,-0.013075548319704996,0.6943148739123678,-0.640115497619438,0.8334319082418372,0.8275616279025702,0.8966421567055767,0.8708027574586444,-0.7902626469266619,0.7466696830533456,-0.859597870168165,0.9835479074200171,-0.9482708869884441,0.7860587916839269,-0.9310995033737129,-0.3825313980885363,-0.9723815208134002,0.9476195408484174,-0.9785696735285025,-0.9589143927043688,-0.9294677345431828,0.7720333017141343,0.8689279335979401,-0.960223373832995,0.986137911514993,-0.839104411959882,-0.42969619790171354,-0.8806033359159973,-0.8587649046841671,-0.9345686673420841
-0.9379562965390988,0.9490871874929376,0.9413723030158895,0.9156130076606886,0.8967415812239712,-0.8902951741461049,-0.8883916559522262,0.9458075481829236,1.0000000135633498,-0.9885992963194541,0.12945400498874995,0.8842986875246778,-0.9770693720701721,0.9544890635465751,-0.02450406183482788,-0.43979108871544476,-0.6869839158708012,0.05785945160324859,-0.9980045232891462,0.85936752247917,-0.9548759154200542,0.6817224394971366,-0.9794435381590724,0.979606095368033,0.9522322062502213,0.9949753750360673,0.8505327422136061,0.9298314879160234,0.5750695244314367,-0.2990440288260931,0.8437827559527264,0.9061318736785772,0.9048054173691031,-0.1921576888179033,-0.9693652017711479,-0.8475744619942146,-0.855965372473077,-0.8461358598711299,-0.9962219897228318,-0.3461397033818947,0.7103434085424918,-0.7107906442028166,-0.7391170429663146,-0.2072271979736698,0.6438293444420059,0.6315105889917363,-0.6133235153154022,0.8440344277932492,0.9975029568374841,-0.9790887031430343,-0.868336445506237,0.6066451829144661,-0.9247661808229485,-0.8887762811507091,-0.888214163363143,0.1958178841912163,-0.6121887100207849,-0.8005144083200787,0.24883029103112514,0.9023289198576496,-0.9510325122718524,-0.889522384764298,-0.9873042563043853,-0.9716511477545237,0.908622612914716,0.7868911868045718,0.9662315894987125,0.9827592961482046,0.9261187282957309,-0.11049100437651475,0.9700909278145187,0.875023226278043,-0.8789573033020098,0.9917237652969645,-0.6792123099635635,-0.6494169167896294,-0.9793329739343664,0.9856772098037275,-0.9900802179808442,-0.9556271115157335,-0.9803204197279755,-0.9290837750209713,-0.8973944805526216,0.7028122357554294,0.9100672523233446,0.9827327004324343,0.7630178187315294,-0.5446444245116204,-0.6654192008795727,-0.2551235998464962,0.4030049729149133,-0.7199284275247392,0.9059381480338129,0.9078146353792695,0.9958079083993605,-0.8392451656361727,-0.7648159572393747,-0.15138964148255926,0.8674635752499742,-0.36967004017409877,0.7604729269091707,0.908664945415374,0.9251779610425825,0.8635094774442035,-0.7179996704577571,0.8389155749157551,-0.8923054335120607,0.9868702199219334,-0.8777207024311826,0.892229335139871,-0.8827693073030525,-0.2546265996099698,-0.9902168784505565,0.8343807348742269,-0.9189036031083336,-0.9958649863705821,-0.9669104542058383,0.7961425677056021,0.8732680904897696,-0.9912203376633467,0.9849622390767543,-0.9356177775065833,-0.6312308933641917,-0.7781063285149056,-0.8751036763494666,-0.9701869659176091
0.929036082959095,-0.9229354629569546,-0.8917703134238514,-0.8627889197241058,-0.9499869472783113,0.8284073774048408,0.9023448499361367,-0.9686257007258489,-0.9885992963194541,1.0000000016760429,0.00891929189418955,-0.861547844540993,0.9695753118382655,-0.9843719029775442,-0.111940454781164,0.32628402655669553,0.576759715988735,-0.19555121862714225,0.9911728262937701,-0.9052229304406654,0.9174919115622231,-0.7669874695921364,0.9773669132607539,-0.9768873006878466,-0.9763849070892927,-0.9966724329710885,-0.7708125460580263,-0.9727833588204724,-0.5387492298080039,0.33618761760909743,-0.7626900802424328,-0.836947156441237,-0.8345303285461726,0.08446087001121029,0.9510750548040334,0.9040421361453417,0.8894142528767998,0.910141691562317,0.985292922611834,0.4653432981307052,-0.7929869106420228,0.609791755314662,0.6403058460917129,0.13701420401608885,-0.7273455142056454,-0.6990209514752539,0.4966371644463595,-0.9058333506783535,-0.9823162098643117,0.9935095275382461,0.833849824176841,-0.6963087983867648,0.8811156216592756,0.9408093690962985,0.9221555105028114,-0.060794016155611724,0.5194484032740914,0.7816817628406599,-0.37904191112748675,-0.9494062843258934,0.9720482765894108,0.9185669568332926,0.974352356226436,0.9922624341338013,-0.8727562668209671,-0.8301911179429715,-0.9287737384186521,-0.9545517007927627,-0.8826771356059575,0.02044270404356565,-0.9873580963353,-0.89174417831867,0.9316421252400583,-0.9753814113662377,0.7536107568354488,0.7298139694441736,0.9726213247305141,-0.9594037933062236,0.9948582234712586,0.9065879943132701,0.9935081562794348,0.9308787255228259,0.9468619118250454,-0.785630703389329,-0.8845944728943193,-0.9954441681102683,-0.7814224603953633,0.6404357131888366,0.7445548105960312,0.3674637020342919,-0.517924023783864,0.6303182184837142,-0.869118969810051,-0.8434284006504892,-0.9908173479111856,0.9049367905423839,0.713078307054904,0.04441755027108343,-0.7887645901237619,0.4598739967227623,-0.7536534290420526,-0.8557249636220664,-0.9038968632718397,-0.9196309428615673,0.8019432603631563,-0.7732587755968457,0.8624220283212056,-0.9965395349512469,0.9336390900465241,-0.8292269509083163,0.9365655091803071,0.36130784991450254,0.9984611365882337,-0.8664551117578385,0.9649918993587998,0.9947593364056763,0.9849181117071888,-0.8509667886897745,-0.8530387679070129,0.9828454045323137,-0.9948954303510853,0.8939749535085664,0.5347600186750108,0.8561019864137064,0.9111765367580844,0.9781956247132454
-0.15231487239223998,0.2879729360786435,0.4352830783293826,0.4724452755824819,-0.3194308520473117,-0.5443455491548561,0.09973236667276204,-0.10212582302078925,0.12945400498874995,0.00891929189418955,0.9999999999835746,0.32485904869030247,-0.15353044472681235,-0.12323857612406763,-0.9787156018027013,-0.8497710437103431,-0.7853375342236898,-0.9552735497940907,-0.11147886303421456,-0.34757506875079885,-0.3652292618360153,-0.6255356874357623,-0.08735500755394528,0.11305458779274405,-0.16423433448766606,0.03391955605428714,0.5872647174709418,-0.22506817683677557,0.31231614817370185,0.44142064044635043,0.6393927032627856,0.5253179082007088,0.5212308475524318,-0.9093497001175623,-0.2081322677179141,0.40548197100136624,0.29226339571438936,0.417561662548866,-0.10792166313780974,0.8791503193740751,-0.5847962049008785,-0.7864314079680752,-0.589213350135453,-0.7234382494697607,-0.6371757179013323,-0.5450270276762254,-0.8405685587741717,-0.4208649731826963,0.16957143410015652,0.041957102840611236,-0.3998824911508836,-0.5047940571770094,-0.4159039116737913,0.3246974123684846,0.2711449796784054,0.9968440674661913,-0.7835361585171203,-0.2951236403324384,-0.907374948992462,-0.30941340345830226,0.01958926602470949,0.07336195635589479,-0.1784485557215949,0.07475058634734406,0.4007348788757076,-0.16309579524546364,0.3383004686511771,0.2878130813331351,0.4319932856317775,-0.7899295131518106,-0.07021290966807106,-0.17281006650175557,0.301661688996444,0.20270487038854063,0.5040343008909545,0.6380613823832616,-0.12946548849481987,0.2667879377035072,-0.05248422513899754,-0.4123886500828278,0.04442019319463599,-0.12524520988132315,0.3209162530927161,-0.5413807425936137,0.3176203125269164,-0.026570198458823177,-0.19088494154932623,0.6131938261134227,0.6159298445613984,0.8965259009476282,-0.8490605391834174,-0.7515980924586675,0.3878043025356279,0.46365482383832934,0.11773783136065923,0.39292861663872203,-0.5354124283690382,-0.9109167032536634,0.6018365182300394,0.4838056832588659,0.21556208009813918,0.46927801124194274,0.2998985988684828,-0.3341044759134709,0.574324423116182,0.5739382027427384,-0.36653256923104377,-0.0006680069803043948,0.3595589454561433,0.5307441758166771,0.34970209537474706,0.8636009352970493,0.008801685092909052,-0.0870223163852568,0.25253899996430695,-0.0892972749405873,0.08438630760307755,-0.36436006180711317,0.31218261375662865,-0.14392739016049663,-0.017516993929963382,-0.41862187561650066,-0.8182973280118483,0.5220422416429371,0.281469045735245,0.06270268898983966
-0.9666739406284023,0.9829088253298355,0.9485746879565689,0.9622544960617916,0.7044463484195703,-0.9311028108256573,-0.5907387790254902,0.8704802188520192,0.8842986875246778,-0.861547844540993,0.32485904869030247,0.9999999951755211,-0.9571792927131836,0.8595858932350149,-0.17365717401686226,-0.6941189975474383,-0.6808121207034113,-0.06635324317758465,-0.9038162451696418,0.5713055636871939,-0.966644264545661,0.3968807336127689,-0.9328759929787351,0.9457269620219838,0.7426332978304147,0.8495716852374756,0.7744409501091164,0.7971457081330017,0.8175580705825072,0.17557261968024473,0.8624715211886813,0.8506192456294331,0.8363053720742046,-0.5289457702483521,-0.9629163437630452,-0.5963862880418289,-0.5377587684828719,-0.6487144272601549,-0.8421821624834687,-0.06443861251138501,0.5179321859650218,-0.8004855317186678,-0.5737272361832058,-0.6149047925487123,0.3154264374160569,0.24306405525662073,-0.6336443164618922,0.6171270680623482,0.9144024346594867,-0.8723386594504684,-0.9966490579036212,0.628265439946768,-0.978550302252221,-0.7319088942910411,-0.6013998783276192,0.389483663201938,-0.8358960957809329,-0.9798300408170725,0.0905502881385884,0.6970295274826445,-0.923774430722637,-0.9162127530131317,-0.9462020675954654,-0.8009230882730579,0.9896907559008151,0.86339237237789,0.9558461315457972,0.9294297606561062,0.9688597598863466,-0.5146066975969446,0.8645124265915254,0.5522600271234548,-0.7769689024236428,0.9000497012045086,-0.6055784624805866,-0.3435331524170115,-0.9465263546323385,0.9398278747470188,-0.9077244458896607,-0.907161897722901,-0.8030304643435018,-0.9757393846749803,-0.6928036205928436,0.5960135931838677,0.9973673406806007,0.8762611837219849,0.3863027128952871,-0.5108809315253294,-0.3410407823576189,0.028953786589179475,0.1232029573164759,-0.8582807947869636,0.9927864396544189,0.7843680476676991,0.9136707749129486,-0.7151117341947387,-0.9651547119504126,-0.4939835993141249,0.8500677624747012,-0.5178902092951919,0.9558881368395299,0.9681553148639407,0.9949270038141335,0.6179050075413076,-0.4334453320427866,0.9543460748225682,-0.998208866451759,0.8847843285112477,-0.6887765451042318,0.9465575251312089,-0.665403925905965,0.10858255267001117,-0.8542763686234155,0.9040551495057891,-0.7844733705621367,-0.9005636029902178,-0.7651242755242378,0.48077778399359683,0.9994601033243128,-0.9344694495433629,0.8727019310246811,-0.9597754794462214,-0.7662292817702987,-0.5587707095913006,-0.5763730119874356,-0.7559504841714808
0.9863755929042487,-0.9878767047047544,-0.9531459597665075,-0.9433946330835276,-0.8653843737511523,0.9064933842607156,0.7827970878376349,-0.9620909270565762,-0.9770693720701721,0.9695753118382655,-0.15353044472681235,-0.9571792927131836,0.9999999985571462,-0.9603957008857689,0.01965849080497942,0.5253307977766251,0.6512535937000741,-0.07675802678807289,0.9874372273160595,-0.7811074383001213,0.9750724193588309,-0.6201387381522045,0.9956046424222809,-0.999037960117707,-0.9039824779994597,-0.9641105670365736,-0.8018817609475131,-0.923278342815964,-0.7090970670791186,0.10566305853340212,-0.8394650618035054,-0.8766086815894147,-0.8692147714848198,0.2972013041609549,0.9958678104695836,0.7929976650494016,0.7581535470351226,0.8194006234778628,0.9550874970620673,0.2911855593217581,-0.6961580180559213,0.7246350882186412,0.6438853110115246,0.3634374127598993,-0.5587907444911083,-0.5058765876338693,0.5825089967442167,-0.802506258885055,-0.9878938173736515,0.9744727283096413,0.9411171232574076,-0.6887191601392816,0.9614845157404143,0.8779142052547864,0.8059471752155585,-0.22152251310871213,0.6909064565518086,0.9065933450517915,-0.2556466396979798,-0.8654983353203465,0.9819922183496816,0.9513969383926146,0.9978103542728328,0.9335399335368634,-0.9581325225995181,-0.8777759475490481,-0.9791180862974502,-0.9763947820950364,-0.9541950282649804,0.25840873570027545,-0.9686966950809744,-0.7650042425459679,0.893865242374323,-0.9724113306148441,0.7200245679697084,0.5787386352682647,0.9986759394390998,-0.985976613358059,0.9893004984952102,0.9408383174846001,0.9378672792591147,0.9860129608632953,0.8613416142143682,-0.7284903875490941,-0.9711752124087354,-0.9768739882047406,-0.6190521153038028,0.6068383631448084,0.582562835797459,0.19981296697989698,-0.34959023174456066,0.7611176997575045,-0.9609749028324325,-0.848330550478189,-0.9898940355534811,0.8478437336219199,0.858498880554514,0.25676827477552744,-0.8493306043141358,0.5047689667811025,-0.8799424137542176,-0.943695890002918,-0.9782285547959018,-0.8018418913647936,0.6511775385266725,-0.8905416007578235,0.9571040790519383,-0.9810463120979367,0.852178070787501,-0.9186616130353814,0.8413092078149967,0.15320528747326648,0.9678797959694982,-0.9175721007447771,0.9135946746844832,0.9853056994856767,0.9141785484887567,-0.6976461621472805,-0.9521043280596312,0.996550561031122,-0.9759460375961483,0.955218910539334,0.6584334996946822,0.7452172862663802,0.7861381816320395,0.9121617199946929
-0.939602454089298,0.9074357170655203,0.8392263763436866,0.8154976399794172,0.9668915967924344,-0.7623810151578164,-0.8423709404616291,0.9919946558445323,0.9544890635465751,-0.9843719029775442,-0.12323857612406763,0.8595858932350149,-0.9603957008857689,0.999999999376812,0.2442844231187352,-0.27516478655098453,-0.45086084744018134,0.33216081111455675,-0.9669491416680818,0.8996365520621521,-0.8786062945490503,0.8089095384864327,-0.9747364077183802,0.9711274830267358,0.966173328350818,0.9694927452888618,0.6602135709724023,0.9934360671664427,0.592784267096961,-0.2722219582177426,0.6732779310835599,0.7473415843231955,0.742232376023935,-0.02838071750707886,-0.9395856398436024,-0.9214748412852068,-0.8656610175168267,-0.9452353018553329,-0.9425500521280562,-0.54502966645641,0.8620487850882823,-0.5132396539730675,-0.508596076785883,-0.13444969520887792,0.7559559679893897,0.6880992976411183,-0.36582245223978604,0.9324897225245331,0.9513233806266029,-0.9938554688945549,-0.8227865801125155,0.8114466679094622,-0.8468997993038553,-0.974741960458211,-0.9046195666736859,-0.0537322386504158,-0.4644880957227243,-0.8076550128656271,0.5019644718893819,0.9644811940249176,-0.9882447970157084,-0.9637477340555771,-0.9543081954659006,-0.971273799153047,0.8456915099443655,0.9066383609604415,0.8909264144931925,0.9077746681454788,0.8382627268966502,-0.01029294411242053,0.9945292739250818,0.8434866819759558,-0.9785040311427777,0.9304048484360298,-0.8498503013646649,-0.7713983638344191,-0.9658699101056051,0.9209959710224964,-0.9830590172607764,-0.8396427816505659,-0.9677109161812151,-0.9461492060849732,-0.9634272320937934,0.8735198801330091,0.8778146114667115,0.9925567411593167,0.7108717037192908,-0.7615776212884038,-0.7730851308851997,-0.45550191539596063,0.5950912383979607,-0.5536173074994478,0.849777092972263,0.742838964162583,0.9671881883898389,-0.9588316127962746,-0.6977617030060753,0.012491671018806653,0.696383160804665,-0.6073695553684917,0.7990318951012119,0.8145148558873441,0.892390623825057,0.9155942840828429,-0.8292411994513313,0.7287025114903244,-0.85006709801433,0.9898717596845542,-0.9621058607194821,0.7746533368396561,-0.9526813086458318,-0.4121270352554806,-0.9826827053187267,0.927929794737777,-0.9906247601124183,-0.971544140730245,-0.9573678986947852,0.8277310288050871,0.8564969151325205,-0.9637591941039207,0.9896202502690135,-0.8452261906366809,-0.4368984545182881,-0.9005781156728337,-0.8895506166367376,-0.9489984246022678
-0.005509752901553188,-0.14464083761247715,-0.31810210202126793,-0.3471471171673491,0.40561643457792856,0.43808669098099773,-0.12099313217778984,0.24054899483300207,-0.02450406183482788,-0.111940454781164,-0.9787156018027013,-0.17365717401686226,0.01965849080497942,0.2442844231187352,0.9999999992801472,0.7249009958234546,0.737294014388394,0.993408290508371,-0.0021414890111330067,0.40327997595401976,0.2409196627628747,0.6770799193833966,-0.04889787068468331,0.020140978902247444,0.25290588847291284,0.0644568580254655,-0.5307494122421703,0.33400007964773415,-0.11140795312413722,-0.34293667389862625,-0.5509729806821181,-0.4435596191253483,-0.44250156595848145,0.8298759910554743,0.06634958286532451,-0.480014471390779,-0.33562489423327696,-0.509093467942454,0.01681710338625324,-0.896994614475552,0.6824965410319779,0.7026470692626757,0.5589993380955275,0.6084765854332939,0.666029299411471,0.5346326864777579,0.8017193273637105,0.5022514624282253,-0.05569110258042254,-0.16238163320840182,0.2500327146327046,0.6486936223627622,0.2815030630772117,-0.4349673317472031,-0.3278763946947328,-0.9700892602212274,0.6627428109229181,0.12064958089815206,0.9612991664680053,0.40018717256992625,-0.15266334495827713,-0.22952133691520915,0.052438077661635135,-0.15685035598788605,-0.2665917138983649,0.33269691877018454,-0.21162602535709554,-0.18210439368792755,-0.3116158105121915,0.6775345741251402,0.19544825546636965,0.20403661370843765,-0.42888851986830545,-0.1073669520899289,-0.6463824747545609,-0.6891463915737294,-0.00671211752227218,-0.15132448988148042,-0.06446505491723831,0.3148396837555837,-0.12912718515478983,-0.026616171480998502,-0.41042386645580375,0.6657535640987878,-0.1671780132504562,0.14504451241322383,0.17285227447040571,-0.7479146673692185,-0.6526012241659964,-0.9199503957955923,0.8762971416107299,0.6507081162919458,-0.24250286546608113,-0.4037144185598855,-0.005233877390854439,-0.5091598009574725,0.38499018957119163,0.8389334906684909,-0.5177738195656724,-0.6408240050195301,-0.033284244917998064,-0.33629712164779363,-0.15872231754822633,0.382752841264217,-0.6129049449633748,-0.43979375515007035,0.22070108409165706,0.11810272095896304,-0.4557223206482322,-0.40726098836043656,-0.43144611340103967,-0.8407584303640021,-0.11497896221348092,0.25525113330157795,-0.3631339371688714,-0.019148226397161894,-0.1588511785492912,0.3769307271818592,-0.1576851745613444,0.021527880149366317,0.135929251993614,0.3052321808012244,0.7509847125961947,-0.6006456705603426,-0.3281857785023287,-0.14582688050889442
0.5752560300508034,-0.6504438081583725,-0.7048235907894308,-0.7509487459944243,-0.033686208591208223,0.761760462523666,0.054163636536972454,-0.3296727711993694,-0.43979108871544476,0.32628402655669553,-0.8497710437103431,-0.6941189975474383,0.5253307977766251,-0.27516478655098453,0.7249009958234546,0.9999999979005267,0.7941730153618025,0.6585167753367123,0.44600365731008657,0.065577594152747,0.6680170242604538,0.31083047205331416,0.4776934868573912,-0.49184197681037384,-0.16469236039947055,-0.3488310413509307,-0.6738406478026662,-0.1643687057705452,-0.7646019354851753,-0.553636187480159,-0.7894533948316206,-0.6888748227735887,-0.6780543236872805,0.9235483583180096,0.5848546218852978,-0.06827483206507613,-0.052116020848787276,-0.03705428217953856,0.3898572805758607,-0.6203532779560184,0.16896189777528337,0.88233055203514,0.598610867821523,0.86355585277725,0.37678518096324726,0.3965084511785421,0.8099983280272286,0.06399971418507286,-0.4922694037977307,0.33886479680725023,0.7482519176457448,0.0038967340750504452,0.7285651139857755,0.08355425794517428,-0.0006307650756176191,-0.8670197155390089,0.9582326256812483,0.7161997413717917,0.5666722092665645,-0.0511935106775626,0.3859117649375433,0.39095089967195923,0.5272574550324511,0.22470055616843898,-0.7162315543531873,-0.3419611768559139,-0.6521227098469745,-0.5663636136905372,-0.7098894499511355,0.8976907674922657,-0.32646562820749525,-0.015927110526284417,0.14095596991293255,-0.47627748870064057,-0.004667064296784899,-0.3268417337429821,0.5110849380478847,-0.5721850134663079,0.4074427890410789,0.6421811280575378,0.2544413176529959,0.5415014054340458,0.03899053516237439,0.07221688980109843,-0.6879540486008577,-0.3469886147038133,0.12240057977768247,-0.11906303906910426,-0.34046109720336887,-0.6326674622814399,0.5696987395687725,0.8970659967570347,-0.7305914992796789,-0.5890997273348346,-0.4489968536117653,0.04006883358784022,0.8471351000385191,0.9040030742026562,-0.7511947022682618,0.021495491700567578,-0.6679243460545096,-0.7652872096502018,-0.654637032787416,0.06706144719222755,-0.2950520714188874,-0.8444545751442717,0.7149734971860345,-0.3655825723454762,0.02229905013359477,-0.7898951286107163,-0.0028336881807092683,-0.7134550568639516,0.3328203847383548,-0.4030686066995606,0.14529206414293536,0.41722779341300403,0.19789259068264975,0.1819087384766356,-0.6908927030429955,0.4920404244536676,-0.35372751404318503,0.6841609316493497,0.8648240189682631,-0.15573875920386415,-0.03281821212007328,0.2330605802772225
