0.9999999978617198,-0.9604747185237523,0.7477342448580019,-0.9672669639125632,-0.9526650665200548,0.7179385745562481,-0.8651823787278465,0.8770898330799572,-0.7861806235773899,-0.765311675760846,-0.8136151663184066,-0.7534630763395851,-0.8633963398273993,-0.8040918392105731,-0.9210536537850775,0.7825129682565481,-0.7679932385486633,-0.7586764359118432,-0.7445940175173035,0.9307759297470847,-0.36435823043477034,0.8865827713642109,0.8571791393618644,0.9646182517679112,-0.8968374059602042,-0.8922017823904681,0.8416125287926176,0.9075232045245911,0.8463242271425323,0.8340369186175651,0.9144443638924389,0.7633514995417991,0.5386229014658183,-0.8623873432338618,0.873744825836893,-0.8563182637065505,-0.8680216395893169,-0.8618621069198121,-0.9180499463504846,0.9363294067550879,-0.7832151938767754,-0.7377716558764476,-0.816236507633373,-0.7617436478678801,0.6607822926648853,-0.871949472297936,0.2694882779334542,-0.9485418644734681,-0.8203976902217499,0.939548713557933,-0.7616283733044683,-0.9451167263212128,-0.9252705222157281,0.9026639869557538,-0.8887657280238042,-0.9160696084179212,-0.9038766460284408,0.9575738085656003,0.8437067184222735,0.9454765810684647,-0.8081268810290216,0.4148687079844485,0.8755377009592741,0.8931993853247195,0.8774728758916662,0.8464151227275317,0.8565614178321769,-0.938718923816109,0.8974197307401885,-0.3757738876292056,-0.932913939643177,-0.7204377221431175,0.917933531438465,-0.9598900608922165,0.897315490600002,0.8913189365650303,-0.6769672692233664,0.943497747319886,-0.9149966183911045,-0.8103761896210562,-0.835710303714431,0.9659104813936714,0.9342953729912328,0.9051097366160027,0.9036750286482227,0.9108626154528049,0.8145119039228681,-0.9843656287564512,-0.8286238738845115,-0.9206534520124938,0.8043942465763431,0.23574521069329127,-0.5428907883135824,0.7300426346593195,-0.6702686997420144,0.9292421515245645,0.9026144428272711,0.8818618308805186,-0.8644768187568935,-0.11373360845018522,0.8821497394041373,0.6386092033416021,0.8675858425811451,0.757152011523708,-0.9154600128114418,0.6439112898121305,-0.4589217548531057,-0.07650399454410219,0.8533682916138601,-0.8602713096905773,-0.8495482020624143,0.8595659984410261,-0.8676697951173522,0.37686267938245827,0.857158159046411,0.8865953489269152,-0.8835432884422909,-0.7012511762312256,0.9183863572337043,-0.8810821971693474,0.7691529662475541,0.08429643924353702,0.8089438538743808,-0.8314391720586417,-0.9041256743891809,0.8828353096833701
-0.9604747185237523,0.9999999964194709,-0.893349502766812,0.9932112817349035,0.9485291380989919,-0.855081130574394,0.9677568733301789,-0.9503519583964974,0.8694487344499512,0.9035323612728693,0.9038652533285945,0.873713119751985,0.961311011551982,0.9327402938707443,0.9878528817626951,-0.7767471554192841,0.9099563244994838,0.8930205667614388,0.8406992875488791,-0.9238280720272692,0.48866838195973944,-0.9772187006954144,-0.9628024899971924,-0.9995901702641871,0.9815807947713041,0.9750007417381478,-0.9471522284184727,-0.9878771328100974,-0.9307709833591121,-0.9514300150441903,-0.9780365032494239,-0.8865066859202673,-0.74745952405638,0.9453605292076279,-0.9580869576504769,0.9633996811570368,0.9652448098153918,0.944746337541116,0.9699733208085605,-0.9965726261099285,0.8368522784892153,0.8871837008711285,0.9129560164043024,0.8925157904888135,-0.8139547569379374,0.9699406233537746,-0.23374701646243118,0.9330915387232799,0.9259810014454396,-0.935963855010364,0.9054704054404465,0.997115898774894,0.9918436173345899,-0.9823950767392163,0.9762548572947034,0.9872179146216838,0.9862483398575024,-0.982627746454573,-0.9505922207365493,-0.9949657831345142,0.9301390438757745,-0.5164889131878615,-0.96973810981494,-0.981827997091172,-0.9701368739145343,-0.9538968863288293,-0.963487794623914,0.9957870569476692,-0.9485008474150867,0.45582539483818096,0.9743897224316166,0.8769806136378496,-0.9749936541953477,0.9286483207295255,-0.9787310819792122,-0.9762277959825938,0.8380510279785641,-0.9811837431037626,0.953157645285942,0.9286336553204672,0.9350275539600061,-0.9502242376780078,-0.9888193329746499,-0.9837688557035886,-0.9768295930524378,-0.9055225311850822,-0.9109656382437897,0.977550911415708,0.9462893517671447,0.9861481690799682,-0.9149322835092398,-0.4519716549781076,0.7535008561192068,-0.8636930370338183,0.815534140330222,-0.9825642978519711,-0.9753956715824054,-0.9570937782957812,0.8849624057859578,0.30937578556657036,-0.9768304508405383,-0.8234747724434825,-0.9493660316028137,-0.903194622142624,0.9872645120365093,-0.8130948910178546,0.3421367451012511,-0.10698989569115668,-0.959420726258002,0.9629882337007466,0.9556101922732972,-0.9631860379946223,0.9528263687876632,-0.210587030222006,-0.955628817949473,-0.9661148635213634,0.9743121234442603,0.7777789906856877,-0.9902710415902389,0.9597057240024086,-0.9070785736337466,-0.239187024282526,-0.9374502266800091,0.944361550908266,0.9832728990997843,-0.9643886519807147
0.7477342448580019,-0.893349502766812,1.0000000063074996,-0.8574403235424105,-0.8438980881221012,0.853050410939797,-0.9493742404624178,0.9242577782006501,-0.750169800714482,-0.929047001371621,-0.9454339853320833,-0.8838714857515636,-0.9572318238331523,-0.9584627527013458,-0.9345315943636765,0.7386751042314207,-0.9569358189003198,-0.888988937621538,-0.7364172958277915,0.8239226282276952,-0.45931022937015764,0.9396041225988196,0.9599614180638063,0.8914201559953215,-0.9231072579667712,-0.9013730228623331,0.9614829482331665,0.9501983420253014,0.8317567636585281,0.9489560828154765,0.871798133696086,0.8507717349990471,0.9374128270854606,-0.8609197869186946,0.8731282498714248,-0.9530686045756277,-0.9668012960414449,-0.9462633901377168,-0.924676939380995,0.9166573536548859,-0.8268571984168328,-0.9559071993320006,-0.8760777172979741,-0.932442676347243,0.8179104396654481,-0.9358094819209767,0.32282900524446406,-0.6942582401844245,-0.8656992810929951,0.7144794486899853,-0.9594560414286333,-0.8958788636063902,-0.9203337696971451,0.9307223514471025,-0.9150592265079338,-0.913507260563946,-0.9312333724690426,0.8213750457210487,0.9311470377351931,0.9204654742543277,-0.9263763071275614,0.41215215013119466,0.9453880856774334,0.9608487162720808,0.9392090866041911,0.9246555699313292,0.9453614503647302,-0.9100883680585026,0.8763133773870736,-0.31321373149983245,-0.8825951190286444,-0.9427388931481,0.9386094749194612,-0.784170510944564,0.9558573033786997,0.9275189366420135,-0.8706633039164927,0.9047021342086129,-0.9046761965568688,-0.988081020424195,-0.9667261418718344,0.8101453012145242,0.9112032102002567,0.9146217049398453,0.8881708038170798,0.703804741347536,0.8264080926542576,-0.8065172908473194,-0.9446700306070234,-0.8981594535360874,0.8878037617685026,0.7478533132139454,-0.9382397282242579,0.9476469711437293,-0.8039878908833297,0.8670486311349737,0.9146004623038951,0.9219442774859551,-0.8679898801767614,-0.665997648120119,0.9537833968261837,0.9413400632656405,0.9542605814375049,0.9703825340757243,-0.927712790219996,0.9571882600917152,-0.19988323286508897,0.19312938377275102,0.9613300389785927,-0.9425497539070483,-0.9614105461484049,0.9422356006870358,-0.9637571047957965,0.08359823394305513,0.913836507536261,0.9322315031583993,-0.9594128354620499,-0.7391839904170726,0.9166900245617151,-0.8959052484468701,0.9911188289692882,0.27976128448716114,0.9601029716501085,-0.9319125492798618,-0.9496982119912789,0.8886956486856765
-0.9672669639125632,0.9932112817349035,-0.8574403235424105,0.9999999993116364,0.9271011862650044,-0.8236636602064338,0.942980493768364,-0.9078331599274138,0.8707310795826146,0.8682851712987331,0.8503450465561552,0.8236783312112318,0.9264517796828766,0.8986798002194737,0.963754650691934,-0.7926131819898006,0.8723348567454057,0.868751237673276,0.8474060012054841,-0.8916463095313707,0.450744172088887,-0.9547292951170018,-0.9329018322478781,-0.9928291842439578,0.9687437229111028,0.9703054938629405,-0.9070987504720188,-0.9702663684673439,-0.9373279439175498,-0.9266058928975871,-0.9702148559402777,-0.8928616974173929,-0.6944182909166292,0.9277094436615179,-0.9528950758018323,0.9373327285320304,0.9326335638873302,0.9008077470560671,0.9375098007004188,-0.9899368400858307,0.7702307687684957,0.8419241172467232,0.8727121545730433,0.843133222277767,-0.8094024348236378,0.9487101801046495,-0.1538654840914105,0.9532661353611721,0.918673259927707,-0.9420630879380951,0.865735408402206,0.9918824924021639,0.9743325157286513,-0.9595059182495875,0.9665806514170604,0.9703692748502164,0.9749371859966374,-0.9834010818388633,-0.920772249057382,-0.9779963832878165,0.900533032565662,-0.5199874347927758,-0.9408042932489117,-0.9651781414929966,-0.9422109737956393,-0.932179578211451,-0.9409024780607975,0.9813786454920901,-0.9086946349491858,0.4904077658952331,0.9448221456332772,0.8363072206093892,-0.9629960870443585,0.9086431279553769,-0.9509410780855985,-0.9522012965921386,0.8180805182988934,-0.9552049229334248,0.9177703174940629,0.9080979862386084,0.890268877882112,-0.9278963429499096,-0.9654690344557645,-0.9711164588919055,-0.979085138123237,-0.94847854314193,-0.9170605817498889,0.966921605269251,0.9178587684046281,0.9886919929736996,-0.8812056569818916,-0.35807911340930343,0.7067321967897068,-0.8030982884598318,0.8191711270271764,-0.9717877422291611,-0.9474520427753699,-0.9178245041154477,0.8577659298768244,0.2149202160778739,-0.9535906352693928,-0.7814524037255995,-0.9082728288654246,-0.8615667575920436,0.9652621281022009,-0.7511864506435834,0.40979616870373237,-0.12684028167915284,-0.926867643755504,0.9358050746781513,0.9204464859953703,-0.9373028154346694,0.9148429763983685,-0.1748610491660724,-0.9308097761801627,-0.9309180458392404,0.9455881873769112,0.8251840144873095,-0.9840430271474195,0.9714765719321072,-0.8635330620580073,-0.29098754879205774,-0.9070940886966071,0.9147126558203553,0.9745392404163666,-0.9715139230439942
-0.9526650665200548,0.9485291380989919,-0.8438980881221012,0.9271011862650044,0.9999999981818981,-0.7054417204724516,0.8837956941094727,-0.9366259386460414,0.686663683162224,0.789396812898453,0.9264059490832527,0.7933785197787564,0.9108186767238428,0.841915269110385,0.9472377356973023,-0.8381620527284197,0.8125307217111046,0.7452336555427499,0.6362948160351384,-0.9934953061442495,0.29696134457630174,-0.8984547590158777,-0.892347479294908,-0.9562229093168753,0.8854511641116034,0.8588488394914904,-0.9021238598118249,-0.9275123266255048,-0.7685979477695326,-0.8496558134258959,-0.8737651893419404,-0.6993894449522741,-0.6442482139258288,0.827047913922745,-0.8255656674116432,0.8785906400966228,0.9201367648905587,0.938786848223924,0.975101300893692,-0.9270393579228712,0.8901232612699502,0.8002328067368987,0.8311831774208868,0.8213517131498117,-0.6037928713009194,0.8767494225262644,-0.5099483090275173,0.8308370001607807,0.7706926123634813,-0.8402099716057347,0.8125622318307361,0.922512649682014,0.9274647111149051,-0.9139160914394008,0.8676778695578599,0.9096045899309716,0.8977285241260547,-0.8975451421983295,-0.8591408146829629,-0.9639028333082797,0.819182432199308,-0.26046109705910026,-0.9020889593294019,-0.9187517859352049,-0.8982315357825302,-0.8437135192716397,-0.8677441967474231,0.9349105921427718,-0.9330284540153211,0.16838843924724925,0.952991210552997,0.7659167708864224,-0.9582781235836635,0.9940169315636196,-0.9398728893031737,-0.8999893800651988,0.658288984893346,-0.9804926825442478,0.9851437297403397,0.8796232987217159,0.9237338804919867,-0.992002406350477,-0.9494687516661795,-0.8900470275531394,-0.8595064868883382,-0.7923812025169137,-0.7354766737990277,0.9613819115164588,0.8477135027365797,0.886779316587545,-0.8071837275775054,-0.44057525332444436,0.6358219367571208,-0.8378052922009722,0.5987536790466728,-0.8944737680578261,-0.9167418383857243,-0.9277566106516532,0.9689133369136499,0.38426156723942895,-0.9047066143939585,-0.6983646326618328,-0.9469055035305816,-0.8203862031839954,0.9275705602603825,-0.7661662383459152,0.426679128224818,0.20385619592832543,-0.8950046540320707,0.8784415460843659,0.8971700897757126,-0.8749275206768807,0.9465508171628314,-0.5018752500432933,-0.8554438211847757,-0.9260242330946928,0.9238288800859696,0.631764507373073,-0.9010008934747694,0.8437896825411735,-0.8608660877292182,0.07063439177887776,-0.8407787387985721,0.8460340316879693,0.9200974351632746,-0.8355989450547557
0.7179385745562481,-0.855081130574394,0.853050410939797,-0.8236636602064338,-0.7054417204724516,1.0000000025152431,-0.9445496640336358,0.890037956174388,-0.9528331275544379,-0.9847899836917281,-0.8273858890260645,-0.972287223517885,-0.9229335954016222,-0.9610655903806592,-0.89007002241982,0.39265753723688984,-0.9664978538753051,-0.9940644054712792,-0.942625466994494,0.7015827965793412,-0.8426219333050236,0.9369394156030314,0.9365180534277666,0.8412852333098739,-0.9329931833443388,-0.9309090623817565,0.9216331301472955,0.8926304089257807,0.9349640035370509,0.9598451646034188,0.9332658646534496,0.9327764720572592,0.8946443399944316,-0.9707717762458251,0.9511293001892056,-0.9466157947318395,-0.905840387295226,-0.8729199264560396,-0.8335011560600237,0.8768772849351836,-0.7941208788715833,-0.960200094843146,-0.9713603495646816,-0.9609867758408642,0.9577250601784928,-0.9500988115541161,0.019145306888550116,-0.8072968574084004,-0.9704305521903656,0.8544162898852428,-0.9630948507579117,-0.8845112659849426,-0.9091661148698823,0.9279349748511629,-0.9374378485400892,-0.9259645686168673,-0.9161907316971801,0.8793479007011334,0.9666398017832291,0.8532267476174005,-0.9807882766801836,0.8117506361447133,0.9372604994731216,0.8852054919166678,0.9419022829479861,0.9684521343903824,0.9521109994140401,-0.8959226072258292,0.8901028350454449,-0.6977261756994512,-0.8793980350598374,-0.9749441130532538,0.7852174203932677,-0.6701897739513377,0.8896753145403659,0.9408778648764776,-0.9827613153220297,0.8305674169800629,-0.7890189774539927,-0.8224047640402982,-0.8719760346014552,0.7345789093768191,0.8906863872369726,0.9319961724019896,0.907902125355528,0.7011565862722074,0.942215206491592,-0.8093977219688806,-0.9658872193614315,-0.8827457642939419,0.9870267173502202,0.6781361330888837,-0.8979711638417157,0.9016995248671303,-0.9386175106851155,0.923625854168238,0.9297160470157297,0.909489064998209,-0.610414061615754,-0.4189522895795575,0.925440697374891,0.9549445785269833,0.8574647830641152,0.9495274962154828,-0.9144504138515889,0.8937609106126553,0.15539259171302092,0.5009116737595253,0.9341023621291639,-0.9528055571996159,-0.9314948734814267,0.9538280801954613,-0.851888519369151,-0.16406259429319192,0.9686292743255105,0.9166023746699684,-0.9084802463296641,-0.6113109436982812,0.9027443026995828,-0.8474324017417664,0.8947367652971917,0.4678261938043701,0.9592700418002783,-0.9716051828527295,-0.8554755899812745,0.8949431672035938
-0.8651823787278465,0.9677568733301789,-0.9493742404624178,0.942980493768364,0.8837956941094727,-0.9445496640336358,1.0000000062567624,-0.9702812710029529,0.9044905134871712,0.9809325554783285,0.9348607666130547,0.9543044714813403,0.9933204176926402,0.993332195020207,0.9869980519837964,-0.6675603189318199,0.9849542846809576,0.9676027325560421,0.8836323063127454,-0.8680028134027182,0.6277148161038562,-0.9989778492450938,-0.998469781900746,-0.9624275331524887,0.9940078703074763,0.9836170662373764,-0.9882975509083941,-0.9906989548382156,-0.9457707500995323,-0.9976237117131175,-0.9789999281477874,-0.929534020371356,-0.8840727901399201,0.9756455743359592,-0.975828391118869,0.999836633572525,0.9913403661003515,0.9675963594336024,0.9586170602584991,-0.9792947393572248,0.8658176282182224,0.9733957125823554,0.9684207356104685,0.9709669859068056,-0.8984574698471491,0.998961192870841,-0.20588217306994278,0.8675165159784347,0.9661891845538071,-0.8920206457746086,0.9827168779880819,0.976765963118686,0.9907097908055278,-0.9961698197725809,0.9905795384979296,0.9924825525467851,0.9922212226635355,-0.9490314282422652,-0.9959443612435096,-0.9731698698996863,0.9901689878793368,-0.6116703460045533,-0.9981349700993221,-0.9879004199410708,-0.9981979981317313,-0.9951585987753828,-0.9992703243039054,0.9850041449790647,-0.9571790115313358,0.5159583797605095,0.9652918274873906,0.9697270066015634,-0.9447317880027046,0.8478125963435716,-0.9885582144105751,-0.997119456663935,0.9334449337979587,-0.9567697103460961,0.9314260212870574,0.9497141235566647,0.968022409958955,-0.8862294767520768,-0.9817658220186305,-0.992544973422384,-0.9722940902004029,-0.8177235091126626,-0.9379258505968309,0.9212301968921978,0.9968399007578201,0.9704679645299789,-0.9764665048340608,-0.6356184072177871,0.88715177905863,-0.9433142992992711,0.8879615406233213,-0.9771129331080827,-0.9904060283573217,-0.978843056468697,0.8295022096999527,0.46271008428665444,-0.9985360825776706,-0.9383884767161528,-0.9659991173908519,-0.9800938006056334,0.9929498843718889,-0.9200782015922746,0.14227027581595303,-0.2627369270177313,-0.9968732340599181,0.9993230802301473,0.9946909597869782,-0.9994721360278511,0.9675395520723697,-0.06716231757963671,-0.99383740700313,-0.9872547565587722,0.9939251299108618,0.7369988103022082,-0.9851026324494252,0.944403543536376,-0.9687753670517948,-0.3282076070759584,-0.9946856390552377,0.9949375039201691,0.9744805227623794,-0.961573359838083
0.8770898330799572,-0.9503519583964974,0.9242577782006501,-0.9078331599274138,-0.9366259386460414,0.890037956174388,-0.9702812710029529,0.9999999987087825,-0.818230214545033,-0.9413204838564433,-0.982249929646999,-0.9544650520230469,-0.9898598055994398,-0.962911903012407,-0.9852101054196173,0.666817447019745,-0.9515590906116165,-0.90438445487098,-0.7771002038862624,0.9430703695152826,-0.5761616404164742,0.9730323912485586,0.9785246768589355,0.9493406185450971,-0.9518223247177245,-0.9247865385679175,0.9903237494002948,0.9673373594284116,0.8567856993756182,0.9559682578962237,0.9373615651784442,0.8152197187296918,0.8390297105345358,-0.9354938332653038,0.9125696868648395,-0.9696151081516365,-0.9862808709421717,-0.9968068742838277,-0.988664994472224,0.946801174337721,-0.9584850147134355,-0.9505322048413707,-0.9650986628850726,-0.9675666760694761,0.779493963391799,-0.963689474992397,0.417823535516753,-0.8224332309271477,-0.8896004334053431,0.8640896574126109,-0.9527629840131553,-0.9448238492962129,-0.9728450787200549,0.9788722079383538,-0.9389765302921995,-0.9678686736349769,-0.9509327995375683,0.9182809127996553,0.9696369302647416,0.9716295259591894,-0.9509202864381922,0.49191538660850714,0.9830604450538238,0.9583257841471767,0.9812271867656247,0.9514250459469639,0.9609890469540362,-0.9680349134512818,0.9931107042220934,-0.3512717350028609,-0.9890481775448292,-0.9300588717795034,0.9357347699003981,-0.9152415803424329,0.9856466095992893,0.9769306635441145,-0.8420178864973152,0.9824903311523545,-0.9795839493413792,-0.9150520209872025,-0.98902481986093,0.9434616929875819,0.9851522091627362,0.9536850499846996,0.9073879814251695,0.7304311003850456,0.8401745247568937,-0.941341772550913,-0.9612983951147541,-0.9136537142615134,0.9497579592294929,0.6712356350327897,-0.828008494335576,0.9672330571041792,-0.7587708846753157,0.94921740391374,0.9866535758096708,0.9986130184381878,-0.8873347914059455,-0.531290247988741,0.9735136116581525,0.8829986153570242,0.9924165194227648,0.9545840898815074,-0.9805198906664335,0.9228830760387151,-0.12136888093829477,0.061972388750007094,0.982292809641379,-0.9729670584890587,-0.9855971268519528,0.9697394038652567,-0.9866465352766296,0.27992397643754796,0.9618034126067255,0.9960138850185065,-0.9847739211168188,-0.5938912822689874,0.9410802220033574,-0.8628115475250336,0.9598098486748997,0.09422456603067758,0.9572367103465894,-0.963587198448441,-0.937581148202403,0.8821602576112698
-0.7861806235773899,0.8694487344499512,-0.750169800714482,0.8707310795826146,0.686663683162224,-0.9528331275544379,0.9044905134871712,-0.818230214545033,1.0000000024078886,0.917612937708725,0.7121718049166461,0.8845887943544304,0.8589686783056656,0.8927100959897454,0.8582969400974451,-0.4103857213879335,0.8863619063447273,0.9577728127830812,0.9957329599946264,-0.6630915853253497,0.8056565963465547,-0.9063699486525028,-0.8818374052309932,-0.8553794298330041,0.9262944116703267,0.944239034560457,-0.842943582403748,-0.8675152384642699,-0.9800398441140511,-0.9163411535906502,-0.9517756080623907,-0.9589860401872488,-0.7445898469888879,0.9685798007748834,-0.9696198071236213,0.9019376088302555,0.8427650825579702,0.7886401094189048,0.7815714057554409,-0.8841533640262744,0.6745062603680804,0.8600376751171398,0.91454818098214,0.8626960187184178,-0.9570025963845236,0.9218975608648662,0.16797734675242423,0.9155718057954609,0.9800355473439089,-0.9342107998854791,0.8768740600022747,0.9018608230316091,0.8962769324594702,-0.9004571795136952,0.9379579771479847,0.916321244333938,0.9097758940356958,-0.9281172889371466,-0.9202387768781078,-0.8386840627813003,0.9316735517402638,-0.870965835622522,-0.8911128820476537,-0.8561763340515947,-0.9000273853405941,-0.9398555531799103,-0.9166497863137112,0.892308673097605,-0.8386715661395047,0.8225502902344606,0.8507410342662386,0.8855843468056361,-0.7640001313528708,0.6663157092341495,-0.8416254236778953,-0.9115326555635602,0.9447045526334316,-0.799870812161575,0.7311716028074859,0.7589676953799445,0.7766967317306332,-0.7276743138491651,-0.868338346813346,-0.9289920872385404,-0.9372672435873344,-0.833375299507535,-0.9833017563613561,0.8368507484004186,0.9162729726871665,0.9102899121855439,-0.9395752029794532,-0.42387043194624524,0.7608145853471024,-0.7666193867285176,0.9565782277379687,-0.9390206526190478,-0.8966904791581716,-0.847347628071326,0.550076270847811,0.13626909298161385,-0.8879789335692158,-0.847843611679716,-0.7759643367442216,-0.8547952430210505,0.8900719723524868,-0.7388890626545993,-0.016379209631801405,-0.5322487176580553,-0.8731083774631881,0.9098854843317316,0.86456393357921,-0.9134767202946981,0.7734369921813277,0.20927705380006323,-0.9385186045770886,-0.8612755135720226,0.8575131745504067,0.6995346698853139,-0.9106225285784755,0.8830336377974253,-0.7873214002278132,-0.5618867287656643,-0.8982268629568729,0.9238695592523049,0.8430233702581598,-0.928749638160977
-0.765311675760846,0.9035323612728693,-0.929047001371621,0.8682851712987331,0.789396812898453,-0.9847899836917281,0.9809325554783285,-0.9413204838564433,0.917612937708725,0.9999999980913874,0.9036757373560332,0.9814343087170397,0.9708405961768143,0.9940191596189287,0.9419571924865423,-0.5242130714774733,0.9962642275579231,0.9915253715747278,0.9028893491592671,-0.7825209045059821,0.7441250937570768,-0.9734260065163168,-0.979367700708966,-0.8936844806337381,0.9639645426838619,0.9538391477696906,-0.9713348855167138,-0.9458506880779411,-0.9309511494047353,-0.9896567898875098,-0.9488948434969048,-0.9304753521369439,-0.9324922525990492,0.9712782943485594,-0.9586780615878352,0.9832797989799157,0.9615125888450986,0.9354558193796499,0.9021124748494738,-0.9239694821867016,0.8480032429080483,0.991951073698314,0.9794286368394939,0.9880552379627852,-0.9353217103997238,0.9802624322725798,-0.14259769018848603,0.8050486332583559,0.9674440110402353,-0.8465656396983606,0.9948515747404609,0.9233060509972226,0.94950975598448,-0.9656231172177007,0.9634233322103185,0.9584253541094166,0.9547372145964604,-0.8972050271882795,-0.990988420197276,-0.9119625035936473,0.9973454963793347,-0.7011471247274176,-0.9763971518138054,-0.9427955120170983,-0.9776438558276889,-0.9883939061030695,-0.9839349254017714,0.9373347807602639,-0.9278335065813447,0.5835745078556787,0.9215699114611758,0.9961415345196217,-0.8675656291408234,0.7477596066647453,-0.9475435913376532,-0.9732848200050838,0.9728089283158118,-0.8939932911501755,0.8662314647903009,0.9039002086760172,0.9395348260553884,-0.8006227243365373,-0.9361299691475824,-0.961215511101593,-0.9329677092526404,-0.7266908031800356,-0.9327687870865592,0.8491060071352813,0.9932143513314792,0.9193911086021233,-0.9912936418003335,-0.7221532348052564,0.9336305870228925,-0.952789708237929,0.9164977877915027,-0.9424488392964357,-0.9634724031317451,-0.9534710855824674,0.7275724075456281,0.5131778109782157,-0.9695763121762531,-0.9778142347415104,-0.9267047281644357,-0.9889246271592219,0.9559259084317029,-0.9457110185738257,-0.04137493701692329,-0.3920349655678064,-0.9785808234037044,0.9849935447508341,0.9772757354719529,-0.9852304652671794,0.9248201269420114,0.05881505476113604,-0.9867646421641554,-0.9605668163431464,0.9610250374193837,0.6624079330602863,-0.9407163731623233,0.8898314472629425,-0.9583495210786903,-0.39494534294620365,-0.9925625480166422,0.993916072892009,0.9176066663737974,-0.9217815621882651
-0.8136151663184066,0.9038652533285945,-0.9454339853320833,0.8503450465561552,0.9264059490832527,-0.8273858890260645,0.9348607666130547,-0.982249929646999,0.7121718049166461,0.9036757373560332,1.0000000040580728,0.917192524471543,0.969128488046082,0.9364794233554099,0.9553263610082722,-0.7020374992194154,0.9283908579341003,0.8460982907995938,0.6698261357901639,-0.9365664097216428,0.474058264978696,-0.9336307676705735,-0.9522831590411148,-0.9057110375006098,0.9017673887174167,0.8641993633557323,-0.9762429846443798,-0.9384131666104866,-0.771356964266157,-0.9188291578939654,-0.867557464929261,-0.7429412715103058,-0.858348772876461,0.8626535068498844,-0.8399688171461832,0.9362524645888746,0.971258829962185,0.9923614871706425,0.976864910149452,-0.9030916050845593,0.9611934537100214,0.9360556926521046,0.9144920128432346,0.9465811714211214,-0.7059913685101771,0.9199841257696082,-0.5352833461003448,0.7146169062194909,0.8152449762415048,-0.758856686017766,0.9331147826863792,0.8913123254003503,0.9290856385213758,-0.9382519361967017,0.8840230265416288,0.9178428482496451,0.9063359181059529,-0.8394938831068477,-0.9277296653011096,-0.9412323250718316,0.9065304489288103,-0.3543252384928566,-0.9502136377500364,-0.9351458505249867,-0.9445017816419208,-0.901819430280251,-0.9216560296319666,0.9218425978286773,-0.9578764036297832,0.19960334726599716,0.9492636816538973,0.9062288130978834,-0.9284635354661503,0.8956338766138355,-0.9664062746705941,-0.9334684338413215,0.7854804922242132,-0.9594673375357711,0.9761718149900779,0.9263387361727174,0.9935214727136886,-0.9148066289263157,-0.9466819317685934,-0.9006112634455437,-0.8439283606040245,-0.6433510746024113,-0.7540957399516736,0.8822803145582212,0.92394620335445,0.8584447745858389,-0.895203640331596,-0.7446502600634128,0.8423827215827123,-0.9765886020790713,0.6805044357931102,-0.8812883786319072,-0.9439720536453072,-0.9724286603058074,0.9211076445196131,0.6620530513260798,-0.9422660763249494,-0.871820814363176,-0.9923048464536547,-0.9434189473674598,0.9411005523872187,-0.9451351488728638,0.14257803376129483,0.024608257587840198,-0.9590891515893635,0.9351885256633937,0.9650797909629394,-0.9308329883289311,0.9889021079416501,-0.34076951598019645,-0.910024306305509,-0.9679671393547923,0.963145367864228,0.5563105200139628,-0.8915156751418347,0.8141008231004131,-0.9699649515421574,-0.00894364830304932,-0.9290607473898135,0.9214479059815371,0.9134151595614182,-0.8210748368154622
-0.7534630763395851,0.873713119751985,-0.8838714857515636,0.8236783312112318,0.7933785197787564,-0.972287223517885,0.9543044714813403,-0.9544650520230469,0.8845887943544304,0.9814343087170397,0.917192524471543,0.9999999986951739,0.9594117642802579,0.9713064218455845,0.9264772036966872,-0.44654768595691663,0.9740992663691563,0.9631163805718682,0.8557576886312191,-0.8076669962822887,0.7829691678284569,-0.9489701290683005,-0.9574315461619533,-0.864618318599455,0.9281313989368039,0.9082031230770551,-0.9642156601383081,-0.9117044318158547,-0.8758377903449882,-0.9580850829970563,-0.9214130891008737,-0.8551461450948289,-0.8994459559476037,0.9567057815970182,-0.9191934612578392,0.9564409195473169,0.9435106448214783,0.94165078831935,0.9021266939884577,-0.8837439634997118,0.9118860909990761,0.9783276558684305,0.9936619422914997,0.9929692795591022,-0.87130606086545,0.9523539312585287,-0.24917149385228105,0.7773935022699446,0.9248478022350067,-0.8391709927190483,0.9745726399536534,0.8881940522707837,0.9273702687341158,-0.946998047026583,0.9227144172755704,0.9359020156733778,0.9145121034963809,-0.873958001205023,-0.975576826855036,-0.8904552620283842,0.976870649125334,-0.6852503488951301,-0.9601442784853599,-0.9010180045980296,-0.9617892015248991,-0.9604838774958643,-0.9531015284001156,0.9143410956875238,-0.9531083796988157,0.526924185639551,0.9324100997113467,0.9751377383852341,-0.8243448724181285,0.7658409102285781,-0.9285243778453964,-0.9560350131099408,0.9262452832753882,-0.8922350812082358,0.8750153577030518,0.8441941285213502,0.936698244509073,-0.8191656813579787,-0.9282370110839058,-0.9288907979947282,-0.8795218354843393,-0.6437859775810462,-0.8744331151510567,0.8532953195192013,0.968687326456597,0.8648216842443761,-0.9886926604653824,-0.7536333794148593,0.8897427236716482,-0.9660729280754764,0.8423782188491531,-0.924076304859399,-0.9586809200408648,-0.9628795725247706,0.7158008059882742,0.5367471011974155,-0.9413092226334894,-0.9439590560968201,-0.9259300302836736,-0.9677559164273105,0.9383659292229782,-0.9426752116333708,-0.14295502810097424,-0.30592571676334623,-0.960345010969455,0.964089309719176,0.963014499045408,-0.9619359492564767,0.915498709827103,-0.04648234439591268,-0.969542156998436,-0.960755184082814,0.9408899136690351,0.5197907997525849,-0.8973884305280133,0.8104195924360379,-0.935114376255262,-0.254259200116136,-0.9634159598892537,0.9759103867366173,0.8653299556518029,-0.8549611181654825
-0.8633963398273993,0.961311011551982,-0.9572318238331523,0.9264517796828766,0.9108186767238428,-0.9229335954016222,0.9933204176926402,-0.9898598055994398,0.8589686783056656,0.9708405961768143,0.969128488046082,0.9594117642802579,0.9999999998844603,0.9890414691932141,0.9913510413587566,-0.6804443801735179,0.9805159543328034,0.9435100886377819,0.829960931386103,-0.9044846361259172,0.5958030793749212,-0.9925734145493386,-0.9976966632026961,-0.9581048030425393,0.978634947364338,0.959221669052999,-0.9987667331992188,-0.9870779359106013,-0.9038386769749782,-0.9862673415608545,-0.9589127107033553,-0.8813063222434688,-0.885076648975045,0.9561487413874752,-0.947150628928727,0.9935256968447845,0.9985175507440457,0.9900228078714767,0.9787345077312961,-0.9681674336652704,0.9132910487462342,0.9751294203328325,0.9687082242312288,0.9785198486251072,-0.8488363640754917,0.9881689749096727,-0.3159573106755245,0.8345054851903158,0.9324229136781922,-0.8670540566179812,0.980431306962521,0.9635318810686232,0.9857632776479535,-0.9925930079831431,0.9704730557663529,0.9836998726359393,0.9782415706212741,-0.9298874097649242,-0.9893953294468797,-0.9768073660313242,0.9783664227995538,-0.5441225284340658,-0.9975637132848969,-0.9832256870541815,-0.9960118435521151,-0.9800328075578827,-0.9884776715902314,0.9795419999567128,-0.9747697237998669,0.4258577111577553,0.9768032636238585,0.9629847888066757,-0.9501545148592936,0.8775149470431668,-0.9951678649530438,-0.991976630488702,0.8989755358499621,-0.9723319735550676,0.9598391476440148,0.9507753999644207,0.989559726326784,-0.9108398816004374,-0.9859593550464067,-0.9776647538424008,-0.9444371608060453,-0.7719398062436752,-0.8926719019674223,0.9252633264798555,0.9878963323364879,0.9472925284880187,-0.9670853893039579,-0.6781822297800255,0.8815588398657834,-0.9679577052296051,0.8328867070594421,-0.9625688915492375,-0.991555149132348,-0.9928268624433485,0.8679676269104776,0.5281028481397194,-0.9943211061716934,-0.9286179105089902,-0.9881487116433635,-0.9813975787804643,0.9912798834364499,-0.9398952392725929,0.13563318710351577,-0.17278511977144376,-0.9988825496722906,0.9934991811317284,0.9994394325099334,-0.9920908138783476,0.9873712552819585,-0.16019687603922977,-0.9826444320760405,-0.9966531134577236,0.9978990628090413,0.6810618703029637,-0.9685797033985823,0.9128273525524282,-0.9807562911086748,-0.2248211962975696,-0.9872196216652539,0.9865095693919818,0.9662193130060301,-0.9285673919190066
-0.8040918392105731,0.9327402938707443,-0.9584627527013458,0.8986798002194737,0.841915269110385,-0.9610655903806592,0.993332195020207,-0.962911903012407,0.8927100959897454,0.9940191596189287,0.9364794233554099,0.9713064218455845,0.9890414691932141,1.0000000004004463,0.967618170159196,-0.6101246664550596,0.9982637570167268,0.9769736641889595,0.8746039307671816,-0.8317519613421045,0.6689815172569546,-0.9875512361676431,-0.9944987581675373,-0.9257342175787218,0.9769180106027211,0.9634026316570663,-0.9889298514182089,-0.97186929577599,-0.9257185154074841,-0.9964661531703558,-0.9556624121479214,-0.9219018196814903,-0.9290053242576897,0.9652756960837192,-0.9587168969698048,0.9951497740425003,0.9847934101749245,0.962508071694099,0.9379629231556099,-0.9501788156589515,0.8689120779146551,0.9930556417946124,0.9728564977246205,0.9877291272792725,-0.9094944823613553,0.9899842764016684,-0.209207124653932,0.813526324323774,0.958441715142758,-0.8483014953491649,0.9974940631380473,0.9456452375926712,0.9693257302049564,-0.9815862297909491,0.9735617988691552,0.9731225096805275,0.9727279669706538,-0.9107185814455709,-0.9948739349704119,-0.9446766460849038,0.9948964242941136,-0.6276599492731832,-0.990702269759742,-0.9706652209181906,-0.9902385091997221,-0.9908412665610633,-0.9934620198969967,0.9592905718478262,-0.9440747412828966,0.5146738619755089,0.9431898334436716,0.9908312208671776,-0.9142442626152889,0.7994355557595911,-0.9746193961981127,-0.985336586080938,0.9513582239111116,-0.9293033880823832,0.9081376399824597,0.9420405913603243,0.9676734737033841,-0.8435282392285935,-0.9593568905090673,-0.9738051203626268,-0.9459010754309016,-0.754042167946566,-0.9228403278937121,0.8772741928805788,0.9979298503337515,0.9401500626462402,-0.981997647026219,-0.7137028545146725,0.9296414402233634,-0.9646426484469379,0.8929380551550111,-0.9517832567416689,-0.9770079904157644,-0.9710252605100932,0.7961028212093592,0.5360458347992405,-0.9877287675072207,-0.9700109410661677,-0.9583414108765212,-0.9955987594100963,0.9751527879208175,-0.9538444177006414,0.05134288300472682,-0.31119198358085853,-0.9942152697906711,0.9944764457117606,0.9932670609406627,-0.9943486698758432,0.9588014333121804,-0.01734393146743273,-0.9886191364473362,-0.978330329822992,0.983763535033402,0.6963677377927533,-0.9602724530907374,0.9139098584245321,-0.980082337202697,-0.3442537417311339,-0.999354512719343,0.9959377122196746,0.9504125671018638,-0.9355644129700658
-0.9210536537850775,0.9878528817626951,-0.9345315943636765,0.963754650691934,0.9472377356973023,-0.89007002241982,0.9869980519837964,-0.9852101054196173,0.8582969400974451,0.9419571924865423,0.9553263610082722,0.9264772036966872,0.9913510413587566,0.967618170159196,0.9999999970065502,-0.7383772584223806,0.9516153689891154,0.9186277041617401,0.8263260719718302,-0.9347580539078751,0.5379018242938868,-0.9916645503975402,-0.9884802535021666,-0.986712525519235,0.9840671424362554,0.9681461357650771,-0.984672351253046,-0.9950070342524505,-0.9125298502828799,-0.9735625683892527,-0.9713574966746822,-0.8761085050818603,-0.8219019654099785,0.9536576275832991,-0.9523658432869112,0.9849536529640739,0.9926111595183345,0.9830372035462709,0.9896452515778915,-0.9877817845400945,0.8985255470688437,0.9392645887695049,0.9497861884362174,0.9459442602410154,-0.8225275447796224,0.9843359496124036,-0.31216144309841454,0.882972345774288,0.9269223990501502,-0.9034647027375248,0.9499466810782221,0.9853006147213392,0.9963609847856816,-0.9953524117276333,0.9757513089843898,0.9918080712864105,0.9865707348400001,-0.9598200682263757,-0.9765577212152192,-0.9961155441353237,0.9588535220664227,-0.5146840150112413,-0.9922207737279667,-0.9894519028523922,-0.9911955876970446,-0.9707535529630784,-0.9810701083481065,0.9951541179905348,-0.9765742496646499,0.4171929381739778,0.9887402239036726,0.9252863307510603,-0.9725608049901521,0.9217435815739973,-0.997730535692501,-0.9914386004080445,0.8646797607311872,-0.9908824516935124,0.974346642353194,0.9471511807360123,0.9772652958799489,-0.9478283006567607,-0.9980074837989655,-0.9849658094060261,-0.9605537879652535,-0.8325178846269984,-0.8957165161459293,0.9625600090405717,0.9726256206239368,0.9681285550085882,-0.9466641673844185,-0.5813739235743008,0.821026475767173,-0.9311403397953711,0.813576704311421,-0.9774006830092866,-0.993019418801677,-0.9883942931542145,0.8962004495525022,0.44023136008408686,-0.992863887349085,-0.8794334454754769,-0.9842182378829644,-0.9502835151756738,0.9978155427761297,-0.88926660294708,0.23876172204840262,-0.11138846603313093,-0.9882468390423752,0.9850424170326805,0.9874769027886304,-0.9839209863268379,0.984691690381187,-0.21832444279707658,-0.9744060208967511,-0.9933206696684792,0.9959823640733497,0.716994741511932,-0.9830441186470991,0.9342764964019845,-0.9550724877047357,-0.19980491969495065,-0.9680294198682274,0.971285598461657,0.9804515210073256,-0.9443948532402628
0.7825129682565481,-0.7767471554192841,0.7386751042314207,-0.7926131819898006,-0.8381620527284197,0.39265753723688984,-0.6675603189318199,0.666817447019745,-0.4103857213879335,-0.5242130714774733,-0.7020374992194154,-0.44654768595691663,-0.6804443801735179,-0.6101246664550596,-0.7383772584223806,0.9999999991958952,-0.5754800134615127,-0.48035652469946094,-0.38975164996410694,0.78490859932702,0.1542679361727269,0.6795136136005322,0.6753056571382059,0.7909995668428021,-0.6862489489608173,-0.6732055854172209,0.665245968985424,0.7595499964142737,0.5756037155495956,0.6333328718500897,0.6405208049830223,0.5540673916717603,0.46616436227937036,-0.5403799711368504,0.6052580120456249,-0.6626638326289694,-0.7169213147191844,-0.700968505158895,-0.767548379861141,0.7700347550418225,-0.5458674786031209,-0.5495324960305904,-0.4913676339578577,-0.5253426445750147,0.40841789320904376,-0.6550526298579125,0.39529830347796635,-0.6176709300376181,-0.5416088799102076,0.5636206821232275,-0.5746923875010459,-0.7435332332246077,-0.7151363839671426,0.6860983307753541,-0.6726615365207638,-0.6851068867151932,-0.7206702064590458,0.6730756004373526,0.6002930987931117,0.7857104396156487,-0.5597136954272776,-0.07745277308365561,0.6684244394731365,0.7742188522301839,0.6587783179516311,0.6065421566514705,0.6537479521767435,-0.7292639609226845,0.6229043604652186,0.04982468128278599,-0.6808091308866132,-0.5161403587722336,0.8722615560413491,-0.806116282761544,0.7453704257606887,0.6601203899595136,-0.4301318454007697,0.7717633825845643,-0.7813124288385986,-0.8191292527594378,-0.7112937925738285,0.7714200406357586,0.7172770131959786,0.6816518817863011,0.6995905398685576,0.7594895900051729,0.5423537491332902,-0.7212752987178187,-0.6120231139643533,-0.7484244992371203,0.4950333092340919,0.20404109777144067,-0.47762354653035255,0.5673200894699085,-0.43098122482131557,0.6475825084253632,0.6547141427258277,0.6524189891599382,-0.9059701445529633,-0.2984067651610902,0.7053749820846174,0.48588381795919666,0.7354847262248057,0.5964915406111336,-0.7051826104330221,0.5359722015658589,-0.7978783478079707,-0.28256605128261264,0.6725228958878318,-0.6432334245653505,-0.6683869370956242,0.6437438820578947,-0.7589283500389266,0.42523706466376215,0.5932171067720788,0.6681367002541267,-0.7208253981479623,-0.7854163917963346,0.7338063169124313,-0.7763279239833928,0.6826686029931223,0.010812353062959974,0.6235653095824847,-0.5894251836136546,-0.8115901691746464,0.7106269922953229
