0.9999999973674869,-0.9672460051065124,-0.9812113049529912,-0.9884354470861579,-0.9886683880930017,-0.9942245236798507,0.7268902371416833,0.94294241550746,-0.9984646844058053,-0.9516982538249597,-0.9832993358650226,0.962009962041369,-0.9691536885492646,-0.9902667643081615,0.9559408309405977,-0.9166633564157459,0.45080929020211796,0.9175029168318632,0.8242969973059594,0.9854581607573455,0.9676482556563214,0.9584096930552914,0.9834543744706031,0.9749777220006282,-0.9578656041950315,0.9562788791416814,-0.9932236761510649,0.8897227587986472,-0.9680304731123499,-0.9299392573711492,0.9327306134532041,-0.9605173635561325,-0.9510043739436427,0.9752072692783302,-0.5807766408680526,0.9841343451871346,-0.9107895386723532,0.99005957603072,-0.8995709987825912,0.9705582282624767,-0.9746067280958095,-0.9499073732220253,0.9377654573044801,0.6035216815008919,0.7486313582847872,-0.9361485533642975,0.9852935388580478,0.99565871103865,0.8989591502342945,0.9765486754783456,-0.9680768502115275,-0.9764008580092339,-0.9885607844998516,-0.9073149037118788,-0.9682475562820723,-0.9407303510165368,-0.9982902467967635,-0.9671472297936634,-0.8885289825793051,-0.9809376131395275,-0.09796440530518279,0.8875860207382621,0.9861639185764144,0.990001782577969,0.9453194271088671,0.983910190224784,0.9573750980647792,0.9862641548969573,0.9961987502550045,0.9831336836932617,0.9872254985665561,-0.9316030498164695,-0.9718849502182707,-0.8428056746705109,-0.8756602791536633,-0.9847760294929441,-0.8024061777126993,0.9680804343464151,-0.9887218000150817,-0.9334879777431689,-0.9828365824289624,0.7841186456938319,0.7866801946005687,-0.47083297384978967,0.9710209557048354,0.992734742463585,0.3610427152291624,-0.9233376487054696,0.7623636581699609,0.47316859449290244,0.9671332628678458,0.1817689926615535,0.124165521246041,0.9169431126198601,-0.9502835980776217,-0.7655298536517032,-0.9780128371598534,0.9867974323243205,-0.8569775796994833,0.940815307542527,0.9523002765577838,-0.9882601262342253,0.978625456637266,0.913444401320559,0.964005583129559,-0.923028230142845,-0.9332813663788404,-0.9940836207696063,0.9990964745871873,0.9046508655571168,0.987082873185918,-0.9456090968533345,-0.9875718163870266,0.9721423317765631,0.9896371187954308,0.44046992081326664,-0.5925712140589141,0.9534721453803506,-0.24757202172138018,-0.9624887880977546,-0.9816159628157375,0.9907750563721958,0.9906172732060692,-0.9551638350148981,-0.9932030594751751,-0.9766111058920302
-0.9672460051065124,1.0000000025302036,0.997842594327876,0.9774450132740328,0.9211279911934114,0.9610809617170738,-0.8749474240599,-0.9059431256185417,0.9652920341665057,0.9593509052785791,0.991533096973735,-0.9633414533436448,0.9428454367360191,0.9772734795138047,-0.9285441413267517,0.9853947241559489,-0.6390348993641807,-0.9543806240748942,-0.9161716773806358,-0.9953269251446081,-0.9371866100733017,-0.9937508704027289,-0.9928545273760854,-0.9947891966375543,0.9169885633875221,-0.9127389891112905,0.9900945603550925,-0.9509073328290385,0.9637477670124389,0.9774812267275613,-0.9316935185563978,0.9440628206936907,0.986402113736257,-0.9464797331011772,0.6571596158924702,-0.9868068332564541,0.9526044279722885,-0.978770572056472,0.945909880873038,-0.9877565403760494,0.9905881550449201,0.982476268022421,-0.9652403595813753,-0.6060842710658721,-0.7357469937598433,0.9490952967062392,-0.9337949511999852,-0.9710109325518302,-0.9303157793430014,-0.9909094852996395,0.9832131469573892,0.979197014193439,0.9741030835411216,0.9803131353357671,0.9623585017006805,0.9669712030509342,0.9716201487640084,0.9710608198347261,0.9098258021552952,0.9821190245001742,0.029786832489461925,-0.8851582567662958,-0.9868725193865509,-0.9549935200462821,-0.970109171887852,-0.9952511737210545,-0.993987081271491,-0.9838627630067972,-0.9836984004724403,-0.9815475310032209,-0.9355534972005407,0.8981281000747325,0.9364888326959437,0.8223551745245512,0.7756544458218483,0.9947503848381601,0.6536023318285792,-0.8981784938619094,0.9622106979303711,0.9567454524367196,0.9433238268110025,-0.8575470359179144,-0.8221101051732636,0.4523019237313486,-0.9664477076808374,-0.9745897817776967,-0.5361616929595149,0.9789954636401256,-0.5893300668534053,-0.37398365062616723,-0.8969268119529488,-0.09409052885536207,-0.051573735958625654,-0.9548963633753921,0.9966708048985575,0.7452115820990443,0.9968784992916169,-0.9877729812922884,0.8710978324265974,-0.9534327926742252,-0.9929892958303927,0.9896635401030823,-0.9805390517362395,-0.8999046451879281,-0.9127004547281055,0.9541027183367079,0.9866526686528776,0.9763410820315522,-0.9726780668510937,-0.8751113189425134,-0.9837998403173245,0.9853020244340507,0.955263149179118,-0.9829047599652023,-0.9896918476056222,-0.47894696928465724,0.5485299392328071,-0.9217628268794851,0.10888702985160885,0.9541938585528363,0.9802081855076721,-0.9897587576223101,-0.9809468088716368,0.9241061256131016,0.9875585146425848,0.9602230661371747
-0.9812113049529912,0.997842594327876,1.0000000024416862,0.9880469420660013,0.9444765523751648,0.975136876388757,-0.8444760177451437,-0.9151461085728296,0.97903811142107,0.9584648520846972,0.9941535240738132,-0.9645331637165697,0.9515496899365747,0.9863959374406971,-0.9430016418333859,0.9757991551562055,-0.6025330082320933,-0.9545291129252631,-0.9033134404277964,-0.9987926699637745,-0.9523108220022383,-0.9892356028839868,-0.9954779087896337,-0.9947444668667463,0.9371858605984212,-0.931720889211181,0.996975080164776,-0.9377165156505162,0.9738118069289632,0.9680331446284134,-0.9431251052722851,0.9489939801797066,0.9805912187145285,-0.9619980794152209,0.6311492772989526,-0.9935078207810626,0.9531942081691067,-0.987444497389944,0.9456959870804156,-0.9914087478902636,0.9913599006906869,0.9834572121405709,-0.9595466940518674,-0.6221462396582322,-0.7541968924566153,0.9464887504325848,-0.9499082264388902,-0.9841890290410018,-0.9220241408858372,-0.9945439529117956,0.987193430095777,0.9817345389815859,0.9817372739375735,0.9694191316345762,0.9728850722889175,0.9701627942692412,0.9835186966931767,0.977552669142383,0.9170655711434612,0.9898048473416953,0.029899450041182045,-0.8985439620471428,-0.9944108296298779,-0.9681792807508659,-0.9739046839465062,-0.9988847480339775,-0.9926134348184404,-0.9906214284955077,-0.9927750288328763,-0.9899300334306357,-0.9553576071530698,0.9166893352674602,0.9505183901804768,0.8411413951804823,0.7986777159740706,0.9987332554346005,0.6981860259502739,-0.9230073080682962,0.9763788073768171,0.9608534986312951,0.9566245054463842,-0.8360148889473418,-0.826901686486303,0.444037205006256,-0.9752841205203836,-0.9834589467133951,-0.5058829732310265,0.9737418301454701,-0.6405689900040242,-0.3865640451131461,-0.9163123702820591,-0.10117320306060427,-0.05319694181040296,-0.9564255006838674,0.9900202133254469,0.7436097127554294,0.9987142614686589,-0.9946720077303038,0.8809965264554435,-0.961102408078588,-0.9872526388663649,0.9942088149669538,-0.9832578679762057,-0.901532806925485,-0.9278436884046386,0.9573773096111584,0.9816193333746104,0.9862338146212178,-0.9853448150435397,-0.880487852027217,-0.989392390143886,0.9842714612763471,0.9666056021032354,-0.98893126291504,-0.994873896785068,-0.4864569588354396,0.5485723940748857,-0.9298602639061526,0.1571351822674326,0.9583712268074882,0.9888093424731211,-0.995988984802993,-0.98762632965755,0.9333900071587319,0.9948478207418797,0.9665022424015313
-0.9884354470861579,0.9774450132740328,0.9880469420660013,1.0000000031537357,0.9709456896530061,0.9888842654655046,-0.7883164123871803,-0.9029387546149678,0.9878054316298789,0.9236534167908061,0.9801984985891301,-0.9362336197465473,0.9460013793137002,0.9920678669125645,-0.9746429943781623,0.9496712861447082,-0.5460191900906485,-0.9643975868840408,-0.8719077001696696,-0.989810413189647,-0.955809290266945,-0.9623113716189791,-0.9826806420887079,-0.9777879293085502,0.9795457588026761,-0.9720974905763619,0.9922886350824355,-0.8749303905740103,0.9940513118920208,0.9201480417969613,-0.9746794674256578,0.9243704959928369,0.9431321431253537,-0.9911899771344959,0.5149661599406367,-0.9978931316263147,0.9546576280369838,-0.9920537190726019,0.9513523071256891,-0.9934122770074726,0.9659615017472551,0.9830562695096626,-0.9167127426428067,-0.7035069335556887,-0.8270366976940345,0.9142340558590275,-0.9574598958340316,-0.997594704976368,-0.8626956633317584,-0.9937464520423194,0.9918028084279717,0.9643595333411691,0.9765595232855833,0.9445372265467232,0.9940650209586628,0.9807825299873305,0.987536564788742,0.9890871041126647,0.9461047112162213,0.998547876836681,-0.03680837232690531,-0.9423637158986876,-0.9982004429171535,-0.9766559054898073,-0.9825764256628896,-0.9924357530929971,-0.9824733033721829,-0.992994345928856,-0.9937867730017972,-0.9992206614492306,-0.9845111480906632,0.964189794243865,0.9703066091612563,0.9030936318754115,0.8083861539566622,0.9929559958333891,0.7585788566209175,-0.9664486266621306,0.996756625992157,0.9765825882427883,0.9627887564481477,-0.7490944365481059,-0.8694081830240621,0.3602917047502037,-0.9914251209126324,-0.9802557077162516,-0.4857647120104947,0.9639689111543281,-0.739676798475573,-0.3560644366035437,-0.9243393432153237,-0.035850117747785355,-0.0028103514691390926,-0.9611941987573126,0.9576977327501077,0.6964546080574936,0.989855414773301,-0.9978920968887953,0.9220207539825799,-0.9799658413739623,-0.951142261347211,0.9841431334619806,-0.963872126295174,-0.8638541891904329,-0.9372138647155425,0.9681004074159214,0.9678778583742826,0.9901700149128503,-0.9930039872884513,-0.8558707071776757,-0.9834880604088687,0.978439263909235,0.9651669720900922,-0.9952275319081951,-0.9871524163382667,-0.5628583391411598,0.48881562654652394,-0.91038820647927,0.3049127664619367,0.9451357256068086,0.9990666853394725,-0.9931418074471249,-0.9793085811356792,0.9300097581793957,0.9931332192174953,0.9507182198214795
-0.9886683880930017,0.9211279911934114,0.9444765523751648,0.9709456896530061,0.9999999960874056,0.9817284839022794,-0.6270897827588442,-0.9165648774237565,0.9856283442188836,0.9049112864336485,0.9453132365691482,-0.9195093727312169,0.9419816713051039,0.9667232057735312,-0.9452955685973216,0.8572854499062807,-0.35771816009619445,-0.8785522604289548,-0.7672150216250629,-0.9505947411506886,-0.9654940740318197,-0.9049947637844814,-0.9456849644376111,-0.9313299890659621,0.9643298782364842,-0.9566464744757522,0.9664837423459817,-0.8219725300963939,0.9500710902629993,0.8667942690453904,-0.9214797825533986,0.9261819142915086,0.8949648070014798,-0.9683236739255449,0.4937671928139516,-0.9572795175343773,0.8786876926104442,-0.9655332777503934,0.8653705000244427,-0.9377551374647412,0.9352355345744887,0.9136697496755644,-0.8809236685227809,-0.6208357663027122,-0.7637193861786215,0.8841260353550922,-0.9761253614072487,-0.982974804948914,-0.838699714513757,-0.9427950487260527,0.9352938154900173,0.9369220313273947,0.9605879667231819,0.8441505716802976,0.9514103743795824,0.9093131132066922,0.9812345094978173,0.9389778885682911,0.8714416053925539,0.9569191565249229,0.08009750104201857,-0.8839596471951342,-0.9622805825504935,-0.9743670630341541,-0.9162532639506485,-0.9498823199864628,-0.9143984302382123,-0.9578167728027419,-0.9735650515904763,-0.9607732979727959,-0.9888897952775877,0.9340928371605797,0.9579519453485822,0.8534586798497129,0.8820554913595173,0.9514963812445385,0.8758008045800111,-0.9817541366615449,0.978251655841882,0.9039642582361196,0.9667460642172478,-0.6964960932630725,-0.7671159583885676,0.4198670846605201,-0.9482673674883274,-0.9679616219111161,-0.28591817755983934,0.8731117238324153,-0.8472009339222021,-0.46662067940483,-0.9654189420338849,-0.18163536365953145,-0.10531348161649966,-0.8861471135448706,0.8940076811726086,0.7171297543668048,0.9401577359888934,-0.9602406678861095,0.8474169185522797,-0.9214724607125122,-0.8985279848148557,0.9546491132165615,-0.939983754684331,-0.8716158442783009,-0.9512667680156451,0.8951530798889293,0.8835150976752884,0.9721616725247894,-0.9846289343040158,-0.8697470256843812,-0.9550987181051452,0.9051063539554118,0.9675477037679738,-0.9460248070857418,-0.957613753181418,-0.44576445701107026,0.5544909033995437,-0.9257559636461102,0.35117234025078287,0.9252178296872975,0.9601599555073244,-0.9616733614916899,-0.9611603134942138,0.9287421216926238,0.9664062292160767,0.9451397078408552
-0.9942245236798507,0.9610809617170738,0.975136876388757,0.9888842654655046,0.9817284839022794,1.00000000195836,-0.7313749727823301,-0.950754285108965,0.9983080576084077,0.9453453838778604,0.9825870412544709,-0.9582222101158692,0.9788654367853866,0.9968451685521603,-0.9794752354620824,0.911816109857623,-0.43137691987319843,-0.9353204797145366,-0.798471939887943,-0.9832462217471084,-0.9377404270688303,-0.9584629002296261,-0.9830143459721361,-0.9757250159518782,0.9667780611657096,-0.9775988143005161,0.9868463825046093,-0.8620692097522829,0.9771385211344052,0.9178669092370189,-0.9420210995983797,0.9552937017557457,0.943533235347518,-0.9871361083794241,0.5347454540680135,-0.9865646208573541,0.9002062967966632,-0.996311653980138,0.8967249586811359,-0.9743019786909658,0.9576815937428442,0.9493928887696518,-0.9309492293350758,-0.6330461153904786,-0.7730511782415704,0.9419663570051825,-0.9881492851856117,-0.9958853809821328,-0.8780901719894412,-0.9801790617974332,0.976610771258933,0.9783882327453354,0.9917339887859214,0.910096315838048,0.9771591912550893,0.9486349637242097,0.9969700194665895,0.9818856820491876,0.8955825556709459,0.9840146765619446,0.08804689510593756,-0.8998660465993199,-0.9825373133253249,-0.997200013662336,-0.946278141607118,-0.9823181658871494,-0.9558054446714505,-0.9926492932570058,-0.9941182630273998,-0.9849714593416002,-0.9945729386932651,0.9526003038270144,0.9913605871128208,0.86188196569334,0.8853089954957836,0.9832559535225437,0.7683856556108613,-0.9807438252956588,0.9947812369755008,0.9462456000024669,0.9913450973260055,-0.7667918042735552,-0.8136096280477626,0.4561325246821219,-0.9851977426199495,-0.9936489974061077,-0.36360903955948615,0.9277923502017983,-0.7715312934512997,-0.48267608104870763,-0.9675530256976393,-0.14271973002893862,-0.13869186643498205,-0.9099031627457959,0.9429783744314834,0.7758571114537525,0.9771250899164056,-0.9880021621552701,0.8697448333914786,-0.941981752560068,-0.9382129007385858,0.9871835127117182,-0.97663666813695,-0.9085328651960892,-0.9780886294782,0.9213959864446323,0.932476866565621,0.9977205424736311,-0.9966780263847954,-0.9124051643789727,-0.9909322316497331,0.9430018366373568,0.9898688455182336,-0.971003620485048,-0.9889368437345646,-0.4764712330071443,0.5899518859666655,-0.9507759074856303,0.28826120398169147,0.9729819833028581,0.9827264140998031,-0.9906735479758659,-0.9897574673986709,0.9699360071345265,0.9923957053447906,0.9756004322898925
0.7268902371416833,-0.8749474240599,-0.8444760177451437,-0.7883164123871803,-0.6270897827588442,-0.7313749727823301,0.9999999999596116,0.661007086582189,-0.7283140651038987,-0.7777629535816797,-0.8226758981797374,0.7732911692748536,-0.7197846898398973,-0.7827057887899783,0.7383248728918825,-0.9367293118850188,0.8796382524736053,0.8793443464510454,0.915035056939406,0.8319449971943436,0.6921676213065756,0.8740420447155702,0.8271953320667094,0.8488357948778981,-0.6998303741743044,0.695624063744178,-0.8006227283287218,0.8553575061193383,-0.8015484246416865,-0.8661935026973396,0.7900197220071072,-0.7211395998416659,-0.857033043754198,0.7425915414019562,-0.6003717709105484,0.8210884373871239,-0.8681436291142718,0.7866897739641516,-0.879172793426994,0.852017967454833,-0.822331508254982,-0.8767674571757288,0.8193124630219266,0.5746709161304416,0.6396946368472546,-0.7886606685432275,0.6638804845939673,0.7546568883238861,0.7803935252843643,0.8465496373202566,-0.8481094711621067,-0.799922498750565,-0.7677664614848055,-0.946453426681085,-0.7975114254323261,-0.8623508121085943,-0.743584750502872,-0.8220173441762789,-0.81700874037017,-0.8173663658326451,0.17244989369734726,0.758748128476484,0.8134255883997485,0.7194838005244297,0.8569273765396831,0.8370935937945789,0.8876578501380722,0.80844329152568,0.7814079572186101,0.8107104715500678,0.6820945594423322,-0.7099012797215883,-0.7174999842472201,-0.6844610524070321,-0.4349597971997381,-0.8342530811525506,-0.24258047433337238,0.6248650864532309,-0.7512086698487976,-0.8535504095849844,-0.6993260129254473,0.7935521248157819,0.794610398575527,-0.26702017536300326,0.8029249103209932,0.760468629048876,0.8032751139904416,-0.9194658183296018,0.1865637335665805,0.0788694051983544,0.59258602837505,-0.17532805125679157,-0.14026906857467467,0.8658412377186717,-0.8926251494373281,-0.5419010290534862,-0.8532531625357643,0.8168199330625283,-0.7809639259832383,0.8242566499893111,0.8713198893272223,-0.8089950485530848,0.7957181033615762,0.6822779262668119,0.653954090602739,-0.8573147341329895,-0.9154431774518649,-0.7690688178227922,0.7469327151819423,0.6430874199062189,0.7995184773999255,-0.8895461843379593,-0.716166236550363,0.8346941380221765,0.8079327730994486,0.5470037570660734,-0.31414067552431946,0.6749693585026555,0.08519197737727363,-0.7628138561441724,-0.8102834352062405,0.8093488667247412,0.7794232492027336,-0.6982896998345404,-0.7980439133207443,-0.7427946335112908
0.94294241550746,-0.9059431256185417,-0.9151461085728296,-0.9029387546149678,-0.9165648774237565,-0.950754285108965,0.661007086582189,1.000000000273176,-0.9536391356454383,-0.9752363625666884,-0.9518736927134096,0.9802882446255929,-0.992484228863151,-0.9464311279881045,0.8999855703262518,-0.8285450190224847,0.2741399797417956,0.8244623415233528,0.6635106283452527,0.9306674563553664,0.8502546893868125,0.9337720380356205,0.9472932895330336,0.9412855091912413,-0.8430423064417202,0.8886795421141916,-0.9305579404220108,0.8678546264694557,-0.8722844090278236,-0.9224624787765382,0.7977273164709646,-0.9886608074939938,-0.9392470485207806,0.8937411421920752,-0.6781401627487007,0.9096580060818491,-0.7546902187402971,0.9462721683489888,-0.7465937178450676,0.8873470335634412,-0.9221590890764501,-0.8407821129547765,0.958152575452599,0.3800235995200251,0.5514973360820516,-0.9804528507453575,0.9811496171049549,0.924332417196691,0.9289748509123864,0.9060191599033403,-0.8936230835652718,-0.9726602716140416,-0.9726857080641579,-0.8319693993593342,-0.8711669972564079,-0.8300482126603835,-0.95613915221862,-0.9047523958223926,-0.7252350504050868,-0.8964045785658079,-0.38240884319538604,0.7259340058164021,0.8985039854789945,0.971113830886757,0.8223660773073342,0.9205377081761813,0.8708144721147028,0.9374282118484785,0.9410266411847941,0.8970578351219646,0.9252810030036397,-0.8263667393632157,-0.953732553162343,-0.6708281446849985,-0.9627992768240997,-0.921354252435414,-0.6698045785569406,0.9027649373315938,-0.9148361822337034,-0.8251560460736727,-0.9825223424191875,0.861129101088893,0.6235240766502702,-0.7003885023457225,0.9040009130619657,0.9688237003608067,0.1544498185769741,-0.8275794228734993,0.6679659573670161,0.7171026263595662,0.9828754586596249,0.39880744301938725,0.4318577510138595,0.7656987353650024,-0.9059856250488842,-0.9321218178675414,-0.9139897426336528,0.9148613955069477,-0.6836367478256898,0.8030534316081039,0.9086851400765136,-0.9526530840626107,0.9709143871375958,0.9842888029036612,0.9881356366608723,-0.7778545334102542,-0.837780404343644,-0.9540076493519217,0.9412748576702906,0.9939479437478344,0.9592790467464672,-0.8380114733690293,-0.9830718191074336,0.8697039348470013,0.9493078790224946,0.21018199656376668,-0.8084109170290801,0.9949700886172724,-0.06854469497919664,-0.98743252060916,-0.8900390618914217,0.9376488368201203,0.966007247048144,-0.9941818937021092,-0.9409008486103042,-0.9869363530323462
-0.9984646844058053,0.9652920341665057,0.97903811142107,0.9878054316298789,0.9856283442188836,0.9983080576084077,-0.7283140651038987,-0.9536391356454383,1.000000002408508,0.9546038246364628,0.9854257858558291,-0.9657063396284283,0.9787707804268221,0.9946884074100674,-0.9665522564351251,0.9135172170302998,-0.43450626303975315,-0.923479975739334,-0.8076901420774756,-0.9855770017263901,-0.952287341508611,-0.9612096896656844,-0.9854154469949896,-0.9775676529407055,0.9588310409679194,-0.965237278214601,0.9911371354455047,-0.8808543259223535,0.9703365291470656,0.9285924863855898,-0.932625413207342,0.9641574315591822,0.9513930740141379,-0.9795244290662728,0.5700175161276345,-0.9850002267034739,0.901108531305399,-0.9943502801907904,0.8932731088233627,-0.971424100031631,0.9686767479935359,0.9473895413935224,-0.9402704216939529,-0.6051776832395899,-0.7503233921704109,0.9453264206361398,-0.9904219333633998,-0.9957833347138427,-0.895999511835101,-0.9781434561582084,0.9714534225851884,0.981265718119609,0.9932147247870845,0.9080895121623364,0.9703894500123078,0.9415879069911282,0.9995146192702133,0.9738103402578596,0.8856559066854401,0.9814573434881725,0.1110591421014086,-0.88694286739583,-0.9837149832599998,-0.9961225959051273,-0.9425569320394351,-0.9837729962793184,-0.9558023643098269,-0.9903116891589712,-0.9963494374475751,-0.9830467137023541,-0.9907943558716668,0.9380961402433583,0.9831053104728407,0.8441566587981136,0.888493331897624,0.984666886121255,0.7834497036729546,-0.9735500819739437,0.9910993988744802,0.9364777134721692,0.9905722803230154,-0.7850313211089628,-0.7917152770932945,0.4803821976687495,-0.9771723421280702,-0.9959750798941742,-0.3517385809879086,0.9236282719061901,-0.7635242679069034,-0.49354101150306523,-0.9723100019961941,-0.17898331998310932,-0.14897543292089271,-0.9090523089979458,0.9488215314302708,0.7830725029818324,0.9781216051714511,-0.9873101849469482,0.855742870612054,-0.9372114984049382,-0.9480388565343789,0.9899920506626566,-0.9815982725571771,-0.919562288571807,-0.9754235754778278,0.9177733041924577,0.9314260116798644,0.9975056623413227,-0.9989311694044531,-0.9170948197636153,-0.9913254771343423,0.9423033608548752,0.992495616071787,-0.9698129810925494,-0.9912480435629117,-0.44379598813602633,0.6068321144351042,-0.9589028692842684,0.2547024431508341,0.9725378094672629,0.9808906119663153,-0.9918761048099023,-0.9930825181166417,0.9677620016181441,0.9940588250030797,0.9810211493251775
-0.9516982538249597,0.9593509052785791,0.9584648520846972,0.9236534167908061,0.9049112864336485,0.9453453838778604,-0.7777629535816797,-0.9752363625666884,0.9546038246364628,1.0000000003504073,0.9792700268071731,-0.9990302344463934,0.9780424395947479,0.9537803665395793,-0.8811576333849177,0.9076854127141961,-0.45320024374357337,-0.8593586359446073,-0.788338947384566,-0.9639559829429162,-0.8932211096282818,-0.9773211139688067,-0.9758469368312684,-0.9751570009140995,0.8383282734106898,-0.8628441747775315,0.960589484309962,-0.9559386193488657,0.889631632872928,0.9839449634257061,-0.8218528929596425,0.9955031975946043,0.9887212058523072,-0.8898362969457883,0.7738680764028028,-0.9359643053632943,0.8308038253988876,-0.9550989890538029,0.817143696415997,-0.9230664595572522,0.9742772414584495,0.8944775186762974,-0.9969707075418864,-0.39216464223800157,-0.5573537502257598,0.9930986807102643,-0.9608299517386553,-0.934238756468334,-0.982958263259593,-0.9383049869718715,0.921756375888472,0.9896838383009418,0.9787062142160765,0.9041944151113318,0.887819419878204,0.8708251712347416,0.9623269121306748,0.9172276317694357,0.7698712302877485,0.9223590821265415,0.30933610385387894,-0.7489105827978774,-0.9315867922155894,-0.9595378066590557,-0.8711033601197298,-0.955328609519987,-0.9253658906999072,-0.9527441413696475,-0.9593141673791572,-0.9226739781940457,-0.9081535903059532,0.8123950111030929,0.9287929779308333,0.675262437041042,0.8883318536941134,0.9551698166866401,0.6363944526946792,-0.8679706137532679,0.9176873477738897,0.8584566280277718,0.9638837649181904,-0.9314516367453736,-0.655396074607086,0.6796646270989416,-0.9120273919818126,-0.9758625681106373,-0.3044879109073377,0.8894392734213322,-0.5676352824839893,-0.614976836931779,-0.9494099350435999,-0.3533520568805693,-0.3277987677870521,-0.8349825324068707,0.9671532172117073,0.89798003202848,0.9531206983857441,-0.940986461691634,0.7183595321803251,-0.8453109966707943,-0.972957817655338,0.9764726775416985,-0.9920344966410055,-0.986121432543257,-0.952102907974173,0.8361766905542423,0.9036679376218407,0.9607415567633,-0.9509286904681735,-0.9692078457753891,-0.9737534546692773,0.8983967484972684,0.9763719033231418,-0.9087873326873485,-0.9724984562692615,-0.23801763338935844,0.7619358506630689,-0.986951548063711,-0.038380734763234045,0.9840081978944334,0.9172552947082093,-0.9612702624583301,-0.9806605070164074,0.9689142888742719,0.9620561165012665,0.9921847931413423
-0.9832993358650226,0.991533096973735,0.9941535240738132,0.9801984985891301,0.9453132365691482,0.9825870412544709,-0.8226758981797374,-0.9518736927134096,0.9854257858558291,0.9792700268071731,1.0000000005451177,-0.9849164330979063,0.9779789423599832,0.9917527982703688,-0.947798168428117,0.9573617422374634,-0.5367700736262943,-0.9406719227101812,-0.8571454351093842,-0.9974750667398554,-0.9329572634655872,-0.9940444585389369,-0.9998562457583701,-0.9988119683550396,0.9242921757551362,-0.9344535851867678,0.9942614589434712,-0.9361886029709799,0.9630295695433841,0.974680877385885,-0.9199576931237844,0.9738508726165007,0.9881157993291924,-0.9583211022009225,0.6557500741497886,-0.9876958309427569,0.9167195051948088,-0.9926006868737741,0.9104612738904722,-0.9815214900712342,0.9881126701453197,0.9635668406975918,-0.9771557589769911,-0.5698385958753115,-0.712891249225901,0.9741094252774567,-0.9702206320694015,-0.9819545646424036,-0.9396912097964312,-0.9887423703142637,0.980634886836269,0.9964666578639744,0.9949874372759273,0.9550936649420568,0.9618519513076176,0.9513471179563683,0.9898908594100057,0.9764104705636285,0.882368229474465,0.981222571781149,0.12048700181427242,-0.8673414293998178,-0.9842117402832392,-0.9831308806098613,-0.950849188612322,-0.9949553672191079,-0.9789228476116707,-0.9933609302711333,-0.9937801816805979,-0.981054911601409,-0.9593315373805432,0.9069377143050262,0.9669547766832408,0.8088360703099644,0.8496791075869948,0.994949529922028,0.6830495892107097,-0.9281706875020435,0.9741925411115776,0.9435110335571238,0.9775193725150887,-0.8618130378556481,-0.791640482259321,0.5190170001429274,-0.973630447069718,-0.9945105727036673,-0.43393559586414987,0.9556395737920363,-0.6437753880513951,-0.47689333065123435,-0.9437337037364417,-0.17169990197120322,-0.15450367084243855,-0.9223014057943609,0.9869116152989339,0.808205551962413,0.9938310013899682,-0.9896660408388489,0.8442705924904741,-0.9348792182033007,-0.9841064620065253,0.9995507656994969,-0.996456838212661,-0.9378896336444769,-0.9574738974926797,0.9264932789515716,0.9633303338199601,0.9928660334508005,-0.9869744299580863,-0.9252892517988117,-0.9980845887922289,0.9637846349125955,0.9848563458284584,-0.9734723981721654,-0.9990358364522887,-0.4267116135298173,0.6255680193446305,-0.9603617931069385,0.12763672070682627,0.9834553066773611,0.978188573091466,-0.9965995879983538,-0.9973681306790665,0.9652958072470513,0.9961160423421587,0.986913423207225
0.962009962041369,-0.9633414533436448,-0.9645331637165697,-0.9362336197465473,-0.9195093727312169,-0.9582222101158692,0.7732911692748536,0.9802882446255929,-0.9657063396284283,-0.9990302344463934,-0.9849164330979063,1.0000000003444733,-0.9856654177374832,-0.964953177483972,0.9001072780755996,-0.9106734296429652,0.4455021444338058,0.8731967656463676,0.7881809509480204,0.9709784962679533,0.9005979421328852,0.9798695478529222,0.9818747663818939,0.9802989263293007,-0.8589659076459297,0.8836681976875548,-0.9682551320679137,0.9465138572452572,-0.9051412499697792,-0.9798000914335467,0.8403380555292468,-0.9969011863413615,-0.9877029411897372,0.907452967703028,-0.7455243984246317,0.9468762417394098,-0.8404119295327215,0.9659945535349512,-0.828485143538704,0.9336727786177498,-0.9757170073601354,-0.9043509826304612,0.9941212123612492,0.4230943865827776,0.5864741083314159,-0.9936779073451546,0.971146517124516,0.9468973909112064,0.9742174095938173,0.9480861871983365,-0.933343768567085,-0.9943228698748792,-0.9865132829978697,-0.9080831646503941,-0.9035391172877583,-0.884127120287185,-0.9721859175617229,-0.9308724922419033,-0.7877003427621935,-0.9344780179491862,-0.2887519074295315,0.7706052242243033,0.9418838533160524,0.970922429972176,0.8833857972713183,0.9631384886617897,0.9325914202306091,0.963229594348454,0.9686501143820682,0.9348070785071656,0.9249150633620147,-0.835266263371811,-0.9440321773128374,-0.7016210113658314,-0.897296308483673,-0.9631446912374145,-0.6546983401943558,0.8884450151110931,-0.9325989649765983,-0.8733824061681162,-0.974504945814014,0.9152146424286915,0.6778142121363541,-0.6589015583824923,0.9267377921461575,0.9840125341873511,0.30737075688534116,-0.897389564278002,0.5987730192212695,0.6086941010456487,0.9589929910670145,0.33144075299895526,0.31362391036785925,0.8457175557534524,-0.9679074265865287,-0.8920616558251275,-0.960451091842791,0.9514624693550277,-0.7394692962780482,0.8601106745806191,0.9720368436189732,-0.9830518432434758,0.9958305151326456,0.9834690477847218,0.9634963796033779,-0.8488300891975298,-0.9101672101390339,-0.9711251654093803,0.9617611108367239,0.9705801663056282,0.9817023832455218,-0.9067485276389317,-0.984665581533805,0.9201139642588352,0.9797431289163507,0.2674334177269,-0.7492386759482254,0.9894825069594606,-0.004735311290084692,-0.9899496076977858,-0.9296039315713532,0.9699186111878201,0.9874593354358789,-0.9772261294843032,-0.9708702209874239,-0.9965312611243176
-0.9691536885492646,0.9428454367360191,0.9515496899365747,0.9460013793137002,0.9419816713051039,0.9788654367853866,-0.7197846898398973,-0.992484228863151,0.9787707804268221,0.9780424395947479,0.9779789423599832,-0.9856654177374832,0.9999999999507556,0.9781320002404105,-0.9433391134278761,0.8804043132484158,-0.3599709471893474,-0.8866842940003037,-0.7307777606907595,-0.964415928688238,-0.8833640698612664,-0.9616686426704318,-0.9754109503067867,-0.9706847290834223,0.8965212242536363,-0.9324008918589087,0.9627697078770088,-0.8812763950100266,0.9248149319391397,0.9385482380500736,-0.864213857475168,0.9869946151667613,0.9580393333696656,-0.9393092204853486,0.6364008598054515,-0.9520032391468011,0.8230146180763,-0.9780172593298619,0.8189194230704706,-0.9355540937639647,0.9471326491406441,0.8976447635034053,-0.9645906459972989,-0.4855482879048455,-0.6444458955073832,0.9837074258356234,-0.9907371893317465,-0.9602992388898046,-0.9237154441832364,-0.9493373042590507,0.941226516126178,0.9896643717974278,0.99224749098056,0.884344816770914,0.9238130580377449,0.8913588702021289,0.9806167033886091,0.9500623436148798,0.8031259911939477,0.9424139891492272,0.26717495422097703,-0.802743059848165,-0.9416514839029027,-0.9910401922777399,-0.8837444401014223,-0.9578847289581193,-0.9198001246393573,-0.9723231931386057,-0.9717636456858018,-0.9424917984155381,-0.9579474122159095,0.8843560080684518,0.980350737875936,0.7519413181770577,0.9352575590760454,0.9585673968273621,0.6855903998009262,-0.9367406405581875,0.9547800502903442,0.8879556375615576,0.9958801842302034,-0.8460663802130172,-0.7138039459752377,0.6145879340046617,-0.9493857318090252,-0.9893893570981365,-0.26060507449355946,0.8857679930903462,-0.691598092886802,-0.628410974584765,-0.9809080189605373,-0.2883926854438861,-0.3226002994163923,-0.8339121436077067,0.9380201588549191,0.8873655359847603,0.9530352865779337,-0.9553656218304898,0.766921411427984,-0.8678820328927165,-0.9356300454365343,0.9790594198266217,-0.9868648150831079,-0.9674855170346843,-0.9941076859960319,0.8461751453487658,0.8925612985772329,0.981976034733218,-0.970686927277016,-0.9755843470789342,-0.9851215785025874,0.8941091735730274,0.995385870785895,-0.9208615791514624,-0.9774212168377246,-0.32501444934881835,0.7325128524886052,-0.9876776753194979,0.1385030179694323,0.9974661280925483,0.9369904502204884,-0.9704917143588443,-0.9870186790148989,0.9982341975358527,0.9723705087232187,0.9943014716149172
-0.9902667643081615,0.9772734795138047,0.9863959374406971,0.9920678669125645,0.9667232057735312,0.9968451685521603,-0.7827057887899783,-0.9464311279881045,0.9946884074100674,0.9537803665395793,0.9917527982703688,-0.964953177483972,0.9781320002404105,1.0000000029089144,-0.9792521500211236,0.938920815259127,-0.49116180881908195,-0.9543220880225933,-0.830303316974126,-0.9927635560374314,-0.9321929700918705,-0.9759831917714368,-0.99255618282915,-0.9885548502413141,0.9610565145030471,-0.9721425341462743,0.992012401665216,-0.8849437494989676,0.9829491924112467,0.938054266506166,-0.9485295383077881,0.9563773709039308,0.960441822860407,-0.9856370143294668,0.5590238652242616,-0.9941612124637493,0.9182687565625545,-0.9999741924424258,0.9167519482543584,-0.9864192793967671,0.9678474678163244,0.9657581315370524,-0.9454222608169828,-0.6398612657387781,-0.7756914058754942,0.9529731741552555,-0.9790615182245173,-0.9948755725337497,-0.8923945180482609,-0.9914720526902483,0.9884745267765856,0.9860914088312942,0.9942120091994258,0.9391108283835066,0.9824519203483278,0.9636413329049818,0.9952877387594945,0.9907729898742524,0.9085057696674601,0.9911546283246297,0.06729919848750342,-0.9058144934726219,-0.9890176235634891,-0.9936015641412226,-0.9602758911335176,-0.9923147266056614,-0.9734466517589482,-0.9990552489064858,-0.9967475561642696,-0.9911604096607439,-0.9856789012621506,0.9500025385631342,0.9885097632206248,0.8624329189783501,0.8611043841233887,0.9928382253319773,0.7244607469662956,-0.9664590244506014,0.9936083512795603,0.9606694580410292,0.9864406191772398,-0.7938121978371997,-0.8318451217105598,0.4529003908121998,-0.9914109745410429,-0.9948063192365331,-0.42040431254812693,0.9516021607339271,-0.7233515223442014,-0.4563096813122711,-0.9523581601615098,-0.11396739403239575,-0.11877204733839125,-0.9271008931315573,0.9632482074739908,0.775964505240379,0.9894818482662152,-0.9949947619584188,0.8806545089222543,-0.9521391631214866,-0.9561749275739907,0.994215890179695,-0.983750307185447,-0.9103226809517807,-0.9698843150397981,0.9369415470631604,0.9552182187296715,0.9991964404242897,-0.9949563513131656,-0.9102116003861236,-0.9969108762124322,0.9613923604696735,0.9867313027257261,-0.9806894163443705,-0.9955781620051938,-0.49387137987929314,0.5805469709103668,-0.9472908727420536,0.2496210306948741,0.9778834564087224,0.9888897592556568,-0.99700891664606,-0.9933966522341959,0.9680698939493422,0.9972501478333938,0.9771154784057681
0.9559408309405977,-0.9285441413267517,-0.9430016418333859,-0.9746429943781623,-0.9452955685973216,-0.9794752354620824,0.7383248728918825,0.8999855703262518,-0.9665522564351251,-0.8811576333849177,-0.947798168428117,0.9001072780755996,-0.9433391134278761,-0.9792521500211236,0.9999999979317867,-0.8957624823212831,0.44676479433361577,0.9633216036599346,0.7734352532405253,0.9539803437875749,0.8760215028114217,0.9252860620766536,0.9505207572004007,0.945584965946245,-0.9793926243965121,0.9971605073313943,-0.9512956315022568,0.7786282733793464,-0.9847067414157962,-0.8569008537271217,0.9659303311595429,-0.8899512704350847,-0.8914358072339704,0.9933938069467321,-0.38752946083235984,0.9731074576640935,-0.8964378772034277,0.9781679516702873,-0.9076039504322173,0.9679459385728678,-0.8998274532450851,-0.9459017694292418,0.868691675410036,0.7435539633071947,0.8566291648632295,-0.8948942676514884,0.9471695745638389,0.9750347764524464,0.7870594175211719,0.9685926313233345,-0.9763931257990172,-0.9388610596082643,-0.9574230435722182,-0.9048908565777957,-0.9847334951872685,-0.9621379456850822,-0.9623408115805487,-0.9888021799019684,-0.9285914323230923,-0.9755168066079292,0.04215249361611254,0.9412147478842645,0.961890298620547,0.9706379886992338,0.9504451126093213,0.9575073619920556,0.9419791576824572,0.9772341264039965,0.9635673635671199,0.9743779328015411,0.9831114308183366,-0.9868092800848547,-0.9891796976778547,-0.9212616406554051,-0.826987555187311,-0.9584904442468635,-0.7055094754695638,0.9807359021356675,-0.9863996511097968,-0.9684952270487337,-0.9607027089729847,0.6731556426474035,0.8905856172960588,-0.32197918132826064,0.9920684326356305,0.9574705874579359,0.4359549831767494,-0.9315600271891271,0.779245544552385,0.3859425574612232,0.9144990771109965,-0.024552010263000506,0.04610431454369773,0.9107710464294897,-0.9035821963793573,-0.6994121742349304,-0.9545862850550609,0.9710351041613309,-0.9185485175329229,0.9514679554879999,0.8850089397746281,-0.9526093329155172,0.9306766836836781,0.8306775643471733,0.9496725921429837,-0.9299235453080708,-0.9253632695543514,-0.9726310512424352,0.9655582790031683,0.8520248871238846,0.9629061448760492,-0.9354704700745902,-0.9488447209296047,0.9617062275109852,0.9566657360823885,0.6114053283493255,-0.4772636181530565,0.8850284707916976,-0.4132499391413118,-0.9396499386664071,-0.9727887530694336,0.9640821730735917,0.9509337830734191,-0.9389542457296467,-0.9637794056706599,-0.9241422509207844
-0.9166633564157459,0.9853947241559489,0.9757991551562055,0.9496712861447082,0.8572854499062807,0.911816109857623,-0.9367293118850188,-0.8285450190224847,0.9135172170302998,0.9076854127141961,0.9573617422374634,-0.9106734296429652,0.8804043132484158,0.938920815259127,-0.8957624823212831,1.0000000016568371,-0.7562631088604969,-0.9644613124491549,-0.9588544511740611,-0.9680742590897464,-0.8961267549669154,-0.9729185894908369,-0.9607849189038513,-0.9682362696403021,0.8879385160866626,-0.8741479795600985,0.9562833966611789,-0.9331542889272947,0.9473061142177195,0.9536837462066956,-0.9302262030512194,0.8788660324569789,0.958757229325616,-0.9143359058478532,0.618605537778591,-0.9638488375353277,0.9711895955173188,-0.9411329595745013,0.9699247707474025,-0.9760053528628018,0.9596098340470794,0.9852277436117518,-0.9250463896675208,-0.6574683561141279,-0.7622295998984722,0.9002808876440916,-0.8627331309239771,-0.9316742196716234,-0.8847622187446776,-0.9736463606746227,0.97012805395678,0.9356739932692348,0.9253226559361136,0.9972428378307373,0.9453925281927682,0.9712179137516909,0.9218482964890875,0.9515768895923048,0.9291512289948597,0.9618062925937263,-0.09774238646186972,-0.8943446819764593,-0.9639491562578563,-0.8983985171175799,-0.9738571621870468,-0.9716262474962724,-0.9913235058714913,-0.9524741347097985,-0.9447203631497667,-0.9596131608953218,-0.8833419265510726,0.8767647695968132,0.885915621152176,0.8306416118024046,0.6614229793787468,0.9704356139081882,0.56288656586127,-0.8410131444819515,0.9256555945763215,0.961330940457687,0.8799140202726703,-0.8267070561098326,-0.8624906088052791,0.3460750932774436,-0.9435651523947797,-0.9250717894954992,-0.6698066859557178,0.9930930401693926,-0.4965526522473174,-0.23335419551925995,-0.8102688772481925,0.04077267363067562,0.07521833352153592,-0.9713993411497083,0.9842950617069871,0.6537630213407002,0.9778759323455181,-0.9625212042001139,0.8938328146262132,-0.9556529018069778,-0.9743430859517992,0.952843015661478,-0.9358254450809098,-0.8260398453645197,-0.8395355272022409,0.9674793021346826,0.99664961148263,0.9329500582217581,-0.9271055040402431,-0.7938437768186326,-0.9445897390167032,0.9904869651226351,0.8937063575191414,-0.971243632139844,-0.9536780442316338,-0.561374765690054,0.43297946328553644,-0.8463624248115407,0.09750731432760226,0.9011175481955152,0.95972542328331,-0.9571795177023968,-0.9352436593358371,0.8576020866797031,0.9519456389888106,0.9014349658929537
