1.0000000032746452,-0.8486686175496118,0.5660019781055389,-0.8935273516993668,0.8436970292991727,-0.9774085669535829,-0.9725275396585962,-0.562888913170653,-0.9681453933519633,-0.9184459643760253,-0.9906780536241931,-0.992166226019576,0.9381628829207083,0.8659735391700901,0.7614571466673296,0.7171509350762186,-0.16569096334341044,0.9699203121387865,0.3276926481105677,0.9674721856599602,-0.32426582011800115,0.9678657489997817,-0.9215674219024587,0.9836592333701968,0.9082117053831598,-0.3237373537263557,0.825264299259265,0.9774838392986795,0.7751961918052206,-0.9734843156420493,0.5820704586702278,-0.969027933224258,-0.8468831868379021,-0.9464760545428831,-0.8066246786677826,-0.918042889971457,-0.8783456492921831,-0.8637588812567093,0.9451961165832966,0.917663887186234,0.718512097561909,0.987184485808719,-0.76240356946688,0.944555377074519,0.03404523076314163,0.9829497359998317,0.4954330294910069,0.1890133789473916,0.9888606998241318,-0.9535002230517035,-0.9698297328394736,-0.9334216213298919,0.9444471979260666,0.8877874628830068,-0.8887152653187452,0.17475295069745433,0.6627833341806435,0.9358740914476896,-0.8321407353694996,0.9924411123304273,-0.9942028088257429,-0.8963815280230026,-0.11556094665695725,0.7729772387152217,0.7491654893156959,-0.6681210759660962,0.9308576841853615,0.8848810636311338,0.9419965012078679,0.34909438542852245,0.9099445003096721,-0.9908733846114717,-0.158761728409862,0.9141953749128188,0.630825614272488,-0.9497918480420511,-0.7221906472144403,-0.9695578763774401,-0.7851210484730538,-0.9205593860499413,-0.8424392355571254,0.8789666872073589,0.9175133281790647,-0.4861011275062925,0.9591463195405036,0.968245070095277,-0.15566363416491372,-0.9271739205473694,-0.8554079921850342,-0.8528547797692052,0.8785529719575093,-0.8160201375609578,0.683341617677145,-0.5707803699865599,0.9467025063428838,0.1087485078749884,-0.8542665490804338,0.836237125635241,0.6843605039919517,0.9142700881008134,-0.6494444713912605,-0.7723458789957498,-0.9496421561778275,-0.9525098468980723,0.9945641230853358,0.9676323262496958,0.602040879886152,0.9518876898173346,0.7730627231121984,0.9754987168502671,0.9593825379645873,0.7937543725348583,-0.9955752719582673,0.8070372798178551,-0.9978153745489053,-0.9286708109871331,0.8526163996200996,0.996455489618953,0.0686795306468754,0.7513894801652813,-0.6733810242966054,-0.9014224600252545,-0.6159321328667331,-0.9493091510316887,-0.9875317526193652,-0.31797153261321753
-0.8486686175496118,1.0000000001326264,-0.7292000228185556,0.5208595872537917,-0.5128158952914273,0.8768501290851937,0.7895265126513562,0.44025806368528553,0.9181670823141851,0.590631210673203,0.9124753569569048,0.8918223923501262,-0.9380033860213101,-0.48899292763246066,-0.9879959602209291,-0.8702228416873614,-0.2627794174050673,-0.7712925485819835,-0.7410552754986457,-0.9513882387336411,0.04544622356320182,-0.9083149646128794,0.6197051334607006,-0.8967979928449232,-0.7782597678513755,-0.18222566369957618,-0.9897196447697318,-0.7191015145573293,-0.332799632765344,0.7734322604311771,-0.44197080712245584,0.7268322757351164,0.8160945183171773,0.6712020376008984,0.393114045862624,0.7658801912375695,0.821195371943563,0.620165457486708,-0.7309596738775208,-0.9677263473438038,-0.47612376039423965,-0.8934318299840237,0.31679082555686794,-0.6637298003825296,-0.2599043378249552,-0.7712751311116218,-0.012026998427096449,-0.40746752861772145,-0.771829555935329,0.7925292507549602,0.7575983873434999,0.7721434428251525,-0.6506740074483661,-0.5133747341379562,0.8929516496677039,-0.3447145120939527,-0.9049065352924159,-0.653953554776102,0.4272830018958926,-0.7902009646403308,0.8069337789940934,0.9473028799070693,0.3795478843090583,-0.38213402314168277,-0.34248259080362503,0.8357499950854286,-0.7606970019422014,-0.6237987942326985,-0.654946397159151,0.19332351328725753,-0.9803904273089744,0.9024149400383722,-0.06127628404797211,-0.5742132183054021,-0.2004242668083331,0.8068533005756768,0.44539233259612293,0.7665698522072194,0.34095327284780713,0.9696266267831392,0.447713218684032,-0.6158571628088978,-0.982700728281089,0.4246470937103541,-0.9522902166868632,-0.8739248735778714,-0.3176806433156612,0.9358282974122211,0.9653303018523238,0.9018804890148084,-0.7884883579816502,0.4092746276183166,-0.4704202200185644,0.1634098357763442,-0.7270150751419001,0.0028392327953580413,0.8445419528113768,-0.43503802155054877,-0.23198464246198322,-0.6607928769675713,0.16239002784996892,0.42557582833448476,0.6458176425445826,0.7179523965080824,-0.8243447223097096,-0.932277446225065,-0.19463045389461642,-0.7593813129198789,-0.3477688692896073,-0.899187682378126,-0.682256862994992,-0.8070230925774678,0.8132474599403722,-0.37549895106352765,0.8184138174887561,0.6862873624431335,-0.9026176690720157,-0.8083881466970296,0.42859480297172403,-0.33487428836740835,0.47857666627345585,0.9204019856259763,0.22018826059678837,0.9329838294767511,0.7782479121674394,-0.20627946137077627
0.5660019781055389,-0.7292000228185556,0.9999999995662715,-0.29820949205143915,0.47345198016249257,-0.4954303916419799,-0.6585110983278024,-0.7830774843598669,-0.5614123150256461,-0.461456841004254,-0.6275272213209763,-0.6591745853458311,0.5634045445668346,0.17390350388682707,0.7479551126736067,0.30964830494459056,0.4823696808191244,0.6325634286192808,0.8217509380627522,0.6982895444002333,-0.5192774503680114,0.693928977996043,-0.5373720329878492,0.6855847836622156,0.7952766624973541,0.0057509312554773,0.6679032982047866,0.47281324770233774,0.06239489112132372,-0.6253892597348846,-0.20632981655924293,-0.4533273939696871,-0.27154514968126675,-0.33790040447271635,-0.3339620367827384,-0.2540089153436373,-0.8634289776135816,-0.09880967066954136,0.5071951178039521,0.8026915401906444,0.7141534127453708,0.6888292724415598,-0.17224216910830503,0.5457969223018015,0.8239915053289091,0.5952314075814936,0.13176399829163796,0.9033893478248776,0.5363589598584184,-0.721388042580034,-0.6317346506190634,-0.7425849994275441,0.34656431592180775,0.23937210233672368,-0.4580065814346151,-0.17066108724030274,0.4631798781345394,0.5531589587047281,-0.31426918491972694,0.5350269559597381,-0.5832870798570328,-0.5116563189568782,0.22723699394254604,0.3650232747879467,0.3493262547108415,-0.3605908966357923,0.35738412955855564,0.13511523441962256,0.5184823971905347,-0.27329610799611737,0.6195038196631991,-0.6560801116681746,-0.45645059755772355,0.27956019580564734,0.29093139101957016,-0.6600799036543343,-0.6130214076951985,-0.6339187678856332,-0.10671710852467992,-0.7954989518749642,-0.3045254866822026,0.6483526766044699,0.7123817560496387,0.2190547631053216,0.7152740066507944,0.7499432308185373,-0.02802962855405424,-0.8082267219920556,-0.5705800232473464,-0.9061323834943208,0.836625736208975,-0.3525856674595569,0.30090787352610227,-0.3143744438539004,0.38584275544840335,-0.6848769852384587,-0.771050953697098,0.2479620646933553,0.2554643063192755,0.5872665151652602,-0.010029243508059739,-0.14009113763391956,-0.4146808175241691,-0.5819009857799139,0.49525581906277377,0.6443687180312632,0.37935559903621074,0.5818927472299383,0.31875272193428333,0.5367932601693216,0.49965354677870816,0.22168967079670443,-0.5161939572632258,0.219362594779936,-0.5587331220685764,-0.648937410382329,0.3954011561112666,0.5609223946978364,-0.13674232840694425,0.1412223860364004,-0.4160989418867171,-0.8153795976785214,0.08552401844401482,-0.5690188061754821,-0.5747215130624939,0.08268810445690075
-0.8935273516993668,0.5208595872537917,-0.29820949205143915,0.9999999997255351,-0.9297509948568656,0.8314308194791906,0.9011228310646191,0.5414990161247817,0.7815465114718247,0.9821878349831071,0.8242523820862321,0.8448536152443393,-0.715887487745338,-0.9825661096685829,-0.3907662626655206,-0.4155926739465471,0.48467856655053815,-0.9125385260322906,0.09927727742459423,-0.7543143943968309,0.49103967858007247,-0.7927898018223897,0.9627167034851427,-0.8275080634484246,-0.8065940207539015,0.6804498570970532,-0.4905206371568517,-0.9671793272548506,-0.9673489031732663,0.9163146501713835,-0.5576302960803871,0.9456115503911745,0.6698767702944036,0.9558757312768014,0.9686626063567239,0.8285392956493628,0.723763955311105,0.8640768617092067,-0.9074471724380256,-0.6602515739342514,-0.7600044741353074,-0.8356080638425004,0.9629914246202822,-0.9622904131755737,0.1596622377190499,-0.9324098237483512,-0.7928433145001895,0.03509605404912274,-0.940644329737914,0.8682604659524188,0.9230596122561063,0.8536260397783951,-0.9725430469187681,-0.9967697929563523,0.6728882428735634,0.018840179364756206,-0.2983676994465864,-0.9559154509921046,0.9817938525020735,-0.9305997573086829,0.9198454157230693,0.6403716264572158,-0.14183068647950423,-0.9264642769712609,-0.9215894146473238,0.3639289133410786,-0.8532690990723423,-0.8955108197110271,-0.9659815229584529,-0.7261507529082112,-0.6353389732343362,0.8337443867862713,0.31588988541582785,-0.9867181174504945,-0.851947401829488,0.8508695217387043,0.7927245246249938,0.9158559647202104,0.9771835057741259,0.6633060159856795,0.9812697665873088,-0.898743470135551,-0.6460280716599124,0.4166171793606484,-0.7394454684784967,-0.8220542335350677,0.523712673415057,0.7040230522806644,0.5588855724896205,0.6124438398148456,-0.752169696194341,0.9702831288337854,-0.6984017689787223,0.7874406057618683,-0.9081537072350964,-0.17251348885389842,0.6661539234657431,-0.9817478369496627,-0.9102016087084198,-0.9177078019650479,0.9116070280631609,0.8811791350817286,0.9851383459715053,0.9301117160708408,-0.9054584230218012,-0.7713485093331196,-0.8107351027256626,-0.8943109408092805,-0.9544059179427049,-0.8095065413952556,-0.9703529544917998,-0.5916644050432684,0.9167854710632446,-0.9844457046720716,0.916021113454984,0.9181353367567221,-0.6067007681594973,-0.92231806773413,-0.47623860677992236,-0.930703741368313,0.6866639767633491,0.6763897309306821,0.802186275155332,0.7382885217945837,0.933423359766824,0.6908497144833322
0.8436970292991727,-0.5128158952914273,0.47345198016249257,-0.9297509948568656,0.9999999988569431,-0.7188795534091666,-0.9228149545314847,-0.7938116313783937,-0.6827151074193366,-0.9685815873201117,-0.7815418529549666,-0.8277353516377933,0.6066973388576892,0.9025646500065454,0.4120845186958579,0.26928743497412355,-0.20457014625069875,0.9366005444723204,-0.007905596214779037,0.7418641075899541,-0.7197120022232257,0.8233051746816987,-0.9628815473015396,0.8355292580931016,0.8391247672452555,-0.7463504828921393,0.43396036144345546,0.907656852642181,0.837987789064476,-0.933691993827462,0.24359308533512838,-0.8378887476849454,-0.4644696942098347,-0.8185861300402857,-0.925842159576434,-0.6522670426584287,-0.832007012528526,-0.6562532744622104,0.9416977542809103,0.6716091453091764,0.90867581432886,0.827659828107982,-0.940074551513068,0.9561951372083576,0.1341233709075318,0.9100321952659173,0.8620870262011654,0.24088804648446538,0.8825833630489904,-0.9124133737188298,-0.9129735543768196,-0.9181406863236046,0.9240667067671788,0.9101958064183993,-0.5082045928915481,-0.33694605030071095,0.17363873876197158,0.9280592430919901,-0.9684263871521579,0.8645301722737256,-0.8799876947988516,-0.525406367906367,0.38223951578807147,0.9885312980353447,0.9803619982210762,-0.16468634626709208,0.672592458312462,0.703532649877281,0.9701599660046321,0.5997433272407252,0.5708513485474228,-0.8157577663231619,-0.6049319519405117,0.8663731308527166,0.9428011026065651,-0.9166222519028554,-0.9547424778077073,-0.9361974112337471,-0.8769287929556853,-0.6734647134969134,-0.9732314376904755,0.96815925160356,0.6047222066989998,-0.0842335729733095,0.7063425041606819,0.8377252577555122,-0.594253404521251,-0.7608813986279064,-0.45358534433650305,-0.6714384381482735,0.8675501106363711,-0.9346829470762122,0.4720824397151447,-0.9216895925762997,0.7523016244106518,-0.09703708900269965,-0.8071505418986835,0.9591798437375048,0.9440116135811178,0.9827790146250824,-0.8780359045281291,-0.6637529981133277,-0.945406169701648,-0.9637216155705612,0.851065166306489,0.7725553469518445,0.925046616141262,0.9424053202235526,0.962872759392621,0.7060776012971102,0.9536014574593372,0.3823544759477588,-0.8735453083286875,0.9358669574373667,-0.876905783982411,-0.9468135927140696,0.45092730383609764,0.8825995905210633,0.4953564985814734,0.9363524747052568,-0.8685326586450568,-0.7660667536282714,-0.5455252707777555,-0.6333003590160131,-0.8924725914035726,-0.7243475445907277
-0.9774085669535829,0.8768501290851937,-0.4954303916419799,0.8314308194791906,-0.7188795534091666,1.0000000003283627,0.9038616850383075,0.3900867216226763,0.9947411136662564,0.8353582861255661,0.9812969240939899,0.963713035923063,-0.982105207153013,-0.8120243173854778,-0.7934401529589489,-0.8255286485095941,0.2064838871450451,-0.8970739639926243,-0.36542344155016687,-0.956979461416881,0.12810961172087376,-0.9260764050576092,0.8357674983493447,-0.9457828722979019,-0.8415755889628455,0.16561584765761422,-0.8816775296350511,-0.9346883137369948,-0.7300605835932181,0.9037433821616597,-0.7105835532221305,0.9536319679399067,0.938235511068608,0.9405888071901312,0.7179093371424902,0.9658177212022876,0.7922257947791713,0.907680912675259,-0.8683204118256794,-0.9082350871933809,-0.5681106712901525,-0.9548586112257451,0.6619620706496698,-0.8672790860597364,0.07736790469793788,-0.930108328372968,-0.3389924998869851,-0.08337851265591827,-0.9538196931735322,0.8771898022590692,0.9093412472003415,0.8462889965592711,-0.8918926032524453,-0.8352128304518129,0.9632280664098963,-0.37814112992850807,-0.7771561212574659,-0.8679838094180862,0.7332697338266113,-0.965153893842267,0.9566494262428111,0.9579185153297115,0.3088649311549577,-0.639452485184887,-0.6132317137243145,0.8019827123403701,-0.9718143362588249,-0.9156561330419921,-0.8593951037137835,-0.28269233260438115,-0.9488111974065255,0.9660670568850435,-0.050344236565878546,-0.8852212416827685,-0.47402228100348154,0.870687595766229,0.5608177422716843,0.8972316602756671,0.724266399284073,0.9117815425327283,0.74435237865398,-0.7656808483122168,-0.9404151558804876,0.6427228423315383,-0.959847236450733,-0.9218499583738065,-0.00045305649978994854,0.8855570095542803,0.9247880595215834,0.8154357493309862,-0.7815575074753365,0.7251089966160461,-0.7322272518319697,0.3977659014160706,-0.9621130007370815,-0.23571345771659433,0.7688514435817783,-0.7454841096377556,-0.550796538475339,-0.8087549945308697,0.5478412059669371,0.790149361047226,0.8875863738578998,0.8675578488626092,-0.9719948554037481,-0.9479656623301342,-0.4361310744336436,-0.8712673931219607,-0.6573781872288265,-0.9984595633789703,-0.8902570295250625,-0.8996932089963996,0.9637512710333718,-0.7210831143574427,0.9630900510770882,0.8407023923740176,-0.9370375219214413,-0.9596087907174329,0.0644082997377189,-0.6464204971992349,0.53180245371025,0.8464726518633241,0.6457957698753699,0.9869926602276032,0.9449217928083148,0.1732619405004914
-0.9725275396585962,0.7895265126513562,-0.6585110983278024,0.9011228310646191,-0.9228149545314847,0.9038616850383075,1.000000000371589,0.7349676508735961,0.8959528829116105,0.9552538786837559,0.9541581248038501,0.9767372239350472,-0.8515243435985392,-0.8534307942685786,-0.7047012430750599,-0.5576696656180494,0.10191982574172927,-0.9989504561936335,-0.31726483209331635,-0.9369351454338695,0.5315805760491326,-0.9645038361078615,0.9676985473454852,-0.9780473510154757,-0.9576443103993882,0.4574727265870342,-0.7389139376656426,-0.9689332646396233,-0.7631832660321249,0.9989410340848957,-0.39351300848042103,0.9376189019341602,0.7009686170220062,0.8990116558352076,0.8576278435990637,0.8065196090153246,0.9452490189369605,0.7528398714378851,-0.9634893088350684,-0.9004163611568871,-0.8587096535370704,-0.9788123187799634,0.8077318406342695,-0.9794426692722433,-0.19949277732301382,-0.9924832535704483,-0.6195957514631568,-0.3401362172094199,-0.9769431905613175,0.9956315956587071,0.9924134402132925,0.9893985904668322,-0.9332241191063434,-0.8808216439216175,0.7717155462558558,0.043384230764517966,-0.5181633542682635,-0.967044105534785,0.8816886973687014,-0.9722289476542756,0.9859952961230025,0.7883227053842402,-0.1097841113875871,-0.8610888044964794,-0.8425542030617328,0.5046747296269599,-0.8409681405613878,-0.7880045122519748,-0.977562592632308,-0.3800631922734552,-0.8291633010610294,0.9708645516489305,0.3816733343234125,-0.8881448545590184,-0.7511806864680979,0.9820186687470746,0.858650771535702,0.9991684733792755,0.7894942796784921,0.9014430570821704,0.8867833020986462,-0.9619045085639234,-0.861807450698682,0.2792832473267001,-0.9235432412825108,-0.9820589518827791,0.31438431222729213,0.9375363558915848,0.7486081589802445,0.8810825548076814,-0.9536353015098487,0.8689546183550236,-0.6240354053832081,0.711626012954567,-0.8837629612737307,0.0849752830742891,0.9026752692183528,-0.868658104891105,-0.7784029350494029,-0.975393898744472,0.6939016865088812,0.715571878956518,0.9563080289105288,0.9899964376656967,-0.9596825951342137,-0.9377836141395919,-0.7434245071221366,-0.9801065011930752,-0.847016474581045,-0.9047923388123048,-0.9786193856454343,-0.6315916760977888,0.9719680406171841,-0.8408529497458938,0.9820685356417441,0.9836213635410508,-0.7176513273050824,-0.9840283490579723,-0.2029788594927115,-0.7921915619571288,0.7604983514251197,0.9243887985056937,0.5472138236300155,0.8685504480137427,0.9858106890253178,0.4341851751086249
-0.562888913170653,0.44025806368528553,-0.7830774843598669,0.5414990161247817,-0.7938116313783937,0.3900867216226763,0.7349676508735961,0.9999999992548995,0.4037007949275017,0.680978291575422,0.5466890428941767,0.6183555412738665,-0.34436882562577326,-0.45703258872361596,-0.41469589188376094,0.014746015821961809,-0.2876980527895483,-0.7359563657024493,-0.31858903006803013,-0.5743632117722633,0.8977793200914815,-0.6675672308093962,0.7222774158262552,-0.6560645949120514,-0.7705414327405997,0.5587632610234492,-0.3225711275985528,-0.5786520715316159,-0.35961161014559306,0.7243826102964128,0.3300866526881945,0.48503026690066703,0.05324284289305594,0.40135504301394814,0.6152316137048225,0.19593980479052,0.8512866905623555,0.12771126143574707,-0.6887250134708209,-0.6029092240981657,-0.9419520576283172,-0.6414435421048476,0.5709572355951517,-0.7058830559282622,-0.6972240333848122,-0.6626159196721433,-0.6557799510013805,-0.752788502195253,-0.5850632129248229,0.7800704187227893,0.6979738820323481,0.8168198785519103,-0.5462670802631336,-0.48616363175066885,0.19421560035279536,0.6452267452278013,-0.018551440438626148,-0.6782590651052166,0.64429163059555,-0.5619026856768418,0.6140544012387251,0.25851043111168764,-0.65328879289691,-0.7560780731238494,-0.7506179713450919,-0.08305982302541429,-0.2636574738445835,-0.18836811942548667,-0.7098186782104337,-0.1729957462627233,-0.3766311886093953,0.6056765674719997,0.8685369704350863,-0.4383280246857842,-0.7590388286210034,0.7617093765840732,0.9332584898892305,0.7348410267523781,0.42868521954642164,0.5986181385431832,0.640444535639722,-0.8421119852355831,-0.46640969554473793,-0.4450793126696758,-0.5454516871833669,-0.7052620436171381,0.5242475770544728,0.7053473186381441,0.24941204879402779,0.7152696463344671,-0.872912676735918,0.6322162459875194,-0.15235904326264113,0.8030141577518698,-0.35720681401717563,0.6487096122543896,0.8040459210043693,-0.5925863880995776,-0.6869535597794235,-0.8016538737194434,0.47680544313974643,0.20088132768493674,0.6052874902245866,0.7467083788785875,-0.5313762965825548,-0.5793680960672778,-0.8169232945950593,-0.7335401859861784,-0.6821488401950296,-0.40609379374656523,-0.6653574393218128,0.02559084981135147,0.5685856759078679,-0.5583261352416602,0.596007670071954,0.7781687450704128,-0.12854643351947032,-0.6030029987465022,-0.3621821017681515,-0.5688759943082135,0.7775342106455522,0.7423705560330006,0.02857617275476048,0.36854980335081294,0.6240092952994464,0.4838683097180222
-0.9681453933519633,0.9181670823141851,-0.5614123150256461,0.7815465114718247,-0.6827151074193366,0.9947411136662564,0.8959528829116105,0.4037007949275017,1.0000000024730011,0.7995930196659045,0.9850570928100764,0.9661948392152542,-0.9947544914502314,-0.753552741199049,-0.8466688462244742,-0.845988353918616,0.12743032747612837,-0.885391512896129,-0.4587694326326446,-0.972706957529008,0.11394691308500658,-0.9345887000695753,0.8080404110630552,-0.9509987266102203,-0.8521679006084888,0.09277510382894942,-0.9228525230929119,-0.9074690601890201,-0.6613310914747873,0.8915159976728508,-0.6709901313507245,0.9292595617013242,0.932781210610547,0.9057884981553136,0.6682487169701871,0.9412809447453215,0.8139632133936655,0.864372017550892,-0.8456756292170957,-0.9402929388230665,-0.5617022367478275,-0.9601441905962151,0.5969736736579071,-0.8419814027191493,0.0030189428394865395,-0.9156990007333562,-0.27260203403406574,-0.15791924716213812,-0.935666353390467,0.8763188585051624,0.897627132402892,0.8468561190170919,-0.851692096718229,-0.7815539491794904,0.9726600861793883,-0.3919879030360974,-0.8205976748815175,-0.8444581960818531,0.6807415710619198,-0.9487939786498886,0.9444374308929684,0.9741877798888329,0.3276454679977691,-0.5912330358194483,-0.5630753488859612,0.8323111110526651,-0.9529447337572743,-0.8716487509448634,-0.8309144141614832,-0.19290872831777817,-0.9727826355621126,0.9697383146974978,-0.059173931455096605,-0.8390818148176368,-0.4197366323017658,0.8662676788034822,0.5419705896859828,0.8853465565395925,0.6570499276298235,0.9431159196947085,0.6915763234602036,-0.749351448023333,-0.969617355947719,0.6155142825572489,-0.9791888285323854,-0.9314345415000964,-0.06080121938327874,0.9109316894264681,0.9533796622528803,0.8556620309413899,-0.7971815639511675,0.6769598506622957,-0.7157199150134159,0.34819489943565973,-0.9381193585599313,-0.17842183668200218,0.7882207945066417,-0.6885118232614954,-0.4918596169656787,-0.7876436570306589,0.47045769304995666,0.7423328551492298,0.8509153754160786,0.8481424878685689,-0.9555567313736761,-0.9567265513731189,-0.3912916652714274,-0.8559511616056296,-0.6041513762334872,-0.9987827509891307,-0.8617336616644417,-0.8975613361662127,0.9470169361772945,-0.6607882833750963,0.9496964377192024,0.8267182108914582,-0.9477632607360111,-0.9454873346578075,0.13450335160396715,-0.5814295981289935,0.5079437893474288,0.8730459013871854,0.5828061895252727,0.9976358679592144,0.9298723161402336,0.09412086413751487
-0.9184459643760253,0.590631210673203,-0.461456841004254,0.9821878349831071,-0.9685815873201117,0.8353582861255661,0.9552538786837559,0.680978291575422,0.7995930196659045,1.0000000025682818,0.8615298533582895,0.8916157685939282,-0.7344995455470722,-0.9441229856203471,-0.47432442555634646,-0.39970514987078387,0.3439646023338571,-0.9628651501106271,-0.03533607301461286,-0.8102746099287923,0.5960460818551174,-0.8552669297031046,0.9954342147251484,-0.8835973836858868,-0.8892961538464069,0.6691017865874227,-0.5431527389683757,-0.9757532768511123,-0.9068697548133492,0.9640711508286338,-0.43359647229016235,0.9431414391854717,0.6287061563821121,0.9303281531622042,0.9664491306931313,0.7846878130121216,0.8331038482687085,0.7917838167249388,-0.9402186463547423,-0.7409170204909413,-0.860160077839218,-0.8891995307539673,0.9399745012823516,-0.9940655208480176,-0.02695655023423666,-0.9676225597724002,-0.7947805721384076,-0.15234006804330646,-0.9595256073495266,0.9379424404016221,0.9672187235730325,0.9315471694920104,-0.9639476652684605,-0.9667191700694303,0.6673479695662171,0.11193693790336404,-0.3153061750397687,-0.9856144670046696,0.9800104123466328,-0.9477333049081907,0.9495041880859915,0.6521765077194764,-0.22669642101729645,-0.9498019260426914,-0.9430776805390272,0.35018955408025215,-0.8248676179383949,-0.8306370132391782,-0.9951552000752794,-0.6353443057235252,-0.6730755643930754,0.8799857260118046,0.4311520883455994,-0.9560411959636121,-0.8762461074803798,0.9145140397321623,0.8780989489130603,0.9657543211739331,0.9285103532965556,0.7423977532112799,0.9782551045651764,-0.9646090520689728,-0.7026762303488887,0.293378232811757,-0.7951481779977299,-0.8909779240873953,0.5288563127078357,0.7927556815441303,0.5848543146424752,0.7223306278495971,-0.8581347313470438,0.9718887435999765,-0.6670809913390839,0.8268583643498133,-0.887577592934526,-0.005303130478344092,0.7676362736371034,-0.967184591394479,-0.9154028445280652,-0.970694288789134,0.8663774505870067,0.8188560235983987,0.9889580937828477,0.9745667764940703,-0.9181123165296471,-0.820670771787257,-0.8555599411805094,-0.9415616801513065,-0.9605494637137798,-0.8221048267469272,-0.9917914920283475,-0.5449572380538741,0.9347181800172253,-0.9621748618665245,0.9415839740067441,0.9741661750706954,-0.5947587310762845,-0.9481697583177886,-0.45019341685614717,-0.9083604626555902,0.7463112189624186,0.7736098707534783,0.7047130595594309,0.7578142344878708,0.9617489794373068,0.6613771093896544
-0.9906780536241931,0.9124753569569048,-0.6275272213209763,0.8242523820862321,-0.7815418529549666,0.9812969240939899,0.9541581248038501,0.5466890428941767,0.9850570928100764,0.8615298533582895,1.0000000000466163,0.9957405403472863,-0.9672676858526442,-0.7927807803844521,-0.8414631251437874,-0.7762462298787068,0.06598320605165355,-0.9470175798319183,-0.4463971204066894,-0.9917711496908841,0.2626000002757035,-0.9795697605367761,0.8721296050028177,-0.9898343302184899,-0.904736438442829,0.20233617634410278,-0.892777955582632,-0.9403584172277923,-0.6849118354105808,0.9504198285966141,-0.5645620643620116,0.9375170010371531,0.8650606793492622,0.9053467102693354,0.7261646056401141,0.9059976490077616,0.890117398397924,0.8268448750688193,-0.9147164083803622,-0.9587519097359994,-0.6784464717659608,-0.9925803034245055,0.6688377998638441,-0.9009270837804163,-0.09493143409441443,-0.9583453631526074,-0.38452160910122585,-0.2525872283003934,-0.9632865316404564,0.9406939104263985,0.9452598604183008,0.919875623884677,-0.8948372942127216,-0.817365231168647,0.9183981544223954,-0.22844374254895772,-0.7454348323444127,-0.8931042670469108,0.7521527868354351,-0.9708093878192752,0.9761252259544593,0.9363198782574984,0.1861316519807503,-0.6933750260461654,-0.6652702749259248,0.7339523564722431,-0.9173681392253524,-0.84412773385327,-0.8956860582178782,-0.22179236279223674,-0.9549657359016859,0.9972561824763237,0.10502584418611076,-0.8549265222799316,-0.5369926770813189,0.9387498806953218,0.6707793055172431,0.9458133113456489,0.6942202952349068,0.9613200848130107,0.7645057370264474,-0.8378106916482534,-0.9625264065179648,0.4870212687915656,-0.9869721081784277,-0.9736744291367719,0.04089443699789969,0.9563824018580684,0.910071052942487,0.893263073756688,-0.8814185140202981,0.7374009333709383,-0.6576847727691935,0.4803453841254232,-0.9209958396304712,-0.07913183275694277,0.8733559579967889,-0.7559850795558671,-0.58766757782703,-0.8745202339381333,0.541226442353345,0.7111108863505092,0.8989260438291611,0.9190860823360111,-0.9791223330156181,-0.9853291924484242,-0.5144753542480608,-0.9278763887212701,-0.6865952542635597,-0.9857752071356783,-0.9161795688286307,-0.8209117964946209,0.9772164751205912,-0.7197127533002847,0.9810308138287447,0.8949860776357579,-0.8909517330617445,-0.9776554855745646,0.0543753880931054,-0.6625801251549536,0.635380593687156,0.9314490116530068,0.5375698417575389,0.9745862258843613,0.9639321292852313,0.19176708598111344
-0.992166226019576,0.8918223923501262,-0.6591745853458311,0.8448536152443393,-0.8277353516377933,0.963713035923063,0.9767372239350472,0.6183555412738665,0.9661948392152542,0.8916157685939282,0.9957405403472863,0.999999999995051,-0.9411966173282867,-0.806741263858974,-0.8189578245026883,-0.7181981688648899,0.05478876423496137,-0.9708272402226691,-0.43065143942068446,-0.9877304856812277,0.3497990830805022,-0.9875092531047862,0.904557541370504,-0.9974844292865357,-0.9319787692867787,0.2701208967319285,-0.8610993732685293,-0.9518715668620856,-0.6994975786314604,0.9729408324238017,-0.5029466141430222,0.9393303954919922,0.8176357257586686,0.9023175438874057,0.7626616003030784,0.8760187180090866,0.9223806759538494,0.7994919594860888,-0.9360738589499785,-0.95666085691427,-0.7422328669626688,-0.9990837313624069,0.705430039642815,-0.9288243199948206,-0.14825906298073463,-0.9749426869567098,-0.4494078889795555,-0.3019286696558113,-0.972092657426462,0.9676573714685234,0.9663569856467651,0.9518402981663232,-0.907257978752051,-0.8328377370320229,0.8802839253843262,-0.14190989484287464,-0.6887407541102509,-0.9190241547543704,0.789062381526217,-0.9761043876352603,0.9855289797818467,0.9009070249389072,0.09589102435563196,-0.7442588785365137,-0.7182318691156313,0.6717953134731768,-0.8948439980166233,-0.8226300716195151,-0.9244315532503242,-0.2518992062313861,-0.9292226235028288,0.9995326740150144,0.1959423437352223,-0.8618306957865797,-0.5999668664519209,0.9626238682606746,0.7353847751142358,0.9698505849089852,0.715156718903071,0.9586572841734826,0.7996065529059221,-0.8824641643641995,-0.9457719379254,0.41510878059900486,-0.9801331736588903,-0.9879315343744349,0.11436438696802473,0.9664641656705536,0.8726645492117309,0.9068880128571618,-0.9179200501295012,0.7745344907780604,-0.6435131837564452,0.550044784345935,-0.9100481634088263,-0.013742318890462636,0.8988850585176539,-0.787050628773883,-0.641502195048987,-0.9119577345793495,0.5783017847393623,0.70427866307935,0.9177369947035405,0.9473433094184945,-0.9788980412410079,-0.9828391540512121,-0.5837726796011332,-0.9519676882688305,-0.732517308291574,-0.9683739217573323,-0.9386981833716287,-0.7660739068182868,0.9814647031957466,-0.7513827435539566,0.9877830641159789,0.9287357808686931,-0.8453848450480593,-0.9857887864988248,-0.010070468782172005,-0.697514647065279,0.6814898540332007,0.9461216998333251,0.5267686032358064,0.951267081704163,0.9762328441302436,0.25360325741961554
0.9381628829207083,-0.9380033860213101,0.5634045445668346,-0.715887487745338,0.6066973388576892,-0.982105207153013,-0.8515243435985392,-0.34436882562577326,-0.9947544914502314,-0.7344995455470722,-0.9672676858526442,-0.9411966173282867,1.0000000002332288,0.6882185301978465,0.8768433504195309,0.8846421532407921,-0.08644119685781007,0.83782370458258,0.5180326534722203,0.9622653280600763,-0.03249187076084147,0.9106896151397467,-0.7459241357069958,0.9251625193387175,0.8170318998162487,0.00863335129699651,0.9515977982295483,0.8600039633804838,0.591988291957524,-0.8445292476108572,0.6806991050364826,-0.8912042326177645,-0.9455757584272741,-0.8657307217294308,-0.5930660597539666,-0.9279362692886145,-0.781909121643672,-0.8393577099424598,0.7937022892664474,0.9393012600584253,0.49325251152271365,0.9352563778088294,-0.5132652348455581,0.7841194473035549,-0.00011750437592952028,0.8718366918019902,0.17307531388495281,0.16030226181207927,0.895368046375358,-0.8332273375491911,-0.8523469878880252,-0.8013048298611147,0.7963657834999462,0.7176010677391361,-0.9863726316051502,0.4618159358400903,0.8732995749359227,0.7895264264326451,-0.6026106701575726,0.9121096467627829,-0.9070009956567213,-0.9894115200383813,-0.40374655765331674,0.5062872681126166,0.47605839143311884,-0.8816263466804012,0.9374130052963506,0.8413284362303921,0.7704645814326645,0.10972044502084959,0.9848769611265442,-0.9469297085727789,0.13675060845712012,0.7855819956981454,0.32549002213907513,-0.8231122974596615,-0.46515522646052254,-0.8375387689540937,-0.583517033087971,-0.9420403596929969,-0.6142972518141138,0.6856524284191302,0.9779961555316113,-0.6426285882002748,0.9733669453175133,0.9037811192608943,0.15476708899518424,-0.8964236655644556,-0.9783947774169913,-0.8493653415681415,0.7582861272056864,-0.6019383831190233,0.7019690784790769,-0.2529503517061501,0.910509016865549,0.19091188997535122,-0.7598137838031835,0.6118881212113758,0.40068333992109634,0.7254419451398173,-0.38167516832954534,-0.7020812651397643,-0.7929168328132817,-0.7929940112762175,0.9226281712875034,0.9407951412450479,0.29867023307798457,0.8061565116791696,0.5202884183703911,0.9893555629827494,0.805543170472604,0.9190150751739935,-0.9105494023019121,0.5826752113510044,-0.9133581469363838,-0.77153040775351,0.9683947025375279,0.9077513087003902,-0.22528882966182395,0.49888136550903905,-0.4423613101161221,-0.8562349198823758,-0.5403282184919734,-0.9993739954420046,-0.8887974338353699,0.0063581469459952486
0.8659735391700901,-0.48899292763246066,0.17390350388682707,-0.9825661096685829,0.9025646500065454,-0.8120243173854778,-0.8534307942685786,-0.45703258872361596,-0.753552741199049,-0.9441229856203471,-0.7927807803844521,-0.806741263858974,0.6882185301978465,1.0000000016394133,0.3617011587522518,0.45296237619327506,-0.4827321733013623,0.8709648729965093,-0.18571404985352977,0.7187687163878256,-0.3981719983848839,0.7655756940864523,-0.909131128935876,0.7911304547331411,0.7097569016499021,-0.6602851864768234,0.4593996431290968,0.9380174061865184,0.9677048589946171,-0.8752018337277956,0.612728774535182,-0.9060449730173817,-0.6823364455753929,-0.9336470732889527,-0.9175094323366827,-0.8461084442368276,-0.643554880872574,-0.890576150618973,0.9071452958780324,0.5998892437651173,0.6665020820675577,0.7905762392589825,-0.9618098610576905,0.9139114430870633,-0.2830660258477257,0.8856818414468514,0.7699858311676098,-0.1597124198766648,0.9014756598093013,-0.8071129357688137,-0.8643242656210873,-0.7878949829436251,0.9782935603291765,0.9928950781459692,-0.6511035103927931,0.000501367242967764,0.29625177477074205,0.893454933494527,-0.9585269741440103,0.8932700574762327,-0.879365935319744,-0.6325312560303835,0.05997794816515758,0.9041988472615407,0.8940470009504048,-0.35219943555043753,0.8287738299713127,0.9155895046127613,0.9298705704732623,0.7245405885012706,0.6159537457527754,-0.799135988091368,-0.2459230188688089,0.9690711675007285,0.8246250161432167,-0.8252688374542533,-0.7348454935112938,-0.871053987102062,-0.9748009278926433,-0.6056067513559676,-0.9689262752623836,0.8313167163814423,0.6017826776654259,-0.46551299189973305,0.6893628656117159,0.7589965635381324,-0.4600599255310579,-0.6520602457601261,-0.5378499115146378,-0.5167077610593416,0.6766586452535455,-0.9191025393566262,0.6052165650246177,-0.7603090665483265,0.8744575413371968,0.31739546019065523,-0.6402181786091602,0.9815342970077765,0.8802879115383246,0.8824873119009085,-0.9289267945076813,-0.8397962810320257,-0.9676134448622284,-0.8981246984617847,0.8964868427879122,0.7568048514989281,0.7586372939550775,0.8787752609174876,0.918824795936739,0.783989461831197,0.9394851145405657,0.6194626108942728,-0.9017012060065943,0.9694962950637226,-0.8879417314428669,-0.8511566722717089,0.6148809582451924,0.890640831318849,0.42610331939804424,0.9575755039635925,-0.7197608530925758,-0.631537543151392,-0.7788910533401002,-0.7088533332708331,-0.8885046846978776,-0.6802481726427939
0.7614571466673296,-0.9879959602209291,0.7479551126736067,-0.3907662626655206,0.4120845186958579,-0.7934401529589489,-0.7047012430750599,-0.41469589188376094,-0.8466688462244742,-0.47432442555634646,-0.8414631251437874,-0.8189578245026883,0.8768433504195309,0.3617011587522518,1.0000000003612377,0.8529904738142683,0.39847433172091135,0.6843285838925935,0.8152724332121057,0.8981060293095291,0.0058464073448249755,0.8528246557267105,-0.5088744228758493,0.8307951918208895,0.7035822174847548,0.29537450694519346,0.9748841446184586,0.6091413865959937,0.1873779468081355,-0.6851336098395692,0.3486631890334559,-0.6128261730323362,-0.7437883487617666,-0.5491397272219573,-0.2586453362160822,-0.6696531668351141,-0.7753133117954449,-0.5040125829832826,0.6477731175697441,0.9310870465101333,0.4031928372007261,0.8226845163382295,-0.185851671007165,0.555919465045291,0.33258537696125856,0.6740134356309135,-0.10413140473491286,0.4689082954626317,0.6690646489348565,-0.7148064207388783,-0.6612200968501226,-0.6975977419105738,0.5401860040287376,0.3823940565532803,-0.8279314727853401,0.3301278089280532,0.9073889804562094,0.5417731260445219,-0.30054773944480084,0.6894397044986933,-0.7124914897201162,-0.900036309773994,-0.40477103218485444,0.2715750235251553,0.22869187915287495,-0.8111368730991946,0.654963116599908,0.5045359546952958,0.5487123331378446,-0.3398188512215941,0.9422959633471474,-0.8323418552734766,0.08191374130314275,0.4430142962118957,0.09158955850590704,-0.7398993634436642,-0.37084985498182665,-0.677850387203248,-0.19843919706049695,-0.9327707302563552,-0.3245365088176277,0.5231217062265946,0.943675184814013,-0.3488848404288698,0.8968728021461857,0.8052399171932182,0.4204181064141206,-0.8973493831889673,-0.9321195244753048,-0.8707497868829088,0.7372485319916742,-0.2767785925364209,0.353366355571596,-0.06814493223601695,0.6126903129454079,-0.05261308031084038,-0.8200529271279414,0.3101051488560875,0.10794879679585022,0.5713372389734637,-0.028543733081309135,-0.28345559314170704,-0.5316843502548686,-0.6266755964266884,0.7348407452544342,0.8791497312151938,0.09245452954730791,0.6806700368886653,0.22117657619462924,0.8215076573451032,0.5749623930333556,0.7474413709335674,-0.7220586506391774,0.24039476334788035,-0.7268911449619369,-0.5899946535003772,0.8532574262565239,0.714651339354113,-0.5379712980108751,0.2174910840749202,-0.4359495904029687,-0.8905652792645283,-0.07158600659052752,-0.8683402743124111,-0.678899298871246,0.3264143395483779
0.7171509350762186,-0.8702228416873614,0.30964830494459056,-0.4155926739465471,0.26928743497412355,-0.8255286485095941,-0.5576696656180494,0.014746015821961809,-0.845988353918616,-0.39970514987078387,-0.7762462298787068,-0.7181981688648899,0.8846421532407921,0.45296237619327506,0.8529904738142683,0.9999999995242934,0.06462657328966445,0.5459883950145316,0.5158338671930632,0.7889324099623355,0.38854503315937644,0.7146683526938268,-0.3925661052573138,0.7046981748681937,0.4684420559790031,0.3662731655299654,0.9109376248746762,0.5860137153853537,0.3193930306454149,-0.5546169874756358,0.7454131669361876,-0.6246834131987737,-0.9269241352962712,-0.6247061442205014,-0.2128442915300397,-0.8371005072855463,-0.4781762919341306,-0.7330128482825775,0.565152738601412,0.7546222052783456,0.07353534266388917,0.7010627245533944,-0.20179741370505871,0.4504241652864975,-0.20072911107994387,0.5784048213380671,-0.19760279798199168,-0.057429183973853284,0.6237389945891243,-0.5218871143219658,-0.5349380838489023,-0.47714134022130955,0.5648392156402052,0.4462397567467645,-0.9077916024345205,0.6724425808872033,0.9648929697491349,0.4389472772409229,-0.26289523663638226,0.6537295356720491,-0.6418967418392424,-0.9419721742313028,-0.753097957681941,0.1567327188081008,0.11274884244990359,-0.9420478478326083,0.7637128774332147,0.7069397958958605,0.4517782726121927,-0.17244243701106468,0.908924327602565,-0.7367019673894338,0.4891124735958786,0.5166104954844327,-0.04756525268387035,-0.5764519665259396,-0.08482014943139125,-0.5390777799722456,-0.2942897201085501,-0.7615806482683338,-0.2960327376476853,0.30968955311958773,0.847179982553042,-0.7543945722824432,0.7873343798914562,0.6319053333993382,0.5543613688133844,-0.6883868522184685,-0.9399857550518564,-0.5934023832250184,0.4431375555913651,-0.22172776786889845,0.42863073617190445,0.11574156245310839,0.6847200435613429,0.46480157806418126,-0.5673416512954426,0.3170341323653752,0.024946065650848975,0.4083713494028932,-0.09698406376113611,-0.43651917542173074,-0.5119271623547664,-0.49784794044609226,0.7263740097715609,0.7894798191164186,-0.11041375906449147,0.5569194460171608,0.14753579336666509,0.831898950064944,0.5063470553642311,0.957386989899461,-0.693408463498931,0.25821748285982987,-0.6733905377343447,-0.41542946568761024,0.9670898508556043,0.6573207192479628,-0.5867845482318444,0.24323307130520475,-0.2625943232461203,-0.6577956900521527,-0.3113347098205704,-0.8698317214742723,-0.605538096851165,0.3452643635129011
