0.9999999992910706,-0.9191884851692524,0.8928788989865829,0.8087995170944623,-0.9486184931239727,-0.8529797188728415,-0.6192580799178534,-0.9818120987358532,0.4243554015527627,-0.9185674673814316,-0.8857030207574746,-0.9266946852283791,-0.9458113277542777,-0.9409093896939964,-0.8310760138895632,0.8971275950882552,0.8715992277807402,-0.6674132665599651,0.9033788083384682,0.9186084553107157,0.8473565238003095,-0.8894752491720443,-0.9733361026854849,0.8081939658229825,0.9928457950417184,-0.9021945513646114,-0.9569930867847495,-0.3821325537675599,-0.9490946938197917,-0.8193068751576406,0.48861118331699416,-0.8735103381038354,-0.8753590286490224,-0.9495784528426778,-0.8978230954425304,0.8992094102155371,0.809915223964626,0.9967515852117528,0.9552429182417292,0.7270424225030455,0.720776094421419,0.9155564092623317,0.8368029142274809,-0.8480853175660588,-0.9072021235562134,0.8265107289737152,-0.8486692056739896,0.528972080727271,-0.8412235567443712,-0.909347285459173,0.8735391141876583,0.7905210182731439,0.7981506397405153,0.8796327117924858,-0.6600194415858527,0.8650971838902715,-0.9288838299790083,0.9083046621788862,-0.8654301375898034,0.936950843873803,-0.8524931022665121,-0.9204495538167963,-0.19706813168997322,-0.2131273067243397,-0.9149268131894976,0.987494943280445,-0.25208848923347826,0.9088145845915929,0.8443582479791591,0.9227828809123898,-0.9687407057893234,0.2780145967153091,-0.7147983063339858,-0.9090330034820046,-0.8351003467057879,0.21189471880812757,0.9723674560143846,0.8896525492682161,0.9402734988940307,0.9086441986239386,0.961728999930412,0.9023804914002581,0.8564823750862813,-0.9215891198597642,-0.9663918283794041,-0.8667486401176339,-0.6090207980710692,0.8754794362620323,0.7965203738192039,0.7254797798459394,0.9762993516813048,-0.5361739877936479,-0.9270783358713014,-0.8833318673180687,-0.8007332869260603,-0.6596620010575217,-0.009017165304037861,0.9622936875018002,0.8799688635546423,-0.14762707303134645,0.3520125332648614,0.8764343482808659,0.976517446563051,0.8742065533204656,-0.8734814927591756,-0.9087599523285413,-0.9140247010797572,0.6887224695234321,0.7170816558541075,0.9130662496644825,0.1530776993343752,-0.8068470140512133,-0.8709653978894657,-0.8260247655034356,-0.6387702429845262,0.9666390701003338,0.8878473847060139,-0.839691347229765,0.42256299564534144,-0.8516679690547972,-0.26837827502240297,-0.9204108720151828,0.8544176874191628,0.8237750149776975,-0.9268227980875343,0.7468011013097428
-0.9191884851692524,0.9999999995338068,-0.9721030321349877,-0.822567969075878,0.9888455682718963,0.9031695751765685,0.27316857258942456,0.8437781192544137,-0.6777712489863641,0.9480248292513682,0.987686677409399,0.9381123387332145,0.9876825543037199,0.9000187153982193,0.919658173549031,-0.8384596705017626,-0.7925943023716494,0.7845587668947817,-0.9773443202665576,-0.9790913726482666,-0.9732726256968144,0.9836439495650113,0.9603286376856568,-0.9127885526845296,-0.9559312088896113,0.9957962948128122,0.9927229342855346,0.7093269886133567,0.9597911385949257,0.9559420425833934,-0.44602334836208485,0.968015158152581,0.9689944943354608,0.9382356203200086,0.9890458758205336,-0.6906217989539222,-0.9707579874121649,-0.9363517727758187,-0.9765529069816478,-0.4739282598245944,-0.8173486534795694,-0.9304322063795113,-0.9463866151647122,0.8850591188067838,0.9929364024569312,-0.7367460816309722,0.9870961836625043,-0.52640206472397,0.9849406378826682,0.9663028455673026,-0.8583443216208593,-0.9291220553144566,-0.8447486592826402,-0.8843640270709664,0.8694245674969584,-0.9695276249175926,0.8554717846013986,-0.9982716679179802,0.7179081626103376,-0.7268210256680914,0.8657096432759674,0.9835280872702853,0.2034510813486696,-0.1670809499328541,0.9472333911743005,-0.947932278598122,-0.08719961838962673,-0.9825360963888079,-0.9314249172684922,-0.989346854165469,0.9751219237036707,-0.4768454394353089,0.6144698295311244,0.9698175369414725,0.8998115767449891,-0.5431316520339917,-0.9835853124889868,-0.9592947356989295,-0.9418952133995299,-0.957535265590879,-0.9665332494800272,-0.7074686396894435,-0.9773284269924614,0.933027895809454,0.8682221094759756,0.7153185206249749,0.6829202325567831,-0.9940944889220648,-0.9168206738755614,-0.8953159365017137,-0.9140457993731405,0.5235958709374509,0.9861238368333511,0.9162504713014566,0.9188079431543591,0.6561503340780812,0.07575120802264905,-0.982845808147102,-0.992685966044914,0.4577660606954656,-0.2804272600950031,-0.9334743905034795,-0.9395909547940625,-0.9299540691101064,0.978081929722848,0.9120450057379496,0.8801230552228119,-0.8787308503007438,-0.835754080426172,-0.9800176827058503,-0.21380829422838354,0.9485536457963939,0.9899534466012481,0.8842499871947441,0.8588604089710591,-0.8433665567191587,-0.9764573030858092,0.93240215193405,-0.614630284472884,0.9702359242506,0.5025623828244788,0.7890056437301282,-0.8018066514606643,-0.9023366829908945,0.9966833805286068,-0.942149910085639
0.8928788989865829,-0.9721030321349877,0.999999999630143,0.9030491697638847,-0.986732786029013,-0.952845759782082,-0.21539222745737804,-0.8439999061737278,0.6792933820754496,-0.939218460921715,-0.9786711790237949,-0.9587214119501483,-0.9781818923151948,-0.9145185428083484,-0.9566639678436544,0.8982471561181369,0.8009619899914782,-0.8322050260629833,0.9944395104231233,0.9965964476746202,0.9709335918752208,-0.9968917142248181,-0.9697721711242794,0.9330919895416723,0.9316069172427593,-0.9869822002643655,-0.9628059370208386,-0.6885105337176644,-0.962885054188104,-0.9686283941274051,0.459293036547241,-0.9820595542683622,-0.9959194302680543,-0.9256327089903843,-0.9678681540588763,0.7227031096588635,0.9619870929687195,0.8996874919165843,0.9744543525501067,0.3475066221973153,0.825351022499801,0.9679301056578142,0.8717988204161723,-0.7794382878491775,-0.9875044536448848,0.8248874105923332,-0.9575130690335335,0.6604306205414204,-0.9705827917124947,-0.977679308767004,0.914805009113785,0.9423092147973167,0.8614377218029412,0.9081579801040167,-0.8924181123405155,0.9747331811075133,-0.897200229217225,0.9830816086076057,-0.7595862277159844,0.693005825648352,-0.9246091696383393,-0.9918401524973574,-0.34872586350347556,0.10298834778173652,-0.9861963605243746,0.9310479025212636,0.21012705069209026,0.9919386577340401,0.9666812205507455,0.9942880090761468,-0.9755492513047586,0.4753146267959849,-0.687669858592513,-0.9909846733152016,-0.9288350289099,0.48321409125603376,0.9581923642226947,0.9219143612572542,0.9774402125998924,0.9181583798016298,0.9773368641072068,0.7567808388431256,0.9913262906878203,-0.9616590146814179,-0.896585007075933,-0.7877351323278626,-0.8260068141399883,0.9587940025509266,0.9619271849538075,0.8802333919661444,0.9240007254297432,-0.37057655857815097,-0.9921564112540873,-0.9455531103182975,-0.9462320007668916,-0.5611444035796396,-0.12990702818508096,0.9421093931360959,0.9561469407173292,-0.31711365997485613,0.37549563483378123,0.9772145582022052,0.9478205356835635,0.9609735176702329,-0.9723456557677265,-0.954592199431954,-0.9029296785965446,0.9298339222633051,0.8386368101798455,0.9923093758733361,0.17295820439828533,-0.9495086810509649,-0.9779643803853847,-0.9196129964982162,-0.8623369385632207,0.8679342450327414,0.9975940113751204,-0.9523773703479662,0.5202560369853865,-0.9916815326190336,-0.4954155024297777,-0.8226158099332155,0.8484700611759536,0.9450852080855608,-0.955809750961633,0.9466671980993918
0.8087995170944623,-0.822567969075878,0.9030491697638847,1.0000000007617145,-0.8722397042691112,-0.9850756706506593,-0.22765607806499485,-0.793054924167689,0.7022810767638208,-0.9239958391832314,-0.8804726066097458,-0.9585918718262832,-0.8914372372897844,-0.7620894200237428,-0.9644484180305011,0.9760045965671924,0.6026860726422002,-0.9328402951910217,0.9204521316288364,0.9128799620177834,0.7760219474982893,-0.8914462673542893,-0.8827302898658007,0.9426634338371405,0.8453497732540753,-0.8410221847537432,-0.8143471513996214,-0.4329317825178703,-0.8083397806770211,-0.9024846263493269,0.7299131251264075,-0.9261141107372187,-0.9206480578217494,-0.9136959852279269,-0.7745064523477292,0.707342413782863,0.834023824281337,0.8127724928829738,0.9088680604917073,0.276513662012233,0.9041964264724002,0.9697738457679473,0.5984363568275579,-0.4877857666878616,-0.8336087713767374,0.9657040009633583,-0.806924980143249,0.912723106915938,-0.819077423125615,-0.9378789747066921,0.9911669000648102,0.9116489952856397,0.945455942171543,0.9688005481032752,-0.8494772342151665,0.9129140441126039,-0.9564454610825719,0.8416626711064773,-0.9029429728252073,0.6835733780289927,-0.9951997900410856,-0.91105170159143,-0.6999708318288052,-0.03797667430188533,-0.8814698248328756,0.8009515890789274,0.1796606394082106,0.8467680095914099,0.9610759705931128,0.8887020239313996,-0.8682000200114087,0.616748558963884,-0.9176193219882988,-0.935447496804637,-0.9675989118701637,0.1408667277263572,0.8529719040788973,0.6795273548972265,0.9446548877696942,0.6827707320857115,0.9147058547327775,0.8059195092042767,0.8848161513602295,-0.965611010308807,-0.9079205527367372,-0.9078851507568201,-0.9378436641355162,0.8017969191868511,0.9493483836724439,0.8433611844052121,0.9146317604514419,0.009974286950472148,-0.9031846959468339,-0.9734007085873678,-0.9415037549798411,-0.1940657790501549,-0.4644833355162036,0.7731328429300595,0.76224320131391,-0.013545665400927255,0.7290367553579126,0.970198841688787,0.9146944976814286,0.969074610461048,-0.8944895506319122,-0.9780944346327479,-0.9611683583428028,0.885081480919815,0.8922610665740299,0.9182086085951324,-0.22329176972266523,-0.8902822089498508,-0.8048118828398018,-0.9741914737307327,-0.5992614835583487,0.882369154181278,0.910483837773701,-0.9473453477140645,0.10555130175016117,-0.9007233507686567,-0.5948967489731884,-0.9119629610233746,0.9714069910348714,0.9741376386999571,-0.8165028859820578,0.7704315532166764
-0.9486184931239727,0.9888455682718963,-0.986732786029013,-0.8722397042691112,1.000000001415939,0.9313750273654163,0.342502157702534,0.8990904259028533,-0.6238043070496809,0.9552961583977883,0.9784995814595674,0.964009170364907,0.9940126754019869,0.940221182322159,0.932385609003778,-0.8981842598653321,-0.8390494200811137,0.7896605191258179,-0.9875771106274903,-0.9934237220057877,-0.9632666770722375,0.987564319509328,0.9900611486850909,-0.9128695368133047,-0.9754006647846362,0.99039214469989,0.9924501735564488,0.6328118224102833,0.9818798969515194,0.9466290017790903,-0.46560352462105353,0.9705937212532847,0.9786533035881426,0.9542644045849348,0.9793571989737355,-0.776361565495799,-0.9464219152938997,-0.9556760360527412,-0.9912122344878049,-0.49105942919986545,-0.8097709024233241,-0.9634712532763632,-0.9069176759704044,0.8490484826408785,0.9914467382434622,-0.8149332770987425,0.9594899240782668,-0.5965514360740288,0.9633604427877965,0.9771400017392863,-0.9052596088029409,-0.9180380584442932,-0.8551913551527455,-0.9108973170641935,0.8433552565776968,-0.9653125693282307,0.9111277686738352,-0.9906432710022081,0.7883210763313242,-0.7812604621021502,0.9065307519775845,0.992674132953956,0.26757329954306824,-0.041230368837779384,0.9795296780169446,-0.9727695614390391,-0.059327486803538575,-0.9910800986009727,-0.9442959817438552,-0.9966928662353868,0.9960991012796511,-0.4287529330194866,0.6833120459625464,0.9849207440435903,0.913777142348016,-0.44537108919826646,-0.99073463821094,-0.9481531043216352,-0.9786790476247872,-0.9507372358177868,-0.991642570026755,-0.796602388778699,-0.9743896083561232,0.9626370223835552,0.9254878931439114,0.8024040665297018,0.7439875394391203,-0.9692941954218083,-0.92553078381805,-0.861524819233279,-0.9541733878957639,0.4727297896346081,0.9955024242661187,0.939471143243962,0.919279765018634,0.6335820218960203,0.07699297072020275,-0.9816810404943263,-0.9698166292295071,0.32333817308184415,-0.34227367708486867,-0.9586036670809704,-0.9732570627942652,-0.9487209434293441,0.9690632581738096,0.9497040303368944,0.9164748826095069,-0.8718498515828798,-0.8208103542901389,-0.9898283651086942,-0.1924981881961819,0.9318046850210295,0.9768227104729443,0.9023169571873214,0.826069667132296,-0.9048982153189848,-0.9850915130717719,0.9362836875960266,-0.5405558989279395,0.9709944000053422,0.4439146336894475,0.8540372653864984,-0.8515346945891382,-0.9196360803756076,0.9817574818750537,-0.9158235361259296
-0.8529797188728415,0.9031695751765685,-0.952845759782082,-0.9850756706506593,0.9313750273654163,0.9999999995643337,0.20873393139807064,0.8111517426368909,-0.7579253480911582,0.9674116835588114,0.9484366674627599,0.9854546629949209,0.9493221330557803,0.8060829443966802,0.9940333573215507,-0.962330626521785,-0.6469346295038793,0.9432533772003117,-0.9703021541045868,-0.9622306135314225,-0.8592253358579663,0.9507133408287092,0.9246450241580983,-0.9804222191539561,-0.896605314890646,0.9153866682848145,0.8889305563445248,0.5517376261587887,0.8664549975007981,0.9609220386634403,-0.6927604213616155,0.9769253006405021,0.9693979664796436,0.9519521894533363,0.8603745732403921,-0.6922945561597311,-0.91421225844116,-0.8648674429380938,-0.9573365692998134,-0.3171086558382822,-0.931483653409647,-0.9900491673376102,-0.7183036031954231,0.6099896609909461,0.9066838245727281,-0.9233876264526928,0.8960266371782898,-0.8404205337172528,0.9031323456389246,0.9818554671849391,-0.9858369552342767,-0.9637437336762141,-0.9625053160298785,-0.9822075307460166,0.9075921565684906,-0.9694907593424313,0.9510981974209336,-0.9173535986642698,0.8692867979821212,-0.6940342126755855,0.994098493191031,0.9640117848620823,0.5979076794950433,-0.06811147543117704,0.9206968383637808,-0.855456875256357,-0.18809534480289883,-0.9107203519928548,-0.9936040867867441,-0.9474875647287462,0.9199849878999631,-0.6404577799355181,0.8614731957515857,0.9787513562614742,0.9913964366575795,-0.2828183800905565,-0.9153488250942226,-0.7751007711937005,-0.9695613090174443,-0.7750364983889627,-0.9550645443525625,-0.7768077100809536,-0.9475066929320198,0.9885793582004654,0.9120672930343131,0.8653380153823786,0.9000870989922725,-0.8915354934902135,-0.9833435373314907,-0.9105158819070291,-0.9357574251316768,0.12442008557104468,0.9578076220957413,0.9948636150861497,0.9808481123886952,0.3100181473394279,0.4040816194474564,-0.8525544536908974,-0.8572750333089807,0.17458235825791013,-0.6376424757461299,-0.9955078543916942,-0.9446363765601344,-0.9966376140082822,0.9580806317999425,0.9907929110889444,0.9697156813544271,-0.9302450496257312,-0.9291881523354053,-0.9690279560626448,0.1302334866258955,0.9526222994838596,0.8879797735086001,0.9916395837823415,0.7000211494521812,-0.8830709395774606,-0.9628432370252481,0.9864987801564776,-0.2547943242401264,0.9575725511180068,0.6331527515145452,0.8945444747336088,-0.9553680979476894,-0.9961998124040675,0.8988545712603481,-0.8568266702017948
-0.6192580799178534,0.27316857258942456,-0.21539222745737804,-0.22765607806499485,0.342502157702534,0.20873393139807064,0.9999999958324592,0.7031427096681413,0.3524611530913824,0.32886248591016376,0.18954828017343298,0.3463309459138676,0.3349561226204909,0.505871195331062,0.13571079957053964,-0.43142838325193555,-0.572164362660857,-0.023166489713277824,-0.23102437347707636,-0.26744948322795614,-0.1471983776497864,0.19498876913984275,0.44704457826724076,-0.10351652973726548,-0.5254970276708815,0.22672948804475282,0.38235731490595826,-0.42972699643269113,0.4111660430316254,0.0682155247706821,-0.20562655269975227,0.17342990149492904,0.1731470427524958,0.42696998913030265,0.25086704833280205,-0.7837156726156598,-0.04548205164033193,-0.5833845312816638,-0.37047991425873134,-0.9204731381838076,-0.07244624048267344,-0.3233198586125513,-0.24422170002148122,0.42285451161303683,0.24500711688081694,-0.4305150562467011,0.1270780965299562,-0.06828443795917646,0.10369337880141719,0.2625593162120932,-0.33491162831192867,-0.042098809580199084,-0.2000718067208242,-0.32169032811994486,-0.16005794631980436,-0.15683453887323615,0.4914807596049632,-0.2395175496968481,0.5941021815247092,-0.8428082090294485,0.2679203085052563,0.2679220331484186,-0.12191257978517121,0.7888370655534488,0.31596492857435116,-0.5361750517617117,0.8707717304179841,-0.2584667852377507,-0.14914862635954768,-0.27077198819690773,0.41671939696746113,0.3318186695285146,0.3907868196785233,0.25270475281557336,0.18286633061679972,0.4593250062363615,-0.4241428108834694,-0.3157657266660013,-0.3716249836889864,-0.3655528061025734,-0.3980157946200184,-0.7280273119795522,-0.12638980966564264,0.337933247422941,0.5796586238179955,0.5895436314865726,-0.022397177185849115,-0.18426682277266612,-0.056798314008839994,0.02918173305224048,-0.5274785450740204,0.4506640094911086,0.28267114687155026,0.27094220723484785,0.07219054860299932,0.4423605780324692,-0.2608630464661597,-0.42831532201917794,-0.20928541413332155,-0.40190055239264916,-0.13356980935547078,-0.21905264799835714,-0.48326047882903506,-0.22468689221115773,0.17137977377291513,0.33507564923044764,0.4165356144142659,0.12576904188156965,-0.03580951931987503,-0.25252296599278146,-0.0747404629104389,0.05820271655010032,0.17127691166173187,0.18400039142507088,-0.11713150860547511,-0.6328693511998095,-0.1956074599391687,0.14520510880134826,0.0444077269834128,0.12000925887972098,-0.39315902051603174,0.6038786760301291,-0.39714105252162446,-0.14370000443354922,0.30423488311100144,0.04649923123639418
-0.9818120987358532,0.8437781192544137,-0.8439999061737278,-0.793054924167689,0.8990904259028533,0.8111517426368909,0.7031427096681413,0.9999999990357652,-0.2886193753452103,0.8555719707821947,0.8056805625300119,0.8861063599137551,0.8869414690852423,0.9431636519939856,0.7699734753355837,-0.8994651681186585,-0.8978218014776876,0.5937056372943638,-0.8462510310098702,-0.868397413436257,-0.7781370739922536,0.8269459330794274,0.9483125287819812,-0.7311314295281703,-0.9572950011517938,0.8327171151765707,0.8980417024230556,0.24739777198931942,0.9219298128414468,0.7351871004672346,-0.4468644214324641,0.8042481082414327,0.8170413064196603,0.9001177495251901,0.829878113580239,-0.965681874623025,-0.7128695587631695,-0.9641368889605283,-0.9058946115861108,-0.7374431834215869,-0.63346838950774,-0.8836553211357387,-0.7452364614979242,0.7724153196324025,0.8441703863009233,-0.8527792153022735,0.7508033514402574,-0.5416110907203553,0.7505312943608401,0.8505631741579142,-0.8562934988352614,-0.7016704258242343,-0.7330607004308181,-0.8366059252310709,0.5545732044462559,-0.7876471688036804,0.9283643314792045,-0.8356302266693209,0.8872600739343892,-0.9624164897019819,0.8262276228721108,0.8631273870539894,0.21375307831405585,0.3841607969371453,0.8932362655541713,-0.9647367359061324,0.31065149630353,-0.8583122260258663,-0.7843366741649719,-0.865774098888503,0.9333757440434761,-0.1531045368119433,0.7284730412559309,0.856854780808885,0.7746279454799663,-0.07494382558224971,-0.9191548980758776,-0.8298531549798028,-0.917271881136188,-0.854676401310632,-0.9264099613859764,-0.962573862916143,-0.7845663321175368,0.8853286460586592,0.9745508591026332,0.912014002348483,0.6116898008011992,-0.7825737602099763,-0.7313002382936312,-0.6106293736283985,-0.9606574958356804,0.4845388267352098,0.8711429826677691,0.8362166326490319,0.7246120977684174,0.6297015097920777,-0.04206582080254244,-0.9066194739037611,-0.7945617089067314,-0.030464822882122572,-0.3649793010945318,-0.8331455036272011,-0.9525234521057981,-0.8217045416059734,0.7916351694829467,0.8818174149627275,0.8859666609176082,-0.6071398960756073,-0.6212737087783251,-0.8557053732993579,-0.1575690295987552,0.7131376048219962,0.7944230692735202,0.7700793142555523,0.5532723099316929,-0.983065030597627,-0.8295661007565879,0.768347654441408,-0.32701052042315154,0.782908773578875,0.13183234752245396,0.9361865613701996,-0.8413835352662886,-0.7674387830450424,0.8465532797736938,-0.6533813765275183
0.4243554015527627,-0.6777712489863641,0.6792933820754496,0.7022810767638208,-0.6238043070496809,-0.7579253480911582,0.3524611530913824,-0.2886193753452103,0.9999999981648233,-0.7390078504217109,-0.7693643950483493,-0.6917054258979165,-0.6779086281842023,-0.33164050520083177,-0.814889108475551,0.5724327980870818,0.11590823303979522,-0.9041352649718665,0.7214444480876447,0.6820972461901831,0.6415962832441824,-0.7170962536570509,-0.5367049935281456,0.8595862188800829,0.5264005908131227,-0.6837350155051645,-0.5935938104219031,-0.7385496716443679,-0.47897207134362,-0.8376548337063264,0.6681391159185628,-0.7841425102778093,-0.7389543774556612,-0.6662090276691869,-0.6119271691466024,0.0693343668815588,0.8171216329662323,0.4808251401752056,0.6578963751658367,-0.09412826746873781,0.8976405802373649,0.6777492319384983,0.5429054100842122,-0.36803922787068477,-0.6510083538454764,0.5108941588270425,-0.7739646474724075,0.6446410900995679,-0.7645945717528214,-0.742553894852108,0.6680881180368438,0.8774212856697557,0.8253551297649832,0.733164987519556,-0.9332749758017678,0.8034014164189253,-0.5474883132681352,0.6928357450071557,-0.44402219391307973,0.1719905727725024,-0.7138585354362587,-0.7044633391522627,-0.5683117921307531,0.663361143328876,-0.5509000445088704,0.43802010769282634,0.5085594249609106,0.619593511759973,0.8013224189334781,0.6792142314964494,-0.560325434671907,0.9433641470676754,-0.5588682476787796,-0.7168141518433465,-0.8141935437864841,0.5262385844877564,0.6059908687965446,0.48939091349194747,0.6088376469411523,0.4632947101551045,0.6113709984807958,0.1914058308275165,0.7588544769444168,-0.6860485394504025,-0.4493000078214178,-0.36566453798235155,-0.6672488536151571,0.7386211072912866,0.8299984566464452,0.9295671259624628,0.535375356039528,0.08136002177713524,-0.6883569641755692,-0.7503752487321872,-0.8584861151889415,0.006444850482920578,-0.6539723255357625,0.5371922264757766,0.6693156129122974,-0.571197453387856,0.5386826989732855,0.7366204677143688,0.5646600231740428,0.7690998957603439,-0.7960069722308959,-0.6720945155411939,-0.6564224531585937,0.8721355287470371,0.9169746303958831,0.7154323395798188,-0.318689704762935,-0.8648494601128106,-0.6860075394249603,-0.8093230451546166,-0.615124370523784,0.3938555858370494,0.7224921267531632,-0.8293782640855598,0.24494937408522505,-0.7663669100703171,-0.9662784306798214,-0.4485628401604041,0.6422079571051703,0.8115498982166188,-0.6851830247942626,0.7684246911102153
-0.9185674673814316,0.9480248292513682,-0.939218460921715,-0.9239958391832314,0.9552961583977883,0.9674116835588114,0.32886248591016376,0.8555719707821947,-0.7390078504217109,1.000000001005438,0.9706205501529083,0.9897431098487668,0.981068435844778,0.8214992566546688,0.9692318608040995,-0.9339322484790786,-0.6706965771961266,0.9002423316952979,-0.9692335123422295,-0.9626590775259278,-0.86921381743905,0.9504786485139871,0.9438328754315076,-0.9705976306695119,-0.9546580643934727,0.9382394829380205,0.9423875309212584,0.542756237142509,0.8879291828671573,0.9546615877410641,-0.7016774117825978,0.9759672560660544,0.9548355444153444,0.9943268826314949,0.8957614951767668,-0.7096724869183781,-0.926543327426788,-0.9387683306907201,-0.9842998398611921,-0.5003671117709867,-0.9338212766477717,-0.9758975741190759,-0.8047647476425336,0.7377487110897019,0.9269688949260338,-0.8676381683717977,0.9337200609760133,-0.7187967847936535,0.9239868203597753,0.9894158383533779,-0.9550552517534965,-0.9563231698011697,-0.9640039746252137,-0.983326215875737,0.8774736834516813,-0.9763092239220293,0.9441070770708059,-0.9475670760901501,0.8703412427011841,-0.7819438269415088,0.9566911827099714,0.9738720204909368,0.45489257946628725,-0.08217476066356408,0.9015782563203043,-0.9053069274558321,-0.010972635078542195,-0.9170196628504188,-0.9710413315560954,-0.960227843279158,0.9459423581878975,-0.6284106119496043,0.8204932519648588,0.9753733885836487,0.9783163152869931,-0.30829387767838684,-0.9679656951459777,-0.8291995745660572,-0.9593256491093578,-0.8343429085031828,-0.9706743458056928,-0.7753809260266737,-0.9423316083092047,0.984346348739107,0.9225462073738517,0.8343414537308809,0.760463942697889,-0.9382913913521665,-0.944998868275255,-0.9270636949961628,-0.9613215948129731,0.29751349781358427,0.970631945468727,0.9865490110949408,0.9615497798257417,0.4249497204306073,0.34378879420278785,-0.9190678108552082,-0.9056993071025516,0.28589633252785823,-0.5611725179087435,-0.968533178521693,-0.9687111349090924,-0.9832930055109058,0.9764081389469863,0.972790821663024,0.9774413573002649,-0.873749341016699,-0.9338478665973845,-0.9741177165986694,0.09505017412535208,0.9577925206104377,0.9098888266679416,0.9726082390541211,0.6857241048656373,-0.9005610388836737,-0.9551715324736334,0.979173975069936,-0.3382550635692263,0.9449054209395611,0.6219892078139461,0.90309140349871,-0.9393356316474796,-0.9666133511323547,0.9589844112379635,-0.8486475781437985
-0.8857030207574746,0.987686677409399,-0.9786711790237949,-0.8804726066097458,0.9784995814595674,0.9484366674627599,0.18954828017343298,0.8056805625300119,-0.7693643950483493,0.9706205501529083,0.9999999996736348,0.9614338000709491,0.9879809272265574,0.851903660786416,0.96650630028966,-0.8698483746748209,-0.7148344463183727,0.8707161508809245,-0.9910286816574556,-0.9855658703749706,-0.9559650588351368,0.991241633844797,0.9452348544978851,-0.9643540275158771,-0.9343114683353833,0.9883221492062019,0.9684473671875165,0.7181654425559593,0.9260365537923646,0.988985902606139,-0.5444442949847577,0.9937147363979213,0.9874177729214844,0.9507772223040798,0.9631264677782065,-0.6435877967599356,-0.987597221985396,-0.9076241789256678,-0.978948385286868,-0.38838476751936213,-0.8902703713105717,-0.9553841677158116,-0.8944688372478568,0.8051784848303909,0.980359060147019,-0.7811242727124831,0.989683223078727,-0.6314983063829096,0.9886881146391729,0.9877739413829073,-0.9013724755790823,-0.9752733185570133,-0.9067276804483868,-0.9272652490205225,0.9289650080630077,-0.9957003114847218,0.8762419445339152,-0.9915016752450098,0.7468512030879295,-0.681840629214725,0.9144591065975837,0.991814403532108,0.3407886864145718,-0.22075740159729496,0.9377846453325772,-0.9092392846233132,-0.1704641927792486,-0.9698335301660082,-0.9731418495810283,-0.9894869461610178,0.9579956070572003,-0.5932304782872898,0.6862790200407595,0.9866432581587326,0.9511962197042216,-0.5170512343675854,-0.9685402747752798,-0.9086139029820813,-0.9506634748096021,-0.9037837458137347,-0.9654434004476695,-0.6885229957306384,-0.9916155299619477,0.9578193038455414,0.8647183439063033,0.7347852756642395,0.7600807325443937,-0.9890557634437334,-0.9647012700825994,-0.946670059118662,-0.9134248866442408,0.389263392729538,0.9903260740332889,0.95534885041463,0.9689037276910184,0.5325464781656136,0.2197978933418469,-0.9465697272563361,-0.9723391266766324,0.4379019459167472,-0.39880125239410535,-0.9666576897158898,-0.9375517041095375,-0.9682162752398623,0.9984584443898896,0.9415309827943543,0.9115886124982968,-0.9327692330204325,-0.905662682339617,-0.991784508021752,-0.08769108897111118,0.9852838281084155,0.9791193728219307,0.9394551161092782,0.8393530896679156,-0.8336610938436647,-0.98925123628567,0.9757617430821589,-0.5253800537305977,0.9895737934284811,0.6134720951331771,0.8037595012520746,-0.8506862198728494,-0.9540275467785961,0.985029185123846,-0.9499219465513477
-0.9266946852283791,0.9381123387332145,-0.9587214119501483,-0.9585918718262832,0.964009170364907,0.9854546629949209,0.3463309459138676,0.8861063599137551,-0.6917054258979165,0.9897431098487668,0.9614338000709491,1.0000000020232995,0.9799310795375399,0.8617235853149471,0.9761416299896384,-0.9700264524685339,-0.7210360565693481,0.8944285481012906,-0.9785310144440771,-0.9761361417879761,-0.8764215288393931,0.9588941809614084,0.9649872399714873,-0.9631885160522453,-0.9569226152052737,0.9384750139057241,0.9386421953130035,0.5135793109989815,0.9118625713289537,0.9490214378751337,-0.6725022721250238,0.9767374600927394,0.9676533576075396,0.9879435778754417,0.8958597950501167,-0.7682387953081364,-0.9124072243350725,-0.936837714899462,-0.9882173796456887,-0.46884710994062595,-0.9082219301889034,-0.9966854398146384,-0.7788460918353216,0.7063567523575285,0.9321496464166127,-0.9180304409998483,0.9130250164546437,-0.7673781559412914,0.9128469066515251,0.9921352691742972,-0.9816671286372789,-0.9448897226021924,-0.9519133076518078,-0.9869704241681637,0.8627210896622284,-0.970368021799777,0.9735165192899762,-0.9433560176114572,0.8987704352212207,-0.7951346892018334,0.9810383982236532,0.9801939317509999,0.49385614861255295,0.003209858382982516,0.937909546140747,-0.9202966807102542,-0.04107876961256242,-0.9328724752989443,-0.9792101344621892,-0.967748802819857,0.9610026706809351,-0.5692226349543988,0.8481207004830676,0.9866513137136202,0.9788330820759267,-0.2665746662758479,-0.9643602457212115,-0.8301521484928717,-0.9867397593935856,-0.8363375030198036,-0.985673846593205,-0.8326130615023659,-0.9468864621567898,0.9993685204343375,0.9550089850747945,0.8880682626175009,0.8249666557871694,-0.9181533093761359,-0.9553351664199645,-0.892252480022014,-0.9785200433464687,0.25783283465900314,0.9774431763200587,0.9944516823629411,0.9590023823860996,0.4205115150624748,0.31377002662847386,-0.9139918435447073,-0.891814136464261,0.1869148578758669,-0.5789522037947031,-0.987799272889214,-0.9842837627949118,-0.9916867586117547,0.9656597556549318,0.9954407184481502,0.9874186095635261,-0.881612418543088,-0.9051316804871451,-0.981376388600953,0.0681740403443664,0.9422215334702622,0.9081319423500518,0.9759457917826158,0.6922311442993516,-0.9342780671295619,-0.9668672382050921,0.9759415964978825,-0.3087720194346788,0.9523401017200185,0.5598285135837844,0.9320747631588706,-0.9581384335345629,-0.9756485048475773,0.9404807119469367,-0.8456191466964911
-0.9458113277542777,0.9876825543037199,-0.9781818923151948,-0.8914372372897844,0.9940126754019869,0.9493221330557803,0.3349561226204909,0.8869414690852423,-0.6779086281842023,0.981068435844778,0.9879809272265574,0.9799310795375399,1.0000000018879562,0.903349147592015,0.9529385428179665,-0.9114825480482392,-0.7829794604153948,0.8352342975092746,-0.9902284861204133,-0.9912417353808667,-0.9420388731311274,0.9844972329394999,0.9807749049038552,-0.9426755200468125,-0.9773243188444098,0.983909703850335,0.9868058602889138,0.6180562961147026,0.956801209529991,0.9606660083433566,-0.5512631090281369,0.9824628824665966,0.9790156138846277,0.9774454277185722,0.9625878958182085,-0.7499036502801306,-0.9531506769403917,-0.9591632876820317,-0.9980385781419107,-0.5019098035090643,-0.8631880008592774,-0.9732565624676804,-0.8882049486756358,0.8270782549343997,0.9800355894291132,-0.8300995680093332,0.9653760098935349,-0.633295327279607,0.9632453535777329,0.9906002855370083,-0.9252671621698347,-0.9426360006112223,-0.9012474385775775,-0.9425298043677002,0.8671548572009556,-0.9802304631551858,0.9246900129476349,-0.9878509843534103,0.8160358936037884,-0.7846489305108257,0.9273429674769953,0.9956448584166592,0.3240017764956744,-0.07361585644496507,0.9576330741414484,-0.9572702852442941,-0.042218482214895076,-0.9745651077574475,-0.9614562460645455,-0.9938049184429187,0.9868607266343622,-0.5098921554496018,0.7284753176135185,0.9899178534336186,0.9440139699322901,-0.41583339235581007,-0.9936498703609576,-0.9192747421828519,-0.9770236344074851,-0.9223273846576866,-0.9918081262348678,-0.785430332414821,-0.9737623326094093,0.9764035227799536,0.9267789194149793,0.8095402304911085,0.7458360726984364,-0.9732898381159423,-0.9400931494084664,-0.898826202012969,-0.9620461232411552,0.4274185566865972,0.9964100844396996,0.962691705432585,0.9434151132156218,0.5728756134974448,0.17006411700963403,-0.9719566696595482,-0.9619355688695223,0.3347770991255929,-0.4126269826108411,-0.9682099177099822,-0.9780584238248499,-0.9681152634729617,0.9836840054783391,0.9623679632287441,0.9429588317087709,-0.8813170149752123,-0.8715310660107093,-0.9936451754645541,-0.09709084146569352,0.9533125490359873,0.9660200674688793,0.9337460320196762,0.7895649430778066,-0.9050749677271949,-0.983688734834929,0.9606589329405233,-0.48731076068425627,0.9717376286181558,0.5190769544867936,0.8717688474418307,-0.8843457607798748,-0.9428751568850722,0.9877785818255872,-0.9053184755238896
-0.9409093896939964,0.9000187153982193,-0.9145185428083484,-0.7620894200237428,0.940221182322159,0.8060829443966802,0.505871195331062,0.9431636519939856,-0.33164050520083177,0.8214992566546688,0.851903660786416,0.8617235853149471,0.903349147592015,0.999999997742585,0.7833218172731518,-0.8364735061993607,-0.9720620809151755,0.570330906251759,-0.8894889710559543,-0.9136761856428197,-0.9052932401015096,0.8951170884923269,0.9632661735222267,-0.7346351834553402,-0.9335677372521987,0.9081599800904132,0.9359299094606178,0.48498083308940215,0.9857059931872432,0.7927958795544511,-0.23711824898860898,0.8403806745132822,0.877304079693427,0.8462888123710417,0.9261155997404447,-0.8950305924830468,-0.8015331595227924,-0.9225106456703939,-0.9076142699766336,-0.5596362216296408,-0.5809193016566327,-0.8744488969267,-0.8574730490670569,0.8466793698875741,0.9253036199740118,-0.7658251573662438,0.8276216954475434,-0.46117634535639584,0.8434065031078543,0.8599608665427539,-0.8059494162883355,-0.7376488424609843,-0.66532992690112,-0.7740052977016677,0.6359656359467228,-0.823469710877913,0.8558832199440451,-0.9009349363152557,0.7377923921216017,-0.8272741698724753,0.7917993515984324,0.8990217008870932,0.09529597210170354,0.21655591384354828,0.9631749072296859,-0.9768097262739366,0.06396385945137754,-0.9427971393425928,-0.8041112943233805,-0.9165116259259681,0.9604110856981137,-0.10333171165862119,0.570065608119158,0.8867818195164239,0.7522941256537554,-0.3467525043561143,-0.923293042848239,-0.9388483633511031,-0.9245427130967406,-0.9497836831612347,-0.9320651595332813,-0.867357061092538,-0.8640247110897897,0.8655065973587308,0.9133115159078926,0.80414594283339,0.6543797802268698,-0.8512377324120459,-0.7771713023754293,-0.6388131140407177,-0.9078826331398784,0.5776283744680742,0.9090094033329769,0.8093026934535056,0.748657283710058,0.7614418350045291,-0.20148589802971306,-0.9439491777456319,-0.8851653252117154,0.1404727111899744,-0.16883566305978295,-0.8504659302779419,-0.9222019143823192,-0.8172458988087458,0.8283434655789537,0.8590948041458997,0.8104565816237489,-0.7071140173427582,-0.5883768068075476,-0.8921301359456733,-0.4020160496431226,0.7578924507895378,0.8949607661124221,0.7410317600679813,0.7714268736847452,-0.9085894039614,-0.8905928576862168,0.7762383904442505,-0.5640326109628749,0.8578996524008304,0.11704345189708698,0.8185595418591023,-0.7401182276452661,-0.7686588752705383,0.8806296707867993,-0.8003947352044127
-0.8310760138895632,0.919658173549031,-0.9566639678436544,-0.9644484180305011,0.932385609003778,0.9940333573215507,0.13571079957053964,0.7699734753355837,-0.814889108475551,0.9692318608040995,0.96650630028966,0.9761416299896384,0.9529385428179665,0.7833218172731518,1.0000000018642945,-0.9284501910030689,-0.6163983862854333,0.9561694002024906,-0.9757238325447263,-0.9640820663755206,-0.8801816444513658,0.9614724268379601,0.9104837202975091,-0.9943847385952815,-0.8846814157892924,0.9305480268388823,0.8949143514105701,0.6275628782567779,0.8585796075038274,0.9830557953644903,-0.6799281868638171,0.9884653215707576,0.9773439542557678,0.9447950205963473,0.8772178143384329,-0.6279338105354375,-0.9463304946429653,-0.8502664234788512,-0.9545570185738445,-0.28043959657967565,-0.9482212045806242,-0.9776443793762399,-0.7514790713888099,0.6329431869290681,0.9190068862614283,-0.8768729452417148,0.9271347050766591,-0.8076924287910672,0.931907902516311,0.9850843249821384,-0.9632409776849744,-0.9869969902460698,-0.9647806670068956,-0.9718500849713192,0.9461426625412485,-0.9854717828235091,0.9174914292623423,-0.9331960353222716,0.8198725010881582,-0.6448316712811951,0.9777450994847869,0.9687051632670579,0.568706675914987,-0.173205881811723,0.910434887389345,-0.8404890342436084,-0.24085914922054094,-0.9167723383341276,-0.9993208173093907,-0.9534099862530324,0.9123025049967097,-0.6881395159953944,0.8182537446705552,0.9803121737274134,0.9940474424923035,-0.36889169307734965,-0.9149814339130166,-0.7899824800015313,-0.9537456680923765,-0.7854260347236555,-0.9452796469199972,-0.7125632169868562,-0.9646636407934822,0.9774597359820378,0.8747340227650998,0.8072906017996176,0.8805764778352445,-0.9189939723985872,-0.9948665943292562,-0.9483392415788834,-0.9109539398211163,0.14791783574536133,0.9619085798222143,0.9893529908726887,0.9961508420023985,0.3210911519963489,0.41214653878106705,-0.857153348874219,-0.8830199953493493,0.2759991857588589,-0.6007380868059932,-0.9917962555246597,-0.925893152675085,-0.9959060664194012,0.976399306234656,0.974817314417304,0.950111498502014,-0.957231011303643,-0.9520362205514747,-0.9738523406079206,0.11338171929156737,0.9789628522612045,0.9097490957749818,0.9915519098996312,0.7425121814017442,-0.8407236671137653,-0.9706962729924377,0.9972474316574551,-0.31327526263684036,0.9726895908509156,0.6899986192265838,0.8496248660935034,-0.9270871148669433,-0.9988034354396365,0.9159372342956252,-0.8937093995328363
0.8971275950882552,-0.8384596705017626,0.8982471561181369,0.9760045965671924,-0.8981842598653321,-0.962330626521785,-0.43142838325193555,-0.8994651681186585,0.5724327980870818,-0.9339322484790786,-0.8698483746748209,-0.9700264524685339,-0.9114825480482392,-0.8364735061993607,-0.9284501910030689,1.0000000009876053,0.70690222764668,-0.8555947457339113,0.9153318377838708,0.9173340432890666,0.7723388122231406,-0.8829781080987137,-0.929354386242164,0.9000433909000298,0.9104597809300388,-0.8458177418915078,-0.8550249609474044,-0.32891426989399347,-0.8579819105482519,-0.8613095415229995,0.7009001563957777,-0.9059410303334657,-0.9031572573593442,-0.9458020946773339,-0.7930725392638298,0.8360096591934247,0.7971627799110472,0.8925756997526406,0.9340593320579127,0.463444291456449,0.8504391503871683,0.9758994581147236,0.6325800047722969,-0.5697877181914482,-0.8438886521568635,0.9858138931573491,-0.7912734470385888,0.8475908319270354,-0.7981499380662127,-0.9352111772485444,0.9925029558668802,0.8607925842377772,0.9172801328449355,0.9686371904308714,-0.7593576731904578,0.8900723077934449,-0.9960654002494758,0.8485584211875618,-0.9615827677550677,0.8234699922987175,-0.9819207574673866,-0.9150404106223358,-0.598716768707192,-0.20182735944061136,-0.9018815438632867,0.8758866510140186,-0.01895907477966293,0.8590407113592166,0.9294526866638341,0.8969857664490674,-0.9104841104135388,0.486570885337089,-0.9233981196170917,-0.932638875057474,-0.9387276916952995,0.056686592771486556,0.8965707272183442,0.7229300994019033,0.9663894379636764,0.7363445743879528,0.9459818647639001,0.9101984686935486,0.861610832580875,-0.9746847982711626,-0.9743673127896605,-0.968717776360009,-0.8638901523771921,0.7995997286358844,0.8990008456156916,0.780577783370133,0.9699641925906285,-0.11886650570327603,-0.9116564904481731,-0.9648155243942358,-0.893599160131819,-0.30830240822914207,-0.3458509834251258,0.8283182663352247,0.7716995140184156,0.05623111151525405,0.6802842213052515,0.9540897129579716,0.9622193114412911,0.9523300347886139,-0.8771297356813947,-0.9845335292359938,-0.9829088976691237,0.8016260502950029,0.8332021940457739,0.917834504950145,-0.15686986366235905,-0.8465405530848892,-0.8020665269766029,-0.9439722004179809,-0.5553181632729483,0.962032678525068,0.8995275515165233,-0.9150292411205997,0.12153569005119609,-0.8739166689597195,-0.4560871262359375,-0.9766913526635573,0.9833347678511768,0.9375842199671104,-0.8382210773410539,0.7224697797837274
