1.0000000018911346,-0.8839342764467382,-0.9847903772506253,-0.9588447741962393,-0.9604272591119278,-0.9607604109435837,0.832295709876649,-0.9792619317828553,-0.9749288130013327,-0.9696335190986531,0.9015215029228768,0.8304338975105703,-0.9932031843066993,-0.7902897379871374,0.98333955146951,-0.7549800450534238,0.9969075732702991,0.880049954312215,0.9443428745032516,0.9574836427349885,0.505118438234873,0.8947904334994123,-0.9554589313522623,-0.992115568368748,0.8413070859303033,0.9631236602942846,0.10797839760792045,0.9182465026699866,0.9478415236505238,-0.9350329749420918,-0.9512248498590915,-0.9783447204053585,-0.9372884770372863,-0.24634409347728484,-0.9643507420823744,-0.9139631208693338,0.5797982399667512,-0.9022931147972021,-0.9147884712188314,0.9594926057869375,0.9720976711939167,0.8837080651638947,0.8679710525760524,-0.9433707675659544,0.9572263209750056,0.9104919250915067,0.9095167685417979,0.8505368649055778,0.9646180690927852,-0.9552592846820707,0.8556502820091669,-0.9662891068658089,-0.7286751314045053,-0.8861852554871474,-0.7262585386715446,0.8745012603928713,0.902853579748002,0.9338385598133765,-0.9508078429616066,0.9864965326088764,0.9906093107310496,-0.8046400064831899,-0.8914574847082675,-0.3044683862723978,-0.9234408040609711,-0.7918703359467836,-0.6092297992327922,-0.957038505073414,-0.6365940483397527,0.9484402552054608,0.7579986265526004,0.8940438249614862,0.9384236476712168,0.9072671568136198,-0.2088561995504743,-0.9176104830229418,-0.8424393333555147,0.9362265174039986,-0.9298233957789881,0.8252759371335563,0.7034934415136598,0.8292139843612235,-0.9548357619096465,0.7546219896495875,-0.8211760579932542,0.9097212087363898,-0.7121365533883381,0.9329569542204523,-0.9350421277269766,-0.8620803649300087,0.8034043748992469,0.9364394148003106,0.8116304032245513,-0.9504201969127059,-0.9174135653289913,-0.90148868721675,-0.8840831171510888,-0.20477985880607358,0.9753015923902377,-0.6437377527539905,-0.7675302915447476,-0.8112731229363512,-0.6105900441972073,-0.7080794110799904,0.5563469546235931,-0.7338833209172371,0.9358202524752526,-0.6724276840987217,-0.9256086159346446,0.8855215879297046,0.905847558753547,0.9092754614794326,0.7724509649475264,0.993033277846985,0.9454839119995774,0.8985484324648504,0.9046676646639291,-0.9439178614441386,0.8995838346028876,-0.7881587667783122,-0.8520686423215039,-0.6196362124919481,-0.5166537756758091,-0.30489701773033373,-0.02987132512242561,0.9950884478539057
-0.8839342764467382,1.0000000004314642,0.9504403101312773,0.9163419616063838,0.944250956330771,0.9652485975970856,-0.9809807063233562,0.8854262354695848,0.9219666190418422,0.8763431925186386,-0.9039655364141916,-0.9313224724298138,0.8734061304401759,0.574741880970559,-0.953452867435178,0.5792359914123169,-0.9096265627015989,-0.9982552281129317,-0.9363994464685857,-0.9252221902792456,-0.8363927443074759,-0.9318120602680577,0.9293113117711156,0.8901018206979194,-0.9857977939411198,-0.9436171495338225,-0.47545777181567167,-0.9901506130291324,-0.7913690922987133,0.9733102721389528,0.9334911483367004,0.9453974007390801,0.832712016467657,-0.2024083550853444,0.9725632794142149,0.9269995479543159,-0.8227221563436874,0.8500435493846767,0.9585796111406849,-0.8304005946274275,-0.8966360901869956,-0.9504984784828994,-0.836089384477085,0.8699952151293493,-0.9311366967995042,-0.9069112915690847,-0.9384825135527517,-0.9354262062074614,-0.9111673667523852,0.9818051196812605,-0.9373935203176476,0.9733941284418849,0.4333403337255518,0.9435742999908607,0.8511845135147741,-0.9511336061924935,-0.9810423204871334,-0.8700145031063491,0.9293903113110662,-0.9126799500577257,-0.8990552526776254,0.9031083311103665,0.8671855556914825,0.23184046910212353,0.992749825325424,0.8922744715537749,0.2878580391966387,0.8554889075047298,0.9115236489407658,-0.8780687173640694,-0.4270709868220924,-0.7341609823969776,-0.900164857755442,-0.937983336347186,-0.004374277823558774,0.7098103087644415,0.6231791706112445,-0.9154225293608491,0.9378820368047133,-0.6404573882873648,-0.8626261756980742,-0.7425304090423143,0.973189921174009,-0.6181334511342677,0.9256328099140493,-0.9098994751713723,0.8019644932465542,-0.918649756855521,0.9460926565023633,0.9255371500102689,-0.7840977066737662,-0.9522351347748164,-0.6956679478076355,0.9625229248227625,0.7960557991941309,0.9437236545712661,0.9587105889842218,-0.06109364114907929,-0.7936776625638023,0.6521663491912786,0.9589006561204972,0.885036264122294,0.8438545936690447,0.8904278834880046,-0.31431994511299205,0.754447921397606,-0.9536976155402971,0.6342553240218676,0.9302630238551839,-0.8013802764921986,-0.9944303732548372,-0.9422098791034706,-0.8249264199249265,-0.9088118849357164,-0.9630895591210753,-0.9896057566944331,-0.8598386637564913,0.8750960033868195,-0.7569885410805779,0.9678262474714919,0.9212862401780915,0.8316662713773,0.7098644957407081,0.6293049046268722,0.37560642663545,-0.8499875217151327
-0.9847903772506253,0.9504403101312773,0.999999993546639,0.9673707871580208,0.9783213029440457,0.9920983731115822,-0.914101617437249,0.9722823839954851,0.9789524793986277,0.9594183992205646,-0.9236893555181228,-0.8848191017467676,0.9775608294792845,0.7331524256643889,-0.9995170585694888,0.6971664610765078,-0.990892462573785,-0.9473020827577638,-0.9664480895197187,-0.9651469487917897,-0.6437160578864849,-0.927765195677971,0.9702368119131025,0.9848726172281702,-0.915377311636064,-0.9768358023271895,-0.25760816427416916,-0.969273538574105,-0.9105753865393653,0.9728265306334509,0.9651769357499311,0.9940966191626922,0.9166076199220559,0.0778151291059407,0.993383174616832,0.942893682846595,-0.698512181085713,0.9088309814557132,0.9530480671974872,-0.9456531157086071,-0.9702958791210612,-0.923948960894753,-0.8867449993732419,0.9498545728876215,-0.9691989623643303,-0.9268765973951427,-0.9429664741159528,-0.897512190308858,-0.9695282436613921,0.9899498545845818,-0.9022976902822579,0.9942083431190655,0.6391755554816371,0.9253142972274261,0.789740342070398,-0.9241299021467502,-0.9573508361212489,-0.9331094730440787,0.961367826059019,-0.9821725159792261,-0.9869013044044594,0.8496203165520092,0.8940315690998724,0.29667653896331614,0.9757799100072216,0.8419560729509593,0.5038275345459506,0.9382773320565351,0.7604668364425289,-0.9450842257325581,-0.6460171703187352,-0.8511468003842996,-0.945126096730265,-0.9339629860789898,0.15260743176794656,0.8726382384408049,0.7955846634282805,-0.9522616952277848,0.9562067969455055,-0.778375849775515,-0.7921219777356323,-0.8174970705743992,0.9854072463462088,-0.7377604740636177,0.8893108817491607,-0.9321367203255477,0.7483835550471475,-0.9524931573153622,0.9634260814791594,0.9035074482631253,-0.8108209733146748,-0.9646863725600643,-0.7771557441768844,0.9808710589123926,0.9049586008492908,0.9403493354055453,0.9308672581586083,0.13863476026220456,-0.9404576520118044,0.646578013973693,0.8599163725198311,0.8628727718101129,0.7219093006080648,0.8062635468071507,-0.4629135994397201,0.7800993402410471,-0.9737339608214587,0.6656377485352277,0.9468904302164908,-0.8896286829792716,-0.9607791680337963,-0.9450601993957429,-0.8201407555862023,-0.9862823712395188,-0.9799569143101877,-0.9601215371029307,-0.9039139236413679,0.9395778335317231,-0.8833129408356208,0.8809891469980772,0.901241371906872,0.6998575427664143,0.6004546158638927,0.44035892574255936,0.1507613970784433,-0.9687949589899032
-0.9588447741962393,0.9163419616063838,0.9673707871580208,1.0000000012256176,0.9965661945117332,0.9610232509559958,-0.8440103736192718,0.9897671823804206,0.9955296782416453,0.9941976111108475,-0.9872625919737921,-0.9449604537102935,0.9742296187935024,0.5893719326448992,-0.9635989501374438,0.8268821134112696,-0.9606938699305186,-0.9267386275827912,-0.9964055907522028,-0.9788672822927683,-0.5552548378461613,-0.9801915954298314,0.9993178938812016,0.9655813141282726,-0.8524809378773913,-0.9767070402677825,-0.10089152283734214,-0.9617557648150664,-0.9618655722260352,0.9826868824657046,0.9894848314641819,0.9862132915074974,0.9717183655717565,0.12186495871679193,0.9776647470781445,0.9889755237835739,-0.6505621616653353,0.9762631539642811,0.9837530531290961,-0.8636905907877299,-0.9965758701471801,-0.9480911076431058,-0.9373345002676797,0.8512292042216457,-0.9940298516727404,-0.9823118850961126,-0.987097862024524,-0.9494802734069049,-0.999674717370887,0.9621325780675453,-0.9545173192315051,0.9695624384076208,0.5152550780388978,0.9699740655256205,0.8874407230344432,-0.9674122974007175,-0.9607899094969617,-0.9931513199232748,0.9507181106804138,-0.9615069160440203,-0.9719968441722722,0.8802105191676481,0.9202190774388462,0.05063038041334387,0.9449806886198887,0.9226287337654073,0.6471799379049589,0.9712833921041095,0.7045681531441823,-0.9956932300870083,-0.7020669875269949,-0.9341812215510038,-0.9950115177262164,-0.9435096511374539,-0.0624747693669609,0.7719886902033887,0.8243716714430884,-0.8613708989523163,0.8701914392262186,-0.6436871391796667,-0.8018543434597999,-0.9326914141158793,0.9805385874791461,-0.7991903195816144,0.9009986672136202,-0.9900178319146837,0.8404258856049448,-0.9951057628868774,0.9933263343568289,0.9652177067173786,-0.9313266407851709,-0.9917685862212818,-0.8851853969401849,0.9886961582422575,0.9362826279636851,0.9820627978921753,0.9669112741913881,0.07997122797746804,-0.8959686528279887,0.7914222874999345,0.8725003888541959,0.9313021585387455,0.5831081204352031,0.7694448764195656,-0.6020211278387421,0.7437157159021426,-0.9523995816192968,0.8308041204440939,0.9883796641446425,-0.902636701650441,-0.9470094508959704,-0.9854930406621676,-0.6519961118979145,-0.9694633089372204,-0.9796257583669594,-0.9270379134838043,-0.9716610697836475,0.9929359128263604,-0.775137783767493,0.8504185517166463,0.9571987689599447,0.7577915710607377,0.7318150190295917,0.2731649735095988,0.0045577471065934615,-0.9631237724312862
-0.9604272591119278,0.944250956330771,0.9783213029440457,0.9965661945117332,1.0000000022845852,0.972691228925517,-0.878885583263183,0.9817574157857264,0.9964363298761376,0.9853212861291505,-0.9817414665258313,-0.9525028584005296,0.9683259323595594,0.608528524378244,-0.9765552480299554,0.7962608742598121,-0.9678514310879763,-0.951315239105808,-0.9957808942423974,-0.9864919959085984,-0.6133119071123266,-0.9830637188645561,0.9981246867836835,0.9635058931142013,-0.892373303670175,-0.9879080688109911,-0.1676458620916823,-0.9786544618683658,-0.9455413997040463,0.9932024310585803,0.9946422519493545,0.9907097200679902,0.9623160265837344,0.0764375674504677,0.9900696177628606,0.9862957570416979,-0.6776088186282212,0.9589617147623523,0.9905112433647586,-0.8697362953257644,-0.9897655846597592,-0.9650496294811465,-0.91985246304058,0.8669995383184007,-0.9971699334913781,-0.9825799243756455,-0.987936371706107,-0.9598962809814615,-0.9954743216127756,0.9804385702441953,-0.9637998462088442,0.9849966332366401,0.5219411080851447,0.9781579576282701,0.8836781449899254,-0.9736952030152649,-0.9736674266448225,-0.9810949637396492,0.9666853904486424,-0.9709202942968561,-0.970200580199167,0.9036235418276333,0.9320059909130917,0.0961314398719409,0.9652028943022494,0.9280359781842914,0.5854109096525383,0.9676929819067168,0.7466209006295244,-0.98615561185533,-0.6706914030120799,-0.9122554321537911,-0.9906416962658146,-0.9615882063076464,-0.04705380242231141,0.7753381469661728,0.7879700712103859,-0.8914437444451492,0.9021284684032542,-0.6663014050566689,-0.809195691186949,-0.9030443792353726,0.9933437176796882,-0.7603684068331504,0.9069712743428857,-0.9848087958809257,0.8499469981864777,-0.9903990193191363,0.9951654917207537,0.9686963526594581,-0.9128099912502886,-0.9969965718597986,-0.8670660506953938,0.9949832422447572,0.9142521755568226,0.9840207333112096,0.9775621524556045,0.039091350497472636,-0.8893803626140679,0.7801380360667902,0.8940594845119381,0.9250518593569734,0.6378225822793889,0.7901627609814665,-0.5670477945778551,0.7397285703139541,-0.9601916876215639,0.8020594813464489,0.991557660449365,-0.8847779304465601,-0.9693011543818865,-0.9867034052819332,-0.6980290879537383,-0.9754704266656256,-0.9861458969651861,-0.9478087461222453,-0.9664090941605805,0.9844327372110205,-0.781319737240706,0.8772131392283277,0.9560550468814182,0.7865170408927625,0.7240812288675953,0.34366063421234866,0.08664753129984114,-0.9567228998779208
-0.9607604109435837,0.9652485975970856,0.9920983731115822,0.9610232509559958,0.972691228925517,0.9999999995092314,-0.9434209431125222,0.9630600734955069,0.9638274730205103,0.9430608784219412,-0.9271730893773994,-0.8985443069478359,0.961161383848673,0.6683360620009765,-0.9896707844295584,0.6460002029897283,-0.9668587728129636,-0.9654236125808797,-0.9700953081935492,-0.9414208798593953,-0.6972630895308147,-0.9294989906431319,0.9672609314793822,0.9748734748526894,-0.9237169504624143,-0.9567224278217556,-0.3322068253038887,-0.9808287536014805,-0.8751347388986227,0.9773029961217127,0.9499660364814512,0.9921126971507664,0.8839245186758098,-0.02910467347014515,0.9923432332175911,0.9533353742573873,-0.7797763852714165,0.9181464195665141,0.9592723297077678,-0.9324273901543448,-0.9615114385854119,-0.9140507754020171,-0.91546628640242,0.9443366288863733,-0.9557098523886861,-0.9148179977873825,-0.9518139793438573,-0.8997374652708848,-0.9615486644801057,0.9869985290754174,-0.9063296281740069,0.9886284376227958,0.5591885983253447,0.9254827810488035,0.8256212118308085,-0.94010229244657,-0.9775333632454434,-0.9258601108934321,0.9316666392924672,-0.9524644644043158,-0.978773184607133,0.8306548308722063,0.8531909244771101,0.2704033102732743,0.9893606547392331,0.8493093330131817,0.4620831610163923,0.9026538774215227,0.8185971643689895,-0.9326985940276512,-0.5613233036342945,-0.8115598141050235,-0.9334560189365682,-0.9115085262937247,0.12647810285418723,0.8377456468046406,0.7991478357208521,-0.9255886917008299,0.9354517392474507,-0.7142440965763258,-0.860972392540212,-0.817870762634945,0.9818721064775007,-0.7693527928579686,0.9366814975424251,-0.93696803249469,0.729787429847246,-0.9577724933973095,0.9689839853062767,0.9105926680127415,-0.8078612333492509,-0.9640838976103797,-0.7319888238203924,0.9864686775616567,0.9147059447446817,0.9536416145025194,0.9370687923382438,0.16645300200229274,-0.918066766525955,0.6182055778153335,0.9021813954272359,0.8992433571258381,0.7675140101874026,0.8730354968224514,-0.3816151290890986,0.8404973818839423,-0.9938321502111027,0.6555266436832098,0.9384665306716057,-0.9150427618624568,-0.9677360758995095,-0.9568590208631984,-0.8219549996530194,-0.9595701108226531,-0.9920953317321659,-0.9836115290498835,-0.8807031708641511,0.9232034773285889,-0.8763113454449213,0.926602873495699,0.9280665804366233,0.7017833555456201,0.6582804172981345,0.49288651949488216,0.16072750527495172,-0.9426177219217444
0.832295709876649,-0.9809807063233562,-0.914101617437249,-0.8440103736192718,-0.878885583263183,-0.9434209431125222,0.9999999841998083,-0.8230228859511297,-0.8496340806537338,-0.7956790016464179,0.8224988044570009,0.8576970209515469,-0.8173559699658395,-0.5691015833670967,0.9165425907899589,-0.4199347299480976,0.8579398308154474,0.9747304772705487,0.8744748054959743,0.843713735289185,0.8932754504091281,0.8521436430843544,-0.8615743983666189,-0.8494261726462002,0.9764303532071331,0.8731595436289823,0.6149426871584859,0.9537121448621966,0.6861340904216199,-0.9205929223494479,-0.8541248768890836,-0.9008687553491661,-0.7237753939506446,0.3201734530180295,-0.9306120829923584,-0.8624832420017029,0.8911974907084583,-0.7781497722652966,-0.8956181907367253,0.8286643631605659,0.8279358598686798,0.8725312932212855,0.7963894826214803,-0.8826330355744539,0.8539181342493152,0.8128292041083055,0.8720191920119393,0.8542132270591616,0.8392628791656068,-0.943752548621958,0.8581295161631813,-0.9317327904018394,-0.4092050145926977,-0.8653284025632852,-0.7828712514838556,0.8904696582254079,0.9479200636762556,0.7832627477278364,-0.8552543958106457,0.8479241785585948,0.8568896985506631,-0.8118464696091234,-0.7611674309216722,-0.34369550407882876,-0.972835267337541,-0.8008676441126794,-0.15262982787300852,-0.7554012703427517,-0.9524549096864283,0.7911149860489751,0.289531711248409,0.6078957864270942,0.8118577610503279,0.8569262551928196,-0.10732225645929865,-0.7046152498552555,-0.5876837204137355,0.8944709583241751,-0.9182149998393548,0.6252500995674373,0.8834960453472964,0.6383620064169556,-0.921265109270072,0.5910904389374085,-0.9200985470097157,0.8332469211082123,-0.6791607240510874,0.8520550452143518,-0.8850097797898537,-0.8454020340138105,0.6676514832364039,0.8853194620338064,0.5477270036180557,-0.9140845438094757,-0.7526736202141816,-0.8829251213322274,-0.8910367914561993,-0.021822758291970074,0.7628927913683778,-0.4973878563455311,-0.9412962886913812,-0.835781694401539,-0.9265715806170349,-0.9348847184160908,0.13159815520306298,-0.8057969544529198,0.939797108546258,-0.4909314394480805,-0.8472686271138145,0.785065425704604,0.9555859974400621,0.8809968420439444,0.884945943191703,0.8457964986708334,0.9268092736163064,0.9815438583761605,0.7498353866363654,-0.7819973399283676,0.7827614431562285,-0.9804934828025473,-0.8671200905138752,-0.7459584596274234,-0.65011791547424,-0.7441078838144357,-0.4411319562724522,0.7865892867536257
-0.9792619317828553,0.8854262354695848,0.9722823839954851,0.9897671823804206,0.9817574157857264,0.9630600734955069,-0.8230228859511297,1.000000001625423,0.9874366790779795,0.9941930483457988,-0.9594352863750809,-0.8912371278387959,0.99467359326647,0.6539737273000639,-0.9665537591774019,0.8059315940269913,-0.9721947497074717,-0.893405909103678,-0.9818887551050476,-0.9584434331526903,-0.49575475992353046,-0.9422619584213044,0.9867427837241521,0.9889721424864231,-0.8160059534351637,-0.958350536294746,-0.0682599837898602,-0.9359158658337828,-0.9662223619441717,0.9584415340015028,0.9668043485848038,0.9874861096820775,0.9585803886635251,0.19006827075325874,0.9674893591452337,0.9673367430878366,-0.6289452133916179,0.9707809075705534,0.9528076546189322,-0.9134624103163143,-0.9980630630539196,-0.8999801356077202,-0.9436618616996262,0.8917883600390221,-0.9752979472905532,-0.9480288535228075,-0.9593194437142432,-0.8955598705137544,-0.9928522023399377,0.9478169965314269,-0.9028472789364194,0.959227905645918,0.5923233219861302,0.9261298435963123,0.8307715447598968,-0.928380676249339,-0.9356936117845877,-0.9819801837168243,0.9295835583742262,-0.9615290167093541,-0.9917010974253515,0.8134916485710125,0.8820000485765506,0.12766753917989637,0.9283543063443561,0.8589393873466152,0.6821568918967652,0.9613580333524229,0.6570582902889428,-0.9858780821560812,-0.7345423300499866,-0.9280121823830121,-0.9746346709122972,-0.9034560080770097,0.05645163211088808,0.8405293107426474,0.8863176202515005,-0.866202465271771,0.8675582530076582,-0.6947512214770817,-0.7826464217908408,-0.9197815373809298,0.9618930651121754,-0.8427450625355357,0.8841627580064013,-0.965539513827221,0.7598133823392591,-0.9803578355777438,0.9735358058705181,0.9192805076842167,-0.890885373677614,-0.9667918248897898,-0.8530301062310272,0.974953242114922,0.9662014687227406,0.9535093106082064,0.9237747751177339,0.20893464871303244,-0.9466074306646107,0.7179075638082412,0.8215942287400403,0.900858361027497,0.5665725978116737,0.7543444461932706,-0.5829500613738805,0.7811222231880866,-0.9556386199576592,0.7802634771778116,0.9577022140294836,-0.9361714346738301,-0.9140278153582958,-0.9594818854483196,-0.6757260817909488,-0.9740598493949639,-0.9710077093788063,-0.9106201304481816,-0.9405882458171505,0.9790045313638142,-0.8425709776255783,0.8186239082902385,0.9249052095295314,0.6594512699324899,0.6587366394287805,0.24115241332460743,-0.06795636774975801,-0.9863572581296689
-0.9749288130013327,0.9219666190418422,0.9789524793986277,0.9955296782416453,0.9964363298761376,0.9638274730205103,-0.8496340806537338,0.9874366790779795,1.0000000004146508,0.9929550008431608,-0.9719362810007176,-0.929442980232206,0.979827615780993,0.6530954618884932,-0.9775291487125912,0.8231003313891414,-0.9795191492984575,-0.9272208785670535,-0.9878121683936542,-0.9911473579810908,-0.5593773434982531,-0.9706895049358196,0.9943374824920302,0.9714339887695662,-0.8706535233967592,-0.9903797144776808,-0.10751570366003586,-0.9610011640934086,-0.9660852197132408,0.9808560887813167,0.9944780526738652,0.9883413608753283,0.9764320009408082,0.15768807995145195,0.983438373014904,0.9734261517412088,-0.6212518807313913,0.9526627059581301,0.97642756975375,-0.8839120944350063,-0.9931371518461621,-0.9546851953637099,-0.9053855153099807,0.8733188167001997,-0.9972103338124138,-0.9790861448047352,-0.9740652720448375,-0.9426861051813576,-0.9961948633700721,0.9730340016117512,-0.9462366049968804,0.9803617685571306,0.5799325966350412,0.9645304616309122,0.8497882234010586,-0.9526201750288894,-0.9520641532483781,-0.9818653585673645,0.973167281840612,-0.9829435283857899,-0.9762460696096029,0.8934903399173315,0.9419067854453285,0.11896134666958764,0.9478374740408309,0.9068620737006299,0.6246479524439963,0.9831224965423218,0.694955275581365,-0.9896277931119837,-0.7279117903557064,-0.9339410240711264,-0.990611567972418,-0.9597232362351509,-0.00999716073853021,0.8062503322665623,0.8027734157041435,-0.899540628405389,0.9050180839126876,-0.7068866265582546,-0.7631814742639491,-0.9024120696168,0.9862441262103281,-0.7562056533750746,0.8733427771815958,-0.974895371750582,0.8391961905549076,-0.9821787027743258,0.9846118370394153,0.9516036712474156,-0.9063411799879013,-0.9882034319835059,-0.8858908151214598,0.9849275807113076,0.9160816973667101,0.9673367437208493,0.9603121247103789,0.05748601242497058,-0.9109108493043279,0.7800391389018339,0.8535229672940325,0.8966939394129257,0.5978221265795617,0.7439671178570417,-0.6124709457632682,0.712430128315887,-0.9454861272784285,0.7995076803285116,0.9862810230353235,-0.8780350910590033,-0.9518238890400745,-0.9715025941275234,-0.6921342161771095,-0.9873490456091356,-0.973514723698609,-0.9249338412931233,-0.9707749868909702,0.9890901397674815,-0.7959858719353615,0.8379949197346995,0.9316638759107245,0.757573834711305,0.6756857117338662,0.29477877969968136,0.05175417292871414,-0.9743693717998079
-0.9696335190986531,0.8763431925186386,0.9594183992205646,0.9941976111108475,0.9853212861291505,0.9430608784219412,-0.7956790016464179,0.9941930483457988,0.9929550008431608,1.0000000030497898,-0.9719801849046634,-0.9095686650548478,0.9846813965395123,0.6295729594038767,-0.9551051732463396,0.85903164430113,-0.9658149452739795,-0.8858872866381778,-0.9822596742270241,-0.9739481752168049,-0.47180910740996546,-0.9584155119037279,0.9897309440122318,0.9713348294350723,-0.8084967902365066,-0.968469178019579,-0.012669700277425417,-0.9306545412771049,-0.9839114855992754,0.9592891258766245,0.980385963692084,0.9772131065468055,0.9832172313917188,0.2253514597157002,0.9605411258839761,0.9700933581728621,-0.5788374266297631,0.9708017557358264,0.9594124930951755,-0.8755161501428804,-0.9974595629238227,-0.9224481932295253,-0.9249511158077801,0.8508674654630621,-0.9861925276990093,-0.9707108246324976,-0.9654007301114396,-0.918864730909564,-0.9962099502007457,0.9417887670723091,-0.9241307958842071,0.9533577113523389,0.5749677333261006,0.9445335056379183,0.8453748778666104,-0.9356187771414762,-0.9272694862619107,-0.9922851891647941,0.9446503382460005,-0.9651682913966841,-0.9754090541982706,0.8511830986584199,0.9178140599391124,0.06316395426945925,0.913822431015113,0.8891763029054326,0.7089414253877298,0.9822421017228407,0.6295414661393258,-0.9967169400101327,-0.7702144002838605,-0.9586734303556945,-0.9897178547809499,-0.9267023008478107,-0.020430204675868455,0.8036882442186731,0.8536753583809877,-0.8544236287793164,0.8566464191029822,-0.677180546563537,-0.7471839977420303,-0.9370453698070801,0.9620572940410534,-0.8088964449305339,0.8589590537928293,-0.9747847388096822,0.8148995436190726,-0.9821951463579461,0.9752441785121412,0.9378729450355187,-0.9233783330298888,-0.9737720614397042,-0.9034325849337248,0.9700208789983736,0.9439586593234397,0.9570896468221217,0.9370033535022658,0.12410062319453416,-0.9197307499942655,0.7850981917124299,0.8150243592236528,0.8977249947558389,0.5184177146301207,0.7101941739329064,-0.6557464434886576,0.7171485953977537,-0.9301441676780405,0.8302005859139435,0.9741963052135576,-0.9006558429426438,-0.913566789441769,-0.9624838043461963,-0.6278321215390674,-0.9745824323296012,-0.9587650607126724,-0.8902568593820339,-0.9703095110234145,0.9944308457708214,-0.789374195525734,0.7940923725106075,0.9254355601543631,0.7058485641413567,0.6760414516469051,0.19402706292200195,-0.06688383361804405,-0.9802236713035191
0.9015215029228768,-0.9039655364141916,-0.9236893555181228,-0.9872625919737921,-0.9817414665258313,-0.9271730893773994,0.8224988044570009,-0.9594352863750809,-0.9719362810007176,-0.9719801849046634,0.9999999975810184,0.9766933983455192,-0.9280257245826907,-0.45708865692147865,0.919003446880134,-0.8371100557300961,0.9067143852493409,0.9217173294459362,0.9899497292202607,0.9573585540879,0.5676965550221945,0.9939137987720091,-0.9882501992985161,-0.9154815156144918,0.8317033468840195,0.9510152892057424,0.09698782388073822,0.9531157066749429,0.9347686465652455,-0.9753006199878411,-0.9766949345928695,-0.9554826842864147,-0.9565852798000439,-0.04555966780863409,-0.9511427927677467,-0.9954946833968636,0.6671213302855661,-0.9811965573201467,-0.9881190646568415,0.7784462980152485,0.9741304306395141,0.9528058285840819,0.9402384048580555,-0.7692248291442031,0.9799632245685386,0.9884400760168536,0.9955839626840648,0.9728492301076341,0.9834293743492873,-0.9331526169994246,0.9774709544075019,-0.9380563283011564,-0.3778117455883499,-0.9837460087478177,-0.9460277957631422,0.9856919405706512,0.9597182435052585,0.9902486452643978,-0.9189836174568432,0.9144046898796196,0.9261696062415589,-0.8948389911995953,-0.9061884614147309,0.0913620571836852,-0.9245842837204101,-0.964536014478391,-0.6408629153739843,-0.945279151222547,-0.7200231495183714,0.98623165234562,0.6446374226835437,0.922687491024593,0.9914371765495003,0.9328383897753068,0.21349107914427473,-0.6620384749536359,-0.7802132973245299,0.7912378684607309,-0.8084394510531483,0.5208645327401715,0.8272647994253753,0.955258116308776,-0.9611718327495533,0.7905665812547363,-0.9128793247585744,0.9995012045426402,-0.885356631099059,0.9940102824370688,-0.9907324577048853,-0.989522386085382,0.9692586394401299,0.988125971166101,0.8952832891247949,-0.9752263508856924,-0.9105062665905671,-0.9923877461212799,-0.9802529852521351,-6.711379798804468e-05,0.8180927830481861,-0.8475426648248854,-0.9016607453205217,-0.9643776363728277,-0.5499172080096396,-0.7762235862155129,0.6061007936058811,-0.7195500279739124,0.927353152354268,-0.8891250037451719,-0.9892398739604785,0.8768723386997753,0.9382905498209302,0.9931734203760393,0.5637499110007418,0.9224203022668354,0.9638716142956171,0.9109451586318076,0.9752853466996603,-0.9848541697948774,0.67641329207495,-0.8562398574181288,-0.9816772184319364,-0.8125295044101755,-0.8257817145744305,-0.25011406025529914,0.002169339640697517,0.9101989008648511
0.8304338975105703,-0.9313224724298138,-0.8848191017467676,-0.9449604537102935,-0.9525028584005296,-0.8985443069478359,0.8576970209515469,-0.8912371278387959,-0.929442980232206,-0.9095686650548478,0.9766933983455192,0.9999999997215768,-0.8503270257652646,-0.3648529283285572,0.8838061106250851,-0.7626275108103413,0.8508006711929366,0.9482796829369796,0.9593002310781864,0.9321002331060082,0.6905794446110559,0.9900014151126799,-0.9522643311808138,-0.8424666052977661,0.8790517730516944,0.9295770889350348,0.23344797688287264,0.9590582361209186,0.8530894085129486,-0.9682960818130155,-0.9535925432923315,-0.9139236773410594,-0.9007057247805963,0.12283536935786186,-0.9308398683706988,-0.9723203349995001,0.7231799781183805,-0.9251028921137587,-0.9837433386826543,0.6930239063960516,0.9156697416412596,0.9723421140032216,0.882075358461779,-0.7079553699451842,0.9511245615225676,0.9722819218744676,0.9819819480860069,0.9949678890869291,0.9362837601554963,-0.9238327649597481,0.9965587978113485,-0.9200758445263223,-0.2559594717030192,-0.9917214139638697,-0.9701649882354213,0.9931966078432652,0.9636391536356327,0.938507159305452,-0.9032624278379342,0.8699512657668056,0.8575017344769544,-0.9394968488875913,-0.8988888183850694,0.12417946492891972,-0.9271805638894945,-0.9933746229384625,-0.48718149718466225,-0.8920827142391838,-0.8072632781254956,0.9340175581988518,0.509970503686703,0.8440758751085432,0.9559016788892731,0.9411207312208582,0.3174343639271295,-0.5507903160639152,-0.6408699746388651,0.7725877317273977,-0.8011844387550999,0.4436196961949766,0.8456117000415657,0.8899941345903613,-0.9483893628999897,0.6784437510581864,-0.9141908618726942,0.9737531676188312,-0.928790938082366,0.9594217337754869,-0.9690182576118711,-0.9968837242489197,0.9425756486278387,0.9730668767963284,0.8462865309824915,-0.9532149576709422,-0.8166034376717439,-0.9828786528228803,-0.9930452837523851,0.16567930865156993,0.7116089916743523,-0.857603678760588,-0.9537093600662243,-0.9584405551276456,-0.6229081767219321,-0.8072236219547475,0.5227854751329816,-0.6690109716601284,0.898211675444123,-0.8616874301378915,-0.9742565893443792,0.7922652990753883,0.956394056661092,0.9795647488685452,0.566860474517307,0.8703229148065852,0.9402248488283635,0.9187787064180443,0.9454597072051387,-0.9363755850217343,0.58063676764664,-0.8984467660227108,-0.9786221739323564,-0.9079766755400075,-0.8768792109736384,-0.3737655230979587,-0.16959681716186856,0.8258067094041497
-0.9932031843066993,0.8734061304401759,0.9775608294792845,0.9742296187935024,0.9683259323595594,0.961161383848673,-0.8173559699658395,0.99467359326647,0.979827615780993,0.9846813965395123,-0.9280257245826907,-0.8503270257652646,0.9999999967876548,0.7268044828803187,-0.9729199260585117,0.7822972722817043,-0.9848643933952015,-0.8760731230096652,-0.9620677365219836,-0.9517910329797784,-0.47740044475682836,-0.9117104872935754,0.9701764403938881,0.9965765625593632,-0.8126018184107201,-0.9542628172143575,-0.06884912984591318,-0.9195900077419609,-0.9613808201200874,0.9408310094033294,0.9535959395631295,0.9833142046046829,0.9471356141967425,0.23727064133592532,0.9619825548471432,0.9391340982301091,-0.5990173805067963,0.9420301702264076,0.9276500771855997,-0.9453093516592254,-0.9880873930430741,-0.8784846169667491,-0.9149021438895956,0.9224686200037041,-0.9622840735964544,-0.9229916391007181,-0.9306382975896488,-0.8610193665146222,-0.9794413086751496,0.9450692075531778,-0.8680925583178556,0.9576901622250181,0.6698909195693611,0.8966395875757204,0.7717175223135999,-0.894389622252394,-0.9135383808434716,-0.9598510285922869,0.931260054114821,-0.971068158876815,-0.9965024465523528,0.7895934353040174,0.8747138614045478,0.21794168499822267,0.9194833646042537,0.8130211881134617,0.6673083273146599,0.9573245428477154,0.6309284083176531,-0.9683867027159365,-0.7567240648054485,-0.9144369926105544,-0.9543180826021315,-0.8925207953322674,0.15071093564448532,0.8908702326166853,0.8878549775276968,-0.8938320890645661,0.8897070761590822,-0.7611808118292164,-0.7428307130642088,-0.8811233896568303,0.9524669109850158,-0.8208482850065904,0.8520503135884396,-0.935857196731597,0.7173413037756212,-0.9567408779101935,0.9516492359882177,0.882415025207876,-0.8450952704411699,-0.9466478905656709,-0.8290923151871665,0.9600838162493671,0.9556227254061436,0.9235430763781873,0.8942809006812461,0.2454093340366744,-0.9727580491683141,0.6684073427356535,0.7826275817033067,0.8552845554749586,0.5745885658952685,0.7280902318313694,-0.5707707760931657,0.7709936923345014,-0.9470055148682801,0.7243636339306913,0.9355824764227987,-0.9252324376179021,-0.8992771458550975,-0.9310407150402455,-0.717790547145888,-0.982620324529958,-0.9570120415082802,-0.8986697117342529,-0.9177354442312748,0.961332350140081,-0.8836832896859664,0.7940925914343535,0.8854202898677725,0.6134677649877511,0.5798139621237183,0.25174572693631536,-0.05460683330738096,-0.9968344134662428
-0.7902897379871374,0.574741880970559,0.7331524256643889,0.5893719326448992,0.608528524378244,0.6683360620009765,-0.5691015833670967,0.6539737273000639,0.6530954618884932,0.6295729594038767,-0.45708865692147865,-0.3648529283285572,0.7268044828803187,0.9999999888647111,-0.7414312155716493,0.4069381853683938,-0.7876289157770902,-0.5382357231169291,-0.5527918288606912,-0.6594814029394198,-0.2824474286315764,-0.4673687160716097,0.5816827041121788,0.7375848399079098,-0.6078034432604904,-0.6781570250992793,-0.0984398989714133,-0.566434420545946,-0.6442420002892687,0.5695043923030063,0.6120399506780135,0.6679482508258369,0.6080290278941076,0.4453227314636664,0.6592332028670357,0.48066012326534346,-0.22011972545026146,0.45435302722975124,0.510558999174294,-0.8526599753192919,-0.6257084292572712,-0.5307831569232925,-0.4161992470338167,0.8404792431078084,-0.6137902382130891,-0.5141663111269554,-0.4800733355344746,-0.4235792414192177,-0.6048415372154143,0.675161950846704,-0.42348673528914815,0.6879104328285967,0.9788459297098694,0.4738718412707564,0.16897612325589953,-0.4287648678339761,-0.5146162284146892,-0.5286370490708162,0.7117901901724858,-0.7705660932166368,-0.7208582286918532,0.4766249992856036,0.6269247412356587,0.7530734259008637,0.611199499206505,0.31398754069672674,0.3099510467886021,0.6690391928682142,0.312760133344185,-0.5695171682107472,-0.6715541306920229,-0.5578645589354605,-0.5529441962200239,-0.6126359898176701,0.6738745455607137,0.9325746470062651,0.5538168188352907,-0.850499266062341,0.8152067888491347,-0.9943084182810465,-0.24209645014111622,-0.3443963436460841,0.6343516674212618,-0.34730509045953695,0.3784411233359562,-0.4712122029211419,0.29945340976865703,-0.5193497362598124,0.5368495822190932,0.4083715425053103,-0.3037726232156479,-0.5550813045077873,-0.45438312583393714,0.5891058186569466,0.5542959771688959,0.46579560246208884,0.47076912490880574,0.26852541935954516,-0.8266224083219916,0.19908437626663456,0.32600540760058533,0.2956645081540836,0.49585265652235133,0.33234390934148306,-0.34486185788652435,0.4119523594052219,-0.6027210177002652,0.15336264764187185,0.5405568200852907,-0.5234814875866336,-0.575240518251022,-0.4794474963292916,-0.8086055185910823,-0.7641187708461539,-0.5857806024449295,-0.571219535976844,-0.5234367489033686,0.5694178021897428,-0.8548808557315912,0.4191599766113811,0.36843454783633817,0.22291705390264444,-0.10131964046179903,0.30819732576899195,0.17381860140608693,-0.7615163791198656
0.98333955146951,-0.953452867435178,-0.9995170585694888,-0.9635989501374438,-0.9765552480299554,-0.9896707844295584,0.9165425907899589,-0.9665537591774019,-0.9775291487125912,-0.9551051732463396,0.919003446880134,0.8838061106250851,-0.9729199260585117,-0.7414312155716493,0.9999999986470981,-0.6942175354176856,0.9914439205917539,0.9490348933772236,0.9622099096208283,0.9675885408030452,0.6522774710635584,0.926199025222743,-0.9667023282855125,-0.9801632014686975,0.9231439582931487,0.9795784651474008,0.2657679876501684,0.9693421059670219,0.9069980270114205,-0.9720625876345281,-0.9657868037403777,-0.9911638758130871,-0.9154535850664848,-0.07702654828649333,-0.9931279279774996,-0.9375566058278209,0.6920580362141953,-0.8988746903975813,-0.9514189572226682,0.9424653771664931,0.965309367251556,0.9285956265039443,0.8733339362548999,-0.9487083750532592,0.9687634219640612,0.9264388649785443,0.9391727502304011,0.8989603406946622,0.9655945427474274,-0.9918598196585877,0.9030209054046852,-0.9954765442296039,-0.6459794596869987,-0.9257873022336638,-0.7828652908117124,0.9214794508688536,0.9550315089267699,0.9272665813974589,-0.9670784715736487,0.9848416150056336,0.9821784793070896,-0.8587289129529452,-0.9014306515741781,-0.30787509238336946,-0.9759590299439397,-0.8420099727468018,-0.48868310986743435,-0.9389152043976245,-0.7627275313192107,0.9405805647334095,0.6452253772874887,0.8474418909360009,0.9425185774157852,0.9403125032667566,-0.15380872662334946,-0.8712402547096925,-0.7780808734746452,0.9601258391975671,-0.9640923328667247,0.7880346757101773,0.7814640686022799,0.8062191461670126,-0.98611749281375,0.7166564590227655,-0.8808979998623419,0.9271234937310792,-0.7547447538594166,0.9469479631441048,-0.9598854001022535,-0.9018490613358641,0.8046322283943999,0.9632740670965615,0.7770456856407087,-0.9781683253122909,-0.891760207728739,-0.9362618444020737,-0.9310721596571259,-0.1156523678790458,0.9350791815345955,-0.6486568460878904,-0.8585465731330814,-0.8535168652909556,-0.7280919771299786,-0.7993674673655455,0.4641576252704665,-0.7645867069821589,0.9684339019341798,-0.6588337115484905,-0.9464463747230748,0.8751487897000494,0.9634509038205517,0.940829925851853,0.8278228713118074,0.987295932728383,0.9760821098130565,0.9590432924958883,0.9035205966325031,-0.9361970672190717,0.8785820975394147,-0.879478498101309,-0.8946535899263117,-0.7096918188172432,-0.5909274868170938,-0.45199079916548,-0.17537084072840697,0.9653559819804348
-0.7549800450534238,0.5792359914123169,0.6971664610765078,0.8268821134112696,0.7962608742598121,0.6460002029897283,-0.4199347299480976,0.8059315940269913,0.8231003313891414,0.85903164430113,-0.8371100557300961,-0.7626275108103413,0.7822972722817043,0.4069381853683938,-0.6942175354176856,0.9999999953320147,-0.7472135779861365,-0.5998354761323508,-0.7879981739845033,-0.829508284641959,-0.08852600241363427,-0.8158109191594579,0.8093979807783593,0.7291077376820315,-0.5000240099220291,-0.793236346217298,0.43093144764307734,-0.6704620858366847,-0.9227297090425152,0.7383593688493224,0.8292365484079133,0.7353032287462135,0.924749876086159,0.5100448045495406,0.7100829118498343,0.7880173033828971,-0.15302851743696622,0.8221401851212653,0.7685234206182611,-0.5591465796886548,-0.8231658764421962,-0.7763152616286847,-0.7064991354786159,0.49538997440146026,-0.8290801044749632,-0.8656924322424332,-0.7868751987828762,-0.7871408920553626,-0.8280366950993755,0.6824696932341134,-0.7862797565454442,0.7024303368205939,0.4346057699305199,0.7982776636911356,0.7157314179787011,-0.7464301270849738,-0.6623715103801776,-0.8717548435904401,0.7843204085090402,-0.7794174554324476,-0.7350419596174391,0.7604224315696116,0.8558535369916814,-0.2915491736559349,0.6131783077945305,0.7988923680568694,0.8707107005635552,0.8958327508644043,0.24569116018484455,-0.8733799341671723,-0.8922321054516896,-0.9674305586297662,-0.8672751195649752,-0.7877745693589289,-0.3150570818174718,0.5280603146944121,0.672201058219379,-0.5741044029640526,0.5695081429787974,-0.4587300354843507,-0.4053985106781416,-0.8979553368408331,0.7369705398415958,-0.619983362874385,0.549851322185963,-0.8258734116571362,0.8328970012809238,-0.8038714327085047,0.7786464845161093,0.8025577456683013,-0.9107702286369957,-0.7904524775695507,-0.9856647102159466,0.7380492384219011,0.7353813770792113,0.7650975786228528,0.7626812509956507,-0.10056922807659235,-0.6766327217403029,0.9188546506084978,0.5387052406817642,0.7019025456442138,0.05544686917031314,0.30762058725775043,-0.9398073906662041,0.31921493479460045,-0.6191731465911906,0.9322958213764939,0.8356931470579554,-0.6309828655756657,-0.6612012428435011,-0.7705635679772036,-0.19910222052915985,-0.7837996757936992,-0.6980620524381919,-0.5653394862275779,-0.9138697714657916,0.8874714046328905,-0.4315671814067376,0.4409681361788084,0.7287357609663727,0.6450398190325786,0.5861307088574896,-0.2514772520835601,-0.2949686585144138,-0.8004627266680924
