1.0000000048919648,-0.8266003248652791,-0.9741899255970403,-0.9777717957167968,-0.9441098943256914,-0.9850737157015453,-0.9275769582886231,-0.7880510046687705,0.8319060683973984,-0.4252384355778779,0.7119826534892887,-0.8602411773530813,-0.5116626670224634,0.8921106424376373,-0.8679798996544457,0.9571509081370679,0.7004843430348575,0.883063757003539,-0.614248437549316,-0.4333040998409629,0.5874685189209256,-0.017824629491396266,0.9640678891731453,0.966499770324588,0.09410832458677193,-0.8078213208962308,-0.8768506099220095,-0.4178172225894285,0.9460953471502666,-0.8141882095846601,-0.9252174155390627,0.9453599279021462,0.96946915724184,0.9367510539917695,0.8566066499997775,0.8612604954462186,0.9532464144112883,0.6736838786870307,0.8045589126539038,0.936113681669853,0.826236693333955,0.9250445074121811,0.768553778607928,-0.9181614111926923,-0.27366759813110875,0.7259214751856851,-0.8878786544158683,0.6037789049203945,-0.9015374548934434,-0.9481350238388916,-0.9378888880611173,-0.8386608247828894,-0.9530845856962047,0.7873166352451334,0.6949608359984949,0.8585220098270128,0.8045762866117043,0.7909189210231765,0.9184873616699138,0.8852726414309438,0.86636799570502,0.7910642603287519,0.667900062357506,-0.7041123254836997,-0.6295526697189281,0.9799462346922355,-0.9460315171063816,-0.8244035017954175,-0.7702155738388444,-0.7902888166946728,-0.8593873046808668,-0.8220786742654405,-0.906048740400084,0.9022035946285196,0.8998440691504935,0.8721333365246395,-0.9383374597360389,0.9182456599249642,0.8185785172628428,-0.6681506156222344,-0.720523334217219,0.8035569052367183,0.6421283252713074,-0.9502622883493737,-0.8291307630748874,-0.9137103571269409,0.9378303259245137,-0.4385996583356602,-0.9033876598532694,-0.5806465914823278,0.9855733952655795,0.7281944576913811,-0.7204325689113026,-0.8844350994696923,0.9580775245034797,-0.6301501696751891,-0.9490505712425453,-0.9748192616567705,-0.9299802658965641,-0.6904782154054113,-0.7667145895110724,-0.9267127501491097,0.9590213507973028,0.9505096342735879,-0.9213574052766338,-0.13725102865699224,-0.78342596267026,-0.19021158922046671,-0.9666811230838112,0.5687173246860739,0.8357255418567541,-0.8961616047157979,0.7404451080239736,0.9852766173860086,-0.8567998234072689,0.8587088988389897,0.740356377448041,0.4994990176249638,-0.9128922064325906,-0.8674239885983199,-0.531633835898992,-0.9085139643564379,0.9402895450145092,0.8989988805036151,0.7679228477995539,-0.3136182252714903
-0.8266003248652791,1.0000000013529498,0.8489149304550705,0.8298293161632738,0.7684908371696662,0.8865914188810147,0.8890660831159672,0.3131521767316887,-0.8882765524433894,0.40795826232265625,-0.8665544526895379,0.9067622218107024,0.024272455576093508,-0.7905383093585253,0.9933538775099375,-0.7343459735477366,-0.27741638101713606,-0.8283472296385983,0.9228337496183238,0.837132442231974,-0.22251856579139595,0.024987073728623754,-0.93597906511075,-0.7395129795926306,-0.29755465216000704,0.8893338426413814,0.8824370982184013,0.21726983220299748,-0.8530887037339706,0.7612687459940649,0.9227782859997153,-0.8996978448770343,-0.7328816429472611,-0.9460188893312125,-0.9247782484329704,-0.9318317453268506,-0.947957166449936,-0.9486091326115772,-0.8799378443554515,-0.7049930894855534,-0.9930354003684596,-0.8911889978200696,-0.6539322233788688,0.9644888472582972,0.7248897481303148,-0.8482162082447181,0.8509035683425756,-0.8407966217901686,0.8909959094612251,0.920496020377858,0.9146185529372725,0.4575454717096364,0.8276030982680879,-0.975725093566961,-0.23415421054727778,-0.8079970136972442,-0.9238929662081024,-0.9845710885233456,-0.9453609661721024,-0.9440757974985333,-0.984000165407376,-0.9322528092702866,-0.9615765117145932,0.952460949009322,0.8956875837997951,-0.7337314892197289,0.8408940509409673,0.7123267479258836,0.9726683489634629,0.9263803308095341,0.9377239736307194,0.9767273625836643,0.9240454856038028,-0.7449775940205372,-0.9322987046404893,-0.9542067855714662,0.8789384036921667,-0.842737440470723,-0.8610369572147476,0.15012402048900444,0.2326084701650608,-0.8721675298915466,-0.8834432327623103,0.9415180453598192,0.9567980042340976,0.8434890129211213,-0.9143667852419366,0.8025438790080612,0.8119326215568267,0.3878575422343025,-0.8930576503113096,-0.2686926303449035,0.85390039170131,0.9020542738467537,-0.7144877194870116,0.3117548579514561,0.7748423417612633,0.8875918993363253,0.9407822079948409,0.23048329664322198,0.27565807869258396,0.9468102818772879,-0.9123966808443537,-0.8439386506767161,0.9634245773054797,0.34127915685992105,0.8836987108920039,-0.360399505604473,0.9185333669793206,-0.06234299160082924,-0.912333865617331,0.9150891251913871,-0.3718250908526234,-0.7452057494443318,0.5747580375781547,-0.9933683674382624,-0.8357343665927285,-0.4581039412417387,0.8872977487296592,0.7940895817956747,0.8846396781979862,0.7377561425862637,-0.7737938763145208,-0.9477378902582053,-0.8694933882026398,0.5836167845006726
-0.9741899255970403,0.8489149304550705,1.000000001401482,0.9491390623521224,0.9733890665695022,0.9453677344764871,0.8817382520207326,0.6986817639685936,-0.860740295050794,0.5684159740302746,-0.8362517822028147,0.8371580948974902,0.5428173977290341,-0.9644659544279792,0.8877386419832034,-0.9821277023060629,-0.737144917433985,-0.8671918804831645,0.6398435323412078,0.46592458339173315,-0.6754776944054086,-0.02749214267684989,-0.9687332969308144,-0.9823648515852363,0.010035846843941949,0.8367924730603299,0.9319179112679684,0.34571725095506944,-0.911958465994017,0.822008442698001,0.9130175845870949,-0.9574916561216389,-0.9594800317314811,-0.9240367983909078,-0.8800666098219726,-0.8909330082968931,-0.9472205887578352,-0.6879045874999691,-0.7548009743713137,-0.8956282609733944,-0.864415149888852,-0.8907372278124251,-0.6489071615183957,0.9149590496076447,0.3713135484595542,-0.7054402909498613,0.9671521372340954,-0.5861801313486511,0.9458208807524873,0.9849142816577232,0.9613628758699829,0.7863195824892792,0.9936696906838783,-0.7680865128837302,-0.712249614057919,-0.8659837013352826,-0.8960323136337408,-0.8128141652819713,-0.9663871498974217,-0.9275817142057663,-0.8857714037325758,-0.8772437594645016,-0.7138239379657031,0.7337073830611426,0.7491475103778984,-0.9553658463601493,0.9786276587652037,0.7663988917252571,0.8391265921497129,0.8770550525128256,0.8493239177373157,0.8471342140006017,0.922402265694352,-0.879519810070883,-0.9133602019948314,-0.9368577173714739,0.9244548126770247,-0.917087985425809,-0.909339732359949,0.6393680234551725,0.7039325197308354,-0.8061769596690936,-0.6656029292996302,0.9734962299758992,0.8017548194501554,0.9463784629166236,-0.9666031457540418,0.42960913111600746,0.9095820178146403,0.3905864582315506,-0.9508922278293737,-0.5993683047533387,0.8442071899951797,0.9501184450409267,-0.9593831799749385,0.7284947351148516,0.9626137778161024,0.9765064095087722,0.9638030763005422,0.6210607747824389,0.7070246420572565,0.9636292985347774,-0.9883194110685092,-0.9928694841499731,0.9019547662381953,0.06762611720747808,0.8547994341161486,0.14857926249515882,0.9301343688225958,-0.5799625583578595,-0.8045071755082018,0.8952134353759515,-0.7008386395607538,-0.9404516343295495,0.91269762935674,-0.8757354743781975,-0.864459210898815,-0.6462598929204257,0.8576192484956584,0.954034504876476,0.6238276617826204,0.9713179740016074,-0.9138134342849313,-0.9423107723545205,-0.7068012712489885,0.26502567767177615
-0.9777717957167968,0.8298293161632738,0.9491390623521224,1.00000000141845,0.9553616364772274,0.970199876393083,0.9703059897467069,0.7671873298036382,-0.9078324754901417,0.281309455791269,-0.7172012974547713,0.92959636013576,0.43243679596924417,-0.8327032603292253,0.882614397120188,-0.922267670047951,-0.6250896560470527,-0.9596640173287945,0.6863094385035476,0.5160817175895259,-0.5241274873624481,-0.17427633757996772,-0.9678458572860682,-0.9414439692599124,0.011244554823719324,0.8897560714569508,0.9189166019892124,0.580370912567773,-0.8748026238971448,0.9126180324249913,0.9680029728229731,-0.9765041903526044,-0.9762570107828038,-0.9623232128419119,-0.9185139866163248,-0.9169659457953805,-0.9640887120907213,-0.7344285975921656,-0.8832993872745457,-0.978512050967395,-0.8443401010701058,-0.9734499037307418,-0.8525704374376358,0.9432935096444235,0.22850206686526642,-0.833745176867967,0.8762075225640156,-0.7147780471074555,0.938672144384859,0.9394423352914663,0.9638054287560655,0.8746831549365537,0.9086939314175447,-0.7847414562233201,-0.6371906046407559,-0.9409604450384776,-0.8146440235146419,-0.8309277915423865,-0.9043008585873036,-0.9183965665559463,-0.8951837999491686,-0.8156692970142106,-0.7112905056375907,0.7684319041343911,0.6212977677445054,-0.9791258670030765,0.9633166750401033,0.9219035314652999,0.7905400328724057,0.8181907936549858,0.919710154148507,0.7802056549281396,0.9521735088443531,-0.969951018162178,-0.947218094948355,-0.8618514258836981,0.9847055209116896,-0.9760777099580952,-0.8490402580754284,0.6214212207524217,0.6584663592389056,-0.8956636636868136,-0.7428058902527771,0.950178959393659,0.8751438318135608,0.956781007901999,-0.9592366001623961,0.5379958567968998,0.9666958264526715,0.6298126415722186,-0.9754739615569092,-0.7323226632408155,0.7331755660899101,0.9034877683448931,-0.9634275677007427,0.5987195150631647,0.8699179834539517,0.9875846938972486,0.9418174742345025,0.7334447013599403,0.7090661118551789,0.9330127819155596,-0.9528962907507095,-0.9440459240670742,0.8972933210057215,0.3222990726904173,0.8480192617620592,0.08416752809710736,0.9683910362257286,-0.5085347592722914,-0.9058121458479886,0.9531640899470462,-0.6006192087815614,-0.9823399359233874,0.8041182097137771,-0.8780302747603059,-0.7001396405836723,-0.5654658616316581,0.9567444199046872,0.8631230336550085,0.5882889159329656,0.8671815705192562,-0.9887809896142655,-0.9210137079794143,-0.8466576520923448,0.47110288640348974
-0.9441098943256914,0.7684908371696662,0.9733890665695022,0.9553616364772274,1.0000000062633185,0.8961471140224092,0.8721341194425771,0.7454281729009085,-0.8882715775770808,0.4638250646906264,-0.806667394122176,0.8405270845905842,0.5940915683054684,-0.9183913148039506,0.8296250975886,-0.975002189000044,-0.7659893395721695,-0.9089222295859627,0.5991608359478933,0.4193957817558347,-0.7236964000262213,-0.2360784467386527,-0.934634109347328,-0.9822975568916194,0.21645231639015985,0.8640966381548711,0.9485275102304641,0.5170155195088294,-0.8096562109629458,0.8968410102147995,0.9054337405897027,-0.9591395647740191,-0.983833078378281,-0.8953332045205012,-0.8871411715211727,-0.8932721692673213,-0.9099628158224067,-0.6388239344498591,-0.7518320105146494,-0.9437684960997745,-0.806432414500416,-0.8897355499506758,-0.6828313102299589,0.8793860887187828,0.21703941221292972,-0.7320138613098283,0.9518194089437987,-0.5893328116879338,0.9571058595676417,0.9510803947443476,0.9558623977766357,0.8726503484797691,0.9546103628088253,-0.6641478960186775,-0.7626093347663476,-0.9220628818434695,-0.8648431856030054,-0.764220507674543,-0.9167373439010462,-0.914654191991465,-0.8438202306838968,-0.852649099760187,-0.6541831184137236,0.7001127702125906,0.6759411329854448,-0.9691533527840277,0.9916301208750761,0.8328432694627763,0.7869997809954374,0.8574524054261216,0.8393324938758027,0.7291102408917148,0.9236070826153371,-0.939157928872152,-0.9108098339469551,-0.8833648705571447,0.9358335264762128,-0.9501623708565535,-0.919800926198367,0.7016733443280532,0.7442440156955014,-0.8377401481236316,-0.6706256086415182,0.9374711985433201,0.7583221774042059,0.9761141303123005,-0.9586862167316981,0.3954808301254995,0.956172259435231,0.39647509424955707,-0.9064474551456227,-0.6545532686501172,0.8276099975015432,0.9441201787389951,-0.9891152367535914,0.7961286254622412,0.8939106470434491,0.9669612500065802,0.9386803288065045,0.7383961223833685,0.7343754994600866,0.9316407359337732,-0.9592761904374124,-0.9863312899016292,0.8131212643248045,0.15715092119651133,0.8764294584639184,0.18107092646827916,0.884528167549167,-0.6453432477114379,-0.7979765156093112,0.9009350749036547,-0.6202010112103937,-0.9426094305345472,0.921854694110617,-0.8189541963800766,-0.8061071210571203,-0.7527371335356987,0.8425713210830765,0.9603402051092128,0.5836716886983805,0.9589696923544045,-0.9539524017459342,-0.9211040081748353,-0.6937580772729299,0.3071281456560259
-0.9850737157015453,0.8865914188810147,0.9453677344764871,0.970199876393083,0.8961471140224092,1.000000003882174,0.9609713836270399,0.7105912223483893,-0.8503681511090185,0.3566169679963095,-0.7080211465567237,0.9048106494079974,0.36026516793345364,-0.8444072075100156,0.9152815781069266,-0.8989016969414322,-0.5700191903397005,-0.8930742370281705,0.7065930049933513,0.5463683451718502,-0.4438062137569627,0.051279099775576376,-0.9752780253315161,-0.9118310189765698,-0.21851704910043965,0.8331370204908252,0.8676645062072166,0.40024906402105476,-0.9605818191687197,0.8095506630066761,0.9512763660172957,-0.9458199764330316,-0.9249736668085936,-0.9674903435737624,-0.8826265508990712,-0.8849424184211657,-0.9767583568221669,-0.7636809228367356,-0.8708568587504325,-0.9079526507024059,-0.8750912576679142,-0.9533454723225763,-0.8138084462332993,0.9546315097792695,0.36624883356392013,-0.7878579061255628,0.8545103810559298,-0.6962538711600098,0.8940241901044357,0.9420438368988988,0.9390154216989005,0.7690551655932,0.9162943654435625,-0.8737653758806986,-0.562805475138644,-0.856359619131769,-0.8096939519995044,-0.8553074233545876,-0.9224892654233057,-0.8997722491973926,-0.9110022183447268,-0.8049515959486608,-0.746804795419996,0.7782182749740426,0.6607377448171109,-0.9409360945762416,0.9176490423566314,0.8377674855841402,0.8118688988118314,0.8021751317565002,0.9068659966783668,0.8761979198839946,0.9222642496245537,-0.8853295163920251,-0.9218361036388,-0.8826434199130588,0.9480977853576918,-0.9153235183875048,-0.8002582817635416,0.5425946236246743,0.5992498136267237,-0.8388381378702837,-0.714798205482064,0.9570849054714415,0.9008579035950336,0.8943727838159163,-0.9361595525847133,0.5617017965352136,0.8910707085587669,0.637070982380388,-0.9994515451176734,-0.6747026533966022,0.7102465354769991,0.8740696998748795,-0.9050791389861009,0.49505434825479083,0.9130990725380205,0.9695404112998275,0.9361577952914777,0.6023852248852071,0.6688609588167864,0.9341500793883935,-0.9513696345249805,-0.9172480288644596,0.9670006419172655,0.23469410391144452,0.7913979897256913,0.052472601850877126,0.9943097488894355,-0.42306451564365305,-0.8933179503627671,0.921492713354769,-0.6711156232632862,-0.9593498725261268,0.7618675714615656,-0.9099671075560315,-0.7205262448827444,-0.41651650749846647,0.9549867375751658,0.8182405852374933,0.5998938180825826,0.844665622968165,-0.9241544853165882,-0.9105559874045083,-0.8475519059620235,0.4247735829982768
-0.9275769582886231,0.8890660831159672,0.8817382520207326,0.9703059897467069,0.8721341194425771,0.9609713836270399,1.000000003577128,0.6393630746091883,-0.9295400575955367,0.15005548555109557,-0.697920955427175,0.9822722264531585,0.203354491640935,-0.7355151820732403,0.9267872191604016,-0.8144062958004163,-0.4197444241711664,-0.9682899473973585,0.8093466106929474,0.6734288506121587,-0.3081148998190098,-0.17646767374994876,-0.9594786942597248,-0.8401518136775682,-0.12294670758509625,0.9224501791368236,0.8958881318895071,0.5833375055435255,-0.8529406869057932,0.9093043717259761,0.9888203200981298,-0.9610262843654299,-0.8951318434472896,-0.9849731933038944,-0.9461445820795542,-0.9400939807373756,-0.973554157362698,-0.8500477734089,-0.9675116531163939,-0.9273228902229574,-0.8927601507724142,-0.9980836634931584,-0.909941956114358,0.9740049288537339,0.3344736194715888,-0.9215464440329273,0.8091678026128709,-0.8464591537682269,0.9158610370495146,0.9065186347724358,0.9483942682350964,0.7698669134613596,0.8271626682412874,-0.8774762952636619,-0.433487790203624,-0.9360571934388732,-0.8054400164243166,-0.9053730949809244,-0.8842897809805869,-0.9238797498146517,-0.9391942512746453,-0.8215800316243027,-0.809095903224328,0.8635927004269411,0.6469246325591038,-0.9028722239351544,0.9071837573039424,0.940423335812371,0.8320379176496311,0.8222763217874514,0.9743766086730384,0.8214123380743265,0.9619030146526705,-0.9406563545341715,-0.9649107932899385,-0.8527694147090539,0.9846273226533078,-0.9627924223996353,-0.8134911314131845,0.4287013223275323,0.4667278814798282,-0.9433783845412419,-0.8459718073015869,0.9358706372189802,0.9586847165084841,0.9193163334660519,-0.9392138983782797,0.7114185189899691,0.9428822979254617,0.6970129964264224,-0.9660629082125459,-0.6424560101524119,0.707264370568303,0.8735763433183412,-0.8713254505579008,0.4005052235246982,0.7809673797630936,0.9593640490782569,0.9301525246632648,0.6093640283475484,0.547058671339947,0.9218530876759291,-0.918105392867652,-0.8760686308620333,0.9281804200741524,0.48833783706491657,0.8553812784863625,-0.12666969400426117,0.9801914439764149,-0.28960225499950204,-0.9761852379640469,0.9772826613671642,-0.4579318863285302,-0.9222160358906543,0.6471297378757102,-0.928658799713514,-0.6487661147958664,-0.4624614144148081,0.9982927646926107,0.777716924837725,0.679534894717308,0.7524353227416474,-0.9549480937204541,-0.9197298950743467,-0.9490366997009912,0.6447205778176024
-0.7880510046687705,0.3131521767316887,0.6986817639685936,0.7671873298036382,0.7454281729009085,0.7105912223483893,0.6393630746091883,1.000000001005792,-0.46344792879340735,0.1550336464818707,-0.2188591677599257,0.5111500966273227,0.7688607810037856,-0.5901597952408127,0.3935708290297376,-0.7856654187129689,-0.8158900697104757,-0.6293715560836999,0.07058433912447401,-0.13643061144682192,-0.6693775249411847,-0.05303553241942946,-0.6128666960090589,-0.8035972755051493,0.14923646815783717,0.42518057589074026,0.5181322474173103,0.5572424691892224,-0.6563795096858636,0.5839779097337163,0.5857776021594352,-0.627292810960053,-0.8394338424365214,-0.5740376113121094,-0.46301291687646884,-0.458136684284949,-0.5902692647658397,-0.14194440011925233,-0.4630842662143576,-0.8412201679914669,-0.31866534731790125,-0.6301734405473552,-0.6707453712380193,0.5200640987643869,-0.36188844275883175,-0.3655330265028674,0.5367366332184302,-0.17284584448494064,0.5525793337237596,0.5835818148469533,0.5925125206576456,0.9399665306123645,0.6718700796868415,-0.28987841146878807,-0.8671487253111936,-0.6021678941012293,-0.32788348357848873,-0.28540673178258896,-0.5021328918873198,-0.47028554335000866,-0.4064014486381492,-0.3051946033092857,-0.09812221789872534,0.18249845787057553,0.05022710449373297,-0.8591624651458094,0.674640732413104,0.6800809936311795,0.2351331296411802,0.3110491152096177,0.4683779690631793,0.3106375571615725,0.5417300510400221,-0.7464685503247482,-0.5247689619220918,-0.41106599067791194,0.6548044693121328,-0.658221977894016,-0.4242778429684585,0.9348364546995775,0.9239512471993027,-0.45163813282705595,-0.16937865492838453,0.5747472608714017,0.40098216696117855,0.6291732536923935,-0.5885379576292816,-0.06696199883503222,0.6646356942164572,0.6549393245639082,-0.7044018095241934,-0.9751888590363698,0.24902022649831854,0.4964309211564776,-0.8342034267034205,0.6552391440277573,0.7179324245026217,0.6854359163275082,0.5423032371004965,0.9420308848833298,0.9760104504477506,0.5271376873707901,-0.6141430317201004,-0.6650660389703398,0.5139861291202882,-0.02334845943072009,0.3653414012938772,0.660895697487812,0.6525937053308859,-0.8394599844238274,-0.4690627860745806,0.5467537433295815,-0.7918787230490064,-0.8641488526587306,0.7653387459130104,-0.3814218739882991,-0.2792601399587567,-0.3069529298189752,0.6217214178000257,0.5616276293803386,-0.06100836648544038,0.6830680928209756,-0.7731522535834516,-0.48414761894357283,-0.418813622001638,-0.004935294375606499
0.8319060683973984,-0.8882765524433894,-0.860740295050794,-0.9078324754901417,-0.8882715775770808,-0.8503681511090185,-0.9295400575955367,-0.46344792879340735,1.0000000035664622,-0.22599253423718038,0.8550538511505953,-0.9692261941036286,-0.16955169967941444,0.7582015954656435,-0.9306004248646474,0.7860800982334579,0.38858884114894465,0.9723941908390236,-0.8773273123362678,-0.7668746075526264,0.3669972196565384,0.4035741701405933,0.9300523767257352,0.8061135592954278,-0.12548741274050187,-0.9987394018930501,-0.9760832986046578,-0.5964195738317711,0.705431149417397,-0.9694563990941578,-0.9679154967826644,0.9663492300638132,0.8491037031768751,0.948416547335491,0.9958433636626705,0.9936507139747623,0.9342470321943324,0.8897898826062675,0.9245631036681455,0.8668304184753853,0.9279307621683108,0.9494709501890546,0.7717732030077006,-0.9514544225970859,-0.42442834944772595,0.9487186439906804,-0.8809215680834771,0.8840069467686061,-0.9751748703472535,-0.9150684468314478,-0.9662177278849076,-0.6926020051557201,-0.8129501811639112,0.8116605567305841,0.3889290503197065,0.9805724015452111,0.9145572765060127,0.935608194814098,0.905266845420291,0.976661713366233,0.9543950461170462,0.9351604883198801,0.8814908013818631,-0.928213763425748,-0.7878369350196874,0.8285969038884609,-0.9321880511078342,-0.9025321714052292,-0.9164700551734212,-0.939559056405278,-0.9727689542760083,-0.7877987647602697,-0.9866385057033421,0.9279459870126338,0.9865284380546062,0.9030980754756481,-0.9644339698127082,0.9720233734004682,0.9389411323857176,-0.32682168885479257,-0.36766786153587727,0.9893448187660492,0.9342710741395214,-0.9311012549132965,-0.9201137687238992,-0.9666294576065761,0.9611706032653274,-0.757212834509133,-0.9683888294127488,-0.43436484646575496,0.8667661362400458,0.43095226687557725,-0.8698327776265963,-0.949991578994993,0.8414324940904494,-0.4987328694766832,-0.6987385367221504,-0.9333282229259704,-0.9515325675353491,-0.5197258835651865,-0.38583404859380943,-0.9432463952664514,0.9174922688870355,0.8957343141832524,-0.8407921335310904,-0.5297394198323615,-0.9809774518112069,0.2765073474415175,-0.8880728561714454,0.23992676223678713,0.9522745456365965,-0.9857488948966151,0.25787396955250075,0.8158446570822449,-0.6549119102360299,0.9325536629296527,0.7676793208314254,0.7147426837713908,-0.915190822150361,-0.867805350845095,-0.8363801469155693,-0.776188510486722,0.9192231414574331,0.9643736377569571,0.8903773740877481,-0.686308496853
-0.4252384355778779,0.40795826232265625,0.5684159740302746,0.281309455791269,0.4638250646906264,0.3566169679963095,0.15005548555109557,0.1550336464818707,-0.22599253423718038,1.000000001857507,-0.6444148582937368,0.10875757714288976,0.5450833156461049,-0.7624641069841985,0.3873817823405856,-0.5886618861073717,-0.6301379504276651,-0.12101711222130686,0.12791262467855838,0.03733026115429652,-0.6925649646577343,0.42118105891501906,-0.4199550257822591,-0.5389880743696569,-0.03647075977096316,0.1984236062012646,0.41721313870489146,-0.4803631251388921,-0.5150490050314919,0.09716456238142174,0.2441398834876387,-0.3562257733861831,-0.3766215405464151,-0.29605393387159346,-0.26068639223994744,-0.29792038031601803,-0.3642575010368254,-0.15386395699669517,0.01867924023085156,-0.17431084654478335,-0.41120905929118257,-0.16574241639962356,0.24448741130564622,0.3155953992347363,0.5146834394906262,0.052324091106072626,0.6439900070739011,0.10844511163824758,0.41138699170688736,0.5400331976781224,0.3996642500473351,0.11973531365990588,0.6561660511382796,-0.2883919715915526,-0.5234500238632583,-0.1604549593361107,-0.577802626615437,-0.2869053359272216,-0.573284448264958,-0.40849198190528957,-0.3457541618775545,-0.5153021898206326,-0.29055074560565963,0.20141951963720223,0.6310136069132082,-0.36120218991473335,0.4554839440416275,-0.08246389199328516,0.4676903537346374,0.5074372762230215,0.1703916354500981,0.5417583562895463,0.3075068796726418,-0.1371712767583599,-0.2928636453943607,-0.5890208428908622,0.23616023802935238,-0.23177353158475347,-0.5259485324685457,0.35035189128222516,0.4504614501928597,-0.09285261901908536,-0.05452328100382919,0.47750073263497755,0.147207135892656,0.36803744654338444,-0.4275280143535331,-0.12530795844013487,0.23123033067712404,-0.42652597444118573,-0.35755252159108947,0.054528882367462936,0.6258597287634099,0.5155995588325378,-0.40818162963022814,0.6492731331749173,0.6765580093335211,0.3920193161162857,0.46483806891305235,-0.010935196586207398,0.3349364065990501,0.4877060564397597,-0.516540238542708,-0.5524779353040172,0.40988177363553124,-0.6672677064598401,0.35758818738213477,0.2755004226717226,0.30967369172819637,-0.4594708148332775,-0.07217955132965985,0.22304523558921016,-0.6105013397650004,-0.31152730725487543,0.6852539328499918,-0.3621122318462614,-0.7859835418666172,-0.44950056023996227,0.11329647773196438,0.6360906516570161,0.32497271852335674,0.6927375179122855,-0.19744643834586337,-0.4489226282583204,0.06754403097589405,-0.4545341596235558
0.7119826534892887,-0.8665544526895379,-0.8362517822028147,-0.7172012974547713,-0.806667394122176,-0.7080211465567237,-0.697920955427175,-0.2188591677599257,0.8550538511505953,-0.6444148582937368,0.999999998526757,-0.7484781686573754,-0.23409047595653118,0.8737640127032009,-0.8761400345150473,0.764466895806011,0.4471722019772035,0.7356194494730425,-0.7874999029046651,-0.7003420556500999,0.5059015698844868,0.1663974579580364,0.8395655731914025,0.752755106044316,-0.10204540214637738,-0.8499205661835223,-0.9164347311300156,-0.1544080263464214,0.6672241011346585,-0.7416414323777898,-0.7947448728359778,0.8429136083942568,0.7017432183056459,0.80272380339765,0.8643096121088338,0.8818894401621866,0.819459144284006,0.7901593384607881,0.6552957880940457,0.6173772135727061,0.9065584091324003,0.7278760703180811,0.3605189397952135,-0.8282990321762868,-0.6885351319881421,0.6925870834377416,-0.9396222763938924,0.6540233234774426,-0.9019097612997332,-0.897224326622648,-0.8729459368293894,-0.42317456569755707,-0.8450200202330441,0.7389211144521775,0.3837071219295038,0.7742570943599613,0.9863263155181283,0.8599013124256599,0.924040870097023,0.9176069335225883,0.8755968300473892,0.9792976506047659,0.8632806030727397,-0.8408632410592896,-0.9697229532759779,0.6680680132336282,-0.8554942707877846,-0.5627027870785856,-0.9502814231853485,-0.9786906882455463,-0.791659249192684,-0.8410444664939232,-0.8579603327589247,0.6789943206565043,0.85385243246383,0.9540109862128467,-0.773898420703446,0.7828640686798389,0.9650249003677827,-0.2252997512489514,-0.3095325804101299,0.7809010140211852,0.7832642659538592,-0.8802193940218225,-0.7440241582036686,-0.8561437040658088,0.8835699163042332,-0.591890238920352,-0.7812738162643228,0.02597539640860412,0.7254640107789202,0.09092622271331774,-0.9982256091158093,-0.9452614479290319,0.714425821194463,-0.6050017543537102,-0.7376815126874612,-0.8146220559155019,-0.90274503358253,-0.21481254133822072,-0.2474801544294535,-0.9098620200753972,0.8800569184960892,0.8722520851882561,-0.7703775719389218,-0.1357969292132901,-0.9322555256718127,0.2635660779882735,-0.7324956615155748,0.23434465317521636,0.7237375863330244,-0.8130699120039844,0.3029459315601106,0.6269142209954345,-0.7122594355892835,0.8682981459473188,0.9750291746175607,0.7902901454196996,-0.6698629305360104,-0.9232168619277368,-0.8907552647102412,-0.8365575874033386,0.6905711047598452,0.9222134520435469,0.6099587792648777,-0.3630700334255832
-0.8602411773530813,0.9067622218107024,0.8371580948974902,0.92959636013576,0.8405270845905842,0.9048106494079974,0.9822722264531585,0.5111500966273227,-0.9692261941036286,0.10875757714288976,-0.7484781686573754,0.9999999999651669,0.08682250127204098,-0.6931161328607752,0.9414217425747339,-0.7499331586646542,-0.31276306394125364,-0.9761605775826391,0.8890414094329916,0.7792754693813763,-0.23491487662754856,-0.29018146661275307,-0.938254951599048,-0.7770801349416424,-0.06411736274365162,0.9696504349815116,0.9175424902560328,0.6058032693055535,-0.7708076051347942,0.9377774693462908,0.9873130122436062,-0.9541404141751287,-0.8389413205407525,-0.9758754426865737,-0.9781002572191505,-0.9710526973742272,-0.9563319118517996,-0.9138588939271758,-0.9872628941150952,-0.881571890478833,-0.9222293604375775,-0.9877227522653139,-0.8821214768430939,0.9737307748674553,0.40484244791375945,-0.9745316086272987,0.8037646595171232,-0.9220818947664762,0.9285525536041617,0.8893670717002169,0.9459457166306333,0.6962378264240228,0.7775975539003764,-0.8821193100045746,-0.32392186955357605,-0.9555121083478155,-0.8408053085431952,-0.945941712658092,-0.8767324008814003,-0.9447721292989528,-0.9599593765960167,-0.8664690624289686,-0.8768801568662754,0.9294376434071322,0.7077307517793814,-0.83641064925757,0.8904737242073537,0.9383442969115031,0.8790108730206679,0.8683082134261816,0.9963877015318116,0.8137157809297558,0.9746931791260979,-0.9257272387254349,-0.9797883913392114,-0.8619661641071525,0.9754937567855899,-0.9616287661160584,-0.8472499002435581,0.3021503235051298,0.33953245229180046,-0.9856609389479734,-0.9290609816593688,0.9217526619277833,0.9759201759584981,0.922069484929445,-0.936064459875148,0.8065613535541921,0.9447817413906,0.6208067995521656,-0.9148795715083566,-0.5183891845632078,0.7581890420805869,0.8882745781465858,-0.8171338936376115,0.35339546988303217,0.6974065850238375,0.9326377715560776,0.9290050831093941,0.5250577033785341,0.40706382438265193,0.9202860061110277,-0.8967994390708716,-0.8497626324267752,0.8964300095786892,0.5909101640917576,0.9103427385439637,-0.2830509544786486,0.9417331247808631,-0.17259006766133467,-0.9968245405080332,0.9906151399840358,-0.30069744862603937,-0.84906747017539,0.576261846437708,-0.9464820413481018,-0.6659748052562579,-0.5264082421216787,0.9804392491717967,0.7733662944361773,0.7808003265013725,0.7055368336739799,-0.9265689294497798,-0.9333270762065408,-0.9699561660055046,0.745916222154123
-0.5116626670224634,0.024272455576093508,0.5428173977290341,0.43243679596924417,0.5940915683054684,0.36026516793345364,0.203354491640935,0.7688607810037856,-0.16955169967941444,0.5450833156461049,-0.23409047595653118,0.08682250127204098,0.9999999996423792,-0.6038047401306041,0.09598511152208418,-0.6893651064698016,-0.967188481251895,-0.2566863242607712,-0.27825566700941756,-0.46638069575463276,-0.9478370518405691,0.021125017707549057,-0.33016972599519184,-0.6727975997036872,0.43260729751424565,0.1211065802455848,0.3363880653401306,0.167093263156222,-0.38853289986830836,0.2702022849616255,0.2195482688993459,-0.34954769613204417,-0.6129947660783612,-0.21516889536327607,-0.15652065831137862,-0.1713853789180629,-0.2654925135996482,0.22711364414257998,0.03538531499333472,-0.5076754057171,-0.05822720417627858,-0.21640824292499275,-0.08902904109461869,0.1743467609845836,-0.36468078999500053,0.08550951489770284,0.48937391054845353,0.2898533989199121,0.3481734335116782,0.40087726159295933,0.3410021126166427,0.6843470373566494,0.5806542772138783,0.09409398536600028,-0.9701482780438522,-0.2889460606561059,-0.24152129786651003,0.041018229577167886,-0.3371751651044251,-0.2373119272232459,-0.09736796390476382,-0.18415716158344603,0.17878504923149957,-0.1479156814721706,0.04068573251177558,-0.6044951147807492,0.49160018525439486,0.22344084951003723,0.051905047986078715,0.19074985415415938,0.07198531449311252,0.08585087539500819,0.24154655959622395,-0.40796958524922716,-0.2111407387295719,-0.2736577225953424,0.30335364221169697,-0.34142702214787196,-0.3469224130996772,0.9439055658912008,0.9493842035876492,-0.07697211453009353,0.19154585972191387,0.33881465566685354,-0.038702729328259966,0.41325136709395927,-0.3553860417757643,-0.503525621932165,0.37321973907637873,0.0252546758801213,-0.3590145842600009,-0.6286684535696834,0.2624978044099663,0.3576606169260616,-0.6450882526276942,0.8915964301902628,0.6178600636691339,0.4103701878361084,0.3182781288268482,0.7195124714392918,0.8734069122231201,0.31341261056223835,-0.41516309959707537,-0.5309296404705471,0.17880765086952444,-0.533372014609715,0.18667172342069674,0.864699306686961,0.27515269834740086,-0.9908447255598717,-0.016641561706617285,0.1936534997118955,-0.7763157871621553,-0.5552374013422263,0.8263541456347068,-0.07050853858059314,-0.3602374114285342,-0.4764803836934012,0.15890723522116784,0.5490608548172191,-0.2182593638726808,0.6810571018449946,-0.43728560117059434,-0.2656962328638154,0.10958954057854998,-0.5193245306359959
0.8921106424376373,-0.7905383093585253,-0.9644659544279792,-0.8327032603292253,-0.9183913148039506,-0.8444072075100156,-0.7355151820732403,-0.5901597952408127,0.7582015954656435,-0.7624641069841985,0.8737640127032009,-0.6931161328607752,-0.6038047401306041,1.0000000014872272,-0.8171253740439868,0.9582128491126352,0.781935218514894,0.7258691450820253,-0.5459796882429604,-0.38158515666078907,0.7624488852779805,-0.07389131954777495,0.8910265321004359,0.9427854786073065,-0.036689196326305795,-0.7309882129443277,-0.8749854582716489,-0.13691785995306147,0.8604503219060755,-0.6904604576449695,-0.7943474826524537,0.8681679753555803,0.8743987696560379,0.8162430390091224,0.7807961114412347,0.8010766214148909,0.8552007127918954,0.5890090199689828,0.5845635505816531,0.7607443750901797,0.8088919416061988,0.7502135879100588,0.42515254949978315,-0.8157711150086375,-0.44849991836960335,0.5435114996615203,-0.9712757614084387,0.43019570305831595,-0.8818698045142593,-0.945168912710298,-0.8853722930785718,-0.6597211301971448,-0.9868007513159142,0.6811820431087419,0.7293418513172163,0.7421718539069808,0.8955599956057174,0.7291177162754559,0.9406191791064282,0.8636521096544634,0.8048064714280364,0.8618257213134333,0.6546183917002979,-0.643786409181697,-0.7952649516025864,0.8629247930828596,-0.9192054817077252,-0.5806470100804519,-0.8115400297648422,-0.8599593359699333,-0.721957777325474,-0.8254871083675231,-0.826494910852085,0.7411714209910312,0.8140771399996918,0.9243601813017353,-0.8027498398729511,0.8000639573213848,0.8949353858126886,-0.6132973514051215,-0.6941282366633741,0.671175268042281,0.5490054006566076,-0.9149303713838015,-0.6708159573045851,-0.8693459968888101,0.89848512555867,-0.29848827668333705,-0.7966291181624857,-0.15090137764125033,0.8504355218047184,0.4430526118529148,-0.8758310479232306,-0.9181744655746595,0.8862258067666616,-0.7954480661282485,-0.9604682579910416,-0.8909431647952788,-0.9064334945681425,-0.4899890587448397,-0.6534130064282414,-0.9129154118405759,0.9400934663832583,0.9590144443792761,-0.8251464780957906,0.14758044771734213,-0.7993639849456526,-0.19619148656144583,-0.8192640849016474,0.6058500051543685,0.6538759642605906,-0.7772696500434475,0.7226659767391397,0.8315958887887054,-0.9389008739954231,0.7997461965026025,0.9352506035955614,0.6831112728348153,-0.7032362513385744,-0.9620483911790256,-0.6034507125485369,-0.9865780632873477,0.7836329294161506,0.8866818824412087,0.5289108817951431,-0.07104831869976394
-0.8679798996544457,0.9933538775099375,0.8877386419832034,0.882614397120188,0.8296250975886,0.9152815781069266,0.9267872191604016,0.3935708290297376,-0.9306004248646474,0.3873817823405856,-0.8761400345150473,0.9414217425747339,0.09598511152208418,-0.8171253740439868,0.9999999965834246,-0.7859898609528033,-0.3445173856873702,-0.8850188874389443,0.914084035185242,0.8126008532695334,-0.2888660656529277,-0.054964287367455,-0.9653813476865867,-0.7944878332644923,-0.20923818980666725,0.9289910232888781,0.9257212753948825,0.31288370665607546,-0.8594318088425507,0.8277182222884598,0.9590614593957381,-0.9431546461897169,-0.7978561944242055,-0.9739510276261081,-0.9595377659278359,-0.9648438609944547,-0.9742313520043917,-0.9411954403702456,-0.9079169083671352,-0.7772375644938593,-0.9954587743814602,-0.9318608985505364,-0.7060989079890531,0.9867306890401816,0.6495449585981511,-0.8814110344777626,0.8851264660448535,-0.8527201991441005,0.9342407051051718,0.9494200540114904,0.953666606497211,0.5496124464526143,0.8608249426216168,-0.9572983503159848,-0.31155401468215144,-0.8689683533512031,-0.938840931115431,-0.9873768171086802,-0.9636132993658623,-0.9730192837585817,-0.9972587443406441,-0.9477824223268919,-0.9488179335823891,0.953988085584152,0.8780905001849362,-0.7956354334513486,0.8925122171092709,0.7794139351396085,0.972873834503963,0.9441134502355204,0.9652895816841303,0.9566273753859819,0.9617307413796876,-0.8156787858693966,-0.9673712778461797,-0.9656594137647663,0.9265901890213655,-0.898919827190741,-0.8973426070516415,0.2343601882045128,0.3087874738916343,-0.9139819109348829,-0.8975934137403315,0.9684651370116635,0.9671143147377725,0.8979973137078203,-0.9525171518460089,0.7853182531147903,0.8736954075799583,0.4259123461170391,-0.923250786716447,-0.3487159507743523,0.870139215045574,0.9362713940842249,-0.7815247718527315,0.3845055218655488,0.7994378237776595,0.9305395475605449,0.9698837247642681,0.33303104011539675,0.3488444575857581,0.9725715966271877,-0.9447716468003485,-0.8883698519738961,0.9655552357991583,0.3685081653683049,0.9191411647079436,-0.3058265437765614,0.9447179819794687,-0.14298632043898607,-0.9402559173383649,0.9539681317255936,-0.3949055665531966,-0.8024119254814202,0.632212596701967,-0.9995428560603878,-0.8391513550934868,-0.5232185691710006,0.9214703512560785,0.8380438704588938,0.8700932341376639,0.782248643821203,-0.8391788754413797,-0.9747124836150235,-0.890385819683482,0.5960688150947595
0.9571509081370679,-0.7343459735477366,-0.9821277023060629,-0.922267670047951,-0.975002189000044,-0.8989016969414322,-0.8144062958004163,-0.7856654187129689,0.7860800982334579,-0.5886618861073717,0.764466895806011,-0.7499331586646542,-0.6893651064698016,0.9582128491126352,-0.7859898609528033,1.0000000007823284,0.8488064285358705,0.815715360626214,-0.4911918168282161,-0.2982366664203461,0.788416582883269,0.036465922387223466,0.9104370713567863,0.9981673754560638,-0.11311001118676854,-0.7548124396225646,-0.8804060281887718,-0.36042175993189457,0.8700293051235103,-0.7805276683138881,-0.8423694622718451,0.9077488945222388,0.970152629772414,0.848942786065752,0.7985258917384188,0.8101512959228561,0.878465006595894,0.5441502316670496,0.6537331938716789,0.8970561328421043,0.7559901648377313,0.8248959230980348,0.5980228485043716,-0.8307658818945051,-0.22108670322100743,0.6004246056812085,-0.9385260904712557,0.45018102283889144,-0.8954460727756893,-0.9368895859043849,-0.9075742895957014,-0.8446154802544462,-0.9821725273282561,0.639871737690633,0.8316285240362716,0.8209771551581838,0.8208269585996336,0.6921662782177347,0.9045400159054022,0.8535434109344796,0.7862338312899764,0.7933025174957348,0.5732324299614258,-0.6012160517563525,-0.6431928009897615,0.964962827419884,-0.9559408002500174,-0.727007053100873,-0.7305129286366792,-0.7950024863269444,-0.7548598765085075,-0.7419588216765889,-0.8536389550356126,0.861265751915901,0.83912076862603,0.8633561950702885,-0.8723434332998196,0.8751581299883455,0.8592565949387326,-0.7677822312128836,-0.8218918070235116,0.7214350754052399,0.5369931855181598,-0.9146154174890613,-0.6878686755739186,-0.9127524542730527,0.914511470240115,-0.26355111040764345,-0.8761521976359498,-0.3627648794267442,0.9034859402899154,0.6734565988731239,-0.7788325248404481,-0.8976041961531482,0.976497281673644,-0.8235830958434486,-0.9624808637357488,-0.9371246664223709,-0.9019459296058078,-0.7128692637739952,-0.8107749699090347,-0.899789086467263,0.9440543837368363,0.9739444302383631,-0.816449224315405,0.04027122857097346,-0.7802535984589721,-0.3215708377482772,-0.8674887965231497,0.7229149334382635,0.7061797502628925,-0.8216727134673613,0.7719430775096346,0.9420231321153175,-0.9678261745763801,0.7704531083991468,0.8131724345560928,0.6627061397481826,-0.7841588013376526,-0.941430379025934,-0.48431915212667714,-0.9849673750516388,0.895775624666846,0.871528356516763,0.596017845230409,-0.12800512518557006
