0.9999999999298853,-0.9595971408281123,-0.979225721886644,-0.9681620725283893,0.4970702175359331,0.9147375732633842,-0.9841112400178652,-0.8711181958502536,-0.9698811574344879,-0.8472760435527796,-0.9829172681058054,-0.9137017222823534,-0.8624888455481771,-0.9896822042809579,0.9888748421226354,0.9845722384617281,-0.8734331512940287,0.6165845180350158,0.8475352680096442,0.9483274176066925,0.9225675016296605,0.966069626807678,0.0036224947122944847,0.9384481216740254,0.957610269025359,0.9314048944097431,-0.18662152566793835,-0.9655926902819802,0.3131256214685909,0.9283796925422106,-0.1208636296058015,0.91789647807581,-0.05796436937984811,-0.17212652607374554,-0.9131358437510503,0.9537827406620789,-0.9883565804917321,0.9196232367204588,0.9882983429495442,0.8283653670490425,-0.8763275481171018,0.6277961891044292,0.010849405204366419,0.8974676078895951,0.9569190818635317,0.9769219491869225,0.9531593384666326,0.09554603824049872,-0.9077508598348627,-0.9741348543600766,-0.9818755133179374,-0.9545563953672523,-0.9637579686311559,-0.9678099311871781,-0.15479450926862903,0.9134237957674519,-0.982392827583896,0.9579494833131011,0.9779349789362591,0.9748598648402128,0.9603236563518106,0.7429472712221238,0.7214857107425409,0.12064463267905165,-0.5846646813377862,-0.9616558788468126,0.9649820014316702,0.5762872452887956,0.98825843245912,0.9118819029665651,0.7774333940011948,0.9631607210748331,-0.8302791145065558,-0.9621632396948924,-0.8799560979330101,-0.9032999304110947,-0.9794472398931439,0.22248312855678226,0.9557881616138478,0.9401601105127454,-0.9739629953238228,-0.8882820944743413,-0.6967279554023449,-0.8585945950638122,-0.9909311978548601,0.9226698567469238,0.9098804134065958,0.8166783154173377,-0.9553994466658827,-0.9438147147585793,-0.9762499068291898,0.9753102313649605,0.9745101747532616,-0.6141645061844879,0.890481418636966,0.964587119725705,0.36275154387040004,-0.9781437209230076,0.7923527528867468,-0.8480097908363351,0.8407382319378369,0.420268214104093,-0.8889695218616073,-0.9786475643974364,0.887133568848073,0.9878754654638823,-0.7280192774121594,-0.9897389454097875,-0.6515357970320694,-0.5973217645631137,0.9269563006618825,-0.9253206121696668,-0.9204845579083365,-0.9850010198491641,-0.7440085606879535,0.6245469219647152,0.9403928891295227,-0.9073695136354583,-0.5131814266051477,0.5597659133585524,0.8775054496873057,-0.8903332071378328,-0.46127160429972514,-0.9359174225690473,-0.745070863704956,-0.2168454449713335
-0.9595971408281123,0.9999999993190738,0.9088147147406427,0.8647882257408019,-0.5607005053977616,-0.8301205081383403,0.9836965649225875,0.9693828046536257,0.9662342510335343,0.8291857261882636,0.9456288894040594,0.8388845415393679,0.6906175519947272,0.9546030746316025,-0.9747282066628953,-0.9569355106099019,0.9639122804733349,-0.4481830993107259,-0.8746281083791646,-0.8470487017597655,-0.8683274787844866,-0.895644281537629,-0.24352551616018345,-0.8313472756531015,-0.8716396964842082,-0.9509995720781261,-0.07173105508248083,0.8808253818862155,-0.03520302340600904,-0.7929533322590467,0.3665667401323536,-0.7894608054141238,0.29812372934593007,0.3924139977710061,0.7715646545117181,-0.8429993863557057,0.9696308887736469,-0.7823704651094898,-0.9675774699396099,-0.7508618368401971,0.879313905113766,-0.41720132212329986,0.26826051025275377,-0.7534357420982916,-0.9119029784600776,-0.9124232094706218,-0.9197050936189785,0.16650837268783628,0.8382395181826868,0.945460703809501,0.9097002247932144,0.9711014731227231,0.8932404950713329,0.8822790853504953,-0.10221595282766018,-0.7694938595586717,0.9040779720693846,-0.8562994851839605,-0.8952945582122298,-0.9370459423576494,-0.8636771106676233,-0.816447714190842,-0.8861959909050048,-0.34236401777449604,0.36912571156375323,0.8742458044623288,-0.8646751979809914,-0.3527271945923887,-0.9780378682330038,-0.7741642418875269,-0.8518027330932606,-0.9776058427860832,0.6617587296963615,0.8925393827506446,0.8218808183684722,0.9708386735929581,0.9658931161087282,-0.21595750367650215,-0.9011344778026569,-0.8330911461452783,0.8924323390371797,0.7599202754553529,0.5129248033033093,0.6894978911755855,0.9404391475052706,-0.8011700578050783,-0.9114583541984779,-0.648309236839389,0.8374340665753889,0.8926399254430823,0.9654805538767866,-0.9065761068238469,-0.992237818908796,0.4136446278946827,-0.9693261698213502,-0.92120072727313,-0.596664216602032,0.9095726540041901,-0.9285546857313396,0.6722808220534341,-0.677114243782387,-0.6402983088675348,0.8611838223577555,0.8958135176995812,-0.7656833215764896,-0.9355267659502426,0.8027345578364657,0.9838270553051705,0.5493543191010862,0.37280106143045905,-0.9268720278674961,0.791804361067493,0.900835409964238,0.9593776113354537,0.5932563086466768,-0.7860723042722672,-0.9902545921088214,0.9216004315569295,0.5336311790337592,-0.31459893886561197,-0.8219923557684314,0.742642554746794,0.5838003575511219,0.842796541483278,0.5942797092800165,0.2199915277838779
-0.979225721886644,0.9088147147406427,0.9999999986976297,0.9743385339246451,-0.4771890646458866,-0.9325831990425039,0.94555228927199,0.7897857729649326,0.9585474680861126,0.7709681505997941,0.9748546691389044,0.9281236652165963,0.9207893246609762,0.9909387252713538,-0.9778125919334766,-0.9803178631996399,0.8169630999589877,-0.7324334331771367,-0.8017888128072057,-0.9447521900166168,-0.8844262867700493,-0.9865417663218307,0.0816037532515844,-0.9722948358057886,-0.9959076730699317,-0.9221328495951175,0.2612754402048046,0.9869662548980899,-0.4287879760700923,-0.9659089558007857,0.02155679377544524,-0.9156890845706797,-0.0024744968962394673,0.1255195484405206,0.945771712084736,-0.9755185805845709,0.9668443318311684,-0.9659565714830602,-0.9404382301635752,-0.8344450441606325,0.8556889824981441,-0.7182423798586467,-0.0957545709105956,-0.9474038478276213,-0.9438071151007289,-0.9992395283175481,-0.9433428629257259,-0.2362441861579965,0.9350209785284609,0.9782471885951614,0.9929341646792231,0.9125448210116743,0.9789612368831175,0.9852775568387508,0.2850920884285916,-0.9520523367256225,0.9892757766948698,-0.9741186569891669,-0.994996265734279,-0.9569935141922479,-0.9899942175264195,-0.655002989522472,-0.619196977034178,0.04553600964497904,0.6779637234053192,0.9913528194291016,-0.960663089798553,-0.6520308965081584,-0.9748814510102134,-0.955919868184161,-0.8050672118804829,-0.9503695229065842,0.8937122809457382,0.9897837652163143,0.790696634107974,0.8262324195253026,0.9751458432927834,-0.2584668952820683,-0.9664760360954159,-0.9732241252650522,0.9920026061028834,0.9464200245286134,0.7288033477072865,0.9205739436634258,0.9961771120044187,-0.967722300771674,-0.9096889667158505,-0.8656313791446557,0.9635289541032767,0.98315151790901,0.9176207039779372,-0.991781645201337,-0.9385347309452072,0.7359977781664703,-0.7981874710411755,-0.9313566805121005,-0.22456919417750504,0.9930908975464753,-0.7075200936460425,0.909976902226623,-0.9117070407497422,-0.34620903871247694,0.8903043285568039,0.9940998972062512,-0.9258265472675821,-0.9935468872237951,0.6217146428512524,0.9687304507440098,0.6985570837935001,0.6682964197275468,-0.9130448543259916,0.9622313487061795,0.9182716863988856,0.9815254346266375,0.791299542608488,-0.5221135619796397,-0.8893258344818512,0.8692482431933347,0.3833668767393476,-0.6348180264689459,-0.8860543041943736,0.9449279649476784,0.41878552414253417,0.963748773518341,0.8126663243213775,0.3660731159478688
-0.9681620725283893,0.8647882257408019,0.9743385339246451,0.9999999987488938,-0.4964831104852211,-0.9609537120482586,0.9317869296201738,0.7457068118740938,0.8947347343776727,0.8488486602948485,0.9672511533136507,0.9537519426051037,0.9505340209572273,0.9521919744674755,-0.9397916967656964,-0.9562395288911861,0.7626983048999114,-0.7596666580620198,-0.7211754546126405,-0.9913164415294938,-0.8700420083560492,-0.9787236258265359,0.24406329870109086,-0.9849668789498359,-0.9651959820192936,-0.880700861214712,0.4240525538275953,0.988180051273956,-0.5224678267945813,-0.9863545162815404,-0.13115810451546248,-0.982458100586551,-0.18616513792882763,-0.06663778377996858,0.9852469741673029,-0.9964243192862425,0.9272003661282745,-0.9789583875092875,-0.947671128132325,-0.8928695588211879,0.8644430765380011,-0.7975857417749225,-0.2367629895007232,-0.9731981211170756,-0.9612810889718103,-0.9700486493107007,-0.9492524552200704,-0.2735412349112654,0.942966295987003,0.9507310597830221,0.9882505606932664,0.9023690888442684,0.9802718033140194,0.9910491482086614,0.3169760880465327,-0.9605564686624369,0.9936692807342308,-0.9960553251355923,-0.9903415899714306,-0.9653798849795681,-0.9674843197559521,-0.6877140627322867,-0.5410844614325875,0.03187455544215117,0.7641118692042479,0.9833974928335317,-0.9977794779537774,-0.7615515665661705,-0.9347037039503141,-0.9804432345962768,-0.678384510624876,-0.880482464050122,0.9382304540943024,0.9719926383397114,0.8694042381341832,0.769806812247525,0.918810012995612,-0.3117065257166462,-0.9650704418970066,-0.9860208171728988,0.9895748922776094,0.9588243353838364,0.846191520696555,0.9510892945797543,0.9708568383133469,-0.9792298469488043,-0.816624879815407,-0.9327298161051699,0.9804983154341306,0.9179018942237414,0.9315308115253282,-0.9820442115108281,-0.9063855153750928,0.7694406802380819,-0.7567228360134736,-0.9622110817637207,-0.12543002454917662,0.9832075037862534,-0.6427901752981154,0.9457536559995209,-0.9389573185940865,-0.18522609960918476,0.899714284680786,0.9915434739341716,-0.9618897382919699,-0.9756711904655192,0.6687586788037216,0.932110574530455,0.7637755346014853,0.7035942675866594,-0.9018076971659477,0.9872367421144983,0.9147509001996347,0.9329738142830591,0.8704811167139824,-0.4114920167298726,-0.8529504770942303,0.8759947517302628,0.5194531373580329,-0.6972986939835946,-0.913803164736701,0.9682545797052142,0.25932376978285915,0.9777136527024277,0.8683990866945213,0.237629008450455
0.4970702175359331,-0.5607005053977616,-0.4771890646458866,-0.4964831104852211,1.000000000897725,0.7007902075334861,-0.6155300896631215,-0.6526785064478708,-0.4087126955008498,-0.7418544453529791,-0.635510250503408,-0.7242854783515253,-0.3279605364397852,-0.4921923738706541,0.5539980335068755,0.6129157976385301,-0.7225254979546945,0.551433171747891,0.09431460015994339,0.5745746137542227,0.13875614522032745,0.6008398961207664,-0.15522397578644004,0.5644641381826815,0.441709775789569,0.7378281755765014,-0.1318219644849293,-0.5696224101490784,-0.08474584745282696,0.42978779437487846,0.026739257975436605,0.5056026706457892,0.05621520963833879,0.03755620132935592,-0.475681724427282,0.5167661650008283,-0.41892000582977595,0.4212503124706802,0.5530923424918707,0.8014510893441101,-0.852754034948426,0.44050126353105634,-0.2992347408403968,0.47657476407099064,0.7041505780205307,0.5048444565273391,0.7246795859345831,-0.4305874756872112,-0.7261779677878123,-0.6364540150616406,-0.5507030334047075,-0.7127244805652311,-0.6256303649279866,-0.5695196098209048,0.45815336989814204,0.26437717941839023,-0.5411389618308647,0.5525648705390726,0.5169613686151575,0.6671125078961737,0.3560441315175249,0.8763800360028934,0.5575492472036421,0.5422817534390162,-0.4341607120600698,-0.5424377393488417,0.5192438810994086,0.4019255403603189,0.5470335367034747,0.4809602263568525,0.6277198488454836,0.47945160772216977,-0.4780145136620497,-0.5838249757000188,-0.3709639279975004,-0.39136296985611957,-0.46071113907826994,0.9049078538099635,0.6790451493785613,0.5610001931302905,-0.5468268635678146,-0.5490578690713325,-0.5315945448519529,-0.38159278086436776,-0.5148829419892589,0.5220510770842152,0.24732233511119497,0.5217946501648317,-0.319706057814632,-0.4291089014432358,-0.5789890123829886,0.5751977092325867,0.6204162995375917,-0.4028627591910515,0.4548109071726918,0.6626168493954719,0.23887468843222595,-0.5656330595966758,0.666264406129212,-0.36108378401559643,0.45334299711988796,0.24141897913177263,-0.8197656850444067,-0.5193616419340249,0.6247650303380091,0.5595563532483215,-0.8297428641425068,-0.5459294718138004,-0.8191708280865225,0.20616576735357262,0.7820410211878784,-0.47178080262760713,-0.7841128384658231,-0.44278085200508255,-0.6597615467885334,0.17333417963885892,0.6700755564987129,-0.8102599970185608,-0.6923485666522087,-0.1557533680769864,0.8005852556905299,-0.4604582069876231,0.18288138262959194,-0.628367571408034,-0.6450952937472643,-0.48592459131198706
0.9147375732633842,-0.8301205081383403,-0.9325831990425039,-0.9609537120482586,0.7007902075334861,1.0000000004403593,-0.9127239381662821,-0.7476202365309645,-0.8237603385070612,-0.883041739201033,-0.9644170901317282,-0.999255720544613,-0.8971392497371711,-0.9068894433304345,0.9098918454145,0.9475290935829621,-0.7940870146841263,0.8440538933303448,0.5661399590208374,0.9770939772444766,0.715137735355768,0.9777295342929966,-0.3181368002621847,0.9822256532977034,0.9225038950107316,0.9202344900174284,-0.44906651383272217,-0.9777163154034385,0.4689225139610998,0.9447956604416402,0.19358351090960882,0.9530295396428713,0.23202637809429355,0.12509786381287946,-0.9591645481139305,0.9716994028418878,-0.8520076206414207,0.9394720775761767,0.9049932534980055,0.9763814596004525,-0.9463872732046953,0.8361530339758901,0.16670375703812285,0.9563629813602358,0.9830259639653214,0.9379203392334317,0.9793917425348788,0.1651974729540761,-0.9946917852247696,-0.9542113059060819,-0.965371143445428,-0.9183418571597037,-0.9856123131493639,-0.9787715985446863,-0.18482889120315407,0.8710720737903184,-0.9662160260849253,0.9798155332484747,0.9596961366861849,0.9705843372419568,0.8946632555455413,0.781750431075215,0.5373060218408129,0.058611313061841336,-0.8102169371959991,-0.9681024469774122,0.9628855059178963,0.7932675210987814,0.9020453507131037,0.9601789791935749,0.7279590576994928,0.8325032457829292,-0.939461306063372,-0.9689588828792559,-0.7773695199335035,-0.685473093846012,-0.86424943769198,0.5593115846918536,0.9872242217675729,0.9816011880735932,-0.9693072452372619,-0.9692635432092147,-0.8797365639601451,-0.9163502350773409,-0.9334454323805094,0.9701119450099858,0.7115762655871821,0.9452909667905138,-0.8897737005772427,-0.8749452780302731,-0.8957535893743586,0.9699421935471437,0.8919020052020162,-0.8099132430654608,0.6895608965796322,0.9627652709661101,0.08349915140829646,-0.9670665364358604,0.66400069508684,-0.9066788717771671,0.9331088128004495,0.1542043977793386,-0.9759411063019634,-0.960948126039699,0.9894630373544849,0.9528012367783552,-0.7451248769107914,-0.8962856224203144,-0.9015878697094324,-0.5414238952403488,0.9540258921356022,-0.9590931776631991,-0.9725824988685549,-0.8718584145255579,-0.9399060517956944,0.3081325867339101,0.8559844548532629,-0.9328308940424344,-0.5873663724062318,0.559283537144011,0.9884181849925207,-0.9493871726580285,-0.09816639496794656,-0.9934058031464861,-0.939980655533576,-0.39544227202184734
-0.9841112400178652,0.9836965649225875,0.94555228927199,0.9317869296201738,-0.6155300896631215,-0.9127239381662821,0.9999999995378038,0.9364496293520425,0.9526121030967937,0.8933091811996504,0.9852431627380469,0.9183245624621119,0.7820067603029583,0.9709294259604234,-0.9867680709732108,-0.9856230806456641,0.9408108169599065,-0.5741417566920544,-0.812674369185329,-0.9265183526396829,-0.8640251341878398,-0.9500929627798357,-0.0658718634411536,-0.9068486199284767,-0.9129631744495224,-0.9673425928195774,0.10384359203149994,0.9413125733290009,-0.17790810437264634,-0.870860169747279,0.19596221433998515,-0.8813457475866713,0.12447175447561212,0.2242059523034798,0.86224484838217,-0.9160357200387503,0.9689610021201825,-0.8593333666626894,-0.9917471239629315,-0.8507939429770496,0.9296301085072938,-0.5630762996595692,0.12441140595427502,-0.8437053948147576,-0.9693456684502759,-0.9484633736612115,-0.9711560824739157,0.07040459180861171,0.9119430885014395,0.9771659501710076,0.9593745153909448,0.9911439421897902,0.9523340302996779,0.9439276753232805,-0.015864158806330853,-0.8322084555049711,0.9577170744860659,-0.9283501564339631,-0.9470904467699014,-0.983889352807213,-0.902742420776781,-0.8426160175575731,-0.8079308889954042,-0.27926235889250245,0.5204219422763354,0.9316022652118756,-0.9348813658434183,-0.509681961610481,-0.9868124185329457,-0.860551798358578,-0.8178690145551247,-0.9612070416266683,0.7723212333053362,0.9429672493066659,0.8651856044469479,0.9216826624873586,0.9642953721885703,-0.31831629486053037,-0.9574470191659017,-0.9081316770448598,0.9475473834013689,0.847634150643088,0.6582420271296475,0.785646977531433,0.9700791741630511,-0.880319606274173,-0.8746272567971526,-0.7686165094842058,0.8917804230681734,0.9079047679024862,0.9890220946027649,-0.9564576166854675,-0.9962651861719873,0.5418396744991757,-0.9245755835355348,-0.9753631376568432,-0.45986726804141176,0.9581423334356333,-0.8766589333588749,0.7712779829377996,-0.7784919743607119,-0.49655781740695853,0.9239392059570064,0.9483442314931533,-0.862603539129221,-0.97266956285631,0.826594210000423,0.9907648037816285,0.6746696547306836,0.44797887052610436,-0.964693209692385,0.8743369003825036,0.951227481545638,0.9635187213810437,0.7252227835289693,-0.6657846433088851,-0.9833364107347552,0.9592377820712277,0.599350765633353,-0.4135369119098085,-0.9016557461214693,0.8329910659559001,0.44406350888107166,0.9181836962026414,0.7201107509794534,0.23646556621579953
-0.8711181958502536,0.9693828046536257,0.7897857729649326,0.7457068118740938,-0.6526785064478708,-0.7476202365309645,0.9364496293520425,0.9999999987854286,0.8785858183089598,0.8322546134339671,0.8733021764744607,0.7648444056383737,0.5150562000124984,0.8580242280925033,-0.9000496851356725,-0.8828007585937957,0.9886350526033952,-0.3130329844566323,-0.7907508717581571,-0.7470961996278737,-0.7468276982275114,-0.7954942958380142,-0.34805767333933846,-0.7110206952196712,-0.7369922866497961,-0.9208687511560832,-0.20956775086284374,0.7710532750773847,0.17825188605985962,-0.6441858642762045,0.47966657079495534,-0.6746053315457504,0.39566372942785455,0.4613561529211086,0.6315866894346248,-0.7185737628619693,0.8802990838239609,-0.6287928304798572,-0.9087193182135055,-0.7034021064386324,0.8728951333274643,-0.2630873426520897,0.4500833995368364,-0.6065590293658137,-0.8526004982028017,-0.79879630781168,-0.8661763746740169,0.40053116182453524,0.7608778654959316,0.8716051487707747,0.804395382504563,0.9491441471412181,0.7993649958470411,0.7738162699363593,-0.3420686026537498,-0.5970857476957263,0.7973098071351074,-0.7420332968810573,-0.7793927448376482,-0.8748743513833911,-0.7175388439564195,-0.8913965352570871,-0.9602750811377179,-0.557120247777138,0.21756381539027247,0.7563586431217814,-0.7554111508546643,-0.20392720159405275,-0.9050277524326541,-0.6308146672812672,-0.8311255836614698,-0.9076102765354085,0.5100417372632039,0.7874326949240792,0.7621660833629598,0.948326453086729,0.8768899884130197,-0.28461984963257936,-0.8234849845210943,-0.7124330204473381,0.7810823875300318,0.6256920445624079,0.3988624541135775,0.52094434483661,0.8393743481467814,-0.6669248439856346,-0.8074073672466708,-0.5117823943924632,0.6902864804064001,0.7700578833039406,0.9207577875422404,-0.8041184165407551,-0.9521907055359502,0.24454678974330074,-0.9688233337955163,-0.8656102095541606,-0.7240382945997216,0.8061992300774592,-0.9879873393835102,0.5002413102889184,-0.5184659161743279,-0.7227766841313757,0.8267572894480273,0.780854507721955,-0.6538940119976447,-0.8401128719612115,0.8831230645214219,0.9157178956531266,0.5022990986053805,0.14050995445340494,-0.8987974409626739,0.6501600939420965,0.8613976996122457,0.8624685860478869,0.4934322463986587,-0.8218196163743012,-0.980814457738141,0.9172814396988273,0.6206393693647684,-0.085590713300359,-0.7734376818000884,0.591087187112749,0.552882076210966,0.7393700321532676,0.48227595583269306,0.18030112333112416
-0.9698811574344879,0.9662342510335343,0.9585474680861126,0.8947347343776727,-0.4087126955008498,-0.8237603385070612,0.9526121030967937,0.8785858183089598,0.9999999984618425,0.719302626788791,0.9380581399650211,0.824738147318942,0.7875911597530417,0.9852955261236491,-0.9819625600316486,-0.9578972448030082,0.8825811754989933,-0.5226229114573053,-0.9237492372216238,-0.8497506508048347,-0.9234280724210474,-0.9187129685205424,-0.20109518685686237,-0.869702386523661,-0.9416760426065219,-0.9166047812136059,-0.010277390753775519,0.9105480386993979,-0.19424486098406957,-0.8596168961933962,0.30068457089159717,-0.8025751692920613,0.2662312574192908,0.38409762284948806,0.8223515235332509,-0.8814246689695485,0.9938448892895498,-0.8578036316731382,-0.9402737498969219,-0.7023457153526932,0.8037657407449972,-0.49037783355799397,0.13454787731149598,-0.8181576624609401,-0.8823337166241524,-0.9579336200746772,-0.8889273260012905,-0.0571232842920979,0.8351135113677447,0.9481832963799401,0.9359626913923103,0.9139707736444656,0.9061229950456614,0.9086314186418438,0.12499525746476185,-0.8680372410641151,0.9282502152379866,-0.8831348850707047,-0.9331411374256927,-0.9129230732028331,-0.9428096027865395,-0.6575465940676684,-0.7769583732631027,-0.09965389219150864,0.44051267778246084,0.9166143778920559,-0.8799090547741344,-0.4128080124244115,-0.9845107954341237,-0.8345148699153986,-0.8553187204747628,-0.9954667334338803,0.7294988121905535,0.925213689702921,0.7771168354589894,0.9395949195221059,0.9968663436615375,-0.0978602304423661,-0.8984880123587228,-0.8716272417079113,0.924747947524173,0.8170616473915694,0.5228563633350657,0.7787802441810039,0.9701199670103562,-0.8560785529730421,-0.9801991732611439,-0.6919821163158757,0.9024614501654842,0.9652398117729452,0.9216015353792683,-0.9322555635147487,-0.9618040307488189,0.5222213418273499,-0.9097713549239387,-0.8821047619621697,-0.4724928415718494,0.9361046267998676,-0.8224784410330749,0.7641032038103076,-0.7583193348850126,-0.5828307893084647,0.8136823869751101,0.9317613129132365,-0.7895214872573662,-0.9562489808309507,0.6340259371257889,0.9836694325907167,0.5120722911409039,0.5524583503719639,-0.8782391214768491,0.8491594088192268,0.8614218135209452,0.9951229721933516,0.5988391958076023,-0.7406880238430802,-0.9321394104595976,0.8424639614876793,0.3410388388614515,-0.48262275842646585,-0.7828964538164291,0.8139271075586658,0.6434760639816287,0.8627840696296873,0.6219515761250766,0.29111556885587025
-0.8472760435527796,0.8291857261882636,0.7709681505997941,0.8488486602948485,-0.7418544453529791,-0.883041739201033,0.8933091811996504,0.8322546134339671,0.719302626788791,0.9999999989582026,0.8808264873860485,0.8906741735065824,0.6756067694911757,0.7841030513595001,-0.8184350515393239,-0.849236412748276,0.8249359326616548,-0.5432045221369416,-0.5307182777821695,-0.9000538313610912,-0.6738628141832518,-0.8313187426652868,0.18611004645982523,-0.8137396728136076,-0.7216247860933973,-0.8433036051312192,0.31222392212483924,0.8300141982331188,-0.1907850819781875,-0.7634868915727996,-0.03629657667490191,-0.8787228317628393,-0.16227764525305866,-0.10321332018376377,0.7990298825807246,-0.8271769224668217,0.7748943269510512,-0.7373253397158863,-0.9076160333595598,-0.912292588920276,0.9236200647504536,-0.5977170649164321,0.0007850189317102921,-0.7564231050520782,-0.9255865359790364,-0.7739257760098378,-0.9131981302681234,0.1748800660465546,0.8536926129341933,0.8393979927204874,0.835307529192148,0.9177296680469065,0.8552750344779715,0.8406646095742635,-0.1438703502906998,-0.6758490815544282,0.8472787694328697,-0.8494969421468338,-0.8148616913522231,-0.9162522475045063,-0.7094814726996005,-0.9346011032743076,-0.6737684220593566,-0.4458194996814363,0.5730955189252184,0.7983046472800808,-0.8790486203266408,-0.6007125444538615,-0.8147443788439948,-0.7711400841834442,-0.5602975937686838,-0.7348560290654422,0.7245841589662504,0.8034419702909421,0.8956523925888334,0.7365293344748763,0.7482480741775134,-0.5194778170144047,-0.8705057422366141,-0.8144233763608779,0.8253470752616101,0.7531929539575453,0.7768494704695271,0.6907742483343716,0.806880618206276,-0.7761629921617754,-0.5727240680808643,-0.7733953512590694,0.7617802448571861,0.663152641652516,0.9273374927256399,-0.8289347541426643,-0.8632301438603919,0.4887812179901839,-0.7841916907612885,-0.9498853527239238,-0.32410613376919556,0.8283930036670796,-0.7624465579251153,0.6828454255152387,-0.6937077385395652,-0.227788795549013,0.9010343743724156,0.8203076692157509,-0.8278565948557228,-0.8305943796475264,0.9417918597493525,0.8265629033718213,0.775046273527153,0.2978672984761046,-0.899247008294573,0.7834648155981074,0.8952036545408274,0.7543499731144021,0.7938571013031024,-0.4256418351837845,-0.8673031728061825,0.9410931144837856,0.8829419094533223,-0.3228291601319007,-0.9032121181315828,0.7384741756229921,0.07051199999849327,0.8428669272891178,0.7414099227975515,0.02907245808422861
-0.9829172681058054,0.9456288894040594,0.9748546691389044,0.9672511533136507,-0.635510250503408,-0.9644170901317282,0.9852431627380469,0.8733021764744607,0.9380581399650211,0.8808264873860485,0.9999999992718788,0.9666381390357679,0.8593877194368836,0.9788554595269784,-0.9857807407752488,-0.9971801160914162,0.8976752739308939,-0.7051299998163336,-0.7525385929813413,-0.9628976957864811,-0.8362655998998908,-0.9887606028227424,0.07172721353214566,-0.9634759983025504,-0.9547081791898528,-0.9711264769065902,0.23314752552497006,0.983202335345777,-0.3134696429246961,-0.9298723980736627,0.05385850205049696,-0.9241566593269855,0.004009443878617536,0.11421277851062407,0.9249391427568969,-0.9638631310389613,0.9546240490324989,-0.9230868130511428,-0.9747906609441811,-0.9050192974195853,0.9441959683203667,-0.6877434567442343,0.006804155581340035,-0.9165396520386714,-0.9903520822255155,-0.9785621768997106,-0.9913913634768476,-0.055862664254032246,0.9651457634171486,0.995366849472733,0.9897056275023428,0.9770050816152787,0.9903169864212725,0.9840512629312813,0.09905116384952994,-0.8833592233455602,0.9874138078491751,-0.9726482922525401,-0.981772835888481,-0.996595937798535,-0.9376261334523487,-0.806354080703063,-0.7103941385721274,-0.1537067257347206,0.6495456279841542,0.9767302793013845,-0.9658545328127958,-0.6309232341897908,-0.9828243052687494,-0.9279797684105434,-0.8191035557678555,-0.945005150543212,0.8632789036374834,0.9838218688909651,0.8320395978427138,0.8511272362684285,0.960071072659,-0.3949145476356102,-0.9918420604534602,-0.9640386432984744,0.9846553405442817,0.9246808934331318,0.7483904567317385,0.8679290765016644,0.9869708429347365,-0.9451102961213822,-0.8545242187141694,-0.856082625964358,0.9210225658732596,0.937638016500461,0.9656211098635304,-0.9903118997113017,-0.9771873548852079,0.6763585894000819,-0.8476487314497877,-0.9825055337280186,-0.31195687315454834,0.9903743204120495,-0.802720764037476,0.8548230170719601,-0.8692493644039405,-0.38309180486963257,0.957248908767036,0.9824422084165277,-0.9331369507642345,-0.9937876744865208,0.7780429286509664,0.9813472752156782,0.7663666020503709,0.522224975311035,-0.9764567453820377,0.9355456150575898,0.97605065038025,0.9623994213038586,0.8186923459424768,-0.5454081001052593,-0.950538671029891,0.9568495592978424,0.5570124557538227,-0.5022295658745186,-0.9473245669057161,0.9085380303258737,0.3479068288646371,0.9716767842704443,0.8225445815275543,0.33561828510728187
-0.9137017222823534,0.8388845415393679,0.9281236652165963,0.9537519426051037,-0.7242854783515253,-0.999255720544613,0.9183245624621119,0.7648444056383737,0.824738147318942,0.8906741735065824,0.9666381390357679,0.9999999980730276,0.8801774842156068,0.9062672449327247,-0.912696359860718,-0.9502151465954757,0.8118635053218535,-0.8336576428857204,-0.564707758613653,-0.9719094977095858,-0.7059327719147429,-0.9759335114114107,0.29711535317567056,-0.9761677096435002,-0.9158439812643895,-0.9306359160787746,0.42435459265240344,0.9738425947207698,-0.4366562433977032,-0.933178479341564,-0.17012744730456045,-0.9439264976798392,-0.20943102959747767,-0.10500004501125584,0.9480207606996847,-0.9642215427209007,0.8515999139847577,-0.9275237346744819,-0.9072818384914716,-0.9791241036972633,0.9579740048014949,-0.8192719170046446,-0.13223669900414184,-0.9450362163078873,-0.9861150950633613,-0.9346346856163471,-0.9840734767685662,-0.1288434356756371,0.9959918670389798,0.9573247624875527,0.9622824017230058,0.9278836111659722,0.9843607651586153,0.9748194905926143,0.14800987225608253,-0.8552806686988405,0.9623303928519987,-0.9739833752751189,-0.9548680848787936,-0.9735096227928267,-0.8851772833429195,-0.8021263011190614,-0.5603758026070863,-0.0917671826441918,0.7930191441859769,0.963395486228759,-0.9565292768342099,-0.7747367173456219,-0.9051109237221646,-0.9494904589949733,-0.742521976652298,-0.8368084681209215,0.9261649448881606,0.9668886874440046,0.7731309455756177,0.6939549827414913,0.8652185365623057,-0.5756416666804272,-0.9887404548248582,-0.975465113561832,0.9652349715534113,0.9610368008683744,0.8671497718870291,0.9007915631308592,0.9317318558602519,-0.9618086321893491,-0.7101236565631096,-0.9330796921764063,0.8775351405135973,0.8715901549245408,0.8997059191860775,-0.9677308314544639,-0.8994727852010124,0.7932249660350069,-0.7006452085178394,-0.9651821952888016,-0.10966221324611444,0.9646583032004826,-0.6858867676961728,0.8901119253267319,-0.9196794650623077,-0.17834198949025695,0.9835902927128917,0.956152035358135,-0.9835862601855677,-0.9518505884406855,0.7648413883159288,0.8997787164052334,0.9033776671071274,0.5100413829600616,-0.9634356384843635,0.9485631536601508,0.9800840731661814,0.8712077776946182,0.9328595841338764,-0.32363016722549126,-0.8681049080720371,0.9444996290414384,0.600512940143245,-0.5271505485562764,-0.9929602667804673,0.9373946207434487,0.10334350562928785,0.9901114998527012,0.93253309072022,0.4036092004235903
-0.8624888455481771,0.6906175519947272,0.9207893246609762,0.9505340209572273,-0.3279605364397852,-0.8971392497371711,0.7820067603029583,0.5150562000124984,0.7875911597530417,0.6756067694911757,0.8593877194368836,0.8801774842156068,0.9999999986943846,0.8627590940717118,-0.8243514880286545,-0.8483804556914762,0.5499551624012274,-0.8508769936131683,-0.6058572295944044,-0.927405242812906,-0.793645945823189,-0.9150635995803941,0.4225766596258507,-0.9558959319671527,-0.9383242125794986,-0.7372883224525546,0.5928542025393181,0.9353303067804302,-0.7449494082609783,-0.987127032279995,-0.3429893180086275,-0.9415561294631004,-0.3569282918715829,-0.2252181963919448,0.9822180736954013,-0.9625502840249278,0.817407051172735,-0.9891228247734775,-0.805886793885416,-0.8128587442932892,0.7139752136747595,-0.8986850031515317,-0.47360641139228243,-0.986410041269142,-0.8490353203406679,-0.9124771513248455,-0.8322295839362034,-0.5526811982659264,0.8773212565205923,0.8488296277941064,0.9211659824435974,0.7346290449632719,0.9103874114710289,0.935286222698242,0.5835749815465398,-0.9819367471487621,0.9271373173136741,-0.9496110558514075,-0.9366678100459024,-0.8476271868385837,-0.9463463440025791,-0.4534244864456625,-0.27765593746224765,0.33507940864942487,0.8734623646274077,0.9412687898325834,-0.9364733040246428,-0.8641333302634818,-0.8160257410683001,-0.9843087769492358,-0.556647576803895,-0.7572023908908024,0.979234403138464,0.9154540889385929,0.7361834236481183,0.5789047819112114,0.8172790310693924,-0.25080886354888005,-0.8792993430305435,-0.9564868049729697,0.9337941172533086,0.9649787267901393,0.8737944523050482,0.9977127906050801,0.8904848473444363,-0.9713369537818338,-0.733844329536091,-0.9590174647374097,0.9562898045582032,0.8760869825022607,0.7744772128598192,-0.9158929298893788,-0.7496326038330342,0.8950004354930641,-0.5430335664362355,-0.8359280684770549,0.1510002427593482,0.91638093694979,-0.39394189072959956,0.9982433422239325,-0.9850152993310746,0.036169382146098085,0.784821513805036,0.9364089071085495,-0.9422461851507905,-0.89291342056549,0.42401053711306674,0.8050418382694918,0.7397504454073027,0.8542588172165673,-0.7611516107517339,0.9830842016799441,0.793830947186346,0.8394747931290115,0.8792387746493269,-0.1893952696082193,-0.6654782192877545,0.707242411752926,0.30958830581224817,-0.8599352307064535,-0.821364515179799,0.9889870001660058,0.14754020792814798,0.9312315617066701,0.8948368764032282,0.30035363527413944
-0.9896822042809579,0.9546030746316025,0.9909387252713538,0.9521919744674755,-0.4921923738706541,-0.9068894433304345,0.9709294259604234,0.8580242280925033,0.9852955261236491,0.7841030513595001,0.9788554595269784,0.9062672449327247,0.8627590940717118,0.9999999987499394,-0.9954794552172018,-0.9887777709552509,0.8755240411957367,-0.6482007685867718,-0.8534085045346683,-0.9213014358602925,-0.9014805924359895,-0.9724148215171768,-0.040637042568947214,-0.9404750819252355,-0.9778133603630922,-0.9448087581180403,0.1417603332882503,0.9676600676499915,-0.3078694005850525,-0.9258567896899167,0.14878271765511497,-0.881580561931272,0.11471633838261058,0.2362259792018895,0.9014980335147103,-0.9464073549273335,0.9891078812601878,-0.9236897442352149,-0.9610042863273793,-0.8062359854103036,0.8664061186881221,-0.6243736304800062,0.025971012530854806,-0.8986799224489941,-0.9416331439636941,-0.9913667859878563,-0.9447120250485678,-0.12164065560469607,0.9131249001874677,0.9836487361119698,0.9820373989953184,0.9409110702034028,0.9646031491583311,0.9663487694174543,0.17782570556861146,-0.9136111102697565,0.9767618615837255,-0.948661982955042,-0.9797387140608196,-0.9607847535729627,-0.9719147380736038,-0.6999069827277354,-0.7163395841398902,-0.060848141936875676,0.5799102909625089,0.9704475470393831,-0.9404929407172176,-0.554081982585228,-0.9948253176811976,-0.9112836700497673,-0.8430044213163584,-0.982234524253175,0.8294302534238757,0.9753486255679,0.8036839585836486,0.8915810517790692,0.9950411427311175,-0.22635327715102663,-0.9573351283958474,-0.9417402938285913,0.9758024236166741,0.9001013960977837,0.6551289595181942,0.8610271882195744,0.9972101118668765,-0.928853366080629,-0.9403111084002297,-0.8014721955201142,0.940755001846229,0.9797269258996517,0.9426701992160953,-0.9803417895281671,-0.9707191489024907,0.6423829391209382,-0.8678813361288774,-0.9348640626777488,-0.35337365199683685,0.9824309063596517,-0.7887368662527922,0.8478806556758861,-0.8497143207923368,-0.4614546574209878,0.8861321530516089,0.9789514537557062,-0.8826690129447137,-0.9919428719199888,0.6710674233866325,0.9918164791204245,0.6451464345117749,0.5939238536410874,-0.9261655853147979,0.9214221896069867,0.9208099196297744,0.9970005443579869,0.7267872772297841,-0.6278735692620638,-0.934382765920788,0.8904081199259727,0.4088820678522207,-0.5474731684168378,-0.8690540987229022,0.8941937612955315,0.5045579331690411,0.9364169927292666,0.7455672613022397,0.3356791641884029
0.9888748421226354,-0.9747282066628953,-0.9778125919334766,-0.9397916967656964,0.5539980335068755,0.9098918454145,-0.9867680709732108,-0.9000496851356725,-0.9819625600316486,-0.8184350515393239,-0.9857807407752488,-0.912696359860718,-0.8243514880286545,-0.9954794552172018,1.0000000012854902,0.9944965739501982,-0.9163564553337723,0.6221290767042849,0.8434151089388922,0.9169850689755472,0.8810147526705785,0.9681001871322635,0.07473249387326807,0.927750068598869,0.9577653962418617,0.967181527952361,-0.09963978265581072,-0.9594215201592734,0.2365729337221368,0.9004050476025165,-0.19102352664261943,0.8702312336100907,-0.1487768814227429,-0.26266588369321664,-0.8798968334553666,0.931923601513861,-0.9860993540610435,0.8960091121311807,0.9719852827184802,0.8220569696866725,-0.8986731328809787,0.5905872902431719,-0.09558587775383248,0.8739657221342932,0.9541467534666541,0.9805579228606875,0.9594228228835228,0.031314730106088276,-0.9179611071329513,-0.9895291926131293,-0.9754761347231847,-0.9669257989018905,-0.9630619380070531,-0.9587110745616548,-0.08629204830569263,0.8763403800505376,-0.969652198079183,0.9386026139729974,0.9686431463160621,0.9719792074619609,0.9464814846920345,0.7597121023594966,0.7688474085873199,0.1517612086196509,-0.5460117691912622,-0.9585648085513621,0.9321567969641564,0.520832822354725,0.9998126222281861,0.8882760799269275,0.8622245834152583,0.9862689562727044,-0.801567910358825,-0.9687039108441912,-0.8099041379950932,-0.9105529746328654,-0.9923444746769441,0.2718375475308758,0.9623838828679993,0.9288830846393803,-0.9667835803368865,-0.8807673475481844,-0.639775929536434,-0.8259512841443708,-0.9915991186803964,0.9099261253678943,0.9265547947957062,0.7798855123567532,-0.9148232037650389,-0.9631273585416759,-0.9590770496958092,0.9749786519106111,0.9888038552123537,-0.6014990234278994,0.8958659524038843,0.948487774385085,0.41163814467712384,-0.9766493082771732,0.8394164206608379,-0.8110152135747485,0.8189225060370934,0.503689385878287,-0.9078499842227803,-0.9682883463302825,0.8731020747051089,0.9891381383264011,-0.7320044404717749,-0.9986858257428425,-0.6571623563554528,-0.5199224152952544,0.9502927105924189,-0.8992396683482585,-0.9407153960318106,-0.9913487055634369,-0.7192902141833097,0.6574746247242931,0.9636592764836417,-0.9235297257572459,-0.46615426919538777,0.4749235966330723,0.8852278569955814,-0.8672922920318957,-0.49935074368270227,-0.9308816021712024,-0.7330366603931409,-0.33196105499916706
0.9845722384617281,-0.9569355106099019,-0.9803178631996399,-0.9562395288911861,0.6129157976385301,0.9475290935829621,-0.9856230806456641,-0.8828007585937957,-0.9578972448030082,-0.849236412748276,-0.9971801160914162,-0.9502151465954757,-0.8483804556914762,-0.9887777709552509,0.9944965739501982,1.0000000010567023,-0.9083221911024693,0.6867622118710447,0.7842501557650551,0.9436830545802646,0.8463212859544148,0.985847687706157,-0.014381183469413661,0.9542154339999589,0.9618899268301242,0.9765759553796896,-0.17798818432247485,-0.9780345832816877,0.2848089247060611,0.9207741181296673,-0.10671476723298534,0.8996624416165729,-0.06583346616910064,-0.17889261041846477,-0.9088182122254181,0.9534172975903014,-0.9669572582239594,0.9162389118122989,0.9700593892441507,0.8760596431250786,-0.9310934539719788,0.655838043388401,-0.047670750639073764,0.9041814392364543,0.9780237242568025,0.9845135146498771,0.9822046198557413,0.05002665337593099,-0.9539361453295081,-0.9984876921064897,-0.9872173742339355,-0.9740606529819532,-0.9840942487015419,-0.9775528914205509,-0.09626643764006178,0.8813839208854158,-0.9823450771145743,0.9613045577249351,0.9797916599609827,0.9882102299216704,0.9442348067583837,0.7858291120760784,0.7320981709029153,0.14335044307010794,-0.6151828818899276,-0.9748047781223035,0.9509641794623199,0.5901775463895379,0.9924301331551482,0.9162060065518302,0.8518445168546251,0.9652856573587386,-0.8440256820346077,-0.9842259952280297,-0.8085529624356952,-0.8701784213532144,-0.9763274919137541,0.3598160813115292,0.985423071738835,0.95484518121971,-0.9812811367521407,-0.9147860379030077,-0.7045360342770087,-0.8554249753583906,-0.992040324934083,0.9366870360075213,0.8862981400819925,0.8289849292718685,-0.9163298289240472,-0.955961833655568,-0.958406331410684,0.9887273876299917,0.9831835639101519,-0.6589429912712566,0.8608997942201732,0.9673716585456721,0.34512283822282463,-0.9890994723108486,0.8179852186099424,-0.8409859540589911,0.8559046276941777,0.434694708875426,-0.9441481714622415,-0.9797897579540173,0.9146157563014932,0.9955118669085434,-0.7542886347121689,-0.990054872999123,-0.7323759464548183,-0.5181762076518591,0.9714371293391182,-0.9241058349457913,-0.9681658327930235,-0.9765709460950542,-0.784316318946501,0.5847539378665803,0.9569694848282402,-0.9459865320120453,-0.5066404633108876,0.48804801679792736,0.9284940604139023,-0.8971242539812463,-0.40740010182216435,-0.9608048258801727,-0.7954266872563066,-0.364201980621489
