1.0000000001765015,0.0509696813644947,-0.5444732727663787,-0.4365229208813509,-0.04031955100323166,0.24460837457899973,-0.34100033064157254,-0.4008630240814397,-0.8897986380343719,-0.37077205997149243,-0.1867142409886554,0.3084735270926018,-0.057767049576947956,-0.10331065132678902,-0.5769287546450999,-0.4537952445497147,-0.1661755312283755,-0.12839846918168832,0.1297756175289514,-0.16955316077373997,0.3249732961263967,-0.36202269425939065,-0.5129722046571817,-0.013886747064587134,-0.3287285616547427,-0.07814831770808472,0.2576500827001317,-0.33385771808638104,-0.28378003563328275,-0.13739757291440294,0.5666911608094704,0.20941751559809368,0.19034937557997197,0.05983316676419058,0.956911632745091,0.6021554891977753,0.04016513614928273,0.33270960143409706,0.22397951449853973,-0.12670667701216284,-0.25715543565969584,0.688384390323638,0.19219841075132693,-0.2736679265391836,-0.1076980702558763,0.43467316140997164,0.7017487053746689,0.02391723872498966,0.056119333898294925,-0.11106504838753345,0.20507562960971162,0.47634867759173743,-0.06021224754814191,-0.8680561491037636,0.05169060042353461,-0.4458151091315213,0.2838214059362922,-0.24129407056407734,-0.35576244907270155,0.06365910395264246,0.10101291657050801,0.25938818058081947,0.07161309835637174,0.44549359955485196,0.11487260611963575,0.46204648729806896,0.0966032882180352,-0.14674819529586605,0.0022617894172412794,0.09748952465364807,-0.07690869745408456,-0.3342305769696092,0.2999092931737691,0.0742107142869632,0.3418161546067401,0.9892717386770212,0.191303795714835,0.038759484473061705,0.20910093373986652,-0.19378811811812302,-0.19818873570334128,-0.7134499578307755,-0.14559689162778386,-0.25238105001088074,-0.7678427575280105,-0.49003487457067946,0.25561337698559383,0.5321746051659246,-0.17965023268305422,-0.24739389010997762,0.4859958406537889,0.14083510652788306,-0.12275949449919606,-0.40696505877985145,-0.39283702886928207,0.038513808669251096,0.03628912290226053,-0.3497034041448211,0.1581208284132014,0.11960138953718094,-0.08135905890879344,0.09345547462381698,0.37247306422711063,0.0716748286065153,0.14914386912817115,-0.1844886548383539,0.3461266690349542,0.40032463661080736,-0.0030795815759844373,-0.06763033568947438,-0.2185102110372468,-0.16231211152014302,0.00498825439077152,-0.09360131171463298,0.027216063604106507,0.07813616178386641,-0.5850823756135614,0.252209557338111,-0.15665035786285036,-0.1164528415628312,-0.050138577911162024,-0.03971399672525073,-0.1633625106836346,0.2829907513576717,0.03651841408069736,0.5885518653702657
0.0509696813644947,1.0000000006638736,-0.8358357714528507,-0.9184858601110426,-0.9377335375494205,-0.4831895755797469,0.9197251518372104,0.8889337189649966,0.2989068650575325,0.9070037545790798,-0.9878967430061122,0.9143066732964787,-0.9806625059288955,0.9877044546148106,-0.7687591673244177,-0.912983997897807,-0.9927526126972226,-0.9840264617384058,-0.9673312842965806,-0.9852179411269018,0.9432420034541561,0.9022420283616345,-0.17849277429568608,-0.936869266216801,-0.9210096606117373,-0.9842637760788241,0.9602235696527133,-0.8739992644293211,0.9374335669046427,-0.9933812052641658,0.2516889956931211,0.9730586087234138,-0.9603893379920316,0.9974742585179456,0.11794384929995745,0.8280239098124548,0.9786266108413767,-0.8153234622203849,0.90823948433143,-0.9929951913018666,-0.9638805800457707,0.7397362407022585,-0.9694237251224068,-0.9482270587702349,-0.9881006765431163,0.9187906084933422,0.6977558269124483,0.9466379652329607,0.9986844794009848,0.8879372178957851,0.980633646120991,-0.8476928161983812,-0.9988442127734827,-0.5158685937235226,0.999629891869562,0.7780866644216526,-0.8599997947441954,-0.9795978855382315,-0.8437845456273716,0.9796704436327499,0.9891116702786131,0.9254726952495721,0.9923339223254692,0.8982030594065935,0.9869812737339227,-0.8615625931962295,0.9570921398860474,0.8570496376247516,-0.9900167686099893,-0.9782794171802877,-0.9941393279842468,-0.9441141192468169,0.9510087004972884,0.8161928776756325,0.949938494634348,-0.07116643357283155,0.9427712611974712,0.9866947692905508,0.9349728432552256,-0.9895119704419089,-0.9817386839394855,-0.5859167196358985,-0.874482450905294,-0.964346170308407,0.1103532202571753,-0.8221246646153487,-0.9285938810767398,0.7771645295640447,-0.9058299792333985,0.952323247377663,-0.7485079265541763,-0.9011953528258403,-0.8572069664440947,0.7792482561931997,0.8938046160264315,0.988386285163962,-0.9901844495343168,-0.8256120706223326,-0.8010286795415327,0.9950046298093934,-0.9986433554702362,0.943081141822006,0.9456075393854242,0.9935366426222829,-0.9276358256242674,-0.9905078144475054,-0.7725277232095885,0.9354063255762337,0.9453997739219134,0.7675475296712285,-0.9811963814516028,-0.9651343810958328,-0.9968066935238254,0.954553243135089,0.9882202162712171,-0.990308022837349,-0.38783435141717576,0.9789139452639067,0.9782851268344805,-0.9871746618680364,0.9735261611320682,-0.9993280417964447,0.9729050526612705,0.9110972534636067,0.999768799685733,0.7730082454260726
-0.5444732727663787,-0.8358357714528507,1.0000000008455825,0.9496138766257037,0.8567838841781787,0.08428839832563013,-0.5609380316342423,-0.49616193338600156,0.2716541838345422,-0.5603919692751916,0.8780642957120736,-0.9642041476314995,0.8668095101719512,-0.742111907502534,0.989409465693946,0.9651651417531453,0.895099325977719,0.8971847566064478,0.7580308658192235,0.856396013442896,-0.9681305993234054,-0.5793343074258852,0.5894341126390198,0.8429505089946292,0.9709617252667785,0.8753229258129515,-0.9485391236040465,0.9623224146399523,-0.6398845058602904,0.8573474018477544,-0.6643645881102006,-0.8570492899495018,0.6508731233972634,-0.8538227644043387,-0.6393813357730433,-0.9730360104816002,-0.767679687428538,0.395601740376265,-0.7648377803656446,0.8882313066371017,0.9470047484496408,-0.9085217900731023,0.6796161383558863,0.9553469251435672,0.8232123354178542,-0.947464890382682,-0.9761295863648194,-0.8500198567768686,-0.8486359606942908,-0.7591049962772081,-0.871314363884723,0.42415816393227534,0.8291273087643611,0.8208770108175911,-0.8298823073461924,-0.49400477056373243,0.6403344161913819,0.9284702280639737,0.958966245501,-0.7815119056933549,-0.8216558017724764,-0.9496401206730545,-0.8669269501181881,-0.9116982924576423,-0.8899930593900025,0.4583797519124403,-0.8872011641362266,-0.5147392915005323,0.829848388970996,0.7757173551696466,0.8209616611511225,0.9691200868793665,-0.8817446676490829,-0.8261081025481235,-0.9651286025413693,-0.4222752778910941,-0.9266096481042859,-0.8547581903941505,-0.9325064906277437,0.9027805262203574,0.9214413892560157,0.7378134354917647,0.8866077260508111,0.9456924686291013,0.15927993384415387,0.9900921258062797,0.6709662367334388,-0.9838143231371401,0.9131415961223299,-0.6631287106994185,0.45147566483239543,0.7456898551417765,0.8687353404365951,-0.32953250870099693,-0.5062000562728761,-0.8536426957965263,0.8081747483728755,0.9493507380347062,0.6941895453655539,-0.8822744457584906,0.8406991935191025,-0.8839124473478136,-0.9579523484446112,-0.865671221806905,0.6063398063452543,0.9019285430112215,0.5631651040570563,-0.9552616818410138,-0.8355374583869292,-0.7275167236304151,0.8841804815660204,0.8114559437206688,0.8177034184146689,-0.668406640750327,-0.8477738509765788,0.7745315202012053,0.44784026093122503,-0.9142005334897799,-0.7168932954035578,0.8262871101128864,-0.8089525042654541,0.8373383984128506,-0.6862832227918297,-0.9551151015374728,-0.8319075892373555,-0.8524989024302932
-0.4365229208813509,-0.9184858601110426,0.9496138766257037,1.0000000003356904,0.8360905118011452,0.3920524450354154,-0.6968669067810886,-0.6486271084935654,0.059887480776051494,-0.6666208092729089,0.9653708789087672,-0.9222896816942631,0.8912174616579175,-0.8489356004969244,0.8940610726464023,0.9985196711485267,0.9549058055693773,0.9241281696145753,0.8070093225598217,0.9594121033632744,-0.9628129643788599,-0.6604196708966479,0.30661657566696493,0.8249374198389814,0.9388005047560387,0.9037696306366008,-0.9516146777552715,0.8907627088210619,-0.7247413516266347,0.9511301052484266,-0.3966879541090175,-0.9668356803264541,0.7977314280074856,-0.915157413152008,-0.46177413156996294,-0.9795488816583011,-0.9082386092429504,0.630947816284792,-0.9279320018632957,0.9359877732957609,0.9559408522288452,-0.9444672122123463,0.7986375155944135,0.9446354062793066,0.939110161887715,-0.9999768280764,-0.884417831762745,-0.8393449447310268,-0.9160416726852839,-0.7267264344493906,-0.9689520837412172,0.5822518910228501,0.9240834305817653,0.8125436353815757,-0.9201805725985469,-0.499447683727681,0.6367962213369377,0.9706270479292907,0.8692388270760739,-0.9180180327878283,-0.937119686955191,-0.9128284435410599,-0.9118486577482817,-0.9928269222348973,-0.9223053841566865,0.5957197174779112,-0.8794214305196008,-0.7434933151514473,0.8803297592974393,0.8316186619975026,0.9300822989573913,0.968483848624142,-0.9832427167231762,-0.7253890140104182,-0.9803179291252031,-0.3277642214646303,-0.9025793993340723,-0.8913520178116631,-0.9015793558301547,0.9638241157438415,0.9519558387007356,0.83308374636728,0.8122328113129166,0.954286803571835,0.2408217761287341,0.9077227038395701,0.7208157467861536,-0.8811911249945185,0.8583506034001042,-0.7544069740563163,0.4566896104542674,0.7296721203881701,0.7855756690321517,-0.5693667579983708,-0.6555438336572975,-0.893461770841087,0.8685459902133458,0.8481743172812172,0.6217777517129585,-0.9361812269314225,0.9318478515892109,-0.8628011274512228,-0.9939476146682914,-0.9136099535292005,0.7956437984560514,0.9602086140722775,0.5265800512692234,-0.9981135606404103,-0.8276535859870449,-0.6227178280534266,0.9730666466576657,0.9458013261429863,0.8900902015558736,-0.8379588023395159,-0.8889126323647727,0.8559895466061062,0.6237768609833176,-0.9798536323389304,-0.8169446837468065,0.9418672418836959,-0.8419991012384785,0.9112447556049041,-0.816128100080083,-0.9076104063609399,-0.9116056909577531,-0.9448639410047349
-0.04031955100323166,-0.9377335375494205,0.8567838841781787,0.8360905118011452,1.0000000008562224,0.16584635202149453,-0.8455212188937455,-0.8018308997606309,-0.18322255338845433,-0.872684765703347,0.8997989189638352,-0.9626132228449686,0.9874522503180454,-0.9177212387953547,0.8367020329595455,0.8485827393426353,0.9413312947448179,0.9776808212910957,0.9706788634821052,0.8803462716340865,-0.9459237749700783,-0.8970596164292554,0.45696190759533245,0.9996513927322768,0.954820473765393,0.9833563223573973,-0.9631852233514043,0.9528958064625701,-0.9179670502822316,0.904771167818453,-0.5073095879861744,-0.8536284848141215,0.8529767974575136,-0.9597676534909185,-0.20140430596424908,-0.7709939640961706,-0.8464245785765605,0.6140829529502164,-0.718826465671506,0.9619593722138753,0.9599444080670057,-0.63037239080521,0.8965895057075591,0.9651154702372975,0.8766084484070925,-0.8340882845561529,-0.7399939499199308,-0.9994821183889724,-0.954176652618659,-0.9840220282463049,-0.8769709837421762,0.7627524503349853,0.9202035410063407,0.4242337091400075,-0.9279279814917808,-0.871440366888858,0.9446391609583904,0.9382175815048047,0.9402586657773615,-0.8490580034817167,-0.8791596887437203,-0.9751658346561457,-0.9726773476285316,-0.7761486189901446,-0.9761865043289946,0.8004634390167777,-0.9963904143869081,-0.6388855016343723,0.9741542659841502,0.9690342948834283,0.8956232244326269,0.9397979913471846,-0.8275926655641053,-0.9654561947490272,-0.9255216409622691,0.10221892926264703,-0.9875251590582951,-0.9816666145498202,-0.9851980618113054,0.9324476544408724,0.9608595846622355,0.39365483745901375,0.9840209999119222,0.961537072362802,-0.32560140139314125,0.8892541704014414,0.9472844183114894,-0.8608147095926005,0.9880357780637289,-0.9204627718997799,0.8465911028169325,0.9822633302415867,0.9799513271323859,-0.5816173830400689,-0.809566375732259,-0.9795435306936022,0.9672011198110153,0.9360719634656939,0.9486846614425779,-0.9575975356015475,0.9215755683289223,-0.9984275358211651,-0.8912286438380851,-0.9702522312321069,0.7610859489693821,0.9381975003313188,0.9024074677735705,-0.8681885644578516,-0.9986878660038699,-0.9400408111487506,0.8862761257750658,0.8222392026478846,0.9549735942033607,-0.8052647480272563,-0.9793946177710248,0.9476965559214124,0.10682291237662525,-0.9073135040333702,-0.9238221687618641,0.8747624806749468,-0.9850553935397347,0.9493031669404385,-0.8828848878718885,-0.9697450918402941,-0.9431727980914825,-0.6108816030839803
0.24460837457899973,-0.4831895755797469,0.08428839832563013,0.3920524450354154,0.16584635202149453,1.000000000547582,-0.5966984333944041,-0.634141961923358,-0.6378396920112511,-0.5051688290917793,0.5018447860559829,-0.1139626613179969,0.30885298700738945,-0.5418312198175437,-0.061154316306594694,0.34200139849975414,0.42147865036566046,0.3211958288845819,0.36645996668133424,0.5460858027364986,-0.22873173477825226,-0.4311035182994096,-0.7534208993381992,0.17192163642995353,0.14523642480162366,0.322702402917044,-0.25336214825671616,0.019233728449398992,-0.45510237164716005,0.5191838797982742,0.6885735441369368,-0.5652903408613758,0.6471492989396634,-0.42084582471158394,0.43459401979762846,-0.251995743384381,-0.6465960301935683,0.8626353871094863,-0.7063680604505372,0.38403031224761713,0.27132414858983245,-0.3219275385237263,0.5678910141270267,0.211164808250046,0.5807796147932218,-0.3982246283262132,0.06018229376812755,-0.19627513150452916,-0.4386502381570596,-0.11096434427529966,-0.5313606956121018,0.6363158188612491,0.5193984057879664,0.14965241810616559,-0.5054823741514852,-0.17561120415132173,0.17842029567367723,0.37118182369252023,-0.03976461034127375,-0.6363827624019579,-0.5793622998498752,-0.12866086261423523,-0.3723680447429612,-0.47752680154136606,-0.3367915852672591,0.5798464782141998,-0.21148203238651747,-0.864228821031946,0.3837299911580044,0.39118456086256254,0.5606244819890916,0.24315557164013799,-0.5411121541733864,0.09493690907602562,-0.29121456100910786,0.2351479249734911,-0.1661394623453571,-0.3447741277292958,-0.14517406554814025,0.4259342720583598,0.33516461623751065,0.45994184932623594,0.0001078785363753687,0.2701576455436883,0.25675872464362176,-0.015586802359280158,0.352388881227602,0.08301498458500703,0.06678843053786951,-0.4795435933915235,0.16552743207997953,0.1601755538441667,-0.03101286342500081,-0.8627841567746697,-0.6266577294028575,-0.35458414051221404,0.410665330452232,-0.07789954207904874,-0.02947427950918148,-0.4020584510707553,0.5094670624868883,-0.16901245483407462,-0.3527454910320571,-0.38147113621045387,0.76571701530609,0.4175559985334346,0.05736085517208584,-0.37196654190989326,-0.2025516196029845,0.12677121253385315,0.5067193904860215,0.6323742251736661,0.4491742405079247,-0.717703341292512,-0.3577379247246135,0.4698369842490839,0.6407412898828694,-0.4402863907898458,-0.5166791431036579,0.5801429451237307,-0.32606564200224303,0.45683105297656623,-0.6020239470798451,-0.09537661642960066,-0.4736660485976209,-0.48882315168230633
-0.34100033064157254,0.9197251518372104,-0.5609380316342423,-0.6968669067810886,-0.8455212188937455,-0.5966984333944041,0.999999999812918,0.9968592893792814,0.643956662617464,0.9932292630538381,-0.8597688419980345,0.7214333961324201,-0.8877389433412818,0.9697548498664808,-0.4782058037415951,-0.6820547717797315,-0.8662600309653553,-0.8654715835006684,-0.9490801825086768,-0.866734025951298,0.7493946069156082,0.9805967234888554,0.08005342322089454,-0.854945383378176,-0.7221459655417042,-0.8844010737839514,0.791394829002295,-0.6690372615479067,0.9851284487470815,-0.8841897427866018,-0.02922517669835935,0.842276925817653,-0.9844831182715796,0.9098781166563691,-0.2774311385546255,0.5440045641289277,0.9155820391487934,-0.9206394779327596,0.7878696958652072,-0.878529071943522,-0.7961213927635734,0.43692390717668145,-0.9879115017898761,-0.7717054278492753,-0.894633438501267,0.6982512988842277,0.3677520731076442,0.8617459876959842,0.9135707033352324,0.8527368078123784,0.8484165385522021,-0.9876242870260393,-0.9177383328091998,-0.15585863506767872,0.9206513188655187,0.8816883780762255,-0.8960519268414326,-0.8230770293272361,-0.6295192449787437,0.9071250937433536,0.8979276276250118,0.750731830954408,0.8975354971137361,0.6810422231484456,0.8742264281482186,-0.9910121722441979,0.8453340031199389,0.8896551061940262,-0.9235780326661188,-0.9487313848411331,-0.9101221510963189,-0.7477450189533867,0.7871375191912084,0.7050306380053817,0.753505758457595,-0.4469669425007471,0.7941823518960793,0.9027047676454311,0.7790915363730668,-0.853404419488305,-0.8385098840210595,-0.2978301890077527,-0.7378894584116136,-0.7982312504528527,0.3666957940644583,-0.5618347903758213,-0.9596467685977638,0.5008926939276966,-0.7582348164377469,0.9868105303777954,-0.8690961787152884,-0.8791431060598324,-0.7285708664229934,0.9154872715401923,0.9977836845176117,0.9050002667186215,-0.9381801813864943,-0.6126930935450935,-0.7818396502117181,0.8842167641174713,-0.909043000014081,0.8309003252312941,0.7424504938269798,0.8992260668285809,-0.9476978752055283,-0.8571756734861926,-0.831621802921229,0.7242167237067624,0.8710542661821814,0.7113346783630595,-0.8422600203873963,-0.8571499846327602,-0.9352248946815931,0.9482055709987017,0.9092506030023046,-0.9578499741956972,-0.17842054604896165,0.8231551370837223,0.979256308057178,-0.8905088093546961,0.922423240223338,-0.9214766065843217,0.9827250401295192,0.7266906216147061,0.9242140374405817,0.5154736078674905
-0.4008630240814397,0.8889337189649966,-0.49616193338600156,-0.6486271084935654,-0.8018308997606309,-0.634141961923358,0.9968592893792814,1.0000000021638082,0.7007829153280388,0.9872659707564941,-0.8246134536511176,0.6644172272640663,-0.8484989844675508,0.9495407094335365,-0.4079489691756511,-0.6307093905768113,-0.8275127345925001,-0.8235780165747324,-0.9218894730684628,-0.8348147983726327,0.6961375990208811,0.9705984298613923,0.15210128894259875,-0.8127907294856824,-0.6655212538643782,-0.8447957660063412,0.741495784678324,-0.608081106500044,0.9710354544138449,-0.8518326673452408,-0.10418247483495066,0.8102646664678691,-0.9751458195564726,0.8755439721105774,-0.3490242418101102,0.48594324613820455,0.8950390966914386,-0.9367944224292396,0.7661537782021028,-0.8395390429544564,-0.7469937978082112,0.383506654553472,-0.973988823596238,-0.7195211919487774,-0.8671225756262011,0.6504022766906111,0.29586332640597335,0.8199043401861721,0.8802741898296922,0.8155353709094654,0.814397992961411,-0.9964476441196539,-0.8885100007845699,-0.0975063607575902,0.8910235273854945,0.8686291757096518,-0.8715542685281107,-0.7790670523223726,-0.5661158058563922,0.8849485255499268,0.8705830221403915,0.6960576787775488,0.8604020215043615,0.6380083899353416,0.8335936014559894,-0.9954765253100403,0.8005159426072075,0.8954185463032844,-0.8904349462356842,-0.9208255443612692,-0.8825836314239894,-0.694792215217041,0.751040636610453,0.652656256514299,0.7024370791321857,-0.4992592098798439,0.7435601641485824,0.8658734081027812,0.7269982257806201,-0.8138463163877059,-0.7943909141646346,-0.2588908131667451,-0.684222023464964,-0.7492280807524803,0.38114386588649674,-0.49493980794603604,-0.9393699904415048,0.431007837918421,-0.7048845567644078,0.9715933242047963,-0.858879487893274,-0.8451365516227184,-0.6752052953088293,0.9368816493684392,0.9999148640061324,0.8686056715924233,-0.9079527530782315,-0.5485282823886566,-0.7440078950360507,0.8463829339389021,-0.8783669167277005,0.784738876629053,0.6935048245225062,0.8625048923045764,-0.9445600213124191,-0.8175331826614787,-0.8082203136112793,0.6756042274859446,0.8308040251315032,0.6661803502382562,-0.8063178041131117,-0.8311856267558699,-0.9052864309092641,0.9386264115759189,0.8735307649736089,-0.9325859716219564,-0.16538948628087596,0.7823433658993276,0.9605829494689659,-0.862627291233712,0.8892470401480541,-0.8898292912737242,0.9691391881896164,0.6699944236336972,0.893571889550296,0.4734731143194471
-0.8897986380343719,0.2989068650575325,0.2716541838345422,0.059887480776051494,-0.18322255338845433,-0.6378396920112511,0.643956662617464,0.7007829153280388,1.0000000002650924,0.6331035897008412,-0.19356830108291212,-0.056643738452023855,-0.2275824071419498,0.4429508917662627,0.3613602232543919,0.09277312717689697,-0.18217085461775614,-0.1753295192405794,-0.39804082924558454,-0.2229138649483061,-0.023987028634452852,0.5986272921140473,0.6564855920997019,-0.20668282726239648,0.06071433112780155,-0.2166365466343266,0.04225129348805454,0.11794776174470474,0.5496973990874835,-0.24067797949966643,-0.6645371263139399,0.1954721281976905,-0.5467507947152671,0.26891904122361543,-0.9119182151850407,-0.2594960802437559,0.36276634281974784,-0.7153066239890029,0.2235121061852243,-0.20075513685840596,-0.04971073176087299,-0.3189966390376057,-0.5213003046460332,-0.01211908806586004,-0.285982542780151,-0.056121499237302,-0.4740140804792499,0.20892563112433782,0.27852300037802885,0.2779094007847205,0.1880726777547199,-0.7558661862329441,-0.30422285727805237,0.5637949770570275,0.3062642839144583,0.5541098688270557,-0.43748441732817844,-0.1010378794939511,0.16192080675387516,0.34023225652980493,0.29106043268042914,-0.009722328456805996,0.24110994740603217,-0.03985270883275156,0.19238384093587835,-0.7263134671085456,0.15721804027757802,0.572118672905056,-0.3046767015231644,-0.38257587430224305,-0.30470736361386225,0.026165934665326043,0.10977348942449106,0.04186170336616223,-0.014088456459809377,-0.898071977024284,0.06179851398758184,0.25688993430319934,0.0385469734908147,-0.16085083881199044,-0.12339973174703231,0.31540937134668673,-0.027847299930593254,-0.05323909410294751,0.5485371724656151,0.26567674168483557,-0.48851849737766795,-0.3315349546705595,-0.029414576994456196,0.5314649086274105,-0.5781231627188304,-0.32191595074874435,-0.03230290045191502,0.7695271985388856,0.6924031623721567,0.2608931107446761,-0.3419534322613278,0.17373149666621282,-0.25113521448787124,0.21332137704682771,-0.2834847726436582,0.14218548803075928,-0.01756627805181987,0.2445286754493236,-0.5504618854055169,-0.16554590509040465,-0.42993319362271776,-0.034939502463419266,0.23285288441120608,0.13728025960017395,-0.1684312970833465,-0.25641333711733083,-0.3315145685403657,0.49269612698861004,0.2711542656037013,-0.39713408517273624,0.1794875861979806,0.11688725162181013,0.47558074421425417,-0.27850402379434325,0.32002727756684357,-0.2984537864045252,0.5107644421308299,-0.04319848224180884,0.3071613861955744,-0.17261755723506536
-0.37077205997149243,0.9070037545790798,-0.5603919692751916,-0.6666208092729089,-0.872684765703347,-0.5051688290917793,0.9932292630538381,0.9872659707564941,0.6331035897008412,1.0000000012454788,-0.8349802022251973,0.7367106756960424,-0.8969266680094867,0.9585712633140778,-0.49135414398308974,-0.6570983191603846,-0.8538859886146553,-0.8685629057556803,-0.9620652197636977,-0.8369747748036415,0.7497754757606591,0.9964852069154614,0.0024755531391539146,-0.882975217269866,-0.7322666266635317,-0.890593209979441,0.793817063797089,-0.6931437154985801,0.9946237478960744,-0.860604602976959,0.040186874685616304,0.8066512735919513,-0.9633277377363535,0.9048141795262774,-0.2751296951054585,0.5167102198416502,0.8804211223279821,-0.8717883149720742,0.7287309734278509,-0.873785237319315,-0.7963653127694779,0.38968145827187095,-0.9780303209737939,-0.7780832359478089,-0.8644219152262265,0.6673137862591496,0.3686529536082509,0.8863889438382165,0.9064244865554034,0.894421531292427,0.8180556469710396,-0.9803903318513422,-0.899481552517525,-0.10756777270172732,0.9048662617826878,0.9305010108993418,-0.9384308075943973,-0.8118130612545417,-0.6584416336312533,0.8718564213057618,0.868400483582813,0.7678680118361857,0.8979294765345519,0.6375954719023387,0.8762716397654547,-0.991200997277226,0.8637549604935943,0.8307318844186149,-0.9271533715480056,-0.9568879658674933,-0.8849706269314047,-0.7456298867870028,0.7476112521810963,0.7582693473119382,0.7447590643438623,-0.48409225859377325,0.8117006847526897,0.908644833389602,0.7978288624636178,-0.8384436456679892,-0.835027346261646,-0.22185467007896498,-0.7769194043620955,-0.7989703994822596,0.45760536731525925,-0.5775133054239249,-0.9806101099374284,0.5203760048004387,-0.7878155096765482,0.9914660008998862,-0.9202517144922736,-0.9169002036835465,-0.7723186514048224,0.8694740651854459,0.9889412172979086,0.9097320494256597,-0.9403730328234949,-0.6461275408074932,-0.8406505952701309,0.8776270761582897,-0.8907251076550778,0.8544564097646421,0.7231869940808622,0.8984594838277618,-0.9060912177967624,-0.8440050698385076,-0.8894898036487568,0.6999799152619991,0.8965525859238599,0.7754362979327598,-0.8143622141926171,-0.8151531726720502,-0.9305611518893003,0.9109099032604594,0.9142890559412808,-0.9548377267680516,-0.07554946701821544,0.8018517647681056,0.974422003743841,-0.8597581884416302,0.9359665667939674,-0.9129970266642762,0.9665621718001186,0.7459558567753503,0.9137057730242373,0.45418746643156027
-0.1867142409886554,-0.9878967430061122,0.8780642957120736,0.9653708789087672,0.8997989189638352,0.5018447860559829,-0.8597688419980345,-0.8246134536511176,-0.19356830108291212,-0.8349802022251973,0.9999999999601318,-0.9163203085304236,0.9554623925166055,-0.9567839014182099,0.807571711350011,0.9585661203075402,0.9941504598159084,0.9710464424782366,0.9179476165499834,0.9986437078407315,-0.9562241719420902,-0.8253784359206789,0.18304143294590017,0.8952816107194166,0.9286169904912888,0.9633332714178934,-0.9635025405243104,0.8742568214588438,-0.8730375162814477,0.9987523636608834,-0.2659832851674697,-0.9953482894554346,0.9265199726837029,-0.9814433556961758,-0.22576304951415802,-0.8948260856842641,-0.9805733885154749,0.7867740498394995,-0.9494165442566069,0.9847310484638098,0.9684370152465165,-0.8321246623192441,0.9276846856891496,0.951104816393883,0.9944785512207502,-0.9659047840263768,-0.7611688162819145,-0.9081975597358249,-0.9835543239842935,-0.823981489009557,-0.9987508036136504,0.7740415128451145,0.9914966236699047,0.6359841824334664,-0.9896347541272982,-0.673011725541306,0.776025047664516,0.9894415107956093,0.8442489996950774,-0.9844213529253762,-0.9942271889666233,-0.9202002149029773,-0.974234505352165,-0.955358971786561,-0.9730214292852921,0.7843442616724855,-0.9310082820456821,-0.8558727020324214,0.9612052539901274,0.93557516347891,0.9934119747851266,0.9598024121723167,-0.987080954484503,-0.7683110945806728,-0.9707246559648769,-0.07138435171395983,-0.9287887379740875,-0.9612368702577029,-0.9224865690584184,0.9959413740319875,0.9813433488954495,0.7042141401148373,0.8427904548443353,0.9680035775244681,0.04257873484473179,0.8476500065615817,0.8602009449541587,-0.8063297044688552,0.8835237702122085,-0.8949916109460442,0.6379531861563554,0.8359729633330127,0.8201860618902855,-0.7410609777251297,-0.8298049024884278,-0.963649267770275,0.9582787342183138,0.822878398522282,0.7225812152317467,-0.9870660987476276,0.9938263314329358,-0.9136214683903103,-0.9770263482529098,-0.9761757868978728,0.9129231896072246,0.9946409617644494,0.6733605860170635,-0.9736382811332887,-0.9032571446519964,-0.6971412257431042,0.9992578325455002,0.9862873934860821,0.9729127662919889,-0.9428208848400874,-0.9619582669428416,0.9569039425325228,0.5139726934265182,-0.9966598452311708,-0.9371705089060369,0.9949603934012106,-0.932970101145669,0.9831297112253183,-0.9385931099257262,-0.9075788928835694,-0.9845171975432597,-0.8620187418701454
0.3084735270926018,0.9143066732964787,-0.9642041476314995,-0.9222896816942631,-0.9626132228449686,-0.1139626613179969,0.7214333961324201,0.6644172272640663,-0.056643738452023855,0.7367106756960424,-0.9163203085304236,1.000000000332921,-0.959034121827637,0.8541587934843217,-0.9505938298581467,-0.9376748725808774,-0.9480339366674018,-0.9695891543242529,-0.8927410935469515,-0.894229456865425,0.9915475755006303,0.7604133099429361,-0.5562543232413355,-0.9551281689942722,-0.9989759627323662,-0.961121752812338,0.9899050609646809,-0.9954940742739224,0.8024213474362508,-0.9078309094013901,0.6203773340798239,0.8803973677471402,-0.7713447590453788,0.9361092060112456,0.44454947998694583,0.9029520950890229,0.8288017097052964,-0.5109436934581963,0.7601483356532178,-0.9557605329917014,-0.98713634277379,0.7952505435434877,-0.810219307312474,-0.9951287078571378,-0.8744478723998443,0.9200323678656105,0.8934745496159139,0.9583331273529854,0.9302207736600107,0.9043155997429038,0.9004851253958197,-0.6065939043416216,-0.9011352159241622,-0.6453778281991227,0.9057598535597203,0.7067580294835732,-0.820926765202097,-0.9646073964588522,-0.988132389369455,0.8375374718854536,0.8749836600935644,0.9986923241839105,0.9504111259287615,0.8700634116076038,0.9648176487459874,-0.6448949307086614,0.9758541885703768,0.585851851396657,-0.9316802305138079,-0.9007053103721815,-0.883465672465039,-0.9886531159424223,0.880138022742985,0.9328816886541761,0.9783958074165314,0.1706960042453477,0.9925087251496972,0.949178740848788,0.9947086185563722,-0.947353935455974,-0.9732723736896796,-0.5812707949952478,-0.9725102157370569,-0.9872979096673765,0.09010483958897962,-0.9774914186222788,-0.835471291502184,0.9605422460052814,-0.9873484162135249,0.8154338035224193,-0.6718693551066531,-0.8956266659962641,-0.9615862478704786,0.4596759831355833,0.6737804950494176,0.9473388042222851,-0.9163502085634636,-0.9815612647183282,-0.8544095013214686,0.9501052354100005,-0.9080343914438901,0.9758780929279665,0.9558762478174923,0.9483527385052996,-0.698561599202989,-0.9500280833768163,-0.760749213479537,0.9422104224170633,0.9502761184913611,0.8688428385619735,-0.9124108234382138,-0.8392830777508302,-0.9143520856383428,0.7545891707991756,0.9441537628716208,-0.8877552523097599,-0.27847075428136325,0.9400300690379986,0.8445902863783318,-0.8751018659137654,0.9273751680446654,-0.9215153718862348,0.8060340494179802,0.9992642652182537,0.9152354695185193,0.7532797630471147
-0.057767049576947956,-0.9806625059288955,0.8668095101719512,0.8912174616579175,0.9874522503180454,0.30885298700738945,-0.8877389433412818,-0.8484989844675508,-0.2275824071419498,-0.8969266680094867,0.9554623925166055,-0.959034121827637,0.9999999999223553,-0.9619802303384288,0.8255724250503313,0.8959726658363941,0.9807973773047333,0.9968673861006033,0.9822738550086207,0.9430913436962045,-0.9629136419324813,-0.9086051237691097,0.3441652329899129,0.9865467749806196,0.9579193671934836,0.9995663297529103,-0.9794999193422765,0.9356481849997401,-0.9372258634103531,0.9601483082867506,-0.4062474015335075,-0.9230296418755547,0.9121292057222414,-0.9920344766657279,-0.17822922546920839,-0.8156634243027564,-0.919454781940936,0.7103244811742948,-0.8179984950567065,0.9920481721686832,0.9793220536506655,-0.6976089988231976,0.9407490459823556,0.975356933984734,0.9415458190825948,-0.8902054485151831,-0.7405224942971935,-0.9909875586917899,-0.9893884964617083,-0.9541256400018723,-0.9395456603218976,0.8069449300539664,0.9703796203966099,0.48250206185265504,-0.9749818516450283,-0.837052067014649,0.917243836199538,0.9740012197288922,0.9151382604134617,-0.9216919915557932,-0.9433590253597449,-0.9705594777534429,-0.9971221469702918,-0.8484038157632786,-0.9971988904169052,0.8346213308779792,-0.9948460127086367,-0.7453874971722787,0.9960181612045725,0.9866846505321716,0.9546124105062573,0.9599697229019142,-0.8994901767293079,-0.9134699845146534,-0.9546545166251124,0.07783240219354637,-0.9845194843814803,-0.9992400779724802,-0.9798981380867309,0.9746621726800739,0.9872003660517334,0.4950861832616485,0.9511296080741777,0.9803719310120738,-0.2239951752767062,0.8782415241209409,0.9500776379179825,-0.8424115195835802,0.9679691403634929,-0.9457989603545326,0.8092064037550883,0.9587701687426445,0.9407547023143328,-0.6748438519790784,-0.8551530512610525,-0.9988061634683716,0.9917694400803696,0.9044937552418716,0.8943779203002034,-0.990414851638471,0.9713156421337249,-0.9896221920494506,-0.933754995768817,-0.9963009360080815,0.8460757397655159,0.9782382609122869,0.8531757703787753,-0.9165049049264544,-0.989656063008634,-0.8754648950287273,0.945201340095405,0.901206036913367,0.9882537678063843,-0.8837877317067498,-0.9985113986477132,0.9803390183473594,0.24249174498122827,-0.9564211427577562,-0.9605167464643534,0.9401930692250429,-0.9941270426936017,0.9867378911585972,-0.9349522635117532,-0.9612930273396701,-0.9834466810316925,-0.7004724586142135
-0.10331065132678902,0.9877044546148106,-0.742111907502534,-0.8489356004969244,-0.9177212387953547,-0.5418312198175437,0.9697548498664808,0.9495407094335365,0.4429508917662627,0.9585712633140778,-0.9567839014182099,0.8541587934843217,-0.9619802303384288,0.9999999996824297,-0.666891846244923,-0.8393768736027858,-0.9618409558721693,-0.9554385355296037,-0.9780530811621599,-0.9581240576506369,0.8839151236753097,0.9501737884468888,-0.07524152111643836,-0.9209118922383567,-0.8588242010439895,-0.9630105072526608,0.9111265786046411,-0.8078605805658126,0.9740755078122332,-0.9698847419725012,0.14126790397937702,0.9410766737641093,-0.9893913457581752,0.9818688954286141,-0.03781865509874866,0.7316812836232,0.9737878819533828,-0.8751983273782669,0.8802040052892559,-0.9665568819611906,-0.9153767329011602,0.6350672161203283,-0.9958648776489673,-0.8956530627063959,-0.9710746417490936,0.8497078350019402,0.579304556693798,0.9298314139726773,0.9841853683263391,0.8891031482093485,0.9479926289745592,-0.9201882268000781,-0.9864370475570977,-0.3840983412238892,0.9879789960096333,0.8322718992037558,-0.8890593724666042,-0.9363903666965997,-0.7731378051356732,0.9710615441594245,0.9729869902157331,0.8727003701060962,0.9735132409627116,0.8306237131676115,0.9608127990395996,-0.9298116536811515,0.9300283734951269,0.8891252090402028,-0.9823397573377586,-0.9849111779088683,-0.9807817659832058,-0.8839063635693815,0.9055573668995768,0.7851312348684362,0.8901084269060812,-0.22101128868499129,0.9007604924104637,0.9718394441529402,0.8898458802557759,-0.9548111226415579,-0.9435398837658938,-0.48543683227891643,-0.8350066467573366,-0.9164862958404323,0.2108727094942105,-0.7332596902512706,-0.9579149029271645,0.6808849919841912,-0.8629767157381361,0.9841881954447301,-0.8088071121045372,-0.9080403300320311,-0.8203703597980184,0.8506572445662365,0.952895821013812,0.9738577762160331,-0.9883370213646202,-0.7549558736178895,-0.8061684264183244,0.9701552237968027,-0.9828420296029878,0.915353850220456,0.8834702794405802,0.9749849037699478,-0.9552964774951272,-0.956856111046511,-0.8084305008800687,0.8700830436109854,0.9327445106641616,0.7570230802216545,-0.9457740783256093,-0.9423861154631317,-0.9915620432556828,0.9719926279104636,0.9754391200524892,-0.9964990602723057,-0.31615537241017905,0.9364386638161024,0.9976780576711086,-0.9688768985336026,0.9712202144594312,-0.9878006990489,0.9962267356834043,0.8540944111221835,0.9892564012806859,0.6876807044666029
-0.5769287546450999,-0.7687591673244177,0.989409465693946,0.8940610726464023,0.8367020329595455,-0.061154316306594694,-0.4782058037415951,-0.4079489691756511,0.3613602232543919,-0.49135414398308974,0.807571711350011,-0.9505938298581467,0.8255724250503313,-0.666891846244923,1.000000000635006,0.9169660369471916,0.8366890392315652,0.8538270013524839,0.70894018890403,0.7793728523890259,-0.9375035836560887,-0.5212669824391053,0.7003926175838358,0.822071387088543,0.9526416539301251,0.8319549945781749,-0.9146155634915629,0.962508305949498,-0.578090687506019,0.7845092655650808,-0.7658104681533732,-0.7769345213990524,0.5601954795873257,-0.7959816543153155,-0.70065975210279,-0.937180040438288,-0.6762004704155222,0.2726899694087484,-0.663316746615417,0.8355674459457599,0.9104265577955686,-0.8614329511634173,0.6007979434381577,0.9275793973872183,0.7412985188418435,-0.8910021866887208,-0.9856842573019899,-0.8255207130880119,-0.7881648360954291,-0.747585019498387,-0.796310479512029,0.33573066174305316,0.7566123275154781,0.7975427478344523,-0.7594802371553457,-0.4737134475336658,0.6193565425318288,0.8771659365523309,0.9676926072189518,-0.691459687520165,-0.739986596965433,-0.9341056986914811,-0.8162303333635994,-0.8432724983169193,-0.8443847742216674,0.3783735207453232,-0.8601822728354154,-0.39101508619512937,0.7777607467859515,0.7228630658494679,0.7422112968643577,0.9363098362617721,-0.804734928247726,-0.8441048250345092,-0.9251576005320469,-0.4527429923533711,-0.9058698490091264,-0.8082821011715003,-0.914774165534029,0.8435729703719274,0.8756954739593229,0.6692753272130693,0.8904429030405757,0.9093106449049473,0.11721727698141482,0.9945373711752739,0.62430692072872,-0.9978945282615276,0.9070606269494104,-0.5976162936118075,0.432705491891328,0.7270339289540704,0.8772144475580511,-0.20672901460167512,-0.4190927242025381,-0.8057151040967336,0.7522202268279876,0.9636900754262286,0.7033430849274653,-0.8269657074158185,0.7695728023615852,-0.8631610885199963,-0.9086643562898787,-0.813624596718974,0.497659595907386,0.8440134286650813,0.5600360093037184,-0.9029405908195625,-0.8102115550827874,-0.7506078238895623,0.8127928094772193,0.7215083188258431,0.7559142026794895,-0.5667801320273617,-0.7994235509133631,0.709941490032049,0.35190433169251045,-0.8525534443922278,-0.6455975848022354,0.7444262810064839,-0.7655725721181587,0.7742320993957411,-0.6022764889543895,-0.9443648114603905,-0.7663095344845547,-0.7811444185828631
-0.4537952445497147,-0.912983997897807,0.9651651417531453,0.9985196711485267,0.8485827393426353,0.34200139849975414,-0.6820547717797315,-0.6307093905768113,0.09277312717689697,-0.6570983191603846,0.9585661203075402,-0.9376748725808774,0.8959726658363941,-0.8393768736027858,0.9169660369471916,1.000000000153314,0.9531381975689,0.9282767595395945,0.8077128808137624,0.9498057076895662,-0.9718581622540431,-0.6553441211244936,0.357758848062012,0.8370087571002621,0.9524453654735727,0.9077808816149254,-0.959488248403223,0.911023414550232,-0.7191189408170595,0.9433423662442947,-0.4456654339321996,-0.955795055027787,0.7809511716729542,-0.9134359656927156,-0.4922999866986967,-0.9846596105627827,-0.8921642584889449,0.5972741685956352,-0.9066677816915537,0.936488525785212,0.9627980347082702,-0.9432332009380467,0.7869459844286366,0.9548294090338952,0.9273784834111735,-0.998122092858386,-0.9056736083436576,-0.8501651472466732,-0.9132512398985955,-0.7412379002312822,-0.9601758240247547,0.5631286985361579,0.916336943005048,0.8166740488884534,-0.9132999890125728,-0.5069958931106633,0.6463126699733771,0.9717091567199989,0.8924187284533482,-0.9026203425369855,-0.9254928419069356,-0.9275305290571846,-0.9129950198102889,-0.9856107521056698,-0.9255530076781081,0.5804173391524697,-0.8896322493809363,-0.7109161496385017,0.8806475520103079,0.831099143087225,0.9197046191506358,0.9766727011331227,-0.9732467729976292,-0.7510115681581326,-0.985700639826939,-0.34149445749455865,-0.9153268689322023,-0.8940255745326314,-0.9154452008450166,0.961732058046401,0.9552605228947499,0.8196756494024882,0.8334918819498451,0.961222147369437,0.22314339008951894,0.929027988270474,0.7213224314379951,-0.9055980699561741,0.876301798281822,-0.7476781778169751,0.4641030211117498,0.7414486411812871,0.8083077766014273,-0.5347381985069044,-0.6382119031927387,-0.8955728632695573,0.8671778197940873,0.8732535955767834,0.6427764963492019,-0.9356150579233408,0.9247283124256842,-0.8752811794584255,-0.9954738652351746,-0.9142258526450252,0.7708249520048638,0.9586463240145048,0.5413635247935727,-0.9982398350052467,-0.8380309324769065,-0.6489801460196293,0.96583232730795,0.9303980538709508,0.886546062800015,-0.8167974384672497,-0.8908144920499133,0.8509447750040372,0.5943413822443913,-0.9766819861970281,-0.8086510989751742,0.9301611297076398,-0.8454154672967172,0.9073356906688398,-0.8024513209325946,-0.9240351151257826,-0.9066691305467203,-0.934073397565444
