0.9999999970898277,-0.6860871340106789,0.6848385614377239,0.1157312965009432,-0.908154570789531,-0.7714722413509816,-0.7186951589867822,-0.9952292939047152,0.2843706040287851,-0.535308561103147,-0.6228251572875545,-0.7919694434694811,-0.13720602466053947,0.3765550284559444,0.7793413361139171,0.6831750913011548,-0.4058497014213011,0.6960281975886313,0.5113200808700765,0.4268197415532641,0.6590087845559414,-0.37053043585383894,0.8104195914977247,0.7659936089275321,0.7760017158632914,0.3523107062106312,-0.767683144247286,0.35651476526316855,-0.5683474779776223,-0.6827608020107645,-0.7718703444793229,0.641178040223607,-0.5288633634709797,-0.6790075413731175,0.807206504206289,-0.5198109219774394,0.7509217395422916,0.9271285687001948,-0.47433997353261476,0.7695697460639744,0.809202317156905,0.7561676593414214,-0.7269914131841566,-0.5047192621093979,-0.48895066334186627,0.43723405696034684,0.8570811447879322,-0.5952792024410247,-0.7547457303269985,-0.6569620277303458,-0.9313046393162788,-0.6199808012630394,-0.682240179488077,0.4215391883619811,0.8234842681594585,-0.711574122571862,-0.6888821218068575,-0.6922062623881151,0.6325923812902088,0.4850596950355921,-0.7306690633210947,-0.6941113472449549,-0.7510563068920353,-0.7930316251203043,-0.644885997418836,0.5157429247535708,-0.03921708888253565,-0.5941062623020711,-0.6360830306170128,0.06212759703521293,0.9290584317612474,-0.34990376503606185,-0.8801292517337637,-0.6585166862511377,0.5806238130536379,-0.5644862248779938,0.3097405779417471,0.36713386841257833,0.39250124414208115,-0.8072283300299796,0.6134685087782257,-0.8598957725006581,0.7588454969960085,-0.49847785168446385,-0.8212198701150805,0.5655071841271503,0.7191512051993337,-0.8484854329432017,0.4128347176127121,0.7579104227385435,0.6689712935403686,0.4520563064337847,-0.5129160698876543,0.8388034542860218,0.683246571383243,0.4942664525907682,-0.5832362212687089,-0.7255039746938751,0.3760939366572891,0.8177548536732577,0.6326329277866432,0.8152758428997063,0.7874210417381433,-0.9212623665835006,0.1078539876092762,0.3706069412762731,0.41481432078261654,0.6399866085432817,-0.7062801170397282,0.7143786084121388,0.8396519786167754,0.3322945341425143,0.2089647467788543,0.39737665435045894,0.661654176362669,-0.2334742497459172,-0.5861897763368326,0.5534376679941738,-0.6874770153378232,0.7528582146282982,0.0059504053616000275,-0.20247576352030458,0.65126728092385,-0.933251241483597,0.5224464459877458,0.7325756644425415
-0.6860871340106789,1.0000000031600178,-0.6988272566686395,-0.7421202603221899,0.6845961482569279,0.8850935578370848,0.05586925803600035,0.6952782170242578,-0.2447479699362732,0.44619947725311415,0.6577728742687333,0.6534603929182221,-0.19460451946255702,-0.8934697177869972,-0.8652103373799319,-0.746841677466621,0.2465461925454299,-0.8492632900068594,-0.8658739096492832,-0.8739223288516332,-0.7496596787981876,0.25701583421158214,-0.9561379572157134,-0.9425714222576209,-0.8841304883388784,-0.5018870978643979,0.8503318681360157,-0.45956539010212927,0.6255147601798482,0.8166844639917746,0.8193359149910691,-0.8240755285928604,0.9419814860627669,0.6424402594541941,-0.6376472620918577,0.6817821232904304,-0.7618046667079649,-0.8304277982284612,0.8320109370260584,-0.626752324857172,-0.8811082667224331,-0.5456863672088985,0.7067348453859812,0.6114668971325292,0.5280327926629508,-0.589109196524723,-0.8097255320713183,0.618613968600485,0.6789110492928815,0.6517929760715936,0.8112834121194158,0.5600756670809129,0.910398307530918,-0.5675310106924205,-0.7018184432699951,0.8712276008796109,0.6899179585172911,0.8431295658175318,-0.8762282321935503,-0.6411262839079126,0.7856791917008035,0.8185099932951548,0.9436623052470781,0.9586197575067186,0.8945462817466432,0.1190507838227075,0.07243273890550259,0.8400302688685177,0.8801123551601053,-0.35511534111941995,-0.8476266844389445,0.12659811637786716,0.8643646961713523,0.7200123498168588,-0.5798554482615211,0.8627797988330542,-0.004462843033782127,-0.5513311489101606,-0.30816214768781497,0.9202325927657884,-0.7249092046719691,0.7624202419059748,-0.7812242884993105,0.9523528403638062,0.8944003482833234,-0.42640517665050226,-0.7279740672214459,0.9223336622431393,-0.8626286921365336,-0.7996974334582619,-0.852838421941182,-0.4428092352452579,0.49815368728226733,-0.651475289027149,-0.700060913588488,-0.5463763986556072,0.7059807638140311,0.7214990041494088,-0.5079575986678616,-0.8682185607728792,-0.8883961573917875,-0.706092296033488,-0.8118649666078526,0.6181043260197879,0.4339146077049855,-0.7172654777687248,-0.5997395070276771,-0.7403724252200997,0.7050311057065214,-0.2655704998979992,-0.7533663650484579,-0.5083359014363316,0.06956561274214015,-0.7322237641476471,-0.7965137738157534,0.603448243161976,0.7132099838598568,-0.6834639566017183,0.7598923903101579,-0.8062953821882637,0.6666133255494625,0.4163868329281417,-0.4282935826435853,0.3940711900142806,-0.9484902949378402,-0.9372802423879603
0.6848385614377239,-0.6988272566686395,1.0000000098648616,0.3908860543346594,-0.3839533757862327,-0.9349066575701402,-0.16335170896070186,-0.7415099486977764,0.8268651633308036,-0.7712184271721214,-0.9843124582661559,-0.9260875793824663,-0.5601514129588304,0.6378248827660525,0.9566664822857645,0.9961452205435345,-0.8588812791787604,0.9483385843293558,0.8853438387019865,0.6956559973376079,0.20854728685456003,-0.8609573204197627,0.8505790635325607,0.8927836080813658,0.9433525319909231,0.8503420041867833,-0.9595949882412169,-0.12976637490850268,-0.970802892807773,-0.9306090053169281,-0.9635795563162829,0.8840584525482675,-0.7450458265751035,-0.9834658723783588,0.9543829236209738,-0.9525830905934223,0.3141971746487968,0.679616689457124,-0.8804815060379999,0.9791811134212028,0.9043519421020012,0.9378397044521948,-0.8313857769535343,-0.9674507937657544,-0.9344737008811985,0.9525910620825329,0.8955072153308075,-0.9560672824378647,-0.9781446741746619,-0.9797653702079288,-0.8921685863384263,-0.9821285711810828,-0.9011484038327048,0.8941521579710089,0.9745137197660562,-0.707694419385149,-0.8555881042825018,-0.9376970945353097,0.9214421701555036,0.25538635810310684,-0.9254266105331641,-0.9416967344414389,-0.6653899235140417,-0.8486471926677812,-0.8913907543840378,-0.19498574251158973,0.5288739660500643,-0.3902378332321976,-0.8087216755311044,-0.249409418204878,0.6578478391362833,-0.7876648875760743,-0.6356097737198226,-0.9140862560558307,0.9802079658476842,-0.39772557691033417,0.041105590588344586,0.9261856389538913,0.8838735257591753,-0.8785748536570732,0.9912522334753762,-0.9529800733749773,0.9874327685926836,-0.5991788215934586,-0.8863468358617153,0.9388917392600026,0.9823196129029212,-0.6426865521957816,0.6640506701227658,0.9855902491824451,0.8802305913322458,0.913917732128946,-0.9557723743503659,0.8952454368884103,0.8198890273915556,0.9220326346383452,-0.9811816418250232,-0.9922481754091134,-0.18375960439463518,0.8811639445962784,0.9125256352435256,0.9270413277796987,0.9441722998253814,-0.7069386878631619,-0.36921289406376645,0.6873206691024139,0.05489969668205171,0.9782642162767187,-0.9988617881236541,0.740530508108694,0.9384593578733306,0.8857537530621997,-0.5248898597238492,0.6986828652418366,0.26956602804925656,-0.8441349203629419,-0.9766511732988583,0.9791789014860705,-0.9853230618554372,0.964747703928635,-0.30022242778101643,0.3199396746277225,0.8782555625903363,-0.4721112193788999,0.7325396113575486,0.8531722846359775
0.1157312965009432,-0.7421202603221899,0.3908860543346594,0.9999999996247689,-0.19662235748758766,-0.5882869878660694,0.581802719289564,-0.15259761303655472,0.1813663817350404,-0.31914292506039055,-0.3697160543192089,-0.3578379793615487,0.35465459477883876,0.9492975808882007,0.5071786440469066,0.4564061143353147,-0.07167070382543668,0.4960075062909069,0.7427009548240711,0.6476433087000163,0.36354765260039906,-0.12533747438072357,0.5740041033559061,0.6428092926231943,0.5799458395786895,0.5178712027849589,-0.488663842234189,0.12551887030657793,-0.4386082834556371,-0.6315729507612754,-0.5272554036563178,0.4310529799749799,-0.8709625192318573,-0.3870776368544492,0.27231025728727903,-0.5585267895432442,0.3271665809543104,0.2695989138907728,-0.7556948451707349,0.22321735379922933,0.5932040352193991,0.07296363106924027,-0.3513932822005124,-0.44960031738530976,-0.3965911458958492,0.4677945399610493,0.4556167564000605,-0.33871564522907627,-0.351151652911352,-0.4188772629394044,-0.3344575705231489,-0.2893305973630919,-0.6036453546571691,0.3899443505188025,0.2959195118307644,-0.4735306689882315,-0.20940699838201352,-0.6455969985244885,0.605162460267052,0.6862256215362458,-0.3925990067662569,-0.5074824572895247,-0.6449981130769379,-0.6388922674022985,-0.6928340891610912,-0.4795063496402881,-0.080939840037947,-0.43620870494698505,-0.7794251768228304,0.3217822271408231,0.3376148291912136,0.029173672445755715,-0.5276882768042286,-0.5560689782680294,0.2814669312856549,-0.7827516141828941,-0.49427557459420424,0.46253693615758723,0.17303142104406535,-0.6298054656711449,0.4912636697681877,-0.3622530795142083,0.4396581861014169,-0.8846567087111707,-0.6015900443999694,0.1920937629760502,0.4603231850283198,-0.43946630304672984,0.7390940338141699,0.4574082445842911,0.6941743469047945,0.3141196470128007,-0.2608036144987054,0.3290312106821435,0.5070044118234438,0.41995784889263277,-0.5131961769588654,-0.3463073055458414,0.38479238903118584,0.5948128831646438,0.6718946847406954,0.40151441056569187,0.5280796804596297,-0.16173727717839592,-0.6193619356492996,0.72686179483014,0.4205982043327924,0.541215521101559,-0.3693374205366412,-0.04621462516864844,0.36010662133122634,0.44213060180776204,-0.27488373685321715,0.7266067078832382,0.5564829771348995,-0.5808331871341273,-0.477100106242656,0.4917734574875874,-0.4990690126003454,0.5340250969400755,-0.9439286737150587,-0.40872139222427656,-0.055802280740675454,0.19927709167941918,0.834279566125523,0.6625012688433365
-0.908154570789531,0.6845961482569279,-0.3839533757862327,-0.19662235748758766,0.9999999988211968,0.5930739307759572,0.6664782232219426,0.8756056959974114,0.09697846222161988,0.3036723266056457,0.3057462923390357,0.5450907242789061,-0.27836390587103504,-0.3716687380110907,-0.5732652856861928,-0.4032065705924803,0.007992947261768482,-0.4724475899940459,-0.33518276530768343,-0.3345404484281943,-0.8524482399707942,-0.025776252164692585,-0.7026993235356875,-0.6329194577445367,-0.5929691180466523,-0.07455036545925746,0.5522394989605902,-0.5983943428833566,0.2620096307663188,0.4903082250906088,0.5568569884253517,-0.4282628170062,0.4828679808302163,0.379194808773374,-0.5275623581499599,0.24560797880153035,-0.8835910791389859,-0.8707865208767912,0.2946240808777576,-0.4568360078590973,-0.6607421047745557,-0.42748975467098216,0.5249704464380978,0.1861744202094916,0.1597281217055486,-0.11258477830005886,-0.6901304403577233,0.276188665225753,0.4741063821145032,0.35946990604078705,0.7564745231009584,0.27743906428382475,0.5118548641621212,-0.10508043741229933,-0.5500227057073412,0.6327441136131684,0.4379010968256098,0.5023565808038748,-0.4342945671563964,-0.6585165681809617,0.494254088832062,0.46708014239478624,0.7523256120503758,0.6964964617822293,0.4861871351254759,-0.6389627104239296,0.41155927067411696,0.6864692539372903,0.5424473886640558,-0.35518299435390077,-0.9084496858842526,-0.05152658285776137,0.9004225793053133,0.4444045669736213,-0.23213533160562552,0.7085930063459264,-0.24546577543233736,-0.038265890004694415,-0.0037598304365442856,0.6859622010254762,-0.32557720952686847,0.6282135518276439,-0.5018373102527371,0.536934654261352,0.6892723942040607,-0.1996985114810731,-0.45550907309039357,0.8461832655266549,-0.34751749585289915,-0.508410206838366,-0.5233734601286857,-0.10687975299493825,0.15110560542682727,-0.6176808178494201,-0.5243982766300763,-0.18954460839327264,0.29550371982196805,0.4332902746021347,-0.7162792620051317,-0.683454443154614,-0.45402927745382216,-0.589288737519575,-0.5844271767166952,0.8034970620705351,-0.18991490987022336,-0.25560320268729747,-0.6269257287384356,-0.37716953647994933,0.407771035556488,-0.43508195343733963,-0.6085829138687527,-0.004929925804448654,-0.5235987035220446,-0.28329308477126164,-0.8532601092049859,-0.045291723939872235,0.2947736765765075,-0.25308521268797063,0.4277479199300467,-0.5327274662008431,0.0788213042725488,0.5829023340635058,-0.29212846094042744,0.8554922022890794,-0.472123458994376,-0.6167420386128794
-0.7714722413509816,0.8850935578370848,-0.9349066575701402,-0.5882869878660694,0.5930739307759572,1.0000000008494,0.1513845585963388,0.8118954902210183,-0.6059732041361279,0.6707960969746577,0.9129654587559248,0.9187483844536188,0.24189169311600586,-0.8035411862454421,-0.9784303566912408,-0.9576558196062477,0.6387662460672384,-0.9487174009362056,-0.9369848340055839,-0.77963626847306,-0.45442877500023676,0.6522610073469182,-0.9559563403490561,-0.9875124986522165,-0.9966731050856887,-0.7422747088562058,0.9672135148680182,-0.13814808421134409,0.8761986215984138,0.9566732144042971,0.9811372889758513,-0.8861668578131298,0.88595686809394,0.9116865025187866,-0.9141789520440495,0.8892669095554107,-0.5795002002306114,-0.81753990790142,0.9045057129206677,-0.8973875023595389,-0.9809908508801809,-0.8144258650118782,0.8865663376056748,0.8621012308504713,0.8446589064982927,-0.8433933790309269,-0.9334093063462144,0.8878769566008873,0.9179703107623297,0.926599982011169,0.9359175324659126,0.8622096491407057,0.9663925900682194,-0.8188089385988143,-0.9362138848779823,0.8510433003190876,0.8324866726164329,0.9776450782672139,-0.9608117637624722,-0.5005393921929641,0.9397243140015284,0.9688278749441557,0.8792204256298327,0.9620732111308754,0.9773571108671509,0.10852060926860613,-0.30385798522636803,0.5740577974308956,0.9432490255436253,0.05984953482915785,-0.7929120408610648,0.5401536525641016,0.8234831209710324,0.9017210250535294,-0.8513052144896889,0.6953175777371998,-0.03907386224941951,-0.7996186395302521,-0.6861329089428714,0.9853695763400069,-0.9399885665753972,0.9622588018764215,-0.9751573175832154,0.8203755726644797,0.9818149046941345,-0.7856907110463167,-0.9480388531199426,0.8186073068805075,-0.8082436505727507,-0.9780201947261985,-0.9382654545507656,-0.7551221613026976,0.7955052010802978,-0.8945181207234236,-0.8220094710818281,-0.8037226636915917,0.9350478569476238,0.9309762314754082,-0.1640704402866402,-0.9718675363991479,-0.9760534146751849,-0.9401377405555215,-0.9862844923430197,0.7370398588867942,0.4404351426091013,-0.8038949067266552,-0.3697122135173874,-0.9566663873383594,0.9338268648633519,-0.6343610502785041,-0.959121765378369,-0.7882502722733489,0.3474834446975191,-0.818470458389685,-0.5852101463645543,0.7663286329227907,0.9315744378253598,-0.9185017724483389,0.952064587878217,-0.9754531358523366,0.5060962165434725,0.02895698069255073,-0.7239345673365402,0.5271234721900028,-0.8925356161594066,-0.9771840669445077
-0.7186951589867822,0.05586925803600035,-0.16335170896070186,0.581802719289564,0.6664782232219426,0.1513845585963388,1.0000000007233518,0.6741871496578186,0.07002445770867155,0.10336290752708409,0.12129231117338372,0.29277033960750154,0.17636123065126846,0.36159445953409053,-0.2057326736068834,-0.1253882066041309,0.10436531107034296,-0.1404999737500068,0.1735357446405503,0.1251252150517803,-0.3930175933471846,0.03703129852174857,-0.231942977923496,-0.1303848559262431,-0.15867305562208106,0.2086309468535216,0.20514652036912345,-0.34082888099521635,0.023438179362562664,0.032656334400291594,0.17493519750237832,-0.15211572105140808,-0.19531184541650098,0.1555890199427038,-0.35549104787257374,-0.08815878354531474,-0.4708837500774639,-0.5739670246064713,-0.21951952904468858,-0.348348909300337,-0.18877162883810752,-0.4397857229473737,0.27684517186327395,-0.04132819068704349,-0.023380119207177356,0.11276617310807878,-0.31724239511122193,0.12009133313718481,0.25493670139161273,0.11664024746625552,0.46846080087570247,0.1586957757772205,0.07684882854767955,0.059040509581474686,-0.3588233813734514,0.24171022687675772,0.33389391004794367,0.033694370162183844,-0.020680087150926618,0.018513161939028043,0.23858446309836115,0.12705159635815053,0.18022803320414482,0.17207802080470652,-0.018631400551431313,-0.8211911257031256,0.13974454952894375,0.24999850693767728,-0.06649579054840642,0.03850882627218139,-0.5370594705876274,0.12540866857749436,0.3697543420406223,0.05217961671956144,-0.1340071787505341,-0.018147248751850368,-0.6071562700305795,0.16941255312379583,-0.025231195295436167,0.17551170936275015,-0.037560255444527825,0.36070342216752516,-0.21172224904033995,-0.18842020612989702,0.20078402299781678,-0.1681000449249544,-0.15455871814758815,0.41262285629976536,0.194919939572565,-0.20222633686694555,0.002753147022719249,0.006693259137445095,0.0819235021466781,-0.36228678688728266,-0.13143397891148018,0.028273908790635127,-0.0047874542533099555,0.2364450346515086,-0.1991864750961302,-0.19933835101709013,0.021615842223088023,-0.29143742468884587,-0.1920179799305385,0.5993910176993852,-0.5575213821412308,0.25565977091430303,-0.15646612377259153,-0.03189897175468293,0.19865715478092466,-0.493128334934224,-0.34702270020052994,0.18174139899646116,-0.5118632499032126,0.2326921330652375,-0.2503580186159694,-0.3367897680342387,0.025766122188996772,0.019115781005293216,0.1045107442801801,-0.15094514215728058,-0.6362630021344039,0.053210460226145576,-0.4349326462156121,0.8904903741007341,0.17044327684892133,-0.0975861437210744
-0.9952292939047152,0.6952782170242578,-0.7415099486977764,-0.15259761303655472,0.8756056959974114,0.8118954902210183,0.6741871496578186,0.9999999994267734,-0.36918727857441275,0.6027249457449747,0.6795670485077111,0.8452689959848554,0.1997175686236242,-0.41570721346472744,-0.8177742696359989,-0.7382658439289721,0.48278531452257123,-0.7328653331310749,-0.5620366013143172,-0.4404922067280468,-0.6104838971780344,0.45073139041843274,-0.8284028559216692,-0.7983006218618193,-0.8174608520169033,-0.4368847058804672,0.8069958835680675,-0.2786480176401747,0.6392309159821412,0.740196937026199,0.8214672443814588,-0.6649521066489263,0.5667823231565077,0.7437015097888511,-0.8569469619597593,0.5917602563401355,-0.7055130873907999,-0.9113314611870189,0.5332681006985387,-0.8182305997962556,-0.8494573695866515,-0.7969662534081059,0.7535433620693583,0.5771904184086567,0.562679424252079,-0.5119575491377399,-0.8949480426310591,0.6501756316484618,0.8103453087020027,0.7213949522410514,0.9540845865459076,0.6860433292530903,0.7136222269955178,-0.47975477170592407,-0.8681071718623911,0.7093584474291725,0.7055282955087628,0.7468326526852228,-0.6715882697374453,-0.49657635323056426,0.7615591331400565,0.7343480451118555,0.7533451277799181,0.8182302494110197,0.6871660862371254,-0.4681088799629588,-0.02188222083168693,0.5578457658732917,0.6817677950112977,-0.014796929278715412,-0.9191479734245321,0.4268154247706715,0.8855695453151248,0.7225942088402852,-0.6410310754804678,0.5622654923726663,-0.25564383415715763,-0.44368032179318084,-0.4728285744683936,0.8411358593340462,-0.6747479318408357,0.8993856075618295,-0.8062060397910469,0.5158576048806996,0.8577834455664717,-0.637130076742126,-0.778331124906341,0.831501451764688,-0.43239009639278914,-0.804111998921532,-0.7217482060776782,-0.5317717095692124,0.5819547887840512,-0.8876230634290679,-0.7362199673800465,-0.5707139157554604,0.6480549395934564,0.7729604578301712,-0.3167303436612865,-0.8576316663544826,-0.67617444617197,-0.865307758376301,-0.8351532334979204,0.9381455934149413,-0.07510505893346765,-0.41508277196691185,-0.3685295256576064,-0.7032734424317397,0.7597616134154018,-0.7658489624903814,-0.8770277331767278,-0.40518228301418807,-0.13337975746373676,-0.44119117809511077,-0.6308920878333939,0.30062478412931853,0.6442177798164739,-0.6187338956562276,0.7455103664180581,-0.8054590363026232,0.02146636143013631,0.14282045880898547,-0.686256170079946,0.9151780410122263,-0.5506396538183851,-0.7609239480934921
0.2843706040287851,-0.2447479699362732,0.8268651633308036,0.1813663817350404,0.09697846222161988,-0.6059732041361279,0.07002445770867155,-0.36918727857441275,1.0000000008663625,-0.823599657610898,-0.8118181118563947,-0.7260680386993482,-0.8432457617985261,0.3529279324585191,0.6554077819818235,0.7914234016332241,-0.98033552441558,0.6559891796968141,0.6246893238946076,0.33413835277282966,-0.2881138925661296,-0.9786695347423591,0.4379461774849933,0.5271199068873945,0.630370033657685,0.9194438379043632,-0.6749674833205017,-0.6548071221993743,-0.9066134295304407,-0.7245323320025483,-0.7125754940290956,0.5553299179812633,-0.43362232534330014,-0.8650412469848081,0.7543432851433957,-0.8715202406332909,-0.2683456755696174,0.17063615651691336,-0.695344331016604,0.8002860387238012,0.5919960020045615,0.7874662929430543,-0.47494757594145776,-0.9148621187648446,-0.8711835945154858,0.9129692024834919,0.6238269817428655,-0.7782889029106399,-0.8199863916125931,-0.83441414109259,-0.5430340529167687,-0.9089447182000213,-0.5402470488970729,0.7549110684465344,0.7442765660178902,-0.21226235952927133,-0.5215726472551466,-0.6977546838256007,0.6044574070903024,-0.0004531863427073961,-0.5891854923085439,-0.6274913393737989,-0.1596309435219875,-0.4649521617039047,-0.5605650617121049,-0.3476817070034473,0.6956202962277959,0.100471028341863,-0.4971724079894306,-0.460706720145018,0.21193121155259786,-0.9707301174328932,-0.21681582550166273,-0.7863911794148978,0.8868943990243172,0.06855272943440882,-0.2436723748908302,0.9226031043625815,0.9835023681790191,-0.5196616003001944,0.8256887718509935,-0.6672930430272168,0.7321538187398637,-0.1833970195864949,-0.5478190689799226,0.9389747262180141,0.8096614179682207,-0.11500767735841133,0.2721820165728303,0.7232962178416286,0.6541374798505005,0.9739275735716157,-0.9448560139624881,0.69670096595619,0.6929763170333383,0.9331998196874632,-0.8267773287524764,-0.7816147889081425,-0.6518197432007514,0.565651792300293,0.5981232404844224,0.6964110127576698,0.6655749335686338,-0.4593296926862098,-0.21212680195979267,0.41031924275528453,-0.47630466582610537,0.8024534178434558,-0.8141464306915716,0.7236846634551911,0.630968059544385,0.8375229994435947,-0.714823670350449,0.41205736319917813,-0.2688208984147872,-0.7787832964502339,-0.7882602788453508,0.8385783920379922,-0.8042531035496119,0.7326980147249665,-0.0628913106600383,0.7250288292262811,0.7417058691691795,-0.14399605235707885,0.3493186016609345,0.45052560631985333
-0.535308561103147,0.44619947725311415,-0.7712184271721214,-0.31914292506039055,0.3036723266056457,0.6707960969746577,0.10336290752708409,0.6027249457449747,-0.823599657610898,0.9999999968651663,0.6658359468733377,0.7683778389788178,0.5266067562756882,-0.48757973756058803,-0.7263041791381479,-0.7412972986394122,0.7968288848618602,-0.65147866162246,-0.5886198571661613,-0.29273756052550093,-0.1401975565370789,0.7625975405733889,-0.5904514660907917,-0.6457360410631553,-0.7159679164104227,-0.9068545799900156,0.7419302349239572,0.4947537855495698,0.8732716980057398,0.837821670698608,0.7983797048643633,-0.4854582755192694,0.5965638288572572,0.851500134777325,-0.7579571078599379,0.8505482092884341,0.02023861231756572,-0.34004190060130274,0.7197644335566711,-0.7599189284200042,-0.757471979936764,-0.7405562259413636,0.3651371977349292,0.8256984120761399,0.6877874164955261,-0.7708576990749256,-0.8346965231518955,0.5842651230616553,0.8642353434432399,0.767148948978013,0.7000625191606034,0.8189266682758846,0.5348815483328977,-0.47195266296685806,-0.763885662645104,0.20185101459155172,0.3654032991540029,0.7840156649442522,-0.5589815959169694,-0.47738133052434906,0.494750168014836,0.5526353594145286,0.30972355895988857,0.6551630209380634,0.5618554469339443,-0.007778217446976692,-0.18415417564633701,0.15118508235320485,0.6097138688418524,0.019496433519368445,-0.5419294096750069,0.7858132626157035,0.5906529356383992,0.9171587300542812,-0.7497130002921503,0.20650007067171516,0.4740580749141451,-0.7619373565880218,-0.7900465260595627,0.6817842016294463,-0.7538924929163304,0.7262183196300813,-0.7219340198900364,0.3321084097571529,0.7184144440223497,-0.8165143216472568,-0.8458446696107673,0.3307505778692302,-0.18764205778218157,-0.7246052600809395,-0.8264086433809236,-0.8942582915373165,0.8165922910956758,-0.8257620832391884,-0.9470057226824706,-0.9244338336051231,0.733661057184329,0.7393169506473043,0.24937450650024937,-0.7477488781470334,-0.58204418491424,-0.7707130099371056,-0.7337233982566983,0.788053044496472,-0.12316543111705382,-0.2766794275353665,0.34036908788944964,-0.7733474600055176,0.7690284073237998,-0.7797883249653044,-0.6389193452835009,-0.5628251896124644,0.2485330234742155,-0.29187593267838535,-0.06331791151122981,0.5440761588275211,0.653870115939895,-0.7155521045114349,0.8290449174285943,-0.8152804031932274,0.05559904071891631,-0.32250345594810326,-0.5497391580993509,0.3755732738748147,-0.4044323547674106,-0.5147023125286837
-0.6228251572875545,0.6577728742687333,-0.9843124582661559,-0.3697160543192089,0.3057462923390357,0.9129654587559248,0.12129231117338372,0.6795670485077111,-0.8118181118563947,0.6658359468733377,0.9999999980203252,0.9024270435421986,0.5831546792269572,-0.6082264282276788,-0.9182335023791673,-0.9848594127346897,0.8518437120829546,-0.9275650634105668,-0.8861583353324121,-0.704818878875637,-0.11757379522907237,0.8681054791969535,-0.8069988539098137,-0.8573249568265238,-0.9096475819763402,-0.8015948572854271,0.9179433941155416,0.10808805532612542,0.935973742322474,0.8772932603839464,0.9210098538579611,-0.8871296837741199,0.6994624497008193,0.9532142458956735,-0.9348043616204363,0.9187651111650255,-0.3011048183693856,-0.6538730591269275,0.849396757137858,-0.9598765806770005,-0.8509199436626428,-0.9102036722232631,0.8802321122962742,0.9476909042817078,0.9603331958504151,-0.9497244032185688,-0.8176554060331823,0.9921074340278324,0.9312640481643113,0.9747909177935896,0.8393328501110077,0.9656482156199081,0.8996086361422064,-0.9564770345726834,-0.9460753060480798,0.739319222423126,0.8923126070540632,0.898177248197665,-0.925690595578324,-0.14670915977579896,0.9488221600064238,0.9589832342553215,0.6599160219334698,0.7931863684555744,0.8946050833873235,0.26711765515254954,-0.6429037547295099,0.3343405229035925,0.7886808043621718,0.3668966050281978,-0.5701689977180281,0.776411728852869,0.5479932159740742,0.8455887413463767,-0.9748791497606244,0.3728054704640575,-0.13840122431422155,-0.9232883522531259,-0.8842419625756655,0.8345799703351383,-0.9819046745749015,0.9247402252643017,-0.9717040941430723,0.5855237610252035,0.8374294871030836,-0.9287771677557378,-0.9432457457236285,0.6039832798077437,-0.7115781416860556,-0.9659958077714819,-0.813420454441912,-0.8798837702647526,0.9381908836728206,-0.8436394783676414,-0.7126326930553379,-0.8713429145208003,0.9816561585335728,0.9730233358370776,0.2252682339855521,-0.8278463607814395,-0.9139438761878437,-0.8964101723343492,-0.9182749552194094,0.5967686886935923,0.48872304879709455,-0.7514040829117589,-0.09721708219352744,-0.964015498720922,0.9797092420143146,-0.6972059864755333,-0.9330446759551407,-0.9371970405605803,0.623075193824575,-0.7591152266271438,-0.2376229309199262,0.8770724849161571,0.9924009440926641,-0.9856731622423991,0.947370285780166,-0.9209696497234913,0.3355336771356808,-0.3629438999524325,-0.8963073156975442,0.4212725146727156,-0.7332268976488922,-0.8474709459171973
-0.7919694434694811,0.6534603929182221,-0.9260875793824663,-0.3578379793615487,0.5450907242789061,0.9187483844536188,0.29277033960750154,0.8452689959848554,-0.7260680386993482,0.7683778389788178,0.9024270435421986,0.9999999974537388,0.47243592387201666,-0.5834482930659894,-0.8880048827653707,-0.9246369538636086,0.7886106185511572,-0.8192318242380201,-0.7797983707002037,-0.48696182118474174,-0.22485439153576142,0.7952021665892317,-0.7973194053135593,-0.8556638201965703,-0.9153350043111517,-0.7743525907820498,0.8774804414214765,0.10889309243087573,0.8907617533835412,0.9112091167803255,0.9470480584415826,-0.7127902388943765,0.6864618714955285,0.9558274444401759,-0.9879390302716008,0.863428348806929,-0.4040348577260458,-0.7063700376464227,0.762995019801316,-0.9407170366278209,-0.9214499799609313,-0.8622683347919453,0.8585391070893517,0.8586634846830461,0.9001800117725851,-0.8305357963044905,-0.9152558151320568,0.8873002415605264,0.9495949725050378,0.9637768354549845,0.9091787928572389,0.9170578090856021,0.8049886971723282,-0.7828769113819308,-0.9617445204250721,0.6648406135313804,0.7355220524751863,0.9180327051849744,-0.8108419456058169,-0.437357309807985,0.8568645942241658,0.8814897205140394,0.7054377319529301,0.8180439588459439,0.8505491836137891,-0.0867332333828428,-0.42056846318370045,0.2697990731508869,0.8511599956982144,0.32146593818343827,-0.6841284376469101,0.729756113802849,0.7499561799100071,0.9091330645755911,-0.856721755258411,0.5130948414482075,-0.018624617767089367,-0.778025304451308,-0.8108499253083863,0.895065193130692,-0.90311455184631,0.9706161086882072,-0.9418135390693663,0.5773838493181416,0.9166419084422638,-0.9039738190441945,-0.9548746399742598,0.6267879663733711,-0.5616397656316128,-0.9309578228804095,-0.8631833870203925,-0.8332684849017118,0.8342821704958798,-0.9857242144317212,-0.8246399462660579,-0.8413868747170598,0.9100351580026136,0.9001450285343485,0.02064823265978712,-0.9291738290531171,-0.8417735010213098,-0.9969718061496774,-0.9697359643446446,0.8024842452824972,0.25001556390501506,-0.6928154333412133,-0.17215660985983458,-0.9398070281585383,0.9209876421980536,-0.8794887654021041,-0.9643766034554984,-0.7835626352683379,0.3614851883988627,-0.7088246818898566,-0.41181661179389895,0.6487685944806116,0.8848002992943899,-0.8902847218419292,0.9219533893233932,-0.9470886520494073,0.24975121494364597,-0.17386752084854523,-0.772965959768364,0.652390979389634,-0.668536444308996,-0.8367644965611257
-0.13720602466053947,-0.19460451946255702,-0.5601514129588304,0.35465459477883876,-0.27836390587103504,0.24189169311600586,0.17636123065126846,0.1997175686236242,-0.8432457617985261,0.5266067562756882,0.5831546792269572,0.47243592387201666,0.9999999992613782,0.17890719073801134,-0.3165766279275987,-0.4965898667450602,0.8834483052549921,-0.33869086014353733,-0.20592435807770199,0.01534518953511011,0.5502819907681396,0.8669054262166168,-0.06996024937915751,-0.12806078551671057,-0.2598606573773157,-0.5668745184241479,0.3423251286018626,0.681888515164149,0.6000320345567707,0.31062805176750397,0.35832280955747886,-0.2956354262778943,-0.07891936498564134,0.5874870012656515,-0.5454230682503131,0.5076607074151739,0.45281389815003154,0.01934799165267977,0.24236154197248017,-0.6149664393183707,-0.2001662198751338,-0.6724518794584652,0.2948725896513926,0.6158592634709457,0.6383608680060154,-0.6200102886465947,-0.2797088150023879,0.5839138733254425,0.5473450832783798,0.5628946558606018,0.28189314259045073,0.6913805246785115,0.18935710869083502,-0.560913690634525,-0.5159641479834541,-0.032047586131458944,0.40180680397975177,0.28864574244192154,-0.25581608254017757,0.447295009903613,0.3620461432184002,0.3365190766759454,-0.19942817896711473,0.054003880049989794,0.1687121193036137,0.15826240589353727,-0.7970962080956553,-0.37913161769067294,0.04648882052300974,0.6995766078311807,0.06381589356014976,0.9237274984953897,-0.15361354400456478,0.3967625796376591,-0.6838165165882929,-0.4973230431574391,-0.08697629062930864,-0.6335770726416429,-0.8412539176591928,0.12001187316754372,-0.5149607605101862,0.4080959276069761,-0.44303572506585515,-0.2985002202593011,0.1570518918265826,-0.7762363950721353,-0.4892430146458853,-0.1672712380615369,0.08925295995702652,-0.422434901070523,-0.2011991432293545,-0.731376105774449,0.7418051838148945,-0.4355754220790026,-0.30090438571594813,-0.6242890748023338,0.5136417180192331,0.5354838228529044,0.8604901109285029,-0.17425884066299843,-0.21392130440865875,-0.4156943554664807,-0.32615607716569284,0.24476377350748182,-0.014454867271622034,-0.06414168904101812,0.6455174146365359,-0.4631342928371431,0.555572503881632,-0.6622448256195548,-0.3932653009743643,-0.6072068809215909,0.6263701497943001,-0.062329317558077496,0.5818977491620164,0.46788552359310437,0.5070890747261603,-0.5412734162072171,0.4658874495321843,-0.3736655745401779,-0.3912404329057716,-0.9392059051927145,-0.7331295587717994,0.1742452433103762,0.10387186426615656,-0.06962689854135064
0.3765550284559444,-0.8934697177869972,0.6378248827660525,0.9492975808882007,-0.3716687380110907,-0.8035411862454421,0.36159445953409053,-0.41570721346472744,0.3529279324585191,-0.48757973756058803,-0.6082264282276788,-0.5834482930659894,0.17890719073801134,1.0000000007797238,0.7505696265149904,0.693360368721526,-0.2813779435668981,0.7387768183395117,0.898847177309306,0.8011399632327904,0.47587096085982833,-0.32018799958291616,0.7969717727696436,0.8485933825300882,0.8006887645857955,0.6531991216948793,-0.7356804639917279,0.16624785627572686,-0.649910680630174,-0.8194836640164307,-0.7531115376018399,0.6750096442154665,-0.9796082049682556,-0.6177701140463177,0.5274248647028413,-0.7431556816807247,0.4646549730510186,0.5169823719751513,-0.9021357676917588,0.49895226384329094,0.8009966010598585,0.36974363447064384,-0.5689385907037908,-0.6537067301522272,-0.583701731803659,0.6574283593294962,0.6887679691464627,-0.5696762461702397,-0.601653385268291,-0.6387466063427333,-0.6023420733861111,-0.5309089038368253,-0.8154729927197728,0.5809129496051004,0.5656717119256262,-0.6724060725862048,-0.4788484611660828,-0.8357125849860735,0.8127567390550218,0.6779185275261856,-0.641126862203128,-0.7319989992246604,-0.799349382994651,-0.8421987641703385,-0.8689087112138834,-0.40691103914716026,0.02730906939231017,-0.586943957698353,-0.9074100722061735,0.27012297203984553,0.5690120382664623,-0.1689041834592513,-0.6966001333626158,-0.7416923706717349,0.5314683734790222,-0.8213013703267008,-0.3412756744774094,0.6409167307864356,0.37072085792743426,-0.8297432117280461,0.7121056297869673,-0.6202697386274537,0.6871964589095109,-0.9583804102258466,-0.8053938925901142,0.4216027234871388,0.6891589976096897,-0.652248689754453,0.8478194546770028,0.7042163274422952,0.862458985478599,0.509361623100618,-0.494068630908387,0.5583501453661985,0.6869543137747984,0.6101009393114456,-0.7193570646734757,-0.6117162428971091,0.3456820846392493,0.7930782414947783,0.8586222130807531,0.6270492445533715,0.7448076203006736,-0.40146002010446846,-0.6009247885809192,0.80364675326888,0.43461883052306577,0.7459847033481783,-0.6245273752489678,0.17374359706727088,0.6115555991801518,0.6021571917216434,-0.31088976978248245,0.8092980454503064,0.6224606114117828,-0.7183518963014991,-0.6947708364719014,0.6991337269036009,-0.7257110625645878,0.7551510636666968,-0.8709384189796606,-0.3148456131488025,0.23865421518996782,-0.0429082089183493,0.9496522731490226,0.8498372300546144
0.7793413361139171,-0.8652103373799319,0.9566664822857645,0.5071786440469066,-0.5732652856861928,-0.9784303566912408,-0.2057326736068834,-0.8177742696359989,0.6554077819818235,-0.7263041791381479,-0.9182335023791673,-0.8880048827653707,-0.3165766279275987,0.7505696265149904,1.0000000001133165,0.9675994010689672,-0.6849349501721401,0.9837185997527429,0.9151664351088565,0.8018917466888112,0.4779313685620965,-0.6802288727480194,0.9651142577915683,0.9765940404122685,0.9892250286404329,0.7658043267405643,-0.9986813895778438,0.10160092172545913,-0.9060020179551175,-0.9515625404892006,-0.9814523822499118,0.9284007720223316,-0.8585429230833842,-0.9240959688895563,0.9082674341909087,-0.907165050922989,0.5267564622292197,0.8152508741614202,-0.9072802047742141,0.9271393408088895,0.9662144719017105,0.8820935803122367,-0.8243635760219901,-0.891580030476051,-0.8175560137846825,0.8637486896759233,0.950698201866038,-0.8766707453299115,-0.9470468429675674,-0.9129243527868758,-0.9524251498010843,-0.8916995860355664,-0.9608833859412237,0.7983228186272331,0.953413403463772,-0.8128717407896203,-0.8566517839528931,-0.9618656330106247,0.9570261782697962,0.4278377484130853,-0.9316448227759444,-0.947760061102644,-0.8111259408156309,-0.961968807054146,-0.9344357953624561,-0.11827354976369267,0.2904940922455508,-0.6248393374762296,-0.8695509889685002,0.008139180759414173,0.8244719361174305,-0.5939537144423561,-0.794909663679987,-0.9092054041456524,0.8980282965461731,-0.5856992395991364,0.04492615325573851,0.8302127765776752,0.716790142572246,-0.9596277667922234,0.9505591084351998,-0.9588444930961907,0.9799951522178377,-0.7512832908529175,-0.95728553806515,0.8083186372143795,0.9581637047700865,-0.8213096608960935,0.748610541836277,0.9871052077613186,0.9328690433733572,0.7969271194748525,-0.8509240142741961,0.8791928258887498,0.8560781912940985,0.8449951626686233,-0.9287490370449538,-0.968280679561012,0.07977656352287982,0.943600592172264,0.9495439765197297,0.9109230602497359,0.9574465978561366,-0.7765239232054979,-0.341645460995164,0.689411695770791,0.24827545195433423,0.9440219360079518,-0.9623379851068002,0.6331236012744338,0.9365115764524227,0.7640412091069844,-0.3239221950528449,0.7050736147275611,0.49454314630913393,-0.7753012458245621,-0.9277428028436975,0.9176649085171634,-0.9715398157120968,0.976065996423922,-0.39745024088962533,0.05453599061336162,0.7858513722190582,-0.5293148041013171,0.8399869011327683,0.9339917511257042
0.6831750913011548,-0.746841677466621,0.9961452205435345,0.4564061143353147,-0.4032065705924803,-0.9576558196062477,-0.1253882066041309,-0.7382658439289721,0.7914234016332241,-0.7412972986394122,-0.9848594127346897,-0.9246369538636086,-0.4965898667450602,0.693360368721526,0.9675994010689672,0.9999999997918783,-0.8195559258649912,0.9606958058318357,0.9194790144658129,0.7379724890549634,0.24417630485679215,-0.828090464110083,0.8772996272603318,0.921051772366841,0.9619557434281186,0.8392916721779045,-0.9672924021887244,-0.07611997097214387,-0.9607344903421077,-0.9428225700935208,-0.9720120492033082,0.9005711478200453,-0.7897576921559543,-0.9741908041587904,0.9460769565644485,-0.9529755637088761,0.3629468538370555,0.7019421644419929,-0.9050010904270187,0.9643583589038474,0.9224250027604103,0.9103105076514103,-0.8559402806870328,-0.9598397998235219,-0.9336898554593437,0.9487705613788194,0.8972413930659663,-0.9595306399348019,-0.9663615631463462,-0.979179721041912,-0.8949931733447757,-0.9649387432791606,-0.9312856272531537,0.9052398006687915,0.9671765524481298,-0.7516721199538191,-0.8641570844056301,-0.9552941000114276,0.9487596124206992,0.2941269783894925,-0.9425136278386758,-0.9638024501915398,-0.7182772394434834,-0.8762392358170281,-0.9275208521698171,-0.2206517412313695,0.5093445324850224,-0.42814396368102664,-0.8497375088819489,-0.22319884182994204,0.6709087273796549,-0.7392427847386347,-0.6620025462347917,-0.9138058925298587,0.9652899709145685,-0.4657237016210251,0.040327137914337195,0.9203561532477427,0.8534642293569218,-0.905051420026253,0.99529510662221,-0.9552801316532468,0.9933526937129361,-0.6636077630326116,-0.9084083793242369,0.9129373369840061,0.9804443779838918,-0.6771697947296207,0.7237509685613656,0.9925693424217484,0.8979480969505534,0.8889999712566028,-0.932680195450616,0.8882237934919699,0.8132542336364703,0.9047372724436088,-0.988270512589724,-0.9873024526707695,-0.12303470568559892,0.9007941595375049,0.9446297079476236,0.929488477787893,0.9585687153670183,-0.688874332380109,-0.4285098971353861,0.7412662839177788,0.12693493895632685,0.9866716348819192,-0.9936669949291339,0.7026343098573439,0.946674755188831,0.8929048037253717,-0.5259239588537301,0.7522236995362712,0.3305821108480305,-0.8598977640275327,-0.9861120158374184,0.9847669945597384,-0.9865084340042739,0.972107956728998,-0.37684729144538087,0.256769164291132,0.8506407510639776,-0.45430608451625754,0.7879460256109906,0.892243568301886
