1.0000000001350422,-0.9443309648215638,-0.7508283340300915,-0.6643378582735863,-0.5490812910550474,-0.9932302221165867,-0.22665884039993434,0.3463107268477931,-0.8245153981646764,0.7702643504824431,-0.3556871544806223,0.7964333320368571,-0.5059992888858194,0.44444837113932073,0.6554218595681829,0.5376823578877634,0.7866478291019872,0.6683614402419329,0.6187582631920199,0.6297987001714441,0.6566596977930773,-0.22704883631438177,0.6375916649842696,0.5277121004698389,-0.9040690572719796,0.8603599726901903,-0.6892703015903395,0.6959554497045267,-0.8682236962666947,-0.5862891692589206,-0.5417208209879364,-0.5870501324594424,0.48927181023247346,-0.5205345859490199,-0.7879109837959956,0.9363079464589792,-0.7054875024073277,-0.9414370845097919,-0.7833939236157603,0.8352877448072824,0.8785730289927672,0.6238324665470386,0.6566737679859909,0.8376732200848985,-0.6892773028806515,0.5329906077402602,0.7449329116458517,-0.6582982630874802,-0.36863425329757565,-0.6675854874860176,-0.6853927738501261,-0.7552694836838042,0.5365753294260279,-0.470574728367581,0.10576239552087055,0.05225696366463063,0.755329092263766,-0.6971800502022135,0.45158136935037013,0.7789757700720787,-0.8654550494877522,-0.9937012060994507,-0.8649984554035253,0.7795641997253142,-0.4761391121256299,0.7668014706965102,-0.6350186260875037,0.6740095111887269,0.81426587478055,0.5389890277960793,-0.2938806516859134,0.06991674164630401,-0.012392415093069417,0.3783674732707341,-0.5358095929892316,0.7014995097657222,0.06843862084428495,0.5916708995076568,0.8951919629243694,0.9300227102931002,0.6320603195513272,-0.8447706828958508,-0.5015299390296828,-0.6414432468927946,0.7855759937297974,0.6454381800043265,-0.13688309524474396,0.3330568793278887,0.6124337961687936,0.32591997000473777,-0.6560385178105971,-0.6339732098466071,-0.45375755648022054,0.016535125213393072,-0.3032779182654124,0.9363101272006487,0.9296085974756609,-0.758265416544576,0.8877911273029773,-0.5297246131722829,-0.8907989159233576,-0.2612547295977306,0.641985333361939,-0.8754131972562663,0.2950509218852989,0.33870844782819126,-0.5190079950968819,0.8400886957358975,-0.5297264429142273,-0.22783958148905195,-0.2756076114929444,-0.5656229340545057,-0.11193159502335906,-0.5738638375140148,0.612291577151407,-0.4911067159140693,-0.8587370317316374,0.6518847434259614,0.322451372149726,-0.7792518880177186,0.3548936800187833,-0.718503593217151,-0.7300419477926604,0.8245217435147404,-0.5972315454407775,0.13935371637356384
-0.9443309648215638,0.9999999995933065,0.4975496350078901,0.41856742747853687,0.24628357114026658,0.9233880930137235,0.5280970873539781,-0.04227550760448038,0.5936222919096641,-0.5414268149609346,0.09317804394190056,-0.5953704960147513,0.21356243923249013,-0.12795308652631535,-0.5019561250778877,-0.29830398948803866,-0.5404093703630837,-0.8589168853713468,-0.327742175397855,-0.41648462673182074,-0.37920893867738886,0.31620890030224763,-0.43656370377036924,-0.24298636880145982,0.7653765181942136,-0.6630687652131508,0.4235372664053134,-0.527914854155931,0.7932438152252032,0.3017596661133539,0.26556744762410606,0.5973164329815568,-0.7448193855448226,0.24882699774790612,0.5869789185560995,-0.8316278909005391,0.4359869747328449,0.810936559898864,0.5560693526714013,-0.6732655955571031,-0.6813013934496538,-0.3421772873229823,-0.3818627917184044,-0.7315809108496446,0.4199370072197482,-0.247928921039141,-0.49611733070884495,0.3790925140390153,0.419743607734876,0.5772676061067118,0.4155448001342719,0.5722330787864824,-0.27316085732764017,0.18663735168757545,0.2151838011418894,0.15120203902677762,-0.5422524063195311,0.8236911780413938,-0.1594770063440598,-0.546104698832819,0.7054299415671917,0.9270693834494871,0.7363906689072344,-0.5460696912465894,0.5906132985382896,-0.9148743582480152,0.367461893528721,-0.39721202881735784,-0.5860077416664443,-0.24990397589990718,-0.024260179997470793,-0.34636011209196166,-0.08416839429726439,-0.0669675709341218,0.247664828330843,-0.6556217721678322,-0.29163872188510936,-0.3445031272841914,-0.7380641193765551,-0.7756815764659606,-0.39675073207019024,0.636222532590357,0.19804305629890584,0.35712226143367476,-0.5641880085739206,-0.40334187186509224,0.44168433197650864,-0.07453225299944298,-0.4086270527961365,-0.01369048609040184,0.380373387586587,0.34982038523673203,0.152442131020451,-0.26875323995543765,0.5180921410106363,-0.8440301266957303,-0.7603565629715767,0.5394659441059313,-0.9073219498873208,0.34093875068673374,0.6957427127786125,-0.0263885949501036,-0.3953180440156729,0.6804136929264111,0.03365093324645236,-0.01602336242546288,0.2634802033939613,-0.6300777046675892,0.5432680762880828,-0.10257216111613474,0.5728508723649934,0.7941732545298,-0.16589289379423214,0.29267161841878464,-0.796971114789878,0.1973444865227882,0.7478263468450346,-0.3871930466445041,0.0005496626637862821,0.5498578176069355,-0.6058050373529804,0.5495802272074971,0.5099229981331339,-0.7204844747681318,0.3418510420034283,-0.09364015336363773
-0.7508283340300915,0.4975496350078901,0.999999999757204,0.869202238613218,0.9533873539034001,0.7640849527802923,-0.4550370287711107,-0.7894410392899677,0.9888545523582439,-0.9165478641642769,0.690937368459592,-0.8646408632763349,0.8725655618942658,-0.9091715716962248,-0.638754861351571,-0.7565114550775884,-0.9938293127073367,-0.07536069624574798,-0.9752026922074801,-0.7594549453956291,-0.9820411927733653,-0.1439434304558253,-0.8798603703358541,-0.8681199158719086,0.8167286484149433,-0.9184327770655066,0.9515037144019739,-0.7209389511036042,0.6671203313088745,0.9130189399666588,0.8470748613727298,0.26246738452238155,0.201766616454058,0.8227777191905538,0.8521365956589253,-0.7693441739999566,0.9832268418971394,0.8939173126282846,0.9245600307986315,-0.8045492117924099,-0.9440818483131886,-0.9363140649872016,-0.9419621016735739,-0.6849901172815519,0.9854479390239027,-0.9389917730501002,-0.9965942798166408,0.9673371564382145,0.24043545869954053,0.6961556334687806,0.9477902725947653,0.7880931885643845,-0.8176687760027052,0.8249566566704674,-0.6825498669342558,-0.3453335802130508,-0.8646611292845943,0.1273870387843311,-0.8330593389859764,-0.9381780401960069,0.8293742137714152,0.7618562155221327,0.7567814385145135,-0.9540825925891367,-0.02220112090258033,-0.23501131725937383,0.904638370423422,-0.9819332827944819,-0.9574538681152365,-0.8900633254669745,0.7989653174564585,0.4517762383839081,0.09497263719912334,-0.8937212013159396,0.8876809668251889,-0.45730475979302215,0.4928393845508266,-0.81386808623877,-0.856456695094568,-0.8854934190175364,-0.8236990266752947,0.9325502998577888,0.9115874631590295,0.9763623439409231,-0.9123138130893653,-0.8477342032771427,-0.5261746102340944,-0.6597530002736187,-0.7238119545192604,-0.800078268397154,0.9561417031106964,0.961388652741187,0.8635341717333905,0.41487017531915404,-0.12764647202485357,-0.7738714549430514,-0.9364780404916432,0.8842217478576738,-0.5900051124731637,0.6324960786393934,0.9534276225852548,0.683157405674081,-0.8561869079371954,0.9401172950471921,-0.8401727809705862,-0.8725344358001819,0.7860535830983704,-0.930462960867293,0.21574810081448895,0.7731213980659648,-0.387638573938202,-0.11116398100082073,0.6983616355789394,0.890748582223574,0.02768169546366048,0.8686034166649282,0.7059964732098606,-0.8998712478933351,-0.822038294956977,0.9287043169452421,0.3243270598073121,0.7412645070028657,0.8571593114419587,-0.6710090921709867,0.942684075956391,-0.06427665475584242
-0.6643378582735863,0.41856742747853687,0.869202238613218,1.0000000003098017,0.9058624028218055,0.7303179818695312,-0.4910166290809105,-0.9203085937513195,0.9006762284512788,-0.9866370363798551,0.9306252984637585,-0.9777985200931406,0.968469960702461,-0.8866297710999346,-0.9148587110766233,-0.9791008123757231,-0.9007307625430155,0.10037339957086056,-0.9129750385645884,-0.9798131084141121,-0.9124836645117197,0.30369328986772515,-0.5301554679044124,-0.9781779141538997,0.9018866695394362,-0.9507734038758454,0.9768369886493985,-0.9488712832759051,0.8190734479882507,0.9783152051002763,0.9854604405705566,0.6153631286969056,0.2239415539581466,0.9836611330538015,0.9761030498939629,-0.8445492448077545,0.940474073491879,0.696503573442334,0.9820311148633296,-0.9422621821114929,-0.9258868701606634,-0.9747055678665936,-0.9782676311538723,-0.8706582275458904,0.9199145530917651,-0.8469016124145141,-0.8255544240669872,0.9533467356353759,-0.2444032130919039,0.27135721172872823,0.9750696979630405,0.9678268662169557,-0.9870181024307101,0.9687070404890747,-0.7767614021146038,-0.7317107163578962,-0.9892071467459416,0.31646518433232,-0.9594739211720666,-0.9787736814879208,0.9353469016285015,0.7225179911744182,0.9003258311584174,-0.9631272214076474,0.3200095062762722,-0.03477636430025566,0.9931041821030658,-0.9317827541859661,-0.9581804952726631,-0.9735082702126828,0.8752918110343362,0.698252777162421,0.5690172200919988,-0.746981187284536,0.9729135178451956,-0.755189121331527,0.14166829557873803,-0.9935441428284956,-0.9210718608283033,-0.8907864987844857,-0.9951055250174814,0.9563280934314502,0.9365792853541267,0.9274720654272467,-0.9831565091725137,-0.9988101602941011,-0.5597983731489794,-0.9199621440019208,-0.9676806054388196,-0.9014825074064962,0.9652018873397367,0.9521173830530248,0.9469519868639731,0.7283956575766904,-0.39383784292362095,-0.8120601531901347,-0.8510762235752284,0.9895998076189052,-0.3172367183170465,0.9317765721400114,0.9040349578895551,0.8948746122388413,-0.9992681175359545,0.9266222193704233,-0.8135345428564904,-0.7952891182963852,0.9817082419627139,-0.9593932378447523,0.5931233605120202,0.7989843262766133,-0.4769373960366974,-0.035073562849504795,0.47698864311062833,0.9845701833809116,-0.13295651058854605,0.9633397798114978,0.8678698134825358,-0.9915280633637287,-0.8775868191550704,0.9816642447135948,0.13148263579381392,0.9524364169852683,0.9935068004383611,-0.868734754302087,0.6738368692860746,-0.5466013165360337
-0.5490812910550474,0.24628357114026658,0.9533873539034001,0.9058624028218055,0.9999999989422126,0.586415813769267,-0.6879466676150547,-0.9272953799597367,0.9244933989537325,-0.9052080723585327,0.8327311117564665,-0.8424518032629014,0.9604675751663243,-0.9922317628404322,-0.6606814740667237,-0.8406283173021614,-0.944186917819141,0.22290540467012607,-0.9960291422426827,-0.80773456781179,-0.9873059500558493,-0.12491703286843131,-0.7693416149635025,-0.9509421599741963,0.7290446864362331,-0.8597773524556015,0.9670148245213874,-0.7342767332702416,0.5717996333687657,0.9710683340014375,0.9279566343309541,0.22705938572590662,0.45921280402409703,0.912308310764797,0.8333982884347856,-0.652003678028924,0.9789161502539446,0.719474073715113,0.9061983156693094,-0.7579148267664099,-0.8687867865538516,-0.9774753083979187,-0.9712709902135629,-0.6186334802649803,0.9802799301685737,-0.9721664471523056,-0.9378549293449053,0.9864557746679633,0.004075443917429492,0.49535890296864643,0.964675209436447,0.7819861947651016,-0.9021594802206618,0.9287863844184033,-0.8711674436262032,-0.554531181402139,-0.8622302835888616,-0.04482328967491105,-0.9408947667705743,-0.9198209198747602,0.7674635994176802,0.5814111025921745,0.6865276400812048,-0.9293551966091357,-0.10023428287420762,0.06378744525268797,0.9489128098821499,-0.9870256280106433,-0.9176569966665509,-0.9659582308596774,0.9418311562276843,0.6928281429165718,0.27601580422115374,-0.9564140719578623,0.9646648922781719,-0.4154228677678986,0.5452787577171351,-0.8792531883191853,-0.7768145490407466,-0.7808685455491057,-0.8731739394858172,0.881256827201316,0.9887809751914232,0.9929977469174053,-0.8939640445126784,-0.8922497817042816,-0.7436043279777349,-0.8083301940910214,-0.7763920046330828,-0.9391520142450328,0.9805097874697626,0.9898585011017446,0.9649854058196636,0.6469111206842285,-0.3739655237772451,-0.6448226933906591,-0.8165153266658484,0.8798646233217594,-0.32264499365825255,0.7093082161044741,0.8656747820943524,0.8504649792043257,-0.9018509858681564,0.866361865963328,-0.9602934023543397,-0.9678992813949483,0.8769795231119645,-0.8821446167309198,0.19732717765660873,0.9181070699350005,-0.6384326017367075,-0.3396780993862337,0.7829137100892528,0.9567567988543267,0.22150028487592324,0.9607140143765804,0.6297831886142912,-0.9375056124334772,-0.9537824235081093,0.9116116359968992,0.493030874827432,0.7460689658908909,0.8664815793010038,-0.609727465883875,0.8932990252095399,-0.18969069403757285
-0.9932302221165867,0.9233880930137235,0.7640849527802923,0.7303179818695312,0.586415813769267,0.9999999998759053,0.17299401304625328,-0.4206489477687673,0.8427983563405477,-0.8216852421179905,0.4474594869602742,-0.8518896323081215,0.5714855171701695,-0.48854205524337796,-0.7355629917806733,-0.6214312657353634,-0.8052093705728965,-0.6045860827607351,-0.6510584103752634,-0.7085983508878924,-0.6879266597229282,0.30654751124467733,-0.5978928249024571,-0.5952468755134747,0.9453867061018206,-0.8994001652692087,0.7371053013529044,-0.7731487125359525,0.9179305033547134,0.6442279131762957,0.6121776830706147,0.6609638871608322,-0.4468405430125996,0.5957704348994743,0.8443173985728912,-0.9699249822662749,0.7392837382774554,0.9240523164808967,0.831979365640054,-0.8898358038971536,-0.9078811292127631,-0.6756902186163809,-0.7067067771108552,-0.8941472950532262,0.7203200440652499,-0.5641103881376067,-0.7490483385760467,0.6996333366176936,0.2611632443966929,0.5957121228183844,0.731686777945722,0.8218421151687233,-0.6133311184682912,0.5453188418173263,-0.17436320904650832,-0.16312957988677781,-0.8160622958503638,0.7168024628843983,-0.5237823121243842,-0.8252676356830225,0.9139411209111171,0.9995527285574979,0.9162545366687814,-0.821348162117875,0.5286114836139524,-0.707006178831081,0.6955133782902327,-0.7078410265960347,-0.8508901305374034,-0.6016963157330755,0.35920488997674277,0.023766999325965238,0.12733745221849993,-0.39754328807241496,0.5992684812338493,-0.772599769001543,-0.10531765246617084,-0.667360493527424,-0.9360629384083532,-0.9579824504078054,-0.7061738913180937,0.8835153569130627,0.5548402404350302,0.6765680165257436,-0.8364288668428073,-0.7156769440666134,0.08061515447281863,-0.4271774904809864,-0.6945037635604789,-0.39533741169329617,0.7023721215961051,0.677080979362958,0.5186272066110816,0.08584524296941799,0.23025542526084264,-0.9661623300849167,-0.9410652685605111,0.8164161393150418,-0.8347669572255536,0.6216048509149852,0.9130006193797011,0.3491113738345159,-0.7111386536328814,0.9063682623488258,-0.3392592606955358,-0.3731410619825184,0.6003077221007435,-0.8798612800068965,0.6083735527016522,0.27836615926808944,0.216220055578133,0.5514758985324438,0.11517337196567683,0.6368394249499995,-0.6188332406594452,0.5571762951727486,0.9090135294544012,-0.7101743347936481,-0.3816771061090705,0.8276362307276113,-0.35801426912574896,0.7925981826582961,0.79335383482675,-0.8834609960015223,0.5820698835318366,-0.24689962641285998
-0.22665884039993434,0.5280970873539781,-0.4550370287711107,-0.4910166290809105,-0.6879466676150547,0.17299401304625328,0.99999999963424,0.7901759187105765,-0.3596410084065902,0.3957802183896696,-0.6814574385137768,0.3016015097364445,-0.6886141687644303,0.7701095769074205,0.2191081944804994,0.5301497710724723,0.4129862404751575,-0.8461913375090125,0.6216827532090193,0.41097456772028135,0.5832373484689922,0.31200910749591615,0.3251630530496802,0.6602269872741359,-0.07686249426266796,0.26292755390380823,-0.5350377890656971,0.27597199711965625,0.06248829294457566,-0.6294634678718034,-0.6199846777646724,0.2160372875189596,-0.957382161532098,-0.6231288164108071,-0.29666071584552073,-0.04227598810020265,-0.5294164461403511,-0.017038747093396193,-0.3847630649904898,0.17106624532038658,0.2557994044703915,0.6025363136251688,0.5660691325833928,0.010983075630312818,-0.5474384400245335,0.67774684177263,0.43918375014109773,-0.5811134174592657,0.34449505096672206,0.0241908113075925,-0.5307677944279722,-0.2713201897947425,0.5999975851241437,-0.6867688521961345,0.929215844278716,0.6252832388464487,0.363073612542179,0.6437579215717336,0.7157877946739263,0.404043181098561,-0.15559980642704505,0.17817358688367574,-0.06377842561797432,0.41635429873519014,0.5083421639982111,-0.7426876721961512,-0.5636780961562368,0.566509973630362,0.3669965185497335,0.6662526693458333,-0.8491780806121694,-0.8842080252977645,-0.3455572255352489,0.7805928329849228,-0.6686414338303146,-0.09933085254682605,-0.6747627511803519,0.5248919079878259,0.1407747846840333,0.11108775729161334,0.48612022471941047,-0.3004041432242108,-0.7224380334192624,-0.6015073581504687,0.3702906643295892,0.49405872857425287,0.9919888285503716,0.6714411256437555,0.39075302921019106,0.8195742524611963,-0.5791446108262309,-0.6065168855097453,-0.7394799567929408,-0.7859911347573493,0.6862004674390906,-0.041725338791289826,0.14704866854960913,-0.3808206308174572,-0.3979176650071696,-0.38906734686089123,-0.2389586683860239,-0.7781898577738152,0.5074569311446762,-0.25801226441445185,0.8602049846890428,0.83114746826726,-0.5881842045501271,0.3053133720078064,0.19912548435060942,-0.8632650079894539,0.9790393598200171,0.8704169147504949,-0.8133989724168166,-0.6247069081886465,-0.7745652576394186,-0.702933351426415,-0.0002624237640223897,0.5312561470605595,0.8320495445886535,-0.39517340535724294,-0.8658157555727617,-0.26955831458662516,-0.3888425858267958,0.013332997207662055,-0.5087230612336221,0.133039525879557
0.3463107268477931,-0.04227550760448038,-0.7894410392899677,-0.9203085937513195,-0.9272953799597367,-0.4206489477687673,0.7901759187105765,0.9999999990117547,-0.7723616286064653,0.8624687541096808,-0.9682147729104625,0.8183178286461297,-0.9841741629978035,0.9534517465179296,0.7538005074247376,0.9322319531617502,0.7961587132074718,-0.46607619792723926,0.9010897102347291,0.8791177501317652,0.8821447421150082,-0.11086207026294484,0.47718317774050467,0.9793621413240722,-0.6622322008812647,0.7745122935023931,-0.9140371926496034,0.7969693168364893,-0.5478992366932607,-0.9614947015796961,-0.9693848029739763,-0.35889134535344075,-0.5863873520020138,-0.9714778398512894,-0.8162743358199618,0.5684640942981596,-0.8802122717307321,-0.4671846051358327,-0.8531608339101578,0.737575116004313,0.749241392950582,0.9443995364099117,0.9303634813322978,0.6208172591263054,-0.8715116313792713,0.8765043737756928,0.7485372920223723,-0.9149704071910398,0.3687244616351811,-0.1351306717940037,-0.9117412186580953,-0.8041170405178388,0.9639341195401568,-0.9878558481438415,0.9604391822181946,0.8205802231104244,0.8545707981761662,0.053567114685237824,0.9929541203752369,0.8578978433044405,-0.7226721419224729,-0.41224805647829643,-0.6609440884926711,0.8491992544129767,-0.024305407523886553,-0.3295985063812723,-0.9442178238712198,0.8900806350432744,0.8235158623199396,0.9763423140752502,-0.990358871215262,-0.9004981915156537,-0.5907497436996533,0.8499958676031971,-0.9770412222232625,0.5022886244004827,-0.36691781482188224,0.9358499329501241,0.701941948291758,0.6622358345531582,0.9182364499848745,-0.7944176904677845,-0.9705343268806691,-0.9029818296195226,0.848593267312652,0.922610707726595,0.8330092282904542,0.9586460648754425,0.8639456661958471,0.9974925401982608,-0.9242192792267174,-0.9259686209555589,-0.9908849229293478,-0.8838216944292214,0.6079503907267753,0.5414021086861025,0.6425203570029959,-0.8608732208758885,0.012127320237142877,-0.8435593055609418,-0.7237844504493396,-0.9849295762081396,0.9282215150966269,-0.7509247737065854,0.9434820546233924,0.91269806322655,-0.9573806893259083,0.7992832522680444,-0.35345677074802134,-0.9410233389390158,0.7772958954485808,0.4091292667222821,-0.6708089183139048,-0.9664422852211813,-0.2416429521061833,-0.9868080133398215,-0.6123504975126004,0.9294909355839333,0.9829303835650567,-0.8570524279847493,-0.4614745913165656,-0.794900125691641,-0.8704530730037577,0.6216149901528295,-0.6661995081050607,0.4810123555398166
-0.8245153981646764,0.5936222919096641,0.9888545523582439,0.9006762284512788,0.9244933989537325,0.8427983563405477,-0.3596410084065902,-0.7723616286064653,0.999999999698507,-0.9515033474413955,0.7045662507789786,-0.9185741515869237,0.8688541577496096,-0.8708699599062593,-0.7229749476909928,-0.7937241033743769,-0.9973800893866622,-0.1608867478096362,-0.9543159686134065,-0.8135495947725851,-0.9639910570069534,-0.012151911080248674,-0.8279487140720371,-0.8710319910997021,0.8914517184684598,-0.9637278343090712,0.9596797001499583,-0.7903509168372286,0.7614159198685304,0.9141983007608656,0.86121951173305,0.39222539630637904,0.089018745607975,0.8390008103387973,0.9088969009189735,-0.8549892157675604,0.9799424986313003,0.9197822449218623,0.9589162132738431,-0.8774144245837986,-0.980795919619513,-0.9372715089373092,-0.9482825580210074,-0.7808919736072719,0.9735285516693474,-0.8969696447488251,-0.9784928663376826,0.9617902561461014,0.2004131927079436,0.6613403359398173,0.9582305401576936,0.8547434861836951,-0.838006863306694,0.8278369119182344,-0.6291747416765556,-0.3722056614875349,-0.911809880467789,0.27127841452135565,-0.8287643999346391,-0.9669658094004289,0.8989171229381331,0.8394378397189466,0.8417617390785452,-0.9742581331347798,0.12471449659726316,-0.31221799791566884,0.9193762518825935,-0.9713795796436266,-0.9845989270477569,-0.887998896311528,0.7620904345205334,0.4193245584078803,0.15873011123748848,-0.8239723429955729,0.8851663492116714,-0.5745266081938845,0.35912997285531356,-0.8472356616463494,-0.9202831895776722,-0.9428047320722546,-0.8603523590107955,0.9719604245808279,0.8900236535203622,0.9607524543732907,-0.9504379676693553,-0.8811475545448855,-0.43577268654271967,-0.6775528370084551,-0.7831304894625702,-0.7731955264364273,0.9546303727220407,0.952788106619544,0.8487311474216273,0.4090776417173097,-0.10971019782776806,-0.8480896750751757,-0.9727038718271179,0.9259069450368009,-0.630608281945886,0.6964424063404064,0.9865155994718113,0.6774004050645182,-0.8867031973694004,0.9766285588733196,-0.7830198518200047,-0.809911538562854,0.8111205994634058,-0.9703131565602802,0.3445932067296309,0.7245486657787416,-0.30428745314240613,0.016518915655061646,0.5882576282948019,0.8973296715604039,-0.11440212002100363,0.8619066219340555,0.8010468070275393,-0.9209538285192733,-0.7863805509319036,0.9606790199311986,0.18689574452975552,0.8093913771199595,0.9032404805524241,-0.7679382974740112,0.8884414575290941,-0.15814687256525312
0.7702643504824431,-0.5414268149609346,-0.9165478641642769,-0.9866370363798551,-0.9052080723585327,-0.8216852421179905,0.3957802183896696,0.8624687541096808,-0.9515033474413955,1.0000000002463598,-0.8603688290336865,0.9909543675307314,-0.936312951413529,0.8674059663050521,0.8907482356612829,0.9355955151461083,0.9454610490254737,0.04383291023461454,0.9248671359509824,0.9516326252150961,0.9325970593659029,-0.2538846005587902,0.6223482826054344,0.9469584455350211,-0.9450461378613578,0.987726045135683,-0.9832909868282452,0.9355326626494025,-0.8586846571487483,-0.9621930402954704,-0.9516941135548661,-0.6040135389419383,-0.11513946975318845,-0.9441129566402682,-0.9862217833797837,0.9003335415433226,-0.9617091760372849,-0.8031408494345869,-0.9996257425488064,0.9627113556457664,0.9750326352732869,0.9684869829735671,0.9772491900878016,0.8935920583457229,-0.9442232599738893,0.8575817033774118,0.8815297108266361,-0.9618541947295444,0.09695484871312994,-0.4058828927833622,-0.979859037463988,-0.9670943735151507,0.9491279605426912,-0.9250178377115436,0.6986813302159287,0.6137215487396819,0.9933057525984362,-0.3748913628896994,0.9156736120151344,0.9981871174427407,-0.9657584323324456,-0.8157655284415392,-0.9297740507982356,0.9889280525782737,-0.3222700128975116,0.1846826463888342,-0.9807788546139814,0.949801568943029,0.9903099979829388,0.947936423401747,-0.8203371039886274,-0.5809439433686332,-0.4521369348933274,0.7477061341120076,-0.9468569427439891,0.7544633933091206,-0.15860949647407768,0.9625717834827422,0.9635673621473535,0.9495455931314216,0.9724306774687432,-0.9910435143150108,-0.9161297217380366,-0.940343141086798,0.9995076233704413,0.9801836404324326,0.4733038855904517,0.8440950524612584,0.9349918471800447,0.8458727858689807,-0.969515587049978,-0.9561495416036493,-0.9101990068114736,-0.6079244962062648,0.2624874052408997,0.8780898053832831,0.9251771021396681,-0.9966857537580582,0.4663619811749206,-0.8826736954641698,-0.9612862368808247,-0.8154698138048261,0.9809484679033649,-0.9749731494020764,0.7775442573841996,0.7753484243346492,-0.9383638265565326,0.9922676169661865,-0.5717136781444481,-0.7451412956090268,0.36678608128405665,-0.05537017230006349,-0.47355304484643707,-0.9620738198449598,0.20127030896464362,-0.929640323487394,-0.8967646032775493,0.9808693910028836,0.8287201170043854,-0.9993199507513887,-0.08126174863105055,-0.9446040747535187,-0.9911327801772541,0.8883196579907453,-0.7336546251088183,0.45174130731560275
-0.3556871544806223,0.09317804394190056,0.690937368459592,0.9306252984637585,0.8327311117564665,0.4474594869602742,-0.6814574385137768,-0.9682147729104625,0.7045662507789786,-0.8603688290336865,0.9999999983723931,-0.8457740278669045,0.9520307453910977,-0.8573748455918525,-0.8574510561975017,-0.975781102181805,-0.7171678814371306,0.4273464095757265,-0.8087850536672537,-0.9365737215028402,-0.7967061048554359,0.34981463508700505,-0.2971781326036116,-0.9577762521976835,0.7085323929195075,-0.7737753698673292,0.874218562503606,-0.8822454917138055,0.6481182381467299,0.9242677171075147,0.9622508435609702,0.5536357885565845,0.47027805843221615,0.9750590398450618,0.8465495217575161,-0.6244975609415584,0.8103957236436397,0.39905466967259956,0.8470616027623856,-0.7922113392434785,-0.7288131048278893,-0.8990357688833622,-0.888341621007028,-0.7170515628431581,0.7930214969590967,-0.7742082054239156,-0.633934224321471,0.8510112980289795,-0.5332213634582155,-0.03446530429672883,0.8683544167233458,0.8640783222980566,-0.9762501664437371,0.9776833709609358,-0.8906788294019742,-0.9149051122544143,-0.8810133351709271,0.1177745775216754,-0.9709680559367024,-0.8426405764534372,0.7672258981775714,0.43862336220546955,0.7327693879658171,-0.8222447075924325,0.2419272927116525,0.307885552655292,0.9265637388020426,-0.8128953375237454,-0.7944075543649408,-0.9425211750943769,0.9268787740112067,0.901223560013225,0.7612896378237926,-0.7000399565907139,0.9446658506762639,-0.6603661892037722,0.13279532925881735,-0.961278878155557,-0.7331929544725801,-0.6711399766781557,-0.9490383603581888,0.7846705946009277,0.9045864946397849,0.8213925269360012,-0.8509351033509298,-0.9423736566978846,-0.7304568050227238,-0.9978798810410586,-0.9336628396373093,-0.9487406814149779,0.8720580305402257,0.8607124712250596,0.9474572017974876,0.9239368173601451,-0.608822210249717,-0.592092737136415,-0.6071627024849184,0.8777468161819663,0.03405298144792512,0.9378178685390366,0.6912792819696932,0.987527268572548,-0.9425460208422677,0.7341860628826635,-0.8307239444052519,-0.7849446778440383,0.9830119747973752,-0.7906377069105417,0.5563724523013243,0.8408406743808723,-0.6849626791980908,-0.2519956187480627,0.48891152290853573,0.9414694226698879,0.06496256475466909,0.9533723806414263,0.6959260578029085,-0.9128188018881651,-0.9079981235533727,0.8484346347677613,0.2633205297701295,0.8743701087752473,0.8967924523092801,-0.7232070479775752,0.4978869710324884,-0.6803436432862492
0.7964333320368571,-0.5953704960147513,-0.8646408632763349,-0.9777985200931406,-0.8424518032629014,-0.8518896323081215,0.3016015097364445,0.8183178286461297,-0.9185741515869237,0.9909543675307314,-0.8457740278669045,0.9999999998574555,-0.8989152112121208,0.7994697432831447,0.9360625938961845,0.9372819758819956,0.9065897557733824,0.10596570886412585,0.8674842057313116,0.9668331567661301,0.876146381291591,-0.37097896474084546,0.5396056117607508,0.9151144574473794,-0.9718005154677132,0.9862384535501071,-0.9508119454558991,0.9632340006019396,-0.906461588401929,-0.9266337301762928,-0.9306725341266521,-0.7009394915470276,-0.017704912263905123,-0.9257506306185926,-0.9986537805103488,0.9377566437670267,-0.9180422832869923,-0.7834465688529144,-0.9895979900190603,0.9896591692444802,0.96467936486957,0.9314583240302984,0.9443727621128949,0.9442447540366847,-0.8925163596889905,0.7821791041404278,0.8236968166838871,-0.9173876032474407,0.14565825467723023,-0.34309353865881315,-0.9503239349488904,-0.9902896870711791,0.9339899268450511,-0.8952358627022527,0.6296588996957063,0.6265980790108913,0.9966887461701402,-0.48728188563346836,0.8796696433593931,0.982795922889747,-0.9883026001964662,-0.8448090687602792,-0.9681866179511976,0.9648597149243177,-0.44552944804074274,0.2324003098958548,-0.9565732112767114,0.9001131428185495,0.9725358071780167,0.9108538160695947,-0.7591947790428433,-0.5399698924403528,-0.5049951384374743,0.6529831041864017,-0.9093407635704617,0.8327120301529349,-0.0263555632882228,0.9584013401723659,0.9793570762259516,0.9582084463902855,0.9696435264175174,-0.9842568439440985,-0.8616085609555632,-0.8869058538089377,0.9930190404653942,0.9738142319467722,0.37923175572265505,0.8348615213705356,0.9561891656356891,0.7930826640088147,-0.9287588797489822,-0.9095374181987184,-0.8639123692119988,-0.5912128430040634,0.2522401242579488,0.9035347989850202,0.9136816813058705,-0.9944568493820928,0.4686457754752196,-0.911804429045218,-0.9473410972113997,-0.7860596194363256,0.9718603848196119,-0.964303652834776,0.6976392772966323,0.6884570370576207,-0.9285361200632645,0.9860861526768971,-0.6700849538720383,-0.6773289927207131,0.2874401225827815,-0.16099225074355902,-0.35177653189684266,-0.9322600600613329,0.3174848969958268,-0.88977202494937,-0.946302790146767,0.9628711127967906,0.7682708396940034,-0.9870050973039016,0.04371366754984625,-0.9701339040488719,-0.9944823830435577,0.9404218377045838,-0.6478131146518445,0.5304991772552532
-0.5059992888858194,0.21356243923249013,0.8725655618942658,0.968469960702461,0.9604675751663243,0.5714855171701695,-0.6886141687644303,-0.9841741629978035,0.8688541577496096,-0.936312951413529,0.9520307453910977,-0.8989152112121208,0.9999999996709246,-0.9647936771973395,-0.8081063672609526,-0.953059503902538,-0.8845274812509337,0.30326836492593917,-0.9495842362006924,-0.9210453179866195,-0.9382725835299585,0.12779870268103863,-0.5705571582900331,-0.998895103186902,0.7747015834784541,-0.872670861775465,0.970820641755008,-0.855401141722115,0.658202945174956,0.9948314022136721,0.991825188810722,0.4260752413007003,0.4528524335487124,0.9887538617673313,0.8955571726212614,-0.6943346605731001,0.9451533503168855,0.6108473874452467,0.9305577129569274,-0.8304043400090917,-0.8541680648543183,-0.9868911603952578,-0.9801252828875368,-0.7207978480044945,0.934190046343283,-0.9099129231114262,-0.8351297273955598,0.9675987385176402,-0.25644785471684955,0.26201056827742003,0.9689051609543081,0.8757709480133578,-0.984003417523823,0.9949257706502123,-0.9050819528357773,-0.7552804213408627,-0.9241126187704434,0.07137873513982174,-0.9968727616816895,-0.9346109064068541,0.8229761660765315,0.5637173068171561,0.7644609292248262,-0.9270694246354122,0.09766217347851566,0.1589772536939797,0.986789319559531,-0.948615141117961,-0.9109708536513731,-0.9991272354858559,0.9675768656790309,0.8117212479414984,0.5311482489796181,-0.8608152611671559,0.9989242521272204,-0.5818035552906402,0.33924148715145996,-0.9680037761070884,-0.8102022123264491,-0.7820617250939349,-0.9586496196810997,0.8886465820555616,0.9888160497036184,0.9545897955336466,-0.9260865001598722,-0.9661606815466004,-0.7438132682463673,-0.9387766791804795,-0.903018111359202,-0.9792164117413056,0.9746133315006412,0.9731357531776,0.9968561636651313,0.8041998977134949,-0.5033119056600326,-0.6683948525272317,-0.7670324567407729,0.9309850352442297,-0.1813646863889948,0.8667290303240918,0.8340944873153435,0.9519727482673441,-0.9710624295224057,0.8545830905335894,-0.9286813575421852,-0.9093983079735634,0.9736440437252138,-0.8922067140139277,0.4095849259619485,0.9140338227974113,-0.6675830969863994,-0.2798019350197577,0.647022952255171,0.9962360198196049,0.11791277133226581,0.999511095300817,0.7184584582292994,-0.9770662311747838,-0.9676697094144647,0.9334048015416527,0.36978105287407387,0.858135985909683,0.9341152426223831,-0.7185788793236344,0.7354026987576461,-0.4530411748953344
0.44444837113932073,-0.12795308652631535,-0.9091715716962248,-0.8866297710999346,-0.9922317628404322,-0.48854205524337796,0.7701095769074205,0.9534517465179296,-0.8708699599062593,0.8674059663050521,-0.8573748455918525,0.7994697432831447,-0.9647936771973395,0.9999999979345515,0.6348728114840713,0.8399979452587755,0.8971371038341323,-0.3420565722332349,0.9775330026219157,0.7921040820622205,0.9618390579450813,0.1370626823931041,0.7138297265034071,0.9524155407561506,-0.6611520624677705,0.8039357402493332,-0.941914591818131,0.7038170124517897,-0.5007183061056456,-0.963193013797177,-0.9280848366213217,-0.18393123155633564,-0.5607494643275945,-0.9154344607420828,-0.7919612822254234,0.5737100379970819,-0.9483038913295345,-0.6277830025672226,-0.8658690431351154,0.705141335453592,0.80771886550311,0.9632274366749445,0.9520308108268418,0.5585121693250907,-0.9500346808617561,0.9603172479252994,0.8908608481029606,-0.9646396636148474,0.07687209796182491,-0.4115095089767444,-0.9407511133978518,-0.7445211894144357,0.9026149937651327,-0.9385583354711607,0.924307094205342,0.6109411397481307,0.826725208991815,0.13193836334233208,0.9531042266691376,0.8799137606411873,-0.70901465208886,-0.48257471349462966,-0.6248101983065671,0.8875515927356163,0.1511174844272919,-0.1874030232157339,-0.9341251603427876,0.9607313164701139,0.8704370531265145,0.965275012363076,-0.972775837763136,-0.7669100162415471,-0.3230403560201149,0.9625211031684859,-0.9642986520812868,0.3664775688925727,-0.5709022309836284,0.8713503865862727,0.7119791593530801,0.707871010146269,0.8582497478045811,-0.8286099902437817,-0.991068954995987,-0.9717137667884624,0.8531962857054525,0.8757537653431161,0.8165386621135513,0.8359844674178503,0.762436830009051,0.9671258992855569,-0.9598217079803609,-0.9719124503775678,-0.9758672566307349,-0.7149950964877863,0.4628369620042111,0.5621529509634648,0.740422466980612,-0.8438692621338109,0.20468996424852962,-0.7052661316332478,-0.8008336526454181,-0.8881196041769052,0.8860441152835669,-0.8055779883872297,0.9863135617860944,0.9848544624277573,-0.8796308348850678,0.8305971706982695,-0.16145899482549567,-0.954948137952545,0.7284009893760415,0.4380942967446304,-0.8074212565946667,-0.9514572050256555,-0.31171269808458973,-0.9668651607192827,-0.5666028617691402,0.9204389776898115,0.9810241281912887,-0.8718417745526759,-0.5651119545162461,-0.7122330605188006,-0.8357445306862675,0.5514620527338112,-0.8573281703198388,0.21401831977629568
0.6554218595681829,-0.5019561250778877,-0.638754861351571,-0.9148587110766233,-0.6606814740667237,-0.7355629917806733,0.2191081944804994,0.7538005074247376,-0.7229749476909928,0.8907482356612829,-0.8574510561975017,0.9360625938961845,-0.8081063672609526,0.6348728114840713,0.9999999990877648,0.9393117786561158,0.707307578089758,0.030922965855473085,0.6778858535285889,0.9734051952888026,0.6782160313220448,-0.6539066928816077,0.21119562568743644,0.833491866823966,-0.9057862958739451,0.8698589929128334,-0.8147816595039465,0.9776024438927232,-0.8950084041270383,-0.8159691616632488,-0.8726400852405068,-0.8700040384280451,0.035261889086214394,-0.8818033508781723,-0.9451040163400688,0.8783324902603639,-0.7408993981101493,-0.5491774013403031,-0.8817274492149461,0.9530330675801066,0.8154543653560146,0.8039711794702096,0.817249589323182,0.9559453027636862,-0.6976101959602969,0.5664751026884046,0.5765731315381136,-0.7560169442588779,0.4356625812851454,-0.010889393269621465,-0.8210860627751119,-0.9748213851798052,0.894445764343589,-0.8362845688851583,0.5537440025970597,0.7722684210677819,0.9343535112153909,-0.6054848209029051,0.8090580338010289,0.8621493572292594,-0.9297060163992364,-0.7244450550482883,-0.9445031821865942,0.8201133489038525,-0.6646087459251796,0.1134175873967441,-0.8621903020087288,0.7164803896351445,0.8299867621437621,0.811140748358821,-0.6599816822152349,-0.5807454153556078,-0.7400928284189358,0.41704419722701486,-0.8098092876981442,0.9405775531001646,0.2675213645728552,0.9298352757133717,0.8919389590590037,0.8353836359133024,0.9330358340627006,-0.8600813930370265,-0.7228247501603151,-0.7034073928033061,0.8940838575605304,0.9236995585744476,0.2815203986526747,0.8650687623404265,0.9817490322570138,0.7094920602748958,-0.7803768869608405,-0.750404596801059,-0.7638417023889849,-0.6816254950402862,0.38462597005830423,0.8113636636460962,0.7317295976654686,-0.9170446790663374,0.24376158241215412,-0.9791553860456297,-0.7807101537632443,-0.7826539038124604,0.9158271904443288,-0.8161393768868525,0.537507148153064,0.49378968334688,-0.9077883510229843,0.8653759311376986,-0.8578909523458974,-0.5646589473490901,0.25369094113181084,-0.24621981099981186,-0.088641494081745,-0.8414181211605394,0.44214254264208575,-0.7969776750734948,-0.9463057923809072,0.8770595662987478,0.6601079541345745,-0.8747945828887496,0.22875840049656143,-0.9722697867196638,-0.9404684250426032,0.9600522277677036,-0.3497226278757537,0.786104843967497
0.5376823578877634,-0.29830398948803866,-0.7565114550775884,-0.9791008123757231,-0.8406283173021614,-0.6214312657353634,0.5301497710724723,0.9322319531617502,-0.7937241033743769,0.9355955151461083,-0.975781102181805,0.9372819758819956,-0.953059503902538,0.8399979452587755,0.9393117786561158,0.9999999985670149,0.796091530704046,-0.2262593613587229,0.8358384616733122,0.9902398558664122,0.8294106285653053,-0.4220057220254686,0.3583691596839535,0.9650158155173475,-0.8408306334100224,0.8781957200275479,-0.920290292957776,0.9549503557499025,-0.7825612883082642,-0.9449669481060935,-0.9794985288129766,-0.6689567144599752,-0.28409330197887556,-0.9870499614135758,-0.939670929262063,0.7764616756085341,-0.8605999294094386,-0.5417863474946949,-0.9256307993556113,0.9050218907162135,0.835514278596568,0.9289628059355516,0.9283931310212638,0.8476275079402896,-0.8347444467494155,0.7697598535100593,0.7005523649481504,-0.8875430072095093,0.4364808856638578,-0.07090798126007675,-0.9191719122071185,-0.952360770067556,0.9915275818256097,-0.9720561120306986,0.8013346783194398,0.8527147926455176,0.9568195400795426,-0.3045313821444617,0.9593115740567562,0.9175937749001837,-0.8850750277575227,-0.6118789309764197,-0.8615162272871235,0.8921749143951642,-0.37910739188509995,-0.10768510795939247,-0.9620193522936359,0.8529092550105379,0.8805718571406037,0.9508150634183105,-0.8753695357693417,-0.7882829858894994,-0.7205750873124568,0.667631517532664,-0.9511806507386086,0.7806826621650709,-0.04065971503641307,0.9954229036719711,0.8548312122640289,0.8020842028395134,0.9904253646084086,-0.8827328905408516,-0.8993593425150465,-0.8523738472712806,0.9307646611703894,0.9863077320350863,0.5896445451298133,0.9736450130512578,0.9871577828039304,0.9061960985931515,-0.9070326213775713,-0.8903463490360431,-0.9330604386546957,-0.833767670836278,0.5100466428321123,0.7329494846361314,0.733786175782023,-0.9509932095606434,0.14197003034530686,-0.977063364801818,-0.8024160358790488,-0.9406946921612792,0.984620376849633,-0.8381957063242222,0.7806555376853042,0.7420862934875374,-0.9962785841497386,0.887888716879573,-0.6602426218023318,-0.7887990876792704,0.5371171351942453,0.07054542935648238,-0.4008754375094049,-0.9614367824684275,0.1198365890109033,-0.9491783718452109,-0.834893604809024,0.9593153759810361,0.8678376469387368,-0.9243466938226379,-0.1095597349350826,-0.9509685704016413,-0.9673742654968588,0.8508770751210432,-0.5326402067546699,0.6869934029525528
