1.0000000002253047,-0.9670936283895013,-0.9118866775726013,-0.7505369789077763,0.8890909212416853,-0.9532082095395286,-0.9961910247251814,-0.6709711315992375,-0.8579976981448731,-0.970499314411254,0.7889798959847838,-0.9715980220850168,-0.9761379476550048,0.9700004848866344,-0.9796120282492679,0.9077250012178124,-0.9859737109934064,-0.9226644153035493,0.9764922452686171,0.5345865071527807,-0.9726719873050631,0.8028471795585468,0.9870996845045289,0.9733340678432133,0.96420934122657,0.986406395297046,0.92596663316497,-0.7942298473306777,0.9245272490449846,0.9497606953358747,-0.9329521656610544,-0.9352235347751592,-0.9518942228283996,-0.9622783640614949,-0.9066688846224319,-0.9776897948732342,-0.948121510089598,-0.7918869109509781,0.9300331503760159,-0.9772249490416138,0.9915579071970941,0.9632166550870828,0.7612757677076962,0.9539131489124855,0.7257322323619986,0.9535069204978152,0.9728874538632939,0.9426587426475461,0.9392031793609512,-0.9729812942486794,0.9795040833914016,0.8758089218111466,0.9648612613536196,-0.7342201282224514,-0.9861642588721347,0.9706862714107385,0.8568757768707311,0.9331359520989696,-0.5645908026839261,0.9158905687284016,-0.9964641063551288,0.9612216642824644,0.958993037862462,-0.9468154131569113,0.9611090001521753,0.92019699983515,0.9547741765413413,-0.39258679331223517,-0.9742764906920894,-0.745380472764467,0.9258453866546165,0.9119935298866535,0.8657498827044693,0.851042709800684,0.907281707198149,-0.9658694756203633,0.9357164995514449,-0.9630311729832319,-0.8091084276899737,-0.9423362064840506,-0.9291424230226981,0.9532357894455368,-0.9612091242653197,0.9755541076429273,0.9654333518999332,0.9454926196919532,0.9595177436708292,-0.9581311232379279,-0.9107677225179645,0.9212891804625363,0.8939271101755276,-0.9305178728826033,0.9590225663538369,0.9557933344012154,-0.9527602456550022,-0.9625765816700977,0.9618480181032104,-0.7343659845454661,-0.947276170503052,0.9318498567436792,-0.8602252528644622,-0.873821003114585,-0.949330388008411,-0.8481558233257903,-0.9429242956175979,-0.9814616464930186,-0.952681515438724,0.9751389670716746,0.8459927567699382,0.949309297353266,-0.8373023705965884,0.9745764958158162,0.9734443055604001,-0.9246455683559003,-0.9078142672453025,-0.34213550128590203,-0.9140416567098477,0.5132493832596016,-0.8050133329879152,0.977310111972121,-0.9370193194070348,-0.9660353235142028,0.7864422597454678,-0.9927160156551735,-0.16974441262512874,0.9289391819782998
-0.9670936283895013,0.9999999996752802,0.8925847901711869,0.5646533618136284,-0.9439969361995619,0.9148033008577128,0.945375693222753,0.7867093860102394,0.9244841774987339,0.979146274211328,-0.8339648981511742,0.9908150228227451,0.9987866360452494,-0.9862617758073575,0.9680827059760021,-0.963526525670087,0.9393228419860131,0.9633375015436157,-0.9660280180585116,-0.5998641137593221,0.9899523706824591,-0.6888922146514893,-0.9842816852740237,-0.9862821775027276,-0.9076499805609545,-0.9780112100006817,-0.8981963835157925,0.8482233780005337,-0.9334881910331253,-0.9792729555827526,0.9758114565480337,0.9514279131948746,0.9711154707198004,0.9948348017329337,0.9760551962892404,0.9963792268481665,0.9740020160923274,0.8824367225083233,-0.9759808992321275,0.9870804070705572,-0.9542167796292612,-0.976128091387954,-0.8738654427790046,-0.9806054564318766,-0.8493974006113931,-0.9926167120751859,-0.9828685750142012,-0.9672547811677457,-0.974004860329878,0.9736814697704872,-0.9870647626552169,-0.9455501712733747,-0.9989193363355778,0.708884184340008,0.9787187210853306,-0.9554048347498054,-0.8899149819796862,-0.8933168110858785,0.739547314442179,-0.9639296173639392,0.9720502126642325,-0.9875542013334447,-0.9925085160220204,0.9462109448863054,-0.9744273251314898,-0.9674911975580414,-0.9839797957769201,0.2525330792868931,0.9413380933008446,0.81587694853411,-0.9483727382502846,-0.9627547740241253,-0.8521712362174328,-0.7894892050007027,-0.8557931790766966,0.9700989546877988,-0.9700602320098202,0.9746588505750307,0.756301753224332,0.9158896238104541,0.98734869293007,-0.9745163881493751,0.9646253555900406,-0.9857135167922025,-0.9949669234089376,-0.9803828059774341,-0.9938599410987917,0.9723844785349376,0.9010842296529729,-0.8640241806497233,-0.9752912363547854,0.9783927109024132,-0.9355454802883106,-0.9930014998157285,0.9686684234914084,0.9759835662199172,-0.9596488327846975,0.6926145473115772,0.931297106276287,-0.9623321660300038,0.9554179375039349,0.9458225579731164,0.9742029870256631,0.8814819545792847,0.9662112661382533,0.9478813222149562,0.966286464165979,-0.9800328334298799,-0.9182987464174255,-0.9490733361648233,0.944012993172506,-0.9245338164229319,-0.9811614694571625,0.9288941515246466,0.9508614443913329,0.43992519665036295,0.9692441090614259,-0.6651915694882969,0.886783376982305,-0.9788389417967471,0.9666419621153828,0.985559420470604,-0.9015316921259144,0.9840556469797901,0.35193741484541297,-0.9784263232522292
-0.9118866775726013,0.8925847901711869,1.0000000008882224,0.5838433399057456,-0.9174194021624787,0.9774569429837114,0.9218647353407469,0.45425752363322686,0.8608611515107052,0.9324277706244718,-0.8186250844333223,0.9240320666826428,0.9096963494894724,-0.953638518381389,0.9635056670051826,-0.8492394508653386,0.9332870021938667,0.9291465811527231,-0.9593286468411139,-0.6818949815635768,0.9165748631001802,-0.5406662402783193,-0.9243129502468953,-0.9413589960989174,-0.9447227930645478,-0.9356847618100477,-0.9877494883980765,0.8828758584302743,-0.8838514512453578,-0.941557336831315,0.9048349987624269,0.969805974624798,0.9512650778702476,0.9256422855584511,0.8680367664555271,0.9104343076547265,0.9120363858863216,0.8387203526613323,-0.9300931213386661,0.9428509361716012,-0.9480127593927072,-0.895712175295648,-0.8000263675712296,-0.9156673457212685,-0.6687182935279595,-0.899794853259713,-0.9435630167886934,-0.9487208584920415,-0.9171402311505349,0.9447324492710005,-0.8835287586339293,-0.9120595279598009,-0.8721872421972355,0.3928896643419893,0.9122125569807914,-0.9779433515465543,-0.9528814846826003,-0.9942723573750721,0.5558842771377548,-0.9363587192574025,0.8988038246844477,-0.9258750785978191,-0.9198320141615087,0.9595756349738651,-0.9099534386915236,-0.9130581244432633,-0.9293098669529449,0.6495802301858398,0.971111716215636,0.87508333398536,-0.9418474658542954,-0.9128357448653343,-0.9872152507094355,-0.8979624967142916,-0.9826862790100123,0.9617347813225384,-0.8768980700598157,0.955210058581382,0.9042018149395117,0.9566201312703752,0.8387847795795612,-0.9435925461454998,0.9489787562708378,-0.8540964862995553,-0.9179234385381909,-0.8932704461529956,-0.9102708400654711,0.8636576748215253,0.9828911937818493,-0.9825993900325257,-0.8107793263108347,0.8386271012921663,-0.9307744430360115,-0.911510080248027,0.9554578236762533,0.9394069831658278,-0.9602094443307894,0.9306639969212183,0.8275855867080536,-0.9663436422556136,0.7424177988025145,0.832965504889321,0.9591523322223146,0.9551922165466235,0.9610724058790963,0.9195847130409915,0.9388794083714819,-0.9577120093279993,-0.8970933062344829,-0.9768438319984293,0.8316995731424448,-0.9514946835655608,-0.9515366083205097,0.939057153199698,0.8751793847062638,0.45244278414221734,0.8895265955245177,-0.4892128785022911,0.8652543737437742,-0.9190741605012795,0.9426132973694219,0.9312022587527539,-0.7443083061922761,0.8873639347443291,0.3730067789547378,-0.9373865840521578
-0.7505369789077763,0.5646533618136284,0.5838433399057456,1.0000000006962624,-0.4054748203382302,0.6775089063552481,0.786862606070739,0.2278782425386783,0.3641489940446573,0.6016631966678413,-0.351272370552865,0.5835192533990377,0.5921994345769711,-0.5823773136991789,0.6498439708233059,-0.4520853091160303,0.7526511412105965,0.4723057529098541,-0.6440885430370442,-0.08232330708912142,0.591884904186654,-0.9102048002721604,-0.6534345867199105,-0.5933217468515241,-0.7456605365785723,-0.6606347773319197,-0.6177538046445492,0.3129967622917868,-0.5635494784371481,-0.5262721494721366,0.48894154008035945,0.5294230697997897,0.5480841398548524,0.5434909081481398,0.4148757315624374,0.6054807907703823,0.5422480248593076,0.24437159072296769,-0.4703321264793943,0.6051468385449167,-0.7327591093453883,-0.5972081547420756,-0.1769433565719067,-0.5465040040604175,-0.16644985965108178,-0.5263234943938783,-0.5982533174327468,-0.5255412849034038,-0.5095706857416524,0.6184667111503334,-0.6371798428890039,-0.3606458136426409,-0.5689477604127338,0.6740388124664218,0.6673250400340609,-0.6436156777788299,-0.4076086047081901,-0.6565192562576972,-0.0783340454700463,-0.44646662502833917,0.7283625261121025,-0.5533492658560814,-0.5379439498802938,0.5841237896302409,-0.5876311671420318,-0.4605448114683014,-0.537396112199472,0.4776708112009952,0.6917438081676012,0.22630619852870235,-0.5120116848428217,-0.44318684702683747,-0.5192436954874492,-0.6455091981450298,-0.6575658950987707,0.5961595438076286,-0.5222372610311252,0.5779066475419865,0.5765741358950297,0.6411599269704997,0.4810839455792693,-0.547628634774232,0.5957817281659162,-0.6407693207956419,-0.5560817376404538,-0.5267010192013145,-0.5405013295577448,0.6018822941157208,0.5580989051764511,-0.6985893257553774,-0.40055433173817506,0.5226274928750906,-0.6628179465619514,-0.5289936330511601,0.5552204796786163,0.5782676239663624,-0.6059312668197272,0.4680971661792918,0.7054708828419665,-0.49604457465871815,0.3641829753900674,0.38225588875694255,0.5310482391743887,0.39715786561274574,0.5255141106999615,0.7196402496240134,0.5654844468740444,-0.6086924227731186,-0.32504900937867015,-0.5817846411235778,0.26926161439377116,-0.7400439420958911,-0.6016191455340593,0.5535852564002214,0.4692813285579356,-0.10846351034723875,0.4447690327233371,0.004729491685703623,0.26890779246121294,-0.6318454467094077,0.5094846221771542,0.5724228767007731,-0.25129803962147,0.6923308872081684,-0.3996775400189535,-0.4611946700044745
0.8890909212416853,-0.9439969361995619,-0.9174194021624787,-0.4054748203382302,1.0000000002426637,-0.9294227750399487,-0.8645901662746605,-0.72983050501104,-0.9911111975780041,-0.9714918877892867,0.9533144400605901,-0.9691657781324383,-0.9422465511174574,0.9528102881243974,-0.9534424012546102,0.977488177945981,-0.9069604390737256,-0.9968078934082694,0.9584048799021224,0.8249583641752769,-0.9665126567235507,0.4526878822765999,0.9487287788566618,0.9699272217903806,0.9029221580217608,0.9501683383209698,0.9373831105163505,-0.9745437828727823,0.9666862202727482,0.9870086631073779,-0.9899136659321497,-0.9842558334874204,-0.9854511710668967,-0.9694125659560034,-0.9817195921166008,-0.9281946363017506,-0.9834933981837574,-0.9815226998253187,0.9925518568804158,-0.9650537070183933,0.9151052798136977,0.9644625755024109,0.9667392610346637,0.9819594508382696,0.9083133528020993,0.97388125857083,0.970791841952196,0.9899066987056752,0.9901486104240195,-0.9681111455244559,0.9401019507198541,0.9965701648902342,0.9311973285811077,-0.508363066414673,-0.9432095681208994,0.9501207734106668,0.981267635159794,0.9084318017248769,-0.8289884345229429,0.9962046371878278,-0.9064812672516768,0.9787660363833675,0.9758539605498938,-0.975883230353408,0.9720440062213691,0.9958518148198834,0.9838430821067183,-0.33577889125694954,-0.9327577766634374,-0.9596751192398966,0.9917411443556245,0.9975781306724802,0.9275317723488645,0.8722670179545343,0.8965688144600732,-0.9727051160598498,0.9767618115765871,-0.9777465174954147,-0.8683666309935595,-0.9494684447994841,-0.9524568661614936,0.9856426615489832,-0.9756800354938985,0.9205424661913624,0.969458864935049,0.9796225463672193,0.9728344968520428,-0.9496989647732177,-0.9577680872214605,0.8433067993097499,0.9461402082029031,-0.874980269713194,0.9481813540049949,0.9755355074176727,-0.9838981283631844,-0.979002494627675,0.9716188313907708,-0.819869139770436,-0.7743251071659663,0.9841140258201673,-0.897612444000918,-0.9799767614235375,-0.9830499042780945,-0.9764153345886657,-0.9865924612727149,-0.9247533713173355,-0.9830502515233002,0.9647636540462671,0.9960857010459574,0.9716164439293571,-0.9639840237746174,0.9102702440490689,0.9691088502688703,-0.9787155527351917,-0.9862455370132539,-0.6859637692858956,-0.9917994839053761,0.5523144198063581,-0.986994402856844,0.9594866128077677,-0.9926103476205399,-0.9763853705330963,0.8245852881525092,-0.9132096865792091,-0.3968066616436122,0.9837514352477381
-0.9532082095395286,0.9148033008577128,0.9774569429837114,0.6775089063552481,-0.9294227750399487,1.0000000011339658,0.9580803531431761,0.5401327130519822,0.8924982462546801,0.9680971104089613,-0.8708688191800443,0.9538867012702614,0.9297293977881149,-0.9555914760533646,0.9868189811296482,-0.8950006808709083,0.9831129616147929,0.9477238793200411,-0.9873201083162727,-0.7072601273252931,0.9518950880763966,-0.6282221729863355,-0.963932879263965,-0.9659544598508277,-0.9919015963932543,-0.9737023646626728,-0.9955177124920928,0.8956942872738533,-0.9458556124961385,-0.9585883668952154,0.9346538381125451,0.9772946586298173,0.9707885302286535,0.940805666780624,0.8901868792061349,0.925174032146436,0.9506434125060524,0.8507082262017894,-0.9408724695273515,0.9667103807238251,-0.9841891463908186,-0.9475949397009956,-0.8055334661456867,-0.9505156863723081,-0.7147113052562512,-0.9284858871398131,-0.9700165234424042,-0.9667785967199881,-0.9469582870968647,0.97772030479746,-0.9352166788514558,-0.9101047064744129,-0.8992049720545167,0.525364141553899,0.9611575276032885,-0.9921007334541978,-0.9472062347663892,-0.9917936997043431,0.5668989665082796,-0.9418584117343839,0.9514557981434477,-0.9526552643149995,-0.9418114676591582,0.9862024399037306,-0.9561542763690748,-0.935513923229244,-0.9535473619954012,0.5795631298113793,0.9966015981574377,0.8638560630159685,-0.9663732175610394,-0.9324605402079458,-0.9703300680433067,-0.9535562225100292,-0.9899402928352216,0.9818186376524567,-0.9263057887931349,0.9755216456365651,0.9410101082503022,0.9935180543139561,0.875650925137889,-0.966648717882461,0.9801168302674933,-0.9110595115181418,-0.9416455609112978,-0.9334570974081995,-0.9362124443729146,0.9267374518598199,0.9878786768566474,-0.9635151927412648,-0.8375866563731408,0.8374604548642639,-0.9832512804303735,-0.9351825187333617,0.9744065327634835,0.9696473221191658,-0.9865647862096457,0.9019060460896073,0.8346903545856744,-0.9619952519126306,0.7699035699083222,0.8729172329697065,0.966032969799501,0.9438784710278648,0.9698293481802748,0.9768951306159954,0.9709739154811281,-0.9757666272734192,-0.900149068891455,-0.9887432162186482,0.825782691255508,-0.9931349532547772,-0.9736798973573803,0.9750245423343588,0.9208702546509597,0.5017230920872431,0.917508657584426,-0.3918109833223732,0.8719647432424433,-0.963966238958497,0.9612169309416558,0.9598352014768535,-0.6994098031042412,0.9365050309039818,0.2004051835100766,-0.9341193035195763
-0.9961910247251814,0.945375693222753,0.9218647353407469,0.786862606070739,-0.8645901662746605,0.9580803531431761,0.9999999984921569,0.6045834885611617,0.8246732812587647,0.9548477251157231,-0.7592432704307045,0.9534174375749989,0.9585746339787043,-0.9597910812087264,0.974112347044612,-0.8733994056054727,0.9857780889455039,0.9009824715594641,-0.9695616167318041,-0.5074205271288504,0.9537412103207813,-0.8135912068031516,-0.9739131642977716,-0.9588169225195768,-0.9688050244331533,-0.9757564223329206,-0.9314134235088495,0.7715076941316384,-0.9029577329044882,-0.9318479366853845,0.9072128164208224,0.9249995107868972,0.9371100792177477,0.9430899416831089,0.8734170629413242,0.9626579533562543,0.9260120039472635,0.7559065669812562,-0.908129578651645,0.9638715329806663,-0.9914086381461058,-0.9418515000034399,-0.7191260763487125,-0.9323030156062143,-0.6687668550071408,-0.928689514404912,-0.9590299358960781,-0.9265345048287716,-0.9163387553504277,0.9608647294568781,-0.9593569772134084,-0.8495726443373369,-0.9412904948736763,0.7029626057749053,0.9722347210816864,-0.9690695470137992,-0.8454363448596842,-0.944993969793203,0.4995266041883925,-0.8949447795824128,0.9869931155421082,-0.9415861405287516,-0.9378975971944081,0.9375510920767461,-0.9412379001473986,-0.8950854670967946,-0.9349578614145868,0.4604114150522978,0.9759434035432738,0.7234629063334698,-0.9092510219568207,-0.8865289624613374,-0.8733711842279838,-0.857307375986951,-0.9213622616889855,0.9559855811263231,-0.9078302961546589,0.9504850050180284,0.8177832763148944,0.9396932385885438,0.8952370136534907,-0.9367515911772358,0.9489604087779386,-0.9528017062531191,-0.9451127927228635,-0.9195978877854545,-0.9370299464012246,0.9332306501621104,0.9108999554794431,-0.9429401934031076,-0.85461717546508,0.9087006659616048,-0.950883037264359,-0.9329510646673105,0.9393117892149528,0.9468582124211093,-0.9528293709384614,0.7564516411905253,0.944900271097069,-0.919395042405814,0.815407897808883,0.8357405730518561,0.9356833651673406,0.8381556060678851,0.9296007571040122,0.9749078313053823,0.936713794051474,-0.9651661231294952,-0.8181760365775156,-0.9435397009510794,0.7985139544878962,-0.9780628442448518,-0.9614913715118872,0.9117294187136625,0.878436285295552,0.2983771911994561,0.8846224069891322,-0.48042005056359527,0.7734726192587722,-0.9615747087816353,0.9190557740694806,0.9483154294597654,-0.7529886630468803,0.9784712855954124,0.1496188012118388,-0.909166473138666
-0.6709711315992375,0.7867093860102394,0.45425752363322686,0.2278782425386783,-0.72983050501104,0.5401327130519822,0.6045834885611617,1.00000000243661,0.7882253057834432,0.7307961644061507,-0.7104371774172314,0.7539531812551553,0.757175710703539,-0.6802175771266538,0.6497644805785625,-0.845273304544884,0.6237568470828357,0.7350019409993517,-0.6595505419072699,-0.49836016815172085,0.763214018619894,-0.4889520675738287,-0.7290977645195732,-0.7214568031044518,-0.5628451610082673,-0.7051243067857316,-0.5072812717842249,0.639783445541358,-0.7506829558490262,-0.7263458743737196,0.7838069746847399,0.6440510225627004,0.7009261052857095,0.7524217117099173,0.8295274856587306,0.738323225377161,0.767271758206323,0.7548157421217087,-0.7429127152800058,0.7153969907560017,-0.6236586816778514,-0.7804532310883019,-0.7866524705330001,-0.7674227461971053,-0.9109168981841483,-0.7967431108570473,-0.7152789274499076,-0.7037456374342994,-0.7632767399151716,0.7015632798052375,-0.7893297982312318,-0.7324972857184138,-0.8054359336628465,0.8015475469673535,0.7379763790730085,-0.6065690293297332,-0.5868541279726467,-0.461205134475695,0.8601356174496615,-0.7204841920492858,0.7164551849727082,-0.7552799674039962,-0.7663487964867346,0.6507344774937492,-0.7623897406295781,-0.7645820700187503,-0.7497259737324176,-0.37017455651828607,0.5864593969781027,0.5905169146275949,-0.6943813083608027,-0.7598584728115715,-0.4347355372353122,-0.46086561613908245,-0.4239761229726105,0.6720908500761389,-0.8121126353907568,0.6923513370124755,0.4012988466369491,0.5958884404354471,0.8642864626080589,-0.7178877608812966,0.6905617031646423,-0.8150977261507506,-0.7667532398297079,-0.8002166669790154,-0.7807261001026722,0.8134594257148081,0.5365169392314243,-0.37646171576294407,-0.882639851612338,0.7694427287466435,-0.6624163979673083,-0.7796758880848044,0.6899650209998858,0.7218582476696117,-0.6622941944821091,0.21796561862152763,0.6356262881582132,-0.6591315492379355,0.9155113914409924,0.8485252572453378,0.6869090100203957,0.5667447182481947,0.6780284255704427,0.6738771661352774,0.7150235666893646,-0.6823555252195849,-0.7223647425430035,-0.6199593286375591,0.8197093668967382,-0.5788015226562558,-0.6983255148264407,0.6656165721795396,0.7988092401753508,0.5223103592701178,0.7999639347498643,-0.5765878999357811,0.7238610945654664,-0.7419218512751435,0.7148817287581477,0.7431031411159714,-0.7561939109244187,0.7538005241158181,0.1961473342890182,-0.7225638649797119
-0.8579976981448731,0.9244841774987339,0.8608611515107052,0.3641489940446573,-0.9911111975780041,0.8924982462546801,0.8246732812587647,0.7882253057834432,1.0000000003110876,0.9554729809713649,-0.9742901384042945,0.9519738594728434,0.91773552717578,-0.9167156759354728,0.9225911539883237,-0.9865179314188781,0.8801641995339302,0.9847517546345783,-0.9313489503398695,-0.8526420785641503,0.9519502822998809,-0.4233889797771318,-0.9291679298604376,-0.9477435363273419,-0.8739406737876335,-0.928351353157189,-0.8972572863635737,0.9740839490428843,-0.971506468076883,-0.9677886282247535,0.9839245605918142,0.9570429169640481,0.9648468302307697,0.9474620976898961,0.9799125722218942,0.8983796097410695,0.9766989529624256,0.9905145439649403,-0.9759869170961598,0.9409324203456779,-0.8821266475562602,-0.9599134022715184,-0.979553113789623,-0.9723533257045404,-0.9491750756719217,-0.963165101780366,-0.94910395574534,-0.9709743376307768,-0.9814822866105741,0.9479460031169407,-0.9309296439260837,-0.9839409798755161,-0.9144103757149431,0.5398974908144268,0.9280221571477292,-0.9133411195861937,-0.9579952453097202,-0.8563908564379878,0.872859045578281,-0.9785611259576861,0.8859982760852267,-0.9631188120188547,-0.9591061425419102,0.9545819444606872,-0.9647459549034856,-0.9880840374247125,-0.9683153036602281,0.23686289129855462,0.8971004066973067,0.9525806029019084,-0.9781277405147156,-0.9898782060817574,-0.8812719691318134,-0.8569524432641688,-0.849524741774269,0.9464316163741476,-0.9796885046407248,0.95409324721451,0.8476648475041433,0.926824471204454,0.9528706469976451,-0.9676300650170682,0.9567195202559545,-0.9145257069813766,-0.9517335326264087,-0.9761369607282434,-0.9585202845702876,0.9520692690653962,0.9233079020138238,-0.7737820007479245,-0.9494199812405997,0.8443178102569274,-0.9341810305130287,-0.9610862127581984,0.9619111262682759,0.9620888544052153,-0.9479487688343804,0.7659761173620174,0.7247343892041539,-0.9535231350417624,0.9053393935322109,0.9931391198261144,0.9561514613451034,0.9503135751662575,0.9613248412005945,0.907469852985155,0.9685952902050515,-0.9359716724470937,-0.9902395230756538,-0.940752634574606,0.9602676044884477,-0.8788939726401386,-0.944009816684077,0.9668864541513476,0.9925063522023682,0.7480253183479229,0.9898591702778824,-0.5115012158034051,0.9894653468316168,-0.9459584921345479,0.9760366466342654,0.9595190606786504,-0.795555369873055,0.8953473956055498,0.34270341939456195,-0.9589448447826717
-0.970499314411254,0.979146274211328,0.9324277706244718,0.6016631966678413,-0.9714918877892867,0.9680971104089613,0.9548477251157231,0.7307961644061507,0.9554729809713649,1.0000000007285295,-0.9075260369455397,0.9975354431874268,0.982405390598607,-0.982235466790107,0.9926106783150834,-0.9740931835113934,0.9764119478154287,0.987190738554717,-0.9948312602141801,-0.7117371741926839,0.9977180568988471,-0.6475967776555376,-0.9962238533951631,-0.9980287433211777,-0.964058633629273,-0.9966668340122642,-0.9565488785418037,0.9136230081200484,-0.9812836345091801,-0.9944333195105234,0.9901873976388595,0.9849378385436006,0.9955389284992203,0.9898133620806636,0.970644341272076,0.9743773909218362,0.9961519670610599,0.9145129032691125,-0.9864013187433818,0.9970933748177834,-0.9804056493294947,-0.9956952136174516,-0.8897269783436235,-0.9971801550289735,-0.8479948049143277,-0.9906326111323096,-0.9988204865726176,-0.9932255494690447,-0.9935970020255624,0.9991050928616365,-0.9897580031839737,-0.9599488260519025,-0.971823770469543,0.6517527977767237,0.9947653815805373,-0.9849963365292259,-0.9436721084284282,-0.9421622035361986,0.7196591154191491,-0.9807774481912519,0.980459795437897,-0.9971806325132507,-0.9932163542240264,0.9901960692486699,-0.9978343213727076,-0.9859602881898054,-0.9964117922433434,0.3626815089226138,0.9800097598597889,0.8771637191219607,-0.9878768418143389,-0.9824136298309757,-0.9176524131865628,-0.8965262598466512,-0.9260650698149607,0.9956749057954585,-0.9883730270827565,0.9968796762551758,0.8708360355279359,0.9765922441276504,0.9680463460531505,-0.9968646078371848,0.9974224932811829,-0.9778711344022614,-0.9931375512715258,-0.9926389109459751,-0.9925074074236743,0.9872107316669247,0.9595462730345038,-0.8976937024678046,-0.945125642830065,0.918156533763142,-0.9865105758303224,-0.9917158138325484,0.9951144683215017,0.9992540015813405,-0.9947642237365862,0.7955902207270883,0.8741306791928948,-0.9802614336499844,0.9017853473192393,0.9579019090206579,0.9902287694225587,0.935793014437097,0.9897098097638429,0.9851635502942069,0.997317101369666,-0.9950605356863442,-0.9467824818564937,-0.9860179244360342,0.9212940530335075,-0.971554567752232,-0.9973896059880436,0.9831665839975946,0.9796590982944032,0.5480252620069044,0.981552599563406,-0.5202835004641279,0.9230267394472204,-0.9985773850940031,0.9920036074284411,0.9987645365325546,-0.8114296539356158,0.9810441954925233,0.2580699259468437,-0.9780017458041731
0.7889798959847838,-0.8339648981511742,-0.8186250844333223,-0.351272370552865,0.9533144400605901,-0.8708688191800443,-0.7592432704307045,-0.7104371774172314,-0.9742901384042945,-0.9075260369455397,1.0000000008106087,-0.8892510721441252,-0.8295404438958824,0.8358329591405513,-0.8727146346196737,0.9397147114946524,-0.8466824096623551,-0.9413786072411929,0.8872654290214105,0.9309006216518634,-0.8914968176280134,0.3329080322227669,0.8713356234374683,0.8879472978872593,0.8597800842255604,0.8763361326793617,0.8796137499043777,-0.9813975766393445,0.9608824608026353,0.9124383279346272,-0.9335840614349059,-0.917369992768022,-0.9183476106255659,-0.8709751064609768,-0.9121287214501723,-0.8028185212241775,-0.9338926633205173,-0.9677095360490303,0.9170975345209331,-0.8786918788635423,0.8344846149275369,0.9159656377448949,0.9431581873981874,0.9226441200458692,0.9103927606169623,0.8944951452446537,0.893761308487322,0.9267445480207139,0.9351732136161266,-0.9029863664635934,0.86862681181511,0.931676310812791,0.8193103304246204,-0.4579874145862816,-0.8764709097215746,0.8664282708029164,0.9422724366843206,0.8251791091312964,-0.8233122525695271,0.9258704032667001,-0.825857787888793,0.9037885930648047,0.8904224069170581,-0.9281860787878492,0.9232453296519618,0.9411458256393442,0.9117924222121884,-0.28423348352255207,-0.8605797646764206,-0.9545503218825271,0.9501555479200762,0.9442671971221669,0.8699257380106127,0.9036412737898651,0.8432391018329491,-0.8989851808304735,0.9376409068278657,-0.9041814092444189,-0.9007114203091299,-0.9180985956768566,-0.8727473028648138,0.9200830888722201,-0.9196651626769987,0.84379434911651,0.8802102615668901,0.9249011586550552,0.8888947824242247,-0.9069835006004585,-0.9075811555580764,0.72286411607871,0.8604614152762449,-0.7128479374589293,0.918937741434934,0.8914279146505403,-0.9169329207064105,-0.9160474841113496,0.9114235970107577,-0.7968875465013429,-0.5924716302428004,0.8966662638080624,-0.7972361545262275,-0.9501958374870587,-0.8986159843227052,-0.9343462854819851,-0.9120444442986166,-0.8775148615159377,-0.9314990765896446,0.8769052405296334,0.9557761843960174,0.9032968395293804,-0.8762737615641156,0.8536498619590298,0.8875681772442736,-0.9552710689714088,-0.9626670936918938,-0.8469935828474792,-0.9394292070397844,0.3123445992497881,-0.9676297573506446,0.8983217612826461,-0.9321802727804803,-0.9033167387617198,0.6395606703241472,-0.8244913570822068,-0.20356138379522415,0.8859618060518488
-0.9715980220850168,0.9908150228227451,0.9240320666826428,0.5835192533990377,-0.9691657781324383,0.9538867012702614,0.9534174375749989,0.7539531812551553,0.9519738594728434,0.9975354431874268,-0.8892510721441252,1.0000000003405138,0.9923532427654602,-0.9885144228475332,0.9884804466429332,-0.9762920814527648,0.9663266531498987,0.9853671113407714,-0.9893121842418567,-0.6820632114112526,0.9996562210353341,-0.6569429715286915,-0.9959809243152511,-0.9988133876047987,-0.9475853218820517,-0.9941593119134785,-0.9414670333613888,0.8991845225873664,-0.9697453774339292,-0.9949541150679224,0.9911480565160616,0.9794157763375781,0.9927273624993558,0.9967549196210546,0.9788753034475128,0.9860094048000256,0.9938608782924817,0.9118762421217875,-0.98914001958583,0.9983114193343596,-0.9744084180065028,-0.9933959407399614,-0.8930246023044494,-0.9967479459618113,-0.8559560614439312,-0.9965686587330366,-0.9981422699954916,-0.9901632463197151,-0.9926394873492334,0.9949702513959701,-0.9924816216409479,-0.9625439321331243,-0.9853341563197997,0.6684084348833882,0.9928421966668314,-0.9793254555772121,-0.9326183739279091,-0.9297495433712499,0.735585707871242,-0.9816944359958126,0.9801084410403477,-0.9990856167213001,-0.9982678272833465,0.9803429301503298,-0.9944982437867441,-0.9859709790299273,-0.9976102883736502,0.3262875117235737,0.9705454689155868,0.8650380817500252,-0.9803477145197348,-0.9822377492358723,-0.9012991300483425,-0.8636021924861697,-0.9062344298221217,0.9919148288673416,-0.9873142269203885,0.994448782906226,0.8362386730215688,0.9602394775194131,0.9798140007256646,-0.9947015682510149,0.9911331752881413,-0.983796454299801,-0.9987841647604633,-0.9937209954414069,-0.9981360706782767,0.9861382768291029,0.9452054943823209,-0.8895191144580956,-0.9612973753074938,0.9429289265563882,-0.972983124791823,-0.9974835223521329,0.9915573803794695,0.9963435386457019,-0.9876370121599315,0.7662085677334278,0.8950959308989959,-0.9803937427260554,0.925580764318001,0.9603165258923725,0.9905199025486885,0.924674142387794,0.987568058972699,0.9753860933281783,0.9919470871465865,-0.9946534089058946,-0.9449161824264384,-0.9786955370600607,0.9367819362906722,-0.9584172829572307,-0.9966325747830342,0.970048584878869,0.9757199877490974,0.519477329235352,0.9836359065361661,-0.5758642155971526,0.9189170432390906,-0.9959629600984069,0.9893061562429721,0.9992574331458464,-0.8486248089211619,0.9849386015007074,0.29950330696448496,-0.9845423231516064
-0.9761379476550048,0.9987866360452494,0.9096963494894724,0.5921994345769711,-0.9422465511174574,0.9297293977881149,0.9585746339787043,0.757175710703539,0.91773552717578,0.982405390598607,-0.8295404438958824,0.9923532427654602,1.000000000075772,-0.9918249348100778,0.9769472300918776,-0.955965909932421,0.9511497709726622,0.963226909294759,-0.974216246980733,-0.5954979481170185,0.9910929631108931,-0.7011737462877757,-0.9886508994954964,-0.9899624469549878,-0.9224020288753012,-0.9839321916342127,-0.9134436631352497,0.8476202810148261,-0.9338212395959357,-0.9811315496175104,0.9732735540548748,0.9578300010206446,0.9749081048526974,0.9954974715339033,0.9687366657930739,0.9987795750430936,0.9736857178256791,0.8738150695396091,-0.9754578512644062,0.9913534970566438,-0.9658995403470965,-0.9761356478795811,-0.8612188386171643,-0.9804599208661814,-0.8276648857802669,-0.9902333659079311,-0.987010068815085,-0.9703199363671103,-0.9732029916742875,0.9789812175502243,-0.9873037874962229,-0.9424487977551117,-0.9964566921215456,0.6976679206816135,0.9827360034750051,-0.9664467959497297,-0.8956434953181591,-0.911736712899113,0.7115405517998422,-0.9640200113181338,0.9781824298149059,-0.9883570336769768,-0.9922746990193514,0.9533979336117969,-0.9753765583006806,-0.9653536146282731,-0.98474058768621,0.29657385541977704,0.9543095538267891,0.8152507672032953,-0.9514039484835511,-0.9604133244828564,-0.8683699089938457,-0.8054839896971467,-0.8757056991983697,0.9766144564880322,-0.9663716759144108,0.9796486970476975,0.7735265439963901,0.9269143494098329,0.9793086730470315,-0.9773365589408999,0.9699985715444951,-0.9841408943366019,-0.9950996992170503,-0.977722457528666,-0.992799195047045,0.970224714771702,0.9134481913042256,-0.8870193199344294,-0.9637922937452389,0.9756003454324574,-0.9434166039106666,-0.9917420658667055,0.9732368762904551,0.9792600583418557,-0.9668289305007114,0.7162193023320608,0.9387523016457806,-0.9671311905173533,0.9398727275796243,0.936053004867568,0.978398363774882,0.8879345861075243,0.9707397947991777,0.9563001344908204,0.969571022990402,-0.986264030873884,-0.9144775040514195,-0.9580073761214313,0.9327497016587816,-0.9385645799321854,-0.9863485315410397,0.9342001877200152,0.9464891068529752,0.424421865863123,0.9645395055716411,-0.6500794873580542,0.8808042471998224,-0.9819945645848213,0.9686663984620616,0.9875101736559093,-0.890530470544429,0.9873221642549097,0.3420652924274988,-0.9787659433529674
0.9700004848866344,-0.9862617758073575,-0.953638518381389,-0.5823773136991789,0.9528102881243974,-0.9555914760533646,-0.9597910812087264,-0.6802175771266538,-0.9167156759354728,-0.982235466790107,0.8358329591405513,-0.9885144228475332,-0.9918249348100778,0.9999999999423294,-0.987752345871588,0.9398377896893382,-0.9555383340727461,-0.9703366881733726,0.9839490747556666,0.6282203083304497,-0.9847242433313398,0.6550185638910734,0.9838185425166951,0.99198959353062,0.9372467616376907,0.9834430389401669,0.9485994125265462,-0.8725857936880939,0.9290487508448586,0.9869828354834023,-0.9697285138133023,-0.9781964666250911,-0.9843196352046024,-0.9937533007708004,-0.9581966805982134,-0.9917468676138896,-0.9702660282739062,-0.8813463736651271,0.9809839732081865,-0.9934495180080681,0.9727451231677896,0.9654280274619553,0.8629819930709158,0.9768664576473277,0.7969036344029462,0.9810885221658711,0.9900343198388466,0.9805607533027236,0.9727833459661753,-0.9831651280507899,0.9703454381609921,0.9538996461026622,0.9783450830272581,-0.6085131756140384,-0.9746695948994052,0.9850050186100706,0.9294702338665177,0.9501949166570463,-0.6859191140587132,0.9749396452677331,-0.9666243223422639,0.9866640766593667,0.9888349512792918,-0.9689314797830748,0.9695356442091746,0.9672046430190774,0.9853333803216275,-0.40367240918358427,-0.9719804732090943,-0.8501443582306148,0.9635891964369808,0.9639504934986465,0.9186519119549629,0.8358617559788933,0.9184209246565784,-0.9879278910249604,0.9539888570382281,-0.9886046933588553,-0.8165705031762728,-0.9461531947129017,-0.955770635407011,0.983614203917856,-0.9779420045959076,0.9593304168006143,0.9900693566748042,0.9682276876291788,0.9860988449204289,-0.9507769726414046,-0.9481928344660554,0.9304033222062027,0.9386593192013607,-0.9580275942826812,0.9493640206651457,0.9860466191165889,-0.984194346556873,-0.9826789763657334,0.9791334117960165,-0.7904838540462276,-0.9245105869033903,0.986285012761218,-0.9025441227524673,-0.9218244447563608,-0.9910112602696319,-0.9251393113939557,-0.9854986569851135,-0.954988108836856,-0.9750391084907204,0.9943534484646493,0.9283037941344893,0.979146859153927,-0.926471862715738,0.9521287376289979,0.9922457020793815,-0.9478411305478398,-0.9394364109416721,-0.4357026585485477,-0.9596608654443065,0.6365479413411579,-0.8942591293868117,0.9768035022229437,-0.9777349929037594,-0.9870205149022401,0.8769602282149255,-0.971296466764087,-0.3863201702813337,0.9875163734490137
-0.9796120282492679,0.9680827059760021,0.9635056670051826,0.6498439708233059,-0.9534424012546102,0.9868189811296482,0.974112347044612,0.6497644805785625,0.9225911539883237,0.9926106783150834,-0.8727146346196737,0.9884804466429332,0.9769472300918776,-0.987752345871588,1.0000000009155245,-0.9404162452221034,0.9867737014677651,0.9729029476695736,-0.9994308377825871,-0.67623620142613,0.9869540670279668,-0.6690470461672839,-0.9924648342841628,-0.9941403526478034,-0.9793681031195591,-0.9959877454669199,-0.9770082246848987,0.8935316470687026,-0.960244927074936,-0.9863598608790124,0.9699912903553379,0.9866688900175552,0.9907036110420028,0.9818354088504145,0.9423135655422604,0.9732843239988275,0.979416271707583,0.8792397445858686,-0.9737961769704161,0.9950078774914972,-0.9933322536545284,-0.978741955068229,-0.8476184317047635,-0.9820358318245497,-0.7818493385774731,-0.9732313018278247,-0.9952874570647144,-0.9865380349080294,-0.9769556149367605,0.9964361021279516,-0.9758213877366672,-0.9419412816299821,-0.9580912587733399,0.6122602661244052,0.9885919023618579,-0.998115973684101,-0.9426286467525193,-0.9730442642188244,0.6453011173789924,-0.969397772884364,0.9803556743059669,-0.9862141060725345,-0.9814614033842949,0.9903589568984472,-0.9832590479444224,-0.9669929160134901,-0.9852197808622623,0.46085335607288774,0.9955107466098388,0.860430847449321,-0.9785756717465468,-0.9631001252130585,-0.9424004840579137,-0.9075347345649637,-0.9567745482727508,0.9973885466707917,-0.9627287851322505,0.9952362384090847,0.8860439399405488,0.9829962494092837,0.9383542129573688,-0.9895211249650869,0.9941097229345445,-0.9604616722260522,-0.9824686237124662,-0.9713289317622578,-0.9785770794119711,0.9644366968060099,0.9730855064911226,-0.944212901074071,-0.9096132306258555,0.9116798184190557,-0.9847219687501316,-0.9775266706080308,0.991988208442156,0.992142840642259,-0.9961428166844652,0.8358116507745572,0.8922268116320354,-0.9814735740278328,0.8598175991179716,0.9192714441688954,0.9889436482162093,0.9371317550084264,0.9880123797181904,0.9861632308368768,0.9889595852380166,-0.997765289739957,-0.9245996325555199,-0.9930911086969989,0.8889581760438877,-0.986901827301998,-0.9968815001213132,0.9762930759654076,0.9513090059987129,0.48430465427617186,0.9565277293725949,-0.5086464466381824,0.8942161747236111,-0.9901336458554653,0.9827674904023245,0.9899421039609239,-0.7942539835109008,0.9757798829222863,0.2624842481113034,-0.9706086030776584
0.9077250012178124,-0.963526525670087,-0.8492394508653386,-0.4520853091160303,0.977488177945981,-0.8950006808709083,-0.8733994056054727,-0.845273304544884,-0.9865179314188781,-0.9740931835113934,0.9397147114946524,-0.9762920814527648,-0.955965909932421,0.9398377896893382,-0.9404162452221034,1.0000000009334624,-0.9100881189506548,-0.9822887937238437,0.9470863839402439,0.7631685805198614,-0.9782294210450274,0.5497544559789159,0.9608500663114258,0.9680743235927187,0.8899034628452177,0.9558069803536583,0.8856167735321752,-0.9278657115450014,0.9772286803495569,0.9762276325623299,-0.9930790821113842,-0.9509446118571073,-0.9702401198023288,-0.9708749935571509,-0.992580741108937,-0.9404846118181827,-0.989052974769677,-0.9587189398334212,0.979816525270567,-0.9635235823505773,0.912599138256599,0.9842889964372581,0.9502290270813323,0.9876475190699152,0.945062339296251,0.9869619031381989,0.9677264784744578,0.9724971832393521,0.9892621060871627,-0.9645392259124748,0.9711596074375879,0.9701967693249556,0.9599569478486409,-0.6651399479426401,-0.9615374567707228,0.9245119960758259,0.9226562758761514,0.8527134884954992,-0.8488084324952925,0.9740438574220388,-0.9331338840570945,0.9812201827100839,0.9801148158568646,-0.9533776724354669,0.9835924383576755,0.989224048094919,0.9820145233080698,-0.17699989144880449,-0.9113364540818227,-0.8935402605058348,0.9714406961815109,0.9875731133092437,0.8479213898456526,0.8338490239504119,0.8354920495829012,-0.9564995417745535,0.9962179659643644,-0.964419171736949,-0.8071342000773736,-0.9246087522321966,-0.9869023823108583,0.9754308058098772,-0.9653848458616394,0.96440656752699,0.9769866076857876,0.9940566831297121,0.9824856301566439,-0.9840887834491098,-0.9040289001919702,0.7815286004367388,0.9796836787977988,-0.9002988511174268,0.9453854197545264,0.9830540355220696,-0.9665712217155292,-0.9748259754612228,0.954766778744947,-0.703651964804401,-0.8033348967257875,0.9505894145126799,-0.9494465012703657,-0.9968220892153615,-0.9614749376157388,-0.9120070423510885,-0.9616754285346203,-0.9356493631239357,-0.9754294279166542,0.9538355284778945,0.9653815464280086,0.9394655466713826,-0.9617547712120562,0.8984004554858879,0.9615009513152171,-0.95877011122706,-0.9954288367687891,-0.6551510186793551,-0.9953503201972566,0.5532326026840558,-0.9555058667481131,0.9716500337798102,-0.9764353838606962,-0.9778440773691622,0.8325151168834409,-0.9450088352479812,-0.29473047160734167,0.9648937855921693
