0.9999999988320373,-0.658578136745297,0.7393296446393492,0.7451562340925757,0.5939358806780096,-0.659354159508466,-0.5838376553536133,0.6782794182214706,-0.967008734967058,-0.78052870580407,-0.8592456999525656,-0.9327131973541999,-0.8224572707867888,0.6607616783373049,-0.7536660919190857,-0.8737415817866506,0.7904530905249606,-0.8082184343082424,-0.7166379642476982,-0.015651780935669334,0.6695937270980123,0.7729023532968152,0.5919934892339712,-0.4061312982071033,-0.6638272832860037,-0.6470981059197315,-0.711709944233629,-0.6608270229095292,-0.5754670716275022,0.2709091365004859,0.5960146623951295,-0.7757293862351097,0.6271820826707177,0.6160690805278999,0.6968165195570216,0.7772924667226916,-0.6991435290264506,-0.718323481729029,0.7146379408385705,0.9140330090091568,-0.45787169943153294,0.7183707859597664,-0.5770779604673542,-0.6147241878892714,0.9074326051901774,0.6655651004722133,0.8178406117307783,-0.6725468822506597,0.582987642213824,0.4727472009343133,0.7186071548040497,0.7373551087201109,0.16969252563563203,0.6434680071213682,0.7705298285122952,-0.7336720310576516,-0.6672936122969642,-0.7502469755591843,0.7322833763045042,0.7657494752496213,0.722826812755457,0.6423749395381875,-0.569523346300569,0.7584614088501904,0.581547229841178,0.7670355598347238,0.29003303367140004,-0.509882644634231,0.29603878047317544,0.8025486179463129,0.7019964903783292,-0.7321826773591331,-0.7779557095166698,-0.24115487223201,-0.5360061682156118,-0.7131293547617047,-0.6591185238882383,0.5552760498338115,0.7301628491341997,0.5371515277204373,0.5982797537300452,-0.6361506618997039,-0.5783889959989712,0.8319766381322321,-0.7243868440456447,-0.7027045079492666,-0.7770394995856937,-0.396496584827371,0.8043644643889609,0.46548894646354777,0.6152068579566196,-0.7998646653219359,-0.5999338499420847,-0.552604586625948,0.569126774173854,0.597526136399285,0.6293618601146217,0.6985877785006528,0.6854671933717092,-0.6808820138465572,0.6219943337475441,0.5957973191178919,0.04880042321663148,0.40780271722472194,0.6639986961334494,-0.7259829097454699,-0.6883833898430164,-0.464172043879729,0.7041074111770321,-0.48869622215049807,-0.7063808944232562,-0.5604346828356065,0.6902002872410924,-0.59955742069181,0.8940411752399232,-0.6950016034797589,0.6558177347468445,-0.6111389368934851,-0.6762979559799192,-0.5995264830199586,0.9279643511076126,0.748084551816491,-0.6404401154377918,-0.7480849909501194,-0.5961318438739812,-0.45843976922357965
-0.658578136745297,1.0000000010694277,-0.9900944999716724,-0.9922225409151219,-0.9945476483778551,0.9940549710278905,-0.1942055330540522,-0.9928550489765671,0.8220548803963592,0.9808406314980231,0.948895096421528,0.4947790987516424,0.9693231264373432,-0.9834402125775699,0.9506798982657086,0.933000885208767,-0.980425854679807,0.9753918956996724,0.9956364706768338,-0.6839277498393748,-0.9993249096701632,-0.9863798359352258,-0.9891971568615461,0.9169809603755587,0.9997803883531169,0.9463143373426576,0.9959119381925711,0.9999423175382364,0.9943496211079019,-0.8670154059471679,-0.9814212563393809,0.9652721191768947,-0.9923748218087486,-0.9870476865099848,-0.9963514521219149,-0.9848995145055505,0.9968138179150884,0.9916792154413172,-0.9152930872361782,-0.8454027390709249,0.9653202886157031,-0.23089878996339663,0.9690305543300549,0.9749754823446038,-0.5223666476741042,-0.9985195226449256,-0.9714932054420393,0.11207970908640792,-0.986855531112329,-0.966761161210171,-0.9962135795804037,-0.9929424648912397,-0.8295615525557669,-0.9993184515741008,-0.9840895190192129,0.9944535764431873,0.9944781767510411,0.9899777783184248,-0.9866910339104915,-0.9873618947943245,-0.9956073298909842,-0.9875215600409548,0.9933841157606677,-0.9898172251672426,0.1702342032991503,-0.9873544091223608,-0.4628584650836821,0.9566596812564104,-0.8951980975917838,-0.973738646041751,-0.994084591202216,0.9946400603543688,0.9828613671747914,0.8657284092198301,0.9882243427020828,0.9956352383830911,0.9936354157603546,-0.9834123519081895,-0.995041548325311,-0.9561518243933298,-0.9967637009014447,0.998675994413234,0.9868551943102688,-0.8353600312854041,0.9878837384720228,0.9966732066239868,0.976734834284143,-0.21629148050252422,-0.9191790037013169,-0.9295452583733382,-0.9937939055438388,0.9644594541819137,0.9903143637510499,0.9843131104709918,-0.9928491468991147,-0.9722162444968413,-0.9917821457692794,-0.9978114091209246,-0.9902458989884495,0.9760444760112752,-0.9936553142005429,-0.9929010478725887,0.6295950384073326,-0.9249365976985567,-0.9988643526853693,0.9956238340621851,0.991819414125556,0.9463912667130748,-0.9944391087553668,0.8698492977474745,0.9975270126728414,0.9861294729404605,-0.9985346535620954,0.9797891485025504,-0.8950913719958934,0.9984492828084965,-0.9999814503328128,0.9975872513143401,0.9982996888678382,0.9644736879281873,-0.6168331916576618,-0.9896879076516272,0.9987946911951429,0.9625144815002497,0.8332901502363228,0.9410799464984894
0.7393296446393492,-0.9900944999716724,1.000000000233479,0.9985368841091838,0.9700983379592263,-0.976326500683946,0.10318086791875228,0.9958693940223792,-0.8847105348011891,-0.9857461231628877,-0.979671446846351,-0.6090337974501314,-0.9861970059305487,0.989992092653565,-0.9814800110864353,-0.9719396241995041,0.9963447006684871,-0.9907863099086954,-0.9914909613678761,0.5748069763883674,0.9885483379069672,0.9967608642495586,0.960460136488885,-0.8536630299560714,-0.9891420988499598,-0.9151600562884701,-0.9987298636795696,-0.9912117409456016,-0.9731976020794989,0.7885308834863932,0.9497092904020863,-0.9627773172959226,0.9878323729353541,0.9842155631700316,0.9979758247788582,0.9971252760091046,-0.9890705500184838,-0.984375115241327,0.8938357179386589,0.911458779751583,-0.9195703652587487,0.36470077510739995,-0.9315563521083989,-0.9437405003124512,0.6363263889243693,0.9856299730246987,0.9881110320151072,-0.25036144521152137,0.956084407554787,0.9425095984164019,0.9939522994981251,0.9926262187870027,0.7828923497889935,0.9846745468732675,0.9875575951218839,-0.9958966401300015,-0.9783262550174509,-0.9910599367374437,0.9991341900475379,0.9985080163851909,0.9938443221683765,0.9889434461159069,-0.9686809805663336,0.9953203534195401,-0.034072717878647574,0.9930079477098813,0.3858563939823945,-0.9093909669468832,0.8240288599076452,0.982863159620346,0.9845190707518169,-0.9955988260441887,-0.9981652563179523,-0.7871614192675519,-0.9616616980376733,-0.9903688799156449,-0.9756197621819944,0.9488640576819843,0.9966626223844984,0.9113795877850008,0.9761695813420224,-0.9820773188178437,-0.9763976418674053,0.838675183674756,-0.9989905218780449,-0.9897083489634309,-0.997169562006045,0.0785713408239716,0.917649441610712,0.8729594671430435,0.9856686068324008,-0.9920052917649311,-0.9819639154096165,-0.9501360767364617,0.9668163467707989,0.9380233035973579,0.968476824269315,0.9914177250215074,0.9960258267624184,-0.9889907440849734,0.9705933219048732,0.9669481547738784,-0.5144466396421976,0.8633730669968429,0.9936346335648152,-0.9963302414830916,-0.9968177820830435,-0.8931662986352294,0.9856326983923561,-0.8102343268529049,-0.9972429797476066,-0.9718572424294217,0.9910961780334802,-0.9479539222743452,0.9479723248922416,-0.996307470951731,0.9900349065968297,-0.9832721968202891,-0.9871463739990204,-0.9288549651834489,0.6616461355546176,0.989630493336025,-0.9896588460504563,-0.9527877332008022,-0.7888638907767992,-0.886192483188921
0.7451562340925757,-0.9922225409151219,0.9985368841091838,0.9999999997278289,0.9752591370892011,-0.9843195110615355,0.08405022276015842,0.9920024655157691,-0.8862546503902183,-0.9930382437047286,-0.9807641372493641,-0.5974322948196951,-0.9909844776887767,0.982494145963057,-0.9705437009596507,-0.970370913085573,0.9973083357160152,-0.9944997938797769,-0.9965795817192697,0.5933354208321978,0.992558584056,0.9990423252302157,0.9687343147113175,-0.8701943746458992,-0.9923741984085112,-0.9346448425711743,-0.9985150892237138,-0.992798531080576,-0.9740585776498049,0.8040832516497809,0.9610669866471301,-0.9757784374041726,0.9833876120590921,0.9777790417777615,0.9968620482545638,0.998764384379052,-0.9945418594975802,-0.992109014944966,0.91677205686673,0.9029007677979878,-0.926190740226139,0.3364810972804657,-0.945671237750455,-0.9573853679275929,0.6199123456685318,0.9906850427786129,0.9923824646887889,-0.2232933065763722,0.9649109753861124,0.9360939073759513,0.9979376912237776,0.9976566167106565,0.7684090279572465,0.9883729673604563,0.9944456787707261,-0.9991996562210095,-0.9861085075839565,-0.9968239672114261,0.9954235497475203,0.9993884866411391,0.9980136710305721,0.9825395876359359,-0.9713604095305639,0.9990192058444236,-0.047728911097327346,0.9977625667113884,0.4343419083149261,-0.9235722982119889,0.835223934598608,0.9903257160970651,0.991763009881176,-0.9990484624504101,-0.9979495120313935,-0.7995252070330893,-0.9622403845989023,-0.9958240072266038,-0.9838142563982792,0.9574096747633433,0.9994039290454109,0.9269724104387695,0.9790272118228173,-0.9863305688866216,-0.9709160914309122,0.8642751845583568,-0.9952053757426562,-0.9950626820757041,-0.9938493844708436,0.11047202752775954,0.9368407510298072,0.8906068765395151,0.9821980888499898,-0.9873895408088704,-0.9772024527936821,-0.9580583846628755,0.9703959812983887,0.9519593466942373,0.9770621409366756,0.9958318288309702,0.9912948011363334,-0.9799958066952916,0.9780376505960187,0.9734685745104805,-0.5376133296928622,0.8782755590421656,0.9932861299880394,-0.9991766876653265,-0.992821612922618,-0.9070588983133787,0.9925707600484523,-0.8372434376900212,-0.9984078928474888,-0.9670036226201675,0.9952195356347182,-0.9599220601303929,0.9422026358041728,-0.9973815845292654,0.9918808806552599,-0.9832481558807179,-0.9922470134273534,-0.9445929186541483,0.6870550668248022,0.9959477391641011,-0.9893185525874366,-0.9678069660406085,-0.8205179217957956,-0.900986933044569
0.5939358806780096,-0.9945476483778551,0.9700983379592263,0.9752591370892011,1.0000000007579082,-0.9952528376606947,0.25282339199513826,0.9772818636559893,-0.7673774712786677,-0.9660497261667106,-0.9150932722371564,-0.4054335515166764,-0.9457595091974016,0.9648415913665686,-0.9147173001548203,-0.8931514648232303,0.9567218024770253,-0.9526090458034134,-0.9866790105298439,0.7557141285845778,0.99482767386505,0.9667550491279415,0.9983058999492478,-0.9529722689185247,-0.9950421287559379,-0.9596632306587511,-0.9810826715821526,-0.9935605167307133,-0.9967114657854458,0.9142206864428295,0.9932811925474515,-0.9569304996346656,0.9820593618607014,0.9752379419471441,0.9822035160598865,0.9638733581985546,-0.9904575301108188,-0.9854767893615142,0.9227793768193656,0.7862351177940792,-0.9864969263745016,0.12816485370928712,-0.9856181665729457,-0.9869838892804759,0.4320266920940575,0.9957135746984596,0.9479919722473752,-0.007901841900669919,0.9975326675283687,0.9703901140121336,0.9857191572268914,0.9812963755683786,0.8494123843055891,0.9975059718116808,0.9702038785573124,-0.9812372603611903,-0.9945165185260468,-0.9775086560257183,0.9645447857417419,0.9669352721838914,0.9848002779199303,0.9726977606046914,-0.9985947809768492,0.973853930926783,-0.2669182062149852,0.9715023562140087,0.5200128953271927,-0.9803568298225168,0.9360905077384856,0.9560799970767002,0.989366895463492,-0.9817903767917556,-0.9593539557576817,-0.9124464082843572,-0.9944482499172868,-0.9875365661715072,-0.9950775680796233,0.9967602569805336,0.9815925234871892,0.9783356793445401,0.9990513476928613,-0.998354670899296,-0.9806185192010051,0.8267929241619802,-0.9666557789432624,-0.9897467229904614,-0.9491238045528195,0.3167049477736999,0.9118372338136208,0.9608024957160737,0.9861704011890705,-0.931739848628928,-0.9826676058608571,-0.9972765194501564,0.999167410315981,0.9864066234177595,0.9970644689543561,0.9902997850299365,0.9725946037993783,-0.9527469064563031,0.9985399254203413,0.9996805676057582,-0.7071676142404675,0.959295513632016,0.9896748279968361,-0.9828338602039319,-0.9748311542561654,-0.9743890422377723,0.9891251351015901,-0.9056701840285156,-0.9851177665049917,-0.9827153390954173,0.9917026515108566,-0.9918650132123754,0.8451108695627904,-0.9873283854350038,0.994506134469438,-0.994907908977189,-0.9942747754581694,-0.9800914376862646,0.581640965655037,0.9781273115030278,-0.992374792351745,-0.9596875841652377,-0.859639367619628,-0.9704827683064061
-0.659354159508466,0.9940549710278905,-0.976326500683946,-0.9843195110615355,-0.9952528376606947,1.0000000005785779,-0.15886334756731055,-0.9746686989276355,0.8135486221149474,0.9845265363245258,0.9396144178468397,0.4616670703280137,0.9676868839557772,-0.9580889276674388,0.9178460370109285,0.9183108560614761,-0.9712348052183034,0.9716574895714173,0.9952664524097314,-0.7179117287942508,-0.9971074903291074,-0.9799557533174024,-0.9962445813569908,0.9425162124830847,0.9960295291236947,0.9758564950129642,0.9848473910614621,0.9928843205038037,0.986494942930733,-0.8918518889453081,-0.9947183826228987,0.9806275767262974,-0.9734063054506217,-0.9641611774536994,-0.9835775303647504,-0.9771504851675188,0.9973434996698113,0.996669477360505,-0.9514748197025296,-0.8167318859551196,0.970157205626394,-0.16717353904745422,0.9881144059618123,0.9927936650191174,-0.47956121311112043,-0.9984504111118362,-0.9688361104485832,0.05165847972204967,-0.9951006866336175,-0.9451026329937232,-0.9935934463872518,-0.9923129351300645,-0.7945869337794268,-0.9966666593767899,-0.9870160565705108,0.9903488422684625,0.9999356123704207,0.9907512074416425,-0.9684472594464638,-0.9781516460222965,-0.9933309393427597,-0.9645008508286359,0.9892584575547231,-0.9863514033617115,0.20133914827842014,-0.9859732378161323,-0.5563250079853322,0.9764493018613035,-0.9108801347323329,-0.977641308358571,-0.998193810918563,0.9908423754648614,0.9713654867259988,0.8843439976402105,0.980127890807913,0.9960331800268372,0.999992917551582,-0.9913158236729238,-0.989823602257361,-0.9785946270575447,-0.9927644797409936,0.9972055083038648,0.9661854283936484,-0.8764715261212718,0.9695422349302727,0.9969401601621233,0.9589969431043647,-0.2826741537945811,-0.9470876809498154,-0.9568252614904379,-0.9768793361659309,0.9439934950557339,0.9709212777337018,0.9909706903644135,-0.9905508571618693,-0.9907675032000619,-0.999164212075128,-0.9962009521756308,-0.9702709576369672,0.9475522786153294,-0.9987741717987519,-0.9963518636672705,0.673500751688138,-0.9471213170494598,-0.9878724427420456,0.9906469862288195,0.9733008515850533,0.9659948747679222,-0.9979116860794415,0.9162121361172263,0.9892853525824409,0.9668691436959262,-0.9963952163695398,0.9943033635366928,-0.8719493853633596,0.9901044780664231,-0.9934852581400357,0.987656351550712,0.9982432639204775,0.9866966948722521,-0.6579931847347436,-0.9915986343260266,0.987997037067307,0.9821757994378744,0.8884363890054382,0.9625795274058946
-0.5838376553536133,-0.1942055330540522,0.10318086791875228,0.08405022276015842,0.25282339199513826,-0.15886334756731055,1.0000000001957845,0.192024814471347,0.35820484747657894,-0.00123132252197726,0.09688099685234175,0.5824069403292953,0.04935214954239655,0.22148154030456685,-0.0918812941721609,0.11767366844559661,0.019365740642425678,0.02067937678677028,-0.10469243808410272,0.6182870212341076,0.17097909936471378,0.040375770688419965,0.23472265831712455,-0.3485560674916935,-0.18223615620911726,-0.07005512263035442,-0.13666267010031113,-0.1940249372751536,-0.29596323190479445,0.46780560371203644,0.2070534828271524,0.03625120671519985,0.2566288368358027,0.27445640860487786,0.15961545137282956,0.03664390795533007,-0.1253511887321109,-0.08584007523888529,-0.060243545540482384,-0.22117953674383545,-0.38217884025357035,-0.5064469633565398,-0.20430247135558446,-0.16667566429193859,-0.5004906590019292,0.17001878583896687,-0.039039268031575605,0.5758541739704235,0.2406667899317608,0.42863367402507435,0.10821642367308357,0.077005759860376,0.6989337827060987,0.20433078323128448,0.018649724633637784,-0.0913839947107574,-0.1506318831005742,-0.054751079853750266,0.11922632629826274,0.05687039023460292,0.10157088692470373,0.24270753782311513,-0.29342904830399646,0.05457750692966945,-0.8142656858502421,0.03653112104636671,-0.12213295873748926,-0.2734316780441545,0.4866648116201577,-0.033591254292179615,0.11053877571726368,-0.0926768756817029,-0.04276551718408523,-0.5182240484963409,-0.339264218881173,-0.10719320326807169,-0.15775201569327374,0.2723404017342075,0.09897458650332934,0.2328427133399441,0.26091535851651065,-0.20991615596546218,-0.3155704583096133,-0.2967031651460166,-0.13041473728445943,-0.1214351545067003,-0.05274693692030047,0.5467153064087262,-0.14757030288513795,0.2834488361008397,0.26793804884277184,-0.018831760394086457,-0.2893032014018341,-0.27952321445413353,0.28901356741175355,0.1834507863128206,0.19026654097604653,0.13215390288893833,0.18481957384801243,-0.19675428457596714,0.2066612076080259,0.24231066178940042,-0.5815006195730837,0.362421942063285,0.1984462603959198,-0.10414739311037069,-0.17929101367860154,-0.3202094055266784,0.10980406668261995,-0.14968377198395108,-0.13810408007947103,-0.3336850963815587,0.14451521245465276,-0.19813414151318667,-0.1602603322156256,-0.15334498846870798,0.19891594379339347,-0.2600259316181626,-0.15649305343491732,-0.16448581469909837,-0.632919625604692,0.05441535668861633,-0.22705492665969948,0.015104002253457998,0.04060777007086141,-0.3174789449061336
0.6782794182214706,-0.9928550489765671,0.9958693940223792,0.9920024655157691,0.9772818636559893,-0.9746686989276355,0.192024814471347,1.0000000001863452,-0.8420731503586019,-0.9707541220789847,-0.9581082668287444,-0.5545841164800871,-0.9675811306804583,0.9976939362153219,-0.9792145188574196,-0.949436376455388,0.9844766295809492,-0.9748392603083648,-0.9858174876137633,0.6146747845740566,0.9888424709646985,0.9863143859526426,0.9653853477883686,-0.8674366294732951,-0.9905972472091391,-0.9036371069252037,-0.9971219709423995,-0.9940893388365152,-0.9851779928113535,0.8135744798778665,0.9515857361326802,-0.9433498933229819,0.9977192654751755,0.9962084117594441,0.9985739358723184,0.9865316400258775,-0.985081188787894,-0.9764733791975271,0.870580220875088,0.8828646736802275,-0.9380245502889335,0.32448336888846296,-0.9326895591319434,-0.941641031236169,0.5897876898009858,0.9855968739634754,0.970486896641754,-0.2054511480176505,0.9614226844751359,0.9681575858624366,0.9888460780699851,0.9845999473188732,0.8358375901726091,0.9879402348046726,0.9741322068572094,-0.9895195106254988,-0.9759994343969618,-0.980962943912603,0.9969907169468415,0.9898220736967482,0.9881245345099352,0.9981656293500012,-0.9800108202272872,0.9857142981359883,-0.09911876284776552,0.98161108353589,0.3571388040106686,-0.9166773144920677,0.8513900364598205,0.9649029391630366,0.9788482899611685,-0.9892955259874562,-0.9885831650735349,-0.8173774608625443,-0.9775532674576194,-0.9848231061651372,-0.9738220219857052,0.9570673451249639,0.991073519246827,0.9148048013108872,0.984587418085847,-0.9857011483009712,-0.991729388896086,0.7953273394572535,-0.9978203385135943,-0.9854094697286162,-0.9892946981043756,0.115313666843843,0.8876736903405411,0.8806380491208681,0.9962803345829682,-0.9816688177638548,-0.9947925358399524,-0.9591027704601942,0.9775505086325685,0.9373466658815657,0.9694316142841085,0.9882633152206957,0.9997774292753391,-0.9950114718370096,0.9732244355965192,0.9729096802332963,-0.5507270267632524,0.8786398803135268,0.9973829674013727,-0.991156650693664,-0.999888796716654,-0.904723502975964,0.9799680318491572,-0.804826938746136,-0.9954017032667891,-0.9886182402765146,0.9890760132088441,-0.9489292784221489,0.9233118051142942,-0.9957989662829807,0.9932734524581246,-0.9923046839330841,-0.9859308344451445,-0.9261974320405976,0.5921242456239746,0.979373300894711,-0.995889752255049,-0.9347412645893965,-0.7662997745261052,-0.8973647532837524
-0.967008734967058,0.8220548803963592,-0.8847105348011891,-0.8862546503902183,-0.7673774712786677,0.8135486221149474,0.35820484747657894,-0.8420731503586019,0.9999999987087128,0.902368253430707,0.9595390367974309,0.8841439472570144,0.9336226579700713,-0.8301360532978692,0.8944650793354202,0.9686885674791498,-0.9175293100000037,0.9260606475874804,0.8612158396254872,-0.186579050012155,-0.827918582901803,-0.9044834581491932,-0.7603605068738936,0.5854341332305683,0.8246283998391654,0.7747255281511635,0.8640407590017463,0.8244094483925205,0.7585148206661874,-0.4675467455520908,-0.7571351781980884,0.8866977346074748,-0.803730428381914,-0.7959851890464624,-0.8539460943552316,-0.9081321216317381,0.8478120794748515,0.8579836213574781,-0.8118823234114214,-0.9795809320683974,0.6525720503422068,-0.6559896206787155,0.735341739463803,0.7664945144512215,-0.8797084629490961,-0.8233137128045638,-0.9314415333112915,0.5812793409926791,-0.7520725614801502,-0.6803063972426536,-0.8642507860772287,-0.8761853973182822,-0.41513102222194637,-0.8084115788709122,-0.8963022651070667,0.8759834121724274,0.8199866648142831,0.8841424036304603,-0.880995301473776,-0.901070188885224,-0.8670416700757805,-0.8161217943767036,0.7514540729865126,-0.8928691233462145,-0.40431737092314063,-0.897307791227508,-0.3111308115856192,0.6801125224396977,-0.5011178767780815,-0.9166243895379073,-0.8469329863025784,0.8747306025426482,0.9102466640599907,0.4483826395511179,0.7268426770396417,0.8580964597607619,0.8129872053076628,-0.7302094094996884,-0.8741895067586314,-0.6989783468365129,-0.7742176598592464,0.8019552962876481,0.766073605408848,-0.8720924686396697,0.8754614494825792,0.8506202314624269,0.9113655822419965,0.2708843329086639,-0.8860175631190299,-0.6333136938204337,-0.7938823811455488,0.9263549153795133,0.7827107208675119,0.7292296478793715,-0.7498781026049903,-0.7521553208459594,-0.7892597765092153,-0.849004798405538,-0.8477575106300792,0.8448906276609692,-0.7856532411886723,-0.7665987713011346,0.1381043598194805,-0.5912715161205139,-0.8288424130572662,0.8710675146219189,0.8495873078072465,0.6423514152896382,-0.8490284695147309,0.620224102385037,0.8588191487198751,0.7514044378342344,-0.8432100215740428,0.7585573984067683,-0.9770203980458757,0.8505668865336158,-0.8202922191441079,0.7877969099539208,0.8313565221624571,0.7489702132019281,-0.8747263936520134,-0.8817259768428467,0.8108775837871469,0.8622951970856094,0.6844981058690943,0.6351676090117915
-0.78052870580407,0.9808406314980231,-0.9857461231628877,-0.9930382437047286,-0.9660497261667106,0.9845265363245258,-0.00123132252197726,-0.9707541220789847,0.902368253430707,1.000000000973902,0.9824310057525635,0.6044855352278582,0.9963461983335311,-0.95376238664344,0.9427010973451198,0.9687129863118462,-0.9927997545100515,0.9966063761407142,0.9946275158562847,-0.5898686019382174,-0.9854818978443369,-0.9956562495844432,-0.9656552145182687,0.8756121312007746,0.9834343244758044,0.9587232958484925,0.9861102963764561,0.9805222978930729,0.9555181266579507,-0.8021842690656165,-0.9645581017821115,0.9942270279369692,-0.9579564441497346,-0.948160562428419,-0.9818091712034128,-0.9944992374679057,0.99219302876546,0.9955354308337453,-0.9532732448571454,-0.8951888273431822,0.9131248388423135,-0.31337874752755196,0.9539697154370407,0.9667430196464504,-0.6146992652535762,-0.9854054009529161,-0.9963568232338389,0.20619840982558788,-0.9624705047959963,-0.8989317458615916,-0.9939643017096407,-0.9970015308285839,-0.7050198858321788,-0.9791130564251589,-0.9998486697377306,0.9949348243374138,0.9863715153708795,0.9985188651157206,-0.9780973364762549,-0.9928349549202732,-0.9946819639754173,-0.9545559468405458,0.9559885748780063,-0.9972746102905574,0.02905534321329573,-0.998693729390786,-0.518978618301926,0.9286011140697353,-0.8249591396346396,-0.9993466823843502,-0.9931275433610032,0.9949632377589618,0.9902920681860431,0.7897939787719186,0.9411022685780774,0.9943594429969844,0.98441540493453,-0.9529393390916057,-0.9938194684633372,-0.9363844430416169,-0.9655559175193427,0.9777224573266962,0.9408442720435805,-0.9174318976110964,0.97719075764119,0.9927144124312446,0.9805412908542741,-0.135365224497725,-0.9714193599154345,-0.9010679394944289,-0.9578229468727167,0.9736725980441661,0.9496246150249023,0.95218413188128,-0.9567505888220917,-0.9609817444404636,-0.9767051618820843,-0.9913729020385474,-0.9689760874015384,0.9500353035436953,-0.9749476906486935,-0.9670626141889974,0.5440125199070378,-0.8802396618424653,-0.9775626667342976,0.9935069306934454,0.9719973482667597,0.9093276220387224,-0.9934591691800941,0.8703216633143906,0.9882270037990826,0.9370814665473765,-0.9896550383660215,0.9648859177493166,-0.9358500117235946,0.9862842687571078,-0.9797933972422214,0.9650037549562338,0.9877187532302729,0.9576109206084071,-0.7578001318594878,-0.9985852006844823,0.9721831461206674,0.9885866436180746,0.8710317958221844,0.9049259578061087
-0.8592456999525656,0.948895096421528,-0.979671446846351,-0.9807641372493641,-0.9150932722371564,0.9396144178468397,0.09688099685234175,-0.9581082668287444,0.9595390367974309,0.9824310057525635,0.9999999992902233,0.7372319965808419,0.9947297757438613,-0.9478564010644013,0.9682147219099593,0.9979432055890398,-0.9923778013450278,0.9938447419313313,0.967585777335935,-0.43632539410339777,-0.9512819555107352,-0.9877353999568297,-0.9076973805292458,0.7728750643776108,0.9499027535920781,0.8913209091237686,0.9707613354616669,0.9503195197395338,0.9112870287697696,-0.6831945406190704,-0.9012088116447786,0.9644704290001301,-0.9368111288605919,-0.9304445287991175,-0.9656421052822342,-0.9892013822998384,0.96064332110948,0.9631038076848628,-0.8955835477953444,-0.9625969728984828,0.8366953425688479,-0.48509073008726733,0.8822525648231867,0.90256455712471,-0.7497593854411566,-0.9480442694278798,-0.9947393885402112,0.3846632346985592,-0.9017987235116808,-0.85638509223128,-0.9698578217840005,-0.9745543909518645,-0.6440224361712815,-0.9405694463913765,-0.9807929030801529,0.975670709747872,0.9434454329260926,0.9772879450673506,-0.9765576783796973,-0.9867219320253148,-0.9710515355532285,-0.9418141733953452,0.9063957806698444,-0.982612981763948,-0.1433805833538074,-0.9835577703913428,-0.3875954202591852,0.8455502144242442,-0.7169239294785226,-0.9867613675884749,-0.958313747470206,0.9750287472412126,0.989879957072409,0.6728392931789818,0.8908078170778243,0.9657567778071525,0.9390401523667047,-0.8880742494201147,-0.9751249812123347,-0.8553473852137125,-0.9206157804782648,0.9365241742230698,0.9135292829729162,-0.8886358116928582,0.9741054095162701,0.9621604847224866,0.988333455035675,0.05183415842624856,-0.9395770193239177,-0.8052764174289244,-0.9317915073774752,0.990919198726325,0.9242471710444216,0.8881509262118009,-0.9050084910162471,-0.8931830684154042,-0.9248832555672314,-0.9620909765107998,-0.9602044875148023,0.9527813700465905,-0.9241310608991962,-0.9134696367731744,0.38133771209487943,-0.7804933650751013,-0.9527784330933982,0.973655840460689,0.9617907469619286,0.8196540901226588,-0.9597340502228545,0.7659054522117604,0.968286241649956,0.9048771278518816,-0.9593224433125687,0.9010189177835947,-0.9849762160713508,0.9642004861003693,-0.9479881232702793,0.9293403243764791,0.9523741330841868,0.8870899193150742,-0.782079114721913,-0.9756533022053454,0.9427992324646255,0.9490397054398156,0.7821050733034107,0.81280065185621
-0.9327131973541999,0.4947790987516424,-0.6090337974501314,-0.5974322948196951,-0.4054335515166764,0.4616670703280137,0.5824069403292953,-0.5545841164800871,0.8841439472570144,0.6044855352278582,0.7372319965808419,1.000000000335296,0.6691267932965433,-0.5590243168281341,0.6911913902747095,0.7731290414613983,-0.6538196742450895,0.6582784491558994,0.5428940377678931,0.2859160689975007,-0.49591543378816055,-0.6248785302989135,-0.3857252385139121,0.14458127298487813,0.49404889127213136,0.3896470307797705,0.5692756849498298,0.5005694103696773,0.4107275514842778,-0.010650698969151356,-0.3734246998809917,0.5682816935264616,-0.5010100078901955,-0.5018005383657287,-0.5579306229453863,-0.6340002057287665,0.5207458718336847,0.5297466026929277,-0.4515191084824709,-0.8804014941940073,0.2511124050131493,-0.9208234990169831,0.33846378178005565,0.3820509836932573,-0.9943958943496097,-0.4852972822535598,-0.6665742558024169,0.889850454065771,-0.37285775243543173,-0.3459806258525927,-0.5516130693870133,-0.567040037950033,-0.08699404175551266,-0.4685673927076223,-0.5949893352903292,0.5729824894303122,0.47172261647452723,0.577722110456899,-0.6154727910120725,-0.6250940169746395,-0.5553641939048057,-0.5309247459984169,0.39334106597681506,-0.5993933385645603,-0.7719262596048517,-0.6031882526036725,0.0737813200043591,0.2657222060655088,-0.05856299676180632,-0.6297214787302235,-0.5138812082695812,0.5703894456204227,0.6463862830258578,-0.0031274247375670996,0.3696849155036165,0.5367604036656289,0.46028554730364946,-0.34433706819928683,-0.5723066690251996,-0.2878409370319732,-0.4236643863614801,0.45718425205121677,0.4539345775700753,-0.5850626232141607,0.6068140190182082,0.5254669147186974,0.6654734533827864,0.6853964817268173,-0.5735794494921862,-0.201384098442388,-0.481416389593691,0.7016301681262729,0.47290572614206944,0.34489797599414973,-0.38759530733952,-0.3616881264288783,-0.4250643766168341,-0.5262662648423015,-0.5684304968557863,0.5922497174875402,-0.42326877694488174,-0.39970019961735437,-0.3384993887068109,-0.15444391254832965,-0.516027564592715,0.5668632513103622,0.566904628061333,0.2186765289458915,-0.5180048252186275,0.18461585871874675,0.5546299748537256,0.4302303263525782,-0.5184688987533552,0.374083730365138,-0.8298442575818721,0.5422354893778942,-0.493394864929229,0.45522722054009274,0.4970806180626778,0.35484216235193894,-0.7436869214766948,-0.5720350678551471,0.4896374667449385,0.5258247770627387,0.2851994078057942,0.20804615297779114
-0.8224572707867888,0.9693231264373432,-0.9861970059305487,-0.9909844776887767,-0.9457595091974016,0.9676868839557772,0.04935214954239655,-0.9675811306804583,0.9336226579700713,0.9963461983335311,0.9947297757438613,0.6691267932965433,1.0000000002957117,-0.9532066152275767,0.9567665235635491,0.9861806640799531,-0.9964043005492279,0.999534224707029,0.9860116247577085,-0.5206663613317425,-0.9731924912962358,-0.9958519291206347,-0.9424739380468258,0.8317431840192148,0.971335922035651,0.9327461428250484,0.9822722840654267,0.9697605225036899,0.9377543479190289,-0.7500172865008209,-0.9392579390528676,0.9855676727952336,-0.950527628692429,-0.942035876460356,-0.9774145479566346,-0.9958575263610241,0.9814467448040401,0.9847382917014041,-0.9325345722874263,-0.9297492989176589,0.8805393127609397,-0.39314473949710915,0.9250219213569502,0.9414172501853009,-0.6797243781570661,-0.9717529870553996,-0.9999276748118636,0.2890252235808233,-0.938052211327179,-0.8806049885761871,-0.9865899219745469,-0.9906099491276807,-0.6757470163254335,-0.9646466725058014,-0.9954086395558838,0.9897991781161266,0.9704664930249411,0.9928398099523562,-0.9803546495942602,-0.9936703365741963,-0.9875703007823368,-0.9508688539522646,0.9359226114509941,-0.9944400409156183,-0.05214338822879387,-0.9958044613535809,-0.4650649043332523,0.8940822804396537,-0.7774798617521438,-0.9981304808792071,-0.9810891800771576,0.9895266629705399,0.9937024679653613,0.7380539862478309,0.9203038469953673,0.9850456363455041,0.9673834781762236,-0.9264100360190473,-0.9888652118016814,-0.9030965618124349,-0.9478068801339277,0.9620545982141898,0.9301979619175169,-0.9109814976911224,0.9786843319844305,0.9824334393315692,0.9873893839277937,-0.05034308340575482,-0.9626616592180723,-0.8608355621301235,-0.9481841478786314,0.9848653417184828,0.94006462751264,0.9259546782292122,-0.9357914217050208,-0.9339286003287213,-0.9565858387466646,-0.981551814160104,-0.9675336357978627,0.9534148069567753,-0.9551252554850355,-0.945718119084939,0.47096556598827477,-0.8375740660170214,-0.9691026366602202,0.9880083491965941,0.9699893412181737,0.8714843872563909,-0.9818999787029363,0.8273054269896123,0.9823951010276564,0.9241546366983425,-0.9792719902250635,0.9394344463734812,-0.962155749978512,0.9793928387835994,-0.9682946897640244,0.9512814787867931,0.9750586797570748,0.9295168250899905,-0.7764331242485623,-0.9921715994556344,0.9614772403877357,0.9754901551702364,0.836266090366183,0.8660243078032727
0.6607616783373049,-0.9834402125775699,0.989992092653565,0.982494145963057,0.9648415913665686,-0.9580889276674388,0.22148154030456685,0.9976939362153219,-0.8301360532978692,-0.95376238664344,-0.9478564010644013,-0.5590243168281341,-0.9532066152275767,1.0000000004142686,-0.9847437139401265,-0.9422792791298927,0.9751030665917699,-0.9619245022990035,-0.9721830629627511,0.5922740956330017,0.977015731737602,0.9755166285602264,0.9491661382888498,-0.8430797737395694,-0.9797801955167121,-0.8731602801436437,-0.9900099894126148,-0.9853112120765889,-0.9781772911760144,0.7918221920468855,0.9315615471110958,-0.9194413719304462,0.9966519634192009,0.9976872177854024,0.9927147631015775,0.9764716963749314,-0.9711627137131519,-0.9595934641721267,0.8351840531807758,0.8838091429741176,-0.9252233893879838,0.35142404681962625,-0.9094981956405709,-0.9186301365639079,0.6003662254875639,0.9725374113961187,0.9567904277708473,-0.23145800066844158,0.9446234236193208,0.9711074552678958,0.9765372527940926,0.97081988814702,0.85178971775445,0.9767670052905909,0.9577381712830773,-0.9778857612546413,-0.9595938812686957,-0.9661529063074119,0.9939289306447743,0.9808087005271073,0.9755471118434696,0.9993295978000205,-0.9708533237493795,0.9733381975739386,-0.08854405799040241,0.9678569909895196,0.29497626680517397,-0.8941061117350062,0.8346936366102191,0.9474726668267202,0.9627369771837239,-0.9774984300937524,-0.9807793168095726,-0.7998267943284914,-0.9713090876076371,-0.9707781422050198,-0.9569988381112892,0.9409002737751363,0.9801618689687132,0.8902265076794849,0.9749121821088554,-0.9739272491737868,-0.992436717170748,0.7554495608285197,-0.9949321473964887,-0.9715965042667548,-0.9852880283349458,0.08054622450999604,0.8559097107686547,0.8542999842838132,0.9941495148413662,-0.9790037509160162,-0.9943961881473673,-0.9437242266760343,0.9672987062756137,0.9141600340075129,0.9524424069366803,0.9756406968807203,0.9984501791415459,-0.9989338800405514,0.9577046616898134,0.9587908634747657,-0.5230097617572987,0.8562536715579517,0.9909331445719246,-0.9801604304332094,-0.9976346172138048,-0.8829818371504632,0.9642078229110409,-0.7668196291493103,-0.9866622341776875,-0.9887469624445744,0.9768958584108901,-0.9281231095590267,0.921066118297861,-0.9872893718785973,0.9842315303301877,-0.9860113697347006,-0.9727036770469468,-0.900790738033332,0.5514625671712434,0.9639107146741304,-0.9896761906098135,-0.9086589101797912,-0.7214996092570115,-0.8745822298401876
-0.7536660919190857,0.9506798982657086,-0.9814800110864353,-0.9705437009596507,-0.9147173001548203,0.9178460370109285,-0.0918812941721609,-0.9792145188574196,0.8944650793354202,0.9427010973451198,0.9682147219099593,0.6911913902747095,0.9567665235635491,-0.9847437139401265,0.9999999997170763,0.9723731077269456,-0.9755792704435047,0.9629938657100332,0.948201667627566,-0.4450543163011433,-0.9439450171271533,-0.9692817136562283,-0.8949405101545306,0.7492430985884487,0.9465487389662891,0.8214602969944442,0.972760405933704,0.9538406546009955,0.9304898121367978,-0.6790460114529628,-0.8749661469585667,0.9015756089029716,-0.9681880344327531,-0.9706974062217232,-0.9735352975889877,-0.9723756937976878,0.9426769827984769,0.9327400221521367,-0.7981050286639891,-0.9477583451919552,0.8488453660949254,-0.5072813188820862,0.8468950260567238,0.8637534206222254,-0.7295382934849194,-0.9372002119517682,-0.9597561664619446,0.396063623270019,-0.8880562981543955,-0.9169144533755637,-0.9545076156873074,-0.9518107511265563,-0.7681202032941898,-0.9385747597381733,-0.94458331433271,0.9603830750621362,0.9212868426086149,0.9493205479632802,-0.9878095899042821,-0.9749469024450197,-0.9542509130715244,-0.9778322545587332,0.9193746595236456,-0.9613383476116413,-0.0849023885401225,-0.9565498773770815,-0.20650281784302862,0.8191522309800234,-0.7289214067670952,-0.9420752990940512,-0.9327080754530686,0.959428955532873,0.9799113530505165,0.6856202753169056,0.9166489764029173,0.9455059021875059,0.9164795343913219,-0.8794125583811396,-0.9626386218605649,-0.8191023257164628,-0.9287399462972203,0.9334612045634468,0.9560169727494862,-0.7531297990097489,0.9870320509426985,0.9440684686501348,0.9898526904814074,0.08814386528701909,-0.8428741434230314,-0.7693597290668354,-0.9614459247775352,0.9924507154185405,0.9609278036258095,0.8824326574182074,-0.9144970154858122,-0.8556481079613867,-0.9053025693334128,-0.948427523069698,-0.9832273731121487,0.9914473041012758,-0.9103563788465128,-0.9073369860961755,0.37111229636312904,-0.763824478970996,-0.9631821716898639,0.9614894511204655,0.9816818496667203,0.800435373829592,-0.9350213537108834,0.6831833648303502,0.9659612936692308,0.9476866360253892,-0.9481964124024769,0.8716613550425076,-0.96816039870606,0.9641337449721454,-0.9513011720914063,0.9467024197091871,0.9396300899120144,0.8413642535443381,-0.6071654776674539,-0.9458485122778175,0.9568903340152695,0.8823749976243993,0.660191014142564,0.790383742832967
-0.8737415817866506,0.933000885208767,-0.9719396241995041,-0.970370913085573,-0.8931514648232303,0.9183108560614761,0.11767366844559661,-0.949436376455388,0.9686885674791498,0.9687129863118462,0.9979432055890398,0.7731290414613983,0.9861806640799531,-0.9422792791298927,0.9723731077269456,1.0000000000228157,-0.9853803501910083,0.9853186966640703,0.9520090299062637,-0.3846557747074424,-0.9341495320829143,-0.9782565799856895,-0.8828673557780091,0.7338161501447421,0.9332111306285608,0.8604337633635486,0.9601014876395623,0.9350734753468102,0.8926033084688395,-0.6404907898148255,-0.8739443509200114,0.9456679380945334,-0.9260842199752225,-0.9213451813257278,-0.95506989631956,-0.9806485347876759,0.9437311742339711,0.9452175306930347,-0.8663005963595445,-0.977765201526621,0.8076880123902455,-0.5387828457133064,0.8519061923068326,0.8743402901073892,-0.7877332495937759,-0.9297206908515262,-0.9863521206053023,0.44054802846165336,-0.8760749327848327,-0.8408234972803851,-0.9554340012537403,-0.9602351250622905,-0.6272421353929272,-0.9223909664938686,-0.9667971799922677,0.9627774293835928,0.9227383278642532,0.9630602543639872,-0.9708213972637249,-0.9781959350681529,-0.9566950558461265,-0.9340207615489993,0.8856729725973247,-0.9708369631235235,-0.19496240921443317,-0.9713108574667988,-0.3330326430501731,0.8122553971042579,-0.6784307296763057,-0.9743557030297668,-0.9399467563870391,0.9619060702295973,0.9832723783785228,0.6317755918925395,0.8706522817891524,0.9496402806911297,0.9175475057802088,-0.8613566378376144,-0.9625713043644006,-0.8221075072259445,-0.9010443325527181,0.9174554342460385,0.901556528007761,-0.8666448638770325,0.9679765139599954,0.9455536238370658,0.985007063684467,0.11388708939119382,-0.918410322457253,-0.7675949931503394,-0.9194247403241274,0.9906277998271188,0.912519076025874,0.8618614123519248,-0.883410663442694,-0.8639166826895325,-0.9015581069493148,-0.9461359391751701,-0.9528740263554133,0.9500624596144519,-0.9014507667859395,-0.8903736558293288,0.32602009114238906,-0.7427325128947456,-0.9396402490618878,0.9607552028219661,0.9538174952732724,0.7847690339121747,-0.9417583236516547,0.7231296826620395,0.9559246072013571,0.8913965312826284,-0.9431832041395025,0.873418936162875,-0.9940053782480264,0.9512949719320521,-0.9322278735743914,0.9132119503078268,0.934571667773827,0.856535989436316,-0.7757023428520708,-0.9607865995514935,0.9284378156072631,0.9269662838153204,0.7420953806577419,0.776991666517404
