1.0000000000697293,-0.9665962889793879,0.8049255516033372,-0.8481024140979934,-0.35333598234038904,0.07066087305092765,-0.9428089980675999,-0.6713995602315225,-0.9813817096692227,-0.7884692174000938,0.31359672243341236,-0.9453621800009331,-0.6779425346994963,-0.9253716501170591,-0.7935503478592073,0.8988709064056294,0.8499205552975543,0.8008272342477807,0.784267191339276,0.9640328373920183,0.9853544343068393,0.5395427994162858,0.46011225708898656,-0.8026076596727812,0.7724042024262425,-0.428538735727044,0.7889665881253967,-0.29612469020631005,0.9757261517251313,-0.8639240194289827,-0.7865238393480798,-0.9145232141982944,0.974684381215767,-0.5017534648148751,-0.726095666263432,-0.8112379055617248,-0.87165640588285,-0.7523414168798639,-0.3190615109378208,-0.9261363265111198,-0.9114773850397051,0.8609709107383701,0.840392985538118,-0.8325818184399554,0.8615779767957927,0.8016072044452976,-0.4764087577560701,0.8014098031215892,0.515369074654074,-0.8505314228014599,-0.9419961270772333,-0.3828876454899481,-0.2189534136624546,0.8002606365798949,0.869901928876641,-0.8622699676650619,-0.959694158556554,-0.8951386611363864,-0.4751835577533802,0.8859556490799902,-0.20532668655765904,0.9071030032702756,0.6501770767466282,-0.9428051477851935,-0.6898349820035485,-0.7283351232911879,-0.27253846521168823,-0.9775555028943183,-0.9665810496569501,-0.6366533570707066,-0.7254489418457337,0.48886953307439834,-0.5013319729458313,0.6156464044317248,0.4592265296113932,-0.9303706249591224,0.8657415179489756,0.6991793135662656,0.7462170879374366,0.9326364654253182,-0.9519781975646139,0.9922056890931628,0.7521959839187848,-0.9809421859700019,-0.9859073127618504,0.4729030624608119,0.8310480931425174,0.40665637236786123,-0.9783671376942259,0.9985117969145311,0.912984006283811,0.9734511339197697,0.9908885988749068,0.9001728702214753,0.2857644934542898,-0.9851743188103611,-0.60810772002264,0.8793011118132499,0.7092000114132069,-0.7992397632560587,0.9661471772075515,-0.7836190110151573,0.8229800247839042,-0.509206374850422,-0.6818241447612684,-0.9292776967069711,0.9604318708284959,-0.19575003532033092,0.9008986652529636,0.5931952449772039,-0.6383207686694068,-0.8439418670807283,0.7805884731618213,0.8271059021333969,-0.9796540443986353,-0.6983817189974171,0.977155810768202,0.14985934378820434,0.019127505867887768,0.798430520482841,0.851852315827828,0.9723232667906476,0.7712615293408678,0.9022420196096511,-0.8895153764552766,-0.1959822090745447
-0.9665962889793879,1.0000000005890883,-0.9275729905401154,0.7336763851590623,0.35907715928056766,0.11016704088083186,0.8976633406143926,0.5245748203650089,0.9885577186784539,0.7043599632731539,-0.39817922306465836,0.9963945085864733,0.7862259715742596,0.9057680535275082,0.7577811232620493,-0.9488583072369096,-0.8322168256733843,-0.6631005894942458,-0.8215893259573657,-0.9144776645406408,-0.9321631197286165,-0.45580713725164884,-0.40617265761010607,0.8423339035337323,-0.6402071203031761,0.18892958953220113,-0.754244257611885,0.4987696458074591,-0.9288897163722285,0.7988120374664036,0.6826529734490453,0.8759073097342944,-0.9886744720728606,0.3689253665987436,0.876783006579643,0.8279697892656477,0.7843493736480284,0.6268667001287357,0.2378470966119641,0.9015571719666573,0.985841727049363,-0.8839329812028242,-0.7737802333240128,0.7077562691267638,-0.8546368307686959,-0.8525883806972798,0.3774615606272605,-0.7757307951154323,-0.3549231224988765,0.7681626214450075,0.9263028776377576,0.1369105714892656,0.06077662206239752,-0.7852772407174964,-0.8957829912077203,0.7909792870418155,0.9271123008805076,0.8271556844963408,0.3659235173640038,-0.8835531034609382,0.20424390408823095,-0.8522706946214319,-0.6019661548326107,0.9184715812245933,0.612053954014102,0.7990514153344035,0.43263325177605944,0.953493105348274,0.8903669467116282,0.7034124958348372,0.7438924289634504,-0.2573699416880622,0.4652144305622426,-0.7098376921810189,-0.44145722274456206,0.8589324514161842,-0.8384447283011464,-0.571469029852301,-0.7210800545513043,-0.9282946130996445,0.9115138463204643,-0.9544190760756289,-0.6284122501352929,0.9472014679222313,0.9863430539482193,-0.40195491766783525,-0.7068627326171691,-0.19170725299633026,0.9891162231857685,-0.969745736625333,-0.8477976796793415,-0.9143606330930851,-0.9877606213122978,-0.9771721703796978,-0.06164375940955003,0.9341648618771223,0.46700721320337046,-0.9115682506815831,-0.6550478825249071,0.6641392202334824,-0.8996972528733824,0.7032806704636135,-0.732591241653423,0.3918747183157651,0.636062810199021,0.803913368224438,-0.9994957300754412,-0.055046536970229196,-0.8965388149580172,-0.7690532977848009,0.4753789615951617,0.9153742360284646,-0.6326637946031635,-0.7232329243888314,0.9841112273810676,0.6832417188386827,-0.9957572412945123,-0.04915216554892447,0.1464884314885881,-0.7769008088082288,-0.7153637367671762,-0.9706311620470023,-0.6140786621736649,-0.7780786696859754,0.7431544765155824,0.36394563604231306
0.8049255516033372,-0.9275729905401154,1.0000000005698408,-0.5296265344222556,-0.42332742286895103,-0.2745210567189412,-0.7626533488841374,-0.19708309927066553,-0.8928164253240282,-0.5638880290707919,0.5615087909842383,-0.9542981660207326,-0.7882159518632819,-0.8108187719267143,-0.6816888961739802,0.9384199725414633,0.7644635090988969,0.4351124249938187,0.8363090280620709,0.7634346034859457,0.7629394698712773,0.36930368720436035,0.3744641073659815,-0.7415479078700031,0.4295964233410667,0.19049388212330123,0.6812137417368954,-0.6732194112127511,0.730069446678618,-0.663928062670866,-0.5133642898987814,-0.7603201768157543,0.9044645752251816,-0.21735264771259144,-0.9788608049410756,-0.8120967737004259,-0.6146806553876375,-0.43280399238422,-0.19222579785264776,-0.7999270340312546,-0.9763864841053884,0.8603204361890799,0.6436735918549483,-0.4918252605006213,0.7963387467316445,0.7685510817472805,-0.2804925250927624,0.7113259327425651,0.1564502899629,-0.6121931475635305,-0.8289692115260928,0.20902259640710255,0.08576294805189871,0.7344499263612568,0.8725712603485436,-0.647766285233371,-0.8010264302354099,-0.678015119711623,-0.2539888943794078,0.8223402237227294,-0.28258904189873724,0.7176361552956055,0.5428127078644219,-0.8103471367923071,-0.5031786097293298,-0.8637117782104077,-0.6785741835311134,-0.8282415853394935,-0.6984089444839277,-0.7862586527441112,-0.7524224316193374,-0.0730377247043991,-0.45071562469843257,0.8258997658176523,0.4586740634400005,-0.6218871073176789,0.7535718180504964,0.38675942161590743,0.67070895305122,0.8483442433297606,-0.7782008427353689,0.8009594242717823,0.4366941921544744,-0.808027575073907,-0.8591739219861444,0.3451409620478251,0.49219689556155777,-0.08296382529607352,-0.8746211296330477,0.8197128399855286,0.6963034924930145,0.7446604521129544,0.873037308755015,0.9810783540696877,-0.20960010800607232,-0.7357839574486227,-0.28071182726770677,0.8917595638604079,0.574726903589284,-0.44143165656491645,0.7231669565174219,-0.5688726942487907,0.5733131208651346,-0.2622950429319645,-0.5733629684769198,-0.5357715719601989,0.9362653486504988,0.3745272353889312,0.8288327364537446,0.8985788424699376,-0.24735150549743626,-0.9454504126425738,0.3079547889182353,0.5426233713739946,-0.8879334153845324,-0.5039177284658797,0.8955968285455334,-0.19425270897341468,-0.27970212671792233,0.7178984587622882,0.4063648946453452,0.8742214747109979,0.36072029893411356,0.5348430223665576,-0.45024366900473356,-0.629907331265313
-0.8481024140979934,0.7336763851590623,-0.5296265344222556,0.9999999997401863,0.6584184479733631,-0.5864838446454905,0.9521900238442602,0.504982982675796,0.8258248909803779,0.9785576732626067,-0.49907508055697003,0.7128894046630081,0.1867777825916243,0.923601494753222,0.9339734256120077,-0.7831249326438512,-0.9213345612109403,-0.9941236818287863,-0.8145009885689711,-0.9456495147889362,-0.9241128965654857,-0.8721972690728697,-0.7992868261696119,0.37349579670538474,-0.9914226306265205,0.5748916658371357,-0.9310216772750585,-0.22134905101668464,-0.7611474160203273,0.978153036535452,0.9891503179200812,0.9513675948079048,-0.8187757777069815,0.8795545852235843,0.36487877822518927,0.8593343952012357,0.9934917959003678,0.9866541690824688,0.7343080996081095,0.9310645979696883,0.648501759822781,-0.8534136209624511,-0.9765170400435342,0.998950073292884,-0.9068076967522453,-0.3669064216883888,0.8477239976884429,-0.922545182805314,-0.8909290925949881,0.9895210445234909,0.9133653319958726,0.6902965965652725,0.7022652902973008,-0.9078022214594087,-0.8472914953767045,0.9830149317551891,0.9296653567438428,0.981280477127806,0.8535503374201641,-0.9007291849325659,0.5664549091440672,-0.9693051987946816,-0.8942039103791,0.9261951228196165,0.9402259635266516,0.7289257177233633,0.29596082251431344,0.9030293689675978,0.9551128110043265,0.7068825201507148,0.8318208125121216,-0.7921026043713868,0.8034023783085562,-0.6366133980145524,-0.7557037761348978,0.7064735816398574,-0.9369458858270864,-0.9705370512714215,-0.905608102846098,-0.8971501054764687,0.9433632328213745,-0.8980893033016244,-0.986345204282725,0.9126453351140882,0.7500060230309387,-0.8233664934676024,-0.9990207290319874,-0.79952345920984,0.7248584712727066,-0.8617262144154614,-0.977471374242048,-0.943960041550722,-0.827937487865419,-0.6735732001028004,-0.7146471737377661,0.8057284051463443,0.9355655694992545,-0.8330832447741722,-0.9260689217588856,0.9948630921343453,-0.95465168532581,0.9749258471491509,-0.990250634872214,0.8773197415901158,0.90557411903964,0.9230811548160153,-0.7238429440512127,0.5807849744536422,-0.9026497338217387,-0.14508823972898904,0.946533520270895,0.7362707568956989,-0.655624799775784,-0.9966570333859814,0.8388230060880261,0.29132413867115364,-0.7320367177715905,0.12215355514908986,-0.5458909458693713,-0.9168692154659688,-0.7454468741110722,-0.8658231260956091,-0.9807404063438141,-0.9803331844704273,0.9105660827699193,0.22619359077401457
-0.35333598234038904,0.35907715928056766,-0.42332742286895103,0.6584184479733631,1.000000001341359,-0.6427312291958641,0.6364671139093984,-0.3168669351647726,0.4620946447000422,0.7971021490783542,-0.9517476822323465,0.40082482620216114,-0.2181803450601873,0.6809790199221243,0.8443835790654572,-0.6258279089297182,-0.7930359935672058,-0.6382939359323773,-0.8247172395716651,-0.575487998197386,-0.48364633191786865,-0.9210536402306915,-0.9678378958410471,-0.1982743365071954,-0.6916582298318423,-0.10147187016328123,-0.8489682014693039,-0.2783634332485673,-0.14550391758020184,0.7464398117269078,0.7593016631638118,0.6971451110880215,-0.4783415211416683,0.8335943230421701,0.2572192968766248,0.8200263263345253,0.6971208139551984,0.7328354038222911,0.939954194601431,0.6800787872422003,0.3808037617340314,-0.7536466666449634,-0.7723067342050536,0.6452200298998875,-0.7771456494810879,0.17529591698445904,0.9082469692995484,-0.8412885527032322,-0.7481968534427438,0.7349189277449621,0.644794532598751,0.20612658306011944,0.7617972217300909,-0.8437032005344702,-0.736405163766939,0.7395780235184425,0.6011403685286189,0.6979131207542365,0.8893754178082403,-0.7409221434416883,0.9868091598719904,-0.6963185618095131,-0.9249251231272602,0.6449339559919699,0.8736292528331657,0.8203243778148884,0.7944767394582045,0.5415281902489442,0.507534869086005,0.8925950285982136,0.8903465636822496,-0.3302406940901924,0.9761209225020552,-0.8529935917633849,-0.9902278955334417,0.009058824034432228,-0.7732363396548524,-0.7665546172294591,-0.884691293018716,-0.6588735217295203,0.6170294813412986,-0.46411740043603694,-0.7371982894892364,0.5275760991810091,0.26171804299271434,-0.9491505923785879,-0.6491909404850827,-0.5222858099127856,0.24915298594982138,-0.4019148173929026,-0.6719947898330534,-0.5272379164543067,-0.41980908155327556,-0.46117129246863636,-0.4780152182022314,0.2173211742156885,0.7759526116221777,-0.7106805390921197,-0.8904709966727209,0.6514606876646126,-0.538222627308863,0.8069943288554802,-0.7518251801751926,0.8679233606182902,0.9120910298208599,0.3281676029440043,-0.3652170743423021,0.2185918240227806,-0.7188917339913897,-0.033996887879927225,0.6865252071491371,0.6696691689239491,0.1353261897981612,-0.7167394739004825,0.48546368452498595,-0.4158207353588437,-0.2917430480178737,0.8267429526095432,-0.6759046585764782,-0.8447596443130907,0.003142623432883867,-0.5383568195656306,-0.5876909358774207,-0.5010670458841613,0.2886669181366539,0.7742594120835161
0.07066087305092765,0.11016704088083186,-0.2745210567189412,-0.5864838446454905,-0.6427312291958641,1.000000000430235,-0.3385064802670183,0.011074096017681277,-0.04076680186616275,-0.6207938784219855,0.38741746197860105,0.12382999580274191,0.6853539930508445,-0.3024190308369703,-0.5149739715967782,0.06516824357801632,0.4049464016026206,0.6535492129175755,0.28831489110622854,0.2988357257194859,0.23253772412749518,0.7892520590269374,0.7622551343656055,0.5075531306771213,0.6868764126841775,-0.49625246700821996,0.515877804088648,0.8945785571684779,-0.04056252188563988,-0.5045805070501642,-0.6505727030000704,-0.3744812007858101,0.03505457129855905,-0.8770357063933765,0.4617416638200306,-0.3370111017108051,-0.529923787460716,-0.7041811804698933,-0.8613464978304103,-0.3164997885447658,0.19797521545943597,0.2532714065768763,0.535843399355199,-0.6112180013301355,0.3584042153639947,-0.5224791771792658,-0.8429564994363562,0.47949043762397237,0.8894566573123893,-0.5509147596390271,-0.259260613651643,-0.7651187924076723,-0.9811482591771341,0.45081048165037374,0.22863206247227016,-0.5180819683923757,-0.2698010184466224,-0.466887563463991,-0.8593177609359535,0.31119787763183443,-0.6958507784791788,0.42330745896284866,0.6549110169681374,-0.2842051988507576,-0.6915384126322037,-0.20426076626450185,-0.05912542664921301,-0.19429334402208379,-0.32321468215370236,-0.297922013264445,-0.41029566598252665,0.7855903964668146,-0.7030844523617983,0.19344722185128735,0.6718718325316013,0.0607544696021245,0.4138186059763344,0.7526632572305905,0.5282375857590367,0.23939529779593768,-0.30807303743546643,0.1707782945217059,0.7031281931817557,-0.2104127460014239,0.09493299169369826,0.7933809525634684,0.6132534078430402,0.9082853934007309,0.1325039632663543,0.09451746689272746,0.4336621447517511,0.2866106458632038,0.03537642863305911,-0.13930578118563738,0.9362048317450842,-0.025548851981814114,-0.8270246500938808,0.1877429048681865,0.6290991052942674,-0.655951878481803,0.31881788178185166,-0.6197492100585333,0.5948221177185875,-0.8558444478619287,-0.62866846276894,-0.3416903404075463,-0.12100301113217829,-0.8424056983094653,0.2941120980889729,-0.6667463288519674,-0.8125997863792065,-0.05234263176864422,0.09667344503297803,0.6059455663855798,-0.06705538327024724,0.4787800922137245,-0.12164609010570598,-0.38252114166094703,0.9959489141345,0.4720619483196842,0.1470286318709038,0.12719430288135555,0.6806792994466903,0.47943551297284515,-0.38551310099416847,-0.04297568864330958
-0.9428089980675999,0.8976633406143926,-0.7626533488841374,0.9521900238442602,0.6364671139093984,-0.3385064802670183,0.9999999995454335,0.4753034701724747,0.9538604077780793,0.9436799234845449,-0.5635301231259634,0.8898698286153004,0.4381282404410671,0.9938340458675355,0.9499240699244145,-0.9319775142113192,-0.971806474822572,-0.9139555709960474,-0.9133375715454413,-0.9970081090930578,-0.9829152390103217,-0.7861927802874317,-0.729561805387775,0.5665427065021302,-0.9081568152645736,0.3829885085332789,-0.9474443449436398,0.07977015598562613,-0.8540562296276633,0.9810866615296241,0.9347767145132364,0.9965903252733463,-0.9521016789797362,0.7396391105802032,0.6317535644314687,0.9397096675650543,0.9766883724871622,0.9043935780914745,0.6138834093508859,0.9956761752327876,0.8483164667542675,-0.9546058286966551,-0.9716563888070989,0.9381201011686214,-0.9724150965980684,-0.5704460733551423,0.7352771903453372,-0.952026126761722,-0.7289568656069987,0.9714764794582725,0.9933991479719284,0.45663174353147096,0.4935212523905402,-0.9487503916394462,-0.9548374196920437,0.9792136440255862,0.9973926490783459,0.9900892303904841,0.7307716375390063,-0.9780522115207625,0.5142094017978698,-0.9951904717334772,-0.866177239314673,0.9966981141617192,0.8891704615461109,0.8565233357028936,0.45210665882827145,0.9882517540955533,0.9830875807497051,0.8090851256098608,0.8945849889960674,-0.5816213362749281,0.7603093033818067,-0.7698319258015538,-0.725640573328367,0.77661172641389,-0.9805639369846507,-0.874031944205825,-0.9226311225986281,-0.9873512818901582,0.99920964522114,-0.9769291431106079,-0.9053467902870961,0.9889507484513933,0.8888142986777116,-0.738404938089844,-0.9381226417050883,-0.5778973563015619,0.8751682167632552,-0.9573230005639299,-0.9945299442045457,-0.990449457752861,-0.9497137202572057,-0.8668606700111638,-0.46728173275653995,0.8884331924063541,0.8078798536326008,-0.9514507743267463,-0.9035770980292686,0.9164840240966163,-0.990655745583039,0.9421917089043249,-0.9575435398812568,0.7530921796521154,0.8864960252678896,0.9046093594537057,-0.893068065751859,0.3110950550250669,-0.9828212224800251,-0.4380040737006765,0.8072790404601314,0.8965721596727754,-0.6277429106583478,-0.952558304147562,0.9615242760132201,0.4224906056369119,-0.8869117454685835,0.14006054351351946,-0.3039428120948112,-0.9496866912255911,-0.7288215970019601,-0.9760743538740473,-0.8781101965124838,-0.943463045220658,0.8649616924769692,0.3806964880845481
-0.6713995602315225,0.5245748203650089,-0.19708309927066553,0.504982982675796,-0.3168669351647726,0.011074096017681277,0.4753034701724747,1.000000000814081,0.5205619361614262,0.3192394913644764,0.457406772119487,0.4510573274107966,0.5009817780344702,0.3892029287533764,0.2121802131631319,-0.28003607307541256,-0.2566214725643173,-0.5188310544551581,-0.08853143226697557,-0.537371319230169,-0.6157839197678489,-0.04007342663114829,0.10432319963148017,0.7100405507232865,-0.45414484279747264,0.8310972168217805,-0.20279550426661044,0.057259372261663485,-0.8004245299543831,0.37933979303329324,0.37495198961891085,0.40464162330591186,-0.49324875370241555,0.14638151916757586,0.18080989237771833,0.1494618365791998,0.4543048431007845,0.4007257582433767,-0.15803514534152918,0.3995342441882177,0.39375978407239437,-0.2193741451768854,-0.34718706926649306,0.5179215514209807,-0.2576677028596615,-0.676049719129837,0.022391246173936955,-0.20150613001955658,-0.2578444110443328,0.40598292880053893,0.41878483820537105,0.6222271328139068,0.001120072701863326,-0.1810002394603366,-0.2316732610740306,0.3930350012739884,0.4886017497672225,0.439437695927875,0.05090167848188745,-0.29271775561042196,-0.42003064789365807,-0.42700253338589717,-0.06664353308999672,0.43416598386374977,0.1827648843703879,-0.01261156701326776,-0.5277475792117493,0.5245263424903468,0.625450406152033,-0.125058435838287,0.03254688786665677,-0.6095420229185529,-0.10756845576739765,0.16661757479420486,0.18360698011746723,0.8859058516753658,-0.29894658312392114,-0.34101673943883576,-0.12994186356200313,-0.38266682921746636,0.4873320084136093,-0.6066425914640492,-0.3956499250795405,0.5518967949483248,0.6548826637307197,0.05364221197366608,-0.5136489077107139,-0.39789216229926144,0.6382058633194893,-0.6328597744256341,-0.46488417855375724,-0.5900892798501987,-0.5711817296462176,-0.33359140288185224,-0.3394808629370913,0.7745921863146427,0.2846579651927039,-0.24400230942924986,-0.14706295838232952,0.5045538993177224,-0.5904183425376621,0.30389843123704435,-0.3863222016816872,0.10516882096141417,0.09632417817055018,0.7883257828439568,-0.5050439487198171,0.4665550623817382,-0.3198604140223767,-0.16074379486960388,0.39994014094689684,0.17128947688300394,-0.9812545098984008,-0.43385059547822297,0.5098321865700477,0.8538299165652905,-0.5991189923763192,-0.7927492310567199,0.10013914243326501,-0.1911091161569263,-0.9455968522305768,-0.48229548755721074,-0.5586900144011281,-0.6616957990981193,0.8165839356109623,-0.5929645685306508
-0.9813817096692227,0.9885577186784539,-0.8928164253240282,0.8258248909803779,0.4620946447000422,-0.04076680186616275,0.9538604077780793,0.5205619361614262,1.0000000004107714,0.8028510421581617,-0.4636393721742089,0.9833978998570235,0.6857401517915432,0.9572376482512389,0.8412376371500156,-0.9653019161644197,-0.8995131003296528,-0.7646758243887013,-0.8721111066206545,-0.9643142676920552,-0.9716144496366249,-0.5794427546069512,-0.5261129041319088,0.768096991354848,-0.7470390632659026,0.2603203401921884,-0.8380219993208606,0.36705827763061316,-0.9253656356022294,0.8799909333462426,0.78504730713164,0.9378103741751858,-0.9994682985861796,0.5044340910039611,0.8135106082772815,0.8855222119205493,0.8686695553129374,0.7366522922679494,0.3719271351711876,0.9549842564331935,0.9619849615473288,-0.9287820832309035,-0.8596876478973847,0.803379258741185,-0.9149605441211317,-0.7763837812792884,0.5086399390215891,-0.8542410439562294,-0.4912736002978559,0.8558129012150982,0.9710475272554846,0.24985935645313517,0.21021090272579834,-0.8595835163238784,-0.9369546736606026,0.8740161865558342,0.9730293485569199,0.9024030197763026,0.4992479400749351,-0.9365534509232574,0.31477949817844947,-0.9212610709002249,-0.7063953219955352,0.9668652111169581,0.7211585570755971,0.8372263459751155,0.44888813427284563,0.9878775979175861,0.9432446284424707,0.7558012415079095,0.8127887130899082,-0.3746852125590861,0.5769003395107783,-0.7467244138272764,-0.5488468068237807,0.8513575750158662,-0.9067475245740035,-0.6884725598813507,-0.8068713223211398,-0.9703186434102392,0.962985868809985,-0.9847012875073842,-0.7379995365993927,0.9838803405258496,0.9763808646224483,-0.5263332805419086,-0.80274603760033,-0.3285450483050255,0.9735894190460747,-0.9884731100463121,-0.9179948567048245,-0.9620525016959693,-0.9980966619111074,-0.9622972621097338,-0.20212873553307797,0.940605280412628,0.5946038466174963,-0.9465412507776412,-0.7553648921963768,0.7662621756996282,-0.9521314982078145,0.8015425524867592,-0.8268419957306433,0.5246299450280267,0.7365828716919851,0.8575948589386667,-0.9866702509718958,0.06932301862500052,-0.9471311200731819,-0.6738423606549023,0.6002370092980912,0.9302994337098055,-0.6464190128783598,-0.8188127952226413,0.9995894404513177,0.6103717102625148,-0.9820528099040454,0.013839659831819829,-0.004150503610211074,-0.854166592894561,-0.7370889690074311,-0.9953930129010232,-0.7190486382392971,-0.8531469845166557,0.8026290187073556,0.37764978054573506
-0.7884692174000938,0.7043599632731539,-0.5638880290707919,0.9785576732626067,0.7971021490783542,-0.6207938784219855,0.9436799234845449,0.3192394913644764,0.8028510421581617,0.9999999998177086,-0.6639169981926728,0.7001859054140163,0.11720625352167507,0.9349898567822634,0.9812835437659215,-0.8143266447904253,-0.9612333194257825,-0.9651323273080213,-0.888004687842022,-0.9222629999198219,-0.8811773677021637,-0.9419756486637958,-0.8969280915042015,0.2678827330792272,-0.976831396418983,0.4177770549941636,-0.9805623819334425,-0.22312213427751879,-0.661941950050787,0.9896072760838645,0.9963766490616004,0.9588950095584424,-0.8021170926076729,0.91925472995278,0.3904626044528531,0.9210847191835124,0.9866503965257117,0.9843153890840055,0.8325751956384372,0.9400287483935116,0.64538869019279,-0.9005703953945717,-0.9944032978339894,0.9729817727267799,-0.9465062032264474,-0.269696911809064,0.9160865408082829,-0.9731070288708061,-0.9029712154038698,0.9933364270329126,0.9176219564332585,0.5885536611713517,0.749806471677075,-0.9628049763024341,-0.8917506028355836,0.9909515588535333,0.9179691664080238,0.9795891902516519,0.9146052376525602,-0.9326189096425278,0.7166793591085125,-0.9713241247834619,-0.9667030121333833,0.9271591725603997,0.9873517465482972,0.8204379047084174,0.46662169815170945,0.8821000300858338,0.9097781234746267,0.8196813632953487,0.9163944278442423,-0.7064949983037463,0.9055730590342026,-0.7555007105155885,-0.8724986141879351,0.5795892373192928,-0.9675752759611584,-0.9787799513036447,-0.9695153635102911,-0.9093961158101883,0.9317782724466966,-0.8568018647068526,-0.985138235981158,0.8854674715377643,0.6894228243601566,-0.9100869168140133,-0.9739170916360848,-0.7628919959647225,0.6669098959108383,-0.8126334123207057,-0.9703533674714876,-0.9076797626623345,-0.7927746026357727,-0.6858325984324953,-0.6804199904881182,0.7153797755687576,0.9495960703963374,-0.8743507353637405,-0.9834406537811367,0.9696268714754214,-0.9181706564139591,0.999508357519508,-0.9972948748991983,0.9281458136674982,0.9732635013518276,0.8309828721201099,-0.6989307385984335,0.5007970606329065,-0.9292037594663203,-0.1559358650032086,0.9337683483297227,0.7893558143713539,-0.49040399022200265,-0.9920607295001033,0.8190948201276487,0.13563819428230672,-0.68417277167774,0.32159189027945523,-0.5976109488913565,-0.9692826684803837,-0.5977291270431276,-0.8540276631298119,-0.938512446556505,-0.9212462500826618,0.8072906700257925,0.4049194411712496
0.31359672243341236,-0.39817922306465836,0.5615087909842383,-0.49907508055697003,-0.9517476822323465,0.38741746197860105,-0.5635301231259634,0.457406772119487,-0.4636393721742089,-0.6639169981926728,1.0000000009663792,-0.45789693220072114,0.05958471855418399,-0.635384020750406,-0.7662109883811153,0.6664127027767268,0.7409459712876748,0.45128207915790425,0.8350182301837196,0.501612521699103,0.4116791952833072,0.7749203117273747,0.8526488638197169,0.1201987618721716,0.5072663501578987,0.37213311913045516,0.7716221846981777,0.011679125204160562,0.10229806504260829,-0.6409019885685183,-0.6048207849976979,-0.6275675257686236,0.48685729966597713,-0.6333743442282415,-0.43759620773642705,-0.80659420235805,-0.568324713143342,-0.5534205906909128,-0.7906609983630141,-0.6286203906489561,-0.46627093136273295,0.7529777736675328,0.6628151921369161,-0.473907463944635,0.7392201642994827,-0.08521944437655668,-0.7433058068673669,0.7755151267405138,0.5206583571297737,-0.6091816629480451,-0.6065688954622144,0.09253058536723623,-0.529434262598613,0.7905660065958876,0.74050808334405,-0.6270489564419478,-0.5458491240016629,-0.5927146215594175,-0.7132660723901944,0.711299510974485,-0.9278601378129286,0.6072140222542294,0.8235304993987029,-0.59637110333909,-0.741021452610316,-0.8696170909186408,-0.942110972720945,-0.5006054705330171,-0.40606896250130603,-0.930513120741459,-0.8725583440634171,0.04344393907772252,-0.8826223200518925,0.9257555864970947,0.916815816444988,0.0560499307963896,0.7112965762428948,0.5811538607087693,0.8156133932993279,0.6331247288040843,-0.5511586286929641,0.4119803508345634,0.5595477289813725,-0.47600897691203686,-0.26790637479747587,0.8150552844744016,0.4783749804377307,0.24132212956410107,-0.26830404766223204,0.364621348897641,0.5721825281837305,0.4451918807119665,0.41189111142804763,0.5445260977074908,0.18610932681285614,-0.16487174361222026,-0.5719199459697683,0.7242691540374777,0.7854955435837974,-0.4667079995343535,0.4465167562288946,-0.677625045328472,0.6147790132911293,-0.684253311145509,-0.8151552872862016,-0.17838952971121708,0.4105348829435028,0.09090679814446163,0.6885960661630193,0.2555741641910848,-0.4626420745669066,-0.7319154002769468,-0.28624297302954743,0.5658537498300739,-0.4822402060413273,0.3918884536328225,0.3176104504679885,-0.8917436004558794,0.435532139922764,0.7837091331501199,-0.14696096815460455,0.5242557410159606,0.37992776640181386,0.3412491388818543,-0.11538930573187729,-0.9308446859987384
-0.9453621800009331,0.9963945085864733,-0.9542981660207326,0.7128894046630081,0.40082482620216114,0.12382999580274191,0.8898698286153004,0.4510573274107966,0.9833978998570235,0.7001859054140163,-0.45789693220072114,1.0000000002539398,0.7804791706057885,0.90721799340289,0.7674668440130448,-0.9651885868440795,-0.8422446259685661,-0.6369822031091636,-0.8486133909504674,-0.9017139771323572,-0.9132278315774197,-0.46564248151645876,-0.4279782749190841,0.8171686241772761,-0.619002781800017,0.11157371978416684,-0.7648052251215531,0.5251358820661453,-0.8941366748526721,0.7941980722058174,0.6716786199144239,0.8736382564722333,-0.986278429644363,0.3634708450450711,0.9047393486828618,0.8488493989524726,0.7714110943354615,0.6101767503285527,0.25628463604395285,0.9016003479221381,0.9953675380693399,-0.9013737250206989,-0.7708338212516721,0.6842835873557148,-0.8659736179469972,-0.831356608965706,0.38481952660644825,-0.7878216314801962,-0.33763340309946704,0.7589652708926344,0.9260974766874648,0.07481810740057197,0.05403224567978443,-0.8000363048045424,-0.9128451592197759,0.7845023153086876,0.9200358252540137,0.8182957415454888,0.3697552370232717,-0.8931115131287639,0.24845810845792365,-0.8462669738132736,-0.617385718138872,0.9161837815018659,0.6160556094744053,0.835677851444498,0.5038833906609596,0.9448051928779689,0.8677410212187795,0.7457526689934632,0.7717376212602234,-0.2020449252104215,0.49082407588900956,-0.7575717476234626,-0.4738236716271499,0.812911073590204,-0.8444385727725097,-0.5575250335949667,-0.7370558592612982,-0.9319400182191396,0.9033570562275979,-0.937968924957228,-0.612227953730565,0.9354585222132745,0.9693323812124446,-0.41837874261152946,-0.6836876639808507,-0.15290587656017157,0.9742317146164626,-0.9522319715721672,-0.8377149867031319,-0.896603492393869,-0.9777086712100701,-0.9914045297022791,-0.022357664137108067,0.9013021619387446,0.45285603041575845,-0.9285130469139083,-0.6652164641665864,0.6395109630421332,-0.8808998675249642,0.7004280611350482,-0.7233348094036516,0.3917183194556223,0.6503984573318727,0.7609983469966616,-0.9979988158533177,-0.11131898240774443,-0.9044272166047038,-0.7959127545094703,0.45059871575423505,0.9409069050078558,-0.5652786983188242,-0.7088143706904756,0.9795514578953604,0.6357467348845037,-0.9847801713157814,0.022525941883875106,0.15305149422895173,-0.7899674294163475,-0.654298869046703,-0.9676348514200245,-0.5814858521313864,-0.7449060114189108,0.6940978563987187,0.43858741025968256
-0.6779425346994963,0.7862259715742596,-0.7882159518632819,0.1867777825916243,-0.2181803450601873,0.6853539930508445,0.4381282404410671,0.5009817780344702,0.6857401517915432,0.11720625352167507,0.05958471855418399,0.7804791706057885,1.0000000003497083,0.4515758975901938,0.19845772211292398,-0.6066555299445768,-0.3205767171265931,-0.10309679410893074,-0.3580572355213831,-0.4831098898925222,-0.5477787236176186,0.18905870068406408,0.22749767246473734,0.9605066119875263,-0.05760802592141719,-0.0501952447224938,-0.1943217801898877,0.8744685624581247,-0.7429669338405119,0.25800435005749217,0.09414508101686855,0.39076307499020163,-0.6849325555906831,-0.2807203891746315,0.8686021532531563,0.34207758177219855,0.24534895454287328,0.02997634462259119,-0.4034118198449708,0.4418526651319937,0.8101375395799021,-0.4402488833635916,-0.21772858473776477,0.15731294432954332,-0.3634018891608188,-0.9706304577072586,-0.2745717970646334,-0.23012965455975806,0.27935104085363865,0.21433031911618194,0.49568686708957543,-0.2822801548519214,-0.5635737347155164,-0.2503715974417988,-0.4649228765958984,0.2469383818519609,0.5010886189608406,0.30877388217054463,-0.28735557638831977,-0.4161691107680631,-0.3654574524510604,-0.3494834481878959,0.009598895532453432,0.47794897836666134,-0.007095250433022629,0.3788924714268391,0.15217130299550122,0.569899439952682,0.46732040768015193,0.242679839662724,0.22508154188993706,0.22044804086519246,-0.15407660701432338,-0.3041652652437283,0.1621299663963113,0.7251384092601062,-0.32580619521213144,0.04462463424478477,-0.15384199966366083,-0.5033283683807968,0.4673591095685557,-0.5982439890768915,-0.030676519489853695,0.5605593752478198,0.7895412439429575,0.240950964082287,-0.15472220239295886,0.37160543756092745,0.8116583121808999,-0.6590876242326543,-0.34635002071764664,-0.4991641718893149,-0.696819165146347,-0.7585801704800849,0.48042279927302,0.7011961928079313,-0.16577017476237932,-0.5019631603261147,-0.052767787367292714,0.10005840656591858,-0.47014033597907073,0.11448142694821156,-0.1617947233849634,-0.25987274605068555,0.032891360162564644,0.42743607516404275,-0.7895524531690209,-0.4761758577123614,-0.4395853396978298,-0.9229198785787033,-0.13274347315474522,0.5756761880878375,-0.500687592646837,-0.15679304312018974,0.6650618845862495,0.864604789270521,-0.8026902938208785,-0.3944026044931962,0.7202677404124832,-0.23351073453049084,-0.5156321635598907,-0.6152494949719176,-0.06181834586201991,-0.30581925420922385,0.36646382355439755,0.10807372427382365
-0.9253716501170591,0.9057680535275082,-0.8108187719267143,0.923601494753222,0.6809790199221243,-0.3024190308369703,0.9938340458675355,0.3892029287533764,0.9572376482512389,0.9349898567822634,-0.635384020750406,0.90721799340289,0.4515758975901938,1.0000000005963923,0.960877364534108,-0.9613272167333836,-0.9860720175946259,-0.8767387202417651,-0.950709294153198,-0.985483457904372,-0.965098986666965,-0.7892462667743431,-0.7474159795499644,0.5532947345642263,-0.8762069770771314,0.2795978883850378,-0.9595389795120828,0.1340253586429877,-0.8211878869827934,0.9748641170103705,0.9168040655921249,0.9964164201528795,-0.9590531445508599,0.72114107794998,0.6844285624178343,0.9686067447548105,0.9594226527004638,0.877682290714437,0.6241215400911124,0.9997413955469535,0.874334431957054,-0.9812958749990375,-0.9666801243234125,0.9054865588841544,-0.9893183852422662,-0.5624675819965843,0.7334199379455738,-0.9669483551627086,-0.6952059629501678,0.9583041379435374,0.998385726683499,0.3667838223231089,0.4681788759084243,-0.9675671049590865,-0.9816498800870247,0.9703213246121356,0.9936503019555454,0.9795075363425308,0.7240695341394516,-0.9937691136764542,0.5592864099256015,-0.9892553899896135,-0.8802080239828736,0.9985807182231001,0.8882773534482049,0.9070924425097472,0.5444884617956262,0.9840887189105623,0.9586644230626395,0.8641460872306892,0.9300851728942064,-0.5012076668652664,0.7847219304598322,-0.8335741602230007,-0.7588836585077064,0.7294413422820429,-0.989629165014113,-0.8492527098809848,-0.940866665235176,-0.9975421921792084,0.9931835616342466,-0.9635199656332684,-0.8792431551313801,0.9806798618709316,0.8798895406966334,-0.7490047989795815,-0.905767342991865,-0.5152413786296858,0.8695991560498794,-0.9441567054667763,-0.9832249051482951,-0.9729574934399663,-0.9471152955062087,-0.8974376702197464,-0.4022482774297538,0.8565990044496256,0.7802966836806431,-0.9789836862460586,-0.9120009738872576,0.8811471572149984,-0.9711234445056715,0.9350461110507259,-0.9432127343814141,0.7418165514756195,0.8999887188471306,0.8535255357348988,-0.9040849873633248,0.22531008051401122,-0.9970703963403125,-0.49182925400730326,0.7668853804805262,0.937271051597321,-0.5487415211540232,-0.9315174943946626,0.9651405461844892,0.37874806108490133,-0.8859942318155838,0.22214036405811793,-0.27642752384256775,-0.9658380203203591,-0.6572484966098076,-0.9804817765556164,-0.8317929566130248,-0.901695452456737,0.8046944705714082,0.47691390509158005
-0.7935503478592073,0.7577811232620493,-0.6816888961739802,0.9339734256120077,0.8443835790654572,-0.5149739715967782,0.9499240699244145,0.2121802131631319,0.8412376371500156,0.9812835437659215,-0.7662109883811153,0.7674668440130448,0.19845772211292398,0.960877364534108,0.9999999996659584,-0.8885690753104718,-0.9914721886168315,-0.9022310129669584,-0.9586334500560519,-0.92354410011551,-0.8765343153152634,-0.924558708901291,-0.9020153021676434,0.30164092299780987,-0.9196126593156463,0.24700473970431863,-0.9996865340858675,-0.08207278117663794,-0.6496805614607596,0.9842664647396026,0.9620086690767202,0.9718352164160659,-0.8458570804834659,0.8622076660083197,0.5203287425860466,0.9770518914492952,0.9636796483798162,0.9329593019919683,0.8138899309873419,0.9625016902247174,0.727991653612911,-0.959387784743321,-0.9886126389237362,0.919996323832743,-0.9844315846809735,-0.31253888600760743,0.8862424294177086,-0.998530556857034,-0.8233734531705135,0.9751558763464048,0.9457053809395802,0.4246796532338045,0.6675070720785355,-0.9962777342321449,-0.9520546845114138,0.9809306493460604,0.9323249775848217,0.9709933571724415,0.8766739377623822,-0.973381870068459,0.7557543007727504,-0.9722444609874611,-0.9767638431861679,0.9488875225851976,0.9752213555784818,0.9144374092759681,0.6175292869121342,0.9008492617870034,0.8887493412851797,0.9118260297908609,0.9743703998107376,-0.5592029839651649,0.9240194947148556,-0.8656504988444903,-0.903701469780617,0.5429648479848938,-0.9906854450999529,-0.9263864593313452,-0.9964396030609253,-0.9459971879013729,0.9412652306028798,-0.862861138884669,-0.9354281113780679,0.8964612732398349,0.715051911899084,-0.902058802059914,-0.9217283126523117,-0.6334061079024255,0.699419385027376,-0.8227969436802239,-0.9631436877345144,-0.900167283314481,-0.8220601359848155,-0.7739598144318214,-0.5401728752539061,0.7038283862545944,0.8868309059491553,-0.9386078258202736,-0.9891938913442377,0.9088734679217391,-0.9056615720045275,0.9843128805131092,-0.9731454020519736,0.8838122786234567,0.9852034697678181,0.7673172842185227,-0.7561894478099318,0.3298955464368244,-0.9671993383119799,-0.29348328947881835,0.8517989957733991,0.8799597053788198,-0.3901930600216274,-0.9567366998609805,0.8563311059257014,0.12153705886336069,-0.7244116491209646,0.4235020858275552,-0.5031345174159556,-0.998385612742029,-0.513879673541877,-0.8884259555489556,-0.8591690639162769,-0.8650035463523714,0.7266489567054982,0.5593380116407524
0.8988709064056294,-0.9488583072369096,0.9384199725414633,-0.7831249326438512,-0.6258279089297182,0.06516824357801632,-0.9319775142113192,-0.28003607307541256,-0.9653019161644197,-0.8143266447904253,0.6664127027767268,-0.9651885868440795,-0.6066555299445768,-0.9613272167333836,-0.8885690753104718,1.0000000005930165,0.9385172102845615,0.7113282433069948,0.9572230700693375,0.9242423528415115,0.907421725431,0.6512810303828425,0.6351015232488614,-0.638105698452562,0.711807892480699,-0.04706676196054238,0.8876619776749316,-0.3804677031873999,0.7950821231263238,-0.8809115918688567,-0.7778779112131083,-0.9361067951790244,0.9729010291176966,-0.5359874151507323,-0.8510180482197903,-0.9545047450306571,-0.8458308350610696,-0.7166057115783636,-0.4796080732621253,-0.9559542092840492,-0.9572964789995245,0.9804646047640257,0.8684198952486412,-0.7543229298690869,0.954915097197075,0.6575604467224129,-0.578036028673743,0.9056269899827359,0.4876156851092045,-0.8464976403090934,-0.9673054506492101,-0.10352097165756334,-0.2515685676722864,0.9175006244360788,0.985455453578321,-0.870275315393636,-0.9483794963076414,-0.8872268247501367,-0.559106008383323,0.9679283592624778,-0.4924960824542544,0.9114437965460925,0.7835579436578783,-0.9582793562176978,-0.7655475445302369,-0.9475955694259892,-0.6661856787104635,-0.9529670053955228,-0.8739524109863405,-0.8918105815484408,-0.9094170939657219,0.24781764702976405,-0.6919884535789185,0.8925840762927104,0.6829961312832878,-0.6853319935943822,0.9340079103960527,0.6815213539101576,0.8751416025549805,0.9771395668740703,-0.938237960871751,0.9239775198586392,0.7197459191223291,-0.9402943903559438,-0.8955168298726573,0.620296922675288,0.7550243334710944,0.26241010188159825,-0.8968600346243073,0.9189302796607557,0.8964722577362204,0.9053610486387043,0.9475803738633313,0.9772110271914572,0.13846821217784658,-0.8214619476282378,-0.5946144249859135,0.9918646494929563,0.8137763326567641,-0.7174139873979278,0.8946489867225541,-0.8176999772765273,0.8205190389349187,-0.5709162344973737,-0.8080312545277134,-0.7285421871706597,0.9523663135950151,0.05096983074787667,0.9709798286690722,0.6969530704304958,-0.5653991980279252,-0.9936322165863355,0.42849055995963786,0.7971416489855746,-0.9685190698179464,-0.4182559725272473,0.9186211333394302,-0.2633037187211155,0.051073025635893186,0.9088138124479533,0.5427421118934995,0.9730644182021736,0.6483824834616763,0.7645184124854799,-0.6590326059617163,-0.6057038023114691
