0.9999999994184235,0.7308831498884075,-0.8412546784613183,0.7160476076260172,-0.9319425979957899,-0.9788188195656442,0.7804396086888102,-0.17407214249753175,0.7040114653292953,-0.8443067624759961,-0.7455560144913901,-0.8022251777640979,-0.938095119418829,-0.8566266874637106,-0.8961728986416815,-0.9540808737779004,0.6920021950452784,-0.8427084357263747,0.48449700146283703,-0.9363931753440706,-0.6324025806072301,0.7760430827837871,0.8609918407990584,-0.21184292903159313,0.7578147288534972,-0.7198522082500182,-0.9481361323911084,-0.49255955575159227,0.7708619530647445,0.8528168349821704,0.7026771049505467,0.7360306010137005,-0.736564792618426,-0.8658163663760787,-0.5555660632927999,-0.7582288561475101,0.8140985366986725,-0.8146663196504954,-0.6122995142933249,-0.680380140890077,-0.2584798863735856,0.9002390015216867,0.7623909186291232,0.8299684681318253,0.780455927604621,0.8566957355212377,0.8001849169487945,0.7532988386832069,0.7533398375680704,-0.8141529368775411,-0.6827923283946433,-0.6708251846853209,-0.7988112128280322,-0.7859937683272594,0.7724822990098441,-0.726753313131179,-0.8123330999528896,0.8155132411794638,0.772007368732136,-0.7591804538402543,-0.8641805043404793,0.7863635076602186,0.8452743558886987,0.8399840662708541,0.8776058753191192,-0.7312352022431758,-0.8144825815039943,-0.8612316252288754,-0.6141413870991472,-0.7451678209348288,0.8093099345355546,-0.8017359137723572,-0.7305615599140299,-0.6317794558570556,-0.7838059563181967,0.6056952156699087,0.8559369543454182,0.8135894187636262,0.677299718041345,0.7585321594790506,0.5389616033378819,-0.7620056660038704,0.8791879649994008,-0.74247527998408,0.8825360488936849,-0.8312502369922126,-0.8674742059643078,0.9404753532349979,0.9882955111737971,-0.8074995236291455,-0.7243976124203922,0.7555368155383826,0.9332533650294158,-0.7113375627137417,-0.6793758245295453,0.7466152406010244,-0.855815353400166,0.6507030191179274,-0.5922948205252379,-0.8416227780330046,-0.09986710927692788,0.6523306338446726,0.7851060898397579,0.65690393061702,0.43089046077638893,-0.7465687702214756,0.8974483630622038,-0.9786904424231688,0.7358408806318628,-0.8073449663941714,-0.8250174035748282,-0.7901902402877587,0.879705777620653,-0.9318288513798065,0.7118099880180295,0.8090405529982926,0.7681423546238807,-0.8789274477041509,-0.8325398182468192,0.7730755010429686,0.8321091816430365,-0.8918150168938618,-0.5512186857038819,0.8802284571087542,0.4886510254037729,0.8136169148717894
0.7308831498884075,0.999999999360072,-0.9838335780359174,0.9851776060461577,-0.9285994103464479,-0.8272904266894734,0.9966035861858324,0.5046378389420567,0.9990304919045496,-0.9761582466582391,-0.9695895471755025,-0.9766824307885096,-0.9167712490333881,-0.9780947038563231,-0.9395966554132108,-0.881510638395067,0.9917408718732603,-0.971192865153514,0.9432781414183085,-0.9201086640681966,-0.9842602456974185,0.9974567218301399,0.9761728119878839,0.4153489475490963,0.998798124865226,-0.9995158753669522,-0.9042901834921995,-0.0532108893859732,0.9979472196338585,0.9794727089541672,0.9777722919533662,0.900102253936786,-0.9986283296839283,-0.9555855966486277,-0.9643412829482809,-0.9990557511529958,0.9903007415776965,-0.9783585677783319,-0.9835969579314223,-0.9910225649560337,-0.7511887777363586,0.9299944159836362,0.9923899074928105,0.9753662235428195,0.9971211237337136,0.9762659719278324,0.9618719298243333,0.9975009409999529,0.997203687608392,-0.9888048999450155,-0.9966176264297336,-0.9903344260651954,-0.9240953123057157,-0.9964129593034621,0.9965942466956988,-0.998391983691533,-0.9911580126192537,0.9821664135404761,0.9957038646096105,-0.9988026768557584,-0.975024435008446,0.9915440565765604,0.9650368494362394,0.9788248390900379,0.9684566435777997,-0.9145069325890545,-0.990762632058664,-0.976297228919831,-0.9578459192914237,-0.9923104249486083,0.9913352368227082,-0.9444095882880974,-0.5226837371727836,-0.9874442032042228,-0.9936676005469095,0.9746419990105935,0.9770077382745935,0.9913851452102704,0.7587594421299698,0.9894764793952855,0.9684587111353512,-0.998824286802637,0.8939913942840205,-0.9979041028631073,0.9525909315177844,-0.9868559148685271,-0.9735537377662351,0.9169029457081262,0.7443669373370658,-0.9907726190989691,-0.9918252441576316,0.9891905595230052,0.8870615360234096,-0.9809604853161211,-0.9853498590852701,0.9827565706311899,-0.9767704135399966,0.4539540894573347,-0.9804014291008419,-0.9804431264956694,-0.7500408074439231,0.9718418312149626,0.992015439788454,0.9929886791020122,0.5621567395210769,-0.9960315707441258,0.8745672149831838,-0.6371252407667601,0.9319234690974605,-0.9741886436343319,-0.660403277904099,-0.9922135985000465,0.95309481888829,-0.8840582328747998,0.9839794006741833,0.9703521788616488,0.9956095528730148,-0.9679016207489344,-0.9823064312306778,0.9777132160568927,0.9735496974988886,-0.3782385916397504,-0.9116838076819301,0.9578289979098107,0.9518927826184231,0.9802618355672623
-0.8412546784613183,-0.9838335780359174,0.9999999982673263,-0.9674896597279289,0.9800351348965599,0.9115552867337383,-0.9940140372807965,-0.3554641252396999,-0.9759279786616243,0.9951238954502447,0.9626031799840079,0.9847891558315556,0.9725636009987266,0.9995241529224946,0.9799749770945406,0.9490641813549529,-0.9675869779689336,0.9897780506218065,-0.8736858251135806,0.9741996994180604,0.9450255415960329,-0.9935899240139109,-0.9990103187871833,-0.27132924585126594,-0.9898335869152716,0.9806689540434983,0.9653077073447615,0.17444821661745646,-0.9926112503195101,-0.9994782802846336,-0.9596964414415399,-0.9077999674283882,0.98445175467603,0.9833687806511955,0.908981750623947,0.9903179799593834,-0.9978035717394892,0.9892783506532509,0.940110245603741,0.9629890131252974,0.6607351582581674,-0.9720777912230546,-0.9865301187373344,-0.9897367963587232,-0.9945728412135892,-0.998260170541573,-0.9727810460644333,-0.987988317670865,-0.987782099036018,0.9970817251938346,0.9683418362567393,0.9609015175697329,0.9429257355573889,0.9954532627504743,-0.9918354676384287,0.9812426178589527,0.9983280278576437,-0.9924139475582757,-0.991493068357516,0.9904075915546553,0.9990346044341291,-0.9920762456213126,-0.9868236785894221,-0.995294650880762,-0.9972748133478891,0.9178426174643636,0.9983242230421066,0.9992288541444049,0.9208933051196247,0.9809906724456569,-0.9977207117290688,0.9572006365055942,0.6084957113449609,0.947530736520526,0.9930089405997423,-0.9302444114757348,-0.9982275729902037,-0.9987555768924027,-0.7812887344447003,-0.9821898975624284,-0.9086292333736531,0.9911179896122817,-0.9375099222492685,0.9854715503596692,-0.9866191980016924,0.9996986508309534,0.9987221680626753,-0.973193933675439,-0.8482462120457271,0.996378618112531,0.9761877365823407,-0.982314828972224,-0.9482766226919017,0.9644316990784648,0.959382181881933,-0.97505060044333,0.9979896355935534,-0.5334218814996238,0.9322692807436355,0.9976897985310714,0.6206353959619472,-0.9418375176397091,-0.9921081336005262,-0.9586191784949717,-0.5548874584528595,0.9844534687663666,-0.9294285271931378,0.7606902804638049,-0.9326793515057029,0.9827089352585822,0.7372058211308393,0.9928900981214717,-0.9862998137086265,0.9455688796270055,-0.9654019082334562,-0.9800521222698808,-0.989829302154177,0.9972240745426069,0.9961400528516947,-0.978044198177297,-0.9888334685142526,0.534412767193749,0.868305960255107,-0.9891335571375847,-0.8820091979871958,-0.9893315567179224
0.7160476076260172,0.9851776060461577,-0.9674896597279289,0.9999999994414246,-0.9119071436619606,-0.8328351520951695,0.9867139751242496,0.4443025713277503,0.9881468558373675,-0.9431186028751095,-0.995819687036224,-0.9320910925521333,-0.8884122716852626,-0.9600083668574366,-0.8978787321026338,-0.8434986144316703,0.9569419568219001,-0.9792103796073549,0.9553436413143814,-0.9148923914788896,-0.9914088049676222,0.9853955459206699,0.9636988839956306,0.5005604506871497,0.9884251615328886,-0.9801842379492496,-0.8760868244489544,0.07922755843039499,0.9862608575335561,0.967103216405356,0.9275642462021214,0.8140266408632968,-0.9749541821394166,-0.9679950217624944,-0.9768853452054196,-0.9815917701053817,0.9821144391575825,-0.9378544604309774,-0.9544647468739706,-0.9967975719334309,-0.8290325569222337,0.9443582998801525,0.9584159155532138,0.9836706123495254,0.9812588973659119,0.9513234176105043,0.9067467913013505,0.9720380584589348,0.9709800143131128,-0.9621100722076799,-0.9904303536603665,-0.9564104766242119,-0.8516199678724029,-0.9809755908663313,0.9902355372522903,-0.9933044158776994,-0.9702495681206688,0.9458635534674624,0.9692361291739223,-0.9796629991531429,-0.9585096656044328,0.9603471744758705,0.9215395991239123,0.9791291937158831,0.9551389382280642,-0.8328758741099866,-0.9803397014053736,-0.9614641029012488,-0.900119636949075,-0.9980529937117208,0.9685797316507166,-0.9783667424990481,-0.394914072245921,-0.9885197510733063,-0.9657168607180029,0.988569936922355,0.9694466287158802,0.9738433919628202,0.6391329396844295,0.997669831859513,0.9505034995101129,-0.9816317593200006,0.9306110217707266,-0.9724061240849854,0.913835059653949,-0.9734059647316143,-0.9574943607161371,0.8925800508665811,0.7550750634935148,-0.9854360309672522,-0.9552538580481905,0.9504791619154664,0.8376748444445297,-0.9332067121946327,-0.9437144186995081,0.9370587167769282,-0.9699574217037273,0.314424791645966,-0.9540380171457256,-0.9525137287371701,-0.7295641426691998,0.920256197410252,0.9613082679916466,0.9894198436469294,0.6953432159043715,-0.9956328007043066,0.8073976177156502,-0.6524884252455114,0.8570075927538,-0.9893310150226534,-0.7434714693049165,-0.9907085166464477,0.9133729467186401,-0.8328568444857403,0.9999648743694668,0.9880989490563237,0.9929186536363843,-0.9528352687244848,-0.9809836307294861,0.9298623107988798,0.9829241147401386,-0.3313878806085795,-0.8349285343187929,0.9615386380074539,0.9469299874507034,0.9884161016293208
-0.9319425979957899,-0.9285994103464479,0.9800351348965599,-0.9119071436619606,0.9999999981237034,0.9711048365929922,-0.9536012006766629,-0.1749218952890942,-0.9133808685216871,0.9780457040526398,0.9193735107619478,0.955750889057442,0.9973587568941089,0.9853861455425795,0.9870393610749512,0.987569164566025,-0.9035961332228829,0.9734885716280602,-0.7638928263215394,0.9976132221627116,0.8661600367871188,-0.9517206093398912,-0.9865940069687205,-0.1032524282904682,-0.9424835856250818,0.9224636411189764,0.9961837290408551,0.29932856125842894,-0.9491558426553213,-0.9839009831716978,-0.9023744865678565,-0.8801744368916334,0.9311859826808041,0.9776461344899515,0.8136878547629367,0.9430271169742835,-0.9685024469527779,0.9632973453355372,0.8558122936862763,0.895859399319165,0.5373754881507613,-0.9827133153456493,-0.942172168727103,-0.9687738758749077,-0.9540379472944543,-0.9846281866229701,-0.9470472055647826,-0.9397271673752249,-0.9396110885035512,0.9682118365898353,0.9004478308635883,0.8913183346985004,0.9266848197229867,0.9566605288103581,-0.9491814719335158,0.9252523125432613,0.9683241832573887,-0.9656720204603795,-0.9489656947092454,0.9434527792849667,0.9878205722442048,-0.9546796692962733,-0.9729336275774331,-0.976258361974266,-0.9915469789444014,0.8851037782878686,0.9690137436245068,0.9868508213438935,0.8438712975922195,0.9317527099000997,-0.9668226827154635,0.936335150390189,0.6778518647517505,0.8676677168271357,0.9543342751242974,-0.8463648113924113,-0.9841644625015352,-0.9690412926666478,-0.7740603330005145,-0.9374478304781769,-0.8076319684999872,0.9449497238686482,-0.9515846243545139,0.9340601345787645,-0.9864528328655953,0.9761290754016458,0.9888178792152743,-0.9986187568443984,-0.9320882027500182,0.9650938345209412,0.9212915425026192,-0.936869759571161,-0.9794895692457236,0.9087111494927594,0.8935157654079986,-0.9287837312571388,0.9839531889949683,-0.5982571663137537,0.8431729690378416,0.9787315331536758,0.4530870856490683,-0.8718999625190201,-0.9542341015842626,-0.8843847114128705,-0.5292729503988407,0.934647393329473,-0.9538522031061755,0.8698011341701168,-0.8966833019979934,0.9556787283499542,0.7969149202913991,0.9563542151824744,-0.9852070224909836,0.9771670823459515,-0.9089381523330904,-0.9544962136366034,-0.9462060571511025,0.9920152469110786,0.9741033087329738,-0.940540466174043,-0.9689452070997808,0.6867075814993789,0.785650485374312,-0.9868924765800468,-0.7711611361061057,-0.96249122433299
-0.9788188195656442,-0.8272904266894734,0.9115552867337383,-0.8328351520951695,0.9711048365929922,0.9999999994666813,-0.8700931582153362,0.05975503015841875,-0.8081184204398749,0.9001928546917166,0.8610404351402595,0.8579980660067914,0.9648262398393179,0.921337624562626,0.9269607027839368,0.9621754899691048,-0.7794961816099536,0.9270439408793112,-0.6331247318784886,0.9808245039205397,0.7594178886331947,-0.8651914429728981,-0.9284119019151872,0.008211591313481632,-0.8519752436955362,0.8150168449477035,0.9699906192772837,0.3170557856074562,-0.8613867141371657,-0.922682459567587,-0.7736739438415043,-0.7558838750242476,0.8252193513600957,0.9450448843382497,0.6961789349640513,0.8473017725841604,-0.897002885552763,0.8714043688070472,0.7170316561545357,0.7989344141562071,0.44992182915214823,-0.9680014086043797,-0.8372192594710093,-0.9179652070611368,-0.865961717552106,-0.9160388343447409,-0.8451638819929,-0.8372068738901054,-0.8366226562396779,0.8834395006199093,0.7937084716310646,0.7626347992372465,0.8223368268770596,0.8705735877237288,-0.8661757986617491,0.8305144615669544,0.8866850482566406,-0.8760328620173253,-0.8511882944361241,0.8468110508746727,0.927819599514279,-0.8584009103006666,-0.8907564537046695,-0.9212014539875678,-0.9393553054519722,0.7587296087492937,0.8958276732966752,0.9269491199511383,0.691726704372405,0.8516680343418125,-0.8829605446410006,0.9058377998036737,0.6286718252913128,0.7553538537666997,0.8591758261679416,-0.7402808938306298,-0.9280401468508095,-0.8901660269405439,-0.649533883581793,-0.8635402178145664,-0.6619375241396561,0.8504959214322265,-0.9580139422307477,0.828520405895097,-0.9212422746377934,0.906272050776266,0.93044903526193,-0.9696721807598396,-0.9909381485918133,0.8938161808369777,0.804470263207564,-0.8274948484876811,-0.9385485278728799,0.7832245820335796,0.7628120482279992,-0.8136915626627934,0.9284184209690012,-0.5386933591182945,0.7020331300457229,0.9027311236297251,0.25092912561063685,-0.7304770372305499,-0.8578495718098132,-0.773733309548199,-0.5824977452088304,0.8493257156439332,-0.8937703222380357,0.9600787267503188,-0.7715506506728019,0.9042546702125599,0.8898569767521797,0.8829014868465088,-0.9183845749473284,0.9353577710584865,-0.8299425919349982,-0.9065450298467672,-0.8650440234364909,0.939037498728434,0.914869689834789,-0.8323264037904002,-0.9200158343423837,0.7814937333715315,0.6158152032198536,-0.9510398316905091,-0.626428763599778,-0.9058285992603463
0.7804396086888102,0.9966035861858324,-0.9940140372807965,0.9867139751242496,-0.9536012006766629,-0.8700931582153362,0.9999999994901754,0.4318438688475256,0.9933859971298415,-0.9842981122463964,-0.9778385894689678,-0.9779172421719436,-0.941342276286599,-0.9901796661034638,-0.9550909082666051,-0.9090863528122922,0.9810084436238903,-0.9870106170033022,0.9215846727719957,-0.9484043411189766,-0.9750071636657064,0.9998894316253231,0.9899303269506446,0.3721220734520052,0.9993601346891389,-0.9940934336450212,-0.9310689355588037,-0.08054869766988845,0.9998200470758359,0.9920476097186894,0.9666214970111855,0.8927114527457795,-0.9943857502666357,-0.9761204001368833,-0.94902614929242,-0.9983574692495426,0.998344207264051,-0.9816037584682378,-0.9655438202588068,-0.9863904317548701,-0.7318592940249148,0.95691956792809,0.9897261246029301,0.9894444072036707,0.9993925211072643,0.9872683000471432,0.9622023178199627,0.9949236747885278,0.9945179414609503,-0.9936235454505936,-0.9896225607002778,-0.9774793053296187,-0.9242784961172411,-0.9994478137717797,0.9997295808037344,-0.9964277891935296,-0.9966232060694329,0.9859513436650753,0.9952136422809339,-0.9979294215616724,-0.9885063571938361,0.9921698725522147,0.9723187663220327,0.9922981997366787,0.9845873898505856,-0.9061760460074805,-0.9984054918972781,-0.989643754342638,-0.9369669720868281,-0.9949035983273248,0.9961082835074597,-0.962525860885116,-0.5386273613280169,-0.9767535192033603,-0.9944149808544912,0.9643959939768777,0.9910137283382956,0.9975841193544129,0.7504344918087824,0.9942644809861602,0.9453888722983919,-0.9986223403112217,0.9255735405293949,-0.9940607832170903,0.9659925284543626,-0.9961754937963633,-0.9876141211797786,0.942464376238302,0.7961032982658519,-0.998545913580755,-0.9844339754315291,0.9851585208148776,0.9097521193466337,-0.9709694866928149,-0.9724812818848988,0.9769844147583875,-0.9909180918953454,0.4644584008896235,-0.9608511080837514,-0.9888476990348385,-0.6950133410100198,0.9552334983288381,0.9925482562276544,0.9838389109956979,0.5881752643580268,-0.9973592042724928,0.8910209396051114,-0.6975721245175884,0.923877612036588,-0.987042342194,-0.7137754009689039,-0.9986005671474094,0.9659585942095157,-0.9065091912832369,0.9853468387077405,0.9841905022161231,0.9990005403875001,-0.9839113177147891,-0.9943508157582626,0.9749690433468611,0.988216058866511,-0.43918089540896876,-0.8840815372890729,0.9782315472702978,0.9268630371799913,0.9920518207039066
-0.17407214249753175,0.5046378389420567,-0.3554641252396999,0.4443025713277503,-0.1749218952890942,0.05975503015841875,0.4318438688475256,1.0000000001724874,0.5274039699889451,-0.374249814682127,-0.3662003405211533,-0.4473154910765069,-0.17463507553158825,-0.33301090495732916,-0.2809282185933546,-0.12738651223460581,0.5786439654938316,-0.2891286786779695,0.6673296862839221,-0.13582304739748763,-0.556987205334381,0.44243521688569426,0.3142902754584682,0.6401625649114611,0.46248005212058557,-0.5258599266526092,-0.14573680397767513,0.25186375425214363,0.4484845665211291,0.3281724816887229,0.5774672585346442,0.504173311589772,-0.5134104680984627,-0.23230152869001988,-0.6105860501705831,-0.47621436242068815,0.38026971295669376,-0.4268520758540183,-0.6508767574518648,-0.5120103630796332,-0.5484565835811703,0.15349097717994117,0.49467653833571035,0.309221466200239,0.4442076882624913,0.3438984023674432,0.45050219261769303,0.49561579297708197,0.4966581078545379,-0.4144268210125245,-0.5400673120148252,-0.6000853305546521,-0.4354725155775033,-0.4358798257171994,0.43432867979365103,-0.48831594423917696,-0.4084058285096315,0.42272960773382023,0.4730552429320959,-0.4780298764894321,-0.31689048266992,0.45976441124953976,0.3786735064263694,0.31767140400237,0.2859606034365677,-0.5204430329820902,-0.38481211090619155,-0.3187909175468395,-0.670163492610826,-0.4371990176711951,0.41583275808007014,-0.25091840609366667,-0.08658916494823388,-0.5738758812177134,-0.4592798994694596,0.5624089453487018,0.31176987690572666,0.40063537223340895,0.44991189571859835,0.4128044119011837,0.6954282968991145,-0.4709074217727411,0.08658478173354642,-0.509021616410454,0.30866333424884673,-0.36567777620333,-0.3101345429453314,0.1640976998511014,-0.19216413888485687,-0.38312668268276573,-0.5439242259156779,0.5077661136849256,0.18171130580427575,-0.5666956485223507,-0.5983906692742221,0.5233683375999795,-0.3101314507430293,0.1119423091909339,-0.6648282515477136,-0.3731619408542872,-0.9268862806753136,0.6317440388634683,0.4609241621266894,0.5606890551562935,-0.016967397524598405,-0.4525480632287399,0.24211017888343628,0.3335983382144673,0.5251886757671334,-0.3210086642605023,0.25323339588198024,-0.39802337099313606,0.3145754182336047,-0.18292357817095437,0.44542950569384326,0.30876653220360284,0.4309619064510281,-0.28707693507597726,-0.33432219673298025,0.4895407173802988,0.3021624205115858,0.4559657096094691,-0.7199560687587097,0.23529482362128307,0.7072881518656575,0.3354071836041648
0.7040114653292953,0.9990304919045496,-0.9759279786616243,0.9881468558373675,-0.9133808685216871,-0.8081184204398749,0.9933859971298415,0.5274039699889451,0.9999999985038238,-0.9656674476257685,-0.9717274644544481,-0.9670775191535427,-0.8992586998667635,-0.968886780700092,-0.9236516926384567,-0.8604513118997023,0.9900599715203026,-0.9657528460914743,0.9569314197537673,-0.9057397613246045,-0.9908338547400225,0.9942431404837848,0.96735169122293,0.4548380875272605,0.996856364417011,-0.9985673966444977,-0.885730358653524,-0.011599712988997845,0.995086410578375,0.9712508881999288,0.9729891690239486,0.8857709659712941,-0.996176224429038,-0.9487830166689069,-0.9750067729983013,-0.9962093633132736,0.985183897955787,-0.9686517220657593,-0.9866846694864949,-0.9950586664927966,-0.7776648036042131,0.9204882298449233,0.9869620647372515,0.9708358831685729,0.9931722690814418,0.9661161424369276,0.9504441230368024,0.9938554589243951,0.9934479986096901,-0.9812941864050089,-0.9992456551922604,-0.9898723606109899,-0.9090047793911251,-0.9921833636603583,0.9942589869662917,-0.9988097648640764,-0.9845726283289147,0.9730983370631876,0.9908273574042509,-0.9956825608179993,-0.9654718461241032,0.985110326806823,0.9527188639133711,0.9728783013989203,0.9582965255182386,-0.9015920458784153,-0.9853621938218354,-0.9671711100298326,-0.9561736292968877,-0.9928264579876087,0.9846912275368018,-0.9433887739928252,-0.4878723082956099,-0.9934188548795456,-0.9878706950820499,0.9831441242105868,0.9691177290708161,0.9851636077328617,0.7376234979015411,0.9894481387057457,0.976369932086564,-0.9957944515695033,0.8869639333447222,-0.9948670348245129,0.9383047635473918,-0.9799900398777546,-0.9638164552645075,0.8997726178558212,0.7219096757125579,-0.9863973901701523,-0.9881402099060541,0.983412394666498,0.8659464751661371,-0.9761403483793305,-0.9832410981286126,0.9763257925156774,-0.9689714871154805,0.4192330121236152,-0.9848080432298231,-0.9709196474832091,-0.7728332519556403,0.9694146802903946,0.9857320100577399,0.9972229940965031,0.5783198288817987,-0.9958507251830138,0.8526722757000949,-0.6113689920904218,0.9203168345547678,-0.971716670339891,-0.6525913289708858,-0.9893333980668393,0.9388637283423692,-0.8626696481621396,0.9872792447729113,0.9679566984573278,0.9939344402601575,-0.9574257862892084,-0.9767084923962152,0.9693462769038526,0.9689613307544992,-0.3387828108748122,-0.9091829200783484,0.9492299144107775,0.963528749185457,0.9768148577891407
-0.8443067624759961,-0.9761582466582391,0.9951238954502447,-0.9431186028751095,0.9780457040526398,0.9001928546917166,-0.9842981122463964,-0.374249814682127,-0.9656674476257685,0.9999999998087944,0.9325473636714698,0.9956525900459697,0.9776109701281638,0.9960032689357259,0.9914585307713977,0.9607486680599433,-0.9709705408447723,0.9713823823975339,-0.8488062912556353,0.9659582996134083,0.9239016336198475,-0.9850280269313368,-0.9924035723737565,-0.20905133063849876,-0.9800255491134232,0.9754233637742588,0.970730134564708,0.2552217563158931,-0.9837521464067456,-0.9926138249626845,-0.97236575767511,-0.9433799460957618,0.9819311400738712,0.9631966706292666,0.8842531429496,0.9845467449977467,-0.9877435967920536,0.9979410506031653,0.9393877106708728,0.9431279446219359,0.6003216401506671,-0.9519331006844284,-0.990391439017137,-0.9708942115779088,-0.9882446226518911,-0.9986921744279997,-0.9900018337856061,-0.986744999268309,-0.9869803290924332,0.9976009688522863,0.9551793423211635,0.9635334128228631,0.9709945596121119,0.9889774999235925,-0.9800001429609319,0.9680099075333849,0.9954658575957143,-0.9985964440232886,-0.991125282313675,0.9856101731094785,0.9948025120993422,-0.9947067961593447,-0.9979582940611497,-0.9810544127198975,-0.9915778431524647,0.9504495880766362,0.9895310507459578,0.9939655480060653,0.937151272229395,0.9620021488668138,-0.9958642980781137,0.9241725274885187,0.6776045896822226,0.9297732507087234,0.9937004651808367,-0.905145444541822,-0.9887322258227247,-0.9939876133281641,-0.8388621921160773,-0.962062985535933,-0.9009328046423346,0.9852499600331315,-0.9053443802825748,0.984089377432639,-0.9958896190837999,0.9929610158430896,0.9943143529486722,-0.9759721776896999,-0.8362401893857352,0.9845931892160794,0.9810222676575223,-0.9888634683522958,-0.966007818207846,0.9757387969301382,0.9666526631279403,-0.9856234348446388,0.9880728204026807,-0.6099287683536588,0.9297794746166602,0.9995069317616576,0.6140654803180112,-0.9547563565837518,-0.9944302471811279,-0.9437057587657254,-0.470261712320534,0.9688839717359647,-0.9571217383390596,0.7487041045767021,-0.961070524821788,0.9596933242503318,0.6839522796617571,0.9786480571226863,-0.9960683937732595,0.964392380643888,-0.9403413513326001,-0.9556769590232217,-0.9758716681906139,0.9925554194160746,0.9826333628957521,-0.9903373598084462,-0.9694583382665783,0.5634275267598716,0.8957437021502743,-0.9740542502135756,-0.8666579614964913,-0.9702224191637437
-0.7455560144913901,-0.9695895471755025,0.9626031799840079,-0.995819687036224,0.9193735107619478,0.8610404351402595,-0.9778385894689678,-0.3662003405211533,-0.9717274644544481,0.9325473636714698,0.9999999980835637,0.9131112802096447,0.8927667668696986,0.9562784892622753,0.8914260306150938,0.8482183497710889,-0.9306029441968693,0.9849791380372225,-0.9321721746873269,0.927915271530354,0.9766627330111782,-0.9752022227975392,-0.9627155214847126,-0.48293360909075794,-0.9771295658767154,0.9618580440785724,0.8823716550121622,-0.09033681601670654,-0.9757046801252933,-0.9651633098159724,-0.8972211284812494,-0.7785893569693014,0.9565161083528813,0.9787862299930543,0.9587720762197874,0.9675325554084035,-0.9774578636978764,0.9214843326388922,0.9237038245754017,0.9853704902535747,0.8257357064584964,-0.9610103386997046,-0.9387688464402894,-0.9880713405557728,-0.9700024684138445,-0.9450499612574591,-0.8845803557143688,-0.9545102363262541,-0.953180195665068,0.9503120686592812,0.9741029409636697,0.9285912734433263,0.8254087340939413,0.9704448753630247,-0.9820204632618961,0.9812811179427713,0.9603757520967419,-0.9309276941064112,-0.9531572554774952,0.9650525015292395,0.956319652549906,-0.9440399551539567,-0.9078040386356192,-0.9810405214862992,-0.9559290781207544,0.7976441695624716,0.9748054751694822,0.9595676439601146,0.8602773099807255,0.9924219604632434,-0.9576921116426863,0.9926220872891919,0.3714623730372092,0.9710912068794226,0.9502876009179512,-0.9747831406131988,-0.9698658423748245,-0.9653874824438373,-0.5959797088613714,-0.9944353089062083,-0.9185971361692506,0.9680410997437584,-0.9568254843015599,0.9538468498269985,-0.9063080060413405,0.9685116097918275,0.9558956907068401,-0.8987247958365284,-0.7925065315580858,0.9812596022437226,0.9311668343676668,-0.9285931940934082,-0.8356091888707201,0.9043724001702867,0.9140306178113093,-0.9121102391617363,0.9706771608526897,-0.2843304482840617,0.9227834635429814,0.9433750417517577,0.6733229707252094,-0.8852353225203093,-0.9450424860698786,-0.9720364506123716,-0.7439216046351939,0.987436025057942,-0.796046037848157,0.6990651189897,-0.8234992346975053,0.9944414089518046,0.8008175329758402,0.9863467947733366,-0.9051703779938987,0.8301789161140968,-0.99594710517,-0.994678781599304,-0.9858219535870006,0.953102346096919,0.9813118437655364,-0.9068672121020448,-0.9880785657819908,0.36542033362364607,0.7854116197417654,-0.9700596039500103,-0.9167990297930957,-0.9908928968039358
-0.8022251777640979,-0.9766824307885096,0.9847891558315556,-0.9320910925521333,0.955750889057442,0.8579980660067914,-0.9779172421719436,-0.4473154910765069,-0.9670775191535427,0.9956525900459697,0.9131112802096447,1.0000000017995117,0.9587079867091721,0.984554162232074,0.9833903247384848,0.9419983542929786,-0.9827436554029085,0.9502333566655092,-0.8581420854870903,0.9380512406908759,0.9238415244763843,-0.9799975153002638,-0.9781446980214851,-0.22102739112935738,-0.9761216542786418,0.9787883291240576,0.9500187732543504,0.2656581234406282,-0.9790913670491348,-0.9792965395114002,-0.9884828558343141,-0.9659272277569539,0.9854174600925779,0.9370869054188683,0.8880102461057001,0.9834934344879781,-0.9770853953346962,0.9995640707665568,0.955889449879249,0.9395142729275489,0.5921599735343809,-0.9201434031608869,-0.9952096662152203,-0.9511005510345832,-0.9843153796787385,-0.9898982826069886,-0.9978700021388143,-0.9893005137317626,-0.9898213120742345,0.994342243814075,0.9565409970879684,0.976866752232812,0.9836171386319583,0.9843068295320192,-0.9729410325502781,0.9648782569339307,0.9901845344473512,-0.9986794875250292,-0.99220283774435,0.9851296901315405,0.9818061008105965,-0.9960769668175503,-0.9970487591532574,-0.9637747915603276,-0.9755969690881426,0.97256722202447,0.9797722320989035,0.9806478799939451,0.9634251805453754,0.9523517904608404,-0.9916288435497053,0.8946844058237405,0.6935254867258791,0.9324357575793162,0.9941325742605182,-0.904253391893952,-0.9730142172834312,-0.9872375937352345,-0.8715607922397237,-0.9499741630455997,-0.9188823644118772,0.9837144371421002,-0.864235619391033,0.987709192136249,-0.9887394514411647,0.9825929840040517,0.9807280040191012,-0.9552168210078361,-0.7857745177133304,0.9734349187181438,0.9904529515414524,-0.9960463175210582,-0.9541914596583175,0.9902447866274119,0.981984033116481,-0.9960718683524834,0.9720480582977389,-0.6337954690636366,0.9468490658249581,0.9936159881685328,0.6606833326178888,-0.9758189704051128,-0.995751013825343,-0.9462254694461302,-0.41131659271791415,0.9618265644367817,-0.955104211288356,0.6904306660453591,-0.9811404902837376,0.9391950352102398,0.6142710299075821,0.9676672374028004,-0.989609627788241,0.9532548938002214,-0.9291669778375786,-0.9337184994502102,-0.9676743531723394,0.9771226868162918,0.9669394357992261,-0.9988327006666842,-0.9489127800399817,0.5220970009765253,0.9327435314385999,-0.9502485613829083,-0.8830493630134969,-0.9523490396988115
-0.938095119418829,-0.9167712490333881,0.9725636009987266,-0.8884122716852626,0.9973587568941089,0.9648262398393179,-0.941342276286599,-0.17463507553158825,-0.8992586998667635,0.9776109701281638,0.8927667668696986,0.9587079867091721,0.999999999912047,0.9792655040588512,0.9929397347685451,0.9958669763348761,-0.8989468609532472,0.9568334478621512,-0.7365450421432707,0.9908527427613143,0.843388358897778,-0.9401698934067351,-0.9784337913454934,-0.04731126226387192,-0.9296916836000315,0.9121392662870601,0.9995272810140234,0.36403459816845907,-0.9372899833853817,-0.9753405245525739,-0.9047071870089638,-0.90073626804978,0.9231004035571299,0.9604953805648916,0.7873536643269232,0.9330636290531126,-0.9567608261568926,0.9649133682543888,0.8469584214719722,0.8747350026865811,0.48478774765842686,-0.9667430978424514,-0.9391640847806983,-0.9514828663214637,-0.9441403257300578,-0.9813128068434205,-0.954714895920286,-0.932872218022698,-0.9330719932152615,0.9639070570224223,0.8839450074520754,0.8857741812829191,0.9426821568589235,0.9467777357284045,-0.9352898787274779,0.9094888475269478,0.9615708088707018,-0.9654909671339669,-0.9431106311222227,0.9341939511556384,0.9814056248426228,-0.9512765102490681,-0.977122521623431,-0.9623071258468098,-0.9844906743474161,0.9032041600471306,0.9581567990065126,0.9796330288451847,0.8474577851595291,0.912427938570819,-0.9607130769124045,0.909208714419427,0.7293906464376846,0.8471767320617547,0.9494830508642808,-0.8205036646235017,-0.973870555726211,-0.960972778679061,-0.8117662534924888,-0.9176338806935881,-0.7928263033807772,0.93499399426712,-0.9275306602598017,0.9268969117477174,-0.9902863386102483,0.9671041712721155,0.9823713055031907,-0.9997134509451436,-0.9272084373920525,0.9520111141911406,0.9182637233074832,-0.9356788341604185,-0.9915177395634003,0.9101883731930501,0.8914795294445632,-0.9303722477084962,0.9733667504115674,-0.6548628911214331,0.8327712985096394,0.9760189398183607,0.4352400585467007,-0.8735829013621093,-0.9505820072298372,-0.8662439807556062,-0.4667797140402002,0.9176672610938582,-0.972434567444035,0.8669171426362975,-0.9115677654670108,0.9350660816973785,0.7617922504620502,0.9411982131176154,-0.989326032985075,0.9899937570587622,-0.8849052824003703,-0.933040987189401,-0.9307673136936474,0.9857147758049012,0.9604558585347303,-0.9439310792524724,-0.9513581876726867,0.716115172158737,0.7968137958720704,-0.9735317932105718,-0.7503875746848603,-0.9446083792244672
-0.8566266874637106,-0.9780947038563231,0.9995241529224946,-0.9600083668574366,0.9853861455425795,0.921337624562626,-0.9901796661034638,-0.33301090495732916,-0.968886780700092,0.9960032689357259,0.9562784892622753,0.984554162232074,0.9792655040588512,0.9999999994837026,0.9848477610933093,0.958276733792493,-0.961666653217592,0.988456253866351,-0.8582931393071966,0.9794010467923125,0.9345383922546752,-0.9896641192524523,-0.9994207212099773,-0.24238676575964305,-0.9850060914630254,0.9747445644744241,0.9728785526016086,0.2004123577972694,-0.9884310847097779,-0.9994215857052919,-0.9556051113791914,-0.9099863190518874,0.979499228915405,0.9833347100145843,0.8957351508603209,0.985898533349997,-0.9955032366432994,0.9892672563289536,0.9308613618249062,0.9543217741135356,0.6393366312027378,-0.9743074863334077,-0.9834617756892651,-0.9877157809321165,-0.9910572948658922,-0.9991927521220504,-0.9736029277646133,-0.9838732117573404,-0.9837226258168569,0.9958839264607331,0.9602435762165866,0.9541044155003583,0.9460649867585252,0.992169774232522,-0.9874716946642814,0.974842022332063,0.9966410475846318,-0.9920602192625353,-0.9882778645567688,0.9861315793166585,0.9998479521651371,-0.989877713858676,-0.9887443331807374,-0.9940134771625805,-0.9987076384263943,0.919047033222944,0.9961490944134683,0.9997778552357199,0.9142861356054592,0.9749677121662325,-0.9960059528739539,0.9537019658332794,0.626744187842748,0.9372430453770266,0.9904424985444423,-0.9186207229173841,-0.9981199178681224,-0.9969223187805166,-0.7881495737187469,-0.9766880882265299,-0.8962632147448998,0.986848575762784,-0.9389382968325548,0.980894144243008,-0.9902787577514012,0.9985348738939689,0.9997008934990689,-0.9797619177672907,-0.8611921708047717,0.9936260036269114,0.9717094050138755,-0.9793475088194987,-0.9570616568636554,0.9604436333383211,0.953559545131121,-0.9723448754183632,0.9978434544742595,-0.5515562280335272,0.9221514537037799,0.9980109927202675,0.5982449150478025,-0.9359525050711803,-0.9898122728800033,-0.9494321757104894,-0.5445022034797801,0.9786980290895017,-0.9381923261475014,0.7769342320360226,-0.9330528258054095,0.9794059524230272,0.7423870566462835,0.9891492633656152,-0.9898777970218614,0.9545081494464288,-0.9577231968802015,-0.9768141434885271,-0.9851145685317424,0.9988309616181,0.9945130825653012,-0.9767448835178405,-0.9869079575378866,0.5601209594365889,0.8618650330107941,-0.9901062497464274,-0.8674323234280917,-0.9864593080338067
-0.8961728986416815,-0.9395966554132108,0.9799749770945406,-0.8978787321026338,0.9870393610749512,0.9269607027839368,-0.9550909082666051,-0.2809282185933546,-0.9236516926384567,0.9914585307713977,0.8914260306150938,0.9833903247384848,0.9929397347685451,0.9848477610933093,0.9999999982016953,0.9872658651495664,-0.9350955281247066,0.9514442917531314,-0.7726830513125924,0.973733583849548,0.8671385379116129,-0.955582929021379,-0.9806538034536647,-0.08163045057599824,-0.9468419845729753,0.9384180428459522,0.9897089716569534,0.3669602008791835,-0.9532572524104312,-0.9789391898575869,-0.9450131656975513,-0.9446098497643428,0.9491103963842171,0.9483564486428712,0.8163838408390398,0.9534518954168988,-0.9646590927115025,0.9862861934442643,0.8899395030906485,0.8936409262181132,0.498692531149804,-0.9464010624222878,-0.9658709131722264,-0.9480775364207202,-0.9606926825827237,-0.9898384867926354,-0.9828676798901391,-0.9574088213316031,-0.9579203929979258,0.9801497214320201,0.9086629170810949,0.9241124098900264,0.9748098998431266,0.962337448337931,-0.9484452231087834,0.9281926645994417,0.9756476944174154,-0.9852426708278278,-0.9654826778794652,0.9552017958574115,0.9849441011823764,-0.9735007702493071,-0.9944240790452272,-0.9616670038641923,-0.984087706040041,0.9472514936819001,0.9670856846597562,0.9829214052245352,0.9005037475675817,0.9230841939101552,-0.9760518974165928,0.8942306278461863,0.7513238543262027,0.874155406664833,0.9707807505061323,-0.8435336776348847,-0.9745783333978678,-0.9733625283983485,-0.8630328042900192,-0.9251139315305705,-0.8385027555414628,0.9547415248923581,-0.8956877548340052,0.9528989049531322,-0.9991909794049968,0.9748170854395636,0.9851097763743876,-0.9905016586214269,-0.8765450060625125,0.9595066650596867,0.9510335331960298,-0.9651005154222748,-0.9914690979309657,0.9485945079994524,0.9317042950302025,-0.9634534810152968,0.9737197317377557,-0.6849520091378334,0.8767199548955915,0.9883381265746785,0.5148455092241541,-0.9203987749058993,-0.9727963041706434,-0.892714148213666,-0.4118893631860495,0.9313803131107082,-0.983830634603039,0.8034701986539768,-0.953857828321139,0.9313193486929018,0.6897109941580355,0.9493365008753626,-0.9990983749014473,0.9906321422628839,-0.8942532682280773,-0.9274504574648508,-0.9426888368340792,0.9858834778847282,0.9619164452190802,-0.9740103593975635,-0.946981294644627,0.6638738565388554,0.8616647851209361,-0.9637747807627163,-0.7947775342540908,-0.9439367489495447
-0.9540808737779004,-0.881510638395067,0.9490641813549529,-0.8434986144316703,0.987569164566025,0.9621754899691048,-0.9090863528122922,-0.12738651223460581,-0.8604513118997023,0.9607486680599433,0.8482183497710889,0.9419983542929786,0.9958669763348761,0.958276733792493,0.9872658651495664,0.9999999998406774,-0.8678412026049673,0.9266327522963018,-0.6768016041871348,0.9784959609154817,0.7938745914533712,-0.908169419157364,-0.956148268331246,0.042578289697006916,-0.8954065339039294,0.8774780197173186,0.9975071336597994,0.4454998384349971,-0.9046638904933253,-0.9519687918070276,-0.8811225444441391,-0.9000758400022031,0.8914318866930508,0.9324502710642654,0.73143453260789,0.9011563146624758,-0.9275098545962912,0.9477443774354084,0.8078877874952681,0.8291424523412405,0.4033669033999978,-0.943684274754841,-0.9138235506880371,-0.9196483556813648,-0.9138272106877467,-0.9628097146772076,-0.9428816471009955,-0.9033700999381393,-0.9038583639090664,0.9409982072739762,0.8419776834869989,0.8526844071638388,0.9404401071920121,0.9168766370090704,-0.9011650153640102,0.8707850196250032,0.9363273666137698,-0.9465974925801856,-0.9157538167136454,0.9029551716535231,0.9608655616955493,-0.9271762355849256,-0.9649898567845968,-0.9336555552123863,-0.9647283182037238,0.8991502028259218,0.9296383794523784,0.9581434585180356,0.8207668701662646,0.8723346590659923,-0.9358058732122957,0.8695636984325756,0.7812957796526065,0.7993074805065298,0.9238564396244595,-0.7674046563915352,-0.9494188516710282,-0.9346902431823171,-0.8318642784068534,-0.8781753402195211,-0.7452272157845072,0.9033476826432675,-0.898942177880531,0.8964255304594315,-0.9810930826296144,0.9414567390368187,0.9621173498025143,-0.9944252690280909,-0.9322489631873394,0.9211867384439523,0.8905524730811466,-0.911657528397025,-0.9970674950411479,0.8862050346774024,0.8622241548189438,-0.9085772306242397,0.948679196658318,-0.7108891102191919,0.7913710716082903,0.9567727026446351,0.3730165182900089,-0.8467042323944555,-0.9261601263720541,-0.8215316597098765,-0.4014236343630093,0.8793612840711788,-0.9821121983833625,0.880683053694571,-0.9038654666798821,0.8991063910026701,0.737195530078661,0.9074426729466681,-0.9801576013479254,0.9963372709173326,-0.8393593875599288,-0.8967560718054637,-0.8951427492656892,0.9667087146576411,0.9313409933552778,-0.9256739694039788,-0.9195402683187412,0.7699530346839343,0.7758029731540944,-0.9494107692606927,-0.6957997733021315,-0.9108977728554607
