1.000000004157697,-0.9272313583350298,0.696543507046594,-0.9541340094922083,-0.5365764495553444,-0.8920086183953281,-0.994907214053244,-0.9950960357143037,-0.9378940498979463,0.8891967847892359,-0.8613310501143371,-0.9874109254655531,-0.9484054225465587,-0.9876686736028414,-0.2561818699850888,-0.9868870328601846,-0.9620721436927006,0.9010547538767523,0.9523915823801115,0.7284305781605567,0.7600065532470791,0.9013231675697488,0.9860753670603435,0.9122952414625941,0.6030913087646096,0.9182963453323246,0.9684645591049752,0.9956157833606812,0.9345449437418293,-0.9801739109363146,-0.9795028260815603,0.17300517581891414,-0.9158064307227658,-0.7679740267940729,0.9626964773713915,-0.6666973566363839,0.8190831168316903,0.9797764882795076,0.7298216850266823,-0.2537734466003657,-0.16341402054523135,0.9616360285985672,0.9545984966610553,0.94765143086782,-0.7067171971808741,0.7882949417226217,0.7566262838093346,-0.3301578437684356,-0.4867939426544309,-0.5104741055101977,-0.8546406530918492,-0.27595075452114537,-0.8911399670262896,-0.5957076923008434,0.8124603527396284,-0.7585955142593814,0.7297684274685174,0.6534986681856398,0.9989681568228828,-0.7977036496885778,0.5368910028671001,0.5617477979326437,0.4713711073791712,0.7564827969392848,-0.36545078703996003,-0.9108729233607078,-0.747485085614072,-0.8702955179456976,-0.08500259506614936,0.8865025866684978,-0.9654536369202849,-0.1402930343273107,0.9560776567069269,-0.8746325267557885,0.9239980474808596,0.9814424697618721,-0.16713904403893648,0.23641164913276835,-0.6049441133935205,-0.813104902164934,0.48667395904719185,0.4958404277868944,-0.816418014883501,0.8873586979391407,-0.9630758095223699,-0.7323180085787667,-0.581117434774012,0.9725862534311913,0.9060472084077622,0.9410995773227504,-0.9573388144939802,-0.414284976280875,-0.6199766717414601,-0.14239955751446787,-0.8336142057438208,0.9744822523449844,0.8733762965811185,0.9742937503396154,0.9501958797248278,-0.8980635947667068,0.8091962314069807,-0.10003919223825813,-0.7962918387772373,0.9809160227017154,0.8095411395589607,-0.6777663285388879,0.8339056681827334,-0.9857814275686896,0.8984934171938076,-0.873305619563135,0.5276296211602314,-0.8654575087241779,-0.8518353559451921,-0.029820545890944534,-0.9627529132204918,-0.9904116369683891,0.9941758595802003,0.8122617849356544,-0.9028714378677754,-0.9451051779310654,-0.7580129941765276,-0.9205930181551346,0.8599940753992863,0.5592423544618365,-0.9611414956738686,-0.8039909203486858
-0.9272313583350298,1.0000000021000601,-0.9068503933868978,0.8834833276914391,0.2726149246214125,0.9883774195730742,0.9566543030928105,0.9374922665145495,0.7679815087488442,-0.6746856316556897,0.8232936221553167,0.9057158287721664,0.9196845714747788,0.8686979715470212,0.2736154999671884,0.9594681343751166,0.8461893396188175,-0.9960197435628375,-0.8640699338753917,-0.44012359323654626,-0.6510803721136482,-0.7055528411274358,-0.8789605072349549,-0.802288853478496,-0.3444775462864991,-0.9920232962198422,-0.9357587111462587,-0.8943388060465493,-0.7899158843368698,0.9788225860077613,0.930790046203619,-0.32802147761975453,0.7026554389890353,0.47780925443825695,-0.7937296029286633,0.8297006958057179,-0.6514990150910119,-0.8791465280338371,-0.694541197864799,0.5770462067675866,0.4739618699899513,-0.9016721441121509,-0.8268614127286555,-0.8977208825902127,0.9000793289183743,-0.819311597707683,-0.4855120934038198,0.32740821663727177,0.1260856539107418,0.6814508975476963,0.766294182680066,0.25351653232231885,0.8141142358079712,0.8247075926323117,-0.7360796676752197,0.46635970883683014,-0.7958354867057839,-0.8679900845539437,-0.911673956123499,0.5516498631182439,-0.6955646732353485,-0.8060169171040416,-0.3036369188288902,-0.8367037033099813,0.224352775676803,0.7077352984666395,0.6785780672590839,0.7917583827161792,0.14276849933587968,-0.9929473257599979,0.90730821089271,-0.16536051194368384,-0.9834757763938989,0.8876593237174604,-0.9598583114459086,-0.9419093540081108,0.04932696950640987,0.040163286885425,0.28359678555997786,0.9249501582196463,-0.5331047814043507,-0.18603449644932776,0.6937355160259534,-0.8609550346077488,0.9072352324827928,0.9192435553643654,0.2568397430153707,-0.9798240492791358,-0.8040823558141846,-0.7965372027061456,0.8743741342987084,0.7232185220910825,0.8680314395212756,0.4373706755002696,0.831998113829976,-0.86026964105122,-0.8191080416222473,-0.9337508809837249,-0.9555582698642628,0.736381515901377,-0.9673682290991213,0.24770561067156036,0.5338620466961712,-0.9711869256475109,-0.9702773127498123,0.769621305228503,-0.6080628016775401,0.9273746278681234,-0.936149764340559,0.8268864966825659,-0.7855989009800712,0.9899617296124988,0.9113863881101952,-0.30778021498069985,0.9922536109778636,0.968273374573418,-0.9451862115419447,-0.7906197616515778,0.7472812093585848,0.8342546344699145,0.9468025050562908,0.999782836499881,-0.9839267000909397,-0.7838878820885511,0.9605700050738621,0.8114049820186159
0.696543507046594,-0.9068503933868978,1.000000000389508,-0.7134252012511619,0.14597852072145528,-0.9448947390812755,-0.7638932221055024,-0.7361693611951272,-0.5009708827000826,0.3784984091954343,-0.7317917138852227,-0.696088096938657,-0.7864975884686607,-0.6162344392340405,-0.0814252362281951,-0.7887313480027351,-0.6263652339135045,0.9151193969419266,0.679307224883182,0.022878388942486602,0.5377915790992172,0.42966210850884784,0.6444183550407311,0.6212944654145208,0.1151316932455732,0.9227005696378913,0.7837534483859998,0.6489375931387169,0.45866978379179646,-0.8017046741894435,-0.757069830201753,0.5821521647025674,-0.3497409295648727,-0.07549612780580806,0.4965557151574922,-0.9410107584366572,0.4542308963620662,0.6593060531207227,0.42514038657291237,-0.8674704904330068,-0.796072769208198,0.7350605059768316,0.5998421440847341,0.7493008544080693,-0.9940072854080022,0.8105377727397638,0.07243782740177673,-0.43037072229959206,0.28208990703039466,-0.8548656219025099,-0.6344365557726618,-0.3518726635391128,-0.6752986333225791,-0.979957611584761,0.6329930822994222,-0.06087904986199844,0.8333672764666851,0.9921105823618115,0.6646335084656401,-0.26280065286251186,0.8542573112081039,0.8667085880841425,0.21771055879974652,0.8717089871432382,-0.19151635440508846,-0.4125221000638122,-0.6068307049989877,-0.6616790225615902,-0.3457551895843645,0.9485442778792732,-0.7391511212333535,0.3499778738515767,0.8698575503034479,-0.8269057814459647,0.7901762165136677,0.7722872549509681,0.24142147489459984,-0.43431590228367106,0.04476056604734733,-0.9462288086818175,0.34694837933459155,-0.24404705447278982,-0.5451717465388337,0.7658646534036836,-0.7428222214229111,-0.9961418608859531,0.17269394481640513,0.8402710284653467,0.6343844829607105,0.5600772668692963,-0.6910284422461553,-0.9353804745190538,-0.968395422361225,-0.5716118878331504,-0.7808800765778665,0.6310353710605066,0.7086472392784483,0.6992555271199221,0.8414555285737562,-0.5071790215549121,0.9840065055595613,-0.2035944090203808,-0.21856005326002975,0.7803256934733704,0.9769816382920544,-0.6270756061433097,0.33013679891666536,-0.6834155125258078,0.8759748076391444,-0.7229573794713539,0.9717374686438088,-0.9485165858238952,-0.7493489869352035,0.6791752202797192,-0.8474547826461901,-0.7889763167155377,0.7509602255389025,0.7335771856108999,-0.5224893728049483,-0.6323808972330054,-0.9763549132732277,-0.9153254553125632,0.9271389525483834,0.8098713921320737,-0.8335108593940307,-0.5857500575064826
-0.9541340094922083,0.8834833276914391,-0.7134252012511619,1.0000000024265474,0.3364411841465773,0.8908026124326099,0.9618664255395203,0.9764751810432902,0.9604316581578537,-0.9162041754285533,0.9724242375645409,0.98890635736233,0.9938431206354009,0.9707062877500959,-0.04382606664819917,0.9740330998882127,0.9913176560872773,-0.8385905717640016,-0.9988739812919398,-0.6152647229190996,-0.9153997002751918,-0.9384792971057562,-0.982144912879328,-0.9883703638036333,-0.7433083934201271,-0.9126779608912656,-0.9919231993476041,-0.9661385482094867,-0.805170727975715,0.9148664109255907,0.991924452462429,-0.4262798673125263,0.8478486913482068,0.6936395835597724,-0.9370439125006613,0.7798741574246939,-0.9309258378134311,-0.9902208784805039,-0.4920226485406623,0.3352013078663603,0.2973201809132799,-0.9991803636510027,-0.9873726607991654,-0.9983953788880632,0.7532266399867208,-0.9214857523032594,-0.6316612533015682,0.5969045617165318,0.439520122040984,0.6816974425901671,0.9696964530320217,0.5510589141046363,0.9858566457076189,0.6680969289923763,-0.9493383942155454,0.6795219462748576,-0.8764199396262298,-0.7076644626419805,-0.946209555817297,0.8627800254457267,-0.7075343228423955,-0.43664672884574623,-0.6924299882782352,-0.8838363411381887,0.6128847501022149,0.9276957633631301,0.9118544871813334,0.9774577079619925,0.3744292137479225,-0.867010359436125,0.9984730364326841,0.3155297073529862,-0.9525063653533062,0.9654041281453759,-0.8012670032205677,-0.9875904726021338,-0.12243617631360508,-0.023790687025051063,0.6672276270828379,0.8824030756969339,-0.21042556989498032,-0.33507209159260093,0.9448326450472662,-0.9809475185709324,0.9985717371737219,0.765087045330907,0.46446081759389607,-0.9582423467899325,-0.9881723861991413,-0.9795181194596665,0.9993989166939823,0.420057645384857,0.5731716301366656,-0.034798449811138436,0.9533452593661982,-0.9877648492719959,-0.9788549613864245,-0.8664056408710614,-0.9777847750077774,0.9645317493233537,-0.7990196108099006,-0.17679003980366315,0.8394893771238121,-0.9044095334350838,-0.7781300984151925,0.45646115627542316,-0.8964319180533211,0.8912778817167024,-0.9587931353730135,0.9783025446364462,-0.5932995508764146,0.8184993237997067,0.6886173972828404,-0.1014759653386064,0.9029514289547479,0.9553954294627099,-0.9746908857508922,-0.9467161967972999,0.9690171439137761,0.9939825019803141,0.7112789621115664,0.8807002355296025,-0.7856349301432519,-0.4024426797105487,0.9777336216004888,0.5964922518771084
-0.5365764495553444,0.2726149246214125,0.14597852072145528,0.3364411841465773,1.0000000082380995,0.1385840368608911,0.45354728665124094,0.45642015579621376,0.5382032034673572,-0.5856739689913635,0.12401003126317837,0.45311598332555125,0.2674576296143329,0.5501662300030689,0.6497710114667101,0.39338591783516114,0.4452725168052043,-0.2651222047064218,-0.36329654046315146,-0.9301473387191204,-0.1179741586762481,-0.5391787932494265,-0.5046217988458612,-0.3267031381098177,-0.3392058310157444,-0.1926346443951269,-0.32401139672572354,-0.5488727051397035,-0.7969285327371481,0.4527980275737132,0.3754290753688151,0.6960592154883517,0.7802361036424952,0.8692302917218754,-0.6402217926378616,-0.2697664051681713,-0.3186479187010483,-0.4635817021880558,-0.7672827593259882,-0.6020193649617539,-0.714927005429562,-0.33806159056633645,-0.4550491971087942,-0.2910793696096862,-0.17384478774239023,0.05561280027892316,-0.9348862805425769,-0.4155125563665111,0.8378166234552402,-0.4488376053847153,0.19551120433532979,-0.4179323223521287,0.229400411211986,-0.3192398044656281,-0.1190798305731726,0.8788963496434854,0.1582603280374234,0.240696994607214,-0.5734080112611155,0.5314282086603332,0.41908879111070046,-0.03593482307212992,0.011347312145907935,0.1342320851021206,-0.14146464847451276,0.5945125899969675,0.03123185663109221,0.20037387862005873,-0.6388653093736847,-0.15665577761223284,0.3453263664619542,0.19440564109496708,-0.27605609089963823,0.08584315517934933,-0.48777618310618487,-0.3736083864652395,0.8191331887575762,-0.9467868224853788,0.5958109856142142,-0.051972456815668214,-0.6312767519860242,-0.983011677690405,0.21218255522558505,-0.14834507578132283,0.33590737091457296,-0.1278128715735612,0.9470740445772154,-0.335475248033672,-0.2996407976133778,-0.4667185755061464,0.364992210974906,-0.3763574384066838,-0.10615003135882992,-0.08054351877862839,0.038787171337484855,-0.47824131504718026,-0.16538129442616323,-0.5987072453236595,-0.2481428892935575,0.4248180582723398,-0.029029023997565215,0.34160779885464576,0.6008307595928831,-0.4887952326143167,-0.06703279470023323,0.5114961575233573,-0.5155861898039331,0.6049244528570997,-0.11408182315261765,0.15359059141222187,0.37520441822718803,0.17487229548547983,0.5058931456721478,0.8169477198083617,0.3861794917539346,0.42986519028222325,-0.44386652306009505,-0.03509239881511569,0.4171587092600927,0.3926811293158175,0.03501444981208073,0.2524011746190941,-0.22826517852406408,-0.1296870128918847,0.2831240377321919,0.6623960940756913
-0.8920086183953281,0.9883774195730742,-0.9448947390812755,0.8908026124326099,0.1385840368608911,1.0000000015648465,0.9326461371452095,0.9171184632435766,0.7493664357443788,-0.6514002693839637,0.8658261940217382,0.8908827848902503,0.9332779289526513,0.8396596409215032,0.13793200745194514,0.9464107968534154,0.8388968957830333,-0.9793045066872702,-0.8689553294170411,-0.3416633760025907,-0.7033207604479215,-0.6897711863277814,-0.857729615333736,-0.817528608180143,-0.3671805384592255,-0.9980605002228593,-0.9385982609441877,-0.8622607371696757,-0.7055262886271567,0.9457397405075871,0.9260698133193315,-0.4675394104157229,0.635942242666539,0.39675578917308296,-0.7530831286704652,0.9047189273052556,-0.6745579285197487,-0.8655261515707314,-0.5778646364175536,0.663405728028993,0.5827017287808152,-0.9067961573152811,-0.819384477015088,-0.910485276945958,0.9490738598160253,-0.8828286533104427,-0.38420325153556656,0.4483492962831121,0.04742187622333898,0.7847861499118949,0.8029193901128014,0.3754238429456549,0.8430446147567592,0.8913894676705075,-0.784681821571498,0.38284180792222033,-0.8710963936154273,-0.9239080520311563,-0.8710601249221264,0.541241994019275,-0.796661139740674,-0.78456824402001,-0.37780276827324444,-0.9052123305266765,0.3150320654621048,0.6814647840142304,0.741133765803825,0.8262265402192459,0.2841588127015439,-0.9977522855200501,0.9106252265545063,-0.1324580254089366,-0.9832073921170044,0.9286925093525406,-0.9063335266469698,-0.9357193671509589,-0.10212675598084284,0.18096826591727516,0.26089121985783603,0.9715307681994317,-0.41209651676605963,-0.06312383995914286,0.7313158957034741,-0.8971722569491118,0.9120500581511627,0.9608686308436457,0.15167971754488627,-0.9714611483459507,-0.8233538027777368,-0.7890994403894093,0.8780411221557195,0.7721917200652024,0.8829039187493315,0.40108173013498855,0.8841823624597019,-0.8458758026888425,-0.856531128253001,-0.8751218665428617,-0.9662070097192678,0.7393018704148077,-0.9846399079947363,0.14316795624479278,0.510902210818652,-0.9316755106828419,-0.9782031677578483,0.6802373562935633,-0.5994888434139544,0.8721001976339279,-0.9669271139341705,0.8652970640739024,-0.8538614679848898,0.9850121557140322,0.8431533863714747,-0.42006358642280556,0.9664977254051641,0.9458535477201129,-0.9257451117402236,-0.846537792247001,0.7509771846722688,0.8367919236581216,0.9521725024615617,0.9909335942711108,-0.9663374769736005,-0.7448865288941026,0.9652286216514376,0.7149779910564039
-0.994907214053244,0.9566543030928105,-0.7638932221055024,0.9618664255395203,0.45354728665124094,0.9326461371452095,1.0000000035550882,0.9975358156362123,0.9176632143756671,-0.8577527685299285,0.8846354259365986,0.9866998435808311,0.966227048301039,0.9751846011709534,0.2222404935193126,0.9973853137564973,0.9564962170762722,-0.9327113759598097,-0.9558535389505765,-0.6556580949099542,-0.7703771500943302,-0.8761603145245965,-0.9783365589229248,-0.9139325993589426,-0.5716140506582685,-0.9532652966484794,-0.9825365112638255,-0.9858151388006832,-0.8985850204427802,0.9893768584394683,0.9882826700332316,-0.25071777209215884,0.8715490730066895,0.7010962459633028,-0.9362435334011437,0.7357455989319894,-0.8099739312971315,-0.9755709898506377,-0.7010738029571095,0.3495052354425817,0.2618354572795021,-0.9709311256427793,-0.9464846099142504,-0.9610304360190303,0.7743783608877594,-0.8302678931595306,-0.6869086069566187,0.3742313530026898,0.4011141083698689,0.5868068160474714,0.8660729869605324,0.3153626319751533,0.9031223401213742,0.673669926293695,-0.8291454442997411,0.6903480886980327,-0.7811256198544303,-0.7264044623724873,-0.9893054405529096,0.7622496601737297,-0.6106393384709385,-0.614382767653702,-0.47122108434929433,-0.8090436326025378,0.3735682526477265,0.8811665148069358,0.7686994139500852,0.8832954311177184,0.14241501095141218,-0.9268688674488867,0.9746165650827008,0.0934035988846702,-0.9807321137458058,0.9077677994881537,-0.9329632295468739,-0.9916040374562824,0.09987857393965724,-0.1427028174676833,0.5469386294079823,0.8661481016026267,-0.4676976458451346,-0.40646727568511787,0.820630449307727,-0.9114945122224496,0.9731131493302532,0.7969217283529746,0.49619457982382376,-0.9910754769711742,-0.9104023308175027,-0.9294191108119199,0.961571237017553,0.498724184437679,0.6859252737661953,0.19185139256624462,0.8665397732930459,-0.9672585558466761,-0.8921331560117742,-0.9676663068651555,-0.9738259970734624,0.8853970416904947,-0.8620697512899178,0.09828985849246442,0.7536554941249273,-0.986471682427965,-0.8599943603419452,0.6815010513874092,-0.8037303766717795,0.9769290823689211,-0.9337340886470087,0.8939127772145352,-0.6104006430738226,0.9058866687084847,0.8593811003943111,-0.0711149234118411,0.9799622228860192,0.9990821985270353,-0.9985816099883175,-0.8419914857160359,0.8917422693994874,0.9432571901393836,0.8121327881894275,0.9520129506999954,-0.8962362805228681,-0.6024664889133665,0.9819488200690315,0.791483034725616
-0.9950960357143037,0.9374922665145495,-0.7361693611951272,0.9764751810432902,0.45642015579621376,0.9171184632435766,0.9975358156362123,1.000000001394843,0.9421482415904183,-0.8891560531929054,0.905397759452678,0.9956740733350994,0.9750577847274887,0.986309282660153,0.17149771773215552,0.9966689876518608,0.9746145085764774,-0.9076059467463435,-0.9729761509920034,-0.6752232260595126,-0.8081123895597744,-0.9065903964195658,-0.9899204564505296,-0.9388219280491987,-0.6277503502156085,-0.9400617789890712,-0.9883645487306921,-0.9925138990030505,-0.895455250332883,0.9767724967305197,0.9945127737286547,-0.2694356934531084,0.8875907301150414,0.7269969633088726,-0.9528709179014948,0.7298738204325302,-0.8486417396073904,-0.9885724530845187,-0.6662665609973593,0.317715069495035,0.24035343498926445,-0.9827381937650715,-0.9668004455014126,-0.9736027136912502,0.7536568335429167,-0.8452992387506508,-0.7021808287523422,0.41624330853562985,0.44163743366879876,0.5894649870099317,0.8943493016673733,0.36152451985491674,0.9265275224679387,0.652473341823983,-0.8593642092813903,0.7158004040552884,-0.7936576172633898,-0.7041474972010853,-0.990382610008933,0.8042393668758612,-0.6148199598479076,-0.5597608265330442,-0.5281380492508821,-0.8165079674452919,0.4313051814920229,0.9093434773584298,0.8024310187201806,0.9089384868137459,0.18037506593893585,-0.907069954830435,0.9854460350833013,0.1626648958838399,-0.9740854268726991,0.9182939562905403,-0.9062795131562901,-0.9955778122915322,0.06947439404048172,-0.14604482794592188,0.5992328032851856,0.8599193672476111,-0.41621395956722823,-0.4219614222741418,0.8558126696241402,-0.9278202487714159,0.9840278905567281,0.7748298286682409,0.5204744819509349,-0.9854267711025447,-0.935172002664157,-0.952962701508711,0.9772468696768492,0.456460650841552,0.6431024683877383,0.12304479838255122,0.8837726037622191,-0.9825785843101207,-0.9141881906044308,-0.9536506214671178,-0.9751597517496252,0.91584617449518,-0.8368812180990188,0.033840584189150646,0.7944026395952758,-0.9732270980211487,-0.8310762108041989,0.6320918269667846,-0.8424670219474572,0.9674533660943166,-0.9359913470338258,0.9148198930218752,-0.5843471343703228,0.8793035332023604,0.823198281373289,-0.04599759381210247,0.9640653261205616,0.994110052723936,-0.999736716188718,-0.8643530766865671,0.9212968076626714,0.9638538523871728,0.7770732706969563,0.9326045247386135,-0.8653845530290744,-0.5454854490907731,0.9823162358317512,0.7554879946095203
-0.9378940498979463,0.7679815087488442,-0.5009708827000826,0.9604316581578537,0.5382032034673572,0.7493664357443788,0.9176632143756671,0.9421482415904183,1.000000002203248,-0.9905379865553964,0.8988076177800873,0.966916766544796,0.9247269112718793,0.9806192574221299,0.0063239629279635,0.9170778324698137,0.9882307612141931,-0.7144783018224298,-0.971971171025403,-0.7947152016563495,-0.8886297499633199,-0.9955359461059733,-0.9800402940766849,-0.9720726528375917,-0.8410842174097497,-0.7866024206346381,-0.9301569864886889,-0.9661740390839542,-0.8691295880505234,0.8543249363977071,0.9438355242003925,-0.23032329127369944,0.9454754837589628,0.860401349785733,-0.9873322391773057,0.5770353046216692,-0.9536258486525045,-0.9799671464277139,-0.5242286783650836,0.059603297663491296,0.02360555437995151,-0.9536364232732476,-0.9924295784508925,-0.9431043146396572,0.5438750472363649,-0.7980342518834733,-0.7997490179813987,0.49779026222068745,0.672302404138762,0.46967333384979576,0.9316718291170144,0.468169571119686,0.9423908527797128,0.4349582290101125,-0.9000705319478194,0.849853748956237,-0.7287931964697419,-0.4853250572364566,-0.9424048446311095,0.9566229366361646,-0.5023647993322479,-0.2502671101161234,-0.7131081486475918,-0.7292383298141734,0.6156924268867822,0.9949297237401977,0.854846693724394,0.9333085561454119,0.24544793762360737,-0.7238709707122332,0.9525712677833431,0.47498716945080754,-0.8560807554811328,0.8596678755196115,-0.7345362074122723,-0.9344934511444928,0.02923560804053308,-0.2624954695177824,0.8316249232513298,0.7166360071598898,-0.21438533723177142,-0.5621312437241138,0.9308707827969652,-0.9017265693459243,0.9505177276698029,0.5621038770318975,0.6827080409526772,-0.877960266241107,-0.9649202990425892,-0.99619193854519,0.9694753432825889,0.16277189553642946,0.3575442548846792,-0.20901708398314872,0.8534052115470545,-0.9869122036425486,-0.9174844801055378,-0.8463571912541723,-0.8889991739096532,0.989199088880409,-0.622401768588649,-0.21398115827337613,0.9513045629551399,-0.852945089926919,-0.6055521135706329,0.396950138359426,-0.9735179669891388,0.8794065648027904,-0.8418998619383065,0.911431671660177,-0.34674893854098254,0.6717385959371097,0.6219991791702104,0.17524179056127748,0.820123794385796,0.9005274711240656,-0.9344889932473794,-0.8588041289834554,0.9890057990012429,0.9831945217645169,0.5269965530996715,0.7600527130211225,-0.6473560438057797,-0.2391912172676183,0.8953828265694861,0.5835543237634524
0.8891967847892359,-0.6746856316556897,0.3784984091954343,-0.9162041754285533,-0.5856739689913635,-0.6514002693839637,-0.8577527685299285,-0.8891560531929054,-0.9905379865553964,1.000000004970272,-0.8514647757125509,-0.9231572593126316,-0.8665218923244102,-0.9492549461886736,0.02438062288843795,-0.8544438565216391,-0.9586067513018447,0.6150921432039146,0.9339454137746229,0.838349669497082,0.8738769294444202,0.9978991249175929,0.9449888064555498,0.9450039739039541,0.8887917030341133,0.6944025423533023,0.8714138094451553,0.9279071455803285,0.8481500036125855,-0.7821709566665228,-0.8895569535429654,0.16969807965495004,-0.9506144740899897,-0.9025853597825857,0.9747609078685009,-0.4749176567627367,0.9538166288579154,0.9434410569303427,0.4784226161691904,0.06811113033938837,0.09210563251112334,0.9050277536764955,0.9674877969675343,0.892338481306889,-0.42707759986853344,0.7327610096596776,0.835194512735709,-0.4801351226908787,-0.7596893823711558,-0.3773612279971156,-0.9021564806530942,-0.46138031937231644,-0.9059236096149008,-0.3145332881799722,0.8699608488699587,-0.8933339286710081,0.6560249485934962,0.3653046218549335,0.8986242256965187,-0.9843409919750237,0.41234080799248496,0.12306468811007575,0.7408580248776121,0.649279324112963,-0.642543275168119,-0.9987128421335617,-0.827456916950089,-0.8991289013854803,-0.22532241151186985,0.6224770865748253,-0.9029691815746235,-0.573205328996552,0.777069116758666,-0.7934260462628263,0.6525355935903373,0.8767972483826684,-0.05161944927861695,0.33587257900740686,-0.8991383874763363,-0.6205303060845384,0.15744998964053886,0.6290927469356354,-0.9161868426572615,0.8481441543174982,-0.9003481056980036,-0.4453737297986349,-0.749327250866293,0.8044459821724387,0.9356699758970354,0.9781190585016817,-0.9291620873052947,-0.026766548669801337,-0.22639729248140872,0.32417131642463476,-0.7957583294087509,0.955488490982911,0.8747206125170379,0.7872124606566463,0.8186081147352385,-0.980699299494828,0.5090730256791612,0.2775391274578695,-0.9842994813978314,0.7833843547669611,0.4908874840936645,-0.311647015738444,0.9916171069152628,-0.8258265270589611,0.7648538475933468,-0.865969955922491,0.22120054887642146,-0.5651219262494892,-0.5362975089057844,-0.286232668215629,-0.7387638654796495,-0.8353754531326927,0.878590754630368,0.8098800559625045,-0.9780597464509728,-0.9534766429522638,-0.4061440563833985,-0.6651158764853119,0.5407765964036368,0.11826035234570724,-0.8260082239097268,-0.5183209739754829
-0.8613310501143371,0.8232936221553167,-0.7317917138852227,0.9724242375645409,0.12401003126317837,0.8658261940217382,0.8846354259365986,0.905397759452678,0.8988076177800873,-0.8514647757125509,1.000000001825173,0.9273445917143092,0.974221215022959,0.8894369817508265,-0.2575378405863188,0.9130281104625023,0.9434033049850075,-0.7710929624434388,-0.9684338252316781,-0.4484389057296437,-0.9645598579234216,-0.8836572151913593,-0.9121052716164211,-0.9759176631374145,-0.761097192977922,-0.8791284522799998,-0.9555818766935567,-0.8793136905147633,-0.6448020515686318,0.8233304736941713,0.9444758203278686,-0.6204574006773274,0.7172642018231854,0.5510876268492015,-0.8415172001380374,0.856404442082995,-0.9363762556837798,-0.9315300526841238,-0.28818947348846763,0.44022462145507874,0.44005480157780524,-0.9675941245599667,-0.9399676156358088,-0.978396266236635,0.7881116096863927,-0.9807716936222516,-0.4587088965977533,0.7627713371625655,0.3154138647137145,0.8068172789760972,0.9907254839628392,0.7214706054958265,0.9934150803454689,0.7327207527223383,-0.9895522941891387,0.533787553926368,-0.954353396306974,-0.754332709421658,-0.8459908924246058,0.8223872466633139,-0.8286585180446968,-0.3709603918214571,-0.7889815831113043,-0.9500149886184536,0.7375574423273837,0.8571345414533081,0.9753553662195588,0.9942184593888032,0.5789744820480309,-0.8317292747656805,0.9639614622201789,0.3703217470073504,-0.9097384672431036,0.9881921973161503,-0.6802830240196323,-0.9375128550529299,-0.3505205102772624,0.1852663326186302,0.6197821296402071,0.9122663780456185,-0.007473675557738919,-0.14273480688410306,0.9702689203835323,-0.9975493110019202,0.9663028478942352,0.7881465761818196,0.29542397096952683,-0.9034963966421221,-0.9816783858821206,-0.9334079069067774,0.9667232549297522,0.4630533982273383,0.5588873609115416,-0.1064287421911338,0.9950724501403183,-0.9286792128574981,-0.998938353681915,-0.7386206697807737,-0.9523780099665542,0.9363642029651795,-0.7836247456683405,-0.3424556455781853,0.7811100838979882,-0.8035977389422054,-0.7487089835141965,0.29056221249829506,-0.8564193656219641,0.7686838443455998,-0.9643273501181363,0.999553583526536,-0.6620913344398149,0.7689054384428744,0.5479373479219567,-0.2567818689102839,0.8218752836001411,0.8800967421565203,-0.9047068473545241,-0.9957015054653012,0.9415596923940852,0.9612373398001416,0.67918966769078,0.8246805030941987,-0.7174849299433482,-0.3114996166064842,0.9431681687026611,0.41793776442892366
-0.9874109254655531,0.9057158287721664,-0.696088096938657,0.98890635736233,0.45311598332555125,0.8908827848902503,0.9866998435808311,0.9956740733350994,0.966916766544796,-0.9231572593126316,0.9273445917143092,1.0000000016922501,0.9801635076245658,0.9930899312687748,0.10037842324336767,0.9884355220391762,0.9912024181754846,-0.868158579295059,-0.9886315609114834,-0.6931404854784377,-0.8530949982871053,-0.9394212343599608,-0.9974985502746642,-0.9651171117270861,-0.6970705276144901,-0.916528777010443,-0.9891615543642628,-0.9934061112276927,-0.8827255921848415,0.9526342116910622,0.9955714336902217,-0.2959417698948816,0.9003656813221623,0.7532989271883392,-0.9667072867982001,0.7193306869734226,-0.8937132542399396,-0.9982240377564152,-0.6129883247434982,0.2766465349256283,0.21387820811811076,-0.9914178282730298,-0.9862964244348074,-0.9835612074484441,0.7228794075913454,-0.8608140000184137,-0.7142436613354536,0.471495772805617,0.48901314566530907,0.5918114127400264,0.9259770151283312,0.4225836077587724,0.9513731542544643,0.6222916664759699,-0.8941070528573369,0.7415256870735152,-0.80661927569827,-0.6719161801343427,-0.9837305779546602,0.8529743453460786,-0.6189060939626083,-0.4841963631855749,-0.6006518973041524,-0.8225231441349174,0.5060353070298592,0.9389215818917794,0.8425427578002002,0.9369770352957264,0.23258578947546488,-0.8751504565031307,0.992782952439885,0.2525847969472058,-0.9586642012335934,0.9267919658417734,-0.8637259667374191,-0.993652107892014,0.025066394092065864,-0.1453114360005334,0.6624417722053408,0.8471871867145387,-0.34285396387793393,-0.4356364373620305,0.8967193991535565,-0.9436571197698532,0.9915288314140058,0.7419098200610789,0.54540676399425,-0.9709902123480084,-0.9614533054673787,-0.9767545361424125,0.9909550899461063,0.3997240723205118,0.5833569288972207,0.031633573491703475,0.9015573464803174,-0.9952656260603091,-0.9376080415551111,-0.9270993405598892,-0.9704278376914458,0.949177815966368,-0.7987985448863459,-0.053253310633912296,0.8412270914833407,-0.9480949688378961,-0.787912238389522,0.5608441836766453,-0.8867575479867854,0.9468089740472524,-0.9333134886079404,0.9367705817378451,-0.5483661920353529,0.838470235828007,0.7684394745222229,-0.01624593082470482,0.935943758156498,0.9800877474622625,-0.9937320836157852,-0.8890520234961912,0.9534492439039127,0.9840241119186267,0.7262215874642923,0.9006216811227317,-0.8187300887783612,-0.46644442756898186,0.9761038650712967,0.7006297308281786
-0.9484054225465587,0.9196845714747788,-0.7864975884686607,0.9938431206354009,0.2674576296143329,0.9332779289526513,0.966227048301039,0.9750577847274887,0.9247269112718793,-0.8665218923244102,0.974221215022959,0.9801635076245658,1.0000000031276544,0.9510043076766854,-0.03353931853145545,0.9813993226898122,0.9719567292503238,-0.8810208240047362,-0.9874543047251766,-0.5417512785779495,-0.8944663855906104,-0.8944952044318111,-0.9658782728047886,-0.9697952411078911,-0.6756759143467456,-0.9488799224974257,-0.9973010866406361,-0.9518443361507986,-0.7774641835875395,0.9300386955783856,0.9927786841549027,-0.4739178589398415,0.7993397258547108,0.6200493119746655,-0.9021870531435562,0.8381199383027645,-0.8937183295536513,-0.9757215980161292,-0.49388228925625427,0.43454179837568374,0.39128546273023584,-0.9963314305259612,-0.9643732726962133,-0.9982476131009164,0.8213323739014429,-0.942495494042397,-0.5637216317742425,0.600257228014723,0.3405537755196307,0.7396431079188803,0.956484548672706,0.5477067947021096,0.9766420326410402,0.7449173649146239,-0.9389267476740225,0.6051900746977316,-0.9068376230216861,-0.7811628788485812,-0.9361931267123887,0.8021892365595656,-0.7622540324889655,-0.5181930511489308,-0.6493329827490475,-0.9189328800692667,0.5759157665276994,0.8817565466797573,0.9025359347285277,0.9674233082524838,0.3917735986146179,-0.9124497633291093,0.9962389087570116,0.22660729065436983,-0.9755799800924125,0.9825980608104736,-0.8267886221811512,-0.9912153914587291,-0.15360828685289366,0.053573280088435316,0.5813489054188771,0.9279615544429266,-0.23280982180646392,-0.2517363666167103,0.9208109719380625,-0.9866598476350232,0.9969733068609761,0.8317394915928409,0.3780107990185793,-0.9756476075892536,-0.9718572203038354,-0.9513069032990181,0.9896585788843586,0.5179470574122027,0.6564564200335516,0.05539043423553883,0.9654559070732308,-0.969152231997435,-0.9760576660236527,-0.8700461625472752,-0.994128481294575,0.9304759494334168,-0.8585248198370445,-0.13048748928749107,0.7741115901492971,-0.9171557749826943,-0.838478631291731,0.495072600943291,-0.842398434998039,0.8897607392623927,-0.9837635377713434,0.977828989218102,-0.6776542696418041,0.8690574065122912,0.7201732351173761,-0.20043542547052287,0.9269617241240333,0.9644625224306418,-0.9758115499774498,-0.9525110185199389,0.9368409995952196,0.975772238276323,0.7791822351907786,0.9186828685589361,-0.8360407799607532,-0.4782604281897232,0.992533078563127,0.6120347771438581
-0.9876686736028414,0.8686979715470212,-0.6162344392340405,0.9707062877500959,0.5501662300030689,0.8396596409215032,0.9751846011709534,0.986309282660153,0.9806192574221299,-0.9492549461886736,0.8894369817508265,0.9930899312687748,0.9510043076766854,1.0000000036179275,0.15115978322051757,0.9700263143394475,0.9883522892614485,-0.8298783303459945,-0.9750792008278405,-0.7729618446156822,-0.8277897032245567,-0.9580322402104041,-0.9985594855028724,-0.9523230683193415,-0.7194996980872481,-0.8715278294911896,-0.9650929903985851,-0.9979805605873788,-0.9215742667330477,0.9384306404305577,0.9777771315980458,-0.19645777261513175,0.9452199393074907,0.8243461248602976,-0.9895336981436739,0.6328238959327248,-0.8915142243394601,-0.9947216739868608,-0.6511948411595191,0.16582014231617462,0.09806882637134123,-0.9718864871762571,-0.9860935369751884,-0.9589854644281176,0.6410606955170821,-0.8019139680999824,-0.7911249686044206,0.4068585840539584,0.5813625701228773,0.49551756116260465,0.9008879381550307,0.3630221175047409,0.9264638387999284,0.5287201486882677,-0.8624630665949192,0.8143893916331553,-0.7372119241168694,-0.5843761492433428,-0.9893442726112278,0.8821726217734369,-0.5252631764758215,-0.4288762342014162,-0.585640484024498,-0.7526017129628186,0.4814283732505301,0.9634856483176423,0.8050152225119238,0.9104663012389543,0.15407711628728188,-0.825220259629317,0.9736028852185238,0.2935967516386028,-0.9245371569004782,0.8790989450138047,-0.8532134028390796,-0.974660116235171,0.11240139671933654,-0.25699856881090644,0.7179168643808113,0.77933384378639,-0.374263016915993,-0.5378779296190497,0.8791176577025812,-0.9055535076390661,0.971282206602502,0.6639524300541522,0.6398243272344335,-0.9440356146933003,-0.9454214717980414,-0.9802589891099782,0.9767537820117,0.30395095827961727,0.5089504437332397,-0.01425519926887361,0.8528980297799384,-0.9949542807789271,-0.9048700508263626,-0.9324642399513191,-0.9358386608864798,0.9526268795227373,-0.7353098951551881,-0.037659336390227234,0.8794276840733317,-0.938456236146072,-0.7281745827768861,0.5630924294759089,-0.9100411522253963,0.9538179621622509,-0.8847266331940632,0.9020362315000103,-0.4504150918745309,0.7900678960072302,0.7621482604791431,0.10068499426184004,0.9128373786618939,0.9648055362850785,-0.9822704022434168,-0.8432808342704071,0.9551979655517464,0.976206064157327,0.6636742182124388,0.8612710076246883,-0.7763761356966744,-0.42308310434815377,0.9450893211166558,0.7189345632832853
-0.2561818699850888,0.2736154999671884,-0.0814252362281951,-0.04382606664819917,0.6497710114667101,0.13793200745194514,0.2222404935193126,0.17149771773215552,0.0063239629279635,0.02438062288843795,-0.2575378405863188,0.10037842324336767,-0.03353931853145545,0.15115978322051757,0.9999999977980382,0.15886429707344318,0.00020119426216383705,-0.33555049782144936,0.050068721725377414,-0.3888537444030887,0.42884132107162204,0.051163853048332715,-0.11181052804241137,0.1551488952997466,0.4341163067018374,-0.15021210465131105,-0.03867598508252526,-0.19642206106743798,-0.49975478676137314,0.33252004079953834,0.07184823070441747,0.7564304313552509,0.28436936597169343,0.2686366845533858,-0.1644748939940937,-0.24254146171368926,0.2949673069007533,-0.06632417290824259,-0.8474859204602591,-0.155597905522375,-0.3384557893600154,0.013688575406355269,0.01479275539947418,0.05554791696345169,-0.016370176671506028,0.3218588852149987,-0.43424313036341367,-0.8161808334635866,0.1302256491988443,-0.4468067684730875,-0.2826501169011159,-0.8543623989494205,-0.21012851380726635,-0.1052717256501976,0.35530821395025813,0.282209158861932,0.36440832459747957,0.04279993657694943,-0.2748472307597184,-0.16540368132490962,0.444450276212916,-0.528452445404272,0.6895237826048886,0.29580950005502954,-0.7814418625522052,0.013670022777779045,-0.4500704214705422,-0.2530753702265231,-0.9059306815435415,-0.19830023361575663,0.0017460360455072246,-0.6154983102546024,-0.13774917183369542,-0.17886778861578048,-0.5184923936908074,-0.09435301451461459,0.9242779753951466,-0.6493182567611491,-0.1978948623912624,-0.09493229042981068,-0.959242267148806,-0.5076654956192511,-0.3382421947378032,0.1953668669962949,-0.005980066676130409,0.02951048854540588,0.3733290388113026,-0.16980572873599611,0.17352646033769686,0.03848050142650541,-0.03401128218234623,0.1043171988431013,0.2850845836114659,0.6548276345153032,-0.2804136788880776,-0.05342547789691474,0.2417136541334703,-0.45959040403810175,-0.031845651523166776,-0.13792478597378546,-0.17053546729591118,0.9358080437436161,-0.09904667720860887,-0.36667067543304255,-0.23938776754975494,0.8171273130114207,0.14803097433710138,0.41393435451142435,0.07232509671316778,-0.23837329496141135,0.08558280191517319,0.2880426377106715,0.6449442804014192,0.3481175022627119,0.31972175431247896,0.23171856845554936,-0.17613359046888477,0.3349896346414628,-0.13488798131653404,-0.06384555962723562,0.2885849384973526,0.26186792390977287,-0.37525778368420276,-0.6254751969427743,0.06718874071185947,0.769241540528234
-0.9868870328601846,0.9594681343751166,-0.7887313480027351,0.9740330998882127,0.39338591783516114,0.9464107968534154,0.9973853137564973,0.9966689876518608,0.9170778324698137,-0.8544438565216391,0.9130281104625023,0.9884355220391762,0.9813993226898122,0.9700263143394475,0.15886429707344318,1.000000000716845,0.9616381185074272,-0.9328331266745767,-0.966817648352841,-0.6144517169337593,-0.8025192628861297,-0.8766035271357153,-0.9769498867213746,-0.9295374282182335,-0.5879604641673569,-0.9645518234095324,-0.9926809818254684,-0.9792649694145636,-0.8661279951592102,0.9822457786212477,0.9948590769928838,-0.3199227701287813,0.84745106025781,0.6686773164600119,-0.9252143357839574,0.7781968163349408,-0.8284935332681519,-0.9778160117265841,-0.6511741740815967,0.3937766692750041,0.3161196582420729,-0.9821076259816146,-0.951464091817733,-0.9757850055370555,0.8046038952049336,-0.8681917924840734,-0.644586484823815,0.43579331803314897,0.36726970244616547,0.641557836092737,0.8915211750915606,0.37689211005365686,0.9251800885478405,0.7114703667927367,-0.8600169213119209,0.6566496857215102,-0.8242220713963921,-0.7595099340173499,-0.9786584387402757,0.7643323539236693,-0.6645398628932485,-0.6092028996930092,-0.5113364094715349,-0.8491193633300247,0.42073204043402196,0.876613501911787,0.8057419887851315,0.9078455044611968,0.21168430270954824,-0.9372859683778535,0.9849534431437356,0.11047001090581299,-0.9892863595551057,0.9355785357842045,-0.915440012107722,-0.9974903344831919,0.027995698612646336,-0.07653250938504638,0.5412828448359035,0.896132314171488,-0.41353251222718185,-0.3513006487724921,0.8461787822246712,-0.9370706821153265,0.9841548669107331,0.8238076988905914,0.4503909915919016,-0.9958511423403705,-0.9279063160044999,-0.9342872774766687,0.9719926315829469,0.5263397797022633,0.6988646662417572,0.1757042861728012,0.8993714785844431,-0.9690747738302046,-0.9181532773933503,-0.9480926284524546,-0.9876041085983025,0.894883170932682,-0.8778461846648241,0.04864006845160287,0.7496393044208177,-0.9762303153992783,-0.8712491644644591,0.6444045267737448,-0.8070385144451683,0.9590759600979267,-0.9568056121178362,0.9204140616964983,-0.6483620370056979,0.9113968530253305,0.8340915224999255,-0.12537480237701892,0.976235497628062,0.9971982777852946,-0.9981620600701057,-0.8764288064654465,0.9016504104334151,0.9530077719877339,0.821695309772747,0.9561139940097144,-0.8955756040029472,-0.5887546175636337,0.9929226417817395,0.7520820319733836
