1.0000000040743382,-0.9933904463850934,-0.9670558781628816,-0.9642874427235152,-0.984233272129008,0.9412320286809999,-0.9897868337473951,-0.9889888665916673,-0.9562065222640018,-0.9488600962582076,-0.9840882510923369,-0.9951096537947862,-0.8528184069549782,0.9927509398267198,0.8917404557023911,0.8404148456237801,-0.3430698795891725,0.9539853038636579,0.9472254071303129,0.966385407931295,0.916937377362797,-0.808832344107485,-0.9329397941122373,-0.9859022274319399,-0.9523340421783916,0.07357211551523082,0.8553767808175426,-0.8999610877175167,-0.8853178722806907,-0.8464799167026548,-0.49959824594434676,0.541351151855735,-0.8450559237980081,-0.9834412763394079,-0.9557329596976317,-0.8192082721083572,0.9055839250015939,0.8942443630505744,0.9161649052216821,0.9440008128877512,0.976466688164732,-0.7308733027414838,0.9710013562009806,0.957617624884899,0.973057147121065,0.980980717151048,0.2834420018239006,-0.933591304144072,-0.25742589034849933,-0.9638085764732939,-0.2661282252434537,-0.981015699958218,-0.9672976815101669,-0.9740767170751474,-0.9575855477928176,-0.9305048068593048,0.8554477897975277,0.9925989711389179,0.7869001791487978,-0.9020181831728645,0.9137256469676103,0.9272003222817211,0.9119058260897484,-0.9658046635387821,0.9050771620976973,0.9972710614129237,-0.33422695343460446,-0.9929610765248276,-0.9925515445077973,-0.9818468058090092,-0.9773335749837511,0.056161081339222756,-0.6932572703701151,-0.8244324862959471,0.958851749050239,0.9756788750604979,0.8729672506170203,0.987621993599883,0.25330492251600856,0.9195284389739857,-0.9116538816633629,-0.8452319878708259,0.9701117120414366,0.9768694376996933,0.9524797404643109,0.8523804758945779,0.5269249083402776,-0.9923877240907566,-0.856896922053176,0.9887854467135866,-0.9375368240259002,-0.35329853465632205,0.9768574096643823,0.9251141279416811,0.7919073922522187,-0.32954671652113393,0.8857008149446622,-0.9736450634132896,0.8860943308197277,-0.9430860090974172,-0.9170854052401375,-0.6252967346411953,-0.7236601110803539,-0.9105231261980933,-0.9907874449441412,0.9614456139326583,0.9574115575925946,-0.9497804402620273,-0.8617160189260759,0.9174231335461935,-0.8906261015133189,0.9487116572835397,0.9677264409466292,-0.9832722566148172,0.9801510714656333,0.9591927583624642,-0.9405096298985697,-0.8356608773905257,0.9436362061847516,0.9802182377233174,0.997062158703385,-0.07714319931774072,0.6798111665293898,-0.9849625907275417,0.9544597069720284,0.9045818684803053
-0.9933904463850934,0.99999999143163,0.9894767781727788,0.9818313343941378,0.9804263994739827,-0.9702630154549463,0.9974587117481213,0.9975816216582734,0.917634731070175,0.9347758365751977,0.9643505994341924,0.9790943906184296,0.9004053334511425,-0.9988545913271185,-0.9322474104840192,-0.8943640903377028,0.2639551149112468,-0.9791343806336622,-0.9659452112537569,-0.9869253193680416,-0.9557419169988788,0.8658272033255612,0.9452312637932601,0.9849802809884978,0.9780556890786443,-0.01206195039466669,-0.8518048703398157,0.9389668704948662,0.9219539407829603,0.8421605811895362,0.5302666463565393,-0.47340431934686766,0.8934245304796073,0.9940292983342138,0.9536933673197909,0.849877308701564,-0.9320602288237042,-0.9235793721511573,-0.945798239281274,-0.9281252897117593,-0.988297795597341,0.8011262519175919,-0.987369999577249,-0.9515968538307221,-0.9694518429256718,-0.9824467662264972,-0.36344984445017314,0.8905956544086586,0.17432236760179373,0.9759991560813975,0.3587612749930679,0.9758705302112556,0.9868006077970766,0.9859376775313851,0.9789210382725473,0.9366866340121643,-0.8695118270953663,-0.9908742704041698,-0.7417711001682341,0.8918763353357072,-0.9428975988328407,-0.9602396238978783,-0.9483737042593847,0.9819986575407386,-0.9432565768120379,-0.9963388729322717,0.2496344646703769,0.9994931130984552,0.997917839218043,0.9914624165002747,0.9661549901704236,0.005642265383025357,0.7564955355100129,0.7866779273609591,-0.9507765912155739,-0.9875710122913773,-0.9030537662511279,-0.9914147807434451,-0.16025230946341826,-0.8706484068560666,0.9499160092872693,0.9006211896611469,-0.979736440500791,-0.9886217215737378,-0.9418736467295038,-0.8038695384312624,-0.6115984168838252,0.9989194423165134,0.8432480576737127,-0.9936490818573188,0.9166543933593311,0.35111379276025045,-0.9867720112279503,-0.9559251216146326,-0.766530322771825,0.4254062529419146,-0.9274604288696353,0.9912388455451087,-0.904406589031758,0.9708532176346383,0.9256260409494907,0.5532199286052788,0.6808258741120762,0.939856543527865,0.9987075643754171,-0.9421516679289877,-0.9793698715033756,0.9562194389469468,0.8394384146013887,-0.95495197497454,0.9238602535123809,-0.9606852768786962,-0.983339380218279,0.9961805452321822,-0.9807973996993814,-0.983361087928912,0.9414176808962018,0.8850949012050594,-0.95942241169652,-0.9935800645144401,-0.9967747541800095,0.09233383426761482,-0.7544292442870829,0.9907131964369076,-0.9788799078491315,-0.873903537316242
-0.9670558781628816,0.9894767781727788,0.9999999932396183,0.9910070438806332,0.9639378540360193,-0.9925624404054172,0.9906456023670307,0.9905769201716222,0.8553070457120274,0.8897077928936079,0.9204024765337001,0.9413120882378293,0.9510983647145115,-0.9895345596280648,-0.9719249721499009,-0.9480282046975921,0.13636157467229792,-0.9916429344552605,-0.978610757749897,-0.9926111234980101,-0.9847554215246118,0.919392115547165,0.93677702460021,0.9598620944579732,0.995797344448636,0.07717560301034099,-0.8344288131245832,0.9760170876333962,0.9471727999203506,0.8015769371630739,0.5294004157843137,-0.3592565939135175,0.9418325010226752,0.9895869570866473,0.9307933208157566,0.8792238236835055,-0.9399107066034792,-0.951806747111855,-0.959957205647805,-0.8882738419661207,-0.9804107113055726,0.8750074397049928,-0.9914411031813309,-0.9196109876280195,-0.9546172837806067,-0.9707089976244409,-0.43300817767029504,0.8167527854228004,0.06012010111325282,0.9712166959492966,0.48163935713215617,0.9513324705926914,0.9918719586242247,0.9849586833291195,0.992824294752464,0.9250805461271595,-0.8846473426734115,-0.9712251352896906,-0.6648371206433685,0.8663445427591936,-0.969508603497867,-0.9868032520284299,-0.9813612073834524,0.9840218620819546,-0.9736444398303185,-0.9763412893005804,0.13110583492982827,0.989658753949014,0.986822285888195,0.9814688186122794,0.933963901378249,0.11298708090611291,0.8294362832861528,0.7098674149381278,-0.915673779695756,-0.9852732767544977,-0.934561545437031,-0.9767279083875944,-0.055569493851371644,-0.7936970180172489,0.9761085348952796,0.9493241885219168,-0.9708426324453858,-0.9816852235061118,-0.9009898611771999,-0.7211771115539877,-0.7060888252587816,0.990020126171566,0.7947872759649958,-0.9857480716546656,0.86659611357587,0.3509534689653013,-0.9758433255714003,-0.9733259987820999,-0.7014644225783372,0.5473960740498096,-0.9629632658529068,0.9976072679291157,-0.9239851412139699,0.9826237688295394,0.9237441540873621,0.4366345207562275,0.630702103065772,0.9500450448531013,0.9901374965820374,-0.8947818286804248,-0.9893393318730082,0.9379078346589851,0.7819042029603157,-0.9834239607826465,0.9588022101557161,-0.9617351857484703,-0.9816381078996735,0.9926977017532866,-0.9669346733017892,-0.9960966643983215,0.9370367050363754,0.9243357899923632,-0.9680399424627031,-0.989999718615641,-0.9791033988767761,0.14665604277050645,-0.8374914112464539,0.9746958481516191,-0.9902795467797979,-0.805632583149526
-0.9642874427235152,0.9818313343941378,0.9910070438806332,0.9999999972233188,0.9788610517483598,-0.9926043581196926,0.9865090522610781,0.9827042508910229,0.8729062008477433,0.851002910638535,0.9184789336720875,0.9446619648572099,0.9528941902365322,-0.9860992820245652,-0.9722375019213321,-0.9383700662440299,0.09799192955128785,-0.9717463252443366,-0.9963536625413103,-0.970493015401414,-0.9601450933063203,0.8803595054842348,0.8961008764681173,0.9347915487877334,0.9935118600424966,0.12669911798180888,-0.844309174561506,0.9769764247917138,0.9172259967866946,0.7316239121724877,0.4120699905435641,-0.3048522787204052,0.931101947726468,0.9778165535255436,0.9015889087826394,0.9148487959289316,-0.889588639892136,-0.9486000585859463,-0.9215059096176101,-0.8656850451539467,-0.953214249878949,0.8484280904360155,-0.9844101422201876,-0.8842467155428918,-0.9648454373214571,-0.9746312317329883,-0.3220736998504398,0.8162722638257885,0.042456226693121046,0.9464778809944205,0.5012078691075023,0.9387683644786167,0.9712798808473188,0.9779782006448919,0.99891854790908,0.8972701030435414,-0.9332356441046482,-0.9745685903063652,-0.6829246676450264,0.8480685454496973,-0.9733551696192259,-0.988580729552898,-0.9849311162235069,0.9627504915394828,-0.9630034233572817,-0.9672837864715753,0.09829030811479432,0.985650411932256,0.9801493510218636,0.9593527938976907,0.9449162039866453,0.19426354415496971,0.8393283256420918,0.6578711716461422,-0.8857130310706897,-0.9859447704675377,-0.9505299652876711,-0.964409466598745,-0.14991237169871352,-0.8034540650406952,0.9423120210098122,0.9190013087385752,-0.9528422698167954,-0.9570249060174226,-0.866755836545642,-0.7261137068765767,-0.6685408403393069,0.9880620670357984,0.7319171264892109,-0.9908650608998445,0.8396444909611365,0.42284188766136943,-0.9484229653871625,-0.9381199694635967,-0.6328757234243625,0.5550040297405053,-0.9432860837105035,0.9952004936023522,-0.9648390514034751,0.9500685870405544,0.935848402727468,0.3967110873607017,0.7127529559639243,0.9021980408339152,0.9806686893003519,-0.8691657001760639,-0.9753333119717984,0.8946760955889157,0.7509257157517174,-0.9612266873968357,0.9786478228290014,-0.9536463790028983,-0.9554736289937984,0.977649407597839,-0.9764897307425163,-0.983718794780319,0.970905004510797,0.877599966032054,-0.9880706823010311,-0.9702550753470258,-0.9751254393688686,0.2639871338227791,-0.8206065033854173,0.9502793303066771,-0.9702963653502569,-0.774993084714312
-0.984233272129008,0.9804263994739827,0.9639378540360193,0.9788610517483598,0.9999999996014455,-0.9581018243043011,0.986795102692481,0.9834557035091726,0.9431635807498058,0.8844756739846025,0.9486192289449834,0.9798588827043981,0.8827538757009064,-0.9840552451010868,-0.9103828592081267,-0.8507634970526008,0.23137287667420506,-0.9496067040093864,-0.9737085691691826,-0.9487194223018613,-0.9112342300935912,0.8055055125787034,0.9058457689852027,0.9469300536216039,0.9572893884445784,-0.03551070651342,-0.8137619751514961,0.9280792167273698,0.8906376172106855,0.7522822438940584,0.37631928322451114,-0.4359671250229804,0.878859189490035,0.9772379477332666,0.9317769404454461,0.8597824849786428,-0.8687123071035645,-0.9261607033298871,-0.9000580920112856,-0.9247963784056651,-0.9472872692566329,0.7566965909161207,-0.9774999469450498,-0.9174251990280763,-0.9925001805857631,-0.9940208232846689,-0.19744545031004648,0.8997936756420586,0.23065440968458056,0.9513707174654863,0.33239892125629206,0.9721629442366975,0.9489631465645229,0.9805345025178583,0.9707014437886973,0.9242082009554147,-0.8973041685036182,-0.9780292873214738,-0.7305763691107698,0.8654299118927941,-0.9493193601351869,-0.9388203640690211,-0.9299447957268703,0.9492928103106084,-0.9221239947010164,-0.9820070112600578,0.27413247883500175,0.9843939896888129,0.9860029820619338,0.9492263000636026,0.9703492876732163,0.08244282644173638,0.7160698468081863,0.7396501811365419,-0.8959930353971184,-0.9637697652718414,-0.9299650406696517,-0.9785062650015,-0.28569122963286603,-0.8996096697385969,0.8958352896020783,0.8413178303891262,-0.9627852386124819,-0.9550169279830738,-0.905895549081814,-0.7892308126692041,-0.5676142748641707,0.9852774562119556,0.7785349031642629,-0.9908439673689421,0.9040950631488558,0.36214165307664986,-0.9491085618410472,-0.8999845363218166,-0.6948655666890535,0.4146172905990969,-0.9019469754163753,0.9787865948312584,-0.9346093121416492,0.9213887900384661,0.8993793448009281,0.5210360217837061,0.7637244607139709,0.8765593919080564,0.9811561267804337,-0.9230937964443323,-0.9615421172009109,0.9028949264474472,0.766304870388663,-0.9187539015310098,0.9307025134411423,-0.964892848989294,-0.9495679312975169,0.9710200608523342,-0.9701811049410827,-0.961304074513759,0.984684550791875,0.824355546279325,-0.9576914543187806,-0.9587388191250263,-0.9822563525638517,0.22646744691941026,-0.7232550831247285,0.953488229849573,-0.9506323536893587,-0.8367457510870183
0.9412320286809999,-0.9702630154549463,-0.9925624404054172,-0.9926043581196926,-0.9581018243043011,1.0000000010563665,-0.9772350030270285,-0.976270647982551,-0.8208357961871082,-0.8323100910267965,-0.87840013987214,-0.9131779727486308,-0.9726856055627879,0.9722707166302652,0.9839155816984976,0.9614077255607447,-0.040758951003628606,0.9841215901688414,0.9886423770539821,0.9749106426155665,0.9820438711571516,-0.9242746829642592,-0.9107466783836345,-0.9223444063531681,-0.993994371189377,-0.12491604836004325,0.7949699987144191,-0.9939842779783336,-0.9515572622668511,-0.7319068676280093,-0.45847139116959423,0.26481863022978025,-0.9668364330250586,-0.9751038806654646,-0.9002074010246741,-0.90740559336542,0.9130563425948375,0.965932163326053,0.9475030370225709,0.8566947437438384,0.9529398713612315,-0.904792018159977,0.9874021533389541,0.8789825299792314,0.949850215441508,0.9648030067880673,0.40464175740178376,-0.7693380659609634,-0.010321683316012978,-0.9535247900530387,-0.5497050039349997,-0.92959423229155,-0.9730843224845687,-0.9787581013993284,-0.9946289214073262,-0.9090612066819682,0.9039748706478967,0.9486628145131681,0.608824967431904,-0.8223678174233461,0.987471002293875,0.9934555129364622,0.9925835226533033,-0.9643755904964973,0.9862440183649503,0.9526181677368019,-0.05678457434325812,-0.9732766376150873,-0.9707988604858564,-0.951107152332547,-0.9148290067736524,-0.21764070433449503,-0.8555471482383867,-0.6332953778613835,0.8607923850544638,0.9692464630314582,0.9668829275582428,0.9588954263499319,0.041558386551789464,0.7519833923672105,-0.9669432832165178,-0.9555755448567598,0.9569643421460051,0.9585490716490209,0.857045003052669,0.6569898824297605,0.7525486530235501,-0.9742429401725571,-0.7300532456353273,0.9742617868088875,-0.8262512045397252,-0.3556432234467612,0.948998094464723,0.9544947352471755,0.6225149139443821,-0.6288537601884795,0.9750854062955715,-0.9932204224217087,0.9478691593946686,-0.9660921790180786,-0.9026977602896159,-0.33949949499206533,-0.6321070717069783,-0.9272153759561288,-0.973161456427849,0.8509502814561832,0.9859075806750263,-0.8979084789666246,-0.7063430483586985,0.9843946630194609,-0.9818209017602635,0.9610234898912494,0.962034701704753,-0.9760358042500509,0.9474773187260948,0.9923645913035023,-0.9508448938445467,-0.9228649936601823,0.9696567019142611,0.9673965154991591,0.9556053072084464,-0.2393389562148665,0.880386567754513,-0.9440661510499595,0.9829590053009689,0.7439172003642698
-0.9897868337473951,0.9974587117481213,0.9906456023670307,0.9865090522610781,0.986795102692481,-0.9772350030270285,1.0000000012908052,0.9991921939404932,0.9114889091938394,0.9200605213028531,0.9522485194787788,0.9733672715429497,0.914674000934816,-0.9982623148663831,-0.9418064663237525,-0.8993077809034069,0.22017563102301949,-0.9836586344070659,-0.9721175473103576,-0.9872178800946927,-0.9589942038304332,0.8765602735605073,0.9475303193025303,0.976104458160552,0.9822206496212637,-0.019029588756927368,-0.8347213039986748,0.9507458925723008,0.930124396558284,0.8192745326119033,0.5053887379085313,-0.4456322725624395,0.9112685306020234,0.9975554367436268,0.9581392486827189,0.8474614325899051,-0.931921668223569,-0.9458563728118287,-0.9495328167551409,-0.9321014988200393,-0.9845621386004201,0.8168037932620987,-0.9935496120518927,-0.9477763881646827,-0.9820960215259261,-0.9909542509154261,-0.34993770214462483,0.8782929054787704,0.17680118884243015,0.9807811976814568,0.37830106223998333,0.9801544636600342,0.9871770133546622,0.9937059303257546,0.9841984068538083,0.946563299989306,-0.8734232349343977,-0.9839536176836841,-0.7047861914173937,0.8967210903552851,-0.9603031689919169,-0.962043879851976,-0.9540395019547073,0.9856504267230447,-0.9492528977110449,-0.9948166591452742,0.24794925508085144,0.9975179212023108,0.9988213306665356,0.9848078922645143,0.9567301462501694,0.04506539022266128,0.7608120596580883,0.7687141604697786,-0.9346946551295863,-0.9816205749515708,-0.9254862485961847,-0.992310937849634,-0.1510390226153858,-0.8643034523988253,0.9516538073328648,0.9021749748597506,-0.981127955461615,-0.9877087442856582,-0.9301910722265059,-0.7725383140929344,-0.6360384829439579,0.9977142432049705,0.8294182854429843,-0.9965294141145206,0.912106301126459,0.3238751640876666,-0.9828802390327581,-0.9573852183929092,-0.7458735868081026,0.4526228404954379,-0.9389111471912168,0.9951971513809681,-0.9145484184921997,0.9697712718032527,0.9166888979223203,0.5242340805535861,0.6760273580045798,0.9369436430100168,0.998773950671156,-0.936647225952244,-0.9861766750895092,0.9499662325724325,0.8033459376563379,-0.961159703795181,0.9369860269566261,-0.9750578398026677,-0.9846370851519355,0.9960576611707548,-0.9756401010924668,-0.9881827768726454,0.9545600464580509,0.8914607040733739,-0.9592695063567175,-0.9918223712269123,-0.9946453552726939,0.1314436743318809,-0.7745017872515975,0.9845325508930076,-0.9834373831426798,-0.849556479023642
-0.9889888665916673,0.9975816216582734,0.9905769201716222,0.9827042508910229,0.9834557035091726,-0.976270647982551,0.9991921939404932,0.9999999974016961,0.9079124539256097,0.9263742128349876,0.9493558308684888,0.9726071666245641,0.909622474281658,-0.9965422607120495,-0.9367641538049843,-0.8966345394170857,0.23644749880586446,-0.9870204123820943,-0.9676770315681302,-0.9889170608796923,-0.9624680614260964,0.8807916502176625,0.9568729778279366,0.9800018027754089,0.9790152844397801,-0.04054999491843995,-0.8199548316275734,0.9493546413193122,0.9402015039582484,0.8337494061420508,0.5280709720976401,-0.46158908364624845,0.9140253216051945,0.9986416632562062,0.9632156746074962,0.8425373694365563,-0.9406961757102794,-0.9435336914732152,-0.9583383374063842,-0.9390658238798962,-0.9884111751734826,0.8220501726546359,-0.9951963494644225,-0.9552154622829019,-0.97906805426011,-0.9906272140255081,-0.36843009372995494,0.8810488243081109,0.1920773382591446,0.9857578445799156,0.3658291739326805,0.9834488208987505,0.9876269376705504,0.995130891431913,0.9801374475506371,0.9545503647312733,-0.8594007239059145,-0.9810815944102139,-0.7015375185607584,0.8885233014353799,-0.9591926802511864,-0.9599502094341129,-0.9505073764538606,0.9858226749658369,-0.9542256162647198,-0.9956090573490245,0.25819249737713557,0.9972579633312693,0.9995601004193096,0.9860338346541436,0.9572469002882485,0.023043892252013268,0.7498698475475016,0.7804192953554019,-0.9355315493394547,-0.9780331666181331,-0.9241305929988743,-0.995822196177536,-0.1351712394666675,-0.8647179500376381,0.9569160842282654,0.9078087384974288,-0.9877433789336997,-0.9918328843717564,-0.9404826871153411,-0.7708518817714209,-0.6465922126188858,0.9962762135386464,0.8432766319943432,-0.992687169755363,0.9217887942166926,0.30236860165677015,-0.9882966615851398,-0.9602816499349618,-0.760978938321371,0.4524996627275744,-0.9444100063204972,0.9943503465915204,-0.9037897053521597,0.9756119831759982,0.9049543426738238,0.5330109665652888,0.6583469639602912,0.9472140520931523,0.9996958239757576,-0.9429957033127417,-0.9893762450265514,0.9578480100221255,0.8051573225521369,-0.9650079818873128,0.9298331936995714,-0.977555980355417,-0.9892286756477542,0.998230615349396,-0.9691636726973631,-0.9901385490773469,0.9480270043772279,0.9017122289101913,-0.9517855879959967,-0.9930705877464577,-0.9925364472245438,0.10260052079686452,-0.7786323711403061,0.9885656494342038,-0.9873277385414762,-0.8598788938439338
-0.9562065222640018,0.917634731070175,0.8553070457120274,0.8729062008477433,0.9431635807498058,-0.8208357961871082,0.9114889091938394,0.9079124539256097,0.9999999993824648,0.9063067298059813,0.9716298645706863,0.97848270156656,0.6900612399079096,-0.918591208461948,-0.7430128427747741,-0.6616999658957783,0.5023052462652146,-0.8301650955610402,-0.8605782732518195,-0.8496853352705094,-0.7621024892823225,0.605233722590987,0.8283478901769465,0.9190955583186498,0.8348086655963182,-0.18308094152040177,-0.8126315627808061,0.7582975955985174,0.7384469666718156,0.774875051537218,0.3407615467401053,-0.6430181968127999,0.6782644035047382,0.8943372263816032,0.8846973205814294,0.7332222453255711,-0.7635281631423607,-0.7640749180650936,-0.7755407371262745,-0.9122141504007576,-0.8781853009068237,0.5130829102089804,-0.8738002362237419,-0.896480883431685,-0.9254697897538429,-0.9217127050589891,-0.024815248797177388,0.9831050819156606,0.42594541752007237,0.8651710675291926,0.04258927683289683,0.9279619964413315,0.8525071138711982,0.8855000371322341,0.855157952237908,0.8455547217027666,-0.8003419385960318,-0.9429384288494206,-0.8696018236764216,0.8440136586008435,-0.7929541355221862,-0.8013903767071133,-0.7774764105252664,0.8557887377450729,-0.7654403207157211,-0.9367614586030721,0.48350627589810263,0.9198764870499057,0.9195892869849106,0.8905773226271003,0.9613906767617972,-0.161004630972391,0.5097865033754888,0.8367950003372878,-0.9040850852862864,-0.893673351285262,-0.7607141921490308,-0.916883402450687,-0.5090710668427111,-0.9859730749906215,0.7530821194489127,0.656932865695542,-0.8864082034398356,-0.8800546911604019,-0.9099212198539258,-0.9263537813387789,-0.28232453093086524,0.9192916685224075,0.8062855885793849,-0.9208422193364,0.9205319787442279,0.3873281224881197,-0.8846091149811652,-0.7777509769281902,-0.7700464514324138,0.09714022003405476,-0.7294518596490247,0.8755836079438867,-0.8144567637595423,0.8086710715699732,0.8467332650119409,0.7354380903269134,0.8286384109135754,0.7674294070805576,0.9105075555033257,-0.936977484104449,-0.8443249663469479,0.8567191348990181,0.8528430700648161,-0.7666024153486158,0.7708413469204691,-0.8586531999429368,-0.8612869398930117,0.8893073550127034,-0.926133222085819,-0.8419826779313754,0.9013710674920848,0.6498603245356256,-0.8645984023347996,-0.8807986422652546,-0.9362439316515602,0.08948977635847004,-0.46062983428339327,0.9032500978743203,-0.8327840834312743,-0.9173789460694989
-0.9488600962582076,0.9347758365751977,0.8897077928936079,0.851002910638535,0.8844756739846025,-0.8323100910267965,0.9200605213028531,0.9263742128349876,0.9063067298059813,0.9999999937614099,0.9554638248643245,0.943271774690585,0.7196286823963631,-0.9251529745897654,-0.7713855063505416,-0.7289516374037056,0.5313623124251181,-0.8969570891333525,-0.811568250899292,-0.9234733809739977,-0.8549809916031548,0.760974482918782,0.9437677150125584,0.9813626998624658,0.8559649549101308,-0.26097735143690615,-0.7941389478143661,0.7759134432670458,0.8350383583988724,0.9651132511620367,0.704481793077057,-0.7343950144884077,0.735110305221948,0.9271671983201019,0.9595545963993026,0.6340854077401143,-0.9233042158867183,-0.7918966136160556,-0.8975990463132889,-0.9506950218027019,-0.9577737631826588,0.6357548804978501,-0.8940767839322397,-0.9834670536208391,-0.8830289190259648,-0.8981840826476638,-0.41574887447066977,0.9339181465769949,0.3901213886463349,0.9354371370155555,0.06859629479297971,0.9474915584157257,0.9229604221525299,0.9029022152280995,0.8465289172086183,0.9165655488556376,-0.6642577694935138,-0.9225024652440452,-0.7676458805730446,0.9042727747201367,-0.7934343097424069,-0.8118851658287136,-0.7880187772193964,0.9270784517086534,-0.807836897706114,-0.9518461976283562,0.5069723311126817,0.9255018744634902,0.9316354350513726,0.956392093946909,0.9011179844157349,-0.3404734196844337,0.536633105029101,0.9482865312171408,-0.9836399001165184,-0.8940741623710848,-0.722361325542563,-0.9412115698107623,-0.14984337252547433,-0.9034804583639519,0.8728891966112567,0.7775738556377637,-0.9280892551469337,-0.9507167018389435,-0.982995724810109,-0.8630104634696374,-0.445323205164594,0.9205092455198485,0.9678176668914881,-0.9023496729794511,0.963640737771675,0.17915968590480363,-0.960269982952364,-0.9016025670926818,-0.9399030704635789,0.14035561450457157,-0.804856019754128,0.8859930898908894,-0.7011838754455232,0.9146675813345604,0.8233263362495553,0.7884072239273265,0.5458839949002483,0.9174239963252737,0.9334516665527542,-0.9832412493135698,-0.8893533355285755,0.978409735308275,0.9225303573798395,-0.8499027178396504,0.7324674371251,-0.8787140849652524,-0.9392606226428202,0.9322907109170078,-0.8942307410314918,-0.8854573889534346,0.7898638425181083,0.8128268087013414,-0.8113784920376225,-0.9418223417107933,-0.9405549716636593,-0.23390256475490592,-0.5571013976248979,0.968204443208924,-0.8982335674480647,-0.9627711759498744
-0.9840882510923369,0.9643505994341924,0.9204024765337001,0.9184789336720875,0.9486192289449834,-0.87840013987214,0.9522485194787788,0.9493558308684888,0.9716298645706863,0.9554638248643245,0.9999999989143458,0.9880633170972135,0.7755514726399746,-0.9641918597407262,-0.8279694507794318,-0.7727412124579365,0.4445654443346182,-0.8945705439214128,-0.8963656078002676,-0.9235143188051687,-0.8513214139798037,0.7225781928164762,0.8806785706172738,0.971213893255801,0.9042216046575822,-0.07013045034181606,-0.8994105044677979,0.8225791202473082,0.797342273935803,0.8527448355430034,0.4883646410110378,-0.6073545064828535,0.7442760506001963,0.9398767030067567,0.9180807177125806,0.7710213989341531,-0.8525118569827663,-0.8112014076504669,-0.8481191256981663,-0.9107134388634622,-0.9435975320165252,0.619099657580953,-0.9147327962452483,-0.9335696371826261,-0.9278240128725489,-0.9335493115104194,-0.22741834203729214,0.9539134792717169,0.2779395098672208,0.9118667484343519,0.1740988993325443,0.9432696725451302,0.9280174208885,0.9192848062858301,0.9097928140034828,0.8684148174900284,-0.8292012474743687,-0.9819179542269838,-0.8657343664127459,0.9052464738566336,-0.8321743641675543,-0.8729809397968545,-0.8519116094525905,0.9246830939214739,-0.8251798188869139,-0.9712911253567764,0.3818489957086612,0.9625302627286156,0.9563789561017938,0.9610266251339006,0.9663253509441568,-0.14692484670759268,0.6386901325217651,0.8505775328066096,-0.974399257975702,-0.9557612706866191,-0.7785662045322345,-0.9474537529919113,-0.34281279422238886,-0.9369911683640582,0.8481886460784034,0.7673934199105888,-0.9183949643443532,-0.9372315885793933,-0.937469693564464,-0.9233703150617943,-0.383870637805182,0.9631049593265227,0.8534263529442279,-0.9576521115381381,0.917613959573913,0.421801237508144,-0.9414519497516181,-0.8752663608570137,-0.8110282762241651,0.18936874746533683,-0.7963533577490557,0.9252713902962056,-0.8385342063653344,0.8900634920664452,0.9252965593229671,0.7084387094617768,0.7597345302505059,0.8544178848626638,0.954711425897788,-0.9500821349119569,-0.894442782321486,0.9220677332061372,0.9246567988597814,-0.8455654095861274,0.824203363473447,-0.8804997514126386,-0.9206341868118912,0.9424846233897068,-0.9724123626662446,-0.900650166995842,0.8913952352047031,0.7486050221795674,-0.9140675576565684,-0.9466970365767233,-0.9776959141233921,0.02516824720574155,-0.5573018843541373,0.9593962215215763,-0.8941023269952935,-0.9281525133656864
-0.9951096537947862,0.9790943906184296,0.9413120882378293,0.9446619648572099,0.9798588827043981,-0.9131779727486308,0.9733672715429497,0.9726071666245641,0.97848270156656,0.943271774690585,0.9880633170972135,0.9999999972836662,0.8069981306136855,-0.9776952584158793,-0.8508968864680887,-0.7920165797496826,0.4057784718754136,-0.9239989804659532,-0.9304030386988655,-0.9372354958321008,-0.8775194532868611,0.7496249634840881,0.9081266857005574,0.9742316613024595,0.9229067018343307,-0.10731319705736761,-0.8434044590972621,0.8643603261437818,0.8514094389897009,0.8335358440073765,0.45515988050659534,-0.579872909735136,0.8011273459893591,0.963352332427322,0.9384802941279556,0.8095468016887443,-0.8677826060884292,-0.8560459025632347,-0.8814514618041391,-0.9412342510166454,-0.9541069177950471,0.6708799853423322,-0.949969275758024,-0.9460495524434644,-0.9637474083710581,-0.9707369630125092,-0.20530975641686172,0.9599328283916139,0.3131417400724694,0.9405725603713962,0.19638532515726384,0.9722115315099221,0.9378173432891785,0.9546267090517869,0.9336205786244267,0.9111968805130912,-0.8468741763112518,-0.9869387476267775,-0.8283094896278715,0.8773440799812218,-0.8831892462237012,-0.8986100288756211,-0.8788065775949164,0.9360415528256416,-0.8747652774436737,-0.9869478393518556,0.376619174074906,0.9799602882207689,0.9788690243601532,0.9611762632828106,0.9871963335720099,-0.09334560581954872,0.6403874779552337,0.8347718658126579,-0.9476402382224494,-0.9594755633970895,-0.8464456654300115,-0.975571604512655,-0.3390644138090427,-0.949210711930174,0.8706036591824425,0.7974356096254891,-0.9557817467105879,-0.9551192951254059,-0.9515548546365868,-0.887611794244702,-0.4576829157865701,0.9785688352199894,0.8483607693802444,-0.9747858159665355,0.9427078895176243,0.37394257399554354,-0.9577004029667174,-0.8842782561543563,-0.7920638737452269,0.26457656534067425,-0.8468238988246083,0.9519813007356652,-0.8723699702586598,0.9105031907412262,0.8996279540066358,0.6641928341646677,0.7659143707045553,0.8757040934578766,0.9747205495729586,-0.9620739987172372,-0.9312850051654497,0.9284471697105888,0.8688128187798,-0.879308801868788,0.8603486787326858,-0.9273926974215129,-0.9426922634855178,0.9631219004994639,-0.9709376122160484,-0.931837775355781,0.9369641974769551,0.7865019808957826,-0.9283231110555067,-0.956647833352535,-0.9854492460424233,0.07632531258924533,-0.6196594016443969,0.9688724705884043,-0.9255545780718926,-0.923017276551185
-0.8528184069549782,0.9004053334511425,0.9510983647145115,0.9528941902365322,0.8827538757009064,-0.9726856055627879,0.914674000934816,0.909622474281658,0.6900612399079096,0.7196286823963631,0.7755514726399746,0.8069981306136855,0.9999999986062214,-0.9086163352076809,-0.9956981704150827,-0.988477888787072,-0.1760239109763532,-0.9412741289428401,-0.9508523372823595,-0.9300141532998603,-0.962605355823873,0.9490116680114109,0.836127409189077,0.8318037076710759,0.9700529652794478,0.27651280956628305,-0.7658905811670491,0.9886027110267046,0.909857997209151,0.6182152967604838,0.4120099635549305,-0.06866644165995411,0.9720037246997062,0.9139705239653734,0.8169453272781335,0.883073411291965,-0.8666287317405794,-0.9609327867784192,-0.9005735460866192,-0.7429884908029382,-0.885927293652373,0.9466166171257303,-0.9321805287079828,-0.7776861525426206,-0.8812645012403306,-0.8918308188039514,-0.466988941449609,0.6130468573479461,-0.18064168992123236,0.8877106896584313,0.7133441279567179,0.8381809402679151,0.9311946568508478,0.9189770439406494,0.963879979898314,0.8299156997615835,-0.8893339973135288,-0.8708809781975545,-0.4599232997587364,0.7829030351092209,-0.9682492847037523,-0.9732110653850952,-0.9861639595091005,0.9217740782816427,-0.9546522794014896,-0.8705192328318025,-0.11554933864981486,0.9033571487361888,0.8984719958559215,0.8869142547289789,0.8046928755911655,0.3845052448878616,0.9315958434880067,0.47980144911042955,-0.7732583833657066,-0.9171034801967397,-0.9500359787785592,-0.876081000759957,0.10039641873562496,-0.5969772546823463,0.9436119881786332,0.9580153566246127,-0.8740101679087026,-0.8907473962555469,-0.7315926530608774,-0.5025070559519361,-0.8206765935490858,0.9087785484598873,0.6073449232879475,-0.9158713819042419,0.6910694174302228,0.35689353371898047,-0.8726107688636756,-0.9302992251762238,-0.4818746362320759,0.751114616506125,-0.9565843630090811,0.9460381646268937,-0.9313209151276047,0.9204193232506002,0.8769694216063659,0.15244218433942916,0.5396329005546495,0.874744712238418,0.904750834998115,-0.7288482214150468,-0.9373017202238744,0.8155075547145241,0.5895738869436196,-0.9622206254919461,0.9841184459297015,-0.9040309218888514,-0.9007394064874887,0.9128560748064706,-0.8871490782473788,-0.9497454884873171,0.8934086719050934,0.9104624905079025,-0.9354197350896094,-0.9105237326263115,-0.8835550047426923,0.33892062963309666,-0.934879573574058,0.8638487746221346,-0.9368713846352493,-0.5834817741470817
0.9927509398267198,-0.9988545913271185,-0.9895345596280648,-0.9860992820245652,-0.9840552451010868,0.9722707166302652,-0.9982623148663831,-0.9965422607120495,-0.918591208461948,-0.9251529745897654,-0.9641918597407262,-0.9776952584158793,-0.9086163352076809,1.000000005124306,0.9394521773608556,0.8985501262499747,-0.23729447098342066,0.9764369279617126,0.9709641531183226,0.9852430684440207,0.953010471325798,-0.8644867076382693,-0.93598648424014,-0.9788805543476072,-0.982019940053283,-0.00964844382506344,0.8637521365356863,-0.9425167816000686,-0.9130397895003334,-0.8230682306182081,-0.5038771504588503,0.45071662475883284,-0.8940944505776385,-0.9932052455605177,-0.9490500594390449,-0.8534256967926921,0.9234595931052829,0.9302490927810576,0.9375802062644041,0.9209346377263865,0.9834888057672495,-0.7994625498474586,0.9863760393100949,0.9428535022484558,0.9741299644311365,0.9835691648335633,0.34450121557727353,-0.8838575507505474,-0.15723936439571784,-0.9715536409222344,-0.37669043000089963,-0.9725889910876497,-0.9864585472578559,-0.9854447686475498,-0.9837324606313376,-0.9299600206591735,0.8837552814462354,0.9917524369698241,0.7363421836584247,-0.9016287179934277,0.947024793236492,0.9624863715782794,0.9529714139071508,-0.9825923818787429,0.9389662628806256,0.9946136779213497,-0.2377068334083588,-0.9987782924909618,-0.9967329668121089,-0.9887957071056275,-0.9624454765382829,-0.03602595503141811,-0.7693387499344516,-0.7706810892917096,0.9467426844861986,0.9896921006809624,0.9081045035565275,0.9873186536586718,0.17174603219909984,0.8672974202342358,-0.9451915366987446,-0.8955966799930468,0.9725595415098275,0.9839821183781932,0.9283358303638597,0.798141745636973,0.6064603814899684,-0.9995977129646564,-0.8262790453193984,0.9975565146029356,-0.9048570235496741,-0.36701031083553953,0.9801789873233816,0.9537134402005367,0.7469306146103245,-0.43152152090288665,0.9240031040932086,-0.992438334006091,0.9165272088518264,-0.9647435906703712,-0.9358382558076919,-0.5376775103317946,-0.695791267421031,-0.9290037707579236,-0.9972746713263418,0.9338185336344192,0.9770752951832086,-0.9469083378715109,-0.8303307185672981,0.9522956996343005,-0.9334059067562077,0.960359498141252,0.9787171678074387,-0.9935646576958599,0.9858602424513904,0.9820277964464587,-0.9494143552572785,-0.8763533125187222,0.9664659614316042,0.9918232682759711,0.9979937637495988,-0.1284200879674944,0.7546554970508512,-0.9850524780764234,0.9755968352653689,0.8575283068303738
0.8917404557023911,-0.9322474104840192,-0.9719249721499009,-0.9722375019213321,-0.9103828592081267,0.9839155816984976,-0.9418064663237525,-0.9367641538049843,-0.7430128427747741,-0.7713855063505416,-0.8279694507794318,-0.8508968864680887,-0.9956981704150827,0.9394521773608556,0.9999999983300234,0.9887055743535093,0.09507858117361616,0.9576732610346189,0.9667867123080819,0.9536452305501212,0.9730071569871436,-0.9433359313952876,-0.8599724425082177,-0.8728688184369716,-0.98706170610524,-0.2536896767951027,0.8149161026758245,-0.990018063477822,-0.913672935090312,-0.6692227191882681,-0.44015920297392946,0.14083666686808816,-0.9620705813516395,-0.9389658519884204,-0.8471136409154728,-0.8932254346270437,0.8866542157261337,0.9597269848256706,0.9143587371379667,0.7776357271238148,0.9169048835582236,-0.9255415837508807,0.9508096337354647,0.8160817695795141,0.9041037648650448,0.9153314729801462,0.4568317926610812,-0.6718082507223057,0.139958091257681,-0.9103570721795232,-0.665612451308449,-0.8689612665102089,-0.9557162458890748,-0.938724948304734,-0.9813449300989597,-0.8492170664870476,0.906435631677631,0.9099535206042976,0.5346737917937807,-0.8203813529512624,0.9697394820369669,0.9864781117063129,0.9947405698284354,-0.9455157848345389,0.9596405583036078,0.9051688205800096,0.063099439029439,-0.9343795948649191,-0.9276668448045682,-0.9220181896311135,-0.8466450003939369,-0.32043605315423634,-0.9244197232342513,-0.5407527164256579,0.8250754942161804,0.9491839257594473,0.9439166498879394,0.9053018508833243,-0.04753282831644299,0.6529758844105921,-0.9558587338949398,-0.9592854591951551,0.8987322325350975,0.9189714134383536,0.776468674674536,0.5778611614964748,0.7781719117048627,-0.9394784493071402,-0.6551606849550208,0.9441652056750063,-0.7338749921781074,-0.390496513214835,0.9038189235514176,0.948303873235269,0.5388937162838751,-0.6930292905422396,0.9561595926966043,-0.9665118562189001,0.9419550330486134,-0.9404012026721554,-0.9136962949397791,-0.23175175714952978,-0.583055482602962,-0.8945108194356125,-0.9336942820639043,0.7740203344228956,0.9526391900866373,-0.8506773258685805,-0.6605160667296249,0.9703064273806393,-0.9869351566045009,0.9172974686766033,0.9250713738525688,-0.9395664480185076,0.9242334797822073,0.9660574793479046,-0.9106084660987946,-0.9107001147913608,0.9589253121188342,0.9395054554976087,0.9191099297773762,-0.2994038806683313,0.9055959063440426,-0.8993745078109862,0.9533329753633335,0.6458193272883602
0.8404148456237801,-0.8943640903377028,-0.9480282046975921,-0.9383700662440299,-0.8507634970526008,0.9614077255607447,-0.8993077809034069,-0.8966345394170857,-0.6616999658957783,-0.7289516374037056,-0.7727412124579365,-0.7920165797496826,-0.988477888787072,0.8985501262499747,0.9887055743535093,0.9999999989975499,0.14359954280020112,0.9342386903631821,0.9329928678509009,0.9293372253996156,0.9675058531127939,-0.9544991857129006,-0.8276408779230511,-0.8354246712142578,-0.9634546796811336,-0.32678133475297433,0.7870317180258257,-0.9746386073262483,-0.9027678373362634,-0.6532106864481811,-0.4827570023882205,0.07697490732594575,-0.9532980823019386,-0.8992102967868895,-0.7951476164496724,-0.8875078616262805,0.8737231001166317,0.922459829217418,0.8995864456462073,0.7120535992958936,0.8877666432137189,-0.9488061247092783,0.914759934798746,0.7695642957115494,0.8383199273763904,0.8597403058810591,0.5489850411921511,-0.5950756710672791,0.241517225847977,-0.8726626280249816,-0.7274558582080185,-0.8119729984334533,-0.9299724224065082,-0.8958976732407722,-0.9512171559662977,-0.8014145405454294,0.8726709349057883,0.8675313473115508,0.4893961507354427,-0.7600355422654519,0.9368078030492007,0.9745757004584589,0.9826525624881419,-0.9126022931537365,0.950740644218495,0.8580491960953243,0.16543792101912017,-0.8956756559771153,-0.8846816060190469,-0.8931001177308,-0.7978996058495691,-0.3396811385180068,-0.9519133542247635,-0.48376398552480404,0.7892163862339363,0.9209946188365249,0.9078902090458221,0.8613710667888119,-0.1531030556465823,0.5633584190340051,-0.9522109681935671,-0.9772693596750073,0.8618347183381144,0.8865051751135399,0.7344956777675633,0.519977892549385,0.8177117299518337,-0.8997355315350692,-0.6182006239128855,0.8977223282205824,-0.6733349851913077,-0.39730518294731026,0.8729870943365434,0.9361294063884584,0.500580957172811,-0.7483830531232374,0.9461672904424214,-0.9337246106118152,0.9048076692859587,-0.9272604082339079,-0.8868496647372012,-0.15954447808783936,-0.503453173499344,-0.8876311517118463,-0.8945619809153728,0.7146647268291185,0.9228767903225655,-0.8208435252463023,-0.6369428956025428,0.9600620509294484,-0.9631227722068063,0.8685173987621378,0.8947652321452548,-0.9066338792769313,0.8823491916028551,0.9406143165930855,-0.849578568424212,-0.9183649625390438,0.9288923071928171,0.9090691782259245,0.8728876888836757,-0.2610416739693156,0.9306201670667801,-0.8660468029256372,0.9291260287383406,0.5989585952458604
