0.9999999968050942,-0.8193189702131674,-0.7183089685914533,0.6214155107594374,0.5811350872035498,-0.7558109736864285,0.7743791325391203,-0.8537155673096603,-0.9954896013802982,-0.858090749739488,-0.7530122778278721,-0.5583253890053897,-0.8749349991515799,0.3167405544267648,0.799248272968575,0.9006421186931336,0.8158476279887654,0.5109572382055535,0.5553581582212922,0.5960533016141374,0.9148730114883175,0.8570656235553004,0.8818626621909693,-0.7048410578893992,-0.8818003027202631,-0.8461853988887432,0.6675341930325885,-0.955919920059804,-0.8686388354579246,-0.7658332905279027,-0.8375193257853049,-0.427102210842167,0.5460237213894545,0.5989127657269381,0.5728514862667305,0.7366059522062628,0.7997547682688398,-0.5724592410808487,0.7409940608297843,-0.7191394627330427,-0.7771684984137776,-0.7354497701944875,-0.6144748571738116,-0.6234142225623179,-0.755126788524712,-0.8099323727973228,-0.7860565879039918,0.7835384025089508,0.7321229368344836,0.6925007798671098,0.6312353459071153,0.12266059088778236,0.483837589978616,0.6823408179112422,0.7416732499023253,0.7443642964647083,0.8323401502934045,0.8336382571993806,0.7723188683389777,0.4410008394586948,0.5425886223701865,0.9428367760152455,0.7249168988338622,-0.7426033446972108,-0.548476793567089,-0.7341564388774598,0.8073802002012059,-0.5752303395755628,-0.9369230299057699,-0.7335173513036296,-0.5071310965233988,-0.4889208666346673,0.8502351088756167,0.6207269515881201,0.8506126586536791,0.8594514132644393,0.860578303082749,0.5108292375947356,-0.8207052892302992,-0.7979021279688752,-0.7391024200168077,0.7622763683803503,0.27368706438442575,-0.6562726899165793,0.7484256672203241,-0.02200798881669945,-0.7533225422956307,-0.7663950602264865,-0.8258253329056717,0.8426708100559765,0.7721032037443221,-0.8954035648096771,0.5144474275492881,0.5747298560522711,-0.4795771522832582,0.7007135017220896,0.12151049832278564,-0.820605271060721,0.7451742136797462,0.6470012771753995,0.7700340125195921,-0.36433964589012774,-0.8618341748835071,0.7664469174618393,0.04021634193557712,-0.5819689350100534,-0.7991122121448972,0.08929946114519503,-0.2368477260418769,-0.6749587599519816,-0.7859898757555005,-0.7266091420251037,-0.30187958124501363,0.7291987361579524,0.3542657268022637,-0.7558705785689449,-0.30708608736259874,-0.8626284056516218,0.41989199053936693,0.8856761795750968,-0.7829040368998953,0.7971598653086815,0.8393702082242834,-0.6484483974537393,-0.7797629441428258,-0.8353756668310658
-0.8193189702131674,1.0000000007147016,0.9231421045167847,-0.891200643665702,-0.8689747173440868,0.5171490532683795,-0.9407928401865715,0.9780539898708668,0.8411006613202642,0.9917040524495501,0.8985573404787628,0.10313796086917704,0.9496192717587587,0.22290942451185522,-0.9977076498190878,-0.8917160371619192,-0.9541527966520903,-0.9047398117132753,-0.45260567921959016,-0.8427460471152883,-0.7801466772012161,-0.9625789392682694,-0.9571438231884692,0.9704989250562326,0.9512910962923642,0.9461778899786193,-0.9634094124001473,0.9199666520688089,0.9700501922783373,0.986763938164811,0.9041167149280628,0.865422597767752,-0.925967426304006,-0.9295147651284194,-0.9085382626881331,-0.974281944240983,-0.9337236410748805,0.8915216160136843,-0.9896594111696171,0.912150614042339,0.9880982781901436,0.9902129453210226,0.9549551761211835,0.8971828196504762,0.9759068829539663,0.8883284566471379,0.996078918565607,-0.6810497948230888,-0.9215115308527373,-0.8522447765450759,-0.8861156414623635,-0.5244981603883069,-0.8514138846146306,-0.9579492158907178,-0.9885749901205589,-0.9840436228910503,-0.9967720860532359,-0.9634379724566983,-0.9934057917107488,-0.45588533888091876,-0.7916210244661998,-0.793514227434009,-0.8483706181894196,0.901386025022161,0.9169137530552032,0.9758749860939018,-0.884881864823642,0.7938524579445341,0.9051308494094769,0.9802819717262139,0.8577238262783278,0.3409041364413711,-0.9924298818381717,-0.929979868808775,-0.9130770687572461,-0.978871456206101,-0.9819712774373108,-0.7595853165611541,0.9968392569016064,0.9741767300709424,0.965630118332715,-0.38142795221069226,-0.22736238630374828,0.9566476310832199,-0.9898819827255065,0.33120139833143336,0.9448579916096083,0.9868138459753605,0.9810902191688234,-0.741362347000885,-0.9879933752243459,0.9186756233095807,-0.800231529037852,-0.7502171437290787,0.8788713479416232,-0.9145112609132446,-0.013217306909021736,0.9019258560565652,-0.9600805998197189,-0.8453094613877733,-0.9526852887797094,0.019460093186425453,0.9758318613134841,-0.9823927193158035,0.42452655404490863,0.9429100077868908,0.9787946062118653,0.08437848454003201,0.6141676083152564,0.957731762449204,0.9474072513378827,0.9579068627165583,0.49475928605080804,-0.8465464125784873,-0.6432012249784219,0.9694104582563665,0.5383379906552059,0.5697773210652897,-0.7382297219347522,-0.9434439621201792,0.9961892218575129,-0.9923885886338488,-0.9820976103899874,0.9320826607932584,0.8034815533857461,0.9834222981530115
-0.7183089685914533,0.9231421045167847,1.000000001191046,-0.9906670767125914,-0.9814427504680027,0.6598958947682229,-0.9963586955292506,0.9667906722660924,0.7447467843638989,0.9463275907929848,0.9929794194489497,-0.15143291487960575,0.9444539827007966,0.39189382704747744,-0.9125649795550259,-0.9316191136875115,-0.9877321446018095,-0.8916297824677976,-0.6601368523770338,-0.9813674749691801,-0.5539690659575162,-0.8834632066418909,-0.9608213692562169,0.9747862436579435,0.9613840153034405,0.9707173566066116,-0.9644068068993429,0.8675204889331565,0.8251426341626442,0.9671654407693487,0.971620189014939,0.796789422479979,-0.8951164139270251,-0.9630543141405453,-0.7511099893022884,-0.9809026191744339,-0.7244583567877793,0.9739865387321874,-0.9168987582016506,0.9991788778316069,0.9031376675260995,0.9207987494577019,0.9178736200918817,0.7195117874029684,0.8354054037797354,0.9665000577883028,0.9164589984539493,-0.8299349581262299,-0.9766526882845721,-0.9753201517828136,-0.9885235708047713,-0.7592042400228579,-0.9264202188161244,-0.9480742752982798,-0.9475605179889826,-0.9680797129462169,-0.9402275072752919,-0.98077299422353,-0.9422612091168047,-0.10071306325129192,-0.9234966718143873,-0.7450434968605634,-0.6431882650094964,0.9850972913981845,0.8456553613564219,0.8396079397586448,-0.6452532333638966,0.9409417499927841,0.8977671844327175,0.9706434965040384,0.9580019456403092,0.0008866902419490425,-0.9444925756531463,-0.973746419097973,-0.9677058271481112,-0.836638957829328,-0.8395244557614027,-0.49642659908193876,0.9227066917486133,0.8299822976769768,0.8075199200726342,-0.4832044115005532,-0.5593150566728846,0.9651280082293421,-0.9547319520738673,0.6389309557304191,0.9975812847924996,0.8634166134890001,0.9724524379588732,-0.7643580169284152,-0.9661137217785528,0.7201074531836734,-0.6585768034746263,-0.9444515445145819,0.9220596154954822,-0.7058443532666063,-0.34683641283218236,0.6688246908213795,-0.9932709312806439,-0.9627913302328199,-0.9954411355305072,-0.3160636758933051,0.9609196106004685,-0.9729764509074912,0.6281861282323288,0.8852919437213945,0.967972552000671,0.4389168737370339,0.8332594738543605,0.9780134108453986,0.7804298684201254,0.9920845207422924,0.7889819998658809,-0.9676814672627867,-0.8725780883770374,0.9115967761594838,0.8117294901176282,0.6098983759065522,-0.4883309504610957,-0.7589734584253839,0.9428377524522512,-0.8928955010861425,-0.838183333686177,0.8305476325464929,0.8625626911853091,0.968545568440726
0.6214155107594374,-0.891200643665702,-0.9906670767125914,0.9999999996873578,0.9973305591029784,-0.5873669927823786,0.9762943389713804,-0.9300582431507829,-0.6540670993616585,-0.9085056982741545,-0.9755322005247797,0.26983965454611314,-0.9029915639701419,-0.5007175612488611,0.8842251203654544,0.8775654296955375,0.9595763744279056,0.9165380480889497,0.6392588419078806,0.9903452784306317,0.4608839389349107,0.8425085261771521,0.9169168216500176,-0.9687430032777917,-0.9173630262855306,-0.9329450962984882,0.9654327598372406,-0.8010289645083092,-0.7749673179835481,-0.9502129942840883,-0.9351761123010766,-0.8260653489260178,0.9112768519179559,0.9746758533129327,0.7499376851439469,0.9691750355712817,0.6754704590905048,-0.9923464249840919,0.9007046773089776,-0.9896643266351712,-0.879538003003625,-0.9055099186063392,-0.9247722090734178,-0.7076103746157721,-0.8088756525968556,-0.9321134487253565,-0.8912680470145172,0.7830669161921157,0.9597373996833795,0.963877661559006,0.9929854196429819,0.8273496402152007,0.9514309374607012,0.9473872087843578,0.9314293914783829,0.9550011714682375,0.905530012380312,0.9496477987676871,0.9226626951089447,0.04855962352313725,0.9288240343737668,0.66734327357701,0.6049237842051969,-0.9653725789037195,-0.8530585387676493,-0.8152982898795883,0.589247196793355,-0.9437056393941942,-0.8315669978402134,-0.95825628121082,-0.9865655683142904,0.08714840945223438,0.9079961254027273,0.9842169325349829,0.929888582042078,0.7892160264999164,0.7909214639003096,0.47971854837403227,-0.8920481161589758,-0.7947085090089981,-0.7787277996902368,0.3914645829890548,0.5641969954773963,-0.9687153872920246,0.9391985296556975,-0.7060674504796302,-0.9829285504456707,-0.8372812201414634,-0.9423886169403052,0.691377822501075,0.9453128180449416,-0.6483686664219936,0.6634530138817755,0.9500945879356781,-0.9519772227721659,0.676613024750163,0.3464760262719837,-0.6091128682296085,0.9805343794226435,0.9577555084169301,0.9773971396177951,0.41600522071607365,-0.9236268564695067,0.9544692737447418,-0.7088263499458123,-0.8952987355392268,-0.9452834809535638,-0.494897677644883,-0.8894595402466046,-0.9775902428122925,-0.7434878985505198,-0.9834603030754837,-0.8234543004741908,0.9465115488998498,0.9091304306004758,-0.8937342699700598,-0.853419259113946,-0.5251866071076943,0.48734504851088545,0.6947484642821794,-0.9202595407922362,0.8639318403632075,0.7927994418075183,-0.8277955917146835,-0.8311629633197406,-0.9373100331170973
0.5811350872035498,-0.8689747173440868,-0.9814427504680027,0.9973305591029784,1.0000000035822534,-0.5545129735905422,0.9635356524838156,-0.9074583543238458,-0.6190750020507297,-0.8872671903300972,-0.9653528972725419,0.30390105591858785,-0.8882709117809292,-0.5223594798508627,0.8654369308700665,0.8516823373667041,0.9421247282897969,0.9198263827429788,0.6537532845250157,0.9861714514588673,0.4265952372263924,0.8290631527659628,0.8939482313933005,-0.956022828992862,-0.8952520549476669,-0.9078022153947887,0.9573527722195756,-0.775854438213408,-0.751210732761908,-0.9366178387596036,-0.9189069808090669,-0.8225508509158129,0.9031986052024129,0.9669927700022959,0.7382172274033482,0.9548456460174253,0.644456672768818,-0.9951030321885312,0.8870628567053436,-0.9802908716645774,-0.8662024926295686,-0.8908145473376825,-0.9166569215874589,-0.6999833472912091,-0.7902162100597382,-0.9087029929380628,-0.8744169422441751,0.7722500036865364,0.9373979772921903,0.9479673844486334,0.9840712697146491,0.8405108728890559,0.9433033553204127,0.9449706362754902,0.9130612705088124,0.9417993204808589,0.8815386723692314,0.9314050165086418,0.9080717857082493,0.031498699942520525,0.9131093339509028,0.6477430591840037,0.5953383980054282,-0.9467527310192091,-0.8375274956721105,-0.7940213021717019,0.5586019804411257,-0.9292388085721222,-0.7974891383419238,-0.9431576709799544,-0.9920134038047661,0.14675922521286724,0.8885678651902439,0.9830050868232882,0.9134300587444927,0.7640553128532994,0.7629517028370643,0.469519164494804,-0.8735605079694998,-0.7758141043939365,-0.7565563828880304,0.3617544694793413,0.5674827371292721,-0.9632530080848829,0.924264559084414,-0.7214760366185566,-0.970477082493167,-0.817047863724075,-0.9207935952056349,0.6426582327438881,0.9269207069866603,-0.6078735323145059,0.6740562373773198,0.9472593469776375,-0.9504260775272421,0.6564644158039264,0.3418498672243555,-0.5738561421730254,0.9679911790911451,0.9398266237538705,0.9642363634355567,0.4488048611941898,-0.9048545035845352,0.9356449176147369,-0.7203174681943175,-0.8864357107901985,-0.9331283866472677,-0.5081254909253631,-0.9004517861628619,-0.9679854689731966,-0.7266762866692859,-0.9731726773919995,-0.8351233442781287,0.9283490642443064,0.9132590947781205,-0.8875392313584015,-0.8759698473820086,-0.5061648375253504,0.47946622332394795,0.6579001703575369,-0.903659496904894,0.8466435608712514,0.7621142081413942,-0.8258449535560324,-0.8341761216430946,-0.918870612677404
-0.7558109736864285,0.5171490532683795,0.6598958947682229,-0.5873669927823786,-0.5545129735905422,0.9999999997434378,-0.6852591434673756,0.6734701927579128,0.7311442796421793,0.6067719444119004,0.7318610031527947,0.18341013651037186,0.6730121407727064,-0.12608062871680695,-0.4687665923202251,-0.8405199122094851,-0.7013151490233569,-0.2530680351060468,-0.7259720377491453,-0.6524672133540819,-0.43092495881439646,-0.5138886130937097,-0.7320561084744345,0.5221865789408542,0.7408937447015183,0.7493448158988337,-0.46237923633295563,0.714243703795141,0.45122404185777387,0.5350990167441967,0.7871910750041886,0.11469163094493688,-0.3012668477762254,-0.46366600259020446,-0.11608498225182182,-0.5619887352502203,-0.3120032679825743,0.4874870700829695,-0.4161184971047504,0.6811505963986115,0.42555183324206264,0.421981817203582,0.34687658778851066,0.10846829948758852,0.3313314965462559,0.8167884368671621,0.45825160738882753,-0.9018141808920989,-0.6928779307054522,-0.763305526055092,-0.6319747198016692,-0.37566079852800965,-0.4515192907045463,-0.4303937105509508,-0.49671764504432153,-0.520976281604908,-0.5754020775894856,-0.6894099252069564,-0.48685285778682,0.2515218404634331,-0.657101863319676,-0.7071067498548076,-0.16792499797891963,0.7423949311304897,0.26809363831482286,0.33309123497870957,-0.26866987843150536,0.7065636215176853,0.8241943795592712,0.5326885444306962,0.4539516476406436,0.036946142637090666,-0.5871104349968692,-0.4721577601623687,-0.77407747343127,-0.45234369837543126,-0.4657887986783838,0.11035242119045129,0.5061814442223208,0.36525532619888723,0.30442294687852145,-0.9412914587211203,-0.7918726986699705,0.4549374194672916,-0.4972783961738597,0.443198838869607,0.6576629396631282,0.377458078617304,0.647033978216388,-0.8923488057530718,-0.5596736764295718,0.46584672914264647,-0.008177522116217611,-0.744958146979068,0.35371611382985996,-0.17609454181509365,-0.7365004214525118,0.31300391587813586,-0.6124945660976606,-0.7224083536466488,-0.6569576432237465,-0.1288436558530543,0.6567699096862286,-0.5789714065483742,0.19956573118470694,0.2853948375705117,0.5758319501249203,0.4858862925750429,0.44495936454608864,0.512443112292341,0.3080027116047707,0.5872370258288632,0.6597300347421916,-0.8059808825151046,-0.5968732322620117,0.42604826546246627,0.5677813166255594,0.8338100560077439,0.17572681558366826,-0.46074765916908283,0.5017923045689904,-0.43471082147925355,-0.45605113845836653,0.23462462044524954,0.6477295547281594,0.6297045267812897
0.7743791325391203,-0.9407928401865715,-0.9963586955292506,0.9762943389713804,0.9635356524838156,-0.6852591434673756,1.0000000035558345,-0.9829778697964153,-0.7987710404287466,-0.9661193718837392,-0.9936746679053853,0.06706205608367848,-0.9667398667320962,-0.3161081038880775,0.9295520251157124,0.9548648335026588,0.9970459892281399,0.8765248210069835,0.6677389601325202,0.9632855483496077,0.6187484494514022,0.9112698922674685,0.9806256908312465,-0.9729899888299947,-0.9811267816963729,-0.9841174492434087,0.9598517940266837,-0.9061931702955156,-0.8594318564715017,-0.9742339800001516,-0.9844477279951083,-0.7798308360722189,0.8823536477571465,0.9491492992100095,0.7574827009372137,0.9821807589290353,0.7594641322434944,-0.9564917724230324,0.9268235856716909,-0.9953945058257844,-0.9192636984919851,-0.9293721017752898,-0.9118588665903384,-0.7364873442140146,-0.8553248057103635,-0.9745875125074684,-0.9316638479529752,0.8475980360450014,0.9748356672882281,0.9680387034121032,0.9742757232674543,0.7022349706877001,0.900085815131522,0.9482738366434745,0.9530023766469274,0.9723357124482185,0.9570884755732274,0.9932388942446997,0.9530583033900111,0.1535835210819069,0.9018382438471247,0.7941214458407925,0.6802188332947535,-0.9838275041081678,-0.8373314186624682,-0.8558848332867812,0.6892318375177977,-0.92162917831705,-0.9283396434558128,-0.9727612764651065,-0.9337435293165097,-0.0599622353006412,0.9638991757157019,0.9626352232784756,0.9828381505057858,0.8683736293358315,0.8705972566377932,0.5211897342059032,-0.9412293267544284,-0.8558530555565974,-0.8277480885478308,0.5270714946596201,0.5348851419717598,-0.9594015505698369,0.9608971844356853,-0.5785865962671541,-0.9985759277842587,-0.8814409348237842,-0.9847221215556432,0.7913608159712996,0.9732004399914126,-0.7654267647743462,0.6699225275579321,0.925756298461997,-0.8977419244076826,0.7321588610292802,0.3208409469376697,-0.7112949343385457,0.9941436539049213,0.9506495366983316,0.9988779010399487,0.23882568240660895,-0.9795174956172541,0.9782795286859824,-0.5630436580943419,-0.8785226578376941,-0.9792104206930721,-0.38093208096298736,-0.7840232128246114,-0.9723412417312235,-0.8103006818177826,-0.9911377900131101,-0.7500416219519439,0.9653559683037614,0.832976395890131,-0.9249456759341881,-0.7741094249339407,-0.6587496490937572,0.5024411320738252,0.799884063733672,-0.9545916882177642,0.9120821695211059,0.8661951022574128,-0.8396587793886565,-0.8819796950758324,-0.9831765235998408
-0.8537155673096603,0.9780539898708668,0.9667906722660924,-0.9300582431507829,-0.9074583543238458,0.6734701927579128,-0.9829778697964153,1.0000000013831143,0.871123226998204,0.993924926487446,0.9618533680025566,0.07626902928032389,0.9784155353713068,0.2093994265223826,-0.9661771602173024,-0.9632099742483965,-0.9931896863647662,-0.859343292283506,-0.5897829661039211,-0.9051001732816024,-0.7360056582442084,-0.9469730183439703,-0.9952401699972706,0.9689807587823978,0.9930891581857626,0.9914233154996994,-0.9518102753024142,0.9489579161873329,0.9267770489539674,0.982100166869988,0.9713374984430735,0.7850953165746691,-0.8808762812843505,-0.9269983573292329,-0.8067958120862195,-0.9801368539151134,-0.8534630348981761,0.9094633982342808,-0.9522610726950554,0.9630031077237357,0.951037877522848,0.9540336162625884,0.9149909739909209,0.7935499782715114,0.9105149894536069,0.9623104424534419,0.9641815043566873,-0.8101658142766662,-0.9638634383098951,-0.929303413704802,-0.9323937955301291,-0.5868213706678016,-0.8609264412893691,-0.9411461535018195,-0.9705722981403933,-0.9775107193871404,-0.989159371488194,-0.9964011154645547,-0.9730756128529487,-0.2948968860205704,-0.8540677524374001,-0.8374478350761322,-0.7572090573963296,0.9612801196155828,0.8563651431007316,0.9101737452674473,-0.7973030030749261,0.8693917390844181,0.9610162139120714,0.9765752673170363,0.8764475078834725,0.2365180522212411,-0.9907148555783912,-0.9331888018293449,-0.974876497827703,-0.9348270381933766,-0.9390629996134979,-0.6118778942955654,0.9750383263833283,0.9150366220749152,0.8913565795994731,-0.5355580750781268,-0.41629898725473685,0.946434296880207,-0.9741255654201109,0.439819223872543,0.9810661576291854,0.9317389396034956,0.9983799357778135,-0.8274302252330324,-0.9856128743091594,0.8687792624325977,-0.6995433736710885,-0.8503476726778653,0.8635104641673572,-0.8133008527274724,-0.21004531288190983,0.819980594810289,-0.9824397653230452,-0.9132176900029888,-0.985968415312986,-0.07392674591414493,0.9956146256825213,-0.9866572131319429,0.4559575129632366,0.8884596283835179,0.9852041748337279,0.2335991879074251,0.6774271604154475,0.959188280540377,0.8769731726073106,0.9764798276401405,0.6260186110707404,-0.9312221891027348,-0.7328679946042653,0.9414102829817045,0.6474906547293439,0.6773009299269811,-0.5826066299931614,-0.8935930281828376,0.977281095455314,-0.9529542005343675,-0.9360361343093118,0.8648504318400378,0.85988907752456,0.997110759580464
-0.9954896013802982,0.8411006613202642,0.7447467843638989,-0.6540670993616585,-0.6190750020507297,0.7311442796421793,-0.7987710404287466,0.871123226998204,0.9999999975196567,0.8802977330228049,0.7778294805726921,0.5412828281776809,0.9045041981705411,-0.2958885388553665,-0.8260682265833142,-0.9089312612817143,-0.8366454611891896,-0.556720873418689,-0.5971495751895182,-0.6208225595156824,-0.9245116059148101,-0.8935394591470927,-0.897947852090689,0.7319297685643962,0.898610642665053,0.8561786449442477,-0.7007379510604077,0.9742103177734196,0.8933679986835732,0.7956485576208226,0.856999555407028,0.4620172107578006,-0.5762805720639145,-0.6274915233696745,-0.6059997428491792,-0.7621306086376243,-0.8140130869716528,0.612773601725021,-0.773067666802275,0.7451075565585632,0.811892180737589,0.765369481505867,0.6480611315605359,0.665999238627898,0.78414162067732,0.8165124949746444,0.8150680707127798,-0.8003612200227426,-0.7402399714657869,-0.7038013974109494,-0.6533487023952076,-0.1465712362789548,-0.5029275564226103,-0.7262959319924684,-0.7637422663455349,-0.7736969053735006,-0.849586615622336,-0.855498040661971,-0.8031854993993959,-0.46267802030487387,-0.5438966539344816,-0.9670271286865992,-0.7694958918842179,0.7533295741311156,0.567587795589529,0.7570085407558907,-0.8258198198707369,0.5802120251206941,0.9355681884417392,0.7583535405842137,0.5480284791696152,0.440768361597825,-0.8747026618258794,-0.6597364851228548,-0.8720474256648864,-0.8818246027546681,-0.8781609114080103,-0.5471504228073311,0.848772404144686,0.827877390564894,0.7614941358184144,-0.7436711253537464,-0.27286968523160526,0.6926423745323181,-0.7760053958559955,0.03653576804417532,0.7788031470326638,0.7927246429345284,0.8443946675269196,-0.8086005019156655,-0.7935723175880276,0.8957759710387982,-0.5787854379041079,-0.5954710135653121,0.5124166182011678,-0.7290341162861196,-0.09502887634608677,0.829828241866977,-0.7717362666278518,-0.6537390541765608,-0.795404957448575,0.3452129932308681,0.8860542065609474,-0.7872200763199573,-0.02634738951063359,0.6146816178232424,0.831886614910484,-0.09287545718258307,0.26351621756389926,0.7043748395338595,0.8202645703702639,0.756217880230706,0.3242546113889199,-0.7368496632563666,-0.3735588580749339,0.7991341383797532,0.3499008623409741,0.8747527311613429,-0.45560754622303434,-0.891542227643216,0.8105750866719978,-0.8273186832060236,-0.8522511399975767,0.6986568407034456,0.8280815117784873,0.8595127390521697
-0.858090749739488,0.9917040524495501,0.9463275907929848,-0.9085056982741545,-0.8872671903300972,0.6067719444119004,-0.9661193718837392,0.993924926487446,0.8802977330228049,0.9999999976587843,0.9358841781435788,0.12694522391609916,0.9804536999928186,0.1754138684230668,-0.9859342535814161,-0.9389173518496302,-0.9786200416292635,-0.8766930976313448,-0.5557313684740836,-0.8690709235794265,-0.7841157325027235,-0.9728569981812707,-0.9848389261094526,0.9663491672251597,0.9817383541511502,0.9712399463422132,-0.9548234214385692,0.9552004970410627,0.9608157877976617,0.98721323786547,0.9483310055588499,0.8095453678370202,-0.8908616250122774,-0.9189374941491184,-0.8520441811006859,-0.9756249851838269,-0.8971166441355074,0.8983119466354019,-0.9729642502651931,0.9394443747793898,0.9767772993059824,0.9722988279313499,0.9283985879238695,0.8511938786772273,0.9465341337123319,0.9270150769143939,0.9842233207850621,-0.7683590700704725,-0.9349591991133613,-0.8865402047721982,-0.9026192766336683,-0.5318608954580789,-0.837004851895384,-0.9547684030239342,-0.9758203939253964,-0.9814464196841562,-0.9946199381991442,-0.9863786662934032,-0.9868773683942471,-0.3928079600979455,-0.8046940326301691,-0.8493959033830216,-0.8238396854073825,0.9280519433536613,0.8695873181653022,0.9410411793171148,-0.8516461619993007,0.8179514287993362,0.9420504755631692,0.97592293809685,0.8616677295924013,0.2806737802836,-0.9994155231094518,-0.9302271674408421,-0.9560572686454518,-0.9661529631742322,-0.9670272085528583,-0.690338667780643,0.9924671128017228,0.9528833473065305,0.9279418874209834,-0.48613833140970775,-0.3242326840860971,0.9500216120849684,-0.9818564826744023,0.3632863690036291,0.9651531473452037,0.9609280693569079,0.992141455857256,-0.7799137096495575,-0.9856169261175635,0.9000081446540118,-0.7657640684319331,-0.7987148284578114,0.8571546028247731,-0.8675124379257764,-0.10450141014692732,0.8665724871487143,-0.9721403735125452,-0.8686899749404412,-0.9725661723925217,-0.0014578060041283724,0.9954788444410329,-0.9824514267964493,0.40461470515804954,0.9066246576972575,0.9902362684628693,0.13781648137175306,0.6269554035693955,0.954609884408993,0.9242272607842242,0.9681653361496031,0.5552932318569613,-0.8869924365802915,-0.6737070508764765,0.966882070816952,0.596219474544719,0.6617350274294526,-0.6576604835265,-0.9245867762948842,0.9894890555364063,-0.9789231253164661,-0.9607575367485532,0.9067573827062929,0.8618171161604002,0.9967162416556489
-0.7530122778278721,0.8985573404787628,0.9929794194489497,-0.9755322005247797,-0.9653528972725419,0.7318610031527947,-0.9936746679053853,0.9618533680025566,0.7778294805726921,0.9358841781435788,1.000000001602342,-0.0999798020075286,0.9532325694857116,0.31822698897250545,-0.8843015936677767,-0.9574558844064465,-0.9871175828135775,-0.83801652109214,-0.7323813624812628,-0.9733890994276279,-0.56380409003395,-0.8771475804357602,-0.9672697730915635,0.9459530669888425,0.9700182573307714,0.9735502596120461,-0.9304033979736263,0.8883482633740104,0.806759161302473,0.9449208823242538,0.9891694211833557,0.7223249417877713,-0.83780718164254,-0.925028942316588,-0.6843165065899062,-0.9577539161006201,-0.6864664817344301,0.9481097038685753,-0.8815397058923006,0.9960896906031776,0.8743921606045701,0.8840980194895016,0.8690376497171687,0.6646619325448228,0.7947205409853357,0.9797852962093486,0.8871976921244319,-0.8899531087646744,-0.964998991992464,-0.9796535779052298,-0.9736782343013505,-0.7289037364073452,-0.8830289075151039,-0.9196396209466969,-0.9144368141540803,-0.9423502793928195,-0.9203504844088778,-0.980120851943618,-0.9157649793137392,-0.05831049920452285,-0.9056957349032291,-0.7892232440475099,-0.6149802787513018,0.9836226711508033,0.7806615271078385,0.7931696367125671,-0.6156949015423834,0.9333586906470919,0.9182703277837297,0.9428633002240259,0.9281689693515062,-0.026618483152203855,-0.9322668553043879,-0.9443827728946596,-0.985220236808824,-0.8146003968622654,-0.8156205352076584,-0.4294886164461714,0.9013279654107685,0.7978665836636761,0.7604157597244647,-0.5778692439263701,-0.6225768600647574,0.932060950269839,-0.9251554656314545,0.6324092867476631,0.9902297046849432,0.8249872292697548,0.9622761897170965,-0.7918319798843853,-0.9418251353603508,0.7018083085207899,-0.6112476708259208,-0.9567651919491692,0.8719267530030465,-0.6553929374992155,-0.4110593780003408,0.6361927047280993,-0.9787358288343395,-0.9571120435880833,-0.988327351791544,-0.30156451045607496,0.9594314651552391,-0.9508120307080535,0.5752927715420072,0.8289622305929504,0.956220066371304,0.45686759646820313,0.8075211872527828,0.9483464768496869,0.7488632436601391,0.9752301379885329,0.8088293231071472,-0.9786430050390896,-0.8646919625290065,0.8883623000006008,0.8271036664862637,0.6897891482374219,-0.4087621396322511,-0.7378256029031347,0.916523392083359,-0.8640393427328581,-0.8085973822897219,0.7886216390595142,0.8943927629484425,0.9603008251760713
-0.5583253890053897,0.10313796086917704,-0.15143291487960575,0.26983965454611314,0.30390105591858785,0.18341013651037186,0.06706205608367848,0.07626902928032389,0.5412828281776809,0.12694522391609916,-0.0999798020075286,0.9999999991090128,0.1672939013331585,-0.9298146976894187,-0.10256190377706444,-0.15617109402841273,0.0031964216703704086,0.2522433455095754,-0.054557881761143436,0.3211766914385437,-0.6988727456881098,-0.24791011063926682,-0.11918834793894582,-0.1273315580093837,0.11946181497925805,0.034581205368012326,0.15146745581163812,0.358695290404909,0.3171613704574101,-0.017837844437069504,0.04054528134802953,-0.27588584424147833,0.24424938462263554,0.2674929422694505,-0.004149271423921552,0.09331495854295466,-0.3252116621169753,-0.29601264118325665,-0.024408281608758454,-0.15319196050590664,0.10326569618162913,0.005194173869904436,-0.16306102428523914,0.14611228711554305,0.14945614239947275,-0.030650344682556604,0.0835688036908108,-0.11804177778351324,0.14926374734892994,0.20818481606864794,0.2808171097668819,0.7516751373068884,0.42091022571684483,0.07958074568346006,0.044660925067068445,0.05203076851845598,-0.08636617736334182,-0.036226740454521414,-0.030494213675364805,-0.6316822072054262,0.3845954590896139,-0.5077989904196412,-0.39810289576217683,-0.139906529821832,-0.1992146015275692,0.0979217446985994,-0.44793499062371395,-0.3539842255073062,0.23511004191551652,-0.08324018600042173,-0.373175888850537,0.6355285169565678,-0.1252351467213892,0.22261351427699963,-0.07063669735662084,-0.2822451972231045,-0.26805883413865056,-0.26043798500569293,0.12139272644300463,0.22233021459847538,0.1483772989283433,-0.4357227548510154,0.3614868128342157,-0.16145722953788857,0.030131224001407126,-0.7838467479773064,-0.0976003254673798,0.12014684115043339,0.030219624983926732,-0.17266524779985865,0.027784236850357195,0.43238599166619157,-0.1153157093595258,0.326271005589208,-0.3804694195009434,-0.2412503802381972,0.3812548802072095,0.4153910638394084,0.09778096584645193,0.27018354519222626,0.0686199639171206,0.9330218092009327,0.11408692300964145,0.05041875211047414,-0.8439567107725435,-0.16914157831503643,0.03575437582674575,-0.7477639593326322,-0.66710241638518,-0.17073841338411003,0.28168825800727704,-0.11558541683664045,-0.5405537285363677,0.1525070931482533,0.5663164658890147,0.0801936228067458,-0.5038000673315735,0.5126718589950104,-0.13407931010324928,-0.3813684836254313,0.03783601505304235,-0.13524211625053756,-0.22593842806269152,0.04828410923153325,0.1697614494117794,0.06553069013360867
-0.8749349991515799,0.9496192717587587,0.9444539827007966,-0.9029915639701419,-0.8882709117809292,0.6730121407727064,-0.9667398667320962,0.9784155353713068,0.9045041981705411,0.9804536999928186,0.9532325694857116,0.1672939013331585,1.000000000402877,0.09274150234501971,-0.9444552206047842,-0.9614888986648437,-0.975944517319831,-0.8265689291093065,-0.7018076704221463,-0.8684828688070023,-0.7774799498527663,-0.9750246939613701,-0.9855215392344903,0.9287480706234004,0.9869257900140866,0.9605999535981504,-0.9171363395296439,0.9772800366877542,0.929000188875863,0.96064861777336,0.9735115679589973,0.7153941395773468,-0.8160608203209128,-0.872430799503386,-0.7621498158821635,-0.9443258293157989,-0.8230805282181218,0.8861171183312969,-0.9282515311290472,0.9427649970391005,0.943996182504144,0.9233387153246431,0.8685710050358939,0.7888045269766019,0.8877127587907867,0.931360393624916,0.9442271695036483,-0.8600447112565008,-0.903304863049019,-0.8860874939308035,-0.8859726701093487,-0.5102291290629313,-0.7759834711370565,-0.9367708378584946,-0.9243212193996896,-0.9496374902456706,-0.9556366970001249,-0.9835103590128343,-0.9537164206702817,-0.32931930706539364,-0.7659884821941866,-0.9149327957642158,-0.8011383567009087,0.917122613218671,0.7708823297798884,0.867878791295604,-0.7922746774704525,0.79733341037368,0.9443784913061709,0.9368475991483028,0.8457789988184645,0.16021259497386042,-0.9803691884410325,-0.9087867435925583,-0.9819474088468553,-0.9260460619115451,-0.9189370972080402,-0.6041406735489452,0.9620636178258561,0.9076482462667786,0.8530009637969376,-0.5927813745862144,-0.420790757440393,0.9178927835966756,-0.9419808211580029,0.3735175946345132,0.9591478239738283,0.9023182875876968,0.969948122391806,-0.7600195539698554,-0.947218470811834,0.8396341144887636,-0.7430588852617411,-0.8271081172363438,0.7998454016930704,-0.7921896445677816,-0.18101526072139837,0.7939502443989812,-0.9559726995894814,-0.8484973716315813,-0.9664832111962964,-0.016784563176920463,0.9925859334832716,-0.9458904968777974,0.34179024111527756,0.8341488258035706,0.9824923348676827,0.17270549602634877,0.6126321364021824,0.9198763461818901,0.8841054490091214,0.9521786247087498,0.6076698562186946,-0.8930517812221237,-0.6762901949275135,0.9536515753499659,0.6635922764441273,0.7736201517441978,-0.5537104598000235,-0.8661729233923268,0.9531923054539143,-0.9398550307770949,-0.8987001047026296,0.8723433912921756,0.9420529644221552,0.9837389215348739
0.3167405544267648,0.22290942451185522,0.39189382704747744,-0.5007175612488611,-0.5223594798508627,-0.12608062871680695,-0.3161081038880775,0.2093994265223826,-0.2958885388553665,0.1754138684230668,0.31822698897250545,-0.9298146976894187,0.09274150234501971,0.9999999991713336,-0.22593416227460666,-0.06772635009285193,-0.2636956561348084,-0.546157612494002,0.05395070112815285,-0.5218125460306644,0.41605246863077644,-0.048184894286212004,-0.14693316404547932,0.4219578409654522,0.1408742138689372,0.22761521836864204,-0.44677382587426595,-0.09806723878170867,0.014532015313643398,0.31826690385375334,0.18027366476962572,0.5959968511042103,-0.557925660787489,-0.5481251758114831,-0.34884046960809567,-0.38435285180419726,-0.03496867287521341,0.5370344058204574,-0.30180260812222187,0.3856299232296034,0.22019846349169347,0.3218995205546776,0.4789645435288466,0.1968700264139562,0.1991284505951935,0.25275393542963603,0.24269325597435373,0.01738244468403631,-0.4075812805507492,-0.4127009132800406,-0.5119372155479901,-0.8517545534276683,-0.673676352923445,-0.36927143832180226,-0.36225122425439565,-0.3534012694004297,-0.22921332147566092,-0.2322606023834031,-0.28469454561220797,0.36713157691937043,-0.584544865079301,0.304627511005639,0.08121095220787036,0.3723310937631841,0.5294983683045515,0.2544779407542028,0.09662468603722084,0.543198893127733,0.01253115497462175,0.38385159674669694,0.60283461427694,-0.394734487407792,-0.17771902295005207,-0.4895793780422064,-0.15730373332789716,-0.055284204257700656,-0.07291902653229836,-0.07906321103474374,0.19897612358650665,0.11909328680156787,0.20761779872385994,0.423417895763273,-0.2793048702734147,0.45067675637440874,-0.34174732681258774,0.7900468818904076,0.3538453247419439,0.22619950907999467,0.2603775454935294,-0.02434945598740831,-0.3320374186387103,-0.092081389915137,-0.1765028822510009,-0.4693400761982052,0.6522544590568812,-0.11897884035827679,-0.24035542643067762,-0.05931051562352383,-0.36940664386135225,-0.4840535429678853,-0.3292955319244853,-0.8339895527189305,0.16719516605345652,-0.3498878297254355,0.9434194051201671,0.49467604298136275,0.25077782292202133,0.6519870256979154,0.7917855881101327,0.45616694771519456,0.05771674974610264,0.3873584853272507,0.5734959458176578,-0.34969647108045243,-0.6840361158312704,0.22230146911262574,0.5525661027030825,-0.42359835986581484,-0.20583379795636872,0.03725497924356862,0.2788594161570418,-0.19562250102559614,-0.12224226526503354,0.2721639634691747,0.005659372705367688,0.22356206563515935
0.799248272968575,-0.9977076498190878,-0.9125649795550259,0.8842251203654544,0.8654369308700665,-0.4687665923202251,0.9295520251157124,-0.9661771602173024,-0.8260682265833142,-0.9859342535814161,-0.8843015936677767,-0.10256190377706444,-0.9444552206047842,-0.22593416227460666,1.000000000532715,0.868451029258658,0.9412529963346532,0.9193733052896276,0.4434314803411293,0.8283774493737331,0.7827566112906548,0.9688943734686859,0.9425259856194926,-0.9668585863866186,-0.9365957268629438,-0.9265549977309985,0.9649082098479872,-0.9100496541914733,-0.9748568960359622,-0.985482971792864,-0.8871192497288046,-0.8804513833002149,0.9316546886146462,0.9268274103872114,0.9272832011322005,0.968655766301072,0.9396424321917338,-0.8924063203197935,0.9955532151334919,-0.8999887736836509,-0.9958347740504558,-0.9946088129552537,-0.9615899314553995,-0.922506780400367,-0.985683188693187,-0.862635866045497,-0.9995964088173979,0.6561704993138145,0.9006475002182786,0.8280393850830221,0.8722933844307027,0.5123666774601697,0.8420594965317539,0.966578417242311,0.9853759931560606,0.9826923093990368,0.9898089644209882,0.952031518154852,0.9954467801882311,0.4906777026388403,0.7658015769093074,0.7872635852145881,0.8746373644613131,-0.880015385293771,-0.9202196051984546,-0.9823991435135074,0.8949040975829277,-0.7673338667898013,-0.8798896496590071,-0.976090636329045,-0.8587583439991477,-0.3292253793566959,0.988805291146914,0.9323868474568889,0.897769792470719,0.9820530669003807,0.9823377150890479,0.7924099986617086,-0.9979619079683849,-0.9840327664422278,-0.9740117376995778,0.3402058923845906,0.18806837953485878,-0.9597330908579055,0.9893694887221373,-0.30944528785738135,-0.934528345079113,-0.9928323909862674,-0.9700557114324808,0.6955325712413097,0.9820647507604578,-0.9130298228897679,0.8383478214346163,0.7286985344139033,-0.8808454167069152,0.9314271500019717,-0.03670859268992131,-0.9063484440089439,0.9524808715916988,0.8198709010975503,0.9429869653379583,-0.030518815414040112,-0.9682806858686053,0.974418459570332,-0.4139981120069983,-0.951541383287956,-0.9776213141008636,-0.05125953742678678,-0.6026159231068086,-0.9549856524082626,-0.962194306103133,-0.9524977333411999,-0.4721602991952399,0.8200184232651686,0.623305307713335,-0.9805415695948213,-0.5300815702949803,-0.54980214065881,0.7716358144450196,0.9399438874269123,-0.9964450387196597,0.9980879804496938,0.9800131317446937,-0.9534328696832292,-0.8062089686168209,-0.9763832119120043
0.9006421186931336,-0.8917160371619192,-0.9316191136875115,0.8775654296955375,0.8516823373667041,-0.8405199122094851,0.9548648335026588,-0.9632099742483965,-0.9089312612817143,-0.9389173518496302,-0.9574558844064465,-0.15617109402841273,-0.9614888986648437,-0.06772635009285193,0.868451029258658,0.9999999968018676,0.9683524703885231,0.7093848490119875,0.720500939110929,0.877615145347964,0.7103576493972574,0.886745816259765,0.9837476241712436,-0.8810199333814948,-0.9862747426021123,-0.9795026205606531,0.8494274265798949,-0.9576571496553505,-0.8428186149081532,-0.9020330384131403,-0.9878699475129467,-0.5954366787458203,0.7316542052134833,0.8242448823666345,0.6221491352985081,0.9045449448616609,0.7308940450167554,-0.8290442291340987,0.8387924727552845,-0.9369251693826605,-0.8471983593542178,-0.8398055048644806,-0.7789456578228472,-0.6236160154366799,-0.7805532541747014,-0.9803882876555469,-0.8637626136140408,0.9239243086606803,0.9289054548183581,0.9324774590323434,0.8881445793596705,0.5318887379864418,0.7602501644450506,0.8409938828871684,0.8721206336642802,0.8914714982411645,0.9178400127940708,0.9685081720652717,0.8800253268405068,0.14839669669528166,0.8239469785582818,0.8898075783461025,0.634907890550233,-0.9487587888354643,-0.695544616485983,-0.7740050742297009,0.6844002707960177,-0.857942283423578,-0.9884120294280848,-0.8905886610322367,-0.7903503640364458,-0.1688968869270493,0.9306369993342047,0.8416338237842443,0.9880418248508878,0.8454259851024514,0.8493154724280039,0.4144434184856274,-0.8909360987257272,-0.8008793817387537,-0.7518688044240371,0.7393221587599602,0.576725927941665,-0.8447668315016068,0.8795618156001712,-0.4491977805180745,-0.9422817130096347,-0.8097433910807736,-0.9506067091249659,0.8962928655396902,0.9072635385809331,-0.7957856352421543,0.5351439532133156,0.8730213264897538,-0.7360263927907941,0.6571673583373135,0.39379562889337794,-0.7087067338217644,0.9263952624644032,0.899299128622031,0.9465680318219536,0.07300510231840794,-0.9605199482327352,0.9140225813535358,-0.3619093497892657,-0.7359058544381304,-0.924703162660509,-0.3127732788374001,-0.626742217320838,-0.8702838983310913,-0.75844525353062,-0.9139519467344741,-0.677883408900221,0.9501536308697817,0.7229394102708792,-0.8461616851704457,-0.6736956348883706,-0.8209300928574325,0.36275641818468723,0.8125913725228309,-0.8866385932027409,0.850111932114316,0.8380337829557032,-0.7229797559439716,-0.8847812292047725,-0.9487312737340724
