0.9999999998870394,-0.9346047691520352,-0.9758914193009228,0.5545657668767692,-0.9818986832311905,-0.9736437556070373,-0.9396686192547961,-0.823068293964138,-0.26050337386372313,0.4945869220576122,0.944223773937036,0.9994789780445515,0.6945826484551059,-0.9664221622319348,-0.9817670026782402,-0.5745870513701546,-0.3199104966068613,-0.9419400379564397,-0.9624979757869084,0.9034375982837428,0.9574201406869377,0.8611192391546607,0.8344587910804502,0.9702372138133337,-0.9596954437856168,0.9652490162684205,-0.8609947355101434,-0.8812772269211403,-0.9197511476741301,-0.9216901806549229,-0.9202222712351543,-0.8796065803273827,-0.9740389609094844,-0.8897293413237323,-0.904460237142335,-0.8838407328850031,0.9632011900766104,0.9543354310040195,-0.9417505015954777,0.895607018204921,0.8192076457664047,-0.8183259431979015,0.9669165067162621,0.9814678593652861,0.8255865011246858,0.9709392024339806,-0.9840610548395614,-0.9285361458998912,-0.926208615795344,-0.9150281683965975,-0.958769116439698,-0.9874677148677616,-0.09324276437400844,-0.9345810803947492,-0.8875055811133552,-0.9858605708300283,0.9605371058201915,0.9472170904423419,0.9467802453702309,0.9803138824194653,0.9769552065102718,0.9682474886179586,0.9003465921715589,-0.7701065303322947,-0.9744291129906918,-0.6104726067456729,-0.7240306075073588,-0.9830495241313089,-0.9154260907288718,-0.5917853264499735,0.9430448085817826,-0.9458829171639667,0.8993962108550071,-0.8073070032254976,0.928261330990931,0.8961259569063501,0.7589606764479756,-0.9665575502303649,-0.7134167770028678,-0.9804032870698708,-0.992756780316375,-0.9428811898270746,-0.8301426478005831,0.9694533381467407,0.5924365933223474,0.8958745200011579,0.9451586113694566,-0.9632094406482262,-0.8938525959778247,0.943978309617986,0.9989309250334395,-0.9045424407834467,-0.9943461777992871,-0.9754361794386796,-0.8980109129354977,-0.9463259594036755,0.8973416669554648,0.951941029666814,0.976749911471873,0.9278875488026719,0.9839503215103029,0.9645441269990127,-0.9978199775545405,0.8951492981735851,0.9332420184272054,-0.8940912754624969,0.8937216435188126,-0.5660895369461826,-0.8050869029414894,-0.9939913314522593,0.8645905791927586,0.957130556259219,0.8665843593562788,0.9413945134106834,0.5858742641353875,0.837998440936915,0.944862442956161,0.9939673893406276,-0.899097200478964,-0.7830457072082319,0.981969125682785,0.45756107969029586,0.993420067309144,0.696828551707229,-0.7533414729523301,0.8802939991669115
-0.9346047691520352,0.9999999999157425,0.8347131936054113,-0.8022333611504098,0.9618973274485311,0.9515552423918159,0.8932016616380922,0.9032474301378943,0.5794106406456833,-0.7656703936834498,-0.997296140662487,-0.9430790233352376,-0.40501356968647706,0.9557553370239475,0.8524049624432661,0.25887900087227095,-0.007498287945921302,0.8041306143177179,0.9940929904048356,-0.9962626032032376,-0.807558874572981,-0.98397934800936,-0.9734107011521149,-0.9810176795796401,0.9881418999014172,-0.9881960210412519,0.9852857923808399,0.9792023774089071,0.9991408570790828,0.7389379044910732,0.9773810935238298,0.9912562661242786,0.8879568516915847,0.9904346883938052,0.9949481211970227,0.9923768563831127,-0.9670839202072568,-0.9912717192245435,0.9990829672616883,-0.9932512450419594,-0.830043509549818,0.9224671547741747,-0.9899307767321279,-0.9809602050039682,-0.926208064420136,-0.9435312352391463,0.9413170396083079,0.9983248721302254,0.8803127334474862,0.9927216966365523,0.973428798221568,0.9767151458567023,0.17714870384502132,0.7513418361354209,0.9876750257652434,0.9673823090132432,-0.9928432428407968,-0.9610900153095847,-0.9853981464694508,-0.9225657082443285,-0.9455943098371921,-0.8339304481161988,-0.9906095903191287,0.5598725568883534,0.9829336481753954,0.7370584430090312,0.4379913774785568,0.983192673874425,0.9685378186610063,0.28919983738951077,-0.9918941337513089,0.9716738282798171,-0.9936057728914269,0.9522499225042672,-0.9981706566419886,-0.9948479570481084,-0.9301253366197207,0.9654257400918027,0.6259603433298314,0.9554423961419931,0.9702862349015468,0.9858777491277881,0.9717271347913027,-0.9762097597107736,-0.4777177320021686,-0.9817007356714319,-0.9001573579002443,0.9951253487519768,0.9944319513468876,-0.7871806329751015,-0.9353497804544981,0.996997048296548,0.9643227612353764,0.9892212533368528,0.9882291405171342,0.9671943590151564,-0.9906388306084556,-0.9849450258782129,-0.8689051477378913,-0.9924300832288806,-0.9809660863239343,-0.9077391296274411,0.946705903640962,-0.9940354512662918,-0.7574652133717409,0.9936927137222653,-0.9347491690612582,0.8207911834814993,0.9621903242014392,0.9651734282670825,-0.9862604597862593,-0.9975423749934891,-0.9748201077098431,-0.996170500696353,-0.26609378949704066,-0.935568199247039,-0.9950356072565545,-0.9046552425440819,0.9947157085077559,0.9529641595905487,-0.9016834220045622,-0.7409659060730371,-0.9688933441506566,-0.8969025780646589,0.9245408788751862,-0.9907589322971986
-0.9758914193009228,0.8347131936054113,1.0000000000151215,-0.3632937313895661,0.9285877398264605,0.9211734545441455,0.9016637153587075,0.7290341888468311,0.0524529357319522,-0.2940939014757568,-0.852437049148831,-0.9695358801178889,-0.8231993491885595,0.9071673793866395,0.9970163367098,0.726399884221884,0.49242549413102643,0.9611188758465377,0.8804954905261505,-0.7894549853793212,-0.9849142785500238,-0.7295465781612852,-0.6976036872587809,-0.8992177169759773,0.878691503917578,-0.8875498583986026,0.7303520905610493,0.7681781903583115,0.812025921399677,0.9711047484384796,0.822448617278961,0.7551189220760303,0.9602794408444202,0.7694094521584547,0.7898719922923625,0.7610352608207792,-0.8955877832849366,-0.8686487104316345,0.846995122641744,-0.7772057441882058,-0.7501529945638918,0.6955241738353116,-0.889424099856128,-0.9176241160612069,-0.7177024202550435,-0.921513447085399,0.9440766003095579,0.825317692081202,0.8880742986681672,0.8067754483691366,0.8850170829197294,0.9315673767445382,0.0184035861173969,0.9850261711501384,0.7671745247284156,0.9320269176555078,-0.8778218042170752,-0.8736555951831138,-0.8596738806826182,-0.9492063582577315,-0.9299966324055249,-0.9855741273781773,-0.7895678317200832,0.8410454107453351,0.905018285768455,0.5055882088556801,0.8496203846809309,0.9194365685843425,0.8197678140127505,0.7331300653011581,-0.8505632264976103,0.8656356937388368,-0.7855534875092587,0.6633236280424747,-0.8249396365659614,-0.7789845871453348,-0.6020682858881864,0.9018715422808059,0.7085635597706146,0.9298478302783894,0.9426143327458931,0.85330735008848,0.6887684809705674,-0.9005258386903371,-0.6104491717134055,-0.7826821671151534,-0.9062029011129968,0.8813698859178455,0.7756680287824517,-0.9758217261524774,-0.9729438127776994,0.7902352716922637,0.9482439018090187,0.903921187826207,0.7877475439529155,0.8688194861826478,-0.7807627038750501,-0.8680350255696699,-0.9768952415774583,-0.8267088600000975,-0.9218764731047787,-0.9326546226527294,0.9641583917578278,-0.7763396273418356,-0.9780261805870726,0.7748647929563153,-0.8049551367229247,0.37557443558096437,0.6585840341249974,0.9486385924556273,-0.7340811894901321,-0.8709583184900863,-0.7414908355713515,-0.8460582416950768,-0.740673042848858,-0.7184625383797582,-0.8519753083371929,-0.9833064766665304,0.7819767510685472,0.629294611193232,-0.9647749146361918,-0.2571451539369641,-0.9444916297804296,-0.5333545690058892,0.596365019612962,-0.7571207623362616
0.5545657668767692,-0.8022333611504098,-0.3632937313895661,1.0000000000438098,-0.6773342356330265,-0.6792954250569135,-0.6345139938375163,-0.6573127399023427,-0.8513722798968524,0.9943386493588973,0.7660317607272674,0.5791288289017745,-0.11212336228671825,-0.7032581465050091,-0.41014084469919165,0.2487775537499341,0.4178653584370358,-0.41208453720021304,-0.7587113464519687,0.8331198734308943,0.3709113477592388,0.8958132534809624,0.8765143738755512,0.7335180827112135,-0.7639400842192293,0.7516517820316323,-0.8757741960597719,-0.7957456047230983,-0.8261678031490702,-0.27824458552809683,-0.8231612112119472,-0.8653793815518033,-0.5410342930243011,-0.8720922472569997,-0.853974072138635,-0.8607203454641853,0.729378499622856,0.7771081634452243,-0.7805896800353527,0.8638848618442181,0.7267351376195381,-0.8936281451950225,0.7483994214464766,0.7032584588886698,0.7202780078599563,0.6703777981062345,-0.6334997040482979,-0.8211048973363232,-0.6346431500214181,-0.843118879868764,-0.7483027011407889,-0.6578760113412915,-0.4800022657595013,-0.2660972388399712,-0.8755349482240292,-0.6749908368763603,0.76413527621622,0.7517242650958377,0.7868702739462184,0.6041312700267462,0.6601097899992036,0.412986359384132,0.8066520683080362,-0.17465303525270337,-0.7250898161261377,-0.56209687493462,0.09668292204964878,-0.696417309783803,-0.8193086071717823,0.18997130727366265,0.798942719439442,-0.7708811758078594,0.8240159071842267,-0.9380119271201814,0.8217900807964402,0.8415043003258421,0.9626181353311365,-0.7194952309912884,-0.4665200117997025,-0.6699625251951469,-0.6490574040634867,-0.7944777426569725,-0.9204618690434313,0.7293359661914338,0.3405801492533322,0.863333219425617,0.6378214123969117,-0.7547133612330392,-0.8447639348805241,0.35563206353297777,0.5686891749535407,-0.8392534877266642,-0.6393610879507953,-0.7223174630520183,-0.8005527893263477,-0.7632486788992274,0.8646855136861655,0.7766222053545015,0.4841515910357152,0.8244689599104211,0.6940966171225954,0.6108625186983552,-0.5974674688318005,0.8622048408507399,0.2971632944079201,-0.8636771492536341,0.8013092332385728,-0.949150458034264,-0.9022104760168234,-0.6229480014191643,0.8883844026022212,0.7634242411899976,0.8940605795676174,0.8025337358970677,-0.26571677020168566,0.886122098128434,0.7964801879073948,0.5168151389757035,-0.8583594911109815,-0.9261460497829682,0.5516396071691769,0.9285064037389246,0.6449179011767758,0.8922350845958124,-0.9642073548485675,0.8550299685297592
-0.9818986832311905,0.9618973274485311,0.9285877398264605,-0.6773342356330265,1.0000000000372262,0.9985387977131172,0.976413633872171,0.7942573664947506,0.3445706125492977,-0.6154324018899708,-0.957956095840799,-0.9874017356934335,-0.6274785536860198,0.9973381647688798,0.9484769453906945,0.5015284587080837,0.2633156343899087,0.9352072669140464,0.9858794904078149,-0.9348061782749044,-0.9313565742728175,-0.9179650078124303,-0.8744724297090726,-0.9961687806732847,0.9906359348336163,-0.9919583152547206,0.9042532318551556,0.894084278988294,0.95365380361145,0.8877390236058679,0.974671432242224,0.9215299397602369,0.979664012492667,0.9425788085861241,0.9504531616698793,0.9243064517749019,-0.9965869023830061,-0.9869240249910418,0.96105358684406,-0.9440944824467407,-0.9046567881800924,0.9108990487806011,-0.9908762889431694,-0.9957224965062512,-0.8132482366325842,-0.9969531418201726,0.9976857362840806,0.9654036150193734,0.9681292457005451,0.9629539561947335,0.9945897659804903,0.9819953332276988,0.26063040776236973,0.888300058295987,0.943930797925098,0.9993192388674408,-0.9873221259166701,-0.9907896876474762,-0.9867846417726938,-0.992894058681465,-0.9982011920642251,-0.9474213847274839,-0.9195239389320521,0.764994095059262,0.9957780516575048,0.5662990844772969,0.6503122554627258,0.9918157814443033,0.9736646420153476,0.533911287301121,-0.9815773628354075,0.9895667616412263,-0.9255268125591137,0.8900887044593102,-0.9655389435211946,-0.9296894009726034,-0.850471362016146,0.9976090112553648,0.7850425526948437,0.9996882564333587,0.9915892738627993,0.9847103838096,0.8960302216451785,-0.9972582495864681,-0.6661798438203161,-0.9559139155552413,-0.9801112491904072,0.9835336650038099,0.9284712178033264,-0.9213352817010729,-0.9880278653656507,0.9395513091026153,0.9942808271445395,0.9893124039147626,0.9145095446534178,0.990179647239672,-0.9499985268644543,-0.9892368859927462,-0.9687365316952175,-0.9724015146944862,-0.9941009303111998,-0.9869113185452129,0.9922277179625149,-0.9415470303117394,-0.8988411113651322,0.9411043150391096,-0.9624385521406195,0.6459309453904862,0.8546842707306053,0.9828699073037156,-0.9166629783685638,-0.9766892558829583,-0.9349091013501513,-0.9767889366605093,-0.5018887465740163,-0.9243823596640414,-0.9797865417216048,-0.979738283111324,0.9448093249115529,0.8434830771224614,-0.9848133670301952,-0.5414754579131373,-0.9915432499845162,-0.7423857076119745,0.8481533413357265,-0.9168364454886249
-0.9736437556070373,0.9515552423918159,0.9211734545441455,-0.6792954250569135,0.9985387977131172,1.0000000000071916,0.9863086311836298,0.7621927340556324,0.32485144700159474,-0.6138480273476522,-0.9443343581787653,-0.9800324339334544,-0.6382120799763022,0.9993957807343374,0.9444100234088462,0.5153465446988271,0.28788198935954634,0.9426938695433733,0.9788469998335018,-0.9222092380113119,-0.9333197620150273,-0.9107722410611377,-0.8589350310605632,-0.9931175044221365,0.9869066066137296,-0.987425008591403,0.8918166120273867,0.8741015543948546,0.9438267295819319,0.8921265852270289,0.9757837137401593,0.9102853485955843,0.9835944485487755,0.9369074771009999,0.9436098705770379,0.912941520643083,-0.9974110247507615,-0.9825911565248638,0.9488828272968867,-0.9372009633842532,-0.9253499055236108,0.9202307480840627,-0.9852959656241335,-0.9899151596056865,-0.7841844066361359,-0.9996580278425607,0.9979570888141505,0.958015805291609,0.9800077372036881,0.9586270507549292,0.9947477156306093,0.970354401024043,0.3089443908499058,0.888049246406957,0.9396890676194877,0.9958653809459965,-0.9814652474921489,-0.9940671379051141,-0.985030767988216,-0.9950740542584096,-0.9996659191317413,-0.9488666903383506,-0.9028332426200661,0.7859085439780465,0.9913241872556243,0.5239967976195034,0.6577321299172114,0.9838607792594298,0.9768420478703131,0.5511853510026402,-0.9777848907466956,0.9911111931416646,-0.9108286912115916,0.8897946233202624,-0.9582879992684992,-0.9171028327562366,-0.8500218458716993,0.9982836422095771,0.8165785683651119,0.9994268412710652,0.9832413404710891,0.9830190293744111,0.8897259721305429,-0.995513631197539,-0.7039687836301103,-0.9550686013635659,-0.9890601602243166,0.9753130019063421,0.9160222958345857,-0.9257591552104433,-0.9821777047462333,0.9283451629541096,0.9874568666236795,0.9812876342168715,0.8968603886547469,0.9925209923618761,-0.9452815921032544,-0.9872644172220455,-0.9708542399374505,-0.9686397165834706,-0.9871177619595987,-0.9927524884706819,0.9864845943508661,-0.9336985697438315,-0.9018834928958608,0.93338829787524,-0.9715565197626507,0.6308120751092191,0.8403037886630795,0.9717756875764296,-0.9078421903918579,-0.9669787157768298,-0.93409976977262,-0.9709635646406981,-0.512144430701206,-0.9321855646500781,-0.974438676522732,-0.9765764404407552,0.9371527436185946,0.8314424834464174,-0.9867538040404846,-0.5247891674480625,-0.9832338816778543,-0.7212888601822837,0.8489847084694392,-0.9037697379553462
-0.9396686192547961,0.8932016616380922,0.9016637153587075,-0.6345139938375163,0.976413633872171,0.9863086311836298,0.9999999999884305,0.6450028310946659,0.21660821816894685,-0.5571347789441712,-0.8787652311876817,-0.9470887081897583,-0.6968898886559861,0.985722126398403,0.9320424990566258,0.5890160331611388,0.39804001269898076,0.963853749216048,0.9340765029321857,-0.8541871134389776,-0.9410041588237872,-0.8537149928191682,-0.7773236578114803,-0.9621910599484114,0.9516488370064659,-0.9507107192735004,0.8203055598566773,0.7857225449909693,0.885039037685173,0.9122269330854528,0.9501055550522074,0.843553251891446,0.9864456606402799,0.8867711918862216,0.8915455926227006,0.8462702702849931,-0.9782193406763915,-0.9445043417931829,0.8866508255717894,-0.8840905535539648,-0.9621438875143895,0.9118410558731529,-0.9456927631924125,-0.9530005757616121,-0.671941032778873,-0.9902201099801561,0.9839886538036434,0.907137796078114,0.9992872138620325,0.9151346756246125,0.9721849296294932,0.9190492167964239,0.42518148216562984,0.8953532261007213,0.8935645020787556,0.9680105255888547,-0.9398193449783463,-0.9803442512390932,-0.9538501751425403,-0.9886772404508376,-0.9873393299938111,-0.9525189459427769,-0.824158267496395,0.8583843270559208,0.9568494874013547,0.3764698321392791,0.7062337862709863,0.9409812416391042,0.9574969109112317,0.6318460170744337,-0.9395761415378814,0.9708782869712008,-0.8369765104391323,0.8492319433700238,-0.907768946014063,-0.8483595488984714,-0.8060476988796061,0.9793851759753377,0.9002229817778884,0.9813545990410634,0.9425649820311718,0.9514186909811782,0.8328694911394329,-0.9687707583465007,-0.8114007026122164,-0.9201909977626043,-0.9998387445779876,0.9272520223021982,0.8474160521916921,-0.941482065348697,-0.9544751460155408,0.8641319449179732,0.9520457594711172,0.9362840788374029,0.8156407392676627,0.9751995017477542,-0.8987117166854471,-0.9562426433097531,-0.9720744402133886,-0.9284271303379936,-0.9473383836233278,-0.9964911498193585,0.9571781758381842,-0.8778144193905967,-0.9170086254962809,0.8777765246874629,-0.9706681129416141,0.5383291156258855,0.7596752969685513,0.9245936147911341,-0.8464731818333009,-0.9136970277896946,-0.8965048686633723,-0.9263594635385477,-0.5765250838797736,-0.9202320052064048,-0.9317642339159352,-0.960239195085024,0.882206971865743,0.7556711213380619,-0.9831389775240826,-0.425981138241125,-0.942964288337282,-0.6181553003346195,0.8086041540222223,-0.8322583074006229
-0.823068293964138,0.9032474301378943,0.7290341888468311,-0.6573127399023427,0.7942573664947506,0.7621927340556324,0.6450028310946659,0.9999999999836444,0.6553273067228328,-0.6577972723295542,-0.9264331183166251,-0.8235578522793365,-0.22154189424134635,0.7617089172716472,0.7174826093874412,0.0756283019980724,-0.2287368766041446,0.584682300867847,0.869237264187295,-0.9204323358949338,-0.6309091377742114,-0.86933539931118,-0.9289884406030163,-0.8249932654886476,0.8376120603387462,-0.8436886151440707,0.9126294594126411,0.9662428390819333,0.8994924246427579,0.5529594976033362,0.7921723665534942,0.9069446267038495,0.685572696819213,0.8606646320787164,0.8729670052061648,0.9085839417373472,-0.7819751918494683,-0.8456671330935678,0.9165646782345844,-0.8725404458201079,-0.5112201692275782,0.6850241024897065,-0.8535174790470706,-0.8462104902218511,-0.9961935487282965,-0.7452518128626684,0.761807605224949,0.8784930231460396,0.6186094956870551,0.849951637709781,0.7933307942323952,0.8888136486321527,-0.23717285492417498,0.6002879422349507,0.8468912064325836,0.8148505985388963,-0.858831037139216,-0.7581565541586256,-0.8202949839006781,-0.7300329335825615,-0.7565888544362948,-0.6577664400976769,-0.9485073579129608,0.27213087017134874,0.8376446581659754,0.9503509929747913,0.27531098166319057,0.865330547009479,0.7680641137494193,0.07359958244881021,-0.8427548885125346,0.7816245077412096,-0.9352503597654703,0.7897688041787457,-0.8772773368987424,-0.9196517446371277,-0.7750098567202927,0.7814366618863129,0.2501790107576467,0.778975333210659,0.8562181888363126,0.8205222311709819,0.8536591306584873,-0.8102681053953534,-0.07701200660010371,-0.8136327441347585,-0.6583848389947846,0.8796469504357464,0.9183506473961315,-0.5939979634414831,-0.8045007376596874,0.9098315359041255,0.8385328609300393,0.8718594696103668,0.9542618637352043,0.7711918796100716,-0.8525926926828361,-0.821247436703753,-0.6829207459710722,-0.8441584481015535,-0.8554681023518235,-0.6886138368209536,0.8138613722278092,-0.8809457469320024,-0.5794052329574074,0.8796578781220966,-0.6918735565261732,0.8101701434229337,0.9119531866908066,0.8736180909091388,-0.8841790253760495,-0.8942405184423888,-0.8094673904150628,-0.8630270047935981,-0.10980760632412093,-0.7074719665524041,-0.857910802897899,-0.7558993562018259,0.8797064832206414,0.8866293534381703,-0.7131932631686808,-0.759910767155352,-0.854614114413499,-0.9160028078686299,0.7601724817632363,-0.9210828633304513
-0.26050337386372313,0.5794106406456833,0.0524529357319522,-0.8513722798968524,0.3445706125492977,0.32485144700159474,0.21660821816894685,0.6553273067228328,1.0000000000464828,-0.9012671512064522,-0.5638920351652096,-0.28012422980329754,0.5104868971855054,0.34915400210000186,0.07257350990484297,-0.6372451194513186,-0.80936815649948,-0.008749563943926838,0.49088715146873313,-0.646226255695257,0.012749300746125625,-0.6863410842228486,-0.7487740090107774,-0.4252671602546019,0.4691614335846687,-0.4602413041392029,0.7098191722305524,0.6784978217240958,0.6076151998239433,-0.12088913414537508,0.5091280440463156,0.6801379477140451,0.150765948176182,0.6348763237259447,0.6188415497954539,0.674254423707644,-0.3900313845793667,-0.4911896450115189,0.5683959132546962,-0.6339505793719888,-0.27549524387112456,0.5585624229999951,-0.46503936007490326,-0.4110746577969142,-0.697651916827173,-0.3053628358475035,0.280271525489411,0.5771406160757319,0.20522100484643638,0.5805556309296327,0.41855919278571935,0.4091335619844111,0.07050352803877052,-0.0994667386817587,0.6272018769110018,0.35761041405076344,-0.4874916189173137,-0.40013392182797,-0.48275982676480805,-0.23289645224109207,-0.30226207450275333,-0.03357180306873,-0.6538837411937657,-0.314532035025371,0.42637669285299673,0.7290769972273994,-0.47713989332744067,0.42150659459761103,0.48897808044046515,-0.6096652243138554,-0.5153516388370685,0.436870717555271,-0.6561363201837631,0.6957376418273332,-0.5768242264844393,-0.6584740963924338,-0.7446632631482475,0.37901049809318577,-0.06089305189936409,0.3266562777152645,0.3685831010297007,0.4922553445451555,0.7189068559726683,-0.4096423032411457,0.2029255016485568,-0.580720433509759,-0.22614845439836792,0.49649254052325675,0.661835084481619,0.04528023363931476,-0.2556538252071001,0.6404491731651141,0.3439868999582027,0.453894961733992,0.6564656507742939,0.42134734876468577,-0.6152037839280179,-0.4711737063211985,-0.10262428312196632,-0.5496449491472042,-0.4101292217408984,-0.2152017374858559,0.2869323943427848,-0.6405817905378655,0.0932299093413443,0.6415029869969788,-0.4267292260072751,0.9387047857789803,0.7794864257818205,0.3631088275494929,-0.6908145900895368,-0.5216039481377678,-0.6266786325708446,-0.5376587049401494,0.629770716011023,-0.5552374223706309,-0.5253708494772696,-0.1772037788413165,0.6330060628108771,0.7948878693804712,-0.17638598519086252,-0.9754275550465532,-0.36340262197619533,-0.8725625207432339,0.7376713096957184,-0.6842525343007386
0.4945869220576122,-0.7656703936834498,-0.2940939014757568,0.9943386493588973,-0.6154324018899708,-0.6138480273476522,-0.5571347789441712,-0.6577972723295542,-0.9012671512064522,1.00000000005139,0.7315613707684936,0.5191757975376652,-0.20620393675213636,-0.6389386511394772,-0.33772946284525474,0.34270050393725865,0.511345532506217,-0.326080088220035,-0.7118136757558462,0.8049163674886076,0.28958210976871285,0.8670497041588646,0.8622963173917901,0.6783215271370245,-0.712527385895741,0.700237625189122,-0.8540102105659547,-0.779164421212251,-0.7916416319140231,-0.19181500175235563,-0.771573396430389,-0.8392993193712128,-0.46422092578314944,-0.8367517723501416,-0.8179377378621479,-0.8341366226265515,0.6687113129508097,0.727892841462004,-0.7449308153341037,0.8293757671126766,0.6501322761677796,-0.8436954195253057,0.6982494887554102,0.6495054962658132,0.7193070431359577,0.602807845131415,-0.5663219500732969,-0.7816424791626426,-0.5556003945228296,-0.8015289828516569,-0.6901470694415843,-0.6100222018622162,-0.4221083999023068,-0.1848251342320959,-0.8384085397144465,-0.6156231290352672,0.7159236307996203,0.6901381898070342,0.7349908569411957,0.5328013570791211,0.5932725618317626,0.33363012300959577,0.7836320561984931,-0.07272425235767697,-0.6711638975247131,-0.5950386009083665,0.18784868542232752,-0.645437454063789,-0.7648236919536238,0.28778717862095904,0.7512443434376204,-0.7131438872504952,0.7989692152772733,-0.9064536839624978,0.7821823972745571,0.8144930787211249,0.9376111199001099,-0.658175356654837,-0.36994136220746565,-0.6059653778516202,-0.5951076427695551,-0.7433169844465174,-0.8948571509891058,0.6719799063414219,0.23996315937152654,0.8194507012093203,0.5615146426356858,-0.7093551091235789,-0.8179518879365663,0.2710641209386427,0.505884659483343,-0.8091278245230696,-0.5823729737903811,-0.6736372983610229,-0.7789174983683628,-0.7038231090801894,0.8266890069903522,0.7239910809768915,0.4067567839285107,0.7796712268471351,0.6414009537342859,0.5358817529790367,-0.5361780347411877,0.8291223009668223,0.2126466463619828,-0.830579542753823,0.7389275949101678,-0.9658451864742619,-0.8906297636518428,-0.5716808127902118,0.8613672113697303,0.7214600220979748,0.8548072675112275,0.7583317087105553,-0.3562352701524056,0.8361117064467334,0.7508566009262643,0.44755826582129377,-0.8243661000460353,-0.914530730110101,0.4776526286686478,0.957655996931533,0.5906153025230497,0.9015926645780182,-0.9378919058151799,0.8311226993389433
0.944223773937036,-0.997296140662487,-0.852437049148831,0.7660317607272674,-0.957956095840799,-0.9443343581787653,-0.8787652311876817,-0.9264331183166251,-0.5638920351652096,0.7315613707684936,0.9999999999516892,0.9505520974399402,0.42024490189141356,-0.9465132057179446,-0.8645699910488466,-0.2743901619607346,0.0017243564095183255,-0.8034124941261714,-0.991076452079407,0.9933530474679501,0.8149272896997414,0.9712298206801088,0.9692446845747478,0.9754967676619896,-0.9814577872216189,0.983103558660378,-0.9788171886100477,-0.9849567039445329,-0.9942753887366951,-0.747499591611875,-0.9616814032986789,-0.9846595066810182,-0.8852452023171596,-0.9781917126231037,-0.9852302042805916,-0.9862604614952418,0.9576689075304218,0.9843725125132615,-0.9995202501684171,0.9828239050624924,0.7965616118381695,-0.8919575468663401,0.9861042108916129,0.9800675894922373,0.9432711996721911,0.9354307446364967,-0.9379101331592254,-0.991519823278907,-0.8634807112791736,-0.9813313630986064,-0.9635982600678749,-0.9841555423444648,-0.10706692535919803,-0.765558760362662,-0.9737555363084724,-0.9656791614749644,0.9883132623737078,0.9476113087973655,0.9751913205237529,0.918612502539642,0.9394356180841185,0.8400127558958137,0.9930621075181288,-0.5526020889009824,-0.9793715001661316,-0.7691128954216938,-0.45663846026826155,-0.9848513622754326,-0.950815486494779,-0.2987711150373909,0.9830181500158506,-0.9589314132771365,0.9931501719743885,-0.9288554158082564,0.9911853350245742,0.9912903014322944,0.9042274208805396,-0.9567584308758038,-0.5916118295217544,-0.9506230334738279,-0.9750157226807483,-0.9751096630047842,-0.9559315690194123,0.9695631321337382,0.4398933556088933,0.9652274487698203,0.8866662110644491,-0.9935262594918404,-0.9905046676578525,0.7924521005791108,0.941806324042731,-0.9924117278251217,-0.9680559954172108,-0.9894192460172444,-0.9918848802237069,-0.9540489628969074,0.9780333060169499,0.9756267079098228,0.8709676164614544,0.9817901175805896,0.9817911440934757,0.8993023354906915,-0.951569291745758,0.9846397342359045,0.7667630194830726,-0.9840584685556439,0.9113258690661536,-0.8046692040992426,-0.954702545913313,-0.9740187886804368,0.9756247920335254,0.9968233878203466,0.9559005682217522,0.9891089701551122,0.2863731827990743,0.9075512458239404,0.987901231273776,0.9108821037760753,-0.9854369370033207,-0.9412689099527131,0.9006698234979144,0.7242805222764648,0.9738124945153981,0.8934980847977065,-0.8971100226252946,0.9865370363205421
0.9994789780445515,-0.9430790233352376,-0.9695358801178889,0.5791288289017745,-0.9874017356934335,-0.9800324339334544,-0.9470887081897583,-0.8235578522793365,-0.28012422980329754,0.5191757975376652,0.9505520974399402,1.0000000000311304,0.6812730688236016,-0.9738814857205769,-0.9776638045391931,-0.5594619946805547,-0.30598140305027566,-0.941266653003664,-0.9697892317647043,0.912969871584974,0.953812312012229,0.8747479320943939,0.845966014414753,0.9774673793440665,-0.9679762787092197,0.9728334575702455,-0.8727359554697738,-0.8882230173823591,-0.9294082793942521,-0.9161387257548906,-0.9323030140168476,-0.8909515081310433,-0.9763327824925682,-0.902415920865148,-0.9160099656122695,-0.8949275227906142,0.9713109400194844,0.9630130395932542,-0.9489482399770659,0.9076322963083974,0.8343201841140531,-0.8364476739948343,0.9741200422862724,0.9868457157302529,0.8288494600760029,0.9773621023880751,-0.9884505511344955,-0.9384354951686417,-0.934325206567765,-0.9266119117705464,-0.9674390816444092,-0.9898614456989843,-0.11899458022848342,-0.9273231646880266,-0.9006776950437788,-0.9907547024177032,0.9683173074925915,0.9569245636293814,0.9565147536466502,0.9842203660224557,0.9826408018167354,0.9657504754123559,0.9080923593310252,-0.7675130429288892,-0.9809779231703276,-0.6090603782813745,-0.7099646687857013,-0.9876721437272417,-0.9279381579522884,-0.5791449368519827,0.9527787613686262,-0.955857819447919,0.908205025528647,-0.824886294150629,0.9382202194290769,0.9060697005527136,0.7781696551307942,-0.9742415263671688,-0.7241002521366956,-0.985961594637118,-0.9955243187157861,-0.9529540208466882,-0.8453436999325921,0.9768586820828793,0.6024163867264011,0.9092770863992699,0.9523761206175325,-0.9700785143375877,-0.9039774004898727,0.9406578577158717,0.9994613953513773,-0.9145843699027886,-0.9971123141822146,-0.9810472609855575,-0.9053695853603099,-0.9562204920453516,0.9098679249928844,0.9611902514133744,0.9766599760765979,0.938751127819344,0.98870417929044,0.9697980591241943,-0.999364361464439,0.9069047492166136,0.92781684552933,-0.9059453196641847,0.9073781464932199,-0.5847844469366535,-0.8182361776041939,-0.9952216282588904,0.8775318647354304,0.9640533820576105,0.8815375701786592,0.9508073096553682,0.569158140507974,0.855172931805613,0.9541217936117056,0.9934579277339032,-0.9106991857304371,-0.7979248051661592,0.9840223859557063,0.4770747991232196,0.9960455478473048,0.7099592491605929,-0.7729978221318465,0.8908563054834466
0.6945826484551059,-0.40501356968647706,-0.8231993491885595,-0.11212336228671825,-0.6274785536860198,-0.6382120799763022,-0.6968898886559861,-0.22154189424134635,0.5104868971855054,-0.20620393675213636,0.42024490189141356,0.6812730688236016,1.0000000000645786,-0.6151766058797579,-0.818591617721665,-0.9878914421168253,-0.8985178294551291,-0.8570173869205566,-0.49780273063679886,0.32628396880679567,0.8661753481900222,0.26715184960427624,0.18729102062194333,0.5571202394529621,-0.5153570334954805,0.5256059813469536,-0.2430883806581711,-0.27334303384071856,-0.37226244722004526,-0.9150312303366767,-0.4581040704724573,-0.28257484199838107,-0.7665899861060201,-0.3316082247127898,-0.3546405488047869,-0.290402641284114,0.5813504213012693,0.4939776968402322,-0.4167881184119789,0.3358521812353851,0.5619267969929815,-0.3429656280271891,0.5222325570505126,0.5735530026912519,0.19756589218010118,0.6514477800231576,-0.6778120078270444,-0.4052459937065073,-0.6957335881772796,-0.3949138618186565,-0.5560594858382615,-0.5723545615740181,-0.09849959402590999,-0.9048787737576014,-0.3370659421452058,-0.6189631973993774,0.5000850843707461,0.5631924837709877,0.49678365924387347,0.7109922845664691,0.657348245714407,0.8419615047255773,0.3124683613724858,-0.9409327547278031,-0.5581567694524907,0.03492325387033238,-0.9978870238838223,-0.5645699903164992,-0.4710652844970426,-0.9881939672726723,0.4673355466263709,-0.5333349985290563,0.3127201195929498,-0.22179523261970827,0.4054136706271644,0.3110026751375528,0.14340497631434412,-0.5920341013973476,-0.7231741041626933,-0.6406062418852999,-0.6105961972568003,-0.4865896028711044,-0.21739853349294874,0.569388796930471,0.7254385696634055,0.38244396903627853,0.6936690729176406,-0.4928058577508487,-0.3067545877925717,0.8808260736671837,0.700375701201031,-0.33330048286487307,-0.6317028870877316,-0.5344876408978865,-0.30723019424383596,-0.5459317177557625,0.35378824904718004,0.5093882329993332,0.8010155339198918,0.4292938524087565,0.5748443894119921,0.7145758544283287,-0.6771313465694065,0.3293949156477577,0.9037013643671659,-0.3279714208869005,0.5043617494660435,0.18763390867086513,-0.1406623189980573,-0.6118788990665953,0.26482948860763866,0.4673703670880051,0.3234444572963245,0.44712085769646587,0.9877610761625973,0.3608207374491337,0.45966505164582816,0.7557849903576458,-0.33860416140427185,-0.11315019451712673,0.7526105864952911,-0.3129128014712006,0.6149503637961593,-0.03174077857543983,-0.14514148436282218,0.27776095349323093
-0.9664221622319348,0.9557553370239475,0.9071673793866395,-0.7032581465050091,0.9973381647688798,0.9993957807343374,0.985722126398403,0.7617089172716472,0.34915400210000186,-0.6389386511394772,-0.9465132057179446,-0.9738814857205769,-0.6151766058797579,0.9999999999352168,0.9324134164781539,0.49061513359506465,0.264734724138837,0.9330293292237272,0.9808631411327781,-0.9282902552964846,-0.9210527839277507,-0.9210529751492623,-0.8683938378708405,-0.9943090579712687,0.9895309681196789,-0.9893287048182768,0.9007979516415565,0.87861353110136,0.9494421229898978,0.8774503228237568,0.9823352951840381,0.9184460735083168,0.9777634190483661,0.9455908437831002,0.9510468130639301,0.9207867806137092,-0.9990167552989101,-0.9858279887310718,0.9518479107015073,-0.9452747164870119,-0.9328668094061547,0.9332499441733392,-0.9869218706261409,-0.9893254893513095,-0.7864073722455175,-0.9988998333109995,0.9951344285742398,0.9634209288263219,0.9800009611574445,0.965582189515416,0.9971607135260039,0.9672341936825378,0.3299672030896613,0.8720758051881771,0.9487108392081983,0.9942655609146942,-0.9838657450555637,-0.9972467314762166,-0.9891185377084439,-0.9913847411938025,-0.998211115003451,-0.9379032685705684,-0.9075574051889596,0.773047828754402,0.99192750572777,0.5247724353506209,0.6341490261296244,0.9827466351281342,0.9835789739275441,0.5286255424381702,-0.982255782728181,0.9949153867127327,-0.9164596137487645,0.9039374511477481,-0.9637413071188775,-0.923722706879921,-0.8664889451599004,0.9993897212509998,0.8178785210607851,0.9980947532571242,0.9799449449083039,0.9875234992217857,0.901942982103982,-0.9966899046643114,-0.7043329038181095,-0.9637035939893058,-0.9883564269061097,0.9770351991989906,0.9228485996295486,-0.9135098651332033,-0.9757785858795761,0.9347727898552708,0.983881614214841,0.9814043502615573,0.9013163477873217,0.9960892318071412,-0.9535503839232624,-0.9907803206029084,-0.9625244998943441,-0.9745500307597623,-0.9859814282800016,-0.9901326578076728,0.9812631569242608,-0.9416257259968751,-0.887495594239342,0.9414164389668911,-0.9787774288454582,0.6507739773918083,0.8517210036317444,0.967145733133844,-0.9175725144882637,-0.9690712708124838,-0.9447799705839625,-0.975424385428522,-0.48607717319950466,-0.9442024896037223,-0.9786090590445938,-0.9685330023744058,0.9448351373671753,0.8446566596901881,-0.9809225736017037,-0.5468548868238161,-0.979759106236404,-0.7347205324876472,0.8657986394147476,-0.9113246269086528
-0.9817670026782402,0.8524049624432661,0.9970163367098,-0.41014084469919165,0.9484769453906945,0.9444100234088462,0.9320424990566258,0.7174826093874412,0.07257350990484297,-0.33772946284525474,-0.8645699910488466,-0.9776638045391931,-0.818591617721665,0.9324134164781539,1.0000000000450755,0.7196191379948416,0.49191552429863966,0.9771339342440278,0.8990159249271084,-0.8068252034370529,-0.9926243021216367,-0.7566241343301763,-0.7151334492623801,-0.9205478830164832,0.9010591487743219,-0.9083276599268022,0.7507685028993654,0.776004102202942,0.8317502290057268,0.9770297127563847,0.8536973104743844,0.7759877291089028,0.9788409429052106,0.7964409159501814,0.8144780992950758,0.7814673244915421,-0.9209433692295506,-0.891145746146063,0.8614842591123962,-0.8024114172089043,-0.7987060911085165,0.7407703083920787,-0.9088867423075541,-0.9342455009026399,-0.7126489226827424,-0.9456472240151591,0.9634687911485285,0.8472526828485974,0.9207762641190332,0.8333424354279559,0.910725814803617,0.9394683271752099,0.09404209234852333,0.9851639332203366,0.7959481815949943,0.9496049880173176,-0.8979138883937247,-0.9030476255088632,-0.885553334882993,-0.9691406486222921,-0.9521744748167126,-0.9947964143748605,-0.8012094962116669,0.8613715580366823,0.9243428412858368,0.4811706777673293,0.8418573018755425,0.9333781657028296,0.8530898359605487,0.7328994331957849,-0.8749568625503802,0.8942078234287819,-0.8002561702435679,0.7007903209181543,-0.8470611198972382,-0.7969159215624385,-0.6413760676349781,0.926495927697673,0.7564958838623399,0.9506514409005986,0.9534908787632552,0.8797127042858469,0.7185511085079088,-0.9230427507516884,-0.6601750213361329,-0.8143181020289396,-0.9356652435767984,0.8983988788480508,0.7939519754485532,-0.9855501739096078,-0.9821513530179852,0.80939979555712,0.9602132777561251,0.9192684901512763,0.7980767143244882,0.8978333245835971,-0.8083113204340577,-0.8930637784793424,-0.9904733582605232,-0.8527060290885877,-0.9367207778710673,-0.957087644994762,0.9750176704638908,-0.8004427049415523,-0.9833447788066291,0.799202688950991,-0.8439912904171009,0.4013130298957198,0.679137601939873,0.9551822644805094,-0.7589755863105514,-0.8869444460202693,-0.7752174458786232,-0.8684933749920621,-0.7290250738490325,-0.7613910068277093,-0.8745500688141332,-0.9927175157453836,0.80602392686211,0.6539359553388342,-0.9816544897216088,-0.28170374931905595,-0.9551808942905408,-0.5477857497349277,0.6372077257199751,-0.7754853099107987
-0.5745870513701546,0.25887900087227095,0.726399884221884,0.2487775537499341,0.5015284587080837,0.5153465446988271,0.5890160331611388,0.0756283019980724,-0.6372451194513186,0.34270050393725865,-0.2743901619607346,-0.5594619946805547,-0.9878914421168253,0.49061513359506465,0.7196191379948416,1.00000000001622,0.952798964693669,0.7712450269664728,0.3583370425272226,-0.1760839710899609,-0.7787219031943551,-0.11749204931760016,-0.03287670445028468,-0.42397815798301547,0.37871481950358776,-0.3892483359238692,0.09047521854110607,0.12110595981654562,0.22474040480196925,0.8420217954699656,0.32168698455808026,0.13134693892347582,0.6614284318374076,0.18462697414955215,0.2077615317220353,0.1393571414883042,-0.4528463166944774,-0.3555547426361331,0.27088075267919565,-0.18827516842971506,-0.46060052369214755,0.21201830061670207,-0.38511692217374605,-0.44046907360319904,-0.047524788316139495,-0.5309323147387025,0.558309217144936,0.26024718461534796,0.5904831807333957,0.2511845265097869,0.42502950378360854,0.438227883006787,0.08839811630376694,0.827983285921926,0.19122732784450647,0.491105448127723,-0.3612790226408412,-0.43544666023262324,-0.3602084041037625,-0.5968096942956932,-0.5364401267068832,-0.7487977420581662,-0.16131076964385851,0.9033477430899011,0.42435049171854106,-0.16967003402554265,0.979312778890195,0.4300429489072116,0.3373546540241416,0.9963422892464947,-0.3276023013643792,0.4018281252899378,-0.1616572232712367,0.07699743708429453,-0.26048806686279924,-0.16025535403978078,0.0018237829318966644,0.46430561059722736,0.6666658348646677,0.5167309286813949,0.48042723667760306,0.34943194918367765,0.06745564976428621,-0.43803830184790515,-0.6951395832065527,-0.2408835632758256,-0.5842183894042299,0.35257362120270797,0.15589758622194275,-0.7981697639141355,-0.581245875255117,0.18373909540655967,0.5040297441410174,0.3974127824968266,0.15591907517193151,0.4160328477281794,-0.20818318325473953,-0.37346954427727536,-0.700217265177617,-0.28753447247028996,-0.4414875473116012,-0.6040592068671832,0.5549813894084242,-0.18108432934270793,-0.8266888243712714,0.17968222329151895,-0.3796009143549139,-0.3361049327517824,-0.01396709608166829,0.4818239897308489,-0.11420891620177004,-0.32501178333514624,-0.18000225686020407,-0.3050676382510868,-0.9976563658259076,-0.22820071640324677,-0.31857717168415484,-0.6452946700710985,0.1907086146998062,-0.04070259560480687,-0.6439117307292034,0.4551640188130451,-0.4852436358137898,0.18642525830870324,0.0012850996905407188,-0.12584431465621504
