0.9999999999463536,-0.2389750527267579,-0.5914480281798806,0.00896911603600361,-0.5233593696732233,-0.6033398132663021,-0.6924458878481449,-0.8817740044798337,-0.07787107200147295,-0.35137750798493533,-0.2868552585896377,0.18119888950123908,0.5805086177943174,0.13007155986278626,-0.17605669737815524,0.2321664641899286,0.44137655081546434,0.4669848582609602,-0.3087338632793423,0.29067396713697513,-0.4059073376457341,-0.030112142448851256,-0.04108386365331129,0.4044032601519552,0.9242261676880867,-0.10332437439847368,-0.2672110446458276,-0.07781086422596627,-0.22726446555048158,0.010378816757524712,0.27954153582593605,-0.5382250867532682,0.20696115139959,-0.6754330832609377,-0.27665835927101173,0.07444709393522495,-0.019208228209661633,0.18751295379688465,-0.3028184704092954,-0.05158188998221314,0.2186300306408423,-0.3094873396778435,-0.9994708304209582,0.5531773133314497,0.21300156257659636,0.15152901135608968,-0.017650181187578433,-0.7064167203638025,0.5692153706262809,-0.15689639205187217,-0.45652814534485997,0.34455601844765016,-0.23276807400012622,0.32158232220292843,-0.17475709278792023,-0.2500713583626575,0.15630443209395187,0.36061714595541333,-0.14199663070504304,0.3415823904580421,-0.06533860930574661,0.10188194211495363,0.05187806919019366,-0.3296931048403483,0.8643905984611155,-0.14602023513994816,0.011737867250681384,-0.06036195530877739,-0.0008721044353818495,-0.45129726659426,0.20987723550865375,0.4445856078501888,0.10591222092606983,0.8482766120363162,0.3114879518747408,0.37960314292191244,0.3846079422939359,0.6258866380964797,-0.16088911847978604,-0.36335751359918933,0.4836241752372382,-0.08897194920390715,-0.2785435583173,-0.11304927395560331,-0.08011951681105253,-0.07705222585595031,0.5617636598351272,0.09090848977601244,0.2473003510302341,0.4459370916750727,0.2462477908201429,0.13337299733286612,-0.1784366962789138,0.7155643293393095,-0.18188251683924767,-0.40501673665485133,-0.02692193004395643,0.3738222443892545,0.3188218004453222,-0.26515080929373325,-0.02835375830368974,-0.28739929945638376,-0.028920601340666728,-0.6478546483753812,0.37869614287102354,0.7961524828156673,0.6647822042974787,0.07951534448340518,0.02342397918158478,-0.9807489415841383,-0.24517073349896512,-0.7877371590115911,-0.5192667657325919,0.27622307301069404,0.01428977115079032,0.4168474021968778,-0.47327765321458937,-0.30515468484694075,0.06969745310862564,-0.2730097716493601,0.03492502472804825,-0.07086929975071422,-0.5578696863434619,0.5868144773302427,0.24722437902963193,-0.38947490135835877
-0.2389750527267579,0.9999999993650488,0.9234375217225292,0.9666259788299147,-0.6938205620341724,-0.5952023833110966,-0.5263529981432812,-0.2217997067068398,0.9117410209097032,-0.82030921485133,-0.8505630214006227,0.9114569203223164,0.6078087973816805,-0.9938403172454647,-0.886614544411214,0.8695585375182238,0.7643574339935494,-0.9226569442700744,0.9969764894548211,0.8580579434244424,0.983532087383633,0.9689764973686235,0.9349865515535213,0.7904825468546113,0.03205556826056732,-0.931000101411812,-0.866166062317376,-0.9494818168533775,-0.8912970991784003,-0.9727354292817758,0.7991808831229996,-0.40220565310594797,0.8847083684993344,-0.5524664202354426,-0.8651459703849576,-0.9861056394197166,0.9701224508235805,0.882588253546152,-0.8416266914935752,0.9814092736346289,0.8951524606885755,-0.829152964297132,0.21304851618279874,0.6717962407406571,0.8930378233737264,0.9150526473607473,-0.9446583813124098,-0.4845386218696363,-0.9269587861424451,-0.9149189343915761,-0.6297587236944354,0.8054750981555286,-0.8863359160730093,0.822958678419419,-0.9133595008754112,-0.8129642621635612,0.9040929120235587,0.747505185493142,-0.9206683903225545,0.625446842037086,0.9829957525082521,0.8612956670414643,-0.9086438353209011,-0.8127466150370447,-0.4405146797673608,-0.9188536112427951,0.9593442123997103,-0.9547462094100645,-0.9587273793120996,-0.7266309781936172,0.8991825741691136,0.7462381578081102,0.8871092448171727,-0.5972160897009609,0.84791071070612,0.8067290451037857,-0.978837276078127,-0.8928250268942575,-0.9198472146309413,-0.8053761190767031,0.7321050888851159,-0.8952989551835289,-0.8644176969758619,-0.923714140444974,-0.9483440119973098,0.9765667491143406,-0.7384573090522697,0.9372207960958749,0.8793229944033382,0.7624420217778027,0.8740671633930636,0.9294942782451628,-0.8885441888332187,0.2864977150337224,-0.9003202620958837,-0.791004117865235,-0.9598640383121572,0.8063704649906333,0.841744239295879,-0.8545027286034348,0.9695655293182847,0.9884032208791326,-0.3893044674217998,-0.47323723262914935,0.7897987392780509,0.07785118730036486,0.5663660432695264,0.9488545350661527,-0.9672394777317206,0.14971728909596127,-0.8810182401089685,-0.40828178130824777,-0.6481153594180762,0.8665934063787859,-0.949229233528176,0.7777130125751808,-0.7040903519146943,-0.8454696846400376,0.9396172939378091,-0.8681301790523065,0.9374156811196519,0.9628621592859208,-0.6679650733186678,0.646023277466064,0.8818003139561579,-0.7984506662501775
-0.5914480281798806,0.9234375217225292,1.0000000003637681,0.7956712921996427,-0.3650283305779308,-0.24737425599707533,-0.15995474839770954,0.15681924554482235,0.7721493484034522,-0.5385586724887367,-0.5870630182909602,0.6840150464147098,0.2656140352193198,-0.8757453408777589,-0.6572625863185454,0.6224546084159281,0.4584416232587226,-0.9600617349501038,0.9494230791367284,0.5952959735342912,0.9770002000789896,0.8104303658716574,0.8032195480250414,0.4950325125808637,-0.3475344187324178,-0.7371086330761352,-0.6174472138858615,-0.7568617491658056,-0.6497751696072912,-0.809461275276787,0.539349188744507,-0.14653963211036153,0.64564115412417,-0.19045420500783078,-0.6064954623801695,-0.8469975277198974,0.8162386603878552,0.6495528429300441,-0.5733038713057198,0.8357302532940827,0.6571571002109644,-0.558473482770053,0.5704544359760556,0.3361905907245325,0.6532274528027743,0.6943795734293102,-0.768517249648768,-0.11571481517414141,-0.9884247246587883,-0.7016247354112662,-0.32518605268407874,0.5244731362843669,-0.6410062962712069,0.5487077265552504,-0.6905723833077233,-0.5622004623273839,0.6812295601966166,0.4642685252016373,-0.712257127829491,0.3617108819141967,0.8432292533128877,0.6895652422184854,-0.7886939020381855,-0.5360834308173766,-0.7221962295136546,-0.7092627691965269,0.7859820566213243,-0.7686961608783106,-0.8009143561297981,-0.4160472140037229,0.6628911937401415,0.4373492883274831,0.6817201271009862,-0.841944244380976,0.5798006386724137,0.5183008704129842,-0.9682600802693935,-0.9924134403469724,-0.7002042307677707,-0.5192529204950215,0.41465300322309534,-0.6954563309009731,-0.6096385733255678,-0.7152614757523741,-0.7539996175699696,0.8457989992045402,-0.812545488766866,0.7465599871343902,0.6347967342441228,0.4576377509426192,0.6232865786064369,0.716824292450547,-0.6752895559341943,-0.06349033774650091,-0.6695539938816447,-0.49710755265808076,-0.781958179485274,0.518152554422648,0.5702014466166344,-0.5972321163883061,0.8202298074020817,0.9383147891969418,-0.27659474519152927,-0.12236944111734231,0.5133363071817953,-0.26911421685778286,0.20777204482894465,0.7563073602783075,-0.81673952971485,0.5165335606001886,-0.6320850067966854,-0.027156263040938364,-0.3214153437832159,0.6088276027872107,-0.7843202290358072,0.47735918131300964,-0.3879453803332249,-0.5770390428870955,0.7458834741485069,-0.611239845031054,0.772397762761868,0.8347449327243319,-0.33129561515783945,0.30518746712905687,0.6341306399754595,-0.5063356387840402
0.00896911603600361,0.9666259788299147,0.7956712921996427,0.9999999994075849,-0.854302011079405,-0.7810956713910054,-0.7246989553806664,-0.441825537016313,0.9429190926597938,-0.9387567500592545,-0.9568790914746388,0.9839226853719589,0.7903437719181376,-0.9875912326015984,-0.9714921053186875,0.9657739654071701,0.9012067980482242,-0.80953003453769,0.9438946972520236,0.9593492705795038,0.904437492008843,0.9969787822970979,0.9298750944147307,0.9179654673396137,0.28700820083360923,-0.9731441871724108,-0.9507778918834957,-0.9955301887807297,-0.97388218211888,-0.9993878320463245,0.9162773743032883,-0.5069092779555466,0.9736748429608599,-0.7434095090580783,-0.9634016501682431,-0.9946104216703467,0.9848066077574158,0.9700331800872478,-0.9518829254079001,0.9927492437327637,0.9742551832788311,-0.9440460761521237,-0.03674151502443876,0.8372238895510005,0.9783882138991714,0.9876209513676882,-0.9893688377897863,-0.6924554676717183,-0.815093066173356,-0.9721586589801826,-0.7943673182823722,0.9296491579610686,-0.9745750215025353,0.940533883139364,-0.9799250368255678,-0.9232386894205751,0.9814220081526053,0.884410412517215,-0.9742660718824121,0.76967178536285,0.9895142424978838,0.8840448019977292,-0.894631300248633,-0.9338060638443116,-0.20281287891654626,-0.9732613085405573,0.9977369950796005,-0.9954291023980724,-0.9746412384964438,-0.8776650869873324,0.9780206243056515,0.8918719263677616,0.960381782996245,-0.3747824996078536,0.9522706617434394,0.9282749668568213,-0.8988116339677613,-0.747938208839143,-0.9851821096004688,-0.930356249803379,0.8795680486316908,-0.9639881357843478,-0.9552195099725505,-0.9892549543961188,-0.9967303312169365,0.974115830381689,-0.6525702296893104,0.9774175354859764,0.9616848697485512,0.8958537239463473,0.969354127123817,0.9919733333088114,-0.9434684015902548,0.5113002739721338,-0.9813902836693547,-0.9153363120964936,-0.9994629921663073,0.9301803746455367,0.9506232336625788,-0.9582831148604242,0.980396097289477,0.932771595155056,-0.46896833611743494,-0.6782803482985228,0.8952714047325029,0.3189690793254441,0.7521584723589902,0.994197768269269,-0.9785951418236227,-0.10757601480009747,-0.9716215134030409,-0.6230394622747049,-0.8191916050216412,0.9630848597708843,-0.9869026595919741,0.9118703651633763,-0.8614431889231406,-0.9538408856258048,0.9938847524457572,-0.9640682470497874,0.956913073791367,0.9567693616791894,-0.8342560247292813,0.8129539413536159,0.9690609125220434,-0.9244271049968169
-0.5233593696732233,-0.6938205620341724,-0.3650283305779308,-0.854302011079405,0.9999999997032882,0.9868410583806526,0.977108028279346,0.8181895220575833,-0.7818659240361587,0.9810137069534534,0.9663817560229101,-0.9264407564765176,-0.9849093872331536,0.7673050768310544,0.9271389809186295,-0.9488650701706639,-0.9928374034118561,0.424565627622559,-0.6368248131770635,-0.9644714808242622,-0.5524737637938034,-0.8359319968508143,-0.7452732810409951,-0.9872849673423061,-0.7374420100329458,0.866542256634342,0.9346069877794485,0.8818219236250038,0.9407016992668081,0.8419158711495703,-0.941810387310164,0.6644110965986703,-0.9413406306073976,0.9805026705038291,0.9609921366911562,0.8027070703110232,-0.8157518248129872,-0.9315858773451474,0.9705101768133316,-0.8101799474503025,-0.9352254200515954,0.9704833941631817,0.547783175897686,-0.9989820683076551,-0.9432616997658618,-0.9215331991801675,0.8591568624726909,0.9639510221936844,0.40267427075647955,0.895171270461428,0.9368962359243586,-0.9773692470779667,0.9483494649653649,-0.9735353592900212,0.9155890629184191,0.9327830696516685,-0.9224571431542453,-0.9572612003789842,0.8892602135923756,-0.8653839137467619,-0.7990376061580549,-0.774015726607976,0.7046889973497757,0.9736678014827781,-0.3030737415025323,0.8903281019575172,-0.8581619303058643,0.8717081063839316,0.8140828661997062,0.9902702404894778,-0.935676127229158,-0.9947469447442777,-0.8875664554928175,-0.14279188038837848,-0.9673469586830666,-0.9831397499039458,0.5527161573663133,0.2996856189631934,0.9149205303251862,0.9838383845167021,-0.9970551282556074,0.8813993869480305,0.9474335522481533,0.9054998229457035,0.8857415309395936,-0.7743877774085789,0.29728907586167214,-0.8647529174266473,-0.9359205044826406,-0.9862907533013325,-0.9546935575498798,-0.9102044686636842,0.8752233982019073,-0.8347783058807756,0.9330583686378733,0.9821834078164497,0.8648810664970964,-0.9853722683584295,-0.9724522479756406,0.9591450179225492,-0.805852952907307,-0.6309749343929643,0.47061985006541296,0.9336383982224576,-0.9399778068691947,-0.7152427229171484,-0.9796897030096418,-0.8804955953625198,0.8062326092056775,0.6081343045215711,0.9516280709310752,0.9358999089329663,0.9806139159431008,-0.9588706326650055,0.8415281290791012,-0.9922634411467861,0.9891875856542853,0.9708827512625923,-0.8864023112251506,0.9582583327546936,-0.8123331269733779,-0.758257560234621,0.9986765046828887,-0.9897058928590531,-0.9467829554934005,0.9870430302720431
-0.6033398132663021,-0.5952023833110966,-0.24737425599707533,-0.7810956713910054,0.9868410583806526,1.000000000506745,0.9872126446985012,0.834407590707974,-0.7445479685642973,0.9439446142057274,0.9287909004280657,-0.8626978392876454,-0.9992262398069474,0.675001485104612,0.8897042124110239,-0.9120128008185602,-0.9608188092286728,0.2854538425004544,-0.5311006102438387,-0.9159174144820076,-0.4405151473091202,-0.7678690255029005,-0.6293845756743202,-0.9497040450586531,-0.8221364912946542,0.7776982125450383,0.8653554172642156,0.8067315757789204,0.8796251371228663,0.7636922265921672,-0.9320393877112061,0.5889523492272437,-0.8995750412769397,0.9809356508127552,0.9115754344244767,0.7157618410977334,-0.7207917365958546,-0.8947709023172244,0.9348371864414087,-0.7201377209385094,-0.8709394890201255,0.9418489966432184,0.6277070214855252,-0.9859947595714811,-0.8919919480412035,-0.8685749003658294,0.804889343533924,0.9906129175463315,0.3033264816606511,0.8141279189941203,0.9641194760347479,-0.9545416107588384,0.8954935428840545,-0.9457617210480758,0.8439574234724742,0.9205968903721072,-0.8772568846853489,-0.9577079642647321,0.8068273935437537,-0.9013973516755328,-0.7057163549595882,-0.6618243264178632,0.5811292680324006,0.9501355365216527,-0.4426745218113867,0.8080094657359532,-0.793421450254347,0.7933096977284327,0.7152101870939139,0.9836407933456217,-0.8736803463580872,-0.9788602898869426,-0.8565058477639207,-0.2829522578284317,-0.9175735769732377,-0.9425842340042996,0.43183276346894717,0.16975619544100076,0.8455226104149414,0.9553745736756745,-0.9715548127686341,0.8477888976053154,0.8847175033408541,0.8538128652815588,0.8139185984044373,-0.6710129614380633,0.26409151968012207,-0.7764148902387635,-0.8685503065015377,-0.9469669019091088,-0.9104108030137902,-0.8449566574560573,0.7856494912988301,-0.9127255934363547,0.8851686843965842,0.9389409207032987,0.7964554536465182,-0.9508771002003978,-0.928442031323308,0.9248269023500114,-0.707820434953412,-0.5140652623258344,0.5444320071791868,0.9787604530836906,-0.8746140808563464,-0.8182148848366346,-0.9735093724673235,-0.8036505871401833,0.7075577365484482,0.6995253284723842,0.8988624144702471,0.9538310304755612,0.9930117304009572,-0.9064228319955934,0.7866096494510736,-0.9630721669880856,0.9880609196933182,0.9306240074406317,-0.8296285820890281,0.9058671725410966,-0.7096365262767572,-0.6481689870599618,0.9859088353598935,-0.9700924125430052,-0.887456761679632,0.9514285630209921
-0.6924458878481449,-0.5263529981432812,-0.15995474839770954,-0.7246989553806664,0.977108028279346,0.9872126446985012,1.0000000003626834,0.9103155007094775,-0.6450849628811499,0.917753313243504,0.8897783420971479,-0.8282522149666972,-0.9801926821229889,0.6156275785618829,0.8297870735902423,-0.8618022530038126,-0.9498088479716409,0.2387693281407795,-0.46045045113023686,-0.8881592159371793,-0.3647242418672872,-0.7000963566546518,-0.6162042457868925,-0.9357592173239574,-0.85726765402513,0.7564457388099713,0.8553621244425096,0.764501313325287,0.8516673517629019,0.7090875091651495,-0.8693667572876161,0.6893216509000089,-0.848943054118262,0.9980232929804345,0.8817639466810743,0.659584287350264,-0.6832780279627836,-0.8363742377821751,0.897280915936829,-0.6711782512835747,-0.844664196245669,0.8994360154324537,0.7131446488772094,-0.9833958141742579,-0.8512438680689376,-0.8178508569796498,0.732480979886306,0.9934920514773457,0.1988960977513689,0.7943360629132877,0.9106161714067085,-0.9141865159396247,0.8601859436075175,-0.9050065028189558,0.816803651184608,0.8544102653529595,-0.8204225502024679,-0.9028046340918209,0.7856117552330262,-0.8228227635177507,-0.6581101795094298,-0.675262753975685,0.578373721862404,0.9074120566615,-0.4770164226611746,0.7874956375754718,-0.7293522664690586,0.7514237768653598,0.6863409283586882,0.9520903275633201,-0.8431412974512177,-0.9535370261403806,-0.7797638564987812,-0.33650723844564673,-0.8954959198688968,-0.9260390764739437,0.3692958115744014,0.09496621380078647,0.8130963914659384,0.9237418064926282,-0.9640619784012383,0.7702368071441587,0.8695546807410152,0.7950657512101864,0.768666626075076,-0.6334526714134243,0.11626123520246467,-0.7519876797065019,-0.8518690665865436,-0.9447148317442849,-0.8695324418340307,-0.8028266400695347,0.7817785963555538,-0.8897493679843338,0.8353677283762778,0.9310881821206491,0.7384152958766504,-0.9270584375419975,-0.902081938036076,0.8786783886632109,-0.6723918086182966,-0.45964815888067273,0.41438457579222654,0.9551375913063171,-0.8869642597175141,-0.8091700260111405,-0.9942332287684507,-0.7636336347492836,0.6738432733355768,0.7610773721737784,0.865960220470641,0.9883244853927834,0.9617034990419701,-0.8796001251398482,0.7097431693738894,-0.9436777366798642,0.9568852933428785,0.8977796213024749,-0.767975970134,0.8783131603682115,-0.6926888174579426,-0.6206227911708149,0.984277338658742,-0.9829940104185985,-0.8617786006641488,0.9321398438001756
-0.8817740044798337,-0.2217997067068398,0.15681924554482235,-0.441825537016313,0.8181895220575833,0.834407590707974,0.9103155007094775,1.0000000000583948,-0.28135973576907947,0.7096981938540474,0.6516614494975451,-0.5946787379206466,-0.8127161758330087,0.3279131670258104,0.5450950613802703,-0.598583360495246,-0.7800741132840755,0.005308873301715432,-0.15555566564396858,-0.6731350752351956,-0.055148203224930185,-0.39379529217800846,-0.43484617355584976,-0.7569516305700545,-0.8876602476071693,0.5518006096677279,0.6787066946942201,0.5122619140327915,0.6335153813698134,0.42995991023758784,-0.5885550253146615,0.8176106882740201,-0.5834156851206777,0.9141341051925411,0.6617174714888506,0.3776512440209826,-0.442177162875382,-0.5551528958666614,0.6631055267407847,-0.40472510130986006,-0.6299187918405148,0.656454618944092,0.8902256575146351,-0.8423304578725492,-0.6055902663465725,-0.5495555780969683,0.417998691972831,0.8885276254051224,-0.1564716494061597,0.5931635300473459,0.6699476695085345,-0.6780497063912037,0.6266116421203308,-0.6661239175427394,0.5990740242181093,0.5649728260583914,-0.5404261911568611,-0.6438660204461311,0.5810471006832515,-0.5333611905870587,-0.3949482464071389,-0.5577166971706343,0.42453849899226603,0.6655737055784975,-0.5864105011163774,0.5845807798206913,-0.4308583654651469,0.4998342015727706,0.4650552857469723,0.7434360373524056,-0.6188343361125213,-0.7554955530279944,-0.4614601341526715,-0.514327042203861,-0.6935958366978359,-0.739980279330717,0.0884081695877372,-0.18773638217989344,0.5834292411715885,0.7057789993593268,-0.8054485406434353,0.4495634289596792,0.6814342447240487,0.5095722465102178,0.5099354217293874,-0.3937388291559224,-0.3027689105325948,-0.5399522191974108,-0.6593591722040092,-0.7941611738292769,-0.6252624930482263,-0.5516555207263458,0.6186716243813166,-0.7608173564408641,0.570177453439058,0.7654290125482155,0.45228969412675996,-0.7254806195654763,-0.6915545788328834,0.625333891315826,-0.43632592109691665,-0.1905660064293076,0.06568529564803519,0.7969318268954905,-0.7666453698368022,-0.741478954758905,-0.9164337127202874,-0.5162408443847737,0.44167583023435386,0.8765240348898248,0.637952662618394,0.961192232187606,0.7635495901988387,-0.6658404226437099,0.3862095481360766,-0.7545671695771321,0.7518012875840903,0.6731242138831197,-0.4754432604209029,0.6628488395412444,-0.4993736881805779,-0.4047005070693681,0.8457430605186601,-0.8784456485743387,-0.6492772811380306,0.7410410699358075
-0.07787107200147295,0.9117410209097032,0.7721493484034522,0.9429190926597938,-0.7818659240361587,-0.7445479685642973,-0.6450849628811499,-0.28135973576907947,1.0000000005593435,-0.8662546007941453,-0.9050347131823185,0.8978597103370446,0.765096520221537,-0.919668453040592,-0.9556003008244712,0.933683341185473,0.8097173147044517,-0.692971137501524,0.8878568050365713,0.8773729913676179,0.8554927739356271,0.9650359044681801,0.7638146879052876,0.8251355126468032,0.2749988184097281,-0.8419313385502311,-0.8193084512089771,-0.9119833943507017,-0.8796166303814072,-0.9346440544729145,0.9353190987891109,-0.21417901256142344,0.937171650997747,-0.6457083483604785,-0.8839246668443324,-0.9252125408556356,0.8758952636681903,0.9521328999081552,-0.8996399652512725,0.9078964186797945,0.8740650903148587,-0.9075090172098622,0.04616216718207498,0.7538227871310595,0.9153026558199882,0.9398929632317434,-0.9788264562402719,-0.64835190584001,-0.8365741770377525,-0.8454918090346127,-0.8416654688220895,0.8960165632637932,-0.9007364021516673,0.9021494820109702,-0.874138993162766,-0.945706457239955,0.952128402404283,0.9017875641864695,-0.8486810615492643,0.8717119771764793,0.8995873763092708,0.6782065684365943,-0.7063249504822157,-0.9033658320594778,-0.11915925982998775,-0.8466240084463784,0.962148304866224,-0.9082894454111133,-0.8477596771153663,-0.847767225413711,0.8871335813658079,0.8412471577184505,0.98115823591274,-0.309092665162125,0.859744097789526,0.836437130957429,-0.8187623784826381,-0.695228973332878,-0.89030430500529,-0.8760665824507203,0.7896929533801379,-0.9835706141533631,-0.8384383626629113,-0.9567827277214673,-0.9213967972694563,0.8586546300043759,-0.8257681231538267,0.8519134808639804,0.8428054198130782,0.7826872205352687,0.9136390149257102,0.9174699896226841,-0.7834161080115285,0.5760011534990404,-0.9371715925680316,-0.8068037344136088,-0.949673390666331,0.8565707246807129,0.8710652133724468,-0.9219482261517038,0.8654044902466377,0.8387932358490491,-0.724030414543383,-0.6992440262097184,0.7326741741754624,0.3990610183714258,0.6412212125036666,0.9052535504390318,-0.8601409940193373,-0.0710239960100356,-0.8938598098521886,-0.521196369115024,-0.8113907120493694,0.8755863361413347,-0.9839176813403443,0.8368623433364257,-0.8373316508926314,-0.8889021476935227,0.9615547588149822,-0.8778308420669706,0.8070081978407209,0.8190266984158373,-0.7496051974859093,0.6982331839814854,0.8727664902416935,-0.842281055997377
-0.35137750798493533,-0.82030921485133,-0.5385586724887367,-0.9387567500592545,0.9810137069534534,0.9439446142057274,0.917753313243504,0.7096981938540474,-0.8662546007941453,0.9999999994326487,0.9964904533523098,-0.9812343420592375,-0.9457852195072299,0.8770245053498592,0.9749734368299067,-0.987661022413063,-0.9943551986105134,0.5857909020676892,-0.7742397307659964,-0.9970460246169507,-0.703627684084582,-0.9247577678423554,-0.8438579650878962,-0.9969835232851503,-0.5942197279962701,0.9390156470319221,0.9756042181879268,0.9560397152884204,0.9871443410930012,0.930580358741208,-0.9630163465815401,0.636408095223743,-0.9857738542663869,0.9275133573764992,0.9961873756798733,0.9030552824826,-0.909180480117567,-0.977423785719611,0.9973631214673898,-0.9077522505800367,-0.9838448056434326,0.9939547033221466,0.37774607913302116,-0.974294679343698,-0.98958991685702,-0.9782371537797003,0.9366125663710548,0.8959826534305342,0.5693188496629719,0.9574099323039977,0.9134409041761035,-0.9930410339655779,0.9918442785624519,-0.9947132867963475,0.9731653262916882,0.9595534949769604,-0.9759863646855774,-0.9613726253140611,0.9542626064162186,-0.8553972124272361,-0.8993409505869536,-0.8469087193250304,0.8045782160347161,0.9920543507661526,-0.12188273375868454,0.9546237943395492,-0.9398220418328059,0.9494328811767518,0.9048189349054013,0.9820471379153937,-0.985271153537202,-0.9909189428117245,-0.9436182341823242,0.047553573702422816,-0.9966157134281295,-0.9980653228887795,0.7026117464575462,0.47848215293714813,0.974361929647415,0.9981883943578448,-0.9890162654406002,0.9409288688012277,0.9852920167576823,0.9678108238908163,0.9588308450876779,-0.8780823572960325,0.43460539098324824,-0.9392595972284014,-0.9801676167063968,-0.9886798369529436,-0.993545715108339,-0.9731783800258942,0.9345279933641895,-0.7398886466329077,0.9834150384456722,0.9931013503393451,0.9453229822880094,-0.9997086568145376,-0.9989857582649302,0.9917772323266217,-0.9011812280386089,-0.7673541386174106,0.4780710204243745,0.8687529889942007,-0.9593605149738503,-0.5887596916685147,-0.93063437022582,-0.9548273472667427,0.9008625183431351,0.4426386824849302,0.993022914681019,0.8532775626915373,0.9531969437891916,-0.9949068519607566,0.923831929413767,-0.9974661632700729,0.9751072614420709,0.9987164473471709,-0.9569286270350565,0.9948323403108917,-0.8977319621587103,-0.8616236855629608,0.9730227560122157,-0.9600448862261307,-0.9894195064121374,0.9989180261953845
-0.2868552585896377,-0.8505630214006227,-0.5870630182909602,-0.9568790914746388,0.9663817560229101,0.9287909004280657,0.8897783420971479,0.6516614494975451,-0.9050347131823185,0.9964904533523098,1.0000000018293966,-0.9855760815329404,-0.9338151945824801,0.9002430941156337,0.9901631397539573,-0.9972958951357798,-0.9822465486691485,0.6138112089377619,-0.8072645359502856,-0.9957387055151136,-0.741652901166645,-0.9487138880066613,-0.8456504538782599,-0.9870211036620256,-0.5528699193797308,0.9400221114447455,0.9675575839246779,0.966390353819769,0.9875723050338239,0.9484841275772159,-0.9768252127150845,0.5771712777341267,-0.9962304318392866,0.8981080885714721,0.9960987686766116,0.9233864821216479,-0.9202592066828446,-0.9916733950201416,0.9998579587162245,-0.9244541740620309,-0.9838029891390381,0.9983379673591828,0.3146269369238026,-0.9559582566656737,-0.9957274356669175,-0.9901698778643971,0.961243969468222,0.8719352323202173,0.6242244166464694,0.9563517135969768,0.9192303654702912,-0.9956838355971886,0.9951896495189706,-0.998092549088782,0.9746563694873368,0.9755972751571926,-0.9903742933823161,-0.9698920860690956,0.9541943223596316,-0.8749225304495339,-0.915868932688383,-0.8339221245888242,0.8024919516270399,0.99607012616983,-0.08503902286577657,0.954157923626103,-0.9610864649396417,0.9601155310765108,0.9117913238590208,0.978373331352292,-0.9872298927127633,-0.9847520979445373,-0.9678067309935777,0.09109227483152621,-0.9924044698382778,-0.9898116222485596,0.7345477540645945,0.522895558728879,0.9784065122405251,0.996670780200051,-0.9743993705120548,0.9658987356885453,0.9790736645447888,0.9841357142508501,0.9703750134899829,-0.8908118818331006,0.5082873438254832,-0.9419085211263223,-0.9754013083300648,-0.9728150468643132,-0.9988788180250037,-0.9819920041767385,0.9263795835796576,-0.7273372391323764,0.994167334863392,0.9805903846592298,0.9636456437728017,-0.9946416719685454,-0.9963727713687581,0.9988551287894926,-0.91166065907104,-0.7930725751698025,0.5291851019865278,0.8574485056951777,-0.9392292456080463,-0.5691919715738698,-0.8999543104637471,-0.9642136502596724,0.9105008079136624,0.3896419446320025,0.9950408355116188,0.8141656202744594,0.9478741714972784,-0.9935828204311412,0.9512092381659624,-0.9894735751748316,0.9707623261599488,0.999168495269288,-0.9756245093502204,0.9938964108635404,-0.8988874099714056,-0.8700905064334409,0.9541698342152842,-0.9344414188032116,-0.9883762516859185,0.9915617018539045
0.18119888950123908,0.9114569203223164,0.6840150464147098,0.9839226853719589,-0.9264407564765176,-0.8626978392876454,-0.8282522149666972,-0.5946787379206466,0.8978597103370446,-0.9812343420592375,-0.9855760815329404,1.0000000001103961,0.866417183055175,-0.9511827577226558,-0.97688095666904,0.9826313989552276,0.9617963641208311,-0.7309188875425175,0.8783281590424044,0.9929673864877822,0.8233254615396294,0.9710835332116691,0.9234278698853079,0.9724068784134833,0.42908894192582725,-0.9836059149674521,-0.9880518239386087,-0.9944159302175568,-0.9987732634672575,-0.9813468515485976,0.9345615781742991,-0.6223677769026705,0.9869399351890425,-0.8463863974119498,-0.9943119447079276,-0.967126783684663,0.9721425213092074,0.977582598319252,-0.9833184338299924,0.9712124330800168,0.998616512020996,-0.9744696476396676,-0.20759875857597643,0.9161615350379283,0.996356449208231,0.9932948505002096,-0.9681980883669857,-0.7939185138879526,-0.6999561670321095,-0.990549564086013,-0.8399861403430305,0.9656283172162061,-0.9973623961675745,0.9732496559628704,-0.9979392358207752,-0.9361349479809046,0.985342892601337,0.9167185850293726,-0.990063745531459,0.789605867175575,0.9665984018939017,0.9074083611766337,-0.890597316552256,-0.9668386493531504,-0.07154934540834955,-0.9898808636159633,0.9790413398601092,-0.9920498619540419,-0.9680580735217993,-0.9315061653087392,0.9995350553906278,0.9472826391391035,0.949521023971861,-0.2390506430875099,0.9909302166676756,0.9783421035455583,-0.8257651255764057,-0.6362454070729441,-0.9992602095559309,-0.9723216184567293,0.9472348342556086,-0.9504997513972864,-0.992057939554179,-0.9865207762377489,-0.9947617762135004,0.9534317967929963,-0.520791301386711,0.9849554455488062,0.9936668091199772,0.9604573557873777,0.9917999355978997,0.9985197947680139,-0.9708894799377836,0.6031028259750569,-0.9915674849139737,-0.9722233985464724,-0.9852117855941471,0.9766279035135416,0.9886149096450612,-0.9812225854796621,0.9672665309690469,0.876410498472379,-0.42446417760579025,-0.7613014512271273,0.9563176176169116,0.42638121321983047,0.8551286078913735,0.9941739542157707,-0.9668026799582565,-0.26688398998131563,-0.9970373213541943,-0.7476750979619694,-0.8821982512066588,0.9950982561695572,-0.9595926151439861,0.965870990495437,-0.9183762865084891,-0.9874424255426767,0.984080502264256,-0.9953595587084972,0.9595732525264188,0.940755905063288,-0.9142018659357078,0.9024416202343452,0.9975615903149215,-0.9747644803969685
0.5805086177943174,0.6078087973816805,0.2656140352193198,0.7903437719181376,-0.9849093872331536,-0.9992262398069474,-0.9801926821229889,-0.8127161758330087,0.765096520221537,-0.9457852195072299,-0.9338151945824801,0.866417183055175,1.0000000001509535,-0.6850767123880858,-0.8999963013934271,0.9198533879747541,0.9589724824711304,-0.29321136526342517,0.5442857555442389,0.9180530294755689,0.4552191258767406,0.7800402841769833,0.627952728357154,0.9485218694468432,0.8116628016031019,-0.778103271137045,-0.8629963052376686,-0.8123818224396302,-0.8817377516540202,-0.7724859717803566,0.9433188875028774,-0.5606797993214215,0.9074828280551679,-0.9727205417742371,-0.9142150265572628,-0.7249832086331857,0.7252936064693247,0.9046818547240961,-0.9395147019487717,0.7275239018489154,0.8726203768963127,-0.9478078697745854,-0.6056696483118056,0.9823277592164822,0.8973497568748632,0.876435062259275,-0.8182836773141403,-0.9862909214798553,-0.3258123718458133,-0.8141639891861515,-0.9736826093748029,0.9600484854400554,-0.8994806579709831,0.9513149934344652,-0.8458342292048189,-0.9327389244651859,0.8867103791956468,0.9671654238329449,-0.8072166164585599,0.9174960543414904,0.7127736621304562,0.6538249949774272,-0.5772157745721792,-0.9562263315353497,0.4349324273479533,-0.8082244423989592,0.8046419183626718,-0.7988727755655779,-0.7175554187155738,-0.9871644426768525,0.8764314654586207,0.980719493867695,0.8711555325596868,0.2711885429975694,0.9182939253042364,0.9420135536145169,-0.44317871014325716,-0.1850159608620486,-0.8487197642566074,-0.9586487063792212,0.9689208007999787,-0.8626272558634015,-0.8836561952880342,-0.8637154181270135,-0.8203347629598992,0.6755829736655736,-0.29850608090945896,0.7776093909150954,0.8678440253737735,0.94291026484321,0.9158479223815792,0.8505987722613111,-0.7817651032300279,0.9159454767745131,-0.8928247884749788,-0.9362156210821605,-0.8061260641533442,0.9521552959320122,0.9302649622544781,-0.9316675942993096,0.7118125601405465,0.5231594119576133,-0.5752409461762817,-0.981284507532192,0.8668303338397588,0.8188659047987917,0.9643201879381557,0.8087420208539244,-0.7111209930639065,-0.6832259432852325,-0.9022498152631381,-0.9417879482812849,-0.9967743053594063,0.9083004032822075,-0.8011562715374022,0.9633135961029958,-0.9915721959478908,-0.9340875519610077,0.8402502738548394,-0.9079266223717921,0.7090265355138919,0.6502696374838578,-0.9820098271574151,0.9625894004871719,0.8890114260571652,-0.9515787052377475
0.13007155986278626,-0.9938403172454647,-0.8757453408777589,-0.9875912326015984,0.7673050768310544,0.675001485104612,0.6156275785618829,0.3279131670258104,-0.919668453040592,0.8770245053498592,0.9002430941156337,-0.9511827577226558,-0.6850767123880858,0.9999999994254454,0.9238945810779273,-0.9131018333868609,-0.8304236061779372,0.8907083985795192,-0.9829794163359818,-0.9089066700324644,-0.9582646518108981,-0.9851197901363768,-0.9518908519575194,-0.8529489623349825,-0.13628632661832107,0.963289184571542,0.9155266344537105,0.9783355267914033,0.9359443730640873,0.9918072012000616,-0.8456411158994203,0.4760241998119883,-0.9258150863387017,0.6407044373245516,0.9145157898809323,0.9983642562904768,-0.9890286228288002,-0.9211108053359103,0.8929260110472383,-0.9964391980010863,-0.9390262326317353,0.8806447323740669,-0.10377686611509133,-0.7484032692392208,-0.9355076445715944,-0.9507726345992136,0.9652467794298039,0.5738593451009103,0.8809323949822572,0.9527965204371345,0.6921542598362239,-0.8603703863171508,0.9310983710172822,-0.8757190604418209,0.9527916244793903,0.8563292798880184,-0.9397691493507222,-0.802059231446717,0.9569702001160175,-0.6738206673903767,-0.9966181791166335,-0.8935399690779103,0.9242671174915007,0.8660581186256404,0.35407428145158276,0.9555908760575518,-0.9800525676539333,0.9818219437979003,0.9800124120541377,0.791854510420903,-0.9419720840269831,-0.8115026555199835,-0.9158290755184479,0.5152761479903467,-0.9010981137929699,-0.8667187211005221,0.9564752349629541,0.8412613317531249,0.9576392106805866,0.8627803983238037,-0.8022360409881175,0.9223073108493902,0.9147214190762744,0.9549976998558982,0.9772714505490104,-0.9892584781294048,0.6865933818725375,-0.9681296659271252,-0.926464255472612,-0.8294092840462962,-0.9197400863860351,-0.9639941856864851,0.9289767649768065,-0.37083270059401,0.9390786527624994,0.8538596361434163,0.9825613477546432,-0.8653463653000459,-0.8953754623963859,0.9015255792789046,-0.9875581172587288,-0.9773750661734999,0.39508406149447517,0.5545020990552154,-0.8507554662248663,-0.1668300101027776,-0.653945258793761,-0.977993325949252,0.9858065367438361,-0.04222155883454376,0.9271418071823381,0.5063528637330342,0.7189743403035879,-0.9161013067817159,0.9661851640414171,-0.8409702682052256,0.7712187070699216,0.8973560229581412,-0.9663592750381416,0.9172837331280207,-0.9625490949626208,-0.9764186129301499,0.7450470111405806,-0.7265091616305109,-0.9285350365849362,0.8591915941019256
-0.17605669737815524,-0.886614544411214,-0.6572625863185454,-0.9714921053186875,0.9271389809186295,0.8897042124110239,0.8297870735902423,0.5450950613802703,-0.9556003008244712,0.9749734368299067,0.9901631397539573,-0.97688095666904,-0.8999963013934271,0.9238945810779273,1.0000000000628932,-0.997748062990896,-0.9466521104103045,0.6489803331756954,-0.8484764640517437,-0.9777119379324576,-0.792104065265657,-0.9732950460344942,-0.8338822589206485,-0.9548466764551256,-0.47689592990314444,0.9259945195019111,0.9383224379617917,0.9678322597172616,0.9723499375928424,0.9627700095509207,-0.9850404713798224,0.4681067211699727,-0.997986030378874,0.8354291315795589,0.9800893062177686,0.9419557194382889,-0.9232633107640699,-0.999927330144216,0.9883529663978327,-0.9368842598238564,-0.9677954305947762,0.9901372458904035,0.20575449725057368,-0.9106810062894144,-0.9901016377986949,-0.9942878288838564,0.9870086206022207,0.8190700607163856,0.7048903000534511,0.9387633102779308,0.9155543796251224,-0.984715170089934,0.9848760251529161,-0.9882321483305954,0.9612203968680546,0.9875258784351639,-0.998731351207423,-0.9695468257204202,0.9382690110719223,-0.8950355058786502,-0.9280799703836422,-0.7976832073653165,0.7847530431769736,0.9873788356733909,-0.024607335467948813,0.9375701687538601,-0.9810396956901921,0.9621488403965813,0.9079879549508404,0.957387758757971,-0.9745561088238283,-0.9593391221675103,-0.993139544310306,0.1600587097286759,-0.9695511851727756,-0.9603993252403681,0.7747673507052296,0.5870049874726874,0.9692232074072464,0.9786312409271498,-0.9348442988171078,0.9925214933004725,0.9528370908804389,0.9957112315756113,0.973810091701975,-0.8968717557123321,0.6232575497027624,-0.9306082638806757,-0.9515659925449019,-0.930954184457199,-0.9919835013690093,-0.9808020003268743,0.8972366912230416,-0.6967732255622271,0.9963412748761137,0.9441513757973478,0.9785761479444739,-0.9705920763032182,-0.9762332096155738,0.9950527495124475,-0.9137383159356598,-0.8220844702171489,0.6079863811993979,0.8264331741486285,-0.8902815585773963,-0.5297140563972308,-0.835000036691467,-0.9640449485560364,0.9111779584955819,0.2967676398058932,0.9825107281991402,0.7368271534339517,0.924925142699813,-0.9754925162030159,0.9817043306994969,-0.960703051702987,0.9488659488379471,0.9841779544184394,-0.9912033486387257,0.9764509777082588,-0.8854846650598143,-0.8692167858226775,0.9080591467055793,-0.8772202740011965,-0.9707124722902554,0.9637107798190315
0.2321664641899286,0.8695585375182238,0.6224546084159281,0.9657739654071701,-0.9488650701706639,-0.9120128008185602,-0.8618022530038126,-0.598583360495246,0.933683341185473,-0.987661022413063,-0.9972958951357798,0.9826313989552276,0.9198533879747541,-0.9131018333868609,-0.997748062990896,1.0000000001505134,0.96613355202702,-0.6302769824646383,0.828597767742068,0.9883921155828801,0.767410119364707,0.9629629626417493,0.8390237689311917,0.9725515504359812,0.5175454628219535,-0.9333620016618691,-0.9536078136928086,-0.9683532401992273,-0.9812909731047631,-0.9570262471133135,0.9843435457628409,-0.5197590275724957,0.9994672301628639,-0.8684615309047724,-0.9897857673952397,-0.9338232480613813,0.9222787782325961,0.9984514175150968,-0.9963349732429069,0.9315812451339804,0.9769998001269468,-0.9967545493280388,-0.26104709844261226,0.9352438778404062,0.9948044436287576,0.9942877769231646,-0.9765736171175111,-0.8481317705288601,-0.6657899851241191,-0.9481167755033303,-0.9214164149150905,0.992813348246168,-0.9917574514287616,0.9956632461647005,-0.9689484111493564,-0.9849861951484528,0.9969497002672065,0.9732021752664682,-0.9467823467850097,0.8896933012685477,0.922751599107086,0.8145279415413803,-0.7923477004260487,-0.9943746229393988,0.05784104219155084,-0.946401881103091,0.9730517623530908,-0.9622667541885747,-0.910091767167778,-0.9706734678214719,0.9822566361434294,0.9744741959826405,0.9836316155075265,-0.12338134598432786,0.9824772804367523,0.9767120150346189,-0.7546438970192001,-0.5544929374539207,-0.9750099930673722,-0.9899253233053639,0.9563763344163694,-0.982317085517594,-0.9669347647572074,-0.9921821152260067,-0.9734959558419214,0.8940756587377983,-0.5694217952290078,0.9367007736254502,0.9643689360338269,0.9531611032250179,0.9975112804245878,0.9829262429572013,-0.911719414976325,0.7162559849175064,-0.9974316708505427,-0.9636906620644152,-0.9728748480939816,0.9845545728635702,0.9880568028716544,-0.9994097213036184,0.9130709147948463,0.8076188996962835,-0.5746393014986535,-0.8456104068006559,0.9149544279059043,0.553621964739512,0.8689216399270092,0.9652711181606772,-0.9111529898930698,-0.34506812925900454,-0.9904485363630159,-0.7770542675391253,-0.9396070476382647,0.9860778630854027,-0.9689651739518703,0.9770510080938094,-0.9627228094178164,-0.9936764333669588,0.9855874168256412,-0.9867328644833269,0.891990877584022,0.8694407537701012,-0.9330188058004457,0.9071851526493099,0.9808697781154169,-0.9794358033629734
