0.9999999984953453,-0.9779710749751441,-0.9367324306433131,0.9600082676081829,0.9206281762511016,-0.9899141950890229,-0.9671050992675847,-0.9691611259929228,-0.9742176433740881,-0.9446496410856486,-0.9378238047677104,-0.88723911438253,0.675668986451998,0.51553887683984,-0.9531523141740458,-0.9830669326636654,0.9698418854797508,-0.7802440778663378,0.9618729398053243,0.9676178769262207,0.9571894441229436,0.9609120193893734,0.9493189202619189,-0.9017980617125317,0.9477510966969184,0.9514140035380844,0.9894145969380734,0.9955648506907752,-0.9161695538334337,0.9682897505656185,0.9170761648908584,-0.950065499488718,-0.9447109748748239,-0.8761076507823888,0.9654524742162122,-0.9909206867843993,-0.8453300440900376,-0.9376684714886334,-0.964085205033914,0.6952838276416783,-0.9532293469914616,-0.9113065868073614,0.9822231002100125,0.9577949545541353,0.8782309240980191,0.9747686438314701,-0.5012558850394838,0.9362705409898532,0.9712878699623781,-0.8788461635199861,-0.9691955927719651,-0.965025133669675,-0.8735022471781253,0.9726173948916254,0.956860213471233,0.7133666521267494,0.9610895111108729,0.9731360910029578,0.9939163520248057,0.9421888053282348,0.9207845888088103,0.8686755775120183,-0.05154554167482796,-0.9729756068710247,-0.8494788601955406,-0.9279143327183766,-0.9858591761238513,-0.8869910460205797,0.899784222368881,0.939134595088217,-0.9583246321002216,-0.9671164996209358,0.8758716714385459,-0.9160010602891767,0.9263818514610092,0.9446112519558993,0.9692025351417641,0.9751567527193726,0.9196083287040311,0.8936290391616923,-0.9608700174489905,-0.7950298100333995,-0.970490520024941,-0.8947987412143837,-0.981623200520145,0.9292269449313462,0.9805721494094607,0.7567400013499224,-0.9647046901272555,-0.9527996022276424,-0.9428818415074955,-0.8969639914673456,0.9518901843694495,0.9617934321605227,0.9752143100754912,-0.9519625212485763,-0.9776629014545767,-0.6101507452960684,0.9090662375814362,0.9598227146325667,-0.9205077919810265,0.9731682009609305,-0.36025756614539955,0.9435045461457658,0.8917029445163513,0.968775986263524,-0.9800132425072907,-0.9569458607559197,0.5924030900332456,-0.9411270825009838,-0.9336357789020429,-0.9777855420816925,-0.9727537899140208,0.9671983754799034,0.9749276996743576,0.9983382427814607,0.9558497731431426,-0.7480998048467423,0.9687604446662383,0.9474395491327223,-0.9243937777056213,-0.900975449315891,-0.9821961054970553,0.1405109112696675,0.8671027334821437,-0.9861258167491211
-0.9779710749751441,0.9999999992454908,0.9801644984993094,-0.9895951969403489,-0.9717232159066234,0.9960282035569614,0.9948530920428796,0.9765278895416014,0.9996183361184658,0.9886732819862044,0.9580839580477548,0.9593826539784258,-0.790769299439489,-0.6641645117215214,0.9866036400655959,0.9416582457753723,-0.9951901057916219,0.7295297466710633,-0.9977666620445166,-0.9905281088914034,-0.9919438374530986,-0.9974775150372261,-0.9855297248335516,0.9568673348526319,-0.9806822348607632,-0.9846405674314209,-0.9978770399325628,-0.990203196526317,0.9329026450900442,-0.9989846980790058,-0.9669050401333743,0.9841879262810599,0.9893666106960031,0.8353869518031621,-0.9984026248858631,0.9949557378778372,0.9031034796911068,0.9791500484745951,0.9972016807143721,-0.8095441673453444,0.9872714077062649,0.9237855877135448,-0.99873143053654,-0.9952158739681812,-0.903615675701372,-0.9863288931072215,0.5757329447273773,-0.9825634814185394,-0.9976192275593895,0.9542379368084785,0.9932263432589116,0.9981077889555808,0.9191960328688009,-0.9924740846527952,-0.9952700693467412,-0.7966550571123003,-0.9965795648895196,-0.9994951085530768,-0.9826804219303369,-0.9783842680474323,-0.9702609187282614,-0.9127244082957017,0.023714670895870524,0.987389653971874,0.9138807905748354,0.9054391058533593,0.9988664640193041,0.9613633119365823,-0.9590183152750269,-0.9859583543591642,0.9956516574329763,0.9987851456146379,-0.9295322891708312,0.9414838719816314,-0.9754357141488695,-0.99106846316171,-0.9948510437796226,-0.99990007724272,-0.9715834458061902,-0.9153990591446214,0.9975204499459814,0.7962726857111062,0.9988731629359638,0.9519473430682691,0.9997943207305648,-0.9848047043433814,-0.9937010310311295,-0.6789745363555896,0.9980993299108915,0.994616489358188,0.9860047845986355,0.9537250456572224,-0.9774518761657874,-0.9932997242413171,-0.9999147515326394,0.9842736918545248,0.9811383176692202,0.6894056491393551,-0.9394183159066404,-0.9971496453501802,0.957576482900794,-0.9926455302793329,0.4841229732922329,-0.9833279023083842,-0.9407852534771873,-0.9549436162136796,0.9872827514744226,0.9947543718368037,-0.6739216114492409,0.9825203296508794,0.9681222819244315,0.9842402379957481,0.9996739614686732,-0.9963018857824667,-0.9974867707676934,-0.9874288425171909,-0.9899348582805252,0.8664967060933099,-0.9191695440540716,-0.9761306161852593,0.9786414382631804,0.9572102774207242,0.9994982143957148,-0.06270412083429397,-0.938479836765251,0.9984789914834106
-0.9367324306433131,0.9801644984993094,0.9999999976888203,-0.9504849470742961,-0.999051430371501,0.9761943231364364,0.9944324358154234,0.9844775136532248,0.9852374271879717,0.9979959599922545,0.9868674143008207,0.9896412216357272,-0.8904593163531852,-0.6536790515273129,0.9471327938027948,0.8654145927328472,-0.9934202588707807,0.5798445193483401,-0.9855555601902695,-0.9483326441704555,-0.9601298205855399,-0.9870717886737517,-0.9992716707753209,0.9954193515338696,-0.9985365954146819,-0.9987653091865447,-0.9724483402137539,-0.9484445825412906,0.8519545522358868,-0.9806312982832599,-0.9982851803484644,0.9989741801457365,0.9973070439269061,0.7098984000097333,-0.980583549330143,0.9574759586827756,0.9696800756625753,0.9998939393171306,0.9918109764455285,-0.9027940526283033,0.998713960613234,0.837386900124423,-0.9689485841348641,-0.9725596427859132,-0.8164858417708303,-0.9881638355515243,0.7235619562661723,-0.951262666263089,-0.9910679689260253,0.987288275270408,0.994081076726177,0.9890626607788757,0.9767405370008378,-0.9923267402413776,-0.9933071174493785,-0.9006339762131371,-0.992213025612519,-0.9778147949790256,-0.9302812033716542,-0.9990574351821484,-0.9989584754369859,-0.9726206328423791,-0.15766046471712356,0.9381507890367629,0.9762084941496392,0.8034956578702743,0.9711509863880148,0.9864777946682237,-0.9955674530091426,-0.9984822768118379,0.9931953653655349,0.9866475140249248,-0.9837251110508702,0.9817846298918358,-0.9995789442615217,-0.9942207725292274,-0.9937774055185578,-0.9805169695383414,-0.9989311070572042,-0.9657825222288152,0.9855305191201574,0.873267987591734,0.9883659676967277,0.993696720505164,0.9766267053199614,-0.9926394911042901,-0.9521135950796549,-0.5206516494709928,0.988803457389689,0.9916871630787589,0.9993000541182706,0.994320481105772,-0.9954740398419228,-0.9605926584364349,-0.9817586478705593,0.9985474710490587,0.9235260850728065,0.8182753925035222,-0.9827869223038026,-0.9878616134679221,0.9933499567282927,-0.9514796123682,0.6468330264682418,-0.9997996961117666,-0.9886123789896796,-0.8772372053507668,0.93636957358257,0.9944843313795125,-0.8060962978331537,0.9999130880537014,0.9147214837708982,0.9841964639998906,0.9839827569100875,-0.9933862697445397,-0.9899092176033002,-0.9477262204000412,-0.9981176939692855,0.9245231429122156,-0.8309533083717162,-0.9964613856203219,0.9980287933762846,0.9954545446138343,0.9735784888553309,-0.17712419577593308,-0.9865934432927167,0.9789119352266239
0.9600082676081829,-0.9895951969403489,-0.9504849470742961,0.999999999464411,0.9407320984613714,-0.9763510909306264,-0.9720152601306101,-0.9354309171499926,-0.9867257045478844,-0.9676826540321875,-0.9081614050160913,-0.9389377048865808,0.7451724520149268,0.7344433913713392,-0.9997153574684752,-0.9425579572540138,0.9720297980401134,-0.7940007304683363,0.9893741740794862,0.9994856781728662,0.999292789403733,0.9880038848924533,0.9563846582815053,-0.9195569334706646,0.9463913158209201,0.9534463468346417,0.9841365944998732,0.9820591121277256,-0.9724910777916679,0.9925344751900473,0.9320100343761074,-0.9529970373591553,-0.9698637554724564,-0.8815856299918592,0.9928709078325906,-0.9886582558909217,-0.8463988739168515,-0.9476021833431068,-0.9815550650186822,0.7680189652253875,-0.9586707439232575,-0.9657165805277453,0.9933205925401883,0.9964542866779655,0.9546019375792788,0.9523747756163677,-0.47488269221110635,0.996700894857514,0.978893170031743,-0.9336175922507889,-0.9671974821390018,-0.9854222515473029,-0.8621487242336139,0.9648286789333355,0.9800072710777239,0.7284302330093962,0.981518771451292,0.993201816102698,0.9801400588581531,0.9437926366730488,0.9372381435943198,0.8530184050091382,-0.15602664669894784,-0.9972530682271933,-0.8641828435782937,-0.9402204484611866,-0.9896685688979959,-0.9464070931967192,0.9257434752270877,0.964091853655205,-0.9801392826836186,-0.9877879461597867,0.8795618145482916,-0.8858083932574968,0.9457166617973322,0.9765187124022541,0.9713082793152382,0.9907365091782107,0.9411033544836915,0.8502377348121805,-0.9894039803720873,-0.701720217405874,-0.9845789697378506,-0.9134247735582611,-0.9898647718987331,0.9720436580485615,0.9962341340474314,0.736559742632435,-0.9858060413543334,-0.9821966800035907,-0.9613064066956986,-0.9158547178883688,0.938784575133883,0.9994076731207349,0.9897121263094034,-0.9524291349099832,-0.9916816586901914,-0.6025121954218786,0.8841778017045885,0.9872182634886385,-0.9118638653037501,0.9986350651621627,-0.4039040859403298,0.9541583061366732,0.8929090760605264,0.972863944139198,-0.9942988090588204,-0.9777580242350736,0.5862577178100526,-0.9535529048675332,-0.9940849973567476,-0.9488952799697054,-0.9887615093750897,0.9762694351448609,0.9773778179027849,0.9744100379977338,0.9639449301198089,-0.8542359843879848,0.9260009921391105,0.9374642031544691,-0.9557992426626928,-0.92083048613943,-0.9913377106796492,-0.08037270955831796,0.9036712738593743,-0.982181261614202
0.9206281762511016,-0.9717232159066234,-0.999051430371501,0.9407320984613714,0.9999999981126063,-0.9658769625362774,-0.9890490173832086,-0.9778095441792601,-0.9778578985577703,-0.9957882249835595,-0.9844047820347988,-0.9935734411976387,0.9093372110074716,0.6644831878389489,-0.9378271217972913,-0.8431055455919133,0.9875840578502731,-0.5494656045943179,0.9797117175466932,0.9374003496148878,0.9518512678954865,0.981527718409446,0.9966825710214536,-0.9983169935104812,0.9960886912389948,0.9958715017514934,0.9617261993455631,0.934172961213751,-0.8361389729123387,0.9734169093987255,0.9996068283224558,-0.9962713897730688,-0.995003516434642,-0.6826970160545028,0.973709024971866,-0.9448038695229394,-0.9767287324313171,-0.9988322701302872,-0.9864561306810025,0.9206358806629299,-0.9955737753893572,-0.8204868359051739,0.9586635443404233,0.965670080410111,0.8012231371000057,0.9811812853636369,-0.7452034301638444,0.9445127034993895,0.9847557179683826,-0.9919896559566261,-0.9884185280836814,-0.9832579681562779,-0.9811163675254682,0.9860492688357386,0.9890153587999396,0.9161547131718909,0.9872713060957065,0.9696767294296307,0.9140947696764651,0.9973592396476322,0.9998871458263107,0.9771371220557391,0.18294177349309818,-0.9253817514902464,-0.9834500136145513,-0.7806958688083943,-0.9606921257431806,-0.9900440650764608,0.9987064354816019,0.9970177565097142,-0.9887111822416123,-0.9802965910725784,0.9885658744778119,-0.9814734526055472,0.9998661101114202,0.9915447652558886,0.9880634062490453,0.9724566521248931,0.99998656966488,0.9664608852175924,-0.9798064562463187,-0.8757079861118285,-0.9818153493592533,-0.9972700161598922,-0.9673249388826773,0.9916739661406531,0.9400521299321516,0.4864300460722081,-0.9830062486424469,-0.9876944023113343,-0.9974832008632222,-0.9976937049301474,0.9921893031602563,0.9518053060409136,0.9738400732447572,-0.9955648416062247,-0.9084947877516599,-0.8372289380884816,0.9834459581333675,0.9825455127375433,-0.9937474684714963,0.9402398232682758,-0.6769854213999729,0.997990360330308,0.9920426699191254,0.8579481564681986,-0.9225430213724162,-0.9903277185902621,0.8258520190796637,-0.9984098891992103,-0.9040316244652655,-0.9763940072118237,-0.9766281586801973,0.9878540182375372,0.983022256036584,0.9330590026756085,0.9945688787044688,-0.9381449940540353,0.8064230703555338,0.9938407490896929,-0.9983417392269371,-0.9984523149411828,-0.9638450032284288,0.18094632193498306,0.9927549986778205,-0.9693543128773096
-0.9899141950890229,0.9960282035569614,0.9761943231364364,-0.9763510909306264,-0.9658769625362774,1.0000000004251541,0.99332865373418,0.9873308300788772,0.9954611969920036,0.9815984985105933,0.9679566655648747,0.943621597874658,-0.770564941598048,-0.5949714943394276,0.971280764175544,0.9531705310301899,-0.9945012279339603,0.7226764528404093,-0.9889176924063388,-0.9797935126424031,-0.9781572444664889,-0.9887882449131081,-0.9835651229666712,0.9519506215722234,-0.9814446086819462,-0.9842698167039228,-0.9991415958904826,-0.9937856690571713,0.9137974180732498,-0.9910588816287637,-0.962757752948776,0.9835450228677116,0.9815996517030006,0.8315581398969835,-0.989484953506199,0.9950651148066704,0.9039235821943004,0.9763996991992199,0.9916321505320038,-0.7882119653599873,0.985780376959191,0.9051905938043306,-0.994758071850578,-0.9826710144287022,-0.8780816927803932,-0.9934533300575749,0.5865746291619801,-0.9630057198321493,-0.9951410476547845,0.9375549318257008,0.993902290745826,0.9915531538476807,0.92378109654337,-0.994959364722331,-0.9879681780630205,-0.7936922232030117,-0.9900940687190185,-0.9928308204188968,-0.9861676058047067,-0.9782599533422889,-0.9655889768695327,-0.9187063889248412,-0.012309886106767202,0.9789295159325619,0.9103287570482462,0.8998582659223386,0.9972266235109662,0.9430812002275843,-0.9514813139576511,-0.9783308745799756,0.9887616045632887,0.9920915918642713,-0.9293165149672624,0.95171861864378,-0.9697780570385233,-0.9810903918029451,-0.9942002567474283,-0.9946894880325781,-0.9652987058106045,-0.9299663974445525,0.9883497507388961,0.8270302379167991,0.9942833354464603,0.94681096726949,0.9968338355739664,-0.9714653253060413,-0.9880878584896721,-0.6826760146896277,0.9913183510117427,0.9853271024318576,0.9804506188888353,0.9484856897043542,-0.9819212716294853,-0.9809139829449846,-0.9950664167496167,0.9843994638774929,0.975771317390362,0.6940211108889599,-0.9480322103190673,-0.9883837426231578,0.9609391268923521,-0.9839473032687064,0.473131855238655,-0.9802781814405842,-0.9412452919430007,-0.9523670390483777,0.9819453771456932,0.9882175231249822,-0.6781216342192325,0.9789274195620297,0.9481834852095155,0.9933816626081273,0.9943910612389624,-0.9934230234827456,-0.9966171938077605,-0.9943329885673766,-0.9875517275062552,0.8340354021900684,-0.9311879626891499,-0.9796519324927909,0.9690965386066207,0.9516270279541711,0.9962071689126073,-0.134306281601138,-0.9277923780665017,0.9994226323113646
-0.9671050992675847,0.9948530920428796,0.9944324358154234,-0.9720152601306101,-0.9890490173832086,0.99332865373418,0.9999999970843534,0.9895166630127938,0.9970973444450257,0.9968515572242154,0.9809330240938063,0.9749968797344276,-0.8381994877851238,-0.6413801993457094,0.9681825977965663,0.9132112212970989,-0.9999303118726225,0.657973037790377,-0.9948444138758388,-0.9722149673497528,-0.9778015126204309,-0.9954922106125607,-0.9974541971289331,0.9799212869475785,-0.9954504754110753,-0.9972435438699535,-0.9915919066789811,-0.9765537998358911,0.892570178310885,-0.9933325862806538,-0.9867258496529342,0.9970293915995941,0.9966533105518864,0.7773031451825813,-0.9927020799895119,0.9823611382635747,0.9414238271294715,0.9942401069743316,0.9986537610854553,-0.8535628856021451,0.9982210115268325,0.8808747793035674,-0.9886793007519741,-0.9859873263409835,-0.8580696046672366,-0.9952209712468835,0.6552565351757875,-0.9668246588632795,-0.9994635842647902,0.9709097409187819,0.9996715753641131,0.997459700522371,0.9543340768308223,-0.9989839376063006,-0.9978601754630759,-0.851591146323779,-0.9982475032297565,-0.9926004085664668,-0.9637184978920922,-0.9942512878767532,-0.9886177602081775,-0.9494166805651121,-0.07664460302443303,0.9662972469269682,0.948813222091405,0.8588131831115524,0.9905583936904945,0.9736725371559813,-0.9802841456985867,-0.9955250598714337,0.9981289033205416,0.9965752557543974,-0.9615882315391349,0.9700188033377679,-0.9912738855205342,-0.9953202766288548,-0.9999439764986704,-0.9945904431741664,-0.9887818237750431,-0.9500923265526391,0.994605811033707,0.8484038230707507,0.9981205079721415,0.9764783710387784,0.9933200195425721,-0.9902802234269839,-0.9772977626777881,-0.6061502989215922,0.9972573754444741,0.9961089063542046,0.9965960485163067,0.9776663259523602,-0.9934362255236472,-0.9791609502410757,-0.99532185033115,0.9971023021411926,0.9568482852619589,0.7583246332292349,-0.9689477271491582,-0.9956888376227863,0.9818403207088241,-0.9754846840676086,0.563649804834275,-0.9962461166420499,-0.9699830376940679,-0.9214746276938254,0.9663361449640613,0.9984125500287188,-0.7442480992112334,0.995718270791073,0.9412996623658694,0.992822138533021,0.9961582181115386,-0.9998039759868594,-0.999324829771771,-0.9758080936870699,-0.9990178222471867,0.8900470364048366,-0.8848535570898474,-0.9929492436594022,0.9909484156370799,0.9799074833798416,0.9915646968330181,-0.141664154045366,-0.9643397799784857,0.9949836285408005
-0.9691611259929228,0.9765278895416014,0.9844775136532248,-0.9354309171499926,-0.9778095441792601,0.9873308300788772,0.9895166630127938,0.9999999994966119,0.979615318710469,0.9798472622410963,0.9944363475283894,0.9491163426020587,-0.8211718778228525,-0.5267435148208722,0.9283296936201901,0.907649035464463,-0.9904629314310338,0.6104962201839156,-0.9705642435094913,-0.9388688275595619,-0.9418682631863843,-0.9718352646200684,-0.9893001470446139,0.972563073144202,-0.9924076212022465,-0.9916434899829043,-0.9802302110150907,-0.965462214671165,0.8387120959713349,-0.9691999869047354,-0.9789937364508763,0.9911479858963944,0.9782863017590648,0.7386611813546048,-0.9671492300904636,0.9667404523651077,0.9491800430270079,0.9863702293007376,0.9808655817457556,-0.8333050509504224,0.9903098898509889,0.8267520631944467,-0.9683013801342029,-0.9538448271789995,-0.7932174876325941,-0.9986650167467089,0.6979841151920946,-0.9221399588067548,-0.9862167165707261,0.9442217044008279,0.9928754235379483,0.9773830493509532,0.9659189019856578,-0.9947867853085924,-0.978115214229218,-0.8620918514576256,-0.9792584768176775,-0.969727892056538,-0.9503377733049708,-0.9904376678333565,-0.9794910278637263,-0.9637027574062969,-0.170135402771732,0.935039240452369,0.9488357959916732,0.8217661751323997,0.9742192979125199,0.9428093412510083,-0.9684385173891449,-0.9783496990237199,0.9789164921204183,0.9756380921970137,-0.9649647154143535,0.9866001434967792,-0.979637269554854,-0.9725256402192209,-0.9906813209176868,-0.9744402675271415,-0.9768688346251848,-0.9756773894436106,0.9698750394829302,0.9055191088531562,0.980776435029045,0.9694820000777875,0.975870642625558,-0.9633022110749402,-0.9519793861104148,-0.5736318178426049,0.9767785386843888,0.9730930162385226,0.982789234841286,0.970257375367312,-0.9961924384010903,-0.9452001426636851,-0.9759858625396206,0.9923039886984845,0.9286957137921543,0.7865730705833953,-0.9836719603605755,-0.9721467789443037,0.98671742059842,-0.9454861741533686,0.5764016819328905,-0.9869946801650825,-0.9729973374654516,-0.893693994942393,0.9395662347614142,0.980206563321802,-0.7726621983136502,0.9858234316804805,0.8915680317191514,0.9990163492706962,0.9766620012341743,-0.9866999616351664,-0.9883564828060964,-0.9703058080257223,-0.9890296893386199,0.8448128679677376,-0.8777785861489319,-0.994726172657421,0.9722845661849036,0.9714515047239921,0.9730362513528156,-0.27567137761591265,-0.9501767188051394,0.984333017297004
-0.9742176433740881,0.9996183361184658,0.9852374271879717,-0.9867257045478844,-0.9778578985577703,0.9954611969920036,0.9970973444450257,0.979615318710469,0.9999999978912049,0.9923780928053937,0.9640381913312369,0.966116921882989,-0.8068432096502912,-0.6657709689890267,0.9837240080535204,0.9329790749428506,-0.9972292173038573,0.7105963106182532,-0.9985464799638653,-0.9871770216174198,-0.9901032522359483,-0.9985036419504856,-0.9897256165484254,0.9645035136302824,-0.9853762499342401,-0.9888518940120143,-0.9965989458505378,-0.9865923061431707,0.9242352573230666,-0.9988954468148924,-0.9735525183323955,0.9884962069254136,0.9928968362405449,0.8199816198892026,-0.9984082740742765,0.9920264299901631,0.9143735981208169,0.9843197869239331,0.998852666343561,-0.8247933240552344,0.9911421469670261,0.9143304333678045,-0.9969689038327395,-0.9946247147116162,-0.8941681351935077,-0.9886731981305663,0.5972962928989407,-0.980901769096464,-0.9990412415199811,0.9613680610057275,0.9955945343671389,0.9992762511822855,0.9291664454429842,-0.9946612339280689,-0.9974307568995882,-0.8129518168910427,-0.9983918014528002,-0.9989176396731682,-0.9775797038039006,-0.983483813384711,-0.9765561240741473,-0.9229751043904831,-0.0005695985762696013,0.9830044128147345,0.9246841400674665,0.8934965356926904,0.9973384752539611,0.9674452965335676,-0.9664400689254964,-0.9901130739223006,0.9977353857792899,0.9995295616213321,-0.939169116884434,0.9489887416952232,-0.9811331617341759,-0.993988217046087,-0.9969854563420748,-0.9996095060217459,-0.977730321017856,-0.9241453823976958,0.9983377881340465,0.8080747852922946,0.999796803357875,0.9600202305584181,0.9989283950844029,-0.9884343151708057,-0.990327247526169,-0.6584926751390113,0.9992380703820453,0.9966858760456606,0.990220231841123,0.9616443243515264,-0.9820791501688555,-0.9913073419265412,-0.9997864574652586,0.9884939556476949,0.9755089749429569,0.7087390563334789,-0.9473799599355456,-0.9983318392984263,0.964643956948489,-0.9893966589817426,0.5080279759308391,-0.9879218462049498,-0.9495501999490623,-0.9464066835909339,0.9825954114822569,0.9971312402049284,-0.6936871035027973,0.9872520310858461,0.9633725396830707,0.986274282710679,0.9998962768563349,-0.9982338233108817,-0.9987302722381491,-0.9840224286700032,-0.9933797206205891,0.8772414880235503,-0.9087681035030442,-0.981096121000582,0.9837737542677889,0.9648192431834619,0.9982577005458186,-0.07710915839021089,-0.9475282443985032,0.9980222035730266
-0.9446496410856486,0.9886732819862044,0.9979959599922545,-0.9676826540321875,-0.9957882249835595,0.9815984985105933,0.9968515572242154,0.9798472622410963,0.9923780928053937,0.9999999970726484,0.9770663370951465,0.9894492858352056,-0.8733744277682405,-0.6845757186958572,0.9652313651732534,0.8826811956246036,-0.9958702665769327,0.6233026083138881,-0.9939493789747927,-0.9653677811764904,-0.9756161160078586,-0.9949264833845247,-0.9981061830573611,0.9888041621645738,-0.995213604078171,-0.9968756235671263,-0.9803890369530456,-0.9597806972708717,0.8823887915886824,-0.990289595155921,-0.9932812484745405,0.9970153258743264,0.9999430378086467,0.7459696440971377,-0.9904865347262579,0.9690446896267653,0.9533342206969789,0.9971749867070884,0.9971241424456277,-0.8878820074620376,0.9979741759778729,0.8690458502447465,-0.9800834060602163,-0.9851493255037209,-0.8510090098301043,-0.986599754056941,0.6812866387726079,-0.9688480458689434,-0.9954827336949883,0.9867098739669495,0.9953024832974257,0.9957266134472365,0.9613393134320557,-0.9931059773194437,-0.9983872979944604,-0.8757030148431106,-0.9976118622400046,-0.9878606079913889,-0.9444514656069376,-0.9953317960670154,-0.9948731365481542,-0.956042461048659,-0.0956732650486886,0.9561537447597719,0.9627081692897932,0.8341528508118481,0.9808300612173473,0.9886310263676481,-0.9905066004703443,-0.9998477212804372,0.9982459129429809,0.9941834818021359,-0.9710990355307583,0.9687722968359332,-0.9970896465933843,-0.9989865244996835,-0.9960282023398725,-0.9893899329792333,-0.9958335322726425,-0.9483729865727929,0.9939913261956576,0.8423117942723405,0.9946511313122837,0.9863142325557607,0.9856213797639543,-0.9974686074478706,-0.9669966108869709,-0.5621875769258126,0.9956218765897281,0.9977965336525655,0.9996533241609535,0.9872859196041873,-0.9906552047360212,-0.9757710011393146,-0.9901664208500572,0.9964243613722147,0.9425232689924632,0.7836309437073253,-0.9695929413812685,-0.9954502566509889,0.9842408770008105,-0.9674524129162362,0.6089846529946011,-0.9983326678978715,-0.977423198983452,-0.900407516831561,0.9535966985379152,0.9988182168849704,-0.7707142615882463,0.9984134566320245,0.9382665529116245,0.9823383835470693,0.9919085735898059,-0.9969949775712903,-0.9939676084286293,-0.9572192393785096,-0.9985912170846037,0.9233511203996196,-0.8511457505680298,-0.9914004696919299,0.9983168389238372,0.9891810600947871,0.9834284208772305,-0.11909289763654525,-0.9796718769150872,0.9854310439443761
-0.9378238047677104,0.9580839580477548,0.9868674143008207,-0.9081614050160913,-0.9844047820347988,0.9679566655648747,0.9809330240938063,0.9944363475283894,0.9640381913312369,0.9770663370951465,0.9999999984255836,0.958548097197932,-0.8687610493271279,-0.5239767570162563,0.9011505290952355,0.8584410648694576,-0.9810721938595662,0.5270839538786621,-0.9567031037955642,-0.9096793393145765,-0.9184452543478854,-0.958897803490459,-0.9882281071125301,0.985019663925585,-0.9931881157857945,-0.9905844598453623,-0.958254620209065,-0.9347640558884027,0.7908470402366643,-0.9520166001780748,-0.987534685566941,0.9904706420462949,0.9748634134372683,0.6665767079186895,-0.9503696414089301,0.9386524160299707,0.9760008435356564,0.9890956188918263,0.9701639902997501,-0.8775149965723968,0.9879672249307307,0.7760637960531537,-0.9446862727200985,-0.9350133390085231,-0.7431647373442111,-0.9902795089313385,0.7687277919034977,-0.8997656846697794,-0.9745315285974167,0.955263972735733,0.9847029224737082,0.9648896195099166,0.9874390947842399,-0.9858792685028102,-0.9694262039766756,-0.9097707399245055,-0.9692069854003299,-0.9506536119289036,-0.9141730779994404,-0.9928136545556782,-0.9866694405764449,-0.98633399363605,-0.2604474049936525,0.9019313266829915,0.9738815506748341,0.7615576184717311,0.9513965793884038,0.9498505937838018,-0.9801518218308454,-0.9773270993546875,0.9699172050301434,0.9615447409387097,-0.9852331411859153,0.9982599424393069,-0.9845184528334519,-0.9668624189844198,-0.9816513591039266,-0.956382877020328,-0.9835285728188756,-0.9922877670393941,0.9561703335427454,0.935049617474523,0.9672759483409888,0.9836732441545663,0.9555694318541533,-0.9605401602743701,-0.922457091579453,-0.4848726101193802,0.9641820473623022,0.964147598133254,0.9819160204785707,0.9838447202843095,-0.9966376762452348,-0.9211300510109109,-0.9585235571856041,0.991265603019845,0.8909039653645936,0.8472196090225129,-0.9971442342079483,-0.9598034804568699,0.9967151246859692,-0.9165673066943505,0.6583360656560521,-0.9874949420015131,-0.9897709251192306,-0.8453208697048076,0.9052078027274484,0.9723109580379293,-0.8352137684339268,0.9868764746933725,0.8578516673507628,0.9894249497833769,0.9605385486605589,-0.9769686795422254,-0.9759425000709755,-0.9402993624904878,-0.9850743987304729,0.8715361026444,-0.8224655716135078,-0.9965008555612889,0.9751327977284797,0.9838259032547262,0.9513441143468354,-0.32604128667540727,-0.9684731514371551,0.9654446274612007
-0.88723911438253,0.9593826539784258,0.9896412216357272,-0.9389377048865808,-0.9935734411976387,0.943621597874658,0.9749968797344276,0.9491163426020587,0.966116921882989,0.9894492858352056,0.958548097197932,0.9999999964087187,-0.9286175623481145,-0.7400742124609608,0.9386682860375668,0.8085326525523616,-0.9723876931225439,0.5365242838270556,-0.9740373154071769,-0.9322350024401295,-0.9511812906262307,-0.9757761060691801,-0.984265608764155,0.9917029472665968,-0.98059489973203,-0.9814917310724044,-0.9424742643231431,-0.9110561998792981,0.8398594064292368,-0.9661586984475758,-0.9913925862231178,0.9822844172588089,0.9894316838639035,0.6658543861000219,-0.9677413458134171,0.9262559066622047,0.9656155415262943,0.9879660344896779,0.977120519393563,-0.9406078139250206,0.9823827833800477,0.8233532582595362,-0.9456911452973106,-0.9639914077389131,-0.8130815765077115,-0.9565492787522093,0.7320992782638616,-0.9512770663489712,-0.9714536172672414,0.9998362589820089,0.9717120011442786,0.9749045592586968,0.9644204849040594,-0.9670163669388423,-0.9821129649448178,-0.9139637647843079,-0.9791638105329238,-0.960606390980282,-0.8905171632648847,-0.983202141431228,-0.992101723712407,-0.9589450380903637,-0.15001638229845193,0.9169456123136722,0.9773763188015954,0.7664831612832204,0.9449223188576887,0.9992623402751567,-0.9952174287960697,-0.9916278882973852,0.9812526370247684,0.9719031272643269,-0.9775145909188849,0.9561870378279675,-0.992935800763851,-0.9884084240602348,-0.9728710714381493,-0.961705002304488,-0.994116928124153,-0.9368139058601027,0.9745548651697665,0.8293841716041298,0.9708846857824418,0.9912211947237817,0.9534986962111534,-0.9931691520166679,-0.9284425910959551,-0.46047021721743914,0.974920798754347,0.9832354097564219,0.9895388052700108,0.9916694407837269,-0.9721014109213797,-0.949295274001124,-0.9627142306191224,0.9805771596006483,0.895721404945209,0.8288757013391952,-0.9604308990703851,-0.9769693690445962,0.9765377028996425,-0.932550501760646,0.6937566903315366,-0.9871519722071322,-0.9795427076720309,-0.8407652732177247,0.9100753553991758,0.9825838304472989,-0.8184868253131232,0.9883274970119138,0.9100500068988866,0.9491376644097297,0.9662142155778364,-0.9753157928231797,-0.9676340347133936,-0.905949176710739,-0.9822411254587102,0.9688643426317575,-0.7707858205902698,-0.9751171071097172,0.995929980161952,0.9926496350377807,0.9502575115370487,-0.09753084492872187,-0.9943147130591726,0.9508821343153953
0.675668986451998,-0.790769299439489,-0.8904593163531852,0.7451724520149268,0.9093372110074716,-0.770564941598048,-0.8381994877851238,-0.8211718778228525,-0.8068432096502912,-0.8733744277682405,-0.8687610493271279,-0.9286175623481145,1.0000000054488771,0.674428108477807,-0.746015423379277,-0.543375141174155,0.8327504261819199,-0.1886372229165826,0.8216151715401976,0.7315768018491686,0.7697021273525767,0.8263297387946655,0.8728438231070145,-0.927802291800528,0.8750425426519337,0.8698346085011139,0.7614569924635899,0.7021805610549396,-0.5872364791500632,0.8026607081545527,0.9135664529119509,-0.8719726646204053,-0.8713717866350141,-0.34217141356386277,0.8058452668490913,-0.7261028748231235,-0.9526398294570688,-0.8896907046313942,-0.8341842335703173,0.9992913751885609,-0.8665567613810357,-0.5625004904385568,0.7605257597681419,0.7966797701668198,0.558137741852317,0.8192840291101249,-0.8945497951583409,0.775579220726655,0.8245655131673398,-0.9344405721489852,-0.8359006670231791,-0.8263175781281955,-0.9316747821171015,0.8284868533952207,0.8462949699671688,0.9809212248388791,0.8386109247682377,0.7906511070720865,0.6648455903993852,0.8832630763271098,0.9096319328529004,0.9301674546607042,0.4356287930807414,-0.703446770637082,-0.9585189018452304,-0.473841789270922,-0.7617483193959871,-0.9205458854116709,0.9292993590617572,0.8816570295405742,-0.8442938613228703,-0.8181100480188951,0.9407257879551767,-0.8878255481248419,0.9027146357340216,0.8634523943162368,0.8344266893848941,0.794643195081779,0.9102086159742561,0.8862774335229203,-0.8227409380272476,-0.8298326394103432,-0.8184993161298764,-0.9335131153425097,-0.7786739931396489,0.8790611800536177,0.7251511182573592,0.09839109857019175,-0.8260555860926482,-0.8471314927054863,-0.8795558233351886,-0.9318406831286993,0.8649459688471428,0.7652470607394216,0.7974861548857501,-0.8689089832385377,-0.6670602635553458,-0.9476994469284646,0.8985311029344132,0.8294949439790368,-0.902664918623043,0.7320514109152934,-0.9075688784234158,0.8813049104324092,0.9300751329871818,0.5801705239664909,-0.6918136178706684,-0.8492029930525927,0.9452613893619012,-0.8844820301292929,-0.6994197281790842,-0.8077340602120053,-0.8054369276762605,0.8349745576060077,0.8180281095552177,0.6988257700408846,0.861127560255594,-0.9674673957185992,0.4882763924084971,0.8726218330578985,-0.8997129325776699,-0.9286034382668535,-0.7710536995071358,0.23629787850858766,0.9526512557177041,-0.7798396363010303
0.51553887683984,-0.6641645117215214,-0.6536790515273129,0.7344433913713392,0.6644831878389489,-0.5949714943394276,-0.6413801993457094,-0.5267435148208722,-0.6657709689890267,-0.6845757186958572,-0.5239767570162563,-0.7400742124609608,0.674428108477807,1.0000000015251065,-0.749988165950358,-0.49440092859154433,0.6345064671388615,-0.5107500007382264,0.7041000552598581,0.7138057842482887,0.7408590087978737,0.7026699368995264,0.6399147838170072,-0.6478754122314658,0.6141731117869913,0.6259920833799599,0.6185809702943998,0.5934302331226403,-0.7456652769947592,0.6968040279404739,0.6473852667203015,-0.6280271500400383,-0.6907511671667501,-0.5534970127645746,0.7047906677119536,-0.6258119524461141,-0.5671901144313609,-0.6428444452447906,-0.6765663208664776,0.695426494716776,-0.636922711975225,-0.7353390420920898,0.6628710455741658,0.7329776697089274,0.7808107691262919,0.563501618242876,-0.2804087662825323,0.7834107224824876,0.6508177669398736,-0.7447077145543636,-0.6219456237836193,-0.6852199392653069,-0.5452835627255385,0.6062306924267185,0.6900666975862495,0.5336230834296778,0.6839159098161608,0.686363541997206,0.5889263911470851,0.6203129685448959,0.6537714414056998,0.529588705323182,-0.3080355324051089,-0.6923657437128141,-0.6104830025219462,-0.6136862977521217,-0.643473032594861,-0.7622239571181877,0.6711265758261487,0.6876656023272981,-0.6868247290505954,-0.6866542212520798,0.5919451610141964,-0.511044198111961,0.6650808473924971,0.7101435401602523,0.6340125088429502,0.6745341284168938,0.6680768759235111,0.45871097927612436,-0.7066591147592501,-0.24889688543558627,-0.6691329450165061,-0.6467740119799894,-0.6553816222603746,0.7346465727129569,0.6728483630654059,0.38975036297911214,-0.6871018355424166,-0.706289265757245,-0.6703290831754964,-0.6487021552419696,0.5810195969147279,0.7299111016263927,0.6715676807366174,-0.6216016161818293,-0.6620151482148495,-0.4035232123133013,0.5235051160232499,0.7031658617032199,-0.5786708347819973,0.6981029562012446,-0.4065846251967123,0.6477766334389572,0.5930525479102629,0.6209986205691121,-0.665995370019005,-0.6834057170888438,0.39739810996474206,-0.6518741890848228,-0.7763414335644979,-0.5451518384671957,-0.6751892739234217,0.6535371012339283,0.6371782426132314,0.5638972341156135,0.6459263619023994,-0.823021483671314,0.4753230346983108,0.5882635548960653,-0.6994946636344257,-0.6536695784170519,-0.6578269428746227,-0.5555753157305021,0.6851960369752275,-0.6219607065183096
-0.9531523141740458,0.9866036400655959,0.9471327938027948,-0.9997153574684752,-0.9378271217972913,0.971280764175544,0.9681825977965663,0.9283296936201901,0.9837240080535204,0.9652313651732534,0.9011505290952355,0.9386682860375668,-0.746015423379277,-0.749988165950358,0.9999999977098114,0.9363626513142025,-0.9679902859802673,0.7943792562502402,-0.987594020604429,-0.9985702632287996,-0.9990603880180047,-0.9861627585143586,-0.9525489302422229,0.9163441441328795,-0.941810855540193,-0.9491895528215564,-0.9798355795383047,-0.9773624467395645,0.9744646985786695,-0.9905744737861785,-0.9286318198078112,0.9488066173761628,0.9676078088414558,0.8804435680295015,-0.9911690978857641,0.9848097740413797,0.8415867551529337,0.9439224650435859,0.9788354974322072,-0.7691520519452324,0.9547284849041175,0.9676553445617808,-0.9904469565866924,-0.9957773932072588,-0.9584660310578906,-0.9462712356577324,0.4679100924714047,-0.998025593310763,-0.9753691821816382,0.933582359733672,0.9627766178545843,0.9829997614142458,0.8563761549868965,-0.9599451197875168,-0.9777146163377072,-0.7246508440574615,-0.9790320560073015,-0.9909440708564334,-0.9756201968333875,-0.9394241490548985,-0.9340141647955994,-0.846878428283879,0.16746580072096973,0.9958299399231058,0.8605262956529887,0.938978007637313,0.9861554355598989,0.946852447932005,-0.9232353054682576,-0.961762241709247,0.9777418359875344,0.9854338931465821,-0.8750495594964328,0.8786435130320451,-0.9427818039450919,-0.9748927154846582,-0.9672524717942672,-0.9880676785404134,-0.938314412926591,-0.841927700782483,0.9877073000684001,0.6893470866519509,0.9816511360297365,0.9102549551369218,0.986645141662679,-0.9712789731487546,-0.9939470111583806,-0.7344656207153236,0.983445886430562,0.9804420538511138,0.9584208937544332,0.9127174650834227,-0.9332376121508984,-0.9988099086429073,-0.9869339547448658,0.9480412453879165,0.989562915637893,0.5969107650664012,-0.8774150037970486,-0.9853860297138278,0.9064945050312672,-0.9971617744838387,0.4029158802401705,-0.9505877268515293,-0.8882419498264774,-0.9703460024420535,0.9920709203032338,0.9752466963189304,-0.5807950062484476,0.9501185272013194,0.9958191614265864,0.9422890251629518,0.9860710736991498,-0.9728159556886491,-0.9734414631237253,-0.9688256957322705,-0.960263280371685,0.8584578087575561,-0.9199023005472656,-0.9321471462654749,0.9539297859753121,0.9177954654022761,0.9882373914933014,0.10081668773966068,-0.9019522100817687,0.9778966668471902
-0.9830669326636654,0.9416582457753723,0.8654145927328472,-0.9425579572540138,-0.8431055455919133,0.9531705310301899,0.9132112212970989,0.907649035464463,0.9329790749428506,0.8826811956246036,0.8584410648694576,0.8085326525523616,-0.543375141174155,-0.49440092859154433,0.9363626513142025,1.000000003179709,-0.9170894534022999,0.8770968928746923,-0.9191441670089817,-0.9527188505973789,-0.9330164320059932,-0.9165432574040022,-0.8830855429177182,0.8148001499338662,-0.8778187558216525,-0.8847508223586024,-0.9578808329171138,-0.9791194848846927,0.940361937796045,-0.9310075395880179,-0.8359915621178191,0.8828476104475416,0.8840190552027711,0.9449108371641717,-0.927796797526511,0.9706053855551819,0.7353068824242687,0.8654774575199577,0.9149146773235635,-0.5679143833720217,0.8889541460840552,0.9409150035095368,-0.9550312784238478,-0.9250100885169346,-0.9101732801059254,-0.9185839672515627,0.3343920919597032,-0.9126141780824402,-0.9228984482660147,0.7979563912619826,0.9140511650051969,0.9192102102733591,0.7705098125307426,-0.9182783463996289,-0.9048178888163124,-0.5754432548250578,-0.9110958562093713,-0.9387500001893903,-0.9875711934435201,-0.8698900076416465,-0.8419998874610227,-0.7637835287975709,0.21820387128829646,0.9644711831346473,0.7430884601336724,0.971608124961947,0.9565888454231288,0.8130621809072414,-0.8147042973792149,-0.8744475226050227,0.9066767091357029,0.9240894927962912,-0.7757547727953207,0.8270180944268295,-0.8515381449717038,-0.888362857143296,-0.915832095737577,-0.9385399745774046,-0.8421109053569618,-0.7965458573994271,0.9179796989311523,0.678929056925773,0.925803819410097,0.8051782844237426,0.948272049540654,-0.8693350108146802,-0.964529088992417,-0.8633561462773017,0.919136816222554,0.901834223017354,0.877321466561943,0.8083048389915941,-0.8816800539661909,-0.9382448074462101,-0.9374508756527521,0.8851435523112039,0.9768664437879905,0.4548281011144922,-0.8175371478316428,-0.9144616216602964,0.8353240008676855,-0.957051046506501,0.18664368119779748,-0.8749965503999269,-0.7967074889495094,-0.987466833600256,0.9727834510482558,0.9033291330600464,-0.4349543282013913,0.8718693943845145,0.9309071147564939,0.9232599332429464,0.9327962998027867,-0.915605843433472,-0.9273481321157229,-0.9799031569856396,-0.8944674007139299,0.6505699782465166,-0.9977796287530083,-0.8752783388941126,0.8540186404818731,0.8142928453720946,0.9513919335166908,-0.02714420549593815,-0.7728810918182769,0.9492524499481053
