1.0000000005606855,-0.9682397086663955,-0.9551181965395656,0.9088062741626382,-0.8756682373963862,-0.8908816454345074,-0.8762264093589958,-0.5721432235962995,-0.9686779190030926,-0.9145741535381533,-0.6794727490512684,0.34109847680379085,-0.9911776927741183,-0.8590152704784608,0.9265363618892496,0.9086249998546989,0.9748983404665282,-0.8067799702074078,0.9670414937535127,0.3393344339215845,0.9560144833341914,0.539149526054539,0.9752772219744561,0.9274604238700066,-0.45953569039088926,0.9208961810635273,0.8160301156005512,0.933753346441701,0.9467536844337484,-0.9753138689711982,-0.9111630896063465,-0.9321235051514231,-0.6493081062336761,-0.966163683973243,-0.8822967561037071,-0.7257488183530464,0.8804968883822984,0.7386539787036309,-0.5010028393615065,0.8843105718738241,0.5865745774548624,0.05337569716015531,0.8809067407707056,-0.8964143881709152,0.9714043139062114,0.8856361834950408,0.9080160184818372,-0.5331261367256898,0.3821868859077378,-0.9826630443733207,0.4502805766476794,-0.5111975301841152,-0.9530412991317889,-0.18655459599027543,-0.33245675881818043,-0.9335604027956468,0.845508637041638,-0.9422649826685512,0.9779601143125365,0.8057642425151164,0.8062792171346119,0.8451877029495851,0.9578990943501563,-0.9681973640910632,-0.8730084576502914,-0.7912125092267679,0.920567482947213,-0.8761977967525384,0.9014763364838854,0.9038502680262884,0.9582582032389462,0.9920422967567382,-0.7695582768729627,0.23383972394857022,0.9712937862470792,0.47776843722708867,-0.6975922725005026,0.9586326144450579,-0.9567857977980855,0.1507896498236035,-0.8820541184638907,-0.8639254524183688,-0.8344552144365012,-0.9827961481868799,-0.9652804594035191,-0.6084687605992549,-0.16343731713477877,0.8606182974933574,-0.7949796514511809,-0.8967113594931084,-0.9376874664985623,0.750557362597693,0.9196521753696267,-0.7177782172764123,-0.9385260940044204,0.8561815917948076,0.7760270715595906,0.9371578617449808,-0.8210425318094884,-0.37063496241426713,0.6524385720287433,-0.9260652913782604,0.8664000412599117,-0.8209272923442742,0.8650518472571981,0.8624839173406408,0.7889204009713857,-0.8289970465415173,-0.8805620064032859,-0.9632662091862242,-0.9201346912164494,0.8462671064481878,0.9853490384016103,0.8957498195711872,0.8194739722215624,-0.8387045125220967,-0.9184778656682758,0.6781442757640038,-0.7166562067284904,0.8615118454123859,-0.98993030197734,0.8825962220362229,-0.40353220736994694,0.7383462677164734,0.8021722288119745,0.7922800956970807
-0.9682397086663955,0.9999999992343662,0.934657716491273,-0.890013883941153,0.8108773377931332,0.89158690625309,0.7719345092779283,0.6871221963147648,0.8929494366258999,0.9210326215824349,0.6651286123514343,-0.448037173959172,0.968660266771152,0.8046294357234373,-0.9298272400196914,-0.9293810725635446,-0.9832979345420613,0.6683961459283753,-0.9659162717660211,-0.3870603061445133,-0.9679076900402963,-0.5333716823962948,-0.9335488855144093,-0.9065367481353944,0.3038351744823777,-0.9139524144761145,-0.7703625645174066,-0.9443158105024358,-0.9484709483416444,0.9309762979623565,0.9218588977387809,0.8786388956049925,0.7814253924701714,0.894710059927039,0.8779826725910295,0.8145952972511529,-0.8491451728783008,-0.8723377633663868,0.5296170837330147,-0.9327718755288477,-0.51403626544046,0.14767324713196167,-0.8486841707760778,0.9485281408887433,-0.975018325863647,-0.8445898539979211,-0.9695283485542737,0.3734836523128308,-0.3225361137561935,0.9680868815402872,-0.35453608297839284,0.6305296439907999,0.9740138606145008,0.11013938055934165,0.40734009797949805,0.8999239204457272,-0.8227770200799523,0.8974247712508938,-0.9261680266178851,-0.7744839218198398,-0.7550849101149946,-0.7903607919790039,-0.906322691144052,0.944949614114654,0.9073542968856229,0.764480732755138,-0.8617764386154997,0.9379628398455456,-0.9275895546528578,-0.8483440723155679,-0.8928099420014711,-0.9825150329799794,0.7436510663160081,-0.21766092519573366,-0.9760820867776219,-0.36535914421307947,0.6749649507278156,-0.9151443968364332,0.9104457612698251,-0.3066951235084321,0.851601482199608,0.8048141279877253,0.8280784292299519,0.9764892764585146,0.9186826026990075,0.4195486422982102,0.2225602733885495,-0.9008688492906636,0.8174248534560515,0.9627036302382876,0.8956518935730468,-0.689687950113609,-0.8941044370471083,0.8200122772194992,0.9130948815862587,-0.8906416471924702,-0.7441064813775804,-0.9728751760912727,0.8622147535061581,0.4843604273694816,-0.6256887660265201,0.8374935059411599,-0.7318886131957645,0.795205064967762,-0.7920207713099532,-0.7850242340940229,-0.7638569243765436,0.8192375405562163,0.8215225135930402,0.9805057431742649,0.9273592397718279,-0.8348913470727202,-0.9798351108821104,-0.8139091348139117,-0.8740363522712518,0.7904371694219339,0.9295906832258433,-0.7892817789623635,0.5924132183775467,-0.7519892354824759,0.947037322456814,-0.8488529105383126,0.3461177581569958,-0.8015547298903385,-0.6389218445651126,-0.8760046363098019
-0.9551181965395656,0.934657716491273,0.9999999980948749,-0.9739203256354767,0.964816039053962,0.9800520256676784,0.863838648955625,0.38756059409079374,0.9683671646510075,0.9901519651603022,0.4459437175130703,-0.4201255938543394,0.9669046005098485,0.9204328346649313,-0.9936203830118482,-0.9220754097326668,-0.9713323441715606,0.8638905475625617,-0.9668498064058132,-0.15652391729843176,-0.9697806533091736,-0.68921839548766,-0.9747890059875454,-0.8198516759205018,0.6170807397703042,-0.9827590903919385,-0.9400971375317927,-0.8048543915481904,-0.9942880554945805,0.9051301972239894,0.9859093796543457,0.985119499304248,0.7690650985171259,0.8580783716142377,0.9810068570504326,0.6613218272108158,-0.9761445723782803,-0.7938418570405158,0.6804409927569105,-0.9592941188818886,-0.7757970861575832,0.018179763267178645,-0.9726198223850306,0.8890999681953478,-0.9806870306643918,-0.9787285242391051,-0.916720304029818,0.6243522599714413,-0.6167249411537802,0.9838393123107331,-0.6433895920782103,0.4249706239332992,0.9621514213838346,0.40673457516536965,0.3265980129450615,0.9743173365595359,-0.9058060969507643,0.9924093042073413,-0.9870040208847721,-0.9405725948020178,-0.8484921132354032,-0.9472653837739322,-0.9527129235859424,0.9773371255609001,0.9236771435615627,0.9290423042205758,-0.9829760085811949,0.944793840468878,-0.8853217247637448,-0.9568065382299161,-0.9822394401913657,-0.9415639138138984,0.9190560794815089,0.055825345309361375,-0.9580994844276735,-0.6161479093400025,0.8659999606151957,-0.9936371209129826,0.9349266204817481,0.0016364592906179763,0.9711129238316589,0.9126436498807626,0.922741283291275,0.9856994347660185,0.9824759821844581,0.6368745395947869,0.04047998858336223,-0.9049911039939449,0.8010528331852594,0.8669086560190822,0.9539693729218186,-0.8998224256581142,-0.9932926412004977,0.7279038578424704,0.933459278777469,-0.8694893773139889,-0.813066552316763,-0.8642645603155363,0.8228960768498549,0.21981996605224075,-0.7834170282756987,0.9011475836580867,-0.7640181312048389,0.8622272201649317,-0.9558532479198734,-0.9369357624429013,-0.9283929572887392,0.8512114424428466,0.9325383555456486,0.9662052918741326,0.8597373376916195,-0.761995516220531,-0.9753951250742948,-0.9506747077348436,-0.9274902385969669,0.9553488827714954,0.9858266926101036,-0.6232194869397374,0.8317338551430228,-0.9204526347809908,0.9795015598977652,-0.9799225920196393,0.6068960203222674,-0.8874247068812057,-0.7073668968124543,-0.7192360541048257
0.9088062741626382,-0.890013883941153,-0.9739203256354767,1.000000001198004,-0.9621994963947812,-0.9894195857361159,-0.9060041757959733,-0.3484980524649861,-0.9343783763547951,-0.9754851623744161,-0.4214150902366806,0.5864577071646406,-0.9487059589509701,-0.9782503333328149,0.9749130996741677,0.818602683219076,0.9564013869696227,-0.8389986476513246,0.969659268297937,0.25074747002150327,0.9724201416441285,0.5712116293763587,0.9060912440899211,0.8258218908383522,-0.6512123905445598,0.9975777572850125,0.9090796390123039,0.7348682364547664,0.9814165020805183,-0.8972891215777787,-0.9832576017909512,-0.983246985031335,-0.7994086489396196,-0.7959952843462731,-0.9791885963787743,-0.7239369219407696,0.9863162020007167,0.797568775037661,-0.5853209794600036,0.9501666762728896,0.8308531788821361,0.09703913810371587,0.991284924273827,-0.788381291964858,0.9685981107646676,0.9566968993762548,0.9199251845872757,-0.5395514826859276,0.6113082789581636,-0.9675589741728281,0.6027107258606662,-0.5131347644918087,-0.9630047229902554,-0.34766009733331593,-0.4994522961593198,-0.9955426938492834,0.9769323988378908,-0.9545358329894928,0.9551375890799836,0.9207794067874475,0.9381330915710154,0.9005074496353489,0.9676337800798683,-0.981195671117195,-0.9688840706789352,-0.895396286225947,0.9732673636618454,-0.9334821448018954,0.9264674411156112,0.9883721249999159,0.9458527689576802,0.9118106447424593,-0.9473905520684122,-0.1725673626988684,0.9551389887420582,0.5200285020993509,-0.9238763420550585,0.9794321151812959,-0.9540110533702173,0.057811418412293696,-0.9938097567128436,-0.9719260132957857,-0.8345717475687741,-0.9603926333817445,-0.9798648606575383,-0.5607898888889662,-0.18949827713700518,0.9567274416025162,-0.8927991251536017,-0.8741737527642545,-0.982500176890946,0.8973980055266207,0.9851703388170425,-0.8026204083830847,-0.8284991458670549,0.931486378342346,0.9168831369946205,0.8517317483811128,-0.897249845098636,-0.29516395550658003,0.899227405416619,-0.803286780325706,0.6702159661928696,-0.9492424058505416,0.9520933822085779,0.9683698869955393,0.8962113925716002,-0.9366986116792969,-0.9803550135763225,-0.9588747307398701,-0.8879867299885266,0.8205950777141393,0.9552662817994788,0.9665060265408706,0.8855346027104906,-0.9545323448069468,-0.9855631062957252,0.6867748470859261,-0.8086753402956075,0.9226757962350245,-0.9530451593670879,0.9664983821499546,-0.5401342919471376,0.904421805628703,0.7033180016482655,0.7540564321103553
-0.8756682373963862,0.8108773377931332,0.964816039053962,-0.9621994963947812,0.9999999985092342,0.9622332277395318,0.889192039365413,0.14715309400398763,0.9532568014230267,0.9537377172615096,0.2831652000556052,-0.38224088972397996,0.8969672288986991,0.9467762455730395,-0.9537471696323696,-0.8234481426367195,-0.8882081677929101,0.9440961635657951,-0.8977173474715145,-0.01823025343548044,-0.8977614772272381,-0.7066734684562778,-0.9234700852292558,-0.7155813243802168,0.801127027773731,-0.9562449445478547,-0.9756320169684419,-0.6468865098260476,-0.9454487148118893,0.8331154398247715,0.9483463614635926,0.9883777567243934,0.679791135388422,0.7782915048871464,0.9705098723540998,0.5147210756526657,-0.9892292345858692,-0.657938438603199,0.6920303466016697,-0.8910424182212063,-0.9021494863105876,-0.13278680936606022,-0.9861822687029703,0.7552184632926588,-0.9089968480499218,-0.9913460765157136,-0.804475785471031,0.7469932690689066,-0.7577034106044285,0.9213967235009771,-0.7806424080428432,0.26291571737346703,0.8800312326327445,0.5571565027564053,0.27379004202074647,0.9595922031338839,-0.9090723504858473,0.9786310255689871,-0.9565718382195425,-0.972795679431785,-0.8729285327181918,-0.9736525129170142,-0.9261954924657746,0.9315250042528797,0.8670389347551323,0.9571552073920069,-0.9946578065977482,0.8623309485046479,-0.7982753880340399,-0.9708898858072561,-0.9713075277560519,-0.8448549366278907,0.9672183681767934,0.23296915030290136,-0.8758386832307894,-0.7253716138513137,0.9326710637006712,-0.9747933300806803,0.8964604962940174,0.20788625281155937,0.9826136489168489,0.9363475496896059,0.8937582223316455,0.9153425201026635,0.9590502114842264,0.7479507976611227,-0.052082297530859904,-0.8425023832310468,0.7469869916855216,0.7328547770198475,0.9349092642830551,-0.971783358533973,-0.9835099656773036,0.6116066331707991,0.861221656343619,-0.7983661305047576,-0.8240422197564997,-0.726096098108974,0.7454999908910289,0.03679555555655923,-0.8498952201194138,0.8736231596852772,-0.7401234437053466,0.86339305653486,-0.9992661511981913,-0.983297246055894,-0.9564405821644478,0.8283940488642739,0.9542064271133448,0.8815354854422109,0.761575227440135,-0.6788729259285812,-0.8986906251130377,-0.984910325436722,-0.8688872756529609,0.9939930476531831,0.9440920018605482,-0.46664069389046053,0.9369147415757811,-0.9793705567510455,0.9319484958975202,-0.9906932239698693,0.7154220587375744,-0.8611588818162804,-0.73500216959574,-0.5617105961889588
-0.8908816454345074,0.89158690625309,0.9800520256676784,-0.9894195857361159,0.9622332277395318,1.0000000007388967,0.8409288575162622,0.3244962723893676,0.915008839883105,0.993940121149805,0.33983436273161566,-0.5553296555648198,0.9268457812065822,0.9433015193367463,-0.9914400874376085,-0.8619908704366779,-0.9479710911296487,0.8215103713270463,-0.9516999605655664,-0.15127221931954024,-0.9626706397186477,-0.6667417905043743,-0.9115255817754858,-0.7661122451884631,0.640891065864273,-0.9940133896042717,-0.9400505782817742,-0.7117911898235673,-0.9879041891614322,0.8499457236847288,0.9968710122413926,0.9727238583381655,0.8474064059003327,0.7549756234182725,0.9971381372363316,0.6828654863799526,-0.9907990431003161,-0.8354466015384326,0.6891369881960577,-0.9768717433001503,-0.8399994589207828,0.03287947139490925,-0.99020614235481,0.8316078962437996,-0.9619776696527264,-0.9730407805672578,-0.9214984932321607,0.5610927802633278,-0.6709178052934209,0.9554465774504753,-0.6549236422643375,0.46395554740286843,0.9548754840901763,0.4269373888594332,0.4289197368404919,0.9749596519506588,-0.9434967688155799,0.9620984666563923,-0.9437556656386558,-0.9538231256255297,-0.8833883168993923,-0.9287755890381557,-0.9297406123763469,0.9602805182452372,0.9583806429431668,0.9373952900609835,-0.9684625647715844,0.9625649674584923,-0.8929770626883208,-0.9619790721573777,-0.9385065179107682,-0.8899014947329281,0.9645337243449559,0.22225040245238098,-0.9369746879745644,-0.5755123176931325,0.9354029263217017,-0.9707920231790348,0.9099038352724564,-0.015334897382887899,0.9903603622480782,0.9307638352115617,0.8901855458851681,0.9552066689122615,0.9588852643720834,0.5485560024159125,0.08994661425759323,-0.9427208215112823,0.8436707225759711,0.8622572601175095,0.94808873970196,-0.9205490948854325,-0.9917469504730669,0.7842684862668059,0.8542788348512876,-0.9008478592933502,-0.8590541225442099,-0.826472672350896,0.8592101278726335,0.23139677378748244,-0.8705365320931687,0.8033987402670852,-0.6319407301118417,0.901592605113256,-0.9513281930976053,-0.9444086185989049,-0.9385249643371617,0.887263329131637,0.9454470758673423,0.9514427958346715,0.8407317995991846,-0.7475554235975655,-0.9434841741098472,-0.9417329488336029,-0.9414542677577458,0.9676917270628174,0.9955526385861672,-0.6548441788252622,0.8147887695569065,-0.8993028753218409,0.9346232750831802,-0.9820729962354016,0.6185466351517843,-0.9497220626606667,-0.6189583237742345,-0.7208472871160561
-0.8762264093589958,0.7719345092779283,0.863838648955625,-0.9060041757959733,0.889192039365413,0.8409288575162622,0.999999998696104,0.2972300637601614,0.9272495965250303,0.8150498069687887,0.574775918623751,-0.4575215860432135,0.9044385505610035,0.9556637109741044,-0.8224684845167258,-0.6410640257338167,-0.8586092286661312,0.8780890450894586,-0.892368358200934,-0.38355541890538836,-0.8673324056940473,-0.3272685752088155,-0.8347363386598785,-0.8738037698651148,0.6881801187934649,-0.8837281788476008,-0.7686514300693913,-0.7150077482671817,-0.8502103812709897,0.928691679767729,0.8259974050252853,0.9239974427559324,0.49313807204240134,0.8620385344525605,0.822280349367756,0.6486653272398905,-0.8733823447137445,-0.5227506958980531,0.2897916682224415,-0.7438725110117349,-0.7384372663762006,-0.4778853640926526,-0.8881481412638151,0.5929241251287646,-0.867412792555336,-0.8377622218003273,-0.7618553467211738,0.5605981215662321,-0.442238459947084,0.8927030448341015,-0.487901015595164,0.45291502927094013,0.8498798110435662,0.19533828113360371,0.4905611198161054,0.9365941362934318,-0.9252575328516308,0.8639322686837062,-0.9104200653399426,-0.7606885489449988,-0.9526981464136223,-0.7788440542680956,-0.9658920017770123,0.9237384336596812,0.8363124492121184,0.719599840230604,-0.9083905066298913,0.7156065037632522,-0.858585257976976,-0.9547172530468732,-0.9037373911024336,-0.8673997355150997,0.800353390628561,-0.013011578793754608,-0.878098456195763,-0.43797912537507266,0.7802390239535301,-0.9138595901355797,0.9632129422097505,-0.023060048826908004,0.8932220033983781,0.9669973744494063,0.6400598411952745,0.8681053028814664,0.9405925372210732,0.6731913051128625,0.3035312254515966,-0.8274589934200424,0.8499329524273337,0.7481566893847126,0.9599172705352206,-0.7766879981678985,-0.8699597485104741,0.6526406006899159,0.7215343483600665,-0.8437247344857671,-0.9233152714178705,-0.7860696895181348,0.8218645959348491,0.30304793449514433,-0.8335511237599921,0.7980459751764225,-0.7984612144862739,0.930034355852683,-0.8880637237852195,-0.9463546816274058,-0.7179751887655332,0.912924642073037,0.9639657735831755,0.8499644184848252,0.8733798210834961,-0.8752870050395697,-0.8763943133519809,-0.9548588772043594,-0.6274141993682987,0.8407236089781079,0.8352170619043233,-0.5798432984671265,0.7873372610133309,-0.9363914914897767,0.9168729425669272,-0.8402834426938419,0.35622472167235963,-0.6423079065940919,-0.9215187596009412,-0.6700775093572405
-0.5721432235962995,0.6871221963147648,0.38756059409079374,-0.3484980524649861,0.14715309400398763,0.3244962723893676,0.2972300637601614,0.9999999984513742,0.3537407110532113,0.36939573674497034,0.8572572630695842,-0.3771198573568756,0.5597052473362695,0.25685229026195255,-0.38497376374943276,-0.49032380365712297,-0.5830478709228942,-0.016279307532783952,-0.5570490938981162,-0.7669717406095653,-0.5521100919501526,0.09703107810804248,-0.4234501502903273,-0.7233060497307949,-0.4487782475664972,-0.3859060604632645,-0.06796385457564169,-0.8108909148933838,-0.43890759187771217,0.6031422539915681,0.3862134679730119,0.28768361958678385,0.45447290764626946,0.5849600223436625,0.2801021591145233,0.8141628963865337,-0.22530924928288082,-0.6376868151227398,-0.08620904965273106,-0.4602235212898711,0.2280386532777443,0.2475349456387214,-0.2366179151740654,0.6081041484049934,-0.5424342409748015,-0.19256920075460995,-0.6587216570914067,-0.3341057197309564,0.44631088680608005,0.519476599941098,0.42418460429834065,0.8275908207657843,0.5821622557855912,-0.597949521192278,0.48309765679756866,0.3770193076791065,-0.33706091553833895,0.3018466574024453,-0.39891620618382195,-0.08006259956093958,-0.29371748257562347,-0.10203553306398556,-0.4443655223574226,0.48296764950582677,0.5014979156619964,0.06882717658806445,-0.24294659727642337,0.5013663603287496,-0.6424230386416284,-0.28444339429471316,-0.3184294997021928,-0.6438266734825387,0.06604037807505098,-0.6695617763952029,-0.5996583045229217,0.3589609671555681,0.0069173745621927615,-0.36069148130424766,0.4956237882036095,-0.8404701227531114,0.2496727984882798,0.27672228991567155,0.22388144369943452,0.5313711283745097,0.4022595546263252,-0.22018159352768682,0.591461868561652,-0.5263392024548703,0.5502024825262124,0.750225733518139,0.4164012816636622,0.04752307054675517,-0.3008624386873736,0.6851409033168259,0.4331686435582733,-0.5833327903365704,-0.3429986314170068,-0.7827859838748311,0.611536975486896,0.8678702189632662,-0.08420489632191523,0.3171520531084788,-0.3416564498294319,0.36583398101594866,-0.11637161364503253,-0.15884147321898154,-0.06880846449724219,0.45119637533701595,0.2731589437613651,0.5879971786358338,0.6968540679111909,-0.6770567060524886,-0.5658901846104034,-0.2017683358046605,-0.34756251621900114,0.1071922167022285,0.40903166548450565,-0.821484551874088,-0.15985325319600382,-0.09731581114496991,0.4736233356374187,-0.20420971348889694,-0.3928506443043027,-0.2635089798017189,-0.26505456163464736,-0.8438761282754799
-0.9686779190030926,0.8929494366258999,0.9683671646510075,-0.9343783763547951,0.9532568014230267,0.915008839883105,0.9272495965250303,0.3537407110532113,0.9999999992298783,0.925180321048744,0.5343753248826729,-0.2914643911835555,0.9648746535448937,0.9131337413402262,-0.9343709969042882,-0.8708551424004352,-0.9360832611838013,0.9273305244250019,-0.9383230913857188,-0.18490101569802747,-0.9251849058533697,-0.6134594404935759,-0.9783838491611654,-0.853605112761644,0.6636833474579444,-0.9344907978993705,-0.8999546466133554,-0.821065171511467,-0.9439396609383086,0.9406082562681045,0.9180684541653218,0.9778109482812093,0.592206078110784,0.9311823645806369,0.9161952880423072,0.5946623817709242,-0.9347156922152737,-0.6397666270357124,0.5658722258837926,-0.8614804202090166,-0.7379998744348315,-0.17432928010092977,-0.9336138370359568,0.8215400398832355,-0.9440727939921015,-0.9457678365734076,-0.8354696528028129,0.6985367808974787,-0.5551640771379519,0.9649897118651555,-0.6260352725092899,0.3495128513623084,0.9122147161374878,0.37024760663667916,0.2598101579041721,0.95621237841746,-0.873841325486663,0.9786288447372352,-0.9950402539468135,-0.8846834809016574,-0.8485625763674556,-0.9227185555252444,-0.9675943300541117,0.9628211176521889,0.848360195879533,0.8685105565755779,-0.976308016070654,0.8390911715047754,-0.8437565007653385,-0.9523385006483859,-0.9956559310360608,-0.9398344086536855,0.854224463183063,-0.07033490981476768,-0.930035844735219,-0.6338583706084188,0.7930709841673432,-0.9848265689253671,0.9526164626719426,0.06830069875060954,0.9317863788224694,0.9143595440753189,0.86460310168364,0.9593288589023364,0.9835531716917795,0.7588944059707029,0.040447551855598736,-0.8279623390332961,0.7568929980191005,0.7985337182403456,0.9528698711397627,-0.863732330090841,-0.955000441348028,0.6195254472252595,0.9265281459219336,-0.8103998817154358,-0.8007304150174588,-0.8370650068147638,0.7643507967721033,0.18012867143526823,-0.7314399434448893,0.9541916584240393,-0.8886248731701872,0.841546718074847,-0.9505987416740131,-0.9425353624755058,-0.8659040793203601,0.8253145129853685,0.9322135229730699,0.921489888611927,0.8513263476261685,-0.781216336937723,-0.9537370322887548,-0.9668392422532357,-0.8125618551883249,0.9200194750690214,0.9205446529640756,-0.5359639948775448,0.862201156667827,-0.9583041301622802,0.988160167352105,-0.9394406266687069,0.5553362503674072,-0.7513315087882094,-0.8549329614904494,-0.6580406302062715
-0.9145741535381533,0.9210326215824349,0.9901519651603022,-0.9754851623744161,0.9537377172615096,0.993940121149805,0.8150498069687887,0.36939573674497034,0.925180321048744,1.000000000259776,0.36710571904684636,-0.4915862745774325,0.9379809917826473,0.9114636565912301,-0.9995016569299727,-0.9124162914968126,-0.9598341192423956,0.815997999003925,-0.9544836892583922,-0.12926639086781588,-0.9660711907204611,-0.7098571441184409,-0.9407803955163608,-0.7721237406403223,0.599599066415649,-0.9866183028934871,-0.9435789606176499,-0.7559329308825695,-0.9946157666255085,0.8569982398044805,0.9982333331544281,0.9678328600850037,0.8443965833185748,0.7849470113191683,0.9946998003608852,0.6732398563665083,-0.9802045300741399,-0.848829950679893,0.724181253974628,-0.9852964559040533,-0.7976922651004457,0.10137613626365849,-0.9760748793729506,0.8857807889637715,-0.9711896128652959,-0.9755280877559543,-0.9305286324075449,0.5757789984356134,-0.6525687516111692,0.9649567041953273,-0.6507549646096811,0.44726129310539886,0.9603986596750549,0.43010805064257035,0.3641714422120198,0.963126847780362,-0.909549562344683,0.9741070620040649,-0.9552003427381337,-0.953382810832141,-0.8391089020627446,-0.9396638570393179,-0.9216993019972887,0.9594364048540488,0.9430755867470783,0.9432499058793303,-0.965698758021846,0.9738669767470381,-0.8830023417820699,-0.9421838223922032,-0.949270070823513,-0.9092974339523386,0.9426504537632733,0.15326863244636085,-0.9438279005912906,-0.5972578955174739,0.8994922665103936,-0.9737225442819183,0.901748867691405,-0.0181914525032989,0.9748591654438259,0.898597262355028,0.925569539075523,0.9694899743086205,0.9576096240606362,0.5605110447025187,0.04072749248957372,-0.9256193597535822,0.8093339029517916,0.8725241100266632,0.9337312161729956,-0.9079363297192256,-0.9914007576121572,0.7659893358717443,0.9013470731048681,-0.8806346706969587,-0.8110493466850262,-0.8448555542362448,0.8350003702595302,0.22328116879253296,-0.8112050874355083,0.8413161756014478,-0.6676113381316723,0.8615289552307044,-0.9422216573122337,-0.9205371769499254,-0.9438176120304875,0.8510034563712259,0.9181352929845175,0.960544656413849,0.8371714019114462,-0.729887489947967,-0.9564625728497087,-0.9255707472510626,-0.9624231200086637,0.9583605847220774,0.9964417709499979,-0.646563354931662,0.805919299160666,-0.8854462396089907,0.9460762765570203,-0.9813688632296167,0.6292951134951543,-0.9429894977086901,-0.611467496657256,-0.7235750392442595
-0.6794727490512684,0.6651286123514343,0.4459437175130703,-0.4214150902366806,0.2831652000556052,0.33983436273161566,0.574775918623751,0.8572572630695842,0.5343753248826729,0.36710571904684636,1.0000000001932792,-0.24493700758240045,0.655582071465328,0.415314039484754,-0.3906709101378636,-0.436281129714324,-0.6112596723620751,0.26047824440024914,-0.6117206418495885,-0.8147826723950075,-0.5751639756713768,0.18050614431230388,-0.5193019014096274,-0.8587127617791734,-0.1641973123191058,-0.4315025590362183,-0.1343204949030502,-0.8524311329117862,-0.45962196187765086,0.7645505465745729,0.3822961064692479,0.4192618078716354,0.1996496525459041,0.7844821871080441,0.2949737134023507,0.7381076779133257,-0.3006026856745005,-0.3956074785893283,-0.2380955152677617,-0.37751921533622673,0.10042596245229295,-0.2386381164815346,-0.31978376323053054,0.5018523682337879,-0.5762733435672919,-0.27065695311029453,-0.5846218640049109,-0.0761059678521966,0.40524752805686665,0.5903775077604814,0.31174253396879914,0.7031273841423433,0.5881951611785323,-0.5577896992481994,0.45014076341037834,0.4872305529409261,-0.4406178678053685,0.39871841757365695,-0.5307320145622186,-0.11960292479183479,-0.4679749725407851,-0.18798851941293584,-0.6056406672586863,0.5777986762888865,0.4847772862678323,0.09002745671537121,-0.3763251330854353,0.3935870070364642,-0.6674812151600539,-0.4365912092310721,-0.46754067681382067,-0.7184716896253268,0.11341696127951188,-0.7647242091406841,-0.6450153026840866,0.22089593807823069,0.05261543451778688,-0.4745699120501177,0.6554494173435238,-0.6362089360453953,0.33267142116221854,0.4504831545414951,0.19766121830089697,0.580558374434449,0.5358701510128862,0.12850768629805134,0.6137589759635295,-0.5034514291295265,0.5954216897275916,0.6841868987543029,0.5568582652947587,-0.05060383391868574,-0.36567207457141254,0.5596120908946057,0.4774374719410052,-0.5893461873383035,-0.48772590058123383,-0.7843277996991043,0.6137994773414356,0.7655406822449475,-0.18171171479473205,0.49579586997028985,-0.6397014396032908,0.4900410906910804,-0.26665149884724054,-0.34313814301909756,-0.08677251079693037,0.5513562313383807,0.44016386388906475,0.5998702360840213,0.7702921240108072,-0.8087973924660627,-0.6215430708556389,-0.3956447199806609,-0.21871791119847425,0.19909307936126672,0.40889862255753906,-0.6961333841785371,0.06263297465497823,-0.33451960313064566,0.5993029278740805,-0.2708554760950287,-0.37591096697253557,-0.1291834822327156,-0.6614332991383742,-0.7696922350986176
0.34109847680379085,-0.448037173959172,-0.4201255938543394,0.5864577071646406,-0.38224088972397996,-0.5553296555648198,-0.4575215860432135,-0.3771198573568756,-0.2914643911835555,-0.4915862745774325,-0.24493700758240045,1.0000000005718561,-0.4566436932855289,-0.6054844589953753,0.4770004679370583,0.18823086633664554,0.5189223050895315,-0.12255572125148552,0.5608736846337592,0.5980115412729946,0.5798125718264348,-0.10743139066412734,0.23363945140696843,0.4995952323502476,-0.11622523416930527,0.5744987421861709,0.28596519925916203,0.28627147521196833,0.5041688117032261,-0.43862779061691254,-0.540511072569347,-0.43366354331335405,-0.7398133612439075,-0.18376031037499435,-0.5021509163262114,-0.7963523619072367,0.4936751648324328,0.6902657950038209,-0.020277534514507353,0.5719287772775214,0.4219975944527364,0.06264384565862154,0.5222937062861691,-0.24667305967581937,0.5198495731771584,0.3627428918882539,0.6457232180203959,0.28410669709165526,0.11757845216859898,-0.4765289345886467,-0.0420748194142101,-0.8191815238243874,-0.5879503033237605,0.21971362843732326,-0.9485543043932106,-0.552655750575708,0.7040527873558239,-0.32590843995115054,0.3499053008639478,0.3483756213475582,0.6930940675460278,0.22644205542704576,0.5050075331583679,-0.5254596084614519,-0.7313211232409085,-0.2991366227540896,0.390262271209603,-0.583312776983521,0.7094884384315329,0.5337678200759874,0.29895924159474846,0.43649118891667305,-0.512197173416116,-0.35118791359246737,0.5519441257651524,-0.26301396286797546,-0.5855076117006007,0.4208513464990526,-0.5269541039478729,0.5696253897037946,-0.5403721061848319,-0.6032203203632827,-0.15974146237204828,-0.45974344500948494,-0.4582976518666147,0.2717809102591266,-0.7226540724429926,0.7578363690431007,-0.8261779311465145,-0.6573659512283918,-0.562641064397088,0.3261124565975846,0.4584281553836811,-0.8692741977190911,-0.11210361207136804,0.7775505460535225,0.761754539552073,0.5479898004883004,-0.8128326078745344,-0.6744112702250513,0.7553604052614552,-0.010994786830081598,-0.103277197256993,-0.73913414510582,0.3570023040575261,0.4716247312239272,0.3063781374133089,-0.7654805596249191,-0.5721144054707737,-0.5567396136075603,-0.6333843291049238,0.6626626080743824,0.47966603335435126,0.42410352336295415,0.4324249807782048,-0.4015936291307181,-0.5531213960079987,0.8149947998341773,-0.11099278231217544,0.30488320103665756,-0.3902465850250155,0.40595753958683767,0.09012227022170678,0.6187504340090173,0.12983692562769367,0.7240677566957138
-0.9911776927741183,0.968660266771152,0.9669046005098485,-0.9487059589509701,0.8969672288986991,0.9268457812065822,0.9044385505610035,0.5597052473362695,0.9648746535448937,0.9379809917826473,0.655582071465328,-0.4566436932855289,0.9999999988355773,0.909188687809631,-0.9468247585678242,-0.8812277719445409,-0.9911344564875473,0.8023170156866881,-0.9913862994497823,-0.3816129007297089,-0.9831653145375869,-0.5072222053628315,-0.958018963696914,-0.9381928519131322,0.4860041618601915,-0.9564168570421683,-0.8275477694523202,-0.9072060756649918,-0.9681721695839377,0.9813047941131794,0.9410936869262893,0.9525762340479619,0.7099947051562822,0.9365383447001567,0.9127388425206909,0.7791642331321063,-0.9133524902617695,-0.7808889298004196,0.48742928842015393,-0.9149990590991411,-0.6406489878386317,-0.08092399698331804,-0.9175915921331851,0.8717536590472649,-0.9898361869614478,-0.9005916788286905,-0.9399266041347127,0.4924880309502482,-0.40692902401434067,0.996056022095156,-0.44948906600385546,0.5740057593696297,0.9798206365156351,0.17541290547655009,0.4378098597020839,0.9670282987467956,-0.9060074370505657,0.9452353197066341,-0.9794755237080427,-0.8257729180741864,-0.8698174773894506,-0.8457580069866251,-0.9814196430101787,0.9913843661930746,0.9268931073720905,0.8046594333043569,-0.937097509131406,0.9065225525075448,-0.9455720108661725,-0.9405423409928411,-0.9569290509389901,-0.9936808375271171,0.8157012623152116,-0.14556229646024796,-0.9920812791873416,-0.4410657569170924,0.7596782268246114,-0.9726475124985701,0.9812328939340333,-0.18751647479913405,0.9207643549150146,0.9129819680733939,0.8180131358234931,0.9927761094660982,0.9830588515885897,0.563543562316179,0.23766494042170364,-0.9176012959426709,0.864508871005869,0.9267538747947957,0.9712649867706892,-0.7760793737561827,-0.9423465677594649,0.7870923011557949,0.9032943819058845,-0.9141861573935646,-0.8479501249765004,-0.9494886350594138,0.8841273698595189,0.41569824070117006,-0.7385604683032351,0.884142301597766,-0.8108936103433322,0.8865342896051238,-0.8846679677390992,-0.8977585117244138,-0.8034530835973662,0.8938956008007259,0.9244957269055164,0.984943358040791,0.95083202071507,-0.88584413616056,-0.996731456798662,-0.9211109575443414,-0.8361563371379218,0.8651294839439978,0.9490463402179314,-0.7347260904977759,0.7191275076346421,-0.8760682375302521,0.9934715092965659,-0.9032734680313811,0.39412974770605197,-0.7889615572917608,-0.7884794371452797,-0.8314244969094775
-0.8590152704784608,0.8046294357234373,0.9204328346649313,-0.9782503333328149,0.9467762455730395,0.9433015193367463,0.9556637109741044,0.25685229026195255,0.9131337413402262,0.9114636565912301,0.415314039484754,-0.6054844589953753,0.909188687809631,0.9999999977219479,-0.9107453350908864,-0.6982037774741091,-0.8991117860080097,0.8590621471704379,-0.929093211079873,-0.2931918392990946,-0.9228587126104509,-0.45474865943214093,-0.8428090836487904,-0.8149558090310922,0.7208741012088767,-0.9617052511139494,-0.862415864084178,-0.6598893580903233,-0.9236315068014073,0.8838664731865986,0.9247497254996757,0.9641711174873419,0.6977202661295714,0.7690023063116257,0.9278934284600304,0.689295050328516,-0.9587426679877699,-0.6827051817846287,0.46143993109835824,-0.866951092509069,-0.8561194363731848,-0.29372643439148477,-0.9701601921435649,0.6550543854836509,-0.9142983683457833,-0.9142142069001651,-0.844998493446436,0.541081828722896,-0.5934378278004939,0.9216378297932695,-0.5856173669521588,0.48979574432160755,0.9078386855647645,0.31575268464179473,0.5529574929364799,0.9814164015019047,-0.9897349706356077,0.9073876027714696,-0.9198016026011453,-0.8720235761527637,-0.9833481038135755,-0.8507184379049033,-0.9649249001997042,0.9527149903860569,0.9323429592555812,0.8353995893867642,-0.9514724270754641,0.842439642002674,-0.899833943012957,-0.9931165141412558,-0.9143383931812434,-0.860932330553256,0.9259599087664344,0.20918718311396856,-0.9090484191414951,-0.483229797257154,0.9201053891593508,-0.9479679826527447,0.9532574953826793,-0.020049362006138865,0.9745539041246923,0.9988275034015537,0.7327553204029132,0.903699084687189,0.9597197418947738,0.5898829503271347,0.26017732626525225,-0.9223696693295329,0.9023837252899782,0.8049774852422898,0.9810059502951485,-0.8772803402816806,-0.9437862818824013,0.758292084477829,0.7348948318728868,-0.9114229811250756,-0.962124738304563,-0.7913140396651116,0.8843432276732699,0.2818379002682111,-0.9419649869904657,0.7537902892217139,-0.6628771030998445,0.9775940906830048,-0.9409285764308393,-0.9845949614051738,-0.8360718100356891,0.9571104941504077,0.9986985043043023,0.9009998568936062,0.8691218143714579,-0.8383652986649142,-0.9030546145588498,-0.9764290937082082,-0.776224036513188,0.9286811173608656,0.9290177803066655,-0.6407434497324074,0.8179485337723905,-0.9407994154472605,0.9181508662388144,-0.9248835927876432,0.4849944956445231,-0.8259125550907669,-0.7717711500627286,-0.7027827972730768
0.9265363618892496,-0.9298272400196914,-0.9936203830118482,0.9749130996741677,-0.9537471696323696,-0.9914400874376085,-0.8224684845167258,-0.38497376374943276,-0.9343709969042882,-0.9995016569299727,-0.3906709101378636,0.4770004679370583,-0.9468247585678242,-0.9107453350908864,1.0000000024748978,0.919954425625173,0.9658355790121829,-0.8214186275403423,0.9597534293044407,0.1401043213235864,0.9697731460433628,0.7060692851204212,0.9503566390115523,0.7861207985502641,-0.593344058101745,0.9864509933724002,0.9410686966379145,0.7737470069867985,0.9965762790725934,-0.8696361204045316,-0.9971518442703381,-0.9706016353649028,-0.8330867898854084,-0.8036090125780035,-0.9920231722541816,-0.676886534194115,0.9781328844773718,0.8441291560358279,-0.7158331682019592,0.9831034671300241,0.7861238395644059,-0.0937450964219423,0.9739938425932498,-0.8937649260355625,0.9761987330038282,0.9753185891017438,0.9327495923406205,-0.5801507400634583,0.6383818156385891,-0.9714202760917993,0.6428040605497005,-0.4494112259494051,-0.9642325212225841,-0.4187109616562269,-0.35696787608711045,-0.9652804613963912,0.907283585221006,-0.9783567529439934,0.9628527181505525,0.9490498230779907,0.8381997983298216,0.9399822026343831,0.928431063360231,-0.9646456947881931,-0.9409526012741143,-0.9390223705018581,0.9681558639078346,-0.9717943679140122,0.886717697959532,0.943491470336875,0.9562633888809039,0.9202629853875834,-0.9348151771505729,-0.12390559901024081,0.9501901497702103,0.5965696910956932,-0.8884560219943285,0.9782368684634598,-0.9094459655000117,0.023561852669097726,-0.9727707475453354,-0.8989952475271757,-0.9270595809308797,-0.975924116779409,-0.9631838118857216,-0.5708153110403333,-0.043276881073555824,0.9234650419563722,-0.8087551901249228,-0.8773983494874865,-0.937800089325307,0.9023982288209238,0.9918394394877275,-0.7628078363947451,-0.9120468456944385,0.8806613904966633,0.8091800061944003,0.855122091498715,-0.83501078872162,-0.2304370777629846,0.8006143171436647,-0.8552396213146126,0.6885986548058615,-0.860063657670371,0.9423537335113787,0.9206367248424806,0.9393345847323328,-0.8506334010380926,-0.918837494865851,-0.9653753523331823,-0.8456011863347128,0.7391359248117704,0.9636828973565165,0.9281692483793303,0.9584291792533763,-0.9554019558576887,-0.9958704876238477,0.6484476119519107,-0.8057593135138624,0.8889864483379061,-0.9548173851675368,0.980222374450391,-0.6201227667859245,0.9326237856585022,0.6287412641353293,0.7295712241494305
0.9086249998546989,-0.9293810725635446,-0.9220754097326668,0.818602683219076,-0.8234481426367195,-0.8619908704366779,-0.6410640257338167,-0.49032380365712297,-0.8708551424004352,-0.9124162914968126,-0.436281129714324,0.18823086633664554,-0.8812277719445409,-0.6982037774741091,0.919954425625173,1.0000000012154733,0.8999248938685193,-0.7196610999500523,0.8621018979839645,0.03279747243270465,0.873138918337783,0.7913572968223972,0.9527056343906041,0.7159263408085559,-0.3923125775227596,0.8518700399420016,0.8565854783263485,0.8412799546853469,0.9111703348959644,-0.7969496489363956,-0.8929018373032603,-0.849228652502815,-0.7263654509568123,-0.8217968611624226,-0.876462369303257,-0.5575392381839781,0.835794847207633,0.7929033724393922,-0.7699378526349442,0.9040263536144588,0.5563666403504571,-0.3248362694904294,0.8190825914414452,-0.9876487004392459,0.9003218743883926,0.8814810941441336,0.8577081438486718,-0.5820382944809623,0.514016404416946,-0.897848293208444,0.5698628400338979,-0.327053596905639,-0.8752242858068218,-0.39787461856426354,-0.07594149405136151,-0.817452978260515,0.6855449805972977,-0.9171513642000796,0.899827684153224,0.8488507985854408,0.5873312098841871,0.8819908577009906,0.7974895695909798,-0.8549211579910434,-0.779703787134851,-0.8627984896929582,0.8555655001276796,-0.9034197809978747,0.7483937553085324,0.7708898407095949,0.8929787513786929,0.8858273564319229,-0.7583321321405015,0.12925531701145063,0.8675172239494424,0.6218222437435876,-0.6666794881413464,0.8831340149416833,-0.7791464420376655,0.015219610973362276,-0.8127711082020993,-0.6862594651496476,-0.9564637884741231,-0.9188656317133584,-0.8537774036209682,-0.5625678012172373,0.15034228137189257,0.7569913056699783,-0.5915309444325331,-0.8110434592731913,-0.7831988447673631,0.7654075045369485,0.884002774671036,-0.6049072915961266,-0.9825514923245898,0.7065367012849074,0.5466195047582908,0.820644975227234,-0.6505108271800716,-0.16132436339042341,0.5017412477167623,-0.9014758633872878,0.7444339942350109,-0.6206029112371917,0.8116601369732995,0.7379998498376185,0.8610043779443923,-0.6243019378706887,-0.7217356126356522,-0.8892290912564798,-0.7343484548332158,0.5883362558169468,0.9025946553411877,0.7721671389936019,0.9290825588971751,-0.8221851274399521,-0.8896701396257308,0.536352099935261,-0.6953803830610049,0.7475942645612365,-0.891305828600745,0.8739598251748828,-0.6024212233403464,0.8064888158542959,0.5358107713198549,0.6492819750011526
