1.0000000049527038,-0.9850898194952561,0.5802356656415047,-0.6835138392595671,-0.9639068033366008,0.8332030329081892,-0.7652064432332548,0.4606216438644136,-0.9867910880654495,0.7422928606617923,-0.8959560176231924,-0.5580890414122694,-0.8707485711969298,-0.9229684539284679,0.7992400441738097,-0.8962046782888404,-0.9465210527452594,0.8116897157393445,-0.5454337083956383,0.41041916010064655,-0.12316634176878448,0.8628908963248393,0.9841730958446767,0.6769484011692499,0.9725845392764572,0.881436599743612,0.7928633901560702,0.6104498361998019,0.5798650447732401,0.9084678061472361,-0.1189579889953311,-0.388860128345241,-0.573033731910602,0.9185908269057759,-0.16594633003247589,-0.8608952971102513,0.8626208790238689,-0.49227903706501747,-0.9179619972444505,0.947070211912693,-0.22982027922563777,0.902223637418633,-0.7941512925682404,0.915622263726282,0.7344126773469265,-0.6972965575921689,0.8967000624090087,0.816830095744579,0.9701908753955234,0.8525099232096056,0.05038505114058493,-0.9250703593680792,-0.40982606332732485,-0.8715628740263686,-0.9187222385235971,-0.9467849551485455,-0.7823917768322346,-0.9779934187115762,-0.9049326762895491,0.6462394969127072,-0.5854448028214525,0.9168352855587198,-0.7873641440403948,-0.8465855527023664,0.5684874807154773,0.9126787014758675,-0.907976935073901,0.7394334886544088,-0.6294783105326899,0.6888343405144921,-0.9443676687912603,-0.9648049253968393,0.2895368560086092,-0.8868918027495416,-0.664969254622339,0.852221997193526,0.813703634667149,-0.7813043383623387,-0.8898665651106772,-0.8684512931204718,0.8926138182580158,-0.05774459624035783,-0.9842334231958016,0.8236759057208141,0.9056836861894063,0.6897306898150458,0.8815891533008677,-0.8772849633948834,-0.8947661367813624,0.644277412271092,0.9448387253845884,0.9797772007838297,-0.986969446261783,-0.8172672832224012,0.799410385865384,0.7339363521115978,-0.9258726012815925,0.9600176837179666,0.9502958439483755,0.9785073897480354,0.7665278099570149,-0.823914028963565,-0.7998862142353479,-0.6426323937956929,0.9522826803388564,0.8046582621538237,0.8717991321151393,-0.8822516971660308,0.8702283997912331,-0.9344248039953025,-0.9214201782833799,0.9779377005805606,0.7936921810377396,0.6885193522555078,0.839503655750266,0.7370013874772038,-0.800340122121568,0.8338108929340167,-0.9613783919419845,-0.9638457252073415,-0.96713081293737,0.7532965296725217,0.35989214487181165,-0.9256679742641188,-0.7620953291780223,-0.923110557644434
-0.9850898194952561,1.0000000018932083,-0.690219412212754,0.6563791239148533,0.9867596574263201,-0.9120561012755121,0.8599801445406113,-0.5887890689305668,0.9671295649910348,-0.8359272803914719,0.9468706057359544,0.5701830388820137,0.9070826980647383,0.9662767338510925,-0.803089912942641,0.9540097014822081,0.9844440955418543,-0.8586022235291956,0.6457395449365014,-0.36725751703679094,0.23951645764898913,-0.9356104733571082,-0.9640468792777084,-0.7434463354734792,-0.9929080848718039,-0.8063805992840837,-0.7733105092656082,-0.6900610931141602,-0.6945278863256431,-0.9645171874461399,-0.01414715001586619,0.4617727283943843,0.6986072389861231,-0.86402105718824,0.3237457647686548,0.8884297154222413,-0.9047249365192033,0.6119156270103067,0.9702977631837438,-0.9141379668151973,0.07453967117987359,-0.9610143642297521,0.8799166184377852,-0.9424394515209178,-0.8331680693579927,0.8084551837266378,-0.9455122439667331,-0.9002471245695168,-0.9655593393386247,-0.8965949866997853,-0.14095173338226052,0.9763732354922314,0.5087122684323531,0.9319150261950142,0.8449799004985624,0.9831684162040718,0.8561731684477243,0.9757472098358485,0.943761894523472,-0.7107168938746488,0.6693130331493446,-0.96034901777174,0.7928214656297495,0.9167470515403758,-0.4996491695860853,-0.9626713943994027,0.949868927825054,-0.716769673863702,0.7426377650561741,-0.7948383757126224,0.9834568991453158,0.9466005807182349,-0.43236901274778283,0.9450110587345603,0.7588233750682509,-0.9292160506957365,-0.8711031820936911,0.8614461491866547,0.8980574446029003,0.9338480004711137,-0.93062480675062,0.10019193598073166,0.9796034225091795,-0.9088622063798167,-0.9507597188182172,-0.7806494374565979,-0.9290515742405692,0.8857813533150122,0.8842941450087635,-0.6726613681888642,-0.9844313619946066,-0.952776414607623,0.9988520657393376,0.8940677926538033,-0.8631168025300331,-0.8195086105054309,0.9753246228211647,-0.991822521788395,-0.9876419428681358,-0.9866270550297354,-0.8565663780655272,0.9071431214789081,0.8714872731211157,0.6776521944649299,-0.9791618608203875,-0.8762104295388409,-0.9292470327072191,0.933516553833573,-0.9172017279141169,0.9423857210742663,0.967679804712391,-0.9669935558010584,-0.7213534675122064,-0.794519500719685,-0.9067206968668838,-0.813802115529512,0.8903016980892837,-0.8934312767322925,0.9694017544472545,0.9461598085414299,0.9525698000994042,-0.8322839552865026,-0.5098965089964748,0.9757123284451307,0.7640212825817935,0.9743238396534466
0.5802356656415047,-0.690219412212754,1.0000000020353852,-0.6276626751964789,-0.7753814988861023,0.8643480596918709,-0.8568234455591348,0.9739089895906184,-0.5132202986873107,0.7530626476855515,-0.8563384680025977,-0.43675029113257,-0.6431845381751273,-0.679838309693541,0.6233058340945086,-0.8706423715278973,-0.7804304305472992,0.654253790554566,-0.9878989595125967,-0.031618750488849795,-0.6877031089167063,0.8741542950006072,0.6087543488594145,0.9257340255179849,0.7153949097774902,0.13234652140057193,0.6033408108379676,0.8698226645809455,0.8744406252525428,0.7703053369908867,0.5844033005012849,-0.7964278553591734,-0.9039587782154582,0.2912090105818718,-0.7813292699412824,-0.5317540701233947,0.6730755496521079,-0.9787423376597347,-0.7724271514915158,0.3448289751950432,0.6342760120557348,0.8412920878646142,-0.9320544833092799,0.5616094399212028,0.8784574647950412,-0.9215350147929544,0.6768826489623578,0.8382522131806563,0.6377512560762224,0.7110643360750244,0.4796275299010554,-0.7982021408371531,-0.5144688269250076,-0.9042344662776022,-0.22054439805742448,-0.7977076549913464,-0.7546582804618643,-0.5713767945531267,-0.7006938582803725,0.7216108501457744,-0.598133358961421,0.8445456877548697,-0.6374295895172697,-0.9195127903549369,0.020799691749345508,0.7684996722204337,-0.6545948381283064,0.3489008403159157,-0.9903095445398654,0.9791065313248662,-0.8094912985816516,-0.4377175314127469,0.9436314113760753,-0.8196509410509655,-0.9622806258831118,0.8727871272848575,0.9318934301211449,-0.9205348167193101,-0.7363426138535858,-0.8726680468824564,0.5856153926605111,-0.5905191431107762,-0.5802225940853512,0.8759055056008188,0.8522071231137992,0.9820336433207438,0.8404547287225602,-0.5394131731255819,-0.44927801964823594,0.5602248934517633,0.7348675613182575,0.4513516325887241,-0.6876482492597414,-0.894340781595,0.8692475665324438,0.8967883173925115,-0.773394996462569,0.7560483608128867,0.7916423559630381,0.610603648905146,0.8436108437372231,-0.8281614210318561,-0.9295454649874428,-0.24077880575127528,0.7652964611420328,0.9236499414460696,0.8952625298563135,-0.88925214670962,0.6742175678527086,-0.69961532465826,-0.7368051959614598,0.6266716323730225,0.3777505240212037,0.965529582258802,0.9186356825666729,0.8787269039945269,-0.9129443509700857,0.9124339783788277,-0.7043117157418235,-0.5904020819211633,-0.6636498005647615,0.6519167729499618,0.9315157436511834,-0.8151934253880341,-0.5843020863341143,-0.7711895063407941
-0.6835138392595671,0.6563791239148533,-0.6276626751964789,1.000000010279429,0.7475042815353277,-0.5081532713688752,0.40261570425982524,-0.4656474136960842,0.58590596865987,-0.25604043741326776,0.6669632468153223,0.5975957804382065,0.3902151355507599,0.46691321660033336,-0.8106282721793636,0.6641036883076263,0.6315925815444386,-0.33682844112472354,0.6697229903349986,-0.2919488483440214,0.3821519366932029,-0.6013311707328357,-0.7939360706316654,-0.7200421411298016,-0.6388426076039571,-0.43990083254642054,-0.9229364265279796,-0.7246119549685531,-0.31398346048026743,-0.5100291805381629,-0.1685928499857264,0.7449141511736627,0.42146959141437046,-0.47054564628057355,0.02255978171034713,0.4329457793428918,-0.40016810213867576,0.517763251733099,0.5322007769520947,-0.46232238601606784,0.030799988482146004,-0.6042529760078116,0.6395864535319498,-0.4184836664081742,-0.40910281063310666,0.43277370861597336,-0.4605366580659631,-0.5061814346417305,-0.7619539039904589,-0.4442055684743547,-0.2960033045486254,0.5887085320086538,-0.1380017068246487,0.7247128414068923,0.5656574098789229,0.6741919363250446,0.340291514600616,0.5528991313880322,0.47180218936754464,-0.34324445793207103,0.28737330913456677,-0.7504384562620499,0.8260764654635213,0.6950672025623484,-0.15757801205576688,-0.5249192503691568,0.47275267758799966,-0.31371245883368754,0.5665313516286838,-0.580914357955583,0.6892732667444939,0.472260211046642,-0.41555318652437473,0.6391578068553131,0.5986753340202918,-0.5599543614974701,-0.8056091013021729,0.589644957404241,0.8770362384569418,0.603258392063449,-0.33641797045729555,0.5401262173481433,0.650294730118183,-0.523123018748872,-0.7616960259379333,-0.6691411724276569,-0.6516848265574327,0.4010637575824757,0.39218135666568876,-0.631623944762297,-0.5534079682013098,-0.5469144516341776,0.6639101449426074,0.5634935604774419,-0.7388797365847162,-0.6522605572227925,0.5859346400132562,-0.6362697188667813,-0.666238318404795,-0.6037666549075074,-0.3982033450921269,0.4378815571987754,0.6668932307600373,-0.06449103085643976,-0.7375896408391123,-0.6539086829941004,-0.7028032981978534,0.7724585989011191,-0.5145970992141116,0.8004942097347575,0.5665758757168018,-0.6980200384364548,-0.9036791441647679,-0.5357677053614286,-0.7318991095919658,-0.6941814386886614,0.5551472602775634,-0.7858664395183177,0.7792863838079644,0.7848021851823519,0.8447448741050261,-0.18461585027912147,-0.3254995753095647,0.6199710563216034,0.521824499919362,0.5446534473792702
-0.9639068033366008,0.9867596574263201,-0.7753814988861023,0.7475042815353277,1.0000000070948418,-0.9208276219722509,0.8636648112412797,-0.6701136242530552,0.9287596969480211,-0.8098215813700631,0.9699955163118289,0.5879407927883146,0.8740119178353958,0.9315929951062544,-0.8334463859701876,0.9757695502146077,0.9842621452165764,-0.8302652084030037,0.7451144450763546,-0.31944103860034095,0.32842292390335975,-0.9511204314696312,-0.9647316588913689,-0.8249590808193605,-0.9835641272074054,-0.7258995269616976,-0.8239478230977286,-0.7646602678730374,-0.7235498915870503,-0.949418430532932,-0.10487341166073727,0.573482629264638,0.7370085234662105,-0.8020583487479531,0.3717410419837037,0.8399400938963055,-0.8775199715432969,0.6968781541954221,0.9576898213516016,-0.8439294086847039,-0.02311203322620377,-0.9693804270293934,0.9186219713005614,-0.8884214351855559,-0.8466450710800354,0.8339902549909942,-0.9118279030299029,-0.903282293025479,-0.9637159735050541,-0.8826237383648297,-0.20679807457209048,0.9732064124110134,0.46620182302083585,0.9699168196993226,0.7857685153709666,0.9912074800526575,0.8408625495369431,0.9393162657195645,0.9212898147157643,-0.7237560306802799,0.6495237198579104,-0.9871155088364613,0.8292446214687627,0.9552615740338924,-0.4363616530445699,-0.9512796679084163,0.9138328890441425,-0.6754039700444904,0.8080604816220164,-0.850297308863783,0.9941828426534309,0.8857085090186253,-0.5307817377844454,0.9546293657747584,0.8247787772125057,-0.9408792056263917,-0.9363336766809497,0.9001972924740961,0.9374870937893673,0.9527088465345306,-0.8739647071536805,0.24036122923572015,0.9526969834888286,-0.919452296640782,-0.9816135153779133,-0.8530142144656424,-0.9526745450221351,0.8455793492928234,0.8305414259047018,-0.6927396012871644,-0.966882120934364,-0.9031285401606991,0.9871227309182106,0.9189269138571327,-0.9075106179652729,-0.8641226466997605,0.9670839844035952,-0.9872179652671719,-0.9922473889110754,-0.9564214775734577,-0.8595826393704157,0.9012711329093216,0.9196154854342791,0.5660682805813965,-0.9892006217548143,-0.9209553208310842,-0.9653323850040408,0.9750881868034293,-0.8939152421000837,0.957754264538299,0.9523611235876313,-0.9601879626271518,-0.7511966784910205,-0.8434672510495271,-0.9512407354537157,-0.8622887808087774,0.9140886604724111,-0.9466982713377453,0.9783495578864181,0.9446727398944706,0.9701951123228079,-0.7839639691457349,-0.5785959483962221,0.9795999235867481,0.7730664117336764,0.9619485240411937
0.8332030329081892,-0.9120561012755121,0.8643480596918709,-0.5081532713688752,-0.9208276219722509,0.9999999987847707,-0.9914672093101373,0.8380169143942987,-0.8236521776297955,0.9591125270747107,-0.9748674770778721,-0.406078231037853,-0.9297995815911001,-0.9361105774119828,0.6385572717391647,-0.9796681984491755,-0.9660384967819349,0.9234045233576665,-0.8203102995167719,0.09019300123891487,-0.3817638601539223,0.9769344063035842,0.7916674026699463,0.859083214179049,0.9356060553345261,0.525727075020967,0.5814990783857046,0.7229050203751164,0.9237388533613292,0.9785989607024836,0.23040457188943217,-0.5049965290622176,-0.85713851388723,0.6725567467956799,-0.6827473658083905,-0.7799399303487248,0.9416160289510745,-0.8438312575217176,-0.9789894140854861,0.7137536014674836,0.31736951075913555,0.9879684889906398,-0.9515194421943864,0.8592480211729914,0.9862668333478588,-0.9733282593558201,0.9101106643757197,0.951178299866583,0.8079573882037108,0.9460294042883165,0.20516328598284206,-0.9765839552202767,-0.7434638421136914,-0.9575586112658188,-0.5621720740755203,-0.9602486900620975,-0.9672263701722669,-0.8743985855788916,-0.9562403073263636,0.865127645824915,-0.6809740652508823,0.930322621504165,-0.6342543082878224,-0.9612736365769191,0.39281083646401327,0.9811690858105857,-0.8961285778239314,0.678678347136751,-0.9178052360566483,0.9442794354415569,-0.9566893145459383,-0.7970930425046252,0.7057012465342849,-0.9302504945126331,-0.9231551416072485,0.9889810215367213,0.9061620059394193,-0.9768041627212802,-0.7710268836817336,-0.9923599402533791,0.9081808655870858,-0.2714872572082075,-0.8256350572990662,0.984508676278583,0.9217702370409063,0.9181994146032461,0.9653618638473843,-0.860616060920941,-0.8093755490312047,0.5460295531949148,0.9618777679618867,0.7883936611481295,-0.9111644848564857,-0.9919972566039081,0.856600890552622,0.8656870961209998,-0.9533298100195536,0.9544535857241114,0.9586376053792722,0.8642955668972365,0.9894668257700996,-0.9913659765362828,-0.9623855065602407,-0.6366064737003627,0.9005085220743035,0.967335736218431,0.9683557598698654,-0.9316599425200194,0.8574925086530506,-0.807402788005124,-0.9273233307799871,0.8570791445561868,0.4369987534714033,0.9594343961820849,0.936511339509429,0.8350432383438412,-0.9825649717187944,0.903977342034238,-0.8435123154625519,-0.7591546843298397,-0.7999294711358204,0.9255737831870754,0.7805370677064838,-0.9779728668230031,-0.7757294453454155,-0.9741997527357618
-0.7652064432332548,0.8599801445406113,-0.8568234455591348,0.40261570425982524,0.8636648112412797,-0.9914672093101373,1.0000000087479852,-0.8548757631903917,0.7637030712427151,-0.9806125389432736,0.9391761898862527,0.35011399102904733,0.9151152922843417,0.9141722224223228,-0.5619471815111874,0.9464533363168661,0.9274026879480918,-0.9190206696261608,0.8051513876866164,-0.037239092818570026,0.3933609639553576,-0.9552446208497654,-0.7100905570850776,-0.8259408819960997,-0.8885364910375938,-0.45262156845261975,-0.4847215973440653,-0.6886358135493225,-0.9507374359942632,-0.9590432765201673,-0.2694858479520956,0.46474309957280757,0.8736948376001157,-0.6085835047361889,0.754749519933638,0.7510958953997037,-0.9285978405730921,0.8522343765540917,0.9558723016699299,-0.6576950866979463,-0.3912127261890953,-0.9609451183046728,0.9314639290397128,-0.8334712233244339,-0.9963639568501561,0.9855845963828311,-0.8900845831582432,-0.9422285222275787,-0.735311148567517,-0.9300292976533331,-0.2113707001313405,0.9473345124275214,0.8068829986573592,0.9191449565224586,0.4777573303354132,0.916780006526304,0.9737406992779222,0.8256403684585669,0.9344070599039349,-0.8690961310273402,0.6885793155161958,-0.8812717019483521,0.5569025698200853,0.9297513720052079,-0.3547887713313302,-0.9584249565724972,0.8717386502429916,-0.6467722552647734,0.9177748601047793,-0.9397098137451619,0.9124614127233104,0.7479554789734815,-0.7317859187854957,0.897274769339076,0.9133289224462072,-0.9735635384078855,-0.8589049039123499,0.9618276803310806,0.6924832659962283,0.9689889563872993,-0.8970314065906897,0.24388531091694574,0.7640154639954693,-0.9759265168520965,-0.8721074917482695,-0.8994731812827982,-0.9302583405120092,0.8330126097721136,0.7737496628333517,-0.4952152665323297,-0.9310468621958438,-0.7285089737975304,0.8573781118486863,0.9778441098073681,-0.8154888890481597,-0.8423636077602868,0.9225451200612894,-0.9124352504162198,-0.9159672516232595,-0.8130561286321313,-0.996925354979675,0.9907392624589764,0.936025894145723,0.6591773158610811,-0.8448517433096755,-0.9422642386053656,-0.9317785199271915,0.8842568741084624,-0.8300984459047077,0.7361495945573515,0.8962878789141697,-0.7910435813802259,-0.31931942819028036,-0.9600056613995778,-0.8996098905048955,-0.8034505759380539,0.9731713697021496,-0.8582631919669786,0.775078079620878,0.6782809777881955,0.7162432486823511,-0.9474831556327961,-0.8182548176187274,0.9454242963664035,0.7351081526107649,0.9490963495900444
0.4606216438644136,-0.5887890689305668,0.9739089895906184,-0.4656474136960842,-0.6701136242530552,0.8380169143942987,-0.8548757631903917,0.9999999947158061,-0.4182944900492137,0.7610892645906493,-0.800700698681669,-0.24539092801790147,-0.634079722158606,-0.6088893095184489,0.4359408167066725,-0.8038383720476239,-0.7094072274219533,0.6699822957537617,-0.9677357249101193,-0.222622676910602,-0.6186179829244958,0.8058135271614423,0.4635549601513613,0.9035285560286747,0.6349849010877353,0.0005080559459993608,0.409787272863172,0.7501882677205185,0.9286067412149754,0.7150182124864165,0.5651997528340532,-0.675672368462206,-0.8667747251281365,0.20995038404684732,-0.894982491020367,-0.41192207480864373,0.6668666381535217,-0.9972923592039737,-0.7155036730201407,0.2291470014472691,0.7565274472458693,0.7819331829291881,-0.8629110667876136,0.47126372168330544,0.8871484325001522,-0.9180056776468338,0.5924589082423661,0.7716634952583077,0.4872352532363961,0.7072519859963019,0.3810689643272482,-0.7289100171656737,-0.6362818863680465,-0.8247482198780867,-0.07278515705765613,-0.7196831004588566,-0.7720855751567693,-0.49339078899930344,-0.6718993175860732,0.7795496629698792,-0.504308919740464,0.7389547422269043,-0.4504068684176883,-0.8450308308181733,0.04499511204096952,0.7239913134794632,-0.5627234276039312,0.36552663837965826,-0.9719253087351182,0.9504709719583215,-0.7223341363733247,-0.34735360261041226,0.963880847541346,-0.7186742548778944,-0.9595952321925595,0.8191582612373811,0.8506707147129854,-0.9030825546841084,-0.5754771047100828,-0.8298815881306041,0.5421145786187163,-0.6246218276113487,-0.4474214623771744,0.8274088097184834,0.7431864180219034,0.9529696545636387,0.7976778396617284,-0.525010809546835,-0.4189658640316401,0.3824970794304119,0.6671078580643396,0.3519956890090012,-0.5898424179047648,-0.8718567921662574,0.7492369770167618,0.7990838534716628,-0.6872511632747045,0.6769977909078365,0.7081021843854441,0.4936500379216879,0.8500437572334315,-0.8002334744846681,-0.8941769832622515,-0.21358327221920748,0.6434636755471504,0.8904779299024536,0.8344020913661622,-0.7928208546427163,0.5621263687811914,-0.5446035036588234,-0.6406559662198545,0.535565419012141,0.1764827384090975,0.9560774448051617,0.8300954880822432,0.7660367484821495,-0.867062319416671,0.8102481455960585,-0.5619435868096044,-0.42835352703008744,-0.5209991654735764,0.6628054740193111,0.955772301785313,-0.7457498899865502,-0.5883757317824209,-0.7068550250706499
-0.9867910880654495,0.9671295649910348,-0.5132202986873107,0.58590596865987,0.9287596969480211,-0.8236521776297955,0.7637030712427151,-0.4182944900492137,0.9999999964455579,-0.7574833567752252,0.877283716087591,0.4337813487448164,0.912612208811191,0.9171982074732785,-0.6937419524007203,0.8658094671997669,0.933557024277126,-0.8620073838679314,0.48100722593903217,-0.3267688446008053,-0.01139818764358429,-0.8235770608699875,-0.9454994805577001,-0.6426890264152082,-0.9660629715803961,-0.9014302016447446,-0.6874082562598558,-0.49184402873836924,-0.5913020896328391,-0.9009060591235679,0.23971780712829757,0.24613036717938777,0.5044516195846569,-0.9636364225483044,0.16830823600314265,0.8257969183689268,-0.9013086399620246,0.44932288311818935,0.9108232911615884,-0.9589143831252523,0.26164727952930733,-0.8819260630402501,0.7353955264236978,-0.9091573570767814,-0.7338834996321042,0.6745374462677455,-0.8756178974342722,-0.7745409802442261,-0.919394061366572,-0.8870057841403418,0.09095628100871499,0.9061972669710786,0.4944645340741109,0.8230450759108665,0.9210691741065836,0.9264687089936344,0.8140665281749829,0.9942187360443624,0.9289507472672867,-0.6958814968558775,0.5143130594430875,-0.8633337553105812,0.6785308884649688,0.7951398234351575,-0.6803619891770173,-0.9156264939090992,0.8861673064023149,-0.8256607447723178,0.5765571529792501,-0.6387723579694857,0.9145335591400547,0.9868297821037056,-0.21841008284692112,0.833230859898499,0.6362348386831006,-0.8227187485511616,-0.7525751213305658,0.7646906030619024,0.8055970937587643,0.8519657474080363,-0.9161566304099816,0.019840663549178603,0.9563927611516762,-0.79246510514152,-0.846643463587247,-0.6415150617895498,-0.8735635642441881,0.9320637780822599,0.9525232269266789,-0.5270439377183925,-0.9391908570827849,-0.9965736521865624,0.9729916405242982,0.8053927634440455,-0.7109246953012669,-0.6472481791324318,0.8966001877799534,-0.946292639426454,-0.9265716881915423,-0.9571615390355123,-0.7742560286733613,0.8151316120234421,0.7718412249771289,0.6823012614089655,-0.9025267288639924,-0.7797721505148061,-0.8398692769480299,0.8247449258823192,-0.823453932156311,0.8656757892063095,0.8880712195458608,-0.9786199251965148,-0.7161928647870208,-0.6554812039770426,-0.7762062319405498,-0.6420881030475789,0.7628305438279437,-0.7605452275788694,0.9062851216903609,0.9102479245938326,0.9208737471432679,-0.786271639055036,-0.30261310135351394,0.905024645247026,0.8107856408993392,0.9110517353146793
0.7422928606617923,-0.8359272803914719,0.7530626476855515,-0.25604043741326776,-0.8098215813700631,0.9591125270747107,-0.9806125389432736,0.7610892645906493,-0.7574833567752252,1.000000001046931,-0.8779708763801071,-0.3325789977023471,-0.9148468356064785,-0.9283192107028655,0.5064084627862134,-0.8922437816427244,-0.8916580010720615,0.9156885158455448,-0.6796418874065655,0.09482383516719857,-0.3284534235986387,0.9181711752158956,0.6623789662988189,0.7015630331337616,0.8579418434882546,0.4950563482302938,0.3942649169492881,0.6041426803609838,0.9068744814152514,0.9500027676738497,0.21552067201026104,-0.34379924150950913,-0.8415859062221756,0.6214147539436218,-0.7198270187120381,-0.7918864926101216,0.9228320576063593,-0.7494546653099907,-0.9416579785425141,0.6956917695734328,0.31501259121194275,0.923016374043041,-0.8738003173423153,0.871262237015973,0.9654503724106552,-0.9488689502980537,0.9098562235619233,0.9290643910358899,0.6994412167605149,0.9076223742662665,0.1779948899084421,-0.9222122752254377,-0.849651771669223,-0.8487223432033552,-0.4930905466138238,-0.8708947473840543,-0.9657618004203599,-0.8210254142123341,-0.9227775177360281,0.8204789855534764,-0.7280882299445451,0.8212587517602766,-0.4946903112488215,-0.8633721859998302,0.36586335098707756,0.9393728227262457,-0.8925858289480267,0.6371367788092643,-0.8365649326608143,0.8668494808977962,-0.8662026259803313,-0.7729707278630272,0.6344870776572163,-0.8672746367650093,-0.8176640036245921,0.9410181383981133,0.7553722929328205,-0.8917700169157304,-0.6146440219609892,-0.9186411046125721,0.9346622585700561,-0.06300814534445964,-0.7568576408358921,0.9491011199643465,0.8087911874559109,0.7978837588273346,0.865263832283845,-0.8314850560876526,-0.7846471308000963,0.47233176515784114,0.918590911092023,0.7357544510159737,-0.8291627887164834,-0.9234857940626882,0.7515556759432545,0.7870084549547364,-0.9069389796781361,0.8808268101325283,0.8759781665344658,0.8125925506924154,0.9746085168106184,-0.9807116093485724,-0.8524263443097394,-0.7830083513599122,0.8012674325027763,0.8623605136284029,0.8587667960344324,-0.8081681036893223,0.8429485816800845,-0.6859517050755183,-0.8912423790604338,0.7461008371855018,0.23649993082191578,0.8917986060128229,0.8274777663813655,0.7422765027560253,-0.9317852614034087,0.7746237753790749,-0.7289054668634366,-0.6394586542322234,-0.648869493833608,0.9891201308502615,0.7577568656554134,-0.9103616191434477,-0.6693638221502611,-0.9353151037661191
-0.8959560176231924,0.9468706057359544,-0.8563384680025977,0.6669632468153223,0.9699955163118289,-0.9748674770778721,0.9391761898862527,-0.800700698681669,0.877283716087591,-0.8779708763801071,0.9999999931427427,0.42915761433089633,0.9209647589088521,0.9132448982902261,-0.7044278402225925,0.9934597818727088,0.9861414774684225,-0.9045991123558967,0.8364311701776656,-0.10455233054023072,0.3270936660756803,-0.9631001525888283,-0.8780962566078729,-0.9096979169809537,-0.9692962315057803,-0.592803710994798,-0.6953006531335365,-0.7323939984758203,-0.8643015546716686,-0.9603010442207949,-0.14363878350654985,0.5417368769083228,0.7811611628710674,-0.7422251010556387,0.5629480687474557,0.7515425463643698,-0.9311874278084338,0.8223101530111879,0.9683392638369136,-0.7462134207374127,-0.2193200537851189,-0.9886328618452804,0.9389677006097618,-0.8344632445426734,-0.9376813353276905,0.9167992240999198,-0.877547917604556,-0.9081438692855932,-0.8708301773429348,-0.9458283827655544,-0.14979458912629073,0.975602716325138,0.6272882569817557,0.9807501902836159,0.6497815602276512,0.9895720235232266,0.9259312828174818,0.9098377282429349,0.9550932166689494,-0.857864206951465,0.5924045767715952,-0.9634868555123853,0.7032642299507127,0.9714359591441716,-0.46418801865409753,-0.9758151900834772,0.8697557398531374,-0.7274697908131452,0.8911562583463727,-0.9200463786142787,0.9839600220615697,0.8252762660718479,-0.6526478787574946,0.9263784258784065,0.9258820368172783,-0.9670497260489667,-0.9552589268477071,0.9769169822445116,0.8513084001561295,0.9947038135187488,-0.871071160106613,0.36763958522726475,0.8669463220785325,-0.9497023530230879,-0.9557273850331065,-0.9295493856390571,-0.9957622243384708,0.8790464907836403,0.8371839804628644,-0.559941796575221,-0.9628818797051818,-0.8387456767195224,0.9518650467282256,0.9846624914139748,-0.8709345683495061,-0.8507062373825971,0.9474733759249805,-0.9777902197309745,-0.9829148619734352,-0.8880867620227745,-0.9435709842790921,0.9452551263417881,0.981626255367672,0.5303556662406717,-0.9383978418420078,-0.9839338088139471,-0.9956655934528625,0.9683566397492128,-0.8318620514713745,0.8683414514718084,0.9167190940698192,-0.9311397694692934,-0.5946231448858791,-0.9311689955895278,-0.953924653800675,-0.8331166296552636,0.9534425724012048,-0.9373091976029597,0.9017852522159613,0.8365729158831091,0.8952965956760635,-0.841716692655516,-0.6951705829351739,0.9856148734238126,0.8444812925980568,0.9646321627296774
-0.5580890414122694,0.5701830388820137,-0.43675029113257,0.5975957804382065,0.5879407927883146,-0.406078231037853,0.35011399102904733,-0.24539092801790147,0.4337813487448164,-0.3325789977023471,0.42915761433089633,1.0000000012063548,0.20324424024540208,0.5517797901895778,-0.9235087893627599,0.51567046583781,0.4865156217784166,-0.1113790989663299,0.35128986124617,-0.8712535705784114,0.6943573280721487,-0.5907205048274775,-0.6432625242569295,-0.24888033379543953,-0.47758764985104185,-0.4667017111864107,-0.8389077192165595,-0.8165161190252006,-0.10989854185716368,-0.49561390373444175,-0.5060297622049355,0.7560101650376434,0.6147682415779073,-0.25916534781302164,-0.042004712433597755,0.7636426676774518,-0.20346409923752462,0.24565092718215709,0.4861692538108168,-0.5316589251467645,0.14714683487927996,-0.49773012468754924,0.6183062233281658,-0.6131173675308731,-0.2989040986906014,0.39642646865624814,-0.6427090083387045,-0.6406072293647245,-0.7348282993134498,-0.1822030082678276,-0.7786408419792032,0.5341021040521853,-0.20614943815070375,0.5715002828420829,0.5261823367607315,0.5063933834934141,0.1914867107769063,0.4114637837399158,0.30057537689566294,0.08678846015498748,0.8201179565549104,-0.6543241741934382,0.9206369526180911,0.5838542573741825,0.33094183848375114,-0.41123406334769297,0.6570596363411872,0.14523980313435153,0.43266724069761453,-0.4688354253721277,0.5609814577732487,0.4451566601157189,-0.3164061484238524,0.7100139949647982,0.27424554963232656,-0.5362324880279578,-0.536181234370025,0.32846410805719517,0.788442193279108,0.42513860248227736,-0.4176415002849235,-0.19209118030774983,0.6743628068903385,-0.5437545860499183,-0.6733528411444966,-0.3907804551389653,-0.3487923670641904,0.1312548372047126,0.1566966924134855,-0.9869820703599121,-0.49825321055431937,-0.44279730571997455,0.5375918361722456,0.35813100022168565,-0.7890375503433562,-0.7601704928695862,0.6208028133628712,-0.50957586622492,-0.5430285613929693,-0.6461223684321435,-0.2889964474311768,0.4503348417674144,0.3756785717963118,0.3992298016369875,-0.6940513377593419,-0.36825026647960324,-0.46596013569631,0.6191964409440119,-0.7667420720907459,0.7863952371604008,0.6694562364869399,-0.40797853906835285,-0.6999190168362187,-0.3775549932948224,-0.6379327567269777,-0.7987759721073932,0.5327052135441099,-0.6682286901899465,0.7283424968339375,0.7436175767115638,0.6306588140017186,-0.28864553117439173,-0.35913859407424137,0.5209866405687686,-0.04928388093840623,0.5198104786070871
-0.8707485711969298,0.9070826980647383,-0.6431845381751273,0.3902151355507599,0.8740119178353958,-0.9297995815911001,0.9151152922843417,-0.634079722158606,0.912612208811191,-0.9148468356064785,0.9209647589088521,0.20324424024540208,1.0000000014225348,0.9203913951595021,-0.48500354477630875,0.8985047006690157,0.9409712026711982,-0.9932410148425814,0.6111031568383739,-0.01887654669546484,0.020204968471909255,-0.8635963240717969,-0.7886772045842086,-0.7457237686832965,-0.9430234544940795,-0.6880355998137124,-0.45119482479877177,-0.45053759643805574,-0.8367131112885603,-0.9428596265057541,0.1364356080190201,0.1857682612267539,0.6213608749620182,-0.8539261849222948,0.5135519281302106,0.7311497317495462,-0.9990465546170963,0.6491149561773848,0.9481614773499909,-0.8172257737652864,-0.07106190446058791,-0.9246273033185254,0.7853338643013058,-0.862564026090819,-0.9047439839382175,0.8375670114735856,-0.8612284252220657,-0.8205918126221028,-0.7670817863525121,-0.9922002880991824,0.13961793263413189,0.9262247620202473,0.7991779584288872,0.840002401204745,0.6921926684999654,0.9234851255128363,0.9731207469246038,0.9486439290767696,0.9936519521586586,-0.902744574844799,0.4943620477233299,-0.8261216319798501,0.47207932286927123,0.8268500042280978,-0.6887799415173608,-0.969623323579745,0.8543996018850221,-0.8846710817634693,0.7213234634721651,-0.7641456648613959,0.9004262952814637,0.901133757746796,-0.4278421344204934,0.8104593651880402,0.7902821575714811,-0.8875322887684001,-0.7649443079091917,0.8875595018112158,0.65120494840787,0.925541716939048,-0.9492463269229716,0.14623860122475868,0.8271255530744381,-0.8700843539026808,-0.805536749647276,-0.7558787913099876,-0.9326286549281393,0.9845153751624836,0.9615854502734283,-0.3404160001463897,-0.9493296771938879,-0.8925865009942672,0.9161687434012865,0.9175765077644777,-0.6640463594763061,-0.6493181026473707,0.8880650665657855,-0.9359340544796201,-0.915598465845865,-0.862845124339365,-0.9340886504277226,0.9189930504989351,0.8628901964790425,0.7045373274452355,-0.8244499723807777,-0.8738326815026316,-0.8822952027529163,0.808953789498994,-0.7648813465305729,0.7187575172860242,0.8593500533417259,-0.9111298876580926,-0.4147692173658944,-0.8088512726862365,-0.7842965153662814,-0.6141193128406577,0.8496948634115232,-0.7420259239321824,0.7797538378283472,0.7276588920074362,0.7752611943770426,-0.9306439319829943,-0.5245768821448139,0.9251983676627272,0.8860348970466929,0.9364748601480468
-0.9229684539284679,0.9662767338510925,-0.679838309693541,0.46691321660033336,0.9315929951062544,-0.9361105774119828,0.9141722224223228,-0.6088893095184489,0.9171982074732785,-0.9283192107028655,0.9132448982902261,0.5517797901895778,0.9203913951595021,1.0000000052374631,-0.732393821500403,0.9342299122709373,0.9623650564680126,-0.8805475509077773,0.6049301786179524,-0.3735112151959207,0.28623336061204013,-0.9484873346622559,-0.8726000785859914,-0.6672367819119811,-0.9581092211545473,-0.7536994743604704,-0.6449035106639862,-0.6690843023084995,-0.7480650204401543,-0.9878090499273896,-0.09405054040181414,0.4033954280674369,0.7754984892000815,-0.8005007133048605,0.4386728194893987,0.9352865646541948,-0.9183852854532311,0.6138903730404148,0.9845356096502147,-0.8965884890588198,-0.006624727182020978,-0.9582830266260319,0.8867585088428694,-0.9839690112994904,-0.8804530521108019,0.863155558566288,-0.9910492980409729,-0.9487098836302884,-0.9015746097839814,-0.8957881110827153,-0.19598000290055984,0.9785969649882392,0.6372442336071988,0.8991407406434815,0.7656441283061443,0.9494792025256216,0.9005899072804461,0.9446191629944499,0.9474367235126164,-0.708488775510826,0.7770276710505007,-0.9205022318189408,0.7173264229558213,0.8982506425909237,-0.4284595160688153,-0.9698061301767115,0.9894571245841292,-0.6659106427393229,0.7566249111836052,-0.808719304907002,0.9521833887329498,0.9298790607774752,-0.46775827162501427,0.9502655068078564,0.7383622884095833,-0.9509768186411978,-0.8037868469826489,0.8502917326886755,0.8067974494867396,0.9259110238580529,-0.983210596622996,-0.04083715600238879,0.9438563659830184,-0.9450792206639651,-0.9094515615862038,-0.750950773859873,-0.888510635207128,0.8703672134452483,0.8623602773964119,-0.6626054224954634,-0.9873119502930807,-0.9093240131955965,0.9579103260873557,0.894463377122489,-0.8422805464305678,-0.8302248724177338,0.9853620437588979,-0.967591781242505,-0.9607509374115509,-0.970121067036706,-0.9030909804346742,0.9580823521500371,0.8380622996112277,0.8197920053323519,-0.9386392775468946,-0.8462950673895203,-0.8908799593306058,0.8860069304056176,-0.9548952436063661,0.877378229112061,0.9853403850901946,-0.8870748424407138,-0.5487830695077085,-0.8129133292887842,-0.879863385513983,-0.8101174595894074,0.9172152630985473,-0.8478506681048329,0.9076981631646036,0.8666510119708821,0.8473283851905757,-0.932248825919476,-0.587328206194776,0.9667397967104461,0.6806901186787818,0.98781877415934
0.7992400441738097,-0.803089912942641,0.6233058340945086,-0.8106282721793636,-0.8334463859701876,0.6385572717391647,-0.5619471815111874,0.4359408167066725,-0.6937419524007203,0.5064084627862134,-0.7044278402225925,-0.9235087893627599,-0.48500354477630875,-0.732393821500403,0.9999999997165429,-0.7578481138084815,-0.7410641189116862,0.40140187340321715,-0.5699798773272079,0.709180718302194,-0.5849857481905247,0.7812331089126641,0.8733969156592049,0.5501848584912352,0.740419350374377,0.6306834404041101,0.9699934882733295,0.8785864186300734,0.3455823401522028,0.7088319648313867,0.350337210045692,-0.7815593564347868,-0.6794056299507979,0.5293936676380915,-0.07012411076870674,-0.8294884585208374,0.48689938072589645,-0.4565011125285866,-0.7106360878370575,0.7058350131352946,-0.12215498787675545,0.7334792749981265,-0.7914324656551146,0.7504032358521945,0.524855372859418,-0.5824825120282311,0.7795483035789426,0.7762194315899877,0.9204820392017373,0.48308604283873263,0.5857248637972756,-0.7560350642880159,0.015887715368527195,-0.8008627870275372,-0.7103572468153089,-0.7637941577113334,-0.4493482289785152,-0.673762431848171,-0.5755033467463697,0.24022848104196268,-0.7612282934884312,0.8661913671754957,-0.9992690659594071,-0.7960201761651038,-0.013163641876183576,0.6613293386055702,-0.7928121799083893,0.20110121279267376,-0.6200335368455773,0.6608581894572237,-0.8007049153716053,-0.6651678392316364,0.42034086589805664,-0.8661852156336246,-0.5377993368690516,0.7356291969141732,0.7830307810865086,-0.5981680294101406,-0.9629363202609068,-0.6813628597701077,0.6073320751985378,-0.05198002745545043,-0.8590353709074366,0.7245446766983838,0.8778032165666463,0.6328589562894333,0.6468500990677256,-0.438848218938773,-0.4519429581057077,0.9536617463188231,0.7278265576333247,0.6851069841248614,-0.7850935545823795,-0.6188041088222382,0.9160256604192918,0.8629961170675218,-0.8074384111231886,0.7584871908677819,0.7851328030183083,0.8316218544318966,0.5230069635072058,-0.6455391017055715,-0.6498397662906613,-0.41923937847016357,0.8926913394467151,0.6433476616023078,0.7307160815687729,-0.8427480584459965,0.8603825731766652,-0.9546417056099472,-0.8296804212874981,0.7069915108432101,0.8673012266642391,0.593904751597212,0.8354257813433423,0.8957606794773679,-0.7207046915940889,0.8640779469285769,-0.9218643532746639,-0.9264341107721892,-0.8755160525364606,0.4606362396216012,0.4450005468767484,-0.7560618556414387,-0.3261147874326036,-0.7353811310554816
-0.8962046782888404,0.9540097014822081,-0.8706423715278973,0.6641036883076263,0.9757695502146077,-0.9796681984491755,0.9464533363168661,-0.8038383720476239,0.8658094671997669,-0.8922437816427244,0.9934597818727088,0.51567046583781,0.8985047006690157,0.9342299122709373,-0.7578481138084815,1.0000000029579748,0.9866755728523309,-0.8755678909564175,0.836436293085494,-0.190894763398806,0.40963094034829506,-0.986708432819347,-0.883819866866122,-0.8840499873281079,-0.9654102188913855,-0.5929025061503677,-0.7279264211687855,-0.7903558639892361,-0.8516823321816109,-0.9725961409051647,-0.22280726626720687,0.5972878895360666,0.8347586616339808,-0.7119205772485596,0.5656487208544748,0.80511990565212,-0.9090429136360382,0.8203606312753635,0.9772563259893875,-0.7560353863518207,-0.22443611828427854,-0.9961016613533733,0.9679959512161188,-0.865596319223436,-0.9388607403090499,0.9329336063310458,-0.9132612699004292,-0.9472312897008972,-0.8934696717647944,-0.9186189042915537,-0.2494016842032474,0.987549820956307,0.6016051764116992,0.9927070420894417,0.6495491175699608,0.9902023685936744,0.9117866431508506,0.8992662315463575,0.9405171272968492,-0.8082394790935291,0.6783323515817412,-0.9822560503454224,0.7559487392276412,0.9888060829217302,-0.3804909273028463,-0.9745407439433147,0.9056552956065278,-0.6591539135198538,0.9070751954835181,-0.9373387764363631,0.9917585457505584,0.8231409700487244,-0.6764848887728947,0.9622222267832359,0.9142718342882085,-0.9862556822632572,-0.9591920183342892,0.9679002989094031,0.8788493104107802,0.993874601060492,-0.8814748323940302,0.3104607499067774,0.8872096548947942,-0.9740332063925895,-0.9770729547984599,-0.9289896557132729,-0.9789687877711949,0.842717305076721,0.8024230418800151,-0.6411134490872986,-0.9699731452413227,-0.830384393048378,0.9535776690272464,0.979756236770381,-0.9157121331236988,-0.9011691832407888,0.9716112040166487,-0.9801924983850583,-0.9891635296223645,-0.9086412300224359,-0.941955954216771,0.9612820122560674,0.9731231998188985,0.5708573600701725,-0.9605751708263852,-0.9749789474513084,-0.9937269364220415,0.9828879801870156,-0.882630838526847,0.8985292744205065,0.9487207188376581,-0.9105285616584353,-0.6033973732009709,-0.9382812629365175,-0.9766872765678261,-0.8855255837302337,0.975629849795621,-0.9605629567426728,0.9240737729850012,0.8579947549542453,0.8973861463593564,-0.8521708863994282,-0.7286001165377958,0.9936934431428699,0.7789519633340856,0.97725505526872
