1.0000000017335209,-0.9683375619602715,-0.9271554006049579,-0.961684828597795,0.6550724148356141,-0.9766076033772405,-0.9885713508507085,-0.8732087200198001,-0.9687138914498922,-0.9414267954744916,-0.8674670612530996,0.4062795719387673,-0.9499035379845102,0.9488452235187691,0.9109264373492635,-0.7141998275193245,0.42524275598122596,0.9375757810306806,0.32888583495809703,0.87830575657326,0.7915812445613939,0.793393033615858,0.7459500178421208,0.9461901783925771,-0.887578165617311,-0.9426043535607703,-0.9927176604392433,-0.9182402854908831,-0.8879368921676163,-0.36708586438764895,0.17138101649729434,-0.9212677306492224,-0.838934934763111,-0.9452761384072773,-0.7970352840402829,0.8307305115332243,-0.5755459536963881,0.8628753628114264,-0.6750592788126203,0.7493572138596972,0.9485010176268447,-0.6796910243984142,0.8790863388778403,0.9211496388982731,0.8941170319106108,0.7840053001741144,0.5839133139356991,-0.9959765098073986,-0.968976952311377,0.8367100506675036,-0.9731129279199653,0.8297238145114344,-0.9643587489646377,0.1349408891186074,-0.9138065585293832,-0.5564101062168638,-0.9195207771578843,0.5535021947492892,0.8974431645163498,0.3736755510443609,0.9723027364059454,0.9915603714645669,0.9391217259322339,0.9497224653839325,0.010281149920944383,-0.9439049231427632,-0.9423504590593291,-0.9453158923819422,-0.20962011234606842,0.2317679031350909,-0.934845393094365,-0.2691623009249205,0.9132322755383436,0.7876566661921349,0.07046140597027484,-0.8424797791275077,0.6570781976955706,0.9351119135802665,0.8682282917329237,0.8933387260079815,-0.9715910268321307,0.6971647030462472,0.8443121998732654,0.9719426709126237,-0.5843571138448537,-0.9859227962308661,0.34119916020343616,0.9824956791855775,0.9827472330189965,0.3175901974952517,-0.46448298570775276,0.7829010809299926,-0.7526884458671368,-0.9806899856631677,0.693386134184547,-0.9468142917549338,0.9930099350135599,-0.4303593923904566,-0.4058769363296656,0.43233431076121887,-0.1745273294688579,0.9151811904159698,-0.4988719903150786,0.9489878546333104,0.8443964288204635,-0.9439140571928935,0.9406700737420907,-0.08680155118667615,-0.6484064676748117,0.9879573026361296,0.9897738285648418,0.9624693690899948,-0.8465904634256778,0.7527514565111799,0.3251255949143984,0.8811986067021434,-0.7607939822269032,-0.7388689535491063,0.8467841177097514,-0.9661563382915385,-0.9950192631472039,0.8717938949445846,-0.8897199668090486,0.9760555761989573,-0.9181021438684779,-0.8769620329769743
-0.9683375619602715,1.0000000013080637,0.8746502204124457,0.9449215346779829,-0.6023438327405716,0.9080841599660605,0.9330756003789624,0.8288398951868724,0.9005252832043085,0.9427859925239076,0.8813177125786553,-0.4045542047308434,0.8801384774200347,-0.9206201950047521,-0.8053326481445198,0.5617839133947847,-0.42903088677429346,-0.9053863560897556,-0.4936158855467409,-0.8822710717333309,-0.7902903405991103,-0.7043623539416656,-0.6972045452386367,-0.974012201465181,0.8852192038323367,0.9633595496345828,0.9461745340436413,0.8195391701311476,0.9576371937700995,0.3890763471402642,0.040224857130151774,0.8804262970904232,0.7693903495469874,0.9518109045754468,0.8977324368609481,-0.7517359528713672,0.5510978938711709,-0.7947098077703482,0.5359206845542825,-0.656318288714871,-0.8863229913596522,0.6040191803778635,-0.7760929845737362,-0.8163575909949522,-0.7833064478029396,-0.6812389535262022,-0.3824038622135425,0.9465153820066842,0.9422661255412063,-0.730837332675269,0.9070847882445484,-0.8712673461362831,0.8969508848553972,-0.2503596813756958,0.8635076719362832,0.4808400776665141,0.8702860100317886,-0.5781193395803246,-0.8228420490556934,-0.4705149072070689,-0.925529706385356,-0.930102871197926,-0.8820652904581987,-0.9576200552713866,0.09893897544355364,0.8646936489650535,0.8725675765687575,0.9277870758030691,0.21148667870810142,-0.25717991369830534,0.8349760172585483,0.026677379742860993,-0.8402388027021682,-0.7295630467237637,0.035944457163251425,0.863184306119999,-0.6180096572459026,-0.8922147737840493,-0.7916699953427183,-0.9358873629866493,0.9002963027852335,-0.6843648927077393,-0.9182110494234668,-0.9141322187649134,0.475674514182152,0.9271133648603329,-0.18466705915019568,-0.9456316886077454,-0.9618344277235952,-0.44087717683923827,0.4627656323706501,-0.69430826414065,0.68049529601908,0.953322320328,-0.7425952839595785,0.8684400985550906,-0.9607030076885285,0.5005707145196883,0.2919972653140126,-0.34611370973424255,0.158135503360721,-0.8933115730573908,0.5111023267291388,-0.9039540905431049,-0.7184388307943582,0.8950101433787985,-0.9091037129322912,0.07578263493928819,0.5730632598319214,-0.9727395373187376,-0.9320263856255862,-0.8867241563586051,0.7575830366676788,-0.7281941390963873,-0.366287200942752,-0.754407805375113,0.6960093954692385,0.6459990565267307,-0.79726890865911,0.9173612985765391,0.9848871753377106,-0.9114487769208389,0.8710062309637748,-0.9077889760205198,0.9553807365166922,0.7345855886459033
-0.9271554006049579,0.8746502204124457,0.9999999973786448,0.8203372844058264,-0.8438799662672899,0.9588424167014769,0.9508848224100422,0.9520984199095737,0.9829155304857551,0.7484543206441078,0.9153563099010249,-0.6151731190326597,0.8839372434723745,-0.9636793710640705,-0.9729072987558682,0.595302087967808,-0.06615094820723041,-0.9388739337870606,-0.012652798614667574,-0.9198713986088222,-0.9440078703009905,-0.9132584318028787,-0.9393376912830219,-0.7917958285352767,0.7768540042495365,0.7665136388277382,0.9045722117932349,0.9754858760808173,0.7014411007053534,-0.006116557805304282,-0.04246042574472795,0.9562699836805807,0.9750905683475596,0.8529674910759288,0.5755483613795529,-0.9762383145254548,0.7382987378305039,-0.9792012955493781,0.8754577678129216,-0.9239681269338218,-0.9956826937929779,0.8995161695773048,-0.9723124122583957,-0.9434908663962421,-0.9624189257762369,-0.9500751957437562,-0.7307435498334286,0.9117792394461607,0.9557747054145335,-0.9644055600309955,0.9799886568672869,-0.8662427290089995,0.982756619414669,0.22806472246167653,0.9680492652945694,0.81886782668355,0.8954114426674067,-0.3792128398845482,-0.9807737665852492,-0.43070950576169087,-0.8419292228447282,-0.9363760278888306,-0.9828106503181273,-0.8190675061078166,-0.3397976102910919,0.8594636078068179,0.99396933075236,0.9854440445097566,0.5378682565199181,-0.503968853499437,0.9611904967230671,0.2838782805418042,-0.9629834902676081,-0.9442747963176243,-0.3615805476933388,0.715176419356998,-0.8240320188497474,-0.9865372736995626,-0.9777045778293346,-0.9274645419506059,0.8627491920627748,-0.8988161636558741,-0.6501691630608769,-0.8407900262291511,0.7235695586370892,0.9617206034151622,-0.21554767723962037,-0.98005926918839,-0.9174182798901659,0.022488568923857526,0.6268635919299713,-0.9385082753566705,0.9185184903868284,0.9215073316158502,-0.3899679876932495,0.968049105628772,-0.8988456492689304,0.6311099232874546,0.6884334528156908,-0.5016565435735353,0.49191571821286456,-0.9362933880306312,0.353050366184,-0.9809878794710695,-0.8548922318987999,0.998207435672833,-0.8610142057999439,0.31768875308035444,0.8858675141962545,-0.8589434877444345,-0.9039414332067692,-0.9422812361071242,0.9244384627220502,-0.8856340707353992,-0.3120086620217672,-0.945374109652295,0.8914202985250114,0.9057176673572269,-0.9583920774889383,0.987441833182856,0.9296602649030421,-0.635001437596161,0.7570969161942368,-0.8898665524777203,0.8288796486652191,0.906193361982944
-0.961684828597795,0.9449215346779829,0.8203372844058264,0.9999999990109412,-0.5917620811346105,0.889734985152714,0.9507906567860681,0.8274471945357722,0.8817232921486587,0.9611086053406207,0.8417860196072777,-0.39383419999071695,0.8578692680687049,-0.8283964419680236,-0.810704864582319,0.6480730907354038,-0.5407388466164663,-0.9241257114300301,-0.48639102185794014,-0.8574539010283193,-0.6615777072043755,-0.74140993204044,-0.6012813777807785,-0.9827199414669621,0.963857355811367,0.9826269782500514,0.9790538361882531,0.8034159999670565,0.9283962130476835,0.5335278245056864,-0.2316619622388419,0.8888387036517406,0.7320586610004973,0.9793258593179124,0.8692718865853902,-0.7013853598011839,0.5683550369104607,-0.7075396087269296,0.5166106517233033,-0.6460873383802949,-0.8594048813492814,0.5441814529254284,-0.7445716141070505,-0.8036052055210281,-0.7692467215630757,-0.6471250543267323,-0.4408446013890082,0.9666837015506359,0.9398030639727976,-0.723243718854865,0.9029815401003876,-0.8210632929008782,0.8963667560168318,-0.3445709190563121,0.8660824854555074,0.41803871100993806,0.9354714412761488,-0.45354984032930895,-0.820436088613084,-0.46728584489104613,-0.9379760603162166,-0.9529383423634129,-0.8784429838829649,-0.9929118426143638,0.2414853651530651,0.9627894280099644,0.8533809894038622,0.8700057692982325,0.07014865493863898,-0.17544371984762505,0.8703058945492554,0.20067183875778297,-0.8663093909187941,-0.6944040980606064,-0.02661522804224903,0.940792529347022,-0.6188731761153156,-0.8687335037819273,-0.7145095268532552,-0.8202203948594696,0.9342332265377986,-0.5686797505193701,-0.9285025990512388,-0.9488367193529084,0.5861853440804887,0.9091615044188573,-0.2554948575703024,-0.9078493801771773,-0.977437532502499,-0.5216797115651802,0.4844391426239074,-0.688441494374352,0.6686036445665322,0.974817433912325,-0.8397717310986448,0.8315873961261467,-0.9858271576245217,0.21724767906273468,0.2923265120883718,-0.19922594557233883,0.08074437721577166,-0.898488163025466,0.3749740974588119,-0.8934391372249298,-0.8408091521843541,0.851933659745418,-0.9767579483423094,-0.18556698882420627,0.4720538691587413,-0.979747799958941,-0.9439837256109744,-0.9345416612773205,0.8098526367568759,-0.7101046074319245,-0.4903627119839309,-0.7691162296735623,0.7188359856976494,0.6560581112838298,-0.778122522027845,0.8984067843496588,0.9598847099166302,-0.9320488151971702,0.8073657205562176,-0.9181331175305639,0.9543145179246121,0.7983799933549484
0.6550724148356141,-0.6023438327405716,-0.8438799662672899,-0.5917620811346105,0.9999999996833735,-0.6813097838596847,-0.7413053797839882,-0.9385876621498089,-0.7618901038997704,-0.3920784986347085,-0.8927561995797849,0.9314091011766394,-0.512335848716156,0.6767514506833109,0.8098570144562173,-0.19536740762213894,-0.34929248555829506,0.8533155091741753,-0.2250771110078067,0.8951158733033422,0.890213551273599,0.9614657526440658,0.9272511226125476,0.5397241270109338,-0.6871991057128387,-0.48346382659877846,-0.6570415023321355,-0.773333913289205,-0.406849538830521,0.33489151914902615,-0.07908462413581069,-0.8907359457875739,-0.9348583992411221,-0.7039190793551573,-0.2933003638313395,0.9053095067594606,-0.9727640672452653,0.800902700062688,-0.8465919523566479,0.9633300260020728,0.8298216074596162,-0.95592190694008,0.7943290613392197,0.6737200035427169,0.7595065620710387,0.9011946348298154,0.6424014515202832,-0.6380271652594854,-0.8100163726719548,0.8937517507367102,-0.781311998422218,0.8631083995491261,-0.8093191703928868,-0.42913471587799035,-0.9042369675470482,-0.9519103352793481,-0.8271408114981051,-0.17035282048326364,0.9064378075430005,0.7094273493886061,0.4779518089333217,0.6937533077983771,0.8713164923613878,0.6215296485915115,0.3847867876598649,-0.6881701007573543,-0.8361786478100531,-0.838571440213148,-0.809720704269077,0.8516208921232872,-0.8091740573397652,-0.13706582300965722,0.8918403296397625,0.972406513052797,0.7720465446142124,-0.6465697871157559,0.9949824835402588,0.877650091016583,0.789993251736322,0.7808781176464178,-0.5291012134013582,0.9400865247881312,0.43686333897663193,0.49846957014417526,-0.9307559535332178,-0.6940076682106111,-0.21452677663933933,0.7564068277440256,0.7294898436970917,-0.2057472407269933,-0.925695992696024,0.9610813168480343,-0.9835629815826166,-0.7430137073481565,0.12306883372975937,-0.7009443865129427,0.6550333725144851,-0.5137708360835286,-0.9163400168820706,0.10304045807664558,-0.8418500659071029,0.8806962738614139,0.19395309379888567,0.859695278236218,0.807259008020786,-0.8397572232736188,0.7368718076761298,-0.1460870877698146,-0.8894891890865085,0.5528278648925267,0.592634041476172,0.7847747746179263,-0.9274363474851018,0.982119768773628,0.6178899140443413,0.7620469829842633,-0.9828550626187105,-0.9750408696984474,0.9557386711123795,-0.8204229182249917,-0.6788336917393647,0.29295652086463125,-0.29482839309854475,0.5527717046308337,-0.693035271764409,-0.7312009613951453
-0.9766076033772405,0.9080841599660605,0.9588424167014769,0.889734985152714,-0.6813097838596847,0.9999999965626183,0.9776381806421598,0.8707155741039289,0.9931919556910411,0.8711299053933343,0.8259597457589387,-0.3952080451924539,0.9771651957023009,-0.9739456340331163,-0.9648414856210253,0.7788127113811661,-0.3271607773358881,-0.9060503139389756,-0.13795900862993554,-0.8380575385636765,-0.8213958184653248,-0.8210400627868069,-0.809895296576402,-0.8546868770235815,0.7929024299794616,0.8522430083642768,0.9628883664306325,0.9763886388331908,0.7770589623302429,0.2353973843767975,-0.225684797494541,0.9059919046170182,0.8852738849662205,0.8666937911953161,0.6584465284591344,-0.894593836318911,0.5615175805527542,-0.9333771241346099,0.7936887975731405,-0.8109042277514251,-0.9732082340896654,0.7557951456933,-0.9531820154576188,-0.9827183075848808,-0.9651771558067277,-0.8664508949802474,-0.7276984724853178,0.9760276469790551,0.9413566602078631,-0.9038292608383571,0.9868734795306423,-0.7676521347612916,0.9783653557063524,0.051131526980877424,0.9122953840708183,0.6421387695857285,0.8803700853649404,-0.5608340735179504,-0.925165396026331,-0.2559810693160545,-0.9541657449749257,-0.983344872802951,-0.9462345765140473,-0.8643371098208618,-0.20743070357585164,0.9145659814420537,0.9710492734761854,0.94130026494191,0.2807977999320089,-0.2434978648375343,0.9642275805950814,0.40654311817964467,-0.9219687786844505,-0.8245057278676904,-0.1475687242886018,0.7269835775251886,-0.6624189883046732,-0.9390559388461113,-0.9413535448010951,-0.8625091154688362,0.9672758873368961,-0.7381793813378438,-0.7097406724291304,-0.9528691187189112,0.6042505598422421,0.9984598148845935,-0.4399437710314418,-0.9841610594969923,-0.937270348212901,-0.12079684105039808,0.4311626276312697,-0.8351229451470642,0.7934101559441643,0.9388412249369974,-0.5425490760981394,0.9930768001331957,-0.9527143503157153,0.49397618893058864,0.5052749108464467,-0.577992005894494,0.23101322402990707,-0.8822937076926385,0.5290521039095782,-0.9467437760788429,-0.8574902960959608,0.9643425683596623,-0.8795815036414107,0.2420636039632935,0.7490285700399952,-0.939624500250342,-0.9831475031861941,-0.9576235293408465,0.861809039598169,-0.7473492008720771,-0.19563837918912388,-0.9534533604046074,0.7735642340350013,0.7895132391969185,-0.8615984489224614,0.9711688123584185,0.9601253836024876,-0.7640584515956674,0.8894209317313415,-0.9818733181340427,0.8253990363536887,0.9376286797050825
-0.9885713508507085,0.9330756003789624,0.9508848224100422,0.9507906567860681,-0.7413053797839882,0.9776381806421598,0.9999999998110041,0.9238431607161631,0.9830046002946905,0.8932465262375636,0.8947491014632223,-0.5011511162211812,0.9276507629339905,-0.9339866333601825,-0.9502948318785015,0.7025350623007683,-0.3361325425262662,-0.9678702336402004,-0.2216002282266328,-0.9087187684732126,-0.8177794362328675,-0.871287659883344,-0.797313820613576,-0.9136692555172552,0.9006758313002945,0.9047058839184982,0.9910053850422352,0.9466839772829493,0.8280686090191646,0.2881050481115931,-0.21940959534045343,0.9595224062125557,0.8929294874962147,0.9451350551450504,0.7243105002330041,-0.8811506972298586,0.6653005673368281,-0.8859905263454425,0.7510957255886286,-0.8268266902065152,-0.9733393002458769,0.7537621533337961,-0.9140647249856912,-0.9355330045358732,-0.925962310538387,-0.8463176337044671,-0.6625230892881966,0.9897149720551255,0.9847773101677322,-0.8960269463187026,0.9915441267034255,-0.8498768940539322,0.988926128490362,-0.04315592964816304,0.9560753157746829,0.6439730951273465,0.95786413219706,-0.43927996659593466,-0.9460924470446537,-0.4196083783806682,-0.9424579979617367,-0.9971912918666074,-0.9737720837373908,-0.9371509045252276,-0.06998303951426436,0.9684898393785288,0.9715006509822579,0.9586592828338635,0.289653955667207,-0.319454272340945,0.9743994578128252,0.3313020090446439,-0.9614809651217486,-0.8515492773592955,-0.21146814005164985,0.8499036231565984,-0.7412152233576432,-0.9655930771699923,-0.8921073082371441,-0.8837845787593003,0.9576451789802769,-0.7463472328338523,-0.7990092563179476,-0.9506566737766575,0.6964919357557967,0.9859489338108834,-0.3088122845408577,-0.9854136278925377,-0.9858851184563542,-0.2353226792826574,0.5561934163648428,-0.8558013112869886,0.8285272705024296,0.9882762551309039,-0.6345969268227248,0.9537250992703588,-0.9870321541713984,0.40489932588897265,0.5222540116149373,-0.393480374544308,0.2763586652438148,-0.9483844157504703,0.38826439876189806,-0.9773171534921611,-0.9118452603986206,0.965908116854671,-0.9594095169439673,0.06425785146548144,0.7099945755068888,-0.9608183113500924,-0.9777032186545616,-0.9919815784678004,0.9150981634483011,-0.818042770609452,-0.39172350221891666,-0.9222079562124785,0.8390229125548802,0.8222314236859232,-0.9016914207340769,0.9859351278177434,0.980981237030401,-0.809243494632825,0.8249593707975515,-0.9612963653136578,0.9093411109349134,0.9237521068080302
-0.8732087200198001,0.8288398951868724,0.9520984199095737,0.8274471945357722,-0.9385876621498089,0.8707155741039289,0.9238431607161631,0.999999997905865,0.9199106866411196,0.685072532716421,0.972532715642134,-0.7912801743115839,0.7471233598674805,-0.8509960744772695,-0.9218735883063771,0.4347293742267313,0.017738753535327258,-0.9788880067416849,-0.03210187979128084,-0.9794451126222145,-0.9190739982354829,-0.9764983223018525,-0.9188131631758493,-0.7875067669648924,0.8631479786333327,0.7493909253502408,0.8747622478906719,0.8990927485838202,0.676172004163886,-0.025660536556217868,-0.028683946609691337,0.9926518450937583,0.9712893791751591,0.8935315249378872,0.5669544576500897,-0.9442617448069043,0.8949192249023077,-0.8865037152229391,0.8288474348820543,-0.9493281350724563,-0.955117085917076,0.9083084010988582,-0.8918083998302662,-0.8345354712407139,-0.8771177833594312,-0.9184798540550015,-0.6545020792208349,0.8611350845475746,0.9623171656038462,-0.9411293123205485,0.9374392097261787,-0.9397422635669792,0.9521325670324738,0.18214950867169302,0.9953228040183986,0.8495547417374718,0.9578555397112872,-0.12280884564816938,-0.9838146052179323,-0.6516730651292688,-0.7448846190147895,-0.8937256688537726,-0.9828623918162519,-0.8431236248851214,-0.21198996508370427,0.8773827024812165,0.9562807736271869,0.9630874533696727,0.6021570996046368,-0.6539341158149997,0.938239481111022,0.19235006798000726,-0.9863519043499,-0.9753171225094197,-0.5268231345148358,0.820516730022592,-0.9407466402249924,-0.9847201391646839,-0.8817727531731039,-0.9041158807776,0.7767798587157271,-0.9089839434824935,-0.6834097769532176,-0.7596391939556376,0.8701721803303308,0.88519905949181,0.005431879305870994,-0.925560129396771,-0.9198867598604411,-0.04594858408374037,0.8191130048516352,-0.964582363051874,0.9678821632158984,0.9275158364818846,-0.41915270073470506,0.8651734644131611,-0.8750928735378438,0.49817022749990303,0.7611271586814456,-0.22183289257334174,0.6142350450855578,-0.9865065367453845,0.07837984501196857,-0.9809291568105709,-0.9052740228510893,0.9595049641560407,-0.9121472063665057,0.08999735854055156,0.8440163671724071,-0.806260632699974,-0.82564856554624,-0.9414872047735392,0.9807251033118018,-0.9752581888858959,-0.5797355600395947,-0.8745278872377337,0.9781988273627085,0.9556097001177923,-0.9953910575490471,0.9608494930113629,0.8877263568114448,-0.5965759973329698,0.5807281120607924,-0.7910324788423243,0.8754701643527822,0.8573920662682291
-0.9687138914498922,0.9005252832043085,0.9829155304857551,0.8817232921486587,-0.7618901038997704,0.9931919556910411,0.9830046002946905,0.9199106866411196,0.9999999999025025,0.8337752932448057,0.8737783470081717,-0.4982336361662909,0.9460735704065795,-0.9700751714534583,-0.9820206321286928,0.7187011349240422,-0.23385236724660402,-0.9377179624983157,-0.08831862793635258,-0.8847100342620611,-0.8693879875584507,-0.8789300121170331,-0.8644471990083167,-0.8430585641716869,0.8112781830675814,0.831826586265131,0.9565966537882635,0.9865711702852693,0.7537665284057523,0.15501743990185116,-0.1840147286291046,0.9435471703355547,0.9320036933110204,0.8795242912004939,0.6310261795856321,-0.935474807430975,0.6517406590432493,-0.9534247056651753,0.83597620835843,-0.8703288632582504,-0.9932105998257512,0.8206883514671033,-0.9693531434795533,-0.9762376405650083,-0.9742925358455339,-0.9095725189490329,-0.744087856368042,0.9652037729989384,0.9622111375216389,-0.941379395260134,0.997483362957093,-0.817785248650894,0.994381675392336,0.1124623023001496,0.9511808355113297,0.719414817567182,0.9104850079588314,-0.47013140853373514,-0.962651219801842,-0.34076590469243606,-0.9204160475076312,-0.9804040083590768,-0.9759298664299144,-0.8643180628442227,-0.24400972762715217,0.9181995551415498,0.9921997513841941,0.966962705804035,0.3779400359592846,-0.35170325069544567,0.9813573004290657,0.37846562224065483,-0.9574406195454259,-0.8843005832232907,-0.2521363548186888,0.7467164384677253,-0.7444959650368745,-0.9708027048900252,-0.9586247523230969,-0.8888779614570959,0.939818078025583,-0.8034661004190213,-0.698878399675656,-0.9223434107855175,0.6816430020454779,0.9939684039380365,-0.35337264669470914,-0.9915537471526212,-0.9457954506448134,-0.07547106215617423,0.5290766682808296,-0.89145829402643,0.8583112726041978,0.9492466935647267,-0.5003530592523042,0.9901227749079284,-0.9474578938185304,0.5207928395944177,0.5919341646812449,-0.5275822677879585,0.33858277523347524,-0.9211988801385864,0.4381141555796366,-0.9746924465442229,-0.885993919043925,0.9871427203602179,-0.8956214897099128,0.23816581219480384,0.8042345147921789,-0.9198490074516323,-0.9642058114286712,-0.971879868528701,0.9095744508541104,-0.8178783174765334,-0.2717595428500823,-0.9640483554137125,0.8406212805811702,0.8531992936784475,-0.9145532081833753,0.9900471288800438,0.9582063463638644,-0.7236343774029595,0.8344696892201542,-0.9566106778438784,0.841666976214082,0.9448095512022455
-0.9414267954744916,0.9427859925239076,0.7484543206441078,0.9611086053406207,-0.3920784986347085,0.8711299053933343,0.8932465262375636,0.685072532716421,0.8337752932448057,0.9999999995920049,0.7167060872642611,-0.15586786388333107,0.8947920821782288,-0.8301104547754296,-0.7333811836477896,0.7195581767523166,-0.6910786275166128,-0.811131725814355,-0.5882421869867878,-0.7293538082117619,-0.5686775539887836,-0.569249170037635,-0.483769980193635,-0.968878499102164,0.8624783837058637,0.9844773665490516,0.9419868008925905,0.7484914390880829,0.9560165153060866,0.647233712417011,-0.22042830558804155,0.7668650967945553,0.6079363534457682,0.9051808680553605,0.9098954433883554,-0.5945571654770314,0.34193295327361284,-0.6576707811643434,0.40107211820551153,-0.48806240441471693,-0.7862020751577476,0.3939220910882737,-0.6831350440902768,-0.7837991297662297,-0.716648670707201,-0.5312542790795434,-0.35815500071764644,0.9436169207457628,0.8564962408798382,-0.6085500685164729,0.8416503412908543,-0.696569512548043,0.822325924705091,-0.4445086718664669,0.7432411130297585,0.24647496103427877,0.8106323206969579,-0.6728919732456572,-0.7024450097803288,-0.27016358310701816,-0.9686949758103471,-0.9116252453417015,-0.7766728731957903,-0.9441559339897588,0.27653876282735906,0.8833053115459789,0.7751457555608748,0.7958520029104311,-0.10334343329265333,0.04263143100102247,0.7822286059417142,0.18802112396831744,-0.7425928347898807,-0.5431906360418477,0.22845079502764873,0.8390488607108129,-0.41228885078689137,-0.7695962402216737,-0.6669721275366297,-0.7672722785783798,0.9434589394207356,-0.43697287128137485,-0.9174316839142729,-0.9648020960195192,0.3544102976288221,0.8852059439559434,-0.404611144680897,-0.8651276307115587,-0.9146598460849776,-0.5840923733135922,0.24452450365289202,-0.534503077084471,0.49946234256690875,0.9058854024975391,-0.8735425582852177,0.8117116532424631,-0.9493909336055937,0.23826653008908313,0.08408706813262884,-0.34014640688541053,-0.13606271592598473,-0.7752923255833273,0.6005769006763332,-0.7976813525076238,-0.7015904067882305,0.7784911898892096,-0.8814722904830941,-0.0929774724239508,0.3580546723253687,-0.9817558288708725,-0.9415146762921325,-0.8480098907887869,0.6526800073780376,-0.5317445052723094,-0.2701971505786718,-0.7037841032128358,0.5331683617900085,0.48230622795234357,-0.6343917712846274,0.8245935244986646,0.9333583108620166,-0.9804492964169447,0.9138826223225821,-0.930357215067838,0.8839576293138408,0.7238854555459544
-0.8674670612530996,0.8813177125786553,0.9153563099010249,0.8417860196072777,-0.8927561995797849,0.8259597457589387,0.8947491014632223,0.972532715642134,0.8737783470081717,0.7167060872642611,1.0000000020661584,-0.7879572941476697,0.7026520373598936,-0.8385796808943343,-0.837796794541058,0.31459910438820327,-0.018102981593041946,-0.9692266053630448,-0.2112843047583112,-0.9988013878383061,-0.9205620552664113,-0.9047820394159127,-0.8737991802925075,-0.8422220092997397,0.8895460444343561,0.7988711984876822,0.8575372517354012,0.8207996125823994,0.7691158967602315,0.02882976776130021,0.14900074982692937,0.9722030982605331,0.9143095390673094,0.9259807837385529,0.6892952536093665,-0.8768999794004054,0.8772110128173726,-0.8295256080773623,0.6997210539017115,-0.8676333127622519,-0.912302202843838,0.8368595727181188,-0.8060205109589351,-0.7523028448701015,-0.7863117345144534,-0.8272975431690159,-0.4705552749629549,0.8402969563835814,0.9580794495560799,-0.8513820592240003,0.8946285775204299,-0.9928455428442009,0.9074670342346104,0.04650583331312554,0.9644345560680183,0.7733842657019883,0.9352634198866577,-0.1595522642108208,-0.9276735921275542,-0.749528490776424,-0.7278512345368474,-0.8600964784036875,-0.9462035021343684,-0.8792059960170292,-0.08429434979025184,0.8312874647915534,0.906275998064294,0.9615536026293788,0.5851878299523758,-0.6659145406274312,0.8634916814173429,-0.024962849230758408,-0.9352464047729236,-0.9273522052648075,-0.4162973658343658,0.8687389071603097,-0.9096930109336895,-0.9600607306367274,-0.8177548818179797,-0.9560303387631672,0.7364438325573193,-0.8958366558695837,-0.7819856315934312,-0.7333063745379955,0.7783185455266204,0.8502644624523638,0.13806449221183542,-0.9094312452105253,-0.9249455746641934,-0.19122968595306605,0.8210322041799905,-0.8889990906418043,0.9065295948649859,0.926391018223382,-0.5008083935525127,0.8074903313799017,-0.8713511014045373,0.5494705466120077,0.6476133408912433,-0.13721126901189715,0.583094951003195,-0.9845561652050739,0.10011496210507664,-0.9561552864392378,-0.809186833980664,0.9280644898295488,-0.9096658113079282,0.05597210551876467,0.769096551502212,-0.8193974229831446,-0.7963681955274978,-0.8933001104770774,0.9129940061107742,-0.9606995961781825,-0.6336202888071427,-0.769940349154833,0.9276906945405242,0.8753414999895872,-0.9599108097927682,0.9328807206099993,0.9011153723946257,-0.6655467908156264,0.5846566989609085,-0.7513172696777597,0.935026902565405,0.7421625580208976
0.4062795719387673,-0.4045542047308434,-0.6151731190326597,-0.39383419999071695,0.9314091011766394,-0.3952080451924539,-0.5011511162211812,-0.7912801743115839,-0.4982336361662909,-0.15586786388333107,-0.7879572941476697,1.0000000009075687,-0.1915693573050887,0.40936150964258133,0.5455235821717304,0.1593921927105865,-0.5223870059879598,0.6881690414938921,-0.19833336995420844,0.7827016889548012,0.7449407219259027,0.8142249726058743,0.7664756184747125,0.36494140578057416,-0.569937746464782,-0.29342532273761046,-0.4144729757105507,-0.4943725551189329,-0.2525265153564529,0.4429103616308965,-0.27476815235623964,-0.7241572146116719,-0.7482545858386934,-0.5528500661032234,-0.1835870485985927,0.6957390234817205,-0.9768265473176971,0.547851534747418,-0.6217645294191372,0.8017786064218293,0.5929074474442357,-0.8124095000485069,0.520931489315282,0.3639888842586496,0.47208106095365726,0.6869743415811277,0.36654192391627255,-0.3791367871203699,-0.6182561307610026,0.6691887039445342,-0.5314349659387614,0.7934456668273041,-0.5695778344718556,-0.3868769550006616,-0.7286978645426861,-0.8507687292858616,-0.6664395142774193,-0.4500542882812743,0.7044944500231438,0.862851095429255,0.1882416954498578,0.43645346503080706,0.6668744465854983,0.4549367034632652,0.2603648021667898,-0.4658801363297311,-0.5978104707166204,-0.643506447558171,-0.8537054120850216,0.9593908253464539,-0.5594303769437141,0.1338597068065681,0.6981734195628774,0.8288911883087142,0.8344112423752615,-0.5639891717955284,0.9476558611605095,0.6829319341037148,0.5274117936567251,0.6338093766895776,-0.23325514773297779,0.8339785471930562,0.33241309252412743,0.21227570208067045,-0.8678178626147863,-0.4198512486993016,-0.545918106279018,0.5149455463637596,0.5303835374777011,-0.1736545593608787,-0.9894332536434299,0.7946911541119582,-0.850642889429016,-0.5431147999255913,0.014685433997619377,-0.40808062239416193,0.4253149817935088,-0.41358249810159703,-0.8482599527231011,-0.21652153841679325,-0.9185600457916931,0.7356969804799737,0.48115631623174976,0.6600300021495087,0.6050509185374521,-0.6145646510849933,0.5700193961081149,0.006570155659586488,-0.7192968516606695,0.3116607822045875,0.3103009008627341,0.5558693227929945,-0.760990959165108,0.9045783088887025,0.7672694872792156,0.4757909398038056,-0.874956750629251,-0.8314039189288894,0.8060946495725003,-0.5957830159367213,-0.4542921135626543,0.10697300259681315,0.015639913521325342,0.2518888765981285,-0.5717938494077012,-0.44649266339969895
-0.9499035379845102,0.8801384774200347,0.8839372434723745,0.8578692680687049,-0.512335848716156,0.9771651957023009,0.9276507629339905,0.7471233598674805,0.9460735704065795,0.8947920821782288,0.7026520373598936,-0.1915693573050887,0.9999999984019199,-0.9496329887910494,-0.9031444039271702,0.8633440964050983,-0.466599408453153,-0.8082585846592705,-0.19703981378290522,-0.7160502806021042,-0.7107730310957607,-0.6863402681093058,-0.6912933940151915,-0.8297283433080812,0.7129789659818081,0.8431231765901616,0.9315477264885684,0.9282776228951022,0.7750110770631753,0.34922144293835017,-0.2903829444898053,0.8000807026038594,0.7734873053850254,0.7979442030812145,0.6647294944050774,-0.7959033408053866,0.37325682779200436,-0.8732025165812852,0.7027303681711294,-0.680078939196521,-0.9032238098624676,0.6209085425874901,-0.8978082751978017,-0.964966874012832,-0.9211234036490616,-0.7667432175581108,-0.6870319031175406,0.9541935509046859,0.8630996367684806,-0.809768101609626,0.931125258674041,-0.639996805968709,0.9130402384730496,-0.03365170666675624,0.8057977433280513,0.4906098529800444,0.7837323996570073,-0.7090463395405031,-0.8248540143436518,-0.07614982175482485,-0.9753352464739166,-0.9484105933996806,-0.8564917915463026,-0.8178169396566258,-0.16470301211479185,0.8648618707966794,0.8993352864472667,0.8594639587326546,0.10806769492798392,-0.04196239337705025,0.8982594846145079,0.4542273134570195,-0.8218599479384684,-0.6899976912016422,0.03980470743081395,0.6443744144307186,-0.48822304133914973,-0.8461346634167203,-0.8859145794641385,-0.7808535616774336,0.9776310640938006,-0.6004596187389489,-0.6831380766481021,-0.9673257340415192,0.43895669773313006,0.9700034299698198,-0.5909246217438967,-0.9339003096249383,-0.8785024635561243,-0.1688229491730678,0.23124365132873534,-0.7075429543700164,0.6505509666244449,0.8768832718984858,-0.5741087922688095,0.967284216761371,-0.9187406831114635,0.4446025211946747,0.3416843791800342,-0.6719389986173515,0.03704726442728086,-0.7725766954780197,0.6824409985973561,-0.8591238778996739,-0.769760853213364,0.8896098584302079,-0.8054676299327016,0.2699728729898558,0.6367750833345116,-0.932072304126274,-0.9778765251720243,-0.8920423611172474,0.7416820780136293,-0.5900175743696052,-0.027820764007810354,-0.9063212076445083,0.6225476075250995,0.6495897049388404,-0.7345092140810809,0.9003502925921038,0.9222966097915689,-0.7923052501362582,0.9567140790822788,-0.989877466342977,0.751103231902418,0.8940158007598026
0.9488452235187691,-0.9206201950047521,-0.9636793710640705,-0.8283964419680236,0.6767514506833109,-0.9739456340331163,-0.9339866333601825,-0.8509960744772695,-0.9700751714534583,-0.8301104547754296,-0.8385796808943343,0.40936150964258133,-0.9496329887910494,1.0000000014827795,0.9243678464975013,-0.6734259819965585,0.23367989713381385,0.87156065149571,0.1523857210900538,0.8397558239224315,0.886874695081053,0.7744800372354367,0.8502212265634848,0.8282192341007398,-0.7263562629306212,-0.8168211471325749,-0.9094623014974975,-0.9485046015776432,-0.7796232818949715,-0.12905278183272267,0.016281203253083527,-0.8777136810849279,-0.8833569953322192,-0.8298033763313185,-0.6672058374097911,0.8980889411568046,-0.5486498838332635,0.9562168944560732,-0.7728411062528557,0.7933801095346006,0.958785505134216,-0.773564548948381,0.9358570477105638,0.9487900063835686,0.9344788383983144,0.8578737349757969,0.6477106161383235,-0.9288504500891391,-0.9177673177953497,0.8765452032461076,-0.9558708372622047,0.7925861104884697,-0.9462038885302336,-0.10278247703584181,-0.8863778615862927,-0.6669892989170719,-0.8154307791866244,0.6095462905867949,0.8983899619895884,0.27948317578514653,0.9085953326054115,0.9340987906112936,0.9206531461472646,0.8206280902397834,0.2810255758192434,-0.8196763645543662,-0.9511001681045205,-0.9538033164728175,-0.37768088692829,0.3099622871306477,-0.906143848075813,-0.25063274347048015,0.8776484755721691,0.8267747497519669,0.10929137880901828,-0.6662286394902969,0.6534708489665372,0.9281665680733495,0.9561890509311844,0.9210158184521912,-0.9059235354937543,0.7993913314125332,0.692613675454225,0.8927275771392883,-0.5191536173493662,-0.9739478765901671,0.3478324369442183,0.9773322995224375,0.9012880173084867,0.07671533527073743,-0.42354757529091974,0.814328071963403,-0.7812017196589909,-0.8986503940658582,0.46756133104818187,-0.9779165263352034,0.9064552591431168,-0.6691773942282438,-0.4914419628398017,0.6319802633366953,-0.2893119740884759,0.8594716791302723,-0.5839778541777245,0.9267151709768326,0.7472581498895927,-0.9623963178150647,0.8130534245673638,-0.3939170151453919,-0.7905850519766121,0.9045906820493376,0.9382425012897159,0.8948330941778395,-0.8030071098127666,0.7476973414059922,0.13340073374597905,0.9034766342088943,-0.7419591240459009,-0.7608815750471272,0.8529939863258045,-0.9535393317842499,-0.9480851270708649,0.7291929441834065,-0.8923732697558439,0.9354273867521864,-0.8119854853212034,-0.8551850457239907
0.9109264373492635,-0.8053326481445198,-0.9729072987558682,-0.810704864582319,0.8098570144562173,-0.9648414856210253,-0.9502948318785015,-0.9218735883063771,-0.9820206321286928,-0.7333811836477896,-0.837796794541058,0.5455235821717304,-0.9031444039271702,0.9243678464975013,1.0000000005764278,-0.7202736160541502,0.1209376003660311,0.9116702174719514,-0.08746260121696611,0.8526644098546218,0.8578634258078832,0.921070877658536,0.8914458665938816,0.7434813111604127,-0.7529204437569617,-0.7300779688625495,-0.907391203391929,-0.9959841509507963,-0.6240689060187048,-0.0402170088265167,0.2644507605215801,-0.9300288740737487,-0.9556092392639657,-0.8111637154821667,-0.4833072123131061,0.9632048877777455,-0.6903909743551214,0.9592131918226494,-0.9157348167323939,0.9239605700200306,0.9829321079531849,-0.87583957025655,0.9904801767208129,0.9771864422948157,0.9930286252059268,0.9576362290713423,0.8483876064618266,-0.9156245279200697,-0.92396231611588,0.9812039359158519,-0.9791218775391516,0.7678758872572887,-0.9812866865784715,-0.25689056343415384,-0.9463505420485917,-0.7930573621043117,-0.8924083253105538,0.3562399278227995,0.9755008830486129,0.3073698159467683,0.8546185334908167,0.9450992537547933,0.9677659811514581,0.7845517690160452,0.3594504209903037,-0.8969342864343185,-0.9878554355648657,-0.9325598581185631,-0.4448884834848135,0.40322566611632954,-0.9907988410123769,-0.49201885638168125,0.9639388320224387,0.9130945689636372,0.3924338047376621,-0.6766546875157514,0.7828035683808374,0.9563090054911249,0.9669578736547106,0.8219934487329706,-0.89393368460664,0.8185691557414513,0.5750457031017899,0.8646644415363338,-0.7608602503674424,-0.9597712023117159,0.3677318400309689,0.9527292847032517,0.8917884059044762,-0.0751946558436608,-0.5653406839507598,0.9368075331094843,-0.9012466399495723,-0.900764282209511,0.3743158774331841,-0.9753941197241784,0.8897109259879762,-0.48459504910245327,-0.7048698381575732,0.5319780363758804,-0.4228279326389361,0.8961199632457757,-0.3378604668237484,0.9567057758981384,0.9209714027186983,-0.9714111060593054,0.8530421092774542,-0.26010631578116966,-0.8581084528507752,0.8414959414586602,0.9156891723832103,0.9591153452249179,-0.9389277751073883,0.8321057373306512,0.2631894996268537,0.9934414245220932,-0.8762072525798829,-0.9087905333611318,0.9264557381829931,-0.9675263587820527,-0.8917330477853627,0.5991530990031478,-0.7465065942853577,0.9120062761824288,-0.7588878637079481,-0.9785147225491361
-0.7141998275193245,0.5617839133947847,0.595302087967808,0.6480730907354038,-0.19536740762213894,0.7788127113811661,0.7025350623007683,0.4347293742267313,0.7187011349240422,0.7195581767523166,0.31459910438820327,0.1593921927105865,0.8633440964050983,-0.6734259819965585,-0.7202736160541502,0.9999999993400558,-0.6075283277262857,-0.5141963441948488,-0.037961208610316564,-0.3452753232340351,-0.31576440323509214,-0.44319911389344363,-0.36081007791387143,-0.5624299680978713,0.4611496632570943,0.6093419615943887,0.7295706352360464,0.741190369532994,0.48750500921870527,0.47445677177602735,-0.6937787692891817,0.501411177212786,0.4852120445310168,0.507569763900148,0.37993956796632705,-0.5266902522820601,0.04098642021731027,-0.6121814687672884,0.5534219201517045,-0.4268300594614345,-0.6414774415625776,0.3322119968707744,-0.705251890733204,-0.8227191533094546,-0.7571041129714531,-0.5388870535245072,-0.7263211505371129,0.7583074929405593,0.5682301333665176,-0.5959156281563304,0.6989196656600086,-0.22288751265031453,0.6743290433942198,-0.05821454806838728,0.5133559682152073,0.2073991431800444,0.5392723150173143,-0.6688773555783258,-0.5634316942980034,0.32491648502722503,-0.8311834002766869,-0.7500060307981786,-0.581662652466586,-0.5575506142453516,-0.12428823663876541,0.7211321131247781,0.6486065302115556,0.5234123451608231,-0.24222458018440332,0.3349660293227921,0.7174772550465417,0.7834796964374272,-0.5728795836954975,-0.37578997151132226,0.152107883940953,0.37739368998068706,-0.15853333943061224,-0.5430343821447186,-0.643453112887401,-0.36583619867583844,0.8560415906686332,-0.2118553572331485,-0.3950968795133676,-0.8386797432580537,0.2682462795454864,0.7537270746924799,-0.8897400220056364,-0.6588081775441191,-0.6103234284968547,-0.09054934110186164,-0.10869846836832643,-0.44920105143232564,0.3611587671872637,0.6147847365669529,-0.4685666960999683,0.7699693876965457,-0.6954656825613933,0.04777765784877791,0.15172990270332593,-0.6814272845127841,-0.27587867469820315,-0.4509402035934945,0.6656760470905038,-0.5693181075333122,-0.659608356305574,0.6008394431855919,-0.5692814151654865,0.1365591489288489,0.35808516469355023,-0.7159394593764756,-0.8067469420017577,-0.6905781090631555,0.5137740979612729,-0.23450981685578032,0.2181524737109106,-0.7737443797581541,0.3353328979770766,0.39956387154126094,-0.4177976910988226,0.6259225320315622,0.6427073464411892,-0.6043945314146004,0.816503030584659,-0.8472071814887764,0.41406349013961913,0.8110801466845788
