1.0000000012304138,-0.3172600868297957,-0.5656942209544888,0.3597625963892546,-0.8854147320493208,-0.952260039473189,-0.8513419719387637,-0.9324004100688744,-0.6536640982916243,-0.9034654241678011,-0.8142902825268602,0.9740097606724988,0.9091816516678771,-0.9756648749613875,0.8756437448996279,0.8962047719498435,0.863014305848118,0.7769232495897395,0.6955657750619609,-0.9655220423465702,0.8960510532058065,0.5715286943794289,-0.876357862800369,0.7799611056951194,0.9656090115237465,0.29991966721779456,0.41720900199138033,-0.8787379293577869,-0.38867820646965906,0.7187128147735152,-0.622301144514712,-0.7993876678382453,0.8331672065033935,-0.8543579158265164,0.6870950384657262,-0.3762962015250172,0.9440725739060337,-0.7482672778455247,-0.8825705023468494,0.5678825974403803,0.9038791166201997,-0.9465708834676904,0.43574991515060874,0.6083537186789475,0.8792834417853782,0.8904040367216843,0.9457357332550343,-0.8225092130860582,-0.9935603183866717,-0.9516121059253868,-0.8131472431548499,0.9928457010720306,-0.9835597368572262,-0.7816940246067103,-0.9513879915315578,-0.520353068881924,0.8878438421217765,-0.38819727061625553,-0.2989175620438734,0.6565835853645806,0.6149066502419511,-0.8061510121987873,0.8417961981521491,-0.8009256954494688,0.010948429422193335,0.9882855982894585,-0.696223437801796,0.8341112590686753,-0.9373104585216057,-0.9467448068582643,-0.9763297230951329,-0.979391767841259,0.49380575404957106,-0.46581637594930475,-0.8761915330126073,0.8271912358043914,0.4223406153258932,0.09941452036144147,0.5152651913332469,-0.748711866807845,-0.5359813636715665,0.9539261166044808,-0.9404200317462423,0.7049918496509373,-0.9797304136797407,0.7352208069921724,0.8634432254298661,-0.9583802584466515,0.9845462175597836,-0.8558583791043979,0.9283866828335333,0.9392065018421428,-0.6268369306479148,-0.048515784674726455,0.8298595479501009,-0.8696910250073089,0.8323572692251926,-0.1963954342689394,-0.4242431243698649,-0.9589422871395576,-0.06313122127716224,0.9123452377685085,0.9529624144703558,0.8109644559581898,0.985614937657288,-0.7307819052581198,0.7570772912684759,0.8940330286539817,0.8954090575458756,-0.9490695308227098,0.5797819107007967,-0.9800928090221466,-0.7430816348583729,-0.03544685873758033,-0.18600010901401035,0.9637639860046074,-0.31415270752046803,0.9327969231117923,0.51429475133951,0.9631085470455965,0.734812827564488,-0.7368170400099332,-0.942602875731181,0.3940965269032043,-0.29437483214827515,-0.9719850528776061
-0.3172600868297957,1.000000000835297,0.8109553672093692,-0.5250772550242511,0.3557878054771678,0.5609604813460587,-0.02945599253392348,0.08314331639971273,-0.47335934226079374,0.025976416820878267,0.6369657386908623,-0.21723527382507507,-0.373530618596816,0.438977407896686,-0.48670023244027766,-0.6006224474231933,-0.6416053631235126,-0.6491353371727382,-0.8494366554971673,0.19320329957631377,-0.609014348495435,-0.9122782186875541,0.7260218417056657,-0.47889617924605526,-0.5352109261012702,-0.9525183582672528,0.319227332929106,0.6995724299060102,0.9858858065481101,-0.15152616579145192,0.8150642777917777,0.7730171037504512,0.10102097964616281,0.4065019237158898,0.3224982584424172,0.28438382196261425,-0.032445388660739566,0.8335843648746869,0.45400028355358185,0.5808768972054964,-0.1472826173392319,0.5183170920315735,-0.22193181036111545,-0.14400104779115433,-0.7303960488881176,-0.6506503307487277,-0.3863390444814956,0.527163426398004,0.33109952362699996,0.1911766133228932,-0.04589561345000631,-0.28398084209490043,0.2680715649676845,0.28913015593886343,0.5221842269525137,-0.3135642519355324,0.1214266212391625,-0.015717798242665545,0.5769106292927129,-0.8635131854822006,0.13834821359874405,0.5180302493345987,0.23707983799572163,0.6451456524928776,0.7321495950510043,-0.19769953312671731,-0.4121285818313703,-0.5983014313091203,0.20120974296407598,0.06720530174909528,0.3028418953077141,0.16053258788517813,-0.9294503010411447,-0.6428231177091123,0.0052720808552769475,-0.6824061562257092,0.020323199148563596,-0.3647364072271808,-0.6066560055574911,0.3626144940230253,0.7250971469625686,-0.5096047823631535,-0.009479738553459889,-0.7071576606471355,0.45651047025469055,0.21024023736962086,-0.7253273908098423,0.4962217125134626,-0.3367743590867872,0.29155033816135356,-0.6001414100354886,-0.5782859931432764,-0.2550202652999012,0.9433328980418247,0.1421957855830001,0.13951839527603202,0.12671295934393126,0.8128244919176448,-0.5666674023021702,0.5486879512965059,-0.023715310090473077,-0.39615680103168904,-0.5429443697957281,0.06872007241165744,-0.30808881629206586,0.1790445776116041,0.0581190192506061,-0.4802338612975878,-0.6341134462560677,0.3817822554828416,-0.3259473141157604,0.22734276898292502,0.8568872139971977,-0.13950769993518075,0.5896052501747467,-0.5259189960153557,0.3789839425578986,-0.5811145618057597,0.5707553967532,-0.47610481070642213,-0.3336577927835011,-0.3958444197161053,0.5975268718485203,-0.052201101411905426,0.8025383319302897,0.4573780958450157
-0.5656942209544888,0.8109553672093692,0.9999999988137653,-0.513672152305033,0.3435352329334695,0.7633352430007906,0.17120153027035245,0.5043383975466199,-0.02660494783675192,0.17235040643382493,0.9227769208432798,-0.567014964153178,-0.7541290532236786,0.5617855096259632,-0.8353135053919402,-0.779750454456097,-0.8708582046502521,-0.9425655429291854,-0.9468349344367363,0.5418568074959799,-0.8629318418147843,-0.9704936513917664,0.766031776368075,-0.882946388371108,-0.6937994366645286,-0.6853256822264225,0.3073473304988642,0.8564047541665221,0.8574501930061305,-0.5911468270094408,0.9765262513529203,0.8695896128195988,-0.3584580405715694,0.3498377016525253,-0.14118770807487016,-0.050411345617182045,-0.38019185680066947,0.9080705752836509,0.6365284413637827,0.23917953820941457,-0.5678637775992168,0.6940914603468232,-0.48613002329577193,0.05338420084589021,-0.8099981073979828,-0.8451287044301751,-0.6569646932193768,0.8736884303880466,0.5754323906021899,0.5410190786331438,0.3340772605084477,-0.5817820472083058,0.514136730400611,0.654165923749656,0.6169117970995338,0.2905413970334401,-0.25879039813272803,-0.3156538100777534,0.24242931712704086,-0.8739874656230344,-0.4368016318611449,0.38711347632433735,-0.12976934024753167,0.5166009382741272,0.20598150973522777,-0.49346190338658535,0.044990915338472964,-0.5839786940041675,0.621496217896251,0.47250594353743275,0.6453388764104339,0.3880863553781037,-0.9632440124443151,-0.27756079514482246,0.48413407361381655,-0.6108010319277165,-0.48996861358028515,-0.6670855183893458,-0.2656753222851975,0.8129648863241958,0.9886396017629592,-0.6004103144767838,0.34253648765078687,-0.5161837145630747,0.7160202863690301,-0.0777111332080977,-0.8357391517563884,0.5811541574061739,-0.5981264347229216,0.5909612490300526,-0.6568212440299777,-0.8096987408088522,0.09683977835054569,0.7594660591878691,-0.01059774721957893,0.16729672955010336,-0.02076702549455626,0.9029296209578188,-0.5014600042999472,0.6655911991130621,0.4814941454357457,-0.626324555014018,-0.6322457833960289,-0.03436989466759182,-0.5309978222829994,0.6751717479069934,0.056952412348165775,-0.45393180806923167,-0.6429230019095082,0.6696751821693941,-0.14189094186024093,0.445007401627851,0.9046907987496583,-0.49798529455260016,0.6211160735097702,-0.6360828753297946,0.6811408548398543,-0.638469329011212,0.32784388139195236,-0.7237314135874682,-0.21075846462577047,-0.06920932276001557,0.7725830951483876,-0.615241122845778,0.7927089478321697,0.7228040954768017
0.3597625963892546,-0.5250772550242511,-0.513672152305033,1.0000000015116925,-0.4589480901984763,-0.5496183623099987,-0.46055474539137486,-0.3436188581070643,-0.06958054330393608,-0.13019949807914513,-0.5821166494229791,0.40997919998804516,0.521120175974821,-0.3998365730254226,0.5628429893561261,0.696911401665554,0.6480309174335626,0.4077764592767417,0.42098467445651483,-0.1605079884095558,0.5670927909728493,0.5205509165929614,-0.5262157956907565,0.37019064392329765,0.5263846771755953,0.2923678234536042,0.4296146948242674,-0.421536869091231,-0.430879760134628,0.6458316838659376,-0.6759804480130137,-0.7108375040024595,0.36437886528282404,-0.2082641469155483,0.30913619270631754,0.2051107898369554,0.34961311262988637,-0.42116039611336653,-0.7532759044787386,-0.29023315993598214,0.4784222252421231,-0.6262594818511159,0.8838769272466891,-0.05083393839148693,0.5275095847268373,0.63153565002313,0.6203537865071449,-0.5942167396107564,-0.45685355004694156,-0.4898158611170077,-0.5340294283206253,0.2866312291327231,-0.4754304386874213,-0.7254814002625525,-0.5389928070401517,-0.07061028818798946,0.009858037262102971,0.07310881361094082,0.18740562957378287,0.30854408350435564,0.29446008521211764,-0.4310453395443292,0.14819010125157872,-0.44085639466070237,-0.2513572294903279,0.23443667979722688,-0.11524078650286597,0.7213881049420174,-0.2775737921362226,-0.25639359213468826,-0.42214181266109224,-0.2654110613715843,0.4718042871445825,-0.05073494634759781,-0.3000239537985211,0.5978513130609306,-0.2963541390437227,0.6450156914380873,0.2068991549096824,-0.5132162100650856,-0.4541754964008662,0.5208248776812071,-0.1312456915993974,0.6056815230788212,-0.3918247656042236,0.45785218330281596,0.6429476625716534,-0.4508620019954646,0.5044841504580428,-0.7214927734656906,0.4117430987275076,0.44557287692930797,-0.5197478893215149,-0.4673422048789806,0.10555647307744793,-0.21436044978847618,0.040360683629890245,-0.27567438437289987,0.263377672606822,-0.40109132033318196,0.09958456676598261,0.06222138380010688,0.4924218745770067,0.32935339484666565,0.4826928619561617,-0.5055226125077849,0.06243355238153793,0.4534184421677952,0.3941531421745586,-0.5996197328993499,-0.19530916070762266,-0.42787078960949576,-0.6262949296092181,-0.3231345001460659,-0.9429216257367791,0.43659967947469214,0.26301362628557734,0.5167976890307601,0.08955937211638326,0.29867198997334815,-0.009700425003885252,0.0998738480360205,-0.42822318071104654,0.07983404282490288,-0.0036201518869606007,-0.38266062989940597
-0.8854147320493208,0.3557878054771678,0.3435352329334695,-0.4589480901984763,0.9999999994483997,0.8426648504555874,0.8723660362248202,0.7133409427844011,0.4743005874970526,0.905350182744175,0.5969305965928967,-0.8015535132564507,-0.6777403402871123,0.9468893555237042,-0.6462749517766382,-0.8166227187859764,-0.7146045634558078,-0.5130290764961412,-0.5458267827699612,0.7524906051567047,-0.7225302327373015,-0.4432667018164578,0.8548505790255625,-0.4543380090905282,-0.8999283270588966,-0.3779727642958022,-0.6241775534296937,0.7400721793343937,0.3687416569816795,-0.4914929264325922,0.4616858340334534,0.7383633493741396,-0.6198402133060975,0.9446822375224702,-0.5008929951546707,0.6149249889942606,-0.8078495315555575,0.6313278634498211,0.848713731538714,-0.43600758373137555,-0.6888197517520892,0.8859626364828305,-0.35591422972451403,-0.8184115064502181,-0.8207341038759534,-0.7708554651283528,-0.8337011744854371,0.5835354401644164,0.8962255649588612,0.7972045283593743,0.6859086355154737,-0.8286800998272088,0.9035700017990406,0.608393076416321,0.9477580460220596,0.13963424284058312,-0.693689124946431,0.7008392348583203,0.4503291955787967,-0.5572797798139538,-0.26559955196504115,0.9684534912919538,-0.7108167566701729,0.9280028866519344,0.31074033979795357,-0.8389271761654097,0.5058527094005412,-0.9272884332701065,0.6766896028086935,0.7322287671206671,0.7890506337517803,0.9060415759936126,-0.3632534880459352,0.37930902108014664,0.6106019533216474,-0.9247053754483834,0.032562055717903805,0.14219024307155056,-0.765646316767055,0.4346337389268589,0.2549640465648068,-0.9537761358940413,0.7710153488159344,-0.8887893191426081,0.8207719568957288,-0.7097355960542945,-0.7987534249677167,0.9541795144939896,-0.8777667684776305,0.7496392405561706,-0.9116688270304987,-0.778189282650299,0.5538546629286927,0.05464441896965059,-0.8573657529594204,0.9596946216918352,-0.8490707220182858,-0.028582013169706686,0.5260418334601952,0.903339373677928,-0.3962012205088543,-0.7260759494139534,-0.9397374343802487,-0.9012080407379548,-0.9178502302837924,0.4208448974422304,-0.8824343129248305,-0.987644574734115,-0.9057394124321484,0.8190774781294768,-0.699213179035011,0.9272133973688319,0.6807967161773759,0.46116166624160687,0.19612312014603145,-0.9274690558030536,-0.06939939314128275,-0.940390731273771,-0.5320866108445027,-0.7904259222640393,-0.8495226269551517,0.6250904362735378,0.8222846126034137,0.06385044299885456,0.1263856967003305,0.8067453455419288
-0.952260039473189,0.5609604813460587,0.7633352430007906,-0.5496183623099987,0.8426648504555874,1.000000001548528,0.7432679490429556,0.8614226229471197,0.45783745637634143,0.7496585416290575,0.9326453934354995,-0.9281575508847013,-0.9400945954818808,0.9520588036629807,-0.9460298234690723,-0.9819426853114883,-0.9709013508653321,-0.8871555941023062,-0.8479979691756813,0.882616940904989,-0.9806046986488368,-0.7758516086401198,0.9570874955809471,-0.8546778888359374,-0.9927073185933347,-0.49285760135973516,-0.2879607215217809,0.9585420538939146,0.6115004939870037,-0.7547807473726184,0.8243874952760699,0.9434606363661229,-0.741346251051831,0.7935988617244357,-0.5596530012172314,0.29115455577516747,-0.8445791818313321,0.8813791927230351,0.9381925823262199,-0.29904395687706153,-0.873729821599201,0.9886500449376414,-0.5554313145700241,-0.47363962300530305,-0.9668837652939934,-0.986174836632601,-0.9661194109860493,0.9202181187215678,0.9627667822441396,0.912762204551325,0.7493531182951895,-0.937013025242419,0.9396639741861302,0.8403646579805484,0.9689997424263769,0.42724551436144564,-0.7205571600160412,0.23707204432865786,0.31472072455486405,-0.7941536241485588,-0.5721263805134763,0.8029016829676427,-0.6675302222840704,0.8363682175473741,0.13856080864954134,-0.9022119318022913,0.5164055094391198,-0.903956071377819,0.8909877207087231,0.8545594095526785,0.9536195748125448,0.8768991404798208,-0.7095547401201394,0.2492235913637743,0.8001476876825877,-0.8961886724523465,-0.37249526412848977,-0.3103703214311074,-0.5394308729535986,0.8231273471484026,0.7214489739081476,-0.9641084722692658,0.8034902848553764,-0.7885365438829054,0.9815905777172944,-0.6159984046716408,-0.9737777660575232,0.9534982226425436,-0.9660857746187033,0.8865384548261916,-0.9507616942489099,-0.987034465757674,0.5385843991018299,0.33226552857722064,-0.6432816621412465,0.7461373148263754,-0.6407843327285437,0.430747042674333,0.14899485971220094,0.9686028905235072,0.11677528122315341,-0.8656289809034214,-0.9688867177085579,-0.6677754712079379,-0.949925927956409,0.7640779642440544,-0.5800724693646876,-0.881172817826861,-0.9248071559118674,0.9676077676912886,-0.4877158020287505,0.9144410070252253,0.9047020947327072,-0.03255876876143383,0.43329539690015667,-0.9691281850521162,0.3688003494158032,-0.9619159263120478,-0.29093298289767233,-0.9606964769343554,-0.6423047776872745,0.5030113014539215,0.9813459673690273,-0.42563609213219883,0.4540977484795331,0.9774226236509067
-0.8513419719387637,-0.02945599253392348,0.17120153027035245,-0.46055474539137486,0.8723660362248202,0.7432679490429556,1.0000000023588735,0.8523908210907064,0.8105359734238217,0.8943687132276933,0.5268453859397073,-0.86625335648547,-0.7308437370475597,0.8194274037989463,-0.653233703642081,-0.7352717657861623,-0.6280016650308765,-0.39937680035109235,-0.2792507146997176,0.7654989203463951,-0.6377227154251651,-0.17148416444136247,0.619604693533508,-0.4505792085000867,-0.7843478364451414,0.08304152357808495,-0.8267190661773168,0.5391986063672206,-0.017403146750847993,-0.714168911419861,0.3100038268156811,0.5642842639583908,-0.866808290140585,0.7171833313991982,-0.8400796086875252,0.25541015404787515,-0.9349303277330867,0.3532810184237122,0.8425597515236526,-0.6842279041413822,-0.8402985320081348,0.8122161770970359,-0.5633945562287255,-0.5920512780294623,-0.6027007712575669,-0.6594938553895331,-0.8537442989176345,0.5859161052653721,0.8798935978156164,0.8969787017613204,0.92040224520712,-0.8107450570363364,0.9197558558736204,0.7546016313341082,0.8133527367382061,0.4931164556965692,-0.8164707212194308,0.5131571003471755,-0.011309841367465998,-0.2189612473815841,-0.5850425275553525,0.7253686859735782,-0.9140406587950818,0.6376086798302154,-0.14769809930705188,-0.8422165546791832,0.8269617471372769,-0.7729131213662476,0.7480342275811106,0.8465608511682619,0.8207689561232632,0.9036938922350635,-0.07121219728242369,0.760702334367213,0.801577797886271,-0.6826319352494528,-0.07682126273486962,-0.002276588647861996,-0.3659178387758192,0.5388769610418662,0.13772906386498515,-0.818746501254264,0.8610628363687106,-0.6006380430488406,0.7460177449366278,-0.9624665150238009,-0.6252089296661574,0.8049643024078798,-0.8801505376221939,0.8579034871588177,-0.6989505913254617,-0.6585084466803546,0.8786194231495582,-0.29651947932742123,-0.9184009265718519,0.8750341368957688,-0.8839211881386725,-0.2661564186535944,0.6664857039977754,0.7325634062442449,-0.19895799478576245,-0.5868880070215166,-0.7835961193711671,-0.97276103054699,-0.9082713826217395,0.6198287809832717,-0.8377345233641844,-0.801718088027671,-0.6562955430582084,0.8432991304664087,-0.369543420265101,0.9362249760844331,0.4354834651373253,0.4388073366158687,0.19444740365728333,-0.7717035603858678,-0.18980281849483288,-0.7624364554931806,-0.8358642198725263,-0.6801256770503877,-0.5781234141195827,0.8237121619251788,0.6702552186148676,-0.14234791638724603,-0.23441648832651688,0.7283461896586577
-0.9324004100688744,0.08314331639971273,0.5043383975466199,-0.3436188581070643,0.7133409427844011,0.8614226229471197,0.8523908210907064,1.0000000014682453,0.8326762335087748,0.8126018529255907,0.7881638161071614,-0.9861271772648433,-0.9427266231209246,0.8358452419381452,-0.8888445005400775,-0.8190246824515074,-0.806318447158876,-0.7367320061766518,-0.5421584841146165,0.9474076960552079,-0.8387031798335098,-0.4275876906117192,0.6891563045105363,-0.8156706019022522,-0.8497644693636923,-0.0038410087257366773,-0.44419095397969305,0.7414183796260571,0.16110582621518982,-0.8701774127574188,0.5571954508258793,0.6758847090012545,-0.9699120013347239,0.623302208808304,-0.8797845839508914,0.057806160486091406,-0.9792647429118977,0.5750507864795986,0.8390646350469507,-0.675673424516248,-0.9860600402550915,0.8597522917594232,-0.5755603092607784,-0.35605516729343073,-0.7113787102618742,-0.8062469632007886,-0.9266665703698351,0.8440030815874414,0.9365988657194998,0.98271379737555,0.9281124935244808,-0.9473111970548588,0.9410621857691741,0.8731338788696459,0.8088842179286263,0.7856594928116866,-0.9264976596000855,0.14638580495050296,-0.04412278255907817,-0.4487886749770194,-0.8513334299429423,0.5607873739456245,-0.9186250219187714,0.5409110672912939,-0.3542863485752679,-0.9478019068234537,0.8699584939221836,-0.6726642936757408,0.9777501458955359,0.9934972332495388,0.9731678757040885,0.9146918148207198,-0.34326647556303247,0.6624564707693658,0.9902944949554077,-0.6076816450045802,-0.5657815502143777,-0.27262410770344886,-0.17565403198412072,0.8511762987315703,0.5236309025272551,-0.8079941229768174,0.9545422860161422,-0.4451122026327195,0.9062861092671984,-0.8303966608872765,-0.7318834573837629,0.8005039658841636,-0.9439510293696759,0.8971299971813093,-0.7418919787939928,-0.8494286439158195,0.7924005418202958,-0.1277116716501194,-0.778016568193858,0.7192362558013142,-0.7661387727467907,0.1245436369022444,0.4190090015903541,0.8034985193365736,0.3038011896064979,-0.8001328061154517,-0.7976847884222849,-0.7567977917072574,-0.9260774654456194,0.8859828022412963,-0.6231487022989498,-0.6941271360810245,-0.6834664367081122,0.9360454351839392,-0.2943684616847088,0.9226693243021394,0.5817983519823282,-0.09380318780726399,0.21000067970661387,-0.8119789386829331,0.3174280373955269,-0.7629345175271436,-0.632306085155735,-0.8712026893362854,-0.47391995777133383,0.8022011689182649,0.8166577615081917,-0.6114830873958073,0.11531995908623094,0.9026238924686758
-0.6536640982916243,-0.47335934226079374,-0.02660494783675192,-0.06958054330393608,0.4743005874970526,0.45783745637634143,0.8105359734238217,0.8326762335087748,1.000000002736952,0.7212088766843701,0.3324730558371214,-0.7515509171301008,-0.6203249399636157,0.5097434393130024,-0.5077857449033717,-0.40914082840602056,-0.35880654540733414,-0.26189097068945666,0.008731454244945137,0.7141917170649139,-0.40102948409997774,0.1414680873913939,0.21982970055882767,-0.4226911340066504,-0.4681949446589077,0.5250488402542719,-0.6419706855679012,0.25792436402964536,-0.4103626561656939,-0.6924377963997651,0.03515357594069276,0.18305166198763653,-0.915311235515755,0.3487925881413352,-0.9639560787908381,-0.09005025213773125,-0.8564710866199264,0.03306748031441175,0.520950007346617,-0.9089338052105749,-0.7910922508908889,0.4925024054443608,-0.42051472887221897,-0.26424127711769857,-0.23303497645242602,-0.35861332669585055,-0.6211625842375018,0.44287993608572657,0.6564383649377539,0.7720637501496611,0.8667332804151707,-0.6739392429256642,0.7012118779833489,0.6257987985396791,0.44867469642894126,0.8309989486528622,-0.8729506688056542,0.18499850546914132,-0.3616332734846312,0.10163625261659075,-0.8064231566507009,0.24988829576292743,-0.9490768544408452,0.15294101002209468,-0.6778678693084808,-0.7244806633923592,0.9963362648709442,-0.3055624348655608,0.7320389061743532,0.8322648921172279,0.6903295387303183,0.7303138931700848,0.2284619010886073,0.9563744732204189,0.859958291613021,-0.1952668779506732,-0.43218911466474097,-0.030747671472681957,0.1473229656903284,0.5317152121687218,0.028133013152281082,-0.4558032497878602,0.8423824100566393,-0.05000517677987234,0.5440810638769773,-0.8902640508091384,-0.25669176241588937,0.4541894454772054,-0.6609406398617768,0.6572864568183493,-0.33485368255155396,-0.422943183089754,0.8759566851462401,-0.6432094914249389,-0.7903815606458308,0.5884453869717919,-0.7651750987340666,-0.3810144021180636,0.7053699312907664,0.414183984804612,0.20719124466408248,-0.46456189816780136,-0.42388386040690995,-0.7521717530283051,-0.6656985858952175,0.6705159811501628,-0.6137304668639038,-0.3815889922661648,-0.2649871204859809,0.6288074353289226,-0.07984060410962387,0.7109934664303308,0.04504701222488937,0.07989038646382422,-0.10512390110368153,-0.44003863951166033,-0.007463916646471569,-0.3741674653336249,-0.9063418966808552,-0.4940831991253755,-0.2487867179031023,0.9288176907194301,0.39293739704887465,-0.4525727163195388,-0.39084617562799456,0.5344256034048026
-0.9034654241678011,0.025976416820878267,0.17235040643382493,-0.13019949807914513,0.905350182744175,0.7496585416290575,0.8943687132276933,0.8126018529255907,0.7212088766843701,1.0000000013639352,0.4881793108228999,-0.8456273818423033,-0.6656383814393073,0.8980874307319817,-0.5913446765399355,-0.6644534509180399,-0.5776092346959941,-0.44769788807817495,-0.38413887116753287,0.868388641457229,-0.6235968408235781,-0.21975852744243876,0.6903892190562927,-0.45751901695552716,-0.8080733833598648,-0.09800299669271331,-0.6099830339709011,0.638730882098034,0.0900995971286229,-0.4780075031755588,0.24415740572232855,0.5210786580763215,-0.7442189063811855,0.8956834018189538,-0.663711303728146,0.5772103675260509,-0.8967279929017701,0.47181710763074813,0.7054453413037752,-0.7638504717145436,-0.7369506294252395,0.7718590246331885,-0.1895282113098624,-0.8228186457010862,-0.6658194266346393,-0.6312152300626107,-0.7679860096339315,0.5065381848820082,0.8834114124439004,0.8217330967185643,0.7316844254282793,-0.8841181112708841,0.8959505691134978,0.5369019942849644,0.8367847763790861,0.3838924056090911,-0.9045751510064746,0.6892059799632481,0.34961752267236335,-0.39715823598253525,-0.421513936440999,0.8149573691013317,-0.8951061492405917,0.749939884635128,-0.018648473815943277,-0.9225747499883071,0.7365425570422248,-0.7126004693188187,0.7736590576578553,0.8556553258831977,0.8137935981288517,0.9693796019881309,-0.13583150276777523,0.6190129891063956,0.7438460587193998,-0.7145895284008243,-0.22734857825402296,0.2938000665628333,-0.5731441655835906,0.42706070875083885,0.13055421898522981,-0.8494100270880082,0.9277175386933415,-0.6289314786952103,0.8067052011528063,-0.7735504485943737,-0.6186852217465062,0.8705761815130447,-0.8543051663805135,0.6703570965102316,-0.8100636729356354,-0.7165860673642491,0.612568110639369,-0.2783023114193984,-0.9813432374535238,0.9777410840453697,-0.9870930705549503,-0.19982380492336724,0.7577684961535505,0.832254119610283,-0.230013624110102,-0.7983991246513386,-0.8369767796714568,-0.9368897323090858,-0.8954929037666466,0.4567775650011679,-0.9570344966482351,-0.8705357300014438,-0.7872012342188704,0.7646635052280918,-0.7119309986957538,0.9322034767871856,0.4537399453369389,0.3092378809807866,-0.13602013371704985,-0.8494013339804091,0.048514405415114606,-0.8139246302478068,-0.7229966485161393,-0.7936866791065134,-0.8429299276156822,0.8834796767285685,0.7490995461252011,-0.09123516118249705,0.01627822996825097,0.7949114829965735
-0.8142902825268602,0.6369657386908623,0.9227769208432798,-0.5821166494229791,0.5969305965928967,0.9326453934354995,0.5268453859397073,0.7881638161071614,0.3324730558371214,0.4881793108228999,1.0000000006477365,-0.835722671546664,-0.9454386919684087,0.7822528591215345,-0.9810532247530482,-0.9377568687363237,-0.9847766741194158,-0.9751431316494588,-0.9058429364209933,0.7801963783810195,-0.9849172240507098,-0.880740961730033,0.8674141558006204,-0.9580773831475179,-0.8829918299757957,-0.5059657123955911,-0.03322390821703725,0.9330441400560769,0.6914705794786089,-0.8076535451482508,0.9475885060231796,0.9401877187412796,-0.6751490793444982,0.5428046815992178,-0.48429509283951633,0.008229567512084002,-0.703173192181072,0.8981553300163229,0.8565095021667437,-0.0996092495632166,-0.8345637187824376,0.8944131145866018,-0.6369088143283673,-0.1437408284894648,-0.9029100588875774,-0.9688690470591034,-0.891601510555078,0.989002842412312,0.831097231907864,0.8226506676059007,0.660762589563695,-0.8219678355387652,0.7935340046134323,0.8647382468183367,0.8199496947258628,0.5086005471164082,-0.5675054029969876,-0.12086015141101203,0.15623280111111723,-0.8141286339839756,-0.6561023310072109,0.5634248848064654,-0.4906844938711022,0.6410287360981506,0.039488934971803884,-0.7593180283217208,0.400925208534869,-0.75980025173283,0.8514314088092677,0.7584470516244138,0.8827445604438788,0.6823099957862594,-0.8345810974853919,0.09362977190423524,0.7614565720285226,-0.7418273229790725,-0.5187602594008011,-0.5934508947156315,-0.30613676616127194,0.9350804616733077,0.9127772053313552,-0.8070706036027228,0.6487589958900228,-0.6145250091527656,0.9037512719640862,-0.4457017384599293,-0.937024219737019,0.7851198020120275,-0.8517926774785984,0.8389664493897065,-0.8086427017856561,-0.9472591655504721,0.44080686129045077,0.502113269140546,-0.3621047646114072,0.45940021868586045,-0.3588270063102319,0.6721069692721355,-0.16561836046660444,0.8364429112288628,0.4085074268465055,-0.770458928334331,-0.8212568775542788,-0.38961693730829733,-0.8008968256824683,0.8545529078709226,-0.2563586798259044,-0.6621385172394051,-0.7756286735033077,0.9010145913353709,-0.23298715038927265,0.7374561413949997,0.9177006856582469,-0.31658756252433956,0.5834651140533119,-0.8241211906730327,0.5513901259756224,-0.814457890583697,-0.060088442066807156,-0.8863233411151846,-0.36995835962034024,0.28750633102197193,0.9091005855033721,-0.6476046737731849,0.5826664372671869,0.9070019649644935
0.9740097606724988,-0.21723527382507507,-0.567014964153178,0.40997919998804516,-0.8015535132564507,-0.9281575508847013,-0.86625335648547,-0.9861271772648433,-0.7515509171301008,-0.8456273818423033,-0.835722671546664,0.9999999994829432,0.9570784812830178,-0.9107522509298286,0.9164285483203106,0.889495610342886,0.8692526510718944,0.782047264646912,0.6342258274470941,-0.957512657521682,0.8950971237491792,0.5250684337191667,-0.795012476596528,0.8250757652920134,0.9237442914060715,0.14976908554425483,0.44251291439620577,-0.8231544448295741,-0.2878704790912776,0.8427799447257449,-0.6299915301701039,-0.7698748448214889,0.9275333942289713,-0.7211020155817093,0.8103345546812017,-0.1713157550263455,0.9766456010654283,-0.6750968246539155,-0.8975914954733477,0.6020225446966627,0.9749225812549845,-0.9280896496541499,0.5700110698580672,0.44642614697680993,0.8091476422079289,0.8774748338259473,0.9663095198811662,-0.8724004089882371,-0.9800224299245586,-0.9921247390663728,-0.9047441569069762,0.9769609128733233,-0.9783408429780379,-0.8760226484276852,-0.8937380522389528,-0.6792588465770052,0.9015615539433309,-0.2290532821357754,-0.08508944969974644,0.5581178795010258,0.7689712472863985,-0.6787297639795452,0.8849504719780116,-0.6679781835634623,0.19856232834549972,0.9707133091394279,-0.7956985820539898,0.7774125437747723,-0.9748401985404093,-0.9824704778888601,-0.9940129252764095,-0.947030703656016,0.44072822372017123,-0.5735289750775604,-0.95544187059004,0.7279177455575853,0.4940997623717369,0.24696428837499326,0.323406575179867,-0.8403308745043896,-0.5635034664722592,0.8921725542736654,-0.9475927176431096,0.5815707831030418,-0.9550876279230619,0.8047057050773604,0.8239257001301477,-0.8841106717127786,0.9837735407158493,-0.9170785787643033,0.8384927896793661,0.9114796146390227,-0.7450349995603331,0.013138327653684145,0.7921955673179142,-0.7823618440802584,0.7830382783802051,-0.18214478654530658,-0.3922445026739492,-0.8860302768835839,-0.20999482920258075,0.8444191847406167,0.8845286567459469,0.7835336939387272,0.9717344364977913,-0.8505930512283396,0.6695124969659985,0.7949340879691101,0.7904087186640117,-0.9719393232222947,0.3954007425235347,-0.9615634885499529,-0.6881639515937713,0.03291923372903314,-0.2619016689047824,0.8942631751416122,-0.3080378265883626,0.8580973318004443,0.5753566955953753,0.922859263449614,0.5716682702915765,-0.7561664832875383,-0.888071708850923,0.5315650074935491,-0.19949575837359868,-0.9526312259968455
0.9091816516678771,-0.373530618596816,-0.7541290532236786,0.521120175974821,-0.6777403402871123,-0.9400945954818808,-0.7308437370475597,-0.9427266231209246,-0.6203249399636157,-0.6656383814393073,-0.9454386919684087,0.9570784812830178,0.9999999991476597,-0.836812546024341,0.9903726164820967,0.9291559867618879,0.9460472243143092,0.8964383682974849,0.7511420563105153,-0.8954013963506622,0.9600512611489811,0.6840968257323427,-0.8074354602367529,0.9350723879874673,0.9048893334352076,0.24716506440750233,0.2679927645472471,-0.8682717002186958,-0.43752217806219657,0.9093518321704637,-0.800382251912357,-0.8527347521077461,0.8768384387999006,-0.5870813341820023,0.7345107034338172,0.008961235388328057,0.8848723673452932,-0.761005540671943,-0.9024528124020613,0.39504728361482094,0.967540989043187,-0.9231482596398388,0.6787806092120844,0.22819470386015941,0.8399415830629349,0.9349503565625851,0.9625331808095613,-0.9732274304246704,-0.9251970893750164,-0.954764843204913,-0.8529012075665802,0.9192563902703249,-0.9104868139750197,-0.9372057654130784,-0.848802091259481,-0.6952344699466089,0.7729211195491965,0.015744414128280888,-0.015362823308679446,0.6438342322644404,0.8134943976539659,-0.5741221752515212,0.7385979543140384,-0.6031186952101012,0.18253044153723252,0.8852851517189333,-0.6754260576373768,0.7537327704371959,-0.9574752869828475,-0.9179187020441875,-0.9747644056139471,-0.8275729747829897,0.6148903620202955,-0.4088454677313244,-0.9267100116592174,0.7010146118139349,0.5590644408496194,0.49519771445332683,0.22301447610026276,-0.9546233091324299,-0.7609230679536584,0.8409747162030097,-0.8320890749599998,0.5486624059286916,-0.9431744505736834,0.6876387389773013,0.875720074767707,-0.8221362303273311,0.9435981840375077,-0.9313958586553285,0.7986307192125882,0.9366436317038038,-0.6745751730472257,-0.19630753952791957,0.5851739381036061,-0.6002806562351263,0.5727768930932756,-0.4181448940611207,-0.11466517800994988,-0.84754966244951,-0.38591573553917424,0.8018464842236839,0.8409535092404051,0.5995304583904596,0.9047518484087969,-0.9358396265065861,0.44004311400665863,0.6989354129702383,0.7478001401667822,-0.9720996931132063,0.23235394928992523,-0.8687194192761459,-0.7852322243511157,0.2107718123187961,-0.454760742771595,0.8475352649453605,-0.4376668062460475,0.8188932149559307,0.3701812985399053,0.9100495946472019,0.407736089267713,-0.5620626262083123,-0.8981010770234654,0.6749624004994645,-0.3428127452146887,-0.9408928404527487
-0.9756648749613875,0.438977407896686,0.5617855096259632,-0.3998365730254226,0.9468893555237042,0.9520588036629807,0.8194274037989463,0.8358452419381452,0.5097434393130024,0.8980874307319817,0.7822528591215345,-0.9107522509298286,-0.836812546024341,0.9999999998358241,-0.8181350316495455,-0.9020742503349596,-0.853779957163792,-0.7428658918819683,-0.7317662207652722,0.9002605393318588,-0.8770057422375372,-0.6189225220821556,0.9354485755286048,-0.698636396424217,-0.9798480874207,-0.44861149880406226,-0.4142296451737383,0.8977984438774271,0.4940616123211787,-0.605344886877902,0.6309947906557275,0.8372361091104087,-0.7098132345385466,0.9318279502585737,-0.5460941968171784,0.5258186612153308,-0.8711807966815515,0.7959463505461126,0.8810194168574563,-0.4541415846600896,-0.8077244919311589,0.9530694232471424,-0.37198312907576636,-0.7138569221239197,-0.9238619752327253,-0.8936341538561589,-0.9137163279140306,0.7658249244801122,0.9709613724326303,0.8843675337583258,0.7185840129040829,-0.9509902677124406,0.9565740958394515,0.7041864086124255,0.9867590371087868,0.3253732106182977,-0.795246785834181,0.5099564983514624,0.4552148205139732,-0.7244057347754946,-0.43944368591168215,0.9110206425672962,-0.7465069209256413,0.9105288768652589,0.19758793687672538,-0.9430626778262258,0.5551819093198833,-0.9044156655197148,0.8487533047834914,0.856129107095661,0.9178322507549252,0.9548287942493849,-0.5454583966417016,0.335601821953284,0.7537206797509572,-0.9189253905377663,-0.27011782115276256,-0.011467847549630275,-0.6848064571760238,0.6437424242057079,0.5018289884597251,-0.9894362031426627,0.865050493449673,-0.8316414308432956,0.9565802327305625,-0.6582035412452827,-0.8981631934740791,0.9945536098015346,-0.9554926504489079,0.8036215263673044,-0.9796084475002548,-0.930334638516952,0.5220520981904483,0.1578153107486107,-0.8115590254145953,0.9087387456326625,-0.8174637894936491,0.209394621599249,0.40093717443086857,0.9881857646514554,-0.10503272058932536,-0.8933632133777497,-0.9903900550272903,-0.8089163479620337,-0.969323156622225,0.6006254040846976,-0.7926246717043689,-0.9659374348630643,-0.963852012245016,0.9108295141359921,-0.6896422907960827,0.9603787940080523,0.7992611645083241,0.15196175383135138,0.20643552524010672,-0.9942042077052129,0.2432887946378871,-0.9824588238194519,-0.4307584239733963,-0.9447321563831471,-0.8277379907471781,0.642925572771381,0.9497291657821035,-0.22143102030360498,0.34941058338401587,0.9502974877566255
0.8756437448996279,-0.48670023244027766,-0.8353135053919402,0.5628429893561261,-0.6462749517766382,-0.9460298234690723,-0.653233703642081,-0.8888445005400775,-0.5077857449033717,-0.5913446765399355,-0.9810532247530482,0.9164285483203106,0.9903726164820967,-0.8181350316495455,0.9999999995933455,0.9443635534941371,0.9746859364210747,0.939462252808948,0.8215457014172386,-0.8523145865363103,0.9814656107419113,0.7740283083552114,-0.8375413348796203,0.9565362749473381,0.9031065067902873,0.35242803500510644,0.17483718242202767,-0.9014327585853121,-0.5461516773081648,0.8850120802622238,-0.8747243775663114,-0.8999072530637622,0.8051938485839191,-0.5650719318433208,0.6426934938241633,0.01631272070868941,0.8178318376151705,-0.8233857131735655,-0.8962556024692194,0.27065331458990444,0.9253355447876788,-0.9210082604718353,0.6816852859274253,0.1829164775457883,0.8721166706246386,0.9600016410700478,0.9450099840228224,-0.9944235305575018,-0.8938445872255197,-0.9110800077454088,-0.7867216255575321,0.8847627612089992,-0.8699706827160766,-0.9245091147182207,-0.8429114401232799,-0.6303335011513995,0.6906336441097859,0.07135348452592494,-0.060319939081299,0.7170833659786251,0.7634297282296849,-0.5688996460254785,0.6412358155833839,-0.6185545420111583,0.0984928234751102,0.8377388470802456,-0.5695882376940675,0.764071292658141,-0.9228772570511736,-0.8598399187640157,-0.9461849282187887,-0.7707951401772921,0.7132635231794354,-0.28407743378584044,-0.869352724018955,0.7218225738152528,0.546848592205114,0.5551867366439324,0.2497693472348482,-0.9623159388077142,-0.8360851133965815,0.8323799069520109,-0.760359664768033,0.5777531225697897,-0.9338736273401907,0.5968853584229522,0.9106134259350341,-0.8105375804978713,0.9145712723904976,-0.9079481958169963,0.8057698018990006,0.9490935028184102,-0.5910370286779139,-0.3288059199807527,0.49202447985679015,-0.540234977697955,0.4821271801694407,-0.5305329776973904,0.008574634028937897,-0.8468751726600531,-0.40623830085855483,0.7891599680205174,0.8377111357998537,0.5146888768379688,0.8693913221243653,-0.9187501395024559,0.35944110283857666,0.6853187590025829,0.7612008823093951,-0.954480035386299,0.22072144758980555,-0.8205087629973662,-0.8488312593121027,0.258329698364239,-0.5260891275268298,0.8421526509203265,-0.4856803371824156,0.8219324876120727,0.24476067775712523,0.9053967277547688,0.3835772875383198,-0.4483416292679772,-0.908267465147496,0.6764639487674253,-0.44125596312392823,-0.9345049097716427
0.8962047719498435,-0.6006224474231933,-0.779750454456097,0.696911401665554,-0.8166227187859764,-0.9819426853114883,-0.7352717657861623,-0.8190246824515074,-0.40914082840602056,-0.6644534509180399,-0.9377568687363237,0.889495610342886,0.9291559867618879,-0.9020742503349596,0.9443635534941371,0.9999999971672424,0.982379651047814,0.8605743512061992,0.8266214956099717,-0.794497054262547,0.972762512185694,0.7881376231138479,-0.9370998674555445,0.8263691793961694,0.9682633244767447,0.4864418736935787,0.33335718543251,-0.9188983755257645,-0.6237821149436636,0.8003588044192206,-0.8665343997596455,-0.970699414469951,0.721178158237983,-0.717939546078965,0.5522212573348683,-0.1888439423179563,0.8022102456832932,-0.8532085083053561,-0.9732925495688001,0.1879275417447959,0.8611558669824136,-0.9878508075960459,0.6811216433073441,0.37990243019334236,0.9474631218906333,0.9902973060677823,0.9690458363239668,-0.9304243707275339,-0.9270567269034169,-0.8943125239679495,-0.7639935875660868,0.8681812111093691,-0.9107992568931113,-0.8895423324007139,-0.9482813583773018,-0.3931343621856193,0.6197209828825029,-0.1693288924463431,-0.21848200982419017,0.7524103665334754,0.567637524563167,-0.7752312921417251,0.6037539049254874,-0.8080344240674763,-0.1655570804234386,0.8254627350789652,-0.4700065234368388,0.9319376266067675,-0.8308928005213759,-0.7925318048565999,-0.9150982456000386,-0.8077556590058123,0.7209660665423351,-0.22311355781352601,-0.7587010047587796,0.8968901247807536,0.2657822599231232,0.42614292816717875,0.4963787025412829,-0.8320554059514078,-0.7325802341773522,0.9397442715166974,-0.7176637704038711,0.8040447662175426,-0.9312047756986902,0.6282786274555032,0.9803589082297135,-0.9146259329217519,0.9414688660858188,-0.9247527434831723,0.9040944411286015,0.9489768349560239,-0.5790408519124955,-0.3945014697355778,0.5667076434287823,-0.6777439183527635,0.549873939636293,-0.4429824848397534,-0.05678715196659971,-0.9182101131127275,-0.0956465455804403,0.7570877324207009,0.9379107114886083,0.6374959204647342,0.9207632761803723,-0.7792343501038653,0.49911470627491084,0.8494967296469109,0.8769333099783204,-0.9662622151160785,0.36287445919068445,-0.8769848143921334,-0.9186189706039044,-0.028345685867037614,-0.5894635323591836,0.9259930047879658,-0.269495150527084,0.9369279251642249,0.2632306914703748,0.8924485510135074,0.5374989566084369,-0.40505136523191826,-0.938740297515146,0.39939246050753,-0.39634264701460475,-0.9255226071060796
