1.0000000046851603,-0.9234678621466075,-0.9758455424937694,0.9797997626279692,-0.9875230542781671,-0.9933255856445937,-0.9424704990531025,-0.9610433585298828,-0.9985140359471252,-0.8195851515433578,0.9138946144138255,0.9712913515623463,0.9984654160351464,0.9319366836594035,-0.9546549609218418,0.991040706303534,0.4987688509236731,0.9925790652373029,0.022765786430677313,0.9726469072617494,0.9893901490329745,0.9611637690011723,-0.17805751528265643,-0.9772356357984666,-0.9921191338722859,-0.9542339503422972,-0.9977979780343981,-0.9433806390802812,-0.8874790631705877,-0.9941735474516229,0.6978551105485461,-0.9984938697164455,-0.9999492584808753,-0.9761517276427127,-0.9357059805752607,0.9995077584819452,0.9848555330902298,0.9912229571832859,0.9977769364985949,0.9987215751905881,0.996868188405047,0.9619827773827928,0.9167101374012816,0.9884855100256325,0.9737575106263662,0.988971078992031,-0.9582144880386411,-0.9606001269747543,-0.9927437112497043,-0.7088705377354579,-0.9955031209050633,-0.9966718031232331,-0.993688408908257,0.6987915764518777,-0.9978876289214013,-0.9664924034364626,-0.9932593151675619,-0.9901605172642357,-0.9625437407739628,0.9834480844504391,-0.4843250576271177,0.8912251898821563,0.9864207549098408,-0.9432628629476699,0.9818421659303371,0.9805375505227221,0.9966004951127683,-0.9837408400779292,-0.9817568542949143,-0.9800377111968578,-0.9906293878421718,-0.9993338443752969,0.9972679689249767,-0.9544703820051039,-0.9335424945202037,-0.9931124174291129,-0.024459410250879332,-0.9672301429009006,0.6806143842758476,-0.9502151950593369,0.9902288105456776,-0.6675897072642014,0.9417862199728609,-0.9990981602399968,0.9690197646874704,0.997157837248548,0.9942995910194594,-0.7094466774469906,0.9967530864004467,0.9966840083587177,0.9977549949999326,0.9263003752993543,0.9906111681226588,0.9683410120908419,-0.9845807424897373,-0.9743328080515091,-0.9813079620285291,0.9747841808906677,0.9962121855309723,-0.9896628783326834,-0.9983233099055961,-0.9988324347251233,0.9989588525180658,0.9919347846446381,0.9529266350587399,-0.9980743708088456,0.9914835228064665,0.975479689220765,-0.958923265309885,0.9918445221359024,-0.9099141632087406,0.9896065861494001,0.4456698123853209,-0.9989821586323323,0.9933966958243182,-0.9936708730612926,-0.8954568278160304,-0.9514199533983274,0.9772764672749207,-0.9730818321155433,0.991747223887339,0.9550555257221778,0.8105767591085105,-0.888494793097938,0.07778014904028266,0.9717304119017255
-0.9234678621466075,1.0000000013809953,0.8413178419162484,-0.8898955327391312,0.8531278161845388,0.9337632515021927,0.7431546801448569,0.961650219714025,0.9151628249078231,0.9721831602329406,-0.9955302654398636,-0.9847220211112808,-0.9010740598635583,-0.999730316792722,0.7856284164188089,-0.9461858938870712,-0.7565434762567715,-0.9397407050116909,-0.4044379273645948,-0.9624089234022827,-0.9533182458636356,-0.7842070637124363,-0.20140878892892317,0.8303716130006933,0.9427327926901333,0.7665125588572546,0.9425348334904462,0.9963498908055961,0.648236150086019,0.9214806581477859,-0.9144456463625551,0.9416519524438086,0.919412097151269,0.976286105750627,0.973332598057567,-0.9323774662431021,-0.9760032325131187,-0.9615944505076878,-0.9378807189457902,-0.9096670708251375,-0.9294433660087075,-0.8969415113759555,-0.9997608377448973,-0.9651620512393461,-0.8619249848792414,-0.9592925035937481,0.9884516628726769,0.9814865076164839,0.9523531380841918,0.9227062599765353,0.9541230653711814,0.9032806582960504,0.9294315069568183,-0.3996785219600491,0.9290738142733473,0.9896782665724475,0.8729213825160635,0.9225020873217611,0.9886566513566701,-0.9649558283783768,0.1169875677679614,-0.6489899158047795,-0.9465392440359938,0.7445930740850185,-0.9567102010285677,-0.848380769512899,-0.9495453062507909,0.9765079432901373,0.8852981359443174,0.9758567522059082,0.9355484101131654,0.9161171743502984,-0.9334781718818902,0.9946304551937589,0.9416206581376905,0.9600916740532232,-0.3599764621093017,0.9884116084147642,-0.34766541130357986,0.9856407831060722,-0.8610064255143409,0.8914127379373931,-0.7442859545778358,0.9373489750526267,-0.8009749118977526,-0.8922382034536088,-0.9391506251210162,0.7923848323964419,-0.9199352807246878,-0.9058221302055623,-0.9229039151379095,-0.8740963298224175,-0.8726510320785797,-0.9883373479135049,0.9614777079746955,0.9485391093573746,0.9690999861578988,-0.937376295722508,-0.951255559899153,0.8620270696339731,0.9377757450237247,0.906288761990164,-0.9111843649859162,-0.9643194622446927,-0.7704179601772543,0.9244531943669159,-0.9613796558737709,-0.9852274061615021,0.7793741321445459,-0.9641185205717289,0.6873266570732928,-0.9644569553117807,-0.7450284415419496,0.9367559308994113,-0.884128376633362,0.9202090517458015,0.712593325394593,0.9892842105889319,-0.8211364759720705,0.8140825887392413,-0.8677044298839836,-0.7696139221774695,-0.5303533709639578,0.6445748132355784,-0.3424564901384713,-0.8071114772222643
-0.9758455424937694,0.8413178419162484,0.9999999943217016,-0.9321770612682077,0.9820225714050912,0.9462524129605264,0.9780320642396968,0.8774454648709448,0.9693126327933543,0.6945973121224641,-0.8159128409907197,-0.9021520272444273,-0.9813619297311889,-0.8522445269999167,0.9458816284521114,-0.9707630463199147,-0.30594964213642206,-0.9430428440268402,0.12904895329296476,-0.8983979922120598,-0.9337448718274867,-0.97084307979008,0.3596666451406082,0.9678212053078123,0.941372317464779,0.9762972089385602,0.9594522736061304,0.8605262003948473,0.9182146010405099,0.9523328485111388,-0.5916550614211017,0.9633353830369865,0.9772749426227221,0.907565410469774,0.8368262191904032,-0.9685178285420754,-0.9339309180258641,-0.9401611294609488,-0.9591871718637585,-0.9738444052561204,-0.9576051869204364,-0.8936087952729181,-0.8344141130912095,-0.9332981554431553,-0.9968741443652592,-0.9330693410546346,0.8784871917863647,0.8792371377579291,0.942592370096675,0.5680273433000707,0.9531062266528455,0.9690969339211313,0.9813919051308693,-0.8305718549304943,0.961223918649179,0.8972178706578561,0.9857613410909359,0.9417667290584651,0.8869947806878571,-0.9206107527961096,0.6308074781023983,-0.9408728469003722,-0.9273834955550185,0.9657564385190628,-0.916706468325257,-0.960468546520834,-0.9654745516323261,0.9280035797068908,0.9945272650647763,0.9162778032450957,0.9390738118234601,0.9730118025719802,-0.9579427377675692,0.8786711772565293,0.9234017971418828,0.9463511365353434,0.1682908379168016,0.8969307724498277,-0.7736083874311388,0.8629817502046027,-0.9868472763686146,0.5706616456567474,-0.9579718074778257,0.9661487809325805,-0.9889439874717237,-0.9863882295340207,-0.9477396009583595,0.5436283420752741,-0.9605652435726307,-0.967515893900035,-0.962795935537159,-0.8391655094836399,-0.9962628427335578,-0.9138110636840039,0.9227552971372572,0.9025474113665071,0.9166057503614639,-0.905361992255514,-0.9547943472240128,0.9941629923453095,0.9615237615517545,0.9775293176228568,-0.9740924566329824,-0.9506079385019354,-0.9588472686719022,0.9822565479164599,-0.9409231908275317,-0.9165793191222277,0.9693206926349285,-0.9449610154071221,0.9325473958235054,-0.9363165319975895,-0.26654465498646945,0.9651142211981979,-0.9713794585412551,0.9514529776611166,0.8696999913315213,0.8999088645538821,-0.986612927044339,0.9942874059744489,-0.9833015063610534,-0.9705557770235941,-0.8582567820528728,0.935595935113361,-0.07368473950126968,-0.9817972672112114
0.9797997626279692,-0.8898955327391312,-0.9321770612682077,0.9999999992259565,-0.9806377841992318,-0.992592838455458,-0.9277960837526206,-0.9728826532118837,-0.9891593433407511,-0.8038629606027867,0.8983960219509763,0.9555927050449741,0.9823418999617487,0.899817297754391,-0.976776005520842,0.9470147970536978,0.5362666384137241,0.9908930782519543,-0.02240604847667629,0.9781020069220727,0.9854156817097958,0.9639142347893848,-0.16379765292352835,-0.9841493985159003,-0.9898818609862041,-0.948489533862731,-0.9827547420561743,-0.923414279248967,-0.9092862797978131,-0.9948217424071318,0.6302321125536137,-0.9802773660613696,-0.9803305476757951,-0.967541309877331,-0.9466012126634445,0.9822502844644849,0.9583297238747218,0.9771781147517261,0.9859331185327589,0.987351727243271,0.9906645481695048,0.9950759213104866,0.879936462819285,0.9760765800911212,0.917487389622137,0.9813867159273815,-0.9469237519979588,-0.9569925129784107,-0.9840808431220988,-0.6863007879495004,-0.9772390403970195,-0.9916639508898561,-0.951244400845587,0.6469394385110044,-0.9891145264564369,-0.945368323269906,-0.9796175877310657,-0.9964749581330038,-0.9480341650209474,0.9783398650300908,-0.4772899883736684,0.8902717188431994,0.9894614358759215,-0.9448669053064667,0.9839737475603353,0.9916325274610153,0.9673069171054869,-0.9624888038598486,-0.9283932397239517,-0.9675402443898948,-0.9931219310965198,-0.9861220339101198,0.9888416100434566,-0.9323345493795988,-0.8492460288474026,-0.9754774800264309,-0.07692219632806233,-0.9485952700164824,0.7013639033026966,-0.9461109624100026,0.9771386781410739,-0.5865649189228367,0.9508977071001304,-0.9810439702648163,0.952307298026253,0.977727874783713,0.9900652421833606,-0.8003399702695404,0.992464912122321,0.9921435521982556,0.9905676578069186,0.9789878819306668,0.9588876277332704,0.9301110848697838,-0.9809333745903455,-0.986146232614798,-0.9748905186664812,0.9907529268520059,0.9788491534897995,-0.9655333447215863,-0.9845351744659978,-0.9850403872886256,0.9867550158126533,0.9640819860664089,0.964767893162268,-0.9655424611322959,0.9770656555317374,0.9485293223046003,-0.9625881086047039,0.9711953734755117,-0.9295256540165752,0.9757906023735177,0.4449659907316138,-0.9824144001264113,0.9914697626935141,-0.9953311816861923,-0.9538232513692901,-0.8998672703897164,0.9659144409090628,-0.9486932307429357,0.9817768460544556,0.956227320704845,0.8437677245550665,-0.8921257297993247,-0.08943176478625878,0.9652585074277099
-0.9875230542781671,0.8531278161845388,0.9820225714050912,-0.9806377841992318,1.000000003070384,0.9782292457652273,0.979939907370043,0.9265824448670084,0.990686071753949,0.727516750881289,-0.8453147801626001,-0.9264706098376353,-0.9947348184602455,-0.8648725759245727,0.9869287691228785,-0.9624306832015842,-0.3886431801857767,-0.9747746752511888,0.13177630505955507,-0.9406961710607752,-0.9648994231841024,-0.9926312086145895,0.31316726737892353,0.9974046541740468,0.9729158494839413,0.9884930317434396,0.9782508320977465,0.8837732547766106,0.9489772426942511,0.9843002016206271,-0.5764419531251459,0.9789351244281478,0.9890988588757044,0.9375194212847721,0.8879345818629514,-0.9840055199369189,-0.9460048056264778,-0.9623484178188444,-0.9805859793969661,-0.9926852205410598,-0.9836206409433155,-0.9564112414204872,-0.8435534060822466,-0.9576161364267919,-0.9690433383229646,-0.9613948518935931,0.9083041310959262,0.9155797321024113,0.968903985278967,0.596414355046466,0.970161388748501,0.9935400534363341,0.9726582013928902,-0.7766254495488608,0.9846555115838619,0.917136258436697,0.9989221422367486,0.9795693015469304,0.9134449706506893,-0.9522790883911795,0.6045459487321693,-0.9495148754106579,-0.9647896238938757,0.9834644582404158,-0.9546001219160459,-0.9957540406223508,-0.9713399930888357,0.9452902156867323,0.9714226560723893,0.9421830425386382,0.9745249694744991,0.9907109964518056,-0.9822103996009985,0.8989194398515346,0.8795139449650137,0.9647945014922626,0.17961163064098498,0.9190692535585516,-0.7854371152953711,0.8999603532668906,-0.9994915294127567,0.542092922226169,-0.9829857970180573,0.9814150863224376,-0.9931995125716817,-0.9957324338887675,-0.9768389166321805,0.6677783925639513,-0.9874405439842379,-0.99267520692248,-0.9871199428538132,-0.9208137105239651,-0.9921275821754832,-0.9169683152411783,0.9553944572184264,0.9494162324622716,0.9475852196405427,-0.9550409601970944,-0.9723721424536232,0.9963028044016159,0.9810003752524178,0.9936728753872248,-0.9922719918971027,-0.9597150667609313,-0.9885001674441606,0.9822753291698536,-0.9627111359392221,-0.9298233287410672,0.9916315357370036,-0.9610015359685713,0.9638144203172636,-0.9591300852537867,-0.3146627157520835,0.9817598060581494,-0.9970040443359636,0.9842963964083304,0.9419405019135613,0.8914228385907005,-0.9975988212916201,0.9922446851526592,-0.9995566354101594,-0.9896934344404308,-0.89269709479603,0.9483765968487711,0.05684914067984541,-0.99639516424322
-0.9933255856445937,0.9337632515021927,0.9462524129605264,-0.992592838455458,0.9782292457652273,0.9999999975404638,0.9173025698913425,0.9840792431764557,0.9965918762545072,0.8505558432767604,-0.9347436139546755,-0.9816155797231577,-0.9905013840906206,-0.9417094672008929,0.9548419250404027,-0.9765003386175634,-0.5708679451317723,-0.9998407576793916,-0.0622906751532182,-0.9905848072498441,-0.9981504559322621,-0.9495641087645066,0.10990444132933831,0.9732133733208115,0.9996489896102007,0.936079686540684,0.9974532009753182,0.9575053074036098,0.8746078518107991,0.999418177516087,-0.7091061296439052,0.9961651195899287,0.9929198201444934,0.9882058316940744,0.9639796446143796,-0.9960004350345113,-0.9857783050922869,-0.9955949519061386,-0.9984037624244122,-0.9947499541816909,-0.9992998040853459,-0.9856636814252687,-0.9262315033709201,-0.9947571802316113,-0.9410435336297589,-0.9968222629781093,0.9735293719192676,0.9785867400819674,0.998280550018925,0.7444407949239183,0.9956813428800589,0.9954127555801331,0.9768141300933126,-0.6324751062691669,0.9987019080819599,0.9754034886256462,0.9827255075273655,0.9992705449681872,0.9754866855494136,-0.9944257469550503,0.4273920322120469,-0.8654948151612515,-0.9983223342332096,0.927101663016561,-0.9956343403048775,-0.9813121555684322,-0.9898288939566007,0.9877937176052832,0.9533359040490076,0.9893155517150185,0.9997635718110109,0.9953430376173138,-0.9991007680415692,0.9654601393800818,0.904883024397957,0.994990186535268,-0.010738391764780027,0.9771775302461554,-0.6479586862345648,0.9701827392625545,-0.9784592372505722,0.6722157958460513,-0.9298928723325611,0.9960481906486337,-0.9484209658859185,-0.9861084148457167,-0.9998136450376705,0.7850799479193935,-0.9986581939160373,-0.9961030107515554,-0.9984235812520491,-0.9622102137772034,-0.9705599589650707,-0.9674139841938328,0.9956045637719064,0.993170113241859,0.9925846580421827,-0.993956262861499,-0.996296583912043,0.9721232453163238,0.9977893903816369,0.9929574693636589,-0.9947500247380431,-0.989118681385579,-0.9452199331784733,0.9851204052850099,-0.9955768239839853,-0.9791187200376407,0.9473510267554982,-0.9929404001652717,0.8990126374162531,-0.9948242577456371,-0.5029575326724066,0.9966617953388188,-0.9911095252388749,0.9993308047875983,0.9121000336750067,0.9459173999197964,-0.9617292765999541,0.9498746959260104,-0.9825721879149665,-0.9410713832396168,-0.7957516773505542,0.8649383104290536,-0.03208212683655151,-0.9573401692650528
-0.9424704990531025,0.7431546801448569,0.9780320642396968,-0.9277960837526206,0.979939907370043,0.9173025698913425,1.000000000067833,0.8331022463580008,0.9448089008891043,0.5813957094215825,-0.7263053977190189,-0.8367450018896606,-0.9587080073182681,-0.7579496823193167,0.9756181775179805,-0.91185517626796,-0.19724364775898867,-0.9109045133418504,0.3084807357185835,-0.8542234825406391,-0.8937754638910945,-0.992595015926409,0.49441907206085006,0.9789875773093314,0.9075666597413753,0.9979848650639671,0.9205493856070122,0.7783585853554716,0.9794678305425207,0.9293730806920727,-0.43023368087144825,0.9232561028989542,0.9458341419603916,0.8511912005446262,0.7784526382087946,-0.9330450963263476,-0.8706926830995132,-0.891886976966135,-0.9239297671397538,-0.9504904929003959,-0.9285641915105558,-0.8874038042609848,-0.7322070847525629,-0.8835547448620368,-0.9588876471404258,-0.8885427673532621,0.8094952483119325,0.8181594392294741,0.9015583175953599,0.43229520643804636,0.9069601113919462,0.9511431726922672,0.9310054615454546,-0.8846365900548708,0.9312507151407862,0.8251230230987594,0.973966849632167,0.9201656823478318,0.8176297231395592,-0.873274585795469,0.7485721823570844,-0.9904141327580287,-0.8930164678737895,0.9965165201612434,-0.8761607010268344,-0.9679006652994063,-0.9153846871024537,0.8671208097680525,0.9515794013815764,0.8592570131768148,0.9102714109341369,0.9462563922208707,-0.9261819231727328,0.7998412484392987,0.8238146184228539,0.8973315454383471,0.3504109582330791,0.8269909175962777,-0.8827500913488004,0.7963464298897428,-0.9790823849385409,0.4004520622102908,-0.9925345928064055,0.9280954180116683,-0.9958372329466948,-0.9649741006940644,-0.9150132367303302,0.5237163877406306,-0.9363656180101063,-0.9488086814446995,-0.9361354448689753,-0.8406426129274178,-0.9735546847709833,-0.8333421509753627,0.8780236587647107,0.8680712554841581,0.8661320707818208,-0.8778388612842243,-0.910547891331944,0.9796253894235052,0.925412558392528,0.954215098597489,-0.9497468036171117,-0.8937761116073444,-0.9883374306376479,0.9409290727143714,-0.8926174251631753,-0.846142640039596,0.9927407716443887,-0.8922023003111164,0.9847136484603435,-0.8864600471137539,-0.12263232246517139,0.9280885069642766,-0.9616840398652747,0.9293933233711595,0.9283532988980107,0.8057283856799686,-0.9912869412126308,0.9930524784334969,-0.9751227084858435,-0.9951493656821906,-0.9463545285671976,0.9885174200584161,0.12992050026609117,-0.992894509352529
-0.9610433585298828,0.961650219714025,0.8774454648709448,-0.9728826532118837,0.9265824448670084,0.9840792431764557,0.8331022463580008,1.0000000124758235,0.9663142994123809,0.9189466232183134,-0.9731091316771123,-0.9905776094932909,-0.9509397483779568,-0.966522519862761,0.9010418866753862,-0.9470280869472029,-0.7065553385548374,-0.986425294660627,-0.20911727477401867,-0.9989418290287665,-0.9909999367928095,-0.8834135994221287,-0.06125313198042349,0.9223564680021578,0.9874885424886597,0.8612122983153723,0.9768640663647105,0.9815461247043383,0.7891465364687448,0.9783870469472863,-0.780321043730257,0.9734262439509842,0.9591543964995832,0.9946582011987809,0.995452940597497,-0.9692014800057228,-0.9801116453234969,-0.9866423335614306,-0.9772588060653813,-0.9610424392610273,-0.9774456822508285,-0.9826228652812194,-0.9554276487342809,-0.9892966948910097,-0.8763540102257102,-0.9908058845460509,0.9917597894031412,0.9962867515305127,0.9871072258476835,0.8353593824169205,0.9796716595535198,0.9627175237492049,0.9395887641006839,-0.48474682218455206,0.9750633730837344,0.9860898285724751,0.9341877232211638,0.9830206903816546,0.9904681749709148,-0.9944009048261921,0.2681426299683825,-0.7682550164763972,-0.9927071339044956,0.8507066865334372,-0.9960212069742034,-0.9388721018469931,-0.9662504169970855,0.985259880657927,0.8968171756255277,0.9921219823542973,0.9872722619490464,0.9633528199949585,-0.9778195989702371,0.9829981667792936,0.879433620643788,0.982912623755073,-0.15491056743270945,0.9881413363164558,-0.5187044274630486,0.9939213901669637,-0.9262463699870137,0.7400962489154226,-0.8574603929237236,0.9712378972678335,-0.8772799794579197,-0.9417041345981481,-0.984226585840202,0.8709521634944912,-0.9735664560663372,-0.9647333266270754,-0.9728671623973963,-0.9734661550957812,-0.9146912053793327,-0.968825275490355,0.9942433428080103,0.9976559225517376,0.994689623958231,-0.9952696459322616,-0.9791412743780679,0.915504964454194,0.9754670685041302,0.9566024741068515,-0.9612216157175117,-0.9746836804545067,-0.880742233970587,0.9484087261365477,-0.9862464467375293,-0.9813161026144056,0.8804615582382415,-0.9817807199041241,0.8200825846947593,-0.987925240818476,-0.6386908792777333,0.9723270839059431,-0.9528365743889726,0.978424172182917,0.8683308524875682,0.9488380636970127,-0.8983682018245852,0.8792020003643461,-0.9340876397071582,-0.87040525045685,-0.6967503313201419,0.7690464607263863,-0.07183900332442947,-0.8924575744944694
-0.9985140359471252,0.9151628249078231,0.9693126327933543,-0.9891593433407511,0.990686071753949,0.9965918762545072,0.9448089008891043,0.9663142994123809,1.0000000074191788,0.814186585543395,-0.9102164570738235,-0.9690825553986706,-0.9984686094611125,-0.9242113560488381,0.9660780911371497,-0.9826176211415957,-0.5044930731042242,-0.9954558448897958,-0.0031475810784832962,-0.9764867933767654,-0.9913158177533234,-0.9676700922013465,0.1824564391748835,0.9842585585184439,0.9947794422585252,0.9587104936034414,0.9972237126413485,0.9391794564116911,0.9001014194753455,0.9980729894687622,-0.6772278135531574,0.9971189845122715,0.9986926650490255,0.9760891791748466,0.9399157937602654,-0.9985973718816819,-0.9802852234745443,-0.990373066100468,-0.9981385011837567,-0.999805148706747,-0.9988644939949728,-0.9741848584469508,-0.9074151039332932,-0.9879308902676143,-0.9634430375442868,-0.9898160531269984,0.956792110080595,0.9613943601245741,0.9935320304148834,0.7001712464999125,0.9937933295814451,0.9995121837001851,0.9860833446733115,-0.69284107869392,0.9992389101097778,0.9626468630922335,0.9943717826878988,0.995438079571952,0.9603689624018487,-0.9847032086005053,0.49106778514964566,-0.8979320981666978,-0.9902620159397045,0.9498703042241203,-0.9851329364780268,-0.9883671562124187,-0.9921087943167723,0.9805217069437049,0.9719108761725466,0.9790499206241035,0.9946463036377425,0.9998152758565756,-0.9986065002446509,0.9499852621300481,0.9133197083775298,0.9913920136786827,0.0461578583926037,0.9640818592257203,-0.6944044061152213,0.9505585827203258,-0.9916609749472916,0.6432223757298269,-0.9503406881439302,0.9978674986023636,-0.9702439330943899,-0.9964424515426842,-0.9965573254591684,0.7332563226450634,-0.9994445629008403,-0.9995958143540352,-0.9996462382533264,-0.9433122150316577,-0.9869144451661758,-0.9600669770142991,0.9863166853785726,0.9801659980082147,0.9820857000771794,-0.981948142140366,-0.9948139444544123,0.9881584031903061,0.9981881407832398,0.9993505622781257,-0.9997975313478278,-0.9874145553884812,-0.9619180209342304,0.9932767928170858,-0.9905458335884257,-0.9703968632353285,0.9657177595899936,-0.9892205708496659,0.9216697691699894,-0.9887217886806013,-0.44037998710631227,0.9981518353136961,-0.9973639379998652,0.9978510155463102,0.91655961618628,0.939239559072321,-0.9796831677304669,0.9721120507539831,-0.9938973015444562,-0.9613060237134702,-0.826855430146624,0.8964354119201282,-0.028583767811494812,-0.9755835520878039
-0.8195851515433578,0.9721831602329406,0.6945973121224641,-0.8038629606027867,0.727516750881289,0.8505558432767604,0.5813957094215825,0.9189466232183134,0.814186585543395,1.0000000001651697,-0.9815106684766097,-0.9319764516785066,-0.7887837867870737,-0.9677608470681,0.6607099927840128,-0.8452997818163623,-0.8873015679707522,-0.85952296732412,-0.5760127862411861,-0.9096803684697725,-0.8806765092407254,-0.6434084599252056,-0.4172537887045586,0.7069043223844973,0.8640173615772899,0.6154527076906595,0.8529180499262151,0.9631949193759587,0.4899540785328048,0.8321836786549185,-0.9514724092695716,0.8493068616097182,0.8137902935358529,0.9205145755504022,0.9507261329446066,-0.835170534306498,-0.9045416276828635,-0.8862957543915778,-0.8477281471632439,-0.8045152306971337,-0.8387253109092707,-0.8324098899306596,-0.973812708945471,-0.8942617671884641,-0.7197501734782468,-0.8878871082238111,0.9477580920224331,0.9403067763083919,0.8745220211332638,0.984236019177475,0.8699811094089046,0.7997146200100185,0.819205211195942,-0.1765913519158967,0.8360650199467586,0.9390842427421132,0.7503775978793363,0.839377994163062,0.9436895559524519,-0.9011374717318362,-0.10420134156807045,-0.4755549742660338,-0.8761906731603398,0.5927105595809369,-0.8937682969586699,-0.7348839038299455,-0.8558911186261454,0.9090540359401861,0.7524473625734236,0.9153416284216849,0.8567198122798749,0.8128984951372734,-0.8433297427847978,0.9529317717663113,0.8476716575299168,0.88081031665205,-0.5311601899591236,0.9381972850791149,-0.15057915004291672,0.9523026294944269,-0.7343046383096727,0.9259039727394003,-0.5975091700732018,0.8425049614504021,-0.6529679106575295,-0.7741377672736887,-0.8561366977322669,0.8522935201006904,-0.8254444509031252,-0.8038515394220738,-0.8276821488166086,-0.8296571551767111,-0.7408453667532766,-0.9259141659760036,0.8960520155590224,0.8913403450996618,0.9079046570266767,-0.8765333814552156,-0.8657388077139084,0.729686455150617,0.8461102905919782,0.7978832839994898,-0.806197902942651,-0.8819091317609535,-0.6324981914021146,0.8149413750699357,-0.8855997921121055,-0.9237182205056509,0.6378763933220762,-0.8858945758924246,0.535284273841447,-0.8917164875062858,-0.8777847953325921,0.842543592407927,-0.7742533913558285,0.8311322632866531,0.6048585331269164,0.9292326863655964,-0.6820666371915474,0.666071164909251,-0.7454649504902384,-0.6237723808322088,-0.36136723905835727,0.4731000069322307,-0.3782409157128644,-0.6667795877274024
0.9138946144138255,-0.9955302654398636,-0.8159128409907197,0.8983960219509763,-0.8453147801626001,-0.9347436139546755,-0.7263053977190189,-0.9731091316771123,-0.9102164570738235,-0.9815106684766097,1.0000000020304318,0.9841311367858654,0.8918111933130434,0.9953201480576097,-0.7887291806535949,0.9276870699034374,0.7974730096294094,0.9407864927416745,0.41280165831741417,0.9700531930525874,0.9545614828184209,0.7775073770822174,0.2366877759140414,-0.8280947613572255,-0.9437824015872429,-0.754888454903565,-0.9370640274078773,-0.996639576086484,-0.6453140649184289,-0.9221005522323209,0.9033178091684108,-0.9345516257078925,-0.9098071061044676,-0.9780631251617214,-0.9870733791957923,0.9249383415264524,0.9686033307993964,0.9585562389366188,0.9335720372919867,0.9033182890214879,0.9272279003116475,0.9134103466481056,0.9942318970378772,0.9633775075695152,0.832275849337584,0.9593126762084843,-0.9911898593712596,-0.9871684258339274,-0.9510480690191585,-0.9328789120498944,-0.948186718910595,-0.899610529190255,-0.9101905463001425,0.35589127473406823,-0.9255329525175119,-0.9872355531164353,-0.8630212198394539,-0.9261876129202292,-0.9895672324740052,0.9669929285382811,-0.08793322686226239,0.6350212940427441,0.9508076134908272,-0.7355487283676228,0.9616672422895856,0.8492600250169823,0.9379224567253017,-0.971738348340755,-0.8582784025808677,-0.9754704289168072,-0.9383970804331867,-0.9093499233586199,0.9304900930907597,-0.9929561149956103,-0.9077282056626736,-0.9550915419002455,0.3648006580387852,-0.9870023654313627,0.3356970288388547,-0.9921564688627456,0.8506585569216085,-0.8742861712408727,0.7388978173867958,-0.9299474060282906,0.7857508298311351,0.8808067716511969,0.9388135424103262,-0.8463809605466118,0.9178991823360102,0.9025716196314036,0.9196469605546402,0.9006791654200031,0.8543118698366688,0.9775135974124675,-0.9638580399530118,-0.9580089070803378,-0.9709906072727592,0.9479221749678045,0.9454735628570621,-0.8465438007699243,-0.93249396404777,-0.8985156902121055,0.9045396799781928,0.9548688563994251,0.7675641861928811,-0.9092280267942461,0.9581285290318905,0.9790179781801397,-0.7728944833050596,0.9580882348922755,-0.6847914459102091,0.9618670255602105,0.7706914107875295,-0.9300240299918506,0.880668491034884,-0.9212478685779327,-0.7315160788655428,-0.9734080417020299,0.8094366108003358,-0.7959331435133811,0.8592544144261116,0.7614649919249625,0.529196331179973,-0.632641199899036,0.28393658468158056,0.7970458471674714
0.9712913515623463,-0.9847220211112808,-0.9021520272444273,0.9555927050449741,-0.9264706098376353,-0.9816155797231577,-0.8367450018896606,-0.9905776094932909,-0.9690825553986706,-0.9319764516785066,0.9841311367858654,1.0000000006334742,0.9579336299907383,0.9883907656604156,-0.8805851084529824,0.9741163088685633,0.6867267986520488,0.9847677792684906,0.24875311568523698,0.9935274466502401,0.9912950752275015,0.8758174076109961,0.06106705417510235,-0.912654456198616,-0.9862867777372224,-0.8590952293292198,-0.9841472596460716,-0.9948440713414856,-0.7673096900802313,-0.9746740668487697,0.8300791581739061,-0.9828099496057318,-0.9689096103469329,-0.9989735254007444,-0.9875818369062734,0.9776886647907429,0.9962774330826674,0.9938808254622643,0.9822726636122064,0.9650316080849227,0.9784759594703194,0.9572653844421527,0.9808258664742819,0.9955883992542113,0.9101089532562561,0.9936901765203924,-0.9986363940096685,-0.9977530730286336,-0.9904545054218511,-0.8546537726558207,-0.9894651438535161,-0.9623151482794713,-0.9651380235182873,0.5114241455553552,-0.9777913016181141,-0.9994143548609885,-0.9389623134574492,-0.9756145970756624,-0.9994090754925952,0.9958938765023814,-0.2632808801447301,0.7616882522357707,0.9881844188407254,-0.8433871143611498,0.9924744551253382,0.9267004605747,0.9833427018215867,-0.9979102366569503,-0.928970947264351,-0.9989483442233832,-0.9827460669058776,-0.96872400295428,0.9804358105361386,-0.9974329557652447,-0.9350425245475724,-0.9924873733391588,0.19960183603110518,-0.9997379651386755,0.4956361856778643,-0.9960893421644273,0.9304392509453616,-0.7991124681733536,0.8451087395163238,-0.9803928063430286,0.8830110978069831,0.9507479543858758,0.9842290941712067,-0.8105763145154129,0.9730785988606692,0.9640766646472683,0.9743802033752087,0.9352600428360182,0.9317201887136063,0.9936048485398028,-0.9946382315744098,-0.9875761500735954,-0.9972203590801957,0.9821067600387784,0.988239765499595,-0.9271811065127323,-0.9817754672554494,-0.962140743609645,0.9658035592779262,0.9912805445745111,0.8668944266074484,-0.9670413540719293,0.9937246104561213,0.9982313776139209,-0.8721896551238162,0.9935176011440081,-0.8000940292672746,0.9951198402042867,0.645707280100377,-0.9804683257077225,0.9499784130545705,-0.9740109157578163,-0.8231896485096108,-0.9830585422929282,0.9007659184754362,-0.8903213699796321,0.9362994696084552,0.86367805930138,0.6663659678729437,-0.7593518555254873,0.19086153743119877,0.8913617825768174
0.9984654160351464,-0.9010740598635583,-0.9813619297311889,0.9823418999617487,-0.9947348184602455,-0.9905013840906206,-0.9587080073182681,-0.9509397483779568,-0.9984686094611125,-0.7887837867870737,0.8918111933130434,0.9579336299907383,1.0000000073358517,0.9107230012503486,-0.9684403655255596,0.9840528377297985,0.4597276234813956,0.9887917982328833,-0.03218009003147939,0.9635852941143931,0.9832201935400962,0.9749962642781481,-0.22750567835748,-0.9869652454978777,-0.9878351144299325,-0.9691962365133213,-0.9936170913040707,-0.9246858056578863,-0.9116363602975259,-0.9932130797636695,0.6570072359817459,-0.9943632256113861,-0.9989875351440569,-0.9649219474321447,-0.9207494790287858,0.9968273096614794,0.9738667791213561,0.9836431833016495,0.9943930089663868,0.9993565407517282,0.9948110551583927,0.9619519005001493,0.8933355457142074,0.9801517468034575,0.9755481355591382,0.9817466503028569,-0.9429131997327442,-0.9469419137104771,-0.9868951431365686,-0.6705362477497263,-0.9892790676464032,-0.99824382868579,-0.9894158610885915,0.7295674838697473,-0.9958813336138339,-0.9515758018254302,-0.9981383219983279,-0.9888365961822314,-0.94759997786928,0.9748719758167379,-0.5290866065721779,0.9146120678867706,0.9811583321891397,-0.9602184083872266,0.9745585675370697,0.9884197510884897,0.9905914514076318,-0.9728060871337271,-0.9814929013826258,-0.9691631218448454,-0.9873810382193093,-0.9990678162420688,0.9945957239860174,-0.9373040527816556,-0.9179007612162425,-0.9857979303877473,-0.07962864159482379,-0.9527054343513347,0.7198759351001408,-0.9346494845563037,0.9963894051969295,-0.6254111915760714,0.9589734887618637,-0.9956432306815244,0.9805663177260932,0.9995857968731351,0.9906830884459774,-0.6947715964479975,0.9960835400206065,0.9979317293469798,0.9966589662051673,0.9258814422156433,0.9942870241786188,0.952985292297771,-0.9766987019182357,-0.967708005375629,-0.9718266112061634,0.9699580424234617,0.9905167812093518,-0.9950589142813745,-0.994925560063625,-0.99982429171472,0.9993735811301925,0.9833789098567468,0.9680681639809701,-0.9955363063459542,0.9839474704520039,0.9620180552331595,-0.9731824200056197,0.9836656914959895,-0.9314256915942329,0.9814408288765697,0.39958884394088157,-0.9956685010956229,0.9973403249643832,-0.9928722861390279,-0.913612284751848,-0.9331291565427975,0.987364435614373,-0.9829563864907703,0.9973357840610281,0.9700420005786786,0.8417831892888745,-0.9123728989184811,0.03218569383765181,0.9832893660298329
0.9319366836594035,-0.999730316792722,-0.8522445269999167,0.899817297754391,-0.8648725759245727,-0.9417094672008929,-0.7579496823193167,-0.966522519862761,-0.9242113560488381,-0.9677608470681,0.9953201480576097,0.9883907656604156,0.9107230012503486,0.999999994196487,-0.7996504249507129,0.9524389209244246,0.7461195005078672,0.947307999746112,0.38343141197285535,0.9677772472766835,0.9599360924941062,0.7982749913816901,0.18078747485559646,-0.8430138958687652,-0.9501038858346869,-0.7809383559099239,-0.9499765939076131,-0.9977044338807802,-0.6656373064473372,-0.9301539718427874,0.9049665526226484,-0.9491140937891125,-0.9281043808715104,-0.980829277729374,-0.9761057492977367,0.94040834296094,0.9806890878831415,0.9676700686719049,0.9456339811993274,0.9189759489013553,0.9377079985288862,0.9057321294905526,0.9990448905042592,0.9709254615663762,0.8713785742946732,0.9654948465849245,-0.9912608521711077,-0.9849620328873612,-0.9591176540065213,-0.914367701672146,-0.9607524976811872,-0.9129417521904255,-0.9367560197009374,0.4177905487534805,-0.9373631068620715,-0.992694785688161,-0.8838097755971377,-0.931008136633442,-0.991637673191038,0.9705920344384804,-0.13860277170018476,0.6660917792384045,0.9534906425727068,-0.7596980485424095,0.9628408427670835,0.860349085081,0.9562495392200211,-0.9812131259331651,-0.8940386538529118,-0.9805656146425638,-0.9433121026532151,-0.9250819765975383,0.941506170108841,-0.996670420816869,-0.9439559717278051,-0.966280844349744,0.33844267944341716,-0.9915896571632087,0.36899479634142646,-0.9882872794122718,0.8723612390696387,-0.881124676420028,0.7594787131833691,-0.9450768054445057,0.8142031853251964,0.9022094968719505,0.9467951318206114,-0.7933383166853893,0.9287357174036043,0.9153593678347974,0.931544797692769,0.8824451088143974,0.8830230815136699,0.9911739630066739,-0.9673936268172262,-0.9548707691928074,-0.9743663145031771,0.9444107080800435,0.9580961718062746,-0.873064605958767,-0.9455254530410533,-0.9157319800852076,0.9204093118284817,0.9700037164373124,0.7849292492404164,-0.9325010223815304,0.9674739875844001,0.9888758701766525,-0.793587450810922,0.9699587137108002,-0.7039104657923895,0.9702929171393466,0.7313510207217583,-0.9445396006889369,0.894677151989042,-0.9289415921813391,-0.727817194667605,-0.9908160472768389,0.8338873410355448,-0.8266920491797942,0.8788580287790514,0.784067724520968,0.5497856078680652,-0.661848284546011,0.32535013591824635,0.8203857974639491
-0.9546549609218418,0.7856284164188089,0.9458816284521114,-0.976776005520842,0.9869287691228785,0.9548419250404027,0.9756181775179805,0.9010418866753862,0.9660780911371497,0.6607099927840128,-0.7887291806535949,-0.8805851084529824,-0.9684403655255596,-0.7996504249507129,1.000000002838822,-0.9087134540787438,-0.3471010214934211,-0.9495424435288389,0.2330238368690135,-0.9127150361920551,-0.9351690528519148,-0.9946002800433463,0.36915243342211784,0.9958343624728909,0.9466995900412115,0.987294871567243,0.9447640403609692,0.8287014260167261,0.9773334954103764,0.964229394830525,-0.4686601815106314,0.9436941292323334,0.9573586337379285,0.8984888722542924,0.8557142071481083,-0.9512725981114392,-0.8969204795793321,-0.9249148093380248,-0.9500126588557674,-0.9678533640026439,-0.9580930862375773,-0.9567303177050658,-0.7730186432282197,-0.920138125967694,-0.9206675806835567,-0.9281736736280438,0.8625289781494255,0.8763840906147762,0.9368746894850033,0.5175440006071528,0.9320913702954866,0.9736552875533414,0.9235009731677731,-0.775651069371454,0.9577125669014647,0.8661201212535524,0.978696962764966,0.96231023074738,0.8662395183504927,-0.9187299427727674,0.652356661281936,-0.9637682532844621,-0.9403560154354648,0.9893902225410642,-0.926975581914625,-0.9939809848662396,-0.9272533730845446,0.8993082775627066,0.9217437461190819,0.9013464389834832,0.9524490273217835,0.963586357740798,-0.9545675317210446,0.844484867817098,0.7921196535460231,0.9256397779574328,0.28441301345798087,0.8699937265421016,-0.8378017012619696,0.8580758480799859,-0.9813896096393986,0.42543402922993206,-0.9935373395203838,0.9471776906321255,-0.9807969700057291,-0.9687838953583682,-0.9503537206534772,0.6859116790591058,-0.9649027676874433,-0.9726137932884158,-0.962327075771809,-0.9324624343708797,-0.9599994384752342,-0.8555629414164929,0.9236045609342161,0.9283568915915765,0.912094093589098,-0.9387990682711482,-0.9355242383819574,0.9708725762302167,0.9492886829827842,0.9679450260030955,-0.9666591909906902,-0.9130609923661276,-0.9975994634413655,0.941054902779733,-0.9251196579257441,-0.8772995438625499,0.9947480184556163,-0.918971834174615,0.9868729845076956,-0.9210577938261486,-0.2427433655012297,0.9485653208248843,-0.9821785068044523,0.9650334995755969,0.9827917733164504,0.8187371202605829,-0.9860961233102385,0.9731032510556474,-0.9824230727660884,-0.992456227438928,-0.9386528689941754,0.9659675824634688,0.21597073906647254,-0.9897968461840492
0.991040706303534,-0.9461858938870712,-0.9707630463199147,0.9470147970536978,-0.9624306832015842,-0.9765003386175634,-0.91185517626796,-0.9470280869472029,-0.9826176211415957,-0.8452997818163623,0.9276870699034374,0.9741163088685633,0.9840528377297985,0.9524389209244246,-0.9087134540787438,0.9999999920332944,0.5145767148504987,0.9773232778868153,0.10647757912143235,0.960311172982305,0.9780101052307234,0.9244348322181347,-0.12529447008350253,-0.942805648990105,-0.9777031663946788,-0.92048922170519,-0.9893627991149737,-0.9548966519367874,-0.8313155588280364,-0.9745493946912672,0.7626358888700645,-0.9915273285775134,-0.9900427349203823,-0.9730263857115338,-0.928167871014746,0.9904118284915745,0.9899718568386329,0.9862894744262372,0.9868866220761494,0.9830280867147716,0.981756205426634,0.9262216317286421,0.9422318246438302,0.9836687004895479,0.9790548521430393,0.9805461756080807,-0.961371226703901,-0.9581176881997885,-0.9832057697456476,-0.7487149636540961,-0.9909930651623484,-0.9768713977088356,-0.9987377838267661,0.6747435493525473,-0.9839440327731747,-0.9738149070197354,-0.9739714301066672,-0.9682809530350568,-0.9667683130114353,0.9754665215020129,-0.42708266256898886,0.8469025322995183,0.9706691738854712,-0.9039187977583321,0.9689158598063446,0.946104153318848,0.9971764213615912,-0.9862597189273136,-0.9878078515885039,-0.9783162570413712,-0.9727753026641646,-0.985542529341857,0.9839233510766574,-0.9650796657947273,-0.9730174392764068,-0.98958168514895,0.06401238320047876,-0.9728855555623381,0.6120938989573601,-0.950348195744899,0.9692832760560309,-0.7410024943562736,0.898566858098356,-0.9912749513886774,0.9441643313067788,0.9833760112600702,0.9800516166219795,-0.6674125567954227,0.9791417041132696,0.9770238699868341,0.9820131366778515,0.8822026330250182,0.9815152018420874,0.9844238563051022,-0.9750806075367124,-0.9561159285449301,-0.9750313444219242,0.9525035867766319,0.9906513322896227,-0.9749523490628939,-0.9883810825631135,-0.9839078092214493,0.9839147431475425,0.9947931003566233,0.9104719573347565,-0.9962586462644855,0.9866761655042311,0.9837964140267591,-0.9213131448930827,0.9907818516201027,-0.8573538088340641,0.9852591884519107,0.48908151438401787,-0.9902799559234953,0.9694811976350493,-0.9733824736157514,-0.8281897514279905,-0.9776407707590924,0.9513080143576939,-0.9537626059296995,0.9699048278954426,0.9179104027677931,0.7424797212227209,-0.8414469387388844,0.20898767050450323,0.9418360222222368
