1.0000000001836555,0.08777701272933419,-0.8923174113181876,-0.5717248020154463,-0.7179544852845986,-0.698214298774369,0.8715118262251966,-0.7600910892131247,-0.972673927454533,0.3854657196946624,-0.9808564700833964,-0.8501305626653802,-0.962526217711854,-0.6260404315907642,-0.9592762767937147,-0.9051479057674102,-0.8561417733251333,0.9805243742553392,0.9679434648447123,-0.5978894460233465,0.3672927112067769,0.935256458216246,0.7759649757075707,-0.8116790316798927,0.7042726209903688,0.8246297848332046,0.9478634426248344,0.734859560655007,0.6425915765205283,-0.5807804938515256,-0.566178962289837,-0.8458184635711318,-0.9351040064966636,-0.7191591984870075,0.9047639780016966,-0.7988401756106002,0.2645951883161428,-0.1620477463482603,-0.6636352655277828,-0.6556327620208994,0.9579182502266622,0.7171707804886598,0.017298057978426637,0.9759652243814358,-0.7453510313562536,0.9702094658337888,0.9488609158462179,0.964620762593673,-0.8947927584251296,-0.9785385847199352,0.8536331144628743,-0.8446971112505881,-0.9643925754578925,-0.23193345759940573,-0.43048655257744933,0.8559930009494854,0.7452208331323082,0.9131254964188363,0.9111983953572592,-0.38072199064399725,-0.3234785360408717,-0.9410267676123144,-0.5330630779057853,0.6673137466955231,0.8810807773782718,-0.9262966196063492,-0.47692026444380475,-0.5660780079926777,0.9227274004015352,0.7964652954098302,-0.6342841600219019,0.8654576990640175,0.5144196060011413,-0.972769029848376,-0.22282341270581443,0.869923965069568,0.9343666321213349,0.33781741085788647,0.6091705820842538,-0.534502889869407,-0.94318099786343,-0.9090332709552005,0.36884478294007184,0.9513718183840072,0.7771802142079067,0.8568096233173765,-0.9141480318423977,-0.9611713163864932,-0.6713044310071352,-0.7792981108972005,-0.21597123782390737,-0.9022685641976784,0.9167507337685988,0.8293428221731413,0.9513626756378012,-0.9890941786651144,-0.9104903068605399,-0.2527536608763799,0.8833569586497756,-0.9138395894578242,0.8971706777962699,0.8852422652742682,0.9805884088652719,0.48430032088612407,-0.7609770360991174,0.8178293009318671,0.8787715389198796,-0.7530631082336104,-0.9655124474225837,-0.9081982398104937,-0.8307774655950386,0.8241496039299938,0.792512176169698,0.8493669115442481,-0.9687391799049334,-0.5449901724617241,0.7653269343581014,0.9791956101478388,-0.11921924791465249,0.1132137772382731,-0.7657482677753211,0.8042706774401198,-0.9645953286040572,-0.7418163201283151,0.8950973014890036,-0.3940345173252666
0.08777701272933419,1.0000000000354818,-0.3793068863497809,-0.09291368119921434,0.0007834560592951598,-0.17791651398592997,0.44787757821727286,-0.6869619164289829,0.04104931609403145,0.4463861573911063,-0.19440094372069358,-0.5711085421581262,-0.05798405096305919,-0.718442960695865,0.010903539369842556,0.18134887863181712,-0.22369325504058135,0.18414694866814676,0.00244148591327129,0.022320881556387707,0.6753905597526578,0.3765548174251495,-0.1814087304427599,-0.3393839520854752,0.5460428498665618,-0.4191802418103429,-0.07502479399926419,0.7311151026573566,-0.07014939536975076,-0.6361884932234181,0.3230279134049005,-0.04900013056956341,0.03567245069342729,-0.45983573968478764,0.4361360126201035,-0.280151010220154,0.9595710493894387,0.2730636806834116,0.6309926960670006,-0.8043251207346431,0.021487954468059317,-0.25930283481876026,-0.9702274802179672,0.24176047039824955,-0.6861025642139064,0.000819763703111634,0.38284002050579374,0.2924301460839354,-0.49102813236652476,-0.2003689815175668,-0.39424770566785605,-0.5364136538445965,-0.32921640342548447,0.6523505812230398,0.8314938553105704,-0.07622175054352602,-0.3073853258919145,-0.026857845086857974,-0.09727879677482024,-0.7902657307160862,-0.9456613929366002,-0.3934572372244588,-0.8120489000285399,-0.032256221843526514,0.4849764649145103,-0.13076239097435555,-0.5649130913135604,0.09453464550119263,0.36933509003722687,0.6423523027718727,0.6782986797246108,0.36808926545447085,0.8901321034221638,-0.27191801312073954,-0.9569758660300325,-0.21993785576833913,0.4013017475914721,0.9644549865579769,0.7546425936286371,-0.609682412829152,-0.3912878260570281,-0.42115437482632156,0.6878916914111646,0.2863003789986057,0.636020301394757,0.336858540083224,-0.42746013767280433,-0.27101709187166273,-0.5691898298036292,0.11564387231131362,-0.8904705551222455,0.11186141474798464,-0.19727631203700635,-0.4670204101292369,0.3358072541553176,-0.16978579552623027,0.10199524605906037,-0.0934174429011325,-0.023683293177855502,-0.37960898836352497,0.3935039022877862,0.5051233900119687,0.1730056644020967,0.7449675566572929,0.40817591985309837,0.07197990558851827,0.45788342405416455,-0.4458092160203987,0.07274374693940473,-0.1796826801613884,0.30751072929339784,0.6070179721637429,0.5698176620808233,-0.3820689440731145,0.03723104024031393,0.607532877683757,0.6383811015108456,0.08857640418542456,0.3559152044222908,-0.8326543041609783,-0.3064171553686169,0.09337255381963878,-0.26132742162609396,-0.7025292037286316,-0.11770193234394381,0.8409882032431263
-0.8923174113181876,-0.3793068863497809,1.0000000002115963,0.36749710072654124,0.7324418646103918,0.6002188117516738,-0.9192076009106032,0.8479418599791844,0.8833193400574157,-0.7385817057505782,0.9521602199358667,0.9553254536247989,0.7783597752990554,0.8400525172265318,0.9085570843975821,0.8024943554113989,0.8855745587928306,-0.9357900785922583,-0.873150944442356,0.5840064161946802,-0.6459561093301105,-0.9570112996953283,-0.721708914449631,0.6671645484219858,-0.8021497243309317,-0.6631531982660854,-0.7923025700921863,-0.8893799853539284,-0.6802401086053927,0.786058146798631,0.5539240497306853,0.862032239619676,0.889285707220978,0.8440417666121302,-0.9870652055327697,0.87672600551203,-0.5807754935299618,0.3491203574592421,0.433252609134622,0.7934198860834599,-0.8188168526323095,-0.7386884191031955,0.2778225174080173,-0.9435078595538762,0.9033448762716396,-0.9159984362612655,-0.9214104566565898,-0.9521914333905055,0.9265589379097908,0.9340082323543204,-0.6769212505336878,0.9789487074252022,0.9329172122492592,-0.1296707972654211,0.1297750698354381,-0.8487568796989816,-0.5030550386726933,-0.734322296662892,-0.8821124373293865,0.6365275436222951,0.4983813556540027,0.9770770912639856,0.7610524475803881,-0.8152261590980115,-0.9350600863677859,0.9315026087583279,0.7777036633977509,0.721793786009858,-0.8766069041553735,-0.8669092191264581,0.32255232068530804,-0.9219984381697195,-0.7436985613129843,0.9534486647297573,0.45765449065547614,-0.6015919889475626,-0.9473262910569109,-0.6049491652179365,-0.8558662131997454,0.7395275678495515,0.9687250874546538,0.8852543436560673,-0.5897401859986213,-0.9635805623014524,-0.8480525843731114,-0.7350265724964465,0.9308105430619402,0.8973439472710263,0.6303832239577455,0.5634634092257861,0.5747943755997911,0.8421861258150309,-0.8213892968820939,-0.5945239359052218,-0.9595812733495098,0.9432337169448449,0.8725927181466839,-0.022873122904141844,-0.7131702905779534,0.9632598172283541,-0.9221108232465688,-0.9305993619590216,-0.9592045299782618,-0.759888458903276,0.681416883052513,-0.7867339532446682,-0.8414974803084553,0.8567662007123115,0.8798358100178216,0.7366692634847974,0.6431667837204225,-0.8623891186935656,-0.923099384829547,-0.7068465409745647,0.8919043431976273,0.33711847493497304,-0.9201368395866052,-0.8818101850884231,0.2678674942312973,0.002646486406474522,0.6682260653626497,-0.6527391459736923,0.9066184070375624,0.9162446670236878,-0.6758191208299998,0.06034572023922622
-0.5717248020154463,-0.09291368119921434,0.36749710072654124,0.9999999990655591,-0.008493184147844605,0.8064231252506794,-0.6785671569718624,0.46237264866666666,0.4503555361302909,0.17458130989023093,0.4740759477093069,0.37728942755681055,0.7230075602191642,0.08548463463252028,0.4792799959294605,0.26910913428897587,0.15444865429047946,-0.42561969707772457,-0.4247171799891567,0.6459895002029868,0.23360570979714423,-0.3891296977708215,-0.08679078801794406,0.6187299972803654,-0.04765421920054889,-0.44512941886321045,-0.35826087174296545,-0.372587501538272,0.21225054760251108,-0.055235214238401054,-0.15827946612160287,0.056919574036773724,0.2837426625174494,-0.009109871373976288,-0.3792119166050112,0.04814366545249582,-0.18051714379720762,-0.48922636796679125,0.4433864910800043,0.38582380198081145,-0.6914040746265593,-0.03554244576695989,-0.06189772242546171,-0.5252438897819786,0.25933793890893064,-0.4592592435508424,-0.5215340429706815,-0.43310550618057475,0.47691253107529386,0.5360174955103972,-0.4768984441743959,0.3614720489227443,0.516158997132092,0.5558623394821065,0.34997659976833934,-0.23298773825066577,-0.8363303290813306,-0.5104897736052391,-0.34941771572655883,-0.16013406397113714,0.3435195250871547,0.4865874185342826,0.05329720842854473,-0.0015233489990997319,-0.343595163077611,0.30612315252881234,-0.2202575032248709,0.05019421243484251,-0.5644477787132159,-0.5195991769511018,0.50929579682308,-0.223647051368446,-0.27348004016180577,0.5289036267129676,0.04481040851109438,-0.5238076188079241,-0.4412384487040222,-0.18601514376822417,-0.10805442529501404,-0.14073511527834887,0.5377321164551746,0.5197052503733981,0.2566169800480831,-0.3830856214438297,-0.4891271376480078,-0.664238516056979,0.5521253564158999,0.54215377045519,0.6041507967667427,0.8435287000220661,-0.007591891915503259,0.2054161481469223,-0.43101082802241275,-0.34816787916117575,-0.44408174781914594,0.4858919154351745,0.39841334157468417,0.20897778932027924,-0.7596888327645358,0.314741940963621,-0.6141614734923864,-0.436890326221708,-0.4711036007122682,0.11368486082262971,0.17643889786134376,-0.689748223893775,-0.47217726337079136,0.08033456786634847,0.49452834902877446,0.6710791655619294,0.6806590526650259,-0.4439624573484166,-0.19668194436876849,-0.3506563518190489,0.4603205224058447,0.4835301758568694,-0.25458273255412933,-0.5296684251990662,-0.26090520174825865,0.05979291798312481,0.24496223395426756,-0.7756179928800101,0.44296817736552635,0.34170354643110706,-0.7262256802933085,0.3809408237061244
-0.7179544852845986,0.0007834560592951598,0.7324418646103918,-0.008493184147844605,0.9999999999054616,0.02076565434466545,-0.48928865833474183,0.4201685688419831,0.8228592664670319,-0.6216133171197008,0.7196388595194576,0.6702446683058199,0.5228301960384253,0.6739083822471791,0.7864275418339609,0.8894142749519482,0.9412103356925344,-0.7838312509506415,-0.8633610047195173,0.04991467406847182,-0.6760131274028309,-0.7401428530644214,-0.9731671043858516,0.3135341816316306,-0.7421054590499379,-0.6640872494134881,-0.809224866608772,-0.5197428508023337,-0.958593474375045,0.7523765104661786,0.927477933997576,0.9243046656607423,0.8764741283450584,0.8451007807918997,-0.7447205975109757,0.9319143980587884,-0.12639360316119874,0.6458975248591241,0.46979322250026434,0.4206142432217005,-0.5073790818521876,-0.8479313469665897,-0.09941654965998944,-0.65676176745564,0.6118734059001418,-0.7695215865712665,-0.6778537137156833,-0.7378545010488458,0.5760649933317099,0.6453741592061457,-0.6239524100577674,0.6391313988813352,0.6710749711115545,-0.2722024636957283,0.29304524561499323,-0.9270528999232039,-0.3199970003145247,-0.4933569053089643,-0.812755540359336,0.5343318848998079,0.0603306469925356,0.7118365577070076,0.5333948569233627,-0.746154603966037,-0.7493364340685281,0.7094061757896228,0.7229025753995955,0.7091657807061714,-0.5151677691282521,-0.42482731480650404,0.3754065598958319,-0.8767589019668331,-0.3113641586293595,0.6626439274362161,0.13567444047547877,-0.47436008941043367,-0.7524780079488783,-0.19993897947154285,-0.6053100998300279,0.7521478773459378,0.6497478699955616,0.5377362167389211,-0.5980750657986134,-0.735601234895347,-0.38393698595053277,-0.34209503166351,0.5334886923799611,0.5958056568139484,0.12989274263961711,0.16850862201285166,0.3377543178204921,0.81938984287293,-0.6925205309990011,-0.6698516067840434,-0.6866828956537611,0.7445302708841867,0.8105362602473473,-0.03339730166766745,-0.3304376518912673,0.7935616168352775,-0.46793707860497846,-0.5949061120576219,-0.7507935441195295,-0.5558611827879717,0.7468281264296238,-0.3192619281543688,-0.5624582710472318,0.8766693937714923,0.7363766115277961,0.41781434937003487,0.41707626135261094,-0.5728415602059691,-0.7410198422290147,-0.71294594336461,0.7211009902207028,0.18730704155167555,-0.7073453979564677,-0.6281844325126469,0.5410161659407646,-0.30172491314168515,0.7463333043173823,-0.16885410832221992,0.7238668489092915,0.5309040047189146,-0.37886137815354326,0.27356784822393065
-0.698214298774369,-0.17791651398592997,0.6002188117516738,0.8064231252506794,0.02076565434466545,0.9999999965814186,-0.8060145859456257,0.6814260221334857,0.5674292874228345,-0.06391344930107423,0.6938912700005033,0.572830168126696,0.8170449598916781,0.2571734932884353,0.6096419087206351,0.3922686304081245,0.27843277185721754,-0.612117628896398,-0.5050229533488582,0.8912991273985198,0.11057896081727012,-0.6014965148093943,-0.12688152255304874,0.7857653865324101,-0.2473741802981992,-0.52550003437287,-0.4972393045878617,-0.5677213331294212,0.041884266615228656,0.10058598956719639,-0.11055030748405063,0.2892694514988552,0.46661723308498637,0.18669550990861838,-0.5813816130730923,0.21594683237282483,-0.33725504122848976,-0.3222023837179039,0.47846972812297334,0.5336110592968989,-0.8586268930829384,-0.22823840705153775,0.11733014141437127,-0.7480330488568292,0.4842982263118701,-0.6373862357999399,-0.6669640838586282,-0.6422040669705974,0.7116850339470709,0.7633069488399283,-0.599795700156218,0.6203824531016758,0.7021172924600374,0.5470159651084122,0.29437484833405136,-0.32320084343734473,-0.7383815861093199,-0.7699980340003667,-0.5253865016182871,0.03254740857665005,0.4190493500140264,0.6564604237543874,0.2586659027384981,-0.3062305837188171,-0.5116641847921272,0.6391281391110465,0.03529481676515044,0.21513782553560543,-0.793155075564466,-0.7315219992579136,0.49442433185730206,-0.36244047817032454,-0.475239889697417,0.7415215571389353,0.19866965692460306,-0.6981649686895016,-0.5829058009161688,-0.3357353646332692,-0.3224922657060422,0.027662076349592262,0.7233882549773998,0.7514270075418131,0.06892367971288992,-0.6371139715381754,-0.7440839212778865,-0.8425292619705002,0.7924660262189527,0.7666090558270061,0.8023594019020087,0.9361721918355052,0.06333160313565606,0.4723733388748881,-0.6397414116976028,-0.47552987893677673,-0.6843420174425084,0.6736243051606672,0.5265618425918551,0.2334506961745122,-0.9274747761715785,0.5240233712071671,-0.8531727497065887,-0.6805255484610222,-0.6686397872467678,-0.1878364020272115,0.36966760091230494,-0.9122831798046767,-0.6613404267487384,0.2009640741487789,0.6594024030924739,0.8311833996904959,0.7831888801858066,-0.5936493667693168,-0.4120093972512276,-0.5079717311429679,0.6770690965508188,0.614815917256614,-0.41844310309190624,-0.7640510519459427,-0.26480704994092175,0.1031137399332366,0.26189363169525726,-0.9759621547542181,0.6325807468955693,0.5807151166132989,-0.872738149300828,0.2437770018505543
0.8715118262251966,0.44787757821727286,-0.9192076009106032,-0.6785671569718624,-0.48928865833474183,-0.8060145859456257,0.9999999990511582,-0.8876221335366951,-0.7973759861867382,0.5329184330222665,-0.8972109019303947,-0.9080094053393011,-0.8492664050064922,-0.720953161866609,-0.8385433826231887,-0.6420760019565963,-0.7025201977139879,0.8561434355343726,0.7778018224451289,-0.7186646773418092,0.44061003605549515,0.8845072542855388,0.5005119052481837,-0.7657992196138542,0.6452077084589631,0.5969537222777597,0.6808951307430033,0.8849401263741833,0.36873907902930025,-0.6068885367147507,-0.2658340809333829,-0.6326254674704014,-0.7360422078570148,-0.6418713428669575,0.9142777722702532,-0.6635262882082196,0.6315524668089108,-0.020642102145653887,-0.40704846667416783,-0.8266594828479555,0.8725173607670418,0.5079532058246383,-0.3136360965537175,0.9200639712823158,-0.8394687917007679,0.839340430410878,0.9097954575643378,0.8884582180424194,-0.9209068728900326,-0.9134643949341357,0.6255169722303594,-0.9241389386100048,-0.9133137447298498,-0.05774689442167558,-0.12048905698067026,0.6777987920190865,0.6564430772845501,0.7280840862725166,0.7588828745429778,-0.4836600247501117,-0.6218622336778522,-0.9440678374824332,-0.6674769526591336,0.5962212444006806,0.8590876531228182,-0.8142468304422406,-0.5415089522798375,-0.5383665433484727,0.9046296946720134,0.919836970196257,-0.34192190887584967,0.7794423327715179,0.768389514880008,-0.9323935868210286,-0.47078058767888686,0.6044525175144535,0.8966447155636769,0.6420083732511445,0.7554072576431493,-0.5337476869298625,-0.9626420271936837,-0.8978519332439606,0.39047725343930473,0.8801726172277444,0.8965690587637207,0.837406827149395,-0.9517999248720209,-0.8951840482754168,-0.7761282296808749,-0.7419883925255627,-0.5293319489283682,-0.6662723765599421,0.7404970893304962,0.49314963676744533,0.9092811622918535,-0.8885066299634762,-0.7691957991009533,-0.05088232593137367,0.8254765238034523,-0.8576061853326801,0.9736777241873188,0.9089227739232077,0.8973877771319493,0.5981436435184573,-0.5066256853536177,0.8784278952901248,0.8428833234029078,-0.6806508941149011,-0.8186651218695044,-0.8169502714304336,-0.7047608372166296,0.8657081766146025,0.806240364238235,0.595358555417102,-0.8204442946174656,-0.37789802621162616,0.8371251767532718,0.8571775812062987,-0.044107999811204515,-0.13227060295796478,-0.5770661323346035,0.8102409751361633,-0.8504303745340087,-0.8931160071860507,0.7655165054357751,-0.07441117844729343
-0.7600910892131247,-0.6869619164289829,0.8479418599791844,0.46237264866666666,0.4201685688419831,0.6814260221334857,-0.8876221335366951,0.9999999989279682,0.6349317097609299,-0.4783434694447684,0.8219853134374091,0.9495023852325212,0.7437504247040396,0.8584759823265636,0.6395021115898779,0.49331856687335923,0.6972936739191233,-0.806610220736508,-0.6512821014218043,0.45596385480469737,-0.6181723291298773,-0.8991698919194266,-0.36032486941760955,0.8629158129469018,-0.8345822511958041,-0.29317051276473804,-0.6257259690832775,-0.9773639311227685,-0.35696374423367955,0.7639156464984799,0.11039791834168751,0.6045699883297461,0.6144045307335998,0.766261014379733,-0.8959086592158432,0.6952999122756464,-0.7804854937358594,-0.14257831277948746,0.059152868582513264,0.9745699049442265,-0.721126076011325,-0.2913448674681173,0.628668588169286,-0.8582969769710411,0.9545607996555541,-0.6715432134938559,-0.9142979263930044,-0.8705661933141091,0.9662389667396468,0.8370435408924243,-0.3506506802754159,0.9314266378256456,0.9004875651750336,-0.16400828474050663,-0.22874513572275004,-0.48859563468858175,-0.3163818072055782,-0.699798175427956,-0.5504896648856594,0.7459474732382022,0.8407416211502822,0.898835285426326,0.8764164349607824,-0.41273053690695194,-0.9146991148747603,0.7626022775355775,0.6411731747536747,0.25917551827579677,-0.9285424285315363,-0.9964217252518575,0.026385053112273155,-0.8042599362516436,-0.9310154029026475,0.8694228133130624,0.7790516205739553,-0.5424969457730549,-0.8975700884064618,-0.843908119092545,-0.8778598265976224,0.7182520952321839,0.910906314454896,0.9476572180163321,-0.6728792461464734,-0.8619764769926705,-0.9941932616283347,-0.8844790574957074,0.943656698118958,0.8847182889434461,0.9152723287567889,0.5310603380568055,0.6457098847822482,0.5721382214185464,-0.5241677538764474,-0.3026262844086915,-0.8973297770403066,0.8052126009780972,0.5357847692698435,0.34329276056115204,-0.6615294005434682,0.8730031307127004,-0.9087853995531595,-0.9664851982308341,-0.7955110791838246,-0.8064660165788452,0.25766319323910564,-0.6523398664729327,-0.944405799402965,0.7622783405823824,0.625695819179246,0.8152799004281229,0.40713653521546217,-0.9741617614780074,-0.9028306509504532,-0.3490152781184635,0.6661429573442137,0.034203253805611206,-0.9113112591432295,-0.7805074988083592,-0.2604338941790338,0.5040773866845233,0.7217591091691234,-0.7045336037166926,0.8600583075856442,0.96686714210187,-0.6112711035824342,-0.27079846975534705
-0.972673927454533,0.04104931609403145,0.8833193400574157,0.4503555361302909,0.8228592664670319,0.5674292874228345,-0.7973759861867382,0.6349317097609299,0.9999999999471585,-0.47147216165828815,0.9545272089799866,0.7912365555338207,0.8884628993811923,0.5908037629260833,0.989854598420383,0.9725161039594117,0.8913111948472977,-0.9615853016340942,-0.99148915431203,0.5540482669591259,-0.3862397428527914,-0.8922496711084976,-0.88793160833125,0.6604527904515447,-0.6655979801126177,-0.9005304765185329,-0.9539148236309095,-0.6434521220079094,-0.7605844648286235,0.575915516937947,0.7328267294157619,0.9066753863554109,0.9832100104304853,0.7256966679620175,-0.8753972544260068,0.8387345483468289,-0.15818849663856832,0.3710517140229556,0.7465132984815053,0.5341681223973237,-0.9032824443365772,-0.8523230936793244,-0.15312004539157778,-0.9282077336965456,0.6759132187915298,-0.9899608012778742,-0.8801435990352289,-0.9259576651578052,0.8064250166380094,0.933578873446014,-0.9070313071020591,0.7969070864657836,0.9018093160653567,0.18944176767891033,0.5268271210282001,-0.947790130926768,-0.7320647039454268,-0.8469491750841255,-0.9736519389581193,0.3374122725753825,0.15678340585191683,0.8989319119457142,0.46415928703401,-0.7801392730195903,-0.8331398067092909,0.9214877765373122,0.5214772346021388,0.7078506580468228,-0.821919522215421,-0.6740478771912203,0.6874864230356457,-0.8669661629836487,-0.3980441877113292,0.9250143499715713,0.08753536601758401,-0.8191211986315161,-0.889172530013953,-0.21715289801149676,-0.5667570394312688,0.5372163894282541,0.8873622695359755,0.8087003827266396,-0.3453480556272425,-0.9210998333788991,-0.6484289034841348,-0.7161783337141319,0.8272985664776813,0.8858875568685415,0.4874663133893326,0.6939369935115808,0.18183204082742999,0.9498372880471572,-0.9562965241128722,-0.8835297349051058,-0.9020428451056136,0.9670966302333633,0.9739104347096605,0.09843019016201178,-0.8060416829530311,0.8901681829008317,-0.8136302058963478,-0.801510917478062,-0.9683685034311329,-0.44887513271022933,0.8737340907128948,-0.7722719162760627,-0.7725683643157696,0.7627219772558195,0.9864999184215559,0.7936593777090402,0.8333092783478286,-0.720861721172561,-0.7555780841543062,-0.9237255394687421,0.9786168910090174,0.5910657385644195,-0.7228180931316986,-0.9361349824496906,0.33312180180710377,-0.3021162564769372,0.7155847677881788,-0.6860897383974126,0.9142784041155191,0.6630641724231602,-0.8277376531693986,0.4847124396436463
0.3854657196946624,0.4463861573911063,-0.7385817057505782,0.17458130989023093,-0.6216133171197008,-0.06391344930107423,0.5329184330222665,-0.4783434694447684,-0.47147216165828815,1.0000000004212741,-0.5169120710216936,-0.653486499673247,-0.15897872412496916,-0.7552393491210244,-0.5355708351072778,-0.45635454131021186,-0.6425345001525142,0.5016930027409428,0.45976173680799653,-0.25621545951826374,0.7897072758370411,0.5685032667464791,0.5320590426548827,-0.04337837586804753,0.5839712809938454,0.2963375848731125,0.3091945843147226,0.6330597339670508,0.6245974907069993,-0.7529510854773256,-0.5460370197841458,-0.6323733237199852,-0.5535536165966092,-0.6994003845081234,0.6792086535927954,-0.7017250059080854,0.6222553079420073,-0.7039787899958184,-0.07262593445336026,-0.519781670714877,0.2555939230247348,0.6460954977644111,-0.37288061362875985,0.47909104830695637,-0.674390363158939,0.5195462458447967,0.4563562785513992,0.5264939827627965,-0.5014197902454702,-0.46007003076972286,0.2547317681623994,-0.7103212818363038,-0.4614952172595849,0.6048606060503963,0.18378411878808917,0.636620852700956,-0.010233682953088906,0.13754385282695575,0.5821862776020361,-0.672911437819975,-0.3281338802499465,-0.5996591522418199,-0.6794129652963327,0.8139871294406881,0.5954121737919721,-0.5647354148328004,-0.9165974434995454,-0.807611230519958,0.35512873909674314,0.47045974478199915,0.1312668438101086,0.6560217407184373,0.6034603428407681,-0.5026833461793822,-0.4171530110988604,-0.0329619624041922,0.5543460539466455,0.5633446009901013,0.790914889607476,-0.7336204304897929,-0.5609823466819462,-0.390819061147479,0.6278753089330674,0.5709758781332988,0.44787579407772005,0.12416515950358459,-0.48254419769722173,-0.3780287647450096,-0.10495330187526994,0.04255904332007991,-0.7727249925562594,-0.4986789023058146,0.4266931846578674,0.13711939664316355,0.5400991024454611,-0.49816197056133843,-0.5690983176107368,0.5386726436256629,0.11773074904839888,-0.6327537363127125,0.48701793939374294,0.5271156040868936,0.5492224652392127,0.7723231693667243,-0.4516383481307383,0.36891052337907715,0.3465374667261861,-0.6894920206138301,-0.458127476753665,-0.09603702492669344,-0.1521996865044087,0.4618212872496745,0.6957373571579964,0.3430742564295042,-0.4601822135235683,0.019588075656925212,0.7196728389872702,0.36273100406119846,-0.6157562696356259,0.07892292343236992,-0.2548848243897172,0.04918432528870364,-0.4294411114134406,-0.6859328447524035,0.04894558274955742,0.26853705677700546
-0.9808564700833964,-0.19440094372069358,0.9521602199358667,0.4740759477093069,0.7196388595194576,0.6938912700005033,-0.8972109019303947,0.8219853134374091,0.9545272089799866,-0.5169120710216936,0.9999999997477924,0.9091249618593539,0.9177536952959551,0.716742305471017,0.9524856725708216,0.8846147861165902,0.8796750874268898,-0.9910387229236883,-0.944200727332551,0.6186811282645438,-0.4708090563049899,-0.9717033756976377,-0.7565942718057387,0.7995629929852385,-0.7686078981463779,-0.7744226649593507,-0.9194508109985234,-0.8106820302914928,-0.6752393620577507,0.6672595725667403,0.559358628867173,0.8811502017046088,0.9410676143994309,0.7871190564959144,-0.955210228966707,0.8445565624178281,-0.38440750915989447,0.23052110662712824,0.5856675367308678,0.7224685238285163,-0.9349563554922709,-0.7393721412869453,0.1086761027164966,-0.9953468015996776,0.8274633396640023,-0.9712505046659712,-0.9609019874158432,-0.9893695592223104,0.9395030648119748,0.9945419567824343,-0.8071001989465549,0.9200800640801078,0.9806868123569513,0.11875371720025112,0.31940288377613196,-0.8553889789365466,-0.6444506540682245,-0.8988925008761258,-0.9169764675806992,0.49287584105632787,0.3944449962430094,0.9722989739329843,0.6367287596815681,-0.7442727245017585,-0.921788314555187,0.973474081516279,0.6030648918836933,0.6195533980194625,-0.9436801284184326,-0.8506361904360213,0.5275422061083642,-0.9005445171428245,-0.6164735639005857,0.9942356062258583,0.3266837956426247,-0.8158713937452168,-0.9568420117783399,-0.4449118662614381,-0.7151684337565851,0.6241417585461525,0.9737959375320185,0.9379100278136783,-0.47110406257294973,-0.9899453222268983,-0.8391794860477154,-0.8503703357354981,0.9530580982404129,0.9745650069726219,0.6958821123827656,0.7216569667935598,0.3325049085151432,0.9185396386578653,-0.9088260365517534,-0.7708896243538033,-0.9871644063426837,0.9980187615212606,0.9053042014140075,0.19236185562207936,-0.8517252355608884,0.9574982611999183,-0.9357731238465469,-0.935663827356837,-0.9970366953632704,-0.6160187800452775,0.7534874521511116,-0.8310147838505194,-0.8996958294486976,0.8014231686031564,0.9545625996689956,0.8823502559750581,0.7776871201512708,-0.8607032191951326,-0.8640824057058273,-0.8188003358481749,0.9700819352932278,0.4892703698208814,-0.8349532332140558,-0.9813862354971137,0.14444200701151014,-0.05528278137491839,0.7447898033223171,-0.786199539510004,0.9748347485101289,0.8290485036661833,-0.846627899851627,0.2614402521960914
-0.8501305626653802,-0.5711085421581262,0.9553254536247989,0.37728942755681055,0.6702446683058199,0.572830168126696,-0.9080094053393011,0.9495023852325212,0.7912365555338207,-0.653486499673247,0.9091249618593539,0.9999999986955581,0.7625265351286428,0.9275945434078617,0.7958266939171589,0.6915870159193346,0.8723865073984122,-0.909388714990139,-0.8100895812109,0.43335424424097246,-0.7341354765568888,-0.9719981278403352,-0.6137293010373446,0.7691811476316389,-0.9029445128081368,-0.4726636527319214,-0.7518514181578332,-0.97537569614698,-0.6016096664848981,0.8697371295075434,0.4036627653140374,0.7941085004375936,0.7921430281310036,0.8937834360534389,-0.9855001670768259,0.8699933877206081,-0.7069448101829161,0.1424807311151697,0.21594504970926678,0.9299075417353734,-0.754645136592404,-0.5444282139362024,0.4819571380615677,-0.9165660091619133,0.9826251650436015,-0.8118169967757212,-0.9580615576737792,-0.9477219429144756,0.9727315537740748,0.8961354345092435,-0.5007486293715459,0.986425700903555,0.9473369101281937,-0.24008530920098847,-0.08727912711307653,-0.7205803168955203,-0.3753978544966194,-0.7076849429068709,-0.7365294136319466,0.7782885960885719,0.7011641573382833,0.9743540236690479,0.8895042248528244,-0.6281527647777791,-0.9854123040164036,0.860167406358182,0.7854934114090435,0.5056838139925665,-0.9140216318760388,-0.9510293617838796,0.1409659157442049,-0.9395840562098858,-0.8727848904773816,0.9296511046229404,0.6698973794203958,-0.5630782036397877,-0.9744752511183684,-0.7654728836337394,-0.9302485322655937,0.8278565981390335,0.9645177244983654,0.9360600127742013,-0.7294042796213236,-0.9444700889678431,-0.9336516384846355,-0.8076367555632857,0.9473537676791884,0.9059784390196609,0.7646945507070049,0.4898203794397252,0.6731628283342397,0.7340491614818316,-0.66878082281275,-0.4528613383300262,-0.9563990229614198,0.9013327817450115,0.7258520222796999,0.18059523302430952,-0.6477861189997319,0.9713667022741028,-0.9088475179818747,-0.9790602300639099,-0.9023225035037273,-0.8479426944601257,0.4747078573128791,-0.669421712414259,-0.9300042741841378,0.9030294884463708,0.7628736601966409,0.7743805547559874,0.4843332986094615,-0.967855894311192,-0.9790385202922726,-0.528307787198227,0.7870456338514844,0.11152236865530726,-0.9822844142720508,-0.8362440062541253,0.027909856271275804,0.27757107594087566,0.7859804965927768,-0.6265532159750414,0.9228606656270816,0.976978105385265,-0.6120977066510096,-0.13472787955782364
-0.962526217711854,-0.05798405096305919,0.7783597752990554,0.7230075602191642,0.5228301960384253,0.8170449598916781,-0.8492664050064922,0.7437504247040396,0.8884628993811923,-0.15897872412496916,0.9177536952959551,0.7625265351286428,1.0000000004665917,0.4825260745180349,0.8712588028116373,0.7904194105920629,0.700926587724127,-0.905581888657309,-0.8776372845725748,0.652648534805457,-0.16798203999169065,-0.8553564274324279,-0.6074468679091434,0.8919528878308497,-0.5812444294065713,-0.7680271650976235,-0.8858160506769198,-0.6677663700708415,-0.4347576126835089,0.4086486798895469,0.36119655081401264,0.6853782852328336,0.8155343890316018,0.554386259133951,-0.8023612392151425,0.6250925696146434,-0.20778469450737694,-0.08352804286681118,0.6528767689803349,0.6180848188341439,-0.9791476000513238,-0.5408748105552617,-0.037176968734278684,-0.9338693747439017,0.6496645602902492,-0.8893129629739899,-0.9067661600199733,-0.895524876744997,0.8585088679402113,0.9413675376743738,-0.8177598581292047,0.7510798055086536,0.9231478937521006,0.420030587770498,0.4545052966688663,-0.698424223203997,-0.8125956181621696,-0.9426370395767079,-0.7961651882933181,0.23627587621703486,0.34287990913076044,0.8661419583733986,0.41770389924374846,-0.48057974400504494,-0.7887473213584164,0.8413540533007329,0.2599497135762507,0.37306144589089646,-0.9263627229842577,-0.7864785687419127,0.6728873611676912,-0.7284293598781731,-0.46210109621367124,0.9261329138284969,0.1879621858068687,-0.9205118700162533,-0.8569917092817001,-0.28760100158274127,-0.47227348598958857,0.35522683736389,0.8888268307238798,0.900283495168717,-0.21157123584987061,-0.8713160819645877,-0.774816454619714,-0.9259400897181189,0.892802819830866,0.9472148146704903,0.7627341302572279,0.8919510546938699,0.0774574854781854,0.7931516161647995,-0.8518153093183214,-0.7942712961679114,-0.8895780521601476,0.9252566507999468,0.7996302284270828,0.3963883453850906,-0.9523468847101391,0.8071992065312982,-0.8864663077901772,-0.8386169650579524,-0.9052752922445504,-0.3339721939337387,0.6438258357240005,-0.8375220792081788,-0.8678363675487946,0.5915532959663418,0.8997768511319055,0.9704497179038905,0.858594611513646,-0.787392991599027,-0.6694400467940662,-0.7766887001947331,0.9058545267243605,0.5892657679441975,-0.6449391929659491,-0.9583137109280797,-0.0916043325570845,-0.03126034286063012,0.706287029687438,-0.9086354848102597,0.9140102284472539,0.6626701938817763,-0.9640933938512664,0.4317743243811929
-0.6260404315907642,-0.718442960695865,0.8400525172265318,0.08548463463252028,0.6739083822471791,0.2571734932884353,-0.720953161866609,0.8584759823265636,0.5908037629260833,-0.7552393491210244,0.716742305471017,0.9275945434078617,0.4825260745180349,0.9999999998704612,0.5889241231310023,0.5269694985379917,0.8326852672834465,-0.7417146574001641,-0.6378405458489232,0.12701819383488788,-0.929948842287328,-0.8493624036597546,-0.5420813451006172,0.5578102084107249,-0.9414947402802639,-0.20826916823597538,-0.5669383882745153,-0.936513360975123,-0.6235229780579944,0.9814054827930596,0.3921708495968876,0.7229910071066054,0.6352980102121054,0.9399882185969431,-0.8843610973443219,0.8684027430049803,-0.796956277910624,0.2319555655908706,-0.0800101376397956,0.9122821472011572,-0.4598739891259466,-0.43453172517568694,0.6498762915576584,-0.7132864669772061,0.9675620603861359,-0.5996340251157233,-0.8060519147262586,-0.7925794777828825,0.8330175097469341,0.6790966678583169,-0.2158439163324216,0.8957951425058733,0.7748133471052255,-0.5813025835973067,-0.3666464009920807,-0.6044843317742108,-0.03852858453297948,-0.43789112320523554,-0.547413861399037,0.9462758671352753,0.7457053776375778,0.8336547017323486,0.9804964077189524,-0.5464923345434776,-0.9144780397897954,0.6836649403708257,0.9182142747663418,0.4368443144794957,-0.7169588966639217,-0.8324586427981588,-0.17817826558778047,-0.899170039291622,-0.8996894503120973,0.7346181124501673,0.8033906976869631,-0.2719960218116282,-0.8586193369733222,-0.8541447648275249,-0.9901621604341083,0.9610734747001524,0.7994221804586065,0.7652362846656859,-0.9122372076874878,-0.7940294864909583,-0.8115584957219244,-0.5779787940284558,0.7661293526063174,0.6992391750428242,0.5971244372660457,0.12998951614884058,0.846807889736394,0.5642718944897555,-0.41714652437598154,-0.19537465641717708,-0.7970697035156822,0.708847030062981,0.5321620253457092,0.09952051646576891,-0.31675248878822704,0.8787321932777145,-0.6996295037154492,-0.8545275056285031,-0.7143269226935148,-0.9600207119549423,0.2797285485349973,-0.3733038127972378,-0.7949366737852874,0.9362541251883272,0.5261196583956811,0.515815368308943,0.14714159291260104,-0.8872407839180113,-0.9666418065703025,-0.2830322114151914,0.5540496445867946,-0.22390613853888255,-0.9787554784642527,-0.5949678533745851,0.06855924221733069,0.4042103359273042,0.7520622415806073,-0.30190590889907004,0.7612556690419848,0.9319663946617605,-0.2789960902570247,-0.4047851665618934
-0.9592762767937147,0.010903539369842556,0.9085570843975821,0.4792799959294605,0.7864275418339609,0.6096419087206351,-0.8385433826231887,0.6395021115898779,0.989854598420383,-0.5355708351072778,0.9524856725708216,0.7958266939171589,0.8712588028116373,0.5889241231310023,0.9999999999503448,0.9453702956877935,0.8598023304797113,-0.9436867580698823,-0.968127757291523,0.6375240572123166,-0.3762838489194829,-0.87948708589992,-0.8550182481165737,0.6225525143592003,-0.6213528564279587,-0.9079839831483294,-0.9043167684336308,-0.657781192460094,-0.7176735831883323,0.5571640325780454,0.7053909764053511,0.8776870769358126,0.9681052511875892,0.6926337550184207,-0.8826432047246935,0.8093005610674245,-0.21184369470649647,0.3991474718066842,0.7548080633986474,0.5375169523893581,-0.9084687960390757,-0.863601324381294,-0.13454947088242283,-0.9283182279908236,0.6779614142890512,-0.9950869333558652,-0.863875663242757,-0.9132940717192598,0.8035724937919373,0.9349529890045817,-0.9103610285552638,0.8188540842915172,0.8897956286161173,0.18460427700936102,0.5204424168214454,-0.9466612347253102,-0.755451423167596,-0.8150171246383726,-0.9857409957984327,0.31885040697108397,0.1698636971802971,0.9054340816111766,0.4591371574878691,-0.8238774259542948,-0.8157674746894263,0.9209301274814409,0.5356758373668222,0.7708271597679313,-0.8113889138015036,-0.6834193820396266,0.6757336289182109,-0.8430763558758795,-0.4238229198125179,0.927942377931187,0.08367152042321499,-0.7704833454493996,-0.8756902142174496,-0.24447210150341478,-0.5821511686944154,0.5098434713284805,0.8988274647522488,0.7953977706736132,-0.30663069120410513,-0.9142374072306491,-0.656413330017326,-0.6944965628417322,0.8371578718178898,0.8724012164431134,0.47677793949325326,0.7143702445731249,0.22918011432557384,0.9290470879906623,-0.9653823722732959,-0.8483867341461546,-0.8976844037182355,0.9603722666369405,0.9891009004415848,-0.014029936738136071,-0.8188078161847228,0.8777077648297607,-0.8428779260652869,-0.7971320238295331,-0.9706359970151301,-0.45099108887738437,0.8786565647969404,-0.8306322835919221,-0.7406759371670835,0.7320745801521563,0.9918187048722082,0.7651099156376889,0.8576381174681161,-0.7023712724939812,-0.7446159524829894,-0.9208008085025656,0.9798838611884843,0.6249367787146434,-0.7243214668233101,-0.925810439367838,0.38846337399425157,-0.3272055828691631,0.6339727045651135,-0.7025983596440528,0.8856056541801386,0.6857386671610826,-0.8218582406060538,0.46866736857825164
-0.9051479057674102,0.18134887863181712,0.8024943554113989,0.26910913428897587,0.8894142749519482,0.3922686304081245,-0.6420760019565963,0.49331856687335923,0.9725161039594117,-0.45635454131021186,0.8846147861165902,0.6915870159193346,0.7904194105920629,0.5269694985379917,0.9453702956877935,1.0000000011153674,0.8968935407954949,-0.910655466916219,-0.9711283742439307,0.4153785012072144,-0.38551166283048044,-0.8209543929298702,-0.9556927419265566,0.5405765806008824,-0.6431911729385337,-0.9035695315646858,-0.9563372271126515,-0.5154113608595504,-0.8637069872834419,0.5551453121723684,0.8533409098561316,0.9425181389560183,0.9852336608637178,0.7249015030044454,-0.793580190131776,0.8531292129110339,-0.004695968320658174,0.50478284448733,0.7643651791629689,0.3953985763168855,-0.8041763999232121,-0.9112548608061639,-0.26936294887911266,-0.8401231536392639,0.5797444951781183,-0.9463570845623827,-0.7859749978756618,-0.8566389890719979,0.6945784092651369,0.8471330322511572,-0.8993758144230187,0.6943856196746859,0.811353489417384,0.1556362621237399,0.5811378209660962,-0.9648952322458927,-0.6394639699882875,-0.7909609096172229,-0.9598983280926429,0.3036469911599459,-0.010755747963483296,0.8034169804829491,0.3872419624210112,-0.7995710742413874,-0.7609635860708617,0.8817739537147451,0.521043047731118,0.7233657791616875,-0.7081868733932877,-0.5268266328774496,0.7023776647101522,-0.8382421325174342,-0.2536847468578465,0.8327710683142162,-0.0244631140932642,-0.7898292478914611,-0.8098695062864792,-0.07458594705343648,-0.48436735194916314,0.5360111071249245,0.7779286405993575,0.6986875425042601,-0.3492281217002228,-0.8573111013582002,-0.5036200371745336,-0.5850644769219602,0.7034291023597493,0.7924381263731078,0.324659510652998,0.5640366049931136,0.08461194482168016,0.9690672846264956,-0.9330687930606485,-0.9199383610036964,-0.8194713996921339,0.9019645765916968,0.9531419497447027,0.08450841667380138,-0.6884043292680404,0.8340418908299873,-0.6735866345855055,-0.6960088401514481,-0.9025817440422597,-0.4030778676088637,0.9219581500330499,-0.6390208150455992,-0.6751338802210338,0.7522264405490121,0.9438102183962426,0.6859674512755688,0.7644897609671315,-0.6094058428875373,-0.6944767485780052,-0.9415252465893464,0.9361724214780219,0.5725100217594283,-0.6405141525791257,-0.8656787347149977,0.42990683338464625,-0.41604742824947893,0.705345916562518,-0.5413883838694477,0.851669198915476,0.5398357594458836,-0.7354810632173818,0.5398324212967386
