1.000000000017397,-0.8886485979813213,-0.9798795890557218,0.9792869541638649,-0.9999943303152611,-0.98593119484866,0.9989687345137063,-0.9852933629411011,-0.9674542616111643,-0.9622974111584583,-0.9855588889347761,-0.8304124530027774,0.9229623455556482,-0.8815273714609171,-0.9237429513526628,-0.9902451769612134,-0.9942295437880392,-0.9834413560033605,0.9837787954578644,0.9739611502845091,0.976254972486929,0.997810599509271,0.7753217017292127,0.9595541420564678,0.9670416788998532,0.7995445928283571,0.9923270674707779,0.9423962217847063,0.9958654940273042,-0.9849053824301076,-0.782403681726163,-0.9907537282379077,-0.9178693069649088,-0.9830987174865956,-0.9629255849606381,0.5563141561630197,-0.9029151572252446,-0.9995929207515507,-0.9156935891651414,-0.6641514570281031,0.9923548136986509,0.9962046411609157,0.9782956240559589,0.7720528244469886,0.896226618435841,0.956439551189831,-0.9835952172616972,-0.9392171203812665,-0.9959983575479338,-0.9101855193576488,-0.9219972450515114,-0.9706214707723575,0.9401240738790203,-0.31725676611662923,0.9333297576581348,0.9671471745236315,-0.9967875279861353,-0.6368413217151878,0.7783661840447849,-0.9340433052197301,-0.9737875854537997,0.6970263644468173,0.8698309515283126,0.8832992582965882,-0.9977843247496513,-0.9707452326374849,0.9071137796012526,-0.9838947800285468,0.9676177865646589,-0.9103235948625883,-0.1763589749994857,-0.8983692258167401,0.8608498383100677,0.9914256859228346,0.07005724275815953,0.8906414240681391,0.9980954951988884,-0.9766615815973556,0.9783680813190773,-0.19412705021249732,-0.9681391836908242,-0.9642143893188972,0.9686892921192847,0.9807904948140407,0.9942123621927239,0.9411794782504264,0.991868697537722,0.9956045690063896,0.9611181670049255,-0.9706390751746823,-0.9695070384271353,0.9861262871814935,-0.6499693498326986,-0.9183566233056308,-0.9974792074641362,0.906184430836143,0.9837621665627756,-0.9713835250720937,0.9431689733984937,-0.49393910489740106,-0.6205433272974832,-0.5583366466258038,0.9819275627344226,-0.9715523113267907,0.9986971783729837,0.7006940364765082,-0.9875674153174597,0.5798466613485285,0.3765407221106328,0.9957659653105353,-0.983641586195869,-0.9845358106183233,-0.9639047412883076,0.9693691929931147,0.957082885864154,0.9704047051628835,-0.37792439861780375,-0.9793866808286694,-0.5357816323996691,0.9246604317826587,0.9925461553118997,0.9760336782476217,0.9746807432543506,-0.2776791357692115,0.9796556275145,-0.9590967201755562
-0.8886485979813213,0.9999999990070961,0.9622156867071759,-0.8954126689698787,0.8885613260181995,0.8927122828564651,-0.8670858409272486,0.8809411773395012,0.8521186387032426,0.7511692121652022,0.8184975265794538,0.7085564554364262,-0.9728436446210156,0.9340185429425631,0.647037638077988,0.9134523463156421,0.9051156034967475,0.9185883561416869,-0.9132281804684869,-0.9598047732536619,-0.9224538894798564,-0.916804654737472,-0.6434292657504653,-0.8648398513712213,-0.971807742377431,-0.9119512704850365,-0.9170606634001846,-0.6840985193689917,-0.9131295446008021,0.8978537718227627,0.900594320373675,0.9082001266234678,0.8928822400158783,0.7952376907420461,0.8704562564668946,-0.6775346709037602,0.9162438990169498,0.8789602143143121,0.9860754523531959,0.26881084214148915,-0.8833102181350919,-0.9006781334073237,-0.9639847370515445,-0.8693754621014719,-0.9300873747446557,-0.9312090638643596,0.8093505220382952,0.9397746457296233,0.9209655887910165,0.746176189078735,0.7986366214361585,0.88914858257651,-0.8804648668767736,0.4590412691711895,-0.9559347616254635,-0.9405467325850333,0.85497881418066,0.8035864022999462,-0.795535726941968,0.777725568024704,0.7660056604224067,-0.8302610630307936,-0.6960136294618541,-0.7494248214923445,0.8845225951675448,0.946956547076378,-0.9689819762978376,0.9219229449754209,-0.7662072710060481,0.7059973276774818,0.32301454050065026,0.9992244187637755,-0.7672841922374319,-0.8254235720539059,-0.5054270976786043,-0.9953398329435935,-0.8593688014994633,0.8730330665831417,-0.9068156932831569,0.12162834320716709,0.9186756671609958,0.9138213544851564,-0.8139449610014746,-0.8242868677901813,-0.8813526883074255,-0.8967853054554659,-0.8383394867372841,-0.8487322778081821,-0.9685108225988498,0.8607535817027542,0.8412861530919684,-0.8774993948655246,0.9101330796727733,0.7333257888693624,0.8538701638971853,-0.6121371795695142,-0.8056818678525035,0.7910284114932236,-0.8644622928778349,0.11664184141682993,0.2952189244845692,0.6524573791332138,-0.8779104393838395,0.9116589826691558,-0.8852614363447309,-0.3067796608592908,0.9496680517972521,-0.5744840587628246,-0.25145968458482265,-0.8435522880146622,0.8912910414609477,0.9232172932022421,0.7344914018619758,-0.7794200815274281,-0.9714082971965441,-0.9399719435126014,0.6286546632913724,0.9248840971909374,0.6502589316223945,-0.9096471252896963,-0.8263571606357885,-0.9493463208349824,-0.9153456244285895,0.5497383818957043,-0.9289742602050705,0.761782585836141
-0.9798795890557218,0.9622156867071759,1.000000000490491,-0.9721844752544921,0.9798093880841644,0.9746840211833322,-0.9698410199235197,0.9692487647864259,0.9468258170538777,0.8964466774393784,0.9398343293075836,0.7962223278048323,-0.9724134701963302,0.9321803534013035,0.8300272704257161,0.9858845240549307,0.9844344617622903,0.9843702611742975,-0.9822831355730174,-0.9961792343132416,-0.9789535754541793,-0.9908923818133083,-0.7452106966028974,-0.9479050838106085,-0.9970635463096421,-0.8745301195831771,-0.9885038139558924,-0.8568097568658044,-0.9886399896827145,0.9763340426650977,0.8596170779775799,0.9839256337557308,0.9360327668346148,0.9286738785336679,0.952242455472898,-0.6309601847999332,0.9372438824990282,0.9752551323386985,0.9734212575839628,0.5132497003550057,-0.9740694845302754,-0.9835403640259426,-0.9999196150616455,-0.8404195630810127,-0.9391545632936181,-0.974506121387048,0.9366168998569635,0.9638672293869721,0.9919246227650349,0.8679482999595161,0.897714943662705,0.9646460890941012,-0.9435601559480227,0.3952475450895698,-0.9715235581753071,-0.984501754244752,0.9629619180640017,0.7225198027051063,-0.8128347538785412,0.8953792090187694,0.9115827733805287,-0.7793623139056909,-0.8228064102133522,-0.8461536873413842,0.977334410111097,0.9891848181207706,-0.961605822895382,0.9860273310639424,-0.9086802637506115,0.8442820154649784,0.23734535682689004,0.9673746480380554,-0.8402018591010509,-0.946884653087227,-0.25925250429893165,-0.9605611635887632,-0.9661332264534078,0.961061431602991,-0.9765570611461318,0.17637753453618474,0.9758609583841925,0.9715783025708322,-0.9307364609346336,-0.9418995214300167,-0.9723602918221295,-0.9511539839209945,-0.9539071968467365,-0.9603476703883673,-0.9925372171566694,0.9523687939677747,0.9432364089101043,-0.968208267603246,0.7834239836691149,0.8608945793329059,0.9632675723155645,-0.8036430389880241,-0.933321638115843,0.918936674153848,-0.938416639871236,0.34820463354107895,0.4919660084641022,0.6214912397889599,-0.9660900170986012,0.9748051217663887,-0.9780651716635558,-0.5508138045379731,0.9990023029192943,-0.6007593097275614,-0.32508731922294326,-0.9576037693027993,0.9728176592372338,0.9869231945020657,0.8913881226718249,-0.9156353116367074,-0.9914195364899097,-0.9860966264373628,0.503342714292362,0.9847899743699658,0.6071308131956372,-0.9470945641496272,-0.9484617984485914,-0.9909959479011993,-0.9781293681235631,0.40976454598081613,-0.9866588845813379,0.8987148715191963
0.9792869541638649,-0.8954126689698787,-0.9721844752544921,1.00000000054431,-0.978609773333951,-0.9993001441961796,0.9746530264325001,-0.9987515363892207,-0.9957164413163864,-0.9006357223328189,-0.9360191703246575,-0.7018281209853083,0.9597735956253464,-0.9473900215268554,-0.8944608804227381,-0.9968729732137533,-0.995006275453052,-0.9982051997587215,0.9988536413075183,0.9836855882153389,0.9274200288632028,0.9823252780604217,0.8753680664368051,0.9957567863847789,0.9738397326635299,0.8869261058309262,0.9948725620576103,0.9059366384664077,0.9916568508897556,-0.9995496026743965,-0.875142793917093,-0.9972192668241365,-0.9781447204163525,-0.9405787146767938,-0.9969482153277014,0.7087333224351778,-0.9662200308121066,-0.973873117330942,-0.9451005909061228,-0.6626609691412291,0.9960210609227695,0.9930642130309345,0.9730707355637208,0.8743079341418502,0.9588370232457871,0.9915699567448982,-0.9773728745553958,-0.8825407850082976,-0.9880860800303634,-0.9600415251260693,-0.9753722666514454,-0.9992128241383136,0.9896519117103291,-0.5006913903506591,0.9739112754672926,0.9924165369751459,-0.9639589139840957,-0.5408394012724433,0.8887955704765175,-0.9743995326952399,-0.9552347597416805,0.8150641767844639,0.9330218530923452,0.7706379305080739,-0.9897933181953258,-0.9908322228709343,0.9518330305384015,-0.9975779650756186,0.965272358500557,-0.8113767294774451,-0.014258827458177406,-0.8975381101459492,0.744122490824466,0.9547428796936365,0.07343471669391743,0.8779836494171507,0.9767770147482874,-0.9988493472905005,0.9996336415051417,-0.3739794256716218,-0.997106417059157,-0.9967095791395211,0.9871105334925528,0.9870856241074988,0.9524431188827847,0.9895622365835262,0.9828996036232822,0.9806204473634784,0.9779693022091742,-0.9971929947548267,-0.9939799456814882,0.9981903804453217,-0.7206296292592538,-0.8207849728023702,-0.9730830164419623,0.8568833370962937,0.9358138929487074,-0.9079589163091789,0.9905771490740577,-0.5449109594443275,-0.46978497786966683,-0.7128945349983135,0.9990425277885507,-0.9985512372627288,0.9876449803173741,0.6845901516201327,-0.974992775022442,0.7317044213047316,0.1817278599122279,0.9666718594156194,-0.9996643932886022,-0.9972049324725487,-0.9284771775919468,0.9722874757032993,0.9751878492816943,0.9931634166580926,-0.5358083169370971,-0.997446816498065,-0.6925090127532827,0.9801505287658708,0.9674441909358062,0.9414533333082884,0.9986165928885161,-0.44411660151578625,0.9965826782403531,-0.8888499761788055
-0.9999943303152611,0.8885613260181995,0.9798093880841644,-0.978609773333951,1.0000000001139502,0.9853649217556925,-0.9989912179786982,0.9847067843895124,0.9665943338638788,0.9628427213483508,0.9859635423479891,0.8322984005898902,-0.922241377269785,0.8803120326799513,0.9236198939592062,0.9898234120326727,0.9938881288157291,0.9828993067357277,-0.9832216137787075,-0.9735945027223133,-0.976840932046466,-0.9977656182628101,-0.773217309597924,-0.9585922425380101,-0.9667593077107232,-0.7980704819738834,-0.9919786581020075,-0.9424260999444435,-0.9956214676563462,0.9843275432401988,0.7808490817616439,0.990324957030196,0.9166135803412436,0.98334628775337,0.9620048693128366,-0.5537651775995872,0.9016742351806336,0.9996587810783176,0.9151376271815764,0.6633894008099193,-0.9919296575990282,-0.995920271661516,-0.9781883691410372,-0.7702989210328826,-0.895033775054751,-0.955614621047657,0.9832334013620534,0.940038386238461,0.9958318839101812,0.9088771215905657,0.9206943143599647,0.969812641506996,-0.9389928804952782,0.31424481422907496,-0.9324950241516589,-0.966489815151375,0.996941854346679,0.6386830920939597,-0.776332933802308,0.9329091987949176,0.9735855072184191,-0.6950716953178474,-0.8682807958313011,-0.8848780631371252,0.9975541289400387,0.9701822839411673,-0.9062781698368841,0.9833763593253294,-0.9671452398096199,0.9115392684520445,0.17940017078864073,0.8983947821550122,-0.862571755917186,-0.9916071184863451,-0.07072363941179358,-0.8908809085374549,-0.9980542838493505,0.9759256983606417,-0.9777023115122622,0.19083632498397368,0.9673784846336635,0.9633913505154973,-0.9679338347921629,-0.9802411804365809,-0.9945719598858767,-0.9400939118699021,-0.9915883822010569,-0.9954396429085028,-0.9606661393325947,0.9698175951798865,0.9686909468209575,-0.9855566414798385,0.6490635241961576,0.9195796037902221,0.9974834521609156,-0.9063838978852566,-0.9841207616177892,0.9720100929473896,-0.9420418920999989,0.49232391442979606,0.6225081769807722,0.5557041294231218,-0.981278479709892,0.9708076239826718,-0.9985198749872439,-0.7001824875198509,0.9875465878550348,-0.5770887917465366,-0.37965578335622646,-0.9958377809046007,0.9830309754392627,0.9840360493387929,0.9639617559452776,-0.9688240519620531,-0.9566214791268072,-0.9697840127184238,0.3755313932562765,0.9788054639163136,0.533149805573934,-0.9235037652239184,-0.9925253316647052,-0.9764172788994124,-0.9739898094516019,0.2751910858021388,-0.9791005775506735,0.9598155917408304
-0.98593119484866,0.8927122828564651,0.9746840211833322,-0.9993001441961796,0.9853649217556925,1.0000000002276561,-0.9823226550552867,0.9996754671193242,0.9944526692118852,0.9160461094299496,0.9485335631620134,0.7260897385703337,-0.9535358658888303,0.9363350594607059,0.9059781158190104,0.9983208836518481,0.9976735571595509,0.9980678263006847,-0.9987882150416,-0.9832717993286895,-0.9373819152374123,-0.987466415886302,-0.8626151743323416,-0.9927523484305563,-0.9734897860017684,-0.8710136469076717,-0.9969534600766019,-0.9182427855255129,-0.9949995117260013,0.999909167673884,0.8582197761970456,0.998817598045937,0.9696926724838774,0.9523955424342654,0.9942531147693103,-0.6818393164571022,0.9564401234613659,0.9815302655566454,0.9396207467575092,0.6719732906209902,-0.9986443266136877,-0.9965078376248299,-0.9750952323361594,-0.8562758579221862,-0.9487236705795147,-0.9872465534875732,0.982995159658271,0.8925789257426702,0.9918659123755077,0.9562593971939468,0.9701563635212731,0.9971718994605719,-0.9837112208308991,0.46810031818790365,-0.9676547282175232,-0.9897356669385905,0.9732239048006646,0.5534395874011074,-0.8711591897570042,0.9720184807711367,0.9635730035512768,-0.7936285323843942,-0.927245762871907,-0.7926148130344118,0.9944076201810834,0.9889369740633359,-0.9440380635953863,0.9975549137425497,-0.9708327467276531,0.8326585991555483,0.03763068417424501,0.8963066464364312,-0.7658759957094835,-0.9651489423642612,-0.06360811092102815,-0.8785861910414787,-0.9841052367684321,0.9983304551566717,-0.9985781439004372,0.3464584632326215,0.9943155180731605,0.9933613911864773,-0.9882936457931646,-0.9902891952626336,-0.9625387955178932,-0.983481236554993,-0.9885315494566902,-0.9870910762512869,-0.975922878784287,0.9960929406539953,0.9936106390719804,-0.9994334836151882,0.7041341065449884,0.8414364022488914,0.9810159382695005,-0.8720125999958221,-0.9483042640980247,0.9230039365639626,-0.9853924721517143,0.5451535682811762,0.5018312446666707,0.6862358551468064,-0.999361604750802,0.9963071996813777,-0.9927616495756022,-0.6962807889341109,0.9787267624484087,-0.7076380311148679,-0.2164264316774165,-0.975551842734434,0.9999123325463063,0.9973333616838185,0.9400149492047507,-0.9767475410152018,-0.972785241377606,-0.9909759398783501,0.5050891418128867,0.9965477376656612,0.6650408266668665,-0.9722687741378238,-0.9759718946933189,-0.9485152372104525,-0.99686150519508,0.41145994054302193,-0.9957861484373698,0.9053573458333662
0.9989687345137063,-0.8670858409272486,-0.9698410199235197,0.9746530264325001,-0.9989912179786982,-0.9823226550552867,1.0000000003367375,-0.982742428149828,-0.9657098022558589,-0.9724015305138193,-0.990845441244351,-0.8357151721198526,0.9058808053764381,-0.8638222697189462,-0.9395339370850888,-0.9852357000921494,-0.9905139560729321,-0.9771390836666775,0.9780016147936805,0.9631344105943515,0.9709257311207287,0.9937784269418167,0.7753053734823185,0.9557153844994141,0.9545991311280572,0.7765210162184719,0.9872718323540066,0.9564374591038611,0.9916783195856518,-0.9806875736757765,-0.758879567216118,-0.9862876313691733,-0.9072158175534232,-0.9901686468423243,-0.9588996816867676,0.5334476196060217,-0.8887295292058887,-0.9995960585363526,-0.8969871899235368,-0.693478634953128,0.9904586509680435,0.9931901498859512,0.9678844043411363,0.7503389269706567,0.8802024536403176,0.9461022019837739,-0.9882700886770039,-0.9294381181405533,-0.9911937207767118,-0.9130853142105656,-0.9208032827831302,-0.9656270031541142,0.9328035086246659,-0.2944181669904283,0.9185861579325567,0.9571081457742429,-0.9990426350458428,-0.6162294184998417,0.763905045334525,-0.9362135147377951,-0.9821269020666034,0.6723526210314716,0.873745085420611,0.8886104028506454,-0.9965745217739397,-0.9605538197287008,0.8888520895572,-0.9773473737723091,0.9749380097962707,-0.9215497580024707,-0.16526459765937598,-0.8779107442479595,0.8627471338980357,0.9961503850436529,0.027940342478614162,0.8702727408228674,0.9996939111869699,-0.973882490024414,0.9725636530305235,-0.19315648107108976,-0.9601373408136815,-0.956241178243881,0.970954254754962,0.9834423516597957,0.9940333103074953,0.9324376425282385,0.9945676303838515,0.9978111820643293,0.9481943601274192,-0.9683924246357876,-0.9690707863985176,0.9840116721503978,-0.6153070137228723,-0.9276189435632827,-0.9996401335220814,0.924436574946631,0.9900640815978868,-0.9785211004978589,0.9376764338274257,-0.5220425388121133,-0.6483130602672569,-0.5379426053032733,0.9792750010101933,-0.96455466471438,0.9975856140483066,0.7298845619799352,-0.9794963684247261,0.5686777422273452,0.3896899817050219,0.9989038571627447,-0.9798983248488191,-0.9779496042251328,-0.9749217493030828,0.9754247286757761,0.9435147699411143,0.9607644923002862,-0.3448220222197382,-0.9720552128334092,-0.5136720847104795,0.9131264833187743,0.9969233689684756,0.9677111061188144,0.9676851650960308,-0.24352238631062595,0.9719940082605877,-0.9681944357389395
-0.9852933629411011,0.8809411773395012,0.9692487647864259,-0.9987515363892207,0.9847067843895124,0.9996754671193242,-0.982742428149828,1.0000000005770076,0.9960767791142738,0.9198793342982824,0.9501280630798945,0.7231018471822843,-0.9462190008744644,0.9302120794751287,0.9150485125279816,0.996768919606964,0.9965896849383571,0.9961727755731523,-0.9972316341577674,-0.9783211022975915,-0.9325213913300376,-0.9852851744802763,-0.8690826493112944,-0.9935316703570574,-0.9673808562994082,-0.8627498672166115,-0.9951479621452597,-0.925865113875451,-0.9933510853593642,0.9992822314982392,0.8499297628235504,0.9975890188066351,0.9676062493132297,0.9554684145076492,0.9948002783788433,-0.6770239002319911,0.9523484143732516,0.9812441198929125,0.9308896768861514,0.6905647730153216,-0.9988308860277789,-0.9956356782424315,-0.9695685068212863,-0.8496109562481959,-0.9434625965172201,-0.9839933615979586,0.9866327536935606,0.8845202467135178,0.9896336871874166,0.9618600783715148,0.9734668113432203,0.9968330477351445,-0.9830858122133364,0.464759342077023,-0.9619882596261168,-0.9861263110533031,0.9739129892668879,0.5362212509728053,-0.8693876926199431,0.9766704655955795,0.9687488546445444,-0.7859510261413983,-0.9341642597007337,-0.7905819866567395,0.9943686346882665,0.9849493019966473,-0.9364238222407792,0.9954503298107504,-0.97628417222684,0.8350353102691178,0.02200520838095117,0.884797005579524,-0.7615052895703606,-0.9671249579395222,-0.03815395891785698,-0.8664620880422379,-0.9850375112873968,0.9989940088910726,-0.9973444110727777,0.35613208079944425,0.9921580276204303,0.9914138883637257,-0.9918183877305532,-0.9933870205454998,-0.9612389849191798,-0.9819250327209988,-0.9908184231879156,-0.9887456771565378,-0.9700746012218039,0.997318574807328,0.9958244904135142,-0.9999483942204782,0.6876562714696856,0.8426996924296152,0.9821191952986431,-0.8814480748440048,-0.9506056991379896,0.9249373012071102,-0.9857686640557296,0.5657317460887241,0.5110859209105831,0.6830522899487701,-0.999825226970288,0.9946570355280508,-0.9926127681008111,-0.7140147555580995,0.9742295197632295,-0.7099627094139981,-0.21401113822093112,-0.9769874780773663,0.9996507518779697,0.995149189795835,0.9458725426493031,-0.981722499144105,-0.9666088285300554,-0.9874737048385868,0.4941223548754688,0.9942035232435309,0.6609047433216677,-0.9693851814465116,-0.978383688338227,-0.9426222709970357,-0.9950451298389129,0.4002116872242414,-0.9931773271516858,0.9080928027825486
-0.9674542616111643,0.8521186387032426,0.9468258170538777,-0.9957164413163864,0.9665943338638788,0.9944526692118852,-0.9657098022558589,0.9960767791142738,0.9999999994681527,0.8968000078772326,0.9267106089420444,0.6647026575486242,-0.9361886125669977,0.9330110623753247,0.9137771526049957,0.9867753247805483,0.9854280216670708,0.9884125403900204,-0.9902333954943324,-0.9629643479934407,-0.8969111942054173,-0.9662934771499321,-0.9092217643357646,-0.9986561385297616,-0.948821761450835,-0.8696628859338944,-0.9832202466833316,-0.9191075780855122,-0.9793412614467537,0.9939272800798028,0.858819795643509,0.9881615957632406,0.9759499075642654,0.9373890106065366,0.9986828881896037,-0.7155751126676336,0.9579969516492097,0.9623465526719205,0.9156030567865084,0.7198892986729436,-0.9911589621392077,-0.9835012338722443,-0.9478436995545706,-0.8650677185430482,-0.9466627889193827,-0.9809484678773533,0.9822935907961156,0.840319138609688,0.9731991150311171,0.9815613083147174,0.9898394968768656,0.9970314663096104,-0.9903103616841713,0.5192231102331478,-0.9563769278711013,-0.978853428867967,0.9544567852460282,0.4633792945829258,-0.8971292156812513,0.9909964359316713,0.9631896732180385,-0.8056468987235916,-0.9614482837925639,-0.739088676839534,0.9821457610941174,0.975102548423291,-0.9287209046507248,0.9869026545232543,-0.9769655811919643,0.7966241592640357,-0.06645908814642083,0.8537438217503607,-0.7042691530039699,-0.9488732419352193,0.010718954594125535,-0.8301677038890415,-0.9700520326687119,0.9988493407831174,-0.9931807666362993,0.435757043002705,0.9889817526690879,0.9899113348869728,-0.9959879906893299,-0.9923888414339136,-0.934831948149386,-0.9869344585262146,-0.9828234630808839,-0.977392602924496,-0.9555801716922734,0.9998426335912243,0.9995515629491938,-0.995898598229466,0.6742068295088808,0.8025318641511316,0.9663987373814297,-0.8740736104152094,-0.9291314972384255,0.8974717852237155,-0.9941695165198375,0.6187906958542153,0.47068484283739653,0.7254963581013819,-0.9974753553983575,0.9917472561473716,-0.9791013107486265,-0.736239863305939,0.9518541704373656,-0.7619524913958579,-0.13790239448118383,-0.9602909206488658,0.9954970326906353,0.9860876865071125,0.935848444858834,-0.9832972032211855,-0.9519524511760753,-0.9795032021507124,0.5243153851288047,0.9867584464436773,0.702468166049723,-0.9744506574630871,-0.9650027205212651,-0.9099782189777271,-0.9907160789985991,0.43377993440030793,-0.9848214166471936,0.8799216063526715
-0.9622974111584583,0.7511692121652022,0.8964466774393784,-0.9006357223328189,0.9628427213483508,0.9160461094299496,-0.9724015305138193,0.9198793342982824,0.8968000078772326,0.9999999998022466,0.9939048696583809,0.8967940985843317,-0.7836583140542034,0.7228555973025397,0.9666482703062643,0.9185270520693732,0.9315848052491665,0.9013191727473704,-0.9036748176739092,-0.8762707044082566,-0.9394279719424207,-0.9440902425261462,-0.6748982617127666,-0.8752634146355058,-0.8646792451273734,-0.6082599005328371,-0.922937515036986,-0.9815964383822614,-0.934338480057408,0.9116580869523816,0.5863500743540728,0.9214272797368875,0.7910837640023027,0.994639249871935,0.8790808684497299,-0.3352897296232754,0.7598581935715699,0.969522675888742,0.7745695511850942,0.7588944316950467,-0.9356817645517909,-0.9389641801367012,-0.891765893734905,-0.5780735346095075,-0.7461069740431174,-0.8453404134053556,0.9616273139491333,0.8902225068326802,0.9342159050889972,0.8480947168973457,0.839684408739743,0.885784375063536,-0.8333762713298964,0.08758635902091615,-0.801066984742672,-0.8631472333683647,0.9809896298937065,0.5811044551563834,-0.6096954977589275,0.8738346133428638,0.9757779513394477,-0.4838241914371359,-0.8053765042415848,-0.9370312892349579,0.9512598470405197,0.8692557733662672,-0.7584529597909826,0.9014025045405257,-0.955158172131434,0.9791527711493984,0.2249940238463947,0.7700087803848318,-0.9037172715445579,-0.9888560220865995,0.11452009975038538,-0.7706141834670961,-0.972055599520865,0.9050762218569839,-0.8944268480519852,0.06551069897842933,0.870384659106459,0.8645001548347707,-0.9213479809850956,-0.9423140055305828,-0.9739194864628922,-0.8290720147055545,-0.962873536234121,-0.968201985709218,-0.8505321546455965,0.8987966394970913,0.9067536812747212,-0.9234240715662436,0.4268837195135626,0.9775754057096883,0.9758361232370647,-0.9732260065666367,-0.9954892239378529,0.9971756237923812,-0.8454151877355619,0.5577373016083949,0.8065030274518293,0.34636194275639165,-0.9138909598657158,0.8791734149090145,-0.9545128580481436,-0.8025321946476023,0.9152769260975548,-0.40784146985923436,-0.5399622143752654,-0.9813736484904902,0.911586737025237,0.902499492199179,0.988576469762458,-0.9480700487196084,-0.8431396353226813,-0.8695607874340752,0.11816919582284413,0.8909601504169272,0.31616883563328274,-0.7968847988000882,-0.9810129808396144,-0.9173354522445314,-0.8841308842760722,0.012621511790831158,-0.8905395499079513,0.9981778045988616
-0.9855588889347761,0.8184975265794538,0.9398343293075836,-0.9360191703246575,0.9859635423479891,0.9485335631620134,-0.990845441244351,0.9501280630798945,0.9267106089420444,0.9939048696583809,0.9999999996262475,0.8896574133651897,-0.8459542108851416,0.7889973566868093,0.9515368298662565,0.9532625251875652,0.9629745696169535,0.9396073448640938,-0.9408990719174117,-0.9232860440277356,-0.9678163349308571,-0.9742709579763014,-0.7052892892302796,-0.910370561720403,-0.9145920094390166,-0.6863014909557303,-0.9573261398726393,-0.9697555068402903,-0.9661615745698979,0.9455624428831153,0.6656914641741164,0.9550071804055565,0.8425103741854066,0.9977551968194585,0.914399878753668,-0.41511183562815035,0.8187601239889842,0.9899850104366857,0.8392333699461055,0.7124169145324029,-0.9635320654835465,-0.9684466556130525,-0.9362016174520029,-0.6544946592518515,-0.8086516465472587,-0.893974395067327,0.9741951274774994,0.9261922533961796,0.9668997661399119,0.8694486713911593,0.870390456553209,0.9226757626091993,-0.8769892345014004,0.1654546330589218,-0.8591229071716928,-0.9102135117387493,0.9957702195602198,0.6280848082474689,-0.6719289207879983,0.8961462568624838,0.9788846313697327,-0.5666338464416274,-0.8252449525130203,-0.9330454993439911,0.9763814481146263,0.9161034777327774,-0.8238226424106521,0.9400888203911838,-0.9622281960888416,0.9649624885747925,0.23303125715630124,0.8343168106214038,-0.9059238919815907,-0.9978275124569929,0.023479674505671125,-0.833123097228028,-0.9896433594024874,0.936656874210244,-0.9323281339697619,0.09384224492387667,0.9136165781894975,0.9080047500595405,-0.9416294793932176,-0.9606002224479226,-0.9927031012088068,-0.8755744576456813,-0.9794795848881087,-0.9852104379813006,-0.9025351117355427,0.9296372844821671,0.9334916089854135,-0.9526024367193547,0.5239695528560355,0.9678895761435373,0.9918495189888071,-0.9500850952877199,-0.9995883507921794,0.9973497919021775,-0.8849821253534741,0.5161619373794009,0.744275169359995,0.4212661634133904,-0.9447163316888609,0.9201267295631752,-0.9790790375765509,-0.7554417156333249,0.9541002880280214,-0.4634371151914905,-0.49755292106723814,-0.9947156927679068,0.9446251063933284,0.9411605319059424,0.9837566081358469,-0.958488453743149,-0.8965599524748146,-0.9155583209362737,0.21606927515628718,0.9317248235401867,0.3944273219279261,-0.8497542626527428,-0.9921425250072857,-0.9537627592037728,-0.9247839777522011,0.11141736176725935,-0.9318713316783226,0.9930977791298519
-0.8304124530027774,0.7085564554364262,0.7962223278048323,-0.7018281209853083,0.8322984005898902,0.7260897385703337,-0.8357151721198526,0.7231018471822843,0.6647026575486242,0.8967940985843317,0.8896574133651897,1.0000000000497613,-0.6381705448298485,0.5233011798261306,0.7611137912246336,0.7519448054050553,0.7692572875427104,0.7258291084719329,-0.7240735484264607,-0.7427595526108801,-0.9029373175276648,-0.8199023158833283,-0.30501361009405925,-0.6400095033089034,-0.7493634292888122,-0.4091008859975797,-0.7654956391931048,-0.7999882827069464,-0.7859895205016456,0.7228883905160606,0.381436684008874,0.7516564260062344,0.5525122862210654,0.8636077679747859,0.6493259015286986,-0.033081936851219323,0.5397060372212175,0.8424494574629703,0.6575286775836092,0.4523667874967131,-0.7555748589177572,-0.7806655146929801,-0.7886212729257753,-0.34202036008509423,-0.5404774097269919,-0.6544878892840286,0.7636525866415661,0.9066800177554362,0.7981538886247989,0.5481770220182337,0.5556963412622588,0.6730595251862556,-0.5937605932652104,-0.2406597076176507,-0.6302355580213017,-0.6907166694025595,0.8561711362325749,0.8115630798945311,-0.30777845375201396,0.5956330385897357,0.7841694520181816,-0.24482756665652125,-0.476310306715523,-0.9943639912068174,0.79214433470254,0.7088522555094784,-0.6055312717576257,0.7298344928419093,-0.7345223302718339,0.9627731985863495,0.6296743396273206,0.7357411871547552,-0.9961553503953565,-0.8580171750270518,-0.13315880947337935,-0.7639595660155234,-0.8251409514542116,0.6916047333171159,-0.7019978375869977,-0.3711229021385745,0.6764276367921531,0.6631075296491253,-0.6857414218783129,-0.7294307297621838,-0.8853091352680796,-0.6009052096699451,-0.7821665750019947,-0.803545560510412,-0.7166388206573697,0.6731727851819701,0.6745139767401612,-0.7268664186283019,0.3674109311817253,0.9691069459136263,0.8324143367208959,-0.8005517921986872,-0.8815066111716495,0.9151723220517041,-0.5983850040806865,0.17187261226345094,0.8556358070167276,0.02319059959825585,-0.7101127403062686,0.6826392939122607,-0.8015270681243655,-0.5231602688304876,0.8121321540704851,-0.028024378681700553,-0.8271046370152533,-0.8426728062685572,0.7169097614656091,0.7333537283163017,0.8199135963012019,-0.7232592085946736,-0.7112622857001191,-0.699665266507035,-0.09813671947739129,0.7153212435744245,0.003198010311285228,-0.5734885272743031,-0.8259832308533085,-0.8677092710219131,-0.6939328422705267,-0.1977401443940238,-0.7195170836779651,0.9213968033973559
0.9229623455556482,-0.9728436446210156,-0.9724134701963302,0.9597735956253464,-0.922241377269785,-0.9535358658888303,0.9058808053764381,-0.9462190008744644,-0.9361886125669977,-0.7836583140542034,-0.8459542108851416,-0.6381705448298485,1.000000001025816,-0.9884917494553132,-0.73695581287543,-0.9611890821361077,-0.9519354259394662,-0.9696257203465176,0.9668154783210737,0.9858284451640376,0.9060200492749216,0.9443578056582436,0.8030325578498968,0.9485944784307141,0.9874211076475022,0.9633134445791911,0.9601738780087576,0.7598782842308824,0.9525200189408752,-0.9575078391363044,-0.9548056404976095,-0.9580443502613543,-0.972651721886874,-0.8377958069925875,-0.9512053651772436,0.7872090558172997,-0.9838010667483599,-0.911951324655269,-0.9977599767648884,-0.4299933375570711,0.940802064949662,0.9461552056041173,0.9752968350630677,0.9411021409852252,0.9888172721527037,0.9865745750541718,-0.8825506847038344,-0.8938047436379642,-0.953660232483917,-0.8701352133208475,-0.9102497883017697,-0.9602796161601767,0.9634451155529735,-0.5887302346244125,0.997658990444738,0.9867932957481238,-0.8892086450476219,-0.6499956049058789,0.9069185007937473,-0.8895107879307648,-0.8400452478166026,0.9026952766805204,0.8365964977860698,0.7001328221062199,-0.9321744211381763,-0.9870009986353664,0.9990953266443083,-0.9707623387813213,0.8537434358444694,-0.6982735780406212,-0.10666915391941761,-0.9687698734843134,0.6978794674737776,0.8652754645839045,0.3385514684938149,0.9515651997752217,0.9038135321071135,-0.9465850438013096,0.96687367335716,-0.3305628276483183,-0.9775792879523939,-0.9765439728387207,0.9037513244417424,0.9028971538858706,0.8953199071403733,0.9726463494341563,0.900771990182319,0.9026284585388455,0.9929931041845116,-0.9410247286941994,-0.9266833383966419,0.9430834020705571,-0.885220804314609,-0.7194758827457288,-0.8971745387776359,0.6888253029919491,0.8390242451455302,-0.8097838528897705,0.9528563549576987,-0.32085593087919856,-0.28043539989136695,-0.7749186409349715,0.946644507934281,-0.9727457660429079,0.9299569572579492,0.4533206194917876,-0.9630617864242497,0.733582080174112,0.11163948736441082,0.8855599041034841,-0.9543790914940622,-0.9708019019076776,-0.8001882333270592,0.8676922781507103,0.9943657298744419,0.985270941838115,-0.6908961720307725,-0.9750788522135552,-0.7666247903425834,0.9808305884560987,0.8777758748969418,0.9363921128658133,0.9732112553204888,-0.6109682503655802,0.9765478280358452,-0.7802992647062441
-0.8815273714609171,0.9340185429425631,0.9321803534013035,-0.9473900215268554,0.8803120326799513,0.9363350594607059,-0.8638222697189462,0.9302120794751287,0.9330110623753247,0.7228555973025397,0.7889973566868093,0.5233011798261306,-0.9884917494553132,1.000000000651267,0.708315414092848,0.9371547100095371,0.9245953234954232,0.9507494452309359,-0.9487243015046417,-0.958505508237874,-0.8387084442593438,-0.9039090270906734,-0.8623313615578895,-0.9496086699071331,-0.956287928324614,-0.9880221057266549,-0.9328555284585416,-0.7233511813536091,-0.9207555490670818,0.9406882093400626,0.9835849617447014,0.9344406763067937,0.986314774056694,0.7882460106014937,0.9502405992779068,-0.8687183635598862,0.9964867685253931,0.8677035992463245,0.9789446892920994,0.44351126142578573,-0.9176696482804216,-0.9164455740653954,-0.9366389681340753,-0.9794555285447779,-0.9991952909569035,-0.980014138414186,0.8588027597025083,0.8166048610938448,0.9183550386038254,0.8900628335388714,0.9283457968318243,0.953874910865804,-0.9716772656627969,0.7002546119738501,-0.9912917815327354,-0.9725915311978596,0.8418424201700365,0.5380651698914312,-0.959101878475064,0.9006832080347287,0.8107543236270747,-0.9520764718487251,-0.8689696672581599,-0.5964184491941221,0.9005334895892826,0.968508352302916,-0.9929027507455787,0.9507748050128093,-0.8361807934631669,0.6108089674908748,-0.035723504123775195,0.9249404246392534,-0.587956098279117,-0.8176205319553587,-0.29533632392461084,-0.8987878951990177,-0.8647091723622319,0.9373598334861978,-0.9537157260440706,0.4651971670002467,0.9683749810563455,0.9702176547829766,-0.8970680263538058,-0.8868641309923084,-0.8384871725817586,-0.9784693030915155,-0.8726088914331197,-0.869165001228527,-0.9693435847174343,0.9359105364459291,0.9218706819757764,-0.9264258715771374,0.8882970367582002,0.6308311558229723,0.8562731205434599,-0.6475680802021694,-0.7844172649295511,0.7442754512974812,-0.961277281159893,0.3781473795293101,0.17689408998317738,0.8606401631284235,-0.9334660046948965,0.9629757403171085,-0.8960081359139572,-0.45440774193602945,0.9208977056754838,-0.8263479896747127,0.035705600011478336,-0.8420581761973123,0.9391633145273236,0.9499668721444207,0.7607755170717769,-0.8528688891903535,-0.9711167284666575,-0.969449313623892,0.7702537752577372,0.9577939220498656,0.852786325922517,-0.989672062956516,-0.8387666305704536,-0.8770711883023118,-0.9609774469352945,0.6983201668197728,-0.9580260667433353,0.7118194712978752
-0.9237429513526628,0.647037638077988,0.8300272704257161,-0.8944608804227381,0.9236198939592062,0.9059781158190104,-0.9395339370850888,0.9150485125279816,0.9137771526049957,0.9666482703062643,0.9515368298662565,0.7611137912246336,-0.73695581287543,0.708315414092848,0.9999999999629081,0.8935532042212367,0.9058323948828931,0.8798924279103943,-0.8851622947777057,-0.8269633766897798,-0.8465475504349944,-0.8972802961402818,-0.7879687459428328,-0.8916793590898587,-0.8040953692527968,-0.5944580805549436,-0.8928304652588462,-0.997703679471138,-0.9003110015802517,0.9001753999895217,0.5766943364417186,0.8988872953486127,0.8036973887629192,0.9693478616851726,0.8919474609724918,-0.40232823897523623,0.7591188186584442,0.929982604598262,0.711182513375112,0.893412954065898,-0.922225060613069,-0.9118963064575638,-0.8265154267628756,-0.5886856108906495,-0.7356850324418759,-0.8290096858994076,0.9682338501565753,0.7667054470302687,0.8927560184252081,0.9139581624959926,0.8898266480322705,0.8873805525397667,-0.8490628795982632,0.19402325757301248,-0.7701215969743751,-0.8363487829323002,0.9438650289675728,0.360600230851186,-0.6651932077852732,0.9245678247857665,0.985446302044116,-0.4996670782790777,-0.8924907791820093,-0.8200157366179495,0.9271086647280984,0.835475784479732,-0.7156493094770485,0.8774887770187235,-0.9793690833618354,0.9070007306918226,-0.02460058526539548,0.6620391198610799,-0.7654824414929787,-0.9591248795844874,0.31515856646003226,-0.6489713212121163,-0.9455340946418864,0.9096786573849778,-0.8832498973305526,0.2746891351666686,0.8578809939984783,0.8563981727361942,-0.9459460320337791,-0.9541464086750714,-0.9143064043902231,-0.836490124757577,-0.9565412061274583,-0.9522417702837022,-0.7997179800119384,0.9112648540488113,0.9255097154061093,-0.9190290483238623,0.3379502260310099,0.8974858216715628,0.9483565817068513,-0.9946609176251969,-0.9599641769549623,0.9472574460410362,-0.8673920392811473,0.7506950551874976,0.754939137448656,0.42792667018101244,-0.9129801159086455,0.8691464635739374,-0.9271604872329532,-0.91855354391355,0.852475079401747,-0.5306818142168351,-0.3668808441656534,-0.9530118481072165,0.9040668232057231,0.8771767019282929,0.9910792024802995,-0.972446942236221,-0.7907415797849023,-0.8416569846917705,0.14371806378665727,0.8685329851974921,0.3922184931007273,-0.7994371268282003,-0.9634694493400415,-0.8270388968901904,-0.8704151551791314,0.04418917543235725,-0.8651521812931752,0.9496874468765358
-0.9902451769612134,0.9134523463156421,0.9858845240549307,-0.9968729732137533,0.9898234120326727,0.9983208836518481,-0.9852357000921494,0.996768919606964,0.9867753247805483,0.9185270520693732,0.9532625251875652,0.7519448054050553,-0.9611890821361077,0.9371547100095371,0.8935532042212367,1.0000000003589564,0.9994083105972156,0.9990967423744761,-0.9991362263915402,-0.9908032389044247,-0.9540433051291591,-0.9938301137182253,-0.8345350111011599,-0.9853914796712387,-0.9836478975994933,-0.872423904283677,-0.9997539885701218,-0.9096560915914544,-0.9985788777865602,0.9985909849911931,0.8588310264986867,0.9999195826707066,0.9638627265604519,0.9532521410896222,0.9876710290576171,-0.6665289836452345,0.9538727552068907,0.9859831758618514,0.9510892772815919,0.6374152332863687,-0.9975503924014641,-0.9984692867121033,-0.9860744574260765,-0.8523459167884213,-0.9484493025649464,-0.9875797602293537,0.9770344509032854,0.9164581802500897,0.9971225142096866,0.937743773393111,0.9553527430513507,0.9931039640762258,-0.9768584723003214,0.4451537400829794,-0.9716285315689043,-0.9922974227697536,0.976986674036784,0.600701875513108,-0.8568008383024956,0.9567773072192312,0.956702009766755,-0.7890939494032385,-0.9041607853548433,-0.814150951557454,0.9955846160951297,0.9930268794131777,-0.9509929910769077,0.9991462692888499,-0.9608751279217244,0.8437859359770633,0.09249286991979841,0.9177633368929385,-0.7924231353740613,-0.9671235796538669,-0.1105487278882261,-0.9030684645047203,-0.9855864027890454,0.9934082014197259,-0.9973417125702801,0.29982037318603116,0.9935812429883357,0.9916758044610386,-0.9786327668501921,-0.9833483702640524,-0.9714322521167349,-0.9785466570836483,-0.9855255624899174,-0.9862192229593626,-0.9839993682499449,0.9894297412056173,0.985434402248691,-0.9963944550948561,0.7235486629312771,0.8544212965337281,0.9826669180834603,-0.8620882728392028,-0.9514619303217668,0.9293077997522137,-0.9770071474129581,0.4985866995043985,0.5084016018289051,0.6675411249765549,-0.995617039077689,0.9949384140657895,-0.9946296042662498,-0.6656369993858721,0.9889508097558536,-0.6790920599955051,-0.2518044497820755,-0.9773289978031994,0.9976938269904344,0.9992341132915895,0.9345532073831375,-0.9668427364286334,-0.9812754695719756,-0.9937359528965571,0.5004167723882068,0.9978918933412814,0.6477823904485401,-0.9686847958770447,-0.9752945070974746,-0.9648393699599956,-0.9962886240967449,0.4059710397824003,-0.9978038592240596,0.9112500915431576
