0.9999999990493064,-0.5718468865502453,-0.22047267280845842,-0.897462006237185,-0.8494367189906981,-0.6153692225779025,-0.06341669292539623,0.47601912639662364,-0.09353136946668315,-0.5288661756947757,-0.8763697169782272,0.36818369759807135,-0.6817404624239737,0.45528949973217275,-0.20205705465940937,-0.4029163780838948,-0.3471240571865761,0.4847023954957442,0.7769837740313535,0.7051668690316064,0.5554139079030371,0.7976014914718486,0.5446943765388748,0.3765087405790361,-0.8239182511078956,0.4728451763366721,-0.4553989990724569,-0.22726975301089017,-0.4663539482130324,-0.36955884596581695,-0.5980795789034894,0.31437538791381636,-0.40490092509233505,0.6799648621624523,-0.566270330544266,-0.6844579816732812,-0.10535576972262146,0.47190310178360595,-0.55831829486823,0.621729735460124,0.5707489753383361,0.8744770667898483,0.5369233641328958,0.4282278971824284,0.5693712268342637,-0.3963091801997605,-0.11632068393231475,-0.07885320865172125,-0.8592424099888132,0.08520435624934114,-0.484758912519069,-0.3624473664537985,-0.5622203247296799,-0.41803550202939105,0.5426060546220075,0.3752668651860266,0.38561495712478755,0.5118111104738251,-0.6631253626780392,0.23772436974498232,-0.6195647774853855,0.5347751598021413,-0.6799759546050793,-0.17819414929163876,-0.27730496186713643,-0.8630964821217095,0.28987381836665654,-0.35853441971620037,-0.5374745328911733,0.5532054722741189,0.6978341017895864,-0.770580389593638,0.5337297276832178,0.12685339065925966,0.7332386598345545,0.6456834188505793,0.681390237554623,-0.3544198777797737,-0.31271347002312755,-0.41429342512673106,-0.10055699659271419,0.3628891633214237,0.5191735975932157,0.4608556008845936,-0.3595937191604291,0.23168098118658165,-0.4379974400740392,-0.668447882144134,-0.40244672602008535,0.7890268009096457,-0.3438743623890397,-0.5120024830130319,-0.4306333950499624,-0.14582860740555342,0.7914118641359763,-0.44136070732169086,-0.6976825970887414,-0.48793012302138467,0.06622276098151246,0.840260163247353,-0.2661876179494896,0.40336196119089285,0.40322885071821346,-0.5622076059733344,0.599836227464432,-0.033203263761962594,0.38679018653230185,0.5008646494791076,-0.7183778606102093,-0.5314681748316973,-0.3012499363405454,-0.597022908086326,0.529183269131784,-0.5798386800381066,0.47853583688440354,-0.5887077326420633,0.4183636622445651,0.42948395518803023,0.7294690236897989,-0.4956485760995497,0.42189699418387405,-0.45242083460366467,0.2968907239402486,0.49881069523793276,-0.2701853072969709,0.46294515236876965
-0.5718468865502453,1.0000000013439094,0.4980076696923325,0.6188713116547518,0.7756345967025119,0.9851739269228764,-0.7681671670620134,-0.9892877537846586,-0.7561120978312638,0.9949153955787441,0.8255137916992252,-0.9700313571267887,0.8219907851390855,-0.9755556298648794,0.8977036582789863,0.9210531028060129,0.9636958959426173,-0.9913453603488844,-0.8801405153769131,-0.9499653995789529,-0.9599937608993208,-0.9183430125316667,-0.9845300949840318,-0.9319468403527624,0.6366852412361533,0.3988973136833534,0.9873251006389606,0.8569557731948609,0.9844372348423471,0.4167825170650641,0.6777604174891477,0.26713109343543495,0.9694872178277225,-0.6337934159855322,0.9509052523512994,0.8808082286668153,0.8609841816753039,-0.9830679547161526,0.9757048277073725,-0.8612006764999962,-0.9846190581540085,-0.8887065592200939,-0.947067248478653,-0.9771760781480935,-0.9473580099478083,0.8800124520868156,0.8102176965758613,0.8358616779284396,0.8704674968661001,-0.8544903878780624,0.969515158582152,0.9591215089209564,0.9893375446503702,0.969967961039174,-0.9985751047207014,-0.94609700039082,-0.9583946392442525,-0.9826938176756733,0.9349559241098304,-0.9106439051903036,0.9738340498571726,-0.9542517623754954,0.9710777784566488,-0.38785259535924715,0.9317776766695535,0.5868562189358695,-0.6292360842756102,0.9593919735987301,0.9977404479224854,-0.9891860901148051,-0.8680287767558927,0.9488240931986884,-0.9951647684084624,-0.8395893019211721,-0.7956462183691523,-0.8681603750085714,-0.2617984035625559,0.9535204901042178,0.9238501840045513,0.9738217266817767,0.8525811479027462,-0.963633025775818,-0.9912579679789656,-0.8971959582965086,0.9702795855272429,-0.9298953886774824,-0.42969870159283036,0.9095652630233994,0.7290002242778673,-0.9548657192918621,0.922658999969955,0.9774419327696303,0.8410923277264322,0.858746078759077,-0.8770971307986318,0.9794041482207598,0.949294631556444,0.9643453281585531,-0.7080572976832161,-0.8343329056773346,0.9195898044661599,-0.9757410500615076,-0.8920685856641941,0.9231569664327071,-0.9949681168085758,-0.4514283688990647,-0.9694679098235968,-0.8663365669123766,0.07096715182610329,0.9732126444473945,-0.08415254267181299,0.9957456954475581,-0.9973125430972749,0.9664435798228426,-0.989179967023822,0.9930552718592008,-0.9619925951103779,-0.9644952948057889,-0.9749531592838313,-0.3098439302274296,-0.9219986853231618,0.9863550252321625,-0.9353428823070297,-0.9950589114926686,0.8987033520083473,-0.951466585862496
-0.22047267280845842,0.4980076696923325,0.9999999978497216,-0.10695652325639975,0.08770065010335087,0.40360769139215197,-0.2709227699725148,-0.46035853577347735,-0.47665175280859917,0.4262390805111813,0.18727948694237895,-0.43414472321596564,-0.006647729165049678,-0.3464904203407665,0.6277306568810326,0.7271305642173218,0.4912465212590042,-0.43884169360800074,-0.1472293476740299,-0.3043808639393316,-0.3339430879379676,-0.43088682648269155,-0.3486424508000604,-0.4275410211388812,-0.014438619367838893,0.3226698137691616,0.4583671316798966,0.2389465087561938,0.4117982120027977,-0.23660142954391716,0.3234779655989058,0.8147117285465003,0.37211697845694686,0.2475602348898604,0.21225116035300653,0.06864090599197153,0.4908100286031939,-0.37531002532236435,0.3931980791662439,-0.08722032188578124,-0.34086171667794674,-0.47068430762604085,-0.197246867712225,-0.4060926383694624,-0.19839016572553955,0.06771942949633097,0.11916346592423091,0.3578474484393123,0.21862344278979853,-0.5721919865941202,0.34080454941820015,0.3616087596848533,0.558666021793487,0.3559904821991887,-0.5069463149292023,-0.27094363151351114,-0.6128548703304411,-0.35058461235874244,0.5917924238646926,-0.428623349047364,0.4210398711249998,-0.7337188754330367,0.49695285985459803,0.20631312491891815,0.5718557837067896,0.34927280425893237,0.34696961404124177,0.40067412879202985,0.5450813168278008,-0.39294412937341866,-0.04630954544403815,0.5789582541027664,-0.4972781079204772,-0.5551071728263345,-0.08049253266020809,-0.1927563073879779,-0.04648747895054597,0.32853044359351663,0.6122955029712137,0.3818034529746533,0.2775877457932847,-0.4023760540649452,-0.4400245382128269,-0.12110472369266283,0.5224858705382819,-0.5017030346729148,-0.3068638905422199,0.599759822767722,0.7831439092321627,-0.45703298719920965,0.2079408259580725,0.5877482791380887,0.014975289211356019,0.40608700323310903,-0.15734554380785606,0.44567323841923157,0.2845819373396703,0.6527627730426483,-0.19272180214603907,-0.18593396665272732,0.5733626647212435,-0.5717094597649238,-0.6662366399252831,0.1460392574250976,-0.44601637807447764,-0.9510091671708766,-0.3817571047451558,-0.682845371110732,0.3628977215522873,0.6239796452196124,-0.7309326265780194,0.41974212605425804,-0.5210390901660499,0.26285638470038697,-0.5452235275443545,0.41546960280369727,-0.6339501087422436,-0.41229417311630956,-0.40490687007749265,0.14312886032467062,-0.7598297969383492,0.4224646789736256,-0.63850832754889,-0.5412559807595154,0.2395106326985751,-0.6608839031282792
-0.897462006237185,0.6188713116547518,-0.10695652325639975,0.9999999966798098,0.9260853942386579,0.6874338397465466,-0.14766288357166146,-0.5569215307599296,-0.0149940543184162,0.6197455008075182,0.9332971237055454,-0.48340523606076874,0.8796193522171486,-0.5952787690744625,0.22602755254342757,0.33842761416770206,0.4324543698782696,-0.5762169937410461,-0.899412610766456,-0.7987454041919977,-0.6766335659053987,-0.7956864862344737,-0.6660419838920734,-0.4655360141356864,0.8919004020113315,-0.35780633350483115,0.541833980475701,0.4112656287209631,0.5766244370783143,0.5496604220952086,0.5638114037410721,-0.5141172442369163,0.5375659027220724,-0.9167731113307883,0.7305397366590841,0.86598063006936,0.20187486066505195,-0.5964927164447331,0.6555556165748405,-0.7879597734369499,-0.6889298018146406,-0.8175440464089468,-0.7148178231937407,-0.5475751778180095,-0.7386329793965998,0.6476042211249167,0.3701104436713,0.24946367112157022,0.9206988371871764,-0.15399115772415714,0.6211678459908123,0.506243532776863,0.5815510621239111,0.5558077028242591,-0.5929669807676624,-0.5555795544853557,-0.398470133800086,-0.6358048028117315,0.6240182650918767,-0.3674918804931656,0.6882196496101156,-0.45699487670503447,0.6953520764583109,-0.14974909504701264,0.3243901769684967,0.7526175256048253,-0.6572078868369781,0.49046084004466417,0.5692422629619316,-0.6541194248895699,-0.8810327091031122,0.709600732842703,-0.5910609692972383,-0.19417743328058917,-0.8456366694220692,-0.7549911208004856,-0.5840315851757399,0.5154689458105951,0.34119694455058885,0.5425274642678127,0.30704695889148337,-0.488224654976501,-0.6065015537236546,-0.6671883689372644,0.4339334161835509,-0.32950113661480324,0.31111025704891637,0.5936184073118798,0.2515020936571512,-0.7841846784987048,0.5524016124430892,0.5256007444630001,0.687291286827096,0.26977555352829513,-0.8947547615077535,0.540429331020314,0.8019661096466293,0.4590356468026678,-0.24088690020290568,-0.9124200016040483,0.32210072543171,-0.4468781630093545,-0.37435544880377325,0.7459178005480465,-0.660855570769533,0.2918408815572766,-0.5214046568692036,-0.4312266311143765,0.41103059820373555,0.5099815677184076,0.5653701931806621,0.6746865894925026,-0.5724560113923013,0.7235464118149499,-0.5231188100290016,0.6713221389817714,-0.4148017121864345,-0.5306080047465421,-0.7733720797898251,0.1833131355514457,-0.3393100649675253,0.5585526772710108,-0.31704275141914445,-0.5408499302904981,0.46605847960616026,-0.42924111445894775
-0.8494367189906981,0.7756345967025119,0.08770065010335087,0.9260853942386579,0.9999999953619856,0.8562263295220663,-0.34424116860220044,-0.7486572978774935,-0.28162532380827804,0.7668266263064377,0.9053895206253122,-0.6538257581725563,0.848211283986497,-0.7333758560662674,0.49114385394899396,0.6009819911737802,0.6516367734941414,-0.7522354391641646,-0.9045239229218418,-0.8464935888040636,-0.741901747714988,-0.82268446585702,-0.7896481324621684,-0.7224638133724356,0.9747682374429817,-0.051273681198805626,0.7327644660403724,0.660679490710911,0.7152765695745996,0.7391986850594813,0.8236181424801826,-0.358103847193718,0.7246909935221578,-0.8032908146157013,0.8591178272045424,0.8915011712504396,0.472892970339285,-0.7420446564959198,0.7413025524858985,-0.9351981605662856,-0.8131354477867315,-0.8695780646473608,-0.8380320891695534,-0.6888329720292797,-0.8597321583115761,0.7207445118854591,0.572867892982043,0.3838822183306107,0.9390623036060604,-0.3538935363912048,0.7235031550898635,0.695482148501626,0.7111830314599196,0.7366726392302617,-0.7449574258232159,-0.7188096023051292,-0.641635598745185,-0.7956191409923116,0.6853629086998547,-0.4986266290128233,0.7622721890123069,-0.6391311467839943,0.7739201020698104,-0.06238019163132254,0.579619956497795,0.616328259598273,-0.6823014937260321,0.6332727165622786,0.7350298778576188,-0.7729001787001153,-0.9031942683077696,0.8234911896230281,-0.728980651602368,-0.3246214426993625,-0.9795842650206653,-0.9375581551475187,-0.7146291130760279,0.6866371948505832,0.4822139473653402,0.724166506833637,0.4738632910271781,-0.6875818015695808,-0.7358837284152329,-0.8325074450578479,0.6184545899991236,-0.5275120037092393,0.0017511640294985765,0.8203747815051441,0.2895916964396617,-0.8909642772580946,0.7080871318497435,0.6535523333852594,0.7004109168005923,0.5485466684415337,-0.9791135899555938,0.6748922368845985,0.8520513086760909,0.6928909737996263,-0.5444975671541943,-0.8740502603209429,0.4729167522610544,-0.6199359161795093,-0.46413003637465317,0.8774340306058951,-0.8255680061827317,0.1007848197092565,-0.6932640048957186,-0.4856730005046481,0.24541868436511766,0.7331658371335418,0.25198453268636883,0.8119057392616217,-0.7536703642643904,0.8535560696213834,-0.6773456686755711,0.7914992536234368,-0.6540866654797526,-0.7519068253028744,-0.8833193293718848,-0.019906399687887714,-0.586080705038259,0.728369915701552,-0.5035765476823452,-0.710247517704065,0.6757923161835845,-0.6779710434731475
-0.6153692225779025,0.9851739269228764,0.40360769139215197,0.6874338397465466,0.8562263295220663,0.9999999948462007,-0.7334569091220995,-0.9829838615511184,-0.7139184592267872,0.981973477733613,0.8428452032159915,-0.9438302731304707,0.8417334998102167,-0.9627531843855451,0.8616571816044685,0.8953958234127902,0.9469422162906238,-0.9828214139739694,-0.8993007955704972,-0.9441686831643605,-0.9332151240874001,-0.8982679045546701,-0.9777212683156689,-0.9504402504237776,0.7471164321042733,0.3743050778822315,0.9780191058220487,0.8882929000375515,0.9615402316808634,0.5632275061783563,0.7715015037816074,0.1255702438449379,0.9671720461180008,-0.6742188229702296,0.9760856490420926,0.9085080516382424,0.8396173600423141,-0.9705402067415482,0.9470083774542325,-0.9326384136589368,-0.9833992391205298,-0.8873809929940881,-0.9682649604918245,-0.9512377907999651,-0.9723429523777831,0.885322896790041,0.8282955701766233,0.7740266198393444,0.8967057500104036,-0.7845349782398597,0.9466164098042801,0.953979980960448,0.9512813392316947,0.9695811488088484,-0.9757075448716844,-0.947970756062196,-0.9378180290842677,-0.9869913039012136,0.8805887483351604,-0.8529132103504019,0.9445972788005418,-0.9085100312249967,0.9402608938529338,-0.32308124471342775,0.909458214489317,0.5461603014939518,-0.6899681506663462,0.9259769277797515,0.9737985407472289,-0.9734591960590866,-0.9012246985957707,0.9355679138934935,-0.966565548237065,-0.7489580518147481,-0.885014859493442,-0.9403680043649943,-0.3940419907434557,0.9452036685306145,0.8492117618001981,0.9684239121142508,0.821047641622131,-0.9556932322324755,-0.9668014430904206,-0.9431987686370432,0.9338583822691299,-0.8870864523134372,-0.4117553919056623,0.9313596622371199,0.6092061205643929,-0.9617309252998689,0.9292388314438701,0.9269676199301794,0.8370982796116399,0.8618689015536328,-0.932682416893698,0.945392941879623,0.9468792301541709,0.9478217194982184,-0.7601060855788452,-0.8408937107328908,0.8493356453244327,-0.9318847118845704,-0.8016520218920284,0.9628737836701512,-0.9974067851598651,-0.3291116337104248,-0.9558452170548517,-0.7743122123137939,0.03746553797074201,0.9627335264121927,-0.04586038825327318,0.9898332849279277,-0.9832357585097138,0.9842638525449166,-0.951736690155913,0.9791652561457571,-0.9407249796553293,-0.9748386766053616,-0.9813794091047773,-0.3233121374920126,-0.8864120826124614,0.9733594259387341,-0.8732673895234923,-0.9677231272400295,0.9149996687074675,-0.9375422215677591
-0.06341669292539623,-0.7681671670620134,-0.2709227699725148,-0.14766288357166146,-0.34424116860220044,-0.7334569091220995,0.9999999992161396,0.8343459903775713,0.9610910028018389,-0.8102231766856075,-0.3745299719680779,0.8993532131619071,-0.5615150841220838,0.8587868519429317,-0.8875622820264177,-0.7418334725296353,-0.8928315131248473,0.8356357746372515,0.5306381930679751,0.644205367113529,0.7669374044643362,0.5054558544022517,0.8014746036554372,0.8389319182728693,-0.20060257935984543,-0.8125828897733626,-0.8482475556859786,-0.8950497506909185,-0.8484387453681101,-0.3027026001853313,-0.3511080405435977,-0.42166689073060637,-0.8819192430455457,0.367900909910172,-0.768000619582025,-0.6185877859232529,-0.9420827707577014,0.8494467737356511,-0.7721161693424746,0.6307608447540297,0.7828896427319855,0.3967615153769645,0.7891490401133544,0.8695184045306977,0.7641679266392625,-0.8392723769488101,-0.9468004280743848,-0.9645229334580998,-0.4383434980198743,0.9363646648763894,-0.8310339738172515,-0.9032721683553689,-0.7505407696073878,-0.8760136222149844,0.7874546835815901,0.8962068221011295,0.8294245167577005,0.8221970319964156,-0.5969831277174139,0.9255443546993547,-0.7168922082319867,0.6863606013359064,-0.6503186625524595,0.6999058984616182,-0.8862270971791193,-0.041379470203520716,0.6781403635122077,-0.9012223705636069,-0.7817007069969427,0.7921512019464685,0.5960458744922031,-0.5314365322835555,0.7926284579431498,0.8916397082068976,0.4592860195423695,0.5975865063417325,-0.20034227485590547,-0.9099372683530949,-0.8462412215551983,-0.8786620226773761,-0.9845205924010265,0.8999267679231973,0.8110701337543419,0.7956215256711558,-0.8873506955825659,0.9369194510373248,0.8293702204805755,-0.5482786537586393,-0.4888348302698374,0.5506371120649518,-0.9030073852107094,-0.7679545589050966,-0.7752562175219263,-0.9246667641318058,0.5088444335236739,-0.8544668883273143,-0.6530938477486049,-0.7499811166627164,0.8296187095936753,0.41517577458314986,-0.8842829606218007,0.851016390629911,0.7254553476720038,-0.7478985106871638,0.7499984658409454,0.4169248021680119,0.8948546734554379,0.613950617087179,0.5305605746833715,-0.7343852431022301,0.17751509092055953,-0.7601810691273676,0.7916794821657502,-0.7675059568507184,0.8168432599223302,-0.7649254822285007,0.8045734416783972,0.8459709467274309,0.6341665611260154,0.814249723237431,0.7224567491773175,-0.8578714564258451,0.8658153520020384,0.8088211174830906,-0.9190682528053242,0.7498526044970447
0.47601912639662364,-0.9892877537846586,-0.46035853577347735,-0.5569215307599296,-0.7486572978774935,-0.9829838615511184,0.8343459903775713,1.0000000024598628,0.8253538420475585,-0.9915386045557535,-0.7584048843036467,0.9850291709435243,-0.788232423891359,0.9824578241279246,-0.9331152209058857,-0.9306180985858656,-0.9891754490487715,0.9988268950736603,0.8368384490190666,0.9127093045659549,0.9377137332607376,0.8540492774184912,0.979951328041768,0.9711641756683284,-0.6190787248759989,-0.512449779910712,-0.9996048190945066,-0.9214465496568034,-0.9846619567499736,-0.48110817460831784,-0.7002394476583942,-0.27089615034615433,-0.9923783477191251,0.5919213942160051,-0.9578788349410075,-0.8586963022034718,-0.9178253988288455,0.9883394752781596,-0.9541655198122296,0.8778408792725526,0.9788393022768204,0.8206390146818118,0.956143735183049,0.9815672047905712,0.9530558876295991,-0.8956464284955133,-0.8796783844745953,-0.8661368534964391,-0.8171639670110503,0.8838085775748075,-0.9637113606347136,-0.9867318821216794,-0.9651338964491446,-0.9914929207491946,0.9879221782033207,0.9731550890344043,0.9759783901515615,0.9912983281279655,-0.8770232433486064,0.9229545350845718,-0.9410749300503805,0.9297685758271546,-0.9273325653342913,0.4107364866258976,-0.9647382397064153,-0.46420447887778116,0.6697614554889415,-0.969797178255996,-0.9879116447147087,0.9783999065580465,0.8454936726106523,-0.8994608630141879,0.9818603270595837,0.8459649184250652,0.7974295829629587,0.883461401122664,0.25018785837276575,-0.9793879707784537,-0.9158276897749619,-0.9935481084281508,-0.8990298881937633,0.9904664329834985,0.9819584727224382,0.9304406502846112,-0.9816951604755839,0.9562591097261303,0.5439080645965148,-0.8986001556389902,-0.6594195369403387,0.9138129941672782,-0.9552166013058774,-0.9536080718801084,-0.8397122891870568,-0.9226312843649785,0.8550615307713997,-0.9769880681744624,-0.9152196396720947,-0.9671942771818238,0.8006878131451761,0.7675264519358226,-0.9218574961412624,0.9756545553069771,0.8550714477882005,-0.9366565066360377,0.989130108130973,0.4364069123729152,0.9883803044914002,0.808317311037332,0.06910349670814979,-0.9724287473176746,0.13479303647260657,-0.9845254593229494,0.9950337810705417,-0.9684548300219231,0.9804023595141143,-0.9777643046152674,0.973856986268932,0.991481445424542,0.9454607418173795,0.43597850469970684,0.9222223853755829,-0.9960194616272892,0.9400403890534086,0.9897289051618761,-0.9494073578389747,0.9595142448600266
-0.09353136946668315,-0.7561120978312638,-0.47665175280859917,-0.0149940543184162,-0.28162532380827804,-0.7139184592267872,0.9610910028018389,0.8253538420475585,0.9999999991602055,-0.7758047786729062,-0.27549237589626907,0.8703615148472521,-0.40380199735665134,0.8015206027170906,-0.9486676833829264,-0.8341329014897592,-0.8989560853005398,0.8148075082811919,0.41720345927512276,0.5620167842100788,0.6845930118690715,0.4559710350768749,0.7430615224816872,0.8592353450658495,-0.1515487641594292,-0.8917700678019165,-0.8372129426278364,-0.8768851204754257,-0.8042796832570017,-0.2715270807512486,-0.4298576123823095,-0.5805601774636026,-0.8506251142451401,0.16467282711850606,-0.6924342584741391,-0.4900521756776977,-0.977322342614255,0.8014758171492928,-0.7086678753471753,0.5632535158620386,0.7252172978272653,0.3811663005531201,0.7063134863190828,0.8239553823973749,0.6831932806850831,-0.709391357300338,-0.8828675347162441,-0.9104513774419414,-0.35567862418089946,0.9554375896986116,-0.7595414785476273,-0.8696963511207921,-0.7405061425957317,-0.8392593602841419,0.7729954148928911,0.8350109119781739,0.8775319758970127,0.7790280371432758,-0.5832612899512432,0.8803088986565362,-0.6594329322900804,0.7450082255449851,-0.6170040613551352,0.5061116644907002,-0.9286498387978422,0.01761964401978112,0.4877907423739823,-0.8537421934656076,-0.7817495638801396,0.7405848412161877,0.46529535751231194,-0.545320826792868,0.7695266974313926,0.8812537771259898,0.40905133646989955,0.5698060699930854,-0.13528978522747642,-0.8613845617637177,-0.8482610331133437,-0.8465966104066218,-0.9262356980599307,0.8788627146582535,0.7713393489925824,0.7219848836462897,-0.883278351545816,0.9338823962388725,0.9019570583685291,-0.6209589759149505,-0.533353159685054,0.5349711386952605,-0.8277212192632764,-0.7621000549218486,-0.6178681795554442,-0.9492051532791408,0.43694838210189024,-0.8147698987222511,-0.5672868813012063,-0.8093172176854376,0.8496137726702334,0.30579729153638985,-0.8797225454337085,0.85443755122781,0.7300244180454557,-0.6658000804655085,0.7340257270762959,0.6006298375303957,0.8569327456943745,0.6196777105815846,0.4882848388542768,-0.7839476048772234,0.43782307861697584,-0.7251420748100859,0.7932538859940877,-0.7008988592414659,0.8086473703636619,-0.7208758758062963,0.8572345113353156,0.8427082277354144,0.5990083271169088,0.7638479746875688,0.8156862503958854,-0.8291173645501992,0.8909074062576233,0.8071987536640436,-0.8757836243956574,0.8189973707898676
-0.5288661756947757,0.9949153955787441,0.4262390805111813,0.6197455008075182,0.7668266263064377,0.981973477733613,-0.8102231766856075,-0.9915386045557535,-0.7758047786729062,0.9999999976037616,0.8195953492632505,-0.9836512023324802,0.8493197892238308,-0.9926147164983318,0.8934638679004807,0.8936716319319924,0.9693701840532432,-0.9962647146753015,-0.8887764440446466,-0.9545306028602053,-0.9742960119634796,-0.9027557826115452,-0.9959167657097425,-0.93416678141941,0.6241668319553487,0.42503881045164427,0.9913805783542551,0.8812831315109696,0.9957745459092535,0.4309783956944877,0.6443327601848162,0.237185793352376,0.9838161235316976,-0.670230818501431,0.9683904008739893,0.9024140073816946,0.8725962530339467,-0.9963395295582456,0.9844711006234145,-0.8741242696486943,-0.9944080406681413,-0.858012016498626,-0.9684261822914784,-0.9913081981661881,-0.9660596272189996,0.9221187723570669,0.8536604688768198,0.8704185802033431,0.8638304509818063,-0.866293427140197,0.9870212950167827,0.9767595369192438,0.9811228816825919,0.985149799991577,-0.9954840454544808,-0.9713755470846104,-0.947726537968104,-0.9934203032244653,0.9157131060054681,-0.933315054880691,0.9757958722877312,-0.9252907174587659,0.9606871931230286,-0.4671457929593858,0.9301812403920191,0.5535823333732771,-0.6951439944154371,0.9780267230250801,0.9905357438277642,-0.996916301500968,-0.8894239999680431,0.9183765201197432,-0.9945331299617756,-0.8537939867468407,-0.7942129421748815,-0.8676156405528473,-0.21458400607386113,0.9756843838838435,0.9247896967640988,0.9874214533057024,0.8910739940036626,-0.9773067833959412,-0.9971382045982713,-0.9229844208543291,0.9758442408714326,-0.9429657554054186,-0.4570638493081749,0.8724038356821419,0.6969429233192982,-0.9345487406712208,0.9543414747717383,0.969966901776846,0.886077376595377,0.8732999817703413,-0.8765051929323806,0.9898179870399841,0.9559337216740686,0.9429061160230852,-0.7305450039013364,-0.8333960126243305,0.9265807650656837,-0.9748678784650797,-0.8818706975132173,0.9436552812013124,-0.9907767635297081,-0.4011796817450653,-0.9858257699449456,-0.8468404801072125,-0.00022404244292244756,0.9523384628602176,-0.028437537076104073,0.9964991196034533,-0.9915132439752472,0.9798486725615775,-0.9871332154885872,0.9960837944294535,-0.9474079741983157,-0.969828136957969,-0.9659424257905181,-0.3779844075233052,-0.8916370408669643,0.9954735756119258,-0.9326103476944296,-0.9909050246988915,0.9269115092030479,-0.928892657328734
-0.8763697169782272,0.8255137916992252,0.18727948694237895,0.9332971237055454,0.9053895206253122,0.8428452032159915,-0.3745299719680779,-0.7584048843036467,-0.27549237589626907,0.8195953492632505,0.9999999978404993,-0.7116831503128254,0.9416299549353047,-0.7899143065644569,0.49247232736905516,0.5875580033151571,0.6583624451102814,-0.7769880257217997,-0.9810896141477572,-0.9478984302594156,-0.8707830036955462,-0.9589560123321904,-0.8461951849635536,-0.6360497812530586,0.802336503717767,-0.16214820917152814,0.7482626457678124,0.5473783033317088,0.790512328452454,0.4022543397738967,0.5658082496862367,-0.17601430621663103,0.7282765644074174,-0.8911118630528334,0.8506976194036673,0.9394609640403201,0.4396761332481499,-0.7938717753458261,0.8615830657127905,-0.8192385402770173,-0.8591891254145989,-0.9508017594702216,-0.8400464241781249,-0.766927545733164,-0.8563165209395713,0.7773037730473271,0.5096489805791435,0.5135232043647423,0.992114564083793,-0.4553178825454925,0.8216470663303385,0.7014903954178054,0.8196762414882434,0.7411306773220523,-0.8124014539784442,-0.7284356223374693,-0.6376842396892984,-0.8074146021296177,0.8619759343680318,-0.632378692024115,0.8909549521906598,-0.7205318756242884,0.9015676935474,-0.29116070326418053,0.5675065998721205,0.8566655340259881,-0.6402280286573633,0.7216047854808116,0.7947932436279603,-0.8492058568064107,-0.9418928611058255,0.8920298957463527,-0.8159050351550422,-0.508415072023418,-0.8313920129622804,-0.796678313296751,-0.42077592693449,0.7100365116065587,0.6405505833876959,0.737542575943221,0.5294301851895602,-0.6921978759155811,-0.8208862223031004,-0.755125926814575,0.6848492152238033,-0.5912792490819652,0.12244553339896262,0.7441227668945845,0.5723126158389549,-0.9293351460198047,0.711569726844767,0.7839759430306971,0.8094200054017365,0.4659028656519927,-0.9358064447558375,0.7722449285424863,0.945788004677352,0.6883427804539329,-0.3378862918917467,-0.9964228272523815,0.6164078996479189,-0.7079258408872291,-0.6810044029697239,0.8374237302537767,-0.8384240052713231,-0.04613611081964891,-0.7275796035698635,-0.7256978318074958,0.4244094998347683,0.7261624404487803,0.38672884790531264,0.8586787136738007,-0.785254418912633,0.8592510278863172,-0.7682769002983517,0.8638871328518863,-0.6543284150289618,-0.7086144387060286,-0.923354048738808,0.09931763797339672,-0.6012022613227865,0.7648655351492702,-0.6098537812472274,-0.7734257272721325,0.6219573554403001,-0.6569612484682076
0.36818369759807135,-0.9700313571267887,-0.43414472321596564,-0.48340523606076874,-0.6538257581725563,-0.9438302731304707,0.8993532131619071,0.9850291709435243,0.8703615148472521,-0.9836512023324802,-0.7116831503128254,1.000000005964175,-0.782216523662797,0.9900745308848307,-0.9383721238379493,-0.8973099815587472,-0.9884809019948646,0.9883968215485107,0.8068655485792207,0.8964400250323359,0.9506400110721447,0.8233330112457309,0.974838413253185,0.9407542947124901,-0.5006203050599756,-0.5640072102100077,-0.9893205311072115,-0.9113004870011642,-0.9925922058089836,-0.3790182840859003,-0.5729974553140212,-0.34068173461991547,-0.9901934408860646,0.5841489794873583,-0.9367494391534987,-0.8393629190041962,-0.9332223277711701,0.9909243405362973,-0.9617444045804786,0.8180299351844504,0.9673278238805595,0.7576633502908607,0.9430191849868715,0.9957644000832919,0.9334824192195813,-0.921778528379967,-0.9041568608225055,-0.9385465086771371,-0.7628364968102878,0.9351414989578285,-0.9787231275275132,-0.9913803156456032,-0.9593967459503223,-0.9886602511464422,0.9773837637579113,0.9815894046561731,0.9583258751000637,0.9779780254611794,-0.8691370079205114,0.9745789054886403,-0.9400026634416859,0.906334816565723,-0.911905462293287,0.5483720260699743,-0.9612896182409865,-0.4311135888065849,0.6888651257683346,-0.9961944180700775,-0.9734488067339325,0.9752653885682198,0.8218572764769716,-0.8465002141806814,0.9785641343211872,0.9145541062412254,0.7066911293252774,0.8068165269459079,0.08305862754267901,-0.9918537974486168,-0.952771785913825,-0.9925175400518277,-0.9534294728444163,0.992441525671616,0.9835867961012085,0.906560456970907,-0.9948269429632673,0.9856794820739398,0.5910162755101089,-0.8147522323294577,-0.6915868033139329,0.8576759718194182,-0.9686136521188531,-0.958822816385608,-0.8758684441152429,-0.9229908413477941,0.7876492886139845,-0.9924271404241641,-0.8990664562505726,-0.9320664177438782,0.778327359510154,0.7349801080450815,-0.9635991252476496,0.9857846967992515,0.8892323945153677,-0.9089545001586541,0.957950403062782,0.4608593320149616,0.9971021090638762,0.8313504459606511,0.14205698540250036,-0.9326619084415428,0.10178069443002663,-0.9652265183595363,0.9752121286003671,-0.9474374151875259,0.982955559500052,-0.9671017777298586,0.9514824706456337,0.9692157103550948,0.9036683345385124,0.5106461732751757,0.8922771884947135,-0.994398576790638,0.9637067846211514,0.9820353227008087,-0.953360621422307,0.9218044261352434
-0.6817404624239737,0.8219907851390855,-0.006647729165049678,0.8796193522171486,0.848211283986497,0.8417334998102167,-0.5615150841220838,-0.788232423891359,-0.40380199735665134,0.8493197892238308,0.9416299549353047,-0.782216523662797,0.9999999988983254,-0.8604097941916706,0.5293146410134548,0.5379657854409484,0.711168081752222,-0.8126906891967455,-0.9809967327612682,-0.9490892507511766,-0.9165005854659074,-0.8878229615501029,-0.8908312226446327,-0.6780809711384447,0.7306250050031144,0.005865931199773759,0.7851554024931088,0.6648930935831106,0.843236703737056,0.4507484407977371,0.4695790239642848,-0.21175821304996334,0.7993689996045009,-0.9604908625066431,0.9108122252271141,0.9885513299585432,0.5316329695337338,-0.8525628863984228,0.8930457445656428,-0.8584531290368621,-0.8968079599851166,-0.8284612050251977,-0.9137006123748683,-0.8313091483936449,-0.9189462963818007,0.9178232842174213,0.6878023113508911,0.6626382916764444,0.9396248050037914,-0.5423932968305066,0.8871917563388351,0.7859766127083168,0.8044157325426704,0.8130761302349657,-0.8169057100130604,-0.8317574839338941,-0.6398957239956086,-0.8563334850694403,0.7955452480006376,-0.7349829966374674,0.895348699649358,-0.6484815989023668,0.863745356104157,-0.555417583516853,0.6064287952572827,0.6953212188139071,-0.8456002670014282,0.8049453797861664,0.788621283550813,-0.8818109398275279,-0.9882742128178305,0.7882050537060827,-0.8270807463384016,-0.591707948022985,-0.8132904527500728,-0.7969020498683189,-0.2439809232851013,0.8068711114377266,0.6726134382574976,0.8052876364316421,0.6924668988204912,-0.7658659753526442,-0.8519757369737062,-0.85052636369312,0.7331836651948749,-0.6727962747334436,-0.047941840980401336,0.63801086913792,0.4779975202125551,-0.8540912611408786,0.8351323133752445,0.7745839252636891,0.9480398511723276,0.56388850871737,-0.9141529101589548,0.8237055722105837,0.9540846841709723,0.648545231147783,-0.46218025157663434,-0.9556144865798192,0.6715250391641095,-0.7321718243143883,-0.6651633006616631,0.9059937164368816,-0.835720546317692,0.06335124202699574,-0.8048834222319274,-0.668713641685113,0.13446261302389403,0.6836754600071857,0.494583863947074,0.8685167391096809,-0.7855214263737371,0.9067270067469329,-0.781264186156471,0.8795363691903421,-0.6416685668794042,-0.7535022237556194,-0.8886384958787954,-0.18335096720152283,-0.5394799966023738,0.8152099137526687,-0.6371467008596584,-0.7800391954341752,0.7455492324271503,-0.6167499946328249
0.45528949973217275,-0.9755556298648794,-0.3464904203407665,-0.5952787690744625,-0.7333758560662674,-0.9627531843855451,0.8587868519429317,0.9824578241279246,0.8015206027170906,-0.9926147164983318,-0.7899143065644569,0.9900745308848307,-0.8604097941916706,1.0000000024558542,-0.8855688164055597,-0.8553563924537163,-0.9677003488706042,0.9898366570918756,0.8774122872421373,0.9414743088765254,0.9762407473164229,0.8659164407681239,0.9946642567395547,0.927191850861394,-0.5866050403706567,-0.4672037731719485,-0.984856520628512,-0.901609419949688,-0.9969911965292102,-0.43336942595925065,-0.5911941142387607,-0.21749106634876592,-0.9894610260144243,0.6903236207502474,-0.9722940778770894,-0.9072560006137826,-0.8839011366668666,0.9992378903080423,-0.9805039362156669,0.8704880640775836,0.9906096609526882,0.8024909509742202,0.9773515626468533,0.996615161503308,0.9711715835924228,-0.9572866076647579,-0.89764307577749,-0.907732874675083,-0.8337415981700544,0.879394312100653,-0.994274532204271,-0.9871531766104034,-0.9591792576841642,-0.9912978740971315,0.9792328726788275,0.9893813098918747,0.9276498531382886,0.9921365505278451,-0.8794785663699747,0.9535863103991229,-0.9628863562581929,0.8821145718214587,-0.9329686863903218,0.558596462177697,-0.9227725553143125,-0.4959833572295011,0.7570284051820483,-0.9901984908900743,-0.9700662295658448,0.9917309039222523,0.893531233754463,-0.8663591071431752,0.9812662900699971,0.8687161529201084,0.7716914310404811,0.8489597907759251,0.1429386550656021,-0.9911819147441499,-0.9202095248535856,-0.992101801589775,-0.9313551950434771,0.9835321218047016,0.9911181679872894,0.9381284619588889,-0.974144168084336,0.9528872845320396,0.49947170681444114,-0.8152545329713194,-0.6553677785086349,0.8923896234414118,-0.9799028341293717,-0.9504537077372452,-0.9234949808915525,-0.8860851407108895,0.854121852075464,-0.9909756192142365,-0.9452211507719509,-0.9084341663057804,0.7526985159031873,0.8102710677835676,-0.929639234395775,0.9652615970914371,0.8631972240045126,-0.9505247109537198,0.9712141267424653,0.35192928385136324,0.994378190226454,0.8155409668050689,0.09519335673607979,-0.9171435539308328,-0.021591790995575313,-0.9824633151829268,0.9725588581320115,-0.9792118930385196,0.9740723192703838,-0.9848697936387684,0.9222695880808389,0.9649258641858204,0.9375255743435904,0.46456577471526656,0.8498341844574018,-0.994504024076529,0.9243066227890836,0.9748284814947576,-0.9505709958537111,0.8938291574142782
-0.20205705465940937,0.8977036582789863,0.6277306568810326,0.22602755254342757,0.49114385394899396,0.8616571816044685,-0.8875622820264177,-0.9331152209058857,-0.9486676833829264,0.8934638679004807,0.49247232736905516,-0.9383721238379493,0.5293146410134548,-0.8855688164055597,0.9999999983728385,0.964225581864775,0.9713603991992056,-0.9214186745792384,-0.5901281784743563,-0.7238197420380627,-0.7982299396417183,-0.6681506423855648,-0.8560745273712389,-0.9409016292880046,0.35831915376801293,0.7395326520350164,0.9377759852309561,0.8925143535612532,0.8992004589811833,0.33002669024935755,0.6087502231995986,0.5504063991750517,0.924958747430067,-0.27780559897171964,0.8006628896085926,0.6225750724699007,0.9832959673777988,-0.8944683259580594,0.8302249502877895,-0.6882360287222599,-0.8463202345517157,-0.6307431724488732,-0.8025910860343579,-0.9061019046662872,-0.7906566863326123,0.745705448335752,0.8476341512389372,0.8834702333632962,0.5683011236257467,-0.9600040005583728,0.851144686058859,0.9295246766268443,0.8856581503986125,0.915587920793778,-0.9053933876043251,-0.8876695426762682,-0.9809905425733678,-0.8838995368652388,0.7694003903551963,-0.9071869072789589,0.8050390153414052,-0.9111198395398019,0.7937299590095415,-0.3612073220334417,0.9938618643459901,0.23790888281116482,-0.4645395950002264,0.9135079558933022,0.9182974157255918,-0.8611027374617505,-0.6010774036009071,0.7692945938661354,-0.8970111095860697,-0.8947525096512041,-0.5793841688912649,-0.7180630407560508,-0.08237119358403903,0.9136497551567322,0.9230936424233112,0.9244082503403696,0.8970414519606468,-0.9441204446420355,-0.8864864352772884,-0.7921357900323757,0.9603934522857297,-0.9703930168271665,-0.7560087255663757,0.8259090320666754,0.6782206075935087,-0.7487728467953281,0.8641203181757625,0.8949116043824379,0.6599846112655295,0.9595049833493006,-0.6225952144303214,0.9055997785354285,0.7242900082226316,0.9517215555595043,-0.8272809904652604,-0.5081443876159462,0.9348779361255565,-0.951275477428719,-0.8431931383427618,0.7682030982504059,-0.8800871386522895,-0.6635085016300514,-0.9250302634870677,-0.7694127634439328,-0.21599163723044199,0.9358664986234716,-0.4377123736096563,0.8647422278604605,-0.9251616892971382,0.8182278446772175,-0.9250264142977438,0.8561094951341384,-0.9739079022333647,-0.9338446446406735,-0.7832788724629888,-0.5492673240998852,-0.9551090545932819,0.9226758371548833,-0.9655107350943701,-0.9304989408405808,0.8978597996545917,-0.9565806578915149
-0.4029163780838948,0.9210531028060129,0.7271305642173218,0.33842761416770206,0.6009819911737802,0.8953958234127902,-0.7418334725296353,-0.9306180985858656,-0.8341329014897592,0.8936716319319924,0.5875580033151571,-0.8973099815587472,0.5379657854409484,-0.8553563924537163,0.964225581864775,1.000000001386176,0.94183462749383,-0.9154837676229023,-0.6406993493058936,-0.759273909910117,-0.7882478497505988,-0.75220105345396,-0.8504825484441191,-0.9303922813201172,0.48588157830017253,0.5816986979683743,0.9285081076771665,0.8288026546786709,0.8778106655515467,0.36081245330137585,0.7264678604043214,0.5016614901133999,0.8929730203455472,-0.2895498864325367,0.7967518558937937,0.6377515190695147,0.9106879044348382,-0.8726999415713255,0.828225691846905,-0.7159508622149044,-0.8486573393617836,-0.7579172506005644,-0.7870399558280574,-0.8737869096823078,-0.7855244288619079,0.675173141242351,0.7354443584195128,0.7640560529835969,0.6596396983082522,-0.8760365120130242,0.8239379100201709,0.8853250271927294,0.9094379196300785,0.8847037356454838,-0.9193205458331144,-0.8353366759659537,-0.9844402135034581,-0.8758656704229284,0.8297302069969348,-0.8287457727416063,0.8245286239034074,-0.9656770951800409,0.8435352436241538,-0.16014825022091772,0.9660542793295593,0.38452190636061884,-0.36622702730034445,0.8622460569651001,0.9379732062973857,-0.8610566524043528,-0.62077836002273,0.8718468663323294,-0.9047278083332769,-0.8115625817667954,-0.6575117821488156,-0.7714145451677591,-0.27585768884190975,0.8606053539051092,0.8889261237751016,0.8943360306373369,0.7786205885000345,-0.9056524080488331,-0.8821089711824124,-0.7646362718420292,0.9293209711615492,-0.9076283370885497,-0.6007309882699248,0.931236924699616,0.7208537125433814,-0.8407693890730985,0.7986686527985755,0.90788094528544,0.5920188720109527,0.8931888449767745,-0.6970466255446303,0.8800426091827384,0.7557146402505773,0.9902134762063634,-0.7546789989943864,-0.5865035559510758,0.8840584382004706,-0.9364155094424398,-0.8423172370291943,0.7633082343515076,-0.9099807960731269,-0.6840068311308765,-0.8847801272653424,-0.8019248165919367,0.010083470726990902,0.9810783526846595,-0.4650750336083269,0.8846114402790719,-0.9428361049947225,0.820811871216315,-0.9247546649198024,0.8697298695655616,-0.9888731312668206,-0.9232270225011812,-0.8451108537912649,-0.3323220760833858,-0.9972090491656966,0.9040834356430416,-0.9358930843236389,-0.9383207495080631,0.8292092430133354,-0.9941746164744019
