1.0000000029693603,-0.873422107990317,-0.17300285765695006,-0.8274954660382852,-0.6441877734489303,-0.7395977653631532,-0.7114187612813961,0.19051160707772472,0.3863576554857909,-0.13632103470163817,-0.1280955668820349,-0.6232089167379602,-0.8786467144437777,-0.68845867200087,-0.7887719901689622,-0.07646304294144779,0.5054202016511575,0.5017062369675881,0.6652090639922903,0.11006082074688016,-0.45950269742048583,-0.6126223934786883,0.30043802972021283,0.552429636631554,-0.17123690412598375,0.43122926256759675,0.45283859913826413,-0.5949952244242201,-0.7607622002192954,0.6561568401468019,0.7754896921865954,0.6169767466320535,-0.7151057220269058,-0.6446358843004238,-0.7946995423232304,-0.7132402583188753,-0.4085478883020892,0.4005266394921632,-0.5584033017390808,-0.6237833902721446,-0.6212406892068891,0.5690590828760946,0.3284264417823718,0.8487845892337438,0.4647342867284507,0.5690454100622812,0.7897776706794825,-0.596083474974402,0.5176953526745486,0.5325434897036373,-0.47749671852243525,0.39140160797617396,-0.6260730849901154,0.9194877993411043,0.735954904263738,0.7039312677475951,-0.9555023423173399,-0.6302758721045703,-0.49567006148088943,0.918092370447125,0.3148066242493903,-0.6177862067363511,0.25429613207211527,-0.6337713894970542,-0.3283398853037907,0.6254402956846622,-0.16475127494812564,0.7350128406070425,0.7341351027029698,0.6875247110019879,-0.26732671287024146,-0.3934263506071537,-0.6924213768615519,-0.48234096260979936,-0.018946377391911746,0.43406018783037803,-0.6754077117493794,0.5140979942809799,-0.43881401467319214,-0.394779805603742,-0.19101117213200977,0.7589884888118981,-0.36987999728876547,-0.18446807823877934,0.6553651031775076,-0.6179711735842783,-0.39558385223860293,-0.4515535395964341,0.7494436156037916,-0.47168459316742306,-0.6412846908838931,0.2101503601940051,-0.6727792650803442,-0.7500723493448824,0.7472634841159733,0.6354814436447124,0.6565722451461294,0.6664292935708505,0.5394309227658409,-0.575463246443202,0.48507576502090993,0.7292052739306476,0.45694965926780945,-0.37795680720551317,-0.5999150781407835,0.7566534945194389,0.44615536951902723,-0.47846038187351697,-0.3468088286890561,0.6838805194514123,0.6310774923295989,-0.7878990236451193,-0.30494850098158865,-0.545926079054042,0.5588590208871314,-0.5291308582279612,0.7308808730511658,-0.6328870110882631,0.6316117556744858,-0.7896917495400236,-0.11295933431855276,0.7129693417635345,0.766230864254343,-0.793494127355883,0.7457062008299674,0.6000382339940994
-0.873422107990317,1.0000000017727857,-0.2602755516155026,0.5079875923541662,0.7354964552772064,0.8918438758552584,0.8310962164791986,-0.44771321607323095,-0.4682701848178229,-0.09207858454580359,-0.3700810751045117,0.7135841790817783,0.9992059898010748,0.8524107274719201,0.9025937933929592,0.5515698727849885,-0.8462164640414742,-0.8028774136755397,-0.8302839220841014,-0.5475159693418415,0.6163355981519617,0.6802552802568601,-0.6108987227338577,-0.8061908164570538,-0.14968218134678904,-0.7590753928605363,-0.5086973945986711,0.902152527092789,0.9789805069087057,-0.7356080333071179,-0.8294924319103321,-0.7918600002717495,0.9639292190187946,0.8811891521830879,0.9715863827408548,0.962742018420732,0.7994115614973478,-0.4209185129352177,0.8547653468400648,0.7525352157702309,0.9240438441338981,-0.743827918870081,-0.5941350050790976,-0.8512489768887311,-0.5878717153011426,-0.674936291506177,-0.9824920821009105,0.6626162315221112,-0.8517177132522018,-0.6729128076779185,0.6269668370499061,-0.46128013091815323,0.7060827570971228,-0.9441405021869893,-0.8603956794433083,-0.9266116997842334,0.9125287743358863,0.7898051229510452,0.8350591166495358,-0.9365808888320016,-0.17038856300752564,0.8568411645338324,-0.4553425887026379,0.9296363834749534,0.6000857097050838,-0.8394945835381936,0.26985862881298833,-0.9036573690376521,-0.9407008915189936,-0.76648702157921,0.5138768248970047,0.7394770845010649,0.8777486542908337,0.6068754904048501,0.43821965482076086,-0.5421539715477708,0.9488876422573617,-0.2866861223344862,0.8032861854109313,0.6529272965076769,0.4974590298504722,-0.8748743072356239,0.34280456996138603,0.38915208054670214,-0.8529317930540419,0.7727797371002292,0.5300123912030782,0.531941823359831,-0.9398395622158,0.5055962040563756,0.761251461794691,-0.6260021251728002,0.8190335264483098,0.912816552001499,-0.9746079788513542,-0.8822510613223788,-0.8635190745361824,-0.849445210756917,-0.5211780807911371,0.717927106357086,-0.8247772736967182,-0.9216555883162592,-0.6264328073191897,0.5441191333080106,0.5767072812743844,-0.9686148249230303,-0.5591021818136608,0.6106971162875803,0.5077873633827551,-0.7797494728668698,-0.8044285883713125,0.8499360984280733,0.42751533069191916,0.69375764733771,-0.6691444713634436,0.38460136635582504,-0.7465712530729997,0.8953368897550876,-0.6799966940801476,0.6768071957538407,0.010240477726761652,-0.8514882325905081,-0.9147239144863503,0.85524045188527,-0.92279366389418,-0.8563567177471508
-0.17300285765695006,-0.2602755516155026,1.000000004846958,0.6916932859853192,-0.5314964446784017,-0.5239421335468394,-0.5219689589489075,0.8569882640877149,0.6069169682734281,0.8409319405227367,0.8260154902586276,-0.5405726304084779,-0.2693182028500927,-0.5747720211960957,-0.45219687536349756,-0.8559901158942131,0.49746405104456376,0.7650960860319611,0.5926101047884729,0.9456698062009651,-0.6837344326514304,-0.5165400958880664,0.2332628701521455,0.7206591531053259,0.15876772746185613,0.36389560899254964,0.5538810081790158,-0.6469606358075203,-0.4464350148516723,0.5111344319162924,0.40762253777761953,0.6314772657804419,-0.49285440498493316,-0.6414293855099065,-0.44982495287056556,-0.49976161693993776,-0.6544304800832856,0.5121034478759193,-0.7156040754116593,-0.5840733536827386,-0.542761666270844,0.6576038716637639,0.8321472069486259,0.28594853483965693,0.6417644594437318,0.5832517938737095,0.3090583829929441,-0.5220225346178742,0.7263523495153968,0.6384812248748305,-0.6692451660465537,0.5885935194226097,-0.5264211578248847,0.22021063707262478,0.5077253956595235,0.2633784908863154,0.1554987588881254,-0.001744781781141618,-0.4756003060947221,0.21860520201701697,0.23231393075825732,-0.6664707154545119,0.7860839875144837,-0.5647553587202976,-0.8369088256974336,0.6517619897391204,-0.6719998724377257,0.5361969383444092,0.5382620924769973,0.4937016198663668,-0.8314282329398942,-0.8361171272366988,-0.5837752164136083,-0.6379143451914414,-0.47510885339508657,0.631262768852935,-0.5162970765020258,0.029643894377929695,-0.7803377491010993,-0.8035670716167219,-0.899495895106051,0.4816055967686428,-0.4402893138149252,-0.8012503713809438,0.6206447862447069,-0.6132267413076745,-0.6752945610757211,-0.5890763455036713,0.521439988114315,-0.5165779415338292,-0.5654426417739699,0.5483947979203165,-0.5722041949634824,-0.5181522750524711,0.3950323966057334,0.6503026112032434,0.623920607945328,0.6039553077589669,0.41667428886540936,0.07445194663154671,0.46316664943071645,0.5478146079007933,0.6987150902433065,-0.7185038491804111,-0.38910309880263205,0.487872743522417,0.6342702682731118,-0.6485908579342702,-0.7199130279180619,0.5152018122581262,0.621603395127288,0.1182495034990685,-0.6790428494281445,-0.6412116560528287,0.5927273054155514,-0.19598176443641033,0.3880523851582699,-0.6485546883431267,0.48257887036647135,-0.15134300707690646,-0.3217441997622517,0.5371191894610642,0.49507300491533257,-0.4020137005267045,0.5267116755088367,0.6840741545019102
-0.8274954660382852,0.5079875923541662,0.6916932859853192,1.0000000020300177,0.141081645002425,0.23468461608616933,0.20577426961750994,0.37294370699965157,0.10538987243443329,0.6135613028537109,0.5203623027119169,0.11896128478287783,0.5039587180606728,0.1650477389128839,0.3096011158554403,-0.39514229460187666,-0.13213481549058886,0.06557540008680285,-0.13580928328383365,0.4423828113267113,-0.08228592640710962,0.12109056265920629,-0.15212377662382637,0.010804227971138999,0.14509114346827154,-0.16484703327458097,0.026898328699379467,0.08668214134782734,0.32242607745257174,-0.1605916417807891,-0.31325922570610665,-0.076006240737654,0.26528219335514364,0.1073420391469381,0.3336053486712216,0.2593459565408901,-0.033473637775156224,0.04729376803578601,0.009247398239211986,0.10046720099066607,0.17649529494253643,-0.022354423602218655,0.2507514576218616,-0.4366684806537444,0.059184973772451445,-0.05374986185957438,-0.43104671945839934,0.10469624527845064,0.017722520784462466,0.0015180948795851966,-0.061037902174640134,0.09248601535286523,0.12785330813385712,-0.5407616996206966,-0.23518022199089456,-0.40698793682386697,0.8061503802419816,0.513683446881263,0.13947595591727657,-0.5390685683287352,-0.033921201405458616,0.07087240243486552,0.2927719549952065,0.16875952536857422,-0.2523640218008611,-0.07954645903089724,-0.30850335688023706,-0.22753037537118065,-0.23625978228499153,-0.1957789579852836,-0.30122304018315427,-0.18217913481029105,0.16790865386347817,-0.04303110040000442,-0.1925097247251034,0.07910978845206415,0.22664946804751868,-0.297800136917693,-0.10484939673989035,-0.18387067653511568,-0.3877150319090006,-0.2678239485734584,-0.0343580738500678,-0.35415325276503434,-0.11849300262838441,0.08355351693543984,-0.13048316007721306,-0.045021416764920955,-0.25460061394808337,0.0064864400582078305,0.12378569520055381,0.10136248367091001,0.1500906391761675,0.2494492933813914,-0.3502456302318175,-0.09734476643030959,-0.11981587873585102,-0.13404268204233036,-0.11064579113855294,0.5202861175669823,-0.14020647609341796,-0.22201236800543228,0.09086478059293397,-0.1642261183745893,0.1732049295929023,-0.28914770320962546,0.07078264860980184,-0.05105435491328696,-0.18986970516419183,-0.18312573196585344,-0.09284823466113726,0.6856621468050415,-0.20394153166228368,0.008701214081777552,-0.040911997741651523,0.2184557220047944,-0.28255063016356824,0.10107765801360426,-0.15305760604300506,0.45217335167185096,-0.16591320912226395,-0.20189805248933312,-0.2732628753389532,0.33272366839738543,-0.24440867896155488,-0.05049007682591879
-0.6441877734489303,0.7354964552772064,-0.5314964446784017,0.141081645002425,1.000000001019993,0.957191812602723,0.9874092395176053,-0.8655346505706263,-0.9420583284405415,-0.6695838315627629,-0.22565159741463103,0.9994887434517078,0.7607034704505293,0.9720882699469268,0.9555261817662187,0.4403856081217146,-0.4637032296019383,-0.8823665448708631,-0.9784927567803865,-0.6429668215841217,0.9748636738351105,0.9964053910968651,-0.02033189261228866,-0.9325887508702151,0.41395587283780216,-0.25560102751184033,-0.9573978565800715,0.7776647921638747,0.7627211935532117,-0.9997035601429061,-0.9821711060726716,-0.9823638120448916,0.7453225471411103,0.9161395312384651,0.8559396480510143,0.7522266099345001,0.5286996662932318,-0.9227049489901191,0.8620262286295886,0.9969769300950411,0.6628769292511622,-0.9852002779027659,-0.9117269759766208,-0.9508437705020651,-0.975883716127633,-0.9953738345963284,-0.6390830304140459,0.9943438072606227,-0.7890047088156594,-0.9897676945900526,0.9793317201886158,-0.9401042263200718,0.9989882534984998,-0.8752262740047785,-0.9773067928823598,-0.4723849205219668,0.5044943719352036,0.17322555110756677,0.4301192269154822,-0.8819508920418943,-0.7529734223688423,0.927559854484319,-0.90307436140336,0.7117970096592521,0.9084273297478233,-0.9528444059564289,0.8428190307267279,-0.9443862371609734,-0.8861835090666241,-0.9983040153857884,0.9000798732716555,0.832941251399847,0.9527720655347394,0.9803776834590261,-0.019093007210633,-0.9651069123418595,0.71067015163929,-0.748294519029609,0.7595788007742552,0.930256628734248,0.8443393198776475,-0.9715084185816915,0.8815358494057101,0.8705021990603901,-0.9576345139137867,0.9905779597636821,0.9561540307158242,0.964567013383193,-0.8997397824779099,0.95513550216225,0.997834051559911,-0.2133011842571426,0.9862587469394788,0.9397908511433444,-0.670316426622598,-0.9055728847457408,-0.9478958844156822,-0.9659292796607926,-0.9501913193889694,0.061498213582199715,-0.40584433118395036,-0.9181146333407638,-0.973045141818891,0.951557912696091,0.9619650573439577,-0.8253548840937394,-0.969557208941125,0.9797834210959858,0.9406998161522206,-0.9976959855219505,-0.9810986366843378,0.27415656658724485,0.9189543378069778,0.9905614925419189,-0.9941885539974292,0.8490212990626403,-0.9869145968095658,0.8765211781752578,-0.9944133636799212,0.9145637088263062,0.6701670536824743,-0.9787249488250649,-0.9424944425423719,0.9744765884707631,-0.9254632576111046,-0.9116623100388326
-0.7395977653631532,0.8918438758552584,-0.5239421335468394,0.23468461608616933,0.957191812602723,1.0000000004085121,0.9907711674769096,-0.7858270032057071,-0.8140918843488991,-0.514532536874611,-0.37662404558628726,0.9482142211786252,0.9070650845003942,0.996524188427487,0.9964995941388755,0.5839867880327327,-0.6903924486357214,-0.9418668304106466,-0.9923590576031872,-0.7090593867576356,0.9057565926409661,0.9294015147053089,-0.30287261576474783,-0.968037656727012,0.15914243365449707,-0.5177465607732276,-0.8353624124649577,0.91253620009893,0.9172545108170574,-0.9550124985527343,-0.9754848469582428,-0.9817066626146612,0.9052307040203186,0.9833192887954362,0.9685644218414989,0.9094224480379076,0.7235303723945736,-0.7725350246872924,0.9477671793333404,0.9681996369846507,0.8448602074432309,-0.964958982934335,-0.8742982666274838,-0.9545172531780078,-0.8896505857839846,-0.9332041482997518,-0.833035180900917,0.9210316193580705,-0.9050563005994894,-0.9346310593432706,0.9115477176408421,-0.8080453318675813,0.9432099895262401,-0.9445898874962682,-0.9962899265979629,-0.7070235255025124,0.6772592353445898,0.4467583042237827,0.6637715552285686,-0.9450280509373715,-0.5358988424817135,0.9818249647417487,-0.8038417297868095,0.8779748554559249,0.8754658679970415,-0.9874472661328721,0.6760688539936172,-0.9989640724436155,-0.9815497179695888,-0.9659616204512715,0.8323082502509185,0.8925311542613619,0.9972960426779461,0.9001966415824979,0.22873651226274813,-0.8623037225603791,0.8808597700761003,-0.5636522518028434,0.8721851619581479,0.9079339965729819,0.7995752712495086,-0.9966223517142395,0.7071430956740282,0.7574472422470724,-0.9929761828078292,0.9762858764587511,0.8562245366719674,0.8532614217421693,-0.9873580401838197,0.8289246305501434,0.9706350854487431,-0.4534951054199715,0.9898891799150872,0.9984818150838902,-0.8564209898825647,-0.9785349785001671,-0.9922802690291294,-0.9945893588827635,-0.8227916617450538,0.3426262561747037,-0.6438984306800669,-0.9927412367976871,-0.9106318364542398,0.8640897667337858,0.8511718385397622,-0.9533168900876279,-0.8726174535900786,0.9026019358830341,0.8420085880421502,-0.9735846927792694,-0.9854780491109281,0.5196708169080438,0.7900892343759549,0.9444966366634971,-0.930935103068987,0.6818860374885484,-0.9399564740960885,0.9671960277435098,-0.9247029199710031,0.8434498542199548,0.4266437090357719,-0.9961801359980164,-0.9985596629511176,0.9817190561893034,-0.9953832181889465,-0.974145001771134
-0.7114187612813961,0.8310962164791986,-0.5219689589489075,0.20577426961750994,0.9874092395176053,0.9907711674769096,1.0000000009489383,-0.8251126993834418,-0.8805672742385432,-0.5844202698243147,-0.29977133518940646,0.9821115011107726,0.8511775183142908,0.9951037144511603,0.9891843815508505,0.5141068950875548,-0.5889309784461911,-0.9199050438916819,-0.9955668673625583,-0.6767322678558718,0.9450276453207314,0.9707317840711955,-0.17177168703747273,-0.9586098681501131,0.28483537140845144,-0.3983397966043248,-0.9002711484508714,0.8563012772818798,0.8549537453861092,-0.9863922538928035,-0.9909402357661619,-0.9909564061578543,0.8394434383640824,0.9604498601702545,0.926957373450709,0.8448871631464291,0.6352878776137054,-0.850162558119411,0.9143107825230821,0.9911915638020253,0.7667316849153193,-0.98271975654549,-0.8957195986894463,-0.9665774886282891,-0.9373442406466387,-0.971289839526521,-0.752669299280802,0.9650920650620324,-0.8563205745065353,-0.968568476314564,0.9505303869433556,-0.8766194738310664,0.9793556146919531,-0.9264992137696886,-0.9984794539150312,-0.6057701580774714,0.6111322220126973,0.3262547599247382,0.5588571735221847,-0.9299357401566376,-0.6449109399681595,0.9646289122655708,-0.8537830397489508,0.807591818611191,0.8947290378495089,-0.979861097573536,0.7571873676873935,-0.9839739651817387,-0.9469562029767461,-0.9919973093710571,0.867249786890289,0.8684799419384776,0.9862757311099658,0.945296910544477,0.1088306681992774,-0.9174529456419391,0.8093930804411245,-0.6610488262712796,0.8236069882066839,0.9233175204184957,0.8219815002266379,-0.9963318926851675,0.796062465348081,0.8127856344953451,-0.9856307315356119,0.9921470498667664,0.9092178903809299,0.9129041936169562,-0.9567913953209725,0.8962596737034265,0.9932187792236505,-0.34034577708404457,0.9981948391499396,0.9818225014001611,-0.7788657720776632,-0.9527092301049275,-0.9806061114337064,-0.9906858542157891,-0.8921234411862109,0.2177353249238181,-0.5367218252921435,-0.9679949623483117,-0.946606291541616,0.9106841759897483,0.9136420523567246,-0.903593703851149,-0.9251519856382943,0.9461674208477809,0.8934525773304185,-0.9955492884367928,-0.9925775905940215,0.4156410525491985,0.8554079321157124,0.9743010654719606,-0.9693407193823045,0.7706980941088031,-0.9740319550406703,0.9328262047444463,-0.9677479777669605,0.8907541070528664,0.5446522389215858,-0.9986312352211238,-0.9834988475712628,0.9908109673308375,-0.9732354236409363,-0.9526526665299322
0.19051160707772472,-0.44771321607323095,0.8569882640877149,0.37294370699965157,-0.8655346505706263,-0.7858270032057071,-0.8251126993834418,1.0000000028254168,0.9291401133749775,0.9315062518354017,0.49681796897642777,-0.875575808429166,-0.4725141771469337,-0.8338677672526483,-0.7454309296827079,-0.6339136773570294,0.39263808468798345,0.8718694569305288,0.8538824096213636,0.8411822814949819,-0.9542861088743968,-0.8699322469007121,-0.029837953038256686,0.8884643604803598,-0.28887834512507554,0.18327524723933666,0.9037408999798703,-0.7024970773056036,-0.5688845942316305,0.8549966601309409,0.7636976297682896,0.8868592741888257,-0.5825113169118987,-0.8153354622710923,-0.6466336639095697,-0.5917987886754457,-0.5359981764609879,0.8786201094996448,-0.8168414301793229,-0.88509028575867,-0.5528737226177777,0.915160264880809,0.9849431628275798,0.6716008096692307,0.9415502617792996,0.9041917379435122,0.40041691023406345,-0.8757858462536955,0.7650681205065254,0.9281407764734158,-0.9476781480628049,0.9202163958233871,-0.8700490823945307,0.5534775639677011,0.802052885937139,0.25990943536457506,-0.07788392966919937,0.07309292505467738,-0.35791685524009126,0.5600346633654771,0.669751090375258,-0.8435629785061195,0.9920151246194476,-0.6013353504048596,-0.983129569248517,0.8608782562087,-0.9362858531779017,0.7786710110440029,0.7235487836236032,0.8368174737549672,-0.9968292528751624,-0.8854160013771424,-0.8162754794182387,-0.9380866246618856,-0.1071050378193683,0.9399384475838988,-0.5708371710410088,0.5326368413508674,-0.7818992334092267,-0.9694957557144009,-0.991281554933915,0.7803899528365392,-0.8306126273103539,-0.9915210925284943,0.8453864031187616,-0.8892896169323355,-0.9582911318053984,-0.9209639195425224,0.7260631340284539,-0.8839563622714909,-0.8740374442076395,0.27839397617029127,-0.8527721706487248,-0.7634626663070556,0.47071354340510546,0.8111320139355234,0.8364660241910958,0.8444909377943137,0.8254562393617781,0.18103738262671445,0.3351137408943539,0.7588379230072014,0.9576934524990108,-0.9726572284812111,-0.8060247257569931,0.6423251924187383,0.9404511049973875,-0.941976580237561,-0.9744755865801705,0.8436273874562163,0.8775055071769563,0.06954971119603494,-0.9580878568915467,-0.9245643641438814,0.9095813525691073,-0.6703394679214378,0.779808917047239,-0.7836643025215426,0.8512867578882699,-0.621607857456462,-0.6919828748466461,0.8203934381936386,0.7534574717618662,-0.7478563294204068,0.7537255399758633,0.8399436895390872
0.3863576554857909,-0.4682701848178229,0.6069169682734281,0.10538987243443329,-0.9420583284405415,-0.8140918843488991,-0.8805672742385432,0.9291401133749775,1.000000002508103,0.8497700274808022,0.16021233465986062,-0.9523131349674026,-0.5008648813082522,-0.8545568082741595,-0.8024700106296286,-0.34616487171554483,0.21420306560615962,0.7770698172866906,0.8741440807334371,0.608068640466997,-0.9761494783104457,-0.96266471560997,-0.24806495329001088,0.8358174467168579,-0.5805965715962332,-0.014355179192705736,0.9969046159123633,-0.5914146413696422,-0.5239485290749392,0.9403669593482795,0.8676367542299889,0.8995434924453939,-0.5120820761840784,-0.7748642582711781,-0.6447166208018333,-0.5217420261552356,-0.327662593235845,0.9921340452817715,-0.7239775547800571,-0.933493896229882,-0.430453346660438,0.9273813546354914,0.9165547638152036,0.8104694820759254,0.9882461474628756,0.968025779782104,0.358477608436931,-0.9687353354126765,0.6343770735594159,0.9653723331261417,-0.975846178436719,0.9997061017287925,-0.9543417843522889,0.6676073168886151,0.8531773464559386,0.17263865587663993,-0.19356456377934653,0.15481548297924042,-0.17592855803177174,0.6795176623111393,0.8797290906723558,-0.802246100572561,0.9682792218435037,-0.49062077901087503,-0.9099004802303499,0.8412666093505708,-0.9729880796447513,0.7932007109828163,0.7027634614970953,0.9229622265958155,-0.9397321574330582,-0.749312851121048,-0.8189083574623743,-0.9846871861974769,0.20110645433787172,0.995618824371179,-0.47711402566928646,0.8064061797568397,-0.6236184385477476,-0.9103223285182563,-0.8817038555731563,0.837442608701259,-0.9728042654631893,-0.9595310966325499,0.839010834343266,-0.9177224150088268,-0.9928388046366348,-0.9971335885403042,0.7191485811808687,-0.9932067956951446,-0.9293006597464913,0.006749315349603097,-0.887934286086191,-0.7819877260545701,0.40676576960668803,0.7616444118470261,0.8219907357109516,0.8500344734977329,0.9734381131866391,0.2659704393392234,0.1495182466130909,0.7524406701933659,0.9700356550506006,-0.9830999195370264,-0.9603226934900497,0.6100733096758267,0.9934027019233226,-0.9828028854854081,-0.9866852788391844,0.91728067229945,0.8914126693636004,0.06387652889967836,-0.9946912038200322,-0.9567085243019209,0.9698570423295368,-0.8970700987393598,0.911483385947131,-0.7188793632081614,0.9581735748742565,-0.8388037353960243,-0.8568198789248971,0.8609865413944158,0.7830487592264862,-0.8454814431221462,0.7598209533299045,0.7836036203713478
-0.13632103470163817,-0.09207858454580359,0.8409319405227367,0.6135613028537109,-0.6695838315627629,-0.514532536874611,-0.5844202698243147,0.9315062518354017,0.8497700274808022,1.0000000052289353,0.3898867973488275,-0.6897807239160353,-0.12044544906596145,-0.5840436645894994,-0.466179315915251,-0.470877184663389,0.08520031190607673,0.6419953849138074,0.6154477388518348,0.706446768196369,-0.8152623521369841,-0.6977714198282601,-0.2923362656475917,0.6609333245804068,-0.3961862955529473,-0.1139298399033677,0.8057669786304048,-0.4114091389638669,-0.23338884040555236,0.6581273209592909,0.518446878322586,0.6677101967212825,-0.25372000658294547,-0.5490225676781634,-0.32509061918062154,-0.2646010235634628,-0.26333265873655703,0.8144491158166655,-0.5593462257028846,-0.6833031298319802,-0.23476028328346737,0.7189727635451082,0.854868907342519,0.40806396181069654,0.8137039924493112,0.737039656025683,0.04379379034534688,-0.7115396480061323,0.5011621915714227,0.7635310009180839,-0.8037892626828096,0.8430141431043996,-0.6869856276686005,0.23701547508093943,0.5464804555110135,-0.09225551577773312,0.2815178433963884,0.40822109010988933,-0.050812636257724315,0.24765954525234676,0.687513877840964,-0.5904975413132781,0.9214092554883797,-0.2871193576315,-0.850206702460668,0.6178455506547078,-0.9375195825675007,0.5011320233245229,0.42290702572801875,0.625208613022803,-0.9014576038218618,-0.6813634990739353,-0.5532670731306308,-0.8020531979191856,0.0723652002510371,0.8309800911281376,-0.24586163576884335,0.48933358411190675,-0.5386451024533905,-0.8139313837465421,-0.8998003448512142,0.5165919854918605,-0.7939434395961272,-0.9475971434826957,0.5955823297996204,-0.6788856101197844,-0.855583512591875,-0.8148011784317136,0.4266441055163953,-0.7855909060503748,-0.6676681353953463,0.0437555555922265,-0.6194274395715553,-0.4805538667495732,0.12467202957686534,0.5435163720719784,0.5809445467241706,0.5965017681939745,0.7154399410985506,0.49958629037191665,0.029384743394812507,0.4707353336014477,0.8145452076078451,-0.8648690627634024,-0.6712652059348839,0.3202340705387029,0.8245056951766536,-0.804598324736101,-0.8818394649713214,0.6268755787537127,0.6521645693877925,0.42524165103298794,-0.8973774085251972,-0.7507945599090637,0.7452854168576571,-0.6012217149775939,0.5715294911687672,-0.5068302641957868,0.6776258061858578,-0.42680881340101046,-0.7760141585537377,0.5701867860359771,0.46904949307382104,-0.48994685864162385,0.46507371059007224,0.5860276012794314
-0.1280955668820349,-0.3700810751045117,0.8260154902586276,0.5203623027119169,-0.22565159741463103,-0.37662404558628726,-0.29977133518940646,0.49681796897642777,0.16021233465986062,0.3898867973488275,1.0000000049730313,-0.2195771938692184,-0.3560991370920307,-0.3896723582640134,-0.30580956677028337,-0.9719375946170709,0.7726681905259514,0.6493424006274072,0.38681905907556935,0.8804661764045923,-0.32903874036278896,-0.16998791630929658,0.7099341070313462,0.5550815716464925,0.6791480837770282,0.7502971454627969,0.11722143274552672,-0.6902620176223367,-0.5376978304937929,0.20314347941371838,0.1749993627125752,0.3974939227694878,-0.5945743042826394,-0.5387659829067383,-0.4488374262563042,-0.5949804793750337,-0.8525292712041386,0.03559234717697973,-0.6523971124311531,-0.30055239555766744,-0.6971072282358444,0.38748168177158276,0.5377067819435132,0.08420437011909199,0.2591903525020427,0.24181724981380673,0.501490076823324,-0.16458894894796106,0.7303039182321723,0.3075389829016741,-0.31671994126335057,0.1361132687182787,-0.19841641693257134,0.15195111602706574,0.3155966337252729,0.563081306904913,-0.0518543687784392,-0.4439052516659638,-0.7709322085223488,0.13809270149654038,-0.31171294052687887,-0.5376225303173587,0.38796601889076343,-0.6804192386807105,-0.5506827925981087,0.4842410977710935,-0.1743064654849535,0.4113714105469094,0.49633396866092727,0.20847036284646944,-0.4864309017946587,-0.7267947161965244,-0.4371822902574171,-0.26519536496625395,-0.8864037857201912,0.22251249804272402,-0.6417562514298076,-0.44610170023771956,-0.7813933042657146,-0.5332430503945299,-0.6023690842033155,0.3027370162341797,0.06634317960811248,-0.38481703993816435,0.4550883561690714,-0.3547444771274047,-0.2710467680688267,-0.1678268781175716,0.4641268303283674,-0.07506363151351897,-0.2854882119196501,0.8953076656527016,-0.3480508282334322,-0.40239345068478427,0.5628772528512243,0.5594076086066249,0.4759508013248605,0.42593517440915984,-0.020625322684067512,-0.4076778510507743,0.7717680421367132,0.4627004427732137,0.3552800820874611,-0.3346526620795315,0.0201433140920078,0.5178521559718219,0.2346893154385537,-0.28066243243108774,-0.31860351272139525,0.2433243242454371,0.39719109881815085,-0.2608675359812697,-0.23164386001091533,-0.325796530325877,0.24914056226786932,0.2784567829599178,0.08521302156051169,-0.5945637365211157,0.133504532490292,0.1664453534261936,0.25636642122100534,0.3404799153965499,0.3754045093565668,-0.1955612895088169,0.43300794085691363,0.5718646334304825
-0.6232089167379602,0.7135841790817783,-0.5405726304084779,0.11896128478287783,0.9994887434517078,0.9482142211786252,0.9821115011107726,-0.875575808429166,-0.9523131349674026,-0.6897807239160353,-0.2195771938692184,1.0000000012926438,0.7396387253787996,0.9656021809997817,0.9456684087233249,0.43272961438979424,-0.44163530003332285,-0.8763031254136963,-0.9732945625079434,-0.6420956873316976,0.9797348589689149,0.9982293837845531,0.005780282666129699,-0.9276950574264184,0.43264426493405556,-0.2305275672459164,-0.9660266006702631,0.7633268426386967,0.7434778579285176,-0.9990808929682181,-0.9762455400231241,-0.97921842006663,0.726454342675335,0.9069520287550304,0.8398910475583649,0.7336556644699501,0.5114888193214812,-0.9340780494110527,0.8527441711282627,0.995844524096132,0.643548985986399,-0.9844530629174315,-0.9163874716857893,-0.9423959663681123,-0.9818848968994084,-0.9977250659425891,-0.6152603499050835,0.9969346626887511,-0.7776863250532938,-0.9923010602444647,0.983785547880611,-0.9505306727273867,0.9997603353993677,-0.8599294339520485,-0.9702991825577117,-0.44581043668052855,0.47755788691839024,0.14252655267533199,0.4074329740371871,-0.8671958879519949,-0.7692641259499549,0.9199484556303377,-0.9135766857753558,0.6938096686892397,0.9127386244442214,-0.9467246005057267,0.8593967618904702,-0.9345385237997651,-0.872882796075057,-0.9961485785595292,0.9080389287578445,0.8285961298088144,0.9445851923521538,0.9856311496928641,-0.03739412323771333,-0.9728118962957943,0.6915419031032835,-0.7581835742483276,0.7498257019641856,0.9326678159650682,0.8516693771568251,-0.9635401181279948,0.8948733230879327,0.8830999143334418,-0.9509011783791331,0.9884659846510429,0.9643483098100025,0.9725217430268541,-0.8868119348574591,0.9636600274171981,0.996242406777883,-0.19387504277732584,0.9817133489649259,0.9292997507889843,-0.6482120437639045,-0.8960568405708386,-0.9403981756486813,-0.9595281086478785,-0.9573817153991718,0.030307727473216896,-0.3828271536846417,-0.9067003692127694,-0.9774717069353346,0.9591737830410529,0.966854203580408,-0.8086893896650557,-0.9766409599019353,0.9848951689156673,0.9496468327814568,-0.9950194618976876,-0.9772952280132092,0.24322660174308516,0.9307026511323595,0.992182170137138,-0.9968118394191956,0.8583067326107529,-0.9848199514190484,0.8655149772783731,-0.9960276703542147,0.9123213550917924,0.6916533761210726,-0.9723055689550406,-0.931889614710691,0.967116688233249,-0.9141212774895623,-0.9036716662110931
-0.8786467144437777,0.9992059898010748,-0.2693182028500927,0.5039587180606728,0.7607034704505293,0.9070650845003942,0.8511775183142908,-0.4725141771469337,-0.5008648813082522,-0.12044544906596145,-0.3560991370920307,0.7396387253787996,1.0000000015436008,0.8697159590138279,0.9182459220403888,0.5431303205812764,-0.8309064552162426,-0.8137114280407642,-0.8487825609125179,-0.5515220438349544,0.643165241395342,0.7079930098896995,-0.5806281978666824,-0.8208763867025661,-0.11275716564379044,-0.735804115115107,-0.5412174559928418,0.9031003967360947,0.9782808050654002,-0.7610844651326379,-0.8509541451042568,-0.8118315212183115,0.9620886588894876,0.8924535322880679,0.9774178110313804,0.9613183109132311,0.7883414478614751,-0.4557815877060689,0.8625556641362981,0.7759895402589673,0.9178073290150021,-0.7658319462291698,-0.6156157732521343,-0.871371048687207,-0.6166940947068474,-0.7018844137460956,-0.9753464264288344,0.6909517635501013,-0.8546065417468752,-0.698779076221026,0.6538142833469814,-0.4943327687484454,0.7326557228013809,-0.955858769492758,-0.8786523532824929,-0.911556990259539,0.9063427648492673,0.764847287486876,0.8183344120231095,-0.9491220112102225,-0.20953282717971103,0.8696329778362506,-0.48333026920093775,0.9260963654009606,0.621001475648075,-0.854993791717744,0.3040452931002552,-0.9172977398815785,-0.948703224742501,-0.7906948768941079,0.5383001531322977,0.7489064519260791,0.8924590036399329,0.6351755180611438,0.4097922821253407,-0.5725215218831927,0.9450840427759709,-0.32307548791390117,0.805663341222178,0.6733433066580948,0.5179251484837989,-0.8924517878974753,0.37956550403229283,0.41780126404669354,-0.8685810090199318,0.7944477347579235,0.5597037906072986,0.5633573054369043,-0.9490331957546397,0.5386487694271355,0.7846305267358704,-0.6033809197961609,0.8388678200731826,0.9259872605645239,-0.9686719429755288,-0.8926311691818439,-0.8779794639153418,-0.86605310489598,-0.5546266934490738,0.6899203957497368,-0.8070837037833808,-0.9325365964531279,-0.6524567442286215,0.5722255962099363,0.6087753062361996,-0.9719850719840828,-0.5889402322395265,0.6386259487582385,0.5368263954249901,-0.8029912368404737,-0.8238772261672599,0.8306905110712682,0.4594035369746327,0.7186734936753842,-0.6961437909973355,0.42079325692860514,-0.7724687282414043,0.9031924555498666,-0.7081051400846182,0.7045188020106734,0.04995358084615918,-0.8698258527005793,-0.9283217411872999,0.8750777599074868,-0.9344195827023358,-0.8678519923932599
-0.68845867200087,0.8524107274719201,-0.5747720211960957,0.1650477389128839,0.9720882699469268,0.996524188427487,0.9951037144511603,-0.8338677672526483,-0.8545568082741595,-0.5840436645894994,-0.3896723582640134,0.9656021809997817,0.8697159590138279,1.0000000006262557,0.9888511046616512,0.594396284855369,-0.6584275403822798,-0.9523936001509768,-0.9991625091896602,-0.7367021071722968,0.9370807831455165,0.9488413907650922,-0.25422416899777733,-0.9796132926798831,0.19382439144760175,-0.4752694845054543,-0.8706345882579624,0.9016348957405209,0.8894523972037062,-0.9690237094392773,-0.9748340557227839,-0.9941502060357047,0.8797278071570676,0.9831706146334415,0.9476418047167745,0.8847717634829456,0.7069295578173774,-0.8124011621494115,0.9498269674810913,0.983442404030431,0.8200354230335972,-0.9833816798772895,-0.9099528969753876,-0.9446071447151553,-0.9220622695180434,-0.9559000566334298,-0.791143038730108,0.9422941941413558,-0.9031542890876446,-0.9594826440293078,0.9415117398173202,-0.8482983581679401,0.9607050703946969,-0.9179537038971108,-0.9965065106756983,-0.657924285939631,0.6140170426435303,0.38075115392154524,0.6298130465019601,-0.9194971687949852,-0.5775698737625616,0.9858464297904393,-0.8505804637556152,0.8566829948836214,0.9105260508743801,-0.9941785992585263,0.7322723225670923,-0.9940211101122101,-0.9693142340723173,-0.97612930595434,0.8750324598272823,0.9090528351847963,0.9974260811550307,0.9308776399878099,0.2045923372937666,-0.8980515677129862,0.8555769779843161,-0.5851343609740115,0.8753893015080021,0.9378334943411963,0.8431677113422464,-0.9939515673185118,0.7489779465782567,0.8091959812170009,-0.9973964435625231,0.990359823051428,0.8944311230194829,0.8882010938376568,-0.9753749166902049,0.8627881175251613,0.9842980582393048,-0.42905423495333095,0.9974371835448141,0.9915880707562037,-0.8209253036731935,-0.9779738030758975,-0.995173544766763,-0.9991843235246024,-0.85061573820403,0.27324139863564206,-0.6088578369311194,-0.9848300776912392,-0.9414807106902113,0.9024345439186748,0.8731664550454709,-0.9323106392229323,-0.9071203858458231,0.933319154791897,0.8832658982362888,-0.9833199018779899,-0.9961963763827362,0.4492543829620356,0.836078544468098,0.9674745623545823,-0.9545184368837858,0.7072743560456204,-0.9469015956673251,0.9634065204791815,-0.9426132872795381,0.8426093537727432,0.4823932103694939,-0.9985934300328427,-0.9906850658403882,0.9778176716183256,-0.9869485992434657,-0.9779274492934446
-0.7887719901689622,0.9025937933929592,-0.45219687536349756,0.3096011158554403,0.9555261817662187,0.9964995941388755,0.9891843815508505,-0.7454309296827079,-0.8024700106296286,-0.466179315915251,-0.30580956677028337,0.9456684087233249,0.9182459220403888,0.9888511046616512,1.0000000009031838,0.5211080748259198,-0.663658881571539,-0.9107107096786884,-0.98330136171542,-0.6479527386823698,0.887928911078087,0.9291471634535347,-0.2795150267007617,-0.9439215789591417,0.19697381171302844,-0.4934959772854074,-0.8297194656189545,0.887374513961601,0.9110243625798671,-0.9553503263088837,-0.9849628211404535,-0.9690809079306231,0.8935152886033642,0.9660335863532956,0.9669161549373462,0.8973878641143316,0.6847525327893398,-0.7693962565502008,0.9203376906931091,0.9611259594400006,0.8239454559679947,-0.9499943027872885,-0.838482877116123,-0.9743645788898141,-0.876098254563333,-0.9262933485840932,-0.8339150446018477,0.9201628297195731,-0.8727271263842843,-0.9219539911570152,0.895368851184341,-0.7981516472421383,0.9420568310247731,-0.9667794002492169,-0.9955210934873285,-0.7037843027883431,0.7172675865976816,0.4540150644806399,0.6374630675321004,-0.967746500917961,-0.5521059399648696,0.9627090764039197,-0.7724335731552656,0.8574405814866632,0.8389921813573307,-0.9711558654834188,0.6531971770469833,-0.993550026363897,-0.9727897969747373,-0.9678879034225694,0.7961223313397329,0.8518691228085891,0.9876604849430551,0.8872219105822802,0.1796951589530808,-0.8493236013464084,0.8650296270456413,-0.5994593823265281,0.8330590682025589,0.8758015989246131,0.7537441631971965,-0.9981073443438553,0.7091252833472886,0.7229631785983941,-0.9799943213047078,0.9659421611858543,0.8384333228943982,0.8444566381608521,-0.9809813099444422,0.8268676896028219,0.9654350676677826,-0.4090109286645389,0.983287011621306,0.9945950305046757,-0.8504364379056338,-0.9598115893204768,-0.9784388935424193,-0.9837052940172388,-0.8303464152168897,0.35171422541571157,-0.6175683783499436,-0.984754730304669,-0.891202322584565,0.8417428340299781,0.8619611726928837,-0.9462952302963414,-0.8595366216186827,0.8885292987763719,0.8190281376823717,-0.9733196967006472,-0.9737379132371601,0.5440047975786766,0.7701874909326454,0.9315456928113172,-0.9230342645832809,0.7062909207681134,-0.9518012429139928,0.9470901214857924,-0.9277114171849311,0.8751056840829751,0.4299699419378965,-0.992591168816672,-0.9970997481636797,0.9912935963920567,-0.9898724742104923,-0.9524487351915528
-0.07646304294144779,0.5515698727849885,-0.8559901158942131,-0.39514229460187666,0.4403856081217146,0.5839867880327327,0.5141068950875548,-0.6339136773570294,-0.34616487171554483,-0.470877184663389,-0.9719375946170709,0.43272961438979424,0.5431303205812764,0.594396284855369,0.5211080748259198,1.0000000041626358,-0.8532166023829422,-0.8080139618568738,-0.5907664380517513,-0.9511885774691908,0.5176193473910918,0.38444141499898976,-0.7002426660545576,-0.7319994503874024,-0.5557222451993215,-0.7900201614732792,-0.3139848339074413,0.8368987513371948,0.7047101466629657,-0.4201199960694295,-0.40095353024581243,-0.5973022872202989,0.751470579242537,0.7218235860096441,0.6396851673959143,0.752872226798611,0.9313098194300429,-0.22638510094936928,0.8123691235717744,0.5088325915552275,0.8260218129713405,-0.58414857715046,-0.6924713376563262,-0.3162348985548866,-0.45227639378427054,-0.4483048887020731,-0.6518975220234501,0.3775448932142633,-0.8699116581702963,-0.5062355875423131,0.5083179841402314,-0.323508833706474,0.4129071190603369,-0.37345985797487485,-0.5294672349864901,-0.6740685591433856,0.21865337744167332,0.503910590465214,0.8449826065589179,-0.3613992055205831,0.13816091233015013,0.7203535155035031,-0.5430889928540886,0.8197207553812569,0.7041560283420878,-0.6749263007704992,0.3231632155157761,-0.6142160134006002,-0.6844333980719202,-0.42764949440108124,0.6367158787262467,0.8632661570949103,0.6363118272031356,0.4602538924166534,0.8356118462369565,-0.41311369278047333,0.786643442388611,0.24850065364809656,0.906249344023589,0.6972154089734273,0.7300276640344916,-0.5183400739894077,0.12038982495529162,0.5284496113778134,-0.6508219729845608,0.5584162675056109,0.45406591090668397,0.3628965611972425,-0.6576678000953607,0.27542390187958554,0.49627822595827675,-0.9004558706972691,0.5561386425961363,0.6062644370723359,-0.7115102732576487,-0.7387137734789784,-0.6689666511248902,-0.6256705811326243,-0.1901109530656946,0.4458004590304767,-0.840695664907158,-0.6576969430564287,-0.5418703559197408,0.5118183051331204,0.19785864985956841,-0.6963193442877912,-0.42643175190360927,0.474423014230683,0.4920840866006704,-0.4601471074049712,-0.5980304248519988,0.36204725309347513,0.4025766521598648,0.5247838873638795,-0.4541300539886196,-0.07161760796778721,-0.3130668283489802,0.7667246687976481,-0.35129774136297504,0.06812940100891031,-0.1176639878844341,-0.5512069391724552,-0.5826455442267283,0.42062985866396296,-0.6323483016128203,-0.7484278372977434
