0.9999999993844217,-0.8275422532292381,-0.030438267295665705,-0.8298411693562178,-0.7681486353728407,0.4603895541575244,-0.8533976317549643,-0.6447083623101827,-0.806229950455069,-0.8626939492879921,-0.912684614572465,-0.02333002826070252,0.07529381582763232,-0.8562858634391184,-0.6848281169822956,-0.8512334156802175,-0.9483334300130067,-0.7414686400307374,0.6874029583186839,0.6944229154509264,0.5288583799895402,0.8968619814142619,0.6586719795723494,0.7787459249507033,0.28753136771820187,0.8327974703952297,-0.26224870124852295,0.8506276562822237,0.1064414865189902,0.6700730246769522,-0.6296175984852931,0.4330139258056096,-0.7540751491340387,-0.31369157846538054,-0.724989268036985,-0.9325598748100471,-0.8501405891682431,-0.7626987598586866,0.43134415370250917,0.8598151404596006,0.8245749640061574,0.8063280549804673,0.7724865590120492,0.8621094750424148,0.40027459520880815,-0.9539815022618574,-0.5669854442275032,-0.7946739953174197,-0.6926667769460938,0.448169069018883,-0.6995935208079584,0.05085091385133096,0.163311198573768,0.7322337834389544,0.5214345778321204,-0.3668397744657288,-0.5830124416151659,-0.2789383836703989,0.5611198540755119,-0.6812911316750286,0.6739035421820535,-0.8830064125974848,-0.5206152035171647,-0.2663784487289735,0.888418275522698,-0.7234022579630565,-0.7577798190373803,0.7542704917091899,0.6925437896099114,0.7534492918144209,0.8010051344865163,-0.06734208607807825,-0.19248918741225965,0.9103033338559445,-0.5209444869070368,-0.15717598701149135,0.27245574540703926,-0.6554404822023592,0.33418773539525953,0.9519047670133567,0.7819459706374334,0.41831270723237024,0.8769448541105653,0.885565882438665,0.5677850206421655,-0.9000238713995472,0.6102779480440345,-0.7668338846189482,-0.7324519517490591,-0.7277314101238658,-0.29248324540969367,0.6103416788483996,0.28784784878237907,-0.7529610930584498,-0.5943332244785906,-0.23886065758967165,0.6825675331191132,-0.8155483595021173,0.912801455248868,0.01802463892067687,-0.6453236579495285,0.2817753923439093,0.6622271465485406,0.5728946486687638,0.7399083418380208,-0.8510369473311167,-0.9568138013350854,0.812560091623861,0.8197614960224905,-0.32686852163708197,0.8928764349813404,0.556911512599021,-0.8351911722997717,0.9143091793295437,-0.4804801704687536,-0.5686280973937861,0.33546927143198163,0.9827336668834386,-0.2766536546041697,0.2501468707072324,0.6879896925883547,0.628375578674541,-0.6624691907518452,-0.5740455391783492,-0.8168307114199626,0.8423101397787522
-0.8275422532292381,1.0000000021380535,-0.3375203360212184,0.8845865707846398,0.9275883129182267,-0.6979992512995521,0.6230483657620727,0.6588054054534953,0.8426685236389012,0.9163787729720503,0.7940689379937598,-0.33633452810026937,-0.5680330075601676,0.9548614076971786,0.2509572585864441,0.7700271102159002,0.8426088469468724,0.8369855067087869,-0.8205034128383057,-0.6810693503939,-0.8600846676068289,-0.9635146982281299,-0.5875289730090976,-0.9727435847767235,-0.5219250891059691,-0.942205955953347,0.3787673134597994,-0.6528748297474801,-0.44228571854353527,-0.7809134527860776,0.6310735565784921,-0.8072116966053597,0.906611605222544,0.18316845452199274,0.8434032370756108,0.8588281334729791,0.6426578987238695,0.8808197688553976,-0.5532110377736389,-0.9347975432124691,-0.8949461568100222,-0.9355103832184313,-0.7282886329143446,-0.8087515126494849,-0.438405480107863,0.9355147157994178,0.8296166179796034,0.8455104813945578,0.8150301047673848,-0.7172247665121971,0.8541346799349642,0.28644172571417603,-0.5684658923974865,-0.8594166661653599,-0.7393995792613536,0.40389094094205163,0.7926573756189953,0.40323660965879854,-0.6387546576527757,0.7581366801469025,-0.4009252444002218,0.9270249149315011,0.6658865789235879,0.4205210788306305,-0.8426878167213139,0.7568089467447382,0.5506106968326391,-0.6654837974323539,-0.6574708573865004,-0.7700335068321184,-0.67829020166076,0.3559579168036726,0.506296384788303,-0.9852590833432616,0.8811037280962506,0.5572399707812964,0.041272440622001326,0.6945263515566851,-0.5555419147676836,-0.8508110471336262,-0.8199519836880566,-0.6694541946425193,-0.5260259353639191,-0.8877745465047155,-0.7880439439468439,0.7186928092389001,-0.7955949666456241,0.8374384668804443,0.8537831524737503,0.8534236504224071,0.440120921604061,-0.8754097212435392,-0.44535697134518215,0.8512493025738982,0.7464695719757581,0.3251076880779963,-0.7778080096914116,0.9239675369238719,-0.9371123058502906,-0.38827020503674015,0.9299156579626794,0.2883109142262011,-0.7248320269917273,-0.28939063505646523,-0.8256508623752304,0.9850705931188046,0.8745243066365707,-0.9867434222847882,-0.8989315287577424,0.5625748613968706,-0.6982007352258961,-0.6540518695169775,0.897052757391026,-0.8115954959169344,0.819153203466036,0.6348781242582426,-0.0384336648511624,-0.8293080537727578,0.6189571000821609,-0.6187253091817613,-0.7798869852710468,-0.8186464660923156,0.9039538253131617,0.6456502051895991,0.6953017351152219,-0.9845268608713308
-0.030438267295665705,-0.3375203360212184,0.9999999972076274,-0.17709046129253442,-0.3827674761241779,0.753489017387902,-0.18022131703671093,0.12862486485730146,-0.527648559002431,-0.44900592083431456,-0.29486230149974907,0.7142857135117324,0.8888924342256511,-0.4132640166785442,0.6805281850217176,-0.3893486179905437,-0.12188261071803255,-0.5846211708688764,0.6952231026687571,-0.3952665939115855,0.4111700193780261,0.29542572277189294,-0.14216156076713402,0.23995497142407116,0.6677740807455046,0.32084986480565914,-0.5331890755851466,-0.368461287817318,0.9500259801378629,0.6705479260446081,-0.03120132902099865,0.7286584376222247,0.0173602152233412,0.6141528002109171,-0.5204301856955316,-0.008616957099793541,0.46490096767802086,-0.588823579421893,0.595632306598866,0.4475186545392399,0.4849040740774318,0.45006798795060826,0.19342170135537826,-0.07560472891930738,0.7891831399548047,-0.04945397421774395,-0.7400424417759198,-0.4713616474114877,-0.37996632683860715,0.7865158944577036,-0.46786559140337614,0.15875718396245328,0.4978360322144087,-0.11882287698783048,0.4496811132942893,-0.7804997166894404,-0.7913327238909816,-0.8804824571106784,0.6029628226616462,-0.6800584924668591,-0.555621863997819,-0.4330533113594354,-0.8210661069598131,-0.42885168322509376,0.3211987365448525,-0.08429406207467331,-0.12695840677452946,0.19348589128713964,0.6039429153202931,0.4483221003347765,-0.3574436817719908,-0.892930649601102,-0.7388467609363004,0.22180756713989985,-0.6039506874176107,-0.7824786017832338,-0.8815616252108582,-0.0057674512760359595,0.8810687475077076,0.04052399335976781,0.5536138613637592,0.8659811055723797,-0.4018577736199791,0.3762784602086108,0.5983111467948935,0.05252383569450674,0.6584335796900739,-0.3238999104108574,-0.5630813075672384,-0.5671707621071197,-0.4883277534452152,0.507846282850715,0.4993294090043259,-0.6087757218409299,-0.560586276185522,-0.6459047481539096,0.6565184681027177,-0.4985076238321703,0.2681173447034442,0.7890984592988327,-0.5832423370595011,-0.5671753032081748,0.011901130819870815,-0.16311117813358617,0.4527427011099233,-0.3887727518250142,-0.142573250976867,0.3613666430605876,0.4293365618248296,-0.8445395146306082,-0.2297296894073778,0.6056898807012642,-0.44110176030269316,-0.09817951851743636,-0.7875214532141213,0.38652361231901966,-0.5312263979979582,0.12671071351001525,0.04909268448263667,0.8020871909114695,0.4996765850048696,0.6299694661136144,-0.6626607205205868,-0.5572470686842532,0.08879556072100861,0.4021246291961255
-0.8298411693562178,0.8845865707846398,-0.17709046129253442,1.0000000006056915,0.9266669481011727,-0.7382904010035376,0.7389686067813064,0.3742414355065784,0.7565233663575895,0.893516370602604,0.8220772131591537,-0.4671718221747665,-0.3151373932048237,0.9318850088291155,0.28130872260036416,0.6771555835779215,0.9360948824134258,0.8605969047235101,-0.6808420524749744,-0.5830163406395265,-0.8534924921510403,-0.953290999608437,-0.2767936979571026,-0.8776561109385483,-0.6884155557403987,-0.9532507114205211,0.6235751923596694,-0.6364565371617822,-0.37255603663097414,-0.6424756452352662,0.3185354954563604,-0.5375142733837379,0.8371202377520031,0.5151268975161928,0.5811289231380535,0.7108730571389184,0.7255560312088236,0.7044030226583208,-0.7480285326212889,-0.9024765126191044,-0.7323397607046854,-0.885358563847605,-0.4348335057167677,-0.9575567457849105,-0.41886565776899354,0.9033690307550823,0.7624758632693244,0.9068338040373723,0.9066616188544546,-0.6287367208808907,0.9445741134759004,0.3187226967630651,-0.6656364475935775,-0.7718718935811301,-0.8163088501317443,0.27627880331880583,0.6457768988391128,0.33691682247416593,-0.412252169618145,0.7341843419566838,-0.5443754747323271,0.8443960220190105,0.5746933297309095,0.7057097555820911,-0.9211944404331945,0.4687263783740603,0.5447732063154105,-0.9040442564279108,-0.6405620511024005,-0.8571997882658494,-0.6461249582021155,0.36387388574968205,0.09809468096291862,-0.8967893130773139,0.7364261783816919,0.598624567412305,0.03740290841872638,0.37308886139827135,-0.3088227721520663,-0.9472387978976323,-0.7367029738150567,-0.6220789111674078,-0.5079695994152365,-0.8822910427452745,-0.44681380886502653,0.8742412969737431,-0.8097632952555396,0.9268718513462777,0.8842901682344054,0.8591366697794203,0.023035048867292667,-0.5704029734910266,-0.009760323685664112,0.8250647971993739,0.876257991660315,0.5334524349590584,-0.7909807572147373,0.8057478335629625,-0.774425175432308,-0.4816496524581063,0.8652478144247462,0.11098545560452687,-0.9402938832397101,-0.6583046374714154,-0.5388236876340355,0.8720722654047957,0.7569281504187483,-0.9210825507948556,-0.9282573823860529,0.557728472382123,-0.5609263040331651,-0.4163959833185621,0.810562628646069,-0.7407840742759757,0.5724534267606299,0.5889533016614189,0.18684759686176458,-0.8269428761000244,0.5366451745824252,-0.6160303721302678,-0.898671577077792,-0.8450831279329677,0.6923248474011676,0.3378002790129303,0.8809735075029625,-0.9122704830825416
-0.7681486353728407,0.9275883129182267,-0.3827674761241779,0.9266669481011727,1.0000000003773317,-0.8402643747945019,0.6173123203854172,0.5105058544250228,0.7672038587065849,0.9330915360263166,0.8325852772650022,-0.5535873222402043,-0.5505133312445254,0.963132152446122,0.16163748399007755,0.6670501772257278,0.8786329445570331,0.9042256844466136,-0.7706851934069829,-0.4856717121582432,-0.9229942843095542,-0.9604353572060615,-0.3769942891882786,-0.9429752682188538,-0.6693689052800281,-0.9932198005495892,0.6555945168688041,-0.45427046294724294,-0.5772806043093865,-0.8195477167054566,0.3157881941187786,-0.7715770273221193,0.8101323913071888,0.28346700732503693,0.6764368020638858,0.6808526938754637,0.5385176277342012,0.8431253295687502,-0.747921447445236,-0.94299837895811,-0.7769705663519136,-0.9825122046077179,-0.534576461910372,-0.8699477524054685,-0.5153776056508309,0.8884671025269825,0.9026325038807576,0.9324372675897086,0.9708071651015207,-0.8381144132366486,0.9509041305643566,0.34277761116417693,-0.7143925837256672,-0.746514229422776,-0.9298298037890226,0.37765138666811215,0.7949879401404536,0.48971711714534377,-0.4503067643530084,0.801807055639099,-0.49298205846894333,0.9036563698415806,0.6978883376032905,0.6251844537318507,-0.872421478597255,0.47685366206754426,0.6684016129020122,-0.8213490017351014,-0.6668417892662489,-0.9143797733549599,-0.4661549917010906,0.5534241690746224,0.35683874264680415,-0.9089325208242928,0.9104225564853466,0.6894730758380049,0.2456257569222005,0.4037321553900753,-0.535361155314147,-0.8797368312502535,-0.8604002099909537,-0.7544014724523883,-0.3818865478628624,-0.9333390580596803,-0.6175310374347535,0.8237585759745977,-0.9216642868144672,0.9740715661474563,0.9407998981813186,0.950378748295646,0.3153805915531711,-0.7727384570501187,-0.21982784279027,0.8589080716118694,0.852540308583913,0.4752891638559168,-0.855100228303319,0.9276718152371505,-0.8130283825397566,-0.5648829952611697,0.9542879774349092,0.33064232909240865,-0.8411824705734183,-0.387093518571043,-0.6940202100462237,0.9481844691398608,0.800498517326334,-0.9756935786257974,-0.9719112117113018,0.7291198162331928,-0.5020259103137971,-0.4587212875216845,0.9310158321649868,-0.7871655969810039,0.759000273115277,0.5760227982910004,0.2305173586411565,-0.7862208119823897,0.5020436364385877,-0.7739805480214338,-0.9163413109779577,-0.9366993616435322,0.8504619722306876,0.45255159256405,0.8382995936311088,-0.9645947691947899
0.4603895541575244,-0.6979992512995521,0.753489017387902,-0.7382904010035376,-0.8402643747945019,0.999999996738555,-0.5748762724704215,-0.060091909773039034,-0.7503665098589707,-0.837067145259721,-0.7204889969419795,0.8444749479721028,0.7197903098683567,-0.8285409295787731,0.28834401517305663,-0.6058908766727247,-0.6738544338652893,-0.9308295377311154,0.8220966066120056,-0.01782902132888592,0.7946438054900231,0.7609225615472174,-0.03889160705966713,0.6554058554347718,0.9140425965844682,0.8068797578562522,-0.8759479101908756,0.04181928542773466,0.895579477008136,0.8399615385535273,-0.026554550506600955,0.7505227228491882,-0.4264513870886623,0.01971207809396104,-0.5814853112879265,-0.3363320140946547,-0.09043959764133785,-0.7780701983426546,0.941459407987017,0.8348428016146622,0.6815301202520923,0.8465865494127857,0.2801600445765673,0.5698074726690093,0.8063091680085768,-0.5528183372820995,-0.9643414003932874,-0.9007874384207383,-0.8782944356219431,0.9431465435801836,-0.9183320204819053,-0.09857178927940878,0.7788421744567003,0.31411200252002774,0.8827329526072529,-0.6534587553344979,-0.8892127109808676,-0.81581309103712,0.520696891916736,-0.9037662837456211,0.04806541405345276,-0.774752480596863,-0.8870151012010311,-0.8093822911706502,0.7845348360374812,-0.1704319908409834,-0.5022164165379285,0.7690666812846154,0.7854101264052593,0.8936319239536609,0.040832781265984844,-0.8938819389905858,-0.4288676634576721,0.6355786846044289,-0.8286657795602383,-0.9146145069336755,-0.691255258684653,-0.05589840109890225,0.730752492726158,0.6234868805208756,0.8271768682337168,0.9677448575308546,-0.011245323811919181,0.8051289540707641,0.542272753165647,-0.5714870794546456,0.9772553515628344,-0.8468141517521751,-0.9414339842795253,-0.935479829116728,-0.251535039273596,0.5967497256807367,0.18742773495582912,-0.8890011569931712,-0.941116064778431,-0.8181759262425906,0.9414019774961255,-0.8062665777441084,0.5677646055059513,0.8762933105103239,-0.8938090899198501,-0.41814991161423753,0.6384836197230137,0.36603841428225653,0.5378649263866093,-0.7484858204062746,-0.5148490960920004,0.7719805102744024,0.876888666935345,-0.9657344350833319,0.09033063149135709,0.5194731556491793,-0.7939030553603861,0.38157069693718676,-0.7962669018977134,-0.06856964139455474,-0.5911081468875159,0.5683258655820259,-0.19633949780517115,0.9561087963682335,0.939760937918132,0.9745985564433052,-0.7995851243694656,-0.4464613978089468,-0.5702014561571035,0.7900245142628933
-0.8533976317549643,0.6230483657620727,-0.18022131703671093,0.7389686067813064,0.6173123203854172,-0.5748762724704215,0.9999999992109647,0.1947829962502304,0.8619031160152381,0.8257616256387402,0.914935311720174,-0.15230587985006888,-0.051054115851935936,0.7723333406721423,0.4426247976206332,0.9017320311995136,0.8833587959547413,0.8056798205745775,-0.7466576270981646,-0.295484651407839,-0.34781978923977147,-0.7675955896012693,-0.28064727843658943,-0.4950206824204334,-0.5200871198639174,-0.6865106069593891,0.47126784158442436,-0.6374041582509253,-0.28356508414269843,-0.6643167209766929,0.40506833278665927,-0.27857765767293474,0.4166231814637368,0.15539344469828786,0.6412806419786098,0.7082769604624811,0.6026571842886465,0.6939305301084113,-0.643616034434018,-0.8050563090285473,-0.7809904297489124,-0.6818042834651367,-0.5658321990102352,-0.6898411548565121,-0.6920872799816883,0.7199365904576853,0.5723297709173044,0.8216323791336891,0.6135175148439166,-0.45562569773342304,0.6995389529822773,-0.3944461444152057,-0.13193008922078683,-0.3479238827263613,-0.4289069652150828,0.639894193433975,0.633218546497971,0.5519223981945777,-0.6626042103163791,0.8117256750815708,-0.36842183059791345,0.8095493150233349,0.6862393307226438,0.4763715674452517,-0.9201795663390274,0.47870013107415427,0.6619280146336447,-0.8295532556345888,-0.8838599947171839,-0.781436266947462,-0.5516509905836591,0.27877664770159705,0.1146082991442674,-0.7041256707620217,0.33928473268289877,0.27476687216407436,-0.0017931678279667672,0.35106334724701155,-0.4292235226271102,-0.8375414259585666,-0.7706510106169313,-0.5693458712123467,-0.6978265945234222,-0.824594407099521,-0.434668869667962,0.7944049039686235,-0.6417523125261801,0.6786723843350867,0.7576637458450171,0.7214721139349446,0.10956070456765786,-0.35414081550931525,-0.16918811867649192,0.8263502641603451,0.7200314349999324,0.6164997694135806,-0.7936276695060844,0.7025686207661949,-0.7376226964424509,-0.21866865135235988,0.549687267417518,-0.43971587918322624,-0.5462499883374091,-0.781990234764836,-0.5778209197424703,0.6745709238767679,0.7661450754597856,-0.6268902040168,-0.7708793071942902,0.4786535538501629,-0.6349264754562003,-0.6420406527896263,0.7187650590480203,-0.5986608156773227,0.41838299741948115,0.09811608621547659,-0.09048321393210017,-0.9135798410487886,-0.07039502547101546,-0.31326284918552555,-0.7532231537991544,-0.650684611651716,0.5622273601875283,0.569237119475834,0.6688172569233564,-0.6980318273892032
-0.6447083623101827,0.6588054054534953,0.12862486485730146,0.3742414355065784,0.5105058544250228,-0.060091909773039034,0.1947829962502304,1.000000001510086,0.38719221632974854,0.46934564001720896,0.4478435767051898,0.32900710546534967,-0.20353011507307397,0.5006507562428573,0.6084840605005334,0.43802853711755807,0.46162332394623573,0.2695607327656874,-0.36816441538984795,-0.7722481641554272,-0.3898147903887762,-0.5558872978685592,-0.9597102324659713,-0.703349971967888,0.2682410796626098,-0.5288483627459494,-0.26743350575661523,-0.617859583735651,0.08481709450817404,-0.45826449110072537,0.7425104573963204,-0.5438840939830785,0.7060814144828866,0.03245605224333123,0.6192295394780082,0.7822573130739161,0.5840119125261909,0.5777640728869158,0.16673452579814602,-0.4879097300770951,-0.5520116757757174,-0.5511952477235472,-0.8246514741034933,-0.46771591295196857,0.06255658922163944,0.7151771732355507,0.30207135866915463,0.3104634262202049,0.34369393111151325,-0.27917529992402224,0.24206235356437913,0.2302899792822686,0.031196000053972835,-0.761194639401073,-0.2799587299834166,0.016555138960585743,0.3346916439552731,-0.07027904562174536,-0.32002739086716986,0.2192154912266325,-0.5755010024256441,0.5656973119004137,0.15625171920789643,-0.34029642252128395,-0.33565283432845594,0.7874863951922522,0.5525356584172706,-0.1153354424458246,-0.16994849065491094,-0.2899680900359324,-0.6250149841143703,-0.18610384819396172,0.4686343306893333,-0.6932296480245879,0.5103295668977169,-0.1297768331601068,-0.4002997840293364,0.843840502233065,-0.2620581059662085,-0.5064263010658131,-0.47804679294738034,-0.07079101985864501,-0.6504567935259025,-0.5078033086790086,-0.6499683847132628,0.45552485320376607,-0.24847603049075015,0.39585296540119375,0.2980889573649531,0.3550942270045612,0.676548342567078,-0.7693901208049343,-0.5929715450412137,0.2963530283376903,0.028700694865809513,-0.44592212438681955,-0.2083604270378386,0.6039321657392049,-0.7347152508547962,0.3117556142686123,0.41729902384726786,0.09096310677889263,-0.23933005847829295,0.21550410435853995,-0.7492225276896081,0.6600122080160081,0.7658110846154584,-0.6019035668489581,-0.4203263376195795,0.013185481656080602,-0.8069051131790493,-0.33915507572927045,0.6048715208075219,-0.8438464685597846,0.45038117967063296,0.7578887126589282,-0.6142242968044908,-0.5647433618422715,0.4497413064520242,-0.0294491277523517,-0.16927784892920927,-0.25002636294248026,0.564263115580087,0.5158752964988497,0.42643125582714564,-0.5856690000668701
-0.806229950455069,0.8426685236389012,-0.527648559002431,0.7565233663575895,0.7672038587065849,-0.7503665098589707,0.8619031160152381,0.38719221632974854,1.0000000010753343,0.937733146376695,0.8982730859670242,-0.31752739279912395,-0.5171669735046127,0.9063915873751635,0.18366323939704857,0.9734130408384036,0.8286100573496896,0.9164636243288279,-0.9717993646138932,-0.3534464617831561,-0.5838814126161471,-0.8722305050689936,-0.440030877934267,-0.7077987851879927,-0.6084639819184547,-0.8016750108455302,0.4446311419164773,-0.5576202182170859,-0.5679712219005189,-0.8762134636866453,0.611087745534493,-0.6985372494388408,0.5751659350241671,-0.12083383549882376,0.9178843405702897,0.7967523380107853,0.4576380897158428,0.9299973883255427,-0.6587641449238388,-0.9336324380602998,-0.9787971924983554,-0.8483556416225583,-0.7549993159783855,-0.6173183875067978,-0.7901854086650684,0.7788420660048402,0.8258797845391906,0.8833815791364462,0.6882217838673468,-0.7223430633251502,0.7965026285347006,-0.2388349127239238,-0.33716146002444247,-0.4957687277470835,-0.5600477729909271,0.794520170246757,0.9053879531926211,0.7227766766926134,-0.8923133828567803,0.9411110498325534,-0.14322565549576702,0.9495571791272904,0.8906379248190257,0.44017302604242525,-0.9146284416654299,0.6967736477595367,0.6005302825102864,-0.698068684312254,-0.9437107455744544,-0.8075857003260478,-0.5195989105687955,0.48933133220618197,0.5662194296043875,-0.8528611445828229,0.6793637358402955,0.5242236975668022,0.21126813190828655,0.5831288403622387,-0.756367088503837,-0.7791466378846146,-0.9106144610018,-0.8050158714453785,-0.5359503223965576,-0.8962878135790806,-0.8080399021614914,0.6523004517298728,-0.8055931668420278,0.7266289140329856,0.8773798823976826,0.8578771453825318,0.4671489762248523,-0.7299526852198079,-0.5409433565020069,0.9676598010913637,0.7932526692163459,0.5964764014411998,-0.9113996244937247,0.8987705996660522,-0.9026287169469324,-0.4164176421737288,0.8080750878714088,-0.009338106148269803,-0.4949288579657741,-0.4395459803369224,-0.8482926528828526,0.8766383480609943,0.8435810784602168,-0.8209955780835214,-0.8649655493975513,0.6775317024213112,-0.635552967249012,-0.8885423779248316,0.8699275595514188,-0.6237673591650635,0.811044907150152,0.16682248872339694,-0.038340376094054586,-0.8876808173873137,0.17241047974939672,-0.5769566344107911,-0.8018549508170285,-0.809421688682368,0.8843597724001387,0.8399632847039451,0.5367499258797966,-0.8820385644403436
-0.8626939492879921,0.9163787729720503,-0.44900592083431456,0.893516370602604,0.9330915360263166,-0.837067145259721,0.8257616256387402,0.46934564001720896,0.937733146376695,1.0000000003910796,0.953609231296502,-0.4373673605601831,-0.5062793615605501,0.9900732340512939,0.23738418033113198,0.8848727054122125,0.93341174088758,0.972467038138754,-0.9161981412419394,-0.4235544405953274,-0.7636639706095495,-0.9723258515606105,-0.4326228701301933,-0.8531592950442556,-0.6636894143618248,-0.9520412433753064,0.6026961131284869,-0.5429917901000361,-0.5884018851306528,-0.9078696474107439,0.46516585454265735,-0.7384933365353432,0.7044574398608897,0.10137158042693846,0.8265952331287315,0.7845078146821554,0.5442965575857914,0.9378384962901556,-0.7567170207771458,-0.9986856642791883,-0.9230249067193683,-0.9716898183748456,-0.6857186941696066,-0.8058187808956069,-0.7121393156045838,0.8905763490579609,0.9016724532643255,0.9773973380047771,0.8891528199246819,-0.8193074430554358,0.9230673513118233,0.0034529445193482926,-0.5152517135126616,-0.6297577870195392,-0.7889273655961847,0.6310210901465227,0.8896786716775851,0.6523407878467203,-0.6945661225381166,0.9338525515205324,-0.38808351744525227,0.9891674990236612,0.8426178583329058,0.5638169363354696,-0.9676183365565554,0.5962947885182533,0.7334405461545627,-0.8410884725927008,-0.8758734543344973,-0.9400122103587888,-0.5151256668723551,0.5463705804724573,0.44624194078354723,-0.9253917793602471,0.8070142599815417,0.6064013386153287,0.23007306697917665,0.4947314937825635,-0.6716002707373651,-0.9047669656397005,-0.9568772649158854,-0.815078798575951,-0.526619049371514,-0.9894388706392064,-0.7232059338539064,0.8280157511025074,-0.917124453694357,0.9169981171379277,0.9691201344039788,0.9658603370013388,0.40110329306210446,-0.7642494580005808,-0.37380988033842333,0.9690467922653466,0.8693314119633041,0.5766759767969232,-0.9462240277266069,0.9703564208903435,-0.9064527088740094,-0.4911065098587166,0.907196941680321,0.09566788669960485,-0.7107996144784391,-0.4847449264156787,-0.8102141319955956,0.9577777246271761,0.8902552833966088,-0.937045949587094,-0.9830130854688016,0.7457228935800824,-0.617613358713358,-0.6933035609883498,0.9669749713826234,-0.7716765888369163,0.7937410210348862,0.3762343757137685,0.08579718376530661,-0.9168680234045533,0.2890288893521009,-0.6910921424061011,-0.9228575266283313,-0.9242835364756108,0.8964885997815893,0.6718334915713036,0.7675407915004785,-0.9686167466086126
-0.912684614572465,0.7940689379937598,-0.29486230149974907,0.8220772131591537,0.8325852772650022,-0.7204889969419795,0.914935311720174,0.4478435767051898,0.8982730859670242,0.953609231296502,0.9999999970022212,-0.26605849345967403,-0.27219067747232106,0.914251306025898,0.42677732136701446,0.905626573254405,0.9542025381492016,0.9124605455104927,-0.8424488026934033,-0.3685915843253398,-0.5696020310159389,-0.9061153715286124,-0.45315129968078416,-0.7221429883658146,-0.533846883210248,-0.870854209915871,0.5535994659413199,-0.5792286316745514,-0.44960760902822927,-0.8649011366663603,0.42790596252336877,-0.5553980367164857,0.5740375184773341,0.11429812824431772,0.7514913556796625,0.7800071942869188,0.5861231746576774,0.8752511724517789,-0.6912386025285014,-0.9394297231029558,-0.8651670645301757,-0.8928023625296899,-0.6961607381847713,-0.7886842126439939,-0.7155162290144018,0.8605115014524282,0.7690863721950969,0.9364091242580077,0.8153927985544662,-0.7021137459690449,0.8207808992998443,-0.19574234322537298,-0.29382237849956017,-0.5120388793653531,-0.676133965736992,0.6331709379936281,0.7887027155865874,0.6211992036331444,-0.6429090176290806,0.8934261570514228,-0.50288480454499,0.949033165857702,0.7805227601297292,0.4678109856248314,-0.9620347103923972,0.5407412536757641,0.8555134479876405,-0.8619490227251557,-0.8918604245617947,-0.9277953852183691,-0.50853279515534,0.43556861102118444,0.30929305461136586,-0.8495816235790253,0.6175787459121065,0.4032536679749055,0.12086887976876562,0.4394225717680928,-0.5881614062186723,-0.918278122595007,-0.9409202857171141,-0.6983479384513676,-0.6638541840561262,-0.9737443802475705,-0.6078640239694613,0.8945145211877207,-0.8240412764934433,0.866149776122736,0.8961580583267625,0.8966300552593286,0.35866530528670487,-0.625198064820726,-0.30885955583307717,0.9038770381195553,0.7709679473158177,0.5307577471759799,-0.8946470577365491,0.90749244071612,-0.864920418283974,-0.31204079262858736,0.7434116466242701,-0.18054517417438667,-0.6349079514255553,-0.5860993977959058,-0.7631393790806854,0.865832756160003,0.9097633548399432,-0.8191571480857547,-0.9251788762599118,0.6506487808150679,-0.6747175113930266,-0.6306393947801661,0.9303865715028715,-0.8001472211081218,0.6231749035726343,0.2975939723071838,-0.045961043156419336,-0.9649000036969363,0.06103852824679839,-0.5154803634576153,-0.8628925632527776,-0.8230316847178549,0.7687358773564316,0.6342513188134573,0.8030657099604843,-0.8692475401346786
-0.02333002826070252,-0.33633452810026937,0.7142857135117324,-0.4671718221747665,-0.5535873222402043,0.8444749479721028,-0.15230587985006888,0.32900710546534967,-0.31752739279912395,-0.4373673605601831,-0.26605849345967403,0.9999999941681025,0.6653218214285341,-0.4586619264167594,0.6633294669620988,-0.11316143228778117,-0.27205159863578077,-0.6064329610570435,0.4319302161904678,-0.30214671703392315,0.6818249284389734,0.3829853670334904,-0.48897076874384704,0.35024979053323685,0.9069510498174069,0.48458535554852944,-0.8853042993500403,-0.3568891592893161,0.8430929936582828,0.45188616767012074,0.40474151022751415,0.5077181562487937,-0.1612642234398785,-0.060083794027081354,-0.12685947950770393,0.1600268302202335,0.24353161352132857,-0.3465086784867645,0.8476319856178498,0.44180770225180865,0.22262093411635908,0.49274369037094967,-0.2426583613341764,0.2880113642783586,0.537881787041862,-0.13367154380793497,-0.7213229441396912,-0.5702451599055215,-0.6553527878597989,0.7338487517969285,-0.6936296160905105,-0.3275938041800285,0.8942298808197915,0.05025947007877768,0.7585141310787552,-0.33935374417132036,-0.5618674506846761,-0.6004756533681622,0.1184563854527253,-0.5543285376459541,-0.19739976989658664,-0.3316672531990814,-0.5790178669126167,-0.871275220943533,0.39881851478864216,0.27696203046192047,-0.07487811487736419,0.5232822004655215,0.3905266003069326,0.5811948374908603,-0.3111479018611483,-0.885104571232102,-0.17527522544382934,0.22389430151492593,-0.6301797783077808,-0.9576334642713273,-0.8273683176058001,0.36771907570519313,0.44230970661872937,0.23602456114468728,0.4049397847391884,0.7711253778750511,-0.49103111642147296,0.3914504308576346,0.1474468881072995,-0.21227842486297213,0.7352802196705231,-0.5751654057794574,-0.6407025255163187,-0.6251327707759359,0.09154014331367252,0.24106350724439865,-0.1624746517989649,-0.5299116532084377,-0.7651490362074294,-0.7832317422452056,0.6245680546321711,-0.3939763251413864,0.08252002694319947,0.9884113977338458,-0.6536479054066137,-0.6351572360473148,0.518333618847355,0.2186468305774995,0.0587017658686742,-0.352784260504907,-0.002968792371215442,0.4415308990510992,0.539055896764582,-0.8259349080775936,-0.40907632928418597,0.1220509266041121,-0.37680116148223397,-0.061533287480558196,-0.5198672519650398,0.09637498728487177,-0.9202367912503502,0.07549891555464179,-0.21474904556160934,0.9200733006433288,0.7000490033880707,0.7383977470925974,-0.4392423067893328,0.0008097061412400442,-0.2963230691135814,0.42204435964059606
0.07529381582763232,-0.5680330075601676,0.8888924342256511,-0.3151373932048237,-0.5505133312445254,0.7197903098683567,-0.051054115851935936,-0.20353011507307397,-0.5171669735046127,-0.5062793615605501,-0.27219067747232106,0.6653218214285341,0.9999999941288817,-0.5261093542470793,0.5786101746384917,-0.35109683008189096,-0.18140586455324728,-0.5709787557501699,0.6839601605828926,-0.02816814963797904,0.6576175824338271,0.44258287171749144,0.11842564204787603,0.5299154960233122,0.5777782601300679,0.48160144998613486,-0.3984971768199203,-0.1774475501736812,0.8558058239019433,0.669161585222691,-0.2346827605545096,0.9114201159405736,-0.3337655046241848,0.4481069240697505,-0.6185029741276163,-0.1999691922977051,0.2511679973153897,-0.6574814361731028,0.47835193574945273,0.526042961620701,0.5539337588428918,0.5799458821765099,0.3317050990392201,0.09400455291696785,0.5485168967672415,-0.2596311626527351,-0.7921597906826193,-0.478647486589162,-0.47741716359314956,0.8103919118765073,-0.5364645785914113,-0.2175654958508071,0.6475773017690527,0.2595003317202912,0.5680657193130548,-0.554263001557846,-0.788829287187722,-0.6613488756068124,0.5574775365570623,-0.5984243227213001,-0.3768246330267597,-0.510339745767408,-0.7120633625520125,-0.34802975754894666,0.32116974988049823,-0.3126122296027019,-0.1043496984830588,0.1491271572822033,0.45112047343024153,0.42911301362474924,-0.1136402815755744,-0.7578744713490044,-0.8280711615563862,0.43280394158871477,-0.8249894892291164,-0.798871295600795,-0.6926407242199777,-0.2734391846834967,0.814032350579314,0.14425831301364894,0.5529088262100902,0.7979990239878124,-0.3115114668630411,0.4303011174192047,0.7400470791740557,-0.006916526399307584,0.6727444209317138,-0.4188468338714683,-0.5837958480351052,-0.6015461830566943,-0.5923290605092113,0.7501988471794535,0.5876937529859932,-0.5942068543222059,-0.5369786886049479,-0.4025335021686212,0.5969073346958382,-0.6047670269029692,0.4291158016782491,0.7275156604830396,-0.7437077275240942,-0.8043668175518098,0.17487312925551052,-0.31791300440397785,0.5794288670373349,-0.5719535452600695,-0.2766634906642129,0.5716027807295502,0.5008039258646012,-0.7522016443313612,-0.04466893352467288,0.5784274184820412,-0.5340703610952956,0.12346481698054196,-0.903986104373955,-0.027913969554705743,-0.4109406268216961,0.17000617952091346,-0.36586524202244636,0.8286851539399644,0.48978313796347206,0.6610358876464312,-0.7899566837344046,-0.5666986384404867,-0.018792826407955564,0.5705466598494863
-0.8562858634391184,0.9548614076971786,-0.4132640166785442,0.9318850088291155,0.963132152446122,-0.8285409295787731,0.7723333406721423,0.5006507562428573,0.9063915873751635,0.9900732340512939,0.914251306025898,-0.4586619264167594,-0.5261093542470793,1.0000000021149706,0.2254501542795575,0.8364367446641098,0.9299934733641833,0.954283181991164,-0.8824216714167841,-0.5035338486347348,-0.8358129646055921,-0.9915470751284029,-0.43824347995096835,-0.9105214305738364,-0.6694731165048308,-0.9789092327670597,0.589470042422844,-0.572479888746741,-0.5597897537392494,-0.8663090130785108,0.47287166219647464,-0.7565097197196888,0.7878014328380314,0.18374061526375376,0.8075764099520273,0.7933529378217565,0.5893771043909138,0.9136448208691742,-0.7425245400517678,-0.9953525377292785,-0.9044953011368464,-0.9805622704687288,-0.6591193824559429,-0.8475539292468187,-0.6271754252929974,0.9183315908041065,0.901028127068422,0.9652716512027374,0.9091426629890338,-0.8054171815567884,0.943726687749431,0.1356894272017411,-0.589745638588438,-0.7169938083468209,-0.8206416836667306,0.5396827826675069,0.8605910966748347,0.5732401966002539,-0.6472543611053228,0.8901443087438212,-0.4146673515616614,0.9753641911273246,0.7891862198616806,0.5840299460154881,-0.9523621330340161,0.6121013813925508,0.6756657316448341,-0.8331310553016166,-0.8082291220845866,-0.918169657830808,-0.5647850723295924,0.5130105249525474,0.4242502589601544,-0.9540357465849558,0.8503942842486809,0.634627548022572,0.1903844014785053,0.5178861870070066,-0.614884734089728,-0.914956887116172,-0.9173626294341024,-0.7877665603668188,-0.5092039974170931,-0.9741804343555253,-0.7131716859205548,0.8248933442886056,-0.9095144262843098,0.931510142622428,0.9619723409979124,0.9568202059865138,0.3620275153871907,-0.7842835257672015,-0.3383036997900222,0.9466813040313209,0.8747117693039824,0.538038726870398,-0.9139956547651799,0.961560124915326,-0.9071794152160739,-0.5054083606214924,0.9412221453953808,0.17493741077198605,-0.7736696919709671,-0.4681039839748414,-0.7870827436419301,0.9763276637172308,0.8774420151517942,-0.9742451079677715,-0.9849257376030658,0.7130691331767247,-0.6197717779457779,-0.6511359137270802,0.9533998105633918,-0.7863059265680997,0.7967839736985622,0.475367915712527,0.10479277476099172,-0.8929559548203497,0.4181584394696487,-0.7055180297498804,-0.9189038473188219,-0.9244707064450232,0.8957689462316927,0.6224924644687425,0.786876150767822,-0.9905930801821684
-0.6848281169822956,0.2509572585864441,0.6805281850217176,0.28130872260036416,0.16163748399007755,0.28834401517305663,0.4426247976206332,0.6084840605005334,0.18366323939704857,0.23738418033113198,0.42677732136701446,0.6633294669620988,0.5786101746384917,0.2254501542795575,0.9999999896754069,0.35504237664865423,0.4912838229967584,0.045094014098565775,-0.008515184078541689,-0.6531562425411062,0.09511573065495924,-0.3232765828204378,-0.6723134316573449,-0.26624205672705087,0.43109639411959155,-0.24862980629861914,-0.3123492909651633,-0.7746594267136296,0.5888330782257762,-0.055580724656599204,0.4764791293408147,0.19891935665053218,0.38377111275999165,0.40538019720666957,0.19255398746156974,0.6361993777023331,0.7947289922861039,0.15554561522389718,0.24343879848250077,-0.22827108123274942,-0.2422262636064572,-0.1905596597085437,-0.5204817064399941,-0.49256988211827957,0.20606141032798742,0.5513866298292192,-0.1757961135036033,0.14719603845278428,0.10001411043126827,0.243969344543699,0.014332907089398848,-0.13857127370650849,0.45309026511356887,-0.45279801665851377,0.074191630275112,-0.17486940549196764,-0.1301732116140701,-0.3426860611283871,-0.03731320333504944,-0.007706607453709455,-0.8050010553643902,0.295204236188328,-0.17819875770084506,-0.326344269703359,-0.3136356760687715,0.4760004115604485,0.5382896439459892,-0.25814607850091825,-0.09143853502377886,-0.15695221922374392,-0.70234154255389,-0.587482713324571,-0.2469550489985645,-0.4025740832002896,-0.1373225285121384,-0.5829006461526284,-0.7843385740652633,0.499796833372686,0.26885085999869013,-0.533532728961811,-0.19145936475079334,0.3408846993740572,-0.9191970562237878,-0.3203626515685772,-0.053105827857795995,0.5862714987034636,0.1000884056979707,0.20161435166906827,0.0390189134844393,0.05337377477935964,0.07046007188502253,-0.10130134679597899,-0.03435351585649113,0.05276690637849272,-0.12670065369942388,-0.39102539675127457,0.020091132271835344,0.21581634408846107,-0.4456109147280863,0.6748862929374336,-0.06967458265122699,-0.6819464032617063,-0.22528594969245785,-0.3551450761370468,-0.29066254970153244,0.267823877602109,0.5906275936242077,-0.21122300392465504,-0.18914812110593512,-0.37671650027921844,-0.8082534965548824,-0.02783894496314504,0.27479405898764164,-0.7002953212137456,-0.21042511782977222,0.5359501165864505,-0.7565560329419587,-0.5809421754527058,0.012990559536989075,0.4801470718591065,-0.018001025723116314,0.08769244580683681,0.0023627054822539352,0.13457679360650415,0.5141843207654722,-0.22543818863422505
-0.8512334156802175,0.7700271102159002,-0.3893486179905437,0.6771555835779215,0.6670501772257278,-0.6058908766727247,0.9017320311995136,0.43802853711755807,0.9734130408384036,0.8848727054122125,0.905626573254405,-0.11316143228778117,-0.35109683008189096,0.8364367446641098,0.35504237664865423,1.0000000043899244,0.8185061527638086,0.8337127221668718,-0.9161024561832676,-0.37967364171062473,-0.4210394044756374,-0.8144871744719742,-0.535103315215692,-0.6229888335203044,-0.44309264538186816,-0.719973182211617,0.30700127543501327,-0.6362314109553486,-0.41462702070719826,-0.8259322555538784,0.6790642999912571,-0.5791502183488417,0.5113533654026361,-0.14394501967509135,0.9050339651386219,0.8426333424634861,0.5147973885458561,0.8883853037675379,-0.528263337142969,-0.8747045479484715,-0.958289473937913,-0.7706732748603902,-0.8234827654553818,-0.5784873867754189,-0.7460391480582313,0.7671758858967643,0.696395686295556,0.8103291369464555,0.5801746904797376,-0.5951134772486266,0.6763589003535061,-0.3833167253220638,-0.1246362817584001,-0.4502449578832259,-0.4176554673708643,0.782024923637582,0.8180573004208461,0.6548723917409387,-0.8922041726351304,0.8778467703640196,-0.21063004388566528,0.9161761762774911,0.8167760167032022,0.28362810595629573,-0.8809371695740705,0.7402498374347738,0.656306666516584,-0.6457473268620216,-0.928094342053856,-0.7415151208909317,-0.5727664052223401,0.3368824494648942,0.5161271888950891,-0.8145731172794762,0.5339530967919698,0.32124954319650406,0.06101795281545402,0.6361597316923107,-0.6935605882693392,-0.7684917869723871,-0.8769202412945759,-0.6767498654249167,-0.675291548007566,-0.8601212607254946,-0.7743444530234267,0.6608586270377992,-0.6871788779623846,0.6404666173459256,0.7821204450802623,0.7660351773400215,0.488907631475203,-0.6667226084021619,-0.5679311241989937,0.8973581889315164,0.6656807401259076,0.4844059601708013,-0.8307989403535948,0.8461325717285895,-0.9035936697610866,-0.21550228923610593,0.6725787878972359,-0.21020501714847897,-0.3941208825239673,-0.45378761496149306,-0.8537702369335624,0.8156695349258545,0.877081049809314,-0.7330252622649461,-0.7884444342865029,0.5448622566180755,-0.7361783613912471,-0.8833571536511553,0.8283568797213547,-0.6589337430176403,0.6996301096310644,0.1447717393336145,-0.22799752220748548,-0.9221449873096449,0.048984248565955374,-0.39273046311999016,-0.6986783168695849,-0.6866552892534494,0.8020544734342012,0.8618240838209961,0.5150254172318074,-0.8074610176339989
