1.0000000009571623,-0.18138113663838498,0.09629886115329393,-0.41399800223229505,-0.14528984453997332,-0.20100155279833545,-0.7003871237316862,-0.5422551277798787,-0.7279972739929642,-0.6265314624751556,-0.514482784347805,-0.3643149221845877,0.16901235192351333,0.21790275632664544,0.5416694353896565,0.7887483379064324,-0.1600775981599827,0.020567851354507338,-0.013941484566185583,0.4549022763671778,0.3476132664012037,0.26918826656421807,0.2789566229812176,0.08578145049835378,-0.02392596143144884,-0.262952582348572,0.07397551602380015,-0.1749472186949105,-0.028677231404242855,-0.1976781463817871,-0.2216987838915254,-0.0072456939433083595,-0.31212685847195387,-0.24977380076039485,0.7410156090665225,0.5925675851939816,-0.07898615079023703,-0.18186796475727343,0.27124969259118364,0.13818588990946096,0.48484749588700427,-0.5130077344949857,-0.1188950994626444,-0.19580046848510954,0.2321521520638956,0.35342384601455906,-0.2757958304691258,0.06489133263453332,-0.6330910724703374,0.15266674078331346,0.46896856644143725,0.27867962545170216,-0.30542874531956027,-0.219442657089298,-0.0888077009451793,-0.3313248934790354,-0.3984652503565846,-0.19826282064362474,-0.3708366807820804,-0.42092189814525005,-0.24078580755317813,0.6018799734885387,-0.7191686660471389,-0.023080792400257295,0.10648733530578769,0.22069760957760223,0.6873721275578321,-0.08657021519851806,0.30182078414646313,0.22164115912393323,0.47325189667165385,0.28361881829454194,-0.26773282836949125,-0.4022748902420122,-0.5092158865361239,0.6213250681035334,-0.43689306893808505,-0.07970868424422822,-0.2646687341707939,-0.014609648261857816,-0.139195024613592,0.2195627078319515,0.12125724313927198,0.2619705265368429,-0.5250170802655695,-0.18290415383876765,-0.3031396846354644,0.25427115132536027,-0.4002051058309017,0.3928277673845431,0.1135605236010179,0.29379070539012236,0.5668578482568343,0.14216162020954026,0.271090969061359,0.32995928710940897,-0.055438963832796624,0.4260488246887111,0.19805392506902614,-0.24062434197978003,-0.13788064326563415,0.20075290550343866,-0.37426261449197956,-0.23857622242641544,0.122556366043924,-0.2054930512185386,-0.010308376827900255,-0.035978125175107394,-0.14127149505652428,-0.184850593692038,0.38099793499972073,0.5113606715171082,0.28466151576098897,0.2651447149915702,-0.5236961490867429,0.42018906078856044,-0.4189025354136374,-0.35324991230438124,0.2391699560808317,-0.19650508103975134,-0.409629878304708,-0.26796276505663597,0.04328168445562092,0.026727920814461112,0.3304313728768111,0.3982994723926331
-0.18138113663838498,1.0000000021403874,0.7609681186780131,-0.7023670778771582,0.9479185123896091,0.8012731266093787,-0.3609197988686454,0.0334367543513641,-0.509270105829135,-0.5961178364760822,-0.6571989792623932,-0.6845044054466105,0.8864986200753946,0.7822921399195502,0.713304761002524,0.3001758829915287,-0.46169056952254217,0.950736582811301,-0.9309316798564784,0.7135368870985316,0.6728923156216496,0.5932210575867319,0.7070249928124844,0.7101861272888461,-0.9374253190077916,-0.8255412281138536,-0.9578610512850014,-0.8126570202615742,0.7038096426182562,-0.8504859656997995,-0.7718231761817816,-0.9070999500291482,-0.832358474614986,-0.8436770632629267,0.34522462065787596,0.6731105266793777,-0.9606381697468156,-0.4539924338287875,0.7893655230909181,-0.7077629019857571,-0.7454642849229566,0.6807696263083636,0.9768240116043907,-0.831375766063137,0.6781483300994057,0.45446387979484637,-0.752554135381512,-0.7843822195817239,-0.6236405150465668,0.7068004659880357,0.7706574374137016,0.85246593861038,-0.7718004131602406,-0.878003851819938,0.6268722244957904,-0.8043886197571092,-0.742028561759741,-0.7801050351944877,-0.780245789619208,-0.7442625797005092,-0.7226172608883653,-0.3799647031249175,-0.5205466822593067,-0.6744648779070183,0.8815474111717359,0.8816887989657072,0.44598151806310465,0.8267196214435713,0.8581385165300631,-0.5060360850704304,-0.6898422476388756,0.7694020626126482,-0.8167143629501318,-0.7135024712335782,-0.7014410518424693,0.581161963017285,-0.738141633952567,-0.6557346577791219,-0.7984414525200845,0.9275523897939626,-0.9213589712549183,0.8064078743213907,0.8425816163110114,0.7904424127211344,-0.588993863665694,-0.778648944374489,-0.48493829973476404,0.8355510899596756,-0.7770655218016511,0.6856340957293009,-0.9573806546780923,0.6806011499968605,0.6953806303151555,0.6666483754313643,0.7956088123072151,0.7917255545998189,0.7332808263722369,0.6610422281299071,0.19886072239462946,-0.7729125841561448,-0.7165609747627336,0.5903597578213993,-0.4331141325625542,-0.8709596824298483,0.7210333905737137,-0.3525736443341131,-0.9325856759417407,-0.5961044131685452,-0.7500234549558735,-0.7731325888116181,0.7341951481997422,0.6294493220603938,0.7367575347517435,0.8399713186479244,-0.6361735232701763,0.7435496771574501,0.7905003962103436,-0.8028266571555777,0.8501327851405982,0.8428065934121196,-0.7295278534025541,-0.7331966585981273,0.4644812288298372,0.6959118231364784,0.7554934145673537,0.752267453756645
0.09629886115329393,0.7609681186780131,1.0000000031332728,-0.9349926142666254,0.8821168709286812,0.9477018863773403,-0.18437806111312088,-0.5708450701044113,-0.5912888348010933,-0.8048480272921529,-0.8854967629059243,-0.9610219314430614,0.9032067638620335,0.9860060039825234,0.7959839384971243,0.6657341265391136,0.054820199463614154,0.8631529346838627,-0.8777764929008953,0.6110777162757441,0.9660160601831647,0.9696105067401797,0.9815043724501199,0.9951763414221948,-0.889920713917652,-0.5877290483082278,-0.8170514903940734,-0.9872486460232034,0.9707216426234618,-0.9645301638083983,-0.9878964229651865,-0.9593687699184905,-0.9175847421351865,-0.948349145283297,0.708836336274436,0.7313676299390175,-0.7708287602419419,-0.8553682913792215,0.967995722197394,-0.2949809606814942,-0.8169546233820442,0.7771126359631476,0.8689983701889702,-0.9678132202717393,0.9768288029187078,0.9164564711175119,-0.9780542568484747,-0.8942103724844964,-0.606474880650143,0.9890995112922435,0.8247894136460148,0.9198588844310871,-0.9640608700899563,-0.9294270273978625,0.952409461396173,-0.9341838574949818,-0.9292205299785723,-0.9898957682987208,-0.9254725954206319,-0.9157019478531361,-0.9870265707017849,0.15182518238507212,-0.555361626964553,-0.9831579827752487,0.9596974479860307,0.870864199570854,0.30616110810690744,0.9511454635182991,0.8823206697763651,-0.8670809450200552,-0.7690573281430116,0.9620997251000856,-0.9515809784929457,-0.9388250184787368,-0.8601927087220794,0.4347877767363013,-0.8940267836995848,-0.9817466521060367,-0.9685677847038824,0.8147581822323587,-0.8601080490297007,0.9787223286169522,0.9846132059879322,0.9714369317576039,-0.8963813720563644,-0.9932488758664516,-0.8778467831588186,0.9487534220955768,-0.9068039847663965,0.9489628367346636,-0.7997356921425406,0.977921602751633,0.7390462457973166,0.9903852815462414,0.9631299908672183,0.9389802117283933,0.9827757353520301,0.9333708166239947,-0.3595810258513074,-0.9832891621806358,-0.9953601446059749,0.915500687063253,-0.9016021477561198,-0.9168597916640667,0.9980817983347475,-0.8383807446938428,-0.9358743484825361,-0.9257062891191663,-0.9985901155530132,-0.9937135634184368,0.9446231046473035,0.46772927524305435,0.978023905664625,0.9201181081741708,-0.8859116084657972,0.916666463206453,0.7826378102074472,-0.9032683625641408,0.9267026033620838,0.9481329134339979,-0.9304697361607176,-0.9814050676346776,0.8846951100097379,0.9855770513152529,0.9600339837720983,0.9253338803789722
-0.41399800223229505,-0.7023670778771582,-0.9349926142666254,0.9999999970982381,-0.7823879146859952,-0.7998349563208612,0.46276810777249117,0.6430260019489754,0.8066167897382993,0.9623567730901111,0.9830132588653963,0.9935375380450909,-0.9038472182425177,-0.9776328515214392,-0.9400087390380772,-0.8658120482690218,0.09268483393882386,-0.8323316977219143,0.8330292178208264,-0.7506827306191026,-0.9895875934248348,-0.9452593674431126,-0.9826589244158624,-0.9201909232866596,0.8754479587442754,0.6872790547137001,0.7595689761207862,0.9665281936611104,-0.8423113469870136,0.9677764443347335,0.9767287884460621,0.9059986439037802,0.9667712271004908,0.9705807591276006,-0.8651406703075125,-0.8993017815278622,0.7940525097839387,0.8243452799747579,-0.9878525231011416,0.2745993417304457,0.5682927542031241,-0.5341866138477839,-0.7952381143540254,0.9566788834800419,-0.9625691823095793,-0.9108903249279601,0.9826523978733923,0.7733187821604293,0.8083548951261283,-0.9453702217418154,-0.9482308803132996,-0.9603859783106014,0.9920543565866716,0.9511930164799606,-0.8039069024784257,0.9834248837828252,0.9975624982732852,0.9728184214022122,0.9858647628700873,0.9926964426224197,0.9766397092202994,-0.29811264144647104,0.8064107818209395,0.8810055214457313,-0.927157811975378,-0.9254201234921317,-0.5650261741185324,-0.8583850238539954,-0.9402711030747521,0.6658077071472973,0.511347351190772,-0.9714760473603751,0.9695133014728522,0.9928091248235457,0.970508612806717,-0.6690813796935604,0.9733889453559813,0.9000116402966979,0.9856745572244744,-0.7694361071091635,0.8690183175336742,-0.978194679588393,-0.9528081033267194,-0.9797046812155294,0.9833924374167485,0.9664396151895773,0.8902245336825574,-0.9680324018745686,0.9853542069578408,-0.9907392407722789,0.730316911844241,-0.980713453402968,-0.8992694517186561,-0.927875739791969,-0.9758682391949157,-0.9799704476410686,-0.8626289957558884,-0.9834618500853136,0.15822540899671145,0.9782100233858639,0.9427784011699605,-0.9007651536445642,0.9073240688718404,0.9438727336951096,-0.936406780405927,0.7928814282285603,0.8858042404564679,0.8434815542139783,0.9469629624981994,0.9669813371408311,-0.9964154670716344,-0.6482896770238503,-0.9883514978994229,-0.9460697652793669,0.9921572731247642,-0.9926800018332699,-0.5605897151084098,0.961228879742833,-0.9435198866257636,-0.7952596661769201,0.9946597558582004,0.9767033265482283,-0.7864350217358891,-0.8907424484416149,-0.9922197131563556,-0.9954370887970511
-0.14528984453997332,0.9479185123896091,0.8821168709286812,-0.7823879146859952,1.0000000006304284,0.8834881345229038,-0.29013026220212984,-0.1200235402289697,-0.5471817553647826,-0.6465784963429955,-0.7523099856575451,-0.7949425622348166,0.9504512178164618,0.8736757450368166,0.743394657106308,0.37642726790639597,-0.31522583240049074,0.9805002632246439,-0.9849040282085303,0.7272384282778702,0.7879915516294418,0.7481408040595457,0.818817564563341,0.8402553849609734,-0.9130831117854978,-0.7901913416270688,-0.9842404287820098,-0.9016998062119918,0.876833510612064,-0.9092269900850324,-0.8722193877758077,-0.9482974755175977,-0.886831146271209,-0.9045983802340676,0.49326479984086724,0.698664649539817,-0.9268627537622822,-0.5477954318185336,0.8613714863803115,-0.6778480590004895,-0.8582605480855919,0.7484151585773393,0.9917742561078672,-0.9240907268610298,0.7822551037733924,0.6292188513701852,-0.8617437234293642,-0.9401597999035831,-0.622855384767975,0.8166224100164249,0.7887083689087776,0.9012813913939075,-0.8527185410751573,-0.9227175481156591,0.7866190300113218,-0.8670793514108586,-0.8068618348534827,-0.8747806361448554,-0.8488237499343237,-0.811814950293495,-0.8302398904254409,-0.31539214591786896,-0.4619009532294957,-0.8151300812790505,0.9580289412961372,0.8538574589871712,0.3964698680839384,0.8716652171928799,0.8937430459394503,-0.6843229502556295,-0.8436985874318543,0.8813387988488001,-0.901361446492016,-0.81405437731653,-0.7719200577739619,0.5220219164434814,-0.8205890862129012,-0.7920025376847758,-0.8732980313095576,0.9736213196082197,-0.9525621792868438,0.8844035547588416,0.9160570384267994,0.8851267891052702,-0.7071879067928744,-0.884148560408189,-0.5766628095534663,0.9075828834016464,-0.828869847918337,0.8024638768882804,-0.9832087821684876,0.7984017803568411,0.7190941232870904,0.8106096855189568,0.890435626908186,0.872359341980958,0.8582014662046198,0.7875597146196324,-0.0197202286395429,-0.8767180946860132,-0.8366521565598417,0.665741326707403,-0.5971193106382505,-0.9225282384414496,0.8515739137550463,-0.4958798012642081,-0.9800676949721376,-0.6953623674608207,-0.8765952452246977,-0.8791010981956261,0.8219798437006984,0.6117081355314288,0.8354032468485918,0.9139030762699694,-0.7113812823002353,0.8126994763447359,0.9139906428767498,-0.8722114012405313,0.9238786029160257,0.9520338704080834,-0.8144103140775822,-0.855903554828367,0.6026926118956571,0.8230867321228564,0.8475813053673106,0.8152431338232164
-0.20100155279833545,0.8012731266093787,0.9477018863773403,-0.7998349563208612,0.8834881345229038,1.0000000025061566,0.05018719882014308,-0.43275811895275834,-0.33926429157937127,-0.6106020146690059,-0.7048291643651838,-0.833391538168211,0.8095990825426614,0.9033187861773457,0.6134717843772726,0.43685196999915404,0.1382675934919485,0.8173778355576542,-0.826617893648819,0.4234122749754226,0.8450529924190998,0.8692780607832765,0.8816665546718918,0.9517305854271818,-0.888784037048153,-0.46508863774448167,-0.7926868671276448,-0.9136790843112282,0.9333343993417521,-0.8885030727872222,-0.9009460328810336,-0.9449117313146081,-0.7981753208105222,-0.8507640979695857,0.44820622307791613,0.5283642192599205,-0.7221384793126681,-0.8312113934229947,0.873806697564826,-0.262171536999667,-0.9271889144781786,0.9328984726870904,0.8757417392994028,-0.8753303321078414,0.9039587989382128,0.7949269437365087,-0.8690720202051274,-0.8421246242810186,-0.38840135680723176,0.9356011604891055,0.6682047942122804,0.8112811671485849,-0.8555991384150157,-0.839923083547261,0.9586083629178226,-0.8136770416967836,-0.7983574900635371,-0.9132170174593475,-0.7913088725020379,-0.7714905533591193,-0.9005459279157781,0.03360126025754849,-0.3588760837765732,-0.9598206065824992,0.8942449083964404,0.8137780365413152,0.07119326613643408,0.9837908025758052,0.7639795469327676,-0.9147258239695216,-0.8498133910370395,0.8405799786054603,-0.8394783500907761,-0.7922610624405507,-0.6806558518260948,0.2275124136195143,-0.7306181631238136,-0.9462220139051211,-0.8726583159330766,0.7638787824160598,-0.7793020565002474,0.8966845761796582,0.9317616883008569,0.8659369927474088,-0.7161013117112308,-0.9158050347674961,-0.8116778157300704,0.8443347051662581,-0.769930105243709,0.8041064811446971,-0.7850949415891331,0.8745899810794074,0.5425028008729655,0.9279042379662025,0.8511144650456406,0.8112919271036927,0.9822590959081609,0.7728930504176493,-0.41915010239373646,-0.8862133999575992,-0.9392514176707002,0.8787106715872698,-0.7816435288863556,-0.8148914695630625,0.9398429457667098,-0.7938214865596039,-0.9041895442351012,-0.9304113669585968,-0.9296562514295834,-0.9167536481691068,0.81018519557401,0.2668357627969502,0.8768631066101834,0.8025873301953749,-0.7205479353604155,0.7720553806015963,0.8438182081236263,-0.763589767585796,0.8173064311903068,0.9709368901438786,-0.7858354473980428,-0.8716638325495389,0.8830158152848606,0.9653222334855766,0.8386030243685159,0.792306212127394
-0.7003871237316862,-0.3609197988686454,-0.18437806111312088,0.46276810777249117,-0.29013026220212984,0.05018719882014308,1.0000000001169573,-0.01599769301110507,0.8789541325486514,0.6506628762290769,0.5802952762409702,0.38550154004074816,-0.5156510747001736,-0.3293957559068763,-0.7330840337839232,-0.5622506072555403,0.7964709773234341,-0.46851496503650997,0.44109416771700055,-0.8576564314717579,-0.34849747131239184,-0.18233539216575181,-0.305622341924996,-0.10936334157426872,0.34940933077157343,0.8003838346460773,0.4338074041187156,0.32744896414892655,-0.06153004037627269,0.4036704913034515,0.3254992913640705,0.27537519842621216,0.551986286760026,0.47194076062295304,-0.6168644854686738,-0.8006174993898235,0.5863933628824978,-0.062367750679551456,-0.3967642016117051,0.5661395839511792,-0.23687638175024617,0.3750833819974514,-0.3352378766457279,0.4090950410540939,-0.2059935822402526,-0.14373497417847614,0.3760949850791217,0.22818221772107178,0.892559613108333,-0.15811947891636993,-0.6950222476288642,-0.5383950971479764,0.4213624229686329,0.4984815541275752,0.1184690015867596,0.5167644049057235,0.49802778220488075,0.30401096830693075,0.5389411444889448,0.5463081018135469,0.2774560137261134,0.07785610249066091,0.8138517191399196,0.013921721469268613,-0.3839927045609382,-0.49086584160123053,-0.9919617656804406,-0.062057243319515995,-0.6039555480844476,-0.32075947176100594,-0.20085922173881687,-0.43521766178493837,0.47338866255066725,0.4885575718301962,0.6471816943851402,-0.9601132916790263,0.5998931689997771,0.0409036687701729,0.4070171447667373,-0.476245970128134,0.5540948357459161,-0.3623921714558104,-0.30189991444613923,-0.41228051692646406,0.49738030892802737,0.29439712390054745,0.08518542590322749,-0.47704220729035485,0.5683987991049674,-0.4411738007185562,0.4122736891298679,-0.29135784775296936,-0.7965462850403721,-0.12351521629283083,-0.44110561225436706,-0.5111990226436363,-0.004830908861683068,-0.46945438347975793,-0.7192354135598659,0.35760202405886854,0.162597001030747,-0.07541439104326551,0.13766155183346662,0.5323137289645561,-0.16282723359969645,-0.11576393909975108,0.35725689036659697,-0.07498014978940594,0.22351204627379057,0.2876598657825958,-0.4755659271109404,-0.9287371519076705,-0.3473232952928311,-0.5348132794130066,0.5313726710809429,-0.5451311273751368,0.0372458889789172,0.5856710138434562,-0.5145921218489652,-0.053843680373661294,0.5132749873613123,0.3493014203323471,0.17627527539347612,-0.0322066350427049,-0.44107980527554397,-0.5168720007438903
-0.5422551277798787,0.0334367543513641,-0.5708450701044113,0.6430260019489754,-0.1200235402289697,-0.43275811895275834,-0.01599769301110507,0.9999999990403744,0.3759134222175816,0.630086421423472,0.6028721499692066,0.6664619869015885,-0.27830800650693877,-0.5730843923168966,-0.44640902700693286,-0.8075849949129963,-0.5929806025193597,-0.13475962326766597,0.15406912854018162,-0.0927329814246196,-0.685502684763893,-0.7452036085450363,-0.6587393275682364,-0.6274252861504035,0.30362261303819443,-0.07461600911853225,0.02546427183070819,0.5251417362558658,-0.501706949756832,0.47249615466068684,0.5789031200674338,0.37804640923214233,0.42824205700751977,0.45333685530484596,-0.6918387296278492,-0.395793673560852,0.04904729041998491,0.8377519744834464,-0.5648041643654415,-0.526144732199949,0.1758992151618276,-0.27572677046486943,-0.11337856201421885,0.45165312152985637,-0.7042685632094172,-0.8403120788266627,0.5816640183176554,0.2420613411402216,0.27548778922776657,-0.6632283521465903,-0.4230740018233291,-0.4058948676522837,0.5741585776439738,0.3837041997910535,-0.6062990328035579,0.4952905206731757,0.5910613951977886,0.5765488161510728,0.5115895778703452,0.5581676521032638,0.6471812671635563,-0.8829496560038839,0.45027760386047805,0.6361166830553183,-0.3711517986774091,-0.38486390563220807,-0.05187591806359694,-0.4753884155487068,-0.34659275885176677,0.5848033340606903,0.10115073573762838,-0.5183112857861918,0.4650904961533857,0.5959304827022729,0.5216087192462084,-0.09877846742864672,0.500840872225226,0.6778981977953811,0.5454935885877467,-0.04327497417460243,0.18772312383041243,-0.5423207652688435,-0.49162356476699887,-0.529916791134339,0.6975158286500855,0.5652919292222861,0.8499614234716273,-0.44882306572999303,0.5114757605905662,-0.6326860819099387,-0.012145559810357157,-0.6860168098860584,-0.3751058764495622,-0.6714137899781053,-0.5056058219099941,-0.49458379323186574,-0.5574556122275696,-0.6286385290540868,0.6482956422933319,0.5641871593716391,0.6405387286311114,-0.7699910962363729,0.8661603107614166,0.36036428315436,-0.6189905896532863,0.8866665706298699,0.27883038578718516,0.7211409298472957,0.5817046947723473,0.5746401652740172,-0.593326970374835,-0.0024105965187816857,-0.626506858402601,-0.38206934745221016,0.6732620063641144,-0.5584383690996851,-0.022709222494797645,0.42674375234033385,-0.37605799519199645,-0.31997855794869773,0.5807846901498849,0.5958337685353715,-0.7873052523363723,-0.6296033614212113,-0.5763422265482883,-0.5697277124995822
-0.7279972739929642,-0.509270105829135,-0.5912888348010933,0.8066167897382993,-0.5471817553647826,-0.33926429157937127,0.8789541325486514,0.3759134222175816,1.0000000014579462,0.9154874366313969,0.8907263124662993,0.7631514881914209,-0.7760301963229175,-0.7005341101346556,-0.9453914070365562,-0.8374702799446921,0.5120997797543169,-0.6880855296031896,0.6808226718145218,-0.9321749479577347,-0.7379154425808058,-0.6214038866738266,-0.7003734212259733,-0.5384922328428053,0.603463304602475,0.8313479820560734,0.6255053167950522,0.6904602748143519,-0.4848010686762284,0.7292104601635714,0.7019261338340964,0.5965060055262871,0.8327849016482445,0.780162016036702,-0.9029421721405485,-0.9737533743059444,0.7244421677866463,0.37280594177118176,-0.7443625012874673,0.4719240114768075,0.1096078910403612,0.01934089193092055,-0.5674939714676213,0.743351613427317,-0.6189502389219258,-0.5955452088965706,0.7456756572857853,0.5548919175399893,0.985756088650771,-0.5770135404729052,-0.9133837766359864,-0.8161727828244613,0.7688528348704128,0.7798752959714242,-0.33868975818308716,0.8217344571439676,0.820951770542683,0.6818002142150622,0.8428286773593159,0.8535742665112217,0.6746241452246025,-0.14807208244116687,0.9121023513952392,0.45880458103543104,-0.7004618212053333,-0.7305708756550311,-0.9270174766911008,-0.4298150489912688,-0.846378716630779,0.14402364065076467,0.12818669001489874,-0.7817671218481701,0.7926889927595507,0.8291633294684009,0.918010565367661,-0.9424248960299425,0.8885434824257962,0.4867530093107162,0.751069122095942,-0.6708939523216076,0.7693888091176617,-0.7166471542618716,-0.6568482989999405,-0.7608254815649584,0.8471825729505117,0.6765614546936766,0.5064717656066492,-0.7878050496665101,0.8564399579337546,-0.8036557235638321,0.595586687196141,-0.6938084583833893,-0.9684784789576693,-0.561337230881068,-0.7789339256839132,-0.8246398393660586,-0.43232746968368857,-0.8258744894314005,-0.3212259826198904,0.7266707835784414,0.5825487234812491,-0.4902697675500509,0.5864552331389336,0.803518197827249,-0.5836683098596575,0.3478892170695499,0.6450473151005193,0.36550204104590395,0.6279274490515656,0.672676852746695,-0.8148717126598907,-0.9241033618972703,-0.7248717577011806,-0.8181198024410249,0.853819828419025,-0.853467125440755,-0.2478527001915479,0.8622555159430397,-0.801782798089888,-0.4188466704683134,0.8396907395087224,0.7309719529225448,-0.2917860145172237,-0.46925147954850155,-0.7887654736409351,-0.8316555411317349
-0.6265314624751556,-0.5961178364760822,-0.8048480272921529,0.9623567730901111,-0.6465784963429955,-0.6106020146690059,0.6506628762290769,0.630086421423472,0.9154874366313969,1.000000000507165,0.978744402685028,0.9334556170681124,-0.8366549260527721,-0.8862410856299281,-0.9745013076495791,-0.940647410011443,0.21575989642931276,-0.7456741869733161,0.7380306018659786,-0.8116235169055226,-0.9220987608634473,-0.8447977807709132,-0.8978170243532574,-0.781225869568735,0.7800849711885687,0.7196134280432128,0.6612610583088495,0.8678532470730851,-0.6790781802325312,0.8864448064360266,0.8843872136865502,0.7837913521272578,0.925592688481419,0.9063846798346822,-0.923028592744704,-0.9586499329887047,0.748439767520528,0.7105141009179652,-0.9162489072655827,0.26208988728412064,0.3311293428267331,-0.2903984746356877,-0.6738072079047505,0.8714871346463713,-0.8623188770156541,-0.8268663606609209,0.9045194551468846,0.6325970503342286,0.9044046390880128,-0.8250459484909001,-0.9640464654618324,-0.9126365934000809,0.9280603980238394,0.8889060185993816,-0.6183282587408343,0.93887123034683,0.9630129066685006,0.87490115896286,0.9506224152245994,0.9680556120212107,0.8824630294668727,-0.3617673991684988,0.9233474692340622,0.723558813502202,-0.8276951323416567,-0.8790328742036135,-0.7294759335099286,-0.7018725717817587,-0.9094019238575898,0.45047821929046106,0.2823248245301562,-0.9021668535913754,0.9054792846408699,0.9528523838903292,0.9778576770292371,-0.801265882023895,0.9580153062942947,0.755146120001234,0.9135279829197334,-0.6831954773721408,0.8102742962178038,-0.8925909707938815,-0.8448678504501391,-0.9050859248693285,0.969248874273793,0.8634466129419863,0.8069438328552494,-0.9038306955263208,0.9622628769894396,-0.9416491026921148,0.626101339658641,-0.8969525331283015,-0.95299576935067,-0.798875186537241,-0.9066416932689296,-0.9320841241536193,-0.6929611405423265,-0.9438292225651718,-0.017491006231351594,0.8922966412779012,0.8183837526704465,-0.7955627577384147,0.8295765753501176,0.889044009726348,-0.8079773437468827,0.6754894860970392,0.7744728526126772,0.6930224208818527,0.827541373945624,0.8635783258750358,-0.9521847818630691,-0.7499903215348446,-0.9101722441295139,-0.8930730607543121,0.9869678609196815,-0.9674973843112784,-0.35672201913197,0.9305833488924813,-0.8833720767230856,-0.613402961869956,0.9610835251172534,0.8928978436859474,-0.6300288862370108,-0.7366215735551097,-0.9336364716075092,-0.9633617930305916
-0.514482784347805,-0.6571989792623932,-0.8854967629059243,0.9830132588653963,-0.7523099856575451,-0.7048291643651838,0.5802952762409702,0.6028721499692066,0.8907263124662993,0.978744402685028,0.9999999984855504,0.9733515138664213,-0.9080496886997441,-0.9406489583831733,-0.9701559031368789,-0.8865128172812361,0.1932246894576606,-0.8237890309623498,0.8283501989962812,-0.8304516496590666,-0.9638618843156681,-0.9064321871792488,-0.9476379291944251,-0.8600894043272782,0.8118586604293251,0.7450492725312701,0.7535090032077366,0.9301200622873633,-0.8017952396552979,0.9353624865487005,0.9427050153919699,0.8486307309215542,0.9646627519131036,0.9533412580326809,-0.9279279257612418,-0.9481914173253154,0.7906418486375667,0.7249701461188465,-0.9558472008755903,0.34735198316242033,0.4812641453168976,-0.40332776987018315,-0.757712829328024,0.9411285799860225,-0.9057198575132668,-0.876220381995026,0.9621451018698169,0.7730496798170441,0.8799603223244851,-0.883449831120696,-0.964318953234903,-0.9541419554993563,0.9682761971819923,0.9362492412526153,-0.7243397266350199,0.9743004046116266,0.9825848247697041,0.9324469125538094,0.9834106820042998,0.9900616942732697,0.9348579865193384,-0.25867199376342986,0.8364569838979159,0.8104963887826075,-0.9044312423177141,-0.8827388247091857,-0.6743919890005521,-0.7632422699743098,-0.9458912453788794,0.5707733420472004,0.4575953355536508,-0.9667653735448289,0.9623966814432694,0.9911376714914305,0.9940174665600814,-0.7524142309376026,0.9914859910821516,0.8304007973138955,0.9574805787666517,-0.7789543375228275,0.873628449289583,-0.9428851332622697,-0.9067825337534311,-0.9617516766396013,0.9914447507206184,0.9294682613373049,0.8118655363101623,-0.9568437775503702,0.9823554244466524,-0.9856893790406377,0.7239260654240419,-0.9451999948979201,-0.9466947801195511,-0.8750657935824271,-0.9648449107432061,-0.9775353657417839,-0.7869397632644205,-0.9894896835611119,0.067316856805424,0.9523203917160376,0.8865722694108509,-0.8126913819268908,0.867263386411729,0.9401755119870914,-0.8856193976269465,0.7066303344580883,0.8520953374341145,0.741781554239302,0.9062294319024063,0.9286204490652629,-0.9862327784890775,-0.7456552711656134,-0.9562320363481464,-0.9516167132128889,0.9887076087641382,-0.9904517659208122,-0.5227153815653235,0.9732285558521081,-0.9450951359792724,-0.7350045990245265,0.991660660879842,0.9567931440288024,-0.6868698660323381,-0.8172342420334949,-0.9771901414473885,-0.9841733678434517
-0.3643149221845877,-0.6845044054466105,-0.9610219314430614,0.9935375380450909,-0.7949425622348166,-0.833391538168211,0.38550154004074816,0.6664619869015885,0.7631514881914209,0.9334556170681124,0.9733515138664213,0.9999999999492242,-0.9007662626996314,-0.9860998847879239,-0.9061505585053078,-0.8404368384870777,0.020887963503874514,-0.8267075306714284,0.8353758334191637,-0.7116506372697846,-0.9991407210624645,-0.9741724403191485,-0.9952507810431559,-0.9514107823926837,0.8579187514642388,0.6434970542947867,0.7576708898224699,0.9760651944857653,-0.8916122560071209,0.9655112781783232,0.9877263847849673,0.9100227140947887,0.9543370658162812,0.9648399269920833,-0.8604218415853843,-0.8600851735287316,0.7644789619016161,0.8465398107339912,-0.9866953633548967,0.2547736473377174,0.627093587708195,-0.5853689759619636,-0.7948492781073276,0.96397854472734,-0.9777880518427066,-0.9432618592488989,0.9925108766611626,0.8140648435321937,0.7572046770041396,-0.9667607758316087,-0.9149564934352028,-0.9480591391057402,0.9913546406268949,0.9412178207259237,-0.8571651459783343,0.9736478701623906,0.9863325129892498,0.9837514324692617,0.9755457040242094,0.9799023236854759,0.9903859684365715,-0.29544896677943727,0.737779697379937,0.9205340657136988,-0.9340758512750517,-0.8949620539134072,-0.4946629368632222,-0.8735255574065971,-0.9212878789824027,0.735506671152174,0.5802364836853741,-0.980021791611296,0.9697715492624821,0.9918705138824262,0.952025351605446,-0.5996306619932338,0.9625762770585493,0.935271112572644,0.9852773380653158,-0.7695404637757498,0.856604657883921,-0.9817967439823807,-0.9607810716800765,-0.9848898305076145,0.9823744972198197,0.981338194008744,0.9026913826698909,-0.9651193624245707,0.9682237373509386,-0.9962241220314515,0.7304368925203081,-0.9948581220192364,-0.8606622302871232,-0.9604139617947142,-0.9798662794592514,-0.9755149544434181,-0.9010202419644974,-0.9895400355236997,0.24994814932081144,0.9884705254684917,0.9675343334608828,-0.912910027354188,0.9359975787528377,0.934072124418822,-0.9647247570625576,0.8298040999993433,0.8890165416875658,0.873358860243453,0.9716033416216299,0.9821397181262194,-0.9930748425841884,-0.5958606793123963,-0.9957318105000001,-0.941513879808147,0.9779497975454735,-0.9804044594248785,-0.6138359458560482,0.950403712116572,-0.940537035412993,-0.8331943010153381,0.9882336886331171,0.9915142909966508,-0.8300954380480121,-0.9257499267486379,-0.9931226800471912,-0.9831170448124908
0.16901235192351333,0.8864986200753946,0.9032067638620335,-0.9038472182425177,0.9504512178164618,0.8095990825426614,-0.5156510747001736,-0.27830800650693877,-0.7760301963229175,-0.8366549260527721,-0.9080496886997441,-0.9007662626996314,1.0000000006783225,0.9332332726800547,0.9093335044602274,0.6164068218388871,-0.3756940634498926,0.9838229217522668,-0.986494868201963,0.872763213032425,0.8881018532297643,0.8228034945615617,0.8970421406515943,0.8569535799046094,-0.9115668721193837,-0.8752961354936153,-0.9592450262532516,-0.9482867466873042,0.8607843945491336,-0.9633457715669078,-0.9332087352999096,-0.9419450113016299,-0.9791532015212551,-0.9762277253919631,0.7229521992609802,0.8822782684084669,-0.9489826258271095,-0.5898160494848764,0.9378034872229067,-0.6434058031916107,-0.6992023248727474,0.5762824215079014,0.9496216525939841,-0.9793274875283788,0.8439135631897405,0.7299350281625165,-0.9406247603687126,-0.9177870556016736,-0.8216620741822224,0.8535364217156391,0.9310220138399145,0.9830148976181665,-0.9403996510564931,-0.9855071916472706,0.7481185289593142,-0.9643850086586987,-0.9239089608136039,-0.9279786115359048,-0.9588503128695388,-0.9370543105861964,-0.8961389744347451,-0.13761448454386885,-0.6826518890674089,-0.8116218747462023,0.9854528102302168,0.9144426517067615,0.6167814374354578,0.8326726007068542,0.9839500580158695,-0.6038848040121839,-0.6917311264616411,0.9643539609099628,-0.9794392385380017,-0.9335336854221902,-0.9269481806099004,0.7191869515720077,-0.9529345951088135,-0.8058103166025512,-0.9481365695008338,0.9682768420531308,-0.9933493475914497,0.9447277063594974,0.9453632664672289,0.9601734530894143,-0.8650119168827831,-0.9329993372038395,-0.6577779362389109,0.9811908017322344,-0.9478720470672094,0.9186050261308197,-0.9461976382978068,0.8810555207404439,0.8947332975260907,0.8451731613021638,0.9690307888762738,0.9698912351138731,0.830357825826036,0.9149940209262849,0.05220830677852449,-0.944342300089097,-0.8696433409348967,0.7146972713701488,-0.7036517931761131,-0.9923586471945379,0.8804539007883257,-0.5463209918351855,-0.9772684193037542,-0.6926560718855973,-0.9122811629949107,-0.9283868051454911,0.9341102908049496,0.7767644226483404,0.915748280633814,0.9927056353444257,-0.86776320328369,0.9377514385691563,0.7803851671016938,-0.9785318001364386,0.9943445453908649,0.8832049236518557,-0.9360681526839432,-0.9324013358798695,0.6023432140032295,0.8204141608661752,0.9437723070131355,0.9326655085234723
0.21790275632664544,0.7822921399195502,0.9860060039825234,-0.9776328515214392,0.8736757450368166,0.9033187861773457,-0.3293957559068763,-0.5730843923168966,-0.7005341101346556,-0.8862410856299281,-0.9406489583831733,-0.9860998847879239,0.9332332726800547,1.000000000216829,0.8812904552864239,0.7482068297805478,-0.05174808703908786,0.88671360800505,-0.8924474189798703,0.7023580226069767,0.9859294350910157,0.9610688932602756,0.993590431178248,0.9728431904119831,-0.9200027437875382,-0.6721186351804465,-0.8313342223827506,-0.9981266875842665,0.924175764575186,-0.9906004439542614,-0.9995439443415219,-0.9654328406791518,-0.9645698845717229,-0.9828829302239187,0.7718198529697201,0.8268877910388703,-0.8244066029956533,-0.8394145840684472,0.9962340669312277,-0.32907037212763746,-0.7282667880079351,0.6887822347981557,0.8757383469307471,-0.985052037547351,0.9802808284074904,0.9072131015656177,-0.995359014640425,-0.8607061773743777,-0.7189360092340562,0.9810851058198946,0.9045464494196067,0.9646151225067109,-0.9944751673324754,-0.9675722379650772,0.8921754246414839,-0.9781645536280266,-0.9770034061138333,-0.9996343706655636,-0.9727279635632478,-0.9679549121866183,-0.9950943811756487,0.17950010137567904,-0.685208684803053,-0.9462974595932155,0.9720762965383623,0.9280276817920109,0.443593815531406,0.9338829758322463,0.9370700099888979,-0.7772454776066074,-0.672982357322946,0.9833812458867127,-0.9814024771914586,-0.9767637630519999,-0.9260533036040266,0.5667726564928252,-0.9473479143321581,-0.9526407159576793,-0.9961897384289168,0.8316718442286891,-0.8990537386861728,0.998672933737779,0.9933990038637378,0.9939109043921388,-0.9406253117759983,-0.998160708568951,-0.8825816907072839,0.98105492474586,-0.9630272625895469,0.9785401841176247,-0.8094246520143267,0.988694736014725,0.8326042288251985,0.9700591420445217,0.9883075347639365,0.9776854358669742,0.9428988052195655,0.9651155923171421,-0.23516840975759132,-0.9978074218857412,-0.9836642450084891,0.9152395099500114,-0.8965885038603001,-0.9571137205129915,0.9823303019981269,-0.8076618172581439,-0.9461376312540134,-0.8950406211842189,-0.9895818624989279,-0.9982055853427813,0.9832763038568941,0.5772728145105945,0.9969232911114493,0.9568159600849999,-0.9438071341391997,0.9683509897957819,0.7102702578287461,-0.9520585272580374,0.9598826931107012,0.9040043447622079,-0.9748898151627156,-0.9926316406426584,0.8375057277719871,0.9538451170342276,0.9909234673831806,0.9748851401503787
0.5416694353896565,0.713304761002524,0.7959839384971243,-0.9400087390380772,0.743394657106308,0.6134717843772726,-0.7330840337839232,-0.44640902700693286,-0.9453914070365562,-0.9745013076495791,-0.9701559031368789,-0.9061505585053078,0.9093335044602274,0.8812904552864239,1.0000000022570448,0.8483246872649677,-0.40272913637570673,0.8453514243486474,-0.835020226321077,0.9154736131824858,0.8884469575111517,0.7891807173321038,0.8700853947020377,0.7528748611477487,-0.8249878621494641,-0.8566447710742474,-0.7819984086305449,-0.8754538036935289,0.6825905115915599,-0.9071181237376799,-0.8787773968577256,-0.8190928399974008,-0.9614152967545712,-0.9347746364696141,0.8773689026644068,0.9937445415948498,-0.86097710289033,-0.5949689069212434,0.913665643005818,-0.47014357960947856,-0.37805962638229335,0.2926883650847373,0.7699335700557653,-0.9018770600493705,0.8148226260235046,0.7391560096970536,-0.9010952385953797,-0.7049230619772262,-0.9598031326691882,0.7874820562325537,0.9955654713072418,0.9532464974226349,-0.9249767600371597,-0.9336206085038307,0.5790716593938232,-0.9574229279117952,-0.9545082850254215,-0.8682169801194268,-0.9657967964746894,-0.9700293505684252,-0.856260744147523,0.14641124514719034,-0.9152919924365323,-0.6864871671258037,0.8753170653343004,0.9086457599003861,0.8099830265744391,0.6971478524542154,0.9641422894536887,-0.39583530653421045,-0.34987619953627547,0.9177285957759899,-0.9336149237480695,-0.9472060579804096,-0.9896340822683098,0.8816259395214038,-0.977566467898904,-0.7080486295958621,-0.9170908595198803,0.8035963208538305,-0.9010559233418652,0.8956992374428551,0.8578848970697838,0.915474542296835,-0.9338437873225446,-0.8606440586906923,-0.6999637828944202,0.9349163819890246,-0.9754135288974507,0.9260696593709178,-0.7533671653160894,0.861235871693025,0.9940687936180845,0.7605437243324833,0.9243518401631714,0.9528559118043615,0.674616900371831,0.9302399117133647,0.17068481733858187,-0.8924331730051983,-0.7889274286245269,0.7120879866235068,-0.7317440069232503,-0.9413098044735755,0.7856517218763809,-0.5465196338787077,-0.839207669349065,-0.616654363087151,-0.818645270475838,-0.8579628063082578,0.9458093189346086,0.8621254895332312,0.891918614191454,0.9423676047858854,-0.9545804210194346,0.9696008856967261,0.4540677265038152,-0.968739324712785,0.9337519059388305,0.6556654139859027,-0.9584554417652648,-0.8857698013849084,0.5286805004038558,0.7013669757836273,0.9318695288447431,0.9610789963748874
0.7887483379064324,0.3001758829915287,0.6657341265391136,-0.8658120482690218,0.37642726790639597,0.43685196999915404,-0.5622506072555403,-0.8075849949129963,-0.8374702799446921,-0.940647410011443,-0.8865128172812361,-0.8404368384870777,0.6164068218388871,0.7482068297805478,0.8483246872649677,0.9999999991573847,0.004470448426104274,0.48364602851152744,-0.48100429264705896,0.6204732472812441,0.8350599625758683,0.7844020548532147,0.795333719432293,0.6661114586943064,-0.5638894996447299,-0.4701868424893247,-0.3759032203233611,-0.7116370613648336,0.532783530224331,-0.7148964549741941,-0.7489543686541308,-0.5784217645079757,-0.7532826962727662,-0.7334905733623794,0.9333582704108765,0.836314260424478,-0.4796726871057648,-0.719068944320446,0.7787760563538082,0.043705851681829694,-0.11624668384584216,0.12152094664959327,0.4009646844752133,-0.6954145473634307,0.7778362261927246,0.8230540922693266,-0.7743931463671767,-0.4160325063895553,-0.779369201092407,0.722256637953733,0.8177310411252354,0.7307533409105169,-0.7963626295540557,-0.6952580492722066,0.5163232813860288,-0.7862663199171409,-0.8474670325588571,-0.7373208866225149,-0.8076798640026734,-0.8454139960051891,-0.7734534829699271,0.6371022367654315,-0.8736477541022656,-0.6179618885903282,0.6233757810553323,0.6978426636614901,0.6245632889208369,0.5368975064423739,0.717344166413954,-0.37522135860233113,-0.0624414883789834,0.7546612350008851,-0.7386811285590416,-0.8401871384292003,-0.8615913587339135,0.6660184898377691,-0.8238248091625394,-0.6645217202927838,-0.7691059683664018,0.4073313166061576,-0.5681983511459329,0.7440626537763037,0.6756175066896232,0.756422157871954,-0.91104587589672,-0.7219927459135168,-0.8105182448559485,0.730513108372405,-0.8236902262457206,0.841096191776053,-0.3333849816826905,0.8065512240207001,0.8201546345981078,0.7031555281857813,0.7519381970856572,0.779794145980817,0.5569445247383737,0.8484515385719866,-0.1214399760660142,-0.7533710855503075,-0.7063389905379754,0.7544431451835639,-0.8392221315195437,-0.6920590570236081,0.688422493735789,-0.7146073358102851,-0.5416744482168798,-0.6345193411306893,-0.693297515894257,-0.7254665178121016,0.8349607508124369,0.5732194984372952,0.7952552030339783,0.705617673295853,-0.9180479604379858,0.8448157237208145,0.09838579708015256,-0.7645364819048956,0.691472440869446,0.40110959883139347,-0.8437674529711681,-0.7686167960882871,0.6160486277118828,0.6259482397082626,0.8054558453571883,0.8410838722276983
