0.9999999982707346,0.5852870149206749,-0.1793540545574246,-0.9722620485253664,-0.8682695939367961,0.027434785971285812,0.01825187432106653,-0.8714352227572782,0.27371234220607227,-0.8441366338728972,-0.5753381293593914,-0.9995500381756106,-0.9515663007496206,-0.8731908611621354,-0.8027757770501698,-0.766953971681351,0.8496912550117502,-0.8208382107372565,-0.8123153823249282,0.9927884605187658,0.8688832575926548,0.8946925009043457,0.8556914786118663,0.9713216543570273,0.6976314878469294,-0.374078497762736,0.8918467820325989,0.8939385175813459,0.6695391839316736,-0.9535850394169223,0.9676561032019014,-0.0758921868839367,-0.9022132302900318,-0.8429126479059738,-0.9194847267787524,0.8342804237078225,0.032999760929204675,-0.7070269889611602,-0.9391357107075338,0.34128752548673674,0.9082416473975722,0.8925928447188015,0.8414546271932649,0.9505278088226676,-0.5816464970800325,0.3229969870941833,0.7465179552991867,0.7668110064448497,0.86883984287042,0.9540703969916382,0.9406209870936106,-0.39598228363539767,0.9436064105398698,-0.25356031667640494,0.6156271541269378,-0.8379201412736668,-0.9252860157261286,0.8545650222895615,-0.9701660478428235,-0.9070091249744422,-0.20774183597819604,-0.9900063381754175,-0.9262741708296875,0.9542325894726538,0.9898529462296808,0.9461682639319134,0.8403158978241023,0.47922372774074556,0.8553393258950623,0.8581720877481425,-0.9491185492226798,-0.03579742685933809,0.7280815761608662,-0.6928640421794733,-0.7656386376480825,-0.946188037102266,-0.9518597186324915,-0.5839965406603308,0.8239595152179334,0.8422587013626404,-0.5261898611885626,-0.8029507440533094,0.8486965705717527,-0.018489286821031552,-0.47257091186883293,0.9662770227252708,0.9158147560313336,0.6717747862414353,0.8126089940043497,0.9039360264755841,-0.33160913874351367,0.5241446330558439,0.7997658281381594,-0.9877024206782892,-0.20333822897821985,-0.7697237588251088,0.9449443487687412,-0.8509277317965283,0.21960395409577116,0.9206225848403937,0.9380204503142655,-0.8399432839105488,-0.5501916356129652,-0.7852856882602303,0.732200938545419,0.8037235114149528,-0.962124041163423,-0.9248440483969905,0.8803733876530613,0.7277776643309711,-0.8710556470004749,-0.9080430721636655,-0.9824431608964972,0.7356438797182279,-0.8285974354274447,0.8707833811278805,-0.654004344006365,0.4499731594005061,0.7514763348787198,0.9464433775609549,0.47438432119656043,-0.9823953829911891,-0.5699230121186846,-0.8654511143950939,0.6857036668667902,-0.7748324332614412
0.5852870149206749,0.9999999976408898,0.6757540324796502,-0.7410938881980959,-0.9089999884373341,0.8251654338101571,0.7857221839374725,-0.9014191135904038,-0.5883023878873567,-0.9041816127895221,-0.9791341418742231,-0.5979557327234891,-0.7781890460589522,-0.8884277603754637,0.00488913329393495,-0.9685673143075394,0.8967245698747668,-0.9421593411226221,-0.3869716202335944,0.48573988853626593,0.9074463213292375,0.8808518591159956,0.915053480850302,0.5335429360978567,0.9846191926817945,-0.9629384764518543,0.880751138384524,0.8650485290466361,0.44835217267304356,-0.6098146691418532,0.758135705132189,-0.5484795976286424,-0.8531823576507463,-0.829498837284111,-0.8517323377799482,0.9210387466909014,0.768568972946487,-0.9859676430849367,-0.7535774213313962,0.9395798590156211,0.8355142601832746,0.875730680436284,0.9285065735458085,0.7487438439145413,-0.9356520761983202,0.9485467711942632,0.7694989496981196,0.9259498958741698,0.8970944457597234,0.771158041527077,0.662229401764905,0.4766056948722131,0.7476863000846735,0.5517950804481059,-0.2634402388830614,-0.9163793385970241,-0.8393846555336317,0.9168232218518473,-0.6731175626432006,-0.24676089286700678,-0.9116184023047937,-0.4671240164238921,-0.6273309594473087,0.6527537533205977,0.5237415249177377,0.6240083350562665,0.9258339439719467,0.9638983917739682,0.8975341859733472,0.9174212216326154,-0.7747879971154733,-0.7664853695242946,0.9626200817574313,-0.9860673213270443,-0.9023998862678014,-0.7618132268544244,-0.7810801955144488,-0.9889499270018093,0.389816088233975,0.08632113222884977,-0.13641787592428078,-0.9524471808343061,0.7061373307975586,-0.8095390166879526,-0.9871284155189101,0.7698742336011192,0.8585692548206507,0.9912085616331506,0.919250861107274,0.8721317094968382,-0.911001870380617,0.9824962276911067,0.9422604756532162,-0.5843297088211188,-0.8906315597507098,-0.9531520670438439,0.4745904629690328,-0.9214652670330787,-0.5788081156073538,0.6332327692945986,0.8169233376622248,-0.9281019698215932,0.10708780242374509,-0.9447308071355176,-0.036668080203517674,0.9068507535911607,-0.782261740130475,-0.8264636206979445,0.895462857908527,0.9774736817092243,-0.8909414390941902,-0.8411386673307777,-0.6287934855386657,0.9780336222382282,-0.9119306684212176,0.9015172706022644,-0.9878430560091159,-0.40952135775733667,0.9734467048477695,0.8119437735488473,0.9849813901829741,-0.48346413011646866,-0.2705394978298381,-0.6734677916629127,0.9814628844939268,-0.9618156936557465
-0.1793540545574246,0.6757540324796502,1.0000000001282014,-0.04774900260528367,-0.32853943578286093,0.9578411971719507,0.8723300829486275,-0.2950146946877973,-0.8989632572443561,-0.3711624910860134,-0.6226342159242362,0.158912399869144,-0.1198277057877978,-0.26474192030561017,0.7286636589758212,-0.4837563347457387,0.2854852570003766,-0.39702232634314566,0.14061937716128234,-0.29068639546694003,0.32873498578157023,0.24885058772151616,0.3218206516623499,-0.17021579431313752,0.5531724598569454,-0.7981362609536994,0.2848368589579083,0.2749787714727938,0.06957249840113794,0.06223817734015329,0.07178415246158039,-0.7313418386659092,-0.2510600531501241,-0.3024020101603808,-0.2190383573361794,0.34820623617488744,0.8284306908336196,-0.5617287034863746,-0.12040853819347468,0.7813021842411711,0.22814004389904463,0.2821819876023799,0.37020261548389294,0.017812067779593887,-0.54106152282294,0.8709509761036951,0.3636990087483173,0.3782306618440627,0.2899472867968914,0.10381715175345915,0.023711822165937993,0.8610737755844989,0.10193885230479946,0.8059643084627579,-0.8723320767429658,-0.38322951232468244,-0.17467513056215797,0.3322324058868951,0.01971317265483954,0.4617725130473728,-0.8934303411013078,0.3086677368698679,0.1362664560455937,-0.010089876406478704,-0.22309270672921153,-0.02825671840938214,0.38180309820826397,0.7600729702428566,0.35143502116763475,0.3337768467532722,-0.12091901147314005,-0.810017329025801,0.5421580497838188,-0.5813829294532005,-0.4655315908522401,-0.11414823139150981,-0.07023731562690812,-0.6392239218891969,-0.15639023527401402,-0.6045156312070608,0.4641832760216601,-0.42792751182878197,0.18474374139588398,-0.9194810321020735,-0.7580144456106059,0.07985583558141762,0.22937988719389601,0.5824995325769894,0.41997152366421103,0.23278573199889233,-0.736108640116623,0.6860874629589543,0.40024306004757526,0.1425377702535491,-0.9019822713302253,-0.4887195904452,-0.20704617080840668,-0.34439634699319754,-0.8023384596154103,0.018101340236250766,0.17032406469110217,-0.36525602896904086,0.48364387976248424,-0.40400694769058426,-0.6141103738567311,0.32473611759701615,-0.08595006535293002,-0.20054383762469033,0.3057954596917054,0.506753097740275,-0.3250991278322842,-0.23923666699628218,0.08035683362297606,0.5259092384559338,-0.39625103863283284,0.2994753564899928,-0.5919160141576333,-0.8669241874594594,0.5059055438305218,0.1466645675790307,0.7430789143518073,0.26500441033171623,0.017746119324032625,-0.13423286576268473,0.5461831180262573,-0.45707180752130006
-0.9722620485253664,-0.7410938881980959,-0.04774900260528367,1.0000000017478032,0.9530413929138639,-0.23672433486209585,-0.19264100198100675,0.9413511922864063,-0.09550224795805863,0.9425813292879562,0.7074900952157719,0.9776278331461093,0.9966864582145273,0.93349612192761,0.6490513721791218,0.882472719757557,-0.9124113449253438,0.9154178032613807,0.8224052756530392,-0.9395555467761397,-0.9534805666394951,-0.9566665361760514,-0.9329333448121487,-0.9578293654724144,-0.8227450536094726,0.5460717414828525,-0.9698018319533184,-0.9733688145527796,-0.7377108865607159,0.9691075836137008,-0.9991138388288993,0.28216533358382423,0.9777787711754788,0.9405108390224992,0.9828928094549144,-0.9124463156543353,-0.1924475158212731,0.8416510715818485,0.988399661367813,-0.5036500541821224,-0.98058251685929,-0.9714122863779818,-0.9315079075284429,-0.9578364391893394,0.6868486562004236,-0.5254737853883749,-0.8632062033247868,-0.8461261412874339,-0.9353563638484158,-0.9970855030504446,-0.9739278717640675,0.22745870189160375,-0.9908195040405122,0.10554276154896776,-0.4318886602335022,0.9406768903259684,0.968857914519077,-0.9332483380929293,0.9898885098568386,0.8301803872636911,0.4020494893030588,0.9351889436287125,0.8950042460386941,-0.9795373267777121,-0.9599363974721085,-0.9689412437690903,-0.9386193019282199,-0.6522575285733149,-0.9486593248820893,-0.9395384083831059,0.9959391043387802,0.1914231252048931,-0.8626038886240897,0.8314392410506363,0.8925313480046392,0.9937497289076967,0.9710391539653311,0.722735490702966,-0.8315417347656453,-0.7311630596225245,0.39300803687018704,0.905020158771944,-0.9249787329793852,0.2107748619865691,0.640906969803047,-0.9979513537880231,-0.9801760385318677,-0.8039370354481798,-0.9256269378426244,-0.9634273719837092,0.477854069401893,-0.67075033631501,-0.8890236886962212,0.9772688671577892,0.40053696125544236,0.8945583420201658,-0.9289471694142136,0.9334682136804727,-0.07134289547937514,-0.9561836259291889,-0.9922010479567854,0.9327185464666184,0.4854027438202183,0.8751516555070888,-0.6260483000358085,-0.8711536579997698,0.9935275112402427,0.9879264744948079,-0.9624230162923372,-0.8443367955331946,0.9594714135715031,0.9799954839546094,0.9864245519635026,-0.8602228534458831,0.9352661622087131,-0.9482465186466481,0.7851227013110491,-0.28106930689295884,-0.8719949624441928,-0.9911131268951245,-0.6367026396223053,0.9447414498970768,0.6166403619402021,0.9223175875171057,-0.8058912408067457,0.8799064750980173
-0.8682695939367961,-0.9089999884373341,-0.32853943578286093,0.9530413929138639,1.0000000012327905,-0.5170404698974317,-0.4777468825044284,0.9920709111190307,0.20926618672637304,0.9900262501801665,0.8829708437044737,0.8768242096591209,0.9670194285077551,0.9823258783721803,0.403682379718839,0.9834173936296176,-0.9734381136960132,0.9930752438659572,0.6751596305775991,-0.8038304006132866,-0.9997524909758273,-0.9915463935042446,-0.9920998673790767,-0.8318051273697661,-0.9551832929731189,0.7738866403968144,-0.9970151143420236,-0.9909098211888226,-0.6440209685807521,0.8705190078548866,-0.9607641644850392,0.40523187021742074,0.9877153345399914,0.9495420604228435,0.9922109657972609,-0.9840582586655813,-0.47210520142189644,0.9646561416765232,0.9495222123337846,-0.7389568346271784,-0.9808904890505253,-0.995246266877244,-0.9967223561526408,-0.9345993065055251,0.854044140622883,-0.7491337258670092,-0.8728140719472829,-0.9459766600530173,-0.9873406707284242,-0.9633624997173916,-0.8977010053207416,-0.07665121146171294,-0.9473240478020964,-0.19026055021497518,-0.15098326796270498,0.9932994933505189,0.9817785649245148,-0.9936584295658005,0.9136413377215142,0.6231821841804462,0.6598915398243562,0.7917691583983525,0.842274109505486,-0.897004333016315,-0.8302900762083282,-0.8771044035281956,-0.9978028601726819,-0.8384004564653063,-0.9912044924111573,-0.996937007950249,0.9644533846227836,0.47008013697050366,-0.9662755365557297,0.9586128899322475,0.9549162112032739,0.9564513441733659,0.957550282090296,0.8959498556986402,-0.6815213279728415,-0.49043020862349423,0.31828465585127624,0.9908603172070277,-0.8836879153733294,0.49687502637527853,0.8425736530396936,-0.9657732581783995,-0.9941097777161569,-0.9459536945384155,-0.9843908481875328,-0.9915184834294146,0.7122529812076556,-0.8614508428199659,-0.9787990087151023,0.8675507448870179,0.6499126463515872,0.9811350245361813,-0.785100820763201,0.99541846272641,0.2232210504189201,-0.8723299481097021,-0.9821545098000378,0.9954363048807063,0.24295628952587844,0.9709418555039384,-0.3672820332868423,-0.9533568580335399,0.9689039265265665,0.9828752470687224,-0.998968860769421,-0.96457565190841,0.9945666160133881,0.9844091025512163,0.8928947643903827,-0.9737823726899382,0.9876977944059913,-0.9935972092320411,0.9339416288176082,0.01439834569403438,-0.9789948410763198,-0.9809287416186043,-0.8399209273374556,0.8021057192212434,0.4905307061514249,0.8713021544863168,-0.9443254779531713,0.9805560460433794
0.027434785971285812,0.8251654338101571,0.9578411971719507,-0.23672433486209585,-0.5170404698974317,0.9999999972174025,0.9633728480157547,-0.508208093292011,-0.9227955467690929,-0.5309472666715919,-0.8096924926819288,-0.04327110304877511,-0.29775021794211703,-0.4904606159177556,0.5658228315260276,-0.6621901076454216,0.51619961356555,-0.5928562466419413,0.09150011055688531,-0.08870699530309321,0.515878785560025,0.46368068980556176,0.5326752054074253,-0.017801807515113597,0.7330497234153015,-0.9308205336915502,0.4660842766871361,0.4440508363385123,0.06915375603097258,-0.08171325777322754,0.26285655937161156,-0.6127486386106267,-0.421079441989774,-0.4270686816712047,-0.4092898956298789,0.5612868143945869,0.9357371338934221,-0.723263962421951,-0.2769128414403834,0.926192153049167,0.39393442087595776,0.4587989159668626,0.562755490920786,0.2597347982517644,-0.7556649330520346,0.9436686116947012,0.4273709221090479,0.608542908751079,0.5069587819909039,0.28363717917671066,0.16074308145184343,0.865785595784294,0.2613615999266557,0.866372289710408,-0.7596087418851267,-0.5452869765594202,-0.3953091990307017,0.5392443313014231,-0.14917462434309672,0.3308744964234632,-0.9821779139144742,0.11234962011437434,-0.12238981717210633,0.13699718919978598,-0.044499384073616886,0.10813071597311327,0.557272050250299,0.8660488036528055,0.5155333239506381,0.5357480181591363,-0.2942774063233347,-0.9263867093699487,0.6836355370354691,-0.7359109645945667,-0.5810807229278049,-0.27935802107850366,-0.3033536618021757,-0.8162188749727698,-0.10022238036536628,-0.4837110342243282,0.2032582408850168,-0.6177503809652848,0.27664097639042745,-0.9889232310701602,-0.8928090458263213,0.27793328162756165,0.42163267075488575,0.7575042278793821,0.5668528156927185,0.4460766935616721,-0.8991483471589915,0.8528440057035303,0.610141810678126,-0.031479681351345816,-0.9680274050371124,-0.6390264656821175,-0.0765927291679706,-0.5470185680602899,-0.8731887148032554,0.13775974525147291,0.3548733110600297,-0.5562042735549548,0.5181039069754956,-0.6192705019824636,-0.5563828841071577,0.5606713487884504,-0.2940015783308831,-0.3750265865037559,0.4904415279781266,0.6976731527988261,-0.4939565708388825,-0.40623142875754054,-0.09042715489965114,0.6965444900873629,-0.5481688030576527,0.5012444981640936,-0.7688571819993777,-0.83399066594763,0.6794715715668465,0.3452860367393921,0.8889337027051715,0.0912336140425414,0.06680668256219387,-0.23720035398446832,0.7371468237971068,-0.6506754326686215
0.01825187432106653,0.7857221839374725,0.8723300829486275,-0.19264100198100675,-0.4777468825044284,0.9633728480157547,0.9999999990458195,-0.5028684123026804,-0.9564270861202735,-0.4643305821938056,-0.8252343848484351,-0.026986282479400905,-0.24120681815734446,-0.5013010337382081,0.5305471648813768,-0.6265952486858779,0.5365101060372973,-0.5712905683318853,0.24394356880432636,-0.09045362291413886,0.476140189754336,0.4545457170625896,0.5228617215659084,-0.08533159886583208,0.715094437241012,-0.9230930321031531,0.41595259187649397,0.378553673694585,-0.13683389889002195,0.007764315481172265,0.22259651425677637,-0.37990581941708634,-0.35358185172977524,-0.3112080943086307,-0.36582041624326156,0.564722557991952,0.9953931771143559,-0.6750606481017848,-0.19952476897042276,0.9445043972183396,0.32048604171199196,0.40261752587403793,0.5352782957647348,0.28430635130605925,-0.8131115526633066,0.8677027128541519,0.2688512097718274,0.6412985139057107,0.5097728410319472,0.22583412186654803,0.06545494455041048,0.908106335637869,0.18193221534483697,0.9482048636404121,-0.7266149096962686,-0.4763430975538433,-0.3955433044430154,0.5284019734917728,-0.08195470577449829,0.3865883641193253,-0.9583531104721278,0.1214199148992086,-0.18095401223438615,0.04977046772212556,-0.08381113494683226,0.013142052394274264,0.5057600075270091,0.8101029207516375,0.453271473857356,0.5159654803129009,-0.23184772711213633,-0.9920296834378608,0.6122027937770013,-0.6846433449582503,-0.47319166038043176,-0.20765688363767604,-0.3180922084000538,-0.8167544789018184,-0.25084098676301914,-0.521954147447513,0.005689941860557255,-0.5910770627312902,0.1371245068749685,-0.9921115580055196,-0.8652768782708902,0.2451725999584068,0.38215018506208,0.7364467297238217,0.4842941582992391,0.433536134162212,-0.9467616609799377,0.8568027323072369,0.6132463811028028,0.019638084698557913,-0.9277921057785082,-0.5668097620963461,-0.16468510494851793,-0.5304467849681894,-0.9552338344911195,0.02666650884670161,0.3054157720931107,-0.5196899841931727,0.6691014960988768,-0.6277465195926049,-0.6355072458257595,0.596136578129567,-0.27117708366646914,-0.3138952359336961,0.44362632977538213,0.6821915931833715,-0.4324461441955755,-0.33917699682921726,-0.03222621168084974,0.6576772083864248,-0.47086238876617215,0.47385252420181667,-0.7575697134245758,-0.8611928654739375,0.6410212928583292,0.31475646906741306,0.8751680610913913,0.13321135936397768,0.28003105968918646,-0.12444257369899726,0.7356214256306575,-0.6355589628650518
-0.8714352227572782,-0.9014191135904038,-0.2950146946877973,0.9413511922864063,0.9920709111190307,-0.508208093292011,-0.5028684123026804,1.0000000001395042,0.23055448578142337,0.9693345955273364,0.900934944961606,0.8767957582033163,0.949869873770136,0.9976706039152452,0.42136372285835794,0.9776745717746738,-0.9932260921730606,0.9937282526517194,0.6090226884696219,-0.8095139199426561,-0.9916320900799768,-0.9974544336149488,-0.9979586925754065,-0.8071277976012768,-0.9578033232690657,0.7805299330193373,-0.9837889895408725,-0.9703227721494344,-0.5528625033677347,0.8361305504630734,-0.951073736857075,0.30176640864892396,0.9660184163978861,0.9047636542757576,0.9818033085946765,-0.9963039190739835,-0.5079389769945323,0.9530443246756037,0.9223988610479802,-0.7575128344022599,-0.9562171393673236,-0.9791306943292357,-0.9945426215728471,-0.954966212550963,0.8912650248105864,-0.7235509040764921,-0.8075652496568944,-0.9716947501723525,-0.9990933171679358,-0.9454566992756116,-0.8612467661553709,-0.1005725016461091,-0.9190531204164339,-0.23379949785257048,-0.16459115219574763,0.9714930749390288,0.9918115820859105,-0.9991522032335908,0.890326567135419,0.6009596305966021,0.658211343014889,0.7937712516075707,0.8771467018601088,-0.8641707519900531,-0.8186745373068065,-0.8403750853625189,-0.9842891052721626,-0.8229056818374507,-0.9725144511474664,-0.9982201311167579,0.944490342448598,0.5085597106828602,-0.9437243024577049,0.9456221751266946,0.9147448841777779,0.9319990535089894,0.9737775008998619,0.9070302243210746,-0.6161693291188068,-0.47466944337066214,0.4125917530768084,0.9891949389602988,-0.8268073903169574,0.5065181872644569,0.8403864018694478,-0.9596889973126471,-0.9856633279293663,-0.9471029096067443,-0.9562261038840062,-0.995753097123204,0.7442328338711834,-0.874050697505988,-0.9910081597125538,0.8510132199190814,0.6405938414322795,0.9580813610149522,-0.7500716602722611,0.9982636907081022,0.26710243003912615,-0.8281441043586367,-0.9686742057659476,0.9888337341599551,0.17218075292122678,0.985550061641218,-0.3311015084973136,-0.9802479940705389,0.9675176218480016,0.9639955931382838,-0.9873699783094683,-0.9681738989343395,0.9761179209488341,0.9629213290685095,0.873494819526758,-0.9665796893729063,0.9619793359874625,-0.9910205001832558,0.9396778533807305,0.030877324571619114,-0.9719558404404475,-0.9763178872302095,-0.8441446306700985,0.7887714736947902,0.39445649198384564,0.826965521103886,-0.9545585118494648,0.9843848760216293
0.27371234220607227,-0.5883023878873567,-0.8989632572443561,-0.09550224795805863,0.20926618672637304,-0.9227955467690929,-0.9564270861202735,0.23055448578142337,1.0000000007424965,0.20629278771208032,0.6257925285123351,-0.2646419211299678,-0.04149955694644116,0.2271447927932615,-0.7485986682377301,0.38221480977936,-0.2669687518218411,0.3122958489299344,-0.46135242581794994,0.3764551626080981,-0.20786724349331823,-0.1767841652452633,-0.2539388753518926,0.36085506098412495,-0.4870197413929097,0.7809363455081768,-0.14379011048083246,-0.10806654178393245,0.3158668238301644,-0.28097755655052153,0.06513723505707442,0.35908495269689694,0.08111952341378822,0.059926204439266786,0.08647930868776808,-0.30104073530686737,-0.9468211512547741,0.44686822218404104,-0.07615895167767374,-0.8094456253168579,-0.04766664334926244,-0.13106161017017895,-0.2723226652580658,0.006625752913788018,0.6099942968037025,-0.7466346818171106,-0.05244256092648372,-0.3907870737537089,-0.23788982614797313,0.05785213355486466,0.20490310213314253,-0.9874688235850407,0.09552861942763437,-0.9830818235846384,0.883768749246157,0.21861198111627542,0.11130245708762139,-0.2605758703305841,-0.20094348940528622,-0.6340726357481532,0.8645027733238173,-0.40553627579647855,-0.10281375824999184,0.22525516637389098,0.3674354173890038,0.2573192079924909,-0.2453699616398697,-0.6469490676283354,-0.19217285960696917,-0.24781682375886355,-0.049579566744543474,0.9410994793502829,-0.3829466002845841,0.4611363601184475,0.24042701845796152,-0.07152933505034918,0.02743976622539667,0.6163772672875979,0.4725633964473897,0.7468513788630592,-0.17605859948571384,0.33691629337998136,0.10611800772420284,0.9504658318868103,0.6981874268674979,0.04367039598008855,-0.10330108616903677,-0.5149684222516788,-0.23483221640643273,-0.15401437904228538,0.8125260156551365,-0.6728979585754108,-0.3575490525802243,-0.30415451018781725,0.8397922962036245,0.3261449885153394,0.429046785758031,0.2639358079904473,0.9791943934149695,0.23545357989120486,-0.023714923160188035,0.25669952938523144,-0.7941252575998806,0.37433545706477794,0.8202210861668695,-0.33663768138001327,-0.018712536577491813,0.036449037839038356,-0.17309339391223538,-0.44494718023040997,0.16684517800219065,0.06651708228145907,-0.25201360448068755,-0.4217733209492754,0.21717902919844592,-0.20265880106623316,0.5405180585402058,0.9625748710494116,-0.4009755295207229,-0.02936800568135159,-0.7061157114045151,-0.4131709182853128,-0.42058545856974894,-0.12221530410150698,-0.5089131469491511,0.38751318968970644
-0.8441366338728972,-0.9041816127895221,-0.3711624910860134,0.9425813292879562,0.9900262501801665,-0.5309472666715919,-0.4643305821938056,0.9693345955273364,0.20629278771208032,0.9999999989494776,0.8561171524258654,0.8560734485088981,0.9647106129427777,0.9504830112368513,0.36218626776611446,0.9758102856726074,-0.9358460227335094,0.9783022065561119,0.7225670607523436,-0.7796415311137246,-0.9920322080687642,-0.9651802237086126,-0.9662908501750187,-0.8364071121907906,-0.9451075351078554,0.7662780755382076,-0.9926908764616617,-0.9924512785839952,-0.6974580777418623,0.8743938110489008,-0.9516130984556764,0.49954397758672053,0.9857234032942164,0.9636942869006183,0.9809150983590051,-0.9628612468915498,-0.4531221464652401,0.9613890349755588,0.9599195409855872,-0.7213967244677392,-0.9799358227611394,-0.9930569400820671,-0.9864014438224287,-0.8867897408434465,0.8127348726241189,-0.7694913027968558,-0.924309012666215,-0.9016213900268569,-0.9644430292462189,-0.9553299905440664,-0.9137077595107846,-0.0659187488220477,-0.9498005351523869,-0.1668322402450091,-0.10886770129402058,0.9958884947159552,0.9570980742224042,-0.9745858094396903,0.9067508803963719,0.6186122537312363,0.6635011932916727,0.7670553450283775,0.7709387778122938,-0.9041407521076499,-0.8170578168916556,-0.8903388884181214,-0.9947371479698802,-0.8651000361999441,-0.9996941385946869,-0.9793848740175597,0.9635682534816473,0.4396595059906554,-0.9811062916143126,0.9618817575768497,0.9842220654723259,0.9588574467500849,0.9225097463822344,0.877248520462846,-0.7205641827018525,-0.4798657250843839,0.1926443092757954,0.9786878242006123,-0.9206634509673811,0.4941228051543502,0.843489284235388,-0.9521008607393001,-0.9831455227822294,-0.9352448005145936,-0.9953216475316808,-0.9660042129023065,0.6826735424767111,-0.8476897417230521,-0.9562291595725066,0.8595341981537581,0.6771228869451572,0.9885330078453598,-0.7937890978329197,0.9785158797684732,0.1936291167353635,-0.895250371556292,-0.9761381987487783,0.9775819787656025,0.3010974376930868,0.9391185789728583,-0.38576877498189516,-0.9091326393734181,0.9465400519597685,0.9817775877954797,-0.9900894700856979,-0.9428805177277101,0.9979900422930821,0.989112884439231,0.8890716952231338,-0.9701474604915615,0.9980929844605388,-0.9692284301589249,0.9241174757111807,0.036376604388002214,-0.9740747251663335,-0.9691722724163174,-0.8338047926668253,0.7868933422114905,0.5758475853259983,0.915871498129649,-0.9256341994342134,0.9662347586679224
-0.5753381293593914,-0.9791341418742231,-0.6226342159242362,0.7074900952157719,0.8829708437044737,-0.8096924926819288,-0.8252343848484351,0.900934944961606,0.6257925285123351,0.8561171524258654,0.9999999977478288,0.5827080971814222,0.7354699671177467,0.9004904777585035,0.013141672178062832,0.9473128309890317,-0.9168611980323906,0.9305436403797769,0.265553519990215,-0.47953252821647857,-0.8806849125381014,-0.8776585973923763,-0.9124780003076702,-0.47791032779876763,-0.9774180644359178,0.9674949936623488,-0.8454081855711174,-0.8177748885409684,-0.2921656954552186,0.5405876567402912,-0.7272936227063749,0.37815708849529917,0.804811913462411,0.7454820666948168,0.8212944682024328,-0.9272921452785776,-0.8244766477643866,0.9565088344359916,0.6940579170987896,-0.9640765372043081,-0.7824699320984368,-0.8357397884679714,-0.9114708508304945,-0.7696157937416482,0.9872503155590284,-0.901657310677176,-0.6501833962463416,-0.9577168947998735,-0.9022605862164064,-0.7284053609185499,-0.5879099476727715,-0.5217823885995027,-0.6879563052857259,-0.6252924393105892,0.24773211565642014,0.868272633821113,0.8412323353210897,-0.912417268367155,0.6218618915018322,0.19754463904329983,0.9050925469400558,0.45569560047217605,0.6743373677928061,-0.5851740523845755,-0.4902667980753787,-0.5496916213371889,-0.8908802746701421,-0.9273863691167332,-0.8524503304289122,-0.9065109300113444,0.7277357611062645,0.8284360303172398,-0.9132345296685854,0.9535966121397913,0.8237084034275151,0.7076213540132438,0.793413981801701,0.9980193305258762,-0.2709556045835687,-0.048846936155866584,0.28819546099538107,0.9373050432135696,-0.5997930737726316,0.8244198524679743,0.9752174028510813,-0.7452107484679348,-0.8310019756714461,-0.9825052391234376,-0.8607451978302272,-0.8661430964810451,0.9575851757668264,-0.9939880225966315,-0.9494298012802878,0.5427512420845548,0.868413573656031,0.9036623342979688,-0.40354644358257064,0.9128500006459188,0.6533647397300736,-0.5466629110223781,-0.7805774551120642,0.9061301850040826,-0.2325887123310982,0.9575002264752925,0.10752059044310613,-0.9395558499287059,0.7662415403833401,0.7815534688006958,-0.8636237012468425,-0.9733766816993668,0.846887555136146,0.7916337168272994,0.5823612248597837,-0.9544991850304808,0.8567724398962208,-0.8860587547560829,0.985998182884646,0.43844684585054006,-0.9500861537417925,-0.7894773207587163,-0.9837540758661522,0.44798869697116006,0.10275874350466845,0.5835523581719563,-0.9872786070439704,0.9556642180878636
-0.9995500381756106,-0.5979557327234891,0.158912399869144,0.9776278331461093,0.8768242096591209,-0.04327110304877511,-0.026986282479400905,0.8767957582033163,-0.2646419211299678,0.8560734485088981,0.5827080971814222,0.999999999723383,0.9590805190006149,0.8766299383196624,0.7907379460729326,0.7772226122154691,-0.8524131738052698,0.8288479435935092,0.8246595298240804,-0.9904204102458609,-0.8776231798827157,-0.899467997045204,-0.8613943840650569,-0.9761160249770099,-0.7074658301142831,0.38577903709086286,-0.9008815739780635,-0.9041023566726615,-0.6876128319105526,0.9609239817155899,-0.9732077503464706,0.10525439218602846,0.9119495811956928,0.8569353634928718,0.9268779042495423,-0.8398570156810773,-0.039538714956788255,0.7191449098701272,0.9486491345774409,-0.3505358936634921,-0.918091367885468,-0.9020761969637118,-0.8498054580972068,-0.9490524187526539,0.584635718113,-0.34121100527758136,-0.7659981293911071,-0.7693564880550336,-0.8736638007149055,-0.9610520505244973,-0.9502261820322089,0.3888137124358685,-0.9524515068069955,0.249742827860084,-0.6011756520757098,0.8496154789732322,0.928767758806771,-0.8609265803891253,0.9761497734215965,0.906430200176865,0.22186064961990046,0.9877576309602174,0.9191647898933525,-0.9623703908139898,-0.9912080551881526,-0.9548894523888729,-0.8506463091885862,-0.4957802313099888,-0.8667051238658443,-0.8651640006857216,0.957063084023223,0.04097711033691308,-0.7425391739266051,0.7058216980199142,0.782205449473196,0.9547726707447315,0.95251419243566,0.5930071284001786,-0.8354495770888705,-0.838196847891907,0.5020360046281935,0.8117787307026664,-0.8640549081958915,0.03043622624631503,0.48572580457514747,-0.9712050718628308,-0.9231373884133723,-0.6820469570229059,-0.8260443104185944,-0.908772977631015,0.33777601493189907,-0.5337471989968539,-0.8058519348038274,0.9911371733313085,0.2200974462030869,0.7831268928142369,-0.9505832461371642,0.8579065115229793,-0.21616791511463623,-0.9314416618054018,-0.9455179597973111,0.8482002235746006,0.5578125318053406,0.7904396711419984,-0.7319367348155291,-0.8055302710698683,0.9659701959302393,0.9336881280394457,-0.8891533675009792,-0.7361456624156252,0.8817268498619746,0.9180792893589171,0.9873716231488565,-0.7468327785733556,0.8414394155206303,-0.8773048749417791,0.6638690924291842,-0.43979459026179074,-0.7623357809526985,-0.9522098858231367,-0.4860992349588459,0.9831785823461906,0.5891305954017338,0.8792380407022516,-0.6939046057931746,0.7831750917526273
-0.9515663007496206,-0.7781890460589522,-0.1198277057877978,0.9966864582145273,0.9670194285077551,-0.29775021794211703,-0.24120681815734446,0.949869873770136,-0.04149955694644116,0.9647106129427777,0.7354699671177467,0.9590805190006149,1.0000000000011382,0.9376949581653495,0.5913676610751022,0.9067475998696642,-0.9163399262703026,0.9323742217620977,0.824161418033152,-0.9122409513470391,-0.968108051181886,-0.9612955611631557,-0.9422049942378039,-0.9456210108706206,-0.8507831576334997,0.5905196849679563,-0.9826395167443538,-0.9871935219493072,-0.7539022958489946,0.9630883844362196,-0.9976451880168395,0.3512708767660372,0.989128905651118,0.9594398436373061,0.9897592012892956,-0.9247503446363913,-0.23688443160757863,0.8719414885128652,0.9952861085898721,-0.5445024847248306,-0.9908037950212977,-0.9846625752997469,-0.9480301774014358,-0.9425458043546597,0.706044656622114,-0.5820155789089557,-0.8964901287987301,-0.8540041466331526,-0.9435793635533207,-0.997796126085531,-0.9765160750880592,0.1775141748411753,-0.994319850628036,0.06272284535480885,-0.3659806439555842,0.9614324943087524,0.9694850983150514,-0.9450589561536932,0.9834255221004622,0.798163804508226,0.45581170029239826,0.9066154627155316,0.8640540484555631,-0.9775800521198417,-0.9395865446719603,-0.9676131513451183,-0.9577702042490073,-0.7036041058642392,-0.969175698994188,-0.9518132250121878,0.9996976890388277,0.23152621820943978,-0.8966806065062249,0.8647931628210387,0.9258220940486561,0.9979967134201336,0.9624639097833622,0.7539192238132773,-0.8299469692693094,-0.6891869515985231,0.32895591089088294,0.9245931396956464,-0.9432098487960306,0.26501161954719854,0.684969278542275,-0.9957251018174894,-0.9877896275384394,-0.8336119370942432,-0.9509578791000994,-0.9672898303888989,0.5127723197646138,-0.7063475462547383,-0.9041557082285356,0.9631678105863979,0.4614516595795794,0.9231883054921939,-0.9156613222674896,0.9466038735564122,-0.030596756541708122,-0.9603761235836917,-0.997563678002252,0.9467535919715151,0.4704778550553384,0.8879486443921103,-0.5918728843383799,-0.8757689881912536,0.9892600871145608,0.9964734189719495,-0.9752722896184333,-0.8662096224223425,0.9769249535704253,0.9925287495852171,0.9772169569538369,-0.8882293639442302,0.95900523647074,-0.9564456079251265,0.8157221931386287,-0.22138265850457317,-0.8983920507106582,-0.9935055530081202,-0.6779404381828437,0.9213258466427476,0.636941049988931,0.9397856359560717,-0.8311864037573513,0.9007630732700563
-0.8731908611621354,-0.8884277603754637,-0.26474192030561017,0.93349612192761,0.9823258783721803,-0.4904606159177556,-0.5013010337382081,0.9976706039152452,0.2271447927932615,0.9504830112368513,0.9004904777585035,0.8766299383196624,0.9376949581653495,0.9999999992506005,0.43967021167649045,0.966607990092471,-0.9981945804351454,0.9867150344995802,0.5760583448280253,-0.8131336388817467,-0.9811122081044455,-0.996277840098708,-0.9960685102606605,-0.7946021490333649,-0.9488531512835778,0.771449730597453,-0.9715517487371419,-0.9549328474395656,-0.5121228504660825,0.8209387448012064,-0.9429143332032173,0.2428607641552304,0.9517844296087714,0.8809766178295348,0.9728842002853607,-0.993958786509012,-0.5105303920424743,0.9390957214057919,0.9043754501184237,-0.754331624986397,-0.9413210841695123,-0.9656965462548724,-0.985702548695677,-0.9656511517122367,0.899950581649214,-0.6990783111393595,-0.7680255015578785,-0.9795716554962648,-0.9975983572601663,-0.9351705603680738,-0.8408301929786774,-0.10168922376820229,-0.9035724342466813,-0.24202982263598627,-0.18570514740208002,0.9547469582722886,0.9914537774832647,-0.9948935843880894,0.8800056731785798,0.5958894221446773,0.6442960451524539,0.7971261615727798,0.9001683237275855,-0.8475790386965757,-0.8147950801628039,-0.8213769468684079,-0.9708920679924715,-0.7981615065774772,-0.9546462481430413,-0.9926475869367483,0.9313470357401821,0.5155438449234211,-0.9219443697406937,0.9291896792689778,0.8856208860326937,0.917071933628407,0.9789239134657178,0.9024059551956041,-0.5861501565587083,-0.4749922196155806,0.4715319440959648,0.9807033516510957,-0.7947406046426446,0.4980944557024388,0.8265332280033156,-0.953573860103314,-0.9769046564351723,-0.9379684352199331,-0.9353940308912818,-0.9941032393662025,0.7480321528846317,-0.8680694337130334,-0.9887877509032783,0.8436018963988691,0.6175535353589646,0.9388920948101369,-0.7349948585489722,0.9927034524492834,0.27714180972249136,-0.8043104666829773,-0.9578939352071965,0.9817035844831837,0.14125964148194367,0.9868563791431003,-0.31933581694571406,-0.9886075742521591,0.9650487023523249,0.9503873213091979,-0.9767617439431915,-0.9634626135908972,0.9601138679202667,0.9466400624536042,0.8635058548034746,-0.9537306900661666,0.9419097367348057,-0.98725248260445,0.9311392997425751,0.02041409923752599,-0.959652517509631,-0.9692310074698949,-0.8339091813565345,0.7857840635479131,0.3443762899963049,0.7951790058644449,-0.9499866906754764,0.9774971220863606
-0.8027757770501698,0.00488913329393495,0.7286636589758212,0.6490513721791218,0.403682379718839,0.5658228315260276,0.5305471648813768,0.42136372285835794,-0.7485986682377301,0.36218626776611446,0.013141672178062832,0.7907379460729326,0.5913676610751022,0.43967021167649045,1.0000000001433924,0.23721994069057684,-0.41007370003254506,0.3258797511772712,0.6671501308416522,-0.8644938053119798,-0.4034237116346534,-0.4677638471741735,-0.3962011873688182,-0.7843530414335551,-0.1432251363358603,-0.2319844226380866,-0.44786495393006814,-0.4576605817610272,-0.4525088132800459,0.7117305029638976,-0.6297021559851956,-0.3655538184325952,0.4796274480031189,0.4154348942343473,0.5075942037646072,-0.3604602394220529,0.497841012692516,0.15030309045156506,0.5842172591747499,0.24788530985350063,-0.49911978685416736,-0.45096545992282744,-0.3567013574209816,-0.6457334227138058,0.06097827236236771,0.3020914757285315,-0.3119448346444613,-0.29510549639589284,-0.4206131581739719,-0.6049834611071259,-0.6478372486107207,0.8086958933010673,-0.6015534378426445,0.6841379524941983,-0.961530433931616,0.35333038106560516,0.5313687515028606,-0.3872749885468693,0.6942076539430704,0.9196818585442227,-0.40335042985838365,0.875758252881439,0.7221687009113072,-0.6784799396128562,-0.8274737912119432,-0.6843875999200897,-0.35294192732090074,0.13431225016923762,-0.3812820594294322,-0.3906872125705729,0.5901498416368229,-0.4827455236166752,-0.17744116355364992,0.1273803311759968,0.2555608645875898,0.593779167945942,0.6131205652772748,0.010349424048565216,-0.6868346852941303,-0.9606001483414405,0.6306596449348004,0.29519898687906526,-0.49127091502925463,-0.5538084005238734,-0.13736259436432516,-0.6231643551860164,-0.4975685253944482,-0.1085148590857369,-0.31451110442986074,-0.4846128313521634,-0.23077950051213944,0.061756880141576584,-0.305341043650908,0.7779341375398328,-0.41435800486187735,0.24121664877175428,-0.7932311040363972,0.37815970016223677,-0.6569366484061725,-0.6397387614846096,-0.5502555217521612,0.36335113257506024,0.6959266986958019,0.29448926935604236,-0.8934642609913002,-0.3525041950980485,0.6165559515568767,0.5242501308144649,-0.42761004914520623,-0.19522248725401045,0.4095512239081401,0.48877146361602536,0.7366520396096349,-0.18955362275347606,0.3388139573834439,-0.4244703581624921,0.08774387968113588,-0.8549551833076745,-0.21295876673581057,-0.5673087644538126,0.1284490835226706,0.8494957441148829,0.43066803563161915,0.5245014906570681,-0.13763493508357486,0.2556476962436944
-0.766953971681351,-0.9685673143075394,-0.4837563347457387,0.882472719757557,0.9834173936296176,-0.6621901076454216,-0.6265952486858779,0.9776745717746738,0.38221480977936,0.9758102856726074,0.9473128309890317,0.7772226122154691,0.9067475998696642,0.966607990092471,0.23721994069057684,0.9999999998376246,-0.9649015243798451,0.9950393704745445,0.5602560519158831,-0.6866828719002046,-0.9830716154919333,-0.9671095505382026,-0.9820812287373234,-0.7205386307420264,-0.9919933215529451,0.8754883838078631,-0.9691943502329182,-0.9577892536428213,-0.5607176608778862,0.7728732996302003,-0.8953272619932515,0.4648925339807036,0.949634370019913,0.9127369922531434,0.9532790380832353,-0.9829640912507316,-0.6181475424686655,0.9951654061331767,0.885432679144749,-0.8461362018470278,-0.9372804061781506,-0.9655419337695536,-0.9915431921090699,-0.8764689933138058,0.9144023157584369,-0.8503638622319984,-0.8430068190432761,-0.9611490422852371,-0.9742128919166164,-0.8999726733946912,-0.8136567987831673,-0.25395827245460045,-0.8793782032413294,-0.3578289177804056,0.02627830653468247,0.9808696406170808,0.9453710203537087,-0.985224404905695,0.826870509613545,0.4717571141455431,0.7849040004796173,0.6701748153565082,0.7685899627701237,-0.8083362755806403,-0.7156088928527495,-0.7842810542447952,-0.9890132632373755,-0.9154621946660865,-0.9740112844656496,-0.9864187536003834,0.9031616868176502,0.6142447529570412,-0.9868425480100156,0.9926391312722215,0.9519925876005787,0.8921189488529704,0.9056416838895541,0.958931410847035,-0.5636013905655396,-0.32439386413909355,0.25142553826203784,0.9979164757833021,-0.8220191917234297,0.6456138389088281,0.9262106179403945,-0.9034635249617313,-0.9580508653205668,-0.9885990611551477,-0.9765730608884837,-0.9630362546626691,0.8195379868218116,-0.937065905590532,-0.9884758621253884,0.7633763110245189,0.7729720485387497,0.9898704166050319,-0.6649096699026449,0.9878886767808583,0.38782739696117696,-0.7851240740199563,-0.9326583319062737,0.9873777316534433,0.09108717638905806,0.9834227892967652,-0.19803354164022116,-0.9579012586101731,0.9101302894062205,0.9365109070903811,-0.9760919286886663,-0.9922252689726575,0.9721330760873527,0.9441611319074715,0.7975592364856018,-0.9986622688880771,0.9761384747957033,-0.9747872961974743,0.9816548957360066,0.19315595262794688,-0.9996078717410619,-0.9313916646158831,-0.9241743893437084,0.680498114050202,0.3985762347617534,0.8065980852987666,-0.9846130190949149,0.9969996333043244
