1.0000000022801196,-0.6727536213000239,0.07772938857509518,-0.6932137954106784,-0.6884777065013667,0.48405392218176363,-0.7060862182147754,-0.7832272626680666,-0.780124313429012,-0.3917885492805982,-0.4720941467603479,0.6238144362994245,0.5003008801600628,-0.3631456345444767,0.5860316636664747,0.21043623312328896,0.45225291170864024,-0.33661633512801076,0.5781379782296016,-0.4533721706552707,0.1995367845789519,0.6116516386163554,0.5222483521008467,0.1275209223154271,0.48663622101656256,0.7222274972384592,-0.29087238588425623,-0.6744808637453332,-0.6174833800861409,-0.2974566318258478,-0.1992666001131894,-0.8237710003217199,-0.7307558251850093,0.42039940328670083,-0.7461899015252372,0.6980196997878766,0.6347500815449868,0.8475687219222509,0.7914796762273899,0.6848555394985993,0.6691316536746014,0.3077063600476522,-0.5818262784794904,0.4942480940786221,0.2748207054470858,-0.25361354135679104,-0.16603809783244405,-0.40100187288756456,-0.6609174682300853,-0.278730701488274,0.5471264648905688,-0.4684452224384611,0.1175598781737344,0.6751330041000425,0.3447130477709268,0.5155882645764609,0.4194068307215831,0.775765775602369,0.33402505229980267,-0.36254007909411223,-0.545425070443381,-0.26952248794342243,0.5058509042367915,-0.346706541000073,0.5734958898270989,0.5803087505275943,-0.360599692871899,-0.40048323770036065,-0.03853548780578109,0.444685077562172,0.4329116691406098,-0.5747635887931596,0.676317828194068,-0.2851580347972942,-0.4715604859769409,-0.3075765553128794,0.35440380744761246,0.7306095957371294,0.766672409277556,-0.6968373737694591,-0.7842540956288955,-0.52805071025778,-0.4378499825127349,-0.5839553927751692,-0.7357404500091573,0.5622184654448962,-0.3216597926121871,-0.43307302830970923,-0.6451409710557945,0.680121560357728,0.6490880250722503,-0.7453371806764011,-0.6248493327324689,-0.48065919540411,-0.3089275688778281,-0.5695348194111304,0.34190377867900285,0.2635556077820236,-0.45839065066578694,-0.5307531991603313,-0.47909428152948236,0.6391440173580556,0.41265582219189345,0.6912734298337845,0.5358835564365911,0.6076490460119028,0.4452125818617669,-0.5596678701531298,0.42758585028741225,0.6556417097760195,-0.028745920808957427,-0.5386609666141303,-0.34149911942062716,-0.5119166204199661,-0.7824759380373744,-0.4778279714847369,0.45458086514534035,-0.736566350514485,0.6615869744111881,0.08921824271052653,0.512394277323358,0.08602568658244801,0.6701040546173508,0.16728068750780614,0.5544164160689359,0.44596558823905413
-0.6727536213000239,1.0000000021839337,-0.5351695096236281,0.8677902129834153,0.7623043617771826,-0.953617403653517,0.4195494144280123,0.2396508509382786,0.7305874248031088,0.23496042409538762,0.8451007581216622,-0.799730687670183,-0.7115907018929739,0.7925597350418554,-0.8986141301651576,-0.4474473893464269,-0.6495077204557399,0.7111246537255493,-0.7270340778858191,0.8696670346462574,0.3512118207291679,-0.6172340019299033,-0.0013632631066227362,-0.803211349296866,-0.8542871111037523,-0.7555422102063543,0.5933235001873065,0.7133739211379665,0.504349970094885,0.8362975722614502,0.43441811666764707,0.6633349605777183,0.8211781814370159,-0.8986639080703145,0.7794797887294906,-0.8027745184268018,-0.8327056103994519,-0.5554575418744085,-0.7271189791649115,-0.9524859097800243,-0.9325029741415227,0.38025497514129747,0.9009686077035356,-0.8308261068481096,-0.6891492641014094,0.37897706174700513,0.6495576302453645,0.7075698336569299,0.7941558661510741,0.5616242818011248,-0.1649014177238621,0.8254848262755301,0.5548918711911563,-0.941071795005198,-0.843886574580792,-0.8311917951356205,-0.776181996711166,-0.9565173694982007,-0.7031922207366997,0.7969771960976475,0.8942173556101477,0.5842001422097517,-0.9096667158371181,-0.03863507515068317,-0.7669560640552621,-0.8304443406897536,0.5792900443380868,0.8415331971923821,-0.4555758508323274,-0.7855280257281052,-0.752117561113717,0.868940812611437,-0.932474616011544,0.568813032737341,0.7636363191662893,0.6855066666419556,-0.8795786072853856,-0.6093814723788803,-0.7944546872823427,0.8752667589845526,0.8078540100305359,0.24400987552437262,0.8513282522330772,0.88316407033993,0.7106760692844195,-0.7433736074459686,0.913995601934931,0.9213444852867146,0.5978645227892947,-0.722652589074239,-0.9040246873834625,0.76970012247828,0.8920260468786816,0.7823060358516138,-0.33383040331702585,0.9364407469314715,-0.8280084160249408,-0.815761931437934,0.8625870188468551,0.877435865645479,0.9143430667216584,-0.7892813054525143,-0.8991578265097927,-0.9699810244631101,-0.918905624290571,-0.5539459111825966,-0.3542924305663579,0.87009145179333,-0.78762247502826,-0.8016604680522674,0.05706748454700849,0.8083658477506663,0.8086626670797414,0.7820485842323288,0.8458883029152166,0.7993559883756267,-0.7104748486180303,0.21322579136319544,-0.8481315349814638,-0.656320109421694,-0.6942422127600588,-0.6897356199609345,-0.9262718602214013,0.5776238716976052,-0.8163911729805431,-0.38685236638604376
0.07772938857509518,-0.5351695096236281,0.999999996446924,-0.7633716575094096,-0.6983781423928402,0.6813154281091193,0.45053180343123095,-0.13057424754608046,-0.29699299182457356,-0.6613925298483986,-0.2280761195994682,0.827556842522589,0.8724859774480167,-0.7640458702168301,0.7856109297050868,0.8052747365081926,0.8767662400422804,-0.1639980440374126,0.8101268978692,-0.8025518290966831,-0.16877992961996874,0.7569866939008252,-0.046114060438841684,0.7270431428312929,0.8567127233999832,0.6383567822380225,-0.8561334879393948,-0.44266578037779536,-0.6750281570587502,-0.6809304959200266,-0.6630871829955347,-0.46862382177264555,-0.6293699491127689,0.8283373194160398,-0.711064939437929,0.6833463413647447,0.7553091325661835,0.42348743742687583,0.5766588823013228,0.6990757513310555,0.7254013019418436,-0.6268123826344308,-0.7398053047554551,0.8625282128799425,0.860987556120646,-0.6257474803932418,-0.8791926173121263,-0.8681622545388312,-0.7422004217108985,-0.902142035660906,-0.2990437740897474,-0.8315816326117905,-0.7434022667742606,0.6485868726733562,0.8356816714809162,0.8542356295431609,0.7674053900365896,0.3398232228886925,0.8708228297630857,-0.891548977306802,-0.7485165072331316,-0.5979615491353787,0.7685733713814146,0.07946148590865831,0.3750867124537207,0.7784731050461154,-0.9359644307542672,-0.6181542251679182,0.7147566969698845,0.8449413242690166,0.7149612668559985,-0.8342158804142613,0.5683319393968604,-0.9468903569106873,-0.9115138808967268,-0.9023577296594889,0.8204325895510025,0.6241616206853209,0.6333454881957177,-0.666345080988595,-0.6262537059333058,-0.44486840836233,-0.7881842603006612,-0.7580183125093758,-0.5357857403688349,0.6902741779040855,-0.6596044136805639,-0.8013119565426318,-0.6306786724104304,0.6887882680626709,0.7682019586457294,-0.628332787172358,-0.7548124811033144,-0.8427614803737957,0.43332634576757806,-0.6660772234461569,0.8562267989123703,0.8050067102916393,-0.7892827637795704,-0.7293203493692235,-0.8110945624132219,0.8082399235667619,0.6946845528346337,0.5930779398920237,0.8109735608264453,0.27547550439018215,0.7416663709836513,-0.8285411577621496,0.8785665924240225,0.7037589387202006,-0.01189531823109921,-0.8477461669395205,-0.9162469777599502,-0.8731775162991071,-0.638896234998911,-0.8907314172292369,0.895238015504411,0.4418711831859148,0.7687234727522075,0.4882413051345992,0.78807242728596,0.7720728954696277,0.6212287868085268,-0.5195036414395005,0.8100517676632807,-0.3224148065283594
-0.6932137954106784,0.8677902129834153,-0.7633716575094096,1.0000000017434227,0.9373862161714186,-0.86123518097162,0.16207968548555773,0.5426254931533009,0.7228194682900937,0.6658586061152859,0.5336788191521243,-0.9895689796391527,-0.9414457901182733,0.8030750620245776,-0.9640522638880975,-0.6869457451011322,-0.9089959141073458,0.4175783148692467,-0.9398795247578865,0.8939861932496913,0.06279684594317672,-0.9119635616178648,-0.27481907840216363,-0.6652327945055757,-0.9443678703517134,-0.8956852475386767,0.8131536704854365,0.7871374936927565,0.8485057425163058,0.7536879339095752,0.6095089513273716,0.8491954209202396,0.9382441830972904,-0.907782175017936,0.9802404806475835,-0.9459802877148197,-0.9569642792452513,-0.8091715112590855,-0.9212960513380865,-0.9704448417091007,-0.979046577770766,0.286271450433616,0.9309790708393304,-0.9530043994816954,-0.8046047071653979,0.5840494143593782,0.735699438057151,0.8999437181792178,0.955302551508703,0.8019007442353198,-0.13177324408111654,0.9236180509364142,0.503880241360865,-0.9385377271843305,-0.8550730442702875,-0.959568876892305,-0.8323533724448025,-0.7897526964994361,-0.832227445836901,0.8902138330410312,0.9176813096958646,0.6140188608663288,-0.9154329979047561,0.11379209116242715,-0.6748654330312968,-0.9391539997641615,0.8783435633505361,0.7598342787066027,-0.49571469526788114,-0.9051585288886546,-0.8007936524452187,0.9839303809195842,-0.8903184319584312,0.8348692194751167,0.959254557721892,0.8536124527815745,-0.8672929195594862,-0.8786775184888661,-0.9549138151541237,0.9562755877783433,0.9480849953995906,0.6031044358363049,0.8795813182630816,0.9447354524158741,0.8705264411523799,-0.8598261189261613,0.7426704093727369,0.899531570905763,0.8423489881645688,-0.9214637143743343,-0.9898898136954613,0.9356012921093216,0.9698584605698245,0.934501343183806,-0.14325523504154508,0.8988609215343782,-0.8666408093037548,-0.7765712957497634,0.9005025166632632,0.8949975577523861,0.9297112968447883,-0.9827451731114939,-0.8184077509916694,-0.9099990649921579,-0.9583557710325814,-0.6198682823798206,-0.7649732620912822,0.9748826809768809,-0.9212523208466465,-0.9207899058392968,-0.012310772387154492,0.9480859978408501,0.9006782926573211,0.9465774269217082,0.9630210406401314,0.9528748406205385,-0.9359233021743744,0.14843135997640383,-0.9873325726288149,-0.5011946463633078,-0.9060240511194478,-0.6452209005562365,-0.9086904275172795,0.3278942966193843,-0.9584501528617274,-0.10797671344383568
-0.6884777065013667,0.7623043617771826,-0.6983781423928402,0.9373862161714186,1.0000000014308899,-0.7329829908683974,0.2647567169753482,0.5525244315178865,0.5046598869151179,0.6074031503228614,0.5275118060257171,-0.9347250050131347,-0.95450307868562,0.8489418286084065,-0.9401294636422152,-0.8266366567151023,-0.9420253730959702,0.4801977495978701,-0.8078231408776354,0.891258728013561,0.1729579201177396,-0.8279352823284115,-0.43254954402504653,-0.5902531345824995,-0.9202375493047429,-0.8190522486346786,0.8589823140747151,0.6463929047574727,0.8997529970665059,0.6223933364709835,0.7943590583910001,0.9514358043035356,0.9631380748902767,-0.789825515196154,0.9247277127139146,-0.9907960755631006,-0.9864398702072803,-0.8887580299814395,-0.9331424921693066,-0.8557073928834719,-0.9170128874097813,0.3197852412832409,0.9363025662244465,-0.9347328367638228,-0.8656913794665543,0.7963529516872916,0.7203787302181394,0.8434864873582864,0.9964281917674275,0.8570542669616503,0.08622366125493865,0.9242719147464394,0.5344402313216151,-0.9077496327395682,-0.8365217797832268,-0.9425365698124565,-0.8968953549003329,-0.7592321655187879,-0.8513813931847996,0.8819760061248239,0.9246983863209652,0.7833786605404708,-0.8895415304023468,-0.09516020587078533,-0.8066021107216069,-0.9716295557427534,0.8172562955482373,0.5143358720871645,-0.6130146192490291,-0.9380812903348841,-0.8915069848493997,0.9308641645276109,-0.7239403967850451,0.8174389384923354,0.8997800859662779,0.8924906980793317,-0.766652171052261,-0.7976800824569592,-0.9447222912955826,0.8847358555131004,0.9878642066231134,0.804521353119455,0.8954412974229883,0.9493038595982021,0.7638378987765417,-0.9671333897420704,0.6006077897621512,0.7922396077320962,0.6838311260359184,-0.9978187647644148,-0.8985872006403625,0.8219656153447102,0.9402765289246061,0.9174361247171934,-0.14859506244592663,0.8228756925244745,-0.850824014437715,-0.7319672703526157,0.8870981886407338,0.9218683195685957,0.8512889244957289,-0.9684303137521859,-0.8029296710486937,-0.8809506488642666,-0.8772070600977386,-0.42702157280721625,-0.834449260384432,0.9310746525612141,-0.9244456123608202,-0.9758937390827527,0.14659719049693415,0.9091694383803443,0.8490610551250355,0.9072353875853838,0.8430706415635849,0.9324738020644407,-0.9214413176244269,0.04101309837909769,-0.9679994775256541,-0.41291693418870257,-0.918415576371952,-0.6682836355795115,-0.9242227716054618,0.23675901625899534,-0.9275335655966126,-0.284295779683661
0.48405392218176363,-0.953617403653517,0.6813154281091193,-0.86123518097162,-0.7329829908683974,0.999999998957895,-0.18962187508565262,-0.13362682322801064,-0.6314617919773409,-0.2860352217872986,-0.7488877632558878,0.8106270130594813,0.7615252573014063,-0.8013118806321055,0.9131199860237329,0.48916462333151295,0.7122455769331059,-0.6878955474997859,0.7478184147254369,-0.8902692676801042,-0.39115968807580626,0.6450840618767432,-0.022315709302566922,0.8853010157555927,0.8862700250381669,0.6576943367151765,-0.7211561393548542,-0.7536871756892933,-0.5221108320406891,-0.9583103068097522,-0.5153542940297929,-0.5774464524806714,-0.8128121368442741,0.9736494709484389,-0.7593429618085401,0.7891388045820521,0.8228904889083555,0.4467020985647488,0.7061447416646062,0.9402446477051466,0.9351848866844263,-0.48431303215867777,-0.8968452539702858,0.8794533441987995,0.7496869574307058,-0.37406764101787604,-0.6892279653922349,-0.8289493634857577,-0.7761418054251981,-0.6067005319472756,0.04325756299376231,-0.8865839522804526,-0.6839767499984939,0.935942476415612,0.8987289088277033,0.8760277528582157,0.7754687615115096,0.8454170720840994,0.7188373278995384,-0.8551597443316853,-0.9033074193148946,-0.578908536267781,0.9430559791460953,0.12905372842210347,0.6958418442213428,0.823122657279438,-0.657399048166294,-0.9153148901542545,0.5125706049918957,0.8268909217831143,0.7330841157075341,-0.899655893483536,0.9387573587677689,-0.6288255118897111,-0.829073938451532,-0.771026966600868,0.9721845396619339,0.5567699176334311,0.7850770611297494,-0.8983075911565375,-0.7420883780626832,-0.2047398452745722,-0.8906607591927561,-0.8967488832994303,-0.7297354946153569,0.7220293058944068,-0.9473191769863255,-0.9811038583200652,-0.5922041713128031,0.6979238611878196,0.9202248668142233,-0.7735876138006142,-0.9145884071298447,-0.8631826608224576,0.36798023633197974,-0.9770999389569488,0.8967940398370221,0.8455163365242956,-0.9257879356813996,-0.8844206046988468,-0.9681062271356466,0.7870286438127454,0.9366534644666119,0.9273767739682737,0.9561883228077551,0.5920828325388778,0.3899560987415384,-0.9089093188179402,0.8528481644050524,0.7468483556483199,0.11360909591020117,-0.8000045365044239,-0.8922486225127312,-0.7877990999782994,-0.8028986448500762,-0.8449893250954145,0.7901501911051262,-0.013550868955147398,0.8574753419692287,0.8163279723839346,0.7753517336830288,0.7587337454274806,0.8883627639481473,-0.6463976672176499,0.8778140764471433,0.2448054079537911
-0.7060862182147754,0.4195494144280123,0.45053180343123095,0.16207968548555773,0.2647567169753482,-0.18962187508565262,0.9999999948061165,0.2598108130758215,0.2891839368924852,-0.3503851070760443,0.6208667837836765,-0.04410436553106828,0.02061462509427758,0.15391924380920974,-0.19078997386073193,0.10438329598586472,0.06540404629557156,0.6045050317000218,0.09757224397350484,0.15000744036223362,0.24003695861941193,0.08865981876799073,-0.3115340202718389,-0.012007365513738771,-0.0730353927038818,-0.16826557929417624,-0.11723048614919755,0.20624770162803502,0.03389454757973778,0.04547578326086609,0.048314708754543995,0.4460957381364774,0.3379223410912045,-0.0161928155063027,0.1490340375618305,-0.2930328930205703,-0.229361240055347,-0.37293479231046583,-0.29951677811568184,-0.23039419736054348,-0.24490283844628175,-0.2293407160116939,0.2641417455933804,-0.054538458797103735,0.019971027693052274,0.07928015895337098,-0.17152410752888045,-0.12085918429207555,0.2256255770193959,-0.1684082372455074,-0.2642141416644347,0.09097739558755409,-0.14776849744891643,-0.3528529756777444,-0.05985433690077805,-0.06743128914795456,-0.1687233363611829,-0.6530200459543323,0.04768704990422529,-0.012956280764241806,0.24510227766166964,0.23434771585836311,-0.19608276036533517,-0.12440830602383414,-0.5984698852900098,-0.20098703237871268,-0.29685777603391744,0.00025068431104634546,0.09316560804876824,-0.07813242877502327,-0.22488242146274026,0.08911880854779627,-0.26335575554947077,-0.27956881625201657,-0.09500813151382481,-0.0782070065810982,-0.011876387509148623,-0.04803559296629073,-0.2798711622156161,0.2385227279222676,0.3599748560868435,0.1571512339559243,0.1623969537823579,0.23171237607733533,0.17609822946821263,-0.2804388554110819,0.1297864941292384,0.07362438312712788,-0.07200726151330664,-0.2520030435404498,-0.1475914824803785,0.14427297794516225,0.2113390637518751,0.025781143187318778,0.13204467533001532,0.2613543364108911,-0.030338096404527407,-0.019946105977774752,0.14086465901775613,0.26611023880594065,0.10008837634163313,-0.0997765206706733,-0.2430569128371517,-0.4321948744763678,-0.11292895110138802,-0.1407347375076463,0.16398866974772558,0.1015977997515959,-0.01394169646893187,-0.2817031857057667,0.23245584883854867,0.037840307608326136,-0.07726373796511617,-0.0126363055678257,0.20440065039419117,-0.0012697257427557711,0.08177584756434761,0.5883832012087746,-0.18113253434051665,-0.0588551649284461,-0.03445539139865424,0.022060702838550193,-0.4157321623302378,-0.07806095991241324,-0.08247484028853745,-0.8900024677881385
-0.7832272626680666,0.2396508509382786,-0.13057424754608046,0.5426254931533009,0.5525244315178865,-0.13362682322801064,0.2598108130758215,1.0000000021064102,0.6161363612880073,0.755740823621007,-0.14410707089268693,-0.5442355378120871,-0.46375335354416836,0.044277918306195235,-0.3412750691152156,-0.18681150690895884,-0.4584181858510393,-0.21169175701491688,-0.5826923470404435,0.1561793219478059,-0.6642577100897695,-0.725264117908034,-0.7654150387732743,0.263136246676541,-0.2723530805883034,-0.5862112185750427,0.29530042391072986,0.6162412497105357,0.7607710428465889,0.022212759726078467,0.13565759291472543,0.7210285043045861,0.5603770296602361,-0.17597143403592125,0.6923986167897495,-0.5375123216155466,-0.4397883334684865,-0.8512470191634922,-0.738608103061348,-0.4209290102287934,-0.4204363075501705,-0.5846094005135163,0.28242703850617296,-0.3265604247495425,-0.09625040624853581,0.18447250222850767,-0.0200616738861965,0.3926741103631685,0.509042177007836,0.25356490743347815,-0.5776145200506818,0.2788980797103663,-0.3876882524774481,-0.36664289952800294,-0.0553071389853069,-0.3542576808123479,-0.1422140968775246,-0.2850931099607588,-0.16114608969989128,0.16167332872515405,0.2441086714892485,-0.015230740825917962,-0.20471127812187812,0.5938485194437001,-0.14469551441156747,-0.36257211692185165,0.4632416192207972,0.16482291185782363,0.25646914802135556,-0.25920171982131085,-0.14136005729390214,0.4040733400115518,-0.40868931976000794,0.3195131398540867,0.4182274300534095,0.20510232479647023,-0.09209565107120295,-0.8008102965398662,-0.6659643697960227,0.5270337797032196,0.6061539018375507,0.6888779176078548,0.1534949248854333,0.3303020146583069,0.7303250255861893,-0.34763495511162434,-0.1090732929662185,0.1415541794043169,0.7476154214792988,-0.5773752614968127,-0.4622633602086751,0.7105073589442452,0.4094272650949681,0.3779633832775145,0.6714481891849585,0.26251198468763576,-0.08898815720009282,0.07410260163764007,0.20905228006465068,0.2198221677810647,0.21353916418181879,-0.5445605769702183,-0.026990878188411435,-0.30212464292160185,-0.28978567408304307,-0.629054908118174,-0.6798564603998108,0.3783885240860746,-0.2768185935791088,-0.4359835462200075,-0.22885870766033295,0.3772718910296573,0.1649128790825537,0.38630806758299535,0.6522722773193664,0.34535858626346383,-0.43658448937756056,0.6610383636475972,-0.5105560220885067,0.19326023654056057,-0.49394419048730265,0.2367471028946621,-0.31430884759524963,-0.6000025455003971,-0.436717816225905,0.03338963667388452
-0.780124313429012,0.7305874248031088,-0.29699299182457356,0.7228194682900937,0.5046598869151179,-0.6314617919773409,0.2891839368924852,0.6161363612880073,0.9999999989861189,0.5078873892075643,0.37007023961018565,-0.6728371490788966,-0.4657026864095414,0.2889676050911282,-0.5687625663656087,-0.04284801120921725,-0.3970786179100818,0.11666476502517643,-0.7732468706730504,0.43755020226894625,-0.353369693327535,-0.7095582484135325,-0.11061375556239815,-0.2847247004205985,-0.5096731647922315,-0.7884882169348556,0.2282574753190368,0.7645138386510603,0.47302232475479533,0.47842100203587445,-0.09397621122020738,0.514179231807489,0.5706421683672434,-0.5953331444119209,0.7518999229220705,-0.5285617885403664,-0.5211033872562153,-0.5813181401641402,-0.6408605730557698,-0.7860046280715169,-0.684189137924279,-0.21867142777483908,0.5108988827111841,-0.5019284139575625,-0.20906397735586732,-0.06904672099968742,0.2792226980512954,0.48310264819875903,0.5243865173570136,0.25191400395298935,-0.7501586672361351,0.4374544338169897,-0.07243260212077253,-0.6177505593544955,-0.3808222070970621,-0.5151667431070207,-0.30454446850700084,-0.6602244336674779,-0.34622990942280835,0.3929480984066476,0.47814431067872293,-0.00970664438502864,-0.49944734654230927,0.646296693210221,-0.2370086205138306,-0.48016616248334343,0.5088838663836877,0.7594920572338728,0.13212485362698928,-0.37888060792595096,-0.26621944493968563,0.6194467324318201,-0.8328119446401608,0.38763532961300773,0.5689490227260562,0.2722281915130452,-0.508629346003929,-0.7950596094741652,-0.6629255791635147,0.7045383956533399,0.6089808033252151,0.1386005886992344,0.3840374087733722,0.5126297334307809,0.7820850646070724,-0.32918390925060814,0.53922607060209,0.5835806780722813,0.8504038752976275,-0.47423084546933625,-0.728169681207968,0.8240201660490484,0.5973945102080606,0.476440506001709,0.18296109954803524,0.6039503902759115,-0.3747110439026568,-0.37210052547378636,0.4396769986471752,0.4304373074453899,0.5728259274131744,-0.6151628503012326,-0.3934378648513809,-0.6259910999571143,-0.6262140988269423,-0.7830104911699988,-0.33710518445299514,0.5871299318550403,-0.41616124684680605,-0.5013186278834671,-0.18851864973756027,0.5936889688057025,0.4474140370589546,0.577504747311906,0.8770079404754769,0.5047619059380526,-0.47311428583233645,0.6904804981363367,-0.6201702848950268,-0.20435652195035667,-0.4442003763505815,-0.11022130631809698,-0.5415186355596752,0.07252256827081237,-0.5522531621163277,0.03560193809578063
-0.3917885492805982,0.23496042409538762,-0.6613925298483986,0.6658586061152859,0.6074031503228614,-0.2860352217872986,-0.3503851070760443,0.755740823621007,0.5078873892075643,1.0000000026148341,-0.26641837142852215,-0.7392133880857602,-0.7109127650917343,0.27099712698303646,-0.4976504005728762,-0.5019362316550643,-0.7242747762870477,-0.35741910869030963,-0.8222989246395647,0.37409957824618856,-0.5719005394729288,-0.9073599293468535,-0.45515807576068157,-0.05812060148319418,-0.5180983177377384,-0.6705875368179921,0.5932373033384098,0.5661607595031295,0.8504721052956254,0.24131390475592102,0.3284990296604497,0.5839600937353023,0.5497539842491976,-0.4457481785365624,0.7721047143075068,-0.5736799848081041,-0.5520114658260261,-0.706281900376044,-0.6892705982014027,-0.5167549300567253,-0.5161977146722434,-0.13849777175161015,0.40550335937756254,-0.5669646104012613,-0.4126589495170709,0.359778371194745,0.39972470064175075,0.6794541740986358,0.6049392285314436,0.6212474753647325,-0.2557385392924834,0.4978963132250476,0.022137641269119254,-0.3980041310584655,-0.33828222576334077,-0.5808811479939733,-0.34536821960306513,-0.10718850525100647,-0.49152113360530597,0.4750032610584135,0.3836344719761625,0.12481452366216514,-0.37608252939221143,0.5160267568040148,-0.021840503811634736,-0.5118924553665168,0.8490152705670373,0.36186864366136284,-0.10751644043013536,-0.4977116987811891,-0.30372874744084877,0.6068527753137374,-0.43671830618053525,0.736390008511584,0.7197726505820405,0.5343070132888984,-0.37362009699894116,-0.8749677451649436,-0.6604561666906262,0.5745559452621821,0.5892333591841824,0.6607922354182054,0.3559787735726665,0.4601581716948042,0.7112621207380394,-0.4330789449415908,0.1150337521246821,0.38665838575890044,0.8767092270784728,-0.6273614176435298,-0.6053184804298907,0.750195235005405,0.5283471137083187,0.6039972109501468,0.3085199258566816,0.35146378978550463,-0.38229899465352946,-0.24769304570614303,0.40400740769350163,0.34798956176581525,0.4370791228058978,-0.7104680599489563,-0.18484869524214737,-0.29998596800577276,-0.4958212228303741,-0.5389858849181981,-0.8938837510049144,0.5767839402449159,-0.5471964337438325,-0.5167011501979086,-0.23578780343040245,0.6227704251593229,0.5094222197527938,0.658328152331333,0.6942732623778856,0.6179208599038529,-0.7179001647982537,0.14264255397746814,-0.6299196932269782,0.02157200104904067,-0.6695042786523545,-0.11358312450086032,-0.3261833894024098,-0.24831459796659797,-0.6178843353472157,0.50608241499351
-0.4720941467603479,0.8451007581216622,-0.2280761195994682,0.5336788191521243,0.5275118060257171,-0.7488877632558878,0.6208667837836765,-0.14410707089268693,0.37007023961018565,-0.26641837142852215,1.0000000002680183,-0.44343637180441514,-0.40246061838959196,0.745148500764868,-0.6702641441520639,-0.34535161068345666,-0.34338202033066184,0.9030564559770453,-0.28864692994236946,0.7309616860019981,0.711324874514152,-0.14378777864031972,0.2093418339573243,-0.7736821286564809,-0.6308566758926344,-0.4538478876706051,0.3314982151574475,0.3035211459233076,0.12091877693683381,0.6261441511234502,0.3885089082177558,0.44249875795193716,0.561154080970634,-0.6361220304803072,0.3912122314322373,-0.5594649785610327,-0.6109159112406976,-0.2701393643951365,-0.38464552406847297,-0.657838223872667,-0.6611437937210394,0.5386137981122892,0.7385801597258074,-0.5746130042056989,-0.5740146808830812,0.38025437403749174,0.5370614763983358,0.34075311198652614,0.5527426453475104,0.3611810926848204,0.11732491678188839,0.6020401823435034,0.6048073576448896,-0.7345597684021129,-0.7120165493420488,-0.5669535151564046,-0.7012471065277956,-0.90032753872566,-0.5536691273899205,0.6088467271531928,0.740771922458257,0.6687538162086278,-0.7347455576960744,-0.39539436979590575,-0.8442455954202385,-0.6400823519300967,0.1782933401845395,0.5234814474327337,-0.5447290483840933,-0.5992343057987719,-0.7132817869405738,0.5712666929961266,-0.6161366497850893,0.2712832147496046,0.41253929418233737,0.4839653913538558,-0.6568981342145073,-0.17111370850051003,-0.45908121922964007,0.5422247519475982,0.569485209644283,0.047465191659426156,0.7173310113634467,0.6839361269128958,0.26977871201345066,-0.6281063096915348,0.8161145361977189,0.6972271691562268,0.0993724624204259,-0.4818486988751659,-0.5753146137169098,0.3311460455707584,0.628952167886944,0.4844410673075531,-0.5789231246090207,0.7152830871489732,-0.670105411754804,-0.7402535231666516,0.6699788959580577,0.7520439556937323,0.6795434198505851,-0.47160066823723107,-0.8210298574921062,-0.826995934355076,-0.6575070072654389,-0.11561414569587161,0.01493020195782463,0.5871374293806962,-0.5531354643717121,-0.6311368648837878,0.37362671204590364,0.546999080479923,0.5705697084763233,0.5015995390450174,0.4607782565994774,0.5271249446681621,-0.3731413447940628,0.04529463029896059,-0.5478184392254524,-0.5685732259864499,-0.3661264532745597,-0.7077897498244337,-0.7982787881582967,0.7099679046553699,-0.5017749295169716,-0.6989271983123605
0.6238144362994245,-0.799730687670183,0.827556842522589,-0.9895689796391527,-0.9347250050131347,0.8106270130594813,-0.04410436553106828,-0.5442355378120871,-0.6728371490788966,-0.7392133880857602,-0.44343637180441514,1.000000000252987,0.9662251488059743,-0.8008832561888396,0.9468116524786682,0.7457521825707841,0.9426081815987678,-0.3216079098128643,0.9606264333764253,-0.8837484947619751,-0.019775315450182292,0.9392605260203178,0.26394764416681893,0.6425367309393205,0.9453663800908718,0.9021571732941158,-0.838852535755864,-0.7354046060891847,-0.8785036172372397,-0.7084439181791031,-0.6333284751020309,-0.8311348017667562,-0.9080343053105889,0.8889962855941256,-0.978395055011386,0.9301375728688316,0.9493810816855818,0.807740985739073,0.9010373759954359,0.935206166753998,0.9475869713328288,-0.31460585353828174,-0.9077163817194728,0.9554948940998672,0.8282489311744556,-0.6286624312144298,-0.7774889841125041,-0.9114302839050753,-0.9535538321912069,-0.8602266849950475,0.0760686185260083,-0.9178802188476776,-0.5166857090629239,0.8914800935596701,0.8492392400189583,0.9611172444121501,0.8350684609988458,0.7036109633695333,0.8662277139928369,-0.9025050865432669,-0.8944857017488614,-0.6173634566297564,0.8891082098588485,-0.13084506141088528,0.6167536127960433,0.935991355562697,-0.9360353768169766,-0.7154708151675132,0.5339470328868408,0.9126770632845537,0.8009782592753506,-0.9788074885575231,0.8311947935352271,-0.899462131969212,-0.9810520913935641,-0.8809257408154256,0.8462697143387816,0.8991191361657026,0.9315278989160112,-0.9195844953507754,-0.9317007198146522,-0.644418792088543,-0.8652517493526249,-0.9243127142028811,-0.8405442831243686,0.8563512770607662,-0.6990397428244861,-0.8744076917928328,-0.8585539537114582,0.9227530537495672,0.9698478968458526,-0.9161911652656306,-0.9461543961374019,-0.9349105638509915,0.15921864557505208,-0.8477285381874571,0.8644838637308527,0.776639406386609,-0.87991589254464,-0.8710580786426336,-0.907971304575132,0.9929263249008541,0.7789233603776341,0.8551856019483403,0.9392730969096557,0.5674142667532948,0.8311788464014932,-0.9664346565253534,0.9305855235980807,0.9179984641150646,-0.012135564636157987,-0.964895644923267,-0.9114340802237229,-0.9700548802561271,-0.9421966823982714,-0.967295167543922,0.9597544080623336,-0.06951403083828658,0.9767362237918886,0.4427157819687565,0.9108388705541219,0.6517433292664477,0.8648589280771011,-0.31094768554177005,0.9508354966011008,-0.00020896536382380293
0.5003008801600628,-0.7115907018929739,0.8724859774480167,-0.9414457901182733,-0.95450307868562,0.7615252573014063,0.02061462509427758,-0.46375335354416836,-0.4657026864095414,-0.7109127650917343,-0.40246061838959196,0.9662251488059743,0.9999999984994263,-0.8480563013593687,0.9424675044499818,0.8644360552908821,0.9959395485429615,-0.364926260797197,0.8795580540360712,-0.9026882288721452,-0.14009544238251573,0.8870724584311063,0.3280918194260676,0.6598501614167575,0.9528240025776077,0.7927223354515237,-0.9400016985730073,-0.6542390236845016,-0.9064256318226173,-0.7003361063909282,-0.8026243231181648,-0.8379870643395153,-0.9138582951335374,0.8613495998816535,-0.9213742878211254,0.9473224303157474,0.9628271926515084,0.7818783032268547,0.8842943472666103,0.8542086338902565,0.9090712486675204,-0.4208716844736856,-0.9141573792426773,0.9736508019343868,0.9111991872720747,-0.7677938825188689,-0.8031910764104077,-0.9400741380278088,-0.9674597491096304,-0.9250763763645324,-0.15213546162823674,-0.9563056981311313,-0.6302463768687956,0.8703877261579525,0.8795553857930832,0.9770527451240835,0.8859935666608797,0.6262812655373755,0.8959246868354945,-0.9378788708071676,-0.9103819172153746,-0.7364471258573442,0.8980688219486009,0.07499368123630071,0.6702300443709093,0.9555438869269868,-0.9358392501087266,-0.6016911700805644,0.6603275043155549,0.9621636461385522,0.8585919727542289,-0.9621226795424427,0.7252749010452066,-0.92306810992276,-0.9780148729468143,-0.9593200885099408,0.8419105834858522,0.8022388322552793,0.9101191141864422,-0.8810137505173317,-0.9150526058880813,-0.7382030647024658,-0.9060933832038122,-0.9380762988590071,-0.7673525137986752,0.9162829098816953,-0.6416502264805748,-0.8467344948172143,-0.7377291158648841,0.9526841444253805,0.9181435731693361,-0.8324560856530715,-0.9397321701511218,-0.9686553793887203,0.21059683273783605,-0.8250896456715112,0.9029220170799809,0.7804443153523938,-0.9125399167921999,-0.8993079413688315,-0.8935772193807034,0.978366752600926,0.8020915120998036,0.8172051555152426,0.9117919172220161,0.4476487452399119,0.8826525236018947,-0.9609327890692053,0.9730694780691411,0.9236492095801576,-0.03362996037565453,-0.9372186562511654,-0.932184099440116,-0.9493182055839713,-0.8321344754663528,-0.9818386600535325,0.9924655462233746,0.1316880273917645,0.9663259686354386,0.486843706634933,0.9587626947030774,0.7247652181436731,0.8580032402581709,-0.3181350138615242,0.963167903417493,0.04080771666485293
-0.3631456345444767,0.7925597350418554,-0.7640458702168301,0.8030750620245776,0.8489418286084065,-0.8013118806321055,0.15391924380920974,0.044277918306195235,0.2889676050911282,0.27099712698303646,0.745148500764868,-0.8008832561888396,-0.8480563013593687,0.9999999997040918,-0.9177713665821534,-0.8658100310608318,-0.8289291990311755,0.6694800986530004,-0.6444086064586715,0.9797832043438259,0.5888202259139701,-0.555403635499978,0.041279176731327784,-0.8815132110205148,-0.9439597490280176,-0.6886243674356405,0.7962904949774426,0.3665151535712241,0.5818164351850156,0.7073640216663262,0.8032515239014347,0.6777356286949435,0.7815783343430118,-0.8453171258504663,0.6939420467121528,-0.8371784605223419,-0.9079848854066568,-0.5400629799986245,-0.6383583492623457,-0.7900227696742561,-0.843689413354311,0.7552055760633488,0.9495980549773712,-0.9149456791268111,-0.9702784824817658,0.8202664304438914,0.9186739940228107,0.7376149903147022,0.8765745271252534,0.8833306361145971,0.408757003813437,0.9169247371988349,0.8628730549979393,-0.8528122520539274,-0.9724625803913014,-0.9063482329904805,-0.9934785224402558,-0.7535511255305827,-0.9512555692319391,0.9619347770229918,0.954483626097868,0.9297596466684269,-0.9346695145389936,-0.4022153522217084,-0.8535529676761687,-0.9437132654605708,0.7102288195247274,0.5378813594580416,-0.8940766464361546,-0.9557253621011543,-0.9863883432249806,0.8721937092021026,-0.6272543896068853,0.8092002244840408,0.8259809661161528,0.9251824388310333,-0.8584524827241351,-0.5011681701679495,-0.7023296548562505,0.7192589925865089,0.8139459777988594,0.5002577815827248,0.9684110290764252,0.9256538077097249,0.4468812498296798,-0.9305858117486334,0.8211113812781486,0.8721926035378312,0.39593854359286296,-0.824727941234534,-0.802231624106755,0.5496009995506818,0.8643095678369728,0.8397225597204339,-0.6401044212205332,0.808702215725655,-0.9612654231351513,-0.9578149435044239,0.9130540838916762,0.9617805948034422,0.8912253407220364,-0.8355044543041581,-0.9361723934310385,-0.8777085967976392,-0.8816215852875244,-0.10379570724970477,-0.5655052697717153,0.8808410051868107,-0.9255281250336409,-0.9151434369762523,0.3903773042939785,0.893503129778329,0.9193485025719451,0.8821745238877301,0.6411328096536657,0.9092049300125883,-0.819248633626171,-0.3210097519778749,-0.840611949455333,-0.554616218393452,-0.7536597833337587,-0.9532398288071531,-0.9129035251920803,0.6926400708115663,-0.8208204050395657,-0.3182072326678338
0.5860316636664747,-0.8986141301651576,0.7856109297050868,-0.9640522638880975,-0.9401294636422152,0.9131199860237329,-0.19078997386073193,-0.3412750691152156,-0.5687625663656087,-0.4976504005728762,-0.6702641441520639,0.9468116524786682,0.9424675044499818,-0.9177713665821534,0.9999999985964142,0.7647952685999977,0.9135316337745518,-0.6024438134627561,0.841658180661516,-0.975518391633775,-0.3217862322530515,0.7927940069328311,0.18650191736414917,0.8090623969772531,0.988313163152438,0.8054952242651569,-0.8676916364346433,-0.6990283611835816,-0.7705925503218072,-0.8279742394241489,-0.736207076638967,-0.8148036809029354,-0.9400609583466558,0.9465811995993629,-0.8996071592354914,0.9551579184670712,0.9818969783473046,0.7132195211248255,0.8616916093726691,0.9509394821665388,0.985013837144054,-0.48971139405628966,-0.9915617551610847,0.9885037001313187,0.9070422159329726,-0.6828525520859193,-0.8115112833687216,-0.9006124477725104,-0.9630313287102146,-0.8395437667910205,-0.08824903845394458,-0.982650286730402,-0.6952839809800369,0.9746541186410184,0.9533646777941592,0.9892497676966842,0.9299065594321305,0.8327600151342855,0.8898235374759356,-0.9609584091806836,-0.9892272750170645,-0.7709120926586716,0.9873340711222635,0.1431547446982899,0.8042456447318628,0.9810868508264871,-0.824232179784339,-0.7382108375707133,0.6667747002063183,0.971365190969658,0.9049747936304603,-0.9889053272498498,0.8560199471274997,-0.8256061160999016,-0.9453066247704361,-0.9260103151748549,0.9343683084651278,0.7284023699495547,0.9118082221201748,-0.9334873340545822,-0.9297594391246022,-0.5657355829880658,-0.9735346850557021,-0.9955859017119322,-0.7640857684042766,0.9275173398598424,-0.8299207225171201,-0.9520818205912683,-0.6754339046841102,0.9205836842907303,0.9690463411713048,-0.8313643487487923,-0.9911352566039414,-0.9610388643042018,0.3338664332780404,-0.945490198648944,0.9591343819957224,0.879276300632807,-0.9765628333474218,-0.9790188968742152,-0.9779282489620214,0.9555745109600614,0.9362446562614102,0.9583012988138698,0.9853375756479739,0.4834064275459045,0.6887163708637307,-0.9925929354697348,0.9741544384313497,0.9441835502266889,-0.07782255312906623,-0.9439111586362443,-0.9569481404307878,-0.9382590922841643,-0.8679531213299356,-0.9756181831035192,0.9358311317870804,0.040172912880982174,0.9802785720331997,0.6313928524064606,0.9100544446517734,0.8064544956895483,0.9687496930351859,-0.5029601993088683,0.9679238349726111,0.2472141432952688
0.21043623312328896,-0.4474473893464269,0.8052747365081926,-0.6869457451011322,-0.8266366567151023,0.48916462333151295,0.10438329598586472,-0.18681150690895884,-0.04284801120921725,-0.5019362316550643,-0.34535161068345666,0.7457521825707841,0.8644360552908821,-0.8658100310608318,0.7647952685999977,0.9999999990817982,0.8865115813477502,-0.3268795182627556,0.5958491079392763,-0.8181212892711128,-0.36127984608865976,0.5977497136624833,0.17387834755450032,0.6026436170264227,0.8232638577614196,0.6036802087462693,-0.8406267363437726,-0.19761097151771467,-0.7242707563854718,-0.42488723126395084,-0.8989284569682515,-0.6881001956332234,-0.6858682286801431,0.6243515310699498,-0.6435384432026449,0.7748650786607867,0.8269980317200502,0.6133397022269444,0.6084243223748703,0.5579189535403462,0.6526847268290874,-0.6478378684801265,-0.7819576368256297,0.8209162004129268,0.9373817599615251,-0.9655085500904015,-0.8584848862796258,-0.7008503096794366,-0.832492670166196,-0.9662797920990026,-0.5620063089822196,-0.8116986207373077,-0.7385800881861746,0.6335397419334008,0.8042017494691555,0.8160226498535478,0.8991598883982586,0.41363245270475213,0.9149578981925155,-0.8650656336139215,-0.784660473570732,-0.893435669100585,0.7379600751371486,0.3646274371013213,0.6651836354330708,0.8568768464248616,-0.7847885698558162,-0.21658602530853205,0.8876236612801861,0.8891566298069994,0.9001943547799315,-0.7508449429136457,0.3329385991461275,-0.8843299545715559,-0.7847893511172063,-0.9188773432347731,0.6328951945949545,0.5281584736528612,0.62948848309324,-0.5543741679573325,-0.7473903436180733,-0.7605554195540856,-0.8169335135453436,-0.7816156022614226,-0.3533610518332416,0.8912485409027396,-0.46752906084069024,-0.6287322036801744,-0.3808696290474212,0.8312107893533004,0.6360474518385467,-0.4511199266013191,-0.7149763246479348,-0.7724949951843733,0.4681520563220303,-0.5510138382749502,0.8153769901971185,0.7586222347923751,-0.7518746762230666,-0.798147237484946,-0.683377732249867,0.7985853080311563,0.6860693770575748,0.6150821840919258,0.6880489372055907,-0.05690785679361788,0.8014864473532753,-0.7545482610663922,0.8574581655587993,0.8487496353317189,-0.4054334746109408,-0.8150115186105154,-0.8035057775336295,-0.826864073426629,-0.49573196624056853,-0.8454941525147719,0.8229145098750528,0.4753934439576107,0.747221943654292,0.2712589967343477,0.7521690869705681,0.8014934960939907,0.7052409698223547,-0.3874095556128993,0.7322930941620219,0.08246129272439834
