1.0000000004423304,-0.7008539331114114,-0.6985987715053089,-0.9059145256342833,0.6943644112610472,-0.8211666960852986,-0.4056477728550116,-0.8673255371785487,0.8288362069573914,0.115331620060592,0.6194117744837495,-0.880580930938648,-0.4755170761047339,-0.787311769380333,-0.6162405205562453,0.6375111687545818,0.5619845389104853,-0.9223825213017435,0.855923532241878,-0.7457765491964458,-0.5780542285889533,0.7283481782888831,-0.6338115906231653,0.7674033185013794,0.7718142220503627,-0.6447438040270141,-0.7565826826027359,-0.8051333037361215,-0.832486457450153,-0.6828084675616155,0.34247697048297787,-0.7536815485002119,-0.7163078030870385,-0.3905064397187584,-0.8776233697198406,-0.725800234570122,0.10708230657610344,-0.758462094395668,-0.3153989521018817,-0.5451976371718742,0.5885951006664957,0.8217492922154529,0.5266053043708107,-0.4241583643753237,-0.9633357447805551,0.7005529377388344,-0.6566306446467424,0.6362095485977856,0.31207606386276227,0.19356929936032388,0.8525699627014787,0.7981754220345147,-0.2980001049582585,-0.9121330942397937,0.7058236738440511,0.5812774092499219,-0.39693503606870123,-0.7460676827897328,0.35309220766261196,-0.8137184157978182,0.5071006053735764,0.8078033802635505,0.44963715847585645,0.8904996944778978,0.6313149462975497,0.26499129697365653,0.8642063520281639,0.7490813364508828,0.7150236856972825,0.3813464247920393,-0.657051040286025,-0.6366320724653094,0.8196648275208133,0.780465778436319,-0.7613356881997829,0.8667523262568614,0.8083310320778667,0.9334975936811568,0.7222844862714871,-0.5516380305644479,-0.8845802005356038,-0.7944113241747772,-0.6564451527170853,0.6643000580249281,0.62182054314723,-0.6501579400698371,0.7777839760383832,-0.7971058149195913,-0.4839295740158138,-0.3566590340162204,0.20488936021878704,-0.04274628338660783,0.9125090013381715,0.8270169009189564,0.6640410939290841,0.8767189972600928,0.6118554617631085,-0.7716710559044423,0.2863933809164651,0.3460462064897749,-0.7203755664569267,-0.9143964285310645,0.8435348200325814,-0.9214773486392098,-0.7656636926869363,0.8187635817098277,-0.7318301327256745,0.8662339976096373,0.644013818832285,0.971681197392869,0.012875205034090231,-0.7658149493621838,-0.8307297634008447,-0.8243027970775881,-0.52088442411972,-0.6948574269335789,0.7769182554967478,-0.8340447190589474,-0.46053937440212017,0.7831871708843985,0.8615405698585616,0.7970196862325778,-0.7408866050876917,-0.8054228943900464,0.5331626653237451,0.687469926355323
-0.7008539331114114,1.0000000002126923,0.23511347121513,0.39761325638088046,-0.45717648801102884,0.33224642428276924,0.52657436151808,0.29289990853242925,-0.3464138590862328,0.3864363314457428,0.009069102455821555,0.5561198121560019,-0.0822519769262335,0.15290536816742356,0.16608447226286538,-0.055914546640137675,-0.18038095119892084,0.5764171206527725,-0.2596273232146361,0.1359988296157981,-0.10872029925503528,-0.04567459808206444,0.008987443221315953,-0.12893259147672043,-0.11795527756168034,-0.03407511352516005,0.12426564499483451,0.24710002210289692,0.20493811627081016,0.043782010518968024,-0.09481098076121787,0.13913391474764075,0.03437166609575906,-0.09558790908609255,0.35065266146307655,0.067712867446286,-0.13470884255229076,0.10895901518163843,-0.44885150094287085,-0.031154844277033623,-0.5435485657444827,-0.23599253238666754,0.09107718033169343,-0.1697280871949342,0.5683351848415568,-0.04722872885390769,0.2479658014797947,-0.07912156735066438,0.33264230688831475,0.40616801615262416,-0.23597847212864556,-0.9108241040735291,-0.13702080923906645,0.5646294208661781,-0.050051814111619915,0.11978778988774422,0.8694983251008177,0.7425934977427586,0.32394809771271454,0.30440016667931213,-0.21841544410174923,-0.22877711515056934,0.1659174864020426,-0.36688282092361835,-0.19392455337968728,-0.1028429620941879,-0.25787045309947687,-0.10854641050181513,-0.14691094071375943,0.29659630232472084,0.10976219036804855,0.15149856615683355,-0.32644635173715847,-0.17618984432752247,0.0877013744482057,-0.2696617469405747,-0.1519064484195559,-0.4378128495574784,-0.1587642140977095,-0.05516129010950728,0.3887345689591138,0.2283675904495508,0.014137434092129012,-0.031812194666955985,-0.25692955042713467,-0.021024744425216523,-0.16025906045543675,0.18493371942637427,-0.2240913674989561,-0.24101487313871117,-0.7883905469160478,0.24348193060435772,-0.457331654854196,-0.2563302867480929,-0.0986853971459172,-0.37801007595310365,-0.5738566768725805,0.21101577441136632,0.3338386910111911,0.06514614913350987,0.14886135599895958,0.48873326337234263,-0.23974583293621882,0.49924780890960996,0.20842605038379455,-0.22997742200167676,0.2844719358772636,-0.28769450306971533,-0.1325161603680111,-0.5790436967541006,0.1130931437411809,0.17883940448155408,0.22202628873110986,0.20086419968351574,-0.07062938719647317,0.040712076394736105,-0.11447395333867473,0.26108562731369045,0.7156835026698998,-0.18066880283042192,-0.35716713238178466,-0.19553487401698136,0.1594368097593312,0.3420402537518332,-0.6376414494513787,-0.9601422362696147
-0.6985987715053089,0.23511347121513,1.000000000479297,0.5943548190785094,-0.09618309561931906,0.9652882878276661,-0.24089794545304902,0.761982750429037,-0.7496054662443001,-0.7663917315547467,-0.8961147756524706,0.3630176480332817,0.9157806346235935,0.9071344024718994,0.5939950654519249,-0.4431602247333805,-0.9442135891744882,0.7327666019531726,-0.8714163280290861,0.899116587628697,0.683688110611276,-0.8182702633174858,0.9507534578931198,-0.8854921438762525,-0.8607773066145343,0.8860796443052211,0.9175901015153644,0.9638954606027413,0.7405106022310867,0.9310665300891743,0.18362581302171513,0.9211676032992301,0.7883427753682845,0.9208586942661494,0.9317616869340184,0.9026133280973583,-0.6503005052590636,0.7259758957733153,0.5820475019136784,0.9593431788927137,-0.8290899429752314,-0.9337412716938821,-0.9251497223804542,0.8707619469863426,0.744602908879314,-0.9090672791106592,0.1775944111006505,-0.9744960055019363,-0.8340244691407265,-0.7070916432133094,-0.8440862158430426,-0.5744271904102191,0.8794953696684545,0.9105293950876593,-0.9211957757701547,-0.8682960946580538,0.20476509653871908,0.06485600733699469,-0.3041511515461872,0.9710933481950617,-0.9406340872963835,-0.9485409706119653,-0.9096529431073164,-0.8975132972485169,-0.9919031112468655,0.35433015010597774,-0.8277747353702292,-0.8598599020396956,-0.9540845616795575,-0.2841700118221424,0.9573659903777613,0.9939715798276318,-0.5906890252241793,-0.9250037977486874,0.8576460238701784,-0.8085163582859713,-0.7415345964373914,-0.669888609479844,-0.9610928034881299,0.9437201549982627,0.6428135175621233,0.9447921681758669,0.8909676887242546,-0.9418821639549393,-0.9785514657184574,0.9121981577056364,-0.9009593075459258,0.9152816303710536,0.843043646850163,0.8861577815780711,0.3241941368876065,-0.6586778012436305,-0.5435118036504419,-0.8746691374696557,-0.9819739979198187,-0.8922957970298583,0.03727137209000324,0.9734521775097978,-0.8367254773984669,-0.8676840041785073,0.9656504826951926,0.7358532105619134,-0.8564420596040799,0.5407837955854863,0.7272445827028524,-0.9074921228525107,0.9888828351731064,-0.8894654777632776,-0.8492715960186509,-0.8271932429087252,-0.5023155413723492,0.9544432409035479,0.7827121155961607,0.8798942692549936,0.28626907372972243,0.8937643840908286,-0.8579070880019085,0.5823196350671301,0.298680728555175,-0.9353069410553885,-0.6342495881607517,-0.9205020290952637,0.6855072963830116,0.9747494373416251,0.21448933168355455,-0.27645940222734433
-0.9059145256342833,0.39761325638088046,0.5943548190785094,1.0000000006530805,-0.7964473119568248,0.7390365524080269,0.39426848206691806,0.924259484873952,-0.8126859797075369,-0.12791068499968575,-0.6557464459012485,0.9373955329779566,0.4557982539945416,0.8318784465138567,0.6339899604750735,-0.8118254487360229,-0.40839997508054765,0.8362590904013525,-0.8846182445408566,0.7763520498355837,0.7510083239901663,-0.8348455128762197,0.6624946600681744,-0.8169251459956425,-0.8431386795874887,0.7256550949196351,0.7916397277560088,0.7772640501936087,0.9348837763328767,0.7176545168485089,-0.6023850969999964,0.7739823935684808,0.831963936147739,0.32939058713328834,0.8395860273320703,0.7850701261040666,0.18201703589865081,0.8790163991081742,0.5801596141505598,0.5297421795298143,-0.2699656620587827,-0.8230424459457522,-0.5468212421759623,0.44368522489538514,0.9053937173414834,-0.7548272429377167,0.839387476039858,-0.600974435188958,-0.40490726547256045,-0.29491898767093566,-0.912981960193878,-0.47411094628178113,0.22163659637077812,0.7576784595491359,-0.7597457256701203,-0.6838958424440699,-0.01115067277891789,0.7089114799772562,-0.6731381422532526,0.7575551048128936,-0.30903478677689616,-0.7984518670697579,-0.49311497328229387,-0.8617288527937138,-0.5129652759741646,-0.5088670440240024,-0.9205670132109297,-0.8188749004151032,-0.6904884239425619,-0.7019195143983133,0.6178428129357226,0.5458406276104186,-0.8890593879518167,-0.7918815877262418,0.8540930349205086,-0.9221286683406306,-0.9334781639291008,-0.979660937967021,-0.6943855318764499,0.5616358265437043,0.938896891565096,0.7748975943978372,0.7096930781221754,-0.6915681937462522,-0.4664619432701972,0.7167847170160867,-0.8105667250439363,0.8190922571018788,0.6131058000802039,0.3928596453088728,0.05388186948082859,0.1868676022425239,-0.9849765505276912,-0.8338241701822702,-0.6320806243346223,-0.8282074188924765,-0.631075063008247,0.7444974207260566,-0.354988338343583,-0.24838876187091924,0.6942719709111936,0.8755902493876113,-0.8837870377536766,0.9684203373603621,0.8341539266330773,-0.826889591153458,0.6184355363133403,-0.876715253557807,-0.6268798445088336,-0.8813866664100826,0.09638760890070198,0.7574119287602343,0.8976820401273856,0.8698723084260287,0.772495158288403,0.7532003230005693,-0.8579780047411819,0.9645899998882695,0.17331795860182436,-0.7910361452736102,-0.919375676935853,-0.8077589744343778,0.8306596239250832,0.7094005742400038,-0.539315466325937,-0.38929981458042195
0.6943644112610472,-0.45717648801102884,-0.09618309561931906,-0.7964473119568248,1.0000000002543397,-0.34006013420200154,-0.8543242158950823,-0.6918875926282879,0.6538809499385272,-0.3249614231530353,0.2855726667887777,-0.9045446900078711,-0.029834452569565666,-0.4193603771478689,-0.3940001600673836,0.7340924916402047,-0.02926219597744901,-0.6977849119039299,0.5211366691823276,-0.41739023239737366,-0.5103358173938117,0.45984254854094236,-0.16509617074059152,0.40994749294039734,0.4848267828497055,-0.32050693587188783,-0.38393442692211005,-0.3312248270284685,-0.6749465948222346,-0.2879457280141542,0.6326394428290812,-0.38761624088140734,-0.5277658350511505,0.15052425150332246,-0.4303366534052566,-0.37278637830821076,-0.5141720760328526,-0.6490474388575086,-0.23005751016422257,-0.03702812612392965,-0.07263045434180952,0.41084451784260184,0.0794285659503002,-0.03359481154223414,-0.7225969184588764,0.3482044134786933,-0.9656665711407939,0.1407655744562254,-0.12395740339174445,-0.03400643512154108,0.526348621358822,0.3785331278250019,0.24283313043815963,-0.3995676336851536,0.29867552687006244,0.2524947049670359,-0.05454622818111603,-0.9267238718972518,0.6096230644662044,-0.2788869733660023,-0.19816783324937864,0.37085656876058887,-0.06851749925360956,0.5232688218622403,0.02757120267096753,0.8584661968948499,0.5961454170167226,0.4726030740069644,0.2877773408818956,0.6115733819865582,-0.2093275810328217,-0.053328928675962235,0.8220027988597548,0.4002840909477804,-0.4608286209603038,0.6296337389346941,0.6386686356777698,0.7930837127641439,0.280452233182913,-0.09224982072078727,-0.8125862457772722,-0.3817631168680282,-0.3384428417298672,0.24395843281549073,-0.06879457992046457,-0.26404133342589936,0.4443352777917953,-0.42440436931899167,-0.10043159833570149,0.14275541441042566,0.1779417048854791,-0.5823296382474786,0.8169661683950784,0.5269972782097254,0.14598753918684926,0.5227351691409728,0.9586598517369579,-0.2583894007606949,-0.14913164282951505,-0.13567702489574338,-0.26398946248263966,-0.7249663943668326,0.556823469322849,-0.817384387274128,-0.41103182972941865,0.4657388001715525,-0.1796722151036796,0.5098393137743891,0.351761903886186,0.588559239843291,-0.637334863853196,-0.3322846567188036,-0.635415838405206,-0.4854045863074068,-0.7733827462750911,-0.37152857008812673,0.4738936081957205,-0.820177857124565,0.06724732069096993,0.3778281300325998,0.8118622823871442,0.4116089781049001,-0.6816662299740626,-0.29349030619190536,0.8934941204262798,0.4689281010998833
-0.8211666960852986,0.33224642428276924,0.9652882878276661,0.7390365524080269,-0.34006013420200154,0.9999999996892424,0.008766193372002105,0.8916985705143158,-0.8928469803658863,-0.6581142982994871,-0.9286865676185697,0.5565153469059253,0.8894617184011873,0.9553731422168609,0.6879622352671547,-0.6204115509307571,-0.9057126899211752,0.8710527777714046,-0.9503021636196028,0.9519379306228156,0.7695542216635883,-0.8876957221879498,0.9292686515815469,-0.9394044624090415,-0.933790594873382,0.91735015321745,0.9623052943253851,0.986540157970465,0.8646158775895751,0.9528272673709641,0.05937693203254397,0.9694369417661226,0.8810788923890497,0.8426841422214199,0.9810686464899636,0.9445345232621394,-0.5028507789976435,0.8502326596855092,0.6056770124450431,0.9186543891288801,-0.7745873485198282,-0.9786897638949663,-0.9027924022465584,0.8515106767167497,0.8846521798860959,-0.9452376466739134,0.40902036440680173,-0.9581916568845147,-0.7497135616569601,-0.6737426240173948,-0.916273106128982,-0.6429839454404238,0.7816207985492379,0.9605886882755523,-0.9393447815637034,-0.8844177775695364,0.21767096701693078,0.2878219988631394,-0.436609997513019,0.9720699660182148,-0.8438069481724325,-0.9834720519471273,-0.8308237547050521,-0.9753542777265982,-0.943663929464405,0.1251697877741181,-0.92374291458937,-0.924165903325087,-0.9789114143076513,-0.42359329556888664,0.9643178331818916,0.9546758087115857,-0.7676641128704265,-0.9756994032925362,0.9162827005829645,-0.917120103334382,-0.8517675967539596,-0.8216149869785688,-0.9806699583276859,0.9186203963179606,0.8072294162157284,0.9877073911070409,0.9293332714280014,-0.9513920940477759,-0.8994325582350553,0.9254960967002012,-0.9611020393838329,0.9698412584781609,0.8099907457750498,0.79914641814392,0.26678901107557945,-0.4991353712571987,-0.7027910293112839,-0.9623318755430552,-0.9637882757451921,-0.9776635732361827,-0.2128771908547114,0.9745491043932816,-0.7554391140133777,-0.8088613687639239,0.9821238808540722,0.8845873636282474,-0.9458420995286254,0.7057046963215315,0.774560108221597,-0.9746963798595465,0.9794274455297003,-0.9639471775614636,-0.8974075653837699,-0.9250631558763233,-0.3017340018421009,0.9833943067917109,0.9025181347068941,0.9475828218120119,0.4759274583339959,0.939976436133701,-0.9239381204571877,0.7496257436697227,0.24810133425172778,-0.9774420835075199,-0.8060324663877602,-0.9739258411944249,0.8250624712401416,0.9907143948002018,-0.017121411382582784,-0.37272380176290193
-0.4056477728550116,0.52657436151808,-0.24089794545304902,0.39426848206691806,-0.8543242158950823,0.008766193372002105,0.9999999998525897,0.3276219998979471,-0.4003425684587537,0.5671559879866654,0.06039456043461656,0.620483333394339,-0.26414707562043815,-0.007371279545392845,0.12356462613002889,-0.4233698934432257,0.25457411324800455,0.4728538736127726,-0.11320197360715946,0.042782814766288944,0.13234880988301198,-0.022951540608608142,-0.25401829840513196,0.01055618364836227,-0.07263625790073049,-0.08792500008597716,-0.02222167238345568,-0.06408819947738031,0.2703975187703448,-0.10861329807143201,-0.3437108110683239,0.005789996143632316,0.12669113566279502,-0.42346313999412966,0.04100050813506667,-0.04591329125340952,0.4777136494976291,0.2695935547610343,-0.20686876899823203,-0.31842670075480933,0.14537425377760924,-0.007389403164056174,0.28226332782642716,-0.2668197680046364,0.4411657685757088,0.0562656768230272,0.7347821589720466,0.20694512034878074,0.5236473495248238,0.29640773459512176,-0.07893868208451638,-0.37302871501132756,-0.4729466970742514,0.11365778563011347,0.13812835943006568,0.169236892670015,0.28907617149449405,0.8709993555660285,-0.2649481719684874,-0.1190986968819638,0.42109746244138074,0.02855389472415374,0.48595274099325,-0.16214837006221813,0.2732725790274373,-0.7829088466269827,-0.18380743269519628,-0.07225314569033701,0.05740086915608696,-0.24483118978780935,-0.11182492851099374,-0.2715330670625316,-0.5454193694592715,-0.014618569876590314,0.013647698391665445,-0.23499407468376537,-0.203579515244372,-0.4355257203370371,0.07120232331816698,-0.27083428428736644,0.4965938916015172,0.01389918394678041,-0.03341256571463636,0.1516268190993215,0.37153798902146845,-0.161326104560373,-0.055735173139365234,0.02340928518008323,-0.3644006070242643,-0.5132264432866408,-0.4148981184546539,0.6410021011281263,-0.44762096645057436,-0.17674350326786223,0.22653811154804396,-0.20006038231732923,-0.959113875670512,-0.15084399070421692,0.5072541735606391,0.31584055328467586,-0.09673099598619529,0.46324956902941694,-0.16359690025472015,0.4749865727343746,-0.04587896543634624,-0.08746521441499905,-0.1264576882845848,-0.11102287711382335,-0.08580682772454189,-0.27040265006727987,0.8380201471308765,-0.05318577919952946,0.2606035794697992,0.062308365696687226,0.47175883771441923,-0.020167157457361442,-0.037384815891355117,0.44933346321723694,-0.11023802647207831,0.018235134878154632,-0.5121047512800186,-0.019010983687190477,0.37320114009711824,-0.03475585366579986,-0.9252994473932841,-0.5511698831079441
-0.8673255371785487,0.29289990853242925,0.761982750429037,0.924259484873952,-0.6918875926282879,0.8916985705143158,0.3276219998979471,1.0000000001219036,-0.9564808086417511,-0.42012087143607335,-0.8740576007261249,0.7980394591643099,0.7218870425628302,0.9406215469525679,0.6913822207390433,-0.8450041491415217,-0.6462824403121498,0.9251240355014442,-0.9650505020030944,0.9383728181771219,0.8957947629231796,-0.926483292499777,0.820685281973321,-0.9235595786186533,-0.9614025173723233,0.8946601026941061,0.9301044182134097,0.900149176697546,0.9893980023828183,0.8886500450103163,-0.28727567178234104,0.933060949169331,0.9566287678730022,0.5983423825684774,0.9254368077535441,0.9225875622529179,-0.09110743859422818,0.9814937162895822,0.6893191580176954,0.7461227623303763,-0.45291739977163187,-0.9371853916804085,-0.7643166431811004,0.7097771784727348,0.9520445396547437,-0.914474690675454,0.7712948278563635,-0.808742643695804,-0.5986069270512847,-0.5890031255295493,-0.9515557630465503,-0.509374830897506,0.5106540724872719,0.8444416030915117,-0.8860877187370478,-0.8504553333068586,0.01285934913880081,0.55591724892241,-0.7293907014864756,0.8546691154978872,-0.5121011606752249,-0.9211828517863588,-0.6588249440094001,-0.9641808615442058,-0.7163600672354887,-0.32869198410183437,-0.9862254966631271,-0.9535820166595079,-0.8852542132828914,-0.7100352003228297,0.8398300085714977,0.7453221502457466,-0.9604322923858866,-0.9370027989597416,0.9466217294914652,-0.9940845005330217,-0.974244464379736,-0.9720859982891711,-0.8822499830837842,0.7792707280865411,0.977849610464297,0.9274978646650582,0.901997757374132,-0.8675795512638568,-0.6225905366741982,0.870168287653976,-0.9537590206722238,0.9446201102848591,0.7420464013163113,0.6056814067128328,0.2793365308129771,-0.12778411439328197,-0.8894828629035008,-0.9743998573291103,-0.8131248214398884,-0.9590619886277258,-0.5409834711223683,0.8619710816156548,-0.5845899738564021,-0.5658730455910866,0.8758644282181114,0.965419612827874,-0.9841761547889103,0.879882751130077,0.7862072160010937,-0.9595927370587203,0.8042819849108028,-0.9645765258953902,-0.8576144541939781,-0.9139357048843477,0.06377221540169345,0.9092040202202951,0.9903548323065983,0.9577361871862163,0.782240596930153,0.9218091708528021,-0.9511517601501694,0.9638567368300986,0.019802289334405015,-0.9271294511633901,-0.9787248678021118,-0.9374639984909805,0.9658219860527744,0.862527605554826,-0.34679920032495937,-0.341041604634475
0.8288362069573914,-0.3464138590862328,-0.7496054662443001,-0.8126859797075369,0.6538809499385272,-0.8928469803658863,-0.4003425684587537,-0.9564808086417511,1.000000000533288,0.4453700578082057,0.8712640893802803,-0.7285991230642203,-0.7531515939370051,-0.8819282258889958,-0.7533327664285051,0.8390046566651357,0.7232610400818389,-0.9351370981724634,0.9203052629293126,-0.89781469010506,-0.8184527203087609,0.8729541423883185,-0.7553726519644323,0.8849345598458599,0.9146121766959759,-0.8483411219435968,-0.8918073439438171,-0.8574728830014582,-0.9272476436708704,-0.8562558769681476,0.08762567675861511,-0.9070590090746665,-0.9155754152548952,-0.6214588728971412,-0.8856906879617539,-0.8761547918817383,0.20200703414465382,-0.9332763050158145,-0.59997955321531,-0.7330778451685945,0.5398755256337231,0.8896674707499995,0.7606556636690817,-0.7434147844959105,-0.9427229718539076,0.8716946053685102,-0.7129907537808137,0.7973786880630972,0.5315691885081472,0.5884386850907181,0.8705186738146492,0.5896161353229984,-0.5428218371128393,-0.8568442257035177,0.8281159949478979,0.8022229175523135,-0.14171830966881094,-0.5409841506230396,0.6269980438501992,-0.7943302455762282,0.5519620265148482,0.8786491966099483,0.5888303136468873,0.9329040099246492,0.7180606101390793,0.25542485620657085,0.9228352630853927,0.8901528510183467,0.8805797554181534,0.6239874790485538,-0.8452463804862481,-0.747740619413712,0.9337313796360432,0.9113578237730108,-0.8686443203642497,0.9409958207547391,0.892116280097697,0.9073797891653138,0.8690587601657964,-0.7626941207268148,-0.9311542637147074,-0.9030360091567984,-0.8712690120104044,0.835116167137989,0.611543421625498,-0.8196623965374074,0.914369730707746,-0.908128497150199,-0.6505955982952198,-0.5664351296387334,-0.22257343561121415,0.21895835870378358,0.8046818060898512,0.9581007286964843,0.7921210769860019,0.9553963859275157,0.5559623674106967,-0.8107745190306087,0.552613679339175,0.6383618255212609,-0.8659734112595497,-0.9748060880757708,0.939166123996793,-0.8179257653161137,-0.6990693051965563,0.932290221215097,-0.8055215510892411,0.922268911709772,0.8585071542509114,0.8987525443364531,-0.08710096823640301,-0.878765390164854,-0.9603769028202745,-0.9033417840589086,-0.7424316235850137,-0.8885272627486808,0.8885624108991949,-0.8922470132639537,-0.030877690435512656,0.8949838186425652,0.9529201670218164,0.9108785874450719,-0.9413747922841879,-0.847310178039927,0.33346352774685906,0.38780051880394584
0.115331620060592,0.3864363314457428,-0.7663917315547467,-0.12791068499968575,-0.3249614231530353,-0.6581142982994871,0.5671559879866654,-0.42012087143607335,0.4453700578082057,1.0000000000354254,0.805355994088702,0.1699893265231155,-0.9200764184678119,-0.6509313762854452,-0.40049921189885995,0.26041040060877096,0.8211479011075103,-0.27856828275401163,0.5477601125782131,-0.6837388222842368,-0.5979814418029102,0.6190404271656909,-0.8091412023354424,0.6505520845114083,0.6302644831920662,-0.7693310616405864,-0.697642019196524,-0.6730561884513937,-0.43208245900423486,-0.7767035395987023,-0.47897990245258426,-0.7062580482601077,-0.6115370714000865,-0.9514173697675766,-0.5674160963958381,-0.7116360595544782,0.6884046385676494,-0.49720995932466594,-0.6937046374093886,-0.8935388479689301,0.5317682726610515,0.6388306157082245,0.8929116994216397,-0.9262143653392663,-0.2633646295310232,0.7415641671544833,0.1405052751029504,0.8360608135142039,0.931772357774825,0.9204514246304328,0.5061393543464756,0.01802926986607608,-0.9611705484691229,-0.4642819356131534,0.7356322063598628,0.8029964902410148,0.21634042118580538,0.49795870727832836,0.3320017003476672,-0.6399137912771683,0.792828907530789,0.6647067083179196,0.8911225200660312,0.530917402657288,0.8092898387860745,-0.5487324975120662,0.49185385332483017,0.6390239379797746,0.7643748305133893,0.2832162882927791,-0.8105001203738439,-0.8268457020994799,0.251245841857692,0.6831319520588993,-0.6242872840179381,0.47230616128079883,0.4509337773838304,0.21618201548090835,0.7595044377519,-0.8855596689636486,-0.2432548003372412,-0.6800120468942707,-0.763281902321233,0.7990126807578085,0.7527782083351064,-0.7822431153008492,0.6613656528971724,-0.6555875493116892,-0.8212963756050196,-0.9487309468645785,-0.7632873824350852,0.9023317391509524,0.052676461242091695,0.5883336801034739,0.816368413720502,0.5426630441322422,-0.4640030198001718,-0.7021492684035181,0.9645882827356319,0.9286043606192884,-0.7678507455696788,-0.32082545013142916,0.5506250618246539,-0.03960924163977011,-0.39443619004140495,0.6283739997467958,-0.735913333674128,0.5544181862051727,0.6974266118063936,0.33294187813467235,0.5496614738296061,-0.7158712756711318,-0.4901807521407333,-0.5885270488501585,-0.16897666836120856,-0.7364420597294379,0.6144129071652278,-0.22914433222916492,0.16893217577459793,0.6858566605567743,0.2673583506303777,0.6609375076070089,-0.45817335465758807,-0.6623757150985926,-0.6891175737214004,-0.3091420887926764
0.6194117744837495,0.009069102455821555,-0.8961147756524706,-0.6557464459012485,0.2855726667887777,-0.9286865676185697,0.06039456043461656,-0.8740576007261249,0.8712640893802803,0.805355994088702,1.0000000005345266,-0.4199661290825981,-0.9624380825540578,-0.9488122471161867,-0.6559373723185904,0.6883706725649619,0.8597133350533247,-0.7610905468358817,0.9109197802152981,-0.9740827187629063,-0.9030335284824381,0.9211313989058061,-0.9533976253204843,0.9368138574030718,0.9551559458317258,-0.9864748081076098,-0.9698798988331352,-0.9350228789339892,-0.8681431713824548,-0.9861268024611302,-0.09886313985348161,-0.9802526809996931,-0.9448658080963839,-0.8955958174578815,-0.8947029943349267,-0.9712857699803354,0.43753105942378057,-0.903592272799911,-0.8030918032699734,-0.955481683819662,0.5849516651485734,0.9419230591493704,0.9675848408260315,-0.9573880773757111,-0.7627991231196678,0.9845887488063245,-0.4319396221246983,0.968399063541081,0.8710447018631738,0.8812542497830379,0.8737724934755295,0.3521415010247713,-0.8463238821615433,-0.7928872528698178,0.9557802977792765,0.9723175034452812,0.08828832596188817,-0.10418667890330836,0.6508402908031624,-0.8838542561075196,0.7500326667307886,0.9451264907001409,0.8858203490320061,0.9071232418708912,0.8934895220523035,-0.0746220160323309,0.8959952696654031,0.957691458305917,0.9830716139771304,0.6048131249507201,-0.9802093732353866,-0.9200441523038001,0.7686894949321456,0.9690636276153504,-0.9371387992003075,0.8934943442162685,0.8639668063776071,0.7429129706202903,0.9773310997475808,-0.9741307646132678,-0.7694364783217706,-0.9628473431895671,-0.9934927750835929,0.9835665686357697,0.7947414088229638,-0.972760695165316,0.9697932578131208,-0.9571383627840184,-0.9009558709862304,-0.8874746241168805,-0.5890259848371829,0.5705659297484168,0.5933680225877579,0.9489109235032123,0.9563701042919307,0.9152295729775559,0.12390455574049616,-0.9220401845574946,0.8846113290637628,0.8738593247272588,-0.9755822002227991,-0.8077351943713871,0.9293394429872648,-0.5823099194058046,-0.6935721067455585,0.9559527247723677,-0.9139479207966648,0.9152437958561063,0.9416636122012136,0.7665687220104983,0.21904441603295402,-0.9672100583084801,-0.903800561088212,-0.9266711484696226,-0.5997151665948842,-0.989023656809451,0.9356131929226534,-0.7452889854291501,0.09983077103114542,0.9618130478734578,0.7855862709979021,0.9557136682517547,-0.882112030409248,-0.9114422838746595,-0.13138743182055088,0.07103934216079685
-0.880580930938648,0.5561198121560019,0.3630176480332817,0.9373955329779566,-0.9045446900078711,0.5565153469059253,0.620483333394339,0.7980394591643099,-0.7285991230642203,0.1699893265231155,-0.4199661290825981,1.0000000002561473,0.19863006351470983,0.6261783906373654,0.6187440305215453,-0.7857112932166749,-0.21543510860704843,0.7676674956403282,-0.7266996185762281,0.5541004284436444,0.5294337793685278,-0.6560490972763127,0.3888968268280908,-0.6336873160192639,-0.6525255255357478,0.4820479585164928,0.5818468505684133,0.5675812195833729,0.8026589278350112,0.48101838667231744,-0.6837104222643878,0.5632022926837237,0.6523652659283978,0.04776219243442531,0.6717296628623123,0.5670495320247343,0.3655537386171952,0.7260293442989406,0.3507454578308278,0.2579517818815186,-0.14554344457664023,-0.6236115724979958,-0.28907834393082793,0.19192385130225592,0.8453626805120725,-0.5226665571524819,0.8841406197944026,-0.3458866354679785,-0.08833238225231282,0.0013102470865718498,-0.7495072371661635,-0.5166973185443399,-0.06722391598797803,0.6480909172722613,-0.5291926510597948,-0.43436587964798484,0.10736189355481497,0.8791176985890439,-0.5322673518141251,0.5442684668089378,-0.09113312618622155,-0.5932875778855183,-0.19200772231986857,-0.7031267415082502,-0.26675485299083634,-0.6654866927542549,-0.7648087518795994,-0.5999429443931497,-0.4662127431856679,-0.6121941422342223,0.3783114278065932,0.30319684861186513,-0.8144295313105094,-0.592236877090105,0.6470417863694534,-0.7777281084611276,-0.7859138197629716,-0.9105714322091488,-0.4651509431286523,0.29081980101776184,0.8604786065655976,0.5693757171640454,0.46858114767390935,-0.4465730844092144,-0.23501067244894835,0.472198500122936,-0.6043382839613332,0.624801383732246,0.333797072958565,0.08637317583330566,-0.22860217103397149,0.4353767946287485,-0.9715586711885674,-0.6646981318368194,-0.3850006123873721,-0.6793509563154994,-0.7994394991618279,0.5221283824164349,-0.047414791128324266,0.007370540369769574,0.4702886439499003,0.8045691091523205,-0.7164511049807251,0.9747946802104274,0.7262010596105267,-0.642512335516754,0.3978791459683336,-0.7141731046455796,-0.40195496707228306,-0.8048405028220731,0.25444844195339955,0.5400128212409592,0.7647309800398406,0.6919311194064575,0.746578229758952,0.5280211420965082,-0.6675453736700302,0.8914108335538906,0.26549392431198027,-0.5880415890256877,-0.848307212739631,-0.6192839736627404,0.6889410429193289,0.5060358306438247,-0.7657907882787738,-0.4986845314705597
-0.4755170761047339,-0.0822519769262335,0.9157806346235935,0.4557982539945416,-0.029834452569565666,0.8894617184011873,-0.26414707562043815,0.7218870425628302,-0.7531515939370051,-0.9200764184678119,-0.9624380825540578,0.19863006351470983,0.9999999998550524,0.867923065600378,0.6108011640566161,-0.5227544943293915,-0.9339331369386955,0.6234143674461372,-0.8093200751390364,0.8943085407208665,0.7733697700990064,-0.8277413950004264,0.9336937752835578,-0.8646314251319684,-0.8577278670156844,0.9282867676710223,0.9033414539236702,0.8849968111255716,0.7143849883042844,0.9441946040479289,0.31572427770428985,0.9153696098311075,0.8330913941386265,0.9767705741248688,0.8217260501348141,0.9038007658343398,-0.6261871233132568,0.7558396030273054,0.7389237929459045,0.9827943241759017,-0.6714542340223488,-0.8684506285636787,-0.9851328460213687,0.991998537688208,0.6167978463787093,-0.9229447862080303,0.1795395355556595,-0.9712661270502995,-0.9143926394569121,-0.9070837856153944,-0.7599604146620907,-0.3174100168141325,0.9498795117519697,0.7453193897189926,-0.9056083910441255,-0.9302074183353026,-0.044867359441434065,-0.12157695407623781,-0.47045244782046924,0.8438753228252733,-0.8574362561874349,-0.8839364630427778,-0.921480150490704,-0.8092063499434365,-0.9318636239806414,0.3285634773391706,-0.7667189987426015,-0.8554506344667614,-0.9503320412833974,-0.43369165646775515,0.9688969792215466,0.9526664546349664,-0.5780451604770571,-0.9027046718991523,0.8368768709606822,-0.7574170541273246,-0.7137706219621922,-0.5590636392750779,-0.9444942942223638,0.9847306171136169,0.5806029301576423,0.9021531363392857,0.9342453381661823,-0.9531888455300512,-0.8572395473021932,0.9309814514621699,-0.8855628808653944,0.8819165011211404,0.8845196857517782,0.9473248295465643,0.6133488607030373,-0.7663811126493961,-0.3966311554658005,-0.8502451803943316,-0.9575939384126594,-0.8243450041721834,0.11218068826494884,0.888939085715016,-0.9438893644449443,-0.9607965937191829,0.9492126035590436,0.6630784554498417,-0.8153460610351451,0.39296231390563435,0.6086090054475581,-0.8721054236797477,0.9143490068212801,-0.8178439583054924,-0.8836448165527885,-0.6600298199268916,-0.40552402659570524,0.9178999793509638,0.7709897407576182,0.830607490820315,0.4035410761241961,0.9229241520194391,-0.8375984170370991,0.5455966197677924,-0.04338613633674791,-0.9004746414268547,-0.6020369531272167,-0.8873699299757888,0.7285026042214037,0.8787268103375975,0.3623908820141961,0.010800249025009886
-0.787311769380333,0.15290536816742356,0.9071344024718994,0.8318784465138567,-0.4193603771478689,0.9553731422168609,-0.007371279545392845,0.9406215469525679,-0.8819282258889958,-0.6509313762854452,-0.9488122471161867,0.6261783906373654,0.867923065600378,0.9999999993828459,0.7178180723824742,-0.7454408593680143,-0.803168328400322,0.8194068184162488,-0.9874942858653253,0.9756895242609782,0.8802724585152676,-0.9742091936163699,0.9581141892161602,-0.9884743506920464,-0.9921084105986745,0.9752854820030843,0.9963289734524833,0.983313700122696,0.9478119287090623,0.9822694012147883,-0.15675558472884168,0.9895480656963898,0.9645692668731624,0.7945046817137855,0.975776860203132,0.9944428903664855,-0.292751363874442,0.9359736148176796,0.7871586157130959,0.9102601655975407,-0.5643496932173502,-0.9943368072550566,-0.917122825198882,0.8550129065568206,0.8609933990995927,-0.9877223525488906,0.5400045806396501,-0.9370138039265717,-0.8139837356051868,-0.7176270652506967,-0.9807359845780098,-0.43962128595510847,0.7183160763877439,0.8771108510842802,-0.9895424997215003,-0.9581778569714966,-0.0527231193861334,0.28216808047674075,-0.645441575528249,0.9549154484441714,-0.7181085890753511,-0.9916605919039471,-0.8699090070253204,-0.9698385011864084,-0.869419404666439,-0.045275446428016,-0.9784137528055035,-0.9765890755286754,-0.9648689203285513,-0.6438079465102399,0.9362293489473678,0.9002750288817377,-0.8157223045508532,-0.9927754155854086,0.9932907411069296,-0.9687882025858932,-0.9531653656540175,-0.8733429128128994,-0.9657124125261057,0.9255897242368568,0.8536310281457494,0.9829997237798349,0.963794401152003,-0.975794481829581,-0.8100785510494456,0.9791422052085283,-0.9903651571192351,0.9969399011159129,0.90889626816556,0.8248626845360195,0.41334430575986497,-0.38111680254496966,-0.7838598340437856,-0.9728451347238121,-0.9505385411444066,-0.9537455783481473,-0.22840652332853587,0.9742357602799427,-0.7979203852704114,-0.7247051626064502,0.9706450349222552,0.865413353876577,-0.9850900096584787,0.7689473274726126,0.8594339927931876,-0.9900043796811842,0.9096595294161497,-0.9881201534780589,-0.8738459894170075,-0.8885528020392245,-0.25559415601459073,0.9876090067362907,0.9578091624230213,0.9952627971605339,0.6482964635228108,0.9827272274399425,-0.9935782456136579,0.8528947963528722,0.10081053416560672,-0.9945538045079028,-0.8514029496566828,-0.993496423799465,0.8808704308955029,0.9363962201464551,-0.035944585932194406,-0.1856914519446747
-0.6162405205562453,0.16608447226286538,0.5939950654519249,0.6339899604750735,-0.3940001600673836,0.6879622352671547,0.12356462613002889,0.6913822207390433,-0.7533327664285051,-0.40049921189885995,-0.6559373723185904,0.6187440305215453,0.6108011640566161,0.7178180723824742,1.0000000004037934,-0.8380269782174303,-0.6652110361512124,0.5494624031668197,-0.7779051336333362,0.6058692148575343,0.4865359648657604,-0.8134294661637154,0.5835412661405328,-0.8116246366826253,-0.7418503961820396,0.6658488512721055,0.7303309666863602,0.6767432043825454,0.7376906977026093,0.6909819668037619,-0.20228141307231778,0.7015800602596931,0.7499835647422753,0.4870044165782161,0.7245460534326,0.7279214314414082,-0.044364784981832654,0.689706713665551,0.6354852522117648,0.6013302489262882,-0.33218796098017805,-0.6959084565767868,-0.6788677575855855,0.652023148228006,0.6581648445771233,-0.6794792716921059,0.48819044143348744,-0.5999787230861156,-0.4827227371484246,-0.35491068910066814,-0.7508936720991534,-0.32294270094617084,0.38765560308054214,0.6914293274989476,-0.7230828886023596,-0.696783262757097,-0.08134380194427394,0.29443246292695235,-0.42256876922656933,0.6110209854012039,-0.4832400775484811,-0.6959265179601305,-0.5372799891930309,-0.6816210717616693,-0.5208825009555951,-0.1484018721824739,-0.7205676976002512,-0.6005062448992673,-0.6555496337937549,-0.6279760082755739,0.6035333882285501,0.6024917127944486,-0.5641290688412551,-0.7290466555347592,0.7056301942447173,-0.7220586936447905,-0.7341740208125267,-0.6663585131720127,-0.6346336615981183,0.6113823255329375,0.5976090438556636,0.6689857820488739,0.6158237633299835,-0.6773793055584688,-0.5011733054345409,0.7008420609113134,-0.674542051272642,0.7405846114296158,0.6277963745301832,0.5120169105312481,0.1120621312158574,-0.17851797866111224,-0.7086759629487956,-0.6956599409866538,-0.6488482498796714,-0.6856004508155492,-0.2445323963484148,0.6715340569827994,-0.5061927700224464,-0.43368716847596134,0.6836781545190228,0.6574934222656754,-0.717911065450897,0.7427626066972585,0.8474985389104299,-0.7184278700893628,0.563377950912157,-0.7516377443501938,-0.43597927310396817,-0.7256322370090985,-0.30321051420357115,0.685560560741156,0.770367662405404,0.7606090543259403,0.6875681893965512,0.6873854652669017,-0.755668424343707,0.6821717912120576,0.27676699810518773,-0.7310566669877773,-0.6413642623891788,-0.7619286415352722,0.5801943609020769,0.5858776232799718,-0.1309042713422168,-0.028114181319783653
0.6375111687545818,-0.055914546640137675,-0.4431602247333805,-0.8118254487360229,0.7340924916402047,-0.6204115509307571,-0.4233698934432257,-0.8450041491415217,0.8390046566651357,0.26041040060877096,0.6883706725649619,-0.7857112932166749,-0.5227544943293915,-0.7454408593680143,-0.8380269782174303,1.0000000002483622,0.4173716298202706,-0.6645302318256573,0.8021876557540626,-0.6923456534621003,-0.7518129775591047,0.8531115573930856,-0.5602068537775088,0.7970693591114975,0.8115880985541407,-0.7208841578916276,-0.7427991584726189,-0.6362516525585197,-0.8867167269964434,-0.6896959324479284,0.45664056163941946,-0.726328258705996,-0.8679616260065324,-0.3369565412962621,-0.6851114597062556,-0.7526716009180326,-0.2719657250428566,-0.8804123926893604,-0.7523546425683131,-0.50409601356526,0.05155774543504088,0.7007867849597139,0.593960797359347,-0.5748333435616627,-0.7420278417096845,0.7194229724538981,-0.8524882887464755,0.534689181341137,0.42181705837832006,0.4337307206244005,0.7921505556797899,0.17538990745844985,-0.23114561541283005,-0.5651892915217595,0.7070694055802227,0.720693073123007,0.29917198773663783,-0.516319369175265,0.8093392420567649,-0.5415776216569597,0.18369735937867782,0.6787610871958148,0.4351692343332213,0.7162363408802945,0.37338878267124964,0.5704936686262742,0.8155571349705546,0.7297610813742655,0.637246442340538,0.9076414446433025,-0.5715207277822903,-0.4515754055966954,0.830179530287859,0.7357686826987068,-0.7833584522913299,0.8332243483471885,0.878226123536321,0.8282581264828259,0.6164865032285657,-0.5543407811531597,-0.8226132035425049,-0.6738228945813276,-0.6905530562910719,0.658313842903702,0.26767342787224546,-0.6986403715102301,0.7383426866128536,-0.752378244343185,-0.6103452064023943,-0.3997707559946712,-0.28885473888571817,-0.10083526705628254,0.8375246295597631,0.7679212217048981,0.5565236649041402,0.716127987558809,0.566039519756859,-0.5975327302730034,0.42189072973036995,0.30476420618921973,-0.6360306663491462,-0.7754667953195945,0.8006333199268222,-0.8417514477671167,-0.755157814090577,0.7515608801640637,-0.4654595119184976,0.7725079280629767,0.5553874485461516,0.6926131232286812,-0.1623015230055492,-0.6684650718550902,-0.8803120826541122,-0.7914323304343492,-0.96878217032863,-0.7411354429091134,0.8103285662195107,-0.9103841703990058,0.13327143943916012,0.7202969983690494,0.8588745061964639,0.752645407212361,-0.8218098953370501,-0.5296383756806303,0.40457304875796307,0.012243651189346103
