1.000000002720853,-0.9722193428670171,-0.961684624889009,0.8792801526350917,-0.9810602160046995,0.33698218101656563,-0.9379453320245387,-0.9568736876031725,-0.805929488278821,-0.9604593474330452,-0.9840533732633788,-0.9642466071237689,-0.8735764708363557,-0.9140788130786466,0.9114305878414313,-0.9648221453074808,-0.9994946931774097,-0.9980730783004867,0.8320678370928375,-0.6629061770569724,-0.8418705849799107,-0.8207508853544194,0.9843527842506055,0.9420589249578856,0.9788456557292958,0.9831317558854705,0.9781463515287399,0.9566607367025931,0.9620492034762512,0.5230184789104685,-0.8769891099784081,-0.08247400746720253,0.8036391539074754,-0.8396972242282358,0.9584047313322535,-0.8353687492809813,-0.8966589531324498,-0.9192955177928989,-0.73221495622926,0.9548649118079869,0.9588822493116905,-0.19145691195067657,0.7315402227836646,-0.8153439277421306,0.8426984384639978,-0.8850005341468652,0.9635244372047941,0.8892595525943023,0.8117642582575489,0.05078505907878319,0.7520983003100196,0.9582904938173813,-0.8956236761968525,0.9373528547056147,-0.9610384725660235,0.6825703005614167,0.9226229498166432,-0.9276269392901221,0.8643293532210166,-0.9576172679915572,0.9318113488597393,-0.4058253035627208,0.9323433724033219,0.9038114793456706,0.8823437455990395,0.9166178285860292,-0.9314135978271546,0.9536937798608518,0.9194382852701906,0.8929047097875278,-0.9475781405700443,-0.8925060037517558,-0.9522560682612472,-0.8295852208933772,0.9542145146909987,-0.9330968856284749,-0.9579667693334382,-0.6309898247385365,0.9510178979185996,-0.9058402188683383,0.9383957555020979,0.4140136953695664,0.9920420936282707,0.9743227833344177,0.9536225496012034,-0.9608966460458929,0.8685973223735486,-0.8721153697579261,0.9522870692441484,0.8343907984814759,-0.6097756151557998,-0.8727864747015419,-0.39701013077348707,0.836095271426657,-0.9820270918281813,0.9701510675070185,-0.9307579312871226,-0.9295921025339796,-0.7661922242127956,-0.9592585693006284,-0.9361493139385337,0.6284551972007496,0.8924150755244371,0.8696362268641852,-0.9630237234380418,0.7149948498257533,-0.927039888683946,0.940437222313599,0.815582156429564,-0.9886609074878138,-0.8860044928152674,0.9174603704415211,-0.9834631510480131,0.977574638213486,0.93845455678073,0.3730321599941215,0.6699665658057974,0.8928560529929049,-0.9466312187049194,0.9711315877356639,-0.9423086635861112,0.7398689867958679,-0.683236862135421,0.012843994945731983,-0.9241033357016262,-0.9594421868109987
-0.9722193428670171,1.0000000018230621,0.971431243598264,-0.9187127681569017,0.9814773294554929,-0.4358440743483963,0.9673503843293971,0.9559869133595192,0.6735882670573206,0.9699050684692784,0.9882106001870581,0.9244791264753901,0.8083125945319022,0.9747656571189615,-0.9649765859245408,0.9984855457153615,0.9722995995073169,0.9714726355273876,-0.8532271788444513,0.742186663742625,0.8795897070572728,0.9002551454857268,-0.9898888015184766,-0.9762127247240351,-0.96395051595884,-0.9940558789724576,-0.9984117657326018,-0.9272767921113564,-0.9938769782237136,-0.6911560020533172,0.952665246658472,0.3118058051769448,-0.9066047546373032,0.8388775092085681,-0.9779651682255759,0.8706638069920299,0.9048901450787621,0.9592509399657798,0.7297130969088244,-0.9713358322923201,-0.9511568198594187,0.3801173413742201,-0.7767284333878491,0.8962866687582182,-0.906330377251645,0.8774644295987655,-0.9810860173253861,-0.924192808743101,-0.9199440701346936,0.0983604251108052,-0.8140071200299143,-0.9902214797964997,0.9281560674740381,-0.9485470146999826,0.9743070901436064,-0.7611682064382471,-0.908814939207326,0.9805647610392625,-0.8574956209922785,0.99628373504754,-0.9207893429892926,0.47880146504170656,-0.9685186575496656,-0.9733909381831128,-0.9542188704221398,-0.9551495173208923,0.9690827702827554,-0.9918238507758653,-0.9694710326850913,-0.8523657046578068,0.9050981048676384,0.9304517007300209,0.9625845199830764,0.8482142563031326,-0.9113941065860822,0.9435276614871642,0.9571897497244191,0.6981179727547012,-0.9599206282024907,0.931876899373589,-0.9032359379622913,-0.34416504705559714,-0.9860419978189889,-0.9638410910511497,-0.9715450845026006,0.9828722081316101,-0.9316207895409535,0.955881232459439,-0.973451799459669,-0.8992694129773909,0.7503757734769532,0.9015221034692465,0.2800546253497185,-0.8030530882358086,0.9552068950904822,-0.9129284049447834,0.9791969710948466,0.8882483590989758,0.7399004634719529,0.9008962048395354,0.9510657933667425,-0.6367831666732814,-0.9310940898679883,-0.9348152450964464,0.9528069405861478,-0.700434857379476,0.9680704167402455,-0.8415827120741426,-0.8606158217218473,0.9599704189791257,0.9629249850946153,-0.9136354399190068,0.9902936466389655,-0.9418481624555624,-0.9367176823551858,-0.5394750716558394,-0.5844690784083005,-0.9681611137025853,0.9087846473970052,-0.9922033339070296,0.9901853312887772,-0.8562181865859017,0.7306601481771613,0.10669739837520092,0.9579061613602465,0.965283069855711
-0.961684624889009,0.971431243598264,1.0000000028780514,-0.9607595798617923,0.9301548585597632,-0.5513003665951162,0.9960431750799275,0.9899034365067727,0.7347312178037908,0.9969620199118101,0.9872263474000761,0.9616024685560558,0.8409766025321304,0.9094550105212323,-0.9696935156111395,0.957070170074979,0.9660390588171232,0.9466254902116908,-0.9467626997073486,0.8344330692541972,0.9552467039481463,0.9375247646052294,-0.9916556581612735,-0.9425126474364025,-0.9934375961537285,-0.9888770435145671,-0.9622672835279596,-0.8536455723113109,-0.9842587629241053,-0.7001626012630523,0.9595099794382816,0.21871683970440542,-0.909129313561578,0.9419657150078212,-0.9805151263593691,0.9527349631483628,0.977155376954852,0.9774079701940228,0.8620841661580217,-0.9910559452337262,-0.9957181520439978,0.2004296955002539,-0.887043944397889,0.7963216923858972,-0.8238678262633924,0.8666201806182328,-0.9974325799803966,-0.9382589137049728,-0.9048364300397788,-0.12507768023490118,-0.9014418409139567,-0.9772473652669736,0.8329202049928676,-0.9950318090497914,0.9918252526802235,-0.6049772224945438,-0.9749491973109558,0.9763863684688886,-0.9410764947291527,0.9536779484078324,-0.985193971065294,0.3052812364489186,-0.967200793414368,-0.9270786588986077,-0.9497157140059906,-0.8587643878345402,0.9863981771145184,-0.9377249391038276,-0.9408956893031348,-0.7555033736229987,0.9481052541610407,0.9763279892889036,0.999280740166682,0.8364507083784675,-0.9721417336389206,0.9945846959640373,0.9913350234840992,0.6413835405367965,-0.9921932492052544,0.941024535070485,-0.9683014267653033,-0.5357273333400407,-0.9600564391097568,-0.9962455808101435,-0.9978465449353997,0.9199235459272556,-0.9471311581254435,0.9472636869166341,-0.9987946653084603,-0.9517767814736626,0.7856578903193128,0.9706044925791094,0.49004074128758146,-0.7139550540495962,0.9794399407435452,-0.9552916084502876,0.9759063846434489,0.9647202041335251,0.818551857720723,0.8596504979170412,0.9866603696815909,-0.7922165827577834,-0.9707271095432004,-0.9652789318038859,0.982804234118999,-0.5761816877048027,0.9906776675087303,-0.8859654017146571,-0.9369635970088257,0.9779308473209163,0.9346566683053839,-0.9834710895652549,0.9443557970569193,-0.9761804265295315,-0.9916290855450608,-0.3581227244872969,-0.6970135206634565,-0.9440920431636822,0.9744921143964648,-0.9843892244658539,0.935099036621085,-0.7309956469927518,0.557763609809536,0.227307981785417,0.9925065451209839,0.9991706275408436
0.8792801526350917,-0.9187127681569017,-0.9607595798617923,1.0000000023570885,-0.8360264849536099,0.5454680729255869,-0.9703522767903935,-0.9167889980923731,-0.7001436138954252,-0.9398212638765059,-0.9136799666338806,-0.9328357134740262,-0.664196151386825,-0.8386190093655196,0.9177857471407285,-0.9035248504996666,-0.8913559415544932,-0.8584074919244802,0.9395081544495932,-0.8385036669221217,-0.9793086128356727,-0.9341614526228621,0.9431383076979751,0.8462520506978757,0.9454253995027555,0.9392361536291416,0.8979419111687401,0.733836070593592,0.9567245270835163,0.7648618877560532,-0.957569733513244,-0.3433271984135947,0.9530346934198413,-0.9190700201018975,0.9729211803631763,-0.962274638575362,-0.9413475859553456,-0.9187629992967342,-0.9166997089111825,0.9246915029791212,0.9454898217560594,-0.19730282944913533,0.9099415276003006,-0.8175613569495829,0.8530168156234172,-0.9053986692203003,0.9475055744918601,0.8410601625415542,0.9093707229962794,0.1267412172901847,0.9095928092208003,0.9604557334514278,-0.8089663582529868,0.9779962952577361,-0.9238485183180606,0.6155282506829085,0.9710071868867535,-0.9706476822278345,0.867764502233091,-0.8907879744621675,0.9644975351428774,-0.3774471020995858,0.8878611499442572,0.9281587172108707,0.906167098988904,0.779498908054968,-0.9371595749565983,0.8672771535354238,0.9547906696359977,0.6721953855671388,-0.8315700334766564,-0.9377244669627517,-0.962766645153863,-0.6773042815574024,0.9072791339411402,-0.9627777681763032,-0.9751225830530306,-0.7723465748061841,0.9819049176615973,-0.8353207461578879,0.9453761824840874,0.6347917188450669,0.9026420387797135,0.9453162594333725,0.9510942390573852,-0.8681891923207055,0.8927897611560417,-0.9427247720270826,0.9677086129441949,0.9706553344547068,-0.851803837243818,-0.9491971411226772,-0.5028886286912841,0.6932205684857645,-0.9376965565809822,0.896396666468273,-0.9240174047699107,-0.9256947975916371,-0.9040293422282611,-0.7833151445682752,-0.9208539711327344,0.794649796420352,0.9188412345834363,0.9556190664874339,-0.9672473228803088,0.3652309791770151,-0.9754210716315919,0.7932496732157962,0.9155541314095762,-0.9264813140241133,-0.8858020923501234,0.9462679114239917,-0.871654920313195,0.9298390988765337,0.9437502334631589,0.3377126479562872,0.7675015700460721,0.903514191278547,-0.9189289396817212,0.9164949547597674,-0.8721599913062109,0.7296136477177252,-0.521765169000431,-0.24943834725167469,-0.9781027518400466,-0.9670163372739906
-0.9810602160046995,0.9814773294554929,0.9301548585597632,-0.8360264849536099,1.0000000026761127,-0.31594152603003006,0.9127376643866549,0.9271832020071805,0.69440299978917,0.9345737770726317,0.9735589733254709,0.9018558243333954,0.8455885604992248,0.9645299908955961,-0.917992575942451,0.9838351263959678,0.9765437796097118,0.988594157598194,-0.7687040054903863,0.630427438889959,0.786348214888694,0.8128096451115273,-0.9661508222050419,-0.9700778601764094,-0.9369943024000459,-0.9713489086606752,-0.9906780418390099,-0.9806607339492581,-0.9570083917441036,-0.562651227391315,0.8802638582122335,0.2009888399912477,-0.8118016143476047,0.765158952779933,-0.9359675775468004,0.7797224142932222,0.8436272592004445,0.9142243414023121,0.6241870305900892,-0.9387772513352555,-0.9141332821309005,0.36615440406167965,-0.6661645904866905,0.8706312775619424,-0.8777964085789358,0.8460200294942235,-0.9447883343998843,-0.895614903943387,-0.8419806655008006,0.13500960547798924,-0.7096188678362819,-0.9521288431782957,0.9353563963384046,-0.8921237203940783,0.9447779404105691,-0.7725846390707725,-0.8524511216367922,0.9249844930893582,-0.8099645080274934,0.9824559831360961,-0.8681878852301125,0.49415990112591396,-0.9406122327587652,-0.9292422352641201,-0.9009323853568244,-0.9744648662733519,0.9226502509947431,-0.9863098348922799,-0.922531022006559,-0.9153225304987102,0.9059258159877682,0.867832065727918,0.9164670624070516,0.86048341931688,-0.8888462525580685,0.889454943548189,0.9123383294563175,0.6336305978102872,-0.9095241370994231,0.9122491183245267,-0.863357166198566,-0.24255015522072887,-0.9845647450391027,-0.934064634737812,-0.92949018260488,0.9848406962012248,-0.8763555217230807,0.8879236504990559,-0.9258648008316559,-0.8051556696494006,0.6197117262609297,0.8279136422392347,0.21842917518226143,-0.8426763713819351,0.9353016885412977,-0.9050024671694143,0.9382673357312068,0.8506409042873766,0.6641982444677482,0.9409572788893169,0.9117979192267273,-0.531996619030926,-0.8749384501838332,-0.8584064486399542,0.9146440683345844,-0.8051533631581173,0.9078956049828963,-0.8648960278901782,-0.7767398360834469,0.946685619343465,0.9203304684885997,-0.8596023979591473,0.9966955175353652,-0.9229524142766057,-0.8913740266274962,-0.5366446199485304,-0.5301674577177469,-0.9217595844419584,0.878795706077332,-0.970991619556013,0.978354901794468,-0.833592527725576,0.7797851405089914,-0.022546401929024965,0.8953365434425524,0.9214778139936606
0.33698218101656563,-0.4358440743483963,-0.5513003665951162,0.5454680729255869,-0.31594152603003006,1.0000000035224317,-0.6009453480691406,-0.5934946477202139,-0.007393866344229128,-0.5798891270154211,-0.48840379580937265,-0.3516859705555202,-0.49426306332780373,-0.45082014282335425,0.6550864441752235,-0.4100557495183196,-0.3404572240330191,-0.29717226809951336,0.7470169286710798,-0.9127961327267505,-0.6880343063280524,-0.7658035651825965,0.45453417043824884,0.5212810027357295,0.4724305599174679,0.45236584845603656,0.39934868470738827,0.14447693729025543,0.4730790790317093,0.7997096045412985,-0.6459744757114738,-0.39594979783994083,0.6292527667110774,-0.7241654028873616,0.42644571851210133,-0.7299706244937406,-0.6873640441156329,-0.6655538763731101,-0.6391363326373167,0.5981654642439328,0.5601257059564229,-0.17678828091995197,0.8216600041109043,-0.18316334242243337,0.17034566106174423,-0.13945663417626541,0.559241240508475,0.6960530114447235,0.6650024599273537,0.24735142728604845,0.8405728110871195,0.43739922745713333,-0.1117160257730907,0.5746388801112724,-0.5810929418844667,-0.06931040217674336,0.512769765901289,-0.5295700504769373,0.7321488360301192,-0.44341619029192847,0.5549151338136767,0.3775580798680908,0.6192749508787592,0.41444339201607544,0.6712034385220204,0.25188467325661273,-0.6374072226770325,0.41011671977630954,0.3791350258240222,-0.0893610548658316,-0.5351867115701847,-0.7160074090259082,-0.576954743189942,-0.6305289895912429,0.5007862863005387,-0.617746744375793,-0.48005436487593867,-0.009985432500422418,0.5000221072402676,-0.6612776430127996,0.4604900630163013,0.38627771518609505,0.31687849744204716,0.5072180130850708,0.5900586264125286,-0.2705781144915163,0.7288157706814617,-0.6238503841859616,0.568086153445213,0.7221128328955665,-0.8100336456138278,-0.725956101202204,-0.42488997497940423,-0.17219612881171287,-0.3889930957054954,0.36013323522407087,-0.6081586641131078,-0.5082479514085543,-0.27540658724775197,-0.05962612874084346,-0.6463104774289259,0.8472364170451988,0.7215695026353576,0.7065285125380368,-0.42360689061324674,0.11451176185048016,-0.6023410803629179,0.24779588111845618,0.8054991991809569,-0.3782414103064961,-0.6117972779735911,0.6357612999822744,-0.3219998098838766,0.3980973377309081,0.614860215597364,0.16986557139479197,0.15222518610976896,0.6068106837941175,-0.5202417899013296,0.5186211281675142,-0.4291626471023549,0.2572219845425644,0.17421078039711463,-0.9367079108415227,-0.6155396865772983,-0.5402317606734991
-0.9379453320245387,0.9673503843293971,0.9960431750799275,-0.9703522767903935,0.9127376643866549,-0.6009453480691406,1.0000000005740488,0.9828733058126571,0.6806542800547482,0.9929117448521558,0.9774166398049324,0.9390152208561432,0.810585036913871,0.9146277099421449,-0.9807683571145197,0.9537797213470142,0.9429937924448125,0.9216242178816294,-0.9568101219854536,0.8692407019874072,0.9690776216831111,0.9635579306249127,-0.9824464634785317,-0.941172625773051,-0.9797468463579915,-0.9809413916071651,-0.9543135844918066,-0.8222154391834652,-0.9840215116284238,-0.760512137288117,0.9794469119560956,0.295009592656046,-0.9396746351796177,0.9446322924756403,-0.9767945156824251,0.9666729881542192,0.9789201593098101,0.9848052411511907,0.8682449973630455,-0.9890232171923601,-0.9870507417795067,0.24976560672666848,-0.9096146619962994,0.8052429091531934,-0.8277465333618462,0.8508613459418456,-0.995104609091274,-0.9439690987396473,-0.9355534114639437,-0.09393874681915743,-0.9276231756929569,-0.9765460072618792,0.8228476063028223,-0.9939657744565789,0.9881896139676664,-0.6075846011943623,-0.9665366241812172,0.9853548215732469,-0.9391638277067822,0.9524091738652187,-0.9777421732151192,0.30617420080488844,-0.9707050856706095,-0.9374754661624521,-0.9671223907747007,-0.8512961316508095,0.9925263862054626,-0.9349177455949387,-0.9454859627967519,-0.7170765139376967,0.926417338564692,0.9865578976620469,0.9966682483801416,0.8338893132564279,-0.9518963069433862,0.9940225643029665,0.9837048024137915,0.6513590560960987,-0.988166787967864,0.9424879723913778,-0.9513420716948608,-0.5262362936955198,-0.9427662347024388,-0.9847593398245326,-0.9970126082864715,0.9093030557712914,-0.963882109763233,0.9685200809048214,-0.9989552681168401,-0.9735449211688051,0.837381297171472,0.9801936047890922,0.4654929362137659,-0.6794566041999869,0.9602575033157092,-0.9267507026263238,0.9837060822844672,0.9470645466290465,0.8077007603971907,0.8203573282229444,0.9862587607895233,-0.8074787693723606,-0.9806077140559667,-0.9842550531874954,0.9708467066296268,-0.5482127511110106,0.9984677387913724,-0.8419934512722839,-0.9546244607439119,0.9572416481959157,0.9510488894449461,-0.9799224741786325,0.9298794409153708,-0.9548728249141033,-0.9868701514143381,-0.3964223664589176,-0.6684493672921292,-0.9601997662447801,0.9568284779369034,-0.9804870891804204,0.9360708509678546,-0.751886877656748,0.5464599805251759,0.28978445905983463,0.9989937137872081,0.9942884433179812
-0.9568736876031725,0.9559869133595192,0.9899034365067727,-0.9167889980923731,0.9271832020071805,-0.5934946477202139,0.9828733058126571,1.0000000001922296,0.70931990908479,0.9972933116260196,0.9871338655230091,0.9373404425620796,0.9043454048650009,0.903698379376007,-0.9716179023065922,0.9399127517118469,0.9579321555005234,0.9414851268671461,-0.9445862909483381,0.8447428846270149,0.931737544332594,0.9289982143350388,-0.9774201895259161,-0.9547395726847111,-0.9830784154236252,-0.9744527768409147,-0.9498403696280348,-0.8547445247487221,-0.9603601002688704,-0.6739146491431063,0.937814907604926,0.1589944207858487,-0.8672839889556544,0.9472310035958192,-0.94570627055333,0.9397386348569496,0.9804660175301754,0.9842147350629741,0.8334169702593888,-0.9965462756722921,-0.9935218590991488,0.17959271767946022,-0.8810308051024723,0.7331320666854654,-0.7561809904069482,0.797499605659176,-0.9917635881699994,-0.9676606366229561,-0.8824569742169739,-0.1565891577149528,-0.9001752360538934,-0.9460269835000557,0.7849426624650427,-0.9780997215318592,0.996707020087329,-0.5374380566386368,-0.9513570922468453,0.9467579150167127,-0.9689037075823184,0.9432135656162394,-0.9714308048488145,0.20680106403518042,-0.9795010492930609,-0.8854659849659766,-0.9489643856631479,-0.8443474946372631,0.9862096400067228,-0.928555790295437,-0.8919542136166357,-0.7282414099205184,0.9791470735940838,0.9799001613526475,0.9904569101250861,0.895344582005689,-0.9765908404513506,0.9880146334146138,0.9668716446827831,0.5298165549728183,-0.9658891246654151,0.9715619564075456,-0.9508213123300312,-0.4982183863226071,-0.9403651947789105,-0.9896313166408786,-0.9936966230825556,0.8931275529651092,-0.9576247370246528,0.9245029399793597,-0.9855664048545468,-0.9305590696169515,0.7565738609052161,0.9695423962059411,0.5014589014808697,-0.6550828348865432,0.9611295670844915,-0.9470242664805644,0.9735307084151266,0.9595095954570534,0.7489060724391862,0.837735073200722,0.9970104345974297,-0.8090540443884646,-0.9806995810506365,-0.953385554959825,0.9545520056182394,-0.6320445648875598,0.9722714490038425,-0.8916661933969083,-0.9440221157089166,0.9629922356556142,0.9310301133905677,-0.9834801343294796,0.9311419945631286,-0.9620018879774024,-0.9932132136743477,-0.33436545119811345,-0.6386866709763448,-0.9360162742748668,0.9761136411432638,-0.9829303437799198,0.923603509383148,-0.6849142681696407,0.5071891936966292,0.274394464382128,0.975748188921469,0.9856177525016706
-0.805929488278821,0.6735882670573206,0.7347312178037908,-0.7001436138954252,0.69440299978917,-0.007393866344229128,0.6806542800547482,0.70931990908479,1.0000000005183096,0.7077690843955882,0.7177435827792622,0.8888443263700798,0.6605318392958366,0.5061846311490806,-0.5523132103861457,0.6497834788959952,0.8154317196334138,0.7922435461645835,-0.6410340647124457,0.35380625350913125,0.6504989569636477,0.47631019210730663,-0.7516170860790283,-0.5652666497278099,-0.8040664585465984,-0.7340276953311533,-0.681937077965343,-0.7170758950148075,-0.6915384973723315,-0.08009790234326053,0.5367211660620889,-0.37505911865042896,-0.4675619445793005,0.684701225816227,-0.7520489727133195,0.6299714308712039,0.6888785942838682,0.5864295057009815,0.7136706739659908,-0.6698472893995101,-0.7641086569610719,-0.3616366500718172,-0.534364688795694,0.5035967804318838,-0.5864767639927739,0.8331947499773181,-0.6987627057517862,-0.517014696022054,-0.40121253153793246,-0.4575758273515561,-0.4837125949790555,-0.7040759992292088,0.6377482575696387,-0.743299573735102,0.6814967942265241,-0.3805003864012956,-0.8192140783780274,0.636707400636221,-0.6468051153781867,0.6159099991078388,-0.7943438565759416,0.2519299688799066,-0.5769127325651439,-0.5805298115576484,-0.4895127839928616,-0.5565078658609969,0.6170976601939393,-0.602676314676485,-0.6668894495352279,-0.7477814952489324,0.7510182890440745,0.5992387574052227,0.7292245065746057,0.4182742241142872,-0.8349240092970194,0.7197338798781877,0.7949591836704049,0.5486116446054741,-0.7712419991304315,0.5428893783067631,-0.8630392224310838,-0.6944266301542277,-0.7764373894627342,-0.7837299625267415,-0.6941355520266821,0.6811570872738181,-0.4861507354671466,0.5063250841297883,-0.7074746200729103,-0.5615060829320582,0.23216501908638318,0.6336040420682504,0.6808476648072163,-0.7722458941701154,0.8489171806881003,-0.8969289789557928,0.5828157556932725,0.8485679877371581,0.8538429829343012,0.8641735604039248,0.6591023546123544,-0.5176010136613397,-0.5772602485818583,-0.5479535597896095,0.8261925130966132,-0.3337473326592455,0.6549219191450931,-0.935616929517132,-0.5400354003173755,0.845177779473767,0.47066835352238,-0.7376826944522,0.7108554189317,-0.8628206961509184,-0.7337930707449849,0.17152194853296626,-0.9125089755308349,-0.4933473461885527,0.8286988029916609,-0.6685920367911127,0.5773638689415834,-0.30787381806269337,0.39718418576467057,-0.30597516784881307,0.6736560166105626,0.7541931632471035
-0.9604593474330452,0.9699050684692784,0.9969620199118101,-0.9398212638765059,0.9345737770726317,-0.5798891270154211,0.9929117448521558,0.9972933116260196,0.7077690843955882,1.0000000010732661,0.99106903920784,0.9454633465423584,0.8731395885262815,0.9181916612474823,-0.9786159545260401,0.9557192454713911,0.9627386095377847,0.9460463482070715,-0.9455360060608892,0.8451509218492197,0.9441294447521288,0.940751588197934,-0.9872999417771788,-0.9577281641338158,-0.988033060807467,-0.9852522038042351,-0.96221807549044,-0.8587888390520152,-0.9771958231771292,-0.7015493970145309,0.9565363746020782,0.2099666851665183,-0.8969276709325635,0.942593803946377,-0.9653936094961304,0.947127058162362,0.979257369629794,0.9872629167096983,0.8410439076574507,-0.9980724496259668,-0.9948376575068039,0.21534188440888516,-0.8845507192461881,0.7750978360034702,-0.7976735932425426,0.8296308457391699,-0.9982964659812273,-0.9608358135012556,-0.9053031949113136,-0.11851380170064467,-0.9044553579080112,-0.9661174500562713,0.8161624460399729,-0.9871613592862657,0.9983355196484975,-0.583450091853238,-0.9599033450705802,0.9675145977252269,-0.9553043597963101,0.9566862068919748,-0.9762069706692987,0.2652622026574867,-0.9809400955165054,-0.9148612862397816,-0.959117969503155,-0.8620971503721132,0.992085774767124,-0.9420120613001762,-0.9218155307825159,-0.7442018129945254,0.9633536675622317,0.9826092316630703,0.9965786031344814,0.8757354673893077,-0.9710855622264156,0.9923890979292439,0.9787331921318267,0.588049513070574,-0.979472924696347,0.9637666991734288,-0.9549729823204021,-0.4993192050298714,-0.9529574181908844,-0.9932402399692132,-0.9990739907752542,0.9130347622825222,-0.9611603856495929,0.9451831303197434,-0.9951073996717974,-0.9456038498276093,0.7818698292895339,0.9721089288512276,0.47667390587474934,-0.6844442513991307,0.968639684880086,-0.9465797762416823,0.9823597006100006,0.9573131680457936,0.7745395835164367,0.8472040565251903,0.9954645726749496,-0.7969278485476571,-0.9810982367365334,-0.9657860465980558,0.9673884123539993,-0.6160989171098836,0.9858419190900747,-0.8813640281930133,-0.9440628641672433,0.9692584079746357,0.9440870932155409,-0.9827718918137966,0.9431602436343646,-0.9664304473004404,-0.9928720497270087,-0.37006408469353064,-0.652116913597413,-0.9506111373375865,0.9719675502701082,-0.9892759701681983,0.9389316308356868,-0.723901408696343,0.5440963006833904,0.2590968776189407,0.9873435964085081,0.9934970848891383
-0.9840533732633788,0.9882106001870581,0.9872263474000761,-0.9136799666338806,0.9735589733254709,-0.48840379580937265,0.9774166398049324,0.9871338655230091,0.7177435827792622,0.99106903920784,1.0000000018449242,0.9448793818850044,0.8801872363752719,0.9477540847718027,-0.9697112789454363,0.9797284904426246,0.9837455084132795,0.9775384898977924,-0.8938246100582682,0.7761059379510105,0.8984669998281896,0.9050956709511029,-0.9944592011977359,-0.9765351651711118,-0.9848377536894758,-0.9948945041445404,-0.9870062819553558,-0.9186732756109703,-0.9834694024448226,-0.6547233460018324,0.9402006861897917,0.20100958291396345,-0.8750067271027884,0.8915044891858739,-0.9682049997244171,0.8982427234050321,0.9439668378467945,0.9744304106595281,0.7729806927190692,-0.9912755722013029,-0.9806482465425896,0.2681737831607416,-0.8155275889010701,0.8187788041961069,-0.8364450074699242,0.8474991035725279,-0.993372685174611,-0.9511665787838527,-0.8918925166511081,-0.03162200212055969,-0.8440652386263491,-0.9743585870065828,0.8712392371880071,-0.9665610442738176,0.9937709980255923,-0.6589468174564501,-0.9349312668706102,0.9644910828831964,-0.9170652326145925,0.9798206385668806,-0.9514065539413349,0.3500561270495812,-0.9804343325048434,-0.9313816804315082,-0.9501480330154755,-0.9159021261371484,0.9805908566255916,-0.9718602967491259,-0.9338411163538671,-0.8203587934394074,0.9592243014529526,0.9541578199707871,0.9818924754597893,0.8845270271989392,-0.9572600412835172,0.9691863205890432,0.9688933881370928,0.609571265263622,-0.9679602533580367,0.9595653708176582,-0.9366626543002602,-0.41305186413963113,-0.9794801758936329,-0.9870341309529456,-0.988199881444394,0.95281202216866,-0.942854744040303,0.9354564008318256,-0.983988858919352,-0.9055699338696043,0.7284956348419637,0.9327410619767741,0.3921467848196538,-0.7539118955545209,0.9719477025114975,-0.9477024715742985,0.9797426029179584,0.933910606861704,0.7449652206600045,0.8968846431907544,0.9797118116893495,-0.7109237132831053,-0.9559494777708696,-0.938579685720617,0.962681111618209,-0.6979054689092107,0.9705640878049447,-0.8924978415015837,-0.895283724533815,0.9767211499358877,0.9474688646364441,-0.952502207413509,0.9774119648931269,-0.9663147351016169,-0.9707955141958423,-0.43187155332667426,-0.6185056077927659,-0.9521528609914576,0.9538581705489221,-0.9973023453591622,0.966542190521968,-0.7712562477616595,0.6377160272823367,0.15540016951542376,0.9671298857234194,0.981818871150053
-0.9642466071237689,0.9244791264753901,0.9616024685560558,-0.9328357134740262,0.9018558243333954,-0.3516859705555202,0.9390152208561432,0.9373404425620796,0.8888443263700798,0.9454633465423584,0.9448793818850044,1.0000000011968264,0.7990023852938518,0.8167641217609892,-0.8676851309288094,0.9070545357916703,0.971751878068634,0.9498894129677473,-0.8819290377351141,0.6902318650517534,0.9001877498334111,0.8179199527120748,-0.9658758701043506,-0.8533870774237151,-0.9841281695048718,-0.9577233029304522,-0.9209917458779867,-0.8591508515094815,-0.941796733898329,-0.5122056198512536,0.8630374213307868,0.029707171398500865,-0.8096795576408798,0.892328839745102,-0.9658127612759992,0.886322429691251,0.9205427894915504,0.8834590760702957,0.8597469281988829,-0.9254234306929743,-0.9661831716330641,0.014760509143105994,-0.80040903249053,0.7623441327325257,-0.8134969667158407,0.933664232574711,-0.9451724747066932,-0.8223135459251604,-0.7753031207209877,-0.23523656143640212,-0.7903565984214829,-0.9447816318349813,0.8333779083082344,-0.9627611832753452,0.9308376968314839,-0.5909279071087217,-0.9796980591408802,0.9168546537922323,-0.8703254588522802,0.8893056647201066,-0.9735655388932882,0.3510550914408578,-0.8722782117272764,-0.8689904317930045,-0.8314170181858075,-0.807370260978933,0.9039889641801533,-0.8737444126736529,-0.9132270674346009,-0.8166053706316685,0.9172282974549173,0.886922111445316,0.9579527799707549,0.7065651673171023,-0.9742782119871954,0.9492913390571475,0.9838789005737244,0.6895356929403578,-0.9760343056090196,0.8341669949407337,-0.9901273550624702,-0.6311150724878583,-0.9580822692468521,-0.9765844497148174,-0.9424162772974438,0.8991211324414686,-0.8229570653871269,0.8444317098592251,-0.9515421934474181,-0.8640850438353574,0.6281183623404607,0.8964388822518518,0.576277592612598,-0.8088107384699411,0.9953068130990247,-0.9928116823922832,0.8858167723041817,0.9769172554317541,0.9031884624903684,0.926277230448443,0.9154421706997331,-0.7186191060859388,-0.872760721773179,-0.8661446921139131,0.991895045043598,-0.5070887667389958,0.9276950943263158,-0.9559418700769116,-0.8339996295930046,0.9920718543033894,0.8166252066149163,-0.9451052670523551,0.9211036578994191,-0.9963277617052883,-0.9495789473117867,-0.1961404679679617,-0.8375709648356255,-0.8330921560735551,0.9741081233220725,-0.9248412356115167,0.8630413316820083,-0.6379216054317915,0.5606699913831066,0.009297391439884818,0.9347787738493785,0.9694587751558705
-0.8735764708363557,0.8083125945319022,0.8409766025321304,-0.664196151386825,0.8455885604992248,-0.49426306332780373,0.810585036913871,0.9043454048650009,0.6605318392958366,0.8731395885262815,0.8801872363752719,0.7990023852938518,0.99999999884913,0.7727729745262857,-0.8262751448638781,0.7906367107530038,0.8643202142579899,0.8644545289542005,-0.7801188892670241,0.6711068692928013,0.7121831231081978,0.7266340578835586,-0.8357126546228305,-0.8693385830280114,-0.8549118720635953,-0.8311297747777849,-0.8197646396303178,-0.825871775342024,-0.7802959518977106,-0.3934705729078738,0.7204232383583258,-0.15273289293191258,-0.5883763844605601,0.8145307221393161,-0.7464531772601354,0.7433307185260438,0.8458003540821744,0.8546344692622844,0.6208747687706605,-0.8819388947649454,-0.8706032927952277,0.03117653042805496,-0.6860909228571567,0.4829055298843,-0.49984701976095003,0.5620532323669434,-0.85191804071298,-0.8992551089086818,-0.6513553969346727,-0.24143037241502005,-0.7104251670245185,-0.7516171094375116,0.6044166308331232,-0.8049981234599929,0.8843748681542902,-0.3247988803887489,-0.7778812947655931,0.7341107994093463,-0.9010736876437407,0.8056409340482659,-0.8174314292393843,-0.03151871737167971,-0.8753693955042923,-0.655718540106828,-0.7881644945817743,-0.7321464935839604,0.8422506683790039,-0.8012083237898937,-0.6529624606040704,-0.6657319057573028,0.9665563965158376,0.8323855697220854,0.8403312275787838,0.9296648578787339,-0.8938426124983463,0.8369117047789939,0.7929686701162063,0.17915949836222517,-0.7803149626234843,0.9152444782639625,-0.8105536764096941,-0.3309373107734096,-0.8120279576580671,-0.8645254008496743,-0.8524444952984014,0.745707037480068,-0.8210058394983692,0.7060363586429361,-0.8214096764083244,-0.7037355179141701,0.4724775192917932,0.8096121679886702,0.481235296805256,-0.5157810994497062,0.8290682642148078,-0.8579656958105921,0.8258101303729733,0.8474268493472216,0.4930762668264423,0.7665531314515913,0.8880027116773659,-0.6867801358481842,-0.850382511624221,-0.7558261591315312,0.7829403802607438,-0.7658483726037273,0.7815444021760697,-0.8760482072273513,-0.7887256543777844,0.8431112702429836,0.7717135247055241,-0.8521073560489573,0.8170648051905637,-0.8426646835827662,-0.8694680579965085,-0.18255568545169096,-0.4564873125576164,-0.765171521295851,0.8802606541069105,-0.8618163795376061,0.7834001747537725,-0.4612064275367731,0.3719133558102887,0.20020286919866798,0.7893247997394507,0.829944150665877
-0.9140788130786466,0.9747656571189615,0.9094550105212323,-0.8386190093655196,0.9645299908955961,-0.45082014282335425,0.9146277099421449,0.903698379376007,0.5061846311490806,0.9181916612474823,0.9477540847718027,0.8167641217609892,0.7727729745262857,1.0000000036716115,-0.9542115845953368,0.9824965319008883,0.9091153199713505,0.9217779722986815,-0.7743370061683577,0.7156263046214218,0.8000980916982303,0.8803777815740035,-0.9357374003878038,-0.9840418326860128,-0.886582239292615,-0.9467011987982248,-0.9756638262030498,-0.9107833915157032,-0.9530560254740384,-0.7339241590820621,0.9331185237687339,0.43487733448747046,-0.8896671044411929,0.7487275186989181,-0.913623511577266,0.7961147856754964,0.832767938872904,0.9374329572059044,0.5959791132640967,-0.9326390291960298,-0.8777465903322644,0.5593717270532201,-0.7029257703597239,0.9041639511523261,-0.8893620711116685,0.7772065093574232,-0.9343121178271289,-0.9237952483516426,-0.9332233151322619,0.28067463402030873,-0.7658425512091657,-0.944807904183198,0.9164729781134942,-0.8722098643247592,0.9342086484265874,-0.800992358897357,-0.8019707467193076,0.9448824020336744,-0.7943838217811225,0.9902125854321185,-0.8250588978475655,0.5090310742167585,-0.9598919815790847,-0.960719873097094,-0.9577677979813225,-0.977231612095792,0.9395226387213803,-0.993224807831122,-0.9284903680760936,-0.81944777235962,0.843832535002935,0.8902404792835074,0.8979797812781058,0.8826244477341846,-0.8154375315274422,0.8738609935560241,0.8732085245750996,0.6379630190596517,-0.8810653500128359,0.9295200973458211,-0.7898440882936517,-0.1453193825444549,-0.9355653926039369,-0.8909520455070645,-0.9212388855982945,0.9636876869192684,-0.9298828204996562,0.9487709496054764,-0.9172713142781481,-0.8504402633839918,0.7565392901965518,0.839789964083795,0.0898172181487335,-0.7436404916249053,0.866645689538105,-0.8068021347143417,0.9652466097128647,0.7765976099539943,0.5838252660281983,0.8288359320079761,0.9078903788698804,-0.5424133538777002,-0.9006360212805925,-0.9054382449310054,0.8621366963605861,-0.7812368926986406,0.9209946197376764,-0.7249299371197574,-0.8139476811947624,0.8766482242043457,0.9798054521571765,-0.8321426073985944,0.9644894443630541,-0.8465972176039812,-0.8652544604924007,-0.6964843962303198,-0.3906621651931655,-0.9774188874937292,0.8106112272044197,-0.9644160242540164,0.9960078068654734,-0.9171120584072423,0.7777136880016486,0.15030287521692354,0.9016921653392075,0.8950805397428163
0.9114305878414313,-0.9649765859245408,-0.9696935156111395,0.9177857471407285,-0.917992575942451,0.6550864441752235,-0.9807683571145197,-0.9716179023065922,-0.5523132103861457,-0.9786159545260401,-0.9697112789454363,-0.8676851309288094,-0.8262751448638781,-0.9542115845953368,1.0000000025522977,-0.9572839177628574,-0.9115758081787677,-0.9005359915668752,0.9232771397522544,-0.8824504006654955,-0.9267598782244553,-0.9739993579193889,0.9586735681627767,0.9752213581785474,0.9396342920010343,0.962304245354906,0.9540183859311127,0.8246144744878672,0.9676156139693279,0.8110365372603355,-0.9835300686793592,-0.38162111091643347,0.9379182230412295,-0.9043309600101314,0.9374030755114765,-0.9325830106140788,-0.9517024766899208,-0.9974255827309326,-0.7797211306598467,0.9868844219629401,0.9546117431173665,-0.3884539388230999,0.8794388018325312,-0.8048128317443148,0.8066027721791036,-0.7644567235555279,0.9821976742099473,0.9809701520096269,0.9645485053126484,-0.03027095187842371,0.9195700612733765,0.9532612661716575,-0.8114066600206347,0.9545505257027529,-0.9844149534966187,0.6226624177097119,0.8996050615594685,-0.972054053332364,0.9276686807275693,-0.9665264468542375,0.9237845526553111,-0.29281639225246536,0.9943447932871674,0.9349514444598095,0.9966301100467903,0.8807014833491195,-0.9963071369590003,0.9543755111875901,0.9179439059129879,0.6909376344568388,-0.9134972211260777,-0.9848080527610267,-0.9692244021502407,-0.9051680974124029,0.9026365311662641,-0.9641801760689765,-0.9338045844903291,-0.5759575464384018,0.942048517593731,-0.97767487794371,0.8802244697584918,0.37437556600101346,0.9167350321490362,0.9501494501544705,0.9825137123230127,-0.9036777821575354,0.994235705420265,-0.981283395811,0.9763782644651978,0.9564863527177379,-0.8598966612073986,-0.9602724945006103,-0.3370469520708708,0.6197418259922413,-0.9068446684329481,0.8621569654043102,-0.9981322904588967,-0.8823859151453154,-0.6798588729324878,-0.7701155376732948,-0.9832120319133414,0.7682605219628674,0.988640982248003,0.985340362248682,-0.9131862158777946,0.6403000635708498,-0.9818052268148657,0.7706751805107691,0.950326747042417,-0.9088001904531814,-0.9885146740699395,0.9433313126313994,-0.9251045332341381,0.8978008119362766,0.9582920060898836,0.5188838608749418,0.5108919232031773,0.9902632583684512,-0.9053211421511097,0.982746928719708,-0.9585323015343452,0.7990679434264757,-0.5700894675778158,-0.3620254831843073,-0.9760832142487873,-0.9601365974153052
-0.9648221453074808,0.9984855457153615,0.957070170074979,-0.9035248504996666,0.9838351263959678,-0.4100557495183196,0.9537797213470142,0.9399127517118469,0.6497834788959952,0.9557192454713911,0.9797284904426246,0.9070545357916703,0.7906367107530038,0.9824965319008883,-0.9572839177628574,1.0000000014759172,0.9640492491477102,0.9672236453400578,-0.8261965370560944,0.7184129605197005,0.8571218611217022,0.8872328046305523,-0.981059209197001,-0.9758430395915264,-0.9485436385834942,-0.9868934695829564,-0.9982198153521437,-0.9337674914883834,-0.9885964136062858,-0.6896845195115431,0.945800306041912,0.33857313824771484,-0.9024040149459805,0.8089810649312617,-0.9699025351567295,0.8466431567231573,0.8814290497837353,0.9481257171967588,0.6949095082537303,-0.9589077007675051,-0.9327536249336122,0.42288742830394815,-0.7477118300334816,0.9138184690276783,-0.9194115597696493,0.8726952912080599,-0.9695063164427873,-0.913742015085848,-0.9193385198267304,0.1517913174988532,-0.7901537289390121,-0.9858120312541596,0.9423476996671527,-0.9306768961421873,0.9622177805371753,-0.7920359470028399,-0.8862211826815444,0.9751011195176895,-0.8310871516364473,0.9981644060858511,-0.8984198824955422,0.5161931422770789,-0.9612948603628488,-0.9778945404342028,-0.9493378328295299,-0.969072122248536,0.9580707048370477,-0.9961883231910295,-0.9695564074138653,-0.8645518785476037,0.8856517420754555,0.9135683901207274,0.9465501997704894,0.8429775328049337,-0.8884412074193465,0.9245319402263402,0.9415731741431586,0.7082883846576129,-0.9450733213404537,0.9220709799567764,-0.8800353242294991,-0.29764399363521454,-0.9828943490706317,-0.9479144282037206,-0.9578909025929805,0.9888884030955359,-0.9221210062182696,0.9526459977549263,-0.9602437303193744,-0.882607074906729,0.7417111878616044,0.8796091285794387,0.2276410463253166,-0.8147540437378799,0.9406868246461384,-0.8935857283626054,0.9729803912912777,0.8623041466283322,0.7163344734180869,0.8998868016631341,0.9352591066272811,-0.5975560873236198,-0.9154861181727394,-0.9224693831555568,0.9378304447808564,-0.7196334029319114,0.9563199117067384,-0.8206812819748602,-0.837986838108867,0.946643013385394,0.9633324618088581,-0.8902201768313651,0.9918007531676899,-0.9248718126487342,-0.9163747642034047,-0.5803918181896103,-0.5525942961412235,-0.9676202921065041,0.8850111577758716,-0.9858126895252225,0.995176279593798,-0.880632931056699,0.7639948397417468,0.08344249443365802,0.9433611547405885,0.94973481896887
