1.0000000019354618,-0.9047337396630487,-0.9139559143704106,-0.9825689640936636,-0.9865424317112096,-0.9904105966073427,-0.9902864768878861,-0.9887471670493325,-0.7412366459991805,0.898164420862391,-0.945597787329037,-0.9922572750666799,-0.34452901256303925,-0.990864701037051,0.994965485372679,0.9483277776928286,0.8932209877299486,-0.8331750839734785,0.9344898923333973,0.9483984173059589,0.9932513788543239,-0.946200248371787,0.9392474910494935,0.9599762310690385,-0.11645071213857808,0.9376208313504069,0.9553032422175036,0.7684469400203126,-0.8626444606741434,-0.8566424397149762,-0.9734240339210265,-0.9973288133187487,-0.9841113402304521,-0.44184479744481,-0.9743503655383035,-0.9676976129268379,0.4751960855093884,-0.9461769829658773,0.9393135419889362,0.23073580714054628,0.982842395697194,-0.6724856082374269,0.9792353206105124,0.8057562362851103,-0.8831898031699339,0.9440795662928365,-0.9992949361873683,-0.9751773650176905,-0.8995987351857655,-0.8699170288608697,0.987067938608947,-0.28738704102406637,0.9603321289074167,0.9372211060620036,0.9500832188752601,-0.7858078438065194,0.9188859941376559,0.8319507416519349,-0.911165110654948,0.9028029793456934,-0.9816197573486982,-0.9952631166328065,-0.925275019142904,-0.8764567709856627,0.9457941858757053,-0.9472178085417442,-0.9711185107541477,-0.9780372540519237,-0.6721908049350774,-0.5601452819606081,-0.9789274493447351,0.9069571087567317,-0.17551546694965478,0.9898425320192227,-0.9260100766576437,-0.9405185877738167,0.697745988807365,-0.9795976637298254,-0.9816943139756051,-0.4785529487447431,-0.7737574481779212,0.9138380763371167,0.9704748144110578,0.9907600142287737,0.9563579550226593,0.9945926985809898,0.9903185266308152,-0.9922850903811785,0.8549749273655355,-0.9790524988681014,0.6109791048486907,-0.9571083498380799,0.9731125425174016,0.9215456240825258,0.7926586629775288,0.8918506365857977,-0.949292024410101,-0.9412101165513851,0.9718409839914602,-0.9590131569802777,-0.6156092794475793,-0.41381896339453444,0.9971896913566395,0.7846175218498281,0.9624788127512424,0.9534460378900288,0.9438894467281442,-0.7883510989321191,-0.9741232287222512,0.8395563494130605,-0.9542209954454527,-0.7525229280142047,0.990519087765497,0.9854210570765136,0.983660570344563,-0.9189684591600824,0.761011508674686,0.9627104405830481,0.958694006913508,0.9072454215207939,0.9228981419051531,-0.5668352242756749,0.8762955085177978,-0.9998891521723461,0.8614145019728207,0.015605451944419457
-0.9047337396630487,1.0000000035919994,0.7371475035000226,0.845828764362098,0.8323663998501849,0.9300978758105688,0.9505915682493551,0.9158301644216773,0.9469488983765507,-0.9362520353174835,0.8680519272606136,0.8705280643721466,0.062076568914607166,0.9097076888180756,-0.9014944548973126,-0.9651437678376711,-0.936602052452656,0.5398467528147394,-0.8925067838135874,-0.9876927034346701,-0.9197191808903341,0.7411602792228073,-0.9889441692084356,-0.9805325838177962,-0.22690579629123778,-0.7768135014573343,-0.7566906667446518,-0.9622304556821503,0.889181386645305,0.8084072373115974,0.8373181553955468,0.880384828166212,0.9405764491850859,0.553720585166589,0.8503893646036251,0.8673112708421414,-0.6863713828898118,0.9813888170625586,-0.9300739361045615,0.17858307525907444,-0.9653010614865439,0.30916049400765877,-0.8377936425147049,-0.6899412058328553,0.80255439774809,-0.9594998217757379,0.9040683946515069,0.8927218023998609,0.9545180871795433,0.8916319496564112,-0.8623847384029081,0.07752560337640237,-0.9154823919371484,-0.9801692828556491,-0.9532372126143861,0.8076192379436388,-0.849119100683665,-0.5774561700468753,0.9307169850691314,-0.9551565625708937,0.924233321363732,0.9068081296747489,0.9859149483269039,0.7915318612335667,-0.8497257599700395,0.9129799097876191,0.9399015668042263,0.8628961846996882,0.3832447175301736,0.48084361122962344,0.966815222724941,-0.9677435862384877,0.15772279166385977,-0.8973488959283485,0.9865268179073283,0.9050725550572278,-0.4523842193717281,0.9354394789404709,0.9646365282433655,0.7620317018519248,0.7543273129877202,-0.8214147079616584,-0.9076756402280138,-0.844742389620503,-0.9459055709740988,-0.8577003521533425,-0.9327140228998207,0.9469378864894661,-0.6127464815584521,0.8451684218226319,-0.41495668484162085,0.9112013710088843,-0.8405443797674177,-0.760960766099597,-0.9291938429245493,-0.7206192550023632,0.8496571036446958,0.9227918371830927,-0.9064502664399549,0.8338697784948154,0.8208900059430492,0.24091203090784305,-0.8824052288959511,-0.7779730135468472,-0.8468452989577184,-0.9662422222946424,-0.7401309356490247,0.7692584983411951,0.9391660242197709,-0.5825237572431414,0.9352409637054362,0.7943070426653566,-0.8988800840871559,-0.9416319760635136,-0.9083815012923981,0.9969445934344482,-0.5229695324590347,-0.9038629554849913,-0.7600011836007756,-0.7253796650274735,-0.9605006850399459,0.6965272166767246,-0.6115737749227006,0.9026861252246055,-0.597228444917691,-0.35917562079604987
-0.9139559143704106,0.7371475035000226,0.999999993395156,0.8844864264482124,0.9036266634294703,0.925112943685887,0.8966414582230054,0.8556023187464502,0.4866804790745188,-0.8637869938253278,0.7567659997341357,0.923826409019285,0.5950784669932592,0.9228097694152689,-0.9288324848658112,-0.7508108008079648,-0.6489859036196426,0.9201112550010021,-0.9274783568363438,-0.7896144138190407,-0.9004920304556084,0.9833599249358891,-0.7776678471376364,-0.8002896758990541,0.06263345094917801,-0.9958367073096981,-0.9459444117396631,-0.5266883812159022,0.8215335222908201,0.9161472983240887,0.8552925624945592,0.934664097839536,0.9136613841526715,0.6120108639103088,0.954375289009426,0.8317579030363894,-0.2720542294300311,0.8040098331129001,-0.7197811932525265,-0.37692906073976584,-0.868662775139691,0.8285892875840997,-0.9754176092136936,-0.8599385573600555,0.9677792882143108,-0.856075446219204,0.9049237291745588,0.8572077520207368,0.692745482061185,0.8916815838216866,-0.924424609553724,0.05937976574623139,-0.859764086921407,-0.7418624810356803,-0.8981530270333351,0.6969937587925273,-0.9202590537265097,-0.974934456478137,0.7826897935945033,-0.7587088495117279,0.8249991650526767,0.9396681134182747,0.7365657183825981,0.9101572254628217,-0.8425500394357388,0.7689709109170754,0.8915561470895375,0.8353469208565083,0.902385736438588,0.5612899942546105,0.8786998099519743,-0.7326462474765361,0.03377739802689272,-0.8604058623745132,0.8051332676148667,0.7242817557583061,-0.5783471709481329,0.8240169945967507,0.8539616096407004,0.18231852129959927,0.6952007723405988,-0.7679319242395765,-0.8090261814457518,-0.9121947072847456,-0.78048285426957,-0.9260882306130409,-0.8910029328139989,0.8817812662033017,-0.7609334965548138,0.9451647408361843,-0.38433936343539765,0.7592348731881332,-0.890910813834382,-0.8789688608879722,-0.6983405358304553,-0.9058234530769436,0.7800921232494574,0.7799877939225276,-0.8730042228648723,0.8060818998998509,0.5212744084467164,0.15600473738712764,-0.9248108276721528,-0.8656172653882347,-0.8024471054158053,-0.7971928385081132,-0.983757898355827,0.5075009205577219,0.7990791531216135,-0.7356126939534319,0.8003434633239991,0.7134452665288978,-0.8828511901677676,-0.8481589966095322,-0.8310500035111879,0.7383479388926886,-0.613611122058565,-0.7806870235841987,-0.9617719589662233,-0.7634282198444994,-0.8584302950349482,0.6138463730617197,-0.878512525491004,0.9114635370052413,-0.9574551048617659,0.0515077860224344
-0.9825689640936636,0.845828764362098,0.8844864264482124,0.9999999993566255,0.9894742838987305,0.9498256251477823,0.9549320606065955,0.9881021956202626,0.6695390417509911,-0.8065142677292484,0.9722254954537594,0.9930473679227687,0.28358946945859764,0.9769012397209755,-0.9812061423870883,-0.9325442597697865,-0.8947071894995592,0.8334291444402284,-0.8561196641130026,-0.8952286078212929,-0.9575554347738418,0.9372356708786486,-0.9051053922336436,-0.9141434019101826,0.2697256398655004,-0.9153903281186895,-0.9755531903204006,-0.7007481206491057,0.7539530562165835,0.7580329005675669,0.9981018656977458,0.9860890562697681,0.9520738305500739,0.32065013894816224,0.9315849314433652,0.9919658081899334,-0.34072813678518205,0.8834703543555101,-0.9357189197440385,-0.2858297958578979,-0.9500437356430399,0.6967563641813841,-0.9523312401814754,-0.7109548083506949,0.8163470154288828,-0.86863887072682,0.9877452177292558,0.9883415245853461,0.895008189307056,0.7860727521219051,-0.9919737414374027,0.394943557141111,-0.9615320952700483,-0.8952804271981258,-0.8925671832517116,0.6734657483127303,-0.8374846445540016,-0.8159167779845776,0.8302141267428754,-0.8200087215646717,0.9798519160522152,0.9657721683072582,0.871351709489647,0.8737400087385727,-0.9756303509843969,0.9629302254597729,0.9102962374845676,0.9895931903282658,0.6743216124027693,0.6436153179375581,0.9384412853140477,-0.8354098817810306,0.31845007172667755,-0.9927748500357443,0.8521379230732509,0.9383091076519726,-0.8178875392863706,0.9533142786798491,0.9553392708882721,0.38043128387926095,0.6692813539759004,-0.9614294820949096,-0.9817197779878271,-0.9944937347447744,-0.955131617483424,-0.9918997786269128,-0.9502486513405625,0.9689056749676704,-0.9321098016288941,0.9441118786748552,-0.7253702633044126,0.9538301783509298,-0.9466002150847058,-0.9641213298248617,-0.7376685599651472,-0.9281655794465413,0.9815248933586537,0.9522855813097426,-0.9219195284483126,0.9880253852295595,0.5655978311544153,0.5457157438042565,-0.9903499807039481,-0.6676371704050517,-0.9691555865005592,-0.9385687963841101,-0.9294514908412598,0.8478014961817637,0.9606600740236311,-0.909271022100176,0.9576456114103999,0.6226803556182109,-0.9933795519204346,-0.9755113387083834,-0.9841805807841144,0.8650241085552025,-0.8603594660555068,-0.974109100209986,-0.9470203955404471,-0.963982214075541,-0.8677699655851397,0.4054774009437146,-0.9341975582120263,0.9826343478716083,-0.8488542827330167,0.15692649364758351
-0.9865424317112096,0.8323663998501849,0.9036266634294703,0.9894742838987305,0.9999999992868366,0.9580147054575777,0.9544912471165024,0.9753625448924872,0.6534880205115433,-0.8236030253409263,0.9494756231001981,0.9851295762870617,0.3972911166940041,0.9655525167714162,-0.9749559704390072,-0.9133014094867208,-0.8598249897268812,0.8839844455668157,-0.8875699797693516,-0.8971574343785724,-0.9741173173425955,0.9576020526890187,-0.8813365808018013,-0.9162888418707735,0.2706536720543489,-0.9236677046292266,-0.9709270911473411,-0.6801647567095888,0.8015963676997353,0.8045334037081612,0.9852207156659906,0.9876282591867429,0.9438670385347208,0.31827581696675533,0.9633711322877645,0.9669221794157318,-0.4037841484925866,0.8940995830431723,-0.9224343229685755,-0.36833255318503294,-0.941775790183992,0.7499670886965601,-0.9697069201084759,-0.7931885362674921,0.8332006056130528,-0.8892185345866009,0.987253752606771,0.9614478131835824,0.850421272897376,0.7893758056621493,-0.9796444968524721,0.4143502363494798,-0.925958167304002,-0.8934686232525513,-0.8881054090699225,0.7476907868510242,-0.885551968983191,-0.8502851953962322,0.8691745784778062,-0.8495681878858129,0.967676787086651,0.9722471122803762,0.8736710752259212,0.8332318485295267,-0.9348497495037414,0.9278355185830016,0.9328309216700282,0.9876762584408515,0.6950665992293419,0.5374342406169803,0.9328092159194699,-0.8556805901252788,0.18578449000975802,-0.9846751386646164,0.8587780735562061,0.9356588916437413,-0.7744673995875736,0.9627054454493287,0.9432203442358611,0.39031091154173525,0.7534900072043889,-0.912877187106613,-0.9595435283075155,-0.9983889054592089,-0.9261437705197237,-0.9954954347822687,-0.9658873515203903,0.9619535129544744,-0.915989717010462,0.9752960080405176,-0.7009569828963355,0.9511662608194648,-0.981251471251366,-0.9265922622739107,-0.688426276556314,-0.8902453385692516,0.9577064781658285,0.9103763992187734,-0.9543922202922448,0.9754789220215072,0.4914414744523293,0.5153625169702433,-0.9884044644755499,-0.7147649562528811,-0.9793008818113694,-0.9084478550533637,-0.9549573969012205,0.7968219236084954,0.9564289667311295,-0.913322326001602,0.9216946449961538,0.6962334285893731,-0.978851008030033,-0.9601907553167184,-0.9771190850426132,0.8569186395613859,-0.839461767881019,-0.9561307178351491,-0.975634319583349,-0.9500898424102521,-0.8489863044764747,0.463599897646523,-0.9232078896883188,0.9880470975063289,-0.8944889749227264,0.11388250764330667
-0.9904105966073427,0.9300978758105688,0.925112943685887,0.9498256251477823,0.9580147054575777,1.000000001026067,0.9966275010589511,0.9683155340995021,0.7722552126348703,-0.9498360638682918,0.9025459714260604,0.9746365545959669,0.3644585697980452,0.9868055274549096,-0.9886854900948713,-0.9375372538425845,-0.8713901747245777,0.8078743374444541,-0.971255888815356,-0.9627246193421414,-0.9926515149912408,0.9350456931938561,-0.9488831111820902,-0.9679743371382834,-0.015742822273131202,-0.9445582171192994,-0.9264716972543808,-0.7989598913166479,0.9150411300619459,0.9108522671453079,0.9340126799837253,0.9859592219262011,0.9933310138310398,0.5515927424352511,0.9801342576764328,0.9322188486599156,-0.5322335039699543,0.9661664868856598,-0.9140845926199489,-0.1610596146896641,-0.9886115813417847,0.6352125721730829,-0.9796794869743242,-0.841810840611782,0.9261216637195898,-0.9753396539682181,0.9860338798895936,0.9511378623541769,0.8903007332939699,0.9267851705242408,-0.9685891507244654,0.1658250661710938,-0.9516103316163292,-0.9406941969256516,-0.9807187490609427,0.8264204783982197,-0.9520377493537735,-0.8321483999772652,0.9357259427697041,-0.9315302433346575,0.9597537819669737,0.9973761942791847,0.9375572904790619,0.886852051242951,-0.9158756416772262,0.9193199162007842,0.9900280197114218,0.9422773070117415,0.6738295391104578,0.529615204480048,0.9912133252433303,-0.9275694851794932,0.09970939193851479,-0.9648430423932801,0.9591026535533115,0.9099111235437598,-0.5972086419497266,0.9686569760696387,0.9825895012464143,0.5198259196107885,0.804820958357886,-0.8691802707736896,-0.9419610320770134,-0.9647589532943828,-0.9397718342630753,-0.9748579653879954,-0.9931070365258621,0.9900181449143185,-0.7780612293281178,0.9773317546224812,-0.49814214754134534,0.9288745657135874,-0.9585684567200128,-0.885890883952601,-0.8385747137157502,-0.8672114870011869,0.9039173497644111,0.9216933695384049,-0.975785365875463,0.9128481848742608,0.6705830665684787,0.28906233337389226,-0.9828047485827494,-0.8565864263284555,-0.9241360664293885,-0.9503730867653944,-0.9352946326911272,0.7241106595089454,0.9567814345562462,-0.7593688501351116,0.9389129849210134,0.8128537478096606,-0.9703628668959049,-0.9733120831976637,-0.9580923179511912,0.9365695705864999,-0.6643044225261356,-0.9304509510638322,-0.9428454732264738,-0.840610953391331,-0.9569022084624013,0.6701842315365937,-0.8216486057297713,0.9893142791005128,-0.8491344113432341,-0.13150408318553095
-0.9902864768878861,0.9505915682493551,0.8966414582230054,0.9549320606065955,0.9544912471165024,0.9966275010589511,1.0000000005643412,0.9799647909387952,0.8087102985685578,-0.9424240504809297,0.9248764728988647,0.9752216987661916,0.28883712492429175,0.9891651846738206,-0.9890028711158777,-0.9618235286174197,-0.9075402372383432,0.7683910474046978,-0.9540529001205438,-0.9760142017847815,-0.9901863379628338,0.911910973545643,-0.9704304027286147,-0.9808526710433074,-0.01657735913737718,-0.9231290619909657,-0.9169940517269656,-0.8345775191158009,0.8995686566768863,0.8808533548604435,0.9425860901778313,0.9830272069845633,0.9958792254994944,0.527968086124481,0.9626099719371739,0.9475211263816754,-0.5408076326979345,0.9746009127981708,-0.9391152196675242,-0.10709181719556113,-0.9975436020332012,0.5857019384739044,-0.9638729638578865,-0.8010608208703616,0.9006749868524629,-0.97322185235669,0.9883497342076244,0.9648745477192429,0.9244982642548054,0.9158687009202425,-0.9696920838550385,0.18396191334383674,-0.9664560542763132,-0.9601455332581217,-0.9808944507913072,0.8100258709305322,-0.9283864073462728,-0.7907377867727473,0.9339428630705126,-0.9353316827911171,0.9747396734692363,0.9926175705807064,0.9553483893790451,0.8851458066875125,-0.9317364650094764,0.9447253078286647,0.9850548310958489,0.9512622416726858,0.6254864576861335,0.5545070516799703,0.997641633652217,-0.9382865176150874,0.15603580446016257,-0.9742297914705572,0.966542527708204,0.9308300983594114,-0.6151990488032817,0.977402400914607,0.9944910406757596,0.5579621779855263,0.7833947984660153,-0.8933863096229445,-0.9605393800264725,-0.9627393818269531,-0.9634434779890985,-0.9717291522681144,-0.9921292959541795,0.9974420787686502,-0.7833018280984961,0.9616092201923194,-0.5265554935194513,0.9469957190368609,-0.9483532213941028,-0.8916215851319848,-0.8616330766745091,-0.8655465161728799,0.9234743407301823,0.9472020044108311,-0.9697697998241666,0.9263120565863323,0.7038831118561127,0.32554345980699945,-0.9822452337794333,-0.8249651326278175,-0.9319941891408855,-0.9722399300634652,-0.9103226055868843,0.7695853160828798,0.972384893217501,-0.7598073852240596,0.9615551806289442,0.7906898201485244,-0.9787534846827608,-0.9868762803204472,-0.9706602406298328,0.9567583128886568,-0.6789764119068188,-0.950681279561991,-0.9218432629446567,-0.8525831636589891,-0.9639001695890176,0.6444013981378616,-0.8118834479813903,0.98904526973779,-0.8102211715025859,-0.13436440757405604
-0.9887471670493325,0.9158301644216773,0.8556023187464502,0.9881021956202626,0.9753625448924872,0.9683155340995021,0.9799647909387952,0.9999999974926301,0.775530879415801,-0.8576138582085014,0.9807249966088336,0.9863904573587868,0.2102625364620706,0.9839688503621605,-0.9850196884928416,-0.9759115978245951,-0.9439103966388865,0.7664769424959251,-0.8819717073616732,-0.949720131331851,-0.9741207872940594,0.9013777976800318,-0.9577102197447435,-0.9624341624767992,0.15326726975763572,-0.8917805206692593,-0.938710393522366,-0.8020775703499554,0.8062452257757489,0.7796599218826699,0.9862988685844251,0.98310439387358,0.9730849732588959,0.370371448041913,0.9300991290944989,0.9907984434855148,-0.4537314713482643,0.9376652203373399,-0.9714479280156527,-0.16008710393790448,-0.9817995108552124,0.5970900078560137,-0.9412050944598649,-0.714216726132518,0.8202972051353165,-0.9158893800641315,0.9932674717593394,0.9928498535053554,0.94524987324883,0.8254700300782332,-0.982950137648084,0.34231753799202086,-0.9765294107141944,-0.9511528969364781,-0.9291730352731101,0.7284704787217856,-0.8560170217798304,-0.7574853829653928,0.8829807900009414,-0.8827731407230683,0.9979678105387065,0.9736844080152312,0.9337473666635633,0.8656846570734507,-0.9707913929717941,0.9840270575089524,0.9419753502370413,0.9885925683845824,0.5918934774288954,0.61344926194109,0.9720641351677002,-0.9004436631023421,0.29566262334530774,-0.9985516153936821,0.9130758033443553,0.9668208794282344,-0.7506431181381068,0.980555647144472,0.9868896970521122,0.5115121114066833,0.7108341869385136,-0.9565792168304331,-0.9955717479949144,-0.9819170199650457,-0.9862591167045826,-0.9823150212637174,-0.9724350429747486,0.9912124789123443,-0.876542175606662,0.9396045951770252,-0.6802795626812582,0.9785692670441583,-0.9447403259382925,-0.9339169292076457,-0.8083323953771412,-0.8910376075176109,0.9813604950242637,0.9768074198032858,-0.9441494216850745,0.9808886241417354,0.6491835389892154,0.5015414196858017,-0.9877398205869781,-0.7008976584207778,-0.9705310730761088,-0.9769871016435009,-0.8949478327215561,0.868750231224038,0.9888176021577666,-0.8524051200022547,0.9834317883383671,0.6817543188754395,-0.9973912310096158,-0.9973010824456243,-0.9969038520559768,0.9309304214406854,-0.8037099369711063,-0.9906787836841998,-0.9167874898268054,-0.934084317959241,-0.9131419725537153,0.48301615169986994,-0.8691116827143833,0.9884998035489878,-0.7920070562479969,0.022215793749230325
-0.7412366459991805,0.9469488983765507,0.4866804790745188,0.6695390417509911,0.6534880205115433,0.7722552126348703,0.8087102985685578,0.775530879415801,0.9999999991585835,-0.8173978176649191,0.7552140983791726,0.684690424846109,-0.1527145375231016,0.7356901403104119,-0.7244334923333227,-0.8894911036784334,-0.8936288182035164,0.2808486435636389,-0.7349717759182893,-0.9122267656392703,-0.7746436812484161,0.4997703302349448,-0.9061790449476543,-0.8973126594768308,-0.3359136025236131,-0.5351477379518509,-0.524895975040131,-0.9979372678539769,0.7922468500401265,0.6384359602200748,0.6712336784396259,0.6975399430004758,0.7831756971710809,0.4306406078177325,0.6648326853885276,0.7162674011115525,-0.8053658426183216,0.9015949859283485,-0.8610526109995957,0.38238344476810676,-0.8378458924855474,0.022982185655536478,-0.6300481875013575,-0.5279006774787023,0.5891644588535722,-0.852689902364482,0.7423304743681325,0.7367358840031595,0.8911135095260884,0.737850233211184,-0.6713233568893374,0.07701894947827839,-0.7616786284129583,-0.9234906447522525,-0.8105218909116263,0.7597236937171478,-0.6898534287277113,-0.29605314356160545,0.8603578032776905,-0.899743734703896,0.8019860571384003,0.7331025415070289,0.9362616324646278,0.5717270703881738,-0.6798168571772129,0.8026735693552205,0.8097156911831648,0.7207065370641257,0.0690211220391281,0.29889372718106155,0.836557099068018,-0.9240092020380569,0.1183583408667416,-0.7509946064739139,0.9063616719867242,0.8311581493952525,-0.28227142577716224,0.8290011271021688,0.842010235926968,0.9210517823182978,0.6951249209859389,-0.6747053021418368,-0.7825467210649606,-0.6622214396107161,-0.8440878369760471,-0.6725623092004166,-0.7961497456438181,0.8074486752928364,-0.4185309965928115,0.6618393650125202,-0.33834243195636876,0.8220311767109784,-0.683804542453385,-0.546223041378904,-0.8552004691143509,-0.48008686694935787,0.7187523956904668,0.8070007422162393,-0.7792787201599318,0.6909105886074832,0.7876252274076435,0.21840006238044088,-0.7031218055982591,-0.6245356374660349,-0.7220079836812178,-0.8626716355541236,-0.501017652721011,0.7327462146251014,0.8388578330940848,-0.40159480025430633,0.8166316632054695,0.7346315159242847,-0.7387801034488611,-0.8122747687277506,-0.7805856632675854,0.944738648627548,-0.3697427896026536,-0.7935642628571985,-0.5393618221489679,-0.5673798285606515,-0.8324673170277312,0.6491332486243021,-0.3624982425009623,0.7404752144263153,-0.3360351884524009,-0.5268345882559828
0.898164420862391,-0.9362520353174835,-0.8637869938253278,-0.8065142677292484,-0.8236030253409263,-0.9498360638682918,-0.9424240504809297,-0.8576138582085014,-0.8173978176649191,0.999999999288839,-0.7508686601375867,-0.861069716664395,-0.3546152935395528,-0.9040793015381616,0.9006820952573056,0.8611054327135811,0.7797246399337596,-0.6722642538288753,0.9814806165180291,0.9399811002600571,0.9236095477652472,-0.8271421737901695,0.9143881795904829,0.9299202925740283,0.3203678526333434,0.8747292627408811,0.7819719207998252,0.8384360801201144,-0.9733815761606845,-0.9591015811519694,-0.7789048287090339,-0.8862526269102325,-0.9422027625510311,-0.7413215144744391,-0.9179799398674593,-0.7881605792300673,0.6583072592941805,-0.9548988523833504,0.8090326506164515,-0.03205748087855073,0.9360447600204275,-0.47568775020061277,0.9013154654853237,0.8564930576858294,-0.9401673521109346,0.9830245793625733,-0.8862746672954898,-0.8298927663057835,-0.8205552669043067,-0.9818624262903287,0.8522726611132384,0.10173318058666138,0.8634253166243783,0.8990239348166784,0.9791041222421943,-0.8733433247939678,0.9554634132146815,0.7455297582412443,-0.9382445335709118,0.9457681737524484,-0.8498241563060127,-0.9281186229391908,-0.9164429539770561,-0.8294736146931158,0.780286957062718,-0.7996412802827914,-0.9661056341389329,-0.7996537159288433,-0.5899452966669543,-0.40395841095843094,-0.9520935787774866,0.9264841921061173,0.07913865550621105,0.8434381287962905,-0.9760943277061948,-0.7928557312635104,0.322580515047526,-0.8855976694181814,-0.9205991221733284,-0.6185597466055296,-0.8302195262206724,0.7080333603354515,0.8175848792025326,0.8345916605040021,0.8454204013897278,0.8572383623907355,0.9329475791330581,-0.9178314310486855,0.5431013570753761,-0.8995677778659169,0.2197679305567195,-0.8132036865975392,0.8592464408728586,0.7306189928091692,0.8874393507544486,0.7313796609702511,-0.7436632157974581,-0.8186608761093619,0.9211638850318064,-0.7485601082906406,-0.7528135625399374,-0.0038064611806664845,0.877321161090138,0.9484335616147934,0.7804333150379738,0.8842697449022099,0.8334878746466983,-0.5479714576833248,-0.8611937836727733,0.5213380308297508,-0.8438755552104517,-0.9004209650266196,0.8562855471992066,0.8823357266694632,0.8393596987770421,-0.9261059708017089,0.3991728825603071,0.8014890249943518,0.8288082996800459,0.63229001152292,0.9658791140444427,-0.8579062707505434,0.6223503919123822,-0.8952933053788228,0.7392662008927114,0.4091425316944266
-0.945597787329037,0.8680519272606136,0.7567659997341357,0.9722254954537594,0.9494756231001981,0.9025459714260604,0.9248764728988647,0.9807249966088336,0.7552140983791726,-0.7508686601375867,1.0000000019643311,0.9483485329766228,0.09543058442746663,0.9336072984535824,-0.9354557736313074,-0.9665193044905293,-0.9615473456725914,0.7041136973617578,-0.7785560678259337,-0.9054322300458196,-0.9233442385430002,0.8325800855415846,-0.9217884137466018,-0.9234220265867655,0.28121439775344165,-0.8029201813039215,-0.8994334751171589,-0.7776943233200521,0.6998321737373784,0.6481741883088148,0.9823303074291023,0.9365014499207968,0.9110352818995223,0.1956043136734528,0.8558345371065654,0.98905570211338,-0.40788357638773975,0.8833902108923019,-0.9808318318008893,-0.16532084592736987,-0.9334748002166117,0.5407996700811775,-0.8692277776446569,-0.6009614957955244,0.6945398646463421,-0.8373153859165785,0.9560418180967836,0.9757848035003935,0.9428158387077551,0.703975047262522,-0.9451642940677101,0.4875004738338729,-0.9429660492474364,-0.92690732354496,-0.8447566596580507,0.6472253699319388,-0.753398774007853,-0.6597025424794026,0.8207756197946628,-0.8219594464459674,0.9860768495339294,0.9124284340153224,0.9001166635263009,0.7888717465254131,-0.9592778279684271,0.9877706598822387,0.8707928406493483,0.9855840728214823,0.48495980645932524,0.6122691421923022,0.9143363395764467,-0.8550656305008456,0.4013068326635542,-0.9821126041489171,0.843349011405716,0.9792670726881862,-0.827201059047346,0.9561174341980656,0.9468275743220926,0.5077969537615311,0.635920507311017,-0.9721071180575444,-0.9928841054068704,-0.9530122134633885,-0.977567490568715,-0.9449103094295217,-0.9203554507492171,0.9487129361940605,-0.9108063681348876,0.8753910222748036,-0.7981454188073958,0.9832321654059857,-0.9040817739166479,-0.9147556326825375,-0.7356893739499099,-0.8503079236468423,0.9979857083947589,0.969800075152077,-0.8904704040099639,0.9925186407292399,0.5834230801561727,0.652813641179908,-0.9466372025249365,-0.5528223139611471,-0.9739399619909649,-0.9513169588229073,-0.8227477544751751,0.9439942638940163,0.9767970902516333,-0.8911164980159852,0.9691867859762208,0.5727090999103784,-0.9718598381860416,-0.9717304056271574,-0.9868469319890188,0.8919325444233398,-0.8764527888519286,-0.9965145380048911,-0.8587322217570087,-0.9665685416769715,-0.8319973066355211,0.32825506047538433,-0.8575879685034421,0.9466951240410629,-0.7137694929854725,0.12023342238430705
-0.9922572750666799,0.8705280643721466,0.923826409019285,0.9930473679227687,0.9851295762870617,0.9746365545959669,0.9752216987661916,0.9863904573587868,0.684690424846109,-0.861069716664395,0.9483485329766228,0.9999999971456226,0.32258055209469777,0.9937689133963556,-0.9963092272443841,-0.9301952053740268,-0.8795979918074712,0.8418482983057576,-0.9026515942864505,-0.9126928886341202,-0.9714035137752963,0.9562162287548053,-0.9213139609404046,-0.9273267557324283,0.17354685564229788,-0.95043313731986,-0.9797457006533402,-0.7181144564128841,0.8042607464156752,0.8205743324880508,0.9842530028969746,0.9972547580575244,0.9775528195426205,0.42851786949740217,0.9558551830071249,0.9800247902578997,-0.36486710125467114,0.9058078144020322,-0.9199383098602008,-0.2503666603802853,-0.9682819505408033,0.6998001918979564,-0.9761863529156507,-0.7551556346738644,0.8773693050805639,-0.9037858306155544,0.9943682323818791,0.9868183705440696,0.8939753865920742,0.8510826108722138,-0.9992595395629672,0.2898474034827042,-0.9732053950236361,-0.9011754913865649,-0.9339065318583616,0.7055398725386055,-0.88029254478772,-0.8500555711756129,0.8534881800216817,-0.8452462214089456,0.974318372210203,0.9866689626050549,0.88345660080818,0.911871044568206,-0.9722020491097813,0.9521923613652596,0.9381648645358451,0.9746484322212426,0.7161909388163804,0.6476515686077956,0.9624324009547536,-0.8526685231035468,0.2675063823010234,-0.9878055633425249,0.8859202011891711,0.9180501229977697,-0.7566254950461142,0.9533676727075949,0.9690170224364991,0.38874081555058015,0.6944134865798708,-0.9428869867791413,-0.9716874695125285,-0.9931886399585482,-0.9522557564384639,-0.9962458588569124,-0.9657867369147488,0.9819911135950691,-0.8916533955852617,0.9617515043216819,-0.6395092200603603,0.9376898469312328,-0.9494060630065938,-0.9623109254384562,-0.7855505268530948,-0.9395666220018879,0.9583600351404479,0.949852656760127,-0.9361376526696685,0.9651962330631005,0.6177384202349699,0.44346140420836816,-0.9986754969861935,-0.7431017709610315,-0.9488647889544063,-0.9474089238623241,-0.949953303284448,0.7976450600542816,0.9553042103028399,-0.8629775504328198,0.9587236919024806,0.6732951657533363,-0.9948742639330087,-0.9793949725430621,-0.9760097673597485,0.8826542415912638,-0.7981226954990797,-0.9585570429551595,-0.9584582508001831,-0.9264846034147706,-0.9108501379722823,0.4925343018822591,-0.9200112205367417,0.9912206803663741,-0.868693837600971,0.08643987056317405
-0.34452901256303925,0.062076568914607166,0.5950784669932592,0.28358946945859764,0.3972911166940041,0.3644585697980452,0.28883712492429175,0.2102625364620706,-0.1527145375231016,-0.3546152935395528,0.09543058442746663,0.32258055209469777,0.9999999990569803,0.2894465294269365,-0.3200294703094265,-0.05862330149120068,0.0891251702203273,0.7508549741292128,-0.49409602241999623,-0.17794025444597644,-0.37765202229827816,0.5736314217637486,-0.05912804598643541,-0.190843192821101,0.14841465450015406,-0.5217042406991887,-0.4202453498324997,0.14249329956962958,0.46747700777804824,0.6011022810008897,0.2488126873081265,0.36799251620171936,0.28026292165199945,0.2841834947506595,0.5344107168459659,0.16049141840879458,-0.130704852017556,0.23298596209188746,-0.06890735810305942,-0.7746356390530753,-0.2213831867606711,0.8069524158301155,-0.500980090605993,-0.7571225984546901,0.5282571823780228,-0.3402060565436095,0.31674448831623014,0.16629877134532972,-0.09318625496559187,0.35311711087092296,-0.3096277145208926,0.04454910871513,-0.1254833563982664,-0.11775320798625334,-0.2813116501924004,0.5017749246941234,-0.5794744548535788,-0.7239743969648627,0.36019572141559597,-0.28610774537017936,0.17801434112942957,0.38227752717479796,0.12947760584651247,0.23364277442192127,-0.11891921627204816,0.03561669238545286,0.3888786829283504,0.2608912058871994,0.7149671820640511,-0.19707517579669726,0.24320528124868582,-0.21295267019504066,-0.6315048264471212,-0.2430201519121391,0.2195859462900107,0.12942667079743736,-0.06634095349820253,0.2626193768840385,0.19027771499495175,-0.222371473635834,0.5688593687760213,-0.02762479408162159,-0.1293246393952236,-0.3719508523020118,-0.05620787068787194,-0.3785733594688512,-0.35844085569781964,0.24709303524262927,-0.26502267995277146,0.5235092480172,0.022562589319264793,0.15980028554366993,-0.48414927311016537,-0.2171866967372953,0.07137253247955819,-0.2690555357491426,0.12323103166866545,0.015541164446260547,-0.426110701012907,0.20300266940150133,-0.2737345143778574,-0.16494775301348455,-0.3420863306649806,-0.5803257571844503,-0.28748678531575356,-0.060423239666097965,-0.5965675770110181,-0.2058804440406821,0.17871060115223014,-0.340075235058928,0.05339872548441573,0.5298569226104614,-0.23895395792171267,-0.1804739462081124,-0.21265685080358535,0.08402683824300881,-0.15146393215935042,-0.120442251731569,-0.5739380415936708,-0.21363585445788566,-0.1820497655335048,0.4461641406337493,-0.4065557034091064,0.34889040945204114,-0.7370675015258903,0.04257063347855294
-0.990864701037051,0.9097076888180756,0.9228097694152689,0.9769012397209755,0.9655525167714162,0.9868055274549096,0.9891651846738206,0.9839688503621605,0.7356901403104119,-0.9040793015381616,0.9336072984535824,0.9937689133963556,0.2894465294269365,1.0000000005798486,-0.9990897226555564,-0.9425578630802692,-0.8903702091426228,0.8008719317829376,-0.926973714416633,-0.9375881457927315,-0.974631485116291,0.9395981655660486,-0.9496005504009556,-0.9468653976994178,0.06509612663890695,-0.95098503594081,-0.9585849840921364,-0.7690304164263468,0.8398009076259106,0.8504222908091781,0.9645867590581186,0.9932741426584878,0.9943664607290796,0.5103583760869543,0.9547707019288091,0.9684287768808137,-0.4116442263125973,0.9318371428962096,-0.9199980439200369,-0.1574328723446685,-0.9854561518061485,0.6424877956944951,-0.9733853044164457,-0.7599069576118076,0.9040718548089645,-0.9325518283983802,0.9917273576188875,0.9841283756374853,0.9153216539666312,0.8981134369770468,-0.993094693381314,0.19857524105132077,-0.9846387376213552,-0.9206156486063879,-0.9664443323793622,0.7270992120664593,-0.8962462335038469,-0.8310780545327391,0.8744087373485597,-0.87349619255771,0.9722697998025713,0.9922388269177197,0.9087160368187577,0.9307498839473224,-0.9672494657280073,0.9529943418876492,0.9552894707057282,0.956870190288228,0.6954799422040843,0.6520829342705817,0.9833588182004347,-0.8788869417410229,0.2510135280770571,-0.9799270879475045,0.9225797129137387,0.9103190897703328,-0.6932284059202837,0.9544991406165385,0.9841384670439237,0.4439632544614904,0.7042773125113934,-0.9307283363983705,-0.967128424785524,-0.9772926930220983,-0.9608034036986965,-0.9850123288675015,-0.9726410470954421,0.9917030859468438,-0.8390329082798649,0.9555047090017551,-0.5682604992784959,0.9306273716740173,-0.9349020136748654,-0.9469884803675498,-0.8465509792894107,-0.9294368238351026,0.9404758074330837,0.9583998919079314,-0.9392071888912257,0.9422834253822449,0.6931532999999032,0.3657961460942563,-0.9938334135354616,-0.7861590574291474,-0.9267973963884318,-0.9662865912745926,-0.9338687834783466,0.7794560367693036,0.9562525319637715,-0.8026563216744148,0.9686516244986847,0.708030149292841,-0.9912790478694682,-0.9850748376212941,-0.9690864010863446,0.9147340999700313,-0.733876581856702,-0.9511717536563344,-0.9381175614588467,-0.8857877385331139,-0.9511564642131227,0.5614374959276006,-0.8777005405939724,0.9887683804011196,-0.8395206674075283,-0.0051220823115140385
0.994965485372679,-0.9014944548973126,-0.9288324848658112,-0.9812061423870883,-0.9749559704390072,-0.9886854900948713,-0.9890028711158777,-0.9850196884928416,-0.7244334923333227,0.9006820952573056,-0.9354557736313074,-0.9963092272443841,-0.3200294703094265,-0.9990897226555564,1.000000003049992,0.9392714844951332,0.8842717714665476,-0.8220311247364485,0.9306174141677919,0.9357922323137828,0.9803883806694488,-0.9496459987785287,0.9416552750811391,0.9463202570656583,-0.08960111853719703,0.9545971805757317,0.9646588240317895,0.7568347930419779,-0.8444087948846789,-0.8554527575203223,-0.9692565320491507,-0.9972905846260219,-0.9917982412499233,-0.492095346827238,-0.9642132034592757,-0.9688638339275972,0.41698805810480805,-0.9315225134896848,0.9207563413846738,0.19484377600062877,0.9830397486039486,-0.6669898024583865,0.9800956280436958,0.7778400035609699,-0.9034837738364068,0.9334195438140003,-0.9952078016057735,-0.9821440629930065,-0.9046761068726868,-0.8905530457150669,0.9946488201778144,-0.22461213498169685,0.9776066199603594,0.9194051510930705,0.9610356423089926,-0.7404299782169417,0.9051265251478845,0.8437052628458941,-0.8810016053465102,0.8765780457832584,-0.973472254231492,-0.9951589233301031,-0.9070338728544989,-0.9200875259101483,0.9626858221286569,-0.9487932027808927,-0.9591329701270755,-0.9635812379541151,-0.7047355847146455,-0.6301784539779325,-0.9805871497188939,0.8806415350287233,-0.2279724602527621,0.9831282716023525,-0.9189319599075725,-0.9150006118479155,0.7003686550170989,-0.9595278870569945,-0.9814351110332802,-0.4368174298492998,-0.7221764348882904,0.9262686654343826,0.9667778111271244,0.9844836677121048,0.9562012069088139,0.9910734828006194,0.9774405758273779,-0.9911977433363968,0.8498001134768689,-0.9660397572349337,0.5815022833089529,-0.9350973421096594,0.9482292814882973,0.9449739777281043,0.8253555290774091,0.9258120456524513,-0.9426855462064656,-0.9509620219785729,0.9483238886769827,-0.9478942351567221,-0.6631309645027926,-0.3788804796365611,0.9973604672599765,0.7881330795837469,0.9370409452286815,0.9590693274295599,0.9448591198950925,-0.7762551172932295,-0.9585546159701137,0.8193646930358297,-0.9621548087476981,-0.7179753520778238,0.9920714575507802,0.983826466687924,0.9724122787899474,-0.9093083013130728,0.7462504558065292,0.9524182950037254,0.950936030714049,0.8948255761110755,0.9410422130434489,-0.559722024779712,0.8868014900769331,-0.9934163939030527,0.8570829419707059,-0.005439182992342851
0.9483277776928286,-0.9651437678376711,-0.7508108008079648,-0.9325442597697865,-0.9133014094867208,-0.9375372538425845,-0.9618235286174197,-0.9759115978245951,-0.8894911036784334,0.8611054327135811,-0.9665193044905293,-0.9301952053740268,-0.05862330149120068,-0.9425578630802692,0.9392714844951332,1.0000000049704045,0.987087652109514,-0.6244693338651821,0.8505596848247174,0.977385254905695,0.9457380613819081,-0.7960946429873644,0.9858090321376326,0.982939140011803,-0.032071574383316793,0.7968080253640268,0.8416935684541669,0.9072596235329965,-0.8128629545044723,-0.7355884140411875,-0.9352306890661368,-0.9289348960681955,-0.9471916792665105,-0.36431877642308563,-0.8695074669143222,-0.9553120583236216,0.5781750093088097,-0.9616352804821257,0.9917325774778767,-0.01926683574203372,0.9754637611999595,-0.4174973218663937,0.8678428890784594,0.6529166147523245,-0.7527141089636743,0.9221101159142114,-0.9539632267925898,-0.9597137545529679,-0.9827550887335017,-0.8086758207390983,0.9237303336604281,-0.30937305027427325,0.952720962160049,0.9879200462112401,0.9183758014851667,-0.7501736687442055,0.815385371718582,0.6151362531228408,-0.9036144820399308,0.9179274126813229,-0.9852364406508133,-0.9296631610003161,-0.9767532352607539,-0.7981542936035771,0.9275786081754996,-0.9818070159929755,-0.9282960522854989,-0.9526637318376772,-0.4186970350082945,-0.5516796963797327,-0.9652490592299455,0.9438043339684459,-0.29353725692331845,0.9669694914974252,-0.9417631849760825,-0.9781935726265913,0.6597575893532103,-0.9763237854805619,-0.9831066230387915,-0.6749022552343621,-0.7165814431492799,0.9236237702342015,0.9804220931251287,0.9207702813187515,0.993368941783902,0.9222702169622904,0.9514661567031132,-0.9734969910713381,0.7821129183157679,-0.878101947011467,0.6371289704475332,-0.9815113430774017,0.8951413086251475,0.8539184087450123,0.8537525801651498,0.7951440627554007,-0.9541554532160017,-0.9758255612000921,0.923411187221897,-0.9420751160699171,-0.7207376238359716,-0.47776761270529966,0.9359497501983354,0.669707837259639,0.9406627360387868,0.9884728740623581,0.7904795933808585,-0.8960585841935113,-0.9902040015416649,0.7583262002241016,-0.9813123827756043,-0.7007396523532935,0.9602187343310535,0.9848352166689961,0.9773060488955109,-0.9771201187698038,0.7240966185791599,0.9824731276438362,0.8225448504178411,0.8727150647761549,0.9164261968935209,-0.518206406529013,0.7452293393739864,-0.9481175888249269,0.6575518577358569,0.13007370758808384
