0.9999999971336825,-0.9903938608242729,-0.7811900289155791,-0.18104157213520433,-0.9060989748816148,-0.9261369820034242,-0.8404035403485719,-0.9858069535723789,0.9734169185992044,0.9058948580390014,-0.8971059113738812,0.8501747571249333,0.6907871793215691,0.9533530978266629,0.9875699509491191,0.9678212163191853,-0.9674014035082523,0.653997004421957,0.8938214732855518,-0.9916102485538902,0.8112336308807079,-0.9297761757794782,-0.9784483241572773,-0.4602080190915314,-0.9828752497081749,-0.9675554138343407,-0.9332531501330823,-0.9912450375746729,-0.9314177580581896,-0.5272223418574606,-0.9407315632311187,-0.8546807351872346,0.9716245507523289,-0.8869557239020367,-0.8227398092091296,0.9047686775161646,0.9645788139428081,0.9791510929834213,-0.3122561453715684,0.981790263612603,0.902484821888593,0.8081948408255245,-0.632181671649379,-0.2692167710062304,-0.954207780386782,-0.5498730207952747,0.6020632062275205,0.9626666507758241,-0.6461503686086629,-0.949457008483724,0.8436661170060421,-0.9518554127946244,-0.23518500113540663,0.962081252478226,0.8525385842933088,0.9345038180872897,0.5073444325380438,0.9682470180230687,-0.5856594536973211,0.5649614408544188,0.9716211802727135,-0.9198303985254659,-0.8398561675689842,0.8225586486133852,-0.8969289615763818,0.8462408932783742,-0.9963410328204071,-0.8714858091954338,-0.6633214116275892,-0.7523558226970871,0.9160600299855886,0.8547950105853356,0.9582710894000906,0.9382119430177608,0.7707565182237037,-0.961621027012652,-0.892650498928275,0.3689196082377959,-0.5607534916374916,0.9102843442012409,-0.9626128414721702,-0.9657395172561609,0.9088990832579051,0.9727656191861468,0.9179313044257896,-0.9801636749957592,-0.9480140390962403,-0.8962899850794641,-0.9861377930657833,0.662142575236562,0.978423818205234,-0.9116862112502705,0.944776477792327,0.9521393377546781,0.9447103861540684,0.9884403972116224,0.904644239707064,0.6790924807988518,0.7404578695591316,0.9707366092655314,-0.9434873404837025,0.8330362696373216,0.904254953385354,0.6731238037066885,-0.9710327380645695,0.3667178078004149,-0.3795576548509103,-0.8771897682387862,-0.9557093505218515,-0.9564114396365008,0.06230900404831008,0.9801462884235662,-0.9715114524051385,-0.9379146167729148,0.8368443866385673,0.9766754963404,-0.863987905422413,0.02416392165050507,0.8865984233885551,0.980311538550389,-0.12574581747582325,-0.4711657717308199,-0.8988863034827612,-0.9052719039855791,0.9077938316153135,0.9906080106733637
-0.9903938608242729,0.9999999997023288,0.7245633288395766,0.11794179649978595,0.9197107464142761,0.9566550064874537,0.8432453591927302,0.9950884763140385,-0.9556717574007647,-0.9495010600930546,0.9021949267995594,-0.9087240327448389,-0.7109615073404023,-0.9702233216552602,-0.983100717229222,-0.9278966898777039,0.9363124007525796,-0.6218867877045119,-0.9093814380583112,0.9699970742003843,-0.8758186766104918,0.8825361749747047,0.9808021300513173,0.4832890433195853,0.9686044444052355,0.9565483487612179,0.9734681157664766,0.9974166344743893,0.9211811853400474,0.4992399093390128,0.9026669238487781,0.7796942325145931,-0.9660930279204125,0.8916491480037265,0.8607468632227571,-0.9024948144203593,-0.9818801622645705,-0.9571081694251473,0.42651669448757124,-0.9821886200110571,-0.8602797545581484,-0.8379368886728434,0.7289274900268978,0.2577786090359732,0.9433390179425323,0.44555429752060877,-0.5736184692645228,-0.9519181743377128,0.7442728435432188,0.9586960013514197,-0.8629300056314837,0.9150324837802847,0.24032256587059805,-0.9563382853979674,-0.9036812162283733,-0.9107537356173764,-0.4277152810358988,-0.9711407960903189,0.6410597223544319,-0.5636339093036216,-0.9586059916227513,0.9460755898834394,0.8695125090359827,-0.8048913350618562,0.8871779999141801,-0.8761330808198866,0.9818129239075982,0.8290604424878966,0.6085712435591415,0.8209849495139426,-0.910573239489024,-0.8757676451100569,-0.9541759876914752,-0.9032946777076365,-0.6757435042657239,0.9681499275532086,0.8701022500476271,-0.48063462427804143,0.5662939839818153,-0.9539609698446246,0.9613549171306259,0.9730871680843987,-0.9257061650126048,-0.9895530547284853,-0.9385150470573262,0.981325266233825,0.9516530141992187,0.9331164273747358,0.9879902155413102,-0.7125741224047994,-0.982911329529346,0.8974026618199127,-0.9104538890587259,-0.9571253045950466,-0.9339001923399661,-0.9817908745403473,-0.8819743147225269,-0.5997361171930463,-0.7229197335180819,-0.9654460472273657,0.9334887182470729,-0.8031545795177395,-0.8441183173908591,-0.6863935575223055,0.9800490548647094,-0.393719235295491,0.41240834652257763,0.9039817185807061,0.9602018222096464,0.9619440199610372,-0.1478005260996924,-0.950795897383186,0.9708213196872132,0.8833050472153544,-0.7964522084578173,-0.991100283715523,0.8629554459483347,-0.09819093612425818,-0.8851866901300528,-0.9816447081253905,0.07770943368238925,0.44734316224502363,0.8849202308533624,0.9138215719221707,-0.9369788198989306,-0.9819639747258357
-0.7811900289155791,0.7245633288395766,0.9999999993268218,-0.08979887427926686,0.4498962915850568,0.6656523138617672,0.8953600350349435,0.7376674729449614,-0.6847594412523317,-0.5553738384532659,0.8035403271685224,-0.4005961053827803,-0.8279281457387259,-0.7126703060928378,-0.7713672095302717,-0.7751773672553278,0.7145052109382003,-0.756394762131226,-0.7795563027658964,0.7665228091864609,-0.48085991580333104,0.7011344052821555,0.6716354716715343,0.37227491178097055,0.7372348877713296,0.8893507070702882,0.6152751714593712,0.7058596665265399,0.746744067194216,0.09418713691440327,0.6845625438582845,0.8134794155267009,-0.6629657117615814,0.42753086430722187,0.41546546708396276,-0.4910410879224668,-0.6009886526412547,-0.7573604089522266,-0.2489364970688444,-0.6540112806881757,-0.7168078259138521,-0.28703292862601804,0.2745555051330184,-0.25753197939440453,0.5966174350615259,0.5027049256526358,-0.9169271580204238,-0.8096205154413378,0.26330623382382845,0.7668999173011632,-0.8443529690177193,0.7134186804319886,0.6617720097734345,-0.71092363840589,-0.49068549386876786,-0.6456433694452061,-0.8810163779124236,-0.7588430993737791,0.6324603591928439,-0.031855637305310075,-0.8077902705760147,0.7197213761406458,0.4528973126276492,-0.38608674472936455,0.7658906926661169,-0.6554111090498529,0.7935857969747938,0.8693144161413763,0.5973650290217979,0.3071953358445319,-0.8869453204045419,-0.5025380847178124,-0.7200430074519069,-0.6561123519340385,-0.8407359553739835,0.7612669382804634,0.5172502146244425,-0.12748631953271927,0.45198833817824846,-0.5168746746508402,0.6211795452504381,0.8057751206743277,-0.7203429090871977,-0.7597683319247526,-0.46961226840621795,0.6779633344931466,0.8254603862190972,0.44743630050925215,0.7486844549415854,-0.6644674859651662,-0.7118385847845768,0.5535214633155879,-0.6632934281455305,-0.7506627335579579,-0.8365652594473083,-0.6891654583077711,-0.7548078018229348,-0.4554491981722433,-0.32801102855674646,-0.6472411968808859,0.6444362756145909,-0.4349755126455886,-0.946064775584663,-0.11458601118721957,0.6235195537872313,0.24307790607724597,0.6110676798934727,0.7068348169285888,0.8237409039064625,0.6831284461703282,0.5640100716253083,-0.8179082152953902,0.7420207589961739,0.9046205064270869,-0.5406158977712706,-0.7278383943610401,0.4001064786998516,0.5651402435637537,-0.4390124842871249,-0.7137039390779905,-0.24414574074789208,-0.015169839479064197,0.49213379593338025,0.7902268850922634,-0.7284077146117538,-0.7470601832604412
-0.18104157213520433,0.11794179649978595,-0.08979887427926686,1.000000002107338,0.39487857571949203,-0.1257344814124903,-0.33484050200762006,0.053390976960658316,-0.3969854543473849,0.06037595683220864,-0.23415310121665758,-0.12453239608541812,0.47454395764502755,0.06240389920344836,-0.07703575472669034,-0.3495182900032414,0.36302995061417037,0.3485246224765835,0.2620431070475412,0.2510733684793915,0.24615184956416658,0.4852906416939243,0.16822117353932797,0.24813159394327342,0.18595667552156037,-0.0190851995613691,-0.02690092226609832,0.15329902577652424,-0.011060324456461058,0.9000081893780394,0.40015487043551246,0.4884886250676928,-0.21847316979045114,0.44620980606005173,-0.018361727764133855,-0.36263555518070045,-0.18025945070665528,-0.2044604889001327,-0.1300782667651655,-0.25670976365072573,-0.5248385300482835,-0.30347727098337346,-0.370130840018839,0.7574367671362694,0.3972983702786025,0.5772540234735808,0.47811254882421655,0.01061764684544207,-0.3024011060919638,-0.1032431943635933,0.3267681706336042,0.35672256923266793,-0.7431532099041742,-0.09260296562271603,0.133059202429219,-0.2902403364844486,-0.05679644518007019,0.01310874126491275,-0.6729202413465599,-0.8000068606131056,-0.03134863356605155,-0.1874126236745069,0.0013237550046593378,-0.5375571825115948,-0.11413958680958065,0.29053415335530564,0.15835903150255665,-0.04828729831365599,0.6323767417234241,-0.12454037504661367,0.1960098872154162,0.0006944737725976778,-0.05507178780541317,-0.5006420330403968,-0.37420479764154235,-0.05268355211293784,0.46962202563705796,0.6427452156404446,-0.35869886439497173,-0.031624518590316716,0.3798641731804659,-0.07890188037636729,0.18156877741786817,0.0204485976543041,-0.32710214660294,0.17106843170252936,-0.13176159519195974,0.15690838881647778,0.06766723147972004,0.6095099001050598,-0.0787819489073613,0.33538202762868596,-0.45818060063276245,0.05870137654424789,0.0825302006331058,-0.2689612315979742,-0.0077174742212582585,-0.7505383800306379,-0.7507332568372955,-0.25161965890779464,0.19244267481969443,-0.6275527879687337,-0.17139861683248725,-0.5101050572534254,0.20205893416889437,-0.5410442696935072,-0.8246618018103669,-0.27179276173359845,-0.11200533571051974,0.046317636962234815,-0.2401362817919796,-0.3002569049965914,0.03924156223756633,0.23018365391003573,-0.6842424306086387,-0.009783970610594373,0.4930568872302182,-0.1902873976600399,-0.4705696870531758,-0.10159547491406462,0.9616799098469673,0.8826539171829867,0.5009839509897388,-0.22181527167171236,0.2276564691631864,-0.1561978142733847
-0.9060989748816148,0.9197107464142761,0.4498962915850568,0.39487857571949203,0.9999999990609757,0.8487787561885619,0.5691577448367984,0.9017952913365709,-0.9478805217089413,-0.8928194424895178,0.7190306952309402,-0.9199060809090585,-0.38570255787054436,-0.8644839443255379,-0.8888142421658565,-0.8861885126930119,0.9243390595120677,-0.41685981201937133,-0.724576102878105,0.9134195425753588,-0.7906970268544763,0.8922832838925298,0.9458457308695609,0.397705888211884,0.9153971312482112,0.776119099459532,0.8927933312226859,0.9373720504274224,0.8252402997860973,0.743338854306699,0.9121038510191307,0.7187724681444888,-0.9481886560919943,0.9948392412212823,0.8764126482916204,-0.9766120899224309,-0.9680885560398339,-0.9006008219014021,0.5626033742657627,-0.9672361701665454,-0.8398977397398579,-0.962000860753934,0.6557594219464641,0.6057175728649103,0.9790268245858315,0.5172698689061243,-0.22060320106501663,-0.8260516410972333,0.6854859429557467,0.8231032028744958,-0.6013046250383032,0.9055637251577942,-0.15762501126931253,-0.896155211199995,-0.8549018567313063,-0.919221969702256,-0.15477519733919523,-0.8626298959736651,0.346269020187004,-0.8243875689333395,-0.8429961994928767,0.8014444841550291,0.8798991179734206,-0.9464380559843221,0.7578823391994638,-0.7350793294939683,0.8939892955686328,0.6676519037835374,0.5883243159997723,0.830778148889787,-0.6942209015430102,-0.8709953030620657,-0.8819721089195377,-0.9302201434004007,-0.5850212910255428,0.8479496515394662,0.9551840140254173,-0.361127593941444,0.47714889498851687,-0.9296031223337408,0.9677239317495033,0.820856682661006,-0.7906323985189949,-0.8604639588188598,-0.9969942323668267,0.9445841820041886,0.7814461998092406,0.9667426380902131,0.8990587612511216,-0.4393559787911156,-0.9130262102726623,0.9479534149704488,-0.9329228405309355,-0.8424223650276849,-0.7784549901935913,-0.9561718606362469,-0.788212068122453,-0.7302014786083894,-0.8754513499706295,-0.9590556345191467,0.9222242651883569,-0.9365514143695604,-0.6775386958667647,-0.9048533556430229,0.966753645131844,-0.708362962349764,0.07000564352102398,0.7456786273623193,0.7940071961040365,0.899910472768549,-0.45261861812416804,-0.8660413074996699,0.8830873173673012,0.7547894927758936,-0.8744366134782774,-0.8912396750113925,0.9857932760452045,-0.40287391425261576,-0.99035267419282,-0.9169501171999431,0.4149997521198346,0.7370672270381168,0.9783421492552974,0.7388413160156004,-0.7748072775397735,-0.9154820749912391
-0.9261369820034242,0.9566550064874537,0.6656523138617672,-0.1257344814124903,0.8487787561885619,0.9999999988742828,0.8752270773812402,0.9760779366406034,-0.8418475483562591,-0.9872974886426764,0.9599000590422434,-0.8841502191602819,-0.7467384308816835,-0.9947805654187488,-0.9620844516316907,-0.8296576735396222,0.848415411382466,-0.7315620504877942,-0.9718274680520133,0.9001472637170894,-0.9645639952093571,0.7557445978662761,0.9533740972673435,0.2994917707495534,0.9304250744539769,0.9186639301209055,0.9779447326811703,0.9548427194144277,0.946679883551667,0.2871884962600455,0.8158448666919997,0.6070381842856644,-0.931527051361167,0.8176285907328287,0.9335809295391406,-0.857478180610745,-0.9517565622273081,-0.912155882379647,0.5480383936188913,-0.925010536142066,-0.6789814316381104,-0.831292793115483,0.8510810106988503,0.17320980772424815,0.858659002692785,0.3317634392820519,-0.6202820995865164,-0.9551909766188897,0.8415492106855147,0.9864309767178141,-0.887427004600039,0.836088950988605,0.32982351686163175,-0.9543736166308877,-0.9765910630946839,-0.8709218526049027,-0.2818095561222237,-0.9795257081024673,0.7718039927857221,-0.4019946552476856,-0.9502977775299797,0.995104439797398,0.9357965000994114,-0.7258443712177314,0.9372470918291566,-0.9746762829250704,0.9308904348103509,0.8407171519944415,0.35500436766516325,0.9143088108119715,-0.9298244710383428,-0.939114869880248,-0.9608791077932518,-0.7730300258952023,-0.5494279391861837,0.9846413332558422,0.7914875688270177,-0.6747415708443384,0.7390867443013618,-0.9689567024196214,0.8539382260789199,0.9764349862792973,-0.9866128645281155,-0.9730545356299666,-0.8816044820280228,0.9519905431421698,0.9702232084543928,0.9329036663957434,0.9711834731949163,-0.8385676671309905,-0.9732077538183789,0.8582340081511469,-0.7999548005427718,-0.9819959774702774,-0.949880755496094,-0.9154202756408814,-0.9069026641807597,-0.4320473957975996,-0.5273958913120492,-0.9221239618398195,0.9199527550839438,-0.6789591223736718,-0.748530283328534,-0.6468974764978417,0.9460208524379745,-0.37706210289952036,0.5849745272063721,0.9831916695508669,0.9713340858230562,0.9737661876403839,-0.20869702641782836,-0.8352376358463827,0.9714273069106044,0.7863909074068643,-0.6030596455737675,-0.9852542329800226,0.7824464593513665,-0.19244203361093343,-0.8045778878977627,-0.9666584586373559,-0.11167612825884767,0.27466533320463826,0.7894315976532854,0.9695646017621278,-0.9895453618754863,-0.9448559992758562
-0.8404035403485719,0.8432453591927302,0.8953600350349435,-0.33484050200762006,0.5691577448367984,0.8752270773812402,0.9999999992938469,0.8674466376741248,-0.6999063793746747,-0.7975750254912807,0.9455321775151257,-0.6448483394587406,-0.9535966415544955,-0.8809105740712182,-0.8655151247883088,-0.7390545983703416,0.7096423810993753,-0.8007192068814175,-0.9500138411938225,0.7941820516258788,-0.78969926087272,0.630875790558486,0.7844445639916245,0.3757118035274449,0.800686381287327,0.9456424112566469,0.830889679513033,0.8186068916498905,0.8455048735545693,-0.0032351645374208856,0.6615971876595316,0.6299664617214239,-0.752790260089241,0.5225544608656929,0.6605596575179491,-0.5842824299292049,-0.7503477307220341,-0.7965514841277869,0.16284609279484316,-0.7474781425677481,-0.6213687032437147,-0.47562826658810403,0.6615837217682141,-0.2627595727610748,0.6478654960299611,0.25377861897710835,-0.9120244646627903,-0.8952484515350199,0.6429349576451229,0.914057760764016,-0.9878063787837709,0.6974945369491771,0.7137190109686006,-0.8130881916783829,-0.7658560495023161,-0.6846256238637273,-0.6336601657894814,-0.8842961398575147,0.890692063435464,-0.0369521863292911,-0.8833489401744837,0.9170545403066315,0.6748767767227511,-0.41773864144276407,0.871892897066423,-0.881074993722823,0.8471625643494659,0.864438000043405,0.3982442361325404,0.6313498396142907,-0.9792738183363582,-0.7012949468639144,-0.8295312842362875,-0.6178067874975551,-0.6192685976158001,0.8983970560192772,0.5398864502614756,-0.5543523625412603,0.6274364271722919,-0.7502477384793506,0.6815973897342201,0.9345786134890525,-0.900308897828606,-0.9043779486539639,-0.6136288253649256,0.7867152683310401,0.9494150217996679,0.6592615718457561,0.8615322655235007,-0.9196513549295936,-0.8364104512127992,0.61825327417422,-0.6381426248529504,-0.8880553278723251,-0.9238185335312806,-0.7593673308569567,-0.8187252238914132,-0.2615275161889183,-0.28407022548657757,-0.7337877605348171,0.7320997354404025,-0.4105925942936289,-0.8390616410923787,-0.23560477416526102,0.7506852010743836,0.10374664226295344,0.8047397445028153,0.9158138298063208,0.9470173582161994,0.8206139498253514,0.2735149295019528,-0.7955145689925097,0.8566490203042855,0.819175453906791,-0.4448561353131767,-0.8762030779393322,0.476144817096188,0.2893945924414681,-0.5150723661586682,-0.8281173293742179,-0.4209757144641262,-0.08201029682469609,0.5284346737182325,0.9417372779635819,-0.9317358111670208,-0.8248709636361068
-0.9858069535723789,0.9950884763140385,0.7376674729449614,0.053390976960658316,0.9017952913365709,0.9760779366406034,0.8674466376741248,1.0000000004171274,-0.9348857840734227,-0.9608772948606635,0.9377102331177375,-0.887658148182033,-0.7256933873605417,-0.988695889523086,-0.9934368769341724,-0.9230451163154608,0.9319409408968156,-0.6907498313796612,-0.9420133649733842,0.9686821215102072,-0.8964301273898306,0.8692005511083486,0.9858494118762452,0.4056652121233249,0.9767075545864401,0.9618117422623571,0.9731087012763043,0.9945789744540712,0.9519908694591476,0.43756553574105145,0.9016090043233362,0.758257300727696,-0.9718456180311239,0.8763846236552892,0.8880755546086536,-0.9022039880808019,-0.9790277153472651,-0.9658764430889323,0.4311156817346035,-0.9762884241517373,-0.8217556327389732,-0.8374949388125879,0.7454643762016149,0.23675003187487687,0.9313485028462006,0.45706536449287993,-0.6128943483920777,-0.9742090279386294,0.7504712195366409,0.9815564639001026,-0.8768438803337905,0.9166343660190136,0.2747913844757391,-0.9748534383553548,-0.9250268456339306,-0.9221880853146599,-0.41098385260991627,-0.9896055311207449,0.6768343012906176,-0.5112183156926209,-0.9774767023190698,0.9692769131772232,0.8982149266669627,-0.7969014181878089,0.9268100392402142,-0.916506418003927,0.9847696567018143,0.867101741728681,0.5420715394851587,0.8414724320337484,-0.9352780906677737,-0.9073277614613873,-0.975283195066511,-0.8832930581038125,-0.6803868745434773,0.9880337434703215,0.8652182117474166,-0.5144553735939578,0.6431949721819714,-0.9564312763416651,0.9356576437780748,0.9870324888596317,-0.957892923200968,-0.991516703274558,-0.9231476631874075,0.9861505588389265,0.9729678466854842,0.932806385788922,0.9972028986760381,-0.7502448946378186,-0.9938593779653184,0.9048162747024869,-0.8982851543520229,-0.9809914986300549,-0.9607772525093993,-0.9753609530625987,-0.9177126528416217,-0.5809523942969683,-0.666196456982178,-0.9676265944878494,0.9493589134117704,-0.7824614724993066,-0.8471518570516685,-0.6785242701936807,0.9794754792590725,-0.3843266296330155,0.47120739325942435,0.938296695309494,0.978287821694934,0.9808416826121119,-0.1378972012475515,-0.9339414330613305,0.9880035214080366,0.8842675536175205,-0.7519507275510632,-0.9988060905100018,0.8474184285088006,-0.10632896262587456,-0.8700183145027098,-0.9919560786338101,0.02797581797293486,0.3992037295397835,0.8694938253810033,0.9472007589788041,-0.9599045871818167,-0.98796992569382
0.9734169185992044,-0.9556717574007647,-0.6847594412523317,-0.3969854543473849,-0.9478805217089413,-0.8418475483562591,-0.6999063793746747,-0.9348857840734227,0.9999999994119566,0.8442090806723412,-0.7781676167664416,0.8447697899611036,0.5323222967429521,0.8780960853604429,0.9372901394203978,0.9744782549931159,-0.9805904140212305,0.5087294110370796,0.7720273185412443,-0.9785963954161219,0.7170127087137873,-0.9704664035224841,-0.9540909029550039,-0.5014807479437525,-0.9565635922573628,-0.8925851354357044,-0.8772226144495022,-0.9639511776795668,-0.8602783834127329,-0.707128102614126,-0.9623563908863033,-0.8916508219358285,0.9573786800674434,-0.9395192095131875,-0.7746069190140097,0.932311077095549,0.9497954496953891,0.9548883757305012,-0.2993332098793818,0.9788935553203189,0.9575708036842397,0.8390959681194303,-0.5310294062855759,-0.43578270666461505,-0.9843290988454182,-0.6180587710467936,0.43049108473919007,0.8896228548092571,-0.5617424336984557,-0.8614246567156474,0.7111981494255112,-0.9622738168270494,-0.03497878181795489,0.9166654225024902,0.7787716849868319,0.9339105366974102,0.45889070677093174,0.8992235715914987,-0.3969216098949944,0.7266434596351782,0.9077090280216796,-0.8189733608898672,-0.7924094013477839,0.8939658326888488,-0.8023802339856759,0.7254695510288761,-0.9623401505759303,-0.7834041306143958,-0.7579833708650471,-0.6938418857413016,0.8019086153130014,0.8026151990173926,0.9042826923197451,0.9867924879063593,0.7769498609007913,-0.884462472704467,-0.9405224911173595,0.22272266379140326,-0.432520358466454,0.8715123774112163,-0.9917542401519625,-0.8822860555511319,0.8065430428195589,0.9071700260139164,0.9444609426182081,-0.9559786588315291,-0.8510402078436148,-0.8872666375179726,-0.9359297921845361,0.48209782924340533,0.9323876545293073,-0.9274065708113313,0.9822865657819274,0.8734384628812981,0.8548303449791402,0.9856304421903913,0.8353758065386091,0.7915454048006327,0.872250460633753,0.9650050084735992,-0.9227328758731201,0.9221798774304941,0.8634538203932547,0.7589869784610942,-0.9581801926077987,0.4861751516375488,-0.15828322860426053,-0.7580685430460753,-0.8635419648483458,-0.903899696896936,0.1487138640812289,0.977926189589817,-0.9140419548841499,-0.9114810643697765,0.9369049831128632,0.9172786857658687,-0.9277264579873749,0.09603502719648509,0.943053227836252,0.9387113052479614,-0.3408051759803292,-0.6515953473893491,-0.9575766746174844,-0.7901589827917526,0.7988167955976775,0.9584596252198793
0.9058948580390014,-0.9495010600930546,-0.5553738384532659,0.06037595683220864,-0.8928194424895178,-0.9872974886426764,-0.7975750254912807,-0.9608772948606635,0.8442090806723412,0.9999999996198016,-0.9037630429180509,0.9383377631505875,0.669101932747427,0.9747828668149244,0.9357234278628737,0.8020535216691234,-0.8341552909843253,0.6302423629016963,0.9229824679833621,-0.8784881773316178,0.9779147823427551,-0.7410159710663575,-0.9496013138275512,-0.3274924318236709,-0.9100728154339184,-0.8669407567518326,-0.9873274839266986,-0.9501548028962615,-0.9069855858255851,-0.3664658069218681,-0.8014430803449535,-0.5589397382342817,0.9271347572593015,-0.861066221171618,-0.9549347711261083,0.8822840706497892,0.9663648996619429,0.8857685873139259,-0.6559699062737464,0.9302528615890366,0.6700101329812004,0.8889623618384015,-0.8882399485165583,-0.27151093701570767,-0.8731274977320002,-0.28507228563236237,0.49363186666046144,0.9109776357648791,-0.8880685154679706,-0.9516514327260993,0.827863798000609,-0.8162404441659621,-0.21150007051117065,0.932742681569559,0.9914140768723821,0.8596541322000782,0.16893006927169849,0.9501997184969289,-0.7144322550809129,0.4985509067790348,0.9090129500801922,-0.9680842098312274,-0.9500463004250378,0.7622141717770415,-0.884722383990772,0.9429152637825386,-0.9033147386342653,-0.7597163526237596,-0.3489081504488493,-0.9556015631403422,0.8629549858225563,0.9427111693496111,0.9358517111753939,0.7735795501803161,0.46887336675464825,-0.9537362682759528,-0.8086063272549917,0.6993371089539528,-0.6884768710981228,0.9943901404803815,-0.8724502958459995,-0.9399615974311821,0.952335922749385,0.9539980804375473,0.9230208129656184,-0.9471009526659439,-0.9232352298248393,-0.9709449297142649,-0.950680862934393,0.7836444559375048,0.9587030179653213,-0.8658705077313117,0.7962888842821445,0.9498251926745483,0.8954811692122657,0.9136657345302825,0.8577534124846597,0.4308716222005505,0.5875473605817528,0.9225591151156133,-0.9099894882559779,0.7111437714170077,0.6706201152195863,0.7223126567916677,-0.9546672830097783,0.4857553900335056,-0.489273459954425,-0.9476699185069102,-0.9274253467007595,-0.9584286240818649,0.3492497425269017,0.8078302342458697,-0.9460975234368658,-0.7233701636606356,0.6240900327331295,0.9701849690572554,-0.8276308206971913,0.31771682259184075,0.8447177798602394,0.9518945668762184,0.027411847026087812,-0.3626347251438742,-0.8187826320656012,-0.9187842377420412,0.9596309189888668,0.9253590502742416
-0.8971059113738812,0.9021949267995594,0.8035403271685224,-0.23415310121665758,0.7190306952309402,0.9599000590422434,0.9455321775151257,0.9377102331177375,-0.7781676167664416,-0.9037630429180509,1.0000000010751675,-0.7252019266434975,-0.8154891341078475,-0.9681666185033666,-0.9469956002343588,-0.8242197832717006,0.8208238878321324,-0.8788276913596235,-0.9965726406818775,0.8794903318437735,-0.8818920132924368,0.733244633744515,0.9017105249608823,0.19038583554387795,0.9097011377174101,0.9413502155120524,0.8937966163133296,0.8989589144553147,0.9648768227559595,0.12640244546996085,0.7940391642109426,0.6436449008859468,-0.8843807353039043,0.694319652279623,0.8514729387904881,-0.768737982648801,-0.8657021891742893,-0.9034621328952777,0.33446150370671457,-0.8563118202595914,-0.6372894284500165,-0.6893202103313629,0.7313384489124697,0.011723024995392201,0.7799829063625218,0.4094137975478611,-0.7929675098243368,-0.9745584378792627,0.7026612430912106,0.9859115158687392,-0.921173037931612,0.8220939220391545,0.49795442486902136,-0.9379853180268011,-0.8946454032137506,-0.8450082932105761,-0.43559486691723015,-0.9705620934851263,0.8136885378843169,-0.2082677420416189,-0.9643271259386913,0.9790769578918311,0.8665230888353099,-0.6278823591863372,0.9794408632310803,-0.9757771539555429,0.9176096221864576,0.9366410760498964,0.3162092608429101,0.7935898135395857,-0.9834853376912205,-0.8886414555542267,-0.9500703122875543,-0.7207499730999742,-0.6560192367466557,0.9775870790235012,0.7200409426806706,-0.5904814124803973,0.8087642444314675,-0.8631182876866069,0.7595768660237828,0.9742782324187285,-0.9889506716442017,-0.9369462881421391,-0.7534078501592495,0.9021697468224921,0.9886869107002578,0.8112063017637803,0.9449709225772787,-0.8750353334335059,-0.9386269187370311,0.8013935035823638,-0.7564255429313401,-0.9795842962475068,-0.9868799120071007,-0.8587285715524824,-0.9469395601169464,-0.41468333845741995,-0.3795057671325569,-0.8665097519932184,0.8884201149189148,-0.5854905231145617,-0.8297568576233643,-0.4905156079977349,0.8721540504514693,-0.1855677977595393,0.7121838816419324,0.9864023136125386,0.9832420774206939,0.944686659633504,0.0321742957778318,-0.8197570018394297,0.9573296487879919,0.8413611957390409,-0.5191088992844994,-0.9465210980762244,0.660015140092685,0.01235977675263996,-0.688318942717104,-0.9332362757170581,-0.24315422710628376,0.10898623283441605,0.6924304406826745,0.9993165024032383,-0.9771756550471522,-0.919463336402992
0.8501747571249333,-0.9087240327448389,-0.4005961053827803,-0.12453239608541812,-0.9199060809090585,-0.8841502191602819,-0.6448483394587406,-0.887658148182033,0.8447697899611036,0.9383377631505875,-0.7252019266434975,1.000000000971894,0.5594393844150476,0.8642563582508541,0.8360006638373113,0.7337430897928992,-0.773968950397519,0.33214092793818095,0.7604986831874868,-0.8082767894978847,0.902875070301355,-0.7028157279546106,-0.8788906417332638,-0.5518199131623702,-0.8160912468429388,-0.7691880958491052,-0.9558346180706976,-0.9030080000675744,-0.7418427944086085,-0.5434637119249456,-0.7302176498942832,-0.5228078371804714,0.8513735199426697,-0.8776741448076879,-0.8527439320080885,0.8426224915566449,0.9338809274189982,0.7842606811846963,-0.7185395281004643,0.8949148074383472,0.7120699900551625,0.88261968150601,-0.8586498218988908,-0.3584965821767288,-0.8570650636432509,-0.15830016886523943,0.2754528518834342,0.7668974917466068,-0.8929177302820911,-0.8187277544744177,0.7198693323787649,-0.7345671765625444,-0.04500811896828523,0.8120301134888361,0.9073142454013812,0.7590200013064735,0.1072199330934145,0.8291585586167017,-0.5717101870265654,0.6644332186338572,0.7749396355147572,-0.845990728348967,-0.8363605202801837,0.7490901191897809,-0.6899081436392156,0.7736841722332405,-0.8203395225693633,-0.5453135418393223,-0.4831807299636527,-0.8985269476699483,0.7061417037176094,0.8115382875029696,0.8068229801913864,0.7662827410530569,0.3381219637622477,-0.8295941285200077,-0.7717377617127759,0.6338165235151947,-0.4097186763674816,0.9645105368257504,-0.9018505033533614,-0.830854530920578,0.7974256602907119,0.891367202391947,0.9434703558864389,-0.8759748107360366,-0.7872050671280378,-0.9530960901346679,-0.8594734398664255,0.6302117136799411,0.8665784239953053,-0.7906469491975624,0.7638821773884522,0.8133169008638906,0.7342547258919655,0.8735799079161397,0.6704574355254431,0.41644095476168397,0.7333536014068153,0.859651217990982,-0.8017539867572183,0.7281521130107538,0.5519088111250582,0.7470723924971762,-0.9091664849170225,0.5527334180957829,-0.26414650495341113,-0.791610466124711,-0.8022017757558995,-0.8441725666358755,0.47217591596378544,0.778367439875058,-0.8290683975973822,-0.6177888611524007,0.7017876423935475,0.8913238818530714,-0.844891648036793,0.37826390254535297,0.8571768273613276,0.8601875308737853,-0.1314709436505999,-0.5085234488913186,-0.8215066032000566,-0.7498427413775677,0.8388542731959399,0.839699981125522
0.6907871793215691,-0.7109615073404023,-0.8279281457387259,0.47454395764502755,-0.38570255787054436,-0.7467384308816835,-0.9535966415544955,-0.7256933873605417,0.5323222967429521,0.669101932747427,-0.8154891341078475,0.5594393844150476,1.0000000023417333,0.7352310403116201,0.7018579685703078,0.5439405795894762,-0.5040406508749251,0.6383304985328847,0.8362037813906813,-0.6131292854841967,0.6989945131537695,-0.4216757333426198,-0.603152686323297,-0.4960083040617843,-0.6088938515954105,-0.8403290997491546,-0.7293972818019604,-0.6673314506766849,-0.6517567908741289,0.16621600579941398,-0.4363746918444354,-0.467411655841937,0.5544154037366421,-0.31655650560372106,-0.47188170056785983,0.358588359460802,0.5869855598319791,0.5992879532424723,-0.11404652687040948,0.5717522543216365,0.4855971130728435,0.2685476910942366,-0.6356713854127107,0.4946515246567237,-0.44857887838432303,0.012578233183357282,0.9045292904305161,0.7279733756682198,-0.6256826431975643,-0.7720511702349875,0.9667217598262762,-0.4775489333398582,-0.8447333018556782,0.6183473713993324,0.6320231489457657,0.45141204412760016,0.653216339858069,0.72478138129592,-0.9334314353307068,-0.13630817446742585,0.712378808149465,-0.8009225546657033,-0.47594671610636624,0.16863990812617205,-0.689226356258163,0.749645639388968,-0.682283898835232,-0.679472689508131,-0.3494895409618004,-0.5000042482766862,0.8752247610261882,0.49541091187438685,0.6394501781216458,0.4198669945623241,0.4258968765002827,-0.7478135635990126,-0.30026971581670514,0.590444315845975,-0.43415513767623504,0.6179483624468246,-0.5314439598579568,-0.8136387675877294,0.755960606095812,0.7984933070534991,0.44236540634481936,-0.6054715823203478,-0.8259812822495722,-0.49430413381878846,-0.7026843817860612,0.9264873948484648,0.6670341846028168,-0.3804230784666088,0.42787655293137933,0.7275078028112194,0.7692791725536806,0.5832798645216037,0.6089532971141182,0.011869136657262124,0.13322648002479773,0.535456137366468,-0.513066715162458,0.17630487464428626,0.6981835167663252,-0.0017794523805063766,-0.5741910645869411,-0.3219878099678699,-0.8548377910902754,-0.7966325372918749,-0.8262897316135588,-0.637508294751261,-0.3719567123270678,0.6546556453015849,-0.6832903622069618,-0.6577473950837113,0.27634924882894585,0.7397070661780898,-0.2584492784534771,-0.4231120329133684,0.30233025822957443,0.653616341720922,0.5987596384670048,0.28164103604483304,-0.30942186895593027,-0.8121931756824715,0.8315246900624652,0.6482389685177028
0.9533530978266629,-0.9702233216552602,-0.7126703060928378,0.06240389920344836,-0.8644839443255379,-0.9947805654187488,-0.8809105740712182,-0.988695889523086,0.8780960853604429,0.9747828668149244,-0.9681666185033666,0.8642563582508541,0.7352310403116201,0.9999999988423285,0.9841233005884016,0.8792424806523337,-0.8928538516424254,0.7576901983930672,0.9727090488335918,-0.936547444230962,0.9333516207236874,-0.8120932545623778,-0.97296458435751,-0.2951363087155916,-0.961006322117439,-0.9418384722575414,-0.9682282869972355,-0.9715229687555496,-0.9702336314771353,-0.33232995460403625,-0.8652276486738023,-0.6790221915944108,0.9571555159370859,-0.8399269456161902,-0.9249417075533296,0.8831363619394057,0.9617184678788272,0.9479865877667253,-0.47943891170960257,0.9474721755039139,0.7314330288079193,0.8339608144263989,-0.7936116760113345,-0.20224323648486517,-0.8907557351909767,-0.42056878074827625,0.6386169330633358,0.9791784473434316,-0.7845867449750703,-0.9955548484547212,0.8826402669746912,-0.8839724092091984,-0.31434441183290207,0.9775569591243796,0.9572182460801596,0.9092645938742953,0.34050431364137773,0.9948800819963575,-0.7328496233098984,0.4292533060755565,0.9766952000261139,-0.9911279105306782,-0.9331878718431069,0.7635184506127095,-0.9578506289704648,0.9655357043793134,-0.9609331019458156,-0.8827096764586305,-0.4123701058102882,-0.8825218703534501,0.9453705959678479,0.9422525940995653,0.982191841160043,0.821904519791603,0.6309548540024131,-0.9967328560471516,-0.8319013329607112,0.597725135638307,-0.7403810672884232,0.9582588647579967,-0.8790950473680833,-0.9871541636904605,0.9889077236419719,0.9788455312125477,0.8916632743279855,-0.972408195302542,-0.9820321406398013,-0.9291233827763317,-0.9889859964038281,0.8056412716624921,0.9895966833456172,-0.891196430977416,0.8479324291343387,0.994938866188858,0.9720872480734082,0.9426443734411861,0.9384277229714474,0.5102319308402089,0.5663148162861513,0.9482116706021798,-0.9477520429089139,0.7259487525156656,0.8056636167021414,0.6621308082537509,-0.9618816762793282,0.3792033301161671,-0.5539870743277312,-0.9766564620401615,-0.9830624843986385,-0.9887425035177112,0.1619615066672413,0.8766648973677021,-0.9902695514054828,-0.8419863603140644,0.6568283679325218,0.993601187136086,-0.8090327950018196,0.1518727088990493,0.8312602713659577,0.9855618812884753,0.058840165578673935,-0.3165193271881127,-0.8248491694769404,-0.9760114546636164,0.9825472815377226,0.9712430226313545
0.9875699509491191,-0.983100717229222,-0.7713672095302717,-0.07703575472669034,-0.8888142421658565,-0.9620844516316907,-0.8655151247883088,-0.9934368769341724,0.9372901394203978,0.9357234278628737,-0.9469956002343588,0.8360006638373113,0.7018579685703078,0.9841233005884016,1.0000000009791934,0.9489745623641086,-0.9536990949278727,0.7450557808407888,0.9419078659944599,-0.9827840660627672,0.8598230523794008,-0.8982994511432015,-0.9879845839252352,-0.33751089166319953,-0.9915036704212142,-0.9644744416415297,-0.941763694511,-0.9876023859926975,-0.9749725020102109,-0.4367589547027039,-0.9316678329968948,-0.7976173920694899,0.9811215829834045,-0.8728082699412374,-0.8810220561974029,0.9110293560708822,0.9668912485985627,0.9864362079726542,-0.3614898820171833,0.9743837593263883,0.8298230196455182,0.8261210789656735,-0.6835097138268181,-0.2547620750600757,-0.936893841000151,-0.5450956646908811,0.636962425501895,0.9905452423593178,-0.6821370707330155,-0.9832560078621654,0.8576212090111522,-0.9462776213957534,-0.2679012473293311,0.9894169801774045,0.9009194212454908,0.9495620835752856,0.44217601301223447,0.9949229391162415,-0.6422396328972736,0.4981331475068188,0.9940156033185197,-0.9583315066588707,-0.8977121563835149,0.8160422314368625,-0.9526504974544392,0.913479679919777,-0.994456589005809,-0.9133032761436729,-0.5412755091139112,-0.8076844684665482,0.9434878389031918,0.9138956482597789,0.9894859537298873,0.9005741656664796,0.7479715262532787,-0.9908572030001137,-0.8864206454243879,0.44865878515702334,-0.6824406140536821,0.9278148240057696,-0.9240866286017625,-0.9836246033100645,0.9597948902288688,0.9754697525839261,0.9053917963423973,-0.9888979280676979,-0.9755536867957224,-0.9110047528728004,-0.9988779048720182,0.721962695290671,0.9958845590569328,-0.9255156984281047,0.9196809345413927,0.987680777518269,0.9780553354694156,0.9775340731505201,0.9526914222378845,0.6365895099478617,0.65581048900237,0.9752612909851627,-0.9683754009117245,0.8020916643852268,0.8843649973663196,0.6799443064831642,-0.9747274204148607,0.38010108335724796,-0.4632886089230631,-0.9327858283439795,-0.9785564747347882,-0.9874202535818183,0.08988277425426469,0.94225868311491,-0.9964205490262799,-0.9187420488099914,0.7610458669940907,0.9898251942925338,-0.8489489850401604,0.07747373473846825,0.8710039358755429,0.9961867194147244,-0.05353393871561379,-0.4064140804008458,-0.8786206113323488,-0.9532315283815276,0.9455441928046713,0.9966329612294644
0.9678212163191853,-0.9278966898777039,-0.7751773672553278,-0.3495182900032414,-0.8861885126930119,-0.8296576735396222,-0.7390545983703416,-0.9230451163154608,0.9744782549931159,0.8020535216691234,-0.8242197832717006,0.7337430897928992,0.5439405795894762,0.8792424806523337,0.9489745623641086,0.9999999998277526,-0.9947954298172701,0.6513578202821653,0.8022098669163809,-0.9894965691216884,0.6685082198329957,-0.9885443273552705,-0.946187029757086,-0.35934257172493417,-0.9730893571933185,-0.9105360857854321,-0.8227507751378746,-0.9416522688731896,-0.9098054120555836,-0.6214510549140801,-0.9881977389835631,-0.9350709219454522,0.9582643791977737,-0.8904377071505033,-0.7585429689564344,0.9150613250108222,0.9120994194138227,0.9814190859363915,-0.1633108955569757,0.9554675966845066,0.9352024962510225,0.7836217884405227,-0.4423105665944131,-0.3884486501554967,-0.961338036770958,-0.7385811751858457,0.5364647958032587,0.9287299699628776,-0.4548980220636785,-0.8798371392359847,0.7157093890401413,-0.9918414317741994,-0.10502998942359565,0.9398820273660355,0.7432148265464307,0.9623793253649584,0.535016710026416,0.9160179291248248,-0.3996724971278109,0.6229986070891714,0.9434198790449025,-0.8199029509327762,-0.7878703568115221,0.8790501706610414,-0.8673628612489724,0.748671110795641,-0.9737750764084986,-0.8853948070931181,-0.7119131285927972,-0.6347677889981875,0.8458636496325669,0.8129124820953956,0.9304092314424454,0.9797918887204901,0.8849683235112877,-0.9002145867386818,-0.9386258407634703,0.15024098678937636,-0.5379979810439044,0.813696947532979,-0.9395977543788139,-0.8905274859412471,0.8308882501554977,0.8852797866325982,0.8800905125658937,-0.9491826537158657,-0.8759345606969904,-0.8291038897650777,-0.9384928069700619,0.49051173548079885,0.9333288121403037,-0.9366391253802405,0.9864515587752293,0.8965867683275494,0.9031995802714428,0.9699862640908746,0.9064343061552068,0.8329009532461394,0.7853911165254998,0.959513849617921,-0.9436071992931555,0.9025498207455013,0.9332548435397121,0.7063628234541025,-0.9330276883761491,0.41379677216022553,-0.22711119614308106,-0.7765088711160426,-0.8822822899286091,-0.9152458653159614,0.015351501722607476,0.9766487491426004,-0.9314242828729137,-0.9687676072344095,0.8976457307668286,0.904416124648583,-0.883626343865284,0.0029095594214335187,0.9008349337644392,0.9418515409625363,-0.2949669928498946,-0.5789457087308665,-0.9297123961772303,-0.8284425274586819,0.7974755994326451,0.9663793287277626
