0.9999999997943727,-0.8797956008575252,0.0588269009864926,0.24502914834463022,-0.7203810946107579,0.49060141363937443,-0.7388768240134462,-0.35115199086857257,0.3636982473299345,-0.5789750164817766,0.6369525690120319,-0.7612902557502951,-0.8537861770406057,-0.736298811009277,-0.7458550788319808,-0.6425322984325037,-0.467760456271703,0.7415736088440387,0.8337632024606638,0.7470266665582528,0.8009809456266594,0.7514478044933703,0.47564787022170435,0.7517767200157998,0.7792796996551995,-0.7926776604977501,-0.505004171382291,-0.13974290573123335,-0.47247213109174707,0.12932065939974394,-0.8167530814838168,-0.64545676412584,-0.17752006477979185,-0.7730960696427038,0.2971769196277087,0.3852274627400477,0.7608352645152795,0.5767467875734549,0.7192905529307544,-0.7030282828267924,0.7500217220426396,-0.6725708356012375,-0.07153479327915115,-0.41259369427154674,0.6715254248107634,-0.23799775547013463,0.6846916434505811,0.7230643403511048,0.7088648755845911,0.9035342617995441,0.7862742829314534,0.14768094372100254,0.8157255443939838,0.527418103357863,0.6259431511368513,-0.8021583629393637,-0.6137313510159849,-0.45706135726415553,0.3287439437597426,-0.4993195709504565,0.7849795919321296,-0.6905478003452845,-0.8135816398963298,0.6913476147016533,0.8264984066838412,0.4853187043362599,0.5973310488203265,0.8872301308611349,-0.7481049643268242,-0.6061338222687994,-0.7398004739965816,-0.45843417967512545,-0.3724567880253024,0.6264475107969878,-0.7438708255330175,-0.4937011344072825,-0.6353881856470716,0.7871401444736223,0.6374962554538733,0.6743210186792775,0.7152493306068215,0.6821959643014093,-0.14009535367590786,0.4366185603436759,-0.6540165284600621,-0.5249386659759884,-0.656919697687323,0.6340806180963321,0.5857170718002959,0.8287890860680608,0.24737942035750254,0.8403534370998055,-0.8502028414619706,0.3623194019906386,-0.6175293124821654,-0.6725064045897341,0.5395940190603044,-0.908767393892825,-0.8146159291371741,-0.4816029363598429,0.7009428540445134,-0.7479234614746587,0.30739611977567444,0.4944163154325252,-0.8153329240901548,-0.7938248867481578,-0.6952022032996028,0.1536676047325393,-0.5969098422959609,0.6834798571225068,0.7813525483419556,-0.8507229686189965,-0.8476532035210027,-0.6388854626168546,-0.63341874298983,-0.7843781278565959,0.5694442388251313,0.7223026038904988,0.07810565429831291,0.08709262865893719,0.6087728256613074,0.5333130932719402,-0.8036431914940041,-0.7936785775612993,0.72313125151456,0.7675768828050794
-0.8797956008575252,1.0000000001751612,-0.3600011292203241,-0.6384844282434646,0.39520324998128753,-0.7984802047717449,0.9258720688372761,0.22708841673928812,-0.5520821938433789,0.5705312937661451,-0.9098995138561915,0.9457284063647255,0.9601645334747433,0.9273854549979688,0.967502306998014,0.9265844179282359,0.12023927666150235,-0.3917695422151099,-0.8012150488884722,-0.9527744892557511,-0.8865203303504553,-0.9528324748919701,-0.6910482703845459,-0.968561361564623,-0.9771665520974135,0.9773244045021019,0.8502285529800659,0.10563303236253892,0.6559633757001786,0.23584117498885587,0.9417459502636575,0.8864295624334595,0.5122473391453738,0.9359032146327481,-0.29404796828890495,-0.776303599243127,-0.9543149124862029,-0.873121262628334,-0.9518598623989214,0.8232313668420768,-0.9475083327828607,0.908703528952411,0.3310151506101673,0.7893635690036879,-0.8623038577580687,0.5871510696459147,-0.9443816344932895,-0.9554712022222641,-0.6830132322947462,-0.9126825536244615,-0.9754206746453543,-0.2813357023548399,-0.9922225707470728,-0.8020176804933037,-0.9076433059140162,0.985488534957701,0.79392271563147,0.7156596905643369,-0.2541396155064158,0.832140219563967,-0.9827523617878691,0.8692840885326701,0.6829245275270694,-0.8392921921415335,-0.8183453826484588,-0.13845112174770682,-0.4513886495940899,-0.6753349214542831,0.9380222999267633,0.7495294972093638,0.9398823551100212,0.7574346111163909,0.7072475361913333,-0.2845347510996445,0.9643491629010038,0.8422324645103895,0.9192056263463496,-0.9776294756030712,-0.8941400410576348,-0.924216196574507,-0.9385119027104881,-0.914153350544276,-0.03399455426171771,-0.4776659101319961,0.9191236219849352,0.6700030523823325,0.9322214217641229,-0.9248000269881875,-0.8993696097607897,-0.9787848140169936,-0.37670279981948673,-0.996796495195505,0.9227776418853056,-0.5012089812171807,0.9099181145575403,0.94112327118984,-0.8687097739333429,0.98098667399843,0.9885900250019927,0.7947546034717945,-0.9449433253190158,0.96102918314496,-0.6969158019203436,-0.7978389409379063,0.9538868612044655,0.9809696579866257,0.9531459142109833,-0.4727266567815285,0.8727646670154549,-0.8700117012151194,-0.9793594845467889,0.9804896530551989,0.9615317773788511,0.9137696183030348,0.8883729475857507,0.9783619631022218,-0.8642082859426489,-0.9633445779260955,-0.4614426156101589,-0.3557914644139316,-0.7731681303178041,-0.8673722451362817,0.9465411580753308,0.904229545072667,-0.9491354013074887,-0.9601997237150737
0.0588269009864926,-0.3600011292203241,1.0000000006598513,0.314219675416111,0.024515798530214628,0.22636592023264965,-0.5905453547859882,-0.5268617074156153,0.9378465843730737,0.4114315380801591,0.6306110630204719,-0.2080087010205033,-0.37405702848120076,-0.6698653991777376,-0.5596920609697317,-0.5626730861938097,0.14606165573728155,-0.4316852152454448,0.543709752097227,0.3193112414790058,0.17086721195025822,0.6097146460055406,0.5253714230446545,0.36336986516079123,0.47291874049052196,-0.33240862552784606,-0.6653953561758151,0.7399414521476844,-0.9001353546898337,-0.7510598220484176,-0.20274752802002982,-0.21269807691502565,-0.13883212698916905,-0.389678899931774,-0.47032016848824176,0.6100762948334825,0.2686257246627056,0.4595708921381806,0.3709341195740873,-0.4919783758745983,0.23718648390069114,-0.6610608105818343,-0.9940976747605401,-0.693921356889497,0.05162040922914639,-0.8276254551908031,0.4332107669165727,0.35711439346916546,0.10332955300291848,0.44683356928564566,0.38486837721928274,0.1786755867794855,0.4004100570535724,0.8445701915188307,0.4113114326234383,-0.35251866801409765,-0.02875967891042905,-0.8360761701223421,0.5707964561157394,-0.3749807569914531,0.4945849960717835,-0.04419844764718671,-0.3084829281672316,0.6649399308784806,0.2946963239076025,-0.07853230443873056,0.2850445257322237,-0.10870804593028387,-0.5587382594929196,0.1478838943826789,-0.22087972293502925,-0.15878589595866754,-0.8674065269188986,-0.25348748877041627,-0.401902266511167,-0.499791530385016,-0.6196328819393119,0.5398991826435315,0.28108610601854966,0.64350060433812,0.6167691966642321,0.2330018820603276,0.8978994173532735,-0.5024247722485743,-0.6538323403961624,-0.7692240280764936,-0.502854673272294,0.5218849164517463,0.5685833068939321,0.30271776039605314,-0.18590789778223024,0.3861223650421607,-0.3954928039643102,0.8852219436183707,-0.5552723515265897,-0.5804428712894046,0.4875527165439306,-0.23360082680713876,-0.46776533480694255,-0.24009967435818527,0.6111983190106987,-0.3210723423438119,0.7741941078100687,0.8396394329609309,-0.14803973456068825,-0.342807656292576,-0.5037520215576382,0.1609204108357884,-0.7594105436295836,0.7562630964365132,0.5201168215563117,-0.5144553625600047,-0.40765861201723586,-0.3613118294532498,-0.3852924139357567,-0.5255520332234253,0.5995855307098642,0.5076069610753153,0.3552809973501951,0.9563557033297937,-0.07357749918982069,0.5634128539739389,-0.6099809817287598,-0.6229801592604791,0.6139904447791468,0.28676909212299595
0.24502914834463022,-0.6384844282434646,0.314219675416111,1.0000000009407952,0.35305176500390884,0.9607100163102035,-0.6468594328983645,0.31157457033723324,0.24342090927958596,-0.4611506012209221,0.7328839360861059,-0.7973006720099692,-0.5480428654057992,-0.5750618979475524,-0.7190824403097986,-0.8074211725749044,0.4687850269203561,-0.2051582868925247,0.14473159407104091,0.7774405839550519,0.5433950378081212,0.6617804474119859,0.6457980285997904,0.8072303783159771,0.7074392829043705,-0.7528070337712585,-0.8362052015459214,-0.3183543261564886,-0.3134177561735278,-0.4192443265747175,-0.6564818459807152,-0.8633009231280163,-0.8288043331905457,-0.628991161681034,0.310606209908564,0.9089053020467516,0.8139028904249671,0.8293550882390542,0.8108961841194944,-0.5368032229102044,0.8120798420666451,-0.6919836277501382,-0.2216969924745185,-0.8701130255096765,0.8443119204604399,-0.5730461791143525,0.835299362942575,0.8303251914857864,0.20875056175579235,0.30910343676281615,0.7287298300716929,0.22211425278868277,0.7258768655628839,0.5893025839026912,0.8939297977321886,-0.7557089308235772,-0.7531802005750369,-0.5548658767403932,-0.21035117913626392,-0.940571797023794,0.7098712444326206,-0.8223530431399294,-0.04182689771368163,0.495747704510489,0.376713604891471,-0.4969941191313532,-0.08299326814513648,0.07845954907605078,-0.673986392250092,-0.8040908985696723,-0.8310909486430309,-0.9263298510426794,-0.6677520147605953,-0.3152712163698337,-0.8081152117255833,-0.9360555561247299,-0.7752639486929298,0.6811390767566446,0.8621546306462405,0.7288582914092574,0.6998203846292943,0.8623055534620316,-0.04796179287938173,0.578302387389304,-0.7195418383100005,-0.35099991609688447,-0.8194882863517386,0.8547730275670082,0.849656954896081,0.7311028336304871,0.6482039753956679,0.6959434143414412,-0.5269098498316674,0.1030671045741912,-0.8096881746626056,-0.786483762268374,0.8963543852137521,-0.5770832134807098,-0.6761814614867372,-0.9428497999182164,0.7368005878220311,-0.8103836147641463,0.7627363455901621,0.6484097296457748,-0.75444161280422,-0.77265696531987,-0.8081205999078317,0.8859680607094413,-0.6741676234857352,0.5066176591149792,0.6953838711882211,-0.5707388012889082,-0.6132005412822674,-0.8840236250906305,-0.8626543075314281,-0.6823951102431076,0.8208521699429445,0.7765424310381394,0.7814534040539893,0.23406172873963746,0.7739075225168752,0.8668155531779794,-0.5242291277752782,-0.4595042118335464,0.6827174470953394,0.7773910460918096
-0.7203810946107579,0.39520324998128753,0.024515798530214628,0.35305176500390884,1.0000000006908263,0.1476020298381454,0.4046005400672724,0.7610997017095465,-0.3092825980310866,-0.020494626447385977,-0.08363204419918614,0.1387260371628837,0.31958219044669167,0.3159540464384668,0.24278848246151133,0.06623643262576379,0.934830712314855,-0.874343152284907,-0.7298082588855566,-0.11342810302144402,-0.18449376137013107,-0.34213339277475324,-0.3284893785302896,-0.1727444007071382,-0.22548311186710912,0.2007034841053122,-0.04951867902635059,-0.293852333753886,0.3581307488699019,-0.5214083216291191,0.19431001007590482,-0.03195488319713673,-0.5533951032448294,0.17184708172563817,0.27591721016872484,0.21181729918512648,-0.21395937788787053,0.09003659291497297,-0.09593122090451546,0.5417216705536189,-0.13087618159127884,0.3027145220863303,0.05603831049454243,-0.0769182265515169,-0.03432577184881169,-0.22689880707324767,-0.07735459190456978,-0.12196503292740493,-0.20602721491883497,-0.57491667886149,-0.19576526326213048,0.38431920215032517,-0.2919524813632347,-0.17313716123344033,-0.07388617509378304,0.24512012698622598,-0.10161925418704268,0.2775670425461248,-0.7153158461179843,-0.16391896562916036,-0.2651447233003732,0.04388386068563895,0.897082983776443,-0.5092734508112378,-0.7233160397010819,-0.9521878065037455,-0.8801408218790835,-0.8783659147774984,0.38757610143314825,0.049841694230175856,0.14289998703978765,-0.24973989080682746,0.07955291619301318,-0.9448020525472148,0.22001664084679035,-0.08479268089317835,0.08856196286797567,-0.32666798953851567,0.04025765527191945,-0.25258396117060594,-0.3101378152702028,-0.03863538721996288,-0.11120279676472998,0.13094784358681824,0.1368700309985863,0.5026899323708375,0.053171532580518585,-0.07569676373861076,0.00020056088820860374,-0.34708740570698376,-0.0663584398343696,-0.33024941367538607,0.5934739136931493,-0.25887179873005034,0.014976262677059694,0.1402502655896365,0.09811394286548955,0.3846215389189322,0.29776143159361174,-0.20767020217885254,-0.23901784698403894,0.14249488045980072,0.22414424561247778,-0.11454496501124173,0.25079424131072925,0.2506319025799893,0.13106950313217444,0.19792056405063596,0.16878888128203579,-0.377595454742208,-0.2725021956455488,0.4319541429801278,0.4992647448563259,0.0030525851204769414,0.1638235077428471,0.27781459177209017,-0.15541395541804834,-0.1671508477033268,0.6102283974590758,0.07267788270223766,0.08459371621224672,0.08064620124546829,0.4117208294597315,0.5460028204060984,-0.22642417860125527,-0.14619898473719684
0.49060141363937443,-0.7984802047717449,0.22636592023264965,0.9607100163102035,0.1476020298381454,1.0000000001176863,-0.7375846261475765,0.2570632437285726,0.24436623799428892,-0.634722770729664,0.8072170102078218,-0.9291644677385374,-0.719651325347509,-0.6804565458590944,-0.8220610648736841,-0.8791191019590556,0.32367240420424853,0.02699551710899816,0.3112765539051853,0.902616043253614,0.7249500721341816,0.7607704422830811,0.6527373775097229,0.9200694438095883,0.8321061007058794,-0.887656588395265,-0.8594610978819851,-0.40420809127840085,-0.3408596408982826,-0.3193873265111545,-0.823771296067619,-0.9618303379780713,-0.8245035281241166,-0.7746403186679429,0.4358724294834845,0.8993477519351913,0.9305841717433849,0.89812238051604,0.9194895033966425,-0.6215737717384427,0.9365772206899731,-0.7585701902329484,-0.143526924316467,-0.8555557889532658,0.9582556303966269,-0.5468743607455344,0.925560694155093,0.9353476662057645,0.40827734325157994,0.5008010211527029,0.8619435004459215,0.2754411911988033,0.8583785494042157,0.6205364599456263,0.9556527610678993,-0.887238113363783,-0.8764304407049037,-0.5539974917232867,-0.17684180157979623,-0.9782087406060384,0.8303363964548818,-0.9459694519493629,-0.21262341600796272,0.5747217939514703,0.5230206714161694,-0.347608619027015,0.03029237741288515,0.30033057868260976,-0.768083466851452,-0.9112525010160965,-0.9486881776410869,-0.9749687322521133,-0.6394217053687697,-0.12875607199752456,-0.9100048834482232,-0.9551152856819491,-0.8428573386199201,0.7967090294066139,0.954396093972595,0.7974506519471097,0.782998346467911,0.9651331585831003,-0.163795882071917,0.700547872749537,-0.7945595430417456,-0.38424148467551666,-0.9000846337023194,0.9178891648855728,0.9013283223370608,0.8677433178236426,0.6471815859011811,0.8385448554371324,-0.6677400520108409,0.1336253600128302,-0.8781705444558543,-0.8627399458813899,0.9405446479923596,-0.7663761903331937,-0.8106170811912076,-0.9874374468820624,0.8176660639257697,-0.9275485846473498,0.7369983543317817,0.665680926069578,-0.9037421250308135,-0.8985986244181179,-0.8955673898878682,0.8224131020526088,-0.7243889078518448,0.5901031295603058,0.8141655847908621,-0.7158437178206337,-0.7501614162600335,-0.9633301124154551,-0.9232477984577119,-0.8032665722410366,0.8510702289738715,0.8743095830698744,0.739937639084878,0.17690980841340062,0.8969979650915523,0.9061453048273878,-0.654997619123691,-0.5801070625715574,0.7810676498618617,0.9085327185349762
-0.7388768240134462,0.9258720688372761,-0.5905453547859882,-0.6468594328983645,0.4046005400672724,-0.7375846261475765,1.00000000062995,0.45368813443936323,-0.7476666847223423,0.24140884900663415,-0.8868836457616519,0.8187212524574315,0.8266340745399113,0.9355082600815278,0.9529367382820281,0.9025542693903338,0.20227538391018293,-0.28540662016712587,-0.8333591142115818,-0.8323280040423842,-0.6656931222832685,-0.9868037249900022,-0.8883331668685266,-0.9010164428333782,-0.9087110171013577,0.8745884758295915,0.8764125927862277,-0.20002182132312152,0.8246602101598887,0.27218081642052133,0.7614047353593263,0.7549430988868081,0.3484805974532407,0.795212232567276,0.06494436660471474,-0.7978272618920338,-0.8923606376275617,-0.7843489222556871,-0.8604403712487081,0.9542115506399085,-0.8336904211655055,0.9921918535544891,0.5708526037743512,0.8794598341710783,-0.7198347868401824,0.6229416268777364,-0.8848138651203209,-0.8824311999481252,-0.41125868732607046,-0.8372342168626437,-0.8748785896439077,-0.04151082104145085,-0.9344634519060955,-0.9005378412240739,-0.9035059649144949,0.9091555845766607,0.5688304315075052,0.9166289926665772,-0.510274903213429,0.7740285836845564,-0.9404071054786186,0.7106529017129531,0.758544238621152,-0.9739747264750104,-0.8883794756036442,-0.22145205385743658,-0.6193560044588531,-0.626340068011757,0.9986522858435121,0.6131987584651512,0.8446590293308155,0.6295858452026887,0.885554192238207,-0.29678052249891124,0.9397401429259881,0.8592732346169282,0.9133162809238938,-0.9711581809231188,-0.7746276795641971,-0.9841664177644197,-0.991832943299425,-0.805464588146543,-0.3455499915073384,-0.2020704406314422,0.9177328976297842,0.8845470859812723,0.8833873310241458,-0.9220582118882288,-0.8882983268681258,-0.9317038471968381,-0.4402061764913244,-0.9333552778674483,0.9635392297566554,-0.6070435941383028,0.8700058985487805,0.9393821101665754,-0.8291121915708203,0.8359474613554735,0.929890506046319,0.6978685909477254,-0.9746632768248369,0.8704047644224051,-0.7428830921513927,-0.9016895141324897,0.8352677652140538,0.9181915450498469,0.923640021201194,-0.5771514035508247,0.934550287601827,-0.9458757505277187,-0.943719794995363,0.9538995621900107,0.9760933902414417,0.8429022380755488,0.9210477450394935,0.9404319176312887,-0.9595683320388091,-0.9276543875743379,-0.3525452308154361,-0.4999737631609076,-0.5515359928583655,-0.8464708767702329,0.9405502838363894,0.9708459232586548,-0.9368724739921541,-0.8405954103001797
-0.35115199086857257,0.22708841673928812,-0.5268617074156153,0.31157457033723324,0.7610997017095465,0.2570632437285726,0.45368813443936323,1.0000000006295873,-0.7165054948374193,-0.5592753411480745,-0.14728658823902152,-0.0902061797588565,0.14794907436403187,0.3828179896023291,0.2383129984258153,0.09139114136268643,0.7521989608900354,-0.3778932858258403,-0.7253939613466928,0.052416175303395804,0.10271904694904446,-0.38083026457101327,-0.4803834171628297,-0.046018171583304165,-0.14687707290448662,0.03350368602146143,0.09073987774731436,-0.8336087345274471,0.6974825924507427,-0.1067924626181823,-0.07110315654581036,-0.22354244590045905,-0.6349550685617729,0.029608645195022154,0.7549884190613588,0.06290636652691574,-0.03913598009944923,0.11894856591902235,0.02523316869865821,0.579316670270761,0.07535548907595815,0.4110096886550333,0.6069330451463555,0.13148971520589786,0.2492908255152315,0.0963884231098411,-0.009836415710012574,0.0010644408364785128,0.09116417474824261,-0.4527705778938925,-0.05836609782848858,0.4436562040193559,-0.16855323118183635,-0.43042858476893064,-0.03415315532689395,0.09453507205484168,-0.40505951808833096,0.5941457512718878,-0.9911297818006637,-0.20096592022571483,-0.2051032792209668,-0.25514024047565126,0.802931417633732,-0.6392829029434508,-0.6042341051365916,-0.7984316768012231,-0.8863409920098787,-0.504572158330151,0.4117739022595114,-0.30684612636455805,-0.06162018674025853,-0.40587074262212436,0.42767144619237385,-0.6238946009151244,0.1311836514064023,-0.029660441390960742,0.15228562299918044,-0.3028577862305072,0.19074397840007992,-0.3414410465348316,-0.3704860522290866,0.146643302305301,-0.7221238740754535,0.6507604470812353,0.21489131242869633,0.775509712573792,0.03409045939130653,-0.08987199467490997,-0.050427142195370755,-0.17474958684581604,0.10763130411521296,-0.1903813075622123,0.5000740630935065,-0.6115597658245592,0.03882193559286227,0.17323896296581212,0.08445800930083193,0.11956734457736147,0.2094673069152728,-0.3202400491907779,-0.29124537755766916,-0.012687665129714233,-0.04654892908318397,-0.3804601353390076,-0.02138387086456839,0.10256188197582922,0.10722025108290854,0.1614396488663358,0.3437109760700133,-0.5329400133197623,-0.22935731166787762,0.3703911262065485,0.39987457268681287,-0.09060070819493725,0.12364648794774077,0.23593126798778327,-0.26798170482851585,-0.1348528503478351,0.5287941200975657,-0.41781217275834864,0.43646322240851015,0.019233548356345373,0.4226997126620957,0.5963856216851996,-0.25862424374486015,0.04236254883978979
0.3636982473299345,-0.5520821938433789,0.9378465843730737,0.24342090927958596,-0.3092825980310866,0.24436623799428892,-0.7476666847223423,-0.7165054948374193,0.999999999486638,0.30506546351216507,0.6998929624888507,-0.33369151088832816,-0.5466897401897094,-0.8042627497717951,-0.6845680294691845,-0.6321051275918117,-0.14273115429274796,-0.09846579589868254,0.7957999589740536,0.43089334704887133,0.3190882727710033,0.7542918725965336,0.6281095389684384,0.4850035781039048,0.6050400843015551,-0.46931495159305864,-0.6815610256399715,0.7393090398693697,-0.9912158882325774,-0.5675395990058097,-0.3517312664733767,-0.28242746187517287,-0.028605359107791474,-0.515924921207872,-0.4569447618468117,0.5749789712546629,0.4060784977468461,0.491473065016794,0.4706501911758805,-0.6800564353763336,0.35737032326335416,-0.7809978099167597,-0.9528480286795091,-0.6871323816047474,0.14967096920346845,-0.7579513844426647,0.5192278719897102,0.4634373892266698,0.25098147199028564,0.6807439797138716,0.5168960464451118,0.1069269185027394,0.5565157126760228,0.9043570474224842,0.4875019317505898,-0.49901825068624284,-0.09182273181713473,-0.9076077620899858,0.7428172331601913,-0.38219053357652716,0.6346029322374154,-0.14814405495845556,-0.6086427102592236,0.8344084924407249,0.5556156006927891,0.21307741183541196,0.550348810169942,0.22429408685738966,-0.7152560312379261,0.044210343435941844,-0.34262868368253957,-0.15482666644941187,-0.8798456743690087,0.0669584709571977,-0.529837293356719,-0.5151828438344167,-0.6896638811535257,0.690917728922889,0.34361982726842033,0.7536287506209715,0.7477186822580139,0.32227356213306435,0.844586340619266,-0.4386060665017617,-0.735865606265088,-0.9065549314114336,-0.5753135880756157,0.5936524714615712,0.6138213201688595,0.4784211541969191,-0.13157724683574926,0.5556264029117602,-0.6242246046981454,0.9421123519702771,-0.6103080713497724,-0.6695372207058794,0.5089414983445568,-0.4368827455499795,-0.6216225006427019,-0.24346923940847984,0.7246018558456526,-0.4382568060444485,0.7163710230152855,0.8810979163124837,-0.3103920122605397,-0.4894366789756027,-0.5989006177217252,0.11934846772083738,-0.8332632813962426,0.8909843805960782,0.659778568796518,-0.7012677306724905,-0.6139684033614051,-0.42790651999011453,-0.48372728799170034,-0.6667029997324525,0.6735335947802258,0.615002791530129,0.20463339276207,0.8926284917675744,-0.001812170312802921,0.5833164636082068,-0.7798867856290028,-0.8198251521752957,0.7290489642561805,0.4105481219878812
-0.5789750164817766,0.5705312937661451,0.4114315380801591,-0.4611506012209221,-0.020494626447385977,-0.634722770729664,0.24140884900663415,-0.5592753411480745,0.30506546351216507,1.0000000004473595,-0.4265759463732563,0.7383410936404669,0.6258623734984747,0.3120021804674879,0.4404595315640654,0.47579927805742417,-0.24115127115860294,-0.32645998582782204,-0.10759735179637729,-0.6961443187664463,-0.8006563683110199,-0.31986725610536537,0.026703490623064065,-0.6096924884049195,-0.55257420514021,0.6608490471703774,0.35277373454115946,0.8464946794266215,-0.19384818622796593,-0.016408883559272707,0.7801435770082389,0.7511800690290905,0.7010273506342203,0.6565578932472411,-0.9294168444113241,-0.3779044628233507,-0.6201355702518752,-0.6038727720885789,-0.6456646562204034,0.09582969976028673,-0.7145772338788409,0.22000011818272638,-0.46799601706715777,0.22963689888983121,-0.7935462359839415,0.12608940667961643,-0.5826282863564988,-0.6250843257292472,-0.7239823392965039,-0.40846796890228415,-0.6356802618916219,-0.537115831908446,-0.5619276546073886,-0.08296777047388976,-0.5018905154446808,0.6139201009822733,0.8889487824576204,-0.1304523886102214,0.5762187038617685,0.5982031479863613,-0.5048596569056826,0.8174325864587461,0.014777725328466015,-0.03935155944760947,-0.18810147387828252,0.26321172325755204,0.253149450270502,-0.3381695411146498,0.28550390937314973,0.7812843906111469,0.6907235523943226,0.7418332869393244,-0.06037397458845631,-0.008426108796049764,0.5254716434562193,0.4404910619008649,0.4174425630996806,-0.42038493561405044,-0.7164700774540099,-0.282682175358167,-0.29415120454297145,-0.7148403735650548,0.7547828974147552,-0.9429822116312163,0.38167703158375027,-0.2252688686417916,0.5386224341722651,-0.46486629235010646,-0.45910882132060277,-0.5639617186267643,-0.2775719124849678,-0.5656739578871841,0.3003544082075234,0.20293322584188553,0.5009025895246819,0.4298568055285731,-0.534994128629748,0.6949322189887166,0.5290176032913597,0.6863556877132313,-0.35151495166331703,0.6583676170706289,-0.2215134514199689,-0.09488476249684304,0.7247144914787534,0.5974458642517613,0.5070463751923603,-0.24024189359273299,0.21776548015117236,-0.13307430436084833,-0.4811197360702887,0.4222917282820354,0.38540306394640517,0.6273038879446876,0.4272121258454259,0.47886447267279236,-0.24682302707959422,-0.5085341903844878,-0.5237955307875471,0.28179722616817515,-0.9079660751307097,-0.47402701726001945,0.3377193982652314,0.17316113184944176,-0.4053861065790026,-0.7044036596728239
0.6369525690120319,-0.9098995138561915,0.6306110630204719,0.7328839360861059,-0.08363204419918614,0.8072170102078218,-0.8868836457616519,-0.14728658823902152,0.6998929624888507,-0.4265759463732563,0.9999999981918253,-0.8803570401994482,-0.9225355072462725,-0.9661002326032495,-0.9784796782918743,-0.9898187319355309,0.20548657541526366,-0.01630911646856594,0.7066642617060839,0.935709472878886,0.8410911459973922,0.9463434355775416,0.6377006955927149,0.9336102677973074,0.9745611071819645,-0.9348151846773421,-0.9771952625664757,0.03888314787343929,-0.7686342263114682,-0.6111682966242606,-0.8822982421582058,-0.8740797926033331,-0.6665065333068236,-0.9454005404109785,0.24410911010980446,0.9321060914905079,0.8710269579579495,0.9629153080052963,0.9494833089106491,-0.7089135423536536,0.890776573504255,-0.9217504813172535,-0.5824892224052206,-0.9212046032550482,0.7763253868038394,-0.86505755236408,0.9614718892768919,0.933870771922473,0.6599139410679485,0.8337767793171728,0.9553553429365359,0.48329463711916154,0.9376488122712178,0.9341434647194328,0.9021026232438114,-0.9298486675277456,-0.7726058283985094,-0.7972998402471422,0.18710999336217526,-0.8993408231269947,0.9693139361503151,-0.7828823101658614,-0.45718344293915403,0.8000119908242285,0.6044703746104687,-0.1667532974409417,0.22616919918512537,0.32864484266780625,-0.8926051486969852,-0.5948161136257414,-0.867997601409941,-0.7937992364713323,-0.8570026205995716,-0.0910602229381917,-0.9192568709249362,-0.9132489947757902,-0.9955241567367549,0.956442399686763,0.906235271440938,0.9474704536036911,0.9375062556063549,0.8806763769480417,0.25872308218186313,0.31739931323357173,-0.9969846883634771,-0.6756149477298704,-0.9818902503156138,0.9612377463039347,0.9801460403857414,0.8694234207419091,0.19351381060506317,0.9288899869816662,-0.7728127025769697,0.681407907945706,-0.9906780625943481,-0.9839314162049321,0.9542659163771581,-0.870796043399282,-0.9616912751348546,-0.8370695784313679,0.9655437572091569,-0.9253985186825281,0.9286570732991295,0.9399906312011932,-0.8334732177243439,-0.9157441942778959,-0.9744697654330187,0.4614190827206434,-0.9717257201852617,0.9153279814209009,0.9729404869558558,-0.9318167584908914,-0.8410364663403574,-0.927574259213192,-0.8411244625509622,-0.9740314543257076,0.8886724172218722,0.9785713166685258,0.7070056051722001,0.6524459820650993,0.707822075805036,0.9736928086697977,-0.9404673719020429,-0.8532056511835837,0.988805851562626,0.9205117213530215
-0.7612902557502951,0.9457284063647255,-0.2080087010205033,-0.7973006720099692,0.1387260371628837,-0.9291644677385374,0.8187212524574315,-0.0902061797588565,-0.33369151088832816,0.7383410936404669,-0.8803570401994482,1.0000000012043693,0.9093323777963342,0.8171070841603166,0.9155922279635245,0.9244235297356781,-0.1204461528875743,-0.26680271539406675,-0.564452275331124,-0.9879956322381837,-0.9067825588267674,-0.8595734083513713,-0.605043432745148,-0.9843205357986797,-0.9467036529238556,0.9872090960818254,0.8541562521848755,0.3709395415387172,0.44616251985912725,0.26135321012989404,0.9679976985591605,0.9853781830111347,0.7312363131763341,0.925186984381174,-0.5063930480267559,-0.8355080386080893,-0.9800522230190835,-0.9300888848583423,-0.9841587811650917,0.6868706235521942,-0.9992870717297487,0.8155305831366698,0.14933541703475026,0.7949056192975107,-0.9757785943279997,0.5587905800426873,-0.970492856679601,-0.9867096100545154,-0.6659647001221883,-0.7566544605636378,-0.9727809740520533,-0.3737612923433946,-0.9636490630830677,-0.6854598195598113,-0.9439806643503649,0.9811798760026397,0.9316878092055517,0.5680322179332267,0.04890359570789908,0.9349924243544705,-0.9387454940883969,0.9798999012095576,0.43833928807859335,-0.6707788476440741,-0.6616139390145229,0.12281351652787283,-0.19146071499746004,-0.5261424903715433,0.845164433677996,0.8913972375642534,0.9939332098857508,0.9211407738911309,0.6127968276184961,-0.08833681703276047,0.9605931664095917,0.8999303462348618,0.8958807879640549,-0.9059464268785171,-0.9810170113442835,-0.8515515875288847,-0.8550297866263454,-0.9930303958725863,0.184154138264303,-0.6997943814430249,0.8708679108411012,0.457586738220703,0.9472939377009646,-0.9340429506827125,-0.9153867253046519,-0.957334825150219,-0.48837843521788826,-0.9588958487051172,0.7975597195135931,-0.2881092580368197,0.9211259856734616,0.9157930871064097,-0.9289810171804321,0.9480218194937223,0.9388832455164574,0.9348711346348793,-0.8841113295063154,0.9929093712247364,-0.7050191598274628,-0.7027495844667212,0.9893707914942524,0.9790338057140789,0.9489891838517732,-0.6061339764949648,0.7876460934196154,-0.7166792516439247,-0.9264913594819273,0.8767237925946213,0.867730810924028,0.9767743040571059,0.904184157292968,0.9215987143186947,-0.8315389336207419,-0.946675640380902,-0.6413235065612173,-0.21544794433079173,-0.9295748098454638,-0.9042619166822606,0.8209938783903236,0.734591971286635,-0.8849583889681812,-0.9946717231152857
-0.8537861770406057,0.9601645334747433,-0.37405702848120076,-0.5480428654057992,0.31958219044669167,-0.719651325347509,0.8266340745399113,0.14794907436403187,-0.5466897401897094,0.6258623734984747,-0.9225355072462725,0.9093323777963342,1.0000000011827295,0.9276047473533782,0.936359438325585,0.9089902559672753,-0.009771925520943183,-0.2872869482498654,-0.7851639670328181,-0.9476505453546309,-0.9616814281065703,-0.8952765978605556,-0.4895480804461169,-0.9189943868311667,-0.9705909911895816,0.955023076791064,0.8296573746338171,0.12598054212968943,0.6402023958956532,0.38316249707185834,0.9680421386580148,0.8640905154216564,0.5750212065698284,0.9883683002754268,-0.4247070358754592,-0.7518861157314038,-0.8688852207787267,-0.8962737899952419,-0.9326434128345663,0.6588657755960909,-0.9062598632891861,0.8246917581640553,0.34497535044699223,0.7227776732536825,-0.8019796352859137,0.6813854165669161,-0.9136928556295336,-0.910625927467823,-0.848965855887465,-0.9418549267490192,-0.9707406449391968,-0.5199772245065583,-0.9455520112511717,-0.7932588917056871,-0.8160062090280504,0.9410409085016593,0.8303144046835108,0.6177443823172281,-0.14795492542640865,0.7959733547679204,-0.9554132593532889,0.8230369672692681,0.5713041574279449,-0.729823279295709,-0.6599411736122013,-0.028725001688837397,-0.29059257454045645,-0.5482378673701548,0.8376751606280091,0.6394512070036075,0.8742087931611427,0.7348149955179069,0.6381993102121052,-0.14720086767309595,0.8845148880908665,0.7696619191628237,0.9059241508851877,-0.9316461360360011,-0.8814615632305546,-0.8530694589031496,-0.8639451054295717,-0.8697705395424978,-0.017134898698919737,-0.457931388953474,0.9163996713303851,0.5568500000394809,0.9177943153567162,-0.8686743824200753,-0.8732922821710111,-0.8899179979665973,-0.1318147665151833,-0.9520081660797668,0.798982635967447,-0.5891840328207771,0.9093690318521088,0.9050140014908091,-0.8474992925780693,0.978486876840228,0.9698163193805496,0.7596183748208256,-0.8892396001588405,0.9220590715321588,-0.7285875877123379,-0.7790820678235215,0.889246453397899,0.919065227720538,0.9155920065238724,-0.27082835294861396,0.8532281041669378,-0.8457531872415998,-0.9554459519792582,0.9527545231954779,0.8558490492725004,0.8731789801231309,0.7556183643249422,0.9596792715820379,-0.7478151043593472,-0.933395477435436,-0.5550671497126979,-0.4497326144134687,-0.7737262992414653,-0.8550200266925119,0.9400431531445328,0.8397736044318481,-0.9401930094641756,-0.9415432581868767
-0.736298811009277,0.9273854549979688,-0.6698653991777376,-0.5750618979475524,0.3159540464384668,-0.6804565458590944,0.9355082600815278,0.3828179896023291,-0.8042627497717951,0.3120021804674879,-0.9661002326032495,0.8171070841603166,0.9276047473533782,1.000000000641016,0.9748972217486429,0.9414131906907398,0.030042280684026125,-0.14180632284536737,-0.863669326500747,-0.8756612634957953,-0.7993413523328731,-0.9768493247354331,-0.6846396124157067,-0.8910100614783333,-0.9577086570607883,0.8973187987813368,0.9145455760058174,-0.20418586881857473,0.8699355456176616,0.5053417814106258,0.8374174040703899,0.7702234379780806,0.456752895088835,0.9129401392867516,-0.08874951712509545,-0.8269556578749259,-0.8320779843655328,-0.8684032078933659,-0.8887285903453589,0.7986644953309449,-0.8275370145780597,0.9502774814569479,0.6480988463271775,0.8593518576710724,-0.6784305108660199,0.8041553749740887,-0.9016153717912938,-0.8779253002326866,-0.6475732271044747,-0.9247211473184535,-0.9221548068392067,-0.361970014861441,-0.9298558327381793,-0.9586615617621057,-0.8416609373668075,0.905117808623276,0.6458211882521611,0.8588238219294759,-0.4090250187601881,0.7788161085502889,-0.9643817413592513,0.686690516021467,0.6523139133278775,-0.8962962399222141,-0.7292397829292386,-0.07840175691472966,-0.4420427666409845,-0.48047096191875144,0.9318121373975766,0.49563453709098115,0.8067867477012634,0.6387703411943646,0.8665416997618777,-0.1161927691851079,0.8932156009635162,0.824319308892117,0.959881613203853,-0.9733453401728511,-0.80564237830685,-0.9584470675955192,-0.9606441349040495,-0.7946418495190474,-0.3682148824930275,-0.17174233502153174,0.978796035960643,0.8010900274809704,0.9236274349343654,-0.9106014956573291,-0.9163175201037056,-0.8686790943416645,-0.1382431336311856,-0.9302972703617051,0.8573888132373622,-0.7764190390278072,0.9296005323704248,0.9559186242472049,-0.8589067549304348,0.8774528313790676,0.9632608935760957,0.696381331787473,-0.9675737039042541,0.8715632567895969,-0.8472716255282964,-0.947346866331056,0.7948876375015586,0.8916351476122373,0.9351801575017804,-0.35122605004622437,0.9777233252931024,-0.9813341387652874,-0.9730329804905296,0.9770134138427539,0.8953239080071522,0.8432670195437998,0.8051197037603179,0.9764754641067429,-0.8736240593037339,-0.949003984781977,-0.5084106517630833,-0.6773437289580995,-0.577859859875142,-0.8908302887201631,0.99374323851475,0.9495876818252111,-0.988674368813133,-0.8654567955140549
-0.7458550788319808,0.967502306998014,-0.5596920609697317,-0.7190824403097986,0.24278848246151133,-0.8220610648736841,0.9529367382820281,0.2383129984258153,-0.6845680294691845,0.4404595315640654,-0.9784796782918743,0.9155922279635245,0.936359438325585,0.9748972217486429,1.0000000006116683,0.9838020944442978,-0.028320909498170392,-0.16798644515535843,-0.7775719612772206,-0.9474096301962953,-0.8368591985977127,-0.986874188019581,-0.7372200272697176,-0.9680558148414778,-0.9900044191507483,0.9635565851703387,0.9501464288573459,-0.02905740838603737,0.7679899370427098,0.44083496690376817,0.8983742553371274,0.881793225693121,0.5750353851767965,0.934929127572911,-0.195229762421169,-0.889827786829224,-0.9315198022462376,-0.9275545710587773,-0.9613801990369848,0.8231114994302826,-0.9251158847049014,0.9642086601850718,0.5210121286234357,0.9068863936847452,-0.8183298575929405,0.7530904544223478,-0.9714887456451379,-0.960519219175281,-0.621311800699407,-0.8763614127316416,-0.9725354958617615,-0.33167371203449053,-0.9829140172660754,-0.9152881547392531,-0.9378297308534163,0.9718186960258948,0.7586084186436836,0.8267850988402338,-0.28142383630497286,0.8849158091565014,-0.9966911397247341,0.8208193706670054,0.6015883771228955,-0.8759315555296021,-0.751243400966137,0.0002692600679334506,-0.38618889537271656,-0.5059180335500475,0.9595289320973748,0.6709442556569999,0.9148854603304153,0.7770786116685203,0.8487077117595053,-0.10087939513840481,0.9691335276355012,0.9148948550181208,0.9862891824780197,-0.9956276277834369,-0.9043780011598522,-0.9801527996246273,-0.9805485531670384,-0.9050374358738762,-0.21755859822303852,-0.35387551453013516,0.9867280371463536,0.7418546572734552,0.9772475625530299,-0.9751252640141274,-0.9688505387691241,-0.9452350669074544,-0.32309561238501844,-0.9789864477273172,0.8848572075061347,-0.623998222448437,0.9717005706436566,0.9934262776208271,-0.9343543905989153,0.9200045369874891,0.9913405757162567,0.8256309226680543,-0.9928309755334601,0.9546348946720584,-0.8487797639528308,-0.9186036091956026,0.8980160908313803,0.9662007998385104,0.9890007839715145,-0.5197110548921353,0.9640602563393763,-0.9345360950643239,-0.9979397798036193,0.9777140201755603,0.9342929451382627,0.9372769112857943,0.9060149260480319,0.9970940695781864,-0.9305151394601863,-0.9941489202994936,-0.5800733861785928,-0.5455777325701536,-0.7173930404241172,-0.9469098809240277,0.9679043336308997,0.9189215790435117,-0.9950689530146906,-0.9441040150490762
-0.6425322984325037,0.9265844179282359,-0.5626730861938097,-0.8074211725749044,0.06623643262576379,-0.8791191019590556,0.9025542693903338,0.09139114136268643,-0.6321051275918117,0.47579927805742417,-0.9898187319355309,0.9244235297356781,0.9089902559672753,0.9414131906907398,0.9838020944442978,1.0000000024763913,-0.20234299094222147,-0.022067182880110447,-0.6610570372711888,-0.9598707402178998,-0.8362676071935565,-0.9497873722039452,-0.6916660442413451,-0.9685120516543387,-0.9792834785772591,0.9598191129588768,0.9836864359447783,0.044704323765088934,0.7109773968467854,0.5400375052528705,0.8971161656552883,0.9211031866262591,0.7013621410782489,0.934880347833375,-0.27006071784596886,-0.9524383181872117,-0.9246483738782176,-0.9738227983298519,-0.9761437682614948,0.7429779608754112,-0.9349859788438732,0.9317106915551556,0.5073652466693432,0.9421708673265452,-0.8461704728096582,0.8083433793437389,-0.9883373631092062,-0.9703686427535105,-0.610226498493417,-0.7964763036325059,-0.9689771965185903,-0.4170676895517218,-0.9608005887009367,-0.9010248695599153,-0.9535081429632966,0.9592803147532,0.8112399301623215,0.7879568902139557,-0.1434069021031821,0.9444794861399823,-0.9779667663295676,0.8473919760965316,0.45083634760468844,-0.8003998399509308,-0.6393311101217573,0.17779269423336003,-0.2288871792993487,-0.3653438387892404,0.913459022227288,0.6939139141637862,0.9221264522166741,0.8538643136028227,0.8474606200823429,0.06646832127170896,0.9593205340930392,0.9571222823759722,0.9969658443214409,-0.9638647713149587,-0.9445589130558052,-0.9583987213315265,-0.9487193764755095,-0.9313192494505156,-0.18217375122801838,-0.4073231386367623,0.9876340770710097,0.658718724027162,0.9972483978275303,-0.9896933361652201,-0.9965193387926248,-0.9131261058514238,-0.3264705868496045,-0.9499496112051031,0.8009927312790469,-0.5810475837226488,0.9973944140471429,0.9954716508559805,-0.9810293463383746,0.8828842755659646,0.9671257390299829,0.8943557102788245,-0.9752729696794726,0.9614368439840134,-0.9082951429618935,-0.9154247707832592,0.886302681654546,0.9523831356217788,0.9945984141982278,-0.572607615532361,0.9549095866949401,-0.8850497703830659,-0.9772622377615464,0.9264225618830859,0.8701880966216449,0.9682673107852399,0.9035494117134442,0.9753175582725419,-0.925215322392296,-0.9932411006321543,-0.7119055178674613,-0.5592842031040054,-0.7672135662651598,-0.9889783822768874,0.9177118409627366,0.8402344527260329,-0.9805825752832282,-0.9509635022625513
