0.9999999986589119,-0.6233448613466699,-0.8512183680618342,0.6407166692813927,-0.8580596722331052,-0.6577955880162909,0.15524517131403026,-0.7325890236193436,-0.3548967441282945,-0.7101028319641224,-0.9329564527705781,-0.7402205661964233,0.5241148800497206,0.7244501717070436,0.19043092738981882,0.1592067689947063,0.8406006502763748,0.7146027357576983,0.7982665850728181,-0.38434817167891594,0.6539740538324517,0.6131166285232066,0.866366708289335,-0.5613712619096344,0.7951573095837845,0.7360310797472717,0.5183261874778919,-0.8197550170971919,-0.31570024779701555,-0.6801150633758885,-0.30108814780946075,0.9134400350917837,0.6468899067142047,0.7454725673667463,-0.6807388068715085,-0.3405353397377044,-0.45156098562866676,-0.715239711857194,-0.9404716758651068,0.7230831985813292,-0.01158938765386083,0.7672334096389152,-0.28213197001763446,-0.3096899289144494,0.40495622307070883,0.5825378729637781,0.4258113191770041,-0.5001813908172832,0.0777736406245595,0.6419252645261916,-0.3928674495474414,0.7313575427313852,-0.7778341990451588,-0.7990929728627179,-0.7409354370970969,0.5548430703594017,0.4155356859862534,-0.7756626754360486,-0.11469692520078702,0.7101264900537563,-0.5167182854274706,0.5922533369475852,0.8545542475134451,-0.6349259977003425,-0.9616615226422335,-0.7590988392651059,-0.7168863288231154,-0.5605953541575084,-0.5045750963224092,0.5655788179351666,0.7751413257529275,0.6392196517084773,-0.8400054040889389,0.2611151727482182,-0.523406648490849,0.7279481791601005,0.7388759595995606,-0.87031201691061,0.4627568296894767,-0.6945220339254496,0.29991062912197447,0.6417347991342118,-0.7622094268346477,-0.5447170960007337,0.5841047312219906,0.5570134405612525,0.4558740248205208,0.6178129936356966,0.6385604800536032,0.6977736487266692,-0.7280933269631976,-0.8225209232852501,-0.1625906750358142,-0.7243599128320819,-0.4967243737415343,-0.6131020475789009,0.604281049588859,-0.3141048170472106,0.8155499332218566,0.7110052675583692,-0.3636107061331882,-0.63794777566913,-0.6368946796898113,0.7220923965253535,0.7241617402896258,0.6812889740129169,0.8821692893743934,-0.6809557878124103,0.4238571863300439,0.7779550554977955,0.039147228647963044,0.6703480245981354,-0.632462452015682,0.387809155489503,0.6178385189068758,-0.6409493854409521,-0.44075739853973694,0.37090873681162156,-0.7839700492512317,-0.8694549667940924,-0.7708432882171783,0.6110557530494659,0.5581948661094599,-0.7495945768549104,0.7033814093864744,-0.26947921712615935
-0.6233448613466699,0.999999998888204,0.9371563914069635,-0.9928201256423735,0.4849028269411645,0.9857768085769533,-0.7124054806786286,0.7614551684293019,-0.3619735698875494,0.4352617466033394,0.5326126346168927,0.9790482936783584,-0.9831659479137755,-0.8482274813316294,-0.8610376349548924,-0.7235817055753827,-0.6575456210243267,-0.9565992905261952,-0.9505471456204314,0.8141775629605641,-0.996777195730233,-0.9668571931118614,-0.9114958825314774,0.9519293809716991,-0.9415502923307552,-0.7915505515146531,-0.97460299068706,0.8302210249504081,0.8630224930460983,0.6808394859358677,0.9258503179741545,-0.8823704987022203,-0.25652794009881535,-0.77343473495628,0.9455762821025119,0.7841232905247151,0.9688375641780482,0.7444240991124026,0.44010601718020964,-0.6573596858273701,0.7200949122556033,-0.8908245429410824,0.6984136550989737,0.758446194646883,0.42247258609790245,-0.8048361019765469,0.15614808903779318,0.9822123587725372,-0.17573333736732072,-0.9945210401818999,0.9227900233311879,-0.9322864924333999,0.9477882827513511,0.9611470257573342,0.9331942765892675,-0.35752331052959335,-0.7757823402761284,0.967355656559868,0.6139620106068072,-0.9502780341152846,0.9479738555019342,-0.9711534803122924,-0.5695519812894317,0.8904581731775296,0.7901358381031874,0.5659471321221907,0.938825637292669,0.8235769104256929,0.9613277615561471,-0.9676879526821944,-0.9093628835770036,-0.9525598250293207,0.9013713613274827,-0.8671864846609615,-0.10822491525656612,-0.9370675425480843,-0.9660970895647772,0.9142443175308225,-0.9777730345431167,0.9728244531840665,-0.8628885884465904,-0.9252739478281174,0.7899457596445306,0.9379259489801407,-0.8271722892622738,-0.7192030977505574,-0.7639635478206517,-0.7897861636338286,-0.8016821336926816,-0.9806821855092538,0.9664763639104694,0.8123878520894601,0.6950859621747894,0.985137030175879,0.5860654570057862,0.9944968319099429,-0.9861800869690018,0.1506871121596981,-0.9492404637114153,-0.5778493193916444,0.4563158505898036,0.931414864200001,0.9786914509435463,-0.7757328788023613,-0.9851185710650238,-0.9404905812814733,-0.26036873604404714,0.9494094660274808,-0.7093251629115986,-0.9538102064856613,-0.47121730469350637,-0.9220763429217493,0.979458600106789,-0.9111778272935784,-0.9306859795282544,0.932541782156793,0.6608721891299849,0.48760509609502584,0.9408277837052139,0.7636014161273376,0.7801739784950021,-0.9636692965269588,-0.9107486721092627,0.9695974749533639,-0.9860639226835838,0.7499604427427364
-0.8512183680618342,0.9371563914069635,0.9999999999716532,-0.9482654985982725,0.7092008777505552,0.9454597496254016,-0.5717371226355957,0.8003460632152203,-0.08747250040646606,0.6233174714153173,0.7842388581852001,0.9718556330359434,-0.8774063215209664,-0.9081942480533443,-0.6510617292274493,-0.513198144036109,-0.8023881141112013,-0.9625674141664525,-0.9905733537902979,0.7409712673487175,-0.9435011875979409,-0.9168565210893517,-0.9907047541230165,0.8906909627487951,-0.9843899320546553,-0.8488329930883426,-0.8801863605698154,0.9274641977185553,0.734044601260789,0.779888671128678,0.7382305817939918,-0.9803874333278758,-0.4763517762164207,-0.8762228668637523,0.941448287967486,0.6488363742501033,0.8497420243933986,0.8116486005739579,0.7232965663823689,-0.7741281629245594,0.4598180189971666,-0.9501906781553885,0.6341598452296343,0.6185380403554828,0.1226352845510737,-0.8297285970022023,-0.1182293735263026,0.8683103373340147,-0.11425092046363465,-0.9478599303413293,0.8047934833169119,-0.9513407798716254,0.980967728441092,0.9830892399159622,0.9454358996043069,-0.527912189526212,-0.6796917358819821,0.9891083576045959,0.44595726435029087,-0.9611023836272704,0.860652863028094,-0.9087368889951924,-0.7799051738212257,0.9004958665987808,0.9498300581766804,0.7479140426657377,0.9574430303738151,0.8270265548782588,0.873903654458925,-0.8954253987308058,-0.9377381154458201,-0.9320585396494117,0.9613175960409857,-0.7132982953226616,0.14649622212208477,-0.9349731340969868,-0.9753661879448351,0.9836969440828289,-0.8586288955968634,0.9644569221601564,-0.6962304146227193,-0.8871792514721916,0.8621563739801046,0.8737524376526351,-0.8394342045601588,-0.7491344836036821,-0.7382923634252984,-0.7954679948783644,-0.8518410493371142,-0.9605477947223142,0.9700423825589943,0.9292712811017444,0.5524008915767891,0.9722250691211902,0.6431495549972932,0.9360593771573614,-0.9213058368392991,0.2936073161338764,-0.9876513544611657,-0.6736479086421121,0.501865314198079,0.9192910510217991,0.9409759471805,-0.8144710064733496,-0.9663291974138322,-0.9347949714060487,-0.5382208262814095,0.9430872528381058,-0.6873773742354603,-0.960574460202874,-0.36122464025297496,-0.9247460019595661,0.9244998930551317,-0.7995581151518605,-0.9139604672145281,0.9016514629729502,0.581614010636914,0.16919151242673203,0.9838101116712874,0.9014955423389532,0.830783196119911,-0.9240093112587511,-0.8697632910537709,0.9801524665772995,-0.9660940491046065,0.5925789112463089
0.6407166692813927,-0.9928201256423735,-0.9482654985982725,0.9999999986385703,-0.5241519034052619,-0.9857228827400083,0.74902504878746,-0.720169064266769,0.3454400611057348,-0.49073240100228266,-0.5881357742277586,-0.9719568103993531,0.9636041290597884,0.8960772764131953,0.8366410219304242,0.6453761866955913,0.6614900020207175,0.9783836707906775,0.9677817965014286,-0.8578657673550029,0.9828307955827987,0.9720270795524593,0.9248934223852948,-0.9660780655018972,0.9611411433044739,0.7926170275487183,0.9750251787046645,-0.8655630875880209,-0.8870815519684606,-0.7375484796119895,-0.8952758702704426,0.8804704691583903,0.31446490587945325,0.8375735042279282,-0.9685722008910999,-0.735111833111181,-0.9692899000938103,-0.7590588770300378,-0.4934793116814482,0.7022491970513652,-0.6618636290646067,0.9302434660555872,-0.7620328086687786,-0.7092651312236973,-0.42471074520999635,0.8660933206790417,-0.0740920333286211,-0.9666915125428602,0.10811409762312012,0.9986368751500504,-0.9424974397437876,0.9522839732586962,-0.9666203818911256,-0.9527487699629369,-0.9323194309833167,0.4411763629526182,0.7351779133179315,-0.9786820601356602,-0.5751101471776958,0.9790685799058261,-0.9481381959173539,0.97235281843836,0.6311092813957042,-0.9380552517849904,-0.807711394644882,-0.6436489338428343,-0.9687335438061356,-0.8775425765911521,-0.9753329361209477,0.9658475266264709,0.9035667744063411,0.9798857624238444,-0.8952567684474746,0.8868110882783043,0.10717278242219642,0.9237193742301779,0.9816268226480971,-0.9106375126611645,0.9756981569739512,-0.9924087725591724,0.8317108674871598,0.9049975614842898,-0.803930709538787,-0.9516620764274799,0.8813829639935162,0.7667298798908458,0.8117614132061621,0.7935104477209656,0.8665365210267081,0.983845847438004,-0.9803864591817549,-0.8660900568088004,-0.7155928827559689,-0.9826834145316445,-0.6500897540087782,-0.9983036990526792,0.9825610918772344,-0.24518112842290443,0.9518123073971769,0.5476971359268017,-0.5250529801397642,-0.9628258937221874,-0.9914617019805697,0.7480952875406629,0.9743965767811982,0.9545991353470555,0.25190211035465676,-0.9706545443519485,0.7571991570083306,0.931692714042239,0.5136194768200342,0.9513012124398368,-0.9670147107138797,0.9379135489847805,0.9669950047140056,-0.9331112254967378,-0.5771940159373005,-0.47193038450475316,-0.9665772586565146,-0.7974300743550069,-0.742132287682775,0.9846734399131498,0.939086069624476,-0.9801602861104676,0.9866499651904196,-0.6953261091208588
-0.8580596722331052,0.4849028269411645,0.7092008777505552,-0.5241519034052619,0.9999999992919747,0.5978630574268589,-0.35641075591230154,0.33869099136254993,0.07709581806071805,0.9643307525941196,0.9344173935745109,0.5329462645353816,-0.3245529599996088,-0.7787421696425015,-0.20797264376993724,0.12271722770831799,-0.4589017602035768,-0.675624928188872,-0.7143396575499672,0.5206145335562409,-0.5007679710029309,-0.6082260741298505,-0.666783330601884,0.5811139217206426,-0.7374967040889017,-0.35375683115322937,-0.4892570338907009,0.8718920505017748,0.4022824347642168,0.8747850968678753,0.20226937362167563,-0.7449701285317099,-0.9410173312243528,-0.7823122510820134,0.680680565645105,-0.05016024438663956,0.30333354988668704,0.8794661439074658,0.8917026915980296,-0.9252300145895351,0.008325147844899228,-0.7633659812389396,0.20236790352892858,-0.09108618682609274,-0.43230141909868136,-0.4814479786898294,-0.7361120886460732,0.42093892541191547,0.43379846863782906,-0.5411018375935359,0.3934728273212312,-0.7401234439592721,0.7245896510394593,0.599085196138162,0.45828487881463936,-0.35076021450995043,0.003373708929023088,0.6784974752491977,-0.30673397508598205,-0.6382763205418898,0.5459523518982934,-0.5798262187466295,-0.9586741678416661,0.6178725699063006,0.7677250376651219,0.8865054600460568,0.5717443858394682,0.6629925823298273,0.48348983544842816,-0.33255191436418824,-0.766676135852567,-0.6074328457354076,0.5642495805358103,-0.15228659004208864,0.157631105857105,-0.4340911780954785,-0.6765363907546141,0.6515958980603673,-0.3425935353780924,0.6003166246966581,0.0033526873924757095,-0.3191741946334243,0.8800440458732244,0.5903372068473847,-0.6779123616285471,-0.7820480529660342,-0.653517309369356,-0.7829379930454489,-0.6655978197210622,-0.6363388659691469,0.6775261288276445,0.7312204321407028,0.41031868852931475,0.533080164297202,0.781029843023001,0.4758560660133698,-0.5512498397092136,0.1518191833164547,-0.7271288484730557,-0.25383138701618974,0.7176192366977853,0.6475121726845506,0.4737275060739132,-0.3129069150849026,-0.5996720003463086,-0.44055588203375634,-0.7664864330598543,0.6773372901803839,-0.6683851264248338,-0.5938548808524287,-0.4049575992886627,-0.7011389033386816,0.3939286784573084,-0.3481775546077538,-0.5828730716104499,0.679690147142646,0.35172378452001957,-0.31789356007327924,0.6523117232616125,0.9311286647521032,0.39890005607464635,-0.5809316009192237,-0.6243903098455054,0.5670875194213822,-0.5121632934753813,-0.1188544821652358
-0.6577955880162909,0.9857768085769533,0.9454597496254016,-0.9857228827400083,0.5978630574268589,0.9999999994217947,-0.7626680580046025,0.6897989945525018,-0.4034073091471762,0.568373487207263,0.6041639111200564,0.955679863624812,-0.9411521508512171,-0.90453400647357,-0.8589984757923882,-0.6342529154828083,-0.5985975686195585,-0.981543386211764,-0.9706606120168573,0.8629477446319691,-0.9820841282280655,-0.9940723719885164,-0.9034451240020841,0.9809223809325268,-0.969797643535679,-0.7169740396928316,-0.984438909024775,0.8982636433893376,0.8895439263184192,0.782541800889166,0.8964664619218767,-0.8924983411451396,-0.401968543007788,-0.8267486228174075,0.9797318319960638,0.6725244738229198,0.9334497993655173,0.843609445977516,0.49990532251693626,-0.7684982305254874,0.7023806548816527,-0.9325273570639996,0.668193822454761,0.6413059889206648,0.3554669228127282,-0.795822618046763,0.017203372535341224,0.9759299787939271,-0.022151949948734942,-0.9929939656493384,0.9281649619792116,-0.9755117119750328,0.9755179497627907,0.9471440976369495,0.8863928606307938,-0.3254399628941348,-0.6621009214077753,0.9810452026416232,0.4734320434754544,-0.9634019631378298,0.9774335119986737,-0.9941465516083562,-0.6637621709644418,0.9128606497001092,0.7977328618070211,0.6554889521963281,0.929294896741799,0.8781877148031958,0.9708670287120339,-0.917323625310196,-0.9560872492307739,-0.9712613839100267,0.869098868690526,-0.8254532247268902,-0.16729989079547739,-0.8868959048155418,-0.9865965089212863,0.9027272005850077,-0.952639351730272,0.977577131466536,-0.7698455856586629,-0.8581828934662732,0.8775633592759612,0.9740721929159658,-0.8813229435318825,-0.817645143637219,-0.8412801497221359,-0.8789025512141933,-0.8394687426582345,-0.998358251345935,0.9898514739748754,0.8325589202417495,0.7640156870536186,0.9643837623186943,0.6997711051321256,0.9782415477929571,-0.9974830879820265,0.11271500617779222,-0.9718254882232533,-0.48860885593188474,0.582518882657971,0.9635028226081642,0.9558983821907534,-0.6956129779631731,-0.9870335516251032,-0.8985604138800567,-0.3076424374628393,0.982547045427926,-0.8003503466206777,-0.9449018659477937,-0.5702496752239731,-0.9650584479261439,0.9354158959482718,-0.9024868876563712,-0.9456449977152769,0.97863438184762,0.6663665673882703,0.4502386130063886,0.9432102782026308,0.8425677179659945,0.7184856355202793,-0.9804290963028395,-0.9538796190260541,0.9530638000189837,-0.9626651652037537,0.6336728495136591
0.15524517131403026,-0.7124054806786286,-0.5717371226355957,0.74902504878746,-0.35641075591230154,-0.7626680580046025,1.0000000006980019,-0.08876118351356084,0.7795382498385245,-0.5045688051233497,-0.29660037014091095,-0.5743812237679213,0.6596165695342612,0.7849789049051961,0.8511223111245437,0.3264380020603044,0.03755882842936136,0.7724205117212408,0.6763023607745594,-0.9688231203027723,0.6650849008178357,0.8214306981741615,0.4922303024682132,-0.8717785612032084,0.6952586249113346,0.2342747041853175,0.8442506903621848,-0.686114803967892,-0.9685974302074928,-0.7537435394802274,-0.7593578370834736,0.4250434771276792,0.36956142980457385,0.7139696388510001,-0.8117365347625977,-0.2879651511745121,-0.7699275193201914,-0.6819392513233868,-0.13948031272601064,0.6836248025222708,-0.6761368308279843,0.7438819493565539,-0.7524877344173919,-0.26453144705243725,-0.6625782993448173,0.7058782869677206,0.07513473777995344,-0.7808882640943464,-0.42966861268882195,0.7561669693465994,-0.9171537131206503,0.7721773273934993,-0.7126350260412531,-0.5283487819953735,-0.4732742706356748,0.17414418614713495,0.23893064788926896,-0.6810285203336136,-0.20071120306075488,0.756761498732441,-0.8627931454288421,0.8204571474174022,0.477649847504229,-0.8161433560392884,-0.3219117299574548,-0.5783735382616791,-0.6815579073826014,-0.8910539071084053,-0.8753645151506645,0.63681106706947,0.6476119846354703,0.8236823769955476,-0.3820010797350399,0.8249320809692217,0.6813018706401507,0.4442785583936559,0.7367902657301716,-0.4361044491255403,0.7921861266880635,-0.7490243671553684,0.5146406382935661,0.43144943072267716,-0.6709541952713607,-0.8844795057970343,0.877211679405827,0.8603586728631054,0.9381970334154245,0.7552537767994504,0.7914982024505532,0.7440779463834353,-0.7483778973540393,-0.5885360970693856,-0.9765258275321842,-0.6137162076199522,-0.8265898256659967,-0.7387298830304108,0.7860972176596505,-0.11455457774272378,0.6270622885402122,-0.13747675731412926,-0.8119913398535434,-0.844677151874578,-0.7091368021209563,0.13053449077898224,0.6497630374274451,0.5820316948161555,-0.24494424137739904,-0.8087878350662494,0.9305243361372381,0.5101587032185225,0.9316610461696897,0.8308280782576646,-0.5876355774477975,0.8895807796719888,0.8280724057388577,-0.7940768692517275,-0.2671850776273681,-0.7447776470073049,-0.6526775200245161,-0.5900341655834114,-0.11807170220055946,0.8360586952574147,0.8995445782859428,-0.6226973194258902,0.6323448455693468,-0.2714065891336766
-0.7325890236193436,0.7614551684293019,0.8003460632152203,-0.720169064266769,0.33869099136254993,0.6897989945525018,-0.08876118351356084,0.9999999985111306,0.21719499795157546,0.1327540763672244,0.47668573274456083,0.8603870368958491,-0.7899246091292964,-0.4779850006293702,-0.4306385971658747,-0.723854620404837,-0.9099815405360842,-0.6432125951339731,-0.7223678852548414,0.2631361532241533,-0.7982319197594637,-0.6074695453526894,-0.8418873048585972,0.5426373001277512,-0.6908395139647232,-0.9228772144630691,-0.6009717922962506,0.5358959021925653,0.3325790039277276,0.26061593767827934,0.6114390140038457,-0.8526355078323938,-0.0013071597124524681,-0.4429350874404135,0.5896240946245397,0.8589758777962984,0.6731283205362634,0.40412084139045373,0.49223996873706066,-0.28542436935815885,0.3860232134291155,-0.5770769684769324,0.3249340195260815,0.8456391107554357,0.010178591204102212,-0.510921204023686,0.30292941237095533,0.6692790781989765,-0.6622270846497147,-0.7136190784969788,0.4683115320072976,-0.6036004163215607,0.6836991854741803,0.8741829943993142,0.8962715096999667,-0.37841611998450003,-0.8949880721898936,0.7417891024047113,0.709677929673521,-0.6538983395224647,0.5410362571493581,-0.6144164983549618,-0.3591070851201307,0.518355756183756,0.8231091440777726,0.2681536245351719,0.7129341745211883,0.3487301919119659,0.5579360757610631,-0.7964034538035457,-0.6764085501362672,-0.5940984309732784,0.9291407960219155,-0.4870317599189319,0.4855761019103453,-0.9254590004022474,-0.6884970346301948,0.8929401665584907,-0.6618511694052206,0.6923496778833375,-0.7633141189080038,-0.9231779566589079,0.4813058144840276,0.50922041326449,-0.3666233271627954,-0.21564102708936075,-0.21362807743542642,-0.40076057031087375,-0.4165157441151983,-0.6995677754328834,0.6771950968936802,0.6183527760504495,0.07589924275119289,0.8337219589617887,0.05940421451977594,0.7334623753612103,-0.6687551726809198,0.14603188526239086,-0.760468712129524,-0.9556968299250623,-0.11223144914350773,0.5426457793283143,0.7426081311438566,-0.9883440976127903,-0.7921416459340255,-0.8103845824427003,-0.5749390766814497,0.5974844965778675,-0.1398532699775501,-0.8750155175153068,0.2006137329585114,-0.5384726142535694,0.8530078749770305,-0.4830334614297855,-0.5629236232453642,0.5775034013528505,0.6617673647685606,0.013580468792297408,0.737600942496217,0.5261884041181256,0.9978451374450399,-0.5971517851723479,-0.4595175593035907,0.8062729003341457,-0.8196540149053813,0.8255745037063934
-0.3548967441282945,-0.3619735698875494,-0.08747250040646606,0.3454400611057348,0.07709581806071805,-0.4034073091471762,0.7795382498385245,0.21719499795157546,0.99999999712013,-0.09872992128151563,0.2801784546848932,-0.16668952471251267,0.36894341682871185,0.2762297812745712,0.7748106255449901,0.385255220729946,-0.4606908098179848,0.3212783790344762,0.2026303344454245,-0.6136252914070672,0.3272608082337197,0.47725484863206974,-0.022404791409068,-0.5187396975776128,0.223780683102451,-0.2398403684840123,0.537982699584096,-0.19947453157469827,-0.6872580159535443,-0.2966316141660865,-0.6235525296701867,-0.028504090269470102,0.01238722120684165,0.1389293533729062,-0.3814151608913168,-0.12961298225439247,-0.4425466137853197,-0.3603685269537182,0.4358768744820932,0.26598998822990527,-0.8000315070047475,0.2288401830541898,-0.2896842741798955,-0.11626593896457497,-0.7079297938507944,0.13859082344402218,-0.24631125759662054,-0.5242075652348802,-0.39211714506796513,0.36961292369476645,-0.5907491984135329,0.34326912589193187,-0.25010957203861206,-0.1129907016845471,-0.020656329072452587,-0.44666298546689187,0.01582821604368431,-0.23048853161484711,-0.08397367772278638,0.2686260760841129,-0.582374409390216,0.49501843885862734,-0.06799444527509843,-0.3044727421844967,0.2191455483615616,-0.00682652452202792,-0.16267016284581343,-0.4284614107767013,-0.5244086199987548,0.25400306433293723,0.3042240979704473,0.376715609069192,0.07317888674418717,0.5080382909650664,0.9586417230195183,0.040280365253735254,0.29333825608837394,0.019828250295417144,0.4800288642895763,-0.29087031071761776,0.318159484009279,0.07249507677624317,-0.31489041654698846,-0.5492326549630284,0.40296724920790084,0.4822244483443035,0.5737830694221345,0.5002756639124347,0.2387125392876196,0.36015934411868394,-0.318702036537345,0.019521978924373344,-0.8362473708169381,-0.19735684869134765,-0.4413592187171475,-0.349294564871135,0.45954436027655265,0.43201775987270497,0.2045418637469888,-0.4773704259065547,-0.49148248538376554,-0.39956817426432545,-0.27017906188774743,-0.2334569601646541,0.2896696238329861,0.10225157083704352,-0.5571675235616548,-0.38350484875507723,0.5997730190987686,0.16197250035710645,0.8157094542926638,0.3932996615944908,-0.2227056799844491,0.524409306421917,0.3541310721031941,-0.479815465793388,-0.3389422302026208,-0.8696648022874269,-0.13427980416214386,-0.10696866990754854,0.2071765149626642,0.4216099334267543,0.5137121751793956,-0.15262253865304876,0.210268579969712,-0.16245547994387335
-0.7101028319641224,0.4352617466033394,0.6233174714153173,-0.49073240100228266,0.9643307525941196,0.568373487207263,-0.5045688051233497,0.1327540763672244,-0.09872992128151563,0.999999999194062,0.867243112000365,0.43819355234164,-0.2635412096503122,-0.7991037818721632,-0.25455160083779804,0.22377622768826969,-0.26772497159396297,-0.6590303044936672,-0.663047648389019,0.6240844158345147,-0.4335830889808989,-0.6059513647733946,-0.5611657562509007,0.6034108223021053,-0.6953675256286896,-0.19704648620415297,-0.4956504019418611,0.8574389563028709,0.49198897593637186,0.9313670218240747,0.1960079991289017,-0.6192788463578772,-0.9811688289229363,-0.8010323383974457,0.6815527909549722,-0.1808582839011653,0.2897579698640045,0.8855443212713499,0.7956889395871077,-0.9602835166340203,0.033812740414848066,-0.755671333573568,0.2731651199563259,-0.2216187179864944,-0.30392207389911136,-0.49609399402333215,-0.7996434242931367,0.401910664100548,0.6377463593999412,-0.5088694394601034,0.4467334378767312,-0.728500622456507,0.6871751640835151,0.4908911744223297,0.34334299662080076,-0.31079518834071346,0.14951435039709515,0.6241861308173783,-0.410586491983213,-0.61988292731007,0.5652161543421964,-0.5761908265038977,-0.9463058654962205,0.6416235520167102,0.6337826521385361,0.9158639373681065,0.5315297349877803,0.7330142815236381,0.5070514546978966,-0.27004239979592615,-0.7124182784099912,-0.6132328140699302,0.42192282448800067,-0.19522694025710785,-0.06132542003232591,-0.30649116777042495,-0.6433901836236989,0.52296102878876,-0.33300082066944614,0.5723227964708257,0.0739901078095301,-0.1926537595664806,0.8687222849311386,0.6210089222188288,-0.7414923791781479,-0.8672890441529925,-0.7574471647127644,-0.8034540130208324,-0.7074571538868636,-0.6009826697074708,0.6482095662197398,0.6931794586065481,0.5513234735930695,0.45140440604259646,0.8953260363610328,0.43911290675102976,-0.5309298983195414,0.1579120801549916,-0.6560336352443948,-0.023737376475829672,0.8670361788566553,0.6665307869004085,0.4322048262743137,-0.12050297390688151,-0.5280281444606396,-0.36536755113411074,-0.5790546953501777,0.6758744667108173,-0.7851244763909443,-0.4794858656894198,-0.5984239245759527,-0.7160772272731548,0.30700973760594064,-0.3971063292101708,-0.5985880270884489,0.6749277904897978,0.23352990386747616,-0.18453119019587125,0.598235067952944,0.8995598058657646,0.19684320922449589,-0.587827273510381,-0.6695223132281874,0.49404761233799754,-0.4379579634535782,-0.2443918057639805
-0.9329564527705781,0.5326126346168927,0.7842388581852001,-0.5881357742277586,0.9344173935745109,0.6041639111200564,-0.29660037014091095,0.47668573274456083,0.2801784546848932,0.867243112000365,1.0000000005599898,0.6205024999858636,-0.3936859319807818,-0.8084169694657465,-0.136185952141539,0.10723189049225354,-0.6831774391002114,-0.7129235855505268,-0.7666416084643084,0.5072966612584615,-0.5410536028612791,-0.5908804857970268,-0.7860922368663835,0.5706420364115625,-0.7768890834037727,-0.5809669687110688,-0.48490906250191484,0.8672695750470389,0.38429861375359187,0.8274518946989488,0.1907808153139534,-0.803562950088867,-0.8240081014001718,-0.859238562246892,0.6957457308596829,0.09638211637593873,0.3874507893330585,0.7551082374761152,0.9859661362431383,-0.8421254828708751,-0.1153468714817312,-0.8119338438169216,0.3924699998750645,0.06406036541705008,-0.3737220017976019,-0.6607105104638634,-0.6741496197751313,0.4165974228020175,0.23345284043473463,-0.5869349401216118,0.4210021731083425,-0.7383022002591306,0.7604575289481766,0.674080733120892,0.6124328708145265,-0.6504149752286671,-0.17677555692736766,0.7283551891316811,-0.10103302873972121,-0.7149896473864072,0.49987642652080067,-0.56020601097527,-0.9721387865776433,0.7040136184917288,0.8843445281379407,0.9275373939126236,0.7018531838072007,0.6844601069174784,0.5055607533857284,-0.4627018899142135,-0.7142865276403612,-0.657796031227271,0.6940039474131083,-0.2652897477689815,0.3778072937078826,-0.5684490285076507,-0.714237640843664,0.7450342220632652,-0.4005041071441736,0.6729761880159977,-0.12663649632764937,-0.46384441315925207,0.7839174069650373,0.5617869658869036,-0.7043207893472054,-0.7016439902458496,-0.6007919383572446,-0.6404589712812444,-0.759094520131769,-0.6481412254103125,0.7040231953821066,0.8690485610768869,0.2800794816275326,0.6212748116391885,0.699658631258619,0.5486236287573043,-0.5483821566064945,0.4619117512487154,-0.7476541076282753,-0.4611811373813869,0.6061841083964099,0.6780658927704775,0.5833769341434674,-0.4939087643380406,-0.6220030932398191,-0.6040759920338299,-0.767765209703584,0.6909137915348063,-0.5845780265527822,-0.6276124577275491,-0.24833140266852138,-0.7093227931981232,0.49891214021879543,-0.4203240211182909,-0.6573775298796566,0.6187295967549451,0.1981770214707752,-0.3585441611389386,0.7585894240492308,0.9119565974839733,0.5263989024156656,-0.6177725979257193,-0.6136312482785571,0.6770110006951342,-0.608818855541126,0.01783113335100398
-0.7402205661964233,0.9790482936783584,0.9718556330359434,-0.9719568103993531,0.5329462645353816,0.955679863624812,-0.5743812237679213,0.8603870368958491,-0.16668952471251267,0.43819355234164,0.6205024999858636,1.0000000004224858,-0.960065461435788,-0.8298165012996334,-0.744381561186271,-0.6922784475373545,-0.7940888675042251,-0.9384097063758644,-0.9595765857948589,0.7177183305338877,-0.9853151750793648,-0.9188584966756453,-0.9671039109724475,0.8913403866220059,-0.945472723564289,-0.8853495892464753,-0.9127783828538475,0.8328232325589162,0.7559137586396578,0.6501208914626444,0.8461010510680156,-0.9438037468579028,-0.2688261500153041,-0.77671466698789,0.913770663330606,0.8038068118665666,0.9233735860459662,0.7145455292483763,0.5569556692976884,-0.6364529050697688,0.5969153812419294,-0.8864769243374261,0.6541910027968392,0.7790461385566281,0.2800224705541638,-0.8041739562340389,0.11768079829370781,0.9266562288342991,-0.27729696860330066,-0.9697425918367565,0.84005908231477,-0.9101170485103304,0.9462859331964582,0.9945375430296715,0.980158943802426,-0.45350502768865925,-0.8181439756521389,0.9720465460606407,0.6277393902696,-0.9403968500437566,0.8766842944775891,-0.9200439297539544,-0.6124392990754668,0.8646264148356299,0.8834385441907435,0.5867024640435822,0.9494703789156006,0.767352740992369,0.8979684905909693,-0.9638317750205041,-0.9021809541882945,-0.9193711403567472,0.9706609922183046,-0.7947496638990469,0.09544685324709652,-0.9829260601130276,-0.9560583957310315,0.9737834839156885,-0.9261768680644962,0.960928987177627,-0.841726042721598,-0.963232886770721,0.7720429199088479,0.8704776779386114,-0.7768155531807776,-0.6510160364593871,-0.6754177427425704,-0.7329442446983743,-0.7822237780233131,-0.9595399043160001,0.9514836508414921,0.8531967835276658,0.5496719959550261,0.9985135430927621,0.5161349030684419,0.9728123450644474,-0.9440829041155163,0.22720092848428589,-0.9620945639279785,-0.7195494854922814,0.36723672198386487,0.8920856683696544,0.9707552469832317,-0.8745030086673157,-0.9823493167898488,-0.9658003958582572,-0.40961251820726235,0.9177391367930238,-0.6130501313378354,-0.980034898572306,-0.31407342565872226,-0.8853819109587426,0.987021083446547,-0.8392843719497394,-0.8983855021426881,0.8852012069771771,0.6479933278735217,0.3206736692435089,0.9604557813537853,0.784700164406734,0.8781447767265558,-0.9225423524119728,-0.8463903360800359,0.9889942317427806,-0.9954457030651312,0.7612039808679394
0.5241148800497206,-0.9831659479137755,-0.8774063215209664,0.9636041290597884,-0.3245529599996088,-0.9411521508512171,0.6596165695342612,-0.7899246091292964,0.36894341682871185,-0.2635412096503122,-0.3936859319807818,-0.960065461435788,0.9999999986152178,0.7453626070963134,0.8717948493763189,0.8227974473472613,0.6491763626064286,0.8905991016302278,0.8835364718748996,-0.7441530811494873,0.9804474565520322,0.913202307222123,0.8620994402490025,-0.8972304468801565,0.8673785773708123,0.8067409962016378,0.9436891847473613,-0.7152596438167957,-0.8238062783344735,-0.5396869716985118,-0.9529644082429002,0.8203706598215096,0.07603112003936166,0.6639585025506554,-0.8743134572460238,-0.8770531370650974,-0.9783092158966047,-0.6193451363138367,-0.3090381114080551,0.509556463292574,-0.7670157871176089,0.7999922362643823,-0.6886095522464166,-0.8576948526035244,-0.5121524998282347,0.7581864027612686,-0.33067939399701646,-0.9713820547068001,0.31821687640948576,0.9620263413002087,-0.8968704998612591,0.8509548236728759,-0.8757351746258625,-0.9305244365976904,-0.9293989506815885,0.3151012448857655,0.8613341333676332,-0.9095899389032251,-0.740099291201232,0.8911477284748234,-0.9014720167491208,0.9239524576262783,0.41725009547524544,-0.8217723678467008,-0.7176015232444275,-0.41849784394575296,-0.896298457505924,-0.7318473398290938,-0.9264024441153742,0.9810117385507594,0.8311921493710368,0.8950629365179059,-0.8800572475829801,0.887282247287954,0.10417650562756997,0.9416196922736915,0.9042159363748131,-0.8736544592029273,0.9794585045956834,-0.9252561436089654,0.9390704976877887,0.9520396958214662,-0.6713487476607582,-0.878816350413585,0.7339775313659647,0.5940791140486518,0.6637507805288891,0.684867303955119,0.7127315966935603,0.929014849976581,-0.9037813207934965,-0.7275247464758899,-0.6328486677217504,-0.9636879971490188,-0.44518223563118625,-0.975843906528058,0.9492634019560146,-0.1237014246618845,0.8844255170293699,0.6144615680078123,-0.31185589753958476,-0.8616549637487289,-0.9597242616846937,0.8067716227471513,0.9490310819497348,0.9319646732701155,0.16359610890596515,-0.8796449572676769,0.5998710586668342,0.9258114198139715,0.38287641946933376,0.8419746713036727,-0.9868868499058298,0.8938327445861353,0.8740260926619119,-0.8631254841709433,-0.6653618749601093,-0.5592801480338321,-0.8854423301124426,-0.6357326444063903,-0.7970276336242853,0.9123906065240819,0.8392319746433209,-0.9377976344842349,0.9671686935286896,-0.8535037137143899
0.7244501717070436,-0.8482274813316294,-0.9081942480533443,0.8960772764131953,-0.7787421696425015,-0.90453400647357,0.7849789049051961,-0.4779850006293702,0.2762297812745712,-0.7991037818721632,-0.8084169694657465,-0.8298165012996334,0.7453626070963134,0.9999999966252944,0.6566120034777567,0.2520294336071797,0.552592567649091,0.9654273864328585,0.9491400760129275,-0.9114613491905635,0.8289243705407183,0.9190614440729715,0.8699508407705454,-0.9294367237275828,0.9606848637141108,0.6191098211260988,0.8747329881427084,-0.9781172839872418,-0.85392100225922,-0.9528536471384671,-0.6621227166532936,0.835697830949691,0.6712496252181613,0.9824635922631066,-0.9703613090377426,-0.3702073591113619,-0.7928672584754166,-0.8853885577977728,-0.7088313337773567,0.919174246508967,-0.40066999923330204,0.9931292827979668,-0.7396392633325036,-0.33667070576037544,-0.20626939634404232,0.885978861423932,0.3662174762799382,-0.8087265932251183,-0.27684039544835964,0.8975078646022736,-0.8664098684182455,0.9704334860852155,-0.9609657279947292,-0.8322603962145424,-0.7736121172402503,0.5429662486134984,0.3922086991306073,-0.9337656858967291,-0.18978214636512852,0.9613942392197433,-0.882257016007335,0.9024964237727604,0.8824847233845824,-0.9718480319916527,-0.8165581543055492,-0.9078443719863779,-0.9208535104993891,-0.9766556647914052,-0.9004987592604169,0.7746485277530175,0.8883574877999061,0.9600109406864291,-0.7657763454300891,0.7332349682151991,0.1204279392975205,0.7346908096658152,0.9512190223360395,-0.8188994645065277,0.8101047717052426,-0.9391067395072477,0.5100330675090488,0.6697187108229803,-0.9082154480681428,-0.9259933206013632,0.9821575403456689,0.93984733532101,0.9337694169422982,0.8654917523697,0.9720907910064651,0.9191901745038096,-0.9501920166208698,-0.9419532981531509,-0.7545510791753438,-0.8503403640198768,-0.8942858059427866,-0.8706933959331059,0.8843821207950606,-0.36831563899066144,0.9120531352763147,0.32905093935719115,-0.8057741499289696,-0.974799035987587,-0.8756750992091196,0.514338932694578,0.8618312137645961,0.8232901874717493,0.359278258460563,-0.9669851004109352,0.9067483488336252,0.7927646002025683,0.6657691933210644,0.9812694705926623,-0.7712218466649358,0.8545516516148528,0.9594574244780478,-0.9099580589044227,-0.3621497181794072,-0.2584344948312295,-0.9363905643797444,-0.9412995050075231,-0.5221969550255937,0.9450957849057159,0.9574451720565269,-0.8838603486197699,0.8533750281707579,-0.3111139037476794
0.19043092738981882,-0.8610376349548924,-0.6510617292274493,0.8366410219304242,-0.20797264376993724,-0.8589984757923882,0.8511223111245437,-0.4306385971658747,0.7748106255449901,-0.25455160083779804,-0.136185952141539,-0.744381561186271,0.8717948493763189,0.6566120034777567,0.9999999975673342,0.7619648309428686,0.20006631120480625,0.7788891546468932,0.7145837187112846,-0.8238480821539762,0.8438495471961187,0.8788539603196934,0.5796651550469542,-0.886146562897874,0.7156811230297064,0.41612134507001464,0.9266709609414389,-0.6049915478270711,-0.9156331118487337,-0.535160155679788,-0.9742002993763853,0.5582605888511286,0.08423915580726275,0.5251178719711393,-0.8001330914005125,-0.6551233276529117,-0.8890576595256843,-0.6354021648507092,0.00337621281993186,0.5056908344139052,-0.9463333284695846,0.6690717459419916,-0.5924010997449226,-0.6333794235106689,-0.6885329706542211,0.5722094442973837,-0.3372704039932056,-0.9393015479389897,-0.0003845942475609019,0.8503631822806275,-0.9129295144310073,0.7685839877840283,-0.734755479756486,-0.7002878505911089,-0.6407697956836603,-0.0425859071477574,0.5838255729901207,-0.7465865306277417,-0.5251266480321146,0.7469815305898347,-0.9257085259449995,0.8952246588739096,0.2637375195896283,-0.7134751444076639,-0.38432543545068976,-0.29534265644707736,-0.6901965234116038,-0.7209641857308211,-0.9033227682207179,0.7926730315514307,0.7448820849843697,0.8060237170018424,-0.565714358870873,0.8504988666875372,0.570801251040112,0.6621512442987673,0.7750377353902186,-0.5935076750927161,0.9125920722773576,-0.7822495019875321,0.7923610210704343,0.6826294660419889,-0.6453634087233551,-0.8909721416748171,0.7094487124704102,0.6678667225189754,0.7555012154221239,0.7514328764075145,0.6039435238318827,0.8289132064459084,-0.78885335560687,-0.4831437188280256,-0.8719705059955485,-0.7615273421519233,-0.5433838015132944,-0.8453747278065064,0.8930236541437707,0.17332763445941166,0.7217390332858311,0.16962075299553803,-0.4783089986022447,-0.7970473492701777,-0.7896216296775029,0.4270966045373428,0.80724387213985,0.6799751067434385,-0.14844201389155492,-0.8051418732990877,0.7283862118418765,0.727627171546885,0.6903375553143151,0.7843062463218653,-0.7864896165186808,0.8709855513959605,0.7760250468570699,-0.8526910293470951,-0.6603467040640916,-0.8171691573120592,-0.6734534995510887,-0.5073448858656704,-0.44255611119876215,0.8420147511929212,0.8430578459903675,-0.7181691401788398,0.7685993689940431,-0.655665630997126
0.1592067689947063,-0.7235817055753827,-0.513198144036109,0.6453761866955913,0.12271722770831799,-0.6342529154828083,0.3264380020603044,-0.723854620404837,0.385255220729946,0.22377622768826969,0.10723189049225354,-0.6922784475373545,0.8227974473472613,0.2520294336071797,0.7619648309428686,0.9999999953152833,0.4126809960186789,0.49350896432565616,0.49460098974131395,-0.3303566813190261,0.7419331245882826,0.5892592005473851,0.5029852319868382,-0.5501241376178514,0.46672195797574245,0.580556045577625,0.6616828984668993,-0.24901267827692378,-0.49756925728822177,-0.024193731886056846,-0.853769608037519,0.5040221263671807,-0.38310577392868633,0.12441396099140532,-0.47415927588392465,-0.9216080824288067,-0.7373303139623097,-0.24191401064448423,0.1590285725381743,0.029305143592229,-0.8473777025687854,0.3321129817592422,-0.29228618013212254,-0.9163838378508102,-0.526390922781678,0.2890397379530845,-0.7578505790717206,-0.759786337685988,0.6202936181293602,0.6508627922932175,-0.5766784165891755,0.45068022256137635,-0.4796461451681099,-0.6558570684575252,-0.663178083880278,-0.12785435603126485,0.8664629067089532,-0.5467106483906908,-0.835079996768533,0.47803628647274327,-0.6130891995901212,0.6197307184126777,-0.11593234662593925,-0.3570394554630722,-0.3423070419554668,0.15543720260260194,-0.49518503346173576,-0.24738685062759558,-0.5994870222853644,0.7408954917930269,0.5211295260988102,0.4941698300786414,-0.6145679618180431,0.6297169030959491,0.1285958747218149,0.7246377073489506,0.5273639358056131,-0.5780951785923546,0.7375244364190201,-0.549367501028426,0.8965667073342476,0.787268512506154,-0.28758444305120645,-0.5338861443284373,0.24457233791680616,0.12582353712234504,0.2150775340449554,0.36012791423925566,0.19164102004010733,0.6028730635005329,-0.5325842774646774,-0.22839522387295977,-0.3488959531478809,-0.6783933988242492,0.05785996618057921,-0.6799395190686907,0.6655561926424972,0.27685263691120665,0.5452940381374033,0.5589171043222518,0.170310598312196,-0.4413825462157038,-0.6346632990875087,0.6949159356273983,0.6792575428047054,0.6152902051223307,-0.024416229886180068,-0.4857870628677022,0.1577365097267408,0.7029027338877863,0.06238709243139479,0.41943437086321944,-0.7688837623343059,0.560152034687108,0.4502598066775858,-0.5462204934812152,-0.7694205360764714,-0.601623635934242,-0.48102402278984646,-0.17345379631729446,-0.7028712439846856,0.5381240455568508,0.4394314129434193,-0.6011351745085634,0.6755058339069571,-0.9395566801098847
