1.0000000009132604,-0.9947682556969241,-0.9615173386902667,-0.9591608915152693,-0.9646342172664201,-0.43866766439640886,-0.974785024222112,-0.9555521826972809,-0.9653362517060531,-0.6240644695347872,-0.9773994254018751,0.920979377198898,-0.8747545095477178,0.9125815845064428,-0.939679006005057,-0.9416269107175983,0.965850472535286,0.8301782548006118,0.9355929443310113,0.956110173238553,0.9436335982424904,0.6809856254806149,0.8940101845541252,0.8995416243881227,0.9406586550407932,0.8889042515127142,0.9641327337194326,0.8739603876869181,0.7066081876153786,-0.7284580119553645,-0.8308297806029278,-0.8749070518509745,-0.8224119540510297,-0.9880387440786718,-0.6935859744060524,0.7666136478074411,0.3915769598263344,-0.9577590027453762,-0.376497357338756,0.9863645824222849,-0.9380714826941863,0.9287344216744526,-0.5126771127035886,0.7122927905730313,0.9566194055815878,-0.9261493175461651,0.9864842170132578,0.9044416866805263,0.7959227144564781,-0.8848187738721892,-0.9533951326106873,-0.9020981661335038,-0.9527033085877398,0.944281200939025,-0.9217002307799326,-0.9547610083673268,0.8934549824353798,0.9482072808780845,0.5222434971101475,-0.9691843151561178,0.7182161838166699,-0.8736791139319161,0.8811530462336153,0.5565032023272577,0.5776637327905473,0.8696406973445752,0.9474659216452949,-0.8916465677199271,-0.6811002261567453,0.5420955098017124,-0.8708776844549887,-0.9170335323889889,0.7937846299976119,-0.882063329639448,-0.71283110948916,0.7697951961612718,0.9148033258829384,0.9685279417738758,0.9892846760159503,-0.82469749240624,-0.9069594198419648,-0.5181318336513336,-0.8439647101177056,-0.18843904033974757,0.7886486198410855,0.8116790949036303,0.984820118829154,0.7157670571602269,0.8833414689949476,-0.8935569758588339,0.985070408446632,0.9724876343260975,0.6177754864077346,0.9342427145708226,-0.8280912511991482,-0.8469237624418042,-0.8512924072199765,0.9861716487169561,0.799730978592217,0.9429726559012667,0.9204171404302278,0.9583408583451337,-0.9661029280323785,-0.7434307901648928,-0.9410071928411918,0.8988508517678417,0.9656743023456461,-0.9471130085842616,0.8623832273569186,-0.7680328560263727,-0.9388040770377931,0.8181414309511452,-0.9632714448248861,-0.9745841981616145,0.8259023174427982,-0.927328976102114,0.9363648169249599,-0.837320331976629,-0.8508383098940456,-0.374520306266056,-0.9087903061389134,-0.9572322973977121,0.2088681313729799,0.0676616264516277,-0.983455474869242,0.43089023064992255
-0.9947682556969241,0.999999999888029,0.9809692603085147,0.9804436278735139,0.9697295695692283,0.35664571614804547,0.9729273878869622,0.9619464159940716,0.9813155192657135,0.5581120509867856,0.9682543985895996,-0.9252920478677354,0.8911133198306341,-0.9139999659670286,0.9685569461968808,0.9409229982780631,-0.9776355010384847,-0.8787845650033456,-0.9319861321040723,-0.9220970744287312,-0.9686913849978133,-0.7072464517628703,-0.8623291420786836,-0.9049004302790489,-0.9398106259649107,-0.8781722077302415,-0.9425448540255623,-0.9082890840993599,-0.6867833509551806,0.7926109338989344,0.8711280156769255,0.8224408243850518,0.8678490247182906,0.9886418473615347,0.7396115616716081,-0.7017921139006763,-0.4657112092702714,0.9782885275606374,0.3434471210084341,-0.9900440970945331,0.9601934623914927,-0.9066312382167334,0.42976642719927255,-0.7799049804378092,-0.9675916008802724,0.9392275470194091,-0.9975817458656725,-0.8608341391008253,-0.8009032180068503,0.897150405562522,0.9257221401571897,0.9032258586503364,0.9659204932918437,-0.95497578889429,0.9336591300312682,0.9341472330748575,-0.869001018589307,-0.9632021882637299,-0.4534964836873933,0.9859983665736557,-0.7707763998590188,0.9123325376651366,-0.9201974587617842,-0.4843216680026698,-0.6495921219797182,-0.8487867802978956,-0.9216575440558018,0.9006865211369126,0.7334322709042156,-0.5743345825363063,0.8565831793005787,0.9119256429660815,-0.8210039250338367,0.9023749044462723,0.7740063154257144,-0.8028559781628503,-0.942513642437856,-0.9783876075275708,-0.9963050527887573,0.8758172936099292,0.904793987616603,0.44740231115656265,0.8369963574060243,0.1540262902165077,-0.7674866997547324,-0.8398895327405693,-0.9912374313914727,-0.7363847837998818,-0.9213132469384191,0.8473191142563322,-0.9788570286956858,-0.9604317599761396,-0.6267272899384921,-0.9501485111528263,0.8092171916620491,0.8554065355964506,0.8282876215358799,-0.9959174469562252,-0.8488398994507984,-0.9705791679365392,-0.9498624397322539,-0.9274293833530172,0.9856846108229078,0.8064470383749398,0.9461965138812467,-0.8863152878591823,-0.9581075288997293,0.9468294227451767,-0.8465095885317087,0.8176694997377775,0.9681730528192666,-0.7703208118361432,0.9828346630318174,0.9494761816743069,-0.8576427203042196,0.925619985218397,-0.9566859575597826,0.880053093514292,0.8655507817056318,0.38022787545955633,0.9346215665822497,0.9453235997425002,-0.21686321261478203,-0.16307155006711999,0.9880233802696657,-0.3904580317357469
-0.9615173386902667,0.9809692603085147,1.0000000008212926,0.9861404963630063,0.970568350387429,0.1860719074780647,0.9665657687010438,0.9781449446458459,0.9989837570977219,0.45712039983242436,0.9530019399169474,-0.9437264245595378,0.8587642928016235,-0.9286752505339784,0.9942910448958133,0.9569599624718153,-0.9896479345112962,-0.9498673542054867,-0.9399647434628984,-0.8521326379083896,-0.9978750122958273,-0.8092802176810436,-0.8233741320761132,-0.9395627632599529,-0.9572236909636879,-0.898818932713539,-0.9144139572928169,-0.8910434235407312,-0.7301973612474566,0.8447375340367562,0.873905096025525,0.7345498239254312,0.9407642880480321,0.9776831413987772,0.7295350516246571,-0.5908392202764823,-0.6133867008211701,0.9990612059728017,0.40122767485677374,-0.9741171877437519,0.9877330383448643,-0.896883773357991,0.337592339055153,-0.8455078466126719,-0.9717885264095089,0.9489419439176721,-0.983809631000606,-0.7783564254341241,-0.865789165321463,0.9241787624291699,0.8366987935073118,0.9347888725023732,0.9837165948667655,-0.9753240747230265,0.9684719040506677,0.8914589430763482,-0.8467347404183194,-0.9802520548143266,-0.27251924375219766,0.9985625342366967,-0.7843289213855651,0.9634591119246577,-0.9535994235273321,-0.41138806125866567,-0.7237043546985651,-0.8423075005766839,-0.87887850613373,0.9411296971801494,0.8349521284724171,-0.6941607839703587,0.8760008097241384,0.9265432295337603,-0.9073702031335656,0.9441501096797377,0.8603978194861437,-0.8901093133313659,-0.9272274551162505,-0.9896210945019861,-0.9775260563652792,0.9414620541857769,0.9194896448535888,0.4061623264495449,0.8715988552555826,0.20007016121301388,-0.7917898128858509,-0.9165833422430778,-0.9855496733617789,-0.8236443467931567,-0.9443894344695043,0.7361836926560492,-0.9676523208926581,-0.9472136499516973,-0.6028176630990408,-0.986164200627549,0.7718534920570693,0.8259856825551368,0.8230861156145282,-0.9845574688918026,-0.9301573635233523,-0.9915396879946373,-0.9894881700077425,-0.8433308589044904,0.9977446292468386,0.8852525363867793,0.9686709075918526,-0.882766773128228,-0.9545244182178272,0.87986945858127,-0.8656800973797366,0.9040708185269748,0.9826862121834554,-0.7318201497987527,0.9964365670871677,0.9025407703623092,-0.935558222251442,0.9371153806424489,-0.9830673923579301,0.9454332176432991,0.926126427868839,0.4979537048921017,0.98347901270382,0.9387190381199702,-0.12062248501894311,-0.2743238745908569,0.9796565775830761,-0.24899996922838516
-0.9591608915152693,0.9804436278735139,0.9861404963630063,1.0000000009734669,0.97607736521338,0.1838368546481982,0.9632875663274283,0.9636437121387648,0.9832378030768727,0.49713475979235,0.9441377050615212,-0.9413111221473413,0.8448528035290108,-0.9299912622002506,0.9860011020581401,0.9333160396146554,-0.9853913083556051,-0.9356836003970036,-0.9303875657055187,-0.8524213372996245,-0.9863456996407763,-0.7658547343026032,-0.8275925275773628,-0.9166609196387826,-0.906057571732111,-0.8597178625377666,-0.8954188179344106,-0.9329130993681776,-0.6713295084809228,0.8819358614676921,0.8751079697293365,0.7059213174856891,0.9366007406924226,0.975285029319749,0.8244074462110802,-0.5538496565404104,-0.6119052849572308,0.9803575347124626,0.3269758022398075,-0.9846332449759578,0.9879343069215366,-0.8517009239528727,0.3221573494915516,-0.8563152165023235,-0.9852045955325629,0.971549151651804,-0.983018446670349,-0.747148847321457,-0.8090027105422416,0.9368493036103152,0.84888474090526,0.9042259451594882,0.9814296850010525,-0.9698290455731337,0.9486388265505529,0.9059299299474743,-0.8479607973664921,-0.98461323080287,-0.3246078959929385,0.9914757935355967,-0.7896746433886517,0.9699789339666787,-0.9788982805885948,-0.40845795312294664,-0.7830451368355745,-0.8367741595496492,-0.8828996199171469,0.9190269105494998,0.8375223026655009,-0.6616973026567098,0.8358947916478574,0.9087408438016904,-0.848979112268845,0.947110313779123,0.8217134516638954,-0.8669804524970164,-0.9708315566173222,-0.9812667091801407,-0.98889177817111,0.9423552173726044,0.9146657924074406,0.3118343252231934,0.8357381488746018,0.17530166225911484,-0.7487431336409871,-0.891058962410901,-0.9635534010362746,-0.7925322394471176,-0.9785088357915743,0.7501757005669502,-0.9429775438114445,-0.9265894222685387,-0.7094122778827631,-0.9570873611757963,0.8211678943160462,0.9003453149660808,0.8148600736212827,-0.9926707265493703,-0.9203402365547213,-0.9959673999024434,-0.9825615698765969,-0.85467179875692,0.994938526022799,0.8727038914523025,0.9473421884890284,-0.8855211974950892,-0.9356522470911902,0.9227508113838985,-0.8238601688042995,0.9018241104889011,0.9958215127494434,-0.6991475017612705,0.9789066979196023,0.8925543593574441,-0.9038286623776146,0.9301235171750694,-0.9851363799720951,0.9031597751350636,0.8886697916328988,0.4211353717174502,0.9614422525998443,0.9182694166189923,-0.1396075581006086,-0.266987859388197,0.9541177986310457,-0.3772008826243086
-0.9646342172664201,0.9697295695692283,0.970568350387429,0.97607736521338,1.00000000155005,0.2424574762702247,0.996418850432995,0.9922463992760263,0.9774662640969098,0.640906523628019,0.9870500110205893,-0.9884090868808592,0.7571715331811438,-0.984431552821487,0.9483855865739619,0.981481125470905,-0.9947121936071482,-0.8860434381675745,-0.9865690954978555,-0.9092649528654905,-0.9664209655342295,-0.8225130076800105,-0.9244358841491498,-0.9699262884733835,-0.9375195813980044,-0.9399953797037962,-0.9575165291852057,-0.8402229217399505,-0.8004458713939347,0.7761139519785686,0.7608833416792533,0.7808550171350412,0.9085323399292345,0.9930812347174994,0.72895733934722,-0.6292210092751097,-0.577325028101701,0.9598849387039348,0.5046607298011481,-0.992067593983833,0.9845544980267198,-0.9246706547136084,0.5003385243417311,-0.7393036923513713,-0.9974432980739705,0.9897305136994002,-0.9578707090303386,-0.7964546436941574,-0.8830350523356204,0.9763022930850713,0.860259577765817,0.9633285013757903,0.9952554862152131,-0.9945797481560699,0.9802557834967686,0.9647634956328542,-0.9414894364036245,-0.9950620434308327,-0.3583576753381784,0.9808162679455557,-0.6444921536273321,0.9429844318098464,-0.9362200374516974,-0.58674303292383,-0.6918871147986223,-0.9357037186205208,-0.953561340899106,0.9676863140393945,0.8273241601592707,-0.7258513066029462,0.9262816689153506,0.9744519155175361,-0.8714356970117504,0.9725578635246614,0.7267089145020761,-0.8926349824938354,-0.9090157857675197,-0.9938605550778773,-0.9799682645494472,0.8851155890186586,0.9781251068468911,0.46838550207579177,0.9241387220422028,0.3671865530133265,-0.8673860374663562,-0.9184763948353409,-0.9537304913340868,-0.8574238898942559,-0.9300265457082542,0.7959721571473327,-0.9703324296651561,-0.9752047459664154,-0.7375424991211375,-0.9696779597173301,0.9012841794908286,0.9079732725360362,0.9212902177253202,-0.9826483468958954,-0.8866782034143981,-0.9647648043723501,-0.9647251502303151,-0.8855712816736195,0.9759334771648657,0.7784791975880606,0.9849304435586154,-0.9646129090371457,-0.9833505702795311,0.8865778403149157,-0.9182815379651316,0.8781963577046675,0.953846429839688,-0.8286870776686187,0.9519129660521086,0.945287856991197,-0.9160259432761579,0.9861329751595819,-0.9879902363133554,0.8472963329770592,0.9349862882885207,0.5443581012720683,0.9605947236909156,0.9761916342282335,0.019467093777102755,-0.07827921405833381,0.9445410090819626,-0.4158020762785469
-0.43866766439640886,0.35664571614804547,0.1860719074780647,0.1838368546481982,0.2424574762702247,0.9999999999606267,0.3052206527931089,0.21183916969859168,0.20107783675273516,0.6162725407132581,0.3669753309083332,-0.16699615512872573,0.40495083507753094,-0.17671017073520165,0.1272069543602286,0.23615397317750209,-0.20600143056482928,0.12017566730397558,-0.24346307834680955,-0.6199877730338347,-0.12318440461927413,0.21801430089804033,-0.44743680679729214,-0.13026575744432287,-0.2911198767694864,-0.2446027763388183,-0.45816818151354866,-0.19213058448078432,-0.14173065725527614,-0.18965098625319987,0.17207079597886626,0.7639933018035464,-0.15013351213116893,0.32589606441988733,-0.020456109658300244,-0.8726312673006882,0.6503446876090344,0.18670141210065097,0.03185309910124413,-0.3167268318761259,0.10598109127551225,-0.42184301284880893,0.6852190498622485,0.20127982399790312,-0.20120339382141375,0.14456401958865217,-0.32473549218947917,-0.7439435176635023,-0.03718021195549099,0.07551192259229972,0.6752853675465167,0.1666638029716732,0.1696520851868831,-0.16508993782513087,0.12231343966040199,0.4477124284459494,-0.36913203760125596,-0.155306885289547,-0.936958324385934,0.20575050716752455,-0.06983098771261416,-0.05182068320463549,0.009520486336485308,-0.569098918927405,0.3904088921985109,-0.300635870075099,-0.47457076490639905,0.09578340891969606,-0.3438531348735202,0.36923560633825353,0.2511311753414114,0.22729733720003084,0.0816598295807136,0.019932638125919923,-0.1811279648033568,0.17685953480830305,-0.19675459525306666,-0.2214023243536577,-0.32565332762364224,-0.13247939317984114,0.1923015241243629,0.6137307134407708,0.15636049443547628,-0.07409728364217917,-0.2191706902316284,0.10610631690667863,-0.33856448372052406,0.1616549626281537,-0.020537163169104544,0.7760895917503576,-0.38267423749522633,-0.3852765884577684,-0.033328816086907784,-0.13693449357385956,0.308711913957201,0.19413807514603348,0.29778475553919564,-0.29483130300498656,0.1864452199898126,-0.12317687753683977,-0.053600411606379836,-0.6587391104402218,0.1949871623082947,-0.19761441480505273,0.19505042256218416,-0.2683107354400591,-0.3302086429336768,0.47538134900713364,-0.2553344738230399,-0.23623523081602776,0.1309039681116054,-0.5227952602255831,0.21994824369670019,0.531970504085602,0.09749546618749465,0.21718227482292624,-0.10849856740309523,-0.023135709706447107,0.019570726956063354,-0.2802009909283627,0.04469715827738328,0.34975100199780323,-0.4553719776038478,0.5768411444880679,0.3604009072607815,-0.5300547202158848
-0.974785024222112,0.9729273878869622,0.9665657687010438,0.9632875663274283,0.996418850432995,0.3052206527931089,1.0000000119507908,0.9929679911601095,0.9755480679296744,0.666629644054899,0.9970060609123415,-0.9843630490059667,0.7653878308828389,-0.9805571734609775,0.9378772338887224,0.9880117703541501,-0.9906391755826389,-0.8620806813961464,-0.9900517205481396,-0.9348918829118907,-0.9575857037496538,-0.8100585373548734,-0.9409401025607449,-0.9702564447584276,-0.9548934972893011,-0.9546813104814774,-0.9780549700346921,-0.8173170563226777,-0.8207076511157618,0.7309851224590115,0.7482032264474603,0.8275020448829178,0.8810534380119718,0.9966168534550653,0.679584035501436,-0.6879215162210207,-0.5237054659784947,0.9571344845629703,0.531747222224321,-0.9905809582491432,0.9722107534851152,-0.9518654941394794,0.55144578581118,-0.70083076485693,-0.9881975257581532,0.9749311281528289,-0.9582880040524423,-0.8403521776916544,-0.8904560123635622,0.9619042441366135,0.8834170757834269,0.9686786062775805,0.9886878331163023,-0.9894840493042226,0.9773792987784855,0.9747158230567552,-0.9533974359564517,-0.9854516981275094,-0.3976151163417354,0.9762843083654921,-0.6241199180171354,0.9180083461628631,-0.9074586141615739,-0.6254236550032481,-0.6306427136763756,-0.9457939157699148,-0.9692765721304234,0.9653345724030417,0.7887510040589178,-0.7032487414587753,0.9426863681869833,0.9802264769170477,-0.8682259226425351,0.9564795843068875,0.7055202007690742,-0.8732752476472379,-0.8869405020533652,-0.9921799881955711,-0.9777846225410001,0.8555258227469011,0.977776575653895,0.5365208350262134,0.9333204469952092,0.3772312773568796,-0.8858949969620814,-0.9038507936442619,-0.962299624607646,-0.8449283260216433,-0.9002971089606929,0.8287159761930777,-0.9849154574788674,-0.990312559050987,-0.6973740072151994,-0.9691084625704359,0.8954511231497606,0.8822394664394113,0.9328124369957234,-0.9793395636321938,-0.8585412078208855,-0.9505522458091478,-0.9504335590408971,-0.9089399668322994,0.9689697620896289,0.7478848809964553,0.9873742007455942,-0.9682750557229386,-0.9943057232006344,0.8844267701257635,-0.9358941494035514,0.8457192265386148,0.9370204531590031,-0.8647006390945334,0.950554634113742,0.9673730188228011,-0.9026004994038839,0.9872365233727887,-0.9756775245933772,0.8376541219163652,0.9327114803385299,0.5478672733300023,0.9514261088023774,0.9897239813302895,0.0082124583555005,-0.02867280654527331,0.9556735516483928,-0.40728113581438297
-0.9555521826972809,0.9619464159940716,0.9781449446458459,0.9636437121387648,0.9922463992760263,0.21183916969859168,0.9929679911601095,0.9999999974286697,0.9860337556937764,0.5954061784029938,0.9856092132130816,-0.9891436379460888,0.7556681478719317,-0.9822080836602137,0.9535964369847051,0.9951817896891254,-0.9950581100271751,-0.9035012546661941,-0.9899762022899566,-0.8924696744713547,-0.9743803340783955,-0.8653240424163109,-0.9111632429235805,-0.9866895770902893,-0.968858494871914,-0.9647561516546138,-0.9603903528340858,-0.8059492602609917,-0.8429295559320864,0.7577408957295186,0.7560802310209347,0.7797232999732847,0.9201059111007802,0.9881086642002019,0.6631257503594439,-0.6298154714639778,-0.6024638063883623,0.9708375872388981,0.5612853827485393,-0.9779614294689711,0.984887748469031,-0.9476686259139917,0.4923347671113239,-0.7401012223014786,-0.9852355741233552,0.9728409681872204,-0.9511501601813659,-0.7976432505700765,-0.9272889392405573,0.9691097548784968,0.8322867569991254,0.9844271345533758,0.9954638811537695,-0.9973784614982191,0.9948740000482723,0.9438221534483441,-0.9330658512477835,-0.9909181988729493,-0.29085904845047367,0.9829325273899152,-0.6393317905213258,0.9436673955418874,-0.9217065208295986,-0.5740087280770991,-0.6641447389433017,-0.9345187668941641,-0.9393400733906182,0.9849807490091376,0.8404635508361553,-0.7655542011640712,0.9516022993474808,0.9844019967166661,-0.9202517585525539,0.9740883115912992,0.762750841470087,-0.919342261780432,-0.873965451419336,-0.9966758377743005,-0.964712716802708,0.8920155614351881,0.979880860793889,0.5193926478448789,0.9495757597614026,0.3912596634377743,-0.8959835588080927,-0.9446423671751818,-0.962005604826414,-0.8896715734941382,-0.9080346242203364,0.763394658328823,-0.9795312291222258,-0.9816487618661902,-0.6628412949910971,-0.9902178855496954,0.859870086966908,0.8515773653207473,0.9221699283676232,-0.9707849045388395,-0.9034111046635164,-0.9610697921362434,-0.9717361799299074,-0.8590936116459893,0.9752101981682156,0.7964341575991947,0.9982490829551486,-0.9584386800811178,-0.990420184061693,0.842797046015966,-0.9447091045130434,0.8912277547088263,0.9434364543392768,-0.8394619316366682,0.9607848744636872,0.938999574870434,-0.9461999418945695,0.9885607731693231,-0.9869735607875688,0.8815147059565245,0.965787470952744,0.6129710093871776,0.9789901758828614,0.9838221608562401,0.05047143970588354,-0.10134749911054108,0.9545982497127803,-0.3074362957975357
-0.9653362517060531,0.9813155192657135,0.9989837570977219,0.9832378030768727,0.9774662640969098,0.20107783675273516,0.9755480679296744,0.9860337556937764,0.9999999907786046,0.4881781916817577,0.9641458672011076,-0.9550604288880022,0.8437312331227751,-0.9414634274138463,0.988633904391953,0.9688729586455823,-0.9936021568136182,-0.9410396839099494,-0.9533885906828284,-0.8666120750690128,-0.9957798605809837,-0.8214648489874247,-0.8452942263437617,-0.9521542325466025,-0.9661333960840025,-0.91721337836711,-0.929685925626233,-0.8740523588564124,-0.7579640834510739,0.8239446764880296,0.852781223490022,0.7531033795074717,0.936093503482645,0.983662430645466,0.710772845639769,-0.6096480761743664,-0.6054307080936796,0.9970938126175196,0.4380283280469632,-0.9779008080160962,0.9888116914542923,-0.9143759708798653,0.37594692459628065,-0.8226129793437642,-0.9761702716073977,0.9542530339554448,-0.9811730828966306,-0.7917928779732141,-0.8823854323799989,0.9335799420504624,0.8421238213517194,0.9487023840515184,0.9884445680081039,-0.9822380771466472,0.9767208588494669,0.9057900108685176,-0.8678119656521975,-0.984211236331561,-0.282117587585874,0.998541503613411,-0.7565361591631956,0.959257510736496,-0.9462395999590738,-0.4494441074227254,-0.7049328362646038,-0.8643029037076023,-0.8957116809650834,0.9526922595474547,0.8330908326994947,-0.7071590885206067,0.8964148484862448,0.9418649604873973,-0.9133438066155564,0.950671813118375,0.8423251633880083,-0.8961829768769977,-0.9164821354476977,-0.9943043249283524,-0.9780555996201076,0.9309619641664211,0.9341597604907095,0.4405911153683216,0.8912991434359745,0.23878177694319241,-0.8176712472416079,-0.9232748491995482,-0.9861700091373444,-0.8375864410095784,-0.935883010349127,0.7486506452883248,-0.9758495775614207,-0.9596249471846847,-0.6087311367767573,-0.9907287768303059,0.789634027548563,0.8288049154405134,0.8465668807498373,-0.9848071228878469,-0.9242793076614164,-0.9870681220419366,-0.9875626263814871,-0.8526370301064906,0.9959887484495361,0.8671504208046442,0.9783430514818838,-0.900692819209033,-0.9665875418702724,0.8750275172241921,-0.8869119469283363,0.8999687939464586,0.9760069027959206,-0.7606303657492229,0.9932485852465345,0.9160768824674679,-0.9392922204134178,0.9504056298844688,-0.9853841117259524,0.935825281049019,0.9370730909883078,0.5230672066307843,0.9850247922435122,0.9528774629455757,-0.09012695951136461,-0.23522498501444175,0.980405907295983,-0.2578255908279353
-0.6240644695347872,0.5581120509867856,0.45712039983242436,0.49713475979235,0.640906523628019,0.6162725407132581,0.666629644054899,0.5954061784029938,0.4881781916817577,0.9999999990075711,0.6978271110198986,-0.6550527325714193,0.23358328309270532,-0.6847047591014985,0.378322633383568,0.6318598268275804,-0.5645304945225615,-0.2173218612103291,-0.6895773074894253,-0.8058757200535929,-0.42668976863507635,-0.3785428915112658,-0.8712708189270858,-0.6053088023771164,-0.5237364919902144,-0.6684272629595177,-0.7451508904015415,-0.30890922590511666,-0.6556385420013854,0.10035425641228893,0.1158722992046524,0.7797091982491501,0.29858597863485004,0.6322997949446724,0.29108143668497743,-0.7272435389052251,0.044824674455964456,0.42821399280131994,0.5743419002137053,-0.6287810127688623,0.5003218904864027,-0.6889499354056435,0.9282846776018021,0.009803149621918798,-0.6109648541074421,0.6241102480530551,-0.5014876948780902,-0.7047632465781305,-0.513642870580086,0.6299835038255017,0.7036503854685051,0.6137791204972358,0.5688544642160083,-0.5896834302858018,0.555261927459303,0.8096502481129738,-0.8368279454315043,-0.5692137896438373,-0.701709282634392,0.4971004995233592,0.050539079569271346,0.37544192636251605,-0.3853026140783309,-0.9574427783872759,-0.07927301572388534,-0.810286023752338,-0.8228207266445091,0.5815376780873429,0.2562678177519452,-0.32448590662828797,0.6894432667221467,0.6860856760656537,-0.3229758925116993,0.5495034731120522,-0.057648650313104316,-0.3864888196723201,-0.43147938115532586,-0.5693532604182127,-0.5833377785281603,0.22504267489474641,0.6981501266070902,0.6560011855391036,0.6596275929168216,0.619222425107692,-0.7207002002190448,-0.4228461589039369,-0.4994520987111392,-0.46423720707902977,-0.396261397526675,0.805362702722419,-0.6180827270541687,-0.6881633184663412,-0.6763306730328337,-0.48306543918412753,0.8657794586290944,0.6869145861130515,0.8169116316172939,-0.563848176073266,-0.24790171629577118,-0.43021255218561016,-0.41766982151440546,-0.7614468634671901,0.4777021543903021,0.02105513225626803,0.595592068884128,-0.7771476643343818,-0.6744221198747931,0.5851517847503099,-0.694284553718953,0.27063163990438344,0.41740877133638565,-0.8593830998623699,0.42066531233023896,0.7590175380117978,-0.3695262893721882,0.6855108132923003,-0.5239329120609054,0.1535340607586967,0.4994285201662403,0.33164535889882113,0.42572130264275604,0.7021287054970013,0.24406303402162685,0.691910377794166,0.49546425357281026,-0.7693191136291357
-0.9773994254018751,0.9682543985895996,0.9530019399169474,0.9441377050615212,0.9870500110205893,0.3669753309083332,0.9970060609123415,0.9856092132130816,0.9641458672011076,0.6978271110198986,1.0000000052269313,-0.9746124726245501,0.7624084597910994,-0.9717652861433557,0.9178862657207627,0.9861054691091392,-0.9790301126235609,-0.8281699498372078,-0.9871801505239819,-0.9555154285805344,-0.9394291453036494,-0.7886884791677484,-0.9546521282505965,-0.9626693133311016,-0.9598658142568102,-0.9604983584874061,-0.9911852532560844,-0.7898867576123796,-0.8326222103059002,0.6811697075270253,0.7255012261209874,0.8668653991410299,0.8456511874943634,0.9930453565084595,0.633472898514378,-0.7392163760207158,-0.4652684252491231,0.9440802805733256,0.5526839829580695,-0.9832580970101711,0.9526054118429539,-0.96899417314378,0.603164231147294,-0.6541076967126244,-0.9737932340744337,0.956521688151299,-0.9503545975905033,-0.8755330766451858,-0.887162822950975,0.9436472695309258,0.9015759266966752,0.9653556855726365,0.9750603955062564,-0.9773596252757275,0.9660590154080619,0.981401344261023,-0.961978547556332,-0.9695237692553481,-0.4411286185974772,0.9631589928703562,-0.5939954115153977,0.8861517783479909,-0.8736047843012421,-0.6658669018050382,-0.5690083103720318,-0.9520328399359648,-0.9808929776734583,0.9550471696153042,0.7446638474712033,-0.6743269276707894,0.9505826751807201,0.9790736078794466,-0.852289506558426,0.9348368950718429,0.6706459809390747,-0.8458295435713905,-0.8612922017301387,-0.9825514350862657,-0.9692998878289412,0.8176504559925962,0.9721020471523611,0.5945753577661432,0.9346017105583062,0.38917849718910735,-0.897099175038655,-0.8806233971119143,-0.9604073515201348,-0.8251059249751665,-0.8663852247415266,0.8583837214293379,-0.9899900009162943,-0.9972382605393579,-0.6667452963355786,-0.9582067905262762,0.8923159245068256,0.8596564281891764,0.9405405023720568,-0.9692889484950371,-0.8217347972620871,-0.9286369758230202,-0.927599813940376,-0.927816950758741,0.9536817831625578,0.7066534385074728,0.9812892323488112,-0.9682028540314067,-0.9972825093419155,0.8794190844350058,-0.9449891690217869,0.8060711999075946,0.9132533420377746,-0.8950524692890943,0.9387980336202013,0.982828464102332,-0.8791770214351137,0.9823497164672754,-0.9565630663473135,0.8143492001171192,0.9207648553069177,0.5428651803984625,0.9324850131609956,0.9955054450011467,0.0012834030600070432,0.02915845636495668,0.9559348592670737,-0.41313380364033386
0.920979377198898,-0.9252920478677354,-0.9437264245595378,-0.9413111221473413,-0.9884090868808592,-0.16699615512872573,-0.9843630490059667,-0.9891436379460888,-0.9550604288880022,-0.6550527325714193,-0.9746124726245501,1.0000000004461378,-0.6623691605228269,0.9989125110382682,-0.9141978189888937,-0.9884346803980621,0.9795250558704682,0.8727431088702164,0.9959162148195173,0.8758503533848706,0.9436929523257495,0.8871012187248369,0.9337917448805434,0.991618598651844,0.931413985725714,0.9669703481094879,0.9475487308502225,0.7598541389537711,0.8701927589970839,-0.7307821350362776,-0.6743518082020498,-0.7453610275506667,-0.9103958452595545,-0.9694199873287592,-0.6643389737743303,0.5826038648677782,0.6300882609902959,-0.9305699973580013,-0.617035017784174,0.9617318022579142,-0.9723526081524069,0.9282087961355286,-0.5335630809966786,0.691513185045004,0.9825220189716656,-0.9836125225282101,0.9083372347856735,0.7481408471921441,0.9312757299477591,-0.9917423766191871,-0.7919747323106409,-0.9853373522568848,-0.9865910948495827,0.9933419647693094,-0.9895138793529861,-0.9501833943417096,0.9579419141864771,0.9852071682259722,0.2689700240085583,-0.9539729897641397,0.5501007225623676,-0.9333861741484216,0.9103464651999013,0.631665184125516,0.6750175537022177,0.9637821155403161,0.9442644587473852,-0.990357995873985,-0.8605582180548437,0.8103482714882028,-0.9586860894287595,-0.9922353606748059,0.9021293019409464,-0.9868872729473466,-0.6955191231365571,0.9318407292777224,0.8465679257400414,0.9793900253621012,0.9387099444837016,-0.8668990685792244,-0.9969732627315765,-0.5055670008633834,-0.9654088096662026,-0.4939764789549752,0.9205340288142846,0.9511831647430603,0.9142699766605084,0.9193278280727053,0.896306775012912,-0.7368023835311479,0.9485974500911902,0.9654773142445093,0.7397375951094548,0.9669367963545241,-0.9108448435996331,-0.8839488492430354,-0.9544692602394904,0.9445375858757373,0.8898378763737863,0.9334438557058772,0.9504635301376788,0.8309781039352289,-0.9447841068035144,-0.7466870963731833,-0.9898547962112043,0.9834892043693643,0.9790145081323549,-0.8085498528392322,0.9528209825433529,-0.8920350654889403,-0.9141892617630315,0.8533309082829404,-0.9148390421817627,-0.9204388056421924,0.9393511325041207,-0.9980050884954683,0.9790392518465966,-0.8226142195645233,-0.9664365955558446,-0.6591511659398575,-0.959236822729465,-0.9759820502906802,-0.16776426935684685,0.030250587621308323,-0.9031883720991606,0.36599121281668395
-0.8747545095477178,0.8911133198306341,0.8587642928016235,0.8448528035290108,0.7571715331811438,0.40495083507753094,0.7653878308828389,0.7556681478719317,0.8437312331227751,0.23358328309270532,0.7624084597910994,-0.6623691605228269,1.0000000013197068,-0.6359887863499661,0.8757173870560845,0.7133733730110015,-0.7966308659853635,-0.7761913301495824,-0.6752039967467635,-0.7498973959809829,-0.8401806713612814,-0.4210363438815889,-0.5690817353713454,-0.6468345336849645,-0.793243540015513,-0.614563508642218,-0.7352366902280375,-0.9082037413073768,-0.356347305843727,0.7557076017650858,0.9662908088419195,0.7019085365356482,0.7022968893151065,0.8149868529110579,0.6702038098539135,-0.6438701393398449,-0.274703994178712,0.8728493945139587,-0.026092309635438533,-0.8217309838850945,0.7803504965744787,-0.7039385651864711,0.13876355352780234,-0.7966025434240814,-0.7615432025758587,0.702095422338833,-0.9126997367205065,-0.785004710220433,-0.5355142857826888,0.6171042957703231,0.851652225130504,0.6506467542215614,0.7664231814727591,-0.7367301757558067,0.7105675648125451,0.695709891350531,-0.5650574396961237,-0.760563794368124,-0.4574049181846062,0.8494352485754968,-0.9248141823990952,0.7473807609954785,-0.777063504683629,-0.1377236021002386,-0.5374718929560982,-0.5279671514228086,-0.6788748708989589,0.6439373672976281,0.5028196773611694,-0.25113769326343327,0.578687853980035,0.6441273081042853,-0.6345159385857599,0.6483059105519731,0.8048510025988415,-0.5500809652705018,-0.8672843508046569,-0.7986008667331232,-0.8632653728662005,0.7703576943840414,0.620123056702259,0.2694520806696129,0.5391337565927881,-0.28609371637239595,-0.4435571240944511,-0.5955649459756884,-0.9018270562053342,-0.4263184783590847,-0.7881888582144396,0.7396404588266442,-0.8259235824101713,-0.7617556495746326,-0.3156760057781575,-0.7785454520295979,0.4785822979567709,0.6143599478184381,0.4981039823926823,-0.8612128584963994,-0.6967860128355686,-0.848187995958211,-0.7983508737614445,-0.8075412538621023,0.859737740267142,0.7950108226141898,0.7273994605516524,-0.5826287224361486,-0.7461004359098222,0.8861904074511222,-0.5651075214211977,0.6298476628559799,0.8618188616836883,-0.4870829172173899,0.8975460572602217,0.7693900186589576,-0.6513840958004795,0.6611151669757483,-0.7626908091527259,0.8464871115179116,0.6196548405631457,0.04452459788614654,0.764421493116542,0.7207415431477736,-0.606037198498112,-0.39770523756837095,0.9082576080464406,-0.21029601845656434
0.9125815845064428,-0.9139999659670286,-0.9286752505339784,-0.9299912622002506,-0.984431552821487,-0.17671017073520165,-0.9805571734609775,-0.9822080836602137,-0.9414634274138463,-0.6847047591014985,-0.9717652861433557,0.9989125110382682,-0.6359887863499661,1.0000000008293393,-0.8961653322224024,-0.9835939313859136,0.9708704127055626,0.8515519186254775,0.9952934993095307,0.8785591287748068,0.9282188208458892,0.880990939215066,0.9444975832701908,0.9878622401491227,0.9185604090673491,0.9656741453878936,0.9468118108874117,0.7422262654273211,0.8756136242209206,-0.7098530970143635,-0.645486529599058,-0.7473809261826373,-0.8949961374932315,-0.96292383923135,-0.6572853379567428,0.584742374603222,0.6165683827149199,-0.9137517849930242,-0.6315156945095999,0.9557648120663849,-0.9621049317397163,0.9247370432862304,-0.5605034669956804,0.6636784422877503,0.9778201889498488,-0.9818256592905563,0.894316189935276,0.744592464631171,0.9256352406149262,-0.9921192164688802,-0.7888903230065845,-0.981322499927538,-0.9791215896297585,0.987332569850905,-0.9821131996821082,-0.9552340670623678,0.9671570698756722,0.9783666307426481,0.2832487225762379,-0.9410985604185924,0.5171545544666419,-0.920058783374362,0.8978006448292482,0.6600327561340972,0.6617409996117527,0.9726772518030677,0.9496896814160987,-0.9858534424560804,-0.8504109671061867,0.8085461907280841,-0.9592671014252658,-0.991930490863638,0.8862973810184204,-0.9826699579385857,-0.6624252069500755,0.9231206105173397,0.834483929180774,0.9705936019997584,0.9299226700016103,-0.8471780492700562,-0.998673378187038,-0.5132891952173078,-0.9663252052577679,-0.521989185237479,0.9264712699675866,0.9421751353345735,0.8991140711917106,0.91690799897012,0.8844700712884952,-0.7414082010151989,0.9399039897404688,0.9615774991397465,0.7585034755268075,0.9542407086758057,-0.9271541383957477,-0.8910779043103306,-0.9644107174377198,0.9348401756963725,0.8724416725563192,0.9189340443666631,0.9362014648180773,0.83117644944813,-0.9311834354782116,-0.7182774981151255,-0.983356340415987,0.9898797140305611,0.9751227480744662,-0.8018222613039883,0.9539236632469693,-0.8780363141096709,-0.8994356577781005,0.8641642060096478,-0.8971310410592837,-0.9198895515211395,0.92627388705509,-0.9978193456889161,0.9703116346526672,-0.7953040671809667,-0.958724443082825,-0.6619259411870674,-0.9453083640652721,-0.9738309491225449,-0.19357510650208837,-0.008719421079831329,-0.8875133522538805,0.3948341017945458
-0.939679006005057,0.9685569461968808,0.9942910448958133,0.9860011020581401,0.9483855865739619,0.1272069543602286,0.9378772338887224,0.9535964369847051,0.988633904391953,0.378322633383568,0.9178862657207627,-0.9141978189888937,0.8757173870560845,-0.8961653322224024,1.000000002121233,0.9230400298839393,-0.9738562240272733,-0.9686529263669887,-0.903633081474889,-0.8039013589012761,-0.9962528233028706,-0.7865513480243127,-0.7650976020375362,-0.907288754442969,-0.9262457240731312,-0.8506601729155561,-0.8678236261910709,-0.9211709052075815,-0.6649600288793178,0.8930452303378161,0.9106131210766173,0.672504639018954,0.952539248130551,0.9545612340977088,0.7726280574679968,-0.5250040452224479,-0.6465259477353074,0.9949801755945434,0.32033981004261824,-0.9564922585577412,0.9808481469837682,-0.8452627178227275,0.23894194802235558,-0.8968461680559006,-0.9563430519857068,0.9337709433425544,-0.9783347832297496,-0.7270503712166677,-0.8260774604492126,0.9020636220298073,0.8060832591087091,0.8983633195954303,0.9674912937644397,-0.9546023043296068,0.9453859777436875,0.849104578878179,-0.7921363496970663,-0.9663921337092037,-0.2294902530758226,0.9906818473551825,-0.8378601654128335,0.9721343023786179,-0.9686553131921919,-0.31719427891528756,-0.7750253326737593,-0.7873560202529644,-0.83008540419188,0.9119547012227633,0.8469976359090539,-0.6748464592977864,0.8235313952477865,0.886335742823653,-0.8924143369146122,0.9288300694556959,0.8983944785514326,-0.8797303917843421,-0.9445574558619209,-0.9716733336660875,-0.9663176433787505,0.9649048314918361,0.8823673793241488,0.3126804330500974,0.8234833205799824,0.12154475713441579,-0.7290615247794978,-0.9027861973800035,-0.9717990352371234,-0.7964755994067926,-0.9614811704703373,0.6887162105645916,-0.937128623710857,-0.9083206186646866,-0.5951269586915527,-0.9695864822462125,0.728637986485114,0.8177972827844989,0.7650662203404986,-0.9745717713986176,-0.9450833979330788,-0.9957125786549994,-0.9897487630223131,-0.8052178269138095,0.9939497447142803,0.9252783868848025,0.940572784218972,-0.8374169548963767,-0.9179655944016798,0.8774633650194777,-0.8113461941643046,0.9172672265483639,0.9916691119590805,-0.6553933697660134,0.993986778049124,0.8579818789598268,-0.9271355924816971,0.9019470874453255,-0.9737122947571389,0.9614399921126295,0.8994424810506926,0.4492183928447241,0.9760370210999677,0.8972865842566782,-0.17089257460231222,-0.36903114990202157,0.964834812667771,-0.22345053177807936
-0.9416269107175983,0.9409229982780631,0.9569599624718153,0.9333160396146554,0.981481125470905,0.23615397317750209,0.9880117703541501,0.9951817896891254,0.9688729586455823,0.6318598268275804,0.9861054691091392,-0.9884346803980621,0.7133733730110015,-0.9835939313859136,0.9230400298839393,1.000000000479441,-0.9807744174528257,-0.8692740524606994,-0.9947434324173993,-0.8995228237834222,-0.9507274608787263,-0.8776234623555775,-0.9308296180604639,-0.992763818586234,-0.9745590484684522,-0.9857498267744375,-0.9714262907743938,-0.7467843159879815,-0.8884782736123387,0.6933473712770074,0.6989897062023579,0.8032608649796933,0.8911430212940266,0.9774478040313129,0.5924456778783268,-0.659099646593486,-0.5737610077266004,0.9490729773494367,0.6334617393254971,-0.960641721775231,0.964433550501373,-0.9687495988344336,0.5567428461380765,-0.6778071356737472,-0.9681936077594139,0.9558310011647383,-0.9248145293582264,-0.811707585438591,-0.9494431399091899,0.9619551789988482,0.8211979659499364,0.9946930292380335,0.9821835332524268,-0.9888424969203005,0.9919485885462027,0.9463017801071748,-0.9512507035568419,-0.9748681664231501,-0.29155906438406637,0.9620687221872859,-0.5714497034094388,0.9128101606751693,-0.8814238869262667,-0.6332563085983575,-0.6008426588812183,-0.9558063824004402,-0.9488695339352632,0.9889741886042435,0.8170546882245975,-0.7792367632075794,0.9769063355210837,0.994611385449048,-0.9229090220869189,0.9634648928718589,0.7195953423992754,-0.9146127362832276,-0.8246034088211437,-0.9846084082363098,-0.9414094457610046,0.851677632001962,0.9861747416344996,0.5926630465916293,0.9726294821969336,0.46026148727995736,-0.9334343427114787,-0.9410433390870533,-0.9460817026642135,-0.9021068092060446,-0.8640389152231148,0.7667627185057755,-0.9780265294923629,-0.9871407035945484,-0.6360085205961696,-0.9824679043392143,0.8632145296401937,0.8216066250201204,0.9471026254764209,-0.9474981739466138,-0.8737547412742583,-0.9298442822903327,-0.947441868633683,-0.8548510627418663,0.9503443321773107,0.7468519339309028,0.9982750526578178,-0.9697506709282286,-0.9946556945178368,0.8055238907251537,-0.9720743176694803,0.8635383594645176,0.9066092627450897,-0.8816339426195335,0.9367239581696529,0.9453741730768214,-0.9383458742724651,0.992542645484083,-0.968397601431371,0.8523855396888089,0.9723108653740479,0.6624194770187949,0.9642766403285493,0.9924892333269186,0.11040097450947728,-0.026914149471478684,0.9398548897224304,-0.28981151418657636
