0.9999999997194016,-0.9629956590979938,-0.9918507003740223,-0.9181191647970448,-0.9217185851641928,-0.7783671321609001,0.7237104417662574,-0.9457546551956488,-0.9829368436867763,-0.9584007547805592,-0.8126897757037349,0.8019925646447363,-0.36765080539286515,-0.9326922061882887,0.8922277664214752,0.7300291746736465,0.6640402553060234,0.9353174429503874,-0.23235049961472928,0.8880937678745253,0.6570670210059529,-0.18711163005485068,0.982826657941125,-0.05034109882231749,-0.978476391196788,0.8841638466140207,0.9562535867772944,0.9844505472960886,0.9830706884478096,0.4298961630215079,-0.3659805104171367,0.7177416579764488,0.9668373453069429,-0.9764520410752652,-0.8758993765869443,0.9707100189716146,-0.9219439592971691,0.2982882444797835,-0.8384717397633558,-0.9543521349849255,0.6131037700700535,-0.9319680362006474,-0.9887013092547163,0.633391841008952,-0.650819095839911,-0.9571741945701507,0.7729773733356959,-0.06511888542546974,0.14684351855236175,0.7330456982840002,0.5031480504802078,0.8842164636585129,0.759785031784666,-0.8739707708128998,-0.9835302193370848,0.17843918791246882,0.9707060992189618,0.9962798622531257,-0.8175296223622482,0.9023624320121001,-0.9672680353170717,-0.8504589943594213,-0.9050188369530616,-0.9056182573734178,-0.9363577221272769,0.24592195413374426,-0.9425250678815172,0.890568955180668,0.7057919219762274,0.8443433117434176,0.9691814261110772,0.7180782873824981,0.9436452599084123,0.2226478872587399,-0.723480242058042,-0.6728562218025617,0.06969206546164562,-0.5218349311120071,0.9133581269427837,0.9659637005240361,-0.9216168761335755,0.9729989707311187,0.8745783053909488,0.9736534113649006,-0.9758009549993799,-0.8255149181520366,-0.9806171932400084,-0.9830380384867019,-0.9877327301314863,-0.68717833274908,-0.7249827254949525,0.9153326279954012,0.8623883807356062,-0.9231278175698969,0.8834037525888017,0.7956529066251339,0.901251295068079,0.5891402189174665,0.5671721472776026,0.023465303815593273,-0.7213489514066836,0.34500593953307945,0.36332075365771715,-0.954075718586388,0.9522803092591625,0.9517342714911387,-0.9526661065393234,-0.29601505242612314,-0.9475320941444668,-0.698889474840294,0.9816022085513735,-0.6949040798045681,0.981440227177211,-0.9066569040365486,-0.8512089972343467,-0.23411539200316034,0.7662503614427632,0.9619415629022918,-0.009030496491280468,0.33434427702976416,-0.3252643648612095,-0.2591079349790573,-0.5746580575774958,-0.9335628767247698,0.785484299791292,0.9354570560175113
-0.9629956590979938,0.9999999992781138,0.9530555850854767,0.7843140933250646,0.9078254716172822,0.8970628548367877,-0.5578716117749036,0.833660041937361,0.9074532993429594,0.8519842869091014,0.8348308174715878,-0.7669052346003049,0.1287925733356993,0.9754827810143744,-0.8168211706273557,-0.7556140850912737,-0.5443578678081974,-0.9555914921175569,-0.03776020471371046,-0.8499859124412932,-0.5410018719288459,0.14201273285608498,-0.8981746976678934,-0.1662183962241458,0.8882319716742638,-0.7442966330106799,-0.8494415229416535,-0.975073997635522,-0.9759984497372379,-0.6543482205646678,0.12949133714788347,-0.7030358491654433,-0.9211931408037304,0.9037449403193512,0.8459758706392418,-0.8832305139282421,0.817809194266987,-0.0562615532035637,0.6872426333302235,0.9029930540496064,-0.5091721788828518,0.8096556645178452,0.9139503309279152,-0.6042158484977209,0.6036908357479654,0.8936791979662299,-0.7619606692427562,-0.14562140541856836,0.11525702239732763,-0.6196577630225365,-0.315121188401922,-0.753343145683853,-0.5658584453848837,0.8183241400182858,0.9376363897108958,0.08698233489089041,-0.8899947567051808,-0.9475075908722996,0.7422866518021678,-0.9612741724146325,0.9813460491181198,0.7013315791777621,0.8351391678855107,0.849590720165123,0.8386799121423774,-0.02703609234147846,0.9583833978912003,-0.9627346328323884,-0.7482903680480165,-0.8806653623954506,-0.8758024869115477,-0.7932489467864305,-0.8314902318338262,0.02967138061520329,0.6599228329433124,0.7036895820429724,0.14814369263345145,0.2739344429233834,-0.8564858590260271,-0.8648375510611606,0.8248176199117232,-0.9055588306222363,-0.7366935963218872,-0.8843207033492958,0.9243038648244072,0.6472074668091028,0.9069678502269675,0.9013290898816756,0.9182820840342458,0.589833310591372,0.6936163964232676,-0.8228075104253421,-0.7556930791868226,0.8262526055754881,-0.87650062343277,-0.7128599550429461,-0.9004422477129012,-0.4784952748463482,-0.32983261758601,-0.1826629439229651,0.7963641190313491,-0.08124448808472194,-0.16701877851747163,0.8588420041059218,-0.8375493638804496,-0.9415366546834961,0.9044280768477821,0.4962847326912949,0.9231054367775495,0.5130488920215871,-0.9244212841915433,0.6858168327562569,-0.9038960978725105,0.9788733500273689,0.6958987141826393,0.040983302852431874,-0.6543351168338315,-0.8787146613595122,-0.15725765317731943,-0.22371203766458,0.16008544417158266,-0.0047583349143820106,0.3867410389439616,0.8324806188669128,-0.620109404225538,-0.8239031282552838
-0.9918507003740223,0.9530555850854767,0.999999999019563,0.9180910815060357,0.9604162344564333,0.7750517219515282,-0.6635820784828813,0.9225134008723233,0.9635334100771205,0.9471834239360923,0.7433038241320753,-0.7654913945737625,0.3217122898256878,0.9061081140909092,-0.8335195464228348,-0.8057210408640546,-0.58078816222182,-0.934426626563569,0.24651907213965485,-0.8939173501262198,-0.5951379773282505,0.0632547054594249,-0.9817616458290256,0.004715031461195391,0.9726072031790799,-0.8527375251574099,-0.9604301486857523,-0.9619921660537383,-0.9627892910818147,-0.4257812976105567,0.3364685929018121,-0.6315353573600178,-0.9741265602828773,0.9532276827979488,0.9036244267801601,-0.972580806263061,0.8807360022701617,-0.26924765457591454,0.8193615207642715,0.9842538912925755,-0.6215112102763449,0.9072385646559527,0.9819859738705674,-0.5316506029287948,0.7420936996835159,0.9845309672507904,-0.8297493433286295,-0.009522898684534663,-0.1277383436544792,-0.65352891265774,-0.4400621848756833,-0.8449204020437904,-0.7345891130835617,0.8699436475584327,0.9560987948447414,-0.19751367706592543,-0.9489720085900342,-0.9954351004562799,0.7491098329976735,-0.8864656378522192,0.9366783651500985,0.8222577439413609,0.8474312039245169,0.8736636897529816,0.8991872818903612,-0.17743538076824122,0.9404407763842698,-0.9095228394118519,-0.6433030151755117,-0.7814821675791951,-0.9744456077051212,-0.6517400861570162,-0.9264187833898111,-0.2717135795023429,0.6430824697292745,0.643312315447342,-0.14155312647789245,0.5261270013352564,-0.9292277888075362,-0.9527220358157432,0.9291564944642982,-0.9912248778593378,-0.8871925143428918,-0.9712238415271682,0.9548467133170154,0.8271466302393402,0.9566136536126465,0.9695095672090119,0.970607076561905,0.7423226162895578,0.6624492070719296,-0.8682273987387085,-0.8069435997757284,0.9237888939521844,-0.905149400148429,-0.7346063463666838,-0.8578120884092048,-0.648697344447424,-0.5658723330536984,-0.12091984138416025,0.7795750379918719,-0.33457859886043234,-0.3049098641132175,0.9665363132877226,-0.9436198220420554,-0.9072058035977811,0.9150724866194687,0.24401783713809833,0.9457372409729565,0.6992593209908431,-0.9627714188730018,0.7713979789669126,-0.9882449417396767,0.8903039803966906,0.8701586399769933,0.32401573860213495,-0.7606255562454479,-0.950370360887985,-0.07315849199898086,-0.43815040338053274,0.2358600804683998,0.2723496854723128,0.5420996626477569,0.8953522165450328,-0.8251219025501002,-0.9404498884192821
-0.9181191647970448,0.7843140933250646,0.9180910815060357,0.9999999998308353,0.8184971472378851,0.5551524334371591,-0.8413929510675033,0.978098576330871,0.9450978568304659,0.962054606053778,0.6930668928619773,-0.8098834442570797,0.6163386914884679,0.7691068652649855,-0.8744813307920669,-0.6264784781843694,-0.742303120028088,-0.747260856388779,0.5755808677925809,-0.7652260588136826,-0.778709292477753,0.19643737291896174,-0.9712312708043915,0.2658944586272067,0.9794052423578679,-0.9351386104690524,-0.9920409342723092,-0.8496984186888216,-0.843136578033066,-0.04818825791558393,0.6792142764132839,-0.6602021179865094,-0.9359639387341071,0.9568511029745054,0.8646682135780118,-0.9467453151506461,0.9408124301349874,-0.5371315962088448,0.8913803150445823,0.9083087311922639,-0.5789271996532448,0.975764359171769,0.9535763551926948,-0.5429847132125553,0.6582980944620729,0.9273976093055223,-0.7559685936187766,0.3284277257604487,-0.45607484047059554,-0.7629312558024002,-0.6337295031622969,-0.9231230899201118,-0.9056229514689387,0.7700330102547931,0.8987231476675931,-0.49761326147087137,-0.9312848008799278,-0.9262129776948964,0.7617935968476698,-0.7350323313767628,0.8071566695891412,0.9055349531169468,0.8683874266101573,0.8054913020736207,0.9254473982270142,-0.48112972127166537,0.8344582003865092,-0.6873687966398269,-0.6065253693562643,-0.6385817482198656,-0.9834922445542307,-0.5535779961786338,-0.9504953430808216,-0.5668034080809075,0.6492968903177612,0.628529875488007,-0.41852334328047736,0.78158141506389,-0.8282020857059231,-0.984121033452056,0.8962004363542034,-0.9415652364717216,-0.9181050250408602,-0.9534472018251862,0.8883593292260621,0.944443361240846,0.9422930588599889,0.9561562016107819,0.9570243360028184,0.6791129939846168,0.584367601461834,-0.8962743100891476,-0.8604363799630433,0.9766734862663176,-0.7302409910836227,-0.7382434211032931,-0.7304136105568163,-0.6048900953753054,-0.7923616482350982,0.16833632067558357,0.5082915346212538,-0.6584390571237682,-0.6254397101569958,0.9447277803749744,-0.9927917979333118,-0.8193883519425152,0.9089599312327835,-0.08881221347698033,0.814401422267788,0.8076119519947893,-0.9470383093167127,0.5974524166297891,-0.9556405536111894,0.7054985914268973,0.9330231591483679,0.4768012623138707,-0.7412042387546206,-0.9193364110238968,0.26519563830762566,-0.430442348231496,0.515920285229819,0.5628198822773096,0.683298904326276,0.9456203196234387,-0.9023793131742311,-0.9414355284324557
-0.9217185851641928,0.9078254716172822,0.9604162344564333,0.8184971472378851,0.9999999993803522,0.750217133290356,-0.4581964139664682,0.7925848668566795,0.8642645046087556,0.8577140044720835,0.5606854841904267,-0.5973834341572976,0.14510692034808245,0.8157766250107213,-0.6496952000242475,-0.924602977487598,-0.3348053610938791,-0.9287680127349355,0.16575881053041255,-0.8979183926314221,-0.36166365700907765,-0.20040161230001194,-0.9078466274310268,-0.11875454337837367,0.8837085957655533,-0.7176205285966161,-0.8808610330419546,-0.8847254230186001,-0.8925504830108775,-0.4941849839478739,0.14709150005762414,-0.404707703204158,-0.9097422970182604,0.8321366727314701,0.8706454823443461,-0.9169774412282456,0.7210835921633064,-0.14628891780710096,0.721740172550291,0.9832180413820003,-0.6448476577494039,0.7741292134921547,0.906148944893006,-0.3158264640603617,0.869618061492658,0.9736187863229167,-0.8639785413645578,-0.23333339050106494,-0.00803342277235632,-0.43673020713708216,-0.26240961085560194,-0.696403641516697,-0.5946812881194709,0.8524376360229837,0.8552898188045557,-0.148521014261171,-0.8507809407690873,-0.9398863367587877,0.5818995539561791,-0.8154029452639086,0.8483986758436511,0.7011540184183713,0.6743110588824676,0.790921138864515,0.7633228142345829,0.03271278056206805,0.8770514667869242,-0.9305040425346935,-0.4625183445070812,-0.6609677342466355,-0.9025060353062646,-0.48772752587661633,-0.8275673492341524,-0.253837600649602,0.4693705943396459,0.5039745820958873,-0.1675248862839058,0.4317609415756835,-0.935507329666563,-0.8444353731394313,0.8987396338221048,-0.9626524427935235,-0.849728136169257,-0.9046719556401931,0.8739460581917696,0.7442582198551748,0.8472413972891998,0.878539076744345,0.8667023517416552,0.8310388041328673,0.5535970990995464,-0.7170168576017187,-0.6418332628541942,0.8225718510541259,-0.9456393415085858,-0.5915829256257886,-0.7681934293167686,-0.7509656959392029,-0.47186882686704207,-0.3612435940309952,0.9107928527791599,-0.20452772889718124,-0.0671735349923616,0.9296810002769879,-0.8391624666852339,-0.786868363295171,0.7692700843672114,0.24703748655392255,0.9247574703946014,0.6425660462354885,-0.8513609535789333,0.9135174567206001,-0.9367753155652553,0.8336675839650949,0.8324859066083197,0.4262429324114057,-0.7324191712796431,-0.8784525330555542,-0.327352356005875,-0.6100447520272249,-0.029849704653733405,0.21038776376978788,0.43438609853592985,0.7434075830516983,-0.8207719883168194,-0.8895040213572332
-0.7783671321609001,0.8970628548367877,0.7750517219515282,0.5551524334371591,0.750217133290356,0.999999999268955,-0.2598582721879605,0.5912339823988486,0.6632507343966523,0.5687477173694273,0.7909580602110683,-0.7653374687880055,-0.23074126744311216,0.9281536058736605,-0.6112356417735729,-0.7234945782647279,-0.3423472470235678,-0.7580193744564839,-0.3453848924803889,-0.5510455009367375,-0.44516356501876814,0.028382046778379195,-0.6715584000085817,-0.5549116447072469,0.6668351622505145,-0.42247917137313373,-0.6328345980016794,-0.7859848143083381,-0.7842114823300362,-0.7856959602313028,-0.0803434311253607,-0.6358631004226203,-0.8069276086820287,0.7110541387471897,0.82240155937771,-0.6153504998446713,0.5776336397468577,0.35119049914742845,0.3145349196816084,0.7259250436484941,-0.09807984828069043,0.5492504764944144,0.6773385070513154,-0.3955705307085611,0.5072550664921397,0.7041178036158732,-0.7823705625340678,-0.39730983331194103,0.472269386734955,-0.3453923991557838,0.07644660951408425,-0.44280768844369983,-0.21492040134525933,0.4896040497304254,0.7113124641388063,0.4376414733196375,-0.619602903157554,-0.7392909804426707,0.44387101947816077,-0.9649848796041028,0.8304981397017684,0.34537115713448824,0.6118461501350202,0.5373810249310766,0.5601330171744118,0.2948253353068896,0.9215682162898435,-0.9329311335630655,-0.8156623864847528,-0.7069241618679601,-0.6679810259816877,-0.8515000158788325,-0.5308713886789558,0.27038092742213166,0.3565595843518482,0.8347403287691044,0.26441167838629426,-0.08428542979819265,-0.5666664950215519,-0.6368066689465381,0.5075428920222556,-0.7001872488274871,-0.3971815585923463,-0.6184252862587875,0.6670163312841487,0.3050525891869973,0.6696425924327619,0.6550385574042098,0.7147808122402285,0.2660358399177153,0.3710672215422082,-0.5458702636348186,-0.4527043194067469,0.6853174150112755,-0.6339755219097878,-0.37544987533358387,-0.6577556624843447,-0.13820584542215095,0.05439511401382734,-0.3918848469484699,0.7245340394561618,0.24575036790145455,-0.012287026716705611,0.587474997695632,-0.6008607685201212,-0.7535826943162051,0.7570391444577694,0.5111002231761278,0.6672013394344967,0.0992403288231229,-0.7617696139499359,0.5206592850234567,-0.6731224636373966,0.9624509139334737,0.36578232412689177,-0.1892803510611036,-0.2558867771774424,-0.5879145282812057,-0.25052387521430847,-0.016572422386915735,-0.026436373967113583,-0.3705398896520034,-0.0480307512787526,0.5907983472933729,-0.3135125185857401,-0.5186435437293438
0.7237104417662574,-0.5578716117749036,-0.6635820784828813,-0.8413929510675033,-0.4581964139664682,-0.2598582721879605,1.0000000001504346,-0.897096982573804,-0.8303863124135016,-0.8473456632245828,-0.713302366731219,0.708543297061178,-0.8732381461152645,-0.5903156858462122,0.9180065027586133,0.12876631827672821,0.9559431653826588,0.5371129124343678,-0.6381354256987292,0.5986762821775412,0.8726768805651162,-0.653924127301273,0.7838352689881994,-0.6249966952661935,-0.8104347491796658,0.9413457826237404,0.7947277355204595,0.7082235041868754,0.6945253495113095,-0.17399618872138908,-0.816092268492119,0.7899228761982753,0.6687955222938435,-0.8372975526699352,-0.5100413471471319,0.7691399622705649,-0.9309087182951499,0.7723092045144895,-0.8887393958808419,-0.5872941445615203,0.5471077567213595,-0.9140518575911419,-0.7868927179424644,0.8154346863351288,-0.16992960695440917,-0.6227973045103006,0.30329847690233813,-0.7351055983897309,0.6857358904669559,0.968583649358364,0.913116165409099,0.951875516237947,0.9513126661418106,-0.6602897749590703,-0.7994285008988882,0.5743525639475346,0.8405499079769926,0.7180013042367475,-0.9007950701733433,0.5019031149100073,-0.680365710429714,-0.9258091351824538,-0.9094997806243869,-0.7831568191930172,-0.9097510885953813,0.8392458815849498,-0.5641531389076573,0.3387016972406975,0.585156642100694,0.6727719397605046,0.7714937593481629,0.5384667718932273,0.8708202369990293,0.47228866566894107,-0.8606595551690611,-0.4727978017305728,0.22897899866679863,-0.8066928501924207,0.6175787745591118,0.8515452395348753,-0.7343495834877228,0.6731514855524324,0.770495774998112,0.7905436106814069,-0.7809853212829034,-0.8633286203685956,-0.842190731678362,-0.8219543117649099,-0.8148905134019299,-0.41531777860513525,-0.7288859862468727,0.9219749848831953,0.9469549031714942,-0.7702944534910343,0.476348769628738,0.8738145664432685,0.7112953925844734,0.36447302948223975,0.8320390117325235,-0.6575838383296353,-0.08178247708900777,0.7837767127105921,0.838866596764449,-0.7362000546535333,0.8541091201522915,0.7694998831167266,-0.8262078876161325,0.040689324104385166,-0.6376160681463688,-0.8000510019969613,0.7940376369393959,-0.16835140597049655,0.7394294123401882,-0.4774936121659134,-0.7695652487406527,-0.20906144233818566,0.711413183891616,0.8022697184086955,-0.6438456202672581,0.05150879665201497,-0.8609685418421026,-0.6420614628776277,-0.8446335857299061,-0.9209074325767885,0.6755025452009991,0.7835883333435049
-0.9457546551956488,0.833660041937361,0.9225134008723233,0.978098576330871,0.7925848668566795,0.5912339823988486,-0.897096982573804,0.9999999994667593,0.9812704697108974,0.98110558226609,0.7976278304019488,-0.8329024287570935,0.633060369143119,0.8297825321918857,-0.9523447548435926,-0.5456638944829559,-0.8292424199950161,-0.7988915066678167,0.488155711022725,-0.8022169722152575,-0.8153556143409992,0.3564093617971888,-0.9751158778754326,0.30291529150855395,0.9853117156400378,-0.9722096253725189,-0.975564270049052,-0.9110851966216442,-0.9035899417449051,-0.13596615980351073,0.6409377437106478,-0.7732427432017299,-0.9230736962598485,0.9872375354158507,0.8131445491925379,-0.9552335286088652,0.9893917650108605,-0.5424516697251685,0.9191707315578933,0.8785155520059256,-0.6068343208206591,0.998593867925423,0.9721212820842362,-0.7022722866786658,0.5355854901403574,0.8974737889886242,-0.6675838501057733,0.37305820655317495,-0.4274827436518166,-0.8649243577308902,-0.7053019103703441,-0.9722376396022919,-0.9144268457225406,0.8175984532414333,0.9562757347666214,-0.4168956236659741,-0.9739761065858558,-0.9440130429583625,0.8745401509024581,-0.7786324019886668,0.8821942865290417,0.9419744229140343,0.951776410316377,0.884350418911301,0.9811766336794295,-0.528949393445511,0.8473637713250844,-0.7014006931327984,-0.687389418883208,-0.7725829424903273,-0.9704408607958299,-0.6583778081925474,-0.9784312642152296,-0.42841285098781934,0.7852147644485701,0.6465504500490415,-0.24071407938821648,0.7281628787096516,-0.8403118499746488,-0.9954301965847999,0.9046150387181031,-0.9248508740725555,-0.9042927468002838,-0.9659674420336335,0.9420992631139357,0.9246155982408187,0.9836781741302817,0.9820973547224948,0.983794811144217,0.6297434294801701,0.7187355875538992,-0.9671151853015757,-0.9410697007523644,0.9522311572990021,-0.749864817834856,-0.847017623035033,-0.8362254557707915,-0.5475702779581187,-0.7573678267725669,0.2594295740784231,0.4848359357430663,-0.6094410836738243,-0.6319028137367094,0.936627362245381,-0.9933339598327722,-0.9084524465517948,0.959859442140413,0.07588333150973631,0.8576421351175851,0.8032717095231956,-0.9727654039925363,0.5292287064537412,-0.9541717118831179,0.7613049585836841,0.9000352316857074,0.314533147549516,-0.7787930946491921,-0.952637482625004,0.30557371515934423,-0.28711896479481563,0.5858250125507132,0.4933415822974236,0.7256860245779557,0.9922360529318985,-0.8327075291264125,-0.9425056007263972
-0.9829368436867763,0.9074532993429594,0.9635334100771205,0.9450978568304659,0.8642645046087556,0.6632507343966523,-0.8303863124135016,0.9812704697108974,1.0000000006471361,0.9901134139833876,0.8034578713096295,-0.78411732252176,0.5277816260942415,0.8784398156464518,-0.9357274904954429,-0.6228385777660945,-0.7562325387837915,-0.8990198861324916,0.3624161291069063,-0.8906374861620485,-0.7141634241387762,0.29714112872243564,-0.9873684534303981,0.22968090635052238,0.987751521913569,-0.954502005321295,-0.9653768394239949,-0.9690007691904415,-0.9658573922243461,-0.2955724813709683,0.4864941196659208,-0.7446932426515827,-0.931690672885433,0.9861272093440188,0.8105478820237099,-0.9826964259917798,0.968208098417036,-0.4615783357406709,0.9170442414017379,0.9180894891482589,-0.6780780182491737,0.9765555158933551,0.9949204041330445,-0.7083433211230163,0.5770664153432858,0.929247050192354,-0.6797119132910924,0.23617269552421138,-0.31204666607870507,-0.8287557283686017,-0.6527425040545143,-0.9546021167567598,-0.8598539477921178,0.8962627620249742,0.991900819757341,-0.3150751050252187,-0.9969818384454112,-0.9831029270488285,0.8899874163078355,-0.8275246312205341,0.9429687428682803,0.9306245318926742,0.948057844038042,0.9421089146667291,0.9834824921217604,-0.4159103299494591,0.8786451617544347,-0.7937220576966626,-0.6713536143255507,-0.8469978497842291,-0.9700727583588501,-0.6750569001948783,-0.9858617419312704,-0.3104020988546609,0.8074274821554317,0.6105543511919652,-0.11684347248010384,0.6394867687729426,-0.9124278376920275,-0.9864515071415936,0.9456455320032556,-0.9546350766933904,-0.9176499988811282,-0.9887264980285012,0.9879908169362149,0.8950330571543046,0.9990855865611414,0.9987128795746214,0.9931813694150348,0.6961569108267045,0.7881138218487106,-0.968608611925548,-0.9351675349269762,0.9194422698601759,-0.8533858785739695,-0.8744981162765457,-0.9128425237974009,-0.6098938099988218,-0.6863856989893884,0.14276853415783286,0.6159008304338325,-0.4853811405397132,-0.47905506746173954,0.9634091506282314,-0.9771723754717626,-0.9539418168597814,0.9565986799520646,0.23454637851106935,0.9382133494707237,0.7941211250181524,-0.9766288810968917,0.626861427136498,-0.9787773090317318,0.8306212436235455,0.8962459669718345,0.26906067898628966,-0.8307913901105,-0.9864817479697556,0.14373877422802603,-0.31793532463317026,0.4594624175934961,0.39631320180222157,0.7060102896551204,0.9760878636902044,-0.8202255223880673,-0.9635124776501203
-0.9584007547805592,0.8519842869091014,0.9471834239360923,0.962054606053778,0.8577140044720835,0.5687477173694273,-0.8473456632245828,0.98110558226609,0.9901134139833876,0.9999999996772106,0.7216628238241746,-0.7283881162232945,0.6015734640079295,0.806301639631226,-0.9053524688193347,-0.6165391421796227,-0.738038146423567,-0.8686354238234689,0.4749323973973084,-0.8974314224337788,-0.6900077733918997,0.25291571047313516,-0.9865255444263141,0.32067248956842836,0.9854283073463821,-0.973306807841568,-0.9731202145086418,-0.9314495889216156,-0.9292848610814075,-0.18849654263933632,0.5452343770776402,-0.6733165029069612,-0.9084756002138986,0.9660914832228094,0.7849623833931406,-0.9910920093209179,0.9578819764004463,-0.5561208916371737,0.9555371296097521,0.9181403857776184,-0.7368988275577134,0.9819093415253396,0.9897605688088109,-0.6594678066249163,0.6124714725889638,0.9329867070504392,-0.663083633477074,0.2891838991657629,-0.4181251589774123,-0.8177571634381563,-0.701275176003872,-0.9653052678599858,-0.9079321004228759,0.9081169699146328,0.9673025288105542,-0.43853425429467136,-0.9920174035046195,-0.9692129220766303,0.8731762125250236,-0.7504831171623801,0.8902243037376283,0.9607050513297735,0.9187284897028051,0.9355731493499063,0.9784852443731641,-0.4743414671442443,0.8239016640856878,-0.7365722057148646,-0.5769029118235559,-0.7826739203361623,-0.9726894965091835,-0.5706205546900226,-0.9977513250449446,-0.4261883664881387,0.7876923361930271,0.5280916251636997,-0.22492757037362046,0.7318849321985716,-0.9264390710398537,-0.9850436715124246,0.9697934501103554,-0.9562945197106538,-0.9614586237923692,-0.994966674310949,0.9733353868883791,0.9473351905818347,0.9854693322737613,0.9937691206775252,0.9763510678209302,0.7592207599714993,0.7716681621434229,-0.9581958748020794,-0.9313811309144608,0.9131555547270053,-0.851584420208079,-0.8706531802385858,-0.8754294058557673,-0.6869790684788666,-0.7744561190412816,0.16919962728746787,0.5941499169732005,-0.5801353768446592,-0.5042171946992301,0.9807319889250652,-0.9838287828176507,-0.9071858330716686,0.9172534657022218,0.13529240839450296,0.9274710441771217,0.8661182265797779,-0.9497942717110676,0.6525501455812738,-0.9807343558912016,0.7526203929107782,0.9478381089458459,0.3874554677060571,-0.8737671300276488,-0.9909520487980701,0.16020198018360204,-0.41198324511410284,0.46772144575074126,0.5139997561750939,0.7723625407092058,0.9660145828908416,-0.8852189057247694,-0.9876656901970936
-0.8126897757037349,0.8348308174715878,0.7433038241320753,0.6930668928619773,0.5606854841904267,0.7909580602110683,-0.713302366731219,0.7976278304019488,0.8034578713096295,0.7216628238241746,0.999999999892319,-0.9069065257927956,0.2915334542652614,0.9231829449186951,-0.9173359879656099,-0.32572327063298084,-0.82457110646245,-0.693553790576418,-0.030628979879113307,-0.550629049773186,-0.8207100868504297,0.6060583137689068,-0.7448295663928077,-0.036801835839531144,0.7671427346039718,-0.7136115318692704,-0.7137031872193336,-0.8458071226614501,-0.8323618283733146,-0.4633810928958808,0.35153547121368256,-0.9729370603903199,-0.7815012959036675,0.8576386467187345,0.6861391105263881,-0.686053051667063,0.8502031240000071,-0.11547078450078922,0.5785830805749919,0.622123852419833,-0.2062252693227523,0.7784148047492332,0.7621687243189326,-0.8401682254373507,0.15276057907762186,0.6281393831214479,-0.5018027514493715,0.2163710451396916,0.016541766945870475,-0.8079258617833279,-0.4456671269644805,-0.753714849429184,-0.5629375759213165,0.5579722972098728,0.844249986010165,0.14029766154419893,-0.7805167916644561,-0.7616201285657355,0.8072968258279377,-0.890078421499824,0.8901945989216611,0.6417523853040215,0.9073628468575773,0.718725822433645,0.8111778743961016,-0.2996573520514976,0.8472239073543097,-0.7000327909181324,-0.9630088735214991,-0.8841944926148276,-0.7247753048089496,-0.9726302013239367,-0.7196203543064195,0.1324383310179653,0.7621530134734698,0.8538849105280638,0.2714409222331186,0.22858042975205708,-0.5457549665244942,-0.783848698513611,0.5763536488006782,-0.66839014095715,-0.5044433454670766,-0.7090701522260896,0.784591772236,0.5147459260749896,0.8260019890958942,0.7790439254311003,0.8321663643221979,0.15395139599836818,0.6622890229196958,-0.8330410130586993,-0.800243000833961,0.7608244992413583,-0.5195767427474403,-0.7243138497283373,-0.8067756075818628,-0.034032778639887636,-0.26812350713392147,0.25100887189627413,0.3409684783106503,-0.15800857382836847,-0.5059430665318685,0.625614583676619,-0.7485308550427221,-0.9089580884499596,0.9278494706969103,0.4446478846897059,0.6712053406000412,0.34199485323774154,-0.8656199609005254,0.18386398540903284,-0.7048365188501282,0.8743254030342815,0.4697451878841382,-0.3013741029933585,-0.4206534823342447,-0.7127810810400038,0.3209515172386944,0.27121774729150355,0.5629566190015203,-0.054672226716973416,0.34659295383871247,0.8462170360986487,-0.34580298231578593,-0.6148483187525793
0.8019925646447363,-0.7669052346003049,-0.7654913945737625,-0.8098834442570797,-0.5973834341572976,-0.7653374687880055,0.708543297061178,-0.8329024287570935,-0.78411732252176,-0.7283881162232945,-0.9069065257927956,1.0000000003465916,-0.33615140758654577,-0.8690934337844652,0.8649087531456507,0.4466650738381093,0.789229558061041,0.5760965583622379,-0.19165816107872047,0.44314957312091974,0.9100422530621445,-0.4114866084494048,0.7852859017213003,0.09264538563563476,-0.8143898260202584,0.7029320009336244,0.8065188019149064,0.7602516042763847,0.7434389539647697,0.24288899209167653,-0.5570312346653845,0.8853955228176906,0.8711678673126643,-0.8753895107289557,-0.8545040362927426,0.6957196691830271,-0.8442631163744768,0.1382656718451278,-0.5531032025819305,-0.6952939540539967,0.07983948847661188,-0.8105939674081918,-0.7684084439101068,0.6120140222571431,-0.3528183087363491,-0.7069119900610891,0.7111928808779094,-0.2370833147161448,0.08612656365501213,0.7072859377720103,0.36225697613884167,0.7263523701021667,0.6132818157963635,-0.4362859923693173,-0.7788781988060114,0.03494730616170477,0.7407184960459484,0.7595662049073053,-0.6445943067834061,0.8688872546103411,-0.7861105416302785,-0.6160406357050898,-0.8319427235679351,-0.5747149459190161,-0.7658292799198486,0.29788816045694966,-0.887162872966875,0.6757312275466739,0.9378050499481159,0.6582543509869123,0.8058435671037623,0.8783574395549885,0.7092155358023131,0.17346486244083092,-0.5462781201032115,-0.9543131231538736,0.109259341583125,-0.38262315003999764,0.4969606328550636,0.8310783400137587,-0.5587450698137792,0.7271364598281325,0.5389067266163607,0.7176421939299872,-0.7086706824711508,-0.5941594749400637,-0.8027901727285573,-0.777276375675601,-0.8446088106471953,-0.17665536941360468,-0.4001746771890625,0.7630813296259602,0.7117446762675826,-0.8985990608873891,0.43486474089768135,0.546643949709076,0.6154333695944469,0.059828692797843176,0.376272422267997,-0.17892002932751552,-0.31257071666048436,0.3267759357046841,0.6503942643064654,-0.6593935029600095,0.8163610280484006,0.7890570223528753,-0.921840882911237,-0.069472325829789,-0.5757680426688788,-0.35114074842960113,0.8920736544816877,-0.23682545950704786,0.7408673659659669,-0.8111974145348276,-0.5498647914467416,0.02461650686879018,0.31577315068269685,0.6724606977722972,-0.39638039685323184,-0.08234890217622964,-0.5733232306096078,-0.10391963211214926,-0.276314207632668,-0.8394215933539172,0.4890582094946409,0.6315526309887785
-0.36765080539286515,0.1287925733356993,0.3217122898256878,0.6163386914884679,0.14510692034808245,-0.23074126744311216,-0.8732381461152645,0.633060369143119,0.5277816260942415,0.6015734640079295,0.2915334542652614,-0.33615140758654577,0.9999999997960451,0.13289258576274185,-0.6096382198121246,0.15342245449951558,-0.763027032428123,-0.1830094902498666,0.8699283994725471,-0.35852857064776017,-0.6472918164613336,0.5580551284117184,-0.4932328935358144,0.8964891769588662,0.5196374994133265,-0.7554459553732864,-0.5308983619841726,-0.3316487110565289,-0.31989590789613,0.5903638624084641,0.8849129337808919,-0.43536906408143944,-0.3129396655879573,0.5089962797470173,0.15862692310043727,-0.5074226733502638,0.6578032701020762,-0.9681861447020715,0.7645970136536312,0.2872931204714228,-0.5329183502105104,0.6706089093517237,0.48716386992538435,-0.5636421822131398,0.01577333434724389,0.3337091648308652,0.012179392422221564,0.9103619191774354,-0.9492956262484329,-0.7758726645312642,-0.9444510481187364,-0.7486116643908233,-0.878081804779191,0.44509407499864195,0.4618862502430429,-0.8514416394314845,-0.5575695266088131,-0.3881853631486191,0.6625062839599554,-0.031759962295451784,0.2717354611654879,0.7800781563539069,0.6004994667400171,0.5249338889656622,0.6464120904935597,-0.9739425975145386,0.1342708854837906,0.09330232611707327,-0.15226651504605165,-0.2918448763209009,-0.48922245505132383,-0.07880725801778095,-0.6393295230626925,-0.6915776522116484,0.6509745736237611,0.058374356138799904,-0.4545319411568025,0.9058162440633832,-0.38200666629728997,-0.5715135154657144,0.528853716844566,-0.3799346289023228,-0.6290407394117322,-0.5245816657977563,0.4701005921920025,0.7652047266934092,0.5327393293406273,0.5289728049419432,0.48876279297823605,0.3571613634841461,0.5187610250965474,-0.6565588514277519,-0.7214825207901988,0.4771526998461604,-0.20275192045021992,-0.6744433746290547,-0.3762546593272169,-0.3716222364482267,-0.9108641128299564,0.8013908999958578,-0.22508323701737126,-0.9497338948573311,-0.8339771252414513,0.4970719405160757,-0.5971967788359154,-0.39141820940126215,0.4602233689315949,-0.360732455127363,0.3349642059725157,0.7977706377340327,-0.4420715572324563,-0.011501276510194657,-0.45244237427731443,0.005231665361342375,0.6512636454324112,0.4083325403794261,-0.6156684927661316,-0.5421826125638531,0.7352393931783596,-0.14766421171803648,0.8436510795028173,0.8835168843771766,0.8859705073834586,0.6433064363841665,-0.5990839882600701,-0.5743514390240455
-0.9326922061882887,0.9754827810143744,0.9061081140909092,0.7691068652649855,0.8157766250107213,0.9281536058736605,-0.5903156858462122,0.8297825321918857,0.8784398156464518,0.806301639631226,0.9231829449186951,-0.8690934337844652,0.13289258576274185,0.999999999476376,-0.8569451171485801,-0.6570699782150947,-0.6333079390436701,-0.8729775497771433,-0.0698884477946109,-0.7312023908846088,-0.6612453444083507,0.27092221577147935,-0.8607501476100892,-0.2062106748443135,0.8630298367723486,-0.7182168670570229,-0.8224033495470503,-0.9443511446617149,-0.9395259041064368,-0.6272204643560287,0.19730615454573036,-0.8164244559685678,-0.9149292252909885,0.9075556280406643,0.852588126588633,-0.819243036504362,0.8329306563831947,-0.009495561370257666,0.6202320999867359,0.8338527530010719,-0.3473922612184522,0.8025155492915839,0.8727162132937972,-0.6605124443343339,0.4855858397718262,0.8276450827552541,-0.7409777009876317,-0.07155613102666722,0.14114618192285744,-0.6615610572669363,-0.30013165860986135,-0.738869415717403,-0.5400421260125655,0.7044473971868552,0.9125664016613466,0.15538779229383662,-0.8513053727380339,-0.9006385928877334,0.7379718458575143,-0.9908918008700032,0.9691470771446186,0.6551141382537496,0.8610197605798086,0.7830727751610528,0.8233919099997545,-0.06532123992690082,0.9729562580523891,-0.9197782165718715,-0.8755844368308405,-0.8789434281705937,-0.8453733866978738,-0.9022546189617581,-0.7861610980065227,0.07893751340922686,0.6574329297834202,0.8302027430296922,0.181538277037589,0.22572059757648935,-0.7417370970631626,-0.8509831135087449,0.7280658038920464,-0.8451799555071124,-0.6417642452179451,-0.8282368957997522,0.8758005668549661,0.5857568288415531,0.8867412336567845,0.8670370561027062,0.9066016166182211,0.4174467750441298,0.6386764480669306,-0.8174578407992742,-0.7517948776897367,0.8403320543293362,-0.751714234763733,-0.6797875580724887,-0.8573821974027703,-0.2940410447467111,-0.2698783430526537,-0.08775495135854898,0.6690617730064901,-0.0712404598193334,-0.28115202290197616,0.7827777631630009,-0.8198761308777179,-0.9390773347826002,0.9380521689378105,0.4716911256099059,0.8339267864534577,0.41048499007366024,-0.9312899364236645,0.5275536177036385,-0.8497718464731749,0.9900924246655941,0.6070371796796179,-0.088287621256143,-0.529423353219823,-0.8161085471736949,-0.009709726831426626,-0.047381528378399804,0.27665277832196705,-0.07161205585263028,0.31037749736917775,0.841632832590523,-0.5207928552009912,-0.7463895645688815
0.8922277664214752,-0.8168211706273557,-0.8335195464228348,-0.8744813307920669,-0.6496952000242475,-0.6112356417735729,0.9180065027586133,-0.9523447548435926,-0.9357274904954429,-0.9053524688193347,-0.9173359879656099,0.8649087531456507,-0.6096382198121246,-0.8569451171485801,0.9999999985674708,0.3530608512339698,0.9263289663602471,0.7506792728250953,-0.332429080592385,0.7140907357668075,0.8752382976490781,-0.5957735892201045,0.8876105523439548,-0.298395220328513,-0.9070452553915446,0.9299238382383823,0.8710532694134449,0.8986006515915955,0.8869671267288369,0.21116856294138794,-0.5936734042631719,0.9199299609933598,0.8395918023002958,-0.9551870159332051,-0.7010904128950658,0.8577697155396252,-0.9850512033979244,0.4804181168809208,-0.8442696500321343,-0.7393528190696806,0.4947768751361544,-0.9500235961152382,-0.8993205346498385,0.8712615697917628,-0.2830330958958628,-0.7587327760569764,0.5061650916029364,-0.44379056727428673,0.3475251628044967,0.9473831834341866,0.7280834202879245,0.9510847911035832,0.8436688502146741,-0.7435490357540405,-0.9396241807701315,0.25116983665858367,0.9303554826036236,0.8688946885482985,-0.9398947453826948,0.7930112274721463,-0.8990976988886783,-0.8884378068591985,-0.9969225707480548,-0.8712248138302646,-0.9666142671073132,0.5700112997869732,-0.8120904050822106,0.6418363967008338,0.8120400166596733,0.871536076898782,0.86815184380868,0.8012325026803758,0.9132718311855693,0.2076561205476377,-0.8846250489845559,-0.7013292950608793,-0.0021299093405581335,-0.584728349086153,0.7233906550879489,0.9297242778250353,-0.7900634374540736,0.8028947237661067,0.7652134005607805,0.8773251401886494,-0.9073698461889576,-0.7980061108286759,-0.9494621179868309,-0.9214145475458373,-0.9381465170321106,-0.4206922472724112,-0.788307261518265,0.9771376090276276,0.9650186316310635,-0.8659771659886498,0.6418108092770805,0.891704394829121,0.8723243892034176,0.3275300548411722,0.6257478935479066,-0.4047314897934597,-0.34457013023135413,0.5032481550344309,0.6658146918198922,-0.8138188971523361,0.9129631631244998,0.945636771505234,-0.9720451219649638,-0.2451476512341601,-0.7914016971738471,-0.6771799431420195,0.9383478765648047,-0.31472625806658,0.8515552379733965,-0.7794527598286082,-0.7429562693168243,-0.024458212906908475,0.6888754149868652,0.884741686184517,-0.4223083036789013,-0.008417204457640215,-0.697485500423173,-0.33615688499679025,-0.6750958351226428,-0.9817157648203306,0.6316129743005907,0.8288517935149194
0.7300291746736465,-0.7556140850912737,-0.8057210408640546,-0.6264784781843694,-0.924602977487598,-0.7234945782647279,0.12876631827672821,-0.5456638944829559,-0.6228385777660945,-0.6165391421796227,-0.32572327063298084,0.4466650738381093,0.15342245449951558,-0.6570699782150947,0.3530608512339698,0.9999999990722472,0.008134124711587089,0.7550081149034613,-0.02422612208816212,0.6945719168325633,0.12642610274869942,0.5238925378368382,0.7113398895072697,0.3993558905638149,-0.6797793195515585,0.4231109614686441,0.7008554191010473,0.664525214326054,0.6758623658938018,0.515539345220511,0.05136246655951845,0.13183636674848828,0.7833935498072103,-0.6063641213417245,-0.8353638068981126,0.7092306338862663,-0.44089896913436216,-0.1325701697746472,-0.4336202625372581,-0.8763445332627857,0.41917435678283865,-0.5169704720139067,-0.6935964054301842,-0.04438063378126037,-0.9521940120463851,-0.8551480486536166,0.9180405784619415,0.5139634885891913,-0.21530154673168034,0.07979100921858324,-0.09531122934623142,0.3911856424172117,0.3087889994612779,-0.6161641745999372,-0.6067178556395508,0.0032061559066057627,0.5938685635027648,0.7525078680728889,-0.231197901708017,0.7047308514227756,-0.631159341814515,-0.4008010105834455,-0.37125472015779054,-0.5017694752099404,-0.4734655968040226,-0.3486862625181967,-0.7709788873960848,0.8782127551450207,0.3016384089923765,0.37981815677508335,0.7280937861535645,0.3154235319315205,0.5674610843733898,0.2151787562238666,-0.10112110010514648,-0.44120245402364544,0.24629076427107144,-0.22221952469098302,0.7535402441292028,0.6230669029453694,-0.6848286330640049,0.8168331185286903,0.6386659426325525,0.6886241300539374,-0.625404727534619,-0.5120004948220074,-0.5997261940017303,-0.6479167001551314,-0.6477857830743217,-0.733285477663594,-0.21495622309249784,0.40968476668004394,0.3100418001087439,-0.672313812035859,0.8018344332950466,0.2404004645082714,0.48934936326118167,0.6632928007959527,0.23574650532806787,0.6592111219333393,-0.9360886425644387,-0.005988455946494593,-0.1639465150797722,-0.7432427525738142,0.6239394307943851,0.5248793858873138,-0.5374440032770101,-0.1298121805944602,-0.7200388024268694,-0.3872922259074156,0.6481642767834519,-0.933284616356641,0.755045634334731,-0.7134338293749558,-0.6398379288516601,-0.47780141893642714,0.46914106330711464,0.6340377458912666,0.5461293582184166,0.6952418349512886,0.33352202702682654,-0.03912387768514932,-0.11362063560438374,-0.467789513120946,0.6864460505993794,0.6736793849355907
