0.999999999635125,-0.9730464707292945,0.8511066771362028,-0.8812225974127325,-0.78040738812936,-0.9335672099783595,-0.9219055501408416,-0.9820378861182191,-0.6460918823528154,-0.7372273842999874,0.9112401784598225,-0.46215618928219837,-0.8624314605973982,-0.48223707684001593,0.8753546055785343,0.9043825775991575,0.8517729126316844,0.9582404860196677,0.7745854243841341,-0.5466240365571428,0.2678888117289708,0.9389068276523167,0.7914164114441934,0.9628894286494035,0.9649188553370303,-0.45701753609575907,-0.8081886113848801,-0.9805532613991362,0.371609288734466,-0.7539553849515076,-0.9078460860700668,-0.9429767816607897,0.9438287961797059,-0.9264848834659974,-0.9035807844062052,-0.7447650043150452,0.32223006991188546,-0.9426502377991782,0.6509013934093342,0.9708231117075957,-0.9184157632874371,0.8298278760618888,-0.8569429882692812,0.9471842337427571,0.6461865760840163,-0.7379178041686815,0.95463981181761,-0.9406645699473162,-0.7548372347513803,-0.9480329034916781,-0.9413579509577745,-0.977589616139169,-0.7964844485043049,0.9476664534125272,0.8489641416838101,-0.7072350280659909,0.22128499754672842,-0.9262680903626105,0.9403431178653953,-0.9015014542522976,-0.15494360652504516,-0.2266668947570631,0.8394040045197875,0.5642212252146043,-0.9946583478687406,0.862905288066324,0.9619554532123655,0.9449957439853768,0.9804809004082002,0.6550237581320937,0.986150480894383,0.3315208230472305,0.15618081495222033,0.8888803710564516,-0.8159341286871834,-0.884026411076404,0.9692665942301406,-0.997148513666559,0.2375084885253404,0.9086413203081984,0.40172299180587856,-0.7619252028957,-0.6366946894678903,-0.7097211107956813,-0.9421468555222094,0.039026045167068715,-0.9510053621601332,0.9276105682402518,-0.8471329724767048,-0.8962685435347894,-0.8927015155486591,-0.9308064853016629,0.8808672676678334,0.9479107054314976,0.866291877339026,0.7867833299928809,-0.4126727503735593,0.8370840881183587,-0.9178837588811932,-0.7772782434670964,0.31643048171128396,0.986898556654289,-0.9858023436911255,0.9273350803147214,-0.4968842373826135,-0.24478220535909215,-0.5906583995767531,-0.9492662795163553,0.9752620011332579,0.9034514995776891,0.8078666352542113,0.3830868963245984,0.9563773346141392,-0.8625154821285692,-0.975797164546584,-0.7378830565430814,0.9370040214747899,-0.8551591242200905,0.33297688070352777,0.8211763981092921,0.9211658128648179,0.971236498272333,0.9921622717986438,-0.9413235020375117,-0.9243120298236829,0.3067619528522541
-0.9730464707292945,1.0000000021288518,-0.9077136907507263,0.9160216575452242,0.7629046016774229,0.9512789585338816,0.9215894334368858,0.9957714803798421,0.48537254530623847,0.7851073719615271,-0.9639302283471153,0.603090439615847,0.8506967510550345,0.5209496791184794,-0.8960007969972859,-0.9213940393753091,-0.8734526250622588,-0.9598821889224738,-0.8710487459457273,0.5322312414967099,-0.260525132673669,-0.9890961421933757,-0.8532701242916725,-0.9809988414861114,-0.951942087692294,0.4957765969823921,0.8930057374729161,0.9775896370041846,-0.5300949949073694,0.8097221802944298,0.8813498653111667,0.9339443940108197,-0.9225767180947948,0.9297220039930897,0.9504780832163262,0.6797186347468671,-0.37594538197479815,0.9241915391275958,-0.6846252330472865,-0.9910183939504956,0.9274634742299073,-0.8372536867891788,0.8879434052440671,-0.9006530216094379,-0.6512543648670024,0.6229241207128238,-0.9951964180332397,0.979176624432575,0.778189666976555,0.98889610252159,0.984621812398425,0.9970345976188191,0.7766041805485825,-0.91146826361991,-0.8466027616112758,0.7157530849095722,-0.18086074679354225,0.9505298710690534,-0.9903629667062781,0.8846292250765121,0.2174775767583364,0.1629305933820136,-0.9006150617210555,-0.5484340612816843,0.982587846072198,-0.8805302193911235,-0.9734767011398026,-0.9478577467382627,-0.9391504387938019,-0.6562936331667795,-0.9736018729897465,-0.22979379630552363,-0.2140306019511872,-0.8957188104554064,0.82263127267213,0.8578135627070239,-0.9972154626794565,0.953236965086785,-0.2642803933171066,-0.958279610072003,-0.26982348582158944,0.7557765132467853,0.7133409218073651,0.778468424375599,0.9252067171629262,-0.020774516204631038,0.9753020032176176,-0.9049709609640009,0.84377155023379,0.8831440518316303,0.9610632173493335,0.9701704534905752,-0.9183872157817188,-0.9486558472210023,-0.8624387530549242,-0.7410507884086078,0.4298835517932267,-0.8902394618375568,0.9208338419044741,0.7697683746308298,-0.3153958568352429,-0.9270287596367676,0.9928811051914525,-0.9317384413830799,0.5257517908085101,0.28824331156586913,0.6176706352975676,0.8900357382416166,-0.9942006602931617,-0.846334594689475,-0.8120916485007945,-0.5037152786405186,-0.9731744440085974,0.9505230102976757,0.968745315564511,0.7043048401142956,-0.9404469342673294,0.8260776686686879,-0.18059213806272728,-0.8405981808059049,-0.8740380084749743,-0.98987649218939,-0.9883308555631518,0.9216093122731938,0.9205561083601671,-0.45273777741003424
0.8511066771362028,-0.9077136907507263,0.9999999997428265,-0.921016931139659,-0.6618013405667997,-0.9621484043389046,-0.9677946346608781,-0.9022328057199681,-0.16022065283700687,-0.9653222915624682,0.9513375753336926,-0.45890956908904834,-0.7124072348293286,-0.5108727967680105,0.805223973154872,0.8719579392227933,0.9244938083415852,0.9055477039046115,0.9489325297952115,-0.1343962684749668,0.5941117391698689,0.9257942614895918,0.9742145110583252,0.9326755978533638,0.7527089932845065,-0.1394149496670604,-0.9891386436211064,-0.8261620521972006,0.7909278100676705,-0.832086566173263,-0.9090862748150558,-0.8601340985845845,0.9349852361228476,-0.8045466765703972,-0.8277366699911685,-0.4122354480562438,0.19022970716848744,-0.8577879324919359,0.36256364673181435,0.8717648160441581,-0.716465327703128,0.547280437386697,-0.9730299021451644,0.6672120117809949,0.48697980373120503,-0.6972157676925494,0.9411033877980954,-0.9527118577323112,-0.804607553012803,-0.9431069507805698,-0.9378536022007458,-0.9148353170602302,-0.6010139659339283,0.9154325131422396,0.6968041635375061,-0.7090144891014238,0.08863980016261563,-0.9111435354183927,0.8764274257939063,-0.8211812024741676,-0.3187146783559894,-0.045235736536039683,0.8880995220349625,0.46560841818200427,-0.8943162408084059,0.9045816776227441,0.913571658097553,0.8748451340173702,0.8856382560809158,0.5308861596169991,0.8361362520879964,-0.16968637467696474,0.44007142210002537,0.9014068233593691,-0.5236753331254442,-0.6338613488718857,0.8769436482345409,-0.8242171676297868,0.5675924482157458,0.9370837970345117,0.20556733418919435,-0.8558802665069931,-0.8966655080369463,-0.9645559025920447,-0.9463552778366334,-0.11535455212098257,-0.9530635224350672,0.9392955692979463,-0.7591809069858504,-0.8769104507048003,-0.9090426459364923,-0.9813600992142637,0.9545067364901081,0.7834254288007747,0.9591360024237469,0.5624422873752544,-0.1641607742293281,0.6813232606340278,-0.9722026741577284,-0.4447414916691204,-0.08750316003629492,0.7686634273382752,-0.9222255197171292,0.9660405049587855,-0.22876426916551418,0.039896030633518695,-0.6991977078906997,-0.8546666029433986,0.8633785962438228,0.8661180361474684,0.8213999876652389,0.2354314729830816,0.9515673189329581,-0.9024484619941332,-0.7800584203618718,-0.8728824909485167,0.9121094546225383,-0.8939033636197761,0.13404412095711696,0.5979655720022807,0.8979128232011525,0.8506606282864274,0.9083027253794416,-0.8875207514940477,-0.7368374159907566,0.5643752759116414
-0.8812225974127325,0.9160216575452242,-0.921016931139659,1.0000000029899574,0.47604164479870525,0.9790957836891122,0.931851532505532,0.9368522748183201,0.3227241770694868,0.8888527555183302,-0.9827896901535933,0.6294400144923099,0.5847646844289295,0.2082381363613936,-0.9670289497657812,-0.7375909302774941,-0.7510573972801902,-0.9781309877031942,-0.7911227587081873,0.30008364325826,-0.340524559354757,-0.8838629375205868,-0.9549006305981863,-0.9724932153058743,-0.7745955398125357,0.19988844471709713,0.8818413154185636,0.8238230798942789,-0.594988844521248,0.6081913501673409,0.9489294704097856,0.7602456004365334,-0.9341965937400523,0.9519098347696155,0.7574721793664765,0.6955432901369125,-0.525148684998635,0.9680505896705135,-0.39898560645512493,-0.8545808427887955,0.8601679180658466,-0.7144383232470526,0.9703474857542848,-0.7055500508213107,-0.30022528192212966,0.658279024188118,-0.9223591905257105,0.9748161340717308,0.5690963798445631,0.8950262528538624,0.8779573285399817,0.8991983649382138,0.8545090231144619,-0.896124497112913,-0.5710851033397453,0.459640256919758,-0.45497948787126063,0.9929758874215171,-0.8987237993590408,0.9668091484357766,0.5672821460528076,0.41780351474349847,-0.727346390631733,-0.2100560642311365,0.8900348829350829,-0.9937352138289736,-0.9761415921165084,-0.7792200635142729,-0.8891539745021281,-0.31895270863311714,-0.9195560914457857,0.08512819959089013,-0.5844397716994598,-0.9917414264828922,0.5809003465363444,0.5912624143286173,-0.9032726558897648,0.8656547925763189,-0.23300655586665772,-0.832403670635252,-0.49561053273108985,0.9357261283416343,0.6539653674322238,0.8012214967760385,0.9118292340404588,-0.270506710840624,0.883919156659887,-0.9159858503735456,0.5953759608476482,0.9776560740971275,0.9633987982660639,0.9324061485076506,-0.8132986705082399,-0.916098992089355,-0.862624594183678,-0.8255291381349941,0.03851548343050742,-0.6623212028689517,0.9136980916869964,0.5110440215053778,-0.028582797118653257,-0.8054933486790833,0.9238928962001646,-0.8844802830466382,0.16295937979512032,0.25978399137814706,0.39774769075399463,0.895889303894377,-0.9091439694092543,-0.7821904194825068,-0.9692645453233696,-0.3569424109666333,-0.8856896996760797,0.8319221073109736,0.8482756755798297,0.759624922600846,-0.8035910878355783,0.7492121922232201,-0.40358835977142893,-0.563636799966437,-0.8861111977689385,-0.8537486766232686,-0.9111162610551387,0.7848096187023077,0.6901843231252581,-0.258162055048712
-0.78040738812936,0.7629046016774229,-0.6618013405667997,0.47604164479870525,1.000000002298989,0.6264477937638776,0.6872687863598733,0.7247248404951706,0.49497216739361605,0.49692853333163023,-0.597646257530286,0.11937309861581705,0.9844009107956746,0.906487133473208,-0.40925069419872184,-0.9399131674519164,-0.8815949536695206,-0.6043260180269854,-0.7570245335814131,0.45304138719954445,-0.3581353650667687,-0.7997706057340175,-0.4814964716519315,-0.6592070194249823,-0.8379123658558947,0.5338142073803059,0.673760747755778,0.8481768009691834,-0.35774154127766317,0.9233736683627035,0.5596093155457437,0.9317290408030172,-0.6733643161003758,0.5077082529627581,0.8815582875593472,0.27021098090601325,0.22847746467376914,0.538797412152824,-0.6874276602150201,-0.8343678354253443,0.5856956034938333,-0.5510441470751773,0.5371092204207162,-0.8330441769095505,-0.9581633208559477,0.5590063179333662,-0.7619131159561949,0.6516970130826678,0.9485766257496678,0.8036796856633752,0.8210762979134331,0.8027519527758099,0.2691403919449049,-0.7211543628074768,-0.9796867892756679,0.9732897021687407,0.42451429999865214,0.5458687753251307,-0.7284461752943812,0.4408911341925777,-0.452888101810466,-0.40400307550658826,-0.8989246619386275,-0.9563393232301715,0.806235106570747,-0.43033765210468317,-0.6284786970975661,-0.9220783689330988,-0.7561113907067275,-0.9763595925767885,-0.6831830417602616,-0.46798892059347486,0.37246750286467095,-0.46585384147902736,0.7523273586082537,0.9241016372550832,-0.7522252518647048,0.7674912076075555,-0.5062277875428599,-0.8555546582400185,0.16015663050107803,0.31056200228326286,0.7225945878000499,0.627749050206534,0.7255541980500535,0.5562505979880965,0.8267108486041832,-0.6835793886341656,0.9894264165876321,0.4670209809332424,0.5746876806199657,0.7412638704739309,-0.8533017119060653,-0.58728077817373,-0.7137833560511107,-0.2526513582422801,0.7673781270808137,-0.8163693248653088,0.720628142189748,0.7345340710555098,-0.3808621028421984,-0.7987394812998476,0.7687935893199594,-0.7852374805876711,0.7435305651503606,-0.08709912883042235,0.9012061638740416,0.6512812289931318,-0.7321747075868309,-0.7986205128437264,-0.2986416505034579,-0.27043286525198296,-0.8255465804213172,0.7757736018074602,0.7493477864143967,0.5930666674179977,-0.8992731189346858,0.8263507144807735,0.18359008948088895,-0.8710638594251431,-0.6723851116558756,-0.8157730457817519,-0.7820924609525505,0.9017823463538824,0.9191437731395722,-0.6533418757867947
-0.9335672099783595,0.9512789585338816,-0.9621484043389046,0.9790957836891122,0.6264477937638776,1.0000000027301672,0.9839937676771097,0.964625650479786,0.3739859574916552,0.9173377648736485,-0.9823564015710033,0.5132764904715201,0.7097844992172939,0.3720708205549591,-0.9198325033260593,-0.844590958088714,-0.8624705164287807,-0.9855942184889303,-0.8546544015907741,0.28912855396833703,-0.44918583468313905,-0.9304376792743001,-0.9563203781331548,-0.9894090549942923,-0.8327865758183688,0.21216789288581595,0.9231307452007084,0.8853270654693195,-0.6125218957597045,0.7304030775786333,0.9743187482788975,0.8651302670227377,-0.9820183064011468,0.92629086821957,0.8260412622616378,0.6378329930916791,-0.3600787607794246,0.9653439281517874,-0.4302211910544333,-0.9093996967198276,0.8437516807639935,-0.6920417136303173,0.9836956442922911,-0.773288314970734,-0.4430201115769164,0.75192547437186,-0.9605411338982043,0.9884913539101547,0.7113936447825455,0.9472922838004633,0.9352279382249428,0.9494183750096316,0.7837138527878637,-0.9615215959142094,-0.6917294422252025,0.6177905452931967,-0.29983663830795676,0.9823985950830693,-0.9175548164817183,0.9426674216375349,0.40279845434101424,0.27297997120269113,-0.8215330658258042,-0.38532183261208597,0.9496987733634885,-0.972062348444165,-0.9853148848832239,-0.8765604401354482,-0.952983142629419,-0.47247444372735864,-0.938641750217806,0.023267926386112754,-0.46225058737815955,-0.9775029622819752,0.6173194570141907,0.688914476227188,-0.931743955009794,0.9202825520161412,-0.37156806650237384,-0.9060699560397829,-0.4255822073799187,0.9162792896460382,0.7528118527922533,0.864423321936203,0.9744293349634293,-0.09281021829010154,0.9519867905712995,-0.9730272881740267,0.7287418232918292,0.9685190862177229,0.9478244311766572,0.9783140300267961,-0.9036562683708492,-0.9049891809815462,-0.9399757399192139,-0.7611113154299408,0.14595905543832757,-0.7085145422849107,0.9755125253722727,0.5504653984572462,-0.02884866370916703,-0.8726989266954824,0.969449508393361,-0.9602349585583473,0.24088030392970494,0.13153816928761672,0.5598075111276305,0.9443170270701098,-0.9328658318874505,-0.8872518705415905,-0.9220189901223008,-0.28709583969636693,-0.9555149796037602,0.8717839684002552,0.878590442148448,0.8451205579463978,-0.9018382317376151,0.8661580885492802,-0.34850394196918144,-0.6362426817346502,-0.9489307010590198,-0.900948861163993,-0.9622930775510891,0.8911431802758858,0.7769048912015736,-0.35444531399726625
-0.9219055501408416,0.9215894334368858,-0.9677946346608781,0.931851532505532,0.6872687863598733,0.9839937676771097,1.000000000341588,0.9327724049523093,0.3661774960735292,0.9369389066974032,-0.9399183638824824,0.361285197756584,0.7430202124704938,0.45400253935741647,-0.8407281210662354,-0.8746326765045017,-0.9149606195760609,-0.9515521140223757,-0.8647090480224944,0.19356354081525004,-0.5780475447220733,-0.9089934874339541,-0.9418244712665533,-0.9585330882256881,-0.8078243754269284,0.12932557224756236,0.9239394396818184,0.8687280999741861,-0.6238572294491029,0.7790120378766485,0.9760928244772772,0.8944062380863128,-0.9932484885061532,0.8575696866377419,0.8095540580229141,0.5430512822282876,-0.19362512197077805,0.9277276707832195,-0.36189788352338764,-0.8891410961352191,0.7635199344047959,-0.5958328229847683,0.9758560654000306,-0.7568453711408087,-0.4851984175693544,0.8341429540810859,-0.9372515735572761,0.9552923559002912,0.7819060440235771,0.9349487998837682,0.9255888611365444,0.9331882253313303,0.6852322687999878,-0.9862431820245889,-0.7179898328936909,0.6974371800886695,-0.1838403431277412,0.9347422713380904,-0.8682480163161127,0.8923635110092413,0.294183296587487,0.16447740557170965,-0.8412423595059256,-0.4718819742235952,0.9457586905510009,-0.9327113906919613,-0.948798181516389,-0.8980498394723637,-0.9660133497549398,-0.5297773390175438,-0.899051954534759,0.04354467382162843,-0.40630583347378857,-0.9414223912539842,0.558597388443268,0.6907790881354455,-0.8921320017042111,0.9130262585223641,-0.5067822887170972,-0.9114626772098912,-0.38798507375023644,0.9017024247216281,0.8150793463010589,0.9036123809436349,0.9960172318235108,0.046455159029092,0.9584923097098479,-0.9953047850675304,0.7760840230761793,0.9382038683776777,0.8846218141331961,0.9735336506711331,-0.934730369314763,-0.8381400236396485,-0.984664534910829,-0.6728834354760722,0.149471596313101,-0.6613270941165887,0.9981682495162989,0.4933746668648865,0.056832144545356886,-0.8723301318995073,0.9551582336006452,-0.9881531398113809,0.21370894894618686,-0.0330915925662684,0.6577267573731772,0.9560171335995653,-0.890164118758889,-0.947472224266809,-0.867981085394898,-0.1491707657626263,-0.9649809257189491,0.8417830936962462,0.8355615478928998,0.9199417679701987,-0.9325331715398284,0.9378647041038438,-0.3311491231602626,-0.6087302779749765,-0.9792215815753882,-0.8722528947340865,-0.9524002018383213,0.9316189272687619,0.7725559647033232,-0.3940180037597922
-0.9820378861182191,0.9957714803798421,-0.9022328057199681,0.9368522748183201,0.7247248404951706,0.964625650479786,0.9327724049523093,1.0000000050279527,0.5200682219034404,0.7927311046097966,-0.9687281939471115,0.5925002822556827,0.8192685663029182,0.4540558234071826,-0.9240883730456863,-0.8947221719310889,-0.8506842745837667,-0.9798731297953344,-0.8369953366299518,0.5226216366700932,-0.25882509110728247,-0.972591940452694,-0.8621545416171277,-0.9912690547736224,-0.944917067365858,0.4565457525189563,0.8751017826934352,0.9699953141335056,-0.49362804953904127,0.7633660197017061,0.9116080912725117,0.9176042103677166,-0.9415415213732645,0.9547593279967942,0.9201930100668659,0.7267950415769708,-0.41207732895637794,0.9547867114453027,-0.6488348577702674,-0.9792992878738163,0.9385001550879558,-0.8415166541180401,0.903328252746309,-0.8998328049930321,-0.5972112261079159,0.6612776670197991,-0.9872099908082528,0.9837753830546244,0.7374396774164292,0.9757835736555738,0.9682740023793881,0.990993811483635,0.8204005338765634,-0.9289045588789493,-0.8116584679050973,0.670340004802959,-0.25669600616293753,0.9688749275244374,-0.9803292852892486,0.9220812179864113,0.2708164216541019,0.2419948760105503,-0.8624951787332548,-0.4949693393633753,0.9855508283087123,-0.9098044654302352,-0.9883961925311234,-0.9298057549717889,-0.9550568855908463,-0.6033418299596557,-0.9880614942296896,-0.22029907005962962,-0.26392117679042665,-0.9255398397889086,0.8027547418676627,0.8359356779776137,-0.9926113699852414,0.9674769003517596,-0.23330050350710452,-0.9342218980380504,-0.3570537336597759,0.7976906693090192,0.6788309393421172,0.7636488193630463,0.9373333177376894,-0.08711925563799845,0.9648907966192218,-0.9223616723268119,0.8100651387987443,0.9181841549141564,0.9613619005812578,0.9648229145879448,-0.8970195577698029,-0.9659876672577404,-0.8680252008044853,-0.7922469379995943,0.36872692988249484,-0.8564598331300957,0.9272239304376423,0.7509532868728809,-0.28863229145905756,-0.9398095535936984,0.9949812543553471,-0.9307741699454157,0.4711942919004111,0.298793942320384,0.5677438903982921,0.9199879480437027,-0.9943453974342975,-0.8567155780011402,-0.8539118982436402,-0.4694851755907461,-0.9653248213378932,0.9204436581233071,0.9715974020177589,0.7214152393140053,-0.9256089159324342,0.8233202673209487,-0.26978712270399585,-0.8065434934810208,-0.8979350369427146,-0.9799988627097636,-0.9919756451985858,0.912575188579942,0.8987330744856703,-0.3748237265091687
-0.6460918823528154,0.48537254530623847,-0.16022065283700687,0.3227241770694868,0.49497216739361605,0.3739859574916552,0.3661774960735292,0.5200682219034404,1.0000000117898733,0.030543281853928454,-0.31564051665532417,0.0742092190703034,0.5630607135139055,0.13510233434903673,-0.45894711736262433,-0.42266587862844784,-0.2767169867951393,-0.49341726283934884,-0.05326350536255234,0.72289952793481,0.24011225921873366,-0.38643900500006945,-0.0927857155409077,-0.4524820595827387,-0.6851404018502602,0.519093721663305,0.0752423693561759,0.6172825543683323,0.4645701346381961,0.18924512830187382,0.4389744956317742,0.5239108384246741,-0.4593618787754473,0.5565571384845788,0.44177003240944285,0.7819007476013684,-0.24907641025949395,0.5440082392090247,-0.5789896572068027,-0.5274625792349108,0.6348353370086065,-0.6860127255528414,0.22843184268849215,-0.786994439359147,-0.4554919103414528,0.4964126260312369,-0.4048963995058122,0.3741222536510552,0.25387732865365786,0.39094991578939575,0.38341709719974454,0.4914004420388294,0.6066473313742003,-0.501552326541938,-0.5497059501772688,0.29990573723023073,-0.3024888417769419,0.41458349121193216,-0.44572501753457855,0.5201192964234689,-0.16483636512214028,0.382949567173462,-0.25724026341705486,-0.3704654790499914,0.5735031260771591,-0.3304801562828325,-0.47976270149537986,-0.4987403038747942,-0.5915418171312098,-0.4238185905578764,-0.6282787765453408,-0.8103518198671448,0.2957769230405582,-0.3855263585326726,0.6868234553930102,0.7013882039657,-0.5130527362713724,0.6892210326627205,0.2965725378664314,-0.32507476293764537,-0.5456179839536004,0.25135035983931237,-0.08636638856050792,-0.036330888080916675,0.43845042244633775,-0.22169611958969496,0.40088614058482813,-0.42996210017808884,0.47772513511677694,0.4449976213165779,0.3181118671663327,0.32358395949575347,-0.27380695830498536,-0.6150971951617871,-0.29054491419542444,-0.6611053056823367,0.4378511057777839,-0.49516966264454926,0.3508064538108004,0.7286725335750865,-0.5937026172776577,-0.7507439804998584,0.5094773653590985,-0.36986911468211264,0.48792178235511185,0.3912506010862569,0.10840436329409779,0.5971027643880099,-0.5473726237908003,-0.5061823578468579,-0.3526726456466285,-0.21637800381960545,-0.41875392144086454,0.25325055406855496,0.6676477583627743,0.21597956487030803,-0.4441914954410536,0.3692042263439768,-0.5378638838504423,-0.5964393537380536,-0.49124022983418053,-0.553740700947025,-0.545999933687887,0.5021122832438425,0.6272849314846659,0.30738039707274667
-0.7372273842999874,0.7851073719615271,-0.9653222915624682,0.8888527555183302,0.49692853333163023,0.9173377648736485,0.9369389066974032,0.7927311046097966,0.030543281853928454,1.0000000019590662,-0.8822731840086759,0.33606650655950215,0.5354585702784138,0.35985317937491834,-0.7432940346759628,-0.7377327671518984,-0.8450554755557633,-0.8413746874000251,-0.8654593001565364,-0.09878956404297282,-0.7199702941377816,-0.7976877953486742,-0.9798028852687057,-0.8543039271097669,-0.5804797736897231,-0.11903406191621498,0.9379574459867221,0.6726358700729992,-0.8124443288775006,0.7074624588687662,0.9031986605255193,0.7301123645624876,-0.9010209690659806,0.7193348254165339,0.6536833518195426,0.31630955444191017,-0.1392336868538218,0.807540484916162,-0.11056093267042101,-0.7255188687258396,0.5707164664200457,-0.36217100145730935,0.969707636623725,-0.49273144143559316,-0.2773599713524028,0.7421588904026064,-0.8301593698534551,0.8756021789465694,0.6923312508082436,0.8280474870906809,0.817506808370153,0.793799464719787,0.5346408931401094,-0.8756547548167982,-0.5096103444990774,0.5787211323966884,-0.15561916232119066,0.8523004776580158,-0.736168052629645,0.7863859895593175,0.4355107233860045,0.10680160965566203,-0.754579661679997,-0.300345420054086,0.7853626326275681,-0.8967625350275384,-0.8379584437396583,-0.7416920290138196,-0.8155647092645768,-0.3398419905840507,-0.7245658086643831,0.38306956263363245,-0.6069570017650854,-0.8848535740699758,0.2965585760170487,0.4333047605628716,-0.7415177344378612,0.7167030360882746,-0.6332408152752407,-0.8178002284305649,-0.2941567969610805,0.9111268557987925,0.870722934671425,0.9665942133709693,0.9051339097433683,0.07058559717964225,0.8534166989512004,-0.9138268401516775,0.6032001413226772,0.8638887611880409,0.8158003366615626,0.9056060540650631,-0.8677573628574169,-0.6664087461880481,-0.946052888860325,-0.5086624117141593,-0.08508988255345165,-0.4679791399594088,0.9360350988570333,0.21132720322866724,0.3339872477187233,-0.6472550431231813,0.8194809984323501,-0.9095829662624418,-0.030618510843665053,-0.18937879678880287,0.6087984611717426,0.8186181293081292,-0.7309206684650089,-0.8262794809552957,-0.8321274012737574,-0.025988233353457624,-0.8563015659595689,0.7631168429567119,0.6274176903916693,0.9215478340977752,-0.8046234453005756,0.8564896233659556,-0.23985076234929795,-0.3719604903990626,-0.8799717986740614,-0.6985506413638863,-0.8039213129765331,0.7876394566198062,0.5501769117395965,-0.4578503164483292
0.9112401784598225,-0.9639302283471153,0.9513375753336926,-0.9827896901535933,-0.597646257530286,-0.9823564015710033,-0.9399183638824824,-0.9687281939471115,-0.31564051665532417,-0.8822731840086759,1.0000000004391028,-0.6578347293821425,-0.6962065773381415,-0.3670214792293945,0.9417365606799469,0.8305881320528224,0.8267522134171525,0.9742373397222762,0.8756277532958243,-0.3681826436104845,0.33525500792576635,0.9519457191653273,0.9491678731828479,0.9871062037649628,0.8407379388723799,-0.31856771416082325,-0.933115054011384,-0.8873984421926805,0.6489882688818047,-0.7281302729271283,-0.9199849502265295,-0.8376043518041257,0.9313510325338148,-0.9398960249990372,-0.8582965993892282,-0.6474916163640302,0.4620948552537472,-0.9442250896758967,0.5162430682612223,0.9213477720226005,-0.8826624021679823,0.7533379490200833,-0.959752929932805,0.7646011560430652,0.4516997126358597,-0.615620344383372,0.9733860331558699,-0.9965451136583622,-0.6814633715337765,-0.9564008510859394,-0.9458183363854437,-0.951726669673111,-0.8032355815492217,0.8994927978263435,0.6889645997785039,-0.5845694113054135,0.31005142603356345,-0.987158097624936,0.9558827068705058,-0.926073999946414,-0.4416362840932298,-0.2710825810357685,0.8339345685136066,0.3553063952663707,-0.9286952207745118,0.9588594236503287,0.9822921588601591,0.8585562340445074,0.9013677168642947,0.4665965405702034,0.9359423023844718,-0.012342158367079161,0.459454369396525,0.9593885971527203,-0.6724513220171153,-0.6901179485197253,0.9534009149710662,-0.8871060345561185,0.2870340622692807,0.9132880201439699,0.3447252523925016,-0.8684127903538309,-0.7307496750929379,-0.8389572508637049,-0.9226202584968495,0.13863750247111495,-0.9405706321063493,0.9148178699470199,-0.7066760010156351,-0.937934147708305,-0.9897526016572457,-0.9729847395575058,0.8855925088981004,0.9244770126243452,0.8782052748490584,0.7618275169411127,-0.2009181451246731,0.7725157003278582,-0.9312384807616265,-0.6025175796016173,0.12353951981554315,0.8338938922178208,-0.9601624754078909,0.919204818846524,-0.3143754540651872,-0.2596282432927391,-0.5199232273491214,-0.8779154617073135,0.9511545483713703,0.8013855756480023,0.9078801343879768,0.44434437274060523,0.9380498867974786,-0.9200539773688149,-0.8918149979378057,-0.7452993226698392,0.8728218537070349,-0.7880464841967626,0.24778754852993204,0.6809136730879131,0.8748315236152993,0.9179740658078939,0.9464663778477194,-0.8453853958435958,-0.7846574463945323,0.41081532113176783
-0.46215618928219837,0.603090439615847,-0.45890956908904834,0.6294400144923099,0.11937309861581705,0.5132764904715201,0.361285197756584,0.5925002822556827,0.0742092190703034,0.33606650655950215,-0.6578347293821425,1.0000000116163383,0.26717616541029476,-0.0030709719792949073,-0.7226328663831535,-0.3400008492118727,-0.23694459678516508,-0.5659382928623427,-0.4770300974135626,0.5935188849566143,0.3709453622185101,-0.5955950907935763,-0.5097633166764745,-0.5843926790508565,-0.5226392128082533,0.5946805457545917,0.5040446145482634,0.5136577940424986,-0.3799969359259896,0.26593624735964777,0.36216025430082777,0.31792601979318713,-0.3551630676408689,0.6821909156583268,0.5606360100898696,0.5858057482654493,-0.8421030778506413,0.5382139432981681,-0.6209057313793831,-0.5591617181743771,0.7354522074623357,-0.7545585185016696,0.4663868466739922,-0.42984965301921546,-0.16697604332660795,-0.1543724878896772,-0.5922995439440629,0.6155027967287264,0.1333745309926666,0.5503996685434612,0.541911673184627,0.5439844636765637,0.692564147571871,-0.2843469948565613,-0.30249416507681864,0.05646061379905342,-0.4503449548376091,0.6368765474199115,-0.6984031429489939,0.5668082104882483,0.5545287468588711,0.38852670047333754,-0.41924662052082523,0.06918860552139565,0.455161240135239,-0.5625279044055845,-0.5936116963022784,-0.3665772510068107,-0.3362861241891158,-0.10813200406711264,-0.5803758791882581,-0.08008921093507002,-0.3513585413096562,-0.5458507125437742,0.6148074157476274,0.3699010226339234,-0.6402578291806655,0.41695136649295633,0.3471561481632431,-0.48263224177888403,-0.09771765658681963,0.38256083150452047,0.18752825178463634,0.28909466101491854,0.324376592965622,-0.4902625652023076,0.4551050977705444,-0.30462516358743624,0.22047711464087957,0.495762510121218,0.7524376450529338,0.5089874309006217,-0.35413786917277007,-0.6840723028386664,-0.22450329674240047,-0.6081001009290085,0.2251726324721027,-0.6559310351503413,0.3410587211257875,0.5691159037134084,-0.4762096881298531,-0.3629035554264604,0.5190185629438255,-0.33046180320647306,0.39452332599391887,0.7932313579300846,-0.03669408857154738,0.294975151603307,-0.6394169775724533,-0.10164277932146853,-0.5676837069203611,-0.8886135805932891,-0.4342886669148328,0.6540741811515636,0.600918084791664,0.003197758099259715,-0.32801710754415314,0.08294375019805497,0.041569131652686414,-0.5241126903242763,-0.23246074381306459,-0.5880708374716176,-0.4885003771906017,0.2564246486476813,0.44554774225784116,-0.2399743634302657
-0.8624314605973982,0.8506967510550345,-0.7124072348293286,0.5847646844289295,0.9844009107956746,0.7097844992172939,0.7430202124704938,0.8192685663029182,0.5630607135139055,0.5354585702784138,-0.6962065773381415,0.26717616541029476,1.0000000019460074,0.8387721768477726,-0.5468537273507581,-0.9634598871236542,-0.8856447031713199,-0.7072250785469613,-0.7840129694436948,0.5616777313027354,-0.2723022441502078,-0.8722566162065908,-0.5516884369496026,-0.7548299746712074,-0.9198396488413768,0.6107612856545408,0.7188662387868459,0.9241900817446063,-0.35513257778464574,0.9115914453580832,0.6357338471971615,0.963877947227911,-0.7384663738170217,0.6388516319000307,0.9404587716781039,0.4212714282696547,0.05431618246208611,0.6490120237908404,-0.7677304480984948,-0.9105318970549539,0.7181895258882764,-0.6867553157964661,0.6097808581487196,-0.9101366425645768,-0.9400939902595167,0.5632629919459343,-0.8413882231050995,0.7447343777603719,0.9221994978436573,0.871261008549761,0.8843499973815827,0.879118668733226,0.4250398011607197,-0.7748938032470589,-0.998130720698099,0.9338980317708137,0.27699597718699254,0.6566681646820808,-0.8267215706479021,0.562053978614504,-0.3273888105694366,-0.2604668201099909,-0.9204071655094759,-0.8974318253030449,0.8785836475562847,-0.5358851868638249,-0.7309764109492426,-0.9597207436759306,-0.8206312502000808,-0.9473459735666188,-0.7895041401353421,-0.5016379012981288,0.290862664962899,-0.5708178051711568,0.8444542477369525,0.9712581918458191,-0.8475100157403814,0.8485099369234672,-0.39797838378319156,-0.9005464604735576,0.057312448958019555,0.3959790970862054,0.6981334360013457,0.6370186927326261,0.7786807596098394,0.407431887459478,0.8807911389660441,-0.7379082840959335,0.9915169608940958,0.570569953819627,0.6862805694070242,0.8056787633576711,-0.8772328641362589,-0.7143477566198282,-0.7398583489788412,-0.4035109616397825,0.7606731557509082,-0.8935054720269741,0.7682811212793363,0.8232571796076661,-0.4569767555330629,-0.87275845996358,0.8484063174028846,-0.8254772627729227,0.770589150220807,0.06693260943521315,0.8369256494848707,0.7220632472305165,-0.8328102329056656,-0.8172071878923908,-0.41874408594731566,-0.3891963988726359,-0.8789493471635812,0.8428741005069058,0.8516550307210763,0.5922629857087445,-0.9306871964168094,0.8256317384685301,0.1006343674444274,-0.9311685945891173,-0.723225336846085,-0.8996811470177618,-0.8594068719433156,0.9286577163842477,0.9740807906729316,-0.6020112992840428
-0.48223707684001593,0.5209496791184794,-0.5108727967680105,0.2082381363613936,0.906487133473208,0.3720708205549591,0.45400253935741647,0.4540558234071826,0.13510233434903673,0.35985317937491834,-0.3670214792293945,-0.0030709719792949073,0.8387721768477726,1.000000004621567,-0.08954550459135735,-0.7978665302208795,-0.7717915445279311,-0.30275982888402814,-0.7077632837390149,0.22883358867445278,-0.40895145010004585,-0.6130037582849416,-0.3086598250169506,-0.3886013140564439,-0.5727788624705531,0.4353405734080352,0.5723509980085421,0.5964307154088588,-0.467108563484904,0.9000829420804163,0.26449530061890325,0.7410597815499596,-0.40018614141010334,0.17491016168343068,0.7269180695087626,-0.13409851575073262,0.4764491951324818,0.20415838859662594,-0.5444908907210171,-0.607740633448342,0.2707769719833415,-0.25237916775160874,0.31776240704602177,-0.5421510968702457,-0.9245460131855009,0.29429407211742525,-0.5480229788357466,0.41065528026466874,0.9093917392151251,0.6099892809176214,0.6386796470538396,0.5687680274769688,-0.10803082188000498,-0.4493765787111589,-0.8443013360054059,0.9492417123000223,0.7415585780970118,0.26129460727532017,-0.5048423988300738,0.09527844749973156,-0.6237081748382408,-0.7402029556365654,-0.818842047511335,-0.9664095789698419,0.5387248564973113,-0.14681080917424802,-0.3399473906985074,-0.7363564778011651,-0.46311188765839745,-0.9498608942244265,-0.3659186809676461,-0.2940233595412182,0.49256930447046954,-0.1688686436610269,0.5293827834663626,0.7163162335228771,-0.5032878698631135,0.45158421780278396,-0.6452283443282146,-0.7129288547739125,0.5440709135546246,0.0357601469273428,0.7408949585090366,0.5686822950443122,0.476859925580755,0.8159848198768597,0.6317372472197667,-0.4261372917109989,0.8715985253597505,0.14850947624554842,0.3494706800078845,0.5456675676228662,-0.7273362155326405,-0.2607408498647048,-0.5271616902870995,0.14594909517808521,0.7771422132490367,-0.6601860909281325,0.5048707908240169,0.5090501325384803,-0.261619051203217,-0.48056380300678747,0.5113923939372086,-0.5847474983349336,0.7029641810600287,-0.2829462010060458,0.9463263729071185,0.3277540300955785,-0.46376794149144895,-0.5645237262327875,0.01587860425433462,-0.2004931051531695,-0.6216475326910691,0.6533655639103086,0.45415276732186377,0.4237567633335601,-0.7197262418975923,0.6594695809558718,0.5517179247647535,-0.7091079296359012,-0.3931389779336262,-0.5769064967660209,-0.5155525958312309,0.701630688817,0.7144616495635313,-0.859330149090856
0.8753546055785343,-0.8960007969972859,0.805223973154872,-0.9670289497657812,-0.40925069419872184,-0.9198325033260593,-0.8407281210662354,-0.9240883730456863,-0.45894711736262433,-0.7432940346759628,0.9417365606799469,-0.7226328663831535,-0.5468537273507581,-0.08954550459135735,0.9999999995988728,0.6588862233516097,0.6212007347929484,0.9612439914026781,0.6645677356409352,-0.48418391512980746,0.10182157094343997,0.8396426106820307,0.8496755855239798,0.9436360125789056,0.8022641519479285,-0.3429664744703363,-0.7602486217503703,-0.8232474008809794,0.40907748809168065,-0.4834689103351565,-0.8884233259732306,-0.698413830258882,0.8655875261951322,-0.9905684340216108,-0.7318522177880401,-0.8444507061620292,0.6905725696409495,-0.9677192982795872,0.5069962141372337,0.8378360617908676,-0.9351244321433604,0.8359790505420694,-0.8792691917847673,0.7518787829250055,0.2702493318964755,-0.5588934822225686,0.8797667133720134,-0.9339247715633727,-0.4368913929520947,-0.840241618634779,-0.8205140378371999,-0.8666672221996077,-0.9545814228017265,0.8241433882392378,0.5401559488161208,-0.3393986858457317,0.5908841416858904,-0.9761490223863063,0.8958887758997462,-0.9789909325023921,-0.5952646612549735,-0.5646247498331454,0.6318392143084753,0.12806466447156237,-0.8604639445406123,0.9558966483912167,0.9589143980359928,0.7190085245298106,0.8462466108235664,0.2637926659751708,0.9386768683464939,0.08291341656820574,0.5265702479015396,0.9596877954342009,-0.672997660574695,-0.6138675165822827,0.9010700178406521,-0.8653998195759388,-0.013766653248702803,0.7527257764620918,0.5782185893358807,-0.8676897632261977,-0.46391020745911377,-0.6293441882123826,-0.8294140153823071,0.4445096282480232,-0.8113081993280521,0.8320280199709755,-0.5249231134402637,-0.9521364723615675,-0.9484625607425812,-0.8541273600922489,0.6989161277604198,0.9656862421267811,0.7346144760201577,0.9288302706275661,-0.08674182371131749,0.6940470476661277,-0.8138455769019501,-0.6186662404381164,0.21535579235305388,0.8159403954246678,-0.8904851153634976,0.7842117148615129,-0.23831727774148173,-0.4792903938258748,-0.2325876780818559,-0.8578495494930998,0.9164919724941254,0.6849550541864762,0.9586602348400268,0.4916017111488104,0.812988586044603,-0.7797794646906573,-0.8855099461842774,-0.6022955467328569,0.720922975244786,-0.6176324045344617,0.4754671121249032,0.6038171059297209,0.8090145079987342,0.8516673837774564,0.8809344450049189,-0.7046103851603025,-0.6932220685448572,0.10495238244742243
0.9043825775991575,-0.9213940393753091,0.8719579392227933,-0.7375909302774941,-0.9399131674519164,-0.844590958088714,-0.8746326765045017,-0.8947221719310889,-0.42266587862844784,-0.7377327671518984,0.8305881320528224,-0.3400008492118727,-0.9634598871236542,-0.7978665302208795,0.6588862233516097,1.0000000017859576,0.9710217948561846,0.8151446916961113,0.9111104920869064,-0.41538852599563686,0.43634961036061587,0.9489118240225751,0.7463362081433204,0.8617711894762318,0.9077745898265652,-0.463459708657691,-0.87605149217108,-0.9412366475598766,0.5648610777895304,-0.9602759389802826,-0.7705317293890998,-0.9914563038224006,0.8548625399742911,-0.7224942388451397,-0.961523422531845,-0.4101382431504854,-0.0002813016524661659,-0.75289951702226,0.6569150911896292,0.9512631375734752,-0.7440216498561728,0.6563805700050889,-0.7829337380885528,0.86637260950313,0.8446246000356995,-0.6476728247200655,0.9308685643007121,-0.8648523941492527,-0.9576074813537995,-0.955169754621368,-0.9634583612576598,-0.9458508681323606,-0.48807398924098,0.873970914197439,0.9563482954826972,-0.9307528507191379,-0.19615176848184873,-0.7823440545256781,0.8923518012041146,-0.6760469836838746,0.1286625825357912,0.2024670968084893,0.9806798333545792,0.814384119321236,-0.935741915679419,0.6965376469413918,0.8356936925156869,0.9939971390125255,0.8913665901956795,0.8687049163826347,0.8436267910180957,0.2666075669044449,-0.04698074894512725,0.7187687907311094,-0.7669049018617224,-0.9047688397042442,0.9057282490024132,-0.8831223848897546,0.5217022145198409,0.9792107716175719,0.003567752804288777,-0.5831997917254331,-0.8415356219721649,-0.8166197774485103,-0.8903159024287031,-0.36338051986575065,-0.9672674034986146,0.8584974825534776,-0.9793812090762112,-0.7077543520410142,-0.8058374991297218,-0.9248845205720961,0.9734970109286489,0.7675643437406957,0.8756666317234089,0.457191067858607,-0.5945508126185954,0.869059540942588,-0.8960384979623768,-0.7214178966165631,0.2662139350323878,0.8788585700644665,-0.9255002634611472,0.935255700524679,-0.6194511008317015,0.0005920929960188065,-0.8670108902608336,-0.8079655801394693,0.8882737484122821,0.8907267993199169,0.578680270671942,0.3439482228103436,0.9649064030087552,-0.9241388605415194,-0.8667060670789009,-0.7436123299867315,0.9896163655944428,-0.9141923782103935,-0.051188119635290866,0.8641931459849119,0.83105274078516,0.9336977676915502,0.9273665580475426,-0.9777661905114814,-0.9464318251886793,0.6596204335719933
