1.0000000096843267,-3.0998599459297316e-07,-3.199495450157634e-07,-2.927227950819942e-07,-2.972479009574169e-07,-3.551985948395427e-07,0.9999880716744061,-3.1107370770801424e-07,-2.933458611370873e-07,-3.0973951489984974e-07,-3.0008587633120577e-07,0.9999880553514845,-3.4603499572114844e-07,-2.9834451189073584e-07,0.9999880682465068,0.9999880604448974,-3.102719942039239e-07,-3.2253668782775493e-07,-3.361325779945716e-07,-3.352121528413678e-07,0.9999880825309514,-3.321372980025389e-07,-3.181270252377354e-07,-3.108375800441818e-07,-3.2753245773042784e-07,-2.874269080085428e-07,0.9999880205956979,-2.8711245513400505e-07,-3.4064255424904363e-07,-3.100361051492701e-07,0.9999880567880207,0.9999880564507282,-3.1354976909516686e-07,-3.3304188336194244e-07,0.9999880714935032,-3.4549663810568816e-07,-3.3071352290079793e-07,-3.1735759384549964e-07,-3.4521467395488064e-07,-2.9543101684292523e-07,-3.6233866898517924e-07,-3.0588945133311626e-07,-3.68430282551737e-07,-3.1014650638087296e-07,-3.151272206195549e-07,0.9999880653957965,-3.1732659502157184e-07,-3.377028683986537e-07,-3.17993987077627e-07,-3.2297615685859053e-07,0.9999880881531663,0.9999880828292328,-3.0714251145070484e-07,-3.409446928891433e-07,-3.501400277997427e-07,-3.159657791166037e-07,-3.012538673570803e-07,-3.2584151344910973e-07,-3.8260496746269727e-07,-3.954425492834294e-07,-3.673000911046686e-07,-3.1460182739926775e-07,0.9999880837173102,0.9999880642410582,-3.5239354407996154e-07
-3.0998599459297316e-07,4.381661205376992e-06,1.0342232395208629e-18,9.785976004173256e-19,8.383526544867448e-19,1.5542814409266988e-15,-1.0616252557360423e-07,-2.145590436170675e-16,2.824401612787351e-19,1.1849053330506285e-15,-1.6830609594443796e-18,-1.0616252444517491e-07,-1.754444779335073e-15,2.6801082145319335e-17,-5.331164679813723e-11,-5.331164612674811e-11,1.197578069516564e-15,-1.1574852354582417e-15,3.2526849759768135e-18,2.3649889960621228e-18,-5.3311648352304885e-11,-3.7124682694420553e-16,1.8044179800982125e-18,3.3789076077467457e-19,-1.4341811820666028e-16,4.529705426174927e-17,-5.3311643845467017e-11,-7.515935793928973e-17,2.177949999892639e-15,-2.7374984970152236e-15,-5.331164593712365e-11,-5.3311644777565706e-11,1.6528334903280841e-15,-1.8232459327798336e-19,-5.331164699757621e-11,-2.5760740507375863e-15,1.4799234730508939e-15,2.183062743905822e-19,4.669952168605197e-19,1.443110886784966e-18,1.4640614380115145e-18,-2.9530932163139356e-18,3.090896382313155e-15,1.2313477988469472e-18,-8.515314955501992e-19,-5.331164698916059e-11,3.734753080425328e-15,-1.5634396794933456e-19,1.6497350538538255e-15,-6.819031579107541e-19,-5.331164832775613e-11,-1.0616253148564035e-07,-7.068111320733937e-16,1.78248986284536e-18,1.367379435134927e-15,-9.105641214494294e-15,-1.633429856649487e-18,1.4537697343588356e-18,7.898535476201297e-19,2.2595210786315195e-15,-2.1185924454015364e-16,-1.4467387224422472e-18,-5.331164763806876e-11,-1.0616252471425144e-07,3.2213275843881175e-15
-3.199495450157634e-07,1.0342232395208629e-18,4.381661206889899e-06,-4.823760614692395e-19,1.845413293984067e-19,-2.5670933197906156e-19,-1.1612584840136571e-07,-7.149849496323483e-19,-7.997289372177735e-16,-5.767997890221004e-19,-2.846616643992605e-18,-1.1612584726563836e-07,-4.5844695099063885e-15,-1.5533051409132858e-15,-5.831493161760578e-11,-5.831493108474792e-11,-2.881604531785122e-16,-3.44229637373789e-15,1.6036327298151478e-18,3.1970350940412686e-15,-5.831493332810617e-11,-1.6044977819411758e-18,2.5922883467809786e-15,-3.9088287394940045e-16,-2.2562668329518635e-15,-1.3468066586183508e-15,-5.831492777666212e-11,-1.4924029491260449e-15,2.2554352921021703e-19,-2.34195748161382e-18,-5.831493059353666e-11,-5.831492907815099e-11,-3.830011535036129e-19,-2.653181331076059e-15,-5.831493199556437e-11,-2.8818584563412215e-18,-2.131993930249446e-19,-6.249738552536675e-19,-1.829003453703808e-15,1.20723092100141e-15,5.843972546249388e-16,-4.799917953212057e-18,1.1043422236679454e-15,1.070707772036742e-15,-4.221138872896921e-15,-1.1612584889826967e-07,1.171303266205038e-18,-6.482807061387105e-19,1.4775135941321993e-16,-3.3689459718139162e-15,-5.831493319679304e-11,-1.1612585560055242e-07,-1.3041944728846788e-18,2.5455660439459075e-15,-9.258108597533449e-20,-6.8731573720984775e-18,-5.293754473873173e-15,1.4034089456125665e-15,-1.3079957450019263e-15,-1.6351076040599214e-19,-1.659152231567026e-18,-2.341506835334892e-18,-1.161258512561599e-07,-1.1612584745018198e-07,1.5367106928941736e-15
-2.927227950819942e-07,9.785976004173256e-19,-4.823760614692395e-19,4.38166120429004e-06,6.140666938554745e-16,-1.3655313504958964e-19,-8.889970334554762e-08,-8.637321451611696e-19,-6.111465613658867e-16,-8.366147373704867e-20,-2.5178021729956296e-18,-4.46427747907948e-11,-1.6820526728049259e-18,-1.1877224752757994e-15,-4.4642775205291965e-11,-4.46427747832596e-11,-1.8207186146242111e-19,-1.659089487919219e-18,2.6297149103999617e-15,8.806167332788192e-19,-8.889970691559152e-08,-2.0039711177951806e-15,9.240063947964612e-19,-2.982681074884338e-16,-1.7252794857263855e-15,-7.837055726618799e-19,-4.464277327620365e-11,-1.8916408165265292e-19,3.2818238062001707e-16,-1.8395039692627883e-18,-4.464277498154627e-11,-4.464277386103744e-11,1.7467377423074174e-16,-2.0297904809023836e-15,-8.889970464841315e-08,-4.289181237870243e-15,-2.1233572135736424e-16,-4.680490478800925e-19,-1.3994079065463908e-15,9.24500104248125e-16,4.479597040575664e-16,-6.972858943031171e-15,4.598272414421003e-19,8.203364484210307e-16,-1.8516940971469915e-18,-4.4642775563972446e-11,2.1198249677779907e-15,-1.1967854251802148e-15,1.137677921747456e-16,-1.359037535849809e-18,-8.889970692141529e-08,-4.464277798889835e-11,-1.5339170084127175e-18,8.443360641796742e-19,-3.306048106784287e-19,-5.254268504856036e-18,-4.0500050747600275e-15,4.6129594788891415e-19,-1.000661924277709e-15,-3.660966480413912e-19,-1.1642052055424524e-18,-1.801886907028021e-18,-4.4642776083814916e-11,-4.464277484575638e-11,1.1763950993814426e-15
-2.972479009574169e-07,8.383526544867448e-19,1.845413293984067e-19,6.140666938554745e-16,4.3816612070391815e-06,3.4137930384716165e-16,-4.691510163191061e-11,1.0038991340066329e-19,-1.3660242337265016e-16,6.571556825156274e-20,-2.0382225566152193e-18,-4.6915101164268125e-11,-2.7332418512950464e-15,-3.4244787567052164e-19,-4.6915101845526923e-11,-4.69151013456729e-11,3.406472081226165e-16,-1.9894043216958233e-15,1.5453696219435204e-18,3.1167447729839115e-15,-9.342472132172707e-08,-1.1664605152262318e-18,1.503934534364384e-18,2.6553201576940723e-16,-5.521593328470327e-19,-5.828990254011369e-16,-4.6915099520416675e-11,-6.951414065013627e-16,1.0433727923135473e-15,-1.6546541959397885e-18,-9.342471709792778e-08,-4.691510034779965e-11,4.588619789676054e-19,-1.3354757513736985e-15,-4.691510230618501e-11,-1.7707113639187524e-18,4.062546076477306e-19,-6.246127487227579e-16,-4.820202360847949e-19,1.3976291257425342e-15,1.2759881263038007e-15,-6.381112299884506e-15,7.359729525602741e-19,1.291642762302247e-18,-2.6195082772300768e-15,-9.342471806829373e-08,2.698174566919941e-15,-4.1805158890776136e-19,5.034120425197902e-19,-1.5812677651188563e-18,-4.691510304864418e-11,-4.691510480041041e-11,-7.134829567686092e-19,8.684793744465614e-19,2.0226104210674854e-16,-9.493133549073046e-15,-3.5062664651452785e-15,1.7064495221891855e-15,-5.454366392179901e-17,7.086645819969077e-16,-7.518545891746711e-19,-3.048232013411024e-15,-9.342471995177693e-08,-4.691510125242087e-11,9.863284133137964e-19
-3.551985948395427e-07,1.5542814409266988e-15,-2.5670933197906156e-19,-1.3655313504958964e-19,3.4137930384716165e-16,4.381661202788353e-06,-7.601555515283117e-11,-1.8229162393190744e-18,-1.825991987321059e-15,-1.2659562208650594e-15,-4.3559108549048554e-18,-7.601555419051544e-11,-7.45256436943976e-15,-1.9880527729835855e-18,-1.5137411224262756e-07,-1.5137410930403098e-07,-1.2608223734231753e-15,-2.7659749673237462e-18,1.3141788346391871e-18,3.324136244757022e-15,-1.5137411669142983e-07,-2.4225691191865804e-18,9.557675788762924e-19,-6.590790710515651e-19,-4.1045937404823506e-15,-2.5294191968341968e-15,-1.5137410303414394e-07,-1.2975306334986344e-18,3.777395327683144e-19,-8.01998114687037e-15,-1.5137410948709637e-07,-7.601555257660274e-11,-2.977774722532093e-19,-4.694160290013144e-15,-1.513741127013605e-07,-4.6879717794936514e-18,-9.005133401507947e-19,-3.131925420467233e-15,-3.660754292689469e-15,6.181451475181841e-19,-4.849903849775576e-16,-1.334574361094766e-14,1.7977433282611115e-16,6.067638529957272e-16,-6.702545231857009e-15,-7.601555480330755e-11,1.1330290806999717e-18,-3.2379209210528925e-15,-7.246176737467929e-16,-2.7128975240065135e-18,-1.5137411665514257e-07,-7.601556036567345e-11,-4.437751597318498e-15,2.3826550961679997e-15,-2.2129782474566586e-15,-1.9154464491530938e-14,-8.06337942062299e-15,9.362590241754622e-16,-1.4507472051499965e-18,-2.0931888486317975e-15,-2.517244684982236e-18,-3.464779084733931e-18,-1.5137411418401198e-07,-7.601555449197649e-11,6.923727044608733e-19
0.9999880716744061,-1.0616252557360423e-07,-1.1612584840136571e-07,-8.889970334554762e-08,-4.691510163191061e-11,-7.601555515283117e-11,0.9999712677698284,-5.38578511765292e-11,-4.49556532177202e-11,-5.318787123094446e-11,-9.626257755362768e-08,0.9999668697865616,-1.4221068987105338e-07,-9.452128758328728e-08,0.9999668826813121,0.9999668748798669,-1.0644851160800983e-07,-1.1871291314933166e-07,-1.3230855017993056e-07,-6.597919063877993e-11,0.9999668969654537,-6.44351201733301e-11,-5.739974307141564e-11,-1.0701408370090095e-07,-1.2370857778025108e-07,-4.198339489979724e-11,0.9999668350315319,-4.1825489836333e-11,-1.368184062057338e-07,-1.062126037756709e-07,0.9999668712230707,0.9999668708857732,-1.0972621523204546e-07,-6.488936451626461e-11,0.9999668859282358,-1.4167234308379972e-07,-1.2688958783405207e-07,-5.7013359654697027e-11,-1.4139040515216757e-07,-4.6002735430626904e-11,-7.960101224086895e-11,-1.0206601519922937e-07,-1.6460552154497573e-07,-5.3392247361500734e-11,-1.1130360504892907e-07,0.9999668798306617,-5.699779915251602e-11,-6.72299199838416e-11,-5.733293090145875e-11,-1.1915237587029589e-07,0.9999669025875447,0.9999668972637387,-5.18837592153228e-11,-1.3712054321282638e-07,-1.4631566117978972e-07,-1.1214208518175328e-07,-9.7430554428408e-08,-1.2201769542774053e-07,-8.9777910086504e-11,-9.622441988321475e-11,-8.209242892814668e-11,-1.1077821670424555e-07,0.9999668981517837,0.9999668786759364,-1.4856914273982467e-07
-3.1107370770801424e-07,-2.145590436170675e-16,-7.149849496323483e-19,-8.637321451611696e-19,1.0038991340066329e-19,-1.8229162393190744e-18,-5.38578511765292e-11,4.3816612044808905e-06,-1.389327342631971e-18,-2.2005600614603817e-20,-4.2153132814080196e-18,-1.0725020354308507e-07,-7.901362371152154e-15,-3.6117910691116165e-15,-5.3857851671197325e-11,-1.0725020376519004e-07,-2.465182214755667e-15,-6.173142565013358e-15,1.7057020987368688e-19,8.521832958984119e-16,-1.072502093427557e-07,-2.801788744704986e-18,5.343548876419966e-16,-2.589649106961844e-15,-2.4489715577917753e-18,-1.831818154551392e-18,-1.0725019932698706e-07,-1.6548082117906054e-18,-1.294648973821882e-18,-4.03506417955864e-18,-5.385785109099264e-11,-1.0725020085637676e-07,-1.966245455757591e-15,-2.8697780188983558e-18,-5.385785254168436e-11,-4.505905916428789e-18,-2.8684452191025745e-15,-1.2988230313157733e-18,-4.863689496754002e-15,-5.259235872676005e-16,-2.561369037417499e-15,-1.2056884579124338e-14,-2.1144131646098426e-15,-9.722535335488919e-16,-3.438294349115491e-18,-5.3857851528300737e-11,1.4120446136798082e-19,-2.7918242517646885e-18,-1.1591496314791366e-18,-3.1895934673356204e-18,-5.3857853402353093e-11,-1.0725021209021868e-07,-4.959521952191779e-15,2.7786363574221124e-20,-2.126523067089383e-18,-1.6833767619913998e-14,-4.203203258043495e-18,-6.380277344435002e-19,-5.0479743237551024e-15,-2.3178706682070416e-18,-3.252675410958893e-18,-7.483191717972204e-15,-1.0725020733637397e-07,-5.385785101292629e-11,-5.015138057550628e-19
-2.933458611370873e-07,2.824401612787351e-19,-7.997289372177735e-16,-6.111465613658867e-16,-1.3660242337265016e-16,-1.825991987321059e-15,-4.49556532177202e-11,-1.389327342631971e-18,4.381661206569717e-06,-4.556776476982876e-19,-2.878045165750767e-18,-4.4955652606818027e-11,-5.117057109066e-15,-2.1370148251641047e-15,-8.952275354778348e-08,-8.95227517711416e-08,-5.232888468752707e-19,-1.8768754653836653e-18,1.7508464617863137e-15,1.5570724539187528e-15,-4.495565482732395e-11,-1.7277426685260744e-18,6.554708283292776e-19,-4.770090730088756e-19,-2.985553301922074e-15,-1.867179743296694e-15,-8.952274807460121e-08,-6.644766605795998e-19,-1.9580760042568254e-19,-3.0949123890665435e-18,-4.49556524990357e-11,-4.4955651585385576e-11,-7.64298403753626e-16,-3.3707342747415517e-15,-4.4955653848456025e-11,-5.976505419466894e-15,-5.20621497494561e-19,-8.4635502710805e-19,-1.2369344661459942e-18,2.2206541616270595e-16,-1.049743622734519e-18,-8.595602021786706e-15,-5.023450233335911e-16,-2.1283866932084075e-17,-1.9722285652427906e-18,-8.952275285609976e-08,6.630726782804172e-19,-2.490630976185477e-15,-4.2984695527818774e-19,-3.8875637328969644e-15,-4.495565488845457e-11,-4.4955656032731536e-11,-1.4044337755978767e-18,1.5349692561801535e-18,-8.414812695563305e-19,-6.074244315980783e-18,-5.324965116214973e-15,1.2315208499748021e-16,-2.6666363953583307e-15,-1.0610714832821397e-18,-2.0019038780695467e-18,-2.904455044155876e-18,-8.95227546842561e-08,-4.495565262751218e-11,-1.1953689098066264e-18
-3.0973951489984974e-07,1.1849053330506285e-15,-5.767997890221004e-19,-8.366147373704867e-20,6.571556825156274e-20,-1.2659562208650594e-15,-5.318787123094446e-11,-2.2005600614603817e-20,-4.556776476982876e-19,4.381661207492096e-06,-5.900917081790255e-15,-1.0591603909338303e-07,-5.016406045499817e-15,-1.2052175790847302e-18,-1.0591604139293179e-07,-1.0591603935299872e-07,-7.636644077083224e-16,-2.069032549156621e-18,2.658773399596387e-15,1.1729666644466902e-18,-5.3187874009779976e-11,-1.5394430653074935e-18,1.9396243712588794e-15,-2.6346403365319327e-19,-2.7149485241810712e-15,-6.990989504166001e-19,-5.318786916181875e-11,-8.46626913870259e-19,-4.231449460643096e-20,-2.240263339370011e-18,-1.059160394797037e-07,-5.3187870289053707e-11,-2.377996259970004e-19,-1.5706417588802863e-18,-5.318787268974311e-11,-3.4096170505576202e-18,-1.0180566962560129e-18,-2.0528002616678682e-15,-2.3920715845728606e-15,7.268137494534613e-16,-9.828149362742001e-21,-9.138974639042827e-15,2.9205555296094116e-16,2.992254437848227e-19,-2.5855566735244414e-18,-1.0591604059905268e-07,1.0647009723630577e-18,-1.122880344275134e-18,-1.0415862461086878e-19,-2.1464085153654632e-18,-5.318787428009921e-11,-5.318787518943929e-11,-2.967384399047039e-15,7.5279811487646365e-19,-3.497125623187738e-19,-1.3151866593062796e-14,-5.483715901352169e-15,3.7876716613884177e-19,-2.0689311438617235e-15,-7.386206877340239e-19,-3.618927006350286e-15,-5.059585196202397e-15,-5.3187872878324193e-11,-1.0591603922343144e-07,7.769107149981044e-16
-3.0008587633120577e-07,-1.6830609594443796e-18,-2.846616643992605e-18,-2.5178021729956296e-18,-2.0382225566152193e-18,-4.3559108549048554e-18,-9.626257755362768e-08,-4.2153132814080196e-18,-2.878045165750767e-18,-5.900917081790255e-15,4.38166119402518e-06,-9.626257696723418e-08,-1.327520951744133e-14,-6.913145126184521e-15,-4.834019835784029e-11,-4.83401969429538e-11,-5.920152476052758e-15,-5.367444561829365e-18,-2.5168609509459845e-15,-1.4000934148187702e-18,-4.834020010057067e-11,-5.4325182670982475e-18,-1.4447511365657137e-18,-6.081546352524024e-15,-4.758991871311114e-18,-3.037327417037727e-18,-4.834019492586766e-11,-6.249754395754373e-15,-6.593608152104755e-15,-1.2196396244528413e-14,-9.62625774195023e-08,-9.626257381633723e-08,-5.432968430697422e-15,-5.087723361104253e-18,-4.834019844191553e-11,-7.191887397834761e-18,-6.976258667733936e-15,-4.1122165879987844e-18,-4.906580059615351e-18,-1.0313752219933722e-18,-3.901302914495054e-18,-8.588859187477753e-18,-7.179949961237034e-15,-2.1856746009286075e-18,-1.1196927709926675e-14,-4.8340197672824085e-11,-1.2795055474406616e-18,-8.98265157848356e-15,-5.768209420411287e-15,-5.119213330048685e-18,-9.626258264274395e-08,-9.62625861012301e-08,-4.562568081253906e-18,-1.8273426991225702e-18,-8.587420353184816e-15,-1.1285674722263065e-17,-5.86323399015033e-18,-2.398040950586955e-18,-1.1002527574459713e-14,-5.104510702179362e-18,-1.2379227856511304e-14,-6.184915016461494e-18,-9.626258056267641e-08,-9.626257672527886e-08,-5.7920266790195936e-15
0.9999880553514845,-1.0616252444517491e-07,-1.1612584726563836e-07,-4.46427747907948e-11,-4.6915101164268125e-11,-7.601555419051544e-11,0.9999668697865616,-1.0725020354308507e-07,-4.4955652606818027e-11,-1.0591603909338303e-07,-9.626257696723418e-08,0.9999712351246813,-7.141396357316604e-11,-4.7465768318342415e-11,0.9999668663587437,0.9999668585572989,-1.0644851060094115e-07,-1.187129122091308e-07,-1.3230854869933594e-07,-6.59791901538239e-11,0.9999668806428857,-6.443511892482464e-11,-1.1430338679197509e-07,-5.373927542032864e-11,-6.212275474752501e-11,-4.1983394523411006e-11,0.9999668187089652,-4.18254893344904e-11,-6.870611399802409e-11,-5.333680153470259e-11,0.9999668549005017,0.9999668545632059,-1.0972621416371387e-07,-6.488936482625164e-11,0.9999668696056682,-7.114362210369045e-11,-6.372016023411303e-11,-1.1353394893889454e-07,-1.4139040389222245e-07,-4.600273490024136e-11,-1.585140369425179e-07,-5.125451274056363e-11,-8.2659972026289e-11,-5.33922471799697e-11,-5.589334978247843e-11,0.9999668635080928,-5.69977985770933e-11,-6.722991920635546e-11,-5.73329304636771e-11,-1.1915237492168645e-07,0.9999668862649781,0.9999668809411717,-5.18837584920608e-11,-1.3712054173839248e-07,-7.347535289366212e-11,-1.1214208488440673e-07,-9.743055380631189e-08,-1.2201769417002236e-07,-1.7877987091205532e-07,-9.622441819617816e-11,-1.634753291088699e-07,-5.562951543038654e-11,0.9999668818292171,0.9999668623533676,-1.485691412119623e-07
-3.4603499572114844e-07,-1.754444779335073e-15,-4.5844695099063885e-15,-1.6820526728049259e-18,-2.7332418512950464e-15,-7.45256436943976e-15,-1.4221068987105338e-07,-7.901362371152154e-15,-5.117057109066e-15,-5.016406045499817e-15,-1.327520951744133e-14,-7.141396357316604e-11,4.381661192913502e-06,-3.3152283521035007e-18,-1.4221069216627886e-07,-1.422106890245079e-07,-5.028460461639632e-15,-1.0582132107784527e-14,-6.924652767703272e-20,-1.7316995291574564e-19,-1.42210696832106e-07,-9.68393387396404e-15,-7.769639129255664e-16,-5.216882132587167e-15,-4.2177526367705175e-18,-2.6427018769132834e-18,-1.4221068311284397e-07,-3.0601377873713067e-18,-5.193134813068322e-15,-1.2864109338956708e-14,-7.141396440404748e-11,-1.422106848482657e-07,-1.7207755319454704e-18,-4.98062630624427e-18,-7.141396557352008e-11,-1.5017441497221324e-14,-2.8369845265980477e-18,-7.437570307233294e-15,-8.987323471645861e-15,-7.790189321465082e-19,-5.875349749968312e-15,-9.56339489597828e-18,-2.6938036960626444e-18,-2.857710970992877e-15,-1.150504835555155e-14,-1.4221069093783386e-07,-2.6691496437250613e-19,-8.24164787734568e-15,-2.4784399920664748e-18,-1.0484033241302436e-14,-7.141396780520736e-11,-1.4221070082464354e-07,-8.609773613729522e-15,-9.287783964717242e-19,-7.471130578480195e-15,-1.2589751638711014e-17,-1.2617395091575042e-14,-1.361656063119034e-18,-5.384867958650606e-18,-8.85421634169772e-15,-6.296827022560755e-18,-1.2377355247707755e-14,-1.4221069389818873e-07,-7.141396382117671e-11,-1.8185755530634565e-18
-2.9834451189073584e-07,2.6801082145319335e-17,-1.5533051409132858e-15,-1.1877224752757994e-15,-3.4244787567052164e-19,-1.9880527729835855e-18,-9.452128758328728e-08,-3.6117910691116165e-15,-2.1370148251641047e-15,-1.2052175790847302e-18,-6.913145126184521e-15,-4.7465768318342415e-11,-3.3152283521035007e-18,4.381661209595253e-06,-4.746576953525732e-11,-4.7465768812624255e-11,-1.9140329899192975e-15,-2.4918742527531936e-18,1.2090014694365546e-15,9.973248799293748e-16,-4.746577131846151e-11,-2.354664981110314e-18,6.890843419850266e-16,-1.1721066063194028e-18,-4.041797769137617e-15,-1.4047124184974406e-18,-4.74657666715932e-11,-1.190695120674715e-18,-1.3744947430749206e-18,-3.3717889899667655e-18,-9.452128713519789e-08,-4.746576727734171e-11,-1.608935002909018e-18,-4.504512328132602e-15,-9.452128919595698e-08,-7.491373467053581e-15,-1.8594203534288098e-18,-1.674061745801643e-18,-1.9767297068764928e-18,-2.7081870792736275e-16,-1.893222176520532e-15,-1.019716481567138e-14,-7.556355668017246e-19,-6.264195738168008e-16,-3.1274041694361193e-18,-9.45212881545822e-08,8.691907716475439e-16,-1.518697290701956e-18,-8.916589091433419e-20,-5.025581510775309e-15,-4.746577122874426e-11,-4.746577221660821e-11,-4.072044621978151e-15,2.9271372045136915e-16,-2.9634776481249378e-15,-1.4297844632659838e-14,-3.358186226510311e-18,-5.537810934137074e-16,-1.5816810021998111e-18,-3.3294201887781447e-15,-2.38557751734794e-18,-6.234300278341552e-15,-9.452129009459776e-08,-9.452128679720952e-08,-8.394678955259165e-16
0.9999880682465068,-5.331164679813723e-11,-5.831493161760578e-11,-4.4642775205291965e-11,-4.6915101845526923e-11,-1.5137411224262756e-07,0.9999668826813121,-5.3857851671197325e-11,-8.952275354778348e-08,-1.0591604139293179e-07,-4.834019835784029e-11,0.9999668663587437,-1.4221069216627886e-07,-4.746576953525732e-11,0.9999712609142087,0.9999668714520498,-5.345526366545041e-11,-5.961408293591158e-11,-1.323085513054453e-07,-1.3138813395423647e-07,0.9999668935376356,-6.443512026657004e-11,-5.739974383198573e-11,-1.0701408502559408e-07,-1.2370857954669383e-07,-4.198339519485027e-11,0.9999668316037144,-8.328948000615512e-08,-6.870611531713269e-11,-1.0621260572432806e-07,0.999966867795253,0.9999668674579566,-5.51012278523942e-11,-6.488936583059118e-11,0.9999668825004178,-1.416723455094378e-07,-1.2688958938164135e-07,-1.1353395150032895e-07,-1.4139040707806737e-07,-4.600273583058262e-11,-7.960101387083578e-11,-1.020660176103056e-07,-1.6460552336160731e-07,-5.3392248274521633e-11,-1.1130360692718961e-07,0.9999668764028448,-1.1350297469743469e-07,-1.3387877014465546e-07,-5.7332931299465744e-11,-5.983476855571537e-11,0.9999668991597278,0.9999668938359207,-5.18837599162519e-11,-6.885783727029541e-11,-7.347535455177469e-11,-1.12142088259979e-07,-4.892672101977565e-11,-6.127364062522602e-11,-1.7877987486854534e-07,-9.622442035992632e-11,-8.209242990505238e-11,-5.562951622186952e-11,0.9999668947239667,0.9999668752481181,-1.485691443094984e-07
0.9999880604448974,-5.331164612674811e-11,-5.831493108474792e-11,-4.46427747832596e-11,-4.69151013456729e-11,-1.5137410930403098e-07,0.9999668748798669,-1.0725020376519004e-07,-8.95227517711416e-08,-1.0591603935299872e-07,-4.83401969429538e-11,0.9999668585572989,-1.422106890245079e-07,-4.7465768812624255e-11,0.9999668714520498,0.9999712453113115,-5.345526242725628e-11,-1.1871291242935712e-07,-6.644139618917221e-11,-6.597918991754132e-11,0.99996688573619,-6.443511876104457e-11,-5.739974231695464e-11,-1.0701408295460198e-07,-1.2370857698312833e-07,-8.360392308043695e-08,0.9999668238022696,-4.1825490038281156e-11,-6.870611398081134e-11,-5.3336801479009644e-11,0.9999668599938084,0.9999668596565103,-5.5101227164441935e-11,-1.292178867862636e-07,0.9999668746989717,-7.114362166603887e-11,-1.268895869419367e-07,-5.701335910490413e-11,-7.10020374731435e-11,-4.600273488615381e-11,-7.9601012561223e-11,-1.020660148007251e-07,-1.6460552033441715e-07,-5.339224707040911e-11,-1.1130360440968312e-07,0.9999668686013997,-5.699779878931376e-11,-1.3387876745133841e-07,-5.733293055743703e-11,-1.1915237514460716e-07,0.9999668913582824,0.9999668860344764,-5.1883758678135007e-11,-1.3712054214624988e-07,-1.4631566016604615e-07,-1.1214208486123732e-07,-9.743055392711176e-08,-1.220176945104801e-07,-8.977790917523737e-11,-1.916171755290711e-07,-1.634753294577247e-07,-5.5629514839778144e-11,0.9999668869225226,0.9999668674466741,-1.4856914162738684e-07
-3.102719942039239e-07,1.197578069516564e-15,-2.881604531785122e-16,-1.8207186146242111e-19,3.406472081226165e-16,-1.2608223734231753e-15,-1.0644851160800983e-07,-2.465182214755667e-15,-5.232888468752707e-19,-7.636644077083224e-16,-5.920152476052758e-15,-1.0644851060094115e-07,-5.028460461639632e-15,-1.9140329899192975e-15,-5.345526366545041e-11,-5.345526242725628e-11,4.381661207484219e-06,-1.8879113969147738e-18,1.5601449118550508e-18,1.0591333827721066e-18,-5.34552651072027e-11,-3.0875546766947168e-15,1.9561967941502973e-15,-8.605394409796558e-16,-2.7182865438565107e-15,-2.6727777985348165e-19,-5.34552606651777e-11,-1.804810574619749e-15,-2.1456104745056146e-16,-5.462654119251863e-15,-5.345526244530992e-11,-1.064485082714486e-07,-5.206924465396087e-19,-1.6214866022301247e-18,-1.064485132352896e-07,-3.189206551700308e-18,-8.440193643713979e-16,-2.0538698942632205e-15,-1.5282367579711127e-18,7.364326858584252e-16,-1.6393864042555134e-16,-9.171976653833064e-15,-1.1379730000675932e-19,5.393362682982238e-16,-2.220054891315705e-18,-1.0644851211403437e-07,9.684362073564825e-19,-2.1049570852635718e-15,-3.7880961578726357e-16,-1.819332645527406e-18,-5.345526518622488e-11,-5.3455266556435276e-11,-1.4459752979339307e-18,1.018747002293911e-18,-1.3792586787765879e-15,-6.862534550188489e-18,-5.5010676692112406e-15,5.018196874160644e-19,-3.8944427529211027e-19,-4.716047856729051e-19,-3.6232552169856454e-15,-2.749329190115591e-18,-1.0644851427840735e-07,-5.345526279099457e-11,8.092815696373026e-19
-3.2253668782775493e-07,-1.1574852354582417e-15,-3.44229637373789e-15,-1.659089487919219e-18,-1.9894043216958233e-15,-2.7659749673237462e-18,-1.1871291314933166e-07,-6.173142565013358e-15,-1.8768754653836653e-18,-2.069032549156621e-18,-5.367444561829365e-18,-1.187129122091308e-07,-1.0582132107784527e-14,-2.4918742527531936e-18,-5.961408293591158e-11,-1.1871291242935712e-07,-1.8879113969147738e-18,4.381661196958083e-06,1.7400146378771648e-16,-1.0667114049864106e-16,-5.961408588083019e-11,-7.574188193075374e-15,-3.38368036450243e-16,-2.0499566088194237e-18,-3.479471013021354e-18,-2.4992083818009984e-18,-5.961407948108548e-11,-2.42901360825066e-18,-3.88578829890769e-15,-5.1248299770478314e-18,-1.1871291269982488e-07,-5.961408014469402e-11,-3.2656608380028497e-15,-7.647645795405848e-15,-1.1871291536915237e-07,-1.1894611564155849e-14,-2.2866485439944002e-18,-5.778317667787958e-15,-3.138779771441509e-18,-6.756450648136532e-19,-4.386530041084573e-15,-1.5169931017769723e-14,-1.9378809577952293e-18,-1.0346137460250155e-18,-4.093598161689903e-18,-5.961408223913483e-11,-2.7135689708990086e-19,-3.3571614443121725e-18,-1.74367234738439e-18,-8.251034599226397e-15,-1.1871291868590349e-07,-1.1871292211467622e-07,-3.587212486283613e-18,-1.1400810695065387e-15,-2.997000373068963e-18,-1.0500662426912728e-17,-5.223591950211556e-18,-1.195265146133694e-18,-7.508472498176734e-15,-6.733443531940643e-15,-4.991064304204916e-18,-4.474765747655067e-18,-5.961408498051765e-11,-1.1871291215215564e-07,-1.4362306184340233e-18
-3.361325779945716e-07,3.2526849759768135e-18,1.6036327298151478e-18,2.6297149103999617e-15,1.5453696219435204e-18,1.3141788346391871e-18,-1.3230855017993056e-07,1.7057020987368688e-19,1.7508464617863137e-15,2.658773399596387e-15,-2.5168609509459845e-15,-1.3230854869933594e-07,-6.924652767703272e-20,1.2090014694365546e-15,-1.323085513054453e-07,-6.644139618917221e-11,1.5601449118550508e-18,1.7400146378771648e-16,4.381661209546648e-06,6.513722970733514e-15,-6.644139923498087e-11,5.415186780317614e-19,5.495961520832338e-15,1.3107915760910967e-18,1.3806718540129481e-15,1.0936714483954358e-15,-1.3230854367145592e-07,9.538476106449336e-16,2.130283959139988e-18,-1.7655590418577576e-15,-6.644139620654762e-11,-6.644139479877666e-11,3.2345504348209826e-15,2.65409919105801e-19,-6.644139697125084e-11,-1.1399670609672492e-15,3.2540551200813887e-15,1.68507194847597e-15,2.2573080418759104e-15,3.619273686235496e-15,4.906389311632578e-15,-2.5894344505061684e-18,5.5439061333535295e-15,2.0426058336443255e-18,-7.332691266168832e-16,-6.644139637247652e-11,5.632751443312034e-15,1.0094264489767643e-18,3.2870639728945546e-15,1.0266497468549652e-19,-6.644139868162642e-11,-6.644140001110151e-11,4.906818935016655e-16,6.084227962509507e-15,1.5530582454570808e-18,-8.881554608823897e-15,-2.0848969127489355e-15,2.2436025574106933e-18,2.0856185263006866e-18,2.483073564905416e-18,9.78994573626943e-19,-6.309223157500686e-19,-6.64413980441222e-11,-1.323085491172659e-07,2.8013759180006612e-18
-3.352121528413678e-07,2.3649889960621228e-18,3.1970350940412686e-15,8.806167332788192e-19,3.1167447729839115e-15,3.324136244757022e-15,-6.597919063877993e-11,8.521832958984119e-16,1.5570724539187528e-15,1.1729666644466902e-18,-1.4000934148187702e-18,-6.59791901538239e-11,-1.7316995291574564e-19,9.973248799293748e-16,-1.3138813395423647e-07,-6.597918991754132e-11,1.0591333827721066e-18,-1.0667114049864106e-16,6.513722970733514e-15,4.381661208021397e-06,-6.59791928524134e-11,4.513773418480408e-19,5.284679671598744e-15,2.3770777797091454e-15,7.197176727048757e-19,9.067055694539476e-16,-1.3138812634810811e-07,1.3436046931727106e-19,1.918413148463356e-18,-2.0378910378979388e-15,-6.597919021038802e-11,-6.597918870944648e-11,3.009077090343622e-15,8.821471170707851e-16,-1.3138813435857136e-07,-1.4896861500002712e-15,1.5863573139987893e-18,1.4334434114173178e-15,9.379795727934507e-19,1.8762043939520428e-18,4.5833668455020965e-15,-2.2014906736623286e-18,5.213449839181422e-15,1.4733431291620866e-18,-1.0063443002956618e-15,-6.59791907861085e-11,2.2528921852487932e-18,1.2096204233395221e-18,1.6176892085365228e-18,-1.432374358470587e-19,-1.3138813750795608e-07,-6.597919392517119e-11,2.501426305867879e-16,5.825146486166848e-15,3.058552711450231e-15,-9.24668961329002e-15,-1.1776982150587216e-18,2.1394156970370894e-18,1.5483067400113487e-18,2.0855394090590885e-18,7.402105348921539e-19,-5.203203240177236e-19,-1.3138813572295284e-07,-6.597918988490888e-11,2.65940475237435e-18
0.9999880825309514,-5.3311648352304885e-11,-5.831493332810617e-11,-8.889970691559152e-08,-9.342472132172707e-08,-1.5137411669142983e-07,0.9999668969654537,-1.072502093427557e-07,-4.495565482732395e-11,-5.3187874009779976e-11,-4.834020010057067e-11,0.9999668806428857,-1.42210696832106e-07,-4.746577131846151e-11,0.9999668935376356,0.99996688573619,-5.34552651072027e-11,-5.961408588083019e-11,-6.644139923498087e-11,-6.59791928524134e-11,0.9999712894825299,-1.2831332802120313e-07,-5.7399745184108554e-11,-1.0701408815826434e-07,-6.212275773603135e-11,-8.360392736694785e-08,0.9999668458878539,-4.1825491924520346e-11,-1.3681841168123235e-07,-5.33368045585877e-11,0.9999668820793937,0.999966881742097,-5.510122953212436e-11,-1.2921789355277978e-07,0.999966896784558,-1.4167235029547294e-07,-1.2688959307771853e-07,-1.1353395497136758e-07,-1.413904113904127e-07,-4.6002737035864515e-11,-1.5851404482596413e-07,-1.0206602167092158e-07,-1.6460552798191507e-07,-5.3392249705733705e-11,-5.589335263926426e-11,0.9999668906869852,-5.6997801044341295e-11,-6.722992197889939e-11,-1.141703395808729e-07,-5.98347700615914e-11,0.9999669134438692,0.9999669081200625,-1.0331908665445316e-07,-1.3712054816075595e-07,-7.347535692458882e-11,-1.1214209312194265e-07,-4.892672365525974e-11,-6.127364216480008e-11,-8.977791365952373e-11,-1.9161718481283804e-07,-8.209243222486581e-11,-1.1077822243534023e-07,0.9999669090081078,0.9999668895322594,-7.460698481589234e-11
-3.321372980025389e-07,-3.7124682694420553e-16,-1.6044977819411758e-18,-2.0039711177951806e-15,-1.1664605152262318e-18,-2.4225691191865804e-18,-6.44351201733301e-11,-2.801788744704986e-18,-1.7277426685260744e-18,-1.5394430653074935e-18,-5.4325182670982475e-18,-6.443511892482464e-11,-9.68393387396404e-15,-2.354664981110314e-18,-6.443512026657004e-11,-6.443511876104457e-11,-3.0875546766947168e-15,-7.574188193075374e-15,5.415186780317614e-19,4.513773418480408e-19,-1.2831332802120313e-07,4.3816611949810034e-06,6.052685414830931e-19,-1.6367693297078494e-18,-3.1324048942378817e-18,-2.234884286164813e-18,-1.2831331598636555e-07,-2.772343080172583e-18,-2.9132817283410862e-15,-4.249540633870794e-18,-6.443511913910018e-11,-1.28313317794862e-07,-1.0199982065456888e-18,-6.797660339933243e-15,-1.2831332438329194e-07,-1.1022156244019106e-14,-1.8646058367925402e-18,-2.757204411073352e-18,-6.017353516117103e-15,-7.316702064942951e-16,-1.8430020809857797e-18,-1.465531556102646e-14,-2.7250589275108795e-15,-5.73101335671874e-19,-8.416447341262333e-15,-6.443511984674185e-11,7.784889219736138e-16,-5.475451477330087e-15,-1.4246187285132526e-18,-4.163494306226044e-18,-1.2831332788844964e-07,-1.2831333134407757e-07,-2.916044348277623e-18,-1.1834899657860908e-16,-4.708072288853821e-15,-2.0429497921398414e-14,-4.4639560070342374e-18,-5.043002889552007e-19,-3.1742832324998386e-18,-5.3927456259354036e-15,-8.144176787657938e-15,-4.507919147944128e-18,-1.2831332559443915e-07,-1.283133210554622e-07,-1.0029111364290168e-18
-3.181270252377354e-07,1.8044179800982125e-18,2.5922883467809786e-15,9.240063947964612e-19,1.503934534364384e-18,9.557675788762924e-19,-5.739974307141564e-11,5.343548876419966e-16,6.554708283292776e-19,1.9396243712588794e-15,-1.4447511365657137e-18,-1.1430338679197509e-07,-7.769639129255664e-16,6.890843419850266e-16,-5.739974383198573e-11,-5.739974231695464e-11,1.9561967941502973e-15,-3.38368036450243e-16,5.495961520832338e-15,5.284679671598744e-15,-5.7399745184108554e-11,6.052685414830931e-19,4.381661215624271e-06,1.88509384006546e-15,4.0102193975442296e-19,6.312810394990827e-16,-1.1430338243716488e-07,5.073732399826295e-16,1.5870912441343316e-18,-2.0229300825450833e-15,-5.739974268977926e-11,-5.73997415275023e-11,1.0783718583853731e-18,5.154889821745105e-16,-1.1430338942178682e-07,-8.6338415194898065e-19,2.3851066834028423e-15,7.491685973871665e-19,6.370311769011448e-19,1.3125435400925645e-18,3.732711692263848e-15,-2.7185017722033096e-18,2.650433199726246e-18,1.3935693375094673e-18,-1.1197904494512105e-15,-5.739974325918748e-11,2.4831477485094655e-18,1.489141970220279e-15,1.2784762213970543e-18,-3.5864601814858294e-19,-1.1430339217424072e-07,-5.739974619278889e-11,-8.341369515516532e-20,4.876324609518748e-15,9.899050162546653e-19,-8.418626325236616e-15,-1.0284844044579918e-18,3.642558116450469e-15,1.6175840639885697e-18,1.821462978461583e-18,5.30844078127379e-19,-5.858192926158211e-19,-5.739974431346975e-11,-5.739974260126884e-11,2.1926503732068857e-18
-3.108375800441818e-07,3.3789076077467457e-19,-3.9088287394940045e-16,-2.982681074884338e-16,2.6553201576940723e-16,-6.590790710515651e-19,-1.0701408370090095e-07,-2.589649106961844e-15,-4.770090730088756e-19,-2.6346403365319327e-19,-6.081546352524024e-15,-5.373927542032864e-11,-5.216882132587167e-15,-1.1721066063194028e-18,-1.0701408502559408e-07,-1.0701408295460198e-07,-8.605394409796558e-16,-2.0499566088194237e-18,1.3107915760910967e-18,2.3770777797091454e-15,-1.0701408815826434e-07,-1.6367693297078494e-18,1.88509384006546e-15,4.381661198401233e-06,-1.1059150141201164e-18,-1.7606553406581718e-15,-1.0701407853591055e-07,-7.329473781214464e-19,-1.0946161011275218e-19,-2.8989144360533626e-18,-5.3739275988419926e-11,-5.3739274530654226e-11,-4.0122366758538996e-19,-3.275800123320829e-15,-5.373927731412995e-11,-2.990444572668624e-18,-9.633784675243085e-16,-2.1781088055722977e-15,-2.5448423864001296e-15,4.0405587189785943e-19,-3.0105035540074944e-16,-4.434685833705538e-18,1.6896707268161976e-16,8.247258393634359e-20,-2.7100886750210675e-18,-5.373927647685152e-11,1.2789060243748607e-18,-9.560259578105844e-19,-4.811145278770076e-16,-3.913404111817481e-15,-1.0701408813489028e-07,-5.373927957718198e-11,-1.5299568875871807e-18,1.3890149027422163e-18,-5.544884566123849e-19,-1.3474061803550007e-14,-5.657924144651762e-15,-4.116776234152641e-19,-2.2450200057348326e-15,-1.4277694324034815e-15,-1.8915545920775835e-18,-2.3957137732093357e-18,-5.3739277144274086e-11,-5.3739275662448655e-11,6.750764747269234e-16
-3.2753245773042784e-07,-1.4341811820666028e-16,-2.2562668329518635e-15,-1.7252794857263855e-15,-5.521593328470327e-19,-4.1045937404823506e-15,-1.2370857778025108e-07,-2.4489715577917753e-18,-2.985553301922074e-15,-2.7149485241810712e-15,-4.758991871311114e-18,-6.212275474752501e-11,-4.2177526367705175e-18,-4.041797769137617e-15,-1.2370857954669383e-07,-1.2370857698312833e-07,-2.7182865438565107e-15,-3.479471013021354e-18,1.3806718540129481e-15,7.197176727048757e-19,-6.212275773603135e-11,-3.1324048942378817e-18,4.0102193975442296e-19,-1.1059150141201164e-18,4.381661197818441e-06,-3.5407513371055928e-15,-1.2370857187101803e-07,-1.6387519445716867e-18,-2.4945937485602854e-15,-8.893244345177253e-15,-1.2370857721183837e-07,-1.237085736549484e-07,-2.1441137673536175e-15,-3.1535112833036965e-18,-6.212275628365395e-11,-1.0176571016504252e-14,-3.1603463411799813e-15,-4.533413069544822e-15,-5.429985882335163e-15,-5.136306593907108e-16,-1.459392441550526e-18,-6.905784857351895e-18,-2.2614388769683615e-15,-5.142354239332414e-19,-4.043809304152151e-18,-1.2370857854930499e-07,6.603108409484599e-19,-2.891810813511465e-18,-2.3435489939728784e-15,-3.3770153024981055e-18,-6.212275810362546e-11,-6.212275987376391e-11,-3.2483490570926935e-18,5.390162640149777e-20,-2.367096008549015e-18,-1.9155410073995813e-14,-4.828377637947249e-18,-4.517522937714814e-19,-3.0133775815201524e-18,-4.740004635611799e-15,-7.403998687947969e-15,-4.2671862721837725e-18,-6.212275726697824e-11,-1.2370857674992749e-07,-1.3642095818813656e-15
-2.874269080085428e-07,4.529705426174927e-17,-1.3468066586183508e-15,-7.837055726618799e-19,-5.828990254011369e-16,-2.5294191968341968e-15,-4.198339489979724e-11,-1.831818154551392e-18,-1.867179743296694e-15,-6.990989504166001e-19,-3.037327417037727e-18,-4.1983394523411006e-11,-2.6427018769132834e-18,-1.4047124184974406e-18,-4.198339519485027e-11,-8.360392308043695e-08,-2.6727777985348165e-19,-2.4992083818009984e-18,1.0936714483954358e-15,9.067055694539476e-16,-8.360392736694785e-08,-2.234884286164813e-18,6.312810394990827e-16,-1.7606553406581718e-15,-3.5407513371055928e-15,4.381661201801372e-06,-4.1983392862346736e-11,-2.3618525586887355e-15,-6.648233807125816e-19,-5.774374297666758e-15,-4.1983394535928084e-11,-8.360392086075484e-08,-4.491066172666324e-19,-1.881386225383226e-18,-4.198339571562156e-11,-3.130469946774705e-18,-1.933879609638277e-15,-1.3715820889213394e-18,-3.4241942959135756e-15,-3.231755009942231e-19,-1.6380881506096651e-15,-4.51847378081395e-18,-2.8257548887291443e-19,-5.309559223855013e-16,-5.0159165037761725e-15,-8.360392412857047e-08,7.900563128617732e-16,-3.1011495317593314e-15,-8.226956812298278e-19,-2.172101179896065e-18,-4.198339660069108e-11,-8.360392945632837e-08,-3.5716559842107716e-15,1.4113466379492572e-19,-2.5848563311560345e-15,-6.1332091683276754e-18,-3.0438517059126934e-18,-4.636668921464129e-16,-3.4910532518153287e-15,-2.898634873597639e-15,-4.707875631753074e-15,-5.4779573634942626e-15,-4.198339594967058e-11,-4.1983394311272673e-11,-7.104308410832349e-16
