1.0000000148841042,1.950920894625674e-06,3.294839355384121e-06,1.0000247379276181,1.0000218939828596,1.9928179380454936e-06,1.998508132342997e-06,1.0000233787350818,1.0000233002591674,1.9233490197583405e-06,2.0953615657286462e-06,1.930723876916443e-06,1.9727020474500228e-06,2.0749611294063013e-06,1.0000246471801808,2.0690058380783372e-06,1.90175628503395e-06,1.0000250588557382,1.9798747475475935e-06,1.0000235746998816,1.961306388998638e-06,2.076155310185015e-06,2.018013844180922e-06,2.2506215975600865e-06,1.9691594565661158e-06,1.0000233459166774,2.010169141790571e-06,2.1423423072648956e-06,1.0000223559147463,2.294898981162532e-06,1.946162904993568e-06,1.000023380550018,2.058237693804801e-06,1.9505297249353925e-06,1.993897137247685e-06,1.9275852617879386e-06,1.933104174419618e-06,1.0000242972224704,1.0000248390104276,1.0000231838593814,1.939245931205673e-06,1.9809400873069874e-06,1.986895715257124e-06,2.068379247663161e-06,1.9886396420894686e-06,1.9810789701164756e-06,1.9746378322721497e-06,2.0078876566651152e-06,2.0070977441148823e-06,1.9976981264453184e-06,2.1292458447096935e-06,2.185370873307664e-06,2.3090459219644887e-06,2.0629036524173042e-06,2.0487709257132624e-06,1.995302193903859e-06,1.0000230841450513,1.9729910760041105e-06,1.000022404088535,2.026644973440192e-06,1.9394298486383523e-06,1.9723920028333207e-06,1.000024029796261,2.083960646318345e-06,2.0162192877253025e-06
1.950920894625674e-06,7.053466664588853e-07,6.10783770155887e-13,1.055032383097994e-10,1.0654697960604501e-10,8.740105194373191e-14,4.4401797528963653e-14,1.0573693359362493e-10,1.0571031110703097e-10,-2.625975102646094e-13,-3.398655117851549e-09,-3.8029812920723975e-13,4.933212057482771e-13,9.87991367214396e-13,1.0530358694869811e-10,-1.0688579801827028e-09,1.7498794602967902e-09,2.1285829748931286e-07,1.7584864789377064e-12,2.1121176125950965e-07,3.6949797458667534e-13,-5.219695938807019e-13,1.7026145504152422e-09,-1.5201167087873817e-09,-5.479171111700025e-10,1.0623645392362928e-10,1.8496852349910505e-09,-3.877123095619316e-09,1.0551709412807333e-10,-3.2613827634359923e-10,-9.688571552930798e-13,1.0512967322855267e-10,-1.3155880255435285e-12,-3.157141402190461e-13,-7.765216941223482e-10,1.0576467019659114e-12,-1.682863957783411e-13,2.1356360529430013e-07,2.1087452323544933e-07,2.094096095231823e-07,-1.9067779439179042e-12,-3.0877215706415165e-09,-1.1816810335221915e-09,7.728534717183438e-10,-9.051601940694814e-10,2.197011941659845e-09,-3.08480154903116e-13,-1.9235842907629835e-09,-1.1971632248247006e-10,9.010156784641474e-10,1.8918438251988434e-09,4.507585971159063e-09,2.792976351434346e-09,-8.159403323556801e-13,-9.568716295210123e-13,-1.452230995318794e-14,1.0573477286271299e-10,7.83455682601525e-13,2.103975948046115e-07,1.3381289523337607e-09,1.362237917915743e-09,-1.722033533254896e-09,1.060860879849313e-10,-1.8178852538111447e-10,-5.341343260053592e-13
3.294839355384121e-06,6.10783770155887e-13,7.037161339752014e-07,7.805223046291539e-10,1.555473513698518e-06,5.869570498437928e-14,3.5842527273557735e-11,1.554774150461642e-06,1.554528882886962e-06,-5.4811582112430956e-14,-8.088202976891274e-13,-2.8509443391987965e-13,6.556194552410976e-10,7.250932291933922e-10,1.5542603360336215e-06,-2.478950280842516e-13,4.740272151308154e-13,7.812493800400493e-10,8.947878787221666e-13,1.554937601157178e-06,3.8565470299414825e-10,-7.610942198135203e-10,1.1076322592608603e-09,-5.468617045797152e-10,-5.92773017843161e-14,1.5550170819855177e-06,4.282743197530697e-13,-1.8060630186670413e-09,1.5543313718413683e-06,-4.628221919534496e-14,-5.372649773226275e-13,1.5538215924716426e-06,-1.2132735498601233e-09,-1.5834692385078336e-13,-7.206490487976214e-14,1.0794848329347999e-09,-1.1137232940509219e-13,1.5560103083396044e-06,7.807582188141162e-10,1.5541025589991364e-06,-9.083041087036796e-13,-1.5028916603277905e-09,-6.049801367145424e-10,8.181579761967057e-11,-3.9570863253631745e-10,8.530036287911709e-10,-6.657706347319447e-10,-4.700910807488099e-13,-4.933880619625897e-14,1.4760907933404577e-13,1.1552465886855982e-09,2.0507249357543497e-09,1.2778101543302725e-09,-5.981749623685958e-10,-1.0743162759907129e-09,5.522500604290919e-12,1.554523414401378e-06,3.2774939480918114e-13,1.5546368622215895e-06,6.217594885922006e-10,8.265547675648471e-10,-5.856852594137995e-13,1.5550389190014535e-06,-2.83714757985758e-10,-2.524404597626784e-10
1.0000247379276181,1.055032383097994e-10,7.805223046291539e-10,1.0000299196385696,1.0000263719340134,2.5262138477517484e-07,1.2972313869981285e-10,1.0000278572513595,1.0000277787122684,9.210818910305456e-11,3.5633387622295923e-07,9.57869306108672e-11,2.3229500600319967e-07,3.340844033712966e-07,1.0000291259505465,3.292126775356239e-07,8.088325694388618e-11,1.0000295365795433,1.1982297711434346e-10,1.0000280529489278,1.1094184899926495e-10,1.6885457919692948e-10,1.393066144904582e-10,5.110372715098525e-07,1.1511766135918289e-10,1.000027824020805,2.6939768573401867e-07,4.0348440201082073e-07,1.0000268344841092,2.7864399413720176e-10,1.0374424060371233e-10,1.000027859327543,3.189624605668943e-07,2.1057929563778188e-07,2.540840115624214e-07,1.8676699603990087e-07,9.693889727950371e-11,1.0000287746831207,1.00002931737478,1.0000276627087092,1.0060751122927826e-10,2.417943900315174e-07,2.4711819159175983e-07,3.2786904458528506e-07,2.4879925701459253e-07,2.401326328036477e-07,2.3455252391246432e-07,2.683629585921113e-07,1.3406466579256822e-10,2.5720029998450367e-07,3.8856419569208426e-07,4.436997782337969e-07,5.679565099890892e-07,3.233520182741943e-07,1.5526440142192068e-10,1.2813729043167783e-10,1.000027562570427,2.3229221758932568e-07,1.0000268826310377,2.860468417090629e-07,9.987841292811237e-11,1.1684584190942502e-10,1.0000285080628817,3.437976828031397e-07,2.765110118049566e-07
1.0000218939828596,1.0654697960604501e-10,1.555473513698518e-06,1.0000263719340134,1.0000242324138695,1.2693459576268996e-10,1.2976767728639064e-10,1.0000250129947958,1.000024934520715,1.8283655849805786e-07,3.5301873743080894e-07,9.547132569943636e-11,2.3315154489606105e-07,3.361113956776945e-07,1.000026280905344,1.6479339977633117e-10,8.17095454213837e-11,1.0000266946219247,1.2150483234146255e-10,1.000025209404291,1.1129201040415989e-10,1.684165148264542e-10,1.4006012974918192e-10,2.558363591294751e-10,1.1481137888365356e-10,1.0000249808550727,1.3619518510945937e-10,2.0071019691305546e-10,1.0000239899275312,5.545272474015042e-07,1.0284055073027139e-10,1.0000250140928333,3.1639238826625064e-07,2.0997490401185864e-07,1.2715309081107053e-10,9.479811933720951e-11,9.679125578075881e-11,1.0000259334523343,1.000026473503287,1.00002481739759,9.875038758110248e-11,1.199200194245345e-10,2.459890447426806e-07,3.2877226805833735e-07,2.478983448532111e-07,1.2171296115905322e-10,1.1758369078095486e-10,2.664994286795181e-07,2.668751570456222e-07,1.2963448872198831e-10,3.902709689635324e-07,4.481390856798686e-07,5.707027160141872e-07,1.6153598403439184e-10,3.074188789334926e-07,2.551280872543687e-07,1.0000247184419553,1.174368066627218e-10,1.0000240382500512,2.873574295584866e-07,1.0049716949607512e-10,1.1609521299463844e-10,1.0000256645170373,1.7260787444207136e-10,2.7534003059363884e-07
1.9928179380454936e-06,8.740105194373191e-14,5.869570498437928e-14,2.5262138477517484e-07,1.2693459576268996e-10,7.031338925867597e-07,5.261805178942511e-15,1.2684608395217456e-10,2.526515661059692e-07,-8.996570488375165e-11,-3.3554324598564034e-10,-1.6907352092582694e-11,2.2318686345479784e-14,2.5171439047174707e-10,1.2681831394654183e-10,-1.0902247700838422e-10,7.087725226097064e-14,2.5285625359188e-07,1.5666385840961357e-13,2.527006312310486e-07,6.247800639590397e-11,-1.4149181345704363e-14,8.49556706983128e-11,-9.942776987194246e-14,-9.324608858141899e-11,1.2692715128674822e-10,9.508150863874171e-14,-3.9138038914250997e-10,1.2685673981997318e-10,-2.4746688495305916e-14,-1.4736819426585663e-10,2.5258158651082904e-07,-1.3376496976298577e-13,-2.873449066954046e-14,-1.3875795293316029e-10,1.854444733555873e-10,-7.839631793871002e-15,1.2702137148916992e-10,1.2688364022077043e-10,2.525171517537542e-07,-1.8696480763231368e-13,-1.4758268471679124e-13,-1.0415643271798782e-10,1.5515416663840486e-10,-9.850680895911053e-11,2.6910381652804937e-10,2.1663330805394284e-14,-9.196063390099183e-14,-2.5564438649296664e-13,6.321929499881273e-14,1.1531806867917937e-10,4.688572625711771e-10,1.4499629360826888e-13,-2.0786860705618359e-10,-7.060950851836194e-14,-4.0647709114891625e-15,2.5266413128895125e-07,1.781045258390206e-10,1.268460674783857e-10,1.356574481277441e-10,4.242851633593033e-14,-3.6698271372255616e-14,2.526829158859745e-07,1.8504830161368707e-14,-8.767098240255598e-14
1.998508132342997e-06,4.4401797528963653e-14,3.5842527273557735e-11,1.2972313869981285e-10,1.2976767728639064e-10,5.261805178942511e-15,7.031276041467257e-07,2.5837999964176204e-07,2.5834220801117844e-07,8.414496801664177e-12,-4.718693767722199e-14,-5.5397521571422365e-11,5.852062030585222e-11,1.014430663572396e-14,2.5833885799742974e-07,-1.3775071375684942e-14,3.379026868688812e-14,1.2977295651979767e-10,5.87513613869355e-14,1.2974768630806518e-10,1.3278245672890607e-14,-7.305837774421279e-11,9.668906949523733e-11,-6.7394025964598196e-15,4.122827745783814e-15,2.5836980967264707e-07,4.720095691022129e-11,-5.124975226956712e-14,2.5832904599130403e-07,1.2647338188346315e-12,-3.968062230061078e-14,1.297024403604958e-10,-3.4050029612785313e-14,-1.017422489312244e-14,7.815041793432318e-15,3.5991778159682696e-14,-1.966156426182094e-11,1.2977688493415063e-10,1.29742271584317e-10,2.5832733582265294e-07,-1.0651706754889758e-10,-4.616327697564984e-14,-4.0101637373365376e-11,-1.2842323395838861e-14,-9.818583730181869e-15,2.968947295305774e-11,-3.9580844692286395e-14,-5.722379898771602e-11,-1.0168673020202606e-11,1.4788199270122702e-15,4.769903392868029e-14,1.1051466206739166e-10,3.498464240790117e-14,-8.333844352327487e-15,-8.097137016177946e-11,2.3646984337018477e-12,2.5833883952894205e-07,1.447472980333682e-14,2.583655422287527e-07,3.4945803381174727e-11,3.390919184751486e-14,-5.292660659960238e-14,1.297549802382121e-10,-3.763384666678907e-11,6.072680153073789e-15
1.0000233787350818,1.0573693359362493e-10,1.554774150461642e-06,1.0000278572513595,1.0000250129947958,1.2684608395217456e-10,2.5837999964176204e-07,1.000027200575778,1.000026419521387,1.828010928799689e-07,3.5490087067192145e-07,1.9102767545963543e-07,2.3216231302102263e-07,3.3551005041053563e-07,1.0000277660908212,1.65075883393923e-10,8.108827227532928e-11,1.0000281780870601,1.2038760251071525e-10,1.0000266938407847,1.110442616897858e-10,3.365846263103396e-07,1.3923270777487448e-10,5.098976415818955e-07,1.1479711650057817e-10,1.0000264652955053,2.702461882295323e-07,2.0175188117369234e-10,1.0000254751718745,5.545633916780424e-07,1.0356061113275154e-10,1.0000265001081028,3.1777752338620323e-07,1.0563865980754909e-10,1.2710470597335413e-10,9.411691895072157e-11,1.9307996249383045e-07,1.0000274166889973,1.000027958154236,1.000026302784994,9.981717805639443e-11,1.208255532377884e-10,1.2391026846593873e-10,1.6522065693125623e-10,2.4832221963655685e-07,1.2132444969163787e-10,1.1819661720903689e-10,1.3439198160687337e-10,1.3409937000991344e-10,1.295413545201886e-10,3.886178242064179e-07,4.458459671891085e-07,2.858685711336631e-10,1.617857414308653e-10,3.0887701932596785e-07,1.2810350729081793e-10,1.000026203481561,1.1710573681987133e-10,1.0000255229313089,1.439454347811764e-10,1.9894744067153926e-07,1.169871165645064e-10,1.0000271487424248,3.442897176416506e-07,2.753391375160564e-07
1.0000233002591674,1.0571031110703097e-10,1.554528882886962e-06,1.0000277787122684,1.000024934520715,2.526515661059692e-07,2.5834220801117844e-07,1.000026419521387,1.000027044116249,1.8330842739607883e-07,1.7861255238533983e-10,9.572238534385559e-11,1.1673820968197476e-10,1.6796486384670717e-10,1.0000276880619285,1.6521698541961762e-10,8.10470204541597e-11,1.0000280992976818,1.201550939455524e-10,1.0000266153555515,2.2106269302505184e-07,1.687651966935844e-10,1.394581128636659e-10,5.107307426030405e-07,1.1505889870199044e-10,1.000026386500298,1.3546236082227541e-10,4.027375153951124e-07,1.0000253966907315,5.548112979953602e-07,2.0623417973614403e-07,1.000026421396591,3.184571976477681e-07,2.104597959493062e-07,2.539163525431643e-07,9.39881184249159e-11,1.929805492819094e-07,1.0000273375433297,1.0000278797157673,1.0000262247686118,1.0024197405271181e-10,2.4120495628884347e-07,1.239831811293152e-10,1.6473182961749185e-10,2.4862253395656266e-07,2.405690434810943e-07,2.3446490654100453e-07,1.3457934796548455e-10,1.3405462424835327e-10,1.292502951838345e-10,1.9529660559942815e-10,4.445707007925106e-07,5.684951615929385e-07,3.230258696789188e-07,1.550876339380146e-10,1.2813352144590035e-10,1.0000261248603108,2.3259816552369301e-07,1.0000254448761066,2.8630409795310053e-07,1.991399066620871e-07,2.3237962685173722e-07,1.000027070470678,3.437783996617351e-07,1.3874257132494164e-10
1.9233490197583405e-06,-2.625975102646094e-13,-5.4811582112430956e-14,9.210818910305456e-11,1.8283655849805786e-07,-8.996570488375165e-11,8.414496801664177e-12,1.828010928799689e-07,1.8330842739607883e-07,7.028439273550128e-07,1.1417865805463885e-13,2.657067909991216e-13,-5.005114786212102e-10,1.7255690748137227e-13,9.19492124664035e-11,4.241946763087721e-11,-3.7895008331174767e-10,9.185727458074042e-11,-5.13633761137532e-10,1.8309114610846763e-07,-1.33422636576244e-10,6.850888476762634e-10,-8.018609259186771e-10,-2.9478702928594903e-10,-2.872866325853667e-10,9.202644107469199e-11,-3.44172059980117e-14,9.450501139634914e-14,1.8336534680590488e-07,-6.019878308356704e-14,4.854412089089371e-10,9.22742347890804e-11,1.1123947788067169e-10,8.211740179681014e-11,-2.3188183606602815e-13,-1.6419425261366247e-13,1.6687882539677317e-10,9.191343719753316e-11,9.196695294330097e-11,9.198076082611108e-11,2.752759825506829e-10,2.9744261785960936e-10,1.8241771130419808e-10,3.014518214043884e-13,-1.517736699043216e-11,2.8452984827762954e-10,4.5169075796740734e-13,9.287322406977391e-14,1.0352155786099523e-10,1.2303177015011635e-13,-3.605704874520031e-13,-5.2664263563246316e-14,-8.03131345530776e-11,-1.4265741838968489e-13,5.203664939004174e-10,-2.0878202010903162e-14,9.208278116431913e-11,4.7550977231697173e-14,9.187012759726357e-11,-6.0451415746222e-11,-2.536252838030791e-13,4.605706452730127e-13,9.184952100565984e-11,2.336245129877864e-13,-2.5331923776294634e-13
2.0953615657286462e-06,-3.398655117851549e-09,-8.088202976891274e-13,3.5633387622295923e-07,3.5301873743080894e-07,-3.3554324598564034e-10,-4.718693767722199e-14,3.5490087067192145e-07,1.7861255238533983e-10,1.1417865805463885e-13,7.075174571623354e-07,1.6547191957357508e-09,-1.8837779058613187e-09,-9.393354016616317e-13,1.7895464208653764e-10,1.3401217961152932e-09,-1.3215186621648635e-12,1.769234562744626e-10,-2.4706301736371776e-12,1.7803453496468742e-10,-5.372171816589581e-13,1.1114489537471836e-12,-1.5932750619181748e-12,7.051322499410436e-13,2.5018382952868185e-10,1.7794631161941974e-10,-2.312056005896144e-09,2.465648303328223e-12,3.562222272436242e-07,1.1113161351444539e-13,1.5049435776806418e-12,1.7962208300165275e-10,3.294526942960803e-09,8.689625228108477e-10,1.393225226453081e-13,-1.498743938967817e-12,3.200132653546596e-13,3.516312521814676e-07,3.550025967854836e-07,3.567952472569194e-07,2.4790732023352566e-12,2.0683974592496302e-12,1.673105866610181e-09,-7.708288060074517e-11,1.0626460886545506e-09,-1.1195005724750945e-12,2.0069049758071435e-09,2.565170007347399e-09,1.4551143456886424e-13,-3.680249374216481e-13,-1.6475456768392623e-12,-2.7856564648895907e-12,-3.458370409661646e-09,7.755964458890702e-13,1.5153876003706483e-12,-2.4085953259705827e-11,3.5570960584225123e-07,-8.710716060739106e-13,3.553003330309293e-07,-8.477601828985764e-13,-2.3452597670114897e-09,3.3586860043661828e-09,3.5421570888260097e-07,8.753242813881711e-10,5.608159159421929e-10
1.930723876916443e-06,-3.8029812920723975e-13,-2.8509443391987965e-13,9.57869306108672e-11,9.547132569943636e-11,-1.6907352092582694e-11,-5.5397521571422365e-11,1.9102767545963543e-07,9.572238534385559e-11,2.657067909991216e-13,1.6547191957357508e-09,7.030808122593783e-07,-5.120327296346812e-14,-1.3689103650021331e-09,9.603322331522206e-11,5.456043362377085e-10,-3.140373599075459e-13,9.524809311625028e-11,-7.346719285503594e-13,9.562410082512851e-11,-2.8527017589381724e-10,-1.3337527236810437e-14,-1.173260410216471e-13,5.440076625488496e-13,5.471021185999335e-10,9.54579023378347e-11,-4.762268861046517e-13,1.949284483329077e-09,1.9077733231953974e-07,2.815259395792646e-10,6.308292662761844e-10,9.58463911095789e-11,6.68324798205013e-13,1.3630707035049253e-13,4.131046872881203e-13,-4.3403820259034e-13,3.8152679810830555e-11,9.500634399007036e-11,9.5695853022341e-11,9.608425016626823e-11,9.190591610702594e-13,7.154914424208426e-13,2.440343279299679e-13,-9.403726052108223e-10,5.062529543658361e-10,-1.442946384942271e-09,-2.2279245768021934e-13,8.878791361690698e-10,-1.2208540503697412e-14,-7.02773901655185e-10,-4.091954152355475e-10,-2.364667777068897e-09,-1.451761577462253e-09,1.1309079090441082e-09,2.951357116325447e-13,2.6004421953708208e-14,1.9053780177798716e-07,-9.31679230297293e-10,1.9099007997111577e-07,-3.3977583897306323e-13,-3.0500963375604386e-10,1.4449910526551617e-10,1.905591665839903e-07,-1.5238105922623864e-13,5.101902239539539e-13
1.9727020474500228e-06,4.933212057482771e-13,6.556194552410976e-10,2.3229500600319967e-07,2.3315154489606105e-07,2.2318686345479784e-14,5.852062030585222e-11,2.3216231302102263e-07,1.1673820968197476e-10,-5.005114786212102e-10,-1.8837779058613187e-09,-5.120327296346812e-14,7.033817507507167e-07,1.406025407986902e-09,1.1642642558566737e-10,-6.117472121212576e-10,7.959525601630961e-10,1.1731581974241914e-10,1.7551103521276771e-09,1.1687760530654088e-10,3.5185293299282673e-10,-8.398841752315037e-14,2.444897882736787e-13,-1.1058832420056961e-09,-2.60564217040087e-13,2.3306097804191725e-07,1.0618954594863379e-09,-1.1030071561899217e-12,1.166415259743839e-10,-2.7488075757882954e-10,-8.325251569564616e-10,1.1653819212384546e-10,-1.4944126299780044e-09,-3.2181478490538513e-10,-7.715934332206957e-10,5.241537079906163e-13,-4.508895074984618e-14,2.341142168785388e-07,1.1679218411922354e-10,1.1636089957976703e-10,-1.0497491504013328e-12,-1.6510504076209357e-09,-5.863085385040516e-10,4.325940771216961e-13,-2.772221583449211e-13,1.5043262287064995e-09,1.1532244918304833e-13,-5.167007848918203e-13,-1.4679403665079053e-15,3.5263060331502665e-13,6.557654278715496e-10,1.3203647850469387e-12,1.6187997698806468e-09,-5.832525330761731e-13,-3.9930194131121194e-13,-2.2561607549592588e-14,1.1677330423962217e-10,5.006354836725175e-13,2.321614635675269e-07,7.609821272572856e-10,2.411499186948898e-13,-4.218380311590074e-10,2.3264770820364017e-07,2.001542681478721e-10,-9.718006095086027e-10
2.0749611294063013e-06,9.87991367214396e-13,7.250932291933922e-10,3.340844033712966e-07,3.361113956776945e-07,2.5171439047174707e-10,1.014430663572396e-14,3.3551005041053563e-07,1.6796486384670717e-10,1.7255690748137227e-13,-9.393354016616317e-13,-1.3689103650021331e-09,1.406025407986902e-09,7.032629830886077e-07,1.680001941812669e-10,-2.6632650518562927e-13,7.454594198978869e-13,1.6884565635119854e-10,2.483124672799345e-09,3.352047654732998e-07,5.725568313839471e-10,-9.024749801674332e-13,1.1582717288692216e-12,-2.382523991541972e-14,3.4324075635988746e-10,3.350165091442112e-07,9.081309089658653e-10,-1.9919068996259546e-09,3.342037256794891e-07,1.0270084085377846e-10,-1.7709568509401965e-09,1.6728032232011133e-10,-6.600456134179135e-13,-2.137836020167438e-13,2.988380942562115e-13,7.680753627587084e-13,-2.3698952478954303e-13,3.3630307142130263e-07,1.6821162683573234e-10,3.343025283820716e-07,-2.1318353050129078e-09,-9.44278217280656e-13,-8.560055380478103e-10,-8.72224275633204e-10,-1.7446884852944188e-13,3.503747856991842e-10,-2.0463361959716505e-09,-1.1705059169402804e-09,-2.559225456446746e-10,-5.60507246331075e-14,2.2183810808114855e-09,1.0493438965981487e-12,1.325319166717335e-09,-5.644262500130112e-14,-9.193013159338094e-13,7.075353282958626e-11,3.343763131940742e-07,4.6239649445450533e-10,1.6830358808265864e-10,6.786766837576941e-10,7.902513573216079e-13,-2.5437131220801338e-09,1.6852486829836867e-10,-1.0016562364072988e-09,5.603440142344453e-10
1.0000246471801808,1.0530358694869811e-10,1.5542603360336215e-06,1.0000291259505465,1.000026280905344,1.2681831394654183e-10,2.5833885799742974e-07,1.0000277660908212,1.0000276880619285,9.19492124664035e-11,1.7895464208653764e-10,9.603322331522206e-11,1.1642642558566737e-10,1.680001941812669e-10,1.0000297381707506,1.653104704627876e-10,8.074273998701268e-11,1.0000294456756464,1.196661131573957e-10,1.0000279621203996,1.1089591557366432e-10,3.368813268846688e-07,2.766988264616226e-07,5.106488709639519e-07,2.289172417111929e-07,1.0000277333810297,2.6943787186579077e-07,4.034450283933835e-07,1.000026743868858,2.785733243178439e-10,1.0393349850428453e-10,1.0000277690564459,1.601519941638652e-10,2.1062510839097205e-07,1.273356470728897e-10,9.36852203496925e-11,1.931889535272341e-07,1.0000286839343957,1.0000292265743975,1.0000275718498624,2.003989030558149e-07,1.2148123462755081e-10,2.472327160764947e-07,3.285221180330762e-07,1.249048921239881e-10,2.405505993889775e-07,2.35426138859496e-07,1.3480058961356338e-10,2.670682783088666e-07,1.2930950419931177e-10,3.879497350152463e-07,2.2289336987866471e-10,5.680405502974419e-07,3.2296828076406585e-07,1.5547210451264741e-10,1.2811527941873507e-10,1.0000274719850648,2.324803943975436e-07,1.00002679160806,1.4365315514976868e-10,9.966230336042587e-11,1.172605889861226e-10,1.0000284170487093,1.72875816091084e-10,2.7593756886836615e-07
2.0690058380783372e-06,-1.0688579801827028e-09,-2.478950280842516e-13,3.292126775356239e-07,1.6479339977633117e-10,-1.0902247700838422e-10,-1.3775071375684942e-14,1.65075883393923e-10,1.6521698541961762e-10,4.241946763087721e-11,1.3401217961152932e-09,5.456043362377085e-10,-6.117472121212576e-10,-2.6632650518562927e-13,1.653104704627876e-10,7.035326127547187e-07,-8.251631824099481e-10,3.279606414614375e-07,-7.65803851080673e-13,1.6503337725375596e-10,-1.6750885238629763e-13,7.276531316160726e-10,-1.026484989965084e-09,3.9476212946971257e-10,4.882899904119089e-11,1.6501451379557122e-10,-3.5195310116662986e-13,1.4920429513174175e-09,3.291735656562982e-07,2.7896243173864998e-14,9.446775825532144e-10,3.296505122414618e-07,5.021731286522208e-13,1.3488662153395015e-13,2.0597781183801386e-14,-9.263910391052043e-10,2.067285246206729e-10,1.6459336589991612e-10,3.2878700190059946e-07,3.293276503999002e-07,7.573812883677551e-13,6.350420710088199e-13,2.6082781016428793e-13,1.6026667896833206e-14,1.5963209884235528e-13,-3.2317426693285016e-13,3.441992414524991e-13,3.9552562842404647e-13,9.65537797197417e-11,-1.9762329340397383e-10,-5.279559484664956e-13,-1.6757194985150831e-09,-5.254102402696713e-13,4.3787147562886345e-10,9.54138623779074e-10,-1.1020023639859764e-11,3.2902014152383736e-07,-5.122906987036559e-10,3.288582152542958e-07,-5.125706304512172e-10,-7.507905105677559e-10,1.093049130272142e-09,3.285290012438632e-07,1.5349599312676466e-13,1.2223344074112666e-10
1.90175628503395e-06,1.7498794602967902e-09,4.740272151308154e-13,8.088325694388618e-11,8.17095454213837e-11,7.087725226097064e-14,3.379026868688812e-14,8.108827227532928e-11,8.10470204541597e-11,-3.7895008331174767e-10,-1.3215186621648635e-12,-3.140373599075459e-13,7.959525601630961e-10,7.454594198978869e-13,8.074273998701268e-11,-8.251631824099481e-10,7.045021960489518e-07,1.6323280206814823e-07,2.7336444741560196e-09,8.132798611845626e-11,5.764803900325378e-10,-8.548543475566045e-10,6.902366461480865e-13,-1.1445666103361957e-09,-3.977836883017888e-10,8.145358720368137e-11,1.4275686983983648e-09,-2.9959549649906937e-09,8.089614153583883e-11,-2.409423481520676e-10,-1.522638260033763e-09,1.6046875326677216e-07,-1.015939976639407e-12,-2.460754297841344e-13,-5.592945286508245e-10,1.6456269050333166e-09,-2.712077943766426e-10,8.223842704491935e-11,8.119582565173699e-11,8.062909087626905e-11,-1.4771487253349337e-12,-2.398006065703506e-09,-9.233193553990973e-10,2.737903430589766e-13,-3.4885475131373885e-13,8.365918630108707e-13,-2.739982640696512e-13,-1.4938746749036144e-09,-1.0047878159646717e-10,6.726850156648427e-10,7.598592464220328e-13,1.744649873163599e-12,1.0816462594366963e-12,-6.156302645813336e-13,-7.569312827225284e-13,-9.460638181682516e-15,1.614260766558669e-07,5.984166603131245e-13,8.101956944334244e-11,5.191224851828395e-13,1.0884455985549349e-09,-7.024576843637879e-13,8.135242944273405e-11,-1.7770412388345218e-10,-3.8995898560323255e-13
1.0000250588557382,2.1285829748931286e-07,7.812493800400493e-10,1.0000295365795433,1.0000266946219247,2.5285625359188e-07,1.2977295651979767e-10,1.0000281780870601,1.0000280992976818,9.185727458074042e-11,1.769234562744626e-10,9.524809311625028e-11,1.1731581974241914e-10,1.6884565635119854e-10,1.0000294456756464,3.279606414614375e-07,1.6323280206814823e-07,1.0000305631550512,1.219530926630504e-10,1.0000283744303524,2.2182565944084237e-07,1.6812270744257978e-10,2.796774860778097e-07,5.093889437590969e-07,1.1485315399947934e-10,1.0000281458369271,2.715627497178334e-07,2.0033037922976274e-10,1.000027154603202,5.545473347665034e-07,1.02532801080635e-10,1.0000281784108749,1.5863093738236754e-10,1.053660985382192e-10,2.533579149593704e-07,1.893246739392622e-07,1.9259030684418266e-07,1.0000290989067708,1.0000296384484335,1.0000279820774949,1.9585133872051884e-07,2.3811217465747354e-07,2.45683483945007e-07,1.6498266298732268e-10,2.4775800257650375e-07,2.4256791383783013e-07,1.172601988722112e-10,2.660691916582221e-07,2.6679371191410116e-07,2.581512733991724e-07,1.9635861886131246e-10,4.4895272897285615e-07,5.712170966492455e-07,1.614871132294598e-10,3.067893379203897e-07,2.5514926255865e-07,1.0000278831893155,1.1753865941499343e-10,1.0000272032245598,1.444327797396647e-10,1.0076426799376085e-10,2.303483481926277e-07,1.0000288296640067,1.7245227805872136e-10,1.3833213115747252e-10
1.9798747475475935e-06,1.7584864789377064e-12,8.947878787221666e-13,1.1982297711434346e-10,1.2150483234146255e-10,1.5666385840961357e-13,5.87513613869355e-14,1.2038760251071525e-10,1.201550939455524e-10,-5.13633761137532e-10,-2.4706301736371776e-12,-7.346719285503594e-13,1.7551103521276771e-09,2.483124672799345e-09,1.196661131573957e-10,-7.65803851080673e-13,2.7336444741560196e-09,1.219530926630504e-10,7.08407908253436e-07,1.207328584728837e-10,1.1294703990455177e-09,-1.9762498937588388e-09,1.5026161176714699e-12,-9.52377849663499e-13,-2.7357180798817874e-13,2.407734966473122e-07,2.6349782170857172e-09,-5.557314641570371e-09,2.3869098006882745e-07,-1.8252027001423454e-13,-3.0655222141132442e-09,1.1917404647198984e-10,-1.879608149163084e-12,-4.724085085053487e-13,-3.6668700271312773e-13,3.190836458705363e-09,-5.957629843337786e-10,2.4375078148507017e-07,2.3991477913424546e-07,2.3784829744550271e-07,-2.7681665409583152e-12,-2.2796066675971644e-12,-8.988219453071143e-13,3.107699367516662e-13,-1.2521086177081795e-09,2.849225172884147e-09,-1.5470934234910591e-09,-2.8273992521836933e-09,-2.465134749058568e-10,5.374401987985564e-13,3.1917821391752136e-09,3.2010232671415094e-12,3.961025607683598e-09,-2.0504765409085835e-09,-1.5363048119731635e-12,-8.49693862263518e-12,2.392928261254196e-07,1.057369317485037e-12,2.393964990922238e-07,9.615586911508954e-13,2.289099153928191e-09,-1.5606116351104118e-12,2.4062563996939836e-07,-3.0660110416319786e-13,-1.0981424408371378e-09
1.0000235746998816,2.1121176125950965e-07,1.554937601157178e-06,1.0000280529489278,1.000025209404291,2.527006312310486e-07,1.2974768630806518e-10,1.0000266938407847,1.0000266153555515,1.8309114610846763e-07,1.7803453496468742e-10,9.562410082512851e-11,1.1687760530654088e-10,3.352047654732998e-07,1.0000279621203996,1.6503337725375596e-10,8.132798611845626e-11,1.0000283744303524,1.207328584728837e-10,1.0000275930640616,2.213012254142396e-07,3.3579804585885883e-07,2.782003856249385e-07,5.10165761294655e-07,2.2889680245264915e-07,1.0000266612228959,1.3578051789266041e-10,4.014155378430721e-07,1.0000256709295996,5.546830029299558e-07,1.032592213191883e-10,1.0000266954167654,1.5947008038477055e-10,2.1025204325623416e-07,1.2734441699265376e-10,1.8785365766644148e-07,9.686128107520875e-11,1.0000276129349157,1.0000281541874396,1.0000264987349494,9.959760261200705e-11,1.206065767603263e-10,2.465077934316838e-07,3.2838453032824946e-07,1.2469204800386857e-10,1.2120774941810834e-10,2.3436586986047035e-07,2.673513055779493e-07,1.340403818945802e-10,2.5772752954353983e-07,3.8947115867948784e-07,2.2402927115087805e-10,2.8596308677594055e-10,1.6191259150688647e-10,3.0823957408815776e-07,1.2812586313535285e-10,1.0000263992503209,2.3315178964956442e-07,1.0000257191573458,1.4400278666912096e-10,1.0020743854080662e-10,2.3189824040658267e-07,1.0000273450447434,3.4377440139442824e-07,2.7585290722745554e-07
1.961306388998638e-06,3.6949797458667534e-13,3.8565470299414825e-10,1.1094184899926495e-10,1.1129201040415989e-10,6.247800639590397e-11,1.3278245672890607e-14,1.110442616897858e-10,2.2106269302505184e-07,-1.33422636576244e-10,-5.372171816589581e-13,-2.8527017589381724e-10,3.5185293299282673e-10,5.725568313839471e-10,1.1089591557366432e-10,-1.6750885238629763e-13,5.764803900325378e-10,2.2182565944084237e-07,1.1294703990455177e-09,2.213012254142396e-07,7.033659888685891e-07,-3.8749715762822174e-10,6.034357496220053e-10,-4.394866871473249e-10,-1.4063871809703042e-10,2.2139054757433823e-07,5.767750496222785e-10,-6.093354185010545e-13,1.1094860120906014e-10,-8.868687863222138e-11,-6.421377804991254e-10,2.2066298491720562e-07,-8.181643864980728e-10,-2.0177572339496452e-10,-1.9396296242252563e-10,3.420655046898173e-13,-1.1962913762155922e-10,1.1149780119643517e-10,1.1107640138864612e-10,1.1084815824840308e-10,-1.1970446856980324e-09,-4.925536478572853e-13,-3.8205062751644253e-10,9.003658653549823e-14,-1.3933684432830942e-13,6.491571323589052e-10,-1.3939335003961128e-13,-3.068269329305375e-13,-4.7034982340805073e-11,2.5364150768912576e-10,6.535270725752158e-10,7.028392233433807e-13,8.686774428034645e-10,-4.727701123937591e-10,-6.382024984935133e-10,-2.4148533779861635e-15,2.2107164607650457e-07,4.714692577512111e-10,1.1101185939611097e-10,2.1010088929677656e-13,4.693972879523181e-10,-6.206929133544569e-10,1.1114679051310618e-10,-5.105616015440583e-14,-1.39730629615022e-13
2.076155310185015e-06,-5.219695938807019e-13,-7.610942198135203e-10,1.6885457919692948e-10,1.684165148264542e-10,-1.4149181345704363e-14,-7.305837774421279e-11,3.365846263103396e-07,1.687651966935844e-10,6.850888476762634e-10,1.1114489537471836e-12,-1.3337527236810437e-14,-8.398841752315037e-14,-9.024749801674332e-13,3.368813268846688e-07,7.276531316160726e-10,-8.548543475566045e-10,1.6812270744257978e-10,-1.9762498937588388e-09,3.3579804585885883e-07,-3.8749715762822174e-10,7.03134272039771e-07,-1.814543938933427e-13,7.134339685278346e-13,3.5590554439272686e-13,1.6841215834943687e-10,-1.2642680476764513e-09,2.601972674695818e-09,1.6887363925411513e-10,1.8404630825213821e-13,8.690163790527043e-10,3.364279684707906e-07,1.7752365774796872e-09,1.8373433280191696e-13,1.0636783146555434e-09,-1.169038243082559e-09,6.130019111786182e-11,3.3416000387366285e-07,3.3599101123410963e-07,3.3702020124171554e-07,1.2299331469736448e-12,1.9118241972270637e-09,3.3007145566859594e-13,-6.083180300390466e-13,3.373396481833396e-13,-9.537691470920235e-13,-5.324007431545665e-10,1.1914764883829235e-09,-2.5722846007403112e-11,-9.182000296812285e-10,-2.959755041318887e-13,-3.1485532370168614e-09,-1.9340129459691416e-09,7.455784224852895e-13,8.138378140755867e-10,6.617777389371478e-11,1.687139700293997e-10,-6.186691765213802e-13,3.365438207453798e-07,-9.027511764048746e-10,-2.1965618785691474e-13,1.257236883925078e-13,3.3596878327895515e-07,-3.7363809697910143e-10,6.618086512897906e-13
2.018013844180922e-06,1.7026145504152422e-09,1.1076322592608603e-09,1.393066144904582e-10,1.4006012974918192e-10,8.49556706983128e-11,9.668906949523733e-11,1.3923270777487448e-10,1.394581128636659e-10,-8.018609259186771e-10,-1.5932750619181748e-12,-1.173260410216471e-13,2.444897882736787e-13,1.1582717288692216e-12,2.766988264616226e-07,-1.026484989965084e-09,6.902366461480865e-13,2.796774860778097e-07,1.5026161176714699e-12,2.782003856249385e-07,6.034357496220053e-10,-1.814543938933427e-13,7.040347756111389e-07,-1.8111166718168196e-09,-8.318751740404004e-10,1.3995876442252653e-10,1.7811623641788462e-09,-3.6894875354984625e-09,2.773828409215432e-07,-2.2328689009019706e-13,-7.273251701604544e-13,2.769930595623161e-07,-1.2597951243153933e-12,-5.471545118163964e-10,-1.2329634932865965e-09,1.7816694300058408e-09,-8.532521452703251e-14,1.4085542651555265e-10,1.3955834349001408e-10,1.3883668614444155e-10,-3.5228453960317783e-09,-2.7922776449135087e-09,-5.026204240033328e-13,1.3663048811010446e-09,-4.619497367801521e-13,2.477562571252973e-09,1.3842802801161708e-13,-1.7399142594207386e-09,-8.68435122551983e-15,5.740162878041187e-13,5.931003314314402e-13,4.402085461860635e-09,2.712373937592252e-09,-9.567300369947277e-13,-6.979982788751193e-13,-3.517444094231111e-14,2.778203434486558e-07,1.6530206092737796e-09,2.772433917603745e-07,1.277782188871894e-09,4.330096571504731e-13,-4.0895440594711185e-13,2.7805999645588677e-07,1.3980731922739732e-13,-7.844969221100641e-13
2.2506215975600865e-06,-1.5201167087873817e-09,-5.468617045797152e-10,5.110372715098525e-07,2.558363591294751e-10,-9.942776987194246e-14,-6.7394025964598196e-15,5.098976415818955e-07,5.107307426030405e-07,-2.9478702928594903e-10,7.051322499410436e-13,5.440076625488496e-13,-1.1058832420056961e-09,-2.382523991541972e-14,5.106488709639519e-07,3.9476212946971257e-10,-1.1445666103361957e-09,5.093889437590969e-07,-9.52377849663499e-13,5.10165761294655e-07,-4.394866871473249e-10,7.134339685278346e-13,-1.8111166718168196e-09,7.031157146900876e-07,-2.9525647926318267e-10,2.5627185272122875e-10,-3.390873948637986e-13,7.468413038970426e-13,5.109395991984736e-07,-9.334715229328268e-11,1.3708291747062442e-09,2.5700886067021845e-10,9.791189151776313e-10,1.6283429315407617e-13,-5.063841766682766e-10,-5.873679995944532e-13,3.710671470735548e-10,5.093534250031963e-07,2.5628061235038516e-10,2.5652726720456094e-10,1.6027111786348567e-09,1.4219229692967877e-09,6.546382477186801e-10,7.306606534055188e-10,1.2657665617550042e-13,-2.1271955072616255e-10,1.6359369111990917e-09,8.852220900369466e-10,2.032913267695498e-10,1.1940336596001371e-10,-1.7338183375354207e-09,-7.761031648978435e-13,-4.932738471744835e-13,3.872171205726482e-11,7.130449288871833e-13,-5.807862020747412e-11,5.108145189077942e-07,-1.6266586626855418e-13,5.101807544285226e-07,-5.059364286445847e-10,-1.2292011929233688e-09,2.0027030951172954e-09,5.098532523917417e-07,8.046863857747645e-10,-2.447782089899811e-13
1.9691594565661158e-06,-5.479171111700025e-10,-5.92773017843161e-14,1.1511766135918289e-10,1.1481137888365356e-10,-9.324608858141899e-11,4.122827745783814e-15,1.1479711650057817e-10,1.1505889870199044e-10,-2.872866325853667e-10,2.5018382952868185e-10,5.471021185999335e-10,-2.60564217040087e-13,3.4324075635988746e-10,2.289172417111929e-07,4.882899904119089e-11,-3.977836883017888e-10,1.1485315399947934e-10,-2.7357180798817874e-13,2.2889680245264915e-07,-1.4063871809703042e-10,3.5590554439272686e-13,-8.318751740404004e-10,-2.9525647926318267e-10,7.028338271098497e-07,2.2906600462449466e-07,-7.945603510001758e-11,1.0663867495220797e-13,2.2918370786796172e-07,-6.101132909872792e-14,5.08037823312318e-10,1.1528999514962988e-10,6.386170676082917e-14,4.3909659214416405e-14,-4.703945075617833e-10,-1.7382714700108425e-13,8.689743831572254e-14,1.1490907232191002e-10,1.149706886246505e-10,2.2898310490764423e-07,3.013857682257673e-10,1.6105287942954612e-13,9.7009276156002e-14,3.0768250465692753e-13,-1.11296027349061e-11,2.8140695531094e-10,9.267470595281897e-10,1.0013480352715361e-13,5.368911068517988e-14,1.2412895730720723e-13,-3.7497362358202355e-13,-6.521858525349823e-14,-4.8330336257097604e-14,-2.8376268865578565e-10,2.7309568263953236e-13,-2.1367843668375495e-14,1.150903902410334e-10,8.959366018595068e-11,2.28751971213193e-07,-6.865957846606261e-11,-2.638347580746826e-13,4.772587724373506e-13,2.2870569487920563e-07,2.403832603676518e-13,-5.128258115063705e-10
1.0000233459166774,1.0623645392362928e-10,1.5550170819855177e-06,1.000027824020805,1.0000249808550727,1.2692715128674822e-10,2.5836980967264707e-07,1.0000264652955053,1.000026386500298,9.202644107469199e-11,1.7794631161941974e-10,9.54579023378347e-11,2.3306097804191725e-07,3.350165091442112e-07,1.0000277333810297,1.6501451379557122e-10,8.145358720368137e-11,1.0000281458369271,2.407734966473122e-07,1.0000266612228959,2.2139054757433823e-07,1.6841215834943687e-10,1.3995876442252653e-10,2.5627185272122875e-10,2.2906600462449466e-07,1.0000271355361017,1.358115772470568e-10,4.012585761641539e-07,1.0000254420355545,5.547524621255147e-07,1.0309998851319455e-10,1.000026466279055,3.1746564519177866e-07,1.0555364728655411e-10,2.538613768393845e-07,1.8807589406112736e-07,9.680832055678885e-11,1.0000273842810248,1.0000279254392945,1.000026269954299,1.981252402847789e-07,2.3995583901931794e-07,1.2372646283877596e-10,3.280267686150647e-07,1.246917264172454e-10,1.2113258436639238e-10,1.174126378158116e-10,2.672175684292894e-07,1.3400799471651416e-10,2.5758784923203716e-07,3.8992951300365434e-07,2.2408594616617324e-10,5.695339253828571e-07,3.225814354355785e-07,1.5461884185241712e-10,2.5516939671162696e-07,1.0000261703582354,2.3311093868166976e-07,1.000025490521864,2.868123878225081e-07,1.0036953150446147e-10,2.3132015957282157e-07,1.0000271164434316,1.7248967578652362e-10,1.386736977126993e-10
2.010169141790571e-06,1.8496852349910505e-09,4.282743197530697e-13,2.6939768573401867e-07,1.3619518510945937e-10,9.508150863874171e-14,4.720095691022129e-11,2.702461882295323e-07,1.3546236082227541e-10,-3.44172059980117e-14,-2.312056005896144e-09,-4.762268861046517e-13,1.0618954594863379e-09,9.081309089658653e-10,2.6943787186579077e-07,-3.5195310116662986e-13,1.4275686983983648e-09,2.715627497178334e-07,2.6349782170857172e-09,1.3578051789266041e-10,5.767750496222785e-10,-1.2642680476764513e-09,1.7811623641788462e-09,-3.390873948637986e-13,-7.945603510001758e-11,1.358115772470568e-10,7.043344302620642e-07,-2.5730959698301527e-09,1.353165779006129e-10,-9.350869063309685e-11,-8.211423481715066e-13,2.6863692285764093e-07,-1.7240964355806872e-09,-2.3299070995450803e-13,-6.318119600606987e-11,1.6011265310557166e-09,-1.8015710793531899e-13,2.7189834718240085e-07,1.3565396835203334e-10,2.6920223992811467e-07,-1.30687730447449e-12,-1.0962906748921165e-12,-4.5072664781414355e-13,-3.23494963185483e-14,-2.748205005940684e-13,1.1040214784383046e-09,-1.194895389014123e-09,-1.3595073048179546e-09,-1.678847337218612e-10,1.6906767233109148e-13,9.153047449646716e-13,2.8884796697800336e-09,9.058988339150053e-13,-7.496391334095984e-10,-1.6518247405723147e-09,9.918741781983161e-15,2.6972863838578873e-07,8.81071781398887e-10,1.3559277563585898e-10,4.440048337743078e-13,1.301475932982952e-09,-9.529507734513799e-13,1.358786734875997e-10,-5.337845186616747e-10,-2.0241264751364738e-10
