1.0000000110682352,0.9999921948729249,0.999992190423841,-1.989263354239119e-09,6.725807486196155e-09,1.7326157413504024e-08,1.4161207479866398e-08,2.419721803703008e-08,2.283519235004605e-09,0.9999921219482125,0.999992193427629,2.600427703578573e-08,0.9999922021002645,2.9121437241648815e-08,1.0862462984749562e-08,0.9999921833059645,-1.1155187511582737e-08,2.4841770079057242e-08,2.1625952645192665e-08,2.4348433012175225e-08,0.9999921599305756,1.1242023658418712e-07,1.1534012664245905e-08,3.0911709881451233e-08,0.9999921673184566,-1.6557494235082033e-08,1.5505999832120194e-08,0.9999922066279339,3.4199815136835194e-08,1.9268256144679414e-08,7.302426431514307e-08,3.142600657696341e-08,1.9686542882593623e-09,3.758838290857245e-08,1.1641666828709436e-08,2.7742108374982613e-08,3.8033046967235176e-08,1.8908264340780553e-08,1.265075212622803e-08,2.5290223329002733e-08,0.9999921914168521,-4.90213804127668e-09,0.9999921830931559,1.0237947279528998e-07,5.9280064375151606e-08,4.0399082475706855e-08,4.0652914685974244e-08,1.4529229058979247e-08,2.995696143079642e-08,3.1509636763528534e-08,2.607597570376967e-08,2.1183513954720762e-08,3.6219411566915884e-09,3.0922276049490295e-08,1.392970245961186e-08,3.584970325048263e-08,0.9999921557847151,1.197680688229827e-08,1.3497255972478115e-07,0.9999921799137872,3.359058330682906e-08,0.9999921382387832,3.9289314225221676e-08,2.4495091581192005e-08,3.440325059028576e-08
0.9999921948729249,0.9999772417649658,0.9999730172646297,-4.332649319378505e-11,-7.7563603341771e-08,-6.696346472528367e-08,-7.01283350774465e-08,-3.0176684344396627e-11,-8.200580490842276e-08,0.9999729487902728,0.9999730202683141,-5.8285518871360476e-08,0.9999730289408032,-5.51684145241238e-08,-7.342701025577716e-08,0.9999730101468493,-4.792925838164848e-11,-5.944798773546935e-08,-3.146786601236067e-11,-3.0100746435324835e-11,0.9999729867718884,2.812883577163714e-08,-7.275549597825816e-08,-2.680493373269393e-11,0.9999729941596408,-5.064208108451827e-11,-6.878358369192733e-08,0.9999730334683852,-2.5153770608121728e-11,-3.26518087277358e-11,-1.1266419311738251e-08,-2.6546667399311298e-11,-8.232067739751949e-08,-2.3452171398342098e-11,-7.264783676993641e-08,-5.654771673491783e-08,-2.3228883237235857e-11,-6.5381386605141e-08,-3.597486272135775e-11,-2.962782591007149e-11,0.9999730182576093,-8.919130882451595e-08,0.9999730099340408,9.083331775635738e-12,-1.2559475710941439e-11,-2.2040751603459243e-11,-2.1913287934915145e-11,-6.976032390097517e-08,-5.433290237089472e-08,-2.6504680252578245e-11,-2.923324305523247e-11,-3.169004641875503e-11,-8.06674139873487e-08,-2.6799622478399903e-11,-3.533262222361445e-11,-2.43252679117723e-11,0.9999729826261543,-7.231270787268923e-08,5.0680718365305906e-08,0.9999730067547662,-2.5459707602403555e-11,0.9999729650805056,-2.2598036578898883e-11,-5.979465866331732e-08,-4.9886697037568943e-08
0.999992190423841,0.9999730172646297,0.9999772328669297,-8.62785075457167e-08,-3.895012782809067e-11,-6.696346406979807e-08,-3.521637050231449e-11,-3.0176684666309045e-11,-4.118087162627318e-11,0.9999729443412807,0.9999730158193224,-5.828551828318272e-08,0.9999730244918092,-5.516841392157002e-08,-7.342700929444433e-08,0.999973005697857,-9.544425780836183e-08,-2.985301121324882e-11,-3.1467865219237834e-11,-3.010074599225559e-11,0.9999729823228946,2.8128836624163416e-08,-3.653564078118704e-11,-2.680493330503741e-11,0.9999729897106476,-1.008464583368676e-07,-3.4541069618237046e-11,0.9999730290193913,-2.5153770700425772e-11,-6.502140170579132e-08,-5.657684004356196e-12,-2.654666765936608e-11,-8.232067663803272e-08,-4.670162942188349e-08,-3.648158413205542e-11,-2.8396582351036926e-11,-4.62569754630077e-08,-6.538138599496741e-08,-3.597486313335222e-11,-5.899954191731894e-08,0.9999730138086165,-4.47892229115509e-11,0.9999730054850473,1.8088228250672985e-08,-1.2559472848149145e-11,-2.204075123950842e-11,-4.363715235454446e-08,-3.5031562676529844e-11,-2.7284371001355285e-11,-5.278025017115863e-08,-2.9233242740929775e-11,-6.310618043719398e-08,-8.066741323172135e-08,-2.6799622589330704e-11,-3.533262151805958e-11,-2.4325267542231137e-11,0.9999729781771616,-3.631328762304607e-11,2.545029206981986e-11,0.9999730023057712,-5.069935151998933e-08,0.9999729606315132,-2.2598036549564377e-11,-5.979465804901235e-08,-2.5051620973702163e-11
-1.989263354239119e-09,-4.332649319378505e-11,-8.62785075457167e-08,4.220051993945005e-06,3.1135246874562167e-15,8.643413812097123e-19,-1.4343284318696015e-19,1.1479138130055274e-15,2.559682202672101e-15,-4.332648917568814e-11,-4.332649213040203e-11,1.5322798978362888e-15,-4.3326492647499986e-11,8.836805403011724e-16,-1.8705117781566228e-16,-4.3326491712943627e-11,4.157188154956619e-15,1.4249236980685271e-15,6.42722189495126e-19,1.1173455117474958e-18,-8.627850295891468e-08,-1.305176307071315e-14,2.507717250755321e-15,-9.421147858561713e-19,-4.332649088280019e-11,4.232010604556692e-15,1.7499143914196294e-15,-8.627850825451979e-08,3.73373841813036e-20,1.3513659338068685e-18,-3.5069741811751597e-15,1.6037927608097632e-15,3.262103868086734e-15,7.006750557172904e-19,7.837895998174722e-16,6.112760857206311e-19,2.7000070158962495e-16,1.77215508937765e-18,6.101596868932989e-19,-4.8553748579907e-16,-8.627850687163667e-08,4.708745939136516e-16,-8.627850505883151e-08,-3.308145113657681e-18,-4.473019724463193e-18,4.530596777178774e-16,2.580052630243576e-16,3.707993172739079e-19,-1.2954289144342874e-19,2.99295940732192e-16,1.4539767637052462e-18,7.9257991372128455e-19,2.6388305929206457e-15,1.140320994362734e-15,2.445230329458212e-15,8.246054208104288e-19,-4.3326491782596725e-11,2.4329667393568113e-15,-1.4246444008762312e-14,-4.3326492679726064e-11,1.3014823616782053e-15,-8.627850067780081e-08,9.094354811821943e-16,7.777960971991225e-19,2.4552280390352346e-16
6.725807486196155e-09,-7.7563603341771e-08,-3.895012782809067e-11,3.1135246874562167e-15,4.220051993277925e-06,1.0769538350468617e-18,-1.2533368694767824e-19,6.476421026728822e-19,2.695265461447129e-15,-3.895012461877535e-11,-7.756360149283461e-08,7.888151151526255e-19,-3.895012724947902e-11,1.135235548882605e-15,4.0192083135625175e-16,-7.75636008436386e-08,1.9189516545465682e-18,9.577190836197098e-19,6.171596495100453e-19,2.3362352147265263e-15,-3.8950126123316894e-11,-1.0799142275116715e-14,2.5824221978784827e-15,-2.4982832635003516e-19,-3.8950126454082426e-11,2.1484233147199863e-18,1.9396722779560557e-15,-7.756360331438398e-08,4.860529547425585e-19,2.817483807178061e-15,-1.461367561997807e-18,1.1846147656128218e-18,1.1201978604293511e-18,3.3058563266407777e-19,1.1834427278575834e-15,1.4857429721030876e-15,5.706624686026757e-16,1.2071227623935427e-18,1.0189484055400808e-18,5.390655934093597e-17,-3.8950127376187946e-11,5.392507781635516e-19,-3.8950126623730546e-11,-5.595089165421064e-15,-7.086732788168261e-15,-3.5919595827670353e-19,5.418203825012105e-16,5.927796765929976e-19,7.884558450478494e-16,5.604264630276334e-21,8.682298392419838e-19,2.0702246923647367e-15,1.503210025080554e-18,5.115356211221443e-19,1.1965566709069588e-18,1.7730651478826872e-15,-3.8950126244992267e-11,1.0124949681504978e-18,-1.1936015436961684e-14,-7.75636021027901e-08,1.0784050562768396e-18,-3.8950124595684126e-11,4.72758932210535e-19,1.6756100712127242e-15,5.771175686370076e-16
1.7326157413504024e-08,-6.696346472528367e-08,-6.696346406979807e-08,8.643413812097123e-19,1.0769538350468617e-18,4.220051990650537e-06,-1.6770929197784476e-18,4.3168383218057947e-19,1.5558561183843493e-15,-6.696345833086196e-08,-3.362705951448634e-11,4.235166216627589e-19,-3.3627060177736266e-11,3.4877005938817e-20,-2.780721359959301e-19,-6.696346215381828e-08,2.8317247966229734e-15,7.775282039509531e-19,4.2703444687460533e-19,6.029960377878416e-19,-3.362705884570035e-11,-5.647447801764056e-18,7.437950150098865e-19,-1.5340892429826618e-15,-6.69634606671543e-08,2.8464894532052092e-15,4.719085052506891e-19,-6.696346444961493e-08,-7.416248709353018e-20,1.4403117379164548e-18,-1.4533917063523104e-18,9.611429784860068e-16,1.1515578068258385e-18,4.974708435053886e-16,8.596367827762316e-17,6.783312340364225e-16,-4.1624813236948995e-19,1.5867478080877284e-15,-1.5443413490859925e-19,-8.897723667530186e-16,-6.696346344695672e-08,-3.3122573826740087e-16,-3.362706017708707e-11,-5.6631017513025014e-15,-4.000076745990119e-18,4.616841857792181e-17,-1.150240773572468e-16,1.4243290013322303e-16,-3.342727080777378e-17,2.6886450845754953e-19,1.2230344178096871e-15,1.1989841262779575e-15,8.157754562813999e-19,3.6879732590515075e-19,1.5492210580152583e-15,9.89091247323613e-19,-3.362705991227832e-11,1.5269225322169168e-15,-6.2461486943032646e-18,-3.362706077189185e-11,4.405646526100401e-19,-3.362705849639245e-11,5.718391806823448e-19,8.281144871161979e-16,-1.8565391329069454e-16
1.4161207479866398e-08,-7.01283350774465e-08,-3.521637050231449e-11,-1.4343284318696015e-19,-1.2533368694767824e-19,-1.6770929197784476e-18,4.2200519860020496e-06,-1.849820690511646e-15,-1.0419959550661163e-15,-7.012832743080166e-08,-7.01283317012079e-08,-1.1653264137283458e-15,-7.01283327894143e-08,-1.9509447894375907e-15,-4.658407383129473e-15,-7.012833124911808e-08,-4.867897192668911e-20,-5.719382558486796e-19,-8.148789783923775e-19,1.9945753385016743e-19,-7.012832886091358e-08,-1.7924364330437842e-14,-3.4168743950021653e-19,-5.087503730606247e-15,-3.5216368539930415e-11,4.3920962688207766e-20,-1.273999079103661e-18,-3.521637016114763e-11,-5.141202764349237e-19,4.3452522994016155e-16,-2.666145094743236e-18,7.403000877963337e-20,-5.901890623687294e-19,-5.566059802450748e-19,-1.5904060215739735e-18,-1.405685315645276e-15,-6.066356131689444e-19,-2.3136199357982196e-16,-2.589692084900895e-15,-4.233716010704596e-15,-3.5216369794692415e-11,-4.619360204370203e-15,-7.01283306621182e-08,-9.005642244553578e-15,-1.4963890032374322e-14,-1.5511072655670284e-18,-1.2624923134192458e-18,-2.9293424536567083e-15,-2.5343637305760662e-15,-1.2841201996293443e-18,-5.357847883582126e-16,-8.052495571732761e-16,-3.0022207385106845e-19,-1.4604377650424712e-15,-5.217592253657033e-16,2.5815471110800114e-20,-3.521636969793057e-11,-6.528200975888296e-16,-9.340056553271922e-18,-7.012833388563996e-08,-5.196138347677843e-19,-7.012832669524355e-08,-7.431697216548362e-19,-1.293553484636455e-15,-1.310914776202756e-18
2.419721803703008e-08,-3.0176684344396627e-11,-3.0176684666309045e-11,1.1479138130055274e-15,6.476421026728822e-19,4.3168383218057947e-19,-1.849820690511646e-15,4.220051988280578e-06,7.096969236533401e-19,-6.009252542636259e-08,-6.009252926153685e-08,-1.5985351415035774e-19,-6.009253008319671e-08,-2.164907388897456e-16,-1.546512141752064e-15,-3.017668303456007e-11,2.0020883775805656e-15,-1.0853455379076784e-19,-1.5237188741028146e-19,5.918604195577814e-19,-6.009252692668276e-08,-1.1370337348866428e-14,9.20975936863382e-16,-1.0552980015922894e-18,-6.009252741973935e-08,1.963345716097814e-15,3.1376633138476356e-16,-3.017668427653311e-11,-1.656123599791717e-19,5.840934955089493e-19,-3.379047140513639e-15,4.716988495461775e-16,4.431611138038758e-19,3.7397810936737747e-19,-5.672544319900938e-19,3.376090761742782e-20,-6.069140654105319e-16,1.0009244371063386e-15,6.306751539701165e-20,-5.705185266285651e-19,-6.009253007792287e-08,-8.173140284418396e-19,-3.017668287895326e-11,-3.2103401684233562e-18,-3.96359446368205e-18,-3.9845739523157564e-16,-4.831843258078891e-19,-5.593416687823936e-16,-2.5493747615585005e-19,-4.922533813380292e-19,6.91864062212655e-16,5.00586325769137e-19,6.530777596511746e-19,4.872833269508564e-17,9.110955491826117e-16,3.6549563035400457e-19,-6.009252892145982e-08,8.674199792357247e-16,-1.2025919864970828e-14,-3.017668414406334e-11,2.447654720681241e-16,-3.017668136446703e-11,4.193160374724812e-19,2.6102994971871595e-16,-5.630672549651182e-19
2.283519235004605e-09,-8.200580490842276e-08,-4.118087162627318e-11,2.559682202672101e-15,2.695265461447129e-15,1.5558561183843493e-15,-1.0419959550661163e-15,7.096969236533401e-19,4.220051992174633e-06,-4.1180868464672564e-11,-4.118087154226372e-11,1.2036906447113638e-15,-4.118087181190929e-11,5.615702865085601e-16,-6.542803318687118e-16,-4.118087072859883e-11,3.649456318911821e-15,1.268369854466009e-19,2.7427886029891145e-19,1.9977736755563326e-15,-8.200579950010842e-08,-1.3168081343137482e-14,2.104594556480261e-15,-1.6349470456269865e-15,-4.1180870230280005e-11,1.7122752175387317e-18,3.8361274759680917e-19,-8.200580467239685e-08,3.536322455357264e-16,2.5245095192729785e-15,-3.642539627978386e-15,1.3067297753068106e-15,1.2529708668660654e-18,2.6198759152723073e-19,9.750988685289137e-20,2.1213818717816074e-19,-8.736108986943449e-18,1.107901772395785e-18,6.921306388841189e-16,-3.422945538467521e-19,-8.200580338928958e-08,-8.593543468755915e-17,-8.200580151654927e-08,-6.757001812253709e-15,-4.3470734733679314e-18,1.9199172372303355e-16,-2.9407152582224223e-18,2.0218712566930358e-19,9.753671711330664e-20,-1.8027042450776417e-17,8.838854286386e-19,1.614074374989952e-15,1.3965043299515476e-18,5.731068800095884e-19,1.028185240210315e-18,1.4720948465364825e-15,-8.200580155551743e-08,4.462392141112278e-19,-1.4242045361440598e-14,-8.200580358378367e-08,5.421969381705293e-19,-4.11808688304819e-11,6.543390970445565e-16,5.687563660836786e-19,-5.919241916366916e-17
0.9999921219482125,0.9999729487902728,0.9999729443412807,-4.332648917568814e-11,-3.895012461877535e-11,-6.696345833086196e-08,-7.012832743080166e-08,-6.009252542636259e-08,-4.1180868464672564e-11,0.9999770959183507,0.9999729473449649,-2.926925178320507e-11,0.9999729560174521,-5.516840897223924e-08,-7.342700240812867e-08,0.9999729372235027,-9.544425016586078e-08,-5.944798197132567e-08,-3.146786256485761e-11,-3.0100743533229155e-11,0.999972913848543,2.812883791315171e-08,-7.275548926624059e-08,-5.337814934778761e-08,0.9999729212362936,-1.008464502537844e-07,-3.454106678939468e-11,0.9999729605450349,-5.009011462763604e-08,-3.2651805920082256e-11,-1.126641660286879e-08,-2.6546665497520897e-11,-8.232066997219325e-08,-4.670162531467472e-08,-7.264782938815362e-08,-2.8396579617026495e-11,-4.6256971145259655e-08,-3.2832579977780385e-11,-7.163876609533456e-08,-5.899953618731961e-08,0.9999729453342595,-8.919129961440346e-08,0.9999729370106931,1.8088228874324993e-08,-1.2559470691174228e-11,-2.2040749188460716e-11,-2.191328526415841e-11,-6.9760316817033e-08,-5.433289676909377e-08,-5.2780245229098294e-08,-2.9233240245134375e-11,-3.1690044146723884e-11,-4.050877217238285e-11,-2.679962008483101e-11,-7.035984938983002e-08,-2.4325265060438166e-11,0.999972909702808,-3.6313284914842355e-11,2.545029297219924e-11,0.9999729338314183,-2.545970517577436e-11,0.9999728921571607,-4.5000732775316396e-08,-3.0027096319755535e-11,-4.988669180969444e-08
0.999992193427629,0.9999730202683141,0.9999730158193224,-4.332649213040203e-11,-7.756360149283461e-08,-3.362705951448634e-11,-7.01283317012079e-08,-6.009252926153685e-08,-4.118087154226372e-11,0.9999729473449649,0.9999772388744326,-2.926925438719753e-11,0.9999730274954938,-2.7703939906407362e-11,-7.342700692611455e-08,0.9999730087015412,-4.792925696113818e-11,-2.9853010946008744e-11,-3.146786494681472e-11,-3.0100745608189135e-11,0.9999729853265803,2.8128841146028764e-08,-3.653563964570642e-11,-5.337815249126303e-08,0.9999729927143339,-5.064208018768502e-11,-3.454106895094346e-11,0.9999730320230771,-2.515377013212801e-11,-3.265180810723569e-11,-5.657683384246619e-12,-5.286388222180591e-08,-4.13389872436125e-11,-4.670162830578026e-08,-3.648158241937401e-11,-2.83965813082957e-11,-4.6256974019503536e-08,-3.283258223571578e-11,-3.5974862635422564e-11,-2.962782430226009e-11,0.9999730168123023,-8.919130519411184e-08,0.9999730084887318,1.8088230813538876e-08,-2.5010314209431237e-08,-4.3890982649072566e-08,-4.363715096273569e-08,-6.976032121877097e-08,-2.7284370277706934e-11,-2.6504679187707985e-11,-2.923324220585076e-11,-3.1690045961536357e-11,-8.066741166576485e-08,-2.6799621551282786e-11,-3.5332621298302445e-11,-2.4325266748696326e-11,0.9999729811808457,-3.631328679171597e-11,5.068072341691623e-08,0.9999730053094572,-5.069935040781505e-08,0.9999729636351984,-2.2598035571010507e-11,-3.002709764387862e-11,-4.988669491157037e-08
2.600427703578573e-08,-5.8285518871360476e-08,-5.828551828318272e-08,1.5322798978362888e-15,7.888151151526255e-19,4.235166216627589e-19,-1.1653264137283458e-15,-1.5985351415035774e-19,1.2036906447113638e-15,-2.926925178320507e-11,-2.926925438719753e-11,4.220051987996201e-06,-5.8285517791076314e-08,1.5603434900020235e-16,-8.820549643719347e-16,-2.926925353979705e-11,2.3292427960264384e-15,4.1893083339554956e-19,3.744440877238801e-16,1.2363565719746157e-15,-5.828551479577653e-08,-1.0025260466790664e-14,8.074830506534536e-19,-9.013873150315417e-19,-2.926925290240566e-11,1.0507769733887537e-18,7.003501337828675e-16,-2.926925474266749e-11,1.891795430818265e-17,7.865003622729577e-19,-1.2049610522334859e-18,7.381105687532492e-16,1.7507858152019158e-15,1.7003966233295284e-19,-1.0806034307125089e-16,-1.9732926376118485e-19,-6.306195272039537e-20,6.912827119807858e-19,-5.151429687915749e-19,-6.228091778428843e-19,-5.8285517717721494e-08,-3.343316955239263e-19,-2.926925360567327e-11,-5.106433943289749e-15,-4.015858703575281e-18,-4.813746998383502e-20,3.75754263619696e-20,-4.982869764105024e-17,-8.079088530581634e-20,-3.1431178479609907e-19,9.62111628031779e-16,9.269980385417068e-16,1.2916715482944412e-15,2.846063399017207e-19,1.2277974430220352e-15,8.940097941024454e-16,-2.926925344640836e-11,1.2020360352887328e-15,-5.1590490159907375e-18,-2.926925443250769e-11,2.2553002566817864e-19,-5.828551318120533e-08,-3.638129356634073e-19,1.207322242172901e-18,1.4670675654244238e-20
0.9999922021002645,0.9999730289408032,0.9999730244918092,-4.3326492647499986e-11,-3.895012724947902e-11,-3.3627060177736266e-11,-7.01283327894143e-08,-6.009253008319671e-08,-4.118087181190929e-11,0.9999729560174521,0.9999730274954938,-5.8285517791076314e-08,0.9999772562193927,-2.770394024441397e-11,-7.342700803563239e-08,0.9999730173740299,-9.544425765491424e-08,-5.944798658973272e-08,-6.26637390891675e-08,-5.994132438561508e-08,0.9999729939990689,2.812884058836059e-08,-3.6535640193102575e-11,-2.6804932716791244e-11,0.9999730013868208,-1.0084645816048994e-07,-3.4541069680512625e-11,0.9999730406955654,-2.515377061883791e-11,-3.265180823462675e-11,-1.1266417328081096e-08,-5.286388289089277e-08,-4.13389875248445e-11,-2.345217137084362e-11,-3.648158366941182e-11,-2.8396582130145358e-11,-2.3228883440750286e-11,-6.53813857462306e-08,-3.597486271757175e-11,-5.899954069553714e-08,0.9999730254847877,-4.478922240787946e-11,0.9999730171612192,1.808823053006338e-08,-2.5010315247554026e-08,-2.204075047272947e-11,-2.1913286872170173e-11,-3.503156220768338e-11,-5.4332900956969236e-08,-2.6504679975452794e-11,-2.923324284016297e-11,-6.310618001022758e-08,-4.050877598605923e-11,-2.679962208464346e-11,-7.03598548861215e-08,-2.4325267281265936e-11,0.9999729898533343,-3.63132873460194e-11,5.0680723093659e-08,0.9999730139819443,-2.545970693195001e-11,0.999972972307686,-2.2598036328026726e-11,-5.979465753920274e-08,-4.988669564761806e-08
2.9121437241648815e-08,-5.51684145241238e-08,-5.516841392157002e-08,8.836805403011724e-16,1.135235548882605e-15,3.4877005938817e-20,-1.9509447894375907e-15,-2.164907388897456e-16,5.615702865085601e-16,-5.516840897223924e-08,-2.7703939906407362e-11,1.5603434900020235e-16,-2.770394024441397e-11,4.22005198761409e-06,-6.882827403951379e-19,-2.770393965757215e-11,1.3858309936077997e-18,2.718170564052503e-19,1.664944556962544e-20,8.052999639367696e-16,-5.516841030287278e-08,-1.0836573697969113e-14,7.004257733600553e-16,-2.1974616872432172e-15,-5.5168410766008694e-08,8.170099620234285e-19,1.6262970670276664e-19,-2.7703940944214796e-11,1.3222316781628884e-19,3.4768039486166065e-19,-3.2641922611422e-15,1.035398298467132e-20,1.1632801233030322e-15,1.6348479165335977e-19,-8.036586650124554e-16,-9.396359204034868e-18,-6.957411251437186e-16,2.9701746464242523e-19,-4.853052468203685e-16,-1.137967860295402e-18,-5.5168413280062634e-08,-1.0313833763831707e-18,-2.770393982944015e-11,-3.188120776374928e-18,-8.360443791706116e-15,-2.8824043038151697e-19,-6.057305145286665e-19,-4.3164314262803636e-19,-6.988151909040976e-16,-7.994104598042998e-16,-1.7719328212148862e-20,3.9816434032058457e-19,4.866921320930137e-19,-3.021576792623841e-20,2.5568974089532124e-19,-1.2948514573786777e-19,-2.7703939817851335e-11,4.149811995408411e-20,-5.411385801525591e-18,-2.7703940420669895e-11,-2.377170596991045e-19,-5.5168408711391856e-08,-1.07788279618278e-16,1.0151020967861234e-16,-7.973771604919046e-16
1.0862462984749562e-08,-7.342701025577716e-08,-7.342700929444433e-08,-1.8705117781566228e-16,4.0192083135625175e-16,-2.780721359959301e-19,-4.658407383129473e-15,-1.546512141752064e-15,-6.542803318687118e-16,-7.342700240812867e-08,-7.342700692611455e-08,-8.820549643719347e-16,-7.342700803563239e-08,-6.882827403951379e-19,4.220051981257633e-06,-3.687286493339066e-11,9.74798683226683e-16,-1.1062467156203896e-15,-1.517337012369551e-15,1.8799150611600147e-16,-7.342700398117158e-08,-1.7740291269455845e-14,-1.680301019433356e-20,-4.758332046472924e-15,-3.6872863442803414e-11,7.876251990268057e-16,-1.1298977803456937e-15,-7.342700937077288e-08,-7.796426949798956e-19,3.628914242111829e-19,-3.3681602561966596e-18,-4.91523867533725e-16,3.602741598949737e-16,-5.940742589662592e-19,-1.6890348146762262e-18,-6.135756212932021e-19,-1.9126684436058787e-18,6.73219916476719e-17,-2.221710891784882e-15,-2.3134860109344676e-18,-3.687286527272427e-11,-4.137878172828059e-15,-7.342700585702692e-08,-4.264921019171644e-18,-7.610885588769124e-18,-1.6943310676521088e-15,-1.9628768616102294e-15,-1.2613019573263288e-18,-9.798742793594844e-19,-1.2750956781029837e-18,-2.6403184408452375e-16,-6.471015896429352e-20,-4.513808400999303e-16,-1.1941893697087193e-15,-2.2110397523255535e-19,-5.105802756974768e-17,-3.687286538705132e-11,-3.1544158907589063e-16,-8.757192496019586e-18,-3.687286644237928e-11,-3.7592728138863954e-19,-7.342700175354816e-08,-4.8492606340797775e-19,-1.0013657890404494e-15,-1.3350580681307357e-18
0.9999921833059645,0.9999730101468493,0.999973005697857,-4.3326491712943627e-11,-7.75636008436386e-08,-6.696346215381828e-08,-7.012833124911808e-08,-3.017668303456007e-11,-4.118087072859883e-11,0.9999729372235027,0.9999730087015412,-2.926925353979705e-11,0.9999730173740299,-2.770393965757215e-11,-3.687286493339066e-11,0.9999772186314898,-4.7929256930870184e-11,-2.985301043139317e-11,-3.146786429720976e-11,-3.010074529198163e-11,0.9999729752051165,2.8128840430401553e-08,-3.653563905341807e-11,-2.6804932084154972e-11,0.9999729825928687,-1.0084645612237638e-07,-3.4541068804824926e-11,0.999973021901611,-2.515377070370651e-11,-3.26518077596724e-11,-1.1266416947203239e-08,-2.6546666495400785e-11,-8.232067474763745e-08,-2.3452170412544135e-11,-3.6481582891358514e-11,-2.839658113821581e-11,-4.625697370446746e-08,-3.283258174292687e-11,-7.163877011902716e-08,-2.9627823907179475e-11,0.9999730066908369,-8.919130456514836e-08,0.9999729983672649,1.8088230393031176e-08,-2.5010314397469844e-08,-4.3890982340914125e-08,-4.363715066789851e-08,-6.976032071621742e-08,-2.7284369964896992e-11,-5.278024814755954e-08,-5.821381151393719e-08,-6.310617870477558e-08,-4.050877497220863e-11,-5.336759570285238e-08,-7.035985344457633e-08,-2.4325266721207392e-11,0.9999729710593824,-7.231270530683171e-08,5.068072249363896e-08,0.9999729951879912,-2.5459706619506515e-11,0.999972953513733,-2.2598035652275584e-11,-3.002709806155674e-11,-2.5051619701984456e-11
-1.1155187511582737e-08,-4.792925838164848e-11,-9.544425780836183e-08,4.157188154956619e-15,1.9189516545465682e-18,2.8317247966229734e-15,-4.867897192668911e-20,2.0020883775805656e-15,3.649456318911821e-15,-9.544425016586078e-08,-4.792925696113818e-11,2.3292427960264384e-15,-9.544425765491424e-08,1.3858309936077997e-18,9.74798683226683e-16,-4.7929256930870184e-11,4.2200519975180825e-06,1.9016683322062113e-18,2.152517396211676e-15,1.8477304435972757e-18,-4.7929256478077126e-11,-6.370194443907442e-18,3.4562529043238693e-15,-3.4286887959250467e-16,-4.792925591938521e-11,5.489633610619045e-15,2.694448379373241e-15,-4.792925863505694e-11,1.3864792039747636e-15,3.669186175516961e-15,-3.0636683301059127e-15,2.3095941774471958e-15,2.1574617476794883e-18,8.223653170349186e-19,1.113820865383212e-18,2.0908256033154906e-15,9.744372786677991e-16,3.2790888558791823e-15,2.1524920027078795e-15,-5.883607365241705e-20,-9.544425719716245e-08,1.8284674773212216e-15,-9.54442553731998e-08,-3.0977791893918424e-18,-7.903016631132335e-15,5.657368174053386e-19,9.22765036080108e-16,1.8459475989025947e-15,1.2804039050855448e-15,1.1039570661552787e-15,2.715679656018809e-15,1.6322065392108266e-18,3.703464903064042e-15,1.0799334190872865e-18,1.4162928381006232e-18,1.1680951758532529e-18,-9.54442547719233e-08,3.3809604342991475e-15,-1.3966107046830742e-14,-4.792925734738111e-11,1.079959054373721e-18,-4.7929254344492406e-11,1.5464753742686357e-15,2.3302434748439885e-15,1.0079231356492515e-15
2.4841770079057242e-08,-5.944798773546935e-08,-2.985301121324882e-11,1.4249236980685271e-15,9.577190836197098e-19,7.775282039509531e-19,-5.719382558486796e-19,-1.0853455379076784e-19,1.268369854466009e-19,-5.944798197132567e-08,-2.9853010946008744e-11,4.1893083339554956e-19,-5.944798658973272e-08,2.718170564052503e-19,-1.1062467156203896e-15,-2.985301043139317e-11,1.9016683322062113e-18,4.220051987693151e-06,1.549772278777306e-19,1.171194141485102e-15,-5.944798352708568e-08,-1.0565970336780754e-14,1.1579959160802665e-15,-1.1487521261601504e-18,-5.9447984001885474e-08,2.2365369244751302e-15,5.812010242419613e-16,-2.9853011545849674e-11,-1.4420941009266273e-19,1.5636444438715819e-15,-3.0621583315550396e-15,2.8799676886354306e-19,1.66551883555964e-15,4.944289701164393e-19,-2.83541253717829e-16,3.6613095918577393e-16,-3.6240411153269194e-16,6.32372928415322e-19,1.2060943239001092e-17,-3.381442892908693e-19,-2.9853010954880864e-11,-1.2817349486414783e-19,-5.944798500770275e-08,-2.8873069358136423e-18,-7.83701667088603e-15,-1.804451620562208e-16,-3.3639087115264837e-16,-2.1587652887688835e-16,-3.084353945307554e-16,-4.1956497315259154e-16,4.477715407538518e-19,8.34438382961275e-16,1.1787737651525808e-15,3.516569943097941e-19,1.1381894041281324e-15,8.329987474692338e-16,-2.985300991070652e-11,6.974375578330943e-19,-5.743980922915639e-18,-2.985301060449391e-11,6.786010505093786e-19,-2.9853008157739036e-11,1.9119472834183688e-16,4.944260246013005e-16,-4.334325751188442e-16
2.1625952645192665e-08,-3.146786601236067e-11,-3.1467865219237834e-11,6.42722189495126e-19,6.171596495100453e-19,4.2703444687460533e-19,-8.148789783923775e-19,-1.5237188741028146e-19,2.7427886029891145e-19,-3.146786256485761e-11,-3.146786494681472e-11,3.744440877238801e-16,-6.26637390891675e-08,1.664944556962544e-20,-1.517337012369551e-15,-3.146786429720976e-11,2.152517396211676e-15,1.549772278777306e-19,4.220051987929084e-06,4.831160993741545e-19,-6.266373585410679e-08,-5.770396951929015e-18,5.144790663139071e-19,-2.166298597640806e-15,-6.26637363394751e-08,1.2296133412534495e-18,3.8601708813054e-16,-6.266374000523291e-08,-4.1603420798229583e-19,1.501319716620361e-15,-1.9670505995302846e-18,5.575891334991974e-19,1.5520752558196009e-15,-8.447628618786005e-20,-1.4812216109442585e-19,3.851627944057537e-20,-2.9636763095496083e-19,1.0930021078062291e-15,-2.6115419935621204e-16,-1.52793301230782e-15,-3.1467865081459064e-11,-1.192728105044624e-15,-3.1467864357530044e-11,-2.9978351843354248e-18,-8.864548877110001e-15,-3.731896873930693e-16,-3.2570984654283043e-19,-5.083111424667284e-16,-1.0048751530581644e-18,-3.8851895432929363e-19,2.967265142457229e-19,6.903636598246388e-16,1.005830479777776e-15,9.709801548960551e-17,6.22967062433458e-19,5.80633348381519e-20,-3.1467864339801056e-11,6.38290690160989e-19,-1.2422472952061917e-14,-6.26637393368365e-08,3.3216713767300588e-19,-6.26637340983929e-08,-1.5436706373831886e-19,3.2337933166605087e-16,-3.4883829162489873e-19
2.4348433012175225e-08,-3.0100746435324835e-11,-3.010074599225559e-11,1.1173455117474958e-18,2.3362352147265263e-15,6.029960377878416e-19,1.9945753385016743e-19,5.918604195577814e-19,1.9977736755563326e-15,-3.0100743533229155e-11,-3.0100745608189135e-11,1.2363565719746157e-15,-5.994132438561508e-08,8.052999639367696e-16,1.8799150611600147e-16,-3.010074529198163e-11,1.8477304435972757e-18,1.171194141485102e-15,4.831160993741545e-19,4.220051994535662e-06,-3.0100744501445716e-11,-4.133758798219955e-18,1.924207474862422e-15,-5.957751028790022e-16,-3.0100744630281617e-11,3.1545683834919948e-15,1.4206333940776886e-15,-5.994132509201637e-08,3.7265434758333155e-20,1.2288506463832528e-18,-2.209126665587639e-15,5.037177326094933e-19,1.3645028219250582e-18,6.230490385066754e-19,2.1153280713325972e-19,1.0813985181569287e-15,6.751529508689091e-20,1.0243517876718162e-18,6.573232569617916e-19,-6.187298178331186e-17,-3.010074570181905e-11,3.867323090118461e-19,-3.010074514912666e-11,-1.866113204557573e-18,-5.684659138567436e-15,2.6694805755802013e-19,3.542172797517631e-16,8.212244435943351e-16,2.551280062676771e-19,1.9514957211368494e-19,1.5056281364310342e-15,1.4340082851626433e-18,1.1963939270012469e-18,2.1642751025306065e-19,1.8743445547000052e-15,1.324982650723465e-15,-3.010074488792227e-11,1.8756592248018795e-15,-9.406209527539682e-15,-5.994132418161432e-08,9.541914861914638e-19,-3.0100743637495465e-11,7.803313611575686e-16,1.2265787231507277e-15,-1.4444655941003068e-19
0.9999921599305756,0.9999729867718884,0.9999729823228946,-8.627850295891468e-08,-3.8950126123316894e-11,-3.362705884570035e-11,-7.012832886091358e-08,-6.009252692668276e-08,-8.200579950010842e-08,0.999972913848543,0.9999729853265803,-5.828551479577653e-08,0.9999729939990689,-5.516841030287278e-08,-7.342700398117158e-08,0.9999729752051165,-4.7929256478077126e-11,-5.944798352708568e-08,-6.266373585410679e-08,-3.0100744501445716e-11,0.9999771718816433,2.8128841080250087e-08,-3.653563858518154e-11,-5.337815022991214e-08,0.9999729592179077,-5.06420781086898e-11,-6.878357887551696e-08,0.9999729985266494,-5.009011582617267e-08,-3.2651806982026866e-11,-1.1266416038904098e-08,-5.2863880241054715e-08,-4.1338985317362885e-11,-2.3452169843988123e-11,-7.264783113610798e-08,-5.6547712682537884e-08,-4.62569721519978e-08,-3.2832581334596123e-11,-7.163876785846875e-08,-5.899953732522886e-08,0.999972983315875,-8.919130170503345e-08,0.9999729749923068,9.083333208177544e-12,-2.5010312503302236e-08,-2.204074988102676e-11,-2.1913285258815548e-11,-6.976031848955467e-08,-2.7284369085107282e-11,-5.278024636806721e-08,-5.821380980902035e-08,-3.169004505031258e-11,-4.0508774410738815e-11,-2.6799620503987015e-11,-3.533261961621223e-11,-2.432526572032678e-11,0.9999729476844214,-7.231270318767172e-08,5.068072258224514e-08,0.9999729718130317,-5.06993484634099e-08,0.999972930138773,-2.2598034925256304e-11,-3.002709728607305e-11,-4.988669291337718e-08
1.1242023658418712e-07,2.812883577163714e-08,2.8128836624163416e-08,-1.305176307071315e-14,-1.0799142275116715e-14,-5.647447801764056e-18,-1.7924364330437842e-14,-1.1370337348866428e-14,-1.3168081343137482e-14,2.812883791315171e-08,2.8128841146028764e-08,-1.0025260466790664e-14,2.812884058836059e-08,-1.0836573697969113e-14,-1.7740291269455845e-14,2.8128840430401553e-08,-6.370194443907442e-18,-1.0565970336780754e-14,-5.770396951929015e-18,-4.133758798219955e-18,2.8128841080250087e-08,4.220051967121727e-06,-5.204805810948366e-18,-7.616958374883916e-18,2.812884113433573e-08,-6.871840090157862e-18,-5.762926410875011e-18,2.8128839053017822e-08,-1.0214484505416226e-14,-8.426015501523959e-15,-5.38424721620479e-18,-4.746665863833813e-18,-1.1575562261938096e-14,-4.104019804731201e-18,-7.349508202950083e-18,-5.3107415437616546e-18,-1.0202384811231685e-14,-4.788435360959816e-18,-7.178256814674443e-18,-1.501362337847702e-14,1.4125417497896061e-11,-1.9907806615354932e-14,2.8128841404107043e-08,-6.02826870369373e-18,-2.7399937388864465e-14,-9.21523365572284e-15,-4.927079066460796e-18,-7.303509507408301e-18,-5.6476392531483304e-18,-1.1656312444660176e-14,-9.020232427895762e-15,-4.730554338077314e-18,-6.325685803244631e-18,-5.089252549966148e-18,-1.0707281191321113e-14,-4.034611533621504e-18,1.4125415622962586e-11,-1.118350554466642e-14,-1.1024769055777107e-17,1.4125415436276334e-11,-4.44872699413552e-18,2.8128841553121374e-08,-4.2000942130202945e-18,-1.0445428457641216e-14,-5.5856189362422584e-18
1.1534012664245905e-08,-7.275549597825816e-08,-3.653564078118704e-11,2.507717250755321e-15,2.5824221978784827e-15,7.437950150098865e-19,-3.4168743950021653e-19,9.20975936863382e-16,2.104594556480261e-15,-7.275548926624059e-08,-3.653563964570642e-11,8.074830506534536e-19,-3.6535640193102575e-11,7.004257733600553e-16,-1.680301019433356e-20,-3.653563905341807e-11,3.4562529043238693e-15,1.1579959160802665e-15,5.144790663139071e-19,1.924207474862422e-15,-3.653563858518154e-11,-5.204805810948366e-18,4.220051994341634e-06,-6.008870584892824e-19,-3.653563833154272e-11,3.513968981877744e-15,1.4264678422881615e-15,-7.275549585013402e-08,-9.59324267211114e-21,2.385650404849539e-15,-1.3850529667131568e-18,1.3169500216487467e-15,1.3548075324877414e-18,6.557456706558918e-19,5.679427805346612e-19,1.0802865664423588e-18,1.8518639316495991e-16,1.0969115470640474e-18,4.398019521869263e-19,-4.737255948342353e-16,-3.6535639978936286e-11,3.663950527337885e-19,-7.275549313313016e-08,-5.738188917836396e-15,-7.69237616184629e-15,3.002164530374775e-19,1.780018600659639e-16,4.051274759153299e-19,3.519326979923037e-19,2.0402680093672689e-16,1.6095828939921926e-15,1.6148211513473873e-15,1.1044985045348083e-18,-6.701370654068197e-21,6.921438971873601e-19,1.4329194824364897e-15,-3.6535638929715355e-11,8.90773081307419e-19,-1.2125502547622551e-14,-7.275549480645189e-08,7.592152586749419e-19,-3.6535637382090854e-11,4.2150434311219005e-19,6.786241479338706e-19,1.5990598400127885e-16
3.0911709881451233e-08,-2.680493373269393e-11,-2.680493330503741e-11,-9.421147858561713e-19,-2.4982832635003516e-19,-1.5340892429826618e-15,-5.087503730606247e-15,-1.0552980015922894e-18,-1.6349470456269865e-15,-5.337814934778761e-08,-5.337815249126303e-08,-9.013873150315417e-19,-2.6804932716791244e-11,-2.1974616872432172e-15,-4.758332046472924e-15,-2.6804932084154972e-11,-3.4286887959250467e-16,-1.1487521261601504e-18,-2.166298597640806e-15,-5.957751028790022e-16,-5.337815022991214e-08,-7.616958374883916e-18,-6.008870584892824e-19,4.220051992601388e-06,-5.337815069952086e-08,-5.841779411123257e-16,-1.890510391166393e-15,-5.337815455130532e-08,-2.2020791857680403e-15,-1.8089850890471117e-16,-3.128411524991704e-18,-3.8615793590550564e-19,-2.8216248921768264e-19,-1.5253267315046442e-15,-3.4227029804936633e-15,-1.7305880127003026e-15,-2.4615661945092597e-15,-7.743438991360437e-16,-2.9101849942736912e-15,-2.84253189673574e-18,-5.3378153758348335e-08,-4.8687664456838796e-15,-5.337815164184716e-08,-4.9892871601954565e-18,-6.115299910863787e-18,-1.0951366364624558e-18,-1.4011766468924433e-18,-3.1954738818552923e-15,-2.7096308988119945e-15,-2.8175116055531623e-15,-9.79530381768896e-16,-1.2560606195367426e-15,-1.4255601959112905e-15,-1.750025735178596e-15,-1.0751674917876447e-15,-6.568375524088952e-16,-5.3378153292476634e-08,-1.1178970427963466e-18,-1.577940661195638e-14,-2.6804932608467232e-11,-8.175957099978761e-19,-5.337814847935296e-08,-1.5315803596188655e-15,-1.6605159652485702e-15,-2.2424880252154684e-18
0.9999921673184566,0.9999729941596408,0.9999729897106476,-4.332649088280019e-11,-3.8950126454082426e-11,-6.69634606671543e-08,-3.5216368539930415e-11,-6.009252741973935e-08,-4.1180870230280005e-11,0.9999729212362936,0.9999729927143339,-2.926925290240566e-11,0.9999730013868208,-5.5168410766008694e-08,-3.6872863442803414e-11,0.9999729825928687,-4.792925591938521e-11,-5.9447984001885474e-08,-6.26637363394751e-08,-3.0100744630281617e-11,0.9999729592179077,2.812884113433573e-08,-3.653563833154272e-11,-5.337815069952086e-08,0.9999771866571032,-5.0642078386925076e-11,-6.878357942545864e-08,0.9999730059144012,-2.515376957498128e-11,-3.265180701035217e-11,-5.657682426893252e-12,-2.6546665934242275e-11,-4.133898575956021e-11,-4.670162688097483e-08,-7.264783170827207e-08,-2.8396581014257166e-11,-2.3228882491812238e-11,-3.283258128105981e-11,-7.163876843499455e-08,-5.899953784278198e-08,0.9999729907036287,-4.478921991376395e-11,0.9999729823800584,1.8088230715247128e-08,-2.5010312807577375e-08,-4.3890981275628786e-08,-2.1913286090806587e-11,-3.503155997342932e-11,-5.433289847055937e-08,-5.27802468350463e-08,-2.9233241428568035e-11,-6.31061773223867e-08,-4.050877361513379e-11,-5.3367594475939516e-08,-7.035985194219562e-08,-4.844027595611169e-08,0.9999729550721752,-7.231270374939975e-08,5.068072277311099e-08,0.9999729792007838,-5.0699348876244925e-08,0.9999729375265249,-4.500073426129459e-08,-5.979465494556391e-08,-4.9886693334208476e-08
-1.6557494235082033e-08,-5.064208108451827e-11,-1.008464583368676e-07,4.232010604556692e-15,2.1484233147199863e-18,2.8464894532052092e-15,4.3920962688207766e-20,1.963345716097814e-15,1.7122752175387317e-18,-1.008464502537844e-07,-5.064208018768502e-11,1.0507769733887537e-18,-1.0084645816048994e-07,8.170099620234285e-19,7.876251990268057e-16,-1.0084645612237638e-07,5.489633610619045e-15,2.2365369244751302e-15,1.2296133412534495e-18,3.1545683834919948e-15,-5.06420781086898e-11,-6.871840090157862e-18,3.513968981877744e-15,-5.841779411123257e-16,-5.0642078386925076e-11,4.220051997673359e-06,1.1267711848272835e-18,-5.064208069663166e-11,1.3272038434861882e-15,3.7756424736711925e-15,-3.414451142069602e-15,2.331404161473448e-15,2.196739161822484e-18,1.6365596284649484e-15,1.09354196760914e-18,1.1786205082117349e-18,8.873828843285724e-16,1.2180063495151901e-18,2.0851688760232994e-15,2.9017119350483083e-16,-1.0084645767079008e-07,1.6669910637949385e-15,-1.0084645574540531e-07,-7.089004994022664e-15,-8.767599526466321e-15,5.162225166310377e-19,4.3034740465866837e-19,1.75661254355856e-15,1.1943792470931632e-15,1.0032870051140722e-15,2.755602090495917e-15,2.8309518706035544e-15,3.7490402162263204e-15,1.8661418534711537e-15,3.418273203515079e-15,1.2589512095587107e-18,-5.0642079341449175e-11,1.6538667283392643e-18,-1.513577404881212e-14,-5.064208014180701e-11,1.994343612736429e-15,-5.064207708710803e-11,1.5191741150860062e-15,1.3165360717360566e-18,9.11755477825349e-16
1.5505999832120194e-08,-6.878358369192733e-08,-3.4541069618237046e-11,1.7499143914196294e-15,1.9396722779560557e-15,4.719085052506891e-19,-1.273999079103661e-18,3.1376633138476356e-16,3.8361274759680917e-19,-3.454106678939468e-11,-3.454106895094346e-11,7.003501337828675e-16,-3.4541069680512625e-11,1.6262970670276664e-19,-1.1298977803456937e-15,-3.4541068804824926e-11,2.694448379373241e-15,5.812010242419613e-16,3.8601708813054e-16,1.4206333940776886e-15,-6.878357887551696e-08,-5.762926410875011e-18,1.4264678422881615e-15,-1.890510391166393e-15,-6.878357942545864e-08,1.1267711848272835e-18,4.220051988478968e-06,-3.4541069406172216e-11,-5.87133650976063e-20,1.8722543202185705e-15,-2.0469656556825257e-18,8.312372545878205e-16,1.037898674223037e-18,3.48686134146244e-16,-8.193286817793065e-20,1.8441278358927046e-19,-3.3349122660384395e-16,1.461087847037524e-15,1.3054817957063662e-16,-1.2134200941043278e-15,-6.87835823128116e-08,-7.204743524070952e-16,-6.878358058673074e-08,-6.105976128227619e-15,-8.811539251244357e-15,-5.6365439848011034e-21,-3.0826803694197664e-16,3.292810052094847e-19,-2.5963124217659865e-16,-1.1687680592470281e-21,1.9686496697703945e-19,1.1540432202843665e-18,8.123145085464957e-19,-7.73867343939911e-19,7.4188562852338e-19,1.1732265008566003e-18,-6.878358087830964e-08,1.9225999426028742e-19,-1.2808684613911639e-14,-6.878358257444318e-08,5.800871611764216e-16,-3.454106667604392e-11,2.89858754397472e-16,1.9379272740987772e-19,-3.9185806268025734e-20
