1.0000000033902237,-3.4035306145526682e-06,-4.066931621673962e-06,-3.660117825959016e-06,1.0000118682009327,-3.2068346538906727e-06,-3.206360689759491e-06,-3.3883031788325734e-06,-3.0540389718100167e-06,-4.011937383913289e-06,1.000011348536423,-3.6291416160817724e-06,1.0000114910918345,-3.6612547618810232e-06,-3.387444368565122e-06,-3.2004036555030932e-06,-3.0372001808434196e-06,1.00001160757144,1.0000119325247834,-3.2228496311969657e-06,1.000011968841212,-3.3886757529191332e-06,1.0000119912347583,-3.200623430445776e-06,1.000010818114786,-3.004293682758868e-06,1.0000117865825455,-4.015592078334777e-06,1.0000117759259906,-4.0510851827814445e-06,1.0000114307664683,-3.068433585885366e-06,1.0000125885444067
-3.4035306145526682e-06,-3.465029078691292e-06,9.356995507180152e-16,1.425871690419252e-12,-5.43597956004922e-10,4.72684723268811e-16,9.356201295146487e-13,1.1306651213820042e-12,7.721834572051799e-13,1.7944820548941539e-12,-1.0775639324001783e-06,7.000593590542381e-16,-1.0775640888242815e-06,1.4227240031927268e-12,1.130260180248548e-12,9.287629258710362e-13,3.795897495320762e-16,-5.435978105450674e-10,-5.435979918974353e-10,4.822238590849531e-16,-1.0775646150969225e-06,5.715697675245467e-16,-5.435980245046717e-10,4.691181912323802e-16,-1.0775633460638873e-06,3.6457007315882656e-16,-5.435979101210109e-10,1.7988487016379249e-12,-1.0775644026777135e-06,9.2694205546842e-16,-1.0775640233117614e-06,3.979413599580675e-16,-5.435983572225539e-10
-4.066931621673962e-06,9.356995507180152e-16,-3.465027231074006e-06,2.3038172598791826e-12,-8.782637294055062e-10,1.514784928929622e-12,7.623228614507675e-16,1.8268583803405232e-12,6.295998650638714e-16,2.899412708796748e-12,-8.782632623988708e-10,2.2419424262735894e-12,-1.7409658101327512e-06,1.1597940758026154e-15,1.826202558722175e-12,1.5006429621688019e-12,6.13997281392151e-16,-1.7409660164705246e-06,-1.7409665975832205e-06,1.5439080228396927e-12,-1.7409666603961015e-06,9.226059884017362e-16,-1.7409667018188953e-06,1.5019509426647504e-12,-1.740964610109007e-06,5.888562373478871e-16,-8.782636563719182e-10,2.906466643851088e-12,-1.740966317204612e-06,1.498901261825308e-15,-1.7409657042861659e-06,1.2750780437749337e-12,-8.782643780678945e-10
-3.660117825959016e-06,1.425871690419252e-12,2.3038172598791826e-12,-3.4650284580269902e-06,-1.334152056126938e-06,1.1635520596698708e-12,5.855839171320524e-16,7.083753221226584e-16,4.8390218582261e-16,1.1244368326346349e-15,-1.3341513489949257e-06,8.686988617231792e-16,-6.730381781129359e-10,1.7654596669739795e-12,7.077876620252468e-16,1.153036152327497e-12,9.348287740473806e-13,-1.3341517000644175e-06,-6.730384806752112e-10,5.975153210280574e-16,-1.334152192115676e-06,1.4041305714819101e-12,-6.73038520764518e-10,1.1539360203204076e-12,-1.3341506253271066e-06,8.969122191408237e-13,-6.730383805282402e-10,1.1258675583655955e-15,-1.334151929800259e-06,1.1506682346926333e-15,-6.730381366590741e-10,4.945040437054756e-16,-1.334153037936727e-06
1.0000118682009327,-5.43597956004922e-10,-8.782637294055062e-10,-1.334152056126938e-06,1.000012053322617,-4.443707931778363e-10,-4.441317008058088e-10,-5.359161843163594e-10,-3.672900021525933e-10,-1.685972204545069e-06,1.0000149986865259,-6.574119037219466e-10,1.0000151412421023,-6.736120119172563e-10,-5.354829390454474e-10,-8.744372874204674e-07,-3.587953479770744e-10,1.0000152577218442,1.0000155826755195,-4.5244985946367907e-10,1.0000156189920035,-1.0627096396423198e-06,1.0000156413855603,-4.4123742628981826e-10,1.0000144682643328,-6.783269920507576e-07,1.0000154367331238,-1.6896269001860826e-06,1.0000154260765668,-1.7251200377050083e-06,1.000015080916662,-3.745516370007055e-10,1.0000162386958387
-3.2068346538906727e-06,4.72684723268811e-16,1.514784928929622e-12,1.1635520596698708e-12,-4.443707931778363e-10,-3.465029466642951e-06,3.848692151462941e-16,9.221035810270788e-13,6.294294644392482e-13,7.379992602790417e-16,-8.808678041771219e-07,5.696090249886461e-16,-8.808679323101624e-07,5.855296865231072e-16,9.218335529836525e-13,7.572193579057236e-13,6.13244532222679e-13,-4.4437067387863275e-10,-8.808683318913689e-07,7.79402399951023e-13,-4.44370838838572e-10,4.656066143351686e-16,-4.4437084934062983e-10,3.8239451522120337e-16,-4.44370313950432e-10,2.9804349685492977e-16,-4.443707559886178e-10,7.405533571672382e-16,-4.443707503784696e-10,1.4995791130518487e-12,-8.808678787227517e-07,6.434692523207465e-13,-8.808689256260298e-07
-3.206360689759491e-06,9.356201295146487e-13,7.623228614507675e-16,5.855839171320524e-16,-4.441317008058088e-10,3.848692151462941e-16,-3.4650294676628216e-06,4.640444740873441e-16,3.1642285853905983e-16,1.4601999713614197e-12,-8.803938541343321e-07,1.1291953318060227e-12,-8.803939823915326e-07,1.1579997275957341e-12,4.638277351209408e-16,3.8109076080610684e-16,6.114925743345856e-13,-4.4413158120164554e-10,-4.44131730190293e-10,7.777397848932631e-13,-4.4413174694320366e-10,9.207169155486042e-13,-4.4413175691053085e-10,7.561347082978683e-13,-8.803933725474623e-07,2.9701757704017873e-16,-8.803942504582952e-07,7.384462112232572e-16,-4.4413165833115406e-10,7.548573000749766e-16,-8.803939288078984e-07,6.41936764205355e-13,-4.4413203011789887e-10
-3.3883031788325734e-06,1.1306651213820042e-12,1.8268583803405232e-12,7.083753221226584e-16,-5.359161843163594e-10,9.221035810270788e-13,4.640444740873441e-16,-3.465029113626791e-06,3.830530926149837e-16,1.7649790636765452e-12,-1.0623364983885167e-06,1.3648302002240828e-12,-5.3591597643314e-10,1.399546902290596e-12,5.602682214970832e-16,9.132182976764226e-13,3.7313484006334225e-16,-1.0623367790739086e-06,-5.359162195743808e-10,4.739629601970469e-16,-1.0623371731019144e-06,1.1128587463532885e-12,-5.359162516601299e-10,4.611416062655999e-16,-1.0623359185596586e-06,3.5877563273083e-16,-1.0623369756934082e-06,1.769341915995275e-12,-5.359161327411383e-10,9.122307527281976e-16,-1.0623365882935e-06,3.920171331122124e-16,-5.359165812776885e-10
-3.0540389718100167e-06,7.721834572051799e-13,6.295998650638714e-16,4.8390218582261e-16,-3.672900021525933e-10,6.294294644392482e-13,3.1642285853905983e-16,3.830530926149837e-16,-3.4650297124452764e-06,6.079153546871776e-16,-3.672898055162649e-10,9.317273681999364e-13,-3.6728985879505797e-10,4.820124048008685e-16,7.589638330901465e-13,6.230463933386556e-13,5.041118399516436e-13,-3.672899028705488e-10,-7.280724470923549e-07,6.417893552064537e-13,-7.2807247325419e-07,7.596963110687237e-13,-7.280724909483653e-07,6.237430143117365e-13,-3.6728960372344295e-10,4.854999980482177e-13,-3.6728997190427343e-10,1.2078387886283062e-12,-3.672899668984637e-10,1.234877520845708e-12,-7.280720708555607e-07,5.295482771038587e-13,-3.672902752864358e-10
-4.011937383913289e-06,1.7944820548941539e-12,2.899412708796748e-12,1.1244368326346349e-15,-1.685972204545069e-06,7.379992602790417e-16,1.4601999713614197e-12,1.7649790636765452e-12,6.079153546871776e-16,-3.4650274269211518e-06,-1.6859713061295818e-06,2.1661315593273187e-12,-1.6859715513781812e-06,1.1214487286081365e-15,1.7644614115795361e-12,7.311922303666062e-16,1.1738047721857266e-12,-1.6859717515866181e-06,-8.505208755624109e-10,7.526279328490448e-16,-1.6859723769174608e-06,8.91145530932632e-16,-8.505209260876838e-10,7.319234345583147e-16,-1.6859703859314487e-06,1.1284965181005191e-12,-8.505207468475472e-10,2.808135606059453e-12,-1.685972043721312e-06,2.870309902407566e-12,-8.505204376903171e-10,6.213710674566174e-16,-1.6859734525918519e-06
1.000011348536423,-1.0775639324001783e-06,-8.782632623988708e-10,-1.3341513489949257e-06,1.0000149986865259,-8.808678041771219e-07,-8.803938541343321e-07,-1.0623364983885167e-06,-3.672898055162649e-10,-1.6859713061295818e-06,1.000011013992627,-6.574115536958123e-10,1.0000146215772179,-1.3352883321166677e-06,-1.061477685819444e-06,-4.41126324408308e-10,-3.587951552558379e-10,1.0000147380568996,1.0000150630104134,-4.5244961872541946e-10,1.0000150993268757,-1.062709073570998e-06,1.000015121720423,-8.746565888638275e-07,1.0000139485997916,-3.4219480028770377e-10,1.0000149170680905,-1.6896260001314406e-06,1.000014906411537,-8.70269225689439e-10,1.0000145612518092,-3.745514372041891e-10,1.0000157190303982
-3.6291416160817724e-06,7.000593590542381e-16,2.2419424262735894e-12,8.686988617231792e-16,-6.574119037219466e-10,5.696090249886461e-16,1.1291953318060227e-12,1.3648302002240828e-12,9.317273681999364e-13,2.1661315593273187e-12,-6.574115536958123e-10,-3.4650285530348457e-06,-1.3031753522707276e-06,1.7175901395656084e-12,6.882940280996169e-16,5.658939092376841e-16,9.078288873350567e-13,-1.3031755069639726e-06,-1.3031759430952418e-06,5.821315431520304e-16,-6.574119708770426e-10,6.893527706688441e-16,-6.574119867156505e-10,5.664566728876159e-16,-1.3031744519304892e-06,4.402528421623332e-16,-1.3031757479852442e-06,1.0956322237626236e-15,-6.574118411749214e-10,2.219488912833387e-12,-1.3031752730009392e-06,9.524515319474996e-13,-1.3031768210003032e-06
1.0000114910918345,-1.0775640888242815e-06,-1.7409658101327512e-06,-6.730381781129359e-10,1.0000151412421023,-8.808679323101624e-07,-8.803939823915326e-07,-5.3591597643314e-10,-3.6728985879505797e-10,-1.6859715513781812e-06,1.0000146215772179,-1.3031753522707276e-06,1.0000112991036807,-1.3352885261467205e-06,-1.0614778401568703e-06,-4.4112638874626623e-10,-7.112333189548915e-07,1.0000148806124378,1.0000152055659977,-8.968829153205647e-07,1.000015241882467,-5.361039291657737e-10,1.0000152642760154,-4.412372551310058e-10,1.000014091155219,-6.78326729698665e-07,1.0000150596236548,-8.523641698797895e-10,1.0000150489671005,-1.725119370519175e-06,1.0000147038073215,-3.745514919212854e-10,1.000015861586075
-3.6612547618810232e-06,1.4227240031927268e-12,1.1597940758026154e-15,1.7654596669739795e-12,-6.736120119172563e-10,5.855296865231072e-16,1.1579997275957341e-12,1.399546902290596e-12,4.820124048008685e-16,1.1214487286081365e-15,-1.3352883321166677e-06,1.7175901395656084e-12,-1.3352885261467205e-06,-3.465028463912124e-06,1.3990892480936648e-12,5.794900324129976e-16,9.311768875552386e-13,-1.3352886845530244e-06,-6.736120569831135e-10,1.1828663121860572e-12,-1.3352891791029988e-06,1.4005032093525642e-12,-6.73612097183613e-10,5.803626923167655e-16,-1.3352876044707929e-06,8.947660513948132e-13,-1.3352889312224835e-06,1.1232138585537364e-15,-6.736119480490325e-10,2.2758108254455667e-12,-1.3352884449397392e-06,9.76739602382626e-13,-6.736125099861402e-10
-3.387444368565122e-06,1.130260180248548e-12,1.826202558722175e-12,7.077876620252468e-16,-5.354829390454474e-10,9.218335529836525e-13,4.638277351209408e-16,5.602682214970832e-16,7.589638330901465e-13,1.7644614115795361e-12,-1.061477685819444e-06,6.882940280996169e-16,-1.0614778401568703e-06,1.3990892480936648e-12,-3.465029119177678e-06,4.606152173081832e-16,3.7312970909950637e-16,-5.354827956920902e-10,-5.35482974119564e-10,4.73605167431486e-16,-1.0614783596199871e-06,5.609890198161058e-16,-1.061478385033845e-06,9.1387244550116e-13,-1.0614771068517347e-06,3.585677374116848e-16,-5.354828943973513e-10,1.7688079809507434e-12,-1.0614781499571398e-06,9.114816508229267e-16,-5.354826988857875e-10,3.912842448375767e-16,-5.354833349132576e-10
-3.2004036555030932e-06,9.287629258710362e-13,1.5006429621688019e-12,1.153036152327497e-12,-8.744372874204674e-07,7.572193579057236e-13,3.8109076080610684e-16,9.132182976764226e-13,6.230463933386556e-13,7.311922303666062e-16,-4.41126324408308e-10,5.658939092376841e-16,-4.4112638874626623e-10,5.794900324129976e-16,4.606152173081832e-16,-3.465029475798752e-06,3.0665399962683594e-16,-4.4112644119104787e-10,-8.744373455009814e-07,3.8995549456028893e-16,-4.411266048838829e-10,4.611832065110942e-16,-4.411266159028018e-10,3.7848450028091067e-16,-8.744363414893687e-07,5.839980921193995e-13,-8.744372141494486e-07,1.4530191408297046e-12,-4.411265179886355e-10,1.4854005536407705e-12,-8.744368944495343e-07,6.37146006361438e-13,-4.4112688758420445e-10
-3.0372001808434196e-06,3.795897495320762e-16,6.13997281392151e-16,9.348287740473806e-13,-3.587953479770744e-10,6.13244532222679e-13,6.114925743345856e-13,3.7313484006334225e-16,5.041118399516436e-13,1.1738047721857266e-12,-3.587951552558379e-10,9.078288873350567e-13,-7.112333189548915e-07,9.311768875552386e-13,3.7312970909950637e-16,3.0665399962683594e-16,-3.4650297355371458e-06,-3.587952511339823e-10,-7.112336442251446e-07,3.15849377128528e-16,-7.112336697392733e-07,3.7337053636503874e-16,-3.587953938061435e-10,6.075605500486614e-13,-3.587949579080403e-10,2.3900105491376843e-16,-3.5879531680958607e-10,5.938527222279017e-16,-3.587953134985652e-10,1.2033702104929233e-12,-3.587951859222705e-10,5.158189306869247e-13,-7.112341275150811e-07
1.00001160757144,-5.435978105450674e-10,-1.7409660164705246e-06,-1.3341517000644175e-06,1.0000152577218442,-4.4437067387863275e-10,-4.4413158120164554e-10,-1.0623367790739086e-06,-3.672899028705488e-10,-1.6859717515866181e-06,1.0000147380568996,-1.3031755069639726e-06,1.0000148806124378,-1.3352886845530244e-06,-5.354827956920902e-10,-4.4112644119104787e-10,-3.587952511339823e-10,1.0000115320631133,1.0000153220457455,-4.5244973771326447e-10,1.0000153583622182,-5.361039929301999e-10,1.0000153807557697,-4.412373075021511e-10,1.0000142076348397,-3.4219489063308956e-10,1.0000151761033866,-1.689626446438193e-06,1.0000151654468314,-1.725119575138913e-06,1.0000148202870134,-3.7455153626794983e-10,1.000015978065898
1.0000119325247834,-5.435979918974353e-10,-1.7409665975832205e-06,-6.730384806752112e-10,1.0000155826755195,-8.808683318913689e-07,-4.44131730190293e-10,-5.359162195743808e-10,-7.280724470923549e-07,-8.505208755624109e-10,1.0000150630104134,-1.3031759430952418e-06,1.0000152055659977,-6.736120569831135e-10,-5.35482974119564e-10,-8.744373455009814e-07,-7.112336442251446e-07,1.0000153220457455,1.0000121819704586,-8.968833215783043e-07,1.0000156833159282,-5.361041723162768e-10,1.0000157057094874,-8.746571138481371e-07,1.000014532588187,-3.4219500509990103e-10,1.0000155010570395,-8.523645555744323e-10,1.000015490400479,-1.7251201517181515e-06,1.0000151452405526,-3.7455166249950175e-10,1.0000163030198033
-3.2228496311969657e-06,4.822238590849531e-16,1.5439080228396927e-12,5.975153210280574e-16,-4.5244985946367907e-10,7.79402399951023e-13,7.777397848932631e-13,4.739629601970469e-16,6.417893552064537e-13,7.526279328490448e-16,-4.5244961872541946e-10,5.821315431520304e-16,-8.968829153205647e-07,1.1828663121860572e-12,4.73605167431486e-16,3.8995549456028893e-16,3.15849377128528e-16,-4.5244973771326447e-10,-8.968833215783043e-07,-3.4650294382658016e-06,-4.524499053034503e-10,9.406161619125837e-13,-4.5244991622002715e-10,3.899560941818095e-16,-8.968822962264098e-07,6.009510458764848e-13,-4.5244982108219874e-10,1.4954949164958938e-12,-8.968831768875821e-07,7.707236547094798e-16,-8.96882860776001e-07,6.560016520551526e-13,-4.524501938052243e-10
1.000011968841212,-1.0775646150969225e-06,-1.7409666603961015e-06,-1.334152192115676e-06,1.0000156189920035,-4.44370838838572e-10,-4.4413174694320366e-10,-1.0623371731019144e-06,-7.2807247325419e-07,-1.6859723769174608e-06,1.0000150993268757,-6.574119708770426e-10,1.000015241882467,-1.3352891791029988e-06,-1.0614783596199871e-06,-4.411266048838829e-10,-7.112336697392733e-07,1.0000153583622182,1.0000156833159282,-4.524499053034503e-10,1.0000122546034425,-5.361041913702762e-10,1.000015742025973,-4.412374715618817e-10,1.0000145689046294,-3.4219501753093376e-10,1.0000155373735176,-8.523645863954806e-10,1.0000155267169586,-1.725120213922179e-06,1.0000151815570175,-7.424670845959108e-07,1.0000163393363106
-3.3886757529191332e-06,5.715697675245467e-16,9.226059884017362e-16,1.4041305714819101e-12,-1.0627096396423198e-06,4.656066143351686e-16,9.207169155486042e-13,1.1128587463532885e-12,7.596963110687237e-13,8.91145530932632e-16,-1.062709073570998e-06,6.893527706688441e-16,-5.361039291657737e-10,1.4005032093525642e-12,5.609890198161058e-16,4.611832065110942e-16,3.7337053636503874e-16,-5.361039929301999e-10,-5.361041723162768e-10,9.406161619125837e-13,-5.361041913702762e-10,-3.4650291124304943e-06,-5.36104204409384e-10,9.14773218897881e-13,-1.0627084938091422e-06,3.589553532957253e-16,-1.0627095508485622e-06,1.7705816945826143e-12,-1.062709538325152e-06,9.12977773261534e-16,-1.0627091634652323e-06,3.918154706094161e-16,-5.361045333622682e-10
1.0000119912347583,-5.435980245046717e-10,-1.7409667018188953e-06,-6.73038520764518e-10,1.0000156413855603,-4.4437084934062983e-10,-4.4413175691053085e-10,-5.359162516601299e-10,-7.280724909483653e-07,-8.505209260876838e-10,1.000015121720423,-6.574119867156505e-10,1.0000152642760154,-6.73612097183613e-10,-1.061478385033845e-06,-4.411266159028018e-10,-3.587953938061435e-10,1.0000153807557697,1.0000157057094874,-4.5244991622002715e-10,1.000015742025973,-5.36104204409384e-10,1.0000122993905716,-8.746571664162197e-07,1.0000145912981662,-3.4219502538892743e-10,1.000015559767074,-1.6896271133780798e-06,1.0000155491105136,-1.7251202550989598e-06,1.0000152039505679,-3.74551684441496e-10,1.0000163617298852
-3.200623430445776e-06,4.691181912323802e-16,1.5019509426647504e-12,1.1539360203204076e-12,-4.4123742628981826e-10,3.8239451522120337e-16,7.561347082978683e-13,4.611416062655999e-16,6.237430143117365e-13,7.319234345583147e-16,-8.746565888638275e-07,5.664566728876159e-16,-4.412372551310058e-10,5.803626923167655e-16,9.1387244550116e-13,3.7848450028091067e-16,6.075605500486614e-13,-4.412373075021511e-10,-8.746571138481371e-07,3.899560941818095e-16,-4.412374715618817e-10,9.14773218897881e-13,-8.746571664162197e-07,-3.465029475695677e-06,-4.4123694927962063e-10,2.949178926818638e-16,-8.746569825736245e-07,7.334702820421875e-16,-8.746569721622498e-07,1.4867493554896915e-12,-4.412372282326118e-10,3.223711684876334e-16,-4.4123775387136256e-10
1.000010818114786,-1.0775633460638873e-06,-1.740964610109007e-06,-1.3341506253271066e-06,1.0000144682643328,-4.44370313950432e-10,-8.803933725474623e-07,-1.0623359185596586e-06,-3.6728960372344295e-10,-1.6859703859314487e-06,1.0000139485997916,-1.3031744519304892e-06,1.000014091155219,-1.3352876044707929e-06,-1.0614771068517347e-06,-8.744363414893687e-07,-3.587949579080403e-10,1.0000142076348397,1.000014532588187,-8.968822962264098e-07,1.0000145689046294,-1.0627084938091422e-06,1.0000145912981662,-4.4123694927962063e-10,1.0000099531489421,-3.4219461410215026e-10,1.00001438664594,-1.6896250783038492e-06,1.0000143759893927,-1.7251181800473628e-06,1.0000140308298417,-3.745512321358444e-10,1.0000151886078341
-3.004293682758868e-06,3.6457007315882656e-16,5.888562373478871e-16,8.969122191408237e-13,-6.783269920507576e-07,2.9804349685492977e-16,2.9701757704017873e-16,3.5877563273083e-16,4.854999980482177e-13,1.1284965181005191e-12,-3.4219480028770377e-10,4.402528421623332e-16,-6.78326729698665e-07,8.947660513948132e-13,3.585677374116848e-16,5.839980921193995e-13,2.3900105491376843e-16,-3.4219489063308956e-10,-3.4219500509990103e-10,6.009510458764848e-13,-3.4219501753093376e-10,3.589553532957253e-16,-3.4219502538892743e-10,2.949178926818638e-16,-3.4219461410215026e-10,-3.4650297735734707e-06,-3.421949537073038e-10,5.706897522067029e-16,-3.4219494967411396e-10,1.1562151731685651e-12,-6.783266884482242e-07,2.5024554925900903e-16,-3.4219523515385196e-10
1.0000117865825455,-5.435979101210109e-10,-8.782636563719182e-10,-6.730383805282402e-10,1.0000154367331238,-4.443707559886178e-10,-8.803942504582952e-07,-1.0623369756934082e-06,-3.6728997190427343e-10,-8.505207468475472e-10,1.0000149170680905,-1.3031757479852442e-06,1.0000150596236548,-1.3352889312224835e-06,-5.354828943973513e-10,-8.744372141494486e-07,-3.5879531680958607e-10,1.0000151761033866,1.0000155010570395,-4.5244982108219874e-10,1.0000155373735176,-1.0627095508485622e-06,1.000015559767074,-8.746569825736245e-07,1.00001438664594,-3.421949537073038e-10,1.0000118900856607,-1.6896267590040567e-06,1.000015344458099,-1.725119893725002e-06,1.00001499929822,-7.424669464582637e-07,1.0000161570773045
-4.015592078334777e-06,1.7988487016379249e-12,2.906466643851088e-12,1.1258675583655955e-15,-1.6896269001860826e-06,7.405533571672382e-16,7.384462112232572e-16,1.769341915995275e-12,1.2078387886283062e-12,2.808135606059453e-12,-1.6896260001314406e-06,1.0956322237626236e-15,-8.523641698797895e-10,1.1232138585537364e-15,1.7688079809507434e-12,1.4530191408297046e-12,5.938527222279017e-16,-1.689626446438193e-06,-8.523645555744323e-10,1.4954949164958938e-12,-8.523645863954806e-10,1.7705816945826143e-12,-1.6896271133780798e-06,7.334702820421875e-16,-1.6896250783038492e-06,5.706897522067029e-16,-1.6896267590040567e-06,-3.465027416672546e-06,-8.52364418584942e-10,2.8773374950810094e-12,-1.6896261430642595e-06,6.230086038345222e-16,-1.6896281504682982e-06
1.0000117759259906,-1.0775644026777135e-06,-1.740966317204612e-06,-1.334151929800259e-06,1.0000154260765668,-4.443707503784696e-10,-4.4413165833115406e-10,-5.359161327411383e-10,-3.672899668984637e-10,-1.685972043721312e-06,1.000014906411537,-6.574118411749214e-10,1.0000150489671005,-6.736119480490325e-10,-1.0614781499571398e-06,-4.411265179886355e-10,-3.587953134985652e-10,1.0000151654468314,1.000015490400479,-8.968831768875821e-07,1.0000155267169586,-1.062709538325152e-06,1.0000155491105136,-8.746569721622498e-07,1.0000143759893927,-3.4219494967411396e-10,1.000015344458099,-8.52364418584942e-10,1.0000118687725341,-8.702696057044902e-10,1.0000149886416638,-7.424669376260152e-07,1.0000161464207402
-4.0510851827814445e-06,9.2694205546842e-16,1.498901261825308e-15,1.1506682346926333e-15,-1.7251200377050083e-06,1.4995791130518487e-12,7.548573000749766e-16,9.122307527281976e-16,1.234877520845708e-12,2.870309902407566e-12,-8.70269225689439e-10,2.219488912833387e-12,-1.725119370519175e-06,2.2758108254455667e-12,9.114816508229267e-16,1.4854005536407705e-12,1.2033702104929233e-12,-1.725119575138913e-06,-1.7251201517181515e-06,7.707236547094798e-16,-1.725120213922179e-06,9.12977773261534e-16,-1.7251202550989598e-06,1.4867493554896915e-12,-1.7251181800473628e-06,1.1562151731685651e-12,-1.725119893725002e-06,2.8773374950810094e-12,-8.702696057044902e-10,-3.46502728743316e-06,-8.702692993431751e-10,6.367050542487451e-16,-8.702703307614485e-10
1.0000114307664683,-1.0775640233117614e-06,-1.7409657042861659e-06,-6.730381366590741e-10,1.000015080916662,-8.808678787227517e-07,-8.803939288078984e-07,-1.0623365882935e-06,-7.280720708555607e-07,-8.505204376903171e-10,1.0000145612518092,-1.3031752730009392e-06,1.0000147038073215,-1.3352884449397392e-06,-5.354826988857875e-10,-8.744368944495343e-07,-3.587951859222705e-10,1.0000148202870134,1.0000151452405526,-8.96882860776001e-07,1.0000151815570175,-1.0627091634652323e-06,1.0000152039505679,-4.412372282326118e-10,1.0000140308298417,-6.783266884482242e-07,1.00001499929822,-1.6896261430642595e-06,1.0000149886416638,-8.702692993431751e-10,1.0000111784528318,-7.42466675260805e-07,1.0000158012605906
-3.068433585885366e-06,3.979413599580675e-16,1.2750780437749337e-12,4.945040437054756e-16,-3.745516370007055e-10,6.434692523207465e-13,6.41936764205355e-13,3.920171331122124e-16,5.295482771038587e-13,6.213710674566174e-16,-3.745514372041891e-10,9.524515319474996e-13,-3.745514919212854e-10,9.76739602382626e-13,3.912842448375767e-16,6.37146006361438e-13,5.158189306869247e-13,-3.7455153626794983e-10,-3.7455166249950175e-10,6.560016520551526e-13,-7.424670845959108e-07,3.918154706094161e-16,-3.74551684441496e-10,3.223711684876334e-16,-3.745512321358444e-10,2.5024554925900903e-16,-7.424669464582637e-07,6.230086038345222e-16,-7.424669376260152e-07,6.367050542487451e-16,-7.42466675260805e-07,-3.465029686655163e-06,-3.74551914734781e-10
1.0000125885444067,-5.435983572225539e-10,-8.782643780678945e-10,-1.334153037936727e-06,1.0000162386958387,-8.808689256260298e-07,-4.4413203011789887e-10,-5.359165812776885e-10,-3.672902752864358e-10,-1.6859734525918519e-06,1.0000157190303982,-1.3031768210003032e-06,1.000015861586075,-6.736125099861402e-10,-5.354833349132576e-10,-4.4112688758420445e-10,-7.112341275150811e-07,1.000015978065898,1.0000163030198033,-4.524501938052243e-10,1.0000163393363106,-5.361045333622682e-10,1.0000163617298852,-4.4123775387136256e-10,1.0000151886078341,-3.4219523515385196e-10,1.0000161570773045,-1.6896281504682982e-06,1.0000161464207402,-8.702703307614485e-10,1.0000158012605906,-3.74551914734781e-10,1.000013494011729
