0.9999999997979736,-3.3494661014603192e-06,1.0000057494414238,-3.3473080949079914e-06,1.0000058400774308,-3.703999989087094e-06,1.0000056281407474,-3.7186092327715563e-06,1.0000063388091858,-3.7446465264567842e-06,-4.333008746944069e-06,-3.976428322581382e-06,-3.4272568252069494e-06,-5.159383421179213e-06,1.0000057622896226,-3.9621888301155525e-06,1.0000057221681398,-3.7584250354434854e-06,1.0000056254009149,-3.747604565830544e-06,-3.733258270402464e-06,-4.45617410127939e-06,1.0000059345587506,-5.153070750459571e-06,-3.581798010579923e-06,-3.7487997459118736e-06,1.0000062835266366,1.0000059833268713,1.0000059261750616,-3.4479324437906118e-06,-3.4503537920868405e-06,1.0000054755858472,-3.7657708410441427e-06
-3.3494661014603192e-06,-3.437777559214974e-06,-6.581661886103875e-07,2.187704620027437e-16,-6.581662478580155e-07,6.692201229181417e-13,-6.581661092095948e-07,3.4249521019670737e-16,-3.320246737200916e-10,6.962907781000458e-13,5.465510130814273e-16,4.283457118351735e-16,2.4517565435358466e-16,8.222609526454889e-16,-3.3202448325910563e-10,4.2354529825771683e-16,-3.320244697065793e-10,3.557045830904075e-16,-3.3202443797578976e-10,3.5215823870303005e-16,6.883272870088619e-13,1.166160143393919e-12,-3.320245402449795e-10,1.6259354958963657e-12,2.9669621290012116e-16,3.5231781611536355e-16,-3.3202465555371135e-10,-3.3202455686981534e-10,-3.3202453741811905e-10,2.525291189348706e-16,2.5300025195612934e-16,-3.3202438859115257e-10,7.098225629111097e-13
1.0000057494414238,-6.581661886103875e-07,1.0000049065617904,-3.309358410240736e-10,1.0000084349745686,-5.108758301492922e-10,1.0000082230381235,-5.182457504556245e-10,1.0000089337058573,-1.053346592459905e-06,-8.281912013460748e-10,-1.2851282660178364e-06,-7.359568534828477e-07,-2.468083111450527e-06,1.000008357186834,-6.411240828798713e-10,1.0000083170653935,-5.383315895762146e-10,1.0000082202982714,-5.328729693965926e-10,-1.041958268773223e-06,-1.7648740060371722e-06,1.00000852945584,-2.461770435930109e-06,-4.4922868497853683e-10,-1.0574997377873648e-06,1.0000088784233465,1.0000085782238834,1.000008521072119,-7.566324913152835e-07,-3.8291918421812556e-10,1.0000080704833667,-1.0744708353605152e-06
-3.3473080949079914e-06,2.187704620027437e-16,-3.309358410240736e-10,-3.4377775644487787e-06,-3.309358713573346e-10,3.364779324912142e-16,-3.309358008471491e-10,6.7676139778808e-13,-6.560085877060174e-07,3.5023453076483032e-16,5.454890020240259e-16,4.269942506000324e-16,4.847170384492431e-13,1.6256379194272448e-12,-3.309358452927042e-10,8.371460835981148e-13,-3.3093583194514724e-10,7.029836644744002e-13,-6.560081189314712e-07,6.957718656437189e-13,6.863190268425633e-13,1.1625837501745547e-12,-3.3093590234160726e-10,1.62146760452594e-12,5.864953710172134e-13,6.965548880928849e-13,-3.309360180742598e-10,-3.309359185810401e-10,-6.560083165651655e-07,2.513540727039423e-16,2.523773744991696e-16,-3.309357502452508e-10,3.5704726637420773e-16
1.0000058400774308,-6.581662478580155e-07,1.0000084349745686,-3.309358713573346e-10,1.0000050878336098,-5.108758760896351e-10,1.000008313674015,-5.182457976796044e-10,1.0000090243417874,-5.313808154400237e-10,-8.2819127414273e-10,-1.285128379583856e-06,-7.359569179232453e-07,-1.245071674343217e-09,1.00000844782273,-1.2708889218231065e-06,1.0000084077012876,-1.0671251817743923e-06,1.0000083109341622,-1.0563046555382117e-06,-5.256357552391395e-10,-1.7648741643836571e-06,1.000008620091748,-2.4617706521138185e-06,-4.4922872450647056e-10,-5.334759459594547e-10,1.000008969059272,1.0000086688597938,1.0000086117080245,-3.8169771553538266e-10,-3.829192190268613e-10,1.000008161119249,-5.420373405805949e-10
-3.703999989087094e-06,6.692201229181417e-13,-5.108758301492922e-10,3.364779324912142e-16,-5.108758760896351e-10,-3.4377769655444403e-06,-1.0126999011457335e-06,1.0447440781746933e-12,-1.0127006192105748e-06,1.0713257245433458e-12,1.668799492073712e-12,6.590212127039516e-16,3.7749582525640763e-16,2.5087573606505647e-12,-5.10875836548063e-10,6.518506230285105e-16,-1.0126999958923998e-06,1.0851897188082904e-12,-5.108757667502611e-10,1.073848242586584e-12,1.0592573628512078e-12,1.7944855754072067e-12,-5.108759241502479e-10,2.5022918234415546e-12,9.050367995655747e-13,1.0750453769324342e-12,-1.012700563250766e-06,-1.0127002599447992e-06,-1.012700202122346e-06,3.8838254598092896e-16,3.894259711431409e-16,-5.10875690474497e-10,5.508970753595327e-16
1.0000056281407474,-6.581661092095948e-07,1.0000082230381235,-3.309358008471491e-10,1.000008313674015,-1.0126999011457335e-06,1.0000046639606714,-1.0273091595584679e-06,1.0000088124052624,-5.313807019933192e-10,-1.641708419927523e-06,-6.483073712648071e-10,-7.359567667470954e-07,-2.4680828195394433e-06,1.0000082358862863,-6.411240059466031e-10,1.000008195764851,-5.383315240888498e-10,1.0000080989977358,-1.0563044356724015e-06,-5.256356459891703e-10,-1.7648737937191044e-06,1.0000084081552776,-2.461770145084097e-06,-4.492286325019828e-10,-5.3347583495282e-10,1.0000087571227545,1.0000084569233183,1.0000083997715588,-3.81697636066144e-10,-3.8291913867661013e-10,1.0000079491828404,-1.0744707070989559e-06
-3.7186092327715563e-06,3.4249521019670737e-16,-5.182457504556245e-10,6.7676139778808e-13,-5.182457976796044e-10,1.0447440781746933e-12,-1.0273091595584679e-06,-3.437776934074553e-06,-1.0273098925520878e-06,1.0866802160914776e-12,1.6937004319700353e-12,1.3258235044687236e-12,7.592521026554731e-13,2.5463062479958057e-12,-1.0273092979230205e-06,1.3111210696133003e-12,-1.027309256523133e-06,5.55229880601505e-16,-5.182456861864814e-10,1.0897489813288276e-12,5.424370769538089e-16,9.184366972449883e-16,-5.182458467081072e-10,1.2814129503094756e-15,9.18699030676882e-13,1.0909830012532053e-12,-1.0273098355366721e-06,-5.182458720826376e-10,-1.0273094669504266e-06,7.805823164356327e-13,3.947335616238426e-16,-5.182456073529311e-10,1.1084943924310815e-12
1.0000063388091858,-3.320246737200916e-10,1.0000089337058573,-6.560085877060174e-07,1.0000090243417874,-1.0127006192105748e-06,1.0000088124052624,-1.0273098925520878e-06,1.0000060852965396,-5.313810828752614e-10,-1.641709562953903e-06,-6.483078228849782e-10,-3.712676749350067e-10,-1.245072282135313e-09,1.0000089465540207,-1.2708895502558603e-06,1.0000089064325641,-5.383319074833369e-10,1.0000088096654016,-1.0563051753189058e-06,-1.0419588739929652e-06,-8.903248529636243e-10,1.000009118823108,-2.461771853473885e-06,-4.492289424423728e-10,-5.334762085273397e-10,1.0000094677907512,1.0000091675911669,1.0000091104393753,-3.816979027860656e-10,-7.590542976702591e-07,1.000008659850438,-5.420376073893782e-10
-3.7446465264567842e-06,6.962907781000458e-13,-1.053346592459905e-06,3.5023453076483032e-16,-5.313808154400237e-10,1.0713257245433458e-12,-5.313807019933192e-10,1.0866802160914776e-12,-5.313810828752614e-10,-3.4377768799510673e-06,1.7372573808936077e-12,1.3598885892559439e-12,7.788398948744106e-13,1.317580006435711e-15,-5.313807743196582e-10,6.784442202374924e-16,-1.0533465636188852e-06,5.694716804233427e-16,-1.0533464607830745e-06,1.1176814774516308e-12,1.1024993442190183e-12,9.419243217736782e-16,-5.313808660399408e-10,2.605234057770265e-12,9.424443510185672e-13,5.652451198055424e-16,-1.0533471599309021e-06,-1.0533468409816153e-06,-5.313808622219724e-10,8.006113925684679e-13,8.030815141583437e-13,-1.0533463015413092e-06,1.1368989312981121e-12
-4.333008746944069e-06,5.465510130814273e-16,-8.281912013460748e-10,5.454890020240259e-16,-8.2819127414273e-10,1.668799492073712e-12,-1.641708419927523e-06,1.6937004319700353e-12,-1.641709562953903e-06,1.7372573808936077e-12,-3.4377752931154552e-06,2.115048239759701e-12,6.107943377546377e-16,4.060847315649793e-12,-1.641708634174066e-06,1.05574791108003e-15,-8.281911783891334e-10,1.7589997019419754e-12,-1.6417084141324577e-06,1.7389959732503398e-12,1.7153561619673374e-12,2.9072730907144886e-12,-8.281913516502696e-10,2.0432479685785174e-15,7.386282856558053e-16,1.7408462843208786e-12,-1.6417094733791284e-06,-1.6417089906531313e-06,-1.6417088982982163e-06,6.284060354629144e-16,6.301460978147609e-16,-1.641708173983969e-06,1.7689789047480528e-12
-3.976428322581382e-06,4.283457118351735e-16,-1.2851282660178364e-06,4.269942506000324e-16,-1.285128379583856e-06,6.590212127039516e-16,-6.483073712648071e-10,1.3258235044687236e-12,-6.483078228849782e-10,1.3598885892559439e-12,2.115048239759701e-12,-3.4377763362198127e-06,4.776505527290022e-16,1.6030075383164056e-15,-1.285128281436256e-06,1.6385884697380985e-12,-1.2851282308102142e-06,1.3769576918505812e-12,-6.483073682392776e-10,1.361407502262049e-12,1.3429013649642759e-12,2.27593079897284e-12,-6.483075666461133e-10,3.1708805672060945e-12,5.784716955574753e-16,1.3628619964733323e-12,-1.2851289393593845e-06,-6.483075970310711e-10,-1.2851284884912255e-06,4.916162442416619e-16,9.786927641027032e-13,-1.2851279205822816e-06,6.985185509329968e-16
-3.4272568252069494e-06,2.4517565435358466e-16,-7.359568534828477e-07,4.847170384492431e-13,-7.359569179232453e-07,3.7749582525640763e-16,-7.359567667470954e-07,7.592521026554731e-13,-3.712676749350067e-10,7.788398948744106e-13,6.107943377546377e-16,4.776505527290022e-16,-3.437777457043036e-06,9.172084583339883e-16,-3.712674662647527e-10,9.380790798724864e-13,-3.7126745157599565e-10,7.884883029857685e-13,-3.712674162401696e-10,3.9264306205987985e-16,7.687091338387399e-13,1.3030204725021386e-12,-7.359569868420597e-07,9.150202890335075e-16,3.307633927102556e-16,3.9364953319238147e-16,-3.712676549033885e-10,-3.712675464452313e-10,-3.712675254682921e-10,2.813101970909348e-16,2.8275859890930833e-16,-3.712673626681082e-10,7.927477391744172e-13
-5.159383421179213e-06,8.222609526454889e-16,-2.468083111450527e-06,1.6256379194272448e-12,-1.245071674343217e-09,2.5087573606505647e-12,-2.4680828195394433e-06,2.5463062479958057e-12,-1.245072282135313e-09,1.317580006435711e-15,4.060847315649793e-12,1.6030075383164056e-15,9.172084583339883e-16,-3.437771891210057e-06,-2.4680831406848303e-06,3.146469392763481e-12,-2.468083043827499e-06,2.6444268970785626e-12,-2.468082810654891e-06,1.318446680430945e-15,1.3011179850412599e-15,4.370439274974079e-12,-2.468083559912911e-06,6.0877843340742786e-12,1.1101970124813654e-15,1.3205763231338777e-15,-2.4680843995785552e-06,-1.245071849513196e-09,-2.468083536937133e-06,1.8721478615402005e-12,1.8793273715356754e-12,-2.468082450553408e-06,1.3413410903740004e-15
1.0000057622896226,-3.3202448325910563e-10,1.000008357186834,-3.309358452927042e-10,1.00000844782273,-5.10875836548063e-10,1.0000082358862863,-1.0273092979230205e-06,1.0000089465540207,-5.313807743196582e-10,-1.641708634174066e-06,-1.285128281436256e-06,-3.712674662647527e-10,-2.4680831406848303e-06,1.000004932258111,-1.270888823868573e-06,1.0000083299135567,-1.0671250986448867e-06,1.0000082331464337,-5.328729759700504e-10,-1.0419582814399168e-06,-1.7648740280386093e-06,1.0000085423040028,-1.2418870310577303e-09,-8.904980043638591e-07,-5.33475905370665e-10,1.0000088912715075,1.0000085910720447,1.0000085339202793,-7.566325004621505e-07,-7.590538636391825e-07,1.000008083331528,-5.420372990282221e-10
-3.9621888301155525e-06,4.2354529825771683e-16,-6.411240828798713e-10,8.371460835981148e-13,-1.2708889218231065e-06,6.518506230285105e-16,-6.411240059466031e-10,1.3111210696133003e-12,-1.2708895502558603e-06,6.784442202374924e-16,1.05574791108003e-15,1.6385884697380985e-12,9.380790798724864e-13,3.146469392763481e-12,-1.270888823868573e-06,-3.437776371988742e-06,-6.411240652892249e-10,1.3617953623076341e-12,-1.270888651591133e-06,6.795619428217472e-16,6.702961496975793e-16,2.2514394027273163e-12,-6.411242006875111e-10,3.138288699209839e-12,5.724573548843132e-16,6.804451392874107e-16,-1.2708894803835979e-06,-1.2708891025328107e-06,-6.411241951558411e-10,4.870464567149626e-16,4.884235338375009e-16,-1.2708884633594178e-06,6.911795749891959e-16
1.0000057221681398,-3.320244697065793e-10,1.0000083170653935,-3.3093583194514724e-10,1.0000084077012876,-1.0126999958923998e-06,1.000008195764851,-1.027309256523133e-06,1.0000089064325641,-1.0533465636188852e-06,-8.281911783891334e-10,-1.2851282308102142e-06,-3.7126745157599565e-10,-2.468083043827499e-06,1.0000083299135567,-6.411240652892249e-10,1.000004852015236,-5.383315748400658e-10,1.0000081930249998,-1.056304532758841e-06,-5.25635694206288e-10,-8.903243069897186e-10,1.0000085021825598,-2.461770368478677e-06,-8.904979696418677e-07,-1.057499708817875e-06,1.000008851150055,1.0000085509506005,1.000008493798838,-3.816976707069788e-10,-3.8291917421097625e-10,1.0000080432100977,-1.0744708059268653e-06
-3.7584250354434854e-06,3.557045830904075e-16,-5.383315895762146e-10,7.029836644744002e-13,-1.0671251817743923e-06,1.0851897188082904e-12,-5.383315240888498e-10,5.55229880601505e-16,-5.383319074833369e-10,5.694716804233427e-16,1.7589997019419754e-12,1.3769576918505812e-12,7.884883029857685e-13,2.6444268970785626e-12,-1.0671250986448867e-06,1.3617953623076341e-12,-5.383315748400658e-10,-3.437776851851345e-06,-1.0671249523553108e-06,5.711271034615741e-16,5.631657204062918e-16,1.8911910677400332e-12,-1.0671252828569603e-06,1.3307813644012667e-15,4.809356560123172e-16,1.133090489410589e-12,-5.383318771087181e-10,-1.067125334911035e-06,-5.383316849332782e-10,4.090760056689555e-16,4.107209741963761e-16,-1.0671247923416728e-06,5.807617750881436e-16
1.0000056254009149,-3.3202443797578976e-10,1.0000082202982714,-6.560081189314712e-07,1.0000083109341622,-5.108757667502611e-10,1.0000080989977358,-5.182456861864814e-10,1.0000088096654016,-1.0533464607830745e-06,-1.6417084141324577e-06,-6.483073682392776e-10,-3.712674162401696e-10,-2.468082810654891e-06,1.0000082331464337,-1.270888651591133e-06,1.0000081930249998,-1.0671249523553108e-06,1.0000046584809816,-5.328729039199552e-10,-1.0419581409781438e-06,-1.7648737882112016e-06,1.0000084054154232,-2.4617701361471258e-06,-4.492286309662425e-10,-5.334758332604353e-10,1.0000087543828955,1.0000084541834622,1.000008397031703,-3.816976344960601e-10,-3.829191375334945e-10,1.0000079464429916,-1.0744707035103128e-06
-3.747604565830544e-06,3.5215823870303005e-16,-5.328729693965926e-10,6.957718656437189e-13,-1.0563046555382117e-06,1.073848242586584e-12,-1.0563044356724015e-06,1.0897489813288276e-12,-1.0563051753189058e-06,1.1176814774516308e-12,1.7389959732503398e-12,1.361407502262049e-12,3.9264306205987985e-16,1.318446680430945e-15,-5.328729759700504e-10,6.795619428217472e-16,-1.056304532758841e-06,5.711271034615741e-16,-5.328729039199552e-10,-3.437776871557575e-06,5.566551747912658e-16,1.870953031072877e-12,-1.0563047549199788e-06,2.6072124953621938e-12,4.751621172228252e-16,1.1204781477607793e-12,-5.328732492742354e-10,-5.328730920214999e-10,-5.328730622270741e-10,4.0441096475983063e-16,8.045643956962123e-13,-1.0563042766102263e-06,5.739426429443327e-16
-3.733258270402464e-06,6.883272870088619e-13,-1.041958268773223e-06,6.863190268425633e-13,-5.256357552391395e-10,1.0592573628512078e-12,-5.256356459891703e-10,5.424370769538089e-16,-1.0419588739929652e-06,1.1024993442190183e-12,1.7153561619673374e-12,1.3429013649642759e-12,7.687091338387399e-13,1.3011179850412599e-15,-1.0419582814399168e-06,6.702961496975793e-16,-5.25635694206288e-10,5.631657204062918e-16,-1.0419581409781438e-06,5.566551747912658e-16,-3.4377769037705494e-06,1.8455281843007553e-12,-5.256358048276509e-10,2.5717671405533963e-12,9.299645286496931e-13,1.1052483333194284e-12,-5.256359849263144e-10,-1.0419585088146576e-06,-5.256358003490907e-10,3.9845251149235674e-16,7.936304512364155e-13,-1.0419579875930064e-06,5.673917575603179e-16
-4.45617410127939e-06,1.166160143393919e-12,-1.7648740060371722e-06,1.1625837501745547e-12,-1.7648741643836571e-06,1.7944855754072067e-12,-1.7648737937191044e-06,9.184366972449883e-16,-8.903248529636243e-10,9.419243217736782e-16,2.9072730907144886e-12,2.27593079897284e-12,1.3030204725021386e-12,4.370439274974079e-12,-1.7648740280386093e-06,2.2514394027273163e-12,-8.903243069897186e-10,1.8911910677400332e-12,-1.7648737882112016e-06,1.870953031072877e-12,1.8455281843007553e-12,-3.4377748671269532e-06,-1.764874330964189e-06,2.19935069734682e-15,7.952877962883902e-16,9.451683933698746e-16,-8.903248035973316e-10,-8.903245385505267e-10,-1.7648743154691048e-06,6.7579780711899e-16,1.344711727239797e-12,-1.7648735261113613e-06,9.599897412458807e-16
1.0000059345587506,-3.320245402449795e-10,1.00000852945584,-3.3093590234160726e-10,1.000008620091748,-5.108759241502479e-10,1.0000084081552776,-5.182458467081072e-10,1.000009118823108,-5.313808660399408e-10,-8.281913516502696e-10,-6.483075666461133e-10,-7.359569868420597e-07,-2.468083559912911e-06,1.0000085423040028,-6.411242006875111e-10,1.0000085021825598,-1.0671252828569603e-06,1.0000084054154232,-1.0563047549199788e-06,-5.256358048276509e-10,-1.764874330964189e-06,1.0000052767961933,-2.461770882867975e-06,-8.904981549690163e-07,-1.0574999310865514e-06,1.0000090635405887,1.0000087633410866,1.0000087061893104,-3.816977512604474e-10,-3.8291925498158215e-10,1.0000082556004986,-5.420373917531781e-10
-5.153070750459571e-06,1.6259354958963657e-12,-2.461770435930109e-06,1.62146760452594e-12,-2.4617706521138185e-06,2.5022918234415546e-12,-2.461770145084097e-06,1.2814129503094756e-15,-2.461771853473885e-06,2.605234057770265e-12,2.0432479685785174e-15,3.1708805672060945e-12,9.150202890335075e-16,6.0877843340742786e-12,-1.2418870310577303e-09,3.138288699209839e-12,-2.461770368478677e-06,1.3307813644012667e-15,-2.4617701361471258e-06,2.6072124953621938e-12,2.5717671405533963e-12,2.19935069734682e-15,-2.461770882867975e-06,-3.43777192300057e-06,1.1079064589158593e-15,1.3167177197323666e-15,-1.241887663909657e-09,-2.4617709979885396e-06,-1.2418872298786735e-09,9.419852085303882e-16,9.455716893902172e-16,-2.461769777375906e-06,2.6521786594382036e-12
-3.581798010579923e-06,2.9669621290012116e-16,-4.4922868497853683e-10,5.864953710172134e-13,-4.4922872450647056e-10,9.050367995655747e-13,-4.492286325019828e-10,9.18699030676882e-13,-4.492289424423728e-10,9.424443510185672e-13,7.386282856558053e-16,5.784716955574753e-16,3.307633927102556e-16,1.1101970124813654e-15,-8.904980043638591e-07,5.724573548843132e-16,-8.904979696418677e-07,4.809356560123172e-16,-4.492286309662425e-10,4.751621172228252e-16,9.299645286496931e-13,7.952877962883902e-16,-8.904981549690163e-07,1.1079064589158593e-15,-3.4377772066096228e-06,9.437639746453028e-13,-4.492289181873024e-10,-8.904981962256738e-07,-4.492287618999895e-10,3.409885160314887e-16,6.778761174240308e-13,-8.904977571114015e-07,4.840716979844954e-16
-3.7487997459118736e-06,3.5231781611536355e-16,-1.0574997377873648e-06,6.965548880928849e-13,-5.334759459594547e-10,1.0750453769324342e-12,-5.3347583495282e-10,1.0909830012532053e-12,-5.334762085273397e-10,5.652451198055424e-16,1.7408462843208786e-12,1.3628619964733323e-12,3.9364953319238147e-16,1.3205763231338777e-15,-5.33475905370665e-10,6.804451392874107e-16,-1.057499708817875e-06,1.133090489410589e-12,-5.334758332604353e-10,1.1204781477607793e-12,1.1052483333194284e-12,9.451683933698746e-16,-1.0574999310865514e-06,1.3167177197323666e-15,9.437639746453028e-13,-3.4377768739977428e-06,-1.0575002936785114e-06,-5.334760214875451e-10,-1.0574999214957212e-06,4.0487728591553464e-16,8.054460047838419e-13,-1.057499452629581e-06,5.750119832705931e-16
1.0000062835266366,-3.3202465555371135e-10,1.0000088784233465,-3.309360180742598e-10,1.000008969059272,-1.012700563250766e-06,1.0000087571227545,-1.0273098355366721e-06,1.0000094677907512,-1.0533471599309021e-06,-1.6417094733791284e-06,-1.2851289393593845e-06,-3.712676549033885e-10,-2.4680843995785552e-06,1.0000088912715075,-1.2708894803835979e-06,1.000008851150055,-5.383318771087181e-10,1.0000087543828955,-5.328732492742354e-10,-5.256359849263144e-10,-8.903248035973316e-10,1.0000090635405887,-1.241887663909657e-09,-4.492289181873024e-10,-1.0575002936785114e-06,1.000005974731451,1.000009112308643,1.000009055156855,-3.8169788212122253e-10,-3.8291938719907166e-10,1.000008604567938,-5.420375781605573e-10
1.0000059833268713,-3.3202455686981534e-10,1.0000085782238834,-3.309359185810401e-10,1.0000086688597938,-1.0127002599447992e-06,1.0000084569233183,-5.182458720826376e-10,1.0000091675911669,-1.0533468409816153e-06,-1.6417089906531313e-06,-6.483075970310711e-10,-3.712675464452313e-10,-1.245071849513196e-09,1.0000085910720447,-1.2708891025328107e-06,1.0000085509506005,-1.067125334911035e-06,1.0000084541834622,-5.328730920214999e-10,-1.0419585088146576e-06,-8.903245385505267e-10,1.0000087633410866,-2.4617709979885396e-06,-8.904981962256738e-07,-5.334760214875451e-10,1.000009112308643,1.0000053743322999,1.0000087549573582,-7.566326653230936e-07,-3.829192736180191e-10,1.0000083043685333,-1.074471083050659e-06
1.0000059261750616,-3.3202453741811905e-10,1.000008521072119,-6.560083165651655e-07,1.0000086117080245,-1.012700202122346e-06,1.0000083997715588,-1.0273094669504266e-06,1.0000091104393753,-5.313808622219724e-10,-1.6417088982982163e-06,-1.2851284884912255e-06,-3.712675254682921e-10,-2.468083536937133e-06,1.0000085339202793,-6.411241951558411e-10,1.000008493798838,-5.383316849332782e-10,1.000008397031703,-5.328730622270741e-10,-5.256358003490907e-10,-1.7648743154691048e-06,1.0000087061893104,-1.2418872298786735e-09,-4.492287618999895e-10,-1.0574999214957212e-06,1.000009055156855,1.0000087549573582,1.0000052600287461,-7.566326226242245e-07,-7.590539870432906e-07,1.000008247216781,-5.420373866748955e-10
-3.4479324437906118e-06,2.525291189348706e-16,-7.566324913152835e-07,2.513540727039423e-16,-3.8169771553538266e-10,3.8838254598092896e-16,-3.81697636066144e-10,7.805823164356327e-13,-3.816979027860656e-10,8.006113925684679e-13,6.284060354629144e-16,4.916162442416619e-16,2.813101970909348e-16,1.8721478615402005e-12,-7.566325004621505e-07,4.870464567149626e-16,-3.816976707069788e-10,4.090760056689555e-16,-3.816976344960601e-10,4.0441096475983063e-16,3.9845251149235674e-16,6.7579780711899e-16,-3.816977512604474e-10,9.419852085303882e-16,3.409885160314887e-16,4.0487728591553464e-16,-3.8169788212122253e-10,-7.566326653230936e-07,-7.566326226242245e-07,-3.437777418993857e-06,5.762627637290547e-13,-3.816975788494146e-10,4.1109416629055054e-16
-3.4503537920868405e-06,2.5300025195612934e-16,-3.8291918421812556e-10,2.523773744991696e-16,-3.829192190268613e-10,3.894259711431409e-16,-3.8291913867661013e-10,3.947335616238426e-16,-7.590542976702591e-07,8.030815141583437e-13,6.301460978147609e-16,9.786927641027032e-13,2.8275859890930833e-16,1.8793273715356754e-12,-7.590538636391825e-07,4.884235338375009e-16,-3.8291917421097625e-10,4.107209741963761e-16,-3.829191375334945e-10,8.045643956962123e-13,7.936304512364155e-13,1.344711727239797e-12,-3.8291925498158215e-10,9.455716893902172e-16,6.778761174240308e-13,8.054460047838419e-13,-3.8291938719907166e-10,-3.829192736180191e-10,-7.590539870432906e-07,5.762627637290547e-13,-3.4377774169928825e-06,-7.590536482123996e-07,4.1295527637236393e-16
1.0000054755858472,-3.3202438859115257e-10,1.0000080704833667,-3.309357502452508e-10,1.000008161119249,-5.10875690474497e-10,1.0000079491828404,-5.182456073529311e-10,1.000008659850438,-1.0533463015413092e-06,-1.641708173983969e-06,-1.2851279205822816e-06,-3.712673626681082e-10,-2.468082450553408e-06,1.000008083331528,-1.2708884633594178e-06,1.0000080432100977,-1.0671247923416728e-06,1.0000079464429916,-1.0563042766102263e-06,-1.0419579875930064e-06,-1.7648735261113613e-06,1.0000082556004986,-2.461769777375906e-06,-8.904977571114015e-07,-1.057499452629581e-06,1.000008604567938,1.0000083043685333,1.000008247216781,-3.816975788494146e-10,-7.590536482123996e-07,1.0000043588511702,-1.0744705452260297e-06
-3.7657708410441427e-06,7.098225629111097e-13,-1.0744708353605152e-06,3.5704726637420773e-16,-5.420373405805949e-10,5.508970753595327e-16,-1.0744707070989559e-06,1.1084943924310815e-12,-5.420376073893782e-10,1.1368989312981121e-12,1.7689789047480528e-12,6.985185509329968e-16,7.927477391744172e-13,1.3413410903740004e-15,-5.420372990282221e-10,6.911795749891959e-16,-1.0744708059268653e-06,5.807617750881436e-16,-1.0744707035103128e-06,5.739426429443327e-16,5.673917575603179e-16,9.599897412458807e-16,-5.420373917531781e-10,2.6521786594382036e-12,4.840716979844954e-16,5.750119832705931e-16,-5.420375781605573e-10,-1.074471083050659e-06,-5.420373866748955e-10,4.1109416629055054e-16,4.1295527637236393e-16,-1.0744705452260297e-06,-3.437776841731854e-06
