0.9999999974647994,-5.111309181494223e-06,-3.053572080039498e-06,0.9999998060120093,0.9999998221154288,-5.088556607465462e-06,0.9999997520096084,-2.8899816361366935e-06,-2.7087308571140623e-06,-2.6381278811793347e-06,0.999999790279795,-3.187295842412044e-06,-2.5689953597818454e-06,-2.7989951131778153e-06,0.9999997993610361,-2.6941428043514827e-06,0.9999997647300312,-2.9612343913386413e-06,-2.7004807446910216e-06,-2.7074420551098664e-06,0.9999998092719491,-3.034917168106785e-06,-2.6603823723496886e-06,0.9999998621032259,-2.980936694230253e-06,0.9999997880903174,0.9999998583831851,-2.6942793034016344e-06,-2.809631959809025e-06,0.9999997677679988,0.9999998211927399,-2.842192181810876e-06,-2.6709425014959103e-06
-5.111309181494223e-06,-2.2981074078185226e-06,2.8661924497538687e-12,-3.0184636267335326e-06,-3.018463875211928e-06,8.726011603777134e-12,-3.018463728539375e-06,1.1746527078658847e-15,1.822388546629949e-12,1.6131010093017688e-12,-3.018463815305524e-06,3.1946413152471805e-12,7.084245223143672e-16,1.0491969127757108e-15,-3.0184638448934606e-06,8.954104843832672e-16,-3.0184637822006525e-06,1.2876148921444227e-15,1.7939747784401095e-12,9.160944811138912e-16,-3.018463676313602e-06,2.7987443685751476e-12,1.655856545875603e-12,-1.52272164214025e-09,1.3152275054532976e-15,-3.018463830243432e-06,-1.5227216392796762e-09,8.926639003791095e-16,1.0614276476938352e-15,-3.0184637904730536e-06,-3.0184639285173063e-06,2.220723224777285e-12,8.539058465152011e-16
-3.053572080039498e-06,2.8661924497538687e-12,-2.298115332783833e-06,-9.60729528647177e-07,-4.846583502661705e-10,2.8371648956552653e-12,-9.607295163401448e-07,7.559511744217427e-13,5.875333730950962e-13,2.621024042563653e-16,-9.607295488741854e-07,1.0375164815953816e-12,4.5352354081510043e-13,6.721044158996034e-13,-4.846583419496971e-10,5.729712122420531e-13,-9.607295308760999e-07,4.1652563844697435e-16,2.9213122496717343e-16,2.955507512444963e-16,-9.607295377495052e-07,9.003779985744859e-13,5.378992941174183e-13,-4.846583610261399e-10,8.440994875125821e-13,-9.607295499973708e-07,-4.846583595894435e-10,2.887641871856096e-16,3.436420285383993e-16,-9.60729533666653e-07,-4.846583541615788e-10,3.608691678499244e-16,2.7697348122739855e-16
0.9999998060120093,-3.0184636267335326e-06,-9.60729528647177e-07,0.999998570085706,1.000000884305263,-1.5112434815759772e-09,1.0000008141997203,-7.971391296259739e-07,-3.106967847335764e-10,-2.7507981710256816e-10,1.0000008524697725,-5.521176346823484e-10,-2.4020463105204884e-10,-3.5623223459234337e-10,1.0000008615510134,-6.013006335476965e-07,1.0000008269201766,-8.683918343154982e-07,-3.0653485834475164e-10,-3.100466200128376e-10,1.0000008714612905,-9.420746015743832e-07,-2.8630646149142765e-10,1.0000009242926535,-4.4801599974789415e-10,1.000000850280367,1.0000009205726392,-3.034064158384074e-10,-3.6159817659908753e-10,1.0000008299581362,1.000000883382745,-3.780238132211319e-10,-2.916337229761814e-10
0.9999998221154288,-3.018463875211928e-06,-4.846583502661705e-10,1.000000884305263,0.999998602293602,-2.9957112121979846e-06,1.0000008303035763,-7.971391993707403e-07,-6.158887164978304e-07,-2.750798347791774e-10,1.0000008685736494,-5.52117683419413e-10,-2.402046479655978e-10,-3.5623226031512723e-10,1.0000008776548894,-3.0333758791033785e-10,1.0000008430240246,-8.683919008916966e-07,-6.076386063568289e-07,-3.1004664032173077e-10,1.000000887565296,-4.752475192179713e-10,-2.863064872147299e-10,1.0000009403966292,-4.480160348784888e-10,1.0000008663842288,1.0000009366766112,-3.034064382818839e-10,-3.6159820530057886e-10,1.0000008460619847,1.0000008994866099,-7.493498868971023e-07,-2.916337476369047e-10
-5.088556607465462e-06,8.726011603777134e-12,2.8371648956552653e-12,-1.5112434815759772e-09,-2.9957112121979846e-06,-2.2981076495517375e-06,-2.995711077238585e-06,1.1588615557454471e-15,1.8014687662748332e-12,8.037359290336071e-16,-2.9957111586421035e-06,1.5899601647545062e-15,7.000035620538065e-16,2.0536288542487855e-12,-2.995711188337385e-06,1.7538207635094713e-12,-2.995711132930459e-06,1.2708413621464626e-15,8.94225669395304e-16,1.7946904010524144e-12,-1.5112435096089729e-09,2.768464481296967e-12,8.238430505063351e-16,-2.9957111993059513e-06,2.5736730894417556e-12,-2.9957111769440354e-06,-2.9957111960557017e-06,8.813331990853025e-16,1.0478795489325545e-15,-2.9957111409896057e-06,-2.9957112741394585e-06,1.1077364923745729e-15,1.6703272858979005e-12
0.9999997520096084,-3.018463728539375e-06,-9.607295163401448e-07,1.0000008141997203,1.0000008303035763,-2.995711077238585e-06,0.999998462082401,-7.971391619969469e-07,-6.158886826744989e-07,-5.452858049152486e-07,1.0000007984680563,-5.521176581947528e-10,-4.7615335182946037e-07,-3.5623224193143103e-10,1.000000807549295,-3.033375719502071e-10,1.0000007729184242,-4.3807682595241795e-10,-3.065348621944198e-10,-3.1004662323965154e-10,1.0000008174597448,-9.420745996701024e-07,-5.67540203998069e-07,1.0000008702910643,-8.880941284270309e-07,1.0000007962786337,1.0000008665710454,-3.034064226336257e-10,-7.167896190776035e-07,1.0000007759563847,1.0000008293810114,-7.493498450137313e-07,-5.781003336451198e-07
-2.8899816361366935e-06,1.1746527078658847e-15,7.559511744217427e-13,-7.971391296259739e-07,-7.971391993707403e-07,1.1588615557454471e-15,-7.971391619969469e-07,-2.2981156384307313e-06,2.4256936723752885e-16,2.1460614423954162e-16,-4.021320567431213e-10,8.410958761882323e-13,3.700055141932764e-13,2.7660365523426514e-16,-4.0213206041268016e-10,2.3578369473050143e-16,-4.021320521516828e-10,3.3900738915103375e-16,4.727606829750886e-13,4.785871068839628e-13,-7.971391435383979e-07,7.379138202001169e-13,2.198273628257127e-16,-7.971391985094332e-07,6.867080641280813e-13,-4.0213205815271556e-10,-7.971391974912147e-07,4.6613249629186e-13,2.7962868606291036e-16,-4.021320532608093e-10,-7.971392146058315e-07,2.9512107449834354e-16,2.250745451055207e-16
-2.7087308571140623e-06,1.822388546629949e-12,5.875333730950962e-13,-3.106967847335764e-10,-6.158887164978304e-07,1.8014687662748332e-12,-6.158886826744989e-07,2.4256936723752885e-16,-2.298115876942893e-06,1.673035180902951e-16,-6.158887021077116e-07,6.591108789746429e-13,1.4585484318968596e-16,4.278665962591463e-13,-3.1069679999049335e-10,1.8401486803835067e-16,-3.1069679219271275e-10,5.253725808267053e-13,1.860333958533861e-16,1.8817595572463614e-16,-3.1069678852919283e-10,5.744183399251305e-13,3.4167832934841897e-13,-6.158887245204244e-07,2.713658583456738e-16,-3.1069679812045574e-10,-3.1069680753359306e-10,3.6419547436024134e-13,2.1850350168087419e-16,-3.1069679265861473e-10,-6.158887240538333e-07,2.298974046945944e-16,1.7603956510700252e-16
-2.6381278811793347e-06,1.6131010093017688e-12,2.621024042563653e-16,-2.7507981710256816e-10,-2.750798347791774e-10,8.037359290336071e-16,-5.452858049152486e-07,2.1460614423954162e-16,1.673035180902951e-16,-2.2981159571008624e-06,-2.750798280898192e-10,5.834025048465581e-13,1.2900086456782947e-16,3.7874286025612284e-13,-5.452858273246571e-07,1.629926413917206e-16,-5.452858138356678e-07,4.65047120576656e-13,3.2653150694264445e-13,3.3045868396683174e-13,-2.750798203934008e-10,2.562392365728644e-16,1.5250365064937627e-16,-2.750798381560989e-10,4.753101572420258e-13,-5.45285823679015e-07,-2.7507983740050113e-10,1.6261424343293601e-16,1.934232227424075e-16,-2.7507982490338747e-10,-2.7507983800111423e-10,2.0367491197397953e-16,3.088401113332653e-13
0.999999790279795,-3.018463815305524e-06,-9.607295488741854e-07,1.0000008524697725,1.0000008685736494,-2.9957111586421035e-06,1.0000007984680563,-4.021320567431213e-10,-6.158887021077116e-07,-2.750798280898192e-10,0.9999985386225668,-1.094452991502025e-06,-4.761533664042711e-07,-3.562322526953957e-10,1.0000008458193723,-3.0333758111787787e-10,1.0000008111885028,-8.683918827582229e-07,-3.0653487172078146e-10,-6.145998943167102e-07,1.0000008557298024,-4.752475073520546e-10,-2.863064822042042e-10,1.0000009085611279,-4.480160257464661e-10,1.0000008345487117,1.0000009048411078,-3.034064320654011e-10,-7.167896400920686e-07,1.000000814226464,1.0000008676510894,-7.493498689823991e-07,-2.9163374165302917e-10
-3.187295842412044e-06,3.1946413152471805e-12,1.0375164815953816e-12,-5.521176346823484e-10,-5.52117683419413e-10,1.5899601647545062e-15,-5.521176581947528e-10,8.410958761882323e-13,6.591108789746429e-13,5.834025048465581e-13,-1.094452991502025e-06,-2.298115096742041e-06,2.5602677761184557e-16,7.516018913629197e-13,-1.0944530023057218e-06,3.233649278214392e-16,-1.0944529811373539e-06,4.652182031278079e-16,3.2733343641504923e-16,3.314760498943979e-16,-1.0944529338347668e-06,5.108255280428591e-16,5.979899252265149e-13,-1.0944530096926152e-06,4.753164389593767e-16,-1.0944529977155748e-06,-1.0944530083539902e-06,3.224807298413513e-16,3.835425412057629e-16,-1.0944529841021373e-06,-5.521176946466093e-10,4.049035646811338e-16,6.115328855923694e-13
-2.5689953597818454e-06,7.084245223143672e-16,4.5352354081510043e-13,-2.4020463105204884e-10,-2.402046479655978e-10,7.000035620538065e-16,-4.7615335182946037e-07,3.700055141932764e-13,1.4585484318968596e-16,1.2900086456782947e-16,-4.761533664042711e-07,2.5602677761184557e-16,-2.2981160299036093e-06,3.298464669568459e-13,-2.4020464506094643e-10,1.4182034056775048e-16,-2.4020463952323553e-10,2.0432930854382912e-16,1.4335900283482453e-16,1.453919354055444e-16,-2.402046345515998e-10,4.432160670933251e-13,1.3290264977035837e-16,-2.4020465013607487e-10,2.0863586758215072e-16,-2.4020464370752825e-10,-2.402046500776821e-10,2.8073756792246106e-13,3.3399239887919384e-13,-2.402046400605182e-10,-4.7615338367072704e-07,3.5184897562234494e-13,1.3580284022666026e-16
-2.7989951131778153e-06,1.0491969127757108e-15,6.721044158996034e-13,-3.5623223459234337e-10,-3.5623226031512723e-10,2.0536288542487855e-12,-3.5623224193143103e-10,2.7660365523426514e-16,4.278665962591463e-13,3.7874286025612284e-13,-3.562322526953957e-10,7.516018913629197e-13,3.298464669568459e-13,-2.298115762652888e-06,-3.5623225623788533e-10,4.16872006213578e-13,-7.061528131948014e-07,3.0281910870921246e-16,2.1244133069086753e-16,4.2645155520843835e-13,-7.061527967463166e-07,3.311687297300768e-16,1.9701490891003557e-16,-7.061528430910895e-07,3.091380437197723e-16,-7.06152825219544e-07,-7.061528418244914e-07,4.157751108986137e-13,2.495631347042411e-16,-7.061528151623665e-07,-3.562322657301418e-10,5.212677159888289e-13,2.0073460126191096e-16
0.9999997993610361,-3.0184638448934606e-06,-4.846583419496971e-10,1.0000008615510134,1.0000008776548894,-2.995711188337385e-06,1.000000807549295,-4.0213206041268016e-10,-3.1069679999049335e-10,-5.452858273246571e-07,1.0000008458193723,-1.0944530023057218e-06,-2.4020464506094643e-10,-3.5623225623788533e-10,0.9999985567850506,-6.013006665591475e-07,1.0000008202697412,-8.683918912199177e-07,-3.0653487424088764e-10,-6.145999002373002e-07,1.0000008648110437,-9.420746394288147e-07,-2.863064848643778e-10,1.0000009176423683,-4.4801602973651735e-10,1.0000008436299492,1.00000091392235,-3.034064347922645e-10,-3.6159820163598537e-10,1.0000008233077018,1.000000876732329,-7.493498761572107e-07,-5.781003558644761e-07
-2.6941428043514827e-06,8.954104843832672e-16,5.729712122420531e-13,-6.013006335476965e-07,-3.0333758791033785e-10,1.7538207635094713e-12,-3.033375719502071e-10,2.3578369473050143e-16,1.8401486803835067e-16,1.629926413917206e-16,-3.0333758111787787e-10,3.233649278214392e-16,1.4182034056775048e-16,4.16872006213578e-13,-6.013006665591475e-07,-2.2981158960236243e-06,-3.033375765076672e-10,2.5827176795081885e-16,1.813516643920459e-16,1.8405535062362728e-16,-6.013006416860145e-07,2.824192710418359e-16,1.678995832197497e-16,-6.013006805075963e-07,2.6407370683575086e-16,-3.033375820639996e-10,-3.0333759052384265e-10,3.548149643071459e-13,4.221478321523256e-13,-6.013006539072416e-07,-3.0333759214945325e-10,4.4459974092043166e-13,1.7129974115887909e-16
0.9999997647300312,-3.0184637822006525e-06,-9.607295308760999e-07,1.0000008269201766,1.0000008430240246,-2.995711132930459e-06,1.0000007729184242,-4.021320521516828e-10,-3.1069679219271275e-10,-5.452858138356678e-07,1.0000008111885028,-1.0944529811373539e-06,-2.4020463952323553e-10,-7.061528131948014e-07,1.0000008202697412,-3.033375765076672e-10,0.999998487523281,-8.683918721454375e-07,-6.076385839573563e-07,-6.14599885332416e-07,1.0000008301801993,-4.752474993265608e-10,-2.863064793364704e-10,1.0000008830115177,-8.880941439450975e-07,1.0000008089990775,1.0000008792914983,-6.014371355081055e-07,-3.615981933231598e-10,1.0000007886768272,1.0000008421014561,-3.780238207479409e-10,-2.916337383204357e-10
-2.9612343913386413e-06,1.2876148921444227e-15,4.1652563844697435e-16,-8.683918343154982e-07,-8.683919008916966e-07,1.2708413621464626e-15,-4.3807682595241795e-10,3.3900738915103375e-16,5.253725808267053e-13,4.65047120576656e-13,-8.683918827582229e-07,4.652182031278079e-16,2.0432930854382912e-16,3.0281910870921246e-16,-8.683918912199177e-07,2.5827176795081885e-16,-8.683918721454375e-07,-2.298115516276801e-06,5.17282183734407e-13,2.637733276405564e-16,-4.3807682102257303e-10,4.0697872826553674e-16,2.4113059142308025e-16,-4.3807685060046336e-10,7.521035523604094e-13,-8.683918865257201e-07,-8.683919039597622e-07,5.103371300282647e-13,6.069992527570315e-13,-4.38076834901216e-10,-4.3807685529711423e-10,6.401213810691749e-13,4.884390393224695e-13
-2.7004807446910216e-06,1.7939747784401095e-12,2.9213122496717343e-16,-3.0653485834475164e-10,-6.076386063568289e-07,8.94225669395304e-16,-3.065348621944198e-10,4.727606829750886e-13,1.860333958533861e-16,3.2653150694264445e-13,-3.0653487172078146e-10,3.2733343641504923e-16,1.4335900283482453e-16,2.1244133069086753e-16,-3.0653487424088764e-10,1.813516643920459e-16,-6.076385839573563e-07,5.17282183734407e-13,-2.298115890476121e-06,3.676983605329242e-13,-3.0653486233177377e-10,5.659834015837763e-13,1.6986093276056366e-16,-6.076386127705894e-07,5.286713620851328e-13,-3.0653487277057586e-10,-6.076386115722491e-07,1.8062750094046515e-16,2.1515586831644768e-16,-3.0653486844628e-10,-6.076386145400207e-07,2.26581337325069e-16,1.7331107158414837e-16
-2.7074420551098664e-06,9.160944811138912e-16,2.955507512444963e-16,-3.100466200128376e-10,-3.1004664032173077e-10,1.7946904010524144e-12,-3.1004662323965154e-10,4.785871068839628e-13,1.8817595572463614e-16,3.3045868396683174e-13,-6.145998943167102e-07,3.314760498943979e-16,1.453919354055444e-16,4.2645155520843835e-13,-6.145999002373002e-07,1.8405535062362728e-16,-6.14599885332416e-07,2.637733276405564e-16,3.676983605329242e-13,-2.2981158794833265e-06,-3.10046624229611e-10,2.8895411174653168e-16,3.4041674087135994e-13,-6.145999153949492e-07,5.35126083682848e-13,-3.100466340784669e-10,-3.100466432495581e-10,3.6297768302047373e-13,4.3188734447687953e-13,-6.145998870641477e-07,-3.10046643766416e-10,2.290897741756432e-16,3.476751818017544e-13
0.9999998092719491,-3.018463676313602e-06,-9.607295377495052e-07,1.0000008714612905,1.000000887565296,-1.5112435096089729e-09,1.0000008174597448,-7.971391435383979e-07,-3.1069678852919283e-10,-2.750798203934008e-10,1.0000008557298024,-1.0944529338347668e-06,-2.402046345515998e-10,-7.061527967463166e-07,1.0000008648110437,-6.013006416860145e-07,1.0000008301801993,-4.3807682102257303e-10,-3.0653486233177377e-10,-3.10046624229611e-10,0.9999985766058082,-4.752474977357549e-10,-2.8630646701413277e-10,1.0000009275527009,-8.880941170970644e-07,1.0000008535403926,1.0000009238326866,-3.0340642058573095e-10,-3.6159818253106445e-10,1.0000008332181605,1.0000008866427705,-3.780238178006e-10,-5.781003231079633e-07
-3.034917168106785e-06,2.7987443685751476e-12,9.003779985744859e-13,-9.420746015743832e-07,-4.752475192179713e-10,2.768464481296967e-12,-9.420745996701024e-07,7.379138202001169e-13,5.744183399251305e-13,2.562392365728644e-16,-4.752475073520546e-10,5.108255280428591e-16,4.432160670933251e-13,3.311687297300768e-16,-9.420746394288147e-07,2.824192710418359e-16,-4.752474993265608e-10,4.0697872826553674e-16,5.659834015837763e-13,2.8895411174653168e-16,-4.752474977357549e-10,-2.2981153686630493e-06,2.648404839478939e-16,-9.420746702521116e-07,8.244503720872119e-13,-9.420746323812106e-07,-4.752475266544658e-10,5.590355352256664e-13,3.3572027063704986e-16,-9.420746172024942e-07,-9.420746633181136e-07,3.5296604014024405e-16,5.35869069608915e-13
-2.6603823723496886e-06,1.655856545875603e-12,5.378992941174183e-13,-2.8630646149142765e-10,-2.863064872147299e-10,8.238430505063351e-16,-5.67540203998069e-07,2.198273628257127e-16,3.4167832934841897e-13,1.5250365064937627e-16,-2.863064822042042e-10,5.979899252265149e-13,1.3290264977035837e-16,1.9701490891003557e-16,-2.863064848643778e-10,1.678995832197497e-16,-2.863064793364704e-10,2.4113059142308025e-16,1.6986093276056366e-16,3.4041674087135994e-13,-2.8630646701413277e-10,2.648404839478939e-16,-2.298115944443585e-06,-5.675402287461947e-07,2.4618696442394864e-16,-2.863064836606104e-10,-5.675402280687221e-07,1.6727226645686745e-16,1.9852288284192135e-16,-5.675402159485808e-07,-5.675402413871326e-07,4.1643760828045514e-13,1.6034654796309455e-16
0.9999998621032259,-1.52272164214025e-09,-4.846583610261399e-10,1.0000009242926535,1.0000009403966292,-2.9957111993059513e-06,1.0000008702910643,-7.971391985094332e-07,-6.158887245204244e-07,-2.750798381560989e-10,1.0000009085611279,-1.0944530096926152e-06,-2.4020465013607487e-10,-7.061528430910895e-07,1.0000009176423683,-6.013006805075963e-07,1.0000008830115177,-4.3807685060046336e-10,-6.076386127705894e-07,-6.145999153949492e-07,1.0000009275527009,-9.420746702521116e-07,-5.675402287461947e-07,0.999998682268528,-8.880941765211073e-07,1.0000009063717161,1.0000009766640363,-6.014371599894327e-07,-3.6159820672054693e-10,1.0000008860494771,1.0000009394740963,-7.493498979410345e-07,-2.916337476156857e-10
-2.980936694230253e-06,1.3152275054532976e-15,8.440994875125821e-13,-4.4801599974789415e-10,-4.480160348784888e-10,2.5736730894417556e-12,-8.880941284270309e-07,6.867080641280813e-13,2.713658583456738e-16,4.753101572420258e-13,-4.480160257464661e-10,4.753164389593767e-16,2.0863586758215072e-16,3.091380437197723e-16,-4.4801602973651735e-10,2.6407370683575086e-16,-8.880941439450975e-07,7.521035523604094e-13,5.286713620851328e-13,5.35126083682848e-13,-8.880941170970644e-07,8.244503720872119e-13,2.4618696442394864e-16,-8.880941765211073e-07,-2.2981154849299193e-06,-8.880941584864668e-07,-4.480160356596489e-10,2.632087141830031e-16,3.1292416609839484e-16,-8.880941463956863e-07,-8.880941874375058e-07,3.2981113782835746e-16,2.522181766299576e-16
0.9999997880903174,-3.018463830243432e-06,-9.607295499973708e-07,1.000000850280367,1.0000008663842288,-2.9957111769440354e-06,1.0000007962786337,-4.0213205815271556e-10,-3.1069679812045574e-10,-5.45285823679015e-07,1.0000008345487117,-1.0944529977155748e-06,-2.4020464370752825e-10,-7.06152825219544e-07,1.0000008436299492,-3.033375820639996e-10,1.0000008089990775,-8.683918865257201e-07,-3.0653487277057586e-10,-3.100466340784669e-10,1.0000008535403926,-9.420746323812106e-07,-2.863064836606104e-10,1.0000009063717161,-8.880941584864668e-07,0.9999985342437119,1.0000009026516954,-6.014371456360356e-07,-7.167896433360477e-07,1.0000008120370374,1.0000008654616648,-3.780238278417084e-10,-2.9163374270098026e-10
0.9999998583831851,-1.5227216392796762e-09,-4.846583595894435e-10,1.0000009205726392,1.0000009366766112,-2.9957111960557017e-06,1.0000008665710454,-7.971391974912147e-07,-3.1069680753359306e-10,-2.7507983740050113e-10,1.0000009048411078,-1.0944530083539902e-06,-2.402046500776821e-10,-7.061528418244914e-07,1.00000091392235,-3.0333759052384265e-10,1.0000008792914983,-8.683919039597622e-07,-6.076386115722491e-07,-3.100466432495581e-10,1.0000009238326866,-4.752475266544658e-10,-5.675402280687221e-07,1.0000009766640363,-4.480160356596489e-10,1.0000009026516954,0.9999986748284896,-6.014371589451335e-07,-7.167896566883968e-07,1.0000008823294584,1.000000935754077,-7.493498962760617e-07,-5.781003615870646e-07
-2.6942793034016344e-06,8.926639003791095e-16,2.887641871856096e-16,-3.034064158384074e-10,-3.034064382818839e-10,8.813331990853025e-16,-3.034064226336257e-10,4.6613249629186e-13,3.6419547436024134e-13,1.6261424343293601e-16,-3.034064320654011e-10,3.224807298413513e-16,2.8073756792246106e-13,4.157751108986137e-13,-3.034064347922645e-10,3.548149643071459e-13,-6.014371355081055e-07,5.103371300282647e-13,1.8062750094046515e-16,3.6297768302047373e-13,-3.0340642058573095e-10,5.590355352256664e-13,1.6727226645686745e-16,-6.014371599894327e-07,2.632087141830031e-16,-6.014371456360356e-07,-6.014371589451335e-07,-2.2981158982322127e-06,2.1263907924008983e-16,-6.014371371792232e-07,-3.034064431130687e-10,4.437149878531388e-13,1.7085553909072208e-16
-2.809631959809025e-06,1.0614276476938352e-15,3.436420285383993e-16,-3.6159817659908753e-10,-3.6159820530057886e-10,1.0478795489325545e-15,-7.167896190776035e-07,2.7962868606291036e-16,2.1850350168087419e-16,1.934232227424075e-16,-7.167896400920686e-07,3.835425412057629e-16,3.3399239887919384e-13,2.495631347042411e-16,-3.6159820163598537e-10,4.221478321523256e-13,-3.615981933231598e-10,6.069992527570315e-13,2.1515586831644768e-16,4.3188734447687953e-13,-3.6159818253106445e-10,3.3572027063704986e-16,1.9852288284192135e-16,-3.6159820672054693e-10,3.1292416609839484e-16,-7.167896433360477e-07,-7.167896566883968e-07,2.1263907924008983e-16,-2.298115749216412e-06,-7.167896335853595e-07,-7.167896667018919e-07,5.280539786032997e-13,2.0316420281441354e-16
0.9999997677679988,-3.0184637904730536e-06,-9.60729533666653e-07,1.0000008299581362,1.0000008460619847,-2.9957111409896057e-06,1.0000007759563847,-4.021320532608093e-10,-3.1069679265861473e-10,-2.7507982490338747e-10,1.000000814226464,-1.0944529841021373e-06,-2.402046400605182e-10,-7.061528151623665e-07,1.0000008233077018,-6.013006539072416e-07,1.0000007886768272,-4.38076834901216e-10,-3.0653486844628e-10,-6.145998870641477e-07,1.0000008332181605,-9.420746172024942e-07,-5.675402159485808e-07,1.0000008860494771,-8.880941463956863e-07,1.0000008120370374,1.0000008823294584,-6.014371371792232e-07,-7.167896335853595e-07,0.9999984935992076,1.0000008451394173,-3.7802382206399007e-10,-2.916337391462998e-10
0.9999998211927399,-3.0184639285173063e-06,-4.846583541615788e-10,1.000000883382745,1.0000008994866099,-2.9957112741394585e-06,1.0000008293810114,-7.971392146058315e-07,-6.158887240538333e-07,-2.7507983800111423e-10,1.0000008676510894,-5.521176946466093e-10,-4.7615338367072704e-07,-3.562322657301418e-10,1.000000876732329,-3.0333759214945325e-10,1.0000008421014561,-4.3807685529711423e-10,-6.076386145400207e-07,-3.10046643766416e-10,1.0000008866427705,-9.420746633181136e-07,-5.675402413871326e-07,1.0000009394740963,-8.880941874375058e-07,1.0000008654616648,1.000000935754077,-3.034064431130687e-10,-7.167896667018919e-07,1.0000008451394173,0.9999986004484775,-3.7802384036971225e-10,-5.781003719210067e-07
-2.842192181810876e-06,2.220723224777285e-12,3.608691678499244e-16,-3.780238132211319e-10,-7.493498868971023e-07,1.1077364923745729e-15,-7.493498450137313e-07,2.9512107449834354e-16,2.298974046945944e-16,2.0367491197397953e-16,-7.493498689823991e-07,4.049035646811338e-16,3.5184897562234494e-13,5.212677159888289e-13,-7.493498761572107e-07,4.4459974092043166e-13,-3.780238207479409e-10,6.401213810691749e-13,2.26581337325069e-16,2.290897741756432e-16,-3.780238178006e-10,3.5296604014024405e-16,4.1643760828045514e-13,-7.493498979410345e-07,3.2981113782835746e-16,-3.780238278417084e-10,-7.493498962760617e-07,4.437149878531388e-13,5.280539786032997e-13,-3.7802382206399007e-10,-3.7802384036971225e-10,-2.298115698720366e-06,2.1428669363623243e-16
-2.6709425014959103e-06,8.539058465152011e-16,2.7697348122739855e-16,-2.916337229761814e-10,-2.916337476369047e-10,1.6703272858979005e-12,-5.781003336451198e-07,2.250745451055207e-16,1.7603956510700252e-16,3.088401113332653e-13,-2.9163374165302917e-10,6.115328855923694e-13,1.3580284022666026e-16,2.0073460126191096e-16,-5.781003558644761e-07,1.7129974115887909e-16,-2.916337383204357e-10,4.884390393224695e-13,1.7331107158414837e-16,3.476751818017544e-13,-5.781003231079633e-07,5.35869069608915e-13,1.6034654796309455e-16,-2.916337476156857e-10,2.522181766299576e-16,-2.9163374270098026e-10,-5.781003615870646e-07,1.7085553909072208e-16,2.0316420281441354e-16,-2.916337391462998e-10,-5.781003719210067e-07,2.1428669363623243e-16,-2.2981159276225213e-06
