0.9999999977297731,-2.747722567993657e-06,-2.6101168919913332e-06,-3.2059154487050476e-06,-3.543670696417336e-06,1.0000013440098758,1.0000016095173894,1.0000014243253552,1.0000013654428548,-3.0167390660010663e-06,-3.196326002988334e-06,1.000001331436642,-3.1898466201453746e-06,-2.6650422476120355e-06,-2.8710929162796853e-06,1.0000017351343948,-2.979137082403005e-06,1.0000013610281553,-2.7317835556063824e-06,-3.524934184324996e-06,-2.843967256269504e-06,-2.6628955273539483e-06,1.0000014191799906,1.000001337319721,1.0000014332301084,-2.98748542422356e-06,-2.674276788027382e-06,1.000001464909905,1.0000012978081512,-6.213188385242269e-06,1.0000013360776419,-2.961259369271018e-06,1.0000013304255506
-2.747722567993657e-06,-2.6303775247240675e-06,2.63101975392208e-13,6.123350878319459e-13,4.080116680252175e-16,-2.951051687506109e-10,-2.951052398861959e-10,-2.951051906739364e-10,-5.849817041359194e-07,5.002282223818064e-13,3.0489232716755033e-16,-2.9510516507128823e-10,3.0391889059631477e-16,1.4901243144766264e-16,4.1441162259314037e-13,-5.849819044393349e-07,2.4125813692998927e-16,-5.849817015390076e-07,3.334155121068768e-13,4.02239950441162e-16,3.997724582794456e-13,1.4825074638454825e-16,-2.9510518970556067e-10,-5.849816899810687e-07,-2.951051935476937e-10,2.4355804215017753e-16,3.0030311719598054e-13,-2.951052024691075e-10,-5.849816674328805e-07,2.3699625187604e-12,-5.849816888535862e-07,2.3641743314521414e-16,-2.951051649315097e-10
-2.6101168919913332e-06,2.63101975392208e-13,-2.630377665746986e-06,2.3663499233705407e-16,6.211310709129601e-13,-2.2568740616190387e-10,-4.4737622686419854e-07,-2.2568742515467283e-10,-4.473761134170849e-07,3.84176617653993e-13,2.347171168635112e-16,-2.256874035446641e-10,2.330394742231316e-16,1.139241680400413e-16,3.18799936122355e-13,-4.473762842866335e-07,1.8498664005734184e-16,-2.256874102706064e-10,2.559576132139751e-13,6.12823437900248e-13,1.5449485194114334e-16,1.1321728271913734e-16,-4.47376137867151e-07,-2.2568740532787691e-10,-2.2568742724795547e-10,3.710365448033646e-13,1.159825004535067e-16,-2.2568743433059434e-10,-2.2568739569614866e-10,9.196127138626656e-16,-2.2568740454892892e-10,1.8095637297422122e-16,-2.256874033309318e-10
-3.2059154487050476e-06,6.123350878319459e-13,2.3663499233705407e-16,-2.630376776949654e-06,7.291772670322208e-16,-5.262492460001105e-10,-1.0431747252683366e-06,-1.0431745390511082e-06,-1.0431744787042744e-06,8.937418436296793e-13,1.0809295096106866e-12,-1.0431744442879369e-06,1.075626518188125e-12,2.655889275050534e-16,3.7360341979417946e-16,-5.26249446925012e-10,8.550234879344288e-13,-1.0431744740769267e-06,3.0045196004395846e-16,1.4255131041075106e-12,3.59979108045409e-16,5.23882961335291e-13,-5.262492845683925e-10,-1.0431744508615268e-06,-5.26249291617449e-10,8.630759599510858e-13,2.704818739143165e-16,-1.0431745814858973e-06,-1.043174409920165e-06,2.137649890178439e-15,-1.0431744492871384e-06,8.361795476664036e-13,-5.262492387906166e-10
-3.543670696417336e-06,4.080116680252175e-16,6.211310709129601e-13,7.291772670322208e-16,-2.6303759587718034e-06,-1.3809295288517972e-06,-1.3809298588041192e-06,-6.966362816657522e-10,-1.3809295541334406e-06,5.957062485549579e-16,1.4260721539356888e-12,-1.380929511436404e-06,7.177557300717061e-16,6.971863872566827e-13,9.77989601396542e-13,-6.96636480056612e-10,1.1309853441175555e-12,-1.3809295480025115e-06,3.966350988154385e-16,9.50020445794414e-16,9.436432061215736e-13,6.931232504877229e-13,-1.380929625915783e-06,-1.380929521102518e-06,-6.966362879946306e-10,5.748889567108173e-16,3.5759077725126867e-16,-6.966363101314776e-10,-1.3809294679821676e-06,5.593033333590294e-12,-1.3809295183765755e-06,5.573607512753618e-16,-1.380929510824061e-06
1.0000013440098758,-2.951051687506109e-10,-2.2568740616190387e-10,-5.262492460001105e-10,-1.3809295288517972e-06,1.000000610070647,1.0000035059546695,1.00000332076319,1.0000032618807921,-8.539980836253926e-07,-1.033584901327798e-06,1.000003227874666,-5.181430159396713e-10,-5.023014403514093e-07,-7.083519659671401e-07,1.0000036315714889,-4.118466066783632e-10,1.0000032574660913,-5.690426867499319e-07,-1.362193006637169e-06,-6.812263695760951e-07,-2.5231257632346507e-10,1.0000033156178645,1.0000032337577671,1.0000033296679383,-8.247444514321701e-07,-5.115359618534748e-07,1.00000336134772,1.0000031942462366,-4.050446100666431e-06,1.0000032325156716,-7.985184386754131e-07,1.0000032268635857
1.0000016095173894,-2.951052398861959e-10,-4.4737622686419854e-07,-1.0431747252683366e-06,-1.3809298588041192e-06,1.0000035059546695,1.0000011410840968,1.000003586269919,1.0000035273875405,-4.308157166935839e-10,-5.21411721610921e-10,1.0000034933814352,-1.027105883267204e-06,-2.5339560928937814e-10,-3.5734173308783564e-10,1.0000038970780385,-4.118467120048258e-10,1.0000035229728372,-2.8706450126168404e-10,-6.871843941831703e-10,-3.436577188005534e-10,-5.001548311514762e-07,1.000003581124607,1.0000034992645501,1.0000035951746675,-8.24744643917692e-07,-2.5805413643528964e-10,1.0000036268544574,1.0000034597530203,-2.0433252148574926e-09,1.0000034980224455,-7.985186392136341e-07,1.0000034923703598
1.0000014243253552,-2.951051906739364e-10,-2.2568742515467283e-10,-1.0431745390511082e-06,-6.966362816657522e-10,1.00000332076319,1.000003586269919,1.0000007707012502,1.0000033421960806,-4.308156471262573e-10,-1.0335849718511783e-06,1.000003308189959,-1.0271057027665324e-06,-2.5339556093070324e-10,-3.573416794559737e-10,1.000003711886733,-4.118466392191117e-10,1.0000033377813797,-2.870644539697698e-10,-6.871842835631387e-10,-3.436576586092077e-10,-5.001547412547291e-07,1.0000033959331522,1.0000033140730642,1.000003409983224,-8.24744511217639e-07,-5.115360020224736e-07,1.0000034416630077,1.000003274561533,-4.050446384631486e-06,1.0000033128309656,-7.985185000380721e-07,1.0000033071788814
1.0000013654428548,-5.849817041359194e-07,-4.473761134170849e-07,-1.0431744787042744e-06,-1.3809295541334406e-06,1.0000032618807921,1.0000035273875405,1.0000033421960806,1.0000006529364476,-4.3081562336053285e-10,-5.214116167061293e-10,1.0000032493075621,-1.027105643838456e-06,-2.533955456295477e-10,-7.083519775826723e-07,1.000003653004353,-4.118466148817071e-10,1.0000032788989852,-2.870644381495726e-10,-1.3621930307183131e-06,-3.4365763833510123e-10,-2.523125814365683e-10,1.000003337050756,1.0000032551906648,1.0000033511008284,-4.1605807052760097e-10,-2.580540751269372e-10,1.0000033827806118,1.0000032156791354,-4.050446167664378e-06,1.000003253948568,-4.028278600878404e-10,1.0000032482964838
-3.0167390660010663e-06,5.002282223818064e-13,3.84176617653993e-13,8.937418436296793e-13,5.957062485549579e-16,-8.539980836253926e-07,-4.308157166935839e-10,-4.308156471262573e-10,-4.3081562336053285e-10,-2.6303771377406742e-06,4.446675934974815e-16,-8.539980728577106e-07,8.795895877673352e-13,4.311995470893501e-13,3.052509738494257e-16,-4.308157686434174e-10,6.993041982145587e-13,-8.539980950714742e-07,2.452929418843953e-16,1.1638381753367923e-12,2.9429115439108446e-16,4.2858952597657014e-13,-8.539981430101934e-07,-8.539980789697606e-07,-4.308156512137201e-10,3.553308876484232e-16,2.213481662546473e-16,-8.53998180441595e-07,-8.539980462689899e-07,1.743664247442737e-15,-8.539980771945695e-07,6.836754033149041e-13,-4.308156102081668e-10
-3.196326002988334e-06,3.0489232716755033e-16,2.347171168635112e-16,1.0809295096106866e-12,1.4260721539356888e-12,-1.033584901327798e-06,-5.21411721610921e-10,-1.0335849718511783e-06,-5.214116167061293e-10,4.446675934974815e-16,-2.630376802498508e-06,-1.033584888309349e-06,5.363762504020211e-16,5.22128210451318e-13,3.678530726153474e-16,-5.214117813065378e-10,4.266089284796103e-16,-5.214116144703389e-10,5.875412408529876e-13,7.08979921230666e-16,7.055313386607614e-13,2.614804610866107e-16,-1.0335849695405537e-06,-1.0335848964727695e-06,-5.214116488683537e-10,8.508021179179471e-13,2.6745027902790415e-16,-1.0335850135532312e-06,-1.0335848577510427e-06,2.104349950264079e-15,-1.0335848938143232e-06,8.265374475031937e-13,-1.0335848883374937e-06
1.000001331436642,-2.9510516507128823e-10,-2.256874035446641e-10,-1.0431744442879369e-06,-1.380929511436404e-06,1.000003227874666,1.0000034933814352,1.000003308189959,1.0000032493075621,-8.539980728577106e-07,-1.033584888309349e-06,1.0000005849241813,-1.027105610391984e-06,-2.533955367773739e-10,-3.573416496727396e-10,1.0000036189982517,-4.1184660205381386e-10,1.0000032448928595,-2.870644292613512e-10,-1.3621929894632185e-06,-3.4365762708069756e-10,-2.5231257305396856e-10,1.0000033030446311,1.0000032211845369,1.0000033170947065,-4.160580579511155e-10,-2.580540666803907e-10,1.0000033487744884,1.000003181673008,-4.050446049627412e-06,1.0000032199424418,-7.985184285982867e-07,1.0000032142903563
-3.1898466201453746e-06,3.0391889059631477e-16,2.330394742231316e-16,1.075626518188125e-12,7.177557300717061e-16,-5.181430159396713e-10,-1.027105883267204e-06,-1.0271057027665324e-06,-1.027105643838456e-06,8.795895877673352e-13,5.363762504020211e-16,-1.027105610391984e-06,-2.630376810432302e-06,5.183641467111955e-13,7.291151365184475e-13,-5.181432112290796e-10,8.417177685240959e-13,-1.0271056392815687e-06,5.861851302558668e-13,7.076380514239921e-16,7.023240039993657e-13,5.157542316850909e-13,-5.181430537526577e-10,-5.181430127189205e-10,-1.0271057118699924e-06,4.2831951672951045e-16,5.274810306738695e-13,-5.181430772028319e-10,-1.0271055768671455e-06,4.169468728988355e-12,-1.0271056153636889e-06,8.231231319242668e-13,-1.0271056096384585e-06
-2.6650422476120355e-06,1.4901243144766264e-16,1.139241680400413e-16,2.655889275050534e-16,6.971863872566827e-13,-5.023014403514093e-07,-2.5339560928937814e-10,-2.5339556093070324e-10,-2.533955456295477e-10,4.311995470893501e-13,5.22128210451318e-13,-2.533955367773739e-10,5.183641467111955e-13,-2.6303776154988436e-06,3.577739397211821e-13,-5.023016418318001e-07,4.120011431123118e-13,-5.023014493262113e-07,2.872960290889718e-13,6.87822259254496e-13,3.4379414665112427e-13,1.2736893525003847e-16,-2.5339555906458693e-10,-2.53395538543405e-10,-5.023014862077035e-07,4.164444148301162e-13,2.5813082892760405e-13,-2.533955711054266e-10,-2.5339552803253097e-10,2.0457490780449133e-12,-2.5339553796599897e-10,4.0301854719994486e-13,-5.023014334260647e-07
-2.8710929162796853e-06,4.1441162259314037e-13,3.18799936122355e-13,3.7360341979417946e-16,9.77989601396542e-13,-7.083519659671401e-07,-3.5734173308783564e-10,-3.573416794559737e-10,-7.083519775826723e-07,3.052509738494257e-16,3.678530726153474e-16,-3.573416496727396e-10,7.291151365184475e-13,3.577739397211821e-13,-2.6303773682903276e-06,-3.57341774953841e-10,5.797250060422363e-13,-7.083519744352553e-07,2.0313587574740734e-16,4.860954071488331e-16,2.4495101422169763e-16,3.5535774191741106e-13,-7.083520135664446e-07,-7.083519624586018e-07,-3.573416817966913e-10,5.835523608355174e-13,3.634221610740674e-13,-7.083520440297393e-07,-3.5734163888544303e-10,1.4430029110893694e-15,-3.573416514387782e-10,5.666656525418065e-13,-7.083519569680023e-07
1.0000017351343948,-5.849819044393349e-07,-4.473762842866335e-07,-5.26249446925012e-10,-6.96636480056612e-10,1.0000036315714889,1.0000038970780385,1.000003711886733,1.000003653004353,-4.308157686434174e-10,-5.214117813065378e-10,1.0000036189982517,-5.181432112290796e-10,-5.023016418318001e-07,-3.57341774953841e-10,1.000001392317716,-8.163964635501777e-07,1.0000036485896509,-5.690428902578221e-07,-1.3621934861949888e-06,-3.4365776115494067e-10,-5.001548932982389e-07,1.0000037067414242,1.0000036248813704,1.000003720791482,-4.160582102488893e-10,-2.5805416855685104e-10,1.0000037524712773,1.0000035853698384,-2.043325452771967e-09,1.0000036236392653,-7.985187371106766e-07,1.0000036179871803
-2.979137082403005e-06,2.4125813692998927e-16,1.8498664005734184e-16,8.550234879344288e-13,1.1309853441175555e-12,-4.118466066783632e-10,-4.118467120048258e-10,-4.118466392191117e-10,-4.118466148817071e-10,6.993041982145587e-13,4.266089284796103e-16,-4.1184660205381386e-10,8.417177685240959e-13,4.120011431123118e-13,5.797250060422363e-13,-8.163964635501777e-07,-2.6303772013539544e-06,-8.163961673951559e-07,2.3494700270701574e-16,5.624803057911083e-16,2.820343239536854e-16,4.099719654887697e-13,-8.163962143942294e-07,-8.163961494458682e-07,-8.163962253076769e-07,3.407384606977434e-16,4.192947069712849e-13,-8.163962512607115e-07,-8.163961174665314e-07,3.315146299005063e-12,-8.163961481770285e-07,3.3019209712119907e-16,-4.1184660137844053e-10
1.0000013610281553,-5.849817015390076e-07,-2.256874102706064e-10,-1.0431744740769267e-06,-1.3809295480025115e-06,1.0000032574660913,1.0000035229728372,1.0000033377813797,1.0000032788989852,-8.539980950714742e-07,-5.214116144703389e-10,1.0000032448928595,-1.0271056392815687e-06,-5.023014493262113e-07,-7.083519744352553e-07,1.0000036485896509,-8.163961673951559e-07,1.0000006441070401,-2.8706443679203706e-10,-6.87184243196781e-10,-6.812263802243635e-07,-2.523125800348214e-10,1.0000033326360536,1.0000032507759644,1.0000033466861258,-8.247444623389706e-07,-5.115359700781896e-07,1.0000033783659092,1.0000032112644344,-4.050446149667992e-06,1.000003249533867,-4.0282785836202525e-10,1.0000032438817805
-2.7317835556063824e-06,3.334155121068768e-13,2.559576132139751e-13,3.0045196004395846e-16,3.966350988154385e-16,-5.690426867499319e-07,-2.8706450126168404e-10,-2.870644539697698e-10,-2.870644381495726e-10,2.452929418843953e-16,5.875412408529876e-13,-2.870644292613512e-10,5.861851302558668e-13,2.872960290889718e-13,2.0313587574740734e-16,-5.690428902578221e-07,2.3494700270701574e-16,-2.8706443679203706e-10,-2.6303775469936708e-06,3.910905011950758e-16,3.888306365903313e-13,1.440051023353946e-16,-2.87064452971529e-10,-5.690426835769768e-07,-5.690427336428664e-07,2.3689529383146993e-16,1.468607623057088e-16,-2.870644657436963e-10,-5.690426617099504e-07,2.304387372962063e-12,-5.690426824404287e-07,2.300609255969821e-16,-2.8706442924879585e-10
-3.524934184324996e-06,4.02239950441162e-16,6.12823437900248e-13,1.4255131041075106e-12,9.50020445794414e-16,-1.362193006637169e-06,-6.871843941831703e-10,-6.871842835631387e-10,-1.3621930307183131e-06,1.1638381753367923e-12,7.08979921230666e-16,-1.3621929894632185e-06,7.076380514239921e-16,6.87822259254496e-13,4.860954071488331e-16,-1.3621934861949888e-06,5.624803057911083e-16,-6.87184243196781e-10,3.910905011950758e-16,-2.6303760120871924e-06,4.693540993820552e-16,3.448150272317834e-16,-6.871842813637809e-10,-1.3621929992887184e-06,-1.3621931173367682e-06,1.123753355873907e-12,3.528037597925804e-16,-1.3621931605735817e-06,-1.3621929472136448e-06,2.780801708035411e-15,-1.362192996406359e-06,1.0904255958360852e-12,-1.3621929890113832e-06
-2.843967256269504e-06,3.997724582794456e-13,1.5449485194114334e-16,3.59979108045409e-16,9.436432061215736e-13,-6.812263695760951e-07,-3.436577188005534e-10,-3.436576586092077e-10,-3.4365763833510123e-10,2.9429115439108446e-16,7.055313386607614e-13,-3.4365762708069756e-10,7.023240039993657e-13,3.4379414665112427e-13,2.4495101422169763e-16,-3.4365776115494067e-10,2.820343239536854e-16,-6.812263802243635e-07,3.888306365903313e-13,4.693540993820552e-16,-2.6303773999175337e-06,3.420839894247515e-13,-6.812264193992337e-07,-6.812263653399248e-07,-3.4365766134135887e-10,5.634321765067153e-13,3.4986253783939657e-13,-6.812264501223549e-07,-6.812263386815159e-07,2.7658696309901484e-12,-3.4365762896307303e-10,5.459683168426529e-13,-6.812263604628866e-07
-2.6628955273539483e-06,1.4825074638454825e-16,1.1321728271913734e-16,5.23882961335291e-13,6.931232504877229e-13,-2.5231257632346507e-10,-5.001548311514762e-07,-5.001547412547291e-07,-2.523125814365683e-10,4.2858952597657014e-13,2.614804610866107e-16,-2.5231257305396856e-10,5.157542316850909e-13,1.2736893525003847e-16,3.5535774191741106e-13,-5.001548932982389e-07,4.099719654887697e-13,-2.523125800348214e-10,1.440051023353946e-16,3.448150272317834e-16,3.420839894247515e-13,-2.6303776164813984e-06,-2.5231259490577054e-10,-2.52312574652936e-10,-5.001547457032252e-07,2.0887699669222446e-16,2.569027363371025e-13,-2.523126064157507e-10,-2.5231256486371675e-10,1.0251714037203944e-15,-5.001546980060957e-07,4.009460369159904e-13,-2.52312572933948e-10
1.0000014191799906,-2.9510518970556067e-10,-4.47376137867151e-07,-5.262492845683925e-10,-1.380929625915783e-06,1.0000033156178645,1.000003581124607,1.0000033959331522,1.000003337050756,-8.539981430101934e-07,-1.0335849695405537e-06,1.0000033030446311,-5.181430537526577e-10,-2.5339555906458693e-10,-7.083520135664446e-07,1.0000037067414242,-8.163962143942294e-07,1.0000033326360536,-2.87064452971529e-10,-6.871842813637809e-10,-6.812264193992337e-07,-2.5231259490577054e-10,1.0000007604105976,1.0000033089277371,1.0000034048379003,-4.1605809199703535e-10,-2.580540890594553e-10,1.0000034365176853,1.000003269416206,-4.050446373783726e-06,1.000003307685639,-4.0282788130290967e-10,1.0000033020335546
1.000001337319721,-5.849816899810687e-07,-2.2568740532787691e-10,-1.0431744508615268e-06,-1.380929521102518e-06,1.0000032337577671,1.0000034992645501,1.0000033140730642,1.0000032551906648,-8.539980789697606e-07,-1.0335848964727695e-06,1.0000032211845369,-5.181430127189205e-10,-2.53395538543405e-10,-7.083519624586018e-07,1.0000036248813704,-8.163961494458682e-07,1.0000032507759644,-5.690426835769768e-07,-1.3621929992887184e-06,-6.812263653399248e-07,-2.52312574652936e-10,1.0000033089277371,1.0000005966903855,1.000003322977811,-8.247444469866806e-07,-2.580540682551646e-10,1.0000033546575942,1.0000031875561082,-4.0504460804045595e-06,1.000003225825543,-7.985184338052733e-07,1.0000032201734579
1.0000014332301084,-2.951051935476937e-10,-2.2568742724795547e-10,-5.26249291617449e-10,-6.966362879946306e-10,1.0000033296679383,1.0000035951746675,1.000003409983224,1.0000033511008284,-4.308156512137201e-10,-5.214116488683537e-10,1.0000033170947065,-1.0271057118699924e-06,-5.023014862077035e-07,-3.573416817966913e-10,1.000003720791482,-8.163962253076769e-07,1.0000033466861258,-5.690427336428664e-07,-1.3621931173367682e-06,-3.4365766134135887e-10,-5.001547457032252e-07,1.0000034048379003,1.000003322977811,1.0000007885107463,-8.247445184325306e-07,-5.115360065710967e-07,1.0000034505677562,1.000003283466281,-4.050446419834865e-06,1.000003321735713,-4.028278866898783e-10,1.0000033160836295
-2.98748542422356e-06,2.4355804215017753e-16,3.710365448033646e-13,8.630759599510858e-13,5.748889567108173e-16,-8.247444514321701e-07,-8.24744643917692e-07,-8.24744511217639e-07,-4.1605807052760097e-10,3.553308876484232e-16,8.508021179179471e-13,-4.160580579511155e-10,4.2831951672951045e-16,4.164444148301162e-13,5.835523608355174e-13,-4.160582102488893e-10,3.407384606977434e-16,-8.247444623389706e-07,2.3689529383146993e-16,1.123753355873907e-12,5.634321765067153e-13,2.0887699669222446e-16,-4.1605809199703535e-10,-8.247444469866806e-07,-8.247445184325306e-07,-2.630377188693185e-06,2.1358588790862523e-16,-8.247445446101296e-07,-4.1605804487163975e-10,1.6836292355698554e-15,-4.160580600521575e-10,3.33519462326614e-16,-8.247444407625456e-07
-2.674276788027382e-06,3.0030311719598054e-13,1.159825004535067e-16,2.704818739143165e-16,3.5759077725126867e-16,-5.115359618534748e-07,-2.5805413643528964e-10,-5.115360020224736e-07,-2.580540751269372e-10,2.213481662546473e-16,2.6745027902790415e-16,-2.580540666803907e-10,5.274810306738695e-13,2.5813082892760405e-13,3.634221610740674e-13,-2.5805416855685104e-10,4.192947069712849e-13,-5.115359700781896e-07,1.468607623057088e-16,3.528037597925804e-16,3.4986253783939657e-13,2.569027363371025e-13,-2.580540890594553e-10,-2.580540682551646e-10,-5.115360065710967e-07,2.1358588790862523e-16,-2.6303776032002996e-06,-5.115360228361683e-07,-2.5805405813121753e-10,2.078193871992776e-12,-2.5805406797496496e-10,2.0692922610600982e-16,-2.580540660389658e-10
1.000001464909905,-2.951052024691075e-10,-2.2568743433059434e-10,-1.0431745814858973e-06,-6.966363101314776e-10,1.00000336134772,1.0000036268544574,1.0000034416630077,1.0000033827806118,-8.53998180441595e-07,-1.0335850135532312e-06,1.0000033487744884,-5.181430772028319e-10,-2.533955711054266e-10,-7.083520440297393e-07,1.0000037524712773,-8.163962512607115e-07,1.0000033783659092,-2.870644657436963e-10,-1.3621931605735817e-06,-6.812264501223549e-07,-2.523126064157507e-10,1.0000034365176853,1.0000033546575942,1.0000034505677562,-8.247445446101296e-07,-5.115360228361683e-07,1.0000008518703212,1.0000033151460608,-4.050446548308155e-06,1.0000033534154955,-4.028278999501882e-10,1.0000033477634098
1.0000012978081512,-5.849816674328805e-07,-2.2568739569614866e-10,-1.043174409920165e-06,-1.3809294679821676e-06,1.0000031942462366,1.0000034597530203,1.000003274561533,1.0000032156791354,-8.539980462689899e-07,-1.0335848577510427e-06,1.000003181673008,-1.0271055768671455e-06,-2.5339552803253097e-10,-3.5734163888544303e-10,1.0000035853698384,-8.163961174665314e-07,1.0000032112644344,-5.690426617099504e-07,-1.3621929472136448e-06,-6.812263386815159e-07,-2.5231256486371675e-10,1.000003269416206,1.0000031875561082,1.000003283466281,-4.1605804487163975e-10,-2.5805405813121753e-10,1.0000033151460608,1.0000005176673166,-4.050445927303268e-06,1.0000031863140142,-7.985184026615981e-07,1.0000031806619278
-6.213188385242269e-06,2.3699625187604e-12,9.196127138626656e-16,2.137649890178439e-15,5.593033333590294e-12,-4.050446100666431e-06,-2.0433252148574926e-09,-4.050446384631486e-06,-4.050446167664378e-06,1.743664247442737e-15,2.104349950264079e-15,-4.050446049627412e-06,4.169468728988355e-12,2.0457490780449133e-12,1.4430029110893694e-15,-2.043325452771967e-09,3.315146299005063e-12,-4.050446149667992e-06,2.304387372962063e-12,2.780801708035411e-15,2.7658696309901484e-12,1.0251714037203944e-15,-4.050446373783726e-06,-4.0504460804045595e-06,-4.050446419834865e-06,1.6836292355698554e-15,2.078193871992776e-12,-4.050446548308155e-06,-4.050445927303268e-06,-2.630361502728229e-06,-4.050446070794711e-06,1.6347462683136413e-15,-4.050446049101661e-06
1.0000013360776419,-5.849816888535862e-07,-2.2568740454892892e-10,-1.0431744492871384e-06,-1.3809295183765755e-06,1.0000032325156716,1.0000034980224455,1.0000033128309656,1.000003253948568,-8.539980771945695e-07,-1.0335848938143232e-06,1.0000032199424418,-1.0271056153636889e-06,-2.5339553796599897e-10,-3.573416514387782e-10,1.0000036236392653,-8.163961481770285e-07,1.000003249533867,-5.690426824404287e-07,-1.362192996406359e-06,-3.4365762896307303e-10,-5.001546980060957e-07,1.000003307685639,1.000003225825543,1.000003321735713,-4.160580600521575e-10,-2.5805406797496496e-10,1.0000033534154955,1.0000031863140142,-4.050446070794711e-06,1.000000594206195,-4.028278493951937e-10,1.0000032189313617
-2.961259369271018e-06,2.3641743314521414e-16,1.8095637297422122e-16,8.361795476664036e-13,5.573607512753618e-16,-7.985184386754131e-07,-7.985186392136341e-07,-7.985185000380721e-07,-4.028278600878404e-10,6.836754033149041e-13,8.265374475031937e-13,-7.985184285982867e-07,8.231231319242668e-13,4.0301854719994486e-13,5.666656525418065e-13,-7.985187371106766e-07,3.3019209712119907e-16,-4.0282785836202525e-10,2.300609255969821e-16,1.0904255958360852e-12,5.459683168426529e-13,4.009460369159904e-13,-4.0282788130290967e-10,-7.985184338052733e-07,-4.028278866898783e-10,3.33519462326614e-16,2.0692922610600982e-16,-4.028278999501882e-10,-7.985184026615981e-07,1.6347462683136413e-15,-4.028278493951937e-10,-2.6303772260382e-06,-7.985184280438836e-07
1.0000013304255506,-2.951051649315097e-10,-2.256874033309318e-10,-5.262492387906166e-10,-1.380929510824061e-06,1.0000032268635857,1.0000034923703598,1.0000033071788814,1.0000032482964838,-4.308156102081668e-10,-1.0335848883374937e-06,1.0000032142903563,-1.0271056096384585e-06,-5.023014334260647e-07,-7.083519569680023e-07,1.0000036179871803,-4.1184660137844053e-10,1.0000032438817805,-2.8706442924879585e-10,-1.3621929890113832e-06,-6.812263604628866e-07,-2.52312572933948e-10,1.0000033020335546,1.0000032201734579,1.0000033160836295,-8.247444407625456e-07,-2.580540660389658e-10,1.0000033477634098,1.0000031806619278,-4.050446049101661e-06,1.0000032189313617,-7.985184280438836e-07,1.000000582902019
