0.9999999999998955,1.2416278892959617e-10,-3.8191703722615115e-11,8.085603645243144e-12,4.339982973722391e-11,-6.760656598391925e-11,-5.4989493108213694e-11,9.203707104238368e-11,2.5873667349963203e-11,-4.391418104560752e-11,-8.826531878506681e-11,1.417311171699817e-10,-3.061658285442752e-10,-3.0838263191247924e-11,3.514653048207325e-10,2.9225849104320827e-11,3.0805981176230857e-11,6.807479298168254e-11,1.2966569310448963e-11,-1.177733966882774e-12,-1.1989247748122934e-10,-9.931760108645503e-11,0.999999999867742,4.401541328950995e-12,1.9566025734166262e-11,-4.076765440870137e-11,-4.320690335500466e-12,-1.5827947414003448e-10,0.9999999998720093,1.0000000000338973,-2.293058928074223e-11,0.999999999824295,6.412032776536092e-11,4.4972130041097954e-11,0.999999999722913,8.67928107736142e-11,3.732480344499851e-11,4.1680127424372425e-11,-2.2582659365455446e-11,4.5310960124464634e-11,3.171130419923619e-11,-4.022965317729467e-10,6.006883204916966e-11,8.177856095103969e-12,1.1548057366128148e-10,2.8504170833687495e-11,2.9730216169300964e-10,-8.00731875819126e-12,1.0345882633676816e-10,0.9999999998514004,0.9999999998550296,0.9999999998106212,-1.2607798378205186e-10,-1.5375410137450534e-09,-1.0059642934742114e-10,9.74351430913085e-11,1.2502677517588097e-10,-2.6924487519818565e-12,-4.470452536963763e-11,1.5412890656166863e-10,1.3870246215770543e-10,1.0177885385362162e-10,1.5197080952025991e-10,0.9999999997608731,4.6236984989979726e-11,7.929760219011533e-11,2.7687355463438176e-11,1.4641805895286614e-11,-9.332827965354791e-12,2.9440337713849545e-11,7.70899101823809e-12,8.031687956750987e-11,1.085595758756077e-10,2.3543600099662446e-10,1.4321270728364268e-11,1.0000000000169353,2.178957252293418e-11,0.9999999998011901,-5.856669099503342e-11,7.189160288919047e-11,-2.7996882541815376e-11,7.319489347400141e-11,5.385089979919178e-10,-1.3833013218429695e-10,0.9999999999646644,5.6828234263512143e-11,4.949273539354436e-11,-9.516289414742725e-12,2.7417550789037103e-11,-3.865026874830545e-11,0.9999999997985682,-3.887483798925605e-11,1.0703690354984846e-10,-1.3210865833574228e-10,0.9999999998783449,1.7391797077882216e-11,0.9999999998259528,3.4966867808226783e-10,3.819139887163952e-11,1.9372704959247412e-10,3.923126131189793e-11,1.0000000000344778,8.829978579844179e-11,1.5350917373961543e-10,-1.7180438595275108e-10,4.377678708217844e-11,5.8127573556798275e-11,1.0438605569881503e-10,2.1596674421881384e-11,3.4666205411660166e-11,-1.133527803371216e-10,0.9999999998538026,7.183339597623273e-11,-7.585760486147916e-11,-6.186194180648946e-11,0.9999999998178611,0.9999999998986577,4.1234769003042043e-11,1.0000000000225642,-1.2139420350204376e-10,4.9504578630615806e-11,1.0698158211839424e-12,-5.37530717254118e-11,6.41349006646212e-11,2.6335896135725358e-11,4.8427995879832436e-11,5.569366228268566e-11,-4.108886582683351e-11,-1.3156678211364793e-10
1.2416278892959617e-10,6.639427694976657e-12,6.240430526031437e-15,3.504442967132763e-18,2.6951580531869276e-18,2.2593795983272e-18,5.555810104829979e-15,2.4565982554142665e-18,2.517737596034248e-18,7.861434534893315e-15,5.5132164698760486e-15,6.7653256893838135e-15,3.329256768410181e-18,5.5527349835053576e-15,7.628805875042289e-15,4.592780665622039e-15,1.8317954182099203e-18,4.348398650303382e-18,5.412115232745665e-15,3.114826144866538e-18,3.1522730063262745e-18,7.560728757882015e-15,1.0657323826708836e-10,3.748922579953494e-15,1.640835897550824e-18,2.76060163765204e-18,4.3706975567108116e-15,2.835085256898312e-18,5.339079952863904e-14,1.065757070219826e-10,2.5583972981876812e-18,1.0657782880919172e-10,4.020226561947322e-15,6.049918291533392e-15,1.0657933585087459e-10,2.8055095842791475e-18,5.100338896792615e-15,2.5198862943670316e-18,6.200370869093115e-15,5.919523556412102e-15,4.270823929021585e-15,6.772806172102328e-15,3.0822558907937953e-18,2.8036241558237775e-18,2.5442940707990616e-18,3.872327510605905e-15,6.848825979484776e-15,2.0718807849826422e-18,2.855936035841126e-18,1.065736521818661e-10,5.3393168702964054e-14,1.0657381456574445e-10,2.3933831655771968e-18,1.3409493859809605e-14,2.6815595946730736e-18,2.790235294292516e-18,4.598148714154909e-15,3.642910379442043e-15,6.177370798243099e-15,3.4594859000375925e-18,3.1472621002212465e-18,4.9797587990700266e-15,2.9712652207511844e-18,1.0658251620409902e-10,6.879428252595078e-15,2.472822923508924e-18,2.3750682256826495e-18,2.8542773966340623e-18,2.14925924261532e-18,3.469461310538082e-18,2.6953484021292785e-18,2.7019463798570082e-18,6.01049042079714e-15,3.95629434924255e-18,4.164871615337811e-15,5.3391168193413615e-14,4.975020193462948e-15,1.0657917292622122e-10,2.8856956422625554e-18,2.3754687350837127e-18,2.732857564240978e-18,4.006610174661314e-15,8.106884908348416e-15,2.9549279643634853e-18,1.0657726648888122e-10,4.6652851146165456e-15,4.151832250798505e-15,2.438152026587379e-18,2.4315247560472636e-18,4.56956647838319e-18,1.0657696869525712e-10,5.557729896324229e-15,5.624100346600123e-15,8.916910039701635e-15,1.0657872070701149e-10,5.408500128055444e-15,1.0657642111009384e-10,7.689347217754123e-15,1.971525945958514e-18,2.8800819559679992e-18,3.0759940748818818e-18,5.339180208240852e-14,7.796757947687426e-15,4.9120909426699955e-15,4.1341942604614666e-18,2.524674824349682e-18,6.070696773488888e-15,6.901547671110525e-15,5.4653099195407746e-15,2.6491832792976306e-18,3.49487834813266e-18,5.339287066578621e-14,4.9021239517027335e-15,3.0952747891628375e-18,5.542855154811637e-15,1.0657862517274113e-10,5.33912487553363e-14,5.409919014368108e-15,5.3389356212690496e-14,3.0460462893461813e-18,2.084881148599499e-18,2.7583675790795113e-18,2.979971706086078e-18,4.799222525807228e-15,3.90181126558187e-15,3.619662927910132e-18,4.738533524138196e-15,5.630997016476195e-15,2.7355936854992163e-18
-3.8191703722615115e-11,6.240430526031437e-15,6.637796746382844e-12,3.0242479462647254e-18,4.3811498071038974e-15,4.29330631670464e-15,4.527675752720006e-15,4.025761935879973e-15,1.9824314616303286e-18,6.377502621919696e-15,2.3490884473186172e-18,2.8282052466278017e-18,5.473198618849017e-15,4.595958446871319e-15,2.586214757005753e-18,1.7341625839705535e-18,1.4011368671295385e-18,7.763482162708626e-15,4.548775161132639e-15,5.2390310069955176e-15,2.499341373651344e-18,3.359612531020765e-18,-5.587785482976595e-11,3.052644647512488e-15,3.024112708458215e-15,4.669446992270221e-15,2.0028082579642716e-18,5.1262315753069475e-15,-2.7993175561422302e-14,-2.799243080949256e-14,2.3959136273141776e-18,-5.587425881204429e-11,3.2919182555042414e-15,4.993365576500887e-15,-5.5873185399950906e-11,2.963218275853453e-18,4.400115813262229e-15,2.3183723295428157e-18,2.364479384345586e-18,4.7580671604070745e-15,3.814172112836775e-15,2.7789292951405245e-18,4.481820101806059e-15,2.359391877768926e-18,4.283418292982873e-15,3.3272590354153666e-15,5.863283877109141e-15,3.5936147062076565e-15,4.792950233941457e-15,-2.799342250458903e-14,-5.5874015944394795e-11,-5.587726908652179e-11,4.1024031483320246e-15,1.065647974606348e-14,2.158188225599076e-18,2.1994095899106412e-18,3.917138355676284e-15,3.274091805112034e-15,2.5699557718922967e-18,6.6597645758214195e-15,4.937794133886136e-15,4.116293560197476e-15,5.133902818335217e-15,-5.587050811868589e-11,5.7844078977817595e-15,1.7967434416168976e-18,3.968686326025252e-15,4.171990863773384e-15,4.0348226671484365e-15,2.9011828913506157e-18,4.6471705897636786e-15,4.674798891636724e-15,5.175238693145074e-15,6.50370166760267e-15,3.620405293660758e-15,-2.7992726564275977e-14,4.295375913890166e-15,-2.799139922044499e-14,4.7408213322179055e-15,1.940190519819924e-18,4.598410418822079e-15,3.339520768290378e-15,2.8929386899202335e-18,4.4722828373861974e-15,-2.7992271258832578e-14,3.580918842876021e-15,3.4853132612914923e-15,2.5541846119182143e-18,1.9701898308438265e-18,7.494670562297849e-15,-5.5875021272956846e-11,2.5437596154320268e-18,4.792861004106209e-15,3.765621320597803e-18,-5.587352567267677e-11,4.720213005608485e-15,-5.5875442306369686e-11,6.558495291911728e-15,1.5123357429158657e-18,2.4985441792987483e-18,4.587750401955994e-15,-2.799211028883206e-14,3.3366161172383464e-18,2.118096918522898e-18,2.5030662492854974e-18,2.3612175630849637e-18,2.322481539593806e-18,5.45955328357766e-15,4.75960995891801e-15,4.0420841610443805e-15,5.287163992715556e-15,-5.587423168184387e-11,4.1935710837679766e-15,3.076459058662094e-18,2.4794366630509636e-18,-5.5873752448366056e-11,-2.7992978586848442e-14,2.2418113397118007e-18,-2.799432099083412e-14,2.452379994118535e-18,3.594979947086381e-15,4.3801380886777655e-15,5.0366073520194706e-15,3.869575647620815e-15,3.3496067292433173e-15,6.15257935074491e-15,3.902344207163754e-15,2.5451805674185575e-18,2.3663079178584872e-18
8.085603645243144e-12,3.504442967132763e-18,3.0242479462647254e-18,6.6381322407532155e-12,5.069848322296477e-15,4.770699845852801e-15,2.3288279006010254e-18,4.511337854375089e-15,2.3174992529411737e-18,3.4747998073618234e-18,5.15495263396957e-15,3.124970954888825e-18,6.007079848571721e-15,5.063295067524744e-15,3.501164483479614e-18,4.204187417228595e-15,1.5260436074177916e-18,4.574241962825746e-18,4.9818984777568174e-15,2.9685243753341603e-18,3.017138456606991e-18,6.996999811427549e-15,-4.793381906186327e-15,3.284265918831194e-15,1.1941570276921863e-18,5.049958349476216e-15,4.0991332541474956e-15,2.964176371532996e-18,-9.567396507866864e-12,-9.565724982336173e-12,4.517709267588155e-15,-9.564492832305848e-12,3.545134463775764e-15,5.504119771914476e-15,-4.791214085999405e-15,5.2309876424316715e-15,4.82724081387023e-15,2.3614440740538765e-18,5.633335843262648e-15,3.104229530406519e-18,4.2338617009771835e-15,6.047888631786791e-15,2.162795345979588e-18,5.012490193725376e-15,2.3207622840417627e-18,1.9788438360922533e-18,6.57966399513716e-15,3.940810521807914e-15,5.268013733491856e-15,-9.56829829997678e-12,-9.564273760774692e-12,-9.567632819926606e-12,2.494625351506561e-18,1.1445828092770055e-14,5.10884132936377e-15,4.783517137618688e-15,2.18967560411234e-18,3.646619314491247e-15,5.526880769437599e-15,3.826076937988521e-18,2.781839301253005e-18,4.4737924535254376e-15,2.989273258091101e-18,-4.790094485833709e-15,6.389061873414455e-15,4.1751449597225175e-15,4.466886569525854e-15,4.536440161615074e-15,2.31224048585636e-18,6.255176361908845e-15,2.570502147871578e-18,5.049098728369642e-15,5.896180143217162e-15,7.083405823653512e-15,4.100902229573581e-15,-9.566362260172919e-12,2.6049828274922226e-18,-9.563321642663608e-12,2.756170125181976e-18,4.281964324708113e-15,2.376666177940686e-18,3.696428541434651e-15,3.4379976221440977e-18,4.9377631585843664e-15,-4.792133655408304e-15,3.766353172814458e-15,1.8487040449695043e-18,4.593730437652632e-15,4.210015123024108e-15,8.249893257027872e-15,-4.792116028462738e-15,5.333682714304546e-15,5.235088307945806e-15,8.267550530483034e-15,-9.563638368848963e-12,2.6494434407567755e-18,-4.7917062789765885e-15,3.824537309680105e-18,3.497276794264057e-15,5.5874470268934116e-15,2.443496071201933e-18,-4.791892917146706e-15,3.383232253906128e-18,4.723810237387273e-15,2.9788714152013416e-18,4.421111140947856e-15,2.7583136316513865e-18,5.944854094541388e-15,5.162520369216869e-15,1.9167776552258735e-18,5.878043112676311e-15,-9.564487159676024e-12,4.557476042384604e-15,2.61623943390459e-18,5.105842571300768e-15,-4.791613822912569e-15,-9.566938545967988e-12,2.2984265279656728e-18,-9.569579112431953e-12,5.432155315156699e-15,3.912442462358512e-15,2.8666991886367526e-18,5.432630000160887e-15,1.9933112176618304e-18,3.68805475705057e-15,3.391549962647502e-18,4.198318132540473e-15,5.336039338563859e-15,2.7365710903521295e-18
4.339982973722391e-11,2.6951580531869276e-18,4.3811498071038974e-15,5.069848322296477e-15,6.635968840523826e-12,3.4515035122334068e-15,1.7266357046126692e-18,3.2958328282306564e-15,1.785669629582188e-18,2.3652553417687714e-18,1.864305629732241e-18,2.3286542198805316e-18,1.9761505153441934e-18,2.1478450875096046e-18,4.999480631948827e-15,1.513775382611537e-18,1.7403020913050344e-15,6.40087649924183e-15,3.603455035384997e-15,2.2199009486971054e-18,4.303934411869321e-15,5.065670247281324e-15,1.2853844938044604e-14,2.2613411238571926e-15,2.246418560085848e-15,2.2751184035091342e-18,2.9488834116542323e-15,1.904870047072368e-18,2.5658826514522548e-11,1.2854777748370308e-14,1.5408282243230082e-18,2.5660874472430606e-11,1.2135100769264434e-18,1.7565746750123113e-18,1.2855563606101087e-14,3.7149796079267666e-15,3.5086683886342335e-15,1.515946304005076e-18,3.995717135660822e-15,3.683389808544575e-15,3.1809331164154827e-15,4.2515774945417515e-15,3.3469363891202053e-15,1.7245349342825922e-18,1.7043229804885014e-18,2.7044261534746057e-15,2.457116471769208e-18,2.820044764552396e-15,3.815899233401016e-15,2.565810287776128e-11,2.566098528369568e-11,2.5658807386115943e-11,3.3283328241812196e-15,3.556621355916988e-18,3.788567907495343e-15,3.203400415003278e-15,3.1768444059207487e-15,1.4439657136065997e-18,3.8832744172206384e-15,2.953401277639445e-18,3.6843813799572886e-15,1.6553728434670381e-18,4.4702123818586755e-15,2.5663627017789035e-11,4.611754936336792e-15,1.6953457149845983e-18,3.3734802265585344e-15,1.3846868342648426e-18,3.6699587815046934e-15,4.444173779377361e-15,3.5814590996243174e-15,3.537744939378419e-15,4.423436641773358e-15,5.023572409070921e-15,1.85506234255598e-18,1.2854846281343533e-14,3.4352387292389764e-15,2.5661813234499042e-11,3.9888727221747696e-15,3.022426659449448e-15,3.529400767214209e-15,2.664439406348272e-15,4.927938837287323e-15,3.5337396469347514e-15,1.2855215764705614e-14,1.118174110555263e-18,2.5852102378388805e-15,1.6883366669925208e-18,1.6962555170920785e-18,5.865531711087593e-15,2.5660361385227773e-11,3.961059801131331e-15,3.787612448844756e-15,2.4044012280941168e-18,1.2855429515174286e-14,3.960560723330214e-15,1.2854243651376358e-14,2.788247642950807e-18,2.421293897071126e-15,2.028856565727416e-18,1.8411105173716235e-18,2.566087005307408e-11,4.716587560863531e-15,1.6551720726330325e-18,4.187515962426719e-15,1.6252017372279138e-18,1.969201704327533e-18,4.0610307644010766e-15,1.9458119620341103e-18,1.4913316376966127e-18,4.302269641800933e-15,1.2855236174028961e-14,3.310790368066352e-15,2.010559827709204e-18,2.2605776503291412e-18,1.2855247479370874e-14,1.2854380922719945e-14,3.5282515623981736e-15,1.2853349071319693e-14,2.0614825668998015e-18,1.4046038697985294e-18,3.572867769484682e-15,1.7693206739858086e-18,1.5306612077926618e-18,2.7415998894545084e-15,2.3945717850754016e-18,2.938457778839502e-15,3.905382509746734e-15,1.894869386810732e-18
-6.760656598391925e-11,2.2593795983272e-18,4.29330631670464e-15,4.770699845852801e-15,3.4515035122334068e-15,6.635820303973002e-12,1.8283011739797093e-18,3.2289726702294067e-15,1.7351183502800145e-18,2.6215625211149774e-18,1.8756296363869655e-18,2.5140441400269106e-18,4.443949584962538e-15,1.6755908016371018e-18,2.71670349953616e-18,1.5590221559273751e-18,2.238411006536678e-15,6.2016508649687855e-15,1.735060885155068e-18,4.1330741115653706e-15,1.9197382527105963e-18,5.049347655870603e-15,-8.534480767151945e-11,2.49393786335242e-15,2.4278703756358993e-15,1.6990339462073086e-18,2.9966077823992242e-15,4.123084447134954e-15,-4.275562331916481e-14,-4.2754854571548297e-14,3.4588182253225853e-15,-8.534191480682043e-11,1.2798464135285363e-18,4.029426323986735e-15,-8.534101895138265e-11,1.803081213254935e-18,1.3500347921831187e-18,1.5295289952163274e-18,4.180393091070373e-15,3.881091482617883e-15,2.9829475025521864e-15,2.374250135611574e-18,1.940624778256651e-18,3.66356676942724e-15,3.389255175519431e-15,2.653853177812572e-15,2.2652502669642313e-18,2.893588783105354e-15,3.83033523667987e-15,-4.2755745838957436e-14,-4.275433049023999e-14,-4.275586418533425e-14,3.292926324863548e-15,8.759303182561145e-15,1.6971398152610295e-18,3.643989714683632e-15,3.134152399005566e-15,2.55367926600807e-15,4.140065316192404e-15,2.5981142000221858e-18,4.064554716140823e-15,3.3261065895957e-15,4.04797360009286e-15,-4.275265285031398e-14,2.3089780056023004e-18,1.5144159097595751e-18,3.1352268672067942e-15,1.6227038571594833e-18,1.588001388656218e-18,2.133196113157028e-18,1.790676414711542e-18,3.779322035312669e-15,4.133253990516514e-15,2.623721043458635e-18,2.8754937656597924e-15,-8.53435806099175e-11,3.4054045287620702e-15,-4.2754282825721744e-14,3.7825459236680295e-15,1.6037751303020966e-18,3.7179484678537555e-15,2.710907826924316e-15,5.415359456037077e-15,1.889562095413705e-18,-8.534232186884057e-11,1.6150428588896564e-18,1.0960420336986598e-18,2.0737778295712907e-18,1.4988134094197717e-18,6.075696455073884e-15,-8.534248863702764e-11,3.8213743998059166e-15,2.0570741570084192e-18,3.017226983918531e-18,-8.534133699059878e-11,3.732844880542005e-15,-8.534283673978943e-11,2.5115565570898143e-18,8.559390620217454e-19,3.911053992636097e-15,1.9246384218329607e-18,-4.275442670054523e-14,5.145265141022905e-15,1.2041840955862364e-18,4.477691661899442e-15,1.7692696270513283e-18,2.0088165523696614e-18,4.494712181855072e-15,1.986382184346432e-18,1.837572025990293e-18,4.236378600705395e-15,-4.275445087469134e-14,1.9270696080544345e-18,4.642578245080038e-15,1.6585014171667728e-18,-8.534149109102268e-11,-4.275524372060317e-14,3.629033389203225e-15,-4.27561423889667e-14,2.0336939449740257e-18,1.3528537130178574e-18,1.7453711703114505e-18,2.7408471526937814e-18,1.714096114117726e-18,2.671704555907743e-15,2.534705140034369e-18,3.1697310939226694e-15,3.870306090042082e-15,3.7749710979237525e-15
-5.4989493108213694e-11,5.555810104829979e-15,4.527675752720006e-15,2.3288279006010254e-18,1.7266357046126692e-18,1.8283011739797093e-18,6.6360669378441724e-12,3.4614141693981816e-15,3.690022791537968e-15,3.128756098045684e-18,4.003168708109679e-15,2.443040434837869e-18,2.4641423994845224e-18,2.422676876428753e-18,5.528881577509485e-15,3.3482712801461866e-15,1.314930690808832e-18,3.2187449858696146e-18,2.295906849112048e-18,4.264770013257047e-15,4.169886259622384e-15,5.441211948980698e-15,-7.269431892476366e-11,2.8023146431878527e-15,1.523372541600459e-18,4.076104144680384e-15,1.3718631084749357e-18,4.494617343797843e-15,-7.269346612968891e-11,-3.6417462670862864e-14,2.0698179299808e-18,-7.269104299203532e-11,2.9767100280605478e-15,4.419051732818101e-15,-7.268989903899754e-11,1.8644025433843317e-18,3.719100968634825e-15,2.127857907884758e-18,2.2867248961675227e-18,2.2198595332442527e-18,1.6803051902229076e-18,4.952133920767805e-15,4.123710545961596e-15,1.924140527380757e-18,3.6605396074205426e-15,1.3849721787232595e-18,4.911760709435448e-15,3.1516206402434397e-15,4.168858960807591e-15,-3.641781767517554e-14,-3.6416463618360634e-14,-3.6417889786321044e-14,1.905711342900175e-18,4.9819223221714975e-18,3.867100932183326e-15,2.014160581862648e-18,1.692219475329518e-18,1.303025121468951e-18,2.3121617360087203e-18,2.50132738764325e-18,4.588292583871602e-15,1.860462299025319e-18,2.1353546533803363e-18,-7.268765559697901e-11,4.988769636932577e-15,1.5844524327846917e-18,3.2444423147549616e-15,3.712467464987905e-15,3.1529584232858863e-15,5.0183029957052525e-15,1.7557251708785252e-18,1.9273317617598816e-18,2.2013078489519244e-18,2.609294086281309e-18,9.76309378260188e-19,-3.6417734002575715e-14,1.6355938080356738e-18,-3.6416282919831365e-14,2.007806971941649e-18,1.78079469477115e-18,4.082693548163179e-15,2.915777357112711e-15,6.019100318112057e-15,3.957480534594001e-15,-7.269145451625041e-11,1.7845459900271306e-18,1.329320838298423e-18,3.946190273978188e-15,3.4930069496307694e-15,3.304776400247587e-18,-3.6417333455737773e-14,4.021451704957755e-15,2.0947784057058262e-18,6.534829923812171e-15,-3.641644545201829e-14,1.6192824779187483e-18,-7.269199007927123e-11,2.7721051414534626e-18,1.4426650537769678e-18,4.055889063729102e-15,4.048641611967606e-15,-3.6417261925448295e-14,2.947507369819033e-18,3.5622169125506306e-15,5.000217801060379e-15,1.9594310761611766e-18,4.401703177140972e-15,2.6298984215057774e-18,1.9353607918211524e-18,2.0923497491963876e-18,4.4852844739740124e-15,-3.6416738937267046e-14,1.4864333592497481e-18,2.5868096264194255e-18,2.0963532939492756e-18,-7.269045678014331e-11,-7.269299240544108e-11,3.945051389675859e-15,-7.269534802928397e-11,2.4779357763466084e-18,1.7344724896974377e-18,1.836384061567562e-18,2.2777131425592524e-18,3.603235794469084e-15,2.8071247845354923e-15,5.799545467051103e-15,1.7753866984143198e-18,2.075942143680111e-18,1.9289479580169916e-18
9.203707104238368e-11,2.4565982554142665e-18,4.025761935879973e-15,4.511337854375089e-15,3.2958328282306564e-15,3.2289726702294067e-15,3.4614141693981816e-15,6.634466971190133e-12,3.2191446727213643e-15,2.209805372716532e-18,3.5297860283053324e-15,1.868223796857976e-18,2.2436589893581087e-18,3.5082119306839904e-15,4.8516397810404674e-15,1.4006307589513687e-18,2.0853765707311256e-15,2.943353710975233e-18,1.5458855768741612e-18,1.973407429436558e-18,2.406554750649909e-18,1.6985134551477207e-18,3.722384462038548e-14,2.3227991690253517e-15,2.292132588395974e-15,3.5262609287914036e-15,2.788193763869252e-15,2.0454389411220723e-18,3.722422088723164e-14,7.430507794304611e-11,3.2093771876779708e-15,3.722542337609456e-14,2.4981188196489694e-15,2.0881270384265595e-18,7.430708213385025e-11,1.741232211020793e-18,3.276096298310745e-15,1.7258068164988023e-18,3.8936362259632455e-15,1.8696166282799098e-18,2.816859885715063e-15,2.0025866939106857e-18,1.79805626316495e-18,1.5610835035967197e-18,1.7932043161230773e-18,2.498085399418695e-15,4.448616065718077e-15,1.5095731619318863e-18,1.4673417772695511e-18,3.7223932763475926e-14,3.722563815082301e-14,3.722440268473997e-14,1.5980769637253281e-18,8.248847507233412e-15,1.9259138822100553e-18,3.4084404314834105e-15,2.9549887878281943e-15,1.2020985319928748e-18,2.5907943713435357e-18,5.022230877365451e-15,1.818630105860268e-18,1.6598448373953643e-18,2.07371391899002e-18,7.43091230607646e-11,2.4815240496707537e-18,2.880257396211595e-15,2.96773295186954e-15,3.1655342655089553e-15,1.1777286075645506e-18,4.336859857853988e-15,1.3821162921377738e-18,3.5323823322171452e-15,3.9118699262217896e-15,2.813194760707406e-18,1.376292132588747e-18,3.722455685301652e-14,1.6113271317164256e-18,3.7226036997090274e-14,1.9124965668225898e-18,1.4916789944202762e-18,3.4902886198352042e-15,2.528423005097065e-15,2.5188561254523164e-18,3.4377202021820336e-15,3.7225196199418814e-14,2.776443497887125e-15,2.597017215252649e-15,1.8054660415705867e-18,2.9622823394846613e-15,5.7351904511079724e-15,7.430566470321561e-11,3.606059960151115e-15,1.714691542602183e-18,5.701485017620453e-15,3.722576752078305e-14,1.6794921366416945e-18,3.722493796605838e-14,4.9959444091782535e-15,2.4468981039124806e-15,1.9546592446938773e-18,1.5875424698698274e-18,7.430580107284373e-11,2.644319237118746e-18,3.2228831811151273e-15,2.1448488849770665e-18,1.8208912443602236e-18,3.8691291635883476e-15,2.245025630943596e-18,3.5427441207467295e-15,1.5899290226163438e-18,2.2670968055767142e-18,7.43062163916361e-11,1.6015086053518389e-18,2.0324502333298177e-18,1.814702358417359e-18,7.430666968682787e-11,7.430447413186378e-11,1.9349324560106923e-18,7.430249035976232e-11,3.846451333187284e-15,1.6628084685595806e-18,3.2596846267812445e-15,3.867889766191767e-15,2.9270728044023834e-15,2.523034875240379e-15,2.3780799245761228e-18,2.956774763589631e-15,1.8479692125119243e-18,3.523327901527218e-15
2.5873667349963203e-11,2.517737596034248e-18,1.9824314616303286e-18,2.3174992529411737e-18,1.785669629582188e-18,1.7351183502800145e-18,3.690022791537968e-15,3.2191446727213643e-15,6.635561071411957e-12,5.203577671017016e-15,1.8571307253078316e-18,4.55222697333977e-15,4.443106324455041e-15,3.710577688948248e-15,2.4419144404128483e-18,1.5378792301860004e-18,2.2676364584004557e-15,2.8704250149874138e-18,1.7906087797788662e-18,1.7950545315667903e-18,3.946244204240503e-15,5.0600883632324625e-15,4.077560102444871e-15,2.5039166229255728e-15,2.4506469446287047e-15,3.751213291381001e-15,3.010567289550434e-15,4.146078768659707e-15,8.140306211153032e-12,4.0784477399391286e-15,1.1969274399489266e-18,8.142492005780414e-12,1.3909091870821074e-18,4.022218389475138e-15,4.079522059690833e-15,3.8476101072135455e-15,1.739044349190095e-18,1.89943325344941e-18,4.139846323168016e-15,3.921235236893424e-15,1.4390063147100573e-18,4.461174294493911e-15,3.666191963531043e-15,3.701941663030501e-15,3.4701286783673503e-15,2.630683363920727e-15,4.6751626610654264e-15,1.4597369790177543e-18,1.877334088450825e-18,4.077697395078145e-15,8.142735117768131e-12,8.139940065191572e-12,1.616997204629783e-18,4.4003621804882614e-18,3.624971677621657e-15,3.673356602778033e-15,1.6073024045198891e-18,1.2873568192195528e-18,2.0470078679055607e-18,2.49071263006786e-18,1.3888586129781284e-18,1.6849689789469468e-18,4.031291194457363e-15,8.145568823590757e-12,4.6344716621306725e-15,1.5499440598354928e-18,3.116561230350011e-15,3.3970352297100634e-15,3.137362677086176e-15,2.647559275309889e-18,1.9236580616781053e-18,2.034573275164679e-18,2.323555431077116e-18,5.300353822368096e-15,1.3649693737263018e-18,8.140744136174557e-12,1.737286613511536e-18,8.143371180594674e-12,3.740048842047087e-15,3.223344888504327e-15,3.726686434887934e-15,2.694817720493484e-15,5.369593167159218e-15,3.637831389844669e-15,4.07880832085197e-15,3.0089906437439357e-15,2.8485916207140383e-15,1.8627495403709943e-18,1.6859340387528576e-18,3.1063642315291247e-18,8.14190366840989e-12,1.7400966425206115e-18,2.035198249631325e-18,2.971965768507121e-18,4.079224683970021e-15,3.749554276733681e-15,4.078290900484605e-15,5.234062189248869e-15,2.5912602706266113e-15,3.871548890936632e-15,3.723477561759993e-15,4.0786179292088904e-15,2.5111058519174893e-18,1.7205701596167868e-18,2.3411843146059135e-18,3.4557914526862317e-15,4.075445768786247e-15,2.288729970644932e-18,1.7954120505873715e-18,3.3629850436735836e-15,4.2405264454726485e-15,4.078747551253938e-15,3.38726682081981e-15,2.2027495591182573e-18,3.796230293056403e-15,8.14296329794786e-12,4.078025006669253e-15,1.6905294737716653e-18,4.076154720364657e-15,4.0863586531826694e-15,2.9332783139529285e-15,3.4889140320413194e-15,4.1659588133400566e-15,1.7159129112953966e-18,1.2842074953654692e-18,5.12515206620164e-15,1.4556753790085676e-18,3.896404911559713e-15,3.8054388837767e-15
-4.391418104560752e-11,7.861434534893315e-15,6.377502621919696e-15,3.4747998073618234e-18,2.3652553417687714e-18,2.6215625211149774e-18,3.128756098045684e-18,2.209805372716532e-18,5.203577671017016e-15,6.638569987021741e-12,5.642995150022062e-15,3.5160448829623774e-18,3.461390184388212e-18,5.697221920486442e-15,7.837814365804197e-15,4.711169037579573e-15,1.888131088427074e-18,9.196475826312004e-15,5.558782088903646e-15,3.106213735507675e-18,5.791575046694106e-15,3.9722661334369604e-18,-3.0811526091708595e-14,2.0166135703476204e-18,1.8584830076851014e-18,5.728747148917562e-15,2.257725624668637e-18,2.882899366344451e-18,-3.081197836530852e-14,-6.150180450164853e-11,5.4709045675681514e-15,-3.0809759159859295e-14,2.1203127447329827e-18,3.1405808609574812e-18,-6.149765704952476e-11,5.828746555277778e-15,5.2351270700593074e-15,2.7894157110360984e-18,3.556027797604011e-18,3.644178941136427e-18,2.3403984268548615e-18,6.9924772840597686e-15,5.864518001264961e-15,5.62201222788299e-15,5.155095434490316e-15,3.962777456937298e-15,3.7627586610395504e-18,2.161015376647876e-18,2.932415365199595e-18,-3.0811340010757395e-14,-6.149884454864704e-11,-6.150348196164228e-11,4.9714009993749154e-15,1.4263282646496878e-14,2.6490819229290333e-18,2.9245463825888677e-18,4.710062064416994e-15,3.6543635896115915e-15,6.463493635842647e-15,4.046916430989235e-18,3.3480030011606735e-18,5.175682810877635e-15,2.939859117826799e-18,-6.149441908673641e-11,7.052315855655022e-15,2.3406771208624592e-18,2.165964379985603e-18,2.6177739602419e-18,4.359799218210234e-15,3.3525922741137843e-18,2.9023836006675474e-18,2.948435954546786e-18,5.991090026769111e-15,8.103665752314606e-15,2.029567453468975e-18,-6.15024866149709e-11,2.6650317243363048e-18,-3.0809269875914776e-14,2.5608364495004773e-18,4.876736632513542e-15,5.785546735874471e-15,4.085937824869352e-15,8.497875345665368e-15,5.571569780606313e-15,-6.149988698196763e-11,5.041900026803648e-15,4.367758028061094e-15,5.53865481834803e-15,4.910618534563406e-15,4.667513552836891e-18,-3.081008292664927e-14,2.7681611404120232e-18,2.873554151887399e-18,4.675142443819342e-18,-6.149843402775514e-11,2.9938220642425956e-18,-6.150066343788588e-11,7.700495062575163e-15,4.119823241796596e-15,5.7161445970694454e-15,5.760029354138685e-15,-3.081027634039975e-14,3.946028447833163e-18,2.6380280306869734e-18,7.085388168662034e-15,2.7830846066670392e-18,6.215861171145226e-15,3.17055774398413e-18,2.588518517726573e-18,2.6706912886147382e-18,6.2907008224811546e-15,-6.149926756160322e-11,2.499032317745225e-18,7.467516633880638e-15,5.713474050596541e-15,-6.149843118165152e-11,-6.150209073177343e-11,2.8212543975837113e-18,-6.150549989157937e-11,3.1337011312433527e-18,2.241511045788106e-18,2.207062171731243e-18,6.6193313675328075e-15,2.6829368670813242e-18,1.8810055871440015e-18,4.127328633990909e-18,4.941038530338592e-15,3.0031156508262026e-18,5.860162766993575e-15
-8.826531878506681e-11,5.5132164698760486e-15,2.3490884473186172e-18,5.15495263396957e-15,1.864305629732241e-18,1.8756296363869655e-18,4.003168708109679e-15,3.5297860283053324e-15,1.8571307253078316e-18,5.642995150022062e-15,6.6356723479478815e-12,4.961355680158288e-15,4.870184002778233e-15,4.045752934910718e-15,2.8778576663812884e-18,3.3423596621565763e-15,1.4555343240620974e-18,3.2949892922647595e-18,3.980774350020748e-15,4.518791806488471e-15,2.1393264187015147e-18,2.6873584586640174e-18,-1.0596630230396398e-10,2.704844356202967e-15,1.1690791702466067e-18,2.0839776021843074e-18,1.5339728083056296e-18,4.474236655250353e-15,-1.0596548618194944e-10,-5.3085866010768144e-14,3.722481103356802e-15,-1.0596306588346978e-10,2.8852918238772408e-15,4.3943817899658414e-15,-5.3084615983490967e-14,2.0247141190399597e-18,2.0032303127586133e-18,1.735194056637596e-18,4.502401150433077e-15,4.228254179517506e-15,3.2530324795711274e-15,2.306432635018254e-18,3.9723431463537354e-15,2.0318851644388803e-18,1.95257229082704e-18,1.4603174396859238e-18,5.084069205221215e-15,1.522045027283122e-18,4.20048788222915e-15,-1.0596615444791352e-10,-1.0596282265600591e-10,-1.0596578773438641e-10,3.596038450312891e-15,4.721634648387155e-18,3.983092567912642e-15,1.9535656362670486e-18,1.6909551673189791e-18,2.799033797939793e-15,4.506096556173565e-15,5.730903358795446e-15,4.3910586181208105e-15,1.7849816335137875e-18,2.495116869305182e-18,-1.0595972462142296e-10,5.053474725643243e-15,3.304754279974466e-15,1.7061667357064866e-18,1.760003163648865e-18,3.4468594153537906e-15,4.974214225635317e-15,2.1104000530358262e-18,4.093198801738515e-15,2.3339892509989594e-18,5.6821700473996516e-15,3.115287100826975e-15,-5.3086094303479177e-14,3.719468939309065e-15,-5.3084467783399845e-14,1.75110693760128e-18,3.4404762767851115e-15,4.0303126874262026e-15,1.2186006158470492e-18,2.7961434473349565e-18,2.068090512155146e-18,-5.3085457618243956e-14,1.5166188863146053e-18,1.1744664507072446e-18,3.8158552018146354e-15,3.4271965198758317e-15,3.4177132499533586e-18,-1.0596371315241974e-10,4.1450765244402556e-15,4.1565321350970584e-15,3.2658711180709344e-18,-5.308488981090443e-14,2.17276204149874e-18,-1.0596407276449449e-10,5.67776859190501e-15,1.5375655050070996e-18,2.3138319376729667e-18,4.008597419992387e-15,-5.3085328847726475e-14,5.593488258971814e-15,1.3558634984339633e-18,2.4456272066181577e-18,3.693065231668219e-15,2.3782753645444115e-18,2.4336333937216846e-18,2.1202606558822427e-18,3.57867271674853e-15,4.575824847591212e-15,-1.059630403972145e-10,3.6438772039859186e-15,2.461931730422287e-18,2.063651285621129e-18,-5.3084975945643514e-14,-5.3085999980372735e-14,3.9458826571479314e-15,-5.308744754285509e-14,4.40754663970824e-15,3.149205525052744e-15,3.778104331199499e-15,2.3511840702428647e-18,1.3144181574505238e-18,1.3977015699974467e-18,2.8996327157008118e-18,1.6263153434753306e-18,1.9057246755011175e-18,4.127695963663183e-15
1.417311171699817e-10,6.7653256893838135e-15,2.8282052466278017e-18,3.124970954888825e-18,2.3286542198805316e-18,2.5140441400269106e-18,2.443040434837869e-18,1.868223796857976e-18,4.55222697333977e-15,3.5160448829623774e-18,4.961355680158288e-15,6.6379747627253326e-12,3.0821061089789028e-18,4.9445429412676765e-15,6.804238861027371e-15,2.0959253083797385e-18,2.9332314875196772e-15,4.829347582655681e-18,1.8947266392110953e-18,5.5215073371668894e-15,5.3595173120019874e-15,3.338039868566583e-18,1.240885476040983e-10,1.65156095977228e-18,3.211606823548476e-15,2.4269342076042672e-18,2.0666127789006336e-18,5.437573656504859e-15,6.216520773370532e-14,1.2409092607165352e-10,4.5255240761803744e-15,6.216697872462592e-14,1.6762224440944655e-18,2.5100354309794896e-18,1.240936962218711e-10,5.0302929245949414e-15,2.2175408393323743e-18,4.444965803847243e-15,5.510353795688376e-15,5.19369201234961e-15,2.0022712139384728e-18,2.825649155548926e-18,2.227750819287935e-18,4.869539181826222e-15,2.3234700467403707e-18,3.51889720699338e-15,6.252085745043072e-15,1.93271882086508e-18,5.131405113011023e-15,1.2408877536410294e-10,6.216730813127222e-14,6.216543131870923e-14,4.3937251304826604e-15,1.156596189662174e-14,4.882289893078778e-15,2.3411046494437157e-18,2.09224702850813e-18,1.5589522634250226e-18,5.4539849654151225e-15,3.617552643224236e-18,2.7017155625182473e-18,2.056075263943651e-18,5.445577594785576e-15,6.216934044853825e-14,3.297432445451553e-18,2.050078469611109e-18,4.178717628220154e-15,2.3476555199709953e-18,4.257182061896426e-15,2.6617450529102324e-18,4.9470359967151106e-15,2.5311456574585003e-18,5.533276834961421e-15,3.4261944108389102e-18,3.838496290827698e-15,1.2409032385067212e-10,1.911226515725809e-18,1.240936825081845e-10,5.025937492732287e-15,4.1503333284605245e-15,4.927288780491274e-15,3.580754735415527e-15,7.106445801938526e-15,2.2151521020094205e-18,1.2409197017097567e-10,3.911296039236776e-15,3.657208933346074e-15,2.185990354255721e-18,2.172525311142049e-18,4.14133044551932e-18,6.216592773074599e-14,2.4472745474501685e-18,2.5946007933926712e-18,7.990167293736257e-15,1.24093300194535e-10,2.4008958021167958e-18,1.2409123005584243e-10,7.023052431228425e-15,1.8053425244450507e-18,5.266156879097804e-15,2.5067568671186033e-18,1.2409189134110395e-10,3.385145263751843e-18,2.3868944017370755e-18,5.957571737433654e-15,4.449235542755641e-15,5.444157164234535e-15,2.8957007055225935e-18,4.9545730004904315e-15,2.001142171132259e-18,2.6650302130309896e-18,1.2409250597062676e-10,2.192571735720088e-18,6.1342892018249436e-15,1.6043799449074256e-18,1.240930958516563e-10,6.216549454015254e-14,4.821170350620202e-15,6.216457850022374e-14,5.380052670667985e-15,2.251837105272034e-18,2.309281075610411e-18,5.450903567427025e-15,2.0141270189938245e-18,1.774993044123268e-18,3.546771442980459e-18,4.166343088902855e-15,5.1035426202821105e-15,4.9588218363157135e-15
-3.061658285442752e-10,3.329256768410181e-18,5.473198618849017e-15,6.007079848571721e-15,1.9761505153441934e-18,4.443949584962538e-15,2.4641423994845224e-18,2.2436589893581087e-18,4.443106324455041e-15,3.461390184388212e-18,4.870184002778233e-15,3.0821061089789028e-18,6.637196297838834e-12,2.36232891746024e-18,3.3782081725947937e-18,2.1133367453677775e-18,1.965817369730429e-18,7.943468112602475e-15,4.810528059493526e-15,3.079724497700712e-18,5.0980139073938705e-15,3.256748162974062e-18,-1.622275259004417e-13,2.1673692699481642e-18,1.655278814162426e-18,2.3821811686093326e-18,3.878463937606086e-15,5.429188675617268e-15,-1.6222721915404094e-13,-3.2382103176092097e-10,4.668912530261056e-15,-3.2381898183690477e-10,1.8844926782553786e-18,2.7323680993379647e-18,-1.6222485098939244e-13,2.415963033561423e-18,4.492416315819394e-15,4.660898413184225e-15,2.645059878437538e-18,2.9863713712522143e-18,1.6199800436448713e-18,2.9451831817343743e-18,4.943946350374799e-15,2.390343401705804e-18,4.475492838956965e-15,1.931991046560087e-18,5.997959648359504e-15,1.824973600836792e-18,2.6754455996244385e-18,-3.238226433606861e-10,-3.238185619735246e-10,-3.2382255846716164e-10,4.334076065600501e-15,5.8101227501345544e-18,4.70951309617762e-15,4.981273339669862e-15,2.2722514418773903e-18,3.2198925907637434e-15,5.569480262534814e-15,3.183864464679027e-18,5.557967764637011e-15,2.310371052649339e-18,2.6725414162041143e-18,-3.2381478759949873e-10,6.070650758913503e-15,1.745914775000697e-18,1.976861796467832e-18,4.4771251818848154e-15,3.8413819750313104e-15,3.045405618814293e-18,4.977165987229703e-15,5.011613807893435e-15,2.414648873163144e-18,3.1510795555117237e-18,3.585051170290535e-15,-3.2382157936715e-10,1.979255968544499e-18,-1.622240038494554e-13,4.770806077613891e-15,4.171132985355967e-15,4.935189649499755e-15,3.4951131472611202e-15,7.189364295451578e-15,4.818057378887496e-15,-3.238194551389715e-10,2.1172757210441615e-18,3.735315309392073e-15,2.605412160723257e-18,1.9731134412643366e-18,8.052471695180692e-15,-3.238197410315448e-10,2.405877211723447e-18,4.938759254992738e-15,7.926715224407683e-15,-3.2381821568023966e-10,2.439783372103476e-18,-1.6222596189385968e-13,3.534817415702156e-18,3.5068589615566803e-15,2.4359375801804996e-18,4.898766290436014e-15,-1.622256898890556e-13,6.992802022121922e-15,2.4506996742378527e-18,3.050519115540427e-18,4.664443240393896e-15,5.342134108994449e-15,6.145843700659604e-15,2.3283291290778605e-18,4.5222425803942256e-15,2.5072252352017826e-18,-1.6222533262348505e-13,2.1636129381927207e-18,6.3774215060772494e-15,4.93791482303698e-15,-3.238182048310665e-10,-3.2382137644038035e-10,4.785748329025202e-15,-1.6222807699953877e-13,2.929763086185615e-18,3.838356120078733e-15,4.4159238177164026e-15,2.6086231838463975e-18,4.316538314188099e-15,3.4039695082969653e-15,3.607521016343995e-18,2.3404517121667352e-18,2.6261276554905236e-18,5.010324177801868e-15
