1.0000000047061985,-7.529502788768664e-07,1.9626898770435663e-07,1.0000012289561042,3.456144984632887e-07,1.0000011458453824,1.000001259578502,-1.1025739551026176e-07,-9.65184845073993e-07,-5.837033717319146e-07,1.0000011983404722,1.5845152512287409e-07,-8.343964952289846e-08,-4.2026212071725264e-08,-2.8697517228812043e-07,8.391089959287386e-08,-9.708755516348178e-08,-1.0192834459323466e-06,-2.0513695814829588e-07,-7.109008617142067e-07,1.3346828098025482e-07,3.68327977810983e-07,1.5339550197056454e-08,-1.7259625373082356e-07,-4.5314970245909e-07,1.0000013357676285,-6.30410656248877e-07,-4.285229448364397e-09,-9.297586868172283e-09,-1.148917868571471e-07,-3.387488310813853e-07,1.0000012487799095,-3.7734564198416154e-07,4.549209648852828e-07,3.1646944109417965e-07,-5.350861144914792e-07,6.993236280110765e-08,-5.29618072204157e-07,5.084846438712311e-07,-4.093426629174948e-08,-2.7281060925784906e-07,-2.293949001977034e-07,-3.9882603818798356e-07,4.142875166816552e-07,-4.2581034357961046e-07,-3.0042196591703484e-07,1.6890167656658828e-07,-8.141530087634174e-08,2.138967032599288e-07,1.000001198805397,-3.3957138830368627e-07,-4.6894248659228507e-07,-6.332517617106804e-08,-2.670977140951156e-07,-5.94848942298992e-08,-3.141464511231166e-08,1.0000011114003133,-4.793190715020835e-07,-8.867021908193349e-07,9.9353489307998e-08,-7.321783396444547e-07,6.149803881622459e-08,-3.9995802993453546e-07,-4.906158549563069e-07,-1.451496089583846e-07,-8.575334441520386e-08,-1.4004613679813067e-08,-1.672601753664094e-07,-5.44435187174827e-07,-3.924442572676184e-07,1.0000012740959718,-7.814672234848468e-07,-7.17007134090632e-08,-1.5672383252297587e-07,1.0000012680088413,-6.495298691109973e-08,-9.020324038042176e-07,-1.2237071673522953e-07,1.0000012602316528,1.000001271562932,1.2462499347206485e-07,3.478544685674445e-07,3.4912392134154833e-07,1.5056187448675496e-07,3.197683132409422e-07,-5.654284636619384e-07,-9.208489140107718e-07,-2.242915469589508e-07,-2.696651821793369e-07,-6.863634479875617e-07,1.0000011747975148,-2.5161107173655527e-07,1.421329135622984e-07,-2.3560374638997397e-07,-4.155536935346494e-07,-2.2199570576818457e-07,1.689821088773611e-07,-3.588821130757012e-07,1.0000011869726713,-5.354553655160624e-07,-6.811572176591095e-08,-3.6295611391683566e-07,2.0767713361973903e-07,-6.078808649340397e-07,1.000001283215544,1.0000011953733994,-9.314718648176271e-07,8.067884669260729e-08,3.070054635184464e-08,3.721741932055459e-07,-3.4336257580472026e-08,-1.192463514255687e-07,-7.240321487749759e-07,1.0000012344982345,-2.4432986779002897e-07,3.981879416773955e-07,-2.218632698386261e-07,-3.4286945251571234e-08,-1.0707381376483876e-07,-4.4335838431294144e-07,-4.0273875716326905e-07,1.3547001197786533e-07,-7.201221280419125e-08,-5.790485168764588e-07,-3.574244369007814e-07,-2.3483803175034227e-07,-3.003877675060153e-08,1.0000011873061219,-3.12035540172513e-07
-7.529502788768664e-07,5.578115810277444e-07,-5.649932622029486e-09,-5.607658887049591e-07,-4.690477197925935e-13,-2.8617697857241683e-10,-5.625708361271133e-07,-6.925642122120406e-09,-1.1425121316893884e-08,-6.09262927340456e-09,-5.6181601000134e-07,1.934607252404911e-09,-3.520500192204122e-13,-4.990560998530875e-09,-3.1260012812943123e-09,-4.5362156960307344e-12,-3.569121912930664e-10,-9.270943309028695e-09,-1.2080593945828613e-09,-6.858592150526117e-12,-3.012591941442027e-12,-1.836185836698353e-09,-3.037099479646846e-12,5.51685534532066e-13,-6.757764083768663e-09,-2.7895720590366953e-10,-1.1882971669087857e-08,-2.144246304438764e-09,-4.119463830592208e-12,-6.441628253948574e-12,-4.161279713085328e-09,-2.7971960337781785e-10,5.337374923788193e-13,1.0885472947972073e-13,-6.789735413379988e-09,-5.404225966494349e-12,-2.1030152021460788e-13,-5.198839317430705e-12,-4.442429553286616e-12,-1.1732992235846107e-08,-1.756431848201893e-09,3.576406912009592e-09,-1.8499448754759444e-12,-9.500904215047854e-09,-2.7468828075177338e-12,-5.780519758628721e-12,-2.313021870162925e-12,-2.99034189981293e-12,-5.4732273899953085e-09,-5.663646330285893e-07,-3.291151788785789e-12,-3.1151373019206646e-09,-1.2759409836910143e-08,-3.547835399368419e-09,7.746065836818537e-13,-8.97432650975707e-13,-2.830864740481443e-10,-8.768466278389158e-09,-1.0827408869172374e-08,-4.1049372545221146e-09,-5.5580201675012515e-09,-6.037019846693557e-12,-1.3493733823758566e-13,-9.216970828359475e-09,2.679167068413875e-10,-7.606465842215154e-09,-7.848146190111371e-12,-3.0653176534319728e-09,-3.4053333887031333e-12,-1.536117398160582e-08,-5.613871269974328e-07,-5.575354715379635e-09,-4.987204480560252e-09,-3.151769034048414e-09,-2.8575709890908806e-10,-8.309888496763071e-12,-4.3398886150534625e-12,3.1609707343081293e-09,-5.67598322412982e-07,-2.8698252323983607e-10,-2.707642168629331e-09,-2.1730631752851342e-13,-2.4828078813288575e-09,-7.116651183876225e-13,-1.1888637634531381e-08,-4.329148915796237e-12,-7.268853951519126e-09,-6.110195695069296e-12,-1.76258806596477e-08,-4.466880965542989e-12,-5.575091128812166e-07,-3.3693600259643404e-12,-2.943975244883033e-12,-3.400305705438964e-12,-5.857124935657478e-12,-4.913639140433184e-09,-5.023708642269414e-09,-1.1839106242040773e-08,-5.544264753261163e-07,-4.843249329942278e-12,-1.8217099049278124e-12,-3.981402623324779e-12,-3.1728069005064245e-09,-4.490189142406728e-12,-2.806816882865197e-10,-5.693358832226202e-07,-7.010303882466113e-12,9.497135311938899e-13,-1.2920207895884508e-11,-6.855071952494819e-09,-1.1117025905377423e-08,-6.065986557349476e-12,-1.1006667931877483e-08,-5.682655226724249e-07,-1.1600770720700023e-08,-4.050435949366718e-09,-9.034909066387038e-13,-2.1680651023816223e-12,-8.324481908313192e-13,-1.9402512223095414e-10,-4.919255315126905e-09,-2.9353057131519664e-12,-2.149858782921173e-12,-1.1732550161219341e-08,-4.0338567505444485e-12,-1.3503958618649695e-08,-4.438812266048417e-12,-2.8628937779017803e-10,-2.96675735948598e-09
1.9626898770435663e-07,-5.649932622029486e-09,5.599413680858775e-07,1.8428445176879117e-10,-5.911885476388572e-13,1.7997382598092576e-10,3.6633435156197246e-07,-5.656247635391502e-09,-9.180172102355764e-09,-5.136147224890665e-09,3.6705132730060875e-07,9.393946071853528e-10,-9.57692388413157e-10,-4.097029292459053e-09,-2.636296036560505e-09,-7.219872439163298e-09,-3.212149956131754e-13,-7.587792954631407e-09,-1.2727294332681699e-09,-1.0839370077786224e-08,-4.916600950315574e-09,-1.8391401035402238e-09,-4.8720887822556845e-09,1.9124585883352158e-13,-5.634677991027806e-09,3.7082818830819155e-07,-9.499235803205085e-09,-1.0062041629574202e-12,-6.611577433810175e-09,-5.194581464715008e-12,-1.7469854535137382e-12,3.6967143466499875e-07,2.1868460553271757e-13,-4.10617957328256e-10,-5.471820603575576e-09,-4.254975798039963e-12,-7.284932368011206e-10,-8.298333081097045e-09,-3.5435594294519967e-12,-4.651386940263389e-12,-8.622702829041245e-13,2.293347481885489e-09,-3.0481810401988718e-09,-7.547117869108117e-09,-4.613890312523468e-09,-4.704509977591031e-12,-3.891119483820755e-09,-2.4860713821033203e-12,-2.268172069420077e-12,1.8202853189792195e-10,-5.397736805287776e-09,-1.3631873278344295e-12,-4.982649082999823e-12,-1.493455637279515e-12,4.071984435687976e-13,-8.771367366496205e-13,1.8255679226277618e-10,-3.680183363972662e-12,-4.377128947771967e-12,-1.7191013957899314e-12,-2.376061593097174e-12,-2.4466587931369757e-13,-8.533374546001148e-10,-7.440934483950031e-09,-1.8228674137706966e-10,-3.129015253177926e-12,-6.21350746519572e-12,-1.317824303878696e-12,-2.8849094859798975e-12,-1.207638058834943e-08,1.839352458325668e-10,-2.3858502661468524e-12,-4.158051081376636e-09,-2.741204935515669e-09,1.8043204862157007e-10,-6.496568045092769e-12,-7.1457470523453535e-09,1.985578347882843e-09,1.8156020584656929e-10,3.582094884648564e-07,-1.2374375304513495e-12,-8.862191346508726e-10,-1.1543613108410078e-12,-1.476943943052913e-09,-9.816312998864568e-09,-7.023304240464975e-09,-3.0564689981447256e-12,-4.787224161090702e-12,-1.3860504112908636e-08,-3.6114183930623302e-12,3.703263343525827e-07,-5.329791656349772e-09,-2.439642496637612e-12,-2.8293869365939963e-12,-4.639304200324044e-12,-2.1370602119126665e-12,-2.1367464147850966e-12,-9.605661654821565e-09,1.8679130236904477e-10,-7.761252738492349e-09,-3.1678618659118006e-09,-6.229736756185095e-09,-2.8943576798700705e-09,-7.260031216394526e-09,1.8447686829559366e-10,3.609840562094352e-07,-1.1062506186230673e-08,9.647532767628073e-10,-2.006365867305676e-08,-2.800104132045002e-12,-8.830478912426317e-09,-9.55792014270673e-09,-4.441085056511013e-12,1.813269196298885e-10,-4.607278860946664e-12,-3.4730302880104993e-09,-1.659182958829264e-09,-3.6108826880771926e-09,-8.286161917456363e-13,-3.966726883926361e-13,-3.954104482269513e-09,-2.400985932896754e-12,-3.591529104308782e-09,-4.7038091856839785e-12,-3.2537876359500266e-12,-1.0591327823081797e-08,-3.541996770204038e-12,3.593003584060365e-07,-1.2821179902241348e-12
1.0000012289561042,-5.607658887049591e-07,1.8428445176879117e-10,0.9999965630153458,2.446319182295513e-10,0.9999960103668843,0.9999960471047313,7.483290401440651e-08,-7.340904559325836e-07,-3.946759741639237e-07,0.9999959750132892,2.8690712716152725e-07,2.7179487190012742e-11,6.012043827511526e-11,-1.436550692853536e-07,2.817724557189418e-07,1.7854484927019983e-11,-7.992917728630463e-07,-6.888408057112324e-08,-2.332168607152283e-10,3.07319522977658e-07,5.168794477615784e-07,1.83008723038852e-07,-2.239141964342801e-11,-2.6117434132338005e-07,0.9999960817161199,-3.966709707398068e-07,1.424133468619305e-07,1.8249578324126818e-07,6.955517774225455e-11,-1.8129061971991294e-07,0.9999960050470394,-1.2897410345688997e-10,3.0071816658771545e-10,4.929205336777927e-07,-1.6431453891045272e-10,1.0337243950524416e-10,-1.5845471860997966e-10,3.5164441374029875e-10,9.038559305708227e-11,-1.2849125828631505e-07,-1.2271984709745234e-07,-1.2598462500015002e-10,3.076428101354759e-10,-1.2453676521226603e-10,-5.188365807075481e-08,1.668225683774353e-10,9.834360794732416e-08,1.9225677547462982e-10,0.9999960149924716,-1.5664385499387956e-07,-1.5907612199843493e-10,7.668915357093186e-11,-5.845439744855469e-11,5.8225390888882746e-08,1.126806727001289e-07,0.9999959165103336,-1.2313168181139454e-10,-3.3084129250041264e-10,1.280517291545944e-10,-2.7321445522192865e-10,1.0089574263018845e-10,-1.2194648561169676e-10,-1.4201392760462584e-10,-8.395419176621414e-12,1.1092417380932211e-07,1.3019710712164323e-10,-2.007671021284234e-08,-1.692274304605156e-10,-1.4092831509145132e-07,0.9999960579124026,-2.9864448642369683e-10,4.7896461044422407e-11,-2.555103833532754e-12,0.9999961164400194,9.637382428697626e-11,-6.875694262508126e-07,-1.3717476678615108e-08,0.9999960847432979,0.9999961401876278,2.796352598073987e-07,4.969143979061303e-07,2.520818880387733e-10,1.4671577084434535e-10,5.929815375886793e-07,-3.633447730255111e-07,-7.107398301679479e-07,-1.0037104904818416e-08,5.9551194509132654e-12,-2.4104372923875483e-10,0.9999959240260954,-4.225935874675662e-11,1.6112708524955313e-10,-2.0841699674179184e-11,-9.78249430381518e-11,-2.0236621981081175e-11,3.43599858748862e-07,-1.0867947134652204e-07,0.9999959074167775,-3.25040891442594e-07,9.116040082921366e-08,-9.467926387552744e-11,3.719379978954898e-07,-2.0185047505020612e-10,0.9999960508681743,0.9999960364613674,-6.850817239068886e-07,2.0406945222912275e-07,3.737476295168994e-07,2.7911102986390756e-10,1.818832178791941e-07,1.0388388496221389e-07,-2.48033737037586e-10,0.9999960618836753,-2.59074952223506e-08,2.8038915067017433e-10,-4.245938990296304e-11,1.2377244186244912e-07,1.805164950715151e-11,-1.4341230181644143e-10,-1.2455923660579744e-10,3.0789557700228857e-07,4.3371467784303403e-11,-3.4636037087798253e-07,-1.6575958334211268e-07,-4.367784649050984e-09,8.334352019756308e-11,0.9999960460826244,-8.26242707240428e-11
3.456144984632887e-07,-4.690477197925935e-13,-5.911885476388572e-13,2.446319182295513e-10,5.689469647990803e-07,2.426327356018505e-10,2.445028920633027e-10,-2.0610664407115375e-09,-2.498847470288227e-12,-1.3988274685128937e-13,4.87450040209808e-07,7.557085723877176e-09,4.185373351618232e-09,-4.649429117803588e-13,3.7192065452140524e-13,-2.248314238975251e-12,4.119969608999692e-09,-1.266290013626942e-12,3.2256976393010485e-09,-3.839131431879703e-12,-1.5239605947719375e-09,1.6147194078904164e-12,-2.255216953818493e-09,6.268526952587758e-09,-8.362175595236086e-10,4.923575244756257e-07,-5.510238405148864e-09,2.301577200681815e-09,-3.4537961830344816e-09,-2.4847590575492027e-12,2.6474285263870645e-10,4.909346117908524e-07,5.586816381226065e-09,3.1194631573848406e-12,-1.1965367723537333e-12,-3.2189949004066653e-12,4.393501875475314e-09,-5.0123840822551044e-09,-2.1157776898335585e-12,-6.502524935983976e-09,2.8926781180823917e-09,8.445718178348888e-09,-3.8597658085433364e-14,-4.903637197268627e-09,-1.8805370662860137e-13,-3.6864373637540183e-09,1.7972577981490384e-10,-4.2729849966343983e-13,-9.431592408441812e-10,2.4314433342433046e-10,-1.501910508485715e-09,1.3638435280643359e-09,-4.328706226754671e-12,1.6652580634316738e-13,5.889529642602128e-09,2.8192107809648053e-09,4.859304284720019e-07,-2.1842385832381513e-13,-2.1539031928003425e-12,8.999683354109864e-14,4.2195282596035963e-10,2.6578944517268823e-12,6.506276801752574e-09,-1.862402014558404e-12,2.4030671356869862e-12,-9.501894309358558e-13,-4.170027985567076e-12,1.028477573557428e-09,2.3417563272404186e-10,-9.481964045168269e-09,4.89823519420556e-07,4.1806775127625143e-10,-2.1523890381338847e-13,1.3994059371289059e-09,2.418222534315696e-10,-5.4093253935763784e-12,-9.305309660294713e-13,7.800151631499796e-09,4.841533307626141e-07,2.411478994799973e-10,1.172255252833242e-12,5.524135581283037e-09,2.430244387710556e-09,1.5338598058830545e-12,-1.8730586639728926e-09,-1.5084242675540376e-12,-3.538648804691411e-10,-7.857714294487189e-09,-1.0553241088248188e-08,-3.364337386031443e-09,4.914869614907751e-07,-1.5881227682368048e-12,-4.0109784707589215e-13,-9.834389857513588e-10,-3.250824439212266e-12,6.175449687659467e-13,3.21753354406696e-10,-3.9646348333537475e-09,4.926544707350108e-07,-4.337220105569421e-09,1.1516804968133597e-09,-4.408318726430233e-09,2.2369747906657547e-09,-1.6756450086511112e-12,2.4491438306471803e-10,2.42290631427513e-10,-3.98168373542662e-12,7.10762814497756e-09,-8.842504990019538e-12,-1.018583689275063e-12,-2.96195784521086e-12,-3.5442978159961824e-12,-4.4248696903717605e-09,2.4206714674422956e-10,-3.1578610288940236e-12,7.984069531669409e-10,1.0712143106400597e-12,-3.060610531150982e-14,3.0263664452204055e-09,6.511945084794124e-09,-7.010242156350536e-13,-7.868153790104336e-13,1.6780649046524655e-14,-2.725272757357115e-12,-1.6521672881190268e-12,-4.23824217647789e-12,-4.187214828546071e-09,2.4160040596352616e-10,5.540582353732673e-13
1.0000011458453824,-2.8617697857241683e-10,1.7997382598092576e-10,0.9999960103668843,2.426327356018505e-10,0.9999965731271682,0.9999960565188244,3.237120942335191e-11,-7.49591973401736e-07,-2.0262923904456108e-10,0.9999959857586995,2.8569067084897817e-07,2.5456148603501716e-11,1.1236021051034164e-07,-7.463786233272759e-11,2.694797105418274e-07,3.2775025019522275e-08,-4.071306514280465e-10,-3.636010571575778e-11,-4.832543685100496e-07,2.98358358266268e-07,5.119506704225418e-07,8.732253513126666e-11,-4.637102238965763e-08,-2.7165291124329454e-07,0.999996097752926,-4.126655301954886e-07,1.3748812691751636e-07,8.56757667147937e-11,1.2113209926878641e-07,-9.422772691527564e-11,0.9999960194549772,-1.2958977495530533e-10,5.969588433235824e-07,2.42071268553825e-10,-3.419072673695439e-07,2.031652072641298e-07,-1.6545160534805185e-10,6.897780305624512e-07,1.6510909779543814e-07,-6.66281494906913e-11,-6.088267710386755e-11,-2.5733634165111197e-07,6.013648373201786e-07,-2.5739822919730203e-07,-3.41775367984248e-11,1.6302173445083298e-10,4.4604593298394454e-11,3.7527748538902375e-07,0.9999960199281155,-1.6648938916414893e-07,-1.619754186825279e-10,6.875047992562578e-11,-6.144661193377118e-11,2.8761799389803633e-11,1.0813255667270185e-07,0.9999959230895009,-2.593813102319421e-07,-6.75334434864658e-07,1.2465962889248218e-10,-5.546577395633155e-07,9.934259636283504e-11,-1.240304998913543e-10,-2.963656177781878e-07,-9.521714744265588e-12,9.958686545243831e-08,1.200330412756391e-10,-2.555888269880732e-08,-3.4885339830270697e-07,-1.603417627994425e-07,0.9999960683244377,-3.0331715416540835e-10,4.3898582025854946e-11,-5.47504782871828e-12,0.9999961165502732,8.60854002219363e-11,-7.004445573963104e-07,-1.2941607986384356e-08,0.9999960883716635,0.9999961372511459,2.73935575828397e-07,4.929871359922834e-07,4.976475746196701e-07,2.886526552957642e-07,5.753864063723888e-07,-3.7564113475284546e-07,-7.222219239290508e-07,-2.5371245213569883e-08,-5.178999363306702e-12,-4.936752838993806e-07,0.9999959394324754,-4.67986518105721e-11,3.1244821994216864e-07,-5.214296820808181e-08,-2.1054333207601382e-07,-4.9075853352569396e-08,3.352411496990337e-07,-1.2532031201328278e-07,0.9999959268638986,-1.6948476516797037e-10,8.450093426140442e-08,-9.97984219725273e-11,1.8302524468033032e-10,-4.1551655178669327e-07,0.9999960633271805,0.9999960377520742,-7.030321651132241e-07,1.0176433157213747e-10,3.424355083812702e-07,5.46973258702178e-07,1.6715522144286869e-07,4.419977988344439e-11,-5.101931064907172e-07,0.9999960649266064,-2.0583425859471325e-11,5.526386640416719e-07,-4.448206098867673e-11,1.1677475819351993e-07,1.5853861574348633e-11,-2.904119922498973e-07,-1.281037878385191e-10,2.9905831837001567e-07,7.963351915620189e-08,-3.621394916262766e-07,-8.870919916068184e-11,-2.138372649872688e-08,1.543008523910121e-07,0.9999960448058869,-1.7032509036232535e-07
1.000001259578502,-5.625708361271133e-07,3.6633435156197246e-07,0.9999960471047313,2.445028920633027e-10,0.9999960565188244,0.9999966599587519,3.6546340490622386e-11,-3.692622197143659e-10,-3.9631118711454585e-07,0.9999960234204325,1.4396533563686137e-10,2.708614823122842e-11,5.944348399332903e-11,-1.4446352415834567e-07,1.399344421882555e-10,1.7801722524346612e-11,-4.0164110224495604e-10,-3.467485574209097e-11,-4.6912621298214163e-07,1.5314248227767068e-10,5.163549482039637e-07,1.813648189352527e-07,-4.438479415529576e-08,-2.629685100431318e-07,0.9999961314277392,-2.0029024337672628e-10,1.4180317724856134e-07,1.8029304051427761e-07,1.3549879007039304e-07,-1.8238223719051752e-07,0.9999960543649828,-1.2881965989219323e-10,6.00293555443918e-07,2.460245797915014e-10,-3.3085853480128265e-07,1.0330647022230619e-10,-3.190340874460966e-07,6.995419535407206e-07,8.882828653389439e-11,-1.2897223307666802e-07,-6.101000556796821e-11,-1.264753651159065e-10,6.11553529207858e-07,-1.2528245105873035e-10,-5.489373168017943e-08,1.662064567828565e-10,4.845522889427215e-11,3.822877416298334e-07,0.999996062294107,-1.5840060985995036e-07,-1.5949096422312525e-10,1.4969402423046792e-07,-5.893522974847962e-11,5.8622763125178925e-08,5.6193044720633605e-11,0.9999959641208058,-2.4803883098619933e-07,-6.632248862021495e-07,1.2749951564853758e-10,-5.468464229156877e-07,1.0087848886546669e-10,-2.4349638319688856e-07,-1.4324636083963993e-10,-1.6679259529311722e-08,5.4544192473491944e-11,2.558143940382124e-07,-2.0887803260706274e-08,-1.70126477450335e-10,-7.262985894896186e-11,0.9999961065035482,-2.993926072494746e-10,9.4259638351037e-08,-2.972327367514127e-12,0.9999961627308663,1.880318645115394e-07,-6.898498231833132e-07,-6.469843388013087e-12,0.9999961317217757,0.9999961858723454,2.789055689233141e-07,4.967655322896918e-07,2.5173050033558673e-10,2.9245173162949057e-07,5.899377038459884e-07,-3.6563667859911117e-07,-7.126589942684388e-07,-6.650837384717016e-12,3.6525713493984e-12,-4.835058700998104e-07,0.9999959735552169,-8.612406132120626e-08,1.603300099240026e-10,-2.1756853742197757e-11,-9.937740475166332e-11,-4.170005388746664e-08,3.422541233660565e-07,-1.117646402185861e-07,0.9999959576872848,-3.276170804302506e-07,9.01657664782848e-08,-9.572022039398542e-11,3.7104976785222794e-07,-4.0528044878462676e-07,0.9999960996825059,0.9999960830285255,-6.887448590036707e-07,1.0247086886964752e-10,3.6702380495385507e-07,2.7817523700971066e-10,8.963346414128399e-11,1.0066747872359122e-07,-4.979687432894342e-07,0.9999961086765494,-2.8970102263816465e-08,5.586083768161642e-07,-8.520623174573622e-08,1.2261051515403318e-07,1.782695448302881e-11,-1.4346116408257652e-10,-1.2520785067384502e-10,3.0628821806355597e-07,4.279864322942893e-11,-1.7506460018953175e-10,-8.412955715832752e-11,-3.974454612354395e-12,8.215617863855887e-11,0.9999960921125928,-1.6570401016553392e-07
-1.1025739551026176e-07,-6.925642122120406e-09,-5.656247635391502e-09,7.483290401440651e-08,-2.0610664407115375e-09,3.237120942335191e-11,3.6546340490622386e-11,5.577748134100109e-07,-5.418533689194511e-12,-3.190409907683373e-12,3.703129292020733e-11,1.8800248834899e-10,-8.758533575568888e-13,-2.511966185730474e-12,-3.4206314177444465e-09,-8.447091134296642e-09,-6.777463065376679e-13,-4.580402631689344e-12,-1.015059454000999e-12,-1.2548002336213694e-08,-5.958378628896062e-09,-2.726447069311369e-09,-2.914921530154538e-12,-3.596250699798939e-10,-3.470476449621132e-12,3.907892887230852e-11,-5.590917547404728e-12,-2.8208909174879577e-09,-7.825257753088644e-09,-6.171753704340195e-12,-2.2121456232539174e-12,7.675503088156216e-08,-1.0146824675930433e-13,-6.55745275993337e-13,-6.5530048633698095e-09,-9.79286377524413e-09,-1.501519264936295e-09,-9.719429574135467e-09,-4.164859320519838e-12,-5.393690866387383e-12,-2.543423964756755e-09,1.7485372530926285e-09,-3.825745270929838e-09,-4.411882011522998e-12,-5.709778668989812e-09,-1.1253002848863006e-08,-2.455230504305298e-12,-6.09496088947747e-09,-5.545139051151253e-09,6.959647329752565e-08,-3.284234641136685e-12,-1.8010478375934854e-12,-5.674084414639641e-12,-3.7907540327247995e-09,1.1359910188712631e-13,-2.5714693934250054e-09,3.548371113495162e-11,-4.564349515020389e-12,-1.0362103155380715e-08,-2.173807031780598e-12,-5.976807172580223e-09,-6.516656637294767e-13,-9.495241508331528e-13,-4.413836909368813e-12,-8.639872181000671e-10,-3.787573278298958e-12,-7.2273124892671006e-12,-1.7254030075199636e-12,-3.61754781842828e-12,-6.9464791638499325e-12,3.6955418382596106e-11,-3.004872835679094e-12,-2.5781703445554697e-12,-3.632627727147074e-09,3.304025083882487e-11,-7.425750278032193e-12,-8.683268994700438e-09,7.307769140666633e-13,6.858635454777257e-08,3.189966817176461e-11,-3.4079696385618173e-09,-1.8242208160134e-09,-3.209032788084348e-09,-1.1253852165928575e-12,-6.018835714929058e-12,-4.199063819025562e-12,-3.790773223093353e-12,-5.476213743410787e-12,-1.5961925694234113e-08,-4.295579734472554e-12,7.7501395129506e-08,-6.276408300873313e-09,-3.0023434598493905e-12,-6.930730415428473e-09,-5.37867105829177e-12,-2.7492542348043988e-12,-2.6924914916424426e-12,-1.1486906160643822e-08,8.051267703787722e-08,-9.134699790537518e-09,-4.1195196826916565e-09,-7.2469950136489396e-09,-1.9546030827710342e-12,-8.637556756612686e-09,7.523590594656742e-08,3.348682030076759e-11,-1.2791287103700698e-08,2.6826001578755905e-10,-1.143123392810835e-11,-6.731736049471733e-09,-1.0274643385136109e-08,-5.525512636926504e-12,-5.261792983639945e-12,6.812262807927947e-08,-5.3517914619002595e-12,-2.2310338986376754e-12,-1.1889909353991532e-12,-4.525729811079389e-09,-2.47985706308049e-09,-9.116598764756186e-13,-2.3979180889627425e-12,-2.9029439290597754e-12,-2.2578727777533356e-12,-1.1028506708194545e-08,-3.852127040197224e-12,-6.0867131484374835e-12,-4.160894928442913e-12,6.493400069962925e-08,-3.3654779385473982e-09
-9.65184845073993e-07,-1.1425121316893884e-08,-9.180172102355764e-09,-7.340904559325836e-07,-2.498847470288227e-12,-7.49591973401736e-07,-3.692622197143659e-10,-5.418533689194511e-12,5.478790051874022e-07,-1.0738742884479326e-08,-3.68373707734184e-10,-1.1521980736271706e-12,-2.2187561366634695e-12,-4.103538040026377e-12,-3.061999227454059e-12,-6.396119723376881e-12,-1.8838601761493926e-12,-1.4730861433912744e-08,-2.296718359291687e-12,-1.870390753065489e-08,-4.79708109177477e-12,-2.857177928766632e-12,-9.095100239922422e-09,-2.8147294236061987e-09,-5.752065344699694e-12,-3.657877717014072e-10,-1.708876356362337e-08,-5.590207379361309e-09,-1.2069412316772494e-08,-1.925169622290085e-08,-3.816908871789836e-12,-7.317705078681006e-07,-1.1746342339418828e-12,-2.182564694781144e-12,-5.138928517930855e-12,-1.4400587212250442e-08,-4.073342546903741e-09,-1.4775813270759213e-08,-1.2586967569141288e-08,-8.027950923616829e-12,-5.334276499950778e-09,-5.415665502330742e-15,-6.530898471852751e-09,-6.629363193277221e-12,-4.789844434818025e-12,-1.790592764772637e-08,-4.197173740862194e-12,-5.026930216506736e-12,-4.534389980103662e-12,-7.417759258001838e-07,-1.0614452696437572e-08,-3.3082150560863826e-12,-8.124324556344416e-12,-6.593481988532268e-09,-1.7071340538156693e-09,-2.6766208785457562e-12,-3.706757484367129e-10,-1.5440926273295196e-08,-1.6128317493555172e-08,-7.423962278463544e-09,-1.031596750035422e-08,-4.062538464922708e-09,-2.7577135638110255e-12,-1.3675862764206976e-08,-1.5736997882963656e-12,-6.086996381226633e-12,-1.0897774275272386e-11,-3.1264208381681515e-12,-6.217811795217847e-12,-1.014031590777065e-11,-3.688751029499728e-10,-5.17668912359159e-12,-8.571932212731607e-09,-3.3357392971862184e-12,-7.469179095160736e-07,-2.1418369394089185e-08,-1.4114002978064655e-08,-2.7902143606486467e-10,-7.430562612615759e-07,-7.502123143270498e-07,-6.596116532854474e-09,-5.009996910403045e-09,-6.278325704550945e-09,-2.4440572815578516e-12,-1.9935273225492384e-08,-6.6022076328246494e-12,-1.2814800479300962e-08,-7.922585327907618e-12,-1.1784683747219304e-11,-6.719146676243504e-12,-7.307122195078237e-07,-4.799764760319058e-12,-4.9546601622658226e-12,-1.1438692318124035e-08,-8.005156696054879e-12,-9.742894149967909e-09,-4.62864548698584e-12,-1.8216560764154094e-08,-7.261452388551413e-07,-1.403713606450827e-08,-7.387849743363671e-09,-5.422930434749197e-12,-7.3953036409448326e-09,-6.768050095593269e-12,-7.336407657052409e-07,-7.457436014853319e-07,-9.53492142426201e-12,-2.0329648671877447e-09,-1.6342194353577376e-11,-5.3589712116830945e-12,-7.700096356523657e-12,-1.627937059477964e-08,-8.190077006336054e-12,-3.724900714869079e-10,-7.975995966637176e-12,-7.82976348083777e-09,-4.835076571327986e-09,-7.655699339422201e-09,-5.269723874928951e-09,-5.374515717783675e-09,-3.860467611142709e-12,-4.647172434895573e-12,-7.687613326026009e-09,-8.457818978675972e-12,-5.965601684993167e-12,-1.769982669407315e-08,-6.334283864266482e-12,-3.7495866096958605e-10,-6.1278257014875315e-09
-5.837033717319146e-07,-6.09262927340456e-09,-5.136147224890665e-09,-3.946759741639237e-07,-1.3988274685128937e-13,-2.0262923904456108e-10,-3.9631118711454585e-07,-3.190409907683373e-12,-1.0738742884479326e-08,5.59156039611437e-07,-3.957206101583892e-07,2.6635530617570176e-09,-4.669516142124805e-14,-4.525279207124547e-09,-1.3387077328849354e-12,-8.559968003797965e-09,1.0505579903755441e-13,-4.2687294318939415e-12,-3.3031565678807414e-13,-6.5464304542471914e-12,-2.7546998060139244e-12,-1.2108632260191373e-09,-2.825769309420801e-12,1.7474092799875364e-09,-6.082503536486972e-09,-1.9572683911888451e-10,-5.612336075667877e-12,-7.977107793173162e-13,-3.857553191066302e-12,-6.0129830073853304e-12,-1.8280918958816895e-12,-3.922058687174157e-07,8.194151621412012e-13,9.866675616793172e-10,-3.1552383296400487e-12,-5.181536967193599e-12,1.7753154799393487e-10,-9.808075109220839e-09,-4.191773852013657e-12,-5.6026555256888194e-12,-1.1858151593893677e-09,4.218801671888857e-09,-1.6417476406781866e-12,-4.51232108111054e-12,-4.891241038895521e-09,-1.0673706060856223e-08,-4.069568403625025e-09,-2.6932345815419954e-12,-4.945152149568429e-09,-4.0002320997800436e-07,-3.001840556796116e-12,-2.5890019565244593e-09,-6.197245341859327e-12,-3.0965868405139967e-09,1.0564696687006796e-12,-1.2301962557974064e-09,-1.9978919403823855e-10,-7.816476696627904e-09,-1.012201563566281e-08,-1.8056384496297176e-12,-2.427659149857332e-12,6.682451944099074e-10,2.929424313253925e-13,-4.31079927675935e-12,4.262594744473341e-13,-3.4824701808075223e-12,-7.472479983202401e-12,-2.5839489100269415e-09,-2.994779957965028e-12,-1.4774184027201516e-08,-1.9791221199411112e-10,-4.874334414349961e-09,-4.453917806862504e-09,-2.614148638407719e-09,-4.039231611536736e-07,-1.6039529878671135e-08,-3.952747913554837e-12,1.895773956498846e-12,-2.0102728695257155e-10,-2.0352687295281048e-10,-1.046655380958676e-12,1.6172613775836315e-13,-9.377544569966336e-13,-8.683110715895664e-10,-1.0766168328726619e-08,-4.015959826855772e-12,-3.235852349881179e-12,-5.895356763117384e-12,-8.480811922317933e-12,-4.159751408056566e-12,-3.9139823122169834e-07,-6.350669801386704e-09,-2.650304515085327e-12,-6.1214189242731736e-09,-1.1155589388928223e-08,-4.18295632939376e-09,-4.396078681801308e-09,-5.493785744395189e-12,-3.885255321200269e-07,-4.5536240944733685e-12,-3.072547968224777e-09,-3.8045971774947026e-12,-2.5117818873236866e-09,-4.180116666152605e-12,-3.9416747532434214e-07,-2.0183030970933163e-10,-6.703114659379327e-12,2.558775097229228e-09,-2.5053909023214008e-08,-6.305267192256067e-09,-1.0570207273239392e-08,-1.1594930148731776e-08,-5.152885959749952e-12,-4.019717806243192e-07,-1.1048268984329141e-08,-1.739634505309292e-12,-1.33226825487964e-09,-1.919592978741154e-12,-1.0928840452446798e-09,6.618646352346097e-10,-4.530810205216256e-09,-5.370136596931307e-09,-1.8990575171861296e-12,-1.1064058903031881e-08,-7.529864023551404e-09,-1.3008905885345628e-08,-4.184910153997393e-12,-2.028540884910631e-10,-2.4854671252135073e-09
1.0000011983404722,-5.6181601000134e-07,3.6705132730060875e-07,0.9999959750132892,4.87450040209808e-07,0.9999959857586995,0.9999960234204325,3.703129292020733e-11,-3.68373707734184e-10,-3.957206101583892e-07,0.999996516133504,2.8602690250792173e-07,2.6783959460090127e-11,5.975003404660263e-11,-7.2303913889693e-11,2.8088606360121587e-07,1.7494042784585884e-11,-8.005190796097668e-07,-3.4879890673361144e-11,-2.338092694371004e-10,1.535427238593348e-10,5.160281414665807e-07,1.8228792104179385e-07,-2.2799427269197908e-11,-2.622469150440584e-07,0.9999960583528551,-3.978861792924317e-07,7.095641264626444e-11,9.096512381709522e-11,6.882257926165042e-11,-9.121619359630185e-11,0.9999959816458598,-1.2932248646871243e-10,5.993214262736874e-07,2.4652444973538856e-10,-1.6475719895499913e-10,2.055820910968525e-07,-3.173191162917557e-07,7.0102050835449e-07,8.987081375450764e-11,-1.2926389784586156e-07,-6.184706368678841e-11,-2.5208947863356766e-07,6.131982690708649e-07,-2.4949919140676124e-07,-2.6711545878997394e-11,1.6639397726001479e-10,9.741789610785768e-08,1.9184301666899146e-10,0.9999959910590343,-7.89446061825923e-11,-3.182922250717276e-07,7.624747956142423e-11,-5.879638432083602e-11,2.8822923266183992e-11,5.605456695247536e-11,0.9999958927149122,-2.472290867065702e-07,-6.616103313093167e-07,1.276730206824774e-10,-5.464084981572884e-07,2.00559174983227e-07,-1.2249926820405988e-10,-2.845033635347091e-07,-8.751691694298344e-12,1.0987723783906825e-07,2.5848447223191475e-07,-1.0417866580681046e-11,-3.390204251547658e-07,-7.119930873280794e-11,0.9999960341596394,-2.99178674349931e-10,9.480059678390932e-08,-5.8617700637251715e-09,0.9999960922235889,1.9118046689277698e-07,-3.450739196291041e-10,-7.2292194622283466e-12,0.9999960607885882,0.9999961157638656,1.396576441846361e-10,2.484467072004182e-10,5.023652608482584e-07,1.4633662378842012e-10,2.961828457504605e-10,-3.6439395147218157e-07,-3.566796638096443e-10,-5.480491695505789e-12,1.0484386030502269e-08,-4.82177622497237e-07,0.9999959006818904,-4.2598295109015514e-11,3.207215968903192e-07,-4.26429857294746e-08,-1.9629446577349505e-07,-2.0773266799172078e-11,1.7165518054662007e-10,-1.1011601532177915e-07,0.9999958844148227,-1.6335297345652391e-10,9.0318219968623e-08,-9.502521934635195e-11,1.858565558765398e-10,-2.0237726521224847e-10,0.9999960274481426,0.9999960122868955,-3.4380636656994513e-10,2.0326058413121232e-07,3.720355235781325e-07,2.7866043614584344e-10,9.060170982756327e-11,5.153401764744299e-11,-4.963137483675601e-07,0.9999960379600982,-2.6944571326535502e-08,5.588508775823808e-07,-4.27842214993926e-11,1.230190518079852e-07,3.527059732243884e-08,-1.439598097594223e-10,-1.2487684767117823e-10,1.538408152074635e-10,4.2989507951082314e-11,-3.475557453135471e-07,-1.666641620461924e-07,-2.707049708819718e-12,1.6547466024169543e-07,0.9999960217622526,-8.29742342114728e-11
1.5845152512287409e-07,1.934607252404911e-09,9.393946071853528e-10,2.8690712716152725e-07,7.557085723877176e-09,2.8569067084897817e-07,1.4396533563686137e-10,1.8800248834899e-10,-1.1521980736271706e-12,2.6635530617570176e-09,2.8602690250792173e-07,5.758575215604279e-07,3.571011775762622e-12,1.007647974055781e-09,2.7120750173405917e-09,-1.3413874186674297e-12,3.429122910647678e-12,2.990694792266174e-13,2.9097678233164924e-12,-2.750706513697647e-12,5.698544620979669e-10,6.152983845760485e-09,-5.978866262700313e-10,9.585848117373091e-09,2.0879035667922475e-09,2.914534406547651e-07,-2.928536149051801e-09,2.4243626409477618e-12,-7.130621309056718e-13,-1.57301579182397e-09,2.496330718607211e-09,2.899138967215828e-07,8.467260948311333e-09,5.0171731185064625e-12,-4.668770401260679e-10,-2.480872495467512e-12,7.31498994517562e-09,-1.4297285114584693e-12,-1.1819530298587767e-12,-2.3064501687430825e-12,2.7928783523908864e-12,1.1826043398646263e-08,8.500488322312295e-13,-3.1390308114057125e-09,2.2017743073360507e-09,-1.4312914495683972e-10,2.6165820550546545e-09,8.316763995512901e-13,1.259622467557425e-09,1.427233771194659e-10,4.5316303663596825e-13,1.8928583576940584e-12,-3.785257762028204e-12,1.160143857253357e-12,8.729393979413867e-09,5.472619898727342e-09,1.4286629010551442e-10,1.863040438515312e-12,-1.496512408073719e-09,2.3283715677940285e-09,3.5344899811932934e-09,4.318785690786916e-12,5.379911349928509e-12,-6.704785523130331e-13,3.813540296541371e-12,3.970319685614753e-13,-5.6155097627127375e-09,3.181466175985836e-09,3.838886143405225e-09,-7.609385410596168e-09,2.8963510802316856e-07,3.539606568298619e-09,9.198899427037975e-13,1.9189982115475395e-12,1.4159478852573257e-10,-4.5843676448338665e-12,1.3688616709105972e-09,1.1016804257598122e-08,1.4205982410517418e-10,1.4111651457416115e-10,2.5769052539989476e-12,4.614918956865363e-12,5.208277995144515e-09,5.696048396104054e-09,1.4716131844421446e-12,-4.99482869309969e-10,1.5704026571539977e-12,-3.289143602541044e-12,-4.120849962229131e-12,-9.316373367428325e-10,2.903928630191553e-07,-1.780236647735771e-09,8.430646846812102e-13,9.44691566444687e-13,-4.599324742195211e-09,2.2576308734306397e-12,3.0785024337612117e-09,-4.5423339714413297e-10,1.45641067766048e-10,-2.1142025574350505e-09,1.867891180343631e-12,-1.5957937993975219e-12,5.268738769662333e-09,-8.79002441512669e-10,2.875630368210498e-07,1.4208579815704204e-10,-2.9122816834656426e-12,1.0551251272834294e-08,-7.84376858878749e-12,9.831408554002397e-14,-3.954210068672212e-09,-2.6718955325562543e-12,-1.6176771715688981e-09,1.4145674307943566e-10,-2.1829476572950633e-12,3.3382435062317696e-09,2.168153422980464e-12,1.0342283462629807e-12,5.7316236287628885e-09,1.0716901434742138e-08,1.6133214429481826e-10,2.2213349884859731e-13,1.1037157137283345e-12,-1.444026932970535e-12,-6.234213280492817e-13,-3.4552637646233372e-12,-1.1520838907152277e-12,1.4150310388010708e-10,3.258518663258052e-09
-8.343964952289846e-08,-3.520500192204122e-13,-9.57692388413157e-10,2.7179487190012742e-11,4.185373351618232e-09,2.5456148603501716e-11,2.708614823122842e-11,-8.758533575568888e-13,-2.2187561366634695e-12,-4.669516142124805e-14,2.6783959460090127e-11,3.571011775762622e-12,5.685598947280303e-07,-7.348213046973846e-10,3.9070884398988596e-13,-4.001813035806244e-09,3.911568073770717e-09,-1.0825786135785852e-12,3.0875609408120615e-09,-3.4609716024052523e-12,-1.2759155888091336e-09,1.5645436908770582e-12,-9.75919512519553e-13,5.9166527309191505e-09,-2.9683895086550353e-13,5.797344498836283e-08,-4.903287408040017e-09,1.1296204869890329e-12,-1.5174911489978265e-12,-4.375010518246546e-09,3.6764607727309936e-10,5.66672789327158e-08,5.255627355256007e-09,2.953573104644186e-12,-1.0311109867621975e-12,-5.786953995150102e-09,2.099660861305638e-12,-4.466033141589045e-09,-3.728609338198166e-09,-2.9259603675144016e-12,1.4012501599458628e-12,3.95753935595547e-12,1.0869091605040024e-14,-2.190139332176994e-12,-2.0395126196110265e-10,-3.216415623608264e-09,3.153288070521597e-10,-3.1938445175151344e-13,-7.303765136997828e-10,2.586525827958231e-11,-6.173965193690914e-13,6.97310024769682e-13,-3.916916191647262e-12,4.1187203555600254e-10,5.535581016846848e-09,2.727122324991964e-09,5.214856508235129e-08,-2.2793085004696429e-10,-3.789423196963405e-09,2.930988336448879e-10,2.7719972708176214e-13,2.52119572543987e-12,6.174058686272613e-09,-3.2744120177406703e-09,2.270896003633849e-12,-7.910961356691739e-13,-3.75834431481275e-12,1.0576169044543014e-09,1.9891971149994812e-13,-8.567061930636124e-09,5.57111195209634e-08,5.569239169781848e-10,-2.6312860993601935e-10,7.132219553584472e-13,2.467426593031923e-11,-4.896823445452784e-12,-1.541731099210251e-09,3.660022125742657e-12,5.054002205487697e-08,2.407191894972029e-11,1.1475588667180314e-12,5.250028958806403e-09,1.1954956607289025e-12,2.948536610437942e-09,-1.5181910797909472e-09,-1.3088089257836366e-12,-1.6627335613303154e-10,-3.5590138939572643e-12,-9.541181796582539e-09,-1.4740622311794426e-12,2.863056153083938e-11,-1.4106969582910838e-12,-2.934982843657304e-13,-7.433020417896852e-10,-5.826118617690975e-09,1.2983647273650677e-09,4.454812797926671e-10,-3.468506586773444e-09,2.913992897755915e-11,-1.9257183590678304e-12,6.082438324346268e-13,-1.981850522783479e-12,1.114168038969238e-12,-1.4649029983021513e-12,2.7440489521653303e-11,5.011609030116268e-08,-7.176448366352103e-09,6.690120680272442e-09,-1.601929962077934e-08,-8.63071472065626e-13,-2.6480888176377997e-12,-3.1914087822696778e-12,-1.9592100445853934e-12,2.4871344356861236e-11,-2.8307313094791246e-12,4.43137751924968e-13,2.061102169149421e-09,3.453424651478303e-14,2.917225713479557e-09,3.099296766017587e-12,-5.999807902948179e-13,-1.3149032914819318e-09,1.4725330494095628e-10,-2.428718849943079e-12,-1.4513263841652211e-12,-7.64511077975133e-09,-3.718459417655418e-09,4.886994938357272e-08,1.1258724944653297e-09
