0.9999999999999675,-6.433771038370916e-11,-1.602590592083217e-10,7.690516069250378e-11,3.334621450722661e-11,-3.9490576797625657e-11,-4.489791675551145e-11,-5.521059775436132e-11,-1.21891217420439e-10,-1.1159523810752269e-11,1.1990354290937973e-11,-3.36900383785147e-11,1.0000000000375238,1.0000000003100233,0.9999999999484898,1.5968009250650413e-11,-8.26031260965577e-11,2.983984825245387e-11,-4.927716084787803e-10,-1.2414821524597763e-10,-2.5028789706200626e-11,-1.1072778088501444e-10,2.017500586138164e-10,-6.5777017587327456e-12,8.174024059517694e-11,0.9999999999469005,-3.480406647637664e-11,2.3356436498895596e-11,-3.4808860228047874e-11,0.999999999980864,-1.5413601951496554e-10,6.702837521915271e-11,-6.202028312294633e-11,6.170743656952867e-11,-1.3202852189067616e-10,1.05292232046094e-10,-4.538478626092148e-11,8.403795218783998e-11,-8.813354576653105e-11,9.421702706526633e-11,-4.868353655231345e-10,-1.0916999446174498e-10,6.430242281158801e-12,-2.4851643023049625e-11,-1.749566228821652e-10,-1.7992051193690956e-10,-3.4559320913721595e-11,1.301731653270727e-11,-1.1161300646924888e-11,7.063736243356675e-11,-7.705017266898775e-11,1.0000000002280618,0.9999999999463189,3.881912196070754e-10,0.9999999999917174,2.0076204004778583e-11,-8.629098993555269e-11,-3.2396502533250767e-10,4.8148209672285876e-11,-5.026546648311979e-12,-1.0478573383628085e-11,7.996726947634284e-10,0.9999999999233696,-2.7751509371427165e-11,3.1210830528852113e-10,0.9999999998441571,2.9693310088495404e-10,-2.587723239469665e-10,-1.875306517346863e-10,-3.352582142143484e-11,-5.8173006599214555e-11,-7.793394571024062e-11,-2.142921226663567e-11,8.373368029921946e-11,-3.952622218885986e-11,3.391801852124307e-11,0.9999999998517928,-3.665549802816251e-11,1.0000000000070919,0.9999999998235375,1.000000000110069,-1.830735382816588e-10,2.95129510509345e-11,3.597165596714993e-12,-2.1804256594839918e-11,3.3329965827464635e-11,-4.514214695810966e-11,-2.2769987017084267e-10,-5.886616465374493e-12,3.3855290985114804e-10,-8.93623698100918e-12,-1.0705185004382515e-11,-3.9111275660495915e-12,1.2620011025264527e-10,4.4193501523189795e-11,-7.559848050347996e-12,0.9999999999897792,0.999999999890193,-7.676223370804506e-11,2.0167342092406757e-11,3.6679153222726004e-11,1.1841750704337332e-10,-1.720918358595838e-10,-3.6114843241855755e-11,-7.922092418682229e-12,1.8850887222461188e-11,4.2716767507434556e-10,1.715317677439508e-10,1.000000000118712,4.993805538388646e-11,-5.179377085250584e-10,-8.043512314883296e-11,-2.9882100563488675e-10,-1.5933041431139726e-10,-2.7602197946883427e-10,3.433627641689898e-10,5.470960959481125e-10,5.901520669359055e-11,1.0000000000278677,3.787524472561578e-10,6.613766983481284e-10,-1.8985667969033103e-10,-1.5909522217400708e-10,-2.473429847835643e-11,1.0000000000382407,1.0000000000121623,2.016924704035742e-10,-1.6762339466765565e-10,-3.408391466743816e-11
-6.433771038370916e-11,-1.135962453292479e-11,-4.697680064057157e-20,-5.46299461500054e-22,-4.580831272105646e-16,-1.5346922327755606e-19,-1.4172150162535665e-16,2.879091293228578e-19,-1.879030807152223e-19,-2.828865100856793e-19,-2.33089834721786e-16,-1.0460470847603751e-16,-5.3183765556936454e-11,-2.6645865550619448e-14,-5.318818289416157e-11,-1.9025365498966377e-16,-1.9687103312660935e-20,-5.0686453788204506e-20,-2.7867545518848254e-16,-3.3810371015312436e-19,-1.8683789324660088e-19,-1.1685882372105892e-16,-2.3459218318177266e-19,-1.5090321533365609e-19,-2.6804973200165397e-16,-5.318663955964208e-11,6.287297798002744e-20,1.1284835643342588e-17,-2.493473555022162e-16,-2.664692849574672e-14,2.1559885404835043e-20,-3.7020115516918157e-19,-3.923412002185423e-16,-2.0250093215610022e-16,-6.101718710680933e-21,-5.065588305306842e-16,-1.2749490550043014e-16,-3.949524848542712e-16,-1.5452184784692287e-19,-1.1867859248321947e-16,-9.395403560236378e-17,-1.4937312827020107e-19,-5.533186094631653e-19,-4.549399847840607e-19,-1.5154913995069392e-19,1.4309908213319652e-20,-6.856454403707707e-20,-2.5193207288640814e-16,-1.2311648993803917e-19,-9.758848238119104e-20,3.529656190877126e-19,-2.6643322618750847e-14,-2.6644554010412328e-14,-4.176690958232215e-16,-5.31903911725435e-11,-1.4788643158270278e-19,-2.470903673840173e-16,-4.604394674200011e-16,1.1561698994761084e-19,-6.678448153739322e-20,-5.3382276228808133e-20,-2.8533684378932995e-19,-2.6645082428919092e-14,-1.4097164910827328e-19,-1.8379822035379881e-16,-5.318669722015472e-11,-3.294949569716066e-16,-1.517589850815093e-19,-1.5132946787990686e-19,-1.9929330125143926e-20,-1.8337409359873821e-19,-3.0971784290668425e-16,-8.096581650404914e-20,-2.236405083854109e-16,-2.6040030352281867e-19,-1.7501958889464394e-16,-2.66454300176926e-14,-2.0498281233809923e-16,-5.318413902572388e-11,-2.6645252744039796e-14,-2.6645043815616137e-14,-5.989611466280593e-16,6.039227141418938e-20,-2.2047475318938884e-16,3.7765273255219646e-20,2.455211224873818e-19,-2.1116276438909624e-16,-1.5118319317197278e-19,-1.9941874096524187e-16,-9.351778595649359e-20,3.793028514106552e-19,-2.241999978656237e-16,-1.2697588662507349e-19,-1.865064547770662e-20,-2.6749340437023827e-19,-1.989448712389375e-16,-2.66458981478877e-14,-2.6644844312216662e-14,-3.000358716815523e-16,-1.6684202718896318e-16,-4.9202009067827075e-20,-1.6502615947571083e-16,-5.291340094777649e-16,-2.632672904141679e-16,-2.302381252080291e-16,-1.1656377875717831e-16,-2.7954039425232836e-19,-3.0680619908811007e-16,-5.319116900420543e-11,-2.1326621894167765e-16,-3.1649573048865313e-16,-1.199495017203674e-16,-4.2556549488519476e-19,-3.9538236280313227e-16,-6.898577231342278e-17,-2.804457052744068e-16,-5.02445799287217e-16,-4.2397788943780726e-20,-5.318897916499413e-11,-1.8861176284354542e-16,-1.9557882274779117e-19,-1.9596301277175754e-19,-7.965749179729588e-22,-1.9707092486961763e-16,-5.31884032790661e-11,-2.6647249114108902e-14,-4.0922398688124723e-16,3.922193438255664e-20,-2.9895189995558413e-16
-1.602590592083217e-10,-4.697680064057157e-20,-1.135989452075693e-11,-2.3821130476294773e-16,-5.339590415170513e-16,-2.5285595242909336e-16,-2.909520599685251e-19,3.6892982368521337e-19,5.194660570768739e-20,-1.663116878335097e-16,-4.757867475117007e-19,4.352512740470101e-20,-7.469654637475287e-14,-1.4910772520964848e-10,-7.469866096304167e-14,-1.8119412921836904e-16,-1.8317313529329028e-16,-3.9004070125182645e-20,-2.769727957981286e-16,-1.0226663579905895e-19,-1.6940374315590187e-16,-8.244918464942025e-20,-1.7743306102296078e-19,-1.8126256115829068e-19,-2.2121050047401787e-16,-1.4910583518025596e-10,-1.923246082925584e-19,-7.611139722885602e-18,-2.2297906153602385e-16,-7.469951327291492e-14,-3.585210378578942e-19,-2.5386442907412213e-16,-2.656551897949444e-19,-7.918128804779674e-21,-2.444350830217923e-16,-8.350672718245676e-19,-1.223758065507559e-19,-2.946699609539883e-19,2.1361471206683966e-20,-1.323001408842793e-16,-1.1968404569294054e-16,-2.905827328112065e-16,-7.240995581707167e-20,-1.2675232611070305e-16,1.1814540482676036e-20,-4.474317115544956e-16,-3.127503668761663e-16,-2.7238640750913036e-16,-9.741513367178458e-17,-3.6836796088404623e-19,-3.746432308350114e-16,-7.469583530072353e-14,-1.491050395987853e-10,-1.8075145870941873e-19,-7.470024256227715e-14,-2.88519216072574e-16,-2.290110502461973e-16,-4.529534557568501e-16,-1.5642139126414386e-16,-4.0811097412786433e-19,-5.5896961507844e-17,-7.442774968450814e-19,-1.4910570977913658e-10,-1.519026272855566e-19,-1.55965028280219e-16,-1.4910587525608369e-10,-3.4770779363070124e-16,-2.5119083853995246e-19,-1.346365187311538e-19,2.4220404578990076e-19,3.267475166404242e-19,-2.5901436416379705e-19,5.800504940686706e-19,-2.375686115498994e-16,-3.582080666309073e-16,-8.317400908931337e-20,-7.469886592848777e-14,8.402768955329125e-21,-7.469704643916602e-14,-7.469838018147591e-14,-1.4910537024736352e-10,-4.1567324174110886e-19,1.1603735029989956e-20,-1.611387441940404e-16,-2.954126218214675e-16,-2.050729336383744e-16,9.211637138273039e-20,-5.007999360515247e-16,-1.9273265155013874e-16,-2.457573543135196e-16,-2.1149212728758433e-19,-1.413364687872862e-19,-1.53839584579415e-19,-3.728252404131224e-16,-2.1268329510192254e-16,-1.7490456853722537e-19,-1.4910715392917898e-10,-7.469804464776828e-14,7.473589171180919e-20,-2.1723380528793907e-16,-2.3872348451989445e-19,-2.112490368918267e-16,-2.0832299827650865e-20,-3.585592236658731e-20,-2.1036782985356745e-16,-1.8351574379452442e-16,1.223479833522418e-19,2.2013734716765904e-19,-7.470067541388748e-14,-1.7570915952086209e-16,-1.5219975952383379e-19,-5.369476221236779e-17,-1.8845354589243484e-19,-4.63374719752319e-19,-3.5593422553823044e-19,-6.399122699517542e-20,-5.481796789962267e-16,-4.934156472433449e-19,-1.491081437215212e-10,-4.1648574297074004e-21,-2.1135651526571587e-16,-2.768984462938817e-16,4.781287079638738e-19,-1.9199807281588593e-16,-1.4910755716369803e-10,-7.470019281236649e-14,-6.708667487382121e-19,8.357127066247084e-20,-2.5095147681697964e-19
7.690516069250378e-11,-5.46299461500054e-22,-2.3821130476294773e-16,-1.13561277028691e-11,-2.9752579998622885e-19,-2.442294147522019e-16,-2.306041679185607e-19,4.47438008405588e-19,-3.686441593786233e-16,-1.1381227425651231e-19,-1.263768456535101e-19,-1.4552391990070963e-16,8.804819399275758e-11,4.410751668457092e-14,8.804358226003308e-11,-2.626109130191451e-19,-2.7470987221491994e-19,1.704827954238726e-17,-1.3991217146707478e-19,-3.032758958932551e-16,-3.2656033876192673e-19,-1.1827594048498938e-16,-1.312641553875831e-19,-8.000361676599054e-20,-1.9946231527788054e-19,8.804516321765993e-11,-3.0373602490288605e-16,2.441767472667249e-17,-2.1789607742528643e-16,8.804216764776417e-11,-1.8012066208508535e-16,-2.7901548525200257e-16,-7.736181514254844e-20,-6.558245971740387e-20,-2.1640987794589366e-16,-4.931110069417646e-16,-1.521174075819682e-16,-3.6185486222910625e-19,-2.5007325481134573e-16,-2.3159708629215927e-20,-1.1350268574971275e-19,-2.4035748476058952e-16,-4.158547971025394e-16,-1.7131062023054236e-16,-9.848131688391254e-20,-4.67128593050262e-16,-2.1164069091429305e-19,-2.5432408549708247e-16,7.54218599850917e-20,-1.285416755830676e-19,-3.487053981381013e-16,8.804963228530118e-11,8.804598179487662e-11,-3.497680965471313e-16,4.4106893349880567e-14,-8.614354204461076e-19,-2.66878713196556e-16,-4.766503140712601e-16,-2.1062229232517027e-19,-3.1262038763448813e-16,-1.1469669315522188e-16,-3.1653896997481626e-16,8.804527459922802e-11,-1.7024021914463727e-16,6.972475099031684e-20,8.804510451859208e-11,-3.3448758540789086e-16,-3.211813831243617e-19,-3.917830614670132e-16,-1.7392593367754292e-16,-1.1190088240178323e-19,-2.976743462211119e-19,-2.4988738782072874e-16,-3.3640885787367293e-19,-3.561380156077568e-16,-1.3182310791443487e-19,4.410781850542307e-14,-2.4735836434174064e-19,4.4109875783024816e-14,4.410877308173668e-14,8.804566241366553e-11,-2.4638615224999066e-19,-1.164688065871214e-19,-2.1870856422421858e-16,-2.1970118239744245e-16,-2.0294198802269506e-16,-2.1536158198246981e-19,-4.469098395956192e-16,-1.8764316097102373e-16,1.7519061659324703e-19,-2.5340254708783646e-19,-1.2571722828918865e-19,-1.5573553711592232e-19,-3.6008096669797577e-16,-1.6271956789025066e-19,-5.803383198309883e-20,8.804369526297976e-11,4.410892792397108e-14,1.329731215868836e-19,3.4322558868381925e-20,-2.0426479323647506e-16,-1.7481579288299507e-16,-3.6009492961858986e-19,-2.355296072101409e-19,-2.2349215059892146e-16,2.52546866096988e-20,-3.4602411266788267e-16,-4.106504884360236e-19,4.410620768556609e-14,-1.0717933941686901e-19,-1.5121015655540457e-19,-1.161899756485992e-16,-1.9522048476381302e-19,-4.1444447061185927e-16,-7.289168940434139e-17,-2.5816935563583646e-16,-2.0847284261527747e-19,-2.178944442270614e-19,4.410737600115267e-14,-1.7590600483323605e-16,-2.5280614348364207e-16,-1.751394101015728e-19,-1.7389714388213141e-16,-1.985579260420535e-19,4.410764782821353e-14,4.41066675925199e-14,-3.034607896147846e-19,-2.6841449156050334e-19,-3.1362090123377007e-16
3.334621450722661e-11,-4.580831272105646e-16,-5.339590415170513e-16,-2.9752579998622885e-19,-1.1358042031116437e-11,-4.901664867479166e-16,-5.077549819071622e-19,4.493102782981625e-17,-3.9869438370979086e-19,-3.9832143090313704e-16,-5.036941168513917e-16,-4.0370172837803544e-16,4.4468144025129783e-11,2.2274369535769713e-14,4.446252714591549e-11,-2.8276755798476225e-19,-2.6730596012795493e-19,-2.738889803452709e-16,-2.641802757627183e-19,-2.0673435563186e-19,-4.1170747835926304e-19,-4.844075035918732e-16,-8.875916279948922e-16,6.062932864029129e-20,-1.8105342164707949e-19,4.446435600235387e-11,-2.1482853565724172e-19,-1.5397135684618692e-16,-4.950379170980106e-19,4.4460742078103404e-11,-4.916001468886016e-16,-1.3595213776021323e-19,-5.444992876495251e-19,-3.7770989211533205e-19,-2.7673599046239816e-19,-7.117363333878409e-16,-2.1548846329985522e-19,-7.475845356848372e-20,-3.8646934284098554e-16,-2.9772405068968945e-16,-4.699243665117657e-16,-4.713830639793931e-16,-6.119579313176828e-16,-3.6101831502815406e-16,-3.6388438571199853e-19,-8.483433818803761e-16,-5.104123963733327e-16,-1.2872478014345642e-19,-1.9162829977012204e-19,-8.174940343419635e-16,-1.5789390573443263e-19,4.446989756921004e-11,4.446536581089335e-11,-5.832045559718797e-19,2.2273254669590154e-14,-2.4780561358486997e-19,2.313762338293631e-19,-5.175739552198322e-19,2.179556778752313e-19,-6.19566887008091e-16,-1.7170159988590573e-19,-7.781013287110086e-16,4.4464670100606264e-11,-2.600426970588429e-19,1.380782147756572e-19,4.4464285244347356e-11,-3.0379342563218684e-19,-7.0680299749246975e-16,-6.631013352676536e-16,-1.666143745022878e-19,-4.116085321818465e-16,-1.9208244270698518e-20,-3.482214106206119e-16,-1.9742056746069543e-19,-1.6541246660729328e-19,-3.0301053575751085e-16,2.2275436398256165e-14,-1.6984943735217218e-19,4.446766720091643e-11,2.227563739135814e-14,4.4464969918095484e-11,-7.980545942842205e-16,-2.989553891215407e-19,-2.7238239861038366e-16,-9.976419101560422e-20,-3.8393919105311903e-16,-5.803918551579103e-16,-7.683402434882239e-16,-4.0615080692581706e-19,-5.837516455862445e-16,-3.843707134528089e-19,-4.954733355817001e-16,8.243753163332866e-21,-1.7855275499924562e-19,-4.333645215059713e-16,-3.6896958451386835e-16,2.2274713739928286e-14,2.2276077223286644e-14,-5.688188979838192e-19,-1.8823123877629882e-19,-2.5247087653770654e-19,-5.551519537175175e-16,-8.021427756375596e-16,-1.3037324601169523e-19,1.4285109325073795e-19,-4.98657766051669e-16,-4.784624606131616e-19,-8.505713683575309e-20,2.2272931075688602e-14,-3.2467950368897907e-16,3.9438193429342956e-20,-1.821771744595766e-16,-5.1722216631393265e-20,-5.493815770870279e-19,-2.051674590874345e-16,-2.478604934347377e-19,-4.2867360747771194e-19,-4.612676982085383e-16,2.2274060972071194e-14,-4.649130716681963e-16,-6.837916628729782e-16,-4.518804687071039e-16,-2.153979967390788e-19,-1.731219654630267e-19,4.446221048096583e-11,2.227340151193141e-14,-7.458267071447202e-16,4.778498719209859e-19,-5.959151748072031e-20
-3.9490576797625657e-11,-1.5346922327755606e-19,-2.5285595242909336e-16,-2.442294147522019e-16,-4.901664867479166e-16,-1.1359519502894028e-11,-2.0544231702538468e-19,3.322860391951288e-19,-5.598037295780087e-19,-5.974570551285766e-20,-2.0878384007995846e-19,-5.823279605284224e-20,-2.8283113471123838e-11,-1.4170941585520878e-14,-2.8286775807207196e-11,-2.044683972695305e-16,-1.1087075230354593e-16,-1.3705561279585367e-19,-6.773779705758239e-20,-2.965391577168497e-19,1.7114211733585174e-19,-7.558156476665895e-20,-3.6267914605577556e-16,-2.076752359845255e-16,-2.676126355546129e-19,-1.4170361918307749e-14,-2.390000710298144e-19,9.336646669180713e-19,-2.902474588516825e-20,-2.8287842069991317e-11,-1.8394306837530734e-16,-5.821632841105982e-20,-4.859365369843317e-19,-2.360440372089545e-16,-1.984274006140294e-16,-3.1940637582004227e-16,-2.2059633494682214e-16,-3.5715145251324906e-19,-1.7645204845731285e-16,-1.0078233211552728e-16,-1.1082586408590845e-16,-1.0205426554347742e-18,-3.344979956586671e-16,9.675506936646364e-20,-1.4580783752780714e-16,-3.8051726349230983e-16,-2.473410940778167e-16,-1.560067170092583e-19,-7.551448402051635e-20,-2.6312166953083887e-19,-3.0423640673759926e-16,-1.4168906235728275e-14,-1.41700398613071e-14,-2.844949792725227e-16,-2.828857425944296e-11,-2.6054513458166894e-19,-2.3588988551356846e-16,-2.2004674181426925e-19,-1.2085788399521556e-16,-2.9067045494273e-16,1.5705441813225526e-19,-2.56148513914852e-16,-1.417047998274611e-14,-1.3359457984745877e-19,4.9264053643165424e-20,-1.4170135461732579e-14,-3.2587954915440325e-16,-3.0498854180199917e-16,-2.6343264040340655e-19,-1.3152156359643498e-19,-1.9959279222143884e-16,-1.9133821235992376e-16,-4.090884693650861e-19,-1.0660712535837674e-19,-1.6647723037185806e-19,-1.2290623162380829e-20,-1.4170412307813463e-14,-4.1995783230812854e-19,-2.8283391614306962e-11,-2.8285806510240153e-11,-1.4169991259448578e-14,-1.8927288308071804e-19,-1.882686083842761e-19,-1.3341573902787422e-16,-4.845767317003902e-19,-1.4260580374312215e-16,-2.6367668047641113e-16,-1.2152471880058617e-19,-6.303634501834313e-20,-2.401789831691231e-16,-2.938430699538117e-16,-2.31007059253952e-16,-6.075093774863823e-19,1.5001399264974232e-19,9.020090610200509e-20,-1.812880597771865e-16,-2.828670520984129e-11,-1.4169486761058573e-14,-2.4585192060544235e-16,-1.344780194862056e-19,-2.3178717629485737e-16,-1.808788434315772e-16,-2.948842581341596e-19,-1.9977715222820506e-16,-1.9631348139763585e-16,-1.430530913679032e-19,-3.8310780853217867e-16,-1.8855852552698943e-16,-1.4172130248061416e-14,-6.2711893149488e-20,-1.868378232119769e-16,-2.7828821023674466e-17,1.1065683068296185e-19,-2.1290805069740083e-19,-1.3792556191809786e-19,-9.850914932218144e-20,-4.2713646469006397e-16,-1.4815720285170544e-16,-1.4171145551596151e-14,-2.399220343877637e-19,1.0670348927009934e-19,9.463098596588417e-20,-1.0419243855852479e-19,-2.181517238249938e-19,-1.4170917377043277e-14,-1.4171841209781117e-14,-6.382274296080761e-20,5.300261302929779e-17,-2.6043660058013025e-16
-4.489791675551145e-11,-1.4172150162535665e-16,-2.909520599685251e-19,-2.306041679185607e-19,-5.077549819071622e-19,-2.0544231702538468e-19,-1.135964691471628e-11,6.824887984810943e-16,-3.8674775403785424e-19,-6.497114628140628e-17,2.140130688017516e-19,-8.189504058355265e-17,-1.6879635677695424e-14,-3.3697219295655225e-11,-3.369689945613414e-11,-3.257322850171781e-18,-1.8153345307941815e-19,-3.503394392877934e-17,-5.309627056181543e-20,-5.591302436066053e-17,-6.764360199112552e-21,-1.2536067976732694e-16,-2.5180649311552083e-19,-1.7557753573151727e-20,-3.887651212484544e-19,-1.6880532449627308e-14,-5.493872996225421e-20,3.195067321885295e-17,-1.0753261771353669e-16,-3.3698007870839164e-11,-8.626748015751834e-21,-1.9782651792279107e-16,-4.457323156397128e-16,-1.943263349193734e-16,-2.4722378759692636e-16,-2.516479500573964e-16,-5.64921957602615e-20,8.623794538108803e-21,-1.2947270372363459e-20,-7.672389424817336e-17,1.1507069067399309e-17,6.406788743304987e-20,-5.422060498692988e-20,-4.0742667993555396e-19,-3.1118021849675125e-18,-3.574860981356659e-16,4.5857161144377946e-20,-1.853494907794524e-16,-1.5959100252414988e-16,-4.696612432832063e-16,-2.5520992484837424e-19,-1.687885169846633e-14,-3.3695143285775474e-11,-3.899298305557239e-19,-1.688187800965348e-14,6.247539556292861e-20,-2.786510756226059e-19,-3.059828923703232e-16,-5.814639328225279e-17,-1.338148827450912e-20,-1.5576656921992324e-17,-2.6120439227301236e-16,-1.688038678003316e-14,3.7279404434716273e-19,-7.204588915731249e-17,-1.6880615358854892e-14,-2.2632981824527526e-16,-1.151738550628927e-19,-1.0789707307986295e-19,-1.719142042153585e-16,3.9205198702289475e-20,7.742716588486071e-19,4.4701980144067407e-20,-2.173807326831772e-16,-1.2451230619143102e-19,-5.879845066902388e-17,-1.6880808493042783e-14,-1.1955355292541485e-16,-1.687985091638736e-14,-1.6880702769605034e-14,-3.36954431424908e-11,-3.321861659721277e-16,2.7405121163518605e-19,-2.4689854419481893e-17,-1.9841603886278655e-19,-5.380975560279564e-17,-4.0069879805879297e-19,-3.0632948916952346e-16,-4.953227680416404e-19,-1.0901151862649774e-16,-2.455685956273467e-16,-8.65613273289829e-20,-2.849666345050071e-16,-1.9615822636756125e-19,1.1261682583492184e-19,-1.2258925898488893e-16,-1.6881058638719128e-14,-1.688026634690906e-14,-5.16913124407195e-20,-2.044793038124545e-16,-2.2033625794997068e-16,-3.038742854453179e-20,-3.549426889030188e-16,-1.862878179801791e-16,-5.290817540629347e-17,-1.7202641175839717e-16,3.572555578720732e-19,-2.3277489036453996e-16,-3.36992879376067e-11,-8.256907931990533e-17,-4.773733629234649e-19,-8.41151968841356e-18,1.3667307883782015e-19,-3.044458850731357e-16,-2.3234317871564614e-19,4.0128151254285e-19,-5.500038840283149e-16,-9.182831821352765e-20,-1.6881302414199167e-14,-4.9217398836192916e-17,-1.4427352618035937e-16,-1.121818288955975e-16,6.826174109856622e-20,-3.503268692068151e-19,-3.369706406684157e-11,-1.688220579764984e-14,-2.55912133188665e-16,8.77311875921211e-17,-2.010876496202823e-16
-5.521059775436132e-11,2.879091293228578e-19,3.6892982368521337e-19,4.47438008405588e-19,4.493102782981625e-17,3.322860391951288e-19,6.824887984810943e-16,-1.1351781869433595e-11,3.14896211610511e-19,1.163604328253206e-15,7.694748480388443e-16,7.158642831194027e-16,-2.2376370814322766e-14,-2.2382175828627722e-14,-4.4678159817280855e-11,2.6781607084888675e-15,1.0530645569296206e-18,1.3536030121858752e-15,4.815266227210346e-19,6.959155445072968e-19,8.348424409393411e-16,7.223122086600231e-19,9.090088270781609e-19,5.096712847504194e-19,8.605871473904384e-16,-4.467400071153356e-11,3.8117575416671057e-19,8.690428232997166e-19,5.345605668189049e-19,-4.4682528933000575e-11,1.079994776464644e-18,2.311565820014668e-19,4.000060235729162e-19,3.3364461308313584e-19,1.390876129686992e-19,2.7965020349650347e-19,2.768986256991173e-19,5.013666163724383e-16,5.205063112514697e-19,1.058797363132952e-15,2.500092820723519e-15,2.931664455693113e-19,1.262659267743474e-19,1.1990721674339443e-15,2.866603277894871e-15,5.19639629775892e-16,6.523017273667916e-19,7.904397040263055e-16,1.9136845453454002e-19,4.553779158415864e-19,6.409915770086659e-16,-2.237426546598572e-14,-4.467158189377054e-11,1.7104735261589906e-15,-4.46848221194027e-11,7.063870902478309e-19,4.245895614281445e-19,1.8043463899509633e-19,7.089657654810048e-16,3.5148350879275394e-19,2.5171082398085555e-19,1.120033538330084e-15,-4.467359913625278e-11,4.0720223255276153e-19,2.01596201769807e-15,-4.467417665108582e-11,1.121565157992415e-15,1.3709694638871247e-15,3.5595155694503095e-19,1.1782352781602305e-15,3.9346692574676477e-19,4.104506918790282e-19,2.986468365142875e-19,7.867840899871606e-16,5.743028343755923e-16,8.788082845231402e-16,-4.467552318415936e-11,9.08091087886773e-16,-4.4666694449812904e-11,-4.46747409074916e-11,-2.2380023968673195e-14,5.873889870583764e-20,6.702101047021782e-16,-9.052696098778044e-20,2.472437831750417e-19,1.2937418474192765e-15,2.3149237338591913e-19,3.791714060586294e-19,2.388522986357026e-19,1.5844970694686386e-15,3.756550192116648e-19,9.420585102877303e-16,2.2907431476892307e-19,6.46249126531668e-16,8.40052866660015e-16,7.1079439427003e-16,-4.467770848939266e-11,-4.467220728238217e-11,2.916204785052215e-19,6.789869802589627e-16,8.613355160848879e-16,5.515203661353185e-19,6.018169807424758e-19,1.889840483679127e-19,8.731535990675182e-19,1.3608014589998582e-15,1.0071161065884201e-15,4.130428465336459e-19,-4.4687300157892315e-11,9.172223139526656e-16,1.0864298540828676e-15,6.856082696313872e-19,2.0651089893663174e-19,5.2766238380084365e-19,1.5076069289095207e-15,1.174189733461279e-15,5.139110243689928e-16,1.1121681721278068e-15,-4.468084749547632e-11,1.8207719520147396e-15,1.941826648182448e-15,5.278509600775129e-19,5.730254164933647e-19,8.541032653432249e-20,-4.4679200485079e-11,-4.468619923198558e-11,4.8228715074635675e-19,7.240006304340395e-19,5.026147234846076e-19
-1.21891217420439e-10,-1.879030807152223e-19,5.194660570768739e-20,-3.686441593786233e-16,-3.9869438370979086e-19,-5.598037295780087e-19,-3.8674775403785424e-19,3.14896211610511e-19,-1.1356122902313674e-11,-6.363084517086605e-20,-3.1539280365356473e-16,-1.3585561199476847e-19,-1.1077342997068397e-10,-1.1077917641996494e-10,-1.1077866359361404e-10,-3.2118553659736673e-16,-2.942412659555642e-16,4.3251358197114185e-19,-3.908807497694475e-16,-3.271037289420146e-19,-1.155102716984637e-19,-3.038051567855552e-20,-3.9220042319077677e-16,-2.9006601628589453e-16,-3.302170858769654e-19,-5.5496237439039343e-14,-3.8273771671084855e-16,-3.219497382408897e-17,-1.278813190561767e-19,-5.549814653539125e-14,-3.036069148781147e-16,-3.552829751269354e-20,-4.548152922142331e-16,-2.5889324812787546e-16,-6.329314350128288e-20,-3.504431643597892e-19,-1.6688408798026462e-16,-4.892011242647899e-19,-3.3857783365044814e-16,-1.8461270122034971e-16,-1.7810870369538384e-16,-3.092708501620185e-19,-5.339253760453201e-16,-2.706329686572698e-16,-8.586037893782475e-21,-5.8643829896443185e-16,-4.505008381389501e-16,1.1243235944139084e-19,-9.396279661335483e-17,-9.186122234818962e-20,-8.304548966296808e-20,-1.1077172526604383e-10,-5.5495809346406696e-14,-2.605084328572776e-19,-5.549839750729356e-14,-4.299098282593409e-16,-3.4318664790577237e-16,-2.565325723363671e-19,1.669117028430807e-19,3.956557770736177e-20,-1.6420170938795398e-16,-2.686123850700333e-19,-1.1077682586491088e-10,-2.3547062064999776e-16,-3.5672801020562435e-19,-5.5496241220144717e-14,-5.967513027521636e-19,-3.71315756815309e-19,-3.896365869525276e-19,-2.2794174601661786e-16,-2.2927575816799504e-19,-2.0701503620624018e-19,-3.957708189398524e-19,-3.6524563590171616e-19,-4.750045006175952e-16,-2.6243179568796375e-16,-1.1077745795748235e-10,1.4973518575244145e-19,-5.5494852893703046e-14,-1.1077713499778087e-10,-5.5495986007036034e-14,-7.959787591127258e-16,-3.917089455879803e-16,-1.6170477032904856e-19,-3.035540044681236e-16,-5.695769381729835e-21,-2.473730691840531e-16,-5.9448894827833e-16,-6.059393328163998e-19,-3.6893845070295994e-16,-4.741006686758582e-16,-2.329748211052608e-19,-2.2981760677571027e-19,-5.767998548905569e-16,-2.5609157127975983e-16,-2.763150761383399e-16,-1.107784846195776e-10,-5.549585757867995e-14,-4.0790007371515e-16,-2.01781943127176e-16,-1.454539611827294e-19,-1.2095896500354512e-19,-1.696227226474971e-19,-3.5662763691716587e-16,-8.739839598619324e-20,3.96825718397329e-20,-2.052335328266349e-19,-1.9723441566786744e-19,-1.1078219391006963e-10,-3.1451341207361805e-16,-4.460825899743448e-16,-2.138093157744815e-16,-5.707194841388302e-16,-5.137841821809341e-16,-1.675002775281954e-16,-2.1142962916685641e-19,-6.21307017523599e-16,-3.1134494899132053e-16,-1.107796074840349e-10,-3.0649897849082827e-16,3.000838494857245e-19,-3.9306650751198574e-16,2.259039479033872e-19,-2.3049701321135934e-19,-5.549741546199886e-14,-1.107818523351928e-10,-5.524214888725284e-16,-2.973923122661408e-16,-4.121325486501234e-16
-1.1159523810752269e-11,-2.828865100856793e-19,-1.663116878335097e-16,-1.1381227425651231e-19,-3.9832143090313704e-16,-5.974570551285766e-20,-6.497114628140628e-17,1.163604328253206e-15,-6.363084517086605e-20,-1.1356818319457776e-11,-1.7499637224793803e-16,-1.9921962123597275e-16,-8.362344090975035e-18,-2.1692048447906296e-14,-2.141288847762717e-14,-1.0717175607448628e-17,1.0297308097641266e-19,-3.527126979225869e-20,-3.0883410442123795e-19,-4.4029811703840864e-20,5.184739235657451e-17,6.883900200116946e-21,-7.056261324223916e-20,-1.9316643066846264e-17,-5.471089250408425e-20,-2.0014158815955315e-14,-2.426086573062416e-16,1.124735496009435e-16,-4.505789766346286e-17,-1.1568158331456751e-17,2.1099328185528192e-19,7.924944738333344e-20,-2.0550362683948874e-19,-7.263957405819719e-20,-6.698166221477041e-20,-2.0683239886381491e-19,-1.568164478269564e-19,-3.32029832638399e-16,-9.8938274065536e-17,-5.683605977023015e-21,1.0295590762414261e-16,-6.987256205189536e-20,-3.5899714605875964e-16,6.874398943740412e-17,2.6930881264821193e-19,-2.2010623559760127e-20,-1.7211398473934507e-16,-1.67455256529213e-16,1.5271578956688622e-17,-7.924964986162684e-17,-3.0174362110240244e-19,-7.74346751725251e-18,-1.923139904534507e-14,-4.9862102849706096e-20,-1.1843216004234453e-17,-7.322289787309906e-20,2.921625198283836e-20,-2.988050025244384e-16,-8.820799750419595e-17,-2.455419070379553e-20,-3.2508798327681667e-17,9.227414776654531e-20,-9.833163369975506e-18,-4.0277902405202443e-17,7.307538535235705e-17,-1.994079372793077e-14,-1.553566798203216e-19,-8.984665267675697e-20,-2.9203387595376444e-20,1.4280514225030646e-17,-8.615386444153205e-17,-1.6503246387942608e-16,-8.452412957182174e-17,-1.0101593362196463e-16,-1.6236723036895335e-19,-2.56448856507435e-19,-1.0054373051111425e-17,3.138355634527609e-18,-1.7255233669165337e-14,-2.0245192745750045e-14,-9.532201772871268e-18,4.2008498567363663e-20,-1.4331006057283593e-19,-1.4427623941826415e-16,4.928755850023147e-17,-3.5703261799378374e-17,-1.1074776703706507e-16,-3.095724361095936e-16,-9.900850965783054e-21,-1.0049161053142457e-19,-1.8661414528415658e-16,-1.3348625389292492e-16,1.3110944486450916e-19,2.842810653779905e-20,-1.4424360576402283e-16,-2.1372802665301568e-20,-2.135848671298731e-14,-1.93291243512831e-14,-2.181344891545231e-16,-1.115878945266111e-19,-8.55623668429108e-20,-2.5392419501536395e-17,-4.368687956618765e-16,-1.2007669418989406e-19,-1.2442413275236403e-16,5.716527438424721e-20,-3.1372815973037874e-16,3.4607279567853746e-20,-1.205531416552485e-17,-7.502058039938539e-17,-1.318787580979831e-19,1.0889393619187668e-19,-1.308853635048298e-16,-2.5094832989423734e-16,8.044894229725533e-17,-3.3515311745367615e-17,-3.487894852717792e-19,-2.2815103031455146e-19,-1.1011555153310762e-17,3.611316932662181e-20,1.0097675845200445e-19,-2.0206295646529452e-16,-8.281844512940814e-20,-1.8036802827967082e-16,-2.1682265634220525e-14,-1.1822421893579325e-17,-1.2053058416036853e-16,3.1308227808305345e-19,-2.033429016693351e-19
1.1990354290937973e-11,-2.33089834721786e-16,-4.757867475117007e-19,-1.263768456535101e-19,-5.036941168513917e-16,-2.0878384007995846e-19,2.140130688017516e-19,7.694748480388443e-16,-3.1539280365356473e-16,-1.7499637224793803e-16,-1.1357985625190062e-11,-1.8361436110929026e-16,1.159096045054858e-14,2.3131834884503435e-11,2.3132222042381195e-11,-2.1928662291491697e-16,-2.0103832204792239e-19,-3.2784128688272813e-17,-2.310360373877511e-19,-2.9535078618227487e-16,-1.9740474609187184e-16,1.5719736220675268e-19,-3.2032703108244285e-16,-3.3258945677706858e-19,-9.694654343332126e-20,1.158945027973047e-14,-4.1812431192592447e-19,1.3673545488772413e-19,-1.7284343143682707e-16,2.3130789669453094e-11,-1.7769215481623677e-16,-8.23882528467066e-20,-2.701071603219608e-19,-2.1664928891444847e-16,-2.0856269603000253e-16,-4.619718777544957e-16,-3.1167817804489327e-19,-1.2211279752929464e-19,-2.8037210031794165e-19,-1.0560527146503591e-19,-9.693405812164871e-17,-2.3669035849063623e-16,-4.852726771365207e-19,5.496391541561737e-19,-1.5753335466707383e-16,-4.4037964490572583e-16,-6.363399389078802e-20,-1.9993318753923089e-16,-1.307767525613364e-16,-2.8351086031327016e-16,-2.1189310953868763e-19,2.313821324503615e-11,2.3134567187990228e-11,-3.443535778824226e-16,1.1587774891986171e-14,1.4467210549702514e-20,-1.702527527156972e-19,-4.1913222393392387e-16,-1.5831019338886073e-16,-2.6395748809803236e-16,-9.909324763564911e-22,-2.286506246921092e-19,1.1589236060554514e-14,-1.558683783668423e-16,-1.2697037513250053e-16,1.1589544311247815e-14,-3.1702765130503895e-16,-3.0525690498586856e-16,-1.1646981369663586e-19,4.58467191476224e-20,-1.8732535751888506e-16,-2.6108528606053866e-16,-1.5797626079837172e-19,-2.1406930007028627e-16,-8.82469148089947e-20,1.5974127086352485e-20,2.3133235193081702e-11,-2.2057044657064393e-19,1.159083831890873e-14,1.1589457969479056e-14,2.3134273973527174e-11,-5.091572908379357e-16,-1.2517598445264892e-20,-1.9381347345531877e-16,-2.207618483546721e-16,-1.0531232515555463e-19,-1.9879168427823815e-19,-4.401469830851592e-19,-3.038643695368663e-20,-2.6428481215894585e-16,-3.5773065552676145e-16,-2.1823504418494815e-16,-2.5050419232832056e-16,-5.039624650281973e-19,-1.98416158046204e-16,2.6812698507151563e-19,1.158882349615082e-14,1.1589863477541837e-14,4.863178568419397e-22,-2.1748095791405907e-16,-1.3407623249906695e-19,-1.9262017478528987e-16,-2.357597269367439e-19,-1.1068330830608528e-19,-9.550717458898484e-20,-1.4147526670778996e-16,-4.0963863117924513e-16,-3.381586530838979e-19,2.3129124795277397e-11,-1.6507557375845225e-16,-2.737497829365115e-16,3.547251658947548e-20,-2.9019033584959696e-16,-3.445578588812505e-16,2.7470078682998544e-19,-2.553507389922826e-16,-4.4285405488288847e-16,-1.1971314179265099e-20,2.3131368202348175e-11,-1.8384830975502386e-16,-1.273042542565167e-19,-2.483945720080446e-16,-2.6433765531818503e-20,-1.9851724985980223e-16,2.3131937366727502e-11,1.1587455514133073e-14,-3.4575742140547905e-16,-2.5749924340058333e-19,-2.5512180920066575e-16
-3.36900383785147e-11,-1.0460470847603751e-16,4.352512740470101e-20,-1.4552391990070963e-16,-4.0370172837803544e-16,-5.823279605284224e-20,-8.189504058355265e-17,7.158642831194027e-16,-1.3585561199476847e-19,-1.9921962123597275e-16,-1.8361436110929026e-16,-1.1360527947291658e-11,-1.1271347751602764e-14,-1.1273587827766536e-14,-2.2503147430756004e-11,-8.696331393773806e-17,9.462667630504113e-17,-4.454729330397474e-20,-8.512614457594796e-20,4.72934079329932e-20,-3.0367520058697665e-19,-1.960095183577198e-20,1.002734395231329e-20,-5.617587829857198e-17,-8.676999461798639e-20,-2.2502076875923622e-11,-1.8547175032899635e-16,3.59002027892313e-20,1.5170295450355707e-19,-1.1274252657786562e-14,2.1165455368918656e-17,9.188951911317343e-21,-2.168314286157145e-19,2.3986131070411755e-20,-2.460148170157035e-19,-2.1549699419188278e-16,-1.2942781822224769e-19,-1.1344386226363065e-19,2.3804796023174704e-19,-8.121876531647336e-19,2.8515501008063775e-20,-3.4464473739784034e-19,-3.1289724472906594e-16,6.924031913353948e-17,7.600502195560152e-17,-2.5068250313597715e-16,-1.415747120693104e-19,1.6467371822704887e-19,-1.1755319202173604e-16,-7.362253693673115e-17,-5.967926676193552e-20,-2.2498204048152494e-11,-2.2501364635774494e-11,-1.544695024777157e-20,-1.1274377514856799e-14,-1.2074074530731477e-16,4.7625078918678514e-21,-2.434135076452773e-16,-1.2592630669501322e-19,8.902623601468694e-20,-1.5105230289910336e-16,-2.67042480660739e-19,-1.1272485437231716e-14,2.6727489551620523e-20,1.032218993141785e-16,-1.1272860219885217e-14,-1.3632435523180462e-19,-1.1602244970925596e-19,-2.6263952073455523e-16,3.1302578723537525e-19,-2.3738680733993397e-19,-1.018717278267266e-19,-6.735885870182606e-20,-1.0030598443578553e-16,-1.3824933626476125e-19,-1.0182969259815407e-20,-1.1272938905786307e-14,1.1816143815609729e-19,-1.1271983463028762e-14,-1.1272944956433126e-14,-2.2501446175696653e-11,-7.047091056351127e-20,-1.354671128524783e-19,-4.339900277668988e-19,-1.1007418960217125e-19,1.0559095322366137e-17,-4.742214858356305e-19,-1.7572063109052985e-19,-7.682414853499652e-17,7.614648578616338e-20,-4.578022474484232e-20,-1.2453020221610468e-16,-6.252518339781123e-20,6.395820722592225e-20,-1.5144721695739453e-16,-9.234424199400296e-17,-1.1273381115636016e-14,-2.2501380677307022e-11,-1.9947052774373748e-16,-1.0619371186096334e-19,5.817454370313065e-19,-1.0310925745679712e-16,-3.01934523493622e-16,-7.841826906352279e-20,-4.9843975101195816e-17,2.0362984060769275e-19,-3.887522263354655e-16,-8.661951028277728e-17,-1.1274853389440728e-14,8.139057393478156e-20,-5.122510948946814e-17,7.627147137880102e-17,-2.2959120602980124e-17,1.6901043307197452e-20,2.0921296852986892e-17,-5.764444539006583e-17,-1.437791234642403e-16,-4.3304066461527157e-20,-2.250388160506543e-11,-3.924715515992392e-20,7.89826284467525e-18,-1.7276652883518747e-19,-8.355687680156402e-17,-1.673993169602728e-16,-2.2503455921402482e-11,-1.1274581592757076e-14,-4.3692740514600686e-20,2.0212422628811726e-16,-1.169968993337211e-16
1.0000000000375238,-5.3183765556936454e-11,-7.469654637475287e-14,8.804819399275758e-11,4.4468144025129783e-11,-2.8283113471123838e-11,-1.6879635677695424e-14,-2.2376370814322766e-14,-1.1077342997068397e-10,-8.362344090975035e-18,1.159096045054858e-14,-1.1271347751602764e-14,1.0000000001178309,1.0000000004015157,1.0000000000399858,2.681346331802084e-11,-7.146456739990822e-11,2.053781860589168e-14,-4.817062590337522e-10,-1.1307203908866638e-10,-6.9636926766091166e-15,-9.966218030840983e-11,2.1276847955508298e-10,2.269252932577324e-15,9.287609607832337e-11,1.000000000038469,-2.3640081588833938e-11,3.453617510484151e-11,-1.1827212239641774e-14,1.0000000000723166,-7.167247993353023e-14,7.817928641785112e-11,-2.5555002365202267e-14,3.6492949922952356e-14,-1.208511502116586e-10,1.1638557740690454e-10,-1.7142688448465253e-14,9.515980436772445e-11,-7.698257691973809e-11,5.2804995192793474e-14,-4.759015788269135e-10,-4.908690213110005e-14,1.75812833617802e-11,-1.3703428906563478e-11,-8.222685589895522e-14,-1.6884899427317132e-10,-1.1740637156648412e-14,1.2132875243502647e-14,7.80237852918993e-14,8.176806244603559e-11,-6.593537762015807e-11,1.000000000319829,1.0000000000379352,3.991315768280092e-10,1.0000000000831206,1.5621254156388262e-14,-3.765125443621853e-14,-1.5678338218323787e-13,2.9732900737538314e-14,3.0598257996617777e-15,3.5775077090654634e-16,4.0613379578596864e-13,1.0000000000149698,-8.297729792031178e-15,3.231358011567086e-10,0.9999999999357416,3.0799174289605955e-10,-2.4774629878592097e-10,-1.7642614898222533e-10,-1.121161276531511e-14,-2.3569216728956162e-14,-3.345887573047861e-14,-1.024734967654177e-11,4.7546173330859495e-14,-1.4231737185133938e-14,2.26015633311335e-14,0.9999999999433568,-2.5487204718037206e-11,1.0000000000987894,0.9999999999151061,1.0000000002016602,-1.719818576896227e-10,2.0361585440905748e-14,7.423726635645927e-15,-1.0666907547224073e-11,4.4432744512862865e-11,-1.6998303680008866e-14,-2.16626545647018e-10,2.6692688688078378e-15,1.75122994407377e-13,2.1250256347516344e-12,4.371735589466894e-13,3.644191201619905e-15,6.879237653888693e-14,5.5363192328309934e-11,1.8256198543227324e-15,1.0000000000812816,0.9999999999818014,-3.2864616930577666e-14,1.570713732821227e-14,2.3967880619108175e-14,6.490116836221769e-14,-1.6096434858137863e-10,-1.2464726946174584e-14,3.185321664887918e-12,2.996255521682486e-11,2.1952401631615366e-13,1.8264015140340964e-10,1.0000000002101177,3.0620719475537915e-14,-2.539322732290579e-13,-3.468465495783886e-14,-2.877136108417628e-10,-1.4818392563911726e-10,-2.6490107339932995e-10,3.544326529194234e-10,2.7962631109311596e-13,3.5131658975438224e-14,1.0000000001193465,1.952572083443898e-13,6.723098769307766e-10,-8.953398191229259e-14,-1.4796024430143765e-10,-6.779519121515249e-15,1.0000000001297413,1.0000000001035552,1.0655329217963067e-13,-7.838807855691453e-14,-2.296935271851295e-11
