0.9999999972200786,-0.9252135536148949,0.43539761643505687,-0.7277850500325898,-0.790534774772758,-0.6270051021327082,0.6331669028231444,-0.8043508806584995,-0.302372805510835,-0.6955890161700846,0.4417128661140736,0.5596407183247921,0.14415753918509772,0.6344369728260905,0.07563253806709432,0.9163968583458453,0.0
-0.9252135536148949,0.9999999995092888,-0.7432411167218493,0.9238149609409652,0.8356305953709228,0.8714069501924575,-0.8686298970479625,0.9690915096739643,-0.016919025072166794,0.8841510069660302,-0.7441918517443598,-0.8272207201259801,0.2372924449905667,-0.8766424492633331,0.29024118783565367,-0.9997168903961834,0.0
0.43539761643505687,-0.7432411167218493,1.0000000018158648,-0.9229717203099109,-0.6315870785422681,-0.9517866746513036,0.9599712813580428,-0.8850455578251316,0.6106210596112347,-0.8969686977029928,0.9969432497875318,0.9863118632995864,-0.8254357055506625,0.9701601990597348,-0.7958938126197669,0.7585748717306313,0.0
-0.7277850500325898,0.9238149609409652,-0.9229717203099109,0.9999999993331344,0.8585075973290847,0.938408010590214,-0.9916320611979776,0.9843559482887464,-0.3975019514588392,0.9876298959047012,-0.9333673777518025,-0.973041194104716,0.5692702748764696,-0.988222208405753,0.5148072089906227,-0.9324726548262866,0.0
-0.790534774772758,0.8356305953709228,-0.6315870785422681,0.8585075973290847,0.9999999988103271,0.6340545482983554,-0.8195020575135373,0.82142814484842,-0.27412808486144435,0.9089645969148439,-0.6751230878000832,-0.7471640777907107,0.24075030492505284,-0.7777283965466427,0.03398514204679538,-0.8384060364687994,0.0
-0.6270051021327082,0.8714069501924575,-0.9517866746513036,0.938408010590214,0.6340545482983554,1.000000000310776,-0.9415546917603199,0.9538268663772073,-0.3384778662230353,0.8781531624725658,-0.935669923649903,-0.9574049883564938,0.6386502575345322,-0.9677273854722155,0.7217480844266679,-0.8808330996986422,0.0
0.6331669028231444,-0.8686298970479625,0.9599712813580428,-0.9916320611979776,-0.8195020575135373,-0.9415546917603199,1.0000000006783498,-0.9597326052864894,0.5051119035233261,-0.983519703572779,0.9704077666204358,0.9929667896574639,-0.669783897192483,0.9960367086697411,-0.5960251332622876,0.8800589050156515,0.0
-0.8043508806584995,0.9690915096739643,-0.8850455578251316,0.9843559482887464,0.82142814484842,0.9538268663772073,-0.9597326052864894,0.9999999991553478,-0.24288617080458647,0.9493465895129686,-0.8856821921668407,-0.9396253290394612,0.4696053277011266,-0.9678067064338616,0.48913895734187246,-0.974607972554808,0.0
-0.302372805510835,-0.016919025072166794,0.6106210596112347,-0.3975019514588392,-0.27412808486144435,-0.3384778662230353,0.5051119035233261,-0.24288617080458647,1.0000000007266452,-0.4696128314915937,0.6405468882652461,0.5488487182661655,-0.8934638626376599,0.47128112265039956,-0.5988481101497518,0.039841605712104204,0.0
-0.6955890161700846,0.8841510069660302,-0.8969686977029928,0.9876298959047012,0.9089645969148439,0.8781531624725658,-0.983519703572779,0.9493465895129686,-0.4696128314915937,0.9999999994486046,-0.9191630401779738,-0.9561891862590649,0.5724406866761222,-0.9663693858034118,0.4462506184296825,-0.893673892445279,0.0
0.4417128661140736,-0.7441918517443598,0.9969432497875318,-0.9333673777518025,-0.6751230878000832,-0.935669923649903,0.9704077666204358,-0.8856821921668407,0.6405468882652461,-0.9191630401779738,1.0000000010319112,0.9906768142115351,-0.8240671360770564,0.9736685356426675,-0.7597241178706418,0.7597704482001207,0.0
0.5596407183247921,-0.8272207201259801,0.9863118632995864,-0.973041194104716,-0.7471640777907107,-0.9574049883564938,0.9929667896574639,-0.9396253290394612,0.5488487182661655,-0.9561891862590649,0.9906768142115351,1.000000000864408,-0.7392575614159463,0.9955064442588115,-0.6868405821878587,0.8403020023776159,0.0
0.14415753918509772,0.2372924449905667,-0.8254357055506625,0.5692702748764696,0.24075030492505284,0.6386502575345322,-0.669783897192483,0.4696053277011266,-0.8934638626376599,0.5724406866761222,-0.8240671360770564,-0.7392575614159463,1.0000000004954255,-0.673439412031232,0.890141310969851,-0.26000446345478506,0.0
0.6344369728260905,-0.8766424492633331,0.9701601990597348,-0.988222208405753,-0.7777283965466427,-0.9677273854722155,0.9960367086697411,-0.9678067064338616,0.47128112265039956,-0.9663693858034118,0.9736685356426675,0.9955064442588115,-0.673439412031232,1.000000000989245,-0.6396316701177216,0.8877899533257826,0.0
0.07563253806709432,0.29024118783565367,-0.7958938126197669,0.5148072089906227,0.03398514204679538,0.7217480844266679,-0.5960251332622876,0.48913895734187246,-0.5988481101497518,0.4462506184296825,-0.7597241178706418,-0.6868405821878587,0.890141310969851,-0.6396316701177216,1.0000000001709444,-0.30835656914561543,0.0
0.9163968583458453,-0.9997168903961834,0.7585748717306313,-0.9324726548262866,-0.8384060364687994,-0.8808330996986422,0.8800589050156515,-0.974607972554808,0.039841605712104204,-0.893673892445279,0.7597704482001207,0.8403020023776159,-0.26000446345478506,0.8877899533257826,-0.30835656914561543,0.9999999982405933,0.0
0.0,0.0,0.0,0.0,0.0,0.0,0.0,0.0,0.0,0.0,0.0,0.0,0.0,0.0,0.0,0.0,1.0000000000068854
