0.9999999905406318,-0.9670457163125378,-0.9611018057242171,-0.48120742920499243,0.6796944010517589,-0.8846848346124235,0.9294692583985532,-0.6971275250170876,0.3239418822399802,-0.8662514374477865,-0.8588224321776888,0.9980653382885003,0.8739571110418849,-0.5180249049471637,-0.6733194319617495,0.7617679622724666,0.0
-0.9670457163125378,0.9999999979407016,0.9932945174442003,0.6873393371451318,-0.8376587118586475,0.859631296183819,-0.9716402758603924,0.4939986618647502,-0.10939577000385917,0.7124088347088253,0.794785032568981,-0.9537897892449857,-0.9500969027803498,0.7185533375211287,0.780541952161348,-0.8782003907788387,0.0
-0.9611018057242171,0.9932945174442003,0.9999999939784986,0.6916043251880545,-0.8090029260604032,0.8004783159562566,-0.9919722779906617,0.47925164108404156,-0.05227409071414932,0.6992208230895941,0.8471276033150109,-0.9430552061572695,-0.9731074118991286,0.7084639124341582,0.8366683994624935,-0.9100201278606022,0.0
-0.48120742920499243,0.6873393371451318,0.6916043251880545,1.0000000046430944,-0.92773624520251,0.3978166323032747,-0.7175594177300749,-0.29195912863542184,0.5877511980934722,-0.020048486163039447,0.3351567766684627,-0.4373730813747518,-0.803134122920554,0.991626652581759,0.8155475764601694,-0.8812594068535415,0.0
0.6796944010517589,-0.8376587118586475,-0.8090029260604032,-0.92773624520251,1.000000010080065,-0.7012553134884839,0.7900316071509299,0.005727683404924299,-0.2514454648736393,-0.2563415105944396,-0.39064140881784737,0.6548444426937633,0.8371030050989532,-0.9638989683586788,-0.7157328221581931,0.8484134941714172,0.0
-0.8846848346124235,0.859631296183819,0.8004783159562566,0.3978166323032747,-0.7012553134884839,1.0000000091683119,-0.7183053840428664,0.6588311247251106,-0.5084058911798787,0.7983184957774452,0.5280132607380001,-0.9023042707952591,-0.6598425350673001,0.48737300541582557,0.3537031909595393,-0.5278944016033578,0.0
0.9294692583985532,-0.9716402758603924,-0.9919722779906617,-0.7175594177300749,0.7900316071509299,-0.7183053840428664,0.999999996230155,-0.41887917998016183,-0.04527490090023888,-0.6444914100048403,-0.8729273410052396,0.9048587416637746,0.9901876295167618,-0.7182061124217871,-0.8963051347399558,0.9445232258012941,0.0
-0.6971275250170876,0.4939986618647502,0.47925164108404156,-0.29195912863542184,0.005727683404924299,0.6588311247251106,-0.41887917998016183,1.000000000327301,-0.8503853848921319,0.9620534751307411,0.6415659098714087,-0.7324075817264342,-0.288026314835477,-0.23998417994823965,0.04806258177016028,-0.09945793338588027,0.0
0.3239418822399802,-0.10939577000385917,-0.05227409071414932,0.5877511980934722,-0.2514454648736393,-0.5084058911798787,-0.04527490090023888,-0.8503853848921319,1.0000000059215566,-0.7178998589706334,-0.1425222654856833,0.3808388451517358,-0.17666933365935647,0.5001060337811647,0.45939154780036534,-0.36598358852620827,0.0
-0.8662514374477865,0.7124088347088253,0.6992208230895941,-0.020048486163039447,-0.2563415105944396,0.7983184957774452,-0.6444914100048403,0.9620534751307411,-0.7178998589706334,0.9999999972401252,0.7709357198856436,-0.8903035746738803,-0.5321692760278859,0.030849532727291254,0.28714180632434755,-0.3577972397001263,0.0
-0.8588224321776888,0.794785032568981,0.8471276033150109,0.3351567766684627,-0.39064140881784737,0.5280132607380001,-0.8729273410052396,0.6415659098714087,-0.1425222654856833,0.7709357198856436,0.9999999940215908,-0.8422713316692215,-0.8195549552186965,0.30865521471376867,0.7713876256084372,-0.7400291362064475,0.0
0.9980653382885003,-0.9537897892449857,-0.9430552061572695,-0.4373730813747518,0.6548444426937633,-0.9023042707952591,0.9048587416637746,-0.7324075817264342,0.3808388451517358,-0.8903035746738803,-0.8422713316692215,1.0000000013040466,0.8427497572442393,-0.48017889745639236,-0.6261764046831093,0.7211086460410903,0.0
0.8739571110418849,-0.9500969027803498,-0.9731074118991286,-0.803134122920554,0.8371030050989532,-0.6598425350673001,0.9901876295167618,-0.288026314835477,-0.17666933365935647,-0.5321692760278859,-0.8195549552186965,0.8427497572442393,0.9999999990872985,-0.7965576245968751,-0.9362155799272003,0.9805471105722101,0.0
-0.5180249049471637,0.7185533375211287,0.7084639124341582,0.991626652581759,-0.9638989683586788,0.48737300541582557,-0.7182061124217871,-0.23998417994823965,0.5001060337811647,0.030849532727291254,0.30865521471376867,-0.48017889745639236,-0.7965576245968751,1.000000003020753,0.7655861762111368,-0.8588386177983622,0.0
-0.6733194319617495,0.780541952161348,0.8366683994624935,0.8155475764601694,-0.7157328221581931,0.3537031909595393,-0.8963051347399558,0.04806258177016028,0.45939154780036534,0.28714180632434755,0.7713876256084372,-0.6261764046831093,-0.9362155799272003,0.7655861762111368,0.9999999984567429,-0.9740856479664861,0.0
0.7617679622724666,-0.8782003907788387,-0.9100201278606022,-0.8812594068535415,0.8484134941714172,-0.5278944016033578,0.9445232258012941,-0.09945793338588027,-0.36598358852620827,-0.3577972397001263,-0.7400291362064475,0.7211086460410903,0.9805471105722101,-0.8588386177983622,-0.9740856479664861,0.999999994761544,0.0
0.0,0.0,0.0,0.0,0.0,0.0,0.0,0.0,0.0,0.0,0.0,0.0,0.0,0.0,0.0,0.0,0.9999999999830138
