0.9999999922059797,-0.5001084053430411,-0.29518093999618494,0.7226875937128533,-0.722559575226716,-0.8314242569962612,-0.6614523135796356,-0.45188993907280767,-0.7321826621113251,0.4674613969909627,0.4082363272266089,0.9373347220042416,-0.561113478730852,-0.5130543003164062,0.6264188365552531,0.39401806548357443,0.0
-0.5001084053430411,0.9999999984480766,0.021332850606818783,0.1685960375571781,0.6402517300428693,0.7727077937501959,-0.2770972088068991,-0.46589512022622664,-0.12345253110505813,-0.3684496892427653,-0.9436291906373642,-0.4831689264401032,0.3090018210348138,0.7650191264912728,0.33565687434432745,0.3374973485691052,0.0
-0.29518093999618494,0.021332850606818783,1.0000000074860114,0.0006005313369138604,-0.4112789157842696,-0.16654947091624808,0.04837568474019419,-0.1247302788001902,0.6571590008038838,-0.9370209028555768,0.30877188733753125,-0.6028723291250707,0.9418300925170404,0.6570538593565057,-0.4967537624027441,-0.8493221654642954,0.0
0.7226875937128533,0.1685960375571781,0.0006005313369138604,1.0000000021794127,-0.5214813865397481,-0.46825892712655054,-0.9924509705550347,-0.9430068344150512,-0.7532839397682831,-0.03677162438944758,-0.12399871907960115,0.5554900162682123,-0.11988443395852762,0.18962859004816668,0.8425026559976152,0.44393062953083245,0.0
-0.722559575226716,0.6402517300428693,-0.4112789157842696,-0.5214813865397481,0.9999999977621521,0.9614389729379434,0.41333085178961054,0.311901140819835,0.11466686479907127,0.1444631287744079,-0.7674078362596872,-0.46976214277976575,-0.0899325068439563,0.1767956044505702,-0.08006572842913438,0.3306380800693944,0.0
-0.8314242569962612,0.7727077937501959,-0.16654947091624808,-0.46825892712655054,0.9614389729379434,0.9999999985585827,0.3589957408508679,0.19426794072586465,0.2342211262228575,-0.12847366767643628,-0.8116253459633316,-0.6564991401060937,0.17182984630486278,0.43522821233360753,-0.13203357307657423,0.18056448400257324,0.0
-0.6614523135796356,-0.2770972088068991,0.04837568474019419,-0.9924509705550347,0.41333085178961054,0.3589957408508679,0.9999999993114542,0.9645250402880322,0.7809874555555971,0.0296740350868292,0.24422646881371066,-0.5164752370150205,0.1298207022894638,-0.23808151495324398,-0.8837894052100099,-0.5142128331105132,0.0
-0.45188993907280767,-0.46589512022622664,-0.1247302788001902,-0.9430068344150512,0.311901140819835,0.19426794072586465,0.9645250402880322,1.0000000074224558,0.6319619172347084,0.25828321646999064,0.3697464207399362,-0.2722163403758909,-0.1007811685764259,-0.4856966985578391,-0.7967135160470928,-0.40108710726950997,0.0
-0.7321826621113251,-0.12345253110505813,0.6571590008038838,-0.7532839397682831,0.11466686479907127,0.2342211262228575,0.7809874555555971,0.6319619172347084,0.9999999964033346,-0.5848040826744628,0.30647032950824493,-0.8090630641422482,0.7063900334416211,0.2814515415974721,-0.9638316816102412,-0.896108529921538,0.0
0.4674613969909627,-0.3684496892427653,-0.9370209028555768,-0.03677162438944758,0.1444631287744079,-0.12847366767643628,0.0296740350868292,0.25828321646999064,-0.5848040826744628,1.0000000023454938,0.042779436174163,0.7436073625943976,-0.9871538990794647,-0.8760281794842982,0.36296877344580314,0.680777913870279,0.0
0.4082363272266089,-0.9436291906373642,0.30877188733753125,-0.12399871907960115,-0.7674078362596872,-0.8116253459633316,0.24422646881371066,0.3697464207399362,0.30647032950824493,0.042779436174163,1.000000001858991,0.284538105230385,0.009872523662053217,-0.5087398579958898,-0.4534195194133887,-0.5860332060367467,0.0
0.9373347220042416,-0.4831689264401032,-0.6028723291250707,0.5554900162682123,-0.46976214277976575,-0.6564991401060937,-0.5164752370150205,-0.2722163403758909,-0.8090630641422482,0.7436073625943976,0.284538105230385,0.9999999960296987,-0.814338119649793,-0.7085738969341986,0.6493668435117408,0.5960486954527696,0.0
-0.561113478730852,0.3090018210348138,0.9418300925170404,-0.11988443395852762,-0.0899325068439563,0.17182984630486278,0.1298207022894638,-0.1007811685764259,0.7063900334416211,-0.9871538990794647,0.009872523662053217,-0.814338119649793,1.0000000003879417,0.8250029420866624,-0.5043572631763594,-0.764066698612759,0.0
-0.5130543003164062,0.7650191264912728,0.6570538593565057,0.18962859004816668,0.1767956044505702,0.43522821233360753,-0.23808151495324398,-0.4856966985578391,0.2814515415974721,-0.8760281794842982,-0.5087398579958898,-0.7085738969341986,0.8250029420866624,1.0000000053682367,-0.015718122641586375,-0.266094596883661,0.0
0.6264188365552531,0.33565687434432745,-0.4967537624027441,0.8425026559976152,-0.08006572842913438,-0.13203357307657423,-0.8837894052100099,-0.7967135160470928,-0.9638316816102412,0.36296877344580314,-0.4534195194133887,0.6493668435117408,-0.5043572631763594,-0.015718122641586375,0.9999999994215999,0.855486995830444,0.0
0.39401806548357443,0.3374973485691052,-0.8493221654642954,0.44393062953083245,0.3306380800693944,0.18056448400257324,-0.5142128331105132,-0.40108710726950997,-0.896108529921538,0.680777913870279,-0.5860332060367467,0.5960486954527696,-0.764066698612759,-0.266094596883661,0.855486995830444,0.9999999983134387,0.0
0.0,0.0,0.0,0.0,0.0,0.0,0.0,0.0,0.0,0.0,0.0,0.0,0.0,0.0,0.0,0.0,0.9999999999804973
