0.9999999924353675,1.0000031454384088,1.0000031454384115,-3.967537105876518e-06,1.0000031454384097,-4.011645256625395e-06,1.0000032607583185,1.0000031454384057,-4.011645256625386e-06,1.0000031454384075,-3.8021558455047084e-06,-3.80215584484934e-06,-3.967537105923567e-06,-3.8021558456544973e-06,-3.967537100825433e-06,-4.01164525655945e-06,-3.802155844842788e-06,-3.802155845695509e-06,-4.0116452592366955e-06,1.00000327070177
1.0000031454384088,1.0000058307710404,1.0000113325685671,-5.424554980744433e-10,1.0000113325685667,-5.648376636585318e-10,1.0000114478909155,1.000011332568566,-5.648376634864828e-10,1.0000113325685667,-4.5853494797430043e-10,-4.5853494844792487e-10,-5.424554982397453e-10,-4.585349480419947e-10,-5.42455499151084e-10,-5.648376641356722e-10,-4.585349489875213e-10,-4.5853494774623707e-10,-5.648376641508773e-10,1.0000114578352606
1.0000031454384115,1.0000113325685671,1.000005830771037,-5.424554986614298e-10,1.0000113325685662,-5.648376636585318e-10,1.0000114478909148,1.0000113325685664,-5.648376634864828e-10,1.0000113325685664,-4.5853494797430043e-10,-4.5853494892270917e-10,-5.424554982397453e-10,-4.5853494793425585e-10,-5.424554994603334e-10,-5.648376645905571e-10,-4.585349489875213e-10,-4.5853494725074916e-10,-5.648376641893975e-10,1.0000114578352592
-3.967537105876518e-06,-5.424554980744433e-10,-5.424554986614298e-10,-5.501799575487553e-06,-5.424554980744433e-10,4.389578266504231e-16,-1.0690151591659845e-06,-5.424554979862577e-10,4.389578266504231e-16,-5.424554980744433e-10,3.6638065986449986e-16,3.6614250715839627e-16,8.056398408286743e-13,3.6638065986449986e-16,8.056398381381565e-13,4.385911103182684e-16,3.6638065986449986e-16,3.6608404893857773e-16,4.389578266504231e-16,-1.0690154354758786e-06
1.0000031454384097,1.0000113325685667,1.0000113325685662,-5.424554980744433e-10,1.0000058307710407,-5.648376634902967e-10,1.000011447890915,1.0000113325685658,-5.648376638269338e-10,1.0000113325685653,-4.5853494778880296e-10,-4.585349491915397e-10,-5.424554990849506e-10,-4.585349480419947e-10,-5.424554986501149e-10,-5.648376644959152e-10,-4.585349489875213e-10,-4.5853494772706075e-10,-5.648376647419851e-10,1.0000114578352595
-4.011645256625395e-06,-5.648376636585318e-10,-5.648376636585318e-10,4.389578266504231e-16,-5.648376634902967e-10,-5.5017994550015245e-06,-1.1131235611467171e-06,-5.648376636251609e-10,9.27339124793593e-13,-5.648376637203136e-10,3.9122526025578663e-16,3.91148510804112e-16,4.3956213602007924e-16,3.910300906664605e-16,4.3956213602007924e-16,9.273391232299008e-13,3.912518340152853e-16,3.910300906664605e-16,9.273391244121931e-13,-1.1131238285377728e-06
1.0000032607583185,1.0000114478909155,1.0000114478909148,-1.0690151591659845e-06,1.000011447890915,-1.1131235611467171e-06,1.0000060614144457,1.0000114478909146,-1.1131235612468851e-06,1.000011447890914,-4.5853521916315906e-10,-4.585352199697603e-10,-1.0690151586516245e-06,-4.5853521871981357e-10,-1.0690151594736836e-06,-1.1131235612998871e-06,-4.585352199002887e-10,-4.5853521890253777e-10,-1.1131235617483318e-06,1.0000115731561876
1.0000031454384057,1.000011332568566,1.0000113325685664,-5.424554979862577e-10,1.0000113325685658,-5.648376636251609e-10,1.0000114478909146,1.000005830771039,-5.648376641172735e-10,1.000011332568566,-4.5853494797430043e-10,-4.5853494878777616e-10,-5.424554982397453e-10,-4.585349480419947e-10,-5.424554988703682e-10,-5.648376645905571e-10,-4.585349492785061e-10,-4.5853494774623707e-10,-5.648376641508773e-10,1.000011457835259
-4.011645256625386e-06,-5.648376634864828e-10,-5.648376634864828e-10,4.389578266504231e-16,-5.648376638269338e-10,9.27339124793593e-13,-1.1131235612468851e-06,-5.648376641172735e-10,-5.5017994550015245e-06,-5.64837664050819e-10,3.91148510804112e-16,3.9099015261656523e-16,4.385911103182684e-16,3.91148510804112e-16,4.385911103182684e-16,9.273391244489182e-13,3.910300906664605e-16,3.91148510804112e-16,9.273391256312104e-13,-1.1131238286379406e-06
1.0000031454384075,1.0000113325685667,1.0000113325685664,-5.424554980744433e-10,1.0000113325685653,-5.648376637203136e-10,1.000011447890914,1.000011332568566,-5.64837664050819e-10,1.0000058307710389,-4.5853494776313803e-10,-4.5853494884195794e-10,-5.42455498720196e-10,-4.5853494780864744e-10,-5.42455499039936e-10,-5.648376643483546e-10,-4.585349489993703e-10,-4.5853494725074916e-10,-5.648376646125966e-10,1.0000114578352586
-3.8021558455047084e-06,-4.5853494797430043e-10,-4.5853494797430043e-10,3.6638065986449986e-16,-4.5853494778880296e-10,3.9122526025578663e-16,-4.5853521916315906e-10,-4.5853494797430043e-10,3.91148510804112e-16,-4.5853494776313803e-10,-5.501799735146796e-06,6.396486041767863e-13,3.6638065986449986e-16,6.396486053833385e-13,3.6614250715839627e-16,3.9099015261656523e-16,6.396486047941522e-13,6.396486040809397e-13,3.9122526025578663e-16,-9.036333506609875e-07
-3.80215584484934e-06,-4.5853494844792487e-10,-4.5853494892270917e-10,3.6614250715839627e-16,-4.585349491915397e-10,3.91148510804112e-16,-4.585352199697603e-10,-4.5853494878777616e-10,3.9099015261656523e-16,-4.5853494884195794e-10,6.396486041767863e-13,-5.501799735146796e-06,3.6608404893857773e-16,6.396486040493301e-13,3.6638065986449986e-16,3.910300906664605e-16,6.396486034601427e-13,6.396486027469332e-13,3.91148510804112e-16,-9.036333524724266e-07
-3.967537105923567e-06,-5.424554982397453e-10,-5.424554982397453e-10,8.056398408286743e-13,-5.424554990849506e-10,4.3956213602007924e-16,-1.0690151586516245e-06,-5.424554982397453e-10,4.385911103182684e-16,-5.42455498720196e-10,3.6638065986449986e-16,3.6608404893857773e-16,-5.501799575487553e-06,3.6614250715839627e-16,8.056398388572439e-13,4.389578266504231e-16,3.6608404893857773e-16,3.6638065986449986e-16,4.385911103182684e-16,-1.0690154349615191e-06
-3.8021558456544973e-06,-4.585349480419947e-10,-4.5853494793425585e-10,3.6638065986449986e-16,-4.585349480419947e-10,3.910300906664605e-16,-4.5853521871981357e-10,-4.585349480419947e-10,3.91148510804112e-16,-4.5853494780864744e-10,6.396486053833385e-13,6.396486040493301e-13,3.6614250715839627e-16,-5.501799735146796e-06,3.6638065986449986e-16,3.910300906664605e-16,6.396486046666955e-13,6.396486039534865e-13,3.910300906664605e-16,-9.036333507384056e-07
-3.967537100825433e-06,-5.42455499151084e-10,-5.424554994603334e-10,8.056398381381565e-13,-5.424554986501149e-10,4.3956213602007924e-16,-1.0690151594736836e-06,-5.424554988703682e-10,4.385911103182684e-16,-5.42455499039936e-10,3.6614250715839627e-16,3.6638065986449986e-16,8.056398388572439e-13,3.6638065986449986e-16,-5.501799575487553e-06,4.385911103182684e-16,3.6614250715839627e-16,3.6638065986449986e-16,4.389578266504231e-16,-1.0690154357835794e-06
-4.01164525655945e-06,-5.648376641356722e-10,-5.648376645905571e-10,4.385911103182684e-16,-5.648376644959152e-10,9.273391232299008e-13,-1.1131235612998871e-06,-5.648376645905571e-10,9.273391244489182e-13,-5.648376643483546e-10,3.9099015261656523e-16,3.910300906664605e-16,4.389578266504231e-16,3.910300906664605e-16,4.385911103182684e-16,-5.5017994550015245e-06,3.91148510804112e-16,3.910300906664605e-16,9.273391240675234e-13,-1.1131238286909432e-06
-3.802155844842788e-06,-4.585349489875213e-10,-4.585349489875213e-10,3.6638065986449986e-16,-4.585349489875213e-10,3.912518340152853e-16,-4.585352199002887e-10,-4.585349492785061e-10,3.910300906664605e-16,-4.585349489993703e-10,6.396486047941522e-13,6.396486034601427e-13,3.6608404893857773e-16,6.396486046666955e-13,3.6614250715839627e-16,3.91148510804112e-16,-5.501799735146796e-06,6.396486033642993e-13,3.912518340152853e-16,-9.036333528996041e-07
-3.802155845695509e-06,-4.5853494774623707e-10,-4.5853494725074916e-10,3.6608404893857773e-16,-4.5853494772706075e-10,3.910300906664605e-16,-4.5853521890253777e-10,-4.5853494774623707e-10,3.91148510804112e-16,-4.5853494725074916e-10,6.396486040809397e-13,6.396486027469332e-13,3.6638065986449986e-16,6.396486039534865e-13,3.6638065986449986e-16,3.910300906664605e-16,6.396486033642993e-13,-5.501799739389894e-06,3.9097254901857845e-16,-9.036333505509394e-07
-4.0116452592366955e-06,-5.648376641508773e-10,-5.648376641893975e-10,4.389578266504231e-16,-5.648376647419851e-10,9.273391244121931e-13,-1.1131235617483318e-06,-5.648376641508773e-10,9.273391256312104e-13,-5.648376646125966e-10,3.9122526025578663e-16,3.91148510804112e-16,4.385911103182684e-16,3.910300906664605e-16,4.389578266504231e-16,9.273391240675234e-13,3.912518340152853e-16,3.9097254901857845e-16,-5.501799455360046e-06,-1.1131238291393883e-06
1.00000327070177,1.0000114578352606,1.0000114578352592,-1.0690154354758786e-06,1.0000114578352595,-1.1131238285377728e-06,1.0000115731561876,1.000011457835259,-1.1131238286379406e-06,1.0000114578352586,-9.036333506609875e-07,-9.036333524724266e-07,-1.0690154349615191e-06,-9.036333507384056e-07,-1.0690154357835794e-06,-1.1131238286909432e-06,-9.036333528996041e-07,-9.036333505509394e-07,-1.1131238291393883e-06,1.0000060813018745
