0.9999999914590834,0.9999922367818511,2.5967253863063706e-06,2.5967253838823804e-06,0.9999944023543367,2.596725383995578e-06,0.9999922367818502,0.9999922367818488,2.5967253834544344e-06,2.596725386296042e-06,0.9999922367818491,2.5967253866407063e-06,0.9999922367818483,2.5967253862950665e-06,2.5967253866460825e-06
0.9999922367818511,0.9999957321686016,5.698825229024255e-10,5.698825215271809e-10,0.9999981919657291,5.698825225705023e-10,0.9999960263821733,0.9999960263821712,5.698825225171045e-10,5.698825229476232e-10,0.9999960263821722,5.698825231162531e-10,0.999996026382173,5.698825233886002e-10,5.698825228990137e-10
2.5967253863063706e-06,5.698825229024255e-10,-2.9421053065757804e-07,1.1326562570790256e-12,1.1176698619227547e-06,5.774053330389577e-16,5.698825229024255e-10,5.69882522610465e-10,5.774053330389577e-16,1.1326562619871708e-12,5.69882522610465e-10,5.776820144455202e-16,5.698825229024255e-10,5.776820144455202e-16,1.132656260452115e-12
2.5967253838823804e-06,5.698825215271809e-10,1.1326562570790256e-12,-2.9421053065757804e-07,1.1176698595261808e-06,5.776820144455202e-16,5.698825219189365e-10,5.698825220825164e-10,5.776161666214951e-16,1.1326562579301498e-12,5.698825220825164e-10,5.776820144455202e-16,5.698825220825164e-10,5.774053330389577e-16,1.1326562563950969e-12
0.9999944023543367,0.9999981919657291,1.1176698619227547e-06,1.1176698595261808e-06,1.0000000633410657,1.117669860716188e-06,0.9999981919657283,0.9999981919657267,1.1176698618054186e-06,1.1176698625266343e-06,0.9999981919657278,1.117669862216347e-06,0.9999981919657278,1.1176698626745326e-06,1.1176698617012306e-06
2.596725383995578e-06,5.698825225705023e-10,5.774053330389577e-16,5.776820144455202e-16,1.117669860716188e-06,-2.9421053065757804e-07,5.698825220312523e-10,5.698825224623386e-10,1.1326562585974202e-12,5.774053330389577e-16,5.698825225705023e-10,1.1326562596260422e-12,5.698825225705023e-10,1.132656260353921e-12,5.776820144455202e-16
0.9999922367818502,0.9999960263821733,5.698825229024255e-10,5.698825219189365e-10,0.9999981919657283,5.698825220312523e-10,0.9999957321686019,0.9999960263821712,5.698825225831201e-10,5.698825237102577e-10,0.9999960263821711,5.698825228070408e-10,0.999996026382172,5.69882523269474e-10,5.698825225838578e-10
0.9999922367818488,0.9999960263821712,5.69882522610465e-10,5.698825220825164e-10,0.9999981919657267,5.698825224623386e-10,0.9999960263821712,0.999995732168602,5.698825225144646e-10,5.69882523069932e-10,0.999996026382171,5.698825232431413e-10,0.999996026382172,5.698825234612903e-10,5.698825228990137e-10
2.5967253834544344e-06,5.698825225171045e-10,5.774053330389577e-16,5.776161666214951e-16,1.1176698618054186e-06,1.1326562585974202e-12,5.698825225831201e-10,5.698825225144646e-10,-2.9421053065757804e-07,5.776820144455202e-16,5.698825230146332e-10,1.1326562607123763e-12,5.698825231460742e-10,1.1326562614402589e-12,5.776820144455202e-16
2.596725386296042e-06,5.698825229476232e-10,1.1326562619871708e-12,1.1326562579301498e-12,1.1176698625266343e-06,5.774053330389577e-16,5.698825237102577e-10,5.69882523069932e-10,5.776820144455202e-16,-2.9421053065757804e-07,5.698825237102577e-10,5.776161666214951e-16,5.698825229476232e-10,5.776820144455202e-16,1.1326562613032411e-12
0.9999922367818491,0.9999960263821722,5.69882522610465e-10,5.698825220825164e-10,0.9999981919657278,5.698825225705023e-10,0.9999960263821711,0.999996026382171,5.698825230146332e-10,5.698825237102577e-10,0.9999957321686019,5.698825231162531e-10,0.9999960263821722,5.698825227773261e-10,5.698825231267172e-10
2.5967253866407063e-06,5.698825231162531e-10,5.776820144455202e-16,5.776820144455202e-16,1.117669862216347e-06,1.1326562596260422e-12,5.698825228070408e-10,5.698825232431413e-10,1.1326562607123763e-12,5.776161666214951e-16,5.698825231162531e-10,-2.9421053065757804e-07,5.698825232431413e-10,1.1326562624688832e-12,5.774053330389577e-16
0.9999922367818483,0.999996026382173,5.698825229024255e-10,5.698825220825164e-10,0.9999981919657278,5.698825225705023e-10,0.999996026382172,0.999996026382172,5.698825231460742e-10,5.698825229476232e-10,0.9999960263821722,5.698825232431413e-10,0.9999957321686017,5.698825227773261e-10,5.698825231354586e-10
2.5967253862950665e-06,5.698825233886002e-10,5.776820144455202e-16,5.774053330389577e-16,1.1176698626745326e-06,1.132656260353921e-12,5.69882523269474e-10,5.698825234612903e-10,1.1326562614402589e-12,5.776820144455202e-16,5.698825227773261e-10,1.1326562624688832e-12,5.698825227773261e-10,-2.942105314193516e-07,5.774053330389577e-16
2.5967253866460825e-06,5.698825228990137e-10,1.132656260452115e-12,1.1326562563950969e-12,1.1176698617012306e-06,5.776820144455202e-16,5.698825225838578e-10,5.698825228990137e-10,5.776820144455202e-16,1.1326562613032411e-12,5.698825231267172e-10,5.774053330389577e-16,5.698825231354586e-10,5.774053330389577e-16,-2.942105314193516e-07
