0.9999999917475959,3.8145895856700447e-06,3.8162730024078145e-06,3.816273002407373e-06,0.9999954873502207,0.9999928546778428,3.8145895816761047e-06,3.8145895816754652e-06,3.8145895814401692e-06,3.8145895816754652e-06,3.816273002407371e-06,3.8145895814402073e-06,0.9999928546778467,0.9999928546778458,4.223498333180305e-06,0.9999929428471253,0.999992854677844
3.8145895856700447e-06,4.496707567977138e-07,1.0946953808615884e-15,1.094776110662739e-15,1.4619278337999883e-06,7.437379215244266e-10,2.147667429356596e-12,1.0922737884257401e-15,1.0922737884257401e-15,1.0922737884257401e-15,1.0944307918265695e-15,2.1476674295599e-12,7.437379212623747e-10,7.437379212623747e-10,1.3989096565305374e-15,7.437379854678443e-10,7.437379212623747e-10
3.8162730024078145e-06,1.0946953808615884e-15,4.4967076618238705e-07,2.1538999390263222e-12,1.4636112237571337e-06,7.445943191551078e-10,1.0946992365210952e-15,1.094776110662739e-15,1.0946326088095412e-15,1.094776110662739e-15,2.15389993925613e-12,1.0946992365210952e-15,7.445943194045893e-10,7.445943191551078e-10,2.7532112548369803e-12,7.445943850477348e-10,7.445943194045893e-10
3.816273002407373e-06,1.094776110662739e-15,2.1538999390263222e-12,4.4967076618238705e-07,1.463611223406884e-06,7.445943187051593e-10,1.0943430061585442e-15,1.0946326088095412e-15,1.0944307918265695e-15,1.0943430061585442e-15,2.153899938443015e-12,1.0946314439421089e-15,7.44594319255167e-10,7.44594319253572e-10,2.7532112537909224e-12,7.445943850080105e-10,7.445943194601484e-10
0.9999954873502207,1.4619278337999883e-06,1.4636112237571337e-06,1.463611223406884e-06,1.0000033467284262,1.0000002643634065,1.4619278294179104e-06,1.461927829689164e-06,1.4619278297085058e-06,1.4619278297381758e-06,1.4636112235052698e-06,1.4619278297017134e-06,1.0000002643634072,1.0000002643634072,1.8708405413978062e-06,1.000000352533571,1.0000002643634072
0.9999928546778428,7.437379215244266e-10,7.445943191551078e-10,7.445943187051593e-10,1.0000002643634065,0.9999980813375847,7.437379185284745e-10,7.4373791912821e-10,7.437379190147469e-10,7.43737918562988e-10,7.445943194486675e-10,7.437379185111693e-10,0.9999976316717654,0.9999976316717649,9.517672590222096e-10,0.9999977198417045,0.9999976316717644
3.8145895816761047e-06,2.147667429356596e-12,1.0946992365210952e-15,1.0943430061585442e-15,1.4619278294179104e-06,7.437379185284745e-10,4.496707567977138e-07,1.09285355709879e-15,1.092595651453047e-15,1.092595651453047e-15,1.0943430061585442e-15,2.1476674251385414e-12,7.437379187633392e-10,7.437379183043745e-10,1.398866118181214e-15,7.437379837172746e-10,7.437379183043745e-10
3.8145895816754652e-06,1.0922737884257401e-15,1.094776110662739e-15,1.0946326088095412e-15,1.461927829689164e-06,7.4373791912821e-10,1.09285355709879e-15,4.496707567977138e-07,2.147667424567044e-12,2.1476674245995363e-12,1.094776110662739e-15,1.0927228122024823e-15,7.437379189846046e-10,7.437379193992586e-10,1.3989096565305374e-15,7.437379848333109e-10,7.4373791912821e-10
3.8145895814401692e-06,1.0922737884257401e-15,1.0946326088095412e-15,1.0944307918265695e-15,1.4619278297085058e-06,7.437379190147469e-10,1.092595651453047e-15,2.147667424567044e-12,4.496707567977138e-07,2.1476674250437335e-12,1.0946326088095412e-15,1.0922737884257401e-15,7.437379195585027e-10,7.43737918937249e-10,1.398288992663124e-15,7.437379839187463e-10,7.437379190147469e-10
3.8145895816754652e-06,1.0922737884257401e-15,1.094776110662739e-15,1.0943430061585442e-15,1.4619278297381758e-06,7.43737918562988e-10,1.092595651453047e-15,2.1476674245995363e-12,2.1476674250437335e-12,4.496707567977138e-07,1.094776110662739e-15,1.0932604223240356e-15,7.4373791900689e-10,7.437379191762317e-10,1.3989096565305374e-15,7.437379842553448e-10,7.437379179879325e-10
3.816273002407371e-06,1.0944307918265695e-15,2.15389993925613e-12,2.153899938443015e-12,1.4636112235052698e-06,7.445943194486675e-10,1.0943430061585442e-15,1.094776110662739e-15,1.0946326088095412e-15,1.094776110662739e-15,4.4967076618238705e-07,1.0943430061585442e-15,7.44594319023645e-10,7.44594319023645e-10,2.7532112540861596e-12,7.445943861189183e-10,7.445943193064743e-10
3.8145895814402073e-06,2.1476674295599e-12,1.0946992365210952e-15,1.0946314439421089e-15,1.4619278297017134e-06,7.437379185111693e-10,2.1476674251385414e-12,1.0927228122024823e-15,1.0922737884257401e-15,1.0932604223240356e-15,1.0943430061585442e-15,4.496707567977138e-07,7.437379186416946e-10,7.437379186557058e-10,1.3983309209564177e-15,7.437379839109578e-10,7.437379185111693e-10
0.9999928546778467,7.437379212623747e-10,7.445943194045893e-10,7.44594319255167e-10,1.0000002643634072,0.9999976316717654,7.437379187633392e-10,7.437379189846046e-10,7.437379195585027e-10,7.4373791900689e-10,7.44594319023645e-10,7.437379186416946e-10,0.9999980813375843,0.9999976316717659,9.517672585271277e-10,0.9999977198417049,0.9999976316717643
0.9999928546778458,7.437379212623747e-10,7.445943191551078e-10,7.44594319253572e-10,1.0000002643634072,0.9999976316717649,7.437379183043745e-10,7.437379193992586e-10,7.43737918937249e-10,7.437379191762317e-10,7.44594319023645e-10,7.437379186557058e-10,0.9999976316717659,0.9999980813375843,9.517672594720173e-10,0.9999977198417059,0.9999976316717646
4.223498333180305e-06,1.3989096565305374e-15,2.7532112548369803e-12,2.7532112537909224e-12,1.8708405413978062e-06,9.517672590222096e-10,1.398866118181214e-15,1.3989096565305374e-15,1.398288992663124e-15,1.3989096565305374e-15,2.7532112540861596e-12,1.3983309209564177e-15,9.517672585271277e-10,9.517672594720173e-10,4.4967213263186115e-07,1.8708357718997046e-06,9.517672594720173e-10
0.9999929428471253,7.437379854678443e-10,7.445943850477348e-10,7.445943850080105e-10,1.000000352533571,0.9999977198417045,7.437379837172746e-10,7.437379848333109e-10,7.437379839187463e-10,7.437379842553448e-10,7.445943861189183e-10,7.437379839109578e-10,0.9999977198417049,0.9999977198417059,1.8708357718997046e-06,0.999998257677501,0.9999977198417042
0.999992854677844,7.437379212623747e-10,7.445943194045893e-10,7.445943194601484e-10,1.0000002643634072,0.9999976316717644,7.437379183043745e-10,7.4373791912821e-10,7.437379190147469e-10,7.437379179879325e-10,7.445943193064743e-10,7.437379185111693e-10,0.9999976316717643,0.9999976316717646,9.517672594720173e-10,0.9999977198417042,0.9999980813375844
