1.0000000012578798,0.9999959982322753,0.9999959982322824,1.2067307672769687e-06,1.2067307683783675e-06,0.9999959982322731,0.9999959982322805,0.9999959982322792,0.9999960956725491,0.9999959982322805,1.2067307663369785e-06,0.9999959982322805,1.2067307663314855e-06
0.9999959982322753,0.9999953234603699,0.9999927900981597,1.6462787694183309e-10,1.646278772264728e-10,0.9999927900981603,0.9999927900981578,0.9999927900981592,0.9999928875381989,0.9999927900981584,1.646278763942283e-10,0.999992790098159,1.6462787661162894e-10
0.9999959982322824,0.9999927900981597,0.9999953234603638,1.6462787729639692e-10,1.646278776487224e-10,0.999992790098162,0.9999927900981603,0.9999927900981603,0.9999928875381978,0.9999927900981603,1.646278762192631e-10,0.9999927900981603,1.6462787674196735e-10
1.2067307672769687e-06,1.6462787694183309e-10,1.6462787729639692e-10,2.533363386374818e-06,1.0218117075231749e-13,1.6462787694183417e-10,1.646278768767225e-10,1.6462787688782323e-10,3.219368692009597e-07,1.6462787694183309e-10,1.0218117031668444e-13,1.646278766655366e-10,1.021811704294924e-13
1.2067307683783675e-06,1.646278772264728e-10,1.646278776487224e-10,1.0218117075231749e-13,2.533363386374818e-06,1.6462787770520985e-10,1.6462787722646524e-10,1.646278772264728e-10,3.2193687009243836e-07,1.646278772264728e-10,1.0218117019028386e-13,1.646278772264728e-10,1.0218117030309218e-13
0.9999959982322731,0.9999927900981603,0.999992790098162,1.6462787694183417e-10,1.6462787770520985e-10,0.9999953234603642,0.9999927900981599,0.9999927900981603,0.9999928875381987,0.9999927900981599,1.646278763942283e-10,0.9999927900981603,1.6462787674196735e-10
0.9999959982322805,0.9999927900981578,0.9999927900981603,1.646278768767225e-10,1.6462787722646524e-10,0.9999927900981599,0.9999953234603663,0.9999927900981601,0.9999928875381983,0.9999927900981594,1.6462787633028946e-10,0.9999927900981592,1.646278765808553e-10
0.9999959982322792,0.9999927900981592,0.9999927900981603,1.6462787688782323e-10,1.646278772264728e-10,0.9999927900981603,0.9999927900981601,0.9999953234603678,0.9999928875381989,0.9999927900981609,1.6462787615505011e-10,0.9999927900981606,1.6462787594655187e-10
0.9999960956725491,0.9999928875381989,0.9999928875381978,3.219368692009597e-07,3.2193687009243836e-07,0.9999928875381987,0.9999928875381983,0.9999928875381989,0.999995518340567,0.9999928875381983,3.2193686760210474e-07,0.9999928875381983,3.219368680542481e-07
0.9999959982322805,0.9999927900981584,0.9999927900981603,1.6462787694183309e-10,1.646278772264728e-10,0.9999927900981599,0.9999927900981594,0.9999927900981609,0.9999928875381983,0.9999953234603659,1.646278763942283e-10,0.9999927900981594,1.646278765808553e-10
1.2067307663369785e-06,1.646278763942283e-10,1.646278762192631e-10,1.0218117031668444e-13,1.0218117019028386e-13,1.646278763942283e-10,1.6462787633028946e-10,1.6462787615505011e-10,3.2193686760210474e-07,1.646278763942283e-10,2.533363386374818e-06,1.646278763942283e-10,1.0218116986745889e-13
0.9999959982322805,0.999992790098159,0.9999927900981603,1.646278766655366e-10,1.646278772264728e-10,0.9999927900981603,0.9999927900981592,0.9999927900981606,0.9999928875381983,0.9999927900981594,1.646278763942283e-10,0.9999953234603659,1.646278765808553e-10
1.2067307663314855e-06,1.6462787661162894e-10,1.6462787674196735e-10,1.021811704294924e-13,1.0218117030309218e-13,1.6462787674196735e-10,1.646278765808553e-10,1.6462787594655187e-10,3.219368680542481e-07,1.646278765808553e-10,1.0218116986745889e-13,1.646278765808553e-10,2.5333633836512697e-06
