0.9999999926911277,0.4999927681692937,0.49999276816929467,2.7381253796740548e-06,2.7381253828003975e-06,0.49999276816929217,0.49999276816929433,0.49999276816929344,2.7381253799264198e-06,0.4999927681692946,0.9999870905100994,0.4999931579262633,2.7381253818911754e-06,0.4999927681692951,0.499993157926265,0.4999927681692949
0.4999927681692937,0.4999928007054543,2.0643707066421563e-10,4.763791292301273e-10,4.763791297323809e-10,0.4999904927300067,0.49999049273000706,0.4999904927300067,4.7637912968126e-10,2.0643707135318548e-10,0.4999921088234754,0.49999057384628653,4.763791293417007e-10,2.064370711100347e-10,3.636205142094871e-10,2.0643707052314416e-10
0.49999276816929467,2.0643707066421563e-10,0.49999280070545604,4.763791295734459e-10,4.763791292273965e-10,2.064370721290098e-10,2.064370708105857e-10,2.0643707084892653e-10,4.763791292388145e-10,0.499990492730009,0.4999921088234771,3.63620514440578e-10,4.763791290034804e-10,0.49999049273000906,0.4999905738462868,0.49999049273000984
2.7381253796740548e-06,4.763791292301273e-10,4.763791295734459e-10,2.307978627381091e-06,2.0614997680314488e-12,4.763791292301273e-10,4.763791292301273e-10,4.763791293972208e-10,2.061499771222084e-12,4.763791296867612e-10,1.8708053693563987e-06,4.763794906697853e-10,2.0614997684314984e-12,4.763791294723048e-10,4.763794910620792e-10,4.763791294723048e-10
2.7381253828003975e-06,4.763791297323809e-10,4.763791292273965e-10,2.0614997680314488e-12,2.307978627381091e-06,4.763791294023624e-10,4.763791293803824e-10,4.763791292761181e-10,2.061499767718046e-12,4.763791291881678e-10,1.8708053686876416e-06,4.763794910310772e-10,2.061499764927464e-12,4.763791292273965e-10,4.763794902711485e-10,4.763791292273965e-10
0.49999276816929217,0.4999904927300067,2.064370721290098e-10,4.763791292301273e-10,4.763791294023624e-10,0.499992800705454,0.4999904927300064,0.499990492730006,4.7637912968126e-10,2.0643707259257655e-10,0.49999210882347705,0.49999057384628537,4.763791291143119e-10,2.064370723546594e-10,3.6362051564088506e-10,2.0643707211116168e-10
0.49999276816929433,0.49999049273000706,2.064370708105857e-10,4.763791292301273e-10,4.763791293803824e-10,0.4999904927300064,0.49999280070545377,0.49999049273000656,4.763791296420559e-10,2.0643707147493925e-10,0.4999921088234748,0.4999905738462855,4.763791291493729e-10,2.064370711238337e-10,3.6362051463888345e-10,2.0643707088488844e-10
0.49999276816929344,0.4999904927300067,2.0643707084892653e-10,4.763791293972208e-10,4.763791292761181e-10,0.499990492730006,0.49999049273000656,0.49999280070545454,4.763791295510912e-10,2.0643707134634588e-10,0.4999921088234747,0.49999057384628515,4.763791291493729e-10,2.064370711718638e-10,3.636205147804029e-10,2.064370708916251e-10
2.7381253799264198e-06,4.7637912968126e-10,4.763791292388145e-10,2.061499771222084e-12,2.061499767718046e-12,4.7637912968126e-10,4.763791296420559e-10,4.763791295510912e-10,2.307978627381091e-06,4.763791293279393e-10,1.870805369496417e-06,4.763794911475328e-10,2.061499768118112e-12,4.763791291703763e-10,4.763794905966618e-10,4.763791292388145e-10
0.4999927681692946,2.0643707135318548e-10,0.499990492730009,4.763791296867612e-10,4.763791291881678e-10,2.0643707259257655e-10,2.0643707147493925e-10,2.0643707134634588e-10,4.763791293279393e-10,0.49999280070545316,0.49999210882347833,3.6362051553792496e-10,4.763791293168957e-10,0.49999049273000906,0.49999057384628665,0.4999904927300101
0.9999870905100994,0.4999921088234754,0.4999921088234771,1.8708053693563987e-06,1.8708053686876416e-06,0.49999210882347705,0.4999921088234748,0.4999921088234747,1.870805369496417e-06,0.49999210882347833,0.9999889471090793,0.4999924985804718,1.870805368811315e-06,0.49999210882347705,0.49999249858047223,0.49999210882347733
0.4999931579262633,0.49999057384628653,3.63620514440578e-10,4.763794906697853e-10,4.763794910310772e-10,0.49999057384628537,0.4999905738462855,0.49999057384628515,4.763794911475328e-10,3.6362051553792496e-10,0.4999924985804718,0.4999929629382331,4.763794905615524e-10,3.636205151105017e-10,1.0226320926524764e-06,3.636205149125535e-10
2.7381253818911754e-06,4.763791293417007e-10,4.763791290034804e-10,2.0614997684314984e-12,2.061499764927464e-12,4.763791291143119e-10,4.763791291493729e-10,4.763791291493729e-10,2.061499768118112e-12,4.763791293168957e-10,1.870805368811315e-06,4.763794905615524e-10,2.307978627381091e-06,4.763791290034804e-10,4.763794908682924e-10,4.763791290034804e-10
0.4999927681692951,2.064370711100347e-10,0.49999049273000906,4.763791294723048e-10,4.763791292273965e-10,2.064370723546594e-10,2.064370711238337e-10,2.064370711718638e-10,4.763791291703763e-10,0.49999049273000906,0.49999210882347705,3.636205151105017e-10,4.763791290034804e-10,0.4999928007054542,0.499990573846287,0.49999049273001
0.499993157926265,3.636205142094871e-10,0.4999905738462868,4.763794910620792e-10,4.763794902711485e-10,3.6362051564088506e-10,3.6362051463888345e-10,3.636205147804029e-10,4.763794905966618e-10,0.49999057384628665,0.49999249858047223,1.0226320926524764e-06,4.763794908682924e-10,0.499990573846287,0.49999296293823475,0.4999905738462873
0.4999927681692949,2.0643707052314416e-10,0.49999049273000984,4.763791294723048e-10,4.763791292273965e-10,2.0643707211116168e-10,2.0643707088488844e-10,2.064370708916251e-10,4.763791292388145e-10,0.4999904927300101,0.49999210882347733,3.636205149125535e-10,4.763791290034804e-10,0.49999049273001,0.4999905738462873,0.4999928007054537
