0.9999999984404271,0.9999994844929735,0.9999994120801559,0.9999994120801577,0.9999994120801574,0.9999994120801541,0.9999994120801574,-7.462768512141261e-07,-7.462768497507884e-07,-7.462768489501875e-07,0.9999994120801574,-7.462768490033101e-07,-7.462768494253713e-07
0.9999994844929735,0.9999995690264909,1.0000002750924313,1.0000002750924315,1.000000275092431,1.000000275092432,1.000000275092431,-1.7307742244565734e-07,-1.7307742181660546e-07,-1.7307742248057487e-07,1.000000275092431,-1.7307742340745078e-07,-1.730774229213172e-07
0.9999994120801559,1.0000002750924313,0.9999994242008045,1.0000002026795751,1.0000002026795747,1.000000202679575,1.0000002026795738,-8.850606585483057e-11,-8.850606535522034e-11,-8.850606578125376e-11,1.0000002026795747,-8.850606640377001e-11,-8.850606592172967e-11
0.9999994120801577,1.0000002750924315,1.0000002026795751,0.999999424200794,1.0000002026795762,1.0000002026795762,1.0000002026795767,-8.850606545431239e-11,-8.850606557962409e-11,-8.850606607580667e-11,1.0000002026795762,-8.850606640376994e-11,-8.850606592172967e-11
0.9999994120801574,1.000000275092431,1.0000002026795747,1.0000002026795762,0.9999994242008045,1.0000002026795756,1.0000002026795738,-8.850606585483057e-11,-8.850606535522034e-11,-8.850606578125376e-11,1.0000002026795747,-8.850606627132844e-11,-8.850606592172967e-11
0.9999994120801541,1.000000275092432,1.000000202679575,1.0000002026795762,1.0000002026795756,0.9999994242008023,1.0000002026795751,-8.850606545431239e-11,-8.850606535404616e-11,-8.850606607580667e-11,1.0000002026795756,-8.850606612183515e-11,-8.850606592172967e-11
0.9999994120801574,1.000000275092431,1.0000002026795738,1.0000002026795767,1.0000002026795738,1.0000002026795751,0.9999994242008012,-8.850606585483057e-11,-8.850606543718953e-11,-8.850606607580667e-11,1.0000002026795738,-8.850606608318073e-11,-8.850606592172967e-11
-7.462768512141261e-07,-1.7307742244565734e-07,-8.850606585483057e-11,-8.850606545431239e-11,-8.850606585483057e-11,-8.850606545431239e-11,-8.850606585483057e-11,-7.784791858968346e-07,1.1726446422984752e-14,1.1726446028599042e-14,-8.850606534481318e-11,1.1726445757588874e-14,1.172644574876319e-14
-7.462768497507884e-07,-1.7307742181660546e-07,-8.850606535522034e-11,-8.850606557962409e-11,-8.850606535522034e-11,-8.850606535404616e-11,-8.850606543718953e-11,1.1726446422984752e-14,-7.784791858968346e-07,1.17264466292124e-14,-8.850606530002257e-11,1.1726446358202091e-14,1.1726446349376358e-14
-7.462768489501875e-07,-1.7307742248057487e-07,-8.850606578125376e-11,-8.850606607580667e-11,-8.850606578125376e-11,-8.850606607580667e-11,-8.850606607580667e-11,1.1726446028599042e-14,1.17264466292124e-14,-7.784791858968346e-07,-8.850606578125376e-11,1.1726445963816336e-14,1.1726445954990644e-14
0.9999994120801574,1.000000275092431,1.0000002026795747,1.0000002026795762,1.0000002026795747,1.0000002026795756,1.0000002026795738,-8.850606534481318e-11,-8.850606530002257e-11,-8.850606578125376e-11,0.9999994242008045,-8.850606620078604e-11,-8.850606623530233e-11
-7.462768490033101e-07,-1.7307742340745078e-07,-8.850606640377001e-11,-8.850606640376994e-11,-8.850606627132844e-11,-8.850606612183515e-11,-8.850606608318073e-11,1.1726445757588874e-14,1.1726446358202091e-14,1.1726445963816336e-14,-8.850606620078604e-11,-7.784791858968346e-07,1.1726445683980413e-14
-7.462768494253713e-07,-1.730774229213172e-07,-8.850606592172967e-11,-8.850606592172967e-11,-8.850606592172967e-11,-8.850606592172967e-11,-8.850606592172967e-11,1.172644574876319e-14,1.1726446349376358e-14,1.1726445954990644e-14,-8.850606623530233e-11,1.1726445683980413e-14,-7.784791858928816e-07
