1.0000000040594623,1.000013147895957,1.0000135261966012,-2.118550808689135e-06,-2.1213592059360145e-06,-2.1213592058102017e-06,1.0000131478959586,1.0000132480960784,-1.8401054611274374e-06,1.0000126711709563,1.0000134391854374,1.0000126711709563,1.0000131478959577,1.0000131478959582,1.0000131478959582,1.0000126711709532
1.000013147895957,1.0000137225238093,1.0000175686870865,-4.1152633159546153e-10,-4.1295658492348225e-10,-4.1295658499500055e-10,1.0000171903853816,1.0000172905857891,-2.6971972346616167e-10,1.0000167136590465,1.00001748167568,1.0000167136590465,1.0000171903853814,1.0000171903853814,1.0000171903853818,1.0000167136590463
1.0000135261966012,1.0000175686870865,1.0000144791274745,-4.1152647898876163e-10,-8.108669754777746e-07,-8.108669749944485e-07,1.0000175686870856,1.0000176688875315,-2.697198191103066e-10,1.000017091960571,1.0000178599774943,1.000017091960571,1.000017568687085,1.0000175686870851,1.000017568687085,1.0000170919605693
-2.118550808689135e-06,-4.1152633159546153e-10,-4.1152647898876163e-10,-3.467862613979385e-06,1.1760945161994367e-13,1.1760945088494066e-13,-4.1152633159546153e-10,-8.080583588696088e-07,3.6319960075102844e-14,-8.080579180972077e-07,-8.080585137958098e-07,-8.080579180972077e-07,-4.1152633162251246e-10,-4.1152633159546153e-10,-4.1152633159546153e-10,-8.080579180972035e-07
-2.1213592059360145e-06,-4.1295658492348225e-10,-8.108669754777746e-07,1.1760945161994367e-13,-3.4678625988547417e-06,1.248700057186342e-13,-4.1295658522171504e-10,-8.10866755003498e-07,4.142956929741956e-14,-8.10866312319207e-07,-4.12956700497991e-10,-8.10866312319207e-07,-4.1295658522171504e-10,-4.1295658492348225e-10,-4.1295658515752293e-10,-8.108663123192049e-07
-2.1213592058102017e-06,-4.1295658499500055e-10,-8.108669749944485e-07,1.1760945088494066e-13,1.248700057186342e-13,-3.4678625988547417e-06,-4.12956584855125e-10,-8.108667545201705e-07,4.14295687937783e-14,-8.10866311835881e-07,-4.1295670004592147e-10,-8.10866311835881e-07,-4.129565849903528e-10,-4.1295658499500055e-10,-4.1295658499322635e-10,-8.108663118358782e-07
1.0000131478959586,1.0000171903853816,1.0000175686870856,-4.1152633159546153e-10,-4.1295658522171504e-10,-4.12956584855125e-10,1.0000137225238108,1.000017290585789,-2.697197234008037e-10,1.000016713659047,1.0000174816756795,1.000016713659047,1.0000171903853803,1.000017190385381,1.0000171903853807,1.000016713659045
1.0000132480960784,1.0000172905857891,1.0000176688875315,-8.080583588696088e-07,-8.10866755003498e-07,-8.108667545201705e-07,1.000017290585789,1.0000139229246598,-2.69719746659779e-10,1.0000168138594077,1.0000175818761163,1.0000168138594077,1.0000172905857874,1.0000172905857874,1.000017290585788,1.0000168138594048
-1.8401054611274374e-06,-2.6971972346616167e-10,-2.697198191103066e-10,3.6319960075102844e-14,4.142956929741956e-14,4.14295687937783e-14,-2.697197234008037e-10,-2.69719746659779e-10,-3.467862726891553e-06,-5.296116889060713e-07,-2.6971979799569936e-10,-5.296116889060713e-07,-2.6971972345497917e-10,-2.6971972335585925e-10,-2.6971972337511767e-10,-5.296116889060684e-07
1.0000126711709563,1.0000167136590465,1.000017091960571,-8.080579180972077e-07,-8.10866312319207e-07,-8.10866311835881e-07,1.000016713659047,1.0000168138594077,-5.296116889060713e-07,1.0000127690712237,1.0000170049492054,1.0000162369329426,1.0000167136590468,1.000016713659047,1.0000167136590474,1.0000162369329415
1.0000134391854374,1.00001748167568,1.0000178599774943,-8.080585137958098e-07,-4.12956700497991e-10,-4.1295670004592147e-10,1.0000174816756795,1.0000175818761163,-2.6971979799569936e-10,1.0000170049492054,1.0000143051045736,1.0000170049492054,1.0000174816756784,1.0000174816756784,1.0000174816756793,1.0000170049492036
1.0000126711709563,1.0000167136590465,1.000017091960571,-8.080579180972077e-07,-8.10866312319207e-07,-8.10866311835881e-07,1.000016713659047,1.0000168138594077,-5.296116889060713e-07,1.0000162369329426,1.0000170049492054,1.0000127690712237,1.0000167136590468,1.000016713659047,1.0000167136590474,1.0000162369329415
1.0000131478959577,1.0000171903853814,1.000017568687085,-4.1152633162251246e-10,-4.1295658522171504e-10,-4.129565849903528e-10,1.0000171903853803,1.0000172905857874,-2.6971972345497917e-10,1.0000167136590468,1.0000174816756784,1.0000167136590468,1.0000137225238093,1.00001719038538,1.0000171903853798,1.0000167136590443
1.0000131478959582,1.0000171903853814,1.0000175686870851,-4.1152633159546153e-10,-4.1295658492348225e-10,-4.1295658499500055e-10,1.000017190385381,1.0000172905857874,-2.6971972335585925e-10,1.000016713659047,1.0000174816756784,1.000016713659047,1.00001719038538,1.0000137225238093,1.00001719038538,1.0000167136590445
1.0000131478959582,1.0000171903853818,1.000017568687085,-4.1152633159546153e-10,-4.1295658515752293e-10,-4.1295658499322635e-10,1.0000171903853807,1.000017290585788,-2.6971972337511767e-10,1.0000167136590474,1.0000174816756793,1.0000167136590474,1.0000171903853798,1.00001719038538,1.0000137225238095,1.0000167136590439
1.0000126711709532,1.0000167136590463,1.0000170919605693,-8.080579180972035e-07,-8.108663123192049e-07,-8.108663118358782e-07,1.000016713659045,1.0000168138594048,-5.296116889060684e-07,1.0000162369329415,1.0000170049492036,1.0000162369329415,1.0000167136590443,1.0000167136590445,1.0000167136590439,1.0000127690712293
