0.9999999984404274,-7.462769343264333e-07,-7.462769372188972e-07,-7.462769372247816e-07,0.9999994844929471,0.9999994120801295,0.9999994120801263,0.999999412080129,0.9999994120801292,-7.462769368594739e-07,0.9999994120801253,-7.462769368063123e-07,0.9999994120801263
-7.462769343264333e-07,-7.784792602016193e-07,1.1726452547099111e-14,1.1726453797110513e-14,-1.7307740733720144e-07,-8.850605816277883e-11,-8.850605834867352e-11,-8.850605816277883e-11,-8.850605821750661e-11,1.1726453541332522e-14,-8.850605816277879e-11,1.1726453141456485e-14,-8.850605816277879e-11
-7.462769372188972e-07,1.1726452547099111e-14,-7.784792602016193e-07,1.1726453304490869e-14,-1.7307740751901576e-07,-8.850605827954801e-11,-8.850605827954801e-11,-8.850605765993897e-11,-8.850605816047401e-11,1.1726453048712845e-14,-8.850605801593045e-11,1.1726452648836962e-14,-8.850605827954801e-11
-7.462769372247816e-07,1.1726453797110513e-14,1.1726453304490869e-14,-7.784792602016193e-07,-1.7307740463322576e-07,-8.850605638406974e-11,-8.850605626706593e-11,-8.850605724005468e-11,-8.850605626706593e-11,1.1726454298724207e-14,-8.850605724005468e-11,1.1726453898848289e-14,-8.850605637125284e-11
0.9999994844929471,-1.7307740733720144e-07,-1.7307740751901576e-07,-1.7307740463322576e-07,0.9999995690264712,1.000000275092486,1.0000002750924881,1.000000275092487,1.0000002750924866,-1.7307740549797707e-07,1.0000002750924892,-1.7307740568283261e-07,1.0000002750924877
0.9999994120801295,-8.850605816277883e-11,-8.850605827954801e-11,-8.850605638406974e-11,1.000000275092486,0.9999994242007678,1.0000002026796255,1.000000202679625,1.0000002026796253,-8.850605696539374e-11,1.0000002026796275,-8.850605688681193e-11,1.0000002026796257
0.9999994120801263,-8.850605834867352e-11,-8.850605827954801e-11,-8.850605626706593e-11,1.0000002750924881,1.0000002026796255,0.9999994242007689,1.000000202679627,1.0000002026796269,-8.850605710377887e-11,1.0000002026796295,-8.850605717880357e-11,1.0000002026796282
0.999999412080129,-8.850605816277883e-11,-8.850605765993897e-11,-8.850605724005468e-11,1.000000275092487,1.000000202679625,1.000000202679627,0.9999994242007686,1.0000002026796262,-8.850605710377887e-11,1.000000202679629,-8.850605725480526e-11,1.0000002026796273
0.9999994120801292,-8.850605821750661e-11,-8.850605816047401e-11,-8.850605626706593e-11,1.0000002750924866,1.0000002026796253,1.0000002026796269,1.0000002026796262,0.9999994242007668,-8.850605689689609e-11,1.0000002026796282,-8.850605702318689e-11,1.000000202679627
-7.462769368594739e-07,1.1726453541332522e-14,1.1726453048712845e-14,1.1726454298724207e-14,-1.7307740549797707e-07,-8.850605696539374e-11,-8.850605710377887e-11,-8.850605710377887e-11,-8.850605689689609e-11,-7.784792602016193e-07,-8.850605689689609e-11,1.1726453643070406e-14,-8.850605689689609e-11
0.9999994120801253,-8.850605816277879e-11,-8.850605801593045e-11,-8.850605724005468e-11,1.0000002750924892,1.0000002026796275,1.0000002026796295,1.000000202679629,1.0000002026796282,-8.850605689689609e-11,0.9999994242007688,-8.850605715639573e-11,1.0000002026796295
-7.462769368063123e-07,1.1726453141456485e-14,1.1726452648836962e-14,1.1726453898848289e-14,-1.7307740568283261e-07,-8.850605688681193e-11,-8.850605717880357e-11,-8.850605725480526e-11,-8.850605702318689e-11,1.1726453643070406e-14,-8.850605715639573e-11,-7.784792602016193e-07,-8.850605702318689e-11
0.9999994120801263,-8.850605816277879e-11,-8.850605827954801e-11,-8.850605637125284e-11,1.0000002750924877,1.0000002026796257,1.0000002026796282,1.0000002026796273,1.000000202679627,-8.850605689689609e-11,1.0000002026796295,-8.850605702318689e-11,0.9999994242007675
