0.9999999949764172,1.0000024418516087,1.000002441851604,-2.105847632565956e-06,-2.105847632565657e-06,1.0000024418515991,-2.1058476325662265e-06,-2.105847632565956e-06,1.000002441851603,-2.105847632913473e-06,-2.1058476325660363e-06,1.0000024418516034,1.0000026622995688
1.0000024418516087,1.000004142271216,1.0000079869767817,-2.812751752920364e-10,-2.812751759779251e-10,1.0000079869767822,-2.812751755305895e-10,-2.8127517485036876e-10,1.0000079869767826,-2.8127517549097165e-10,-2.812751746842161e-10,1.0000079869767844,1.0000082074260426
1.000002441851604,1.0000079869767817,1.0000041422712165,-2.81275175182483e-10,-2.812751759779251e-10,1.0000079869767835,-2.812751752170818e-10,-2.812751755767961e-10,1.0000079869767824,-2.8127517549097165e-10,-2.8127517522917e-10,1.0000079869767835,1.000008207426044
-2.105847632565956e-06,-2.812751752920364e-10,-2.81275175182483e-10,-3.84470724153553e-06,9.364211299788395e-17,-2.812751752920364e-10,1.8349479094259053e-13,9.354141889449522e-17,-2.8127517516278247e-10,9.364211299788395e-17,1.8349479216904633e-13,-2.812751752920364e-10,-5.500459923201517e-07
-2.105847632565657e-06,-2.812751759779251e-10,-2.812751759779251e-10,9.364211299788395e-17,-3.84470724153553e-06,-2.8127517596305505e-10,9.387884691931745e-17,1.8349479139722727e-13,-2.812751756636161e-10,1.8349479183977673e-13,9.416333442512864e-17,-2.812751756017371e-10,-5.500459929845725e-07
1.0000024418515991,1.0000079869767822,1.0000079869767835,-2.812751752920364e-10,-2.8127517596305505e-10,1.0000041422712223,-2.8127517513726416e-10,-2.812751756353095e-10,1.0000079869767835,-2.8127517534654974e-10,-2.8127517528041097e-10,1.0000079869767846,1.0000082074260443
-2.1058476325662265e-06,-2.812751755305895e-10,-2.812751752170818e-10,1.8349479094259053e-13,9.387884691931745e-17,-2.8127517513726416e-10,-3.84470724153553e-06,9.354141889449522e-17,-2.812751750616938e-10,9.354141889449522e-17,1.8349479184614035e-13,-2.8127517527977714e-10,-5.500459923656712e-07
-2.105847632565956e-06,-2.8127517485036876e-10,-2.812751755767961e-10,9.354141889449522e-17,1.8349479139722727e-13,-2.812751756353095e-10,9.354141889449522e-17,-3.84470724153553e-06,-2.8127517519890643e-10,1.8349479179964196e-13,9.377798328154463e-17,-2.812751756353095e-10,-5.500459927239267e-07
1.000002441851603,1.0000079869767826,1.0000079869767824,-2.8127517516278247e-10,-2.812751756636161e-10,1.0000079869767835,-2.812751750616938e-10,-2.8127517519890643e-10,1.0000041422712187,-2.8127517549097165e-10,-2.8127517522917e-10,1.0000079869767846,1.0000082074260441
-2.105847632913473e-06,-2.8127517549097165e-10,-2.8127517549097165e-10,9.364211299788395e-17,1.8349479183977673e-13,-2.8127517534654974e-10,9.354141889449522e-17,1.8349479179964196e-13,-2.8127517549097165e-10,-3.84470724153553e-06,9.354141889449522e-17,-2.8127517549097165e-10,-5.500459932361445e-07
-2.1058476325660363e-06,-2.812751746842161e-10,-2.8127517522917e-10,1.8349479216904633e-13,9.416333442512864e-17,-2.8127517528041097e-10,1.8349479184614035e-13,9.377798328154463e-17,-2.8127517522917e-10,9.354141889449522e-17,-3.84470724153553e-06,-2.8127517471410285e-10,-5.50045992237737e-07
1.0000024418516034,1.0000079869767844,1.0000079869767835,-2.812751752920364e-10,-2.812751756017371e-10,1.0000079869767846,-2.8127517527977714e-10,-2.812751756353095e-10,1.0000079869767846,-2.8127517549097165e-10,-2.8127517471410285e-10,1.0000041422712174,1.0000082074260448
1.0000026622995688,1.0000082074260426,1.000008207426044,-5.500459923201517e-07,-5.500459929845725e-07,1.0000082074260443,-5.500459923656712e-07,-5.500459927239267e-07,1.0000082074260441,-5.500459932361445e-07,-5.50045992237737e-07,1.0000082074260448,1.000004583169207
