1.0000000052265954,0.5000110260266899,0.5000110260266925,0.5000110260266948,0.5000110260266913,0.5000110260266911,0.500011026026695,0.500011026026695,0.5000110260266919,1.000019031505577,0.5000110260266913,0.5000110260266942,0.5000110260266935,0.500011026026695
0.5000110260266899,0.5000101669678275,0.5000108890759565,7.473706134345564e-10,0.5000108890759567,0.5000108890759556,7.473706145018838e-10,7.473706145997289e-10,0.5000108890759559,0.5000137017366607,0.500010889075956,7.473706147638517e-10,7.473706147120054e-10,7.473706145377372e-10
0.5000110260266925,0.5000108890759565,0.5000101669678275,7.473706141189352e-10,0.5000108890759567,0.5000108890759558,7.473706154837315e-10,7.473706155634746e-10,0.5000108890759561,0.5000137017366625,0.5000108890759563,7.473706154541857e-10,7.473706156241505e-10,7.473706153447507e-10
0.5000110260266948,7.473706134345564e-10,7.473706141189352e-10,0.5000101669678323,7.473706137854676e-10,7.473706143864435e-10,0.5000108890759597,0.5000108890759598,7.473706142624565e-10,0.5000137017366643,7.473706140893941e-10,0.5000108890759598,0.5000108890759593,0.5000108890759603
0.5000110260266913,0.5000108890759567,0.5000108890759567,7.473706137854676e-10,0.5000101669678267,0.5000108890759565,7.473706151540019e-10,7.473706150666555e-10,0.5000108890759563,0.5000137017366623,0.5000108890759565,7.473706150732838e-10,7.473706153059602e-10,7.473706149225052e-10
0.5000110260266911,0.5000108890759556,0.5000108890759558,7.473706143864435e-10,0.5000108890759565,0.5000101669678274,7.473706153629367e-10,7.473706154676501e-10,0.500010889075956,0.5000137017366625,0.5000108890759558,7.473706156729419e-10,7.473706153975049e-10,7.473706152448403e-10
0.500011026026695,7.473706145018838e-10,7.473706154837315e-10,0.5000108890759597,7.473706151540019e-10,7.473706153629367e-10,0.50001016696783,0.5000108890759595,7.473706155330832e-10,0.5000137017366656,7.473706153123106e-10,0.5000108890759594,0.5000108890759587,0.5000108890759598
0.500011026026695,7.473706145997289e-10,7.473706155634746e-10,0.5000108890759598,7.473706150666555e-10,7.473706154676501e-10,0.5000108890759595,0.50001016696783,7.473706154854812e-10,0.5000137017366658,7.473706154015041e-10,0.5000108890759596,0.5000108890759585,0.5000108890759596
0.5000110260266919,0.5000108890759559,0.5000108890759561,7.473706142624565e-10,0.5000108890759563,0.500010889075956,7.473706155330832e-10,7.473706154854812e-10,0.5000101669678279,0.5000137017366626,0.5000108890759561,7.473706154188554e-10,7.47370615583952e-10,7.473706153661046e-10
1.000019031505577,0.5000137017366607,0.5000137017366625,0.5000137017366643,0.5000137017366623,0.5000137017366625,0.5000137017366656,0.5000137017366658,0.5000137017366626,1.0000293791337866,0.5000137017366625,0.5000137017366654,0.5000137017366653,0.5000137017366658
0.5000110260266913,0.500010889075956,0.5000108890759563,7.473706140893941e-10,0.5000108890759565,0.5000108890759558,7.473706153123106e-10,7.473706154015041e-10,0.5000108890759561,0.5000137017366625,0.5000101669678273,7.473706155291138e-10,7.473706156885428e-10,7.473706152498641e-10
0.5000110260266942,7.473706147638517e-10,7.473706154541857e-10,0.5000108890759598,7.473706150732838e-10,7.473706156729419e-10,0.5000108890759594,0.5000108890759596,7.473706154188554e-10,0.5000137017366654,7.473706155291138e-10,0.5000101669678281,0.5000108890759585,0.5000108890759597
0.5000110260266935,7.473706147120054e-10,7.473706156241505e-10,0.5000108890759593,7.473706153059602e-10,7.473706153975049e-10,0.5000108890759587,0.5000108890759585,7.47370615583952e-10,0.5000137017366653,7.473706156885428e-10,0.5000108890759585,0.5000101669678298,0.5000108890759593
0.500011026026695,7.473706145377372e-10,7.473706153447507e-10,0.5000108890759603,7.473706149225052e-10,7.473706152448403e-10,0.5000108890759598,0.5000108890759596,7.473706153661046e-10,0.5000137017366658,7.473706152498641e-10,0.5000108890759597,0.5000108890759593,0.50001016696783
