0.9999999949764175,1.0000026622995626,1.000002441851598,1.000002441851595,1.000002441851598,1.0000024418515918,-2.105847655781001e-06,-2.1058476557658427e-06,1.000002441851596,-2.1058476557868745e-06,-2.1058476557657987e-06,-2.1058476557888943e-06,-2.1058476557810016e-06
1.0000026622995626,1.0000045831691815,1.0000082074260412,1.0000082074260412,1.0000082074260424,1.000008207426041,-5.500459982628171e-07,-5.500459981142739e-07,1.0000082074260417,-5.500459982347188e-07,-5.500459981381192e-07,-5.500459981018309e-07,-5.500459985958697e-07
1.000002441851598,1.0000082074260412,1.000004142271188,1.0000079869767753,1.0000079869767762,1.0000079869767753,-2.8127517830422476e-10,-2.812751778802029e-10,1.0000079869767748,-2.812751772407619e-10,-2.812751782001523e-10,-2.812751783224899e-10,-2.812751784064115e-10
1.000002441851595,1.0000082074260412,1.0000079869767753,1.000004142271187,1.0000079869767773,1.0000079869767762,-2.8127517830422476e-10,-2.812751778802029e-10,1.0000079869767753,-2.8127517781759316e-10,-2.812751782001523e-10,-2.812751778716248e-10,-2.812751782607614e-10
1.000002441851598,1.0000082074260424,1.0000079869767762,1.0000079869767773,1.0000041422711892,1.0000079869767768,-2.8127517830422476e-10,-2.812751778802029e-10,1.0000079869767773,-2.8127517793613455e-10,-2.812751782001523e-10,-2.812751776528689e-10,-2.812751784064115e-10
1.0000024418515918,1.000008207426041,1.0000079869767753,1.0000079869767762,1.0000079869767768,1.0000041422711905,-2.8127517830422476e-10,-2.812751773712096e-10,1.0000079869767757,-2.812751772407619e-10,-2.8127517788370935e-10,-2.812751779661576e-10,-2.812751777360105e-10
-2.105847655781001e-06,-5.500459982628171e-07,-2.8127517830422476e-10,-2.8127517830422476e-10,-2.8127517830422476e-10,-2.8127517830422476e-10,-3.844707265831012e-06,9.384243933944665e-17,-2.8127517810373913e-10,9.377450338608808e-17,1.8349478509653802e-13,9.384998010851206e-17,1.8349478467607246e-13
-2.1058476557658427e-06,-5.500459981142739e-07,-2.812751778802029e-10,-2.812751778802029e-10,-2.812751778802029e-10,-2.812751773712096e-10,9.384243933944665e-17,-3.844707265831012e-06,-2.812751773712096e-10,1.8349478601500332e-13,9.3476560928348e-17,1.8349478550755533e-13,9.400903838511081e-17
1.000002441851596,1.0000082074260417,1.0000079869767748,1.0000079869767753,1.0000079869767773,1.0000079869767757,-2.8127517810373913e-10,-2.812751773712096e-10,1.0000041422711878,-2.8127517793613455e-10,-2.8127517787582404e-10,-2.8127517727823004e-10,-2.812751782607614e-10
-2.1058476557868745e-06,-5.500459982347188e-07,-2.812751772407619e-10,-2.8127517781759316e-10,-2.8127517793613455e-10,-2.812751772407619e-10,9.377450338608808e-17,1.8349478601500332e-13,-2.8127517793613455e-10,-3.844707265831012e-06,9.400903838511081e-17,1.8349478551447254e-13,9.345606216675085e-17
-2.1058476557657987e-06,-5.500459981381192e-07,-2.812751782001523e-10,-2.812751782001523e-10,-2.812751782001523e-10,-2.8127517788370935e-10,1.8349478509653802e-13,9.3476560928348e-17,-2.8127517787582404e-10,9.400903838511081e-17,-3.844707265831012e-06,9.377450338608808e-17,1.834947847760296e-13
-2.1058476557888943e-06,-5.500459981018309e-07,-2.812751783224899e-10,-2.812751778716248e-10,-2.812751776528689e-10,-2.812751779661576e-10,9.384998010851206e-17,1.8349478550755533e-13,-2.8127517727823004e-10,1.8349478551447254e-13,9.377450338608808e-17,-3.844707265831012e-06,9.384243933944665e-17
-2.1058476557810016e-06,-5.500459985958697e-07,-2.812751784064115e-10,-2.812751782607614e-10,-2.812751784064115e-10,-2.812751777360105e-10,1.8349478467607246e-13,9.400903838511081e-17,-2.812751782607614e-10,9.345606216675085e-17,1.834947847760296e-13,9.384243933944665e-17,-3.8447072678479655e-06
