1.0000000025581457,1.0000086617713662,1.0000088125607485,-8.439654183783675e-07,1.0000088125607467,1.0000088125607474,1.0000088125607474,-8.439654189459705e-07,-8.439654203981842e-07,-8.439654197592278e-07,1.0000088125607485,1.0000088125607471,1.0000088125607471,1.0000088125607471
1.0000086617713662,1.000009175430738,1.0000116284894427,-2.620239630267232e-07,1.0000116284894427,1.0000116284894418,1.0000116284894418,-2.620239628151933e-07,-2.6202396199859095e-07,-2.6202396322414047e-07,1.0000116284894423,1.0000116284894427,1.0000116284894423,1.0000116284894423
1.0000088125607485,1.0000116284894427,1.0000094770102166,-1.3378315571652307e-10,1.0000117792791772,1.0000117792791774,1.0000117792791774,-1.3378315575408516e-10,-1.337831554574204e-10,-1.3378315602555118e-10,1.000011779279176,1.0000117792791783,1.0000117792791774,1.0000117792791774
-8.439654183783675e-07,-2.620239630267232e-07,-1.3378315571652307e-10,-2.302269481097041e-06,-1.3378315615783838e-10,-1.3378315595645363e-10,-1.3378315595645363e-10,1.3275193272984566e-14,1.3275192418289914e-14,1.3275193232555157e-14,-1.3378315612166737e-10,-1.3378315595645363e-10,-1.3378315595645363e-10,-1.3378315608116018e-10
1.0000088125607467,1.0000116284894427,1.0000117792791772,-1.3378315615783838e-10,1.0000094770102181,1.0000117792791758,1.0000117792791758,-1.3378315574847786e-10,-1.3378315550699414e-10,-1.3378315613652752e-10,1.0000117792791752,1.000011779279176,1.0000117792791772,1.0000117792791772
1.0000088125607474,1.0000116284894418,1.0000117792791774,-1.3378315595645363e-10,1.0000117792791758,1.0000094770102197,1.000011779279177,-1.3378315571500476e-10,-1.3378315532017873e-10,-1.3378315622683812e-10,1.000011779279176,1.000011779279177,1.0000117792791774,1.0000117792791774
1.0000088125607474,1.0000116284894418,1.0000117792791774,-1.3378315595645363e-10,1.0000117792791758,1.000011779279177,1.0000094770102217,-1.3378315588855787e-10,-1.337831555162336e-10,-1.337831560776593e-10,1.000011779279176,1.000011779279177,1.0000117792791774,1.0000117792791774
-8.439654189459705e-07,-2.620239628151933e-07,-1.3378315575408516e-10,1.3275193272984566e-14,-1.3378315574847786e-10,-1.3378315571500476e-10,-1.3378315588855787e-10,-2.302269481097041e-06,1.3275192321157141e-14,1.327519313542302e-14,-1.3378315570532998e-10,-1.3378315574856288e-10,-1.3378315574847786e-10,-1.3378315574847786e-10
-8.439654203981842e-07,-2.6202396199859095e-07,-1.337831554574204e-10,1.3275192418289914e-14,-1.3378315550699414e-10,-1.3378315532017873e-10,-1.337831555162336e-10,1.3275192321157141e-14,-2.302269481097041e-06,1.3275192280727946e-14,-1.3378315539114264e-10,-1.3378315552327468e-10,-1.337831555162336e-10,-1.337831555162336e-10
-8.439654197592278e-07,-2.6202396322414047e-07,-1.3378315602555118e-10,1.3275193232555157e-14,-1.3378315613652752e-10,-1.3378315622683812e-10,-1.337831560776593e-10,1.327519313542302e-14,1.3275192280727946e-14,-2.302269481097041e-06,-1.33783156249772e-10,-1.3378315588603546e-10,-1.33783156249772e-10,-1.33783156249772e-10
1.0000088125607485,1.0000116284894423,1.000011779279176,-1.3378315612166737e-10,1.0000117792791752,1.000011779279176,1.000011779279176,-1.3378315570532998e-10,-1.3378315539114264e-10,-1.33783156249772e-10,1.0000094770102197,1.0000117792791758,1.0000117792791763,1.0000117792791763
1.0000088125607471,1.0000116284894427,1.0000117792791783,-1.3378315595645363e-10,1.000011779279176,1.000011779279177,1.000011779279177,-1.3378315574856288e-10,-1.3378315552327468e-10,-1.3378315588603546e-10,1.0000117792791758,1.0000094770102166,1.000011779279177,1.000011779279177
1.0000088125607471,1.0000116284894423,1.0000117792791774,-1.3378315595645363e-10,1.0000117792791772,1.0000117792791774,1.0000117792791774,-1.3378315574847786e-10,-1.337831555162336e-10,-1.33783156249772e-10,1.0000117792791763,1.000011779279177,1.000009477010217,1.0000117792791774
1.0000088125607471,1.0000116284894423,1.0000117792791774,-1.3378315608116018e-10,1.0000117792791772,1.0000117792791774,1.0000117792791774,-1.3378315574847786e-10,-1.337831555162336e-10,-1.33783156249772e-10,1.0000117792791763,1.000011779279177,1.0000117792791774,1.000009477010217
