1.0000000119673118,3.457272727249689e-06,0.5022103922560215,1.0000326775777413,0.49782566694295416,0.4978258589446818,0.5022103922560194,0.5022103922560207,0.4978258589446831,3.457272726493991e-06,3.457272726485277e-06,3.2233144014799337e-06,0.49782466221371297,3.2233144039148133e-06,0.5022103922560199,3.4292219425126268e-06,3.2233144027284226e-06,0.5022103922560197,0.4978258589446831
3.457272727249689e-06,-2.495648359516476e-06,2.0446440610197987e-10,8.678044642839863e-07,2.36237262327503e-10,2.362374988171391e-10,2.0446440611112268e-10,2.0446440611112268e-10,2.3623749868146576e-10,-1.087361875932125e-11,-1.0873618758927924e-11,-6.781408104639485e-15,2.3623484190779936e-10,-6.781344069027403e-15,2.0446440602321514e-10,-1.2923076889321305e-11,-6.781408104639485e-15,2.0446440614312454e-10,2.362374988055112e-10
0.5022103922560215,2.0446440610197987e-10,0.5022134057018622,0.5022160237752086,1.091852450459169e-10,1.122002828395993e-10,0.5022159013391939,0.502215901339194,1.1220028310049262e-10,2.0446440540967052e-10,2.0446440513050208e-10,1.3748614358466636e-10,3.8260096459714444e-10,1.3748614371180147e-10,0.5022159013391934,2.275442400253666e-10,1.3748614347450343e-10,0.5022159013391941,1.1220028319219087e-10
1.0000326775777413,8.678044642839863e-07,0.5022160237752086,1.0000436971043782,0.49783096112854114,0.49783115313346327,0.5022160237752096,0.5022160237752089,0.49783115313346327,8.67804463942857e-07,8.678044640415305e-07,6.338415188302672e-07,0.4978299563820901,6.338415184486734e-07,0.5022160237752096,8.397525509974891e-07,6.338415181947444e-07,0.5022160237752092,0.4978311531334636
0.49782566694295416,2.36237262327503e-10,1.091852450459169e-10,0.49783096112854114,0.4978289500585879,0.49783163176350753,1.0918524518985457e-10,1.0918524454559222e-10,0.49783163176350714,2.3623726320925486e-10,2.3623726333405656e-10,1.8440471577894869e-10,0.4978299025479359,1.8440471593854577e-10,1.091852451222395e-10,3.916962425870017e-07,1.8440471532959665e-10,1.0918524462465175e-10,0.49783163176350725
0.4978258589446818,2.362374988171391e-10,1.122002828395993e-10,0.49783115313346327,0.49783163176350753,0.49782932219398496,1.1220028274820446e-10,1.1220028236296399e-10,0.49783181783120756,2.3623749951519434e-10,2.36237499475718e-10,1.8440498065197831e-10,0.4978300886151293,1.8440498035462878e-10,1.1220028278192362e-10,1.989136370293712e-10,1.8440498013946972e-10,1.12200282419633e-10,0.49783181783120756
0.5022103922560194,2.0446440611112268e-10,0.5022159013391939,0.5022160237752096,1.0918524518985457e-10,1.1220028274820446e-10,0.5022134057018615,0.5022159013391951,1.1220028321213883e-10,2.0446440540967052e-10,2.0446440530187358e-10,1.3748614331926914e-10,3.826009643349586e-10,1.374861433318902e-10,0.5022159013391946,2.2754424000896965e-10,1.3748614359232999e-10,0.5022159013391955,1.1220028301998939e-10
0.5022103922560207,2.0446440611112268e-10,0.502215901339194,0.5022160237752089,1.0918524454559222e-10,1.1220028236296399e-10,0.5022159013391951,0.5022134057018616,1.1220028275443192e-10,2.0446440530800847e-10,2.044644053751101e-10,1.374861431565367e-10,3.826009639457608e-10,1.3748614341967976e-10,0.5022159013391952,2.275442398691202e-10,1.3748614347450343e-10,0.5022159013391959,1.122002826653124e-10
0.4978258589446831,2.3623749868146576e-10,1.1220028310049262e-10,0.49783115313346327,0.49783163176350714,0.49783181783120756,1.1220028321213883e-10,1.1220028275443192e-10,0.49782932219398374,2.3623749949891165e-10,2.36237499475718e-10,1.8440498068196392e-10,0.49783008861512923,1.8440498040811934e-10,1.1220028315725096e-10,1.989136375075728e-10,1.8440498003885186e-10,1.1220028247524713e-10,0.49783181783120756
3.457272726493991e-06,-1.087361875932125e-11,2.0446440540967052e-10,8.67804463942857e-07,2.3623726320925486e-10,2.3623749951519434e-10,2.0446440540967052e-10,2.0446440530800847e-10,2.3623749949891165e-10,-2.495648359516476e-06,-1.0873618762259854e-11,-6.781427371365968e-15,2.3623484248581446e-10,-6.781344069027403e-15,2.0446440540967052e-10,-1.2923076895222327e-11,-6.781408104639485e-15,2.0446440530800847e-10,2.3623749957178145e-10
3.457272726485277e-06,-1.0873618758927924e-11,2.0446440513050208e-10,8.678044640415305e-07,2.3623726333405656e-10,2.36237499475718e-10,2.0446440530187358e-10,2.044644053751101e-10,2.36237499475718e-10,-1.0873618762259854e-11,-2.495648359516476e-06,-6.781408104639485e-15,2.3623484268966314e-10,-6.781567977564098e-15,2.0446440532739278e-10,-1.2923076894818718e-11,-6.781427371365968e-15,2.044644054277276e-10,2.3623749962194696e-10
3.2233144014799337e-06,-6.781408104639485e-15,1.3748614358466636e-10,6.338415188302672e-07,1.8440471577894869e-10,1.8440498065197831e-10,1.3748614331926914e-10,1.374861431565367e-10,1.8440498068196392e-10,-6.781427371365968e-15,-6.781408104639485e-15,-2.495654065503578e-06,3.6312032094089996e-07,-1.657784554815548e-11,1.374861436054744e-10,-8.167149972409177e-15,-1.657784554749803e-11,1.374861436054744e-10,1.8440498115076062e-10
0.49782466221371297,2.3623484190779936e-10,3.8260096459714444e-10,0.4978299563820901,0.4978299025479359,0.4978300886151293,3.826009643349586e-10,3.826009639457608e-10,0.49783008861512923,2.3623484248581446e-10,2.3623484268966314e-10,3.6312032094089996e-07,0.49782586376606663,3.631203204688369e-07,3.826009647269124e-10,1.9891058054665705e-10,3.631203201242818e-07,3.8260096403661977e-10,0.4978300886151291
3.2233144039148133e-06,-6.781344069027403e-15,1.3748614371180147e-10,6.338415184486734e-07,1.8440471593854577e-10,1.8440498035462878e-10,1.374861433318902e-10,1.3748614341967976e-10,1.8440498040811934e-10,-6.781344069027403e-15,-6.781567977564098e-15,-1.657784554815548e-11,3.631203204688369e-07,-2.495654065503578e-06,1.3748614337409355e-10,-8.167135912855794e-15,-1.657784554568947e-11,1.3748614322694428e-10,1.8440498056551692e-10
0.5022103922560199,2.0446440602321514e-10,0.5022159013391934,0.5022160237752096,1.091852451222395e-10,1.1220028278192362e-10,0.5022159013391946,0.5022159013391952,1.1220028315725096e-10,2.0446440540967052e-10,2.0446440532739278e-10,1.374861436054744e-10,3.826009647269124e-10,1.3748614337409355e-10,0.5022134057018625,2.2754423977315235e-10,1.3748614347450343e-10,0.5022159013391948,1.1220028291308525e-10
3.4292219425126268e-06,-1.2923076889321305e-11,2.275442400253666e-10,8.397525509974891e-07,3.916962425870017e-07,1.989136370293712e-10,2.2754424000896965e-10,2.275442398691202e-10,1.989136375075728e-10,-1.2923076895222327e-11,-1.2923076894818718e-11,-8.167149972409177e-15,1.9891058054665705e-10,-8.167135912855794e-15,2.2754423977315235e-10,-2.495653027290482e-06,-8.16728557765101e-15,2.2754424000896965e-10,1.989136375075728e-10
3.2233144027284226e-06,-6.781408104639485e-15,1.3748614347450343e-10,6.338415181947444e-07,1.8440471532959665e-10,1.8440498013946972e-10,1.3748614359232999e-10,1.3748614347450343e-10,1.8440498003885186e-10,-6.781408104639485e-15,-6.781427371365968e-15,-1.657784554749803e-11,3.631203201242818e-07,-1.657784554568947e-11,1.3748614347450343e-10,-8.16728557765101e-15,-2.4956540651943333e-06,1.3748614347450343e-10,1.8440498000553281e-10
0.5022103922560197,2.0446440614312454e-10,0.5022159013391941,0.5022160237752092,1.0918524462465175e-10,1.12200282419633e-10,0.5022159013391955,0.5022159013391959,1.1220028247524713e-10,2.0446440530800847e-10,2.044644054277276e-10,1.374861436054744e-10,3.8260096403661977e-10,1.3748614322694428e-10,0.5022159013391948,2.2754424000896965e-10,1.3748614347450343e-10,0.5022134057018616,1.1220028262155123e-10
0.4978258589446831,2.362374988055112e-10,1.1220028319219087e-10,0.4978311531334636,0.49783163176350725,0.49783181783120756,1.1220028301998939e-10,1.122002826653124e-10,0.49783181783120756,2.3623749957178145e-10,2.3623749962194696e-10,1.8440498115076062e-10,0.4978300886151291,1.8440498056551692e-10,1.1220028291308525e-10,1.989136375075728e-10,1.8440498000553281e-10,1.1220028262155123e-10,0.49782932219398196
