0.9999999981494435,9.535145756975523e-06,0.500021199610817,0.5000211996108338,1.0000431050411625,0.5000211996108346,0.5000211996108181,0.5000211996108186,0.5000211996108338,9.53514575554758e-06,9.535145755479685e-06,9.53514575554731e-06,0.5000211996108186,0.5000211996108372,0.5000211996108346,9.53514575500232e-06,0.5000211996108181,9.535145756637214e-06,9.535145755547317e-06,9.53514575554758e-06
9.535145756975523e-06,-4.985824203439194e-06,1.0750143160306134e-09,1.075014316462695e-09,4.237036951563516e-06,1.0750143161867057e-09,1.0750143160459617e-09,1.0750143157156505e-09,1.0750143161867057e-09,-1.0510462452915946e-11,-5.333573137021392e-15,-1.0510462456861429e-11,1.0750143160459617e-09,1.0750143161867057e-09,1.075014316462695e-09,-1.0510462456240753e-11,1.0750143158238132e-09,-5.333573137021392e-15,-5.333573137021392e-15,-5.333341103572864e-15
0.500021199610817,1.0750143160306134e-09,0.5000292492408891,8.440295261589553e-10,0.5000389006055136,8.440295259766281e-10,0.5000342350554866,0.5000342350554856,8.440295265163467e-10,1.0750143149319626e-09,1.0750143145965657e-09,1.0750143151277337e-09,0.5000342350554865,8.44029526448064e-10,8.440295262000645e-10,1.0750143148586103e-09,0.5000342350554865,1.075014314713824e-09,1.0750143146344582e-09,1.075014315091051e-09
0.5000211996108338,1.075014316462695e-09,8.440295261589553e-10,0.500029249240906,0.5000389006055317,0.5000342350555026,8.440295273106124e-10,8.440295274909766e-10,0.5000342350555026,1.0750143161491438e-09,1.0750143157894941e-09,1.0750143160265742e-09,8.440295276558296e-10,0.5000342350555027,0.5000342350555023,1.075014315867101e-09,8.440295270876657e-10,1.0750143161618995e-09,1.0750143160657456e-09,1.0750143157469363e-09
1.0000431050411625,4.237036951563516e-06,0.5000389006055136,0.5000389006055317,1.000078819830497,0.5000389006055306,0.500038900605515,0.5000389006055155,0.5000389006055322,4.23703694883916e-06,4.23703694872661e-06,4.237036949163618e-06,0.500038900605515,0.500038900605531,0.5000389006055311,4.2370369490131616e-06,0.5000389006055149,4.237036949107023e-06,4.237036948693439e-06,4.237036948926315e-06
0.5000211996108346,1.0750143161867057e-09,8.440295259766281e-10,0.5000342350555026,0.5000389006055306,0.5000292492409069,8.440295274030135e-10,8.440295273395794e-10,0.5000342350555024,1.0750143162080757e-09,1.0750143157894941e-09,1.0750143157939043e-09,8.440295272617865e-10,0.5000342350555019,0.5000342350555019,1.0750143160271959e-09,8.440295273324134e-10,1.0750143159545783e-09,1.075014316172506e-09,1.075014315477405e-09
0.5000211996108181,1.0750143160459617e-09,0.5000342350554866,8.440295273106124e-10,0.500038900605515,8.440295274030135e-10,0.5000292492408883,0.5000342350554858,8.440295280615058e-10,1.0750143149319626e-09,1.0750143146557006e-09,1.0750143150010082e-09,0.5000342350554858,8.440295273000312e-10,8.440295274104282e-10,1.0750143151034717e-09,0.500034235055485,1.0750143146609946e-09,1.0750143144672985e-09,1.0750143150972064e-09
0.5000211996108186,1.0750143157156505e-09,0.5000342350554856,8.440295274909766e-10,0.5000389006055155,8.440295273395794e-10,0.5000342350554858,0.5000292492408863,8.440295283841194e-10,1.0750143147718713e-09,1.0750143145965657e-09,1.0750143146852159e-09,0.5000342350554858,8.440295273569272e-10,8.440295277364955e-10,1.0750143147437054e-09,0.5000342350554849,1.0750143146609946e-09,1.0750143144956526e-09,1.075014315091051e-09
0.5000211996108338,1.0750143161867057e-09,8.440295265163467e-10,0.5000342350555026,0.5000389006055322,0.5000342350555024,8.440295280615058e-10,8.440295283841194e-10,0.5000292492409077,1.0750143160246783e-09,1.0750143158089745e-09,1.0750143158308418e-09,8.440295279307489e-10,0.5000342350555019,0.5000342350555017,1.0750143159456778e-09,8.44029527958441e-10,1.0750143159545783e-09,1.0750143157296838e-09,1.0750143155297696e-09
9.53514575554758e-06,-1.0510462452915946e-11,1.0750143149319626e-09,1.0750143161491438e-09,4.23703694883916e-06,1.0750143162080757e-09,1.0750143149319626e-09,1.0750143147718713e-09,1.0750143160246783e-09,-4.985824203439194e-06,-5.3333125790323385e-15,-1.0510462445029022e-11,1.0750143147676242e-09,1.07501431611081e-09,1.0750143161719624e-09,-1.0510462444408325e-11,1.0750143147999345e-09,-5.333592085783227e-15,-5.333573137021392e-15,-5.333573137021392e-15
9.535145755479685e-06,-5.333573137021392e-15,1.0750143145965657e-09,1.0750143157894941e-09,4.23703694872661e-06,1.0750143157894941e-09,1.0750143146557006e-09,1.0750143145965657e-09,1.0750143158089745e-09,-5.3333125790323385e-15,-4.985824203439194e-06,-5.333341103572864e-15,1.0750143145965657e-09,1.0750143157894941e-09,1.0750143157894941e-09,-5.3333702914016245e-15,1.0750143145965657e-09,-1.0510462451732505e-11,-1.0510462447280676e-11,-1.0510462448488772e-11
9.53514575554731e-06,-1.0510462456861429e-11,1.0750143151277337e-09,1.0750143160265742e-09,4.237036949163618e-06,1.0750143157939043e-09,1.0750143150010082e-09,1.0750143146852159e-09,1.0750143158308418e-09,-1.0510462445029022e-11,-5.333341103572864e-15,-4.985824203439194e-06,1.0750143146852159e-09,1.075014315933493e-09,1.0750143159280159e-09,-1.051046244835381e-11,1.0750143151277337e-09,-5.333573137021392e-15,-5.333309761400937e-15,-5.333573137021392e-15
0.5000211996108186,1.0750143160459617e-09,0.5000342350554865,8.440295276558296e-10,0.500038900605515,8.440295272617865e-10,0.5000342350554858,0.5000342350554858,8.440295279307489e-10,1.0750143147676242e-09,1.0750143145965657e-09,1.0750143146852159e-09,0.5000292492408883,8.440295271679619e-10,8.440295277589528e-10,1.0750143146431463e-09,0.500034235055485,1.0750143146609946e-09,1.0750143147414032e-09,1.075014315091051e-09
0.5000211996108372,1.0750143161867057e-09,8.44029526448064e-10,0.5000342350555027,0.500038900605531,0.5000342350555019,8.440295273000312e-10,8.440295273569272e-10,0.5000342350555019,1.07501431611081e-09,1.0750143157894941e-09,1.075014315933493e-09,8.440295271679619e-10,0.5000292492409051,0.5000342350555017,1.0750143159456778e-09,8.440295271458508e-10,1.0750143161618995e-09,1.075014316172506e-09,1.075014315477404e-09
0.5000211996108346,1.075014316462695e-09,8.440295262000645e-10,0.5000342350555023,0.5000389006055311,0.5000342350555019,8.440295274104282e-10,8.440295277364955e-10,0.5000342350555017,1.0750143161719624e-09,1.0750143157894941e-09,1.0750143159280159e-09,8.440295277589528e-10,0.5000342350555017,0.5000292492409075,1.0750143160271959e-09,8.440295275525757e-10,1.0750143160912676e-09,1.0750143157296838e-09,1.075014315477404e-09
9.53514575500232e-06,-1.0510462456240753e-11,1.0750143148586103e-09,1.075014315867101e-09,4.2370369490131616e-06,1.0750143160271959e-09,1.0750143151034717e-09,1.0750143147437054e-09,1.0750143159456778e-09,-1.0510462444408325e-11,-5.3333702914016245e-15,-1.051046244835381e-11,1.0750143146431463e-09,1.0750143159456778e-09,1.0750143160271959e-09,-4.985824203439194e-06,1.0750143146810504e-09,-5.333301884888325e-15,-5.333573137021392e-15,-5.333301884888325e-15
0.5000211996108181,1.0750143158238132e-09,0.5000342350554865,8.440295270876657e-10,0.5000389006055149,8.440295273324134e-10,0.500034235055485,0.5000342350554849,8.44029527958441e-10,1.0750143147999345e-09,1.0750143145965657e-09,1.0750143151277337e-09,0.500034235055485,8.440295271458508e-10,8.440295275525757e-10,1.0750143146810504e-09,0.5000292492408865,1.075014314713824e-09,1.0750143144956526e-09,1.075014315091051e-09
9.535145756637214e-06,-5.333573137021392e-15,1.075014314713824e-09,1.0750143161618995e-09,4.237036949107023e-06,1.0750143159545783e-09,1.0750143146609946e-09,1.0750143146609946e-09,1.0750143159545783e-09,-5.333592085783227e-15,-1.0510462451732505e-11,-5.333573137021392e-15,1.0750143146609946e-09,1.0750143161618995e-09,1.0750143160912676e-09,-5.333301884888325e-15,1.075014314713824e-09,-4.985824203312659e-06,-1.0510462447114711e-11,-1.051046244832275e-11
9.535145755547317e-06,-5.333573137021392e-15,1.0750143146344582e-09,1.0750143160657456e-09,4.237036948693439e-06,1.075014316172506e-09,1.0750143144672985e-09,1.0750143144956526e-09,1.0750143157296838e-09,-5.333573137021392e-15,-1.0510462447280676e-11,-5.333309761400937e-15,1.0750143147414032e-09,1.075014316172506e-09,1.0750143157296838e-09,-5.333573137021392e-15,1.0750143144956526e-09,-1.0510462447114711e-11,-4.985824203312659e-06,-1.0510462443870984e-11
9.53514575554758e-06,-5.333341103572864e-15,1.075014315091051e-09,1.0750143157469363e-09,4.237036948926315e-06,1.075014315477405e-09,1.0750143150972064e-09,1.075014315091051e-09,1.0750143155297696e-09,-5.333573137021392e-15,-1.0510462448488772e-11,-5.333573137021392e-15,1.075014315091051e-09,1.075014315477404e-09,1.075014315477404e-09,-5.333301884888325e-15,1.075014315091051e-09,-1.051046244832275e-11,-1.0510462443870984e-11,-4.985824203312659e-06
