0.9999999805786002,0.25000287167964247,0.2500028716796883,0.2500028716796883,0.2500028716796874,0.2500028716796458,0.2500028716796903,0.25000287167969043,0.2500028716796891,0.25000287167968843,0.25000287167964547,0.25000287167969176,0.2500028716796459,0.25000287167969176,0.25000287167969176,0.2500028716796887,0.2500028716796918,1.000015273066063
0.25000287167964247,0.2500008460954946,7.25419310236742e-10,7.254193099212089e-10,7.254193099033473e-10,0.2500057883046192,7.254193095168012e-10,7.254193096736982e-10,7.25419309912663e-10,7.254193100020894e-10,0.25000578830461895,7.254193094671502e-10,0.25000578830461845,7.254193096260579e-10,7.254193095036528e-10,7.254193095743583e-10,7.254193096392092e-10,0.250011613895088
0.2500028716796883,7.25419310236742e-10,0.25000084609554163,0.2500057883046648,7.254193086918539e-10,7.254193098424085e-10,7.254193090576898e-10,7.254193085926758e-10,7.25419308906618e-10,0.25000578830466375,7.254193099010002e-10,7.254193099006699e-10,7.254193098392188e-10,7.254193096492505e-10,7.254193095962851e-10,0.25000578830466413,7.254193096361521e-10,0.2500116138951325
0.2500028716796883,7.254193099212089e-10,0.2500057883046648,0.2500008460955412,7.25419308560345e-10,7.254193103149913e-10,7.254193089252154e-10,7.254193087288119e-10,7.254193090349913e-10,0.25000578830466375,7.254193102386362e-10,7.254193089756994e-10,7.254193102799292e-10,7.2541930948275e-10,7.25419309827123e-10,0.250005788304664,7.254193095641521e-10,0.25001161389513293
0.2500028716796874,7.254193099033473e-10,7.254193086918539e-10,7.25419308560345e-10,0.2500008460955421,7.254193102247869e-10,0.25000578830466547,0.2500057883046654,0.2500057883046654,7.254193090456208e-10,7.254193100375359e-10,7.254193090377547e-10,7.254193098581129e-10,7.254193089356446e-10,7.254193088403991e-10,7.254193090498104e-10,7.25419309279814e-10,0.25001161389513415
0.2500028716796458,0.2500057883046192,7.254193098424085e-10,7.254193103149913e-10,7.254193102247869e-10,0.250000846095495,7.254193101837741e-10,7.25419309930039e-10,7.25419310077834e-10,7.254193098693746e-10,0.25000578830461967,7.254193101037612e-10,0.25000578830461934,7.254193099589034e-10,7.254193097705757e-10,7.254193098726661e-10,7.254193097775125e-10,0.2500116138950907
0.2500028716796903,7.254193095168012e-10,7.254193090576898e-10,7.254193089252154e-10,0.25000578830466547,7.254193101837741e-10,0.2500008460955421,0.25000578830466497,0.250005788304665,7.254193093749128e-10,7.254193100205161e-10,7.254193090119909e-10,7.254193098588774e-10,7.254193092493926e-10,7.254193090923451e-10,7.254193094817129e-10,7.254193089232969e-10,0.2500116138951338
0.25000287167969043,7.254193096736982e-10,7.254193085926758e-10,7.254193087288119e-10,0.2500057883046654,7.25419309930039e-10,0.25000578830466497,0.2500008460955421,0.2500057883046651,7.254193091991333e-10,7.254193099068883e-10,7.25419309163367e-10,7.254193104204856e-10,7.254193092015575e-10,7.254193091536783e-10,7.254193090088447e-10,7.254193088760652e-10,0.2500116138951334
0.2500028716796891,7.25419309912663e-10,7.25419308906618e-10,7.254193090349913e-10,0.2500057883046654,7.25419310077834e-10,0.250005788304665,0.2500057883046651,0.2500008460955421,7.254193091431455e-10,7.254193101027436e-10,7.254193092334442e-10,7.254193100640138e-10,7.254193092243633e-10,7.254193088272094e-10,7.254193093686065e-10,7.254193089544805e-10,0.2500116138951336
0.25000287167968843,7.254193100020894e-10,0.25000578830466375,0.25000578830466375,7.254193090456208e-10,7.254193098693746e-10,7.254193093749128e-10,7.254193091991333e-10,7.254193091431455e-10,0.25000084609554113,7.254193103390646e-10,7.254193089958482e-10,7.254193103091855e-10,7.254193094998058e-10,7.254193094433582e-10,0.2500057883046633,7.254193095951729e-10,0.25001161389513216
0.25000287167964547,0.25000578830461895,7.254193099010002e-10,7.254193102386362e-10,7.254193100375359e-10,0.25000578830461967,7.254193100205161e-10,7.254193099068883e-10,7.254193101027436e-10,7.254193103390646e-10,0.25000084609549517,7.254193099209559e-10,0.25000578830461917,7.254193100548192e-10,7.25419309983872e-10,7.254193100042394e-10,7.25419309922824e-10,0.25001161389509025
0.25000287167969176,7.254193094671502e-10,7.254193099006699e-10,7.254193089756994e-10,7.254193090377547e-10,7.254193101037612e-10,7.254193090119909e-10,7.25419309163367e-10,7.254193092334442e-10,7.254193089958482e-10,7.254193099209559e-10,0.2500008460955436,7.25419309562524e-10,0.25000578830466813,0.2500057883046681,7.25419309499035e-10,0.2500057883046679,0.2500116138951362
0.2500028716796459,0.25000578830461845,7.254193098392188e-10,7.254193102799292e-10,7.254193098581129e-10,0.25000578830461934,7.254193098588774e-10,7.254193104204856e-10,7.254193100640138e-10,7.254193103091855e-10,0.25000578830461917,7.25419309562524e-10,0.2500008460954985,7.254193097605484e-10,7.254193096827595e-10,7.254193095400184e-10,7.254193098355669e-10,0.2500116138950894
0.25000287167969176,7.254193096260579e-10,7.254193096492505e-10,7.2541930948275e-10,7.254193089356446e-10,7.254193099589034e-10,7.254193092493926e-10,7.254193092015575e-10,7.254193092243633e-10,7.254193094998058e-10,7.254193100548192e-10,0.25000578830466813,7.254193097605484e-10,0.2500008460955436,0.2500057883046681,7.2541930948402e-10,0.25000578830466774,0.2500116138951361
0.25000287167969176,7.254193095036528e-10,7.254193095962851e-10,7.25419309827123e-10,7.254193088403991e-10,7.254193097705757e-10,7.254193090923451e-10,7.254193091536783e-10,7.254193088272094e-10,7.254193094433582e-10,7.25419309983872e-10,0.2500057883046681,7.254193096827595e-10,0.2500057883046681,0.2500008460955444,7.254193096408611e-10,0.25000578830466763,0.2500116138951361
0.2500028716796887,7.254193095743583e-10,0.25000578830466413,0.250005788304664,7.254193090498104e-10,7.254193098726661e-10,7.254193094817129e-10,7.254193090088447e-10,7.254193093686065e-10,0.2500057883046633,7.254193100042394e-10,7.25419309499035e-10,7.254193095400184e-10,7.2541930948402e-10,7.254193096408611e-10,0.2500008460955404,7.254193096846869e-10,0.2500116138951317
0.2500028716796918,7.254193096392092e-10,7.254193096361521e-10,7.254193095641521e-10,7.25419309279814e-10,7.254193097775125e-10,7.254193089232969e-10,7.254193088760652e-10,7.254193089544805e-10,7.254193095951729e-10,7.25419309922824e-10,0.2500057883046679,7.254193098355669e-10,0.25000578830466774,0.25000578830466763,7.254193096846869e-10,0.25000084609554274,0.250011613895136
1.000015273066063,0.250011613895088,0.2500116138951325,0.25001161389513293,0.25001161389513415,0.2500116138950907,0.2500116138951338,0.2500116138951334,0.2500116138951336,0.25001161389513216,0.25001161389509025,0.2500116138951362,0.2500116138950894,0.2500116138951361,0.2500116138951361,0.2500116138951317,0.250011613895136,1.0000476885816851
