0.9999999930222534,0.49999311534017604,0.49999311534017665,0.49999311534020524,2.581489128416399e-06,0.49999311534020424,2.5814891301305976e-06,0.4999931153401751,0.4999931153402067,0.4999931153401765,2.5814891283634014e-06,0.49999311534017543,2.5814891283960092e-06,0.4999931153402072,0.9999875664106266,0.4999931153402053
0.49999311534017604,0.49999310457829277,0.49999090744713004,2.3158124466775025e-10,4.5052269489453765e-10,2.3158124405274156e-10,4.505226960160487e-10,0.49999090744713026,2.3158124403074014e-10,0.4999909074471313,4.5052269582906304e-10,0.4999909074471304,4.5052269628258844e-10,2.3158124388058798e-10,0.4999924361455972,2.315812445055706e-10
0.49999311534017665,0.49999090744713004,0.4999931045782934,2.315812452886877e-10,4.5052269489453765e-10,2.3158124456931637e-10,4.505226960160487e-10,0.4999909074471287,2.315812446801754e-10,0.49999090744713,4.5052269582906304e-10,0.4999909074471293,4.505226964521039e-10,2.3158124451869116e-10,0.4999924361455972,2.3158124515952794e-10
0.49999311534020524,2.3158124466775025e-10,2.315812452886877e-10,0.4999931045783243,4.505226964869442e-10,0.4999909074471584,4.505226962797333e-10,2.3158124527667346e-10,0.4999909074471591,2.3158124514902047e-10,4.5052269635719853e-10,2.3158124507327857e-10,4.5052269586709163e-10,0.4999909074471589,0.4999924361456272,0.4999909074471584
2.581489128416399e-06,4.5052269489453765e-10,4.5052269489453765e-10,4.505226964869442e-10,2.1971339814016427e-06,4.505226968983615e-10,1.766624060513759e-12,4.5052269501832585e-10,4.5052269684916187e-10,4.5052269501832585e-10,1.7666240602308078e-12,4.5052269494596414e-10,1.766624061471725e-12,4.505226964869442e-10,1.7692631384232408e-06,4.505226964869442e-10
0.49999311534020424,2.3158124405274156e-10,2.3158124456931637e-10,0.4999909074471584,4.505226968983615e-10,0.4999931045783256,4.5052269596131557e-10,2.3158124506870862e-10,0.4999909074471595,2.315812443488373e-10,4.505226960495135e-10,2.3158124516391479e-10,4.5052269586709163e-10,0.4999909074471593,0.49999243614562694,0.49999090744715874
2.5814891301305976e-06,4.505226960160487e-10,4.505226960160487e-10,4.505226962797333e-10,1.766624060513759e-12,4.5052269596131557e-10,2.1971339814016427e-06,4.50522696087925e-10,4.5052269599843086e-10,4.5052269552203976e-10,1.7666240607387686e-12,4.50522695835109e-10,1.7666240619796876e-12,4.505226961745554e-10,1.769263138798945e-06,4.5052269615848725e-10
0.4999931153401751,0.49999090744713026,0.4999909074471287,2.3158124527667346e-10,4.5052269501832585e-10,2.3158124506870862e-10,4.50522696087925e-10,0.4999931045782954,2.315812453304342e-10,0.49999090744713015,4.5052269578634506e-10,0.4999909074471293,4.5052269638186283e-10,2.3158124469397094e-10,0.49999243614559785,2.315812457535706e-10
0.4999931153402067,2.3158124403074014e-10,2.315812446801754e-10,0.4999909074471591,4.5052269684916187e-10,0.4999909074471595,4.5052269599843086e-10,2.315812453304342e-10,0.499993104578322,2.3158124448842964e-10,4.5052269635719853e-10,2.315812451202188e-10,4.50522696111968e-10,0.4999909074471599,0.49999243614562766,0.4999909074471591
0.4999931153401765,0.4999909074471313,0.49999090744713,2.3158124514902047e-10,4.5052269501832585e-10,2.315812443488373e-10,4.5052269552203976e-10,0.49999090744713015,2.3158124448842964e-10,0.49999310457828927,4.505226959876301e-10,0.49999090744713076,4.505226965040894e-10,2.3158124429579326e-10,0.4999924361455981,2.315812447347968e-10
2.5814891283634014e-06,4.5052269582906304e-10,4.5052269582906304e-10,4.5052269635719853e-10,1.7666240602308078e-12,4.505226960495135e-10,1.7666240607387686e-12,4.5052269578634506e-10,4.5052269635719853e-10,4.505226959876301e-10,2.1971339814016427e-06,4.5052269578634506e-10,1.7666240616967294e-12,4.505226961020903e-10,1.7692631389631818e-06,4.505226961020903e-10
0.49999311534017543,0.4999909074471304,0.4999909074471293,2.3158124507327857e-10,4.5052269494596414e-10,2.3158124516391479e-10,4.50522695835109e-10,0.4999909074471293,2.315812451202188e-10,0.49999090744713076,4.5052269578634506e-10,0.4999931045782948,4.505226963775429e-10,2.315812449208483e-10,0.4999924361455981,2.315812451876975e-10
2.5814891283960092e-06,4.5052269628258844e-10,4.505226964521039e-10,4.5052269586709163e-10,1.766624061471725e-12,4.5052269586709163e-10,1.7666240619796876e-12,4.5052269638186283e-10,4.50522696111968e-10,4.505226965040894e-10,1.7666240616967294e-12,4.505226963775429e-10,2.1971339814016427e-06,4.5052269586709163e-10,1.769263138624313e-06,4.5052269596592095e-10
0.4999931153402072,2.3158124388058798e-10,2.3158124451869116e-10,0.4999909074471589,4.505226964869442e-10,0.4999909074471593,4.505226961745554e-10,2.3158124469397094e-10,0.4999909074471599,2.3158124429579326e-10,4.505226961020903e-10,2.315812449208483e-10,4.5052269586709163e-10,0.499993104578322,0.4999924361456269,0.49999090744715907
0.9999875664106266,0.4999924361455972,0.4999924361455972,0.4999924361456272,1.7692631384232408e-06,0.49999243614562694,1.769263138798945e-06,0.49999243614559785,0.49999243614562766,0.4999924361455981,1.7692631389631818e-06,0.4999924361455981,1.769263138624313e-06,0.4999924361456269,0.9999892173734224,0.4999924361456274
0.4999931153402053,2.315812445055706e-10,2.3158124515952794e-10,0.4999909074471584,4.505226964869442e-10,0.49999090744715874,4.5052269615848725e-10,2.315812457535706e-10,0.4999909074471591,2.315812447347968e-10,4.505226961020903e-10,2.315812451876975e-10,4.5052269596592095e-10,0.49999090744715907,0.4999924361456274,0.49999310457832535
