0.9999999872162676,0.9999870399889207,4.243026844687028e-06,0.9999870399889261,4.154200766706491e-06,0.999990373732207,0.9999870399889261,4.154200771048011e-06,0.9999870399889261,0.9999870399889261,4.243026844497178e-06,4.243026845109405e-06,4.154200766706466e-06,4.1542007707294334e-06,0.9999903737322102
0.9999870399889207,0.9999907921646428,9.41582901310954e-10,0.9999913021755704,8.962914642524757e-10,0.9999946359402576,0.9999913021755682,8.962914637637949e-10,0.9999913021755702,0.999991302175569,9.415829000323656e-10,9.415828998377486e-10,8.962914640155671e-10,8.962914638989214e-10,0.9999946359402564
4.243026844687028e-06,9.41582901310954e-10,-5.100053383955211e-07,9.415829007496927e-10,1.3636260163793134e-15,1.8466612177695013e-06,9.41582901310954e-10,1.3636260163793134e-15,9.415829009065904e-10,9.415829014392815e-10,2.861982905661226e-12,2.8619829038090814e-12,1.3635185820107715e-15,1.3633952471100036e-15,1.8466612177694958e-06
0.9999870399889261,0.9999913021755704,9.415829007496927e-10,0.9999907921646366,8.962914642524757e-10,0.9999946359402573,0.9999913021755666,8.962914637637949e-10,0.9999913021755686,0.9999913021755671,9.415829000323656e-10,9.415828998377486e-10,8.962914641957948e-10,8.962914638989214e-10,0.999994635940257
4.154200766706491e-06,8.962914642524757e-10,1.3636260163793134e-15,8.962914642524757e-10,-5.10005716992821e-07,1.7578342178142092e-06,8.962914642524757e-10,2.4927019447936263e-12,8.962914642648782e-10,8.962914642524757e-10,1.3636260163832194e-15,1.3635185820107715e-15,2.4927019432948404e-12,2.4927019436105964e-12,1.7578342178142054e-06
0.999990373732207,0.9999946359402576,1.8466612177695013e-06,0.9999946359402573,1.7578342178142092e-06,0.9999974597061275,0.9999946359402555,1.7578342181902158e-06,0.9999946359402555,0.9999946359402561,1.8466612159456228e-06,1.8466612153925727e-06,1.7578342181134806e-06,1.7578342183589103e-06,0.9999979697159561
0.9999870399889261,0.9999913021755682,9.41582901310954e-10,0.9999913021755666,8.962914642524757e-10,0.9999946359402555,0.999990792164635,8.962914636097773e-10,0.9999913021755671,0.9999913021755656,9.415829006421038e-10,9.415828998377486e-10,8.962914640155671e-10,8.962914638799319e-10,0.9999946359402547
4.154200771048011e-06,8.962914637637949e-10,1.3636260163793134e-15,8.962914637637949e-10,2.4927019447936263e-12,1.7578342181902158e-06,8.962914636097773e-10,-5.10005716992821e-07,8.962914635492132e-10,8.962914637637949e-10,1.3636260163832194e-15,1.3635185820107715e-15,2.492701944868545e-12,2.4927019451842995e-12,1.7578342181902099e-06
0.9999870399889261,0.9999913021755702,9.415829009065904e-10,0.9999913021755686,8.962914642648782e-10,0.9999946359402555,0.9999913021755671,8.962914635492132e-10,0.9999907921646366,0.9999913021755676,9.415829006421038e-10,9.415828998377486e-10,8.962914640155671e-10,8.962914640557293e-10,0.9999946359402557
0.9999870399889261,0.999991302175569,9.415829014392815e-10,0.9999913021755671,8.962914642524757e-10,0.9999946359402561,0.9999913021755656,8.962914637637949e-10,0.9999913021755676,0.9999907921646375,9.415829000323656e-10,9.415828998377486e-10,8.962914641957948e-10,8.962914638435525e-10,0.9999946359402555
4.243026844497178e-06,9.415829000323656e-10,2.861982905661226e-12,9.415829000323656e-10,1.3636260163832194e-15,1.8466612159456228e-06,9.415829006421038e-10,1.3636260163832194e-15,9.415829006421038e-10,9.415829000323656e-10,-5.100053383955211e-07,2.8619828989575306e-12,1.3636260163793134e-15,1.3638010062255497e-15,1.8466612159456202e-06
4.243026845109405e-06,9.415828998377486e-10,2.8619829038090814e-12,9.415828998377486e-10,1.3635185820107715e-15,1.8466612153925727e-06,9.415828998377486e-10,1.3635185820107715e-15,9.415828998377486e-10,9.415828998377486e-10,2.8619828989575306e-12,-5.100053383955211e-07,1.3635185820107715e-15,1.3633952471100036e-15,1.846661215392571e-06
4.154200766706466e-06,8.962914640155671e-10,1.3635185820107715e-15,8.962914641957948e-10,2.4927019432948404e-12,1.7578342181134806e-06,8.962914640155671e-10,2.492701944868545e-12,8.962914640155671e-10,8.962914641957948e-10,1.3636260163793134e-15,1.3635185820107715e-15,-5.10005716992821e-07,2.492701943685512e-12,1.757834218113478e-06
4.1542007707294334e-06,8.962914638989214e-10,1.3633952471100036e-15,8.962914638989214e-10,2.4927019436105964e-12,1.7578342183589103e-06,8.962914638799319e-10,2.4927019451842995e-12,8.962914640557293e-10,8.962914638435525e-10,1.3638010062255497e-15,1.3633952471100036e-15,2.492701943685512e-12,-5.100057135962353e-07,1.757834218358903e-06
0.9999903737322102,0.9999946359402564,1.8466612177694958e-06,0.999994635940257,1.7578342178142054e-06,0.9999979697159561,0.9999946359402547,1.7578342181902099e-06,0.9999946359402557,0.9999946359402555,1.8466612159456202e-06,1.846661215392571e-06,1.757834218113478e-06,1.757834218358903e-06,0.999997459706131
