0.9999999964290944,2.396227649814991e-07,0.49999565004468766,0.49999565004471447,0.4999956500447129,0.49999565004468804,2.3962276412824126e-07,0.4999956500447153,0.49999565004468915,0.4999956500447153,0.9999923394439431,0.49999565004468804,2.3962276494818366e-07
2.396227649814991e-07,1.0133653994378344e-06,1.1656285117085434e-10,1.165628511774004e-10,1.165628511774004e-10,1.1656285114763572e-10,-9.716506664691129e-13,1.1656285125331355e-10,1.165628511598154e-10,1.1656285125331355e-10,4.5588646067071945e-07,1.1656285114763572e-10,-9.716506664693447e-13
0.49999565004468766,1.1656285117085434e-10,0.49999544659017847,3.02857785915038e-11,3.0285778024932e-11,0.49999443322409526,1.1656285099395944e-10,3.0285777587147434e-11,0.49999443322409565,3.028577774635531e-11,0.4999949039920629,0.4999944332240956,1.1656285098767584e-10
0.49999565004471447,1.165628511774004e-10,3.02857785915038e-11,0.4999954465902034,0.4999944332241217,3.0285778201451055e-11,1.1656285131121518e-10,0.4999944332241216,3.0285778789693975e-11,0.4999944332241221,0.49999490399209084,3.028577827931887e-11,1.1656285130189681e-10
0.4999956500447129,1.165628511774004e-10,3.0285778024932e-11,0.4999944332241217,0.49999544659020284,3.028577783580178e-11,1.1656285146815934e-10,0.4999944332241214,3.028577846833724e-11,0.49999443322412124,0.4999949039920903,3.028577782677126e-11,1.1656285125209157e-10
0.49999565004468804,1.1656285114763572e-10,0.49999443322409526,3.0285778201451055e-11,3.028577783580178e-11,0.49999544659017797,1.165628509741131e-10,3.028577769156802e-11,0.4999944332240968,3.028577778002823e-11,0.4999949039920635,0.49999443322409665,1.1656285098767584e-10
2.3962276412824126e-07,-9.716506664691129e-13,1.1656285099395944e-10,1.1656285131121518e-10,1.1656285146815934e-10,1.165628509741131e-10,1.0133653994378344e-06,1.1656285131121518e-10,1.1656285087980146e-10,1.1656285140491277e-10,4.5588646049137716e-07,1.1656285099395944e-10,-9.716506675953578e-13
0.4999956500447153,1.1656285125331355e-10,3.0285777587147434e-11,0.4999944332241216,0.4999944332241214,3.028577769156802e-11,1.1656285131121518e-10,0.49999544659020473,3.0285777742696234e-11,0.49999443322412196,0.4999949039920895,3.028577741041558e-11,1.1656285125209157e-10
0.49999565004468915,1.165628511598154e-10,0.49999443322409565,3.0285778789693975e-11,3.028577846833724e-11,0.4999944332240968,1.1656285087980146e-10,3.0285777742696234e-11,0.4999954465901785,3.028577836994967e-11,0.4999949039920647,0.4999944332240968,1.1656285096676056e-10
0.4999956500447153,1.1656285125331355e-10,3.028577774635531e-11,0.4999944332241221,0.49999443322412124,3.028577778002823e-11,1.1656285140491277e-10,0.49999443322412196,3.028577836994967e-11,0.4999954465902033,0.49999490399208985,3.028577779915713e-11,1.1656285125209157e-10
0.9999923394439431,4.5588646067071945e-07,0.4999949039920629,0.49999490399209084,0.4999949039920903,0.4999949039920635,4.5588646049137716e-07,0.4999949039920895,0.4999949039920647,0.49999490399208985,0.9999916444356827,0.4999949039920636,4.5588646058618117e-07
0.49999565004468804,1.1656285114763572e-10,0.4999944332240956,3.028577827931887e-11,3.028577782677126e-11,0.49999443322409665,1.1656285099395944e-10,3.028577741041558e-11,0.4999944332240968,3.028577779915713e-11,0.4999949039920636,0.4999954465901792,1.165628512121035e-10
2.3962276494818366e-07,-9.716506664693447e-13,1.1656285098767584e-10,1.1656285130189681e-10,1.1656285125209157e-10,1.1656285098767584e-10,-9.716506675953578e-13,1.1656285125209157e-10,1.1656285096676056e-10,1.1656285125209157e-10,4.5588646058618117e-07,1.165628512121035e-10,1.0133653976223467e-06
