0.9999999997077437,2.2795367460983406e-06,0.9999940199725911,2.279536744205129e-06,2.279536744205129e-06,2.279536748886314e-06,0.9999940199725871,2.2795367442050864e-06,2.279536748710771e-06,0.9999943689100868,2.2795367488863156e-06,2.279536748886507e-06,0.9999940199725911,2.279536748886271e-06,0.9999940199725883,0.9999940199725909,0.9999940199725909,2.2795367488862703e-06,0.9999940199725883,0.9999940199725882
2.2795367460983406e-06,2.5933912480494426e-06,2.6602612416636646e-10,2.7499991382176473e-13,2.7499991387091867e-13,1.3965066585891788e-16,2.6602612432354774e-10,1.396225969105425e-16,2.749999129566911e-13,5.242565158947064e-07,1.3961284955874969e-16,1.3951671458962166e-16,2.660261242799678e-10,1.3961284955874969e-16,2.6602612430199973e-10,2.6602612430199973e-10,2.6602612430199973e-10,2.749999127349714e-13,2.6602612430199973e-10,2.660261242799678e-10
0.9999940199725911,2.6602612416636646e-10,0.9999936340695709,2.660261234891131e-10,2.660261235520476e-10,2.6602612202117617e-10,0.999991040679731,2.660261236018674e-10,2.6602612272668947e-10,0.9999913896169181,2.660261225708488e-10,2.6602612245246323e-10,0.9999910406797312,2.660261224841532e-10,0.9999910406797304,0.9999910406797312,0.9999910406797299,2.660261223933489e-10,0.999991040679731,0.9999910406797312
2.279536744205129e-06,2.7499991382176473e-13,2.660261234891131e-10,2.5933912480494426e-06,2.749999124049609e-13,1.3969919214049763e-16,2.6602612309787354e-10,1.396225969105425e-16,2.749999114907331e-13,5.242565139277071e-07,1.3969919214049763e-16,1.3961284955874969e-16,2.660261236596216e-10,1.3961284955874969e-16,2.6602612356830175e-10,2.6602612356830175e-10,2.6602612356830175e-10,2.749999112690138e-13,2.6602612356830175e-10,2.6602612309787354e-10
2.279536744205129e-06,2.7499991387091867e-13,2.660261235520476e-10,2.749999124049609e-13,2.5933912480494426e-06,1.3959322401564354e-16,2.660261231297268e-10,1.3969919214049763e-16,2.7499991153988675e-13,5.242565139119589e-07,1.3930500689021392e-16,1.3961284955874969e-16,2.660261235203776e-10,1.3944861781374853e-16,2.6602612319317834e-10,2.6602612319317834e-10,2.660261235203776e-10,2.749999113181675e-13,2.660261235203776e-10,2.660261231297268e-10
2.279536748886314e-06,1.3965066585891788e-16,2.6602612202117617e-10,1.3969919214049763e-16,1.3959322401564354e-16,2.5933912480494426e-06,2.6602612202117617e-10,2.7499991107054197e-13,1.3949816955382385e-16,5.242565117111249e-07,2.749999102124149e-13,2.7499990984048947e-13,2.660261222868564e-10,2.749999098583771e-13,2.660261222868564e-10,2.6602612202117617e-10,2.6602612202117617e-10,1.3969919214049763e-16,2.6602612202117617e-10,2.6602612202117617e-10
0.9999940199725871,2.6602612432354774e-10,0.999991040679731,2.6602612309787354e-10,2.660261231297268e-10,2.6602612202117617e-10,0.9999936340695692,2.660261234584789e-10,2.660261227128623e-10,0.9999913896169174,2.6602612259509765e-10,2.6602612221410245e-10,0.9999910406797318,2.660261224841532e-10,0.9999910406797309,0.9999910406797315,0.999991040679731,2.660261223578443e-10,0.9999910406797318,0.999991040679731
2.2795367442050864e-06,1.396225969105425e-16,2.660261236018674e-10,1.396225969105425e-16,1.3969919214049763e-16,2.7499991107054197e-13,2.660261234584789e-10,2.5933912480494426e-06,1.3969919214049763e-16,5.242565141705396e-07,2.7499991161022017e-13,2.749999112382946e-13,2.660261236018674e-10,2.7499991125618207e-13,2.660261236018674e-10,2.660261236018674e-10,2.660261236018674e-10,1.396225969105425e-16,2.660261236018674e-10,2.660261236018674e-10
2.279536748710771e-06,2.749999129566911e-13,2.6602612272668947e-10,2.749999114907331e-13,2.7499991153988675e-13,1.3949816955382385e-16,2.660261227128623e-10,1.3969919214049763e-16,2.5933912480494426e-06,5.242565126776034e-07,1.395897843853504e-16,1.3963208876109632e-16,2.660261227128623e-10,1.3961284955874969e-16,2.6602612272668947e-10,2.660261227128623e-10,2.6602612272668947e-10,2.7499991040393946e-13,2.6602612272668947e-10,2.6602612277398735e-10
0.9999943689100868,5.242565158947064e-07,0.9999913896169181,5.242565139277071e-07,5.242565139119589e-07,5.242565117111249e-07,0.9999913896169174,5.242565141705396e-07,5.242565126776034e-07,0.9999943319441914,5.242565125544993e-07,5.242565117875451e-07,0.9999913896169177,5.242565119417796e-07,0.9999913896169175,0.9999913896169174,0.9999913896169168,5.242565119642683e-07,0.9999913896169179,0.9999913896169174
2.2795367488863156e-06,1.3961284955874969e-16,2.660261225708488e-10,1.3969919214049763e-16,1.3930500689021392e-16,2.749999102124149e-13,2.6602612259509765e-10,2.7499991161022017e-13,1.395897843853504e-16,5.242565125544993e-07,2.5933912480494426e-06,2.7499991038016726e-13,2.6602612260939376e-10,2.7499991039805484e-13,2.660261226754245e-10,2.660261226782217e-10,2.6602612260939376e-10,1.396225969105425e-16,2.6602612260939376e-10,2.6602612273338793e-10
2.279536748886507e-06,1.3951671458962166e-16,2.6602612245246323e-10,1.3961284955874969e-16,1.3961284955874969e-16,2.7499990984048947e-13,2.6602612221410245e-10,2.749999112382946e-13,1.3963208876109632e-16,5.242565117875451e-07,2.7499991038016726e-13,2.5933912480494426e-06,2.6602612255674615e-10,2.749999100261295e-13,2.6602612245246323e-10,2.6602612245246323e-10,2.6602612245246323e-10,1.3946818775915955e-16,2.6602612255674615e-10,2.6602612245246323e-10
0.9999940199725911,2.660261242799678e-10,0.9999910406797312,2.660261236596216e-10,2.660261235203776e-10,2.660261222868564e-10,0.9999910406797318,2.660261236018674e-10,2.660261227128623e-10,0.9999913896169177,2.6602612260939376e-10,2.6602612255674615e-10,0.9999936340695723,2.660261224841532e-10,0.9999910406797312,0.9999910406797318,0.9999910406797298,2.66026122213552e-10,0.9999910406797312,0.9999910406797309
2.279536748886271e-06,1.3961284955874969e-16,2.660261224841532e-10,1.3961284955874969e-16,1.3944861781374853e-16,2.749999098583771e-13,2.660261224841532e-10,2.7499991125618207e-13,1.3961284955874969e-16,5.242565119417796e-07,2.7499991039805484e-13,2.749999100261295e-13,2.660261224841532e-10,2.5933912480494426e-06,2.6602612225945955e-10,2.6602612225945955e-10,2.660261222968192e-10,1.395897843853504e-16,2.6602612227243683e-10,2.660261224841542e-10
0.9999940199725883,2.6602612430199973e-10,0.9999910406797304,2.6602612356830175e-10,2.6602612319317834e-10,2.660261222868564e-10,0.9999910406797309,2.660261236018674e-10,2.6602612272668947e-10,0.9999913896169175,2.660261226754245e-10,2.6602612245246323e-10,0.9999910406797312,2.6602612225945955e-10,0.9999936340695703,0.9999910406797309,0.9999910406797295,2.660261223578443e-10,0.999991040679731,0.999991040679731
0.9999940199725909,2.6602612430199973e-10,0.9999910406797312,2.6602612356830175e-10,2.6602612319317834e-10,2.6602612202117617e-10,0.9999910406797315,2.660261236018674e-10,2.660261227128623e-10,0.9999913896169174,2.660261226782217e-10,2.6602612245246323e-10,0.9999910406797318,2.6602612225945955e-10,0.9999910406797309,0.9999936340695714,0.9999910406797305,2.660261222696251e-10,0.9999910406797317,0.9999910406797315
0.9999940199725909,2.6602612430199973e-10,0.9999910406797299,2.6602612356830175e-10,2.660261235203776e-10,2.6602612202117617e-10,0.999991040679731,2.660261236018674e-10,2.6602612272668947e-10,0.9999913896169168,2.6602612260939376e-10,2.6602612245246323e-10,0.9999910406797298,2.660261222968192e-10,0.9999910406797295,0.9999910406797305,0.9999936340695725,2.660261223933489e-10,0.9999910406797307,0.9999910406797304
2.2795367488862703e-06,2.749999127349714e-13,2.660261223933489e-10,2.749999112690138e-13,2.749999113181675e-13,1.3969919214049763e-16,2.660261223578443e-10,1.396225969105425e-16,2.7499991040393946e-13,5.242565119642683e-07,1.396225969105425e-16,1.3946818775915955e-16,2.66026122213552e-10,1.395897843853504e-16,2.660261223578443e-10,2.660261222696251e-10,2.660261223933489e-10,2.593391247531312e-06,2.66026122213552e-10,2.66026122213552e-10
0.9999940199725883,2.6602612430199973e-10,0.999991040679731,2.6602612356830175e-10,2.660261235203776e-10,2.6602612202117617e-10,0.9999910406797318,2.660261236018674e-10,2.6602612272668947e-10,0.9999913896169179,2.6602612260939376e-10,2.6602612255674615e-10,0.9999910406797312,2.6602612227243683e-10,0.999991040679731,0.9999910406797317,0.9999910406797307,2.66026122213552e-10,0.9999936340695731,0.9999910406797318
0.9999940199725882,2.660261242799678e-10,0.9999910406797312,2.6602612309787354e-10,2.660261231297268e-10,2.6602612202117617e-10,0.999991040679731,2.660261236018674e-10,2.6602612277398735e-10,0.9999913896169174,2.6602612273338793e-10,2.6602612245246323e-10,0.9999910406797309,2.660261224841542e-10,0.999991040679731,0.9999910406797315,0.9999910406797304,2.66026122213552e-10,0.9999910406797318,0.9999936340695722
