1.000000002090468,0.999999861679067,1.3519356941921297e-06,0.9999998616790635,0.9999998616790617,0.9999998616790635,0.9999998616790658,1.3519356940712988e-06,0.9999998616790658,0.9999998616790661,0.9999998616790642,0.9999998616790644,0.9999998616790639,0.9999998616790635,0.9999998616790596,0.9999998616790614,0.9999998616790665,0.999999861679067,1.3519356912842908e-06,0.9999998616790648,0.9999998616790603,0.9999998616790605,0.9999998616790635,0.9999998616790639,0.9999998616790624,1.3519356912889942e-06,0.9999998616790639,0.9999998616790639,1.3519356913971847e-06,0.9999998616790661,1.3519356942186211e-06,0.9999998626693296,0.9999998616790622,0.9999998616790639
0.999999861679067,0.9999998254897199,5.086818618725118e-11,0.9999983086336584,0.9999983086336586,0.9999983086336603,0.9999983086336592,5.086818539615943e-11,0.9999983086336584,0.9999983086336592,0.9999983086336584,0.99999830863366,0.9999983086336592,0.9999983086336603,0.999998308633658,0.9999983086336588,0.9999983086336584,0.9999983086336592,5.086818668172311e-11,0.9999983086336608,0.999998308633658,0.999998308633658,0.9999983086336603,0.9999983086336592,0.999998308633659,5.086818665660781e-11,0.9999983086336592,0.9999983086336592,5.086818665734953e-11,0.9999983086336595,5.086818616200694e-11,0.9999983096239206,0.9999983086336603,0.9999983086336592
1.3519356941921297e-06,5.086818618725118e-11,1.5168563591921581e-06,5.086818614668415e-11,5.0868186201183974e-11,5.086818618326325e-11,5.086818616310156e-11,9.8321022396755e-15,5.086818626073931e-11,5.086818618326325e-11,5.0868186166755825e-11,5.0868186091619456e-11,5.0868186186898675e-11,5.086818620237779e-11,5.0868186158804675e-11,5.0868186181011547e-11,5.086818618326325e-11,5.08681861921062e-11,9.83210248100825e-15,5.086818621442912e-11,5.086818626073931e-11,5.086818626073931e-11,5.0868186186898675e-11,5.086818618562134e-11,5.0868186166755825e-11,9.832102510450786e-15,5.0868186158804675e-11,5.086818621442912e-11,9.83210249060022e-15,5.0868186166755825e-11,9.832102362206046e-15,1.0086230048844342e-07,5.086818626073931e-11,5.08681861921062e-11
0.9999998616790635,0.9999983086336584,5.086818614668415e-11,0.9999998254897191,0.99999830863366,0.9999983086336606,0.99999830863366,5.0868185380469904e-11,0.9999983086336603,0.99999830863366,0.9999983086336592,0.9999983086336603,0.99999830863366,0.9999983086336606,0.99999830863366,0.9999983086336598,0.9999983086336598,0.9999983086336595,5.086818658173839e-11,0.9999983086336597,0.99999830863366,0.99999830863366,0.9999983086336606,0.99999830863366,0.9999983086336597,5.0868186620773434e-11,0.99999830863366,0.99999830863366,5.086818674514255e-11,0.9999983086336608,5.086818618023808e-11,0.9999983096239217,0.9999983086336606,0.99999830863366
0.9999998616790617,0.9999983086336586,5.0868186201183974e-11,0.99999830863366,0.9999998254897199,0.9999983086336608,0.9999983086336597,5.086818534961159e-11,0.99999830863366,0.9999983086336595,0.9999983086336602,0.9999983086336597,0.9999983086336595,0.9999983086336608,0.9999983086336586,0.99999830863366,0.9999983086336597,0.99999830863366,5.08681865787051e-11,0.99999830863366,0.9999983086336586,0.9999983086336586,0.9999983086336608,0.9999983086336597,0.9999983086336597,5.086818664197455e-11,0.9999983086336597,0.99999830863366,5.086818663305634e-11,0.9999983086336603,5.086818617961145e-11,0.9999983096239222,0.9999983086336603,0.9999983086336603
0.9999998616790635,0.9999983086336603,5.086818618326325e-11,0.9999983086336606,0.9999983086336608,0.9999998254897259,0.9999983086336602,5.086818533590107e-11,0.9999983086336603,0.99999830863366,0.9999983086336608,0.9999983086336612,0.99999830863366,0.9999983086336616,0.9999983086336598,0.9999983086336603,0.9999983086336603,0.9999983086336608,5.08681865785245e-11,0.9999983086336608,0.9999983086336598,0.9999983086336598,0.9999983086336616,0.9999983086336602,0.9999983086336603,5.0868186580343876e-11,0.99999830863366,0.9999983086336602,5.0868186676462994e-11,0.9999983086336615,5.086818613101974e-11,0.9999983096239229,0.9999983086336608,0.9999983086336603
0.9999998616790658,0.9999983086336592,5.086818616310156e-11,0.99999830863366,0.9999983086336597,0.9999983086336602,0.9999998254897269,5.0868185379017175e-11,0.9999983086336597,0.999998308633661,0.9999983086336603,0.9999983086336603,0.999998308633661,0.9999983086336602,0.9999983086336592,0.9999983086336603,0.9999983086336606,0.9999983086336608,5.086818660628964e-11,0.9999983086336603,0.9999983086336592,0.9999983086336592,0.9999983086336602,0.999998308633661,0.9999983086336597,5.086818658453943e-11,0.999998308633661,0.999998308633661,5.086818675094768e-11,0.9999983086336608,5.0868186246952336e-11,0.9999983096239223,0.9999983086336603,0.9999983086336612
1.3519356940712988e-06,5.086818539615943e-11,9.8321022396755e-15,5.0868185380469904e-11,5.086818534961159e-11,5.086818533590107e-11,5.0868185379017175e-11,1.5168563591921581e-06,5.08681854727241e-11,5.086818539615943e-11,5.086818539615943e-11,5.086818537358963e-11,5.086818544759517e-11,5.0868185467354836e-11,5.086818539615943e-11,5.086818539615943e-11,5.086818537358963e-11,5.086818536567997e-11,9.832102311965525e-15,5.086818544244675e-11,5.086818536567997e-11,5.0868185425429316e-11,5.0868185467354836e-11,5.086818538598905e-11,5.086818539615943e-11,9.83210234140806e-15,5.0868185503175376e-11,5.086818536567997e-11,9.83210232155749e-15,5.0868185433769494e-11,9.832102193163319e-15,1.0086229897495108e-07,5.086818537358963e-11,5.086818544244675e-11
0.9999998616790658,0.9999983086336584,5.086818626073931e-11,0.9999983086336603,0.99999830863366,0.9999983086336603,0.9999983086336597,5.08681854727241e-11,0.9999998254897237,0.9999983086336597,0.9999983086336588,0.99999830863366,0.9999983086336597,0.9999983086336603,0.9999983086336598,0.9999983086336592,0.9999983086336595,0.99999830863366,5.08681865787051e-11,0.9999983086336608,0.9999983086336598,0.99999830863366,0.9999983086336603,0.9999983086336597,0.9999983086336592,5.086818658957788e-11,0.9999983086336597,0.9999983086336597,5.086818674839909e-11,0.9999983086336603,5.0868186219726876e-11,0.9999983096239211,0.9999983086336598,0.99999830863366
0.9999998616790661,0.9999983086336592,5.086818618326325e-11,0.99999830863366,0.9999983086336595,0.99999830863366,0.999998308633661,5.086818539615943e-11,0.9999983086336597,0.9999998254897241,0.9999983086336602,0.9999983086336603,0.9999983086336608,0.99999830863366,0.9999983086336592,0.9999983086336603,0.9999983086336606,0.9999983086336608,5.0868186638379127e-11,0.9999983086336603,0.9999983086336592,0.9999983086336592,0.99999830863366,0.999998308633661,0.9999983086336597,5.0868186714466715e-11,0.999998308633661,0.999998308633661,5.0868186676462994e-11,0.9999983086336608,5.0868186264038605e-11,0.9999983096239222,0.9999983086336602,0.9999983086336612
0.9999998616790642,0.9999983086336584,5.0868186166755825e-11,0.9999983086336592,0.9999983086336602,0.9999983086336608,0.9999983086336603,5.086818539615943e-11,0.9999983086336588,0.9999983086336602,0.9999998254897228,0.9999983086336598,0.9999983086336602,0.9999983086336608,0.9999983086336584,0.9999983086336597,0.9999983086336595,0.9999983086336598,5.08681865785245e-11,0.9999983086336598,0.9999983086336584,0.9999983086336584,0.9999983086336608,0.9999983086336603,0.9999983086336597,5.086818656255608e-11,0.9999983086336603,0.9999983086336603,5.0868186676462994e-11,0.9999983086336606,5.0868186264038605e-11,0.9999983096239217,0.99999830863366,0.9999983086336603
0.9999998616790644,0.99999830863366,5.0868186091619456e-11,0.9999983086336603,0.9999983086336597,0.9999983086336612,0.9999983086336603,5.086818537358963e-11,0.99999830863366,0.9999983086336603,0.9999983086336598,0.9999998254897258,0.9999983086336603,0.9999983086336612,0.9999983086336595,0.99999830863366,0.9999983086336602,0.9999983086336603,5.0868186617128895e-11,0.9999983086336603,0.9999983086336595,0.9999983086336595,0.9999983086336612,0.9999983086336603,0.9999983086336597,5.086818665660781e-11,0.9999983086336603,0.9999983086336603,5.0868186699373544e-11,0.9999983086336602,5.086818620529325e-11,0.9999983096239228,0.9999983086336603,0.9999983086336603
0.9999998616790639,0.9999983086336592,5.0868186186898675e-11,0.99999830863366,0.9999983086336595,0.99999830863366,0.999998308633661,5.086818544759517e-11,0.9999983086336597,0.9999983086336608,0.9999983086336602,0.9999983086336603,0.9999998254897241,0.99999830863366,0.9999983086336592,0.9999983086336603,0.9999983086336606,0.9999983086336608,5.086818665925004e-11,0.9999983086336603,0.9999983086336592,0.9999983086336592,0.99999830863366,0.999998308633661,0.9999983086336597,5.0868186653756744e-11,0.999998308633661,0.999998308633661,5.0868186728617546e-11,0.9999983086336608,5.086818620421035e-11,0.9999983096239223,0.9999983086336602,0.9999983086336612
0.9999998616790635,0.9999983086336603,5.086818620237779e-11,0.9999983086336606,0.9999983086336608,0.9999983086336616,0.9999983086336602,5.0868185467354836e-11,0.9999983086336603,0.99999830863366,0.9999983086336608,0.9999983086336612,0.99999830863366,0.9999998254897259,0.9999983086336598,0.9999983086336603,0.9999983086336603,0.9999983086336608,5.086818655472427e-11,0.9999983086336608,0.9999983086336598,0.9999983086336598,0.9999983086336616,0.9999983086336602,0.9999983086336603,5.0868186714466715e-11,0.99999830863366,0.9999983086336602,5.086818670770916e-11,0.9999983086336615,5.086818615013374e-11,0.9999983096239229,0.9999983086336608,0.9999983086336603
0.9999998616790596,0.999998308633658,5.0868186158804675e-11,0.99999830863366,0.9999983086336586,0.9999983086336598,0.9999983086336592,5.086818539615943e-11,0.9999983086336598,0.9999983086336592,0.9999983086336584,0.9999983086336595,0.9999983086336592,0.9999983086336598,0.9999998254897249,0.9999983086336597,0.999998308633659,0.9999983086336598,5.086818658173839e-11,0.9999983086336588,0.9999983086336592,0.9999983086336592,0.9999983086336598,0.9999983086336592,0.9999983086336588,5.086818662019891e-11,0.9999983086336592,0.9999983086336592,5.086818675094768e-11,0.9999983086336603,5.086818610806948e-11,0.9999983096239211,0.9999983086336598,0.9999983086336592
0.9999998616790614,0.9999983086336588,5.0868186181011547e-11,0.9999983086336598,0.99999830863366,0.9999983086336603,0.9999983086336603,5.086818539615943e-11,0.9999983086336592,0.9999983086336603,0.9999983086336597,0.99999830863366,0.9999983086336603,0.9999983086336603,0.9999983086336597,0.9999998254897265,0.9999983086336602,0.9999983086336603,5.0868186533469755e-11,0.99999830863366,0.9999983086336597,0.9999983086336597,0.9999983086336603,0.9999983086336603,0.9999983086336597,5.0868186714466715e-11,0.9999983086336603,0.9999983086336603,5.086818674839909e-11,0.9999983086336606,5.0868186219726876e-11,0.999998309623922,0.9999983086336598,0.9999983086336603
0.9999998616790665,0.9999983086336584,5.086818618326325e-11,0.9999983086336598,0.9999983086336597,0.9999983086336603,0.9999983086336606,5.086818537358963e-11,0.9999983086336595,0.9999983086336606,0.9999983086336595,0.9999983086336602,0.9999983086336606,0.9999983086336603,0.999998308633659,0.9999983086336602,0.9999998254897228,0.9999983086336603,5.0868186617128895e-11,0.99999830863366,0.999998308633659,0.999998308633659,0.9999983086336603,0.9999983086336608,0.9999983086336597,5.086818669639767e-11,0.9999983086336606,0.9999983086336606,5.086818671610197e-11,0.9999983086336608,5.086818622893517e-11,0.9999983096239223,0.9999983086336603,0.9999983086336608
0.999999861679067,0.9999983086336592,5.08681861921062e-11,0.9999983086336595,0.99999830863366,0.9999983086336608,0.9999983086336608,5.086818536567997e-11,0.99999830863366,0.9999983086336608,0.9999983086336598,0.9999983086336603,0.9999983086336608,0.9999983086336608,0.9999983086336598,0.9999983086336603,0.9999983086336603,0.9999998254897224,5.08681865787051e-11,0.9999983086336606,0.9999983086336598,0.9999983086336598,0.9999983086336608,0.9999983086336608,0.9999983086336598,5.0868186714466715e-11,0.9999983086336608,0.9999983086336608,5.0868186676462994e-11,0.9999983086336612,5.0868186219726876e-11,0.9999983096239226,0.9999983086336608,0.999998308633661
1.3519356912842908e-06,5.086818668172311e-11,9.83210248100825e-15,5.086818658173839e-11,5.08681865787051e-11,5.08681865785245e-11,5.086818660628964e-11,9.832102311965525e-15,5.08681865787051e-11,5.0868186638379127e-11,5.08681865785245e-11,5.0868186617128895e-11,5.086818665925004e-11,5.086818655472427e-11,5.086818658173839e-11,5.0868186533469755e-11,5.0868186617128895e-11,5.08681865787051e-11,1.5168563591921581e-06,5.0868186569661957e-11,5.086818666717121e-11,5.086818656326302e-11,5.086818663096935e-11,5.086818667805075e-11,5.086818653875498e-11,9.832102582740807e-15,5.086818660628964e-11,5.086818667805075e-11,9.83210256289024e-15,5.0868186553866155e-11,9.832102434496071e-15,1.0086230127458949e-07,5.086818658520233e-11,5.08681865785245e-11
0.9999998616790648,0.9999983086336608,5.086818621442912e-11,0.9999983086336597,0.99999830863366,0.9999983086336608,0.9999983086336603,5.086818544244675e-11,0.9999983086336608,0.9999983086336603,0.9999983086336598,0.9999983086336603,0.9999983086336603,0.9999983086336608,0.9999983086336588,0.99999830863366,0.99999830863366,0.9999983086336606,5.0868186569661957e-11,0.9999998254897261,0.999998308633659,0.999998308633659,0.9999983086336608,0.9999983086336603,0.9999983086336598,5.086818665660781e-11,0.9999983086336603,0.9999983086336603,5.086818672372107e-11,0.9999983086336612,5.0868186264038605e-11,0.9999983096239228,0.9999983086336608,0.9999983086336603
0.9999998616790603,0.999998308633658,5.086818626073931e-11,0.99999830863366,0.9999983086336586,0.9999983086336598,0.9999983086336592,5.086818536567997e-11,0.9999983086336598,0.9999983086336592,0.9999983086336584,0.9999983086336595,0.9999983086336592,0.9999983086336598,0.9999983086336592,0.9999983086336597,0.999998308633659,0.9999983086336598,5.086818666717121e-11,0.999998308633659,0.9999998254897249,0.9999983086336592,0.9999983086336598,0.9999983086336592,0.9999983086336588,5.0868186580343876e-11,0.9999983086336592,0.9999983086336592,5.0868186702846275e-11,0.9999983086336603,5.0868186264038605e-11,0.9999983096239211,0.9999983086336598,0.9999983086336592
0.9999998616790605,0.999998308633658,5.086818626073931e-11,0.99999830863366,0.9999983086336586,0.9999983086336598,0.9999983086336592,5.0868185425429316e-11,0.99999830863366,0.9999983086336592,0.9999983086336584,0.9999983086336595,0.9999983086336592,0.9999983086336598,0.9999983086336592,0.9999983086336597,0.999998308633659,0.9999983086336598,5.086818656326302e-11,0.999998308633659,0.9999983086336592,0.9999998254897249,0.9999983086336598,0.9999983086336592,0.9999983086336588,5.086818656431416e-11,0.9999983086336592,0.9999983086336592,5.086818672897346e-11,0.9999983086336603,5.0868186229484854e-11,0.9999983096239211,0.9999983086336598,0.9999983086336592
0.9999998616790635,0.9999983086336603,5.0868186186898675e-11,0.9999983086336606,0.9999983086336608,0.9999983086336616,0.9999983086336602,5.0868185467354836e-11,0.9999983086336603,0.99999830863366,0.9999983086336608,0.9999983086336612,0.99999830863366,0.9999983086336616,0.9999983086336598,0.9999983086336603,0.9999983086336603,0.9999983086336608,5.086818663096935e-11,0.9999983086336608,0.9999983086336598,0.9999983086336598,0.9999998254897259,0.9999983086336602,0.9999983086336603,5.0868186603560135e-11,0.99999830863366,0.9999983086336602,5.086818674839909e-11,0.9999983086336615,5.086818620421035e-11,0.9999983096239229,0.9999983086336608,0.9999983086336603
0.9999998616790639,0.9999983086336592,5.086818618562134e-11,0.99999830863366,0.9999983086336597,0.9999983086336602,0.999998308633661,5.086818538598905e-11,0.9999983086336597,0.999998308633661,0.9999983086336603,0.9999983086336603,0.999998308633661,0.9999983086336602,0.9999983086336592,0.9999983086336603,0.9999983086336608,0.9999983086336608,5.086818667805075e-11,0.9999983086336603,0.9999983086336592,0.9999983086336592,0.9999983086336602,0.9999998254897241,0.9999983086336597,5.0868186591279333e-11,0.999998308633661,0.999998308633661,5.086818671742173e-11,0.9999983086336608,5.086818623254371e-11,0.9999983096239223,0.9999983086336603,0.9999983086336612
0.9999998616790624,0.999998308633659,5.0868186166755825e-11,0.9999983086336597,0.9999983086336597,0.9999983086336603,0.9999983086336597,5.086818539615943e-11,0.9999983086336592,0.9999983086336597,0.9999983086336597,0.9999983086336597,0.9999983086336597,0.9999983086336603,0.9999983086336588,0.9999983086336597,0.9999983086336597,0.9999983086336598,5.086818653875498e-11,0.9999983086336598,0.9999983086336588,0.9999983086336588,0.9999983086336603,0.9999983086336597,0.9999998254897224,5.086818653913485e-11,0.9999983086336597,0.9999983086336597,5.086818667645998e-11,0.9999983086336602,5.086818620586828e-11,0.9999983096239228,0.9999983086336597,0.9999983086336597
1.3519356912889942e-06,5.086818665660781e-11,9.832102510450786e-15,5.0868186620773434e-11,5.086818664197455e-11,5.0868186580343876e-11,5.086818658453943e-11,9.83210234140806e-15,5.086818658957788e-11,5.0868186714466715e-11,5.086818656255608e-11,5.086818665660781e-11,5.0868186653756744e-11,5.0868186714466715e-11,5.086818662019891e-11,5.0868186714466715e-11,5.086818669639767e-11,5.0868186714466715e-11,9.832102582740807e-15,5.086818665660781e-11,5.0868186580343876e-11,5.086818656431416e-11,5.0868186603560135e-11,5.0868186591279333e-11,5.086818653913485e-11,1.5168563591921581e-06,5.08681865803439e-11,5.086818662019891e-11,9.832102592332767e-15,5.086818653798358e-11,9.83210246393861e-15,1.0086230125496692e-07,5.0868186714466715e-11,5.0868186580343876e-11
0.9999998616790639,0.9999983086336592,5.0868186158804675e-11,0.99999830863366,0.9999983086336597,0.99999830863366,0.999998308633661,5.0868185503175376e-11,0.9999983086336597,0.999998308633661,0.9999983086336603,0.9999983086336603,0.999998308633661,0.99999830863366,0.9999983086336592,0.9999983086336603,0.9999983086336606,0.9999983086336608,5.086818660628964e-11,0.9999983086336603,0.9999983086336592,0.9999983086336592,0.99999830863366,0.999998308633661,0.9999983086336597,5.08681865803439e-11,0.9999998254897241,0.999998308633661,5.086818669480755e-11,0.9999983086336608,5.086818622951822e-11,0.9999983096239223,0.9999983086336602,0.9999983086336612
0.9999998616790639,0.9999983086336592,5.086818621442912e-11,0.99999830863366,0.99999830863366,0.9999983086336602,0.999998308633661,5.086818536567997e-11,0.9999983086336597,0.999998308633661,0.9999983086336603,0.9999983086336603,0.999998308633661,0.9999983086336602,0.9999983086336592,0.9999983086336603,0.9999983086336606,0.9999983086336608,5.086818667805075e-11,0.9999983086336603,0.9999983086336592,0.9999983086336592,0.9999983086336602,0.999998308633661,0.9999983086336597,5.086818662019891e-11,0.999998308633661,0.9999998254897241,5.0868186726200214e-11,0.9999983086336608,5.0868186188769783e-11,0.9999983096239228,0.9999983086336603,0.9999983086336612
1.3519356913971847e-06,5.086818665734953e-11,9.83210249060022e-15,5.086818674514255e-11,5.086818663305634e-11,5.0868186676462994e-11,5.086818675094768e-11,9.83210232155749e-15,5.086818674839909e-11,5.0868186676462994e-11,5.0868186676462994e-11,5.0868186699373544e-11,5.0868186728617546e-11,5.086818670770916e-11,5.086818675094768e-11,5.086818674839909e-11,5.086818671610197e-11,5.0868186676462994e-11,9.83210256289024e-15,5.086818672372107e-11,5.0868186702846275e-11,5.086818672897346e-11,5.086818674839909e-11,5.086818671742173e-11,5.086818667645998e-11,9.832102592332767e-15,5.086818669480755e-11,5.0868186726200214e-11,1.5168563591921581e-06,5.0868186699373544e-11,9.832102444088028e-15,1.0086230154680428e-07,5.0868186671957154e-11,5.0868186676462994e-11
0.9999998616790661,0.9999983086336595,5.0868186166755825e-11,0.9999983086336608,0.9999983086336603,0.9999983086336615,0.9999983086336608,5.0868185433769494e-11,0.9999983086336603,0.9999983086336608,0.9999983086336606,0.9999983086336602,0.9999983086336608,0.9999983086336615,0.9999983086336603,0.9999983086336606,0.9999983086336608,0.9999983086336612,5.0868186553866155e-11,0.9999983086336612,0.9999983086336603,0.9999983086336603,0.9999983086336615,0.9999983086336608,0.9999983086336602,5.086818653798358e-11,0.9999983086336608,0.9999983086336608,5.0868186699373544e-11,0.9999998254897252,5.0868186165514033e-11,0.9999983096239231,0.9999983086336612,0.9999983086336608
1.3519356942186211e-06,5.086818616200694e-11,9.832102362206046e-15,5.086818618023808e-11,5.086818617961145e-11,5.086818613101974e-11,5.0868186246952336e-11,9.832102193163319e-15,5.0868186219726876e-11,5.0868186264038605e-11,5.0868186264038605e-11,5.086818620529325e-11,5.086818620421035e-11,5.086818615013374e-11,5.086818610806948e-11,5.0868186219726876e-11,5.086818622893517e-11,5.0868186219726876e-11,9.832102434496071e-15,5.0868186264038605e-11,5.0868186264038605e-11,5.0868186229484854e-11,5.086818620421035e-11,5.086818623254371e-11,5.086818620586828e-11,9.83210246393861e-15,5.086818622951822e-11,5.0868186188769783e-11,9.832102444088028e-15,5.0868186165514033e-11,1.5168563575612584e-06,1.0086230057032893e-07,5.086818623254371e-11,5.086818616200694e-11
0.9999998626693296,0.9999983096239206,1.0086230048844342e-07,0.9999983096239217,0.9999983096239222,0.9999983096239229,0.9999983096239223,1.0086229897495108e-07,0.9999983096239211,0.9999983096239222,0.9999983096239217,0.9999983096239228,0.9999983096239223,0.9999983096239229,0.9999983096239211,0.999998309623922,0.9999983096239223,0.9999983096239226,1.0086230127458949e-07,0.9999983096239228,0.9999983096239211,0.9999983096239211,0.9999983096239229,0.9999983096239223,0.9999983096239228,1.0086230125496692e-07,0.9999983096239223,0.9999983096239228,1.0086230154680428e-07,0.9999983096239231,1.0086230057032893e-07,0.9999998274702531,0.9999983096239229,0.9999983096239228
0.9999998616790622,0.9999983086336603,5.086818626073931e-11,0.9999983086336606,0.9999983086336603,0.9999983086336608,0.9999983086336603,5.086818537358963e-11,0.9999983086336598,0.9999983086336602,0.99999830863366,0.9999983086336603,0.9999983086336602,0.9999983086336608,0.9999983086336598,0.9999983086336598,0.9999983086336603,0.9999983086336608,5.086818658520233e-11,0.9999983086336608,0.9999983086336598,0.9999983086336598,0.9999983086336608,0.9999983086336603,0.9999983086336597,5.0868186714466715e-11,0.9999983086336602,0.9999983086336603,5.0868186671957154e-11,0.9999983086336612,5.086818623254371e-11,0.9999983096239229,0.9999998254897232,0.9999983086336603
0.9999998616790639,0.9999983086336592,5.08681861921062e-11,0.99999830863366,0.9999983086336603,0.9999983086336603,0.9999983086336612,5.086818544244675e-11,0.99999830863366,0.9999983086336612,0.9999983086336603,0.9999983086336603,0.9999983086336612,0.9999983086336603,0.9999983086336592,0.9999983086336603,0.9999983086336608,0.999998308633661,5.08681865785245e-11,0.9999983086336603,0.9999983086336592,0.9999983086336592,0.9999983086336603,0.9999983086336612,0.9999983086336597,5.0868186580343876e-11,0.9999983086336612,0.9999983086336612,5.0868186676462994e-11,0.9999983086336608,5.086818616200694e-11,0.9999983096239228,0.9999983086336603,0.9999998254897241
