1.0000000034838095,1.0000152677654284,1.0000152677654284,-3.7098450048223176e-06,-3.7098450043551624e-06,1.0000152677654286,1.0000152677654282,1.0000152677654288,1.0000152677654297,-3.7098450044777277e-06,-3.709845004355172e-06,1.0000148463585887,1.000015267765428,1.0000152677654295,-3.7098450043552433e-06,1.0000152677654306,1.0000152677654301
1.0000152677654284,1.0000158537986261,1.000020773045016,-3.959102894027903e-10,-3.9591028809115286e-10,1.0000207730450152,1.000020773045016,1.0000207730450152,1.000020773045016,-3.959102875364167e-10,-3.959102886791171e-10,1.0000203516371198,1.000020773045015,1.000020773045015,-3.959102881573828e-10,1.000020773045015,1.000020773045016
1.0000152677654284,1.000020773045016,1.0000158537986201,-3.959102890948255e-10,-3.959102882395555e-10,1.0000207730450126,1.000020773045014,1.0000207730450135,1.0000207730450144,-3.9591028779596276e-10,-3.959102881796018e-10,1.000020351637117,1.0000207730450135,1.0000207730450126,-3.959102881573828e-10,1.0000207730450128,1.0000207730450146
-3.7098450048223176e-06,-3.959102894027903e-10,-3.959102890948255e-10,-4.919247779699846e-06,4.267932047689287e-13,-3.9591028942276124e-10,-3.959102895040088e-10,-3.9591028901533297e-10,-3.959102889799004e-10,4.2679320333564583e-13,4.267932051210436e-13,-7.78218290777218e-07,-3.9591028918579323e-10,-3.959102891076934e-10,4.2679320498291437e-13,-3.9591028906502853e-10,-3.959102895040088e-10
-3.7098450043551624e-06,-3.9591028809115286e-10,-3.959102882395555e-10,4.267932047689287e-13,-4.919247779699846e-06,-3.9591028814247585e-10,-3.959102882395555e-10,-3.959102884295933e-10,-3.959102881335262e-10,4.2679320069468987e-13,4.267932024800863e-13,-7.782182887391871e-07,-3.9591028809541683e-10,-3.9591028814247585e-10,4.267932023419565e-13,-3.9591028821181375e-10,-3.959102882395555e-10
1.0000152677654286,1.0000207730450152,1.0000207730450126,-3.9591028942276124e-10,-3.9591028814247585e-10,1.0000158537986186,1.0000207730450126,1.000020773045012,1.000020773045013,-3.959102875364167e-10,-3.959102882251939e-10,1.000020351637117,1.000020773045013,1.0000207730450124,-3.959102882566183e-10,1.000020773045013,1.0000207730450135
1.0000152677654282,1.000020773045016,1.000020773045014,-3.959102895040088e-10,-3.959102882395555e-10,1.0000207730450126,1.0000158537986212,1.0000207730450124,1.000020773045014,-3.959102878146527e-10,-3.959102882335976e-10,1.000020351637117,1.000020773045014,1.000020773045013,-3.959102881573828e-10,1.000020773045013,1.000020773045013
1.0000152677654288,1.0000207730450152,1.0000207730450135,-3.9591028901533297e-10,-3.959102884295933e-10,1.000020773045012,1.0000207730450124,1.000015853798619,1.0000207730450126,-3.9591028762051517e-10,-3.95910288227602e-10,1.0000203516371167,1.0000207730450124,1.0000207730450115,-3.959102881667824e-10,1.0000207730450124,1.000020773045013
1.0000152677654297,1.000020773045016,1.0000207730450144,-3.959102889799004e-10,-3.959102881335262e-10,1.000020773045013,1.000020773045014,1.0000207730450126,1.0000158537986157,-3.9591028744052367e-10,-3.9591028846009186e-10,1.0000203516371176,1.0000207730450135,1.0000207730450126,-3.959102881573828e-10,1.0000207730450135,1.000020773045014
-3.7098450044777277e-06,-3.959102875364167e-10,-3.9591028779596276e-10,4.2679320333564583e-13,4.2679320069468987e-13,-3.959102875364167e-10,-3.959102878146527e-10,-3.9591028762051517e-10,-3.9591028744052367e-10,-4.919247779699846e-06,4.267932010468054e-13,-7.782182878462972e-07,-3.959102878146527e-10,-3.959102875364167e-10,4.2679320090867524e-13,-3.959102878146527e-10,-3.959102875364167e-10
-3.709845004355172e-06,-3.959102886791171e-10,-3.959102881796018e-10,4.267932051210436e-13,4.267932024800863e-13,-3.959102882251939e-10,-3.959102882335976e-10,-3.95910288227602e-10,-3.9591028846009186e-10,4.267932010468054e-13,-4.919247779699846e-06,-7.782182891317645e-07,-3.959102883537528e-10,-3.9591028858991026e-10,4.267932026940727e-13,-3.959102880218524e-10,-3.959102881796018e-10
1.0000148463585887,1.0000203516371198,1.000020351637117,-7.78218290777218e-07,-7.782182887391871e-07,1.000020351637117,1.000020351637117,1.0000203516371167,1.0000203516371176,-7.782182878462972e-07,-7.782182891317645e-07,1.0000150109828836,1.0000203516371167,1.0000203516371167,-7.782182889735188e-07,1.0000203516371167,1.0000203516371178
1.000015267765428,1.000020773045015,1.0000207730450135,-3.9591028918579323e-10,-3.9591028809541683e-10,1.000020773045013,1.000020773045014,1.0000207730450124,1.0000207730450135,-3.959102878146527e-10,-3.959102883537528e-10,1.0000203516371167,1.0000158537986223,1.0000207730450124,-3.959102883806008e-10,1.0000207730450124,1.0000207730450135
1.0000152677654295,1.000020773045015,1.0000207730450126,-3.959102891076934e-10,-3.9591028814247585e-10,1.0000207730450124,1.000020773045013,1.0000207730450115,1.0000207730450126,-3.959102875364167e-10,-3.9591028858991026e-10,1.0000203516371167,1.0000207730450124,1.0000158537986183,-3.95910287990064e-10,1.0000207730450124,1.0000207730450135
-3.7098450043552433e-06,-3.959102881573828e-10,-3.959102881573828e-10,4.2679320498291437e-13,4.267932023419565e-13,-3.959102882566183e-10,-3.959102881573828e-10,-3.959102881667824e-10,-3.959102881573828e-10,4.2679320090867524e-13,4.267932026940727e-13,-7.782182889735188e-07,-3.959102883806008e-10,-3.95910287990064e-10,-4.919247779699846e-06,-3.959102879650475e-10,-3.959102881573828e-10
1.0000152677654306,1.000020773045015,1.0000207730450128,-3.9591028906502853e-10,-3.9591028821181375e-10,1.000020773045013,1.000020773045013,1.0000207730450124,1.0000207730450135,-3.959102878146527e-10,-3.959102880218524e-10,1.0000203516371167,1.0000207730450124,1.0000207730450124,-3.959102879650475e-10,1.0000158537986177,1.0000207730450135
1.0000152677654301,1.000020773045016,1.0000207730450146,-3.959102895040088e-10,-3.959102882395555e-10,1.0000207730450135,1.000020773045013,1.000020773045013,1.000020773045014,-3.959102875364167e-10,-3.959102881796018e-10,1.0000203516371178,1.0000207730450135,1.0000207730450135,-3.959102881573828e-10,1.0000207730450135,1.0000158537986217
