1.0000000065415189,-1.5449455476644139e-06,-1.544945545697166e-06,1.0000159249066067,-1.5449455483837778e-06,1.0000159249066063,1.0000159249066067,-1.5449455468318142e-06,1.0000159249066072,1.0000159249066076,1.000015924906606,1.0000150432952613,1.000015924906606,-1.5449455468358695e-06,-1.5449455464556587e-06
-1.5449455476644139e-06,-2.872937597732147e-06,2.571449150896696e-17,-3.1368894352230153e-10,4.992260709892581e-14,-3.1368894335898335e-10,-3.1368894352230153e-10,2.5722504271958937e-17,-3.1368894352230153e-10,-3.136889430394581e-10,-3.1368894352230153e-10,-6.152138602460372e-07,-3.136889430394581e-10,4.9922606674386555e-14,2.5953193991438793e-17
-1.544945545697166e-06,2.571449150896696e-17,-2.872937597732147e-06,-3.1368894256905063e-10,2.5722504271958937e-17,-3.1368894270619966e-10,-3.1368894272181983e-10,4.9922602987631306e-14,-3.1368894243791516e-10,-3.1368894270619966e-10,-3.1368894246952834e-10,-6.152138583326967e-07,-3.1368894270619966e-10,2.5722504271958937e-17,4.9922601359844136e-14
1.0000159249066067,-3.1368894352230153e-10,-3.1368894256905063e-10,1.0000170302829015,-3.1368894325929837e-10,1.000019903219266,1.0000199032192656,-3.1368894336814717e-10,1.0000199032192656,1.0000199032192656,1.000019903219267,1.0000190216051135,1.000019903219266,-3.136889434526319e-10,-3.1368894216373663e-10
-1.5449455483837778e-06,4.992260709892581e-14,2.5722504271958937e-17,-3.1368894325929837e-10,-2.872937597732147e-06,-3.1368894319513257e-10,-3.1368894319513257e-10,2.5953193991438793e-17,-3.136889432686615e-10,-3.1368894319513257e-10,-3.136889432686615e-10,-6.152138599943459e-07,-3.136889434313815e-10,4.992260628136311e-14,2.57225042709796e-17
1.0000159249066063,-3.1368894335898335e-10,-3.1368894270619966e-10,1.000019903219266,-3.1368894319513257e-10,1.0000170302829008,1.0000199032192658,-3.136889431079689e-10,1.000019903219267,1.000019903219266,1.000019903219268,1.0000190216051144,1.0000199032192665,-3.136889431793948e-10,-3.1368894222481963e-10
1.0000159249066067,-3.1368894352230153e-10,-3.1368894272181983e-10,1.0000199032192656,-3.1368894319513257e-10,1.0000199032192658,1.0000170302829006,-3.136889433599297e-10,1.0000199032192658,1.0000199032192658,1.000019903219267,1.0000190216051135,1.0000199032192658,-3.1368894353306967e-10,-3.1368894243213596e-10
-1.5449455468318142e-06,2.5722504271958937e-17,4.9922602987631306e-14,-3.1368894336814717e-10,2.5953193991438793e-17,-3.136889431079689e-10,-3.136889433599297e-10,-2.872937597732147e-06,-3.1368894324457647e-10,-3.1368894316834014e-10,-3.136889433784737e-10,-6.152138595833365e-07,-3.1368894316834014e-10,2.5953182760618105e-17,4.992260335236522e-14
1.0000159249066072,-3.1368894352230153e-10,-3.1368894243791516e-10,1.0000199032192656,-3.136889432686615e-10,1.000019903219267,1.0000199032192658,-3.1368894324457647e-10,1.0000170302828992,1.0000199032192656,1.000019903219267,1.0000190216051155,1.0000199032192667,-3.136889431793948e-10,-3.1368894216373663e-10
1.0000159249066076,-3.136889430394581e-10,-3.1368894270619966e-10,1.0000199032192656,-3.1368894319513257e-10,1.000019903219266,1.0000199032192658,-3.1368894316834014e-10,1.0000199032192656,1.0000170302828988,1.0000199032192667,1.0000190216051155,1.0000199032192665,-3.136889431793948e-10,-3.136889424316312e-10
1.000015924906606,-3.1368894352230153e-10,-3.1368894246952834e-10,1.000019903219267,-3.136889432686615e-10,1.000019903219268,1.000019903219267,-3.136889433784737e-10,1.000019903219267,1.0000199032192667,1.0000170302829006,1.0000190216051157,1.0000199032192674,-3.136889433198726e-10,-3.136889419793815e-10
1.0000150432952613,-6.152138602460372e-07,-6.152138583326967e-07,1.0000190216051135,-6.152138599943459e-07,1.0000190216051144,1.0000190216051135,-6.152138595833365e-07,1.0000190216051155,1.0000190216051155,1.0000190216051157,1.0000152670551312,1.0000190216051146,-6.152138597751976e-07,-6.152138579681548e-07
1.000015924906606,-3.136889430394581e-10,-3.1368894270619966e-10,1.000019903219266,-3.136889434313815e-10,1.0000199032192665,1.0000199032192658,-3.1368894316834014e-10,1.0000199032192667,1.0000199032192665,1.0000199032192674,1.0000190216051146,1.0000170302829008,-3.136889431793948e-10,-3.1368894243213596e-10
-1.5449455468358695e-06,4.9922606674386555e-14,2.5722504271958937e-17,-3.136889434526319e-10,4.992260628136311e-14,-3.136889431793948e-10,-3.1368894353306967e-10,2.5953182760618105e-17,-3.136889431793948e-10,-3.136889431793948e-10,-3.136889433198726e-10,-6.152138597751976e-07,-3.136889431793948e-10,-2.8729375977525887e-06,2.5722504271958937e-17
-1.5449455464556587e-06,2.5953193991438793e-17,4.9922601359844136e-14,-3.1368894216373663e-10,2.57225042709796e-17,-3.1368894222481963e-10,-3.1368894243213596e-10,4.992260335236522e-14,-3.1368894216373663e-10,-3.136889424316312e-10,-3.136889419793815e-10,-6.152138579681548e-07,-3.1368894243213596e-10,2.5722504271958937e-17,-2.8729375977525887e-06
