0.9999999805786002,0.2500028716795863,0.250002871679619,0.2500028716796148,0.2500028716796152,0.25000287167962115,0.2500028716796138,0.2500028716796152,0.25000287167958574,0.25000287167961904,0.25000287167962115,0.25000287167958624,0.2500028716795843,0.2500028716796142,0.25000287167961427,0.2500028716796152,1.0000152730657983,0.25000287167961427
0.2500028716795863,0.25000084609544276,7.254193236196532e-10,7.25419324530715e-10,7.25419323782868e-10,7.254193234308205e-10,7.254193239325064e-10,7.254193239017809e-10,0.25000578830449516,7.254193236330088e-10,7.254193237435017e-10,0.2500057883044947,0.25000578830449477,7.254193238315115e-10,7.254193245887184e-10,7.254193236565329e-10,0.25001161389501403,7.254193242740239e-10
0.250002871679619,7.254193236196532e-10,0.25000084609547596,7.254193244158091e-10,7.254193243994261e-10,0.2500057883045304,7.25419324562066e-10,7.254193242792926e-10,7.254193235880039e-10,0.25000578830453096,0.2500057883045308,7.254193240774532e-10,7.254193241208865e-10,7.254193243617371e-10,7.254193243379116e-10,7.254193242885907e-10,0.250011613895051,7.25419324345929e-10
0.2500028716796148,7.25419324530715e-10,7.254193244158091e-10,0.2500008460954767,7.254193225711987e-10,7.254193244653028e-10,7.254193226444773e-10,7.254193231235246e-10,7.254193242797965e-10,7.25419324447043e-10,7.25419324517163e-10,7.254193240701392e-10,7.254193241387218e-10,0.25000578830452513,0.2500057883045256,7.254193229390407e-10,0.25001161389504434,0.25000578830452536
0.2500028716796152,7.25419323782868e-10,7.254193243994261e-10,7.254193225711987e-10,0.25000084609547546,7.254193238766802e-10,0.2500057883045255,0.2500057883045255,7.254193242109623e-10,7.254193242473639e-10,7.254193239370062e-10,7.254193240722859e-10,7.254193244326823e-10,7.254193233118254e-10,7.254193221935076e-10,0.25000578830452586,0.25001161389504484,7.254193229472841e-10
0.25000287167962115,7.254193234308205e-10,0.2500057883045304,7.254193244653028e-10,7.254193238766802e-10,0.2500008460954787,7.254193241996076e-10,7.254193241718756e-10,7.254193237945517e-10,0.25000578830453113,0.2500057883045307,7.25419323634236e-10,7.254193232909418e-10,7.254193242935724e-10,7.254193242756503e-10,7.254193238618048e-10,0.25001161389504967,7.254193240522785e-10
0.2500028716796138,7.254193239325064e-10,7.25419324562066e-10,7.254193226444773e-10,0.2500057883045255,7.254193241996076e-10,0.2500008460954748,0.25000578830452547,7.254193248252528e-10,7.254193242724957e-10,7.254193242735866e-10,7.254193244611451e-10,7.254193245650233e-10,7.254193228526377e-10,7.254193224121668e-10,0.25000578830452586,0.25001161389504434,7.254193227185023e-10
0.2500028716796152,7.254193239017809e-10,7.254193242792926e-10,7.254193231235246e-10,0.2500057883045255,7.254193241718756e-10,0.25000578830452547,0.25000084609547424,7.254193241577325e-10,7.254193240721475e-10,7.254193243296452e-10,7.254193242187818e-10,7.254193242415563e-10,7.254193226812609e-10,7.254193223808171e-10,0.250005788304526,0.2500116138950451,7.254193227002904e-10
0.25000287167958574,0.25000578830449516,7.254193235880039e-10,7.254193242797965e-10,7.254193242109623e-10,7.254193237945517e-10,7.254193248252528e-10,7.254193241577325e-10,0.25000084609544326,7.254193234418923e-10,7.254193239102349e-10,0.2500057883044949,0.2500057883044947,7.25419324314485e-10,7.254193245509677e-10,7.254193242249614e-10,0.25001161389501564,7.254193246068675e-10
0.25000287167961904,7.254193236330088e-10,0.25000578830453096,7.25419324447043e-10,7.254193242473639e-10,0.25000578830453113,7.254193242724957e-10,7.254193240721475e-10,7.254193234418923e-10,0.25000084609547796,0.2500057883045314,7.254193240655849e-10,7.254193235995019e-10,7.254193237463296e-10,7.254193238512395e-10,7.254193242293901e-10,0.250011613895051,7.254193241938451e-10
0.25000287167962115,7.254193237435017e-10,0.2500057883045308,7.25419324517163e-10,7.254193239370062e-10,0.2500057883045307,7.254193242735866e-10,7.254193243296452e-10,7.254193239102349e-10,0.2500057883045314,0.25000084609547596,7.254193244047367e-10,7.254193236142806e-10,7.25419324059395e-10,7.254193242384466e-10,7.254193242361921e-10,0.2500116138950502,7.254193237017591e-10
0.25000287167958624,0.2500057883044947,7.254193240774532e-10,7.254193240701392e-10,7.254193240722859e-10,7.25419323634236e-10,7.254193244611451e-10,7.254193242187818e-10,0.2500057883044949,7.254193240655849e-10,7.254193244047367e-10,0.25000084609544476,0.2500057883044946,7.254193247965383e-10,7.254193246471445e-10,7.254193240962613e-10,0.25001161389501525,7.254193244962822e-10
0.2500028716795843,0.25000578830449477,7.254193241208865e-10,7.254193241387218e-10,7.254193244326823e-10,7.254193232909418e-10,7.254193245650233e-10,7.254193242415563e-10,0.2500057883044947,7.254193235995019e-10,7.254193236142806e-10,0.2500057883044946,0.2500008460954439,7.254193242142367e-10,7.254193244733044e-10,7.254193239605088e-10,0.250011613895015,7.254193244983336e-10
0.2500028716796142,7.254193238315115e-10,7.254193243617371e-10,0.25000578830452513,7.254193233118254e-10,7.254193242935724e-10,7.254193228526377e-10,7.254193226812609e-10,7.25419324314485e-10,7.254193237463296e-10,7.25419324059395e-10,7.254193247965383e-10,7.254193242142367e-10,0.2500008460954767,0.25000578830452574,7.254193229156436e-10,0.2500116138950453,0.2500057883045256
0.25000287167961427,7.254193245887184e-10,7.254193243379116e-10,0.2500057883045256,7.254193221935076e-10,7.254193242756503e-10,7.254193224121668e-10,7.254193223808171e-10,7.254193245509677e-10,7.254193238512395e-10,7.254193242384466e-10,7.254193246471445e-10,7.254193244733044e-10,0.25000578830452574,0.25000084609547607,7.254193231770406e-10,0.2500116138950454,0.2500057883045258
0.2500028716796152,7.254193236565329e-10,7.254193242885907e-10,7.254193229390407e-10,0.25000578830452586,7.254193238618048e-10,0.25000578830452586,0.250005788304526,7.254193242249614e-10,7.254193242293901e-10,7.254193242361921e-10,7.254193240962613e-10,7.254193239605088e-10,7.254193229156436e-10,7.254193231770406e-10,0.2500008460954713,0.25001161389504506,7.254193229631533e-10
1.0000152730657983,0.25001161389501403,0.250011613895051,0.25001161389504434,0.25001161389504484,0.25001161389504967,0.25001161389504434,0.2500116138950451,0.25001161389501564,0.250011613895051,0.2500116138950502,0.25001161389501525,0.250011613895015,0.2500116138950453,0.2500116138950454,0.25001161389504506,1.0000476885812801,0.2500116138950453
0.25000287167961427,7.254193242740239e-10,7.25419324345929e-10,0.25000578830452536,7.254193229472841e-10,7.254193240522785e-10,7.254193227185023e-10,7.254193227002904e-10,7.254193246068675e-10,7.254193241938451e-10,7.254193237017591e-10,7.254193244962822e-10,7.254193244983336e-10,0.2500057883045256,0.2500057883045258,7.254193229631533e-10,0.2500116138950453,0.250000846095476
