1.0000000021128042,1.0000000667748585,1.0000000667748605,1.0000000667748605,1.0000000667748619,1.3345391042212773e-06,1.0000000667748616,1.3345391026983804e-06,1.0000000667748605,1.0000000667748599,1.000000066774862,1.000000066774862,1.0000000667748603,1.0000000667748588,1.0000000667748619,1.000000066774862,1.3345391029973324e-06,1.0000000667748625,1.0000000667748654,1.3345391028266953e-06,1.0000000667748623,1.0000000667748605,1.0000000669593259,1.0000000667748636,1.0000000667748605,1.0000000667748652,1.3345391050244134e-06,1.0000000667748605,1.0000000667748619,1.0000000667748603,1.3345391053113398e-06,1.0000000667748652,1.000000066774864,1.0000000667748594
1.0000000667748585,1.0000000445040467,0.9999986075746082,0.9999986075746088,0.9999986075746083,5.077987747607902e-11,0.9999986075746077,5.077987705864076e-11,0.9999986075746095,0.9999986075746092,0.9999986075746088,0.9999986075746088,0.9999986075746083,0.9999986075746083,0.9999986075746065,0.9999986075746072,5.077987687166254e-11,0.9999986075746088,0.9999986075746088,5.0779876812889585e-11,0.9999986075746097,0.9999986075746077,0.9999986077590803,0.9999986075746088,0.9999986075746077,0.9999986075746072,5.0779877532936686e-11,0.9999986075746083,0.9999986075746083,0.9999986075746083,5.077987820091777e-11,0.9999986075746077,0.9999986075746088,0.999998607574608
1.0000000667748605,0.9999986075746082,1.0000000445040453,0.9999986075746098,0.9999986075746083,5.077987746081049e-11,0.9999986075746083,5.0779877008151294e-11,0.99999860757461,0.9999986075746088,0.9999986075746103,0.9999986075746103,0.9999986075746092,0.9999986075746083,0.9999986075746086,0.9999986075746091,5.077987687163352e-11,0.99999860757461,0.9999986075746095,5.0779876808982734e-11,0.9999986075746102,0.9999986075746083,0.9999986077590809,0.9999986075746092,0.9999986075746083,0.9999986075746088,5.077987758915454e-11,0.9999986075746095,0.9999986075746092,0.9999986075746098,5.0779878209555014e-11,0.9999986075746083,0.9999986075746092,0.9999986075746088
1.0000000667748605,0.9999986075746088,0.9999986075746098,1.0000000445040536,0.9999986075746103,5.07798775800634e-11,0.99999860757461,5.077987694788238e-11,0.9999986075746112,0.9999986075746112,0.9999986075746118,0.9999986075746118,0.9999986075746102,0.99999860757461,0.999998607574608,0.9999986075746086,5.077987692197862e-11,0.9999986075746103,0.9999986075746103,5.077987674739461e-11,0.9999986075746116,0.9999986075746088,0.9999986077590809,0.9999986075746109,0.9999986075746083,0.999998607574608,5.077987758915454e-11,0.9999986075746103,0.9999986075746102,0.9999986075746092,5.0779878148776006e-11,0.9999986075746086,0.9999986075746109,0.9999986075746097
1.0000000667748619,0.9999986075746083,0.9999986075746083,0.9999986075746103,1.0000000445040478,5.077987749375935e-11,0.9999986075746088,5.077987700776887e-11,0.9999986075746116,0.9999986075746102,0.9999986075746116,0.9999986075746116,0.99999860757461,0.9999986075746092,0.999998607574607,0.9999986075746077,5.077987695398249e-11,0.99999860757461,0.9999986075746088,5.0779876740098234e-11,0.99999860757461,0.9999986075746077,0.9999986077590811,0.99999860757461,0.9999986075746077,0.9999986075746088,5.077987752277564e-11,0.99999860757461,0.9999986075746092,0.99999860757461,5.0779878160241304e-11,0.9999986075746082,0.9999986075746098,0.9999986075746095
1.3345391042212773e-06,5.077987747607902e-11,5.077987746081049e-11,5.07798775800634e-11,5.077987749375935e-11,1.4369297223325877e-06,5.0779877528820305e-11,5.276653181728639e-18,5.077987745444453e-11,5.077987760071596e-11,5.077987746081049e-11,5.077987747607902e-11,5.077987760071596e-11,5.077987746729288e-11,5.077987746081049e-11,5.077987746081049e-11,9.89648034050075e-15,5.077987750606487e-11,5.0779877602358614e-11,9.896480202387694e-15,5.0779877545316904e-11,5.0779877462676824e-11,1.0068720076177214e-07,5.077987747607902e-11,5.077987747607902e-11,5.077987753327247e-11,5.276653181728639e-18,5.077987747607902e-11,5.077987746331311e-11,5.077987748591251e-11,5.426730471123873e-18,5.077987746729288e-11,5.077987746331311e-11,5.077987747607586e-11
1.0000000667748616,0.9999986075746077,0.9999986075746083,0.99999860757461,0.9999986075746088,5.0779877528820305e-11,1.000000044504053,5.077987697008105e-11,0.9999986075746112,0.99999860757461,0.9999986075746116,0.9999986075746116,0.99999860757461,0.9999986075746083,0.999998607574608,0.9999986075746083,5.077987689999296e-11,0.99999860757461,0.9999986075746092,5.0779876762655824e-11,0.9999986075746106,0.9999986075746082,0.9999986077590806,0.9999986075746103,0.9999986075746083,0.9999986075746077,5.077987748196732e-11,0.99999860757461,0.9999986075746086,0.999998607574608,5.077987808725113e-11,0.999998607574608,0.9999986075746102,0.9999986075746086
1.3345391026983804e-06,5.077987705864076e-11,5.0779877008151294e-11,5.077987694788238e-11,5.077987700776887e-11,5.276653181728639e-18,5.077987697008105e-11,1.4369297223325877e-06,5.077987703628634e-11,5.077987701856585e-11,5.077987703628634e-11,5.077987704896453e-11,5.0779877008151294e-11,5.077987704896453e-11,5.077987694355056e-11,5.077987697727844e-11,5.276653181728639e-18,5.077987701856585e-11,5.077987697021309e-11,5.276653181728639e-18,5.077987701856585e-11,5.077987704896453e-11,1.006871996934294e-07,5.077987700776887e-11,5.077987697021309e-11,5.077987697021309e-11,9.896480329678558e-15,5.077987705864076e-11,5.0779877058266226e-11,5.077987701856585e-11,9.896480511002852e-15,5.077987697021309e-11,5.0779877050861777e-11,5.077987701856585e-11
1.0000000667748605,0.9999986075746095,0.99999860757461,0.9999986075746112,0.9999986075746116,5.077987745444453e-11,0.9999986075746112,5.077987703628634e-11,1.0000000445040496,0.999998607574612,0.9999986075746115,0.9999986075746115,0.999998607574611,0.9999986075746109,0.9999986075746088,0.99999860757461,5.077987690988055e-11,0.9999986075746109,0.9999986075746116,5.0779876755914386e-11,0.9999986075746123,0.9999986075746103,0.9999986077590821,0.9999986075746109,0.99999860757461,0.99999860757461,5.0779877604001556e-11,0.9999986075746109,0.9999986075746109,0.9999986075746102,5.077987818911632e-11,0.9999986075746086,0.9999986075746112,0.9999986075746098
1.0000000667748599,0.9999986075746092,0.9999986075746088,0.9999986075746112,0.9999986075746102,5.077987760071596e-11,0.99999860757461,5.077987701856585e-11,0.999998607574612,1.0000000445040496,0.999998607574612,0.999998607574612,0.9999986075746103,0.9999986075746097,0.9999986075746075,0.9999986075746083,5.077987690211511e-11,0.9999986075746103,0.99999860757461,5.0779876728022476e-11,0.9999986075746109,0.9999986075746083,0.9999986077590814,0.9999986075746103,0.9999986075746083,0.9999986075746083,5.077987755647456e-11,0.9999986075746103,0.9999986075746097,0.9999986075746097,5.077987822332379e-11,0.9999986075746086,0.99999860757461,0.9999986075746102
1.000000066774862,0.9999986075746088,0.9999986075746103,0.9999986075746118,0.9999986075746116,5.077987746081049e-11,0.9999986075746116,5.077987703628634e-11,0.9999986075746115,0.999998607574612,1.0000000445040491,0.9999986075746109,0.9999986075746109,0.9999986075746109,0.9999986075746088,0.99999860757461,5.077987692197862e-11,0.9999986075746116,0.9999986075746112,5.077987674739461e-11,0.9999986075746123,0.9999986075746103,0.9999986077590821,0.9999986075746112,0.9999986075746103,0.9999986075746098,5.077987755647456e-11,0.9999986075746109,0.9999986075746109,0.9999986075746102,5.077987818782194e-11,0.9999986075746097,0.9999986075746116,0.9999986075746102
1.000000066774862,0.9999986075746088,0.9999986075746103,0.9999986075746118,0.9999986075746116,5.077987747607902e-11,0.9999986075746116,5.077987704896453e-11,0.9999986075746115,0.999998607574612,0.9999986075746109,1.0000000445040491,0.9999986075746109,0.9999986075746109,0.9999986075746088,0.99999860757461,5.077987687163352e-11,0.9999986075746116,0.9999986075746112,5.077987685265312e-11,0.999998607574612,0.9999986075746103,0.9999986077590821,0.9999986075746112,0.9999986075746103,0.9999986075746098,5.077987758396015e-11,0.9999986075746109,0.9999986075746109,0.9999986075746102,5.077987818911632e-11,0.99999860757461,0.9999986075746116,0.9999986075746102
1.0000000667748603,0.9999986075746083,0.9999986075746092,0.9999986075746102,0.99999860757461,5.077987760071596e-11,0.99999860757461,5.0779877008151294e-11,0.999998607574611,0.9999986075746103,0.9999986075746109,0.9999986075746109,1.0000000445040516,0.9999986075746086,0.9999986075746083,0.9999986075746092,5.0779876930457535e-11,0.9999986075746088,0.99999860757461,5.077987668251822e-11,0.9999986075746103,0.9999986075746086,0.9999986077590801,0.99999860757461,0.999998607574608,0.9999986075746092,5.0779877545468976e-11,0.9999986075746092,0.9999986075746086,0.9999986075746097,5.0779878184139166e-11,0.9999986075746083,0.99999860757461,0.9999986075746097
1.0000000667748588,0.9999986075746083,0.9999986075746083,0.99999860757461,0.9999986075746092,5.077987746729288e-11,0.9999986075746083,5.077987704896453e-11,0.9999986075746109,0.9999986075746097,0.9999986075746109,0.9999986075746109,0.9999986075746086,1.0000000445040473,0.9999986075746078,0.9999986075746082,5.0779876841985844e-11,0.9999986075746097,0.9999986075746083,5.077987675940145e-11,0.99999860757461,0.9999986075746083,0.9999986077590801,0.9999986075746086,0.9999986075746072,0.9999986075746092,5.077987755647456e-11,0.9999986075746086,0.9999986075746083,0.9999986075746097,5.0779878170544084e-11,0.9999986075746092,0.9999986075746095,0.9999986075746091
1.0000000667748619,0.9999986075746065,0.9999986075746086,0.999998607574608,0.999998607574607,5.077987746081049e-11,0.999998607574608,5.077987694355056e-11,0.9999986075746088,0.9999986075746075,0.9999986075746088,0.9999986075746088,0.9999986075746083,0.9999986075746078,1.0000000445040418,0.9999986075746097,5.077987691983301e-11,0.9999986075746095,0.9999986075746082,5.077987675940145e-11,0.999998607574608,0.9999986075746082,0.9999986077590801,0.9999986075746082,0.9999986075746083,0.9999986075746083,5.077987746414342e-11,0.9999986075746083,0.9999986075746072,0.9999986075746083,5.077987818911632e-11,0.9999986075746091,0.9999986075746077,0.9999986075746088
1.000000066774862,0.9999986075746072,0.9999986075746091,0.9999986075746086,0.9999986075746077,5.077987746081049e-11,0.9999986075746083,5.077987697727844e-11,0.99999860757461,0.9999986075746083,0.99999860757461,0.99999860757461,0.9999986075746092,0.9999986075746082,0.9999986075746097,1.0000000445040451,5.077987685580634e-11,0.9999986075746092,0.9999986075746086,5.0779876788145964e-11,0.9999986075746088,0.9999986075746091,0.9999986077590806,0.9999986075746086,0.9999986075746092,0.9999986075746083,5.077987756315616e-11,0.9999986075746092,0.9999986075746083,0.9999986075746088,5.077987820634597e-11,0.9999986075746095,0.9999986075746092,0.9999986075746088
1.3345391029973324e-06,5.077987687166254e-11,5.077987687163352e-11,5.077987692197862e-11,5.077987695398249e-11,9.89648034050075e-15,5.077987689999296e-11,5.276653181728639e-18,5.077987690988055e-11,5.077987690211511e-11,5.077987692197862e-11,5.077987687163352e-11,5.0779876930457535e-11,5.0779876841985844e-11,5.077987691983301e-11,5.077987685580634e-11,1.4369297223325877e-06,5.077987687163352e-11,5.077987685994217e-11,9.896480171446735e-15,5.0779876965407764e-11,5.077987684889265e-11,1.0068719948135349e-07,5.077987685994217e-11,5.077987690988055e-11,5.0779876944318555e-11,5.1749059084610215e-18,5.077987692197862e-11,5.07798768579784e-11,5.077987692197862e-11,5.276653181728639e-18,5.077987691117182e-11,5.07798768650593e-11,5.07798768579784e-11
1.0000000667748625,0.9999986075746088,0.99999860757461,0.9999986075746103,0.99999860757461,5.077987750606487e-11,0.99999860757461,5.077987701856585e-11,0.9999986075746109,0.9999986075746103,0.9999986075746116,0.9999986075746116,0.9999986075746088,0.9999986075746097,0.9999986075746095,0.9999986075746092,5.077987687163352e-11,1.0000000445040507,0.99999860757461,5.0779876728022476e-11,0.9999986075746103,0.99999860757461,0.9999986077590814,0.9999986075746102,0.9999986075746077,0.9999986075746097,5.077987758362212e-11,0.9999986075746088,0.9999986075746098,0.9999986075746106,5.077987821216097e-11,0.9999986075746092,0.99999860757461,0.9999986075746091
1.0000000667748654,0.9999986075746088,0.9999986075746095,0.9999986075746103,0.9999986075746088,5.0779877602358614e-11,0.9999986075746092,5.077987697021309e-11,0.9999986075746116,0.99999860757461,0.9999986075746112,0.9999986075746112,0.99999860757461,0.9999986075746083,0.9999986075746082,0.9999986075746086,5.077987685994217e-11,0.99999860757461,1.0000000445040533,5.0779876817140466e-11,0.9999986075746112,0.9999986075746083,0.9999986077590808,0.9999986075746103,0.9999986075746082,0.9999986075746078,5.077987749509417e-11,0.99999860757461,0.9999986075746088,0.9999986075746092,5.0779878184139166e-11,0.9999986075746072,0.9999986075746103,0.9999986075746095
1.3345391028266953e-06,5.0779876812889585e-11,5.0779876808982734e-11,5.077987674739461e-11,5.0779876740098234e-11,9.896480202387694e-15,5.0779876762655824e-11,5.276653181728639e-18,5.0779876755914386e-11,5.0779876728022476e-11,5.077987674739461e-11,5.077987685265312e-11,5.077987668251822e-11,5.077987675940145e-11,5.077987675940145e-11,5.0779876788145964e-11,9.896480171446735e-15,5.0779876728022476e-11,5.0779876817140466e-11,1.4369297223325877e-06,5.07798767853623e-11,5.077987673936446e-11,1.0068719930315528e-07,5.077987673936446e-11,5.077987677646683e-11,5.0779876788145964e-11,5.426730471123873e-18,5.0779876812889585e-11,5.07798768101412e-11,5.0779876755914386e-11,5.426730471123873e-18,5.0779876808982734e-11,5.077987677491868e-11,5.0779876788145964e-11
1.0000000667748623,0.9999986075746097,0.9999986075746102,0.9999986075746116,0.99999860757461,5.0779877545316904e-11,0.9999986075746106,5.077987701856585e-11,0.9999986075746123,0.9999986075746109,0.9999986075746123,0.999998607574612,0.9999986075746103,0.99999860757461,0.999998607574608,0.9999986075746088,5.0779876965407764e-11,0.9999986075746103,0.9999986075746112,5.07798767853623e-11,1.0000000445040478,0.9999986075746092,0.9999986077590821,0.9999986075746112,0.9999986075746092,0.9999986075746109,5.077987758396015e-11,0.9999986075746103,0.9999986075746102,0.9999986075746112,5.077987821216097e-11,0.9999986075746095,0.9999986075746103,0.9999986075746109
1.0000000667748605,0.9999986075746077,0.9999986075746083,0.9999986075746088,0.9999986075746077,5.0779877462676824e-11,0.9999986075746082,5.077987704896453e-11,0.9999986075746103,0.9999986075746083,0.9999986075746103,0.9999986075746103,0.9999986075746086,0.9999986075746083,0.9999986075746082,0.9999986075746091,5.077987684889265e-11,0.99999860757461,0.9999986075746083,5.077987673936446e-11,0.9999986075746092,1.0000000445040407,0.9999986077590793,0.9999986075746088,0.9999986075746083,0.9999986075746082,5.077987755647456e-11,0.9999986075746086,0.9999986075746077,0.9999986075746083,5.0779878209555014e-11,0.9999986075746092,0.999998607574608,0.9999986075746083
1.0000000669593259,0.9999986077590803,0.9999986077590809,0.9999986077590809,0.9999986077590811,1.0068720076177214e-07,0.9999986077590806,1.006871996934294e-07,0.9999986077590821,0.9999986077590814,0.9999986077590821,0.9999986077590821,0.9999986077590801,0.9999986077590801,0.9999986077590801,0.9999986077590806,1.0068719948135349e-07,0.9999986077590814,0.9999986077590808,1.0068719930315528e-07,0.9999986077590821,0.9999986077590793,1.0000000448729844,0.9999986077590809,0.9999986077590798,0.9999986077590809,1.0068720071500536e-07,0.9999986077590803,0.9999986077590809,0.9999986077590809,1.006872019609988e-07,0.9999986077590801,0.9999986077590814,0.9999986077590816
1.0000000667748636,0.9999986075746088,0.9999986075746092,0.9999986075746109,0.99999860757461,5.077987747607902e-11,0.9999986075746103,5.077987700776887e-11,0.9999986075746109,0.9999986075746103,0.9999986075746112,0.9999986075746112,0.99999860757461,0.9999986075746086,0.9999986075746082,0.9999986075746086,5.077987685994217e-11,0.9999986075746102,0.9999986075746103,5.077987673936446e-11,0.9999986075746112,0.9999986075746088,0.9999986077590809,1.0000000445040451,0.9999986075746082,0.9999986075746077,5.0779877532777576e-11,0.99999860757461,0.9999986075746091,0.9999986075746083,5.0779878209555014e-11,0.9999986075746083,0.9999986075746106,0.999998607574608
1.0000000667748605,0.9999986075746077,0.9999986075746083,0.9999986075746083,0.9999986075746077,5.077987747607902e-11,0.9999986075746083,5.077987697021309e-11,0.99999860757461,0.9999986075746083,0.9999986075746103,0.9999986075746103,0.999998607574608,0.9999986075746072,0.9999986075746083,0.9999986075746092,5.077987690988055e-11,0.9999986075746077,0.9999986075746082,5.077987677646683e-11,0.9999986075746092,0.9999986075746083,0.9999986077590798,0.9999986075746082,1.0000000445040482,0.9999986075746083,5.077987755647456e-11,0.999998607574608,0.9999986075746072,0.9999986075746086,5.0779878217092245e-11,0.9999986075746092,0.9999986075746078,0.9999986075746083
1.0000000667748652,0.9999986075746072,0.9999986075746088,0.999998607574608,0.9999986075746088,5.077987753327247e-11,0.9999986075746077,5.077987697021309e-11,0.99999860757461,0.9999986075746083,0.9999986075746098,0.9999986075746098,0.9999986075746092,0.9999986075746092,0.9999986075746083,0.9999986075746083,5.0779876944318555e-11,0.9999986075746097,0.9999986075746078,5.0779876788145964e-11,0.9999986075746109,0.9999986075746082,0.9999986077590809,0.9999986075746077,0.9999986075746083,1.000000044504047,5.0779877532777576e-11,0.9999986075746092,0.9999986075746091,0.9999986075746092,5.077987818911632e-11,0.9999986075746083,0.9999986075746097,0.9999986075746088
1.3345391050244134e-06,5.0779877532936686e-11,5.077987758915454e-11,5.077987758915454e-11,5.077987752277564e-11,5.276653181728639e-18,5.077987748196732e-11,9.896480329678558e-15,5.0779877604001556e-11,5.077987755647456e-11,5.077987755647456e-11,5.077987758396015e-11,5.0779877545468976e-11,5.077987755647456e-11,5.077987746414342e-11,5.077987756315616e-11,5.1749059084610215e-18,5.077987758362212e-11,5.077987749509417e-11,5.426730471123873e-18,5.077987758396015e-11,5.077987755647456e-11,1.0068720071500536e-07,5.0779877532777576e-11,5.077987755647456e-11,5.0779877532777576e-11,1.4369297223325877e-06,5.0779877545875813e-11,5.077987758915454e-11,5.0779877586836724e-11,9.89648059763199e-15,5.0779877533877184e-11,5.0779877445742194e-11,5.0779877533877184e-11
1.0000000667748605,0.9999986075746083,0.9999986075746095,0.9999986075746103,0.99999860757461,5.077987747607902e-11,0.99999860757461,5.077987705864076e-11,0.9999986075746109,0.9999986075746103,0.9999986075746109,0.9999986075746109,0.9999986075746092,0.9999986075746086,0.9999986075746083,0.9999986075746092,5.077987692197862e-11,0.9999986075746088,0.99999860757461,5.0779876812889585e-11,0.9999986075746103,0.9999986075746086,0.9999986077590803,0.99999860757461,0.999998607574608,0.9999986075746092,5.0779877545875813e-11,1.0000000445040507,0.9999986075746088,0.9999986075746097,5.0779878104731436e-11,0.9999986075746083,0.99999860757461,0.9999986075746097
1.0000000667748619,0.9999986075746083,0.9999986075746092,0.9999986075746102,0.9999986075746092,5.077987746331311e-11,0.9999986075746086,5.0779877058266226e-11,0.9999986075746109,0.9999986075746097,0.9999986075746109,0.9999986075746109,0.9999986075746086,0.9999986075746083,0.9999986075746072,0.9999986075746083,5.07798768579784e-11,0.9999986075746098,0.9999986075746088,5.07798768101412e-11,0.9999986075746102,0.9999986075746077,0.9999986077590809,0.9999986075746091,0.9999986075746072,0.9999986075746091,5.077987758915454e-11,0.9999986075746088,1.0000000445040473,0.9999986075746103,5.077987818911632e-11,0.9999986075746092,0.9999986075746092,0.9999986075746097
1.0000000667748603,0.9999986075746083,0.9999986075746098,0.9999986075746092,0.99999860757461,5.077987748591251e-11,0.999998607574608,5.077987701856585e-11,0.9999986075746102,0.9999986075746097,0.9999986075746102,0.9999986075746102,0.9999986075746097,0.9999986075746097,0.9999986075746083,0.9999986075746088,5.077987692197862e-11,0.9999986075746106,0.9999986075746092,5.0779876755914386e-11,0.9999986075746112,0.9999986075746083,0.9999986077590809,0.9999986075746083,0.9999986075746086,0.9999986075746092,5.0779877586836724e-11,0.9999986075746097,0.9999986075746103,1.0000000445040549,5.0779878134884535e-11,0.9999986075746083,0.9999986075746109,0.9999986075746092
1.3345391053113398e-06,5.077987820091777e-11,5.0779878209555014e-11,5.0779878148776006e-11,5.0779878160241304e-11,5.426730471123873e-18,5.077987808725113e-11,9.896480511002852e-15,5.077987818911632e-11,5.077987822332379e-11,5.077987818782194e-11,5.077987818911632e-11,5.0779878184139166e-11,5.0779878170544084e-11,5.077987818911632e-11,5.077987820634597e-11,5.276653181728639e-18,5.077987821216097e-11,5.0779878184139166e-11,5.426730471123873e-18,5.077987821216097e-11,5.0779878209555014e-11,1.006872019609988e-07,5.0779878209555014e-11,5.0779878217092245e-11,5.077987818911632e-11,9.89648059763199e-15,5.0779878104731436e-11,5.077987818911632e-11,5.0779878134884535e-11,1.4369297230614574e-06,5.077987816728445e-11,5.0779878209555014e-11,5.0779878209555014e-11
1.0000000667748652,0.9999986075746077,0.9999986075746083,0.9999986075746086,0.9999986075746082,5.077987746729288e-11,0.999998607574608,5.077987697021309e-11,0.9999986075746086,0.9999986075746086,0.9999986075746097,0.99999860757461,0.9999986075746083,0.9999986075746092,0.9999986075746091,0.9999986075746095,5.077987691117182e-11,0.9999986075746092,0.9999986075746072,5.0779876808982734e-11,0.9999986075746095,0.9999986075746092,0.9999986077590801,0.9999986075746083,0.9999986075746092,0.9999986075746083,5.0779877533877184e-11,0.9999986075746083,0.9999986075746092,0.9999986075746083,5.077987816728445e-11,1.0000000445040516,0.9999986075746092,0.9999986075746097
1.000000066774864,0.9999986075746088,0.9999986075746092,0.9999986075746109,0.9999986075746098,5.077987746331311e-11,0.9999986075746102,5.0779877050861777e-11,0.9999986075746112,0.99999860757461,0.9999986075746116,0.9999986075746116,0.99999860757461,0.9999986075746095,0.9999986075746077,0.9999986075746092,5.07798768650593e-11,0.99999860757461,0.9999986075746103,5.077987677491868e-11,0.9999986075746103,0.999998607574608,0.9999986077590814,0.9999986075746106,0.9999986075746078,0.9999986075746097,5.0779877445742194e-11,0.99999860757461,0.9999986075746092,0.9999986075746109,5.0779878209555014e-11,0.9999986075746092,1.0000000445040462,0.9999986075746097
1.0000000667748594,0.999998607574608,0.9999986075746088,0.9999986075746097,0.9999986075746095,5.077987747607586e-11,0.9999986075746086,5.077987701856585e-11,0.9999986075746098,0.9999986075746102,0.9999986075746102,0.9999986075746102,0.9999986075746097,0.9999986075746091,0.9999986075746088,0.9999986075746088,5.07798768579784e-11,0.9999986075746091,0.9999986075746095,5.0779876788145964e-11,0.9999986075746109,0.9999986075746083,0.9999986077590816,0.999998607574608,0.9999986075746083,0.9999986075746088,5.0779877533877184e-11,0.9999986075746097,0.9999986075746097,0.9999986075746092,5.0779878209555014e-11,0.9999986075746097,0.9999986075746097,1.0000000445040536
