1.0000000034574295,1.0000092991177962,1.0000092991177922,1.0000092991177953,-3.7824313250901684e-07,1.0000091468938692,1.0000092991177956,1.0000092991177936,-3.7824313619709374e-07,1.0000091468938692,1.0000092991177962,1.0000092991177918,1.0000092991177953,-3.7824313634272597e-07,1.000009299117791,1.0000092991177936
1.0000092991177962,1.0000097372329542,1.0000117669958155,1.0000117669958166,-7.89078169218263e-11,1.0000116147715323,1.0000117669958162,1.000011766995815,-7.8907816891732e-11,1.0000116147715323,1.0000117669958164,1.0000117669958155,1.0000117669958166,-7.890781646789811e-11,1.0000117669958153,1.0000117669958155
1.0000092991177922,1.0000117669958155,1.0000097372329584,1.0000117669958162,-7.890781673496477e-11,1.0000116147715326,1.0000117669958164,1.000011766995816,-7.890781701329794e-11,1.0000116147715326,1.0000117669958153,1.0000117669958164,1.0000117669958162,-7.890781655835123e-11,1.0000117669958166,1.0000117669958166
1.0000092991177953,1.0000117669958166,1.0000117669958162,1.000009737232957,-7.890781672749595e-11,1.000011614771534,1.0000117669958166,1.000011766995817,-7.8907816891732e-11,1.000011614771534,1.0000117669958157,1.0000117669958166,1.000011766995817,-7.890781655787667e-11,1.0000117669958166,1.0000117669958164
-3.7824313250901684e-07,-7.89078169218263e-11,-7.890781673496477e-11,-7.890781672749595e-11,-2.0297634647804795e-06,-1.549404940189003e-07,-7.890781696759963e-11,-7.890781700885077e-11,-1.0015638712296269e-13,-1.5494049401890046e-07,-7.890781690190295e-11,-7.890781700885077e-11,-7.890781690190295e-11,-1.0015638764108992e-13,-7.890781673496477e-11,-7.890781690190295e-11
1.0000091468938692,1.0000116147715323,1.0000116147715326,1.000011614771534,-1.549404940189003e-07,1.0000094327843696,1.0000116147715328,1.0000116147715323,-1.5494049437523488e-07,1.0000114625472722,1.0000116147715328,1.0000116147715332,1.000011614771534,-1.5494049354590318e-07,1.000011614771533,1.0000116147715326
1.0000092991177956,1.0000117669958162,1.0000117669958164,1.0000117669958166,-7.890781696759963e-11,1.0000116147715328,1.000009737232958,1.0000117669958162,-7.890781701329794e-11,1.0000116147715328,1.0000117669958166,1.000011766995817,1.0000117669958166,-7.890781651028744e-11,1.000011766995817,1.0000117669958157
1.0000092991177936,1.000011766995815,1.000011766995816,1.000011766995817,-7.890781700885077e-11,1.0000116147715323,1.0000117669958162,1.0000097372329562,-7.890781687756693e-11,1.0000116147715323,1.0000117669958162,1.0000117669958164,1.000011766995817,-7.890781651028744e-11,1.0000117669958157,1.0000117669958164
-3.7824313619709374e-07,-7.8907816891732e-11,-7.890781701329794e-11,-7.8907816891732e-11,-1.0015638712296269e-13,-1.5494049437523488e-07,-7.890781701329794e-11,-7.890781687756693e-11,-2.0297634647804795e-06,-1.5494049437523488e-07,-7.890781702809231e-11,-7.890781708172642e-11,-7.890781708172642e-11,-1.0015638741374868e-13,-7.890781673850508e-11,-7.89078168621163e-11
1.0000091468938692,1.0000116147715323,1.0000116147715326,1.000011614771534,-1.5494049401890046e-07,1.0000114625472722,1.0000116147715328,1.0000116147715323,-1.5494049437523488e-07,1.0000094327843696,1.0000116147715328,1.0000116147715332,1.000011614771534,-1.5494049354590318e-07,1.000011614771533,1.0000116147715326
1.0000092991177962,1.0000117669958164,1.0000117669958153,1.0000117669958157,-7.890781690190295e-11,1.0000116147715328,1.0000117669958166,1.0000117669958162,-7.890781702809231e-11,1.0000116147715328,1.000009737232955,1.000011766995815,1.0000117669958157,-7.890781650118108e-11,1.000011766995816,1.0000117669958153
1.0000092991177918,1.0000117669958155,1.0000117669958164,1.0000117669958166,-7.890781700885077e-11,1.0000116147715332,1.000011766995817,1.0000117669958164,-7.890781708172642e-11,1.0000116147715332,1.000011766995815,1.000009737232958,1.0000117669958164,-7.890781650118108e-11,1.0000117669958175,1.0000117669958166
1.0000092991177953,1.0000117669958166,1.0000117669958162,1.000011766995817,-7.890781690190295e-11,1.000011614771534,1.0000117669958166,1.000011766995817,-7.890781708172642e-11,1.000011614771534,1.0000117669958157,1.0000117669958164,1.000009737232957,-7.890781655527504e-11,1.0000117669958166,1.0000117669958166
-3.7824313634272597e-07,-7.890781646789811e-11,-7.890781655835123e-11,-7.890781655787667e-11,-1.0015638764108992e-13,-1.5494049354590318e-07,-7.890781651028744e-11,-7.890781651028744e-11,-1.0015638741374868e-13,-1.5494049354590318e-07,-7.890781650118108e-11,-7.890781650118108e-11,-7.890781655527504e-11,-2.0297634647804795e-06,-7.890781655527504e-11,-7.890781655787667e-11
1.000009299117791,1.0000117669958153,1.0000117669958166,1.0000117669958166,-7.890781673496477e-11,1.000011614771533,1.000011766995817,1.0000117669958157,-7.890781673850508e-11,1.000011614771533,1.000011766995816,1.0000117669958175,1.0000117669958166,-7.890781655527504e-11,1.0000097372329562,1.0000117669958175
1.0000092991177936,1.0000117669958155,1.0000117669958166,1.0000117669958164,-7.890781690190295e-11,1.0000116147715326,1.0000117669958157,1.0000117669958164,-7.89078168621163e-11,1.0000116147715326,1.0000117669958153,1.0000117669958166,1.0000117669958166,-7.890781655787667e-11,1.0000117669958175,1.0000097372329582
