1.0000000032171434,1.4304909347512882e-06,1.4304909343536037e-06,1.0000029163097037,1.4304909378744312e-06,1.000002916309703,1.4304909377787769e-06,1.000002916309704,1.000002916309706,1.000002916309703,1.4304909336017828e-06,1.0000027612326785,1.000002916309704,1.0000029163097042
1.4304909347512882e-06,9.35062679667088e-07,1.1432630077385011e-14,1.4327088440879e-10,1.1432628571491564e-14,1.4327088368074652e-10,1.1432628319465291e-14,1.4327088393472773e-10,1.4327088440879e-10,1.4327088368074652e-10,1.1432627996580705e-14,2.8060642662625447e-07,1.4327088393472773e-10,1.4327088393472773e-10
1.4304909343536037e-06,1.1432630077385011e-14,9.35062679667088e-07,1.4327088371495737e-10,1.1432628849155985e-14,1.4327088360981917e-10,1.1432628597129495e-14,1.4327088354153634e-10,1.4327088354153634e-10,1.4327088370519733e-10,1.1432628274245159e-14,2.8060642563218306e-07,1.4327088354153634e-10,1.4327088354153634e-10
1.0000029163097037,1.4327088440879e-10,1.4327088371495737e-10,1.0000032463153425,1.4327088466764958e-10,1.0000023112532324,1.4327088449755023e-10,1.0000023112532315,1.000002311253232,1.0000023112532326,1.4327088565080066e-10,1.0000021561761667,1.0000023112532312,1.0000023112532315
1.4304909378744312e-06,1.1432628571491564e-14,1.1432628849155985e-14,1.4327088466764958e-10,9.35062679667088e-07,1.4327088446201734e-10,1.1432627091236578e-14,1.4327088417062687e-10,1.4327088410090438e-10,1.4327088446989603e-10,1.1432626768351504e-14,2.806064278156702e-07,1.4327088446989603e-10,1.4327088446989603e-10
1.000002916309703,1.4327088368074652e-10,1.4327088360981917e-10,1.0000023112532324,1.4327088446201734e-10,1.0000032463153408,1.4327088452464996e-10,1.0000023112532315,1.0000023112532326,1.0000023112532332,1.4327088533176744e-10,1.0000021561761672,1.0000023112532308,1.0000023112532315
1.4304909377787769e-06,1.1432628319465291e-14,1.1432628597129495e-14,1.4327088449755023e-10,1.1432627091236578e-14,1.4327088452464996e-10,9.35062679667088e-07,1.4327088452464996e-10,1.432708845889963e-10,1.432708843581079e-10,1.143262651632557e-14,2.806064276620532e-07,1.4327088452464996e-10,1.4327088452464996e-10
1.000002916309704,1.4327088393472773e-10,1.4327088354153634e-10,1.0000023112532315,1.4327088417062687e-10,1.0000023112532315,1.4327088452464996e-10,1.0000032463153412,1.0000023112532308,1.0000023112532315,1.43270885469712e-10,1.000002156176166,1.0000023112532306,1.0000023112532304
1.000002916309706,1.4327088440879e-10,1.4327088354153634e-10,1.000002311253232,1.4327088410090438e-10,1.0000023112532326,1.432708845889963e-10,1.0000023112532308,1.0000032463153412,1.0000023112532326,1.4327088579614387e-10,1.0000021561761676,1.0000023112532308,1.0000023112532317
1.000002916309703,1.4327088368074652e-10,1.4327088370519733e-10,1.0000023112532326,1.4327088446989603e-10,1.0000023112532332,1.432708843581079e-10,1.0000023112532315,1.0000023112532326,1.0000032463153408,1.432708853944033e-10,1.0000021561761672,1.000002311253231,1.0000023112532315
1.4304909336017828e-06,1.1432627996580705e-14,1.1432628274245159e-14,1.4327088565080066e-10,1.1432626768351504e-14,1.4327088533176744e-10,1.143262651632557e-14,1.43270885469712e-10,1.4327088579614387e-10,1.432708853944033e-10,9.35062679667088e-07,2.806064289414671e-07,1.4327088546971198e-10,1.4327088546971198e-10
1.0000027612326785,2.8060642662625447e-07,2.8060642563218306e-07,1.0000021561761667,2.806064278156702e-07,1.0000021561761672,2.806064276620532e-07,1.000002156176166,1.0000021561761676,1.0000021561761672,2.806064289414671e-07,1.0000029361611966,1.0000021561761663,1.0000021561761667
1.000002916309704,1.4327088393472773e-10,1.4327088354153634e-10,1.0000023112532312,1.4327088446989603e-10,1.0000023112532308,1.4327088452464996e-10,1.0000023112532306,1.0000023112532308,1.000002311253231,1.4327088546971198e-10,1.0000021561761663,1.0000032463153379,1.0000023112532301
1.0000029163097042,1.4327088393472773e-10,1.4327088354153634e-10,1.0000023112532315,1.4327088446989603e-10,1.0000023112532315,1.4327088452464996e-10,1.0000023112532304,1.0000023112532317,1.0000023112532315,1.4327088546971198e-10,1.0000021561761667,1.0000023112532301,1.0000032463153388
