1.0000000002097498,1.0000027591647653,1.0000027591647604,1.0000027591647644,1.0000027591647604,1.0000027591647658,1.0000027591647658,1.0000027591647593,1.0000027591647593,1.000002759164761,1.000002759164761,1.000002759164765,1.000002759164765,1.0000027591647658,1.0000027591647602,1.0000027591647602
1.0000027591647653,1.0000027590017622,1.0000039930214817,1.0000039930214812,1.0000039930214817,1.0000039930214817,1.0000039930214817,1.0000039930214806,1.0000039930214806,1.0000039930214808,1.0000039930214808,1.0000039930214801,1.0000039930214801,1.000003993021481,1.0000039930214815,1.0000039930214808
1.0000027591647604,1.0000039930214817,1.0000027590017668,1.0000039930214804,1.0000039930214812,1.0000039930214812,1.0000039930214812,1.0000039930214792,1.0000039930214792,1.0000039930214812,1.0000039930214812,1.0000039930214797,1.0000039930214797,1.0000039930214806,1.0000039930214806,1.0000039930214797
1.0000027591647644,1.0000039930214812,1.0000039930214804,1.0000027590017644,1.0000039930214804,1.0000039930214804,1.0000039930214804,1.0000039930214788,1.0000039930214788,1.0000039930214804,1.0000039930214804,1.0000039930214792,1.0000039930214792,1.0000039930214801,1.0000039930214795,1.0000039930214788
1.0000027591647604,1.0000039930214817,1.0000039930214812,1.0000039930214804,1.0000027590017668,1.0000039930214812,1.0000039930214812,1.0000039930214792,1.0000039930214792,1.0000039930214812,1.0000039930214812,1.0000039930214797,1.0000039930214797,1.0000039930214806,1.0000039930214806,1.0000039930214797
1.0000027591647658,1.0000039930214817,1.0000039930214812,1.0000039930214804,1.0000039930214812,1.0000027590017668,1.0000039930214812,1.0000039930214792,1.0000039930214792,1.0000039930214812,1.0000039930214812,1.00000399302148,1.00000399302148,1.000003993021481,1.0000039930214806,1.0000039930214797
1.0000027591647658,1.0000039930214817,1.0000039930214812,1.0000039930214804,1.0000039930214812,1.0000039930214812,1.0000027590017668,1.0000039930214792,1.0000039930214792,1.0000039930214812,1.0000039930214812,1.00000399302148,1.00000399302148,1.000003993021481,1.0000039930214806,1.0000039930214797
1.0000027591647593,1.0000039930214806,1.0000039930214792,1.0000039930214788,1.0000039930214792,1.0000039930214792,1.0000039930214792,1.0000027590017633,1.0000039930214777,1.0000039930214788,1.0000039930214788,1.0000039930214786,1.0000039930214786,1.0000039930214795,1.0000039930214786,1.0000039930214781
1.0000027591647593,1.0000039930214806,1.0000039930214792,1.0000039930214788,1.0000039930214792,1.0000039930214792,1.0000039930214792,1.0000039930214777,1.0000027590017633,1.0000039930214788,1.0000039930214788,1.0000039930214786,1.0000039930214786,1.0000039930214795,1.0000039930214786,1.0000039930214781
1.000002759164761,1.0000039930214808,1.0000039930214812,1.0000039930214804,1.0000039930214812,1.0000039930214812,1.0000039930214812,1.0000039930214788,1.0000039930214788,1.000002759001761,1.0000039930214804,1.0000039930214788,1.0000039930214788,1.0000039930214804,1.0000039930214806,1.0000039930214797
1.000002759164761,1.0000039930214808,1.0000039930214812,1.0000039930214804,1.0000039930214812,1.0000039930214812,1.0000039930214812,1.0000039930214788,1.0000039930214788,1.0000039930214804,1.000002759001761,1.0000039930214788,1.0000039930214788,1.0000039930214804,1.0000039930214806,1.0000039930214797
1.000002759164765,1.0000039930214801,1.0000039930214797,1.0000039930214792,1.0000039930214797,1.00000399302148,1.00000399302148,1.0000039930214786,1.0000039930214786,1.0000039930214788,1.0000039930214788,1.000002759001766,1.0000039930214788,1.0000039930214797,1.0000039930214788,1.0000039930214788
1.000002759164765,1.0000039930214801,1.0000039930214797,1.0000039930214792,1.0000039930214797,1.00000399302148,1.00000399302148,1.0000039930214786,1.0000039930214786,1.0000039930214788,1.0000039930214788,1.0000039930214788,1.000002759001766,1.0000039930214797,1.0000039930214788,1.0000039930214788
1.0000027591647658,1.000003993021481,1.0000039930214806,1.0000039930214801,1.0000039930214806,1.000003993021481,1.000003993021481,1.0000039930214795,1.0000039930214795,1.0000039930214804,1.0000039930214804,1.0000039930214797,1.0000039930214797,1.0000027590017604,1.0000039930214797,1.0000039930214797
1.0000027591647602,1.0000039930214815,1.0000039930214806,1.0000039930214795,1.0000039930214806,1.0000039930214806,1.0000039930214806,1.0000039930214786,1.0000039930214786,1.0000039930214806,1.0000039930214806,1.0000039930214788,1.0000039930214788,1.0000039930214797,1.0000027590017646,1.0000039930214788
1.0000027591647602,1.0000039930214808,1.0000039930214797,1.0000039930214788,1.0000039930214797,1.0000039930214797,1.0000039930214797,1.0000039930214781,1.0000039930214781,1.0000039930214797,1.0000039930214797,1.0000039930214788,1.0000039930214788,1.0000039930214797,1.0000039930214788,1.0000027590017644
