1.0000000020171806,1.000003384912856,-4.8610505189557896e-08,-4.861050437066873e-08,1.00000338491286,-4.861050734110976e-08,-4.86105073672306e-08,1.000003162834621,-4.861050736264132e-08,1.0000033849128533,1.00000338491286,1.0000033849128533,1.0000033849128602,-4.8610507338805406e-08,1.0000033849128565
1.000003384912856,1.0000035386596062,-3.0683307918827714e-11,-3.068330881902869e-11,1.0000037552389502,-3.0683308321543445e-11,-3.068330757720975e-11,1.0000035331606205,-3.068330747076194e-11,1.0000037552389502,1.0000037552389507,1.0000037552389502,1.0000037552389487,-3.0683307074235344e-11,1.0000037552389498
-4.8610505189557896e-08,-3.0683307918827714e-11,-2.1657950946182922e-07,-2.405634408215425e-14,-3.068330781758631e-11,-2.4056344328438817e-14,-2.405634480991087e-14,-6.017682528465802e-08,-2.4056344524550193e-14,-3.068330781758631e-11,-3.068330763975404e-11,-3.068330763975404e-11,-3.068330781758631e-11,-2.4056344921206764e-14,-3.068330781758631e-11
-4.861050437066873e-08,-3.068330881902869e-11,-2.405634408215425e-14,-2.1657950946182922e-07,-3.06833085888564e-11,-2.405634402656951e-14,-2.40563445080416e-14,-6.017682657512772e-08,-2.4056344222680924e-14,-3.0683308233563145e-11,-3.06833085888564e-11,-3.068330881902869e-11,-3.06833085888564e-11,-2.405634461933783e-14,-3.0683308855953154e-11
1.00000338491286,1.0000037552389502,-3.068330781758631e-11,-3.06833085888564e-11,1.0000035386596107,-3.068330802875402e-11,-3.0683307240374815e-11,1.0000035331606216,-3.068330747076194e-11,1.0000037552389498,1.0000037552389507,1.0000037552389498,1.0000037552389502,-3.0683307433775614e-11,1.00000375523895
-4.861050734110976e-08,-3.0683308321543445e-11,-2.4056344328438817e-14,-2.405634402656951e-14,-3.068330802875402e-11,-2.1657950946182922e-07,-2.405634475432613e-14,-6.017682577658033e-08,-2.4056344468965507e-14,-3.068330802875402e-11,-3.0683307812892386e-11,-3.068330802875402e-11,-3.0683307812892386e-11,-2.405634486562263e-14,-3.0683307741923127e-11
-4.86105073672306e-08,-3.068330757720975e-11,-2.405634480991087e-14,-2.40563445080416e-14,-3.0683307240374815e-11,-2.405634475432613e-14,-2.1657950946182922e-07,-6.0176824409751e-08,-2.4056344950437437e-14,-3.068330691855756e-11,-3.0683307316964405e-11,-3.0683307316964405e-11,-3.0683307240380864e-11,-2.4056345347094298e-14,-3.068330757720975e-11
1.000003162834621,1.0000035331606205,-6.017682528465802e-08,-6.017682657512772e-08,1.0000035331606216,-6.017682577658033e-08,-6.0176824409751e-08,1.0000030945029408,-6.017682518402734e-08,1.0000035331606212,1.0000035331606216,1.0000035331606214,1.000003533160621,-6.017682423925382e-08,1.0000035331606216
-4.861050736264132e-08,-3.068330747076194e-11,-2.4056344524550193e-14,-2.4056344222680924e-14,-3.068330747076194e-11,-2.4056344468965507e-14,-2.4056344950437437e-14,-6.017682518402734e-08,-2.1657950946182922e-07,-3.068330771943887e-11,-3.068330741249459e-11,-3.068330795694303e-11,-3.068330747076194e-11,-2.4056345061733682e-14,-3.0683307412494506e-11
1.0000033849128533,1.0000037552389502,-3.068330781758631e-11,-3.0683308233563145e-11,1.0000037552389498,-3.068330802875402e-11,-3.068330691855756e-11,1.0000035331606212,-3.068330771943887e-11,1.0000035386596107,1.00000375523895,1.0000037552389502,1.0000037552389498,-3.0683307433775614e-11,1.0000037552389502
1.00000338491286,1.0000037552389507,-3.068330763975404e-11,-3.06833085888564e-11,1.0000037552389507,-3.0683307812892386e-11,-3.0683307316964405e-11,1.0000035331606216,-3.068330741249459e-11,1.00000375523895,1.0000035386596107,1.0000037552389502,1.00000375523895,-3.0683307433775614e-11,1.0000037552389502
1.0000033849128533,1.0000037552389502,-3.068330763975404e-11,-3.068330881902869e-11,1.0000037552389498,-3.068330802875402e-11,-3.0683307316964405e-11,1.0000035331606214,-3.068330795694303e-11,1.0000037552389502,1.0000037552389502,1.0000035386596107,1.0000037552389498,-3.068330752393536e-11,1.0000037552389502
1.0000033849128602,1.0000037552389487,-3.068330781758631e-11,-3.06833085888564e-11,1.0000037552389502,-3.0683307812892386e-11,-3.0683307240380864e-11,1.000003533160621,-3.068330747076194e-11,1.0000037552389498,1.00000375523895,1.0000037552389498,1.0000035386596058,-3.0683307433775614e-11,1.0000037552389494
-4.8610507338805406e-08,-3.0683307074235344e-11,-2.4056344921206764e-14,-2.405634461933783e-14,-3.0683307433775614e-11,-2.405634486562263e-14,-2.4056345347094298e-14,-6.017682423925382e-08,-2.4056345061733682e-14,-3.0683307433775614e-11,-3.0683307433775614e-11,-3.068330752393536e-11,-3.0683307433775614e-11,-2.1657951208035423e-07,-3.068330752393536e-11
1.0000033849128565,1.0000037552389498,-3.068330781758631e-11,-3.0683308855953154e-11,1.00000375523895,-3.0683307741923127e-11,-3.068330757720975e-11,1.0000035331606216,-3.0683307412494506e-11,1.0000037552389502,1.0000037552389502,1.0000037552389502,1.0000037552389494,-3.068330752393536e-11,1.0000035386596078
