0.9999999943953408,1.0000078800661725,1.0000078800661742,-8.076445859166534e-06,-8.077331104103237e-06,-8.076445859183292e-06,-8.076445860591469e-06,1.0000078800661723,1.0000078800661691,1.0000078800661691,-8.076445858363357e-06,-8.077331104340408e-06,-8.076445858978076e-06,-8.076445858382134e-06,-8.507172892728839e-06,1.0000067194172602,-8.076445858363357e-06,1.0000079008383698,-8.076445858382134e-06,-8.077331104565023e-06
1.0000078800661725,1.0000077178161275,1.0000156448108064,-1.0678727190757935e-09,-1.068321920122751e-09,-1.067872719253065e-09,-1.0678727188190378e-09,1.0000156448108064,1.0000156448108064,1.0000156448108053,-1.0678727184923962e-09,-1.0683219205902688e-09,-1.0678727191376082e-09,-1.0678727185823465e-09,-1.2864387929153657e-09,1.0000144841666114,-1.0678727183994525e-09,1.0000156655830097,-1.0678727188251788e-09,-1.0683219199644587e-09
1.0000078800661742,1.0000156448108064,1.0000077178161295,-1.0678727190757935e-09,-1.0683219205097676e-09,-1.0678727191170758e-09,-1.0678727187179005e-09,1.0000156448108044,1.000015644810805,1.0000156448108044,-1.067872718394455e-09,-1.0683219205009168e-09,-1.0678727191376082e-09,-1.0678727185823465e-09,-1.2864387929153657e-09,1.0000144841666105,-1.0678727186033476e-09,1.0000156655830093,-1.0678727188251788e-09,-1.0683219199644587e-09
-8.076445859166534e-06,-1.0678727190757935e-09,-1.0678727190757935e-09,-7.926996134307583e-06,2.0182528727224153e-15,3.976293538576149e-12,3.976293539140566e-12,-1.0678727188958854e-09,-1.0678727190757935e-09,-1.0678727190829624e-09,3.976293537547507e-12,2.0181211824306374e-15,2.018074485835931e-15,2.0180744873515905e-15,2.4124985694957194e-15,-2.1044503957682903e-06,2.0183086220709154e-15,-1.0678727383795083e-09,2.0180582799290004e-15,2.0179876188606158e-15
-8.077331104103237e-06,-1.068321920122751e-09,-1.0683219205097676e-09,2.0182528727224153e-15,-7.926996130540103e-06,2.0176435368122734e-15,2.0179876188606158e-15,-1.0683219205097676e-09,-1.0683219205099667e-09,-1.0683219205019174e-09,2.017652433510287e-15,3.97792156082747e-12,2.0179876188606158e-15,2.0180040210330987e-15,4.754880470926102e-12,-2.105335636232182e-06,2.0175821911669323e-15,-1.0683219395249523e-09,2.0179876188606158e-15,3.977921560402004e-12
-8.076445859183292e-06,-1.067872719253065e-09,-1.0678727191170758e-09,3.976293538576149e-12,2.0176435368122734e-15,-7.926996134307583e-06,3.976293538851999e-12,-1.0678727192530653e-09,-1.0678727191170758e-09,-1.0678727191170758e-09,3.97629353725894e-12,2.0182528727224153e-15,2.0183086220709154e-15,2.0183086220709154e-15,2.4124985694957194e-15,-2.1044503958211117e-06,2.0183086220709154e-15,-1.0678727386803878e-09,2.0179671411808945e-15,2.0182521555908833e-15
-8.076445860591469e-06,-1.0678727188190378e-09,-1.0678727187179005e-09,3.976293539140566e-12,2.0179876188606158e-15,3.976293538851999e-12,-7.926996134307583e-06,-1.067872718955237e-09,-1.0678727187698125e-09,-1.0678727185055306e-09,3.976293537823359e-12,2.0181211824306374e-15,2.0180744873515905e-15,2.018074485835931e-15,2.4122624989524564e-15,-2.104450395087319e-06,2.018173935807426e-15,-1.0678727379888584e-09,2.0179765348819063e-15,2.0181211824306374e-15
1.0000078800661723,1.0000156448108064,1.0000156448108044,-1.0678727188958854e-09,-1.0683219205097676e-09,-1.0678727192530653e-09,-1.067872718955237e-09,1.0000077178161284,1.0000156448108037,1.000015644810804,-1.067872718394455e-09,-1.0683219206864482e-09,-1.0678727191376082e-09,-1.0678727185823465e-09,-1.2864387929132033e-09,1.0000144841666105,-1.0678727183994525e-09,1.000015665583009,-1.0678727188251788e-09,-1.0683219199644587e-09
1.0000078800661691,1.0000156448108064,1.000015644810805,-1.0678727190757935e-09,-1.0683219205099667e-09,-1.0678727191170758e-09,-1.0678727187698125e-09,1.0000156448108037,1.0000077178161304,1.0000156448108048,-1.0678727184923962e-09,-1.0683219209003749e-09,-1.0678727191376082e-09,-1.067872718771354e-09,-1.2864387929153657e-09,1.0000144841666105,-1.0678727186033476e-09,1.0000156655830084,-1.0678727188251788e-09,-1.0683219201058154e-09
1.0000078800661691,1.0000156448108053,1.0000156448108044,-1.0678727190829624e-09,-1.0683219205019174e-09,-1.0678727191170758e-09,-1.0678727185055306e-09,1.000015644810804,1.0000156448108048,1.0000077178161288,-1.0678727185704864e-09,-1.068321920901659e-09,-1.0678727188698675e-09,-1.067872718771354e-09,-1.28643879317617e-09,1.0000144841666099,-1.0678727186046115e-09,1.0000156655830084,-1.0678727188251788e-09,-1.0683219207972993e-09
-8.076445858363357e-06,-1.0678727184923962e-09,-1.067872718394455e-09,3.976293537547507e-12,2.017652433510287e-15,3.97629353725894e-12,3.976293537823359e-12,-1.067872718394455e-09,-1.0678727184923962e-09,-1.0678727185704864e-09,-7.926996134307583e-06,2.0175821911669323e-15,2.018074485835931e-15,2.018074485835931e-15,2.4124985694957194e-15,-2.104450394789274e-06,2.018074485835931e-15,-1.0678727378572833e-09,2.0179671411808945e-15,2.0181211824306374e-15
-8.077331104340408e-06,-1.0683219205902688e-09,-1.0683219205009168e-09,2.0181211824306374e-15,3.97792156082747e-12,2.0182528727224153e-15,2.0181211824306374e-15,-1.0683219206864482e-09,-1.0683219209003749e-09,-1.068321920901659e-09,2.0175821911669323e-15,-7.926996130540103e-06,2.0179876188606158e-15,2.0179876188606158e-15,4.754880471450649e-12,-2.105335637058002e-06,2.0179876188606158e-15,-1.0683219403240433e-09,2.0182528727224153e-15,3.977921560927866e-12
-8.076445858978076e-06,-1.0678727191376082e-09,-1.0678727191376082e-09,2.018074485835931e-15,2.0179876188606158e-15,2.0183086220709154e-15,2.0180744873515905e-15,-1.0678727191376082e-09,-1.0678727191376082e-09,-1.0678727188698675e-09,2.018074485835931e-15,2.0179876188606158e-15,-7.926996134307583e-06,3.976293536529636e-12,2.4122624999896835e-15,-2.1044503954816522e-06,3.976293536818833e-12,-1.0678727386278283e-09,3.976293535438234e-12,2.0179876188606158e-15
-8.076445858382134e-06,-1.0678727185823465e-09,-1.0678727185823465e-09,2.0180744873515905e-15,2.0180040210330987e-15,2.0183086220709154e-15,2.018074485835931e-15,-1.0678727185823465e-09,-1.067872718771354e-09,-1.067872718771354e-09,2.018074485835931e-15,2.0179876188606158e-15,3.976293536529636e-12,-7.926996134307583e-06,2.4122624989524564e-15,-2.104450394572661e-06,3.976293537848007e-12,-1.067872737986477e-09,3.9762935364674195e-12,2.0179876188606158e-15
-8.507172892728839e-06,-1.2864387929153657e-09,-1.2864387929153657e-09,2.4124985694957194e-15,4.754880470926102e-12,2.4124985694957194e-15,2.4122624989524564e-15,-1.2864387929132033e-09,-1.2864387929153657e-09,-1.28643879317617e-09,2.4124985694957194e-15,4.754880471450649e-12,2.4122624999896835e-15,2.4122624989524564e-15,-7.926994427724334e-06,-2.535177356164802e-06,2.4122390517668083e-15,-2.5351786323922015e-06,2.4121909185895476e-15,4.754880471022017e-12
1.0000067194172602,1.0000144841666114,1.0000144841666105,-2.1044503957682903e-06,-2.105335636232182e-06,-2.1044503958211117e-06,-2.104450395087319e-06,1.0000144841666105,1.0000144841666105,1.0000144841666099,-2.104450394789274e-06,-2.105335637058002e-06,-2.1044503954816522e-06,-2.104450394572661e-06,-2.535177356164802e-06,1.0000053965245412,-2.1044503947596574e-06,1.000014504938807,-2.1044503951002494e-06,-2.1053356361167792e-06
-8.076445858363357e-06,-1.0678727183994525e-09,-1.0678727186033476e-09,2.0183086220709154e-15,2.0175821911669323e-15,2.0183086220709154e-15,2.018173935807426e-15,-1.0678727183994525e-09,-1.0678727186033476e-09,-1.0678727186046115e-09,2.018074485835931e-15,2.0179876188606158e-15,3.976293536818833e-12,3.976293537848007e-12,2.4122390517668083e-15,-2.1044503947596574e-06,-7.926996134307583e-06,-1.067872737985501e-09,3.976293536756609e-12,2.0179876188606158e-15
1.0000079008383698,1.0000156655830097,1.0000156655830093,-1.0678727383795083e-09,-1.0683219395249523e-09,-1.0678727386803878e-09,-1.0678727379888584e-09,1.000015665583009,1.0000156655830084,1.0000156655830084,-1.0678727378572833e-09,-1.0683219403240433e-09,-1.0678727386278283e-09,-1.067872737986477e-09,-2.5351786323922015e-06,1.000014504938807,-1.067872737985501e-09,1.0000077593605472,-1.0678727382393088e-09,-1.0683219405207572e-09
-8.076445858382134e-06,-1.0678727188251788e-09,-1.0678727188251788e-09,2.0180582799290004e-15,2.0179876188606158e-15,2.0179671411808945e-15,2.0179765348819063e-15,-1.0678727188251788e-09,-1.0678727188251788e-09,-1.0678727188251788e-09,2.0179671411808945e-15,2.0182528727224153e-15,3.976293535438234e-12,3.9762935364674195e-12,2.4121909185895476e-15,-2.1044503951002494e-06,3.976293536756609e-12,-1.0678727382393088e-09,-7.926996133325401e-06,2.0179876188606158e-15
-8.077331104565023e-06,-1.0683219199644587e-09,-1.0683219199644587e-09,2.0179876188606158e-15,3.977921560402004e-12,2.0182521555908833e-15,2.0181211824306374e-15,-1.0683219199644587e-09,-1.0683219201058154e-09,-1.0683219207972993e-09,2.0181211824306374e-15,3.977921560927866e-12,2.0179876188606158e-15,2.0179876188606158e-15,4.754880471022017e-12,-2.1053356361167792e-06,2.0179876188606158e-15,-1.0683219405207572e-09,2.0179876188606158e-15,-7.926996131209977e-06
