0.9999999982828989,0.9999990340821203,-7.792220958371361e-07,0.999998932958988,-8.085923770161927e-07,-7.792220939103517e-07,0.9999989329589909,-7.792220934058033e-07,0.9999989329589863,0.9999989329589849,0.9999989329589914,0.9999989310235917,-7.792220967442428e-07
0.9999990340821203,0.9999990553068691,-1.7705983493995143e-07,0.9999996480480764,-2.0643011743523936e-07,-1.7705983448146973e-07,0.9999996480480754,-1.7705983247822442e-07,0.9999996480480756,0.9999996480480736,0.9999996480480743,0.9999996461126787,-1.7705983392963026e-07
-7.792220958371361e-07,-1.7705983493995143e-07,-6.938647256281415e-07,-9.054253681736102e-11,4.492623583089439e-15,6.1802822933230615e-15,-9.054253687086208e-11,6.180283052668285e-15,-9.054253657193627e-11,-9.054253687086208e-11,-9.054253648716105e-11,-9.054253563833268e-11,6.180282950413483e-15
0.999998932958988,0.9999996480480764,-9.054253681736102e-11,0.999998853060574,-1.0556152433093675e-10,-9.054253621622757e-11,0.9999995469249219,-9.054253505674176e-11,0.9999995469249219,0.9999995469249217,0.9999995469249211,0.999999544989524,-9.05425360120988e-11
-8.085923770161927e-07,-2.0643011743523936e-07,4.492623583089439e-15,-1.0556152433093675e-10,-6.938647295081476e-07,4.4926234763367305e-15,-1.0556152447778159e-10,4.492624443154784e-15,-1.0556152447782145e-10,-1.0556152447778159e-10,-1.0556152433093675e-10,-2.064300685369919e-07,4.492624286957158e-15
-7.792220939103517e-07,-1.7705983448146973e-07,6.1802822933230615e-15,-9.054253621622757e-11,4.4926234763367305e-15,-6.938647256281415e-07,-9.054253621622757e-11,6.1802829630430055e-15,-9.054253621622798e-11,-9.054253621622798e-11,-9.054253630059747e-11,-9.054253592657413e-11,6.180282860787896e-15
0.9999989329589909,0.9999996480480754,-9.054253687086208e-11,0.9999995469249219,-1.0556152447778159e-10,-9.054253621622757e-11,0.9999988530605741,-9.054253524160923e-11,0.9999995469249215,0.9999995469249213,0.9999995469249208,0.9999995449895246,-9.054253588752575e-11
-7.792220934058033e-07,-1.7705983247822442e-07,6.180283052668285e-15,-9.054253505674176e-11,4.492624443154784e-15,6.1802829630430055e-15,-9.054253524160923e-11,-6.938647256281415e-07,-9.054253530702095e-11,-9.054253530702095e-11,-9.054253550937144e-11,-9.054253440576547e-11,6.18028362013328e-15
0.9999989329589863,0.9999996480480756,-9.054253657193627e-11,0.9999995469249219,-1.0556152447782145e-10,-9.054253621622798e-11,0.9999995469249215,-9.054253530702095e-11,0.9999988530605756,0.9999995469249208,0.9999995469249217,0.9999995449895244,-9.054253582806213e-11
0.9999989329589849,0.9999996480480736,-9.054253687086208e-11,0.9999995469249217,-1.0556152447778159e-10,-9.054253621622798e-11,0.9999995469249213,-9.054253530702095e-11,0.9999995469249208,0.9999988530605763,0.9999995469249211,0.9999995449895244,-9.05425360043912e-11
0.9999989329589914,0.9999996480480743,-9.054253648716105e-11,0.9999995469249211,-1.0556152433093675e-10,-9.054253630059747e-11,0.9999995469249208,-9.054253550937144e-11,0.9999995469249217,0.9999995469249211,0.9999988530605741,0.9999995449895238,-9.054253588752575e-11
0.9999989310235917,0.9999996461126787,-9.054253563833268e-11,0.999999544989524,-2.064300685369919e-07,-9.054253592657413e-11,0.9999995449895246,-9.054253440576547e-11,0.9999995449895244,0.9999995449895244,0.9999995449895238,0.9999988491897829,-9.054253548686595e-11
-7.792220967442428e-07,-1.7705983392963026e-07,6.180282950413483e-15,-9.05425360120988e-11,4.492624286957158e-15,6.180282860787896e-15,-9.054253588752575e-11,6.18028362013328e-15,-9.054253582806213e-11,-9.05425360043912e-11,-9.054253588752575e-11,-9.054253548686595e-11,-6.938647210291067e-07
