0.9999999984404274,0.9999994120802254,0.9999994120802299,-7.462768249535467e-07,-7.462768257512743e-07,0.9999994844930419,-7.4627682376021e-07,0.9999994120802284,0.9999994120802278,0.9999994120802278,0.9999994120802288,-7.46276823760904e-07,-7.462768249004044e-07
0.9999994120802254,0.9999994242008745,1.0000002026796322,-8.850604712478102e-11,-8.850604679720098e-11,1.000000275092486,-8.850604720486248e-11,1.0000002026796335,1.0000002026796326,1.0000002026796326,1.0000002026796317,-8.850604631356046e-11,-8.850604660997843e-11
0.9999994120802299,1.0000002026796322,0.999999424200865,-8.850604757837598e-11,-8.850604656387934e-11,1.000000275092483,-8.850604733650054e-11,1.0000002026796302,1.000000202679629,1.000000202679629,1.0000002026796286,-8.850604647321945e-11,-8.850604694737088e-11
-7.462768249535467e-07,-8.850604712478102e-11,-8.850604757837598e-11,-7.784791682097531e-07,1.1726460052483567e-14,-1.730773862949716e-07,1.1726460111345051e-14,-8.850604712478102e-11,-8.850604745163504e-11,-8.850604712478102e-11,-8.850604745163504e-11,1.1726460250325677e-14,1.1726460318214977e-14
-7.462768257512743e-07,-8.850604679720098e-11,-8.850604656387934e-11,1.1726460052483567e-14,-7.784791682097531e-07,-1.730773851654748e-07,1.1726460349415868e-14,-8.850604656387934e-11,-8.850604692831883e-11,-8.850604656387934e-11,-8.850604656387934e-11,1.1726460488396398e-14,1.1726460556285518e-14
0.9999994844930419,1.000000275092486,1.000000275092483,-1.730773862949716e-07,-1.730773851654748e-07,0.9999995690265561,-1.7307738530801665e-07,1.0000002750924848,1.0000002750924843,1.0000002750924843,1.0000002750924841,-1.7307738476202202e-07,-1.7307738512094193e-07
-7.4627682376021e-07,-8.850604720486248e-11,-8.850604733650054e-11,1.1726460111345051e-14,1.1726460349415868e-14,-1.7307738530801665e-07,-7.784791682097531e-07,-8.850604689090029e-11,-8.850604730671367e-11,-8.850604696439038e-11,-8.850604720486248e-11,1.1726460547258173e-14,1.1726460615147116e-14
0.9999994120802284,1.0000002026796335,1.0000002026796302,-8.850604712478102e-11,-8.850604656387934e-11,1.0000002750924848,-8.850604689090029e-11,0.9999994242008676,1.0000002026796306,1.0000002026796306,1.000000202679631,-8.850604647321945e-11,-8.850604709808377e-11
0.9999994120802278,1.0000002026796326,1.000000202679629,-8.850604745163504e-11,-8.850604692831883e-11,1.0000002750924843,-8.850604730671367e-11,1.0000002026796306,0.9999994242008678,1.0000002026796295,1.0000002026796302,-8.850604610141219e-11,-8.850604685622757e-11
0.9999994120802278,1.0000002026796326,1.000000202679629,-8.850604712478102e-11,-8.850604656387934e-11,1.0000002750924843,-8.850604696439038e-11,1.0000002026796306,1.0000002026796295,0.9999994242008678,1.0000002026796302,-8.850604635138539e-11,-8.850604660997843e-11
0.9999994120802288,1.0000002026796317,1.0000002026796286,-8.850604745163504e-11,-8.850604656387934e-11,1.0000002750924841,-8.850604720486248e-11,1.000000202679631,1.0000002026796302,1.0000002026796302,0.9999994242008686,-8.850604635138539e-11,-8.850604706652964e-11
-7.46276823760904e-07,-8.850604631356046e-11,-8.850604647321945e-11,1.1726460250325677e-14,1.1726460488396398e-14,-1.7307738476202202e-07,1.1726460547258173e-14,-8.850604647321945e-11,-8.850604610141219e-11,-8.850604635138539e-11,-8.850604635138539e-11,-7.784791682097531e-07,1.1726460754127887e-14
-7.462768249004044e-07,-8.850604660997843e-11,-8.850604694737088e-11,1.1726460318214977e-14,1.1726460556285518e-14,-1.7307738512094193e-07,1.1726460615147116e-14,-8.850604709808377e-11,-8.850604685622757e-11,-8.850604660997843e-11,-8.850604706652964e-11,1.1726460754127887e-14,-7.784791682097955e-07
