1.0000000005205338,-1.3370883381599856e-06,0.3333404090171658,0.33334040901716605,0.33334040901717205,0.33334040901716344,0.33334040901717027,-1.3370883350064025e-06,-1.3370883350055536e-06,1.0000212143106,0.33334040901717066,0.3333404090171636,0.333340409017164,0.333340409017163,0.33334040901717066,0.3333404090171644,0.33334040901716344
-1.3370883381599856e-06,-4.4629655722750455e-06,-2.894127746838853e-10,-2.89412774525e-10,-2.894127746524281e-10,-2.8941277428268204e-10,-2.894127747332969e-10,-6.2101523328888436e-12,-6.210152330247163e-12,-1.7066557276711723e-06,-2.894127747332969e-10,-2.8941277428396676e-10,-2.8941277470410446e-10,-2.8941277428396676e-10,-2.894127747332969e-10,-2.8941277428268204e-10,-2.8941277443891516e-10
0.3333404090171658,-2.894127746838853e-10,0.3333402269678009,0.33334468992627686,1.4582202182390773e-10,1.4582202159735736e-10,1.4582202119945593e-10,-2.894127747654156e-10,-2.894127748787569e-10,0.33334550531011653,1.4582202149213042e-10,1.4582202080840343e-10,0.33334468992627625,1.4582202121772427e-10,1.4582202154615447e-10,1.4582202106758357e-10,0.3333446899262759
0.33334040901716605,-2.89412774525e-10,0.33334468992627686,0.3333402269678016,1.4582202111776125e-10,1.4582202146560951e-10,1.4582202094075975e-10,-2.894127750487676e-10,-2.894127748787569e-10,0.3333455053101146,1.4582202086688828e-10,1.4582202031353286e-10,0.33334468992627647,1.4582202084739127e-10,1.4582202080632604e-10,1.4582202066886395e-10,0.3333446899262764
0.33334040901717205,-2.894127746524281e-10,1.4582202182390773e-10,1.4582202111776125e-10,0.33334022696781096,1.4582202033892412e-10,0.3333446899262831,-2.894127749048589e-10,-2.8941277431952105e-10,0.3333455053101222,0.3333446899262829,1.4582202051371361e-10,1.4582202090023674e-10,1.4582202016561815e-10,0.3333446899262823,1.458220206437654e-10,1.4582202157704522e-10
0.33334040901716344,-2.8941277428268204e-10,1.4582202159735736e-10,1.4582202146560951e-10,1.4582202033892412e-10,0.3333402269677997,1.458220207570374e-10,-2.8941277464853193e-10,-2.8941277460343523e-10,0.3333455053101147,1.458220207180226e-10,0.3333446899262749,1.458220213910905e-10,0.3333446899262749,1.4582202068737452e-10,0.33334468992627475,1.4582202162240398e-10
0.33334040901717027,-2.894127747332969e-10,1.4582202119945593e-10,1.4582202094075975e-10,0.3333446899262831,1.458220207570374e-10,0.33334022696780957,-2.894127745243674e-10,-2.894127745927293e-10,0.3333455053101224,0.33334468992628363,1.4582202104509524e-10,1.458220205954825e-10,1.458220208986964e-10,0.3333446899262828,1.4582202101473272e-10,1.458220208514841e-10
-1.3370883350064025e-06,-6.2101523328888436e-12,-2.894127747654156e-10,-2.894127750487676e-10,-2.894127749048589e-10,-2.8941277464853193e-10,-2.894127745243674e-10,-4.4629655722750455e-06,-6.210152318640042e-12,-1.7066557284531292e-06,-2.8941277463155415e-10,-2.894127745996999e-10,-2.8941277463259604e-10,-2.894127749689075e-10,-2.8941277463155415e-10,-2.894127745423373e-10,-2.8941277463259604e-10
-1.3370883350055536e-06,-6.210152330247163e-12,-2.894127748787569e-10,-2.894127748787569e-10,-2.8941277431952105e-10,-2.8941277460343523e-10,-2.894127745927293e-10,-6.210152318640042e-12,-4.4629655722750455e-06,-1.7066557282243388e-06,-2.894127742744507e-10,-2.8941277421508035e-10,-2.894127745375681e-10,-2.894127743070437e-10,-2.894127742744507e-10,-2.894127743449656e-10,-2.894127750210013e-10
1.0000212143106,-1.7066557276711723e-06,0.33334550531011653,0.3333455053101146,0.3333455053101222,0.3333455053101147,0.3333455053101224,-1.7066557284531292e-06,-1.7066557282243388e-06,1.0000327793150288,0.3333455053101223,0.3333455053101138,0.333345505310115,0.3333455053101138,0.3333455053101225,0.3333455053101136,0.3333455053101162
0.33334040901717066,-2.894127747332969e-10,1.4582202149213042e-10,1.4582202086688828e-10,0.3333446899262829,1.458220207180226e-10,0.33334468992628363,-2.8941277463155415e-10,-2.894127742744507e-10,0.3333455053101223,0.33334022696781007,1.4582202117784788e-10,1.458220209257184e-10,1.4582202055976002e-10,0.33334468992628313,1.4582202024056914e-10,1.4582202109980654e-10
0.3333404090171636,-2.8941277428396676e-10,1.4582202080840343e-10,1.4582202031353286e-10,1.4582202051371361e-10,0.3333446899262749,1.4582202104509524e-10,-2.894127745996999e-10,-2.8941277421508035e-10,0.3333455053101138,1.4582202117784788e-10,0.33334022696780174,1.4582202052055192e-10,0.33334468992627475,1.458220212046637e-10,0.33334468992627436,1.4582202128452024e-10
0.333340409017164,-2.8941277470410446e-10,0.33334468992627625,0.33334468992627647,1.4582202090023674e-10,1.458220213910905e-10,1.458220205954825e-10,-2.8941277463259604e-10,-2.894127745375681e-10,0.333345505310115,1.458220209257184e-10,1.4582202052055192e-10,0.3333402269678022,1.45822020787471e-10,1.4582202120484507e-10,1.4582202096875133e-10,0.33334468992627647
0.333340409017163,-2.8941277428396676e-10,1.4582202121772427e-10,1.4582202084739127e-10,1.4582202016561815e-10,0.3333446899262749,1.458220208986964e-10,-2.894127749689075e-10,-2.894127743070437e-10,0.3333455053101138,1.4582202055976002e-10,0.33334468992627475,1.45822020787471e-10,0.3333402269677995,1.4582202075153192e-10,0.3333446899262743,1.4582202126365314e-10
0.33334040901717066,-2.894127747332969e-10,1.4582202154615447e-10,1.4582202080632604e-10,0.3333446899262823,1.4582202068737452e-10,0.3333446899262828,-2.8941277463155415e-10,-2.894127742744507e-10,0.3333455053101225,0.33334468992628313,1.458220212046637e-10,1.4582202120484507e-10,1.4582202075153192e-10,0.33334022696781196,1.4582202114566022e-10,1.4582202136347057e-10
0.3333404090171644,-2.8941277428268204e-10,1.4582202106758357e-10,1.4582202066886395e-10,1.458220206437654e-10,0.33334468992627475,1.4582202101473272e-10,-2.894127745423373e-10,-2.894127743449656e-10,0.3333455053101136,1.4582202024056914e-10,0.33334468992627436,1.4582202096875133e-10,0.3333446899262743,1.4582202114566022e-10,0.333340226967803,1.4582202102196303e-10
0.33334040901716344,-2.8941277443891516e-10,0.3333446899262759,0.3333446899262764,1.4582202157704522e-10,1.4582202162240398e-10,1.458220208514841e-10,-2.8941277463259604e-10,-2.894127750210013e-10,0.3333455053101162,1.4582202109980654e-10,1.4582202128452024e-10,0.33334468992627647,1.4582202126365314e-10,1.4582202136347057e-10,1.4582202102196303e-10,0.33334022696780125
