1.000000003532495,1.0000117559512185,1.0000123931479175,1.0000123931479166,-3.182397386737365e-06,1.0000123931479197,1.0000123931479166,-3.1823973865632014e-06,1.0000123931479166,1.000012393147917,-3.1823973867267516e-06,-3.1823973865624115e-06,1.000012393147915,-3.182397386727538e-06,-3.1823973865118496e-06,1.00001239314792,-3.182397386562312e-06
1.0000117559512185,1.0000114811677707,1.0000156782693888,1.0000156782693905,-7.872244872792586e-07,1.0000156782693896,1.000015678269391,-7.872244870077343e-07,1.0000156782693914,1.0000156782693914,-7.872244884202235e-07,-7.872244872101035e-07,1.0000156782693912,-7.872244877620623e-07,-7.872244875316617e-07,1.0000156782693888,-7.87224486788915e-07
1.0000123931479175,1.0000156782693888,1.0000127555626428,1.0000163154669421,-4.004921831496605e-10,1.0000163154669408,1.0000163154669421,-4.004921832342156e-10,1.0000163154669421,1.0000163154669428,-4.004921838334269e-10,-4.0049218332261533e-10,1.0000163154669417,-4.004921834047898e-10,-4.0049218354292465e-10,1.0000163154669404,-4.004921828452752e-10
1.0000123931479166,1.0000156782693905,1.0000163154669421,1.0000127555626437,-4.0049218332792304e-10,1.0000163154669421,1.0000163154669461,-4.0049218300033486e-10,1.000016315466946,1.0000163154669444,-4.004921837820178e-10,-4.00492183314394e-10,1.0000163154669446,-4.0049218368385746e-10,-4.0049218334007727e-10,1.0000163154669424,-4.0049218296677557e-10
-3.182397386737365e-06,-7.872244872792586e-07,-4.004921831496605e-10,-4.0049218332792304e-10,-3.5599053403445983e-06,-4.00492183500846e-10,-4.004921831496605e-10,5.333886235967036e-13,-4.00492183316301e-10,-4.00492183316301e-10,5.3338862454568e-13,5.333886237407169e-13,-4.004921832926135e-10,5.333886238650828e-13,5.333886241646967e-13,-4.0049218361000114e-10,5.333886232661606e-13
1.0000123931479197,1.0000156782693896,1.0000163154669408,1.0000163154669421,-4.00492183500846e-10,1.0000127555626441,1.0000163154669435,-4.0049218300033486e-10,1.0000163154669435,1.0000163154669433,-4.004921838551825e-10,-4.00492183314394e-10,1.0000163154669437,-4.00492183481226e-10,-4.004921835345113e-10,1.0000163154669421,-4.0049218289340853e-10
1.0000123931479166,1.000015678269391,1.0000163154669421,1.0000163154669461,-4.004921831496605e-10,1.0000163154669435,1.0000127555626468,-4.004921835231866e-10,1.000016315466946,1.000016315466944,-4.004921838551825e-10,-4.00492183314394e-10,1.0000163154669441,-4.0049218377936813e-10,-4.004921835345113e-10,1.0000163154669428,-4.0049218296677557e-10
-3.1823973865632014e-06,-7.872244870077343e-07,-4.004921832342156e-10,-4.0049218300033486e-10,5.333886235967036e-13,-4.0049218300033486e-10,-4.004921835231866e-10,-3.5599053403445983e-06,-4.0049218323185087e-10,-4.0049218323185087e-10,5.333886248118823e-13,5.333886240069194e-13,-4.004921832092518e-10,5.333886241312853e-13,5.333886244309002e-13,-4.004921832342156e-10,5.33388623532365e-13
1.0000123931479166,1.0000156782693914,1.0000163154669421,1.000016315466946,-4.00492183316301e-10,1.0000163154669435,1.000016315466946,-4.0049218323185087e-10,1.0000127555626477,1.0000163154669448,-4.0049218353220786e-10,-4.0049218338291933e-10,1.0000163154669441,-4.004921833478087e-10,-4.0049218334007727e-10,1.0000163154669428,-4.004921827361762e-10
1.000012393147917,1.0000156782693914,1.0000163154669428,1.0000163154669444,-4.00492183316301e-10,1.0000163154669433,1.000016315466944,-4.0049218323185087e-10,1.0000163154669448,1.000012755562645,-4.004921838334269e-10,-4.0049218338291933e-10,1.000016315466944,-4.004921835754217e-10,-4.004921835269114e-10,1.000016315466943,-4.0049218302051744e-10
-3.1823973867267516e-06,-7.872244884202235e-07,-4.004921838334269e-10,-4.004921837820178e-10,5.3338862454568e-13,-4.004921838551825e-10,-4.004921838551825e-10,5.333886248118823e-13,-4.0049218353220786e-10,-4.004921838334269e-10,-3.5599053403445983e-06,5.33388624955897e-13,-4.0049218353220786e-10,5.333886250802612e-13,5.333886253798754e-13,-4.004921838551825e-10,5.333886244813395e-13
-3.1823973865624115e-06,-7.872244872101035e-07,-4.0049218332261533e-10,-4.00492183314394e-10,5.333886237407169e-13,-4.00492183314394e-10,-4.00492183314394e-10,5.333886240069194e-13,-4.0049218338291933e-10,-4.0049218338291933e-10,5.33388624955897e-13,-3.5599053403445983e-06,-4.004921833278967e-10,5.333886242752984e-13,5.333886245749137e-13,-4.004921830903955e-10,5.333886236763782e-13
1.000012393147915,1.0000156782693912,1.0000163154669417,1.0000163154669446,-4.004921832926135e-10,1.0000163154669437,1.0000163154669441,-4.004921832092518e-10,1.0000163154669441,1.000016315466944,-4.0049218353220786e-10,-4.004921833278967e-10,1.000012755562646,-4.0049218333606906e-10,-4.004921835269114e-10,1.0000163154669428,-4.0049218289340853e-10
-3.182397386727538e-06,-7.872244877620623e-07,-4.004921834047898e-10,-4.0049218368385746e-10,5.333886238650828e-13,-4.00492183481226e-10,-4.0049218377936813e-10,5.333886241312853e-13,-4.004921833478087e-10,-4.004921835754217e-10,5.333886250802612e-13,5.333886242752984e-13,-4.0049218333606906e-10,-3.5599053403445983e-06,5.333886246992786e-13,-4.0049218350962655e-10,5.333886238007452e-13
-3.1823973865118496e-06,-7.872244875316617e-07,-4.0049218354292465e-10,-4.0049218334007727e-10,5.333886241646967e-13,-4.004921835345113e-10,-4.004921835345113e-10,5.333886244309002e-13,-4.0049218334007727e-10,-4.004921835269114e-10,5.333886253798754e-13,5.333886245749137e-13,-4.004921835269114e-10,5.333886246992786e-13,-3.5599053403445983e-06,-4.0049218328944787e-10,5.333886241003577e-13
1.00001239314792,1.0000156782693888,1.0000163154669404,1.0000163154669424,-4.0049218361000114e-10,1.0000163154669421,1.0000163154669428,-4.004921832342156e-10,1.0000163154669428,1.000016315466943,-4.004921838551825e-10,-4.004921830903955e-10,1.0000163154669428,-4.0049218350962655e-10,-4.0049218328944787e-10,1.0000127555626437,-4.0049218302051744e-10
-3.182397386562312e-06,-7.87224486788915e-07,-4.004921828452752e-10,-4.0049218296677557e-10,5.333886232661606e-13,-4.0049218289340853e-10,-4.0049218296677557e-10,5.33388623532365e-13,-4.004921827361762e-10,-4.0049218302051744e-10,5.333886244813395e-13,5.333886236763782e-13,-4.0049218289340853e-10,5.333886238007452e-13,5.333886241003577e-13,-4.0049218302051744e-10,-3.5599053403446224e-06
