1.0000000083011222,0.5271411880592339,0.9999656888965296,-8.54263837519952e-06,0.4728237746276693,0.4728237746276693,0.4728237746276693,0.5271411880592358,0.4728237746276685,0.5271412258652869,0.9999656888965264,0.472823774627669,0.5271412258652869,0.4728237746276714,0.5271411880592358,0.5271411880592364,0.4728237746276693,0.527141225865287
0.5271411880592339,0.5271419195025798,0.5271259700232357,-6.021813371891802e-10,-9.111664725155314e-10,-9.11166472047073e-10,-9.111664721261812e-10,0.5271304373642024,-9.111664720306845e-10,0.5271305683521882,0.5271259700232352,-9.111664724036044e-10,0.527130568352189,-9.111664715994917e-10,0.5271304373642031,0.5271304373642028,-9.111664720065254e-10,0.5271305683521886
0.9999656888965296,0.5271259700232357,0.9999427924607431,-2.4756020680106827e-06,0.4728106807907997,0.4728106807908009,0.4728106807907999,0.527125970023234,0.47281068079080085,0.5271260078277819,0.9999313103225442,0.47281068079080035,0.5271260078277819,0.47281068079080074,0.527125970023234,0.5271259700232332,0.47281068079080074,0.527126007827781
-8.54263837519952e-06,-6.021813371891802e-10,-2.4756020680106827e-06,1.1482118703068923e-05,-6.560665398483246e-10,-6.560665397281917e-10,-6.560665400934201e-10,-6.021813371861219e-10,-6.560665399872212e-10,-1.1847949321660103e-06,-2.4756020680106895e-06,-6.560665401837121e-10,-1.1847949321660097e-06,-6.560665399645548e-10,-6.021813370370943e-10,-6.021813371861219e-10,-6.560665401699908e-10,-1.184794932166009e-06
0.4728237746276693,-9.111664725155314e-10,0.4728106807907997,-6.560665398483246e-10,0.4728266215549581,0.4728151394163169,0.4728151394163169,-9.111664729566775e-10,0.47281513941631675,-9.585275418271005e-10,0.4728106807907997,0.4728151394163175,-9.585275419957153e-10,0.47281513941631653,-9.111664732580523e-10,-9.111664731188713e-10,0.4728151394163164,-9.5852754265799e-10
0.4728237746276693,-9.11166472047073e-10,0.4728106807908009,-6.560665397281917e-10,0.4728151394163169,0.4728266215549571,0.4728151394163161,-9.111664726336792e-10,0.4728151394163168,-9.585275414451515e-10,0.4728106807908005,0.4728151394163168,-9.58527541620142e-10,0.47281513941631653,-9.111664725132935e-10,-9.111664728026909e-10,0.4728151394163168,-9.585275420643725e-10
0.4728237746276693,-9.111664721261812e-10,0.4728106807907999,-6.560665400934201e-10,0.4728151394163169,0.4728151394163161,0.47282662155495697,-9.111664727068844e-10,0.47281513941631664,-9.58527541630386e-10,0.4728106807908,0.47281513941631653,-9.585275416347945e-10,0.4728151394163162,-9.111664733276044e-10,-9.111664729976112e-10,0.47281513941631664,-9.585275425007961e-10
0.5271411880592358,0.5271304373642024,0.527125970023234,-6.021813371861219e-10,-9.111664729566775e-10,-9.111664726336792e-10,-9.111664727068844e-10,0.5271419195025798,-9.111664724252962e-10,0.5271305683521876,0.5271259700232337,-9.111664726085203e-10,0.5271305683521883,-9.1116647194661e-10,0.5271304373642025,0.5271304373642026,-9.111664726071083e-10,0.5271305683521883
0.4728237746276685,-9.111664720306845e-10,0.47281068079080085,-6.560665399872212e-10,0.47281513941631675,0.4728151394163168,0.47281513941631664,-9.111664724252962e-10,0.47282662155495675,-9.585275416318425e-10,0.4728106807908007,0.47281513941631725,-9.58527541278258e-10,0.4728151394163164,-9.11166472738107e-10,-9.111664728112308e-10,0.47281513941631653,-9.585275420458896e-10
0.5271412258652869,0.5271305683521882,0.5271260078277819,-1.1847949321660103e-06,-9.585275418271005e-10,-9.585275414451515e-10,-9.58527541630386e-10,0.5271305683521876,-9.585275416318425e-10,0.5271421814792057,0.5271260078277819,-9.585275414542009e-10,0.5271306993403172,-9.585275410608848e-10,0.5271305683521882,0.527130568352189,-9.585275416560286e-10,0.5271306993403171
0.9999656888965264,0.5271259700232352,0.9999313103225442,-2.4756020680106895e-06,0.4728106807907997,0.4728106807908005,0.4728106807908,0.5271259700232337,0.4728106807908007,0.5271260078277819,0.9999427924607437,0.47281068079079974,0.5271260078277817,0.4728106807908,0.5271259700232335,0.5271259700232337,0.4728106807908001,0.5271260078277805
0.472823774627669,-9.111664724036044e-10,0.47281068079080035,-6.560665401837121e-10,0.4728151394163175,0.4728151394163168,0.47281513941631653,-9.111664726085203e-10,0.47281513941631725,-9.585275414542009e-10,0.47281068079079974,0.4728266215549563,-9.585275415610468e-10,0.47281513941631653,-9.111664731607431e-10,-9.111664731611566e-10,0.4728151394163169,-9.585275423263433e-10
0.5271412258652869,0.527130568352189,0.5271260078277819,-1.1847949321660097e-06,-9.585275419957153e-10,-9.58527541620142e-10,-9.585275416347945e-10,0.5271305683521883,-9.58527541278258e-10,0.5271306993403172,0.5271260078277817,-9.585275415610468e-10,0.5271421814792054,-9.58527541056001e-10,0.5271305683521882,0.5271305683521891,-9.58527541606688e-10,0.5271306993403168
0.4728237746276714,-9.111664715994917e-10,0.47281068079080074,-6.560665399645548e-10,0.47281513941631653,0.47281513941631653,0.4728151394163162,-9.1116647194661e-10,0.4728151394163164,-9.585275410608848e-10,0.4728106807908,0.47281513941631653,-9.58527541056001e-10,0.47282662155495747,-9.111664724918715e-10,-9.111664724684776e-10,0.47281513941631625,-9.58527541880555e-10
0.5271411880592358,0.5271304373642031,0.527125970023234,-6.021813370370943e-10,-9.111664732580523e-10,-9.111664725132935e-10,-9.111664733276044e-10,0.5271304373642025,-9.11166472738107e-10,0.5271305683521882,0.5271259700232335,-9.111664731607431e-10,0.5271305683521882,-9.111664724918715e-10,0.5271419195025776,0.5271304373642026,-9.111664730452367e-10,0.5271305683521885
0.5271411880592364,0.5271304373642028,0.5271259700232332,-6.021813371861219e-10,-9.111664731188713e-10,-9.111664728026909e-10,-9.111664729976112e-10,0.5271304373642026,-9.111664728112308e-10,0.527130568352189,0.5271259700232337,-9.111664731611566e-10,0.5271305683521891,-9.111664724684776e-10,0.5271304373642026,0.5271419195025766,-9.111664729244835e-10,0.5271305683521884
0.4728237746276693,-9.111664720065254e-10,0.47281068079080074,-6.560665401699908e-10,0.4728151394163164,0.4728151394163168,0.47281513941631664,-9.111664726071083e-10,0.47281513941631653,-9.585275416560286e-10,0.4728106807908001,0.4728151394163169,-9.58527541606688e-10,0.47281513941631625,-9.111664730452367e-10,-9.111664729244835e-10,0.47282662155495814,-9.585275422628409e-10
0.527141225865287,0.5271305683521886,0.527126007827781,-1.184794932166009e-06,-9.5852754265799e-10,-9.585275420643725e-10,-9.585275425007961e-10,0.5271305683521883,-9.585275420458896e-10,0.5271306993403171,0.5271260078277805,-9.585275423263433e-10,0.5271306993403168,-9.58527541880555e-10,0.5271305683521885,0.5271305683521884,-9.585275422628409e-10,0.5271421814792071
