0.9999999969906231,-3.2563332820234928e-06,1.0000006613476147,-3.256333281641612e-06,-3.230861516412135e-06,1.0000006613476164,-3.2308615163012786e-06,-3.2563332824461347e-06,-3.2563332825640683e-06,1.0000005983811895,-3.230861513854629e-06,-3.2141001445324703e-06,1.0000006613476171,1.0000006613476122,1.0000006613476171,1.0000006613476171,-3.2563332824508565e-06,-3.214100144532468e-06,-3.214100146394169e-06,-3.230861516412135e-06
-3.2563332820234928e-06,-2.7997966088887924e-06,-4.1890172999060785e-10,5.758660542102377e-13,2.797051175787349e-16,-4.1890173034139334e-10,2.7908631533857973e-16,5.758660549990306e-13,5.758660555102142e-13,-8.255277595300847e-07,2.797051175787349e-16,2.70963170459999e-16,-4.1890173034139334e-10,-4.1890173034139334e-10,-4.1890173034139334e-10,-4.1890173034139334e-10,5.758660546293085e-13,2.70963170459999e-16,2.70963170459999e-16,2.797051175787349e-16
1.0000006613476147,-4.1890172999060785e-10,0.9999999175236528,-4.189017304317289e-10,-4.05976454999553e-10,1.0000027173191421,-4.0597645488953086e-10,-4.1890173072861483e-10,-4.1890173010587087e-10,1.0000026543539546,-4.059764551905228e-10,-3.9747114408013686e-10,1.000002717319141,1.0000027173191424,1.000002717319141,1.0000027173191417,-4.1890173028510985e-10,-3.9747114422202154e-10,-3.9747114418144554e-10,-4.0597645462378353e-10
-3.256333281641612e-06,5.758660542102377e-13,-4.189017304317289e-10,-2.7997966088887924e-06,2.7908631533857973e-16,-4.189017305315694e-10,2.797051175787349e-16,5.758660536163592e-13,5.758660541275447e-13,-8.255277597523027e-07,2.7908631533857973e-16,2.70963170459999e-16,-4.189017304273814e-10,-4.189017304273814e-10,-4.1890173014867287e-10,-4.189017305315694e-10,5.758660532466374e-13,2.708128273436014e-16,2.712730082248261e-16,2.797051175787349e-16
-3.230861516412135e-06,2.797051175787349e-16,-4.05976454999553e-10,2.7908631533857973e-16,-2.799796657255908e-06,-4.059764544171274e-10,5.251451782922679e-13,2.789671234733295e-16,2.792038203426842e-16,-8.00055998173941e-07,5.251451787751033e-13,2.582076142872162e-16,-4.059764549191319e-10,-4.05976454999553e-10,-4.059764549364578e-10,-4.05976454999553e-10,2.7908631533857973e-16,2.5827170386294007e-16,2.581689392090205e-16,5.251451784482572e-13
1.0000006613476164,-4.1890173034139334e-10,1.0000027173191421,-4.189017305315694e-10,-4.059764544171274e-10,0.9999999175236572,-4.059764546755273e-10,-4.189017305486869e-10,-4.1890172994001744e-10,1.0000026543539549,-4.059764550109599e-10,-3.9747114439647647e-10,1.0000027173191417,1.000002717319143,1.0000027173191417,1.0000027173191417,-4.1890173028510985e-10,-3.9747114422202154e-10,-3.974711442184426e-10,-4.0597645460394257e-10
-3.2308615163012786e-06,2.7908631533857973e-16,-4.0597645488953086e-10,2.797051175787349e-16,5.251451782922679e-13,-4.059764546755273e-10,-2.799796657255908e-06,2.792038203426842e-16,2.7898337091639505e-16,-8.000559978687169e-07,5.251451782798713e-13,2.5822761382503255e-16,-4.0597645488953086e-10,-4.0597645488953086e-10,-4.0597645450370405e-10,-4.0597645450370405e-10,2.7925905538996796e-16,2.5820874355578416e-16,2.580857237286233e-16,5.251451779530251e-13
-3.2563332824461347e-06,5.758660549990306e-13,-4.1890173072861483e-10,5.758660536163592e-13,2.789671234733295e-16,-4.189017305486869e-10,2.792038203426842e-16,-2.7997966088887924e-06,5.758660549163362e-13,-8.255277597367913e-07,2.7908631533857973e-16,2.70963170459999e-16,-4.1890173072861483e-10,-4.189017303021756e-10,-4.1890173072861483e-10,-4.189017307284555e-10,5.758660540354307e-13,2.710931023504016e-16,2.708118600018431e-16,2.797051175787349e-16
-3.2563332825640683e-06,5.758660555102142e-13,-4.1890173010587087e-10,5.758660541275447e-13,2.792038203426842e-16,-4.1890172994001744e-10,2.7898337091639505e-16,5.758660549163362e-13,-2.7997966088887924e-06,-8.255277590007156e-07,2.7898337091639505e-16,2.708118600018431e-16,-4.1890173016309564e-10,-4.1890173016309564e-10,-4.1890173010587087e-10,-4.1890173016309564e-10,5.758660545466153e-13,2.708128273436014e-16,2.708128273436014e-16,2.792590553899661e-16
1.0000005983811895,-8.255277595300847e-07,1.0000026543539546,-8.255277597523027e-07,-8.00055998173941e-07,1.0000026543539549,-8.000559978687169e-07,-8.255277597367913e-07,-8.255277590007156e-07,0.9999997915924762,-8.000559988328514e-07,-7.832946342679219e-07,1.0000026543539549,1.000002654353956,1.0000026543539549,1.0000026543539557,-8.255277595192292e-07,-7.832946339868588e-07,-7.832946337084783e-07,-8.000559984154541e-07
-3.230861513854629e-06,2.797051175787349e-16,-4.059764551905228e-10,2.7908631533857973e-16,5.251451787751033e-13,-4.059764550109599e-10,5.251451782798713e-13,2.7908631533857973e-16,2.7898337091639505e-16,-8.000559988328514e-07,-2.799796657255908e-06,2.5820874355578416e-16,-4.059764551905228e-10,-4.0597645542434816e-10,-4.0597645542434816e-10,-4.05976454928549e-10,2.797051175787349e-16,2.5822761382503255e-16,2.5820874355578416e-16,5.251451784358607e-13
-3.2141001445324703e-06,2.70963170459999e-16,-3.9747114408013686e-10,2.70963170459999e-16,2.582076142872162e-16,-3.9747114439647647e-10,2.5822761382503255e-16,2.70963170459999e-16,2.708118600018431e-16,-7.832946342679219e-07,2.5820874355578416e-16,-2.7997966940790256e-06,-3.9747114420184423e-10,-3.974711439870445e-10,-3.9747114408013686e-10,-3.9747114439647647e-10,2.70963170459999e-16,4.92781627836644e-13,4.927816285759807e-13,2.581689392090205e-16
1.0000006613476171,-4.1890173034139334e-10,1.000002717319141,-4.189017304273814e-10,-4.059764549191319e-10,1.0000027173191417,-4.0597645488953086e-10,-4.1890173072861483e-10,-4.1890173016309564e-10,1.0000026543539549,-4.059764551905228e-10,-3.9747114420184423e-10,0.9999999175236546,1.0000027173191426,1.0000027173191415,1.0000027173191421,-4.1890173018538294e-10,-3.974711443693596e-10,-3.974711442184426e-10,-4.0597645462378353e-10
1.0000006613476122,-4.1890173034139334e-10,1.0000027173191424,-4.189017304273814e-10,-4.05976454999553e-10,1.000002717319143,-4.0597645488953086e-10,-4.189017303021756e-10,-4.1890173016309564e-10,1.000002654353956,-4.0597645542434816e-10,-3.974711439870445e-10,1.0000027173191426,0.9999999175236538,1.0000027173191424,1.0000027173191426,-4.18901730340635e-10,-3.9747114422202154e-10,-3.9747114409624604e-10,-4.059764549276489e-10
1.0000006613476171,-4.1890173034139334e-10,1.000002717319141,-4.1890173014867287e-10,-4.059764549364578e-10,1.0000027173191417,-4.0597645450370405e-10,-4.1890173072861483e-10,-4.1890173010587087e-10,1.0000026543539549,-4.0597645542434816e-10,-3.9747114408013686e-10,1.0000027173191415,1.0000027173191424,0.9999999175236591,1.0000027173191421,-4.18901730340635e-10,-3.974711443693596e-10,-3.974711439889759e-10,-4.0597645462378353e-10
1.0000006613476171,-4.1890173034139334e-10,1.0000027173191417,-4.189017305315694e-10,-4.05976454999553e-10,1.0000027173191417,-4.0597645450370405e-10,-4.189017307284555e-10,-4.1890173016309564e-10,1.0000026543539557,-4.05976454928549e-10,-3.9747114439647647e-10,1.0000027173191421,1.0000027173191426,1.0000027173191421,0.9999999175236576,-4.1890173026286355e-10,-3.974711439556033e-10,-3.9747114409624604e-10,-4.0597645462378353e-10
-3.2563332824508565e-06,5.758660546293085e-13,-4.1890173028510985e-10,5.758660532466374e-13,2.7908631533857973e-16,-4.1890173028510985e-10,2.7925905538996796e-16,5.758660540354307e-13,5.758660545466153e-13,-8.255277595192292e-07,2.797051175787349e-16,2.70963170459999e-16,-4.1890173018538294e-10,-4.18901730340635e-10,-4.18901730340635e-10,-4.1890173026286355e-10,-2.7997966088887924e-06,2.712730082248261e-16,2.70963170459999e-16,2.797051175787349e-16
-3.214100144532468e-06,2.70963170459999e-16,-3.9747114422202154e-10,2.708128273436014e-16,2.5827170386294007e-16,-3.9747114422202154e-10,2.5820874355578416e-16,2.710931023504016e-16,2.708128273436014e-16,-7.832946339868588e-07,2.5822761382503255e-16,4.92781627836644e-13,-3.974711443693596e-10,-3.9747114422202154e-10,-3.974711443693596e-10,-3.974711439556033e-10,2.712730082248261e-16,-2.799796690096477e-06,4.927816282507561e-13,2.5820874355578416e-16
-3.214100146394169e-06,2.70963170459999e-16,-3.9747114418144554e-10,2.712730082248261e-16,2.581689392090205e-16,-3.974711442184426e-10,2.580857237286233e-16,2.708118600018431e-16,2.708128273436014e-16,-7.832946337084783e-07,2.5820874355578416e-16,4.927816285759807e-13,-3.974711442184426e-10,-3.9747114409624604e-10,-3.974711439889759e-10,-3.9747114409624604e-10,2.70963170459999e-16,4.927816282507561e-13,-2.799796690096477e-06,2.5827170386294007e-16
-3.230861516412135e-06,2.797051175787349e-16,-4.0597645462378353e-10,2.797051175787349e-16,5.251451784482572e-13,-4.0597645460394257e-10,5.251451779530251e-13,2.797051175787349e-16,2.792590553899661e-16,-8.000559984154541e-07,5.251451784358607e-13,2.581689392090205e-16,-4.0597645462378353e-10,-4.059764549276489e-10,-4.0597645462378353e-10,-4.0597645462378353e-10,2.797051175787349e-16,2.5820874355578416e-16,2.5827170386294007e-16,-2.799796657926718e-06
