1.0000000050861868,-1.4957597963351207e-06,-1.3268489021830316e-06,-1.2661855647551741e-06,-1.3268489028143117e-06,-1.413712201335255e-06,-1.327114220934213e-06,-1.3166834428085087e-06,-1.3166834431014902e-06,-1.3247547282355324e-06,-1.3166834429619665e-06,-1.3247547286383404e-06,1.0000182073256263,1.0000147832381334,-1.3247547283920042e-06,1.0000147832381332,-1.4156387587172559e-06,-1.308781868030741e-06,-1.4161189009661163e-06,1.000015400647086,-1.4156387579949502e-06,-1.3268489030994427e-06,-1.308781867585912e-06,-1.3316499128741847e-06,-1.308781868883128e-06,-1.2661855632028996e-06,1.0000147832381325,-1.2661855647091919e-06,1.0000147832381328,-1.324754727636488e-06,-1.326848902928509e-06,1.0000147832381323,-1.3268489032523406e-06,-1.316683442211725e-06,-1.4156387583495032e-06
-1.4957597963351207e-06,-2.2900996818451634e-06,7.79908237949154e-12,6.222302652371582e-12,7.79908231959759e-12,6.384784662988653e-12,7.876542160866601e-12,1.4229879048247695e-08,1.4229879048245154e-08,7.719510797219756e-12,1.4229879048244848e-08,7.719510720047312e-12,-7.592923374333826e-07,-4.171729179933455e-10,7.719510797219756e-12,-4.1717291799033363e-10,6.777751144942345e-12,1.3734219916629804e-08,6.987744841631006e-12,-4.1178871067134994e-10,6.777751144942345e-12,7.79908231959759e-12,1.3734219916630979e-08,1.5298567295838864e-08,1.3734219916633528e-08,6.222302687259529e-12,-4.171729179484395e-10,6.222302652371582e-12,-4.171729179933455e-10,7.719510720047312e-12,7.79908231959759e-12,-4.1717291799033363e-10,7.799082360490288e-12,1.4229879048241364e-08,6.777751271152884e-12
-1.3268489021830316e-06,7.79908237949154e-12,-2.3074789776990586e-06,3.641613412796318e-12,9.053454080003876e-09,3.7367039836552135e-12,4.609776479601773e-12,4.198737785006422e-12,4.198737785006422e-12,4.517872964238665e-12,4.198737785006422e-12,4.51787283694309e-12,-5.903807542018709e-07,-3.1776662980489163e-10,4.51787283694309e-12,-3.1776662977949506e-10,3.966689517040855e-12,4.05248432470025e-12,4.089588838040438e-12,-3.146155859832543e-10,3.966689517040855e-12,9.053454080005686e-09,4.052484275907531e-12,4.514073739584111e-12,4.052484275907531e-12,3.641613451061343e-12,-3.177666298494926e-10,3.6416134008184086e-12,-3.1776662980489163e-10,4.51787283694309e-12,9.053454080005095e-09,-3.1776662980489163e-10,9.053454080005151e-09,4.198737785006422e-12,3.9666895482666564e-12
-1.2661855647551741e-06,6.222302652371582e-12,3.641613412796318e-12,-2.31076995656976e-06,3.64161331600925e-12,5.913162800417937e-09,3.677781613537893e-12,3.3498444602216723e-12,3.3498444602216723e-12,3.604458543530545e-12,3.3498442216727207e-12,3.604458543530545e-12,-5.297171572503785e-07,-2.831171208593191e-10,3.604458668574095e-12,-2.831171209890454e-10,3.164703146740709e-12,3.2331589273851096e-12,3.2627551182820613e-12,-2.806031830013415e-10,3.1647031208961165e-12,3.641613383895156e-12,3.2331587859462095e-12,3.6014285177270293e-12,3.2331589543595727e-12,5.762689906657643e-09,-2.8311712099152816e-10,5.762689906656681e-09,-2.831171209725369e-10,3.604458543530545e-12,3.641613383895156e-12,-2.831171209890454e-10,3.641613349722155e-12,3.349844313232177e-12,3.1647031208961165e-12
-1.3268489028143117e-06,7.79908231959759e-12,9.053454080003876e-09,3.64161331600925e-12,-2.3074789776990586e-06,3.7367040567950185e-12,4.609776479601773e-12,4.198737785006422e-12,4.198737785006422e-12,4.51787283694309e-12,4.198737785006422e-12,4.51787283694309e-12,-5.903807548481913e-07,-3.177666300566744e-10,4.51787283694309e-12,-3.177666300566744e-10,3.966689517040855e-12,4.0524843776119934e-12,4.089588838040438e-12,-3.1461558643969356e-10,3.966689517040855e-12,9.053454080008521e-09,4.0524843776119934e-12,4.514073739584111e-12,4.052484275907531e-12,3.6416134008184086e-12,-3.177666300566744e-10,3.641613349722155e-12,-3.177666300566744e-10,4.517872964238665e-12,9.053454080007893e-09,-3.177666300566744e-10,9.053454080007795e-09,4.198737845680111e-12,3.966689517040855e-12
-1.413712201335255e-06,6.384784662988653e-12,3.7367039836552135e-12,5.913162800417937e-09,3.7367040567950185e-12,-2.3104650510721584e-06,3.773816797299966e-12,3.4373163496179084e-12,3.4373163496179084e-12,3.698579122541938e-12,3.4373163496179084e-12,3.698579122541938e-12,-6.772450163651332e-07,-3.579196485946396e-10,3.698579122541938e-12,-3.579196487001274e-10,3.2473445743487027e-12,3.3175839242050656e-12,3.3479566706723864e-12,-7.047550019970566e-07,3.2473446320177927e-12,3.7367041168513925e-12,3.31758398736501e-12,3.695470420217111e-12,3.3175839242050656e-12,5.913162800416602e-09,-3.5791964867061594e-10,5.913162800415588e-09,-3.579196487001274e-10,3.698579122541938e-12,3.736704139458085e-12,-3.5791964867061594e-10,3.736704139458085e-12,3.4373162923845977e-12,3.24734454185048e-12
-1.327114220934213e-06,7.876542160866601e-12,4.609776479601773e-12,3.677781613537893e-12,4.609776479601773e-12,3.773816797299966e-12,-2.307298235912077e-06,4.240439119732447e-12,4.240439236567779e-12,9.050084670141118e-09,4.2404392515455115e-12,9.05008467013858e-09,-5.906460755775495e-07,-3.180999932657214e-10,9.050084670139517e-09,-3.1809999327452125e-10,4.006086314838283e-12,4.092733161421678e-12,4.130206360954208e-12,-3.1491765023943163e-10,4.006086314838283e-12,4.6097765281927194e-12,4.092733269742339e-12,9.042474085383735e-09,4.092733269742339e-12,3.677781690391208e-12,-3.180999932657214e-10,3.677781690391208e-12,-3.180999932657214e-10,9.050084670139121e-09,4.6097765281927194e-12,-3.1809999327452125e-10,4.609776479601773e-12,4.240439275864669e-12,4.006086314838283e-12
-1.3166834428085087e-06,1.4229879048247695e-08,4.198737785006422e-12,3.3498444602216723e-12,4.198737785006422e-12,3.4373163496179084e-12,4.240439119732447e-12,-2.3088716857640188e-06,7.66083752929986e-09,4.1558991158608655e-12,7.660837529299744e-09,4.155899115860854e-12,-5.802152571424737e-07,-3.1103110934763697e-10,4.1558991158608655e-12,-3.1103110927439344e-10,3.648875046126451e-12,3.7277974534648315e-12,3.761927332091785e-12,-3.081325501594292e-10,3.648875046126451e-12,4.198737785006422e-12,3.7277974382981324e-12,4.152404554535526e-12,3.7277974534648315e-12,3.3498444602216723e-12,-3.1103110927439344e-10,3.3498444602216723e-12,-3.1103110927439344e-10,4.155899115860854e-12,4.198737785006422e-12,-3.1103110927439344e-10,4.198737785006422e-12,7.66083752929768e-09,3.648875049288472e-12
-1.3166834431014902e-06,1.4229879048245154e-08,4.198737785006422e-12,3.3498444602216723e-12,4.198737785006422e-12,3.4373163496179084e-12,4.240439236567779e-12,7.66083752929986e-09,-2.3088716857640188e-06,4.155899045184452e-12,7.660837529298593e-09,4.155899046562162e-12,-5.802152572665171e-07,-3.110311093646983e-10,4.15589898540413e-12,-3.110311093285657e-10,3.648875046126451e-12,3.7277974534648315e-12,3.761927448169303e-12,-3.081325501359784e-10,3.648875046126451e-12,4.198737845680111e-12,3.7277974534648315e-12,4.152404423296845e-12,3.7277972722856896e-12,3.3498442216727207e-12,-3.110311093646983e-10,3.3498444602216723e-12,-3.110311093646983e-10,4.155899057916591e-12,4.198737785006422e-12,-3.110311093646983e-10,4.198737845680111e-12,7.660837529296543e-09,3.648875046126473e-12
-1.3247547282355324e-06,7.719510797219756e-12,4.517872964238665e-12,3.604458543530545e-12,4.51787283694309e-12,3.698579122541938e-12,9.050084670141118e-09,4.1558991158608655e-12,4.155899045184452e-12,-2.3076627886997433e-06,4.1558991158608655e-12,8.869656098598945e-09,-5.882865726955128e-07,-3.1650571147133003e-10,8.869656098599716e-09,-3.1650571137333653e-10,3.9262180591030175e-12,4.011137661770731e-12,4.047863348462957e-12,-3.133868191511311e-10,3.9262180591030175e-12,4.517872964238665e-12,4.011137612155367e-12,4.46801768971743e-12,4.0111376314782015e-12,3.6044586734913347e-12,-3.1650571137333653e-10,3.6044586734913347e-12,-3.1650571137333653e-10,8.869656098599468e-09,4.517872964238665e-12,-3.1650571137333653e-10,4.51787283694309e-12,4.15589898540413e-12,3.9262179242961014e-12
-1.3166834429619665e-06,1.4229879048244848e-08,4.198737785006422e-12,3.3498442216727207e-12,4.198737785006422e-12,3.4373163496179084e-12,4.2404392515455115e-12,7.660837529299744e-09,7.660837529298593e-09,4.1558991158608655e-12,-2.3088716857640188e-06,4.155899145235591e-12,-5.802152578590068e-07,-3.1103110976754745e-10,4.155899045184452e-12,-3.110311097003193e-10,3.648875046126451e-12,3.7277974534648315e-12,3.761927467857765e-12,-3.081325504129974e-10,3.648875049288472e-12,4.198737785006422e-12,3.727797332405541e-12,4.152404554535526e-12,3.7277972722856896e-12,3.3498442216727207e-12,-3.110311096652019e-10,3.3498442216727207e-12,-3.1103110975775865e-10,4.15589898540413e-12,4.198737785006422e-12,-3.110311096652019e-10,4.198737785006422e-12,7.660837529296432e-09,3.648875046126451e-12
-1.3247547286383404e-06,7.719510720047312e-12,4.51787283694309e-12,3.604458543530545e-12,4.51787283694309e-12,3.698579122541938e-12,9.05008467013858e-09,4.155899115860854e-12,4.155899046562162e-12,8.869656098598945e-09,4.155899145235591e-12,-2.3076627886997433e-06,-5.882865727698161e-07,-3.1650571143390156e-10,8.869656098597486e-09,-3.165057115363626e-10,3.926217952026006e-12,4.011137612155367e-12,4.0478633293966e-12,-3.133868191151828e-10,3.9262180591030175e-12,4.51787283694309e-12,4.011137706105177e-12,4.468017814846261e-12,4.011137661770731e-12,3.604458543530545e-12,-3.165057114301878e-10,3.604458543530545e-12,-3.165057115331636e-10,8.869656098597271e-09,4.5178730493579755e-12,-3.1650571158237955e-10,4.51787283694309e-12,4.1558991158608655e-12,3.9262180591030175e-12
1.0000182073256263,-7.592923374333826e-07,-5.903807542018709e-07,-5.297171572503785e-07,-5.903807548481913e-07,-6.772450163651332e-07,-5.906460755775495e-07,-5.802152571424737e-07,-5.802152572665171e-07,-5.882865726955128e-07,-5.802152578590068e-07,-5.882865727698161e-07,1.0000246471798202,1.0000235395959216,-5.88286573056248e-07,1.000023539595922,-6.791715384112863e-07,-5.723136521420413e-07,-6.796516643440879e-07,1.0000241570091923,-6.791715379782651e-07,-5.903807556136482e-07,-5.723136517689113e-07,-5.951817824308809e-07,-5.723136515107464e-07,-5.297171566597962e-07,1.0000235395959216,-5.297171567729608e-07,1.0000235395959214,-5.88286572722e-07,-5.903807554938674e-07,1.0000235395959207,-5.903807557717756e-07,-5.802152573794978e-07,-6.791715381262543e-07
1.0000147832381334,-4.171729179933455e-10,-3.1776662980489163e-10,-2.831171208593191e-10,-3.177666300566744e-10,-3.579196485946396e-10,-3.180999932657214e-10,-3.1103110934763697e-10,-3.110311093646983e-10,-3.1650571147133003e-10,-3.1103110976754745e-10,-3.1650571143390156e-10,1.0000235395959216,1.000017974437665,-3.165057116644624e-10,1.0000202909691567,-3.599035721962021e-10,-3.0640321409163476e-10,-3.6068674066003985e-10,1.000020880863224,-3.5990357186640137e-10,-3.1776663054335076e-10,-3.064032139462913e-10,-3.1996555116604984e-10,-3.0640321372782594e-10,-2.831171206992749e-10,1.0000202909691562,-2.831171207309768e-10,1.000020290969156,-3.1650571138851607e-10,-3.1776663035145975e-10,1.000020290969157,-3.177666307457888e-10,-3.110311094776751e-10,-3.5990357198512345e-10
-1.3247547283920042e-06,7.719510797219756e-12,4.51787283694309e-12,3.604458668574095e-12,4.51787283694309e-12,3.698579122541938e-12,9.050084670139517e-09,4.1558991158608655e-12,4.15589898540413e-12,8.869656098599716e-09,4.155899045184452e-12,8.869656098597486e-09,-5.88286573056248e-07,-3.165057116644624e-10,-2.3076627886997433e-06,-3.1650571158080454e-10,3.9262180591030175e-12,4.0111377031281225e-12,4.047863454439652e-12,-3.13386819265665e-10,3.926217998741042e-12,4.51787283694309e-12,4.011137661770731e-12,4.468017924716273e-12,4.0111376314782015e-12,3.604458543530545e-12,-3.1650571173069463e-10,3.604458668574095e-12,-3.165057116903131e-10,8.869656098598063e-09,4.517872964238665e-12,-3.1650571173069463e-10,4.517872964238665e-12,4.1558991158608655e-12,3.926217952026006e-12
1.0000147832381332,-4.1717291799033363e-10,-3.1776662977949506e-10,-2.831171209890454e-10,-3.177666300566744e-10,-3.579196487001274e-10,-3.1809999327452125e-10,-3.1103110927439344e-10,-3.110311093285657e-10,-3.1650571137333653e-10,-3.110311097003193e-10,-3.165057115363626e-10,1.000023539595922,1.0000202909691567,-3.1650571158080454e-10,1.0000179744376632,-3.599035721962021e-10,-3.064032140480297e-10,-3.606867405599875e-10,1.0000208808632245,-3.5990357190287616e-10,-3.177666306310921e-10,-3.0640321395890996e-10,-3.1996555116604984e-10,-3.0640321372782594e-10,-2.8311712062106095e-10,1.0000202909691558,-2.831171206650005e-10,1.0000202909691558,-3.1650571140741694e-10,-3.1776663048669587e-10,1.0000202909691565,-3.177666307457888e-10,-3.110311093582825e-10,-3.5990357209741694e-10
-1.4156387587172559e-06,6.777751144942345e-12,3.966689517040855e-12,3.164703146740709e-12,3.966689517040855e-12,3.2473445743487027e-12,4.006086314838283e-12,3.648875046126451e-12,3.648875046126451e-12,3.9262180591030175e-12,3.648875046126451e-12,3.926217952026006e-12,-6.791715384112863e-07,-3.599035721962021e-10,3.9262180591030175e-12,-3.599035721962021e-10,-2.3096951187239637e-06,3.5217734462584466e-12,7.049301760116225e-09,-7.08374914588789e-07,6.837456985637097e-09,3.966689517040855e-12,3.5217734786439203e-12,3.9229174143469446e-12,3.5217736225823134e-12,3.164703127647398e-12,-3.599035721961719e-10,3.164703146740709e-12,-3.599035721961719e-10,3.926217998741009e-12,3.966689517040855e-12,-3.599035720637075e-10,3.966689517040855e-12,3.648875046126451e-12,6.837456985635468e-09
-1.308781868030741e-06,1.3734219916629804e-08,4.05248432470025e-12,3.2331589273851096e-12,4.0524843776119934e-12,3.3175839242050656e-12,4.092733161421678e-12,3.7277974534648315e-12,3.7277974534648315e-12,4.011137661770731e-12,3.7277974534648315e-12,4.011137612155367e-12,-5.723136521420413e-07,-3.0640321409163476e-10,4.0111377031281225e-12,-3.064032140480297e-10,3.5217734462584466e-12,-2.3093961217909976e-06,3.63088787544187e-12,-3.0360562657230346e-10,3.5217735225614355e-12,4.05248432470025e-12,7.136435717631211e-09,7.94929806503957e-09,7.1364357176326585e-09,3.2331588566134916e-12,-3.064032140480297e-10,3.2331589543595727e-12,-3.0640321409163476e-10,4.011137612155367e-12,4.052484275907531e-12,-3.06403214124625e-10,4.052484275907531e-12,3.7277974382981324e-12,3.5217734462584466e-12
-1.4161189009661163e-06,6.987744841631006e-12,4.089588838040438e-12,3.2627551182820613e-12,4.089588838040438e-12,3.3479566706723864e-12,4.130206360954208e-12,3.761927332091785e-12,3.761927448169303e-12,4.047863348462957e-12,3.761927467857765e-12,4.0478633293966e-12,-6.796516643440879e-07,-3.6068674066003985e-10,4.047863454439652e-12,-3.606867405599875e-10,7.049301760116225e-09,3.63088787544187e-12,-2.3092648380291623e-06,-7.097599561874695e-07,7.049301760115348e-09,4.089588838040438e-12,3.6308878434120865e-12,8.022082549933982e-09,3.63088787544187e-12,3.2627550881794825e-12,-3.606867407979654e-10,3.262755076227345e-12,-3.6068674066003985e-10,4.047863294882591e-12,4.089588791340872e-12,-3.6068674064111696e-10,4.089588838040438e-12,3.761927507940297e-12,7.049301760113642e-09
1.000015400647086,-4.1178871067134994e-10,-3.146155859832543e-10,-2.806031830013415e-10,-3.1461558643969356e-10,-7.047550019970566e-07,-3.1491765023943163e-10,-3.081325501594292e-10,-3.081325501359784e-10,-3.133868191511311e-10,-3.081325504129974e-10,-3.133868191151828e-10,1.0000241570091923,1.000020880863224,-3.13386819265665e-10,1.0000208808632245,-7.08374914588789e-07,-3.0360562657230346e-10,-7.097599561874695e-07,1.0000191585406086,-7.08374914155767e-07,-3.1461558692210457e-10,-3.036056264701567e-10,-3.168492859172244e-10,-3.036056263629012e-10,-2.8060318269565913e-10,1.000020880863224,-2.806031827034713e-10,1.0000208808632245,-3.133868191444581e-10,-3.1461558679007765e-10,1.0000208808632236,-3.146155869699251e-10,-3.0813255020939905e-10,-7.083749143037488e-07
-1.4156387579949502e-06,6.777751144942345e-12,3.966689517040855e-12,3.1647031208961165e-12,3.966689517040855e-12,3.2473446320177927e-12,4.006086314838283e-12,3.648875046126451e-12,3.648875046126451e-12,3.9262180591030175e-12,3.648875049288472e-12,3.9262180591030175e-12,-6.791715379782651e-07,-3.5990357186640137e-10,3.926217998741042e-12,-3.5990357190287616e-10,6.837456985637097e-09,3.5217735225614355e-12,7.049301760115348e-09,-7.08374914155767e-07,-2.3096951187239637e-06,3.9666895482666564e-12,3.5217735225614355e-12,3.92291765149135e-12,3.5217735225614355e-12,3.1647031976013615e-12,-3.599035719463064e-10,3.1647031208961165e-12,-3.5990357180190564e-10,3.9262179242961014e-12,3.966689517040855e-12,-3.599035718255315e-10,3.9666895482666564e-12,3.648875103051525e-12,6.837456985634651e-09
-1.3268489030994427e-06,7.79908231959759e-12,9.053454080005686e-09,3.641613383895156e-12,9.053454080008521e-09,3.7367041168513925e-12,4.6097765281927194e-12,4.198737785006422e-12,4.198737845680111e-12,4.517872964238665e-12,4.198737785006422e-12,4.51787283694309e-12,-5.903807556136482e-07,-3.1776663054335076e-10,4.51787283694309e-12,-3.177666306310921e-10,3.966689517040855e-12,4.05248432470025e-12,4.089588838040438e-12,-3.1461558692210457e-10,3.9666895482666564e-12,-2.3074789776990586e-06,4.05248432470025e-12,4.514073733223763e-12,4.0524843776119934e-12,3.6416132891364276e-12,-3.1776663049876516e-10,3.641613412796318e-12,-3.1776663049876516e-10,4.51787283694309e-12,9.053454080009717e-09,-3.1776663054335076e-10,9.05345408000949e-09,4.198737785006422e-12,3.9666895482666564e-12
-1.308781867585912e-06,1.3734219916630979e-08,4.052484275907531e-12,3.2331587859462095e-12,4.0524843776119934e-12,3.31758398736501e-12,4.092733269742339e-12,3.7277974382981324e-12,3.7277974534648315e-12,4.011137612155367e-12,3.727797332405541e-12,4.011137706105177e-12,-5.723136517689113e-07,-3.064032139462913e-10,4.011137661770731e-12,-3.0640321395890996e-10,3.5217734786439203e-12,7.136435717631211e-09,3.6308878434120865e-12,-3.036056264701567e-10,3.5217735225614355e-12,4.05248432470025e-12,-2.3093961217909976e-06,7.949298065039997e-09,7.136435717633079e-09,3.2331588463194995e-12,-3.0640321395890996e-10,3.2331589273851096e-12,-3.0640321396198454e-10,4.011137706105177e-12,4.05248432470025e-12,-3.0640321395890996e-10,4.052484275907531e-12,3.7277974534648315e-12,3.5217734591867776e-12
-1.3316499128741847e-06,1.5298567295838864e-08,4.514073739584111e-12,3.6014285177270293e-12,4.514073739584111e-12,3.695470420217111e-12,9.042474085383735e-09,4.152404554535526e-12,4.152404423296845e-12,4.46801768971743e-12,4.152404554535526e-12,4.468017814846261e-12,-5.951817824308809e-07,-3.1996555116604984e-10,4.468017924716273e-12,-3.1996555116604984e-10,3.9229174143469446e-12,7.94929806503957e-09,8.022082549933982e-09,-3.168492859172244e-10,3.92291765149135e-12,4.514073733223763e-12,7.949298065039997e-09,-2.3076777003718178e-06,7.949298065041444e-09,3.60142842993887e-12,-3.1996555116604984e-10,3.60142844810088e-12,-3.19965551172996e-10,4.468017781709698e-12,4.514073739584111e-12,-3.19965551172996e-10,4.514073801491691e-12,4.152404357321951e-12,3.9229174143469446e-12
-1.308781868883128e-06,1.3734219916633528e-08,4.052484275907531e-12,3.2331589543595727e-12,4.052484275907531e-12,3.3175839242050656e-12,4.092733269742339e-12,3.7277974534648315e-12,3.7277972722856896e-12,4.0111376314782015e-12,3.7277972722856896e-12,4.011137661770731e-12,-5.723136515107464e-07,-3.0640321372782594e-10,4.0111376314782015e-12,-3.0640321372782594e-10,3.5217736225823134e-12,7.1364357176326585e-09,3.63088787544187e-12,-3.036056263629012e-10,3.5217735225614355e-12,4.0524843776119934e-12,7.136435717633079e-09,7.949298065041444e-09,-2.3093961217909976e-06,3.2331589273851096e-12,-3.064032137366866e-10,3.2331588566134916e-12,-3.0640321372782594e-10,4.0111376314782015e-12,4.052484231728844e-12,-3.064032137214795e-10,4.0524843776119934e-12,3.7277974534648315e-12,3.5217734462584466e-12
-1.2661855632028996e-06,6.222302687259529e-12,3.641613451061343e-12,5.762689906657643e-09,3.6416134008184086e-12,5.913162800416602e-09,3.677781690391208e-12,3.3498444602216723e-12,3.3498442216727207e-12,3.6044586734913347e-12,3.3498442216727207e-12,3.604458543530545e-12,-5.297171566597962e-07,-2.831171206992749e-10,3.604458543530545e-12,-2.8311712062106095e-10,3.164703127647398e-12,3.2331588566134916e-12,3.2627550881794825e-12,-2.8060318269565913e-10,3.1647031976013615e-12,3.6416132891364276e-12,3.2331588463194995e-12,3.60142842993887e-12,3.2331589273851096e-12,-2.31076995656976e-06,-2.8311712058807784e-10,5.76268990665542e-09,-2.8311712058807784e-10,3.604458543530545e-12,3.6416132891364276e-12,-2.831171205881671e-10,3.641613451061343e-12,3.3498442216727207e-12,3.164703152016933e-12
1.0000147832381325,-4.171729179484395e-10,-3.177666298494926e-10,-2.8311712099152816e-10,-3.177666300566744e-10,-3.5791964867061594e-10,-3.180999932657214e-10,-3.1103110927439344e-10,-3.110311093646983e-10,-3.1650571137333653e-10,-3.110311096652019e-10,-3.165057114301878e-10,1.0000235395959216,1.0000202909691562,-3.1650571173069463e-10,1.0000202909691558,-3.599035721961719e-10,-3.064032140480297e-10,-3.606867407979654e-10,1.000020880863224,-3.599035719463064e-10,-3.1776663049876516e-10,-3.0640321395890996e-10,-3.1996555116604984e-10,-3.064032137366866e-10,-2.8311712058807784e-10,1.000017974437664,-2.8311712057346756e-10,1.0000202909691565,-3.165057114241173e-10,-3.1776663039433883e-10,1.0000202909691558,-3.177666307457888e-10,-3.110311093582825e-10,-3.5990357209741694e-10
-1.2661855647091919e-06,6.222302652371582e-12,3.6416134008184086e-12,5.762689906656681e-09,3.641613349722155e-12,5.913162800415588e-09,3.677781690391208e-12,3.3498444602216723e-12,3.3498444602216723e-12,3.6044586734913347e-12,3.3498442216727207e-12,3.604458543530545e-12,-5.297171567729608e-07,-2.831171207309768e-10,3.604458668574095e-12,-2.831171206650005e-10,3.164703146740709e-12,3.2331589543595727e-12,3.262755076227345e-12,-2.806031827034713e-10,3.1647031208961165e-12,3.641613412796318e-12,3.2331589273851096e-12,3.60142844810088e-12,3.2331588566134916e-12,5.76268990665542e-09,-2.8311712057346756e-10,-2.31076995656976e-06,-2.831171207309768e-10,3.604458668574095e-12,3.641613379400369e-12,-2.8311712065162393e-10,3.641613451061343e-12,3.3498442216727207e-12,3.1647031208961165e-12
1.0000147832381328,-4.171729179933455e-10,-3.1776662980489163e-10,-2.831171209725369e-10,-3.177666300566744e-10,-3.579196487001274e-10,-3.180999932657214e-10,-3.1103110927439344e-10,-3.110311093646983e-10,-3.1650571137333653e-10,-3.1103110975775865e-10,-3.165057115331636e-10,1.0000235395959214,1.000020290969156,-3.165057116903131e-10,1.0000202909691558,-3.599035721961719e-10,-3.0640321409163476e-10,-3.6068674066003985e-10,1.0000208808632245,-3.5990357180190564e-10,-3.1776663049876516e-10,-3.0640321396198454e-10,-3.19965551172996e-10,-3.0640321372782594e-10,-2.8311712058807784e-10,1.0000202909691565,-2.831171207309768e-10,1.000017974437664,-3.1650571153723994e-10,-3.1776663052796613e-10,1.000020290969156,-3.177666307457888e-10,-3.110311094493715e-10,-3.5990357199594453e-10
-1.324754727636488e-06,7.719510720047312e-12,4.51787283694309e-12,3.604458543530545e-12,4.517872964238665e-12,3.698579122541938e-12,9.050084670139121e-09,4.155899115860854e-12,4.155899057916591e-12,8.869656098599468e-09,4.15589898540413e-12,8.869656098597271e-09,-5.88286572722e-07,-3.1650571138851607e-10,8.869656098598063e-09,-3.1650571140741694e-10,3.926217998741009e-12,4.011137612155367e-12,4.047863294882591e-12,-3.133868191444581e-10,3.9262179242961014e-12,4.51787283694309e-12,4.011137706105177e-12,4.468017781709698e-12,4.0111376314782015e-12,3.604458543530545e-12,-3.165057114241173e-10,3.604458668574095e-12,-3.1650571153723994e-10,-2.3076627886997433e-06,4.51787283694309e-12,-3.1650571153723994e-10,4.51787283694309e-12,4.155899045184452e-12,3.9262180591030175e-12
-1.326848902928509e-06,7.79908231959759e-12,9.053454080005095e-09,3.641613383895156e-12,9.053454080007893e-09,3.736704139458085e-12,4.6097765281927194e-12,4.198737785006422e-12,4.198737785006422e-12,4.517872964238665e-12,4.198737785006422e-12,4.5178730493579755e-12,-5.903807554938674e-07,-3.1776663035145975e-10,4.517872964238665e-12,-3.1776663048669587e-10,3.966689517040855e-12,4.052484275907531e-12,4.089588791340872e-12,-3.1461558679007765e-10,3.966689517040855e-12,9.053454080009717e-09,4.05248432470025e-12,4.514073739584111e-12,4.052484231728844e-12,3.6416132891364276e-12,-3.1776663039433883e-10,3.641613379400369e-12,-3.1776663052796613e-10,4.51787283694309e-12,-2.3074789776990586e-06,-3.1776663039433883e-10,9.05345408000915e-09,4.198737845680111e-12,3.966689510907393e-12
1.0000147832381323,-4.1717291799033363e-10,-3.1776662980489163e-10,-2.831171209890454e-10,-3.177666300566744e-10,-3.5791964867061594e-10,-3.1809999327452125e-10,-3.1103110927439344e-10,-3.110311093646983e-10,-3.1650571137333653e-10,-3.110311096652019e-10,-3.1650571158237955e-10,1.0000235395959207,1.000020290969157,-3.1650571173069463e-10,1.0000202909691565,-3.599035720637075e-10,-3.06403214124625e-10,-3.6068674064111696e-10,1.0000208808632236,-3.599035718255315e-10,-3.1776663054335076e-10,-3.0640321395890996e-10,-3.19965551172996e-10,-3.064032137214795e-10,-2.831171205881671e-10,1.0000202909691558,-2.8311712065162393e-10,1.000020290969156,-3.1650571153723994e-10,-3.1776663039433883e-10,1.0000179744376652,-3.1776663066725606e-10,-3.110311094849714e-10,-3.5990357209741694e-10
-1.3268489032523406e-06,7.799082360490288e-12,9.053454080005151e-09,3.641613349722155e-12,9.053454080007795e-09,3.736704139458085e-12,4.609776479601773e-12,4.198737785006422e-12,4.198737845680111e-12,4.51787283694309e-12,4.198737785006422e-12,4.51787283694309e-12,-5.903807557717756e-07,-3.177666307457888e-10,4.517872964238665e-12,-3.177666307457888e-10,3.966689517040855e-12,4.052484275907531e-12,4.089588838040438e-12,-3.146155869699251e-10,3.9666895482666564e-12,9.05345408000949e-09,4.052484275907531e-12,4.514073801491691e-12,4.0524843776119934e-12,3.641613451061343e-12,-3.177666307457888e-10,3.641613451061343e-12,-3.177666307457888e-10,4.51787283694309e-12,9.05345408000915e-09,-3.1776663066725606e-10,-2.3074789782685176e-06,4.198737845680111e-12,3.9666895482666564e-12
-1.316683442211725e-06,1.4229879048241364e-08,4.198737785006422e-12,3.349844313232177e-12,4.198737845680111e-12,3.4373162923845977e-12,4.240439275864669e-12,7.66083752929768e-09,7.660837529296543e-09,4.15589898540413e-12,7.660837529296432e-09,4.1558991158608655e-12,-5.802152573794978e-07,-3.110311094776751e-10,4.1558991158608655e-12,-3.110311093582825e-10,3.648875046126451e-12,3.7277974382981324e-12,3.761927507940297e-12,-3.0813255020939905e-10,3.648875103051525e-12,4.198737785006422e-12,3.7277974534648315e-12,4.152404357321951e-12,3.7277974534648315e-12,3.3498442216727207e-12,-3.110311093582825e-10,3.3498442216727207e-12,-3.110311094493715e-10,4.155899045184452e-12,4.198737845680111e-12,-3.110311094849714e-10,4.198737845680111e-12,-2.3088716857471615e-06,3.6488750560286976e-12
-1.4156387583495032e-06,6.777751271152884e-12,3.9666895482666564e-12,3.1647031208961165e-12,3.966689517040855e-12,3.24734454185048e-12,4.006086314838283e-12,3.648875049288472e-12,3.648875046126473e-12,3.9262179242961014e-12,3.648875046126451e-12,3.9262180591030175e-12,-6.791715381262543e-07,-3.5990357198512345e-10,3.926217952026006e-12,-3.5990357209741694e-10,6.837456985635468e-09,3.5217734462584466e-12,7.049301760113642e-09,-7.083749143037488e-07,6.837456985634651e-09,3.9666895482666564e-12,3.5217734591867776e-12,3.9229174143469446e-12,3.5217734462584466e-12,3.164703152016933e-12,-3.5990357209741694e-10,3.1647031208961165e-12,-3.5990357199594453e-10,3.9262180591030175e-12,3.966689510907393e-12,-3.5990357209741694e-10,3.9666895482666564e-12,3.6488750560286976e-12,-2.3096951187239395e-06
