1.0000000041780797,7.031235353079795e-07,7.031235333125952e-07,7.031235333124501e-07,1.0000030634452235,1.0000030634452248,7.031235331123738e-07,1.000003063445229,1.0000026283813919,1.0000030634452235,7.031235352465808e-07,1.0000030634452295,1.0000030634452235,7.031235327122086e-07
7.031235353079795e-07,1.186337809094059e-06,-5.680307343358781e-17,-5.689193609897757e-17,3.180922908049497e-11,3.18092291110607e-11,-1.1125435279576424e-13,3.180922908049551e-11,6.230066222153676e-08,3.18092291110607e-11,-5.658626930710416e-17,3.1809228587599236e-11,3.18092291110607e-11,-1.1125435296601513e-13
7.031235333125952e-07,-5.680307343358781e-17,1.186337809094059e-06,-1.1125435078527919e-13,3.1809227063664755e-11,3.180922678831314e-11,-5.689194031954922e-17,3.1809227063664755e-11,6.230065830591888e-08,3.1809227000661387e-11,-1.112543500122662e-13,3.180922678831314e-11,3.180922678831314e-11,-5.707938895137729e-17
7.031235333124501e-07,-5.689193609897757e-17,-1.1125435078527919e-13,1.186337809094059e-06,3.1809227083926395e-11,3.180922717132987e-11,-5.689194031954922e-17,3.18092271349099e-11,6.23006589107648e-08,3.1809227083926395e-11,-1.1125435051335109e-13,3.180922687486251e-11,3.180922687486251e-11,-5.689193609897757e-17
1.0000030634452235,3.180922908049497e-11,3.1809227063664755e-11,3.1809227083926395e-11,1.000002712036527,1.000001525699006,3.180922740032967e-11,1.0000015256990051,1.0000010906355952,1.0000015256990065,3.180922713333892e-11,1.0000015256990054,1.000001525699006,3.18092270401495e-11
1.0000030634452248,3.18092291110607e-11,3.180922678831314e-11,3.180922717132987e-11,1.000001525699006,1.000002712036524,3.180922740032967e-11,1.0000015256990054,1.000001090635595,1.000001525699006,3.1809227138926765e-11,1.0000015256990051,1.0000015256990058,3.180922699605943e-11
7.031235331123738e-07,-1.1125435279576424e-13,-5.689194031954922e-17,-5.689194031954922e-17,3.180922740032967e-11,3.180922740032967e-11,1.186337809094059e-06,3.180922759376677e-11,6.230065916982152e-08,3.1809227604629754e-11,-5.689194031954922e-17,3.180922740034666e-11,3.180922738933068e-11,-1.1125435097030716e-13
1.000003063445229,3.180922908049551e-11,3.1809227063664755e-11,3.18092271349099e-11,1.0000015256990051,1.0000015256990054,3.180922759376677e-11,1.000002712036525,1.0000010906355938,1.0000015256990051,3.1809227568096734e-11,1.000001525699006,1.000001525699004,3.1809227039835795e-11
1.0000026283813919,6.230066222153676e-08,6.230065830591888e-08,6.23006589107648e-08,1.0000010906355952,1.000001090635595,6.230065916982152e-08,1.0000010906355938,1.000001841909777,1.0000010906355952,6.230065875602362e-08,1.0000010906355938,1.0000010906355943,6.230065913865296e-08
1.0000030634452235,3.18092291110607e-11,3.1809227000661387e-11,3.1809227083926395e-11,1.0000015256990065,1.000001525699006,3.1809227604629754e-11,1.0000015256990051,1.0000010906355952,1.0000027120365267,3.180922706278236e-11,1.0000015256990051,1.000001525699006,3.180922717794788e-11
7.031235352465808e-07,-5.658626930710416e-17,-1.112543500122662e-13,-1.1125435051335109e-13,3.180922713333892e-11,3.1809227138926765e-11,-5.689194031954922e-17,3.1809227568096734e-11,6.230065875602362e-08,3.180922706278236e-11,1.186337809094059e-06,3.1809227138926765e-11,3.180922739915115e-11,-5.664020932751605e-17
1.0000030634452295,3.1809228587599236e-11,3.180922678831314e-11,3.180922687486251e-11,1.0000015256990054,1.0000015256990051,3.180922740034666e-11,1.000001525699006,1.0000010906355938,1.0000015256990051,3.1809227138926765e-11,1.0000027120365282,1.000001525699005,3.1809227039835795e-11
1.0000030634452235,3.18092291110607e-11,3.180922678831314e-11,3.180922687486251e-11,1.000001525699006,1.0000015256990058,3.180922738933068e-11,1.000001525699004,1.0000010906355943,1.000001525699006,3.180922739915115e-11,1.000001525699005,1.0000027120365242,3.1809227039835795e-11
7.031235327122086e-07,-1.1125435296601513e-13,-5.707938895137729e-17,-5.689193609897757e-17,3.18092270401495e-11,3.180922699605943e-11,-1.1125435097030716e-13,3.1809227039835795e-11,6.230065913865296e-08,3.180922717794788e-11,-5.664020932751605e-17,3.1809227039835795e-11,3.1809227039835795e-11,1.186337806761821e-06
