1.0000000012578794,1.2067305272922633e-06,0.9999959982322199,1.2067305286365603e-06,1.2067305286368434e-06,0.99999609567249,0.9999959982322221,0.9999959982322213,0.9999959982322199,1.2067305284048652e-06,0.9999959982322221,0.9999959982322199,0.9999959982322223
1.2067305272922633e-06,2.533363172287727e-06,1.646279309804813e-10,1.0218116399977878e-13,1.0218116409186485e-13,3.219369736119304e-07,1.6462793108545567e-10,1.6462793108545567e-10,1.6462793108545567e-10,1.0218116470128508e-13,1.6462793108545567e-10,1.6462793070842773e-10,1.6462793108545567e-10
0.9999959982322199,1.646279309804813e-10,0.9999953234602884,1.6462793081361853e-10,1.6462793021609102e-10,0.9999928875383429,0.9999927900983006,0.999992790098299,0.9999927900983003,1.6462793107403295e-10,0.9999927900983006,0.9999927900983003,0.9999927900983003
1.2067305286365603e-06,1.0218116399977878e-13,1.6462793081361853e-10,2.533363172287727e-06,1.021811633131079e-13,3.219369734270454e-07,1.6462793073024434e-10,1.6462793120633377e-10,1.6462793120633377e-10,1.021811639225279e-13,1.6462793120633377e-10,1.6462793073024434e-10,1.6462793072825143e-10
1.2067305286368434e-06,1.0218116409186485e-13,1.6462793021609102e-10,1.021811633131079e-13,2.533363172287727e-06,3.2193697318742347e-07,1.6462793101491438e-10,1.6462793063366852e-10,1.6462793089494905e-10,1.0218116401461425e-13,1.6462793073693576e-10,1.6462793100545082e-10,1.6462793057613467e-10
0.99999609567249,3.219369736119304e-07,0.9999928875383429,3.219369734270454e-07,3.2193697318742347e-07,0.9999955183404992,0.9999928875383429,0.9999928875383429,0.9999928875383436,3.2193697383100027e-07,0.9999928875383429,0.9999928875383436,0.9999928875383429
0.9999959982322221,1.6462793108545567e-10,0.9999927900983006,1.6462793073024434e-10,1.6462793101491438e-10,0.9999928875383429,0.9999953234602914,0.9999927900983006,0.9999927900983006,1.6462793065121573e-10,0.9999927900983003,0.9999927900983006,0.9999927900983018
0.9999959982322213,1.6462793108545567e-10,0.999992790098299,1.6462793120633377e-10,1.6462793063366852e-10,0.9999928875383429,0.9999927900983006,0.9999953234602905,0.9999927900982999,1.6462793065121573e-10,0.9999927900983006,0.9999927900982999,0.9999927900983003
0.9999959982322199,1.6462793108545567e-10,0.9999927900983003,1.6462793120633377e-10,1.6462793089494905e-10,0.9999928875383436,0.9999927900983006,0.9999927900982999,0.9999953234602884,1.6462793105037908e-10,0.9999927900983006,0.9999927900983013,0.9999927900983006
1.2067305284048652e-06,1.0218116470128508e-13,1.6462793107403295e-10,1.021811639225279e-13,1.0218116401461425e-13,3.2193697383100027e-07,1.6462793065121573e-10,1.6462793065121573e-10,1.6462793105037908e-10,2.533363172287727e-06,1.646279309489056e-10,1.646279309608454e-10,1.646279309608454e-10
0.9999959982322221,1.6462793108545567e-10,0.9999927900983006,1.6462793120633377e-10,1.6462793073693576e-10,0.9999928875383429,0.9999927900983003,0.9999927900983006,0.9999927900983006,1.646279309489056e-10,0.9999953234602903,0.9999927900983006,0.9999927900983006
0.9999959982322199,1.6462793070842773e-10,0.9999927900983003,1.6462793073024434e-10,1.6462793100545082e-10,0.9999928875383436,0.9999927900983006,0.9999927900982999,0.9999927900983013,1.646279309608454e-10,0.9999927900983006,0.9999953234602884,0.9999927900983006
0.9999959982322223,1.6462793108545567e-10,0.9999927900983003,1.6462793072825143e-10,1.6462793057613467e-10,0.9999928875383429,0.9999927900983018,0.9999927900983003,0.9999927900983006,1.646279309608454e-10,0.9999927900983006,0.9999927900983006,0.9999953234602935
