0.9999999984404278,0.9999994844930876,-7.462769106408661e-07,0.9999994120802724,-7.46276911480468e-07,-7.462769106539868e-07,0.9999994120802749,0.9999994120802745,-7.462769114576052e-07,0.9999994120802761,0.9999994120802749,0.9999994120802749,-7.462769110657875e-07
0.9999994844930876,0.9999995690265945,-1.7307738034876686e-07,1.0000002750925951,-1.7307738104442578e-07,-1.7307738043671003e-07,1.0000002750925947,1.0000002750925938,-1.730773817279229e-07,1.0000002750925956,1.0000002750925947,1.0000002750925954,-1.7307738133491033e-07
-7.462769106408661e-07,-1.7307738034876686e-07,-7.784792421186186e-07,-8.85060444989028e-11,1.1726461364211503e-14,1.1726461649307224e-14,-8.850604426153464e-11,-8.850604426153464e-11,1.1726461088951762e-14,-8.850604426153464e-11,-8.850604426153464e-11,-8.850604426153464e-11,1.172646115769456e-14
0.9999994120802724,1.0000002750925951,-8.85060444989028e-11,0.9999994242009043,-8.850604484588961e-11,-8.850604468384036e-11,1.0000002026797414,1.0000002026797403,-8.850604529168465e-11,1.000000202679742,1.0000002026797414,1.0000002026797417,-8.85060444031401e-11
-7.46276911480468e-07,-1.7307738104442578e-07,1.1726461364211503e-14,-8.850604484588961e-11,-7.784792421186186e-07,1.1726461471338825e-14,-8.85060449533424e-11,-8.850604500912813e-11,1.1726460910983298e-14,-8.850604484588961e-11,-8.850604484588961e-11,-8.85060448379006e-11,1.1726460979726056e-14
-7.462769106539868e-07,-1.7307738043671003e-07,1.1726461649307224e-14,-8.850604468384036e-11,1.1726461471338825e-14,-7.784792421186186e-07,-8.850604460395724e-11,-8.850604465307894e-11,1.1726461196079111e-14,-8.850604460359596e-11,-8.850604479409399e-11,-8.85060449494368e-11,1.1726461264821686e-14
0.9999994120802749,1.0000002750925947,-8.850604426153464e-11,1.0000002026797414,-8.85060449533424e-11,-8.850604460395724e-11,0.9999994242009043,1.0000002026797405,-8.850604538929616e-11,1.0000002026797414,1.0000002026797412,1.0000002026797417,-8.85060449895167e-11
0.9999994120802745,1.0000002750925938,-8.850604426153464e-11,1.0000002026797403,-8.850604500912813e-11,-8.850604465307894e-11,1.0000002026797405,0.9999994242009028,-8.85060455259935e-11,1.0000002026797408,1.0000002026797403,1.0000002026797408,-8.850604497946793e-11
-7.462769114576052e-07,-1.730773817279229e-07,1.1726461088951762e-14,-8.850604529168465e-11,1.1726460910983298e-14,1.1726461196079111e-14,-8.850604538929616e-11,-8.85060455259935e-11,-7.784792421186186e-07,-8.85060454419438e-11,-8.850604533113349e-11,-8.850604515178473e-11,1.1726460704466459e-14
0.9999994120802761,1.0000002750925956,-8.850604426153464e-11,1.000000202679742,-8.850604484588961e-11,-8.850604460359596e-11,1.0000002026797414,1.0000002026797408,-8.85060454419438e-11,0.9999994242009084,1.0000002026797423,1.0000002026797423,-8.850604498292456e-11
0.9999994120802749,1.0000002750925947,-8.850604426153464e-11,1.0000002026797414,-8.850604484588961e-11,-8.850604479409399e-11,1.0000002026797412,1.0000002026797403,-8.850604533113349e-11,1.0000002026797423,0.999999424200906,1.0000002026797417,-8.850604497946793e-11
0.9999994120802749,1.0000002750925954,-8.850604426153464e-11,1.0000002026797417,-8.85060448379006e-11,-8.85060449494368e-11,1.0000002026797417,1.0000002026797408,-8.850604515178473e-11,1.0000002026797423,1.0000002026797417,0.9999994242009042,-8.850604497946793e-11
-7.462769110657875e-07,-1.7307738133491033e-07,1.172646115769456e-14,-8.85060444031401e-11,1.1726460979726056e-14,1.1726461264821686e-14,-8.85060449895167e-11,-8.850604497946793e-11,1.1726460704466459e-14,-8.850604498292456e-11,-8.850604497946793e-11,-8.850604497946793e-11,-7.784792393610837e-07
