0.9999999976610979,0.4999976881264,2.084921449101987e-06,2.0849214482496507e-06,2.08492144823911e-06,0.4999976881263987,0.9999953866645057,0.4999976881263985,0.4999976881264166,0.4999976881264178,0.4999976881264166,0.4999976881263985,0.49999768812639916,0.49999768812641576,0.4999976881264172,2.0849214482397108e-06,0.4999976881264177,0.4999976881263985
0.4999976881264,0.4999977944013595,2.7473228461041415e-10,2.74732284065448e-10,2.74732284410105e-10,0.4999963892609967,0.4999972094302299,0.49999638926099754,1.591050457741088e-10,1.5910504565497803e-10,1.5910504556810065e-10,0.4999963892609977,0.49999638926099704,1.5910504478724122e-10,1.5910504564191334e-10,2.7473228444963547e-10,1.5910504521153e-10,0.49999638926099743
2.084921449101987e-06,2.7473228461041415e-10,1.4051421761291958e-06,1.1842069619021773e-12,1.1842069627808372e-12,2.747322845185484e-10,1.0810753246537944e-06,2.7473228477030413e-10,2.7473228461820324e-10,2.7473228450061575e-10,2.7473228461820324e-10,2.747322845211152e-10,2.747322845211152e-10,2.7473228471456813e-10,2.747322844163698e-10,1.1842069628549503e-12,2.7473228483427306e-10,2.747322847332362e-10
2.0849214482496507e-06,2.74732284065448e-10,1.1842069619021773e-12,1.4051421761291958e-06,1.1842069620312739e-12,2.7473228408202513e-10,1.0810753230256154e-06,2.747322841342856e-10,2.747322843466638e-10,2.747322843235585e-10,2.747322843466638e-10,2.7473228403608854e-10,2.747322841342856e-10,2.747322842226621e-10,2.747322843625283e-10,1.1842069621053883e-12,2.747322843625283e-10,2.7473228394963813e-10
2.08492144823911e-06,2.74732284410105e-10,1.1842069627808372e-12,1.1842069620312739e-12,1.4051421761291958e-06,2.747322842739621e-10,1.0810753240507254e-06,2.7473228429785036e-10,2.747322845581167e-10,2.74732284496187e-10,2.747322845581167e-10,2.747322843144603e-10,2.747322843793039e-10,2.74732284496187e-10,2.747322845581167e-10,1.1842069629840466e-12,2.747322845581167e-10,2.747322842818447e-10
0.4999976881263987,0.4999963892609967,2.747322845185484e-10,2.7473228408202513e-10,2.747322842739621e-10,0.49999779440135894,0.4999972094302298,0.49999638926099743,1.5910504590343672e-10,1.5910504564687593e-10,1.5910504579410456e-10,0.4999963892609977,0.49999638926099726,1.5910504504332856e-10,1.5910504572005727e-10,2.7473228454604445e-10,1.5910504514252085e-10,0.4999963892609972
0.9999953866645057,0.4999972094302299,1.0810753246537944e-06,1.0810753230256154e-06,1.0810753240507254e-06,0.4999972094302298,0.9999968382602151,0.49999720943023046,0.4999972094302489,0.4999972094302489,0.4999972094302488,0.49999720943023046,0.49999720943023096,0.49999720943024745,0.4999972094302486,1.0810753241109035e-06,0.4999972094302477,0.49999720943023
0.4999976881263985,0.49999638926099754,2.7473228477030413e-10,2.747322841342856e-10,2.7473228429785036e-10,0.49999638926099743,0.49999720943023046,0.4999977944013578,1.5910504606528534e-10,1.5910504564062296e-10,1.5910504602650724e-10,0.49999638926099776,0.49999638926099743,1.5910504514604733e-10,1.591050459284866e-10,2.7473228444963547e-10,1.5910504509923366e-10,0.49999638926099743
0.4999976881264166,1.591050457741088e-10,2.7473228461820324e-10,2.747322843466638e-10,2.747322845581167e-10,1.5910504590343672e-10,0.4999972094302489,1.5910504606528534e-10,0.4999977944013763,0.49999638926101525,0.4999963892610147,1.5910504608738292e-10,1.5910504615589966e-10,0.49999638926101486,0.49999638926101503,2.747322846319214e-10,0.49999638926101486,1.5910504603437068e-10
0.4999976881264178,1.5910504565497803e-10,2.7473228450061575e-10,2.747322843235585e-10,2.74732284496187e-10,1.5910504564687593e-10,0.4999972094302489,1.5910504564062296e-10,0.49999638926101525,0.49999779440137754,0.49999638926101536,1.5910504572464249e-10,1.59105045651665e-10,0.4999963892610156,0.49999638926101486,2.74732284642008e-10,0.49999638926101514,1.5910504574168034e-10
0.4999976881264166,1.5910504556810065e-10,2.7473228461820324e-10,2.747322843466638e-10,2.747322845581167e-10,1.5910504579410456e-10,0.4999972094302488,1.5910504602650724e-10,0.4999963892610147,0.49999638926101536,0.499997794401376,1.5910504580014024e-10,1.5910504623844756e-10,0.4999963892610152,0.4999963892610152,2.747322846319214e-10,0.49999638926101564,1.5910504589928257e-10
0.4999976881263985,0.4999963892609977,2.747322845211152e-10,2.7473228403608854e-10,2.747322843144603e-10,0.4999963892609977,0.49999720943023046,0.49999638926099776,1.5910504608738292e-10,1.5910504572464249e-10,1.5910504580014024e-10,0.49999779440135805,0.49999638926099754,1.5910504522760325e-10,1.591050457901682e-10,2.7473228444963547e-10,1.5910504521692226e-10,0.49999638926099743
0.49999768812639916,0.49999638926099704,2.747322845211152e-10,2.747322841342856e-10,2.747322843793039e-10,0.49999638926099726,0.49999720943023096,0.49999638926099743,1.5910504615589966e-10,1.59105045651665e-10,1.5910504623844756e-10,0.49999638926099754,0.4999977944013578,1.5910504519039731e-10,1.5910504579455677e-10,2.747322845120533e-10,1.5910504541500278e-10,0.4999963892609972
0.49999768812641576,1.5910504478724122e-10,2.7473228471456813e-10,2.747322842226621e-10,2.74732284496187e-10,1.5910504504332856e-10,0.49999720943024745,1.5910504514604733e-10,0.49999638926101486,0.4999963892610156,0.4999963892610152,1.5910504522760325e-10,1.5910504519039731e-10,0.49999779440138115,0.49999638926101525,2.74732284642008e-10,0.4999963892610152,1.5910504486333566e-10
0.4999976881264172,1.5910504564191334e-10,2.747322844163698e-10,2.747322843625283e-10,2.747322845581167e-10,1.5910504572005727e-10,0.4999972094302486,1.591050459284866e-10,0.49999638926101503,0.49999638926101486,0.4999963892610152,1.591050457901682e-10,1.5910504579455677e-10,0.49999638926101525,0.4999977944013768,2.747322846319214e-10,0.4999963892610152,1.5910504568696697e-10
2.0849214482397108e-06,2.7473228444963547e-10,1.1842069628549503e-12,1.1842069621053883e-12,1.1842069629840466e-12,2.7473228454604445e-10,1.0810753241109035e-06,2.7473228444963547e-10,2.747322846319214e-10,2.74732284642008e-10,2.747322846319214e-10,2.7473228444963547e-10,2.747322845120533e-10,2.74732284642008e-10,2.747322846319214e-10,1.4051421767523709e-06,2.747322846319214e-10,2.7473228444963547e-10
0.4999976881264177,1.5910504521153e-10,2.7473228483427306e-10,2.747322843625283e-10,2.747322845581167e-10,1.5910504514252085e-10,0.4999972094302477,1.5910504509923366e-10,0.49999638926101486,0.49999638926101514,0.49999638926101564,1.5910504521692226e-10,1.5910504541500278e-10,0.4999963892610152,0.4999963892610152,2.747322846319214e-10,0.4999977944013765,1.5910504514226647e-10
0.4999976881263985,0.49999638926099743,2.747322847332362e-10,2.7473228394963813e-10,2.747322842818447e-10,0.4999963892609972,0.49999720943023,0.49999638926099743,1.5910504603437068e-10,1.5910504574168034e-10,1.5910504589928257e-10,0.49999638926099743,0.4999963892609972,1.5910504486333566e-10,1.5910504568696697e-10,2.7473228444963547e-10,1.5910504514226647e-10,0.4999977944013582
