0.9999999917602046,2.5769180950411196e-06,0.9999920313041117,2.5769180918150193e-06,2.5769180980973534e-06,0.9999920313041163,0.9999920313041152,0.999992031304116,2.591097280352988e-06,2.576918091683208e-06,0.9999920313041162,2.576918091683208e-06,2.5910972799652415e-06,0.9999941766746391,2.576918091683134e-06
2.5769180950411196e-06,-1.1275804075052651e-07,5.624143079930773e-10,1.097366559371611e-12,1.0973665558052434e-12,5.62414308250779e-10,5.62414308250779e-10,5.624143082507791e-10,5.680034261523953e-16,5.597101217687513e-16,5.624143081909327e-10,5.599008701646248e-16,1.11569184519549e-12,1.1030229697542312e-06,5.5971012176875045e-16
0.9999920313041117,5.624143079930773e-10,0.9999952664321713,5.624143099081944e-10,5.624143087224729e-10,0.9999953791932328,0.999995379193234,0.9999953791932339,5.696441065692534e-10,5.624143088959334e-10,0.9999953791932319,5.624143093795517e-10,5.696441069174493e-10,0.9999975245737681,5.624143096563024e-10
2.5769180918150193e-06,1.097366559371611e-12,5.624143099081944e-10,-1.1275804075052651e-07,1.097366558106442e-12,5.624143096895939e-10,5.624143099453872e-10,5.624143099081946e-10,5.689461055779918e-16,5.5971012176875045e-16,5.624143097849988e-10,5.599008701646248e-16,1.1156918475348395e-12,1.1030229721362204e-06,5.597102342892062e-16
2.5769180980973534e-06,1.0973665558052434e-12,5.624143087224729e-10,1.097366558106442e-12,-1.1275804075052651e-07,5.624143087224729e-10,5.624143087224729e-10,5.624143087224729e-10,5.689461055779918e-16,5.597102342892062e-16,5.624143087224729e-10,5.597102342892062e-16,1.1156918439606662e-12,1.1030229696812075e-06,5.597101217687513e-16
0.9999920313041163,5.62414308250779e-10,0.9999953791932328,5.624143096895939e-10,5.624143087224729e-10,0.9999952664321702,0.9999953791932347,0.9999953791932339,5.696441065692534e-10,5.624143088959334e-10,0.9999953791932309,5.624143093795517e-10,5.696441069174493e-10,0.9999975245737683,5.624143096563024e-10
0.9999920313041152,5.62414308250779e-10,0.999995379193234,5.624143099453872e-10,5.624143087224729e-10,0.9999953791932347,0.9999952664321692,0.9999953791932354,5.696441063057894e-10,5.624143095925133e-10,0.9999953791932339,5.624143093795517e-10,5.696441063070179e-10,0.9999975245737703,5.624143098636601e-10
0.999992031304116,5.624143082507791e-10,0.9999953791932339,5.624143099081946e-10,5.624143087224729e-10,0.9999953791932339,0.9999953791932354,0.9999952664321713,5.696441062231426e-10,5.624143090791063e-10,0.9999953791932324,5.62414309264885e-10,5.696441063275113e-10,0.9999975245737681,5.624143096563024e-10
2.591097280352988e-06,5.680034261523953e-16,5.696441065692534e-10,5.689461055779918e-16,5.689461055779918e-16,5.696441065692534e-10,5.696441063057894e-10,5.696441062231426e-10,-1.1275800579269125e-07,1.1156918435653046e-12,5.696441065692534e-10,1.115691843273446e-12,1.13416886725699e-12,1.1172022603289057e-06,1.1156918440566202e-12
2.576918091683208e-06,5.597101217687513e-16,5.624143088959334e-10,5.5971012176875045e-16,5.597102342892062e-16,5.624143088959334e-10,5.624143095925133e-10,5.624143090791063e-10,1.1156918435653046e-12,-1.1275804075052651e-07,5.624143095925086e-10,1.097366556313579e-12,5.680034261523953e-16,1.103022971016289e-06,1.0973665570920358e-12
0.9999920313041162,5.624143081909327e-10,0.9999953791932319,5.624143097849988e-10,5.624143087224729e-10,0.9999953791932309,0.9999953791932339,0.9999953791932324,5.696441065692534e-10,5.624143095925086e-10,0.9999952664321716,5.624143089039832e-10,5.696441063070179e-10,0.9999975245737661,5.624143097401607e-10
2.576918091683208e-06,5.599008701646248e-16,5.624143093795517e-10,5.599008701646248e-16,5.597102342892062e-16,5.624143093795517e-10,5.624143093795517e-10,5.62414309264885e-10,1.115691843273446e-12,1.097366556313579e-12,5.624143089039832e-10,-1.1275804075052651e-07,5.689461055779918e-16,1.1030229708763462e-06,1.0973665568003128e-12
2.5910972799652415e-06,1.11569184519549e-12,5.696441069174493e-10,1.1156918475348395e-12,1.1156918439606662e-12,5.696441069174493e-10,5.696441063070179e-10,5.696441063275113e-10,1.13416886725699e-12,5.680034261523953e-16,5.696441063070179e-10,5.689461055779918e-16,-1.1275800579269125e-07,1.1172022608891472e-06,5.680034261523953e-16
0.9999941766746391,1.1030229697542312e-06,0.9999975245737681,1.1030229721362204e-06,1.1030229696812075e-06,0.9999975245737683,0.9999975245737703,0.9999975245737681,1.1172022603289057e-06,1.103022971016289e-06,0.9999975245737661,1.1030229708763462e-06,1.1172022608891472e-06,0.999999557198504,1.1030229712737202e-06
2.576918091683134e-06,5.5971012176875045e-16,5.624143096563024e-10,5.597102342892062e-16,5.597101217687513e-16,5.624143096563024e-10,5.624143098636601e-10,5.624143096563024e-10,1.1156918440566202e-12,1.0973665570920358e-12,5.624143097401607e-10,1.0973665568003128e-12,5.680034261523953e-16,1.1030229712737202e-06,-1.1275804085812047e-07
