0.9999999991491255,-1.733088631521424e-06,1.000000092096156,-1.7953751818204917e-06,1.0000000967320486,-1.7255454151499834e-06,-1.7345510617219422e-06,-1.733088627696763e-06,-1.7920243719423023e-06,-1.795375180328388e-06,1.0000000920961598,-1.7298968421520491e-06,-1.7345510630194588e-06,-1.734551062327444e-06,-1.733088628000338e-06,1.0000000920961576,-1.7920243706633988e-06,1.0000000238280913,1.0000000920961583,-1.7330886279993082e-06,-1.723878394221561e-06,1.0000000574770416,-1.7356910828712621e-06,-1.7330886277020837e-06,1.0000000920961578,1.0000000574770418,1.0000000920961578,-1.7345510617705979e-06,-1.7298968421520466e-06,1.0000000920961576,-1.8547363144955588e-06,-1.7298968408398939e-06,-1.7345510607704385e-06,-1.7255454150359925e-06,1.0000000920961591,-1.734551061770598e-06,-1.7953751791162426e-06
-1.733088631521424e-06,-1.1940784370473986e-06,-1.3666306796845493e-10,4.480139681806961e-17,-1.3666306821840932e-10,3.567494678888945e-17,3.697923791226572e-17,7.290427382019864e-14,4.461618051326338e-17,4.470489910460168e-17,-1.36663068004063e-10,3.6097361792669013e-17,3.675363374432943e-17,3.7057940427963124e-17,7.290427390897336e-14,-1.3666306796516896e-10,4.443845154759791e-17,-2.7117400974558836e-07,-1.36663068004063e-10,7.29042738508655e-14,3.509021259758337e-17,-1.3666306440763203e-10,3.733371477118381e-17,7.29042738337214e-14,-1.3666306796516896e-10,-1.3666306443976712e-10,-1.3666306796516896e-10,3.6892692888345576e-17,3.6097361792669013e-17,-1.3666306794399696e-10,1.058997582688589e-13,3.614768911794854e-17,3.7057940427963124e-17,3.5562269575658595e-17,-1.366630679443519e-10,3.705794042796312e-17,4.470489910460168e-17
1.000000092096156,-1.3666306796845493e-10,0.9999989901291665,-1.6805345122769412e-10,1.0000001888431285,-1.3286152787584993e-10,-1.3740008630457695e-10,-1.3666306714550737e-10,-1.6636475258410988e-10,-1.680534523391059e-10,1.000000184207259,-1.350545073847463e-10,-1.3740008621988283e-10,-1.3740008617110006e-10,-1.3666306732208972e-10,1.0000001842072601,-1.6636475265536296e-10,1.0000001159394345,1.0000001842072592,-1.36663066979143e-10,-1.3202140346444474e-10,1.0000001495882698,-1.379746216747328e-10,-1.3666306672722454e-10,1.0000001842072601,1.0000001495882689,1.0000001842072608,-1.3740008678408085e-10,-1.350545077990974e-10,1.0000001842072597,-1.979695367699692e-10,-1.3505450724122126e-10,-1.374000858754408e-10,-1.328615284554451e-10,1.0000001842072601,-1.374000862495104e-10,-1.6805345192929767e-10
-1.7953751818204917e-06,4.480139681806961e-17,-1.6805345122769412e-10,-1.1940784007504048e-06,-1.6805345169273979e-10,4.3610201887902716e-17,4.5227735643721455e-17,4.479702519987289e-17,5.4620215216012135e-17,1.0961598319889098e-13,-1.6805345109409338e-10,4.421559046511732e-17,4.5333989224074125e-17,4.5382980281992016e-17,4.470489910460168e-17,-1.6805345133498686e-10,5.4461202062266354e-17,-3.334604523738835e-07,-1.6805345133498686e-10,4.470489910460168e-17,4.322119254091565e-17,-3.334604605404024e-07,4.590421629079523e-17,4.472826168386048e-17,-1.6805345109409338e-10,-3.3346046054040294e-07,-1.6805345109409338e-10,4.5382980282083326e-17,4.4487359854047264e-17,-1.6805345133498686e-10,1.2995981390009944e-13,4.445264526497027e-17,4.5382980282083326e-17,4.3610201887902716e-17,-1.6805345124647636e-10,4.5481199186900044e-17,1.0961598301324758e-13
1.0000000967320486,-1.3666306821840932e-10,1.0000001888431285,-1.6805345169273979e-10,0.999998999400907,-1.3286152810015275e-10,-1.3740008684343732e-10,-1.3666306737059965e-10,-1.663647529775813e-10,-1.6805345308440355e-10,1.0000001888431258,-1.350545077203923e-10,-1.3740008662019962e-10,-1.3740008650868438e-10,-1.3666306763057352e-10,1.0000001888431278,-1.6636475291418519e-10,1.0000001205753044,1.0000001888431274,-1.3666306729570646e-10,-1.3202140360369294e-10,1.000000154224137,-1.379746222682284e-10,-1.3666306710751018e-10,1.0000001888431282,1.000000154224138,1.0000001888431282,-1.3740008703446734e-10,-1.3505450809457195e-10,1.0000001888431267,-3.928215342381662e-07,-1.3505450750556885e-10,-1.3740008631654126e-10,-1.3286152862592752e-10,1.0000001888431274,-1.3740008673746137e-10,-1.6805345246253226e-10
-1.7255454151499834e-06,3.567494678888945e-17,-1.3286152787584993e-10,4.3610201887902716e-17,-1.3286152810015275e-10,-1.1940784379211195e-06,3.588377137482418e-17,3.531379190280001e-17,4.293242778771257e-17,4.3610201887902716e-17,-1.3286152787885653e-10,3.499926174676002e-17,3.602698360442237e-17,3.58833198419215e-17,3.558931158339323e-17,-1.3286152779396668e-10,4.293242778771257e-17,-2.636307970465887e-07,-1.3286152783129395e-10,3.560149153314272e-17,3.428426090215827e-17,-1.328615247031721e-10,7.133761336776252e-14,3.568791519639284e-17,-1.3286152779396668e-10,-1.3286152480257074e-10,-1.3286152779396668e-10,3.602081420220541e-17,3.535071393746209e-17,-1.3286152796380808e-10,1.0260082740700388e-13,3.5571288519637455e-17,3.586938140873952e-17,6.820297832903553e-14,-1.3286152796380808e-10,3.58833198419215e-17,4.364062743556821e-17
-1.7345510617219422e-06,3.697923791226572e-17,-1.3740008630457695e-10,4.5227735643721455e-17,-1.3740008684343732e-10,3.588377137482418e-17,-1.1940784360974645e-06,3.6685880040841376e-17,4.4907399455978555e-17,4.5382980281992016e-17,-1.3740008643699005e-10,3.668554060877796e-17,7.379163032322633e-14,7.379163020291059e-14,3.691496281617718e-17,-1.3740008643699005e-10,4.4951724153298685e-17,-2.7263643991511315e-07,-1.3740008630457521e-10,3.690501852245888e-17,3.569617516544787e-17,-1.3740008281814224e-10,3.73498543239986e-17,3.690501852245888e-17,-1.3740008654077532e-10,-1.3740008280107197e-10,-1.3740008643699005e-10,7.379163048825206e-14,3.6330876113936284e-17,-1.3740008646959775e-10,5.36569136270214e-17,3.6580700818453245e-17,7.379163018794187e-14,3.586938140873952e-17,-1.3740008654077532e-10,7.379163038384367e-14,4.5481199186900044e-17
-1.733088627696763e-06,7.290427382019864e-14,-1.3666306714550737e-10,4.479702519987289e-17,-1.3666306737059965e-10,3.531379190280001e-17,3.6685880040841376e-17,-1.1940784370473986e-06,4.4588960773572334e-17,4.479702519987289e-17,-1.3666306701781451e-10,3.6097361792669013e-17,3.6931966586999777e-17,3.690501852245888e-17,7.290427370773118e-14,-1.3666306708261706e-10,4.470552993612316e-17,-2.7117400774064983e-07,-1.3666306713769144e-10,7.290427364962331e-14,3.508768533724265e-17,-1.3666306345424638e-10,3.738113212843155e-17,7.290427363247916e-14,-1.3666306701354574e-10,-1.3666306351367672e-10,-1.3666306708261706e-10,3.705794042796312e-17,3.633939351131339e-17,-1.3666306701354574e-10,1.0589975794918974e-13,3.6097361792669013e-17,3.690501852245888e-17,3.567494678888945e-17,-1.3666306701354574e-10,3.690501852245888e-17,4.470489910460168e-17
-1.7920243719423023e-06,4.461618051326338e-17,-1.6636475258410988e-10,5.4620215216012135e-17,-1.663647529775813e-10,4.293242778771257e-17,4.4907399455978555e-17,4.4588960773572334e-17,-1.1940784030519587e-06,5.470672927811388e-17,-1.663647525964866e-10,4.3749256971958204e-17,4.4951724153298685e-17,4.4951724153298685e-17,4.443845154759791e-17,-1.6636475265870032e-10,1.0697136614588655e-13,-3.3010964914542617e-07,-1.6636475275986952e-10,4.461618051326338e-17,4.315774978014224e-17,-3.301096569046913e-07,4.518389899337237e-17,4.470552993612316e-17,-1.663647527283559e-10,-3.301096569046915e-07,-1.663647526876899e-10,4.4851799231953726e-17,4.406118234178505e-17,-1.663647526876899e-10,6.468485185389273e-17,4.3749256971958204e-17,4.4951724153298685e-17,4.318845839401768e-17,-1.663647525964866e-10,4.4918214250075327e-17,5.4620215216012135e-17
-1.795375180328388e-06,4.470489910460168e-17,-1.680534523391059e-10,1.0961598319889098e-13,-1.6805345308440355e-10,4.3610201887902716e-17,4.5382980281992016e-17,4.479702519987289e-17,5.470672927811388e-17,-1.1940784007504048e-06,-1.6805345219961154e-10,4.4487359854047264e-17,4.5382980282083326e-17,4.5382980282083326e-17,4.470489910460168e-17,-1.6805345213441802e-10,5.4620215216012135e-17,-3.334604543314795e-07,-1.6805345230512894e-10,4.470489910460168e-17,4.322119254091565e-17,-3.334604624979982e-07,4.590421629079523e-17,4.470489910460168e-17,-1.6805345229074549e-10,-3.3346046249799873e-07,-1.6805345219961154e-10,4.5382980282083326e-17,4.4487359854047264e-17,-1.6805345219961154e-10,1.299598145250686e-13,4.4487359854047264e-17,4.5333989224074125e-17,4.3610201887902716e-17,-1.6805345225136176e-10,4.5382980282083326e-17,1.0961598349589517e-13
1.0000000920961598,-1.36663068004063e-10,1.000000184207259,-1.6805345109409338e-10,1.0000001888431258,-1.3286152787885653e-10,-1.3740008643699005e-10,-1.3666306701781451e-10,-1.663647525964866e-10,-1.6805345219961154e-10,0.9999989901291663,-1.35054507356702e-10,-1.3740008627089167e-10,-1.3740008618798243e-10,-1.3666306732425756e-10,1.0000001842072581,-1.6636475266235574e-10,1.0000001159394323,1.0000001842072574,-1.3666306699509812e-10,-1.320214034454248e-10,1.000000149588267,-1.3797462183470614e-10,-1.3666306668927892e-10,1.0000001842072581,1.0000001495882678,1.0000001842072586,-1.374000866405702e-10,-1.3505450766993403e-10,1.0000001842072581,-1.9796953673643213e-10,-1.3505450724122126e-10,-1.374000858357153e-10,-1.3286152841884882e-10,1.0000001842072581,-1.374000862495104e-10,-1.6805345185050342e-10
-1.7298968421520491e-06,3.6097361792669013e-17,-1.350545073847463e-10,4.421559046511732e-17,-1.350545077203923e-10,3.499926174676002e-17,3.668554060877796e-17,3.6097361792669013e-17,4.3749256971958204e-17,4.4487359854047264e-17,-1.35054507356702e-10,-1.194078437936445e-06,3.6722583238333833e-17,3.6246513709705425e-17,3.614768911794854e-17,-1.350545073847463e-10,4.3749256971958204e-17,-2.679822205651453e-07,-1.350545073847463e-10,3.6097361792669013e-17,3.502811011831206e-17,-1.3505450396973225e-10,7.266515430549403e-14,3.6229454225562885e-17,-1.350545072970602e-10,-1.350545039812753e-10,-1.3505450733141422e-10,3.668554060877796e-17,7.086980453409745e-14,-1.350545072970602e-10,5.261758943227336e-17,7.086980440614509e-14,3.6246513709705425e-17,3.535071393746209e-17,-1.3505450739362063e-10,3.6580700818453245e-17,4.421559046511732e-17
-1.7345510630194588e-06,3.675363374432943e-17,-1.3740008621988283e-10,4.5333989224074125e-17,-1.3740008662019962e-10,3.602698360442237e-17,7.379163032322633e-14,3.6931966586999777e-17,4.4951724153298685e-17,4.5382980282083326e-17,-1.3740008627089167e-10,3.6722583238333833e-17,-1.1940784360974645e-06,7.379163018719254e-14,3.7057940427962846e-17,-1.3740008624330623e-10,4.4907399455978555e-17,-2.726364395803145e-07,-1.3740008621988283e-10,3.7057940427962846e-17,3.569122322872052e-17,-1.3740008271774541e-10,3.740808913215158e-17,3.6892692888345576e-17,-1.374000862660063e-10,-1.3740008262764448e-10,-1.3740008621988283e-10,7.379163047253397e-14,3.649889819269348e-17,-1.3740008612233145e-10,5.362749966397022e-17,3.668554060877796e-17,7.37916301722237e-14,3.58833198419215e-17,-1.3740008621988283e-10,7.379163036812552e-14,4.5382980281992016e-17
-1.734551062327444e-06,3.7057940427963124e-17,-1.3740008617110006e-10,4.5382980281992016e-17,-1.3740008650868438e-10,3.58833198419215e-17,7.379163020291059e-14,3.690501852245888e-17,4.4951724153298685e-17,4.5382980282083326e-17,-1.3740008618798243e-10,3.6246513709705425e-17,7.379163018719254e-14,-1.1940784360974645e-06,3.6939190360109605e-17,-1.3740008601839303e-10,4.486093498694472e-17,-2.7263643933770207e-07,-1.3740008617110006e-10,3.7057940427963124e-17,3.559565730837261e-17,-1.3740008245717264e-10,3.7451819326361526e-17,3.7057940427962846e-17,-1.3740008610658865e-10,-1.3740008255936478e-10,-1.3740008607188295e-10,7.379163035221824e-14,3.6330876113936284e-17,-1.3740008605401435e-10,5.3672288371968246e-17,3.632915589449448e-17,7.379163005190806e-14,3.588377137482418e-17,-1.3740008618798243e-10,7.379163024780981e-14,4.5333989224074125e-17
-1.733088628000338e-06,7.290427390897336e-14,-1.3666306732208972e-10,4.470489910460168e-17,-1.3666306763057352e-10,3.558931158339323e-17,3.691496281617718e-17,7.290427370773118e-14,4.443845154759791e-17,4.470489910460168e-17,-1.3666306732425756e-10,3.614768911794854e-17,3.7057940427962846e-17,3.6939190360109605e-17,-1.1940784370473986e-06,-1.3666306729709493e-10,4.461618051326338e-17,-2.711740083401649e-07,-1.3666306737525526e-10,7.290427373839811e-14,3.507957357758845e-17,-1.3666306374922844e-10,3.738113212843155e-17,7.290427372125388e-14,-1.3666306732425756e-10,-1.3666306374922844e-10,-1.3666306737525526e-10,3.705794042796312e-17,3.6097361792669013e-17,-1.36663067277977e-10,1.0589975808901372e-13,3.622945422556185e-17,3.6892692888345576e-17,3.561225921663045e-17,-1.366630673192606e-10,3.7057940427963124e-17,4.493969625788874e-17
1.0000000920961576,-1.3666306796516896e-10,1.0000001842072601,-1.6805345133498686e-10,1.0000001888431278,-1.3286152779396668e-10,-1.3740008643699005e-10,-1.3666306708261706e-10,-1.6636475265870032e-10,-1.6805345213441802e-10,1.0000001842072581,-1.350545073847463e-10,-1.3740008624330623e-10,-1.3740008601839303e-10,-1.3666306729709493e-10,0.999998990129167,-1.6636475265536296e-10,1.000000115939434,1.000000184207261,-1.366630670439672e-10,-1.320214034454248e-10,1.0000001495882695,-1.3797462167175448e-10,-1.366630667961526e-10,1.0000001842072603,1.0000001495882704,1.0000001842072603,-1.37400086738453e-10,-1.350545077990974e-10,1.0000001842072597,-1.9796953670703313e-10,-1.35054507132052e-10,-1.374000858754408e-10,-1.328615284053184e-10,1.0000001842072592,-1.374000862495104e-10,-1.6805345181100444e-10
-1.7920243706633988e-06,4.443845154759791e-17,-1.6636475265536296e-10,5.4461202062266354e-17,-1.6636475291418519e-10,4.293242778771257e-17,4.4951724153298685e-17,4.470552993612316e-17,1.0697136614588655e-13,5.4620215216012135e-17,-1.6636475266235574e-10,4.3749256971958204e-17,4.4907399455978555e-17,4.486093498694472e-17,4.461618051326338e-17,-1.6636475265536296e-10,-1.1940784030519587e-06,-3.301096489579832e-07,-1.6636475266235574e-10,4.469007044299765e-17,4.315774978014224e-17,-3.30109656717248e-07,4.4881603543135775e-17,4.443845154759791e-17,-1.6636475264285625e-10,-3.301096567172486e-07,-1.6636475265536296e-10,4.498383540529285e-17,4.406118234178505e-17,-1.6636475266235574e-10,6.479420124991121e-17,4.406118234178505e-17,4.4907399455978555e-17,4.28611943288897e-17,-1.663647526638829e-10,4.4851799231953726e-17,5.4461202062266354e-17
1.0000000238280913,-2.7117400974558836e-07,1.0000001159394345,-3.334604523738835e-07,1.0000001205753044,-2.636307970465887e-07,-2.7263643991511315e-07,-2.7117400774064983e-07,-3.3010964914542617e-07,-3.334604543314795e-07,1.0000001159394323,-2.679822205651453e-07,-2.726364395803145e-07,-2.7263643933770207e-07,-2.711740083401649e-07,1.000000115939434,-3.301096489579832e-07,0.999998853593478,1.000000115939434,-2.7117400782573906e-07,-2.6196377912298346e-07,1.0000000813204344,-2.7377646276604726e-07,-2.7117400725994365e-07,1.000000115939434,1.0000000813204357,1.0000001159394343,-2.7263644040677914e-07,-2.67982221465101e-07,1.0000001159394336,-3.928215112214268e-07,-2.679822203215262e-07,-2.7263643892052585e-07,-2.6363079815648867e-07,1.0000001159394338,-2.72636439428212e-07,-3.3346045367028637e-07
1.0000000920961583,-1.36663068004063e-10,1.0000001842072592,-1.6805345133498686e-10,1.0000001888431274,-1.3286152783129395e-10,-1.3740008630457521e-10,-1.3666306713769144e-10,-1.6636475275986952e-10,-1.6805345230512894e-10,1.0000001842072574,-1.350545073847463e-10,-1.3740008621988283e-10,-1.3740008617110006e-10,-1.3666306737525526e-10,1.000000184207261,-1.6636475266235574e-10,1.000000115939434,0.9999989901291708,-1.366630669868233e-10,-1.320214034454248e-10,1.000000149588269,-1.3797462189999328e-10,-1.3666306670573997e-10,1.0000001842072601,1.0000001495882704,1.0000001842072597,-1.37400086738453e-10,-1.3505450788444985e-10,1.0000001842072597,-1.9796953670703325e-10,-1.350545070942918e-10,-1.374000858754408e-10,-1.3286152858289316e-10,1.0000001842072594,-1.3740008625302847e-10,-1.6805345185050342e-10
-1.7330886279993082e-06,7.29042738508655e-14,-1.36663066979143e-10,4.470489910460168e-17,-1.3666306729570646e-10,3.560149153314272e-17,3.690501852245888e-17,7.290427364962331e-14,4.461618051326338e-17,4.470489910460168e-17,-1.3666306699509812e-10,3.6097361792669013e-17,3.7057940427962846e-17,3.7057940427963124e-17,7.290427373839811e-14,-1.366630670439672e-10,4.469007044299765e-17,-2.7117400782573906e-07,-1.366630669868233e-10,-1.1940784370473986e-06,3.520727251295931e-17,-1.3666306345270598e-10,3.7313065412721683e-17,7.290427366314609e-14,-1.3666306706342249e-10,-1.36663063450057e-10,-1.3666306710713102e-10,3.7057940427962846e-17,3.61497797152972e-17,-1.366630669699699e-10,1.0589975799478399e-13,3.6149779715299085e-17,3.690501852245888e-17,3.569058235771218e-17,-1.3666306698519682e-10,3.6892692888345576e-17,4.470489910460168e-17
-1.723878394221561e-06,3.509021259758337e-17,-1.3202140346444474e-10,4.322119254091565e-17,-1.3202140360369294e-10,3.428426090215827e-17,3.569617516544787e-17,3.508768533724265e-17,4.315774978014224e-17,4.322119254091565e-17,-1.320214034454248e-10,3.502811011831206e-17,3.569122322872052e-17,3.559565730837261e-17,3.507957357758845e-17,-1.320214034454248e-10,4.315774978014224e-17,-2.6196377912298346e-07,-1.320214034454248e-10,3.520727251295931e-17,-1.1940784431938752e-06,-1.3202140057783563e-10,7.079020560295372e-14,3.520727251295931e-17,-1.3202140348296686e-10,-1.3202140054294443e-10,-1.320214036453844e-10,3.559611605731893e-17,3.4694202630110925e-17,-1.3202140348296686e-10,5.159118022946316e-17,3.523645068056914e-17,3.549663522017113e-17,3.428426090215827e-17,-1.320214034454248e-10,3.558923848157825e-17,4.322119254091565e-17
1.0000000574770416,-1.3666306440763203e-10,1.0000001495882698,-3.334604605404024e-07,1.000000154224137,-1.328615247031721e-10,-1.3740008281814224e-10,-1.3666306345424638e-10,-3.301096569046913e-07,-3.334604624979982e-07,1.000000149588267,-1.3505450396973225e-10,-1.3740008271774541e-10,-1.3740008245717264e-10,-1.3666306374922844e-10,1.0000001495882695,-3.30109656717248e-07,1.0000000813204344,1.000000149588269,-1.3666306345270598e-10,-1.3202140057783563e-10,0.9999989208911664,-1.3797461812755498e-10,-1.366630631863261e-10,1.000000149588269,1.0000001149692734,1.0000001495882704,-1.374000830633307e-10,-1.3505450448301504e-10,1.0000001495882684,-3.9282152208552757e-07,-1.350545038556318e-10,-1.3740008232519005e-10,-1.3286152531336943e-10,1.000000149588269,-1.3740008243291096e-10,-3.3346046183680534e-07
-1.7356910828712621e-06,3.733371477118381e-17,-1.379746216747328e-10,4.590421629079523e-17,-1.379746222682284e-10,7.133761336776252e-14,3.73498543239986e-17,3.738113212843155e-17,4.518389899337237e-17,4.590421629079523e-17,-1.3797462183470614e-10,7.266515430549403e-14,3.740808913215158e-17,3.7451819326361526e-17,3.738113212843155e-17,-1.3797462167175448e-10,4.4881603543135775e-17,-2.7377646276604726e-07,-1.3797462189999328e-10,3.7313065412721683e-17,7.079020560295372e-14,-1.3797461812755498e-10,-1.1940784358276782e-06,3.7248809307090724e-17,-1.3797462168899827e-10,-1.3797461811408124e-10,-1.3797462167175448e-10,3.73498543239986e-17,7.266515442122428e-14,-1.3797462177498824e-10,1.0699812171588754e-13,7.266515427037178e-14,3.7334905098359275e-17,7.133761362984685e-14,-1.379746218272974e-10,3.737494525188761e-17,4.56774704152088e-17
-1.7330886277020837e-06,7.29042738337214e-14,-1.3666306672722454e-10,4.472826168386048e-17,-1.3666306710751018e-10,3.568791519639284e-17,3.690501852245888e-17,7.290427363247916e-14,4.470552993612316e-17,4.470489910460168e-17,-1.3666306668927892e-10,3.6229454225562885e-17,3.6892692888345576e-17,3.7057940427962846e-17,7.290427372125388e-14,-1.366630667961526e-10,4.443845154759791e-17,-2.7117400725994365e-07,-1.3666306670573997e-10,7.290427366314609e-14,3.520727251295931e-17,-1.366630631863261e-10,3.7248809307090724e-17,-1.1940784370473986e-06,-1.3666306666880633e-10,-1.3666306315556327e-10,-1.3666306674334293e-10,3.697923791226572e-17,3.6229454225562885e-17,-1.3666306671985633e-10,1.0589975796039874e-13,3.614768911794854e-17,3.7013213246190276e-17,3.5562269575658595e-17,-1.366630667961526e-10,3.705794042796312e-17,4.480139681806961e-17
1.0000000920961578,-1.3666306796516896e-10,1.0000001842072601,-1.6805345109409338e-10,1.0000001888431282,-1.3286152779396668e-10,-1.3740008654077532e-10,-1.3666306701354574e-10,-1.663647527283559e-10,-1.6805345229074549e-10,1.0000001842072581,-1.350545072970602e-10,-1.374000862660063e-10,-1.3740008610658865e-10,-1.3666306732425756e-10,1.0000001842072603,-1.6636475264285625e-10,1.000000115939434,1.0000001842072601,-1.3666306706342249e-10,-1.3202140348296686e-10,1.000000149588269,-1.3797462168899827e-10,-1.3666306666880633e-10,0.9999989901291669,1.0000001495882689,1.0000001842072603,-1.37400086738453e-10,-1.3505450787745692e-10,1.0000001842072597,-1.9796953670703313e-10,-1.35054507132052e-10,-1.374000858357153e-10,-1.3286152843610257e-10,1.0000001842072603,-1.3740008610564787e-10,-1.6805345181100444e-10
1.0000000574770418,-1.3666306443976712e-10,1.0000001495882689,-3.3346046054040294e-07,1.000000154224138,-1.3286152480257074e-10,-1.3740008280107197e-10,-1.3666306351367672e-10,-3.301096569046915e-07,-3.3346046249799873e-07,1.0000001495882678,-1.350545039812753e-10,-1.3740008262764448e-10,-1.3740008255936478e-10,-1.3666306374922844e-10,1.0000001495882704,-3.301096567172486e-07,1.0000000813204357,1.0000001495882704,-1.36663063450057e-10,-1.3202140054294443e-10,1.0000001149692734,-1.3797461811408124e-10,-1.3666306315556327e-10,1.0000001495882689,0.9999989208911692,1.0000001495882707,-1.374000830424551e-10,-1.35054504452338e-10,1.0000001495882689,-3.92821522085528e-07,-1.3505450386367035e-10,-1.374000823799995e-10,-1.328615253090723e-10,1.0000001495882687,-1.3740008243291096e-10,-3.334604618368056e-07
1.0000000920961578,-1.3666306796516896e-10,1.0000001842072608,-1.6805345109409338e-10,1.0000001888431282,-1.3286152779396668e-10,-1.3740008643699005e-10,-1.3666306708261706e-10,-1.663647526876899e-10,-1.6805345219961154e-10,1.0000001842072586,-1.3505450733141422e-10,-1.3740008621988283e-10,-1.3740008607188295e-10,-1.3666306737525526e-10,1.0000001842072603,-1.6636475265536296e-10,1.0000001159394343,1.0000001842072597,-1.3666306710713102e-10,-1.320214036453844e-10,1.0000001495882704,-1.3797462167175448e-10,-1.3666306674334293e-10,1.0000001842072603,1.0000001495882707,0.9999989901291708,-1.3740008678408085e-10,-1.350545077990974e-10,1.0000001842072601,-1.9796953670703325e-10,-1.35054507132052e-10,-1.374000858140897e-10,-1.328615284686311e-10,1.0000001842072603,-1.374000860329453e-10,-1.6805345182380922e-10
-1.7345510617705979e-06,3.6892692888345576e-17,-1.3740008678408085e-10,4.5382980282083326e-17,-1.3740008703446734e-10,3.602081420220541e-17,7.379163048825206e-14,3.705794042796312e-17,4.4851799231953726e-17,4.5382980282083326e-17,-1.374000866405702e-10,3.668554060877796e-17,7.379163047253397e-14,7.379163035221824e-14,3.705794042796312e-17,-1.37400086738453e-10,4.498383540529285e-17,-2.7263644040677914e-07,-1.37400086738453e-10,3.7057940427962846e-17,3.559611605731893e-17,-1.374000830633307e-10,3.73498543239986e-17,3.697923791226572e-17,-1.37400086738453e-10,-1.374000830424551e-10,-1.3740008678408085e-10,-1.1940784360974645e-06,3.668554060877796e-17,-1.3740008662695035e-10,5.3669877362539295e-17,3.672258323807696e-17,7.379163033724949e-14,3.602081420220541e-17,-1.37400086738453e-10,7.379163053315123e-14,4.5333989224074125e-17
-1.7298968421520466e-06,3.6097361792669013e-17,-1.350545077990974e-10,4.4487359854047264e-17,-1.3505450809457195e-10,3.535071393746209e-17,3.6330876113936284e-17,3.633939351131339e-17,4.406118234178505e-17,4.4487359854047264e-17,-1.3505450766993403e-10,7.086980453409745e-14,3.649889819269348e-17,3.6330876113936284e-17,3.6097361792669013e-17,-1.350545077990974e-10,4.406118234178505e-17,-2.67982221465101e-07,-1.3505450788444985e-10,3.61497797152972e-17,3.4694202630110925e-17,-1.3505450448301504e-10,7.266515442122428e-14,3.6229454225562885e-17,-1.3505450787745692e-10,-1.35054504452338e-10,-1.350545077990974e-10,3.668554060877796e-17,-1.194078437936445e-06,-1.350545077990974e-10,5.2426644344201683e-17,7.086980450702453e-14,3.672258323807696e-17,3.555849560682665e-17,-1.350545077990974e-10,3.672258323807696e-17,4.4229888322303783e-17
1.0000000920961576,-1.3666306794399696e-10,1.0000001842072597,-1.6805345133498686e-10,1.0000001888431267,-1.3286152796380808e-10,-1.3740008646959775e-10,-1.3666306701354574e-10,-1.663647526876899e-10,-1.6805345219961154e-10,1.0000001842072581,-1.350545072970602e-10,-1.3740008612233145e-10,-1.3740008605401435e-10,-1.36663067277977e-10,1.0000001842072597,-1.6636475266235574e-10,1.0000001159394336,1.0000001842072597,-1.366630669699699e-10,-1.3202140348296686e-10,1.0000001495882684,-1.3797462177498824e-10,-1.3666306671985633e-10,1.0000001842072597,1.0000001495882689,1.0000001842072601,-1.3740008662695035e-10,-1.350545077990974e-10,0.9999989901291662,-1.9796953673309816e-10,-1.350545073151607e-10,-1.374000858754408e-10,-1.3286152843610257e-10,1.0000001842072592,-1.374000862495104e-10,-1.6805345182380922e-10
-1.8547363144955588e-06,1.058997582688589e-13,-1.979695367699692e-10,1.2995981390009944e-13,-3.928215342381662e-07,1.0260082740700388e-13,5.36569136270214e-17,1.0589975794918974e-13,6.468485185389273e-17,1.299598145250686e-13,-1.9796953673643213e-10,5.261758943227336e-17,5.362749966397022e-17,5.3672288371968246e-17,1.0589975808901372e-13,-1.9796953670703313e-10,6.479420124991121e-17,-3.928215112214268e-07,-1.9796953670703325e-10,1.0589975799478399e-13,5.159118022946316e-17,-3.9282152208552757e-07,1.0699812171588754e-13,1.0589975796039874e-13,-1.9796953670703313e-10,-3.92821522085528e-07,-1.9796953670703325e-10,5.3669877362539295e-17,5.2426644344201683e-17,-1.9796953673309816e-10,-1.1940783530095728e-06,5.250041126265666e-17,5.3622040966328046e-17,1.0260082779668774e-13,-1.9796953673643213e-10,5.371951523577747e-17,1.2995981428787277e-13
-1.7298968408398939e-06,3.614768911794854e-17,-1.3505450724122126e-10,4.445264526497027e-17,-1.3505450750556885e-10,3.5571288519637455e-17,3.6580700818453245e-17,3.6097361792669013e-17,4.3749256971958204e-17,4.4487359854047264e-17,-1.3505450724122126e-10,7.086980440614509e-14,3.668554060877796e-17,3.632915589449448e-17,3.622945422556185e-17,-1.35054507132052e-10,4.406118234178505e-17,-2.679822203215262e-07,-1.350545070942918e-10,3.6149779715299085e-17,3.523645068056914e-17,-1.350545038556318e-10,7.266515427037178e-14,3.614768911794854e-17,-1.35054507132052e-10,-1.3505450386367035e-10,-1.35054507132052e-10,3.672258323807696e-17,7.086980450702453e-14,-1.350545073151607e-10,5.250041126265666e-17,-1.194078437936445e-06,3.6246513709698104e-17,3.535071393746209e-17,-1.350545071104734e-10,3.6246513709705425e-17,4.4487359854047264e-17
-1.7345510607704385e-06,3.7057940427963124e-17,-1.374000858754408e-10,4.5382980282083326e-17,-1.3740008631654126e-10,3.586938140873952e-17,7.379163018794187e-14,3.690501852245888e-17,4.4951724153298685e-17,4.5333989224074125e-17,-1.374000858357153e-10,3.6246513709705425e-17,7.37916301722237e-14,7.379163005190806e-14,3.6892692888345576e-17,-1.374000858754408e-10,4.4907399455978555e-17,-2.7263643892052585e-07,-1.374000858754408e-10,3.690501852245888e-17,3.549663522017113e-17,-1.3740008232519005e-10,3.7334905098359275e-17,3.7013213246190276e-17,-1.374000858357153e-10,-1.374000823799995e-10,-1.374000858140897e-10,7.379163033724949e-14,3.672258323807696e-17,-1.374000858754408e-10,5.3622040966328046e-17,3.6246513709698104e-17,-1.1940784360974645e-06,3.588484862563945e-17,-1.374000858754408e-10,7.379163023284101e-14,4.5382980282083326e-17
-1.7255454150359925e-06,3.5562269575658595e-17,-1.328615284554451e-10,4.3610201887902716e-17,-1.3286152862592752e-10,6.820297832903553e-14,3.586938140873952e-17,3.567494678888945e-17,4.318845839401768e-17,4.3610201887902716e-17,-1.3286152841884882e-10,3.535071393746209e-17,3.58833198419215e-17,3.588377137482418e-17,3.561225921663045e-17,-1.328615284053184e-10,4.28611943288897e-17,-2.6363079815648867e-07,-1.3286152858289316e-10,3.569058235771218e-17,3.428426090215827e-17,-1.3286152531336943e-10,7.133761362984685e-14,3.5562269575658595e-17,-1.3286152843610257e-10,-1.328615253090723e-10,-1.328615284686311e-10,3.602081420220541e-17,3.555849560682665e-17,-1.3286152843610257e-10,1.0260082779668774e-13,3.535071393746209e-17,3.588484862563945e-17,-1.1940784379211195e-06,-1.3286152843610257e-10,3.602081420220541e-17,4.3610201887902716e-17
1.0000000920961591,-1.366630679443519e-10,1.0000001842072601,-1.6805345124647636e-10,1.0000001888431274,-1.3286152796380808e-10,-1.3740008654077532e-10,-1.3666306701354574e-10,-1.663647525964866e-10,-1.6805345225136176e-10,1.0000001842072581,-1.3505450739362063e-10,-1.3740008621988283e-10,-1.3740008618798243e-10,-1.366630673192606e-10,1.0000001842072592,-1.663647526638829e-10,1.0000001159394338,1.0000001842072594,-1.3666306698519682e-10,-1.320214034454248e-10,1.000000149588269,-1.379746218272974e-10,-1.366630667961526e-10,1.0000001842072603,1.0000001495882687,1.0000001842072603,-1.37400086738453e-10,-1.350545077990974e-10,1.0000001842072592,-1.9796953673643213e-10,-1.350545071104734e-10,-1.374000858754408e-10,-1.3286152843610257e-10,0.9999989901291669,-1.3740008618154396e-10,-1.6805345185050342e-10
-1.734551061770598e-06,3.705794042796312e-17,-1.374000862495104e-10,4.5481199186900044e-17,-1.3740008673746137e-10,3.58833198419215e-17,7.379163038384367e-14,3.690501852245888e-17,4.4918214250075327e-17,4.5382980282083326e-17,-1.374000862495104e-10,3.6580700818453245e-17,7.379163036812552e-14,7.379163024780981e-14,3.7057940427963124e-17,-1.374000862495104e-10,4.4851799231953726e-17,-2.72636439428212e-07,-1.3740008625302847e-10,3.6892692888345576e-17,3.558923848157825e-17,-1.3740008243291096e-10,3.737494525188761e-17,3.705794042796312e-17,-1.3740008610564787e-10,-1.3740008243291096e-10,-1.374000860329453e-10,7.379163053315123e-14,3.672258323807696e-17,-1.374000862495104e-10,5.371951523577747e-17,3.6246513709705425e-17,7.379163023284101e-14,3.602081420220541e-17,-1.3740008618154396e-10,-1.194078436152916e-06,4.5382980282083326e-17
-1.7953751791162426e-06,4.470489910460168e-17,-1.6805345192929767e-10,1.0961598301324758e-13,-1.6805345246253226e-10,4.364062743556821e-17,4.5481199186900044e-17,4.470489910460168e-17,5.4620215216012135e-17,1.0961598349589517e-13,-1.6805345185050342e-10,4.421559046511732e-17,4.5382980281992016e-17,4.5333989224074125e-17,4.493969625788874e-17,-1.6805345181100444e-10,5.4461202062266354e-17,-3.3346045367028637e-07,-1.6805345185050342e-10,4.470489910460168e-17,4.322119254091565e-17,-3.3346046183680534e-07,4.56774704152088e-17,4.480139681806961e-17,-1.6805345181100444e-10,-3.334604618368056e-07,-1.6805345182380922e-10,4.5333989224074125e-17,4.4229888322303783e-17,-1.6805345182380922e-10,1.2995981428787277e-13,4.4487359854047264e-17,4.5382980282083326e-17,4.3610201887902716e-17,-1.6805345185050342e-10,4.5382980282083326e-17,-1.1940783994774285e-06
