1.0000000069152795,1.4376878974118508e-06,1.0000171789891532,1.0000171039504042,1.0000172168205155,1.000017221091573,1.325548378221595e-06,1.000017103950403,1.3445572764836101e-06,1.3445572733601666e-06,1.0000167413646672,1.000017103950401,1.000017178989154,1.3445572764834456e-06,1.0000170879876804,1.0000168703653591,1.000017103950401,1.000017221091573,1.0000171789891554,1.3445572766756621e-06,1.0000170879876795,1.325548378961776e-06,1.0000170879876842,1.3366480205815984e-06,1.34455727648681e-06,1.0000167413646663,1.0000172168205137,1.3445572736971087e-06,1.000017178989155,1.325548378925824e-06,1.0000170879876786,1.0000171039504016,1.0000171789891563,1.4109651168065636e-06,1.000017178989156,1.0000167413646668,1.3445572764520029e-06
1.4376878974118508e-06,-2.5783194107240694e-06,1.0019985719101382e-10,1.9882180953538247e-07,1.0019986167298914e-10,1.0019986213780229e-10,9.54723606723687e-19,1.988218095353828e-07,1.142164117354322e-18,1.1469292770626308e-18,1.988217270289154e-07,1.988218095353831e-07,1.0019985728298542e-10,1.119605629307638e-18,1.9882180589596296e-07,1.9882175638076052e-07,1.988218095353831e-07,1.0019986211997294e-10,1.0019985728298542e-10,1.101818409302061e-18,1.988218058959624e-07,3.9695514939204246e-19,1.9882180589596274e-07,1.1297830508082288e-18,1.1589623645512344e-18,1.9882172702891593e-07,1.0019986157098108e-10,1.2315880184260712e-18,1.0019985730502787e-10,7.129479627966249e-19,1.9882180589596256e-07,1.9882180953538335e-07,1.001998573760575e-10,1.3849081963165616e-18,1.0019985730502783e-10,1.9882172702891582e-07,1.2330965618306346e-18
1.0000171789891532,1.0019985719101382e-10,1.000019496671995,1.0000219999521562,1.0000221128229576,1.0000221170940402,4.368475734115406e-11,1.0000219999521558,5.32646938138403e-11,5.326469355442785e-11,1.0000216373642112,1.000021999952157,1.0000220749913662,5.3264693796865865e-11,1.0000219839893387,1.0000217663656905,1.000021999952157,1.0000221170940402,1.0000220749913653,5.326469393035667e-11,1.0000219839893376,4.3684757345254406e-11,1.000021983989338,4.927865806048517e-11,5.326469391490712e-11,1.0000216373642128,1.0000221128229578,5.326469333815155e-11,1.0000220749913664,4.368475731301912e-11,1.000021983989337,1.0000219999521547,1.000022074991366,8.673234058501919e-11,1.000022074991366,1.000021637364211,5.3264693785544774e-11
1.0000171039504042,1.9882180953538247e-07,1.0000219999521562,1.0000193465935878,1.000022037783748,1.0000220420548283,4.368475357431492e-11,1.0000219249129536,5.3264689399621085e-11,5.3264689036998914e-11,1.0000215623250366,1.0000219249129545,1.0000219999521576,5.326468932909423e-11,1.0000219089501372,1.000021691326506,1.000021924912955,1.0000220420548296,1.000021999952157,5.32646893635763e-11,1.0000219089501365,4.368475366557047e-11,1.000021908950137,4.927865386560749e-11,5.3264689517462734e-11,1.000021562325037,1.0000220377837483,5.326468895645631e-11,1.000021999952157,4.3684753442469445e-11,1.0000219089501374,1.0000219249129527,1.000021999952158,1.720988556911188e-07,1.0000219999521571,1.000021562325037,5.326468914664039e-11
1.0000172168205155,1.0019986167298914e-10,1.0000221128229576,1.000022037783748,1.0000195723351877,1.0000221549256343,4.368475923628494e-11,1.000022037783748,5.326469623822677e-11,5.326469573224113e-11,1.0000216751957893,1.0000220377837492,1.0000221128229598,5.32646960602045e-11,1.00002202182093,1.000021804197274,1.000022037783749,1.0000221549256354,1.000022112822959,5.3264696340681207e-11,1.0000220218209281,4.3684759292001276e-11,1.000022021820929,4.927866026149568e-11,5.326469622376732e-11,1.0000216751957896,1.000022150654554,5.326469571475721e-11,1.0000221128229587,4.368475912928219e-11,1.000022021820929,1.0000220377837474,1.0000221128229596,1.7209887769682268e-07,1.0000221128229596,1.0000216751957887,5.3264695968992064e-11
1.000017221091573,1.0019986213780229e-10,1.0000221170940402,1.0000220420548283,1.0000221549256343,1.000019580877349,4.368475938026478e-11,1.0000220420548291,5.326469637174589e-11,5.326469591871177e-11,1.000021679466869,1.0000220420548291,1.0000221170940427,5.3264696279328936e-11,1.00002202609201,1.000021808468353,1.0000220420548291,1.000022159196718,1.0000221170940409,5.32646963736202e-11,1.00002202609201,4.368475947434051e-11,1.0000220260920112,9.778130910134199e-08,5.326469641125696e-11,1.0000216794668693,1.000022154925636,5.326469584321815e-11,1.0000221170940407,4.3684759446368894e-11,1.00002202609201,1.000022042054828,1.0000221170940424,8.673234473597162e-11,1.000022117094042,1.000021679466869,5.326469619984109e-11
1.325548378221595e-06,9.54723606723687e-19,4.368475734115406e-11,4.368475357431492e-11,4.368475923628494e-11,4.368475938026478e-11,-2.5783194091061374e-06,4.3684753628039674e-11,6.869315067052704e-19,6.427577104369226e-19,4.3684735605124964e-11,4.3684753615022164e-11,4.368475732924665e-11,6.389231445559116e-19,4.3684752841925935e-11,8.668156216071571e-08,4.3684753587352404e-11,4.368475938026478e-11,4.368475728934686e-11,6.869315067052704e-19,4.3684752841925935e-11,6.968682100956061e-16,4.368475283089452e-11,9.821883906032551e-16,6.39633032500298e-19,4.368473552653172e-11,4.368475918769794e-11,6.381598651638231e-19,4.368475736010134e-11,6.968680059678656e-16,4.36847527484093e-11,4.368475357431492e-11,4.368475726800763e-11,9.829698449151604e-19,4.368475732924665e-11,4.368473552653172e-11,5.877632932271553e-19
1.000017103950403,1.988218095353828e-07,1.0000219999521558,1.0000219249129536,1.000022037783748,1.0000220420548291,4.3684753628039674e-11,1.0000193465935856,5.326468941151264e-11,5.326468890512757e-11,1.0000215623250368,1.0000219249129534,1.000021999952157,5.326468914785103e-11,1.0000219089501368,1.0000216913265052,1.0000219249129534,1.0000220420548291,1.0000219999521571,5.3264689330899456e-11,1.0000219089501368,4.368475367911261e-11,1.0000219089501368,4.927865391389977e-11,5.326468936305712e-11,1.000021562325037,1.0000220377837485,5.326468895645631e-11,1.0000219999521571,4.368475351594449e-11,1.0000219089501363,1.0000219249129534,1.0000219999521573,1.7209885569111887e-07,1.0000219999521562,1.0000215623250361,5.3264689131211445e-11
1.3445572764836101e-06,1.142164117354322e-18,5.32646938138403e-11,5.3264689399621085e-11,5.326469623822677e-11,5.326469637174589e-11,6.869315067052704e-19,5.326468941151264e-11,-2.578319408991675e-06,2.1873978507611407e-15,1.0569055357709786e-07,5.326468934346719e-11,5.326469386837782e-11,2.187397678190007e-15,5.32646883958775e-11,1.0569056899816324e-07,5.326468929997107e-11,5.326469636235657e-11,5.326469395554245e-11,2.1873978053603288e-15,5.326468840455621e-11,6.50717485379092e-19,5.3264688370333494e-11,1.0808743029641029e-18,2.187397770149266e-15,1.0569055357709786e-07,5.326469623095106e-11,2.187397845253694e-15,5.3264693932060025e-11,6.389231445559116e-19,5.326468840455621e-11,5.3264689372429e-11,5.326469395554245e-11,3.3086688877963107e-15,5.326469395554245e-11,1.0569055357709786e-07,2.187397800740588e-15
1.3445572733601666e-06,1.1469292770626308e-18,5.326469355442785e-11,5.3264689036998914e-11,5.326469573224113e-11,5.326469591871177e-11,6.427577104369226e-19,5.326468890512757e-11,2.1873978507611407e-15,-2.578319408991675e-06,1.0569055271973964e-07,5.3264689004943035e-11,5.3264693458236437e-11,2.1873977797259422e-15,5.32646879298482e-11,1.0569056814080502e-07,5.3264689024466185e-11,5.326469591623062e-11,5.326469349152474e-11,2.18739790689634e-15,5.3264687946246887e-11,6.389231445559116e-19,5.326468795224755e-11,9.286051922172727e-19,2.187397871685223e-15,1.0569055271973956e-07,5.3264695730670854e-11,2.1873979467897297e-15,5.32646934095577e-11,6.381598651638231e-19,5.326468796176196e-11,5.326468903699965e-11,5.32646934095577e-11,3.3086690584244483e-15,5.326469353428545e-11,1.0569055271973974e-07,2.1873979022764463e-15
1.0000167413646672,1.988217270289154e-07,1.0000216373642112,1.0000215623250366,1.0000216751957893,1.000021679466869,4.3684735605124964e-11,1.0000215623250368,1.0569055357709786e-07,1.0569055271973964e-07,1.000018621417874,1.0000215623250364,1.0000216373642135,1.0569055338998594e-07,1.0000215463622264,1.0000213287386706,1.0000215623250364,1.0000216794668697,1.0000216373642128,1.0569055358564701e-07,1.0000215463622248,4.368473552277518e-11,1.000021546362226,4.9278633420839183e-11,1.0569055362936972e-07,1.0000211997372481,1.0000216751957896,1.0569055247481347e-07,1.0000216373642126,4.368473549601421e-11,1.000021546362225,1.0000215623250361,1.0000216373642135,1.7209878496755575e-07,1.0000216373642135,1.0000211997372475,1.0569055330367641e-07
1.000017103950401,1.988218095353831e-07,1.000021999952157,1.0000219249129545,1.0000220377837492,1.0000220420548291,4.3684753615022164e-11,1.0000219249129534,5.326468934346719e-11,5.3264689004943035e-11,1.0000215623250364,1.0000193465935923,1.000021999952158,5.326468914785103e-11,1.0000219089501383,1.000021691326507,1.0000219249129554,1.00002204205483,1.0000219999521576,5.3264689346306826e-11,1.0000219089501374,4.368475358800286e-11,1.000021908950138,4.927865392718268e-11,5.326468938862856e-11,1.000021562325037,1.0000220377837497,5.3264688717738915e-11,1.0000219999521582,4.368475358109735e-11,1.0000219089501374,1.0000219249129534,1.0000219999521582,1.7209885569111884e-07,1.0000219999521582,1.000021562325037,5.3264689274028126e-11
1.000017178989154,1.0019985728298542e-10,1.0000220749913662,1.0000219999521576,1.0000221128229598,1.0000221170940427,4.368475732924665e-11,1.000021999952157,5.326469386837782e-11,5.3264693458236437e-11,1.0000216373642135,1.000021999952158,1.0000194966719997,5.326469378816195e-11,1.0000219839893398,1.000021766365693,1.000021999952158,1.0000221170940413,1.0000220749913675,5.326469395380141e-11,1.0000219839893392,4.368475736805689e-11,1.0000219839893414,4.9278658032062584e-11,5.326469383562317e-11,1.000021637364214,1.0000221128229607,5.326469339165174e-11,1.000022074991367,4.3684757263653523e-11,1.0000219839893392,1.000021999952158,1.0000220749913675,8.673234055568356e-11,1.0000220749913666,1.0000216373642132,5.326469375945556e-11
1.3445572764834456e-06,1.119605629307638e-18,5.3264693796865865e-11,5.326468932909423e-11,5.32646960602045e-11,5.3264696279328936e-11,6.389231445559116e-19,5.326468914785103e-11,2.187397678190007e-15,2.1873977797259422e-15,1.0569055338998594e-07,5.326468914785103e-11,5.326469378816195e-11,-2.578319408991675e-06,5.326468828944321e-11,1.0569056881105141e-07,5.326468925791349e-11,5.326469627070958e-11,5.3264693796865865e-11,2.1873977343250065e-15,5.3264688271922945e-11,6.45617901386029e-19,5.326468827739407e-11,9.231328371379445e-19,2.1873976991141317e-15,1.0569055338998613e-07,5.32646960446648e-11,2.187397774218491e-15,5.3264693796865865e-11,6.381598651638231e-19,5.326468823107992e-11,5.326468914785103e-11,5.32646937312832e-11,3.3086687714061438e-15,5.3264693768634785e-11,1.056905533899861e-07,2.187397729705336e-15
1.0000170879876804,1.9882180589596296e-07,1.0000219839893387,1.0000219089501372,1.00002202182093,1.00002202609201,4.3684752841925935e-11,1.0000219089501368,5.32646883958775e-11,5.32646879298482e-11,1.0000215463622264,1.0000219089501383,1.0000219839893398,5.326468828944321e-11,1.0000193146679521,1.0000216753636924,1.0000219089501383,1.000022026092011,1.0000219839893396,5.3264688396705285e-11,1.0000218929873206,4.36847528082672e-11,1.0000218929873212,4.927865295264701e-11,5.3264688414589253e-11,1.0000215463622266,1.0000220218209293,5.326468780798415e-11,1.0000219839893398,4.3684752668762395e-11,1.0000218929873206,1.0000219089501374,1.0000219839893396,8.673233154323898e-11,1.0000219839893398,1.0000215463622264,5.326468827894363e-11
1.0000168703653591,1.9882175638076052e-07,1.0000217663656905,1.000021691326506,1.000021804197274,1.000021808468353,8.668156216071571e-08,1.0000216913265052,1.0569056899816324e-07,1.0569056814080502e-07,1.0000213287386706,1.000021691326507,1.000021766365693,1.0569056881105141e-07,1.0000216753636924,1.000018879420738,1.0000216913265068,1.000021808468355,1.000021766365692,1.0569056900671246e-07,1.0000216753636917,8.668156222959869e-08,1.000021675363691,9.778127016652072e-08,1.0569056905043495e-07,1.0000213287386719,1.0000218041972737,1.056905678958786e-07,1.000021766365692,8.66815620588827e-08,1.0000216753636917,1.0000216913265052,1.0000217663656925,1.7209881012779915e-07,1.0000217663656925,1.00002132873867,1.056905687247417e-07
1.000017103950401,1.988218095353831e-07,1.000021999952157,1.000021924912955,1.000022037783749,1.0000220420548291,4.3684753587352404e-11,1.0000219249129534,5.326468929997107e-11,5.3264689024466185e-11,1.0000215623250364,1.0000219249129554,1.000021999952158,5.326468925791349e-11,1.0000219089501383,1.0000216913265068,1.0000193465935923,1.00002204205483,1.0000219999521578,5.3264689267290766e-11,1.0000219089501372,4.368475356918849e-11,1.0000219089501383,4.9278653906542474e-11,5.326468938862856e-11,1.000021562325037,1.000022037783748,5.3264688745935034e-11,1.0000219999521582,4.368475348608147e-11,1.0000219089501374,1.0000219249129536,1.0000219999521582,1.7209885569111884e-07,1.0000219999521582,1.000021562325037,5.326468926865431e-11
1.000017221091573,1.0019986211997294e-10,1.0000221170940402,1.0000220420548296,1.0000221549256354,1.000022159196718,4.368475938026478e-11,1.0000220420548291,5.326469636235657e-11,5.326469591623062e-11,1.0000216794668697,1.00002204205483,1.0000221170940413,5.326469627070958e-11,1.000022026092011,1.000021808468355,1.00002204205483,1.0000195808773547,1.0000221170940413,5.326469639035311e-11,1.0000220260920103,4.3684759516543976e-11,1.0000220260920105,9.778130910134217e-08,5.326469638177004e-11,1.0000216794668706,1.0000221549256367,5.326469580956785e-11,1.0000221170940422,4.3684759446368894e-11,1.0000220260920112,1.0000220420548291,1.000022117094042,8.673234469207952e-11,1.0000221170940415,1.0000216794668702,5.326469621769851e-11
1.0000171789891554,1.0019985728298542e-10,1.0000220749913653,1.000021999952157,1.000022112822959,1.0000221170940409,4.368475728934686e-11,1.0000219999521571,5.326469395554245e-11,5.326469349152474e-11,1.0000216373642128,1.0000219999521576,1.0000220749913675,5.3264693796865865e-11,1.0000219839893396,1.000021766365692,1.0000219999521578,1.0000221170940413,1.0000194966719993,5.326469385088015e-11,1.000021983989338,4.3684757334127916e-11,1.0000219839893396,4.927865818212398e-11,5.326469392694304e-11,1.0000216373642135,1.000022112822959,5.326469331830537e-11,1.0000220749913677,4.368475722673291e-11,1.000021983989339,1.0000219999521567,1.0000220749913675,8.673234059218223e-11,1.0000220749913662,1.0000216373642128,5.326469374205776e-11
1.3445572766756621e-06,1.101818409302061e-18,5.326469393035667e-11,5.32646893635763e-11,5.3264696340681207e-11,5.32646963736202e-11,6.869315067052704e-19,5.3264689330899456e-11,2.1873978053603288e-15,2.18739790689634e-15,1.0569055358564701e-07,5.3264689346306826e-11,5.326469395380141e-11,2.1873977343250065e-15,5.3264688396705285e-11,1.0569056900671246e-07,5.3264689267290766e-11,5.326469639035311e-11,5.326469385088015e-11,-2.578319408991675e-06,5.326468838800448e-11,6.804051863348466e-19,5.3264688366412296e-11,9.728282152468391e-19,2.1873978262843973e-15,1.0569055358564698e-07,5.3264696337826225e-11,2.187397901388762e-15,5.3264693843607315e-11,5.791760218990286e-19,5.326468836686758e-11,5.3264689361864813e-11,5.32646938443615e-11,3.308668980303939e-15,5.326469392862775e-11,1.0569055358564701e-07,2.1873978568755606e-15
1.0000170879876795,1.988218058959624e-07,1.0000219839893376,1.0000219089501365,1.0000220218209281,1.00002202609201,4.3684752841925935e-11,1.0000219089501368,5.326468840455621e-11,5.3264687946246887e-11,1.0000215463622248,1.0000219089501374,1.0000219839893392,5.3264688271922945e-11,1.0000218929873206,1.0000216753636917,1.0000219089501372,1.0000220260920103,1.000021983989338,5.326468838800448e-11,1.0000193146679501,4.36847528729368e-11,1.0000218929873206,4.927865309931851e-11,5.3264688400850914e-11,1.0000215463622262,1.0000220218209286,5.326468781808535e-11,1.0000219839893403,4.368475282937853e-11,1.00002189298732,1.0000219089501359,1.0000219839893403,8.673233136088502e-11,1.0000219839893403,1.0000215463622253,5.3264688211222816e-11
1.325548378961776e-06,3.9695514939204246e-19,4.3684757345254406e-11,4.368475366557047e-11,4.3684759292001276e-11,4.368475947434051e-11,6.968682100956061e-16,4.368475367911261e-11,6.50717485379092e-19,6.389231445559116e-19,4.368473552277518e-11,4.368475358800286e-11,4.368475736805689e-11,6.45617901386029e-19,4.36847528082672e-11,8.668156222959869e-08,4.368475356918849e-11,4.3684759516543976e-11,4.3684757334127916e-11,6.804051863348466e-19,4.36847528729368e-11,-2.5783194091061374e-06,4.368475280485031e-11,9.821885132552798e-16,6.427577104369226e-19,4.368473556918411e-11,4.368475922506734e-11,7.335482993979084e-19,4.368475737164499e-11,6.968681165736252e-16,4.3684752825517477e-11,4.368475356918849e-11,4.3684757455650687e-11,9.950784052487495e-19,4.368475739880994e-11,4.368473556918411e-11,6.869315067052704e-19
1.0000170879876842,1.9882180589596274e-07,1.000021983989338,1.000021908950137,1.000022021820929,1.0000220260920112,4.368475283089452e-11,1.0000219089501368,5.3264688370333494e-11,5.326468795224755e-11,1.000021546362226,1.000021908950138,1.0000219839893414,5.326468827739407e-11,1.0000218929873212,1.000021675363691,1.0000219089501383,1.0000220260920105,1.0000219839893396,5.3264688366412296e-11,1.0000218929873206,4.368475280485031e-11,1.0000193146679517,4.927865300260988e-11,5.3264688390617223e-11,1.0000215463622268,1.0000220218209295,5.3264687844275143e-11,1.0000219839893392,4.368475280861861e-11,1.000021892987321,1.0000219089501374,1.0000219839893398,8.673233155554809e-11,1.00002198398934,1.0000215463622253,5.326468824063474e-11
1.3366480205815984e-06,1.1297830508082288e-18,4.927865806048517e-11,4.927865386560749e-11,4.927866026149568e-11,9.778130910134199e-08,9.821883906032551e-16,4.927865391389977e-11,1.0808743029641029e-18,9.286051922172727e-19,4.9278633420839183e-11,4.927865392718268e-11,4.9278658032062584e-11,9.231328371379445e-19,4.927865295264701e-11,9.778127016652072e-08,4.9278653906542474e-11,9.778130910134217e-08,4.927865818212398e-11,9.728282152468391e-19,4.927865309931851e-11,9.821885132552798e-16,4.927865300260988e-11,-2.578319409586842e-06,1.0759107811576491e-18,4.927863350900919e-11,4.927866032414317e-11,1.1440867028017838e-18,4.9278658094507134e-11,9.821882864878404e-16,4.927865293936927e-11,4.9278653977757865e-11,4.927865802502957e-11,1.293407845963002e-18,4.927865827967421e-11,4.9278633420839183e-11,1.0808743029641029e-18
1.34455727648681e-06,1.1589623645512344e-18,5.326469391490712e-11,5.3264689517462734e-11,5.326469622376732e-11,5.326469641125696e-11,6.39633032500298e-19,5.326468936305712e-11,2.187397770149266e-15,2.187397871685223e-15,1.0569055362936972e-07,5.326468938862856e-11,5.326469383562317e-11,2.1873976991141317e-15,5.3264688414589253e-11,1.0569056905043495e-07,5.326468938862856e-11,5.326469638177004e-11,5.326469392694304e-11,2.1873978262843973e-15,5.3264688400850914e-11,6.427577104369226e-19,5.3264688390617223e-11,1.0759107811576491e-18,-2.578319408991675e-06,1.056905536293696e-07,5.3264696264384936e-11,2.1873978661777437e-15,5.3264693936451624e-11,6.869315067052704e-19,5.3264688394244055e-11,5.3264689393901325e-11,5.32646939008437e-11,3.3086689226464327e-15,5.32646939107513e-11,1.0569055362936982e-07,2.1873978216647162e-15
1.0000167413646663,1.9882172702891593e-07,1.0000216373642128,1.000021562325037,1.0000216751957896,1.0000216794668693,4.368473552653172e-11,1.000021562325037,1.0569055357709786e-07,1.0569055271973956e-07,1.0000211997372481,1.000021562325037,1.000021637364214,1.0569055338998613e-07,1.0000215463622266,1.0000213287386719,1.000021562325037,1.0000216794668706,1.0000216373642135,1.0569055358564698e-07,1.0000215463622262,4.368473556918411e-11,1.0000215463622268,4.927863350900919e-11,1.056905536293696e-07,1.0000186214178752,1.0000216751957904,1.0569055247481362e-07,1.000021637364214,4.368473549601421e-11,1.000021546362226,1.0000215623250375,1.0000216373642143,1.7209878496755586e-07,1.0000216373642143,1.0000211997372475,1.0569055330367651e-07
1.0000172168205137,1.0019986157098108e-10,1.0000221128229578,1.0000220377837483,1.000022150654554,1.000022154925636,4.368475918769794e-11,1.0000220377837485,5.326469623095106e-11,5.3264695730670854e-11,1.0000216751957896,1.0000220377837497,1.0000221128229607,5.32646960446648e-11,1.0000220218209293,1.0000218041972737,1.000022037783748,1.0000221549256367,1.000022112822959,5.3264696337826225e-11,1.0000220218209286,4.368475922506734e-11,1.0000220218209295,4.927866032414317e-11,5.3264696264384936e-11,1.0000216751957904,1.0000195723351892,5.326469568916433e-11,1.0000221128229603,4.368475917569952e-11,1.0000220218209295,1.0000220377837472,1.0000221128229612,1.7209887769682295e-07,1.0000221128229603,1.0000216751957893,5.3264696033767763e-11
1.3445572736971087e-06,1.2315880184260712e-18,5.326469333815155e-11,5.326468895645631e-11,5.326469571475721e-11,5.326469584321815e-11,6.381598651638231e-19,5.326468895645631e-11,2.187397845253694e-15,2.1873979467897297e-15,1.0569055247481347e-07,5.3264688717738915e-11,5.326469339165174e-11,2.187397774218491e-15,5.326468780798415e-11,1.056905678958786e-07,5.3264688745935034e-11,5.326469580956785e-11,5.326469331830537e-11,2.187397901388762e-15,5.326468781808535e-11,7.335482993979084e-19,5.3264687844275143e-11,1.1440867028017838e-18,2.1873978661777437e-15,1.0569055247481362e-07,5.326469568916433e-11,-2.578319408991675e-06,5.326469334701797e-11,6.730456391713604e-19,5.32646878049095e-11,5.326468887085838e-11,5.326469332980439e-11,3.3086690503918824e-15,5.326469339165174e-11,1.0569055247481363e-07,2.187397896769054e-15
1.000017178989155,1.0019985730502787e-10,1.0000220749913664,1.000021999952157,1.0000221128229587,1.0000221170940407,4.368475736010134e-11,1.0000219999521571,5.3264693932060025e-11,5.32646934095577e-11,1.0000216373642126,1.0000219999521582,1.000022074991367,5.3264693796865865e-11,1.0000219839893398,1.000021766365692,1.0000219999521582,1.0000221170940422,1.0000220749913677,5.3264693843607315e-11,1.0000219839893403,4.368475737164499e-11,1.0000219839893392,4.9278658094507134e-11,5.3264693936451624e-11,1.000021637364214,1.0000221128229603,5.326469334701797e-11,1.000019496671996,4.368475730603335e-11,1.0000219839893392,1.0000219999521573,1.0000220749913675,8.673234057289435e-11,1.0000220749913675,1.0000216373642121,5.326469373010084e-11
1.325548378925824e-06,7.129479627966249e-19,4.368475731301912e-11,4.3684753442469445e-11,4.368475912928219e-11,4.3684759446368894e-11,6.968680059678656e-16,4.368475351594449e-11,6.389231445559116e-19,6.381598651638231e-19,4.368473549601421e-11,4.368475358109735e-11,4.3684757263653523e-11,6.381598651638231e-19,4.3684752668762395e-11,8.66815620588827e-08,4.368475348608147e-11,4.3684759446368894e-11,4.368475722673291e-11,5.791760218990286e-19,4.368475282937853e-11,6.968681165736252e-16,4.368475280861861e-11,9.821882864878404e-16,6.869315067052704e-19,4.368473549601421e-11,4.368475917569952e-11,6.730456391713604e-19,4.368475730603335e-11,-2.5783194091061374e-06,4.368475279493799e-11,4.3684753526236274e-11,4.3684757257626504e-11,9.886228994833458e-19,4.368475730305608e-11,4.368473549601421e-11,5.791760218990286e-19
1.0000170879876786,1.9882180589596256e-07,1.000021983989337,1.0000219089501374,1.000022021820929,1.00002202609201,4.36847527484093e-11,1.0000219089501363,5.326468840455621e-11,5.326468796176196e-11,1.000021546362225,1.0000219089501374,1.0000219839893392,5.326468823107992e-11,1.0000218929873206,1.0000216753636917,1.0000219089501374,1.0000220260920112,1.000021983989339,5.326468836686758e-11,1.00002189298732,4.3684752825517477e-11,1.000021892987321,4.927865293936927e-11,5.3264688394244055e-11,1.000021546362226,1.0000220218209295,5.32646878049095e-11,1.0000219839893392,4.368475279493799e-11,1.0000193146679488,1.000021908950137,1.000021983989339,8.673233148163128e-11,1.0000219839893392,1.000021546362225,5.3264688260206674e-11
1.0000171039504016,1.9882180953538335e-07,1.0000219999521547,1.0000219249129527,1.0000220377837474,1.000022042054828,4.368475357431492e-11,1.0000219249129534,5.3264689372429e-11,5.326468903699965e-11,1.0000215623250361,1.0000219249129534,1.000021999952158,5.326468914785103e-11,1.0000219089501374,1.0000216913265052,1.0000219249129536,1.0000220420548291,1.0000219999521567,5.3264689361864813e-11,1.0000219089501359,4.368475356918849e-11,1.0000219089501374,4.9278653977757865e-11,5.3264689393901325e-11,1.0000215623250375,1.0000220377837472,5.326468887085838e-11,1.0000219999521573,4.3684753526236274e-11,1.000021908950137,1.0000193465935885,1.0000219999521571,1.7209885569111876e-07,1.000021999952157,1.000021562325036,5.326468914664039e-11
1.0000171789891563,1.001998573760575e-10,1.000022074991366,1.000021999952158,1.0000221128229596,1.0000221170940424,4.368475726800763e-11,1.0000219999521573,5.326469395554245e-11,5.32646934095577e-11,1.0000216373642135,1.0000219999521582,1.0000220749913675,5.32646937312832e-11,1.0000219839893396,1.0000217663656925,1.0000219999521582,1.000022117094042,1.0000220749913675,5.32646938443615e-11,1.0000219839893403,4.3684757455650687e-11,1.0000219839893398,4.927865802502957e-11,5.32646939008437e-11,1.0000216373642143,1.0000221128229612,5.326469332980439e-11,1.0000220749913675,4.3684757257626504e-11,1.000021983989339,1.0000219999521571,1.0000194966720002,8.673234049502421e-11,1.0000220749913682,1.000021637364213,5.3264693762722615e-11
1.4109651168065636e-06,1.3849081963165616e-18,8.673234058501919e-11,1.720988556911188e-07,1.7209887769682268e-07,8.673234473597162e-11,9.829698449151604e-19,1.7209885569111887e-07,3.3086688877963107e-15,3.3086690584244483e-15,1.7209878496755575e-07,1.7209885569111884e-07,8.673234055568356e-11,3.3086687714061438e-15,8.673233154323898e-11,1.7209881012779915e-07,1.7209885569111884e-07,8.673234469207952e-11,8.673234059218223e-11,3.308668980303939e-15,8.673233136088502e-11,9.950784052487495e-19,8.673233155554809e-11,1.293407845963002e-18,3.3086689226464327e-15,1.7209878496755586e-07,1.7209887769682295e-07,3.3086690503918824e-15,8.673234057289435e-11,9.886228994833458e-19,8.673233148163128e-11,1.7209885569111876e-07,8.673234049502421e-11,-2.578319405035533e-06,8.673234065439867e-11,1.72098784967556e-07,3.3086689735659333e-15
1.000017178989156,1.0019985730502783e-10,1.000022074991366,1.0000219999521571,1.0000221128229596,1.000022117094042,4.368475732924665e-11,1.0000219999521562,5.326469395554245e-11,5.326469353428545e-11,1.0000216373642135,1.0000219999521582,1.0000220749913666,5.3264693768634785e-11,1.0000219839893398,1.0000217663656925,1.0000219999521582,1.0000221170940415,1.0000220749913662,5.326469392862775e-11,1.0000219839893403,4.368475739880994e-11,1.00002198398934,4.927865827967421e-11,5.32646939107513e-11,1.0000216373642143,1.0000221128229603,5.326469339165174e-11,1.0000220749913675,4.368475730305608e-11,1.0000219839893392,1.000021999952157,1.0000220749913682,8.673234065439867e-11,1.0000194966719993,1.000021637364213,5.326469373010084e-11
1.0000167413646668,1.9882172702891582e-07,1.000021637364211,1.000021562325037,1.0000216751957887,1.000021679466869,4.368473552653172e-11,1.0000215623250361,1.0569055357709786e-07,1.0569055271973974e-07,1.0000211997372475,1.000021562325037,1.0000216373642132,1.056905533899861e-07,1.0000215463622264,1.00002132873867,1.000021562325037,1.0000216794668702,1.0000216373642128,1.0569055358564701e-07,1.0000215463622253,4.368473556918411e-11,1.0000215463622253,4.9278633420839183e-11,1.0569055362936982e-07,1.0000211997372475,1.0000216751957893,1.0569055247481363e-07,1.0000216373642121,4.368473549601421e-11,1.000021546362225,1.000021562325036,1.000021637364213,1.72098784967556e-07,1.000021637364213,1.0000186214178723,1.0569055330367651e-07
1.3445572764520029e-06,1.2330965618306346e-18,5.3264693785544774e-11,5.326468914664039e-11,5.3264695968992064e-11,5.326469619984109e-11,5.877632932271553e-19,5.3264689131211445e-11,2.187397800740588e-15,2.1873979022764463e-15,1.0569055330367641e-07,5.3264689274028126e-11,5.326469375945556e-11,2.187397729705336e-15,5.326468827894363e-11,1.056905687247417e-07,5.326468926865431e-11,5.326469621769851e-11,5.326469374205776e-11,2.1873978568755606e-15,5.3264688211222816e-11,6.869315067052704e-19,5.326468824063474e-11,1.0808743029641029e-18,2.1873978216647162e-15,1.0569055330367651e-07,5.3264696033767763e-11,2.187397896769054e-15,5.326469373010084e-11,5.791760218990286e-19,5.3264688260206674e-11,5.326468914664039e-11,5.3264693762722615e-11,3.3086689735659333e-15,5.326469373010084e-11,1.0569055330367651e-07,-2.5783194089278145e-06
