0.9999999950818819,0.9999966526048979,0.9999966526049004,0.9999966526048982,-2.3130347998838135e-06,0.9999966526049018,0.9999966526049014,0.9999966526049014,0.9999966526049016,0.9999966526049016,0.9999966526048963,-2.3130347975898124e-06,0.9999966526048971,0.9999966526049014,0.9999966526048987,0.9999966526049008,0.9999966526049008,0.999996652604899,0.9999966526049008,0.999996652604899,0.9999966526049011,0.9999966526049008,0.9999966526049008,0.9999966526049023,-2.313034802979354e-06,0.999996652604901,0.999996652604901,0.9999966526048966,-2.3130347979376642e-06,0.9999966345099657,0.9999966526049014,0.999996652604896,0.999996652604899,-2.3130347975882174e-06,0.9999966526048963,0.9999966345099702,0.9999966526049018,0.9999966526049018,0.999996652604896,0.999996652604896,0.9999966526049018,0.9999966526048979,0.9999966526049021
0.9999966526048979,0.999996585538688,0.9999984003178978,0.9999984003178978,-6.41074120716588e-11,0.9999984003178966,0.9999984003178969,0.9999984003178978,0.9999984003178969,0.9999984003178972,0.9999984003178966,-6.410741155864287e-11,0.9999984003178963,0.9999984003178969,0.9999984003178969,0.9999984003178969,0.9999984003178972,0.9999984003178962,0.9999984003178969,0.9999984003178969,0.9999984003178972,0.9999984003178969,0.9999984003178969,0.9999984003178976,-6.410741216066877e-11,0.9999984003178972,0.9999984003178972,0.9999984003178962,-6.410741187737623e-11,0.99999838222297,0.9999984003178969,0.9999984003178962,0.9999984003178966,-6.410741183896062e-11,0.9999984003178968,0.9999983822229714,0.9999984003178962,0.9999984003178962,0.9999984003178962,0.9999984003178966,0.9999984003178974,0.9999984003178976,0.9999984003178966
0.9999966526049004,0.9999984003178978,0.9999965855387012,0.9999984003178991,-6.410741207046685e-11,0.9999984003178993,0.9999984003178991,0.9999984003178995,0.9999984003178991,0.9999984003178991,0.9999984003178991,-6.41074116297264e-11,0.9999984003178987,0.9999984003178993,0.9999984003178995,0.9999984003179009,0.9999984003178987,0.9999984003178981,0.9999984003179009,0.9999984003178991,0.9999984003178987,0.9999984003179009,0.9999984003179009,0.9999984003178991,-6.410741209686181e-11,0.9999984003178991,0.9999984003178991,0.9999984003178987,-6.410741197246182e-11,0.9999983822229733,0.9999984003178991,0.9999984003178983,0.9999984003178983,-6.410741180620654e-11,0.9999984003178991,0.9999983822229747,0.9999984003178991,0.9999984003178991,0.9999984003178983,0.9999984003178983,0.9999984003178995,0.9999984003178993,0.999998400317899
0.9999966526048982,0.9999984003178978,0.9999984003178991,0.9999965855386967,-6.41074120117256e-11,0.9999984003179003,0.9999984003178987,0.9999984003179,0.9999984003178995,0.9999984003178987,0.9999984003179,-6.41074116297264e-11,0.9999984003178993,0.9999984003178987,0.9999984003179002,0.9999984003179003,0.9999984003178987,0.9999984003178978,0.9999984003179003,0.9999984003179,0.9999984003178987,0.9999984003179003,0.9999984003179003,0.9999984003178991,-6.410741216775046e-11,0.9999984003178991,0.9999984003178991,0.9999984003178984,-6.410741198520774e-11,0.9999983822229733,0.9999984003178987,0.9999984003178976,0.9999984003178991,-6.410741181060217e-11,0.9999984003178991,0.9999983822229747,0.999998400317899,0.999998400317899,0.9999984003178976,0.999998400317899,0.9999984003178991,0.9999984003178991,0.9999984003179002
-2.3130347998838135e-06,-6.41074120716588e-11,-6.410741207046685e-11,-6.41074120117256e-11,-1.8147795195355102e-06,-6.410741206176148e-11,-6.410741209533001e-11,-6.41074120928413e-11,-6.41074120245914e-11,-6.41074120245914e-11,-6.410741201905414e-11,1.6080387454917892e-14,-6.410741206298973e-11,-6.41074120287177e-11,-6.41074120287177e-11,-6.410741204457496e-11,-6.410741209607927e-11,-6.410741212979481e-11,-6.41074120928413e-11,-6.410741202627317e-11,-6.41074121610958e-11,-6.410741201046353e-11,-6.410741206144578e-11,-6.41074120928413e-11,1.6080387603652677e-14,-6.410741202459564e-11,-6.41074120245914e-11,-6.410741207417361e-11,1.6080387500252775e-14,-1.273516919749319e-07,-6.41074120461574e-11,-6.410741207166024e-11,-6.410741206007336e-11,1.6080387546450164e-14,-6.41074120287177e-11,-1.273516919749322e-07,-6.410741208031916e-11,-6.410741206176148e-11,-6.410741201046353e-11,-6.41074120020802e-11,-6.410741209607927e-11,-6.410741209607927e-11,-6.410741206176148e-11
0.9999966526049018,0.9999984003178966,0.9999984003178993,0.9999984003179003,-6.410741206176148e-11,0.999996585538703,0.999998400317899,0.9999984003178997,0.9999984003178995,0.9999984003178978,0.9999984003178995,-6.410741156853829e-11,0.9999984003178987,0.999998400317899,0.9999984003179002,0.9999984003179,0.9999984003178981,0.9999984003178974,0.9999984003179,0.9999984003178991,0.999998400317899,0.9999984003179,0.9999984003179,0.9999984003178987,-6.410741220099308e-11,0.9999984003178991,0.9999984003178991,0.9999984003178983,-6.410741186147999e-11,0.9999983822229738,0.999998400317899,0.9999984003178987,0.9999984003178983,-6.410741189515047e-11,0.9999984003178991,0.999998382222975,0.9999984003178995,0.9999984003178995,0.9999984003178987,0.9999984003178987,0.9999984003178987,0.9999984003178987,0.9999984003179003
0.9999966526049014,0.9999984003178969,0.9999984003178991,0.9999984003178987,-6.410741209533001e-11,0.999998400317899,0.9999965855386976,0.9999984003179,0.999998400317899,0.9999984003178978,0.9999984003178987,-6.410741166275967e-11,0.9999984003178983,0.9999984003178987,0.9999984003179002,0.9999984003178993,0.9999984003178969,0.9999984003178978,0.9999984003178993,0.9999984003178978,0.9999984003178972,0.9999984003178993,0.9999984003178993,0.9999984003178987,-6.410741210318551e-11,0.9999984003178978,0.9999984003178978,0.9999984003178978,-6.410741186147999e-11,0.9999983822229733,0.9999984003178987,0.9999984003178987,0.9999984003178974,-6.410741181308287e-11,0.9999984003178987,0.9999983822229742,0.9999984003178987,0.9999984003178987,0.9999984003178987,0.9999984003178987,0.9999984003178987,0.9999984003178987,0.9999984003178995
0.9999966526049014,0.9999984003178978,0.9999984003178995,0.9999984003179,-6.41074120928413e-11,0.9999984003178997,0.9999984003179,0.9999965855386994,0.9999984003179002,0.9999984003178987,0.9999984003178995,-6.410741156861031e-11,0.9999984003178987,0.9999984003178991,0.9999984003179002,0.9999984003179002,0.9999984003178978,0.9999984003178983,0.9999984003179002,0.9999984003178987,0.9999984003178981,0.9999984003179002,0.9999984003179002,0.9999984003179,-6.410741209850199e-11,0.9999984003178987,0.9999984003178987,0.9999984003178987,-6.410741192320877e-11,0.9999983822229738,0.9999984003179,0.9999984003178987,0.9999984003178978,-6.410741188744807e-11,0.9999984003178995,0.999998382222975,0.9999984003178995,0.9999984003178995,0.9999984003178987,0.9999984003178987,0.9999984003178991,0.9999984003179,0.9999984003179003
0.9999966526049016,0.9999984003178969,0.9999984003178991,0.9999984003178995,-6.41074120245914e-11,0.9999984003178995,0.999998400317899,0.9999984003179002,0.9999965855386972,0.999998400317899,0.9999984003178993,-6.410741163466913e-11,0.9999984003178983,0.9999984003178987,0.9999984003179003,0.9999984003179009,0.9999984003178969,0.9999984003178978,0.9999984003179009,0.9999984003178991,0.9999984003178969,0.9999984003179009,0.9999984003179009,0.9999984003178993,-6.410741210959915e-11,0.999998400317899,0.999998400317899,0.9999984003178983,-6.410741193186852e-11,0.9999983822229738,0.999998400317899,0.9999984003178987,0.9999984003178983,-6.410741187822764e-11,0.9999984003178987,0.9999983822229742,0.9999984003178987,0.9999984003178987,0.9999984003178987,0.9999984003178991,0.9999984003178987,0.9999984003178993,0.9999984003178995
0.9999966526049016,0.9999984003178972,0.9999984003178991,0.9999984003178987,-6.41074120245914e-11,0.9999984003178978,0.9999984003178978,0.9999984003178987,0.999998400317899,0.9999965855386967,0.9999984003178981,-6.410741163466913e-11,0.9999984003178983,0.9999984003178987,0.9999984003178991,0.9999984003178995,0.9999984003178983,0.9999984003178969,0.9999984003178995,0.9999984003178978,0.9999984003178983,0.9999984003178995,0.9999984003178995,0.9999984003178984,-6.410741211590246e-11,0.9999984003178981,0.9999984003178981,0.9999984003178974,-6.410741193186852e-11,0.999998382222973,0.9999984003178978,0.9999984003178978,0.9999984003178969,-6.41074119806065e-11,0.9999984003178983,0.9999983822229747,0.9999984003178981,0.9999984003178978,0.9999984003178978,0.9999984003178978,0.9999984003178987,0.9999984003178987,0.9999984003178987
0.9999966526048963,0.9999984003178966,0.9999984003178991,0.9999984003179,-6.410741201905414e-11,0.9999984003178995,0.9999984003178987,0.9999984003178995,0.9999984003178993,0.9999984003178981,0.9999965855387021,-6.410741155917878e-11,0.9999984003178984,0.9999984003178983,0.9999984003179,0.9999984003179003,0.9999984003178983,0.9999984003178981,0.9999984003179003,0.9999984003178991,0.9999984003178991,0.9999984003179003,0.9999984003179003,0.999998400317899,-6.410741209686181e-11,0.9999984003178991,0.9999984003178991,0.9999984003178974,-6.410741192828677e-11,0.999998382222973,0.9999984003178987,0.9999984003178978,0.9999984003178987,-6.410741192592919e-11,0.999998400317899,0.9999983822229742,0.9999984003178987,0.9999984003178987,0.9999984003178981,0.9999984003178987,0.9999984003178984,0.999998400317899,0.9999984003178995
-2.3130347975898124e-06,-6.410741155864287e-11,-6.41074116297264e-11,-6.41074116297264e-11,1.6080387454917892e-14,-6.410741156853829e-11,-6.410741166275967e-11,-6.410741156861031e-11,-6.410741163466913e-11,-6.410741163466913e-11,-6.410741155917878e-11,-1.8147795195355102e-06,-6.410741161896565e-11,-6.410741165441457e-11,-6.410741161896565e-11,-6.410741163076887e-11,-6.410741155779681e-11,-6.41074116408613e-11,-6.41074115487827e-11,-6.410741155129379e-11,-6.41074116408613e-11,-6.41074115121514e-11,-6.410741164910439e-11,-6.410741164910439e-11,1.6080387534248477e-14,-6.410741156349787e-11,-6.41074116408613e-11,-6.41074116408613e-11,1.6080387430848575e-14,-1.2735169100216155e-07,-6.41074116642911e-11,-6.410741164725743e-11,-6.41074116408613e-11,1.608038747704594e-14,-6.41074116372555e-11,-1.273516910021619e-07,-6.410741155432188e-11,-6.4107411534883e-11,-6.410741166275967e-11,-6.410741155864287e-11,-6.41074116297264e-11,-6.41074116297264e-11,-6.41074116297264e-11
0.9999966526048971,0.9999984003178963,0.9999984003178987,0.9999984003178993,-6.410741206298973e-11,0.9999984003178987,0.9999984003178983,0.9999984003178987,0.9999984003178983,0.9999984003178983,0.9999984003178984,-6.410741161896565e-11,0.9999965855387024,0.9999984003178981,0.9999984003178991,0.9999984003178987,0.9999984003178978,0.9999984003178974,0.9999984003178991,0.9999984003178983,0.9999984003178981,0.999998400317899,0.9999984003178987,0.9999984003178991,-6.410741220099308e-11,0.9999984003178984,0.9999984003178984,0.9999984003178974,-6.410741197940905e-11,0.999998382222973,0.9999984003178983,0.9999984003178969,0.9999984003178974,-6.410741180620654e-11,0.9999984003178984,0.9999983822229735,0.9999984003178987,0.9999984003178987,0.9999984003178969,0.9999984003178983,0.9999984003178983,0.9999984003178993,0.9999984003178987
0.9999966526049014,0.9999984003178969,0.9999984003178993,0.9999984003178987,-6.41074120287177e-11,0.999998400317899,0.9999984003178987,0.9999984003178991,0.9999984003178987,0.9999984003178987,0.9999984003178983,-6.410741165441457e-11,0.9999984003178981,0.9999965855387012,0.9999984003178993,0.999998400317899,0.9999984003178983,0.9999984003178974,0.999998400317899,0.9999984003178983,0.9999984003178983,0.999998400317899,0.999998400317899,0.9999984003178987,-6.410741215000404e-11,0.9999984003178987,0.9999984003178987,0.9999984003178972,-6.410741193186852e-11,0.9999983822229733,0.9999984003178987,0.9999984003178974,0.9999984003178981,-6.410741192736107e-11,0.9999984003178984,0.9999983822229738,0.9999984003178987,0.9999984003178987,0.9999984003178974,0.9999984003178983,0.9999984003178993,0.9999984003178987,0.9999984003178991
0.9999966526048987,0.9999984003178969,0.9999984003178995,0.9999984003179002,-6.41074120287177e-11,0.9999984003179002,0.9999984003179002,0.9999984003179002,0.9999984003179003,0.9999984003178991,0.9999984003179,-6.410741161896565e-11,0.9999984003178991,0.9999984003178993,0.9999965855386976,0.9999984003179003,0.9999984003178993,0.9999984003178978,0.9999984003179003,0.9999984003179002,0.9999984003178993,0.9999984003179003,0.9999984003179003,0.9999984003179,-6.41074122071486e-11,0.9999984003178995,0.9999984003178995,0.9999984003178983,-6.410741185405007e-11,0.9999983822229733,0.9999984003179002,0.9999984003178991,0.999998400317899,-6.410741189533598e-11,0.9999984003179,0.9999983822229742,0.9999984003178997,0.9999984003178997,0.9999984003178991,0.9999984003178991,0.9999984003178995,0.9999984003179,0.9999984003179003
0.9999966526049008,0.9999984003178969,0.9999984003179009,0.9999984003179003,-6.410741204457496e-11,0.9999984003179,0.9999984003178993,0.9999984003179002,0.9999984003179009,0.9999984003178995,0.9999984003179003,-6.410741163076887e-11,0.9999984003178987,0.999998400317899,0.9999984003179003,0.9999965855386898,0.9999984003178995,0.9999984003178987,0.9999984003179003,0.9999984003178995,0.9999984003178995,0.9999984003179003,0.9999984003179003,0.9999984003179003,-6.41074122071486e-11,0.9999984003178995,0.9999984003178995,0.9999984003178987,-6.410741200461678e-11,0.9999983822229731,0.9999984003178993,0.999998400317899,0.9999984003178991,-6.410741193752429e-11,0.9999984003179003,0.9999983822229747,0.9999984003178991,0.9999984003178991,0.999998400317899,0.9999984003178991,0.9999984003179003,0.9999984003179003,0.9999984003179
0.9999966526049008,0.9999984003178972,0.9999984003178987,0.9999984003178987,-6.410741209607927e-11,0.9999984003178981,0.9999984003178969,0.9999984003178978,0.9999984003178969,0.9999984003178983,0.9999984003178983,-6.410741155779681e-11,0.9999984003178978,0.9999984003178983,0.9999984003178993,0.9999984003178995,0.9999965855387015,0.9999984003178969,0.9999984003178995,0.9999984003178978,0.9999984003178976,0.9999984003178995,0.9999984003178995,0.9999984003178987,-6.41074120908593e-11,0.9999984003178983,0.9999984003178983,0.9999984003178976,-6.410741192828677e-11,0.999998382222973,0.9999984003178969,0.9999984003178963,0.9999984003178969,-6.41074119806065e-11,0.9999984003178983,0.999998382222974,0.9999984003178981,0.9999984003178981,0.9999984003178963,0.9999984003178978,0.9999984003178983,0.9999984003178987,0.9999984003178981
0.999996652604899,0.9999984003178962,0.9999984003178981,0.9999984003178978,-6.410741212979481e-11,0.9999984003178974,0.9999984003178978,0.9999984003178983,0.9999984003178978,0.9999984003178969,0.9999984003178981,-6.41074116408613e-11,0.9999984003178974,0.9999984003178974,0.9999984003178978,0.9999984003178987,0.9999984003178969,0.9999965855386963,0.9999984003178976,0.9999984003178983,0.9999984003178969,0.9999984003178976,0.9999984003178976,0.9999984003178978,-6.41074120908593e-11,0.9999984003178969,0.9999984003178969,0.9999984003178969,-6.410741195703253e-11,0.9999983822229728,0.9999984003178978,0.9999984003178969,0.9999984003178978,-6.41074119806065e-11,0.9999984003178981,0.9999983822229747,0.9999984003178969,0.9999984003178969,0.9999984003178969,0.9999984003178978,0.9999984003178983,0.9999984003178978,0.9999984003178987
0.9999966526049008,0.9999984003178969,0.9999984003179009,0.9999984003179003,-6.41074120928413e-11,0.9999984003179,0.9999984003178993,0.9999984003179002,0.9999984003179009,0.9999984003178995,0.9999984003179003,-6.41074115487827e-11,0.9999984003178991,0.999998400317899,0.9999984003179003,0.9999984003179003,0.9999984003178995,0.9999984003178976,0.9999965855386898,0.9999984003178995,0.9999984003178995,0.9999984003179003,0.9999984003179003,0.9999984003179003,-6.410741209045021e-11,0.9999984003178995,0.9999984003178995,0.999998400317899,-6.410741197940905e-11,0.9999983822229731,0.9999984003178993,0.999998400317899,0.9999984003178991,-6.41074118575961e-11,0.9999984003179003,0.9999983822229747,0.9999984003178993,0.9999984003178993,0.999998400317899,0.9999984003178991,0.9999984003179003,0.9999984003179003,0.9999984003179
0.999996652604899,0.9999984003178969,0.9999984003178991,0.9999984003179,-6.410741202627317e-11,0.9999984003178991,0.9999984003178978,0.9999984003178987,0.9999984003178991,0.9999984003178978,0.9999984003178991,-6.410741155129379e-11,0.9999984003178983,0.9999984003178983,0.9999984003179002,0.9999984003178995,0.9999984003178978,0.9999984003178983,0.9999984003178995,0.9999965855386963,0.9999984003178991,0.9999984003178995,0.9999984003178995,0.9999984003178987,-6.41074122071486e-11,0.9999984003178991,0.9999984003178991,0.9999984003178974,-6.410741197279198e-11,0.999998382222973,0.9999984003178978,0.9999984003178974,0.9999984003178983,-6.410741188226757e-11,0.9999984003178984,0.9999983822229755,0.9999984003178983,0.9999984003178983,0.9999984003178974,0.9999984003178987,0.999998400317899,0.9999984003178987,0.9999984003178995
0.9999966526049011,0.9999984003178972,0.9999984003178987,0.9999984003178987,-6.41074121610958e-11,0.999998400317899,0.9999984003178972,0.9999984003178981,0.9999984003178969,0.9999984003178983,0.9999984003178991,-6.41074116408613e-11,0.9999984003178981,0.9999984003178983,0.9999984003178993,0.9999984003178995,0.9999984003178976,0.9999984003178969,0.9999984003178995,0.9999984003178991,0.9999965855387012,0.9999984003178995,0.9999984003178995,0.9999984003178987,-6.410741210075811e-11,0.9999984003178987,0.9999984003178987,0.9999984003178976,-6.410741199230631e-11,0.999998382222973,0.9999984003178972,0.9999984003178963,0.9999984003178983,-6.410741194613558e-11,0.9999984003178983,0.999998382222974,0.9999984003178983,0.9999984003178983,0.9999984003178963,0.9999984003178978,0.9999984003178983,0.9999984003178987,0.9999984003178981
0.9999966526049008,0.9999984003178969,0.9999984003179009,0.9999984003179003,-6.410741201046353e-11,0.9999984003179,0.9999984003178993,0.9999984003179002,0.9999984003179009,0.9999984003178995,0.9999984003179003,-6.41074115121514e-11,0.999998400317899,0.999998400317899,0.9999984003179003,0.9999984003179003,0.9999984003178995,0.9999984003178976,0.9999984003179003,0.9999984003178995,0.9999984003178995,0.9999965855386892,0.9999984003179003,0.9999984003179003,-6.410741211527229e-11,0.9999984003178995,0.9999984003178995,0.999998400317899,-6.410741191003543e-11,0.9999983822229731,0.9999984003178993,0.999998400317899,0.9999984003178991,-6.410741191488167e-11,0.9999984003179003,0.9999983822229747,0.9999984003178993,0.9999984003178993,0.999998400317899,0.9999984003178991,0.9999984003179003,0.9999984003179003,0.9999984003179
0.9999966526049008,0.9999984003178969,0.9999984003179009,0.9999984003179003,-6.410741206144578e-11,0.9999984003179,0.9999984003178993,0.9999984003179002,0.9999984003179009,0.9999984003178995,0.9999984003179003,-6.410741164910439e-11,0.9999984003178987,0.999998400317899,0.9999984003179003,0.9999984003179003,0.9999984003178995,0.9999984003178976,0.9999984003179003,0.9999984003178995,0.9999984003178995,0.9999984003179003,0.9999965855386892,0.9999984003179003,-6.41074121233485e-11,0.9999984003178995,0.9999984003178995,0.999998400317899,-6.410741186954589e-11,0.9999983822229731,0.9999984003178993,0.999998400317899,0.9999984003178991,-6.410741189515047e-11,0.9999984003179003,0.9999983822229747,0.9999984003178993,0.9999984003178993,0.999998400317899,0.9999984003178991,0.9999984003179003,0.9999984003179003,0.9999984003179
0.9999966526049023,0.9999984003178976,0.9999984003178991,0.9999984003178991,-6.41074120928413e-11,0.9999984003178987,0.9999984003178987,0.9999984003179,0.9999984003178993,0.9999984003178984,0.999998400317899,-6.410741164910439e-11,0.9999984003178991,0.9999984003178987,0.9999984003179,0.9999984003179003,0.9999984003178987,0.9999984003178978,0.9999984003179003,0.9999984003178987,0.9999984003178987,0.9999984003179003,0.9999984003179003,0.9999965855386967,-6.410741210318551e-11,0.9999984003178987,0.9999984003178984,0.9999984003178983,-6.410741199204228e-11,0.9999983822229733,0.9999984003178987,0.9999984003178987,0.9999984003178978,-6.410741184585578e-11,0.9999984003178991,0.9999983822229747,0.999998400317899,0.9999984003178987,0.9999984003178987,0.9999984003178987,0.9999984003178991,0.9999984003178991,0.9999984003179
-2.313034802979354e-06,-6.410741216066877e-11,-6.410741209686181e-11,-6.410741216775046e-11,1.6080387603652677e-14,-6.410741220099308e-11,-6.410741210318551e-11,-6.410741209850199e-11,-6.410741210959915e-11,-6.410741211590246e-11,-6.410741209686181e-11,1.6080387534248477e-14,-6.410741220099308e-11,-6.410741215000404e-11,-6.41074122071486e-11,-6.41074122071486e-11,-6.41074120908593e-11,-6.41074120908593e-11,-6.410741209045021e-11,-6.41074122071486e-11,-6.410741210075811e-11,-6.410741211527229e-11,-6.41074121233485e-11,-6.410741210318551e-11,-1.8147795195355102e-06,-6.410741218451921e-11,-6.410741215291574e-11,-6.41074121529582e-11,1.6080387579583354e-14,-1.2735169210432485e-07,-6.410741209354873e-11,-6.410741218070792e-11,-6.410741210318551e-11,1.608038762578073e-14,-6.410741210318551e-11,-1.273516921043253e-07,-6.41074121233485e-11,-6.410741216711931e-11,-6.410741213693977e-11,-6.410741212827226e-11,-6.410741209850199e-11,-6.410741209850199e-11,-6.410741214513921e-11
0.999996652604901,0.9999984003178972,0.9999984003178991,0.9999984003178991,-6.410741202459564e-11,0.9999984003178991,0.9999984003178978,0.9999984003178987,0.999998400317899,0.9999984003178981,0.9999984003178991,-6.410741156349787e-11,0.9999984003178984,0.9999984003178987,0.9999984003178995,0.9999984003178995,0.9999984003178983,0.9999984003178969,0.9999984003178995,0.9999984003178991,0.9999984003178987,0.9999984003178995,0.9999984003178995,0.9999984003178987,-6.410741218451921e-11,0.9999965855387039,0.9999984003178987,0.9999984003178974,-6.410741194044067e-11,0.999998382222973,0.9999984003178978,0.9999984003178981,0.9999984003178983,-6.410741188862143e-11,0.9999984003178983,0.9999983822229747,0.9999984003178983,0.9999984003178983,0.9999984003178978,0.9999984003178978,0.9999984003178984,0.9999984003178984,0.999998400317899
0.999996652604901,0.9999984003178972,0.9999984003178991,0.9999984003178991,-6.41074120245914e-11,0.9999984003178991,0.9999984003178978,0.9999984003178987,0.999998400317899,0.9999984003178981,0.9999984003178991,-6.41074116408613e-11,0.9999984003178984,0.9999984003178987,0.9999984003178995,0.9999984003178995,0.9999984003178983,0.9999984003178969,0.9999984003178995,0.9999984003178991,0.9999984003178987,0.9999984003178995,0.9999984003178995,0.9999984003178984,-6.410741215291574e-11,0.9999984003178987,0.9999965855387039,0.9999984003178974,-6.410741195461724e-11,0.999998382222973,0.9999984003178978,0.9999984003178981,0.9999984003178983,-6.410741181308287e-11,0.9999984003178983,0.9999983822229747,0.9999984003178983,0.9999984003178983,0.9999984003178978,0.9999984003178978,0.9999984003178984,0.9999984003178984,0.999998400317899
0.9999966526048966,0.9999984003178962,0.9999984003178987,0.9999984003178984,-6.410741207417361e-11,0.9999984003178983,0.9999984003178978,0.9999984003178987,0.9999984003178983,0.9999984003178974,0.9999984003178974,-6.41074116408613e-11,0.9999984003178974,0.9999984003178972,0.9999984003178983,0.9999984003178987,0.9999984003178976,0.9999984003178969,0.999998400317899,0.9999984003178974,0.9999984003178976,0.999998400317899,0.999998400317899,0.9999984003178983,-6.41074121529582e-11,0.9999984003178974,0.9999984003178974,0.9999965855386926,-6.410741190497396e-11,0.9999983822229724,0.9999984003178978,0.9999984003178969,0.9999984003178969,-6.410741187194817e-11,0.9999984003178974,0.9999983822229733,0.9999984003178978,0.9999984003178978,0.9999984003178969,0.9999984003178969,0.9999984003178981,0.9999984003178983,0.9999984003178987
-2.3130347979376642e-06,-6.410741187737623e-11,-6.410741197246182e-11,-6.410741198520774e-11,1.6080387500252775e-14,-6.410741186147999e-11,-6.410741186147999e-11,-6.410741192320877e-11,-6.410741193186852e-11,-6.410741193186852e-11,-6.410741192828677e-11,1.6080387430848575e-14,-6.410741197940905e-11,-6.410741193186852e-11,-6.410741185405007e-11,-6.410741200461678e-11,-6.410741192828677e-11,-6.410741195703253e-11,-6.410741197940905e-11,-6.410741197279198e-11,-6.410741199230631e-11,-6.410741191003543e-11,-6.410741186954589e-11,-6.410741199204228e-11,1.6080387579583354e-14,-6.410741194044067e-11,-6.410741195461724e-11,-6.410741190497396e-11,-1.8147795195355102e-06,-1.273516917071724e-07,-6.410741192617442e-11,-6.410741181308628e-11,-6.410741197142594e-11,1.6080387522380854e-14,-6.410741193070632e-11,-1.273516917071727e-07,-6.410741198072517e-11,-6.410741199204228e-11,-6.410741198744136e-11,-6.41074119438642e-11,-6.410741195461724e-11,-6.410741197246182e-11,-6.410741198072517e-11
0.9999966345099657,0.99999838222297,0.9999983822229733,0.9999983822229733,-1.273516919749319e-07,0.9999983822229738,0.9999983822229733,0.9999983822229738,0.9999983822229738,0.999998382222973,0.999998382222973,-1.2735169100216155e-07,0.999998382222973,0.9999983822229733,0.9999983822229733,0.9999983822229731,0.999998382222973,0.9999983822229728,0.9999983822229731,0.999998382222973,0.999998382222973,0.9999983822229731,0.9999983822229731,0.9999983822229733,-1.2735169210432485e-07,0.999998382222973,0.999998382222973,0.9999983822229724,-1.273516917071724e-07,0.9999965493488331,0.9999983822229733,0.9999983822229738,0.9999983822229724,-1.273516915641046e-07,0.9999983822229731,0.9999983641280499,0.9999983822229733,0.9999983822229733,0.9999983822229738,0.9999983822229731,0.9999983822229733,0.9999983822229733,0.999998382222974
0.9999966526049014,0.9999984003178969,0.9999984003178991,0.9999984003178987,-6.41074120461574e-11,0.999998400317899,0.9999984003178987,0.9999984003179,0.999998400317899,0.9999984003178978,0.9999984003178987,-6.41074116642911e-11,0.9999984003178983,0.9999984003178987,0.9999984003179002,0.9999984003178993,0.9999984003178969,0.9999984003178978,0.9999984003178993,0.9999984003178978,0.9999984003178972,0.9999984003178993,0.9999984003178993,0.9999984003178987,-6.410741209354873e-11,0.9999984003178978,0.9999984003178978,0.9999984003178978,-6.410741192617442e-11,0.9999983822229733,0.9999965855386976,0.9999984003178987,0.9999984003178974,-6.41074119806065e-11,0.9999984003178987,0.9999983822229742,0.9999984003178987,0.9999984003178987,0.9999984003178987,0.9999984003178987,0.9999984003178987,0.9999984003178987,0.9999984003178995
0.999996652604896,0.9999984003178962,0.9999984003178983,0.9999984003178976,-6.410741207166024e-11,0.9999984003178987,0.9999984003178987,0.9999984003178987,0.9999984003178987,0.9999984003178978,0.9999984003178978,-6.410741164725743e-11,0.9999984003178969,0.9999984003178974,0.9999984003178991,0.999998400317899,0.9999984003178963,0.9999984003178969,0.999998400317899,0.9999984003178974,0.9999984003178963,0.999998400317899,0.999998400317899,0.9999984003178987,-6.410741218070792e-11,0.9999984003178981,0.9999984003178981,0.9999984003178969,-6.410741181308628e-11,0.9999983822229738,0.9999984003178987,0.999996585538703,0.9999984003178974,-6.41074118575961e-11,0.9999984003178981,0.9999983822229749,0.9999984003178983,0.9999984003178983,0.9999984003178974,0.9999984003178983,0.9999984003178983,0.9999984003178984,0.9999984003178987
0.999996652604899,0.9999984003178966,0.9999984003178983,0.9999984003178991,-6.410741206007336e-11,0.9999984003178983,0.9999984003178974,0.9999984003178978,0.9999984003178983,0.9999984003178969,0.9999984003178987,-6.41074116408613e-11,0.9999984003178974,0.9999984003178981,0.999998400317899,0.9999984003178991,0.9999984003178969,0.9999984003178978,0.9999984003178991,0.9999984003178983,0.9999984003178983,0.9999984003178991,0.9999984003178991,0.9999984003178978,-6.410741210318551e-11,0.9999984003178983,0.9999984003178983,0.9999984003178969,-6.410741197142594e-11,0.9999983822229724,0.9999984003178974,0.9999984003178974,0.9999965855386963,-6.410741183407202e-11,0.9999984003178981,0.9999983822229747,0.9999984003178978,0.9999984003178978,0.9999984003178969,0.9999984003178981,0.9999984003178981,0.9999984003178978,0.9999984003178987
-2.3130347975882174e-06,-6.410741183896062e-11,-6.410741180620654e-11,-6.410741181060217e-11,1.6080387546450164e-14,-6.410741189515047e-11,-6.410741181308287e-11,-6.410741188744807e-11,-6.410741187822764e-11,-6.41074119806065e-11,-6.410741192592919e-11,1.608038747704594e-14,-6.410741180620654e-11,-6.410741192736107e-11,-6.410741189533598e-11,-6.410741193752429e-11,-6.41074119806065e-11,-6.41074119806065e-11,-6.41074118575961e-11,-6.410741188226757e-11,-6.410741194613558e-11,-6.410741191488167e-11,-6.410741189515047e-11,-6.410741184585578e-11,1.608038762578073e-14,-6.410741188862143e-11,-6.410741181308287e-11,-6.410741187194817e-11,1.6080387522380854e-14,-1.273516915641046e-07,-6.41074119806065e-11,-6.41074118575961e-11,-6.410741183407202e-11,-1.8147795195355102e-06,-6.410741189073932e-11,-1.2735169156410473e-07,-6.410741187720827e-11,-6.410741188744807e-11,-6.410741193752429e-11,-6.41074118575961e-11,-6.410741193789967e-11,-6.410741192592919e-11,-6.41074119806065e-11
0.9999966526048963,0.9999984003178968,0.9999984003178991,0.9999984003178991,-6.41074120287177e-11,0.9999984003178991,0.9999984003178987,0.9999984003178995,0.9999984003178987,0.9999984003178983,0.999998400317899,-6.41074116372555e-11,0.9999984003178984,0.9999984003178984,0.9999984003179,0.9999984003179003,0.9999984003178983,0.9999984003178981,0.9999984003179003,0.9999984003178984,0.9999984003178983,0.9999984003179003,0.9999984003179003,0.9999984003178991,-6.410741210318551e-11,0.9999984003178983,0.9999984003178983,0.9999984003178974,-6.410741193070632e-11,0.9999983822229731,0.9999984003178987,0.9999984003178981,0.9999984003178981,-6.410741189073932e-11,0.9999965855387024,0.9999983822229742,0.9999984003178987,0.9999984003178987,0.9999984003178981,0.9999984003178983,0.9999984003178991,0.999998400317899,0.9999984003178995
0.9999966345099702,0.9999983822229714,0.9999983822229747,0.9999983822229747,-1.273516919749322e-07,0.999998382222975,0.9999983822229742,0.999998382222975,0.9999983822229742,0.9999983822229747,0.9999983822229742,-1.273516910021619e-07,0.9999983822229735,0.9999983822229738,0.9999983822229742,0.9999983822229747,0.999998382222974,0.9999983822229747,0.9999983822229747,0.9999983822229755,0.999998382222974,0.9999983822229747,0.9999983822229747,0.9999983822229747,-1.273516921043253e-07,0.9999983822229747,0.9999983822229747,0.9999983822229733,-1.273516917071727e-07,0.9999983641280499,0.9999983822229742,0.9999983822229749,0.9999983822229747,-1.2735169156410473e-07,0.9999983822229742,0.9999965493488433,0.9999983822229742,0.9999983822229742,0.9999983822229749,0.9999983822229747,0.9999983822229743,0.9999983822229747,0.9999983822229743
0.9999966526049018,0.9999984003178962,0.9999984003178991,0.999998400317899,-6.410741208031916e-11,0.9999984003178995,0.9999984003178987,0.9999984003178995,0.9999984003178987,0.9999984003178981,0.9999984003178987,-6.410741155432188e-11,0.9999984003178987,0.9999984003178987,0.9999984003178997,0.9999984003178991,0.9999984003178981,0.9999984003178969,0.9999984003178993,0.9999984003178983,0.9999984003178983,0.9999984003178993,0.9999984003178993,0.999998400317899,-6.41074121233485e-11,0.9999984003178983,0.9999984003178983,0.9999984003178978,-6.410741198072517e-11,0.9999983822229733,0.9999984003178987,0.9999984003178983,0.9999984003178978,-6.410741187720827e-11,0.9999984003178987,0.9999983822229742,0.9999965855387015,0.9999984003178987,0.9999984003178983,0.9999984003178983,0.999998400317899,0.999998400317899,0.9999984003178995
0.9999966526049018,0.9999984003178962,0.9999984003178991,0.999998400317899,-6.410741206176148e-11,0.9999984003178995,0.9999984003178987,0.9999984003178995,0.9999984003178987,0.9999984003178978,0.9999984003178987,-6.4107411534883e-11,0.9999984003178987,0.9999984003178987,0.9999984003178997,0.9999984003178991,0.9999984003178981,0.9999984003178969,0.9999984003178993,0.9999984003178983,0.9999984003178983,0.9999984003178993,0.9999984003178993,0.9999984003178987,-6.410741216711931e-11,0.9999984003178983,0.9999984003178983,0.9999984003178978,-6.410741199204228e-11,0.9999983822229733,0.9999984003178987,0.9999984003178983,0.9999984003178978,-6.410741188744807e-11,0.9999984003178987,0.9999983822229742,0.9999984003178987,0.9999965855387003,0.9999984003178983,0.9999984003178983,0.999998400317899,0.999998400317899,0.9999984003178995
0.999996652604896,0.9999984003178962,0.9999984003178983,0.9999984003178976,-6.410741201046353e-11,0.9999984003178987,0.9999984003178987,0.9999984003178987,0.9999984003178987,0.9999984003178978,0.9999984003178981,-6.410741166275967e-11,0.9999984003178969,0.9999984003178974,0.9999984003178991,0.999998400317899,0.9999984003178963,0.9999984003178969,0.999998400317899,0.9999984003178974,0.9999984003178963,0.999998400317899,0.999998400317899,0.9999984003178987,-6.410741213693977e-11,0.9999984003178978,0.9999984003178978,0.9999984003178969,-6.410741198744136e-11,0.9999983822229738,0.9999984003178987,0.9999984003178974,0.9999984003178969,-6.410741193752429e-11,0.9999984003178981,0.9999983822229749,0.9999984003178983,0.9999984003178983,0.9999965855386994,0.9999984003178983,0.9999984003178983,0.9999984003178976,0.9999984003178987
0.999996652604896,0.9999984003178966,0.9999984003178983,0.999998400317899,-6.41074120020802e-11,0.9999984003178987,0.9999984003178987,0.9999984003178987,0.9999984003178991,0.9999984003178978,0.9999984003178987,-6.410741155864287e-11,0.9999984003178983,0.9999984003178983,0.9999984003178991,0.9999984003178991,0.9999984003178978,0.9999984003178978,0.9999984003178991,0.9999984003178987,0.9999984003178978,0.9999984003178991,0.9999984003178991,0.9999984003178987,-6.410741212827226e-11,0.9999984003178978,0.9999984003178978,0.9999984003178969,-6.41074119438642e-11,0.9999983822229731,0.9999984003178987,0.9999984003178983,0.9999984003178981,-6.41074118575961e-11,0.9999984003178983,0.9999983822229747,0.9999984003178983,0.9999984003178983,0.9999984003178983,0.9999965855386994,0.9999984003178983,0.9999984003178987,0.9999984003178991
0.9999966526049018,0.9999984003178974,0.9999984003178995,0.9999984003178991,-6.410741209607927e-11,0.9999984003178987,0.9999984003178987,0.9999984003178991,0.9999984003178987,0.9999984003178987,0.9999984003178984,-6.41074116297264e-11,0.9999984003178983,0.9999984003178993,0.9999984003178995,0.9999984003179003,0.9999984003178983,0.9999984003178983,0.9999984003179003,0.999998400317899,0.9999984003178983,0.9999984003179003,0.9999984003179003,0.9999984003178991,-6.410741209850199e-11,0.9999984003178984,0.9999984003178984,0.9999984003178981,-6.410741195461724e-11,0.9999983822229733,0.9999984003178987,0.9999984003178983,0.9999984003178981,-6.410741193789967e-11,0.9999984003178991,0.9999983822229743,0.999998400317899,0.999998400317899,0.9999984003178983,0.9999984003178983,0.9999965855386972,0.9999984003178991,0.9999984003178991
0.9999966526048979,0.9999984003178976,0.9999984003178993,0.9999984003178991,-6.410741209607927e-11,0.9999984003178987,0.9999984003178987,0.9999984003179,0.9999984003178993,0.9999984003178987,0.999998400317899,-6.41074116297264e-11,0.9999984003178993,0.9999984003178987,0.9999984003179,0.9999984003179003,0.9999984003178987,0.9999984003178978,0.9999984003179003,0.9999984003178987,0.9999984003178987,0.9999984003179003,0.9999984003179003,0.9999984003178991,-6.410741209850199e-11,0.9999984003178984,0.9999984003178984,0.9999984003178983,-6.410741197246182e-11,0.9999983822229733,0.9999984003178987,0.9999984003178984,0.9999984003178978,-6.410741192592919e-11,0.999998400317899,0.9999983822229747,0.999998400317899,0.999998400317899,0.9999984003178976,0.9999984003178987,0.9999984003178991,0.9999965855386963,0.9999984003179002
0.9999966526049021,0.9999984003178966,0.999998400317899,0.9999984003179002,-6.410741206176148e-11,0.9999984003179003,0.9999984003178995,0.9999984003179003,0.9999984003178995,0.9999984003178987,0.9999984003178995,-6.41074116297264e-11,0.9999984003178987,0.9999984003178991,0.9999984003179003,0.9999984003179,0.9999984003178981,0.9999984003178987,0.9999984003179,0.9999984003178995,0.9999984003178981,0.9999984003179,0.9999984003179,0.9999984003179,-6.410741214513921e-11,0.999998400317899,0.999998400317899,0.9999984003178987,-6.410741198072517e-11,0.999998382222974,0.9999984003178995,0.9999984003178987,0.9999984003178987,-6.41074119806065e-11,0.9999984003178995,0.9999983822229743,0.9999984003178995,0.9999984003178995,0.9999984003178987,0.9999984003178991,0.9999984003178991,0.9999984003179002,0.9999965855387024
