1.0000000066017447,2.4496860729419785e-06,2.5189519449902214e-06,2.4496955672737095e-06,2.495991530624094e-06,1.0000168871019561,1.0000169551706166,2.448251004399592e-06,1.0000168871019581,2.4632391630477437e-06,1.0000171484862213,2.4486226705855154e-06,2.4633768379967076e-06,2.46215130277783e-06,2.4794871465134158e-06,2.4794064664337443e-06,2.4482473749131725e-06,2.4632391636561023e-06,2.4956545341367566e-06,2.4486226706827026e-06,2.496961959776971e-06,1.0000168939451974,1.0000169551706153,1.0000169551706153,2.4633568449739987e-06,2.478550979065826e-06,1.0000168548861588,2.4492349121805076e-06,2.4498417758636224e-06,2.4473842155456845e-06,2.4492349101525697e-06,2.4983763630251637e-06,2.4486226709847355e-06,1.0000169998877855,2.4496869380130505e-06,2.4498125497759067e-06,2.463323518071157e-06,1.0000127613471792,2.449234910763884e-06,1.0000169551706175,2.4484745656712146e-06,1.0000169551440776,2.449812548144837e-06,2.4498417764035055e-06,2.448074660372756e-06,2.4788679578546344e-06,2.449755388631469e-06,1.0000171347071882,2.463323519157144e-06,2.449227546229256e-06,2.462562180577331e-06,2.4486738646909896e-06,2.4498125482538715e-06,2.448622670787157e-06,2.463646472024098e-06,2.4633235191649487e-06,2.463294940607298e-06,2.567114207872575e-06,2.4492349096368143e-06,2.4980979225519903e-06,2.463468855444096e-06,1.0000127910429408,2.4486226715886904e-06,2.4473842133123056e-06,2.5431907149647363e-06,2.4486226704313143e-06,2.463356845552328e-06,1.0000170624520233,2.448622671617355e-06,1.0000169551706137,2.463632908628107e-06,1.000017004349015,2.463239163388463e-06,2.4785457232892414e-06,2.449234911056261e-06,2.449595126108698e-06,2.462404982800751e-06,2.4632391634530773e-06,1.0000170698598176,2.463323519073606e-06,1.000016867341061,2.4634604627975532e-06
2.4496860729419785e-06,1.5581538332855858e-07,-3.432732758522603e-14,-5.578097998101975e-11,6.93009213593806e-15,1.1434407134815258e-10,1.1434433027176271e-10,1.1726374295729234e-13,1.1434407137288635e-10,-4.9923991261602114e-15,1.1434424546432993e-10,3.2028665877958956e-14,-1.4736865800963287e-13,1.0197653171530862e-13,-2.0003982806541775e-13,-1.4363925268290923e-13,2.392245128933514e-10,-4.99234905543135e-15,-5.803072931016414e-15,3.202873573367408e-14,1.1083680065246113e-13,1.1433717593840716e-10,1.1434433019694334e-10,1.1434433027386086e-10,-1.7681146264219175e-13,-1.223653161818458e-10,1.1434394042610206e-10,2.869213823127815e-14,-1.0618217711421955e-14,1.1410017131250839e-13,2.869215050365028e-14,1.0602603408330026e-13,3.202873573367408e-14,1.1434760521115029e-10,-5.96035130057212e-11,-8.132277449068938e-15,-1.3918844581438484e-13,1.1420796744892491e-10,2.8692047294812567e-14,1.1434433019694334e-10,3.1901163418110556e-14,1.1434629748857047e-10,-8.132277449068938e-15,-1.0618204897966551e-14,1.1037900863600831e-13,-1.5370899915002458e-13,-3.80643039908202e-14,1.1433113113629171e-10,-1.3918843200685265e-13,2.6960009372870626e-14,8.980322747345167e-14,2.8740517957957394e-14,-8.132277449068938e-15,3.2028770555394564e-14,-1.197787843895433e-14,-1.3918843200685265e-13,-1.4909662615709152e-13,-6.733875306262741e-14,2.8692047294812567e-14,1.0286774252054564e-13,-1.2990674932176298e-13,2.2783421014768686e-07,3.202873573367408e-14,1.1410017131249912e-13,-6.822428929770417e-14,3.202869819405214e-14,-1.7681145683763146e-13,1.1433738176570879e-10,3.202869819405214e-14,1.1434433027343397e-10,-3.875323431679416e-14,1.1434197422760577e-10,-4.99234905543135e-15,-4.56844478246886e-15,2.869218792545883e-14,-1.1111612288195188e-14,2.1823377846774823e-10,-4.99234905543135e-15,1.1435177558356339e-10,-1.391884183860997e-13,1.143450723011755e-10,-5.6470203835089645e-15
2.5189519449902214e-06,-3.432732758522603e-14,1.5643808978708305e-07,-4.737802049834312e-14,3.4888185246028275e-14,1.4913005087942027e-10,1.4912969036328332e-10,2.0632233512412098e-13,1.4913005089569572e-10,6.294341478512146e-10,1.4912679801476502e-10,7.564959298730988e-14,-6.081006485071013e-13,3.252572913808099e-10,-1.4965628808070564e-09,-6.017928042097733e-13,2.2209555615417111e-13,6.294341478511361e-10,6.480228216701148e-10,7.564962113848693e-14,1.1209596906210781e-09,1.491104733995768e-10,1.4912969038132444e-10,1.4912969036328332e-10,-1.3875641405444841e-09,-2.3865513953974496e-10,1.49125923903437e-10,7.243542364026397e-14,-2.230688955723832e-14,3.8680227191012255e-10,7.243542364026397e-14,1.6625813287094318e-13,7.564962113848693e-14,1.4914133323419207e-10,-5.3696983090790274e-14,-1.6215059358968608e-14,-5.866890113988939e-13,2.967725874828976e-07,7.243540456938009e-14,1.4912969038132462e-10,7.492900886747004e-14,2.9728838795048956e-07,-1.6215059358968608e-14,-2.230690412584616e-14,1.8758942947800844e-13,-5.630361863318053e-10,-7.898591236870184e-14,2.97206005435087e-07,-5.866890113988939e-13,6.567526894518799e-14,1.0364969490162417e-09,6.579068267748328e-14,-1.6215059358968608e-14,7.564959614792535e-14,-2.6631886225612875e-14,-5.866890113988939e-13,-6.189777710270527e-13,-2.7037355632215963e-10,7.243543208743185e-14,3.2875152608661014e-10,-4.710824718395086e-10,2.9710043813656255e-07,7.564962802846085e-14,3.8680227190997986e-10,-2.695460166533934e-10,7.564959219371692e-14,-1.387564140544464e-09,1.4910960148855297e-10,7.564960901745088e-14,1.4912969038132444e-10,-8.141908485098926e-14,1.4912737634078284e-10,6.294341478511165e-10,6.335646084229064e-10,7.243543172189318e-14,-2.2525247690630478e-14,1.1127460014069594e-09,6.29434147851226e-10,1.49155704356526e-10,-5.86688981247033e-13,2.9728146507255604e-07,-9.175997389106638e-15
2.4496955672737095e-06,-5.578097998101975e-11,-4.737802049834312e-14,1.5578698395382258e-07,1.7313843864192394e-11,1.1436177037897357e-10,1.1436210838225369e-10,1.5069847594277247e-13,1.1436177031484914e-10,-9.429440870693594e-15,1.1436201837972369e-10,4.0976830660297014e-14,-1.8617487264088815e-13,1.312010790374229e-13,-2.5340323915312915e-13,-1.813802435516703e-13,3.0723274130051005e-10,-9.429460673460767e-15,-1.0572028903768865e-14,4.0976830660297014e-14,1.390348982211353e-13,1.1435297709605339e-10,1.1436210829381716e-10,1.1436210829966745e-10,-2.2367772882670297e-13,-1.5706305566461797e-10,1.1436163929317282e-10,3.666398169252427e-14,-1.3620434136304482e-14,1.4669437472822235e-13,3.666403911341051e-14,1.3644206643923635e-13,4.097677159379324e-14,1.1436626133371651e-10,-7.659693073423893e-11,-1.0441464736671886e-14,-1.7572676580079724e-13,1.1418706194191907e-10,3.666403239206485e-14,1.1436210836838834e-10,4.0817402735532744e-14,1.1436456004330563e-10,-1.0441545332279512e-14,-1.3620434136304482e-14,1.4191163452993542e-13,-1.9744147077321555e-13,-4.8816187612522276e-14,1.1434519814800364e-10,-1.7572671814123367e-13,3.44724753777388e-14,1.120536311247854e-13,3.678851106249954e-14,-1.044148662815716e-14,4.0976830660297014e-14,-1.5350532776813416e-14,-1.7572676580079724e-13,-1.8832305694790133e-13,-8.639520984945389e-14,3.666403239206485e-14,1.323435043613426e-13,-1.6689003699114764e-13,2.278436981034306e-07,4.0976830660297014e-14,1.4669437472822235e-13,-8.755072806664766e-14,4.0976830660297014e-14,-2.2367777577049376e-13,1.1435324750291791e-10,4.097678318323178e-14,1.1436210834412736e-10,-4.969070191347554e-14,1.1435906176007975e-10,-9.42951973964797e-15,-8.89751883245234e-15,3.666401567796253e-14,-1.4260268414853332e-14,2.737081841219119e-10,-9.429440870693594e-15,1.143715536448065e-10,-1.7572674987040383e-13,1.1436300045492872e-10,-7.272542944559477e-15
2.495991530624094e-06,6.93009213593806e-15,3.4888185246028275e-14,1.7313843864192394e-11,1.5585774510050445e-07,1.3751537435967412e-10,1.3751525095156106e-10,-3.564490215758953e-14,1.3751537437041756e-10,2.410797553598626e-14,1.3751512024907433e-10,-8.366644515571387e-15,4.1183908606630804e-11,-3.211590847547626e-14,3.320752200121957e-14,1.9512093939547297e-14,-3.573126625088594e-14,2.4107946131636268e-14,2.5107279603959334e-14,-8.366644515571387e-15,-1.6264564698981724e-11,2.74117002676602e-07,1.375152509143607e-10,1.375152509460963e-10,2.7095969466778085e-14,3.570495808272897e-11,1.3751513785551634e-10,-1.428362569049559e-11,3.0196574689313056e-15,-3.5144728469712695e-14,-1.4283625690545564e-11,-3.362574281498264e-14,-8.366644515571387e-15,1.3751467061770094e-10,9.06625018368803e-15,2.3824272434287796e-15,1.8659662260432567e-14,1.3755551123778513e-10,-1.4283625690871741e-11,1.3751525095156106e-10,-8.362371191435672e-15,1.37515226825724e-10,2.3825089880110047e-15,3.0196138810920464e-15,-3.40097527387592e-14,4.598106822922467e-14,1.0789251086360467e-14,1.3751885599680462e-10,1.865967066042562e-14,-1.374708483793091e-11,-4.263295289577811e-12,-7.648979439338534e-15,2.3824544084788512e-15,-8.366625554862797e-15,3.301617542023283e-15,1.8659671471938367e-14,2.0643067351288664e-14,3.858269009000647e-11,-1.4283625690646423e-11,-3.2368106305956066e-14,3.9030929598546977e-14,2.7413996102598195e-07,-8.366644515571387e-15,-3.5144694738474096e-14,3.9384528173953944e-11,-8.366639269706223e-15,2.709599595295971e-14,2.74116766227394e-07,-8.366625554862797e-15,1.375152509460963e-10,1.0916473361879392e-14,2.741153023305311e-07,2.4107946131636268e-14,2.407381633257984e-14,-1.4283625690852058e-11,3.2148602798410527e-15,-1.570943776191918e-11,2.410797553598626e-14,1.3751390232371935e-10,1.8659671471938367e-14,1.3751549267936562e-10,1.8137340067383466e-15
1.0000168871019561,1.1434407134815258e-10,1.4913005087942027e-10,1.1436177037897357e-10,1.3751537435967412e-10,1.0000247787388734,1.0000246909484947,1.1333465393240926e-10,1.0000246228802654,1.2111832453397683e-10,1.0000248842662627,1.1369912444778168e-10,1.2146311613263066e-10,1.203394299494196e-10,1.2965339246664937e-10,1.2949704275651918e-10,1.1332739931409363e-10,1.211183247088932e-10,1.373824062937699e-10,1.136991245651161e-10,1.3779650089174682e-10,1.0000246297517263,1.0000246909484969,1.0000246909484969,1.215132627850036e-10,1.289070146012546e-10,1.0000245906644423,1.140132995522163e-10,1.14398792879202e-10,1.1290618565667528e-10,1.140132988754953e-10,2.7608498336283534e-07,1.1369912428044013e-10,1.0000247356528948,1.1436134345644092e-10,1.143790088015881e-10,1.214195532947532e-10,1.0000204976474472,1.1401329853397406e-10,1.0000246909484978,1.1362507325338178e-10,1.0000246909143033,1.1437900823321501e-10,1.1439879299820682e-10,1.1326031325553351e-10,1.2925818219315567e-10,1.144123288384217e-10,1.0000248705412713,1.2141955374279878e-10,1.140130955936419e-10,1.2058250684669083e-10,1.1373152659596459e-10,1.1437900824848515e-10,1.136991246168112e-10,1.2132707140542363e-10,1.2141955379155976e-10,1.2142538695303857e-10,1.733494039878349e-10,1.1401329883424587e-10,1.383712149992607e-10,1.2148339031870202e-10,1.0000205269697169,1.1369912470294632e-10,1.1290618497068216e-10,1.6134942113635389e-10,1.1369912457816405e-10,1.2151326291360396e-10,1.0000247982593469,1.1369912485599435e-10,1.0000246909484938,1.2137576378132246e-10,1.0000247401372846,1.2111832450931525e-10,1.2879644256347002e-10,1.1401329873612579e-10,1.1427610105976258e-10,1.2046275352505253e-10,1.2111832468174293e-10,1.000024805608772,1.2141955364480205e-10,1.0000246031153874,1.2122077101508362e-10
1.0000169551706166,1.1434433027176271e-10,1.4912969036328332e-10,1.1436210838225369e-10,1.3751525095156106e-10,1.0000246909484947,1.000024914875337,1.1333326227696802e-10,1.0000246909484956,1.21117670907883e-10,1.0000249523345222,1.1369870727046309e-10,1.214656592342504e-10,1.2033825728419125e-10,1.296566764758386e-10,1.294995425699291e-10,1.1332595038273019e-10,1.21117671070087e-10,1.373817395327429e-10,1.1369870739342509e-10,1.3779437064641427e-10,1.0000246978201557,1.0000247590167288,1.0000247590167288,1.2151623823534433e-10,1.289077825519739e-10,1.000024658732692,1.1401291633063371e-10,1.143989356802372e-10,1.1290484656489027e-10,1.1401291567380367e-10,1.3850298668811115e-10,1.1369870712273927e-10,1.0000248037210273,1.1436171091956968e-10,1.143791182317975e-10,1.2142198321259286e-10,1.0000205657186632,1.1401291529939294e-10,1.00002475901673,1.1362465872598796e-10,1.0000247589824525,1.1437911761176728e-10,1.1439893588286555e-10,1.132590185158531e-10,1.2926005288444328e-10,1.1441281799262705e-10,1.0000249386098607,1.2142198361363432e-10,1.1401274131675968e-10,1.2058063839664425e-10,1.1373115777772882e-10,1.1437911768198072e-10,1.1369870741901859e-10,1.2132723528957465e-10,1.2142198365933243e-10,1.2142796808302554e-10,1.7335025827458375e-10,1.1401291558469962e-10,1.383700325298533e-10,1.2148496689285758e-10,1.0000205950387606,1.1369870753375525e-10,1.1290484582854509e-10,1.6135028070368857e-10,1.1369870739558337e-10,1.2151623839357553e-10,1.0000248663277866,1.1369870767858616e-10,1.000024759016727,1.213762642395268e-10,1.0000248082055685,1.2111767086570296e-10,1.2879578145470464e-10,1.1401291545330981e-10,1.1427624843173552e-10,1.204606419180693e-10,1.2111767104510525e-10,1.0000248736767776,1.2142198358393768e-10,1.0000246711835667,1.2122084520333535e-10
2.448251004399592e-06,1.1726374295729234e-13,2.0632233512412098e-13,1.5069847594277247e-13,-3.564490215758953e-14,1.1333465393240926e-10,1.1333326227696802e-10,1.546032888787369e-07,1.1333465392469767e-10,4.699666805231302e-14,1.133336904391791e-10,-1.707729278340575e-13,7.706743849162236e-13,-1.093852550086406e-09,1.050659373906846e-12,7.506296674175834e-13,-1.28396171900326e-09,4.6996630908153205e-14,5.203934699678782e-14,-1.7077294453897043e-13,-1.1416510848875544e-09,1.1337125734662541e-10,1.1333326225853482e-10,1.1333326225853482e-10,9.266648915626994e-13,6.565439497361432e-10,1.1333509357052964e-10,-1.5267705349967932e-13,5.700712243230821e-14,-1.2225548189459854e-09,-1.5267708996765273e-13,-1.1376740977009662e-09,-1.707729278340575e-13,1.1331605712767572e-10,1.6082467094646468e-13,4.3753587633338645e-14,7.271453311192438e-13,1.1406258355559419e-10,-1.526770630268806e-13,1.1333326226286761e-10,-1.7011817746261376e-13,1.13323199312772e-10,4.3753587633338645e-14,5.700712243230821e-14,-1.1826945079479498e-09,8.254972020071598e-13,2.0398953956634734e-13,1.134039345709011e-10,7.271453127093731e-13,-1.4359789465081396e-13,-9.17079111237731e-10,-1.533522056295773e-13,4.3753587633338645e-14,-1.7077288853003551e-13,6.420556954708656e-14,7.271453127093731e-13,7.794781841731794e-13,7.196251158249551e-10,-1.5267705349967932e-13,-1.1033245639403531e-09,6.978308712793566e-13,2.263992635685027e-07,-1.7077288853003551e-13,-1.222554818946086e-09,7.293169875690833e-10,-1.7077288853003551e-13,9.266649057219627e-13,1.1337019868036841e-10,-1.7077286441930643e-13,1.1333326225853482e-10,2.076272261490628e-13,1.1334607274019771e-10,4.6996630908153205e-14,4.481117193580904e-14,-1.526770630268806e-13,5.969803309371984e-14,-1.1275873240630205e-09,4.699666805231302e-14,1.1329412900367758e-10,7.271453136325719e-13,1.133296385628946e-10,3.057137001753091e-14
1.0000168871019581,1.1434407137288635e-10,1.4913005089569572e-10,1.1436177031484914e-10,1.3751537437041756e-10,1.0000246228802654,1.0000246909484956,1.1333465392469767e-10,1.0000247787388767,1.211183245425636e-10,1.0000248842662638,1.1369912444498727e-10,1.2146311613263066e-10,1.2033942993705674e-10,1.2965339249934017e-10,1.2949704277836644e-10,1.1332739930637399e-10,1.211183247343687e-10,1.373824062937699e-10,1.1369912456951839e-10,1.3779650088234622e-10,1.000024629751728,1.000024690948498,1.000024690948498,1.2151326277200271e-10,1.2890701457615825e-10,1.0000245906644447,1.1401329954964704e-10,1.1439879282824694e-10,1.1290618565667528e-10,1.1401329884958048e-10,2.760849833628357e-07,1.1369912426965906e-10,1.0000247356528962,1.1436134346220542e-10,1.143790088015881e-10,1.2141955329317548e-10,1.0000204976474496,1.1401329853397406e-10,1.0000246909484996,1.1362507330812362e-10,1.0000246909143047,1.1437900823321501e-10,1.1439879302759411e-10,1.1326031329458343e-10,1.2925818219977872e-10,1.1441232879336978e-10,1.000024870541273,1.2141955374279875e-10,1.1401309560755806e-10,1.2058250683984265e-10,1.1373152662766126e-10,1.1437900825650109e-10,1.136991246168112e-10,1.2132707138398805e-10,1.2141955374314878e-10,1.2142538691486013e-10,1.733494039878349e-10,1.1401329886062193e-10,1.383712149992607e-10,1.2148339028718019e-10,1.0000205269697187,1.1369912469713664e-10,1.1290618493842181e-10,1.613494211282406e-10,1.1369912455663716e-10,1.215132629491304e-10,1.000024798259348,1.1369912485599435e-10,1.0000246909484962,1.2137576379318986e-10,1.0000247401372855,1.2111832450376626e-10,1.2879644254270737e-10,1.1401329873612579e-10,1.1427610106826964e-10,1.2046275349309063e-10,1.2111832465547858e-10,1.0000248056087733,1.2141955366396865e-10,1.0000246031153894,1.212207709743072e-10
2.4632391630477437e-06,-4.9923991261602114e-15,6.294341478512146e-10,-9.429440870693594e-15,2.410797553598626e-14,1.2111832453397683e-10,1.21117670907883e-10,4.699666805231302e-14,1.211183245425636e-10,1.5646179814714492e-07,1.2111508656829473e-10,3.0965247561138266e-14,-3.8633995121318933e-13,2.5665793467941257e-14,-4.545305333446067e-13,-3.850822475236056e-13,5.833364393729331e-14,6.031931802910089e-10,6.226665768795492e-10,3.096516036329462e-14,7.757718595762006e-10,1.2110857647669686e-10,1.211176709070029e-10,1.211176709070029e-10,-4.3225408437800104e-13,-7.086768585493323e-11,1.2111461111971e-10,3.212186687795126e-14,-7.626097396165409e-15,3.948372622167461e-14,3.212194168033915e-14,2.3458568471653944e-14,3.0965200975733224e-14,1.2112450695626067e-10,-1.2960827386231935e-14,-5.01820133784834e-15,-3.7647656739624013e-13,2.4130447234514146e-07,3.212190063679401e-14,1.211176709070029e-10,3.044847690933608e-14,1.2112622227675796e-10,-5.01820133784834e-15,-7.626208444626897e-15,3.8026816485427037e-14,-1.4520161530108424e-10,-2.6491417487589526e-14,1.2110641739121957e-10,-3.764766118211469e-13,2.7943884181955028e-14,7.489253144393354e-10,2.5825432258496694e-14,-5.01820133784834e-15,3.0965200975733224e-14,-9.982755922872449e-15,-3.764765883918754e-13,-3.9438659144455974e-13,-8.58052591775901e-11,3.212190063679401e-14,2.6200874458739437e-14,-1.1823842311608011e-10,2.4138736066832866e-07,3.0965166403271935e-14,3.9483815915667475e-14,-8.28275570779659e-11,3.0965166403271935e-14,-4.322540581316364e-13,1.211075218415489e-10,3.0965200975733224e-14,1.21117670907883e-10,-2.7911517561366694e-14,1.2111845201799524e-10,6.031931802909995e-10,6.060165665368907e-10,3.2121916154453716e-14,-7.214084681276378e-15,7.713900579984471e-10,6.031931802910844e-10,1.211327866216712e-10,-3.764766352476292e-13,1.2112448362880293e-10,-1.518916884226759e-15
1.0000171484862213,1.1434424546432993e-10,1.4912679801476502e-10,1.1436201837972369e-10,1.3751512024907433e-10,1.0000248842662627,1.0000249523345222,1.133336904391791e-10,1.0000248842662638,1.2111508656829473e-10,1.0000253015110054,1.1369868611055597e-10,1.2146795521289836e-10,1.2033876313593024e-10,1.296591918247935e-10,1.2950185497389042e-10,1.1332630116708963e-10,1.2111508683442474e-10,1.3737906968112907e-10,1.136986862676433e-10,1.3779184903332752e-10,1.000024891137995,1.000024952334523,1.000024952334523,1.2151872223877216e-10,1.2890768813538629e-10,1.000024852050513,1.1401286247514732e-10,1.1439894985419503e-10,1.1290531675524712e-10,1.1401286179609008e-10,1.385035426116303e-10,1.1369868600740599e-10,1.00002499703876,1.1436163779754776e-10,1.1437912717579421e-10,1.214242514619969e-10,1.0000207590348285,1.1401286146540806e-10,1.000024952334526,1.136246410873219e-10,1.0000249523001294,1.1437912660764304e-10,1.1439895001848536e-10,1.1325947560538045e-10,1.292596415139625e-10,1.1441280386835448e-10,1.0000251319277014,1.214242519099013e-10,1.140127111195062e-10,1.2057808347988718e-10,1.1373115773226958e-10,1.1437912666608015e-10,1.1369868629403002e-10,1.2132726137261803e-10,1.2142425190361493e-10,1.2143032054593134e-10,3.4554452040832197e-07,1.1401286176103715e-10,1.3837054344079154e-10,1.214846024605608e-10,1.000020788355465,1.1369868638336238e-10,1.1290531603340327e-10,3.21624534547988e-07,1.1369868623301052e-10,1.2151872241800785e-10,1.0000250596456792,1.1369868651397874e-10,1.000024952334521,1.2137625892073404e-10,1.0000250015233274,1.2111508657304298e-10,1.2879318949849254e-10,1.1401286164523656e-10,1.1427625552119416e-10,1.204581264642893e-10,1.2111508671578817e-10,1.0000250669944415,1.214242518320238e-10,1.000024864501241,1.2122084285683233e-10
2.4486226705855154e-06,3.2028665877958956e-14,7.564959298730988e-14,4.0976830660297014e-14,-8.366644515571387e-15,1.1369912444778168e-10,1.1369870727046309e-10,-1.707729278340575e-13,1.1369912444498727e-10,3.0965247561138266e-14,1.1369868611055597e-10,1.557686549209783e-07,1.8937975972885658e-13,-1.4967660509672217e-13,2.6246727615498913e-13,1.839331504975985e-13,-1.7401671062179362e-13,3.09651773500325e-14,3.293803243890753e-14,-9.006882978706345e-11,-1.3465408733447313e-13,1.1370863023620323e-10,1.136987072535045e-10,1.1369870723491446e-10,2.2962777872668507e-13,8.866870665188146e-14,1.1369902231069365e-10,-4.013826016222743e-14,1.5270184335300373e-14,-1.6664868404828474e-13,-4.013828797280882e-14,-1.558635047678334e-13,-9.006882978713722e-11,1.1369437677465073e-10,4.3556718681816365e-14,1.1773636162661301e-14,1.7797315418155362e-13,1.1389565445962496e-10,-4.013834365389835e-14,1.1369870727328476e-10,-8.977057931403432e-11,1.1369644322714552e-10,1.1773753311599447e-14,1.5270184335300373e-14,-1.6122476709162053e-13,2.2312605952258192e-13,5.464491197390006e-14,1.1371752326197677e-10,1.7797316049402694e-13,-3.788517697657098e-14,-1.0441162353128467e-13,-8.111203888802093e-11,1.1773753311599447e-14,-9.006882978715843e-11,1.7114412755011344e-14,1.7797316129909643e-13,1.9132687274517011e-13,9.695036576647558e-14,-4.013831487217303e-14,-1.5095173078462838e-13,1.88754971603098e-13,2.2677084777295032e-07,-9.006882978703399e-11,-1.6664868033458336e-13,9.837728301383397e-14,-9.006882978697805e-11,2.2962777850354886e-13,1.1370828853875108e-10,-9.006882978698455e-11,1.1369870724954172e-10,5.556373698169656e-14,1.1370228698472585e-10,3.0965247561138266e-14,3.044847512546173e-14,-4.013826016222743e-14,1.603608330646605e-14,-1.3284307929647445e-13,3.0965157725645865e-14,1.1368883285534789e-10,1.7797315040111593e-13,1.1369810739529869e-10,8.350913955931828e-15
2.4633768379967076e-06,-1.4736865800963287e-13,-6.081006485071013e-13,-1.8617487264088815e-13,4.1183908606630804e-11,1.2146311613263066e-10,1.214656592342504e-10,7.706743849162236e-13,1.2146311613263066e-10,-3.8633995121318933e-13,1.2146795521289836e-10,1.8937975972885658e-13,1.546844508063027e-07,6.87816075231103e-13,-1.755560157418069e-09,-1.1249682370070665e-09,7.770263697637166e-13,-3.863399641944852e-13,-4.0339712661688913e-13,1.8937973596912872e-13,3.283926687044171e-13,1.2142588913322042e-10,1.2146565924424503e-10,1.2146565925826787e-10,-1.4812115171321622e-09,-7.792921792781535e-10,1.2146651995894315e-10,1.645539166678703e-13,-6.600979394543752e-14,7.571241697997947e-13,1.645539166678703e-13,7.188576237525041e-13,1.8937973242534862e-13,1.214807550223772e-10,-1.9557768599585452e-13,-5.153915913137221e-14,-1.0824100270302923e-09,2.403560918178914e-07,1.645539166678703e-13,1.2146565924424503e-10,1.8908167684788902e-13,1.2146958613886982e-10,-5.153915927536011e-14,-6.600979696370854e-14,7.326242288487338e-13,-1.987869888575738e-09,-2.3729484228403896e-13,1.2138571878204946e-10,-1.0824100270301403e-09,1.5721040756488358e-13,3.907205528700701e-10,1.721983957090055e-13,-5.153915913137221e-14,1.893797640856057e-13,-7.285367027763601e-14,-1.0824100270301672e-09,-1.1799914378039678e-09,-8.453824363564823e-10,1.6455388729657187e-13,6.934489923751308e-13,-1.6852621515841976e-09,2.415249405426345e-07,1.8937974467732793e-13,7.57124186363561e-13,-8.612312545633891e-10,1.8937973242534862e-13,-1.4812115171321192e-09,1.2142846938525338e-10,1.8937972545026635e-13,1.2146565927869796e-10,-2.405039530510886e-13,1.214481446508767e-10,-3.8633995121318933e-13,-3.850078717971058e-13,1.645539166678703e-13,-6.995962295556072e-14,3.2154542356870194e-13,-3.8633990717269e-13,1.2150046485240352e-10,-1.0824100270300797e-09,1.2146302715134824e-10,-3.811373284592001e-14
2.46215130277783e-06,1.0197653171530862e-13,3.252572913808099e-10,1.312010790374229e-13,-3.211590847547626e-14,1.203394299494196e-10,1.2033825728419125e-10,-1.093852550086406e-09,1.2033942993705674e-10,2.5665793467941257e-14,1.2033876313593024e-10,-1.4967660509672217e-13,6.87816075231103e-13,1.549074596262332e-07,1.8616473604397254e-09,6.703659645498892e-13,-1.1195653249062708e-09,2.5665793467941257e-14,2.9553332757972284e-14,-1.4967660509672217e-13,-1.0290379720140955e-09,1.2037166851333296e-10,1.2033825730009096e-10,1.203382573040713e-10,1.645067568895114e-09,5.730734172943896e-10,1.2033999582287583e-10,-1.3403707201588062e-13,4.9838240246973556e-14,-1.0644226336355374e-09,-1.3403707201588062e-13,-9.891955006924534e-10,-1.4967660509672217e-13,1.203229926149141e-10,1.4016134929724058e-13,3.82111185639001e-14,6.495642408789022e-13,2.4114104169228635e-07,-1.3403712444237302e-13,1.2033825728304354e-10,-1.4908294973597968e-13,1.203291012771352e-10,3.821112596348933e-14,4.983827831868191e-14,-1.0297007475693623e-09,1.4343857984373524e-09,1.7828031364682362e-13,1.2040012900803834e-10,6.495643295686873e-13,-1.2595276071306517e-13,-8.328940708359533e-10,-1.3430841358968886e-13,3.821106974044458e-14,-1.4967660509672217e-13,5.6200571785703645e-14,6.495643295686873e-13,6.958547720749069e-13,6.285442477954635e-10,-1.3403706972698848e-13,-9.596717417512402e-10,6.083049835272329e-13,2.4029964539580636e-07,-1.4967660509672217e-13,-1.0644226336356458e-09,6.368014086981838e-10,-1.496766835153081e-13,1.6450675688951563e-09,1.2037080754633566e-10,-1.496766835153081e-13,1.2033825728721897e-10,1.8150707101378205e-13,1.2034933214846892e-10,2.566575433941565e-14,2.3699548545032657e-14,-1.3403710785208905e-13,5.21519236416897e-14,-1.0166214836398767e-09,2.5665793467941257e-14,1.2030355967576234e-10,6.495643295686873e-13,1.2033477139142066e-10,2.660199278014826e-14
2.4794871465134158e-06,-2.0003982806541775e-13,-1.4965628808070564e-09,-2.5340323915312915e-13,3.320752200121957e-14,1.2965339246664937e-10,1.296566764758386e-10,1.050659373906846e-12,1.2965339249934017e-10,-4.545305333446067e-13,1.296591918247935e-10,2.6246727615498913e-13,-1.755560157418069e-09,1.8616473604397254e-09,1.532888182704014e-07,-1.6883476840641903e-09,1.0617419613220364e-12,-4.5453056262738547e-13,-4.753946992915988e-13,2.6246728101819307e-13,5.293945911628277e-13,1.2960098515826453e-10,1.2965667642615636e-10,1.2965667650607312e-10,-2.1900110926961142e-09,-1.067618327330729e-09,1.2965716733523781e-10,2.2921278250937787e-13,-9.080261496594778e-14,1.0307065528587081e-12,2.292127907440985e-13,1.9441764768922554e-09,2.624672354671218e-13,1.2967856301373507e-10,-2.668768377034078e-13,-7.069282882043154e-14,-1.6271048238832646e-09,2.560392315588736e-07,2.292127907440985e-13,1.2965667642615636e-10,2.619505469070104e-13,1.2966386926780724e-10,-7.069286564780167e-14,-9.080268560847842e-14,1.987646237655643e-09,-2.7154320812404245e-09,-3.261815420141647e-13,2.5822863623817463e-07,-1.6271048238831033e-09,2.1837590447825578e-13,6.930960797163758e-10,2.3813826987575893e-13,-7.069282882043154e-14,2.6246728306176403e-13,-1.0056302262538212e-13,-1.6271048238831337e-09,-1.766719912700128e-09,-1.1601448018418146e-09,2.292127907440985e-13,1.8770328255825797e-09,-2.3009970473055544e-09,2.5763530771104577e-07,2.624672354671218e-13,1.030706530684471e-12,-1.1808759765854886e-09,2.6246722397513913e-13,-2.190011092696067e-09,1.2960422429328834e-10,2.624672354671218e-13,1.2965667641931596e-10,-3.308284645697501e-13,1.2963320465148216e-10,-4.545305202346487e-13,-4.524198017796467e-13,2.2921279175243343e-13,-9.604311155151586e-14,5.196676182746276e-13,-4.545305259619292e-13,1.2970699560097061e-10,-1.6271048238830413e-09,1.2965463646321546e-10,-5.17974383306154e-14
2.4794064664337443e-06,-1.4363925268290923e-13,-6.017928042097733e-13,-1.813802435516703e-13,1.9512093939547297e-14,1.2949704275651918e-10,1.294995425699291e-10,7.506296674175834e-13,1.2949704277836644e-10,-3.850822475236056e-13,1.2950185497389042e-10,1.839331504975985e-13,-1.1249682370070665e-09,6.703659645498892e-13,-1.6883476840641903e-09,1.5478193676697636e-07,7.565211335245748e-13,-3.850822570115791e-13,-4.019867748757153e-13,1.839331504975985e-13,3.0989784360354803e-13,1.2946098594726418e-10,1.29499542528019e-10,1.2949954256624682e-10,-1.4218821663666844e-09,-7.583827948802849e-10,1.2950046333242624e-10,1.5968113550957987e-13,-6.419208556048772e-14,7.376121796104294e-13,1.596811712780957e-13,7.007110261446287e-13,1.839331504975985e-13,1.2951408676072422e-10,-1.9045868457976714e-13,-5.014439364224759e-14,-1.0357961778751432e-09,2.5641654995708613e-07,1.596811791625136e-13,1.2949954254571235e-10,1.83656229434464e-13,1.2950314309205864e-10,-5.0144441397213444e-14,-6.419210809291061e-14,7.137486514309128e-13,-1.9355038111119396e-09,-2.3079437648123084e-13,2.5798067954932317e-07,-1.0357961778749778e-09,3.041958596680298e-10,1.810978120998353e-13,1.673090689170306e-13,-5.014439364224759e-14,1.839331504975985e-13,-7.080541061750745e-14,-1.03579617787501e-09,-1.1300372678083924e-09,-8.22457152755343e-10,1.5968114434295497e-13,6.758476488967862e-13,-1.6409979673788033e-09,2.575546803288811e-07,1.8393309535139662e-13,7.376121767498806e-13,-8.380006486192566e-10,1.8393310263151515e-13,-1.4218821663666367e-09,1.2946353416107778e-10,1.8393310263151515e-13,1.2949954253386573e-10,-2.3388683516052095e-13,1.2948243431827601e-10,-3.850822016364585e-13,-3.8382054014170547e-13,1.5968117127809581e-13,-6.805689029578748e-14,3.0327637161217646e-13,-3.850822548367862e-13,1.2953309404795203e-10,-1.0357961778749168e-09,1.2949678960550142e-10,-3.7140397333958614e-14
2.4482473749131725e-06,2.392245128933514e-10,2.2209555615417111e-13,3.0723274130051005e-10,-3.573126625088594e-14,1.1332739931409363e-10,1.1332595038273019e-10,-1.28396171900326e-09,1.1332739930637399e-10,5.833364393729331e-14,1.1332630116708963e-10,-1.7401671062179362e-13,7.770263697637166e-13,-1.1195653249062708e-09,1.0617419613220364e-12,7.565211335245748e-13,1.5454665892356565e-07,5.833358805824044e-14,6.383059688539707e-14,-1.740167085189236e-13,-1.144236991325359e-09,1.133645932542326e-10,1.1332595035964138e-10,1.1332595037607396e-10,9.353866735594848e-13,6.706226499801049e-10,1.1332772555519093e-10,-1.5542833781688671e-13,5.817888597435632e-14,-1.2505699430880773e-09,-1.554283180790622e-13,-1.1646337781678967e-09,-1.7401671750231119e-13,1.1330854300003845e-10,3.2768405004781124e-10,4.468050609020037e-14,7.327370714730054e-13,1.1407150982983505e-10,-1.5542831966613104e-13,1.1332595041155548e-10,-1.7336300064166269e-13,1.1331592222092162e-10,4.4680565601081753e-14,5.817883065879201e-14,-1.2098076845897127e-09,8.437461526781224e-13,2.082133248817262e-13,1.1339801562538587e-10,7.327370525847625e-13,-1.4626175912962423e-13,-9.149351831265233e-10,-1.5633167107106588e-13,4.468050609020037e-14,-1.7401671062179362e-13,6.54785972754854e-14,7.327370525847625e-13,7.85780895586422e-13,7.34782742858039e-10,-1.554283180790622e-13,-1.1292395181921036e-09,7.133333558279732e-13,2.2639563552039434e-07,-1.7401668581301296e-13,-1.2505699430881803e-09,7.448178989026656e-10,-1.7401672324282031e-13,9.353866878956319e-13,1.1336347143628025e-10,-1.7401667469066666e-13,1.1332595037991158e-10,2.1189426683126643e-13,1.1333910786777833e-10,5.833364393729331e-14,5.6140801333867924e-14,-1.5542833781688671e-13,6.095113644186194e-14,-1.1299672491285956e-09,5.83335713742843e-14,1.1328634255899432e-10,7.327370262020289e-13,1.133224651244433e-10,3.128515847285505e-14
2.4632391636561023e-06,-4.99234905543135e-15,6.294341478511361e-10,-9.429460673460767e-15,2.4107946131636268e-14,1.211183247088932e-10,1.21117671070087e-10,4.6996630908153205e-14,1.211183247343687e-10,6.031931802910089e-10,1.2111508683442474e-10,3.09651773500325e-14,-3.863399641944852e-13,2.5665793467941257e-14,-4.5453056262738547e-13,-3.850822570115791e-13,5.833358805824044e-14,1.5646179814714492e-07,6.226665768794724e-10,3.09651773500325e-14,7.757718595761233e-10,1.2110857663305426e-10,1.2111767109509446e-10,1.211176711194863e-10,-4.322540964312706e-13,-7.086768585499687e-11,1.2111461134597606e-10,3.2121916154453716e-14,-7.626125053880178e-15,3.9483815915667475e-14,3.212186687795126e-14,2.345860241232707e-14,3.09651773500325e-14,1.2112450716362534e-10,-1.2960762095735838e-14,-5.018229499106913e-15,-3.764766118211469e-13,2.413044727317723e-07,3.212186687795126e-14,1.2111767107840617e-10,3.044846683459284e-14,1.2112622244459487e-10,-5.01820133784834e-15,-7.626112839294691e-15,3.802687026510636e-14,-1.4520161530114845e-10,-2.6491453019844386e-14,1.2110641759849102e-10,-3.764765883918754e-13,2.7943885050282612e-14,7.489253144392696e-10,2.5825473828999296e-14,-5.018229499106913e-15,3.0965200975733224e-14,-9.982681151030925e-15,-3.764766118211469e-13,-3.9438659144455974e-13,-8.580525917767344e-11,3.212186687795126e-14,2.6200925035048985e-14,-1.182384231161422e-10,2.4138736105495955e-07,3.0965200975733224e-14,3.948372622167461e-14,-8.282755707804119e-11,3.096520135082407e-14,-4.322540819972346e-13,1.211075220479008e-10,3.096522509262809e-14,1.211176710634093e-10,-2.7911563075003128e-14,1.2111845225253144e-10,6.031931802909277e-10,6.06016566536816e-10,3.212190063679401e-14,-7.213988204310069e-15,7.713900579983793e-10,6.031931802910165e-10,1.2113278686771297e-10,-3.7647661521196893e-13,1.2112448379296703e-10,-1.518916884226759e-15
2.4956545341367566e-06,-5.803072931016414e-15,6.480228216701148e-10,-1.0572028903768865e-14,2.5107279603959334e-14,1.373824062937699e-10,1.373817395327429e-10,5.203934699678782e-14,1.373824062937699e-10,6.226665768795492e-10,1.3737906968112907e-10,3.293803243890753e-14,-4.0339712661688913e-13,2.9553332757972284e-14,-4.753946992915988e-13,-4.019867748757153e-13,6.383059688539707e-14,6.226665768794724e-10,1.5650132826717884e-07,3.2938025790694406e-14,8.077924641547024e-10,1.3737213291984508e-10,1.373817395330708e-10,1.373817395330708e-10,-4.516947887730133e-13,-7.68383959399206e-11,2.73841122943052e-07,3.403315864699828e-14,-8.190941299324868e-15,4.418589957554501e-14,3.4033088598377856e-14,5.456776916219009e-11,3.293804132110099e-14,2.738617102867745e-07,-1.4276368176337673e-14,-5.4233333419877195e-15,-3.929663493060063e-13,2.737119517570636e-07,3.40331297925082e-14,1.373817395327429e-10,3.240053085561946e-14,1.373906297825637e-10,-5.4233333419877195e-15,-8.190919317691198e-15,4.257004481892084e-14,-1.5910028569665748e-10,-2.8493818880988065e-14,1.373697247983531e-10,-3.929663493060063e-13,2.9666451785862574e-14,7.788141908125746e-10,2.753173999713166e-14,-5.4232646948300995e-15,3.293799843659787e-14,-1.0665273421111485e-14,-3.9296640738185807e-13,-8.205608069868576e-10,-9.261775430477106e-11,3.4033087055021137e-14,3.0132846132576474e-14,-1.298376615031657e-10,2.7380292249680424e-07,3.293806363875866e-14,4.418587079359443e-14,-8.959538151546752e-11,3.293799843659787e-14,-4.5169486143238655e-13,1.3737105139874273e-10,3.293803243890753e-14,1.3738173955453761e-10,-2.998088003985116e-14,1.3738247629817731e-10,6.22666576879459e-10,6.256079555245409e-10,3.403308816861774e-14,-1.5502292491807865e-11,8.031869020841709e-10,6.22666576879561e-10,1.373975738223669e-10,-3.9296634930464787e-13,1.3738879682820353e-10,-1.7350435073222734e-15
2.4486226706827026e-06,3.202873573367408e-14,7.564962113848693e-14,4.0976830660297014e-14,-8.366644515571387e-15,1.136991245651161e-10,1.1369870739342509e-10,-1.7077294453897043e-13,1.1369912456951839e-10,3.096516036329462e-14,1.136986862676433e-10,-9.006882978706345e-11,1.8937973596912872e-13,-1.4967660509672217e-13,2.6246728101819307e-13,1.839331504975985e-13,-1.740167085189236e-13,3.09651773500325e-14,3.2938025790694406e-14,1.557686549209783e-07,-1.3465411731983346e-13,1.1370863037269783e-10,1.1369870739292582e-10,1.1369870739292582e-10,2.2962777242553114e-13,8.866870994623531e-14,1.1369902247569233e-10,-4.013826016222743e-14,1.527021705957107e-14,-1.6664867775873468e-13,-4.013828797280882e-14,-1.558635473457712e-13,-9.006882978697857e-11,1.1369437694657243e-10,4.3556718681816365e-14,1.1773669865466533e-14,1.7797316129909643e-13,1.138956545403864e-10,-4.013828797280882e-14,1.1369870742416129e-10,-8.97705793138757e-11,1.1369644337967818e-10,1.1773669865466533e-14,1.527021705957107e-14,-1.6122480052678078e-13,2.231260491009927e-13,5.464496800248332e-14,1.137175233517594e-10,1.7797311681241166e-13,-3.78851850818951e-14,-1.0441163188807451e-13,-8.111203888786251e-11,1.1773753311599447e-14,-9.00688297869998e-11,1.7114507700670748e-14,1.7797316129909643e-13,1.9132690599521702e-13,9.695035014703559e-14,-4.013826016222743e-14,-1.509516995330088e-13,1.887549878094439e-13,2.267708480293563e-07,-9.006882978687556e-11,-1.6664866735251846e-13,9.837728875994461e-14,-9.006882978681947e-11,2.2962781396111787e-13,1.1370828868309543e-10,-9.006882978682608e-11,1.136987073710959e-10,5.556381986582534e-14,1.13702287102116e-10,3.096516036329462e-14,3.044842203171666e-14,-4.013828017535859e-14,1.603612761893109e-14,-1.3284309192050513e-13,3.096516036329462e-14,1.1368883294041986e-10,1.7797315603061152e-13,1.136981074816739e-10,8.350913955931828e-15
2.496961959776971e-06,1.1083680065246113e-13,1.1209596906210781e-09,1.390348982211353e-13,-1.6264564698981724e-11,1.3779650089174682e-10,1.3779437064641427e-10,-1.1416510848875544e-09,1.3779650088234622e-10,7.757718595762006e-10,1.3779184903332752e-10,-1.3465408733447313e-13,3.283926687044171e-13,-1.0290379720140955e-09,5.293945911628277e-13,3.0989784360354803e-13,-1.144236991325359e-09,7.757718595761233e-10,8.077924641547024e-10,-1.3465411731983346e-13,1.5560241423459092e-07,1.3782183490231842e-10,1.377943706336783e-10,1.3779437062883658e-10,4.3141184292452235e-13,5.720662453843995e-10,1.3779273790275221e-10,-1.1536476992593228e-13,4.798432916209061e-14,-1.1257445658973204e-09,-1.1536476992593228e-13,-1.0775672977390027e-09,-1.3465409091986018e-13,1.377850087304945e-10,1.450989383828985e-13,3.776762284158284e-14,2.963071288521316e-13,2.759756599834042e-07,-1.1536476992593228e-13,1.3779437066492725e-10,-1.3458847591302455e-13,1.3779405189467603e-10,3.776763436282474e-14,4.7984306534073445e-14,-1.0894250895453653e-09,1.4702405780470754e-09,1.72671554063902e-13,1.378518320292837e-10,2.963071177053287e-13,-1.1107300569791164e-13,-6.350673493916388e-11,-1.231627703829286e-13,3.776769360583629e-14,-1.3465409148932892e-13,5.246759302299468e-14,2.963070995864337e-13,3.2803177546065487e-13,6.178153556994509e-10,-1.1536476992538579e-13,-1.0372503037841385e-09,1.2479589217120739e-09,2.751104622626802e-07,-1.346540620314904e-13,-1.1257445658974617e-09,6.308209030588295e-10,-1.346540620314904e-13,4.3141186775746606e-13,1.378195702417709e-10,-1.3465408733447313e-13,1.377943706436039e-10,1.746767401192289e-13,2.7469716424438444e-07,7.757718595761073e-10,7.746365503966804e-10,-1.1536471540827898e-13,5.1124583906092227e-14,-2.4723877463724174e-10,7.757718595762128e-10,2.746266236788958e-07,2.963071177053287e-13,1.3779849170463584e-10,2.8629326045812745e-14
