1.0000000000048177,1.185723210917176e-09,0.999999994069273,1.16612157771327e-09,1.2861913939132147e-09,1.397517091680343e-09,1.15953141286192e-09,1.202164774095692e-09,1.1513316824767374e-09,1.3975170881461222e-09,1.25256354830952e-09,1.1890828685654709e-09,1.2753373148020112e-09,1.28152603382155e-09,0.9999999943888095,1.1311685659044292e-09,1.2861915130847821e-09,0.9999999940828498,1.2021636274697907e-09,0.9999999940629108,1.3975187261502455e-09,1.3975170896833563e-09,1.3340423304257047e-09,1.17237979162572e-09,1.1513333207615553e-09,1.426576930750894e-09,1.1890903677226668e-09,1.2404204012195964e-09,1.2651558634609112e-09,0.9999999940905437,1.2937164456817905e-09,1.3975170897608292e-09,1.1884901266631078e-09,1.1750380729910681e-09,1.2296005333450994e-09,1.3089690362724218e-09,1.2404204344169664e-09,0.9999999940828458,0.9999999940629117,0.999999994082848,1.3975170896927063e-09,1.2651558633096755e-09,1.2861914706177524e-09,1.159529663883725e-09,0.9999999940629117,1.286082501596282e-09,1.240420403812793e-09,1.1750356154088172e-09,0.9999999940629113,1.1911658453353247e-09,1.2616820920477478e-09,1.1247778680538627e-09,1.1919597995667032e-09,1.2861915989256551e-09,1.3471532218416214e-09,1.2381022247224052e-09,1.397517089372953e-09,1.1750382338251748e-09,1.2444498451107438e-09,1.1661221370353017e-09,1.1857284835792707e-09,0.9999999940629086
1.185723210917176e-09,3.054611653511973e-09,-8.515545818515343e-14,-7.196505704221945e-16,-6.95161125169343e-16,-6.709547386294119e-16,-7.199870675626986e-16,-1.4186492948564716e-12,-7.225189500365955e-16,-6.709547386294119e-16,-7.015784269981416e-16,-7.13043286186924e-16,-6.9686761302853075e-16,-7.912637030847622e-16,-1.75954502138684e-10,-7.309487466534018e-16,-6.951189377963273e-16,-8.530348656736516e-14,-1.4186492948644674e-12,-8.510110304477582e-14,-6.709547386294119e-16,-6.709079036605642e-16,-7.882302124864982e-16,-7.244048032560561e-16,-7.226977894603285e-16,-1.217812902838786e-15,-7.128405288027623e-16,-7.060253242596047e-16,-6.987669102830062e-16,-8.542135744990297e-14,-6.855142911756166e-16,-6.709547386294119e-16,-7.110371312210816e-16,-7.183021072687771e-16,-7.097716610382523e-16,-6.879786569553875e-16,-7.061205064066625e-16,-8.530348657810788e-14,-8.510129235096956e-14,-8.530348657810788e-14,-6.709547386294119e-16,-6.987669102830062e-16,-6.95161125169343e-16,-7.199870675626986e-16,-8.510129235096956e-14,-6.896158930308028e-16,-7.060253242596047e-16,-7.180297637233724e-16,-8.510131844428018e-14,-7.099995255469707e-16,-6.97181075282482e-16,-7.295292056870155e-16,-7.085344564537309e-16,-6.95161125169343e-16,-6.770833812381e-16,-6.950881311277402e-16,-6.709499361185677e-16,-7.180297637233724e-16,-7.048172512757123e-16,-7.196505700011846e-16,-7.187276744349509e-16,-8.510131844428018e-14
0.999999994069273,-8.515545818515343e-14,0.9999999858590902,-9.497784149883591e-14,-3.436037331614494e-14,2.188552878655661e-14,-9.828137765999571e-14,-7.674817540482546e-14,-1.0245345906293097e-13,2.1885141240128514e-14,-5.133875130238474e-14,-8.332779212329596e-14,-3.983144979093023e-14,-3.67970622840707e-14,0.9999999830670475,-1.1272168867736822e-13,-3.436043227755398e-14,0.9999999828142564,-7.674873499361263e-14,0.9999999827975642,2.1884718215362116e-14,2.1885298097384408e-14,-2.052306082219737e-11,-9.194334323724701e-14,-1.0245426973813681e-13,3.6935339416267553e-14,-8.332836181994743e-14,-5.748228998710742e-14,-4.4978888718200765e-14,0.9999999828199057,-3.0353824194883244e-14,2.188577758598191e-14,-8.360470152303601e-14,-9.048242405577844e-14,-6.300113819333033e-14,-2.280273561532371e-14,-5.748172339273808e-14,0.9999999828142566,0.9999999827975649,0.9999999828142576,2.1885242445507098e-14,-4.4979267360965484e-14,-3.4360663575928823e-14,-9.82820663469315e-14,0.9999999827975656,-3.427460157684523e-14,-5.748184924239935e-14,-9.048054664292897e-14,0.9999999827975655,-8.223247638922934e-14,-4.664651019227911e-14,-1.158771697146398e-13,-8.194617580029308e-14,-3.4360962462413484e-14,-3.4485333040662642e-15,-5.851664888646743e-14,2.188488492241715e-14,-9.04820984469417e-14,-5.548472569650389e-14,-9.497846465328022e-14,-8.515326322222876e-14,0.9999999827975652
1.16612157771327e-09,-7.196505704221945e-16,-9.497784149883591e-14,3.054609581375136e-09,-6.964907448712667e-16,-6.719231334458135e-16,-7.209121797231439e-16,-7.125654350861113e-16,-7.238713925704523e-16,-6.71995904738743e-16,-7.025147983700441e-16,-7.140755712504643e-16,-6.977030247916647e-16,-7.923444608518932e-16,-1.955174925988734e-10,-7.320394737297095e-16,-6.966672996471369e-16,-9.51260624463555e-14,-7.122591303778281e-16,-9.492321932164014e-14,-6.720093144635583e-16,-6.720093144635583e-16,-7.892399592984943e-16,-7.252235718992276e-16,-7.238713910754781e-16,-1.2193882109933473e-15,-7.140755712504643e-16,-7.070613637521091e-16,-7.001443333848829e-16,-9.524361473155711e-14,-6.866168762247414e-16,-6.719959047387424e-16,-7.123677278524696e-16,-7.194524695569213e-16,-7.102737795319837e-16,-6.893862353470149e-16,-7.065392701464614e-16,-9.512625502151005e-14,-9.492332248972304e-14,-9.512625502151005e-14,-6.720093144635583e-16,-6.999688149877196e-16,-6.966672996471369e-16,-7.209121797231439e-16,-9.492302653760242e-14,-6.897994863576127e-16,-7.070613637521091e-16,-7.191038316228291e-16,-9.492332248874618e-14,-1.4177382060932858e-12,-6.979645526012854e-16,-7.305084505353362e-16,-7.091508008423903e-16,-6.966672996471369e-16,-6.776202005156702e-16,-6.955461833212721e-16,-6.720093144635583e-16,-7.191037866101232e-16,-7.06108170467241e-16,-1.4368865460126213e-12,-7.19642139526277e-16,-9.492294874109383e-14
1.2861913939132147e-09,-6.95161125169343e-16,-3.436037331614494e-14,-6.964907448712667e-16,3.0547051956420773e-09,-6.503951822102042e-16,-6.969065524597086e-16,-6.884716118940097e-16,-6.996701478526675e-16,-6.503467298360838e-16,-6.795132199113143e-16,-6.89761725203815e-16,-6.747292319693534e-16,-7.658873051461559e-16,-7.453696733126193e-11,-7.069904030690732e-16,-1.3438751724589195e-12,-3.450305248215807e-14,-6.887858104402234e-16,-3.4308201208264873e-14,-6.506842957770716e-16,-6.506842957770716e-16,-7.629188158963452e-16,-7.005433932722327e-16,-6.993439209837454e-16,-1.1793517022384735e-15,-6.901432699741961e-16,-6.840573717852511e-16,-6.776466724448265e-16,-3.461625276700774e-14,-6.646222107220092e-16,-6.502987272692491e-16,-6.884792738709739e-16,-6.94550584223012e-16,-6.867044393408566e-16,-1.3299223008088095e-12,-6.836827405547915e-16,-3.4503202084742085e-14,-3.430826819712152e-14,-3.450316537403034e-14,-6.506858381474889e-16,-6.776466719229879e-16,-1.3438751724614146e-12,-6.969065524597086e-16,-3.4308268917039156e-14,-6.679933491478261e-16,-6.836827405547915e-16,-6.945505844168183e-16,-3.4308268917039156e-14,-6.875851912092788e-16,-6.751889730738452e-16,-7.060669039648525e-16,-6.857153730844535e-16,-1.3438751724572764e-12,-6.562551329566194e-16,-6.724915680049656e-16,-6.502987272692491e-16,-6.94550584223012e-16,-6.829407538889613e-16,-6.964429911055232e-16,-6.953765116744843e-16,-3.430820783194247e-14
1.397517091680343e-09,-6.709547386294119e-16,2.188552878655661e-14,-6.719231334458135e-16,-6.503951822102042e-16,3.0547898944008843e-09,-6.722189449439966e-16,-6.64529703966045e-16,-6.749017103029186e-16,-1.2544135053646428e-12,-6.565828227147494e-16,-6.660651295975156e-16,-6.519167732585986e-16,-7.392195146182583e-16,3.774799851511687e-11,-6.822345167707155e-16,-6.506842957770716e-16,2.1749344102460628e-14,-6.64529703966045e-16,2.1935596883875083e-14,-1.2544135053673853e-12,-1.2544135053655193e-12,-7.365577562364738e-16,-6.755103298928627e-16,-6.753979263098968e-16,-1.1384434320789025e-15,-6.662312913766761e-16,-6.603021888739001e-16,-6.537867047049288e-16,2.164098970085984e-14,-6.419316481557693e-16,-1.2544135053628146e-12,-6.646774357965932e-16,-6.704879299528491e-16,-6.629895147538465e-16,-6.440822944750787e-16,-6.597859919682465e-16,2.1749344102460628e-14,2.1935596883875083e-14,2.1749274640030355e-14,-1.2544135053669174e-12,-6.537867047049288e-16,-6.503467298360838e-16,-6.718731807905726e-16,2.1935598494870394e-14,-6.453944049544131e-16,-6.60302190555931e-16,-6.706140188845823e-16,2.193582169526031e-14,-6.639498145782026e-16,-6.517937800189561e-16,-6.808989701900348e-16,-6.623452788423631e-16,-6.503467298360838e-16,-6.343239405983397e-16,-6.493708765348319e-16,-1.2544135053654367e-12,-6.704895058462747e-16,-6.594165055165506e-16,-6.719231334458135e-16,-6.709547386294119e-16,2.1935631921663455e-14
1.15953141286192e-09,-7.199870675626986e-16,-9.828137765999571e-14,-7.209121797231439e-16,-6.969065524597086e-16,-6.722189449439966e-16,3.054609136040653e-09,-7.122638839699354e-16,-7.236836096625405e-16,-6.723643828420326e-16,-7.030987336876683e-16,-7.140491981706716e-16,-6.977574563544747e-16,-7.929404091791428e-16,-2.020969812202898e-10,-7.32005298033279e-16,-6.969913117893343e-16,-9.842984591647853e-14,-7.119151756861808e-16,-9.822700536057898e-14,-6.718731807905726e-16,-6.718731807905726e-16,-7.892668723786965e-16,-7.247108684959763e-16,-7.23594554980706e-16,-1.2202780300863897e-15,-7.138087224234772e-16,-7.07231276892975e-16,-7.004747009413162e-16,-9.85474990403698e-14,-6.87108892203857e-16,-6.722817533268138e-16,-1.4202374418757664e-12,-7.184847643830459e-16,-7.104556785576914e-16,-6.887778628516266e-16,-7.077467969368297e-16,-9.842993349910478e-14,-9.822709033139757e-14,-9.842984591647853e-14,-6.718731807905726e-16,-7.004617440344525e-16,-6.969862984090168e-16,-1.4379253318091063e-12,-9.822709033139757e-14,-6.899513376881963e-16,-7.077467969368297e-16,-7.184847643830459e-16,-9.822709033139757e-14,-7.108498165543888e-16,-6.981264289327221e-16,-7.303507990493746e-16,-7.099710262347643e-16,-6.969862993939535e-16,-6.780295615356947e-16,-6.952788090719e-16,-6.723643828420326e-16,-7.184847620206498e-16,-7.061191200459625e-16,-7.207069492556632e-16,-7.201832301652961e-16,-9.822709033037102e-14
1.202164774095692e-09,-1.4186492948564716e-12,-7.674817540482546e-14,-7.125654350861113e-16,-6.884716118940097e-16,-6.64529703966045e-16,-7.122638839699354e-16,3.0546461303400944e-09,-7.156351944401224e-16,-6.644119409348432e-16,-6.941484572416404e-16,-7.055409664578834e-16,-6.899930293127339e-16,-7.826327032049875e-16,-1.5911998689052928e-10,-7.232765298763137e-16,-6.887858104402234e-16,-7.689420447204548e-14,-1.4042158861956793e-12,-7.669465079517417e-14,-6.64529703966045e-16,-6.642386003809853e-16,-7.799341464459509e-16,-7.157577944322437e-16,-7.153859183777111e-16,-1.2058047552177102e-15,-7.05492969029936e-16,-6.990042549947677e-16,-6.925805827804456e-16,-7.70104589567928e-14,-6.794024766186429e-16,-6.644119409348432e-16,-7.035535517356041e-16,-7.103630006935782e-16,-7.024327007095476e-16,-6.812178896197654e-16,-6.990042559766195e-16,-7.68941897164552e-14,-7.669474852614651e-14,-7.689420447204548e-14,-6.642386003809853e-16,-6.925805798036135e-16,-6.88785810452575e-16,-7.119151756861808e-16,-7.669474852614651e-14,-6.824857454132444e-16,-6.990042549947677e-16,-7.10941983682108e-16,-7.66947863343497e-14,-7.029680671298909e-16,-6.89880471160629e-16,-7.219132055777022e-16,-7.011972516291064e-16,-6.887858104402234e-16,-6.705271974249881e-16,-6.874842394761904e-16,-6.644119409348432e-16,-7.10941983682108e-16,-6.981071985531603e-16,-7.122591303778281e-16,-1.418649294856934e-12,-7.669474852614651e-14
1.1513316824767374e-09,-7.225189500365955e-16,-1.0245345906293097e-13,-7.238713925704523e-16,-6.996701478526675e-16,-6.749017103029186e-16,-7.236836096625405e-16,-7.156351944401224e-16,3.054601985567525e-09,-6.75054439989524e-16,-7.057257890920086e-16,-7.163266074711723e-16,-7.008926296970237e-16,-7.9552274045959e-16,-2.1044185156911098e-10,-7.352282832301557e-16,-6.993439209837454e-16,-1.0260265658912637e-13,-7.153859183777111e-16,-1.0239851733018319e-13,-6.753979263098968e-16,-6.749017103029186e-16,-7.927747019061621e-16,-7.274347768553915e-16,-1.4498748563835403e-12,-1.2253193099604103e-15,-7.168449939042761e-16,-7.102635512414862e-16,-7.030387643407323e-16,-1.0272113625384722e-13,-1.3753622370464916e-12,-6.753979263098968e-16,-7.152941215338589e-16,-7.219565297540195e-16,-7.136699919980563e-16,-6.918300001080277e-16,-7.099001129777489e-16,-1.0260271576128769e-13,-1.0239882468940247e-13,-1.0260271576129238e-13,-6.749017103029186e-16,-7.030387643407323e-16,-6.999129715678245e-16,-7.23594554980706e-16,-1.0239882468940247e-13,-6.92864712504462e-16,-7.102635512414862e-16,-7.219108155589524e-16,-1.0239918791385518e-13,-7.1403192215106625e-16,-7.009582671629965e-16,-7.337641694585862e-16,-7.125527568100756e-16,-6.993439209837454e-16,-6.79957131088614e-16,-6.987410536049584e-16,-6.749017103029186e-16,-7.219108155589524e-16,-7.091310293925339e-16,-7.238713930407866e-16,-7.225189500365955e-16,-1.0239882468940247e-13
1.3975170881461222e-09,-6.709547386294119e-16,2.1885141240128514e-14,-6.71995904738743e-16,-6.503467298360838e-16,-1.2544135053646428e-12,-6.723643828420326e-16,-6.644119409348432e-16,-6.75054439989524e-16,3.0547898944008843e-09,-6.559809027102573e-16,-6.661840287299754e-16,-6.519167730502767e-16,-7.388536376638474e-16,3.774785468035944e-11,-6.818815143296882e-16,-6.503467298360838e-16,2.17489966374356e-14,-6.644119409348432e-16,2.1935948063103773e-14,-1.2544135053662711e-12,-1.254413505364396e-12,-7.366801622106964e-16,-6.756475527851935e-16,-6.749017103029186e-16,-1.1384439492730928e-15,-6.662312913766761e-16,-6.603021888739001e-16,-6.537867047049288e-16,2.164052269327265e-14,-6.422650478097347e-16,-1.2544135053617018e-12,-6.646511537903995e-16,-6.706140188845823e-16,-6.630477086099192e-16,-6.440417246960445e-16,-6.603021888739001e-16,2.1748996637115066e-14,2.1935735819881488e-14,2.1748988837588116e-14,-1.2544135053657996e-12,-6.537891642878973e-16,-6.503467298360838e-16,-6.719587249639093e-16,2.193573582080374e-14,-6.45071104389923e-16,-6.598638604192069e-16,-6.704895058462747e-16,2.193578994416246e-14,-6.639498145782026e-16,-6.522244623909874e-16,-6.807782358624045e-16,-6.623452788423631e-16,-6.503467298360838e-16,-6.340643976493006e-16,-6.493000432597981e-16,-1.2544135053643233e-12,-6.704895058462747e-16,-6.592230390123751e-16,-6.719959047387424e-16,-6.709547386294119e-16,2.193578994416246e-14
1.25256354830952e-09,-7.015784269981416e-16,-5.133875130238474e-14,-7.025147983700441e-16,-6.795132199113143e-16,-6.565828227147494e-16,-7.030987336876683e-16,-6.941484572416404e-16,-7.057257890920086e-16,-6.559809027102573e-16,3.05467686728361e-09,-6.959277802194861e-16,-6.806471045254149e-16,-7.725126570312065e-16,-1.0841443341076494e-10,-7.135786135551578e-16,-6.795132198736598e-16,-5.148277042902951e-14,-6.945193590148852e-16,-5.1286481344387506e-14,-6.565828227147494e-16,-6.561198369435373e-16,-7.691169858703047e-16,-7.062789374968081e-16,-7.058928749106597e-16,-1.1896396467379761e-15,-6.958434726155133e-16,-6.893133516113928e-16,-6.836565365987296e-16,-5.159693979201454e-14,-1.3366401588912127e-12,-6.558345625892373e-16,-6.937777821332361e-16,-7.007298626171772e-16,-1.3818363341307383e-12,-6.72328611287542e-16,-6.893190228342597e-16,-5.148313510275775e-14,-5.1286481351617776e-14,-5.148313510275775e-14,-6.561198369435373e-16,-6.831205657103406e-16,-6.795132198736598e-16,-7.02928975673324e-16,-5.1286481344387506e-14,-1.3431842196446426e-12,-6.893210061744107e-16,-7.012903523277933e-16,-5.1286226017384986e-14,-6.931364376504679e-16,-6.810392979338761e-16,-1.4201203038761508e-12,-6.916971246159862e-16,-6.794218795494851e-16,-1.3195326089497657e-12,-1.3531213442211654e-12,-6.558345625892373e-16,-7.012903523277933e-16,-6.887173331204303e-16,-7.025147991878774e-16,-7.015784269981416e-16,-5.1286481344387506e-14
1.1890828685654709e-09,-7.13043286186924e-16,-8.332779212329596e-14,-7.140755712504643e-16,-6.89761725203815e-16,-6.660651295975156e-16,-7.140491981706716e-16,-7.055409664578834e-16,-7.163266074711723e-16,-6.661840287299754e-16,-6.959277802194861e-16,3.054638034068103e-09,-6.909870689864952e-16,-7.840008916912574e-16,-1.7223758999423575e-10,-7.248955018088646e-16,-6.901432699741961e-16,-8.347461383993637e-14,-7.054929690282343e-16,-8.327354810084378e-14,-6.66052830553347e-16,-6.66052830553347e-16,-7.815308446616005e-16,-7.174486462135601e-16,-7.168449939042768e-16,-1.2086361847950413e-15,-1.409854745476749e-12,-7.003979557037477e-16,-6.934617900350672e-16,-8.35908512335102e-14,-6.807185444470839e-16,-6.660651295975156e-16,-7.052324164765791e-16,-7.123233039586857e-16,-7.03902740731246e-16,-6.828980524206198e-16,-7.004687744027073e-16,-8.34745981577811e-14,-8.327354810055484e-14,-8.34745981577811e-14,-6.660651295975156e-16,-6.93507006254255e-16,-6.901432698884298e-16,-7.138087224234772e-16,-8.327398166660399e-14,-1.3637780482110458e-12,-7.007274866173702e-16,-7.123233039586857e-16,-8.327396465222719e-14,-7.041106274207889e-16,-6.913058755946915e-16,-7.227574846989359e-16,-7.026926097551295e-16,-6.901432699741961e-16,-6.716156929147397e-16,-6.890280070532102e-16,-6.662312913766761e-16,-7.122846470579358e-16,-1.3953072977868632e-12,-7.140755712504643e-16,-7.125870323869901e-16,-8.327396465222719e-14
1.2753373148020112e-09,-6.9686761302853075e-16,-3.983144979093023e-14,-6.977030247916647e-16,-6.747292319693534e-16,-6.519167732585986e-16,-6.977574563544747e-16,-6.899930293127339e-16,-7.008926296970237e-16,-6.519167730502767e-16,-6.806471045254149e-16,-6.909870689864952e-16,3.0547007764253083e-09,-7.671176325565666e-16,-8.544495568868658e-11,-7.080813023219828e-16,-6.745303031468692e-16,-3.997423292085947e-14,-6.899930293127339e-16,-3.977902529679142e-14,-6.51836587969783e-16,-6.516599502319795e-16,-7.644019360911063e-16,-7.015212410004399e-16,-7.008926296970237e-16,-1.1815346751017653e-15,-6.91432565753249e-16,-6.847014685907295e-16,-1.353495979400302e-12,-4.008736111187011e-14,-6.658780839932045e-16,-6.51532860757239e-16,-6.897803419788778e-16,-6.966936844349421e-16,-6.879885160458126e-16,-6.679358109052061e-16,-6.847014629417083e-16,-3.9974227291483235e-14,-3.9778997735156434e-14,-3.997421810259231e-14,-6.51532860757239e-16,-1.3534959794013516e-12,-6.747292319071044e-16,-6.977574563544747e-16,-3.9778962844467546e-14,-6.689223709531551e-16,-6.847014629417083e-16,-6.966936860764798e-16,-3.977887333334112e-14,-1.3735406243274904e-12,-1.3490384297345251e-12,-7.071723924236838e-16,-6.869633377317875e-16,-6.746865751147259e-16,-1.3109283701583863e-12,-6.737665667963516e-16,-6.51836587969783e-16,-6.963501170808477e-16,-6.8384055154096275e-16,-6.977030247916647e-16,-6.969089281613569e-16,-3.9778962844467546e-14
1.28152603382155e-09,-7.912637030847622e-16,-3.67970622840707e-14,-7.923444608518932e-16,-7.658873051461559e-16,-7.392195146182583e-16,-7.929404091791428e-16,-7.826327032049875e-16,-7.9552274045959e-16,-7.388536376638474e-16,-7.725126570312065e-16,-7.840008916912574e-16,-7.671176325565666e-16,3.0543106933257296e-09,-8.03313778716805e-11,-8.041746913212599e-16,-7.657045981670798e-16,-3.695981385265174e-14,-7.827150548017087e-16,-3.67374668866039e-14,-7.388536376638474e-16,-7.388536376638474e-16,-8.670404250653298e-16,-7.962101796808366e-16,-7.949868218229026e-16,-2.674836912699981e-12,-7.84497000994225e-16,-7.77144581782604e-16,-7.69831594416031e-16,-7.375413752235663e-11,-7.552204409336556e-16,-7.388536376638474e-16,-7.820027083142465e-16,-7.899636985579607e-16,-7.808654136253151e-16,-7.578313257777684e-16,-7.774082581521044e-16,-3.695981385265174e-14,-3.6737504916084667e-14,-3.695962219218024e-14,-7.388536341940906e-16,-7.699191391797601e-16,-7.657452778173193e-16,-7.929404078436717e-16,-3.6737748199781364e-14,-7.588245926083747e-16,-7.774082567738924e-16,-7.895932773122952e-16,-3.673783275479664e-14,-7.812295905500127e-16,-7.680580922414051e-16,-8.026529526887843e-16,-1.5550304075651858e-12,-7.658873051461559e-16,-7.453236012154255e-16,-1.5245970426022395e-12,-7.394147565164554e-16,-7.895932773122952e-16,-7.763004650969538e-16,-7.923444608518932e-16,-7.912637030847622e-16,-3.673759442667437e-14
0.9999999943888095,-1.75954502138684e-10,0.9999999830670475,-1.955174925988734e-10,-7.453696733126193e-11,3.774799851511687e-11,-2.020969812202898e-10,-1.5911998689052928e-10,-2.1044185156911098e-10,3.774785468035944e-11,-1.0841443341076494e-10,-1.7223758999423575e-10,-8.544495568868658e-11,-8.03313778716805e-11,0.9999999863553736,-2.30989094288828e-10,-7.453813921084167e-11,0.9999999830768567,-1.5912106747091161e-10,0.9999999830621255,3.774577483209659e-11,3.774757139105566e-11,-2.7650189243584607e-11,-1.8953016148308408e-10,-2.10443393933233e-10,6.260658926260306e-11,-1.7223900224001395e-10,-1.2070133349024704e-10,-9.572594924324111e-11,0.9999999830813626,-6.64280966364875e-11,3.7748234974291215e-11,-1.7276605079371353e-10,-1.8654718880717096e-10,-1.3173490480211056e-10,-5.1433446427880326e-11,-1.207003427471717e-10,0.9999999830768568,0.9999999830621235,0.9999999830768583,3.774718206249192e-11,-9.572628625354191e-11,-7.453684456440762e-11,-2.0209855078702286e-10,0.9999999830621251,-7.428274436125652e-11,-1.207010057592256e-10,-1.8654375384008432e-10,0.9999999830621239,-1.700206565302732e-10,-9.901073578950303e-11,-2.372498830350644e-10,-1.6945135890929575e-10,-7.453788888493341e-11,-1.275966206615894e-11,-1.2262391763081806e-10,3.77473809829114e-11,-1.8654637289456987e-10,-1.1671628061529748e-10,-1.9551835213202846e-10,-1.7594982400417046e-10,0.9999999830621247
1.1311685659044292e-09,-7.309487466534018e-16,-1.1272168867736822e-13,-7.320394737297095e-16,-7.069904030690732e-16,-6.822345167707155e-16,-7.32005298033279e-16,-7.232765298763137e-16,-7.352282832301557e-16,-6.818815143296882e-16,-7.135786135551578e-16,-7.248955018088646e-16,-7.080813023219828e-16,-8.041746913212599e-16,-2.30989094288828e-10,3.054564422355813e-09,-7.074428794202325e-16,-1.128731199103655e-13,-7.233816053674044e-16,-1.1266670246301242e-13,-6.822345167707155e-16,-6.822345167707155e-16,-8.012148211193258e-16,-7.361583348723067e-16,-7.355436439535035e-16,-1.2390500971934963e-15,-7.248809104826909e-16,-7.181329015205899e-16,-7.110538800255637e-16,-1.1299290563249276e-13,-6.971300470136888e-16,-6.822345212656427e-16,-7.231021620599361e-16,-7.299665149894777e-16,-7.21606955364794e-16,-6.995983462404243e-16,-7.176878703133976e-16,-1.1287311942656e-13,-1.1266643915839193e-13,-1.1287311942656e-13,-6.822345167707155e-16,-7.110538800255637e-16,-7.069280022266123e-16,-7.32005298033279e-16,-1.1266680994852435e-13,-7.007070615846324e-16,-7.176878703133976e-16,-7.298548919647235e-16,-1.1266670246301242e-13,-7.220678667455414e-16,-7.086934917729853e-16,-7.421344985508704e-16,-7.204984876209912e-16,-7.074452843786648e-16,-6.878835786480766e-16,-7.056944772225936e-16,-6.819727998997359e-16,-7.299665149894777e-16,-7.170116657275452e-16,-7.320394762501747e-16,-7.309487419572628e-16,-1.1266643916073969e-13
1.2861915130847821e-09,-6.951189377963273e-16,-3.436043227755398e-14,-6.966672996471369e-16,-1.3438751724589195e-12,-6.506842957770716e-16,-6.969913117893343e-16,-6.887858104402234e-16,-6.993439209837454e-16,-6.503467298360838e-16,-6.795132198736598e-16,-6.901432699741961e-16,-6.745303031468692e-16,-7.657045981670798e-16,-7.453813921084167e-11,-7.074428794202325e-16,3.0547051956420773e-09,-3.450360933955977e-14,-6.887858104402234e-16,-3.4309108958216055e-14,-6.503467298360838e-16,-6.504193739008887e-16,-7.630416615221284e-16,-7.001478458992575e-16,-6.993439209837454e-16,-1.1795940477813446e-15,-6.901432698884298e-16,-6.842864553678169e-16,-6.774183593766869e-16,-3.4616676310184514e-14,-6.646222107220092e-16,-6.503467298360838e-16,-6.885127793132818e-16,-6.94550584223012e-16,-6.870362139190964e-16,-1.3299223008092906e-12,-6.83844578355514e-16,-3.450351744140689e-14,-3.4309108958205446e-14,-3.4503780479689055e-14,-6.502987244836461e-16,-6.774183593766869e-16,-1.3438751724615267e-12,-6.969862984090168e-16,-3.430875080293204e-14,-6.679933491478261e-16,-6.83844578355514e-16,-6.945505844168183e-16,-3.430893741064288e-14,-6.877740548013095e-16,-6.752831267548441e-16,-7.060669039648525e-16,-6.857153730844535e-16,-1.3438751724573994e-12,-6.563458816355681e-16,-6.728901355698127e-16,-6.506842957770716e-16,-6.953431393113403e-16,-6.832791128751857e-16,-6.964429911055232e-16,-6.953765116744843e-16,-3.430893741064288e-14
0.9999999940828498,-8.530348656736516e-14,0.9999999828142564,-9.51260624463555e-14,-3.450305248215807e-14,2.1749344102460628e-14,-9.842984591647853e-14,-7.689420447204548e-14,-1.0260265658912637e-13,2.17489966374356e-14,-5.148277042902951e-14,-8.347461383993637e-14,-3.997423292085947e-14,-3.695981385265174e-14,0.9999999830768567,-1.128731199103655e-13,-3.450360933955977e-14,0.9999999858815173,-7.689531757644128e-14,0.9999999828088312,2.174785143331614e-14,2.174874044880975e-14,-1.0516850870879289e-14,-9.209237130411478e-14,-1.0260318652709474e-13,7.308264951533828e-11,-8.347512102622354e-14,-5.762756739424165e-14,-4.512247722312773e-14,0.999999982831032,-3.0493797225582414e-14,2.174939076891485e-14,-8.375068994575025e-14,-9.063022855995412e-14,-6.314763810587499e-14,-2.2943404705731715e-14,-5.762677692628659e-14,0.9999999828254323,0.9999999828088302,0.9999999828254329,2.1748465264347202e-14,-4.5122588055767407e-14,-3.450300400252261e-14,-9.843074157564198e-14,0.999999982808831,-3.441524434440643e-14,-5.762745532081221e-14,-9.062841325160557e-14,0.9999999828088316,-8.237856956841096e-14,-4.678903478180123e-14,-1.160281104944877e-13,-8.209218604323515e-14,-3.450350376014846e-14,-3.586746042092674e-15,-5.865917583696886e-14,2.174862156856968e-14,-9.062954352184189e-14,-5.562967804720917e-14,-9.512668835738468e-14,-8.530134556093673e-14,0.9999999828088311
1.2021636274697907e-09,-1.4186492948644674e-12,-7.674873499361263e-14,-7.122591303778281e-16,-6.887858104402234e-16,-6.64529703966045e-16,-7.119151756861808e-16,-1.4042158861956793e-12,-7.153859183777111e-16,-6.644119409348432e-16,-6.945193590148852e-16,-7.054929690282343e-16,-6.899930293127339e-16,-7.827150548017087e-16,-1.5912106747091161e-10,-7.233816053674044e-16,-6.887858104402234e-16,-7.689531757644128e-14,3.0546461303400944e-09,-7.669529955808297e-14,-6.642385968655659e-16,-6.644119409348432e-16,-7.7990990028048295e-16,-7.162416898664885e-16,-7.152647611648145e-16,-1.2058047552177102e-15,-7.05492969029936e-16,-6.990042549947677e-16,-6.928918491801685e-16,-7.701130745379264e-14,-6.790313359201434e-16,-6.644119409348432e-16,-7.035535517356041e-16,-7.103630006935782e-16,-7.020489463925075e-16,-6.809607965266021e-16,-6.990042549947677e-16,-7.689491383827486e-14,-7.669536238060453e-14,-7.689491383827486e-14,-6.64529703966045e-16,-6.925805827804456e-16,-6.887858051236441e-16,-7.119151756861808e-16,-7.669536237928687e-14,-6.824857487081919e-16,-6.99004249820911e-16,-7.103630006935782e-16,-7.669536238060453e-14,-7.027854616325877e-16,-6.901849537552891e-16,-7.220149351807675e-16,-7.011972516291064e-16,-6.887858104402234e-16,-6.700329131118148e-16,-6.874842414965787e-16,-6.644119409348432e-16,-7.109419835921023e-16,-6.981071985531603e-16,-7.125654350861113e-16,-1.4186492948649365e-12,-7.669546850034631e-14
0.9999999940629108,-8.510110304477582e-14,0.9999999827975642,-9.492321932164014e-14,-3.4308201208264873e-14,2.1935596883875083e-14,-9.822700536057898e-14,-7.669465079517417e-14,-1.0239851733018319e-13,2.1935948063103773e-14,-5.1286481344387506e-14,-8.327354810084378e-14,-3.977902529679142e-14,-3.67374668866039e-14,0.9999999830621255,-1.1266670246301242e-13,-3.4309108958216055e-14,0.9999999828088312,-7.669529955808297e-14,0.9999999858481905,2.1934285821231837e-14,2.1935185863429628e-14,-1.0295535545767081e-14,-9.188865254467206e-14,-1.0239988236777475e-13,3.702616147460153e-14,-8.327435333846487e-14,-5.74293087614873e-14,-4.492655657455549e-14,0.9999999828145003,-3.0302177132178656e-14,2.19357992786432e-14,-8.355130548787873e-14,-9.042816234598447e-14,-6.294818498987362e-14,-2.275086754782437e-14,-5.742908198877224e-14,0.9999999828088315,0.999999982792106,0.999999982808832,2.1935432481124888e-14,-4.492692210125329e-14,-3.430846824008152e-14,-9.822797943260657e-14,0.9999999827921078,-3.4223009544663634e-14,-5.742919975590981e-14,-9.042620249500156e-14,0.999999982792107,-8.217880868690916e-14,-4.6593914391022285e-14,-1.1582201938430128e-13,-8.189266295039078e-14,-3.430905468752247e-14,-3.3980198405047187e-15,-5.84643768215026e-14,2.1935226425217328e-14,-9.042765386531946e-14,-5.5431470702564e-14,-9.492378093162184e-14,-8.509914082958731e-14,0.9999999827921072
1.3975187261502455e-09,-6.709547386294119e-16,2.1884718215362116e-14,-6.720093144635583e-16,-6.506842957770716e-16,-1.2544135053673853e-12,-6.718731807905726e-16,-6.64529703966045e-16,-6.753979263098968e-16,-1.2544135053662711e-12,-6.565828227147494e-16,-6.66052830553347e-16,-6.51836587969783e-16,-7.388536376638474e-16,3.774577483209659e-11,-6.822345167707155e-16,-6.503467298360838e-16,2.174785143331614e-14,-6.642385968655659e-16,2.1934285821231837e-14,3.0547898944008843e-09,-1.2544135053671466e-12,-7.366801622106964e-16,-6.754542631075166e-16,-6.746358694420804e-16,-1.1384439492730928e-15,-6.660528305533456e-16,-6.598638604192069e-16,-6.537867047049288e-16,2.1639800672056784e-14,-6.421866423656452e-16,-1.2544135053644534e-12,-6.643263599069055e-16,-6.704879299528491e-16,-6.630477086099192e-16,-6.440822944750787e-16,-6.603021888739001e-16,2.1747856398304378e-14,2.1934768706823625e-14,2.1747856398304378e-14,-1.2544135053685485e-12,-6.537891642878973e-16,-6.503467298360838e-16,-6.7251009947756e-16,2.1934527750369075e-14,-6.453944056662543e-16,-6.603021888739001e-16,-6.704895058462747e-16,2.1934607152924373e-14,-6.639498199898699e-16,-6.522958984340957e-16,-6.808989701900348e-16,-6.623453195566314e-16,-6.503467298360838e-16,-6.340643976490843e-16,-6.494899642406799e-16,-1.25441350536707e-12,-6.706140188845823e-16,-6.592230390123751e-16,-6.719231334458135e-16,-6.709547386294119e-16,2.1934354811367914e-14
1.3975170896833563e-09,-6.709079036605642e-16,2.1885298097384408e-14,-6.720093144635583e-16,-6.506842957770716e-16,-1.2544135053655193e-12,-6.718731807905726e-16,-6.642386003809853e-16,-6.749017103029186e-16,-1.254413505364396e-12,-6.561198369435373e-16,-6.66052830553347e-16,-6.516599502319795e-16,-7.388536376638474e-16,3.774757139105566e-11,-6.822345167707155e-16,-6.504193739008887e-16,2.174874044880975e-14,-6.644119409348432e-16,2.1935185863429628e-14,-1.2544135053671466e-12,3.0547898944008843e-09,-7.363628625680476e-16,-6.756479116809174e-16,-6.753979263098968e-16,-1.1384439474081806e-15,-6.660651295975156e-16,-6.600311021009807e-16,-6.537891642878973e-16,2.1640514340182544e-14,-6.421053981769747e-16,-1.2544135053625747e-12,-6.643263599069055e-16,-6.704895428119251e-16,-6.629433183146538e-16,-6.439879211788269e-16,-6.599048434314435e-16,2.1748740451817302e-14,2.1935185863429628e-14,2.1748740452329112e-14,-1.2544135053666782e-12,-6.537891642878973e-16,-6.506842957770716e-16,-6.723674837025431e-16,2.1935185863429628e-14,-6.451481893172168e-16,-6.599048434314435e-16,-6.704895058462747e-16,2.1935485015401352e-14,-6.639498199898699e-16,-6.521619582056024e-16,-6.807782347804969e-16,-6.618228991184108e-16,-6.506842957770716e-16,-6.343239413372215e-16,-6.493708765348319e-16,-1.2544135053651966e-12,-6.702641239515541e-16,-6.594644707547169e-16,-6.719959047387424e-16,-6.709079036605642e-16,2.1935485015401352e-14
1.3340423304257047e-09,-7.882302124864982e-16,-2.052306082219737e-11,-7.892399592984943e-16,-7.629188158963452e-16,-7.365577562364738e-16,-7.892668723786965e-16,-7.799341464459509e-16,-7.927747019061621e-16,-7.366801622106964e-16,-7.691169858703047e-16,-7.815308446616005e-16,-7.644019360911063e-16,-8.670404250653298e-16,-2.7650189243584607e-11,-8.012148211193258e-16,-7.630416615221284e-16,-1.0516850870879289e-14,-7.7990990028048295e-16,-1.0295535545767081e-14,-7.366801622106964e-16,-7.363628625680476e-16,3.0543231467238937e-09,-7.938528163408703e-16,-7.927354379897507e-16,-1.3364333181866828e-15,-7.815308088412686e-16,-1.5444632109342147e-12,-7.67294439938822e-16,-1.0645271019269251e-14,-7.526411976722112e-16,-7.366801622106964e-16,-7.7932565533353165e-16,-7.876284879818166e-16,-7.783263856866402e-16,-7.552968254913744e-16,-1.5444632109328422e-12,-1.0516997902478315e-14,-1.0295475484581198e-14,-1.0516737742536274e-14,-7.36305657929935e-16,-7.669655446012998e-16,-7.630416615221284e-16,-7.894870178055419e-16,-1.0295535545767081e-14,-7.564464410561498e-16,-1.5444632109328162e-12,-7.874555585420377e-16,-1.0295563693874615e-14,-7.788002574888723e-16,-7.646866290003227e-16,-8.002373903070498e-16,-7.76472563470019e-16,-7.627407747293731e-16,-7.428430578385095e-16,-7.620761725919719e-16,-7.36305657929935e-16,-7.873180146980313e-16,-7.738662248529642e-16,-7.89272449686434e-16,-7.884897365163801e-16,-1.0295736776644741e-14
1.17237979162572e-09,-7.244048032560561e-16,-9.194334323724701e-14,-7.252235718992276e-16,-7.005433932722327e-16,-6.755103298928627e-16,-7.247108684959763e-16,-7.157577944322437e-16,-7.274347768553915e-16,-6.756475527851935e-16,-7.062789374968081e-16,-7.174486462135601e-16,-7.015212410004399e-16,-7.962101796808366e-16,-1.8953016148308408e-10,-7.361583348723067e-16,-7.001478458992575e-16,-9.209237130411478e-14,-7.162416898664885e-16,-9.188865254467206e-14,-6.754542631075166e-16,-6.756479116809174e-16,-7.938528163408703e-16,3.054595353155121e-09,-7.276190272635533e-16,-1.2267389497246734e-15,-7.175420156190878e-16,-7.109676014499211e-16,-7.037570486402118e-16,-9.221086944784684e-14,-1.3768346324583537e-12,-6.755103298928627e-16,-7.15986536842397e-16,-7.235451889472028e-16,-7.143021980962318e-16,-6.929326682537115e-16,-7.107832600242962e-16,-9.20929781147372e-14,-9.188861048681009e-14,-9.209236482678187e-14,-6.755103298928627e-16,-7.042932810828798e-16,-7.005433932722327e-16,-7.247108684959763e-16,-9.188862686429862e-14,-6.93662856209331e-16,-7.107373794069163e-16,-7.229995808591135e-16,-9.18885716780487e-14,-7.151305334919447e-16,-1.3996133142814298e-12,-7.345534302039374e-16,-7.136302603209768e-16,-7.005433932722327e-16,-6.813671620317467e-16,-1.3944593130003844e-12,-6.756745570742335e-16,-7.229995808591135e-16,-7.103857901190866e-16,-7.252235718992276e-16,-7.240556114774184e-16,-9.188870819269274e-14
1.1513333207615553e-09,-7.226977894603285e-16,-1.0245426973813681e-13,-7.238713910754781e-16,-6.993439209837454e-16,-6.753979263098968e-16,-7.23594554980706e-16,-7.153859183777111e-16,-1.4498748563835403e-12,-6.749017103029186e-16,-7.058928749106597e-16,-7.168449939042768e-16,-7.008926296970237e-16,-7.949868218229026e-16,-2.10443393933233e-10,-7.355436439535035e-16,-6.993439209837454e-16,-1.0260318652709474e-13,-7.152647611648145e-16,-1.0239988236777475e-13,-6.746358694420804e-16,-6.753979263098968e-16,-7.927354379897507e-16,-7.276190272635533e-16,3.054601985567525e-09,-1.2251780451042575e-15,-7.163266074711723e-16,-7.105330996324422e-16,-7.031661719284072e-16,-1.0272171921538527e-13,-1.3753622370541872e-12,-6.753979263098968e-16,-7.152941215338589e-16,-7.219108155589757e-16,-7.133410884317442e-16,-6.919586751405154e-16,-7.099001129777489e-16,-1.0260355202374324e-13,-1.0239988236746457e-13,-1.0260355202446498e-13,-6.753979263098968e-16,-7.032901397565729e-16,-6.993439209837454e-16,-7.238957480277598e-16,-1.02399747819706e-13,-6.928647067041924e-16,-7.102635512414862e-16,-7.219108155589524e-16,-1.02399747819706e-13,-7.141246324274868e-16,-7.009275944617991e-16,-7.338156414197497e-16,-7.125527568100859e-16,-6.999129715678245e-16,-6.804436467920535e-16,-6.987410536049584e-16,-6.749017103029186e-16,-7.219108155589757e-16,-7.092667548497106e-16,-7.238713930407866e-16,-7.226977894603285e-16,-1.0240008571346802e-13
1.426576930750894e-09,-1.217812902838786e-15,3.6935339416267553e-14,-1.2193882109933473e-15,-1.1793517022384735e-15,-1.1384434320789025e-15,-1.2202780300863897e-15,-1.2058047552177102e-15,-1.2253193099604103e-15,-1.1384439492730928e-15,-1.1896396467379761e-15,-1.2086361847950413e-15,-1.1815346751017653e-15,-2.674836912699981e-12,6.260658926260306e-11,-1.2390500971934963e-15,-1.1795940477813446e-15,7.308264951533828e-11,-1.2058047552177102e-15,3.702616147460153e-14,-1.1384439492730928e-15,-1.1384439474081806e-15,-1.3364333181866828e-15,-1.2267389497246734e-15,-1.2251780451042575e-15,3.051922888417922e-09,-1.20840010909007e-15,-1.1973780856967011e-15,-1.186521815587674e-15,7.268857265373378e-11,-1.1634110968218635e-15,-1.1389472595318856e-15,-1.2053734271362425e-15,-1.2168630320294092e-15,-1.2029916104079462e-15,-1.167360746220333e-15,-1.1973549857738673e-15,7.30826495153498e-11,3.702601698085712e-14,7.308264951532492e-11,-1.138443947876381e-15,-1.1862039759567166e-15,-1.179594048867227e-15,-1.220349798196672e-15,3.702601698085712e-14,-1.169127132538186e-15,-1.1973780856967011e-15,-1.2170614339259967e-15,3.702601698085712e-14,-1.2037248388368974e-15,-1.1820499144913083e-15,-1.2365660648294566e-15,-2.395754083100656e-12,-1.1792312339403468e-15,-1.1483771251177322e-15,-2.3488973823379034e-12,-1.138443947876381e-15,-1.2170614339259967e-15,-1.1962383473745163e-15,-1.2193882109933473e-15,-1.2178129035350672e-15,3.702601698085712e-14
1.1890903677226668e-09,-7.128405288027623e-16,-8.332836181994743e-14,-7.140755712504643e-16,-6.901432699741961e-16,-6.662312913766761e-16,-7.138087224234772e-16,-7.05492969029936e-16,-7.168449939042761e-16,-6.662312913766761e-16,-6.958434726155133e-16,-1.409854745476749e-12,-6.91432565753249e-16,-7.84497000994225e-16,-1.7223900224001395e-10,-7.248809104826909e-16,-6.901432698884298e-16,-8.347512102622354e-14,-7.05492969029936e-16,-8.327435333846487e-14,-6.660528305533456e-16,-6.660651295975156e-16,-7.815308088412686e-16,-7.175420156190878e-16,-7.163266074711723e-16,-1.20840010909007e-15,3.054638034068103e-09,-7.007274866173702e-16,-6.93507006254255e-16,-8.359150762709492e-14,-6.807185444470839e-16,-6.661840287299754e-16,-7.053769964215752e-16,-7.123233039586857e-16,-7.039027411597123e-16,-6.826178864562907e-16,-7.001377499893864e-16,-8.347495182462322e-14,-8.327464321820712e-14,-8.347501879992348e-14,-6.660651295975156e-16,-6.941174148685382e-16,-6.898001458294274e-16,-7.139981705643225e-16,-8.327472785997322e-14,-1.3637780482151358e-12,-7.004687744027073e-16,-7.123233039586857e-16,-8.327435333846487e-14,-7.041106274207889e-16,-6.913058772850167e-16,-7.234664794100935e-16,-7.028742068440939e-16,-6.897617237471301e-16,-6.715509922820396e-16,-6.892378172988849e-16,-6.660528305533456e-16,-7.123233039586857e-16,-1.3953072977918764e-12,-7.140755712504643e-16,-7.126768370028422e-16,-8.327435333846487e-14
1.2404204012195964e-09,-7.060253242596047e-16,-5.748228998710742e-14,-7.070613637521091e-16,-6.840573717852511e-16,-6.603021888739001e-16,-7.07231276892975e-16,-6.990042549947677e-16,-7.102635512414862e-16,-6.603021888739001e-16,-6.893133516113928e-16,-7.003979557037477e-16,-6.847014685907295e-16,-7.77144581782604e-16,-1.2070133349024704e-10,-7.181329015205899e-16,-6.842864553678169e-16,-5.762756739424165e-14,-6.990042549947677e-16,-5.74293087614873e-14,-6.598638604192069e-16,-6.600311021009807e-16,-1.5444632109342147e-12,-7.109676014499211e-16,-7.105330996324422e-16,-1.1973780856967011e-15,-7.007274866173702e-16,3.0546613638199297e-09,-6.869848328059434e-16,-5.774235385095503e-14,-6.743649650462679e-16,-6.600310966746765e-16,-6.9942185598283805e-16,-7.056043922092263e-16,-6.970418006371971e-16,-6.765287981359464e-16,-1.3838431466715174e-12,-5.762750085310075e-14,-5.74295086675774e-14,-5.762747334610722e-14,-6.597859919682465e-16,-6.86882333375691e-16,-6.840573714402278e-16,-7.077886640259016e-16,-5.742924528238195e-14,-6.777133908253982e-16,-1.383843146671575e-12,-7.055215129412638e-16,-5.742945371697848e-14,-6.978489730488482e-16,-6.852693802997053e-16,-7.167132244578691e-16,-6.961141901858781e-16,-6.837731360185703e-16,-6.659015828911298e-16,-6.822733036985919e-16,-6.603021888739001e-16,-7.055215129412638e-16,-6.934818246525731e-16,-7.072765576545308e-16,-7.061205064066625e-16,-5.742958501497731e-14
