1.0000000157792963,1.0000313729428558,3.682722665703399e-06,3.624813601735966e-06,3.6353862028577844e-06,1.0000313018961562,1.0000313018961533,3.647724274762189e-06,3.63146174001426e-06,3.629833535858142e-06,1.0000309214475012,3.6300548903401835e-06,1.000031374019984,3.6491049388690764e-06,3.6685068966320498e-06,1.0000313018961529,1.0000314523335523,3.6353376966218714e-06,1.0000312852745046,3.634477029501909e-06,1.0000312684550539,3.647724275183252e-06,3.6477242751809257e-06,3.6219261395450234e-06,3.8037808024620733e-06,1.0000313114103547,3.6300548902763024e-06,1.0000310401800891,3.6219261382001795e-06,3.6164449586385604e-06,3.6300548893115026e-06,3.6262017534949807e-06,1.0000312905045048,3.6245751325859473e-06,1.0000312370159672,1.0000305429894802,3.614780247640211e-06,3.6300548903804023e-06,1.0000312950971069,3.6152031373331143e-06,1.0000304354327754,3.6406590071047634e-06,3.6300548902813405e-06,3.6467671895460163e-06,3.6322738903232967e-06,3.6616692445938326e-06,3.6645230898876495e-06,1.0000313136552572,1.000031268455053,1.0000300785127767,3.6541813896691842e-06,1.000031301896155,3.667310765205838e-06,1.0000313018961504,1.0000312684550547,3.6219261395561687e-06,3.6327556735190493e-06,1.0000312754312417,3.6300548892986472e-06,1.0000310059328064,3.622349861892333e-06,3.6301260688472065e-06,1.0000312915700091,3.727620055151175e-06,3.623742576988279e-06,3.630054890519371e-06,1.0000313018961544,3.671253146557746e-06,3.630054890961965e-06,3.6424484840710506e-06,3.6983368922702533e-06,3.629833532304878e-06,3.6300548897183703e-06,1.000031310846127,1.0000310564087698
1.0000313729428558,1.000038896907961,1.3419826666474176e-10,1.0513623525260853e-10,1.1044216050979481e-10,1.000039631595448,1.0000396315954492,1.1663410143917513e-10,1.0847264739336893e-10,1.0765552339420308e-10,1.0000392511424205,1.0776660705251507e-10,1.0000397037201054,1.173270003155068e-10,1.2706399414589917e-10,1.000039631595448,1.0000397820345759,1.1041781856769739e-10,1.000039614973612,1.099858975264543e-10,1.000039598153965,1.166341012323414e-10,1.166341010763927e-10,1.0368714594000825e-10,1.9495207452225954e-10,1.0000396411097614,1.0776660674675047e-10,1.000039369876377,1.0368714549049998e-10,1.0093638719054475e-10,1.0776660687167561e-10,1.0583289149963878e-10,1.0000396202036694,1.0501656696694664e-10,1.000039566714518,1.000038872680052,1.0010093835992082e-10,1.0776660650696165e-10,1.0000396247963235,1.0031316849057245e-10,1.0000387651221092,1.1308835540339165e-10,1.0776660673185871e-10,1.1615378174324454e-10,1.0888022949169842e-10,1.2363247702382502e-10,1.250647026577295e-10,1.000039643354684,1.000039598153964,1.0000384081980103,2.388653686608545e-07,1.0000396315954503,1.264637143800098e-10,1.0000396315954485,1.000039598153965,1.0368714595665178e-10,1.0912202017786182e-10,1.0000396051302343,1.0776660696969199e-10,1.0000393356286996,1.0389979722598838e-10,1.0780233312135034e-10,1.0000396212691867,1.5673030899419402e-10,1.0459873598082935e-10,1.0776660673531784e-10,1.000039631595451,2.5593735995852594e-07,1.0776660768218502e-10,1.1398642084553472e-10,1.4203436449444758e-10,1.0765552253274258e-10,1.0776660667914668e-10,1.0000396405455239,1.0000393861052417
3.682722665703399e-06,1.3419826666474176e-10,-8.057347277165527e-07,2.532345716288033e-17,2.69094598424919e-17,1.3419825687234823e-10,1.3419825693937211e-10,5.6451286383898646e-14,2.6207029230735478e-17,2.5798859915513182e-17,2.6740686303313687e-07,2.6261007571079894e-17,1.3419826699896047e-10,2.83614678090449e-17,6.14791464911596e-14,1.3419825691215818e-10,1.3419827788814674e-10,5.3318549129985934e-14,1.3419825452739208e-10,2.5936131879036782e-17,1.3419825218214058e-10,5.645128632034401e-14,5.645128627767837e-14,2.5106221155264845e-17,4.703487380397073e-17,1.341982581835837e-10,2.6111371063729942e-17,1.3419822020193003e-10,2.5106221155264845e-17,2.3758571056690616e-17,2.6275637220950896e-17,2.5238157939029394e-17,2.6740696615876546e-07,2.483801219448951e-17,2.674069511641756e-07,1.341981503681386e-10,2.3887596590878695e-17,2.6261007571079894e-17,1.3419825595181933e-10,2.390302861468158e-17,2.674067272067948e-07,2.7239802040735992e-17,2.603657738811045e-17,5.6201966798405405e-14,2.6162595807432217e-17,3.001038905571528e-17,2.996488224190396e-17,1.3419825846802877e-10,1.3419825215856017e-10,2.674066273746687e-07,2.895212140601842e-17,1.3419825691215818e-10,3.035859801144731e-17,1.3419825695556611e-10,1.3419825214756738e-10,2.5106221155264845e-17,2.6070363839748077e-17,2.6740696188265087e-07,2.618072036655684e-17,1.3419821536014477e-10,2.458046399004965e-17,2.6136191648072284e-17,1.3419825549407128e-10,7.600338998582605e-14,2.5375671306937674e-17,2.6134910010968817e-17,1.3419825693837133e-10,3.060401188300927e-17,2.618072036655684e-17,2.7352158212855297e-17,6.894731588375009e-14,2.5816020553569734e-17,2.6036577388110715e-17,1.341982580585294e-10,1.3419822245972556e-10
3.624813601735966e-06,1.0513623525260853e-10,2.532345716288033e-17,-8.057347537093784e-07,2.099057963635965e-17,1.0513622741248664e-10,1.0513622742301885e-10,2.2195877661378577e-17,2.0331636299516127e-17,2.0334081713992704e-17,1.0513618549993267e-10,2.0191102221180225e-17,1.0513623535524041e-10,2.1852939487731164e-17,2.3940884168665617e-17,1.0513622743468967e-10,1.0513624401198069e-10,2.0770283427299518e-17,1.0513622555815245e-10,2.0295089087136284e-17,1.0513622375628879e-10,2.2159760319305786e-17,2.2207247882274643e-17,1.952817103700012e-17,3.670131498923436e-17,1.051362282857333e-10,2.0441096540820055e-17,1.0513619857726058e-10,1.952817103700012e-17,1.8758372912228007e-17,2.0327887046039885e-17,1.9624725193730087e-17,1.0513622615284694e-10,1.893085481466678e-17,1.0513622025883327e-10,1.0513614379440237e-10,1.859521743098947e-17,2.0441096540842085e-17,1.0513622662110222e-10,1.8937658479802723e-17,2.0949701664298127e-07,4.2248173186394034e-14,2.0397056682187732e-17,2.1695980581557516e-17,4.072283077524985e-14,4.622230048578854e-14,2.3182002756907624e-17,1.051362287103034e-10,1.0513622365947154e-10,1.0513609242989872e-10,2.282967244445948e-17,1.0513622740527494e-10,4.699736176836587e-14,1.0513622743468967e-10,1.0513622370791935e-10,1.952817103700012e-17,4.0410550441554924e-14,1.0513622445007396e-10,2.045016339023747e-17,1.0513619461311475e-10,1.908224685272545e-17,4.0224401476135396e-14,1.051362261682763e-10,2.9662290554226825e-17,3.9092054862718534e-14,2.0372778414209203e-17,1.0513622740146584e-10,2.3378053624034388e-17,2.032788704615653e-17,2.157057188185176e-17,2.6949152098226057e-17,2.004014437492627e-17,2.0441096540820055e-17,1.0513622838156286e-10,1.0513620040383583e-10
3.6353862028577844e-06,1.1044216050979481e-10,2.69094598424919e-17,2.099057963635965e-17,-8.057347505847688e-07,1.1044215240016744e-10,1.1044215239168361e-10,2.323819054834314e-17,4.2657839497981727e-14,4.225843460821145e-14,1.1044210837264106e-10,2.145284770431299e-17,1.1044216080097398e-10,4.6096175741967834e-14,2.523869836820039e-17,1.1044215232747208e-10,1.1044216982865199e-10,2.1660025533830715e-17,1.1044215044503603e-10,2.0981556320633094e-17,1.1044214851496798e-10,2.323819054834314e-17,2.322104557484571e-17,4.072211466613137e-14,3.906552896658054e-17,1.1044215346032671e-10,2.1411987239914823e-17,1.1044212215054151e-10,4.07221148693977e-14,1.9273499802062487e-17,2.1411987239914823e-17,2.0534653734633465e-17,1.1044215110457832e-10,2.056076985295768e-17,1.104421448639814e-10,2.2006975726816558e-07,1.9594210251040085e-17,2.145284770431299e-17,1.1044215159779709e-10,1.9408748094915247e-17,2.2006973249151609e-07,2.2137700547000634e-17,2.145284770431299e-17,2.2953626784727422e-17,2.1424378867339016e-17,2.436431101803808e-17,4.882577292225669e-14,1.104421537944696e-10,1.1044214849295319e-10,1.104420108074843e-10,4.7331386070423495e-14,1.1044215231485191e-10,2.501032555445439e-17,1.1044215234302468e-10,1.1044214853564818e-10,4.0722114829464384e-14,2.1447221471983092e-17,1.1044214931926515e-10,2.145284770431299e-17,1.1044211813679308e-10,2.0548427813091404e-17,2.13196633996073e-17,1.1044215119064626e-10,3.1245801074587614e-17,2.069886128327436e-17,2.145284770431299e-17,1.1044215238948348e-10,2.485360081408906e-17,2.145284770431299e-17,2.2303985948330882e-17,2.828123210377137e-17,4.225843453734263e-14,2.145284770431299e-17,1.104421533909047e-10,1.1044212401345344e-10
1.0000313018961562,1.000039631595448,1.3419825687234823e-10,1.0513622741248664e-10,1.1044215240016744e-10,1.0000387548129421,1.0000395605479404,1.1663409272231882e-10,1.084726392761258e-10,1.0765551546682055e-10,1.0000391800949366,1.0776659896863765e-10,1.0000396326725904,1.1732699174741845e-10,1.2706398467780743e-10,1.0000395605479393,1.0000397109870556,1.1041781039278765e-10,1.0000395439261043,1.0998588918669932e-10,1.0000395271064573,1.1663409259783858e-10,1.1663409243487322e-10,1.0368713811394902e-10,1.949520600096515e-10,1.0000395700622506,1.0776659869915386e-10,1.0000392988288842,1.0368713781387128e-10,1.0093637958935152e-10,1.0776659897323693e-10,1.0583288356958715e-10,1.0000395491561602,1.0501655904895974e-10,1.0000394956670136,1.0000388016325945,1.0010093092410588e-10,1.077665985551519e-10,1.0000395537488136,1.0031316097352192e-10,1.0000386940746604,1.1308834687127613e-10,1.0776659865402975e-10,1.1615377311988377e-10,1.0888022141226331e-10,1.2363246778344731e-10,1.2506469376882064e-10,1.0000395723071747,1.0000395271064564,1.0000383371505857,1.198746380913262e-10,1.000039560547941,1.26463704826974e-10,1.0000395605479393,1.0000395271064564,1.0368713833149515e-10,1.0912201196822161e-10,1.000039534082725,1.0776659905929073e-10,1.0000392645812115,1.0389978951100261e-10,1.0780232503022868e-10,1.0000395502216786,1.567302973109988e-10,1.0459872817087465e-10,1.0776659858766786e-10,1.0000395605479409,1.2844222000981924e-10,1.0776659960561919e-10,1.1398641226916813e-10,1.4203435385280992e-10,1.0765551457669834e-10,1.0776659856902848e-10,1.000039569498014,1.0000393150577498
1.0000313018961533,1.0000396315954492,1.3419825693937211e-10,1.0513622742301885e-10,1.1044215239168361e-10,1.0000395605479404,1.000038754812941,1.166340926855016e-10,1.0847263927036864e-10,1.076555154297302e-10,1.0000391800949378,1.0776659895189066e-10,1.0000396326725907,1.1732699171879325e-10,1.2706398468742584e-10,1.00003956054794,1.0000397109870554,1.1041781036582871e-10,1.0000395439261047,1.099858891834206e-10,1.0000395271064584,1.166340925611874e-10,1.1663409243487322e-10,1.0368713814040175e-10,1.949520598998618e-10,1.0000395700622506,1.0776659868611656e-10,1.000039298828884,1.0368713777095346e-10,1.0093637958935152e-10,1.0776659891042513e-10,1.058328835772492e-10,1.00003954915616,1.0501655904895974e-10,1.000039495667014,1.0000388016325958,1.0010093085172346e-10,1.0776659851148577e-10,1.0000395537488145,1.0031316097779317e-10,1.0000386940746597,1.1308834688569596e-10,1.0776659864838319e-10,1.1615377311519672e-10,1.0888022140885644e-10,1.236324677837688e-10,1.2506469372592949e-10,1.000039572307175,1.0000395271064564,1.000038337150585,1.1987463812277242e-10,1.000039560547941,1.264637048634113e-10,1.0000395605479393,1.0000395271064577,1.036871383222704e-10,1.0912201198970148e-10,1.0000395340827262,1.0776659900565635e-10,1.0000392645812115,1.0389978949605225e-10,1.0780232504067247e-10,1.000039550221679,1.5673029731686533e-10,1.045987281752095e-10,1.0776659859211388e-10,1.0000395605479409,1.2844222011883001e-10,1.0776659952639353e-10,1.1398641226831169e-10,1.4203435388038851e-10,1.0765551459755644e-10,1.0776659856902848e-10,1.000039569498014,1.000039315057749
3.647724274762189e-06,1.1663410143917513e-10,5.6451286383898646e-14,2.2195877661378577e-17,2.323819054834314e-17,1.1663409272231882e-10,1.166340926855016e-10,-8.057347414348762e-07,2.254700533461684e-17,2.2608447525961343e-17,2.3240806245118418e-07,2.2785218365127818e-17,1.1663410153504477e-10,2.4571956143482747e-17,5.334921013353591e-14,1.1663409275275028e-10,1.166341108915688e-10,4.626620726627772e-14,1.16634090706674e-10,2.2461771549829875e-17,1.1663408861682437e-10,4.8986499016624424e-14,4.898649898026005e-14,2.17702695995496e-17,4.0790045875683766e-17,1.1663409388018807e-10,2.273246806271558e-17,1.16634060830966e-10,2.163079949491332e-17,2.0842247902174696e-17,2.288109689523498e-17,2.195465141701057e-17,1.1663409140943536e-10,2.1469634622675492e-17,1.1663408490904791e-10,1.166340001827897e-10,2.0794160610854668e-17,2.2870412745689264e-17,1.1663409198693122e-10,2.0939345797185994e-17,2.3240794432519446e-07,2.371150539356818e-17,2.2753263876623504e-17,4.8769900369330864e-14,2.3005431714886402e-17,2.5854134116568457e-17,2.5988167671153202e-17,1.1663409419074846e-10,1.1663408863837224e-10,2.3240785750181764e-07,2.5125857651791757e-17,1.1663409271264678e-10,2.6232307427774253e-17,1.1663409275275028e-10,1.1663408863471023e-10,2.163079949491332e-17,2.2752004323018654e-17,1.1663408949825996e-10,2.288109689523498e-17,1.1663405662825198e-10,2.1395999570515434e-17,2.2500896595743653e-17,1.166340914883861e-10,6.595526512948194e-14,2.1949378535293776e-17,2.2732468639063546e-17,1.1663409275275028e-10,2.655763804582941e-17,2.288109689523498e-17,2.3720381188555528e-17,5.983307378227246e-14,2.242203115233364e-17,2.273246806271558e-17,1.1663409381151083e-10,1.1663406279039635e-10
3.63146174001426e-06,1.0847264739336893e-10,2.6207029230735478e-17,2.0331636299516127e-17,4.2657839497981727e-14,1.084726392761258e-10,1.0847263927036864e-10,2.254700533461684e-17,-8.05734751028316e-07,4.1324170951920854e-14,1.0847259601034141e-10,2.084859665377459e-17,1.0847264742201465e-10,2.2382323277065343e-17,2.4768526833124656e-17,1.0847263928194743e-10,1.084726564279248e-10,2.1334214126827776e-17,1.0847263741433414e-10,2.071746159230894e-17,1.084726354168285e-10,2.2524670197626738e-17,2.276576799906425e-17,1.985057019672295e-17,7.516258089370677e-14,1.0847264036987724e-10,2.081316946725579e-17,1.0847260952685185e-10,1.98249523972825e-17,1.9124618708600984e-17,2.081316946725579e-17,4.0461295831496785e-14,1.084726379932872e-10,1.9564519712094117e-17,1.0847263182580009e-10,2.1614525690165507e-07,1.8914799044904292e-17,2.0958248754977312e-17,1.0847263853927674e-10,1.9168159889397073e-17,2.1614523252720122e-07,2.1802073560199423e-17,2.081316946725579e-17,2.2577964536315838e-17,2.116164240646302e-17,2.3843629985840615e-17,4.773558589181781e-14,1.0847264057068144e-10,1.084726353338585e-10,1.0847250012139127e-10,4.6296138013076364e-14,1.0847263925831256e-10,2.423408157393337e-17,1.0847263926995099e-10,1.0847263541273092e-10,1.98249523972825e-17,2.0683014860284377e-17,1.0847263634065175e-10,2.0852764427737734e-17,1.084726056066129e-10,1.9570688455808253e-17,2.063668938122515e-17,1.0847263814517711e-10,3.0714275879503813e-17,2.0328511637913268e-17,2.0848314659165664e-17,1.0847263927757473e-10,2.467539021509402e-17,2.081316946725579e-17,2.148874135946784e-17,2.7862492741328525e-17,4.132417089113994e-14,2.0980820032402666e-17,1.084726403343941e-10,1.0847261135332706e-10
3.629833535858142e-06,1.0765552339420308e-10,2.5798859915513182e-17,2.0334081713992704e-17,4.225843460821145e-14,1.0765551546682055e-10,1.076555154297302e-10,2.2608447525961343e-17,4.1324170951920854e-14,-8.057347493963904e-07,1.0765547239991186e-10,2.0850494352323663e-17,1.076555235682244e-10,2.265758405019274e-17,2.4503100389097953e-17,1.0765551545311934e-10,1.0765553238095388e-10,2.1354539302693118e-17,1.0765551340438587e-10,2.0238016052039596e-17,1.0765551148767686e-10,2.2530776346214075e-17,2.253077778238639e-17,1.9771861784574652e-17,7.445643033971484e-14,1.0765551647759453e-10,2.072561056527078e-17,1.0765548589401757e-10,1.9822951571849665e-17,1.897398594666978e-17,2.072561056527078e-17,4.0075156300276823e-14,1.0765551412444719e-10,1.928108533388102e-17,1.0765550805761597e-10,2.1451703564063863e-07,1.8998701312029276e-17,2.062065064371511e-17,1.0765551476004214e-10,1.9192636161488556e-17,2.145170114322173e-07,2.1679390399181066e-17,2.072561056527078e-17,2.2320109677792635e-17,2.071402692404841e-17,2.381400231898588e-17,2.3779278725861385e-17,1.0765551677366654e-10,1.0765551148767682e-10,1.0765537695941482e-10,4.586258021302923e-14,1.0765551546041285e-10,2.3834777097316284e-17,1.0765551545311934e-10,1.076555115844664e-10,1.9822951571849665e-17,2.053172974945111e-17,1.0765551243574942e-10,2.0546704122494558e-17,1.0765548200294486e-10,1.952814263465421e-17,2.0467513760158988e-17,1.0765551420966165e-10,3.055695203690121e-17,2.0314234511633136e-17,2.0524320227706972e-17,1.0765551540893162e-10,2.3923142466775616e-17,2.0525320864290592e-17,2.1587485822113022e-17,2.7552093616737023e-17,4.093274000748463e-14,2.0525320864290595e-17,1.0765551639940951e-10,1.0765548770327575e-10
1.0000309214475012,1.0000392511424205,2.6740686303313687e-07,1.0513618549993267e-10,1.1044210837264106e-10,1.0000391800949366,1.0000391800949378,2.3240806245118418e-07,1.0847259601034141e-10,1.0765547239991186e-10,1.0000379939070745,1.0776655618989634e-10,1.0000392522195607,1.1732694489852087e-10,2.531909307691056e-07,1.0000391800949369,1.0000393305339974,1.1041776679734902e-10,1.0000391634731072,1.0998584508978539e-10,1.0000391466534668,2.3240806216685356e-07,2.324080618028298e-07,1.0368709676393659e-10,1.9495198230074713e-10,1.000039189609244,1.077665558966813e-10,1.000038918375978,1.0368709641606011e-10,1.0093633914130292e-10,1.077665560926892e-10,1.058328412924314e-10,1.0000391687031613,1.0501651682722033e-10,1.0000391152140347,1.000038421179875,1.0010089079256837e-10,1.0776655571833388e-10,1.0000391732958136,1.0031312075125503e-10,1.0000383136219793,2.253427192414465e-07,1.0776655590815902e-10,1.1615372690313042e-10,1.0888017802186158e-10,2.4635320295766747e-07,1.250646436947744e-10,1.0000391918541653,1.0000391466534666,1.000037956698038,1.1987459037791395e-10,1.0000391800949386,1.2646365427713797e-10,1.0000391800949366,1.0000391466534668,1.0368709690564045e-10,1.0912196836697302e-10,1.0000391536297337,1.0776655622814407e-10,1.0000388841283177,1.0389974799821278e-10,1.0780228220245641e-10,1.0000391697686788,3.123047805254552e-07,1.0459868633660601e-10,1.0776655582093703e-10,1.0000391800949378,1.2844216861128648e-10,1.0776655680190382e-10,1.1398636662275543e-10,2.830212694470424e-07,1.0765547163256948e-10,1.0776655582683817e-10,1.0000391890450073,1.0000389346048373
3.6300548903401835e-06,1.0776660705251507e-10,2.6261007571079894e-17,2.0191102221180225e-17,2.145284770431299e-17,1.0776659896863765e-10,1.0776659895189066e-10,2.2785218365127818e-17,2.084859665377459e-17,2.0850494352323663e-17,1.0776655618989634e-10,-8.057347480204876e-07,1.0776660711601414e-10,2.2740330120323173e-17,2.4745214645126805e-17,1.0776659902596837e-10,1.0776661600726187e-10,2.1386022144745254e-17,1.07766597224051e-10,2.1005828149312546e-17,1.077665952870885e-10,2.2753263876623504e-17,2.273246806271558e-17,2.02300176918457e-17,3.7869517294315015e-17,1.0776659998734573e-10,4.1825163259037596e-14,1.0776656953942895e-10,2.0060084446264307e-17,1.9120365717188235e-17,4.1825163192890883e-14,2.0395020676164467e-17,1.0776659782834134e-10,2.0033429509425628e-17,1.0776659175795248e-10,1.0776651351697766e-10,1.9350690562670826e-17,4.1825163173008036e-14,1.0776659832582782e-10,1.9200254838269367e-17,2.1473835961073948e-07,2.188886818949377e-17,4.182516318151784e-14,2.258843637880761e-17,2.1125355910256238e-17,2.396478001974145e-17,2.382629627508719e-17,1.0776660034082358e-10,1.0776659535629777e-10,1.0776646114564749e-10,2.3148651674231368e-17,1.0776659895190043e-10,2.412651469435148e-17,1.0776659902596837e-10,1.0776659529241205e-10,2.0060084446264307e-17,2.0931800813439347e-17,1.0776659607906745e-10,4.18251631604664e-14,1.0776656575998569e-10,2.0057935396935824e-17,2.0760597968006447e-17,1.0776659787066234e-10,3.0634147952478175e-17,2.0145816496554587e-17,4.182516311351939e-14,1.0776659897068438e-10,2.4673259213407188e-17,4.1825163263739983e-14,2.195655752528227e-17,2.7684942137685583e-17,2.072561056527078e-17,4.18251631840065e-14,1.0776660000565408e-10,1.0776657142507905e-10
1.000031374019984,1.0000397037201054,1.3419826699896047e-10,1.0513623535524041e-10,1.1044216080097398e-10,1.0000396326725904,1.0000396326725907,1.1663410153504477e-10,1.0847264742201465e-10,1.076555235682244e-10,1.0000392522195607,1.0776660711601414e-10,1.0000388990622484,2.3378886181060156e-07,1.2706399425231295e-10,1.0000396326725913,1.000039783111717,1.1041781868762653e-10,1.0000396160507545,1.0998589760932184e-10,1.0000395992311053,1.16634101436486e-10,1.1663410122568395e-10,1.036871459451509e-10,3.8846662225804373e-07,1.0000396421869027,1.0776660690904883e-10,1.0000393709535174,1.03687145582926e-10,1.0093638726526579e-10,1.0776660707519744e-10,1.0583289159457372e-10,1.0000396212808098,1.0501656706550697e-10,1.0000395677916591,1.0000388737571921,1.0010093831226645e-10,1.0776660671898889e-10,1.000039625873465,1.0031316858548584e-10,1.000038766199251,1.1308835548172309e-10,1.0776660691388963e-10,1.1615378214568175e-10,1.0888022969557602e-10,1.2363247715739504e-10,1.250647032234572e-10,1.0000396444318267,1.000039599231105,1.0000384092751502,2.388653689653076e-07,1.0000396326725929,2.5199491787406544e-07,1.0000396326725918,1.000039599231106,1.0368714607960696e-10,2.1743940304957453e-07,1.0000396062073755,1.0776660721993469e-10,1.000039336705842,1.0389979712732648e-10,1.0780233324778322e-10,1.0000396223463277,3.1230492818914594e-07,1.0459873607952292e-10,1.0776660675650431e-10,1.0000396326725922,1.2844222991066344e-10,1.0776660777983789e-10,2.2713233544214497e-07,1.4203436463228356e-10,1.0765552267978927e-10,1.0776660685700494e-10,1.0000396416226653,1.0000393871823827
3.6491049388690764e-06,1.173270003155068e-10,2.83614678090449e-17,2.1852939487731164e-17,4.6096175741967834e-14,1.1732699174741845e-10,1.1732699171879325e-10,2.4571956143482747e-17,2.2382323277065343e-17,2.265758405019274e-17,1.1732694489852087e-10,2.2740330120323173e-17,2.3378886181060156e-07,-8.057347446169162e-07,2.6655216713051093e-17,1.173269917111333e-10,2.3378888097626274e-07,2.3135873476169144e-17,1.1732698969805414e-10,2.2490984702638532e-17,1.1732698754322284e-10,2.454756443368292e-17,2.4444404069145255e-17,4.3030286046734625e-14,4.0825035664447467e-17,1.1732699282706258e-10,2.2704661251738865e-17,1.1732695951024223e-10,4.303028627463038e-14,2.059204121522033e-17,2.2704661251738865e-17,2.1985722012265758e-17,1.1732699035588043e-10,2.134906299676721e-17,1.1732698371945393e-10,2.3378865792974572e-07,2.052476229540752e-17,2.2704661251738865e-17,1.1732699096749746e-10,2.0570754360138995e-17,2.3378863155580562e-07,2.3591854810178336e-17,2.2607638171775e-17,2.4347683039367933e-17,2.287779447575025e-17,2.5715515633077506e-17,2.6122146601229553e-17,1.1732699315830025e-10,1.1732698766635067e-10,1.1732684114154157e-10,5.002768285988662e-14,1.173269917768707e-10,2.632170935469159e-17,1.173269917768707e-10,1.1732698754322284e-10,4.303028622272286e-14,2.2836620801862347e-17,1.173269884588402e-10,2.2704661251738865e-17,1.173269552176883e-10,2.118642974802874e-17,2.227832891297677e-17,1.1732699046105856e-10,3.316503920092072e-17,2.1899999947151936e-17,2.2563523577864527e-17,1.1732699175967055e-10,2.6384263597191476e-17,2.2737836544043852e-17,4.6949631511420647e-14,2.988581679387293e-17,2.265758405019274e-17,2.2792560111119096e-17,1.1732699280092992e-10,1.1732696154418857e-10
3.6685068966320498e-06,1.2706399414589917e-10,6.14791464911596e-14,2.3940884168665617e-17,2.523869836820039e-17,1.2706398467780743e-10,1.2706398468742584e-10,5.334921013353591e-14,2.4768526833124656e-17,2.4503100389097953e-17,2.531909307691056e-07,2.4745214645126805e-17,1.2706399425231295e-10,2.6655216713051093e-17,-8.057347290829381e-07,1.2706398468742584e-10,1.2706400463075513e-10,5.038622721332638e-14,1.2706398249173505e-10,2.4732516757397642e-17,1.2706398029581092e-10,5.33492100734711e-14,5.3349210034024484e-14,2.37137863044936e-17,4.4447276828035724e-17,1.2706398602068772e-10,2.470930416222985e-17,1.2706394996018432e-10,2.3669015718345886e-17,2.2775805051286203e-17,2.472415423158356e-17,2.3704572564626547e-17,2.5319102848926574e-07,2.3546000049837016e-17,1.2706397608161398e-10,2.531908305303773e-07,2.2620005162979243e-17,2.464091318980722e-17,1.270639837978072e-10,2.274409065214171e-17,2.531908020618765e-07,2.575317517761068e-17,2.4730625849503846e-17,5.311326326221964e-14,2.4850958526145554e-17,2.827288834419428e-17,2.842350574415359e-17,1.2706398628922071e-10,1.2706398022871856e-10,2.531907074609933e-07,2.745138043126794e-17,1.2706398472423656e-10,2.8638153249469785e-17,1.2706398468742584e-10,1.2706398025166034e-10,2.364383641835573e-17,2.4727398910935165e-17,1.2706398124268682e-10,2.4730625849503846e-17,1.2706394537605036e-10,2.3299583525246295e-17,2.447958266805783e-17,1.2706398337092408e-10,7.182970070684225e-14,2.3897706208212828e-17,2.4730625849503846e-17,1.2706398469251013e-10,2.8790702719911764e-17,2.4587047491791854e-17,2.565081330273785e-17,6.516246433976375e-14,2.4328783726339146e-17,2.4730625849503846e-17,1.2706398591315197e-10,1.2706395203852165e-10
1.0000313018961529,1.000039631595448,1.3419825691215818e-10,1.0513622743468967e-10,1.1044215232747208e-10,1.0000395605479393,1.00003956054794,1.1663409275275028e-10,1.0847263928194743e-10,1.0765551545311934e-10,1.0000391800949369,1.0776659902596837e-10,1.0000396326725913,1.173269917111333e-10,1.2706398468742584e-10,1.0000387548129421,1.0000397109870554,1.1041781037452667e-10,1.0000395439261054,1.0998588922592046e-10,1.0000395271064568,1.16634092559422e-10,1.1663409240460038e-10,1.0368713811050495e-10,1.9495205991511952e-10,1.0000395700622515,1.0776659871547594e-10,1.0000392988288835,1.0368713780824754e-10,1.0093637965549878e-10,1.0776659896799833e-10,1.0583288358718977e-10,1.0000395491561604,1.0501655910360052e-10,1.0000394956670131,1.000038801632595,1.001009308345453e-10,1.0776659850035143e-10,1.0000395537488134,1.0031316092479823e-10,1.00003869407466,1.1308834688569596e-10,1.0776659865402975e-10,1.1615377314360203e-10,1.0888022141674128e-10,1.2363246778375676e-10,1.2506469373863555e-10,1.000039572307173,1.0000395271064564,1.000038337150585,1.1987463818772476e-10,1.000039560547941,1.2646370495658936e-10,1.0000395605479395,1.0000395271064568,1.0368713824564366e-10,1.0912201200131268e-10,1.0000395340827253,1.0776659900565635e-10,1.0000392645812115,1.0389978947015969e-10,1.0780232505309326e-10,1.0000395502216781,1.567302973610801e-10,1.0459872813651023e-10,1.0776659859701459e-10,1.0000395605479409,1.2844222011883001e-10,1.0776659960561919e-10,1.139864122780823e-10,1.4203435387040744e-10,1.0765551457957865e-10,1.0776659866963939e-10,1.0000395694980142,1.0000393150577493
1.0000314523335523,1.0000397820345759,1.3419827788814674e-10,1.0513624401198069e-10,1.1044216982865199e-10,1.0000397109870556,1.0000397109870554,1.166341108915688e-10,1.084726564279248e-10,1.0765553238095388e-10,1.0000393305339974,1.0776661600726187e-10,1.000039783111717,2.3378888097626274e-07,1.2706400463075513e-10,1.0000397109870554,1.000039055691192,1.1041782779650423e-10,1.0000396943652181,1.0998590670710874e-10,1.0000396775455684,1.1663411087393144e-10,1.1663411068214315e-10,1.0368715447824222e-10,1.9495209063956123e-10,1.0000397205013685,1.0776661578073217e-10,1.0000394492679623,1.0368715412883655e-10,1.0093639568971235e-10,1.0776661587865624e-10,1.0583290031357453e-10,1.000039699595275,1.0501657570785537e-10,1.0000396461061198,1.000038952071599,1.001009467456057e-10,1.0776661551794922e-10,1.0000397041879294,1.0031317683764177e-10,1.000038844513649,1.1308836470979913e-10,1.0776661565492679e-10,1.1615379137643097e-10,1.0888023862531689e-10,1.2363248743450762e-10,1.2506471354087808e-10,1.0000397227462912,1.000039677545568,1.0000384875895207,1.198746570323873e-10,1.0000397109870574,1.2646372485946643e-10,1.0000397109870558,1.0000396775455673,1.0368715466973207e-10,1.0912202932246329e-10,1.0000396845218387,1.0776661601865753e-10,1.000039415020282,1.0389980596901339e-10,1.078023420464358e-10,1.0000397006607928,3.1230495368718293e-07,1.0459874466709217e-10,1.0776661555042521e-10,1.0000397109870567,1.2844224054912514e-10,1.0776661664274807e-10,1.1398643025291567e-10,1.4203437614391298e-10,1.0765553155760707e-10,1.0776661572296697e-10,1.0000397199371314,1.0000394654968299
3.6353376966218714e-06,1.1041781856769739e-10,5.3318549129985934e-14,2.0770283427299518e-17,2.1660025533830715e-17,1.1041781039278765e-10,1.1041781036582871e-10,4.626620726627772e-14,2.1334214126827776e-17,2.1354539302693118e-17,1.1041776679734902e-10,2.1386022144745254e-17,1.1041781868762653e-10,2.3135873476169144e-17,5.038622721332638e-14,1.1041781037452667e-10,1.1041782779650423e-10,-8.057347509358548e-07,1.104178084442292e-10,2.1393199332574812e-17,1.1041780650673129e-10,4.626620721422842e-14,4.6266207180822074e-14,2.0394442167789887e-17,3.8514990320344985e-17,1.1041781143611069e-10,2.1385432194617788e-17,1.1041778013433191e-10,2.0323179856050508e-17,1.968703935711504e-17,2.1385432194617788e-17,2.070902859782512e-17,1.104178091921839e-10,2.0322989112682836e-17,1.1041780288047631e-10,1.10417722671743e-10,1.9475872807468742e-17,2.1358006732073034e-17,1.1041780959908566e-10,1.982532011764053e-17,2.2002122810593784e-07,2.239166826677432e-17,2.1386027737232693e-17,4.606128064957849e-14,2.156483643198117e-17,2.4300206386652198e-17,2.4536908729129954e-17,1.1041781173282328e-10,1.104178065069291e-10,2.2002114582733555e-07,2.3746755707490186e-17,1.1041781037823256e-10,2.515291010309442e-17,1.1041781035479907e-10,1.1041780650266865e-10,2.0323177769270814e-17,2.1304499045614155e-17,1.104178073123396e-10,2.1385432194617788e-17,1.1041777614322433e-10,2.028738299107036e-17,2.137642868716691e-17,1.1041780918130713e-10,6.229571946339911e-14,2.0707037760496473e-17,2.1386022144745254e-17,1.1041781037256938e-10,2.5099725711147124e-17,2.1386022144745254e-17,2.2227742866337004e-17,5.6514694817175027e-14,2.1043042626680556e-17,2.1385432194617788e-17,1.1041781141298075e-10,1.1041778202574869e-10
1.0000312852745046,1.000039614973612,1.3419825452739208e-10,1.0513622555815245e-10,1.1044215044503603e-10,1.0000395439261043,1.0000395439261047,1.16634090706674e-10,1.0847263741433414e-10,1.0765551340438587e-10,1.0000391634731072,1.07766597224051e-10,1.0000396160507545,1.1732698969805414e-10,1.2706398249173505e-10,1.0000395439261054,1.0000396943652181,1.104178084442292e-10,1.0000387215692697,1.0998588726073681e-10,1.0000395104846223,1.1663409055904656e-10,1.1663409037625237e-10,1.0368713634739369e-10,3.8846658607153086e-07,1.0000395534404163,1.0776659698361583e-10,1.0000392822070523,1.0368713601020851e-10,1.0093637791024584e-10,1.0776659708707772e-10,1.058328818631019e-10,1.0000395325343243,1.05016557138407e-10,1.0000394790451792,1.0000387850107721,1.0010092911221882e-10,1.0776659673111827e-10,1.0000395371269784,1.0031315917268833e-10,1.0000386774528387,1.1308834489002021e-10,1.0776659688036688e-10,1.1615377104707806e-10,1.0888021956420249e-10,1.2363246560929593e-10,1.2506469153380558e-10,1.000039555685338,1.0000395104846234,1.0000383205287708,1.198746360166651e-10,1.0000395439261056,2.51994894330317e-07,1.0000395439261054,1.000039510484623,1.0368713647189953e-10,1.0912201002997154e-10,1.0000395174608898,1.0776659728730397e-10,1.0000392479593814,1.0389978736313198e-10,1.0780232312445371e-10,1.0000395335998433,1.5673029448563199e-10,1.0459872634219873e-10,1.0776659678255512e-10,1.0000395439261047,1.2844221789318138e-10,1.077665977396546e-10,1.1398641027876871e-10,1.4203435139991376e-10,1.0765551256523914e-10,1.0776659683580947e-10,1.0000395528761776,1.0000392984359183
3.634477029501909e-06,1.099858975264543e-10,2.5936131879036782e-17,2.0295089087136284e-17,2.0981556320633094e-17,1.0998588918669932e-10,1.099858891834206e-10,2.2461771549829875e-17,2.071746159230894e-17,2.0238016052039596e-17,1.0998584508978539e-10,2.1005828149312546e-17,1.0998589760932184e-10,2.2490984702638532e-17,2.4732516757397642e-17,1.0998588922592046e-10,1.0998590670710874e-10,2.1393199332574812e-17,1.0998588726073681e-10,-8.057347491263246e-07,1.0998588536996456e-10,2.273495816063823e-17,2.2461771549829878e-17,1.975178456036641e-17,3.739590023122174e-17,1.0998589029156561e-10,2.1005828149312546e-17,2.191607108218217e-07,1.9879802064246817e-17,1.8510826327234934e-17,2.1018564788371626e-17,2.0547853959631494e-17,1.0998588787253307e-10,2.0032891917897682e-17,1.099858815111473e-10,2.1916059576740666e-07,1.925050809306603e-17,2.0840809342534305e-17,1.0998588843365333e-10,1.8743153575007546e-17,2.1916057089216282e-07,2.2070922676658344e-17,2.0820043549454724e-17,2.2621247065484947e-17,2.0774344428550495e-17,2.3730069779823032e-17,4.751169378898572e-14,1.0998589068734093e-10,1.0998588536996456e-10,1.0998574711446832e-10,2.3136117221144614e-17,1.099858892011046e-10,2.4339203944669628e-17,1.0998588920651558e-10,1.0998588537756364e-10,1.975178456036641e-17,2.113050025743617e-17,1.0998588614417265e-10,2.1018564788371626e-17,1.0998585487872853e-10,1.9487377533902623e-17,2.08516034522131e-17,1.0998588804520068e-10,3.0478789333769797e-17,2.0388183010937456e-17,2.1018564788371626e-17,1.099858891834206e-10,2.4744503847221328e-17,2.0820043549454724e-17,2.153257836985219e-17,5.5153911492441586e-14,2.057926324550551e-17,2.1005828149312546e-17,1.0998589025043765e-10,2.1916071457033863e-07
1.0000312684550539,1.000039598153965,1.3419825218214058e-10,1.0513622375628879e-10,1.1044214851496798e-10,1.0000395271064573,1.0000395271064584,1.1663408861682437e-10,1.084726354168285e-10,1.0765551148767686e-10,1.0000391466534668,1.077665952870885e-10,1.0000395992311053,1.1732698754322284e-10,1.2706398029581092e-10,1.0000395271064568,1.0000396775455684,1.1041780650673129e-10,1.0000395104846223,1.0998588536996456e-10,1.000038687929976,1.1663408848665566e-10,1.1663408827583493e-10,1.0368713447631104e-10,3.8846657922538294e-07,1.0000395366207684,1.0776659490241355e-10,1.0000392653874106,1.0368713412360523e-10,1.0093637609134177e-10,1.0776659523203083e-10,1.0583287988496134e-10,1.000039515714678,1.0501655526511182e-10,1.000039462225533,1.0000387681911371,1.0010092737703141e-10,1.077665948142263e-10,1.0000395203073313,1.0031315743154188e-10,1.000038660633207,1.1308834298514424e-10,1.0776659491119138e-10,1.1615376904707809e-10,1.0888021762915253e-10,1.2363246341493956e-10,1.2506468933380263e-10,1.0000395388656915,1.0000394936649755,1.0000383037091425,1.1987463385089927e-10,1.0000395271064586,1.2646370045105247e-10,1.000039527106458,1.0000394936649761,1.0368713462911693e-10,1.091220081426502e-10,1.0000395006412455,1.0776659536862006e-10,1.0000392311397386,1.0389978574237271e-10,1.0780232128403387e-10,1.0000395167801956,1.567302918849387e-10,1.0459872451821384e-10,1.0776659495005379e-10,1.0000395271064588,1.2844221551812222e-10,1.0776659589141407e-10,1.1398640822407809e-10,1.4203434897900501e-10,1.076555107895899e-10,1.0776659495382994e-10,1.0000395360565313,1.0000392816162755
3.647724275183252e-06,1.166341012323414e-10,5.645128632034401e-14,2.2159760319305786e-17,2.323819054834314e-17,1.1663409259783858e-10,1.166340925611874e-10,4.8986499016624424e-14,2.2524670197626738e-17,2.2530776346214075e-17,2.3240806216685356e-07,2.2753263876623504e-17,1.16634101436486e-10,2.454756443368292e-17,5.33492100734711e-14,1.16634092559422e-10,1.1663411087393144e-10,4.626620721422842e-14,1.1663409055904656e-10,2.273495816063823e-17,1.1663408848665566e-10,-8.057347414348762e-07,4.8986498925112614e-14,2.163079949491332e-17,4.094014446051269e-17,1.1663409369825804e-10,2.2753263876623504e-17,1.1663406066733606e-10,2.163079949491332e-17,2.07597492300613e-17,2.2732468639063546e-17,2.1974938961569408e-17,1.1663409141965194e-10,2.1539594799207755e-17,1.1663408468267166e-10,1.1663400005558576e-10,2.0615709989971734e-17,2.2856182335716053e-17,1.1663409183807014e-10,2.0939345797185994e-17,2.324079440408644e-07,2.3681263079951215e-17,2.2791927249770832e-17,4.8769900314455484e-14,2.2783075793442842e-17,2.5811198994469197e-17,2.5988167671153202e-17,1.1663409403662152e-10,1.1663408850708955e-10,2.3240785721748747e-07,2.5062517426414692e-17,1.1663409256194595e-10,2.648679135774472e-17,1.166340925611874e-10,1.1663408850999205e-10,2.163079949491332e-17,2.2752004323018654e-17,1.1663408932102775e-10,2.288109689523498e-17,1.1663405647278674e-10,2.1548422864815795e-17,2.2657166981523998e-17,1.1663409133912663e-10,6.595526505522573e-14,2.1846379727056412e-17,2.288109689523498e-17,1.1663409262339422e-10,2.654611108952066e-17,2.2843313447686826e-17,2.3720381188555528e-17,5.983307371488985e-14,2.2567259840559935e-17,2.2753263876623504e-17,1.1663409368230447e-10,1.1663406273775018e-10
3.6477242751809257e-06,1.166341010763927e-10,5.645128627767837e-14,2.2207247882274643e-17,2.322104557484571e-17,1.1663409243487322e-10,1.1663409243487322e-10,4.898649898026005e-14,2.276576799906425e-17,2.253077778238639e-17,2.324080618028298e-07,2.273246806271558e-17,1.1663410122568395e-10,2.4444404069145255e-17,5.3349210034024484e-14,1.1663409240460038e-10,1.1663411068214315e-10,4.6266207180822074e-14,1.1663409037625237e-10,2.2461771549829878e-17,1.1663408827583493e-10,4.8986498925112614e-14,-8.057347414348762e-07,2.18081826013381e-17,4.077722073040493e-17,1.1663409354982203e-10,2.273246806271558e-17,1.1663406049540238e-10,2.163079949491332e-17,2.074141387149867e-17,2.2732468639063546e-17,2.195465141701057e-17,1.16634091031241e-10,2.1546541623040416e-17,1.1663408443421377e-10,1.1663399987582843e-10,2.0794160610854668e-17,2.2856182335716053e-17,1.166340916332731e-10,2.0917465019720182e-17,2.3240794367684037e-07,2.3722873799897295e-17,2.279998565215947e-17,4.8769900278373144e-14,2.2697164503778492e-17,2.5854134116568457e-17,2.5968463224025484e-17,1.166340938546805e-10,1.1663408832605428e-10,2.3240785685346368e-07,2.5062517426441303e-17,1.1663409241498697e-10,2.6426609928714707e-17,1.1663409243487322e-10,1.1663408827403108e-10,2.163079949491332e-17,2.248908211353663e-17,1.166340891470813e-10,2.3057341417686668e-17,1.166340562833272e-10,2.1476779394052168e-17,2.2593199079230265e-17,1.1663409116199071e-10,6.595526500515486e-14,2.1949378535293776e-17,2.3057341949823768e-17,1.1663409237522962e-10,2.654611108952066e-17,2.2864357618835503e-17,2.3645380428579936e-17,5.983307366893424e-14,2.2608447525961343e-17,2.288109689523498e-17,1.1663409348180954e-10,1.1663406249799056e-10
3.6219261395450234e-06,1.0368714594000825e-10,2.5106221155264845e-17,1.952817103700012e-17,4.072211466613137e-14,1.0368713811394902e-10,1.0368713814040175e-10,2.17702695995496e-17,1.985057019672295e-17,1.9771861784574652e-17,1.0368709676393659e-10,2.02300176918457e-17,1.036871459451509e-10,4.3030286046734625e-14,2.37137863044936e-17,1.0368713811050495e-10,1.0368715447824222e-10,2.0394442167789887e-17,1.0368713634739369e-10,1.975178456036641e-17,1.0368713447631104e-10,2.163079949491332e-17,2.18081826013381e-17,-8.057347524578558e-07,3.5996315656091064e-17,1.0368713908886169e-10,2.02300176918457e-17,1.036871096745661e-10,3.801288661264468e-14,1.8611555860502124e-17,2.011991178863188e-17,1.9429392154401597e-17,1.0368713692197849e-10,1.8967467455442674e-17,1.0368713101841514e-10,1.0368705554556318e-10,1.8125611879198175e-17,2.0202926579558116e-17,1.0368713736878275e-10,1.8053172804322055e-17,2.066095259103652e-07,2.084938342541663e-17,2.002735709776911e-17,2.155253627285806e-17,2.0154087310993092e-17,2.2916767067764348e-17,2.289442769251644e-17,1.0368713938868757e-10,1.0368713446567678e-10,1.0368700495366911e-10,4.4195255448009954e-14,1.0368713814040175e-10,2.3349117331884782e-17,1.0368713813965524e-10,1.0368713446567678e-10,3.801288656616867e-14,2.0003200733142086e-17,1.036871351614294e-10,2.02300176918457e-17,1.0368710592863589e-10,1.9127161152457323e-17,2.00658983608489e-17,1.036871369642559e-10,2.920030071655646e-17,1.9497996301148363e-17,2.002735709776911e-17,1.0368713809984692e-10,2.328287795729575e-17,2.002735709776911e-17,2.080297772097531e-17,2.644213942530845e-17,1.9369916769181558e-17,2.002735709776911e-17,1.03687139001043e-10,1.0368711143697955e-10
