0.9999999999357903,-4.6701576450072185e-09,0.9999999522385481,1.0000000139418936,-6.061969051812478e-09,-5.020011058838292e-09,1.0000000139418923,-5.1454554658428955e-09,1.0000000120192172,-4.96757991595832e-09,-5.114821212489871e-09,-1.0522027967417836e-08,-4.436623041403888e-09,-6.627529142429407e-09,-4.670154485217997e-09,-5.6135752010342075e-09,-1.3560176425300831e-08,-1.1302731283524795e-08,-5.755833699955954e-09,-4.848715220918145e-09,1.0000000098471018,-4.48063367066099e-09,-5.145458946866445e-09,-4.9675798608460785e-09,-5.509274284691431e-09,-4.670154492820001e-09,-5.239713268204897e-09,-6.251638272968803e-09,-4.561645592493744e-09,-4.583156990574382e-09,-2.570207586013285e-09,-4.431376154449423e-09,1.0000000055398892,-5.935463062557474e-09,1.0000000139418945,-4.7570738004001995e-09,-4.4976497683643675e-09,-4.5151545446239115e-09,-2.5702069027083967e-09,-9.562311649729743e-09,-5.404653846912724e-09,1.000000008924547,-4.408653304773757e-09,-1.1302731288609183e-08,-7.101391388411706e-09,-4.522993778160576e-09,-1.0008813864391101e-08,-4.969088137322075e-09,-4.6701544851465976e-09,-5.672944976469341e-09,-1.130273128353605e-08,-5.145455465846049e-09
-4.6701576450072185e-09,-7.079683154767752e-09,-7.0895294667680676e-09,2.6916154315826488e-12,-1.3352897961229697e-12,-1.1439718995308237e-12,2.6916154315826488e-12,-9.620116682220387e-13,2.4321930281457098e-12,-8.386339300671134e-13,-9.360796611179553e-13,-7.677568598789448e-13,-7.393266250160248e-13,-9.912880195044574e-13,-1.8608720155036407e-09,-9.3804225471273e-13,-1.3802384507448074e-12,-1.1850965003525715e-12,-1.312043211143365e-12,-1.03775800678019e-12,2.247130896399129e-12,-5.241761733095928e-13,-9.620112941713952e-13,-8.386337405225552e-13,-1.533542222248236e-12,-1.8608720155036332e-09,-1.1812780289402048e-12,-9.735126044531955e-13,-6.603834321061722e-13,-7.021281371758347e-13,-8.316825598258392e-13,-6.920637876594656e-13,1.7214207755314793e-12,-1.1212674436695951e-12,2.6916154304828596e-12,-7.334805411796882e-13,-5.693286655151581e-13,-8.946851394584726e-13,-8.316825598258392e-13,-1.0747088438672263e-12,-1.1173286454547004e-12,2.0944261405718307e-12,-8.148018316384884e-13,-1.1850964719038063e-12,-2.259080647130497e-09,-1.0577884955219713e-12,-6.95943834648686e-13,-7.805432728579733e-13,-1.8608720155036426e-09,-1.2048062111144757e-12,-1.1850963136246875e-12,-9.620114967545653e-13
0.9999999522385481,-7.0895294667680676e-09,0.999999986282691,1.0000000445665744,-7.97698581584077e-09,-7.213865459589848e-09,1.0000000445665742,-7.622728113262768e-09,1.0000000432646396,-7.660835658164671e-09,-7.723838632182985e-09,-1.2963478337719309e-08,-7.547424781511196e-09,-8.959240706415826e-09,-7.089530772654683e-09,-7.733632416194048e-09,-1.4919784159492133e-08,-1.30195627534255e-08,-7.71512955443587e-09,-7.169432657162524e-09,1.00000004165808,-7.994867465060638e-09,-7.622728953517682e-09,-7.660835046710701e-09,-6.911923211466999e-09,-7.089531102044897e-09,-7.45923359514183e-09,-8.890822843263258e-09,-7.816984668145754e-09,-7.706988571890425e-09,-5.057565585001505e-09,-7.582680392773204e-09,1.0000000384520853,-7.236858955926462e-09,1.000000044566575,-7.852095482958487e-09,-7.656793694775602e-09,-7.367393632649575e-09,-5.057566788795825e-09,-1.1580984687336113e-08,-7.380735174730427e-09,1.0000000412557952,-7.179367088458672e-09,-1.3019562682322677e-08,-9.30334472793699e-09,-7.05501769230021e-09,-1.2711898633452023e-08,-8.07447382082286e-09,-7.089531273176171e-09,-7.555000207849238e-09,-1.3019562461085013e-08,-7.622728264192528e-09
1.0000000139418936,2.6916154315826488e-12,1.0000000445665744,1.0000000095394561,4.910740281568244e-12,4.0123380831141425e-12,1.0000000147577732,2.5879775723871976e-12,1.0000000169298595,1.7360014705298202e-12,2.3494933621983273e-12,-1.3758475834484102e-12,1.0906078866275057e-12,2.1153055999645973e-12,2.6916148445076472e-12,2.404363663686561e-12,1.7540721626740557e-12,1.4118828901246757e-12,4.88505082809168e-12,3.326574502477529e-12,1.0000000178422503,-5.883214928145302e-13,2.5879771297478378e-12,1.73600174713338e-12,6.8035513032543345e-12,2.691614376050343e-12,4.129346061079864e-12,1.988476292796038e-12,4.2218630902130333e-13,7.67010477424837e-13,3.0118162301358754e-12,7.604154856508063e-13,1.000000021664665,3.9156842461516845e-12,1.0000000147577732,9.019383315878508e-13,-7.678979911927934e-14,2.22616703359674e-12,3.0118158060040137e-12,1.365267342719528e-12,3.777618672873001e-12,1.0000000195291112,1.8116413320308556e-12,1.4118827516251304e-12,2.9073379330765887e-12,3.4863399283843338e-12,-1.750010612771927e-12,1.0947544324213149e-12,2.691614955725928e-12,4.271208981499714e-12,1.4118834572331757e-12,2.587977438152345e-12
-6.061969051812478e-09,-1.3352897961229697e-12,-7.97698581584077e-09,4.910740281568244e-12,-9.010360023246913e-09,-3.2463465988974706e-09,4.91074013244009e-12,-1.3713414671641238e-12,4.539867372613793e-12,-1.193603808572559e-12,-1.332221562990933e-12,-1.0944847706036345e-12,-2.0802104444096726e-09,-1.4132476949479798e-12,-1.3352897962914526e-12,-1.3399491062707135e-12,-1.97515719791475e-12,-1.6971609106875212e-12,-3.7250898607353464e-09,-2.9445446129940906e-09,4.2712766069896556e-12,-7.357682134872733e-13,-1.3713414671641622e-12,-1.1936038812873464e-12,-4.365625042651946e-09,-1.3352897962914526e-12,-1.6844141891319836e-12,-2.7457331869834706e-09,-9.322508567442643e-13,-1.975688343579497e-09,-1.1837976458235476e-12,-1.9465366927295067e-09,3.5195074775544387e-12,-1.6027804947785709e-12,4.9107401324392155e-12,-2.064441767151461e-09,-1.602984792294372e-09,-1.2693492801652678e-12,-1.183797167862831e-12,-1.5313705311479337e-12,-1.5984707511057537e-12,4.050740413746364e-12,-2.304096224932576e-09,-1.6971609079260343e-12,-1.6198621163432396e-12,-1.5047383162589827e-12,-9.886827779780915e-13,-1.104051032436587e-12,-1.3352897962914526e-12,-1.723243281031858e-12,-1.697161344569858e-12,-1.3713414365762173e-12
-5.020011058838292e-09,-1.1439718995308237e-12,-7.213865459589848e-09,4.0123380831141425e-12,-3.2463465988974706e-09,-7.997692411984242e-09,4.0123383043246425e-12,-1.173572107402912e-12,3.691654785786689e-12,-1.020766271282028e-12,-1.138753427684295e-12,-9.394783422994417e-13,-8.906476721958648e-13,-1.2101700398015354e-12,-1.1439718995286594e-12,-1.150579619147018e-12,-1.695901806265347e-12,-1.4580555257697101e-12,-3.1889167959996044e-09,-2.5211912272574342e-09,3.4577364945471246e-12,-6.235428876662582e-13,-1.173572319617263e-12,-1.020766271281248e-12,-3.744004606296799e-09,-1.1439719159677886e-12,-1.4409383815764078e-12,-1.1784873159506613e-12,-1.5764062612640852e-09,-8.461836968181946e-13,-1.0142297320938216e-12,-8.334553903043137e-13,2.809263695599262e-12,-1.3807966619617345e-12,4.01233808311476e-12,-1.7583279601961502e-09,-1.3676144189728826e-09,-2.15247287816914e-09,-1.0142297687428127e-12,-1.313221749090326e-12,-1.371608409774304e-12,3.264664096535903e-12,-9.90178619353978e-13,-1.4580554057204547e-12,-1.3867938164909837e-12,-2.5557189377486983e-09,-8.468810615820089e-13,-9.395925940827097e-13,-1.1439716817891719e-12,-1.4780494902506161e-12,-1.4580553179985697e-12,-1.173572107402912e-12
1.0000000139418923,2.6916154315826488e-12,1.0000000445665742,1.0000000147577732,4.91074013244009e-12,4.0123383043246425e-12,1.0000000095394581,2.5879774467969816e-12,1.0000000169298604,1.7360014705297767e-12,2.3494933621983273e-12,-1.3758474892336086e-12,1.0906080587094146e-12,2.1153058682618064e-12,2.691614883647682e-12,2.404363558918831e-12,1.7540724380826637e-12,1.4118828901246757e-12,4.88505102691894e-12,3.326574339069959e-12,1.0000000178422501,-5.883215420148057e-13,2.58797712974785e-12,1.7360008769985828e-12,6.80355120249961e-12,2.6916146030652376e-12,4.1293463520181126e-12,1.988476292796038e-12,4.221861386479646e-13,7.670104109120606e-13,3.0118162301358754e-12,7.604154856508063e-13,1.0000000216646647,3.915683514437772e-12,1.0000000147577737,9.019383316663079e-13,-7.678942465363097e-14,2.226167033594958e-12,3.0118159469515774e-12,1.36526727231539e-12,3.777618839319752e-12,1.000000019529112,1.8116413320308556e-12,1.4118827516251304e-12,2.9073379330769708e-12,3.4863398667780987e-12,-1.7500106127698146e-12,1.0947539478667462e-12,2.6916141256138028e-12,4.2712089779661874e-12,1.4118833686850013e-12,2.5879774655413947e-12
-5.1454554658428955e-09,-9.620116682220387e-13,-7.622728113262768e-09,2.5879775723871976e-12,-1.3713414671641238e-12,-1.173572107402912e-12,2.5879774467969816e-12,-7.176930521205363e-09,2.31361153283352e-12,-8.55090581647999e-13,-9.530566212122984e-13,-7.927617191836601e-13,-7.390323270023149e-13,-2.0216177947292995e-09,-9.620116679583005e-13,-9.716964903070568e-13,-1.4336859714508192e-12,-1.2341110986569841e-12,-1.3468048663001532e-12,-1.0650622570465531e-12,2.110119099894455e-12,-5.119198146673777e-13,-1.9581454089891013e-09,-8.550902778486729e-13,-1.587436349372647e-12,-9.620116679583005e-13,-1.2082838585367408e-12,-9.830116451112751e-13,-6.558511853412972e-13,-7.025779773447626e-13,-8.523581646817021e-13,-6.915610773625275e-13,1.5576325233149874e-12,-1.1733551577325627e-12,2.5879775723880167e-12,-7.3417496120649e-13,-5.72911218963729e-13,-9.012258187874515e-13,-8.523579107105835e-13,-2.1994261947078107e-09,-1.1581032515387174e-12,1.9410789703042244e-12,-8.283582868999142e-13,-1.2341110537978801e-12,-1.164572606317768e-12,-1.073902536507921e-12,-7.113794095399298e-13,-7.78894311318744e-13,-9.62011294170486e-13,-1.2469312262685093e-12,-1.2341110538048794e-12,-1.9581454089890235e-09
1.0000000120192172,2.4321930281457098e-12,1.0000000432646396,1.0000000169298595,4.539867372613793e-12,3.691654785786689e-12,1.0000000169298604,2.31361153283352e-12,1.0000000137645344,1.4903669993101796e-12,2.073408585977488e-12,-1.5854416515755496e-12,8.473351354481828e-13,1.8355361903375755e-12,2.432192595346019e-12,2.155603357837752e-12,1.3975264311202812e-12,1.110920914906127e-12,4.5193594122242515e-12,3.0360247561585153e-12,1.0000000198396155,-7.835672682736764e-13,2.313611345710028e-12,1.4903675952110044e-12,6.400446613230296e-12,2.4321920946757397e-12,3.792099968696531e-12,3.350367251774307e-09,1.967729763778188e-13,5.370023663937432e-13,2.774216115311846e-12,5.319759818086528e-13,1.00000002341085,7.230301420331853e-09,1.0000000169298604,6.622664961104967e-13,-2.5851231577354263e-13,1.9449092940155014e-12,2.774215778456115e-12,2.1196259919738727e-09,3.4847329466791735e-12,1.0000000214814597,1.5685438702083405e-12,1.110921034119109e-12,5.143238453883714e-09,3.1695121220174386e-12,-1.953600675139604e-12,8.357535594450556e-13,2.4321923088997163e-12,3.952554756088352e-12,1.1109209967851919e-12,2.313611715153904e-12
-4.96757991595832e-09,-8.386339300671134e-13,-7.660835658164671e-09,1.7360014705298202e-12,-1.193603808572559e-12,-1.020766271282028e-12,1.7360014705297767e-12,-8.55090581647999e-13,1.4903669993101796e-12,-6.691404889178642e-09,-1.638915733930586e-09,-6.94507809690911e-13,-6.294690789440345e-13,-8.844322000044731e-13,-8.386338020346213e-13,-8.530133679647097e-13,-1.2598077214797507e-12,-1.086614221874886e-12,-1.1717990637715016e-12,-9.268505894569752e-13,1.3033399466202452e-12,-4.2766532765281554e-13,-8.550903359548454e-13,-1.4726012816684142e-09,-2.765068989759441e-09,-8.386338020346213e-13,-2.084918455635157e-09,-8.447384666401164e-13,-5.556739254161423e-13,-5.990632833870903e-13,-7.420362441546316e-13,-5.889970336311939e-13,8.118368612685667e-13,-1.039893685408655e-12,1.7360014705295885e-12,-6.260973837600645e-13,-4.911723764881944e-13,-7.723529045738352e-13,-7.420360796618187e-13,-9.65926485916791e-13,-1.0156590844465e-12,1.146393771037125e-12,-7.155852587148804e-13,-1.0866140480085734e-12,-1.0127616544427058e-12,-9.261234157314223e-13,-6.182944624934489e-13,-6.623780539827778e-13,-8.386338020346213e-13,-1.092127022979675e-12,-1.0866141776947001e-12,-8.55090335954864e-13
-5.114821212489871e-09,-9.360796611179553e-13,-7.723838632182985e-09,2.3494933621983273e-12,-1.332221562990933e-12,-1.138753427684295e-12,2.3494933621983273e-12,-9.530566212122984e-13,2.073408585977488e-12,-1.638915733930586e-09,-7.042081567528717e-09,-7.757082293689323e-13,-6.955970943572281e-13,-9.862568929513207e-13,-9.360792709259765e-13,-9.541074868166362e-13,-1.4109041671648141e-12,-1.2179302525192498e-12,-1.30764913574313e-12,-1.0340383877348676e-12,1.8605225376313526e-12,-4.681981416113172e-13,-9.530561964706146e-13,-1.6389157339305153e-09,-3.0944755339548775e-09,-9.36079661117116e-13,-2.3236875303625386e-09,-9.367218424278034e-13,-1.2179795639026837e-09,-6.621925735400046e-13,-8.268848858660845e-13,-6.507311792028753e-13,1.3087897043908659e-12,-1.1660709184953061e-12,2.349493339491699e-12,-6.92194410779915e-13,-5.4384050143666e-13,-8.560327968140877e-13,-8.26884924385282e-13,-1.0778225749075083e-12,-1.1367952984436967e-12,1.6819585085573496e-12,-7.955773238044623e-13,-1.2179302525192498e-12,-1.1293941186055577e-12,-1.0294526821266874e-12,-6.881034843731984e-13,-7.315528231587972e-13,-9.360791471009907e-13,-1.2218818150788816e-12,-1.2179300654677652e-12,-9.530566298070463e-13
-1.0522027967417836e-08,-7.677568598789448e-13,-1.2963478337719309e-08,-1.3758475834484102e-12,-1.0944847706036345e-12,-9.394783422994417e-13,-1.3758474892336086e-12,-7.927617191836601e-13,-1.5854416515755496e-12,-6.94507809690911e-13,-7.757082293689323e-13,-6.472512830687354e-09,-6.249540399729986e-13,-8.15980776278546e-13,-7.677571859622195e-13,-1.5230363127567376e-09,-1.1199235640443276e-12,-9.591002694059108e-13,-1.0760805903664629e-12,-8.523632149996005e-13,-1.7271465865505096e-12,-4.545726438697921e-13,-7.927613696589564e-13,-6.945081871820011e-13,-1.24592939378229e-12,-7.677571859622195e-13,-9.728592494064088e-13,-8.154604402783196e-13,-5.623422952236353e-13,-5.932324603626192e-13,-6.873704731749614e-13,-5.855709687978489e-13,-4.2822552042574144e-09,-1.8104330811990423e-09,-1.3758476377479101e-12,-6.19301193327729e-13,-4.794183238146214e-13,-7.495576082892367e-13,-6.873704731749614e-13,-8.845892404591575e-13,-9.080854113564707e-13,-3.6712564476738127e-09,-6.768677743989903e-13,-9.591002694059108e-13,-9.346095493870387e-13,-8.783169477211264e-13,-1.1496990038536787e-09,-6.606643908826593e-13,-7.677568598789314e-13,-9.802415401288482e-13,-9.591002973922844e-13,-7.927617191824109e-13
-4.436623041403888e-09,-7.393266250160248e-13,-7.547424781511196e-09,1.0906078866275057e-12,-2.0802104444096726e-09,-8.906476721958648e-13,1.0906080587094146e-12,-7.390323270023149e-13,8.473351354481828e-13,-6.294690789440345e-13,-6.955970943572281e-13,-6.249540399729986e-13,-6.1847076869942185e-09,-7.712178555333667e-13,-7.393259977365173e-13,-7.771519892062817e-13,-1.1579660453870459e-12,-1.0088253597067232e-12,-1.0247941013835778e-12,-8.104077477678195e-13,6.38563381956421e-13,-2.889035528409965e-13,-7.390324329899252e-13,-6.294696299570497e-13,-1.2594127096337416e-12,-7.39326003278315e-13,-1.7955778208211626e-09,-1.3651309387921716e-09,-4.142409345646242e-13,-4.64968547807091e-13,-6.466283137600061e-13,-4.5390863889684335e-13,1.637385880360133e-13,-9.881125682696724e-13,1.090608058709301e-12,-4.866151504600409e-13,-3.928714231379623e-13,-6.194077164580219e-13,-6.466279615428488e-13,-8.564793724613096e-13,-9.25121010516541e-13,4.589433503665457e-13,-6.001301964916143e-13,-1.0088254638802939e-12,-8.817428527503506e-13,-1.533061431050741e-09,-5.330141950197997e-13,-5.063723450888123e-13,-7.39326625016031e-13,-9.886028813627558e-13,-1.0088255517526854e-12,-7.390324329899252e-13
-6.627529142429407e-09,-9.912880195044574e-13,-8.959240706415826e-09,2.1153055999645973e-12,-1.4132476949479798e-12,-1.2101700398015354e-12,2.1153058682618064e-12,-2.0216177947292995e-09,1.8355361903375755e-12,-8.844322000044731e-13,-9.862568929513207e-13,-8.15980776278546e-13,-7.712178555333667e-13,-7.304417409455681e-09,-9.912880195042154e-13,-9.983685705746313e-13,-1.4705578052449336e-12,-1.2645434446139321e-12,-1.3882823870674435e-12,-1.0981743636612265e-12,1.6317147877498068e-12,-5.401296409457021e-13,-2.0216177947293627e-09,-8.844322237220561e-13,-1.6301539739042661e-12,-9.912880195042154e-13,-1.2475315265801992e-12,-1.0213752627729453e-12,-6.86522724948219e-13,-7.3290667979369e-13,-8.800445267095255e-13,-7.218655717441582e-13,2.121445566784727e-09,-1.201217954175845e-12,2.1153055999270672e-12,-7.657144417997564e-13,-5.963707530591997e-13,-9.370626421365563e-13,-8.800445267095255e-13,-2.2669097924075006e-09,-1.1889453245226891e-12,1.462465178675373e-12,-8.5790511880272e-13,-1.2645444098193198e-12,-1.2014804996285215e-12,-1.112546212285874e-12,-7.356360672604985e-13,-8.133910411475522e-13,-9.912880195042154e-13,-1.280862829170286e-12,-1.2645434446139321e-12,-2.0216177947292755e-09
-4.670154485217997e-09,-1.8608720155036407e-09,-7.089530772654683e-09,2.6916148445076472e-12,-1.3352897962914526e-12,-1.1439718995286594e-12,2.691614883647682e-12,-9.620116679583005e-13,2.432192595346019e-12,-8.386338020346213e-13,-9.360792709259765e-13,-7.677571859622195e-13,-7.393259977365173e-13,-9.912880195042154e-13,-7.079683154767752e-09,-9.380428166106075e-13,-1.3802387935517627e-12,-1.1850963136381425e-12,-1.3120429457204753e-12,-1.037758118592998e-12,2.247130310468837e-12,-5.24176316344549e-13,-9.62011294166167e-13,-8.386337522436995e-13,-1.533542177850947e-12,-1.8608720155042623e-09,-1.1812783237810506e-12,-9.735126044531955e-13,-6.603833693106836e-13,-7.021281629328359e-13,-8.316822449614781e-13,-6.920636689317836e-13,1.7214205323364248e-12,-1.121267693423498e-12,2.6916148445063685e-12,-7.334805411473791e-13,-5.693289290101057e-13,-8.946852634551176e-13,-8.316822449614781e-13,-1.0747088628301613e-12,-1.1173286455578625e-12,2.0944249961917214e-12,-8.14801858499171e-13,-1.1850964719036998e-12,-2.259080647131233e-09,-1.0577884955219713e-12,-6.95944196208119e-13,-7.805432728579733e-13,-1.8608720155042638e-09,-1.2048058081997081e-12,-1.1850964202770901e-12,-9.62011294166167e-13
-5.6135752010342075e-09,-9.3804225471273e-13,-7.733632416194048e-09,2.404363663686561e-12,-1.3399491062707135e-12,-1.150579619147018e-12,2.404363558918831e-12,-9.716964903070568e-13,2.155603357837752e-12,-8.530133679647097e-13,-9.541074868166362e-13,-1.5230363127567376e-09,-7.771519892062817e-13,-9.983685705746313e-13,-9.380428166106075e-13,-7.066912756627924e-09,-1.3596457550037702e-12,-1.1623509960134915e-12,-1.3178105779220413e-12,-1.0432873608262475e-12,1.991761962572264e-12,-5.720960682439671e-13,-9.716963308345884e-13,-8.530133679647097e-13,-1.517563622960286e-12,-9.380425045122764e-13,-1.1938869130812443e-12,-1.0071581905307454e-12,-7.016721199701679e-13,-7.36985249230885e-13,-1.6699160240397801e-09,-7.280400568886411e-13,2.9486792070183867e-09,-2.1746549058861275e-09,2.4043635589189204e-12,-7.693815850196241e-13,-5.928001289113159e-13,-9.283152876906105e-13,-1.6699160240398935e-09,-1.0776840953181091e-12,-1.1046309361549327e-12,3.6938948877756965e-09,-8.329835247431528e-13,-1.1623517179474173e-12,-1.1443330065175489e-12,-1.0829781322514165e-12,-7.06784980582411e-13,-8.225659948384089e-13,-9.38042824405275e-13,-1.1939185243015595e-12,-1.1623515847797021e-12,-9.716963308345884e-13
-1.3560176425300831e-08,-1.3802384507448074e-12,-1.4919784159492133e-08,1.7540721626740557e-12,-1.97515719791475e-12,-1.695901806265347e-12,1.7540724380826637e-12,-1.4336859714508192e-12,1.3975264311202812e-12,-1.2598077214797507e-12,-1.4109041671648141e-12,-1.1199235640443276e-12,-1.1579660453870459e-12,-1.4705578052449336e-12,-1.3802387935517627e-12,-1.3596457550037702e-12,-9.1693774480659e-09,-3.3727553606421443e-09,-1.942814150661922e-12,-1.5367403438223575e-12,2.321321889388564e-09,-8.591552916134248e-13,-1.4336864289459788e-12,-1.2598074218604735e-12,-2.2283215239916975e-12,-1.3802385503154185e-12,-1.7629557707103265e-12,-2.9679007530024372e-09,-1.0478515523546455e-12,-1.0973028253331165e-12,-1.2346763501457072e-12,-1.0845986582390429e-12,8.601671893441625e-10,-1.5849713662492761e-12,1.7540721626756778e-12,-1.1456860160770544e-12,-8.78945133064468e-13,-1.379488851877705e-12,-1.2346763501457072e-12,-1.5806921170319677e-12,-3.21516385232328e-09,9.823998975314155e-13,-1.2315782562596306e-12,-3.3727553606422043e-09,-3.3534388410010384e-09,-1.6042522175348869e-12,-1.0380330226864276e-12,-1.2270178172484989e-12,-1.3802384507488956e-12,-3.4790940765404137e-09,-3.3727553606420876e-09,-1.4336859714508192e-12
-1.1302731283524795e-08,-1.1850965003525715e-12,-1.30195627534255e-08,1.4118828901246757e-12,-1.6971609106875212e-12,-1.4580555257697101e-12,1.4118828901246757e-12,-1.2341110986569841e-12,1.110920914906127e-12,-1.086614221874886e-12,-1.2179302525192498e-12,-9.591002694059108e-13,-1.0088253597067232e-12,-1.2645434446139321e-12,-1.1850963136381425e-12,-1.1623509960134915e-12,-3.3727553606421443e-09,-8.093071572347354e-09,-1.6698211240135202e-12,-1.3208754853722794e-12,1.8336584517246199e-09,-7.562564792891303e-13,-1.2341110537974463e-12,-1.086614221874886e-12,-1.9061364759775217e-12,-1.1850965388384738e-12,-1.518156416700878e-12,-1.2937623314157034e-12,-9.156300719621308e-13,-9.554684102557688e-13,-1.0619044527462813e-12,-9.450227556609762e-13,3.000587857817086e-13,-1.3463286515169394e-12,1.4118828901240912e-12,-9.974643626057706e-13,-7.631683757114786e-13,-1.1973755983410414e-12,-1.0619042930228557e-12,-1.3563738883965313e-12,-2.747982372548883e-09,7.718358496633394e-13,-1.063933029236289e-12,-2.8744660619647543e-09,-1.4501280467213736e-12,-1.3869884315421889e-12,-8.939660112714504e-13,-1.069854213319809e-12,-1.1850963136381425e-12,-2.976219589664585e-09,-2.874466061964632e-09,-1.234110950527337e-12
-5.755833699955954e-09,-1.312043211143365e-12,-7.71512955443587e-09,4.88505082809168e-12,-3.7250898607353464e-09,-3.1889167959996044e-09,4.88505102691894e-12,-1.3468048663001532e-12,4.5193594122242515e-12,-1.1717990637715016e-12,-1.30764913574313e-12,-1.0760805903664629e-12,-1.0247941013835778e-12,-1.3882823870674435e-12,-1.3120429457204753e-12,-1.3178105779220413e-12,-1.942814150661922e-12,-1.6698211240135202e-12,-8.87791506085226e-09,-2.892627975608656e-09,4.253480234347819e-12,-7.190973588029647e-13,-1.3468043029833015e-12,-1.1717990637715016e-12,-4.292374379494541e-09,-1.3120429457204753e-12,-1.6540955330144342e-12,-1.3541213670561365e-12,-1.8149699273931141e-09,-1.9357678368981154e-09,-1.1629401966654235e-12,-1.9069331821921137e-09,3.512841709494417e-12,-1.578265189456412e-12,4.88505082811448e-12,-1.0171725111241297e-12,-1.5716315466695752e-09,-1.2445140138731622e-12,-1.1629402848942167e-12,-1.5050327072526764e-12,-1.5718935430030498e-12,4.034859119253677e-12,-2.2612832118933663e-09,-1.6698210686766417e-12,-1.5911572370660671e-12,-1.476485069628881e-12,-9.71028269190421e-13,-1.0813991621919176e-12,-1.3120432111518072e-12,-1.6943029993418028e-12,-1.6698210686766417e-12,-1.346804867403491e-12
-4.848715220918145e-09,-1.03775800678019e-12,-7.169432657162524e-09,3.326574502477529e-12,-2.9445446129940906e-09,-2.5211912272574342e-09,3.326574339069959e-12,-1.0650622570465531e-12,3.0360247561585153e-12,-9.268505894569752e-13,-1.0340383877348676e-12,-8.523632149996005e-13,-8.104077477678195e-13,-1.0981743636612265e-12,-1.037758118592998e-12,-1.0432873608262475e-12,-1.5367403438223575e-12,-1.3208754853722794e-12,-2.892627975608656e-09,-7.50601930743408e-09,2.825161135400522e-12,-5.68942873598809e-13,-1.0650626081334945e-12,-9.268507900096752e-13,-3.3929876594070635e-09,-1.0377582809060304e-12,-1.3076035152507744e-12,-2.1304806549344538e-09,-1.435509270158205e-09,-7.699176058963184e-13,-9.207861520654047e-13,-7.58452279500461e-13,2.237571858481425e-12,-1.2514423536853266e-12,3.326574700427144e-12,-8.04441840779824e-13,-6.255276974961478e-13,-9.839451935445707e-13,-9.207861520654047e-13,-1.1917328773927858e-12,-1.2430602488052076e-12,2.6508773367176077e-12,-1.78853299187476e-09,-1.3208760379228604e-12,-1.2583654366022643e-12,-2.3211401585552443e-09,-7.69259364815701e-13,-8.550566282707134e-13,-1.0377580067792785e-12,-1.3396588892871556e-12,-1.3208760379218293e-12,-1.065062542715666e-12
1.0000000098471018,2.247130896399129e-12,1.00000004165808,1.0000000178422503,4.2712766069896556e-12,3.4577364945471246e-12,1.0000000178422501,2.110119099894455e-12,1.0000000198396155,1.3033399466202452e-12,1.8605225376313526e-12,-1.7271465865505096e-12,6.38563381956421e-13,1.6317147877498068e-12,2.247130310468837e-12,1.991761962572264e-12,2.321321889388564e-09,1.8336584517246199e-09,4.253480234347819e-12,2.825161135400522e-12,1.0000000154838107,-9.673170375744314e-13,2.1101183376220424e-12,1.3033398501961265e-12,6.129025029756992e-12,2.2471298473461e-12,3.540006242405761e-12,1.439481939071294e-12,-2.376556718190578e-15,3.4089747235956143e-13,2.6017736595517876e-12,3.3587875521018623e-13,1.0000000241393279,6.910758917242477e-09,1.0000000178422506,4.580679292549589e-13,-4.07990386394639e-13,1.7127058044588766e-12,2.601773875374822e-12,1.7028081663698082e-09,3.291241604699517e-12,1.0000000223558878,1.3796125791652782e-12,1.833658522827749e-09,2.3520945164123487e-12,2.9198252437639982e-12,-2.1035322561144182e-12,6.113686988646826e-13,2.2471299055786477e-12,3.738472813639723e-12,1.8336587440648938e-09,2.110118478293525e-12
-4.48063367066099e-09,-5.241761733095928e-13,-7.994867465060638e-09,-5.883214928145302e-13,-7.357682134872733e-13,-6.235428876662582e-13,-5.883215420148057e-13,-5.119198146673777e-13,-7.835672682736764e-13,-4.2766532765281554e-13,-4.681981416113172e-13,-4.545726438697921e-13,-2.889035528409965e-13,-5.401296409457021e-13,-5.24176316344549e-13,-5.720960682439671e-13,-8.591552916134248e-13,-7.562564792891303e-13,-7.190973588029647e-13,-5.68942873598809e-13,-9.673170375744314e-13,-5.486593577507321e-09,-5.11919978672083e-13,-4.2766532765281554e-13,-9.188031219335844e-13,-5.241763812721948e-13,-6.224198992518839e-13,-4.405110018657296e-13,-2.3323567328726267e-13,-2.7917947910536107e-13,-4.53419501546777e-13,-2.695906961882845e-13,-1.3390795370581623e-12,-7.609031056843265e-13,-5.883217897137927e-13,-2.9269378141019127e-13,-2.4693738197178073e-13,-3.896080287098754e-13,-4.5341950154512786e-13,-6.125964589780607e-13,-6.796059273054416e-13,-1.1290563764908468e-12,-4.009488103249821e-13,-7.562564792916458e-13,-6.161332968978343e-13,-5.095538256853381e-13,-3.6959826405910254e-13,-2.9673314011408186e-13,-5.24176608986583e-13,-7.212481414729154e-13,-7.562558830995154e-13,-5.119202707877519e-13
-5.145458946866445e-09,-9.620112941713952e-13,-7.622728953517682e-09,2.5879771297478378e-12,-1.3713414671641622e-12,-1.173572319617263e-12,2.58797712974785e-12,-1.9581454089891013e-09,2.313611345710028e-12,-8.550903359548454e-13,-9.530561964706146e-13,-7.927613696589564e-13,-7.390324329899252e-13,-2.0216177947293627e-09,-9.62011294166167e-13,-9.716963308345884e-13,-1.4336864289459788e-12,-1.2341110537974463e-12,-1.3468043029833015e-12,-1.0650626081334945e-12,2.1101183376220424e-12,-5.11919978672083e-13,-7.176930521205363e-09,-8.550902612197468e-13,-1.5874363493485428e-12,-9.62011294170486e-13,-1.208283837406053e-12,-9.830117882874674e-13,-6.558511853412972e-13,-7.025778608255967e-13,-8.523582820393995e-13,-6.915616314517483e-13,1.5576317037782107e-12,-1.173355423388016e-12,2.5879771297498597e-12,-7.341747943769904e-13,-5.72911218963729e-13,-9.012268619559613e-13,-8.523583664477188e-13,-2.199426194707842e-09,-1.158103138689374e-12,1.9410788779777636e-12,-8.283580461194561e-13,-1.2341110538048386e-12,-1.1645726178834494e-12,-1.073902536507921e-12,-7.113795329770331e-13,-7.788937509683963e-13,-9.620115946108815e-13,-1.2469315598674885e-12,-1.234110950527337e-12,-1.958145408989077e-09
-4.9675798608460785e-09,-8.386337405225552e-13,-7.660835046710701e-09,1.73600174713338e-12,-1.1936038812873464e-12,-1.020766271281248e-12,1.7360008769985828e-12,-8.550902778486729e-13,1.4903675952110044e-12,-1.4726012816684142e-09,-1.6389157339305153e-09,-6.945081871820011e-13,-6.294696299570497e-13,-8.844322237220561e-13,-8.386337522436995e-13,-8.530133679647097e-13,-1.2598074218604735e-12,-1.086614221874886e-12,-1.1717990637715016e-12,-9.268507900096752e-13,1.3033398501961265e-12,-4.2766532765281554e-13,-8.550902612197468e-13,-6.691404889178642e-09,-2.765068989759382e-09,-8.38633930067143e-13,-2.0849184556350788e-09,-8.447386475418762e-13,-5.556740944413527e-13,-5.990632833870903e-13,-7.420360796618187e-13,-5.889971416657425e-13,8.118371554014179e-13,-1.0398936854086804e-12,1.73600174713338e-12,-6.26097488346974e-13,-4.911723764881944e-13,-7.723523534120723e-13,-7.420366431237841e-13,-9.659264980961664e-13,-1.0156590844465e-12,1.146394328602841e-12,-7.15585238367291e-13,-1.086614221874886e-12,-1.0127616544427058e-12,-9.261234157314223e-13,-6.182944624934489e-13,-6.623780539827778e-13,-8.386338020332643e-13,-1.092127119954214e-12,-1.0866141776919787e-12,-8.550902772578828e-13
-5.509274284691431e-09,-1.533542222248236e-12,-6.911923211466999e-09,6.8035513032543345e-12,-4.365625042651946e-09,-3.744004606296799e-09,6.80355120249961e-12,-1.587436349372647e-12,6.400446613230296e-12,-2.765068989759441e-09,-3.0944755339548775e-09,-1.24592939378229e-12,-1.2594127096337416e-12,-1.6301539739042661e-12,-1.533542177850947e-12,-1.517563622960286e-12,-2.2283215239916975e-12,-1.9061364759775217e-12,-4.292374379494541e-09,-3.3929876594070635e-09,6.129025029756992e-12,-9.188031219335844e-13,-1.5874363493485428e-12,-2.765068989759382e-09,-1.0176747225393485e-08,-1.5335423968469132e-12,-3.883099993794779e-09,-1.634360887559439e-12,-1.1340502744949868e-12,-1.1939322882626416e-12,-1.3656352216990446e-12,-1.1789329173634088e-12,5.301057461103859e-12,-1.7800097064816855e-12,6.803551303251948e-12,-1.2470460092843038e-12,-1.907610014962708e-09,-3.001755794928365e-09,-1.3656348785166555e-12,-1.7541956539061682e-12,-1.8106610503341592e-12,5.910698664488164e-12,-2.6973525938381955e-09,-1.9061364759734823e-12,-1.8696836424607054e-12,-3.512915191230393e-09,-1.1451575385551956e-12,-1.3330640577789271e-12,-1.533542290227238e-12,-1.9573069388103863e-12,-1.906136473542149e-12,-1.5874364537178922e-12
-4.670154492820001e-09,-1.8608720155036332e-09,-7.089531102044897e-09,2.691614376050343e-12,-1.3352897962914526e-12,-1.1439719159677886e-12,2.6916146030652376e-12,-9.620116679583005e-13,2.4321920946757397e-12,-8.386338020346213e-13,-9.36079661117116e-13,-7.677571859622195e-13,-7.39326003278315e-13,-9.912880195042154e-13,-1.8608720155042623e-09,-9.380425045122764e-13,-1.3802385503154185e-12,-1.1850965388384738e-12,-1.3120429457204753e-12,-1.0377582809060304e-12,2.2471298473461e-12,-5.241763812721948e-13,-9.62011294170486e-13,-8.38633930067143e-13,-1.5335423968469132e-12,-7.079683154767752e-09,-1.1812780354595652e-12,-9.735123998687811e-13,-6.603836529263701e-13,-7.021281629314387e-13,-8.316825598258392e-13,-6.920636689299899e-13,1.721420437386639e-12,-1.121267720012665e-12,2.6916143760503443e-12,-7.334805411473791e-13,-5.693286655151581e-13,-8.946852634547885e-13,-8.316822449614781e-13,-1.0747088438657e-12,-1.1173292350954952e-12,2.0944246104918718e-12,-8.148018316308688e-13,-1.1850964719036998e-12,-2.2590806471312187e-09,-1.0577882855312093e-12,-6.95944217981592e-13,-7.805430698219047e-13,-1.8608720155042574e-09,-1.2048054213522805e-12,-1.1850963136177835e-12,-9.62011296644832e-13
-5.239713268204897e-09,-1.1812780289402048e-12,-7.45923359514183e-09,4.129346061079864e-12,-1.6844141891319836e-12,-1.4409383815764078e-12,4.1293463520181126e-12,-1.2082838585367408e-12,3.792099968696531e-12,-2.084918455635157e-09,-2.3236875303625386e-09,-9.728592494064088e-13,-1.7955778208211626e-09,-1.2475315265801992e-12,-1.1812783237810506e-12,-1.1938869130812443e-12,-1.7629557707103265e-12,-1.518156416700878e-12,-1.6540955330144342e-12,-1.3076035152507744e-12,3.540006242405761e-12,-6.224198992518839e-13,-1.208283837406053e-12,-2.0849184556350788e-09,-3.883099993794779e-09,-1.1812780354595652e-12,-8.167831977803068e-09,-2.391787969727634e-09,-8.002159365512738e-13,-8.584376827771106e-13,-1.0451463659772588e-12,-8.447630354882837e-13,2.860812134071567e-12,-1.442210973275994e-12,4.1293462454507565e-12,-8.971800992997344e-13,-7.002621312470544e-13,-1.1028801971935282e-12,-1.0451461025844806e-12,-1.3568446451141416e-12,-1.4238385665182018e-12,3.331064111276767e-12,-1.0150339889581464e-12,-1.5181564166979689e-12,-1.4293889918263168e-12,-2.617510126061058e-09,-8.712420246883783e-13,-9.51470222444161e-13,-1.1812782079420888e-12,-1.5328704206675036e-12,-1.518156416700878e-12,-1.2082838391599176e-12
-6.251638272968803e-09,-9.735126044531955e-13,-8.890822843263258e-09,1.988476292796038e-12,-2.7457331869834706e-09,-1.1784873159506613e-12,1.988476292796038e-12,-9.830116451112751e-13,3.350367251774307e-09,-8.447384666401164e-13,-9.367218424278034e-13,-8.154604402783196e-13,-1.3651309387921716e-09,-1.0213752627729453e-12,-9.735126044531955e-13,-1.0071581905307454e-12,-2.9679007530024372e-09,-1.2937623314157034e-12,-1.3541213670561365e-12,-2.1304806549344538e-09,1.439481939071294e-12,-4.405110018657296e-13,-9.830117882874674e-13,-8.447386475418762e-13,-1.634360887559439e-12,-9.735123998687811e-13,-2.391787969727634e-09,-7.0954735022759126e-09,-5.968658421164124e-13,-6.551899109320756e-13,-8.575216195901026e-13,-6.421128820534892e-13,1.6713728729107679e-09,-1.2556202170149357e-12,1.988476292796038e-12,-6.851009419699321e-13,-5.450397391376915e-13,-8.570153505671744e-13,-8.575217310063436e-13,-1.1257203558943042e-12,-1.1975758346606751e-12,1.2296880968098472e-12,-8.110847349735145e-13,-1.2937614410711188e-12,-1.1684273733261009e-12,-2.0789652754930675e-09,-7.112143472770884e-13,-7.192505551836518e-13,-9.735122963532847e-13,-1.2836148276379981e-12,-1.2937614499707084e-12,-9.830116451112751e-13
-4.561645592493744e-09,-6.603834321061722e-13,-7.816984668145754e-09,4.2218630902130333e-13,-9.322508567442643e-13,-1.5764062612640852e-09,4.221861386479646e-13,-6.558511853412972e-13,1.967729763778188e-13,-5.556739254161423e-13,-1.2179795639026837e-09,-5.623422952236353e-13,-4.142409345646242e-13,-6.86522724948219e-13,-6.603833693106836e-13,-7.016721199701679e-13,-1.0478515523546455e-12,-9.156300719621308e-13,-1.8149699273931141e-09,-1.435509270158205e-09,-2.376556718190578e-15,-2.3323567328726267e-13,-6.558511853412972e-13,-5.556740944413527e-13,-1.1340502744949868e-12,-6.603836529263701e-13,-8.002159365512738e-13,-5.968658421164124e-13,-5.912146636735615e-09,-3.9747638313973366e-13,-5.758428445456524e-13,-3.869792436206168e-13,-4.3901108650647423e-13,-9.040741820497341e-13,4.2218629505763237e-13,-4.161595808237774e-13,-3.397689317429871e-13,-5.357385374896218e-13,-5.758434178060265e-13,-7.669812187976416e-13,-8.347271505913131e-13,-1.7503555440645992e-13,-5.273781189057051e-13,-9.15630570986803e-13,-7.844011448579067e-13,-6.754966827498099e-13,-4.73221817841766e-13,-4.3027587181480923e-13,-6.603836529263701e-13,-8.902321077384808e-13,-9.15630570986803e-13,-6.558511853412972e-13
-4.583156990574382e-09,-7.021281371758347e-13,-7.706988571890425e-09,7.67010477424837e-13,-1.975688343579497e-09,-8.461836968181946e-13,7.670104109120606e-13,-7.025779773447626e-13,5.370023663937432e-13,-5.990632833870903e-13,-6.621925735400046e-13,-5.932324603626192e-13,-4.64968547807091e-13,-7.3290667979369e-13,-7.021281629328359e-13,-7.36985249230885e-13,-1.0973028253331165e-12,-9.554684102557688e-13,-1.9357678368981154e-09,-7.699176058963184e-13,3.4089747235956143e-13,-2.7917947910536107e-13,-7.025778608255967e-13,-5.990632833870903e-13,-1.1939322882626416e-12,-7.021281629314387e-13,-8.584376827771106e-13,-6.551899109320756e-13,-3.9747638313973366e-13,-6.103727711680017e-09,-6.14787277647654e-13,-8.642290276881693e-10,-1.0836849659825218e-13,-9.355292645843991e-13,7.67010477424837e-13,-4.656286080510092e-13,-3.754124205396699e-13,-5.91440707651295e-13,-6.147871793827591e-13,-8.135419113183098e-13,-8.769934281187028e-13,1.7213064387848473e-13,-5.716005983129927e-13,-9.554692019468503e-13,-8.379358473957839e-13,-7.344101804509989e-13,-5.072524530719387e-13,-4.849933100473317e-13,-7.021281629314387e-13,-9.374286596074397e-13,-9.554682894697676e-13,-7.025782466643636e-13
-2.570207586013285e-09,-8.316825598258392e-13,-5.057565585001505e-09,3.0118162301358754e-12,-1.1837976458235476e-12,-1.0142297320938216e-12,3.0118162301358754e-12,-8.523581646817021e-13,2.774216115311846e-12,-7.420362441546316e-13,-8.268848858660845e-13,-6.873704731749614e-13,-6.466283137600061e-13,-8.800445267095255e-13,-8.316822449614781e-13,-1.6699160240397801e-09,-1.2346763501457072e-12,-1.0619044527462813e-12,-1.1629401966654235e-12,-9.207861520654047e-13,2.6017736595517876e-12,-4.53419501546777e-13,-8.523582820393995e-13,-7.420360796618187e-13,-1.3656352216990446e-12,-8.316825598258392e-13,-1.0451463659772588e-12,-8.575216195901026e-13,-5.758428445456524e-13,-6.14787277647654e-13,-6.69118296926695e-09,-6.055190228451025e-13,4.224371597637228e-09,-2.0179683533320916e-09,3.0118162301351512e-12,-6.421309086265121e-13,-5.012657176071875e-13,-7.852556680294978e-13,-1.4723056754860442e-09,-9.591939338032985e-13,-9.97601905174226e-13,4.885953771038457e-09,-7.197619703801048e-13,-1.061904293033195e-12,-1.0077267936712023e-12,-9.32039369439741e-13,-6.19925813285699e-13,-6.817100705875222e-13,-8.316822449290998e-13,-1.0742562605927872e-12,-1.0619044527462813e-12,-8.523579107105835e-13
-4.431376154449423e-09,-6.920637876594656e-13,-7.582680392773204e-09,7.604154856508063e-13,-1.9465366927295067e-09,-8.334553903043137e-13,7.604154856508063e-13,-6.915610773625275e-13,5.319759818086528e-13,-5.889970336311939e-13,-6.507311792028753e-13,-5.855709687978489e-13,-4.5390863889684335e-13,-7.218655717441582e-13,-6.920636689317836e-13,-7.280400568886411e-13,-1.0845986582390429e-12,-9.450227556609762e-13,-1.9069331821921137e-09,-7.58452279500461e-13,3.3587875521018623e-13,-2.695906961882845e-13,-6.915616314517483e-13,-5.889971416657425e-13,-1.1789329173634088e-12,-6.920636689299899e-13,-8.447630354882837e-13,-6.421128820534892e-13,-3.869792436206168e-13,-8.642290276881693e-10,-6.055190228451025e-13,-6.062439077648445e-09,-1.0962868443032917e-13,-9.267301591332932e-13,7.604160740900465e-13,-4.548058089710968e-13,-3.674971747604343e-13,-5.790518371515309e-13,-6.055190229416486e-13,-8.022285560115893e-13,-8.663189106063453e-13,1.6688048952173094e-13,-5.614595983238478e-13,-9.450227155776982e-13,-8.252184246456654e-13,-1.433739832936873e-09,-4.992522667479748e-13,-4.731113701424062e-13,-6.920637876594656e-13,-9.256325930500041e-13,-9.450227155776982e-13,-6.915612741117372e-13
1.0000000055398892,1.7214207755314793e-12,1.0000000384520853,1.000000021664665,3.5195074775544387e-12,2.809263695599262e-12,1.0000000216646647,1.5576325233149874e-12,1.00000002341085,8.118368612685667e-13,1.3087897043908659e-12,-4.2822552042574144e-09,1.637385880360133e-13,2.121445566784727e-09,1.7214205323364248e-12,2.9486792070183867e-09,8.601671893441625e-10,3.000587857817086e-13,3.512841709494417e-12,2.237571858481425e-12,1.0000000241393279,-1.3390795370581623e-12,1.5576317037782107e-12,8.118371554014179e-13,5.301057461103859e-12,1.721420437386639e-12,2.860812134071567e-12,1.6713728729107679e-09,-4.3901108650647423e-13,-1.0836849659825218e-13,4.224371597637228e-09,-1.0962868443032917e-13,1.0000000218322862,5.755880701057979e-09,1.0000000216646647,-1.0371849091655544e-14,-7.645899339351588e-13,1.1583362693060338e-12,4.224370393843564e-09,4.998063742109525e-10,2.689709459202958e-12,1.0000000256845887,8.95191660679594e-13,3.0005881788657436e-13,1.7048442846885836e-12,2.28864654496868e-12,-4.993493592942046e-09,1.0663991323110056e-13,1.7214204126379362e-12,3.0853182153344323e-12,3.000597661220764e-13,1.5576321599032116e-12
