0.9999999966984076,-8.886347042163521e-07,-8.849900147293284e-07,-8.828102147740655e-07,-8.836783491678437e-07,0.9999963609624238,0.9999963855188166,0.9999962460152462,-8.996736505149364e-07,-8.836783468921728e-07,0.999995750676154,0.9999963855188196,0.9999962460152488,-8.891683198044804e-07,0.9999962460152478,-8.917325001168511e-07,0.9999960674950371,-8.830506530970872e-07,0.9999963341505274,0.9999962460152477,0.9999962460152483,-8.851182373501827e-07,-8.920753388805464e-07,0.9999962460152486,0.9999962460152458,-8.83543100443625e-07,-8.924857838772661e-07,0.9999963855188193,-8.830506521205156e-07,0.9999963609624205,-8.884836111479444e-07,0.999996246015246,-8.863701082641574e-07,0.999996246015249,0.9999962460152462,0.9999962460152488,0.999996246015246,0.9999962460152486,-8.890640009677063e-07,0.999996246015247,0.9999962460152458,0.9999962460152477,0.999996246015249,-8.886593858967581e-07,0.9999957294621877,-8.830284236961326e-07
-8.886347042163521e-07,-5.559728145240914e-07,4.469292063446534e-15,2.135818877762256e-18,2.418351410734791e-18,-3.4694617681741376e-11,-3.4694618471592e-11,-3.469461372373341e-11,2.4393622317799753e-18,2.548911955633676e-18,-6.895409914138642e-08,-3.4694618472588235e-11,-3.4694613735101115e-11,2.6064853414363177e-18,-3.469461369567503e-11,4.933436725934523e-15,-6.895412085333053e-08,2.0155201328963295e-18,-3.469461661577832e-11,-3.469461364504776e-11,-3.469461368722649e-11,4.478973418795339e-15,2.5970683837578645e-18,-3.4694613743415876e-11,-3.4694613734712715e-11,1.8409619252794757e-18,2.1722173356837426e-18,-3.469461848387755e-11,2.297055844836019e-18,-3.4694617682754976e-11,4.711247221071796e-15,-3.4694613730740173e-11,4.569925609227739e-15,-3.4694613693818475e-11,-3.4694613697160233e-11,-3.4694613736278574e-11,-3.469461372373341e-11,-3.469461368722656e-11,2.3825593993516357e-18,-3.469461364504776e-11,-3.469461369567503e-11,-3.469461371013708e-11,-3.469461368722656e-11,4.724112467350139e-15,-6.895409768647747e-08,2.2738793288667846e-18
-8.849900147293284e-07,4.469292063446534e-15,-5.559728137053838e-07,4.091255977988571e-15,4.1522345909536894e-15,-3.286077521179856e-11,-3.2860775998996345e-11,-3.286077140318647e-11,2.6800167304859134e-18,4.15223458620051e-15,-6.530941393941012e-08,-3.2860775998996345e-11,-3.286077141042219e-11,4.5066176997203175e-15,-3.286077138303613e-11,2.2369463104808923e-18,-6.53094344933903e-08,4.1084192679311475e-15,-3.2860774311643156e-11,-3.286077138766557e-11,-3.286077139444611e-11,4.239005760492246e-15,4.692437328160303e-15,-3.286077142350316e-11,-3.2860771388347406e-11,2.1104030170359135e-18,4.722185190850213e-15,-3.2860775857265325e-11,4.1084192119365375e-15,-3.2860775219935226e-11,2.266534933477597e-18,-3.2860771392437646e-11,4.325488627227611e-15,-3.286077138795809e-11,-3.28607713868406e-11,-3.286077138140476e-11,-3.2860771408988044e-11,-3.2860771388680236e-11,1.9393670656141592e-18,-3.28607714059642e-11,-3.2860771411015573e-11,-3.2860771390480046e-11,-3.2860771398153064e-11,2.3031032652796896e-18,-3.2860754557861325e-11,1.8743509285569426e-18
-8.828102147740655e-07,2.135818877762256e-18,4.091255977988571e-15,-5.559728152927047e-07,2.3155337305807103e-18,-3.176399725730376e-11,-3.1763998086780535e-11,-3.176399367700667e-11,2.5861578395492366e-18,2.2248219880271884e-18,-6.312961390188726e-08,-3.176399807712572e-11,-3.176399365752046e-11,4.358656541207078e-15,-3.176399363194287e-11,2.2014870333491113e-18,-3.1763988041280465e-11,3.973618671404568e-15,-3.176399644679024e-11,-3.176399366111461e-11,-3.176399364672107e-11,4.100129205058781e-15,2.2637551711823764e-18,-3.17639936559885e-11,-3.176399362520187e-11,1.8863015640651827e-18,2.4515460918157606e-18,-3.176399808870677e-11,3.973618618000344e-15,-3.176399729623479e-11,2.230453675260668e-18,-3.176399359819859e-11,4.183451850173255e-15,-3.176399365252067e-11,-3.17639936843645e-11,-3.176399359819859e-11,-3.176399365252067e-11,-3.176399367700667e-11,2.1472015467164496e-18,-3.1763993675128305e-11,-3.176399372147274e-11,-3.176399359819859e-11,-3.1763993675128305e-11,2.1395242485820712e-18,-3.176397739773773e-11,2.0850664759574667e-18
-8.836783491678437e-07,2.418351410734791e-18,4.1522345909536894e-15,2.3155337305807103e-18,-5.559728133534695e-07,-3.220080314451192e-11,-3.220080401241175e-11,-3.220079947286805e-11,2.4724264603338132e-18,2.260413898510736e-18,-6.399774729148753e-08,-3.220080403007123e-11,-3.220079950626272e-11,2.4271491701783334e-18,-3.220079955441645e-11,2.2311747668111845e-18,-3.2200793759621064e-11,2.345646992014758e-18,-3.220080228827578e-11,-3.22007994586356e-11,-3.220079950626272e-11,4.161141946106146e-15,2.385052047749122e-18,-3.2200799522620645e-11,-3.220079952728331e-11,2.014511583275613e-18,2.720748254920771e-18,-3.220080406077856e-11,1.8652974691557594e-18,-3.220080315926917e-11,2.1993973989300362e-18,-3.2200799522620645e-11,2.0964982786453345e-18,-3.220079948294551e-11,-3.220079953592981e-11,-3.22007994586356e-11,-3.220079950368302e-11,-3.22007995022169e-11,2.1107078978472015e-18,-3.2200799502181613e-11,-3.22007995022169e-11,-3.220079949784346e-11,-3.220079952308812e-11,2.8799767146156243e-18,-3.2200783016266406e-11,2.3444554363164065e-18
0.9999963609624238,-3.4694617681741376e-11,-3.286077521179856e-11,-3.176399725730376e-11,-3.220080314451192e-11,0.9999962508260296,0.9999968313551646,0.9999966918516419,-7.99930851260991e-08,-3.2200803109034245e-11,0.999996196512709,0.9999968313551673,0.9999966918516421,-3.496310859785101e-11,0.9999966918516413,-3.625328833386561e-11,0.99999651333149,-3.1884975337862904e-11,0.9999967799868935,0.9999966918516411,0.9999966918516409,-3.292529164183219e-11,-3.642579007491148e-11,0.999996691851643,0.9999966918516409,-3.213275309116734e-11,-3.6632306991773476e-11,0.999996831355167,-3.18849749509038e-11,0.9999968067987774,-3.4618594932594334e-11,0.9999966918516413,-3.3555175625839654e-11,0.9999966918516416,0.9999966918516405,0.9999966918516419,0.9999966918516411,0.9999966918516421,-3.49106198955089e-11,0.99999669185164,0.9999966918516415,0.9999966918516409,0.9999966918516424,-3.470703707783525e-11,0.9999961752987492,-3.1873790596976125e-11
0.9999963855188166,-3.4694618471592e-11,-3.2860775998996345e-11,-3.1763998086780535e-11,-3.220080401241175e-11,0.9999968313551646,0.999996299938802,0.9999967164080258,-4.0248918092074216e-11,-3.220080397222976e-11,0.9999962210690796,0.9999968559115533,0.9999967164080255,-3.496310949785018e-11,0.9999967164080247,-3.6253289253088707e-11,0.9999965378878692,-3.188497611502039e-11,0.9999968045432788,0.9999967164080249,0.9999967164080241,-3.2925292473037844e-11,-7.239477737508696e-08,0.9999967164080262,0.9999967164080249,-3.2132753873023533e-11,-3.663230786345294e-11,0.9999968559115533,-3.188497572254141e-11,0.999996831355164,-3.461859573687428e-11,0.9999967164080249,-3.355517645273877e-11,0.9999967164080255,0.9999967164080252,0.9999967164080258,0.9999967164080258,0.9999967164080263,-3.491062076752482e-11,0.9999967164080239,0.9999967164080258,0.9999967164080249,0.9999967164080258,-3.4707037994137524e-11,0.99999619985512,-3.187379140514735e-11
0.9999962460152462,-3.469461372373341e-11,-3.286077140318647e-11,-3.176399367700667e-11,-3.220079947286805e-11,0.9999966918516419,0.9999967164080258,0.9999960209317688,-4.024891251770736e-11,-3.220079945356129e-11,0.9999960815656416,0.9999967164080273,0.9999965769045174,-3.4963104639435245e-11,0.9999965769045164,-3.625328422530217e-11,0.9999963983843873,-3.188497176317223e-11,0.9999966650397587,0.9999965769045175,0.9999965769045172,-3.292528789064922e-11,-3.642578595270107e-11,0.9999965769045185,0.9999965769045166,-3.213274943342074e-11,-3.663230282053703e-11,0.9999967164080277,-3.1884971325503e-11,0.9999966918516392,-3.4618590953930596e-11,0.9999965769045166,-3.355517176937407e-11,0.9999965769045175,0.9999965769045174,0.9999965769045175,0.9999965769045174,0.9999965769045185,-3.4910615894739495e-11,0.9999965769045162,0.9999965769045175,0.9999965769045166,0.9999965769045183,-3.470703318450052e-11,0.9999960603516845,-3.187378695921732e-11
-8.996736505149364e-07,2.4393622317799753e-18,2.6800167304859134e-18,2.5861578395492366e-18,2.4724264603338132e-18,-7.99930851260991e-08,-4.0248918092074216e-11,-4.024891251770736e-11,-5.559728120862797e-07,2.4462527526709534e-18,-7.999303660397703e-08,-4.0248918086471076e-11,-4.0248912475048574e-11,5.523700771896826e-15,-4.024891252161638e-11,5.723388712408341e-15,-7.999306179230515e-08,2.5632026006124106e-18,-7.99930829941593e-08,-4.024891249170736e-11,-4.024891249122454e-11,2.615267702003725e-18,2.8776060466100355e-18,-4.0248912498609877e-11,-4.024891247577628e-11,2.9661897625385674e-18,5.787880883900422e-15,-4.0248918126567376e-11,2.659555003034413e-18,-7.999308512609896e-08,5.465620814890504e-15,-4.0248912532605313e-11,2.6808198864201214e-18,-4.024891253635909e-11,-4.0248912475048574e-11,-4.024891252161638e-11,-4.0248912538929464e-11,-4.0248912498609877e-11,2.4413785142093225e-18,-4.0248912503907536e-11,-4.024891253534106e-11,-4.024891253635903e-11,-4.0248912472181566e-11,3.230126657981136e-18,-7.999303491612066e-08,2.548593349297529e-18
-8.836783468921728e-07,2.548911955633676e-18,4.15223458620051e-15,2.2248219880271884e-18,2.260413898510736e-18,-3.2200803109034245e-11,-3.220080397222976e-11,-3.220079945356129e-11,2.4462527526709534e-18,-5.559728133534695e-07,-6.399774724361439e-08,-3.220080391015128e-11,-3.220079948466719e-11,2.4271491701783334e-18,-3.220079949598689e-11,2.291998638121533e-18,-3.220079384067339e-11,1.955772731641413e-18,-3.2200802285555084e-11,-3.220079949773227e-11,-3.220079946215643e-11,4.1611419413785645e-15,2.385052047749122e-18,-3.220079949773227e-11,-3.220079949773227e-11,2.014511583275613e-18,2.7486703553765606e-18,-3.220080391015128e-11,1.955772731641413e-18,-3.220080315320819e-11,2.1993973989300362e-18,-3.220079945372865e-11,2.896997756557666e-18,-3.220079946136716e-11,-3.2200799461367074e-11,-3.2200799457277106e-11,-3.220079946215643e-11,-3.220079947401011e-11,2.709937672250931e-18,-3.220079944127087e-11,-3.2200799495581617e-11,-3.2200799441270876e-11,-3.220079944784725e-11,2.5157732008359575e-18,-3.2200783035151605e-11,1.8236748590042188e-18
0.999995750676154,-6.895409914138642e-08,-6.530941393941012e-08,-6.312961390188726e-08,-6.399774729148753e-08,0.999996196512709,0.9999962210690796,0.9999960815656416,-7.999303660397703e-08,-6.399774724361439e-08,0.9999950302542591,0.9999962210690819,0.9999960815656416,-6.948771369452395e-08,0.999996081565641,-7.205189180509016e-08,0.9999959030455993,-6.337005270378587e-08,0.9999961697008394,0.999996081565641,0.9999960815656401,-6.543763776210654e-08,-7.239473169386486e-08,0.9999960815656423,0.999996081565641,-6.386250062330833e-08,-7.280517550449558e-08,0.9999962210690823,-6.337005196551911e-08,0.9999961965127068,-6.880300704998872e-08,0.999996081565641,-6.668950582645475e-08,0.999996081565641,0.9999960815656412,0.9999960815656415,0.9999960815656416,0.9999960815656423,-6.938339446857464e-08,0.9999960815656399,0.9999960815656415,0.9999960815656407,0.999996081565642,-6.897878226795514e-08,0.9999955650130627,-6.334782353331345e-08
0.9999963855188196,-3.4694618472588235e-11,-3.2860775998996345e-11,-3.176399807712572e-11,-3.220080403007123e-11,0.9999968313551673,0.9999968559115533,0.9999967164080273,-4.0248918086471076e-11,-3.220080391015128e-11,0.9999962210690819,0.999996299938805,0.9999967164080268,-3.496310949912577e-11,0.9999967164080258,-3.625328926444522e-11,0.9999965378878711,-3.1884976117974335e-11,0.9999968045432801,0.9999967164080263,0.999996716408026,-3.2925292397380066e-11,-7.239477737508708e-08,0.9999967164080279,0.999996716408026,-3.213275386821294e-11,-3.6632307872702767e-11,0.9999968559115554,-3.1884975756840017e-11,0.9999968313551654,-3.461859574938291e-11,0.9999967164080263,-3.355517648319445e-11,0.9999967164080263,0.9999967164080269,0.9999967164080269,0.9999967164080269,0.9999967164080273,-3.491062076752482e-11,0.9999967164080255,0.9999967164080271,0.999996716408026,0.9999967164080273,-3.4707038006082206e-11,0.9999961998551203,-3.187379141684707e-11
0.9999962460152488,-3.4694613735101115e-11,-3.286077141042219e-11,-3.176399365752046e-11,-3.220079950626272e-11,0.9999966918516421,0.9999967164080255,0.9999965769045174,-4.0248912475048574e-11,-3.220079948466719e-11,0.9999960815656416,0.9999967164080268,0.9999960209317664,-3.49631046569616e-11,0.999996576904516,-3.625328422313837e-11,0.9999963983843861,-3.188497176317223e-11,0.9999966650397588,0.9999965769045162,0.9999965769045166,-3.292528787284763e-11,-3.6425785863022905e-11,0.9999965769045174,0.9999965769045162,-3.213274943505942e-11,-3.663230284815065e-11,0.9999967164080266,-3.188497137346965e-11,0.9999966918516389,-3.461859099226957e-11,0.9999965769045166,-3.355517181033119e-11,0.9999965769045166,0.9999965769045169,0.9999965769045175,0.9999965769045169,0.9999965769045174,-3.4910615846991625e-11,0.9999965769045158,0.9999965769045166,0.9999965769045172,0.9999965769045175,-3.470703322420305e-11,0.9999960603516839,-3.187378696896058e-11
-8.891683198044804e-07,2.6064853414363177e-18,4.5066176997203175e-15,4.358656541207078e-15,2.4271491701783334e-18,-3.496310859785101e-11,-3.496310949785018e-11,-3.4963104639435245e-11,5.523700771896826e-15,2.4271491701783334e-18,-6.948771369452395e-08,-3.496310949912577e-11,-3.49631046569616e-11,-5.559728121289204e-07,-3.496310463724198e-11,2.3083383221687046e-18,-6.948773558309532e-08,1.7369173824306385e-18,-3.49631077217957e-11,-3.4963104639419586e-11,-3.4963104607354415e-11,2.2037989151603403e-18,2.386941133774214e-18,-3.4963104605184545e-11,-3.496310460514392e-11,4.412368983886777e-15,2.9612763381626185e-18,-3.496310949967017e-11,2.2474810977402177e-18,-3.496310859785101e-11,2.2859290209711596e-18,-3.4963104639435245e-11,3.004130340787616e-18,-3.496310467528259e-11,-3.496310465640621e-11,-3.496310466641972e-11,-3.496310467528259e-11,-3.496310467501004e-11,2.225345646073007e-18,-3.496310466332153e-11,-3.496310460514392e-11,-3.496310466965921e-11,-3.496310464202359e-11,2.7516693432635833e-18,-6.948771222784823e-08,2.1426469549810427e-18
0.9999962460152478,-3.469461369567503e-11,-3.286077138303613e-11,-3.176399363194287e-11,-3.220079955441645e-11,0.9999966918516413,0.9999967164080247,0.9999965769045164,-4.024891252161638e-11,-3.220079949598689e-11,0.999996081565641,0.9999967164080258,0.999996576904516,-3.496310463724198e-11,0.999996020931767,-3.625328420308702e-11,0.9999963983843859,-3.188497178302752e-11,0.9999966650397577,0.9999965769045156,0.999996576904516,-3.2925287848757305e-11,-3.642578588705809e-11,0.9999965769045166,0.9999965769045153,-3.2132749451674607e-11,-3.66323028247238e-11,0.9999967164080266,-3.188497131372139e-11,0.9999966918516383,-3.461859098384089e-11,0.9999965769045155,-3.355517180303792e-11,0.999996576904516,0.9999965769045164,0.9999965769045166,0.9999965769045162,0.9999965769045162,-3.491061587389535e-11,0.9999965769045153,0.9999965769045166,0.9999965769045155,0.9999965769045169,-3.470703316463099e-11,0.9999960603516836,-3.1873787001073503e-11
-8.917325001168511e-07,4.933436725934523e-15,2.2369463104808923e-18,2.2014870333491113e-18,2.2311747668111845e-18,-3.625328833386561e-11,-3.6253289253088707e-11,-3.625328422530217e-11,5.723388712408341e-15,2.291998638121533e-18,-7.205189180509016e-08,-3.625328926444522e-11,-3.625328422313837e-11,2.3083383221687046e-18,-3.625328420308702e-11,-5.559728127988911e-07,-7.205191448985262e-08,2.371993001075183e-18,-7.205193358440468e-08,-3.625328422410957e-11,-3.625328419834237e-11,2.440676830939897e-18,2.626034147936916e-18,-3.625328419648688e-11,-3.625328419432651e-11,2.358044202610414e-18,2.5404863264951628e-18,-3.6253289248303506e-11,2.5367478304979024e-18,-3.6253288333690296e-11,4.922089295458962e-15,-3.625328424002173e-11,2.40335251725292e-18,-3.625328419432651e-11,-3.625328421251129e-11,-3.625328420697803e-11,-3.625328420697806e-11,-3.6253284203466384e-11,2.612105442556107e-18,-3.625328420650971e-11,-3.625328424053245e-11,-3.625328422313837e-11,-3.625328422410957e-11,4.935546149882411e-15,-7.205189028497195e-08,2.184607189415154e-18
0.9999960674950371,-6.895412085333053e-08,-6.53094344933903e-08,-3.1763988041280465e-11,-3.2200793759621064e-11,0.99999651333149,0.9999965378878692,0.9999963983843873,-7.999306179230515e-08,-3.220079384067339e-11,0.9999959030455993,0.9999965378878711,0.9999963983843861,-6.948773558309532e-08,0.9999963983843859,-7.205191448985262e-08,0.9999956638915347,-3.1884966026039246e-11,0.9999964865196118,0.9999963983843869,0.999996398384385,-6.543765835933615e-08,-3.642577950328378e-11,0.9999963983843878,0.9999963983843869,-3.213274372305444e-11,-7.280519843933177e-08,0.9999965378878704,-3.188496571599839e-11,0.9999965133314884,-6.880302871271149e-08,0.9999963983843869,-6.668952683475704e-08,0.9999963983843867,0.9999963983843865,0.9999963983843876,0.9999963983843865,0.9999963983843876,-6.938341632329311e-08,0.9999963983843846,0.9999963983843869,0.9999963983843865,0.999996398384387,-6.897880398868277e-08,0.9999958818316451,-3.187378138100297e-11
-8.830506530970872e-07,2.0155201328963295e-18,4.1084192679311475e-15,3.973618671404568e-15,2.345646992014758e-18,-3.1884975337862904e-11,-3.188497611502039e-11,-3.188497176317223e-11,2.5632026006124106e-18,1.955772731641413e-18,-6.337005270378587e-08,-3.1884976117974335e-11,-3.188497176317223e-11,1.7369173824306385e-18,-3.188497178302752e-11,2.371993001075183e-18,-3.1884966026039246e-11,-5.559728153012098e-07,-3.1884974485778726e-11,-3.188497175638124e-11,-3.1884971723263597e-11,4.117296970357861e-15,2.239490903749958e-18,-3.1884971742701934e-11,-3.18849717575627e-11,2.0338270852962527e-18,2.5618618316822396e-18,-3.188497609784605e-11,3.990137323375791e-15,-3.188497533604386e-11,2.1016187517615308e-18,-3.1884971742701934e-11,2.714609046601207e-18,-3.188497171307797e-11,-3.1884971753018666e-11,-3.1884971734958573e-11,-3.188497175382281e-11,-3.188497171260234e-11,2.311836607845993e-18,-3.188497174782429e-11,-3.1884971742701934e-11,-3.188497174782429e-11,-3.1884971723263597e-11,2.106742393976509e-18,-3.188495533986729e-11,2.049430739753713e-18
0.9999963341505274,-3.469461661577832e-11,-3.2860774311643156e-11,-3.176399644679024e-11,-3.220080228827578e-11,0.9999967799868935,0.9999968045432788,0.9999966650397587,-7.99930829941593e-08,-3.2200802285555084e-11,0.9999961697008394,0.9999968045432801,0.9999966650397588,-3.49631077217957e-11,0.9999966650397577,-7.205193358440468e-08,0.9999964865196118,-3.1884974485778726e-11,0.9999961972022544,0.9999966650397583,0.9999966650397577,-3.2925290769218824e-11,-3.642578915934948e-11,0.9999966650397587,0.9999966650397581,-3.213275224334297e-11,-7.280521774424225e-08,0.9999968045432788,-3.188497410875184e-11,0.9999967799868903,-3.461859394649046e-11,0.9999966650397583,-3.355517474753306e-11,0.9999966650397588,0.9999966650397585,0.9999966650397588,0.9999966650397585,0.9999966650397579,-3.491061889026646e-11,0.9999966650397564,0.9999966650397593,0.9999966650397581,0.9999966650397594,-3.47070360080173e-11,0.9999961484868797,-3.1873789774054794e-11
0.9999962460152477,-3.469461364504776e-11,-3.286077138766557e-11,-3.176399366111461e-11,-3.22007994586356e-11,0.9999966918516411,0.9999967164080249,0.9999965769045175,-4.024891249170736e-11,-3.220079949773227e-11,0.999996081565641,0.9999967164080263,0.9999965769045162,-3.4963104639419586e-11,0.9999965769045156,-3.625328422410957e-11,0.9999963983843869,-3.188497175638124e-11,0.9999966650397583,0.9999960209317669,0.9999965769045166,-3.29252879088324e-11,-3.64257859124105e-11,0.9999965769045183,0.9999965769045156,-3.2132749429263e-11,-3.663230284431056e-11,0.9999967164080263,-3.1884971384770466e-11,0.9999966918516386,-3.46185909715345e-11,0.9999965769045156,-3.355517181033119e-11,0.9999965769045168,0.9999965769045168,0.9999965769045169,0.9999965769045166,0.9999965769045183,-3.4910615859097213e-11,0.999996576904516,0.9999965769045168,0.9999965769045156,0.9999965769045174,-3.4707033217114724e-11,0.999996060351684,-3.187378697301405e-11
0.9999962460152483,-3.469461368722649e-11,-3.286077139444611e-11,-3.176399364672107e-11,-3.220079950626272e-11,0.9999966918516409,0.9999967164080241,0.9999965769045172,-4.024891249122454e-11,-3.220079946215643e-11,0.9999960815656401,0.999996716408026,0.9999965769045166,-3.4963104607354415e-11,0.999996576904516,-3.625328419834237e-11,0.999996398384385,-3.1884971723263597e-11,0.9999966650397577,0.9999965769045166,0.9999960209317651,-3.29252879088324e-11,-3.642578586590799e-11,0.9999965769045175,0.9999965769045166,-3.213274946292194e-11,-3.663230283968889e-11,0.999996716408026,-3.1884971376963315e-11,0.9999966918516389,-3.461859097405583e-11,0.9999965769045166,-3.3555171794725344e-11,0.9999965769045162,0.9999965769045166,0.9999965769045162,0.9999965769045169,0.9999965769045166,-3.491061587465915e-11,0.9999965769045144,0.9999965769045162,0.9999965769045162,0.9999965769045169,-3.470703321804958e-11,0.9999960603516826,-3.1873786961729834e-11
-8.851182373501827e-07,4.478973418795339e-15,4.239005760492246e-15,4.100129205058781e-15,4.161141946106146e-15,-3.292529164183219e-11,-3.2925292473037844e-11,-3.292528789064922e-11,2.615267702003725e-18,4.1611419413785645e-15,-6.543763776210654e-08,-3.2925292397380066e-11,-3.292528787284763e-11,2.2037989151603403e-18,-3.2925287848757305e-11,2.440676830939897e-18,-6.543765835933615e-08,4.117296970357861e-15,-3.2925290769218824e-11,-3.29252879088324e-11,-3.29252879088324e-11,-5.559728135200392e-07,4.702598764340966e-15,-3.2925287910774965e-11,-3.292528787174242e-11,2.0988922710478674e-18,2.03014051455954e-18,-3.292529228013018e-11,4.117296914505944e-15,-3.292529164665012e-11,2.1743777853549603e-18,-3.292528792601522e-11,4.334795970460765e-15,-3.2925287848757305e-11,-3.292528787284763e-11,-3.292528789064922e-11,-3.2925287848757305e-11,-3.2925287848757305e-11,2.2337334876825646e-18,-3.292528789609214e-11,-3.292528792601522e-11,-3.292528792229116e-11,-3.2925287847880474e-11,2.161748104439888e-18,-3.292527099127622e-11,2.2276074159391867e-18
-8.920753388805464e-07,2.5970683837578645e-18,4.692437328160303e-15,2.2637551711823764e-18,2.385052047749122e-18,-3.642579007491148e-11,-7.239477737508696e-08,-3.642578595270107e-11,2.8776060466100355e-18,2.385052047749122e-18,-7.239473169386486e-08,-7.239477737508708e-08,-3.6425785863022905e-11,2.386941133774214e-18,-3.642578588705809e-11,2.626034147936916e-18,-3.642577950328378e-11,2.239490903749958e-18,-3.642578915934948e-11,-3.64257859124105e-11,-3.642578586590799e-11,4.702598764340966e-15,-5.559728119262375e-07,-3.642578589317181e-11,-3.6425785887024694e-11,2.8191296245810346e-18,5.238111012988771e-15,-7.239477737508717e-08,2.056815936853085e-18,-3.642579007290966e-11,2.4807715418119606e-18,-3.642578586641175e-11,2.8206931370520513e-18,-3.6425785914652526e-11,-3.642578595122431e-11,-3.6425785830268724e-11,-3.6425785880024756e-11,-3.6425785830268724e-11,4.991204894011203e-15,-3.642578594023093e-11,-3.642578588737371e-11,-3.6425785896010783e-11,-3.642578594022842e-11,2.663632604097568e-18,-3.64257671805065e-11,4.555989706943099e-15
0.9999962460152486,-3.4694613743415876e-11,-3.286077142350316e-11,-3.17639936559885e-11,-3.2200799522620645e-11,0.999996691851643,0.9999967164080262,0.9999965769045185,-4.0248912498609877e-11,-3.220079949773227e-11,0.9999960815656423,0.9999967164080279,0.9999965769045174,-3.4963104605184545e-11,0.9999965769045166,-3.625328419648688e-11,0.9999963983843878,-3.1884971742701934e-11,0.9999966650397587,0.9999965769045183,0.9999965769045175,-3.2925287910774965e-11,-3.642578589317181e-11,0.9999960209317674,0.9999965769045183,-3.2132749448898466e-11,-3.663230281854816e-11,0.9999967164080276,-3.1884971384770466e-11,0.9999966918516396,-3.461859099628719e-11,0.9999965769045183,-3.3555171777496697e-11,0.9999965769045175,0.9999965769045185,0.9999965769045175,0.9999965769045185,0.9999965769045183,-3.491061587576797e-11,0.9999965769045166,0.9999965769045183,0.9999965769045175,0.9999965769045185,-3.470703322294229e-11,0.9999960603516845,-3.1873786959005657e-11
0.9999962460152458,-3.4694613734712715e-11,-3.2860771388347406e-11,-3.176399362520187e-11,-3.220079952728331e-11,0.9999966918516409,0.9999967164080249,0.9999965769045166,-4.024891247577628e-11,-3.220079949773227e-11,0.999996081565641,0.999996716408026,0.9999965769045162,-3.496310460514392e-11,0.9999965769045153,-3.625328419432651e-11,0.9999963983843869,-3.18849717575627e-11,0.9999966650397581,0.9999965769045156,0.9999965769045166,-3.292528787174242e-11,-3.6425785887024694e-11,0.9999965769045183,0.9999960209317658,-3.213274943657485e-11,-3.663230281540506e-11,0.9999967164080263,-3.188497136728894e-11,0.9999966918516386,-3.461859100210281e-11,0.9999965769045158,-3.3555171772832316e-11,0.9999965769045166,0.9999965769045166,0.9999965769045166,0.9999965769045166,0.9999965769045175,-3.4910615852133264e-11,0.9999965769045153,0.9999965769045168,0.9999965769045155,0.9999965769045168,-3.470703318787491e-11,0.999996060351684,-3.1873786961729834e-11
-8.83543100443625e-07,1.8409619252794757e-18,2.1104030170359135e-18,1.8863015640651827e-18,2.014511583275613e-18,-3.213275309116734e-11,-3.2132753873023533e-11,-3.213274943342074e-11,2.9661897625385674e-18,2.014511583275613e-18,-6.386250062330833e-08,-3.213275386821294e-11,-3.213274943505942e-11,4.412368983886777e-15,-3.2132749451674607e-11,2.358044202610414e-18,-3.213274372305444e-11,2.0338270852962527e-18,-3.213275224334297e-11,-3.2132749429263e-11,-3.213274946292194e-11,2.0988922710478674e-18,2.8191296245810346e-18,-3.2132749448898466e-11,-3.213274943657485e-11,-5.559728152717627e-07,2.6858973371400465e-18,-3.213275387274453e-11,2.159237625134534e-18,-3.213275314807362e-11,2.4411179250785974e-18,-3.2132749425610953e-11,2.3944450797606685e-18,-3.213274943342074e-11,-3.213274944191153e-11,-3.2132749463172365e-11,-3.213274944191153e-11,-3.2132749441907904e-11,2.9136333367768847e-18,-3.2132749441907904e-11,-3.213274945332932e-11,-3.213274943505942e-11,-3.21327494733732e-11,2.3876577160080397e-18,-3.2132732924130875e-11,1.9398713472215308e-18
-8.924857838772661e-07,2.1722173356837426e-18,4.722185190850213e-15,2.4515460918157606e-18,2.720748254920771e-18,-3.6632306991773476e-11,-3.663230786345294e-11,-3.663230282053703e-11,5.787880883900422e-15,2.7486703553765606e-18,-7.280517550449558e-08,-3.6632307872702767e-11,-3.663230284815065e-11,2.9612763381626185e-18,-3.66323028247238e-11,2.5404863264951628e-18,-7.280519843933177e-08,2.5618618316822396e-18,-7.280521774424225e-08,-3.663230284431056e-11,-3.663230283968889e-11,2.03014051455954e-18,5.238111012988771e-15,-3.663230281854816e-11,-3.663230281540506e-11,2.6858973371400465e-18,-5.559728127150427e-07,-3.66323078792421e-11,2.2068340534546783e-18,-3.663230716368915e-11,2.7888776675472362e-18,-3.6632302820465765e-11,2.038644797053848e-18,-3.6632302828578985e-11,-3.663230283231214e-11,-3.6632302822102096e-11,-3.6632302850353565e-11,-3.663230282450229e-11,2.684734851199518e-18,-3.66323028311278e-11,-3.663230282138524e-11,-3.663230282450231e-11,-3.663230282510671e-11,4.99114362536627e-15,-7.280517396772364e-08,2.4801741587906283e-18
0.9999963855188193,-3.469461848387755e-11,-3.2860775857265325e-11,-3.176399808870677e-11,-3.220080406077856e-11,0.999996831355167,0.9999968559115533,0.9999967164080277,-4.0248918126567376e-11,-3.220080391015128e-11,0.9999962210690823,0.9999968559115554,0.9999967164080266,-3.496310949967017e-11,0.9999967164080266,-3.6253289248303506e-11,0.9999965378878704,-3.188497609784605e-11,0.9999968045432788,0.9999967164080263,0.999996716408026,-3.292529228013018e-11,-7.239477737508717e-08,0.9999967164080276,0.9999967164080263,-3.213275387274453e-11,-3.66323078792421e-11,0.999996299938805,-3.188497577419247e-11,0.9999968313551646,-3.4618595737518624e-11,0.9999967164080263,-3.355517645065915e-11,0.999996716408026,0.9999967164080269,0.999996716408026,0.9999967164080268,0.9999967164080269,-3.491062076752482e-11,0.9999967164080255,0.9999967164080268,0.9999967164080268,0.9999967164080279,-3.47070380245763e-11,0.9999961998551209,-3.187379141684707e-11
-8.830506521205156e-07,2.297055844836019e-18,4.1084192119365375e-15,3.973618618000344e-15,1.8652974691557594e-18,-3.18849749509038e-11,-3.188497572254141e-11,-3.1884971325503e-11,2.659555003034413e-18,1.955772731641413e-18,-6.337005196551911e-08,-3.1884975756840017e-11,-3.188497137346965e-11,2.2474810977402177e-18,-3.188497131372139e-11,2.5367478304979024e-18,-3.188496571599839e-11,3.990137323375791e-15,-3.188497410875184e-11,-3.1884971384770466e-11,-3.1884971376963315e-11,4.117296914505944e-15,2.056815936853085e-18,-3.1884971384770466e-11,-3.188497136728894e-11,2.159237625134534e-18,2.2068340534546783e-18,-3.188497577419247e-11,-5.559728153012098e-07,-3.188497496866249e-11,2.190210865233682e-18,-3.188497134899241e-11,2.7742677706689988e-18,-3.1884971347966286e-11,-3.188497136728894e-11,-3.1884971347966286e-11,-3.188497134899241e-11,-3.1884971309399765e-11,2.30492541069409e-18,-3.1884971367288934e-11,-3.188497133890232e-11,-3.1884971338902305e-11,-3.1884971341547745e-11,2.106742393976509e-18,-3.188495506077534e-11,1.94865854274182e-18
0.9999963609624205,-3.4694617682754976e-11,-3.2860775219935226e-11,-3.176399729623479e-11,-3.220080315926917e-11,0.9999968067987774,0.999996831355164,0.9999966918516392,-7.999308512609896e-08,-3.220080315320819e-11,0.9999961965127068,0.9999968313551654,0.9999966918516389,-3.496310859785101e-11,0.9999966918516383,-3.6253288333690296e-11,0.9999965133314884,-3.188497533604386e-11,0.9999967799868903,0.9999966918516386,0.9999966918516389,-3.292529164665012e-11,-3.642579007290966e-11,0.9999966918516396,0.9999966918516386,-3.213275314807362e-11,-3.663230716368915e-11,0.9999968313551646,-3.188497496866249e-11,0.9999962508260215,-3.461859495478068e-11,0.9999966918516386,-3.355517563342985e-11,0.9999966918516396,0.9999966918516383,0.99999669185164,0.9999966918516391,0.9999966918516391,-3.4910619854845423e-11,0.9999966918516381,0.9999966918516396,0.9999966918516383,0.9999966918516398,-3.470703708971512e-11,0.9999961752987468,-3.1873790620008717e-11
-8.884836111479444e-07,4.711247221071796e-15,2.266534933477597e-18,2.230453675260668e-18,2.1993973989300362e-18,-3.4618594932594334e-11,-3.461859573687428e-11,-3.4618590953930596e-11,5.465620814890504e-15,2.1993973989300362e-18,-6.880300704998872e-08,-3.461859574938291e-11,-3.461859099226957e-11,2.2859290209711596e-18,-3.461859098384089e-11,4.922089295458962e-15,-6.880302871271149e-08,2.1016187517615308e-18,-3.461859394649046e-11,-3.46185909715345e-11,-3.461859097405583e-11,2.1743777853549603e-18,2.4807715418119606e-18,-3.461859099628719e-11,-3.461859100210281e-11,2.4411179250785974e-18,2.7888776675472362e-18,-3.4618595737518624e-11,2.190210865233682e-18,-3.461859495478068e-11,-5.559728144658328e-07,-3.4618591004944356e-11,2.4899322005961947e-18,-3.4618590987968807e-11,-3.4618590965430306e-11,-3.4618590965430306e-11,-3.4618590953930596e-11,-3.46185909464187e-11,2.138284446875456e-18,-3.4618590953250634e-11,-3.461859096499569e-11,-3.46185909474371e-11,-3.4618590953250634e-11,4.7132597133023804e-15,-6.88030055983648e-08,2.1744765980942644e-18
0.999996246015246,-3.4694613730740173e-11,-3.2860771392437646e-11,-3.176399359819859e-11,-3.2200799522620645e-11,0.9999966918516413,0.9999967164080249,0.9999965769045166,-4.0248912532605313e-11,-3.220079945372865e-11,0.999996081565641,0.9999967164080263,0.9999965769045166,-3.4963104639435245e-11,0.9999965769045155,-3.625328424002173e-11,0.9999963983843869,-3.1884971742701934e-11,0.9999966650397583,0.9999965769045156,0.9999965769045166,-3.292528792601522e-11,-3.642578586641175e-11,0.9999965769045183,0.9999965769045158,-3.2132749425610953e-11,-3.6632302820465765e-11,0.9999967164080263,-3.188497134899241e-11,0.9999966918516386,-3.4618591004944356e-11,0.9999960209317666,-3.3555171827468635e-11,0.9999965769045169,0.9999965769045166,0.9999965769045168,0.9999965769045166,0.9999965769045177,-3.491061585343428e-11,0.9999965769045153,0.9999965769045169,0.9999965769045158,0.9999965769045168,-3.47070331544028e-11,0.9999960603516845,-3.1873786952043394e-11
-8.863701082641574e-07,4.569925609227739e-15,4.325488627227611e-15,4.183451850173255e-15,2.0964982786453345e-18,-3.3555175625839654e-11,-3.355517645273877e-11,-3.355517176937407e-11,2.6808198864201214e-18,2.896997756557666e-18,-6.668950582645475e-08,-3.355517648319445e-11,-3.355517181033119e-11,3.004130340787616e-18,-3.355517180303792e-11,2.40335251725292e-18,-6.668952683475704e-08,2.714609046601207e-18,-3.355517474753306e-11,-3.355517181033119e-11,-3.3555171794725344e-11,4.334795970460765e-15,2.8206931370520513e-18,-3.3555171777496697e-11,-3.3555171772832316e-11,2.3944450797606685e-18,2.038644797053848e-18,-3.355517645065915e-11,2.7742677706689988e-18,-3.355517563342985e-11,2.4899322005961947e-18,-3.3555171827468635e-11,-5.559728137089094e-07,-3.355517179472399e-11,-3.3555171794725344e-11,-3.35551718375512e-11,-3.3555171772832316e-11,-3.3555171794725344e-11,2.7863166100401274e-18,-3.35551717583021e-11,-3.355517179472399e-11,-3.355517179357869e-11,-3.355517179357869e-11,2.3258566589961536e-18,-3.355515465980044e-11,1.93752319243069e-18
0.999996246015249,-3.4694613693818475e-11,-3.286077138795809e-11,-3.176399365252067e-11,-3.220079948294551e-11,0.9999966918516416,0.9999967164080255,0.9999965769045175,-4.024891253635909e-11,-3.220079946136716e-11,0.999996081565641,0.9999967164080263,0.9999965769045166,-3.496310467528259e-11,0.999996576904516,-3.625328419432651e-11,0.9999963983843867,-3.188497171307797e-11,0.9999966650397588,0.9999965769045168,0.9999965769045162,-3.2925287848757305e-11,-3.6425785914652526e-11,0.9999965769045175,0.9999965769045166,-3.213274943342074e-11,-3.6632302828578985e-11,0.999996716408026,-3.1884971347966286e-11,0.9999966918516396,-3.4618590987968807e-11,0.9999965769045169,-3.355517179472399e-11,0.9999960209317682,0.9999965769045162,0.9999965769045162,0.9999965769045169,0.9999965769045168,-3.491061585114925e-11,0.9999965769045147,0.9999965769045169,0.9999965769045166,0.9999965769045175,-3.4707033247407603e-11,0.9999960603516826,-3.1873786952043394e-11
0.9999962460152462,-3.4694613697160233e-11,-3.28607713868406e-11,-3.17639936843645e-11,-3.220079953592981e-11,0.9999966918516405,0.9999967164080252,0.9999965769045174,-4.0248912475048574e-11,-3.2200799461367074e-11,0.9999960815656412,0.9999967164080269,0.9999965769045169,-3.496310465640621e-11,0.9999965769045164,-3.625328421251129e-11,0.9999963983843865,-3.1884971753018666e-11,0.9999966650397585,0.9999965769045168,0.9999965769045166,-3.292528787284763e-11,-3.642578595122431e-11,0.9999965769045185,0.9999965769045166,-3.213274944191153e-11,-3.663230283231214e-11,0.9999967164080269,-3.188497136728894e-11,0.9999966918516383,-3.4618590965430306e-11,0.9999965769045166,-3.3555171794725344e-11,0.9999965769045162,0.9999960209317682,0.9999965769045174,0.9999965769045172,0.9999965769045183,-3.491061585114925e-11,0.999996576904516,0.9999965769045175,0.999996576904516,0.9999965769045174,-3.4707033204377713e-11,0.9999960603516844,-3.187378697020773e-11
0.9999962460152488,-3.4694613736278574e-11,-3.286077138140476e-11,-3.176399359819859e-11,-3.22007994586356e-11,0.9999966918516419,0.9999967164080258,0.9999965769045175,-4.024891252161638e-11,-3.2200799457277106e-11,0.9999960815656415,0.9999967164080269,0.9999965769045175,-3.496310466641972e-11,0.9999965769045166,-3.625328420697803e-11,0.9999963983843876,-3.1884971734958573e-11,0.9999966650397588,0.9999965769045169,0.9999965769045162,-3.292528789064922e-11,-3.6425785830268724e-11,0.9999965769045175,0.9999965769045166,-3.2132749463172365e-11,-3.6632302822102096e-11,0.999996716408026,-3.1884971347966286e-11,0.99999669185164,-3.4618590965430306e-11,0.9999965769045168,-3.35551718375512e-11,0.9999965769045162,0.9999965769045174,0.9999960209317683,0.9999965769045174,0.9999965769045175,-3.491061585975344e-11,0.9999965769045153,0.9999965769045177,0.9999965769045166,0.9999965769045179,-3.470703318450052e-11,0.9999960603516836,-3.1873786977681805e-11
0.999996246015246,-3.469461372373341e-11,-3.2860771408988044e-11,-3.176399365252067e-11,-3.220079950368302e-11,0.9999966918516411,0.9999967164080258,0.9999965769045174,-4.0248912538929464e-11,-3.220079946215643e-11,0.9999960815656416,0.9999967164080269,0.9999965769045169,-3.496310467528259e-11,0.9999965769045162,-3.625328420697806e-11,0.9999963983843865,-3.188497175382281e-11,0.9999966650397585,0.9999965769045166,0.9999965769045169,-3.2925287848757305e-11,-3.6425785880024756e-11,0.9999965769045185,0.9999965769045166,-3.213274944191153e-11,-3.6632302850353565e-11,0.9999967164080268,-3.188497134899241e-11,0.9999966918516391,-3.4618590953930596e-11,0.9999965769045166,-3.3555171772832316e-11,0.9999965769045169,0.9999965769045172,0.9999965769045174,0.9999960209317678,0.9999965769045183,-3.4910615866958415e-11,0.9999965769045155,0.9999965769045174,0.9999965769045164,0.9999965769045175,-3.4707033181834295e-11,0.9999960603516844,-3.187378696858306e-11
0.9999962460152486,-3.469461368722656e-11,-3.2860771388680236e-11,-3.176399367700667e-11,-3.22007995022169e-11,0.9999966918516421,0.9999967164080263,0.9999965769045185,-4.0248912498609877e-11,-3.220079947401011e-11,0.9999960815656423,0.9999967164080273,0.9999965769045174,-3.496310467501004e-11,0.9999965769045162,-3.6253284203466384e-11,0.9999963983843876,-3.188497171260234e-11,0.9999966650397579,0.9999965769045183,0.9999965769045166,-3.2925287848757305e-11,-3.6425785830268724e-11,0.9999965769045183,0.9999965769045175,-3.2132749441907904e-11,-3.663230282450229e-11,0.9999967164080269,-3.1884971309399765e-11,0.9999966918516391,-3.46185909464187e-11,0.9999965769045177,-3.3555171794725344e-11,0.9999965769045168,0.9999965769045183,0.9999965769045175,0.9999965769045183,0.9999960209317674,-3.491061587465915e-11,0.9999965769045162,0.9999965769045177,0.9999965769045175,0.9999965769045177,-3.4707033147899385e-11,0.9999960603516845,-3.187378697133511e-11
-8.890640009677063e-07,2.3825593993516357e-18,1.9393670656141592e-18,2.1472015467164496e-18,2.1107078978472015e-18,-3.49106198955089e-11,-3.491062076752482e-11,-3.4910615894739495e-11,2.4413785142093225e-18,2.709937672250931e-18,-6.938339446857464e-08,-3.491062076752482e-11,-3.4910615846991625e-11,2.225345646073007e-18,-3.491061587389535e-11,2.612105442556107e-18,-6.938341632329311e-08,2.311836607845993e-18,-3.491061889026646e-11,-3.4910615859097213e-11,-3.491061587465915e-11,2.2337334876825646e-18,4.991204894011203e-15,-3.491061587576797e-11,-3.4910615852133264e-11,2.9136333367768847e-18,2.684734851199518e-18,-3.491062076752482e-11,2.30492541069409e-18,-3.4910619854845423e-11,2.138284446875456e-18,-3.491061585343428e-11,2.7863166100401274e-18,-3.491061585114925e-11,-3.491061585114925e-11,-3.491061585975344e-11,-3.4910615866958415e-11,-3.491061587465915e-11,-5.559728121403934e-07,-3.491061589011862e-11,-3.4910615853965966e-11,-3.4910615849614906e-11,-3.491061588652936e-11,2.2620978145141742e-18,-6.93833930041593e-08,4.368480757105016e-15
0.999996246015247,-3.469461364504776e-11,-3.28607714059642e-11,-3.1763993675128305e-11,-3.2200799502181613e-11,0.99999669185164,0.9999967164080239,0.9999965769045162,-4.0248912503907536e-11,-3.220079944127087e-11,0.9999960815656399,0.9999967164080255,0.9999965769045158,-3.496310466332153e-11,0.9999965769045153,-3.625328420650971e-11,0.9999963983843846,-3.188497174782429e-11,0.9999966650397564,0.999996576904516,0.9999965769045144,-3.292528789609214e-11,-3.642578594023093e-11,0.9999965769045166,0.9999965769045153,-3.2132749441907904e-11,-3.66323028311278e-11,0.9999967164080255,-3.1884971367288934e-11,0.9999966918516381,-3.4618590953250634e-11,0.9999965769045153,-3.35551717583021e-11,0.9999965769045147,0.999996576904516,0.9999965769045153,0.9999965769045155,0.9999965769045162,-3.491061589011862e-11,0.9999960209317618,0.9999965769045162,0.9999965769045153,0.9999965769045162,-3.470703322268124e-11,0.9999960603516826,-3.1873786952043394e-11
