0.999999991537168,3.0458708606224874e-07,0.4980513265929094,3.6371619956931647e-07,4.288044200413131e-07,5.783588569482192e-07,3.9732039692631986e-07,2.800190595670424e-07,0.5019475378760103,0.49805120964111044,2.8001905949578116e-07,2.80019059563507e-07,0.5019475269782995,2.9692393403562485e-07,0.5019476848911709,3.4076035017508895e-07,0.4980512177397176,2.8001905949206263e-07,2.842752166478233e-07,2.8292641321615584e-07,4.224946542392988e-07,0.5019474325481892,2.800190610162595e-07,3.4020721185695493e-07,3.8687169531984825e-07,0.5019475269782966,2.8292641321587674e-07,3.071765516945188e-07,1.0000003654986074,2.4057966985853927e-07,4.90694090748241e-07,2.8292641321615584e-07,0.5019474076897538,0.49805190471866845,4.001932177398332e-07,0.5019474541265904,3.62531180016729e-07,0.4980512177397153,0.4980513599837875,0.49805178040203374,0.4980512177397153,0.5019477068024301,0.4980513756053917,0.5019474076897529
3.0458708606224874e-07,-1.8608588362118296e-06,8.057760698727343e-11,8.002267090715126e-14,4.98326447576686e-17,6.87260867864204e-17,8.918859244207381e-14,2.970699719562624e-17,6.496404583689462e-11,8.057759095502909e-11,2.970699719562624e-17,2.9643683876975583e-17,6.496404458633211e-11,6.01689814288067e-14,6.496406182869157e-11,3.6423112421598075e-17,8.057759213004974e-11,2.970699719562624e-17,5.817733331753562e-14,3.033401708124776e-17,4.706980727521314e-17,6.496403432046381e-11,2.970699719562624e-17,7.510666876360614e-14,8.891375824552213e-14,6.496404458636049e-11,3.027679345028041e-17,3.298165974500074e-17,2.891708668444332e-07,3.94097557148432e-14,5.106054611193029e-17,3.027679345028041e-17,6.496403120920427e-11,1.600963596097903e-07,4.6655597628282096e-17,6.496403716495314e-11,3.981409157957251e-17,8.057759215100154e-11,8.057761238635089e-11,1.600963241570446e-07,8.05775919979404e-11,6.496406442575173e-11,8.057761312495874e-11,6.496403145577859e-11
0.4980513265929094,8.057760698727343e-11,0.4980536638391148,1.0393892565816304e-10,1.1570087385117127e-10,4.011114411697238e-07,1.1373441065753427e-10,6.506771277890875e-11,7.360024684909631e-11,0.49805540264675074,6.506771238983819e-11,6.506771213289749e-11,7.310955494881153e-11,6.75541016829197e-11,6.425313961674798e-11,7.418917772193572e-11,0.49805540987495905,6.506771232531786e-11,6.956694749035656e-11,6.55371093308648e-11,1.0183359052090906e-10,7.5602622687424e-11,6.506771226954374e-11,9.18593209546888e-11,1.0033648520403138e-10,7.310955501708308e-11,6.553710938397321e-11,7.525201014162605e-11,0.4980565083361011,1.3330009438265455e-07,6.72369441770575e-11,6.553710910068223e-11,7.442627147863473e-11,0.4980561705958036,1.0090092790313156e-10,8.755824808119522e-11,7.622257540669584e-11,0.49805540987495905,0.4980555587790411,0.4980560251056778,0.49805540987495844,6.40463595209913e-11,0.4980555506053031,7.442627180198602e-11
3.6371619956931647e-07,8.002267090715126e-14,1.0393892565816304e-10,-1.8608588017562496e-06,6.122962709476837e-17,8.621098533328379e-17,5.550354176869627e-17,3.65636510510247e-17,7.136310525883112e-11,1.0393890486909108e-10,3.644352693449774e-17,3.643273739413902e-17,7.136310369009207e-11,7.324685011855844e-14,7.136312272742161e-11,4.3840305259894294e-17,1.0393890614862443e-10,3.644352693449774e-17,7.122315840653217e-14,3.6999206146291235e-17,1.144029053372366e-13,7.136309220674437e-11,3.65636510510247e-17,9.255496506165401e-14,1.0898361704159568e-13,7.136310362343747e-11,3.6912778917422443e-17,4.0645906231259447e-17,3.4830058282608096e-07,4.926162662361729e-14,6.057245769397343e-17,3.6912778917422443e-17,7.136308886368456e-11,2.0651202048458001e-07,5.681570107887005e-17,7.136309579138982e-11,4.7927669610203566e-17,1.0393890564911968e-10,2.065118216794354e-07,2.0651197338862398e-07,1.0393890598244195e-10,7.136312500012143e-11,1.0393893373882766e-10,7.13630888611029e-11
4.288044200413131e-07,4.98326447576686e-17,1.1570087385117127e-10,6.122962709476837e-17,-1.8608587518732387e-06,1.0275869333148695e-16,1.3515177593270975e-13,4.522503024162333e-17,9.236081836887047e-11,1.157008502157192e-10,4.515325431688175e-17,4.501107419791636e-17,9.236081643419606e-11,4.634754993868631e-17,9.236084184581038e-11,5.523551218004339e-17,1.1570085156195524e-10,4.468170559883125e-17,4.5315304847111574e-17,4.5945936816671314e-17,7.16461341483967e-17,9.236080119617371e-11,4.573725473589143e-17,5.729179736829035e-17,6.776270128136871e-17,9.236081655243859e-11,4.6188149894878206e-17,5.058330526678517e-17,4.133894744469729e-07,6.482028156018998e-14,7.72363953205749e-17,4.5945936816671314e-17,9.236079694672062e-11,2.2988137315186588e-07,1.3803696550847982e-13,9.236080577204547e-11,5.990911418897237e-17,1.1570085156195524e-10,1.1570088198828564e-10,2.298813202594747e-07,1.1570085164466378e-10,9.236084572898438e-11,1.1570088293083555e-10,9.236079707525558e-11
5.783588569482192e-07,6.87260867864204e-17,4.011114411697238e-07,8.621098533328379e-17,1.0275869333148695e-16,-1.8608585908169702e-06,1.9045337263935458e-13,5.992636115291745e-17,8.145184656695888e-11,2.0188231289459192e-10,5.979523875680529e-17,5.981211288717459e-17,8.145184451222222e-11,1.198760627985728e-13,8.145186364358904e-11,7.153719208561902e-17,2.0188231609452555e-10,5.992636115291745e-17,1.1883705272815527e-13,6.083673868384173e-17,9.510819745306965e-17,8.145183213813203e-11,5.992636115291745e-17,7.93153478913472e-17,9.204750764340635e-17,8.145184451222222e-11,6.078173195507947e-17,6.764858520843528e-17,5.629454316094715e-07,8.702061597590576e-14,8.837479565479156e-17,6.078173195507947e-17,8.145182780944867e-11,4.011118795595659e-07,9.457939747139195e-17,8.145184070140093e-11,7.732868715428043e-17,2.0188231609452555e-10,4.0111146936456696e-07,4.0111178144314966e-07,2.0188231522132634e-10,8.145186662390105e-11,4.0111146665653264e-07,8.145182789872221e-11
3.9732039692631986e-07,8.918859244207381e-14,1.1373441065753427e-10,5.550354176869627e-17,1.3515177593270975e-13,1.9045337263935458e-13,-1.8608587799903136e-06,4.081554879674296e-17,7.848100748623902e-11,2.2597399604897089e-07,4.069901102962793e-17,4.0729886464558525e-17,7.848100543853736e-11,8.18616971110773e-14,7.848102633358348e-11,4.9323412632227486e-17,1.1373438894496413e-10,4.0729886464558525e-17,7.956797766798186e-14,4.109729253208614e-17,6.42013870064359e-17,7.848099272267562e-11,4.0729886464558525e-17,5.326428791117964e-17,6.087945258553082e-17,7.848100552188344e-11,4.112355294786526e-17,4.55088236190657e-17,3.8190512637218084e-07,5.6052539951160405e-14,6.733296269663096e-17,4.115505913248818e-17,7.848098916878405e-11,2.2597427795318508e-07,6.345808911325246e-17,7.848099750293077e-11,5.3810960130967254e-17,1.1373438915338367e-10,1.137344189420901e-10,2.2597422595388857e-07,1.1373438884959983e-10,7.848102936729385e-11,1.1373441937709279e-10,7.848098904870719e-11
2.800190595670424e-07,2.970699719562624e-17,6.506771277890875e-11,3.65636510510247e-17,4.522503024162333e-17,5.992636115291745e-17,4.081554879674296e-17,-1.8608588463147215e-06,6.810856069241289e-11,6.506769951291894e-11,5.518611459347571e-14,5.518611428900063e-14,6.810855904848522e-11,2.8347249550441627e-17,6.810857810207886e-11,3.4155687661638804e-17,6.506770060589357e-11,5.5186114628981584e-14,2.7454185965270868e-17,2.814783609589185e-17,4.3882142885473966e-17,6.810854820097984e-11,5.518611441353647e-14,3.447737590132769e-17,4.088489853327288e-17,6.810855937453536e-11,2.7976437546638666e-17,3.1128233728565174e-17,2.646025914547781e-07,1.8611455521086227e-17,5.0155320314168567e-17,2.816260466106942e-17,6.810854490468136e-11,6.506777709636552e-11,4.2525578314816616e-17,6.810855039738813e-11,3.7077754539735605e-17,6.506770121963131e-11,6.506771758559022e-11,6.506776330000645e-11,6.506770121963131e-11,6.810858091280685e-11,6.506771861504962e-11,6.810854533527157e-11
0.5019475378760103,6.496404583689462e-11,7.360024684909631e-11,7.136310525883112e-11,9.236081836887047e-11,8.145184656695888e-11,7.848100748623902e-11,6.810856069241289e-11,0.5019500513806933,7.616626032056756e-11,6.810856120267697e-11,6.810856097385177e-11,0.5019519023165827,7.413060292657539e-11,0.5019520778273147,1.7794076781149456e-07,7.660437681329868e-11,6.810856082942874e-11,6.575150375768607e-11,6.910246985846953e-11,1.0305233204486576e-10,0.501951802932251,6.81085611457565e-11,7.161036236628456e-11,8.661997478784177e-11,0.5019519023165827,6.91024702125958e-11,7.159294837252693e-11,0.5019527375298732,4.6235035281175134e-11,3.4168894548795776e-07,6.910247038622235e-11,0.501951780410836,3.949254939095305e-11,9.276041440251886e-11,0.5019518007567223,9.848302335678509e-11,7.660437669201589e-11,7.325296710111321e-11,5.014877774539167e-11,7.660437746617911e-11,0.5019521001496147,8.522940880124762e-11,0.5019517804108364
0.49805120964111044,8.057759095502909e-11,0.49805540264675074,1.0393890486909108e-10,1.157008502157192e-10,2.0188231289459192e-10,2.2597399604897089e-07,6.506769951291894e-11,7.616626032056756e-11,0.49805341973688294,6.506769920860693e-11,6.50676989965187e-11,7.567556875839322e-11,6.755408884760971e-11,6.681915632081139e-11,7.418916354054498e-11,0.49805528782385844,6.50676992746665e-11,6.956693376394928e-11,6.553709609275498e-11,1.0183356991132184e-10,7.816863530112584e-11,6.50676994158656e-11,9.185930177608017e-11,1.0033646437441475e-10,7.567556879555303e-11,6.553709613950647e-11,7.525199506382361e-11,0.4980563913830975,6.709093113535089e-11,6.723693175936429e-11,6.553709640449023e-11,7.699228448847529e-11,0.4980560485445315,1.0090090710046616e-10,9.012425822678914e-11,7.622255990314606e-11,0.49805528782385833,0.49805543672790575,0.49805590305443886,0.4980552878238579,6.661237626537076e-11,0.4980554285541703,7.699228446258398e-11
2.8001905949578116e-07,2.970699719562624e-17,6.506771238983819e-11,3.644352693449774e-17,4.515325431688175e-17,5.979523875680529e-17,4.069901102962793e-17,5.518611459347571e-14,6.810856120267697e-11,6.506769920860693e-11,-1.8608588463147215e-06,5.518611427550022e-14,6.810855997412808e-11,2.874418082907861e-17,6.81085787970565e-11,3.401610386393966e-17,6.506770013576295e-11,5.5186114615479863e-14,2.711432022392507e-17,2.829149653424535e-17,4.399306835477743e-17,6.810854884861529e-11,5.518611440003495e-14,3.446973140856031e-17,4.0802690906525975e-17,6.810856003330708e-11,2.805633664818107e-17,3.0480786218734365e-17,2.6460259159170096e-07,1.8398989173171106e-17,5.0113198858898124e-17,2.7976437546638666e-17,6.81085453796419e-11,6.506777645654444e-11,4.232215637018212e-17,6.810855075693716e-11,3.708033164393667e-17,6.506770012085469e-11,6.506771688145471e-11,6.506776273732667e-11,6.506770013576295e-11,6.81085815413265e-11,6.506771816050601e-11,6.810854561903006e-11
2.80019059563507e-07,2.9643683876975583e-17,6.506771213289749e-11,3.643273739413902e-17,4.501107419791636e-17,5.981211288717459e-17,4.0729886464558525e-17,5.518611428900063e-14,6.810856097385177e-11,6.50676989965187e-11,5.518611427550022e-14,-1.8608588463147215e-06,6.810855961985864e-11,2.8416371807828464e-17,6.810857852893791e-11,3.403702243148324e-17,6.506770034310244e-11,5.518611431100523e-14,2.7454185965270868e-17,2.7976437546638666e-17,4.3882142885473966e-17,6.81085486770197e-11,5.5186114095560384e-14,3.475109943100524e-17,4.069055476575223e-17,6.810855961985864e-11,2.7957123734440454e-17,3.0480786218734365e-17,2.646025909069809e-07,1.8611455521086227e-17,4.988932613113742e-17,2.7976437546638666e-17,6.81085453646531e-11,6.506777635557827e-11,4.257157628507386e-17,6.810855062751228e-11,3.7102000155487595e-17,6.506770034310252e-11,6.506771698981312e-11,6.50677625749668e-11,6.506770034310252e-11,6.810858122073335e-11,6.506771808759005e-11,6.810854550967734e-11
0.5019475269782995,6.496404458633211e-11,7.310955494881153e-11,7.136310369009207e-11,9.236081643419606e-11,8.145184451222222e-11,7.848100543853736e-11,6.810855904848522e-11,0.5019519023165827,7.567556875839322e-11,6.810855997412808e-11,6.810855961985864e-11,0.501950031534938,7.413060159907878e-11,0.5019520679044331,8.955890768408683e-11,7.611368522538868e-11,6.810855938224819e-11,6.575150256980444e-11,6.910246791306289e-11,1.0305233010093954e-10,0.5019517930093745,6.810855951386203e-11,7.161036101359299e-11,8.661997323804117e-11,0.501951892393705,6.9102468095418e-11,7.15929465310153e-11,0.5019527266320455,4.623503409946486e-11,3.4168893924950864e-07,6.910246833097113e-11,0.5019517704879604,3.900185759179773e-11,9.27604123972407e-11,0.5019517908338459,9.848302154031763e-11,7.611368512299281e-11,7.276227497256494e-11,4.9658085956615404e-11,7.611368546316214e-11,0.5019520902267325,8.473871651057998e-11,0.5019517704879601
2.9692393403562485e-07,6.01689814288067e-14,6.75541016829197e-11,7.324685011855844e-14,4.634754993868631e-17,1.198760627985728e-13,8.18616971110773e-14,2.8347249550441627e-17,7.413060292657539e-11,6.755408884760971e-11,2.874418082907861e-17,2.8416371807828464e-17,7.413060159907878e-11,-1.8608588314735862e-06,7.413062250629227e-11,3.4834073794865315e-17,6.755408981935387e-11,2.824953698592841e-17,5.461069982819176e-14,2.888157539472332e-17,4.456797246222543e-17,1.4728689644022042e-07,2.824953698592841e-17,6.962418528872991e-14,4.196143973709749e-17,7.413060139079664e-11,2.86824464241647e-17,3.142726271274017e-17,2.815076318846067e-07,3.462464794048294e-14,5.234121738638011e-17,2.86824464241647e-17,7.41305858513788e-11,1.3422046996580002e-07,4.391412199552985e-17,7.413059216668526e-11,3.8615357343158025e-17,6.755408969723216e-11,6.755410609561508e-11,1.3422044293394076e-07,6.755408978763337e-11,7.413062509734746e-11,6.755410758694564e-11,7.41305858513788e-11
0.5019476848911709,6.496406182869157e-11,6.425313961674798e-11,7.136312272742161e-11,9.236084184581038e-11,8.145186364358904e-11,7.848102633358348e-11,6.810857810207886e-11,0.5019520778273147,6.681915632081139e-11,6.81085787970565e-11,6.810857852893791e-11,0.5019520679044331,7.413062250629227e-11,0.5019503825564547,8.955893329696412e-11,6.725727262617771e-11,6.810857846843024e-11,6.575152072828537e-11,6.910248704027433e-11,2.047503319496352e-07,0.5019519685200703,6.81085786062205e-11,7.161038013926254e-11,8.661999718528462e-11,0.5019520679044334,6.910248715591829e-11,7.159296656412124e-11,0.5019528845465326,4.6235045578978326e-11,3.4168903946257686e-07,6.910248767035739e-11,0.5019519459986486,3.0145419028648695e-11,9.276043852716327e-11,0.5019519663445401,1.9567176448573162e-07,6.725727268723032e-11,6.390585879614497e-11,4.080165385413655e-11,6.725727320966047e-11,0.5019522657375267,7.588230444683976e-11,0.5019519459986491
3.4076035017508895e-07,3.6423112421598075e-17,7.418917772193572e-11,4.3840305259894294e-17,5.523551218004339e-17,7.153719208561902e-17,4.9323412632227486e-17,3.4155687661638804e-17,1.7794076781149456e-07,7.418916354054498e-11,3.401610386393966e-17,3.403702243148324e-17,8.955890768408683e-11,3.4834073794865315e-17,8.955893329696412e-11,-1.8608588153499426e-06,7.418916444720841e-11,3.426293362225262e-17,3.3240060422172485e-17,6.877341422945185e-14,5.3754046184988836e-17,8.955889284371234e-11,3.398991591409856e-17,4.1839018537112644e-17,4.999165590980722e-17,8.955890786146414e-11,6.877341448401421e-14,7.474471347318838e-14,3.253444979979189e-07,2.2185427826856015e-17,1.2529850767999465e-13,6.877341467250225e-14,8.955888924520197e-11,7.418924934749435e-11,5.2439406522548494e-17,8.9558895609824e-11,4.553392431275098e-17,7.418916457578215e-11,7.41891829644014e-11,1.4740341449358305e-07,7.418916442133055e-11,1.7794082122805455e-07,7.418918472264341e-11,8.95588888862914e-11
0.4980512177397176,8.057759213004974e-11,0.49805540987495905,1.0393890614862443e-10,1.1570085156195524e-10,2.0188231609452555e-10,1.1373438894496413e-10,6.506770060589357e-11,7.660437681329868e-11,0.49805528782385844,6.506770013576295e-11,6.506770034310244e-11,7.611368522538868e-11,6.755408981935387e-11,6.725727262617771e-11,7.418916444720841e-11,0.498053434193298,6.50677002864883e-11,6.956693462622665e-11,6.553709716916473e-11,1.018335713602466e-10,7.860675134999266e-11,6.506770037069676e-11,9.18593030903742e-11,1.0033646588274128e-10,7.61136851916853e-11,6.553709716843948e-11,7.525199580243598e-11,0.4980563994817918,6.709093197435781e-11,6.723693279130484e-11,6.55370972101023e-11,7.743040116040029e-11,0.4980560557727482,1.009009082748455e-10,9.056237474536221e-11,7.622256120704974e-11,0.49805529505206525,0.4980554439561153,0.49805591028265356,0.49805529505206525,6.705049295263693e-11,0.49805543578237976,7.743040086264741e-11
2.8001905949206263e-07,2.970699719562624e-17,6.506771232531786e-11,3.644352693449774e-17,4.468170559883125e-17,5.992636115291745e-17,4.0729886464558525e-17,5.5186114628981584e-14,6.810856082942874e-11,6.50676992746665e-11,5.5186114615479863e-14,5.518611431100523e-14,6.810855938224819e-11,2.824953698592841e-17,6.810857846843024e-11,3.426293362225262e-17,6.50677002864883e-11,-1.8608588463147215e-06,2.7196336496338892e-17,2.814783609589185e-17,4.3882142885473966e-17,6.810854883216298e-11,5.5186114435540754e-14,3.446973140856031e-17,4.119094236223487e-17,6.810855952548641e-11,2.8023458601123314e-17,3.0480786218734365e-17,2.646025914537439e-07,1.8611455521086227e-17,4.988932613113742e-17,2.814783609589185e-17,6.810854566513397e-11,6.506777674044417e-11,4.257288745890488e-17,6.810855081278967e-11,3.721567372730141e-17,6.506770028832888e-11,6.506771687010676e-11,6.506776270594714e-11,6.506770043356601e-11,6.810858126641891e-11,6.50677179810211e-11,6.810854571160727e-11
2.842752166478233e-07,5.817733331753562e-14,6.956694749035656e-11,7.122315840653217e-14,4.5315304847111574e-17,1.1883705272815527e-13,7.956797766798186e-14,2.7454185965270868e-17,6.575150375768607e-11,6.956693376394928e-11,2.711432022392507e-17,2.7454185965270868e-17,6.575150256980444e-11,5.461069982819176e-14,6.575152072828537e-11,3.3240060422172485e-17,6.956693462622665e-11,2.7196336496338892e-17,-1.8608588460676837e-06,2.753082420037095e-17,4.30281724016085e-17,6.575149165088195e-11,2.7362538676163628e-17,6.7394168427292e-14,4.074639416541872e-17,6.575150256980444e-11,2.785617400746932e-17,3.026454279367806e-17,2.6885878291966424e-07,3.3648766775211304e-14,4.8683666243376954e-17,2.7528476078366668e-17,6.575148902140612e-11,1.3821971477942913e-07,4.236380316268569e-17,6.57514946572063e-11,3.670764274642186e-17,6.956693446610698e-11,6.95669520278931e-11,1.3821968586842966e-07,6.956693428961869e-11,6.57515231073977e-11,6.956695221875127e-11,6.575148902140612e-11
2.8292641321615584e-07,3.033401708124776e-17,6.55371093308648e-11,3.6999206146291235e-17,4.5945936816671314e-17,6.083673868384173e-17,4.109729253208614e-17,2.814783609589185e-17,6.910246985846953e-11,6.553709609275498e-11,2.829149653424535e-17,2.7976437546638666e-17,6.910246791306289e-11,2.888157539472332e-17,6.910248704027433e-11,6.877341422945185e-14,6.553709716916473e-11,2.814783609589185e-17,2.753082420037095e-17,-1.8608588420691501e-06,4.421888996051253e-17,6.91024567180269e-11,2.805633664818107e-17,3.459127931524035e-17,4.123345989626155e-17,6.910246799030533e-11,5.684140125099932e-14,6.195703431322579e-14,2.675099747615783e-07,1.8816434536586907e-17,5.0849037524853116e-17,5.6841401378805334e-14,6.910245349026415e-11,6.553717387140348e-11,4.314561308237057e-17,6.910245927588732e-11,3.774787396283789e-17,6.553709698586374e-11,6.553711367896366e-11,6.553715961120984e-11,6.553709698586374e-11,6.910248985367863e-11,6.553711479342182e-11,6.910245357247193e-11
4.224946542392988e-07,4.706980727521314e-17,1.0183359052090906e-10,1.144029053372366e-13,7.16461341483967e-17,9.510819745306965e-17,6.42013870064359e-17,4.3882142885473966e-17,1.0305233204486576e-10,1.0183356991132184e-10,4.399306835477743e-17,4.3882142885473966e-17,1.0305233010093954e-10,4.456797246222543e-17,2.047503319496352e-07,5.3754046184988836e-17,1.018335713602466e-10,4.3882142885473966e-17,4.30281724016085e-17,4.421888996051253e-17,-1.860858757853685e-06,1.0305231313061246e-10,4.410570099085487e-17,5.400155324844789e-17,6.380605384631879e-17,1.0305232994796584e-10,4.4374089098024e-17,4.787833617252029e-17,4.0707963871403377e-07,2.983568884231388e-17,1.5525459331608823e-13,4.4374089098024e-17,1.0305230815512411e-10,2.023290162446762e-07,6.664655372748723e-17,1.0305231687076374e-10,1.1627652897873652e-13,1.018335713602466e-10,1.018335975640347e-10,2.0232897219653903e-07,1.0183357125131074e-10,2.0475033996976928e-07,1.0183359970866838e-10,1.0305230832707458e-10
0.5019474325481892,6.496403432046381e-11,7.5602622687424e-11,7.136309220674437e-11,9.236080119617371e-11,8.145183213813203e-11,7.848099272267562e-11,6.810854820097984e-11,0.501951802932251,7.816863530112584e-11,6.810854884861529e-11,6.81085486770197e-11,0.5019517930093745,1.4728689644022042e-07,0.5019519685200703,8.955889284371234e-11,7.860675134999266e-11,6.810854883216298e-11,6.575149165088195e-11,6.91024567180269e-11,1.0305231313061246e-10,0.5019498327662936,6.810854858259785e-11,7.161034941061925e-11,8.661995877114967e-11,0.5019517930093748,6.910245687524987e-11,7.159293469061914e-11,0.5019526322009668,4.6235027244059974e-11,1.719745478500804e-10,6.910245692920306e-11,0.5019516711036522,4.149493491508343e-11,9.27603968658971e-11,0.5019516914495348,9.848300529780308e-11,7.860675151460751e-11,7.525534325028563e-11,5.21511605982546e-11,7.860675194141965e-11,0.5019519908423653,8.723178200310058e-11,0.5019516711036529
2.800190610162595e-07,2.970699719562624e-17,6.506771226954374e-11,3.65636510510247e-17,4.573725473589143e-17,5.992636115291745e-17,4.0729886464558525e-17,5.518611441353647e-14,6.81085611457565e-11,6.50676994158656e-11,5.518611440003495e-14,5.5186114095560384e-14,6.810855951386203e-11,2.824953698592841e-17,6.81085786062205e-11,3.398991591409856e-17,6.506770037069676e-11,5.5186114435540754e-14,2.7362538676163628e-17,2.805633664818107e-17,4.410570099085487e-17,6.810854858259785e-11,-1.8608588463147215e-06,3.439070108067547e-17,4.072538823655553e-17,6.810855951386203e-11,2.8318470558322797e-17,3.067777759819662e-17,2.646025911541971e-07,1.8611455521086227e-17,5.008905273908251e-17,2.7976437546638666e-17,6.810854534525152e-11,6.506777656406423e-11,4.275519816522752e-17,6.810855094801416e-11,3.7077754539735605e-17,6.506770015962888e-11,6.506771690027681e-11,6.506776278428857e-11,6.506770036902373e-11,6.810858115567477e-11,6.506771849491732e-11,6.810854534525152e-11
3.4020721185695493e-07,7.510666876360614e-14,9.18593209546888e-11,9.255496506165401e-14,5.729179736829035e-17,7.93153478913472e-17,5.326428791117964e-17,3.447737590132769e-17,7.161036236628456e-11,9.185930177608017e-11,3.446973140856031e-17,3.475109943100524e-17,7.161036101359299e-11,6.962418528872991e-14,7.161038013926254e-11,4.1839018537112644e-17,9.18593030903742e-11,3.446973140856031e-17,6.7394168427292e-14,3.459127931524035e-17,5.400155324844789e-17,7.161034941061925e-11,3.439070108067547e-17,-1.8608588140728988e-06,1.0202364047099817e-13,7.161036098932315e-11,3.428760378421999e-17,3.822422655033404e-17,3.2479136626455816e-07,4.7189214591129816e-14,5.822500402364528e-17,3.4940250753268554e-17,7.161034614755567e-11,1.825115458154193e-07,5.284454673207061e-17,7.161035287129032e-11,4.546055693746426e-17,9.18593030903742e-11,9.18593269086872e-11,1.825115044933726e-07,9.18593028287919e-11,7.161038272168463e-11,9.185932781790105e-11,7.161034627431299e-11
3.8687169531984825e-07,8.891375824552213e-14,1.0033648520403138e-10,1.0898361704159568e-13,6.776270128136871e-17,9.204750764340635e-17,6.087945258553082e-17,4.088489853327288e-17,8.661997478784177e-11,1.0033646437441475e-10,4.0802690906525975e-17,4.069055476575223e-17,8.661997323804117e-11,4.196143973709749e-17,8.661999718528462e-11,4.999165590980722e-17,1.0033646588274128e-10,4.119094236223487e-17,4.074639416541872e-17,4.123345989626155e-17,6.380605384631879e-17,8.661995877114967e-11,4.072538823655553e-17,1.0202364047099817e-13,-1.8608587797136847e-06,8.661997336857672e-11,4.1382062917644594e-17,4.540508630066046e-17,3.7145632716340116e-07,5.851980814631317e-14,7.060563511573864e-17,4.138232279708626e-17,8.66199549023072e-11,1.9935449186597018e-07,6.199601758873688e-17,8.661996292227176e-11,5.391173694839938e-17,1.0033646585378793e-10,1.003364924500004e-10,1.0033656699739605e-10,1.0033646526431628e-10,8.662000058862985e-11,1.003364933433102e-10,8.66199546484607e-11
0.5019475269782966,6.496404458636049e-11,7.310955501708308e-11,7.136310362343747e-11,9.236081655243859e-11,8.145184451222222e-11,7.848100552188344e-11,6.810855937453536e-11,0.5019519023165827,7.567556879555303e-11,6.810856003330708e-11,6.810855961985864e-11,0.501951892393705,7.413060139079664e-11,0.5019520679044334,8.955890786146414e-11,7.61136851916853e-11,6.810855952548641e-11,6.575150256980444e-11,6.910246799030533e-11,1.0305232994796584e-10,0.5019517930093748,6.810855951386203e-11,7.161036098932315e-11,8.661997336857672e-11,0.5019500315349409,6.910246815123639e-11,7.159294679991597e-11,0.501952726632046,4.6235034202712826e-11,3.4168893924950954e-07,6.910246836548512e-11,0.5019517704879606,3.9001857703760716e-11,9.276041250443944e-11,0.5019517908338458,9.848302182657029e-11,7.611368533289823e-11,7.276227516572445e-11,4.965808589192922e-11,7.611368581640634e-11,0.5019520902267328,8.47387167195331e-11,0.5019517704879608
2.8292641321587674e-07,3.027679345028041e-17,6.553710938397321e-11,3.6912778917422443e-17,4.6188149894878206e-17,6.078173195507947e-17,4.112355294786526e-17,2.7976437546638666e-17,6.91024702125958e-11,6.553709613950647e-11,2.805633664818107e-17,2.7957123734440454e-17,6.9102468095418e-11,2.86824464241647e-17,6.910248715591829e-11,6.877341448401421e-14,6.553709716843948e-11,2.8023458601123314e-17,2.785617400746932e-17,5.684140125099932e-14,4.4374089098024e-17,6.910245687524987e-11,2.8318470558322797e-17,3.428760378421999e-17,4.1382062917644594e-17,6.910246815123639e-11,-1.8608588420691501e-06,6.19570345484944e-14,2.675099751562412e-07,1.8816434536586907e-17,5.06227629827277e-17,5.6841401590701836e-14,6.910245383037707e-11,6.553717401614451e-11,4.3527273784642734e-17,6.910245921060065e-11,3.810839836276005e-17,6.553709717915795e-11,6.553711389695147e-11,6.553716011270998e-11,6.553709747004704e-11,6.910249013410681e-11,6.55371150148905e-11,6.91024537529531e-11
3.071765516945188e-07,3.298165974500074e-17,7.525201014162605e-11,4.0645906231259447e-17,5.058330526678517e-17,6.764858520843528e-17,4.55088236190657e-17,3.1128233728565174e-17,7.159294837252693e-11,7.525199506382361e-11,3.0480786218734365e-17,3.0480786218734365e-17,7.15929465310153e-11,3.142726271274017e-17,7.159296656412124e-11,7.474471347318838e-14,7.525199580243598e-11,3.0480786218734365e-17,3.026454279367806e-17,6.195703431322579e-14,4.787833617252029e-17,7.159293469061914e-11,3.067777759819662e-17,3.822422655033404e-17,4.540508630066046e-17,7.159294679991597e-11,6.19570345484944e-14,-1.8608588301366734e-06,2.9176035748939826e-07,2.073973984137549e-17,5.4408664312289354e-17,6.195703465825001e-14,7.15929314588479e-11,7.525208513840835e-11,4.7402142613328337e-17,7.159293753142874e-11,4.1043181501918056e-17,7.525199594126099e-11,7.525201565885265e-11,1.4951511625758012e-07,7.52519960364925e-11,7.159296933378852e-11,7.525201623943085e-11,7.1592931560564e-11
1.0000003654986074,2.891708668444332e-07,0.4980565083361011,3.4830058282608096e-07,4.133894744469729e-07,5.629454316094715e-07,3.8190512637218084e-07,2.646025914547781e-07,0.5019527375298732,0.4980563913830975,2.6460259159170096e-07,2.646025909069809e-07,0.5019527266320455,2.815076318846067e-07,0.5019528845465326,3.253444979979189e-07,0.4980563994817918,2.646025914537439e-07,2.6885878291966424e-07,2.675099747615783e-07,4.0707963871403377e-07,0.5019526322009668,2.646025911541971e-07,3.2479136626455816e-07,3.7145632716340116e-07,0.501952726632046,2.675099751562412e-07,2.9176035748939826e-07,1.0000089014716709,2.2516276628335064e-07,4.7527975400821925e-07,2.6750997539045334e-07,0.5019526073422778,0.4980570864677961,3.8477799143299673e-07,0.5019526537795953,3.4711555211159925e-07,0.49805639948179165,0.4980565417273269,0.4980569621498812,0.49805639948179264,0.5019529064580169,0.4980565573490817,0.5019526073422783
2.4057966985853927e-07,3.94097557148432e-14,1.3330009438265455e-07,4.926162662361729e-14,6.482028156018998e-14,8.702061597590576e-14,5.6052539951160405e-14,1.8611455521086227e-17,4.6235035281175134e-11,6.709093113535089e-11,1.8398989173171106e-17,1.8611455521086227e-17,4.623503409946486e-11,3.462464794048294e-14,4.6235045578978326e-11,2.2185427826856015e-17,6.709093197435781e-11,1.8611455521086227e-17,3.3648766775211304e-14,1.8816434536586907e-17,2.983568884231388e-17,4.6235027244059974e-11,1.8611455521086227e-17,4.7189214591129816e-14,5.851980814631317e-14,4.6235034202712826e-11,1.8816434536586907e-17,2.073973984137549e-17,2.2516276628335064e-07,-1.860858886621369e-06,3.2062848077596827e-17,1.8941124776295885e-17,4.6235025406205403e-11,1.3330020907394658e-07,6.055133472813863e-14,4.623502973742443e-11,2.5371459339302265e-17,6.709093197435781e-11,6.709094718955513e-11,1.3330018337011503e-07,6.709093182343618e-11,4.623504735566577e-11,1.333001032275352e-07,4.6235025259006326e-11
4.90694090748241e-07,5.106054611193029e-17,6.72369441770575e-11,6.057245769397343e-17,7.72363953205749e-17,8.837479565479156e-17,6.733296269663096e-17,5.0155320314168567e-17,3.4168894548795776e-07,6.723693175936429e-11,5.0113198858898124e-17,4.988932613113742e-17,3.4168893924950864e-07,5.234121738638011e-17,3.4168903946257686e-07,1.2529850767999465e-13,6.723693279130484e-11,4.988932613113742e-17,4.8683666243376954e-17,5.0849037524853116e-17,1.5525459331608823e-13,1.719745478500804e-10,5.008905273908251e-17,5.822500402364528e-17,7.060563511573864e-17,3.4168893924950954e-07,5.06227629827277e-17,5.4408664312289354e-17,4.7527975400821925e-07,3.2062848077596827e-17,-1.860858684446597e-06,5.0504996952707e-17,1.7197454063418075e-10,6.723699717749021e-11,7.484807133879061e-17,1.7197455038315632e-10,1.385560098273628e-13,6.723693279130484e-11,6.723694824002273e-11,6.723698671681442e-11,6.723693279130484e-11,3.416890527001071e-07,6.723695388584745e-11,1.7197454084235277e-10
2.8292641321615584e-07,3.027679345028041e-17,6.553710910068223e-11,3.6912778917422443e-17,4.5945936816671314e-17,6.078173195507947e-17,4.115505913248818e-17,2.816260466106942e-17,6.910247038622235e-11,6.553709640449023e-11,2.7976437546638666e-17,2.7976437546638666e-17,6.910246833097113e-11,2.86824464241647e-17,6.910248767035739e-11,6.877341467250225e-14,6.55370972101023e-11,2.814783609589185e-17,2.7528476078366668e-17,5.6841401378805334e-14,4.4374089098024e-17,6.910245692920306e-11,2.7976437546638666e-17,3.4940250753268554e-17,4.138232279708626e-17,6.910246836548512e-11,5.6841401590701836e-14,6.195703465825001e-14,2.6750997539045334e-07,1.8941124776295885e-17,5.0504996952707e-17,-1.8608588420691501e-06,6.91024537608343e-11,6.553717392924492e-11,4.345938876960737e-17,6.910245960072914e-11,3.765194420584279e-17,6.553709725768063e-11,6.553711381215848e-11,6.553715965320703e-11,6.55370972101023e-11,6.910249034918285e-11,6.553711496615688e-11,6.91024537608343e-11
0.5019474076897538,6.496403120920427e-11,7.442627147863473e-11,7.136308886368456e-11,9.236079694672062e-11,8.145182780944867e-11,7.848098916878405e-11,6.810854490468136e-11,0.501951780410836,7.699228448847529e-11,6.81085453796419e-11,6.81085453646531e-11,0.5019517704879604,7.41305858513788e-11,0.5019519459986486,8.955888924520197e-11,7.743040116040029e-11,6.810854566513397e-11,6.575148902140612e-11,6.910245349026415e-11,1.0305230815512411e-10,0.5019516711036522,6.810854534525152e-11,7.161034614755567e-11,8.66199549023072e-11,0.5019517704879606,6.910245383037707e-11,7.15929314588479e-11,0.5019526073422778,4.6235025406205403e-11,1.7197454063418075e-10,6.91024537608343e-11,0.5019497877234766,4.031858373842066e-11,9.276039253299591e-11,0.501951668928124,9.848300083643873e-11,7.743040076789894e-11,7.407899194595131e-11,5.09748094602314e-11,7.743040160172727e-11,0.5019519683209428,8.60554304187096e-11,0.5019516485822432
0.49805190471866845,1.600963596097903e-07,0.4980561705958036,2.0651202048458001e-07,2.2988137315186588e-07,4.011118795595659e-07,2.2597427795318508e-07,6.506777709636552e-11,3.949254939095305e-11,0.4980560485445315,6.506777645654444e-11,6.506777635557827e-11,3.900185759179773e-11,1.3422046996580002e-07,3.0145419028648695e-11,7.418924934749435e-11,0.4980560557727482,6.506777674044417e-11,1.3821971477942913e-07,6.553717387140348e-11,2.023290162446762e-07,4.149493491508343e-11,6.506777656406423e-11,1.825115458154193e-07,1.9935449186597018e-07,3.9001857703760716e-11,6.553717401614451e-11,7.525208513840835e-11,0.4980570864677961,1.3330020907394658e-07,6.723699717749021e-11,6.553717392924492e-11,4.031858373842066e-11,0.49805495563574065,2.0047595876098478e-07,5.345057484493195e-11,7.622264948479411e-11,0.4980560557727482,0.49805620467701395,0.4980566710042081,0.49805605577274775,2.9938637409987525e-11,0.4980561965032574,4.031858401408884e-11
4.001932177398332e-07,4.6655597628282096e-17,1.0090092790313156e-10,5.681570107887005e-17,1.3803696550847982e-13,9.457939747139195e-17,6.345808911325246e-17,4.2525578314816616e-17,9.276041440251886e-11,1.0090090710046616e-10,4.232215637018212e-17,4.257157628507386e-17,9.27604123972407e-11,4.391412199552985e-17,9.276043852716327e-11,5.2439406522548494e-17,1.009009082748455e-10,4.257288745890488e-17,4.236380316268569e-17,4.314561308237057e-17,6.664655372748723e-17,9.27603968658971e-11,4.275519816522752e-17,5.284454673207061e-17,6.199601758873688e-17,9.276041250443944e-11,4.3527273784642734e-17,4.7402142613328337e-17,3.8477799143299673e-07,6.055133472813863e-14,7.484807133879061e-17,4.345938876960737e-17,9.276039253299591e-11,2.0047595876098478e-07,-1.8608587670164313e-06,9.276040104146405e-11,5.669140343387873e-17,1.0090090821508291e-10,1.0090093505980456e-10,1.009010098344653e-10,1.009009082748455e-10,9.276044209947083e-11,1.0090093727343821e-10,9.276039267830685e-11
0.5019474541265904,6.496403716495314e-11,8.755824808119522e-11,7.136309579138982e-11,9.236080577204547e-11,8.145184070140093e-11,7.848099750293077e-11,6.810855039738813e-11,0.5019518007567223,9.012425822678914e-11,6.810855075693716e-11,6.810855062751228e-11,0.5019517908338459,7.413059216668526e-11,0.5019519663445401,8.9558895609824e-11,9.056237474536221e-11,6.810855081278967e-11,6.57514946572063e-11,6.910245927588732e-11,1.0305231687076374e-10,0.5019516914495348,6.810855094801416e-11,7.161035287129032e-11,8.661996292227176e-11,0.5019517908338458,6.910245921060065e-11,7.159293753142874e-11,0.5019526537795953,4.623502973742443e-11,1.7197455038315632e-10,6.910245960072914e-11,0.501951668928124,5.345057484493195e-11,9.276040104146405e-11,0.5019498284152375,9.848300809305765e-11,9.056237482940151e-11,8.721096930883945e-11,6.410679719537961e-11,9.056237545609857e-11,0.5019519886668352,1.9707122893170325e-07,0.5019516689281238
3.62531180016729e-07,3.981409157957251e-17,7.622257540669584e-11,4.7927669610203566e-17,5.990911418897237e-17,7.732868715428043e-17,5.3810960130967254e-17,3.7077754539735605e-17,9.848302335678509e-11,7.622255990314606e-11,3.708033164393667e-17,3.7102000155487595e-17,9.848302154031763e-11,3.8615357343158025e-17,1.9567176448573162e-07,4.553392431275098e-17,7.622256120704974e-11,3.721567372730141e-17,3.670764274642186e-17,3.774787396283789e-17,1.1627652897873652e-13,9.848300529780308e-11,3.7077754539735605e-17,4.546055693746426e-17,5.391173694839938e-17,9.848302182657029e-11,3.810839836276005e-17,4.1043181501918056e-17,3.4711555211159925e-07,2.5371459339302265e-17,1.385560098273628e-13,3.765194420584279e-17,9.848300083643873e-11,7.622264948479411e-11,5.669140343387873e-17,9.848300809305765e-11,-1.8608587966170496e-06,7.622256075730588e-11,7.622258042936932e-11,7.622263401356266e-11,7.622256095920084e-11,1.9567177213574894e-07,7.622258286023069e-11,9.848300084265238e-11
0.4980512177397153,8.057759215100154e-11,0.49805540987495905,1.0393890564911968e-10,1.1570085156195524e-10,2.0188231609452555e-10,1.1373438915338367e-10,6.506770121963131e-11,7.660437669201589e-11,0.49805528782385833,6.506770012085469e-11,6.506770034310252e-11,7.611368512299281e-11,6.755408969723216e-11,6.725727268723032e-11,7.418916457578215e-11,0.49805529505206525,6.506770028832888e-11,6.956693446610698e-11,6.553709698586374e-11,1.018335713602466e-10,7.860675151460751e-11,6.506770015962888e-11,9.18593030903742e-11,1.0033646585378793e-10,7.611368533289823e-11,6.553709717915795e-11,7.525199594126099e-11,0.49805639948179165,6.709093197435781e-11,6.723693279130484e-11,6.553709725768063e-11,7.743040076789894e-11,0.4980560557727482,1.0090090821508291e-10,9.056237482940151e-11,7.622256075730588e-11,0.49805343419329773,0.4980554439561147,0.49805591028265345,0.4980552950520651,6.705049287563173e-11,0.4980554357823802,7.743040107777267e-11
0.4980513599837875,8.057761238635089e-11,0.4980555587790411,2.065118216794354e-07,1.1570088198828564e-10,4.0111146936456696e-07,1.137344189420901e-10,6.506771758559022e-11,7.325296710111321e-11,0.49805543672790575,6.506771688145471e-11,6.506771698981312e-11,7.276227497256494e-11,6.755410609561508e-11,6.390585879614497e-11,7.41891829644014e-11,0.4980554439561153,6.506771687010676e-11,6.95669520278931e-11,6.553711367896366e-11,1.018335975640347e-10,7.525534325028563e-11,6.506771690027681e-11,9.18593269086872e-11,1.003364924500004e-10,7.276227516572445e-11,6.553711389695147e-11,7.525201565885265e-11,0.4980565417273269,6.709094718955513e-11,6.723694824002273e-11,6.553711381215848e-11,7.407899194595131e-11,0.49805620467701395,1.0090093505980456e-10,8.721096930883945e-11,7.622258042936932e-11,0.4980554439561147,0.4980537320014549,0.4980560591868781,0.4980554439561153,6.369907869420555e-11,0.4980555846864683,7.407899201335826e-11
0.49805178040203374,1.600963241570446e-07,0.4980560251056778,2.0651197338862398e-07,2.298813202594747e-07,4.0111178144314966e-07,2.2597422595388857e-07,6.506776330000645e-11,5.014877774539167e-11,0.49805590305443886,6.506776273732667e-11,6.50677625749668e-11,4.9658085956615404e-11,1.3422044293394076e-07,4.080165385413655e-11,1.4740341449358305e-07,0.49805591028265356,6.506776270594714e-11,1.3821968586842966e-07,6.553715961120984e-11,2.0232897219653903e-07,5.21511605982546e-11,6.506776278428857e-11,1.825115044933726e-07,1.0033656699739605e-10,4.965808589192922e-11,6.553716011270998e-11,1.4951511625758012e-07,0.4980569621498812,1.3330018337011503e-07,6.723698671681442e-11,6.553715965320703e-11,5.09748094602314e-11,0.4980566710042081,1.009010098344653e-10,6.410679719537961e-11,7.622263401356266e-11,0.49805591028265345,0.4980560591868781,0.49805466465517706,0.49805591028265367,4.059487218981873e-11,0.49805605101312583,5.097480948612146e-11
0.4980512177397153,8.05775919979404e-11,0.49805540987495844,1.0393890598244195e-10,1.1570085164466378e-10,2.0188231522132634e-10,1.1373438884959983e-10,6.506770121963131e-11,7.660437746617911e-11,0.4980552878238579,6.506770013576295e-11,6.506770034310252e-11,7.611368546316214e-11,6.755408978763337e-11,6.725727320966047e-11,7.418916442133055e-11,0.49805529505206525,6.506770043356601e-11,6.956693428961869e-11,6.553709698586374e-11,1.0183357125131074e-10,7.860675194141965e-11,6.506770036902373e-11,9.18593028287919e-11,1.0033646526431628e-10,7.611368581640634e-11,6.553709747004704e-11,7.52519960364925e-11,0.49805639948179264,6.709093182343618e-11,6.723693279130484e-11,6.55370972101023e-11,7.743040160172727e-11,0.49805605577274775,1.009009082748455e-10,9.056237545609857e-11,7.622256095920084e-11,0.4980552950520651,0.4980554439561153,0.49805591028265367,0.49805343419329784,6.705049333610739e-11,0.49805543578238004,7.743040172417643e-11
