0.9999999999921856,-1.2699910513823067e-09,1.0000000054546982,1.0662957597698418e-09,1.0000000072450719,-6.718008016078228e-10,1.0000000007525531,0.9999999996338992,-4.2176106320560567e-10,1.0662946469428243e-09,-1.1049181324603523e-09,1.0000000019515383,1.0000000007525562,0.9999999996338996,1.0000000007525565,-5.472283235086606e-10,1.0000000007525558,-1.3183603104138326e-09,1.000000003033835,1.0000000007525542,-1.104918085112095e-09,1.0000000072450719,1.0000000007525545,1.0000000072450719,1.0000000072450719,1.0000000072450732,1.0662946611633726e-09,-7.630072105079417e-10,-4.5069712884930527e-10,-1.2699955821942836e-09,-2.3668733955753026e-10,-3.5121875877069025e-10,1.0000000072450712,1.0000000072450719,1.0000000072450743,2.623179619881241e-10,1.0000000032964453,1.0000000083688987,1.0000000072450692,1.0000000007525516,-5.174494300452029e-10,1.345013213828759e-10,4.979447091242858e-10,-1.5240557769723699e-09,1.0000000007525531,1.0000000072450719,1.0000000007525531,8.756731789678043e-10,-1.3713633606269078e-09,1.0000000034380399,1.0000000064485781,1.0000000072450719,1.0000000007525516,1.0000000072450719,7.027832656890679e-10,0.9999999997138906,1.0000000007525527,-4.395866834355912e-10,-1.3935901440905246e-10,0.9999999996338995,2.092036079153713e-10,1.0000000007525531,-1.3664200340808917e-09,1.00000000724507,8.756772802946357e-10,-4.2176308743795685e-10,4.979447091247642e-10,-1.8276393704877402e-09,-6.718008106846096e-10,1.0000000032964453,1.000000003899115,1.0000000072450705,-5.838079947207534e-10,-5.6850426408067234e-09,1.0000000072450754,-5.472301128510186e-10,-6.045107611224812e-10,1.0000000072450743
-1.2699910513823067e-09,-4.1913518197644134e-09,-6.085424799888672e-10,-2.1187326236323944e-13,-2.9132492005477117e-13,-1.0481803259630661e-13,-6.351521426751774e-10,-6.531682324527102e-10,-1.2298123963182158e-13,-2.1187287209478273e-13,-6.379262402355635e-14,-6.197314412802436e-10,-6.351521426752123e-10,-6.531682324527265e-10,-6.351521426751972e-10,-2.0965293222078323e-13,-6.351521426751852e-10,2.2948222520785957e-09,-2.2597847358031045e-13,-6.351521426751837e-10,-6.37926753021826e-14,-2.9132505072090224e-13,-6.351521426751736e-10,-2.913250507270725e-13,-2.913249809436891e-13,-2.9132499699550515e-13,-2.1187334099459256e-13,3.3343485422895057e-14,4.640159730600061e-14,2.627252336486812e-09,-1.2869841370064452e-13,-1.2761422886992957e-13,-2.9132501234381693e-13,-2.913249610966689e-13,-2.9132492169487983e-13,-1.845697230197629e-13,-6.129658547002388e-10,-3.0815262832323093e-13,-2.9132499699550576e-13,-6.351521426752026e-10,7.69459631702768e-14,-1.1649246216238177e-13,-1.6870113898459627e-13,-2.1414420690809285e-13,-6.351521426751829e-10,-2.9132497968278144e-13,-6.351521426752063e-10,-2.001198934676038e-13,-2.7428288008149375e-13,-2.406862652377234e-13,-3.6114100979439485e-13,-2.9132501234382213e-13,-6.351521426751722e-10,-2.91324992624854e-13,-1.842444854978206e-13,-6.311937361768064e-10,-6.351521426751733e-10,-1.4881143369023563e-13,5.581154899000611e-10,-6.531682324527524e-10,-1.4519694759777396e-13,-6.351521426751808e-10,-2.6643844286010213e-13,-2.913250507238838e-13,-2.00119893467698e-13,-1.2298095601561601e-13,-1.6870109000682926e-13,-2.988907011385841e-13,-1.0481781626800421e-13,-6.129658547002128e-10,-2.1185406050752032e-13,-2.913249969955187e-13,-1.0479272822888677e-13,-1.8076119843893024e-13,-2.913249200559067e-13,-2.0965291575258422e-13,7.589148610507734e-14,-2.913250123437716e-13
1.0000000054546982,-6.085424799888672e-10,1.0000000111091933,1.726710099815072e-09,1.0000000199840655,1.3549004886324436e-11,1.000000013181781,1.000000012087043,1.3462892639582739e-13,1.726710100063781e-09,-4.4211718252375573e-10,1.0000000143908716,1.0000000131817812,1.000000012087043,1.0000000131817812,1.2513644575497615e-10,1.000000013181781,-6.542281347100812e-10,1.000000015466915,1.0000000131817817,-4.4211753614200204e-10,1.000000019984063,1.0000000131817806,1.000000019984063,1.0000000199840644,1.0000000199840635,1.7267097921076366e-09,-9.459210137210625e-14,5.644703471710593e-14,-6.085446387893294e-10,4.538740615313953e-10,3.3606161116937744e-10,1.0000000199840633,1.0000000199840655,1.0000000199840646,9.061641539875008e-10,1.0000000157046394,1.0000000211678244,1.0000000199840642,1.0000000131817801,3.4862845634041104e-14,7.974057806078479e-10,1.1679360914277207e-09,-9.111950329740657e-10,1.00000001318178,1.000000019984065,1.00000001318178,1.5471202324127706e-09,-7.038739544686935e-10,1.0000000158686693,1.0000000192745984,1.0000000199840644,1.00000001318178,1.000000019984066,1.347113318037317e-09,1.0000000121488022,1.0000000131817801,1.2924118271024239e-13,4.802832050320495e-10,1.0000000120870445,8.727339852119982e-10,1.000000013181781,-6.947981761430885e-10,1.000000019984063,1.5471203127245634e-09,1.3462868656454617e-13,1.1679360861020755e-09,-1.2974999453002872e-09,1.3549170040329325e-11,1.0000000157046414,1.0000000162890124,1.0000000199840646,2.5409060794365595e-11,-2.5899950009429314e-12,1.000000019984065,1.2513633955580158e-10,-1.7966073361348584e-14,1.0000000199840646
1.0662957597698418e-09,-2.1187326236323944e-13,1.726710099815072e-09,-5.068116940534213e-09,8.447201425987989e-13,-6.336147348283798e-14,1.7101019458751509e-09,1.708130171715346e-09,-3.0753425675596954e-14,1.750449616462746e-09,-3.9567063856267316e-14,1.7188412297681793e-09,1.7101019458751052e-09,1.708130171715343e-09,1.7101019458751453e-09,-2.1522514298114552e-13,1.7101019458751317e-09,-1.6491053374978202e-13,1.6788791071052993e-09,1.7101019458751343e-09,-3.956718510085319e-14,8.447201048342183e-13,1.7101019458751393e-09,8.447201735406463e-13,8.447201799582236e-13,8.447201494045513e-13,1.7504496164627503e-09,5.251607497484565e-15,1.3125973035753028e-14,-2.1187302554196023e-13,-1.1334031532018092e-13,-1.0891828936122226e-13,8.447201182034529e-13,8.447201116367232e-13,8.447201810592195e-13,-1.6428106553869767e-13,1.712044622222329e-09,8.514097833684481e-13,8.447201116364925e-13,1.7101019458751128e-09,-1.3112273206247527e-14,1.8002988828676699e-10,-1.9512226010445945e-13,-6.330691029048267e-14,1.7101019458751374e-09,8.447201116367358e-13,1.710101945875099e-09,-2.496791061359679e-13,-1.4365151443880954e-13,1.6855992101724844e-09,8.598902579173325e-13,8.447201328296672e-13,1.7101019458751354e-09,8.447200958898588e-13,1.6589177233248807e-09,1.712278549169341e-09,1.7101019458751379e-09,-2.7539012661579574e-14,5.383065550570718e-10,1.7081301717153111e-09,-1.8341101680887527e-13,1.7101019458751356e-09,-1.4475371886984838e-13,8.447201048342809e-13,-2.496791061353101e-13,-3.0753389803741855e-14,-1.9512249750647423e-13,-1.6247239476754553e-13,-6.336158732076275e-14,1.7120446222223755e-09,1.675647725539013e-09,8.447201411590886e-13,-2.2586138659166072e-14,-9.934891063732297e-14,8.447201791783534e-13,-2.1522514298114552e-13,1.5087120446897724e-14,8.447201249529414e-13
1.0000000072450719,-2.9132492005477117e-13,1.0000000199840655,8.447201425987989e-13,1.0000000153952335,-4.1692191676856105e-14,1.0000000152448865,1.0000000141401235,8.958233698146474e-14,8.447201111757582e-13,-2.5199276523448295e-13,1.000000016458858,1.000000015244887,1.0000000141401244,1.0000000152448865,8.04744351475465e-14,1.0000000152448865,-3.184957363677807e-13,1.0000000175287278,1.0000000152448865,-2.5199294573350686e-13,1.000000022213755,1.000000015244886,1.0000000222137542,1.0000000222137546,1.0000000222137553,8.447199756253756e-13,-4.1730289296864585e-14,1.1634736232534092e-13,-2.913260697908869e-13,1.762258833833057e-13,1.1871747494008068e-13,1.0000000222137546,1.0000000222137555,1.000000022213755,4.713065793080418e-13,1.0000000177723327,1.0000000234078408,1.0000000222137542,1.000000015244886,6.739964472938338e-14,3.8536232063419865e-13,5.461700982770574e-13,-4.188612266943573e-13,1.0000000152448854,1.0000000222137557,1.0000000152448854,7.390411925887817e-13,-3.447073251242275e-13,1.000000017935606,1.0000000215334202,1.0000000222137546,1.000000015244885,1.000000022213756,6.718342332609252e-13,1.0000000142131873,1.000000015244886,7.873104489504431e-14,2.9912725262852426e-13,1.0000000141401262,4.051596262761339e-13,1.0000000152448865,-3.4385485453594204e-13,1.0000000222137533,7.390412531278556e-13,8.958218315808978e-14,5.46170156450644e-13,-5.222026447289991e-13,-4.169207711674842e-14,1.0000000177723352,1.0000000183514792,1.0000000222137533,5.4515758194116326e-14,-2.4577532180653503e-12,1.000000022213756,8.047434747523913e-14,3.885504363686653e-14,1.000000022213755
-6.718008016078228e-10,-1.0481803259630661e-13,1.3549004886324436e-11,-6.336147348283798e-14,-4.1692191676856105e-14,-5.9583866447323e-09,-2.8907592024797685e-11,-4.045047017721427e-11,-7.240449087816397e-14,-6.336175194595474e-14,5.541979918951433e-10,-2.396733843511154e-11,-2.8907592024843423e-11,-4.045047017721115e-11,-2.8907592024809117e-11,-1.4037402014860758e-13,-2.8907592024806002e-11,-9.524133340554212e-14,-4.2673822717310777e-11,-2.8907592024824714e-11,5.541979918951347e-10,-4.169214687681679e-14,-2.8907592024822633e-11,-4.1692232135900096e-14,-4.169221579027962e-14,-4.169222104923922e-14,-6.336147348020802e-14,2.5864284920694073e-14,4.841993978633059e-14,-1.0481794730753877e-13,8.904084482617687e-10,8.87434912512616e-10,-4.169214686073507e-14,-4.169222562498141e-14,-4.169221579021097e-14,6.191696408195012e-10,-1.9091876977484302e-11,-3.609651373011874e-14,-4.169217649391183e-14,-2.8907592024851743e-11,3.021045016894532e-14,1.4881784452735176e-10,-5.1062277527747806e-14,-5.714512633718761e-14,-2.890759202481328e-11,-4.169222104943901e-14,-2.8907592024848625e-11,-7.058239329373838e-14,-8.424571224734476e-14,-3.4806375147429365e-11,-3.387627961547692e-14,-4.169224827031196e-14,-2.8907592024815357e-11,-4.16921779056702e-14,-1.1807650447618306e-13,-2.682714646982919e-11,-2.890759202481016e-11,-7.831647362815512e-14,-1.907522452926094e-13,-4.045047017724961e-11,-8.070286112869769e-14,-2.8907592024816394e-11,-8.539110252052081e-14,-4.169225424414368e-14,-7.05823229688127e-14,-7.240433270440619e-14,-5.106230169802028e-14,-1.0515160425061231e-13,8.601552719976422e-10,-1.9091876977443757e-11,-2.49237827626592e-11,-4.169221490001402e-14,3.269729463323108e-14,-2.7050910262554064e-13,-4.1692215463795726e-14,-1.4037387170530605e-13,3.756701710772038e-14,-4.1692215790376814e-14
1.0000000007525531,-6.351521426751774e-10,1.000000013181781,1.7101019458751509e-09,1.0000000152448865,-2.8907592024797685e-11,1.0000000016304844,1.0000000073483006,1.1549710771475828e-13,1.710101946123874e-09,-4.6466019033073896e-10,1.0000000096579935,1.0000000084490124,1.0000000073483015,1.000000008449012,9.959253158852055e-11,1.000000008449012,-6.812884212299303e-10,1.0000000107318137,1.0000000084490144,-4.646605439489926e-10,1.0000000152448845,1.0000000084490144,1.0000000152448836,1.0000000152448858,1.000000015244884,1.710101638167744e-09,-8.006868897305439e-14,7.360810267223663e-14,-6.351543014754871e-10,4.0866560494884727e-10,2.9126496264375444e-10,1.0000000152448836,1.0000000152448862,1.0000000152448851,9.132854068176159e-10,1.0000000109754268,1.0000000164212708,1.0000000152448831,1.0000000084490128,4.9676286033896106e-14,7.883121976687318e-10,1.1402607715001895e-09,-8.769553743715803e-10,1.0000000084490124,1.0000000152448865,1.000000008449013,1.5230055088140695e-09,-7.252452909780553e-10,1.000000011135295,1.000000014530504,1.0000000152448838,1.0000000084490124,1.0000000152448865,1.34733675049215e-09,1.0000000074155861,1.0000000084490128,1.0753373550108845e-13,5.18303736752165e-10,1.0000000073483013,8.51246022162242e-10,1.0000000084490137,-7.183798830907892e-10,1.000000015244883,1.5230055891258768e-09,1.1549687413846587e-13,1.140260766174553e-09,-1.17020632499392e-09,-2.8907426870795915e-11,1.0000000109754288,1.0000000115587917,1.0000000152448838,3.911864059267748e-11,-5.030362282965097e-09,1.0000000152448851,9.95924253893465e-11,-2.8012120169972673e-15,1.0000000152448854
0.9999999996338992,-6.531682324527102e-10,1.000000012087043,1.708130171715346e-09,1.0000000141401235,-4.045047017721427e-11,1.0000000073483006,0.9999999994185519,1.4906795561955963e-13,1.7081301719640526e-09,-4.6263134051877093e-10,1.000000008558259,1.0000000073483009,1.0000000062370757,1.0000000073483009,8.676864191390463e-11,1.0000000073483006,-6.405345767945288e-10,1.0000000096167847,1.0000000073483015,-4.6263169413700483e-10,1.0000000141401224,1.0000000073483,1.0000000141401226,1.0000000141401222,1.0000000141401224,1.7081298640079208e-09,-7.618565930754669e-11,1.120992841178471e-13,-6.531703912530767e-10,3.7455720578030176e-10,2.771009251456061e-10,1.0000000141401226,1.0000000141401233,1.0000000141401229,9.012192612902395e-10,1.0000000098879895,1.000000015317637,1.000000014140122,1.0000000073483,-1.5542519627655128e-14,7.621455129466365e-10,1.1461167810526592e-09,-9.173177283333501e-10,1.0000000073483002,1.0000000141401246,1.0000000073483002,1.4937092679810189e-09,-7.464945517862901e-10,1.0000000100246544,1.0000000134272788,1.0000000141401222,1.0000000073482995,1.0000000141401244,1.3288997334849794e-09,1.0000000063110521,1.0000000073483,1.5004939427544503e-13,4.785198076399813e-10,1.0000000062370766,8.535577902619473e-10,1.0000000073483015,-7.433871318823911e-10,1.0000000141401209,1.49370934829282e-09,1.4906773788608688e-13,1.1461167757270196e-09,-1.1948722125243705e-09,-4.045030502320314e-11,1.000000009887993,1.0000000104764124,1.000000014140122,1.8802116735360583e-10,-5.103456520115304e-09,1.0000000141401235,8.67685357147389e-11,4.5428560628798695e-14,1.0000000141401229
-4.2176106320560567e-10,-1.2298123963182158e-13,1.3462892639582739e-13,-3.0753425675596954e-14,8.958233698146474e-14,-7.240449087816397e-14,1.1549710771475828e-13,1.4906795561955963e-13,-5.3467431599368014e-09,-3.0753166015406756e-14,-1.92954421055384e-14,1.177520627343741e-13,1.154970943860344e-13,1.4906794962945908e-13,1.1549710362644407e-13,-5.768610219396884e-14,1.1549707519946883e-13,1.1577594858754068e-13,7.019544010652855e-14,1.1549710133200389e-13,-1.929510467298036e-14,8.958248884830178e-14,1.1549710372416498e-13,8.958238188901332e-14,8.958248884689236e-14,8.958238188736247e-14,-3.0753327542104566e-14,-1.0833248393094967e-13,-2.3515753229863905e-13,-1.229809560157238e-13,-1.2224554796024422e-13,-8.638686757279134e-14,8.958242908160161e-14,8.95823818872406e-14,8.958248884829858e-14,-4.596624088681152e-15,1.0711920400240047e-13,1.236161818496341e-13,8.958248884832731e-14,1.154971106751521e-13,-6.292534884676754e-13,-6.604826573138018e-14,-3.13434207915123e-14,5.0564685626694005e-15,1.154971106748557e-13,8.958238188897148e-14,1.1549709361746337e-13,-9.962145123244982e-14,-6.980531885521196e-14,6.125962915743058e-14,1.270517100239629e-13,8.958238188764943e-14,1.1549708711502608e-13,8.958242908162727e-14,-1.0057473985216564e-13,2.0332247044665855e-10,1.1549711993822525e-13,1.6715519425174616e-09,-1.0789590334943102e-13,1.490679290497019e-13,-5.4227661216240195e-14,1.1549711067516077e-13,-5.0769385631680646e-14,8.958239898075921e-14,-9.962145122882019e-14,1.4718328725458852e-09,-3.134359902456232e-14,2.9523310136341336e-14,-7.240451160561025e-14,1.0711920378062088e-13,1.0234015268488834e-13,8.958248884810092e-14,2.748033003890898e-13,-1.2230441730173362e-13,8.958248884689313e-14,-5.768580480217034e-14,-1.4513958039248587e-13,8.958239898056348e-14
1.0662946469428243e-09,-2.1187287209478273e-13,1.726710100063781e-09,1.750449616462746e-09,8.447201111757582e-13,-6.336175194595474e-14,1.710101946123874e-09,1.7081301719640526e-09,-3.0753166015406756e-14,-5.068116940534213e-09,-3.9567025825369294e-14,1.7188412300169007e-09,1.710101946123838e-09,1.7081301719640553e-09,1.7101019461238601e-09,-2.1522545245237724e-13,1.7101019461238562e-09,-1.6491053374101501e-13,1.6788791073540166e-09,1.7101019461238562e-09,-3.956706385963923e-14,8.4472012929114e-13,1.7101019461238626e-09,8.447201988647472e-13,8.447201245066984e-13,8.447201383061937e-13,1.7504496164627483e-09,5.251644973695996e-15,1.3125765305949947e-14,-2.1187302554453356e-13,-1.1334031531785541e-13,-1.0891828936063216e-13,8.447201402978906e-13,8.447201910824576e-13,8.447201383061933e-13,-1.6428113594208234e-13,1.7120446224710636e-09,8.5140969126348e-13,8.447201915028689e-13,1.7101019461238465e-09,-1.3112273206247527e-14,1.8002988828677267e-10,-1.9512249750647433e-13,-6.330696117816273e-14,1.7101019461238587e-09,8.447201383061933e-13,1.7101019461238388e-09,-2.4967910613531e-13,-1.4365126132581553e-13,1.6855992104212263e-09,8.598903350277427e-13,8.447201500325552e-13,1.7101019461238525e-09,8.44720164659722e-13,1.6589177233248714e-09,1.712278549418064e-09,1.7101019461238568e-09,-2.7539238833227998e-14,5.383065550570642e-10,1.7081301719640298e-09,-1.8341101680884094e-13,1.710101946123853e-09,-1.4475358369103373e-13,8.447201263540982e-13,-2.496790035045542e-13,-3.075332754210839e-14,-1.9512232861626116e-13,-1.624721520358536e-13,-6.33617519447991e-14,1.7120446224711038e-09,1.6756477257877485e-09,8.447201993378164e-13,-2.2586138659166072e-14,-9.934941022508333e-14,8.44720125700997e-13,-2.152253875149727e-13,1.5087293741232684e-14,8.447201257010067e-13
-1.1049181324603523e-09,-6.379262402355635e-14,-4.4211718252375573e-10,-3.9567063856267316e-14,-2.5199276523448295e-13,5.541979918951433e-10,-4.6466019033073896e-10,-4.6263134051877093e-10,-1.92954421055384e-14,-3.9567025825369294e-14,-6.294670230808979e-09,-4.614423325360893e-10,-4.6466019033077225e-10,-4.6263134051876886e-10,-4.646601903307494e-10,-8.930696031047306e-14,-4.6466019033073586e-10,-5.721791273698086e-14,-4.706855373679064e-10,-4.6466019033075147e-10,5.238418206224031e-10,-2.5199275357498014e-13,-4.646601903307463e-10,-2.519927532481568e-13,-2.519927512797524e-13,-2.519927679580656e-13,-3.956718510176269e-14,-1.0394923997498693e-14,-5.079256789231089e-16,-6.3792751323675e-14,5.54889384705797e-10,5.578345202080271e-10,-2.51992699715735e-13,-2.5199269971574114e-13,-2.519927252358828e-13,2.9968000970697254e-14,-4.662651284025183e-10,-2.444571814607602e-13,-2.519927080548048e-13,-4.64660190330765e-10,1.9268784694449115e-15,1.1221108441071499e-10,-7.860321905813688e-15,-4.289604337905152e-14,-4.646601903307525e-10,-2.5199275357515563e-13,-4.646601903307733e-10,-2.2816360614666423e-14,-5.1419873362999124e-14,-4.686311922834908e-10,-2.4390442373697056e-13,-2.5199272522191546e-13,-4.6466019033074423e-10,-2.519926997157365e-13,-5.565230007408113e-14,-4.626697728891377e-10,-4.6466019033075147e-10,-2.0731348144707806e-14,-1.5041554315600703e-13,-4.626313405187959e-10,-1.6296862174543538e-14,-4.646601903307463e-10,-4.997303803882636e-14,-2.5199269971573423e-13,-2.2816403817589908e-14,-1.929496856532147e-14,-7.86037301541831e-15,-1.0917876564020764e-13,5.541979918951557e-10,-4.662651284024767e-10,-4.752824621269467e-10,-2.519926896086469e-13,-1.4645174916090343e-14,-1.260080779429388e-13,-2.519927443410955e-13,-8.930696328297195e-14,-4.462718745232394e-15,-2.519927652344837e-13
1.0000000019515383,-6.197314412802436e-10,1.0000000143908716,1.7188412297681793e-09,1.000000016458858,-2.396733843511154e-11,1.0000000096579935,1.000000008558259,1.177520627343741e-13,1.7188412300169007e-09,-4.614423325360893e-10,1.000000004049631,1.0000000096579937,1.0000000085582599,1.0000000096579928,5.1910032244745066e-11,1.0000000096579935,-6.63974199736881e-10,1.0000000119416352,1.0000000096579935,-4.614426861543314e-10,1.0000000164588574,1.0000000096579933,1.0000000164588567,1.0000000164588563,1.0000000164588565,1.7188409220607745e-09,-8.215175241095058e-14,7.096021449998178e-14,-6.197336000806079e-10,4.1282103181568834e-10,2.941891811511061e-10,1.0000000164588576,1.0000000164588587,1.0000000164588574,9.210144613203948e-10,1.0000000121833361,1.000000017636029,1.0000000164588563,1.0000000096579922,4.992991642871878e-14,7.964566546594073e-10,1.1490514023509262e-09,-8.694985466665e-10,1.0000000096579924,1.0000000164588596,1.0000000096579922,1.5318795975612664e-09,-3.82779336574372e-13,1.0000000123445831,1.0000000157461577,1.0000000164588574,1.0000000096579915,1.0000000164588596,1.3551364402849042e-09,1.0000000086246776,1.0000000096579924,1.0957579508395532e-13,5.27447578294581e-10,1.0000000085582612,8.594491889106491e-10,1.0000000096579935,-3.788056065930911e-13,1.0000000164588563,1.5318796778730696e-09,1.1775184503402696e-13,1.1490513970252975e-09,-1.1606193663275044e-09,-2.3967173281086902e-11,1.0000000121833375,1.0000000127670696,1.0000000164588563,3.762017344624678e-11,-5.0220064900852674e-09,1.000000016458858,5.190992604555855e-11,-5.066301287185804e-15,1.0000000164588572
1.0000000007525562,-6.351521426752123e-10,1.0000000131817812,1.7101019458751052e-09,1.000000015244887,-2.8907592024843423e-11,1.0000000084490124,1.0000000073483009,1.154970943860344e-13,1.710101946123838e-09,-4.6466019033077225e-10,1.0000000096579937,1.0000000016304877,1.0000000073483009,1.0000000084490128,9.959253158849247e-11,1.000000008449013,-6.812884212299597e-10,1.0000000107318137,1.0000000084490146,-4.6466054394904147e-10,1.000000015244884,1.0000000084490137,1.0000000152448838,1.0000000152448842,1.000000015244883,1.7101016381677025e-09,-8.006868915219526e-14,7.360807472904731e-14,-6.351543014755326e-10,4.0866560494880265e-10,2.912649626437243e-10,1.0000000152448838,1.0000000152448865,1.0000000152448851,9.132854068175796e-10,1.000000010975427,1.0000000164212701,1.000000015244884,1.0000000084490126,4.967627934466398e-14,7.883121976686892e-10,1.1402607715001541e-09,-8.769553743716094e-10,1.0000000084490117,1.0000000152448865,1.0000000084490124,1.5230055088140322e-09,-7.252452909780981e-10,1.000000011135295,1.0000000145305044,1.0000000152448838,1.0000000084490117,1.0000000152448871,1.3473367504921148e-09,1.0000000074155853,1.000000008449013,1.0753372863580585e-13,5.183037367521364e-10,1.0000000073483017,8.512460221622165e-10,1.000000008449012,-7.183798830908273e-10,1.0000000152448831,1.523005589125841e-09,1.1549688073952854e-13,1.1402607661745182e-09,-1.1702063249939565e-09,-2.8907426870833338e-11,1.0000000109754288,1.0000000115587928,1.000000015244884,3.911864059265123e-11,-5.030362282965137e-09,1.0000000152448851,9.9592425389307e-11,-2.801217317507325e-15,1.0000000152448851
0.9999999996338996,-6.531682324527265e-10,1.000000012087043,1.708130171715343e-09,1.0000000141401244,-4.045047017721115e-11,1.0000000073483015,1.0000000062370757,1.4906794962945908e-13,1.7081301719640553e-09,-4.6263134051876886e-10,1.0000000085582599,1.0000000073483009,0.9999999994185549,1.0000000073483009,8.676864191390775e-11,1.0000000073483013,-6.405345767945376e-10,1.0000000096167854,1.0000000073483022,-4.626316941370027e-10,1.000000014140123,1.000000007348301,1.0000000141401229,1.0000000141401224,1.0000000141401229,1.7081298640079361e-09,-7.618565930754532e-11,1.1209922988200161e-13,-6.531703912530916e-10,3.7455720578028206e-10,2.7710092514559675e-10,1.0000000141401229,1.0000000141401246,1.0000000141401235,9.012192612902312e-10,1.0000000098879909,1.0000000153176376,1.0000000141401229,1.0000000073483009,-1.5542514665923974e-14,7.621455129466469e-10,1.1461167810526474e-09,-9.173177283333569e-10,1.000000007348301,1.0000000141401244,1.000000007348301,1.4937092679810189e-09,-7.464945517862711e-10,1.0000000100246553,1.00000001342728,1.0000000141401233,1.0000000073483,1.0000000141401248,1.328899733484978e-09,1.0000000063110526,1.000000007348301,1.5004939052593344e-13,4.78519807639986e-10,1.0000000062370777,8.535577902619453e-10,1.0000000073483022,-7.433871318824027e-10,1.0000000141401215,1.4937093482928256e-09,1.4906774100590392e-13,1.1461167757270243e-09,-1.1948722125243809e-09,-4.045030502321354e-11,1.0000000098879926,1.0000000104764133,1.0000000141401229,1.880211673536163e-10,-5.103456520115308e-09,1.0000000141401242,8.676853571473214e-11,4.5428545344946854e-14,1.0000000141401237
1.0000000007525565,-6.351521426751972e-10,1.0000000131817812,1.7101019458751453e-09,1.0000000152448865,-2.8907592024809117e-11,1.000000008449012,1.0000000073483009,1.1549710362644407e-13,1.7101019461238601e-09,-4.646601903307494e-10,1.0000000096579928,1.0000000084490128,1.0000000073483009,1.0000000016304873,9.959253158849767e-11,1.000000008449013,-6.812884212299441e-10,1.0000000107318134,1.0000000084490146,-4.6466054394902275e-10,1.000000015244884,1.0000000084490135,1.0000000152448838,1.0000000152448845,1.000000015244883,1.7101016381677234e-09,-8.006868892052803e-14,7.360808979430497e-14,-6.351543014755063e-10,4.0866560494883905e-10,2.9126496264375863e-10,1.0000000152448838,1.0000000152448854,1.0000000152448851,9.132854068176201e-10,1.000000010975427,1.0000000164212701,1.000000015244884,1.0000000084490122,4.967627689697478e-14,7.88312197668728e-10,1.1402607715001833e-09,-8.769553743715872e-10,1.000000008449012,1.0000000152448865,1.000000008449012,1.5230055088140494e-09,-7.252452909780822e-10,1.0000000111352945,1.0000000145305044,1.0000000152448838,1.0000000084490117,1.0000000152448871,1.3473367504921392e-09,1.0000000074155855,1.0000000084490128,1.0753371779081346e-13,5.183037367521707e-10,1.0000000073483015,8.512460221622341e-10,1.000000008449012,-7.183798830908095e-10,1.0000000152448831,1.523005589125862e-09,1.1549687956559817e-13,1.140260766174539e-09,-1.1702063249939168e-09,-2.8907426870819822e-11,1.0000000109754288,1.000000011558792,1.0000000152448838,3.911864059266741e-11,-5.030362282965115e-09,1.0000000152448851,9.959242538931637e-11,-2.801216369252772e-15,1.0000000152448851
-5.472283235086606e-10,-2.0965293222078323e-13,1.2513644575497615e-10,-2.1522514298114552e-13,8.04744351475465e-14,-1.4037402014860758e-13,9.959253158852055e-11,8.676864191390463e-11,-5.768610219396884e-14,-2.1522545245237724e-13,-8.930696031047306e-14,5.1910032244745066e-11,9.959253158849247e-11,8.676864191390775e-11,9.959253158849767e-11,-4.527028053066842e-09,9.959253158851015e-11,-2.795076728931908e-13,8.836749693748342e-11,9.95925315885195e-11,-8.930682785394724e-14,8.047441624686676e-14,9.959253158852055e-11,8.047448295834962e-14,8.047446192976469e-14,8.047443527955453e-14,-2.152252597180992e-13,4.3542752112703346e-14,5.75383929924353e-14,-2.0965289670367123e-13,-1.1455494258601484e-13,-9.489249834905053e-14,8.047443527964286e-14,8.04744301374527e-14,8.047446192992245e-14,-2.0304167289845856e-13,1.1965374568362487e-10,8.681096131245754e-14,8.047441624683687e-14,9.959253158849404e-11,3.5069661392949104e-15,-3.7877731646311106e-10,-2.2613189652335653e-13,-1.4656357874010217e-13,9.959253158852211e-11,8.047446359239869e-14,9.959253158849352e-11,-2.1271927911075078e-13,1.792665823385626e-09,1.0281220369297293e-10,7.38494238162344e-14,8.047446359238713e-14,9.959253158851172e-11,8.04744323070274e-14,-1.8546961183620224e-13,1.0053681688442523e-10,9.959253158851172e-11,-4.848995581391259e-14,-1.4864470306962934e-13,8.676864191387864e-11,-2.0862256760800976e-13,9.959253158850286e-11,1.7536344628235034e-09,8.047446359190809e-14,-2.127196471522554e-13,-5.768577121044695e-14,-2.261316535566424e-13,-2.34350932293484e-13,-1.403738208700064e-13,1.196537456836623e-10,9.897094890884673e-11,8.047443541936429e-14,-1.5022457153379432e-14,-1.6330461772598088e-13,8.047447473128792e-14,2.2915592526190987e-09,4.234761135354038e-14,8.047444487691685e-14
1.0000000007525558,-6.351521426751852e-10,1.000000013181781,1.7101019458751317e-09,1.0000000152448865,-2.8907592024806002e-11,1.000000008449012,1.0000000073483006,1.1549707519946883e-13,1.7101019461238562e-09,-4.6466019033073586e-10,1.0000000096579935,1.000000008449013,1.0000000073483013,1.000000008449013,9.959253158851015e-11,1.0000000016304882,-6.81288421229939e-10,1.0000000107318143,1.0000000084490144,-4.6466054394901024e-10,1.000000015244885,1.0000000084490124,1.0000000152448836,1.0000000152448845,1.0000000152448838,1.7101016381677277e-09,-8.00686889700052e-14,7.360807572023426e-14,-6.351543014755001e-10,4.0866560494885145e-10,2.912649626437472e-10,1.000000015244884,1.0000000152448851,1.0000000152448851,9.132854068176097e-10,1.0000000109754263,1.0000000164212706,1.0000000152448845,1.000000008449012,4.967628400296455e-14,7.883121976687265e-10,1.1402607715001823e-09,-8.769553743715838e-10,1.0000000084490124,1.0000000152448854,1.000000008449012,1.5230055088140591e-09,-7.252452909780636e-10,1.0000000111352945,1.0000000145305052,1.0000000152448836,1.000000008449012,1.0000000152448862,1.347336750492136e-09,1.0000000074155855,1.0000000084490124,1.0753371818735545e-13,5.183037367521749e-10,1.0000000073483015,8.512460221622368e-10,1.0000000084490126,-7.183798830908018e-10,1.0000000152448827,1.5230055891258609e-09,1.1549689426296301e-13,1.1402607661745426e-09,-1.1702063249939013e-09,-2.890742687079799e-11,1.000000010975429,1.0000000115587926,1.000000015244883,3.911864059267956e-11,-5.030362282965112e-09,1.000000015244886,9.959242538933247e-11,-2.8012230784392778e-15,1.0000000152448854
-1.3183603104138326e-09,2.2948222520785957e-09,-6.542281347100812e-10,-1.6491053374978202e-13,-3.184957363677807e-13,-9.524133340554212e-14,-6.812884212299303e-10,-6.405345767945288e-10,1.1577594858754068e-13,-1.6491053374101501e-13,-5.721791273698086e-14,-6.63974199736881e-10,-6.812884212299597e-10,-6.405345767945376e-10,-6.812884212299441e-10,-2.795076728931908e-13,-6.81288421229939e-10,-4.767423828864493e-09,-2.5925062623619425e-13,-6.812884212299297e-10,-5.721776678133927e-14,-3.1849578733159533e-13,-6.81288421229932e-10,-3.1849576085240524e-13,-3.1849568026659695e-13,-3.1849568345549105e-13,-1.6491047919670046e-13,-1.262344709705556e-13,-1.5906868669464796e-13,2.2948222520784853e-09,-1.0796697915013663e-13,-1.2190371063865822e-13,-3.1849569539356137e-13,-3.1849572526542735e-13,-3.184957472252078e-13,-1.530274039537117e-13,-7.059558778345849e-10,-3.203552201882459e-13,-3.1849573636780423e-13,-6.812884212299511e-10,-2.6569661330323963e-14,-1.5378728853994184e-10,-1.415184107195214e-13,-1.1419082750875316e-13,-6.81288421229929e-10,-3.1849572719327385e-13,-6.812884212299582e-10,-1.4951251073803772e-13,-6.230135839247422e-10,-2.821793895230141e-13,-7.252783310545932e-10,-3.1849568026623844e-13,-6.812884212299252e-10,-3.184957389607827e-13,-1.5195631245631983e-13,-6.789094746894275e-10,-6.81288421229933e-10,1.1057036528452314e-13,5.235534672256694e-10,-6.405345767945583e-10,-1.2717064715465987e-13,-6.812884212299372e-10,-5.801419252545397e-10,-3.18495738963421e-13,-1.4951274784615892e-13,1.157759485881785e-13,-1.415185078691651e-13,-2.3853028449599966e-13,-9.524124164912302e-14,-7.059558778345585e-10,-2.7768697148728753e-13,-3.1849573076844065e-13,-3.290219794947694e-10,-1.2274821440691615e-13,-3.184957271932839e-13,-2.795076728931908e-13,-2.4141993639367e-10,-3.1849578028340724e-13
1.000000003033835,-2.2597847358031045e-13,1.000000015466915,1.6788791071052993e-09,1.0000000175287278,-4.2673822717310777e-11,1.0000000107318137,1.0000000096167847,7.019544010652855e-14,1.6788791073540166e-09,-4.706855373679064e-10,1.0000000119416352,1.0000000107318137,1.0000000096167854,1.0000000107318134,8.836749693748342e-11,1.0000000107318143,-2.5925062623619425e-13,1.0000000062058236,1.0000000107318148,-4.706858909861527e-10,1.0000000175287251,1.0000000107318145,1.0000000175287247,1.0000000175287262,1.0000000175287256,1.6788787993978859e-09,-3.9638037594189555e-14,1.2293334197622237e-13,-2.2597959870823806e-13,3.8265901683902077e-10,2.7564312040125454e-10,1.000000017528725,1.0000000175287271,1.0000000175287256,8.816951482350109e-10,1.0000000132710831,1.0000000186980535,1.0000000175287254,1.0000000107318134,6.003583163222325e-14,7.605535566696035e-10,1.1223469129799137e-09,-9.475744211744396e-10,1.000000010731814,1.0000000175287276,1.000000010731814,1.484370008024664e-09,-7.525218413058555e-10,1.0000000134304334,1.0000000167985834,1.0000000175287251,1.0000000107318123,1.0000000175287271,1.3203991117857742e-09,1.0000000096981172,1.0000000107318132,5.880911855919217e-14,5.431568321236091e-10,1.000000009616786,8.381806649706606e-10,1.0000000107318143,-7.506725193833513e-10,1.0000000175287247,1.4843700883364733e-09,7.019521674385317e-14,1.1223469076542643e-09,-1.2256475554112514e-09,-4.267365756329445e-11,1.0000000132710865,1.0000000138717278,1.0000000175287251,3.987267450291048e-14,-5.085904530756666e-09,1.0000000175287258,8.836739073829067e-11,9.626121462192064e-11,1.0000000175287258
1.0000000007525542,-6.351521426751837e-10,1.0000000131817817,1.7101019458751343e-09,1.0000000152448865,-2.8907592024824714e-11,1.0000000084490144,1.0000000073483015,1.1549710133200389e-13,1.7101019461238562e-09,-4.6466019033075147e-10,1.0000000096579935,1.0000000084490146,1.0000000073483022,1.0000000084490146,9.95925315885195e-11,1.0000000084490144,-6.812884212299297e-10,1.0000000107318148,1.000000001630489,-4.6466054394902373e-10,1.0000000152448845,1.0000000084490137,1.0000000152448845,1.000000015244885,1.0000000152448838,1.7101016381677308e-09,-8.006868905837429e-14,7.360810016392222e-14,-6.35154301475498e-10,4.086656049488317e-10,2.912649626437399e-10,1.000000015244885,1.0000000152448865,1.000000015244886,9.132854068176034e-10,1.000000010975428,1.0000000164212715,1.0000000152448845,1.0000000084490133,4.96762860347452e-14,7.883121976687083e-10,1.1402607715001661e-09,-8.769553743715922e-10,1.0000000084490144,1.000000015244887,1.0000000084490142,1.5230055088140395e-09,-7.252452909780745e-10,1.0000000111352951,1.0000000145305057,1.0000000152448851,1.0000000084490117,1.0000000152448874,1.3473367504921442e-09,1.0000000074155857,1.0000000084490137,1.075337090462465e-13,5.183037367521661e-10,1.0000000073483017,8.512460221622321e-10,1.0000000084490137,-7.183798830908067e-10,1.0000000152448845,1.5230055891258596e-09,1.1549690377166267e-13,1.1402607661745404e-09,-1.170206324993916e-09,-2.890742687082294e-11,1.0000000109754297,1.0000000115587933,1.0000000152448845,3.911864059266604e-11,-5.0303622829651135e-09,1.0000000152448858,9.959242538932779e-11,-2.80120172448338e-15,1.0000000152448865
-1.104918085112095e-09,-6.37926753021826e-14,-4.4211753614200204e-10,-3.956718510085319e-14,-2.5199294573350686e-13,5.541979918951347e-10,-4.646605439489926e-10,-4.6263169413700483e-10,-1.929510467298036e-14,-3.956706385963923e-14,5.238418206224031e-10,-4.614426861543314e-10,-4.6466054394904147e-10,-4.626316941370027e-10,-4.6466054394902275e-10,-8.930682785394724e-14,-4.6466054394901024e-10,-5.721776678133927e-14,-4.706858909861527e-10,-4.6466054394902373e-10,-6.294670230808979e-09,-2.519929053018314e-13,-4.6466054394901856e-10,-2.519929922998709e-13,-2.5199299209342434e-13,-2.519929428323732e-13,-3.95670638596488e-14,-1.0394923997363986e-14,-5.080354755228196e-16,-6.379262402353412e-14,5.548893847057882e-10,5.578345202080186e-10,-2.519929703197819e-13,-2.519929428321738e-13,-2.5199294573314664e-13,2.9968596811263196e-14,-4.662654820207594e-10,-2.4445734257667134e-13,-2.519929833994037e-13,-4.6466054394902275e-10,1.9269151638911643e-15,1.1221108441070724e-10,-7.860508247172111e-15,-4.289604339281545e-14,-4.6466054394900295e-10,-2.5199296755272045e-13,-4.646605439490331e-10,-2.281636061467009e-14,-5.1419726401489586e-14,-4.686315459017402e-10,-2.4390464846773103e-13,-2.519929675580607e-13,-4.6466054394900404e-10,-2.5199297090323844e-13,-5.565221679243657e-14,-4.6267012650738406e-10,-4.646605439490081e-10,-2.0731348144707806e-14,-1.504154574217137e-13,-4.626316941370432e-10,-1.6296862174543668e-14,-4.6466054394900507e-10,-4.9973038040890286e-14,-2.519929457334791e-13,-2.2816403818221726e-14,-1.9295104672980215e-14,-7.860542612146447e-15,-1.0917882659726846e-13,5.541979918951432e-10,-4.662654820207344e-10,-4.752828157452128e-10,-2.519929709021623e-13,-1.464481516769104e-14,-1.2600846623600307e-13,-2.519929703198845e-13,-8.930682785394715e-14,-4.462718747443253e-15,-2.5199298438637437e-13
1.0000000072450719,-2.9132505072090224e-13,1.000000019984063,8.447201048342183e-13,1.000000022213755,-4.169214687681679e-14,1.0000000152448845,1.0000000141401224,8.958248884830178e-14,8.4472012929114e-13,-2.5199275357498014e-13,1.0000000164588574,1.000000015244884,1.000000014140123,1.000000015244884,8.047441624686676e-14,1.000000015244885,-3.1849578733159533e-13,1.0000000175287251,1.0000000152448845,-2.519929053018314e-13,1.0000000153952264,1.000000015244885,1.0000000222137528,1.0000000222137526,1.000000022213752,8.447199783911191e-13,-4.1730356013618366e-14,1.1634732614245545e-13,-2.9132606890570674e-13,1.7622576651198574e-13,1.1871750236595187e-13,1.000000022213753,1.0000000222137537,1.0000000222137528,4.713066253958821e-13,1.0000000177723298,1.0000000234078386,1.0000000222137526,1.0000000152448838,6.73995293975023e-14,3.8536229397206805e-13,5.461700925033799e-13,-4.1886125724444266e-13,1.000000015244884,1.000000022213754,1.000000015244884,7.390411622157998e-13,-3.447073234971381e-13,1.000000017935604,1.0000000215334173,1.0000000222137533,1.0000000152448831,1.0000000222137544,6.718342387484917e-13,1.0000000142131855,1.0000000152448831,7.873103814344695e-14,2.991272714662616e-13,1.0000000141401229,4.051596438991036e-13,1.0000000152448838,-3.4385482561905195e-13,1.000000022213752,7.390412385582359e-13,8.958216727195311e-14,5.461701429621531e-13,-5.222026178792231e-13,-4.1692070293286964e-14,1.0000000177723318,1.000000018351478,1.000000022213752,5.451580032618928e-14,-2.457753226144646e-12,1.000000022213753,8.047436521721856e-14,3.885509648557677e-14,1.0000000222137528
1.0000000007525545,-6.351521426751736e-10,1.0000000131817806,1.7101019458751393e-09,1.000000015244886,-2.8907592024822633e-11,1.0000000084490144,1.0000000073483,1.1549710372416498e-13,1.7101019461238626e-09,-4.646601903307463e-10,1.0000000096579933,1.0000000084490137,1.000000007348301,1.0000000084490135,9.959253158852055e-11,1.0000000084490124,-6.81288421229932e-10,1.0000000107318145,1.0000000084490137,-4.6466054394901856e-10,1.000000015244885,1.0000000016304866,1.0000000152448838,1.0000000152448845,1.0000000152448845,1.710101638167732e-09,-8.006868924196872e-14,7.360809087230683e-14,-6.351543014754869e-10,4.0866560494883905e-10,2.9126496264375134e-10,1.0000000152448838,1.0000000152448865,1.0000000152448851,9.132854068176025e-10,1.0000000109754275,1.0000000164212706,1.0000000152448836,1.000000008449014,4.967628048221873e-14,7.883121976687154e-10,1.1402607715001754e-09,-8.769553743715862e-10,1.000000008449012,1.0000000152448865,1.000000008449012,1.523005508814053e-09,-7.252452909780605e-10,1.000000011135295,1.0000000145305052,1.0000000152448845,1.0000000084490126,1.0000000152448865,1.3473367504921495e-09,1.0000000074155853,1.0000000084490126,1.0753371436663304e-13,5.183037367521728e-10,1.0000000073483024,8.512460221622368e-10,1.000000008449014,-7.183798830907896e-10,1.0000000152448838,1.5230055891258646e-09,1.1549687956476382e-13,1.1402607661745468e-09,-1.170206324993921e-09,-2.890742687080007e-11,1.0000000109754297,1.0000000115587917,1.0000000152448838,3.911864059267462e-11,-5.030362282965109e-09,1.0000000152448858,9.959242538933715e-11,-2.8012041939107664e-15,1.0000000152448851
