0.9999999981301796,-1.1710848351727087e-05,0.999963438469619,-1.1882541353074553e-05,0.999963446539342,-1.1883050882759762e-05,0.9999634542091929,-1.1748506098654286e-05,-1.2749172619485317e-05,-1.1870516749191726e-05,0.9999633917162343,-1.2033283541771527e-05,-1.2639237528481768e-05,-1.1799148281328719e-05,-1.1878920365562958e-05,-1.1870516749190902e-05,-1.1714524618090938e-05,-1.18042840247496e-05,0.9999632539974381,-1.1716242033806443e-05,0.9999634542091953,0.9999637646733588,-1.179841518782194e-05,-1.1717952040759495e-05,-1.1719016090107593e-05,-1.169242665610927e-05,-1.1719016089793818e-05,0.9999636881193228,-1.1821039532940407e-05,-1.1881464913143052e-05,0.9999634493637702,-1.2251218052065572e-05,-1.175323908431445e-05,-1.1798415189007767e-05,-1.2078632565138277e-05,-1.1796059511797844e-05,-1.1997050722720873e-05,-1.2765337041063264e-05,-1.2787428810815854e-05,-1.1894413340339046e-05,-1.3369889811221348e-05,0.9999636958101785,-1.1973942899741604e-05,-1.1748506098830917e-05,-1.171901609010379e-05,0.9999636414096166,-1.1692426661571385e-05,-1.1806832864476057e-05,0.9999636750607843,-1.1717375458518657e-05,-1.2511945888716515e-05,-1.1720148087420777e-05,-1.182103953255858e-05,-1.1717375458345109e-05,0.9999636895497354,0.9999637467149732,-1.1721678301747395e-05,-1.187051675183604e-05,-1.174850609968722e-05,-1.3137179380402777e-05,0.9999630760986762,-1.2947394667996379e-05,-1.2374954791667438e-05,0.9999637646733588
-1.1710848351727087e-05,-2.9518351782718355e-07,-6.023223008195934e-10,7.723401941602746e-16,-6.023223035633801e-10,7.72725329592548e-16,-6.023223143028214e-10,6.845563546161733e-16,1.2490280389262651e-15,7.649028759337316e-16,-6.023222861369695e-10,8.379390667204221e-16,1.1776282280742772e-15,7.18305208079207e-16,7.702431395442195e-16,7.646318006406273e-16,1.3196964010383529e-12,7.128141731758106e-16,-6.02322255630222e-10,6.640280937661557e-16,-6.023223143679755e-10,-6.023223934731346e-10,7.1743842056860085e-16,6.645291507788568e-16,6.656803650997883e-16,6.489010830690068e-16,6.656803650997883e-16,-6.023223711267161e-10,7.316761312278093e-16,7.713399200031845e-16,-6.023223043485304e-10,9.647470824780169e-16,6.878410256001439e-16,7.17236702470444e-16,8.679546759803107e-16,7.159494224965653e-16,1.6674649583349276e-12,1.2595775921675832e-15,1.2733981815581802e-15,1.553583835562666e-12,1.5900756063796193e-15,-6.023223760150093e-10,8.226790869098989e-16,6.84505503136632e-16,6.656803650997883e-16,-6.023223601652154e-10,6.489010830690068e-16,7.148378043199669e-16,-6.023223684473076e-10,6.646559046990652e-16,1.1161600619255767e-15,6.661028380947105e-16,7.316761312278093e-16,6.646559046990652e-16,-6.023223745000188e-10,-6.023223905189036e-10,6.674639708140611e-16,7.646318006406273e-16,6.845160769755931e-16,1.4725449926615892e-15,-1.1993494430511322e-06,1.3495004326410521e-15,1.0285346035707084e-15,-6.023223934731346e-10
0.999963438469619,-6.023223008195934e-10,0.9999289217879384,-6.885440892065862e-10,0.9999292250401782,-6.887999681175027e-10,0.9999292327098935,-6.212334805054496e-10,-2.2376261020127063e-06,-6.825055057630169e-10,0.9999291702200668,-7.642440996545949e-10,-1.0685446011577583e-09,-6.466652650832947e-10,-6.867256924247863e-10,-6.825055060134989e-10,-6.041684679035809e-10,-6.4924421582721e-10,0.999929032509232,-6.050309247968219e-10,0.9999292327098932,0.9999295431564549,-6.462971185445802e-10,-6.058896679850595e-10,-6.064240196617999e-10,-5.930711878238772e-10,-6.064240204043521e-10,0.9999294666066673,-6.576587417645093e-10,-6.88003515863284e-10,0.9999292278644475,-8.73687449209847e-10,-6.236103200906096e-10,-6.462971178392591e-10,-7.870177383355301e-10,-6.451141303507362e-10,-7.460488984914675e-10,-2.2537898373215555e-06,-2.2758806383237986e-06,-6.945060350100743e-10,-1.4354666694338704e-09,0.9999294742971896,-7.344444821624136e-10,-6.212334799096372e-10,-6.064240198066117e-10,0.9999294198996396,-5.930711879032034e-10,-6.505242170165203e-10,0.999929453548888,-6.056001175919013e-10,-2.00041036661747e-06,-6.069924923464277e-10,-6.576587417789242e-10,-6.056001170885706e-10,0.9999294680371055,0.9999295251991416,-6.077609488640278e-10,-6.82505505968691e-10,-6.212334802188692e-10,-2.6256151294769376e-06,0.9999288546199303,-1.223296239548199e-09,-9.35825974530562e-10,0.9999295431564549
-1.1882541353074553e-05,7.723401941602746e-16,-6.885440892065862e-10,-2.951830456855568e-07,-6.885440929874893e-10,1.7887899982343768e-12,-6.885441037165075e-10,7.993695598197441e-16,1.4555404177991435e-15,1.7707135193453784e-12,-6.885440689344931e-10,9.79961735827255e-16,1.375350672377833e-15,8.368000716358652e-16,1.7837920787033926e-12,1.7707135199246306e-12,7.749741630600041e-16,8.332226992701203e-16,-6.885440196175875e-10,7.75961294283123e-16,-6.885441037345837e-10,-6.885442236282111e-10,8.356897723571177e-16,7.772566941570338e-16,7.780255426466654e-16,7.58718828272566e-16,7.778151324307785e-16,-6.885441916526611e-10,1.6978337702032065e-12,1.7865017079449263e-12,-6.885440940605913e-10,1.1262801773534338e-15,1.598986894561155e-12,8.356897723571177e-16,1.0134948042266116e-15,8.342480335181227e-16,1.9384302128531067e-12,1.4673248690238945e-15,1.4832935433750627e-15,1.8056510176255666e-12,1.8546303432351752e-15,-6.885441971435274e-10,1.90517572089846e-12,7.997703918464102e-16,7.778151324307785e-16,-6.885441742913484e-10,7.587659017565519e-16,8.354179802397796e-16,-6.885441870357363e-10,7.768410370944528e-16,1.301095663346324e-15,7.788408051066291e-16,1.6978337706603686e-12,7.7671723646942e-16,-6.885441947155392e-10,-6.885442181194271e-10,7.803721042678929e-16,1.7707135191021548e-12,7.997703918464102e-16,1.7141922814810612e-15,-1.3710349616892936e-06,1.5763082218790421e-15,1.2020470533132775e-15,-6.885442236211243e-10
0.999963446539342,-6.023223035633801e-10,0.9999292250401782,-6.885440929874893e-10,0.9999289379265132,-6.887999720628601e-10,0.9999292407791815,-6.212334836480763e-10,-2.237626113680851e-06,-6.825055094865406e-10,0.9999291782893563,-7.642441032279883e-10,-2.1276957683112993e-06,-6.466652684788301e-10,-6.867256961580749e-10,-6.825055096776686e-10,-6.041684707008151e-10,-6.492442187548828e-10,0.9999290405785222,-6.050309277647194e-10,0.999929240779181,0.9999295512257378,-6.462971218404348e-10,-6.058896710788706e-10,-6.064240226003543e-10,-5.930711905094298e-10,-6.064240233365822e-10,0.9999294746759512,-6.576587452549853e-10,-6.880035196933675e-10,0.9999292359337343,-8.736874535167903e-10,-6.23610323051971e-10,-6.462971212571224e-10,-7.870177421427586e-10,-6.451141336385804e-10,-7.4604890265012e-10,-2.2537898491866194e-06,-2.275880650402695e-06,-6.945060389246109e-10,-1.4354666766314748e-09,0.9999294823664737,-7.344444862493687e-10,-6.212334830879322e-10,-6.064240227192659e-10,0.9999294279689244,-5.930711906279096e-10,-6.505242202647221e-10,0.9999294616181731,-6.056001204535561e-10,-2.0004103770487342e-06,-6.069924953137608e-10,-6.576587453053948e-10,-6.056001200728808e-10,0.999929476106389,0.9999295332684235,-6.077609518175708e-10,-6.825055096956716e-10,-6.212334832212021e-10,-2.6256151436348896e-06,0.9999288626892222,-1.2232962454416344e-09,-9.358259790353653e-10,0.9999295512257387
-1.1883050882759762e-05,7.72725329592548e-16,-6.887999681175027e-10,1.7887899982343768e-12,-6.887999720628601e-10,-2.9518304363296395e-07,-6.887999826490802e-10,7.998275294426888e-16,1.4558499964056446e-15,1.7714463147043925e-12,-6.887999478240449e-10,9.804826583530853e-16,1.375755852609036e-15,8.370965986374127e-16,1.7845285279725323e-12,1.7714463152840042e-12,1.5438577388359122e-12,8.333473774682742e-16,-6.887998985526368e-10,7.762687684028743e-16,-6.887999825324742e-10,-6.888001025404708e-10,8.365847324170363e-16,1.5484770920971025e-12,7.783989849842896e-16,7.591688822556699e-16,7.783989849842896e-16,-6.888000707561658e-10,8.529352908656557e-16,1.787239783221932e-12,-6.887999731230919e-10,1.1272184173368189e-15,8.034635627982304e-16,8.366182835480789e-16,1.0137627987179226e-15,1.662348936459347e-12,1.9392300721223e-12,1.4682784675513583e-15,1.4837313724036682e-15,1.8063951399390764e-12,1.855002365559686e-15,-6.888000762408377e-10,1.905964407077659e-12,7.998404947993927e-16,7.783989849842896e-16,-6.888000534452522e-10,7.591933648967626e-16,8.357380815952799e-16,-6.888000660771853e-10,7.774863332551131e-16,1.3016191474036627e-15,1.5517335503203836e-12,8.530938975716553e-16,7.774863332551131e-16,-6.888000737381273e-10,-6.888000972619903e-10,7.809100147780331e-16,1.7714463144613787e-12,7.999943491221995e-16,1.7148663069092109e-15,-1.3715444699255296e-06,1.5766819266662086e-15,1.2023198304416237e-15,-6.888001026483195e-10
0.9999634542091929,-6.023223143028214e-10,0.9999292327098935,-6.885441037165075e-10,0.9999292407791815,-6.887999826490802e-10,0.999928953265959,-6.212334944647312e-10,-1.123752460727987e-09,-6.825055201542615e-10,0.9999291859590697,-1.5217698573552704e-06,-2.12769580508542e-06,-6.466652791373473e-10,-6.867257068678711e-10,-6.825055203716965e-10,-6.041684814622143e-10,-6.492442304561327e-10,0.9999290482482227,-6.050309384664991e-10,0.9999292484488972,0.9999295588954764,-6.46297132536489e-10,-6.058896817981073e-10,-6.064240332573172e-10,-5.930712012396519e-10,-6.064240341478949e-10,0.9999294823456841,-6.576587558728169e-10,-6.880035303895584e-10,0.999929243603451,-1.7396944568410985e-06,-6.236103337899817e-10,-6.46297131862759e-10,-1.567116934113339e-06,-6.45114144381278e-10,-7.460489140186158e-10,-1.1318700092486975e-09,-1.1429641732433881e-09,-6.945060495931313e-10,-2.858314389822548e-06,0.9999294900362071,-7.344444976023934e-10,-6.212334937680066e-10,-6.064240335042836e-10,0.9999294356386532,-5.930712014589007e-10,-6.505242317343664e-10,0.9999294692879053,-6.056001313106757e-10,-1.0046209553231772e-09,-6.069925060464327e-10,-6.576587560600446e-10,-6.056001308340189e-10,0.999929483776122,0.9999295409381613,-6.077609627575919e-10,-6.82505520257825e-10,-6.212334939419631e-10,-1.318603433892811e-09,0.9999288703589142,-2.4358386856594665e-06,-1.8634252593684054e-06,0.9999295588954766
-1.1748506098654286e-05,6.845563546161733e-16,-6.212334805054496e-10,7.993695598197441e-16,-6.212334836480763e-10,7.998275294426888e-16,-6.212334944647312e-10,-2.9518342067991164e-07,1.2936343265657569e-15,7.918430865408254e-16,-6.212334648535222e-10,8.690851113069184e-16,1.2198290975949953e-15,7.43909627427428e-16,7.977604243834531e-16,7.918430865408254e-16,6.873312025667541e-16,7.38737520649991e-16,-6.212334304805396e-10,6.880313859337208e-16,-6.212334943185526e-10,-6.21233582032347e-10,7.427390575584175e-16,6.891478605887188e-16,6.893721456188489e-16,6.724023191479978e-16,6.89672755387416e-16,-6.212335579484664e-10,7.580155063953611e-16,7.987880845043553e-16,-6.212334845314065e-10,9.994571728506587e-16,1.4189620270155998e-12,7.428468072072137e-16,8.994028073849828e-16,7.416173342016413e-16,8.667886911771344e-16,1.3042901239020832e-15,1.3188019916341404e-15,8.076344998007264e-16,1.6471341273828307e-15,-6.212335627636136e-10,8.514775718357328e-16,1.4126852102209835e-12,6.893721456188489e-16,-6.212335453378111e-10,6.724023191479978e-16,7.408140877091523e-16,-6.21233554577072e-10,6.885155216237155e-16,1.1562004963485272e-15,6.907955984649882e-16,7.580155063953611e-16,6.888245667055668e-16,-6.212335612638667e-10,-6.212335785050586e-10,6.919644007730482e-16,7.915250118844809e-16,1.4126852107823507e-12,1.525087729906771e-15,-1.2370055378128035e-06,1.3989349277281085e-15,1.0657211461305644e-15,-6.212335818879804e-10
-1.2749172619485317e-05,1.2490280389262651e-15,-2.2376261020127063e-06,1.4555404177991435e-15,-2.237626113680851e-06,1.4558499964056446e-15,-1.123752460727987e-09,1.2936343265657569e-15,-2.951801429990277e-07,1.441014649378046e-15,-2.23762604105366e-06,1.5847288950652495e-15,2.224584292027641e-15,1.3543580138361185e-15,1.452023633236599e-15,1.441027269466447e-15,1.253456704639737e-15,1.3470172064304873e-15,-2.2376259002560686e-06,1.2549539823961706e-15,-1.123752460768227e-09,-1.1237526369200328e-09,1.3537011756994351e-15,1.256721086450226e-15,1.2581014427583906e-15,1.2261635229041569e-15,1.2581141694932104e-15,-1.1237525891453427e-09,1.3808162447061693e-15,1.4541101714504595e-15,-2.2376261170000895e-06,1.8225985723935443e-15,1.2987809271345825e-15,1.3536484667566158e-15,1.639592861777771e-15,1.350932872923555e-15,1.5778704092179545e-15,4.731540659143019e-12,4.782879875253688e-12,1.469756110625972e-15,3.0012429218148795e-15,-1.1237525977772364e-09,1.550467779922821e-15,1.2935832334728617e-15,1.2581141694932104e-15,-1.1237525635534873e-09,1.2263875747332858e-15,1.3512990718537206e-15,-1.1237525822346463e-09,1.256378791020758e-15,4.1945216448042014e-12,1.2593904262474656e-15,1.3807199957153265e-15,1.2563900692754438e-15,-1.123752594470373e-09,-2.237626485310767e-06,1.2619702973291795e-15,1.441027269466447e-15,1.2938431656275988e-15,5.529215939990923e-12,-2.237625641237309e-06,2.5501718550814e-15,1.9436114091908454e-15,-1.1237526369200328e-09
-1.1870516749191726e-05,7.649028759337316e-16,-6.825055057630169e-10,1.7707135193453784e-12,-6.825055094865406e-10,1.7714463147043925e-12,-6.825055201542615e-10,7.918430865408254e-16,1.441014649378046e-15,-2.9518307997826696e-07,-6.825054859976431e-10,9.703494716618138e-16,1.3613328541557812e-15,8.28454588027512e-16,1.7665041534998332e-12,1.7535132344969764e-12,7.676156856817701e-16,8.247428568955926e-16,-6.825054377857976e-10,7.683547874683444e-16,-6.825055202306056e-10,-6.825056376383706e-10,8.279673538959638e-16,7.696507473492753e-16,7.705235968882824e-16,7.510132858848774e-16,7.70305597042996e-16,-6.825056062553958e-10,8.442874463774347e-16,1.76917616377734e-12,-6.825055106435835e-10,1.1150445336868255e-15,7.951685541337802e-16,8.279387186882923e-16,1.003539764231297e-15,8.263226391330179e-16,1.9196533245725565e-12,1.4528963990442781e-15,1.4686523966681735e-15,1.7881815429528405e-12,1.836169921246968e-15,-6.8250561157456e-10,1.8866638289522655e-12,7.918430865408254e-16,7.70305597042996e-16,-6.825055893035167e-10,7.510132858848774e-16,8.271685027051182e-16,-6.825056016834744e-10,7.690826484642156e-16,1.288309631675072e-15,7.713134847655656e-16,8.445207309731482e-16,7.690826484642156e-16,-6.825056093121508e-10,-6.825056320614451e-10,7.726161062837123e-16,1.75351323367743e-12,7.915250118844809e-16,1.697390272869437e-15,-1.3590108855616597e-06,1.5605066553723281e-15,1.1896647087350192e-15,-6.825056375498209e-10
0.9999633917162343,-6.023222861369695e-10,0.9999291702200668,-6.885440689344931e-10,0.9999291782893563,-6.887999478240449e-10,0.9999291859590697,-6.212334648535222e-10,-2.23762604105366e-06,-6.825054859976431e-10,0.9999288282863028,-7.642440813494043e-10,-1.0685445739729603e-09,-6.466652477792953e-10,-6.86725672251939e-10,-6.825054860240106e-10,-6.041684531486017e-10,-6.492442000279821e-10,0.9999289857583894,-6.050309103041042e-10,0.9999291859590693,0.9999294964056606,-6.462971011982271e-10,-6.058896533926714e-10,-6.064240049605855e-10,-5.930711739110577e-10,-6.064240057259176e-10,0.9999294198558657,-6.576587234494186e-10,-6.880034956585199e-10,0.9999291811136258,-8.73687426599565e-10,-6.236103040699927e-10,-6.46297100610106e-10,-7.870177183891974e-10,-6.451141129874253e-10,-1.4855393257454873e-06,-2.253789775154822e-06,-2.2758805748834957e-06,-6.945060143923865e-10,-2.858314251816624e-06,0.999929427546388,-1.4624325077515902e-06,-6.212334642146322e-10,-6.06424005064113e-10,0.9999293731488333,-5.930711739699812e-10,-6.505242010043734e-10,0.9999294067980857,-6.056001029242792e-10,-2.00041031211998e-06,-6.069924775304086e-10,-6.576587236306675e-10,-6.056001025268906e-10,0.9999294212863039,0.9999294784483458,-6.077609340673699e-10,-6.825054859702243e-10,-6.212334645176421e-10,-2.625615054769995e-06,0.9999288078690786,-2.435838569468735e-06,-9.358259516794825e-10,0.999929496405661
-1.2033283541771527e-05,8.379390667204221e-16,-7.642440996545949e-10,9.79961735827255e-16,-7.642441032279883e-10,9.804826583530853e-16,-1.5217698573552704e-06,8.690851113069184e-16,1.5847288950652495e-15,9.703494716618138e-16,-7.642440813494043e-10,-2.9518271616555236e-07,1.4940484266412028e-15,9.106940209425161e-16,9.777084087167392e-16,9.704256486946563e-16,8.409400665159736e-16,9.043704628141809e-16,-1.5217697088600377e-06,8.42451214484919e-16,-1.5217698573552679e-06,-7.642442174738568e-10,9.101947801710211e-16,8.435113646633602e-16,8.443263277187887e-16,8.225149535282017e-16,8.444390290085236e-16,-7.642441894565667e-10,9.288332464050066e-16,9.791699031570489e-16,-7.642441042662467e-10,1.2245242425512407e-15,8.730901103353815e-16,9.098639781263128e-16,1.1015503141256118e-15,9.079891040742482e-16,1.0627879277005052e-15,1.5985332657129855e-15,1.6158757088800318e-15,9.902492669117636e-16,2.017462312730439e-15,-7.642441958777868e-10,1.0439570308833783e-15,8.690851113069184e-16,8.444390290085236e-16,-7.642441751671385e-10,8.221949899728807e-16,9.069644098185597e-16,-7.642441856696792e-10,8.432129328812365e-16,1.4164525790083022e-15,8.451226204537798e-16,9.287351682158596e-16,8.432894812784755e-16,-7.642441935168286e-10,-7.64244213889513e-10,8.468726962061087e-16,9.704256486946563e-16,8.689789308722939e-16,1.868649379836012e-15,-1.5217695478988967e-06,3.4113111906607644e-12,2.598346432957638e-12,-7.64244217601781e-10
-1.2639237528481768e-05,1.1776282280742772e-15,-1.0685446011577583e-09,1.375350672377833e-15,-2.1276957683112993e-06,1.375755852609036e-15,-2.12769580508542e-06,1.2198290975949953e-15,2.224584292027641e-15,1.3613328541557812e-15,-1.0685445739729603e-09,1.4940484266412028e-15,-2.95180654382832e-07,1.278682083552302e-15,1.372160754816247e-15,1.361476115188145e-15,1.1814454738443402e-15,1.2701109151486256e-15,-2.1276955865556657e-06,1.1833601628406965e-15,-2.1276958050854198e-06,-1.0685447754115407e-09,1.2774957638255967e-15,1.1850025978144475e-15,1.186382729659324e-15,1.1560742680061831e-15,1.1860219545727373e-15,-1.0685447338692272e-09,1.3036359144943464e-15,1.3739224807543512e-15,-2.1276957711730564e-06,3.4242050651768162e-12,1.2255362120545031e-15,1.2777850896345964e-15,3.0800444648911417e-12,1.2749774649571831e-15,1.4911334492411385e-15,2.243877732598824e-15,2.2686250531482398e-15,1.3892621958436927e-15,5.640308248495944e-12,-2.12769603867165e-06,1.464786153411409e-15,1.2199188112569036e-15,1.1864022421983174e-15,-1.0685447121906845e-09,1.1560742680061831e-15,1.274327736831735e-15,-1.0685447280644518e-09,1.1840056683331186e-15,1.9885289045041246e-15,1.187891750477788e-15,1.3038525498840513e-15,1.1840056683331186e-15,-1.0685447392624485e-09,-1.0685447690270109e-09,1.1903962035060403e-15,1.3613328541557812e-15,1.2198290975949953e-15,2.6227663702878542e-15,-2.127695353832199e-06,2.4056436137149818e-15,1.833128445120938e-15,-1.0685447754115407e-09
-1.1799148281328719e-05,7.18305208079207e-16,-6.466652650832947e-10,8.368000716358652e-16,-6.466652684788301e-10,8.370965986374127e-16,-6.466652791373473e-10,7.43909627427428e-16,1.3543580138361185e-15,8.28454588027512e-16,-6.466652477792953e-10,9.106940209425161e-16,1.278682083552302e-15,-2.95183280993378e-07,8.345886538055567e-16,8.285114687222174e-16,7.201774056857887e-16,7.742811303459608e-16,-6.466652076990254e-10,7.213181198201749e-16,-6.466652791943843e-10,-6.466653790261832e-10,1.5494424625843586e-12,7.224035530655865e-16,7.233117472042519e-16,7.051456300717152e-16,7.232766662365479e-16,-6.466653518423469e-10,1.580538715548355e-12,8.361238007296023e-16,-6.466652693823703e-10,1.0475811967024302e-15,7.466816278355902e-16,1.5494424616060675e-12,9.42530421508708e-16,1.5462937797427132e-12,1.806350282766412e-12,1.3658655936703087e-15,1.3809303545895224e-15,8.451835974879908e-16,1.7253868953452296e-15,-6.466653569072948e-10,8.913609258778395e-16,7.43909627427428e-16,7.23325821269141e-16,-6.46665337292492e-10,7.051456300717152e-16,7.767922857884879e-16,-6.466653481950813e-10,7.22136024221876e-16,1.2112515149382204e-15,7.242481238709321e-16,1.5805387159906112e-12,7.22136024221876e-16,-6.466653549334329e-10,-6.466653746710772e-10,7.253337967747781e-16,8.284674664949043e-16,7.438155377114892e-16,1.5961761409065662e-15,-1.28764551143176e-06,1.465660971145615e-15,1.117095109607123e-15,-6.466653789334456e-10
-1.1878920365562958e-05,7.702431395442195e-16,-6.867256924247863e-10,1.7837920787033926e-12,-6.867256961580749e-10,1.7845285279725323e-12,-6.867257068678711e-10,7.977604243834531e-16,1.452023633236599e-15,1.7665041534998332e-12,-6.86725672251939e-10,9.777084087167392e-16,1.372160754816247e-15,8.345886538055567e-16,-2.9518305792518804e-07,1.7665041540780466e-12,7.731258631292234e-16,8.313049016050931e-16,-6.867256227623556e-10,7.742589980066789e-16,-6.867257067542091e-10,-6.867258270509805e-10,8.339477243369537e-16,7.755621686456933e-16,7.762217581968537e-16,7.570234913086197e-16,7.762276139939094e-16,-6.867257949276443e-10,1.6938417065647404e-12,1.7822468379090493e-12,-6.867256975141771e-10,1.1236720158453652e-15,8.013148042637904e-16,8.339546877187392e-16,1.0111192238449979e-15,8.326108939688301e-16,1.9338072181966376e-12,1.4639326267840563e-15,2.946272309039116e-12,1.801338696456867e-12,1.8500906271021715e-15,-6.867258005763248e-10,1.900648243108672e-12,7.9776868747242545e-16,7.763097264981671e-16,-6.867257774907417e-10,7.572820112541649e-16,8.334704321649496e-16,-6.867257905599946e-10,7.752378837041e-16,1.2981479652096252e-15,7.770274135729352e-16,1.6938417070196643e-12,7.751424802899245e-16,-6.867257980694001e-10,-6.86725821413117e-10,7.785787128993872e-16,1.7665041532601938e-12,7.976391558405931e-16,3.405123630832634e-12,-1.3674141532437147e-06,1.5723688275205054e-15,1.1990867638348922e-15,-6.867258270521871e-10
-1.1870516749190902e-05,7.646318006406273e-16,-6.825055060134989e-10,1.7707135199246306e-12,-6.825055096776686e-10,1.7714463152840042e-12,-6.825055203716965e-10,7.918430865408254e-16,1.441027269466447e-15,1.7535132344969764e-12,-6.825054860240106e-10,9.704256486946563e-16,1.361476115188145e-15,8.285114687222174e-16,1.7665041540780466e-12,-2.9518307997826696e-07,7.677446755124792e-16,8.247428568955926e-16,-6.825054379486315e-10,7.682597077251065e-16,-6.82505520390155e-10,-6.825056376541316e-10,8.279256704232109e-16,7.696754341697503e-16,7.703430067834251e-16,7.510207532989039e-16,7.703430067834251e-16,-6.825056064604963e-10,8.442874463774347e-16,1.7691761643558717e-12,-6.825055109380676e-10,1.1151098718550614e-15,7.948318293521918e-16,8.279051131927902e-16,1.003539764231297e-15,8.262701889275527e-16,1.9196533252024477e-12,1.4528712156700514e-15,1.468662947300093e-15,1.7881815435407817e-12,1.835866416818672e-15,-6.825056118208434e-10,1.8866638295667254e-12,7.918430865408254e-16,7.70305597042996e-16,-6.825055892779559e-10,7.510446397159816e-16,8.270813882972925e-16,-6.825056019093728e-10,7.690384006080704e-16,1.288343934770087e-15,7.713268437651478e-16,8.443099977930187e-16,7.689504596374793e-16,-6.825056094665583e-10,-6.825056323786241e-10,7.72662932994042e-16,1.7535132342486128e-12,7.917342530288347e-16,1.6972683660199336e-15,-1.3590108860330012e-06,1.560509158379147e-15,1.1896647087350192e-15,-6.82505637686014e-10
-1.1714524618090938e-05,1.3196964010383529e-12,-6.041684679035809e-10,7.749741630600041e-16,-6.041684707008151e-10,1.5438577388359122e-12,-6.041684814622143e-10,6.873312025667541e-16,1.253456704639737e-15,7.676156856817701e-16,-6.041684531486017e-10,8.409400665159736e-16,1.1814454738443402e-15,7.201774056857887e-16,7.731258631292234e-16,7.677446755124792e-16,-2.9518350794324275e-07,7.151292025624649e-16,-6.041684222717991e-10,6.661650465048253e-16,-6.041684814480878e-10,-6.041685614763345e-10,7.201334641894807e-16,6.671112878911837e-16,6.676835219547938e-16,6.509635220905236e-16,6.678308387790616e-16,-6.041685392567262e-10,7.345663237085219e-16,7.742638446966332e-16,-6.041684714824819e-10,9.683956015893217e-16,6.89890006497611e-16,7.200339902412557e-16,8.709584395448291e-16,7.182382177195897e-16,1.6732830639650446e-12,1.264063001779888e-15,1.2776155045324099e-15,1.5589959903433154e-12,1.5953268097437062e-15,-6.041685439114175e-10,8.254715901028809e-16,6.873312025667541e-16,6.676835219547938e-16,-6.041685277010085e-10,6.50644609201978e-16,7.174394419784482e-16,-6.041685361280512e-10,6.667644103754164e-16,1.1204708465797495e-15,6.680787986508329e-16,7.344930273665272e-16,6.667644103754164e-16,-6.041685423688717e-10,-6.041685584336966e-10,6.696557066181203e-16,7.676156856817701e-16,6.873312025667541e-16,1.4776776998579356e-15,-1.2030255458478628e-06,1.3545876041077516e-15,1.0319991027043497e-15,-6.041685613864292e-10
-1.18042840247496e-05,7.128141731758106e-16,-6.4924421582721e-10,8.332226992701203e-16,-6.492442187548828e-10,8.333473774682742e-16,-6.492442304561327e-10,7.38737520649991e-16,1.3470172064304873e-15,8.247428568955926e-16,-6.492442000279821e-10,9.043704628141809e-16,1.2701109151486256e-15,7.742811303459608e-16,8.313049016050931e-16,8.247428568955926e-16,7.151292025624649e-16,-2.9518330620079874e-07,-6.492441665032654e-10,7.161505627776322e-16,-6.49244230261296e-10,-6.492443170565087e-10,7.738092947267249e-16,7.172127188190591e-16,7.18175717921948e-16,6.998201476187497e-16,7.18175717921948e-16,-6.492442928712989e-10,7.896114977173056e-16,8.32446068260075e-16,-6.492442198401006e-10,1.0408030891856414e-15,7.420413519298228e-16,7.738092947267249e-16,9.366724566891672e-16,7.71892915921031e-16,9.033982646525594e-16,1.3588693873736742e-15,1.3741061590924945e-15,8.417783136888331e-16,1.7149568532899238e-15,-6.492442980337298e-10,8.871816328864828e-16,7.38737520649991e-16,7.183240696002547e-16,-6.492442805829186e-10,6.997093842154078e-16,1.5357447924680003e-12,-6.492442894776607e-10,7.169860742416653e-16,1.2042129702238112e-15,7.185483911409175e-16,7.896114977173056e-16,7.167442686221919e-16,-1.2927811649159838e-06,-6.492443137773981e-10,7.203713378712426e-16,8.247089821460785e-16,7.38737520649991e-16,3.16334029717043e-12,-1.292780768823122e-06,1.4568278072164807e-15,1.1091202804218875e-15,-6.492443167475769e-10
0.9999632539974381,-6.02322255630222e-10,0.999929032509232,-6.885440196175875e-10,0.9999290405785222,-6.887998985526368e-10,0.9999290482482227,-6.212334304805396e-10,-2.2376259002560686e-06,-6.825054377857976e-10,0.9999289857583894,-1.5217697088600377e-06,-2.1276955865556657e-06,-6.466652076990254e-10,-6.867256227623556e-10,-6.825054379486315e-10,-6.041684222717991e-10,-6.492441665032654e-10,0.999928552864563,-6.050308793075128e-10,0.9999290482482234,0.9999293586949476,-6.462970611388915e-10,-6.058896221758453e-10,-6.064239736743745e-10,-5.930711453156549e-10,-6.064239744459959e-10,0.9999292821451248,-6.576586812645089e-10,-6.880034464605594e-10,0.9999290434027917,-1.7396942738062296e-06,-6.236102692267132e-10,-6.462970606215935e-10,-1.5671167718153998e-06,-6.451140733151401e-10,-7.460488223648662e-10,-2.2537896304030096e-06,-2.2758804261708936e-06,-6.945059636299802e-10,-2.8583140808502886e-06,0.9999292898356461,-7.344444091321985e-10,-6.21233429859659e-10,-6.06423973782718e-10,0.9999292354380711,-5.930711454194278e-10,-6.505241668611838e-10,0.9999292690873377,-6.056000717647541e-10,-2.000410186244905e-06,-6.06992446111171e-10,-6.576586813014594e-10,-6.05600071403311e-10,0.9999292835755577,0.9999293407376211,-6.077609020804441e-10,-6.825054379736658e-10,-6.212334300621368e-10,-2.6256148773966304e-06,0.9999286701581142,-2.4358384314819327e-06,-1.8634250735927094e-06,0.9999293586949468
-1.1716242033806443e-05,6.640280937661557e-16,-6.050309247968219e-10,7.75961294283123e-16,-6.050309277647194e-10,7.762687684028743e-16,-6.050309384664991e-10,6.880313859337208e-16,1.2549539823961706e-15,7.683547874683444e-16,-6.050309103041042e-10,8.42451214484919e-16,1.1833601628406965e-15,7.213181198201749e-16,7.742589980066789e-16,7.682597077251065e-16,6.661650465048253e-16,7.161505627776322e-16,-6.050308793075128e-10,-2.9518350321303617e-07,-6.050309385489333e-10,-6.050310187630973e-10,7.206350994073472e-16,1.3302823214988433e-12,6.690396183117591e-16,6.51441708819098e-16,6.689721205200616e-16,-6.050309961307118e-10,7.3524909953194e-16,7.753450012089102e-16,-6.05030928552924e-10,9.696134604187366e-16,6.908756033457136e-16,7.205987650664281e-16,8.7195346554513e-16,7.194812355969118e-16,8.41341795189777e-16,1.2657107495924582e-15,1.2796004536666086e-15,7.843086522576825e-16,1.5974445002250856e-15,-6.050310010262906e-10,8.263443015011144e-16,6.880313859337208e-16,6.689180906188419e-16,-6.050309848753608e-10,6.516794118674853e-16,7.183247648599293e-16,-6.050309933632496e-10,6.677633619410409e-16,1.1216905157988867e-15,6.694512727143451e-16,7.3524909953194e-16,6.671331748961022e-16,-6.050309993600459e-10,-6.05031015444953e-10,1.335914121273874e-12,7.682884430985408e-16,6.880313859337208e-16,1.4796722811157073e-15,-1.2047428782643706e-06,1.3563112867558903e-15,1.033521276617012e-15,-6.050310186042309e-10
0.9999634542091953,-6.023223143679755e-10,0.9999292327098932,-6.885441037345837e-10,0.999929240779181,-6.887999825324742e-10,0.9999292484488972,-6.212334943185526e-10,-1.123752460768227e-09,-6.825055202306056e-10,0.9999291859590693,-1.5217698573552679e-06,-2.1276958050854198e-06,-6.466652791943843e-10,-6.867257067542091e-10,-6.82505520390155e-10,-6.041684814480878e-10,-6.49244230261296e-10,0.9999290482482234,-6.050309385489333e-10,0.9999289532659499,0.9999295588954755,-6.462971323922556e-10,-6.058896816952311e-10,-6.064240333425532e-10,-5.93071201281396e-10,-6.064240341022741e-10,0.9999294823456838,-6.576587560014765e-10,-6.880035302252713e-10,0.9999292436034507,-1.7396944568410974e-06,-6.236103337970403e-10,-6.462971319048375e-10,-1.5671169341133373e-06,-6.451141442719978e-10,-7.460489142195636e-10,-1.1318700090180777e-09,-1.1429641732433881e-09,-6.945060495270162e-10,-2.858314389822546e-06,0.9999294900362062,-7.344444976749117e-10,-6.212334937680066e-10,-6.064240334518786e-10,0.9999294356386529,-5.930712014982489e-10,-6.505242317148225e-10,0.9999294692879045,-6.05600131304445e-10,-1.004620955283752e-09,-6.06992506022162e-10,-6.576587560474876e-10,-6.056001308728813e-10,0.9999294837761211,0.999929540938161,-6.077609627575919e-10,-6.825055204046058e-10,-6.212334939467222e-10,-1.3186034340139028e-09,0.9999288703589131,-2.4358386856594644e-06,-1.8634252593684037e-06,0.9999295588954749
0.9999637646733588,-6.023223934731346e-10,0.9999295431564549,-6.885442236282111e-10,0.9999295512257378,-6.888001025404708e-10,0.9999295588954764,-6.21233582032347e-10,-1.1237526369200328e-09,-6.825056376383706e-10,0.9999294964056606,-7.642442174738568e-10,-1.0685447754115407e-09,-6.466653790261832e-10,-6.867258270509805e-10,-6.825056376541316e-10,-6.041685614763345e-10,-6.492443170565087e-10,0.9999293586949476,-6.050310187630973e-10,0.9999295588954755,0.9999295741587881,-6.462972324041442e-10,-6.058897621795759e-10,-6.064241138853127e-10,-5.930712759359708e-10,-6.064241147968047e-10,0.999929792792055,-6.576588607442498e-10,-6.880036501587288e-10,0.9999295540500055,-8.736875951002365e-10,-6.236104224590532e-10,-6.462972316698651e-10,-7.870178676520469e-10,-6.451142432541982e-10,-7.460490453645559e-10,-1.1318701892155453e-09,-1.1429643576736293e-09,-6.945061727558684e-10,-1.4354669161935468e-09,0.999929800482582,-7.344446237218105e-10,-6.212335815292752e-10,-6.064241142169777e-10,0.9999297460850666,-5.930712759974275e-10,-6.505243200407177e-10,0.9999297797342884,-6.056002114897882e-10,-1.0046211125924897e-09,-6.06992587098604e-10,-6.57658860622706e-10,-6.056002111676109e-10,0.9999297942225025,0.9999298513844967,-6.077610446824488e-10,-6.825056375735981e-10,-6.212335817764628e-10,-1.3186036530489587e-09,0.999929180805729,-1.2232964423853208e-09,-9.358261222753004e-10,0.9999298693417921
-1.179841518782194e-05,7.1743842056860085e-16,-6.462971185445802e-10,8.356897723571177e-16,-6.462971218404348e-10,8.365847324170363e-16,-6.46297132536489e-10,7.427390575584175e-16,1.3537011756994351e-15,8.279673538959638e-16,-6.462971011982271e-10,9.101947801710211e-16,1.2774957638255967e-15,1.5494424625843586e-12,8.339477243369537e-16,8.279256704232109e-16,7.201334641894807e-16,7.738092947267249e-16,-6.462970611388915e-10,7.206350994073472e-16,-6.462971323922556e-10,-6.462972324041442e-10,-2.9518328606781963e-07,7.220202468923295e-16,7.226872110601823e-16,7.045323101466231e-16,7.224584073029153e-16,-6.462972051342477e-10,1.5794907717176512e-12,8.351773823690291e-16,-6.462971228128481e-10,1.0471864974790532e-15,7.45957135107104e-16,1.5484095895962667e-12,9.417497595724682e-16,1.5452625489975002e-12,9.064440835911053e-16,1.3650325963553251e-15,1.3798942349570487e-15,8.445891228777891e-16,1.7241115427626813e-15,-6.462972101363698e-10,8.907600263128644e-16,7.430361100087568e-16,7.229354301490682e-16,-6.462971906892396e-10,7.045323101466231e-16,7.762616266691784e-16,-6.46297201197534e-10,7.218092035863277e-16,1.2098650267998885e-15,7.237747152816874e-16,1.5794907721597982e-12,7.218961224029978e-16,-6.462972082436308e-10,-6.462972277956172e-10,7.2463145096025e-16,8.279257513460094e-16,7.430098883908254e-16,1.5952239084120062e-15,-1.2869124549367867e-06,1.4649138589353236e-15,1.1163870932288244e-15,-6.462972321297092e-10
-1.1717952040759495e-05,6.645291507788568e-16,-6.058896679850595e-10,7.772566941570338e-16,-6.058896710788706e-10,1.5484770920971025e-12,-6.058896817981073e-10,6.891478605887188e-16,1.256721086450226e-15,7.696507473492753e-16,-6.058896533926714e-10,8.435113646633602e-16,1.1850025978144475e-15,7.224035530655865e-16,7.755621686456933e-16,7.696754341697503e-16,6.671112878911837e-16,7.172127188190591e-16,-6.058896221758453e-10,1.3302823214988433e-12,-6.058896816952311e-10,-6.058897621795759e-10,7.220202468923295e-16,-2.95183502322391e-07,6.700288891391614e-16,6.528080656074966e-16,6.700529862386999e-16,-6.058897395967484e-10,7.36555695572558e-16,7.765066986985057e-16,-6.058896717211618e-10,9.71496236914965e-16,6.921494056917945e-16,7.221351145461006e-16,8.734683604541138e-16,7.206641735163853e-16,8.427379515330163e-16,1.2677340836861092e-15,1.2820219166131712e-15,7.85161361605879e-16,1.6000674274335892e-15,-6.058897443934035e-10,8.279890238169792e-16,6.894463721123713e-16,6.697669494761778e-16,-6.058897281563759e-10,6.53034752060398e-16,7.195630191099406e-16,-6.058897366523099e-10,6.687460472455154e-16,1.1237613086720784e-15,6.705766165449752e-16,7.366136028432098e-16,6.688164119194418e-16,-6.058897428884055e-10,-6.058897590417319e-10,1.3382011678255242e-12,7.696754341697503e-16,6.891552548309662e-16,1.482237586078406e-15,-1.2064528143354299e-06,1.3591615946432198e-15,1.0348715127283197e-15,-6.058897621270765e-10
-1.1719016090107593e-05,6.656803650997883e-16,-6.064240196617999e-10,7.780255426466654e-16,-6.064240226003543e-10,7.783989849842896e-16,-6.064240332573172e-10,6.893721456188489e-16,1.2581014427583906e-15,7.705235968882824e-16,-6.064240049605855e-10,8.443263277187887e-16,1.186382729659324e-15,7.233117472042519e-16,7.762217581968537e-16,7.703430067834251e-16,6.676835219547938e-16,7.18175717921948e-16,-6.064239736743745e-10,6.690396183117591e-16,-6.064240333425532e-10,-6.064241138853127e-10,7.226872110601823e-16,6.700288891391614e-16,-2.9518349826851697e-07,6.526953193858089e-16,1.335268567300594e-12,-6.06424091491657e-10,7.375030266610795e-16,7.774303836573659e-16,-6.064240233446548e-10,9.724103539567507e-16,6.928221847921463e-16,7.229354301490682e-16,8.750287722613561e-16,7.212443780651447e-16,8.438212319174075e-16,1.2688557912763843e-15,1.2831162358628035e-15,7.860986936412554e-16,1.6017104069855352e-15,-6.064240961338619e-10,8.288634419317181e-16,6.90223748160016e-16,1.3352685669522068e-12,-6.064240798354763e-10,6.529260683776263e-16,7.203212286542153e-16,-6.064240884579608e-10,6.69766391353939e-16,1.124907009350083e-15,6.714058139701542e-16,7.375030266610795e-16,6.69766391353939e-16,-6.064240945197925e-10,-6.064241110385117e-10,6.725817975982307e-16,7.70305597042996e-16,6.893721456188489e-16,1.4836647075152054e-15,-1.2075168197234163e-06,1.3601180029484383e-15,1.0363195865740798e-15,-6.064241137332313e-10
-1.169242665610927e-05,6.489010830690068e-16,-5.930711878238772e-10,7.58718828272566e-16,-5.930711905094298e-10,7.591688822556699e-16,-5.930712012396519e-10,6.724023191479978e-16,1.2261635229041569e-15,7.510132858848774e-16,-5.930711739110577e-10,8.225149535282017e-16,1.1560742680061831e-15,7.051456300717152e-16,7.570234913086197e-16,7.510207532989039e-16,6.509635220905236e-16,6.998201476187497e-16,-5.930711453156549e-10,6.51441708819098e-16,-5.93071201281396e-10,-5.930712759359708e-10,7.045323101466231e-16,6.528080656074966e-16,6.526953193858089e-16,-2.951835650317171e-07,6.531697105632266e-16,-5.930712547323658e-10,7.189218864143674e-16,7.581368665994035e-16,-5.930711912811937e-10,9.479391596051352e-16,6.754887471985064e-16,7.045298836991234e-16,8.51766613314199e-16,7.028540671671735e-16,8.226986136853274e-16,1.2370806277179635e-15,1.2505639130671453e-15,7.664727412354538e-16,1.561115060532388e-15,-5.930712596537757e-10,8.081837161764527e-16,6.721099532606711e-16,6.531922574836757e-16,-5.930712442272411e-10,1.2672484271134848e-12,7.022845503662756e-16,-5.930712521569322e-10,6.52187905894669e-16,1.0963604467277888e-15,6.542702392992564e-16,7.19183973917514e-16,6.520880364028478e-16,-5.930712583015421e-10,-5.930712731500344e-10,6.554580869486338e-16,7.510446397159816e-16,6.721099532606711e-16,1.446606007140478e-15,-1.1809285526245235e-06,1.3259217494640938e-15,1.0098940342691389e-15,-5.930712759359708e-10
-1.1719016089793818e-05,6.656803650997883e-16,-6.064240204043521e-10,7.778151324307785e-16,-6.064240233365822e-10,7.783989849842896e-16,-6.064240341478949e-10,6.89672755387416e-16,1.2581141694932104e-15,7.70305597042996e-16,-6.064240057259176e-10,8.444390290085236e-16,1.1860219545727373e-15,7.232766662365479e-16,7.762276139939094e-16,7.703430067834251e-16,6.678308387790616e-16,7.18175717921948e-16,-6.064239744459959e-10,6.689721205200616e-16,-6.064240341022741e-10,-6.064241147968047e-10,7.224584073029153e-16,6.700529862386999e-16,1.335268567300594e-12,6.531697105632266e-16,-2.9518349826851697e-07,-6.064240921950157e-10,7.375030266610795e-16,7.772967575766979e-16,-6.064240240691157e-10,9.722489994658488e-16,6.928221847921463e-16,7.230522061123474e-16,8.74506567760437e-16,7.212443780612581e-16,8.438070066459699e-16,1.2689932796292067e-15,1.2828666069187587e-15,7.860986933900185e-16,1.6017104069855352e-15,-6.064240971293994e-10,8.287860991343495e-16,6.893721456188489e-16,1.3352685675748585e-12,-6.064240806799846e-10,6.533043985555866e-16,7.203212286542153e-16,-6.064240892019257e-10,6.69766391353939e-16,1.1247381703315507e-15,6.714348334157285e-16,7.373341481676953e-16,6.69766391353939e-16,-6.06424095304184e-10,-6.064241116152636e-10,6.729767880460464e-16,7.702602258649604e-16,6.900474801593851e-16,1.4838334815497216e-15,-1.2075168212169874e-06,1.360112442544513e-15,1.0363195865740798e-15,-6.064241148945434e-10
