0.9999999803810784,-1.3436045696571323e-06,-1.6049860455856076e-06,1.0000044910533197,-1.0933427761273363e-06,0.5000032330497582,1.000004491053321,-1.5495631409186073e-06,-1.3502549838448687e-06,-1.1338926859345561e-06,-1.3896661900238325e-06,-1.4806324856772692e-06,1.0000080561204698,-1.1487105616340958e-06,-1.2768800818122007e-06,-1.2768800817699261e-06,1.0000044910533226,-1.4553357319274674e-06,0.5000032330497541,-1.3030288618638212e-06,1.0000047205547822,-1.2768800817699238e-06,-1.3502549832837582e-06,-1.0441630493440241e-06,-1.5148681376844315e-06,-1.4806324848605287e-06,-1.4806324848604793e-06,-1.0441630493408533e-06,-1.419547305736373e-06,-1.5495631409186234e-06,-1.480168835825322e-06,-1.261075693131341e-06,-1.2557559075896895e-06,-1.3436045721127807e-06,1.0000044910533192
-1.3436045696571323e-06,-6.158285781760246e-06,-1.2762471338422329e-12,2.778933260455567e-10,-1.0697059110685149e-10,1.2970353227232605e-10,2.778933262045172e-10,-4.9529721668277905e-12,-3.301603902693018e-11,-1.0490439887898846e-10,1.1094099773245888e-12,7.61703444658669e-12,1.6543259941568454e-07,-1.1239723504676588e-10,-6.622876595288471e-11,-6.62287659552239e-11,2.77893325970621e-10,-1.401643955967583e-13,1.2970353146747852e-10,-6.533246824453887e-11,2.7468548825342207e-10,-6.622876595037714e-11,-3.301603902693018e-11,-1.0042674469932379e-10,-1.4622342288208595e-12,7.61703419426984e-12,7.61703419426984e-12,-1.0042674451517379e-10,-3.9480294216764325e-11,-4.952972223150404e-12,-1.1771810376430935e-08,-1.1644144206487325e-07,-1.1907866426758e-07,-1.3587866852850367e-07,2.778933261951112e-10
-1.6049860455856076e-06,-1.2762471338422329e-12,-6.022459169447036e-06,-4.475474915609114e-11,-3.95140391841533e-09,-2.2549721215807967e-11,-4.4754748790999824e-11,-9.262260637104267e-14,-6.152002415062949e-13,-3.875104037419644e-09,2.021184586496156e-14,1.4147498596874745e-13,-9.594955926162391e-08,-2.093453771598797e-12,-1.2336969995138605e-12,-1.2336969995138605e-12,-4.475474925820318e-11,-2.9806470028112788e-15,-2.2549721346135084e-11,-1.2170091947719443e-12,-4.481455692022634e-11,-1.2336972011574746e-12,-6.152003542401917e-13,-1.8705169656557327e-12,-5.475785050305964e-11,1.4147470948920072e-13,1.4147498596874745e-13,-1.8705169248988124e-12,-7.355909286295894e-13,-9.262260637104267e-14,-1.1091148878633805e-13,-1.0937204613147923e-12,-1.1184823320001981e-12,-1.2762471675601162e-12,-4.475474933008823e-11
1.0000044910533197,2.778933260455567e-10,-4.475474915609114e-11,1.0000233627368436,5.132430065761221e-10,0.5000164866931337,1.0000293851429758,-6.373016747905442e-12,1.7377993484451524e-10,4.869320649213473e-10,5.704181619581155e-11,-7.2975385927117e-12,1.0000340451744667,5.007294139619822e-10,3.0505272223552164e-10,3.0505272253328986e-10,1.000029385142975,2.7476688223477182e-11,0.5000164866931317,2.8932387636035547e-10,1.0000296327091043,3.050527222043097e-10,1.7377993417741124e-10,5.194652526606962e-10,1.212182418837761e-12,-7.297538032143868e-12,-7.297538345795768e-12,5.194652526162866e-10,1.571906673202849e-10,-6.373016840429301e-12,3.140606068517979e-11,2.9168606667604535e-10,2.9814294446247566e-10,2.778933263369675e-10,1.000029385142975
-1.0933427761273363e-06,-1.0697059110685149e-10,-3.95140391841533e-09,5.132430065761221e-10,-6.353633723660154e-06,2.421902412822131e-10,5.13243007003059e-10,-7.732930901884499e-12,-5.154833963163546e-11,-3.248346316694251e-07,1.7324214448016372e-12,1.1892850424754884e-11,4.1569769899784606e-07,-3.4803609430177254e-07,-1.0340399980287252e-10,-1.0340399971568776e-10,5.132430068019635e-10,-2.1861110203477984e-13,2.4219024089646314e-10,-1.0200459131034353e-10,5.082346019133532e-10,-1.0340399975175265e-10,-5.1548339472746764e-11,-3.109696466107922e-07,-2.2827794500185285e-12,1.1892850424754884e-11,1.1892850397763481e-11,-3.1096964661079014e-07,-6.164109944063538e-11,-7.732930915607264e-12,-9.267153517294389e-12,-9.166859248177878e-11,-9.374475246794782e-11,-1.0697059110685144e-10,5.13243007003059e-10
0.5000032330497582,1.2970353227232605e-10,-2.2549721215807967e-11,0.5000164866931337,2.421902412822131e-10,0.5000063321338318,0.5000164866931336,-3.85483768216244e-12,8.243578664268116e-11,2.2931348738579183e-10,2.867055410945094e-11,-2.6212080232400343e-12,0.5000187646775776,2.352012805376026e-10,1.4359147298905744e-10,1.435914729044526e-10,0.5000164866931329,1.3719397147032716e-11,2.9855635459847616e-09,1.358479477816733e-10,0.5000166096182751,1.435914730920128e-10,8.243578678569165e-11,2.461842447339381e-10,4.087304826995151e-13,-2.621207214499832e-12,-2.6212078037614078e-12,2.461842442365718e-10,7.32689891212146e-11,-3.8548373922726975e-12,1.4902191905986965e-11,1.3792219869963434e-10,1.4097124452332566e-10,1.2970353260660062e-10,0.5000164866931334
1.000004491053321,2.778933262045172e-10,-4.4754748790999824e-11,1.0000293851429758,5.13243007003059e-10,0.5000164866931336,1.0000233627368422,-6.3730169145975395e-12,1.7377993529168042e-10,4.869320644509958e-10,5.7041816347103105e-11,-7.29753849215405e-12,1.0000340451744667,5.007294139701814e-10,3.0505272232790215e-10,3.0505272253328986e-10,1.0000293851429745,2.7476688223477182e-11,0.500016486693131,2.8932387619672493e-10,1.0000296327091036,3.050527222043097e-10,1.7377993417741124e-10,5.194652522503792e-10,1.2121823973957113e-12,-7.297538032143868e-12,-7.297538874883356e-12,5.194652523082479e-10,1.571906673202849e-10,-6.373016716918317e-12,3.140606068517979e-11,2.9168606600541746e-10,2.9814294447237546e-10,2.778933260247142e-10,1.0000293851429747
-1.5495631409186073e-06,-4.9529721668277905e-12,-9.262260637104267e-14,-6.373016747905442e-12,-7.732930901884499e-12,-3.85483768216244e-12,-6.3730169145975395e-12,-6.023122027298061e-06,-2.386976124735713e-12,-7.583577008664327e-12,7.978129641457253e-14,5.5026977922734e-13,-4.0525435345045896e-08,-1.611434483081958e-08,-4.78783284412536e-12,-4.787832887356869e-12,-6.3730166870586425e-12,-1.0475109554936404e-14,-3.854836885496046e-12,-4.723045287489305e-12,-6.604962699551186e-12,-4.787832887356869e-12,-2.386976521363883e-12,-7.25988523549408e-12,-1.060533119759686e-13,5.502697213161335e-13,5.50270151448317e-13,-7.259885362848743e-12,-2.8542713398248352e-12,-7.10788905522147e-10,-4.294179161638996e-13,-4.244491868783236e-12,-4.340614910799638e-12,-4.952971923517765e-12,-6.373016873221642e-12
-1.3502549838448687e-06,-3.301603902693018e-11,-6.152002415062949e-13,1.7377993484451524e-10,-5.154833963163546e-11,8.243578664268116e-11,1.7377993529168042e-10,-2.386976124735713e-12,-6.053964415514548e-06,-5.055266364190984e-11,5.344050862038971e-13,3.670407045119051e-12,1.5878561220653768e-07,-5.416339899322688e-11,-3.1915224348752414e-11,-3.1915224348752414e-11,1.7377993529168042e-10,-6.77173078575423e-14,8.243578714891631e-11,-3.1483309314923196e-11,1.7223408663427972e-10,-3.1915224876452705e-11,-3.1554123143095545e-08,-4.8394912397229073e-11,-7.048170615408246e-13,3.670407045119051e-12,3.670407045119051e-12,-4.8394912397229073e-11,-3.773209950797758e-08,-2.3869764373950332e-12,-2.8604964673961565e-12,-2.8293162330502062e-11,-2.8933954837038216e-11,-3.301603896849001e-11,1.7377993484451524e-10
-1.1338926859345561e-06,-1.0490439887898846e-10,-3.875104037419644e-09,4.869320649213473e-10,-3.248346316694251e-07,2.2931348738579183e-10,4.869320644509958e-10,-7.583577008664327e-12,-5.055266364190984e-11,-6.340961817335943e-06,1.6989438689088866e-12,1.1663120168734295e-11,3.7514683101938013e-07,-3.4131358350913113e-07,-1.014066996015234e-10,-1.014066995082714e-10,4.869320643609975e-10,-2.144010446244198e-13,2.293134857244898e-10,-1.9839312073063332e-07,4.820203945330346e-10,-1.014066996015234e-10,-5.055266352385642e-11,-3.049630982621915e-07,-2.2386982995819914e-12,1.1663120168734295e-11,1.1663120167395923e-11,-3.0496309826219557e-07,-6.045047512830208e-11,-7.58357723867925e-12,-9.088165408593457e-12,-8.989796880591951e-11,-9.193402665410381e-11,-1.0490439882252396e-10,4.869320645110844e-10
-1.3896661900238325e-06,1.1094099773245888e-12,2.021184586496156e-14,5.704181619581155e-11,1.7324214448016372e-12,2.867055410945094e-11,5.7041816347103105e-11,7.978129641457253e-14,5.344050862038971e-13,1.6989438689088866e-12,-6.022447928534523e-06,-1.2382503117672954e-13,1.1937651216583778e-07,1.82031262022214e-12,1.0724205653918567e-12,1.0724203961574555e-12,5.704181597649423e-11,1.8390558155629567e-15,2.867055403931859e-11,1.0578963670117273e-12,1.132359540636081e-07,1.0724205653918567e-12,5.344046807004698e-13,1.6264286042013836e-12,2.3242323051178376e-14,-1.238251201045088e-13,-1.2382457096621465e-13,1.6264286042013836e-12,6.391013402794309e-13,7.978120186395791e-14,9.571340337229335e-14,9.506699381610116e-13,9.72211603241788e-13,1.1094105057218188e-12,5.704181597649423e-11
-1.4806324856772692e-06,7.61703444658669e-12,1.4147498596874745e-13,-7.2975385927117e-12,1.1892850424754884e-11,-2.6212080232400343e-12,-7.29753849215405e-12,5.5026977922734e-13,3.670407045119051e-12,1.1663120168734295e-11,-1.2382503117672954e-13,-6.024091561808908e-06,2.8408500943315496e-08,1.2496182865286757e-11,7.363068629411265e-12,7.363068787441313e-12,-7.29753845387884e-12,1.519085915163324e-14,-2.621207492885545e-12,7.2634123052470956e-12,-6.940944403957539e-12,7.363068629411265e-12,3.670406914273185e-12,1.1165302142339262e-11,1.6216917700826425e-13,-8.472737122139198e-13,-8.472737122139198e-13,1.116530197440839e-11,4.389101064451038e-12,5.5026977922734e-13,6.595346623091433e-13,6.527391720363724e-12,6.675237226757024e-12,7.617034092654167e-12,-7.29753847875581e-12
1.0000080561204698,1.6543259941568454e-07,-9.594955926162391e-08,1.0000340451744667,4.1569769899784606e-07,0.5000187646775776,1.0000340451744667,-4.0525435345045896e-08,1.5878561220653768e-07,3.7514683101938013e-07,1.1937651216583778e-07,2.8408500943315496e-08,1.0000315879176407,3.603277669957725e-07,2.321592362349939e-07,2.321592361439684e-07,1.0000340451744651,5.370519161886773e-08,0.5000187646775739,2.0600979601181908e-07,1.00003427468173,2.321592365595779e-07,1.5878561042398914e-07,4.6487950848807746e-07,-5.829069544337085e-09,2.8408501902376634e-08,2.8408500963630823e-08,4.6487950838523374e-07,8.949064595327294e-08,-4.052543539655782e-08,2.887076945557999e-08,2.479648465526258e-07,2.5328465120936345e-07,1.6543260036746547e-07,1.0000340451744658
-1.1487105616340958e-06,-1.1239723504676588e-10,-2.093453771598797e-12,5.007294139619822e-10,-3.4803609430177254e-07,2.352012805376026e-10,5.007294139701814e-10,-1.611434483081958e-08,-5.416339899322688e-11,-3.4131358350913113e-07,1.82031262022214e-12,1.2496182865286757e-11,3.603277669957725e-07,-6.388092163493171e-06,-1.0864971188786456e-10,-1.0864971187387725e-10,5.007294141097868e-10,-2.2969733243399666e-13,2.3520127882495115e-10,-1.0717931092253717e-10,4.954669239990562e-10,-1.0864971201681066e-10,-5.416339899322688e-11,-3.2674522797367526e-07,-2.3985798176035044e-12,1.249618255331601e-11,1.249618255331601e-11,-3.2674522797367124e-07,-6.476816401120451e-11,-1.6114344830820768e-08,-9.737274529908795e-12,-9.631896481263882e-11,-1.9535106695613372e-07,-1.1239723456877764e-10,5.007294143153011e-10
-1.2768800818122007e-06,-6.622876595288471e-11,-1.2336969995138605e-12,3.0505272223552164e-10,-1.0340399980287252e-10,1.4359147298905744e-10,3.0505272232790215e-10,-4.78783284412536e-12,-3.1915224348752414e-11,-1.014066996015234e-10,1.0724205653918567e-12,7.363068629411265e-12,2.321592362349939e-07,-1.0864971188786456e-10,-6.149376234280194e-06,-1.2696884952788603e-07,3.0505272223552164e-10,-1.354909704819864e-13,1.435914725260883e-10,-1.252505356595446e-07,3.0195184646115264e-10,-1.2696884952788254e-07,-3.191522487203415e-11,-9.707833575221596e-11,-1.4134817380113008e-12,7.363069111541714e-12,7.363069111541714e-12,-9.707833585145209e-11,-3.816395241479805e-11,-4.78783251243529e-12,-5.7377102655616914e-12,-5.6754844854637176e-11,-5.804025577894759e-11,-6.622876595037714e-11,3.0505272223552164e-10
-1.2768800817699261e-06,-6.62287659552239e-11,-1.2336969995138605e-12,3.0505272253328986e-10,-1.0340399971568776e-10,1.435914729044526e-10,3.0505272253328986e-10,-4.787832887356869e-12,-3.1915224348752414e-11,-1.014066995082714e-10,1.0724203961574555e-12,7.363068787441313e-12,2.321592361439684e-07,-1.0864971187387725e-10,-1.2696884952788603e-07,-6.149376234280194e-06,3.0505272253328986e-10,-1.354909704819864e-13,1.4359147230555392e-10,-1.252505356595488e-07,3.019518467513407e-10,-1.2696884952788757e-07,-3.1915224348752414e-11,-9.707833574881041e-11,-1.4134812916781098e-12,7.363069111541714e-12,7.363069111541714e-12,-9.707833585145209e-11,-3.8163952222376044e-11,-4.78783284412536e-12,-5.737710472834932e-12,-5.675484464597843e-11,-5.804025577894759e-11,-6.62287659552239e-11,3.0505272253328986e-10
1.0000044910533226,2.77893325970621e-10,-4.475474925820318e-11,1.000029385142975,5.132430068019635e-10,0.5000164866931329,1.0000293851429745,-6.3730166870586425e-12,1.7377993529168042e-10,4.869320643609975e-10,5.704181597649423e-11,-7.29753845387884e-12,1.0000340451744651,5.007294141097868e-10,3.0505272223552164e-10,3.0505272253328986e-10,1.00002336273684,2.7476688557406412e-11,0.500016486693131,2.893238760060543e-10,1.0000296327091027,3.050527222043051e-10,1.7377993400620804e-10,5.194652525827292e-10,1.2121821945440135e-12,-7.29753847549508e-12,-7.297538667592446e-12,5.194652523082479e-10,1.571906672380615e-10,-6.373016700839781e-12,3.1406060888983313e-11,2.916860661301752e-10,2.9814294420292153e-10,2.778933262409483e-10,1.0000293851429738
-1.4553357319274674e-06,-1.401643955967583e-13,-2.9806470028112788e-15,2.7476688223477182e-11,-2.1861110203477984e-13,1.3719397147032716e-11,2.7476688223477182e-11,-1.0475109554936404e-14,-6.77173078575423e-14,-2.144010446244198e-13,1.8390558155629567e-15,1.519085915163324e-14,5.370519161886773e-08,-2.2969733243399666e-13,-1.354909704819864e-13,-1.354909704819864e-13,2.7476688557406412e-11,-6.022412517269145e-06,1.37193970629359e-11,-1.3366570726997127e-13,2.7470090563849167e-11,-1.3549059585377806e-13,-6.77173078575423e-14,-2.0524761852388974e-13,-3.3448569144147905e-15,1.5190570390960753e-14,1.5190100428593024e-14,-2.0524778003092333e-13,-1.6049042423240326e-10,-1.047503176098555e-14,-1.2468537218414973e-14,-1.2014703647582318e-13,-1.2285982027099016e-13,-1.4016426899349533e-13,2.7476688592502813e-11
0.5000032330497541,1.2970353146747852e-10,-2.2549721346135084e-11,0.5000164866931317,2.4219024089646314e-10,2.9855635459847616e-09,0.500016486693131,-3.854836885496046e-12,8.243578714891631e-11,2.293134857244898e-10,2.867055403931859e-11,-2.621207492885545e-12,0.5000187646775739,2.3520127882495115e-10,1.435914725260883e-10,1.4359147230555392e-10,0.500016486693131,1.37193970629359e-11,0.5000063321338255,1.3584794771419688e-10,0.5000166096182727,1.4359147232282415e-10,8.243578590620876e-11,2.461842430549313e-10,4.087302952575047e-13,-2.621207759673776e-12,-2.6212077870365937e-12,2.4618424359973745e-10,7.326898891848342e-11,-3.85483690065199e-12,1.4902191701508978e-11,1.379221978290349e-10,1.4097124418473383e-10,1.2970353197335431e-10,0.5000164866931305
-1.3030288618638212e-06,-6.533246824453887e-11,-1.2170091947719443e-12,2.8932387636035547e-10,-1.0200459131034353e-10,1.358479477816733e-10,2.8932387619672493e-10,-4.723045287489305e-12,-3.1483309314923196e-11,-1.9839312073063332e-07,1.0578963670117273e-12,7.2634123052470956e-12,2.0600979601181908e-07,-1.0717931092253717e-10,-1.252505356595446e-07,-1.252505356595488e-07,2.893238760060543e-10,-1.3366570726997127e-13,1.3584794771419688e-10,-6.14596296216123e-06,2.8626496323457085e-10,-1.2525053565954585e-07,-3.1483309383010726e-11,-9.576453599139733e-11,-1.394360818618428e-12,7.263412292313122e-12,7.263412292313122e-12,-9.576453568478059e-11,-3.7647469738227535e-11,-4.723045262642287e-12,-5.660067945343047e-12,-5.598676275864555e-11,-5.725477752884232e-11,-6.533246824453887e-11,2.8932387636035547e-10
1.0000047205547822,2.7468548825342207e-10,-4.481455692022634e-11,1.0000296327091043,5.082346019133532e-10,0.5000166096182751,1.0000296327091036,-6.604962699551186e-12,1.7223408663427972e-10,4.820203945330346e-10,1.132359540636081e-07,-6.940944403957539e-12,1.00003427468173,4.954669239990562e-10,3.0195184646115264e-10,3.019518467513407e-10,1.0000296327091027,2.7470090563849167e-11,0.5000166096182727,2.8626496323457085e-10,1.000023857571013,3.019518469636693e-10,1.7223408567337779e-10,5.147632391145637e-10,1.1436777591006112e-12,-6.940943711025897e-12,-6.9409441863481e-12,5.147632392951177e-10,1.5534215022771521e-10,-6.604963515391521e-12,3.112811446896153e-11,2.889371112644694e-10,2.953317308308905e-10,2.746854886498092e-10,1.0000296327091023
-1.2768800817699238e-06,-6.622876595037714e-11,-1.2336972011574746e-12,3.050527222043097e-10,-1.0340399975175265e-10,1.435914730920128e-10,3.050527222043097e-10,-4.787832887356869e-12,-3.1915224876452705e-11,-1.014066996015234e-10,1.0724205653918567e-12,7.363068629411265e-12,2.321592365595779e-07,-1.0864971201681066e-10,-1.2696884952788254e-07,-1.2696884952788757e-07,3.050527222043051e-10,-1.3549059585377806e-13,1.4359147232282415e-10,-1.2525053565954585e-07,3.019518469636693e-10,-6.149376234280194e-06,-3.1915224348752414e-11,-9.707833539080598e-11,-1.4134812916781098e-12,7.363069111541714e-12,7.363068646844471e-12,-9.707833596075343e-11,-3.816395250024555e-11,-4.787832887356869e-12,-5.7377102655616914e-12,-5.675484464597843e-11,-5.804025595167303e-11,-6.622876606126036e-11,3.050527221980114e-10
-1.3502549832837582e-06,-3.301603902693018e-11,-6.152003542401917e-13,1.7377993417741124e-10,-5.1548339472746764e-11,8.243578678569165e-11,1.7377993417741124e-10,-2.386976521363883e-12,-3.1554123143095545e-08,-5.055266352385642e-11,5.344046807004698e-13,3.670406914273185e-12,1.5878561042398914e-07,-5.416339899322688e-11,-3.191522487203415e-11,-3.1915224348752414e-11,1.7377993400620804e-10,-6.77173078575423e-14,8.243578590620876e-11,-3.1483309383010726e-11,1.7223408567337779e-10,-3.1915224348752414e-11,-6.053964415514548e-06,-4.839491241245945e-11,-7.048170615408246e-13,3.670406496479486e-12,3.670406914273185e-12,-4.839491260621731e-11,-3.773209950798043e-08,-2.386976521363883e-12,-2.860496437584561e-12,-2.8293162330502062e-11,-2.893395493392659e-11,-3.301603896849001e-11,1.7377993377309063e-10
-1.0441630493440241e-06,-1.0042674469932379e-10,-1.8705169656557327e-12,5.194652526606962e-10,-3.109696466107922e-07,2.461842447339381e-10,5.194652522503792e-10,-7.25988523549408e-12,-4.8394912397229073e-11,-3.049630982621915e-07,1.6264286042013836e-12,1.1165302142339262e-11,4.6487950848807746e-07,-3.2674522797367526e-07,-9.707833575221596e-11,-9.707833574881041e-11,5.194652525827292e-10,-2.0524761852388974e-13,2.461842430549313e-10,-9.576453599139733e-11,5.147632391145637e-10,-9.707833539080598e-11,-4.839491241245945e-11,-6.31434864680893e-06,-2.143142674676696e-12,1.1165302287139989e-11,1.1165302373844413e-11,-2.919462917478253e-07,-5.7870255236189024e-11,-7.25988523549408e-12,-8.700251485165488e-12,-8.6060833504258e-11,-8.800998572550639e-11,-1.0042674449130976e-10,5.194652526609223e-10
-1.5148681376844315e-06,-1.4622342288208595e-12,-5.475785050305964e-11,1.212182418837761e-12,-2.2827794500185285e-12,4.087304826995151e-13,1.2121823973957113e-12,-1.060533119759686e-13,-7.048170615408246e-13,-2.2386982995819914e-12,2.3242323051178376e-14,1.6216917700826425e-13,-5.829069544337085e-09,-2.3985798176035044e-12,-1.4134817380113008e-12,-1.4134812916781098e-12,1.2121821945440135e-12,-3.3448569144147905e-15,4.087302952575047e-13,-1.394360818618428e-12,1.1436777591006112e-12,-1.4134812916781098e-12,-7.048170615408246e-13,-2.143142674676696e-12,-6.022473856733115e-06,1.6216960438041056e-13,1.6216978464906647e-13,-2.1431424972000154e-12,-8.427585297047948e-13,-1.0605354201296271e-13,-1.2700875897829843e-13,-1.2530991194161618e-12,-1.2814711628303163e-12,-1.4622342288208595e-12,1.2121825877025048e-12
-1.4806324848605287e-06,7.61703419426984e-12,1.4147470948920072e-13,-7.297538032143868e-12,1.1892850424754884e-11,-2.621207214499832e-12,-7.297538032143868e-12,5.502697213161335e-13,3.670407045119051e-12,1.1663120168734295e-11,-1.238251201045088e-13,-8.472737122139198e-13,2.8408501902376634e-08,1.249618255331601e-11,7.363069111541714e-12,7.363069111541714e-12,-7.29753847549508e-12,1.5190570390960753e-14,-2.621207759673776e-12,7.263412292313122e-12,-6.940943711025897e-12,7.363069111541714e-12,3.670406496479486e-12,1.1165302287139989e-11,1.6216960438041056e-13,-6.024091561808908e-06,-8.472739110204047e-13,1.116530197440839e-11,4.389100844669834e-12,5.50270151448317e-13,6.59533998646981e-13,6.527391434717635e-12,6.6752369544515646e-12,7.61703419426984e-12,-7.297538241210156e-12
-1.4806324848604793e-06,7.61703419426984e-12,1.4147498596874745e-13,-7.297538345795768e-12,1.1892850397763481e-11,-2.6212078037614078e-12,-7.297538874883356e-12,5.50270151448317e-13,3.670407045119051e-12,1.1663120167395923e-11,-1.2382457096621465e-13,-8.472737122139198e-13,2.8408500963630823e-08,1.249618255331601e-11,7.363069111541714e-12,7.363069111541714e-12,-7.297538667592446e-12,1.5190100428593024e-14,-2.6212077870365937e-12,7.263412292313122e-12,-6.9409441863481e-12,7.363068646844471e-12,3.670406914273185e-12,1.1165302373844413e-11,1.6216978464906647e-13,-8.472739110204047e-13,-6.024091561808908e-06,1.1165301926942312e-11,4.389100844669834e-12,5.50270151448317e-13,6.595346623091433e-13,6.527392249642634e-12,6.675236694464523e-12,7.617034512837159e-12,-7.297538345795768e-12
-1.0441630493408533e-06,-1.0042674451517379e-10,-1.8705169248988124e-12,5.194652526162866e-10,-3.1096964661079014e-07,2.461842442365718e-10,5.194652523082479e-10,-7.259885362848743e-12,-4.8394912397229073e-11,-3.0496309826219557e-07,1.6264286042013836e-12,1.116530197440839e-11,4.6487950838523374e-07,-3.2674522797367124e-07,-9.707833585145209e-11,-9.707833585145209e-11,5.194652523082479e-10,-2.0524778003092333e-13,2.4618424359973745e-10,-9.576453568478059e-11,5.147632392951177e-10,-9.707833596075343e-11,-4.839491260621731e-11,-2.919462917478253e-07,-2.1431424972000154e-12,1.116530197440839e-11,1.1165301926942312e-11,-6.31434864680893e-06,-5.787025558418077e-11,-7.2598854738798976e-12,-8.70025173898458e-12,-8.606083356389843e-11,-8.800998572550639e-11,-1.0042674449130976e-10,5.194652526162866e-10
-1.419547305736373e-06,-3.9480294216764325e-11,-7.355909286295894e-13,1.571906673202849e-10,-6.164109944063538e-11,7.32689891212146e-11,1.571906673202849e-10,-2.8542713398248352e-12,-3.773209950797758e-08,-6.045047512830208e-11,6.391013402794309e-13,4.389101064451038e-12,8.949064595327294e-08,-6.476816401120451e-11,-3.816395241479805e-11,-3.8163952222376044e-11,1.571906672380615e-10,-1.6049042423240326e-10,7.326898891848342e-11,-3.7647469738227535e-11,1.5534215022771521e-10,-3.816395250024555e-11,-3.773209950798043e-08,-5.7870255236189024e-11,-8.427585297047948e-13,4.389100844669834e-12,4.389100844669834e-12,-5.787025558418077e-11,-6.067529547823637e-06,-2.8542717856188103e-12,-3.4205073664685408e-12,-3.3832717137659946e-11,-3.459897341555751e-11,-3.9480294216764325e-11,1.571906673202849e-10
-1.5495631409186234e-06,-4.952972223150404e-12,-9.262260637104267e-14,-6.373016840429301e-12,-7.732930915607264e-12,-3.8548373922726975e-12,-6.373016716918317e-12,-7.10788905522147e-10,-2.3869764373950332e-12,-7.58357723867925e-12,7.978120186395791e-14,5.5026977922734e-13,-4.052543539655782e-08,-1.6114344830820768e-08,-4.78783251243529e-12,-4.78783284412536e-12,-6.373016700839781e-12,-1.047503176098555e-14,-3.85483690065199e-12,-4.723045262642287e-12,-6.604963515391521e-12,-4.787832887356869e-12,-2.386976521363883e-12,-7.25988523549408e-12,-1.0605354201296271e-13,5.50270151448317e-13,5.50270151448317e-13,-7.2598854738798976e-12,-2.8542717856188103e-12,-6.023122027298061e-06,-4.294179123787825e-13,-4.244491868783236e-12,-4.340615005580657e-12,-4.952972292682792e-12,-6.37301623334464e-12
-1.480168835825322e-06,-1.1771810376430935e-08,-1.1091148878633805e-13,3.140606068517979e-11,-9.267153517294389e-12,1.4902191905986965e-11,3.140606068517979e-11,-4.294179161638996e-13,-2.8604964673961565e-12,-9.088165408593457e-12,9.571340337229335e-14,6.595346623091433e-13,2.887076945557999e-08,-9.737274529908795e-12,-5.7377102655616914e-12,-5.737710472834932e-12,3.1406060888983313e-11,-1.2468537218414973e-14,1.4902191701508978e-11,-5.660067945343047e-12,3.112811446896153e-11,-5.7377102655616914e-12,-2.860496437584561e-12,-8.700251485165488e-12,-1.2700875897829843e-13,6.59533998646981e-13,6.595346623091433e-13,-8.70025173898458e-12,-3.4205073664685408e-12,-4.294179123787825e-13,-6.023431673643117e-06,-5.0865650872986455e-12,-5.201760638173828e-12,-1.177181037643014e-08,3.140606057392198e-11
-1.261075693131341e-06,-1.1644144206487325e-07,-1.0937204613147923e-12,2.9168606667604535e-10,-9.166859248177878e-11,1.3792219869963434e-10,2.9168606600541746e-10,-4.244491868783236e-12,-2.8293162330502062e-11,-8.989796880591951e-11,9.506699381610116e-13,6.527391720363724e-12,2.479648465526258e-07,-9.631896481263882e-11,-5.6754844854637176e-11,-5.675484464597843e-11,2.916860661301752e-10,-1.2014703647582318e-13,1.379221978290349e-10,-5.598676275864555e-11,2.889371112644694e-10,-5.675484464597843e-11,-2.8293162330502062e-11,-8.6060833504258e-11,-1.2530991194161618e-12,6.527391434717635e-12,6.527392249642634e-12,-8.606083356389843e-11,-3.3832717137659946e-11,-4.244491868783236e-12,-5.0865650872986455e-12,-6.122192893446594e-06,-1.020446501575417e-07,-1.1644144206487356e-07,2.9168606609669446e-10
-1.2557559075896895e-06,-1.1907866426758e-07,-1.1184823320001981e-12,2.9814294446247566e-10,-9.374475246794782e-11,1.4097124452332566e-10,2.9814294447237546e-10,-4.340614910799638e-12,-2.8933954837038216e-11,-9.193402665410381e-11,9.72211603241788e-13,6.675237226757024e-12,2.5328465120936345e-07,-1.9535106695613372e-07,-5.804025577894759e-11,-5.804025577894759e-11,2.9814294420292153e-10,-1.2285982027099016e-13,1.4097124418473383e-10,-5.725477752884232e-11,2.953317308308905e-10,-5.804025595167303e-11,-2.893395493392659e-11,-8.800998572550639e-11,-1.2814711628303163e-12,6.6752369544515646e-12,6.675236694464523e-12,-8.800998572550639e-11,-3.459897341555751e-11,-4.340615005580657e-12,-5.201760638173828e-12,-1.020446501575417e-07,-6.1267638779931416e-06,-1.1907866426758136e-07,2.9814294418051243e-10
-1.3436045721127807e-06,-1.3587866852850367e-07,-1.2762471675601162e-12,2.778933263369675e-10,-1.0697059110685144e-10,1.2970353260660062e-10,2.778933260247142e-10,-4.952971923517765e-12,-3.301603896849001e-11,-1.0490439882252396e-10,1.1094105057218188e-12,7.617034092654167e-12,1.6543260036746547e-07,-1.1239723456877764e-10,-6.622876595037714e-11,-6.62287659552239e-11,2.778933262409483e-10,-1.4016426899349533e-13,1.2970353197335431e-10,-6.533246824453887e-11,2.746854886498092e-10,-6.622876606126036e-11,-3.301603896849001e-11,-1.0042674449130976e-10,-1.4622342288208595e-12,7.61703419426984e-12,7.617034512837159e-12,-1.0042674449130976e-10,-3.9480294216764325e-11,-4.952972292682792e-12,-1.177181037643014e-08,-1.1644144206487356e-07,-1.1907866426758136e-07,-6.158285780773315e-06,2.778933263369675e-10
1.0000044910533192,2.778933261951112e-10,-4.475474933008823e-11,1.000029385142975,5.13243007003059e-10,0.5000164866931334,1.0000293851429747,-6.373016873221642e-12,1.7377993484451524e-10,4.869320645110844e-10,5.704181597649423e-11,-7.29753847875581e-12,1.0000340451744658,5.007294143153011e-10,3.0505272223552164e-10,3.0505272253328986e-10,1.0000293851429738,2.7476688592502813e-11,0.5000164866931305,2.8932387636035547e-10,1.0000296327091023,3.050527221980114e-10,1.7377993377309063e-10,5.194652526609223e-10,1.2121825877025048e-12,-7.297538241210156e-12,-7.297538345795768e-12,5.194652526162866e-10,1.571906673202849e-10,-6.37301623334464e-12,3.140606057392198e-11,2.9168606609669446e-10,2.9814294418051243e-10,2.778933263369675e-10,1.0000233627368436
